"","l_Insular.Cortex","r_Insular.Cortex","l_Amygdal.Area","r_Amygdal.Area","l_Bed.Nucleus.of.the.Stria.Terminalis","r_Bed.Nucleus.of.the.Stria.Terminalis","l_Hippocampus","r_Hippocampus","l_Orbitofrontal.cortex","r_Orbitofrontal.cortex","l_Entorhinal.Cortex","r_Entorhinal.Cortex","l_Frontal.Association.Cortex","r_Frontal.Association.Cortex","l_Globus.Pallidus","r_Globus.Pallidus","l_Glomerular.Layer.of.the.Accessory.Olfactory.Bulb","r_Glomerular.Layer.of.the.Accessory.Olfactory.Bulb","l_Glomerular.Layer.of.the.Olfactory.Bulb","r_Glomerular.Layer.of.the.Olfactory.Bulb","l_Granule.Cell.Level.of.the.Cerebellum","r_Granule.Cell.Level.of.the.Cerebellum","l_Hypothalamic.Region","r_Hypothalamic.Region","l_Entorhinal.Cortex","r_Entorhinal.Cortex","l_Vermix.Molecular.Layer.of.the.Cerebellum","r_Vermix.Molecular.Layer.of.the.Cerebellum","l_Lateral.Molecular.Layer.of.the.Cerebellum","r_Lateral.Molecular.Layer.of.the.Cerebellum","l_Anterior.Olfactory.Bulb","r_Anterior.Olfactory.Bulb","l_Posterior.Olfactory.Bulb","r_Posterior.Olfactory.Bulb","l_Subiculum","r_Subiculum","l_Perirhinal.Area","r_Perirhinal.Area","l_PreLimbic.System","r_PreLimbic.System","l_Primary.Cingular.Cortex","r_Primary.Cingular.Cortex","l_Primary.Motor.Cortex","r_Primary.Motor.Cortex","l_Retrosplenial.Cortex","r_Retrosplenial.Cortex","l_Secondary.Cingular.Cortex","r_Secondary.Cingular.Cortex","l_Secondary.Motor.Cortex","r_Secondary.Motor.Cortex","l_Striatum","r_Striatum","l_Ventral.Tegmental.Area","r_Ventral.Tegmental.Area","l_Substantia.Nigra","r_Substantia.Nigra","l_Thalamus","r_Thalamus"
"1",1,-0.0367855104945021,0.178703110782598,-0.0623635551780433,-0.239254994616662,-0.116977188533629,0.0360650595533669,0.0040284612156685,0.133719734498585,-0.0178904065326334,0.0308676777987631,-0.162314250861713,-0.0679691555011415,-0.114475735535441,-0.131591536906428,-0.0733977216903975,-0.0994858765285681,0.0918379026232176,0.13292082082724,-0.0970742034347469,0.115395577711303,-0.0473430940180132,-0.0377472911633691,0.12757920874125,0.0219021454971921,0.251843896379108,-0.0705855268417936,0.0355236432853646,-0.0299594565428002,-0.0931935827132352,0.147014829730522,0.00474584235025579,0.103157021787377,-0.0578986439028491,0.184042605321584,0.164817243737568,0.114005849113672,0.0632597286392485,0.0914983698984677,0.0898985015263302,0.0317140463404021,0.100522665252525,-0.0851249637683092,0.00105228530889566,0.00763466416924119,-0.0426053179045674,0.039419557865372,0.0356704916697711,-0.0375735838517301,-0.019931388417632,-0.105547371441932,0.0188782769236221,-0.0873131691427985,-0.0512983175379956,0.020105520106371,-0.116320929170704,-0.0388334508938033,-0.0852706157541964
"2",-0.0367855104945021,1,-0.0713299237911085,0.0309676887913139,0.0616815641360705,0.371857482653379,-0.0688781084384573,-0.0155613232074751,0.0313021409591406,0.0701429061337677,-0.0144487753996892,0.0861554997538212,0.0416867702051646,0.00882456069726837,-0.0914838451674116,0.058260091859327,-0.0457788661515883,0.10201621876555,-0.106059552504353,-0.199858690389266,0.0473637676375109,0.0366592243055616,0.0843962169260516,-0.152110831561851,0.0911033295443533,-0.0382495628260789,-0.0127825905229898,0.085490505504394,-0.0893411808605988,-0.187013572068241,-0.188949284192463,-0.21676640475555,-0.0972794315320214,0.19332745524969,-0.104859661181254,-0.00063675144000106,0.0296958844204645,0.135239010582802,0.155091414632693,0.176849681688348,0.138310933420274,0.0273721917032369,0.19981153395255,-0.0807900190947044,0.101894394375082,0.099898091779108,0.262295771366554,0.054467074142523,0.012510338273009,0.0777712146687776,0.187213326818493,0.283722172436563,-0.121499352700959,-0.175806272027001,-0.00399365664362408,0.0155434249929323,-0.0647084834562355,0.116658902744275
"3",0.178703110782598,-0.0713299237911085,1,-0.296261110023558,-0.0357679108666034,-0.174170438933945,-0.0921653192712171,-0.253195149528688,-0.0146270319303824,-0.0231555171029249,0.0453376509324954,-0.0141615431105048,-0.0111861578428435,-0.0319543532214796,-0.0383297474547609,-0.0290230845012147,-0.0735761950720729,0.0445416405346045,-0.0162385536582464,-0.0848011270202456,0.0863105990398071,0.0455612734729611,-0.0111977792287385,-0.00794001311870505,0.148843475415797,-0.0809850059223602,0.101645614936116,-0.0113577429985953,-0.0350121122167106,-0.0389507720409332,0.0951797869535114,0.189815764220921,0.0059335251978444,-0.10921043513048,0.0455843167973494,-0.0762679539234477,-0.0349072332054561,-0.106981910951583,0.0555358083469346,-0.311278460539983,0.145222832401969,-0.00447857370408172,-0.193150728702251,-0.0188790482725028,-0.0806267492770687,-0.0985566319053712,0.0730964030913099,-0.0861181735295926,0.122205020925383,-0.117726535354952,-0.0630243225834083,-0.0197889611202163,-0.0207572751356558,-0.0820589447594779,-0.130120758992534,-0.0401107657005961,-0.0773852518225353,-0.0236012536456615
"4",-0.0623635551780433,0.0309676887913139,-0.296261110023558,1,-0.0435588083504963,0.0823881822552191,0.0177032257405915,-0.0154021607859297,-0.156793635033689,-0.0781250649039429,-0.0208364090289532,0.0458057188038851,0.0793570923191786,-0.054383294885392,0.221965782685628,0.192527261213642,0.0119630560523234,0.155890680348017,0.0314183422975769,-0.0823823189291381,-0.116615352380432,-0.0133947853241658,-0.0135223993743935,-0.167704743677298,-0.149125370216298,0.0366726442855927,0.160681577546428,0.0113179893950718,0.113966957749509,-0.0866761892198038,-0.0218312443833155,-0.135390158633245,0.0819610847765431,0.075502553203376,-0.225275620165733,-0.244442382956613,-0.0374428563147955,-0.0412297886193971,0.0283313593161166,0.153213848885337,-0.146127500598284,0.061096068987497,0.119883269081041,0.128372904073438,0.0226556637321696,-0.133039139950011,0.0929469962151951,0.0549330297945714,0.0414213477751351,-0.0390911028457903,0.186360600436712,0.0531776230686373,0.0760805751495669,0.0800752840562657,-0.0108175714316088,-0.156970340776221,-0.0526438120984184,0.0672580634686322
"5",-0.239254994616662,0.0616815641360705,-0.0357679108666034,-0.0435588083504963,1,0.063056833645885,-0.115370423420169,-0.139177517819347,-0.0118433406390768,-0.0535614968430487,-0.0104889032440581,-5.31718687825915e-05,-0.0469306166719756,-0.0963371499279144,-0.00572290438653627,0.0491339136186058,-0.196884935048285,-0.250885495084883,0.00526958183548384,-0.00427824154476526,0.0696258055067011,0.106259177336366,0.125620446182831,0.0861728324385898,-0.0837070079431986,-0.0477614637852887,0.0227175945940344,0.0838328313021761,0.235674723279054,-0.0409468172074778,0.00850207909191043,-0.151575268913973,0.0585385174481756,-0.0734555462842258,-0.123352553587506,-0.0833603045277348,0.246212832401771,-0.125180137542231,0.0236542818954219,-0.0331282564427559,-0.0673953212014785,0.147920095300455,0.114002822397004,0.0438701623743792,-0.0248359278498471,-0.0778080280463691,-0.0512547304293744,-0.0590526509139279,-0.0472639799684262,0.0162088443459208,0.0311438910914296,0.0867057099737318,-0.0404736444139105,-0.149771715210234,0.040739680298501,-0.0419719861213153,0.0894407246933878,-0.0973860399023249
"6",-0.116977188533629,0.371857482653379,-0.174170438933945,0.0823881822552191,0.063056833645885,1,0.168403654047663,0.0138962937933484,-0.00642899755313839,0.0980630687983643,-0.16895753886755,0.0792203157924598,0.0815903409904632,0.0872490809875723,-0.0279653771964655,-0.00929824895239806,0.126174464150576,0.227198831976653,-0.113562518908645,-0.146971300742848,-0.00752460934749306,-0.00644262136645098,-0.0563419688592856,0.0318095562769396,0.0866389634135746,0.0301492520863298,-0.119546606231751,0.14369345756796,-0.148536457535172,-0.178929367173966,-0.110022465254579,-0.17629650660795,0.0166053343842033,0.0206151099459491,0.0023613759569188,0.0485871253795496,0.106965351276878,0.244409258282955,-0.0114007531372389,0.121895911724486,0.077663250424401,-0.0748371073499919,0.106228456607092,0.102551461404716,0.0300007315156017,-0.0369056973319785,0.136672781538593,0.0356429833222905,0.144563962284069,0.0940803818095088,0.0221981436183703,0.262771570465647,-0.121673429014927,-0.0886917961337488,0.211863101776152,0.111655958823776,-0.0198263733443473,0.220451021636014
"7",0.0360650595533669,-0.0688781084384573,-0.0921653192712171,0.0177032257405915,-0.115370423420169,0.168403654047663,1,0.162363022567335,0.153420213907479,0.212163761495119,-0.231271113035065,-0.0587209093868472,0.0523972097690324,-0.107016326905163,0.155671354129089,0.0256320372088985,0.157559567820951,-0.144000129334801,-0.29467757172768,0.0546750879496949,0.197883819815736,-0.104822938635383,0.0392489295185366,-0.014312691165156,0.13552002979685,0.187361519685049,-0.0283392527896336,0.247906216910774,0.0234989350742573,0.15200775917081,-0.144932320332935,-0.144939210921943,-0.0039745784689475,-0.0855574896493857,0.170745139587597,-0.0774721203642514,0.0688253375298773,0.0584462403652213,-0.0204165764124978,0.151344015005633,-0.0476393439797158,0.080073879196129,-0.0315699434655757,-0.00248232795074654,0.199433591015576,-0.0232597902749212,0.113552217305413,-0.0181860564360511,-0.00776753737769127,-0.187596438907377,-0.00642749188648227,-0.00880388639086534,0.161659098831828,-0.0379038724302148,0.074232752080697,0.0643831621385104,-0.0667979579374443,0.116912738716445
"8",0.0040284612156685,-0.0155613232074751,-0.253195149528688,-0.0154021607859297,-0.139177517819347,0.0138962937933484,0.162363022567335,1,0.0729007672985918,-0.0688594568354776,-0.191808569878563,0.0660292108617264,0.0905941169641246,0.127793907332332,-0.036346561137931,-0.11023229495452,-0.0486567736288696,-0.0336060728870518,-0.0252354996670718,0.0807487099263417,-0.0503809969109674,0.00263727741128079,0.209200537673429,-0.0849272026459875,0.121375930882794,0.240282474805593,-0.124437082721249,0.068989252356979,-0.164828302673085,0.124594550362646,0.0379090050244415,-0.0871656690323909,-0.0170273153920426,0.105663669510836,-0.00724906792610723,0.180912678315254,-0.0514089115445573,0.07532797840262,-0.157245063121211,0.0266193693070025,0.0520681788164059,0.135077108498451,-0.0487346597701139,-0.0540720686003668,0.209207970464714,0.217938440885347,-0.143397431838994,-0.116941019901834,-0.112228725985843,0.163042816732246,-0.190639382139845,-0.140664335161297,0.0659860569004203,-0.071966720198895,0.0310708228618384,0.187491960051975,0.122951773140588,0.163387663358304
"9",0.133719734498585,0.0313021409591406,-0.0146270319303824,-0.156793635033689,-0.0118433406390768,-0.00642899755313839,0.153420213907479,0.0729007672985918,1,0.188513702007724,-0.0926762768810115,-0.0790945847407863,0.0523805922543304,-0.120926836055401,0.031595740060537,0.080418381773803,0.0720584785822888,-0.143786633891423,-0.0697462478192521,0.0270217412874543,-0.0116296828819323,-0.0638489875479882,-0.155102000805776,0.0165308585867572,0.065561858115445,0.109565892872446,-0.224021078803561,0.183710224231895,-0.204910097721852,-0.0575842060151461,-0.0162876552778234,-0.04334101050299,-0.0154383964482661,0.0100108931554934,0.170307768538019,0.176700773296129,0.198885372206332,0.0571858554289732,0.0232284518978281,0.088552639194366,0.0572724552494205,0.0710073991085547,-0.0969427056280313,0.0278260728454351,0.17641483481492,-0.0348504555851499,0.00561249564408397,0.120945501053337,0.0599429774985544,-0.147057099764257,-0.219124416095183,-0.0928161275083926,-0.0847402272209648,-0.0354972204633339,-0.0448909079784438,0.00688217479718305,-0.0495151283078045,0.0363862778993736
"10",-0.0178904065326334,0.0701429061337677,-0.0231555171029249,-0.0781250649039429,-0.0535614968430487,0.0980630687983643,0.212163761495119,-0.0688594568354776,0.188513702007724,1,-0.0802026867645605,-0.172364019758713,0.153037787886807,0.10484503341963,-0.053510700626363,0.0417761504354003,0.116462179566217,0.141059347840415,-0.0174734894436464,-0.0954961861963462,0.0829854159101217,-0.121930638609654,-0.264714640337144,-0.0778162848668792,-0.0414751994744814,-0.00084888912810675,-0.200171889171092,0.168687832995423,-0.0519202370222633,0.166706898739827,0.0730088318581888,-0.130888297332849,-0.0359973637829107,-0.0802221062815873,0.162484247610027,0.0871797273199757,0.0822095050134511,0.0168621075104216,0.0249573700845568,-0.0156439713561865,0.0999004015870504,0.04439136854574,0.139847693467515,-0.028749420986614,0.0568500739544781,0.0588118156999407,-0.026134455212487,-0.0224820564247504,0.394021767318732,0.111637333594869,-0.00548321934477034,-0.0343366543221775,-0.140356302589496,-0.0511389172459559,-0.0739025400327715,-0.0305377913586335,-0.0786745179429282,-0.00550392557664311
"11",0.0308676777987631,-0.0144487753996892,0.0453376509324954,-0.0208364090289532,-0.0104889032440581,-0.16895753886755,-0.231271113035065,-0.191808569878563,-0.0926762768810115,-0.0802026867645605,1,-0.00096868533710472,0.148883996564637,-0.0454384570309158,0.0712083750431673,-0.189080855869567,-0.0263522717648796,-0.0273346912582305,0.062575335100482,0.0123154882016998,-0.116390772200714,0.0736296698937221,-0.0144727000511461,0.0157914981639105,0.0285262779977334,-0.022069842047196,0.0474772159171944,-0.244789601686518,0.065713234036112,-0.127388257162492,0.09036947261637,0.115326355325633,-0.0456779563050967,0.0283841579821207,0.0544840836568182,-0.0669322358660697,0.0593286929141786,-0.0203174880146273,0.0151832541836298,0.0225118697998945,0.0668418840753929,0.0025041130681525,0.0134356545652971,-0.258151535360259,-0.237925745286394,0.0763401887741904,-0.0672231979601489,0.0209564022848521,0.160596830502656,-0.0472992232156693,0.049471258333597,-0.202956181906199,-0.122465303438242,-0.0399405061523267,-0.0994767887080945,-0.0766510836340159,-0.0880850786615945,-0.204256376586642
"12",-0.162314250861713,0.0861554997538212,-0.0141615431105048,0.0458057188038851,-5.31718687825915e-05,0.0792203157924599,-0.0587209093868472,0.0660292108617264,-0.0790945847407863,-0.172364019758713,-0.00096868533710472,1,-0.0154997544299589,-0.127297922383797,-0.028451736607873,0.163284172588273,-0.180456830840012,-0.131758239105701,-0.0472606187083893,0.0507918798894361,-0.0845441356150296,0.172743464478554,-0.0826857840546691,-0.175306640973202,0.0619547818067681,-0.188723738917824,0.226045820804743,-0.112401916200082,0.187177526787375,-0.0174957424246747,-0.332353759557613,0.0238603119457119,-0.13033633838355,0.228061123162467,-0.141647039103154,-0.15858119596432,-0.081857197713526,0.0118871337017722,-0.0353385554757765,-0.0321739436214717,-0.214749123766826,-0.0372123585357406,0.0110767266342752,-0.0817101892050755,0.0252667257142863,-0.297974727171204,-0.162898446446143,-0.0720941242158833,-0.227478604281773,-0.105043538156977,0.115763921153217,-0.0123345156558911,-0.28241004387393,-0.301311923220608,-0.00561567316771148,-0.103610810106813,-0.0467369596446476,-0.113160740852696
"13",-0.0679691555011415,0.0416867702051646,-0.0111861578428435,0.0793570923191786,-0.0469306166719756,0.0815903409904632,0.0523972097690324,0.0905941169641246,0.0523805922543304,0.153037787886807,0.148883996564637,-0.0154997544299589,1,0.127334237770342,0.0114286494651703,-0.0849114183993315,0.255314997525684,0.0933188867306709,0.0739262295623373,-0.145092782793653,-0.0526935903059291,0.0441692371714284,0.0508196806726397,-0.00575473165922385,0.0802179030437603,0.0709509907031135,-0.0663454514185944,-0.102092173011685,0.00465148066000206,0.00808482209348127,0.132203382678178,-0.00277154319890887,0.0112763647640371,-0.0685058196214181,-0.00986158259549604,0.0687645305013704,0.0649547240342369,-0.051079736126543,0.163262269317739,-0.0993251696760758,0.11613049851914,0.0686705545301017,-0.0680251535791398,0.110509135873032,0.125895082829154,0.106828860054407,0.0144456782425408,-0.0391741045725996,0.581996589185073,0.236188929439384,0.0733734385669946,0.037846283939741,-0.139217283027404,0.147236052062371,-0.0141974602683294,0.049854227236426,0.00327069786157348,0.0245199437611938
"14",-0.114475735535441,0.00882456069726837,-0.0319543532214796,-0.054383294885392,-0.0963371499279144,0.0872490809875723,-0.107016326905163,0.127793907332332,-0.120926836055401,0.10484503341963,-0.0454384570309158,-0.127297922383797,0.127334237770342,1,-0.250306952032104,0.0377733182595848,0.00573210998527437,0.345292461478137,-0.00220257196771099,0.0271650367424002,0.0759633570626598,0.0600391944864818,0.2021736155104,-0.00011942053368333,-0.05626240267429,-0.06095522773963,-0.0222046043014581,-0.153998700658135,-0.123280922579587,0.0167211363500719,0.136583423559464,0.177148534001542,0.142624391779756,0.134463033153393,-0.135006651436148,0.185668069579648,-0.111330382903229,0.105282963776226,-0.0450212997261795,0.00832768420073449,0.0168801381845727,-0.0055729056181549,0.193641039432308,0.0430565483248321,-0.201361534922689,0.0907846365849221,-0.2552948055205,-0.0673398353671431,0.162432848572604,0.759650618647594,0.148025073549613,0.0878681490229495,-0.0444525977413648,-0.0832347752351471,0.0708155218589051,0.010359591605639,0.0413744739803397,0.0689554844123889
"15",-0.131591536906428,-0.0914838451674116,-0.0383297474547609,0.221965782685628,-0.00572290438653627,-0.0279653771964655,0.155671354129089,-0.036346561137931,0.031595740060537,-0.053510700626363,0.0712083750431673,-0.028451736607873,0.0114286494651703,-0.250306952032104,1,-0.13884628012689,0.0759132552879244,-0.103517516821078,-0.221912728211953,-0.0362329813502977,-0.157699016924142,-0.0018721090678991,0.243854521390973,-0.0728272155218362,0.0462682884579292,-0.0763194991571663,-0.0414931580015239,0.22279046905972,0.0156589483875303,-0.0868511157537828,-0.05271884106283,-0.0507951394894495,0.0701194890614347,0.0412493630587212,-0.0189743589194287,-0.170792084647802,0.0999969473227253,0.0893739455209667,-0.0034795258084491,-0.0911173457571411,-0.0519258427687943,-0.0107402760701503,-0.0609060875562849,-0.0508749544311474,0.159463566596243,0.0717991768202704,0.119381304757839,0.169756734001685,-0.0245119480679233,-0.311911140873817,0.126786160915889,-0.123101688762824,0.20044415002088,0.188510380322497,-0.0445490907742794,0.0511044145309975,0.142554100902418,0.148345800909047
"16",-0.0733977216903975,0.058260091859327,-0.0290230845012147,0.192527261213642,0.0491339136186058,-0.00929824895239806,0.0256320372088985,-0.11023229495452,0.080418381773803,0.0417761504354003,-0.189080855869567,0.163284172588274,-0.0849114183993315,0.0377733182595848,-0.13884628012689,1,-0.0409353298067787,-0.112340811846009,0.023779920417858,-0.00697501090400832,-0.0123192032148041,-0.0653237616624952,-0.00432556329637664,-0.00968379603143449,-0.0679763845537401,-0.081353779214029,0.242034267881566,0.0484855284418418,-0.0238486375905524,-0.0887359084504182,-0.0123758639136335,-0.0403063499597273,0.12326909088211,0.0286558931481569,-0.0772597187348054,0.0799606307366758,-0.13907648397931,-0.0252964131022741,0.0908039423541506,0.132769108019904,-0.0419967880626241,0.219158910997049,-0.0701559606071968,0.0415706545764769,0.033637023495459,-0.184987635565322,0.0808604548063202,0.0706088261329469,-0.0562725655322193,0.132188775120284,0.240573348226947,0.149089734062825,-0.131949572704356,-0.125411924400797,-0.0724460375163733,-0.0933818482257938,0.0251354431196024,-0.0122893821275379
"17",-0.0994858765285681,-0.0457788661515883,-0.0735761950720729,0.0119630560523234,-0.196884935048285,0.126174464150576,0.157559567820951,-0.0486567736288696,0.0720584785822888,0.116462179566217,-0.0263522717648796,-0.180456830840012,0.255314997525684,0.00573210998527437,0.0759132552879244,-0.0409353298067787,1,0.0838901230173195,0.0414416425151177,0.0570142959008065,0.0139781705821771,-0.0503549457808753,-0.16011616814854,0.0633918616815799,-0.129287055854283,0.0161566329998134,0.0466069382792193,0.163938045630959,-0.0567540276739998,0.0574159776509964,0.109270427429016,0.0715988897191347,0.0638312463333967,0.0619068579412234,0.120812257773801,0.0354473108900903,-0.205601785208179,0.00028143093712057,0.192578768576682,0.0902565533224279,0.212765421164923,-0.11574902357335,0.00014191248434912,0.0055332710883548,0.0631920140456205,-0.00478515297666312,0.0962222045595775,0.168880459789857,0.363183995206346,-0.0505267022642742,0.0822633820780623,-0.0705814156426464,0.031958259080879,0.289310023290746,0.101214196762401,0.137065577872237,0.00323095009033075,-0.0463975329054158
"18",0.0918379026232176,0.10201621876555,0.0445416405346045,0.155890680348017,-0.250885495084883,0.227198831976653,-0.144000129334801,-0.0336060728870518,-0.143786633891423,0.141059347840415,-0.0273346912582305,-0.131758239105701,0.0933188867306709,0.345292461478137,-0.103517516821078,-0.112340811846009,0.0838901230173195,1,-0.12203210049739,-0.137673877016976,0.00253396198917022,-0.0891952828769803,-0.0938800850854672,-0.259362864576384,-0.0263622069701385,0.0717148436012036,-0.137632654837873,0.0064468975677736,-0.123589600444975,-0.0988658123791358,-0.0232987106769743,0.121888626942868,-0.176075509514402,-0.0940130746518964,-0.109310658271864,0.116707199315399,-0.188786126807803,-0.0294884753197349,-0.00421260503027201,-0.00195185333235996,0.135126163153343,-0.12234006271048,0.124314333899902,-0.0276656843829171,-0.0524595900683983,0.0717664160435775,0.0223732821733888,-0.102767204353624,0.158308917279926,0.328652326558924,-0.035749870806928,0.00248127474402078,-0.0697047933675321,0.0260456864627872,0.0157204678662453,-0.0386685591082686,-0.0158648437658937,0.0172455508853987
"19",0.13292082082724,-0.106059552504353,-0.0162385536582464,0.0314183422975769,0.00526958183548384,-0.113562518908645,-0.29467757172768,-0.0252354996670718,-0.0697462478192521,-0.0174734894436464,0.062575335100482,-0.0472606187083893,0.0739262295623373,-0.00220257196771099,-0.221912728211953,0.023779920417858,0.0414416425151177,-0.12203210049739,1,0.271890814416253,-0.148465825027415,0.205676100400338,-0.0895790941293919,0.0608799853308451,-0.0943440894868121,-0.00112490098395695,-0.104875987036771,-0.162050045152778,-0.117795859636283,0.0961464307213874,0.388112295926744,0.285357022697548,0.238586251859534,-0.0854471781700069,0.0145251914483461,0.114853046789819,-0.0972890680977819,0.0182445053981437,0.0573964008658601,0.0855740609423403,0.0504137769657558,0.0836415798508493,-0.0577184117647653,0.235154475401357,0.0268899112006102,0.107064949964932,-0.0224501530720283,-0.0119390982805472,-0.00933634731069545,0.0216513077315483,-0.0415327835733094,0.12182693891602,-0.152799975656488,0.152251570318059,0.0747877405683837,0.121010229618062,0.0795186276914696,0.0878506956578746
"20",-0.0970742034347469,-0.199858690389266,-0.0848011270202456,-0.0823823189291381,-0.00427824154476526,-0.146971300742848,0.0546750879496949,0.0807487099263417,0.0270217412874543,-0.0954961861963462,0.0123154882016998,0.0507918798894361,-0.145092782793653,0.0271650367424002,-0.0362329813502977,-0.00697501090400832,0.0570142959008065,-0.137673877016976,0.271890814416253,1,-0.100799216572163,-0.13393433433706,-0.0323449262560864,0.127519909310304,0.0578888524812427,0.0767802363393748,0.0110736802124952,-0.0234286050683549,-0.141134596685136,0.0462635218384719,0.11397540947104,0.421967499574614,0.0443217836220079,-0.139847397407765,-0.0556634725432703,-0.144567886173639,-0.121909739275649,-0.0376146839027471,0.033420771572081,0.233391672985567,0.0577924836072886,0.139350718758292,0.189560815091039,0.229286402646216,0.0217106809877283,0.036351497723742,0.0165538482069023,-0.0306536047756974,-0.139593684853192,0.0381782599865281,-0.00310499931328014,0.00135798735604344,0.0503839995415277,-0.0586989746343169,0.254399989737011,0.107469526232575,0.0039123142189412,0.0749138323545682
"21",0.115395577711303,0.0473637676375109,0.0863105990398071,-0.116615352380432,0.0696258055067011,-0.00752460934749306,0.197883819815736,-0.0503809969109674,-0.0116296828819323,0.0829854159101217,-0.116390772200714,-0.0845441356150296,-0.0526935903059291,0.0759633570626598,-0.157699016924142,-0.0123192032148041,0.0139781705821771,0.00253396198917022,-0.148465825027415,-0.100799216572163,1,-0.0638306946758559,-0.142393076136439,0.0293380835523104,-0.0941172369973783,0.0746838155972209,0.0366627818471681,0.0145785938120266,0.0146472921273885,-0.0140677476245372,-0.0807563439864056,0.00108194094529417,-0.0603840732414595,-0.024766742773382,-0.0701915243204125,0.115448784448023,0.0561210740742716,0.0239142805771875,-0.0118866591163561,-0.00353216599393097,-0.226084312151123,-0.0688597621637926,0.0880547177230691,-0.0372473547611162,-0.0756375942045668,0.0253099545122346,0.00997064664509597,-0.116486618929849,-0.00484083056945232,-0.0215128510932054,0.052060470295778,-0.084307431438065,-0.0331660645173691,-0.128314786827772,0.158654316339243,-0.127015124269559,-0.0558579825925556,0.0632453313880129
"22",-0.0473430940180132,0.0366592243055616,0.0455612734729611,-0.0133947853241658,0.106259177336366,-0.00644262136645097,-0.104822938635383,0.00263727741128079,-0.0638489875479882,-0.121930638609654,0.0736296698937221,0.172743464478554,0.0441692371714284,0.0600391944864818,-0.0018721090678991,-0.0653237616624952,-0.0503549457808753,-0.0891952828769803,0.205676100400338,-0.13393433433706,-0.0638306946758559,1,-0.0411774066540535,-0.099815919724491,0.00478805402964415,-0.260865160135019,-0.0170955865550572,-0.0851460590140366,0.242810750640414,-0.076358716483876,-0.0113263526707212,-0.0249498607550063,0.16985605795337,0.254306695254679,-0.045429730887466,-0.11682893307395,-0.114886991010487,-0.0429448031605673,0.0738263224505886,0.0136278071648937,-0.131112779499653,-0.0848162682883813,-0.109512904068805,-0.0955586959156941,-0.136947004154523,-0.0343449716187192,0.025100478455253,0.0994323887261087,-0.0024115458284264,0.0185701429973776,0.03981160969688,0.255664553279014,-0.166534341663524,0.0475188768340346,-0.0464882456305815,0.187954019776549,0.0826450607928741,0.00260138797927667
"23",-0.0377472911633691,0.0843962169260516,-0.0111977792287385,-0.0135223993743935,0.125620446182831,-0.0563419688592856,0.0392489295185366,0.209200537673429,-0.155102000805776,-0.264714640337144,-0.0144727000511461,-0.0826857840546691,0.0508196806726397,0.2021736155104,0.243854521390973,-0.00432556329637664,-0.16011616814854,-0.0938800850854672,-0.0895790941293919,-0.0323449262560864,-0.142393076136439,-0.0411774066540535,1,0.0429816134236363,0.109691978106632,0.0176036355846042,0.027500212482261,0.045387070604606,-0.0872387231701627,0.059231544863637,0.00653869242490824,-0.0145779974368875,0.196304446085982,0.0346240662048859,-0.0604593028419342,-0.0424482377952373,0.178106145158467,-0.0235857125324679,-0.0124473288265659,-0.00525813139704484,-0.0615205593417515,0.191003885592008,-0.0537118278708584,-0.0668113151057167,0.00979051053278241,0.0468740883629244,-0.0345504686265614,-0.029230945205728,-0.208355619455838,0.152506720255888,0.224671434088503,-0.048087876582573,0.20933438141945,-0.0318257778894042,-0.0222985726887173,0.0804819531569542,0.102995231697951,0.0365546993556291
"24",0.12757920874125,-0.152110831561851,-0.00794001311870505,-0.167704743677298,0.0861728324385898,0.0318095562769396,-0.014312691165156,-0.0849272026459875,0.0165308585867572,-0.0778162848668792,0.0157914981639105,-0.175306640973202,-0.00575473165922385,-0.00011942053368333,-0.0728272155218362,-0.00968379603143449,0.0633918616815799,-0.259362864576384,0.0608799853308451,0.127519909310304,0.0293380835523104,-0.0998159197244911,0.0429816134236363,1,-0.177631921931863,-0.110182934059028,0.00475212751415614,-0.181050448366486,-0.156771575724134,-0.110541308071434,0.102829108986112,0.0400341069531291,0.225796526027155,0.0857568534649233,0.231485778054558,0.043447973119995,0.14354805819611,-0.0584793902626051,0.062344199485482,0.139702802946871,-0.00875898846899085,-0.00918181730293521,-0.0367829275286386,-0.023219369825331,-0.183149066850536,-0.0604029493879684,0.0747419126631065,0.036573987595616,0.071391267603629,0.00245370394813314,0.0282834627575134,-0.0198749527157136,-0.00799994520456445,0.0849758604453089,0.224964877858436,0.0953952713072578,0.105980714658772,-0.0651809628249465
"25",0.0219021454971921,0.0911033295443533,0.148843475415797,-0.149125370216298,-0.0837070079431986,0.0866389634135746,0.13552002979685,0.121375930882794,0.065561858115445,-0.0414751994744814,0.0285262779977334,0.0619547818067681,0.0802179030437603,-0.05626240267429,0.0462682884579292,-0.0679763845537401,-0.129287055854283,-0.0263622069701385,-0.0943440894868121,0.0578888524812427,-0.0941172369973783,0.00478805402964415,0.109691978106632,-0.177631921931863,1,0.237495993125699,0.182793821821816,0.0564728596430177,-0.056303498054496,-0.020187820313673,0.00979867228834504,-0.0797959075705662,-0.184460670815216,-0.0111140916708482,0.0161185858756378,-0.0164309400892371,0.00514573662194419,-0.0255408279096738,0.0676337326225164,-0.191273946110627,0.132113613273447,-0.00198479301540445,-0.0902307125464855,-0.0749786110381599,0.0161422683922857,0.0390278422144568,-0.00168791906773525,-0.0690158313416828,0.0750679033207394,0.0312549732515409,0.0500729069620755,0.174513116144623,-0.135579450991337,-0.199221852382872,-0.0288268184859018,0.19924041236027,0.0934458739288525,-0.0921695604234525
"26",0.251843896379108,-0.0382495628260789,-0.0809850059223602,0.0366726442855927,-0.0477614637852887,0.0301492520863298,0.187361519685049,0.240282474805593,0.109565892872446,-0.00084888912810675,-0.022069842047196,-0.188723738917824,0.0709509907031135,-0.06095522773963,-0.0763194991571663,-0.081353779214029,0.0161566329998134,0.0717148436012036,-0.00112490098395695,0.0767802363393748,0.0746838155972209,-0.260865160135019,0.0176036355846042,-0.110182934059028,0.237495993125699,1,-0.0921799767468846,0.0486603679383475,-0.0987850047190237,0.145640353643056,0.135171045141973,0.0365122698186093,-0.0777797754768308,-0.151615185782542,-0.0173889391657602,0.256284169517735,-0.114670335074689,-0.0139843466244522,-0.00715277147484148,0.0164412858694692,0.159210214126904,0.0951658577954521,-0.0135956867105372,0.103445302814887,0.205696635050845,0.238797961919132,0.00614652465563658,-0.108046038871043,0.0824506023810231,-0.00659241172302137,-0.171263114199572,0.0094415680710155,0.121993308155601,-0.0955658195277041,0.127736335486415,-0.0809721462348484,-0.00597139299854684,0.140408227026955
"27",-0.0705855268417936,-0.0127825905229898,0.101645614936116,0.160681577546428,0.0227175945940344,-0.119546606231751,-0.0283392527896336,-0.124437082721249,-0.224021078803561,-0.200171889171092,0.0474772159171944,0.226045820804743,-0.0663454514185944,-0.0222046043014581,-0.0414931580015239,0.242034267881566,0.0466069382792193,-0.137632654837873,-0.104875987036771,0.0110736802124952,0.0366627818471681,-0.0170955865550572,0.027500212482261,0.00475212751415614,0.182793821821816,-0.0921799767468846,1,-0.0966237332096019,0.20776112472977,0.10713532513979,-0.135835369481784,-0.0166798287648751,-0.159215238454858,0.163972524836065,-0.0997275516961558,-0.343401497280916,-0.0285958168116727,-0.102260178393889,0.109340733251369,-0.0279965226670486,-0.146112430345697,-0.0811406239100299,-0.137084902046107,-0.103555313047466,-0.193665386179087,-0.302639529168658,0.0401409482729504,0.0510673204502689,-0.13681794239655,-0.096298824213577,0.256250542894038,0.175233515607425,-0.00099942259319161,-0.0760561882909857,-0.0733640091674979,-0.150993762308258,-0.168040797592676,-0.125479732499213
"28",0.0355236432853646,0.085490505504394,-0.0113577429985953,0.0113179893950718,0.0838328313021761,0.14369345756796,0.247906216910774,0.068989252356979,0.183710224231895,0.168687832995423,-0.244789601686518,-0.112401916200082,-0.102092173011685,-0.153998700658135,0.22279046905972,0.0484855284418418,0.163938045630959,0.0064468975677736,-0.162050045152778,-0.0234286050683549,0.0145785938120266,-0.0851460590140366,0.045387070604606,-0.181050448366485,0.0564728596430177,0.0486603679383475,-0.0966237332096019,1,0.0179540713561115,0.00343478543354689,-0.11694021318461,-0.069191193967549,-0.0412076996246379,-0.129807690843965,-0.00595926471331025,-0.082857633412639,0.0446363246835511,0.121828226368743,-0.0635654064512391,-0.0867015657737168,0.114515634971608,0.0990869189467337,0.0600323876784248,-0.0789459508255774,0.27104384047322,0.0526492504050137,0.141828532001738,0.188065234986737,0.0675586701010826,-0.13424881858807,-0.117376242943195,-0.0691773197576486,-0.0469934149591929,0.0105875580753168,-0.0187043845424923,-0.0379965740935916,-0.0730586965718913,0.00416870990779481
"29",-0.0299594565428002,-0.0893411808605988,-0.0350121122167106,0.113966957749509,0.235674723279054,-0.148536457535172,0.0234989350742573,-0.164828302673085,-0.204910097721852,-0.0519202370222633,0.065713234036112,0.187177526787375,0.00465148066000206,-0.123280922579587,0.0156589483875303,-0.0238486375905524,-0.0567540276739998,-0.123589600444975,-0.117795859636283,-0.141134596685136,0.0146472921273885,0.242810750640414,-0.0872387231701627,-0.156771575724134,-0.056303498054496,-0.0987850047190237,0.20776112472977,0.0179540713561115,1,0.0897007439463677,-0.1635212748366,-0.175836364113269,-0.176483202974752,0.00124586613230851,-0.0479361058062459,-0.164898845993603,0.052506224589463,-0.00163928334408166,0.00806751055703474,-0.161081639747739,-0.120996409274319,-0.0488178168001596,-0.084076085849983,-0.0231657101119591,0.0690874233658326,-0.0763876393265974,0.0586048534760431,-0.0251112535701841,-0.0511578749377168,-0.0918333519955709,-0.0108611519499081,-0.00574589996211177,0.0423572448368042,-0.101613658529201,-0.0793759386238884,-0.158707898032681,-0.0498877517518468,-0.235282461110745
"30",-0.0931935827132352,-0.187013572068241,-0.0389507720409332,-0.0866761892198038,-0.0409468172074778,-0.178929367173966,0.15200775917081,0.124594550362646,-0.0575842060151461,0.166706898739827,-0.127388257162492,-0.0174957424246747,0.00808482209348127,0.0167211363500719,-0.0868511157537828,-0.0887359084504182,0.0574159776509964,-0.0988658123791358,0.0961464307213874,0.0462635218384719,-0.0140677476245372,-0.076358716483876,0.059231544863637,-0.110541308071434,-0.020187820313673,0.145640353643056,0.10713532513979,0.00343478543354689,0.0897007439463677,1,0.0211019917383335,-0.0680138607829169,-0.116634404893214,0.0441799551278258,-0.0207492896729784,-0.211757721127579,0.0115761722249145,0.0140935458437446,-0.0628913251790141,-0.00692928244836364,-0.0135136797262575,-0.0125470685003784,-0.149201522250219,0.0645367824972564,0.0676425238035935,0.00992031192726122,-0.0378106697646083,0.107301524972995,-0.0184673262691098,-0.0490370202406559,-0.0986537721477994,-0.143635093686533,0.307188479879043,0.117061151808927,0.0155878777901083,-0.0621948098138706,-0.0357693010980334,0.0255230053067315
"31",0.147014829730522,-0.188949284192463,0.0951797869535114,-0.0218312443833155,0.00850207909191043,-0.110022465254579,-0.144932320332935,0.0379090050244415,-0.0162876552778234,0.0730088318581888,0.0903694726163701,-0.332353759557613,0.132203382678178,0.136583423559464,-0.05271884106283,-0.0123758639136335,0.109270427429016,-0.0232987106769743,0.388112295926744,0.11397540947104,-0.0807563439864056,-0.0113263526707212,0.00653869242490824,0.102829108986112,0.00979867228834504,0.135171045141973,-0.135835369481784,-0.11694021318461,-0.1635212748366,0.0211019917383335,1,0.286344071004106,0.133395517002653,-0.166453666801681,0.133125209401797,0.162084502651917,-0.12714356406776,-0.122639688546397,0.20499083156977,0.0478643204030059,0.170373211247536,0.223074897768651,0.0623717487352951,0.105568416468717,0.0329467730224635,0.100525222741437,-0.078595087715588,0.100874941400133,0.15469457013565,0.174000588672345,-0.0538928312269777,0.044903606850472,-0.00010911901229151,0.118897969510464,-0.00924548511426959,0.0536810872169583,0.141796186915583,0.127585588294263
"32",0.00474584235025579,-0.21676640475555,0.189815764220921,-0.135390158633245,-0.151575268913973,-0.17629650660795,-0.144939210921943,-0.0871656690323909,-0.04334101050299,-0.130888297332849,0.115326355325633,0.0238603119457119,-0.00277154319890887,0.177148534001542,-0.0507951394894495,-0.0403063499597273,0.0715988897191348,0.121888626942868,0.285357022697548,0.421967499574614,0.00108194094529417,-0.0249498607550063,-0.0145779974368875,0.0400341069531291,-0.0797959075705662,0.0365122698186093,-0.0166798287648751,-0.069191193967549,-0.175836364113269,-0.0680138607829169,0.286344071004106,1,0.0150508698699763,-0.174311509360699,0.0583094130155516,0.133014291770565,-0.317479661837014,0.117806607352979,0.0338107629128678,-0.0447129979413751,0.0362804194600752,0.129739551349811,-0.032238736966404,0.229647228933202,-0.0454197958247316,-0.00543962082044416,-0.0497195583233509,0.025317991706984,-0.110809726307506,0.171145105231623,0.167798117740957,0.0164370577874878,-0.076201216029535,0.0495198501874548,0.1165543472527,-0.0364818638692549,-0.0556628435696606,0.00413732707382577
"33",0.103157021787377,-0.0972794315320214,0.0059335251978444,0.0819610847765431,0.0585385174481756,0.0166053343842033,-0.0039745784689475,-0.0170273153920426,-0.0154383964482661,-0.0359973637829107,-0.0456779563050967,-0.13033633838355,0.0112763647640371,0.142624391779756,0.0701194890614347,0.12326909088211,0.0638312463333967,-0.176075509514402,0.238586251859534,0.0443217836220079,-0.0603840732414595,0.16985605795337,0.196304446085982,0.225796526027155,-0.184460670815216,-0.0777797754768308,-0.159215238454858,-0.0412076996246379,-0.176483202974752,-0.116634404893214,0.133395517002653,0.0150508698699763,1,0.0646580583753111,0.0925413678774725,0.141198825563459,0.0217477751617331,0.0773356488723759,0.0652012847164413,0.197582348696265,-0.112727149914515,0.0748149554909634,-0.0338658247377769,0.0682913682161989,-0.179285382627819,-0.154497162587285,-0.267158542822543,0.103158667657839,0.0368124173370639,0.0665264070456734,0.144149246494797,0.0156685888623092,-0.0489824265263116,0.20569688162596,-0.00744601838349357,0.0405767482135056,0.0777681500137245,0.137501568195992
"34",-0.0578986439028491,0.19332745524969,-0.10921043513048,0.075502553203376,-0.0734555462842258,0.0206151099459491,-0.0855574896493857,0.105663669510836,0.0100108931554934,-0.0802221062815873,0.0283841579821207,0.228061123162467,-0.0685058196214181,0.134463033153393,0.0412493630587212,0.0286558931481569,0.0619068579412234,-0.0940130746518964,-0.0854471781700069,-0.139847397407765,-0.024766742773382,0.254306695254679,0.0346240662048859,0.0857568534649233,-0.0111140916708482,-0.151615185782542,0.163972524836065,-0.129807690843965,0.00124586613230851,0.0441799551278258,-0.166453666801681,-0.174311509360699,0.0646580583753111,1,-0.110214883533584,-0.128926012722619,0.0292743406719774,0.0570091323623514,0.117004869505056,0.17286112978875,-0.346295245700669,-0.305847728895574,0.0554380400702813,-0.113880511391334,-0.199845962451249,-0.249584144802968,-0.177644955723251,-0.0463790772522789,-0.0872198742501566,0.109564574706882,0.170448712421496,0.0694020535699071,0.0989614182723739,0.180293715007989,0.0729989809838548,0.172807345085652,-0.0781086534492587,0.0472444729727638
"35",0.184042605321584,-0.104859661181254,0.0455843167973494,-0.225275620165733,-0.123352553587506,0.0023613759569188,0.170745139587597,-0.00724906792610723,0.170307768538019,0.162484247610027,0.0544840836568182,-0.141647039103154,-0.00986158259549604,-0.135006651436148,-0.0189743589194287,-0.0772597187348054,0.120812257773801,-0.109310658271864,0.0145251914483461,-0.0556634725432703,-0.0701915243204125,-0.045429730887466,-0.0604593028419342,0.231485778054558,0.0161185858756378,-0.0173889391657602,-0.0997275516961558,-0.00595926471331025,-0.0479361058062459,-0.0207492896729784,0.133125209401797,0.0583094130155516,0.0925413678774725,-0.110214883533584,1,0.147972965430583,0.0529201384534178,-0.0147879325986747,0.105078782969858,-0.0107595069210531,0.137240231064527,0.134720905904839,-0.129229155848105,-0.068906931854522,-0.00728987262064947,-0.062913892403152,0.0464755773693328,0.104653474432993,0.0154383118262516,-0.15067990717744,-0.159984355334868,-0.211443296557361,0.111250536042356,0.0657860494708613,-0.0361441261864656,-0.00800585384376728,0.101801113487659,0.013196327918239
