"","l_Insular.Cortex","r_Insular.Cortex","l_Amygdal.Area","r_Amygdal.Area","l_Bed.Nucleus.of.the.Stria.Terminalis","r_Bed.Nucleus.of.the.Stria.Terminalis","l_Hippocampus","r_Hippocampus","l_Orbitofrontal.cortex","r_Orbitofrontal.cortex","l_Entorhinal.Cortex","r_Entorhinal.Cortex","l_Frontal.Association.Cortex","r_Frontal.Association.Cortex","l_Globus.Pallidus","r_Globus.Pallidus","l_Glomerular.Layer.of.the.Accessory.Olfactory.Bulb","r_Glomerular.Layer.of.the.Accessory.Olfactory.Bulb","l_Glomerular.Layer.of.the.Olfactory.Bulb","r_Glomerular.Layer.of.the.Olfactory.Bulb","l_Granule.Cell.Level.of.the.Cerebellum","r_Granule.Cell.Level.of.the.Cerebellum","l_Hypothalamic.Region","r_Hypothalamic.Region","l_Entorhinal.Cortex","r_Entorhinal.Cortex","l_Vermix.Molecular.Layer.of.the.Cerebellum","r_Vermix.Molecular.Layer.of.the.Cerebellum","l_Lateral.Molecular.Layer.of.the.Cerebellum","r_Lateral.Molecular.Layer.of.the.Cerebellum","l_Anterior.Olfactory.Bulb","r_Anterior.Olfactory.Bulb","l_Posterior.Olfactory.Bulb","r_Posterior.Olfactory.Bulb","l_Subiculum","r_Subiculum","l_Perirhinal.Area","r_Perirhinal.Area","l_PreLimbic.System","r_PreLimbic.System","l_Primary.Cingular.Cortex","r_Primary.Cingular.Cortex","l_Primary.Motor.Cortex","r_Primary.Motor.Cortex","l_Retrosplenial.Cortex","r_Retrosplenial.Cortex","l_Secondary.Cingular.Cortex","r_Secondary.Cingular.Cortex","l_Secondary.Motor.Cortex","r_Secondary.Motor.Cortex","l_Striatum","r_Striatum","l_Ventral.Tegmental.Area","r_Ventral.Tegmental.Area","l_Substantia.Nigra","r_Substantia.Nigra","l_Thalamus","r_Thalamus"
"1",1,0.0535525928490711,0.280509515713119,0.0283995873365072,-0.185340642529102,0.13191207335909,0.0215971775556417,0.0180897379630958,0.233241676991127,0.12234289549815,0.117492221444486,0.040355577411948,0.0439806428982493,0.0179174458187633,0.312713975792824,0.107581022581704,-0.148429924274282,-0.0626086558313636,-0.240881794608362,-0.124278992171916,-0.0882452933251418,0.252893094656682,-0.123135397090281,0.075950698673831,0.0321814766787286,-0.208299902848148,0.0999207221033153,-0.123409408087058,-0.0460362679876054,0.0677015073911876,-0.213215272575797,0.116689833774435,0.0913196507277915,-0.00061070782900755,0.0329385898094215,-0.0317474955781423,-0.0353778310473451,0.0941036837967218,0.0786302893432443,0.195654850177046,0.00331115353816747,-0.0108867882544336,0.123181056798154,-0.115308054457261,-0.249755343337659,-0.134288125204572,0.236481938527904,0.0633064546671494,-0.04766099196641,0.140199002225527,0.244050169627982,0.00192098972581011,-0.0823085238290215,0.00199150503981295,-0.0215189912882678,0.0961178234178186,0.106451285961019,-0.0407634910998094
"2",0.0535525928490711,1,-0.0136509315970528,0.14933127564492,-0.0237265735201314,-0.00214792880314669,0.277285814349175,-0.125713821160474,0.0159927126539922,0.265053893155055,0.0648289596719288,0.325641561871288,-0.0393474271048832,0.0191771983942242,-0.103422018116269,0.0583763578041984,0.035581459464005,-0.0647091257262062,-0.0965544647047191,-0.136152045149048,-0.166829890617632,0.128566044833907,0.0973096450158899,0.0112849060885856,0.128031026109583,0.170846073580732,0.0252979218679235,0.0792483659243789,-0.181901401374869,0.163261450673121,-0.160754996653374,-0.0221571229528946,0.247925478711394,0.286904231446092,0.0473372769119807,0.0535146732985913,-0.00961603815432638,-0.044900682444246,-0.122865955044157,0.0351947981636086,-0.220841515527123,-0.033174671782509,-0.064217904640091,0.0307365959366694,-0.173244084016713,-0.0167048908722193,-0.113497864487595,-0.0528914557949287,-0.0915565463924078,-0.0733294062821044,0.0182313467774725,0.0121112115713314,0.228034853946313,0.182383265722762,-0.0565959161333991,-0.00313592541125284,-0.088184588370104,-0.0108724586521088
"3",0.280509515713119,-0.0136509315970528,1,-0.0468436012503004,0.112632185867963,-0.00303872710433022,-0.0126206869659406,0.0755626962716848,0.253733841021035,-0.0206915249609836,0.172087081306047,0.0157820309758491,0.0862294991682785,-0.139592674776712,0.276282943514927,0.0793074344112629,-0.192491221162185,-0.0444684706096254,-0.0887736766003882,-0.0628066645161221,-0.035274967408449,0.0602847869020162,0.0101418980515342,0.154122468292887,0.211090562036927,0.233984986328701,0.114860359314674,0.0293242032277907,-0.0824784071219552,0.174592710943845,-0.0965002926758048,0.0660785525981713,-0.0785685481445583,-0.00626581032264601,-0.0567281786054688,-0.0800706999184656,0.0879981350972157,0.00408422177040804,-0.00725479663941927,0.0299512504554506,0.0243915931526143,0.0077829398720754,0.132985098184835,-0.049184700005776,0.00107811416126847,-0.00147555669852919,0.0979025076801734,-0.0387909525271045,-0.137204533327124,-0.0573359806839185,0.079562186349492,-0.0147837263259002,-0.131027364319421,-0.0840019444941727,-0.0969735472571466,0.159318456302112,0.0682495927457598,-0.0833922185619
"4",0.0283995873365072,0.14933127564492,-0.0468436012503004,1,-0.139228483584187,-0.00297271263419992,0.20116100986618,0.0203429945353671,0.176443115192028,0.0722375213781427,0.0768511308627178,0.191638238735234,-0.00152727670009751,-0.00810586214803919,-0.0796477102655385,-0.0897734284357706,-0.197291707126801,-0.0217497957540364,0.0391992035154243,0.0289059173207325,-0.0238029101197534,0.0857312793222582,-0.129807827068541,-0.131030197101131,-0.0644425375310348,-0.0580115970725579,0.0107578655685908,0.00830975273378248,-0.0600148721497092,-0.0640647076579685,0.0817388597735067,0.0524374171629603,0.0860595449565668,0.202537579996189,0.200716161833654,0.00141337577239687,0.0166205145051669,0.152819453877841,-0.0546816031456867,0.00700719252331338,-0.180249279054896,-0.111379053926257,-0.0128119147882809,-0.124069132705366,0.114862799053337,-0.0568535784624528,-0.215171392558103,-0.199210954273701,-0.10890570493115,-0.131793720965481,-0.1509509587207,-0.0630866334779177,0.00132933441917409,0.106765854216123,0.0930124402270014,-0.069363383861223,0.159430538956707,-0.0379424068603956
"5",-0.185340642529102,-0.0237265735201314,0.112632185867963,-0.139228483584187,1,-0.2169801535987,0.0144026135098264,0.0723514217524694,0.0805320080126834,-0.167496377122151,0.0279280941000001,0.0564631422399181,0.0558320748326922,-0.146903887936302,0.0291082604329382,0.0233835394537045,-0.0450258006011637,-0.0339378083588061,0.0177496949845749,-0.0749977481656508,0.0828250901639357,-0.160225452599267,0.12661492418829,-0.0612105487475814,-0.111614088241023,0.279396671542709,-0.0829973819657405,-0.017048849533501,0.0192966610181169,0.112694729278579,0.125381114473701,-0.248256596264838,-0.116763384406437,-0.260188683235462,-0.0722237260910936,0.0865150752866646,0.0756607040333599,0.0884433303198978,-0.0213767967064262,-0.056388498970576,0.103375212139442,-0.0722406391803044,-0.0996146598696064,0.182676680004686,0.18556141621157,0.147160457600498,-0.0479336663659877,-0.0260690905810593,-0.0658196756117736,-0.190391043368583,0.0402226168279787,-0.112320767434556,0.148319994468589,-0.129477733396114,-0.116590432877184,0.236862406015496,0.132388553680854,0.0939320975478481
"6",0.13191207335909,-0.00214792880314669,-0.00303872710433022,-0.00297271263419991,-0.2169801535987,1,-0.0471450584030918,0.0403357599286902,0.132401042226572,0.0218489221302469,0.106870447114615,0.055700479370372,-0.175511790008377,-0.0396703314528828,-0.0545741052271669,-0.0673491209480537,0.0279375592741558,-0.00073067852857056,0.128348573218007,0.16342742111666,0.0655413678016278,-0.0138887050726622,-0.0748622615495093,0.0530814458695889,0.0180570002159634,0.0532829453748492,0.0881452455604122,-0.176498379248237,0.0444873797040312,-0.141899402277204,0.0966227140287545,0.146420666064155,-0.09889788870864,0.10560097650411,-0.0556916513504132,-0.0341193084413988,-0.0558437075548487,0.0347429715001728,0.0649639023428232,0.011104907630609,0.0286106059180899,0.0301674065665014,-0.042930936332926,-0.150637046653349,-0.00292489472771247,0.113377600614049,0.0874649829290192,0.201200333713523,-0.129100447074233,-0.00044064849223456,-0.121465038775611,0.13948507733517,-0.0992432465428044,0.11914605674209,-0.0785721394000868,-0.173544318875947,0.136533107029418,0.185803841026549
"7",0.0215971775556417,0.277285814349175,-0.0126206869659406,0.20116100986618,0.0144026135098264,-0.0471450584030918,1,0.0788463761564812,-0.151087338729625,0.169976116629019,-0.0214784739483263,0.302806415006498,-0.113178598239954,-0.156485391451504,-0.0364690213291388,-0.0238356219686121,0.112412028924905,0.0163363478970779,0.0904935732469636,0.0578002505434825,-0.0771965330524104,0.0932414627712454,0.1884164280651,0.00569592558000853,0.195059817271655,-0.0328235984306093,-0.0593504666218533,-0.013224997457048,-0.111420268708195,-0.0813839384582758,-0.0224984643101027,0.0526781257528262,0.0790128609368323,0.117932320840401,0.112747097440596,0.110751808702018,-0.169636633950843,0.163804996200619,-0.0439831480590658,0.102146471076535,-0.0804025476007642,-0.00346770899853845,-0.176729252967053,-0.0157608288942878,0.120581438799137,-0.294122001154033,-0.0283908477845737,-0.00454041137084962,-0.079317200549208,0.0227947806042431,-0.158099420893668,0.0226619250527818,0.167234576653594,0.122829448574324,-0.019233585394076,0.0123063150192191,0.225240312304211,-0.0282756372520648
"8",0.0180897379630958,-0.125713821160474,0.0755626962716848,0.0203429945353671,0.0723514217524694,0.0403357599286902,0.0788463761564812,1,0.0284868434465544,-0.0836201266094868,0.124170968234095,-0.212497603637087,-0.12315894986203,-0.242373020712793,0.00821600672545973,-0.148543802861357,0.121734954441131,-0.197745028830038,0.114767926636717,-0.0749950156328228,-0.038539141183087,-0.0158427769467655,0.111775542822204,0.362575512350688,0.00606040705916931,0.0517829929636516,-0.0934289985126781,-0.0726425572489154,0.00780978014904586,-0.0991980805342811,0.0419778101057362,-0.0943041670716808,-0.227698705930147,-0.259412159412544,-0.0108819527356772,0.335833597445702,0.0985188495647047,0.409172774023426,-0.179137423297366,-0.242479616516237,-0.00491428423956629,-0.154829123263812,0.180266662495444,0.165882868021977,0.131718932129906,0.158682170364529,-0.112106006169113,-0.0897993478767033,-0.0693530387176212,-0.236976353163643,0.0174958492965375,-0.107524125721894,-0.0769273142219787,0.0857192907947233,0.0862826648967168,0.178462238104792,0.023835405348843,0.336676518534158
"9",0.233241676991127,0.0159927126539921,0.253733841021035,0.176443115192028,0.0805320080126834,0.132401042226572,-0.151087338729625,0.0284868434465544,1,0.0725499460467419,0.193512213015485,0.16330464498009,0.155527785220125,0.106956456211601,0.0398212071425925,-0.0859556357637983,-0.0399756195139764,-0.17240537511547,-0.227486674043219,-0.20372247235888,-0.0148755764359828,0.0291691894643076,-0.184329548185205,0.0124460199492408,0.00989278703216909,0.0316449561857933,0.067955941519142,0.050138107636018,0.166831897229513,0.187997474838439,-0.12159467666884,-0.114933476121386,-0.132186696348655,0.0500837840906148,-0.082184268097523,-0.0058521759160518,-0.141434980129518,-0.0265823027125653,0.0753563301474943,0.188510177122064,-0.0822325847794162,-0.0829591616701003,0.28066133463603,-0.133442889540873,-0.248881102873203,0.00709230142850629,0.0147633330447657,-0.128954370350249,0.146998818099646,0.0566098348362172,0.0606806009440176,0.0798419928569414,0.0189912450770587,0.0826948393103582,-0.00211310016818249,0.0613158726143551,0.14731709562242,-0.110794052602139
"10",0.12234289549815,0.265053893155055,-0.0206915249609836,0.0722375213781427,-0.167496377122151,0.0218489221302468,0.169976116629019,-0.0836201266094868,0.0725499460467419,1,0.211495058717001,0.0878857775486712,0.0293737270772971,0.206959599993184,0.0169889511301319,-0.0667943952033066,-0.0214783410869181,0.045988859978635,0.0265980310644156,-0.10159962943626,0.0550826265809816,0.213793810096386,-0.00287498118190812,-0.153558132091233,0.193302586912484,-0.0373088655946514,0.00023359490603832,-0.00337520425231009,0.0167911095226758,0.0465407242294816,-0.0252022604213727,0.0500440418586914,0.0855593043477147,0.192914319049445,0.03579882543583,-0.030604409449003,-0.0112066397847295,-0.00497025841650813,-0.194578374868113,0.0915111929051161,-0.358046774439074,-0.221455889554214,0.192217803815459,-0.0240600000403657,-0.24809948171554,-0.0419611367101005,-0.110720682505754,-0.257820747755891,-0.0275920174250988,-0.00998347707877455,-0.157905490201632,0.0707756099212418,0.0719083135500973,0.0602477975065008,0.0972208218632553,-0.164915278966598,-0.0650095103825285,-0.120890414019317
"11",0.117492221444486,0.0648289596719288,0.172087081306047,0.0768511308627178,0.0279280941,0.106870447114615,-0.0214784739483263,0.124170968234095,0.193512213015485,0.211495058717001,1,0.188628965038187,0.064322531045979,0.0822898352097479,-0.0132461106227544,0.0943758312338807,-0.0177496270002136,-0.142554554363668,-0.0653180716929607,-0.0348046222301379,0.0264881442286302,0.0819775319915847,-0.0496240418831292,-0.0587661129516783,0.0635499784133955,0.0529549054232863,-0.123030665538284,-0.0388307492068685,0.0888701188517347,0.0860779383369448,-0.0920784793427825,0.0929531544029319,-0.0381715238237922,0.155065602189685,-0.0734119028401641,-0.115606017848303,-0.126563835589524,0.130745229972367,0.129145594592637,0.112452322668633,-0.0817298232496204,-0.175963965065061,0.199673044813866,0.0691318534608233,-0.231607690366303,-0.0814301713157454,-0.0300669156508915,0.0286510329442234,0.172242872517398,-0.12263553633661,-0.0843107739025775,0.255706893279542,0.0517168869209554,0.165073027257752,0.0557850882597809,-0.0491993228111294,-0.0787935171793061,-0.150187754160789
"12",0.040355577411948,0.325641561871288,0.0157820309758491,0.191638238735234,0.0564631422399181,0.055700479370372,0.302806415006498,-0.212497603637087,0.16330464498009,0.0878857775486712,0.188628965038187,1,-0.0688209656154963,-0.0306850479707005,-0.141222253414477,0.0822737601174082,-0.0986967487078085,0.00457510453041415,-0.14040642517258,-0.0702028810244062,-0.251016716853832,0.0351386346540865,0.083752293153031,-0.297161031688492,0.182302373845538,-0.0126401382413128,-0.0357102457616318,0.101786053383657,-0.048400284767868,-0.0112996152369975,-0.0814599880257068,-0.0504941770392059,0.307836165952896,0.205187088896338,0.112188379146499,-0.121543811066751,-0.145101786591897,-0.0453002880861943,0.157383512605812,0.256879232186021,-0.0515214456300659,-0.0727137726657371,-0.100630697889007,-0.241708917671657,-0.0718082648614384,-0.202369098843233,-0.169073367632807,0.0751636621599802,-0.0747734820664332,-0.0558926156366386,0.0131799006259562,0.240898064971178,0.146351884552064,0.139549973518533,-0.130155170981006,-0.118207121218144,0.129581779905829,-0.0716940687414261
"13",0.0439806428982493,-0.0393474271048832,0.0862294991682785,-0.00152727670009751,0.0558320748326922,-0.175511790008377,-0.113178598239954,-0.12315894986203,0.155527785220125,0.0293737270772971,0.064322531045979,-0.0688209656154963,1,0.166130258786996,0.125858928373328,0.103799210714462,0.01093186283769,0.0475693652016998,-0.16390203007251,-0.0275020538020742,-0.0875347283266931,-0.0135474921132861,-0.106407592683857,-0.0829144995917843,-0.0811395548031041,-0.114020204686797,-0.028217673877374,0.143964172475394,0.00056667063969838,0.183326111104266,-0.140910788127575,-0.146305253913876,-0.00879021539403488,0.115391421319153,-0.22286328369814,-0.0693455058609635,0.00769708826871869,-0.0515748119771175,-0.0228290883676801,0.136656662795446,0.101914481081156,0.0461659205222644,0.0677503850302918,0.00975881130332532,-0.0844088326078891,-0.0315107728496757,-0.0140783616187518,-0.0219315016886104,0.446858030282165,0.241177551047626,-0.120552431790374,-0.150297056639752,-0.108017953790563,-0.0711925579902024,0.0646844607566557,0.0316177228577722,-0.109571606976576,-0.0862752022607622
"14",0.0179174458187633,0.0191771983942242,-0.139592674776712,-0.00810586214803919,-0.146903887936302,-0.0396703314528828,-0.156485391451504,-0.242373020712793,0.106956456211601,0.206959599993184,0.0822898352097479,-0.0306850479707005,0.166130258786996,1,-0.107867795072194,-0.0650449382810609,-0.0193220041314719,0.198808690750173,-0.055165616714506,0.149399822486347,0.08041601998026,0.319234797874367,-0.148365676892134,-0.11877184044029,-0.0490352719238049,-0.268953645867187,0.0195966052794974,0.184577621639691,0.244227985507012,0.327241443062279,-0.068020184883325,0.24538295023755,0.295735411055126,0.207333234270332,0.026560011407644,-0.10946462861782,0.0569052508361043,-0.364567543243189,0.14750719567054,0.227757140910076,0.0709853204493759,0.263753270841215,-0.0445635963963713,-0.236792897357029,-0.0214461957070098,-0.046889637112689,0.0202739026068406,0.14940936538973,0.233621470628428,0.380224166828536,-0.0471557281536306,-0.0699175645134017,0.00574565343222496,-0.0248359545315647,0.242041166496578,-0.0763647643857685,-0.131603848635815,-0.097303737155401
"15",0.312713975792824,-0.103422018116269,0.276282943514927,-0.0796477102655385,0.0291082604329382,-0.0545741052271669,-0.0364690213291388,0.00821600672545973,0.0398212071425925,0.0169889511301319,-0.0132461106227544,-0.141222253414477,0.125858928373328,-0.107867795072194,1,0.0858958369061056,-0.0944335185161515,0.00775646136936058,-0.141003512850859,0.0861293401971385,-0.0928718233148814,0.157543843031238,-0.0294095343117615,-0.0127941539025686,-0.0334125724070069,0.0620151663804671,-0.0775587132111286,-0.0500888841617124,-0.125813617231275,-0.00095596617745516,-0.0394147871268311,-0.0596378008159959,-0.103907750473835,0.00499468664782485,-0.117300329749053,0.025289833043874,-0.0765942393559663,0.0346976233713633,-0.0625804867660166,0.0543723977935017,0.0125908810172383,0.0842720964995125,0.16747801191138,-0.084833313160858,0.0136488244869028,0.0275388681921075,0.160801102508487,0.0484087925650836,-0.0956112764615988,0.0709025469394436,0.135763086883746,0.0389796215887692,-0.0809104611657664,-0.133776791661343,-0.0366649310346174,0.00046599395479146,-0.0481703316162449,-0.0857173154126309
"16",0.107581022581704,0.0583763578041984,0.0793074344112629,-0.0897734284357706,0.0233835394537045,-0.0673491209480537,-0.0238356219686121,-0.148543802861357,-0.0859556357637983,-0.0667943952033066,0.0943758312338807,0.0822737601174082,0.103799210714462,-0.0650449382810609,0.0858958369061056,1,0.0481610865086904,0.0243432497728815,-0.0334837325234759,-0.100874950725897,-0.125867225082738,0.0367664375608648,0.141434978424856,-0.176189644123793,0.0541443966191136,-0.0329291684640452,-0.0864324751189164,-0.145954034695883,-0.170937027118997,0.0532883799468854,0.0420722799087679,-0.0378342067924293,0.0524588970495298,0.0418593878384784,-0.185051265531,-0.0766703529674556,0.0651214895030211,-0.0439239192653686,0.237185749821219,0.023680990164033,-0.122815307330455,-0.0321812257067769,-0.0545948020943079,0.0614322058933204,-0.124735785113089,-0.0740623138311,0.0328889770220382,0.0606083151295432,-0.074714164482621,0.0030818517474879,0.0708057277633764,0.271968041698525,-0.0149440440743194,-0.153719323025319,0.0758222361585046,-0.0267378177359918,-0.140029861962279,-0.0022211342975061
"17",-0.148429924274282,0.035581459464005,-0.192491221162185,-0.197291707126801,-0.0450258006011637,0.0279375592741558,0.112412028924905,0.121734954441131,-0.0399756195139764,-0.0214783410869181,-0.0177496270002136,-0.0986967487078084,0.01093186283769,-0.0193220041314719,-0.0944335185161515,0.0481610865086904,1,0.0473531570114398,0.065114362831578,-0.0591482246216141,0.13425013258716,0.0142402561503422,0.114542326972862,0.155212932434082,0.0133879253162976,-0.0313737662763887,-0.0289769503325017,0.0173164786211685,0.0546966514474668,0.124744665826224,0.289614144171438,-0.0268132070212703,-0.00289281879154427,0.00133482491966507,-0.20547768937583,-0.0676089745344024,0.0389948154074754,0.0542416785626837,0.237779178757659,-0.0314482800082904,0.139989813779975,0.049113723747096,0.0630552424786162,0.0427508220534971,-0.0672166188436991,-0.00396574154534897,0.246367039505713,0.0192483422497537,0.229508971720425,0.0623005706444469,-0.00310190760690313,-0.017005830224465,-0.0307140893662536,-0.0160025382859342,0.114415196446341,0.0754276950579739,-0.224043213848164,0.0647772233801295
"18",-0.0626086558313636,-0.0647091257262062,-0.0444684706096254,-0.0217497957540364,-0.0339378083588061,-0.00073067852857056,0.0163363478970779,-0.197745028830038,-0.17240537511547,0.045988859978635,-0.142554554363668,0.00457510453041415,0.0475693652016998,0.198808690750173,0.00775646136936058,0.0243432497728815,0.0473531570114398,1,0.238198448918249,0.40064479349054,0.0630899144048276,0.115840741157411,-0.244122569715505,-0.0850459482232291,0.0547162511945258,-0.10889638087238,0.18396705123379,0.102405641994017,0.153278234838631,0.224582961925061,0.0466916075706017,0.383939529944409,0.100030330311732,0.0867194937242569,0.114954651514802,0.0549388945780239,0.0770051053611842,-0.359012315934567,0.208995752282498,0.261065699051032,0.0892168137797324,0.112238072243995,-0.175300718347789,-0.350782864136197,0.13472214629688,-0.0222245749089193,0.0150955873879569,0.170573557202229,-0.0391895436335179,0.281863193657006,-0.0696393051563021,-0.0525496499007305,-0.0511309767372831,-0.0774897654337266,0.127661816809602,-0.105289612687489,-0.150131272850554,-0.109931933271212
"19",-0.240881794608362,-0.0965544647047191,-0.0887736766003882,0.0391992035154243,0.0177496949845749,0.128348573218007,0.0904935732469636,0.114767926636717,-0.227486674043219,0.0265980310644156,-0.0653180716929607,-0.14040642517258,-0.16390203007251,-0.055165616714506,-0.141003512850859,-0.033483732523476,0.065114362831578,0.238198448918249,1,0.183558654890494,0.0629405511892061,-0.105188361541577,0.0521428137545126,0.0753089978841368,0.0484983718473665,0.160422526552293,-0.0817993534764335,0.0148985831341048,0.106627824583873,-0.0258251039718643,0.342926279644826,0.201595459100008,-0.048292307498657,0.099265634295096,0.196971569786199,-0.00841319344734691,-0.0486514091163388,-0.130444671173388,0.00321865110480697,0.00432096075558287,-0.119359008693981,-0.236035862788921,-0.0661490515909313,0.112690209576954,0.2765456456337,0.115577756399672,-0.185633430036058,-0.136477324968331,-0.0955301256569151,-0.197303882410522,-0.288663985287542,-0.0461839323514617,0.0539733469027638,-0.0185264856402756,0.116566376453007,-0.129554104862906,-0.207662140337406,0.0465624851308182
"20",-0.124278992171916,-0.136152045149048,-0.0628066645161221,0.0289059173207325,-0.0749977481656508,0.16342742111666,0.0578002505434825,-0.0749950156328228,-0.20372247235888,-0.10159962943626,-0.0348046222301378,-0.0702028810244062,-0.0275020538020742,0.149399822486347,0.0861293401971385,-0.100874950725897,-0.0591482246216141,0.40064479349054,0.183558654890494,1,-0.0996688645221794,0.0950608963320012,-0.199324272309534,-0.081679829427296,-0.0201353342501046,-0.0262232553753634,0.0989917167866297,0.0477698484420513,0.256093061162051,0.0896892616378135,0.0175202403495731,0.457086955147482,0.025271028770457,-0.00907533057058887,0.108221663778051,-0.0708500261730307,-0.13637722283908,-0.404211906861568,0.0589316739359425,0.135840856802383,0.0625412888342046,0.198975773609369,-0.192672573874154,-0.244865157519888,0.0865472855319663,-0.0490011846724179,0.0444870081897904,0.115853905308039,-0.0811204030398014,0.0416807469665714,-0.101744061112382,0.0489251277056377,-0.081112289104796,0.130996133382389,0.128467702663856,-0.212077109539752,-0.0498870290740565,-0.143120472183085
"21",-0.0882452933251418,-0.166829890617632,-0.035274967408449,-0.0238029101197534,0.0828250901639357,0.0655413678016278,-0.0771965330524104,-0.038539141183087,-0.0148755764359828,0.0550826265809816,0.0264881442286302,-0.251016716853832,-0.0875347283266931,0.08041601998026,-0.0928718233148814,-0.125867225082738,0.13425013258716,0.0630899144048276,0.0629405511892061,-0.0996688645221794,1,0.100020652560543,-0.10897470743141,-0.0524472662778311,-0.0867229724980948,-0.0511904927282992,0.0538359871776712,-0.0146128309923192,0.0189757872790174,-0.10462892972042,0.196790384008067,0.0929149075566448,-0.0179467244649995,-0.0308548712820068,-0.134994663583983,-0.101784115623282,-0.091739582304537,-0.013832060003943,0.0940094567029085,-0.00362627123387032,0.148698294539401,-0.0176513865980734,0.0177469016419241,0.0682336683019271,-0.00037971049701073,0.00464001722743572,0.167476006129005,0.0648091305428795,0.124590650730217,-0.0241227774905268,-0.0379529700398432,0.144457136978545,0.128783771140057,-0.0973049634672696,0.081651613024595,0.183576984135238,0.120957924230166,0.108528979031308
"22",0.252893094656682,0.128566044833907,0.0602847869020162,0.0857312793222582,-0.160225452599267,-0.0138887050726622,0.0932414627712454,-0.0158427769467655,0.0291691894643076,0.213793810096386,0.0819775319915847,0.0351386346540865,-0.0135474921132861,0.319234797874367,0.157543843031238,0.0367664375608648,0.0142402561503422,0.115840741157411,-0.105188361541577,0.0950608963320012,0.100020652560543,1,-0.0422349415364454,-0.0894851390519338,0.124984594082207,-0.16921814939584,-0.021831366321071,0.192357824010223,-0.0849075477906508,0.283796066100394,-0.144947080855246,0.331163973417933,0.190613548370698,0.15466147614904,0.103269611093654,-0.093766592274653,0.0722008187340551,-0.0588716489377377,0.1004362238344,0.093908585320163,0.0607692365659554,0.0958411712511769,-0.0266015314564734,-0.201015163958692,-0.1111020462671,-0.0485529041034119,0.157891865810286,0.026719458888305,-0.0887077040808006,0.0554932987803924,-0.0134884397033186,0.0834285191033425,-0.0636332966685627,0.0663917520966575,0.168158960666973,0.108706727015889,-0.0878508973748098,-0.0568678530705811
"23",-0.123135397090281,0.0973096450158899,0.0101418980515342,-0.129807827068541,0.12661492418829,-0.0748622615495093,0.1884164280651,0.111775542822204,-0.184329548185205,-0.00287498118190812,-0.0496240418831292,0.083752293153031,-0.106407592683857,-0.148365676892134,-0.0294095343117615,0.141434978424856,0.114542326972862,-0.244122569715505,0.0521428137545126,-0.199324272309534,-0.10897470743141,-0.0422349415364454,1,0.267781715494819,-0.00073433940535479,0.0603837252307551,-0.158207013556922,0.0224369759440289,-0.0740823499735659,0.0310432035857094,-0.0144675085360176,-0.163853227969542,0.00228669393451881,0.0306780210160867,-0.231271014452394,0.0377515567961222,-0.0164786688902134,0.280369686036114,-0.111559462305198,-0.00998887923620718,0.0546274526528736,0.00796902735872823,0.0551062017264574,0.217971233903141,0.0583632358171086,0.175996297176952,-0.0597246503189334,0.00184484268749939,0.0122032740899861,-0.145585042794365,0.126619326821212,0.0829312519658739,-0.0825990452193084,-0.12115848043713,-0.0263371628200752,0.0591291756431385,0.021842580543143,0.232442398345819
"24",0.075950698673831,0.0112849060885856,0.154122468292887,-0.131030197101131,-0.0612105487475814,0.0530814458695889,0.00569592558000853,0.362575512350688,0.0124460199492408,-0.153558132091233,-0.0587661129516783,-0.297161031688492,-0.0829144995917843,-0.11877184044029,-0.0127941539025686,-0.176189644123793,0.155212932434082,-0.0850459482232291,0.0753089978841368,-0.081679829427296,-0.0524472662778311,-0.0894851390519338,0.267781715494819,1,-0.108118391282504,0.168276491838089,-0.138765164320865,0.027044210064912,0.0671330368169972,-0.0314922204173893,0.0310845724376538,0.00401362337768488,-0.269208524675781,-0.00346622544602864,-0.0688181718771211,0.194738261397644,0.0365198514792253,0.198338997840808,-0.195647940328162,-0.124492195233293,0.0809304113931043,-0.0128421673931319,0.0872687979505441,0.136520162313914,0.0254349668585405,0.151152441984498,0.0232507691475647,0.0133039473878132,0.00929377063918968,-0.109678932437024,0.152083025346259,-0.167914428594346,-0.104126114171003,0.04098613010537,-0.0575904548338966,0.126010369266186,0.0104006569751953,0.204268304410248
"25",0.0321814766787286,0.128031026109583,0.211090562036927,-0.0644425375310348,-0.111614088241023,0.0180570002159634,0.195059817271655,0.00606040705916931,0.00989278703216909,0.193302586912484,0.0635499784133955,0.182302373845538,-0.0811395548031041,-0.0490352719238049,-0.0334125724070069,0.0541443966191136,0.0133879253162976,0.0547162511945258,0.0484983718473665,-0.0201353342501046,-0.0867229724980948,0.124984594082207,-0.00073433940535479,-0.108118391282504,1,0.0697386784468971,0.201658644893974,0.0001822479417017,-0.0208608439242604,0.0392500543326708,-0.0459155413612164,-0.0409543906323989,0.126000111615094,0.101140975847562,0.0440355084920314,-0.0412867745671829,0.0697604424983271,0.0566926168591379,0.0931743552713505,0.0682783636865583,-0.0280302447842569,-0.120148569096833,0.173333684519261,-0.0426168545887223,-0.238345447376163,-0.133318967802286,0.0271261037940087,0.0778197184776605,-0.0188041280522393,-0.0250888126651292,-0.0567081546948229,0.182012901533929,0.126449550397182,0.159134047072154,-0.0177720837743701,0.032379594501628,0.136724952462357,0.0959486048345295
"26",-0.208299902848148,0.170846073580732,0.233984986328701,-0.0580115970725579,0.279396671542709,0.0532829453748492,-0.0328235984306093,0.0517829929636516,0.0316449561857933,-0.0373088655946514,0.0529549054232863,-0.0126401382413128,-0.114020204686797,-0.268953645867187,0.0620151663804671,-0.0329291684640452,-0.0313737662763887,-0.10889638087238,0.160422526552293,-0.0262232553753634,-0.0511904927282992,-0.16921814939584,0.060383725230755,0.168276491838089,0.0697386784468971,1,0.0470353926248347,-0.134080354500061,-0.0748318973113596,0.02291856206144,0.120953175266569,-0.128635438390509,-0.214533727731131,-0.0862137580430716,-0.0408910744081793,0.142516496764029,0.0698375628382057,0.0167216817771167,-0.259231701998272,-0.193996040806776,-0.0939082151578394,0.0280623777145742,0.0928611240311658,0.180206180604556,0.0582054923563767,0.131591832715394,-0.106378929201885,-0.130851712179055,-0.154304899555431,-0.117569719149325,-0.14547675834402,-0.0229639765291732,0.0639417431825874,0.0639428888712426,-0.0664214468136211,-0.00746703997773956,-0.00612173619039467,0.0204168636198056
"27",0.0999207221033153,0.0252979218679235,0.114860359314674,0.0107578655685908,-0.0829973819657405,0.0881452455604122,-0.0593504666218533,-0.0934289985126781,0.067955941519142,0.00023359490603832,-0.123030665538284,-0.0357102457616318,-0.028217673877374,0.0195966052794974,-0.0775587132111286,-0.0864324751189164,-0.0289769503325017,0.18396705123379,-0.0817993534764335,0.0989917167866297,0.0538359871776712,-0.021831366321071,-0.158207013556922,-0.138765164320865,0.201658644893974,0.0470353926248347,1,0.0489629418410204,-0.133725902460924,0.145599232910886,-0.0789605564741576,0.0405097127144009,0.0902247667823187,0.0180756780628862,0.00401914609223976,-0.0467038012645713,0.0395846563123189,-0.0636269851909769,0.205354453484445,0.0757613313488147,0.202519121330952,0.156303699817071,-0.12126240369944,-0.146289848823842,-0.121155774054617,0.0154232173542649,0.303578095397676,-0.0362501269953832,0.0976958438978716,0.0941873315021052,0.247000475236077,0.0557951862290028,0.130061421557152,0.0770246971924945,0.0310851486203627,0.0995161949461397,0.0170016604051327,-0.136821839695753
"28",-0.123409408087058,0.0792483659243789,0.0293242032277907,0.00830975273378248,-0.017048849533501,-0.176498379248237,-0.013224997457048,-0.0726425572489154,0.050138107636018,-0.00337520425231009,-0.0388307492068685,0.101786053383657,0.143964172475394,0.184577621639691,-0.0500888841617124,-0.145954034695883,0.0173164786211685,0.102405641994017,0.0148985831341048,0.0477698484420513,-0.0146128309923192,0.192357824010223,0.0224369759440289,0.027044210064912,0.0001822479417017,-0.134080354500061,0.0489629418410204,1,0.150779236865076,0.414792355783076,0.0923621052315355,0.105513222196306,0.141668856232177,0.0757845557328309,0.261531348410466,-0.0334441324260456,-0.00412375763723284,-0.213676851158433,0.0413517885676198,-0.0404579171903663,0.0745481090846803,-0.00429789073843327,-0.0586786244781484,-0.0176829092568157,0.014724622309319,0.0647179127250846,-0.0706770657431048,-0.139691160233694,0.145932062650319,0.0193429781835959,-0.0619094899331013,-0.113323483236391,0.0101220676868385,0.121216036725656,0.0323241817167286,0.0746792987791581,-0.0892849374493654,-0.156493345424797
"29",-0.0460362679876054,-0.181901401374869,-0.0824784071219552,-0.0600148721497092,0.0192966610181169,0.0444873797040312,-0.111420268708195,0.00780978014904586,0.166831897229513,0.0167911095226758,0.0888701188517346,-0.048400284767868,0.00056667063969838,0.244227985507012,-0.125813617231275,-0.170937027118997,0.0546966514474668,0.153278234838631,0.106627824583873,0.256093061162051,0.0189757872790174,-0.0849075477906508,-0.0740823499735659,0.0671330368169972,-0.0208608439242604,-0.0748318973113596,-0.133725902460924,0.150779236865076,1,0.194928141525224,0.0973374771603901,0.253966401258334,0.0226463773400127,0.0206665511985158,-0.0258422532784381,-0.0323913714745643,-0.0522977659861195,-0.282201261020323,0.0448861338405068,0.210528659381241,0.059360773173399,0.0588040764049733,0.0771485113731554,-0.0682085690325636,-0.0128804762575348,-0.0570913793498898,0.0143742561909483,0.141456218073308,0.216151435255319,0.0891504946446089,-0.0481189001081504,-0.0349731273270963,-0.0489022347240106,0.0980531826008858,-0.04391422430151,0.0599596977105749,-0.0946899107931905,0.115437620104549
"30",0.0677015073911876,0.163261450673121,0.174592710943845,-0.0640647076579685,0.112694729278579,-0.141899402277204,-0.0813839384582758,-0.0991980805342811,0.187997474838439,0.0465407242294816,0.0860779383369448,-0.0112996152369975,0.183326111104266,0.327241443062279,-0.00095596617745516,0.0532883799468854,0.124744665826224,0.224582961925061,-0.0258251039718643,0.0896892616378136,-0.10462892972042,0.283796066100394,0.0310432035857094,-0.0314922204173893,0.0392500543326708,0.02291856206144,0.145599232910886,0.414792355783076,0.194928141525224,1,0.096734274984666,0.237317130382307,0.0827227417692889,0.0670856567018429,-0.0948716169584806,-0.143557278554561,0.0816434283509689,-0.214367647830695,0.0747847594896492,0.0744432250116387,0.0355257779886402,0.0724331644485735,0.0167463343731219,-0.0271250851798935,-0.116879067540899,0.0948212939591642,0.0525644885517463,-0.00239602524794643,0.126224759081075,0.248040826041659,-0.0505566282056172,-0.0916268830788805,0.0646334936148191,0.090186278860403,0.211282199990709,0.117556059189148,-0.208488622702099,-0.140901936472902
"31",-0.213215272575797,-0.160754996653374,-0.0965002926758048,0.0817388597735067,0.125381114473701,0.0966227140287545,-0.0224984643101027,0.0419778101057362,-0.12159467666884,-0.0252022604213727,-0.0920784793427825,-0.0814599880257068,-0.140910788127575,-0.068020184883325,-0.0394147871268311,0.0420722799087679,0.289614144171438,0.0466916075706017,0.342926279644826,0.0175202403495732,0.196790384008067,-0.144947080855246,-0.0144675085360176,0.0310845724376538,-0.0459155413612164,0.120953175266569,-0.0789605564741576,0.0923621052315355,0.0973374771603901,0.0967342749846661,1,-0.00062209805708473,-0.0443648566712945,-0.138911324662045,-0.00172499907842362,0.0318835160645179,0.110682833120149,0.0257730411887028,-0.0247246758759203,-0.163045166898894,-0.042567622130118,-0.0768023358772839,-0.0350215347899101,0.116946064305024,0.18557234523602,0.175198054429472,-0.0853756708789243,-0.127820496045089,-0.0450346181488991,-0.129570489443646,-0.237753855620849,-0.0790826589507611,0.0112796760957583,-0.00940842128471541,0.163178733038066,-0.0214260054558743,-0.113571867754804,0.0287897670136091
"32",0.116689833774435,-0.0221571229528946,0.0660785525981713,0.0524374171629603,-0.248256596264838,0.146420666064155,0.0526781257528262,-0.0943041670716808,-0.114933476121386,0.0500440418586914,0.0929531544029319,-0.0504941770392059,-0.146305253913876,0.24538295023755,-0.0596378008159959,-0.0378342067924293,-0.0268132070212703,0.383939529944409,0.201595459100008,0.457086955147482,0.0929149075566447,0.331163973417933,-0.163853227969542,0.00401362337768488,-0.0409543906323989,-0.128635438390509,0.0405097127144009,0.105513222196306,0.253966401258334,0.237317130382307,-0.00062209805708473,1,0.114830453018071,0.166718052737805,0.0823789602351777,-0.125200867142391,-0.0253042669861514,-0.37885299944307,0.0961606202698958,0.171614832867303,-0.0245663285303343,0.0934305109022718,-0.140088670281205,-0.29177092310057,0.123595578265367,-0.0934299226379969,0.0239219802941926,0.131669460679479,-0.0491006677513904,0.0179159907294218,-0.138265415777038,-0.00494331165834575,-0.0911063372080147,0.0391710481646394,0.0728636567525878,-0.225691534761679,-0.13214585330684,-0.217971586994096
"33",0.0913196507277915,0.247925478711394,-0.0785685481445583,0.0860595449565668,-0.116763384406437,-0.09889788870864,0.0790128609368323,-0.227698705930147,-0.132186696348655,0.0855593043477147,-0.0381715238237922,0.307836165952896,-0.00879021539403488,0.295735411055126,-0.103907750473835,0.0524588970495298,-0.00289281879154427,0.100030330311732,-0.048292307498657,0.025271028770457,-0.0179467244649995,0.190613548370698,0.00228669393451881,-0.269208524675781,0.126000111615094,-0.214533727731131,0.0902247667823187,0.141668856232177,0.0226463773400127,0.0827227417692889,-0.0443648566712945,0.114830453018071,1,0.361003402776761,0.101941073316434,-0.168381701053867,-0.065349340951237,-0.226242616607603,0.323782249130903,0.239977654016737,0.0896898180227549,0.0509582069085744,-0.129746991654656,-0.339745417534617,-0.112027646005602,-0.316107506075653,0.0216243376081473,0.137035990434067,0.109364804277257,0.0219146058098615,0.0307667890383717,0.0448827644036015,-0.0319211300293925,0.0440986443795356,-0.00764009157018126,-0.191239583585592,-0.0632648656643238,-0.202633335788645
"34",-0.00061070782900755,0.286904231446092,-0.00626581032264601,0.202537579996189,-0.260188683235462,0.10560097650411,0.117932320840401,-0.259412159412544,0.0500837840906148,0.192914319049445,0.155065602189685,0.205187088896338,0.115391421319153,0.207333234270332,0.00499468664782485,0.0418593878384784,0.00133482491966507,0.0867194937242569,0.099265634295096,-0.00907533057058887,-0.0308548712820068,0.15466147614904,0.0306780210160867,-0.00346622544602864,0.101140975847562,-0.0862137580430716,0.0180756780628862,0.0757845557328309,0.0206665511985158,0.0670856567018429,-0.138911324662045,0.166718052737805,0.361003402776761,1,0.0510576092181718,-0.100023487836784,-0.190204678360698,-0.259195314707467,0.112737075532376,0.336444409457904,0.00385576664218395,0.0738188225040787,0.0123415486338313,-0.225363316896127,-0.0759294123882443,-0.104357873269631,0.0345518644487032,0.145999077029079,0.201595580912444,-0.0127900128880512,-0.0535992824399425,0.140107060258712,0.227879481228194,0.0473636191837809,0.0521819648936291,-0.077979494043692,-0.122973725758852,-0.183702935107212
"35",0.0329385898094215,0.0473372769119807,-0.0567281786054688,0.200716161833654,-0.0722237260910936,-0.0556916513504132,0.112747097440596,-0.0108819527356772,-0.082184268097523,0.03579882543583,-0.0734119028401641,0.112188379146499,-0.22286328369814,0.026560011407644,-0.117300329749053,-0.185051265531,-0.20547768937583,0.114954651514802,0.196971569786199,0.108221663778051,-0.134994663583983,0.103269611093654,-0.231271014452394,-0.0688181718771211,0.0440355084920314,-0.0408910744081793,0.00401914609223976,0.261531348410466,-0.0258422532784381,-0.0948716169584806,-0.00172499907842362,0.0823789602351777,0.101941073316434,0.0510576092181718,1,0.0953733429228377,0.159604562983648,-0.0196737364168455,-0.0378197536163278,-0.0750694553711316,-0.0556981060967821,-0.0313377662021556,-0.146170003863692,0.0218804528578012,0.320810764053422,0.0160507388380099,-0.158864412201488,-0.104843057535348,-0.223414232266633,-0.166405151006464,-0.0602088775210433,-0.190293469440779,0.00455481386201033,0.0222770295696575,-0.0541587984129735,0.124450155723172,0.0638729218812449,-0.0632384575902141
