"","l_Insular.Cortex","r_Insular.Cortex","l_Amygdal.Area","r_Amygdal.Area","l_Bed.Nucleus.of.the.Stria.Terminalis","r_Bed.Nucleus.of.the.Stria.Terminalis","l_Hippocampus","r_Hippocampus","l_Orbitofrontal.cortex","r_Orbitofrontal.cortex","l_Entorhinal.Cortex","r_Entorhinal.Cortex","l_Frontal.Association.Cortex","r_Frontal.Association.Cortex","l_Globus.Pallidus","r_Globus.Pallidus","l_Glomerular.Layer.of.the.Accessory.Olfactory.Bulb","r_Glomerular.Layer.of.the.Accessory.Olfactory.Bulb","l_Glomerular.Layer.of.the.Olfactory.Bulb","r_Glomerular.Layer.of.the.Olfactory.Bulb","l_Granule.Cell.Level.of.the.Cerebellum","r_Granule.Cell.Level.of.the.Cerebellum","l_Hypothalamic.Region","r_Hypothalamic.Region","l_Entorhinal.Cortex","r_Entorhinal.Cortex","l_Vermix.Molecular.Layer.of.the.Cerebellum","r_Vermix.Molecular.Layer.of.the.Cerebellum","l_Lateral.Molecular.Layer.of.the.Cerebellum","r_Lateral.Molecular.Layer.of.the.Cerebellum","l_Anterior.Olfactory.Bulb","r_Anterior.Olfactory.Bulb","l_Posterior.Olfactory.Bulb","r_Posterior.Olfactory.Bulb","l_Subiculum","r_Subiculum","l_Perirhinal.Area","r_Perirhinal.Area","l_PreLimbic.System","r_PreLimbic.System","l_Primary.Cingular.Cortex","r_Primary.Cingular.Cortex","l_Primary.Motor.Cortex","r_Primary.Motor.Cortex","l_Retrosplenial.Cortex","r_Retrosplenial.Cortex","l_Secondary.Cingular.Cortex","r_Secondary.Cingular.Cortex","l_Secondary.Motor.Cortex","r_Secondary.Motor.Cortex","l_Striatum","r_Striatum","l_Ventral.Tegmental.Area","r_Ventral.Tegmental.Area","l_Substantia.Nigra","r_Substantia.Nigra","l_Thalamus","r_Thalamus"
"1",1,0.109757486560821,-0.0369953142706776,-0.0010017950854757,-0.0714399534319511,0.0114334655563261,0.0910257892350268,0.157657797666683,0.317086560520588,0.0595533881285086,0.107038602260506,-0.00471903767945499,0.244278707982049,0.014963228325619,0.102765238676886,0.194522248065135,0.0431266341759022,-0.190983009963992,0.0445922250670396,-0.117042301112663,-0.031129913407177,0.0966604471721881,0.153051413498114,-0.10282740324188,0.127004006458348,-0.154407682005758,0.0110995543672067,-0.0816141933286218,0.105977620971734,0.195611202659375,0.133617249155978,-0.0356122945313552,0.198189173090618,0.113668806692632,0.11057024546373,-0.00910800292408536,0.159638314256492,0.088519453066941,0.0617090993326138,0.0358638547134223,0.0293511015322226,0.0664465728687651,-0.0507957090144583,0.154489019497644,0.0514851798032088,0.0679154288984419,0.134489779307831,0.0996758505182524,0.0538014009315485,-0.0552348950926973,0.188992938982518,0.165216520439306,0.319107323927537,0.0346760285029002,0.182242974181865,-0.0354233665536538,-0.0166944673760903,-0.0337056199797147
"2",0.109757486560821,1,-0.0305410334137288,0.0320511697082011,-0.0675205028363541,0.0858470262056376,0.00763765360848492,0.0228832799557023,0.0733103319172346,0.308620696918398,0.0171688828736238,0.175856727133621,0.070994149007182,-0.0949537844490983,0.156770376315768,0.0295554299593368,0.0601687040789942,-0.00465083887535964,0.187216100300383,0.0666674408856529,0.0747230523783696,0.0360583841080615,0.0182111279131978,-0.211862561097038,0.185504704989054,0.160812287429913,0.0884594936791943,-0.00370605664921894,0.18834312825699,0.163574888286138,0.114311324615583,0.0573247573367535,0.214831144794495,0.224513220502097,-0.0217921034698726,0.0045932616788859,-0.113574691731331,-0.0611687145568606,0.292804498814863,0.253295800154329,-0.0337500826766153,-0.157912169615503,0.0830291791786262,-0.00923171029582776,0.025455748344906,-0.050235147129848,-0.151248227600872,-0.163730910039612,-0.0202491393914327,0.0665935917424789,-0.031274815580489,0.0432340381903895,0.00031641977728327,-0.191413870136588,0.0752670818663773,0.0458496220246527,-0.143430590414742,-0.14329096840094
"3",-0.0369953142706776,-0.0305410334137288,1,0.038129521424967,0.256654850872615,0.160045156086541,0.175343444406037,0.15552660276996,-0.105298296896442,-0.131204607522152,0.0910777653720625,0.100324807030052,-0.135530997362865,-0.0642986162537293,0.103197349013017,0.133797910345638,-0.0621017532572168,-0.0282303286586041,0.0867184495474458,0.136107472106197,3.47183002285387e-05,-0.0297916859228086,0.0725563105778432,0.116738936540615,0.0881550461145278,0.124575131339134,0.0630344122002478,0.341540398797388,0.0465400860738601,-0.0873937242006583,0.0106116150660181,-0.00246888655917894,0.0157075433233321,-0.0256368281420372,0.0473640122686459,-0.0523445863370161,-0.0890491728344698,0.0208703047240048,0.0918449355549475,0.191925982199886,0.0276572605436484,0.101211677852997,0.0266176394877816,-0.0343803268659859,-0.0791269655441482,-0.186101840297867,0.103253309657105,-0.119688802145586,-0.0478287763692915,0.122441783372875,-0.0209761486701693,0.135894201546226,0.102513545562817,0.174290179430097,0.0234735909241856,-0.014682330854824,0.0127082455850978,0.0137158153487533
"4",-0.0010017950854757,0.0320511697082011,0.038129521424967,1,0.119716978815902,0.0334659293972701,0.00548207365065242,0.0215995858601621,0.0996100875093579,0.097783726375014,-0.111417109770921,-0.103206049798994,0.00769986016376683,-0.0984545374475071,-0.0568308025933446,-0.218130610841441,0.119525855058566,-0.00767829843793887,0.206737581737211,-0.0103285360238687,0.0549349312275779,-0.0846604169636638,0.018602403914015,-0.079683889343769,0.0839585638145918,0.302985518977883,0.0945560578570082,0.0102836266156881,-0.0883559791476934,0.0692799908394435,0.0309386271520468,0.0272651584592301,-0.075104589275217,-0.0570749451017033,-0.121733420040947,0.00225020536218839,-0.0914224934553864,0.00186895531641316,-0.0437187289529724,0.0547920771879021,-0.0383746513520189,0.0660810164970032,-0.0110995451749821,0.201839412543991,0.140262421728639,0.0840063733232162,-0.0581691729447733,0.0407781129574868,0.0847795553358601,-0.0889580322723313,0.0499840509063715,0.0860826561683672,0.0878643996725844,0.139423452066165,0.0524841007930821,0.0888698431550015,0.149507770353391,0.0446175761982066
"5",-0.0714399534319511,-0.0675205028363541,0.256654850872615,0.119716978815902,1,0.0951860365048368,0.2292527493326,0.00861875769139805,0.0628019721166918,-0.00685786468034497,-0.0661603191130348,-0.0375352703559172,-0.125510165100499,0.0493962961455234,0.0919069426755977,0.0111922960735083,-0.107745400196805,0.0717447889018371,-0.00731970977338915,0.0580789433299972,0.13734966699831,-0.0273304761827958,0.265496504512849,0.178646460385538,0.19088023479563,0.174700855499704,0.119109930454279,-0.0462390376733553,-0.143568158668526,0.0202490858121035,0.036586089241801,-0.00855817531286011,-0.0911161009421024,-0.0823794054727104,0.115455991980828,-0.027728708591502,0.0758078849312351,0.0563252963906236,0.0285443147945943,0.0472552123455854,-0.143709407763513,0.0023709137945437,0.167230630745125,0.13229657245807,0.0663920264627451,0.0450181491077649,-0.00694763286057134,0.0649387301965399,-0.116825647582534,0.1393720178788,0.172755009002886,0.103977277225308,0.158026834418739,0.152434622484649,0.0915842534287782,-0.121356764269613,0.130519398329642,0.147454455837971
"6",0.0114334655563261,0.0858470262056376,0.160045156086541,0.03346592939727,0.0951860365048368,1,0.00695802235303334,0.142747185577044,-0.166074832756368,-0.0463811455419026,-0.0473396240486016,0.188144428796857,0.0149250151087078,-0.019028627345969,0.0862990959193714,0.0172076060274833,-0.0689765274641511,-0.106214592028242,0.0110191719590887,0.177208867227969,-0.0633452959553773,-0.135443482830792,-0.00886456251271733,0.0697126709389729,0.0662697142245754,0.153779528432819,0.0430213124206451,-0.0161676486046915,0.0911824348108218,-0.0300799740620209,0.0977416418582004,-0.117176407925918,0.0415021498537443,0.282087469602299,0.149221157150508,-0.00368167737388695,0.00088245976124419,0.156693835738671,0.0918882054378848,0.0968206896485224,-0.0566122691801324,-0.0471489306997395,0.00182338220176516,-0.108412175939559,-0.0746718350821542,-0.201063180720932,-0.0890336173259597,-0.178613591573981,-0.0422396734644504,-0.145609595887903,0.112987671924787,0.0660588489747585,0.0483368618971958,0.0396344273280878,-0.0312219241561358,0.104289273532825,-0.257234190206335,-0.0159379855758159
"7",0.0910257892350268,0.00763765360848492,0.175343444406037,0.00548207365065242,0.2292527493326,0.00695802235303334,1,-0.017964725519336,0.0864604161319088,-0.0772427309246217,0.320207783198738,-0.00614267195432258,0.0429068964719357,-0.00036755320245959,0.176439818086429,0.0161681812535382,-0.115857837257926,-0.0525259891038497,0.132015787219963,0.201145142491996,0.0928525991892585,0.151928000364414,0.027801016629807,-0.10488485089415,0.214106775269509,-0.0530570098501689,0.311220537493729,-0.0104357734977672,-0.14584564116267,-0.0142387837483425,0.246866144902644,0.00479573131350484,0.14542074805623,0.177016751641389,0.331905766948011,0.221807567345231,0.241013391185564,0.0923178239309694,0.0580602619061098,0.171809787017351,0.0924216357227793,0.129928123034734,0.048195203102789,-0.0259594292599292,0.0837856501333887,-0.00946977327373779,-0.0398144151668668,-0.0722971872436376,-0.101650733933296,0.0895550189652325,0.230887868038059,0.0288268481630517,0.151565184162489,0.00339495356644477,0.0261983140900819,0.0890471864287969,0.03445705791257,0.0280886257451728
"8",0.157657797666683,0.0228832799557023,0.15552660276996,0.0215995858601621,0.00861875769139805,0.142747185577044,-0.017964725519336,1,-0.101497364798172,0.0378268998593588,-0.0388365009692309,0.0483986625533218,0.0467316027902641,0.286569269781939,0.03748903704043,0.16441213005472,0.118710967898822,-0.0648817887377186,-0.0336065763006013,0.111788070137582,0.0565119841060869,-0.0193487009267465,-0.16723989448129,-0.0133169219537648,0.02525762057767,0.142324675075658,0.101966944376016,0.0217111319776791,0.0881709843541913,-0.0290516094136386,0.0431431872983264,-0.0682758796108846,-0.051572992141009,-0.00953862183280791,-0.144212495757084,0.142908057103774,0.144396172953974,-0.00380722969806992,-0.00727172672426915,0.191000422417741,0.175428544029184,0.102315563181892,-0.0213201522076981,0.117714334553774,-0.166719808347611,-0.168330139714493,0.204908840599738,0.0757510724927763,0.0721997887499037,0.067352994903021,0.167772901468598,0.116518967999334,0.116357499115431,0.0595238787823503,0.13725380864184,0.127022767113355,0.0283481331759808,0.0536463846041329
"9",0.317086560520588,0.0733103319172346,-0.105298296896442,0.0996100875093579,0.0628019721166918,-0.166074832756368,0.0864604161319088,-0.101497364798172,1,0.312746544791962,-0.00924688968777579,0.0595935871561477,0.246218009863336,0.0614772704585192,0.175848245754319,0.057582208479247,0.133934548730281,-0.0440189393838105,0.163497551440991,-0.117059368749194,-0.0112215086627841,-0.00538721742435514,0.0960679218816838,0.131038773937498,0.182743607713036,0.0472185975919038,0.0510890374913653,0.00410478752605097,0.0653096386046142,0.145373955019722,0.346916729010615,0.011773060487015,0.0633104960098772,0.054957380045805,0.0898979117202942,-0.0482193370978905,-0.0118309913712629,0.038872017177936,0.119750815499796,0.0629094854038335,0.0892517198719996,-0.0855775323516413,0.408489788005126,0.174225715495828,0.158704983005521,0.0803122297757401,0.121559399154514,0.287687752322129,-0.00265224399194777,-0.0167781082313499,0.0265832230193316,0.0698924471045924,-0.0232037114944693,-0.117994251312626,0.195529533212851,-0.00192235020702324,-0.0350777378194949,-0.051053689543841
"10",0.0595533881285086,0.308620696918398,-0.131204607522152,0.097783726375014,-0.00685786468034497,-0.0463811455419026,-0.0772427309246217,0.0378268998593588,0.312746544791962,1,-0.03737344989093,-0.0932501868230106,0.0145187395527028,0.0323644230682548,0.0370632031087111,-0.038156910623073,-0.124930203041941,-0.125606008712922,0.0708273664923731,-0.127324646044673,0.112870733615773,-0.0850265756359689,-0.0675656499743805,-0.0419239426670087,0.141537822986602,-0.207200702025208,0.00119498284467457,0.0624164073070623,0.106140549633901,0.0792645711632211,0.0770619398052274,-0.0469846982543259,0.0821318042668259,0.0116129892795537,0.068046822918605,0.0657032030107207,-0.0700880497082125,0.0116803778107373,-0.0601141439825023,0.1744807558183,0.146103762278597,-0.185114217248709,0.284261283850457,0.209864031925925,0.37977711101015,0.20847338846609,0.0929482385760505,0.0799203689383953,0.18160572058411,0.0224819858814123,0.0700659933279394,0.152920142241777,-0.0567020597701889,-0.107805740012788,-0.0448996760216683,0.0351107186247357,-0.123948234901342,0.010927725495772
"11",0.107038602260506,0.0171688828736238,0.0910777653720625,-0.111417109770921,-0.0661603191130348,-0.0473396240486016,0.320207783198738,-0.0388365009692309,-0.00924688968777579,-0.03737344989093,1,0.183781655294308,0.0163416955671861,-0.0655513955703389,-0.0481562501806297,0.103831294798526,-0.17906993537321,-0.00560892808903593,0.265574548939625,-0.0166375378462929,0.126589932247359,0.155207500087165,-0.107546283000042,0.130499677243316,0.109309474793593,-0.179219028840773,-0.0142580820608051,-0.0540658426771212,0.131990792970453,-0.10806234360768,0.1350152370889,-0.0394798949975418,0.232115831817637,0.237415161180251,0.130326117437472,0.198069925038829,0.157830151907503,0.204701961424236,0.104623290672994,0.0259709341866306,0.084839606996041,0.115558370050175,-0.00016455054953647,-0.137538673291754,-0.201216237477694,-0.111852355086696,-0.110822289797723,-0.0895688933900691,0.00353302757495161,0.162342585126058,0.0572135555589194,0.128950182226763,0.0422527334958139,-0.0319236036809467,-0.116347461641987,-0.0399591579388901,-0.0350108756874519,0.023617363028371
"12",-0.00471903767945499,0.175856727133621,0.100324807030052,-0.103206049798994,-0.0375352703559172,0.188144428796857,-0.00614267195432258,0.0483986625533218,0.0595935871561477,-0.0932501868230106,0.183781655294308,1,0.0256376387823691,0.0780905585316928,-0.0113120434957481,0.0509112141715896,-0.113221880857903,-0.0352566599715165,0.176902182363759,-0.0110226506951602,-0.0755115626954755,0.0199664823618469,-0.03905742156154,0.277664535659009,-0.045865796437424,0.147554457258249,0.169964358351348,0.034252841276716,0.15866642359219,0.0673626037719654,0.201671560062843,0.101533040810325,0.200996819939846,0.0765438490895075,0.0722153935046155,-0.00139599363382637,-0.0110580140426803,0.0543491100257601,0.262079005162943,0.186509800591727,-0.040178358189319,-0.0575155381329364,0.157808411940086,-0.114117798354701,-0.0673207270881008,-0.0885381422753002,-0.0851964497239529,0.0349921706485733,-0.11729580251669,0.151604180449312,0.0253588726937281,0.0676442059777912,-0.128748231759542,0.0173312588584317,-0.0535784478492276,0.0583904550211412,-0.215537205186159,-0.139865907120022
"13",0.244278707982049,0.070994149007182,-0.135530997362865,0.00769986016376683,-0.125510165100499,0.0149250151087078,0.0429068964719357,0.0467316027902641,0.246218009863336,0.0145187395527028,0.0163416955671861,0.0256376387823691,1,0.0523240028118678,0.279906905413062,0.0654024392330398,0.404670824437459,-0.113580421881832,-0.0815626108678753,-0.0630486417039205,-0.0148335519198252,0.0396660247200676,-0.104817780525079,0.0819315874798784,-0.00557924444193498,0.0662761939825019,0.147830278934126,-0.105270813935529,0.0496767195199474,0.118454161399397,0.222955476325112,0.0936502318416427,0.16360749783523,0.106754935474944,0.0350087323916007,0.00430560528539479,0.02409768996675,0.0698282526134149,0.122263336507543,0.131913548120975,-0.0456967165638285,-0.0190576845651088,-0.00362573481792942,0.0228001277104524,0.0781901341649286,0.127450837583411,0.0444706979119035,0.13414006717265,0.342242104010362,-0.130429810061465,0.138287182009369,0.220264748854019,-0.0576555281607334,-0.0187385276319072,0.119987099975027,0.214028374778532,-0.00684890634234613,0.184434600961079
"14",0.014963228325619,-0.0949537844490983,-0.0642986162537293,-0.0984545374475071,0.0493962961455234,-0.019028627345969,-0.00036755320245959,0.286569269781939,0.0614772704585192,0.0323644230682548,-0.0655513955703389,0.0780905585316928,0.0523240028118678,1,0.175988660710061,0.144718470718758,-0.0389077816448282,0.309799730242264,0.032623947293408,0.0343337942015791,0.225053954721312,-0.00313882450149648,-0.22082158752963,-0.0104956218235948,-0.223117683714657,-0.0123141935728666,0.103233342340157,-0.00182039963712548,-0.0287228246502851,-0.0171345726224269,0.0182276112603079,0.0637480291695689,0.0409374457831407,-0.110076685810074,-0.249306335075091,0.0194934836452058,-0.0768680044320273,-0.00617348835338132,-0.179392949879185,-0.00954480839704889,-0.0587361299423659,0.0167318260266947,-0.0524701087699644,0.192283848012169,-0.0203185595101927,0.0157569801799842,-0.00502040177290342,0.0616962684218922,-0.13789206801139,0.490293095811194,0.0922601961344074,0.0958281744942687,-0.0828888965145432,0.056764795575364,-0.0292548806860218,-0.0415268513297615,0.0606702014153035,0.00610187586717233
"15",0.102765238676886,0.156770376315768,0.103197349013017,-0.0568308025933446,0.0919069426755977,0.0862990959193714,0.176439818086429,0.03748903704043,0.175848245754319,0.0370632031087111,-0.0481562501806297,-0.0113120434957481,0.279906905413062,0.175988660710061,1,0.0584950090529576,0.0712197875191929,0.191401861208458,-0.0128483438082945,-0.00064971233394576,0.0545978645573876,-0.0190733677021493,-0.101459275027669,-0.169310623073182,-0.11204474036219,0.0524857510038902,0.0218078806833827,-0.00800781957029973,0.078429792948334,0.164844410586752,0.0682258746426643,0.108757158047133,0.0619740470386806,0.17051552722809,0.018942303535127,-0.00386955075189884,0.127204172375646,0.0515835812502837,0.0847183470872505,0.20012296215306,0.0303106501262616,0.054446397280239,0.138274870268894,0.143142671420969,0.126335323569009,0.1013884219412,0.0723713820408359,-0.0421339096957964,0.0876739063358436,-0.0234041826451929,0.189737998275782,0.242412063620225,0.138524136167458,-0.0836095147762444,0.186744407345412,-0.11514237117476,-0.0528613040024708,0.195885467025851
"16",0.194522248065135,0.0295554299593368,0.133797910345638,-0.218130610841441,0.0111922960735083,0.0172076060274833,0.0161681812535382,0.16441213005472,0.057582208479247,-0.038156910623073,0.103831294798526,0.0509112141715896,0.0654024392330398,0.144718470718758,0.0584950090529576,1,-0.0565934389443011,0.188185863200991,0.077493458237781,0.0909511540509906,-0.0150023293612398,-0.00165783325458494,-0.0826147748788732,0.176980062974546,-0.0227296869373788,0.00295725629737624,0.0134818564468214,0.134231175374188,0.0418587054821667,0.00265567458854791,0.0793603763271058,0.0691553055638493,0.00438403130152475,-0.0539659746783434,-0.11313777019176,-0.00510170771404808,-0.0219234117505057,0.0827182427963261,0.0941654089751418,-0.094359006837579,-0.0315005467427711,-0.0391859828752952,-0.0856540975360774,-0.203205702762665,-7.87841589824674e-05,0.0033957738947156,0.0569937474144936,0.0430836978879402,-0.0443004356225896,0.0626773229544171,-0.0070549776669481,0.150528344236121,0.038326752409741,0.0383452964866448,-0.00047972360325254,-0.0382283072273663,-0.0454813540313851,-0.125952096416573
"17",0.0431266341759022,0.0601687040789942,-0.0621017532572168,0.119525855058566,-0.107745400196805,-0.0689765274641511,-0.115857837257926,0.118710967898822,0.133934548730281,-0.124930203041941,-0.17906993537321,-0.113221880857903,0.404670824437459,-0.0389077816448282,0.0712197875191929,-0.0565934389443011,1,0.0663932881558282,-0.0947216012739536,-0.104000789374875,-0.0187445939354546,0.138172621830444,-0.104264886019194,-0.00667966028146208,0.0894202763697917,0.148779377431165,0.0348982876782798,0.105668061383037,0.11461429204944,-0.0812850991175055,0.0346851843919249,0.0419834639082877,0.0537322452295939,0.132165808036397,-0.0272516999608842,0.0356797071071857,0.137941601412702,0.00918211577670283,0.175330346638216,0.237945376707368,-0.0815766357030371,0.00791177703403695,-0.122370438764421,0.0869073821793673,-0.0693040198840051,-0.067538623859001,-0.0272771124860251,-0.00784627209267222,0.159336386604753,-0.188934514367401,-0.0610550315558666,0.00864420124053118,-0.107962780971847,-0.064735083516814,0.151056974678531,0.0910549688806866,-0.0195897558168367,0.0624051562951159
"18",-0.190983009963992,-0.00465083887535964,-0.0282303286586041,-0.00767829843793887,0.0717447889018371,-0.106214592028242,-0.0525259891038497,-0.0648817887377186,-0.0440189393838105,-0.125606008712922,-0.00560892808903593,-0.0352566599715165,-0.113580421881832,0.309799730242264,0.191401861208458,0.188185863200991,0.0663932881558282,1,-0.0252208112328605,-0.0942472815006483,0.142641109613918,0.0336735131549268,-0.153541613431294,-0.119144377357446,-0.213845719492578,-0.0395120949531785,-0.167868093635419,-0.123181118233195,0.0148300218398279,0.00572165777652689,-0.047192064863968,0.0504090600929129,0.0273808628922275,-0.240400501873576,-0.287051636887628,-0.00046844881153451,-0.0990758092983606,-0.0549928740596365,-0.169698557120724,-0.210498801029036,-0.074259614890886,-0.0343123785837318,-0.00030420235373329,0.0305976459185392,-0.0286008876653176,-0.0897705843693822,-0.00199464534078171,-0.133871353527783,-0.046700364769575,0.219160891394471,-0.20052484621807,0.032234246501549,0.0622079696650538,-0.0361179043727589,0.0479798711829402,-0.0740448814271354,-0.0196974789223191,-0.0153616005094407
"19",0.0445922250670396,0.187216100300383,0.0867184495474458,0.206737581737211,-0.00731970977338915,0.0110191719590887,0.132015787219963,-0.0336065763006013,0.163497551440991,0.0708273664923731,0.265574548939625,0.176902182363759,-0.0815626108678753,0.032623947293408,-0.0128483438082945,0.077493458237781,-0.0947216012739536,-0.0252208112328605,1,0.229711494730177,0.113451243036605,0.0825340708898009,-0.0608764850074255,-0.163132855881243,0.296018156935059,0.088653293729941,0.0707763522442772,-0.0546009006381376,0.211717931490577,0.128704265512558,0.310818162015808,0.24190599552123,0.259969486682005,0.154564621966702,-0.00223819735461714,0.142811960955727,0.0787284015987117,0.202247509764055,0.15390421484025,0.161425140017937,0.048877107346724,-0.0193837201036491,0.00784337751326249,-0.0865762269857107,-0.0829120338067347,-0.0994978738628975,0.104085939922382,-0.118868543463092,-0.084234583134574,-0.0105439599970364,-0.0593814604523047,0.0213080389541558,0.045097048048036,-0.0418291963173528,0.0362405291659259,0.0314971971264806,-0.0282570192801416,-0.0822430676331006
"20",-0.117042301112663,0.0666674408856529,0.136107472106197,-0.0103285360238687,0.0580789433299972,0.177208867227969,0.201145142491996,0.111788070137582,-0.117059368749194,-0.127324646044673,-0.0166375378462929,-0.0110226506951602,-0.0630486417039205,0.0343337942015791,-0.00064971233394576,0.0909511540509906,-0.104000789374875,-0.0942472815006483,0.229711494730177,1,-0.0958209529137087,0.107143922245362,0.0220449031745169,-0.118018115059156,0.120959805234844,0.162307944220361,0.0769694732038066,0.0698957461208961,0.0296705865246715,0.103733143613973,0.202343458703843,0.34567093616464,-0.0790293466256732,0.191334773581206,0.0960175001967558,-0.0514883006825797,0.0589916120294863,-0.061436188478695,0.110883977915243,0.188844409204296,0.0182391730329116,0.0275484798939003,-0.0752509094984121,-0.129801608407559,-0.0740368179430136,-0.06655178511847,-0.116600241984191,-0.149004014867768,-0.118551619816384,0.0230870696999055,0.0987767039685618,0.0907437536626849,-0.0129335719319561,-0.0254712657166216,0.0379958997880694,0.0514667376453472,0.0599298883751798,-0.105516730370711
"21",-0.031129913407177,0.0747230523783696,3.47183002285387e-05,0.0549349312275779,0.13734966699831,-0.0633452959553773,0.0928525991892585,0.0565119841060869,-0.0112215086627841,0.112870733615774,0.126589932247359,-0.0755115626954755,-0.0148335519198252,0.225053954721312,0.0545978645573876,-0.0150023293612398,-0.0187445939354546,0.142641109613918,0.113451243036605,-0.0958209529137087,1,0.0926732069760421,-0.187452485994333,0.019081972677525,-0.0255401889665732,0.0381811911622043,0.0268323659442124,-0.121645115374802,0.0069489390466643,0.158658949183909,-0.0542971600588049,-0.0911414316993846,0.0457189951887668,-0.0180734365470268,0.0437667615224303,-0.0833965411782878,0.060321443059872,0.0546378095896145,-0.180209362850394,0.151307469987871,-0.182443284761437,-0.0705212610728445,-0.135175061549778,0.00355456308804663,0.0948672469801112,0.0736355952798321,-0.0438890180843376,-0.144810524432418,0.00481211667358242,0.237829380349904,0.0906656452296162,-0.00708151175450052,0.0250510101683417,-0.0202485590689627,-0.0356857087183396,-0.162840352453453,-0.0164964111068106,0.0153917349850011
"22",0.0966604471721881,0.0360583841080615,-0.0297916859228086,-0.0846604169636638,-0.0273304761827958,-0.135443482830792,0.151928000364414,-0.0193487009267465,-0.00538721742435514,-0.0850265756359689,0.155207500087165,0.0199664823618469,0.0396660247200676,-0.00313882450149648,-0.0190733677021493,-0.00165783325458494,0.138172621830444,0.0336735131549268,0.0825340708898009,0.107143922245362,0.0926732069760421,1,-0.0364877439216665,-0.135925600346013,0.0369582313309422,0.00057095324023628,0.0106293071534574,0.0930621747936734,-0.138009467288807,0.160213538710867,-0.0244782375785981,0.198871050953424,0.1763530076758,0.168419824519107,0.0142834084741309,-0.00939470695598908,0.132536061822558,0.106855743699458,-0.00982356121516483,0.0706582153925081,-0.0719398101359894,0.0526257865501353,0.0988718193301772,-0.0318683493121609,-0.118432821617523,0.158625380929469,-0.0834721931199542,-0.0471575682907001,0.0124578306493411,0.0284979111445887,0.0219948602155779,-0.156063270314683,0.143960270960081,-0.0621180617290769,0.104778341353945,-0.0181847494951892,0.0520507464281637,0.0215679861117848
"23",0.153051413498114,0.0182111279131978,0.0725563105778432,0.018602403914015,0.265496504512849,-0.00886456251271733,0.027801016629807,-0.16723989448129,0.0960679218816838,-0.0675656499743805,-0.107546283000042,-0.03905742156154,-0.104817780525079,-0.22082158752963,-0.101459275027669,-0.0826147748788732,-0.104264886019194,-0.153541613431294,-0.0608764850074255,0.0220449031745169,-0.187452485994333,-0.0364877439216665,1,0.169226199735824,0.245697900150534,0.0448859604022401,0.0301548119441674,0.0836363618659688,0.141853954522734,-0.14578271963606,0.0207215509144688,-0.235052361526799,-0.113151493074486,-0.189069976299266,0.0376662711203255,-0.184996007242668,-0.0226607809828759,-0.159638931454356,-0.0843237868081701,-0.158065943727879,0.00126536625055773,0.0525271474182006,0.0234471009313779,0.0999779722462047,0.083402593210303,0.0672696720604739,-0.0226511464335435,0.0763462329120635,-0.0727752906264599,-0.0159670597443831,-0.0318841171455093,-0.0732096572869278,0.176818943163485,0.189204505802991,0.21429091900222,-0.105245470288613,0.111705102871763,-0.00797748894347374
"24",-0.10282740324188,-0.211862561097038,0.116738936540615,-0.079683889343769,0.178646460385538,0.0697126709389729,-0.10488485089415,-0.0133169219537648,0.131038773937498,-0.0419239426670087,0.130499677243316,0.277664535659009,0.0819315874798784,-0.0104956218235948,-0.169310623073182,0.176980062974546,-0.00667966028146208,-0.119144377357446,-0.163132855881243,-0.118018115059156,0.019081972677525,-0.135925600346013,0.169226199735824,1,-0.132977408864402,0.0101312858766019,-0.0525742414162763,0.119450254226453,-0.163709956703309,-0.0865137994822429,0.0162962405502832,-0.135228552473522,-0.163759665254244,-0.0960379937932709,0.0343534106849874,0.0278454069673278,-0.00562652016639457,-0.0831266112978325,-0.0387412222029187,-0.0585648176369832,-0.149958904341328,0.00668477314792701,0.0204596400808574,-0.153096556970307,0.0558545153007489,-0.0331115884422673,-0.141952136976061,0.14759715828938,0.0825021383782527,0.0667217734096968,-0.0929981119755309,-0.0628304679077528,-0.0651638333796915,0.214499453988827,-0.0780213311951678,0.0305840444506701,0.0582959504077526,-0.0359465135673516
"25",0.127004006458348,0.185504704989054,0.0881550461145278,0.0839585638145918,0.19088023479563,0.0662697142245754,0.214106775269509,0.02525762057767,0.182743607713036,0.141537822986602,0.109309474793593,-0.045865796437424,-0.00557924444193498,-0.223117683714657,-0.11204474036219,-0.0227296869373788,0.0894202763697917,-0.213845719492578,0.296018156935059,0.120959805234844,-0.0255401889665732,0.0369582313309422,0.245697900150534,-0.132977408864402,1,0.0472292613250543,0.183963349858258,0.0644412223927525,0.134225286893039,-0.175552302966436,0.244818170127034,0.108987425656894,0.185892448192943,0.270551215638129,0.356182433067641,0.250363216173271,0.379834140476392,0.180474187707816,0.214903273540868,0.122369869156531,0.207516037883062,-0.11421335073522,0.0603035735269752,0.0558000018729119,-0.00458324539590251,-0.0978254611878863,0.0278945019001176,-0.176265409761436,0.00753649456042463,-0.184089312092313,0.117227499424534,-0.0486235399886108,-0.0238078636531115,-0.127615154844688,0.0638956161796197,0.0464254406034549,-0.0441491745724249,-0.0491404753185808
"26",-0.154407682005758,0.160812287429913,0.124575131339134,0.302985518977883,0.174700855499704,0.153779528432819,-0.0530570098501689,0.142324675075658,0.0472185975919038,-0.207200702025208,-0.179219028840773,0.147554457258249,0.0662761939825019,-0.0123141935728666,0.0524857510038902,0.00295725629737624,0.148779377431165,-0.0395120949531785,0.088653293729941,0.162307944220361,0.0381811911622043,0.00057095324023628,0.0448859604022401,0.0101312858766019,0.0472292613250543,1,0.0659046884891156,-0.0245827736541462,0.00970305041789685,-0.10338468167852,0.0782297520891084,0.178605218806218,0.0323856162446294,-0.0302380268940472,-0.116829953906386,-0.053333676356434,0.0181930967018151,0.117600423421729,0.326583453811798,0.212777867422862,-0.0078960543961609,-0.0389076440790981,0.080254138509653,0.0749492372238264,-0.254458899926391,-0.0983848562937751,-0.0268709355542289,0.0368254164800322,-0.0700537850711837,-0.0579216664584081,0.0491571923390134,0.0697912698773794,0.0209828312193311,0.0950833491463122,0.049827621310804,0.0531775669821927,-0.111224424173308,0.0596775556040961
"27",0.0110995543672067,0.0884594936791943,0.0630344122002478,0.0945560578570082,0.119109930454279,0.0430213124206451,0.311220537493729,0.101966944376016,0.0510890374913653,0.00119498284467457,-0.0142580820608051,0.169964358351348,0.147830278934126,0.103233342340157,0.0218078806833827,0.0134818564468214,0.0348982876782798,-0.167868093635419,0.0707763522442772,0.0769694732038066,0.0268323659442124,0.0106293071534574,0.0301548119441674,-0.0525742414162763,0.183963349858258,0.0659046884891157,1,0.0373858217771605,-0.0311835563589524,0.0229178770177766,0.139707664881483,0.0913907263950563,0.225919368749127,0.0732511297190234,0.286070673332808,0.184015498493997,0.17692605705668,0.196610151515106,0.223761147425656,0.0459884134002635,-0.011005752222501,0.147221038901967,0.0943986900260282,0.00948405768508374,0.154832973296524,-0.00827899326053272,-0.0678337281175843,-0.0730751686537586,-0.0623914610841181,0.14536678455249,0.11321398581636,-0.0264308734287135,-0.129036781814806,0.0237628188131774,-0.115612755061312,0.166298060241789,0.0546287798994903,-0.122205707145729
"28",-0.0816141933286218,-0.00370605664921894,0.341540398797388,0.0102836266156881,-0.0462390376733553,-0.0161676486046915,-0.0104357734977672,0.0217111319776791,0.00410478752605097,0.0624164073070623,-0.0540658426771212,0.034252841276716,-0.105270813935529,-0.00182039963712548,-0.00800781957029973,0.134231175374188,0.105668061383037,-0.123181118233195,-0.0546009006381376,0.0698957461208961,-0.121645115374802,0.0930621747936734,0.0836363618659688,0.119450254226453,0.0644412223927525,-0.0245827736541462,0.0373858217771605,1,0.0312215228922473,-0.0267984148435942,-0.00151344512518486,0.195861687186286,0.101347426124143,-0.0210527148652823,0.00963710557055022,-0.195700865301531,-0.0597528634234975,-0.0526643975111009,0.0853245374702709,0.0665040103851458,0.133931264681178,0.13896989559478,-0.0177756535830511,0.0385628166718093,-0.00248563375965384,-0.0764025658730212,-0.0195048578112956,-0.0145773157297175,-0.0163159842349495,0.088470883546846,0.0577925881107643,0.174048915109959,-0.146734877410779,-0.142693945068737,-0.00444468066112173,-0.0761312657043949,0.046529767843465,-0.117568585345503
"29",0.105977620971734,0.18834312825699,0.0465400860738601,-0.0883559791476934,-0.143568158668526,0.0911824348108218,-0.14584564116267,0.0881709843541913,0.0653096386046143,0.106140549633901,0.131990792970453,0.15866642359219,0.0496767195199474,-0.0287228246502851,0.0784297929483341,0.0418587054821667,0.11461429204944,0.0148300218398279,0.211717931490577,0.0296705865246715,0.0069489390466643,-0.138009467288807,0.141853954522734,-0.163709956703309,0.134225286893039,0.00970305041789685,-0.0311835563589524,0.0312215228922473,1,-0.0453531132013685,0.118574184613696,-0.0207617710988479,0.0400152519692361,-0.116143229286377,-0.129234155163548,-0.117273697048495,-0.062282794576979,-0.202749025294518,0.140973389545911,0.0500387523883574,0.17299983298646,0.00541100054944214,0.0229126956440559,-0.0178304992947914,-0.0516428085177555,-0.0235439962324655,0.0748038110345057,-0.0383425633997778,-0.12269904743814,0.0171410497421663,-0.159131145055832,0.0495181659673164,-0.0651038317545798,0.184945229358201,-0.0551206676588625,-0.157554944482847,-0.271500755144533,-0.125841401449518
"30",0.195611202659375,0.163574888286138,-0.0873937242006583,0.0692799908394436,0.0202490858121035,-0.0300799740620209,-0.0142387837483425,-0.0290516094136386,0.145373955019722,0.0792645711632211,-0.10806234360768,0.0673626037719654,0.118454161399397,-0.0171345726224269,0.164844410586752,0.00265567458854791,-0.0812850991175055,0.00572165777652689,0.128704265512558,0.103733143613973,0.158658949183909,0.160213538710867,-0.14578271963606,-0.0865137994822429,-0.175552302966436,-0.10338468167852,0.0229178770177766,-0.0267984148435942,-0.0453531132013685,1,0.115516767120675,0.241999822275643,0.0161339173169703,0.0709055039636855,-0.0504539052119208,-0.147057858645303,-0.0515875305933156,0.0336070048241315,-0.109135556327896,0.0230027610171257,-0.101999258876476,0.107597136151623,0.236820263987391,-0.0713027019244678,0.16625714415815,0.165509483158454,0.0004247430881538,-0.0079527911498839,-0.0910849482896557,0.100699488152732,0.0910443114037364,0.0926939975337398,0.0784213450969854,-0.0295723564506606,0.105298176137332,0.111627438828969,-0.100374807235262,-0.0607186589038095
"31",0.133617249155978,0.114311324615583,0.0106116150660181,0.0309386271520468,0.036586089241801,0.0977416418582004,0.246866144902644,0.0431431872983264,0.346916729010615,0.0770619398052274,0.1350152370889,0.201671560062843,0.222955476325112,0.0182276112603079,0.0682258746426643,0.0793603763271058,0.0346851843919249,-0.047192064863968,0.310818162015808,0.202343458703843,-0.0542971600588049,-0.0244782375785981,0.0207215509144688,0.0162962405502832,0.244818170127034,0.0782297520891084,0.139707664881483,-0.00151344512518486,0.118574184613696,0.115516767120675,1,0.043096997817869,0.137909877984092,0.233054668036636,0.0549281864255891,0.0100868052127943,0.132590957560848,0.100420308249997,0.141701985194906,0.0845720564099107,0.157193305148899,-0.0993409388695868,0.189124926500875,-0.0557560211832564,0.0877651875915079,0.101862014573582,-0.0381287882291986,0.170893069094026,0.133919111913937,-0.217398846333944,-0.035421172104649,0.0848572887802241,0.0187638528890967,-0.126639972613278,0.135688741922272,0.102767670399418,-0.0464891582919413,-0.149030610818275
"32",-0.0356122945313552,0.0573247573367535,-0.00246888655917894,0.0272651584592301,-0.00855817531286011,-0.117176407925918,0.00479573131350485,-0.0682758796108846,0.011773060487015,-0.0469846982543259,-0.0394798949975418,0.101533040810325,0.0936502318416427,0.0637480291695689,0.108757158047133,0.0691553055638493,0.0419834639082877,0.0504090600929129,0.24190599552123,0.345670936164639,-0.0911414316993846,0.198871050953424,-0.235052361526799,-0.135228552473522,0.108987425656894,0.178605218806218,0.0913907263950563,0.195861687186286,-0.0207617710988479,0.241999822275643,0.043096997817869,1,0.110118784961828,-0.00418854867233455,-0.0113641903341916,0.0368514492697595,0.140819683314915,0.0411707198817981,0.114761136895846,0.108178647083172,-0.014656786781345,0.0585572605802694,0.100813892497974,0.0726162390444639,-0.0239294263313209,-0.11603398080618,-0.0789540380132116,-0.0990281373275209,-0.0487480119006927,0.0748243032331808,0.0165110258003804,0.147830369000903,-0.094481734169756,-0.0654082038677614,0.00017892695713313,0.0901711692238225,0.0162447362188595,-0.127544643311433
"33",0.198189173090619,0.214831144794495,0.0157075433233321,-0.075104589275217,-0.0911161009421024,0.0415021498537443,0.14542074805623,-0.051572992141009,0.0633104960098772,0.0821318042668259,0.232115831817637,0.200996819939846,0.16360749783523,0.0409374457831407,0.0619740470386806,0.00438403130152475,0.0537322452295939,0.0273808628922275,0.259969486682005,-0.0790293466256733,0.0457189951887668,0.1763530076758,-0.113151493074486,-0.163759665254244,0.185892448192943,0.0323856162446294,0.225919368749127,0.101347426124143,0.0400152519692361,0.0161339173169703,0.137909877984092,0.110118784961828,1,0.182017830630473,0.21727200774895,0.0745325924469297,0.106656668063718,0.286696877637187,0.353296767050224,0.291600540626821,0.223995832091397,0.115121002564279,0.0436531066781468,0.113731704808836,-0.163863517285772,-0.190736234619965,0.103691388146175,-0.0772939494608501,0.102840699824584,0.0756592756500089,0.162771326351113,0.232051079248464,-0.028095597601016,-0.244635801531407,-0.0162152587933957,0.11595556014843,-0.0882618628717771,0.0136194256110247
"34",0.113668806692632,0.224513220502097,-0.0256368281420372,-0.0570749451017033,-0.0823794054727104,0.282087469602299,0.177016751641389,-0.00953862183280791,0.054957380045805,0.0116129892795537,0.237415161180251,0.0765438490895075,0.106754935474944,-0.110076685810074,0.17051552722809,-0.0539659746783434,0.132165808036397,-0.240400501873576,0.154564621966702,0.191334773581206,-0.0180734365470268,0.168419824519107,-0.189069976299266,-0.0960379937932709,0.270551215638129,-0.0302380268940472,0.0732511297190234,-0.0210527148652823,-0.116143229286377,0.0709055039636855,0.233054668036636,-0.00418854867233455,0.182017830630473,1,0.411518345623824,0.235044095533045,0.338684696743771,0.430912290283398,0.333831975215322,0.296468775778044,-0.0333052215748667,-0.037237933571601,-0.00847843062322543,-0.088858017622327,-0.166249139221498,0.0190681794519806,-0.270031505748608,-0.224933701259722,0.0787142246295414,-0.192389136636922,0.186049559087188,0.179794058848252,-0.0642115723016072,-0.401291559962102,0.00599058456166908,0.130738737424811,-0.0858734041669005,-0.0576286915079674
"35",0.11057024546373,-0.0217921034698726,0.0473640122686459,-0.121733420040947,0.115455991980828,0.149221157150508,0.331905766948011,-0.144212495757084,0.0898979117202942,0.068046822918605,0.130326117437472,0.0722153935046155,0.0350087323916007,-0.249306335075091,0.018942303535127,-0.11313777019176,-0.0272516999608842,-0.287051636887628,-0.00223819735461714,0.0960175001967558,0.0437667615224303,0.0142834084741309,0.0376662711203255,0.0343534106849874,0.356182433067641,-0.116829953906386,0.286070673332808,0.00963710557055022,-0.129234155163548,-0.0504539052119208,0.0549281864255891,-0.0113641903341916,0.21727200774895,0.411518345623824,1,0.156208647639759,0.323343876241284,0.170082718582571,0.159451049727246,0.0530360321307029,-0.019797799073327,-0.281180856363953,0.0138380057483172,-0.0929136888819797,0.0633650355634074,-0.0575073464292328,-0.141752557416313,-0.191928332629298,0.0962555920176808,-0.185105077590097,0.132982797349372,-0.0369341517822712,-0.10728791869607,-0.230896961885607,0.0202804536228842,0.0674625587936849,-0.222261938424383,-0.0647224429773359
