"","l_Insular.Cortex","r_Insular.Cortex","l_Amygdal.Area","r_Amygdal.Area","l_Bed.Nucleus.of.the.Stria.Terminalis","r_Bed.Nucleus.of.the.Stria.Terminalis","l_Hippocampus","r_Hippocampus","l_Orbitofrontal.cortex","r_Orbitofrontal.cortex","l_Entorhinal.Cortex","r_Entorhinal.Cortex","l_Frontal.Association.Cortex","r_Frontal.Association.Cortex","l_Globus.Pallidus","r_Globus.Pallidus","l_Glomerular.Layer.of.the.Accessory.Olfactory.Bulb","r_Glomerular.Layer.of.the.Accessory.Olfactory.Bulb","l_Glomerular.Layer.of.the.Olfactory.Bulb","r_Glomerular.Layer.of.the.Olfactory.Bulb","l_Granule.Cell.Level.of.the.Cerebellum","r_Granule.Cell.Level.of.the.Cerebellum","l_Hypothalamic.Region","r_Hypothalamic.Region","l_Entorhinal.Cortex","r_Entorhinal.Cortex","l_Vermix.Molecular.Layer.of.the.Cerebellum","r_Vermix.Molecular.Layer.of.the.Cerebellum","l_Lateral.Molecular.Layer.of.the.Cerebellum","r_Lateral.Molecular.Layer.of.the.Cerebellum","l_Anterior.Olfactory.Bulb","r_Anterior.Olfactory.Bulb","l_Posterior.Olfactory.Bulb","r_Posterior.Olfactory.Bulb","l_Subiculum","r_Subiculum","l_Perirhinal.Area","r_Perirhinal.Area","l_PreLimbic.System","r_PreLimbic.System","l_Primary.Cingular.Cortex","r_Primary.Cingular.Cortex","l_Primary.Motor.Cortex","r_Primary.Motor.Cortex","l_Retrosplenial.Cortex","r_Retrosplenial.Cortex","l_Secondary.Cingular.Cortex","r_Secondary.Cingular.Cortex","l_Secondary.Motor.Cortex","r_Secondary.Motor.Cortex","l_Striatum","r_Striatum","l_Ventral.Tegmental.Area","r_Ventral.Tegmental.Area","l_Substantia.Nigra","r_Substantia.Nigra","l_Thalamus","r_Thalamus"
"1",1,0.25230934224102,0.0107500905455484,0.0598666593391252,0.110948189909725,-0.0602876995043354,0.090745596576865,0.139040871688209,0.299944895984206,0.21424353892887,-0.0483162906957485,-0.0598589992263248,0.0486112183481296,0.0506429105186955,0.270543723547469,0.149516249039545,-0.193223633458249,-0.0399572106040926,0.129485915804905,-0.0157632800348505,0.00305474223515809,-0.0356024348745294,0.140343721585225,0.129630430225325,-0.0524284664057847,0.144951692538948,-0.00324028702849096,0.121895203690411,0.0980054397240612,0.0643431949665911,0.215749152517062,0.074141760812766,-0.0319098087377413,0.00450166207220156,-0.0455425900054924,0.00904202380183187,-0.0885946610354597,-0.0455844729047108,0.010625746089074,-0.00601584382831373,-0.0796249143471816,0.00609567858194258,0.0467122623190733,-0.00016576356368656,-0.269092882434045,-0.175804765451805,-0.136866523368173,0.0767436433561631,-0.0323741524278959,-0.0185791132148398,0.293471629721288,-0.0977644545454224,0.167841971251199,-0.017766405319444,0.0663978989339252,0.0382115219489972,-0.00202751729271297,-0.0650218878942383
"2",0.25230934224102,1,-0.0211617229262451,0.177872660165239,0.03354598648647,-0.202474741753782,0.0503751991367695,0.0528452187731114,0.169407546709877,0.377988777120739,-0.00204856212115038,0.161859252186645,-0.196118464440482,0.0486348335573131,-0.0667155145501942,0.194087752086949,-0.0792164822752462,0.0206931135242488,0.0784779807562552,0.151094429707378,0.158361321199446,-0.0327231775366585,-0.106815305965914,0.226324404122512,0.0487028253162922,0.114645613296027,0.139984318830409,-0.0855500166587858,0.129410669583197,0.0250540543942123,0.159550025991902,0.233819177715353,0.0595298010656029,0.0819006996565309,-0.0627064886268428,-0.0591947166123211,-0.108433694077734,-0.00255276985473505,0.0410698757184742,0.145906264128447,-0.0625846538071264,0.0283542823708433,0.0871168925095474,0.222371658814681,-0.178468715426703,-0.0317118617419796,-0.0608192953245775,-0.115994506056765,-0.0717782149487775,0.0446974017373586,0.116965239666705,0.195570083719352,-0.0110156782676575,0.137007442652104,-0.0264094633506785,0.0249721437232533,0.0212244804188555,-0.0736304236391974
"3",0.0107500905455484,-0.0211617229262451,1,0.0666233193822767,-0.0339764195906012,0.00420888529508573,-0.119116811174723,-0.0660061588987607,-0.115271344037575,-0.0123862259332422,0.0561319719705781,0.0851418828207312,-0.0643383062578009,0.0986409985064931,-0.00120852988218151,0.155526155026446,-0.0566094254663866,0.0560479986504934,-0.0796333096888131,0.0114738223222128,-0.0889994984493213,-0.0822714691971922,0.039508611665677,-0.043255914218459,0.267204590239927,-0.0440104178471462,0.0160598413043734,0.181692169651188,0.0886959727725565,-0.033056041347078,-0.0526496099167025,0.175011816483834,0.0186770846840027,-0.108117589776716,-0.00791201505012084,-0.108371009870831,0.0550747497543713,0.0538071316108774,0.0194378106661962,0.0726001948837642,-0.099964782079556,-0.148218866753052,-0.187358264754545,0.0633621650812073,0.0314610848264206,-0.2747936047601,-0.071668989284212,0.0174858582838956,-0.21065702529954,0.104062903866544,0.119340004266945,0.0533408643217845,-0.0205630793630443,0.0426728837149796,0.145365520686411,0.00383941708486447,0.0495876555331568,-0.0783984543970695
"4",0.0598666593391252,0.177872660165239,0.0666233193822767,1,0.0633070577120138,-0.22528464220789,-0.107823258174958,0.020693224150544,0.170466257465947,0.242348518658996,0.0819771375485896,0.307313398129681,-0.115517400093178,0.1204292677146,0.123368590308895,0.0820778027179462,-0.167309538917687,-0.116163846015412,-0.103563539533637,0.167447226269328,0.141540030537334,-0.0485281576581365,0.0176055924002642,0.0246992788429156,0.0661447849807832,0.284782990584904,0.143124623042504,-0.0606763184213707,-0.011809942274102,0.0815435549485745,-0.126783431570703,0.1857207326203,-0.0463992904082149,0.108771005228323,-0.161628290328425,-0.107974571953333,-0.0755583032278904,-0.087554148641422,0.0402021897015249,-0.0175919542997802,-0.16415419955306,-0.163339738643154,0.0285032588035046,0.0434416150126424,-0.165427022311113,-0.132253085622606,0.0192870505402198,-0.0063215417990386,-0.238801281904584,-0.0398755784956375,0.0600106201642628,0.179164563364345,-0.0211769523254519,0.0412061745841992,0.0334955502484054,0.215030740679257,-0.0718390072365526,0.042872125567389
"5",0.110948189909725,0.03354598648647,-0.0339764195906012,0.0633070577120138,1,0.249108798247274,0.219988131599631,-0.0406298648176582,0.094000794686374,-0.0299483902641579,0.0485321490016827,-0.168848876411807,0.00333223472147107,-0.071121190298117,0.0506180691709988,0.00644957441034449,-0.0694630584508518,0.0594439831239903,0.0138537978866874,0.108819572878982,0.10446426617826,-0.0926126296891868,0.109516554404873,0.017700504062418,0.161536791541521,0.156732540244237,0.170530649215388,0.00703631196002558,0.0443491421567943,0.180739044236369,-0.096164652661535,-0.101765125318752,0.107604606240682,-0.244064294173559,0.164807789440566,0.0456701813510546,0.104653040419901,0.0603093350336801,0.119692868697101,0.0964071481590771,-0.118535893309761,0.157770198906336,-0.00980581885743723,-0.0931844672066763,0.0162775592985921,0.060045767773341,-0.0644253485518066,0.0867963547007196,-0.255589006163477,-0.0844496303587066,0.265540863169458,0.110448764254782,0.126400901374552,0.219234549326588,0.0676159902843323,0.159614231723002,0.196809900402754,0.182919337559735
"6",-0.0602876995043354,-0.202474741753782,0.00420888529508572,-0.22528464220789,0.249108798247274,1,0.109141891111574,0.0278097690320776,0.017489323728454,-0.202509784361533,0.134770032689464,-0.0865028815434375,-0.0603629388330178,-0.163840629964621,-0.0942771705667893,-0.0078403863489745,0.0102336259202764,-0.156623486862694,0.0022780607346197,0.161663232181887,-0.046099067307532,0.157007823929417,0.254769708618377,0.112979568209463,0.074481123447415,0.0347163464002023,-0.0967383336530809,0.17552059856797,-0.136983880928255,0.141734255379353,0.112536545863277,-0.0440518432064041,0.0691616905766511,0.0004721175948608,0.151353778411501,0.0829187958226405,0.0907385076699683,0.042815504720686,0.113496295369133,0.125999111760871,0.112005104763393,0.143629042502969,0.023997601154003,-0.129017779362307,0.160448004495765,0.131176137721691,0.118874085738469,0.0469058386722928,-0.0629008548481964,-0.046249745930811,0.118764982644856,0.0981623488884398,-0.036640259033289,-0.0298195386042237,-0.0405068443022942,0.0860831062189717,0.0724213790392312,0.0653867975221987
"7",0.090745596576865,0.0503751991367695,-0.119116811174723,-0.107823258174958,0.219988131599631,0.109141891111574,1,0.201371865624082,0.0258982056616215,0.0978281936597056,0.061783006732521,-0.0827229580773921,-0.00720321638716975,-0.067137518928999,0.200696076893731,0.019312158873277,-0.0985168583498833,-0.0654527019727148,0.0723889500201204,0.0548144409127427,0.0966149773353896,-0.0858352144276347,0.086096112809744,-0.101685263036816,0.0352031753328839,-0.0105795027792379,0.0719577395288988,0.0776049951814619,0.0584569944080415,0.091452707437688,0.0126084064355437,-0.143288013898185,0.169694551831305,-0.227395589273187,0.40745554653733,0.175864370462479,0.413488481728319,0.213382166380145,0.14765486354579,0.0457588843823304,0.195483798323545,0.141498110071724,0.105069238011049,0.211328273109672,0.324951088989006,0.166706645134833,0.186999080465755,0.0704459293382419,0.0598436918118806,-0.00052925392043711,0.164749108316308,0.0743531688956995,0.190358678912933,0.10786262761268,0.218354081555703,0.183890075452646,0.226662789016549,0.109300114517744
"8",0.139040871688209,0.0528452187731114,-0.0660061588987607,0.020693224150544,-0.0406298648176582,0.0278097690320776,0.201371865624082,1,-0.0908770865639641,0.13678384606456,0.167392551463423,-0.103889174364967,0.0654174732222937,-0.0201886571793781,0.219455691247091,-0.0239537278093492,0.0303304555503375,-0.119289337060791,0.0420642414463677,-0.0462479075828522,0.0409870525362295,0.0890245702690599,-0.00310340779559477,0.0650291048060763,-0.105569891896851,0.202343741511678,-0.0705002366381833,0.00358386693975557,-0.0202422328458226,0.0640351526419809,0.150555927205004,0.0936989090868537,0.0123470530472059,0.111421489261068,0.197649712982856,0.415054602439033,-0.0600948035443807,0.292980528294712,0.0937652781212682,0.163933464905264,0.105265680056228,0.133861670336901,-0.022456409957184,0.0340871919253377,-0.0416067103545081,0.08034464625517,0.112810813441999,0.153523018039791,0.0813920762877226,0.077969339397228,0.194325060654411,0.0265129063217201,0.0600086815532561,0.096931755115323,-0.00792310419677806,0.0791150060308225,0.0555654338961199,0.203893200123538
"9",0.299944895984206,0.169407546709877,-0.115271344037575,0.170466257465947,0.094000794686374,0.017489323728454,0.0258982056616215,-0.0908770865639641,1,0.292727253614867,-0.0216809613965838,0.0492955769240657,0.132550440341013,0.181269146614593,0.0759741300877357,0.144514674010618,-0.18311053951047,-0.0775614577913528,0.089289031087038,0.129651620285834,-0.00569885360944841,0.0491986736662234,-0.00728434723783459,0.220451750600976,-0.035305913612513,0.229428026020408,0.0813202702440389,-0.15022390411607,0.0446869023491229,0.0686631557614501,0.232416083844436,0.104689729361008,-0.0168025395729069,0.0960615473822573,-0.066741834238772,-0.138707484266408,-0.132643432175588,-0.101495101743306,0.073209725315723,0.0885627172691323,-0.121864952015735,-0.0314778648422674,0.226155061631342,0.11206490441279,-0.191327700746104,-0.00748835211085378,-0.0683661141210532,0.051506488636718,0.0603153078772397,0.0939730764434985,0.0219495687273439,0.0260183652284703,0.0234423389592594,0.0343745338091638,-0.00403290576639847,-0.0952134538324255,-0.150188821682289,-0.104915150142006
"10",0.21424353892887,0.377988777120739,-0.0123862259332422,0.242348518658996,-0.0299483902641579,-0.202509784361533,0.0978281936597056,0.13678384606456,0.292727253614868,1,-0.0550591916734927,-0.0298639048916762,-0.0693241058234602,0.128931399938264,0.0744905643570027,0.163910414627859,-0.16055014428706,-0.00613582322073522,-0.158137861976472,-0.0171512386655274,0.132531110748803,-0.0191448609014082,-0.0193270859438368,0.161881182380023,0.0496069915718406,0.0622097562274179,0.118524086526985,-0.0765375976178754,0.157136461356225,0.153392322174745,0.0261855065551235,0.113973671683839,-0.0683227200615617,-0.0422082675701837,-0.0524220107721585,-0.0819830360448122,-0.0628604480288771,-0.03610383261286,-0.0759165983284369,-0.00845567525861451,-0.16897289629986,-0.0318317939928716,0.06414082118907,0.329776683370562,-0.257276994589784,-0.273645478350411,-0.0725333206465585,0.0172411256946912,-0.0330179542906538,0.0674173862071043,0.0421451585448901,0.0361704375222142,-0.0906628357947648,-0.0687974983547221,-0.00010372228445732,-0.101425462680431,0.110068143385284,-0.0741494602149073
"11",-0.0483162906957485,-0.00204856212115038,0.0561319719705781,0.0819771375485896,0.0485321490016827,0.134770032689464,0.061783006732521,0.167392551463423,-0.0216809613965838,-0.0550591916734927,1,0.0673377179044689,-0.0351776147427835,-0.00779886977775949,-0.114619879248774,0.0470823677687,-0.093274111362883,-0.0942445755451514,0.152792127221236,0.0869218048149724,-0.0207117866639868,0.113719032115979,0.169131724393778,0.0311285757240569,-0.0902201867271816,0.170897053438572,0.194664513623006,0.150921670220302,-0.104572465666684,0.0383944625429664,0.297358944350343,0.145113910268438,0.119418666072045,0.0596255188804027,-0.1196590741348,0.116694314756857,-0.0749314542250405,-0.0706690289112574,0.136885534927661,0.040306419649133,0.207758361172649,0.0864996392610303,-0.0524863410206308,-0.0668812718765631,0.0798635262977096,0.0362858001496173,0.244991817243733,0.106099039151854,0.0406749335480807,0.0917357283488464,0.00589237689773454,0.00336222977504413,0.156598919793188,0.116438830744586,0.100483352629032,0.150482175089408,-0.0584102966170149,0.190695333039062
"12",-0.0598589992263248,0.161859252186645,0.0851418828207312,0.307313398129681,-0.168848876411807,-0.0865028815434375,-0.0827229580773921,-0.103889174364967,0.0492955769240657,-0.0298639048916762,0.0673377179044689,1,-0.124482623270712,0.106418653537941,-0.0187865566292259,0.158208489732458,-0.192634546570039,0.0668974458720855,-0.083992704504251,0.0701661856543802,-0.00678257105920177,-0.034531574951394,-0.180381504210149,0.124189420924484,0.0900716675000208,0.177957937794185,0.0276234816742378,-0.106374864905789,-0.0292795213336221,0.0662855509203109,0.0955073314902681,0.231777154700381,-0.0373348322157013,0.283500976030289,-0.0620678543520443,0.0364488246336371,0.0477942277333813,0.0685793224647241,0.190585421118098,0.0868889159525356,0.0728636476305399,0.193316548866905,-0.0201832427397622,-0.0447714542646794,-0.0199777777690385,0.109723861553873,0.0622225256872766,-0.0731236786078561,-0.0639954397091737,0.132665971450227,-0.0214580325982708,0.249755960691023,-0.0753280837642505,-0.0424729937531673,-0.141103803024827,-0.0131401720243516,-0.0645118577482251,0.0231334824281779
"13",0.0486112183481296,-0.196118464440482,-0.0643383062578009,-0.115517400093178,0.00333223472147107,-0.0603629388330177,-0.00720321638716975,0.0654174732222937,0.132550440341013,-0.0693241058234602,-0.0351776147427835,-0.124482623270712,1,0.155886449517527,0.164990117437402,0.0163320651898648,0.281102703145283,0.0799302501358648,0.155586879146654,-0.242600639998389,-0.203057888541412,0.1064979854029,-0.0816944654374381,0.0871551352565992,0.128476957997482,0.0369778324942791,-0.0911653910132881,-0.0513155067115852,-0.175699324534882,0.0516608558357537,-0.010656666766665,-0.132619231300935,0.213009362780052,0.0655217816795034,0.0587602815861792,0.0512022762408404,0.0708291628152287,0.0746981987817798,0.185742184402349,0.235069463265732,0.173508670760234,0.289262706695837,0.0905778622008608,-0.168726303669613,0.0741099190394365,0.00997846170516984,-0.0319199387986975,0.0901576241204258,0.619546678577902,0.216798005836395,0.0106349821309055,-0.0131727426233422,0.138112155233307,-0.0545132921082656,-0.100302009314228,-0.052045140654532,-0.220664225444589,0.0189908831316364
"14",0.0506429105186955,0.0486348335573131,0.0986409985064931,0.1204292677146,-0.071121190298117,-0.163840629964621,-0.067137518928999,-0.0201886571793781,0.181269146614593,0.128931399938264,-0.00779886977775949,0.106418653537941,0.155886449517527,1,0.00027375979597227,0.0691123341280105,0.0430070213611998,0.523783254951629,0.205989532346968,0.0307000929179538,-0.0955360951922307,-0.229544902189577,-0.149813666038318,0.169855765511596,0.0716990303637196,-0.0845884985689576,-0.0300548435853268,-0.0885721535851471,-0.0316695568760345,-0.0770753400911969,0.128314972922511,-0.0153012346614844,0.104231353038609,0.136463950565986,-0.0220912464415533,-0.0133813286662995,-0.146895703657641,-0.231729552054401,-0.081033117733581,0.0864265881077824,-0.0288254136914205,0.0847352721519314,0.00695693465290203,-0.033752335215605,-0.0385292547174073,-0.290055696607263,-0.137696514471206,0.0362671289691367,0.113550648631158,0.76667447804129,-0.081511407619321,-0.167348203206109,0.0259391624138162,0.125524842921128,0.0450297364742356,-0.0348068336444466,-0.00298512848430855,-0.0592661786692333
"15",0.270543723547469,-0.0667155145501942,-0.00120852988218151,0.123368590308895,0.0506180691709988,-0.0942771705667893,0.200696076893731,0.219455691247091,0.0759741300877357,0.0744905643570027,-0.114619879248774,-0.0187865566292259,0.164990117437402,0.00027375979597227,1,-0.0598949041463676,-0.016047913107566,-0.120919262021398,0.0256692728031109,0.0518998560820187,0.00749301331008754,-0.00667569770312628,0.0480143960228997,0.134068421656561,0.0777717438516587,0.193836325359147,0.0198034521699179,0.0123861597544797,0.0905596891721434,0.0338536381544835,-0.0566331997437133,0.126716901336116,0.240290499544354,-0.0255177667340834,0.0588890287453096,-0.0142985881719212,0.00940102904197407,0.188573053761375,0.0348373190009671,0.0528016415349807,0.0493760673795829,0.110611875573593,0.0844772328252586,0.145781972467816,-0.142906667352519,-0.161299500616941,-0.0394317725270016,0.0420317302427145,0.113029170892784,-0.0592214940247423,0.157934004167032,-0.0194019728191701,0.0805101700545404,-0.0223117132877572,0.0679411908452689,0.0466720224044608,0.132498661518295,0.138494276287993
"16",0.149516249039545,0.194087752086949,0.155526155026446,0.0820778027179462,0.00644957441034449,-0.0078403863489745,0.019312158873277,-0.0239537278093491,0.144514674010618,0.163910414627859,0.0470823677687,0.158208489732458,0.0163320651898648,0.0691123341280105,-0.0598949041463676,1,-0.0107119016203686,-0.0647503742451865,0.0385269999550806,0.148491473924816,0.0606940224238079,0.0721954077331388,-0.128049193129639,0.0278525480256206,0.0714368173185289,0.0101886288818601,0.0531265247921052,-0.00514782150025038,0.096238151100774,-0.0559471373007415,0.0288459939318247,0.00202630543314493,-0.13061563963998,0.0320117148376191,-0.141949339652482,-0.00705802413721103,-0.0129267126909336,-0.184262712034582,0.0681443817438993,-0.0245605427046781,-0.0232115185835959,0.0129319473445554,0.234186677953187,0.0192395701350987,-0.206768567411703,-0.176043154724553,-0.228905308661682,-0.0259537989185348,0.11769792550732,0.0380207624373547,0.133222020392005,0.0936713285707114,0.203868641523182,0.167739869983414,0.113436707220949,0.261461978895872,0.0934157242201204,0.0957055138205978
"17",-0.193223633458249,-0.0792164822752462,-0.0566094254663866,-0.167309538917687,-0.0694630584508518,0.0102336259202764,-0.0985168583498833,0.0303304555503375,-0.18311053951047,-0.16055014428706,-0.093274111362883,-0.192634546570039,0.281102703145283,0.0430070213611998,-0.016047913107566,-0.0107119016203686,1,0.206121534646377,0.0079395839303561,-0.181904400600403,-0.100821861280639,0.0694939798649027,-0.217737501665016,0.156674914532644,0.161058249420179,-0.10070247184907,-0.0622899511140596,-0.0753671676476199,-0.149913947352829,-0.043869165779321,-0.11296379266428,-0.241124997602205,0.0856959556746855,0.036535231232851,0.204167508883044,0.0200877410758381,0.0895684934684622,0.107234020159385,-0.0142521405822488,0.0165734118353104,0.0940747566195937,0.189043392556401,0.0266346625160886,-0.118596338038373,0.124618630546451,-0.0450166297789989,0.0501320712608753,0.103971723398937,0.271935195458757,0.0821533621268076,-0.194048119025608,0.00786525684328501,-0.0475638266701457,0.0533991526928078,-0.00558468525153824,-0.0234052755691749,0.0761770812073636,-0.00932163727519598
"18",-0.0399572106040926,0.0206931135242488,0.0560479986504934,-0.116163846015412,0.0594439831239903,-0.156623486862694,-0.0654527019727148,-0.119289337060791,-0.0775614577913528,-0.00613582322073522,-0.0942445755451514,0.0668974458720855,0.0799302501358648,0.523783254951629,-0.120919262021398,-0.0647503742451865,0.206121534646377,1,0.102059075681677,-0.0642742843596422,-0.1498067328772,-0.155503572326149,-0.2578064581975,0.058535310095625,0.14955321295702,-0.156299516153558,-0.115762475462573,-0.243077788801665,0.0402682626342829,-0.197497778855865,-0.0396358629500614,-0.293907110547776,-0.071349619643164,-0.172013370529869,0.0996889342503619,0.0807493753078039,0.117135080009517,-0.0674959801585159,-0.124479669532921,-0.0847483211198348,-0.0278739295353717,0.192268505395213,-0.114427490069195,-0.157728934202469,0.154016922063956,-0.132351213567393,0.0647078424889717,0.107017923536762,-0.0646583107010543,0.494256841346263,-0.0793662055008146,-0.197689391636849,0.0211800773048819,0.0992709634357786,0.149124299672743,-0.00711426674080297,0.176901204355234,0.00916696945279029
"19",0.129485915804905,0.0784779807562552,-0.0796333096888131,-0.103563539533637,0.0138537978866874,0.0022780607346197,0.0723889500201204,0.0420642414463677,0.089289031087038,-0.158137861976472,0.152792127221236,-0.0839927045042509,0.155586879146654,0.205989532346968,0.0256692728031109,0.0385269999550806,0.0079395839303561,0.102059075681677,1,-0.0134956500736956,-0.155604515732111,-0.0800185729452582,-0.0869244022598966,0.0783077480642508,-0.00465218665730347,0.0466716736543795,0.0342190646690256,-0.024208498138923,-0.00842464410931574,-0.0408369684692545,0.549387102819892,0.0887221183869684,0.162539190929237,0.115602661561416,-0.00184920557489518,0.115009700366108,-0.143935175397422,-0.0877116678449709,0.104889512929517,0.219553332272369,0.242399912428445,0.170405709169226,0.251988079912479,0.110662487640167,-0.0108082204843056,0.0555536782731973,0.0101491099813345,-0.00795742892409384,0.0698309554017377,0.262686024233009,0.010733267166582,-0.0791214963041874,0.34263481599987,0.272642342943634,0.190786791031808,0.235437825141047,0.0895369959335605,0.198536306996769
"20",-0.0157632800348505,0.151094429707378,0.0114738223222128,0.167447226269328,0.108819572878982,0.161663232181887,0.0548144409127427,-0.0462479075828522,0.129651620285834,-0.0171512386655274,0.0869218048149724,0.0701661856543802,-0.242600639998389,0.0307000929179538,0.0518998560820187,0.148491473924816,-0.181904400600403,-0.0642742843596422,-0.0134956500736956,1,0.0210561772705528,-0.0672869086346401,-0.109255680420835,0.10676471815491,0.083433143949659,0.198500200434804,0.0293621700759682,0.0477038937191669,-0.0113344668095904,-0.0907241969000568,0.186584303683068,0.387144439843043,0.113077898773239,0.12823599194438,-0.021297854277995,-0.119954777041259,-0.117504788712932,-0.088621104667464,-0.021766588232159,0.0432089627917305,0.00319456619575433,-0.0784058576689016,0.134564846747143,0.0189892454045906,-0.0792953112371997,0.0362828177953802,0.0175907497604913,-0.0425395417682816,-0.120687831273919,-0.00311133157676569,0.0473629433513375,0.137819343747762,-0.0374061949769608,-0.0202932368734768,0.0698194049199837,0.183005950256891,0.129537378858672,-0.0803090243074244
"21",0.00305474223515809,0.158361321199446,-0.0889994984493213,0.141540030537334,0.10446426617826,-0.046099067307532,0.0966149773353896,0.0409870525362295,-0.00569885360944841,0.132531110748803,-0.0207117866639868,-0.00678257105920177,-0.203057888541412,-0.0955360951922308,0.00749301331008754,0.0606940224238079,-0.100821861280639,-0.1498067328772,-0.155604515732111,0.0210561772705528,1,0.011899333548093,0.0454959976270811,0.0708400136537134,-0.131931544498089,0.0207970951486406,0.170698514213502,0.0300956664641889,0.244286733188791,0.150871717507569,0.0561245711003019,0.0449757285900583,-0.102108440759148,0.0971558821521342,-0.113201437074473,0.040358583914689,-0.0401549559058867,0.0357875612790798,-0.0974282320219292,-0.106242416372031,-0.327049743790675,-0.276314263428824,0.0227581318783441,0.134751761705798,-0.153988432450211,0.0741108803653577,-0.23199920328699,-0.245796210373534,-0.142032820304765,-0.175919790803915,0.0558352656084851,-0.00561846785891971,-0.162699107486766,-0.0487121678464172,-0.00358712584266486,-0.0192020576134131,-0.068201382655512,0.0479751351324602
"22",-0.0356024348745294,-0.0327231775366585,-0.0822714691971922,-0.0485281576581365,-0.0926126296891868,0.157007823929417,-0.0858352144276347,0.0890245702690599,0.0491986736662234,-0.0191448609014082,0.113719032115979,-0.034531574951394,0.1064979854029,-0.229544902189577,-0.00667569770312628,0.0721954077331388,0.0694939798649027,-0.155503572326149,-0.0800185729452582,-0.0672869086346401,0.011899333548093,1,0.268707845591203,0.125741391870967,0.00942999914758017,0.192090524512366,-0.0612816765657995,0.155495286006934,0.0979310045353956,0.00917058458342986,0.00284566956407317,-0.0215024483488248,-0.0415440407561577,0.0314552397838842,0.110931130534851,0.0687959034710312,0.099926722625272,0.243815172475544,0.112890140508818,0.0999799191294029,0.00513894659181203,-0.0555308887610661,-0.0146457525639714,0.0214957887310197,0.0982211321383814,0.130881788674062,0.119092732189982,-0.030067424249218,0.136354039664641,-0.114517849007687,0.0163712391767302,0.0232227373547415,-0.0531708853566707,-0.147823849796504,-0.0228332359102668,-0.0539590211239189,-0.134526148948798,0.0203620277818641
"23",0.140343721585225,-0.106815305965914,0.039508611665677,0.0176055924002642,0.109516554404873,0.254769708618377,0.086096112809744,-0.00310340779559477,-0.00728434723783459,-0.0193270859438368,0.169131724393778,-0.180381504210149,-0.0816944654374381,-0.149813666038318,0.0480143960228997,-0.128049193129639,-0.217737501665016,-0.2578064581975,-0.0869244022598966,-0.109255680420835,0.0454959976270811,0.268707845591203,1,-0.105755284432679,-0.107329863818919,-0.00054302857671471,0.0188911199565616,0.35574956329866,0.0736537080105457,0.113184629759892,0.0603495371093875,0.189380582752628,0.0262189646671097,-0.193778888669556,0.152370461878126,0.133598109481791,0.195915152855364,0.144101076065895,0.0506768458206837,0.0932961985314238,0.101548729087026,0.0264113494828615,-0.0564971175905507,0.0321240012687664,0.116725244654878,0.0896098830316628,0.146292710749931,0.172202782338201,-0.0244300596774271,-0.150280261987027,-0.0203372637878758,0.0373243301455534,-0.0598074049892811,-0.121085401078201,0.0434491821477644,-0.173070934759845,-0.136898299927141,-0.197291969219424
"24",0.129630430225325,0.226324404122512,-0.043255914218459,0.0246992788429156,0.017700504062418,0.112979568209463,-0.101685263036816,0.0650291048060763,0.220451750600976,0.161881182380023,0.0311285757240569,0.124189420924484,0.0871551352565992,0.169855765511596,0.134068421656561,0.0278525480256206,0.156674914532644,0.058535310095625,0.0783077480642508,0.10676471815491,0.0708400136537133,0.125741391870967,-0.105755284432679,1,0.103754423788726,0.190326603832867,0.0494445288548443,0.0105830545752225,-0.14505528436824,-0.0858444409490239,0.212338716149827,0.313686372615509,0.167590436746496,0.324514604555319,-0.0975583735475033,-0.0526290570791533,-0.137186528400917,0.101402038947921,0.105107016192873,0.238096342654951,-0.072055491031913,0.0900923550607455,-0.105809089292197,0.082583428345094,-0.149161917813516,-0.160682909018834,-0.069128920874159,0.0337871359211623,0.0560058723561957,0.163839770665347,0.0194616068545263,0.0650714466339619,-0.309769200874085,-0.186018620625696,-0.153880204069267,-0.184079319977898,-0.119775752450886,-0.139747063735507
"25",-0.0524284664057847,0.0487028253162922,0.267204590239927,0.0661447849807832,0.161536791541521,0.074481123447415,0.0352031753328839,-0.105569891896851,-0.035305913612513,0.0496069915718406,-0.0902201867271816,0.0900716675000208,0.128476957997482,0.0716990303637196,0.0777717438516587,0.0714368173185289,0.161058249420179,0.14955321295702,-0.00465218665730347,0.083433143949659,-0.131931544498089,0.00942999914758017,-0.107329863818919,0.103754423788726,1,-0.0284950038726393,0.123580772327521,0.0981048264223152,0.0465411064978938,0.102743528917493,-0.135438303996039,0.08005329532922,0.0564143467919054,-0.0399337888001824,0.179271530239112,-0.0659229773715687,0.193757028159511,0.14441464062507,0.0491680499131284,0.134995757763994,-0.00052449381682037,0.129091509115595,-0.103531064034269,0.0947689422657916,0.229691575893892,-0.102279158532046,-0.00308710956630577,0.0656646572289577,-0.0332339340241498,0.0996150151233076,0.0931157434961861,0.0816116787468516,0.0109900320597387,0.129091751428524,0.117084414579007,0.123891655165217,0.185706860364618,0.0719234255865801
"26",0.144951692538948,0.114645613296027,-0.0440104178471462,0.284782990584904,0.156732540244237,0.0347163464002023,-0.0105795027792379,0.202343741511678,0.229428026020408,0.0622097562274179,0.170897053438572,0.177957937794185,0.0369778324942791,-0.0845884985689576,0.193836325359147,0.0101886288818601,-0.10070247184907,-0.156299516153558,0.0466716736543795,0.198500200434804,0.0207970951486406,0.192090524512366,-0.00054302857671471,0.190326603832867,-0.0284950038726393,1,0.0407464429232077,-0.0388944854762458,-0.117740240446805,0.0787722547876244,0.0534898951463377,0.175407708886177,0.0184100891425463,0.082380382361604,-0.02192485900739,0.0246944836220228,-0.0896015778584359,0.0925967429279747,0.0975783426460188,0.180224141241136,-0.0163516210431299,0.0688162575179547,0.0285288547670231,0.12352829620416,-0.120469335982641,0.0403836784430287,0.113097222497508,0.0529960973726359,0.026861685417981,-0.0319186883117018,0.0352650539425541,0.146571466020841,-0.0227527223363444,-0.0307179213247752,0.00512911579077066,0.0246379666390431,-0.0896094098729133,0.179477385180654
"27",-0.00324028702849096,0.139984318830409,0.0160598413043734,0.143124623042504,0.170530649215388,-0.0967383336530809,0.0719577395288987,-0.0705002366381833,0.0813202702440389,0.118524086526985,0.194664513623006,0.0276234816742378,-0.0911653910132881,-0.0300548435853268,0.0198034521699179,0.0531265247921052,-0.0622899511140596,-0.115762475462573,0.0342190646690256,0.0293621700759682,0.170698514213502,-0.0612816765657995,0.0188911199565617,0.0494445288548443,0.123580772327521,0.0407464429232077,1,0.166613019163516,0.312398021188775,0.142675631142417,0.0520369758308096,0.101444559229846,0.0524767454449537,-0.0184921313353944,-0.0338850198968153,-0.237569207773354,0.0466642939596877,-0.10700479575958,-0.0461228335055407,-0.0970156578687994,-0.0376957988726319,-0.0268770572741559,0.162896167184846,0.163085379379948,0.0522721226874434,-0.143005702502893,-0.0621986918323139,0.0454133395042362,0.0152728170978105,-0.0287092712437939,-0.0415984163459661,-0.0122027968667148,0.144790271065028,0.243972093112665,0.222186933352638,0.148314489905556,0.213823970520056,0.0951746370295663
"28",0.121895203690411,-0.0855500166587858,0.181692169651188,-0.0606763184213707,0.00703631196002558,0.17552059856797,0.0776049951814619,0.00358386693975557,-0.15022390411607,-0.0765375976178754,0.150921670220302,-0.106374864905789,-0.0513155067115852,-0.0885721535851471,0.0123861597544797,-0.00514782150025038,-0.0753671676476199,-0.243077788801665,-0.024208498138923,0.0477038937191669,0.0300956664641889,0.155495286006934,0.35574956329866,0.0105830545752225,0.0981048264223152,-0.0388944854762458,0.166613019163516,1,0.205660191672845,0.204308684831757,0.054237951998277,0.17214187282916,0.0664577250642846,-0.0934482450922562,0.170970616309136,-0.038157068678939,0.120903325270746,0.139358193985251,0.0520344367591085,0.0852199668548538,0.285411387009634,-0.134753304002954,-0.0398077836857252,-0.00521582877425902,0.225031416736284,0.0107332418707103,0.159749307410575,0.0357524587503846,-0.0145093040930632,-0.00358422189180718,-0.0406743541894814,-0.0882986740349541,-0.0540271033388983,-0.165790332234178,-0.00066022939555315,-0.0960875754113016,0.0986511810956681,-0.0214516304801527
"29",0.0980054397240612,0.129410669583197,0.0886959727725565,-0.011809942274102,0.0443491421567943,-0.136983880928255,0.0584569944080415,-0.0202422328458226,0.0446869023491229,0.157136461356225,-0.104572465666684,-0.0292795213336221,-0.175699324534882,-0.0316695568760345,0.0905596891721434,0.096238151100774,-0.149913947352829,0.0402682626342829,-0.00842464410931574,-0.0113344668095904,0.244286733188791,0.0979310045353956,0.0736537080105457,-0.14505528436824,0.0465411064978938,-0.117740240446805,0.312398021188775,0.205660191672845,1,0.107051453132751,0.106444484279576,0.0281889024893755,-0.164930058991055,-0.131908102333905,0.101354733306914,-0.0848711713019565,-0.0963653792755219,0.0894937690774495,-0.155221473273741,-0.178577263893944,-0.133929628492199,-0.108487798970526,0.108705025547508,0.169774355793369,0.048052379363102,-0.0496044272467363,-0.136650135110295,-0.083472106161092,-0.109466401253364,-0.104696328489264,0.0567826368321413,-0.0737340620757416,0.188201825487204,0.22096629968557,0.13180256241552,0.0521438500828135,0.274076133916409,0.117595084915327
"30",0.0643431949665911,0.0250540543942123,-0.033056041347078,0.0815435549485745,0.180739044236369,0.141734255379353,0.091452707437688,0.0640351526419809,0.0686631557614501,0.153392322174745,0.0383944625429664,0.0662855509203109,0.0516608558357537,-0.0770753400911969,0.0338536381544835,-0.0559471373007415,-0.043869165779321,-0.197497778855865,-0.0408369684692545,-0.0907241969000568,0.150871717507569,0.00917058458342986,0.113184629759892,-0.0858444409490239,0.102743528917493,0.0787722547876244,0.142675631142417,0.204308684831757,0.107051453132751,1,0.093198920861995,0.0468310398523247,-0.00475881955484509,-0.0392591568308881,0.114143218800831,0.0285984460466656,0.122350633072531,0.0694651246368592,0.0261834414289215,0.0327820410220398,0.0263790520560276,-0.0325137293175067,0.230595396761719,0.00322064319008324,0.160298581906144,0.173131047659536,-0.0242131727553137,-0.0743073482939301,0.0279848475973178,-0.0995687974386851,0.0945158138599107,0.0987756982028826,0.0479010571382093,0.0514176824692894,-0.206910567724474,-0.052817842728397,-0.144312972336713,0.0193544260215127
"31",0.215749152517062,0.159550025991902,-0.0526496099167025,-0.126783431570703,-0.096164652661535,0.112536545863277,0.0126084064355437,0.150555927205004,0.232416083844436,0.0261855065551235,0.297358944350343,0.0955073314902681,-0.010656666766665,0.128314972922511,-0.0566331997437133,0.0288459939318247,-0.11296379266428,-0.0396358629500614,0.549387102819892,0.186584303683068,0.0561245711003019,0.00284566956407317,0.0603495371093875,0.212338716149826,-0.135438303996039,0.0534898951463377,0.0520369758308096,0.054237951998277,0.106444484279576,0.093198920861995,1,0.353425757483818,0.0214363318312817,0.266389202086365,-0.017953585434602,0.18709099643929,-0.216076142660997,-0.0554544940174966,0.0439905712773824,0.162333565343367,0.0869136055333952,-0.0127148654131214,0.0981604938323382,-0.0343667851614571,-0.126445445904933,0.0318273711667114,-0.0569046008312043,-0.0953774195016657,0.0235276915333479,0.085948309407238,0.0132662715228732,-0.0563452440376847,0.20567911158357,0.139155357441624,0.0351902328752621,0.124789840011823,-0.0810785005271756,-0.116983631844915
"32",0.074141760812766,0.233819177715353,0.175011816483834,0.1857207326203,-0.101765125318752,-0.0440518432064041,-0.143288013898185,0.0936989090868538,0.104689729361008,0.113973671683839,0.145113910268438,0.231777154700381,-0.132619231300935,-0.0153012346614844,0.126716901336116,0.00202630543314493,-0.241124997602205,-0.293907110547776,0.0887221183869684,0.387144439843043,0.0449757285900583,-0.0215024483488248,0.189380582752628,0.313686372615509,0.08005329532922,0.175407708886177,0.101444559229846,0.17214187282916,0.0281889024893755,0.0468310398523247,0.353425757483818,1,0.0542158059724947,0.295593433101582,-0.100587783752033,-0.052761845752249,-0.222886080799431,0.0579272380132659,0.103747577495699,0.311531844345879,0.152329613309755,0.0571568259097143,-0.0826684071870902,0.189857334891372,-0.120771742901747,-0.0158513800265738,-0.070194519035582,0.00394803024160136,-0.10576000338724,-0.0174639706655203,0.0691806975974201,0.269408552418318,-0.0207912168470722,-0.116808314264363,-0.122540720660219,-0.13517738224315,-0.0349350452172254,-0.174303138465289
"33",-0.0319098087377413,0.0595298010656029,0.0186770846840027,-0.0463992904082149,0.107604606240682,0.0691616905766511,0.169694551831305,0.0123470530472059,-0.0168025395729069,-0.0683227200615617,0.119418666072045,-0.0373348322157013,0.213009362780052,0.104231353038609,0.240290499544354,-0.13061563963998,0.0856959556746855,-0.071349619643164,0.162539190929237,0.113077898773239,-0.102108440759148,-0.0415440407561577,0.0262189646671098,0.167590436746496,0.0564143467919054,0.0184100891425463,0.0524767454449537,0.0664577250642846,-0.164930058991055,-0.00475881955484509,0.0214363318312817,0.0542158059724947,1,0.14617483460896,0.0860737368632725,-0.175033907847339,-0.0188830314908157,0.039290550213755,0.437241111508232,0.446393544288071,0.264044005922747,0.326401779322817,-0.120649129370811,0.0680449901964196,0.0255113150689518,-0.110749497853418,0.0996954308064333,0.167081800148486,0.24316693012101,0.215722854624676,0.0240828828106255,0.112182997037297,-0.0176978579532648,0.0385215696031684,-0.049988943511225,-0.0767727398790443,0.0539229821796515,-0.0621645483051584
"34",0.00450166207220156,0.0819006996565309,-0.108117589776716,0.108771005228323,-0.244064294173559,0.0004721175948608,-0.227395589273187,0.111421489261068,0.0960615473822573,-0.0422082675701837,0.0596255188804027,0.283500976030289,0.0655217816795034,0.136463950565986,-0.0255177667340834,0.0320117148376191,0.036535231232851,-0.172013370529869,0.115602661561416,0.12823599194438,0.0971558821521342,0.0314552397838842,-0.193778888669556,0.324514604555319,-0.0399337888001824,0.082380382361604,-0.0184921313353944,-0.0934482450922562,-0.131908102333905,-0.0392591568308881,0.266389202086365,0.295593433101582,0.14617483460896,1,-0.0825362458478232,-0.00437721071457222,-0.218763201488811,-0.141458426509787,0.305018504414706,0.277972253804626,0.0232493537429845,0.0556972283512202,-0.0528679006926999,-0.0609905049254214,-0.195379732576639,0.0841007552275009,-0.147413401570821,-0.0673236777883491,0.0499975666385884,-0.0023724482370787,-0.00859257895861723,0.0912846712284008,0.0997944063968242,0.0459514808366539,-0.023981971227835,0.0236241750245167,-0.116783838440593,-0.122957597761194
"35",-0.0455425900054924,-0.0627064886268428,-0.00791201505012084,-0.161628290328425,0.164807789440566,0.151353778411501,0.40745554653733,0.197649712982856,-0.066741834238772,-0.0524220107721585,-0.1196590741348,-0.0620678543520443,0.0587602815861792,-0.0220912464415533,0.0588890287453096,-0.141949339652482,0.204167508883044,0.0996889342503619,-0.00184920557489518,-0.0212978542779949,-0.113201437074473,0.110931130534851,0.152370461878126,-0.0975583735475033,0.179271530239112,-0.02192485900739,-0.0338850198968153,0.170970616309136,0.101354733306914,0.114143218800831,-0.017953585434602,-0.100587783752033,0.0860737368632725,-0.0825362458478232,1,0.107110253497634,0.462614424635775,0.283027862593725,0.0652698106536651,0.123047181806589,0.224328707603702,0.172733949880381,0.120858684842535,-0.0153315835437178,0.46688853045866,0.215877166286693,0.265938196730129,0.151626864749122,0.00513912623447259,0.0729263498804179,-0.202494696193648,-0.0607159090517232,0.0622864450645245,0.136423808145949,0.144747946993762,-0.0606740336746012,0.202948602680221,-0.0180419233842665
