"","l_Insular.Cortex","r_Insular.Cortex","l_Amygdal.Area","r_Amygdal.Area","l_Bed.Nucleus.of.the.Stria.Terminalis","r_Bed.Nucleus.of.the.Stria.Terminalis","l_Hippocampus","r_Hippocampus","l_Orbitofrontal.cortex","r_Orbitofrontal.cortex","l_Entorhinal.Cortex","r_Entorhinal.Cortex","l_Frontal.Association.Cortex","r_Frontal.Association.Cortex","l_Globus.Pallidus","r_Globus.Pallidus","l_Glomerular.Layer.of.the.Accessory.Olfactory.Bulb","r_Glomerular.Layer.of.the.Accessory.Olfactory.Bulb","l_Glomerular.Layer.of.the.Olfactory.Bulb","r_Glomerular.Layer.of.the.Olfactory.Bulb","l_Granule.Cell.Level.of.the.Cerebellum","r_Granule.Cell.Level.of.the.Cerebellum","l_Hypothalamic.Region","r_Hypothalamic.Region","l_Entorhinal.Cortex","r_Entorhinal.Cortex","l_Vermix.Molecular.Layer.of.the.Cerebellum","r_Vermix.Molecular.Layer.of.the.Cerebellum","l_Lateral.Molecular.Layer.of.the.Cerebellum","r_Lateral.Molecular.Layer.of.the.Cerebellum","l_Anterior.Olfactory.Bulb","r_Anterior.Olfactory.Bulb","l_Posterior.Olfactory.Bulb","r_Posterior.Olfactory.Bulb","l_Subiculum","r_Subiculum","l_Perirhinal.Area","r_Perirhinal.Area","l_PreLimbic.System","r_PreLimbic.System","l_Primary.Cingular.Cortex","r_Primary.Cingular.Cortex","l_Primary.Motor.Cortex","r_Primary.Motor.Cortex","l_Retrosplenial.Cortex","r_Retrosplenial.Cortex","l_Secondary.Cingular.Cortex","r_Secondary.Cingular.Cortex","l_Secondary.Motor.Cortex","r_Secondary.Motor.Cortex","l_Striatum","r_Striatum","l_Ventral.Tegmental.Area","r_Ventral.Tegmental.Area","l_Substantia.Nigra","r_Substantia.Nigra","l_Thalamus","r_Thalamus"
"1",1,0.0846093616291526,0.181857424277445,0.0514186033017948,-0.142666057788799,-0.00457085657170156,-0.108203916178256,-0.0735229823572744,0.0662136218682583,0.0735228029863328,0.0737229463540735,-0.0597633207976139,0.196484310318086,-0.00651162604392458,-0.00015538238555007,-0.105584441497419,-0.084340035134975,-0.109139241106133,0.126035736224017,-0.0107506452240284,-0.0592424630927119,0.127792065411742,-0.0114937361231018,-0.0179780832451561,-0.0839391857418793,0.16232611133861,0.101597873893063,0.035247450953653,-0.151551413024206,-0.0806262847012902,0.113517752898419,0.0165517437230791,0.112518635743077,0.177993175072317,0.0837810163487369,0.0112357802620675,0.0214726170061021,-0.146661315107135,0.203628315481202,0.0400938426680318,-0.0906596248053487,-0.00639339040408891,0.0415422152619674,0.0445077356206627,-0.091058306936697,-0.222977579258114,0.00142058914135032,-0.0988176885897805,-0.0437846536449529,0.102789981879721,-0.345182412634684,0.11310858805051,-0.066003924521341,0.0713851600018871,0.03014099542046,-0.0446276733699547,-0.24903415705116,-0.116171822518166
"2",0.0846093616291526,1,0.0690086245496592,-0.0555832788895561,-0.143182072159197,0.0624656446567647,0.144692202907111,-0.115421748576046,-0.0687991246971662,0.175173784717143,0.257065494227607,0.172373151191881,-0.0215142628977698,-0.0470502537473169,0.00915667436144756,0.13644049363295,-0.14581692202368,-0.10313050598135,-0.0547524117174142,-0.0469260749406378,0.0471230647332998,0.348818119721254,-0.0436642463146148,0.157298202132311,0.00248380791933223,-0.0391279934958304,0.00138780378006797,0.18837089917098,0.00446266637903971,0.19194742761626,0.0125996675822539,-0.00315041495289938,0.197063308020219,-0.0704461978613286,0.0418307303243905,0.123936817850497,-0.0714563643796046,-0.112019841556657,0.0716270436513674,0.0132721636311529,0.00067621984958478,0.0364207538513725,-0.0412623347649728,-0.0113261719388195,-0.297119597110591,0.0581696626008727,-0.138039987836131,0.0106014050728443,-0.185841728406036,0.076445467843201,0.100173430939542,-0.00145644448336068,0.00099525621169192,0.0260511745565679,0.125360171825771,-0.0725468988389278,-0.102791151170411,-0.106743333398203
"3",0.181857424277445,0.0690086245496592,1,0.0403249205105033,-0.0359940783485014,-0.00334297913412232,-0.00803409778737302,0.138795734170388,0.0449469511393474,0.135102298203441,0.157073860551553,0.0643444136496194,0.088920640138085,-0.139874100006459,-0.218835293543822,0.19687401363264,0.0401080837478678,-0.0375364373318427,-0.110261054597324,0.0200209253653167,-0.075101497833039,0.01995448272514,0.0151397591311477,-0.0761726833540603,-0.0254049712170491,0.0112950578031035,0.0642842437298944,-0.020547563276431,-0.0996410314167582,0.00690305765558797,0.0979734550255678,0.0657490829717562,-0.0642594433576575,0.0914516400055221,0.0144666853617959,0.0758965892047948,-0.143504918589432,-0.0728837366645608,0.0115456037960432,0.0285580080645761,-0.0361435581638175,-0.134354675413671,-0.0732001938673038,-0.0275928751207007,-0.143988664695163,0.0972552263822161,-0.135953695442803,-0.142669768891407,-0.015995854053703,-0.149011448826581,-0.282714064336402,0.186887178345713,-0.0488831870167431,-0.148891417134832,0.0201360039097368,-0.130401274084093,-0.0528816550217788,0.00391876061685906
"4",0.0514186033017948,-0.0555832788895561,0.0403249205105033,1,-0.0281879287834209,0.188662935014384,-0.146016379028125,-0.00019073300316862,0.0522081891339903,-0.0720579333702352,0.137273953750939,0.096252977842298,-0.0843958869950161,0.0407528041783332,0.117426710312833,0.0623781319137979,-0.0145239087384968,-0.01810955842544,0.0734834552124898,-0.0173599673230798,0.0967843103505824,0.0673200873434972,0.102693454991771,-0.115530657188995,-0.066147726738199,0.241992169714295,0.0483920796706513,-0.130045551616333,0.102796388137584,0.0784512738268272,0.0663548738277652,0.0210938485836154,-0.0873487856301123,-0.0427489735713862,-0.0665239943002534,0.0284269906544859,0.113733413147969,-0.0474483869856728,0.00868590908795096,-0.0211520345716316,-0.135609367250525,0.0885016823725503,0.0907106095096113,-0.0273851395146983,-0.108638305517783,0.0300854773050731,-0.0244273007910571,0.115698801424353,0.00702459888966371,0.00519472582660892,0.0877770786620631,0.137894773288054,0.110565336066072,0.0328539249156711,-0.0550947369239786,-0.145875237400946,0.00085891020400179,0.163069487891428
"5",-0.142666057788799,-0.143182072159197,-0.0359940783485014,-0.0281879287834209,1,0.201392913436227,0.254719724856076,0.121734716605308,0.0929424368190072,0.0979799722120134,-0.0738979267038546,-0.0179158565903796,0.00093481094058302,-0.11283768442832,-0.0714135585033835,-0.13611651662826,-0.0377973440340425,-0.049790100981475,-0.0416495964398269,-0.072265430161357,0.0994522350968844,-0.0597192250428834,0.0213234940311109,-0.00246091750772771,-0.190657982885328,0.00402611331452543,-0.0249116027217583,-0.0141324194099753,0.00625484276454309,-0.0208552757466604,-0.0746124753586593,-0.152138723736709,0.0537933505770573,0.0784881996763741,0.0566665512794447,0.229064544591265,0.00204016850423671,0.235335274989292,-0.110523607994648,-0.0366928545141624,-0.101288117750262,-0.0813315371411179,0.169701408318155,0.0403475330900239,-0.135948152881856,0.0134902378670248,-0.155185547730239,-0.204641407412976,0.0024405528574169,-0.0938882000828286,0.1157916199189,0.0129160554824561,-0.0901769895101222,-0.0889623240224112,-0.036284943866446,0.0489061984539423,0.0661392707144476,0.107482121145179
"6",-0.00457085657170156,0.0624656446567647,-0.00334297913412232,0.188662935014384,0.201392913436227,1,0.13874820957421,0.0827765392723598,-0.0696104650332049,-0.222541178314751,-0.0173275215300224,0.12128465107055,0.084290141494814,0.0509569937855967,-0.143342554345516,-0.11732526117597,0.141479041527044,0.128133346188487,-0.0723476348372731,0.147268717525968,0.012574753136687,-0.0340258174392742,0.228913538262919,-0.0451602975889338,0.136540532169054,-0.00657468136476951,0.0768354570416368,-0.0028966754968217,-0.0684815829248405,-0.0802577637170016,0.00770770031250751,-0.00639839597222026,0.0312444163470431,0.0612812999073634,0.0940393217278612,0.119430618659985,-0.150817049364627,-0.127037608337943,-0.00217574718670148,0.0946690361818348,0.034318334521848,0.0751621284068022,-0.0447727445859933,-0.0929687208263067,-0.0440039540598317,-0.122587306294796,0.0408519047056447,-0.0159000001735333,0.0163720779513951,-0.00582312120775547,0.213642786035137,0.119702488135502,-0.0112572691071308,-0.0777074651956541,0.0129689119463617,-0.0718250621957429,0.168317606869713,0.260109422399514
"7",-0.108203916178256,0.144692202907111,-0.00803409778737302,-0.146016379028125,0.254719724856075,0.13874820957421,1,-0.00144065108792094,0.0510257812840935,-0.15715210543273,-0.0918552254253261,0.124906844206815,-0.0874554113879959,-0.21115264645255,-0.051653996994873,-0.0471395412940582,0.0289194585236499,-0.0407358994927314,-0.0481217470079621,-0.0750483212949143,0.0726978443558005,0.115005667324861,-0.0701708171281398,0.0296260879103798,0.0501883449220235,0.126517396701316,-0.0296453640550058,0.105885866456593,-0.146219386835477,0.0740188950645621,-0.0505862699298537,-0.0789864067687989,0.0849627445449682,-0.0323245426866091,0.133871563456814,0.0794657942287762,0.00956551518512854,-0.00518109199406152,0.0362930256429264,0.0778395060370994,0.0529082336670418,0.0538134894470265,0.198217704505413,-0.0792101386149405,-0.249735933198194,-0.0570219609517257,-0.0786516719445855,0.00263543569841749,-0.0289058342692672,-0.167797724679653,0.0987321879331472,-0.0949748475645584,-0.126181434895709,0.0249969158881586,0.0493766252867942,0.0222364507304496,0.0484001582028055,0.00550157782914735
"8",-0.0735229823572744,-0.115421748576046,0.138795734170388,-0.00019073300316862,0.121734716605308,0.0827765392723598,-0.00144065108792094,1,-0.0431546823718073,-0.055376360652093,0.0910809482350764,0.0532200796263544,0.0762367984556009,0.0956557081478753,-0.0343989809107876,0.179364768893429,0.0557362765057976,0.156091964434619,-0.0318114267177042,-0.094527725467912,-0.146808298858647,0.0136426650757973,-0.0447660919193565,-0.00761128767000839,0.0171657721620835,-0.0732350046352244,0.00839187575998027,-0.0677811751065066,0.0675518431746107,-0.0540654318672795,0.0951453672729695,-0.0176719676901187,-0.272771370951753,0.0295108679669409,-0.0307028404375117,0.145864848233901,-0.00100289902037661,0.214561620000855,-0.0613694677511419,0.0636351384499608,0.0829530844330921,-0.125904731894026,-0.0199960398212991,-0.0946228388341454,-0.165702228645377,-0.0958549631308404,-0.0435121974822908,-0.00974033435712794,0.178152725492555,-0.0414999196727499,-0.0406192119308609,-0.0753793268940093,-0.0479393096665484,0.105527320078971,0.155096418407629,-0.129322867528896,0.162382409471107,0.243469874889058
"9",0.0662136218682583,-0.0687991246971662,0.0449469511393474,0.0522081891339903,0.0929424368190072,-0.0696104650332049,0.0510257812840935,-0.0431546823718073,1,0.093820936323899,-0.0175197674348358,-0.0451907579817105,0.0467323151254509,-0.0701181547689346,0.136033122410658,-0.177694968403463,-0.103459683461082,0.190560386349911,-0.00219228758706813,0.00943926859071484,-0.11901319407658,0.0515927106422201,0.00085624983542938,-0.0614653228795714,-0.175742854194913,-0.0130957295590571,-0.0426082319816892,0.077024229878163,-0.00843814886648866,-0.054766695143139,-0.0691986405205852,0.0144100725029236,-0.0880661499897004,-0.0920538482897194,0.16777921364918,-0.0620781751155226,-0.0758671823895598,-0.143521177652029,0.0142177459932369,-0.169174948036186,-0.160223799676369,0.100155587674896,0.0822467469048403,0.0275337575461948,0.0769621513813199,0.0225587867301999,-0.233690537981998,-0.224256564533264,0.136705568068367,0.124193218694555,0.0852909525127354,-0.187561553006532,0.275277690028426,0.107838854577885,-0.0493731765345333,-0.00438447557994189,-0.0850174926246278,0.0480476866254414
"10",0.0735228029863328,0.175173784717143,0.135102298203441,-0.0720579333702352,0.0979799722120134,-0.222541178314751,-0.15715210543273,-0.055376360652093,0.093820936323899,1,0.0597739550942001,-0.0686792640252009,0.0835632368366341,-0.0505217453552963,0.035533463304416,0.144796546643682,-0.0397559462725753,-0.0539220140791726,-0.0839077520881207,-0.0122795706954607,-0.0368341549186887,-0.0167633581869708,0.0822251604353029,0.0317435142373854,-0.229682774758261,-0.0393676834584679,-0.148772759841652,-0.00235397106874284,0.0617034711762978,0.105967753588039,0.154701711121835,0.0329626544338707,0.0674408735844587,-0.00786987752772151,-0.0229367194601133,-0.00287924040351031,0.0423876201750816,0.0506591127374113,-0.0992345011601115,-0.0235458098047429,-0.0602939185359612,-0.0835733870823476,-0.139295982812538,0.128679428975796,-0.198280258346234,0.0341927857504582,-0.0963685005334324,-0.0503517858656641,0.0622432824791774,0.106694154882876,-0.0190927683031583,-0.00256633031728814,0.0298564524400767,0.0123510833831428,0.101385895365079,0.077581664907764,-0.0830517781006869,-0.0258541696931118
"11",0.0737229463540735,0.257065494227607,0.157073860551553,0.137273953750939,-0.0738979267038546,-0.0173275215300224,-0.0918552254253261,0.0910809482350764,-0.0175197674348358,0.0597739550942001,1,0.20314390296867,-0.0581853720384365,-0.0524959471383632,0.0172671533477811,0.173240687800352,-0.192607219376441,-0.0529606330916686,-0.0180583813498767,-0.0570105776756318,0.0268418118411969,0.173110597621775,-0.046396813403765,0.0340145596617392,0.182523848533031,0.0106574238868509,0.0403588077962968,-0.0501420163685099,-0.123333512898588,0.181305698137612,0.0974421637223961,0.0523184079728517,-0.0302246701155546,-0.140322436592223,0.117817896263343,0.0654961127840976,-0.0857797100593446,0.190014300293867,-0.0349867177805141,-0.116115199627232,-0.120963166090673,0.0243343020138677,-0.0619283640762586,-0.0395396180269309,-0.086791818525673,0.0162013834109478,0.0602685524374349,0.249416275320414,-0.241192249485426,-0.101646863115628,0.00681917302073985,0.096471349839337,-0.0100781055219333,-0.07866419509103,-0.0976935271023546,0.0558423658356893,0.0387514016868233,0.0234689607553151
"12",-0.0597633207976139,0.172373151191881,0.0643444136496193,0.0962529778422979,-0.0179158565903796,0.12128465107055,0.124906844206815,0.0532200796263544,-0.0451907579817105,-0.0686792640252009,0.20314390296867,1,-0.0163250915031985,0.0839059020676201,0.00699932576115079,-0.0858429148786456,0.00822394754749049,0.00106847453151292,-0.0127933190687604,-0.0358663143192678,0.170203046157198,0.081952852404542,0.0475033861607139,-0.00818432059071393,-0.163791134844653,-0.01232182002213,-0.020184425645942,0.100031960990628,-0.314164868565592,0.11375614104827,-0.0668424200919841,-0.164351683953265,0.117350485742288,-0.0818469890162456,0.0345861181174828,0.00048488087881436,-0.0358312699750114,-0.0671797921035848,0.00448231692230424,0.137534244021887,0.0368729928275361,0.190054693370493,0.0293538330756567,-0.0361565452583531,-0.0942182851473284,-0.0391278825536536,0.027796186515836,0.101562061539072,0.0791379228925744,-0.0252206336870613,0.0387512110092141,0.278178726152569,-0.0229050333729765,0.0457401930868011,0.11025082301752,-0.146182585907529,-0.101930814550433,0.0656953307000095
"13",0.196484310318086,-0.0215142628977698,0.088920640138085,-0.0843958869950161,0.00093481094058302,0.084290141494814,-0.0874554113879959,0.0762367984556009,0.0467323151254508,0.0835632368366341,-0.0581853720384365,-0.0163250915031985,1,-0.0263661482278235,-0.130526442599974,-0.044747198240118,0.146146155622041,0.064953992960322,0.0455426037634991,0.0532066506244456,0.0661798906485776,0.00604359878174747,0.0681024324426062,0.0567358497074702,0.0469892832632636,-0.0965438862612491,0.179837084289741,0.206827392698238,-0.143104693303326,-0.249408122126583,0.123679360262232,0.0462329570906248,0.0737073097104123,-0.0103098182912684,-0.0060511138306733,0.0352418682023529,0.0382444110830972,-0.0785649613667787,-0.0322197301036427,0.0766825969316634,0.0629091311206929,0.05193728165543,0.0448920609381396,-0.0419859854073874,-0.00417814953892063,-0.00849840095823436,0.0168930463630249,-0.0161503117545324,0.360286905843446,-0.115334074893697,-0.164074449187576,0.0859267991362831,0.00224981250294869,-0.0208724155923186,0.132513740947158,-0.0117372618807697,-0.0448959200799479,0.0492160570447763
"14",-0.00651162604392458,-0.0470502537473169,-0.139874100006459,0.0407528041783332,-0.11283768442832,0.0509569937855967,-0.21115264645255,0.0956557081478753,-0.0701181547689346,-0.0505217453552963,-0.0524959471383632,0.0839059020676201,-0.0263661482278235,1,0.181942198704262,-0.0536394322284982,-0.0477719338862971,0.253176397512646,0.101636690360991,-0.0919928993799694,-0.0271625062192805,-0.128958541558929,0.0717695551973894,0.0810054444299033,-0.124234664708537,-0.10421920067475,-0.0654593275666629,0.0656667778743901,0.0852367761339493,0.0664538912428383,0.0668058491057864,0.167506211166193,-0.0104063669766358,-0.0675320888346434,-0.130319241621586,0.0407444614642669,0.00299483809808834,-0.118339926909395,0.0406279528671109,-0.0371090940593286,0.0002135875681458,-0.155932520063371,-0.0522074165413662,-0.108106353194421,0.187499129044224,-0.320724236767256,0.102364316223747,-0.0173859315683244,0.0118927537420763,0.552326057055383,0.0350449072046137,-0.037787415942032,-0.0851729013936769,0.18579832413717,0.0412675894583788,0.0316115964824028,-0.0936714992092152,0.00406604338063824
"15",-0.00015538238555007,0.00915667436144756,-0.218835293543822,0.117426710312833,-0.0714135585033835,-0.143342554345516,-0.051653996994873,-0.0343989809107876,0.136033122410658,0.035533463304416,0.0172671533477811,0.00699932576115079,-0.130526442599974,0.181942198704262,1,-0.0372140126832717,-0.179147665899052,-0.0952747811394326,-0.0764788701114179,-0.0950074692630683,-0.097529815200696,0.131975805154066,-0.21164075467615,-0.0337854756886985,-0.13199077313272,-0.172543586733113,0.0581016434460163,-0.0580632450804693,0.124058070780447,0.242318386493716,-0.0220407591311085,0.0215793701257839,-0.0541999662278655,-0.0401822159821132,-0.184694553528625,-0.0761897900658855,0.081529893544858,0.156374054883875,0.0753315736869105,-0.050561524198222,-0.025034405683249,0.0285733771608452,-0.0581598957651031,0.0288162175436491,0.24618367463739,-0.0110851454920112,0.172241132407075,0.139747428602124,-0.133660467733321,0.168021807341955,0.0298252606204493,-0.0405225283746097,0.237094692536065,0.133166316673171,0.114495311603884,0.27354017215375,-0.181168277589763,-0.290206064382694
"16",-0.105584441497419,0.13644049363295,0.19687401363264,0.0623781319137979,-0.13611651662826,-0.11732526117597,-0.0471395412940582,0.179364768893429,-0.177694968403463,0.144796546643682,0.173240687800352,-0.0858429148786456,-0.044747198240118,-0.0536394322284982,-0.0372140126832717,1,-0.0408165898008866,-0.0639757934736918,0.099142043542491,0.141392417728673,0.0788299552114402,0.0796540818363376,-0.0257391908802296,-0.0550601468076917,0.0638284703579434,-0.0487361968512077,-0.0218096244536852,0.0429233614552006,0.134441614166005,0.0960681228732687,0.0277285613827663,0.207609423524796,-0.0860606131164517,-0.0008208810698484,-0.238461502155017,0.0163165120892678,0.00574872431670259,-0.0136578614093823,-0.078579474522859,-0.0264696589048513,0.0818380872270576,-0.164433702021633,-0.100136980447165,0.0563533365129688,-0.0616996267370906,0.113884228640971,-0.00999885486257329,0.121822659153925,-0.0787217599286049,-0.0777268428810267,-0.272154306044935,-0.0614024978602509,-0.147818621482413,0.112503000683789,0.0461307759501558,-0.0174732079413978,-0.0857657807724709,-0.0385882950511463
"17",-0.084340035134975,-0.14581692202368,0.0401080837478678,-0.0145239087384968,-0.0377973440340425,0.141479041527044,0.0289194585236499,0.0557362765057976,-0.103459683461082,-0.0397559462725753,-0.192607219376441,0.00822394754749049,0.146146155622041,-0.0477719338862971,-0.179147665899052,-0.0408165898008866,1,-0.103568720134508,0.0559460608772647,0.179331446839044,-0.03295836788868,-0.1365305877115,0.0537181332578018,0.0380108986427554,0.0346099684916292,0.00923976806636306,0.00762937746192051,0.0534159430669903,-0.187161647712977,-0.138597535306759,0.0878250133397745,-0.167336883801648,-0.0301530343941141,0.0721139699752625,0.0661953367742735,-0.208995541264588,0.144946056008108,-0.143614466007345,-0.138564664824678,0.0138415236696731,0.137523472374501,-0.0718666636434218,-0.0406972371690526,-0.0500411123725637,0.102911928624175,0.164505533105925,-0.0250401330275907,-0.0449815054060817,0.400597598292027,-0.170895649088797,-0.00764387259477074,0.0636630549442606,0.0233727788229686,0.00442063908989355,0.116812141464616,-0.0478869663399246,0.218069585136939,0.233280379968807
"18",-0.109139241106133,-0.10313050598135,-0.0375364373318427,-0.01810955842544,-0.049790100981475,0.128133346188487,-0.0407358994927314,0.156091964434619,0.190560386349911,-0.0539220140791726,-0.0529606330916686,0.00106847453151292,0.064953992960322,0.253176397512646,-0.0952747811394326,-0.0639757934736918,-0.103568720134508,1,0.0697674015695996,0.0116967188587682,-0.0181590287717977,-0.0566782020162531,0.152863607263476,-0.07114974100389,-0.0676740610883427,-0.236534131566759,0.0444747695633074,-0.0319335341479096,0.0356297893012442,-0.0628958726197195,0.194370431133351,0.302194786993448,-0.0830864762881822,-0.00946677855962919,0.0388304819105336,0.00698541571266308,0.115575420440124,-0.188668031901169,0.101158930057444,-0.0850556041337029,-0.0316321155630936,0.272001251561606,-0.0985110245690142,0.0948257071303838,0.0151258942231019,-0.0845268398437736,-0.109534312560805,0.0378018667239563,0.0391183584150392,0.305704872167364,0.092734499425229,-0.147058624330146,0.125334753676379,0.0945430037011554,0.119647399984981,0.00640030206954845,0.0992372693030854,0.138653323933043
"19",0.126035736224017,-0.0547524117174142,-0.110261054597324,0.0734834552124898,-0.0416495964398269,-0.072347634837273,-0.0481217470079621,-0.0318114267177042,-0.00219228758706813,-0.0839077520881207,-0.0180583813498767,-0.0127933190687604,0.0455426037634991,0.101636690360991,-0.0764788701114179,0.099142043542491,0.0559460608772647,0.0697674015695996,1,0.0802110164248592,0.0247190973633522,0.179655975949993,0.00109003761522252,0.18109041747921,-0.0921029498962216,-0.0325548837048423,0.0153523342318974,0.285684894292898,0.0681626215331112,0.109485929767769,0.333615333702615,0.230243828528032,0.086056036452861,0.0309297216701623,0.05453173536523,-0.12585776516185,-0.134836618479871,-0.0723142145411072,-0.0677597687990587,0.0960450426531229,0.189668013662387,0.0860117555462486,-0.0130715748292355,-0.14002626717576,-0.00203235759591411,-0.0989511278623754,0.15789238013459,-0.00625522574851374,0.0193939072526356,-0.00968934224336771,-0.0665963541446246,0.117426268050592,-0.229963078234695,0.140953692348056,-0.0499946586912537,0.103773649382738,-0.15267512431867,-0.0215153794150102
"20",-0.0107506452240284,-0.0469260749406378,0.0200209253653167,-0.0173599673230798,-0.072265430161357,0.147268717525968,-0.0750483212949143,-0.094527725467912,0.00943926859071484,-0.0122795706954607,-0.0570105776756318,-0.0358663143192678,0.0532066506244456,-0.0919928993799694,-0.0950074692630683,0.141392417728673,0.179331446839044,0.0116967188587682,0.0802110164248592,1,0.0172543036264795,0.0293775187578324,0.0173886765206212,-0.0716727838899599,-0.00793986027705314,-0.0368339933702723,0.271492065923803,0.127511031392225,-0.134976120218142,0.0446388440869498,-0.0242653859762434,0.391760128208874,-0.0667934134166639,0.0787995651020281,-0.0752125769829599,-0.299265049741054,-0.0312389006641753,0.0262286564797243,-0.183320885647131,-0.00751021830414867,0.0906445341475325,-0.0491316425772919,-0.117317944175832,0.00413805314126387,-0.0285146794153015,0.285893076560804,0.0344978025235577,-0.0513817236091768,-0.0490487754816603,-0.103639295348129,-0.0827807922313092,0.0729830809397316,-0.0940226596337481,-0.0722032592115613,-0.00102836406955027,-0.11288054127075,0.0976467504287248,0.14690252059607
"21",-0.0592424630927119,0.0471230647332998,-0.075101497833039,0.0967843103505824,0.0994522350968844,0.012574753136687,0.0726978443558005,-0.146808298858647,-0.11901319407658,-0.0368341549186887,0.0268418118411969,0.170203046157198,0.0661798906485777,-0.0271625062192805,-0.097529815200696,0.0788299552114402,-0.03295836788868,-0.0181590287717977,0.0247190973633522,0.0172543036264795,1,0.106717078247062,0.0241823376835637,-0.0295588357668747,0.00115672537043637,0.17825991362256,0.131001619107435,0.10183616621204,-0.0383981164538119,0.0454000400556552,-0.0286212076980681,0.0172733913207064,0.0842345038404306,-0.0509401623249761,-0.171041604838723,-0.162690648131405,-0.00878800684857559,0.0545967178031936,0.0327286958519472,-0.0897864096440027,0.00757335807963397,0.220469886456617,-0.184834769756165,0.237628045390718,-0.0739562220495768,0.127737562773868,-0.0462729612167513,0.154774279994247,-0.0672112569512688,0.0628186576057706,-0.0598053110821601,0.0729097113327013,-0.19614726806954,-0.00625228542504463,0.0386264888671169,-0.0682184318466934,-0.0633067088862656,-0.0126305395778762
"22",0.127792065411742,0.348818119721254,0.01995448272514,0.0673200873434972,-0.0597192250428834,-0.0340258174392742,0.115005667324861,0.0136426650757973,0.0515927106422201,-0.0167633581869708,0.173110597621775,0.081952852404542,0.00604359878174747,-0.128958541558929,0.131975805154066,0.0796540818363376,-0.1365305877115,-0.0566782020162531,0.179655975949993,0.0293775187578324,0.106717078247062,1,-0.253709124927822,-0.0201715151117222,-0.0898299179475808,-0.17058692674268,-0.0232701654195114,0.23868268649153,0.0408410101891525,0.0101921129731942,0.101797169046909,-0.00254912722397721,0.0579484483413122,0.138835459609625,0.108990268733633,-0.0978690160338436,-0.0197633908945256,-0.0569706265769276,-0.0866626209595242,-0.0169868703412433,0.0901928340460253,-0.0529562935309828,0.192435792816402,-0.143058645406824,-0.149590687538815,0.05118079159765,0.0360452268910945,0.0983963292670525,-0.0424762906701496,-0.0769825254171865,-0.0331358596224522,-0.0212758178928647,-0.0202983008763892,0.077922577259789,0.00760800772537719,-0.129307278129687,-0.086450912910747,-0.00265018608234526
"23",-0.0114937361231018,-0.0436642463146148,0.0151397591311477,0.102693454991771,0.0213234940311109,0.228913538262919,-0.0701708171281398,-0.0447660919193565,0.00085624983542938,0.0822251604353029,-0.046396813403765,0.047503386160714,0.0681024324426062,0.0717695551973894,-0.21164075467615,-0.0257391908802296,0.0537181332578018,0.152863607263476,0.00109003761522252,0.0173886765206212,0.0241823376835637,-0.253709124927822,1,0.12096300729369,-0.00718064223130915,0.211805765889558,-0.122778939173275,0.0442334688746157,-0.156306321059407,-0.155239505347527,0.123956803676886,0.121566638204226,0.151552162882512,-0.126655252565276,0.0639605792243965,0.0262176563715636,-0.0202192500354639,-0.11845575184327,0.163799165646867,0.0973402757469665,0.123339320145868,0.278480118781864,0.00692698302657094,-0.0807373769626655,-0.0654415148420789,-0.150136443112453,-0.0903764103402328,0.0327686530292312,0.160027105528086,0.125381693911995,0.153859694983301,0.0898062149460315,0.0602990590537237,0.0302318930239115,0.0735116123495499,0.00159402202975273,0.0411943753704421,0.212246743814289
"24",-0.0179780832451561,0.157298202132311,-0.0761726833540603,-0.115530657188995,-0.00246091750772771,-0.0451602975889338,0.0296260879103798,-0.00761128767000839,-0.0614653228795714,0.0317435142373854,0.0340145596617392,-0.00818432059071393,0.0567358497074702,0.0810054444299033,-0.0337854756886985,-0.0550601468076917,0.0380108986427554,-0.07114974100389,0.18109041747921,-0.07167278388996,-0.0295588357668747,-0.0201715151117222,0.12096300729369,1,0.108740794889795,-0.0786449972359253,0.151695117139012,0.209275468345174,0.10315920152633,0.0723777326701761,-0.031027265825623,0.182332619099401,0.159724336071664,0.0532072917631277,0.188236045762986,0.0822381869167556,-0.17920518196829,-0.106656263993579,-0.0510923703817338,0.0692195450113424,-0.018393577521989,0.089449751538827,0.173761051004548,0.0631156549544462,-0.203134819543629,0.0217266256728016,-0.0619278918171043,0.108629395927969,-0.11793393141457,0.0386344946173307,0.0609594556381511,0.124710987906222,-0.0171678244563492,-0.0399711089460617,0.0399019251076837,0.120611067024433,-0.0975238468053144,-0.0306315903846307
"25",-0.0839391857418793,0.00248380791933223,-0.025404971217049,-0.066147726738199,-0.190657982885328,0.136540532169054,0.0501883449220235,0.0171657721620835,-0.175742854194913,-0.229682774758261,0.182523848533031,-0.163791134844653,0.0469892832632636,-0.124234664708537,-0.13199077313272,0.0638284703579434,0.0346099684916292,-0.0676740610883427,-0.0921029498962216,-0.00793986027705315,0.00115672537043637,-0.0898299179475808,-0.00718064223130915,0.108740794889795,1,0.0526744842352948,0.25776891409543,0.00558128924364547,-0.0120152987956339,-0.0313209321807959,-0.069749328318118,-0.0117956123653112,-0.0204360622472798,0.124980778520409,0.00562973013096153,0.0517074995546869,-0.0506645446119501,0.168117470967858,0.0249126857191233,-0.0848332577131607,0.0910762924406418,-0.0929020955149673,-0.134161610343031,-0.0636267224143303,0.0371820407988393,0.151162918415303,0.107605406534639,0.108478463370625,-0.296123335621648,0.00576219577771258,0.0101299612991652,-0.147467392180668,-0.0634361985171646,-0.09935345168772,-0.0709705607377125,0.0144743217042526,0.158829614642862,-0.0769784319792349
"26",0.16232611133861,-0.0391279934958304,0.0112950578031035,0.241992169714295,0.00402611331452543,-0.00657468136476951,0.126517396701316,-0.0732350046352244,-0.0130957295590571,-0.0393676834584679,0.0106574238868509,-0.01232182002213,-0.0965438862612491,-0.10421920067475,-0.172543586733113,-0.0487361968512077,0.00923976806636306,-0.236534131566759,-0.0325548837048423,-0.0368339933702723,0.17825991362256,-0.17058692674268,0.211805765889558,-0.0786449972359253,0.0526744842352948,1,0.0498523186858516,-0.0640953184181194,-0.150124553565859,0.0079268371773715,-0.0910489285646799,-0.191022282500461,0.136882972836918,-0.226115107628887,-0.0680210910611514,0.0522685973212278,0.0575473378665536,-0.0220974624787297,0.075957322551418,0.0204833847158317,-0.0585731242112045,0.0766441815363279,-0.00127326639265437,-0.0819296992918117,-0.118163008019332,-0.0200132159877603,-0.134968305992152,0.00331305774577234,-0.00811961627047524,0.0186496854948076,-0.0602692876072947,-0.055470090953668,0.00028948663647053,0.0246461333380991,-0.136403326275509,-0.0205316685562728,-0.129998594470778,0.0665321946683592
"27",0.101597873893063,0.00138780378006797,0.0642842437298944,0.0483920796706513,-0.0249116027217583,0.0768354570416368,-0.0296453640550058,0.00839187575998027,-0.0426082319816892,-0.148772759841652,0.0403588077962968,-0.020184425645942,0.179837084289741,-0.0654593275666629,0.0581016434460163,-0.0218096244536852,0.00762937746192051,0.0444747695633074,0.0153523342318974,0.271492065923803,0.131001619107435,-0.0232701654195114,-0.122778939173275,0.151695117139012,0.25776891409543,0.0498523186858516,1,-0.00405546211010571,-0.0268990423294873,-0.0246453613423873,-0.159945075050132,0.106148318847591,-0.13523142035671,0.122819777827039,-0.203450021232335,0.0290702302893515,0.102519791767207,0.0737893152184688,-0.0384079149045973,-0.0422703237703579,-0.069260291845438,0.061415858426441,-0.0336673702339666,0.123410888336659,0.0282522633920393,0.0831940243522134,-0.00945092096378964,0.19128837297583,-0.139374260307117,0.0586424719966864,-0.267481562640353,0.0517090518510617,-0.056007289948039,-0.123798341481029,0.140424391744843,-0.0822822596205227,0.0434352374315088,-0.0825371368428401
"28",0.035247450953653,0.18837089917098,-0.020547563276431,-0.130045551616333,-0.0141324194099753,-0.0028966754968217,0.105885866456593,-0.0677811751065066,0.077024229878163,-0.00235397106874284,-0.0501420163685099,0.100031960990628,0.206827392698238,0.0656667778743901,-0.0580632450804693,0.0429233614552006,0.0534159430669903,-0.0319335341479096,0.285684894292898,0.127511031392225,0.10183616621204,0.23868268649153,0.0442334688746157,0.209275468345174,0.00558128924364547,-0.0640953184181194,-0.00405546211010571,1,0.0181507396823307,-0.0367548960812153,0.158760945623768,0.0742864253834346,0.190971431419541,-0.00656562997092226,0.199887847799202,-0.0783264005843709,-0.0653570891616812,-0.0913497561841787,-0.00839978366968619,-0.0605618027925504,0.131178330607658,0.0258269132141122,0.0478840126708426,-0.0775472979891462,-0.0265780502664775,0.110602902288245,0.140723554889803,-0.0940037193832355,0.0546040773195371,-0.0803843495837922,-0.0819692162336196,-0.0950046098419483,-0.148651434492122,0.0705354247874144,-0.0582456079380041,0.120278797751694,-0.133720063153473,0.0917099477088691
"29",-0.151551413024206,0.00446266637903971,-0.0996410314167582,0.102796388137584,0.00625484276454309,-0.0684815829248404,-0.146219386835477,0.0675518431746107,-0.00843814886648866,0.0617034711762978,-0.123333512898588,-0.314164868565592,-0.143104693303326,0.0852367761339493,0.124058070780447,0.134441614166005,-0.187161647712977,0.0356297893012442,0.0681626215331112,-0.134976120218142,-0.0383981164538119,0.0408410101891525,-0.156306321059407,0.10315920152633,-0.0120152987956339,-0.150124553565859,-0.0268990423294873,0.0181507396823307,1,0.056852538949504,0.00175025793923295,0.0124792990136467,-0.014021721522485,0.0588622181319261,-0.277169526944989,0.0165533137928618,-0.0642574377486775,0.0786920974309615,0.0894111600182539,-0.03971654520476,-0.245210402393926,-0.15972467550515,-0.149335252640076,-0.0196120658627206,0.0417859112689295,-0.00362365915036139,-0.0484133607920872,0.0429491904727284,-0.145942233400841,0.0567529333163389,0.123623900332225,-0.209352320051476,-0.0301832369354774,-0.102490514256428,0.0219119499661504,0.0548578764145934,-0.0639256359637096,-0.0810628444456313
"30",-0.0806262847012902,0.19194742761626,0.00690305765558797,0.0784512738268272,-0.0208552757466604,-0.0802577637170016,0.0740188950645621,-0.0540654318672795,-0.054766695143139,0.105967753588038,0.181305698137612,0.11375614104827,-0.249408122126583,0.0664538912428383,0.242318386493716,0.0960681228732687,-0.138597535306759,-0.0628958726197195,0.109485929767769,0.0446388440869498,0.0454000400556552,0.0101921129731942,-0.155239505347527,0.0723777326701761,-0.0313209321807959,0.0079268371773715,-0.0246453613423873,-0.0367548960812153,0.056852538949504,1,0.119868255191221,0.0460975188156587,-0.0314716342215918,-0.207889737229325,-0.0793212865648378,-0.141673608205968,-0.0459313121599863,0.116783156497138,0.0407449649737522,-0.033371731424628,0.094965954013898,0.0628626524973077,-0.0146802358558334,-0.00361005174327895,-0.00509655344677472,0.0401491344210613,0.163133495136813,0.0673998898212535,-0.210545231172493,0.0105575370749717,-0.0455286802064881,-0.0736299061854856,-0.0601752760999085,-0.108998789768796,0.00649253105905262,0.0543340108259463,-0.117238875873515,-0.260221633285911
"31",0.113517752898419,0.0125996675822539,0.0979734550255678,0.0663548738277652,-0.0746124753586593,0.00770770031250751,-0.0505862699298537,0.0951453672729695,-0.0691986405205852,0.154701711121835,0.0974421637223961,-0.0668424200919841,0.123679360262232,0.0668058491057864,-0.0220407591311085,0.0277285613827663,0.0878250133397745,0.194370431133351,0.333615333702615,-0.0242653859762434,-0.0286212076980681,0.101797169046909,0.123956803676886,-0.031027265825623,-0.069749328318118,-0.0910489285646799,-0.159945075050132,0.158760945623768,0.00175025793923295,0.119868255191221,1,0.230336978892543,-0.0652349711852671,0.112122660778155,0.107797285014737,-0.0745863761046826,-0.0114543399399903,0.0336712907516313,-0.059065828637115,0.0897859002365456,0.0228066213598759,-0.0143885506447505,-0.0943785611595374,-0.128205854671415,-0.301440705160295,-0.0869770995025028,0.135912839545738,0.0519556114561826,0.0310356840653088,-0.0374712996140897,-0.00882645561334621,0.103771152900629,0.0574432112378143,0.105761133762044,0.0877129430688091,-0.0078703982439591,0.118063671215094,0.0284681135997861
"32",0.0165517437230791,-0.00315041495289938,0.0657490829717562,0.0210938485836154,-0.152138723736709,-0.00639839597222026,-0.0789864067687989,-0.0176719676901187,0.0144100725029236,0.0329626544338707,0.0523184079728517,-0.164351683953265,0.0462329570906248,0.167506211166193,0.0215793701257839,0.207609423524796,-0.167336883801648,0.302194786993448,0.230243828528032,0.391760128208874,0.0172733913207064,-0.00254912722397721,0.121566638204226,0.182332619099401,-0.0117956123653112,-0.191022282500461,0.106148318847591,0.0742864253834347,0.0124792990136467,0.0460975188156587,0.230336978892543,1,-0.147652580964447,0.144102974968986,-0.00994444539783579,-0.0530329100504738,0.0603348700774235,0.0484540856351112,0.0466158649843478,-0.0213457259641417,0.0698576184927377,0.0883197716973865,-0.132383453492723,0.104002772935499,-0.132268934341019,0.0966779245382273,0.0543338374113453,0.0915456028198353,-0.147817395284737,0.0318949266193886,0.00769834242184336,0.124260617652866,-0.063217642613451,0.145561823631164,0.00471873194171717,0.0649659208688579,-0.0427484333855433,-0.0523420385178613
"33",0.112518635743077,0.197063308020219,-0.0642594433576575,-0.0873487856301123,0.0537933505770574,0.0312444163470431,0.0849627445449682,-0.272771370951753,-0.0880661499897004,0.0674408735844587,-0.0302246701155546,0.117350485742288,0.0737073097104123,-0.0104063669766358,-0.0541999662278655,-0.0860606131164517,-0.0301530343941141,-0.0830864762881822,0.086056036452861,-0.0667934134166639,0.0842345038404306,0.0579484483413122,0.151552162882512,0.159724336071664,-0.0204360622472798,0.136882972836918,-0.13523142035671,0.190971431419541,-0.014021721522485,-0.0314716342215918,-0.0652349711852671,-0.147652580964447,1,-0.0920846862005711,0.099063998081151,0.163829604084588,-0.123612516872074,-0.338292644740982,0.0773621765974145,0.071058111122356,-0.00469973446175835,-0.0133224781288957,0.0386889629070545,0.0695269977798289,-0.156595417280591,-0.13424580928855,0.0705135500873887,-0.130226387216251,-0.0546864123740479,0.0717065700260652,0.0752168326349197,-0.110597851490059,-0.129689093809128,-0.115935281807688,-0.132422383405224,0.268577509093916,-0.253165691496859,-0.00889352407575756
"34",0.177993175072317,-0.0704461978613286,0.0914516400055221,-0.0427489735713863,0.0784881996763741,0.0612812999073634,-0.032324542686609,0.0295108679669409,-0.0920538482897194,-0.00786987752772151,-0.140322436592223,-0.0818469890162456,-0.0103098182912684,-0.0675320888346434,-0.0401822159821132,-0.0008208810698484,0.0721139699752625,-0.00946677855962919,0.0309297216701623,0.0787995651020281,-0.0509401623249761,0.138835459609625,-0.126655252565276,0.0532072917631277,0.124980778520409,-0.226115107628887,0.122819777827039,-0.00656562997092226,0.0588622181319261,-0.207889737229325,0.112122660778155,0.144102974968986,-0.0920846862005711,1,0.00564655081806851,0.136379684362804,0.0637470437847856,0.0851546771881294,-0.003488722871293,0.106628672259283,0.0488954770017533,-0.244329378517809,0.0385969877319618,-0.0743726597142071,-0.08825656292612,-0.0451469102012591,-0.128267032545639,0.012581334286636,-0.0433720051676163,0.0001927890070664,-0.0632855948441699,0.179588406430887,0.021007357095108,-0.0708894300178292,0.131088356038281,-0.203211211768961,0.0328844158753532,-0.118790798821248
"35",0.0837810163487369,0.0418307303243905,0.0144666853617959,-0.0665239943002534,0.0566665512794447,0.0940393217278612,0.133871563456814,-0.0307028404375117,0.16777921364918,-0.0229367194601133,0.117817896263343,0.0345861181174828,-0.0060511138306733,-0.130319241621586,-0.184694553528625,-0.238461502155017,0.0661953367742735,0.0388304819105336,0.05453173536523,-0.0752125769829599,-0.171041604838723,0.108990268733633,0.0639605792243965,0.188236045762986,0.00562973013096153,-0.0680210910611514,-0.203450021232335,0.199887847799202,-0.277169526944989,-0.0793212865648378,0.107797285014737,-0.00994444539783579,0.099063998081151,0.00564655081806851,1,0.120884328647241,-0.0406670095700258,-0.119715586529949,-0.164099326484761,-0.0461400613568386,0.0771525274473875,0.159106702035587,0.149269343628892,-0.0767967003532051,-0.0965921678797958,0.150598667372052,-0.0200822290715455,-0.11964470884236,0.100574917227858,-0.125000889037957,0.0190082557198074,-0.00733931409492423,-0.0577834262798488,-0.116526539750941,-0.104012523047443,0.00568195899789563,0.0380136612072463,0.0192191892107602
