"","l_Insular.Cortex","r_Insular.Cortex","l_Amygdal.Area","r_Amygdal.Area","l_Bed.Nucleus.of.the.Stria.Terminalis","r_Bed.Nucleus.of.the.Stria.Terminalis","l_Hippocampus","r_Hippocampus","l_Orbitofrontal.cortex","r_Orbitofrontal.cortex","l_Entorhinal.Cortex","r_Entorhinal.Cortex","l_Frontal.Association.Cortex","r_Frontal.Association.Cortex","l_Globus.Pallidus","r_Globus.Pallidus","l_Glomerular.Layer.of.the.Accessory.Olfactory.Bulb","r_Glomerular.Layer.of.the.Accessory.Olfactory.Bulb","l_Glomerular.Layer.of.the.Olfactory.Bulb","r_Glomerular.Layer.of.the.Olfactory.Bulb","l_Granule.Cell.Level.of.the.Cerebellum","r_Granule.Cell.Level.of.the.Cerebellum","l_Hypothalamic.Region","r_Hypothalamic.Region","l_Entorhinal.Cortex","r_Entorhinal.Cortex","l_Vermix.Molecular.Layer.of.the.Cerebellum","r_Vermix.Molecular.Layer.of.the.Cerebellum","l_Lateral.Molecular.Layer.of.the.Cerebellum","r_Lateral.Molecular.Layer.of.the.Cerebellum","l_Anterior.Olfactory.Bulb","r_Anterior.Olfactory.Bulb","l_Posterior.Olfactory.Bulb","r_Posterior.Olfactory.Bulb","l_Subiculum","r_Subiculum","l_Perirhinal.Area","r_Perirhinal.Area","l_PreLimbic.System","r_PreLimbic.System","l_Primary.Cingular.Cortex","r_Primary.Cingular.Cortex","l_Primary.Motor.Cortex","r_Primary.Motor.Cortex","l_Retrosplenial.Cortex","r_Retrosplenial.Cortex","l_Secondary.Cingular.Cortex","r_Secondary.Cingular.Cortex","l_Secondary.Motor.Cortex","r_Secondary.Motor.Cortex","l_Striatum","r_Striatum","l_Ventral.Tegmental.Area","r_Ventral.Tegmental.Area","l_Substantia.Nigra","r_Substantia.Nigra","l_Thalamus","r_Thalamus"
"1",1,0.248088761452465,0.0379641824635701,0.140831999502248,-0.0169771067275481,0.19594147825342,0.156660673205095,0.091930764780657,0.332985139138538,0.113275131913928,0.171047316599243,0.146667445002592,0.221960434843239,-0.0370810235912674,-0.110050976546,-0.118550161711026,-0.293868689221555,-0.180035533777882,-0.0620403018957248,-0.00568896802996318,0.128204899596059,0.130636230716518,-0.0766858041735,-0.0266257583778901,0.0923352572832046,0.192404909287396,0.184646856681272,-0.0307262989671522,0.154856886176969,0.065705203827769,-0.0852793996501939,0.19415274039859,0.126061284530261,0.00462948640741757,0.0214607778469422,0.0299350371021339,0.13995909989522,-0.155955614695338,0.224966494870956,0.141655526943284,-0.144866808907063,-0.0736484617603449,0.0828940994750259,0.118336599185022,0.0668319898115917,-0.00499936621803245,0.0207487939102354,0.0529064560786156,0.107166308097006,-0.183182256225633,0.316314222435444,0.452479571173342,-0.0789759543612522,-0.132797445410416,0.0231476432606425,0.114752018225086,-0.0111480412869162,0.0637486013814687
"2",0.248088761452465,1,0.11958860607674,0.0392570151811148,0.193790295969876,0.0213821028426786,0.160400917825155,-0.00794972765494162,0.279882045875638,0.277379803216666,0.151042420771474,0.264471754170664,0.10321631574918,-0.0369003890714172,0.0182881386526139,0.0980477363070552,-0.265723045737935,-0.154274743907258,0.0322233123499912,-0.0399900271719278,0.150593240527478,0.217173856461615,0.0953331937939398,0.0148816243202123,0.0227382187506925,0.192838438444319,0.0588467349264763,-0.0746918538837348,0.240973230491104,0.202780865277338,-0.169661518650737,-0.114213567843221,0.105636331975882,0.054852298884341,0.15725227575575,0.159881054805287,0.0249151791916011,-0.170399377746014,0.200137862548517,0.195764133008473,-0.0964717909353841,-0.0311219019831152,0.0767760247833207,0.0971613407448812,-0.0265597946825055,0.12362761097362,0.00041358216602788,0.0867926230246334,-0.0578061498410944,-0.0951836526886811,-0.0389955095302416,0.022736898406361,-0.150353689465607,-0.101463448519978,-0.016652631008086,-0.0407519287782272,-0.109956831998568,-0.103260554967475
"3",0.0379641824635701,0.11958860607674,1,0.0514480678272893,0.0538198610016314,-0.000617829777661,-0.0696286049224565,-0.0189783385063388,0.12931061155102,0.092609076187391,0.144753648062127,0.166060857070393,-0.0388276256035309,-0.215458435452281,0.0303565955081518,0.255496528582114,-0.123680236870893,0.0539963304080036,0.0343320671500325,0.121094600600816,-0.0480732601636705,0.0472135548844826,0.102631439719553,0.0185458056285987,0.153871146827097,0.113980402616952,0.0958818081670508,-0.279426803432419,0.161878032141027,0.136502995127627,-0.0953712414711669,0.0389524953465421,0.154991648848135,0.1497647271523,0.0252691674200639,0.00580716788468926,0.1136584958299,-0.0845302095869936,0.0193784538745688,-0.0503347369880341,0.0501872019532333,0.100250958078816,-0.0646681025069941,0.0168266898379542,0.0615428719649818,0.110366419279867,-0.0731660242528187,0.0797438223010378,-0.0511416645836085,0.00194136016957356,-0.0384124577490239,-0.104682223800265,-0.00096843760552599,0.163690881503194,-0.0951750357598928,0.0255838822255261,0.09550184579509,0.03824933622429
"4",0.140831999502248,0.0392570151811148,0.0514480678272893,1,-0.027636728296332,0.0497546236368341,0.0726736530152038,0.101529606734943,0.041575242702138,-0.0610400013259034,0.0380988599377623,0.131564276801416,0.196253265710778,-0.165714139047621,-0.028274921580773,-0.118258739811656,-0.102866884696286,-0.270944788217876,0.0811341623488995,-0.0544545645094737,-0.0206196414086979,-0.0522916989224319,-0.0178991592862216,0.0671993933140494,0.0576191688374207,0.294846572527197,0.0905504732166212,0.180521594236058,0.192987200270599,0.146267242774345,0.0737211706867673,0.143954258496248,0.199646649783289,0.0789296994775645,0.117277225736497,0.0283031735560855,0.137189909347959,0.0656753441673224,0.177526333719761,0.0576228177831763,-0.194497921381749,-0.0887229572951914,-0.00690726881576869,-0.0599141767912738,-0.0427107596797601,0.115757116150305,-0.126370032571006,-0.0408101798874121,0.0270961863945433,-0.192647979920595,0.113616874563171,0.0103676082143766,-0.0684485885451932,-0.0174507616707474,0.0158607351140903,-0.0131661681786584,0.0594705055367316,0.0339826291680207
"5",-0.0169771067275481,0.193790295969876,0.0538198610016314,-0.027636728296332,1,0.190105117226668,0.25599184177862,-0.102878672528026,-0.0724428760982379,0.00645036562527721,0.186239721951346,0.0253595812280953,0.0506215700517953,-0.204548738657845,-0.0932306022183311,0.203195944957466,0.224920388730117,0.0216654255704253,0.0632374066103415,-0.0738498831769867,0.202766373911115,0.159715344324686,-0.14124350796574,0.0913597541356603,0.061472483291096,-0.0337575482884208,0.0258315675708326,0.185945807072401,0.0350387289217746,0.107622743543094,0.0692990439934971,0.0596549340392271,-0.0298020362786809,-0.0384925972989177,0.154697750798993,-0.0143389018608739,-0.124128809904006,-0.102458907942484,0.0808297983249723,-0.0227202242692093,0.0161878524789788,-0.124544871487127,0.197221669199029,-0.0727304125127558,0.10010724870909,-0.0208476902975402,0.101419476522302,0.0564609175207791,-0.00215204722097839,-0.205429904716771,0.187555562831692,0.0766933529918244,-0.00189762931428252,0.0881699102241974,0.112787389290951,-0.0703553930567763,-0.00299426559781939,-0.108543507668871
"6",0.19594147825342,0.0213821028426786,-0.000617829777661,0.0497546236368341,0.190105117226668,1,-0.00931861409301621,0.0725701626621537,-0.107472738862345,0.0234057095881045,0.215256019869873,0.242538194615527,-0.0457613563723459,-0.192144715560937,0.0194564335819241,-0.11190046181,-0.125865855577617,-0.239621240028637,-0.0438589450297429,0.0593013635754942,0.0972877611422605,0.184297699366541,-0.0955149722458815,0.0820365241982683,0.114694503988354,0.0843431562629811,0.200352036778115,-0.0268648901411459,-0.0508469289621503,-0.0452825877552944,-0.00516826923849076,0.0484770137608055,0.00118631023735688,-0.166514312466133,0.215151991207259,0.0106592862524451,0.0291167217490907,-0.201763790865434,0.0262408931389097,0.029525298627964,-0.0731304991253375,-0.0231481109811359,-0.138558810969809,-0.0168374639916039,0.0671461814691798,0.0313317181744706,0.106720083968011,0.104271981177782,-0.0208202976432558,-0.279997336985658,0.357825998572608,0.269767223264468,-0.0239845626436475,-0.183688625782345,-0.0720795537956016,-0.104716408052626,-0.0700593938684946,0.00745649547344097
"7",0.156660673205095,0.160400917825155,-0.0696286049224565,0.0726736530152038,0.25599184177862,-0.00931861409301621,1,-0.0144196652810313,0.0107796443517778,-0.094094914527118,0.0165987725433909,0.0526110006088672,0.016164353864202,-0.122866299581235,0.0299326131913893,0.0867637077527273,-0.0155822392827975,-0.0465393376593383,-0.0895738181909317,0.0542597263509766,-0.0030461019552576,0.0590202919328794,0.0810275549595897,0.0804136613934571,-0.052561599109091,0.0576181498206557,0.011045344856025,0.0969976203592832,0.0887654255022363,0.101396934507189,-0.141287310671358,-0.0527305406511316,-0.0208343581104917,0.140375106226921,0.429735830616827,0.0749046012013091,0.103041393964614,0.137172612173075,-0.102553301923281,-0.043417210084048,-0.207496742035604,-0.233511651595094,0.100011062434932,0.133662768813996,-0.0766299058017031,-0.208425860135211,-0.241903872639365,-0.204893485684376,0.0081527051442281,-0.193068455425053,0.230790577760344,0.184238932556651,-0.150926659838447,-0.00438333635170585,0.0290589570432925,0.227365503144016,0.160048283060597,0.0750302574141852
"8",0.091930764780657,-0.00794972765494162,-0.0189783385063388,0.101529606734943,-0.102878672528026,0.0725701626621537,-0.0144196652810313,1,-0.0311418970114487,0.0566017045671887,0.0133557719749981,0.136271458066767,0.0388643359087206,0.032982782062463,-0.0177214288325426,-0.257692773824384,-0.173162478632842,-0.077522537288941,0.100129225799257,-0.114261205432025,-0.121537648156369,0.0259785525356164,0.0578572257954832,-0.0342623970855154,-0.110709680371445,0.187335588699024,-0.110061274029722,0.00914915377281166,0.0448775613008591,0.0660061551544238,-0.0671189775584014,0.0959572724334822,-0.00268620354017446,-0.0135476157828696,0.116529907162396,0.159883630375073,0.0163090454426187,0.182189274033757,-0.00952153255110349,-0.0897000360980138,-0.0749909896943709,0.00665830920671643,0.0234978972144508,-0.126604014576044,-0.198495971653505,0.0410630775247088,-0.114403767699284,0.0260125082680281,-0.0412419883215669,-0.0589347495044856,-0.0603264702053308,-0.0469215293299036,0.0411664014339114,0.0364359470853283,-0.133320479483295,0.0424274673207915,0.171747971391317,0.105102589248913
"9",0.332985139138538,0.279882045875638,0.12931061155102,0.041575242702138,-0.0724428760982379,-0.107472738862345,0.0107796443517778,-0.0311418970114487,1,0.402932217892284,0.0753860323147272,0.0480332421746299,0.161689768046917,-0.0522839847394041,-0.0853453456746611,0.157816392677683,-0.330367506143438,-0.252154134721337,0.093060284036792,-0.00159557564027472,0.0730701554759653,-0.027356791141323,-0.0200130616191009,0.136772320702987,-0.000188508753438,0.121387000411647,0.0678236529216448,-0.219240443967761,0.00505988760860868,-0.0909205960921804,0.00074674585493392,0.0909268575268829,0.153690775229261,-0.0188113283464463,-0.0466595960453605,-0.0747730632532904,-0.0117191556009869,-0.0620192351919942,-0.00516914548855529,-0.0709277849768375,-0.201496236762689,-0.12547644648441,0.0907694489754959,0.112029811411745,0.0638106785460523,0.237927039845809,-0.0207656283280123,0.104926455791737,-0.0215734273770789,-0.176762797578825,0.0236733232295776,0.0961568202478853,-0.217729219397831,-0.201124226878355,0.0189746205287013,0.0204009723097224,-0.00701891875095845,-0.031839965354713
"10",0.113275131913928,0.277379803216666,0.092609076187391,-0.0610400013259034,0.00645036562527721,0.0234057095881045,-0.094094914527118,0.0566017045671887,0.402932217892284,1,0.0302251765937479,0.0762741392049464,0.0382834548775605,0.277417694565255,-0.134779918280212,0.0911884331532685,-0.203775171288739,-0.119916300891186,-0.0073748007173889,-0.105938537092527,-0.00514533328281087,0.0953383344477944,-0.166257559269153,-0.086213694646235,-0.00942642481443645,0.0350396654259978,0.0953675269227024,0.00969273399940935,0.0449629771968868,-0.17859082528811,0.117730324099988,-0.0756893400743992,0.187995330825435,0.0840406042362791,-0.0883300837305615,0.0325933391768366,-0.0433230638693092,-0.0619780716263977,0.0536837603649051,0.0159914293315802,-0.0140358645896856,0.0856766122762686,-0.0073341738078018,0.170069457853656,0.0713199089118457,0.267946949781053,-0.0182968623894821,0.12934494357875,-0.0939623820413507,0.0139477739602777,0.0991960490358364,0.0220601433848561,-0.112439721771712,-0.0243693245863956,0.174756938127475,-0.0729803445364465,-0.0319551249570258,0.0194365239077031
"11",0.171047316599243,0.151042420771474,0.144753648062127,0.0380988599377623,0.186239721951346,0.215256019869873,0.0165987725433909,0.0133557719749981,0.0753860323147273,0.0302251765937479,1,0.0912800132728295,0.0691261534243841,-0.0239131062209797,0.0605122077103439,0.15090785904513,0.0722867866083712,-0.00622486271126653,0.0153702795050863,0.168486565342309,0.123132876959075,0.115860923592469,-0.149787035813233,0.180238905552462,-0.0262062055627594,0.050666466330851,-0.0300169517428627,0.183256410742543,-0.0388724432519701,-0.152157443435078,0.0130071115244715,0.112860152677041,0.0343246949230039,-0.0792060122182186,0.135773270720868,0.152721424707986,0.0354817567491335,-0.0297101911605468,0.0435312691851805,0.120449618845097,0.0728719125097779,0.0381012630462248,-0.00222763859405352,-0.17947352259136,0.172737146837944,-0.0296301399673238,0.0894385821577807,-0.0419797617233207,0.230101778351538,-0.0683773074390586,0.0316759731400701,0.122440138703881,0.0624444740001685,-0.089163486678909,0.0353956792794638,-0.00342995679482457,0.0235643113904718,-0.161650832930192
"12",0.146667445002592,0.264471754170664,0.166060857070393,0.131564276801416,0.0253595812280953,0.242538194615527,0.0526110006088672,0.136271458066767,0.0480332421746299,0.0762741392049464,0.0912800132728295,1,0.0368079787063966,-0.206251921388226,-0.0864235383832919,-0.16283232857297,-0.148937297976335,-0.173203738549963,0.120939406834206,0.0168001677164533,0.163261433052866,-0.0274940605022746,0.291948984716024,0.116449880778689,0.143083316464801,0.394556049286948,-0.00786269236684702,0.0131117921078778,0.154464857953483,0.0669146836947426,0.0895901832979455,0.131587961696481,0.0992649465501135,0.114851040905251,0.071833556246995,0.240679523359739,-0.0256098873936202,-0.0788106340085318,0.0552847288131911,0.140445021680902,-0.134336632842443,-0.0523447276054503,0.100274525489109,0.0549828897771644,0.0855381236248202,0.0810583590031661,-0.0577314777059436,0.0302872740052764,-0.00846675724378915,-0.159620616173922,0.124854463667432,0.0658171504944052,-0.127290714931691,0.149028044440981,-0.100893794755628,-0.0455359602400157,0.0492616423623021,0.0119539790068378
"13",0.221960434843239,0.10321631574918,-0.0388276256035309,0.196253265710778,0.0506215700517953,-0.045761356372346,0.016164353864202,0.0388643359087206,0.161689768046917,0.0382834548775605,0.0691261534243841,0.0368079787063966,1,-0.025499316450108,0.00386024640717007,0.00454574035429042,0.0192696398285685,-0.258257323363564,0.097324409141749,-0.147015821971077,0.0638647698299532,0.264026391450739,-0.12518891675697,-0.103307592673733,0.093626724317519,0.0658384814297205,0.0415028895149028,0.170179602003179,0.0646727944963116,0.0842640103772353,-0.128640982505126,-0.152866918003111,0.0956134816842891,0.0599998874833461,0.0316311686868779,0.0127041375508975,0.0278789835417663,-0.0628026261734141,0.28339405402575,0.120920193887655,-0.0176655647708158,0.175692351748647,0.212371581840309,0.121543948100631,0.113470482560736,-0.193037562837613,-0.0745998445008499,0.0925973137781201,0.314753257087298,0.0330730233295464,0.12468990677406,0.175730884094295,-0.14967482997848,-0.228482730510244,0.0710285628134131,0.260516655571362,-0.0147995210055614,0.0757739387981235
"14",-0.0370810235912674,-0.0369003890714173,-0.215458435452281,-0.165714139047621,-0.204548738657845,-0.192144715560937,-0.122866299581235,0.032982782062463,-0.0522839847394041,0.277417694565255,-0.0239131062209797,-0.206251921388226,-0.025499316450108,1,0.105272157106009,-0.0441868184839086,0.0474997906646473,0.209497766717683,-0.139066930645127,0.0442804807808835,-0.0746305842967998,0.0758927327545987,-0.149470963924613,-0.186457611121383,-0.00257078037302983,-0.186606726578965,-0.0698937496011524,0.0916665516358734,-0.0442082695653445,-0.150417890815983,0.07754006011743,-0.0338686557144989,-0.117979617530497,0.0132338672261739,-0.12148330769667,-0.0036866315317378,-0.0404839319361142,0.0706568168283567,-0.132483826242772,-0.0722226765896112,0.0454629300980384,0.111491545763779,0.0156252873697681,0.0468184827698656,0.0720132504010264,0.0442412909435916,0.00294301426558246,0.00590034776316093,0.0140259457453654,0.355182372750994,-0.130818560248257,0.00898779654730984,0.0886327103766522,-0.0484866101798517,0.113563729435711,-0.159594249726866,-0.127134719387829,-0.0163041277802859
"15",-0.110050976546,0.0182881386526139,0.0303565955081518,-0.028274921580773,-0.0932306022183311,0.0194564335819241,0.0299326131913893,-0.0177214288325426,-0.085345345674661,-0.134779918280212,0.0605122077103439,-0.0864235383832919,0.00386024640717007,0.105272157106009,1,-0.0460889244394737,0.0546751200896035,-0.0209984660987162,-0.150971411588607,0.129891094850471,-0.0974317454311585,0.0620013509221975,0.0601124978379617,0.0302072321461512,-0.156404754335736,-0.0457795584629618,-0.0663683628715399,0.0880281245467678,0.15264662621335,-0.0367403273833807,-0.120197815914065,-0.0324437558785407,-0.0890475267718579,0.0295468315707076,0.0229514720381553,-0.0468966454347018,0.125879868085246,0.104881263875726,-0.0396793982313199,-0.0114509551575406,-0.0329435161226772,0.119923247043001,0.0160121548486874,-0.14556108516981,0.202619178135212,-0.043163012596624,-0.0321770921985877,-0.0436812834678963,0.0672418033776128,-0.083941260882404,-0.0561543282669034,0.0389481820193814,0.1264274928651,0.0677122974568811,-0.0290625823535906,-0.0035245341339428,-0.208796663413842,-0.156457434433434
"16",-0.118550161711026,0.0980477363070552,0.255496528582114,-0.118258739811656,0.203195944957466,-0.11190046181,0.0867637077527273,-0.257692773824384,0.157816392677683,0.0911884331532685,0.15090785904513,-0.16283232857297,0.00454574035429042,-0.0441868184839086,-0.0460889244394737,1,-0.0170729715490886,0.0220691308039552,-0.0184446590164014,0.0973445331192755,-0.146562472400764,-0.0077716235529542,-0.100658657899948,0.0290928683129931,0.155164688012564,0.00956909355880743,-0.0255178801922526,0.00027569026285534,-0.0389490350984585,-0.0462623490621594,-0.12367932230052,-0.187764611602679,0.015686351401941,-0.0446160221140434,0.0743630241184042,-0.072974059121767,0.113474600697922,-0.0197750498625212,-0.109652231062364,-0.0960718197813571,0.0524055164779339,0.0234838498438196,0.036118240189648,-0.120865146151464,0.150325809334193,0.0256579502330083,0.0417585028575655,-0.107700406988658,0.00883815716789608,0.0697110535044577,0.0616025164710974,-0.00786202258820942,0.00261903955767264,-0.168450262796303,0.057646301563021,0.0104737710229304,-0.0761106608210269,0.0396325950395575
"17",-0.293868689221555,-0.265723045737935,-0.123680236870893,-0.102866884696286,0.224920388730118,-0.125865855577617,-0.0155822392827975,-0.173162478632842,-0.330367506143438,-0.203775171288739,0.0722867866083712,-0.148937297976335,0.0192696398285685,0.0474997906646473,0.0546751200896035,-0.0170729715490886,1,0.484162358253818,-0.0236767084048793,-0.0220919546737035,0.0710067436123615,-0.012000889745359,-0.115121423840588,-0.0644523569393202,-0.0998848074809966,-0.275864975742922,-0.0227101377563139,0.299125600763391,0.13664111296455,0.194915756032492,0.360360345588381,0.323648626308308,0.178803651725694,0.212705402111287,0.0327981765265561,0.175365915790387,-0.0935848167522117,0.166393518690414,0.0962498654058976,-0.172892723082433,0.0914815283244641,0.112793212199417,-0.0915339575516179,-0.135156273280253,0.132207287201113,-0.182701735846116,0.203342098220678,0.065417333241146,0.0132234779352016,0.0696135297564293,-0.1979989059484,-0.07875501310764,0.268744080408299,0.291999447433407,0.161545754498676,0.0515972296336033,-0.0836597467221541,-0.0462731119089713
"18",-0.180035533777882,-0.154274743907258,0.0539963304080036,-0.270944788217876,0.0216654255704253,-0.239621240028637,-0.0465393376593383,-0.077522537288941,-0.252154134721337,-0.119916300891186,-0.00622486271126653,-0.173203738549963,-0.258257323363564,0.209497766717683,-0.0209984660987162,0.0220691308039552,0.484162358253818,1,0.033655136508884,0.0990169210036786,-0.0290778170979047,-0.198028082951932,-0.0471999782313355,0.00767233344443659,-0.166372863081209,-0.245147139477982,0.0662786221748818,0.128270228221688,-0.00753416368441118,0.0261550688294551,0.415669540511234,0.287396762472668,-0.0190158741290426,0.0922130871425338,-0.271796428268947,0.158548962137975,-0.144446552391272,0.10313188254237,-0.0641921563660184,-0.198013315621295,0.00692991080889974,-0.0683051842654137,-0.20072078946869,-0.0973036682623753,-0.017957588744217,-0.0678610833680945,0.163310672970335,-0.0720736864049657,-0.140098738352875,0.332188965064874,-0.25033303292957,-0.14298448816055,0.231363875590326,0.347111321610019,0.0524728246400813,0.028466862640799,0.134261789554991,0.0262871337507453
"19",-0.0620403018957248,0.0322233123499912,0.0343320671500325,0.0811341623488995,0.0632374066103415,-0.0438589450297429,-0.0895738181909317,0.100129225799257,0.093060284036792,-0.0073748007173889,0.0153702795050863,0.120939406834206,0.097324409141749,-0.139066930645127,-0.150971411588607,-0.0184446590164014,-0.0236767084048793,0.033655136508884,1,0.19401253634861,0.173900414971665,-0.165744113745492,0.0687253438398989,0.0100098063669231,0.0170682176402106,0.275661490822383,-0.126967657942962,-0.0608143251106752,0.0526962585721781,0.114713450905379,0.419106584212026,0.192454029722997,0.195994199727585,0.281095978022599,0.0408025012408529,0.122547096890259,-0.126662623238345,-0.0805138796882634,0.0252962215857203,0.142360886176721,-0.141975771163488,-0.136011730855923,-0.0939921599138556,0.0208860022559797,-0.126697649265824,0.0500867378761666,-0.0932226266070437,-0.0548539731980245,-0.0264755078845357,0.0649311546201447,-0.00216794997066162,-0.0292914880185137,-0.0427350764505056,0.00309907608945753,-0.0678052781624497,0.0508276639853468,0.131193684716,-0.0627838724845979
"20",-0.00568896802996318,-0.0399900271719278,0.121094600600816,-0.0544545645094737,-0.0738498831769867,0.0593013635754942,0.0542597263509766,-0.114261205432025,-0.00159557564027472,-0.105938537092527,0.168486565342309,0.0168001677164533,-0.147015821971077,0.0442804807808835,0.129891094850471,0.0973445331192755,-0.0220919546737035,0.0990169210036786,0.19401253634861,1,-0.0433373838299193,-0.170752481182374,-0.0867782674487098,0.233566516718707,-0.0136013738523402,0.177499309186428,-0.0762307182546826,-0.179849165413962,0.0256320308150031,-0.020053082153142,0.115375218731544,0.210134246059799,0.0468920213839351,0.0165037152746143,0.0200236489812753,0.0603557024515802,0.167813993190346,0.149633622113676,-0.0755749209151358,0.108136484108733,0.152961163051833,0.00121619025703499,0.122206360992121,-0.144267164358706,0.0555002077794508,-0.122852129723334,-0.00724308792979021,-0.0406086065349198,0.187334307716536,0.179349063476911,0.0202903368311727,0.0388051386676507,-0.103639876199119,-0.135005691220082,-0.073105471001252,-0.0295583414611732,-0.202332210412692,-0.190508735295548
"21",0.128204899596059,0.150593240527478,-0.0480732601636705,-0.0206196414086979,0.202766373911115,0.0972877611422605,-0.0030461019552576,-0.121537648156369,0.0730701554759653,-0.00514533328281087,0.123132876959075,0.163261433052866,0.0638647698299532,-0.0746305842967998,-0.0974317454311585,-0.146562472400764,0.0710067436123615,-0.0290778170979046,0.173900414971665,-0.0433373838299193,1,0.0421930389848363,-0.039589108597666,0.0432924861504275,0.0978942656321136,0.0772245114147031,0.0193746571824661,-0.0411542604577669,0.140350234271179,-0.00144703063655204,0.189644089725606,0.0242482868031667,0.0917246764282095,0.0289623519559358,-0.088601321249178,-0.0961890450497606,-0.205532934589539,0.0191971406759676,0.110036629274275,-0.0493797218129789,-0.00944566032345122,-0.0751832675654718,-0.12889067568665,-0.0229540420278488,0.0509734440048817,-0.016745645189436,0.122546812600322,0.266358711329267,-0.0243167035281831,0.0272270922287952,0.0850040444044846,0.0429381017882123,-0.0754036184438773,-0.0604333034098831,0.125639969804553,-0.111796225347921,0.00475351356911874,-0.138771881903133
"22",0.130636230716518,0.217173856461615,0.0472135548844826,-0.0522916989224319,0.159715344324686,0.184297699366541,0.0590202919328794,0.0259785525356164,-0.027356791141323,0.0953383344477944,0.115860923592469,-0.0274940605022746,0.264026391450739,0.0758927327545987,0.0620013509221975,-0.0077716235529542,-0.012000889745359,-0.198028082951932,-0.165744113745492,-0.170752481182374,0.0421930389848363,1,-0.0939572422305255,-0.0149688040179667,-0.14929101409086,-0.0885456495783934,0.0436273697187728,0.163270632332589,-0.0481559699343381,-0.0464646023534477,-0.25031629432901,-0.237536561311918,0.0537862794738508,0.128957844304737,0.258518789101236,0.130860691243552,0.054456435275338,-0.0183056049340609,0.121337008160083,0.171749095816624,0.0425105883058083,0.200962091977818,0.0777364189371288,0.020615941584542,0.174340408422812,0.048943710839703,0.0491158352009824,0.141842174950062,0.0491655077943371,-0.227325257961035,0.108621051225831,0.124867745126395,0.0251307070182507,-0.119932739123847,0.204453548953315,0.0936919367217617,-0.167581803812826,0.0352601145078066
"23",-0.0766858041735,0.0953331937939398,0.102631439719553,-0.0178991592862216,-0.14124350796574,-0.0955149722458815,0.0810275549595897,0.0578572257954832,-0.0200130616191009,-0.166257559269153,-0.149787035813233,0.291948984716024,-0.12518891675697,-0.149470963924613,0.0601124978379617,-0.100658657899948,-0.115121423840588,-0.0471999782313355,0.0687253438398989,-0.0867782674487097,-0.039589108597666,-0.0939572422305255,1,-0.0184697428800353,0.0500694200945441,0.209663737546555,-0.030676805979255,-0.0451039639893786,0.0229472738074151,-0.00441883790900652,-0.148073709209065,-0.0550353891951863,-0.186160346648768,0.0289564248073602,0.0741100041032204,0.246058906564874,-0.0159103243415261,0.20196174674512,-0.228629696589129,0.0191125531930961,-0.212415279551316,-0.115863597844264,0.0768733298633959,0.0405494856998923,-0.237967324625099,-0.0581276152366101,-0.182302488114322,-0.117469783264842,-0.14280926582882,-0.164831221138913,-0.171162534020185,-0.132539373382551,0.0692641792727972,0.177074612759254,-0.252145890512886,0.0614376997592678,0.00455780223714873,-0.062437564785619
"24",-0.0266257583778901,0.0148816243202123,0.0185458056285987,0.0671993933140493,0.0913597541356603,0.0820365241982683,0.0804136613934571,-0.0342623970855154,0.136772320702987,-0.086213694646235,0.180238905552462,0.116449880778689,-0.103307592673733,-0.186457611121383,0.0302072321461512,0.0290928683129931,-0.0644523569393202,0.00767233344443659,0.0100098063669231,0.233566516718707,0.0432924861504275,-0.0149688040179667,-0.0184697428800353,1,-0.235740539000501,0.135619912128657,0.168127976389625,-0.00666769076475259,-0.0385759894623635,-0.147417895104737,-0.00885210406274014,0.102090332579955,0.171594758651161,-0.0793958826442406,0.0555433545392337,-0.0919333031941416,-0.0294825593693574,-0.0232228553726278,0.0604065597797361,0.0825304099270937,0.089324196584315,-0.118987144852511,0.166040588673535,-0.00065128833080471,-0.051493154841278,0.0207796459839947,-0.00673013513153421,-0.0630345872698046,0.139715842303806,0.0353926859103081,0.0362198540390803,-0.092434076490063,-0.150232945369755,-0.0289038589059649,0.113801310305897,-0.141938877382991,-0.00395809040852209,0.0477300845892581
"25",0.0923352572832046,0.0227382187506925,0.153871146827097,0.0576191688374207,0.061472483291096,0.114694503988354,-0.052561599109091,-0.110709680371445,-0.000188508753438,-0.00942642481443645,-0.0262062055627594,0.143083316464801,0.093626724317519,-0.00257078037302983,-0.156404754335736,0.155164688012564,-0.0998848074809966,-0.166372863081209,0.0170682176402106,-0.0136013738523402,0.0978942656321136,-0.14929101409086,0.0500694200945441,-0.235740539000501,1,0.219028554451771,0.107643380303049,-0.0862334159082087,0.0362551739397808,0.15109043539451,-0.126935037042376,0.059828532393182,-0.0548897781909455,-0.181515809056095,0.0549369466240381,-0.21004913587909,0.156592137089432,-0.0856995356542522,-0.0720724331536218,-0.0812028125269832,-0.169852256138917,-0.0854133614922363,-0.0746920363122773,-0.0157779988207115,0.131701152674939,0.109629740556812,-0.0136467217287749,-0.0147720546400546,-0.135807592378464,0.0148733637115004,0.235240162722058,0.139674093781924,-0.206078083905393,-0.0655882119301588,-0.134876880626585,-0.112822063835473,-0.0185380054448533,0.00199723612802661
"26",0.192404909287396,0.192838438444319,0.113980402616952,0.294846572527197,-0.0337575482884208,0.0843431562629811,0.0576181498206557,0.187335588699024,0.121387000411647,0.0350396654259978,0.050666466330851,0.394556049286948,0.0658384814297205,-0.186606726578965,-0.0457795584629618,0.00956909355880743,-0.275864975742922,-0.245147139477982,0.275661490822383,0.177499309186428,0.0772245114147031,-0.0885456495783934,0.209663737546555,0.135619912128657,0.219028554451771,1,-0.0150341345511727,0.00692973921052809,0.153272271757369,0.215651986841556,-0.00379217294545812,0.00208081946522528,0.0398960947788032,-0.0462177621555528,0.0895328472154713,0.144751853457411,0.178910832103056,0.0187677690029195,-0.100966782644659,0.193062172013492,-0.354737632514737,-0.236427749247924,0.109859820122037,0.0672483992754268,0.0637463657777842,0.136689031070671,-0.253112607382555,-0.222964551062337,-0.0479256430628713,-0.0650981106228,0.203808354007801,0.139432048943167,-0.121325261895713,-0.127947785934641,-0.00600666650316866,0.0742546751406805,-0.132828695558311,-0.139182952659666
"27",0.184646856681272,0.0588467349264764,0.0958818081670508,0.0905504732166212,0.0258315675708326,0.200352036778115,0.011045344856025,-0.110061274029722,0.0678236529216448,0.0953675269227024,-0.0300169517428627,-0.00786269236684702,0.0415028895149028,-0.0698937496011524,-0.0663683628715399,-0.0255178801922526,-0.0227101377563139,0.0662786221748818,-0.126967657942962,-0.0762307182546826,0.0193746571824661,0.0436273697187728,-0.030676805979255,0.168127976389625,0.107643380303049,-0.0150341345511727,1,0.0068205781057229,0.234552957400855,0.0998691306648588,0.0638543148253677,0.118244500883058,0.146036571412035,0.00238106166155395,-0.0320278883111579,-0.0358416324731005,-0.0598075883096038,-0.0666201443327096,0.154313738074581,-0.0399186813945138,-0.0422254989251749,-0.0617279036046134,-0.199536325702097,-0.00747104084901692,-0.0287905049092989,0.109566449829728,0.138636880280472,0.160067417283117,-0.0210773704626968,-0.0400911950605048,0.183959368158182,0.168030904588573,-0.0449909043523493,0.0153410454727061,0.00402060955816356,-0.0708441907461356,0.0235923079102481,0.137729851889188
"28",-0.0307262989671522,-0.0746918538837348,-0.279426803432419,0.180521594236058,0.185945807072401,-0.0268648901411459,0.0969976203592832,0.00914915377281166,-0.219240443967761,0.00969273399940935,0.183256410742543,0.0131117921078778,0.170179602003179,0.0916665516358734,0.0880281245467678,0.00027569026285534,0.299125600763391,0.128270228221688,-0.0608143251106752,-0.179849165413962,-0.0411542604577669,0.163270632332589,-0.0451039639893786,-0.00666769076475259,-0.0862334159082087,0.00692973921052809,0.0068205781057229,1,0.157309720453605,0.264081601430535,0.0432209497040306,-0.00387110109632023,0.0734158415368095,0.0675944562143727,-0.0127714877463314,0.0277470233143095,0.0433684763481498,-0.0321906840479542,0.178084769540463,0.0802859435696846,-0.0794704731807467,-0.0810104964550575,-0.015245346214126,-0.0955524650625009,0.150887187571036,0.0972980087113159,-0.0106427019484269,-0.135680312743743,0.0632875948016151,-0.168525912428259,0.168344406077845,0.157582350839727,0.299567531630876,0.233876151361436,0.256528043993101,-0.0257985268598751,-0.0090913679767514,0.121262035071597
"29",0.154856886176969,0.240973230491104,0.161878032141027,0.192987200270599,0.0350387289217746,-0.0508469289621503,0.0887654255022363,0.0448775613008591,0.00505988760860867,0.0449629771968868,-0.0388724432519701,0.154464857953483,0.0646727944963116,-0.0442082695653445,0.15264662621335,-0.0389490350984585,0.13664111296455,-0.00753416368441118,0.0526962585721781,0.0256320308150031,0.140350234271179,-0.0481559699343381,0.0229472738074151,-0.0385759894623635,0.0362551739397808,0.153272271757369,0.234552957400855,0.157309720453605,1,0.352572429959598,0.0154288777119741,0.223634684217797,0.380866740971824,0.273042302768436,0.00265934391245128,0.0445124708951593,0.206282413385751,0.100321350279291,0.393905651431034,0.169219060811076,-0.12337155131328,0.0906689135314929,-0.0876185578939634,-0.023427343962449,-0.016366352901198,0.164933896953516,-0.0995329729523959,0.115138019588411,0.00570003318125685,0.0814925463711018,0.0767014024461214,0.18017355061038,0.118558031346169,0.157966701374854,0.0317779751781867,-0.101825512021613,-0.189335815481635,-0.0581466317732764
"30",0.065705203827769,0.202780865277338,0.136502995127627,0.146267242774345,0.107622743543094,-0.0452825877552944,0.101396934507189,0.0660061551544238,-0.0909205960921804,-0.17859082528811,-0.152157443435078,0.0669146836947426,0.0842640103772353,-0.150417890815983,-0.0367403273833807,-0.0462623490621594,0.194915756032492,0.0261550688294551,0.114713450905379,-0.020053082153142,-0.00144703063655204,-0.0464646023534478,-0.00441883790900652,-0.147417895104737,0.15109043539451,0.215651986841556,0.0998691306648588,0.264081601430535,0.352572429959598,1,0.0667995865750426,0.166430985311008,0.255934661144742,0.203964615751857,0.165598677801143,-0.0210496808440619,0.179803902204427,-0.1115050612523,0.338151048017743,0.167508646580311,-0.0386714105369491,0.00325470207427437,-0.184140380138568,-0.0631606511061109,0.0124296263778349,0.0846745647982804,0.0222184049474841,-0.0254243900808712,-0.10673063586846,-0.0936080689352622,-0.00786451568482496,0.100542924997307,0.195788980369991,0.132234434534523,-0.0212613677756438,0.0831232146837489,-0.181013576572373,-0.00064539777772494
"31",-0.085279399650194,-0.169661518650737,-0.0953712414711669,0.0737211706867673,0.0692990439934971,-0.00516826923849076,-0.141287310671358,-0.0671189775584014,0.00074674585493392,0.117730324099988,0.0130071115244715,0.0895901832979455,-0.128640982505126,0.07754006011743,-0.120197815914065,-0.12367932230052,0.360360345588381,0.415669540511234,0.419106584212026,0.115375218731544,0.189644089725606,-0.25031629432901,-0.148073709209065,-0.00885210406274013,-0.126935037042376,-0.00379217294545812,0.0638543148253677,0.0432209497040306,0.0154288777119741,0.0667995865750426,1,0.448242924054591,0.308040634015596,0.229864232789938,-0.195089271020852,0.181108655814543,-0.245332683010429,0.101574888932509,0.107686626578512,-0.0741338467051609,0.0200283012135577,-0.131775903394992,-0.25750629289288,-0.13708080846027,0.0855102772332258,0.116330625036187,0.0742740541637945,-0.0368341571419515,-0.0250536152071836,0.106597634127234,-0.117529235889062,-0.0803527459233716,0.0804188223731731,0.201807011441565,0.0565402514538941,0.0564234755990791,0.0336139776246856,-0.131292632648164
"32",0.19415274039859,-0.114213567843221,0.0389524953465421,0.143954258496248,0.0596549340392271,0.0484770137608055,-0.0527305406511316,0.0959572724334822,0.0909268575268829,-0.0756893400743992,0.112860152677041,0.131587961696481,-0.152866918003111,-0.0338686557144989,-0.0324437558785407,-0.187764611602679,0.323648626308308,0.287396762472668,0.192454029722997,0.210134246059799,0.0242482868031667,-0.237536561311918,-0.0550353891951863,0.102090332579955,0.059828532393182,0.00208081946522528,0.118244500883058,-0.00387110109632023,0.223634684217797,0.166430985311009,0.448242924054591,1,0.234438456979731,0.21379215910891,0.00811091731687415,0.197677516198003,0.00673782426703605,0.130170862689409,0.106278745545412,-0.117934696673762,-0.151273613931115,-0.234410006338277,-0.186272495725122,-0.165158717172072,0.0281230083983435,0.0796121432560088,-0.0119350466258048,-0.0702628042962682,-0.270554238635142,-0.092877179054325,0.046910244487657,0.124048596559879,0.119417444444605,0.333008940369508,-0.114109499143926,-0.0671796018809406,-0.122404168774097,-0.181353886723703
"33",0.126061284530261,0.105636331975882,0.154991648848135,0.199646649783289,-0.0298020362786809,0.00118631023735688,-0.0208343581104917,-0.00268620354017446,0.153690775229261,0.187995330825435,0.0343246949230039,0.0992649465501135,0.0956134816842891,-0.117979617530497,-0.0890475267718579,0.015686351401941,0.178803651725694,-0.0190158741290426,0.195994199727585,0.0468920213839351,0.0917246764282095,0.0537862794738508,-0.186160346648768,0.171594758651161,-0.0548897781909455,0.0398960947788032,0.146036571412035,0.0734158415368095,0.380866740971824,0.255934661144742,0.308040634015596,0.234438456979731,1,0.373775202994103,0.149597517880091,0.024512630261686,0.150351611876019,-0.134511087874038,0.454159612144365,0.167196598115132,-0.0605961005895626,0.0528455733482356,-0.193723576022259,0.0208738972045461,-0.00834475529227371,0.143831450876681,-0.022135743076733,0.147446573046624,-0.0160717398768895,-0.0572254162363216,-0.0963991852435565,0.0331695800342961,0.124758185153121,-0.0350203522469659,0.202340196251713,0.0426194505458651,-0.162947386276736,0.0783637568397368
"34",0.00462948640741757,0.054852298884341,0.1497647271523,0.0789296994775645,-0.0384925972989177,-0.166514312466133,0.140375106226921,-0.0135476157828696,-0.0188113283464463,0.0840406042362791,-0.0792060122182186,0.114851040905251,0.0599998874833461,0.0132338672261739,0.0295468315707076,-0.0446160221140434,0.212705402111287,0.0922130871425338,0.281095978022599,0.0165037152746143,0.0289623519559358,0.128957844304737,0.0289564248073602,-0.0793958826442406,-0.181515809056095,-0.0462177621555528,0.00238106166155395,0.0675944562143727,0.273042302768436,0.203964615751857,0.229864232789938,0.21379215910891,0.373775202994103,1,0.172268773984469,0.230357713944998,0.0856276133052683,0.116444695845062,0.21400990543346,0.0565950971457131,-0.0637035202527713,0.0720931286695024,-0.226875000064721,0.00976848830272921,0.044265698430704,0.0527218878501804,-0.132005424556608,-0.00193945581994494,-0.0957843887225964,-0.0496537380359804,-0.0340181453052407,0.0534711089319908,0.124681604743571,0.196819587636805,0.0927040545993364,0.0880392100096895,-0.0948223971794174,-0.0330167642810017
"35",0.0214607778469422,0.15725227575575,0.0252691674200639,0.117277225736497,0.154697750798993,0.215151991207259,0.429735830616827,0.116529907162396,-0.0466595960453604,-0.0883300837305615,0.135773270720868,0.071833556246995,0.0316311686868779,-0.12148330769667,0.0229514720381553,0.0743630241184042,0.0327981765265561,-0.271796428268947,0.0408025012408529,0.0200236489812753,-0.088601321249178,0.258518789101236,0.0741100041032204,0.0555433545392337,0.0549369466240381,0.0895328472154713,-0.0320278883111579,-0.0127714877463314,0.00265934391245128,0.165598677801143,-0.195089271020852,0.00811091731687415,0.149597517880091,0.172268773984469,1,0.202523258291217,0.274944647237123,0.103017562938301,-0.0732503379920312,-0.0205137027513918,-0.124911261389352,-0.0627866389599204,0.0139226823839012,0.102481152390222,0.0677956544274975,-0.0828242539723772,-0.0787428061866638,-0.0535086855078863,-0.113408508930893,-0.365731509930078,0.0913315402712049,0.208599963872172,0.04790782941171,-0.165153876300469,0.0494016972418999,-0.0333519800020136,-0.179425780544082,-0.116570558152435
