"","l_Insular.Cortex","r_Insular.Cortex","l_Amygdal.Area","r_Amygdal.Area","l_Bed.Nucleus.of.the.Stria.Terminalis","r_Bed.Nucleus.of.the.Stria.Terminalis","l_Hippocampus","r_Hippocampus","l_Orbitofrontal.cortex","r_Orbitofrontal.cortex","l_Entorhinal.Cortex","r_Entorhinal.Cortex","l_Frontal.Association.Cortex","r_Frontal.Association.Cortex","l_Globus.Pallidus","r_Globus.Pallidus","l_Glomerular.Layer.of.the.Accessory.Olfactory.Bulb","r_Glomerular.Layer.of.the.Accessory.Olfactory.Bulb","l_Glomerular.Layer.of.the.Olfactory.Bulb","r_Glomerular.Layer.of.the.Olfactory.Bulb","l_Granule.Cell.Level.of.the.Cerebellum","r_Granule.Cell.Level.of.the.Cerebellum","l_Hypothalamic.Region","r_Hypothalamic.Region","l_Entorhinal.Cortex","r_Entorhinal.Cortex","l_Vermix.Molecular.Layer.of.the.Cerebellum","r_Vermix.Molecular.Layer.of.the.Cerebellum","l_Lateral.Molecular.Layer.of.the.Cerebellum","r_Lateral.Molecular.Layer.of.the.Cerebellum","l_Anterior.Olfactory.Bulb","r_Anterior.Olfactory.Bulb","l_Posterior.Olfactory.Bulb","r_Posterior.Olfactory.Bulb","l_Subiculum","r_Subiculum","l_Perirhinal.Area","r_Perirhinal.Area","l_PreLimbic.System","r_PreLimbic.System","l_Primary.Cingular.Cortex","r_Primary.Cingular.Cortex","l_Primary.Motor.Cortex","r_Primary.Motor.Cortex","l_Retrosplenial.Cortex","r_Retrosplenial.Cortex","l_Secondary.Cingular.Cortex","r_Secondary.Cingular.Cortex","l_Secondary.Motor.Cortex","r_Secondary.Motor.Cortex","l_Striatum","r_Striatum","l_Ventral.Tegmental.Area","r_Ventral.Tegmental.Area","l_Substantia.Nigra","r_Substantia.Nigra","l_Thalamus","r_Thalamus"
"1",1,0.263951167976019,-0.0921905219018452,0.129643555064952,0.142394401151449,-0.0844038388020472,-0.183643426683057,-0.0775405186099366,0.103477839944824,-0.0150107399877669,0.099254151426756,0.118574380251541,0.0378862692289071,0.0217930913885416,-0.00414645526888741,0.151367732598571,0.194149050197717,0.12535521769301,-0.0586798283075156,-0.0110565569663853,0.0878268916903383,0.0646948957386555,-0.14097128252427,-0.0761575916398055,-0.103315529739005,0.0315434989493827,-0.0946340540629477,-0.00795879751111336,0.0456507439336779,-0.0415161351392938,0.152560873016669,0.194918201041925,0.136824730617855,0.123645120804309,-0.0493118899988332,-0.215331046950756,-0.174047993077268,-0.152531584259722,0.0778469012498682,0.324270110556296,-0.0252982353981071,-0.0144100042501012,0.125465376731091,-0.156522019576981,-0.0122850981166898,-0.136787359739527,-0.139818217873535,-0.0710269309623335,0.0431125853730022,0.19574601369503,0.0641239623810046,0.0370509015488501,0.108336335155689,0.0472175841912485,0.0583954663716882,0.0798706865478367,-0.0875137110672336,-0.116259080689328
"2",0.263951167976019,1,-0.0711358396770499,-0.00856305149796949,0.111536776251793,0.00610112743337025,-0.0880931130396198,0.0229732699848289,0.00202358128209554,0.270237726425844,0.0722801783002064,-0.00173406087450444,0.0550405256201796,-0.12835368234385,0.0208659738161964,0.209598290413427,0.0961384821496984,-0.00279748409938798,-0.0471070645732241,-0.210196389489619,-0.116286145375688,0.161501831182399,-0.0964503277884849,0.0887646537273698,0.109987822730785,0.156930576700202,0.0070582867952244,0.146397623238083,-0.0271274848803536,0.00884942151876565,0.21616124382711,0.0616954665319475,0.0901901579468268,-0.104321123493068,-0.00414710514909207,-0.0544366957034712,-0.00780027385392962,0.0843133457871537,-0.00477165543136564,0.0484209601183669,-0.0666415145088538,0.00247820745533048,0.0506914275169863,-0.265177466418438,0.108622540620873,0.0875804927788683,0.0246360569149072,-0.1082760839234,-0.104278662626397,-0.0858261772842732,0.0639672613947005,-0.00104186793096606,0.127875697575447,-0.00987121109124946,0.0789588977239901,0.00258604329420924,0.0894421510250143,-0.0394911199493431
"3",-0.0921905219018452,-0.0711358396770499,1,0.112583314813003,-0.0975890589041038,0.161097189761754,-0.0850825471981241,-0.0161548009402623,-0.0130914966440633,0.0809731310860996,0.129844419564869,0.0789099111923199,-0.0904096909384538,-0.228083734702555,-0.0868580885049351,0.10193101352567,-0.203455946587,-0.0501639940553959,0.209151447091607,-0.0392729527761681,0.077133569493032,-0.101309946115906,-0.0922692010656944,-0.0220816822945042,0.202252776071017,0.053090123021473,0.0488581790706869,0.0525928586004932,0.0775457144917544,-0.0121961653862061,0.0598000715458153,-0.0281396626459183,-0.0305145574734343,-0.0300175403018885,-0.0560238191077765,0.084262616764156,-0.125543498021442,0.0631822208288953,-0.045937623516177,-0.0376948338521687,-0.0924360267087347,-0.0625677017113655,-0.0265719670972093,0.0150575743702389,-0.0596922961723629,-0.00769193551460122,-0.0482346368200557,-0.178813556705192,-0.228476792321589,-0.238169699815172,0.141561525494043,0.190338116250792,-0.0934189185081672,-0.00391302390916711,0.0350097619174157,0.014028499670567,-0.0482633283014912,0.0936874817262036
"4",0.129643555064952,-0.00856305149796949,0.112583314813003,1,0.158934871641127,0.102398126176825,-0.0957924640231135,-0.0664312514902523,0.121722173284868,0.121469926934204,0.12427216788211,0.127352052584892,0.11780308644131,0.0419194376925713,0.109373522252764,0.139231729442071,0.228238953537793,0.219700989906987,0.163349102687611,0.0439697659242456,0.0739274060536561,0.103962514595329,0.0193501464299985,0.0365415043705492,-0.16294202045099,0.242765831624626,-0.160624280345266,0.0715253319555052,0.0508804272587861,-0.00769986840903217,0.0756623008355083,0.0709991390978164,0.0381367024785564,0.0524456272142354,-0.193759612983499,-0.163170657513316,-0.0834072011645264,-0.0601826347626139,-0.0157768843100697,0.228826501110895,-0.0175704439152245,0.135040351283399,0.0452153470335041,0.0469161518508216,0.0286685771043978,-0.128025865409663,0.0191752009851653,-0.122615219777848,0.0180537633256855,0.139538628909517,0.105535487804931,0.0267390349949205,0.0416675888317796,0.164156587143693,0.0682782108536776,0.016511160089034,-0.223163386451729,-0.144113706813033
"5",0.142394401151449,0.111536776251793,-0.0975890589041038,0.158934871641127,1,0.0780543392905416,-0.160147629524552,-0.101228059772941,0.192525889087978,-0.092754571198077,0.15398077425619,0.00373637084186382,-0.0140232461244036,0.0231415037454825,0.199687462887811,0.0167543733608329,0.0233161563631205,-0.0201352106539725,0.0241839689559058,-0.192794364206252,-0.120534864825067,0.107947570598316,-0.123075034514493,-0.00808573301310344,-0.0718451228511406,-0.0391361514679591,-0.132362994187528,-0.0383263039825226,-0.13973457525322,0.0304157726019848,-0.00501657173267477,0.108551627067359,0.132069373790058,-0.0514247928965037,-0.119145744677901,-0.14913628458296,-0.244614704865399,-0.100879017160228,-0.0142411139489144,-0.0493012238216455,-0.0832421307657706,0.0177202041690583,-0.158974051131759,0.0187022334906261,-0.162609821175547,-0.0614191866319128,-0.0959575549231669,-0.133956789943478,0.00058346149029725,0.0599887837984001,0.340188849796385,0.334432795598033,0.0527145484447731,0.0935740933235231,0.0155244072299997,0.110959980896487,0.0877913696058397,0.0587142380348269
"6",-0.0844038388020472,0.00610112743337025,0.161097189761754,0.102398126176825,0.0780543392905416,1,0.0190406348890894,-0.044988392105724,-0.104697928642196,0.0975934402809286,0.28171012424629,0.0292432824785844,0.0157259939860418,-0.179290788128429,-0.0449679128715612,0.157880617912298,0.185726932045616,0.200821127424738,0.0646868661564241,-0.00252293848845655,0.230276517976835,-0.106141507216719,-0.0499231114298797,-0.185371056780657,0.158887935567618,-0.0333977890338462,-0.0451456379676569,0.0395549993477083,-0.176200787454315,0.0977985269007813,0.043276376058835,0.0802021122433634,0.358820979760729,0.157480263996643,-0.0656272108781028,-0.142311407630346,-0.0515100441472227,-0.0212695610404945,0.0979030120915946,0.0799168962246883,-0.0155175349752879,0.0889205016536971,-0.169368890702937,-0.111540090868171,-0.0603209282414467,-0.085749759277071,0.149840206827735,0.0438968231894307,-0.0104090286056696,-0.116228260422236,0.162446832276086,0.166753195855232,-0.071370255727166,-0.062579675144341,-0.0560110154734885,-0.101581738192009,-0.0173644527884807,0.253717447589355
"7",-0.183643426683057,-0.0880931130396198,-0.0850825471981241,-0.0957924640231135,-0.160147629524552,0.0190406348890894,1,0.227747977575357,-0.0679023019518094,-0.0799942500517995,-0.217745917395279,-0.183845422004998,0.101381391778326,0.172388086364985,-0.152977304710671,-0.263087882490944,0.0556352622858492,-0.006503598789331,-0.134199041982771,-0.00026652789129648,0.0877893393816625,0.0111373549997259,0.114852848617609,-0.0936053504741239,-0.0412002162874274,-0.13128478325424,0.0516463178517745,-0.171986736289887,-0.0137963491599682,-0.14573179743234,-0.245293398034468,-0.18934849841386,-0.163504036090299,0.0329355477144889,0.171913613901468,0.151416342707357,0.155458784010223,0.225562961903957,0.0581307119074496,0.0125607726584526,0.16858197759122,0.17878196182675,0.105950514359722,0.235483904385169,0.245005152894246,0.22130696875726,0.113051259805365,0.24609684289657,0.27510008086001,0.133553447342976,-0.12313726309447,-0.131824456802523,0.0448403648322254,0.199789301293856,-0.174592624334478,-0.0347718614365074,0.0865990780708705,0.0783198430320288
"8",-0.0775405186099366,0.0229732699848289,-0.0161548009402623,-0.0664312514902523,-0.101228059772941,-0.044988392105724,0.227747977575357,1,0.00839966473428072,-0.00566990180053092,-0.250653268529194,-0.233742278938914,0.114956570456502,0.0696914935235443,0.0401628890005923,0.0139674630695148,-0.0135000312232806,-0.225434688597274,0.188218521984519,-0.0413965066139782,0.0260132349153264,-0.132891247772387,0.171197885523243,-0.074877361872511,0.0550752045389501,0.109071723751359,0.101374898657017,0.0209633113231354,-0.0266064792723695,0.126967559244013,0.0451690689270635,-0.118804016137583,-0.0566787246119332,0.00213846022880402,0.126447029956757,0.212039946445462,0.146681071947761,0.239074241291013,-0.196226951993304,-0.0700724003776716,0.130403320421632,-0.0252112943744519,0.312087538969487,-0.0338764830469811,0.247208684616103,0.197669947011021,0.104736961286986,0.117381859467038,0.186095382644708,-0.0725796811121142,-0.231060812951816,-0.134896595661678,0.193051972856057,0.117868976368439,0.0256106062712258,0.0767360657991654,0.150588588980917,0.0739783013279581
"9",0.103477839944824,0.00202358128209554,-0.0130914966440633,0.121722173284868,0.192525889087978,-0.104697928642196,-0.0679023019518094,0.00839966473428072,1,0.13903300899065,-0.076926608829681,0.0612594001760636,0.0402305004440048,0.0719087967060589,0.151357915809924,0.00029458053064536,-0.0882628189837486,0.0315139197627517,0.210061442636301,0.0507949317193766,0.0112320235132072,0.101166026337524,-0.0251184521972609,0.072305195418577,-0.276344569199994,-0.141101915954489,0.0878920066876943,0.0100052322951769,-0.117918044041282,0.0629731333271349,0.159732053177336,-0.053367605576052,-0.103770144027192,-0.0707725540585917,-0.118780680625379,-0.0395791161266922,0.010488482221718,0.104763089474231,-0.203732649263613,-0.0160194881390553,-0.016675203674187,-0.0680693842035263,0.0523915987946852,0.130935994448287,-0.0330316838341355,0.175212326401137,-0.059411182604114,-0.0231395840109243,-0.0763023794273248,0.147306300344592,-0.138483332604178,0.0494690212133227,-0.00717488045913356,0.0369204482634628,-0.131685236576657,0.00724099891965086,0.0155376518536925,0.0601823380215225
"10",-0.0150107399877669,0.270237726425844,0.0809731310860996,0.121469926934204,-0.092754571198077,0.0975934402809286,-0.0799942500517995,-0.00566990180053092,0.13903300899065,1,0.021297248704548,0.0483317235335319,0.132891854752105,-0.00686674961637437,0.253420314396135,0.287182025572676,-0.0555537361330013,0.0565044610849937,0.120676262432329,-0.202173048878146,0.0985956808875862,-0.0290371873753881,-0.0636782634009537,0.0338931719840649,0.0476600735483739,0.00807469007336092,0.0757375560252377,0.104323205578735,-0.0177715530665407,0.0425852505416914,0.0847855458713527,0.0389847495729247,-0.14044921007062,-0.0145917999895579,-0.0612112262903332,-0.161555993019413,0.135143460219874,0.131003494220894,-0.100349031110293,-0.0101745359987719,0.0210568860400971,-0.0220912193429499,-0.0172097547139398,0.0183042124252212,0.0914737927718945,0.0406899676943977,0.225927488352439,0.10761052325728,-0.151342308912561,0.0308092269081295,-0.140050048396648,-0.158607376663491,-0.190044503841139,-0.100979020548606,-0.188595095155865,-0.0225360856984697,0.0275104944277233,0.0970655979389594
"11",0.099254151426756,0.0722801783002064,0.129844419564869,0.12427216788211,0.15398077425619,0.28171012424629,-0.217745917395279,-0.250653268529194,-0.076926608829681,0.021297248704548,1,-0.0132388520133051,-0.0238202477300452,-0.0801573968296619,0.0658703466697081,0.0508691020235024,0.196519956128453,0.165432375131422,-0.009241707618996,0.132681569469645,-0.0791416572360092,-0.0200615934898307,-0.0751201351359897,-0.0513730674321428,0.0648191874682733,0.085412261611536,-0.140593812302515,0.113821201741173,0.0872649096276782,0.0544734758366638,-0.00882021845116605,0.163550796351151,0.101937809742725,0.0525079097011474,-0.23692607928151,-0.17357428338454,-0.222055775551603,-0.261112645329663,0.0855545830610709,0.107835697826705,-0.180990250608108,-0.0608403657048952,-0.0807512767245891,-0.145418302567433,-0.133952056527838,-0.176770541997744,-0.0867552348652483,-0.173873047647969,-0.169270919066031,-0.122512453813251,0.256032236079275,0.1144931084296,-0.0165108791062508,-0.0655358384938997,0.097955949076496,-0.115603711254016,-0.114842066433773,-0.0157681743862851
"12",0.118574380251541,-0.00173406087450444,0.07890991119232,0.127352052584892,0.00373637084186382,0.0292432824785844,-0.183845422004998,-0.233742278938914,0.0612594001760636,0.0483317235335319,-0.0132388520133051,1,0.00048154024710444,0.127900566628337,0.0193454880307052,0.252592665951846,-0.0233104882400246,0.129042479524562,0.150435647016225,0.224520094428009,-0.01015447822342,0.00359589109659668,0.1054984738442,0.144832692567077,-0.0313511382656057,0.0112604828110412,0.0839166481963718,0.241369455516633,0.150135275609391,-0.0603067582405579,0.0213530507527759,0.316061080172338,0.0106353214188305,-0.0418498767792749,-0.0278521983561481,-0.160773816678611,-0.0777860251206169,-0.0852057760240668,-0.0255052005625983,0.0176801927066287,-0.109935085009295,-0.153474406437448,-0.263350654934174,-0.00680479042800512,-0.041857042749095,-0.133386993609165,0.0361000413520542,-0.0354498888219222,-0.0349687857183008,0.129244407769412,0.00711868468485169,0.100385899657574,0.0309574367674814,0.0639461699260608,-0.0263881585117125,0.00792930587740402,-0.0576354067259435,0.0653531271468281
"13",0.0378862692289071,0.0550405256201796,-0.0904096909384538,0.11780308644131,-0.0140232461244036,0.0157259939860418,0.101381391778326,0.114956570456502,0.0402305004440048,0.132891854752105,-0.0238202477300452,0.00048154024710444,1,0.298249816328267,0.187753265229322,0.0792976567910637,0.264484239774345,0.101948340978534,-0.0385619206083195,0.139996920953722,-0.0196150070061668,-0.0507816923511721,0.00848000783698459,0.0853135992174591,0.0357687104192972,-0.206740520473189,-0.0914110134691567,-0.0619349347615242,-0.060229541853146,-0.0471432106042595,-0.0638257759310519,0.0832901288081013,-0.00733928264645138,0.163298877747613,0.0212681276867899,0.133881051671143,0.18000924469479,0.130963783667573,0.20870767307146,0.254089579794865,0.109292743624113,0.132043862323284,0.243844026533472,0.0514934149902519,0.0371431096560732,-0.0282559129331659,0.0139619364042304,0.0541500071496035,0.590730399797067,0.280171565888509,0.0286668894600591,-0.0510001727987696,-0.013403463950299,0.00705917694415276,-0.0103880493753644,0.143998632829057,-0.254007744021224,-0.0728318699307279
"14",0.0217930913885416,-0.12835368234385,-0.228083734702555,0.0419194376925713,0.0231415037454825,-0.179290788128429,0.172388086364985,0.0696914935235443,0.0719087967060589,-0.00686674961637437,-0.0801573968296619,0.127900566628337,0.298249816328267,1,0.0768414653934241,-0.116083911611723,0.103654668369015,0.226712936807653,-0.115917323222904,0.176252322937951,-0.0893455935746646,0.14489485119138,0.223679376567654,0.125213036674708,-0.165134690050803,-0.138181022023862,-0.131454935474619,-0.0755194144985175,0.130488193355257,-0.0969082148328561,-0.273978274773926,0.162202048909975,-0.0330473189917696,0.171448200485853,0.0888509618402851,0.0831786590757476,-0.0400029801296807,0.0873562750587476,-0.00058321093727575,0.0721855396088187,0.075624754665538,0.00055744755360316,0.0697616491360227,0.0973109112561282,-0.0473990702553673,-0.0476643375857242,-0.00126019625851456,0.176062403519537,0.275176964404713,0.636895693706245,-0.133196589331237,-0.19384426515706,0.104144817153763,-0.0851167261337954,0.0624270783963181,-0.0166673854738843,-0.034012814731108,-0.0570286308581725
"15",-0.00414645526888741,0.0208659738161964,-0.0868580885049351,0.109373522252764,0.199687462887811,-0.0449679128715612,-0.152977304710671,0.0401628890005923,0.151357915809924,0.253420314396135,0.0658703466697081,0.0193454880307052,0.187753265229322,0.0768414653934241,1,0.258571551387358,-0.0312151714415092,-0.104749182421939,0.102851390081728,-0.0737811619844188,-0.0722983445157663,0.0444924427052553,-0.235569486160183,-0.0231925946615699,0.0137026886446577,0.140396546663893,-0.124386026258948,0.123610051366691,-0.00202657294846039,0.0551273849595701,0.0580416120143651,0.163219026487692,-0.0251610682826038,0.148227467448571,-0.192892516835553,-0.0726072084186345,0.150207486969654,0.0401236039022271,0.044666030315498,-0.149837468593787,0.0842824976040785,0.0214708104536805,-0.0982482377105312,-0.073237684404085,-0.018073783689852,-0.0866934254818535,0.00850741765630033,-0.0454050570071446,0.126749872242432,0.0737933158565656,0.1285096819646,0.118081684739523,0.00596831554817883,0.0744628500558581,-0.00896918967221113,0.135416133067074,-0.127087070094359,0.0207487558499126
"16",0.151367732598571,0.209598290413427,0.10193101352567,0.139231729442071,0.0167543733608329,0.157880617912298,-0.263087882490944,0.0139674630695148,0.00029458053064536,0.287182025572676,0.0508691020235024,0.252592665951846,0.0792976567910637,-0.116083911611723,0.258571551387358,1,-0.0825409268045812,-0.154579489442272,0.0548172006251571,-0.0680399268730464,-0.133856694847071,-0.0158153903890733,-0.0678477180785573,-0.0657470496724321,0.0140761784321673,-0.0579310064594476,0.0853669938119122,0.141268090087397,-0.0806520921133805,-0.167043468731235,0.138405847797177,0.0545943712914277,0.0907115426528816,0.00767918679384551,-0.0695741173802668,0.0149028729802885,-0.0709480676913777,-0.0253167593755043,0.0733194857287433,-0.0819098841228335,-0.0618639873233947,-0.18292158884046,-0.0798723304531479,-0.194946121768086,-0.113741459130066,-0.120422548521913,-0.114800345147274,-0.111961891778421,-0.0491730813133006,-0.0213286011350408,0.115477574922167,0.210090894563414,0.0453257886787347,0.00738235965205288,0.14835885792571,-0.0550064001529566,0.0950915754222919,0.0237812325541661
"17",0.194149050197717,0.0961384821496984,-0.203455946587,0.228238953537793,0.0233161563631205,0.185726932045616,0.0556352622858492,-0.0135000312232806,-0.0882628189837486,-0.0555537361330013,0.196519956128453,-0.0233104882400246,0.264484239774345,0.103654668369015,-0.0312151714415092,-0.0825409268045812,1,0.404600443082409,0.0773889839461224,0.0955738149268722,0.0181321070564609,-0.14317210137254,0.198314844160425,-0.019283361145017,0.0482085908430789,0.0386940544578494,-0.118359057032713,0.0384488604351082,0.0283127026911602,0.0944516171064065,-0.0077304436545301,0.0990522273757282,0.262979012327348,0.358399018401244,-0.0207938617287064,-0.0908626740197349,0.153271701099577,0.162647224109611,0.29792321997023,0.402954854833208,0.141364196042711,0.283580617552726,0.0714001982970854,-0.01515274527448,0.157032920114271,-0.0519523307802161,-0.0313390915981927,-0.0386042024950516,0.435879785539895,0.217331109563305,0.0270774177319001,0.00995464462112575,0.267187431397182,-0.00098488035265522,0.0209614859663631,-0.098562755272747,-0.267073039065134,-0.109453224426597
"18",0.12535521769301,-0.00279748409938798,-0.0501639940553959,0.219700989906987,-0.0201352106539725,0.200821127424738,-0.006503598789331,-0.225434688597274,0.0315139197627517,0.0565044610849937,0.165432375131422,0.129042479524562,0.101948340978534,0.226712936807653,-0.104749182421939,-0.154579489442272,0.404600443082409,1,0.0165770611173691,0.00055386231417413,0.185511164927505,0.109688904236841,0.0939382840190482,-0.023046045470099,-0.0963525596896224,-0.0911454873737202,-0.0417914608187204,0.00297166088939737,0.0899770273412662,-0.00190353987230015,-0.179555529131626,-0.0518062064745005,0.132600433084758,0.176695562236914,0.125323639523227,-0.153975073908298,0.0800614603414545,-0.0804623930663572,0.118592512241286,0.306636946610145,0.0911532665961127,0.158020695712904,0.00242018180891936,0.135233649035657,0.118613539537793,-0.00643556243035146,0.07070111336639,0.0260865484743841,0.0577297693743936,0.399030685862186,-0.00232896922624328,0.0443267231509213,0.0152098652601129,-0.0804891292557292,-0.076862642774526,-0.0299891002685825,-0.229788653000875,-0.016147094103358
"19",-0.0586798283075156,-0.0471070645732241,0.209151447091607,0.163349102687611,0.0241839689559058,0.0646868661564241,-0.134199041982771,0.188218521984519,0.210061442636301,0.120676262432329,-0.009241707618996,0.150435647016225,-0.0385619206083195,-0.115917323222904,0.102851390081728,0.0548172006251571,0.0773889839461224,0.0165770611173691,1,0.219691139390826,0.140166075470489,0.03404279543371,0.156331560947177,0.0884480923343687,0.00894128396634868,0.0504419235652387,0.20704091483236,0.136151439175297,-0.136661717669739,0.15207928463642,0.433305892076254,0.350914369933341,-0.0972652291401105,0.00354866928229419,-0.0997121742093144,-0.159512095259571,-0.0719645326702945,0.082092422029528,-0.205637427943622,-0.0565430949901216,-0.231487841787286,-0.198986937376562,-0.143400969539425,-0.0820089576670229,0.0946632453387025,-0.110177531835715,-0.134152919032379,-0.245395177227952,-0.103392967669065,-0.153282695281599,-0.0975414116142657,0.0575174441479372,-0.0203819663621234,0.134695422547336,-0.110514340341809,0.0477635853622775,-0.0648781466732802,0.213953251613848
"20",-0.0110565569663853,-0.210196389489619,-0.0392729527761681,0.0439697659242456,-0.192794364206252,-0.00252293848845655,-0.00026652789129648,-0.0413965066139782,0.0507949317193766,-0.202173048878146,0.132681569469645,0.224520094428009,0.139996920953722,0.176252322937951,-0.0737811619844188,-0.0680399268730464,0.0955738149268722,0.00055386231417413,0.219691139390826,1,-0.0183234186771262,-0.0576552749033045,0.271892234352669,0.116173346354325,-0.103877121688409,-0.0622869737597854,0.162583019508308,0.162311259992687,-0.200239845466389,-0.041628941607921,0.148060950424006,0.398044142503173,0.00423832559676053,0.0509990363559234,-0.221568322090093,-0.139908513048547,-0.0562660657522453,-0.124771712510717,0.0147641634136035,0.0380750303718186,-0.118154703448005,-0.14050214499818,-0.0744235506452226,0.00818963348681335,-0.102803714719986,-0.172545270366968,-0.147225158129874,-0.116251105384693,0.202381831249212,0.100161226989873,-0.0600435396370977,0.0105747192983804,0.00631534566090297,0.0373220613170853,0.0503361655460539,-0.0519038798203451,-0.173522977763201,-0.0723989200589945
"21",0.0878268916903383,-0.116286145375688,0.077133569493032,0.0739274060536561,-0.120534864825067,0.230276517976835,0.0877893393816625,0.0260132349153264,0.0112320235132072,0.0985956808875863,-0.0791416572360093,-0.01015447822342,-0.0196150070061668,-0.0893455935746645,-0.0722983445157664,-0.133856694847071,0.0181321070564609,0.185511164927505,0.140166075470489,-0.0183234186771262,1,0.0895109257950228,-0.0938351322100989,-0.0896574064182926,-0.0302546992266286,0.0124469338232811,0.0789361362694411,-0.0366445534959425,-0.0200943743718921,-0.0428995790757263,-0.0423345550429824,0.107871263333557,-0.021403343967365,0.0477634948120497,0.00767613819724429,-0.17485754020243,-0.0278042895783511,-0.0180953686764566,0.0870413571823677,0.0306879065375982,0.106583258328964,0.117367749564205,-0.0673459801730878,0.0414912666107715,0.0517063679619001,-0.074132081298873,0.168987460991645,0.328509557317103,-0.0286623381510192,-0.0505364434127585,0.01001220368292,-0.0628611792855967,-0.150792984251357,0.00759601908182678,-0.312136394479907,0.122172572273149,-0.131693129948915,0.0205389580945828
"22",0.0646948957386555,0.161501831182399,-0.101309946115906,0.103962514595329,0.107947570598316,-0.106141507216719,0.0111373549997259,-0.132891247772387,0.101166026337524,-0.0290371873753881,-0.0200615934898307,0.00359589109659668,-0.0507816923511721,0.14489485119138,0.0444924427052553,-0.0158153903890733,-0.14317210137254,0.109688904236841,0.03404279543371,-0.0576552749033045,0.0895109257950228,1,-0.0381521000112361,0.165370979903961,-0.114076308072499,0.0038514250896559,-0.136811134656343,-0.0528900744915158,-0.0405784801340427,-0.0537190069050326,-0.0667204509712543,0.0900292131807866,-0.00560722766608486,-0.162213312316226,-0.0213458417292845,-0.104192767153545,-0.1286443062946,-0.0914182873532006,-0.0253483356432074,-0.00086572480881796,-0.00605280680645755,-0.113562183719294,-0.0779787688375709,0.0255032126702894,0.059464919448791,-0.0708762161297723,-0.136228168242711,0.00231440529406057,-0.133285089574407,0.14159879478454,-0.0251196369719597,0.0708267998518301,-0.0202188910742979,0.240024324933362,0.0592733727144885,-0.0609581807510905,-0.00577966440573376,-0.0863358980077731
"23",-0.14097128252427,-0.0964503277884849,-0.0922692010656944,0.0193501464299985,-0.123075034514493,-0.0499231114298797,0.114852848617609,0.171197885523243,-0.0251184521972609,-0.0636782634009537,-0.0751201351359897,0.1054984738442,0.00848000783698459,0.223679376567654,-0.235569486160183,-0.0678477180785573,0.198314844160425,0.0939382840190482,0.156331560947177,0.271892234352669,-0.0938351322100989,-0.0381521000112361,1,0.23661164155337,-0.0258794136049783,-0.0257758586273618,0.0872202736625737,0.0163687466881389,-0.132820041247838,0.0450910720997633,0.0333656071772339,0.199985314233376,0.115315166098292,0.075342740610207,0.0777985146540086,-0.0135554857165048,-0.0339702721327112,0.0317454366720493,-0.0764711452541632,-0.0191607700321625,-0.0922182615430447,-0.216273197799889,-0.0969391624197132,-0.0372726335652502,0.0591509187126242,-0.06464146360703,-0.0370675221878307,-0.13998212353326,0.0657271278269898,0.0588524914082216,-0.237112893261852,-0.202876715249948,0.231416572922262,0.0522376580621243,0.0511378550062878,-0.144160225558366,-0.0928904294598858,0.0233875227157921
"24",-0.0761575916398055,0.0887646537273698,-0.0220816822945042,0.0365415043705492,-0.00808573301310344,-0.185371056780657,-0.0936053504741239,-0.074877361872511,0.072305195418577,0.0338931719840649,-0.0513730674321428,0.144832692567077,0.0853135992174591,0.125213036674708,-0.0231925946615699,-0.0657470496724321,-0.019283361145017,-0.023046045470099,0.0884480923343687,0.116173346354325,-0.0896574064182926,0.165370979903961,0.23661164155337,1,-0.132011652762461,-0.020708618754506,-0.0929622575811264,0.111903869861596,-0.146990044776089,0.104459758108776,0.136976575282984,0.187850547065954,-0.0537557241384303,-0.105209739358049,0.00980708894498021,-0.0429158344247244,-0.078832414856031,0.100068006097871,-0.208113988863591,-0.134183777895861,-0.181016763744436,-0.157016618724379,-0.150836177723904,-0.132230672926339,-0.0923310043742775,-0.147091818596508,-0.119706410195674,-0.0449784518591647,-0.106189117974734,0.0247789033919285,-0.063837429489337,-0.150008800667789,0.29648794235762,0.230041172303776,0.204383763733378,-0.0427971801614014,-0.136073779723953,-0.0381711411904117
"25",-0.103315529739005,0.109987822730785,0.202252776071017,-0.16294202045099,-0.0718451228511406,0.158887935567618,-0.0412002162874274,0.0550752045389501,-0.276344569199994,0.0476600735483739,0.0648191874682733,-0.0313511382656057,0.0357687104192972,-0.165134690050803,0.0137026886446577,0.0140761784321673,0.0482085908430789,-0.0963525596896224,0.00894128396634868,-0.103877121688409,-0.0302546992266286,-0.114076308072499,-0.0258794136049783,-0.132011652762461,1,0.0513230922516014,0.03069159590406,-0.0532781228335215,-0.0411161776619298,0.105275025255066,0.00026729512251032,-0.0575126927863039,0.0583096149865519,-0.0389021856645077,0.0930525846131063,0.177876230834114,0.193712397196164,0.238310338886839,0.15916699410858,0.0357602969098746,0.179991322699524,0.0476543191095257,0.137937826316089,0.219918761539038,0.159430732981482,0.118017461059762,0.327915200608919,0.127691411882161,0.0180756847775643,-0.00813845722621234,0.235977641449706,0.0984797668264225,-0.0212225708901952,-0.132140742900032,-0.0625454528403229,0.153817274542375,-0.22881167730962,-0.137858676373715
"26",0.0315434989493827,0.156930576700202,0.053090123021473,0.242765831624626,-0.0391361514679591,-0.0333977890338462,-0.13128478325424,0.109071723751359,-0.141101915954489,0.00807469007336092,0.085412261611536,0.0112604828110412,-0.206740520473189,-0.138181022023862,0.140396546663893,-0.0579310064594476,0.0386940544578494,-0.0911454873737202,0.0504419235652387,-0.0622869737597854,0.0124469338232811,0.0038514250896559,-0.0257758586273618,-0.020708618754506,0.0513230922516014,1,-0.106691462366258,0.113572087067928,0.228704987376613,0.0440903351586091,0.034064591571299,0.0631261949679959,0.0582777339074756,-0.0464178495376562,0.0412646147352062,0.0738839665462761,0.0737449517307361,0.0525927161729087,-0.220897324420329,-0.176468083885439,0.0152347953835046,0.046556616642972,-0.034982016349496,0.0358858986098714,0.156793694815374,0.0657044975619894,-0.00270429408031394,-0.205528210401513,-0.181791969202784,-0.0883937319260299,0.0174198363258764,-0.141675568098878,0.0536102228962674,0.0270513940101292,0.19330842357067,0.0598140757172997,0.0151195925554763,-0.00984761706639683
"27",-0.0946340540629477,0.0070582867952244,0.0488581790706869,-0.160624280345266,-0.132362994187528,-0.0451456379676569,0.0516463178517745,0.101374898657017,0.0878920066876943,0.0757375560252377,-0.140593812302515,0.0839166481963718,-0.0914110134691567,-0.131454935474619,-0.124386026258948,0.0853669938119122,-0.118359057032713,-0.0417914608187204,0.20704091483236,0.162583019508307,0.0789361362694411,-0.136811134656343,0.0872202736625737,-0.0929622575811264,0.03069159590406,-0.106691462366258,1,0.105030897879521,0.0205443975972861,0.0416069075822089,0.159987163936921,-0.0240162683361151,-0.134980551190269,-0.0567644779845375,0.0088801548793149,0.0378208426140497,-0.0646941891091747,-0.101554989350469,-0.0762336396373995,-0.0755135405252924,-0.0657613646513512,-0.0385939177091669,-0.0648692538856947,-0.0154324679706807,-0.015566715198796,0.104252428128613,-0.0268563942387003,0.047044152526642,-0.042780329858222,-0.111223772993317,-0.135847446433865,-0.00130475313884993,-0.125988186414302,-0.00397401380756887,-0.0559166039178096,-0.0354375155503531,0.0256829120440881,-0.0702128708993685
"28",-0.00795879751111336,0.146397623238083,0.0525928586004932,0.0715253319555052,-0.0383263039825226,0.0395549993477083,-0.171986736289887,0.0209633113231354,0.0100052322951769,0.104323205578735,0.113821201741173,0.241369455516633,-0.0619349347615242,-0.0755194144985175,0.123610051366691,0.141268090087397,0.0384488604351082,0.00297166088939737,0.136151439175297,0.162311259992687,-0.0366445534959425,-0.0528900744915158,0.0163687466881389,0.111903869861596,-0.0532781228335215,0.113572087067928,0.105030897879521,1,-0.129135088209746,-0.0937056616301865,0.170679054501119,0.126649370865185,-0.0570026058554284,-0.0766515636367705,-0.0704753103664205,-0.0490645677233033,0.0207700994699572,0.0143675415655845,-0.193064443822,-0.275950824171173,-0.244290185811141,-0.192850333922285,-0.0476565112398117,-0.211978317335267,-0.0151961817668983,0.0146273812172,-0.122940776350113,-0.197714628512273,-0.0841485773635493,-0.233472303970072,0.0997963000214874,0.0948737418471048,0.0690306820738627,0.0479499877524588,0.0367326667249849,-0.16535972527818,0.0694151156552682,0.0315696394229122
"29",0.0456507439336779,-0.0271274848803536,0.0775457144917544,0.0508804272587861,-0.13973457525322,-0.176200787454315,-0.0137963491599682,-0.0266064792723695,-0.117918044041282,-0.0177715530665407,0.0872649096276782,0.150135275609391,-0.060229541853146,0.130488193355257,-0.00202657294846039,-0.0806520921133805,0.0283127026911602,0.0899770273412662,-0.136661717669739,-0.200239845466389,-0.0200943743718921,-0.0405784801340427,-0.132820041247838,-0.146990044776089,-0.0411161776619298,0.228704987376613,0.0205443975972861,-0.129135088209746,1,0.245875560420581,-0.227700612859699,-0.130583082894432,-0.0400789030087625,0.00752141498557534,0.113820544408834,0.141651723168766,0.12280397023907,-0.0301590879632168,0.0170896113384026,0.110489809329998,0.151374298161836,0.0741502251071067,0.104323061325803,-0.0776459712925494,0.0761539264805494,0.090751776054007,0.040701333549385,-0.0006065787220445,0.00163759255857974,0.0696566872282531,-0.0223658785256217,-0.0600646899706854,0.013548196719265,-0.12126347751112,0.0500023281244714,-0.0246318958021956,0.0742458554645234,-0.0534163660442991
"30",-0.0415161351392938,0.00884942151876565,-0.0121961653862061,-0.00769986840903217,0.0304157726019848,0.0977985269007813,-0.14573179743234,0.126967559244013,0.0629731333271349,0.0425852505416914,0.0544734758366638,-0.0603067582405579,-0.0471432106042595,-0.0969082148328561,0.0551273849595701,-0.167043468731235,0.0944516171064065,-0.00190353987230015,0.15207928463642,-0.041628941607921,-0.0428995790757263,-0.0537190069050326,0.0450910720997633,0.104459758108776,0.105275025255066,0.0440903351586091,0.0416069075822089,-0.0937056616301865,0.245875560420581,1,0.0822061916278175,0.0463143380961423,-0.0264330657898245,0.00725961863431923,-0.141475674390372,0.0588358134605736,0.126234759133503,0.104140296674356,-0.129564514166945,0.0589322225002633,0.0504818880298044,-0.00686838757339674,0.0963409583897111,-0.148720250799135,0.195490768706273,0.127162853495306,0.0920199826685363,-0.128976251144619,-0.0154728186281799,-0.0697983862192352,-0.141190422074802,-0.193780371512261,0.0495498192159519,-0.0427950756643845,0.0139080765963691,0.0180828994431802,-0.0719514182221325,0.0548062338872935
"31",0.152560873016669,0.21616124382711,0.0598000715458153,0.0756623008355083,-0.00501657173267477,0.043276376058835,-0.245293398034468,0.0451690689270635,0.159732053177336,0.0847855458713527,-0.00882021845116605,0.0213530507527759,-0.0638257759310519,-0.273978274773926,0.0580416120143651,0.138405847797177,-0.0077304436545301,-0.179555529131626,0.433305892076254,0.148060950424006,-0.0423345550429824,-0.0667204509712543,0.0333656071772339,0.136976575282984,0.00026729512251032,0.034064591571299,0.159987163936921,0.170679054501119,-0.227700612859699,0.0822061916278175,1,0.287511243345584,0.103885456027901,0.0251803637424244,-0.150559114408108,-0.155775481180698,0.045341823489378,-0.093096502206521,-0.195972500391161,0.0335483742297767,-0.425818238662697,-0.31499050308938,-0.0920206372406464,-0.190916815024144,-0.0827866898099341,-0.0161431455358236,-0.252377773309389,-0.291436402932447,-0.162319780809391,-0.222248204646764,0.0341655617325657,-0.015973799135814,-0.0578086669465988,0.0244825070561598,-0.0336888907873429,0.0604429459385004,-0.181116039789661,0.14627105740944
"32",0.194918201041925,0.0616954665319475,-0.0281396626459183,0.0709991390978164,0.108551627067359,0.0802021122433634,-0.18934849841386,-0.118804016137583,-0.053367605576052,0.0389847495729247,0.163550796351151,0.316061080172338,0.0832901288081013,0.162202048909975,0.163219026487692,0.0545943712914277,0.0990522273757282,-0.0518062064745005,0.350914369933341,0.398044142503173,0.107871263333557,0.0900292131807866,0.199985314233376,0.187850547065954,-0.0575126927863039,0.0631261949679959,-0.024016268336115,0.126649370865185,-0.130583082894432,0.0463143380961423,0.287511243345584,1,0.0616476387549924,0.0514259216452848,-0.218155058668586,-0.155549746891542,-0.09702367847377,-0.0255319934412144,0.0128809534663826,-0.002147594250676,-0.160814425600239,-0.256372677083964,-0.212658513808382,-0.120353344819436,-0.101977672731956,-0.175015542286826,-0.0655698291880807,-0.145026967892139,-0.00114436255555212,0.0446255206436315,0.0858213385998697,-0.0515504873630597,-0.0489127729866612,0.10288871328371,0.136154952591278,0.084800839176357,-0.285148440596665,0.11257552927444
"33",0.136824730617855,0.0901901579468268,-0.0305145574734343,0.0381367024785564,0.132069373790058,0.358820979760729,-0.163504036090299,-0.0566787246119332,-0.103770144027192,-0.14044921007062,0.101937809742725,0.0106353214188305,-0.00733928264645138,-0.0330473189917696,-0.0251610682826038,0.0907115426528816,0.262979012327348,0.132600433084758,-0.0972652291401105,0.00423832559676053,-0.021403343967365,-0.00560722766608486,0.115315166098292,-0.0537557241384303,0.0583096149865519,0.0582777339074756,-0.134980551190269,-0.0570026058554284,-0.0400789030087625,-0.0264330657898245,0.103885456027901,0.0616476387549924,1,0.152637463346426,0.0195754758301484,-0.102445948079845,-0.137351129780108,-0.189451415599675,0.311274724839871,0.0865865568091612,-0.0844038436299278,-0.0615104688488592,-0.0529698288955898,-0.141550317907857,-0.115638198263241,-0.138730741079288,-0.131943812199365,-0.103560427187639,0.106045221296797,0.0240671017484433,0.116560524105726,0.0760438314724672,0.00595478299490477,-0.171787588576332,0.141653989514455,-0.0843263476897566,-0.118462461666936,0.202089878859275
"34",0.123645120804309,-0.104321123493068,-0.0300175403018885,0.0524456272142354,-0.0514247928965037,0.157480263996643,0.0329355477144889,0.00213846022880402,-0.0707725540585917,-0.0145917999895579,0.0525079097011474,-0.0418498767792749,0.163298877747613,0.171448200485853,0.148227467448571,0.00767918679384551,0.358399018401244,0.176695562236914,0.00354866928229419,0.0509990363559234,0.0477634948120497,-0.162213312316226,0.0753427406102071,-0.105209739358049,-0.0389021856645077,-0.0464178495376562,-0.0567644779845374,-0.0766515636367705,0.00752141498557534,0.00725961863431923,0.0251803637424244,0.0514259216452848,0.152637463346426,1,0.0198462735994991,0.0181407752135992,0.00807644376757421,0.214376818097571,0.28268617710898,0.25770366411719,0.0512509527335486,0.139656615420289,0.0260100051429059,-0.0468670738118799,0.100980812431458,0.0127641105511166,-0.121040881470473,-0.122179374911801,0.222316936306768,0.18573082492423,0.101859188629932,0.0333314044998031,0.145035376246514,-0.186523550434916,0.0610997903757994,-0.147960697382144,-0.0418162742485524,-0.0635700878073558
"35",-0.0493118899988332,-0.00414710514909207,-0.0560238191077765,-0.193759612983499,-0.119145744677901,-0.0656272108781029,0.171913613901468,0.126447029956757,-0.118780680625379,-0.0612112262903332,-0.23692607928151,-0.0278521983561481,0.0212681276867899,0.0888509618402851,-0.192892516835553,-0.0695741173802668,-0.0207938617287064,0.125323639523227,-0.0997121742093144,-0.221568322090093,0.00767613819724429,-0.0213458417292845,0.0777985146540086,0.00980708894498021,0.0930525846131063,0.0412646147352062,0.0088801548793149,-0.0704753103664205,0.113820544408834,-0.141475674390372,-0.150559114408108,-0.218155058668586,0.0195754758301484,0.0198462735994991,1,0.583486288410837,0.247369254499031,0.26947745403153,-0.16610798491991,-0.189484947058902,0.0354229132356883,-0.126203086931884,0.0421667339271019,0.080030288084657,0.166932736804882,0.0953524366195958,-0.0303794385965595,0.0765875668741142,-0.0241995334044451,0.0537207086065116,-0.00778838448061109,-0.0418173372916903,7.0642926444583e-05,-0.057989381836563,-0.0206789959868913,-0.0508271865125374,0.0416266501645469,0.147995447355041
