"","l_Insular.Cortex","r_Insular.Cortex","l_Amygdal.Area","r_Amygdal.Area","l_Bed.Nucleus.of.the.Stria.Terminalis","r_Bed.Nucleus.of.the.Stria.Terminalis","l_Hippocampus","r_Hippocampus","l_Orbitofrontal.cortex","r_Orbitofrontal.cortex","l_Entorhinal.Cortex","r_Entorhinal.Cortex","l_Frontal.Association.Cortex","r_Frontal.Association.Cortex","l_Globus.Pallidus","r_Globus.Pallidus","l_Glomerular.Layer.of.the.Accessory.Olfactory.Bulb","r_Glomerular.Layer.of.the.Accessory.Olfactory.Bulb","l_Glomerular.Layer.of.the.Olfactory.Bulb","r_Glomerular.Layer.of.the.Olfactory.Bulb","l_Granule.Cell.Level.of.the.Cerebellum","r_Granule.Cell.Level.of.the.Cerebellum","l_Hypothalamic.Region","r_Hypothalamic.Region","l_Entorhinal.Cortex","r_Entorhinal.Cortex","l_Vermix.Molecular.Layer.of.the.Cerebellum","r_Vermix.Molecular.Layer.of.the.Cerebellum","l_Lateral.Molecular.Layer.of.the.Cerebellum","r_Lateral.Molecular.Layer.of.the.Cerebellum","l_Anterior.Olfactory.Bulb","r_Anterior.Olfactory.Bulb","l_Posterior.Olfactory.Bulb","r_Posterior.Olfactory.Bulb","l_Subiculum","r_Subiculum","l_Perirhinal.Area","r_Perirhinal.Area","l_PreLimbic.System","r_PreLimbic.System","l_Primary.Cingular.Cortex","r_Primary.Cingular.Cortex","l_Primary.Motor.Cortex","r_Primary.Motor.Cortex","l_Retrosplenial.Cortex","r_Retrosplenial.Cortex","l_Secondary.Cingular.Cortex","r_Secondary.Cingular.Cortex","l_Secondary.Motor.Cortex","r_Secondary.Motor.Cortex","l_Striatum","r_Striatum","l_Ventral.Tegmental.Area","r_Ventral.Tegmental.Area","l_Substantia.Nigra","r_Substantia.Nigra","l_Thalamus","r_Thalamus"
"1",1,0.14471275218317,0.0590818202658128,0.0587957083183471,0.165291465874429,-0.080604875206953,0.00263681920065437,-0.0254741929028748,0.187796587052938,-0.00495198148809267,0.362416707735099,0.024407917337075,0.141074729480135,0.121193703740731,0.260676511915386,-0.103258462640864,0.163046726388794,0.11743199858139,0.0022470735103781,-0.168477820960901,0.0732480033123054,0.114850767836453,0.0216567878271284,-0.185010851216198,-0.0847570024763779,-0.00162557273900929,-0.0703310736661405,0.1334166338249,0.0527719614115574,0.043561969769641,0.137382350394268,0.0639327357324029,0.0797033555301574,-0.0557075713493069,-0.0548907763113638,0.0115402897176619,-0.199459232754881,-0.0783376816876652,0.0654476131460791,0.152880526970394,-0.0320142208963257,-0.0823625570127978,0.00481523737652782,-0.103733142629742,-0.124225996244209,0.0396093211578187,-0.05849729157033,0.0296901392373282,0.0580915059170131,0.115007205869736,0.219231604418108,0.0368592631080529,-0.0102907916390346,0.171485567919358,0.0536795956261319,0.0655739281173414,-0.141969751044874,-0.110909372510616
"2",0.14471275218317,1,0.191661990278834,0.140446081561161,-0.0481796527619595,0.198767651600629,-0.0177475268892823,0.119977970776728,0.111447134659655,0.467886295093549,0.0759042900494872,0.209033872833325,0.0867636094207772,0.238254286517173,-0.0912321852770704,0.0964001509875174,0.104719142900571,0.179080547888883,0.0452710119580948,0.150825008482095,0.0902979297940231,-0.00219249381527589,-0.0213277207751531,0.0165703892642342,-0.0100307410255572,0.0148643531887452,0.00602635876141954,0.0301451151221197,0.109453545236543,0.251440720773632,0.0321031865450329,0.259013295695347,0.11224116450616,0.180945026449103,-0.0752770766880196,0.0963334166144213,0.144903262368428,0.152730248568627,0.239534881104656,0.378493242754745,0.00752446913396648,0.1178972307191,-0.25678310875141,0.109254436311464,-0.208220912114703,-0.0545644888129833,-0.0699390562653904,0.0050729554437775,0.00798683276895148,0.273884720717276,0.104671832067263,0.269382804798224,-0.0601846369206037,0.00383591465403386,0.0698949543573716,-0.0321381897404062,-0.104668310962725,0.0144855857600561
"3",0.0590818202658128,0.191661990278834,1,0.0741450669948128,-0.142239005969918,0.0406022790535284,0.26251389031884,-0.244447260887343,0.0724012928992834,0.165175178864584,0.235372923853896,0.0958885397571885,0.233585617383333,0.147348112179528,0.0779185626757288,-0.154477960155395,0.0735646017869337,0.0744972514051,-0.0542967638526771,0.0826519862830639,0.0129319623000754,0.0359510674299982,-0.0183574551973807,0.135262135433923,0.1563534056135,-0.123350321208574,-0.198221788488072,0.0211864621468883,0.0765552602091622,-0.0968279621731079,-0.0861762431978014,0.282177067075533,0.143948862709034,-0.0411030038116177,0.0288591906267683,-0.0229513695855615,0.192430986824538,-0.208419270695199,-0.0118908764123574,0.0229976624765199,0.170186656366804,0.00493185739047673,-0.00051605391028184,0.0583187837450179,-0.150312791470874,-0.132704731483993,0.0378645313490224,-0.0742046178272492,0.333718698574556,0.11513122347437,-0.0828365405193113,-0.0597463608613443,0.110833755456927,0.0380914054275166,0.190418860354211,0.0189781665759687,0.105136095337795,0.119603436297983
"4",0.0587957083183471,0.140446081561161,0.0741450669948128,1,0.384699413613559,-0.00497642704190275,0.0474828456183818,-0.0116090614006475,-0.0159607787181238,0.0229476244456211,0.127550295418875,0.144411948281555,-0.0314739820935631,0.0622345990703202,0.16443129049854,-0.0636011845136215,0.0706472568045171,-0.0239595451212595,0.168215079888671,0.21616690335704,-0.0300958327887542,0.0321250520803206,-0.00222348724822242,-0.0837991544254093,-0.116816319061646,0.0537507180332524,-0.0181363273835238,0.0261435693526238,0.0931074639707808,0.0516367124733363,0.20237917500617,0.203525031208084,-0.0414055734984276,0.0444175716721102,-0.0577265963847714,0.0603515744882285,0.0342075583874133,-0.0967358173612423,0.0282326959229106,0.107850344793066,-0.0437722868508775,0.0857491836415878,-0.0769386781309212,-0.07820949737837,-0.114078252625554,-0.0777062973707617,0.00175161989322357,-0.00705203646368953,-0.150709937077343,0.173722805195755,-0.0233950249218101,0.153975591757021,-0.0405366105901136,-0.0805537256811812,-0.0628485864499769,0.018585478538618,0.236996258190511,0.182501999391244
"5",0.165291465874429,-0.0481796527619595,-0.142239005969918,0.384699413613559,1,-0.00526731326259808,0.0234380280520674,0.107001232927109,-0.00920446944355998,0.0143461206388739,0.0432748563437921,0.00782263981878871,0.137108411795428,-0.200644469857845,0.0642102098215987,-0.0174776366693321,0.00290186598943333,-0.101854219063419,0.010191565649709,-0.0975685608694869,-0.135297977311573,0.256993745961285,0.0894692334656811,-0.0772622517593499,-0.0589292635056648,0.214466218419082,-0.0903393668679694,-0.0341807911269536,-0.126179726997969,0.101103742802893,0.130778378687751,0.0636479374496602,-0.0718861559858893,-0.0921427792082011,-0.0416913227292236,-0.0311628726092879,-0.0479044325852593,-0.240292439858382,0.0925480174840516,0.0654331629993876,-0.025305531480915,0.0366071358226831,0.0285704604242039,-0.0204823626709656,-0.0596644189432914,-0.0469513590277817,0.175099697403485,0.194195481731646,0.0464206704126127,-0.0351230366857977,0.22189021036701,0.165697695235658,-0.0652458951070568,-0.00946724086096319,-0.19645032388263,-0.0638305993858933,0.137205063945636,-0.151236039816659
"6",-0.080604875206953,0.198767651600629,0.0406022790535284,-0.00497642704190275,-0.00526731326259808,1,0.109492851367133,0.193544340358629,-0.00091630203688067,0.0900360714654957,-0.0043773388504076,0.0601519545606438,0.0489073062218417,0.119739780891469,-0.0257505703615007,0.0241970455408036,0.0419348551792778,0.0299232739753696,0.0708386476569195,-0.0904206887933728,-0.140686393571922,0.0175235206096111,-0.00063941022473167,0.0974750945664687,-0.11274290675359,0.108864893110375,0.0795677458564461,0.0902279891375126,0.00463556556026218,0.186560962154014,0.00735401676844564,-0.126359810262494,-0.0677000598971791,0.0580903803543028,0.104926092889585,0.10814970144362,0.193708330798909,0.0611206577235656,0.0297969340771868,-0.0405309074514737,-0.140452691347951,-0.0922805576198584,-0.181840373507322,0.0476868011972689,-0.0835051207466933,0.0369698772290629,-0.0717792067118425,-0.205584104465889,-0.030091536517518,0.0132614289983214,0.0818684334130448,0.348441587978602,0.158437812641251,0.00941312487553694,-0.00179370353460602,-0.235957298305223,-0.0902355120023944,0.138832734329561
"7",0.00263681920065437,-0.0177475268892823,0.26251389031884,0.0474828456183818,0.0234380280520674,0.109492851367133,1,0.0340088626697541,0.0525437088048721,-0.0453290483556555,0.136136099553556,-0.00630137488570981,0.0895187717470123,-0.178930625638086,0.107832542658649,0.0701457388250603,0.0428059059567085,-0.24107484662508,-0.0577471845179156,0.100589230447985,-0.0911688089912946,-0.00022740726385233,-0.0577244962464915,-0.0845881379767988,0.142658498790059,0.010371350683946,-0.301122766322161,-0.0392618744600126,-0.205910122984953,-0.223336563674811,-0.0826537429595842,-0.00580907475566062,-0.0224253088828969,-0.0538349553959036,0.406495574116278,-0.0390389429206282,0.269537011394985,-0.11774335841841,0.0359602413473623,-0.0774252629638481,0.0521457322624556,-0.0330655056949185,0.0470449773347866,-0.298941466772683,0.134291692135407,-0.221464579400337,0.116430376357807,-0.010873018561646,0.109639069038682,-0.288371536822725,0.0155145000134304,-0.152268130683807,0.0686956730916803,-0.133245710178883,0.169650614970314,-0.191667101537064,0.291954679010534,0.102789918522153
"8",-0.0254741929028748,0.119977970776728,-0.244447260887343,-0.0116090614006475,0.107001232927109,0.193544340358629,0.0340088626697541,1,-0.148058284009386,0.0422991536181972,-0.211269619814204,0.0444574358713167,0.0172696819542962,0.110060355637753,-0.0354502049794705,0.248252413537036,-0.0467236318989389,-0.0199197288616309,-0.114962125655047,-0.063974624992714,0.0569132022308592,-0.0280522237381719,0.142773412926886,-0.00733428516166596,0.00863214587123682,0.177244525313298,0.187640171092008,0.0244028295433786,0.0697929859275247,0.208443261599425,-0.0944780330450141,-0.0971992946876502,-0.121457385592837,0.104472437205062,0.0405794752347482,0.493373164627245,-0.0233258109554733,0.162170181612321,0.154009672505292,0.0829251217179036,0.102950943234021,0.267547751699369,-0.145381382752883,0.105090666695167,-0.0846744148565806,0.017542840659069,0.0458164391433179,0.0763974855476361,0.0432906369002958,0.143531717891133,-0.00537111215213897,0.137035630472934,0.214224461439743,0.135702263282309,-0.133431532458632,-0.00090457027724785,-0.119224596112657,0.126003201079333
"9",0.187796587052938,0.111447134659655,0.0724012928992834,-0.0159607787181238,-0.00920446944355998,-0.00091630203688067,0.0525437088048721,-0.148058284009386,1,0.307581839531214,0.104252822813897,0.157324500510927,-0.0493802799767625,-0.0899430725804791,0.106199377459391,0.0205798855624371,0.174283554875348,-0.118939280911482,0.132758964983069,-0.130572810373956,0.0878454954315365,0.129025393066142,-0.0628661190016848,0.0919848274827883,-0.100387574652942,-0.0945442630525666,-0.0802718907835712,-0.145263720890778,0.054808938700142,0.184012222934004,0.0578697977808421,0.06234865702795,-0.0829788228954343,0.0243897469726241,0.13697270114926,0.0160880933799221,0.108721100902261,-0.0271164641579382,-0.0501157837150188,0.135140321187659,-0.15547966521727,-0.283111920354156,0.207534636411261,-0.094087174223973,-0.0437287534308609,-0.157141662160641,-0.143485628665052,-0.198315178056062,-0.0165801918588077,-0.0976047147368784,0.215771261553214,0.0765307913464368,0.0909345059706238,-0.0686056666636344,0.0489068726353057,0.157049444850778,0.0600258832127292,-0.131554151230016
"10",-0.00495198148809267,0.467886295093549,0.165175178864584,0.0229476244456211,0.0143461206388739,0.0900360714654957,-0.0453290483556555,0.0422991536181972,0.307581839531214,1,-0.0214981590529951,0.351890221809627,0.0631083392748327,0.124772974859191,0.0928679908672186,0.113324388347618,0.207911693750724,0.0429809590404566,-0.0373280228235219,0.00979311219684685,0.037976393315903,0.0364834284605477,0.192403941128928,0.240991679366442,0.0216273612150707,-0.0493929296957357,0.191791676171065,0.0609008854351267,0.120774411955124,0.233193767189465,0.0283863051739358,0.217273595382792,0.0776298409014068,0.0816705030381834,0.117463847237339,0.229237615883919,0.137830147994756,0.102276891449468,-0.0221748643543627,0.269183728001972,-0.0910977183709066,-0.19932283913577,-0.0873987858900222,0.227834571741253,-0.0568931147898412,-0.0313255637560607,-0.0563558585715656,-0.194984429261967,0.00927741500043585,0.115433658646538,-0.136802372291706,0.188871935128641,0.135395918695954,-0.0156750697045282,0.00889182266017606,0.111956633322743,-0.0562095952218137,-0.0066259525814782
"11",0.362416707735099,0.0759042900494872,0.235372923853896,0.127550295418875,0.0432748563437921,-0.0043773388504076,0.136136099553556,-0.211269619814204,0.104252822813897,-0.0214981590529951,1,0.157890096620403,0.140289289723692,0.249273923900421,0.184250936689404,-0.0772454380145129,0.157640347691683,0.186349685452546,0.00421548486019253,0.104841638636296,-0.0624801461934081,0.172849158828775,-0.163356284559441,0.0279400676216425,0.116585540723449,-0.0862496698207737,-0.143636039870184,0.124420364757416,0.0416337893708047,-0.0900152112927584,0.0737485006775777,0.226497990739273,0.211049563247835,0.163666073188744,0.100256325872218,-0.0477455725083055,0.167454082667968,-0.226508051228869,0.0338860481877443,0.243120584791302,-0.0915427856245134,-0.181094651438291,0.105965309853801,-0.149939770363259,-0.30399935569324,-0.29135819900619,-0.271203246781007,-0.0826423705143687,0.185310732022373,0.161757112845103,0.148123426274882,0.0149794522349872,-0.10794133242112,0.101295427414489,0.1246071829415,-0.0582928353952871,0.122639667597404,-0.0627932473239587
"12",0.024407917337075,0.209033872833325,0.0958885397571885,0.144411948281555,0.00782263981878871,0.0601519545606438,-0.00630137488570981,0.0444574358713167,0.157324500510927,0.351890221809627,0.157890096620403,1,-0.0795999822684168,0.00121243702584988,0.0404264231072339,0.0509296909316463,0.110179862158359,-0.119237688599844,0.0971203035355436,0.0312006701185593,-0.097036635348024,-0.0169053930559424,0.105328669300672,0.0554795975301052,0.183642358788595,0.0849652740339251,-0.0032991622681189,0.0895303022866336,0.0111597327864808,0.192415978869449,0.236273920373539,0.181773898170199,0.0280517071175648,0.217383775761418,0.112950958701639,0.152241164162424,0.313013856034003,0.101245863374315,0.019475448853241,0.35419227952245,-0.220361048185304,-0.185050875355851,-0.176051315153002,0.100000832743344,-0.0615799259668742,-0.090637048716329,-0.204095451586877,-0.0621657973913619,-0.0568064941721086,-0.0135806798543876,0.0244099872800012,0.229642350704824,-0.0460602596678653,-0.200233299742207,0.0613406266060968,-0.180128050347092,-0.0281521296057067,0.10844137065327
"13",0.141074729480135,0.0867636094207772,0.233585617383333,-0.0314739820935631,0.137108411795428,0.0489073062218417,0.0895187717470123,0.0172696819542962,-0.0493802799767625,0.0631083392748327,0.140289289723692,-0.0795999822684168,1,0.332432916824246,-0.0712924989756679,-0.0474920716901344,0.175670445805241,0.11782827843073,-0.0587017396186993,-0.0311092995958548,0.00680306952807307,0.172323414550531,-0.0111607358516368,0.0114310909097383,-0.0368248061158502,0.163150976172026,-0.012918988551333,0.114057569313629,-0.0884609846974027,0.0523579610060799,-0.0107120628166982,0.0870618790154144,0.191511962911356,-0.16522036728281,0.0808474537689017,0.0678180159405569,-0.107337986962454,-0.15153888270121,-0.0259579464507212,-0.0174060852929241,0.205951347141658,0.261187608606783,-0.0608878813820811,-0.0180743971588569,-0.0621706232028274,-0.0180208356979912,0.0384353836506335,0.138834844598944,0.528017228824118,0.233360421431758,0.058015306640177,0.0182606027646795,-0.0685893828058621,0.121735024747101,-0.0119168681792353,0.183837439894439,0.0352941894923512,0.0101529176617235
"14",0.121193703740731,0.238254286517173,0.147348112179528,0.0622345990703202,-0.200644469857845,0.119739780891469,-0.178930625638086,0.110060355637753,-0.0899430725804791,0.124772974859191,0.249273923900421,0.00121243702584988,0.332432916824246,1,-0.0592983999534154,0.0814072288656708,0.0843302233082513,0.496168139414434,-0.137398751365276,-0.0458557290088365,0.104899093680598,0.0972728391385592,-0.11438324666182,0.0417539464064464,-0.10186669300661,-0.0469555311493237,0.137912889984777,0.041556091019833,0.147802441826715,0.0167832903034779,0.0966097056032505,0.0660388741773298,0.124528778251006,0.0748139395303487,-0.0416799865758306,0.159178161380171,-0.0589075763581366,-0.0575470465073443,0.0831049581140051,0.0825950674487405,0.158917605525348,0.204178178278237,0.0124504832453241,0.108640692618514,-0.297576658789254,-0.0778225660888101,-0.16780142823339,-0.00635290247121131,0.265845526877705,0.744072296673699,0.113275900171334,0.239476786973447,0.0305059383219741,0.156442017903769,0.189990152890279,0.208311327958108,-0.0273711787909109,0.0519029412154569
"15",0.260676511915386,-0.0912321852770704,0.0779185626757288,0.16443129049854,0.0642102098215987,-0.0257505703615007,0.107832542658649,-0.0354502049794705,0.106199377459391,0.0928679908672186,0.184250936689404,0.0404264231072339,-0.0712924989756679,-0.0592983999534154,1,-0.0794870319962132,0.140539541868004,-0.105405430267209,0.109478719932056,-0.0802261118734045,0.119571850902122,0.0149681165785324,0.126155765140402,0.00289571917890063,0.137134365877516,0.0553161919265621,-0.196679251705803,0.190308822809963,0.042164633236685,-0.0662392501378755,-0.0683445850319988,0.0383522028467791,-0.00602475595600106,-0.131761462779206,0.180996839176815,0.0112869063476664,0.187936526121207,-0.0839768021283003,0.00184929185696373,-0.00886773542695065,-0.08622562789745,-0.238464022100141,-0.00182711144384105,-0.151655712147428,-0.0545886678704444,-0.118075282205676,-0.00068229291209367,-0.09328627416757,-0.176007300159139,-0.115172095105309,-0.0224108969443407,0.0891297538911172,0.00504491437689084,0.037658293547592,-0.0295899754899327,-0.0728099476515412,0.145136545931633,0.0698558212705918
"16",-0.103258462640864,0.0964001509875174,-0.154477960155395,-0.0636011845136215,-0.0174776366693321,0.0241970455408036,0.0701457388250603,0.248252413537036,0.0205798855624371,0.113324388347618,-0.0772454380145129,0.0509296909316463,-0.0474920716901344,0.0814072288656708,-0.0794870319962132,1,-0.157073470458171,-0.0699144994571143,0.0151070688757006,-0.0341887085342717,-0.035890228911922,0.260197552637825,0.0176185920966128,0.00726005481261508,0.0964668639261977,0.0485502762604383,-0.0229295203671556,-0.0836379749974099,-0.00508649981134229,0.0833483506683519,0.00904998010108893,-0.146825996136384,-0.0227965975539175,-0.0970081338572971,0.0342998514710572,0.0807198064617086,0.0307130982341747,0.133024943268241,0.148649099691288,0.0868335956390068,0.028002389985681,0.0808482953492571,-0.0339187750259641,-0.122766356842071,-0.0209505475076874,-0.115410236942458,0.0050513457333474,-0.033073877504991,-0.0927875283941776,0.133696492943557,-0.00211164371528363,0.0598448302156189,0.0512864603447283,-0.0523201891823601,0.0958484561948138,-0.0926905170921066,0.162327125023799,0.085610728743433
"17",0.163046726388794,0.104719142900571,0.0735646017869337,0.0706472568045171,0.00290186598943333,0.0419348551792778,0.0428059059567085,-0.0467236318989389,0.174283554875348,0.207911693750724,0.157640347691683,0.110179862158359,0.175670445805241,0.0843302233082513,0.140539541868004,-0.157073470458171,1,0.287361067834302,-0.0703283779299036,0.0580081688100923,0.0280852281569108,0.00712768961731605,-0.0278554658688655,0.0359491142042474,0.0877481858074703,0.134682057594378,0.185127532616472,0.0594213920488369,0.141868710089186,0.174004116017062,0.0698391995412489,0.196401817113755,0.310006615344968,0.363156799658274,-0.110843727935235,0.0249114677143915,0.130255246521846,0.0235604323669081,0.186354680898803,0.34848189006488,0.0228267551951251,-0.00921804649534846,-0.24078692777418,-0.212894290001924,-0.249283220636671,-0.279738062695368,-0.147406318196996,-0.107526020617841,0.0658326642346719,0.0781572035942403,0.076665385298284,0.0207324695183153,-0.0216451768018126,-0.0156177212488142,0.00263197789782988,0.148131353489131,-0.13911290777606,0.0863061518720347
"18",0.11743199858139,0.179080547888883,0.0744972514051,-0.0239595451212595,-0.101854219063419,0.0299232739753696,-0.24107484662508,-0.0199197288616309,-0.118939280911482,0.0429809590404566,0.186349685452546,-0.119237688599844,0.11782827843073,0.496168139414434,-0.105405430267209,-0.0699144994571143,0.287361067834302,1,-0.0986595809467428,-0.0195990148796982,0.0536684086593715,-0.0776742921381442,-0.116452065557242,0.0472989209976368,-0.0101694777181202,0.0458217095430687,0.182476678620727,-0.00875179775048972,0.07748518641832,0.155261462443836,0.0127009873465235,0.0866814954183872,0.25301993901878,0.301723629158252,-0.312434112924191,-0.00663370107774555,-0.282805411206427,-0.0550075087071154,0.185069587213861,0.32976049323457,0.173666990005789,0.11072487477678,-0.0439861446834359,-0.198459649173457,-0.34497571494029,-0.0907248219441604,-0.104456747638414,-0.0451455566325139,0.0388143518252799,0.51182233220702,0.0430515241700051,0.0152456779454784,-0.0866350320412684,0.0908736063682112,0.0121936072067876,0.15032376872881,-0.122759850746673,0.0605251632669684
"19",0.0022470735103781,0.0452710119580948,-0.0542967638526771,0.168215079888671,0.010191565649709,0.0708386476569196,-0.0577471845179156,-0.114962125655047,0.132758964983069,-0.0373280228235219,0.00421548486019253,0.0971203035355436,-0.0587017396186993,-0.137398751365276,0.109478719932056,0.0151070688757006,-0.0703283779299036,-0.0986595809467428,1,-0.00063124601908759,0.156160654445398,0.0637387996956833,-0.18740697043859,0.0454537893492774,-0.0509958803872567,0.00131491242195361,-0.0942581992193473,-0.0317292438619314,0.0202880120961508,0.135744344425222,0.439764711527442,0.166103923676658,-0.174985111314887,-0.107000096792741,0.0735049954088704,0.0857285480370805,0.0696635906618098,0.0963810610958265,-0.0254255420362276,0.0132214795262102,-0.188266757623306,-0.0694256640648451,0.110771771179347,-0.0464657657176915,-0.0561671137505984,0.0135042770942678,0.00854889331123128,-0.037770242157808,-0.106756336482504,0.0167604480989958,0.15804108995163,0.0859092284936518,-0.138049178730092,-0.139005621338014,0.0102562615016547,-0.0185323235673724,0.109614762382484,0.0987018060471126
"20",-0.168477820960901,0.150825008482095,0.0826519862830639,0.21616690335704,-0.0975685608694869,-0.0904206887933728,0.100589230447985,-0.063974624992714,-0.130572810373956,0.00979311219684685,0.104841638636296,0.0312006701185593,-0.0311092995958548,-0.0458557290088365,-0.0802261118734045,-0.0341887085342717,0.0580081688100923,-0.0195990148796982,-0.00063124601908759,1,0.200494429158916,-0.135400908147489,0.151929343106375,0.0798712787431325,0.185894557872364,0.0285137385693531,0.0258043362436014,0.182801051785598,0.141692802677674,-0.099602284148559,0.143396303342086,0.326317793244775,0.0994860460908862,0.106901988920583,-0.159547665120197,0.0475551174916231,0.166515079778509,-0.0168807574815643,-0.0361709393625112,0.0648648461726832,0.138878074856311,0.039810067566196,-0.20174405756872,0.131390624459501,-0.0615346497912427,0.0177596283682673,-0.235063315898266,-0.0456292310146834,-0.0939411061442566,0.0297220998784807,-0.137831254185463,-0.163243065021558,-0.0451105171177662,-0.156554381201174,-0.165784595407587,-0.0988256361224433,0.0934080784834248,0.111323260867185
"21",0.0732480033123054,0.0902979297940231,0.0129319623000754,-0.0300958327887542,-0.135297977311573,-0.140686393571922,-0.0911688089912946,0.0569132022308592,0.0878454954315365,0.037976393315903,-0.0624801461934081,-0.097036635348024,0.00680306952807307,0.104899093680598,0.119571850902122,-0.035890228911922,0.0280852281569108,0.0536684086593715,0.156160654445398,0.200494429158916,1,-0.0551055140157374,0.131146338917694,0.0422655197412704,-0.0317025549714115,-0.0567535374900497,0.0265583475450953,0.152314931989498,0.248926434844661,0.0410061367985025,0.0167580594580114,0.198382982817031,0.0196647462686269,-0.0195135831422872,-0.0966823303480155,-0.0818385721192704,-0.165497531192611,-0.0595020897420313,-0.232176845588674,-0.110560612886341,-0.0439091735150132,-0.0137268638148746,0.0309159541303341,0.149831450960003,-0.093089046913823,-0.0645901481173396,-0.177935106408423,-0.0363627166586832,-0.0491536235062594,0.0668748914635807,0.0593263273871549,0.0791243575894896,0.0077778029229703,0.0944353506731484,-0.00931620581584666,0.208873600250465,-0.0619556673779054,-0.122313663201594
"22",0.114850767836453,-0.00219249381527589,0.0359510674299982,0.0321250520803206,0.256993745961285,0.0175235206096111,-0.00022740726385233,-0.0280522237381719,0.129025393066142,0.0364834284605477,0.172849158828775,-0.0169053930559424,0.172323414550531,0.0972728391385592,0.0149681165785324,0.260197552637825,0.00712768961731605,-0.0776742921381442,0.0637387996956833,-0.135400908147489,-0.0551055140157374,1,-0.106070196829742,-0.0819208256269374,0.0470158304511502,-0.0821888266588477,0.0578541660678846,-0.101150241552609,-0.0330364881808063,0.113995894778932,0.127895481303549,-0.0141983770444533,-0.160737790888832,-0.227004247055919,0.0635215536104897,0.0275414267950559,0.00066205929189731,-0.164420550321907,0.045189045874081,-0.0178169509701513,-0.202949402923028,-0.084878024759923,0.131241478377594,-0.0278079682388301,-0.168041723582967,-0.0864178283319313,-0.0423500626946373,-0.142863319627121,-0.0496411866752851,0.102405835584589,0.17102929921299,0.196970485240076,-0.019608964904833,0.101443260608822,0.101413105297656,-0.0118579110993318,0.00972919588190037,-0.0919093196128931
"23",0.0216567878271284,-0.0213277207751531,-0.0183574551973807,-0.00222348724822242,0.0894692334656811,-0.00063941022473167,-0.0577244962464915,0.142773412926886,-0.0628661190016848,0.192403941128928,-0.163356284559441,0.105328669300672,-0.0111607358516368,-0.11438324666182,0.126155765140402,0.0176185920966128,-0.0278554658688655,-0.116452065557242,-0.18740697043859,0.151929343106375,0.131146338917694,-0.106070196829742,1,0.109344520267179,0.0760409668132092,0.0136320579474155,0.0795338354470934,0.276148413070912,-0.18904112484557,-0.0349662881685834,-0.155543234767766,-0.00412744675426958,-0.0939486626679352,-0.102662691740587,0.00885976289723287,0.0778426587852818,0.0390034107097853,-0.0569033765354156,-0.156014887372879,-0.0543705022680729,0.113681244694147,-0.014810257982397,-0.055838570042939,0.218975660343906,0.0973056405622175,-0.00893824138620018,-0.0405666983373291,0.00432525184655799,-0.0490123530238227,0.0125351964088809,-0.141136494017568,0.0266131586447388,0.261873502452642,-0.0282696832335226,-0.148857635513489,-0.110343254991583,-0.0644892893389342,-0.0444748092081192
"24",-0.185010851216198,0.0165703892642342,0.135262135433923,-0.0837991544254093,-0.0772622517593499,0.0974750945664687,-0.0845881379767988,-0.00733428516166596,0.0919848274827883,0.240991679366442,0.0279400676216425,0.0554795975301052,0.0114310909097383,0.0417539464064464,0.00289571917890063,0.00726005481261508,0.0359491142042474,0.0472989209976368,0.0454537893492774,0.0798712787431324,0.0422655197412704,-0.0819208256269375,0.109344520267179,1,0.0602095831417203,-0.0835615225809291,0.0455031036753498,-0.0232585303202661,0.0285801357577487,0.147601314601416,-0.0765958439608777,-0.123895625106075,0.206199071678302,0.195250181889408,0.0438369400164677,0.123935439887922,0.221034163470603,-0.00832917208170038,-0.125278728264682,0.0714175732655059,0.0203929560640735,-0.136606036166571,0.0457857007882974,0.0755050853337811,-0.0715983600287979,-0.0432120229821302,-0.111233509237378,-0.0804900500802378,0.0720713288338661,-0.0424653894450659,-0.162492007008836,-0.0465452623337186,-0.00926292751001259,0.0200678260888904,0.00128103748184689,0.0124489133071416,-0.0604122257844469,0.0287925402437768
"25",-0.084757002476378,-0.0100307410255572,0.1563534056135,-0.116816319061646,-0.0589292635056648,-0.11274290675359,0.142658498790059,0.00863214587123682,-0.100387574652942,0.0216273612150707,0.116585540723449,0.183642358788595,-0.0368248061158502,-0.10186669300661,0.137134365877516,0.0964668639261977,0.0877481858074703,-0.0101694777181202,-0.0509958803872566,0.185894557872364,-0.0317025549714115,0.0470158304511502,0.0760409668132092,0.0602095831417203,1,0.154317587348183,0.010168678450241,0.240565807335638,-0.00856972083138632,0.0414489264829119,-0.0693795802829092,0.112647052179293,0.198737368764409,-0.0697708947253534,0.201043042826754,0.0285775383255593,0.186246177780677,-0.0549299156192687,0.0164133484098607,0.157045241035026,0.237055197763495,-0.0551530192409406,0.00046466728591906,0.0356491607010004,-0.261879655110099,-0.325277928355395,-0.0160051802885083,0.0808528181086986,0.0148385235270676,-0.0611469917174486,-0.0945384240670762,-0.0615030585555509,-0.05181768331201,-0.0081476718293669,-0.0875553592483224,-0.14331222901853,0.126914384417212,0.213675413155819
"26",-0.00162557273900929,0.0148643531887452,-0.123350321208574,0.0537507180332524,0.214466218419082,0.108864893110375,0.010371350683946,0.177244525313298,-0.0945442630525666,-0.0493929296957357,-0.0862496698207737,0.0849652740339251,0.163150976172026,-0.0469555311493237,0.0553161919265621,0.0485502762604383,0.134682057594378,0.0458217095430687,0.00131491242195361,0.0285137385693531,-0.0567535374900497,-0.0821888266588478,0.0136320579474155,-0.0835615225809291,0.154317587348183,1,0.00374750164426379,0.0154013246757669,0.0515237236652686,-0.0164980653069479,-0.0432432441092566,0.0306241780742317,0.224957613102947,0.0963526118896961,-0.0726835042465964,0.13856960822239,0.0364979802380788,0.0668108351897113,0.165669050642546,0.202787178118306,0.144824236148716,0.234189769501167,-0.304556314937944,-0.00094271177922243,-0.204799098738721,-0.219130036984849,0.196602112606281,0.329685735926145,-0.0381240703263933,0.11655100304027,0.0513196586552997,0.00876365152124647,0.0478271663869961,0.0646729786601574,-0.169530402086381,0.0771067841319074,-0.0383971905271138,0.0639459544405392
"27",-0.0703310736661405,0.00602635876141954,-0.198221788488072,-0.0181363273835238,-0.0903393668679694,0.0795677458564461,-0.301122766322161,0.187640171092008,-0.0802718907835712,0.191791676171065,-0.143636039870184,-0.0032991622681189,-0.012918988551333,0.137912889984777,-0.196679251705803,-0.0229295203671556,0.185127532616472,0.182476678620727,-0.0942581992193473,0.0258043362436014,0.0265583475450953,0.0578541660678847,0.0795338354470934,0.0455031036753498,0.010168678450241,0.00374750164426379,1,0.112663232133781,0.238018240208183,0.142187128887602,0.0870713036765716,0.0811689974762126,0.0516807084822159,0.325920584135945,-0.0523103375388408,0.134285535833607,-0.0993857124146098,0.0689565287162375,0.0085735639362364,0.17339917175747,-0.0909085323798897,0.0857392559318981,-0.0289337832866924,0.300239258770444,-0.181458459127479,0.0654237410893946,-0.298786124297303,-0.119627557974732,-0.0252034709000997,0.113801055233689,-0.0434535535725026,0.166181123850149,0.0155609245350441,0.0691753284686459,-0.161829724972148,0.143000580584555,-0.320213663897466,-0.0963296656251273
"28",0.1334166338249,0.0301451151221197,0.0211864621468883,0.0261435693526238,-0.0341807911269536,0.0902279891375126,-0.0392618744600126,0.0244028295433786,-0.145263720890778,0.0609008854351267,0.124420364757416,0.0895303022866336,0.114057569313629,0.041556091019833,0.190308822809963,-0.0836379749974099,0.0594213920488369,-0.00875179775048972,-0.0317292438619314,0.182801051785598,0.152314931989498,-0.101150241552609,0.276148413070912,-0.0232585303202661,0.240565807335638,0.0154013246757669,0.112663232133781,1,0.278553472220432,0.20706587504102,0.00483408139544851,0.194326235027224,0.124498318992956,0.0640065182189946,-0.253793022687698,0.0740315246834205,-0.0580178005983829,-0.0255999938026164,-0.160823641995757,-0.0323818692258108,0.167322503533922,0.0146542737169121,0.0106902154354622,0.321326170856589,-0.091135414405524,0.0730638123264473,-0.172723289218949,-0.0737322770320875,0.136532067417971,0.146287106750407,0.0590790637422718,0.0686526971615791,0.0498395935500999,-0.00507502399637653,-0.160269317846621,-0.14152972757762,-0.169564078901099,0.0457525332066951
"29",0.0527719614115574,0.109453545236543,0.0765552602091622,0.0931074639707808,-0.126179726997969,0.00463556556026218,-0.205910122984953,0.0697929859275247,0.054808938700142,0.120774411955124,0.0416337893708047,0.0111597327864808,-0.0884609846974027,0.147802441826715,0.042164633236685,-0.00508649981134229,0.141868710089186,0.07748518641832,0.0202880120961508,0.141692802677674,0.248926434844661,-0.0330364881808063,-0.18904112484557,0.0285801357577487,-0.00856972083138632,0.0515237236652686,0.238018240208183,0.278553472220432,1,0.150055445133816,0.105217849645289,0.185650354866972,0.166966849519265,0.207056289496493,-0.194548071178794,0.121618578919929,-0.0153634343499343,0.0984144725644247,0.0520818845989366,0.0739445115064501,0.0839242026674373,0.0820185924817649,-0.0958432798367214,0.170355367451249,-0.233958556185979,-0.0699063391541284,-0.125144621970126,-0.0424574642079839,0.0286039459022561,0.15523131929182,0.0349600920797653,0.101558070529149,0.0150262805610814,0.0259757531923541,-0.0318866192559622,0.154520023137071,-0.164471575374667,0.0301281882478949
"30",0.043561969769641,0.251440720773632,-0.0968279621731079,0.0516367124733363,0.101103742802893,0.186560962154014,-0.223336563674811,0.208443261599425,0.184012222934004,0.233193767189465,-0.0900152112927584,0.192415978869449,0.0523579610060799,0.0167832903034779,-0.0662392501378755,0.0833483506683519,0.174004116017062,0.155261462443836,0.135744344425222,-0.099602284148559,0.0410061367985025,0.113995894778932,-0.0349662881685834,0.147601314601416,0.0414489264829119,-0.0164980653069479,0.142187128887602,0.20706587504102,0.150055445133816,1,0.0798525888521811,0.0104073914531492,-0.0720956931910081,0.194676478949503,-0.196620632575233,0.235224295804792,-0.0481965523115374,0.0821671475780242,0.0402437569425872,0.1537227167729,-0.0692401177555124,-0.0803538748902264,-0.0232647137512098,0.0115774383636257,-0.299592361175994,0.0512125117705909,-0.117299838312404,-0.0831267860852259,0.0569408369064564,0.121169071513361,0.0807760772638671,0.0890199054751104,-0.140699624031891,-0.0380999076014887,-0.20315391887895,0.0384567430979048,-0.112608941889711,-9.51079211204733e-05
"31",0.137382350394268,0.0321031865450329,-0.0861762431978014,0.20237917500617,0.130778378687751,0.00735401676844564,-0.0826537429595842,-0.0944780330450142,0.0578697977808421,0.0283863051739358,0.0737485006775777,0.236273920373539,-0.0107120628166982,0.0966097056032505,-0.0683445850319988,0.00904998010108893,0.0698391995412489,0.0127009873465235,0.439764711527442,0.143396303342086,0.0167580594580114,0.127895481303549,-0.155543234767766,-0.0765958439608777,-0.0693795802829092,-0.0432432441092566,0.0870713036765716,0.00483408139544851,0.105217849645289,0.0798525888521811,1,0.155600627441197,-0.00424538283450716,0.0150681329576888,-0.0730698417793512,0.0576931646588351,-0.0179864156818227,-0.119611267059776,0.0406224879728308,0.118170749257078,-0.174449949821753,0.0403109196227338,0.0909060890074093,0.0448430850096754,-0.122002749951714,0.0153449969145825,-0.123771151602554,-0.0580663655448517,0.0233128176976849,0.169882812405308,0.274905795753365,0.221328657475134,-0.218431659630876,-0.262070997074043,-0.0456783586000297,-0.0459727378192597,0.0348297034106353,-0.00968401779321292
"32",0.0639327357324029,0.259013295695347,0.282177067075533,0.203525031208084,0.0636479374496602,-0.126359810262494,-0.00580907475566062,-0.0971992946876502,0.06234865702795,0.217273595382792,0.226497990739273,0.181773898170199,0.0870618790154144,0.0660388741773298,0.0383522028467791,-0.146825996136384,0.196401817113755,0.0866814954183872,0.166103923676658,0.326317793244775,0.198382982817031,-0.0141983770444533,-0.00412744675426958,-0.123895625106075,0.112647052179293,0.0306241780742317,0.0811689974762126,0.194326235027224,0.185650354866972,0.0104073914531492,0.155600627441197,1,0.110140306417305,0.259538935638616,0.0410222983830722,0.0347493893461618,0.169760438972057,-0.104616455985428,-0.0390074336169446,0.16435319096764,0.0809157165261971,-0.05022438625225,-0.0995863581070549,0.162435192473658,-0.103504939583497,-0.0894325893381486,-0.214541016444988,-0.0452219786746888,0.118707778980322,0.137571230901132,0.125954966758225,-0.0458472724566103,-0.127385734209536,-0.0782375937694812,-0.0169349240153078,0.0522765539275385,-0.00521220776546339,-0.0289391586500699
"33",0.0797033555301574,0.11224116450616,0.143948862709034,-0.0414055734984276,-0.0718861559858893,-0.0677000598971791,-0.0224253088828969,-0.121457385592838,-0.0829788228954343,0.0776298409014069,0.211049563247835,0.0280517071175648,0.191511962911356,0.124528778251006,-0.00602475595600106,-0.0227965975539175,0.310006615344968,0.25301993901878,-0.174985111314888,0.0994860460908862,0.0196647462686269,-0.160737790888832,-0.0939486626679352,0.206199071678301,0.198737368764409,0.224957613102947,0.0516807084822159,0.124498318992956,0.166966849519265,-0.0720956931910081,-0.00424538283450716,0.110140306417305,1,0.273051577381152,-0.0539728770476252,-0.0977541542564148,0.207468849063892,-0.0611100812047366,0.263182509754245,0.319481782888693,0.289457494774139,0.223558580118408,-0.188524651149243,-0.0960194097524212,-0.174038540930482,-0.222268346508259,-0.0587661065684309,0.180387007679921,0.219623206650252,0.115471842931217,0.15217070802542,0.0468496024779367,-0.262250820626949,-0.0819799212029773,-0.0548735635481584,0.053974230693256,-0.0664354881033898,0.127422643257993
"34",-0.0557075713493069,0.180945026449103,-0.0411030038116177,0.0444175716721102,-0.0921427792082011,0.0580903803543028,-0.0538349553959036,0.104472437205062,0.0243897469726241,0.0816705030381834,0.163666073188744,0.217383775761418,-0.16522036728281,0.0748139395303487,-0.131761462779206,-0.0970081338572971,0.363156799658274,0.301723629158252,-0.107000096792741,0.106901988920583,-0.0195135831422872,-0.227004247055919,-0.102662691740587,0.195250181889408,-0.0697708947253534,0.0963526118896961,0.325920584135945,0.0640065182189946,0.207056289496493,0.194676478949503,0.0150681329576888,0.259538935638616,0.273051577381152,1,-0.200010297102006,0.125693021558747,0.126631938555867,0.0948222638800795,0.0560227054992963,0.449144871975606,0.0252483487937782,-0.0153012560249103,-0.136187744802117,-0.0122927539151906,-0.247710283373462,-0.283376271467447,-0.264131594278543,-0.0803206015413013,-0.0100516042684061,0.0842057111717203,0.0550451357953392,0.0415845523250163,-0.0920130734655134,-0.162575036610904,0.0238997770157423,0.133902710637017,-0.208296084536582,-0.0213629178740431
"35",-0.0548907763113638,-0.0752770766880196,0.0288591906267683,-0.0577265963847714,-0.0416913227292236,0.104926092889585,0.406495574116278,0.0405794752347482,0.13697270114926,0.117463847237339,0.100256325872218,0.112950958701639,0.0808474537689017,-0.0416799865758305,0.180996839176815,0.0342998514710572,-0.110843727935235,-0.312434112924191,0.0735049954088704,-0.159547665120197,-0.0966823303480155,0.0635215536104897,0.00885976289723287,0.0438369400164677,0.201043042826754,-0.0726835042465964,-0.0523103375388408,-0.253793022687698,-0.194548071178794,-0.196620632575233,-0.0730698417793512,0.0410222983830722,-0.0539728770476252,-0.200010297102006,1,0.0458103048775858,0.3538054356335,-0.00117816730660746,0.0247758070501025,-0.18342187783014,-0.0989818313266348,-0.203385973470739,0.0803222004652643,-0.110317927948281,0.295948344601454,-0.0799139293687274,0.0693573212096695,0.0161847836035237,-0.00144113243539704,-0.323956567675367,-0.0498155943660369,0.00826592831483742,0.00081047668098827,-0.0359654106687571,0.0798232000165387,-0.114192881531483,0.265190514886723,-0.0312980745691474
