"","l_Insular.Cortex","r_Insular.Cortex","l_Amygdal.Area","r_Amygdal.Area","l_Bed.Nucleus.of.the.Stria.Terminalis","r_Bed.Nucleus.of.the.Stria.Terminalis","l_Hippocampus","r_Hippocampus","l_Orbitofrontal.cortex","r_Orbitofrontal.cortex","l_Entorhinal.Cortex","r_Entorhinal.Cortex","l_Frontal.Association.Cortex","r_Frontal.Association.Cortex","l_Globus.Pallidus","r_Globus.Pallidus","l_Glomerular.Layer.of.the.Accessory.Olfactory.Bulb","r_Glomerular.Layer.of.the.Accessory.Olfactory.Bulb","l_Glomerular.Layer.of.the.Olfactory.Bulb","r_Glomerular.Layer.of.the.Olfactory.Bulb","l_Granule.Cell.Level.of.the.Cerebellum","r_Granule.Cell.Level.of.the.Cerebellum","l_Hypothalamic.Region","r_Hypothalamic.Region","l_Entorhinal.Cortex","r_Entorhinal.Cortex","l_Vermix.Molecular.Layer.of.the.Cerebellum","r_Vermix.Molecular.Layer.of.the.Cerebellum","l_Lateral.Molecular.Layer.of.the.Cerebellum","r_Lateral.Molecular.Layer.of.the.Cerebellum","l_Anterior.Olfactory.Bulb","r_Anterior.Olfactory.Bulb","l_Posterior.Olfactory.Bulb","r_Posterior.Olfactory.Bulb","l_Subiculum","r_Subiculum","l_Perirhinal.Area","r_Perirhinal.Area","l_PreLimbic.System","r_PreLimbic.System","l_Primary.Cingular.Cortex","r_Primary.Cingular.Cortex","l_Primary.Motor.Cortex","r_Primary.Motor.Cortex","l_Retrosplenial.Cortex","r_Retrosplenial.Cortex","l_Secondary.Cingular.Cortex","r_Secondary.Cingular.Cortex","l_Secondary.Motor.Cortex","r_Secondary.Motor.Cortex","l_Striatum","r_Striatum","l_Ventral.Tegmental.Area","r_Ventral.Tegmental.Area","l_Substantia.Nigra","r_Substantia.Nigra","l_Thalamus","r_Thalamus"
"1",1,0.215700305480089,-0.148323900338576,0.15388089466184,0.0171895784651319,-0.0633557491621885,0.100942822488298,-0.152303716071454,0.178732777993381,0.24916241103049,0.208681011814869,0.136425021215211,-0.0477125509546611,-0.0806708033485381,-0.00709535373812394,0.0867566966704299,-0.115551583866061,0.0656990160647051,-0.0553132857399109,0.138483544611554,0.0554738364966845,-0.0645465490093428,0.110373851519459,-0.213099031461862,-0.056024511791873,0.13157486402499,0.216962147493791,0.0732007233694773,0.271956103221851,0.0841500573602201,-0.00640964684946637,0.210010835671832,0.0718918620006798,0.136584860586088,0.151535233495219,0.0902888121382472,-0.187920848782126,0.0750324148220879,0.129271064145306,0.131733189478715,0.100633958644608,0.0581637046430081,0.0899669093132535,0.0624716007768534,-0.0592983618786737,-0.0488618884486584,-0.154527774453128,0.0735869593350366,0.115541753506997,0.103847059601842,0.184171955635599,0.113929340315221,0.0814675809847934,0.139780426642783,-0.0486189154248876,0.0799826444975869,-0.0731426431642384,-0.285119851489907
"2",0.215700305480089,1,-0.129548591437063,0.326814734380405,0.0775292305602446,0.0373039497918573,0.056982809870492,-0.150405503006388,0.228463442391915,0.244680157496509,0.153754001845769,0.352177043181972,0.164998162807118,0.00797019477492905,-0.0976409459869598,0.181111744097195,-0.0314432196666099,-0.0195882352539762,0.0288529880779731,0.0529874002345756,0.109130384488338,-0.0726490703810159,0.130789981610729,0.046097385924842,0.120973396591327,0.138896423146109,0.160651047457597,0.147119899403834,0.221628703685004,-0.00386587736522618,0.185550793115339,0.029636449369093,0.340661550739491,0.236874607085844,-0.0341595880396337,0.0522249204070867,-0.0703581828003181,0.0645752022862201,0.1542932342687,0.0696579748241858,-0.124598085114498,-0.0825657598745788,0.157653716859982,0.195695332278129,-0.293875287643226,-0.188384374471574,-0.0356963229496891,-0.0179859238557377,0.0967669947025892,0.103771817139373,0.231420901268744,0.398169143264471,0.0202635266232368,-0.189719994205976,0.0191799717151825,0.0313442384626904,-0.133986426684398,-0.242281593488151
"3",-0.148323900338576,-0.129548591437063,1,0.0012566903473205,0.0232171751811015,0.128134985969711,0.10823513230306,-0.0166192869540793,-0.0568906689360766,0.138060016225516,0.0176376503577693,-0.0801662280106401,0.155784670745145,0.00325322863209125,-0.0654917654656772,0.0182094905015647,0.0123831818087745,-0.164856582021355,0.025310076820355,0.0734536096745557,0.0193659926424716,-0.112077112216628,-0.0042104015762853,-0.0652305191542415,0.17289267641529,0.00086539678020532,-0.011064632787517,0.0296485171996525,0.0341821243736959,0.0513692603691226,-0.134625567424183,0.13850420491885,0.0643148183728123,0.00116844722421052,-0.0263315048645648,0.0317202860654578,0.0704014819049362,-0.0715962818622067,0.00951528532857706,-0.0684941984824639,-0.0161245867150926,-0.231462242021823,0.15266943041232,0.0187868606091516,0.174151270312691,-0.182968453348432,-0.0835341366629885,-0.143176950734373,0.186128006022749,-0.00653474603076361,-0.00036399116205367,-0.0857550301396216,0.154552892784033,0.0122246575328242,0.0473465669254898,0.00390209399117275,0.0620713313522967,0.166527727274964
"4",0.15388089466184,0.326814734380405,0.0012566903473205,1,0.186336201322638,0.080339635271415,-0.088136843356751,-0.110459538911998,0.113312991967737,0.00379315125437731,0.150146216320825,0.205428481005766,0.104014862635418,-0.19617430803067,0.00440482638609053,-0.0410790291517172,-0.12291591647898,-0.023578959097005,0.118004428229875,0.0581363981986602,0.195137123868464,0.0856889827632811,0.0137655871312607,0.0169314426268609,-0.0556325662474149,0.163403250580488,0.139854226649022,0.0894941325985493,0.0682755022427536,-0.0758171966602179,-0.0155891739601837,0.0773052960070719,0.228943968494604,0.102244788436994,-0.159217871600073,-0.127828222045038,0.112576611605303,0.049001945196048,0.0609999857878599,-0.0473105080251639,0.0202088175006507,0.0702866208357596,0.225379235460226,-0.0935877218634315,-0.127822826487244,-0.122240790321276,0.0215806584665025,0.0463595330294885,0.158729280574703,-0.103270789679865,0.0866255507357703,0.114313271254853,-0.097321872283874,0.0503804570216833,0.0375100711650776,-0.0453815185268292,0.0626896377968079,0.0678611996422888
"5",0.0171895784651319,0.0775292305602446,0.0232171751811015,0.186336201322638,1,0.01911086302537,0.0132348634174,-0.0539319256149897,-0.0750492970438821,0.00469584153959104,0.037667617350564,0.234889651854897,-0.0125094342633564,-0.0699522298158024,-0.0372312277824449,0.00315701251082795,0.0183494791305819,-0.132102084867141,0.00432364858064429,-0.0139339822541015,0.124109570825547,-0.0617872052649861,0.152920633522128,-0.145696599417226,-0.0500444356173814,0.0230768305271222,-0.0145498269049009,-0.0753990470677125,-0.00695507114362247,-0.00812900563404181,0.0210805007082443,-0.0330770773713227,0.16020278390609,0.0911169956018572,0.0232441269985826,-0.154497856036466,-0.164269048583998,-0.0545561014322071,0.142068751732739,-0.0601820690667957,0.0196444926185423,-0.066026036199156,0.00803288118723931,0.0962156721705077,0.148575630183879,-0.0240717882053906,0.05809667706337,0.0749716423460461,-0.0650332504959176,0.111189129801379,0.0273853536499635,0.137201369996355,-0.0892313633509767,-0.036852635445063,-0.087095094218289,-0.0844447699001977,0.126739427350711,-0.0344228013226116
"6",-0.0633557491621885,0.0373039497918573,0.128134985969711,0.080339635271415,0.01911086302537,1,0.014829419239231,0.0135885760562885,-0.00883354961516341,-0.00143924883348032,0.256905978798639,0.143409467014569,0.0376855198719133,-0.0788222807458662,0.112106624218777,0.0328299773256303,-0.198516335747139,-0.0266535902351219,0.00302414228836697,-0.0484255811206946,-0.0463171042304829,0.118151843708934,-0.0282091444684815,-0.0409032015787276,-0.00186797126477377,-0.0571601216593488,0.094256292935204,0.0957622263618824,0.258557057339979,0.121204069223821,-0.0500664369452222,0.0583834915000149,0.0363218514350268,0.0839577419236582,-0.0432828660047578,-0.00120041878441532,-0.00313115132452226,0.0993180052335003,0.103770425394207,0.197868676965466,-0.0614474387725003,-0.0523708273973854,-0.0424149234530781,-0.0364213101433156,-0.123315059069899,-0.277401810470465,0.0200533463990371,0.0740916635481575,-0.0428018427588335,-0.0657325017606963,0.0752733836458125,0.0125197081082495,-0.100595308023287,0.0446513283192604,-0.0706197273001128,-0.0565564889419443,0.0954273271787426,0.0669372955178313
"7",0.100942822488298,0.056982809870492,0.10823513230306,-0.088136843356751,0.0132348634174,0.014829419239231,1,-0.0499118150719847,-0.0596757382113291,0.167669207706118,-0.0330712673880476,-0.0443401850648106,0.0841059969368012,-0.0749272535483897,-0.0790227326058802,0.118972061276951,0.0482858786027759,0.0260090468210567,-0.0197928142289318,-0.113702501125226,-0.0328759461941255,-0.270899468310033,0.0882620937742834,0.231010419678353,-0.0383607136416617,0.0595048000966141,-0.095936906891935,-0.0862465391452582,0.0975939988687268,-0.113518374876606,-0.0755772104573315,0.0189612526010232,0.00663044517875649,0.118323018691798,0.160238926466083,0.0923152054418986,-0.170465479697439,0.0124280002711997,-0.128413850663039,-0.0127886438827464,-0.218928982398176,-0.0883820014893995,-0.0596871772578856,0.171068952995288,-0.0136067217335475,-0.0260692114546133,-0.0834874464903172,-0.161644603577147,-0.0850933315771713,-0.147945755941535,-0.00691631354288365,-0.0592747683558333,-0.0299815258292704,0.117055198105833,0.0822393280264405,0.0227405081688211,0.0772487043243069,0.104480834814988
"8",-0.152303716071454,-0.150405503006388,-0.0166192869540793,-0.110459538911998,-0.0539319256149897,0.0135885760562885,-0.0499118150719847,1,-0.0656191891172511,-0.0771478638254973,0.0915539015588206,-0.0426964649533121,-0.0698005475268037,-0.0687248632107603,-0.12916565224339,-0.0372903221334228,-0.0596490090359178,0.100296388269455,-0.0582461455742671,0.0297226331876602,0.00799976022455597,-0.0576246043182311,-0.0814159321744704,0.0114526553395943,0.200693390171717,-0.190987362442306,-0.127538859473985,-0.130959644083854,-0.113645408440255,0.0360641364408456,-0.096215381756266,-0.0184344886109351,-0.174733424421441,-0.0202758311900758,0.00885920625058405,0.304326978849115,0.0302477239454168,0.00112830366381608,0.0648278087287062,0.0223178678803334,-0.0500715251990889,0.145848525106702,-0.00148142051982668,0.0522790382461763,-0.107822743872283,-0.165882137144532,0.0543907776764722,0.0448083202942992,-0.0702762206714581,0.0221591768320985,0.0702071056402761,-0.0742212504401629,0.0926452504570899,0.166598150846291,-0.0551715241770689,-0.166432178195502,-0.0629768187997335,0.105239098974276
"9",0.178732777993381,0.228463442391915,-0.0568906689360766,0.113312991967737,-0.0750492970438821,-0.00883354961516341,-0.0596757382113291,-0.0656191891172511,1,0.381920182368188,0.0142169089602964,-0.0120750578058751,-0.15511977894018,-0.172769952256822,-0.147933909217479,0.218167575295311,0.0522729922629024,-0.117599500126074,-0.0933186225055751,-0.109981670488,0.0137533644269252,0.055306568048277,0.0316853590376773,-0.0453768223014848,0.00523854772004995,0.0506613988662298,0.226328876514581,0.254198780905324,0.106695022374803,0.217140221402477,0.0042027848965337,-0.0831198459926038,0.039503631191122,0.124957528799798,0.0916955807037422,0.0556382165176067,-0.0915763717203118,0.0608366417365188,0.0963809770510894,-0.149151677631008,-0.0742951469898117,-0.0337027185398368,0.354168440657048,0.0887697956418005,0.0901852451094834,0.00269812636476343,0.0455296907320792,0.115030589772768,0.0744659258020084,-0.103431956129585,0.0995280518061904,0.231449977539183,0.0706505027011465,-0.0841562831435489,0.10458395771809,0.219449467248317,-0.196050237594944,-0.0565956841113378
"10",0.24916241103049,0.244680157496509,0.138060016225516,0.00379315125437732,0.00469584153959104,-0.00143924883348032,0.167669207706117,-0.0771478638254973,0.381920182368188,1,0.0240527367361937,-0.00173236615623336,-0.198254693941532,-0.0330920982495706,-0.172813190800073,0.223227586884156,-0.0862889048197731,-0.0120997596423773,-0.111687544045075,0.114777823966656,-0.0510429623707206,-0.0779444818717056,-0.0499149256666973,-0.0880807650350607,0.0310295614874537,-0.0940322653570382,0.226727563095257,0.144936365412592,0.189320196373867,0.0782416582441659,-0.0782014215335222,0.0652210107641536,-0.0732587546534281,0.00645361264185268,0.192157595624008,0.0992361299550172,0.0559998207567279,0.194530123893736,0.0243715987767566,-0.0924346155859514,-0.221370365111089,-0.123236680868248,0.263734598363416,0.226318412052971,0.324261633117942,0.153239623604044,-0.0730384922533727,-0.0210272409020939,-0.159410122185012,-0.0668439936373369,-0.0203331249418897,0.0325116943444022,0.221158659430173,0.0895514585140488,-0.111354839507585,0.111801809856583,-0.0610643818227374,-0.190781697002959
"11",0.208681011814869,0.153754001845769,0.0176376503577693,0.150146216320825,0.037667617350564,0.256905978798639,-0.0330712673880476,0.0915539015588206,0.0142169089602964,0.0240527367361937,1,0.197673500714932,-0.0454237991122204,-0.018160707257727,0.179793484560812,0.200342811740175,-0.152745632759854,0.0207979620864547,0.0609547324938512,0.0851133095136504,0.195751825281945,-0.0637215807983926,0.0057043012138646,-0.0753931168082699,0.0648262099835835,-0.0999013003791399,0.205360415415134,0.0761138544060795,0.231653567310692,0.184498362903207,0.169347074026849,0.0710898704249116,0.099272709192016,0.279119716608007,0.169807132490449,0.136215682672612,0.12858823374463,0.140103439325401,0.182864236814912,0.265022363686632,-0.0159971236407342,-0.0269628055912469,0.0411872787743659,0.105223907922447,-0.0314413467529721,-0.0567906033331285,-0.174028234619772,0.0328770475229008,-0.0547847660422374,0.151209212199428,-0.0392837697288514,0.106164333671845,0.0996155161725234,0.147988621322344,0.111872585402552,-0.123075471182406,-0.142247116232546,-0.0605920590605901
"12",0.136425021215211,0.352177043181972,-0.0801662280106401,0.205428481005766,0.234889651854897,0.143409467014569,-0.0443401850648106,-0.0426964649533121,-0.0120750578058751,-0.00173236615623336,0.197673500714932,1,0.227365053330808,0.0381119111607418,0.0810368799194026,0.132864469796141,0.0211983500977923,-0.0774726448158143,-0.212670400635625,-0.0676753720391469,-0.028845050635195,-0.0821613146468497,0.0102934497096482,-0.0443492854258269,-0.0203537760946145,0.158479040257782,0.180605353052154,0.0705419538594737,0.285630682463983,0.0647918009838247,-0.131617912469397,0.0114682279664267,0.123904215487733,0.167029025466608,0.177455569819023,0.104070011902439,0.0714373715851129,-0.0197999869482876,0.224278052893216,0.166781737879885,-0.0580960988927866,-0.00163213661623178,-0.193246886953583,-0.0469191401883719,-0.295769677858279,-0.265602091554829,-0.00790105933477355,0.111960740830561,-0.0543289000285701,0.195619641467579,0.0990836826857016,0.24518773175589,0.00031879466688161,0.0258228625089355,-0.10968413506264,-0.0728650710027645,0.112308350512852,-0.0673500405433693
"13",-0.0477125509546611,0.164998162807118,0.155784670745145,0.104014862635418,-0.0125094342633564,0.0376855198719133,0.0841059969368012,-0.0698005475268037,-0.15511977894018,-0.198254693941532,-0.0454237991122204,0.227365053330808,1,0.259138636136992,0.0384503701538887,-0.0426684488934325,0.176050102131949,0.0214852866389034,-0.0601147480986471,-0.0496214269969213,0.0675188331132994,0.0661843645695216,-0.119317880721187,0.00310758366545671,0.0629794720759616,0.129345088866149,-0.0220435152892446,-0.0673383096747655,0.0934241855592207,0.0172203620303781,0.0122410120638839,0.145885858950345,0.121355266419368,0.0832870743429878,-0.0158437635425699,0.00628627027143737,0.0209034339175149,-0.0661538644524858,0.138522224802764,0.0688761571616068,0.0361608088926358,0.0111562578326732,0.020502908329738,0.112698700267062,-0.373412745231578,-0.334612724510913,-0.102141651985387,-0.0491005517620001,0.36298495763497,0.0219611669453913,0.129354865214495,0.077355891034552,0.125368988703717,-0.108863456932989,0.0393234163632025,-0.0947506010081756,0.0513826051542824,0.045153260698504
"14",-0.0806708033485381,0.00797019477492905,0.00325322863209125,-0.19617430803067,-0.0699522298158024,-0.0788222807458662,-0.0749272535483897,-0.0687248632107603,-0.172769952256822,-0.0330920982495706,-0.018160707257727,0.0381119111607418,0.259138636136992,1,0.0734003118926175,0.22711261110561,0.0129667936278866,0.137091002857866,-0.0256444648128796,-0.0555169725858831,-0.141782920428333,0.0321538983708052,-0.136794179151436,-0.0723408136143723,0.170171736225073,0.0230798836467986,-0.0655947182969383,-0.0514839831765841,0.10548397180204,-0.0597642013765818,0.0914916657732268,0.0401971228546404,-0.0784602833679922,0.0227260568015103,-0.0555154379689521,0.0472757829219843,0.0127727481824231,-0.0802233646455399,0.128350974811852,0.0580142938520448,0.0651931538890981,-0.0846738325047842,-0.0506290392272657,0.0647037952448473,-0.0693260179401543,-0.0879372907173685,0.0344118527915667,0.0591603559906763,-0.0213909419243259,0.148236683016922,-0.0201869909880664,-0.00948238935452635,0.1357330369047,0.00109165519192209,0.040198272840349,0.0687477319800712,-0.00749830909518076,-0.00055277102893264
"15",-0.00709535373812394,-0.0976409459869598,-0.0654917654656772,0.00440482638609053,-0.0372312277824449,0.112106624218777,-0.0790227326058802,-0.12916565224339,-0.147933909217479,-0.172813190800073,0.179793484560812,0.0810368799194026,0.0384503701538887,0.0734003118926175,1,0.0688765153327968,-0.227631305726367,-0.0487483510588841,0.122933724416453,0.0342107724035902,-0.0615435567911433,0.081712025892366,0.0217110626755353,0.0419902412504826,-0.145011924615922,-0.100362112378257,0.10117779203707,-0.173311461818247,-0.0380059679458162,-0.100860614038312,0.0216863016296083,-0.0219818654925253,-0.0899868487105435,-0.0252799180987197,0.110583255246853,-0.0833755263047585,0.0294143001391833,0.0404592109806377,0.166165594321144,-0.0304397092702716,0.166993972261236,0.0988931354453035,-0.0649771387488044,-0.15168596719693,-0.011460785828188,-0.130144586859158,0.0509626155392372,-0.0238370731647894,-0.0959860758278949,0.0512147205033611,-0.0466406896846037,-0.0563025885560941,0.0032284545415196,-0.0511972421911575,-0.0768526774296291,-0.0346976430501256,0.04501416555265,0.136564329314266
"16",0.0867566966704299,0.181111744097195,0.0182094905015647,-0.0410790291517172,0.00315701251082795,0.0328299773256303,0.118972061276951,-0.0372903221334228,0.218167575295311,0.223227586884156,0.200342811740175,0.132864469796141,-0.0426684488934325,0.22711261110561,0.0688765153327968,1,0.0171080128223582,0.0332677783871781,0.0132023613936875,-0.192092626046186,-0.0283537898220322,-0.0548707763917067,-0.00058427525620761,-0.0163163456383254,-0.0677661931039685,0.0725787543719078,0.141797738305441,0.0465191573859186,0.235309058455834,-0.0893186831031889,0.184171415068991,-0.0681605626065018,0.0361528435745097,0.258528393596002,0.179921956338002,0.0718046108543462,-0.136052353605074,-0.0221044799082107,0.0764358188972491,0.162025918641374,-0.138086979304283,0.033845450778321,-0.0198488090372403,0.0488275697788946,-0.0613732681171217,0.00318580024970983,-0.0761456801733862,-0.0444004379554008,-0.0868719822107931,-0.0610491699085853,0.293929760798656,0.202623744745715,0.220756087708263,-0.0174048412993402,0.0910568360563113,0.187445980440277,-0.244908345331016,-0.298813434630914
"17",-0.115551583866061,-0.0314432196666099,0.0123831818087745,-0.12291591647898,0.0183494791305819,-0.198516335747139,0.0482858786027759,-0.0596490090359178,0.0522729922629024,-0.0862889048197731,-0.152745632759854,0.0211983500977923,0.176050102131949,0.0129667936278866,-0.227631305726367,0.0171080128223582,1,-0.00554208379361515,-0.0195581029264065,-0.0798737088971387,0.0862264957801594,-0.0949073064894196,-0.128922689966689,-0.116043092997707,-0.0123877090258288,0.0410331019561499,0.077273753233555,0.010318171702935,-0.0644698143573112,0.016861739585198,0.0357113184704637,0.102808423961553,-0.0262423018883105,0.00879926593075323,-0.0153658500324918,-0.033764740462376,-0.00922704058037467,-0.018731433862293,-0.23526301302838,-0.073671467978106,-0.0462086549652112,0.0610877981392172,0.00506180297726274,0.125026305434666,0.0354700690931478,-0.0330542803475927,-0.0681098636893568,-0.0667348235572459,0.29049518738413,-0.0998416134423072,0.0823406959702615,0.156988993728191,-0.0453124429673711,-0.134801470307674,0.0589326834875604,0.00806393380388456,-0.0531123849367613,0.0106617194505186
"18",0.0656990160647051,-0.0195882352539762,-0.164856582021355,-0.023578959097005,-0.132102084867141,-0.0266535902351219,0.0260090468210567,0.100296388269455,-0.117599500126074,-0.0120997596423773,0.0207979620864547,-0.0774726448158143,0.0214852866389034,0.137091002857866,-0.0487483510588841,0.0332677783871781,-0.00554208379361515,1,-0.144056986623728,-0.0853319619011316,-0.179542535892659,-0.175011551939869,-0.129439519272121,-0.0966593515230217,-0.152486810116147,-0.0741561083056176,0.0291318579150329,-0.0828906073823453,0.127454905939258,-0.0323523753505174,0.0862718966620957,-0.10538641159593,0.0741992356422161,-0.0883147109781164,0.0279002967304489,0.157492923570726,-0.0146904675967941,-0.0348121228903063,-0.0674226338673718,0.138532999764346,0.0863556436889377,0.0890717345632628,0.00138668361751789,-0.0793409030051156,-0.0648322021283496,0.124417116210573,0.117531581184486,-0.00254756389585081,-0.0358630737026956,0.270414597933257,0.0523724575994568,-0.0174963562872801,0.0307696520293646,0.0119088810541912,0.16166793617589,-0.159250883773136,0.0176062971726485,-0.126507548292353
"19",-0.0553132857399109,0.0288529880779731,0.025310076820355,0.118004428229875,0.00432364858064429,0.00302414228836697,-0.0197928142289318,-0.0582461455742671,-0.0933186225055751,-0.111687544045075,0.0609547324938512,-0.212670400635625,-0.0601147480986471,-0.0256444648128796,0.122933724416453,0.0132023613936875,-0.0195581029264065,-0.144056986623728,1,0.0733858400923,0.178939372865631,0.118774107141482,-0.105834775991532,-0.074407877867148,0.0616769500180303,-0.038804268596252,0.0113549649016568,-0.0697423622125154,-0.0444368881519144,0.0611596299692291,0.545809179053373,0.168732687805431,0.0754704603036371,0.185193599653069,-0.28632343260146,-0.124318375326341,-0.0522780800265834,0.0307687720827234,0.0512766794486745,0.141377554309861,0.0655177080861034,0.0727300014671445,-0.0814336034039117,-0.0252788170467444,0.0113603297316627,0.027092766135154,0.0828265102760187,0.0145196784581275,0.0889690218157585,-0.00777920822256513,-0.0905266441731229,-0.0282330162144118,-0.0216039186964419,0.0440844872264261,0.051010162915565,0.0114936653261478,-0.109795010757892,0.0895261010904545
"20",0.138483544611554,0.0529874002345756,0.0734536096745556,0.0581363981986602,-0.0139339822541015,-0.0484255811206946,-0.113702501125226,0.0297226331876602,-0.109981670488,0.114777823966656,0.0851133095136504,-0.0676753720391469,-0.0496214269969213,-0.0555169725858831,0.0342107724035902,-0.192092626046186,-0.0798737088971387,-0.0853319619011316,0.0733858400923,1,-0.00610827830075596,-0.069145247608947,0.0209106424449535,-0.0321551408803358,0.100379238801738,0.0513255957195537,-0.0484419082354126,-0.137349474001953,-0.061189803235397,-0.0621856974334268,-0.0279894996779818,0.375343767815998,-0.00487772443052919,0.0672939365088267,-0.192363470084973,-0.093824616036809,0.0637107949709874,0.111932642322258,-0.0660201293185622,0.00206596381082878,0.18863887837204,0.151792806913973,0.0621983841392973,-0.13627443289079,0.0177455692398738,0.0157059722106691,0.145804827991147,0.0940797244074038,0.0431387109017301,0.141441756820926,-0.0393070384198571,-0.056024663037424,-0.0661744795998294,-0.100349544019708,-0.130157974653385,-0.0593474687091294,0.155166040611873,0.0585045464131782
"21",0.0554738364966845,0.109130384488338,0.0193659926424716,0.195137123868464,0.124109570825547,-0.0463171042304829,-0.0328759461941255,0.00799976022455597,0.0137533644269252,-0.0510429623707206,0.195751825281945,-0.028845050635195,0.0675188331132994,-0.141782920428333,-0.0615435567911433,-0.0283537898220322,0.0862264957801594,-0.179542535892659,0.178939372865631,-0.00610827830075596,1,0.0678276975516649,0.0575461780851555,-0.0514294736860691,0.07001578136348,-0.00362650280386798,0.174414312548407,0.0790877088100105,-0.0125718598330643,0.0207404058732334,0.233404489973187,0.106507867199209,0.0723147149294694,0.147371985183059,-0.107512623769717,-0.0511677397480318,0.153975936607711,0.0386475743854975,0.0623824488385706,-0.044816630413102,0.0574652438335609,0.015803466844246,0.0756913841021466,0.0669389423353935,-0.0219610969577379,-0.0709802028691207,-0.0911716131550324,-0.0413578540509292,0.12767053763431,0.0410830862984919,-0.114483699665105,0.0710011932412468,0.0586901972959462,-0.0443067686031346,-0.099943716365237,0.00121042751353716,-0.0413029512548628,-0.0465467525297228
"22",-0.0645465490093428,-0.0726490703810159,-0.112077112216628,0.0856889827632811,-0.0617872052649861,0.118151843708934,-0.270899468310033,-0.0576246043182311,0.055306568048277,-0.0779444818717056,-0.0637215807983926,-0.0821613146468497,0.0661843645695215,0.0321538983708052,0.081712025892366,-0.0548707763917067,-0.0949073064894196,-0.175011551939869,0.118774107141482,-0.069145247608947,0.0678276975516649,1,0.101432552590296,0.0269406295224029,-0.0187701491924228,0.00793003609679599,-0.0162719965936851,0.162046942127148,-0.0479618362701085,0.0949970566528032,0.0570141730352167,0.0840457408362923,0.173104471557465,0.00572602322407064,-0.113216183743438,-0.104468465062771,0.0019540639101784,-0.0139914840410582,-0.113147727723614,-0.0450868747020026,-0.132292886022854,-0.120572257012959,0.0735299609771157,0.0459416149564964,-0.110014374227835,0.0743731002919805,-0.1735509774792,-0.00768707253629967,-0.0258240625560695,-0.209255312333196,0.036263238737601,0.103558544653558,-0.0230204079548971,-0.102727160487996,-0.0559932967757861,0.136208906831405,-0.250533438396336,-0.114985709363245
"23",0.110373851519459,0.130789981610729,-0.0042104015762853,0.0137655871312607,0.152920633522128,-0.0282091444684815,0.0882620937742834,-0.0814159321744704,0.0316853590376773,-0.0499149256666973,0.0057043012138646,0.0102934497096482,-0.119317880721187,-0.136794179151436,0.0217110626755353,-0.00058427525620761,-0.128922689966689,-0.129439519272121,-0.105834775991532,0.0209106424449535,0.0575461780851555,0.101432552590296,1,0.0718005462066696,-0.0788048628683064,-0.0878140049628132,-0.0639147163016813,0.0736698912039617,0.160881743535204,0.0123898970953453,-0.0952413911773351,0.124213602961495,0.194581569005796,0.0124147617131276,0.0971369014942617,-0.276024407312314,-0.161823775767945,-0.0155212132555295,-0.0322327412940347,0.0773062513940588,0.0217875545277967,0.039682278531479,0.103934875656093,0.166397061895885,-0.0143620757140536,-0.0214409545141459,-0.197901982291157,-0.0144549495464155,-0.061091150825321,-0.075983788981124,0.13922162411499,0.182923319624514,-0.03313072170873,-0.0693731668349212,-0.073149120670951,0.300748400273985,-0.0888047181791433,-0.117198686462635
"24",-0.213099031461862,0.046097385924842,-0.0652305191542415,0.0169314426268609,-0.145696599417226,-0.0409032015787276,0.231010419678353,0.0114526553395943,-0.0453768223014848,-0.0880807650350607,-0.0753931168082699,-0.0443492854258269,0.00310758366545671,-0.0723408136143723,0.0419902412504826,-0.0163163456383254,-0.116043092997707,-0.0966593515230217,-0.074407877867148,-0.0321551408803358,-0.0514294736860691,0.0269406295224029,0.0718005462066696,1,0.0815049651004375,0.105250906131985,-0.0573930708035129,-0.134256092043047,-0.102728945424919,-0.185042587029203,-0.0849560849699394,-0.021867040592727,-0.0444834100698738,-0.0146460677989396,-0.0237770086820101,-0.0297600715176148,-0.111869317816022,-0.130531555936815,-0.158050588972327,-0.0567784615884182,-0.0792000037671826,0.0820859900375556,0.143836382817531,-0.0847970233327321,-0.148954301650904,-0.0722377435772472,-0.0613775289061984,0.0537553644733881,0.0069324951862475,-0.0510680466164526,0.0744945153382658,0.102838432703959,-0.0345522846641605,0.150670664280868,-0.0877713614294432,0.0392313450769856,-0.046119840519423,0.0411733925472998
"25",-0.056024511791873,0.120973396591327,0.17289267641529,-0.0556325662474149,-0.0500444356173814,-0.00186797126477377,-0.0383607136416618,0.200693390171717,0.00523854772004995,0.0310295614874537,0.0648262099835835,-0.0203537760946145,0.0629794720759616,0.170171736225073,-0.145011924615922,-0.0677661931039685,-0.0123877090258288,-0.152486810116147,0.0616769500180303,0.100379238801738,0.07001578136348,-0.0187701491924228,-0.0788048628683064,0.0815049651004375,1,0.0815578492761219,0.022035335775678,-0.0268738878049334,-0.0190597846540066,-0.0375915982671348,-0.00972759546337225,0.11788607477736,0.0546190932105734,0.112412846018288,0.19414172878315,0.139813660383569,0.0614529580710531,-0.150918902314022,0.00805364573520847,0.0428507470109859,0.0703578552270087,-0.126887638169006,0.0181265909143416,-0.0688410854541136,-0.0844904949253293,-0.100707524511256,-0.0132904353682594,0.212560328091124,0.173819509462236,0.0240248761007848,-0.0953433562663526,0.0010838374661486,-0.0233322894106701,0.0213269838204923,-0.159211957491736,0.130396675217754,-0.0316848202710124,0.110445950975035
"26",0.131574864024989,0.138896423146109,0.00086539678020532,0.163403250580488,0.0230768305271222,-0.0571601216593488,0.0595048000966141,-0.190987362442306,0.0506613988662298,-0.0940322653570382,-0.0999013003791399,0.158479040257782,0.129345088866149,0.0230798836467986,-0.100362112378257,0.0725787543719078,0.0410331019561499,-0.0741561083056176,-0.038804268596252,0.0513255957195537,-0.00362650280386798,0.00793003609679599,-0.0878140049628132,0.105250906131985,0.0815578492761219,1,-0.0182988747903148,0.136478541822789,-0.0137322376479637,0.0467307185711565,-0.0220886114481278,0.0818282323319903,0.0632557458063348,0.152944249222934,-0.0303190973184465,-0.0311591331981531,-0.15950261350172,-0.105087691922114,-0.0513668313233019,-0.0247231007140689,0.099985799084828,0.0678529345009206,-0.0902834329976678,0.117638326460339,-0.100524634642994,-0.0139219845224029,0.0814958946837871,0.122402384068238,0.0761939597267703,0.048297158578339,0.134615171445912,0.0942880830195902,-0.0800659010851889,-0.0609829256543959,-0.0493848621278727,0.179793260238722,0.02528184385932,0.0648561089408461
"27",0.216962147493791,0.160651047457596,-0.011064632787517,0.139854226649022,-0.0145498269049009,0.094256292935204,-0.095936906891935,-0.127538859473985,0.226328876514581,0.226727563095257,0.205360415415134,0.180605353052154,-0.0220435152892446,-0.0655947182969383,0.10117779203707,0.141797738305441,0.077273753233555,0.0291318579150329,0.0113549649016568,-0.0484419082354126,0.174414312548407,-0.0162719965936851,-0.0639147163016813,-0.0573930708035129,0.022035335775678,-0.0182988747903148,1,0.358707469398901,0.140581455101659,0.0973252963823667,0.195990786358199,0.105504947356865,0.140779639798907,0.0570271431998702,0.068162925442761,0.0684244060222514,0.194183772162917,-0.00890081478099593,0.172770364483848,0.113861058846694,0.074001910473422,-0.0686869233051987,0.0895928541844144,-0.0199565243899718,0.0233047128854799,-0.0679937204442952,-0.0508427060978142,0.152023099320227,0.0243455042042768,0.0281481859089952,0.0788341335760147,0.200337665378931,-0.0866694796548609,-0.067351733331551,-0.15080693572184,0.0519904518809693,0.0104037967672531,-0.0806086156976796
"28",0.0732007233694773,0.147119899403834,0.0296485171996525,0.0894941325985493,-0.0753990470677125,0.0957622263618824,-0.0862465391452582,-0.130959644083854,0.254198780905324,0.144936365412592,0.0761138544060795,0.0705419538594737,-0.0673383096747655,-0.0514839831765841,-0.173311461818247,0.0465191573859186,0.010318171702935,-0.0828906073823453,-0.0697423622125154,-0.137349474001953,0.0790877088100105,0.162046942127148,0.0736698912039617,-0.134256092043047,-0.0268738878049334,0.136478541822789,0.358707469398901,1,0.0448064796404574,0.0128314348274959,0.116399808490443,-0.0219470509764879,0.0838638235556218,0.0150824420008822,0.0102912641773332,-0.0176438349882922,0.246528193095715,0.0189218326604173,-0.0544658351229452,0.0274514240216713,-0.0929622957983685,-0.271026587016215,0.0166877424865892,0.1371483937351,0.182308968406053,0.108557918450649,-0.124040709721939,-0.0176311991855747,-0.0827386674499331,-0.26192378868222,0.0675161660178236,0.0138673684463872,-0.0693713507289911,-0.173191259999033,0.022094478584484,-0.0529098931448402,0.0376896512754956,-0.204707297039558
"29",0.271956103221851,0.221628703685004,0.0341821243736959,0.0682755022427536,-0.00695507114362247,0.258557057339979,0.0975939988687268,-0.113645408440255,0.106695022374803,0.189320196373867,0.231653567310692,0.285630682463983,0.0934241855592207,0.10548397180204,-0.0380059679458162,0.235309058455834,-0.0644698143573112,0.127454905939258,-0.0444368881519144,-0.061189803235397,-0.0125718598330643,-0.0479618362701085,0.160881743535205,-0.102728945424919,-0.0190597846540066,-0.0137322376479637,0.140581455101659,0.0448064796404574,1,0.239079479710441,0.0132034020333132,0.132207129690688,-0.031884401559744,0.0863672398569952,0.1695807194203,0.0984885527489848,0.195988538018786,0.00069350206013327,0.0934920804881542,0.0555179915897765,-0.0831437459655905,-0.0645577386077949,0.0791490620199838,0.159074425169239,-0.0665233112933905,-0.0732198804204985,-0.164127037489132,-0.103430662432782,-0.0569670513390598,0.12980316072088,-0.149380593366463,-0.026858140951683,0.281837648322899,0.209068892516838,0.0310070951387943,0.120196193358072,-0.0307324323057505,-0.201829948393335
"30",0.0841500573602201,-0.00386587736522618,0.0513692603691226,-0.0758171966602179,-0.00812900563404181,0.121204069223821,-0.113518374876606,0.0360641364408456,0.217140221402477,0.0782416582441659,0.184498362903207,0.0647918009838247,0.0172203620303781,-0.0597642013765818,-0.100860614038312,-0.0893186831031888,0.016861739585198,-0.0323523753505174,0.0611596299692291,-0.0621856974334268,0.0207404058732334,0.0949970566528032,0.0123898970953453,-0.185042587029203,-0.0375915982671348,0.0467307185711565,0.0973252963823667,0.0128314348274959,0.239079479710441,1,0.0912522305141787,-0.0901375979317709,0.0470704195759824,-0.036097398314652,0.0277179001725894,0.0714264320131475,-0.0027126919566237,0.075443125536184,0.125306436164331,0.0775735670185811,-0.132229598006354,-0.0299666723116473,-0.016078620502498,0.217798496361688,-0.024446672890483,-0.118457821454833,-0.100076296869825,-0.0155718196168922,-0.00494046511922902,0.13164922054978,-0.196789989050003,-0.126503383486549,0.0602205631472749,-0.0327882326058833,-0.0663356986714641,0.0358593045149287,-0.0386447758446617,0.0818918976053402
"31",-0.00640964684946636,0.185550793115339,-0.134625567424183,-0.0155891739601837,0.0210805007082443,-0.0500664369452222,-0.0755772104573315,-0.096215381756266,0.0042027848965337,-0.0782014215335222,0.169347074026849,-0.131617912469397,0.0122410120638839,0.0914916657732268,0.0216863016296083,0.184171415068991,0.0357113184704637,0.0862718966620957,0.545809179053373,-0.0279894996779818,0.233404489973187,0.0570141730352167,-0.0952413911773351,-0.0849560849699394,-0.00972759546337225,-0.0220886114481278,0.195990786358199,0.116399808490443,0.0132034020333132,0.0912522305141787,1,0.147041436228283,0.312020755371808,0.292591154488883,-0.236075915463142,0.0164835467954784,-0.00934521880015428,0.00896841408222248,0.0479936467271562,0.207573805354549,-0.0208141163126694,-0.115500861738142,-0.0997560233464886,0.204700920833004,-0.119395401524506,-0.0263095875807725,-0.111576180554685,-0.0436158789143463,-0.0494983464593154,0.0188366052962957,0.0979414858547736,0.257455428838133,0.0533058702529065,-0.131123379309283,0.0348434124333969,-0.0593518048136146,-0.199312386262154,-0.131732489661728
"32",0.210010835671832,0.029636449369093,0.13850420491885,0.0773052960070719,-0.0330770773713227,0.0583834915000149,0.0189612526010232,-0.0184344886109351,-0.0831198459926039,0.0652210107641536,0.0710898704249116,0.0114682279664267,0.145885858950345,0.0401971228546404,-0.0219818654925253,-0.0681605626065018,0.102808423961553,-0.10538641159593,0.168732687805431,0.375343767815998,0.106507867199209,0.0840457408362923,0.124213602961495,-0.021867040592727,0.11788607477736,0.0818282323319903,0.105504947356865,-0.0219470509764879,0.132207129690688,-0.0901375979317709,0.147041436228283,1,0.148345503558677,0.247925494105942,-0.170879720116777,-0.0474038170147428,0.0203772263893219,0.085321146506235,-0.0239695883695386,0.038238751571747,0.0223439925387712,-0.0465911703329209,0.150834236906997,0.0490803783492309,-0.135670992151284,-0.202355321351023,-0.172856056766043,0.0319686466108503,0.159608550060211,-0.0489698500241163,0.0523904773807167,0.087332005554134,0.0939588740087875,0.108939446279519,-0.0794651108650887,0.136000613087253,-0.143181268735093,-0.0202554403829982
"33",0.0718918620006798,0.340661550739491,0.0643148183728123,0.228943968494604,0.16020278390609,0.0363218514350268,0.00663044517875649,-0.174733424421441,0.039503631191122,-0.0732587546534281,0.099272709192016,0.123904215487733,0.121355266419368,-0.0784602833679922,-0.0899868487105435,0.0361528435745097,-0.0262423018883105,0.0741992356422161,0.0754704603036371,-0.00487772443052919,0.0723147149294694,0.173104471557465,0.194581569005796,-0.0444834100698738,0.0546190932105734,0.0632557458063348,0.140779639798907,0.0838638235556218,-0.031884401559744,0.0470704195759824,0.312020755371808,0.148345503558677,1,0.219585873076205,-0.158932744244788,-0.0420484676338932,-0.134902576642656,-0.078772640278135,0.255773289589515,0.300425571379261,0.122224613747384,0.0408694421718364,0.168308539314272,0.0443544084116121,-0.246326838398259,-0.128450372658852,0.033960632866651,0.0491370331760071,0.123744096631515,0.0270118737268722,0.330483065013655,0.363955336446721,-0.0214477598118319,-0.150787050565644,0.05884731357585,0.0604312001548263,-0.104347084029254,-0.0842988999630338
"34",0.136584860586088,0.236874607085844,0.00116844722421052,0.102244788436994,0.0911169956018572,0.0839577419236582,0.118323018691798,-0.0202758311900758,0.124957528799798,0.00645361264185268,0.279119716608007,0.167029025466608,0.0832870743429878,0.0227260568015103,-0.0252799180987197,0.258528393596002,0.00879926593075323,-0.0883147109781164,0.185193599653069,0.0672939365088267,0.147371985183059,0.00572602322407064,0.0124147617131276,-0.0146460677989396,0.112412846018288,0.152944249222934,0.0570271431998702,0.0150824420008822,0.0863672398569952,-0.036097398314652,0.292591154488883,0.247925494105942,0.219585873076205,1,-0.0342327998240178,-0.00174324507191893,-0.00661831611751032,0.0603328880463592,0.160644972174566,0.333726645535704,-0.0736592413964379,-0.166811898370031,-0.102500315805256,0.0833689345595626,-0.153991123152618,-0.142825402916514,-0.026475275642242,0.126554701582879,-0.0148159259046569,-0.0920403970925231,0.187073858563983,0.152117670928457,0.11454914336295,-0.0945809631956142,0.0624077635544592,-0.0290451114897998,-0.161298279249643,0.00937768873201942
"35",0.151535233495219,-0.0341595880396337,-0.0263315048645648,-0.159217871600073,0.0232441269985826,-0.0432828660047578,0.160238926466083,0.00885920625058405,0.0916955807037422,0.192157595624008,0.169807132490449,0.177455569819023,-0.0158437635425699,-0.0555154379689521,0.110583255246853,0.179921956338003,-0.0153658500324918,0.0279002967304489,-0.28632343260146,-0.192363470084973,-0.107512623769717,-0.113216183743438,0.0971369014942617,-0.0237770086820101,0.19414172878315,-0.0303190973184465,0.068162925442761,0.0102912641773332,0.1695807194203,0.0277179001725894,-0.236075915463142,-0.170879720116776,-0.158932744244788,-0.0342327998240178,1,0.292083658283666,0.205015520081418,0.126703470485122,0.0135759736473534,0.0596488787391904,0.0113724710987593,0.0712652594370181,-0.157289069043147,-0.030598924405554,-0.00175635256701591,0.0284329917762154,-0.123463672963767,0.00474443427313793,-0.0755819552078473,0.0324586758647671,-0.225675801074069,-0.138179901806516,0.0488580940116942,0.153017771815925,-0.00648511707630092,0.0853314529925256,-0.0408661157407476,-0.0419335995418074
