"","l_Insular.Cortex","r_Insular.Cortex","l_Amygdal.Area","r_Amygdal.Area","l_Bed.Nucleus.of.the.Stria.Terminalis","r_Bed.Nucleus.of.the.Stria.Terminalis","l_Hippocampus","r_Hippocampus","l_Orbitofrontal.cortex","r_Orbitofrontal.cortex","l_Entorhinal.Cortex","r_Entorhinal.Cortex","l_Frontal.Association.Cortex","r_Frontal.Association.Cortex","l_Globus.Pallidus","r_Globus.Pallidus","l_Glomerular.Layer.of.the.Accessory.Olfactory.Bulb","r_Glomerular.Layer.of.the.Accessory.Olfactory.Bulb","l_Glomerular.Layer.of.the.Olfactory.Bulb","r_Glomerular.Layer.of.the.Olfactory.Bulb","l_Granule.Cell.Level.of.the.Cerebellum","r_Granule.Cell.Level.of.the.Cerebellum","l_Hypothalamic.Region","r_Hypothalamic.Region","l_Entorhinal.Cortex","r_Entorhinal.Cortex","l_Vermix.Molecular.Layer.of.the.Cerebellum","r_Vermix.Molecular.Layer.of.the.Cerebellum","l_Lateral.Molecular.Layer.of.the.Cerebellum","r_Lateral.Molecular.Layer.of.the.Cerebellum","l_Anterior.Olfactory.Bulb","r_Anterior.Olfactory.Bulb","l_Posterior.Olfactory.Bulb","r_Posterior.Olfactory.Bulb","l_Subiculum","r_Subiculum","l_Perirhinal.Area","r_Perirhinal.Area","l_PreLimbic.System","r_PreLimbic.System","l_Primary.Cingular.Cortex","r_Primary.Cingular.Cortex","l_Primary.Motor.Cortex","r_Primary.Motor.Cortex","l_Retrosplenial.Cortex","r_Retrosplenial.Cortex","l_Secondary.Cingular.Cortex","r_Secondary.Cingular.Cortex","l_Secondary.Motor.Cortex","r_Secondary.Motor.Cortex","l_Striatum","r_Striatum","l_Ventral.Tegmental.Area","r_Ventral.Tegmental.Area","l_Substantia.Nigra","r_Substantia.Nigra","l_Thalamus","r_Thalamus"
"1",1,0.362465361772198,-0.0509882695559629,-0.116236472365559,0.10242623085907,0.117093461904942,0.162967396267031,0.0183728684918098,0.327424636058154,0.12018992081381,0.0839502638390699,0.243926091758212,-0.141250461670326,-0.0799758328708252,0.0801599914070332,0.0726657700428355,-0.212360657833338,0.0391973927557807,0.0363967395007365,-0.0370536606849298,-0.133004536729704,0.0955605586914342,0.0762670686204485,0.0395527924316317,-0.0587147245071297,-0.219433714833595,0.174215396551641,0.105638054040737,0.082975314349454,0.0260099740593302,-0.0113296361812028,-0.0938341130469488,-0.0569324646229703,0.199802404407593,0.112569562561109,0.235410264582493,0.0207770023259886,0.209741984017077,-0.0704132791805211,-0.0192319150760951,-0.0293255978087379,0.0586826940839676,0.0773881946989069,0.222428192325504,0.0145046896392408,-0.0568434610060791,0.0174956289172478,0.101362723325185,0.00713167320720917,-0.00458730265988425,0.0748463246928417,0.0888557733998124,-0.0591144133480134,0.0488713351953945,0.18164798732127,-0.0165021992200683,-0.0133762690612955,0.118637719909695
"2",0.362465361772198,1,-0.00211383199248306,-0.00265288988833953,0.0822944352845967,-0.0229989047807271,0.235803593542331,0.182456409350321,0.102313171340941,0.247561688003314,0.0542955118892253,0.259080949952652,0.0052454839545575,-0.260082213117222,0.0491293007426005,0.109395149654769,-0.0452231606379041,-0.0132412236394634,0.0663049040942694,-0.166305278189438,0.029385799691341,0.158566019577836,-0.0212372950513916,-0.00810743296886624,0.142069506847104,-0.197969701897917,0.0365311026998452,0.0826667281653698,-0.166830403356306,-0.0293592963450788,-0.0686847802976553,0.0327939652880748,-0.0399611094299779,0.148620562133836,0.0464400790132907,-0.0769871790669742,-0.0138117896667967,-0.0909677018188821,0.0382275772867308,0.0220355020861712,-0.010946498479852,0.18215987387616,0.0768602731010391,0.239706141753783,0.0203000019359492,0.0625486320293547,0.0762566218770678,0.121517334615325,0.13364606308514,-0.0540679043988546,-0.0649581331784981,0.127606235346299,0.0266954955967343,0.00568369171538719,0.236529377069469,0.0376992139787033,-0.0134955552747349,0.146816480836897
"3",-0.0509882695559629,-0.00211383199248306,1,-0.0667302000224599,0.21965307019367,0.13260949624713,0.107567323718989,0.0136190046709418,0.0382244634685125,0.0886140906105469,0.191790166799614,0.039942900205272,-0.014843844989943,0.0733630726125375,0.0034566253682157,-0.00677568285545161,-0.0577730262557032,0.0351775451768296,-0.140298562219367,-0.124449037250372,0.0159924643658666,0.0710453624570407,-0.224523922846379,-0.150190066426185,0.231612854503358,0.0276525536315121,-0.0450593742733714,-0.0151327039581119,0.0566963882213211,0.227256798232679,-0.00886401830138639,0.0699550178102122,0.0554076969251932,-0.0758404043542602,0.100646439580948,0.185975723382857,0.169613035272732,0.0274808116450594,0.183181157098559,0.068969115319752,0.122364163573758,0.176864178404665,0.113206160695128,0.0965920511946872,0.00507992069944729,-0.0657604381126484,-0.068823481565995,0.0478106616803739,0.111272364370844,-0.00186045496434699,0.215044939701274,0.0704813394575108,0.0384236054802012,0.074092247648816,0.056453167453872,0.174402156097995,0.080876433623308,-0.124399350842517
"4",-0.116236472365559,-0.00265288988833953,-0.0667302000224599,1,-0.0247188234992988,0.0244389598671166,0.0938539229139636,0.0127202329957892,-0.0752966521026324,0.11540088111507,0.00524437342381502,0.235043385717607,-0.0082700555791138,-0.0416467378797531,0.0439931463970884,-0.06852797735941,-0.0528313926549322,-0.0429622586768693,0.190300769154287,0.0509516615373786,0.0716173269256477,-0.067017123003345,-0.216299664937324,-0.175262849572558,0.221966370150121,0.114681360103055,-0.05233739529793,0.0507587528237245,0.00118184999616319,0.0195905082688243,0.150589839268686,-0.0174910627721861,-0.162923989883854,0.00891212441430059,-0.0448530685738751,-0.124539816694791,-0.0631891349367009,-0.145938718828869,0.0582143803299368,-0.118732658148856,0.0757055519484477,0.0001637670668879,-0.121960190967955,-0.0627997733200502,-0.0575708443778663,-0.0159164398949523,-0.0640558499623015,0.0885300202376048,-0.0830155232223996,-0.0262917114690607,0.11565978459914,0.015270804142227,-0.00169764913357432,-0.0778947684624494,0.206537642754472,-0.0454653707321891,-0.0654001659351959,0.0325155374920601
"5",0.10242623085907,0.0822944352845968,0.21965307019367,-0.0247188234992988,1,0.216996219172557,0.0914147147409452,0.0297589872417296,-0.189855863614803,-0.200659517205614,0.159596083941362,0.0136810452988413,0.021392038367728,-0.0435666307781429,-0.0342031769846635,-0.0202707600509972,-0.0323800858070585,0.126071965184957,0.038596142398947,-0.0495372471130468,0.0502399142908758,0.00973935154346321,0.0642947944395742,0.179062314780671,0.0577306210796366,0.0280389595305264,0.0413977416595506,-0.0900033009689092,0.120986599183426,-0.0275750182164604,0.00713522960363805,0.0159307437179966,-0.065690028918447,0.0157743166507643,0.125069919236513,0.183496891983997,0.101377139753117,0.0926305478931661,0.177508013715445,0.0681709531260701,0.111982822133481,0.0505656751133173,-0.0123006989503867,-0.0548185133544303,0.01645235876668,-0.106809232075064,0.210985735887656,0.185915756572859,0.00782824691503559,-0.0351706013631213,0.121300358079971,0.0563345247170234,-0.17083554778202,-0.116729894740374,0.00826365073904225,-0.087734360957788,0.0582054200857276,0.00993661144039789
"6",0.117093461904942,-0.0229989047807271,0.13260949624713,0.0244389598671166,0.216996219172557,1,0.0802702436293282,0.0565881115545928,-0.102283298067934,0.0767384744131852,0.15738543345755,0.061168251286952,-0.0584644962012234,-0.143313087982904,0.121056771894069,0.0334341220530924,-0.109885644471504,-0.0855861137265858,-0.0320708480810159,0.0153771752304858,0.022091419946391,-0.0507451990688385,0.0252402562760851,0.0263351621645028,0.162672042676771,-0.0722087582357008,0.0875209529997392,-0.0976819496417273,0.0487958842697866,-0.157227042787091,0.0567291878879235,0.0990473081320346,-0.119205679319597,-0.0927092762881405,0.285216266768943,0.0803113261516469,0.0297673541646134,0.215848752049588,-0.183772816999931,-0.0740784488694833,0.0878545212931337,0.194906139001855,0.0863815341502577,0.0586801262859101,0.158049418259441,0.0630947111268464,0.0464036641384422,0.0344090672522418,0.0436717630796594,0.00371326047058532,0.340093134036965,0.237457655091582,0.0168097630905917,0.0166265972361093,0.0891580895299559,-0.172617102589576,0.0912092527742233,0.104296003816281
"7",0.162967396267031,0.235803593542331,0.107567323718989,0.0938539229139636,0.0914147147409452,0.0802702436293282,1,0.249067680305396,-0.0498563182118183,0.247203196357577,0.24656285651589,0.169046291780773,0.116728175678881,-0.0401787800376247,-0.0621109140630494,0.00148922959939502,0.0323741259734386,-0.156133887339016,0.125376236658576,0.0729147811099713,-0.0610235172654529,0.228722220565122,-0.20504075527493,0.0725472343250829,0.309496229064542,-0.00275224652263346,0.0153534404578345,0.0485993543828485,0.0315814033329928,0.0764164729836028,0.0632861925507817,0.0579925189067586,0.0807588792896207,0.0739721137338238,0.445694565509822,0.0645234106217774,0.134721171512962,0.188899003324166,0.149107094835422,-0.00919736135296434,0.109666393333086,-0.0962249417286951,0.206595120322256,0.224649313578506,0.262106826755072,0.177724723201402,-0.0232690788625655,0.152646143179791,0.157922702774786,0.0148242246066335,0.0867120844255693,0.08464810786086,-0.0378576617088512,0.125776268528537,0.0242934037974282,-0.0120851945525778,0.0551293783414968,0.0641782517853241
"8",0.0183728684918098,0.182456409350321,0.0136190046709418,0.0127202329957892,0.0297589872417296,0.0565881115545928,0.249067680305396,1,-0.127109990459436,0.203177353769183,-0.0998277733862226,0.131518158736062,-0.00697179423451688,-0.193043778173232,0.0438423352247856,-0.0418252694036058,-0.0560359971890772,-0.182125851293604,0.0692777304225855,0.00828936615450183,-0.0027220813669852,0.164955901255867,-0.0262950572616217,0.189246662010716,0.130029227733689,-0.0695967389894337,0.115392057647225,0.00692632381601838,-0.134088598007868,-0.126272609907746,-0.0117703981637587,0.0525825084889615,0.0609266586517413,0.0855046361419002,0.184101364165326,0.198890403405135,0.0348609703929911,0.157456415368079,0.157485379235704,-0.0530766564809557,0.0178970266487436,0.0386111892347834,0.0197808524457996,0.128169594407659,0.136823062265449,0.105149611743594,0.0589543681560037,0.0448303509294743,0.160367614249144,0.0502366505167236,0.146258245013407,0.00116834295642402,0.112701332895076,0.188495566957097,0.186952765497304,-0.149356319549976,-0.113508513977503,0.0200636455053558
"9",0.327424636058154,0.102313171340941,0.0382244634685125,-0.0752966521026324,-0.189855863614803,-0.102283298067934,-0.0498563182118183,-0.127109990459436,1,0.185905232519332,0.192350018355309,-0.0140223299414347,0.084597928763735,0.109707813891808,0.101866578071786,0.0981863571894759,-0.0599021903026708,0.0689721661559869,-0.137952916735656,0.0077199511717596,-0.211451300193966,0.0247500099789105,-0.0449963643947955,-0.0320619837492878,-0.0172928063235651,-0.185584522551096,0.0858567611251413,0.120083446686199,0.100129792922407,0.0375223370315495,-0.0968880512403589,-0.289725546076798,0.0735506141627244,0.0200647062031164,-0.0579345271288046,-0.0882287066689025,-0.0652543666830158,-0.146686763790965,0.0683311121236006,-0.0298758047927962,-0.0977191456705794,-0.108853880859925,0.171757842468116,0.108366167492277,-0.0720895669589123,-0.204015070237036,-0.0716226337084857,-0.107500536051788,0.0652097694980609,0.00550306303555055,-0.0179747946749608,-0.186305854670109,0.0474327223638889,-0.0615636708735197,-0.0311878709173376,-0.048670292549054,-0.0982689180812499,0.0283473880757054
"10",0.12018992081381,0.247561688003314,0.0886140906105469,0.11540088111507,-0.200659517205614,0.0767384744131852,0.247203196357577,0.203177353769183,0.185905232519332,1,-0.00665657026064748,0.187197294653006,0.0172157812743607,-0.0701074700526477,0.149362385326151,0.0250304495518804,0.0457811507822248,-0.0471630687875006,0.153100911136365,0.138267423647631,0.084092494347562,0.148366309255248,-0.167787696381509,-0.176403594698157,0.287839757865957,-0.0258112469757962,-0.0110498614349519,0.0165915680546662,-0.106145516973516,0.0141398455212931,0.0109105896846291,0.042768466653508,0.0723118342388149,0.0905613399702417,0.0815249624074231,-0.058198770906419,0.0303629578634928,0.022079060312246,-0.077288774824,-0.0291099134998748,0.0682639603682563,-0.0109997945235278,0.103776901541243,0.339974567387574,0.0368687701785006,0.205719610909354,-0.0665612178556481,0.0715566592779414,0.106485654528909,0.0210594339237726,0.234804978295408,0.231012746386758,-0.022838092440893,-0.013107648995576,0.134075946638403,-0.08568401104533,-0.0827719691749591,0.0112242636648816
"11",0.0839502638390699,0.0542955118892252,0.191790166799614,0.00524437342381502,0.159596083941362,0.15738543345755,0.24656285651589,-0.0998277733862226,0.192350018355309,-0.00665657026064748,1,0.0247624914305291,-0.0670319799579645,0.130868174955238,-0.013696410591504,0.0849960424078752,-0.325408458309982,0.00619846205946044,-0.0587749530304865,0.139733765487063,0.0645419624219496,0.214939177968451,0.0722987082809541,-0.0335766738928853,0.144051400986175,0.0743434787681888,-0.0803692366255908,-0.00207457765189358,0.209061503328292,0.0530453184054322,0.203480664780014,0.0520118844683687,0.0148459511721826,0.0389724040120152,0.0715352840360649,-0.0336951622928049,0.106167955271734,-0.00218653143742785,0.0913612379492615,-0.0129570054663836,-0.0132611154351027,0.0554575420498476,0.147099431518625,0.0122030948123663,0.0213548673658166,-0.0859833306492028,0.097277173659126,-0.010926352008054,-0.0380601670925308,0.0419143133180331,0.119782791832568,-0.108256916168703,0.0494333915219651,0.0445845242364004,0.0258879049415224,0.0392162583279509,-0.0818751689706754,0.059367579911977
"12",0.243926091758212,0.259080949952652,0.039942900205272,0.235043385717607,0.0136810452988413,0.061168251286952,0.169046291780773,0.131518158736062,-0.0140223299414347,0.187197294653006,0.0247624914305291,1,-0.0887893027585743,-0.125400579952011,-0.0362264292518512,-0.00161185461142052,-0.0865809535531886,-0.083677302058582,0.0643896732539333,-0.0718172019581767,0.0369857603886472,-0.0519587452062624,-0.226840157271165,-0.16345761154587,0.320291923427086,0.139749110751073,-0.0616582868566514,0.0429696141078966,-0.0163389275519186,0.0384638360333315,0.122603967443885,0.0159503486096502,0.149427000170623,0.160097292632253,-0.0706160253334647,0.0968283739794011,0.16288564124083,0.128120934888108,0.0411852777172933,0.133117340479703,0.167757778299345,0.221279972343331,0.0673337843468309,0.0754479721803514,0.00898562366277188,0.0208889231403002,-0.0487530590778368,0.0287613151743529,0.0397814222886701,-0.0508847296027998,0.0310556822923012,0.137399262056056,-0.216608219300965,0.147931930275748,0.219523261473337,0.126242365088726,-0.146712727321664,0.167497082480141
"13",-0.141250461670326,0.0052454839545575,-0.014843844989943,-0.0082700555791138,0.021392038367728,-0.0584644962012234,0.116728175678881,-0.00697179423451688,0.084597928763735,0.0172157812743607,-0.0670319799579645,-0.0887893027585743,1,0.0897805882116236,0.0158955128771584,-0.00971086570376851,0.261233872613538,0.0364942094183014,-0.0703164283921703,-0.137640706057467,0.0311958360178086,-0.242405593115211,-0.0982691136330534,0.137784853714122,0.13558851235099,-0.0301994203336707,-0.206514924955701,-0.0336159892774801,-0.0224025708710035,-0.0750626571518231,-0.0384437412354759,-0.268083454708662,0.0717139203817845,-0.111766599259855,0.0552728525416729,0.0700462762685105,0.110526834647917,-0.15614746687667,0.194013202103206,0.0869244176809913,-0.102483965445975,-0.0389265473894972,0.272398982917703,-0.142707303418148,0.119342938473549,0.125860926941688,-0.311408100061804,0.0212884995131774,0.626480804151875,0.055373489468552,-0.104970508840613,8.57354462448311e-05,-0.0322009781774272,0.0194100220250772,0.00648140015358054,-0.104557517279387,-0.134236431930839,-0.0614439742865292
"14",-0.0799758328708252,-0.260082213117222,0.0733630726125375,-0.0416467378797531,-0.0435666307781429,-0.143313087982904,-0.0401787800376247,-0.193043778173232,0.109707813891808,-0.0701074700526477,0.130868174955238,-0.125400579952011,0.0897805882116236,1,0.0939925922812167,0.0646996656449211,-0.165438004298988,0.46646045446316,-0.0652355210857001,0.106537701047879,-0.0351217446319466,0.0456019582518755,-0.240434310206444,-0.0859033148378274,0.0974845494811106,0.0427095981135891,-0.14368019506864,-0.0162540997080482,0.235047494251845,0.0526207018665375,0.105174871641148,-0.0708976017766346,0.0285373848174583,0.0139153066382844,0.0317388901912506,-0.0407952086889416,-0.0148399310991544,-0.0785498562329268,0.0560833025365204,0.176240051001513,-0.0633379294398433,0.0588647452468688,0.191688776525767,0.0257095810292777,-0.08824350761321,-0.13442099912251,-0.00828011183763341,-0.0427979937119771,-0.00442347276883699,0.703537710708557,-0.121400100577526,-0.0176755565513636,-0.0610838649665559,-0.0260051942270202,-0.139089515785938,0.060433102538515,-0.0520301415528473,-0.10111693500399
"15",0.0801599914070332,0.0491293007426005,0.0034566253682157,0.0439931463970884,-0.0342031769846635,0.121056771894069,-0.0621109140630494,0.0438423352247856,0.101866578071786,0.149362385326151,-0.013696410591504,-0.0362264292518512,0.0158955128771584,0.0939925922812167,1,-0.0195657512060059,0.0564940099380094,0.0999334227856796,0.101106215295084,0.128166974399959,0.0472381799572998,0.137816346185962,-0.084676532949828,-0.149503049922709,0.0785711906517331,0.0544659824452408,0.0737598047381808,0.104856423891607,-0.0909138111153042,-0.0291157944001462,-0.0395051534524239,-0.0284607856222184,0.111554744501159,-0.0351014140786364,-0.0313909837588966,0.0275585097408563,-0.0550818799432139,-0.141720813614006,-0.0873270731462034,-0.0598200524325991,-0.015674182315043,0.0894351174597527,-0.0289356731730062,0.0842183972997461,0.0908671746364866,0.0354498937370325,-0.0215444091241876,-0.162183660825945,0.0630500599057932,0.21153207429576,0.0906555260860071,0.233044893442338,0.101736207828084,0.0625540059228202,0.272907633061351,0.075656376140324,0.033759952617335,0.0415442671823126
"16",0.0726657700428355,0.109395149654769,-0.00677568285545161,-0.06852797735941,-0.0202707600509972,0.0334341220530924,0.00148922959939502,-0.0418252694036058,0.0981863571894759,0.0250304495518804,0.0849960424078752,-0.00161185461142052,-0.00971086570376851,0.0646996656449211,-0.0195657512060059,1,-0.188100343992794,0.187122603874055,-0.11101428612497,-0.0516857840006653,-0.0981924618050388,0.0480955068265458,-0.0249611315577858,-0.0247882258180322,0.0709672965860058,0.18156350201733,-0.133218101969074,-0.0989967562169204,-0.0921690103309351,-0.0952331911685791,-0.0733653459089698,0.0348597803737903,-0.106829614046418,-2.17322170137427e-05,0.0608577247206121,0.117991613574795,-0.136772312809405,0.176462705130848,-0.178190062130003,0.0605301265291503,0.149097594193122,0.159502910579685,0.0743316319073512,0.044928568535872,0.183974639935865,0.141948012461122,-0.0408983024182943,0.140147734833972,-0.120995876812003,0.0687973224766377,-0.0234433182991251,-0.0137632018982023,0.0565880013099961,-0.00841457800242124,-0.241756468188149,0.097176953653423,-0.198374337296846,-0.132135525065844
"17",-0.212360657833338,-0.0452231606379041,-0.0577730262557032,-0.0528313926549322,-0.0323800858070585,-0.109885644471504,0.0323741259734386,-0.0560359971890772,-0.0599021903026709,0.0457811507822248,-0.325408458309982,-0.0865809535531886,0.261233872613538,-0.165438004298988,0.0564940099380094,-0.188100343992794,1,-0.0150650320243824,-0.155480662990211,-0.10855013225389,-0.0681122330146788,-0.0256871281458538,-0.120712176255729,0.0522346762599711,-0.119209572732942,-0.0674590905816538,0.0535887132013138,0.146678308884517,-0.0640329224872878,-0.0704393789864794,-0.251629217634514,-0.154163773432863,0.0587257972964936,-0.256806032866874,0.0641781997337971,0.118001929681514,0.132120727191176,-0.0968698409345709,0.0234379211565915,0.0655070422633648,0.0844862365661888,-0.0385875568331614,-0.116047595517252,0.0382942877626335,-0.0789024931182968,0.0428100680185322,-0.115052076229125,-0.0554602573716166,0.266009196839107,-0.0331431555443235,-0.231283778815795,0.0413013876568776,0.186477621916282,0.0744714506356288,-0.0823939827337975,-0.0687449930941143,0.110596293054243,0.0529610769113961
"18",0.0391973927557807,-0.0132412236394634,0.0351775451768296,-0.0429622586768693,0.126071965184957,-0.0855861137265857,-0.156133887339016,-0.182125851293604,0.068972166155987,-0.0471630687875006,0.00619846205946044,-0.083677302058582,0.0364942094183014,0.46646045446316,0.0999334227856796,0.187122603874055,-0.0150650320243824,1,0.0115111083337633,0.147276953950595,0.0259182406760623,0.150446289099255,-0.00191280296952673,-0.0900050963865671,-0.092687952578672,0.0079228146307796,0.0121326526249965,0.143322909130761,0.0843342998775728,-0.0290040333895241,-0.027069489368964,0.0758572173830743,-0.052309943800259,0.0186333600415613,-0.174375986109242,-0.0267005791683064,-0.0064368739878328,0.0123635777530699,-0.0695019827263134,0.101106415661896,-0.0501979680639451,0.0225574608049562,0.193354927660951,-0.0089775992806278,-0.25027618292527,-0.283616553198339,0.143108691009255,-0.086051425580474,0.0268991627366388,0.443245893832552,-0.124441159117971,-0.0665537689353664,-0.0215687142436716,-0.148679970612784,-0.0763644037039935,0.118034838205578,0.0151717710239927,-0.117002553035994
"19",0.0363967395007365,0.0663049040942694,-0.140298562219367,0.190300769154287,0.038596142398947,-0.0320708480810159,0.125376236658576,0.0692777304225855,-0.137952916735656,0.153100911136365,-0.0587749530304865,0.0643896732539333,-0.0703164283921703,-0.0652355210857001,0.101106215295084,-0.11101428612497,-0.155480662990211,0.0115111083337633,1,0.300853441596965,-0.0797543868950157,0.0202470904975281,0.0760400656939501,-0.122522378107018,-0.0271854638906206,0.0134845510550696,0.0137805899062698,0.0043494166000223,-0.206048909175404,-0.157282339315718,0.319918180913287,0.267128517973586,0.165339738732949,0.325532795862753,0.0493172822270316,-0.216408774229789,0.0142004949677092,-0.118943115489057,0.114709434392335,-0.10003409508569,-0.0293951719756869,-0.0484938157836407,0.0529212540647766,0.176366254338698,-0.0651443688527658,-0.0326127209310883,0.198618452612811,0.0409773548195811,-0.0634926326906498,-0.0478223623739054,0.234905746588397,-0.0246783911957408,-0.237782763544046,-0.364135355823743,0.126125009558531,0.0375846004656466,0.0967833605455322,0.0680963304417977
"20",-0.0370536606849298,-0.166305278189438,-0.124449037250372,0.0509516615373786,-0.0495372471130468,0.0153771752304858,0.0729147811099713,0.00828936615450183,0.0077199511717596,0.138267423647631,0.139733765487063,-0.0718172019581767,-0.137640706057467,0.106537701047879,0.128166974399959,-0.0516857840006653,-0.10855013225389,0.147276953950595,0.300853441596965,1,-0.00644423551352405,-0.15023536751052,0.0935816542928325,-0.0794087320421827,-0.0501464787274273,0.0723589089363249,0.0912873029641948,-0.0542809079550713,-0.0250380316654899,-0.158636616014045,0.0564154935169656,0.359742916774224,0.0290067257224899,0.0587005717542181,0.110224125258115,-0.0401546949141843,-0.0979565751123872,-0.00570057582653376,0.0357762528826715,0.128017260284057,0.183920993002679,0.0167919245953933,-0.0390731771092368,0.234836016173394,-0.110514167337456,-0.0578610865836067,0.225633690000437,-0.033740212167041,-0.0193103419463552,0.0730369582732418,0.0645891197348568,-0.0384642535964276,-0.102225843989298,-0.149450618615741,-0.045719719139605,0.106929243321529,0.0633335239613869,-0.0217904654815722
"21",-0.133004536729704,0.029385799691341,0.0159924643658666,0.0716173269256477,0.0502399142908758,0.022091419946391,-0.0610235172654529,-0.0027220813669852,-0.211451300193966,0.084092494347562,0.0645419624219496,0.0369857603886472,0.0311958360178086,-0.0351217446319466,0.0472381799572998,-0.0981924618050388,-0.0681122330146788,0.0259182406760623,-0.0797543868950157,-0.00644423551352405,1,-0.0497242787430591,-0.112948187928058,0.00270945673844607,0.105321889677391,0.0940555808837547,0.115909797060273,-0.232599425604819,-0.0294151407951438,-0.0930595421433223,-0.0299684492807528,0.0213756271385816,-0.154228893415515,0.1134007995228,-0.211235623605036,-0.120007543878525,-0.0200099198655221,-0.0776995002852192,-0.00737133510649723,0.0847032834089831,0.0405290119876361,0.167751162355299,0.0649483813325516,-0.0659315502901938,-0.135760363636161,0.167866511601954,-0.0197240336696832,-0.0272311419946233,0.0288074760917316,-0.0141973730816566,-0.0265118306544807,-0.0362373813124915,-0.125193577648937,0.0797646933111905,0.0497119202109302,0.153794822386944,0.150902445155219,0.0415580072151709
"22",0.0955605586914342,0.158566019577836,0.0710453624570407,-0.067017123003345,0.00973935154346321,-0.0507451990688385,0.228722220565122,0.164955901255867,0.0247500099789105,0.148366309255248,0.214939177968451,-0.0519587452062624,-0.242405593115211,0.0456019582518755,0.137816346185962,0.0480955068265458,-0.0256871281458538,0.150446289099255,0.0202470904975281,-0.15023536751052,-0.0497242787430591,1,0.164186634483206,0.0710799043672479,0.127528037216035,0.125177896373048,0.00457749946619711,0.234731886090612,0.153321929347593,0.226096554289205,0.00438844095097945,-0.109711704919378,0.0444105219198703,0.0885143928365137,0.115713584135568,0.0300202986023028,0.179478988407073,0.119355975302125,-0.0296467685605124,-0.157244374942272,-0.226713199870443,-0.068872723950591,-0.0121769780739208,0.0434341069483768,-0.0116365989977503,-0.0426049623526317,0.0324329696743397,-0.016814700819978,-0.149044577089896,0.123161574973132,0.0380914692060814,0.0609159366954483,0.136944703248211,-0.00554250444092122,-0.0459968503955073,0.00914870318792283,-0.112605807658593,-0.03545352116654
"23",0.0762670686204485,-0.0212372950513916,-0.224523922846379,-0.216299664937324,0.0642947944395742,0.0252402562760851,-0.20504075527493,-0.0262950572616217,-0.0449963643947955,-0.167787696381509,0.0722987082809541,-0.226840157271165,-0.0982691136330534,-0.240434310206444,-0.084676532949828,-0.0249611315577858,-0.120712176255729,-0.00191280296952673,0.0760400656939501,0.0935816542928325,-0.112948187928058,0.164186634483206,1,0.0725927914009557,-0.336487804167753,-0.0426228983423424,-0.0848984567493977,-0.0494440920243323,-0.056909064561335,-0.17230990984183,-0.0964932826429002,0.0997186413070752,-0.0513705360533101,-0.0351965333401318,0.00193575764632881,0.108199449704076,0.0900403437540521,0.0672164353359571,-0.0810270473115992,-0.036872879075231,-0.197151179381116,-0.3003535835833,-0.0420902327435022,-0.0803320479338825,-0.0307665394528086,0.0119926897073155,0.0430888327231249,-0.149882279359545,-0.106373644033374,-0.236085519085669,-0.102587872628697,-0.0724598725204131,-0.0667258935359907,-0.0326640892393951,-0.170052657602151,-0.109530735147387,0.138583302231737,0.0130736049516807
"24",0.0395527924316317,-0.00810743296886624,-0.150190066426185,-0.175262849572558,0.179062314780671,0.0263351621645028,0.0725472343250829,0.189246662010715,-0.0320619837492878,-0.176403594698157,-0.0335766738928853,-0.16345761154587,0.137784853714122,-0.0859033148378274,-0.149503049922709,-0.0247882258180322,0.0522346762599711,-0.0900050963865671,-0.122522378107018,-0.0794087320421827,0.00270945673844607,0.0710799043672479,0.0725927914009557,1,-0.155292024601131,0.0301676057299465,0.158113313463768,0.0903253182762572,0.0936458456577161,0.0112596874312605,-0.128325629897571,-0.257067062688648,-0.0373874648762861,0.0624001641341459,0.0825200661818889,0.138474890844857,0.0300684752435688,0.011691472640876,0.147763367236297,0.01305244032148,-0.0984113872198283,0.00905643226154307,0.0479703943612387,-0.0695541356699616,0.0119155957705111,-0.0638430626792729,0.111618789982021,0.0370478163000953,-0.0336754036350416,-0.0253366655361454,0.0529355727987584,0.0311136428195678,0.0121610002979712,-0.0364289892400758,-0.202068177644732,-0.159251634963832,-0.0713132200768966,0.103769487141938
"25",-0.0587147245071297,0.142069506847104,0.231612854503358,0.221966370150121,0.0577306210796366,0.162672042676771,0.309496229064542,0.130029227733689,-0.0172928063235651,0.287839757865957,0.144051400986175,0.320291923427086,0.13558851235099,0.0974845494811106,0.0785711906517332,0.0709672965860059,-0.119209572732942,-0.092687952578672,-0.0271854638906206,-0.0501464787274273,0.105321889677391,0.127528037216035,-0.336487804167753,-0.155292024601131,1,0.23697883528384,-0.0852378389533774,-0.0537199699834742,0.0521236785093933,0.0310217632152092,0.205254112861081,-0.114159176287674,0.10445345425265,0.132976738891487,0.176664323748829,-0.0637964534778758,0.0623164705442566,-0.00332981669865818,0.0878692513440657,0.155261124526358,0.0326831526967585,0.174117104010149,0.228418309934227,0.00580594833751517,0.236329146947902,0.0327178140523029,-0.159978295196382,0.236123828599439,0.0900122122247846,0.232489352231638,0.242546092503304,0.0378309762242765,-0.0514010015333259,0.0578316877961685,0.252905036439144,0.119491059907537,-0.141131719205082,0.074011476167584
"26",-0.219433714833596,-0.197969701897917,0.0276525536315121,0.114681360103055,0.0280389595305264,-0.0722087582357008,-0.00275224652263346,-0.0695967389894337,-0.185584522551096,-0.0258112469757962,0.0743434787681888,0.139749110751073,-0.0301994203336707,0.0427095981135892,0.0544659824452408,0.18156350201733,-0.0674590905816538,0.0079228146307796,0.0134845510550696,0.0723589089363249,0.0940555808837547,0.125177896373048,-0.0426228983423424,0.0301676057299465,0.23697883528384,1,-0.115079610748856,0.00365265419460102,-0.0541747109882871,0.0528972599522598,0.062564906548578,-0.00097323387033851,-0.0520478282625839,0.0941050909410491,-0.0499418912747917,0.033111130098279,0.0949707832126553,0.057000178194432,0.0705289722040314,0.192670547623222,0.132671899690092,0.0635368257298271,0.0725043162451125,-0.169010276971286,0.0228883715234367,0.0434296677319586,0.103207468433863,0.216298062379611,-0.120086468210641,0.066996495099473,0.00794297244186023,-0.137391948866082,0.0613416986369866,0.0126490669826729,-0.0808956802980484,0.0608972485693325,-0.00849560457170894,-0.0515707526945364
"27",0.174215396551641,0.0365311026998452,-0.0450593742733714,-0.05233739529793,0.0413977416595506,0.0875209529997392,0.0153534404578345,0.115392057647225,0.0858567611251413,-0.0110498614349519,-0.0803692366255908,-0.0616582868566514,-0.206514924955701,-0.14368019506864,0.0737598047381808,-0.133218101969074,0.0535887132013138,0.0121326526249965,0.0137805899062698,0.0912873029641948,0.115909797060273,0.00457749946619711,-0.0848984567493977,0.158113313463768,-0.0852378389533774,-0.115079610748856,1,0.235910160923436,0.094379237361315,-0.170476448540403,-0.00800543482366376,-0.0651371702690476,-0.0920633647430686,0.0534342225017399,0.0232897096209054,0.0561647831003982,0.0207979687056652,0.260863734246455,-0.043487158762824,0.0354723569184491,0.0671337156216222,0.102799702504109,-0.0603377748782997,0.101168449921108,-0.00946581850306321,-0.161963431875476,0.181412695977949,0.0543036931597796,-0.0868695189530093,0.0367100888225445,0.118255094180111,-0.077306226878055,-0.0332477087341387,0.0966814700912744,0.125584109802168,-0.112552102687528,0.127612114640468,0.129680774810964
"28",0.105638054040737,0.0826667281653698,-0.0151327039581119,0.0507587528237245,-0.0900033009689092,-0.0976819496417273,0.0485993543828485,0.00692632381601838,0.120083446686199,0.0165915680546662,-0.00207457765189358,0.0429696141078966,-0.0336159892774801,-0.0162540997080482,0.104856423891607,-0.0989967562169204,0.146678308884517,0.143322909130761,0.0043494166000223,-0.0542809079550713,-0.232599425604819,0.234731886090612,-0.0494440920243323,0.0903253182762572,-0.0537199699834742,0.00365265419460102,0.235910160923436,1,0.0573549043391476,0.21185846421168,-0.0838606642452012,-0.0709309678094995,0.0262220518774492,-0.142263033477981,0.0140126456348775,-0.0813927879246785,-0.060745082148885,0.00201784947858297,0.015681490113673,-0.0788826117935674,-0.00912597172596596,-0.0412010538857887,-0.0100690602389298,0.0343147347780032,-0.192023166280796,-0.331847364029942,0.0423828526803379,-0.111717581450137,-0.081306485615991,-0.00382863215542711,-0.0952525957346018,-0.0814308461603671,0.171052651511173,-0.0210975182679865,0.0436115133547678,-0.0941952667382241,-0.0846589266590672,0.304539565007984
"29",0.082975314349454,-0.166830403356306,0.0566963882213211,0.00118184999616319,0.120986599183426,0.0487958842697866,0.0315814033329928,-0.134088598007868,0.100129792922407,-0.106145516973516,0.209061503328292,-0.0163389275519186,-0.0224025708710035,0.235047494251845,-0.0909138111153041,-0.0921690103309351,-0.0640329224872878,0.0843342998775728,-0.206048909175404,-0.0250380316654899,-0.0294151407951438,0.153321929347593,-0.056909064561335,0.0936458456577161,0.0521236785093933,-0.0541747109882871,0.0943792373613149,0.0573549043391476,1,0.2682593896549,-0.0439700117863336,-0.165436141937774,-0.0268329060812577,0.0317035531683129,0.00387616223229223,0.0604233329260171,0.0401473360472746,0.135809345296372,-0.0286770877162242,0.0142187912446321,0.0380716666496915,0.0291522194599666,0.139912329005013,-0.191204446384491,-0.0508951474543965,-0.15238563892698,0.0935781390403362,0.0290452212907882,0.0100365369514621,0.0701514550020663,0.0103197753813703,0.0958674293095503,0.0682506246743658,0.145917827173051,0.0726667786830778,-0.0725127149710534,-0.103816923839507,-0.0797118629426483
"30",0.0260099740593302,-0.0293592963450788,0.227256798232679,0.0195905082688243,-0.0275750182164604,-0.157227042787091,0.0764164729836028,-0.126272609907746,0.0375223370315495,0.0141398455212931,0.0530453184054322,0.0384638360333315,-0.0750626571518231,0.0526207018665375,-0.0291157944001462,-0.0952331911685791,-0.0704393789864794,-0.0290040333895241,-0.157282339315718,-0.158636616014045,-0.0930595421433223,0.226096554289205,-0.17230990984183,0.0112596874312605,0.0310217632152092,0.0528972599522598,-0.170476448540403,0.21185846421168,0.2682593896549,1,0.0670570868850433,0.01773286950405,-0.0501942895262835,-0.104117715619717,-0.096439890367316,-0.0161145942297348,-0.1001750105005,-0.00580861413684276,0.0175041519987039,-0.03544907058639,0.0496785113348409,-0.0346305087122609,0.0408465258402096,-0.0568949918199098,-0.0990910155412014,-0.130954475778128,-0.152584935240698,-0.161903780116833,-0.0365424796458719,-0.0846829123398491,0.0481546908564412,0.218570413368591,0.118938728705418,0.13875948040983,-0.0416045929961721,0.102293983509064,-0.0621716055118391,0.0314294438518582
"31",-0.0113296361812028,-0.0686847802976553,-0.00886401830138639,0.150589839268686,0.00713522960363805,0.0567291878879235,0.0632861925507817,-0.0117703981637587,-0.0968880512403589,0.0109105896846291,0.203480664780014,0.122603967443885,-0.0384437412354759,0.105174871641148,-0.0395051534524239,-0.0733653459089698,-0.251629217634514,-0.027069489368964,0.319918180913287,0.0564154935169656,-0.0299684492807528,0.00438844095097945,-0.0964932826429002,-0.128325629897571,0.205254112861081,0.062564906548578,-0.00800543482366376,-0.0838606642452012,-0.0439700117863336,0.0670570868850433,1,0.00556534029783651,0.107521457142358,0.127808606264947,-0.0546351580455223,-0.0308759233668337,-0.0126512841514745,0.157358968711925,0.0324117674689918,-0.205480096882984,-0.0709272668051872,-0.00685224507738066,0.121200241982213,-0.0928491740460446,0.185358106922241,0.00123775577382445,-0.0243906536487918,-0.0828276289970305,0.0614192405861753,0.0887727122292515,0.219095968245092,-0.0128635257977561,-0.068309701496613,-0.138602934628146,0.0775317469513422,0.131151107078367,-0.0670904127198226,0.0881930064717742
"32",-0.0938341130469488,0.0327939652880748,0.0699550178102122,-0.0174910627721861,0.0159307437179966,0.0990473081320346,0.0579925189067586,0.0525825084889615,-0.289725546076798,0.042768466653508,0.0520118844683687,0.0159503486096502,-0.268083454708661,-0.0708976017766346,-0.0284607856222184,0.0348597803737903,-0.154163773432863,0.0758572173830743,0.267128517973586,0.359742916774224,0.0213756271385816,-0.109711704919378,0.0997186413070752,-0.257067062688648,-0.114159176287674,-0.00097323387033851,-0.0651371702690476,-0.0709309678094995,-0.165436141937774,0.01773286950405,0.00556534029783651,1,-0.108570825749765,0.065280794815655,0.0301749265365692,0.0359657747893753,0.00935731741811945,0.11372906561038,-0.133812635959713,0.0637072566410491,0.0333416358460255,-0.168675735406409,-0.0823718837654781,0.0866753428391274,-0.00147826672834794,0.151419074237774,0.138884258728416,-0.0743732763783146,-0.108941076526478,-0.211934972265017,0.0452456003333843,0.0938455321068808,-0.144636712185061,0.042401718311608,-0.111583641710023,0.188815632131588,0.0435191601628935,-0.156936692101383
"33",-0.0569324646229703,-0.0399611094299779,0.0554076969251932,-0.162923989883854,-0.065690028918447,-0.119205679319597,0.0807588792896207,0.0609266586517413,0.0735506141627244,0.0723118342388149,0.0148459511721826,0.149427000170623,0.0717139203817845,0.0285373848174583,0.111554744501159,-0.106829614046418,0.0587257972964936,-0.052309943800259,0.165339738732949,0.0290067257224899,-0.154228893415515,0.0444105219198703,-0.0513705360533101,-0.0373874648762861,0.10445345425265,-0.0520478282625839,-0.0920633647430686,0.0262220518774492,-0.0268329060812577,-0.0501942895262835,0.107521457142358,-0.108570825749765,1,0.205784166490592,0.0652086454068828,0.101164312894966,0.231275507592985,-0.161902582464046,0.0737478244890284,0.0821648191459119,-0.0468765320650345,0.0768627416550139,0.147287725547502,0.127579541851947,-0.0100902986595833,-0.119763079175058,-0.0935780462310851,-0.0522679865949345,0.118393168446484,-0.00310488143176623,-0.0130366492892538,0.112388953443775,-0.0466214269964565,-0.0426802770482059,0.124067917705627,0.00198726034955097,-0.0987084100044518,0.0656819389247634
"34",0.199802404407593,0.148620562133836,-0.0758404043542602,0.00891212441430059,0.0157743166507643,-0.0927092762881405,0.0739721137338238,0.0855046361419002,0.0200647062031164,0.0905613399702417,0.0389724040120152,0.160097292632253,-0.111766599259855,0.0139153066382844,-0.0351014140786364,-2.17322170137427e-05,-0.256806032866874,0.0186333600415613,0.325532795862753,0.0587005717542181,0.1134007995228,0.0885143928365137,-0.0351965333401318,0.0624001641341459,0.132976738891487,0.0941050909410491,0.0534342225017399,-0.142263033477981,0.0317035531683129,-0.104117715619717,0.127808606264947,0.065280794815655,0.205784166490592,1,0.0399522276854418,-0.0437642924655194,-0.0331997263399274,-0.00754754771227737,0.108507394057503,0.196968719107046,0.133919128414553,0.142826522623249,0.0370277542221577,0.108347960078351,0.153802360866249,-0.0470895579509619,0.143361460670242,0.0396592626054109,-0.092700340901724,0.118480141455431,0.194055215201701,-0.0519435736112026,-0.085968044515137,-0.0325605818527202,-0.00397751951582574,0.108398777187904,-0.108537024216173,0.12094686083892
"35",0.112569562561109,0.0464400790132907,0.100646439580948,-0.0448530685738751,0.125069919236513,0.285216266768943,0.445694565509822,0.184101364165326,-0.0579345271288046,0.0815249624074231,0.0715352840360649,-0.0706160253334647,0.0552728525416729,0.0317388901912506,-0.0313909837588966,0.0608577247206121,0.0641781997337971,-0.174375986109242,0.0493172822270316,0.110224125258115,-0.211235623605036,0.115713584135568,0.00193575764632881,0.0825200661818889,0.176664323748829,-0.0499418912747917,0.0232897096209054,0.0140126456348775,0.00387616223229223,-0.096439890367316,-0.0546351580455223,0.0301749265365692,0.0652086454068828,0.0399522276854418,1,0.052125122935162,0.328747194251954,0.0451767181358882,0.0869681957460464,0.18869581256936,0.139034311914905,0.157767431900076,0.0421032965812286,0.166278578071966,0.330888212259687,0.225867650299616,0.0652186802229161,0.139527255041796,0.0673497932046508,0.162027779197034,-0.0113691416926602,0.110890966314412,0.0366210885372382,-0.0044313743742699,-0.00712615417094626,-0.0872125845593652,-0.0503955272164953,0.148936687284756
