"","l_Insular.Cortex","r_Insular.Cortex","l_Amygdal.Area","r_Amygdal.Area","l_Bed.Nucleus.of.the.Stria.Terminalis","r_Bed.Nucleus.of.the.Stria.Terminalis","l_Hippocampus","r_Hippocampus","l_Orbitofrontal.cortex","r_Orbitofrontal.cortex","l_Entorhinal.Cortex","r_Entorhinal.Cortex","l_Frontal.Association.Cortex","r_Frontal.Association.Cortex","l_Globus.Pallidus","r_Globus.Pallidus","l_Glomerular.Layer.of.the.Accessory.Olfactory.Bulb","r_Glomerular.Layer.of.the.Accessory.Olfactory.Bulb","l_Glomerular.Layer.of.the.Olfactory.Bulb","r_Glomerular.Layer.of.the.Olfactory.Bulb","l_Granule.Cell.Level.of.the.Cerebellum","r_Granule.Cell.Level.of.the.Cerebellum","l_Hypothalamic.Region","r_Hypothalamic.Region","l_Entorhinal.Cortex","r_Entorhinal.Cortex","l_Vermix.Molecular.Layer.of.the.Cerebellum","r_Vermix.Molecular.Layer.of.the.Cerebellum","l_Lateral.Molecular.Layer.of.the.Cerebellum","r_Lateral.Molecular.Layer.of.the.Cerebellum","l_Anterior.Olfactory.Bulb","r_Anterior.Olfactory.Bulb","l_Posterior.Olfactory.Bulb","r_Posterior.Olfactory.Bulb","l_Subiculum","r_Subiculum","l_Perirhinal.Area","r_Perirhinal.Area","l_PreLimbic.System","r_PreLimbic.System","l_Primary.Cingular.Cortex","r_Primary.Cingular.Cortex","l_Primary.Motor.Cortex","r_Primary.Motor.Cortex","l_Retrosplenial.Cortex","r_Retrosplenial.Cortex","l_Secondary.Cingular.Cortex","r_Secondary.Cingular.Cortex","l_Secondary.Motor.Cortex","r_Secondary.Motor.Cortex","l_Striatum","r_Striatum","l_Ventral.Tegmental.Area","r_Ventral.Tegmental.Area","l_Substantia.Nigra","r_Substantia.Nigra","l_Thalamus","r_Thalamus"
"1",1,0.421553546140269,0.093358300516208,0.127725792457128,-0.134339847288546,-0.0337230168820249,-0.0240604714346337,0.211554770031488,0.356413215565107,0.0625230084968347,0.245336228342034,0.221298847551419,-0.0938240787420731,-0.0852672193596279,0.231750858244002,0.044551969768189,-0.108550969956638,-0.0303021573701563,-0.216370421940153,0.0940689850610707,0.142999534997264,0.0642817353310002,-0.122927928318577,0.129168173232031,0.0172405977043481,0.0177628087140488,0.093263356144917,-0.00470171495289006,0.0348359800008024,0.253793232373082,-0.174059410456159,0.114236302471289,0.141449185544918,0.362353380749073,-0.0396544290353354,0.0495898784219343,-0.0300625295500089,0.178651923777399,0.0222950878643065,0.232041180516276,0.0157077535440771,-0.0328388160140833,0.258867628243,-0.0613759597584952,-0.159625776599676,-0.123726605993536,-0.0581750662024419,-0.0192165984256136,0.17464009689685,0.030849761016951,0.157896132208323,0.145212108433222,0.0590913119789724,-0.00101614584584583,-0.0499399200758158,-0.158029205721156,-0.124996461479202,-0.130276793743859
"2",0.421553546140269,1,0.106857927646646,0.154362463660576,-0.236203846571402,-0.0732716646219852,-0.121629353559038,0.0212015562157815,0.371342048053168,0.32631871100865,0.0730111035192226,0.130737665483026,-0.161422095067514,-0.131512132395267,0.215461372312022,0.145155762097041,-0.181562020924177,-0.0678879705401264,-0.14494820168918,-0.236258697684246,0.151662611501775,0.130900357664724,-0.182119228235186,-0.0859011223579211,0.0379218852912103,0.100298897511269,0.119614953311275,-0.00995956053019751,0.03370095691113,0.0370742998733472,-0.108112352463944,-0.125125137301242,0.181563457597998,0.416580125346846,-0.157409831863357,-0.0265037162650535,-0.0790763726273485,-0.00888262589936941,0.0273255991267063,0.292253175324787,-0.144026202016522,-0.116826462716404,-0.0254742290184654,-0.0722089021747305,-0.140674818769895,-0.08207672447208,-0.00920230626305022,-0.104421692257774,-0.023538493368228,-0.060823492006405,0.192374505919522,0.0410846413145107,0.0879980884511321,-0.118485043742602,-0.140425353168242,0.0449208222014658,-0.2005425660531,-0.132108081164104
"3",0.093358300516208,0.106857927646646,1,-0.0108173694642481,-0.0950592925846207,-0.090786667665694,-0.195799245594599,0.0909519175093755,-0.00049424872619219,0.0440788811822492,0.0922183519894115,-0.0502804320142373,-0.25901211486862,-0.234141494153187,0.0636314018784823,0.155844697598173,-0.0346795835016228,-0.141081410374912,-0.0879888113356951,0.100883710302949,0.199470263575486,-0.0484499049653734,-0.23712657973153,0.127259117502046,0.0443966777040969,0.0312372316363767,0.0533359607309706,0.0163365483176234,0.194057795228745,0.201166525007367,-0.329450773951314,0.0319586460697556,-0.0526609540458017,0.0636472991686419,-0.05886486318933,-0.11916295157,0.00561987115325999,-0.0375044522112872,-0.237983239454972,0.135004170706892,-0.118027428945331,-0.184596059591869,0.0777485276450733,-0.26554080250903,-0.132816281223383,-0.0150971792920506,-0.0702286933357744,-0.150191094891789,-0.10050635651517,-0.154283838342921,0.0258104036475854,-0.182015185492811,0.10281475801694,-0.00205211835788137,-0.0615295691345322,0.125026778576115,-0.142745577714229,-0.156598597193807
"4",0.127725792457128,0.154362463660576,-0.0108173694642481,1,0.098846797639071,0.103277057142929,-0.00388684350964592,0.17300183921664,0.092537650288384,0.0159407309765306,0.109342135027232,-0.0397979387690002,-0.128750115231429,-0.109164726417522,0.125252054812135,-0.0487873161495917,0.0302624104943872,-0.0882053319203383,0.0794388660752377,0.100252423345886,-0.129412214562016,0.159507214091198,0.00381425188111018,0.065758633007699,0.135131440275498,0.0232179900188504,0.220347995680958,0.0247053122606271,0.086362755416277,0.0807646699828216,0.0141915519751156,0.0522126706183398,0.109736536338375,0.0839646102606934,-0.0286995472855454,-0.00975999230036563,-0.100205039914342,-0.0863874853520658,0.0647895144140438,0.0250415503404588,-0.0232100676051272,0.0613960534166669,0.120766311589509,0.0185516780725325,0.111144760980343,-0.130870275543142,-0.0473436587168989,0.0142438810884007,0.0593982050673797,-0.00946231660641718,0.0994948210287674,0.168530651406296,0.121079593907753,-0.00133687149481115,-0.0708569207400438,-0.026914256155199,-0.219981828549741,-0.0847186831609973
"5",-0.134339847288546,-0.236203846571402,-0.0950592925846207,0.098846797639071,1,0.171140112545568,0.245513097837085,0.192787888907869,-0.194706164879108,-0.168559656528522,0.10237249465819,0.131244603844757,-0.0575342054275119,-0.0434959025413524,-0.17029359746402,-0.0352497036935342,-0.104292913569982,0.117811426737827,0.0463862810203998,-0.0170902518776505,-0.0753175555855854,-0.0877882982797336,0.139673697380338,0.0555434255562559,0.161672215859325,-0.0378801357142473,-0.110567432024427,-0.155803048387615,-0.0130755667082654,-0.0205646330674066,0.114413628735759,-0.0537139752114646,-0.0717773937565476,-0.128834182283046,0.0262788404505521,-0.0514602876956071,0.0467313495343905,-0.234851925974367,0.020483119895389,-0.0182432925518548,-0.0258482229367773,-0.0826913644853726,0.114473452988816,0.0276179508496066,-0.0533566039939282,-0.169730208274614,-0.0419413251304245,0.0351103204334637,0.0656469690355695,0.0238833796720002,-0.0307770996398492,0.0405840657449404,-0.0758773513625719,-0.0986406351991689,-0.103686856073055,0.00910069105650894,0.0895573078455393,-0.0182149182843265
"6",-0.0337230168820249,-0.0732716646219852,-0.090786667665694,0.103277057142929,0.171140112545568,1,0.090540456077387,-0.0279155306745039,-0.0834809912337283,-0.104553382267571,0.0396256478098712,0.0260071769375695,-0.00611451748856137,0.0870682510808429,-0.21682133652983,-0.131733707680503,0.0144920359822689,0.0138232154352223,-0.097684248701766,0.00160371902181275,-0.200106591220375,0.0663626375638973,0.234228892505914,-0.132018204271956,0.0702631809368809,-0.197274644852336,0.041387731948454,-0.139601529303785,0.0882784553746591,-0.0678786482118291,0.0177696381502523,-0.0202330612356058,-0.0658638741000671,-0.0882827634459019,0.106966928024534,-0.174734761880955,-0.0641794508720617,-0.228165642452671,0.0219478120831889,0.0358001435962034,0.078864186431937,0.184626475478427,-0.0732316739275075,0.0613278455435798,-0.0438407071478647,-0.121121012839213,0.0913704521542898,0.0826146051522473,0.0412805522305506,0.279337333255032,-0.139285531410115,-0.0666823763740492,-0.101457918108675,-0.144994469931295,0.0869528992987261,0.0197065856716755,0.167866242550249,0.16150338569268
"7",-0.0240604714346337,-0.121629353559038,-0.195799245594599,-0.00388684350964592,0.245513097837085,0.090540456077387,1,0.0422415238041814,0.0155691034118904,-0.0608476487066908,-0.181767907574001,0.169739631933825,0.0769892441695399,0.0242057528584284,-0.0934762354415209,0.192338564749265,0.00686886263547611,0.0760045789712148,0.0597932408895949,-0.0307352076080691,-0.0064691984163514,-0.0404795895906397,0.198864597981593,-0.0914479113305794,-0.00812779867815448,0.260446547108944,-0.143808278300843,-0.103302175910568,-0.0523229387384832,-0.164816096630162,0.0308729162596501,0.0894823499616169,0.0928320736466836,0.0795672539857935,0.0987760702515602,-0.172642853186832,0.0812615731824017,-0.199166703496058,0.180948905423065,0.0600877671156739,-0.0975380152016515,-0.10409275719075,-0.0570035080549556,-0.0234508039872094,0.00107765336545651,-0.0850678172210168,0.0104452313979118,-0.038069300855491,0.102034144272017,-0.0211254642165072,-0.170718057983597,-0.0479775118946527,0.0809156073858738,-0.0535554994639648,0.230203681523247,0.131463447628732,0.113837702807532,-0.0977737176170119
"8",0.211554770031488,0.0212015562157815,0.0909519175093755,0.17300183921664,0.192787888907869,-0.0279155306745039,0.0422415238041814,1,-0.15532317138579,0.0260377339999825,0.107542249966829,-0.0482746357967726,-0.131975933450521,-0.183122264343366,0.0378735066017184,0.0586523012792043,0.0665288079086908,0.0678257545229267,0.0162757100436004,-0.0352324381456485,0.061238907116243,0.0950344879735254,0.134793084664371,-0.0497596342501181,-0.0610803425524403,0.139803034579485,0.129771037654631,0.217669721691902,0.0277395960370034,0.0591906327718986,0.0296252102834599,0.0398017398590524,0.0915470646973534,0.0724389024705011,-0.134496112608484,0.133682958510587,-0.143795273910555,-0.11343991419234,-0.102074238700119,0.0369139177144694,0.0922653032506034,-0.163039953906249,0.151670805814039,-0.0284172319718306,0.0788595257682872,0.0458691909268,-0.0395676593553713,-0.0513760830840972,0.217550519405583,-0.0733277194336085,-0.0646325495856435,-0.189901131074135,0.115468832788244,0.133532462319018,-0.186971860424839,0.0595637040383269,0.0220552562409866,0.0126022367353462
"9",0.356413215565107,0.371342048053168,-0.00049424872619219,0.092537650288384,-0.194706164879108,-0.0834809912337283,0.0155691034118904,-0.15532317138579,1,0.224093853903113,0.00051021032540019,0.19246110035365,0.143358447046507,-0.0367008716858044,0.194523335651425,-0.0798733176929321,-0.159319009203943,-0.126641868855207,-0.123094464862743,-0.0618147884386985,0.106039149573009,-0.011761162964457,-0.0312353717309971,-0.021771786004398,-0.0489315991558168,-0.0147445150110699,-0.0642352842845739,-0.0914734043030588,0.055058017124849,0.0802443462564746,-0.0477210128483112,-0.0645517848232783,0.164503845318744,0.233780753882208,0.00251851012412041,-0.170374343356217,-0.0200186019580432,0.15312257932502,0.12333628932582,0.210743776431846,-0.075158532962561,0.00667158697841275,0.0281564508450915,-0.0921068188564527,-0.0632208054921266,-0.0460547921385455,0.172001145554075,0.0450917698681014,0.0688847404393147,-0.0251313626083898,0.0516018888749782,0.340585316087192,0.0728963797026193,-0.0869698636997271,0.0358631427370177,-0.192520184694475,-0.0319972232003193,-0.0533091437146447
"10",0.0625230084968346,0.32631871100865,0.0440788811822492,0.0159407309765306,-0.168559656528522,-0.104553382267571,-0.0608476487066908,0.0260377339999825,0.224093853903113,1,-0.116862972869066,0.173705222279748,0.0180473838883129,-0.10247142038746,0.0718625856391525,-0.00575363228888166,-0.165683226035338,0.131025387585159,-0.155955356258371,-0.116406914088894,0.0132388937386473,0.0783729523814568,-0.145298656056892,-0.0466545773412124,-0.0461231406230875,0.0103870207259968,0.0575744463207294,-0.0321259781502142,0.144567547038792,-7.73033330901198e-05,-0.0504256153536874,-0.0660311897104102,0.0172681773895261,0.21832681810831,-0.0845717937711605,-0.0223901838028983,0.155371264079845,0.120999588158347,0.0973722807253662,0.154956538082897,-0.0853222288211385,-0.252337906923003,-0.219533594269232,-0.151327764176599,-0.145581401320905,0.0122404031503948,-0.012530743646251,-0.0399728379133013,0.00296730387833458,-0.167155038086393,0.00860900531391996,0.00995977847811178,0.0864319249191664,-0.232847533398147,-0.204597070933061,-0.169995852048216,-0.0857450570180823,0.00784056329866192
"11",0.245336228342034,0.0730111035192226,0.0922183519894115,0.109342135027232,0.10237249465819,0.0396256478098712,-0.181767907574001,0.107542249966829,0.00051021032540019,-0.116862972869066,1,0.14001662637758,-0.206039063243225,-0.00948701414184582,0.0283390759570326,0.128796204802791,-0.10010653689042,0.115972528580017,0.0620433890055652,0.128940680616114,-0.0641996399748117,0.152345000664199,-0.111442553891521,0.180566951122871,0.0717196333304073,-0.101585235262363,0.333048027837098,0.108213596904817,-0.0498412934927371,0.115160811858296,-0.0844024390526186,0.0370305275082949,0.249447343222538,0.356288289025495,-0.239893077124203,-0.0602892081502534,-0.0893307269226334,-0.12601326239754,-0.00055815193111258,0.218328121898557,-0.0180646173645337,0.0430737832500221,0.199531334367959,0.210670080308313,-0.271728966728685,-0.198613171685258,0.0905418442153703,0.119799594028013,0.0879464346412325,0.168303610764375,0.121177443291136,0.12511799733587,-0.0335173552248412,0.0716368245237665,-0.154513193626498,-0.0573269573159718,0.0343804823783712,-0.0834387884524252
"12",0.221298847551419,0.130737665483026,-0.0502804320142373,-0.0397979387690002,0.131244603844757,0.0260071769375695,0.169739631933825,-0.0482746357967726,0.19246110035365,0.173705222279748,0.14001662637758,1,-0.0128864074386816,-0.0375827086265047,0.0314355783690311,0.10058248742457,-0.110302330144288,0.0697222637269521,0.0332682428816131,-0.0687648915103612,0.0770443236744776,0.184670949828223,0.0839004217014913,0.123310704465068,0.122847254646863,-0.0720651840773253,-0.0189229864749583,-0.0178866655051598,0.0693650541989663,0.0724667632038262,0.078320201938437,-0.0767230537754063,0.187591853092045,0.319437672645833,0.0707747954793668,0.034869912059293,0.06438918171553,0.0484873062691912,0.110767659959922,0.232779117261347,-0.133324944919852,-0.0548030010132287,0.126815149386259,0.209696954089552,-0.171251341505574,-0.174365832753696,-0.0817625347946873,-0.1662671401116,-0.013468664383324,-0.0938849334773218,-0.0170157615858922,0.166379368855393,0.143982175657945,-0.0822703459831669,-0.0330968362756052,-0.183240356951658,0.0228770663411571,0.0746143780424514
"13",-0.0938240787420731,-0.161422095067514,-0.25901211486862,-0.128750115231429,-0.0575342054275119,-0.00611451748856137,0.0769892441695399,-0.131975933450521,0.143358447046507,0.0180473838883129,-0.206039063243225,-0.0128864074386816,1,0.261591545419218,0.0356217719064722,-0.0885708118222469,0.148320734117025,-0.0601179631323552,-0.118339081550923,0.0965367316686958,-0.0442668402302636,-0.0105468949741747,0.0506368168868616,-0.0550702920920751,-0.104725167153963,0.0492448393926562,-0.261148270415645,-0.0292233120281921,-0.0508538747914549,-0.185729683774604,0.0828177996749314,0.115529360988977,0.0206613832171063,-0.04773630242361,0.0202286166309337,-0.108143052934843,0.0547703347421806,0.0785204906674061,0.0381969694337581,-0.0599226286443254,0.107363238541549,0.123561352487965,-0.177502675651095,0.0404742007789137,0.178275039361972,0.238257538835796,0.175284430534018,0.132806983592722,0.379525213647574,0.107309601571226,0.00191966266502252,0.194257139470299,0.0544342670371149,0.0555746217619619,0.0955728836669682,0.00335853154337708,0.0612438582097596,0.0889862853983938
"14",-0.0852672193596279,-0.131512132395267,-0.234141494153187,-0.109164726417522,-0.0434959025413524,0.0870682510808429,0.0242057528584284,-0.183122264343366,-0.0367008716858044,-0.10247142038746,-0.00948701414184582,-0.0375827086265047,0.261591545419218,1,-0.0133514273419698,-9.19231726473486e-05,0.147835383311795,0.358437149775866,0.155427077670618,0.0511268683971417,-0.0747639483827215,-0.0123809951736373,0.104565883789562,-0.135986035560939,-0.036362745779686,-0.140640048534246,-0.142099430120538,-0.125583833574566,-0.0738898926414157,-0.0230313254284891,0.0466208791695734,0.0327312200146453,-0.20330450086521,-0.0322197330450612,-0.0308952767340524,-0.0132734937626467,0.111119144097167,0.123217400038223,0.13910352325991,-0.0402678281032726,0.0840733306863178,0.167912587841243,-0.00552200461231461,0.22212533295434,-0.057215428964585,0.0673652508911791,0.103322225031841,0.105045022959627,0.0315228204447613,0.383020898331468,-0.0110494734402049,0.126153784176583,-0.162769152744948,0.0829820201177315,0.0583203560801768,0.0877090006833773,0.215433258208067,0.119872705272867
"15",0.231750858244002,0.215461372312022,0.0636314018784823,0.125252054812135,-0.17029359746402,-0.21682133652983,-0.0934762354415209,0.0378735066017184,0.194523335651425,0.0718625856391525,0.0283390759570326,0.0314355783690311,0.0356217719064722,-0.0133514273419698,1,0.13642209180536,-0.0586054071247551,0.0406025245249385,-0.242021069445741,0.12266862843203,0.233384706534011,0.238949461510768,-0.0765249500279554,-0.0524383320946147,-0.1291357063013,0.0901783549067387,-0.075369350825277,-0.197245090431789,0.079701874356522,0.0324977474529494,-0.102680894673936,0.0748746351277251,0.123262040715457,0.0654437114634815,-0.10863871185827,0.0635436039507399,0.0607922357219152,0.144041945301686,0.0200187335064163,0.0295080464449944,-0.129000065472736,-0.023888455354383,-0.178799679564832,0.0412004476095741,-0.0971240703759188,-0.108321942104465,-0.0570793653262518,0.0380941916984189,-0.0961005437728723,0.171569818525673,0.304020826563018,0.254136268078871,0.00664898615479055,-0.00656910075477829,-0.157040751698476,-0.17424395103053,-0.208538667883058,-0.20298781581703
"16",0.044551969768189,0.145155762097041,0.155844697598173,-0.0487873161495917,-0.0352497036935342,-0.131733707680503,0.192338564749265,0.0586523012792043,-0.0798733176929321,-0.00575363228888166,0.128796204802791,0.10058248742457,-0.0885708118222469,-9.19231726473486e-05,0.13642209180536,1,0.102180683806829,0.106868278815918,-0.0266555100817505,0.0263257922971767,0.126599666119436,0.103081013861206,-0.0873837818570401,0.0708436088330479,-0.0692734172796323,-0.00394494334172654,0.013963370307773,0.0512876465161477,0.242042623565223,-0.0487580869871842,-0.0439799629980891,-4.44303572756306e-05,0.0502161884668045,0.311506459349217,-0.0139865510558844,0.0314079512145305,0.0493430243695977,-0.0461120025556415,0.0860126480491501,-0.00068595434605506,-0.133807103700153,-0.0676432118716014,-0.0565946959263111,-0.0511787045719409,-0.00436244789008645,0.114793378009079,-0.103667331183237,0.0272965028786238,0.0418079261091215,-0.0533925457554987,0.0571107165666363,-0.0197875051861876,-0.0435914375440078,0.0521544851103488,-0.07296052935053,0.311996120313829,-0.0844173446782976,-0.0242296489723323
"17",-0.108550969956638,-0.181562020924177,-0.0346795835016228,0.0302624104943872,-0.104292913569982,0.0144920359822689,0.00686886263547611,0.0665288079086908,-0.159319009203943,-0.165683226035338,-0.10010653689042,-0.110302330144288,0.148320734117025,0.147835383311795,-0.0586054071247551,0.102180683806829,1,0.0697905195798188,0.158076971220113,0.194446374246501,0.0357821775205638,0.0632976752530035,0.0270349498934913,-0.0468025074006996,-0.0958662593751303,-0.0521879023805632,-0.00784633440665101,0.0718356475090686,0.027755460971239,-0.0967318573014727,0.215817496005427,0.15755260839853,-0.0448440682523291,-0.0434109531171236,0.0606490412958429,0.0528172119137107,-0.0858328777391956,0.0377971334319821,-0.112090767375007,-0.0719363631463249,0.195772026969321,0.0652167954381458,-0.0411622954695647,0.105337653698091,0.13958211244155,0.32600674376868,-0.0599990587071719,0.0721320060404974,0.290994694684597,0.0762207850930426,-0.0945273096372045,-0.0694921327114553,0.132025846606528,0.0248196793258724,0.0370614767399814,0.0160092720024187,0.181280246894125,0.168147262138581
"18",-0.0303021573701563,-0.0678879705401264,-0.141081410374912,-0.0882053319203383,0.117811426737827,0.0138232154352223,0.0760045789712148,0.0678257545229267,-0.126641868855207,0.131025387585159,0.115972528580017,0.0697222637269521,-0.0601179631323552,0.358437149775866,0.0406025245249385,0.106868278815918,0.0697905195798188,1,-0.0183643631802665,0.0240964767878771,-0.0969061747682423,0.0524951287725863,0.0423090570773264,-0.0224522077553745,-0.017072138645428,-0.0464272877817224,0.0449312979166176,0.0365639343553094,0.0362689101507367,0.0421930397302118,0.0975457833979668,0.175902119715052,-0.0673429214812909,0.114942485683675,-0.0272059923415607,0.0925257022517781,0.0337843224296844,-0.0640498391764325,-0.0255447530023259,0.0691527322959241,0.0329794598108539,-0.0999976592194623,-0.0339370517865026,0.0838993917989499,-0.00371510385442444,0.0987550527954792,-0.0141542066175096,0.0451729374585089,0.0809032036039874,0.37486095074245,-0.0236549389823174,0.0674794020420434,-0.142530989485027,0.0567608163979517,-0.0387528266510353,-0.220126005262857,0.174616323521032,0.0162955245192179
"19",-0.216370421940153,-0.14494820168918,-0.0879888113356951,0.0794388660752377,0.0463862810203998,-0.097684248701766,0.0597932408895949,0.0162757100436004,-0.123094464862743,-0.155955356258371,0.0620433890055652,0.0332682428816131,-0.118339081550923,0.155427077670618,-0.242021069445741,-0.0266555100817505,0.158076971220113,-0.0183643631802665,1,-0.0510191296424898,-0.207566595821547,-0.0163291085761192,0.0601318860290678,0.0152638181005516,-0.0479977061751741,0.0827603568152897,0.155399233577233,0.369684846195771,-0.0778226768716165,-0.0319975243382825,0.470917825314331,0.117359336228684,0.051629921851131,0.0147364197744005,0.0159404982535205,-0.0287499577314166,-0.0918367685786781,-0.0122757381776586,0.031458169126376,-0.112026002950166,-0.213929213108517,-0.123546685660264,0.188274076616108,-0.0623507389094535,0.122647969562697,0.13140015010578,-0.0690720737971779,-0.07841685606308,-0.0145322489433189,-0.076995315800395,-0.169437002067035,0.0806542589008984,-0.082654180021377,0.0865063504610866,0.0306424032097606,-0.0549536480849792,0.0324411087906877,-0.077546487882834
"20",0.0940689850610707,-0.236258697684246,0.100883710302949,0.100252423345886,-0.0170902518776505,0.00160371902181275,-0.0307352076080691,-0.0352324381456485,-0.0618147884386985,-0.116406914088894,0.128940680616114,-0.0687648915103612,0.0965367316686958,0.0511268683971417,0.12266862843203,0.0263257922971767,0.194446374246501,0.0240964767878771,-0.0510191296424898,1,-0.0185887487923487,0.193886750831504,-0.217043215344561,-0.0455837213972431,-0.00616060635650155,0.0580979590850477,-0.158916444482456,-0.0916460791296244,-0.0864117909876649,0.0465386308949508,-0.0434720173634945,0.220584746535188,-0.183521766623752,0.033829426337515,0.0924037417826546,0.163051668744564,0.00516250979893367,0.149340644399145,-0.171740304700969,-0.252010891026039,-0.0199487384238704,-0.152229124955022,0.090874886820808,-0.147278545509249,-0.0676975870988872,-0.128680885086514,-0.0563682780693192,0.0770903861163662,0.0451384672338007,-0.102326850842665,0.0661412779897626,0.0829525320332373,-0.184921291811556,0.139644425958895,-0.00687368885915782,-0.136563372613128,0.120144523471037,-0.071664184295105
"21",0.142999534997264,0.151662611501775,0.199470263575486,-0.129412214562016,-0.0753175555855854,-0.200106591220375,-0.0064691984163514,0.061238907116243,0.106039149573009,0.0132388937386473,-0.0641996399748117,0.0770443236744776,-0.0442668402302636,-0.0747639483827215,0.233384706534011,0.126599666119436,0.0357821775205638,-0.0969061747682423,-0.207566595821547,-0.0185887487923487,1,0.151197039490648,0.0504967219307267,-0.1200560966847,-0.0149253470615285,-0.215852660074263,0.141588749489827,0.0735472251055509,0.110014684719729,0.0737871845268103,-0.131132095633857,-0.0642530280406539,0.0351427792418456,0.122856621959778,-0.0964528085038888,0.205694038810165,-0.00836532459640087,-0.0121647773307505,0.0516084159385554,0.170891787426335,-0.0590834517716246,-0.0744626381972377,-0.0146618269336913,0.144565170685502,-0.0831160509877816,0.021836356639167,-0.109212013090301,-0.111271362669398,-0.129226409683141,0.0881631899961259,0.0106960879168815,0.0580842419490113,0.159275635912679,-0.0589726086783884,-0.0181290802136719,0.138177260424292,-0.126472847073473,-0.186074715543609
"22",0.0642817353310002,0.130900357664724,-0.0484499049653734,0.159507214091198,-0.0877882982797336,0.0663626375638973,-0.0404795895906397,0.0950344879735254,-0.011761162964457,0.0783729523814567,0.152345000664199,0.184670949828223,-0.0105468949741747,-0.0123809951736373,0.238949461510768,0.103081013861206,0.0632976752530035,0.0524951287725863,-0.0163291085761192,0.193886750831504,0.151197039490648,1,0.0604177057328324,-0.197724559986845,0.00899608153545906,0.098534602818594,0.156391603472787,0.142568866719996,0.0893844587780434,-0.0560283486569289,-0.0431856917481884,-0.0614748021072929,0.108689029958353,0.200355579519218,-0.0180728477236757,0.0786759520142169,0.041225841474189,0.0974379364341603,-0.0008946230453804,0.0261971747879782,-0.135106826219552,-0.122621499820123,-0.0626051830322342,0.0126463251252466,-0.0957038727345587,0.07273191080053,-0.0688785022595601,-0.0775867435647293,-0.0682736062623185,0.0092587618528968,0.079954186302358,0.102991438401123,-0.00678298260874987,0.0938067813494659,-0.191209377678666,-0.0244852481529816,-0.133992190032292,-0.0855621379781697
"23",-0.122927928318577,-0.182119228235186,-0.23712657973153,0.00381425188111018,0.139673697380338,0.234228892505914,0.198864597981593,0.134793084664371,-0.0312353717309971,-0.145298656056892,-0.111442553891521,0.0839004217014913,0.0506368168868616,0.104565883789562,-0.0765249500279554,-0.0873837818570401,0.0270349498934913,0.0423090570773264,0.0601318860290678,-0.217043215344561,0.0504967219307267,0.0604177057328324,1,0.0937790057278021,-0.0353194771263154,-0.0630051399244451,-0.0875580146241472,0.18619152506267,0.0177021444846183,-0.0507983978672283,0.134606200483429,0.0231237530346292,0.0100399342238605,-0.0903325608162238,-0.00938462607980312,0.0132103412468161,0.10866283668231,0.0476618568344442,-0.00650305240412983,-0.22696669297756,-0.00449768171761834,0.0298527097977268,-0.0475672334943661,0.123051303750447,0.118222571582124,0.0573985624757481,-0.0691818683993862,-0.0113963601150859,0.111096042016316,0.0774729791380593,-0.189064308403276,-0.145814672920111,0.188692888116287,-0.105231544011932,0.169736051585972,0.0437518737068721,0.0768336572254073,0.0616471683618118
"24",0.129168173232031,-0.0859011223579211,0.127259117502046,0.065758633007699,0.0555434255562559,-0.132018204271956,-0.0914479113305794,-0.0497596342501181,-0.021771786004398,-0.0466545773412124,0.180566951122871,0.123310704465068,-0.0550702920920751,-0.135986035560939,-0.0524383320946147,0.0708436088330479,-0.0468025074006996,-0.0224522077553745,0.0152638181005516,-0.0455837213972431,-0.1200560966847,-0.197724559986845,0.0937790057278021,1,-0.113612205554905,-0.147698896261293,0.0963274200908565,0.0575413890345811,0.0409865077775184,0.0451213725194086,-0.0434291433061905,0.014054261145599,0.0808207484271554,0.0548485836378542,0.0921193280295098,0.00689563936007791,-0.00289589547584115,0.0372480229242537,-0.0523219889243991,-0.113048296752426,-0.0639935195849053,-0.0688481073160209,0.160989235871192,0.0516718582079262,-0.0709775741911626,-0.0642891704385806,-0.162514578545721,-0.179647811220208,0.171890985827557,0.0150471059863337,0.0620223145572124,-0.088664138774541,0.141045453152402,0.103062824137908,0.221859649143297,0.157791834548357,-0.174282581251589,0.147132832961125
"25",0.0172405977043481,0.0379218852912103,0.0443966777040969,0.135131440275498,0.161672215859325,0.0702631809368809,-0.00812779867815448,-0.0610803425524403,-0.0489315991558168,-0.0461231406230875,0.0717196333304073,0.122847254646863,-0.104725167153963,-0.036362745779686,-0.1291357063013,-0.0692734172796323,-0.0958662593751303,-0.017072138645428,-0.0479977061751741,-0.00616060635650155,-0.0149253470615285,0.00899608153545906,-0.0353194771263154,-0.113612205554905,1,0.00042292625256878,0.0693832171082711,0.0617251204039068,0.115105716528479,0.256292895784218,-0.12633168096498,-0.0460487929276371,-0.089544360509439,-0.0290146028349669,0.10762581316895,-0.0135626916978914,0.093907113286213,-0.0341609777090276,0.036953570585311,0.0198913234203325,0.102127956013193,0.0850934983593842,0.0280586436958316,0.0348030024268425,0.00470315866964978,0.0325961170675257,0.109073662278401,0.204020845106339,0.117614002484393,-0.0231995783629921,0.016252330870866,-0.0213691418785703,0.0817954224756578,-0.0389549383404718,0.0299042852065799,0.0383839029570926,-0.105491411751111,0.0919363251409642
"26",0.0177628087140488,0.100298897511269,0.0312372316363767,0.0232179900188504,-0.0378801357142473,-0.197274644852336,0.260446547108944,0.139803034579485,-0.0147445150110699,0.0103870207259968,-0.101585235262363,-0.0720651840773253,0.0492448393926562,-0.140640048534246,0.0901783549067387,-0.00394494334172654,-0.0521879023805632,-0.0464272877817224,0.0827603568152897,0.0580979590850477,-0.215852660074263,0.098534602818594,-0.0630051399244451,-0.147698896261293,0.00042292625256878,1,-0.153156775375017,0.0892985163301261,-0.0423419349790171,0.12057253726913,-0.0179079402525594,0.144966981700431,0.112594674824479,-0.0500888671549673,0.0283781413864628,-0.00977148206961306,0.0331040022068246,0.1714804160264,-0.120834178334035,0.0144197081145441,-0.111587999599359,-0.219835986457311,0.0101609838215214,-0.340508407881351,0.138944517850346,0.156538607673574,-0.138586402868226,-0.123729059652999,0.00519797621889782,-0.259448475575044,-0.00775215443830447,-0.0867909457077653,-0.129815802849401,0.0204545145436679,-0.112107346382161,-0.142295489646385,-0.0731061071504774,-0.197753302818568
"27",0.093263356144917,0.119614953311275,0.0533359607309706,0.220347995680958,-0.110567432024427,0.041387731948454,-0.143808278300843,0.129771037654631,-0.0642352842845739,0.0575744463207294,0.333048027837098,-0.0189229864749583,-0.261148270415645,-0.142099430120538,-0.075369350825277,0.013963370307773,-0.00784633440665101,0.0449312979166176,0.155399233577233,-0.158916444482456,0.141588749489827,0.156391603472787,-0.0875580146241472,0.0963274200908564,0.0693832171082711,-0.153156775375017,1,0.312937544929662,0.179541741073121,0.0313097162208937,0.0803948276705183,-0.142551393889964,0.136624324235617,0.042649757463921,-0.078503091562892,0.124412163254745,-0.034849288720097,-0.129861896396005,0.191056260437504,0.217331307131204,-0.0310956670452396,0.148416914522794,0.114715025600013,0.0773717855009103,-0.0689948133175438,0.0475902393487118,-0.0304622063916915,0.0398260044009039,-0.0336124070864288,0.122837121263385,-0.0128241797936645,-0.00379999996413381,0.0439598452155351,0.0740962974218087,-0.0307573220152748,0.0894336007946559,-0.115890694603314,-0.041127610934603
"28",-0.00470171495289006,-0.00995956053019751,0.0163365483176234,0.0247053122606271,-0.155803048387615,-0.139601529303785,-0.103302175910568,0.217669721691902,-0.0914734043030588,-0.0321259781502142,0.108213596904817,-0.0178866655051598,-0.0292233120281921,-0.125583833574566,-0.197245090431789,0.0512876465161477,0.0718356475090686,0.0365639343553094,0.369684846195771,-0.0916460791296244,0.0735472251055509,0.142568866719996,0.18619152506267,0.0575413890345811,0.0617251204039068,0.0892985163301261,0.312937544929662,1,0.139701663319058,0.108775041674886,0.200974723369287,0.103976532337896,-0.0108663180566504,0.035269945627677,0.00954319179996668,0.0709328939505845,-0.110141263961155,0.0768642798971083,-0.120634037352822,-0.176579955365603,-0.216648301337567,-0.223313391095518,0.103773674075506,0.0267457114637083,0.117289474684063,0.202571267068099,-0.152171923642443,-0.156375597605065,0.107550900844465,-0.163318876721341,-0.154922606870118,-0.0709201066883684,-0.0128907472100899,0.0388079471611641,0.0141818410342157,-0.00055905159171499,-0.0617801574588108,-0.0741251315384163
"29",0.0348359800008024,0.03370095691113,0.194057795228745,0.086362755416277,-0.0130755667082654,0.0882784553746591,-0.0523229387384832,0.0277395960370034,0.055058017124849,0.144567547038792,-0.0498412934927371,0.0693650541989663,-0.0508538747914549,-0.0738898926414157,0.079701874356522,0.242042623565223,0.027755460971239,0.0362689101507367,-0.0778226768716165,-0.0864117909876649,0.110014684719729,0.0893844587780434,0.0177021444846183,0.0409865077775184,0.115105716528479,-0.0423419349790171,0.179541741073121,0.139701663319058,1,0.0743371997065201,-0.129639778214143,0.199633723553716,0.0165009377417101,0.0991581633736124,-9.74692209650946e-05,0.0205149434310206,0.108234788398747,0.187734675823245,0.100903760159124,0.23245197257035,-0.0709354734418303,0.122675953305651,0.0227554043343838,0.0440823567227442,-0.158322243176541,0.0266381798168277,-0.0306066570620628,-0.0384980432766449,0.0132920310150385,0.108578892420754,-0.0826408433037353,-0.0152125599651396,0.281484554339322,0.117286039254725,-0.0985464894811762,0.0243444237918059,-0.168115644471874,-0.0699263167698312
"30",0.253793232373082,0.0370742998733472,0.201166525007367,0.0807646699828216,-0.0205646330674066,-0.0678786482118291,-0.164816096630162,0.0591906327718986,0.0802443462564746,-7.73033330901197e-05,0.115160811858296,0.0724667632038262,-0.185729683774604,-0.0230313254284891,0.0324977474529494,-0.0487580869871842,-0.0967318573014727,0.0421930397302118,-0.0319975243382825,0.0465386308949508,0.0737871845268103,-0.0560283486569289,-0.0507983978672283,0.0451213725194086,0.256292895784218,0.12057253726913,0.0313097162208937,0.108775041674886,0.0743371997065201,1,-0.0030615912127819,0.15604349108682,-0.0828413616718069,-0.0205395348898915,-0.0574926226381297,0.0139087055984943,0.0267978070133368,0.0969631464591186,-0.0601246265187783,0.0565038787409922,-0.0733601462615942,-0.052165650105911,0.132468716970989,-0.0999448626875555,-0.063535991877528,-0.0394769982984098,-0.136196838271286,-0.0301577061726609,-0.0779813533217675,0.0419234534945683,0.00819802378439819,-0.056392272548696,-0.0295670917557564,-0.0529103223476879,-0.0354003556671463,0.0165010787859438,-0.188627580530456,-0.334929949656969
"31",-0.174059410456159,-0.108112352463944,-0.329450773951314,0.0141915519751156,0.114413628735759,0.0177696381502523,0.0308729162596501,0.0296252102834599,-0.0477210128483112,-0.0504256153536874,-0.0844024390526186,0.078320201938437,0.0828177996749314,0.0466208791695734,-0.102680894673936,-0.0439799629980891,0.215817496005427,0.0975457833979668,0.470917825314331,-0.0434720173634945,-0.131132095633857,-0.0431856917481884,0.134606200483429,-0.0434291433061905,-0.12633168096498,-0.0179079402525594,0.0803948276705183,0.200974723369287,-0.129639778214143,-0.0030615912127819,1,0.0783373812816135,-0.057832607286837,-0.107458864345069,0.142349735563934,0.0218520506328206,-0.0716344158342896,-0.0224105741471696,-0.13199086491166,-0.100087895017515,-0.222382012868227,-0.0842060265129242,-0.0413875119677408,-0.00439310526281291,0.0930539258099676,0.0363101531227222,-0.102161591359267,-0.145649445123054,0.032242311998188,-0.0943099016527133,-0.0603322875432931,0.150769942482827,-0.166127786489515,0.122437997050829,0.0813854160034783,-0.157477962813813,0.153854918754228,0.0465898513711351
"32",0.114236302471289,-0.125125137301242,0.0319586460697556,0.0522126706183398,-0.0537139752114646,-0.0202330612356058,0.0894823499616169,0.0398017398590524,-0.0645517848232783,-0.0660311897104102,0.0370305275082949,-0.0767230537754063,0.115529360988977,0.0327312200146453,0.0748746351277251,-4.44303572756306e-05,0.15755260839853,0.175902119715052,0.117359336228684,0.220584746535188,-0.0642530280406539,-0.0614748021072929,0.0231237530346292,0.014054261145599,-0.0460487929276371,0.144966981700431,-0.142551393889964,0.103976532337896,0.199633723553716,0.15604349108682,0.0783373812816135,1,0.0133156595944422,0.10402473107601,0.0097176656446946,0.0888190946050591,0.0967943322451372,0.209544573790123,0.0176321377377568,0.059442759571667,-0.0464957669890026,-0.0937311959129549,0.191381391081653,-0.0513568304761619,-0.00130518488277614,0.0601342193004791,-0.135562082606593,-0.129627150938077,0.194785251085183,0.117393393345933,-0.281269947173277,-0.0953749580909814,0.105706039888104,-0.0225869102737528,-0.147208224755963,-0.229205042901435,0.0190573135480232,-0.134541165671699
"33",0.141449185544918,0.181563457597998,-0.0526609540458017,0.109736536338375,-0.0717773937565476,-0.0658638741000671,0.0928320736466836,0.0915470646973534,0.164503845318744,0.0172681773895261,0.249447343222538,0.187591853092045,0.0206613832171063,-0.20330450086521,0.123262040715457,0.0502161884668045,-0.0448440682523291,-0.0673429214812909,0.051629921851131,-0.183521766623752,0.0351427792418456,0.108689029958353,0.0100399342238605,0.0808207484271554,-0.089544360509439,0.112594674824479,0.136624324235617,-0.0108663180566504,0.0165009377417101,-0.0828413616718069,-0.057832607286837,0.0133156595944422,1,0.317572546721547,-0.185467426186195,0.137513450054544,-0.128293996827602,-0.11771535019408,0.0689808066691681,0.253567247219087,0.0636595942295764,0.0639386673366047,0.0747731691722048,0.150141103574147,0.0533867036745783,-0.0504151247571784,0.0452508625346165,0.0452729216877595,0.0120551494833274,0.0671643440130707,0.187074223753797,0.218912492095069,0.164441385791296,-0.153975396282187,-0.162344617642771,0.0145227893878979,0.0269302706438806,-0.0101003916810132
"34",0.362353380749072,0.416580125346846,0.0636472991686419,0.0839646102606934,-0.128834182283046,-0.0882827634459019,0.0795672539857935,0.0724389024705011,0.233780753882208,0.21832681810831,0.356288289025495,0.319437672645833,-0.04773630242361,-0.0322197330450612,0.0654437114634815,0.311506459349217,-0.0434109531171236,0.114942485683675,0.0147364197744005,0.033829426337515,0.122856621959778,0.200355579519218,-0.0903325608162238,0.0548485836378542,-0.0290146028349669,-0.0500888671549673,0.042649757463921,0.035269945627677,0.0991581633736124,-0.0205395348898915,-0.107458864345069,0.10402473107601,0.317572546721547,1,-0.212699556631734,0.0361144905355701,-0.174638122425873,-0.0468058744480633,0.197441733400969,0.469881612533036,-0.124168113093576,-0.0453297022185616,0.15215287833517,0.125617619916095,-0.198410946891389,-0.154516826622795,0.0233180980006025,0.0029488908210409,0.0922555477875985,0.0639698778064406,0.0795072177653049,0.160060179882109,0.16887515629716,-0.00704915628242999,-0.0306825152908054,0.0474406570526112,-0.0680778132749685,-0.0845958039587824
"35",-0.0396544290353354,-0.157409831863357,-0.05886486318933,-0.0286995472855454,0.0262788404505521,0.106966928024534,0.0987760702515601,-0.134496112608484,0.00251851012412041,-0.0845717937711605,-0.239893077124203,0.0707747954793668,0.0202286166309337,-0.0308952767340524,-0.10863871185827,-0.0139865510558844,0.0606490412958429,-0.0272059923415607,0.0159404982535205,0.0924037417826546,-0.0964528085038888,-0.0180728477236757,-0.00938462607980311,0.0921193280295098,0.10762581316895,0.0283781413864628,-0.078503091562892,0.00954319179996668,-9.74692209650946e-05,-0.0574926226381297,0.142349735563934,0.0097176656446946,-0.185467426186195,-0.212699556631734,1,0.0802116625985983,0.194624717135311,0.0586537125595358,-0.0792600603676237,-0.178617919957951,0.0587204877449667,-0.0264565469757554,-0.0237365517966301,-0.187435735755926,0.0600211574523731,0.0372701023102627,-0.055987598888019,-0.223053088650213,0.0385356949836588,-0.100589417680826,-0.292639203719364,-0.0771405132124427,-0.0407667180079386,0.0181842053614308,0.130392599453915,-0.110512745189575,-0.0115388296425636,0.0175570275152993
