scorer,DLC_resnet50_NORApr27shuffle1_1620000,DLC_resnet50_NORApr27shuffle1_1620000,DLC_resnet50_NORApr27shuffle1_1620000,DLC_resnet50_NORApr27shuffle1_1620000,DLC_resnet50_NORApr27shuffle1_1620000,DLC_resnet50_NORApr27shuffle1_1620000,DLC_resnet50_NORApr27shuffle1_1620000,DLC_resnet50_NORApr27shuffle1_1620000,DLC_resnet50_NORApr27shuffle1_1620000,DLC_resnet50_NORApr27shuffle1_1620000,DLC_resnet50_NORApr27shuffle1_1620000,DLC_resnet50_NORApr27shuffle1_1620000,DLC_resnet50_NORApr27shuffle1_1620000,DLC_resnet50_NORApr27shuffle1_1620000,DLC_resnet50_NORApr27shuffle1_1620000,DLC_resnet50_NORApr27shuffle1_1620000,DLC_resnet50_NORApr27shuffle1_1620000,DLC_resnet50_NORApr27shuffle1_1620000,DLC_resnet50_NORApr27shuffle1_1620000,DLC_resnet50_NORApr27shuffle1_1620000,DLC_resnet50_NORApr27shuffle1_1620000,DLC_resnet50_NORApr27shuffle1_1620000,DLC_resnet50_NORApr27shuffle1_1620000,DLC_resnet50_NORApr27shuffle1_1620000,DLC_resnet50_NORApr27shuffle1_1620000,DLC_resnet50_NORApr27shuffle1_1620000,DLC_resnet50_NORApr27shuffle1_1620000,DLC_resnet50_NORApr27shuffle1_1620000,DLC_resnet50_NORApr27shuffle1_1620000,DLC_resnet50_NORApr27shuffle1_1620000,DLC_resnet50_NORApr27shuffle1_1620000,DLC_resnet50_NORApr27shuffle1_1620000,DLC_resnet50_NORApr27shuffle1_1620000,DLC_resnet50_NORApr27shuffle1_1620000,DLC_resnet50_NORApr27shuffle1_1620000,DLC_resnet50_NORApr27shuffle1_1620000,DLC_resnet50_NORApr27shuffle1_1620000,DLC_resnet50_NORApr27shuffle1_1620000,DLC_resnet50_NORApr27shuffle1_1620000,DLC_resnet50_NORApr27shuffle1_1620000,DLC_resnet50_NORApr27shuffle1_1620000,DLC_resnet50_NORApr27shuffle1_1620000,DLC_resnet50_NORApr27shuffle1_1620000,DLC_resnet50_NORApr27shuffle1_1620000,DLC_resnet50_NORApr27shuffle1_1620000,DLC_resnet50_NORApr27shuffle1_1620000,DLC_resnet50_NORApr27shuffle1_1620000,DLC_resnet50_NORApr27shuffle1_1620000,DLC_resnet50_NORApr27shuffle1_1620000,DLC_resnet50_NORApr27shuffle1_1620000,DLC_resnet50_NORApr27shuffle1_1620000,DLC_resnet50_NORApr27shuffle1_1620000,DLC_resnet50_NORApr27shuffle1_1620000,DLC_resnet50_NORApr27shuffle1_1620000,DLC_resnet50_NORApr27shuffle1_1620000,DLC_resnet50_NORApr27shuffle1_1620000,DLC_resnet50_NORApr27shuffle1_1620000,DLC_resnet50_NORApr27shuffle1_1620000,DLC_resnet50_NORApr27shuffle1_1620000,DLC_resnet50_NORApr27shuffle1_1620000,DLC_resnet50_NORApr27shuffle1_1620000,DLC_resnet50_NORApr27shuffle1_1620000,DLC_resnet50_NORApr27shuffle1_1620000,DLC_resnet50_NORApr27shuffle1_1620000,DLC_resnet50_NORApr27shuffle1_1620000,DLC_resnet50_NORApr27shuffle1_1620000,DLC_resnet50_NORApr27shuffle1_1620000,DLC_resnet50_NORApr27shuffle1_1620000,DLC_resnet50_NORApr27shuffle1_1620000
bodyparts,tl,tl,tl,tr,tr,tr,bl,bl,bl,br,br,br,obt,obt,obt,obb,obb,obb,obl,obl,obl,obr,obr,obr,nobt,nobt,nobt,nobb,nobb,nobb,nobl,nobl,nobl,nobr,nobr,nobr,nose,nose,nose,headcentre,headcentre,headcentre,neck,neck,neck,bodycentre,bodycentre,bodycentre,bcl,bcl,bcl,bcr,bcr,bcr,hipl,hipl,hipl,hipr,hipr,hipr,tailbase,tailbase,tailbase,tailcentre,tailcentre,tailcentre,tailtip,tailtip,tailtip
coords,x,y,likelihood,x,y,likelihood,x,y,likelihood,x,y,likelihood,x,y,likelihood,x,y,likelihood,x,y,likelihood,x,y,likelihood,x,y,likelihood,x,y,likelihood,x,y,likelihood,x,y,likelihood,x,y,likelihood,x,y,likelihood,x,y,likelihood,x,y,likelihood,x,y,likelihood,x,y,likelihood,x,y,likelihood,x,y,likelihood,x,y,likelihood,x,y,likelihood,x,y,likelihood
0,86.9422836303711,116.7612075805664,0.9996320009231567,999.8084716796875,78.75731658935547,0.9998621940612793,91.07898712158203,1028.3741455078125,0.9997556805610657,1019.8473510742188,1021.3101196289062,0.9994698166847229,331.0121154785156,498.38897705078125,0.9975525736808777,337.4945068359375,609.829833984375,0.9990179538726807,275.61962890625,555.1370239257812,0.9975026249885559,387.53558349609375,549.9539184570312,0.9970008730888367,710.2487182617188,496.4244384765625,0.9909927845001221,753.302734375,714.6392822265625,0.9998536109924316,685.1798706054688,593.233642578125,0.9928720593452454,778.0211181640625,561.4478759765625,0.9855762124061584,346.1124267578125,573.9890747070312,0.0012555394787341356,745.2516479492188,557.2673950195312,0.0003827110631391406,-0.6136350631713867,1084.603515625,0.00032824737718328834,665.057861328125,582.027099609375,0.0005241589969955385,700.5182495117188,607.060546875,0.0010061210487037897,705.7374877929688,495.2182922363281,0.0026293371338397264,1017.2114868164062,1021.3950805664062,0.00044269399950280786,82.57017517089844,123.6653060913086,0.00040801046998240054,-0.06668806076049805,1083.5400390625,0.00022749387426301837,798.3236694335938,570.2022094726562,0.0008450690074823797,387.8275451660156,374.69073486328125,0.0020265451166778803
1,86.9510726928711,116.77377319335938,0.9996287822723389,999.8017578125,78.76033782958984,0.9998632669448853,91.07952880859375,1028.3594970703125,0.9997573494911194,1019.8338012695312,1021.2968139648438,0.9994674324989319,330.980712890625,498.388427734375,0.9975830316543579,337.52947998046875,609.8464965820312,0.9990267753601074,275.5932922363281,555.2132568359375,0.9975066781044006,387.5519104003906,550.0162963867188,0.9971000552177429,710.2177734375,496.421875,0.9911110997200012,753.32080078125,714.6508178710938,0.9998542070388794,685.1777954101562,593.2107543945312,0.9928579330444336,778.0090942382812,561.344970703125,0.9853392839431763,346.0813293457031,573.9765625,0.001274993410333991,745.2637939453125,557.30712890625,0.0003723069094121456,-0.6103224754333496,1084.6044921875,0.0003287095751147717,665.0831298828125,582.0418701171875,0.0005213989643380046,700.54931640625,607.0707397460938,0.0009916741400957108,705.7216796875,495.16778564453125,0.0027120367158204317,1017.2127685546875,1021.3931274414062,0.00044544361298903823,82.58717346191406,123.68757629394531,0.0004252926155459136,-0.06564712524414062,1083.54248046875,0.00022777407139074057,798.336669921875,570.240478515625,0.0008560034330002964,387.8229064941406,374.6781005859375,0.0020898410584777594
2,86.62675476074219,119.75383758544922,0.9998619556427002,1001.1372680664062,78.17448425292969,0.9997525811195374,91.13097381591797,1029.0810546875,0.9999064207077026,1023.5660400390625,1020.7605590820312,0.9997583031654358,332.9461669921875,498.4405517578125,0.994814932346344,333.91693115234375,609.6567993164062,0.9988030195236206,274.4278564453125,554.2809448242188,0.9961060881614685,385.1620788574219,555.0922241210938,0.9978491067886353,710.307861328125,495.4990539550781,0.9951056241989136,753.09521484375,714.378662109375,0.9995489716529846,685.359130859375,591.1392822265625,0.9968298077583313,775.6246337890625,566.23583984375,0.9928325414657593,272.2460021972656,556.0147705078125,0.01465676724910736,745.3265380859375,556.2880859375,0.0005716596497222781,1.1197624206542969,-0.6932544708251953,0.00021750210726168007,678.6101684570312,582.81494140625,0.0004443727375473827,699.9815673828125,605.7713623046875,0.0016074359882622957,704.2913208007812,495.3369140625,0.0023041702806949615,685.3440551757812,606.3446655273438,0.0010830939281731844,276.0883483886719,558.2921752929688,0.0016870324034243822,316.80645751953125,487.54205322265625,0.00018572906265035272,403.91412353515625,567.8165893554688,0.0010976199992001057,437.36334228515625,137.56800842285156,0.0063017928041517735
3,87.32221984863281,117.22747039794922,0.9997860789299011,998.463623046875,79.36783599853516,0.9998103976249695,88.88896179199219,1029.59619140625,0.9998177886009216,1023.5298461914062,1021.2144775390625,0.9996615648269653,333.8077697753906,498.5223388671875,0.9971792697906494,332.5078125,610.9862060546875,0.9967181086540222,274.6713562011719,554.1310424804688,0.9977757334709167,386.27178955078125,555.1098022460938,0.996852457523346,714.2932739257812,494.8172302246094,0.9957675933837891,752.3756103515625,713.4749755859375,0.9995265007019043,687.1721801757812,594.7450561523438,0.9978315234184265,778.5546875,567.819580078125,0.9910209774971008,270.97833251953125,555.8560791015625,0.009629317559301853,717.29248046875,506.3100280761719,0.00036258678301237524,1085.61328125,779.18408203125,0.0004863092035520822,1081.3973388671875,780.5870361328125,0.0005255950964055955,701.1117553710938,605.752197265625,0.0023483994882553816,783.75732421875,552.9849853515625,0.002012362703680992,684.90478515625,606.2501220703125,0.0003953407285735011,274.46038818359375,560.0938720703125,0.0023890938609838486,315.4540100097656,487.92913818359375,0.0002860290405806154,432.5280456542969,541.1858520507812,0.0033178282901644707,26.820905685424805,974.6363525390625,0.00838958378881216
4,85.78141021728516,119.29914855957031,0.9995384216308594,999.421142578125,77.83056640625,0.9998289346694946,89.0633544921875,1027.767578125,0.9999369382858276,1021.396484375,1020.3002319335938,0.9995176792144775,333.13543701171875,498.3520202636719,0.9939826130867004,332.86212158203125,610.9917602539062,0.9988897442817688,273.4006652832031,555.7879028320312,0.9960576295852661,387.1888732910156,554.1522827148438,0.9951766729354858,714.3849487304688,494.80523681640625,0.9965667724609375,754.9647827148438,714.3273315429688,0.99965500831604,684.6533813476562,595.9816284179688,0.9926162362098694,782.4993896484375,569.0853881835938,0.993108868598938,266.34661865234375,549.775634765625,0.04468601197004318,743.5765380859375,556.51220703125,0.0006684953114017844,746.063232421875,717.1686401367188,0.00032787673990242183,677.4195556640625,589.5142211914062,0.0005266253720037639,700.5582275390625,607.5112915039062,0.0009398695547133684,715.5918579101562,498.8597717285156,0.0030496958643198013,263.01336669921875,545.1357421875,0.0005625152844004333,272.33203125,558.8954467773438,0.006734892725944519,269.66204833984375,546.9976196289062,0.00028093025321140885,430.8741455078125,538.7861938476562,0.014065300114452839,219.38243103027344,556.392333984375,0.015562579967081547
5,86.88973999023438,118.20231628417969,0.9998263716697693,1000.13330078125,78.30889129638672,0.9995976090431213,89.64955139160156,1028.1123046875,0.9999206066131592,1021.0406494140625,1021.4608154296875,0.9993057250976562,335.73052978515625,497.9180603027344,0.9945396780967712,333.9517517089844,611.5614624023438,0.99883633852005,274.2176513671875,554.1116943359375,0.9973871111869812,386.7523498535156,555.6153564453125,0.9966753721237183,710.52734375,496.3536071777344,0.997857391834259,753.7044677734375,714.666015625,0.9996907711029053,685.60595703125,595.4411010742188,0.9954121708869934,779.9033813476562,568.5516967773438,0.9966452717781067,267.0390319824219,548.1066284179688,0.030609669163823128,743.7611694335938,555.2598876953125,0.0006161057390272617,745.8796997070312,716.80517578125,0.00026643366436474025,679.1800537109375,589.2761840820312,0.0003765345027204603,699.5637817382812,606.3967895507812,0.0009495260310359299,704.1577758789062,495.7170104980469,0.001848482177592814,1018.1920166015625,1021.7306518554688,0.0004965719417668879,272.6979064941406,557.6729125976562,0.0035173397045582533,635.5557861328125,996.4931640625,0.00037506152875721455,431.5597839355469,540.6768798828125,0.004340155981481075,626.2969360351562,999.90576171875,0.008950646966695786
6,86.44623565673828,118.52442932128906,0.9997805953025818,998.8455200195312,80.60877227783203,0.999832034111023,90.87062072753906,1028.8118896484375,0.9999154806137085,1023.2064208984375,1020.0237426757812,0.9998015761375427,334.294677734375,498.53961181640625,0.9976125955581665,334.9798583984375,612.0927124023438,0.9993419051170349,275.03448486328125,554.7664794921875,0.9969385862350464,386.4725646972656,555.0381469726562,0.9982073307037354,712.1840209960938,493.952880859375,0.9971100687980652,753.6729125976562,713.2424926757812,0.9995160102844238,685.4556274414062,595.2174682617188,0.9946893453598022,778.810302734375,567.710693359375,0.997287392616272,269.9632263183594,547.6214599609375,0.00852628517895937,745.484130859375,556.9610595703125,0.0005381715018302202,633.1203002929688,1016.205810546875,0.00022581880330108106,680.5376586914062,588.7647094726562,0.0005125670577399433,700.2739868164062,605.8895263671875,0.0009354214416816831,705.22119140625,495.1678161621094,0.002246582182124257,684.532958984375,605.1936645507812,0.0008420387166552246,274.20916748046875,558.1796264648438,0.0022111539728939533,624.5826416015625,995.4327392578125,0.00021592614939436316,431.90521240234375,539.172607421875,0.09669802337884903,269.41107177734375,1003.5115356445312,0.01631072349846363
7,87.50663757324219,118.03254699707031,0.9992595314979553,998.0836181640625,77.13313293457031,0.9998694658279419,90.004150390625,1029.826171875,0.9998775720596313,1022.371337890625,1020.4379272460938,0.9997548460960388,334.0865783691406,498.4058532714844,0.9976166486740112,334.225341796875,612.1079711914062,0.9992918968200684,273.9560241699219,553.2611083984375,0.9979384541511536,385.5379638671875,555.6019287109375,0.9989771842956543,711.0219116210938,496.21435546875,0.9971029162406921,752.7346801757812,711.6632690429688,0.9993602633476257,687.213623046875,594.8450317382812,0.9979640245437622,778.7056884765625,566.1561889648438,0.9972864389419556,268.83477783203125,547.46044921875,0.016424743458628654,682.1144409179688,601.3533935546875,0.000312144955387339,-1.719409465789795,988.328857421875,0.00014939060201868415,680.9337158203125,588.557861328125,0.0004796667490154505,699.2394409179688,606.1327514648438,0.001638347515836358,705.3818359375,495.9700012207031,0.0024238957557827234,684.5761108398438,606.3606567382812,0.0006775447400286794,273.16351318359375,557.699951171875,0.002874571830034256,315.9296875,489.2041015625,0.0002274019061587751,432.0894470214844,539.8701171875,0.024777434766292572,506.44329833984375,662.9737548828125,0.007450322154909372
8,88.16014862060547,119.04044342041016,0.9994134902954102,1000.43603515625,77.36002349853516,0.9996845722198486,90.4156494140625,1028.564453125,0.9999203681945801,1022.88818359375,1020.95751953125,0.9995437264442444,334.4687194824219,498.3885803222656,0.9931377172470093,333.95147705078125,610.7388916015625,0.9988633394241333,274.6691589355469,553.9669189453125,0.9963933825492859,385.28912353515625,555.2796630859375,0.9979828596115112,710.6851196289062,496.85430908203125,0.99695885181427,753.7320556640625,712.8509521484375,0.9994767308235168,684.3704223632812,591.91943359375,0.9935520887374878,779.3539428710938,567.1311645507812,0.9937227368354797,684.5711059570312,602.5347290039062,0.004620026331394911,745.6841430664062,557.2471313476562,0.0002904650173150003,458.27716064453125,151.48190307617188,0.00023192841035779566,680.4535522460938,582.34326171875,0.0005165619659237564,699.7909545898438,605.7905883789062,0.0015923065366223454,704.1119384765625,495.6863098144531,0.0015983720077201724,684.7154541015625,606.2781982421875,0.0009302868274971843,274.80694580078125,558.4407958984375,0.0018485229229554534,797.1790771484375,569.3181762695312,0.00016493123257532716,432.89337158203125,540.5606689453125,0.13926970958709717,336.43255615234375,987.5503540039062,0.06308086216449738
9,85.86302947998047,118.05294799804688,0.9998511075973511,1000.5556640625,78.37916564941406,0.9998677968978882,90.74462890625,1029.49365234375,0.9998857975006104,1023.7420654296875,1020.1050415039062,0.9998311996459961,335.1336975097656,498.79522705078125,0.9958125948905945,335.1983337402344,611.4559936523438,0.9990894794464111,275.2183837890625,553.9475708007812,0.9973100423812866,385.9140930175781,555.8306884765625,0.9981206059455872,711.3169555664062,495.41253662109375,0.9966039657592773,753.7881469726562,711.744384765625,0.9994285702705383,685.9666137695312,593.1716918945312,0.996081531047821,780.1427001953125,563.734375,0.9962255954742432,680.5828247070312,601.0514526367188,0.0052861981093883514,283.3389587402344,561.184326171875,0.0003487328940536827,1084.8240966796875,761.8134155273438,0.0006384443258866668,678.8810424804688,582.1375732421875,0.0003848938795272261,700.2484741210938,605.34814453125,0.0008497442468069494,703.875,494.30877685546875,0.0016303128795698285,1017.2515869140625,1022.0682983398438,0.0006706217536702752,275.3648681640625,559.304443359375,0.001715278485789895,782.9553833007812,553.23291015625,0.0001492564770160243,433.27978515625,540.2455444335938,0.05016101524233818,339.26153564453125,987.7947387695312,0.05211571604013443
10,87.11286163330078,115.77031707763672,0.9997257590293884,999.40966796875,78.27812194824219,0.9997878670692444,89.2994155883789,1028.9305419921875,0.9998503923416138,1022.0220336914062,1022.2836303710938,0.9996839761734009,334.0291442871094,498.6315612792969,0.9964182376861572,335.2685546875,611.3121337890625,0.999415397644043,275.083740234375,554.899658203125,0.9963629841804504,386.5213928222656,556.990478515625,0.9986926913261414,713.212646484375,496.092041015625,0.9936297535896301,752.1253662109375,711.8829345703125,0.9992097616195679,686.46435546875,592.1837158203125,0.9928445219993591,780.0145874023438,563.0745849609375,0.9947947859764099,681.1170043945312,601.3803100585938,0.005479349754750729,717.070556640625,506.9970397949219,0.0003674814652185887,746.5595092773438,715.8652954101562,0.00016468043031636626,678.3330078125,582.22021484375,0.0004282027075532824,700.6185302734375,604.8284912109375,0.0015611887210980058,783.8182983398438,554.0923461914062,0.0009784245630726218,1017.5655517578125,1022.1803588867188,0.00032226103940047324,275.9528503417969,558.9851684570312,0.0024300420191138983,782.4087524414062,554.7760620117188,0.00020321548799984157,433.74688720703125,538.7924194335938,0.1504002958536148,506.5010070800781,674.1024780273438,0.07313551008701324
11,87.11719512939453,117.54077911376953,0.9998244643211365,1000.34912109375,78.97244262695312,0.9997074007987976,89.54885864257812,1029.629150390625,0.9998760223388672,1022.577392578125,1021.7218017578125,0.9994351267814636,334.00164794921875,498.42169189453125,0.9967108964920044,334.85101318359375,611.6526489257812,0.9992523789405823,274.8761901855469,554.6033935546875,0.9962261915206909,387.49346923828125,555.3407592773438,0.998267412185669,713.3046875,495.7073669433594,0.9968301653862,752.3663940429688,712.6174926757812,0.9996117949485779,685.7305297851562,591.58447265625,0.9931631088256836,780.9202880859375,566.48486328125,0.996086597442627,680.9833984375,602.6868286132812,0.00819506123661995,1083.1612548828125,746.2620849609375,0.001043852767907083,1083.6473388671875,746.8008422851562,0.006939709652215242,1081.7298583984375,749.1264038085938,0.0005427441792562604,699.5764770507812,606.1182861328125,0.0012829932384192944,703.93310546875,495.2766418457031,0.0016541091026738286,1017.4139404296875,1021.8054809570312,0.0003116825537290424,275.7860412597656,559.1723022460938,0.001261704252101481,1085.4688720703125,747.5244750976562,0.0004976105992682278,433.3435363769531,539.4674072265625,0.027088768780231476,803.77880859375,659.0617065429688,0.10433738678693771
12,85.88286590576172,118.08445739746094,0.9996218681335449,1000.4266357421875,76.95932006835938,0.9998443126678467,89.34334564208984,1029.232666015625,0.9999006986618042,1024.569091796875,1019.5708618164062,0.9997214674949646,333.73907470703125,498.5842590332031,0.9955087900161743,334.0491638183594,610.1538696289062,0.9987146854400635,274.50738525390625,555.6593017578125,0.9946213960647583,386.7799377441406,555.4554443359375,0.9985755681991577,712.4876098632812,496.1985168457031,0.9965268969535828,752.7127685546875,713.7153930664062,0.9998255372047424,683.4342651367188,590.809814453125,0.9933754801750183,779.7811279296875,563.7100219726562,0.9944181442260742,680.8676147460938,602.2113037109375,0.0034711488988250494,717.4409790039062,506.8316955566406,0.00033962036832235754,766.4393920898438,716.6798706054688,0.0001757098943926394,665.452392578125,577.1513061523438,0.00042278828914277256,699.3592529296875,605.6160888671875,0.0013015089789405465,703.3423461914062,494.8680419921875,0.0023214025422930717,1017.3743286132812,1021.8225708007812,0.00028165490948595107,275.1108703613281,559.7098388671875,0.0019253634382039309,782.9022216796875,554.2455444335938,0.0001887549733510241,432.29840087890625,540.108154296875,0.026822131127119064,507.80023193359375,675.4901123046875,0.03179241716861725
13,87.07147979736328,118.80147552490234,0.9997074007987976,998.3204956054688,77.99247741699219,0.999909520149231,91.088623046875,1029.7576904296875,0.9998316764831543,1022.243408203125,1020.3101196289062,0.9995576739311218,334.0380859375,497.7866516113281,0.9914434552192688,334.967529296875,611.3671875,0.9987727999687195,275.75067138671875,554.9586791992188,0.996034562587738,387.34356689453125,555.8576049804688,0.998699426651001,709.53759765625,493.8374938964844,0.9981016516685486,753.6096801757812,713.5821533203125,0.9997541308403015,685.6034545898438,592.2328491210938,0.9920852780342102,778.4015502929688,567.3243408203125,0.9970634579658508,681.4281005859375,601.1700439453125,0.004029255826026201,746.0313110351562,556.3731079101562,0.0005085266893729568,459.7208251953125,150.50631713867188,0.000411486835218966,677.5916137695312,581.5293579101562,0.0003606680838856846,700.1030883789062,606.1039428710938,0.001980633707717061,703.89111328125,495.228515625,0.0017174817621707916,718.8682250976562,493.85009765625,0.00034153833985328674,275.6000671386719,559.4385986328125,0.001900089904665947,463.6974182128906,148.71083068847656,0.00031073015998117626,431.9640197753906,540.216552734375,0.022655511274933815,509.056640625,675.1975708007812,0.006962792947888374
14,87.08194732666016,117.51751708984375,0.9996485710144043,1000.6686401367188,77.89674377441406,0.9998250603675842,90.67279052734375,1029.1595458984375,0.9999111890792847,1022.5940551757812,1020.943603515625,0.9995290040969849,333.17205810546875,498.4407958984375,0.994983434677124,333.8999938964844,611.1524658203125,0.9994152784347534,275.2100524902344,553.9314575195312,0.9980918765068054,387.95599365234375,556.8380126953125,0.9982355833053589,708.824951171875,496.5712585449219,0.9955405592918396,752.9777221679688,713.5543823242188,0.9997798800468445,686.7183837890625,591.4779052734375,0.9945151805877686,778.9201049804688,566.4403076171875,0.9946900606155396,681.6585083007812,601.6812133789062,0.0038282605819404125,746.1950073242188,555.8532104492188,0.0005629730294458568,765.8489990234375,717.4696655273438,0.00016587087884545326,678.7831420898438,582.0916137695312,0.0004513521562330425,700.1854858398438,605.4536743164062,0.0016664015129208565,703.7877807617188,494.776611328125,0.0010153701296076179,1016.9373168945312,1022.0455322265625,0.0002937946410384029,275.4160461425781,559.6029663085938,0.0010621743276715279,316.107421875,488.68365478515625,0.00021338991064112633,432.8744201660156,541.1119995117188,0.027010999619960785,342.22900390625,989.0390625,0.017096564173698425
15,87.11406707763672,118.06220245361328,0.9995453953742981,999.938232421875,79.32637786865234,0.9998328685760498,90.84622192382812,1030.5367431640625,0.9998965263366699,1022.3372192382812,1021.31201171875,0.9994040727615356,332.2020568847656,498.9789123535156,0.9959883093833923,334.3845520019531,611.6337280273438,0.9992344379425049,275.58905029296875,555.1581420898438,0.9976320266723633,387.01763916015625,555.33203125,0.9969095587730408,708.9610595703125,496.17694091796875,0.9951673746109009,753.601318359375,712.99951171875,0.9997521042823792,683.3318481445312,591.46728515625,0.9934887886047363,779.6677856445312,562.0919799804688,0.9976233839988708,681.2715454101562,601.7586059570312,0.006338227540254593,744.5108642578125,556.3941650390625,0.0005051478510722518,443.6926574707031,134.79373168945312,0.0004742119926959276,678.4212646484375,581.0525512695312,0.0004217537643853575,699.3466186523438,605.9208374023438,0.001777581637725234,704.6901245117188,494.431396484375,0.004585878923535347,684.4202880859375,605.7734375,0.00041094626067206264,275.572509765625,560.23193359375,0.0012248975690454245,298.4027099609375,490.80181884765625,0.00020608735212590545,433.16412353515625,557.1666870117188,0.1447305828332901,449.46197509765625,134.86610412597656,0.012444787658751011
16,87.1982421875,118.99504852294922,0.9989995360374451,1001.1670532226562,77.43043518066406,0.9993964433670044,90.63690185546875,1029.91357421875,0.9999328851699829,1021.7962646484375,1021.463623046875,0.99957674741745,332.8242492675781,498.12030029296875,0.9956915974617004,333.709228515625,611.3411254882812,0.9994266033172607,275.5756530761719,553.697998046875,0.9987860321998596,387.4690856933594,556.858642578125,0.9978274703025818,710.6494750976562,497.1867980957031,0.9918383955955505,754.2167358398438,713.6610717773438,0.999843955039978,685.19384765625,590.6668701171875,0.9905919432640076,780.8370971679688,562.9597778320312,0.9735421538352966,716.8670654296875,510.5466613769531,0.002842082642018795,719.5701293945312,507.17462158203125,0.00041376729495823383,0.04464983940124512,-0.3255805969238281,0.00036531235673464835,677.0128784179688,580.50927734375,0.00043856535921804607,699.7703857421875,605.9603271484375,0.0025844110641628504,702.7720336914062,506.449462890625,0.0019085448002442718,1016.6641845703125,1022.5003051757812,0.00031294114887714386,275.5870056152344,558.9857177734375,0.0012599534820765257,714.3436279296875,503.5386962890625,0.00018030560750048608,432.7001037597656,556.7892456054688,0.06861449778079987,430.7182922363281,612.1185913085938,0.011915886774659157
17,85.57598114013672,119.35430145263672,0.9994014501571655,999.2875366210938,77.02460479736328,0.999914288520813,90.75563049316406,1029.9354248046875,0.9998795986175537,1021.5599365234375,1021.1574096679688,0.9995249509811401,333.29827880859375,498.1936950683594,0.9962419271469116,334.3446960449219,612.0077514648438,0.9989282488822937,274.80389404296875,553.704833984375,0.9986743927001953,388.0884094238281,555.3817138671875,0.9980995059013367,707.9848022460938,496.6552429199219,0.9980658888816833,754.3208618164062,713.9071655273438,0.9997610449790955,685.3760986328125,592.0660400390625,0.9862757921218872,777.9667358398438,561.009765625,0.9926069974899292,379.2794494628906,991.0777587890625,0.014026913791894913,370.1559143066406,1069.2833251953125,0.25448742508888245,363.65289306640625,1068.1153564453125,0.2451571226119995,333.09124755859375,1074.911865234375,0.7485130429267883,356.2160339355469,1039.41357421875,0.15253405272960663,366.69427490234375,1038.5916748046875,0.3122379183769226,364.1702880859375,1037.76611328125,0.07668711990118027,353.3437805175781,1040.7371826171875,0.07949230074882507,368.72076416015625,1042.3662109375,0.046513501554727554,439.63238525390625,541.8657836914062,0.01876913569867611,298.35308837890625,1038.1865234375,0.01384072657674551
18,86.37197875976562,118.0942153930664,0.9996005892753601,1000.7446899414062,78.78884887695312,0.9997439980506897,90.4027328491211,1029.2586669921875,0.9999152421951294,1022.5991821289062,1020.9052734375,0.9992757439613342,331.79296875,498.4063720703125,0.9956048727035522,334.9664001464844,611.379150390625,0.998325765132904,275.3558044433594,555.1026000976562,0.997728168964386,387.3424377441406,555.7850952148438,0.9967785477638245,708.7708129882812,497.11260986328125,0.9964534044265747,756.138427734375,714.8483276367188,0.9995336532592773,687.3695678710938,592.2918701171875,0.9902966618537903,779.9505615234375,568.6332397460938,0.9952274560928345,366.9552917480469,741.3275756835938,0.024988677352666855,659.350830078125,949.0684204101562,0.012505441904067993,498.09796142578125,785.1463012695312,0.027966035529971123,368.1429443359375,923.9363403320312,0.07944797724485397,606.0238647460938,872.8982543945312,0.03698430955410004,538.4760131835938,766.456298828125,0.2940484583377838,277.6473693847656,983.2450561523438,0.5208385586738586,608.4474487304688,877.3504028320312,0.23731739819049835,298.5699768066406,1090.549072265625,0.0014441147213801742,434.8254699707031,559.7791137695312,0.0821288600564003,830.27685546875,941.3617553710938,0.21155019104480743
19,86.24349212646484,117.60450744628906,0.9996610879898071,997.72509765625,79.67497253417969,0.9998750686645508,89.588134765625,1029.3330078125,0.9998570680618286,1021.8316650390625,1020.8489379882812,0.9995357990264893,329.2084045410156,499.5338134765625,0.9986856579780579,340.62841796875,610.200439453125,0.9983617663383484,275.125,555.9506225585938,0.9956164360046387,386.336669921875,548.1666870117188,0.9983392953872681,709.3546752929688,496.2317810058594,0.999178946018219,753.540771484375,710.6087036132812,0.9971694350242615,685.7218017578125,592.2118530273438,0.987126886844635,776.6658935546875,572.1672973632812,0.9961183071136475,331.9395751953125,900.8631591796875,0.014656126499176025,498.897216796875,507.0533752441406,0.01924825645983219,498.6396789550781,538.383544921875,0.22980664670467377,491.8542785644531,648.076171875,0.18982961773872375,423.6387023925781,577.8031005859375,0.847995936870575,562.862548828125,567.8695068359375,0.9792051911354065,625.7464599609375,636.329833984375,0.40031057596206665,350.84661865234375,665.288330078125,0.9614576101303101,440.83172607421875,510.1329650878906,0.01152971014380455,382.3213195800781,995.4886474609375,0.04497726634144783,383.0730285644531,996.5316162109375,0.12249768525362015
20,87.68133544921875,116.87601470947266,0.9996691942214966,1000.3529052734375,82.37141418457031,0.99978107213974,89.77227020263672,1030.1385498046875,0.9998447895050049,1021.556640625,1021.6972045898438,0.9982554316520691,323.0860595703125,502.0391845703125,0.9990476965904236,331.0324401855469,608.9308471679688,0.9956982135772705,276.728515625,559.391357421875,0.9929468035697937,366.5281982421875,540.5919799804688,0.7309039235115051,733.6637573242188,492.7124328613281,0.9972773194313049,336.7998046875,627.3036499023438,0.10546249896287918,765.4532470703125,551.3834838867188,0.07831581681966782,773.7764892578125,547.7127075195312,0.5867553949356079,353.28387451171875,564.2097778320312,0.013871388509869576,482.7206115722656,351.48736572265625,0.06786037236452103,479.1986999511719,385.6245422363281,0.783868134021759,827.6268310546875,934.3272705078125,0.6921212077140808,381.97454833984375,578.1165161132812,0.5915715098381042,786.757568359375,624.4297485351562,0.8973512053489685,395.2247009277344,578.2177124023438,0.15541903674602509,392.4336853027344,568.9720458984375,0.7807262539863586,879.9408569335938,988.6385498046875,0.04290949925780296,769.0874633789062,522.884033203125,0.0009102806798182428,854.9927978515625,850.7306518554688,0.04760974645614624
21,86.1500473022461,116.65452575683594,0.9999570846557617,999.5888671875,78.71440887451172,0.9998495578765869,90.17167663574219,1029.1697998046875,0.9998815059661865,658.6342163085938,1028.930419921875,0.25911399722099304,332.1243896484375,498.8725891113281,0.9962298274040222,335.1927490234375,612.7171020507812,0.9987713694572449,274.59222412109375,555.198486328125,0.9960430860519409,388.2012939453125,552.4889526367188,0.9463732242584229,765.9896850585938,503.09844970703125,0.004244329407811165,819.7300415039062,748.9027709960938,0.6798980236053467,1018.3585205078125,932.7176513671875,0.00391768803820014,820.37890625,714.374755859375,0.015388191677629948,382.3537292480469,481.7412109375,0.9899805188179016,397.31549072265625,430.1078186035156,0.975246012210846,417.98822021484375,422.3505554199219,0.987019419670105,852.0259399414062,920.3800048828125,0.9983946681022644,437.7679443359375,468.3022155761719,0.6127586960792542,411.5025939941406,383.90625,0.998722493648529,699.2216796875,932.1809692382812,0.8168821930885315,610.29443359375,401.4664611816406,0.7018681168556213,715.66552734375,776.6819458007812,0.5120662450790405,694.8060302734375,924.2166137695312,0.002794404746964574,769.1808471679688,891.0919189453125,0.00479496456682682
22,87.02986907958984,118.72307586669922,0.9997623562812805,1000.4305419921875,77.5193099975586,0.9997029900550842,90.55354309082031,1028.877685546875,0.9998955726623535,1083.0137939453125,1079.1060791015625,0.1088332086801529,332.9905700683594,498.72601318359375,0.9945138692855835,335.7803649902344,611.6630249023438,0.9994398951530457,274.78717041015625,556.1565551757812,0.9977600574493408,386.15802001953125,555.3451538085938,0.9907217025756836,894.9652709960938,1011.57373046875,0.005040550138801336,1032.276611328125,944.7738037109375,0.0040907906368374825,511.2371826171875,570.187744140625,0.006257674191147089,403.3390808105469,553.5870971679688,0.1642434149980545,394.7645263671875,386.3976745605469,0.8741890788078308,410.49578857421875,361.4203186035156,0.9979777932167053,464.8573303222656,226.0816192626953,0.9753446578979492,518.8693237304688,319.7281799316406,0.9977055191993713,1011.5429077148438,938.0498657226562,0.970748782157898,530.467041015625,246.9677276611328,0.9890711307525635,764.5628051757812,654.4642944335938,0.9442728161811829,663.9474487304688,752.1881713867188,0.9957192540168762,675.0505981445312,658.1041870117188,0.6963368654251099,637.1902465820312,474.7552490234375,0.0013817119179293513,624.7910766601562,458.10247802734375,0.047140851616859436
23,86.55109405517578,117.31840515136719,0.9999046325683594,999.2720947265625,78.08612060546875,0.9998923540115356,90.37260437011719,1028.5654296875,0.9998801946640015,1013.5830688476562,936.03857421875,0.006955220829695463,330.84820556640625,499.22784423828125,0.9946063160896301,337.3573913574219,610.597412109375,0.9995096921920776,275.273681640625,558.0322265625,0.9987627267837524,385.75341796875,552.3478393554688,0.9932860732078552,643.1420288085938,554.8834228515625,0.07743756473064423,783.0057983398438,579.2940063476562,0.026121897622942924,755.1116333007812,509.8282165527344,0.011418156325817108,405.3963317871094,548.3763427734375,0.07344774901866913,585.376220703125,659.940185546875,0.9973729848861694,427.71734619140625,322.5614013671875,0.9713410139083862,443.7794189453125,312.18121337890625,0.9403846263885498,763.061279296875,739.6798095703125,0.688055157661438,568.1669311523438,574.6669311523438,0.9826433062553406,567.0313110351562,336.8145446777344,0.8401623964309692,721.5037231445312,572.3387451171875,0.9682895541191101,651.374755859375,690.0687255859375,0.9974808096885681,657.3861083984375,583.9742431640625,0.11008916795253754,733.4783325195312,494.8122863769531,0.0073662372305989265,733.3222045898438,495.29296875,0.2627720534801483
24,86.11665344238281,116.93112182617188,0.9999181032180786,999.8482055664062,81.94596099853516,0.9999643564224243,90.80660247802734,1029.440673828125,0.9998832941055298,794.4749755859375,1050.52880859375,0.023614011704921722,332.50567626953125,498.7649841308594,0.997316300868988,336.1286926269531,610.566650390625,0.9994590878486633,275.04803466796875,556.13037109375,0.9989078044891357,386.4046936035156,554.7434692382812,0.993077278137207,638.011962890625,502.63623046875,0.013707851991057396,786.191650390625,557.5183715820312,0.21058349311351776,539.89501953125,608.635498046875,0.009517705999314785,406.58941650390625,551.0677490234375,0.009972181171178818,434.4427185058594,328.3838806152344,0.9263508319854736,453.4147644042969,313.634033203125,0.9919122457504272,467.10833740234375,305.90679931640625,0.9903766512870789,512.1124267578125,510.6026611328125,0.703651487827301,1019.3001098632812,946.4168701171875,0.9936181306838989,800.7386474609375,625.90380859375,0.8581342101097107,930.9927978515625,1054.422607421875,0.4271012246608734,472.59136962890625,209.69273376464844,0.9552620649337769,612.7421875,481.6310119628906,0.34625235199928284,652.9530639648438,487.82550048828125,0.006703056860715151,622.0204467773438,490.3944396972656,0.06437702476978302
25,86.82764434814453,117.6068115234375,0.9999148845672607,998.8352661132812,77.56941986083984,0.9998495578765869,89.29764556884766,1028.2117919921875,0.9999164342880249,1086.141845703125,1086.291259765625,0.03396855667233467,331.5027770996094,498.9913024902344,0.9976080656051636,337.13909912109375,611.1806640625,0.9997074007987976,276.00189208984375,558.5092163085938,0.9993891716003418,386.3000183105469,554.4376220703125,0.995643138885498,675.92333984375,455.9507141113281,0.38737037777900696,615.5238647460938,608.6054077148438,0.11957105994224548,587.4998779296875,588.1402587890625,0.06587953865528107,615.2357177734375,540.2197265625,0.018824677914381027,503.74871826171875,186.83404541015625,0.961908757686615,696.7479248046875,535.1992797851562,0.9934754967689514,515.6322631835938,222.6334991455078,0.9942675828933716,550.2200927734375,271.6154479980469,0.8102793097496033,499.2478332519531,264.66070556640625,0.8766632080078125,796.6937255859375,604.0023193359375,0.9631742238998413,497.0543212890625,285.5096435546875,0.11528534442186356,604.55712890625,265.69378662109375,0.43446236848831177,551.7689208984375,573.2058715820312,0.7298235893249512,539.9132080078125,592.62255859375,0.040531598031520844,602.7889404296875,413.0203552246094,0.04355744272470474
26,87.30841064453125,118.95696258544922,0.999765932559967,999.1345825195312,76.00016784667969,0.9998738765716553,89.62730407714844,1027.51171875,0.9998760223388672,1087.017822265625,1038.4298095703125,0.016105081886053085,331.3268737792969,499.1976013183594,0.998503565788269,337.4452209472656,610.7952880859375,0.9995751976966858,276.7376708984375,558.4866943359375,0.9987305998802185,386.61480712890625,554.3909301757812,0.993480920791626,654.7339477539062,448.96807861328125,0.09840421378612518,784.9078979492188,540.4010620117188,0.3992672860622406,746.8801879882812,514.35986328125,0.04420805722475052,783.9080810546875,503.99444580078125,0.05693325772881508,656.8881225585938,510.520751953125,0.7788984179496765,690.7627563476562,521.5518798828125,0.9971509575843811,702.1826782226562,534.7109375,0.9341859817504883,523.4856567382812,452.9224853515625,0.8124879002571106,564.3653564453125,481.1066589355469,0.9895462393760681,787.1287841796875,582.2931518554688,0.930387556552887,603.87109375,916.3369750976562,0.8167593479156494,507.6998291015625,250.0022735595703,0.3232628405094147,562.6692504882812,553.1062622070312,0.7281625866889954,549.117431640625,595.4653930664062,0.16280628740787506,499.50714111328125,683.2172241210938,0.20229509472846985
27,86.55452728271484,118.16981506347656,0.9997397065162659,999.6039428710938,78.70885467529297,0.9998325109481812,89.90567016601562,1029.675537109375,0.9999172687530518,881.266357421875,1040.1307373046875,0.003919954877346754,331.6121520996094,499.8262023925781,0.9990622401237488,338.3227844238281,611.0743408203125,0.9996414184570312,277.5627746582031,560.1012573242188,0.9993577599525452,387.34417724609375,553.4707641601562,0.996099591255188,681.4612426757812,437.78607177734375,0.29968881607055664,610.362060546875,594.10498046875,0.6351751089096069,585.3280639648438,568.1480712890625,0.10804285109043121,650.9703979492188,508.4527893066406,0.022135185077786446,654.8007202148438,497.41815185546875,0.6739113330841064,690.0191650390625,511.26251220703125,0.9961756467819214,693.8134155273438,522.0895385742188,0.9943504929542542,561.4044189453125,260.4251708984375,0.5852759480476379,1043.4833984375,985.7626953125,0.9768666625022888,719.7937622070312,490.45733642578125,0.6908068060874939,574.8346557617188,213.31932067871094,0.26550012826919556,516.1180419921875,254.6289520263672,0.39382946491241455,571.3974609375,553.8610229492188,0.19783592224121094,433.0627746582031,541.8270874023438,0.07089303433895111,495.335205078125,693.2852783203125,0.9711402058601379
28,87.05519104003906,117.37934112548828,0.9997649788856506,998.1012573242188,81.7172622680664,0.9999746084213257,91.99729919433594,1029.1170654296875,0.9999359846115112,950.9844970703125,1083.0076904296875,0.0072683836333453655,331.4235534667969,499.85479736328125,0.9990391731262207,339.7108154296875,611.5653076171875,0.9993923902511597,278.1641540527344,560.8656005859375,0.9990174770355225,386.01190185546875,553.075927734375,0.9972947239875793,642.958740234375,443.2023010253906,0.282892107963562,619.8377685546875,637.7606811523438,0.326007217168808,591.726806640625,478.760498046875,0.2028968334197998,702.9512939453125,467.5312805175781,0.03283100575208664,660.9152221679688,494.42279052734375,0.985393226146698,687.1853637695312,506.08056640625,0.9989563226699829,697.2411499023438,519.3931884765625,0.9944661259651184,583.3943481445312,270.5717468261719,0.763469398021698,1047.4373779296875,989.5401000976562,0.9876245260238647,984.2986450195312,1066.4976806640625,0.747886061668396,789.0670776367188,584.0098266601562,0.45695948600769043,617.9403076171875,248.20208740234375,0.765110194683075,521.2189331054688,174.3802032470703,0.9959789514541626,433.84210205078125,540.4526977539062,0.009640000760555267,453.07843017578125,138.4191131591797,0.7742166519165039
29,84.89987182617188,116.4083480834961,0.9999148845672607,998.9609375,78.47564697265625,0.9999229907989502,91.15978240966797,1028.2509765625,0.9998981952667236,963.274658203125,1082.246826171875,0.003235824638977647,331.876708984375,499.2940979003906,0.9981054067611694,336.83905029296875,609.8460083007812,0.9994737505912781,277.21917724609375,558.6194458007812,0.9990301132202148,387.4416809082031,554.6602783203125,0.9963319897651672,643.4756469726562,459.9775390625,0.3246552646160126,625.1931762695312,588.4326171875,0.19268792867660522,592.295654296875,569.43701171875,0.48045116662979126,408.5930480957031,549.0305786132812,0.017496313899755478,451.3594665527344,146.35653686523438,0.9604580402374268,693.7794799804688,511.759033203125,0.9988842606544495,702.8074951171875,524.072021484375,0.9812335968017578,582.7044677734375,269.8726501464844,0.8532382249832153,1053.42822265625,994.5382080078125,0.973471999168396,984.29345703125,1066.0511474609375,0.9438369870185852,637.07861328125,673.712890625,0.5427153706550598,634.1420288085938,282.7131042480469,0.2646385431289673,581.1715698242188,1034.9586181640625,0.8551238775253296,559.4632568359375,687.34130859375,0.04054110124707222,560.9979248046875,689.3677978515625,0.1715414971113205
30,87.3736572265625,119.16448211669922,0.9989338517189026,999.0698852539062,78.52932739257812,0.9999357461929321,90.4283447265625,1027.3590087890625,0.9998847246170044,996.2182006835938,67.2274169921875,0.0044155726209282875,332.45953369140625,498.9620056152344,0.9975622892379761,336.2320861816406,608.9170532226562,0.9994608759880066,276.92547607421875,557.0194702148438,0.9987426400184631,387.4397277832031,553.64794921875,0.9957418441772461,622.05810546875,512.344482421875,0.038185663521289825,621.4050903320312,571.4524536132812,0.037246957421302795,591.8549194335938,571.541015625,0.12978245317935944,628.1878662109375,586.9061889648438,0.028680171817541122,664.5032348632812,492.75946044921875,0.879278302192688,688.154052734375,506.8486328125,0.9977133274078369,696.43115234375,523.0817260742188,0.9834887385368347,557.2841796875,259.36383056640625,0.9770129919052124,1053.54248046875,996.1620483398438,0.9289980530738831,769.0794677734375,554.97265625,0.8037102222442627,546.456298828125,193.6363525390625,0.6807381510734558,617.1642456054688,262.47674560546875,0.7905394434928894,584.4619140625,1036.0157470703125,0.042805273085832596,559.76220703125,586.7711791992188,0.4395851194858551,533.2156372070312,691.8511352539062,0.4666583240032196
31,87.07621765136719,118.6456527709961,0.9990612864494324,998.81103515625,77.66539001464844,0.999897837638855,91.07054901123047,1029.24365234375,0.9998553991317749,998.1422119140625,63.305145263671875,0.0034816768020391464,331.697998046875,498.589111328125,0.9977422952651978,337.3896179199219,610.4521484375,0.9996893405914307,275.5505676269531,556.364013671875,0.9991483688354492,386.4740905761719,555.2614135742188,0.9981684684753418,594.0990600585938,477.17388916015625,0.32621875405311584,777.1973876953125,533.6768188476562,0.10117471218109131,574.2120971679688,487.8056945800781,0.011432832106947899,613.3180541992188,429.0743713378906,0.011516907252371311,652.7212524414062,481.4557189941406,0.9358113408088684,682.8699340820312,495.8596496582031,0.9971994161605835,687.9303588867188,506.4566650390625,0.9958440661430359,517.4605102539062,245.5087127685547,0.993423342704773,1027.2149658203125,964.1557006835938,0.9988833069801331,757.0283203125,540.4427490234375,0.8767855167388916,483.970458984375,182.11497497558594,0.8065314888954163,1028.9893798828125,964.2662353515625,0.5212589502334595,372.0097961425781,188.0298309326172,0.21983416378498077,925.7914428710938,1089.8328857421875,0.010185702703893185,691.0022583007812,429.197509765625,0.08394526690244675
32,88.28717041015625,116.43861389160156,0.9984082579612732,999.064453125,79.04125213623047,0.9999388456344604,91.0598373413086,1028.66455078125,0.9998347759246826,1085.4686279296875,1088.5224609375,0.005881608929485083,331.3587646484375,498.2184143066406,0.9975361824035645,337.2911376953125,609.7074584960938,0.9996812343597412,275.1867980957031,555.2302856445312,0.9977173805236816,386.8435363769531,554.7081298828125,0.9980334639549255,664.0599975585938,417.20556640625,0.14088760316371918,778.4502563476562,534.541015625,0.026628803461790085,236.71441650390625,216.72569274902344,0.009756169281899929,692.728759765625,448.2926330566406,0.11462868750095367,234.93211364746094,201.65956115722656,0.9627451300621033,683.5706176757812,493.3293762207031,0.9991810917854309,687.4129638671875,508.8282775878906,0.9976626634597778,470.91912841796875,240.66282653808594,0.8367301225662231,1024.3150634765625,963.184326171875,0.8686637878417969,749.9922485351562,502.0204772949219,0.8373066782951355,486.5164794921875,314.7496032714844,0.686638593673706,370.74407958984375,264.0599365234375,0.881422758102417,591.95751953125,310.7311706542969,0.05403105169534683,433.6851501464844,541.528076171875,0.0014800302451476455,573.41796875,464.0405578613281,0.3353806436061859
33,85.08143615722656,117.83487701416016,0.9998189806938171,998.7930908203125,82.93135833740234,0.9999264478683472,91.82476806640625,1028.410400390625,0.9999144077301025,1066.8492431640625,1086.53857421875,0.18798688054084778,333.6035461425781,497.7647705078125,0.9954341053962708,335.0841064453125,609.1293334960938,0.9993956089019775,274.664306640625,554.0177001953125,0.9978911280632019,385.5586242675781,555.4612426757812,0.99776291847229,610.8810424804688,469.92437744140625,0.05946260690689087,604.053955078125,577.8028564453125,0.31188273429870605,206.3564910888672,210.8192901611328,0.010227805934846401,642.7041015625,488.5888977050781,0.013001018203794956,214.4707489013672,206.15809631347656,0.9968499541282654,674.9326782226562,501.6563720703125,0.9958266615867615,681.6236572265625,510.3988952636719,0.9618607759475708,463.1499328613281,238.45079040527344,0.9207596182823181,660.2863159179688,1037.356201171875,0.2884393036365509,744.8157348632812,508.33935546875,0.8855305910110474,351.5150146484375,180.04713439941406,0.9835830330848694,550.84375,231.01963806152344,0.8375046849250793,585.2987670898438,302.0779724121094,0.9758118987083435,649.8713989257812,374.1878356933594,0.014135884121060371,616.1085815429688,379.78070068359375,0.20882543921470642
34,86.08985900878906,117.20630645751953,0.999901294708252,998.6749267578125,78.34962463378906,0.9998663663864136,90.20398712158203,1028.93115234375,0.999925971031189,1020.7258911132812,1019.3550415039062,0.9998536109924316,334.636962890625,497.9620361328125,0.995962917804718,335.2928466796875,609.8880615234375,0.9994545578956604,274.8708190917969,553.489990234375,0.9987687468528748,385.7640686035156,554.600830078125,0.998633086681366,233.7792205810547,227.09283447265625,0.04417848959565163,784.9005737304688,576.3849487304688,0.8982998728752136,746.7391967773438,543.2716674804688,0.012603354640305042,622.3243408203125,510.8842468261719,0.0057117752730846405,221.79385375976562,206.72715759277344,0.991334855556488,894.7841186523438,970.1356201171875,0.8623064756393433,661.8031005859375,542.3164672851562,0.49319055676460266,451.7146301269531,237.24253845214844,0.8543968200683594,600.9522705078125,618.6681518554688,0.5426652431488037,727.9334106445312,526.525390625,0.936000645160675,359.2489318847656,176.3363494873047,0.9962918758392334,545.02294921875,228.03436279296875,0.9811129570007324,585.7930297851562,301.2949523925781,0.938421368598938,211.31541442871094,202.74252319335938,0.006765501108020544,598.2547607421875,403.1758117675781,0.06115886569023132
35,86.01983642578125,117.82997131347656,0.9998389482498169,1000.7628173828125,79.46835327148438,0.9998674392700195,91.34739685058594,1030.038330078125,0.9998815059661865,1022.3762817382812,1020.7955932617188,0.9997133612632751,335.56854248046875,498.1811218261719,0.990813672542572,334.8210144042969,610.7863159179688,0.9995203018188477,275.3966064453125,553.8172607421875,0.9979251623153687,385.6262512207031,554.27294921875,0.9981526732444763,836.3837890625,793.5897827148438,0.023360172286629677,763.6083984375,608.5403442382812,0.9900712966918945,730.6478271484375,564.5125732421875,0.3008418083190918,780.273193359375,553.5817260742188,0.2181364893913269,222.834228515625,204.33721923828125,0.9858534336090088,285.9822082519531,202.54742431640625,0.9774900078773499,305.40509033203125,206.48912048339844,0.5742337703704834,473.24591064453125,237.6950225830078,0.9856369495391846,822.1260986328125,858.3069458007812,0.7528326511383057,702.548095703125,583.3714599609375,0.9938088059425354,376.0953063964844,176.41250610351562,0.9729244112968445,578.837646484375,699.3676147460938,0.9624207019805908,570.0095825195312,284.1482238769531,0.760225772857666,559.079833984375,445.5191955566406,0.03435514494776726,188.83901977539062,176.30137634277344,0.05111118406057358
36,87.39060974121094,117.1080551147461,0.9998656511306763,1000.1959228515625,77.63563537597656,0.9998084902763367,89.81676483154297,1028.0733642578125,0.999880313873291,1022.217529296875,1021.2216186523438,0.9994615912437439,334.5865783691406,498.2635192871094,0.9926964044570923,334.9228515625,610.4994506835938,0.9992161989212036,275.8548889160156,553.4215087890625,0.9973708391189575,385.35247802734375,554.7870483398438,0.9937353730201721,676.1542358398438,380.5453186035156,0.006398550234735012,762.95166015625,782.5130615234375,0.025349117815494537,739.86279296875,588.5882568359375,0.039808113127946854,403.5483093261719,547.9002685546875,0.04016486927866936,222.72410583496094,202.00526428222656,0.9968144297599792,286.7408142089844,199.64111328125,0.9882149696350098,325.2283020019531,204.56460571289062,0.6114760637283325,464.82720947265625,238.20394897460938,0.9753696322441101,354.5388488769531,258.6009521484375,0.7345998883247375,361.1697692871094,173.79425048828125,0.7281320691108704,492.1637268066406,311.1062316894531,0.8571551442146301,546.01025390625,220.0836181640625,0.9765705466270447,579.9869995117188,293.7457275390625,0.9801216125488281,653.9602661132812,339.7518310546875,0.01878863200545311,535.1647338867188,662.7237548828125,0.07720212638378143
37,87.14818572998047,117.4936752319336,0.9996477365493774,999.7330932617188,81.47393035888672,0.9998347759246826,90.82462310791016,1030.1451416015625,0.9998420476913452,1020.329345703125,1019.782470703125,0.9997228980064392,334.302734375,498.2035217285156,0.9946894645690918,335.8016052246094,611.5880126953125,0.9994823932647705,275.8534851074219,555.3076171875,0.9978111386299133,385.82550048828125,554.119384765625,0.9952186942100525,727.7950439453125,495.26922607421875,0.022318292409181595,765.6431884765625,651.973388671875,0.008024168200790882,728.7810668945312,599.7716064453125,0.27637672424316406,785.44873046875,568.5120239257812,0.19859158992767334,224.00091552734375,196.0500946044922,0.9953239560127258,293.9349060058594,193.8470458984375,0.9962202906608582,326.04052734375,200.8369903564453,0.659880518913269,469.1087341308594,234.36871337890625,0.9748350977897644,355.7763977050781,254.82174682617188,0.7853631973266602,370.29278564453125,173.2723388671875,0.8491706848144531,487.5764465332031,314.7295227050781,0.9710298180580139,550.5164794921875,218.05819702148438,0.9692350029945374,577.5286865234375,291.63043212890625,0.9993995428085327,648.5269775390625,382.3014221191406,0.9910446405410767,693.85888671875,450.5923156738281,0.8126977682113647
38,86.37962341308594,119.51969909667969,0.999529242515564,999.143798828125,81.16307067871094,0.9998812675476074,89.69116973876953,1029.287841796875,0.9998464584350586,1021.7974853515625,1020.2904663085938,0.9996694326400757,334.7308654785156,498.6146545410156,0.9968902468681335,334.3835144042969,611.8788452148438,0.9992503523826599,275.47210693359375,555.0716552734375,0.9977777600288391,386.15087890625,556.854736328125,0.9980693459510803,708.166748046875,497.2052307128906,0.9995369911193848,755.3707275390625,714.0652465820312,0.9996821880340576,689.6564331054688,593.376220703125,0.9925395846366882,776.6443481445312,565.6591796875,0.9881910085678101,224.92845153808594,185.10256958007812,0.9990449547767639,295.6039123535156,185.0208282470703,0.9832453727722168,327.834716796875,192.99697875976562,0.8373860716819763,463.5234375,228.3566131591797,0.9888523817062378,354.135986328125,252.05459594726562,0.09368555247783661,368.7502746582031,163.45286560058594,0.9096181988716125,484.0936279296875,313.2447814941406,0.9201352596282959,545.4662475585938,212.85755920410156,0.9657303690910339,581.0166015625,296.16839599609375,0.9998258948326111,649.6782836914062,379.9862976074219,0.9611437320709229,689.70068359375,416.0010681152344,0.932961106300354
39,87.11260986328125,117.13897705078125,0.9995850920677185,998.9868774414062,80.2085952758789,0.9998182654380798,90.94986724853516,1030.6846923828125,0.9998284578323364,1022.5361938476562,1021.0202026367188,0.9997054934501648,334.9656066894531,498.4057312011719,0.9979568719863892,334.8954162597656,611.7239379882812,0.9993013143539429,275.9781494140625,555.121337890625,0.9979945421218872,386.6560974121094,555.6038208007812,0.9979799389839172,710.881591796875,495.6766052246094,0.9989521503448486,754.9180297851562,712.5625610351562,0.9997723698616028,685.7835083007812,593.7653198242188,0.9951954483985901,777.767578125,565.1356811523438,0.9961381554603577,234.84542846679688,173.46531677246094,0.9976728558540344,298.7513427734375,181.2290496826172,0.9876739382743835,335.6937255859375,187.66632080078125,0.7335560321807861,463.6768493652344,227.52471923828125,0.9867584109306335,356.1767883300781,250.7561798095703,0.3202374279499054,371.4479675292969,162.6641387939453,0.9850714206695557,482.4801025390625,312.2081604003906,0.7305180430412292,546.2789916992188,210.45057678222656,0.9558757543563843,581.9266967773438,297.7980041503906,0.9996820688247681,645.2340087890625,371.8749694824219,0.9717118740081787,699.1952514648438,414.8897705078125,0.9954007267951965
40,87.02944946289062,118.45913696289062,0.9992092251777649,1000.1716918945312,78.81129455566406,0.9997925162315369,88.74459075927734,1029.6771240234375,0.9998008608818054,1022.2689819335938,1020.6942749023438,0.9997085928916931,334.8643493652344,498.0850830078125,0.994931161403656,334.79876708984375,611.9869995117188,0.9992688298225403,276.1845703125,554.8111572265625,0.9963392019271851,386.69415283203125,557.0839233398438,0.998305082321167,714.1062622070312,495.79547119140625,0.9973891377449036,754.1175537109375,712.8163452148438,0.9999070167541504,683.5681762695312,592.2687377929688,0.9916404485702515,777.5928955078125,566.4763793945312,0.9836432337760925,232.69381713867188,168.3917236328125,0.9987297654151917,302.47210693359375,177.8843231201172,0.969761073589325,331.271240234375,182.78402709960938,0.6884669661521912,457.08721923828125,229.10775756835938,0.9917650818824768,356.7058410644531,246.20921325683594,0.20588679611682892,377.048095703125,161.32948303222656,0.43585366010665894,400.4874267578125,158.03565979003906,0.8751939535140991,547.2644653320312,212.02032470703125,0.9889611601829529,579.5702514648438,297.2283020019531,0.999790370464325,671.625244140625,384.84393310546875,0.43014806509017944,850.7504272460938,432.1704406738281,0.5202709436416626
41,86.36466979980469,116.94212341308594,0.9998794794082642,999.9979858398438,78.52916717529297,0.999725878238678,89.36744689941406,1028.5435791015625,0.9999206066131592,1023.468994140625,1020.4550170898438,0.9998289346694946,333.6673583984375,498.0466003417969,0.997282862663269,335.08538818359375,612.2305908203125,0.9994422793388367,276.4014892578125,554.96923828125,0.9970694184303284,385.3740539550781,556.9371948242188,0.9965967535972595,712.688232421875,496.0777893066406,0.9985160231590271,754.9327392578125,711.1641845703125,0.9998511075973511,686.1461181640625,593.748046875,0.9962596893310547,777.6401977539062,567.4781494140625,0.9911680221557617,236.00213623046875,160.65219116210938,0.9997888207435608,305.27313232421875,168.86172485351562,0.993726372718811,337.4447021484375,178.293212890625,0.3609338402748108,459.0180969238281,227.7034454345703,0.9914781451225281,352.2550048828125,240.00564575195312,0.40256887674331665,381.5269775390625,157.87405395507812,0.8552994728088379,481.5080871582031,312.76019287109375,0.8835314512252808,546.0919189453125,210.0704345703125,0.9889479875564575,580.5261840820312,297.5251770019531,0.9995346069335938,733.8553466796875,417.53900146484375,0.9754849672317505,858.5548706054688,431.8455810546875,0.8247833251953125
42,85.92159271240234,118.16683197021484,0.999700665473938,999.2352294921875,77.4854507446289,0.9997997879981995,88.83639526367188,1029.25732421875,0.999890923500061,1022.67724609375,1020.318115234375,0.9996059536933899,334.28814697265625,497.39447021484375,0.9964209794998169,335.13031005859375,611.4776000976562,0.9993689656257629,276.4363708496094,553.97412109375,0.9971089959144592,385.3682556152344,556.770751953125,0.9977213740348816,712.4902954101562,496.6488342285156,0.9984220266342163,756.66455078125,711.96923828125,0.9997805953025818,684.8668823242188,593.3010864257812,0.9931390881538391,777.840576171875,566.6909790039062,0.9960392713546753,234.1146240234375,155.98309326171875,0.9997488856315613,306.5714111328125,166.23704528808594,0.995520830154419,342.3019714355469,175.1876678466797,0.567543089389801,466.451904296875,227.14242553710938,0.9923182725906372,355.4818115234375,243.65733337402344,0.44753631949424744,378.6546936035156,154.27044677734375,0.8288798332214355,479.5102844238281,311.3114929199219,0.9336261749267578,547.722900390625,210.3640899658203,0.9894599914550781,580.103759765625,296.6767578125,0.9997071623802185,734.4166259765625,417.87896728515625,0.881482720375061,860.7898559570312,430.36151123046875,0.7540600895881653
43,86.86034393310547,117.8376693725586,0.9990059733390808,1001.2661743164062,80.13187408447266,0.9995933175086975,90.14894104003906,1030.0064697265625,0.9998956918716431,1023.9627075195312,1021.0142211914062,0.9998257756233215,334.6671447753906,498.0384826660156,0.9972813129425049,334.5895690917969,611.89404296875,0.9993975162506104,277.0691223144531,555.1500244140625,0.9983994364738464,385.5845947265625,556.8355712890625,0.9981585144996643,711.5123901367188,497.227294921875,0.9981303811073303,756.0003662109375,714.0409545898438,0.9998767375946045,684.7440185546875,592.6298828125,0.9942150712013245,777.6627807617188,566.3120727539062,0.9943726062774658,228.7196044921875,150.8358612060547,0.9973528385162354,307.3729553222656,163.88275146484375,0.9939917922019958,338.32647705078125,172.54705810546875,0.8059461116790771,463.0362243652344,230.05247497558594,0.9820333123207092,350.6430358886719,241.3363037109375,0.49950048327445984,382.9670715332031,152.61505126953125,0.7703037858009338,487.2176208496094,310.8992004394531,0.884884238243103,545.7362670898438,210.51876831054688,0.9954162836074829,580.1246948242188,295.38543701171875,0.9998950958251953,734.446533203125,417.20013427734375,0.9358055591583252,860.9335327148438,430.859619140625,0.8544294238090515
44,85.94902038574219,119.30282592773438,0.9993615746498108,1000.163330078125,80.11630249023438,0.99981290102005,90.2021484375,1029.2305908203125,0.9999018907546997,1024.315673828125,1020.4440307617188,0.9997369647026062,335.0950927734375,497.6634826660156,0.9975538849830627,334.63323974609375,611.3574829101562,0.9992157220840454,276.14154052734375,553.52783203125,0.9968100190162659,385.0793151855469,555.8350219726562,0.997867226600647,711.4008178710938,496.8194580078125,0.9991469383239746,757.3563232421875,713.7463989257812,0.9998112320899963,685.4143676757812,590.3472290039062,0.992695689201355,778.23046875,569.4818725585938,0.9880982041358948,252.9562530517578,180.7919464111328,0.9886549711227417,317.0804443359375,170.68057250976562,0.9981597065925598,351.5819396972656,176.06678771972656,0.9843358993530273,468.1983947753906,222.60511779785156,0.9885702729225159,358.2796325683594,237.4772186279297,0.9557105898857117,387.37298583984375,150.51309204101562,0.9928414821624756,476.59539794921875,310.44659423828125,0.9578655362129211,546.9586791992188,210.1543731689453,0.9960518479347229,580.0830688476562,296.82659912109375,0.9995204210281372,732.14697265625,416.5257873535156,0.8172883987426758,857.070556640625,427.66595458984375,0.8257442116737366
45,87.27410125732422,118.18757629394531,0.999680757522583,998.811767578125,78.71247863769531,0.9998373985290527,91.49650573730469,1028.9180908203125,0.9998940229415894,1024.7467041015625,1019.6968383789062,0.9997803568840027,335.03253173828125,497.91888427734375,0.9973956346511841,335.2996520996094,610.93603515625,0.9989017248153687,275.7590026855469,553.4722900390625,0.9971053004264832,385.84844970703125,555.6626586914062,0.9971644282341003,711.5587768554688,498.7422790527344,0.99905925989151,756.3272705078125,713.82470703125,0.9997188448905945,686.8284301757812,593.263671875,0.9962126016616821,776.6751098632812,566.8571166992188,0.9940635561943054,253.72792053222656,242.99392700195312,0.6241057515144348,302.95245361328125,193.76258850097656,0.9759358763694763,329.63525390625,192.51181030273438,0.9579638838768005,466.973876953125,217.7068634033203,0.9951006770133972,364.8958740234375,242.54855346679688,0.35817059874534607,413.19805908203125,153.54830932617188,0.3925457298755646,486.9814147949219,306.3804016113281,0.8517150282859802,550.3971557617188,211.33901977539062,0.9971018433570862,578.4945068359375,292.6458435058594,0.9997121691703796,725.9314575195312,415.203125,0.8319272398948669,858.6814575195312,429.16217041015625,0.6287307143211365
46,85.41495513916016,117.93645477294922,0.9997594952583313,998.1557006835938,77.46173095703125,0.9998610019683838,90.4057846069336,1029.1971435546875,0.9998611211776733,1024.6326904296875,1020.4647827148438,0.9998779296875,335.4309997558594,497.5408020019531,0.997346043586731,336.2922058105469,611.0692138671875,0.9993583559989929,276.1075439453125,554.0922241210938,0.995872437953949,385.94866943359375,554.69873046875,0.9970698356628418,709.7364501953125,498.37359619140625,0.9988954067230225,755.842041015625,714.132080078125,0.9997100234031677,683.7679443359375,593.79150390625,0.993237316608429,776.120849609375,567.768310546875,0.9954778552055359,261.7056884765625,272.48809814453125,0.8594837784767151,310.1132507324219,233.271240234375,0.9908820390701294,332.7064208984375,214.64712524414062,0.9619292616844177,464.9062194824219,216.6476593017578,0.9947988986968994,372.88800048828125,253.9095916748047,0.7926328182220459,345.8119812011719,176.9475860595703,0.5659379363059998,475.78997802734375,299.0236511230469,0.9927499294281006,556.8026123046875,209.8984832763672,0.9984467625617981,584.0861206054688,297.73956298828125,0.9957424998283386,705.3804931640625,403.39117431640625,0.8158860802650452,854.8899536132812,430.3411560058594,0.9599365592002869
47,87.76978302001953,118.63528442382812,0.999382734298706,998.2879638671875,79.06430053710938,0.9998767375946045,90.46925354003906,1027.4427490234375,0.999861478805542,1023.21484375,1020.7023315429688,0.9997580647468567,334.7073059082031,497.87896728515625,0.9976853132247925,335.72393798828125,611.7161254882812,0.9990507960319519,276.092529296875,555.0182495117188,0.9948539137840271,385.8041076660156,554.8612670898438,0.9972678422927856,710.7189331054688,498.4936828613281,0.9992314577102661,754.5263671875,714.0996704101562,0.9997784495353699,686.639404296875,594.8565673828125,0.9950984120368958,774.71533203125,565.642578125,0.9962990880012512,274.3099670410156,319.2497253417969,0.9631592035293579,323.1209716796875,242.2805633544922,0.986248791217804,347.68017578125,220.83462524414062,0.918861985206604,477.91748046875,216.461181640625,0.9940913319587708,387.04522705078125,262.8666076660156,0.9915760159492493,358.1676940917969,181.69728088378906,0.9643877148628235,485.81005859375,297.6720886230469,0.98231041431427,556.0914916992188,202.27328491210938,0.9992343187332153,579.4630126953125,288.1321105957031,0.9998815059661865,668.2174072265625,383.6720275878906,0.8314038515090942,860.0413208007812,429.3528747558594,0.9289955496788025
48,85.38690948486328,118.95439147949219,0.9997277855873108,999.70947265625,80.94927978515625,0.9999221563339233,89.89884185791016,1028.7401123046875,0.9999198913574219,1023.8126831054688,1020.6627197265625,0.9997327923774719,335.7542419433594,497.73382568359375,0.995354175567627,335.6316223144531,611.9649658203125,0.999064028263092,276.0104064941406,554.456298828125,0.9963447451591492,387.95440673828125,556.66845703125,0.9973976612091064,712.3325805664062,498.23455810546875,0.998404324054718,753.7896118164062,713.4719848632812,0.9996284246444702,687.4774780273438,598.3391723632812,0.9951730370521545,777.5756225585938,569.1060180664062,0.9920912981033325,322.9709777832031,349.22882080078125,0.9989945292472839,342.6798400878906,265.6329650878906,0.9962278604507446,354.6141662597656,239.77627563476562,0.9400643706321716,478.4565124511719,215.9215545654297,0.9919409155845642,401.6425476074219,267.2370910644531,0.9530065059661865,468.14227294921875,278.4730529785156,0.746659517288208,484.28985595703125,290.27508544921875,0.7854867577552795,556.4016723632812,198.13580322265625,0.9922351241111755,581.3475952148438,284.21728515625,0.999980092048645,687.820556640625,389.8226623535156,0.7750410437583923,852.5849609375,429.9726867675781,0.8614466190338135
49,86.95191955566406,117.33863830566406,0.9998199343681335,999.3326416015625,80.58232116699219,0.9999313354492188,90.58200073242188,1027.41552734375,0.9999479055404663,1023.0783081054688,1021.8839111328125,0.9995836615562439,334.982421875,498.4500427246094,0.9972272515296936,334.2525634765625,611.4183959960938,0.9991075396537781,276.20343017578125,553.5835571289062,0.9976159334182739,386.0048828125,556.0784912109375,0.9980177879333496,708.448486328125,499.1378173828125,0.9991934895515442,755.0789184570312,713.4588623046875,0.9998587369918823,686.365234375,597.9351806640625,0.9962735176086426,778.5763549804688,567.067626953125,0.9914455413818359,347.2845764160156,365.80584716796875,0.9992886781692505,362.5216064453125,278.7703552246094,0.9986019730567932,372.0379333496094,254.0679473876953,0.9603278636932373,473.3871154785156,215.59347534179688,0.9979764819145203,418.59454345703125,283.8023376464844,0.9705504179000854,354.0909423828125,215.77102661132812,0.9629502296447754,488.70806884765625,291.9080505371094,0.9642910361289978,559.8160400390625,201.19468688964844,0.8497125506401062,587.3426513671875,276.1714782714844,0.9999215602874756,733.5435180664062,410.33575439453125,0.8139321208000183,855.053466796875,427.5368347167969,0.8158674240112305
50,87.2728271484375,116.94021606445312,0.999434769153595,1000.4917602539062,76.82135772705078,0.9998511075973511,91.07261657714844,1029.9263916015625,0.9999186992645264,1024.053466796875,1020.6072998046875,0.9997360110282898,334.88739013671875,498.441650390625,0.9967325925827026,335.02386474609375,610.1326904296875,0.9991335272789001,275.5608215332031,554.5169067382812,0.9973522424697876,385.5365295410156,554.0528564453125,0.9987421631813049,708.073974609375,499.06060791015625,0.9989868998527527,754.7201538085938,714.8316650390625,0.9998925924301147,688.5,597.443603515625,0.9966070652008057,778.4345092773438,565.1229248046875,0.9983052015304565,365.4723815917969,393.4255676269531,0.9987004995346069,373.82958984375,313.87762451171875,0.9928816556930542,378.64263916015625,283.6801452636719,0.9560302495956421,483.2852783203125,215.55291748046875,0.9989936947822571,430.8266906738281,303.5837097167969,0.881649911403656,352.4808044433594,243.8167724609375,0.8895212411880493,499.1422119140625,288.5916442871094,0.9946742057800293,561.3744506835938,196.99977111816406,0.9759583473205566,590.4478759765625,273.1061706542969,0.9997151494026184,734.5302124023438,396.39227294921875,0.8310775756835938,853.9774780273438,424.8711853027344,0.7438666224479675
51,86.3089828491211,117.34376525878906,0.999697208404541,999.9221801757812,78.77771759033203,0.9998443126678467,90.8465805053711,1028.6937255859375,0.9999184608459473,1023.6652221679688,1021.665283203125,0.9996768236160278,334.5225830078125,497.39404296875,0.9982328414916992,334.8524169921875,610.8206787109375,0.999586284160614,275.65679931640625,554.0860595703125,0.9988059997558594,386.28631591796875,556.5098876953125,0.9985668063163757,706.4447021484375,497.29974365234375,0.9988088607788086,754.121826171875,714.968505859375,0.9998949766159058,686.2068481445312,597.5416870117188,0.9964447617530823,777.8975219726562,565.3881225585938,0.998105525970459,373.9306640625,411.4990234375,0.9961865544319153,384.4747619628906,329.9241027832031,0.9894382357597351,389.2939147949219,302.2195739746094,0.9467310309410095,477.8733825683594,208.16123962402344,0.9917240738868713,448.7636413574219,310.11669921875,0.9890690445899963,476.5454406738281,295.6612854003906,0.8425285220146179,365.0753479003906,253.53334045410156,0.16073156893253326,560.3447265625,191.2265625,0.9847121238708496,592.6432495117188,266.3285827636719,0.9999420642852783,737.2012939453125,391.50091552734375,0.8957117199897766,856.17431640625,423.219970703125,0.8058261275291443
52,87.24752044677734,117.38317108154297,0.9996464252471924,999.5958251953125,80.82267761230469,0.9999425411224365,90.79844665527344,1030.582763671875,0.999828577041626,1024.0118408203125,1022.2227172851562,0.9998121857643127,334.19390869140625,498.14678955078125,0.9985564351081848,335.6698913574219,610.5531005859375,0.9994986057281494,275.2500915527344,553.8517456054688,0.9983256459236145,386.2247009277344,554.8826904296875,0.9991737008094788,708.0977172851562,498.6918029785156,0.9975455403327942,754.9357299804688,714.5968627929688,0.9998475313186646,686.0156860351562,596.8448486328125,0.9958388805389404,777.90380859375,566.1522827148438,0.9981972575187683,373.1015319824219,424.6268615722656,0.9738908410072327,391.1457824707031,343.7538146972656,0.9470717906951904,395.0673828125,314.81072998046875,0.8127948641777039,468.19720458984375,209.468505859375,0.9890236854553223,450.9225158691406,314.1940612792969,0.8809381723403931,369.4133605957031,281.15606689453125,0.3500044643878937,368.33184814453125,267.8648681640625,0.17410396039485931,554.416015625,186.77963256835938,0.9548916816711426,591.009765625,264.9000244140625,0.9995905756950378,735.4259643554688,386.5753173828125,0.9873268008232117,857.6395263671875,424.456298828125,0.9330124855041504
53,84.76751708984375,119.01960754394531,0.9997896552085876,999.0603637695312,81.24327850341797,0.9998770952224731,91.9955062866211,1029.6851806640625,0.9998619556427002,1023.4224853515625,1020.8239135742188,0.9996540546417236,334.5537109375,498.84344482421875,0.9985209107398987,334.9558410644531,611.48095703125,0.9993662238121033,275.5340270996094,553.6996459960938,0.9980714917182922,386.9700927734375,556.3488159179688,0.9986653327941895,709.5618896484375,497.53314208984375,0.99863201379776,754.0242309570312,714.9835205078125,0.9998254179954529,685.2838745117188,595.1458740234375,0.9969121217727661,780.1353759765625,564.8095092773438,0.9985567927360535,368.2096862792969,423.07666015625,0.9956374764442444,382.6744384765625,345.8287658691406,0.972260594367981,393.4906921386719,315.44989013671875,0.7703793048858643,464.15869140625,213.69241333007812,0.9841421246528625,450.1186218261719,319.61279296875,0.9870247840881348,368.0132751464844,280.42333984375,0.7027471661567688,366.3461608886719,268.75640869140625,0.1407662332057953,560.0049438476562,185.47190856933594,0.9608055949211121,591.350830078125,262.19097900390625,0.999734103679657,737.3546752929688,388.64605712890625,0.9870626330375671,853.14599609375,424.7467346191406,0.9048586487770081
54,86.95662689208984,119.23832702636719,0.9996179342269897,999.308349609375,80.82455444335938,0.9999192953109741,90.94029998779297,1029.4532470703125,0.999768078327179,1024.37158203125,1021.8035278320312,0.9996545314788818,334.7017822265625,498.12799072265625,0.9980564117431641,334.2940979003906,611.2987670898438,0.999231219291687,274.92559814453125,553.087158203125,0.9980108141899109,386.4094543457031,555.9614868164062,0.9984642267227173,709.0512084960938,497.9561767578125,0.9980559349060059,754.3553466796875,713.758544921875,0.9997438788414001,685.9322509765625,593.5838623046875,0.9935522079467773,779.9480590820312,561.2422485351562,0.9957298636436462,360.4646301269531,417.3275146484375,0.9954284429550171,376.3857116699219,338.3168640136719,0.9686807990074158,383.1807861328125,308.998779296875,0.7359440326690674,470.3368225097656,213.87777709960938,0.992827832698822,443.3585205078125,327.2828063964844,0.7343699336051941,367.6319580078125,269.7578125,0.45542818307876587,365.67889404296875,257.9560241699219,0.5830904245376587,559.1016235351562,186.70066833496094,0.9667403697967529,591.9813842773438,262.11895751953125,0.9999018907546997,737.830810546875,385.54547119140625,0.9798499345779419,853.5851440429688,424.6623229980469,0.955695629119873
55,86.44554138183594,119.24652099609375,0.9994957447052002,999.2787475585938,80.04273223876953,0.9999237060546875,91.61550903320312,1029.1307373046875,0.999800980091095,1023.7444458007812,1021.3750610351562,0.999744713306427,333.33905029296875,498.6612548828125,0.9987925291061401,333.5447082519531,610.5470581054688,0.9989526271820068,277.2364196777344,554.8907470703125,0.9986973404884338,386.54339599609375,555.3944091796875,0.9983910322189331,708.778564453125,496.3917541503906,0.9961541295051575,753.7030029296875,713.812255859375,0.9997081160545349,686.2608642578125,594.63427734375,0.9949106574058533,780.104248046875,565.3511962890625,0.9902935028076172,348.9368591308594,410.8761291503906,0.9988889098167419,372.1605224609375,333.02252197265625,0.9903712868690491,382.7977600097656,304.9140930175781,0.8400689959526062,470.62579345703125,215.5838165283203,0.9907388687133789,439.2479553222656,324.1987609863281,0.9679602980613708,363.3572692871094,266.62274169921875,0.45161035656929016,360.1065368652344,257.73541259765625,0.6466483473777771,558.9920654296875,190.54884338378906,0.9703514575958252,593.6719360351562,261.6246337890625,0.9998911619186401,740.661865234375,389.7356872558594,0.9528976082801819,851.3457641601562,425.496337890625,0.43483251333236694
56,85.54984283447266,118.7726821899414,0.999652624130249,1000.3464965820312,79.50167846679688,0.9998905658721924,90.88063049316406,1028.7310791015625,0.9998774528503418,1024.510986328125,1020.52978515625,0.9997687935829163,333.26190185546875,499.16943359375,0.9990975856781006,334.9877014160156,611.3094482421875,0.9991925358772278,275.8268737792969,554.8981323242188,0.9987143278121948,387.0013427734375,556.8286743164062,0.9986311793327332,710.8604736328125,496.9400939941406,0.9949325919151306,754.91064453125,713.7588500976562,0.9997685551643372,686.6679077148438,595.2788696289062,0.9942789077758789,779.0772094726562,562.7100219726562,0.9962295889854431,341.87432861328125,403.553466796875,0.996118426322937,364.2565612792969,324.6826171875,0.9892240166664124,380.1914978027344,295.3086242675781,0.7444190979003906,471.9140625,215.35177612304688,0.9956080317497253,432.9999694824219,314.573974609375,0.993180513381958,358.832763671875,259.1131896972656,0.7656396627426147,358.9640197753906,246.69065856933594,0.4877628684043884,559.239013671875,192.6570281982422,0.9356276988983154,593.7809448242188,262.28424072265625,0.9998806715011597,737.734375,388.0439453125,0.8866080045700073,851.6011962890625,425.1007995605469,0.6072263717651367
57,86.57878112792969,118.58824920654297,0.9996935129165649,999.006591796875,77.15445709228516,0.9998509883880615,90.32881927490234,1028.6063232421875,0.999811589717865,1023.7906494140625,1019.7753295898438,0.9997846484184265,332.2702331542969,499.2080383300781,0.9989118576049805,336.0855712890625,610.4898681640625,0.9992275238037109,274.2250671386719,555.2492065429688,0.9988747239112854,386.4357604980469,554.4586791992188,0.9986802935600281,710.1771240234375,497.7304992675781,0.9972000122070312,754.7548828125,713.35888671875,0.999799907207489,687.3665771484375,595.5301513671875,0.9963839054107666,780.06494140625,564.7364501953125,0.9959010481834412,331.8685302734375,395.4169616699219,0.959725022315979,361.24273681640625,318.1535949707031,0.9842735528945923,381.2012939453125,289.82720947265625,0.696419358253479,468.7936096191406,213.4833221435547,0.9977612495422363,428.580322265625,315.63134765625,0.9932401180267334,356.88037109375,255.85275268554688,0.8900039792060852,356.77801513671875,246.4547882080078,0.5646346807479858,560.39990234375,192.7107391357422,0.976125955581665,593.5374755859375,263.4722900390625,0.9999011754989624,737.2685546875,387.15869140625,0.8316771984100342,853.62255859375,424.8049621582031,0.7782855033874512
58,86.83335876464844,119.94493865966797,0.9990686774253845,999.640380859375,79.15400695800781,0.9998200535774231,91.27454376220703,1029.259033203125,0.9999035596847534,1025.4285888671875,1020.3486938476562,0.9998382329940796,331.2215881347656,499.4371643066406,0.9992074370384216,336.0222473144531,610.7066040039062,0.998958945274353,274.24444580078125,556.4296264648438,0.9984244108200073,387.5178527832031,554.0953979492188,0.995196521282196,712.1975708007812,497.0877685546875,0.9965488314628601,754.8035278320312,712.2781982421875,0.9997928738594055,686.8097534179688,593.9547119140625,0.9937077760696411,780.0408935546875,563.0696411132812,0.9975107908248901,331.76422119140625,389.7776794433594,0.9886962175369263,360.2137145996094,314.10003662109375,0.9861878752708435,391.32861328125,292.90191650390625,0.7557748556137085,472.3424987792969,213.93226623535156,0.9951539039611816,428.15667724609375,311.8614807128906,0.9707375168800354,360.0993957519531,245.97576904296875,0.9021713733673096,358.8686828613281,239.47686767578125,0.8563545942306519,557.8302612304688,185.78753662109375,0.9691064953804016,595.2861938476562,264.54083251953125,0.9998973608016968,741.65673828125,390.54290771484375,0.9665039777755737,859.8853149414062,423.5422058105469,0.5572914481163025
59,87.05555725097656,117.95114135742188,0.9995682835578918,999.5542602539062,78.91697692871094,0.9998419284820557,89.7050552368164,1029.8358154296875,0.999868631362915,1025.2607421875,1020.1243286132812,0.999808132648468,333.432861328125,498.7288818359375,0.9989251494407654,336.3099670410156,611.74755859375,0.9992867112159729,274.4881286621094,555.2764892578125,0.9979549646377563,385.96478271484375,555.2933959960938,0.9982531666755676,707.1212158203125,498.23583984375,0.9970421195030212,755.028564453125,712.3844604492188,0.9998300075531006,687.5104370117188,593.3886108398438,0.9971275925636292,778.1868896484375,569.4822998046875,0.9911702871322632,323.2537536621094,383.8119201660156,0.9911372661590576,353.4469299316406,309.8365478515625,0.9963078498840332,388.3123779296875,291.5794372558594,0.6714171171188354,469.9029846191406,213.65084838867188,0.9975293278694153,425.3653259277344,307.35968017578125,0.9479982256889343,357.3143310546875,242.2955322265625,0.9707033634185791,358.239501953125,234.27578735351562,0.37852686643600464,555.5194091796875,192.43136596679688,0.9581876397132874,595.06640625,263.88824462890625,0.9998204112052917,738.3796997070312,389.54345703125,0.8181699514389038,864.7201538085938,425.4107971191406,0.5731269121170044
60,86.94868469238281,117.412841796875,0.9990561604499817,998.56787109375,77.51283264160156,0.9997705817222595,89.27401733398438,1028.225341796875,0.9999338388442993,1025.3780517578125,1021.4874267578125,0.9998587369918823,331.8410339355469,499.04046630859375,0.998297393321991,336.9181823730469,610.8158569335938,0.9995256662368774,276.08697509765625,555.5300903320312,0.9992372989654541,386.04852294921875,553.5439453125,0.9982910752296448,708.919189453125,497.05950927734375,0.9978419542312622,754.385498046875,713.503173828125,0.999829888343811,686.404541015625,592.8886108398438,0.9958916902542114,778.10986328125,567.922119140625,0.9927783608436584,314.8290710449219,372.02227783203125,0.9933428764343262,350.45587158203125,307.95965576171875,0.984717071056366,389.7756652832031,289.4833068847656,0.765081524848938,472.33612060546875,217.84580993652344,0.9870147705078125,425.176025390625,309.2574462890625,0.8783540725708008,359.5284118652344,236.96295166015625,0.9504603147506714,360.4169921875,230.29464721679688,0.6250876784324646,552.486328125,180.62413024902344,0.9927898049354553,596.7108154296875,262.2651672363281,0.9999250173568726,740.56494140625,389.7124328613281,0.9476484656333923,865.9576416015625,428.4619140625,0.15346235036849976
61,85.68540954589844,116.7291259765625,0.999722421169281,997.6841430664062,81.69935607910156,0.9997777342796326,89.8313980102539,1028.2626953125,0.9998825788497925,1021.8631591796875,1022.3429565429688,0.9995866417884827,332.0475769042969,498.1733703613281,0.9968478083610535,335.33538818359375,610.89453125,0.9994624257087708,276.1827087402344,553.547607421875,0.9982656836509705,385.4967956542969,555.9437866210938,0.9977733492851257,709.3811645507812,496.0986328125,0.9992284774780273,754.810791015625,713.9796142578125,0.999921441078186,686.3963623046875,593.47412109375,0.996523916721344,777.862548828125,566.9537963867188,0.9908402562141418,313.2396545410156,372.2850341796875,0.9981352090835571,354.43182373046875,299.57501220703125,0.9867652654647827,504.05792236328125,273.1261901855469,0.9312589168548584,475.45916748046875,213.8555145263672,0.9970998764038086,425.8951416015625,296.8974609375,0.9832541346549988,360.21966552734375,234.435302734375,0.8850144743919373,362.3330993652344,224.6331329345703,0.5398998260498047,551.288330078125,190.414794921875,0.9633920192718506,595.7421264648438,263.5594482421875,0.9998489618301392,719.2086791992188,368.3510437011719,0.7943339347839355,849.226806640625,429.51873779296875,0.9042580127716064
62,86.88140869140625,118.35386657714844,0.9997995495796204,999.1261596679688,77.85639190673828,0.9998291730880737,90.71533966064453,1028.03759765625,0.9999152421951294,1024.267578125,1020.595703125,0.9997115731239319,334.5137634277344,498.3247375488281,0.9976256489753723,334.5542297363281,611.156005859375,0.9993047714233398,276.0305480957031,553.7691650390625,0.9984995126724243,386.6202392578125,556.4073486328125,0.9973087310791016,707.877685546875,495.88641357421875,0.9976365566253662,754.1640014648438,715.0420532226562,0.9998705387115479,688.0570068359375,593.4241333007812,0.9946871995925903,779.7152709960938,563.3812255859375,0.990878164768219,319.3559265136719,361.8131408691406,0.9946160912513733,356.5575866699219,294.8865966796875,0.9987533092498779,503.50323486328125,275.00238037109375,0.9308475255966187,479.2898864746094,213.23960876464844,0.9932922124862671,423.7038879394531,308.12908935546875,0.9692970514297485,365.73516845703125,223.6817626953125,0.8990612030029297,373.6494445800781,210.1665496826172,0.36560386419296265,557.1175537109375,190.95681762695312,0.9874869585037231,596.0658569335938,263.51336669921875,0.9999275207519531,740.6559448242188,388.2079162597656,0.8847887516021729,855.5545654296875,426.59088134765625,0.9364024996757507
63,86.4761962890625,117.63853454589844,0.9997616410255432,1000.8435668945312,79.11882781982422,0.9998099207878113,91.17644500732422,1030.0133056640625,0.9998531341552734,1022.3883056640625,1021.36181640625,0.9995458722114563,334.0160217285156,498.72235107421875,0.9987119436264038,334.81298828125,611.58154296875,0.999114453792572,276.5498046875,554.4968872070312,0.9986009001731873,386.937744140625,557.41357421875,0.9979099631309509,707.1422729492188,497.1235046386719,0.9986441731452942,754.7562255859375,714.6640625,0.9997733235359192,686.56591796875,595.2742919921875,0.9960885047912598,778.3834838867188,563.9364013671875,0.9916497468948364,317.72784423828125,354.7580871582031,0.9898524880409241,361.2051086425781,286.7085266113281,0.9888315200805664,504.0695495605469,275.4482727050781,0.9809257388114929,483.3483581542969,211.65585327148438,0.9979415535926819,429.68218994140625,295.29339599609375,0.9764776229858398,367.3470458984375,223.2548370361328,0.9702343940734863,367.9649658203125,214.85382080078125,0.07339607179164886,558.8641967773438,189.6231689453125,0.9766513705253601,593.6822509765625,262.67730712890625,0.9999109506607056,719.9322509765625,366.2126159667969,0.6461877822875977,856.1161499023438,428.3045349121094,0.9769154787063599
64,86.48004150390625,117.28485107421875,0.9990243911743164,1001.9489135742188,77.90015411376953,0.9996070265769958,89.8917236328125,1028.8450927734375,0.9998897314071655,1024.1611328125,1021.4544067382812,0.9997441172599792,332.8009948730469,498.4376220703125,0.9981422424316406,337.0238037109375,610.526611328125,0.9991450309753418,277.04803466796875,554.2471313476562,0.9982158541679382,387.111083984375,555.75439453125,0.9979366064071655,709.1553344726562,495.8862609863281,0.9969255328178406,755.4910888671875,714.0068359375,0.9997949004173279,686.4623413085938,593.2599487304688,0.9913085103034973,777.3828125,561.9220581054688,0.9847842454910278,308.5451354980469,327.9521179199219,0.9342139363288879,353.83575439453125,284.5256652832031,0.9977343082427979,504.7749328613281,276.841064453125,0.995198667049408,484.9984436035156,211.7017364501953,0.9971420168876648,425.7516174316406,292.0860595703125,0.964534342288971,377.8603820800781,217.72052001953125,0.9128485321998596,546.7731323242188,279.2749328613281,0.21884267032146454,559.5407104492188,192.8119354248047,0.9861328601837158,595.5929565429688,261.7108459472656,0.9999396800994873,743.615234375,393.5118408203125,0.9327998161315918,855.72900390625,429.6688232421875,0.9605363607406616
65,86.89803314208984,116.7657699584961,0.999805748462677,998.1924438476562,78.020263671875,0.9999322891235352,90.35824584960938,1028.76318359375,0.99983811378479,1024.124755859375,1020.8546142578125,0.9995146989822388,335.0796203613281,498.513916015625,0.9980469942092896,335.5593566894531,610.5997924804688,0.9989187717437744,275.8165283203125,554.92236328125,0.9984689354896545,386.2840881347656,555.6680908203125,0.9976240992546082,710.9614868164062,494.6560363769531,0.9957495927810669,754.6929931640625,713.1033325195312,0.9997592568397522,688.5738525390625,594.83447265625,0.9956725835800171,777.6146850585938,567.29833984375,0.9780877828598022,285.2211608886719,265.5942077636719,0.816744327545166,356.521240234375,258.3483581542969,0.9990286827087402,386.32086181640625,249.5667724609375,0.9639920592308044,486.1362609863281,213.4513397216797,0.9974886178970337,423.6811828613281,300.34716796875,0.6683043241500854,394.7794494628906,207.82830810546875,0.9453179836273193,402.09490966796875,188.52960205078125,0.16052965819835663,558.3265380859375,191.20716857910156,0.967585563659668,594.363525390625,262.2879638671875,0.9997972846031189,745.9581298828125,386.4987487792969,0.972326397895813,859.86181640625,424.2521667480469,0.8365519046783447
66,86.11029052734375,118.29718780517578,0.9998573064804077,998.6820678710938,76.74809265136719,0.9998670816421509,90.97779083251953,1028.9990234375,0.9999325275421143,1025.1890869140625,1021.829833984375,0.9996428489685059,334.3733825683594,497.9503173828125,0.9967161417007446,335.7016296386719,610.8501586914062,0.9993890523910522,275.9495849609375,554.0658569335938,0.9988711476325989,386.71337890625,554.2511596679688,0.9969273209571838,710.7835693359375,495.6714782714844,0.9949948787689209,755.3966064453125,713.7265014648438,0.9998231530189514,687.304931640625,594.2789916992188,0.9906330108642578,779.634765625,568.0355834960938,0.9855368733406067,505.40643310546875,302.24578857421875,0.49973806738853455,350.5700988769531,215.17669677734375,0.9732351899147034,383.8800354003906,219.45114135742188,0.9378235936164856,483.0203552246094,213.04019165039062,0.9948076605796814,324.5552673339844,265.6398620605469,0.145223930478096,397.0615539550781,178.4084014892578,0.9785982966423035,398.1336364746094,178.74342346191406,0.12668229639530182,558.675048828125,187.8701934814453,0.9596745371818542,595.4121704101562,262.7605895996094,0.9999234676361084,745.0860595703125,385.8092041015625,0.978156566619873,855.1807861328125,427.9070739746094,0.99177086353302
67,87.11140441894531,119.71228790283203,0.9996868371963501,999.6119384765625,79.1971435546875,0.9998674392700195,90.4781265258789,1029.234375,0.9998791217803955,1023.6633911132812,1021.8003540039062,0.9997450709342957,334.6050720214844,498.271728515625,0.9968593120574951,336.80224609375,611.3681640625,0.9995759129524231,275.2605285644531,553.990234375,0.998339056968689,385.34185791015625,553.8750610351562,0.994507372379303,711.0194091796875,495.97650146484375,0.9970952272415161,755.0887451171875,714.7766723632812,0.9998496770858765,686.7791748046875,593.0072021484375,0.9882977604866028,779.083984375,568.0300903320312,0.9862824082374573,273.1734619140625,172.462890625,0.9988213181495667,352.00445556640625,175.97348022460938,0.7853952646255493,385.0123291015625,188.09652709960938,0.7698582410812378,485.0062255859375,218.40560913085938,0.9739921689033508,388.02056884765625,252.51992797851562,0.13588006794452667,422.4430236816406,159.8922119140625,0.7531925439834595,519.1114501953125,285.20001220703125,0.4953082501888275,550.4259643554688,193.64324951171875,0.9730062484741211,595.0703125,265.8907775878906,0.9998676776885986,738.5536499023438,377.7289123535156,0.9803982377052307,851.1776123046875,423.1379089355469,0.20208343863487244
68,87.0782699584961,116.29437255859375,0.9998249411582947,999.2987670898438,77.66106414794922,0.999829888343811,91.12493133544922,1027.6773681640625,0.999879002571106,1024.05029296875,1021.2332153320312,0.9997038245201111,335.63873291015625,498.73663330078125,0.9974164962768555,335.0213317871094,611.1723022460938,0.999281108379364,275.0198669433594,554.2853393554688,0.9981594681739807,386.3455505371094,553.7592163085938,0.996820330619812,709.6975708007812,496.96856689453125,0.9967589974403381,754.7477416992188,712.6287231445312,0.9997878670692444,689.4077758789062,595.2565307617188,0.9980425834655762,777.6897583007812,564.3276977539062,0.9888518452644348,283.4336242675781,113.84272766113281,0.975524365901947,347.08038330078125,145.5610809326172,0.9420691728591919,395.494384765625,170.72930908203125,0.9422037601470947,496.4394226074219,228.41598510742188,0.9335457682609558,332.990234375,202.21389770507812,0.7802954912185669,492.5396423339844,169.52554321289062,0.5046032667160034,505.92486572265625,300.44744873046875,0.29779544472694397,550.8592529296875,195.08595275878906,0.9605112671852112,594.6659545898438,269.67706298828125,0.9986782670021057,739.1592407226562,378.59869384765625,0.977747917175293,851.3936767578125,425.17279052734375,0.09085505455732346
69,85.24296569824219,118.33547973632812,0.9985899329185486,999.7390747070312,78.99344635009766,0.9998470544815063,90.95313262939453,1027.866455078125,0.9999213218688965,1023.1265258789062,1021.1229248046875,0.999699592590332,336.13726806640625,498.42254638671875,0.9970600008964539,334.8166198730469,611.091552734375,0.9994683861732483,275.5913391113281,553.9466552734375,0.9987013339996338,386.4670104980469,554.6127319335938,0.9973827004432678,709.0516967773438,497.444091796875,0.9990054965019226,753.8857421875,713.0733032226562,0.9998142123222351,686.3799438476562,593.5833740234375,0.9947943091392517,778.64990234375,566.4610595703125,0.9975975155830383,290.5959167480469,80.09610748291016,0.9745814204216003,364.04339599609375,133.63735961914062,0.7698632478713989,401.8699951171875,166.25152587890625,0.7937054634094238,485.4667663574219,225.40185546875,0.9551449418067932,421.9494323730469,245.64796447753906,0.22433365881443024,447.7615051269531,154.34716796875,0.8551519513130188,489.16656494140625,294.4793395996094,0.6304690837860107,547.1279907226562,194.90426635742188,0.9246901869773865,589.9432983398438,270.71142578125,0.9987642765045166,737.6206665039062,377.31768798828125,0.9810834527015686,888.845458984375,406.9385681152344,0.3247520625591278
70,85.34809112548828,117.71812438964844,0.9997860789299011,998.8953857421875,79.62239837646484,0.9999018907546997,91.31778717041016,1028.650634765625,0.9998759031295776,1022.39404296875,1021.3912963867188,0.9995025396347046,334.82867431640625,498.30743408203125,0.9984548091888428,334.7574768066406,610.8922729492188,0.9991949200630188,276.035888671875,555.0604248046875,0.9990972280502319,386.43255615234375,554.1139526367188,0.9974803328514099,712.01220703125,496.5455017089844,0.9980459213256836,754.6107788085938,713.3563232421875,0.9998027682304382,686.1585083007812,589.3106079101562,0.9971265196800232,779.25390625,561.3324584960938,0.994464099407196,306.8955078125,38.35710525512695,0.9988996982574463,367.4445495605469,107.51793670654297,0.9667468070983887,395.01580810546875,136.40390014648438,0.971137285232544,482.23016357421875,219.77435302734375,0.795516848564148,361.57354736328125,187.13543701171875,0.5151475071907043,430.020263671875,120.72600555419922,0.32475394010543823,479.5241394042969,290.377685546875,0.19107398390769958,543.9514770507812,202.54168701171875,0.7166814804077148,582.7028198242188,271.7169189453125,0.9987881779670715,732.26025390625,367.9363708496094,0.9845206141471863,896.0464477539062,405.7065734863281,0.5191738605499268
71,87.29133605957031,115.92740631103516,0.9998791217803955,1001.49267578125,77.05343627929688,0.9997522234916687,90.33441162109375,1028.3734130859375,0.9998466968536377,1023.039306640625,1021.5963134765625,0.9994149208068848,334.1241455078125,498.29608154296875,0.9976757168769836,335.9349060058594,612.3536987304688,0.9996110796928406,275.7033996582031,554.1983032226562,0.9983084201812744,387.1722106933594,553.2650146484375,0.994915246963501,713.0409545898438,496.10064697265625,0.9987303614616394,754.6259155273438,713.3433227539062,0.9997983574867249,685.3438110351562,593.614990234375,0.9941996335983276,777.3425903320312,568.0179443359375,0.9958536624908447,333.097900390625,4.7547688484191895,0.857212245464325,387.04876708984375,95.84856414794922,0.8192779421806335,402.2731628417969,126.41154479980469,0.9884703159332275,486.86590576171875,224.5247039794922,0.9149830937385559,393.8250732421875,198.1202392578125,0.5850193500518799,447.8356018066406,133.74330139160156,0.9000897407531738,494.2584228515625,293.17840576171875,0.8759870529174805,549.3416748046875,204.797607421875,0.9417198896408081,581.71728515625,274.7778015136719,0.9990805387496948,733.6865234375,372.36456298828125,0.9891687631607056,849.9425048828125,427.2843933105469,0.49713438749313354
72,87.13270568847656,119.09965515136719,0.9993938207626343,999.2648315429688,79.38599395751953,0.9999182224273682,89.8021240234375,1028.6824951171875,0.9998518228530884,1022.6853637695312,1021.3851928710938,0.9994863271713257,336.12530517578125,498.54815673828125,0.9974460601806641,334.7634582519531,612.0272827148438,0.9993411898612976,276.0520935058594,554.6293334960938,0.9980182647705078,385.629638671875,555.494140625,0.9974017143249512,710.9910278320312,496.5768737792969,0.9987837672233582,754.623779296875,713.186767578125,0.9997207522392273,687.98681640625,593.452392578125,0.9976592063903809,777.4351196289062,564.3486328125,0.9972625970840454,376.22113037109375,5.790787696838379,0.5491319298744202,393.18377685546875,83.52234649658203,0.8919776082038879,404.1650695800781,120.65498352050781,0.9970511198043823,480.7528991699219,226.3109893798828,0.9667859077453613,378.15435791015625,170.46348571777344,0.19290389120578766,445.883544921875,132.75808715820312,0.9001426696777344,485.4676208496094,290.3111572265625,0.9766124486923218,530.8152465820312,202.73910522460938,0.9722779393196106,577.5191040039062,279.9082336425781,0.9994946718215942,733.5480346679688,380.46563720703125,0.9467694163322449,850.572998046875,427.2492370605469,0.5897505879402161
73,86.85527038574219,118.97232055664062,0.9997879862785339,1000.365234375,77.57270050048828,0.9998776912689209,90.54662322998047,1027.767822265625,0.9999337196350098,1022.5442504882812,1021.7883911132812,0.999649167060852,335.44915771484375,498.3151550292969,0.9970220923423767,335.8080749511719,611.5969848632812,0.9993355870246887,276.6773376464844,555.4244384765625,0.9980352520942688,386.2064514160156,554.9124755859375,0.9968519806861877,711.1826782226562,496.4559020996094,0.9984196424484253,754.8912353515625,714.2084350585938,0.9998158812522888,688.3576049804688,595.3078002929688,0.9985927939414978,778.2465209960938,566.673095703125,0.9965711832046509,421.8572998046875,93.45653533935547,0.09275003522634506,415.5326843261719,93.56749725341797,0.7691264152526855,418.77972412109375,115.85263061523438,0.9596010446548462,478.82012939453125,233.35052490234375,0.9789463877677917,378.4752197265625,17.3323974609375,0.5448949337005615,447.1990966796875,137.24403381347656,0.9414539337158203,475.40673828125,287.2198486328125,0.7198688983917236,530.8349609375,211.89117431640625,0.9990419745445251,569.4364624023438,279.20306396484375,0.9994072914123535,728.6412963867188,380.1468505859375,0.8509714603424072,849.0974731445312,431.4934387207031,0.9452382922172546
74,86.82950592041016,118.48652648925781,0.999835729598999,1000.8659057617188,80.10260772705078,0.9997896552085876,89.89739990234375,1028.59326171875,0.9998144507408142,1023.59619140625,1021.585205078125,0.9996788501739502,337.8189697265625,498.25384521484375,0.9957923889160156,333.4482116699219,611.6399536132812,0.9995331764221191,277.3729553222656,553.546142578125,0.9981818199157715,386.96478271484375,555.9711303710938,0.9972860813140869,708.9631958007812,497.4155578613281,0.9980962872505188,753.65771484375,714.3016357421875,0.9998307228088379,686.3871459960938,595.23388671875,0.9969853758811951,777.06005859375,565.0308227539062,0.9974236488342285,428.1502685546875,0.375199556350708,0.25580039620399475,428.5964660644531,45.640716552734375,0.8682401180267334,436.8193054199219,121.0511703491211,0.9925664663314819,479.79736328125,231.50523376464844,0.9891022443771362,388.33551025390625,89.66332244873047,0.2604336440563202,469.58465576171875,143.13861083984375,0.7247876524925232,478.17718505859375,288.7591857910156,0.901781439781189,531.1263427734375,213.1658172607422,0.9985648989677429,571.7702026367188,282.5377502441406,0.9965278506278992,728.1765747070312,373.3681335449219,0.9220868945121765,797.6046142578125,429.18170166015625,0.6131998896598816
75,86.68684387207031,117.57769775390625,0.9998290538787842,999.7398071289062,78.27062225341797,0.9998201727867126,89.65243530273438,1027.9566650390625,0.9998142123222351,1024.1715087890625,1021.7437133789062,0.9997041821479797,339.2380065917969,498.146240234375,0.9952358603477478,332.2501220703125,611.2219848632812,0.9995543360710144,277.06414794921875,553.6786499023438,0.9978735446929932,386.8321533203125,557.4244384765625,0.997624933719635,709.2389526367188,497.11663818359375,0.9984573125839233,754.7778930664062,714.2864990234375,0.9998698234558105,686.0610961914062,595.0676879882812,0.996588945388794,779.2235717773438,562.7596435546875,0.9976394176483154,419.1214904785156,42.021446228027344,0.11425390839576721,430.31182861328125,108.23160552978516,0.7475855946540833,436.93670654296875,124.52705383300781,0.9531962275505066,468.30926513671875,222.02545166015625,0.9910182952880859,370.0314636230469,96.18843841552734,0.7682347297668457,473.3883361816406,125.61856079101562,0.3528994917869568,477.9140625,288.27764892578125,0.6948674321174622,533.26123046875,218.22531127929688,0.9990978240966797,568.9306640625,280.6403503417969,0.999298095703125,731.8363647460938,374.8675231933594,0.990318775177002,808.500244140625,334.7069396972656,0.3765590190887451
76,87.49442291259766,119.44075775146484,0.9998058676719666,999.6788940429688,78.38996124267578,0.9998754262924194,89.60151672363281,1029.198974609375,0.9998862743377686,1023.5779418945312,1021.3563842773438,0.999671459197998,338.6997375488281,498.37347412109375,0.992667019367218,332.1238708496094,611.2594604492188,0.9993402361869812,277.12841796875,553.064208984375,0.9974836707115173,386.7115173339844,556.0225830078125,0.9976207613945007,709.1410522460938,496.1236572265625,0.9978910088539124,754.0374755859375,714.3118286132812,0.999861478805542,685.6932983398438,594.4489135742188,0.9965820908546448,779.0210571289062,558.9769897460938,0.9947224855422974,385.37005615234375,44.35014724731445,0.9909817576408386,412.2186584472656,99.97344207763672,0.9321154952049255,417.70440673828125,142.8847198486328,0.9621682167053223,480.6680908203125,210.1028594970703,0.9950503706932068,373.90997314453125,120.87767791748047,0.4880066514015198,451.1753845214844,157.4185791015625,0.5383469462394714,457.8096008300781,275.1799011230469,0.8175166845321655,536.0946044921875,205.145751953125,0.9912466406822205,571.9814453125,281.2355651855469,0.9966092109680176,730.3792724609375,375.5174560546875,0.9694368839263916,806.3282470703125,427.5446472167969,0.91685551404953
77,87.67967987060547,118.16031646728516,0.999649167060852,999.0991821289062,77.20547485351562,0.9998471736907959,90.34599304199219,1028.6964111328125,0.9998929500579834,1024.561279296875,1021.2009887695312,0.9997221827507019,339.04510498046875,498.46026611328125,0.9933638572692871,333.3426208496094,611.5059814453125,0.9993973970413208,277.2360534667969,552.681396484375,0.9971467852592468,386.9684143066406,555.240478515625,0.9974381923675537,710.0610961914062,497.2265625,0.9979555606842041,753.5338134765625,713.6966552734375,0.999832272529602,685.8472290039062,593.3355712890625,0.9966087341308594,777.4734497070312,566.8020629882812,0.9961146116256714,386.8895263671875,57.72782897949219,0.7626577019691467,411.36865234375,111.43399047851562,0.8871980905532837,442.6639099121094,134.66664123535156,0.8496606945991516,479.6871032714844,212.20729064941406,0.9997538924217224,367.51104736328125,107.83519744873047,0.6712750792503357,448.3665771484375,103.45486450195312,0.5663630366325378,461.50933837890625,281.9061584472656,0.6798491477966309,540.0881958007812,208.8810577392578,0.9071284532546997,573.0619506835938,282.6047668457031,0.9977725148200989,724.1378173828125,371.8601989746094,0.9850044250488281,793.6773681640625,426.33551025390625,0.9879581928253174
78,87.11054229736328,117.80611419677734,0.9998524188995361,999.4952392578125,78.7087631225586,0.9998445510864258,89.888671875,1028.6629638671875,0.9998177886009216,1023.2130126953125,1020.95654296875,0.9997288584709167,338.3155517578125,498.73309326171875,0.9950369000434875,334.37451171875,611.0525512695312,0.9992755055427551,277.0830383300781,554.303466796875,0.9967570900917053,388.11602783203125,554.0592041015625,0.9973244667053223,708.7073364257812,496.8944091796875,0.9984146356582642,754.3131103515625,713.7022094726562,0.9998581409454346,686.3626708984375,592.6687622070312,0.99472576379776,778.406005859375,562.8657836914062,0.9925670623779297,354.8629150390625,75.23397827148438,0.9971792697906494,398.0195617675781,126.71231842041016,0.9924295544624329,411.3001403808594,145.2735137939453,0.9704951643943787,479.1727294921875,221.0582275390625,0.9956715106964111,398.60272216796875,190.7695770263672,0.7573569416999817,445.07476806640625,129.18972778320312,0.741425633430481,508.2518310546875,285.0049133300781,0.9529386162757874,536.0997314453125,205.13308715820312,0.9985654950141907,573.2865600585938,282.557373046875,0.9992914199829102,726.0400390625,372.4960021972656,0.9943071007728577,800.3312377929688,426.6065368652344,0.8278512358665466
79,87.64611053466797,117.41960144042969,0.9998248219490051,998.6702270507812,78.36113739013672,0.9998735189437866,90.26329803466797,1028.439208984375,0.9998084902763367,1022.6695556640625,1021.236083984375,0.9994969367980957,336.98980712890625,498.52325439453125,0.9958423972129822,334.5672912597656,612.2077026367188,0.9994193315505981,276.7677917480469,554.7752075195312,0.9972604513168335,386.28973388671875,556.0462646484375,0.9976139068603516,712.1236572265625,497.1700744628906,0.9972524046897888,755.2623291015625,713.5787353515625,0.9998970031738281,687.1600952148438,594.00634765625,0.99713134765625,776.4954223632812,564.4807739257812,0.9969006776809692,308.81103515625,125.01665496826172,0.9886062741279602,367.1235656738281,120.5133056640625,0.7243286371231079,417.77777099609375,145.40243530273438,0.9768261909484863,482.7579650878906,213.9027099609375,0.9947415590286255,400.84228515625,203.6474609375,0.8618377447128296,448.3060302734375,101.9954605102539,0.9916439652442932,456.7390441894531,276.5964050292969,0.990547239780426,536.2969360351562,203.31454467773438,0.7264586091041565,572.3477172851562,278.3857116699219,0.998383641242981,728.590576171875,372.6047058105469,0.9901254177093506,801.012939453125,426.6549987792969,0.9809777736663818
80,87.20024871826172,117.77705383300781,0.9999188184738159,1001.2066650390625,77.69984436035156,0.9996684789657593,90.68205261230469,1029.26904296875,0.999870777130127,1021.80810546875,1021.5035400390625,0.9993946552276611,338.32708740234375,498.52496337890625,0.9970371723175049,334.13897705078125,612.4866943359375,0.9991806149482727,277.1764221191406,553.4254760742188,0.9974583983421326,385.9458312988281,556.8031616210938,0.9982141256332397,710.267333984375,497.60791015625,0.9982956051826477,755.706298828125,713.5291137695312,0.9998912811279297,687.3961181640625,594.5698852539062,0.9974028468132019,776.4361572265625,569.5234985351562,0.9959021210670471,265.274169921875,181.42816162109375,0.9965342283248901,367.8016357421875,146.22483825683594,0.4272907078266144,397.0339050292969,143.0207061767578,0.9281648397445679,496.6872863769531,210.46092224121094,0.9746403694152832,417.7147521972656,195.54071044921875,0.42043620347976685,398.56976318359375,89.75855255126953,0.8537039160728455,449.8205261230469,255.10606384277344,0.10612144321203232,541.5383911132812,196.2023162841797,0.997547447681427,572.4420776367188,274.75384521484375,0.9976589679718018,728.3681030273438,371.67742919921875,0.8638939261436462,791.4512329101562,426.2756042480469,0.9988484382629395
81,87.65538787841797,116.74817657470703,0.9999268054962158,1000.652587890625,80.86651611328125,0.9997307658195496,90.110595703125,1028.40380859375,0.9998383522033691,1023.0824584960938,1021.2119140625,0.9996021389961243,338.1206359863281,498.3064880371094,0.9965715408325195,333.0579528808594,611.6441650390625,0.9993925094604492,277.18365478515625,553.6419067382812,0.9984821677207947,386.23284912109375,557.147216796875,0.9974330067634583,709.0585327148438,499.0450744628906,0.998428463935852,754.3587646484375,712.9757690429688,0.9997226595878601,686.9052124023438,593.62255859375,0.9968974590301514,777.0948486328125,566.7576904296875,0.9966213703155518,262.1317443847656,222.1675262451172,0.9495232701301575,337.5617980957031,180.33897399902344,0.9905537962913513,360.64825439453125,171.01983642578125,0.7058842778205872,477.98748779296875,189.02928161621094,0.995876133441925,409.5982666015625,211.52252197265625,0.9369205832481384,389.4032897949219,120.99581909179688,0.8868520259857178,468.2123718261719,260.8583984375,0.1921660602092743,550.3700561523438,193.86256408691406,0.9974254965782166,582.3330078125,275.606689453125,0.9992669224739075,732.2328491210938,372.3281555175781,0.9854153394699097,799.6986694335938,433.2202453613281,0.9951192140579224
82,88.77589416503906,115.32391357421875,0.9996414184570312,999.8314208984375,80.39178466796875,0.9998155236244202,90.40039825439453,1030.0391845703125,0.9998718500137329,1021.879638671875,1020.9327392578125,0.9996676445007324,337.9424743652344,497.7558288574219,0.9952542781829834,333.8003234863281,612.1412353515625,0.9993447661399841,276.8416748046875,553.742919921875,0.998272180557251,386.8952941894531,558.1599731445312,0.9986507296562195,710.1014404296875,498.06329345703125,0.9987850785255432,755.2994995117188,713.6198120117188,0.9998867511749268,687.13916015625,593.767578125,0.9958776235580444,776.4950561523438,568.6962890625,0.99601149559021,297.21063232421875,281.635986328125,0.535201370716095,327.2189636230469,227.62353515625,0.9858570098876953,337.6943054199219,212.1384735107422,0.9730708003044128,457.88238525390625,180.60281372070312,0.9835636615753174,379.28741455078125,245.4008026123047,0.50124192237854,460.5537414550781,245.51007080078125,0.6121653318405151,367.2265319824219,150.27072143554688,0.9847234487533569,548.4312133789062,183.39442443847656,0.9920836687088013,593.77685546875,277.71051025390625,0.9950485825538635,737.9428100585938,367.50579833984375,0.9872788190841675,808.7708129882812,436.19415283203125,0.9365599155426025
83,86.9318618774414,118.6299057006836,0.9997767806053162,999.5889282226562,81.0707778930664,0.9999333620071411,90.8061294555664,1029.7767333984375,0.9998828172683716,1022.9819946289062,1020.3631591796875,0.9996696710586548,337.310546875,498.1168212890625,0.9962133765220642,333.627685546875,612.3643798828125,0.9994049072265625,277.03778076171875,552.8812866210938,0.9986224174499512,386.6778564453125,557.013916015625,0.9979256391525269,712.3721313476562,496.70794677734375,0.9977869987487793,755.0405883789062,712.9036254882812,0.999910831451416,685.062255859375,592.679443359375,0.9904069304466248,776.9773559570312,565.6931762695312,0.9965103268623352,307.3206481933594,374.36065673828125,0.8065186738967896,335.2777404785156,308.2366027832031,0.9921661615371704,343.67864990234375,279.9591064453125,0.7093545198440552,455.5704345703125,184.32369995117188,0.9747520685195923,404.8712463378906,276.77392578125,0.4551108181476593,335.5242919921875,245.8903350830078,0.8706129193305969,342.8730773925781,208.95391845703125,0.5863690376281738,544.3814086914062,174.68370056152344,0.900939404964447,592.416259765625,266.962890625,0.9953269958496094,731.7807006835938,344.38482666015625,0.9877094030380249,794.3941040039062,426.22161865234375,0.8879018425941467
84,86.58666229248047,118.78916931152344,0.9998525381088257,1000.0823974609375,77.74830627441406,0.9998904466629028,91.58666229248047,1029.699462890625,0.9999301433563232,1024.066650390625,1021.0615844726562,0.9997034668922424,338.5264587402344,498.1899719238281,0.9985352754592896,333.0045166015625,611.0540771484375,0.9992314577102661,276.6275939941406,553.1219482421875,0.9969887137413025,387.2530517578125,556.9899291992188,0.9982534050941467,711.19384765625,497.2796936035156,0.9990109205245972,754.9736328125,712.8021240234375,0.999805748462677,686.1533813476562,590.169921875,0.9923744797706604,777.7744750976562,566.3360595703125,0.9979255199432373,392.6087341308594,442.22796630859375,0.9975866079330444,382.73699951171875,383.6430969238281,0.8323997259140015,375.09844970703125,359.3158264160156,0.8233694434165955,448.9697265625,202.15093994140625,0.1666218489408493,429.3799743652344,329.6960144042969,0.51065993309021,341.3333435058594,330.55908203125,0.6423506736755371,355.3370056152344,264.5140075683594,0.10099174082279205,556.3936767578125,190.17103576660156,0.9921892881393433,590.0308837890625,263.98602294921875,0.999840259552002,678.6455078125,297.7595520019531,0.8035431504249573,760.9859008789062,371.27569580078125,0.8233217000961304
85,86.9398422241211,118.81553649902344,0.9998505115509033,998.6427612304688,77.9990234375,0.9999145269393921,90.47346496582031,1027.8260498046875,0.9999207258224487,1023.6533203125,1021.1436157226562,0.9998144507408142,337.89276123046875,498.617919921875,0.9978826642036438,332.1166076660156,610.8865966796875,0.9991446733474731,277.52783203125,551.9436645507812,0.9973229765892029,384.9927062988281,558.1000366210938,0.9978420734405518,711.2793579101562,497.5227355957031,0.9974851608276367,753.354248046875,714.1334228515625,0.9998394250869751,685.306396484375,592.2183227539062,0.9861473441123962,778.7496337890625,572.9299926757812,0.9972150325775146,406.9808654785156,477.2740783691406,0.9987242817878723,409.7622375488281,416.0557556152344,0.5419342517852783,467.215576171875,213.54995727539062,0.4744507372379303,426.8536071777344,277.85302734375,0.09300745278596878,448.9070129394531,371.05755615234375,0.6910389065742493,379.58856201171875,347.4820861816406,0.47408318519592285,516.33935546875,272.787841796875,0.5371528267860413,460.0752258300781,167.91773986816406,0.22372731566429138,583.788818359375,251.0391387939453,0.9993523955345154,686.4528198242188,281.48236083984375,0.7266652584075928,692.8435668945312,291.25909423828125,0.8428229689598083
86,85.47418975830078,116.99246215820312,0.9998193383216858,1000.015869140625,77.9094009399414,0.9999134540557861,89.7492904663086,1028.420654296875,0.9998843669891357,1023.47021484375,1020.9258422851562,0.9996639490127563,336.40081787109375,498.3808288574219,0.9966002106666565,333.22967529296875,612.0473022460938,0.9995847344398499,277.226318359375,553.391845703125,0.9976542592048645,388.15802001953125,558.3213500976562,0.992233395576477,708.7188720703125,498.559814453125,0.9986938834190369,753.0828857421875,715.6014404296875,0.9998736381530762,688.8908081054688,592.3068237304688,0.9913166761398315,778.061767578125,564.982666015625,0.9948029518127441,472.408203125,519.9801635742188,0.6339565515518188,461.9266662597656,462.2288818359375,0.3345732092857361,433.1684875488281,397.24005126953125,0.8767602443695068,463.0734558105469,271.4227600097656,0.647144079208374,491.5514221191406,382.2403869628906,0.9796211123466492,395.3883972167969,366.0678405761719,0.5562437772750854,536.0455322265625,274.2569885253906,0.9289594888687134,451.0027770996094,189.20201110839844,0.8759942054748535,559.9967041015625,212.97055053710938,0.20571662485599518,740.9993896484375,284.4811096191406,0.7193984985351562,672.8411865234375,250.47264099121094,0.9673448801040649
87,86.34103393554688,118.50765228271484,0.9997860789299011,999.3761596679688,78.41566467285156,0.999866247177124,89.61344909667969,1029.7003173828125,0.99983811378479,1023.371826171875,1020.108154296875,0.9997174143791199,336.83343505859375,498.01458740234375,0.9935125708580017,333.1632995605469,611.6925048828125,0.9996942281723022,277.1313171386719,553.4750366210938,0.9972668886184692,388.1436767578125,556.9154052734375,0.9934110045433044,707.3412475585938,498.2601318359375,0.9985987544059753,753.8819580078125,715.031494140625,0.999842643737793,688.2434692382812,591.25634765625,0.98739093542099,777.1570434570312,566.90380859375,0.9925798773765564,536.6953125,534.2904052734375,0.5623375773429871,506.21441650390625,497.17706298828125,0.849075198173523,480.26483154296875,469.8896179199219,0.9064910411834717,471.70086669921875,307.1934814453125,0.6196213364601135,510.5039367675781,413.0811462402344,0.915237545967102,549.837158203125,277.5655517578125,0.7213975787162781,550.3136596679688,280.0724182128906,0.9751028418540955,454.8274841308594,204.63705444335938,0.9350797533988953,575.3829956054688,193.86767578125,0.9940687417984009,750.7728881835938,284.3398742675781,0.44126883149147034,866.1248168945312,429.08282470703125,0.5339651703834534
88,86.88414001464844,116.70265197753906,0.9998223185539246,999.306396484375,80.28258514404297,0.9999027252197266,89.35813903808594,1028.8492431640625,0.9996689558029175,1022.2164916992188,1019.5759887695312,0.9996988773345947,336.1883850097656,497.6461181640625,0.9927849769592285,333.93994140625,612.5645751953125,0.9994328618049622,277.25732421875,553.9290161132812,0.9963807463645935,387.67584228515625,556.5310668945312,0.9957637786865234,705.9938354492188,498.0157775878906,0.9976640939712524,753.0983276367188,714.461181640625,0.9997681975364685,688.9292602539062,595.0494384765625,0.9927170276641846,776.875,563.9790649414062,0.9880536198616028,583.8244018554688,581.531005859375,0.9180150628089905,545.5850830078125,186.6190948486328,0.9845547080039978,532.3751220703125,207.01808166503906,0.9737656116485596,485.97540283203125,346.79766845703125,0.9458284378051758,556.4985961914062,445.710205078125,0.9874776601791382,555.2759399414062,278.2563171386719,0.9596273899078369,553.4859008789062,293.5845947265625,0.17834553122520447,444.76361083984375,242.13409423828125,0.8078391551971436,559.2608642578125,197.4427032470703,0.13640347123146057,713.5161743164062,225.16795349121094,0.8614029288291931,756.436767578125,260.3093566894531,0.14386259019374847
89,86.67761993408203,118.73345184326172,0.9999470710754395,999.1760864257812,79.67922973632812,0.9999545812606812,89.96290588378906,1028.091796875,0.9998900890350342,1022.02587890625,1020.6709594726562,0.9993882179260254,338.4315490722656,497.9291687011719,0.994491457939148,332.8821716308594,612.36328125,0.9996675252914429,277.302978515625,552.2181396484375,0.997000515460968,386.4708557128906,557.1549682617188,0.9953529834747314,712.7080078125,493.8958435058594,0.9976750016212463,753.92333984375,712.5697021484375,0.9998296499252319,689.9736328125,590.0810546875,0.9921929240226746,779.323486328125,562.9295654296875,0.9953736662864685,567.4835205078125,207.2360382080078,0.865283191204071,597.5003662109375,533.8514404296875,0.9991829991340637,577.0448608398438,522.2283325195312,0.9946499466896057,517.1551513671875,383.3660583496094,0.9942270517349243,595.4974975585938,450.45355224609375,0.9829272627830505,563.439453125,288.6277770996094,0.9735521078109741,496.1379089355469,486.2466735839844,0.6951477527618408,449.7919006347656,286.39013671875,0.12174466997385025,554.2178344726562,224.78952026367188,0.04117880389094353,681.5291137695312,193.84271240234375,0.9861619472503662,773.2830200195312,286.1441650390625,0.1586809903383255
90,87.81266784667969,117.066162109375,0.9997548460960388,1000.7288208007812,80.37919616699219,0.9998362064361572,90.40653991699219,1028.860595703125,0.9999418258666992,1019.26953125,1021.4788818359375,0.9993454813957214,337.2646179199219,497.6882629394531,0.9914084076881409,333.76263427734375,612.0943603515625,0.9995682835578918,277.15728759765625,553.7608642578125,0.9972401857376099,386.3495178222656,555.8230590820312,0.9953487515449524,722.0267944335938,492.9856262207031,0.9996129870414734,754.3931274414062,713.0178833007812,0.999850869178772,691.8133544921875,594.6381225585938,0.9353598356246948,781.6218872070312,565.5172729492188,0.9898158311843872,696.57958984375,544.6940307617188,0.9972596168518066,630.8512573242188,524.6743774414062,0.9979653358459473,603.7310791015625,507.38232421875,0.9559436440467834,532.5489501953125,404.6081848144531,0.9959810972213745,623.660888671875,448.97760009765625,0.982971727848053,553.954833984375,319.0003356933594,0.8781262040138245,527.2411499023438,499.8384094238281,0.6492735743522644,449.438232421875,348.71197509765625,0.5078324675559998,516.1827392578125,252.2281036376953,0.7813925743103027,622.149658203125,184.0167999267578,0.5490246415138245,713.1326904296875,228.0056610107422,0.8024487495422363
91,86.57296752929688,117.89759826660156,0.9998446702957153,999.5858764648438,79.80126190185547,0.9999728202819824,90.23164367675781,1030.11328125,0.9998458623886108,1018.0950317382812,1021.169921875,0.9990083575248718,334.0451354980469,497.94580078125,0.996488094329834,333.6060485839844,612.5537109375,0.9992915391921997,277.24139404296875,553.9684448242188,0.9982300400733948,386.45928955078125,558.1148071289062,0.996313750743866,734.724853515625,496.2156066894531,0.9573338031768799,753.489013671875,713.9635620117188,0.9997642636299133,693.3091430664062,603.7314453125,0.922656238079071,779.5126953125,577.6914672851562,0.9883381724357605,710.1620483398438,537.5637817382812,0.9981271624565125,646.74267578125,503.3193054199219,0.9927396178245544,618.9483642578125,487.73138427734375,0.8876287937164307,544.2994384765625,407.4855651855469,0.9975989460945129,631.7864990234375,433.13446044921875,0.9083409905433655,564.4022827148438,519.7353515625,0.9245469570159912,551.2267456054688,332.7954406738281,0.9254874587059021,452.91253662109375,373.2784423828125,0.9173415899276733,481.8876647949219,278.7064514160156,0.9738459587097168,597.5013427734375,177.3777313232422,0.9581613540649414,700.9953002929688,224.79666137695312,0.8917816281318665
92,85.81648254394531,115.42574310302734,0.9999171495437622,1000.3746948242188,77.03185272216797,0.9997413754463196,88.90929412841797,1029.5875244140625,0.9998445510864258,1023.3230590820312,1020.3518676757812,0.9995613694190979,336.1737060546875,498.47772216796875,0.9975634813308716,333.40362548828125,611.9811401367188,0.9992347955703735,277.491943359375,552.915771484375,0.9980936646461487,385.3542785644531,555.9271850585938,0.9969691634178162,719.6619873046875,545.0670166015625,0.9588325023651123,753.8616333007812,713.2810668945312,0.9997606873512268,695.63671875,612.5450439453125,0.9494616985321045,774.287841796875,587.07177734375,0.9671122431755066,713.4898071289062,536.48095703125,0.9980270266532898,653.0007934570312,496.543212890625,0.9848915338516235,626.3416748046875,480.4638977050781,0.9792523980140686,545.3816528320312,417.7100524902344,0.9998723268508911,634.1151733398438,432.6163635253906,0.941474974155426,571.28173828125,519.1492309570312,0.9912554025650024,536.90283203125,338.76031494140625,0.9038129448890686,452.12445068359375,398.3890686035156,0.9548711776733398,458.1554260253906,300.0501403808594,0.9965364933013916,619.3884887695312,177.06317138671875,0.9243091344833374,663.1210327148438,204.2585906982422,0.7383724451065063
93,85.54727172851562,117.09235382080078,0.9998149275779724,1001.0040893554688,81.48397064208984,0.9998804330825806,90.53874969482422,1028.3760986328125,0.9998643398284912,1023.4692993164062,1019.9214477539062,0.9995734095573425,337.0638122558594,498.42645263671875,0.9977118968963623,334.0879821777344,611.5269165039062,0.9990938901901245,277.4476318359375,552.2205200195312,0.9976785778999329,385.6321716308594,556.8035278320312,0.9981951117515564,722.0770874023438,547.2467041015625,0.9727686047554016,754.5309448242188,713.2576293945312,0.9993889331817627,693.4002075195312,610.279052734375,0.9614545106887817,772.4605712890625,586.8702392578125,0.8779990077018738,718.437744140625,541.8273315429688,0.9844645857810974,656.970703125,495.4017333984375,0.9979459643363953,627.5114135742188,479.3800354003906,0.9879785776138306,544.7484741210938,419.04986572265625,0.9995777010917664,637.2239990234375,434.80987548828125,0.962448000907898,574.7198486328125,519.2977294921875,0.9928969740867615,533.9695434570312,347.2100524902344,0.9453795552253723,445.40380859375,386.2134094238281,0.9778091311454773,445.94903564453125,305.880126953125,0.9970842003822327,558.7518920898438,147.79934692382812,0.6615275144577026,664.48974609375,180.97250366210938,0.9881649017333984
94,87.56929779052734,117.8092269897461,0.9995185136795044,999.6614379882812,80.20761108398438,0.999886155128479,90.53422546386719,1030.359619140625,0.9998272061347961,1021.7157592773438,1019.2971801757812,0.9994055032730103,337.12872314453125,498.476806640625,0.9981073141098022,333.71746826171875,611.7932739257812,0.9991255402565002,277.8739929199219,552.3976440429688,0.9980570673942566,385.4119873046875,555.9049072265625,0.997348427772522,712.04443359375,549.806640625,0.43632808327674866,754.063720703125,713.7222900390625,0.9997380375862122,695.5578002929688,616.6544799804688,0.9737694263458252,773.7626953125,585.4747924804688,0.9558327198028564,719.21044921875,542.005859375,0.998344898223877,655.786376953125,495.75640869140625,0.9956707954406738,627.2640991210938,479.7920227050781,0.9855850338935852,546.2755737304688,420.3569641113281,0.9995699524879456,636.3094482421875,432.4648132324219,0.9660394191741943,574.709716796875,517.8582763671875,0.9935469031333923,536.9881591796875,347.44586181640625,0.9197966456413269,448.7205810546875,398.6988525390625,0.9292356371879578,445.9580383300781,314.46746826171875,0.99631667137146,420.7981872558594,202.21885681152344,0.9942875504493713,651.881103515625,159.7090301513672,0.9594005346298218
95,88.10356140136719,118.26118469238281,0.9995338916778564,1001.4005126953125,81.81155395507812,0.9998561143875122,89.0147933959961,1029.4415283203125,0.9997555613517761,1023.6550903320312,1019.880859375,0.9997134804725647,338.8487548828125,498.5013732910156,0.9980499744415283,333.0077209472656,611.0625,0.9992104768753052,277.96435546875,552.418212890625,0.9974429607391357,385.54388427734375,557.5176391601562,0.9980504512786865,728.5643310546875,491.4728088378906,0.9759019017219543,754.5952758789062,714.1605224609375,0.9995428323745728,696.9119873046875,605.25439453125,0.9113200306892395,777.0709228515625,578.585205078125,0.7613648772239685,720.8203125,546.5145874023438,0.9997543692588806,654.2959594726562,502.0933532714844,0.9962202906608582,623.5250854492188,483.9481506347656,0.9789074063301086,544.3643798828125,422.0852966308594,0.9990168809890747,633.535888671875,433.2465515136719,0.9623529314994812,569.0081176757812,520.5008544921875,0.9928939938545227,534.3369140625,349.50384521484375,0.9677493572235107,449.61102294921875,398.29437255859375,0.9588819146156311,447.2012634277344,315.9372253417969,0.9966643452644348,419.8260192871094,197.24461364746094,0.9975718855857849,514.3016357421875,133.0755615234375,0.9970237612724304
96,87.21041107177734,117.97930908203125,0.9997970461845398,999.9793701171875,78.4112777709961,0.9998195767402649,89.33480834960938,1029.9764404296875,0.9998811483383179,1023.6702880859375,1020.1917114257812,0.999417781829834,337.41070556640625,498.2332763671875,0.9968191385269165,333.6731262207031,611.8605346679688,0.9989540576934814,277.3970642089844,553.117919921875,0.9969948530197144,386.0738220214844,557.7572631835938,0.9971557855606079,725.2425537109375,490.6458740234375,0.999257504940033,753.834228515625,713.6912841796875,0.9997928738594055,694.7337646484375,601.321533203125,0.9906789660453796,780.0411376953125,570.1281127929688,0.9825057983398438,704.1245727539062,539.724609375,0.9975391626358032,645.5994262695312,498.31451416015625,0.9967154264450073,618.0772705078125,482.6260681152344,0.9933726787567139,541.2487182617188,422.6202392578125,0.9985297918319702,631.7738037109375,434.3910827636719,0.9794834852218628,566.2442626953125,519.1982421875,0.9984149932861328,542.6336669921875,350.0209655761719,0.9170065522193909,446.5080871582031,391.642333984375,0.9167789220809937,445.2593688964844,310.8033752441406,0.9957773685455322,422.8010559082031,194.77804565429688,0.9907616972923279,645.3827514648438,153.1362762451172,0.718687117099762
97,86.13174438476562,118.77523040771484,0.998532772064209,1000.1974487304688,80.38652038574219,0.9998142123222351,89.05318450927734,1029.686279296875,0.9998218417167664,1023.3756713867188,1020.1444702148438,0.9996978044509888,336.393798828125,498.3412780761719,0.9972866773605347,333.14508056640625,612.4902954101562,0.9992316961288452,276.7665100097656,554.6493530273438,0.9955627918243408,385.8772277832031,556.33740234375,0.9971543550491333,730.1519165039062,494.0977478027344,0.9932756423950195,754.4431762695312,714.0258178710938,0.9998971223831177,692.4196166992188,604.0138549804688,0.9934657216072083,779.7459716796875,577.36865234375,0.9923967719078064,705.5733032226562,533.4442749023438,0.9996469020843506,646.7935791015625,500.91558837890625,0.9951617121696472,617.0362548828125,483.7834777832031,0.9782794117927551,541.0945434570312,424.45147705078125,0.9967789053916931,629.5965576171875,435.44744873046875,0.9738171696662903,563.7547607421875,518.9908447265625,0.9962846040725708,545.0680541992188,350.1380920410156,0.8845515847206116,449.8472595214844,395.9957580566406,0.979901909828186,449.51715087890625,313.877685546875,0.9908038377761841,424.17303466796875,195.18972778320312,0.982666015625,536.6286010742188,131.0349578857422,0.27224478125572205
98,87.06539916992188,117.87165832519531,0.999907374382019,997.285400390625,78.6314926147461,0.9998514652252197,89.3912124633789,1029.5758056640625,0.999840497970581,1023.3151245117188,1020.4912109375,0.9992024302482605,336.52325439453125,498.4537048339844,0.9964497089385986,333.2306213378906,611.8968505859375,0.9989563226699829,277.0788879394531,553.6168212890625,0.9971678853034973,386.8224792480469,555.5026245117188,0.9964970946311951,725.7998657226562,500.04278564453125,0.6907663345336914,754.538330078125,714.1060180664062,0.9998856782913208,688.7486572265625,597.33349609375,0.9984980821609497,776.6788330078125,563.993408203125,0.9983839988708496,700.0552368164062,501.08477783203125,0.8798069357872009,656.1854858398438,491.0483703613281,0.9861975312232971,627.1547241210938,480.5771789550781,0.9683095812797546,543.0454711914062,427.5409240722656,0.9969118237495422,629.7015991210938,431.1063537597656,0.9034300446510315,579.4202880859375,522.2640380859375,0.9832800626754761,542.7825927734375,348.1419372558594,0.9391920566558838,449.58966064453125,397.7571105957031,0.9017518758773804,450.37664794921875,313.5266418457031,0.9940537810325623,531.3201904296875,129.60650634765625,0.98131263256073,640.0233764648438,140.96644592285156,0.9760261178016663
99,86.31343841552734,117.620849609375,0.9998716115951538,999.1050415039062,76.85395812988281,0.9997895359992981,88.48932647705078,1029.2503662109375,0.999846339225769,1023.8322143554688,1020.6717529296875,0.9994267225265503,337.2915954589844,498.6063232421875,0.9964753985404968,332.7315368652344,611.55029296875,0.9991632699966431,277.1635437011719,553.4725341796875,0.9971651434898376,386.20916748046875,557.8485717773438,0.9974921941757202,709.154296875,497.6136779785156,0.9840267896652222,754.445068359375,712.786865234375,0.9998703002929688,690.53515625,596.844970703125,0.9979610443115234,777.7930297851562,568.0617065429688,0.9968564510345459,715.9593505859375,461.7461853027344,0.9619556069374084,675.081298828125,459.6357727050781,0.9316120743751526,642.0143432617188,457.9182434082031,0.0917520597577095,550.2278442382812,427.1675720214844,0.9990102052688599,631.4471435546875,411.95953369140625,0.4698404371738434,598.7218627929688,513.1842041015625,0.7533536553382874,534.4871826171875,348.11627197265625,0.9130774736404419,447.13861083984375,391.98028564453125,0.9823641777038574,448.5600891113281,314.0013427734375,0.9960492253303528,517.9572143554688,129.26589965820312,0.975814938545227,655.2175903320312,139.5809326171875,0.9958286881446838
100,86.66877746582031,118.03947448730469,0.9999269247055054,999.8033447265625,76.77718353271484,0.9998155236244202,90.62190246582031,1029.201904296875,0.9998942613601685,1022.634765625,1020.4494018554688,0.999634861946106,335.6246337890625,498.48541259765625,0.9961699843406677,333.94525146484375,611.8400268554688,0.9988792538642883,276.8676452636719,553.8651733398438,0.9973773956298828,385.9241638183594,557.2322998046875,0.9977911710739136,702.5367431640625,500.43133544921875,0.9877558946609497,753.7483520507812,712.9576416015625,0.9997745156288147,689.1452026367188,599.7557983398438,0.9983323216438293,776.4973754882812,574.9160766601562,0.9963210821151733,708.635009765625,440.0324401855469,0.24962876737117767,686.8583374023438,438.4194030761719,0.9809752702713013,661.218994140625,439.48394775390625,0.7597833275794983,552.8193359375,421.50469970703125,0.9913972616195679,636.1679077148438,400.09796142578125,0.7680389881134033,615.8963012695312,500.1426086425781,0.982846200466156,536.74755859375,347.3213806152344,0.913657546043396,448.4652099609375,396.5281066894531,0.963935375213623,450.55377197265625,323.60076904296875,0.9960242509841919,530.7528076171875,129.58474731445312,0.9927663803100586,637.3875122070312,134.03042602539062,0.9893999695777893
101,86.50308227539062,117.50833892822266,0.9999246597290039,999.4486694335938,76.94453430175781,0.9998220801353455,90.18644714355469,1029.063232421875,0.9998798370361328,1022.5944213867188,1020.3341064453125,0.9995176792144775,335.27642822265625,498.1377258300781,0.9969702959060669,334.9592590332031,612.1780395507812,0.9993541836738586,276.60943603515625,553.6973876953125,0.9978051781654358,386.6573181152344,556.4277954101562,0.9970209002494812,707.4169921875,499.73455810546875,0.9943937063217163,754.29931640625,713.3213500976562,0.999833345413208,688.09326171875,593.6784057617188,0.9973154664039612,776.629150390625,569.6766967773438,0.9940886497497559,765.3095703125,411.60357666015625,0.0874834880232811,711.8462524414062,422.7257995605469,0.998434841632843,685.7303466796875,424.17059326171875,0.9840005040168762,567.9157104492188,416.94500732421875,0.9937036633491516,652.89794921875,383.9969787597656,0.9210523962974548,647.499755859375,479.9786376953125,0.9835154414176941,540.2406005859375,344.4407043457031,0.9322168231010437,451.8696594238281,407.8619384765625,0.9648424983024597,441.36602783203125,329.01947021484375,0.9949546456336975,400.7031555175781,243.9370574951172,0.9672440886497498,520.604248046875,136.75820922851562,0.988577127456665
102,86.24820709228516,117.40787506103516,0.9998449087142944,999.0404663085938,78.43283081054688,0.9999113082885742,89.41629791259766,1028.6829833984375,0.9998880624771118,1022.8733520507812,1021.4855346679688,0.9993212223052979,336.8224792480469,498.2142639160156,0.9957607388496399,333.82110595703125,611.7601928710938,0.9992759823799133,277.1336364746094,552.2991333007812,0.9981802701950073,386.4080505371094,557.15185546875,0.9974700212478638,713.2802734375,497.6683349609375,0.9988439083099365,753.1657104492188,714.1100463867188,0.9998363256454468,687.1847534179688,594.7564086914062,0.9970766305923462,781.1671142578125,566.0673828125,0.9852946996688843,786.116943359375,417.8338928222656,0.9810023307800293,733.1331176757812,406.22430419921875,0.9916845560073853,712.4365844726562,405.6838684082031,0.9301641583442688,577.489501953125,407.8838195800781,0.9984476566314697,663.5680541992188,360.3661804199219,0.7449169158935547,686.7600708007812,460.6429138183594,0.9698277711868286,529.6970825195312,346.8993835449219,0.8900933265686035,453.9812316894531,408.97998046875,0.9584136009216309,439.1601257324219,331.8630065917969,0.9958223104476929,397.0713195800781,205.6178741455078,0.8782252073287964,555.4658203125,145.2891082763672,0.6911630630493164
103,85.62601470947266,118.3469009399414,0.9999071359634399,999.9031372070312,78.45240783691406,0.9999161958694458,88.5300521850586,1028.9569091796875,0.9998666048049927,1021.7088012695312,1021.3383178710938,0.9995133876800537,335.8411865234375,497.9380187988281,0.9948726296424866,334.87127685546875,612.3176879882812,0.9990400671958923,276.7693176269531,553.1419677734375,0.9967051148414612,385.8880615234375,555.3580322265625,0.9980205297470093,712.9034423828125,497.14996337890625,0.9990019202232361,754.2409057617188,713.3125,0.999789297580719,685.9082641601562,597.1559448242188,0.9954344630241394,778.608154296875,568.0845336914062,0.9920905828475952,781.8278198242188,429.6698913574219,0.18122553825378418,739.295166015625,385.35107421875,0.9883335828781128,714.7870483398438,392.1114807128906,0.9211650490760803,587.093017578125,402.3707275390625,0.9779050350189209,670.464599609375,353.7530822753906,0.879507303237915,681.289794921875,450.6600036621094,0.9965294003486633,522.6047973632812,352.62908935546875,0.8430964350700378,464.75482177734375,425.3526916503906,0.870272159576416,433.29827880859375,351.62615966796875,0.9798070192337036,375.3629150390625,252.9232635498047,0.8303712606430054,541.1642456054688,147.0966339111328,0.9170548319816589
104,85.74345397949219,117.54134368896484,0.999950647354126,999.4334106445312,78.26065826416016,0.9999144077301025,88.34629821777344,1028.14306640625,0.9999184608459473,1022.699951171875,1021.154296875,0.9992104768753052,336.4461669921875,498.53765869140625,0.9952123165130615,333.864501953125,612.007568359375,0.9990053772926331,276.98895263671875,554.2221069335938,0.9975672960281372,386.9566345214844,557.61474609375,0.9978429079055786,711.7806396484375,497.4612731933594,0.9979944229125977,754.9537963867188,714.2301635742188,0.9997914433479309,686.2384033203125,596.2747192382812,0.9961965084075928,778.9523315429688,568.7512817382812,0.993419349193573,776.1859741210938,436.11138916015625,0.9167148470878601,745.9395751953125,388.10400390625,0.9840331673622131,715.8191528320312,391.5566711425781,0.9601316452026367,596.9024658203125,399.84820556640625,0.9926839470863342,676.8346557617188,356.52166748046875,0.8854222297668457,687.8970336914062,452.22564697265625,0.9987995624542236,524.8060302734375,343.9580993652344,0.9033911228179932,479.8613586425781,435.3387756347656,0.5938469767570496,444.17852783203125,362.8989562988281,0.9747506976127625,369.4663391113281,302.6619567871094,0.9592542052268982,545.1311645507812,135.6998291015625,0.8948110342025757
105,85.62177276611328,116.87481689453125,0.999908447265625,999.5733032226562,77.3580093383789,0.9998196959495544,90.4049301147461,1028.216796875,0.999840497970581,1023.7589111328125,1021.6221923828125,0.9996591806411743,336.4068298339844,498.51910400390625,0.9970391988754272,333.35137939453125,611.8343505859375,0.999270498752594,277.18231201171875,554.1908569335938,0.9979815483093262,386.6534118652344,557.9873046875,0.9974619150161743,713.1552124023438,495.9441223144531,0.9942160248756409,754.8375244140625,715.0877075195312,0.9997873902320862,686.3946533203125,592.18017578125,0.9917312264442444,780.9271240234375,565.421875,0.9939197301864624,784.748779296875,455.0337829589844,0.8458042740821838,747.5283203125,399.21539306640625,0.9498270153999329,716.5853271484375,396.2831726074219,0.9948015213012695,595.624267578125,400.0964660644531,0.9557700157165527,677.420166015625,355.71954345703125,0.9673557281494141,683.3925170898438,452.8206481933594,0.9988124370574951,519.4468994140625,344.80889892578125,0.9905529022216797,482.35015869140625,435.2234802246094,0.5357025861740112,441.0649719238281,362.661376953125,0.9833236336708069,363.4534912109375,292.3302001953125,0.9908227920532227,433.04345703125,168.06968688964844,0.986492931842804
106,86.28563690185547,117.5463638305664,0.9997896552085876,998.7120971679688,79.16424560546875,0.9998001456260681,90.44285583496094,1028.145263671875,0.9998924732208252,1022.9421997070312,1019.8102416992188,0.9997864365577698,337.2164001464844,497.6231994628906,0.9964119791984558,333.04791259765625,612.3170776367188,0.9994639754295349,277.38299560546875,553.3505859375,0.9981510043144226,388.0544128417969,558.002685546875,0.9982668161392212,714.6678466796875,496.74884033203125,0.9845037460327148,753.9838256835938,713.6613159179688,0.9998801946640015,685.108154296875,593.072021484375,0.9930516481399536,779.5240478515625,561.6185302734375,0.9799903035163879,804.6947631835938,441.65936279296875,0.9834475517272949,745.46142578125,409.17236328125,0.9912392497062683,714.443603515625,402.2088928222656,0.9963000416755676,595.3532104492188,400.6719055175781,0.9958153367042542,688.0982055664062,360.2120666503906,0.7343167662620544,679.6165161132812,458.55133056640625,0.999737560749054,531.6688842773438,348.5444030761719,0.8714104890823364,492.0439147949219,442.1405944824219,0.611365556716919,449.14984130859375,363.4974060058594,0.976180374622345,362.0157775878906,285.5642395019531,0.9727929830551147,523.815185546875,134.03985595703125,0.8336682915687561
107,86.82032775878906,116.9505844116211,0.99972003698349,998.9954223632812,75.6408462524414,0.9998730421066284,90.67765045166016,1028.779052734375,0.999824583530426,1023.2675170898438,1020.8951416015625,0.9996392726898193,337.36859130859375,498.2561950683594,0.9960893392562866,333.78460693359375,612.3648071289062,0.9995172023773193,277.3083190917969,555.1049194335938,0.9968542456626892,387.5906982421875,558.4174194335938,0.9981649518013,714.0384521484375,496.28094482421875,0.939758837223053,754.5112915039062,713.7350463867188,0.999700665473938,684.8290405273438,590.1231689453125,0.9918017983436584,777.9896850585938,558.5994262695312,0.9724336862564087,808.7171630859375,432.78814697265625,0.9778934717178345,737.71240234375,404.2540588378906,0.8587623834609985,700.774658203125,400.6063537597656,0.9847946763038635,588.7047119140625,404.6864013671875,0.9957406520843506,672.9694213867188,358.49407958984375,0.8854711055755615,671.5308227539062,461.951171875,0.9992434978485107,522.87451171875,345.2647399902344,0.980728805065155,480.9156799316406,435.85272216796875,0.8058162331581116,448.30255126953125,366.0185241699219,0.9856815338134766,361.0126647949219,285.1600036621094,0.9898796081542969,433.9405822753906,152.6630859375,0.6616592407226562
108,86.02244567871094,118.1329116821289,0.9998648166656494,999.474609375,75.84375,0.9999125003814697,90.0358657836914,1029.72216796875,0.9997408986091614,1022.9182739257812,1020.7767944335938,0.9994140863418579,336.76287841796875,498.4689025878906,0.9975863695144653,333.9588317871094,612.8893432617188,0.9995545744895935,277.12237548828125,553.3983154296875,0.9983099699020386,386.9983215332031,557.1040649414062,0.9983270764350891,711.0569458007812,494.122314453125,0.9921914935112,754.660400390625,713.6928100585938,0.9998685121536255,684.7559204101562,593.3153686523438,0.9926156997680664,775.1976318359375,566.810791015625,0.9952865242958069,779.2901611328125,441.986083984375,0.9405757784843445,724.721923828125,411.33807373046875,0.9679216146469116,690.4229125976562,407.87091064453125,0.947706937789917,582.5288696289062,406.1289367675781,0.9996507167816162,659.7568969726562,361.1048889160156,0.930496335029602,655.8021240234375,465.283447265625,0.9818354845046997,526.1578369140625,346.0851135253906,0.920324444770813,479.3967590332031,438.697509765625,0.8674731254577637,440.0746765136719,368.37548828125,0.9864189028739929,354.1622314453125,290.8268737792969,0.9940920472145081,499.2532043457031,138.7301788330078,0.9466858506202698
109,86.81507110595703,117.78224182128906,0.9997530579566956,1000.0899047851562,76.55461120605469,0.9998284578323364,89.58177185058594,1028.2188720703125,0.9999047517776489,1021.7750244140625,1020.7417602539062,0.9993517994880676,337.7559509277344,498.3974304199219,0.9975250363349915,333.14361572265625,612.3153076171875,0.9995672106742859,277.9831848144531,551.9830932617188,0.9980624318122864,387.0265808105469,558.8753051757812,0.9982472658157349,715.1388549804688,504.38665771484375,0.9852302670478821,753.3963623046875,713.9400024414062,0.9999005794525146,685.9514770507812,594.80712890625,0.9960774779319763,778.9485473632812,569.3373413085938,0.9970436692237854,748.279541015625,472.5621337890625,0.44825029373168945,712.7800903320312,452.5171203613281,0.9590597748756409,686.3294677734375,436.9920349121094,0.8011335730552673,579.0919799804688,406.1743469238281,0.9950313568115234,677.140869140625,391.8824157714844,0.8869566321372986,634.57080078125,469.2378234863281,0.9906668066978455,515.2871704101562,344.813232421875,0.9878625869750977,464.86572265625,433.4573669433594,0.9827081561088562,436.40411376953125,364.802490234375,0.9906963109970093,345.68804931640625,295.07391357421875,0.9865018725395203,426.0885925292969,148.50601196289062,0.4681466817855835
110,86.57701873779297,119.16934204101562,0.9997773766517639,999.9844360351562,77.80183410644531,0.9995526671409607,89.09300231933594,1029.7890625,0.9998199343681335,1022.4417724609375,1021.1742553710938,0.9992751479148865,336.63409423828125,498.0259704589844,0.9968642592430115,332.7243347167969,611.23876953125,0.9993019104003906,277.4073181152344,551.577392578125,0.9980371594429016,387.017333984375,558.113037109375,0.9977574944496155,722.9180908203125,492.0187683105469,0.9482278823852539,753.4295654296875,714.2696533203125,0.99985671043396,686.6764526367188,586.5717163085938,0.9886528849601746,781.502685546875,565.45166015625,0.9911829233169556,678.728271484375,535.1756591796875,0.8774739503860474,670.8821411132812,478.0174255371094,0.9508017301559448,654.3905639648438,461.066162109375,0.9406794905662537,568.4495239257812,405.6922912597656,0.9968596696853638,655.9082641601562,405.064208984375,0.43862012028694153,624.93017578125,480.0813903808594,0.976344883441925,518.140380859375,341.3970031738281,0.9730912446975708,454.46923828125,430.567138671875,0.9725661873817444,434.0221862792969,366.31121826171875,0.9955105781555176,336.255615234375,291.070556640625,0.9957211017608643,417.7251281738281,162.79698181152344,0.13040043413639069
111,86.8243179321289,118.4393310546875,0.9997900128364563,1000.9425048828125,78.4551773071289,0.9998519420623779,89.8272705078125,1030.0064697265625,0.9998492002487183,1023.0789184570312,1020.6276245117188,0.9995120763778687,337.4686279296875,498.4113464355469,0.9971981048583984,333.0018615722656,611.332275390625,0.9994660019874573,277.3687744140625,551.5347290039062,0.9980752468109131,387.2364807128906,558.0376586914062,0.9983976483345032,710.3800659179688,494.036376953125,0.9981955885887146,754.4114990234375,714.935546875,0.9999103546142578,701.8928833007812,577.6592407226562,0.9629939794540405,781.40087890625,567.4476928710938,0.9939688444137573,666.216796875,610.6383666992188,0.9494591355323792,637.8992919921875,521.453369140625,0.9968896508216858,627.3466796875,499.24566650390625,0.9992855191230774,552.7158813476562,413.1803894042969,0.9930570125579834,640.6170654296875,433.1185607910156,0.8889504075050354,573.00634765625,504.0221252441406,0.9669026732444763,542.7808227539062,345.9689025878906,0.8353631496429443,456.5289611816406,415.76690673828125,0.9582958817481995,435.20721435546875,360.5934143066406,0.9998200535774231,331.5872802734375,288.7334289550781,0.9861251711845398,338.27117919921875,149.84190368652344,0.980453372001648
112,85.920654296875,119.07742309570312,0.9997231364250183,998.5479125976562,77.72123718261719,0.9998887777328491,90.92234802246094,1028.0697021484375,0.9999140501022339,1021.920654296875,1021.71875,0.9994263648986816,336.68267822265625,497.88818359375,0.9966388940811157,333.3534851074219,612.390625,0.9993100166320801,276.6952819824219,554.2056274414062,0.9977321624755859,386.49542236328125,557.77587890625,0.997876763343811,704.897705078125,493.923095703125,0.998193085193634,754.146484375,714.1679077148438,0.9998477697372437,690.616943359375,587.3604125976562,0.8965082764625549,778.592529296875,564.1403198242188,0.9975621700286865,664.6287841796875,638.2890625,0.929701566696167,623.23193359375,556.2600708007812,0.9904887676239014,612.1060791015625,533.0487670898438,0.9897724986076355,548.6023559570312,428.1109924316406,0.9992079138755798,638.9603271484375,472.8833312988281,0.9462725520133972,560.8870849609375,527.389892578125,0.9717199802398682,539.726806640625,348.06854248046875,0.8763635754585266,450.8949890136719,408.5943908691406,0.9739077091217041,430.0210266113281,350.657958984375,0.9919670224189758,341.9399108886719,282.0435791015625,0.99289870262146,441.9831848144531,101.59697723388672,0.9422872066497803
113,87.20439910888672,118.35440826416016,0.9996355772018433,1000.2958374023438,78.8824462890625,0.999894380569458,89.8383560180664,1029.4552001953125,0.9998583793640137,1022.2282104492188,1020.2950439453125,0.999213695526123,336.5743713378906,498.7471618652344,0.9960797429084778,333.0013732910156,611.7266845703125,0.9993712306022644,277.20208740234375,553.7047729492188,0.9977647066116333,387.6336669921875,557.6803588867188,0.9988749623298645,704.1509399414062,495.4308776855469,0.9967383742332458,754.5502319335938,713.8540649414062,0.9998100399971008,677.7174682617188,590.523681640625,0.9689390063285828,779.1526489257812,568.04736328125,0.9949790835380554,663.5883178710938,634.8643188476562,0.4708859324455261,625.5504760742188,573.2498168945312,0.979828417301178,613.879638671875,547.9946899414062,0.9907625317573547,546.7479858398438,437.8498229980469,0.9990247488021851,634.4922485351562,485.42083740234375,0.9681317806243896,555.864013671875,538.8333740234375,0.8556462526321411,542.3917846679688,350.3558349609375,0.9767048954963684,455.29473876953125,414.0138854980469,0.9851843118667603,438.66302490234375,346.7159729003906,0.9827035665512085,348.2495422363281,274.2721252441406,0.9250584840774536,447.5765686035156,101.32831573486328,0.7706912755966187
114,86.44898223876953,118.0230712890625,0.9998164772987366,1000.5510864257812,78.16555786132812,0.9997543692588806,89.84904479980469,1028.7181396484375,0.9998395442962646,1022.8661499023438,1020.376953125,0.9997071623802185,336.4213562011719,498.35260009765625,0.9957841038703918,333.6858825683594,612.2507934570312,0.9993342757225037,277.0397644042969,553.00537109375,0.9981738328933716,386.5841979980469,556.249755859375,0.9978176355361938,710.6766357421875,495.0467224121094,0.9972534775733948,756.2445068359375,713.6858520507812,0.9998364448547363,693.8072509765625,584.162353515625,0.9208164811134338,782.116455078125,569.5413818359375,0.9964408278465271,689.7433471679688,629.2003173828125,0.9782785177230835,634.7843627929688,574.9490356445312,0.9972890615463257,615.319580078125,557.260986328125,0.9543060660362244,545.2945556640625,444.01275634765625,0.986099898815155,634.52294921875,490.3452453613281,0.9916433095932007,574.5928955078125,558.3748779296875,0.7149525284767151,544.6530151367188,348.8289794921875,0.996918797492981,451.1414794921875,401.2311096191406,0.9859564304351807,444.63067626953125,338.9579772949219,0.8265228867530823,346.7876892089844,244.40261840820312,0.9681984782218933,480.1057434082031,110.96063995361328,0.9129204750061035
115,86.66361999511719,116.10474395751953,0.9987351298332214,998.1546630859375,79.34090423583984,0.9998903274536133,89.45442199707031,1029.9139404296875,0.9998815059661865,1022.798583984375,1020.4425659179688,0.9996330738067627,335.55340576171875,497.8162536621094,0.9952366352081299,332.4013977050781,612.3504028320312,0.9994315505027771,277.2391662597656,553.3770141601562,0.997019350528717,386.5103454589844,556.1964721679688,0.9973478317260742,714.3888549804688,493.8403625488281,0.9806709289550781,757.1126098632812,713.9793090820312,0.9998385906219482,688.7513427734375,575.9385986328125,0.839088499546051,783.6154174804688,568.4577026367188,0.9938434362411499,679.8977661132812,615.08642578125,0.9896067976951599,634.0574951171875,566.8170166015625,0.9958802461624146,617.3311767578125,545.224609375,0.9908764958381653,541.4542236328125,439.46551513671875,0.9938026666641235,634.5311889648438,485.5682678222656,0.9901081323623657,573.5744018554688,545.6460571289062,0.9160218834877014,542.5892333984375,352.6187438964844,0.9991223216056824,454.4207763671875,412.6287536621094,0.9592623114585876,444.1667175292969,340.1882629394531,0.9769004583358765,364.95416259765625,254.29800415039062,0.9710894823074341,363.7239074707031,136.78163146972656,0.5434573292732239
116,85.65603637695312,116.06909942626953,0.9999096393585205,999.69580078125,78.8047866821289,0.9997997879981995,89.25066375732422,1028.7900390625,0.9998613595962524,1023.739990234375,1020.4332885742188,0.9994946718215942,335.2971496582031,497.7040100097656,0.9966863989830017,332.7932434082031,611.6677856445312,0.9994226694107056,277.3122863769531,554.2554931640625,0.9969172477722168,385.061279296875,556.0658569335938,0.9963191747665405,710.5762329101562,492.67950439453125,0.9967368245124817,757.9369506835938,713.510498046875,0.999848484992981,685.7112426757812,582.857177734375,0.9631403684616089,781.5849609375,567.9130249023438,0.9917138814926147,682.0932006835938,623.5722045898438,0.7916004061698914,626.9158935546875,556.2355346679688,0.9979439377784729,613.078125,536.0610961914062,0.9990159273147583,542.577880859375,434.4698791503906,0.9974063038825989,641.7376098632812,488.0117492675781,0.9520608186721802,569.8084106445312,542.9849853515625,0.9948861002922058,545.0391235351562,348.7143249511719,0.9965144991874695,454.6684875488281,412.1965637207031,0.9446797370910645,443.3792419433594,339.353515625,0.9932656288146973,361.7472839355469,246.647216796875,0.9844738245010376,480.9306945800781,104.65841674804688,0.3391226828098297
117,85.55012512207031,118.91204071044922,0.9997968077659607,999.4729614257812,78.91814422607422,0.999853253364563,89.76473236083984,1028.7911376953125,0.9998736381530762,1023.0921020507812,1020.2686157226562,0.99956876039505,336.1618957519531,497.5941162109375,0.996377170085907,332.2479248046875,610.5223388671875,0.9995773434638977,277.4808349609375,553.1184692382812,0.998390793800354,385.1007080078125,556.41943359375,0.9969635605812073,710.795654296875,492.0787048339844,0.9642245769500732,757.3040161132812,712.6627807617188,0.9998268485069275,693.0059204101562,594.8370971679688,0.9973865151405334,787.3663940429688,570.19189453125,0.9945157170295715,605.6986083984375,575.68408203125,0.22485968470573425,605.86572265625,540.083251953125,0.9866434335708618,601.44384765625,521.4437866210938,0.9973395466804504,542.08251953125,423.3370056152344,0.9982615113258362,629.519775390625,473.9974060058594,0.9879058599472046,544.0676879882812,514.9716186523438,0.7725347280502319,546.000732421875,348.13177490234375,0.9802332520484924,452.65863037109375,402.32537841796875,0.9647558331489563,444.0820007324219,337.72650146484375,0.9715253114700317,352.238037109375,238.83352661132812,0.948773980140686,341.5019226074219,143.97286987304688,0.5372845530509949
118,85.35282897949219,118.99639892578125,0.9998536109924316,998.6315307617188,80.33125305175781,0.9998931884765625,90.89111328125,1031.156494140625,0.9998036026954651,1022.2750854492188,1021.318115234375,0.9997524619102478,335.4239501953125,497.4992370605469,0.9974095225334167,333.90264892578125,612.4503784179688,0.9996426105499268,277.1883850097656,554.2131958007812,0.9978184700012207,386.0762634277344,555.1798706054688,0.99777752161026,714.4854125976562,492.160888671875,0.9640787243843079,755.357666015625,713.8012084960938,0.9998501539230347,691.52001953125,598.0855102539062,0.9982983469963074,785.4923095703125,568.6175537109375,0.9948855042457581,479.9561767578125,574.545166015625,0.10150820761919022,531.7906494140625,546.526611328125,0.21386626362800598,547.052001953125,534.708740234375,0.01124973688274622,540.3731689453125,410.1894226074219,0.9958816766738892,516.8390502929688,463.9978332519531,0.0030873753130435944,513.858154296875,488.37738037109375,0.26428553462028503,542.7841186523438,342.4571838378906,0.8581438660621643,455.01513671875,405.1990966796875,0.9951034784317017,439.2221374511719,329.4474182128906,0.9988855719566345,336.9538879394531,236.26316833496094,0.9991699457168579,319.8872375488281,138.58091735839844,0.9104862213134766
119,86.8582992553711,117.22815704345703,0.9996963739395142,999.2195434570312,76.55927276611328,0.9999344348907471,90.78058624267578,1029.85205078125,0.9998636245727539,1024.0997314453125,1020.6992797851562,0.9995949864387512,333.9035949707031,498.4929504394531,0.9971568584442139,334.6138610839844,611.9521484375,0.9990532994270325,277.2892150878906,553.7049560546875,0.9970446228981018,383.7008056640625,548.7406005859375,0.9965049028396606,713.4754638671875,494.07122802734375,0.9853991270065308,754.8714599609375,714.9973754882812,0.9997674822807312,687.9254150390625,599.2467651367188,0.9974431991577148,781.9427490234375,569.7076416015625,0.9969903230667114,422.3415222167969,552.353759765625,0.7716977000236511,482.2647399902344,524.1585083007812,0.9050012826919556,499.2729797363281,510.8631286621094,0.5165002942085266,542.3502197265625,406.247314453125,0.9992330074310303,591.8728637695312,501.3917236328125,0.36433663964271545,485.9328918457031,473.54669189453125,0.8443970680236816,560.8960571289062,336.5869140625,0.9560556411743164,458.0977478027344,382.3707580566406,0.9732139706611633,461.0259704589844,316.2811584472656,0.21111148595809937,321.214599609375,208.26673889160156,0.49767637252807617,321.8661193847656,204.55284118652344,0.27113625407218933
120,86.29668426513672,118.61310577392578,0.9996675252914429,1000.1941528320312,79.22835540771484,0.9997876286506653,89.04434204101562,1030.2650146484375,0.999667763710022,1023.0108642578125,1020.7802734375,0.9997467398643494,336.58331298828125,498.43548583984375,0.9946570992469788,333.5694885253906,611.4999389648438,0.9992073178291321,277.4271240234375,552.6383666992188,0.9966350197792053,383.2411804199219,553.1712646484375,0.9680097699165344,713.0181884765625,497.0628662109375,0.9959684610366821,754.4026489257812,712.4111938476562,0.9996381998062134,685.281005859375,591.9970703125,0.9930673837661743,781.0550537109375,564.424560546875,0.9925315976142883,396.24188232421875,509.2657165527344,0.7144837379455566,429.798828125,492.9947204589844,0.9487261176109314,459.9916076660156,486.6663818359375,0.908276379108429,529.1865234375,409.1590270996094,0.9949778914451599,524.747802734375,517.117431640625,0.5429394245147705,446.5885314941406,431.6288146972656,0.9316948652267456,577.009521484375,352.54144287109375,0.9618372917175293,481.5491638183594,341.22845458984375,0.961909830570221,512.3611450195312,315.1060791015625,0.10827243328094482,390.07818603515625,557.283203125,0.00185402890201658,501.28631591796875,892.9920654296875,0.0017212139209732413
121,86.02400970458984,118.76661682128906,0.9998099207878113,999.6947631835938,79.54781341552734,0.9998353719711304,90.49613189697266,1030.4840087890625,0.9997907280921936,1021.1630859375,1020.8314819335938,0.99937504529953,336.2884521484375,499.0563659667969,0.9868692755699158,332.427734375,610.7577514648438,0.9990542531013489,277.2232971191406,554.0081787109375,0.9977777600288391,383.991943359375,559.6568603515625,0.9912710189819336,712.8562622070312,498.1971740722656,0.9953959584236145,756.6880493164062,714.7054443359375,0.9998651742935181,687.2723999023438,589.5811157226562,0.9966835379600525,778.9641723632812,566.7279663085938,0.9958186745643616,373.0625,476.1543884277344,0.7593966126441956,429.830322265625,456.640869140625,0.9868797063827515,457.29046630859375,447.4005126953125,0.8492968678474426,530.6235961914062,392.1990051269531,0.9976736903190613,517.9537353515625,484.7455749511719,0.9565277695655823,457.47369384765625,400.21820068359375,0.9852824211120605,577.9458618164062,348.36767578125,0.9961593151092529,491.29058837890625,332.487060546875,0.9715248346328735,515.5368041992188,293.8569641113281,0.9714406728744507,369.0451965332031,181.7266082763672,0.7892758846282959,353.4133605957031,162.09889221191406,0.9686394929885864
122,86.31073760986328,118.53500366210938,0.9998763799667358,1001.3685913085938,80.37407684326172,0.9995149374008179,90.29796600341797,1029.103271484375,0.9999338388442993,1023.3499755859375,1021.0992431640625,0.999632716178894,336.3819580078125,498.85369873046875,0.997032880783081,332.993896484375,613.1702880859375,0.9988454580307007,276.86669921875,553.6235961914062,0.9980190992355347,382.3034973144531,556.106201171875,0.9980317950248718,718.2861938476562,493.80975341796875,0.9953092932701111,754.7312622070312,713.6659545898438,0.9998683929443359,686.2972412109375,590.2588500976562,0.9959783554077148,781.938720703125,567.5776977539062,0.9892789721488953,356.0350341796875,408.1617431640625,0.6674232482910156,408.8017272949219,424.1614074707031,0.6545185446739197,444.2290344238281,427.5773010253906,0.6382622718811035,520.308837890625,394.28564453125,0.997461199760437,445.88922119140625,488.9738464355469,0.42822518944740295,565.0536499023438,440.66448974609375,0.5421280264854431,580.6217651367188,346.8266906738281,0.99854975938797,468.3658752441406,328.2158508300781,0.8921938538551331,518.4297485351562,281.97637939453125,0.983606219291687,363.59295654296875,180.52809143066406,0.6913360953330994,347.6730041503906,156.52113342285156,0.46964776515960693
123,86.37345123291016,117.64448547363281,0.9999058246612549,1000.0880126953125,78.01234436035156,0.9998511075973511,90.61560821533203,1028.99609375,0.9999111890792847,1022.8355102539062,1020.13525390625,0.9996134638786316,336.9329833984375,504.7611083984375,0.9986363053321838,336.7611083984375,618.2693481445312,0.9964237809181213,276.2667236328125,559.5709838867188,0.9970927238464355,382.15618896484375,561.5623168945312,0.9982694387435913,715.621826171875,493.40240478515625,0.9929960370063782,754.1309814453125,713.8146362304688,0.999794065952301,687.8463745117188,595.5205078125,0.9967808723449707,780.9970703125,570.1197509765625,0.993183434009552,402.9927062988281,483.2056579589844,0.40080323815345764,418.2524108886719,466.1020202636719,0.007784951012581587,513.5701293945312,381.6802978515625,0.44866353273391724,500.481201171875,379.3797912597656,0.9322767853736877,501.7219543457031,456.9129333496094,0.2678127884864807,583.6854248046875,357.3993835449219,0.42083603143692017,450.81756591796875,338.7705078125,0.9885513186454773,504.017333984375,451.5048828125,0.7128741145133972,392.9720153808594,363.5330810546875,0.9668372869491577,477.0227966308594,208.8874969482422,0.6735821962356567,472.35357666015625,202.50503540039062,0.7715054154396057
124,85.53716278076172,118.6061019897461,0.9998303651809692,999.9306030273438,78.76742553710938,0.9998564720153809,90.56552124023438,1029.4234619140625,0.999835729598999,1023.0187377929688,1020.696044921875,0.9996292591094971,337.3785400390625,498.9578552246094,0.9986429810523987,335.19085693359375,611.4510498046875,0.9987647533416748,277.3337097167969,552.7919921875,0.9985639452934265,386.8464050292969,556.6878051757812,0.9980974793434143,711.0950317382812,497.0887756347656,0.9981799125671387,754.9976806640625,713.9884643554688,0.9997292160987854,685.4329223632812,590.5918579101562,0.990574300289154,780.7655029296875,567.01904296875,0.9832639098167419,329.77069091796875,225.75454711914062,0.9855889678001404,346.8904724121094,252.69921875,0.9806055426597595,358.83563232421875,274.62017822265625,0.8454894423484802,486.08245849609375,347.0494079589844,0.7147512435913086,366.9561462402344,362.9244384765625,0.14040866494178772,411.0099182128906,297.1118469238281,0.5780771970748901,433.63018798828125,298.3775939941406,0.24213258922100067,379.1394348144531,378.59356689453125,0.9037836194038391,564.4727783203125,311.1158447265625,0.00618424778804183,296.2099304199219,605.7348022460938,0.002473927801474929,793.0264892578125,536.4356079101562,0.04286114498972893
125,85.64888000488281,116.4054946899414,0.9998867511749268,998.12060546875,79.50299835205078,0.9998738765716553,90.69608306884766,1030.56689453125,0.9998596906661987,1022.911376953125,1020.1343383789062,0.9990063309669495,336.09429931640625,498.50445556640625,0.998439610004425,334.88104248046875,612.0812377929688,0.9988445043563843,278.0079040527344,552.5234375,0.9983786344528198,388.4549560546875,557.69970703125,0.9975398778915405,712.4747924804688,497.8923645019531,0.994742751121521,755.2077026367188,714.0238037109375,0.999854326248169,688.1798706054688,592.673583984375,0.9935441017150879,779.882568359375,561.8327026367188,0.9904120564460754,331.9544372558594,130.90969848632812,0.9960424900054932,340.7455139160156,173.01600646972656,0.6452147960662842,356.3326721191406,218.3713836669922,0.911325991153717,465.8023986816406,320.2770080566406,0.9735711216926575,351.2149963378906,297.50408935546875,0.32852593064308167,420.08123779296875,234.4774932861328,0.5358276963233948,423.6640930175781,239.9202423095703,0.2603539228439331,347.51422119140625,299.1319580078125,0.35013315081596375,596.9370727539062,312.1161804199219,0.18255281448364258,599.69873046875,180.77505493164062,0.8874101042747498,574.9901733398438,168.66441345214844,0.7755151987075806
126,88.08365631103516,117.8568115234375,0.9995443224906921,998.6873168945312,78.15843200683594,0.9999493360519409,89.82498931884766,1029.826416015625,0.9998181462287903,1022.3983764648438,1021.5733032226562,0.9991534948348999,334.8018798828125,497.9975891113281,0.9964264035224915,332.7282409667969,612.2870483398438,0.999077320098877,276.87408447265625,552.6013793945312,0.997646152973175,385.7991027832031,557.73046875,0.9975711703300476,709.775146484375,499.24615478515625,0.9954912066459656,755.1002807617188,712.2927856445312,0.9998136162757874,687.2892456054688,593.7534790039062,0.9947429895401001,780.1708984375,565.0794067382812,0.9918599724769592,336.8512878417969,64.08162689208984,0.9996699094772339,346.4249572753906,127.62352752685547,0.9291297793388367,360.1897888183594,167.60012817382812,0.9602541327476501,442.1590270996094,290.8244934082031,0.9883955717086792,353.5112609863281,262.8708801269531,0.027435941621661186,415.1922912597656,181.5744171142578,0.9379238486289978,507.9013671875,397.9794006347656,0.24608071148395538,524.544677734375,286.984375,0.7449608445167542,613.7772216796875,159.06321716308594,0.5054330825805664,647.1292724609375,227.18226623535156,0.9848797917366028,610.3336791992188,152.387451171875,0.2525714635848999
127,85.52845001220703,117.89289855957031,0.9997912049293518,997.33154296875,78.1993637084961,0.9998242259025574,89.54830932617188,1030.1619873046875,0.999893069267273,1019.4539794921875,1021.2765502929688,0.99953293800354,335.0664367675781,497.4934997558594,0.9968389272689819,334.5002136230469,612.4288940429688,0.9987442493438721,276.7401428222656,552.8027954101562,0.9980574250221252,386.6968688964844,555.7708740234375,0.9986547231674194,705.27294921875,498.756103515625,0.994564414024353,756.0296630859375,712.899169921875,0.9996799230575562,684.763427734375,593.5741577148438,0.9922391176223755,779.9945068359375,561.7699584960938,0.994005024433136,341.1393127441406,52.629642486572266,0.9990070462226868,348.6023254394531,119.68639373779297,0.9979528188705444,355.3438415527344,144.46987915039062,0.9980437755584717,426.7346496582031,260.2699279785156,0.9960417747497559,330.36810302734375,201.4900360107422,0.961758553981781,416.6475830078125,156.1094970703125,0.9967259168624878,390.6795959472656,325.84747314453125,0.33476901054382324,503.14630126953125,286.6134033203125,0.9808576107025146,519.3993530273438,367.3429260253906,0.4516634941101074,639.5402221679688,316.2988586425781,0.9768798351287842,620.89404296875,169.38250732421875,0.9025591015815735
128,86.76536560058594,117.47483825683594,0.9998877048492432,999.0806884765625,78.28225708007812,0.9995781779289246,88.91263580322266,1030.097900390625,0.9998292922973633,1021.8594360351562,1021.663818359375,0.9989945292472839,335.5673522949219,497.94110107421875,0.9977328777313232,333.38226318359375,612.1712036132812,0.9987356066703796,276.8636779785156,552.3109741210938,0.9982006549835205,386.90045166015625,557.4192504882812,0.9987947940826416,709.4342041015625,496.40362548828125,0.9948024749755859,755.0372314453125,712.2777709960938,0.9996458292007446,685.6445922851562,594.7367553710938,0.9946783781051636,783.2713012695312,563.9102783203125,0.9909195899963379,337.3607482910156,46.89667892456055,0.9845818877220154,344.326904296875,110.24546813964844,0.6420812606811523,351.0009765625,135.4906005859375,0.33275189995765686,396.9737548828125,264.1789855957031,0.99298495054245,473.9700927734375,261.34442138671875,0.33631616830825806,416.8011169433594,174.81076049804688,0.9303118586540222,371.33587646484375,326.83062744140625,0.9875779747962952,473.3037109375,261.2801818847656,0.600365936756134,465.85394287109375,381.45068359375,0.9899285435676575,397.03271484375,271.7854309082031,0.0028832200914621353,788.2277221679688,519.06787109375,0.028594261035323143
129,86.01376342773438,118.71751403808594,0.9998231530189514,999.0675048828125,80.76129913330078,0.9998862743377686,89.82598876953125,1030.199951171875,0.9996945858001709,1022.2473754882812,1021.6400146484375,0.9991670846939087,334.43121337890625,498.2193908691406,0.998124897480011,334.0494079589844,612.5850830078125,0.9987484216690063,276.91436767578125,553.7728881835938,0.9974250793457031,387.17828369140625,557.4727783203125,0.998149037361145,710.9591674804688,494.1652526855469,0.9970537424087524,754.6257934570312,713.333251953125,0.9997664093971252,683.1029052734375,592.03759765625,0.9937523007392883,783.1907348632812,560.459716796875,0.9805397987365723,342.30133056640625,32.38119125366211,0.9867022633552551,340.94842529296875,98.97366333007812,0.7078800797462463,347.0964050292969,154.25204467773438,0.6517886519432068,407.3033142089844,276.88043212890625,0.9915655851364136,342.9032287597656,239.05929565429688,0.8603832721710205,426.055419921875,193.71951293945312,0.9792932271957397,365.4205017089844,320.0285339355469,0.9958186745643616,474.85821533203125,286.6883239746094,0.9511833786964417,445.6942443847656,391.2853698730469,0.9983073472976685,460.34075927734375,464.7813720703125,0.018951084464788437,674.3153076171875,449.38836669921875,0.10697326064109802
130,86.12611389160156,117.5418472290039,0.9998169541358948,1000.365478515625,79.67201232910156,0.9997765421867371,90.2449722290039,1028.734619140625,0.9998939037322998,1021.91845703125,1021.1619262695312,0.9994484782218933,335.2010803222656,498.0998229980469,0.9971247315406799,334.1932678222656,611.680908203125,0.9989346861839294,277.2720031738281,553.637451171875,0.9979535341262817,387.301513671875,557.2139282226562,0.9962765574455261,712.26025390625,495.47705078125,0.9975551962852478,754.534912109375,714.3440551757812,0.9998279809951782,686.0599365234375,594.8640747070312,0.992262601852417,780.395751953125,568.5853881835938,0.992958664894104,349.0433654785156,10.353883743286133,0.4915322959423065,340.1285400390625,61.84575653076172,0.7370775938034058,341.6540222167969,81.92195129394531,0.7695327997207642,404.0103454589844,275.3408203125,0.9862356781959534,307.4552001953125,120.9287338256836,0.9279209971427917,430.04620361328125,198.80116271972656,0.3065769076347351,363.26226806640625,300.4304504394531,0.9271997809410095,468.55230712890625,281.11041259765625,0.9608131647109985,424.44415283203125,371.6904602050781,0.998586893081665,432.34832763671875,485.93133544921875,0.7205267548561096,594.7760009765625,520.0220336914062,0.8361454010009766
131,87.15597534179688,118.22775268554688,0.9995179176330566,1001.2783813476562,79.74622344970703,0.9997281432151794,89.75311279296875,1029.7298583984375,0.9998524188995361,1023.736328125,1020.6204833984375,0.9995155334472656,336.3960266113281,498.63739013671875,0.9959155917167664,333.0078125,611.2459106445312,0.9988483190536499,276.97998046875,551.9312133789062,0.9975861310958862,387.6886291503906,556.6151733398438,0.9953896999359131,711.3078002929688,496.3130798339844,0.9965924620628357,755.12158203125,714.30322265625,0.9998227953910828,685.7135009765625,595.3740844726562,0.9938241243362427,783.5061645507812,570.2913818359375,0.9778006076812744,346.8900451660156,8.317964553833008,0.8978660702705383,344.5590515136719,98.84489440917969,0.7854084372520447,346.87542724609375,126.6259536743164,0.9730067253112793,401.27264404296875,249.65359497070312,0.9967977404594421,312.7372131347656,146.7390899658203,0.6524197459220886,418.71527099609375,146.41314697265625,0.7647297978401184,362.23992919921875,291.6998596191406,0.9749406576156616,462.2234191894531,272.299560546875,0.8255947232246399,408.6639099121094,363.0090026855469,0.9977120161056519,449.07342529296875,515.983154296875,0.9822701811790466,578.0038452148438,524.1679077148438,0.5512402057647705
132,85.88890075683594,120.0808334350586,0.9993417859077454,998.9853515625,78.78532409667969,0.9997848868370056,89.5509033203125,1029.64599609375,0.99983811378479,1024.44384765625,1020.4560546875,0.9996205568313599,336.1463623046875,497.8892822265625,0.9961644411087036,333.4372863769531,611.2047729492188,0.9992371797561646,277.23114013671875,553.1694946289062,0.9965648055076599,386.76953125,555.4967651367188,0.9969381093978882,710.3101196289062,496.4779357910156,0.9979479908943176,754.7249755859375,714.2838134765625,0.9997809529304504,686.1860961914062,595.5166015625,0.9970232844352722,780.9801635742188,566.4288330078125,0.9936235547065735,345.92352294921875,9.756003379821777,0.763870120048523,348.9970397949219,99.31558990478516,0.8208702206611633,353.029296875,127.86322021484375,0.9531804919242859,399.34130859375,234.32192993164062,0.9987327456474304,314.5873107910156,142.42611694335938,0.6946696043014526,416.687744140625,136.9700927734375,0.8988590836524963,358.39794921875,278.3617248535156,0.9527745246887207,460.20416259765625,264.0195617675781,0.636663019657135,404.5882873535156,352.8641052246094,0.9993448853492737,459.2890625,521.5413208007812,0.9127867817878723,555.2495727539062,499.0897216796875,0.95147305727005
133,85.9112548828125,118.35110473632812,0.9997207522392273,998.5233764648438,80.74263763427734,0.9998964071273804,89.99283599853516,1030.4659423828125,0.9998089671134949,1023.2870483398438,1020.8048706054688,0.9996165037155151,334.8171081542969,498.2817077636719,0.9976131916046143,333.06890869140625,610.3226928710938,0.9991263747215271,276.97894287109375,553.1666870117188,0.9968907237052917,385.97711181640625,554.6370239257812,0.99713134765625,710.6526489257812,497.4720153808594,0.9980425834655762,755.66357421875,713.9230346679688,0.9997417330741882,685.9524536132812,597.28271484375,0.9946738481521606,776.9876708984375,570.6273193359375,0.9876598715782166,341.1005859375,1.0573194026947021,0.3016067445278168,338.5150146484375,49.536521911621094,0.6374879479408264,348.1748962402344,117.3839340209961,0.6658632755279541,402.8872375488281,231.1935272216797,0.9989595413208008,315.32818603515625,138.70791625976562,0.6146340370178223,419.2040710449219,132.73265075683594,0.9287104606628418,357.5176086425781,270.1943054199219,0.993800938129425,458.9881896972656,276.7277526855469,0.3861870765686035,404.40625,341.6719055175781,0.9998809099197388,416.4227600097656,478.98065185546875,0.8579294681549072,561.1311645507812,495.349853515625,0.8414981961250305
134,87.50994110107422,116.6117935180664,0.9998237490653992,1001.30517578125,80.46168518066406,0.9997076392173767,90.7197265625,1030.659912109375,0.999679446220398,1023.9130859375,1020.8931274414062,0.9994142055511475,336.3166198730469,498.3457946777344,0.9967892169952393,333.035400390625,611.2681274414062,0.9992908239364624,277.2671203613281,552.326904296875,0.996798574924469,387.2426452636719,555.311767578125,0.9975776076316833,712.5435180664062,496.93597412109375,0.9960059523582458,755.2093505859375,713.9305419921875,0.9998204112052917,684.6812133789062,595.0989379882812,0.9932222366333008,779.6187744140625,569.814453125,0.9898955821990967,326.020751953125,-1.0652174949645996,0.16748785972595215,332.93475341796875,87.581787109375,0.8462005853652954,342.0605773925781,117.65055847167969,0.8076238632202148,407.05517578125,240.99945068359375,0.985325038433075,301.69610595703125,131.24136352539062,0.9920482039451599,409.458251953125,118.66956329345703,0.9404637813568115,359.64764404296875,262.4298095703125,0.9932851791381836,461.42193603515625,266.39398193359375,0.6327361464500427,406.28497314453125,342.85955810546875,0.9997385144233704,425.9232177734375,483.769287109375,0.9228837490081787,545.1414184570312,529.66259765625,0.9803892970085144
135,87.37823486328125,117.44843292236328,0.9997832179069519,1000.9440307617188,78.24073028564453,0.9996737241744995,89.40931701660156,1030.0888671875,0.9998449087142944,1024.8026123046875,1021.048828125,0.9996200799942017,334.3935546875,498.9109191894531,0.9978272318840027,334.2447509765625,611.038330078125,0.9992102384567261,277.1620788574219,553.3208618164062,0.9980884194374084,387.14013671875,554.2724609375,0.9980776309967041,712.1868286132812,497.626953125,0.9959819316864014,753.9442749023438,713.44384765625,0.9997809529304504,684.9222412109375,593.4259033203125,0.9964358806610107,779.8757934570312,566.4307250976562,0.9864394664764404,293.4210205078125,1.3691015243530273,0.46783170104026794,324.777099609375,79.34039306640625,0.9801187515258789,340.07379150390625,110.43863677978516,0.7997568249702454,404.1511535644531,239.21435546875,0.9971121549606323,300.4198303222656,133.4002685546875,0.9460656642913818,406.2505798339844,99.8140640258789,0.9901853799819946,354.72149658203125,271.2878723144531,0.99605393409729,458.71038818359375,271.2513427734375,0.6862074732780457,407.8174133300781,342.3797607421875,0.9997758269309998,428.34228515625,480.0076599121094,0.8029393553733826,563.576904296875,519.3392333984375,0.7008868455886841
136,86.43427276611328,118.72035217285156,0.9997764229774475,998.4114379882812,80.35552215576172,0.9999099969863892,88.94773864746094,1029.3426513671875,0.9997727274894714,1022.7796020507812,1020.7811889648438,0.9995111227035522,335.0440979003906,498.81268310546875,0.9979972243309021,333.7841491699219,611.24267578125,0.9987038373947144,277.1133728027344,555.12109375,0.9971941709518433,386.2713928222656,554.7791748046875,0.9984700083732605,711.0104370117188,497.3161315917969,0.9970302581787109,753.7504272460938,714.2124633789062,0.9998366832733154,685.9320678710938,592.5621337890625,0.9900602102279663,781.5678100585938,563.9622192382812,0.9838417768478394,262.8515930175781,0.8845319747924805,0.22262485325336456,309.3495178222656,84.96977996826172,0.9574280381202698,326.5408630371094,106.0618896484375,0.9255467653274536,403.0966491699219,223.31280517578125,0.994026780128479,309.0857849121094,140.77430725097656,0.958642303943634,397.804931640625,92.34807586669922,0.6929980516433716,355.7890930175781,260.2967834472656,0.9973478317260742,462.0647888183594,266.95965576171875,0.2809736132621765,409.19403076171875,333.6038513183594,0.9989591836929321,437.5895080566406,487.82177734375,0.9515910148620605,590.2421264648438,479.15594482421875,0.983116090297699
137,86.0239028930664,118.17339324951172,0.9997797608375549,999.7528686523438,85.0953140258789,0.9998806715011597,88.92086791992188,1029.79541015625,0.9999053478240967,1024.09814453125,1019.6854858398438,0.9995403289794922,334.0679016113281,498.7547607421875,0.9978222846984863,334.192626953125,610.743408203125,0.9986411929130554,276.8974304199219,554.9610595703125,0.9967677593231201,385.8694152832031,554.0552368164062,0.9987718462944031,708.9595336914062,498.0462646484375,0.9976184964179993,753.6824340820312,712.8637084960938,0.9997119307518005,684.5299682617188,592.2962036132812,0.9911995530128479,780.27880859375,565.0223999023438,0.9865882992744446,215.98776245117188,1.3135724067687988,0.2172851711511612,251.3087921142578,44.032981872558594,0.6977531909942627,304.93084716796875,102.11931610107422,0.9749642610549927,395.9783630371094,197.376708984375,0.9777502417564392,275.9302062988281,124.4735107421875,0.19104821979999542,398.94647216796875,89.45166778564453,0.9458944201469421,351.9222412109375,253.3190460205078,0.96954745054245,349.7914733886719,233.71714782714844,0.06530290842056274,409.0871276855469,330.4805603027344,0.9988946318626404,462.69903564453125,502.5849304199219,0.9474512934684753,605.9656372070312,443.3153076171875,0.2518734037876129
138,86.165771484375,119.44007873535156,0.999752938747406,1000.1231079101562,80.7285385131836,0.9998730421066284,89.77973937988281,1031.1759033203125,0.9997357726097107,1023.44677734375,1022.3173828125,0.9994893074035645,336.7001953125,498.8043518066406,0.9975324869155884,334.565185546875,610.7684326171875,0.9991390705108643,276.99298095703125,554.6287841796875,0.9950157999992371,386.3585205078125,555.499267578125,0.9976431727409363,710.1312255859375,497.25445556640625,0.9976562261581421,754.9464111328125,713.8768310546875,0.9997133612632751,685.4194946289062,590.4756469726562,0.9869901537895203,781.1301879882812,563.0256958007812,0.9851219654083252,192.97938537597656,2.6389894485473633,0.6214945912361145,236.0017852783203,64.70919036865234,0.6280848979949951,276.2051086425781,100.17334747314453,0.9140468239784241,391.6122741699219,194.17543029785156,0.9919186234474182,256.1112976074219,126.42770385742188,0.8174059391021729,382.730712890625,95.06748962402344,0.9457948207855225,345.8617248535156,246.54617309570312,0.9940898418426514,456.5397644042969,248.98855590820312,0.6109862327575684,410.43853759765625,322.6985168457031,0.9991433620452881,451.55743408203125,475.8836975097656,0.9836561679840088,600.0535888671875,474.9825134277344,0.17752163112163544
139,87.26144409179688,115.68515014648438,0.9992857575416565,998.5272216796875,81.69896697998047,0.9999439716339111,88.91424560546875,1030.803466796875,0.9998420476913452,1022.7996826171875,1021.3793334960938,0.9990748167037964,336.15277099609375,498.5229187011719,0.9965497255325317,335.2144775390625,611.4191284179688,0.9991014003753662,277.4332275390625,554.1551513671875,0.9952446818351746,387.29656982421875,554.5979614257812,0.9986180067062378,707.7222290039062,499.5456237792969,0.999053418636322,754.0633544921875,712.4864501953125,0.9996985197067261,686.5238647460938,594.6532592773438,0.9875696301460266,778.41796875,561.927734375,0.989375114440918,199.11346435546875,22.708847045898438,0.6648820638656616,310.1172180175781,16.85487174987793,0.3015369474887848,302.26409912109375,92.4772720336914,0.9803476929664612,386.78399658203125,204.25021362304688,0.9985330104827881,258.14923095703125,119.93412017822266,0.8940398693084717,341.2214050292969,92.8729248046875,0.7245779633522034,343.3487243652344,249.93173217773438,0.9985994696617126,432.6453857421875,188.15269470214844,0.13033811748027802,405.37091064453125,314.2508850097656,0.999650239944458,455.2943420410156,473.0681457519531,0.9886802434921265,617.746826171875,445.8522644042969,0.9723976254463196
140,85.89067077636719,117.935302734375,0.99982088804245,998.84619140625,80.63516235351562,0.999897837638855,89.3463134765625,1029.8968505859375,0.9998787641525269,1023.1975708007812,1021.178466796875,0.9996143579483032,334.73699951171875,498.632080078125,0.998045802116394,334.3955993652344,611.6052856445312,0.9991926550865173,277.329345703125,554.3797607421875,0.9957802295684814,386.6865234375,554.5844116210938,0.9987019300460815,711.8954467773438,497.74481201171875,0.994654655456543,754.5706787109375,712.8523559570312,0.9997867941856384,687.7888793945312,594.92041015625,0.9946607947349548,779.7034912109375,565.0013427734375,0.9938884973526001,190.820556640625,3.0548572540283203,0.5030485391616821,228.43833923339844,67.07514953613281,0.9124542474746704,252.4749298095703,80.20451354980469,0.943703830242157,369.799072265625,195.8102264404297,0.9961724877357483,239.8507843017578,123.99833679199219,0.9924370646476746,353.7379455566406,82.53009033203125,0.49046143889427185,331.1476135253906,247.5101318359375,0.9968416690826416,325.9188232421875,230.48049926757812,0.14983759820461273,400.5295715332031,317.72882080078125,0.9995582699775696,452.7337341308594,477.7246398925781,0.9924008846282959,615.2412109375,444.9359130859375,0.8478343486785889
141,85.82349395751953,116.69027709960938,0.9998729228973389,999.7545166015625,82.61219787597656,0.9999141693115234,89.18441772460938,1028.6707763671875,0.9999009370803833,1022.5741577148438,1020.6985473632812,0.9992738366127014,335.2533874511719,498.8585205078125,0.9983872175216675,334.8055419921875,611.9498901367188,0.9992584586143494,276.8319091796875,554.2754516601562,0.9960148334503174,385.9544677734375,555.8036499023438,0.9983893632888794,710.6299438476562,498.2223205566406,0.9968030452728271,754.6959838867188,712.3383178710938,0.9997393488883972,686.798095703125,594.15087890625,0.9945494532585144,781.21826171875,568.245849609375,0.9950931072235107,190.8159637451172,1.2179689407348633,0.23452939093112946,243.99366760253906,80.57308959960938,0.7105215787887573,260.07598876953125,104.26693725585938,0.9527475833892822,362.505615234375,188.37509155273438,0.9968048334121704,234.78753662109375,128.93675231933594,0.7533180713653564,324.8568420410156,66.350341796875,0.9198012948036194,330.82879638671875,251.4375,0.9965527057647705,420.28851318359375,202.54820251464844,0.5196473002433777,396.7736511230469,310.8564147949219,0.9993213415145874,448.74920654296875,476.16546630859375,0.9946774244308472,610.0188598632812,443.86810302734375,0.624266505241394
142,85.7757568359375,117.79328918457031,0.9998528957366943,999.0880737304688,77.98687744140625,0.9998949766159058,89.5295639038086,1030.13818359375,0.9998787641525269,1021.506591796875,1021.6941528320312,0.999417781829834,334.3145446777344,499.0320129394531,0.9985643029212952,334.6247253417969,612.7138671875,0.9994475245475769,276.6544494628906,554.0982666015625,0.9971430897712708,386.5831298828125,556.2755737304688,0.9974409341812134,713.4246826171875,496.78436279296875,0.9925951361656189,754.3826904296875,713.4597778320312,0.9997701048851013,686.545654296875,591.2054443359375,0.9957103729248047,781.1920776367188,567.1424560546875,0.9944049119949341,264.74273681640625,1.020601511001587,0.13502901792526245,235.2500457763672,52.682865142822266,0.8312109112739563,251.36448669433594,79.80906677246094,0.9931939840316772,348.67156982421875,176.4154052734375,0.990957498550415,219.3124237060547,109.58931732177734,0.9437077641487122,319.8174133300781,55.98602294921875,0.6685110926628113,322.9977722167969,237.2703094482422,0.9907928109169006,411.5997314453125,194.1680450439453,0.5451041460037231,386.9803771972656,294.9754638671875,0.999367892742157,447.3721618652344,480.03399658203125,0.8783752918243408,606.6744384765625,443.6033630371094,0.2562834918498993
143,85.83973693847656,117.25272369384766,0.9997366070747375,998.6276245117188,78.16473388671875,0.999903678894043,89.80076599121094,1029.74560546875,0.9998354911804199,1022.7548217773438,1020.170654296875,0.999357283115387,334.9033508300781,498.3486633300781,0.9977066516876221,334.2839050292969,611.2493896484375,0.9994750618934631,277.1791687011719,554.3977661132812,0.9948049187660217,387.25677490234375,555.0807495117188,0.9988124370574951,713.9644165039062,495.6810607910156,0.9865810871124268,753.6647338867188,712.3984985351562,0.9998438358306885,687.2731323242188,594.3402099609375,0.9957129955291748,781.2769165039062,565.9307250976562,0.9959263801574707,409.222412109375,155.93124389648438,0.11331117153167725,237.94161987304688,37.59495162963867,0.7841039299964905,251.27084350585938,66.71867370605469,0.9927091598510742,342.55670166015625,175.5620880126953,0.9839949607849121,219.94041442871094,102.81261444091797,0.9762548208236694,322.1084289550781,73.1525650024414,0.5310970544815063,301.9674377441406,222.9188690185547,0.9603537917137146,403.37908935546875,160.64097595214844,0.8703184723854065,384.1528015136719,278.0791015625,0.999243974685669,432.9834899902344,459.005126953125,0.6256062984466553,443.7593688964844,470.69476318359375,0.11066155880689621
144,86.90398406982422,118.07244110107422,0.9998437166213989,1000.334716796875,78.72767639160156,0.9998769760131836,90.29428100585938,1030.218505859375,0.999829888343811,1023.2374877929688,1021.0612182617188,0.9994351267814636,333.3840026855469,498.14990234375,0.9980012774467468,333.75628662109375,611.6090087890625,0.9996178150177002,276.79461669921875,554.5145874023438,0.9966597557067871,386.2748718261719,555.5960083007812,0.9981156587600708,712.9647216796875,496.6894226074219,0.9851159453392029,754.2686767578125,713.8865966796875,0.9998623132705688,686.3693237304688,595.6382446289062,0.9930740594863892,780.8536987304688,564.6566772460938,0.9953603148460388,226.26246643066406,6.467220783233643,0.11286695301532745,245.89390563964844,34.296844482421875,0.9153938889503479,254.41737365722656,65.2713394165039,0.9951223731040955,308.12139892578125,154.03778076171875,0.917043924331665,211.91368103027344,99.78626251220703,0.9906531572341919,296.70159912109375,71.93010711669922,0.44810566306114197,318.661865234375,237.02084350585938,0.2779410481452942,402.7737731933594,204.54319763183594,0.9027337431907654,390.5906982421875,267.9266357421875,0.9974783062934875,423.1152038574219,388.8500671386719,0.9931233525276184,478.77197265625,491.19317626953125,0.47942736744880676
145,86.65768432617188,117.73611450195312,0.9994142055511475,999.32080078125,81.46235656738281,0.9998979568481445,90.59407043457031,1029.5858154296875,0.9998002648353577,1023.1193237304688,1019.9798583984375,0.9997588992118835,333.49542236328125,497.9538269042969,0.9977625608444214,334.5537414550781,611.75048828125,0.9992678761482239,277.0423889160156,555.3223876953125,0.9950857758522034,385.90631103515625,556.6946411132812,0.9981765747070312,711.7945556640625,496.5906066894531,0.9855982661247253,752.9983520507812,712.0626831054688,0.9998680353164673,685.5140380859375,591.5345458984375,0.9941605925559998,781.442138671875,564.5574951171875,0.997256338596344,378.60955810546875,124.47958374023438,0.27879226207733154,225.01820373535156,10.665260314941406,0.3324976861476898,230.143798828125,11.654742240905762,0.35023531317710876,310.9858093261719,155.8652801513672,0.8898305892944336,205.40704345703125,36.20668029785156,0.8836818337440491,280.8076171875,2.4547195434570312,0.3437970280647278,310.83001708984375,224.6248016357422,0.8297659754753113,390.7873229980469,192.17318725585938,0.7654134035110474,391.9117431640625,259.0221252441406,0.9947649240493774,423.2117004394531,365.92333984375,0.9405515193939209,530.6685791015625,504.4393615722656,0.621044397354126
146,86.94457244873047,116.77735900878906,0.9994964599609375,998.6311645507812,81.11048126220703,0.9998859167098999,90.66646575927734,1030.11669921875,0.9998278617858887,1023.1541137695312,1020.5353393554688,0.999695897102356,334.5733337402344,497.8493957519531,0.9956485629081726,334.37506103515625,611.6594848632812,0.9996762275695801,276.5841369628906,555.4315185546875,0.9975443482398987,386.98724365234375,557.554931640625,0.9987508058547974,711.6763916015625,496.7676086425781,0.9585040807723999,753.8092041015625,712.6632690429688,0.9998598098754883,685.6157836914062,590.6580200195312,0.9932186007499695,782.057373046875,562.5372314453125,0.9906755685806274,188.70814514160156,1.173327922821045,0.033474355936050415,195.73748779296875,2.8017067909240723,0.4855740964412689,198.19415283203125,11.323990821838379,0.6508591771125793,331.1817321777344,161.48031616210938,0.9972050786018372,184.1428680419922,31.901288986206055,0.9697901010513306,311.0293273925781,71.28760528564453,0.8015055656433105,320.5618591308594,238.52420043945312,0.9550383687019348,385.6953125,161.062255859375,0.3842000663280487,399.8467102050781,264.3677978515625,0.9987885355949402,429.1249694824219,373.0126647949219,0.9831262230873108,469.4014892578125,486.6563720703125,0.05530228465795517
147,85.30892944335938,118.24152374267578,0.9997851252555847,998.294189453125,79.53357696533203,0.9999181032180786,91.73509216308594,1028.505859375,0.9999144077301025,1022.927978515625,1021.0064697265625,0.999498724937439,333.9007568359375,498.107666015625,0.9972737431526184,334.1666259765625,611.0615844726562,0.9996627569198608,276.86578369140625,555.9450073242188,0.9980390667915344,386.06494140625,555.9144897460938,0.9984512329101562,713.7431030273438,495.3037109375,0.9606993794441223,753.0272827148438,713.8793334960938,0.99986732006073,689.1238403320312,594.4136352539062,0.995209276676178,781.580078125,560.7238159179688,0.9929666519165039,141.3823699951172,27.283458709716797,0.2828502655029297,184.81956481933594,54.92829895019531,0.9860436916351318,215.4386749267578,64.80927276611328,0.9843001961708069,331.70263671875,165.34202575683594,0.9940827488899231,217.7870330810547,119.28789520263672,0.999794065952301,223.80096435546875,7.8296685218811035,0.7063024044036865,323.47967529296875,235.96636962890625,0.9334446787834167,392.19281005859375,166.537841796875,0.921633243560791,410.2633972167969,271.18701171875,0.9959768652915955,441.3684387207031,381.403076171875,0.9813776612281799,470.5033264160156,477.4515686035156,0.05608363449573517
148,84.12381744384766,113.70333099365234,0.34139516949653625,998.4495849609375,78.1431655883789,0.9996292591094971,88.2444839477539,1030.216064453125,0.9997883439064026,1020.5261840820312,1020.1782836914062,0.9992470741271973,333.48583984375,497.77874755859375,0.9978660941123962,334.3179016113281,610.9130859375,0.9995883107185364,276.7388000488281,554.5913696289062,0.9979380965232849,385.8710632324219,555.131103515625,0.9976404905319214,711.611572265625,495.3352966308594,0.9751890897750854,753.99560546875,715.1754760742188,0.9998794794082642,685.6693725585938,594.002685546875,0.9950632452964783,780.6146850585938,569.20654296875,0.9943011999130249,98.51476287841797,62.85887908935547,0.674839198589325,288.6122131347656,4.435070037841797,0.7914332747459412,283.7497253417969,16.050689697265625,0.7956860065460205,335.5812072753906,181.77113342285156,0.9913761019706726,229.0826416015625,152.71612548828125,0.9066980481147766,301.5789489746094,114.36671447753906,0.8945310711860657,333.5035095214844,248.2545166015625,0.9629197120666504,391.7146301269531,172.72511291503906,0.9521908164024353,419.12042236328125,275.01043701171875,0.9994542002677917,457.6076354980469,405.62725830078125,0.9477599263191223,529.086669921875,513.3703002929688,0.756075918674469
149,69.1378402709961,110.6798324584961,0.7138009071350098,998.4768676757812,80.81359100341797,0.9996993541717529,89.39913177490234,1029.7283935546875,0.9997779726982117,1023.127685546875,1020.317138671875,0.9995176792144775,334.094970703125,497.9236755371094,0.997401237487793,334.0257263183594,611.0722045898438,0.9995038509368896,276.52569580078125,554.6358032226562,0.997751772403717,386.5965270996094,556.2551879882812,0.997628390789032,710.6607666015625,495.8711242675781,0.9887440204620361,753.6107177734375,714.082275390625,0.9998481273651123,684.544921875,594.6130981445312,0.9914570450782776,782.0398559570312,565.30078125,0.9907076358795166,80.8262939453125,115.97926330566406,0.9932312965393066,115.83462524414062,123.50908660888672,0.8004072904586792,204.96963500976562,131.36544799804688,0.9745343923568726,344.51934814453125,192.07083129882812,0.9776549339294434,226.9018096923828,178.77377319335938,0.8895823955535889,304.5356140136719,103.57933807373047,0.9830994606018066,335.83087158203125,267.1643371582031,0.9753662347793579,401.5773620605469,192.00192260742188,0.9582539796829224,422.55419921875,271.6083068847656,0.9984388947486877,469.2945861816406,409.8135681152344,0.9562933444976807,518.8092651367188,508.5279541015625,0.9658371806144714
150,83.2808837890625,116.383056640625,0.9963185787200928,999.0199584960938,78.7315673828125,0.9996386766433716,88.44214630126953,1029.9229736328125,0.9997676014900208,1022.49951171875,1020.8374633789062,0.9996078610420227,335.5353088378906,497.1750793457031,0.9970964193344116,334.84710693359375,612.2435302734375,0.9993815422058105,276.3830261230469,553.7578735351562,0.9975199103355408,386.25164794921875,556.9271240234375,0.9969747066497803,710.6543579101562,495.8927307128906,0.9853004813194275,753.9972534179688,713.8697509765625,0.9998794794082642,685.663818359375,596.1268310546875,0.9893296360969543,782.124267578125,562.6251831054688,0.9899163842201233,83.36853790283203,181.73077392578125,0.763130784034729,124.14347839355469,162.30953979492188,0.9875146150588989,144.98912048339844,161.0078887939453,0.9280808568000793,325.4946594238281,192.2176055908203,0.9851341247558594,211.32733154296875,95.70477294921875,0.43130040168762207,200.66795349121094,95.43785858154297,0.7970297932624817,339.9661865234375,269.0094909667969,0.9965406060218811,382.2778625488281,170.03578186035156,0.9705796241760254,425.1476135253906,265.5917053222656,0.9965077042579651,479.6235046386719,385.60968017578125,0.9229393005371094,507.9148864746094,510.54022216796875,0.9924587607383728
151,85.882080078125,116.26709747314453,0.9989749193191528,1000.578857421875,78.66743469238281,0.9999072551727295,90.03407287597656,1030.4241943359375,0.999634861946106,1021.1873168945312,1021.1767578125,0.9995220899581909,336.2161560058594,497.3392028808594,0.998262345790863,335.0146179199219,613.4384765625,0.9995359182357788,277.1412658691406,554.5072021484375,0.9976602792739868,386.5769348144531,557.36767578125,0.9969702959060669,710.2836303710938,497.02288818359375,0.9909708499908447,754.6588745117188,714.594482421875,0.999876856803894,684.3020629882812,590.247802734375,0.9861183166503906,780.5967407226562,564.2859497070312,0.975547730922699,56.74917984008789,253.01426696777344,0.9400097131729126,103.46112060546875,231.85623168945312,0.6125669479370117,151.98052978515625,210.9681854248047,0.2439262717962265,274.2784423828125,175.4975128173828,0.8722253441810608,228.35491943359375,240.75498962402344,0.3000531792640686,197.9212188720703,137.01748657226562,0.7996755838394165,357.7348327636719,269.95489501953125,0.4594689905643463,369.114990234375,149.93994140625,0.8116702437400818,448.5127258300781,279.15252685546875,0.05507060885429382,487.608154296875,359.4697570800781,0.9811413884162903,486.2127685546875,433.0252685546875,0.5959644317626953
152,86.85701751708984,118.36875915527344,0.9998260140419006,1000.24462890625,81.9948501586914,0.9998877048492432,90.37158966064453,1029.362060546875,0.9998043179512024,1022.9000244140625,1020.980224609375,0.9993834495544434,334.9903564453125,498.0759582519531,0.9981263279914856,335.7831726074219,611.8117065429688,0.9993208646774292,277.5211181640625,555.3876342773438,0.9978300929069519,386.1599426269531,555.465087890625,0.9970986843109131,712.30615234375,497.1228332519531,0.9875727891921997,753.9242553710938,712.8782958984375,0.9997065663337708,684.8043212890625,590.32080078125,0.9940012097358704,783.4713745117188,563.2987060546875,0.9892500638961792,59.734230041503906,336.82098388671875,0.8322877883911133,99.10726928710938,313.65692138671875,0.614963710308075,324.24420166015625,179.1638641357422,0.14373019337654114,270.90911865234375,208.33642578125,0.9767051339149475,218.7019500732422,288.97552490234375,0.905666172504425,127.55854034423828,267.37896728515625,0.5503928661346436,367.2684020996094,275.47021484375,0.9830045700073242,416.15264892578125,187.57138061523438,0.8197658061981201,452.20135498046875,272.7452087402344,0.9988927245140076,499.29083251953125,367.3863830566406,0.9427258968353271,483.8575744628906,482.0786437988281,0.31530284881591797
153,86.41094970703125,116.99543762207031,0.9996104836463928,1001.02197265625,79.39256286621094,0.9995946288108826,90.27235412597656,1031.09228515625,0.9996992349624634,1023.1069946289062,1021.0751953125,0.9996922016143799,337.7789611816406,498.5147399902344,0.9938513040542603,334.7369384765625,611.9169311523438,0.9994781613349915,277.6092529296875,556.0056762695312,0.9925843477249146,386.59832763671875,558.1116333007812,0.9969766139984131,713.789306640625,496.3794860839844,0.9926174283027649,752.6943359375,713.1068725585938,0.9998067021369934,684.4447631835938,587.3906860351562,0.9963633418083191,782.7515258789062,566.4468994140625,0.996594250202179,73.03901672363281,396.5181579589844,0.79261314868927,105.35712432861328,366.2602233886719,0.9279569983482361,147.6087646484375,333.176025390625,0.383359432220459,306.0527038574219,227.1610107421875,0.9983901977539062,228.71832275390625,329.0740661621094,0.8434392213821411,146.58668518066406,288.51263427734375,0.87370365858078,369.23089599609375,286.274169921875,0.9780752658843994,393.2167663574219,177.1688995361328,0.6090953350067139,442.87969970703125,263.0581970214844,0.9556052684783936,497.93994140625,359.2274475097656,0.9978575110435486,485.3382568359375,440.8447570800781,0.8935034275054932
154,87.52893829345703,118.89668273925781,0.9993267059326172,1000.1932373046875,81.80353546142578,0.9998902082443237,90.55951690673828,1029.301025390625,0.9999188184738159,1021.6535034179688,1021.2595825195312,0.9995313882827759,345.86749267578125,500.15289306640625,0.9633280038833618,332.1465759277344,612.8992919921875,0.9992799162864685,277.89495849609375,552.6246337890625,0.9899675846099854,385.0170593261719,562.4766845703125,0.9968332648277283,710.2853393554688,497.3473815917969,0.9940231442451477,752.5888671875,712.5659790039062,0.9994947910308838,684.383544921875,589.040283203125,0.9898843765258789,779.798095703125,568.6757202148438,0.9817031025886536,87.24845123291016,486.00537109375,0.6406404972076416,90.82735443115234,473.5428161621094,0.6449183821678162,130.75164794921875,422.80963134765625,0.44915080070495605,295.6963806152344,252.42343139648438,0.9932290315628052,216.38290405273438,407.09515380859375,0.9032847881317139,131.445556640625,377.85052490234375,0.8235170841217041,374.26995849609375,291.91094970703125,0.967066764831543,350.66009521484375,180.82611083984375,0.9572527408599854,433.8586730957031,260.4556884765625,0.8625239729881287,494.8965759277344,354.2006530761719,0.9985673427581787,485.3575134277344,441.3616027832031,0.8804258704185486
155,86.6924819946289,118.06310272216797,0.9996635913848877,999.7735595703125,78.89776611328125,0.9997981190681458,89.42898559570312,1028.8284912109375,0.9996910095214844,1023.8482055664062,1019.86962890625,0.9997521042823792,352.7084655761719,500.521728515625,0.9870560169219971,327.0975036621094,608.7295532226562,0.9988762736320496,281.2726745605469,540.8301391601562,0.9887875914573669,384.3704528808594,564.1746826171875,0.9967082738876343,709.7966918945312,497.682373046875,0.9938670992851257,754.4906616210938,712.2120361328125,0.9992758631706238,683.8041381835938,586.8285522460938,0.9955743551254272,778.32763671875,566.6644287109375,0.9887718558311462,70.03977966308594,512.5550537109375,0.9991472959518433,120.47573852539062,461.5317077636719,0.9991501569747925,138.27381896972656,443.09295654296875,0.9927211403846741,279.02178955078125,292.7764587402344,0.9691281914710999,209.717041015625,437.3116455078125,0.9548047184944153,129.624267578125,394.973388671875,0.8238843679428101,364.1962890625,297.2008056640625,0.9842564463615417,330.7689208984375,206.2684326171875,0.3586479723453522,407.9979248046875,257.5902099609375,0.9974163770675659,499.14483642578125,353.23651123046875,0.9898165464401245,496.920654296875,443.4487609863281,0.9840376377105713
156,86.05648803710938,118.31283569335938,0.9999039173126221,1000.3958740234375,76.94172668457031,0.9999192953109741,90.1204833984375,1028.8275146484375,0.99982750415802,1022.7283935546875,1020.0091552734375,0.999728262424469,343.97998046875,498.41522216796875,0.98827064037323,331.0706481933594,610.316650390625,0.9983385801315308,279.3373107910156,550.0850830078125,0.9895667433738708,385.0420837402344,561.12451171875,0.9984143972396851,710.2473754882812,497.0474548339844,0.9935636520385742,755.2166137695312,712.3939819335938,0.9995473027229309,684.0828247070312,591.767578125,0.9870976805686951,777.7100219726562,570.4266357421875,0.9857215881347656,39.82572555541992,481.17730712890625,0.9978528022766113,89.11907958984375,465.1167297363281,0.9865337610244751,109.4985122680664,453.0069580078125,0.993340790271759,243.2195281982422,341.89251708984375,0.9884017109870911,205.28668212890625,448.9631042480469,0.992886483669281,127.55731964111328,390.10888671875,0.9060190320014954,323.1002502441406,369.864501953125,0.9870904088020325,264.7696838378906,256.38037109375,0.8361013531684875,373.3858337402344,278.5894470214844,0.9067342877388,507.7574157714844,353.7405700683594,0.7352651953697205,514.1276245117188,440.4288024902344,0.9933091402053833
157,87.31510162353516,116.03001403808594,0.9997733235359192,1000.1531982421875,77.5414810180664,0.9998863935470581,89.59842681884766,1029.2679443359375,0.9998594522476196,1022.7124633789062,1019.9359130859375,0.999774158000946,341.32196044921875,499.29132080078125,0.9844453930854797,333.75091552734375,611.7000122070312,0.9978852868080139,278.8904113769531,553.4904174804688,0.9804084300994873,386.86749267578125,560.4365234375,0.9985436201095581,711.9954833984375,496.601318359375,0.9927319884300232,754.3013916015625,714.22607421875,0.999804675579071,684.9754638671875,592.7146606445312,0.9883334040641785,779.9329833984375,568.6578979492188,0.9880749583244324,10.037653923034668,461.42730712890625,0.7944525480270386,93.95806121826172,433.53521728515625,0.7765337824821472,129.54591369628906,420.6271667480469,0.6031094193458557,226.5316619873047,374.6504821777344,0.5053524374961853,177.78631591796875,454.4205017089844,0.9454480409622192,128.77163696289062,372.4681091308594,0.9777792692184448,294.37890625,404.8301696777344,0.9472143650054932,283.8932189941406,303.45428466796875,0.5141798853874207,351.7333068847656,333.05535888671875,0.7512056827545166,535.7262573242188,414.4474792480469,0.645874559879303,519.1297607421875,482.41278076171875,0.7218108177185059
158,87.23130798339844,117.94239044189453,0.9997445940971375,999.197998046875,77.13784790039062,0.9999266862869263,91.04312896728516,1029.7530517578125,0.9998278617858887,1022.6264038085938,1020.6659545898438,0.9996625185012817,341.4049987792969,498.6058654785156,0.9883875250816345,332.704345703125,610.8827514648438,0.9985974431037903,277.7197265625,555.8027954101562,0.9939144253730774,386.2863464355469,561.17529296875,0.9989510774612427,713.5902709960938,496.3455810546875,0.991461992263794,754.5059814453125,712.6239013671875,0.999772846698761,684.74951171875,592.0065307617188,0.9809961318969727,779.5965576171875,568.4120483398438,0.98561030626297,1.8900246620178223,441.8172302246094,0.7611386775970459,86.3718032836914,426.59625244140625,0.9445031881332397,125.76773071289062,420.261474609375,0.9886055588722229,234.89158630371094,390.8238830566406,0.9681805968284607,160.99395751953125,462.1923828125,0.8997477889060974,149.56480407714844,366.7763977050781,0.9180556535720825,290.690185546875,427.0636901855469,0.8931214213371277,267.9300231933594,325.7176513671875,0.7119050025939941,337.8663330078125,358.29046630859375,0.9775915145874023,492.1802062988281,366.4964294433594,0.9058858156204224,520.8514404296875,479.5123291015625,0.5441024303436279
159,85.07778930664062,119.02426147460938,0.9998486042022705,999.6474609375,78.5619888305664,0.9999045133590698,90.04635620117188,1029.951904296875,0.9998569488525391,1023.6417236328125,1019.8109741210938,0.9997815489768982,343.1166687011719,499.1587219238281,0.9343485832214355,333.4133605957031,611.051025390625,0.9977596998214722,278.21881103515625,555.61865234375,0.9771342873573303,386.1426696777344,563.304931640625,0.9988428354263306,710.7463989257812,497.3992614746094,0.9956423044204712,755.0372924804688,713.349853515625,0.9997555613517761,686.4470825195312,591.2709350585938,0.9891049265861511,778.3612670898438,568.7167358398438,0.9906542897224426,-1.2931103706359863,427.73736572265625,0.20685113966464996,20.01428985595703,422.4480285644531,0.9408072233200073,107.7086410522461,420.2875061035156,0.9832115769386292,227.0444793701172,396.3896484375,0.9619178771972656,131.59274291992188,463.3901062011719,0.8813713788986206,113.5732192993164,377.0048828125,0.8216288089752197,277.3666687011719,435.28533935546875,0.9420288801193237,254.69142150878906,330.02630615234375,0.9611983895301819,325.2730407714844,367.0185852050781,0.9978798627853394,470.1458740234375,369.5559387207031,0.9154930710792542,521.5689086914062,416.6673278808594,0.13097712397575378
160,86.3111343383789,117.68452453613281,0.9999046325683594,999.7574462890625,78.9515380859375,0.9999046325683594,90.39643859863281,1029.2447509765625,0.9999078512191772,1022.114013671875,1020.4605712890625,0.9994862079620361,343.3902893066406,499.1147766113281,0.9649045467376709,332.39776611328125,611.661376953125,0.9983970522880554,277.97998046875,554.97705078125,0.9950050711631775,385.4307556152344,561.9989624023438,0.9987861514091492,715.035400390625,494.65234375,0.9935500621795654,754.2393188476562,713.6556396484375,0.9998699426651001,685.2945556640625,591.5247192382812,0.9910321831703186,778.85595703125,569.3198852539062,0.9915955662727356,0.41215991973876953,411.6932373046875,0.04421361908316612,30.26002311706543,410.7959289550781,0.8147687315940857,92.06822967529297,422.69195556640625,0.941075325012207,224.67088317871094,398.68310546875,0.6309759616851807,112.63459014892578,467.3353576660156,0.6916600465774536,92.06282043457031,371.7427673339844,0.9754562973976135,271.737060546875,432.6629943847656,0.9588065147399902,246.13751220703125,330.9708251953125,0.7017906904220581,320.1104736328125,369.708984375,0.9958904385566711,487.21630859375,393.58758544921875,0.7481505870819092,571.0284423828125,518.4219970703125,0.32155829668045044
161,87.0909194946289,117.98963928222656,0.9997549653053284,999.9408569335938,79.98485565185547,0.9998905658721924,90.24774169921875,1029.9361572265625,0.9997922778129578,1020.2305297851562,1020.24755859375,0.9992109537124634,344.05120849609375,498.5980224609375,0.9732779860496521,332.82818603515625,612.8511962890625,0.9985122084617615,278.3783264160156,557.2938842773438,0.9944714307785034,385.7577819824219,564.7608642578125,0.9981560111045837,711.1885986328125,496.33184814453125,0.9967100620269775,754.5167846679688,715.070068359375,0.9997956156730652,686.1668090820312,593.8292846679688,0.9927725195884705,780.500732421875,565.7601318359375,0.985908567905426,-0.3514862060546875,396.93438720703125,0.046099741011857986,22.072359085083008,402.8720397949219,0.8765342235565186,48.84501647949219,404.54656982421875,0.8561399579048157,218.4508819580078,399.0514221191406,0.6120781302452087,99.08091735839844,468.4682312011719,0.8875015377998352,68.74115753173828,368.03668212890625,0.9415143132209778,264.4613342285156,435.8832702636719,0.9244980812072754,249.4217529296875,341.1086120605469,0.32479676604270935,315.3093566894531,371.9662170410156,0.9976606369018555,481.1132507324219,393.4321594238281,0.9410619139671326,546.193359375,505.2038879394531,0.6276218891143799
162,87.1888656616211,118.03276824951172,0.9998573064804077,1000.0536499023438,80.5652847290039,0.9998672008514404,89.96569061279297,1029.357421875,0.9998125433921814,1024.07421875,1020.2623901367188,0.9996821880340576,343.32269287109375,498.4884033203125,0.9754958748817444,333.9956970214844,611.8745727539062,0.9982748031616211,278.15362548828125,557.41552734375,0.9940523505210876,386.32196044921875,561.9819946289062,0.998245120048523,712.3234252929688,493.9198913574219,0.9896816611289978,755.2601928710938,714.353759765625,0.9997983574867249,685.83837890625,595.0836181640625,0.9926406741142273,780.665283203125,564.4900512695312,0.9933019876480103,-0.019936561584472656,393.0417175292969,0.046255629509687424,22.726449966430664,389.5437927246094,0.9965079426765442,50.7163200378418,396.5634460449219,0.8964294791221619,214.92727661132812,395.3085021972656,0.6226522922515869,102.5317153930664,458.2313537597656,0.7953992486000061,84.3219985961914,356.83087158203125,0.965171754360199,252.62120056152344,445.46966552734375,0.9750699996948242,248.75198364257812,344.35479736328125,0.7479060888290405,306.3459167480469,375.4887390136719,0.998049259185791,484.0341796875,397.33807373046875,0.9403807520866394,553.7193603515625,507.2800598144531,0.9443655014038086
163,86.49253845214844,117.15227508544922,0.9999121427536011,999.4348754882812,78.75337219238281,0.9998291730880737,89.34233856201172,1029.791748046875,0.9998058676719666,1022.7066040039062,1020.9591064453125,0.999309778213501,345.2416076660156,499.5344543457031,0.980847179889679,332.76361083984375,612.2195434570312,0.9981513619422913,278.66046142578125,555.7120361328125,0.9875057935714722,385.4444885253906,564.0802001953125,0.9977668523788452,711.1028442382812,495.37188720703125,0.9886561632156372,754.970947265625,714.0503540039062,0.9997768998146057,686.1890869140625,596.9398803710938,0.9928992986679077,780.0985107421875,564.4641723632812,0.9846475124359131,1.0501759052276611,364.840087890625,0.02602185122668743,20.41328239440918,375.773681640625,0.8299626111984253,43.55987548828125,386.03668212890625,0.9520111083984375,97.95024108886719,407.1371154785156,0.798248291015625,37.43742752075195,426.3746643066406,0.5129938721656799,79.63468933105469,352.69024658203125,0.8991971015930176,248.82376098632812,443.1499938964844,0.2910071909427643,249.22897338867188,340.0042724609375,0.44745704531669617,302.8882141113281,375.1343994140625,0.9967902302742004,486.8074035644531,403.0062561035156,0.9773035645484924,559.0823364257812,509.09185791015625,0.890956461429596
164,86.81082153320312,117.87767028808594,0.9997016787528992,1001.515380859375,80.69752502441406,0.9995798468589783,90.1979751586914,1029.671630859375,0.9998408555984497,1022.5022583007812,1020.2686767578125,0.9994145631790161,342.04229736328125,498.4087829589844,0.9868936538696289,333.3867492675781,611.8958129882812,0.9975146055221558,277.816650390625,557.4935913085938,0.9932063817977905,385.5052185058594,561.3973999023438,0.9976303577423096,711.7252197265625,495.2856140136719,0.9936783909797668,754.601806640625,714.2354736328125,0.9998352527618408,686.552734375,596.4718627929688,0.994966447353363,781.3593139648438,565.7949829101562,0.9859965443611145,0.8662559986114502,360.5347595214844,0.3372071087360382,48.846683502197266,369.35980224609375,0.997033953666687,82.16763305664062,380.39654541015625,0.9894887804985046,204.89382934570312,387.464599609375,0.9887266755104065,67.71922302246094,431.3213195800781,0.14118441939353943,101.62742614746094,337.37774658203125,0.7247714996337891,244.0944366455078,438.3515319824219,0.5737240314483643,243.49302673339844,339.6720275878906,0.6582241058349609,298.7748718261719,376.62255859375,0.9940580129623413,439.4786376953125,388.0387268066406,0.9331327676773071,541.9884033203125,500.3067626953125,0.37090811133384705
165,86.33306884765625,118.07508087158203,0.9998921155929565,1001.2579345703125,81.39225769042969,0.9999030828475952,90.20542907714844,1028.8924560546875,0.9998121857643127,1022.264404296875,1021.0228881835938,0.9989369511604309,341.08428955078125,497.91741943359375,0.9935164451599121,332.4532775878906,612.5975952148438,0.998989999294281,277.0397033691406,555.9678955078125,0.987823486328125,386.1884765625,560.9810180664062,0.9984442591667175,711.2570190429688,495.7584228515625,0.9888661503791809,755.7080078125,714.671142578125,0.999754011631012,686.6702270507812,597.205078125,0.9945974349975586,783.2463989257812,565.7342529296875,0.9846054315567017,18.454566955566406,320.4419250488281,0.017903732135891914,16.034940719604492,369.1620178222656,0.9310229420661926,41.75187301635742,375.76629638671875,0.928717851638794,186.26821899414062,397.9819641113281,0.78302001953125,51.01179504394531,429.1216735839844,0.892734944820404,78.90956115722656,332.76312255859375,0.987285315990448,235.69122314453125,448.8500061035156,0.8850859999656677,224.12277221679688,341.8510437011719,0.9739874601364136,292.3349609375,379.0595397949219,0.9907349348068237,441.2925720214844,395.9188232421875,0.9806545376777649,534.7366333007812,493.49957275390625,0.797613799571991
166,85.70010375976562,116.52754974365234,0.9998482465744019,998.9927978515625,79.52440643310547,0.9998670816421509,89.66323852539062,1029.8828125,0.9998043179512024,1021.936767578125,1020.8568725585938,0.9995638728141785,342.1047058105469,498.5968322753906,0.9851846694946289,331.951171875,610.7138671875,0.9991224408149719,278.24334716796875,553.1394653320312,0.98878014087677,385.97991943359375,562.4910888671875,0.9984240531921387,710.28564453125,495.9822692871094,0.9965053796768188,753.96533203125,712.9730834960938,0.9996838569641113,687.9472045898438,598.4777221679688,0.9965043067932129,782.1289672851562,566.4940795898438,0.9694543480873108,0.9282083511352539,318.4318542480469,0.12835374474525452,4.311814308166504,358.4984436035156,0.7495762705802917,26.389385223388672,368.271728515625,0.723229706287384,160.0494384765625,397.3011474609375,0.716637372970581,15.346656799316406,425.84063720703125,0.8683422207832336,69.67919158935547,333.8214111328125,0.8203234672546387,103.54695892333984,343.99932861328125,0.8281557559967041,213.9091796875,338.0372314453125,0.7318803071975708,288.8180847167969,376.73809814453125,0.9940225481987,424.9915771484375,389.1452941894531,0.8742273449897766,525.7924194335938,492.3250427246094,0.20874951779842377
167,85.8879165649414,119.10717010498047,0.9998881816864014,1000.116455078125,78.7605972290039,0.9998764991760254,90.30052947998047,1029.5029296875,0.9998185038566589,1021.7130126953125,1020.3783569335938,0.9989132881164551,341.375244140625,498.3791809082031,0.9853506088256836,332.4794616699219,612.5157470703125,0.9986623525619507,277.7560729980469,553.635009765625,0.9835980534553528,386.6840515136719,561.0567626953125,0.9986554384231567,712.1915283203125,495.5014343261719,0.9904599189758301,753.9826049804688,713.2249755859375,0.9998626708984375,688.5553588867188,597.7239990234375,0.9971135854721069,781.6134033203125,566.3748168945312,0.9876545071601868,272.1090393066406,546.2731323242188,0.012615732848644257,1.1323506832122803,362.8673095703125,0.5179932713508606,28.532447814941406,365.1732177734375,0.5344183444976807,185.3734893798828,388.24090576171875,0.9086968898773193,17.725814819335938,428.4583435058594,0.45516055822372437,68.27265930175781,331.4483947753906,0.7766616940498352,230.52354431152344,434.3016662597656,0.7014028429985046,221.12564086914062,339.8009338378906,0.8865652084350586,275.6174011230469,373.3538818359375,0.9959025979042053,446.52972412109375,391.5761413574219,0.6555300354957581,508.1988830566406,448.9443664550781,0.40557050704956055
168,87.33819580078125,116.73497772216797,0.9998376369476318,999.656982421875,82.22864532470703,0.999927282333374,90.51429748535156,1029.886962890625,0.9998736381530762,1023.2457885742188,1020.83544921875,0.9993720650672913,339.6018371582031,498.5223693847656,0.9926871061325073,332.07733154296875,611.7288818359375,0.9979775547981262,278.04119873046875,553.6063232421875,0.99257892370224,386.9530029296875,558.4268188476562,0.997378945350647,710.6640625,496.2027282714844,0.9941651225090027,755.8722534179688,713.1264038085938,0.999822199344635,687.9228515625,598.018798828125,0.9969869256019592,780.7906494140625,564.939453125,0.9944356679916382,1.0234308242797852,325.3907775878906,0.018269486725330353,2.2734622955322266,372.0431213378906,0.7182430624961853,25.981948852539062,381.4488830566406,0.9451925754547119,188.4296417236328,390.66015625,0.8550411462783813,20.516109466552734,429.736083984375,0.8989297151565552,75.1794204711914,330.7809753417969,0.8008358478546143,234.870849609375,434.66558837890625,0.5061240792274475,223.7135009765625,341.75128173828125,0.6165793538093567,271.9794006347656,373.1344299316406,0.9909576177597046,409.81500244140625,376.5628356933594,0.9774932861328125,507.3077087402344,444.7481689453125,0.6738778948783875
169,87.10604858398438,117.72523498535156,0.9997710585594177,1000.3411254882812,80.15437316894531,0.9997965693473816,89.8737564086914,1029.1395263671875,0.9999104738235474,1024.105224609375,1022.1143798828125,0.9994650483131409,342.71917724609375,499.1033630371094,0.9922004342079163,331.4453125,611.060546875,0.9982557892799377,278.1494140625,552.6425170898438,0.9839486479759216,385.8766174316406,559.716552734375,0.9974665641784668,712.1453247070312,496.1763610839844,0.9907450675964355,754.7762451171875,713.0183715820312,0.9998201727867126,687.117431640625,600.7801513671875,0.992214024066925,780.2230224609375,571.7716674804688,0.9854661226272583,-0.002105236053466797,331.4541320800781,0.029878584668040276,0.5135364532470703,373.8277587890625,0.7533021569252014,23.665712356567383,382.46240234375,0.9711428880691528,191.91651916503906,400.754150390625,0.9249351024627686,11.107744216918945,428.36468505859375,0.5416325926780701,50.5537223815918,337.1899108886719,0.7618252038955688,233.31800842285156,434.8139343261719,0.8817173838615417,216.95297241210938,338.9136047363281,0.6466202139854431,273.22198486328125,373.19866943359375,0.9973547458648682,419.1031188964844,381.25482177734375,0.924099326133728,509.8914794921875,447.7560119628906,0.6243945956230164
170,86.77339935302734,117.98324584960938,0.9998408555984497,999.299560546875,78.5411605834961,0.9997956156730652,89.60389709472656,1029.9462890625,0.9998462200164795,1023.9746704101562,1021.4451293945312,0.9994857311248779,341.1674499511719,498.2955017089844,0.9861473441123962,332.11962890625,611.6718139648438,0.9982323050498962,277.9742126464844,552.8092041015625,0.9882203340530396,386.1846618652344,559.96630859375,0.9980971217155457,712.7933959960938,494.98809814453125,0.996408998966217,753.7127075195312,713.367919921875,0.9997872710227966,687.6087036132812,599.3408813476562,0.997512698173523,782.1074829101562,567.3094482421875,0.9908440709114075,271.77801513671875,547.6337890625,0.013921866193413734,2.5682783126831055,383.82958984375,0.8056972026824951,34.585941314697266,383.018798828125,0.9723257422447205,193.11749267578125,391.8106994628906,0.8640191555023193,41.773223876953125,443.03564453125,0.9000915288925171,56.57449722290039,330.6244812011719,0.9316549301147461,237.02047729492188,436.20281982421875,0.8991047739982605,217.17828369140625,338.3935241699219,0.80218106508255,274.2072448730469,376.5223083496094,0.9941579103469849,421.43634033203125,383.05438232421875,0.9264446496963501,531.3643188476562,480.5624694824219,0.21425186097621918
171,87.34137725830078,117.40840148925781,0.999840497970581,999.5230102539062,80.56712341308594,0.9998364448547363,89.24939727783203,1030.8250732421875,0.9996840953826904,1023.8139038085938,1021.2703247070312,0.9993250370025635,340.3681335449219,498.27899169921875,0.9936843514442444,332.33184814453125,611.2589721679688,0.9990876913070679,278.0650939941406,553.1954345703125,0.9821126461029053,385.3592224121094,558.0924682617188,0.9971191883087158,712.189697265625,494.5196228027344,0.9946963787078857,754.7391967773438,713.49755859375,0.999751627445221,687.6966552734375,597.4609985351562,0.9965559244155884,780.7652587890625,569.3154907226562,0.9892796874046326,1.365656852722168,326.8607177734375,0.08047859370708466,9.563041687011719,362.006591796875,0.5945476293563843,38.350364685058594,379.9884948730469,0.9604148268699646,187.01715087890625,394.01025390625,0.9673715829849243,48.16873550415039,439.0715637207031,0.9173470735549927,71.63021087646484,332.73065185546875,0.9268718361854553,235.13819885253906,439.15802001953125,0.8226518630981445,218.66107177734375,338.60650634765625,0.9349665641784668,280.371337890625,376.20001220703125,0.9933981895446777,416.51947021484375,382.2438659667969,0.7866262793540955,513.705322265625,448.0916442871094,0.08191210776567459
172,85.92789459228516,119.08097076416016,0.9998457431793213,999.556396484375,79.58818817138672,0.9999120235443115,89.04195404052734,1030.0269775390625,0.9998595714569092,1021.880126953125,1021.001220703125,0.9994120597839355,340.6152648925781,498.64306640625,0.9920157194137573,331.33428955078125,611.5217895507812,0.9994454979896545,278.27520751953125,553.5360717773438,0.983715832233429,386.8277282714844,560.7852172851562,0.9977874755859375,712.7655639648438,495.06158447265625,0.9962635636329651,754.1634521484375,713.5467529296875,0.9997338652610779,686.3281860351562,596.57568359375,0.9903334975242615,780.9551391601562,564.2655639648438,0.9917906522750854,1.1650636196136475,325.6520080566406,0.08395199477672577,13.89144229888916,401.5179138183594,0.1565464287996292,48.11073303222656,380.55657958984375,0.9521251320838928,174.2953338623047,392.27655029296875,0.886946439743042,44.337379455566406,440.3671875,0.7031823396682739,73.28359985351562,327.9196472167969,0.9829602241516113,227.2931671142578,445.53466796875,0.7667429447174072,198.21815490722656,342.67535400390625,0.9323358535766602,282.4186096191406,377.1722412109375,0.9975237250328064,421.06512451171875,380.64825439453125,0.9399714469909668,534.1491088867188,481.67425537109375,0.44098347425460815
173,86.51448059082031,118.0100326538086,0.9997095465660095,1000.145263671875,80.4201889038086,0.999897837638855,89.03307342529297,1029.2252197265625,0.9998570680618286,1022.2572021484375,1019.0325317382812,0.9994388222694397,335.2475280761719,497.3792724609375,0.9920613765716553,333.93206787109375,611.3097534179688,0.9994946718215942,277.04339599609375,557.5864868164062,0.9908804893493652,386.05072021484375,557.647216796875,0.9978329539299011,711.5722045898438,495.79443359375,0.9977397918701172,753.6359252929688,715.0995483398438,0.9997525811195374,686.2127075195312,595.2949829101562,0.991971492767334,781.4205932617188,563.1685180664062,0.9871542453765869,3.4638710021972656,315.260498046875,0.31958824396133423,36.419288635253906,344.42266845703125,0.975009560585022,62.30426788330078,367.5285339355469,0.8574588894844055,174.17103576660156,391.72222900390625,0.8915661573410034,75.05461120605469,428.1685485839844,0.7969679236412048,94.19544219970703,325.96856689453125,0.9874513745307922,233.19369506835938,441.07012939453125,0.8611978888511658,226.0443878173828,341.77783203125,0.5182482004165649,300.41253662109375,386.7243347167969,0.9957322478294373,411.25909423828125,375.84881591796875,0.9103481769561768,486.12554931640625,399.0428771972656,0.9956167936325073
174,87.39068603515625,118.78819274902344,0.9997583031654358,999.0352172851562,79.13018035888672,0.9999178647994995,89.31737518310547,1029.9361572265625,0.9997944235801697,1022.2271118164062,1019.110107421875,0.999154806137085,332.8127746582031,496.48907470703125,0.9959988594055176,334.39642333984375,611.8613891601562,0.9987265467643738,276.8268127441406,557.2584228515625,0.9963634610176086,387.4380798339844,557.211181640625,0.9983819723129272,711.375732421875,497.092529296875,0.9979588985443115,753.5175170898438,712.5560913085938,0.9997492432594299,686.7049560546875,594.8703002929688,0.9947810769081116,781.8531494140625,560.8736572265625,0.986430287361145,3.870375156402588,264.73602294921875,0.1663358211517334,0.14382719993591309,180.09237670898438,0.12283050268888474,82.18338775634766,358.438232421875,0.690102756023407,193.6276092529297,398.1394348144531,0.9821688532829285,111.13421630859375,420.9705810546875,0.9395343661308289,111.62651824951172,324.6340637207031,0.7659699320793152,241.50331115722656,459.6266784667969,0.964913547039032,240.328857421875,348.6282653808594,0.9009767770767212,327.17181396484375,400.4735412597656,0.9955229759216309,436.6129150390625,387.42938232421875,0.7639678716659546,522.2147827148438,410.4795227050781,0.9767321944236755
175,85.22744750976562,116.90064239501953,0.9987218976020813,998.7852783203125,79.1871109008789,0.9998992681503296,88.23507690429688,1028.0045166015625,0.9998900890350342,1021.411865234375,1020.3629150390625,0.9996960163116455,329.45361328125,496.8109130859375,0.9974076151847839,334.7491760253906,611.43359375,0.9988911747932434,277.6393737792969,557.208251953125,0.9979405999183655,387.1846618652344,555.5128784179688,0.9986121654510498,711.3679809570312,498.0689697265625,0.9985989928245544,752.785400390625,712.0036010742188,0.9997082352638245,684.8411865234375,593.269775390625,0.9940077066421509,779.8035888671875,565.505126953125,0.9952818751335144,37.15605163574219,227.9865264892578,0.7263254523277283,66.69291687011719,256.9051208496094,0.9732530117034912,75.92453002929688,283.6488342285156,0.9800297617912292,172.9974365234375,377.9366760253906,0.9784858226776123,50.400943756103516,348.4193115234375,0.5665176510810852,128.50465393066406,293.3919982910156,0.987087607383728,225.0660858154297,462.4249572753906,0.917332649230957,253.74440002441406,356.2258605957031,0.9700295329093933,337.6368103027344,413.6207580566406,0.9928170442581177,530.0445556640625,404.03240966796875,0.9813832640647888,549.5179443359375,486.63031005859375,0.9782414436340332
176,87.91967010498047,119.03019714355469,0.999627947807312,1001.0884399414062,78.79721069335938,0.9996823072433472,89.0015869140625,1029.1920166015625,0.9998985528945923,1022.5882568359375,1020.7957763671875,0.9994708895683289,325.8004150390625,495.6036376953125,0.9995180368423462,336.1759948730469,610.9408569335938,0.9995575547218323,277.4501037597656,558.3115234375,0.9979538917541504,385.4488220214844,551.6351928710938,0.9988956451416016,712.2699584960938,495.8626708984375,0.9928067922592163,753.2350463867188,712.8365478515625,0.9998675584793091,686.8140869140625,592.4678344726562,0.9900884032249451,780.5252075195312,565.1640014648438,0.9952433705329895,203.09715270996094,183.05453491210938,0.32093560695648193,151.44871520996094,190.5774383544922,0.1457405984401703,138.15609741210938,219.43191528320312,0.12655751407146454,164.84686279296875,359.0257263183594,0.901458740234375,94.18751525878906,261.3511047363281,0.013127065263688564,175.262939453125,272.1602783203125,0.1429373174905777,224.91111755371094,464.3763732910156,0.9811524152755737,262.74664306640625,358.35174560546875,0.9739487767219543,311.7337341308594,418.6567077636719,0.942173957824707,426.4958801269531,420.6425476074219,0.9828763604164124,564.5010986328125,470.4757080078125,0.3219055235385895
177,85.53947448730469,117.99160766601562,0.9998633861541748,998.6259155273438,77.1759033203125,0.9998605251312256,89.9691162109375,1029.2225341796875,0.9998914003372192,1022.2225341796875,1021.2271728515625,0.9995734095573425,326.62860107421875,498.7701416015625,0.9992721676826477,335.1226806640625,611.241455078125,0.9991067051887512,277.70611572265625,558.9312744140625,0.9963177442550659,385.9625549316406,552.5248413085938,0.9978998899459839,710.4015502929688,495.9993591308594,0.9963047504425049,753.5162353515625,713.8428344726562,0.9998012185096741,686.4853515625,594.734130859375,0.9938879609107971,779.824462890625,564.2628173828125,0.9958223104476929,259.44818115234375,166.73110961914062,0.8656619787216187,239.23416137695312,178.30482482910156,0.8718339204788208,216.7245330810547,195.9111785888672,0.8362354636192322,178.39207458496094,360.5352783203125,0.9843854308128357,262.5831604003906,362.3425598144531,0.0637974962592125,239.76785278320312,235.3701629638672,0.7411162853240967,243.00148010253906,228.45909118652344,0.3190319538116455,260.8355407714844,365.905029296875,0.9399760961532593,263.1983947753906,181.11160278320312,0.31575602293014526,479.95477294921875,423.1185607910156,0.1455531120300293,473.6417541503906,513.129150390625,0.16893957555294037
178,86.39974212646484,117.01612091064453,0.9997517466545105,1000.7987060546875,78.60456085205078,0.9997426867485046,89.63870239257812,1030.09423828125,0.9998664855957031,1020.3554077148438,1020.3325805664062,0.9995445609092712,333.15087890625,501.4832458496094,0.9963686466217041,334.5859069824219,611.88427734375,0.9991139769554138,278.1257019042969,559.2594604492188,0.9974055886268616,386.5020446777344,550.6237182617188,0.9962713718414307,711.1171875,496.42626953125,0.9960938096046448,754.6963500976562,712.9797973632812,0.999854326248169,684.765380859375,592.34326171875,0.9940496683120728,781.9898071289062,559.3021240234375,0.9835378527641296,352.6352233886719,190.5700225830078,0.9135958552360535,280.09942626953125,179.4219207763672,0.9784501194953918,249.89857482910156,203.40426635742188,0.6661229729652405,190.2644805908203,310.9264831542969,0.9482175707817078,264.99932861328125,363.98052978515625,0.9506277441978455,175.1179656982422,415.5503845214844,0.39851218461990356,176.7178497314453,414.13037109375,0.9712914228439331,129.20448303222656,290.66082763671875,0.7882944941520691,264.34039306640625,455.2333984375,0.9516675472259521,327.5260009765625,482.10858154296875,0.013677152805030346,419.7864990234375,493.8422546386719,0.0994490310549736
179,85.72288513183594,118.31462860107422,0.9998350143432617,1001.1627807617188,76.77217864990234,0.999796450138092,88.63628387451172,1029.335693359375,0.9998769760131836,1023.9411010742188,1021.5440673828125,0.9997133612632751,328.8039245605469,502.39508056640625,0.9923139214515686,335.5595397949219,610.90625,0.9984891414642334,276.31427001953125,559.1119995117188,0.9986907839775085,386.8872985839844,553.6915893554688,0.9859283566474915,711.9248046875,495.4330139160156,0.9916183352470398,754.4382934570312,712.4478149414062,0.9998366832733154,685.3695678710938,594.5057373046875,0.9922910332679749,780.2429809570312,564.6100463867188,0.9653653502464294,419.1659240722656,222.56369018554688,0.9068398475646973,181.114013671875,412.3376770019531,0.8305606842041016,178.8904266357422,392.2889709472656,0.8561026453971863,224.9556427001953,283.9191589355469,0.9725902080535889,257.0465393066406,376.602294921875,0.8025895357131958,341.3240051269531,255.38607788085938,0.17919926345348358,134.54730224609375,321.1218566894531,0.362155556678772,260.650146484375,185.1088409423828,0.9418457746505737,412.225830078125,227.40138244628906,0.8127425312995911,453.60394287109375,276.68646240234375,0.059091974049806595,469.3907775878906,507.6161193847656,0.016541505232453346
180,85.88723754882812,116.26654052734375,0.9997296929359436,998.85498046875,78.15782928466797,0.9998315572738647,89.94166564941406,1030.106201171875,0.9999022483825684,1021.6171264648438,1021.5969848632812,0.9994004964828491,331.72894287109375,496.86090087890625,0.9957687854766846,338.2648010253906,611.6238403320312,0.9994358420372009,275.1329650878906,557.4512329101562,0.9976105690002441,388.2590637207031,552.1612548828125,0.9957483410835266,711.1002807617188,498.17523193359375,0.9948467016220093,754.0321044921875,713.8956298828125,0.9998332262039185,685.107666015625,593.0678100585938,0.9938774704933167,780.5682373046875,564.6778564453125,0.9894890189170837,497.6778869628906,283.5805358886719,0.9981805086135864,451.04046630859375,263.83270263671875,0.9928001165390015,425.2233581542969,253.97769165039062,0.9745305776596069,304.5741271972656,259.7054748535156,0.9829418063163757,398.4241638183594,213.19717407226562,0.2596820294857025,390.4654541015625,293.1163330078125,0.9913380146026611,180.7321319580078,260.04559326171875,0.48334386944770813,253.0255584716797,339.3338317871094,0.027230747044086456,160.52491760253906,354.219482421875,0.20532795786857605,132.81065368652344,315.66436767578125,0.03836127743124962,468.8630065917969,509.8538513183594,0.022537896409630775
181,85.69960021972656,116.38121032714844,0.9999504089355469,999.18603515625,80.01793670654297,0.9999079704284668,90.39576721191406,1027.7564697265625,0.9999088048934937,1022.607177734375,1019.913330078125,0.9997573494911194,337.732421875,497.26141357421875,0.9935302138328552,333.2449951171875,610.8619384765625,0.9986752867698669,277.4954528808594,551.1824340820312,0.9982702732086182,386.4826354980469,557.7933349609375,0.9971080422401428,710.0280151367188,496.47320556640625,0.9968729615211487,754.5685424804688,714.546142578125,0.9998979568481445,685.1594848632812,595.753173828125,0.9919474720954895,778.9728393554688,565.2296142578125,0.9933624267578125,535.3220825195312,350.59564208984375,0.9990212917327881,487.88397216796875,319.0474853515625,0.9777894020080566,460.3395690917969,309.70294189453125,0.9851263761520386,319.1033630371094,270.8436279296875,0.941297173500061,445.2143249511719,262.608154296875,0.7750993967056274,403.4544982910156,335.2821044921875,0.9997546076774597,238.06765747070312,228.04672241210938,0.8986189365386963,264.0869445800781,334.228271484375,0.9060486555099487,177.66749572753906,313.8612976074219,0.056422024965286255,14.061101913452148,381.67083740234375,0.004926187917590141,15.943181037902832,379.97869873046875,0.23936700820922852
182,86.86392974853516,115.96436309814453,0.9998626708984375,999.7566528320312,77.20792388916016,0.9998100399971008,89.91629028320312,1028.6278076171875,0.9999368190765381,1023.51123046875,1020.3720092773438,0.9997696280479431,336.4903564453125,497.69512939453125,0.9946752786636353,332.8951110839844,612.2552490234375,0.9990280866622925,277.2670593261719,552.2350463867188,0.9981428384780884,386.0790710449219,557.833740234375,0.9966580867767334,713.09326171875,494.98760986328125,0.9878353476524353,755.0785522460938,714.2242431640625,0.9998757839202881,685.9721069335938,596.1736450195312,0.9922269582748413,782.1721801757812,564.5935668945312,0.9889083504676819,147.81837463378906,296.0894775390625,0.9976814985275269,544.2050170898438,379.2703857421875,0.9856749176979065,206.41323852539062,281.9658508300781,0.996044933795929,379.1913146972656,304.96282958984375,0.86937415599823,517.8541259765625,332.55322265625,0.9776565432548523,454.2598571777344,384.601318359375,0.9153584241867065,265.8894348144531,228.96804809570312,0.9054144620895386,259.39263916015625,332.2507019042969,0.4532609283924103,37.76276779174805,305.5004577636719,0.07668071240186691,4.056152820587158,314.79296875,0.0024064837489277124,45.989471435546875,464.2758483886719,0.12562507390975952
183,86.12257385253906,117.51102447509766,0.9997994303703308,999.1007690429688,80.45341491699219,0.999915361404419,91.33283996582031,1029.10302734375,0.9998464584350586,1022.2291870117188,1020.5531005859375,0.9995684027671814,337.5412292480469,497.8202819824219,0.9965086579322815,333.3184814453125,611.3665771484375,0.9995385408401489,277.55059814453125,552.8885498046875,0.9980407357215881,386.1158447265625,557.4039916992188,0.9978616833686829,711.9772338867188,495.59869384765625,0.9929278492927551,755.12451171875,713.4634399414062,0.9998900890350342,685.2421264648438,596.2581176757812,0.9875654578208923,780.8809204101562,565.3731689453125,0.9950365424156189,635.1655883789062,426.94830322265625,0.9963510036468506,559.1257934570312,382.4906311035156,0.9683346748352051,527.233154296875,368.77593994140625,0.8680227398872375,405.82086181640625,307.8260803222656,0.9533519744873047,294.96075439453125,324.6694030761719,0.23239392042160034,463.9338073730469,399.1937255859375,0.9768037796020508,340.672607421875,229.54591369628906,0.7232550382614136,295.8601379394531,320.3985595703125,0.9975394010543823,218.5169219970703,250.76564025878906,0.985456645488739,51.78926086425781,315.24224853515625,0.08846084773540497,59.52581024169922,365.5659484863281,0.44408828020095825
184,86.84552001953125,118.46295928955078,0.9994131326675415,997.408447265625,78.04228210449219,0.9999359846115112,89.06044006347656,1029.5081787109375,0.9998070597648621,1021.4257202148438,1021.5851440429688,0.9996154308319092,335.87701416015625,497.7177734375,0.9968811273574829,331.9408264160156,610.8445434570312,0.9993517994880676,277.1138610839844,552.994873046875,0.9987094402313232,385.6509094238281,557.36181640625,0.9976156949996948,709.659912109375,497.0262451171875,0.9980065226554871,754.533447265625,714.5640869140625,0.9998636245727539,684.6800537109375,596.37841796875,0.9888452887535095,779.744140625,563.322021484375,0.9956436157226562,613.0095825195312,436.3990173339844,0.7406101226806641,560.3885498046875,386.10186767578125,0.990533709526062,527.3920288085938,369.3949890136719,0.8845002055168152,437.633056640625,311.4117126464844,0.998874843120575,535.142333984375,313.0282897949219,0.2597580850124359,476.6280517578125,406.91796875,0.9828841686248779,404.7900085449219,237.43963623046875,0.949192464351654,349.92236328125,336.0595397949219,0.9663820862770081,297.88116455078125,245.13235473632812,0.9725468754768372,299.1297302246094,250.44876098632812,0.001703560003079474,67.89434051513672,363.779296875,0.020794490352272987
185,86.38190460205078,119.42835235595703,0.9997403025627136,999.1390991210938,78.57762908935547,0.9998906850814819,90.2030258178711,1030.60205078125,0.9998244643211365,1022.5293579101562,1021.2172241210938,0.9995203018188477,335.0753173828125,497.2503356933594,0.9967411160469055,332.6202392578125,611.8199462890625,0.999313235282898,276.8348388671875,553.7215576171875,0.9983310103416443,386.7673645019531,557.7432861328125,0.9968078136444092,710.8297119140625,495.2907409667969,0.9932776093482971,753.4370727539062,713.6485595703125,0.9998199343681335,684.697021484375,594.1421508789062,0.9900081157684326,781.3226928710938,563.2599487304688,0.9943860769271851,596.3883056640625,457.14697265625,0.24558749794960022,549.2745971679688,396.3973083496094,0.9961434006690979,526.7118530273438,382.44683837890625,0.8456904292106628,460.8992919921875,314.1817321777344,0.9967697858810425,548.6275634765625,331.3536376953125,0.2234441488981247,476.8875427246094,406.43804931640625,0.9944097399711609,447.41290283203125,252.14987182617188,0.924446702003479,380.2506103515625,327.55841064453125,0.8733891248703003,350.37042236328125,255.31192016601562,0.9846908450126648,276.01763916015625,214.6681671142578,0.07423552870750427,273.2287902832031,217.18881225585938,0.02862451784312725
186,86.75933837890625,118.4946517944336,0.9992315769195557,999.0554809570312,80.70133209228516,0.9999154806137085,90.14409637451172,1030.6929931640625,0.9998533725738525,1021.9592895507812,1021.3903198242188,0.9992048144340515,333.6214904785156,498.0311279296875,0.9969269633293152,334.64886474609375,612.463623046875,0.9989597797393799,276.14495849609375,555.26171875,0.9990658164024353,387.33563232421875,556.3759155273438,0.996099591255188,709.5729370117188,496.819091796875,0.994821310043335,754.9041137695312,714.096923828125,0.9998384714126587,684.3165893554688,594.4466552734375,0.9934446811676025,779.9998779296875,563.1254272460938,0.9970728158950806,590.0490112304688,464.4587707519531,0.8791971206665039,538.9573974609375,403.6129150390625,0.9954662322998047,517.8164672851562,386.15777587890625,0.9832279682159424,451.6193542480469,311.2340087890625,0.9995644688606262,546.3914184570312,345.3137512207031,0.9807553887367249,464.7810363769531,401.7697448730469,0.9987473487854004,446.6616516113281,246.6995391845703,0.9263269305229187,373.8319396972656,319.0527648925781,0.9405642747879028,353.5482177734375,247.8054962158203,0.9711049795150757,285.6379699707031,193.4102325439453,0.07096738368272781,48.846256256103516,359.5973205566406,0.9675531983375549
187,85.32569122314453,117.24807739257812,0.9998071789741516,998.7185668945312,78.81578063964844,0.999823272228241,89.21952056884766,1030.742919921875,0.999829888343811,1022.3972778320312,1021.6322631835938,0.9994402527809143,332.55816650390625,497.8199768066406,0.9960451722145081,335.2070007324219,612.17529296875,0.9984537363052368,275.92095947265625,554.882568359375,0.9984579086303711,387.7119140625,555.8702392578125,0.9964678287506104,710.721923828125,496.5296325683594,0.9953271150588989,754.9073486328125,714.0902709960938,0.999799907207489,684.076171875,593.3668212890625,0.9891714453697205,777.934326171875,559.9325561523438,0.9930504560470581,576.1256713867188,461.49200439453125,0.9747437834739685,521.8670043945312,401.8101806640625,0.9973580241203308,500.7912902832031,382.2636413574219,0.9921606183052063,444.8622131347656,309.26666259765625,0.9995349645614624,531.4324951171875,339.5045471191406,0.9747784733772278,453.314697265625,398.53631591796875,0.9946483969688416,455.8531494140625,247.44334411621094,0.9685314893722534,376.3583984375,315.7338562011719,0.8651543855667114,355.53973388671875,245.37490844726562,0.9812886714935303,252.79420471191406,174.49209594726562,0.6852790117263794,63.68771743774414,308.71142578125,0.9405252933502197
188,85.62705993652344,117.6056900024414,0.9995827078819275,998.8184814453125,78.2101058959961,0.9998960494995117,89.59330749511719,1028.7213134765625,0.9998694658279419,1022.7299194335938,1021.8582153320312,0.9990602135658264,333.3612060546875,497.8056945800781,0.9964154958724976,335.65966796875,611.7045288085938,0.9987338185310364,276.87158203125,555.2368774414062,0.9985477328300476,387.12298583984375,556.8316040039062,0.9972952008247375,710.9033813476562,496.80841064453125,0.995370090007782,753.7640991210938,713.3636474609375,0.9996888637542725,686.6727294921875,593.7325439453125,0.9934241771697998,780.0020751953125,565.5697631835938,0.9972373247146606,559.951416015625,457.586181640625,0.9577323198318481,519.0918579101562,397.8068542480469,0.9903531670570374,498.5325927734375,379.4752197265625,0.9936749339103699,440.7666320800781,306.7716064453125,0.9983501434326172,522.878173828125,343.2189636230469,0.9823631048202515,450.588134765625,397.9682922363281,0.9995344877243042,444.9503173828125,241.04295349121094,0.9856358766555786,370.1903381347656,311.7937316894531,0.739536464214325,353.43206787109375,248.12844848632812,0.9793840050697327,226.62124633789062,162.3649139404297,0.3727037012577057,112.74360656738281,146.70840454101562,0.3063491880893707
189,86.28955078125,113.19693756103516,0.9981922507286072,999.20068359375,78.40003204345703,0.9997716546058655,90.73282623291016,1029.1258544921875,0.9998853206634521,1022.0091552734375,1022.500732421875,0.9988753199577332,334.6103210449219,497.8549499511719,0.9953045845031738,334.4398193359375,612.3547973632812,0.9993281364440918,276.7217712402344,555.7432250976562,0.9984188079833984,387.381103515625,557.7928466796875,0.9962524771690369,711.2546997070312,495.8029479980469,0.9966697096824646,753.5336303710938,714.3065185546875,0.9998087286949158,685.396484375,593.9016723632812,0.9949131011962891,782.8404541015625,562.7017211914062,0.9932137727737427,558.4682006835938,459.44464111328125,0.9494019746780396,511.63525390625,398.9927978515625,0.9888561367988586,490.26788330078125,378.9040222167969,0.9882528185844421,436.8592224121094,306.21722412109375,0.9994812607765198,517.2655029296875,336.18927001953125,0.9863367676734924,444.79510498046875,396.53265380859375,0.9975772500038147,444.71099853515625,241.15042114257812,0.9950888752937317,369.94775390625,317.85833740234375,0.8914229273796082,351.2655029296875,248.45558166503906,0.9887186288833618,232.7935333251953,165.47671508789062,0.7865285873413086,109.56937408447266,154.50721740722656,0.9567655920982361
190,86.38574981689453,119.01559448242188,0.9995712637901306,999.5599975585938,77.40190124511719,0.9999051094055176,90.78170013427734,1029.644775390625,0.9997594952583313,1022.6237182617188,1020.729736328125,0.999036431312561,333.58050537109375,498.12335205078125,0.9942169189453125,335.1780090332031,612.1293334960938,0.9992389678955078,276.4278259277344,556.2124633789062,0.9982214570045471,387.5524597167969,556.9203491210938,0.9983195662498474,710.9916381835938,496.3741760253906,0.9960882663726807,755.1575317382812,715.8916625976562,0.9997096657752991,687.2263793945312,595.1921997070312,0.9908373355865479,781.6165771484375,566.3167724609375,0.9908158779144287,552.1793212890625,461.88372802734375,0.9770922064781189,506.0076904296875,396.80572509765625,0.9896861910820007,485.3798828125,377.52008056640625,0.9943841695785522,433.5020446777344,304.81524658203125,0.9992750287055969,514.93994140625,337.5615234375,0.9929513335227966,440.0137023925781,398.2972106933594,0.9966421127319336,449.94232177734375,240.33761596679688,0.996705949306488,364.1330261230469,315.58544921875,0.8763080835342407,350.4748229980469,249.2399139404297,0.9949599504470825,258.2325744628906,178.23609924316406,0.9557074904441833,114.4283218383789,147.7132110595703,0.9731441736221313
191,86.26945495605469,117.09510803222656,0.9996824264526367,998.6488037109375,76.98009490966797,0.9999121427536011,90.64183044433594,1030.6331787109375,0.9998118281364441,1024.56005859375,1021.3201904296875,0.9997074007987976,337.3218994140625,498.4811706542969,0.9960654377937317,333.7553405761719,611.4025268554688,0.9991152882575989,276.9523010253906,553.9912109375,0.9981552958488464,386.89495849609375,558.3209838867188,0.9980247020721436,712.0213012695312,495.2558898925781,0.9930263757705688,753.9891967773438,714.728515625,0.9998218417167664,686.6688232421875,596.7845458984375,0.9933607578277588,782.68359375,561.2711181640625,0.9885834455490112,582.7151489257812,458.1395263671875,0.8781539797782898,510.99749755859375,399.1640625,0.9987543821334839,490.980224609375,380.7602844238281,0.9949872493743896,435.1075134277344,307.1157531738281,0.9993244409561157,520.5719604492188,339.2413330078125,0.9899660348892212,443.7790832519531,403.3539733886719,0.9960389137268066,448.26611328125,244.2731475830078,0.9925543665885925,368.31634521484375,317.2057189941406,0.8742431402206421,353.5614929199219,249.80502319335938,0.9978159666061401,251.2489776611328,176.7278289794922,0.9631891846656799,126.30170440673828,150.92547607421875,0.8423665761947632
192,84.93721008300781,114.9412841796875,0.9997208714485168,998.5374755859375,76.78618621826172,0.9998800754547119,91.23796081542969,1028.81201171875,0.9997907280921936,1023.1187133789062,1020.8053588867188,0.9996191263198853,335.4999694824219,498.5480651855469,0.9944882988929749,334.18634033203125,611.1250610351562,0.9994969367980957,276.47125244140625,555.393310546875,0.9975593090057373,388.3135681152344,557.9861450195312,0.9971326589584351,713.1002807617188,492.22991943359375,0.9975036978721619,755.2843017578125,715.6768798828125,0.999640941619873,686.8734741210938,592.4349365234375,0.9905624985694885,782.5285034179688,559.8661499023438,0.9928672313690186,651.3179931640625,421.4540100097656,0.03284194692969322,585.4357299804688,421.24163818359375,0.968909502029419,539.1611328125,409.809814453125,0.9905315637588501,454.47174072265625,330.8849792480469,0.9866281151771545,543.6144409179688,355.0645446777344,0.8212983012199402,478.7325439453125,420.1164855957031,0.9472029209136963,443.57440185546875,246.60113525390625,0.9914190769195557,373.0266418457031,326.0491027832031,0.9049405455589294,354.26092529296875,258.2080993652344,0.9965000152587891,236.91209411621094,178.13229370117188,0.9079498648643494,143.7705841064453,150.12588500976562,0.47224316000938416
193,86.5181655883789,117.27503967285156,0.9997108578681946,998.940185546875,76.01084899902344,0.9999463558197021,91.27750396728516,1028.83154296875,0.9998923540115356,1022.093017578125,1020.7258911132812,0.9995065927505493,335.15863037109375,498.3425598144531,0.9951601624488831,334.5959167480469,612.3595581054688,0.9989603757858276,276.9998779296875,555.1494140625,0.997808039188385,388.8616638183594,559.2437744140625,0.9979210495948792,715.3177490234375,492.3919372558594,0.996906578540802,754.7847900390625,714.4169311523438,0.9998121857643127,688.6818237304688,593.8150634765625,0.9957563281059265,782.2175903320312,560.7724609375,0.9927710890769958,721.0974731445312,387.09832763671875,0.9063012003898621,664.1381225585938,375.15673828125,0.9506699442863464,632.56494140625,379.5391845703125,0.8803742527961731,498.9046936035156,336.17376708984375,0.9923003911972046,595.3240966796875,333.44598388671875,0.9278115034103394,549.0074462890625,399.9862976074219,0.808022141456604,449.9446716308594,253.87783813476562,0.95421302318573,383.2566833496094,333.8345947265625,0.8480396270751953,369.2115783691406,261.7092590332031,0.9876707792282104,256.124267578125,188.05653381347656,0.6433349251747131,159.3204803466797,165.85025024414062,0.21049204468727112
194,85.23884582519531,116.5972900390625,0.9996852874755859,999.5418701171875,77.4377212524414,0.9997844099998474,91.03861999511719,1030.3460693359375,0.9997779726982117,1024.1336669921875,1020.6242065429688,0.9996558427810669,335.7729797363281,498.2582702636719,0.9962574243545532,333.5605773925781,611.752197265625,0.9995678067207336,277.3241882324219,553.4163208007812,0.9990113973617554,388.1581115722656,557.5652465820312,0.9979549646377563,715.9334716796875,492.8885498046875,0.9981117248535156,754.7935180664062,714.9768676757812,0.999822199344635,688.0053100585938,593.6204223632812,0.9925740957260132,782.9962158203125,563.33837890625,0.9932776093482971,811.780029296875,362.9144592285156,0.7215563058853149,762.2351684570312,353.0777587890625,0.9393391609191895,702.8569946289062,350.0384216308594,0.8482229709625244,536.690673828125,324.77490234375,0.984466552734375,651.3280029296875,306.9620666503906,0.882368266582489,624.3764038085938,387.0864562988281,0.997122585773468,469.9555358886719,258.0223083496094,0.9847208857536316,418.87066650390625,355.5763854980469,0.8960732817649841,384.03460693359375,278.4350280761719,0.9963118433952332,277.6053466796875,207.65362548828125,0.501166582107544,140.45835876464844,167.5624542236328,0.4189085364341736
195,85.87181854248047,117.41187286376953,0.9995256662368774,999.7417602539062,77.26380157470703,0.9998917579650879,90.63245391845703,1029.337646484375,0.9997879862785339,1023.919189453125,1020.7399291992188,0.9997541308403015,336.84332275390625,498.5148620605469,0.9955911636352539,334.7677001953125,611.9512939453125,0.9992173910140991,276.8103332519531,555.5027465820312,0.9966398477554321,388.7294006347656,557.8416137695312,0.9963262677192688,715.01318359375,492.5821228027344,0.9965019226074219,754.1690673828125,713.3836669921875,0.9997308850288391,686.9562377929688,593.4269409179688,0.9921680092811584,781.5308837890625,560.7784423828125,0.989367663860321,872.9981689453125,351.96844482421875,0.9888820052146912,789.36181640625,341.5923156738281,0.9768123030662537,756.5609741210938,340.5376281738281,0.9538751840591431,579.3558959960938,317.0308837890625,0.8043864965438843,719.0965576171875,298.7954406738281,0.75568687915802,677.1495971679688,378.2853088378906,0.8436608910560608,503.4593505859375,259.3197937011719,0.9842919111251831,489.1304016113281,362.96429443359375,0.43317100405693054,419.3141174316406,287.85406494140625,0.9968909621238708,292.24090576171875,223.24734497070312,0.9430949687957764,161.7296142578125,163.84945678710938,0.19357328116893768
196,85.7176513671875,117.33477783203125,0.999755322933197,999.181396484375,79.53607940673828,0.9999034404754639,90.70765686035156,1029.140625,0.9999220371246338,1022.0341186523438,1021.18701171875,0.9994739890098572,336.41021728515625,498.1211242675781,0.9949506521224976,335.3771667480469,612.042724609375,0.9986612796783447,277.1828918457031,554.8570556640625,0.9979287385940552,388.4775085449219,557.0960083007812,0.9973180890083313,714.6499633789062,494.5295104980469,0.9915724992752075,754.8758544921875,713.288330078125,0.9997344613075256,686.7434692382812,589.0576782226562,0.9909896850585938,781.115234375,559.58154296875,0.9920334219932556,919.5578002929688,364.1693115234375,0.9431742429733276,833.4468994140625,346.26470947265625,0.7900144457817078,810.0802612304688,341.87353515625,0.7742474675178528,661.0955810546875,310.51177978515625,0.8508782386779785,549.3599853515625,367.1253967285156,0.7201626896858215,734.6371459960938,376.53094482421875,0.911435067653656,566.5631713867188,255.45729064941406,0.7947641611099243,552.2960205078125,364.7005920410156,0.987063467502594,479.4653625488281,299.2915344238281,0.929472804069519,375.1156921386719,259.2584228515625,0.07541527599096298,238.67886352539062,198.59664916992188,0.9038101434707642
197,84.77039337158203,119.22976684570312,0.9994238615036011,999.6887817382812,80.32881164550781,0.999931812286377,89.33714294433594,1030.016845703125,0.9998315572738647,1021.2301635742188,1021.5673217773438,0.9990383386611938,337.0304870605469,498.0788269042969,0.9967909455299377,334.4078369140625,613.0045166015625,0.999061644077301,277.3624267578125,553.8817138671875,0.9981600642204285,387.4495849609375,557.4077758789062,0.9978576302528381,712.6136474609375,496.0898742675781,0.9939067959785461,754.82421875,714.5514526367188,0.9998719692230225,687.4738159179688,592.4793090820312,0.9930481314659119,780.9285888671875,562.7938232421875,0.9913378953933716,978.8826293945312,384.8210754394531,0.9642425179481506,891.5283813476562,348.8631896972656,0.9625622630119324,863.9447631835938,346.8667907714844,0.2557261884212494,736.7566528320312,318.9138488769531,0.9690414667129517,819.1624145507812,295.8688049316406,0.0017555535305291414,789.4859619140625,391.6054992675781,0.7810928225517273,647.9132080078125,242.6623992919922,0.9959571957588196,629.5879516601562,352.19696044921875,0.9935870170593262,553.9857177734375,298.23052978515625,0.9990218877792358,448.25189208984375,292.3290100097656,0.9685500264167786,372.83502197265625,276.4190673828125,0.8932241201400757
198,85.75154113769531,116.51586151123047,0.9998513460159302,998.81689453125,77.74424743652344,0.9999080896377563,89.77356719970703,1029.0286865234375,0.9998892545700073,1022.5712280273438,1021.1761474609375,0.9995304346084595,337.1173095703125,498.1703796386719,0.9971749782562256,333.299560546875,612.360595703125,0.9994382262229919,277.28662109375,553.8922119140625,0.9987614154815674,387.4058837890625,557.7757568359375,0.9979206919670105,714.0028076171875,495.6376037597656,0.9888836741447449,754.2549438476562,712.5487060546875,0.9997732043266296,686.2391357421875,588.390869140625,0.9963046312332153,782.242919921875,558.75634765625,0.9828413724899292,1010.7294921875,392.04736328125,0.9743114113807678,930.8945922851562,364.3204650878906,0.9884853363037109,902.6829833984375,359.7711181640625,0.7907194495201111,774.716796875,319.2394104003906,0.96718829870224,611.212890625,282.14300537109375,0.002800872316583991,848.7745361328125,398.8447570800781,0.9820389151573181,684.0631103515625,252.4180450439453,0.9171183109283447,662.0677490234375,348.5263366699219,0.9586560130119324,610.5355224609375,286.1507873535156,0.9974983334541321,322.7125244140625,288.6349182128906,0.23815982043743134,252.2268524169922,251.58560180664062,0.7967075109481812
199,86.19905090332031,115.92877197265625,0.9995939135551453,998.323486328125,78.49249267578125,0.9999364614486694,90.21892547607422,1029.6630859375,0.9999421834945679,1019.8929443359375,1020.1817626953125,0.9994563460350037,336.6814880371094,498.1158447265625,0.9969422221183777,334.15972900390625,612.387939453125,0.9994792342185974,277.1688232421875,554.0106811523438,0.9990767240524292,387.2652587890625,558.222412109375,0.9977602958679199,710.0445556640625,497.6560974121094,0.9945896863937378,754.7625732421875,712.7577514648438,0.9998419284820557,685.9205932617188,594.4060668945312,0.9935410022735596,781.2361450195312,560.6509399414062,0.9901576638221741,983.1171264648438,419.1577453613281,0.5704258680343628,944.9213256835938,385.73162841796875,0.9196323752403259,912.5314331054688,368.35931396484375,0.952975332736969,797.2232055664062,320.3828125,0.9809218049049377,896.1234130859375,305.3483581542969,0.5689595937728882,862.4905395507812,402.52838134765625,0.9984613656997681,738.8553466796875,241.9738311767578,0.9533669352531433,700.9595336914062,344.98565673828125,0.8996412754058838,645.330322265625,284.4410400390625,0.9968998432159424,380.9090881347656,282.14788818359375,0.3786706030368805,308.5008544921875,283.1312561035156,0.5950371026992798
200,86.98477172851562,117.2763671875,0.9996457099914551,998.7091674804688,78.11205291748047,0.9998828172683716,89.46009063720703,1029.198486328125,0.9998334646224976,1023.8947143554688,1020.8789672851562,0.9996445178985596,337.9338684082031,498.2693176269531,0.9968390464782715,333.02154541015625,611.8349609375,0.9995679259300232,277.2017517089844,551.9666137695312,0.9982520937919617,387.92279052734375,560.202392578125,0.9980095028877258,713.4609375,494.7652282714844,0.9702354073524475,754.39306640625,712.5128173828125,0.9998114705085754,686.5799560546875,591.6676025390625,0.995000422000885,782.70849609375,559.9611206054688,0.9884775280952454,978.0298461914062,528.3815307617188,0.20741412043571472,976.834228515625,493.936279296875,0.39018377661705017,965.6522827148438,469.1291198730469,0.5104734897613525,828.1709594726562,323.4858093261719,0.9799874424934387,966.9608154296875,391.661376953125,0.5365408658981323,878.1136474609375,431.4761657714844,0.9954925775527954,877.0437622070312,427.159423828125,0.9264626502990723,716.5911254882812,334.796875,0.8572025299072266,680.1035766601562,281.7869873046875,0.9920206665992737,554.2337036132812,268.7724609375,0.23080536723136902,378.7257995605469,290.1313781738281,0.9291821122169495
201,87.0211181640625,114.8458251953125,0.9997687935829163,1001.1746215820312,75.92766571044922,0.9998390674591064,89.301025390625,1030.6947021484375,0.9997859597206116,1021.9872436523438,1021.2918701171875,0.999363362789154,337.2524108886719,498.3109436035156,0.9977694749832153,333.4007873535156,611.8455200195312,0.9994277358055115,277.510498046875,553.5632934570312,0.9987636804580688,387.34326171875,558.3825073242188,0.9983851909637451,713.6344604492188,494.5283203125,0.9840812683105469,755.2831420898438,713.2674560546875,0.9997559189796448,686.5218505859375,592.0252685546875,0.9958927631378174,783.7852783203125,562.4356079101562,0.9835759997367859,973.2199096679688,593.3460693359375,0.49289873242378235,959.3816528320312,537.0990600585938,0.9728347063064575,952.6444091796875,515.8035278320312,0.3616359233856201,871.1060791015625,381.05865478515625,0.9334658980369568,965.3363037109375,429.7008972167969,0.5793451070785522,889.0907592773438,490.5148010253906,0.759294867515564,833.580810546875,273.4775695800781,0.9081136584281921,754.2886352539062,358.2958984375,0.9313886761665344,713.3886108398438,285.84771728515625,0.9955615997314453,572.3732299804688,273.06695556640625,0.3696476221084595,452.14215087890625,279.98455810546875,0.22985835373401642
202,86.51148986816406,116.60147094726562,0.9997252821922302,1000.4141845703125,77.25784301757812,0.9997662901878357,88.60601806640625,1029.570556640625,0.9997702240943909,1020.6474609375,1022.1422119140625,0.9991171956062317,337.3254089355469,498.3809814453125,0.9979786276817322,333.78057861328125,612.2448120117188,0.9992967844009399,277.19183349609375,553.4202270507812,0.9988535642623901,387.0281677246094,558.85107421875,0.9979943037033081,710.0762939453125,495.9022216796875,0.9932583570480347,755.5193481445312,714.34716796875,0.9998118281364441,687.5894775390625,590.2587280273438,0.9942149519920349,784.027587890625,559.5643920898438,0.9236111640930176,990.447265625,686.0896606445312,0.8563016057014465,973.4710083007812,628.431884765625,0.9537925124168396,969.064697265625,606.8350830078125,0.7703557014465332,890.2786865234375,431.29473876953125,0.9837673902511597,982.2438354492188,524.6522827148438,0.6672293543815613,910.640869140625,587.2135620117188,0.937343955039978,860.8621826171875,314.32379150390625,0.7461133599281311,779.3560180664062,380.6976318359375,0.9795960187911987,758.2830200195312,309.063232421875,0.9995999932289124,639.2026977539062,256.17266845703125,0.8969054818153381,448.14617919921875,263.46148681640625,0.9239281415939331
203,86.41153717041016,118.58979797363281,0.9995632767677307,999.6185913085938,77.51174926757812,0.9999110698699951,88.91202545166016,1029.6834716796875,0.9998065829277039,1023.9998779296875,1020.8118896484375,0.9994009733200073,337.5888671875,498.61651611328125,0.9979230761528015,335.1486511230469,611.6634521484375,0.9992431402206421,277.4130859375,552.875,0.9984404444694519,387.14129638671875,558.218017578125,0.9983502626419067,709.6038208007812,496.1039733886719,0.9924687743186951,754.6839599609375,712.9963989257812,0.9997774958610535,686.1679077148438,593.0956420898438,0.9940657615661621,781.9089965820312,558.644287109375,0.913040280342102,989.5748901367188,769.9909057617188,0.8471601009368896,979.0125122070312,692.3927001953125,0.9381222128868103,971.1137084960938,669.09912109375,0.8504059910774231,916.0685424804688,479.8918151855469,0.9911675453186035,999.0765991210938,594.7571411132812,0.9594351053237915,914.78125,643.7861938476562,0.9931554198265076,907.6945190429688,361.81524658203125,0.9764299988746643,818.7152709960938,424.2740783691406,0.9976876974105835,805.145751953125,328.0523986816406,0.9998125433921814,645.322509765625,242.26461791992188,0.9774100184440613,514.77294921875,253.46707153320312,0.8837903141975403
204,86.05928802490234,120.10563659667969,0.9997648596763611,999.6332397460938,78.8757553100586,0.9998475313186646,89.4759521484375,1030.77587890625,0.9997953772544861,1022.0240478515625,1021.3475341796875,0.9994547963142395,336.3589782714844,498.034912109375,0.9963536262512207,335.7291259765625,611.8826904296875,0.9995638728141785,277.5474548339844,554.5018310546875,0.9981098175048828,386.9847412109375,557.4789428710938,0.9988662004470825,709.799072265625,494.39599609375,0.9968622922897339,754.7202758789062,713.2763671875,0.9998075366020203,685.289306640625,593.3845825195312,0.9963881969451904,779.617431640625,561.1244506835938,0.9698750972747803,1013.0758056640625,821.7172241210938,0.689568042755127,982.693359375,751.60009765625,0.9958512783050537,974.2600708007812,731.5062255859375,0.9968320727348328,938.6400146484375,524.6992797851562,0.9896664619445801,1013.8214111328125,652.0811157226562,0.9917569756507874,918.1165771484375,679.0359497070312,0.9685993790626526,960.2888793945312,421.1636047363281,0.9945172667503357,841.8118896484375,445.922607421875,0.9838094711303711,869.1647338867188,365.965576171875,0.9988920092582703,810.7024536132812,292.1298828125,0.9257218241691589,614.2512817382812,241.51881408691406,0.5189934372901917
205,85.67703247070312,119.31507873535156,0.9997138381004333,1000.4315795898438,81.08783721923828,0.9998797178268433,90.23452758789062,1028.413330078125,0.999901294708252,1021.8070678710938,1020.9343872070312,0.9994644522666931,337.2959899902344,498.1141052246094,0.9962930083274841,334.8267822265625,612.23046875,0.9992380142211914,277.53814697265625,553.353271484375,0.9983494281768799,386.4150085449219,558.4755249023438,0.9989688396453857,711.3513793945312,496.03515625,0.9954590797424316,754.3766479492188,713.8735961914062,0.9997014403343201,686.7094116210938,593.3958740234375,0.9985026121139526,781.8019409179688,564.404296875,0.9764734506607056,1026.950439453125,834.71728515625,0.9866652488708496,983.7473754882812,762.5841674804688,0.9903286099433899,974.0922241210938,739.471435546875,0.9982256293296814,950.96337890625,561.8065795898438,0.9528462886810303,1023.201416015625,672.3582763671875,0.9754197597503662,925.24755859375,701.39453125,0.8735243678092957,979.5878295898438,475.4638366699219,0.9965266585350037,877.9279174804688,512.733642578125,0.94373619556427,890.5982055664062,402.8384704589844,0.9956362843513489,852.6029663085938,309.5291748046875,0.896074652671814,764.0360717773438,245.8842315673828,0.6709582805633545
206,85.71450805664062,119.043212890625,0.9996904134750366,998.915771484375,78.12580108642578,0.9998891353607178,90.24821472167969,1029.6087646484375,0.9999005794525146,1021.8445434570312,1021.139404296875,0.9994972944259644,337.299072265625,498.7229309082031,0.9975029826164246,334.7662658691406,612.5504760742188,0.9990412592887878,276.9158020019531,555.00732421875,0.9985927939414978,386.739013671875,558.5325927734375,0.9984176158905029,712.5846557617188,495.4875793457031,0.9921344518661499,755.70361328125,714.2765502929688,0.9997215867042542,685.154296875,591.4467163085938,0.9948181509971619,784.4569702148438,562.4940185546875,0.9837883710861206,1038.85595703125,817.2070922851562,0.947053074836731,998.1925048828125,746.7850952148438,0.48882415890693665,982.6573486328125,727.253173828125,0.9606166481971741,956.2896118164062,584.1039428710938,0.9771261215209961,1034.88427734375,667.9478759765625,0.9988824725151062,936.7963256835938,710.3818359375,0.9017121195793152,996.8119506835938,517.1593627929688,0.981572151184082,883.44677734375,539.088623046875,0.8067171573638916,888.57373046875,429.2948303222656,0.7655953168869019,876.1506958007812,328.423095703125,0.6684049963951111,677.582275390625,234.20631408691406,0.3648223578929901
207,86.1668930053711,119.5083999633789,0.9996868371963501,1000.0514526367188,81.13789367675781,0.9999192953109741,89.76144409179688,1027.5546875,0.9999107122421265,1022.9077758789062,1021.2066650390625,0.9997100234031677,336.81707763671875,498.1704406738281,0.9972883462905884,334.206787109375,611.6959228515625,0.9994187355041504,277.7847900390625,555.4445190429688,0.9989284873008728,386.85968017578125,557.212158203125,0.9982244372367859,714.7980346679688,494.2417907714844,0.9846775531768799,753.9341430664062,713.1629638671875,0.9997647404670715,687.33740234375,593.76416015625,0.9972158670425415,781.9266357421875,566.0746459960938,0.9897841811180115,1077.108154296875,817.0577392578125,0.719669759273529,1017.502685546875,757.4140625,0.9489522576332092,1000.7767333984375,737.1151733398438,0.9783456921577454,965.4002685546875,597.4036865234375,0.9953866600990295,1042.486572265625,661.7277221679688,0.9834875464439392,951.4550170898438,727.5372924804688,0.9814623594284058,979.6320190429688,525.248046875,0.9796069264411926,885.68701171875,557.943359375,0.7448025941848755,893.5702514648438,476.1441650390625,0.9348356127738953,880.3475952148438,378.6528625488281,0.8296077847480774,704.8836669921875,220.24331665039062,0.40729764103889465
208,85.98828887939453,116.87577819824219,0.9998096823692322,1000.8849487304688,80.58395385742188,0.9998914003372192,89.6793212890625,1028.673828125,0.999923825263977,1022.0540771484375,1022.1644287109375,0.9994358420372009,336.80023193359375,498.0803527832031,0.99764484167099,333.83868408203125,612.0171508789062,0.9992200136184692,277.0716552734375,554.4706420898438,0.9978873133659363,387.51629638671875,558.888916015625,0.9975449442863464,713.2238159179688,493.7346496582031,0.9922858476638794,753.3215942382812,712.95751953125,0.9997772574424744,685.8513793945312,594.0955200195312,0.9949824810028076,781.4677124023438,566.9229736328125,0.9918978214263916,944.48291015625,697.1759643554688,0.07211027294397354,1028.490966796875,755.7010498046875,0.9913501739501953,1014.4625854492188,734.43310546875,0.921470046043396,966.2783203125,607.6717529296875,0.9929372668266296,1044.7005615234375,655.1378784179688,0.9881288409233093,966.8523559570312,725.96533203125,0.7887588143348694,990.26708984375,558.7448120117188,0.8682066798210144,887.798095703125,592.721435546875,0.9163867235183716,898.8306884765625,517.262939453125,0.9872229099273682,873.3529663085938,418.3782653808594,0.9153290390968323,857.726806640625,386.6827392578125,0.9581365585327148
209,85.52806854248047,119.2605209350586,0.9998401403427124,999.2301635742188,79.7859878540039,0.9998986721038818,89.87374114990234,1028.1043701171875,0.9999136924743652,1022.7277221679688,1021.479248046875,0.9995602965354919,336.6830749511719,498.52337646484375,0.997765064239502,334.5479431152344,611.8070678710938,0.9993329644203186,277.2585144042969,553.4428100585938,0.9978306889533997,387.38629150390625,557.978271484375,0.9983025789260864,713.5223388671875,495.27197265625,0.9950495362281799,754.4644775390625,712.7066040039062,0.999832272529602,685.3333129882812,596.2090454101562,0.9952854514122009,781.9536743164062,567.6945190429688,0.9924749732017517,1086.3369140625,804.2062377929688,0.054072730243206024,1041.26171875,756.0584106445312,0.9962194561958313,1020.2523193359375,729.1948852539062,0.7142145037651062,957.1403198242188,605.8573608398438,0.9721512794494629,1049.875244140625,660.7835693359375,0.9946044087409973,958.4187622070312,718.1693725585938,0.7297099232673645,988.5422973632812,556.072509765625,0.9683683514595032,887.7501220703125,594.7727661132812,0.959815502166748,898.6046752929688,517.6453857421875,0.9951708912849426,854.5051879882812,404.5779724121094,0.9763631820678711,787.99658203125,320.14642333984375,0.8410022258758545
210,86.57994079589844,118.92060089111328,0.9998601675033569,998.9969482421875,78.05644989013672,0.9996676445007324,88.84540557861328,1029.1143798828125,0.9998623132705688,1022.295166015625,1020.7923583984375,0.9996776580810547,336.0570983886719,498.35723876953125,0.9964196681976318,334.3874816894531,612.0513916015625,0.9993014335632324,277.029541015625,554.40185546875,0.9972660541534424,387.1632995605469,556.9185791015625,0.9986211061477661,714.7874145507812,496.852783203125,0.9905423521995544,755.0747680664062,713.1780395507812,0.999833345413208,685.9060668945312,598.8041381835938,0.9953294992446899,783.4899291992188,563.8955078125,0.9905034303665161,944.6689453125,739.6461181640625,0.10375037789344788,1037.9542236328125,739.9900512695312,0.9975960850715637,1023.0361328125,724.0567016601562,0.9392303228378296,970.4359741210938,629.7147216796875,0.572399914264679,1056.6583251953125,662.0270385742188,0.6744775772094727,960.4784545898438,721.9484252929688,0.7876530885696411,990.8817749023438,574.1292114257812,0.6457390785217285,884.8594360351562,595.2014770507812,0.4697829484939575,897.2631225585938,520.661865234375,0.995000422000885,858.240234375,427.568359375,0.7871964573860168,722.2985229492188,280.230712890625,0.34052392840385437
211,86.94181823730469,113.65631866455078,0.9995114803314209,999.24609375,81.52745819091797,0.9998070597648621,89.44453430175781,1027.6607666015625,0.999769389629364,1017.3709716796875,1021.9221801757812,0.9994774460792542,335.295166015625,498.5583190917969,0.9947689771652222,335.1618957519531,610.7197265625,0.9994329810142517,277.91387939453125,556.7269287109375,0.9989638328552246,386.9946594238281,558.3263549804688,0.9980427026748657,710.8121948242188,497.5316162109375,0.9977912902832031,754.760498046875,713.0169067382812,0.9997591376304626,686.6600952148438,595.0889892578125,0.9940029978752136,779.184814453125,569.4524536132812,0.9811363816261292,1085.1422119140625,781.0850830078125,0.035424888134002686,1052.793212890625,730.4920654296875,0.9394232630729675,1044.8927001953125,729.6961059570312,0.4076959192752838,984.833740234375,651.7969970703125,0.24792008101940155,1052.5439453125,770.9889526367188,0.11137998104095459,962.779296875,721.018310546875,0.9103821516036987,928.2435302734375,702.791015625,0.045013800263404846,953.9758911132812,688.724365234375,0.08403743803501129,886.8230590820312,526.070556640625,0.03471573442220688,853.3906860351562,436.7398681640625,0.9680482745170593,738.1301879882812,287.5242004394531,0.831510603427887
212,85.97111511230469,115.84803009033203,0.9993308782577515,1001.0699462890625,77.5078353881836,0.9998586177825928,90.8307876586914,1030.0709228515625,0.9997894167900085,1022.026123046875,1020.5271606445312,0.9996048808097839,337.7104797363281,498.3172302246094,0.9969286322593689,335.0001220703125,611.1956787109375,0.9993017911911011,277.6191711425781,556.2622680664062,0.9981665015220642,387.6644287109375,558.754638671875,0.998221218585968,710.8502197265625,496.9385681152344,0.995585560798645,754.6577758789062,712.4130859375,0.9997909665107727,685.92431640625,592.8925170898438,0.9939204454421997,779.3854370117188,568.2155151367188,0.9869667291641235,1087.1033935546875,770.2728881835938,0.08090667426586151,1051.9298095703125,719.7933349609375,0.9806600213050842,1028.03564453125,705.4277954101562,0.7958709001541138,962.4345092773438,635.0923461914062,0.8982222676277161,1050.4083251953125,655.1370849609375,0.9266112446784973,984.2363891601562,745.4384765625,0.9311702251434326,968.7060546875,566.1839599609375,0.9659148454666138,883.1875,601.1448974609375,0.6882668733596802,886.1611328125,539.1166381835938,0.9963085055351257,845.4127197265625,449.531005859375,0.9564843773841858,757.7432861328125,315.3424377441406,0.4549029469490051
213,86.21055603027344,114.7282943725586,0.9995489716529846,999.0765380859375,76.76031494140625,0.9998708963394165,89.75691986083984,1030.978271484375,0.9997605681419373,1022.0786743164062,1020.3020629882812,0.9993626475334167,336.35467529296875,498.22003173828125,0.9955142140388489,335.2018737792969,610.3189697265625,0.9990382194519043,277.9088134765625,555.9732666015625,0.998082160949707,387.2860412597656,555.7394409179688,0.9984458088874817,711.1650390625,496.248779296875,0.9945265650749207,754.167724609375,713.2230834960938,0.9997668862342834,685.1846923828125,592.813720703125,0.9906355738639832,782.638916015625,565.2604370117188,0.9235522747039795,1087.60205078125,761.0900268554688,0.084592305123806,1057.4412841796875,709.7606811523438,0.8408204913139343,1037.5703125,707.5620727539062,0.20140425860881805,965.092041015625,642.9114379882812,0.7489709258079529,883.0994262695312,624.6539306640625,0.03939897567033768,995.129150390625,749.376953125,0.2859700322151184,980.6570434570312,579.9938354492188,0.9246578812599182,881.18701171875,607.7050170898438,0.45814958214759827,884.6582641601562,554.1468505859375,0.9822399616241455,833.797607421875,462.14990234375,0.931636393070221,770.0809936523438,337.3437805175781,0.5528184175491333
214,87.66725158691406,114.5234603881836,0.9996650218963623,1000.3826904296875,79.82371520996094,0.9998288154602051,89.58733367919922,1030.420654296875,0.9998652935028076,1024.2510986328125,1020.9990844726562,0.9997832179069519,335.0043640136719,499.2522277832031,0.9958534240722656,335.36712646484375,611.5538940429688,0.9989802241325378,277.1177978515625,557.4857177734375,0.9972007274627686,388.1571044921875,556.6934204101562,0.9967578053474426,711.5640869140625,495.84991455078125,0.9903621673583984,755.2061157226562,713.8090209960938,0.9998098015785217,687.920166015625,595.5770874023438,0.9955899715423584,784.612060546875,569.9122314453125,0.9759688973426819,1074.1712646484375,757.7074584960938,0.03956780582666397,1068.937744140625,741.4026489257812,0.3199232816696167,1030.9078369140625,713.31884765625,0.5957061052322388,955.81787109375,624.7833862304688,0.46578970551490784,1066.958984375,765.368896484375,0.03307061269879341,1015.8394165039062,725.9307861328125,0.21776901185512543,977.67919921875,579.8657836914062,0.9841124415397644,882.05712890625,612.1128540039062,0.6469688415527344,879.6469116210938,548.130615234375,0.998237133026123,823.461181640625,453.344482421875,0.992793083190918,738.4898681640625,303.37823486328125,0.8785952925682068
215,87.09473419189453,119.80867004394531,0.997848629951477,1000.8755493164062,80.35669708251953,0.9998509883880615,88.77731323242188,1029.125732421875,0.9999006986618042,1024.6529541015625,1020.8246459960938,0.9995874762535095,337.6259765625,498.59326171875,0.994968593120575,334.0082092285156,611.374755859375,0.9993415474891663,277.232177734375,556.9725341796875,0.9958444237709045,387.84130859375,557.295654296875,0.9980716109275818,712.5528564453125,494.7806701660156,0.9896794557571411,753.8285522460938,713.5970458984375,0.9997425675392151,687.3500366210938,598.1935424804688,0.9912967681884766,785.5313110351562,566.6511840820312,0.9715117812156677,1081.67236328125,810.3236083984375,0.3921049237251282,1068.3699951171875,763.6643676757812,0.8863020539283752,1049.6124267578125,744.8062744140625,0.4732649624347687,964.2261962890625,627.300537109375,0.6696884036064148,1069.2081298828125,644.7274780273438,0.432535856962204,979.5357666015625,722.3508911132812,0.9991588592529297,964.5722045898438,562.7042846679688,0.9620568156242371,886.7017211914062,627.2763671875,0.6481475234031677,876.7467651367188,544.5780639648438,0.9991856217384338,819.0087280273438,446.9895324707031,0.9808534383773804,758.9314575195312,328.4393005371094,0.6162639856338501
216,85.75433349609375,116.24577331542969,0.9994378685951233,1000.045166015625,80.75519561767578,0.9998705387115479,90.3857192993164,1028.5782470703125,0.9999006986618042,1024.598388671875,1021.9180908203125,0.9996457099914551,337.2824401855469,498.5699157714844,0.9969403743743896,335.32476806640625,611.8139038085938,0.9993417859077454,277.8940124511719,556.5420532226562,0.9971778392791748,388.9115295410156,556.9617919921875,0.9967637062072754,713.02392578125,493.40130615234375,0.9912793040275574,753.5833740234375,713.6342163085938,0.9996292591094971,686.99560546875,597.4913330078125,0.9945571422576904,783.8803100585938,567.4724731445312,0.9616559743881226,1080.9556884765625,847.4275512695312,0.2068328559398651,1040.535400390625,788.1577758789062,0.6113206744194031,1030.8648681640625,767.2567749023438,0.9736495018005371,982.7548217773438,640.5398559570312,0.8993479013442993,1080.311767578125,674.152587890625,0.898103654384613,985.5003051757812,740.3082275390625,0.9006330370903015,967.830078125,567.7870483398438,0.9974024891853333,886.00537109375,625.8131713867188,0.8372435569763184,882.7192993164062,550.8001098632812,0.9994237422943115,813.7113037109375,444.5757751464844,0.9484717845916748,757.838623046875,327.2240905761719,0.16310320794582367
217,86.11183166503906,117.6729507446289,0.9996764659881592,998.0589599609375,77.67599487304688,0.9999309778213501,89.00982666015625,1029.686767578125,0.9998950958251953,1022.7967529296875,1021.343017578125,0.9995452761650085,336.8036804199219,498.582275390625,0.9964015483856201,334.7361755371094,612.1331176757812,0.9993516802787781,277.6952209472656,557.2686157226562,0.9972801208496094,388.0596618652344,556.9923706054688,0.9978213310241699,715.722412109375,494.63714599609375,0.9802529811859131,754.1476440429688,714.8111572265625,0.9997715353965759,686.2637329101562,595.9302368164062,0.9948304295539856,787.4542236328125,565.5968627929688,0.9860305786132812,1084.5821533203125,878.2561645507812,0.21830567717552185,1085.011474609375,857.9042358398438,0.6198282241821289,1072.674560546875,739.2843017578125,0.19679154455661774,984.674560546875,657.7933959960938,0.7202204465866089,1078.7913818359375,692.5925903320312,0.8971993923187256,989.6914672851562,757.8905639648438,0.962926983833313,970.77392578125,566.8176879882812,0.9793018102645874,889.174072265625,630.7097778320312,0.8714625835418701,883.1144409179688,545.9146728515625,0.9994412064552307,808.5316772460938,444.0797119140625,0.5833809971809387,753.8778686523438,324.3675537109375,0.7397399544715881
218,85.95142364501953,115.34881591796875,0.999794065952301,998.5140380859375,78.33878326416016,0.9998975992202759,88.9598388671875,1029.2435302734375,0.999881386756897,1023.0213012695312,1020.8609008789062,0.9996720552444458,336.8808898925781,498.1346130371094,0.9971858859062195,334.38934326171875,611.6266479492188,0.9994112253189087,277.14434814453125,557.3821411132812,0.9982910752296448,387.9653625488281,557.0952758789062,0.9981778860092163,710.7880249023438,494.8763427734375,0.9913460612297058,753.404296875,715.2852783203125,0.9997007846832275,687.0184936523438,594.5028686523438,0.9967114925384521,785.6702270507812,564.0082397460938,0.9724545478820801,1079.047119140625,894.896728515625,0.3603052496910095,1051.82080078125,839.9618530273438,0.1619061678647995,1030.5989990234375,813.5233764648438,0.7301827669143677,981.2124633789062,660.7681274414062,0.862291157245636,1082.32421875,704.772705078125,0.9404636025428772,989.7478637695312,775.4273071289062,0.8667803406715393,973.0928344726562,564.8394165039062,0.9788526892662048,891.2332153320312,635.8286743164062,0.9036641716957092,882.5022583007812,545.10302734375,0.9993727803230286,788.5643920898438,420.146728515625,0.7669205665588379,743.4163818359375,307.7159729003906,0.5076537728309631
219,85.4609375,117.44056701660156,0.9997919201850891,998.8873291015625,79.17172241210938,0.999924898147583,87.85417938232422,1029.697265625,0.9998728036880493,1024.433349609375,1020.4744262695312,0.9996418952941895,337.1432800292969,498.2049255371094,0.995419979095459,333.09246826171875,610.731201171875,0.9991397857666016,277.33685302734375,553.256103515625,0.9978669285774231,387.7171325683594,555.6915893554688,0.9969704151153564,712.2913818359375,495.4356384277344,0.9853096604347229,753.7932739257812,713.6234130859375,0.9997958540916443,686.8079223632812,593.7811279296875,0.9949495792388916,785.6076049804688,560.9635009765625,0.9873343706130981,1078.90966796875,909.7929077148438,0.7876954078674316,1084.04345703125,846.35546875,0.32579272985458374,1023.9464721679688,820.2196655273438,0.8436437249183655,982.922607421875,668.7318115234375,0.7981083989143372,1070.587890625,705.964111328125,0.6400205492973328,980.0361328125,783.8085327148438,0.9745861291885376,968.9297485351562,563.0281372070312,0.9885314702987671,895.4786987304688,639.6815185546875,0.8276646733283997,880.7711791992188,546.4942626953125,0.9996609687805176,803.61376953125,440.6274719238281,0.8548368215560913,738.60498046875,305.042236328125,0.16135454177856445
220,86.25468444824219,114.820556640625,0.9997836947441101,1000.863525390625,78.7844467163086,0.999744713306427,89.91216278076172,1029.66259765625,0.9999113082885742,1021.967041015625,1021.211181640625,0.9992837309837341,337.56829833984375,498.3815612792969,0.9971742630004883,333.8531188964844,612.0567016601562,0.9993035793304443,277.0269470214844,554.3128051757812,0.9962629675865173,388.0880126953125,557.9509887695312,0.9987202882766724,708.5325317382812,497.03887939453125,0.9961380362510681,754.46630859375,714.6766357421875,0.9998726844787598,686.4916381835938,597.7511596679688,0.9957972764968872,785.1846313476562,561.6006469726562,0.9814279079437256,1079.481201171875,912.6780395507812,0.8950114250183105,1018.7325439453125,838.6011352539062,0.542445182800293,1014.9006958007812,820.2066040039062,0.8932648301124573,985.0084838867188,673.6146240234375,0.9369240403175354,1072.4364013671875,711.2620849609375,0.5992493033409119,991.457763671875,797.3585815429688,0.8169497847557068,970.3843383789062,565.4222412109375,0.969184160232544,889.08935546875,635.3746337890625,0.810346782207489,878.3120727539062,539.8656616210938,0.9986304044723511,799.2410888671875,439.2476501464844,0.8063691258430481,744.6682739257812,316.4550476074219,0.3534516990184784
221,86.35356140136719,117.40416717529297,0.9996414184570312,998.947265625,79.28931427001953,0.9999425411224365,90.46129608154297,1030.0411376953125,0.9999165534973145,1023.1578369140625,1021.626953125,0.999370276927948,338.3443298339844,498.1679382324219,0.9967643022537231,333.9631042480469,612.6393432617188,0.99967360496521,277.512451171875,553.3328857421875,0.9974709749221802,386.6714782714844,557.5440063476562,0.9983993172645569,714.3079833984375,494.78125,0.9912561178207397,753.7860717773438,713.6170654296875,0.9998478889465332,686.0098266601562,592.8131103515625,0.9975236058235168,784.90625,563.1389770507812,0.9929448962211609,1077.91015625,918.3726806640625,0.6456522941589355,1013.9669799804688,846.5031127929688,0.38145527243614197,1008.2011108398438,829.5995483398438,0.4661290645599365,975.4948120117188,662.3446044921875,0.9121093153953552,1072.4066162109375,715.8359985351562,0.6349617838859558,972.5133666992188,786.7193603515625,0.9747114181518555,973.247314453125,567.5235595703125,0.9818074703216553,886.0533447265625,630.6787109375,0.9839159846305847,880.946044921875,540.0828857421875,0.998627781867981,793.7803344726562,447.0115966796875,0.9296417832374573,767.6951904296875,412.2680358886719,0.7360249757766724
222,85.94132995605469,118.5671615600586,0.9997488856315613,998.2308959960938,78.2426986694336,0.9999425411224365,90.39900970458984,1029.4786376953125,0.9998464584350586,1023.5463256835938,1019.9501342773438,0.9994494318962097,337.3241271972656,498.36529541015625,0.9973740577697754,333.9863586425781,612.361328125,0.9993587136268616,277.1975402832031,552.9502563476562,0.9969555139541626,387.3297424316406,556.7769775390625,0.9987540245056152,710.5845336914062,496.7761535644531,0.992124617099762,753.86376953125,713.5771484375,0.9998643398284912,685.4810180664062,592.1310424804688,0.9972482323646545,788.1401977539062,564.1144409179688,0.9742671847343445,1052.18701171875,915.8244018554688,0.9129197001457214,1018.351806640625,848.2285766601562,0.827217161655426,1008.8094482421875,830.5790405273438,0.9072296023368835,983.0098876953125,674.017578125,0.9835125803947449,1077.193115234375,731.061279296875,0.6544427275657654,970.8223266601562,789.8212890625,0.9660211801528931,979.1614990234375,571.768798828125,0.9877445101737976,886.5848388671875,636.3059692382812,0.9596912860870361,879.6311645507812,541.686279296875,0.9976781010627747,775.5189208984375,436.7120056152344,0.19023263454437256,744.732421875,323.7720031738281,0.5127041935920715
223,85.8092041015625,118.96928405761719,0.9998645782470703,998.9081420898438,77.51229858398438,0.9999419450759888,89.71621704101562,1029.8995361328125,0.9999126195907593,1021.99365234375,1022.0603637695312,0.9992524981498718,338.1531982421875,498.28668212890625,0.9971740245819092,334.1996154785156,613.1051025390625,0.9991421699523926,277.3254089355469,551.8536987304688,0.9952179789543152,387.6952819824219,556.9166870117188,0.9987494945526123,708.9675903320312,499.05523681640625,0.9962558746337891,754.6282348632812,714.6149291992188,0.9998034834861755,686.9356689453125,594.1082153320312,0.9969543218612671,786.9273071289062,565.6978149414062,0.9817728400230408,982.092041015625,905.8583984375,0.9597343802452087,990.8400268554688,858.31884765625,0.9861068725585938,989.6848754882812,836.849365234375,0.9841338396072388,980.9654541015625,673.50244140625,0.9952911138534546,1071.1693115234375,777.8538208007812,0.4070264995098114,959.4800415039062,800.1281127929688,0.9425113201141357,996.00927734375,588.4957275390625,0.9617273211479187,888.0867309570312,632.5909423828125,0.2993859648704529,882.1700439453125,540.0296020507812,0.9952079653739929,819.59423828125,477.12548828125,0.38319775462150574,741.5764770507812,383.11553955078125,0.39715576171875
224,86.48666381835938,116.90167236328125,0.9998762607574463,999.5410766601562,82.01811981201172,0.9999316930770874,90.965576171875,1028.8878173828125,0.9999209642410278,1022.4049682617188,1021.5185546875,0.9995493292808533,338.0902404785156,498.6415100097656,0.9968164563179016,333.46185302734375,611.7508544921875,0.9994856119155884,277.3516540527344,551.7130737304688,0.9975557327270508,386.4910583496094,557.8233642578125,0.9982590079307556,710.5248413085938,498.99481201171875,0.9983136653900146,754.620849609375,714.3536987304688,0.9998043179512024,687.09130859375,596.7384643554688,0.9948664903640747,783.7256469726562,565.1972045898438,0.9867194294929504,933.9127807617188,896.3102416992188,0.4719642102718353,951.4502563476562,870.8833618164062,0.6446068286895752,962.6295776367188,823.5012817382812,0.6672555208206177,972.052490234375,677.65625,0.9948659539222717,1027.2061767578125,811.1638793945312,0.8961358070373535,928.304443359375,781.1903076171875,0.8795667290687561,992.6676025390625,578.418212890625,0.9899389743804932,881.931640625,617.4072875976562,0.11646214127540588,881.0875854492188,530.7716064453125,0.9993289709091187,810.56298828125,455.1148681640625,0.9615980386734009,745.7659301757812,401.8310546875,0.054290514439344406
225,86.51615142822266,115.6692123413086,0.999833345413208,1000.4436645507812,76.78407287597656,0.9998356103897095,91.31641387939453,1028.7109375,0.9999431371688843,1024.24609375,1020.617431640625,0.9997299313545227,337.5223388671875,498.5696105957031,0.9971250891685486,333.6947021484375,612.7863159179688,0.999512791633606,277.2856750488281,551.5286865234375,0.9979731440544128,387.73974609375,557.41845703125,0.9985948204994202,714.8606567382812,495.5589904785156,0.9959545135498047,755.3802490234375,715.5780029296875,0.9998181462287903,685.8283081054688,594.2939453125,0.9920169115066528,782.3788452148438,567.094482421875,0.9904146194458008,846.281982421875,917.5877685546875,0.9263081550598145,903.1436767578125,865.7731323242188,0.29079389572143555,914.3627319335938,847.802001953125,0.6321208477020264,962.4295043945312,672.2144165039062,0.99915611743927,975.3748168945312,826.095947265625,0.8890063762664795,898.1488037109375,792.6785278320312,0.9629017114639282,981.3418579101562,570.4661865234375,0.9847907423973083,883.0285034179688,619.5993041992188,0.7276396155357361,888.1702270507812,535.0933837890625,0.9982050657272339,844.0985717773438,466.14471435546875,0.8688818216323853,783.0838623046875,414.0323486328125,0.24514594674110413
226,85.55241394042969,114.97138977050781,0.9999620914459229,999.4903564453125,80.17552185058594,0.9999170303344727,91.04393768310547,1028.2584228515625,0.9999535083770752,1021.7566528320312,1021.6358642578125,0.9995113611221313,339.1061706542969,498.0267333984375,0.9971524477005005,333.38677978515625,611.7166137695312,0.999413013458252,277.669921875,551.9266967773438,0.9981221556663513,388.25384521484375,558.7557373046875,0.9981770515441895,713.8319091796875,494.7871398925781,0.9701122045516968,754.5664672851562,714.9263305664062,0.9997938275337219,684.0750122070312,592.9547729492188,0.9929035305976868,780.9893188476562,562.1358642578125,0.996103048324585,784.8949584960938,927.6749877929688,0.9299139976501465,833.0796508789062,898.119873046875,0.8288449645042419,882.8582153320312,827.424560546875,0.1525011956691742,953.2640380859375,689.4697875976562,0.9950684309005737,888.9778442382812,622.5648193359375,0.9149084687232971,873.0772094726562,775.8969116210938,0.3680335581302643,978.1921997070312,591.92626953125,0.9860935211181641,884.759765625,617.1903686523438,0.8138353824615479,910.0486450195312,541.9869384765625,0.9959695339202881,867.2429809570312,464.27679443359375,0.09033560752868652,863.9517822265625,461.19366455078125,0.5960850119590759
227,85.08007049560547,117.192626953125,0.9998807907104492,997.93603515625,79.35435485839844,0.9999351501464844,89.89102172851562,1029.3206787109375,0.9999455213546753,1022.9933471679688,1021.7430419921875,0.9995941519737244,338.5033264160156,498.1202087402344,0.9970555305480957,333.4033203125,612.2312622070312,0.9995204210281372,277.2757568359375,551.37548828125,0.99835604429245,386.8548278808594,558.3580932617188,0.998504638671875,712.4451293945312,495.7897644042969,0.9964698553085327,754.8268432617188,714.7221069335938,0.9998835325241089,684.3576049804688,592.4032592773438,0.9936835765838623,781.2420043945312,568.30517578125,0.9899263381958008,718.1268920898438,953.1922607421875,0.2716759145259857,762.2191162109375,933.58251953125,0.3087221682071686,803.3304443359375,904.1502075195312,0.22522608935832977,942.4873657226562,716.9309692382812,0.993003785610199,904.7197265625,649.3646850585938,0.8012346029281616,991.9031982421875,638.749755859375,0.7593013644218445,988.0858764648438,631.2091674804688,0.8439075350761414,888.9161987304688,886.38427734375,0.3057185709476471,721.6649169921875,950.6293334960938,0.921789824962616,930.3485717773438,512.0948486328125,0.5716560482978821,926.6742553710938,506.4334716796875,0.6680803298950195
228,84.67640686035156,115.96449279785156,0.9998399019241333,999.6218872070312,80.09513854980469,0.999883770942688,90.27938842773438,1028.6373291015625,0.9999237060546875,1023.7282104492188,1021.1648559570312,0.9996955394744873,339.7324523925781,497.8399658203125,0.9967671632766724,332.72955322265625,611.5632934570312,0.9994564652442932,277.08154296875,551.6611938476562,0.9985673427581787,386.8238220214844,559.5545043945312,0.9991287589073181,714.9346313476562,495.231689453125,0.9919747710227966,754.700439453125,713.8695068359375,0.9998536109924316,685.44775390625,591.5860595703125,0.99496990442276,785.1251220703125,565.4108276367188,0.992931604385376,986.3983764648438,646.3342895507812,0.10841090977191925,968.3180541992188,646.7623901367188,0.6032021641731262,964.723388671875,669.6993408203125,0.8681683540344238,903.2625122070312,786.2586669921875,0.9207673668861389,835.4407348632812,935.1215209960938,0.9093040227890015,993.922607421875,727.9461669921875,0.9540557861328125,979.7715454101562,804.081787109375,0.7006399631500244,893.4661865234375,700.3736572265625,0.07464397698640823,629.9769287109375,984.620361328125,0.9498282074928284,990.30517578125,572.3999633789062,0.5012139678001404,906.8753662109375,488.34783935546875,0.18207068741321564
229,84.95886993408203,114.00953674316406,0.9999203681945801,997.719482421875,79.42963409423828,0.9999068975448608,89.60466766357422,1028.79541015625,0.9999337196350098,1019.9689331054688,1020.236083984375,0.9996500015258789,339.04156494140625,498.3592834472656,0.9965327978134155,333.21539306640625,611.7448120117188,0.9995456337928772,277.15460205078125,551.878173828125,0.9980776309967041,386.8853454589844,558.292236328125,0.9982417821884155,716.7389526367188,493.9941101074219,0.998105525970459,752.7534790039062,713.4740600585938,0.9998294115066528,682.9454345703125,589.9403076171875,0.9954521059989929,783.384765625,567.4518432617188,0.9951857924461365,991.1178588867188,711.64794921875,0.06550835072994232,954.6553955078125,748.0369262695312,0.8687502145767212,936.0009765625,767.794189453125,0.9825240969657898,818.9660034179688,868.0079345703125,0.5733069777488708,891.8355102539062,769.9094848632812,0.7943162322044373,676.988525390625,904.120849609375,0.840464174747467,674.7969360351562,898.8914184570312,0.11949792504310608,736.1981811523438,977.5703125,0.7405193448066711,1028.0467529296875,660.8621215820312,0.003695051884278655,530.8404541015625,980.3024291992188,0.05884110927581787,533.6339721679688,977.3111572265625,0.09490446001291275
230,85.48126983642578,117.72993469238281,0.9998433589935303,999.5348510742188,82.06951141357422,0.9999511241912842,89.85433197021484,1029.607421875,0.9998916387557983,1021.860595703125,1021.2597045898438,0.9995361566543579,339.09814453125,498.2696838378906,0.9967605471611023,333.2808837890625,611.8194580078125,0.9992893934249878,277.1485900878906,553.131103515625,0.9976896047592163,387.2863464355469,558.7965698242188,0.997574508190155,713.9243774414062,494.99346923828125,0.9981116056442261,753.6526489257812,713.9627685546875,0.9998186230659485,685.295166015625,593.62158203125,0.9960415363311768,782.068359375,561.8174438476562,0.9977366924285889,484.8965148925781,984.0391845703125,0.6196452379226685,539.5804443359375,978.2288818359375,0.369634747505188,571.4762573242188,961.3950805664062,0.6168802380561829,760.1388549804688,898.3638916015625,0.8928804993629456,636.1419677734375,999.33740234375,0.554751992225647,870.4415283203125,887.1610107421875,0.7742440104484558,877.8560180664062,880.4556274414062,0.38271981477737427,647.3716430664062,993.2733764648438,0.4702172577381134,899.4768676757812,803.71435546875,0.9188900589942932,1020.3123168945312,587.6624145507812,0.33625081181526184,961.3562622070312,514.0774536132812,0.5107889175415039
231,85.17167663574219,114.60395812988281,0.9998499155044556,999.8743896484375,81.16204833984375,0.9999344348907471,90.01089477539062,1030.064697265625,0.9998326301574707,1022.3724975585938,1021.4296264648438,0.999518871307373,337.6260070800781,498.2565002441406,0.9968085885047913,334.40350341796875,612.708251953125,0.9988055229187012,276.9332275390625,553.2572631835938,0.9976951479911804,387.3167419433594,557.15380859375,0.9978095889091492,715.0010986328125,494.241943359375,0.9977474808692932,754.675048828125,713.8883056640625,0.9998630285263062,685.5779418945312,592.1744995117188,0.9925510883331299,782.9254760742188,562.5474853515625,0.9931020736694336,429.61627197265625,977.4158325195312,0.9940151572227478,491.7921447753906,970.3951416015625,0.5856464505195618,521.0070190429688,962.740478515625,0.9740205407142639,669.2083740234375,924.9561767578125,0.5184725522994995,593.2960205078125,996.6886596679688,0.8586577773094177,547.6239624023438,909.61669921875,0.9639484286308289,786.2196655273438,919.5723876953125,0.4870181977748871,597.70947265625,992.12060546875,0.853095293045044,835.5000610351562,841.4170532226562,0.9057754278182983,940.60693359375,794.7440185546875,0.016584521159529686,947.406494140625,788.9887084960938,0.2755589783191681
232,84.23834228515625,116.23312377929688,0.9998903274536133,999.6846313476562,80.32736206054688,0.9999023675918579,88.92525482177734,1030.3121337890625,0.9999202489852905,1021.9228515625,1020.20166015625,0.9997492432594299,337.35528564453125,498.3038330078125,0.9975080490112305,333.03790283203125,612.732666015625,0.9992765784263611,276.831298828125,552.4061279296875,0.9987412095069885,386.3825378417969,558.3265380859375,0.9971049427986145,712.7139892578125,495.8078918457031,0.9983230233192444,753.9556274414062,714.6453247070312,0.9998576641082764,687.1729736328125,597.6486206054688,0.9947874546051025,781.5801391601562,565.3258666992188,0.9974328875541687,407.16448974609375,950.9872436523438,0.944916307926178,463.97113037109375,952.120849609375,0.9956650137901306,491.1463317871094,950.641357421875,0.9974851608276367,625.6044311523438,928.5023803710938,0.9737359881401062,537.4113159179688,998.0690307617188,0.08382246643304825,513.4629516601562,905.9685668945312,0.81477952003479,717.0868530273438,964.3413696289062,0.9801775217056274,554.7191162109375,991.7083740234375,0.9854530692100525,772.7892456054688,901.1485595703125,0.4397377073764801,855.6730346679688,861.501708984375,0.14999939501285553,914.295654296875,814.2437133789062,0.21565444767475128
233,86.40391540527344,117.84648132324219,0.9998955726623535,999.1634521484375,80.95197296142578,0.9999463558197021,89.79458618164062,1028.866455078125,0.999933123588562,1022.9305419921875,1021.218994140625,0.9996397495269775,337.6831970214844,498.3175964355469,0.9978225231170654,333.8634948730469,612.508544921875,0.9991043210029602,277.7329406738281,553.5482788085938,0.9981328845024109,386.3887939453125,558.7608032226562,0.9966124892234802,712.7970581054688,495.3445129394531,0.997035026550293,753.889892578125,713.9154052734375,0.9998587369918823,685.676513671875,594.7401123046875,0.994936466217041,780.9629516601562,565.0322875976562,0.9944756627082825,366.4478759765625,895.6489868164062,0.9946786165237427,427.2073669433594,917.0043334960938,0.9970574378967285,456.84228515625,925.3259887695312,0.9905842542648315,613.7947387695312,937.7612915039062,0.9837194681167603,482.185791015625,980.4654541015625,0.7525746822357178,497.5793762207031,893.8939819335938,0.9284875988960266,691.6165161132812,980.103271484375,0.9583181142807007,498.4747009277344,979.8650512695312,0.9355083703994751,758.1826782226562,917.909423828125,0.8623166084289551,919.6107177734375,789.5488891601562,0.004568609409034252,935.8046875,713.183837890625,0.43894410133361816
234,85.83405303955078,116.08208465576172,0.9999370574951172,998.962158203125,78.89253234863281,0.9999192953109741,89.98035430908203,1030.071044921875,0.9998691082000732,1022.5358276367188,1020.9332885742188,0.999528169631958,338.0689697265625,498.260498046875,0.996916651725769,333.17022705078125,612.5553588867188,0.998271107673645,277.7803649902344,553.8778686523438,0.9979507327079773,386.52728271484375,559.4429321289062,0.9981974959373474,711.9143676757812,497.4070739746094,0.9941298961639404,754.361572265625,714.4987182617188,0.9998196959495544,684.8248291015625,593.3519287109375,0.9923737645149231,782.1150512695312,563.4147338867188,0.9934585690498352,355.1896057128906,872.8573608398438,0.9970878958702087,406.2866516113281,897.035400390625,0.9613824486732483,424.226806640625,909.0187377929688,0.18204647302627563,571.5474853515625,945.2513427734375,0.9814291000366211,448.1856994628906,972.361083984375,0.2065400630235672,483.06317138671875,889.2197265625,0.430332213640213,488.0819396972656,882.4716186523438,0.9943986535072327,455.56304931640625,969.4740600585938,0.986967146396637,706.7778930664062,946.8590698242188,0.9981631636619568,818.5812377929688,947.65625,0.7614259123802185,880.93212890625,909.295166015625,0.9617104530334473
235,87.02392578125,118.88824462890625,0.9998931884765625,998.3109130859375,80.62456512451172,0.999972939491272,90.35110473632812,1029.9112548828125,0.9998828172683716,1020.8391723632812,1020.3175048828125,0.9996893405914307,336.9482421875,498.17437744140625,0.9967033267021179,334.36187744140625,613.2203369140625,0.9994688630104065,277.3489990234375,555.6766357421875,0.9968585968017578,386.5174865722656,558.7459106445312,0.9966233968734741,712.0167236328125,496.5772705078125,0.9946488738059998,755.3616333007812,715.037353515625,0.9998183846473694,685.6304931640625,590.8411865234375,0.9890444278717041,781.1131591796875,559.6743774414062,0.9869585633277893,357.2163391113281,865.1082153320312,0.9999226331710815,412.247802734375,888.03125,0.9885774850845337,437.8677978515625,900.10888671875,0.9881687760353088,568.1580810546875,944.6878051757812,0.9645513892173767,443.6475830078125,958.2362670898438,0.9306018352508545,484.1480407714844,879.2494506835938,0.8891131281852722,491.3216552734375,874.4213256835938,0.9430261254310608,452.5251770019531,956.5491943359375,0.4505632519721985,687.1776123046875,967.4471435546875,0.9932929277420044,836.891357421875,966.647705078125,0.02506464160978794,841.4139404296875,969.0756225585938,0.30153369903564453
236,86.12771606445312,115.63975524902344,0.9998667240142822,999.6793212890625,79.80690002441406,0.9998916387557983,89.71096801757812,1029.16552734375,0.9998729228973389,1023.7874755859375,1020.81689453125,0.9997448325157166,337.7003173828125,498.15216064453125,0.9970030188560486,333.03564453125,611.5601196289062,0.9993740916252136,277.7860412597656,553.770263671875,0.9985442161560059,387.09906005859375,558.5803833007812,0.9970665574073792,713.1541748046875,496.0693359375,0.9957889914512634,755.9129028320312,714.0628662109375,0.9998725652694702,685.6389770507812,590.1973266601562,0.9943895936012268,782.6167602539062,561.1912231445312,0.993235170841217,351.6835021972656,859.49658203125,0.9969417452812195,425.67059326171875,873.1627197265625,0.9807764887809753,454.7856140136719,883.5164184570312,0.9133675694465637,560.67236328125,930.9126586914062,0.9841474294662476,467.3687744140625,954.7809448242188,0.7827000617980957,497.830810546875,864.2000122070312,0.9845458269119263,601.4678955078125,992.2684936523438,0.9300742149353027,617.2501220703125,890.61083984375,0.469148725271225,683.298583984375,959.300537109375,0.9894679188728333,844.3670043945312,971.1116943359375,0.659950852394104,843.3759765625,975.9614868164062,0.246668741106987
237,85.45133209228516,117.4855728149414,0.9998992681503296,998.6173706054688,80.81941223144531,0.999956488609314,89.77021789550781,1029.470458984375,0.9998950958251953,1023.6103515625,1021.0562133789062,0.9996790885925293,338.6210632324219,498.634765625,0.996894121170044,333.0548095703125,612.072998046875,0.9993656277656555,277.6034851074219,553.873046875,0.9982969164848328,386.6961975097656,559.7041015625,0.9975086450576782,712.7242431640625,496.0433349609375,0.9927339553833008,755.7338256835938,713.8222045898438,0.9998823404312134,685.1085815429688,590.7775268554688,0.9922882914543152,781.4899291992188,561.177978515625,0.990436851978302,352.2012023925781,860.0617065429688,0.9980878233909607,425.85736083984375,871.9541625976562,0.9955329895019531,461.10870361328125,878.6635131835938,0.7851802706718445,547.862548828125,913.9891967773438,0.9954113364219666,465.7340087890625,940.2799682617188,0.8268147110939026,494.57379150390625,851.3859252929688,0.9524673819541931,588.0715942382812,982.04150390625,0.9465122818946838,639.056884765625,890.6160888671875,0.7643956542015076,672.4564208984375,947.4661254882812,0.9885998964309692,766.268310546875,982.5331420898438,0.4188300371170044,858.6712036132812,982.8529663085938,0.6826030611991882
238,86.12145233154297,118.00698852539062,0.9998382329940796,998.690673828125,79.92410278320312,0.9999487400054932,91.07195281982422,1028.720458984375,0.9999047517776489,1021.7451171875,1020.2738037109375,0.9996875524520874,337.414306640625,497.97601318359375,0.9943623542785645,333.21636962890625,612.039794921875,0.9993865489959717,277.4465026855469,553.69873046875,0.9978698492050171,386.1420593261719,557.759033203125,0.9961710572242737,713.1910400390625,495.83074951171875,0.9957504272460938,753.3008422851562,712.47802734375,0.9997929930686951,686.625244140625,592.1578369140625,0.9858028888702393,782.1343994140625,565.7200927734375,0.991986870765686,343.10931396484375,857.7619018554688,0.9983394145965576,426.9844970703125,879.2426147460938,0.989995002746582,461.2543029785156,884.6837158203125,0.9177564978599548,552.7122802734375,916.941650390625,0.9657254219055176,467.2113037109375,942.2281494140625,0.6749942898750305,489.3197937011719,851.6806640625,0.7225262522697449,586.2664184570312,974.0042724609375,0.9622147083282471,631.1701049804688,895.4373779296875,0.7912871837615967,670.340087890625,947.499755859375,0.9815195798873901,754.0005493164062,975.3578491210938,0.9695836305618286,952.0052490234375,885.2860717773438,0.9980796575546265
239,86.38552856445312,117.34658813476562,0.999901294708252,998.9440307617188,78.08879089355469,0.999946117401123,90.37999725341797,1028.9268798828125,0.9999097585678101,1025.0924072265625,1020.5104370117188,0.9998358488082886,337.4776306152344,498.0002746582031,0.9954537153244019,333.2244873046875,611.8595581054688,0.9992873072624207,276.8456726074219,553.4443969726562,0.9985060691833496,387.20843505859375,557.9127807617188,0.9978938698768616,712.8875122070312,496.4415588378906,0.9949644804000854,753.0709228515625,713.8553466796875,0.9997854828834534,686.74609375,591.96728515625,0.9885795712471008,780.0911254882812,569.0581665039062,0.9888346791267395,346.2498474121094,864.0406494140625,0.9813458323478699,435.8289794921875,887.8368530273438,0.9884926080703735,470.0416564941406,890.9697875976562,0.9750961661338806,560.3171997070312,916.5462036132812,0.9651364684104919,470.9768981933594,939.7830200195312,0.9365440011024475,518.4170532226562,862.1425170898438,0.743777871131897,613.6021728515625,982.1078491210938,0.6045690178871155,608.0048217773438,873.3341674804688,0.793630063533783,671.179443359375,944.8973388671875,0.9819961786270142,837.9886474609375,966.783203125,0.37172672152519226,947.65576171875,889.4512329101562,0.9954833984375
240,85.3196029663086,116.4116439819336,0.9998805522918701,998.5385131835938,78.435791015625,0.9999405145645142,89.61002349853516,1029.43408203125,0.9998575448989868,1024.4495849609375,1020.2940673828125,0.9998818635940552,338.6286315917969,497.1923828125,0.9949076771736145,333.3276672363281,611.9144287109375,0.9994687438011169,277.48248291015625,553.303466796875,0.9982743263244629,387.83001708984375,557.6758422851562,0.998392641544342,714.4277954101562,495.9547424316406,0.9978222846984863,754.7124633789062,715.4099731445312,0.9998712539672852,685.1649169921875,593.439208984375,0.9936834573745728,780.060546875,569.0423583984375,0.9879865050315857,356.0408020019531,885.5795288085938,0.9968360662460327,436.2281494140625,895.4024658203125,0.9262905120849609,477.0426025390625,898.286865234375,0.9750967621803284,566.7532348632812,920.5484619140625,0.9083324074745178,487.16290283203125,944.3124389648438,0.8484871983528137,521.2771606445312,862.6240844726562,0.8086167573928833,583.2894287109375,978.5839233398438,0.47023844718933105,622.08349609375,883.406494140625,0.11892478168010712,666.9265747070312,946.8994140625,0.769682765007019,776.2153930664062,971.2069091796875,0.6598209142684937,950.8136596679688,889.6722412109375,0.9973621964454651
241,85.5408706665039,118.65560913085938,0.999797523021698,998.6481323242188,81.07675170898438,0.9999371767044067,89.40963745117188,1030.1378173828125,0.9998843669891357,1022.1763916015625,1019.1737060546875,0.9997376799583435,336.2085876464844,497.53167724609375,0.993938684463501,334.15936279296875,612.002197265625,0.9987924098968506,277.3181457519531,555.040283203125,0.9973733425140381,388.20404052734375,558.3756713867188,0.9938712120056152,711.804931640625,496.8984375,0.9979477524757385,755.075439453125,715.5009155273438,0.9997914433479309,685.3078002929688,597.15283203125,0.982291579246521,778.4404296875,566.7802734375,0.9950054287910461,360.0903625488281,916.259033203125,0.971470296382904,394.2929382324219,911.8021850585938,0.8885828852653503,483.2327880859375,902.5318603515625,0.9656210541725159,572.14697265625,924.3897705078125,0.261095255613327,502.9714050292969,945.91552734375,0.603579580783844,539.8941650390625,863.4002075195312,0.2857418954372406,615.8373413085938,974.7882690429688,0.8725473880767822,615.9342041015625,874.8018188476562,0.9267959594726562,678.8104248046875,948.6934204101562,0.9708138108253479,851.7042846679688,969.2144775390625,0.8346195220947266,852.2274169921875,976.3614501953125,0.5239382386207581
242,85.10356140136719,118.83322143554688,0.9995629191398621,999.4375,80.53006744384766,0.9997983574867249,89.6998062133789,1029.711181640625,0.9997952580451965,1023.0115356445312,1020.0864868164062,0.9993168115615845,338.0516052246094,498.1407470703125,0.9961115717887878,333.6333312988281,611.623779296875,0.9986225366592407,276.7767333984375,553.7935180664062,0.9964168071746826,387.7729797363281,558.1023559570312,0.9970276951789856,710.969970703125,496.8541259765625,0.9975782036781311,754.7804565429688,715.130859375,0.999853253364563,685.8285522460938,595.7623901367188,0.9957014918327332,781.364013671875,566.72412109375,0.9927761554718018,367.45721435546875,933.3023681640625,0.8525975942611694,457.5732116699219,929.37890625,0.8467405438423157,492.0498962402344,925.7755737304688,0.9763492345809937,577.306640625,913.8910522460938,0.12473392486572266,490.0265808105469,975.482421875,0.3112469017505646,466.706787109375,866.3107299804688,0.9784908294677734,616.0462646484375,971.884033203125,0.3611384630203247,624.6511840820312,870.3016967773438,0.6324329376220703,674.5180053710938,945.3720703125,0.9859954714775085,854.8068237304688,969.164794921875,0.5955383777618408,946.7684326171875,916.7196044921875,0.9312074184417725
243,86.33511352539062,117.21532440185547,0.9998846054077148,997.9676513671875,78.28266906738281,0.9999430179595947,88.97852325439453,1029.2568359375,0.9998237490653992,1024.3231201171875,1019.8861083984375,0.9997541308403015,335.2754821777344,498.27294921875,0.9941511750221252,335.7552490234375,610.9700317382812,0.9979075193405151,276.42626953125,557.131591796875,0.9976734519004822,387.7326965332031,556.3749389648438,0.9985907673835754,711.4020385742188,496.4472351074219,0.9981885552406311,754.8893432617188,715.2610473632812,0.9997809529304504,687.2384643554688,596.830810546875,0.9910345673561096,776.8687744140625,570.1179809570312,0.9955963492393494,391.4439392089844,957.9486083984375,0.8354600667953491,469.25238037109375,937.4882202148438,0.6782263517379761,511.77227783203125,930.4549560546875,0.936344563961029,581.4796752929688,911.5530395507812,0.41823941469192505,540.959716796875,967.8350830078125,0.3159516155719757,552.18798828125,856.9918823242188,0.0938115268945694,605.0917358398438,963.52490234375,0.5921640396118164,618.4076538085938,871.6612548828125,0.5867291688919067,666.4701538085938,923.4578247070312,0.9853174090385437,822.2896728515625,946.4337158203125,0.8785185217857361,930.8973999023438,927.1795043945312,0.0277476254850626
244,86.48322296142578,117.74906921386719,0.9998815059661865,998.441650390625,82.74105834960938,0.9999758005142212,90.08506774902344,1029.613037109375,0.9998964071273804,1021.2393188476562,1021.8904418945312,0.9993871450424194,336.240966796875,497.9778747558594,0.9955333471298218,334.483154296875,611.5235595703125,0.9984925985336304,276.79705810546875,554.858642578125,0.9965484738349915,387.1127014160156,557.3292236328125,0.997967541217804,708.9082641601562,498.17218017578125,0.9994872808456421,755.2911376953125,715.0716552734375,0.9998408555984497,686.9854736328125,597.02001953125,0.99382483959198,777.8408203125,569.6377563476562,0.9959120750427246,408.2581787109375,974.2564697265625,0.9693195819854736,482.1915588378906,949.6771240234375,0.9821540117263794,517.31005859375,942.2998046875,0.9892696738243103,557.7042236328125,936.6449584960938,0.22744761407375336,545.8960571289062,984.6618041992188,0.8895744681358337,505.9030456542969,871.89990234375,0.14996246993541718,584.6617431640625,958.1325073242188,0.29546138644218445,600.646240234375,874.283447265625,0.6056888103485107,653.4983520507812,928.85009765625,0.5877875685691833,807.7821655273438,939.0076904296875,0.9224016070365906,948.83056640625,915.3005981445312,0.8991444110870361
245,86.00396728515625,116.20854949951172,0.9995180368423462,999.9982299804688,80.56858825683594,0.9996206760406494,90.4516830444336,1030.052734375,0.9998735189437866,1025.8065185546875,1021.7337036132812,0.9997369647026062,335.15740966796875,497.9051208496094,0.9972200393676758,335.3139343261719,612.0060424804688,0.9989026784896851,276.31988525390625,555.5372924804688,0.9983434677124023,387.5838623046875,556.7491455078125,0.9981583952903748,708.22119140625,497.29229736328125,0.9978335499763489,754.9825439453125,713.323486328125,0.9997420907020569,686.7747802734375,595.225830078125,0.9946523904800415,779.0149536132812,564.7189331054688,0.9691721796989441,408.5587158203125,978.23974609375,0.839194118976593,511.0369567871094,949.2180786132812,0.9907742142677307,527.5993041992188,938.3754272460938,0.9753111004829407,583.5874633789062,944.6152954101562,0.11059242486953735,558.8515014648438,980.6806640625,0.8749279379844666,433.9131774902344,902.6578369140625,0.6345586776733398,616.55810546875,970.299560546875,0.2856673002243042,581.5034790039062,857.2088623046875,0.38071730732917786,667.1570434570312,923.8222045898438,0.9589651226997375,854.9285278320312,943.1529541015625,0.8782603740692139,451.52801513671875,1033.5882568359375,0.06026162579655647
246,85.3931884765625,117.89521789550781,0.9997566342353821,1000.1424560546875,77.77184295654297,0.9997184872627258,90.07640838623047,1029.34423828125,0.9998290538787842,1023.4970703125,1022.5362548828125,0.999339759349823,337.8385314941406,498.4306945800781,0.9972410202026367,333.62127685546875,612.5574951171875,0.9988980293273926,277.0837707519531,553.9393310546875,0.9976693987846375,386.6434020996094,559.683837890625,0.9981608986854553,705.943115234375,497.8800048828125,0.9966617822647095,753.838134765625,713.459716796875,0.999738872051239,686.7464599609375,596.37744140625,0.9946064352989197,781.0767211914062,562.1959838867188,0.9765419960021973,398.3692321777344,992.5536499023438,0.26362407207489014,516.3270874023438,945.4014892578125,0.9512898325920105,535.8330078125,938.986328125,0.9416025280952454,598.0849609375,932.5590209960938,0.5474317669868469,559.626708984375,986.7608032226562,0.8593157529830933,444.1845397949219,918.1226806640625,0.6460590958595276,614.90283203125,976.0867919921875,0.2941914200782776,597.9503173828125,875.2308959960938,0.403989315032959,671.5777587890625,925.1928100585938,0.979082465171814,851.762939453125,941.084716796875,0.7800184488296509,463.385498046875,1032.0389404296875,0.07635951042175293
247,85.03173065185547,117.07466888427734,0.9992903470993042,999.5055541992188,77.65404510498047,0.99993896484375,89.95655822753906,1030.159423828125,0.9999009370803833,1024.7576904296875,1022.0737915039062,0.9996589422225952,337.21185302734375,498.0154724121094,0.9956883788108826,334.0909729003906,613.115234375,0.9988539218902588,277.2891845703125,553.412109375,0.9981639981269836,387.1105651855469,558.6421508789062,0.997580885887146,711.4698486328125,496.9743957519531,0.9898908138275146,753.193115234375,713.977294921875,0.9997795224189758,684.9193115234375,589.611328125,0.9939045310020447,783.5882568359375,554.5692138671875,0.91912442445755,411.0034484863281,990.9686279296875,0.2053496241569519,519.1643676757812,953.40087890625,0.7486554384231567,533.9055786132812,952.9984741210938,0.9793845415115356,468.0227966308594,976.5736083984375,0.16552631556987762,506.00830078125,1002.523193359375,0.8400786519050598,468.12286376953125,911.1529541015625,0.6322656273841858,575.5042114257812,859.7752685546875,0.05158162862062454,543.4254150390625,850.8163452148438,0.038687583059072495,670.9653930664062,925.7048950195312,0.6011238098144531,862.9275512695312,940.8663940429688,0.9819720387458801,934.0855712890625,925.5144653320312,0.16954073309898376
248,85.6456069946289,116.99751281738281,0.9997590184211731,998.7894897460938,78.09378814697266,0.9999173879623413,89.34300231933594,1028.7894287109375,0.9998842477798462,1024.0120849609375,1020.6468505859375,0.9996765851974487,337.026611328125,498.1511535644531,0.996311604976654,333.2799072265625,612.3714599609375,0.9992983341217041,277.1322937011719,553.56787109375,0.9986683130264282,387.57537841796875,557.8814086914062,0.9975927472114563,711.5275268554688,496.07281494140625,0.9935922026634216,753.849365234375,714.182373046875,0.9998472929000854,685.2945556640625,594.9782104492188,0.9948254823684692,783.5104370117188,561.99365234375,0.9698202610015869,494.644287109375,878.613037109375,0.12821732461452484,513.6680908203125,957.7821044921875,0.5997918248176575,534.0813598632812,952.9647216796875,0.595125675201416,600.1446533203125,913.0056762695312,0.632662832736969,567.8864135742188,977.3284912109375,0.6109086871147156,456.21929931640625,924.9854125976562,0.7314455509185791,609.4194946289062,971.5501708984375,0.16258327662944794,611.0179443359375,873.1399536132812,0.15704409778118134,671.8843383789062,924.1084594726562,0.9935038685798645,861.556396484375,938.728271484375,0.5842345356941223,934.1349487304688,948.313232421875,0.06270451098680496
249,85.88887786865234,117.8308334350586,0.9998314380645752,999.4274291992188,79.40125274658203,0.9999141693115234,90.34260559082031,1029.4713134765625,0.9999009370803833,1023.9125366210938,1020.9361572265625,0.9995008707046509,334.56561279296875,498.9683532714844,0.9971984624862671,334.506103515625,611.6704711914062,0.9990948438644409,277.0693054199219,556.2679443359375,0.998175859451294,387.60882568359375,556.7262573242188,0.9979121088981628,710.5413208007812,496.5090637207031,0.9898045063018799,753.8809814453125,714.7695922851562,0.9997794032096863,685.7489624023438,589.9076538085938,0.9960654377937317,783.12451171875,558.2662353515625,0.9296993017196655,495.5234680175781,878.9627075195312,0.06647437810897827,523.111328125,976.0753173828125,0.27863818407058716,540.067138671875,958.1995239257812,0.900570809841156,590.59130859375,909.0709228515625,0.38963067531585693,577.6156005859375,956.972900390625,0.03583245351910591,466.4040832519531,938.4468383789062,0.26166778802871704,462.0413513183594,937.382568359375,0.6546533703804016,617.3734130859375,872.277587890625,0.16357994079589844,672.2897338867188,920.3820190429688,0.9899214506149292,861.8314819335938,938.3064575195312,0.8750157356262207,910.6437377929688,934.2828979492188,0.1248667761683464
250,86.4205093383789,117.5096664428711,0.9998440742492676,998.9175415039062,78.76593780517578,0.9998635053634644,90.41938018798828,1030.06103515625,0.9999212026596069,1022.3961791992188,1021.8809814453125,0.9991927742958069,335.9694519042969,498.11279296875,0.9954928159713745,333.2833251953125,612.3042602539062,0.9987879395484924,277.3311462402344,553.348876953125,0.9989892840385437,386.8843994140625,557.8875122070312,0.9976822137832642,709.62646484375,496.6094970703125,0.9974937438964844,752.9169921875,714.0476684570312,0.9998200535774231,686.4156494140625,594.6375732421875,0.993162989616394,782.596923828125,555.9275512695312,0.9789693355560303,488.13848876953125,1013.9234619140625,0.20060427486896515,524.8477172851562,973.1822509765625,0.6986571550369263,552.4681396484375,958.71142578125,0.2803805470466614,593.5308837890625,907.9488525390625,0.3835664689540863,573.4751586914062,911.7560424804688,0.20490597188472748,466.4417419433594,966.3505859375,0.2465077042579651,589.5425415039062,957.965576171875,0.11073774099349976,579.6746215820312,908.8089599609375,0.4281623363494873,659.6721801757812,926.1109619140625,0.6990576386451721,728.1686401367188,924.1289672851562,0.599409818649292,911.1788330078125,931.7186889648438,0.18811509013175964
251,85.56421661376953,115.7380142211914,0.9998869895935059,998.7238159179688,81.59820556640625,0.9999141693115234,90.0039291381836,1028.57958984375,0.9998069405555725,1023.7210693359375,1020.8984375,0.999447762966156,336.08575439453125,498.16357421875,0.9935408234596252,333.40521240234375,612.1231079101562,0.9984936714172363,277.6449890136719,553.7130126953125,0.9986470341682434,387.7794494628906,558.5733642578125,0.9973155856132507,709.1622314453125,496.54034423828125,0.9849091172218323,754.2241821289062,714.2425537109375,0.9997672438621521,686.996826171875,594.1666870117188,0.9951444268226624,781.380126953125,559.7957763671875,0.9734339714050293,506.611083984375,995.8119506835938,0.16772252321243286,522.5321044921875,951.1622314453125,0.3022269010543823,517.26904296875,923.6146850585938,0.7042669653892517,600.5435791015625,918.7210083007812,0.8157360553741455,577.1303100585938,912.1653442382812,0.5429774522781372,465.4421691894531,987.1177368164062,0.454595685005188,608.4530029296875,952.30322265625,0.47234609723091125,580.1991577148438,910.0653076171875,0.26015499234199524,671.293701171875,923.8307495117188,0.10978954285383224,897.8916015625,933.947265625,0.8432432413101196,903.889892578125,931.448974609375,0.3279394805431366
252,86.02891540527344,118.21844482421875,0.9999303817749023,998.6564331054688,77.16768646240234,0.9998513460159302,88.53972625732422,1029.593017578125,0.9998722076416016,1023.1585693359375,1020.9324340820312,0.999188244342804,335.15380859375,498.6917419433594,0.9976643323898315,333.6385498046875,611.91064453125,0.9989847540855408,277.63787841796875,553.428955078125,0.9989427924156189,386.26806640625,556.7749633789062,0.9979154467582703,710.81494140625,495.87664794921875,0.9915498495101929,753.7202758789062,711.9387817382812,0.9998007416725159,685.8209838867188,595.25244140625,0.9934305548667908,781.3159790039062,564.2347412109375,0.9895463585853577,523.5598754882812,992.3612670898438,0.05398925766348839,527.2160034179688,969.3365478515625,0.29549703001976013,523.2882690429688,940.5388793945312,0.49838197231292725,520.5753784179688,909.8516235351562,0.2979045510292053,578.8326416015625,912.5592041015625,0.6215541958808899,469.77349853515625,991.5372314453125,0.334637314081192,602.4974365234375,869.7774658203125,0.07400767505168915,582.393798828125,910.3734130859375,0.8600931167602539,656.3264770507812,925.0657348632812,0.3309262692928314,896.6109008789062,934.3983764648438,0.9240745306015015,904.1064453125,931.8606567382812,0.2932242751121521
253,86.6004638671875,119.12799835205078,0.9997932314872742,998.742431640625,80.76251983642578,0.9999195337295532,89.45091247558594,1028.8782958984375,0.999925971031189,1022.4215698242188,1022.541748046875,0.9987180233001709,334.7881774902344,498.1476135253906,0.9981383085250854,334.5185241699219,612.4606323242188,0.9989684820175171,277.6288146972656,553.7069091796875,0.9990512728691101,387.2917785644531,555.4967651367188,0.9978277087211609,710.5411376953125,495.7237243652344,0.9886947274208069,752.9410400390625,713.2947998046875,0.9998326301574707,685.1798095703125,595.480224609375,0.9892260432243347,782.83740234375,561.3768920898438,0.9878402352333069,599.4307250976562,860.78271484375,0.00792698748409748,497.4104919433594,958.0740966796875,0.016946161165833473,498.7760925292969,960.9768676757812,0.033396683633327484,510.2289123535156,965.1787109375,0.10254496335983276,569.725830078125,894.060791015625,0.3409845232963562,469.13031005859375,967.9886474609375,0.07044392824172974,578.6702880859375,886.2161865234375,0.1328772008419037,570.9003295898438,890.0350341796875,0.6225746273994446,603.5049438476562,976.0960083007812,0.189350426197052,717.9092407226562,925.9522705078125,0.8759347200393677,903.8739013671875,931.7239379882812,0.36912253499031067
254,86.65803527832031,117.05752563476562,0.9998363256454468,999.7098388671875,82.02497100830078,0.9998821020126343,89.48117065429688,1030.0745849609375,0.999869704246521,1021.4156494140625,1021.4239501953125,0.9987232089042664,335.3433837890625,498.5617980957031,0.9983903169631958,334.0567626953125,611.3551635742188,0.9989402890205383,277.43194580078125,553.6010131835938,0.9984563589096069,386.9737243652344,557.1323852539062,0.9984466433525085,710.2979125976562,495.93914794921875,0.9925820827484131,753.2716064453125,713.9058837890625,0.9997816681861877,687.2677001953125,596.127197265625,0.9974207878112793,782.9025268554688,563.4738159179688,0.9937710165977478,582.7442626953125,986.6655883789062,0.43100565671920776,577.060302734375,973.1823120117188,0.12915678322315216,567.5242919921875,957.5703735351562,0.6513268351554871,593.10791015625,916.6417846679688,0.059673238545656204,568.4022216796875,896.6099243164062,0.27133142948150635,483.8820495605469,923.6130981445312,0.5271652936935425,544.4782104492188,897.4530029296875,0.17463921010494232,570.5618286132812,892.5161743164062,0.02612169086933136,669.9371948242188,926.3258666992188,0.9351784586906433,888.7041015625,931.7867431640625,0.7794822454452515,915.1207885742188,934.506591796875,0.5850363373756409
255,86.72269439697266,115.59864807128906,0.9996938705444336,997.9554443359375,79.39274597167969,0.9998726844787598,89.2434310913086,1028.273681640625,0.9998792409896851,1022.7794189453125,1022.9741821289062,0.9989663362503052,335.41729736328125,498.47174072265625,0.997706413269043,333.6053771972656,612.2621459960938,0.9993637204170227,277.3522033691406,553.610107421875,0.9988831877708435,387.16748046875,556.7734985351562,0.9988610744476318,710.8048095703125,495.9935607910156,0.9855711460113525,753.7579956054688,713.790771484375,0.9996451139450073,686.8062744140625,593.2680053710938,0.9961206316947937,782.7704467773438,560.7484741210938,0.985158383846283,460.6451416015625,827.14111328125,0.11040043830871582,467.84112548828125,845.224609375,0.4318705201148987,476.0708923339844,862.7371215820312,0.45658689737319946,556.2716064453125,933.1449584960938,0.3634495735168457,459.8653259277344,888.02001953125,0.32284533977508545,503.1808166503906,856.4551391601562,0.21381253004074097,492.2709655761719,965.9328002929688,0.871995747089386,594.9628295898438,885.6377563476562,0.303788423538208,667.2715454101562,921.9005126953125,0.9941428303718567,893.203125,929.7637939453125,0.9356482028961182,907.303955078125,931.664794921875,0.4677051901817322
256,86.08003234863281,115.35191345214844,0.999839186668396,999.2606811523438,80.21248626708984,0.9999004602432251,89.42914581298828,1028.7252197265625,0.9999208450317383,1022.4254150390625,1021.94970703125,0.9992498755455017,336.6186218261719,498.1452331542969,0.9976258873939514,333.157958984375,612.3432006835938,0.999466598033905,277.0948791503906,553.9760131835938,0.9985384941101074,386.79888916015625,557.53076171875,0.998015284538269,707.2312622070312,498.0982666015625,0.9892431497573853,754.3729858398438,714.2593383789062,0.99982750415802,686.5338745117188,597.2111206054688,0.9956268072128296,783.7257690429688,567.4804077148438,0.9451673626899719,437.7484130859375,776.5470581054688,0.05134008079767227,441.9419250488281,778.2591552734375,0.5801931619644165,455.4934997558594,808.2752075195312,0.1662590652704239,539.32666015625,920.8734130859375,0.9456509947776794,440.5503234863281,844.9326171875,0.8858222961425781,489.41705322265625,809.5855102539062,0.41181236505508423,541.19677734375,977.8678588867188,0.9681435823440552,605.4848022460938,891.6788940429688,0.40851327776908875,667.19873046875,926.6300048828125,0.9968363046646118,811.0844116210938,921.1387939453125,0.6499960422515869,906.1837768554688,930.361328125,0.9520620107650757
257,84.30712890625,119.01082611083984,0.9998501539230347,1000.3856811523438,77.421630859375,0.9998682737350464,89.86611938476562,1030.054931640625,0.9998974800109863,1023.21044921875,1022.1781005859375,0.9994179010391235,336.53729248046875,497.8272705078125,0.9965782761573792,332.8531494140625,612.0120849609375,0.9995366334915161,277.3367004394531,555.8436279296875,0.9979290962219238,387.11578369140625,558.6685180664062,0.9980327486991882,715.8868408203125,495.4878234863281,0.9936555624008179,753.5113525390625,713.981201171875,0.9998025298118591,683.48193359375,589.3214721679688,0.9959296584129333,783.0944213867188,565.4468994140625,0.9904258847236633,461.027099609375,725.3081665039062,0.9761910438537598,463.9876403808594,743.1149291992188,0.4417057931423187,493.0787658691406,810.26416015625,0.7788879871368408,541.328857421875,897.8036499023438,0.9638868570327759,465.5478210449219,874.1766967773438,0.07970752567052841,533.47802734375,816.5479736328125,0.9789842963218689,532.4224243164062,958.23583984375,0.8945706486701965,614.8709106445312,886.7452392578125,0.9927231669425964,664.7188720703125,938.9722900390625,0.9818016886711121,815.965576171875,918.6480102539062,0.3363589942455292,813.1485595703125,916.6779174804688,0.7001373767852783
258,84.83830261230469,114.66905212402344,0.9995325803756714,998.9002075195312,81.60147857666016,0.9998830556869507,90.4364013671875,1028.9461669921875,0.9999251365661621,1022.260986328125,1021.5324096679688,0.9993399977684021,335.4625244140625,497.6152648925781,0.9966639876365662,333.608154296875,612.6314086914062,0.9988357424736023,277.1405944824219,555.833251953125,0.9962990880012512,386.9296875,557.0252685546875,0.9984295964241028,714.1277465820312,495.8992919921875,0.9962527751922607,753.0186767578125,712.6488037109375,0.9997426867485046,685.1415405273438,593.6124877929688,0.9904277324676514,780.95166015625,568.9722900390625,0.9913109540939331,471.7898864746094,669.19970703125,0.48702362179756165,480.4971618652344,677.8622436523438,0.9823032021522522,486.65069580078125,709.3516845703125,0.8856321573257446,539.07958984375,881.62060546875,0.9919978976249695,469.1191101074219,836.4033813476562,0.26760339736938477,543.0388793945312,778.8585815429688,0.951166033744812,520.1334228515625,956.0615844726562,0.9790440201759338,622.1045532226562,893.820068359375,0.9921364784240723,676.071533203125,931.7169189453125,0.9957706332206726,794.9547729492188,910.4725952148438,0.8956112861633301,922.2633056640625,933.9130859375,0.8899610042572021
259,83.50251770019531,118.24047088623047,0.9992175102233887,998.7266235351562,77.85989379882812,0.9999234676361084,89.89238739013672,1027.8629150390625,0.999923825263977,1022.0377807617188,1020.8245849609375,0.999619722366333,335.5731201171875,497.3306884765625,0.9954051971435547,333.15399169921875,612.2665405273438,0.9996720552444458,277.7342529296875,553.9461059570312,0.9977037310600281,387.209716796875,558.1104125976562,0.9982366561889648,716.34423828125,494.81646728515625,0.993848979473114,752.7734985351562,712.9315185546875,0.9996261596679688,687.278564453125,591.960205078125,0.9910262227058411,781.498046875,566.967529296875,0.9899729490280151,505.70306396484375,655.99853515625,0.24104264378547668,512.9833374023438,699.0374145507812,0.14830440282821655,513.0006103515625,716.561767578125,0.6706548929214478,539.7932739257812,855.2216796875,0.9259358048439026,474.3895263671875,795.2606201171875,0.6928578615188599,558.2689208984375,760.9566650390625,0.9838787317276001,514.886962890625,949.29443359375,0.9571899771690369,625.32470703125,887.418212890625,0.988378643989563,664.5401611328125,940.124267578125,0.9705838561058044,781.6780395507812,914.6255493164062,0.9195431470870972,906.7022094726562,929.5276489257812,0.9409330487251282
260,84.3955307006836,116.870361328125,0.9999300241470337,999.4265747070312,77.76902770996094,0.9998612403869629,89.48135375976562,1030.2886962890625,0.9998947381973267,1022.7775268554688,1021.321533203125,0.9994658827781677,335.2101135253906,497.46453857421875,0.9964101910591125,333.31683349609375,611.46923828125,0.9994509816169739,277.2654113769531,554.2030029296875,0.996777355670929,387.010009765625,555.32568359375,0.9989016056060791,716.524658203125,495.7649230957031,0.9946585297584534,754.2994384765625,712.85693359375,0.9995549321174622,688.2081298828125,591.7861938476562,0.9918158650398254,781.8347778320312,565.9815063476562,0.9895892143249512,521.8428955078125,596.059326171875,0.18495377898216248,525.7962646484375,617.371826171875,0.4282482862472534,535.0046997070312,635.9855346679688,0.8220384120941162,538.5399169921875,827.2955322265625,0.881118655204773,616.422607421875,866.3162231445312,0.8947678804397583,579.3768310546875,715.3417358398438,0.28025883436203003,524.8617553710938,940.3668212890625,0.7764801979064941,618.9464721679688,874.9300537109375,0.9478034973144531,634.5814819335938,958.94287109375,0.949616014957428,717.0906372070312,939.7312622070312,0.5529271364212036,810.7540283203125,924.4949951171875,0.24937772750854492
261,85.05767059326172,116.05804443359375,0.9998540878295898,999.23583984375,79.388671875,0.9999189376831055,89.03621673583984,1029.6702880859375,0.9999192953109741,1024.894775390625,1020.8428955078125,0.9997683167457581,335.3547058105469,497.9024658203125,0.9957655668258667,333.5242614746094,611.9779052734375,0.9994057416915894,277.5642395019531,555.2976684570312,0.9969485402107239,386.25152587890625,554.4663696289062,0.9951879978179932,715.7926025390625,495.7803039550781,0.9951727986335754,753.9733276367188,712.1823120117188,0.9996241331100464,686.68115234375,591.8357543945312,0.9927868247032166,782.1122436523438,565.9124145507812,0.9822372794151306,459.3248291015625,564.3452758789062,0.8840197324752808,509.51239013671875,596.4981079101562,0.9271592497825623,521.7929077148438,620.561279296875,0.9905771017074585,553.146240234375,787.9591064453125,0.8251782655715942,488.320068359375,675.7972412109375,0.9751673340797424,579.3887329101562,655.4841918945312,0.958409309387207,510.03564453125,910.4619750976562,0.8672734498977661,610.6741943359375,854.7484741210938,0.8314772844314575,603.0848388671875,941.2395629882812,0.9941055774688721,832.7177124023438,970.8015747070312,0.5718273520469666,847.46142578125,975.894287109375,0.5149759650230408
262,85.24745178222656,117.56959533691406,0.9997729659080505,998.4696655273438,77.20551300048828,0.9999260902404785,88.87321472167969,1030.3209228515625,0.9998561143875122,1022.0062866210938,1021.7945556640625,0.9995076656341553,335.73321533203125,497.65557861328125,0.9958688020706177,332.9717712402344,611.9832763671875,0.9991036057472229,277.14501953125,553.8377075195312,0.9984951019287109,387.1737365722656,553.5350341796875,0.9974556565284729,715.3413696289062,495.28167724609375,0.9953107237815857,753.4155883789062,711.5996704101562,0.999739944934845,688.2263793945312,593.1738891601562,0.9961004257202148,781.2839965820312,567.0520629882812,0.9904166460037231,430.6247253417969,575.0618896484375,0.9629802703857422,479.6471252441406,603.5098876953125,0.996319055557251,498.2149353027344,628.1778564453125,0.9969207048416138,548.1389770507812,769.288818359375,0.9112364649772644,480.45623779296875,701.186279296875,0.9704992175102234,566.2197875976562,650.082275390625,0.8098233938217163,504.3645324707031,842.228515625,0.869675874710083,613.432373046875,804.4735717773438,0.8238784074783325,591.359130859375,916.6507568359375,0.9985706806182861,727.6947021484375,984.130859375,0.644692599773407,834.6672973632812,1003.28857421875,0.6829399466514587
263,86.31281280517578,119.24044799804688,0.9998089671134949,997.947021484375,78.04322052001953,0.9998927116394043,89.78662872314453,1029.04541015625,0.9999145269393921,1021.5157470703125,1020.2328491210938,0.9991130232810974,335.1356201171875,498.75201416015625,0.9969401359558105,331.5724792480469,611.5079956054688,0.9993380904197693,277.0978088378906,555.7633056640625,0.9975760579109192,385.93865966796875,549.68505859375,0.9997308850288391,720.2927856445312,494.0863342285156,0.9916530251502991,753.6552734375,712.4261474609375,0.9997369647026062,685.6195678710938,592.6925048828125,0.9890937805175781,781.8289794921875,568.9570922851562,0.9847807884216309,409.5914001464844,586.8863525390625,0.9961077570915222,461.7994079589844,619.0919189453125,0.9810469746589661,485.4902648925781,638.7298583984375,0.9780797958374023,546.2918090820312,751.846923828125,0.9962538480758667,463.65142822265625,707.0307006835938,0.9238778948783875,543.2903442382812,647.9016723632812,0.3620266616344452,500.0945129394531,819.3109130859375,0.9786478281021118,612.5301513671875,802.3675537109375,0.9754353165626526,591.0272827148438,899.4474487304688,0.7868780493736267,835.9522705078125,977.89794921875,0.7939342856407166,833.5829467773438,980.8906860351562,0.713756263256073
264,84.68384552001953,117.80265808105469,0.9998170733451843,997.9450073242188,78.56351470947266,0.9998742341995239,89.40435028076172,1028.39794921875,0.9999293088912964,1021.6917114257812,1020.3086547851562,0.9992856383323669,334.3114318847656,499.10345458984375,0.9979771971702576,328.9941101074219,609.815185546875,0.999308705329895,276.52960205078125,554.789306640625,0.9968731999397278,380.9173889160156,546.8735961914062,0.9992924928665161,716.0372924804688,495.46856689453125,0.9939613938331604,753.125732421875,712.124755859375,0.999485969543457,685.43798828125,592.2763671875,0.9924444556236267,781.13623046875,572.5363159179688,0.9950409531593323,384.48968505859375,575.5829467773438,0.9995953440666199,448.8683776855469,615.0881958007812,0.9739803075790405,474.6769714355469,635.017578125,0.956977903842926,539.482666015625,743.3790283203125,0.9938324689865112,448.6085510253906,707.0850830078125,0.9534502625465393,533.9147338867188,642.730224609375,0.9944379329681396,505.4687194824219,820.6659545898438,0.968108057975769,619.372314453125,787.5969848632812,0.9136772751808167,597.0158081054688,869.091796875,0.910870373249054,727.5481567382812,961.7640380859375,0.9322130084037781,797.2803955078125,961.0146484375,0.4829779267311096
265,84.67829895019531,116.24080657958984,0.999763548374176,997.6412353515625,78.49827575683594,0.9999260902404785,91.55782318115234,1028.610595703125,0.9999314546585083,1020.449462890625,1020.230712890625,0.9996906518936157,332.9457092285156,499.9956970214844,0.9960149526596069,329.6116027832031,608.4566040039062,0.9996486902236938,276.2080383300781,555.0079956054688,0.9979037046432495,378.11590576171875,538.4151000976562,0.9970507621765137,717.5156860351562,495.6560974121094,0.9905019998550415,754.3848876953125,712.028076171875,0.9996809959411621,686.671630859375,592.9832763671875,0.9925580024719238,782.2975463867188,569.3760375976562,0.9929618239402771,369.6253967285156,559.6305541992188,0.9997089505195618,398.0542297363281,581.9854125976562,0.9555800557136536,461.03936767578125,632.5161743164062,0.8658079504966736,536.2156982421875,728.7772827148438,0.9838563203811646,449.35980224609375,692.9220581054688,0.994672954082489,514.8445434570312,629.0934448242188,0.9885637760162354,509.8162536621094,800.6818237304688,0.9671258926391602,615.1410522460938,768.3504638671875,0.7170257568359375,595.2953491210938,845.845947265625,0.98876953125,735.781982421875,958.3865356445312,0.5897418856620789,737.432373046875,958.9612426757812,0.9764788746833801
266,85.73065185546875,118.70889282226562,0.999806821346283,999.1131591796875,81.40909576416016,0.9999384880065918,90.80322265625,1028.1365966796875,0.9999526739120483,1019.6317138671875,1020.2211303710938,0.9994543194770813,328.92010498046875,503.0561828613281,0.9951416254043579,330.2956848144531,608.9070434570312,0.9983416795730591,276.225341796875,552.4326171875,0.9974230527877808,358.6157531738281,551.069091796875,0.8243206739425659,715.9912719726562,496.4758605957031,0.995313286781311,754.2432861328125,712.8665771484375,0.9996114373207092,687.3787841796875,592.9531860351562,0.9959205389022827,782.3739013671875,564.6676025390625,0.9913603663444519,352.5455627441406,532.385986328125,0.9879926443099976,377.27288818359375,542.6312866210938,0.9808642268180847,438.1627502441406,593.9791259765625,0.9474186897277832,529.6013793945312,705.5296020507812,0.9785851240158081,381.9093933105469,610.3058471679688,0.9291241765022278,493.4433288574219,590.693115234375,0.9488884806632996,519.9359130859375,785.3277587890625,0.9698967337608337,610.1103515625,721.185546875,0.9329603910446167,601.1184692382812,831.5230102539062,0.9830393195152283,677.57763671875,909.9258422851562,0.5651258826255798,689.7213134765625,918.7892456054688,0.7503400444984436
267,86.72160339355469,117.65863800048828,0.9997351765632629,999.4314575195312,80.58163452148438,0.9998794794082642,91.33589172363281,1028.601318359375,0.9999305009841919,1021.7325439453125,1019.5150146484375,0.9996917247772217,329.5163269042969,503.412109375,0.9739019274711609,334.1973571777344,607.6455078125,0.9975054860115051,275.3970031738281,555.06982421875,0.9937065243721008,370.30364990234375,549.079833984375,0.28569790720939636,718.2932739257812,496.22479248046875,0.9837753176689148,754.6826171875,714.0712890625,0.9997819066047668,685.9105834960938,591.220458984375,0.9915243983268738,783.203369140625,570.1766357421875,0.9781671762466431,354.1733703613281,505.68109130859375,0.973404049873352,385.30584716796875,535.4575805664062,0.9982231259346008,438.9419250488281,589.0720825195312,0.9610396027565002,532.2503662109375,705.8162231445312,0.9982348680496216,435.43896484375,661.3440551757812,0.9669040441513062,491.4222106933594,590.2119140625,0.9740846157073975,517.6708984375,781.8222045898438,0.9960079193115234,611.0404052734375,724.5436401367188,0.9976004958152771,599.359619140625,831.3924560546875,0.9982319474220276,674.7478637695312,904.5341186523438,0.7673312425613403,750.7736206054688,928.6739501953125,0.15565602481365204
268,86.52568817138672,117.50882720947266,0.9997389912605286,999.2942504882812,81.99057006835938,0.9998689889907837,90.31690216064453,1029.1278076171875,0.9998189806938171,1022.9141235351562,1020.0463256835938,0.9995761513710022,330.9853820800781,498.35479736328125,0.9920475482940674,334.18658447265625,609.6007690429688,0.9980744123458862,275.455322265625,554.9136962890625,0.9929035305976868,377.27862548828125,549.4620971679688,0.5895092487335205,722.7606201171875,494.45684814453125,0.9864441752433777,755.050048828125,714.8826904296875,0.999733030796051,683.4653930664062,591.9306640625,0.980317234992981,784.3096313476562,567.1469116210938,0.9883435964584351,379.303466796875,525.180419921875,0.9930341243743896,407.6129150390625,552.32080078125,0.8041952252388,463.4452209472656,608.9066162109375,0.6817942261695862,531.5321044921875,707.0208740234375,0.9932981133460999,444.1777648925781,672.9266967773438,0.9656245112419128,500.1507873535156,594.628662109375,0.9949636459350586,510.76043701171875,781.065185546875,0.9953035116195679,609.8778076171875,730.2618408203125,0.9979344606399536,594.5230102539062,822.94677734375,0.998428225517273,678.5859985351562,904.0634155273438,0.654521107673645,826.47802734375,969.365478515625,0.8890073299407959
269,86.78142547607422,118.98126220703125,0.9993849992752075,1000.4668579101562,81.11719512939453,0.9997746348381042,90.02826690673828,1029.39501953125,0.9998844861984253,1023.3658447265625,1019.82861328125,0.9995449185371399,333.2783203125,497.87823486328125,0.9983903169631958,335.574951171875,610.336669921875,0.9940471649169922,276.0284729003906,555.0337524414062,0.9971370697021484,382.6929016113281,547.6557006835938,0.9947441816329956,717.35791015625,494.4859619140625,0.9931167364120483,753.1064453125,713.3907470703125,0.999639630317688,684.2939453125,590.9826049804688,0.9945211410522461,783.6084594726562,562.44873046875,0.970933735370636,401.3992614746094,542.7122802734375,0.901993989944458,418.5028076171875,552.4637451171875,0.9805393218994141,434.768798828125,571.1196899414062,0.8864803910255432,532.0572509765625,708.6692504882812,0.8826983571052551,414.5169677734375,637.1708984375,0.9132972955703735,497.7713317871094,590.1359252929688,0.9868519902229309,508.1102294921875,780.890869140625,0.9768498539924622,606.2316284179688,727.8681640625,0.9958147406578064,593.3190307617188,826.2185668945312,0.9935603141784668,699.5743408203125,918.0285034179688,0.9527652263641357,828.1072998046875,969.0254516601562,0.9889764189720154
270,85.4729232788086,117.38362121582031,0.9996539354324341,999.8543701171875,78.84107208251953,0.9999008178710938,89.38265991210938,1031.4132080078125,0.9997736811637878,1019.121826171875,1020.9431762695312,0.9996030926704407,334.09661865234375,497.88720703125,0.9971808195114136,335.03839111328125,609.8922119140625,0.9986329674720764,275.798828125,555.709716796875,0.9974592328071594,388.4784851074219,547.1404418945312,0.9813158512115479,716.0728759765625,495.15203857421875,0.9837627410888672,753.72119140625,712.91748046875,0.9995424747467041,684.0302734375,591.829833984375,0.9848644137382507,782.3778686523438,563.5645141601562,0.9847837090492249,451.617431640625,573.2722778320312,0.6749146580696106,452.6530456542969,579.5737915039062,0.6904849410057068,462.8740539550781,592.69775390625,0.8177538514137268,544.083984375,744.8016967773438,0.9769285321235657,475.6159362792969,727.51025390625,0.711426317691803,535.2561645507812,639.6129760742188,0.9419839382171631,505.765625,776.0213012695312,0.4877220094203949,606.3829956054688,731.608154296875,0.9207707047462463,583.3316650390625,815.0513916015625,0.999262273311615,687.4382934570312,914.7044067382812,0.6914133429527283,821.1823120117188,973.6638793945312,0.9054544568061829
271,85.83802795410156,119.12960815429688,0.9998899698257446,999.0155639648438,79.4853744506836,0.9999467134475708,89.8545150756836,1029.25732421875,0.9998971223831177,1022.4656982421875,1020.8178100585938,0.9996910095214844,338.3573913574219,497.08465576171875,0.9919557571411133,333.39874267578125,612.1947021484375,0.998991072177887,277.38690185546875,553.3046264648438,0.9926730990409851,385.71063232421875,555.4334716796875,0.9960495829582214,710.2696533203125,498.0079345703125,0.9976730942726135,753.6372680664062,712.973388671875,0.9994219541549683,686.4375,592.4070434570312,0.9884986281394958,780.0393676757812,567.6435546875,0.9932037591934204,471.46435546875,580.207275390625,0.9080058336257935,485.5523986816406,639.143310546875,0.984902560710907,503.195068359375,679.9593505859375,0.7885754108428955,539.5288696289062,748.3796997070312,0.9806775450706482,478.96636962890625,719.1016235351562,0.7958552241325378,547.3800659179688,674.393798828125,0.9490184783935547,511.2270812988281,789.5552368164062,0.41248205304145813,597.9059448242188,743.0357666015625,0.6473211050033569,583.0884399414062,829.1228637695312,0.9732305407524109,614.53857421875,869.5885620117188,0.7335960268974304,688.6491088867188,924.8358764648438,0.9683930277824402
272,86.26942443847656,118.59294128417969,0.9997054934501648,998.1802368164062,79.33848571777344,0.9999366998672485,89.3541030883789,1029.155517578125,0.9999247789382935,1022.558349609375,1020.7979125976562,0.9988881945610046,339.06640625,498.24481201171875,0.9976264834403992,333.9466552734375,611.0531616210938,0.9992985725402832,277.2718811035156,553.0056762695312,0.9986761212348938,387.1860046386719,556.9929809570312,0.9973777532577515,713.314453125,496.6899108886719,0.9922519326210022,753.7839965820312,712.8646850585938,0.9994314312934875,686.0813598632812,591.585205078125,0.9925175905227661,783.0869140625,563.6976318359375,0.9887443780899048,484.1627502441406,588.15673828125,0.742781400680542,501.15240478515625,661.7417602539062,0.9454002976417542,516.5354614257812,700.642822265625,0.8688684701919556,551.7455444335938,765.5833129882812,0.9981327652931213,465.4879150390625,708.0827026367188,0.3067050874233246,561.8261108398438,666.7028198242188,0.8301925659179688,524.1174926757812,805.3855590820312,0.8400132060050964,604.4068603515625,752.572998046875,0.9947178959846497,590.9602661132812,832.9637451171875,0.9962939620018005,728.6328735351562,947.1595458984375,0.6164069175720215,682.2562866210938,922.3839111328125,0.9362789392471313
273,84.77159118652344,118.28057098388672,0.9995743632316589,1000.48583984375,81.46085357666016,0.9998165965080261,89.77041625976562,1029.90380859375,0.9998056292533875,1022.117919921875,1022.6063232421875,0.9990379810333252,339.9505920410156,497.87738037109375,0.9968286156654358,332.4355773925781,611.022705078125,0.9995067119598389,277.42266845703125,551.1828002929688,0.9987760186195374,386.2837829589844,559.2410278320312,0.9971578121185303,714.1375122070312,496.14837646484375,0.9950457811355591,752.4847412109375,712.46044921875,0.9995030164718628,687.6726684570312,593.8170166015625,0.9958529472351074,781.280517578125,562.1348876953125,0.9944759011268616,514.7315673828125,599.5402221679688,0.03162691369652748,517.87939453125,669.8931884765625,0.5232008695602417,523.259765625,679.2430419921875,0.9538143277168274,551.3649291992188,761.1357421875,0.9693408608436584,483.7523193359375,735.830078125,0.5876621603965759,571.768798828125,689.38623046875,0.4411274194717407,527.8246459960938,801.3610229492188,0.7941942811012268,606.70751953125,733.9577026367188,0.9436187148094177,593.7424926757812,827.0855102539062,0.975461483001709,641.9514770507812,887.1906127929688,0.9797614812850952,831.562744140625,979.1973266601562,0.9911127686500549
274,85.0755386352539,117.18958282470703,0.9998414516448975,997.5175170898438,78.56945037841797,0.9998406171798706,88.27042388916016,1030.85205078125,0.9998237490653992,1024.0025634765625,1021.9111938476562,0.999586284160614,338.5209655761719,497.8975524902344,0.996940016746521,332.6592712402344,610.045654296875,0.9993084669113159,276.9975891113281,550.4961547851562,0.9985225796699524,386.6391906738281,558.7837524414062,0.9959868788719177,711.4157104492188,497.311767578125,0.9940316081047058,753.7506713867188,713.843505859375,0.9994531273841858,686.9397583007812,594.922607421875,0.990453839302063,778.3142700195312,568.061767578125,0.9766245484352112,593.6014404296875,606.7826538085938,0.21065370738506317,579.6557006835938,606.685302734375,0.06580399721860886,544.975341796875,705.30419921875,0.7614675760269165,548.0192260742188,769.732666015625,0.9960640072822571,483.7060241699219,730.760009765625,0.0768766701221466,588.2589111328125,638.8657836914062,0.9166723489761353,532.4170532226562,804.171142578125,0.6499542593955994,605.3637084960938,754.956787109375,0.690887451171875,598.959716796875,831.1080932617188,0.8919599056243896,705.8180541992188,926.5845336914062,0.6139915585517883,829.809814453125,977.790283203125,0.9893996119499207
275,85.24356842041016,118.89729309082031,0.9998811483383179,999.980712890625,80.1266860961914,0.9999125003814697,90.04456329345703,1030.221435546875,0.9998354911804199,1023.641357421875,1021.7240600585938,0.9995312690734863,335.10076904296875,497.5852966308594,0.9983170032501221,333.30194091796875,609.996337890625,0.9995380640029907,276.8075256347656,552.10595703125,0.9991775155067444,386.6893615722656,557.421630859375,0.9980227947235107,712.8925170898438,495.72894287109375,0.9948029518127441,752.7540893554688,713.0449829101562,0.9995465874671936,684.7039794921875,594.5103149414062,0.9955927729606628,780.8924560546875,564.4943237304688,0.991738498210907,632.69580078125,647.1734008789062,0.21192806959152222,623.316650390625,641.40673828125,0.6107392907142639,599.8181762695312,647.4548950195312,0.9544598460197449,546.2410888671875,772.5994262695312,0.9952927827835083,576.9359130859375,618.5756225585938,0.8916118741035461,613.7118530273438,672.3704833984375,0.958771824836731,534.2435913085938,806.0151977539062,0.5905404090881348,614.1054077148438,749.0798950195312,0.8930351734161377,625.309326171875,649.9275512695312,0.7696264982223511,680.0630493164062,899.3441772460938,0.9124734997749329,756.9130859375,947.3446044921875,0.7520382404327393
276,85.94342803955078,116.98925018310547,0.9997816681861877,1000.1836547851562,81.55769348144531,0.9998134970664978,90.70323944091797,1028.60205078125,0.9998389482498169,1022.9781494140625,1021.725830078125,0.9994194507598877,335.5609436035156,497.8171081542969,0.9974182844161987,333.8875732421875,610.3780517578125,0.9995191097259521,276.53265380859375,551.9298706054688,0.9992128610610962,387.41876220703125,557.2259521484375,0.9970957040786743,710.9811401367188,495.71807861328125,0.9661715626716614,754.4791259765625,714.6256713867188,0.9996906518936157,685.5187377929688,592.272216796875,0.9975577592849731,779.85888671875,560.2705078125,0.981702446937561,619.6707153320312,770.85498046875,0.8094257116317749,634.4957275390625,648.411865234375,0.9013964533805847,616.0800170898438,656.9386596679688,0.9786316156387329,548.3236083984375,770.2111206054688,0.9920597076416016,621.1932373046875,734.6088256835938,0.8871002197265625,618.7127075195312,710.30419921875,0.928887128829956,531.28564453125,800.1199340820312,0.8530107140541077,617.9625244140625,758.3558349609375,0.17893391847610474,602.0075073242188,829.05810546875,0.7179616689682007,691.376708984375,897.6323852539062,0.9291452169418335,817.1713256835938,978.4773559570312,0.9296403527259827
277,84.86544036865234,116.0118179321289,0.9997734427452087,999.0862426757812,81.86194610595703,0.9999324083328247,90.2669906616211,1029.171875,0.9999001026153564,1022.6140747070312,1020.7332763671875,0.9995837807655334,335.2181701660156,497.7634582519531,0.9961036443710327,333.2148742675781,610.7755737304688,0.9996585845947266,277.0106506347656,553.309326171875,0.999031662940979,387.60235595703125,558.60693359375,0.9972527623176575,712.7255859375,495.9370422363281,0.967282235622406,753.3106689453125,713.6320190429688,0.9995923638343811,686.7158203125,593.49951171875,0.9954900145530701,778.5354614257812,558.4113159179688,0.9916328191757202,615.2738037109375,782.783935546875,0.7862248420715332,638.7328491210938,639.8967895507812,0.3231242895126343,627.538818359375,657.1677856445312,0.7621461153030396,563.1524047851562,765.6854858398438,0.9575108289718628,620.4931030273438,746.5648193359375,0.7629255652427673,638.5343627929688,692.8655395507812,0.9973082542419434,537.3265380859375,806.180419921875,0.1581299751996994,615.2077026367188,762.565185546875,0.42627042531967163,562.0484008789062,821.2802124023438,0.3860113024711609,710.2677001953125,910.072021484375,0.9135867357254028,822.619140625,979.176025390625,0.9396737217903137
278,85.55140686035156,117.71099853515625,0.9994296431541443,999.0310668945312,80.96035766601562,0.9999306201934814,89.70829010009766,1030.5120849609375,0.9997984766960144,1022.1128540039062,1021.62939453125,0.9991414546966553,334.90472412109375,497.5583190917969,0.995925784111023,333.8364562988281,609.9142456054688,0.9996985197067261,276.82440185546875,553.1690673828125,0.9990018010139465,387.23516845703125,556.0873413085938,0.9983417987823486,712.5493774414062,495.310302734375,0.9818974137306213,755.7479858398438,714.9274291992188,0.9995569586753845,687.4124755859375,588.758544921875,0.993990421295166,779.5751342773438,559.1365966796875,0.9946310520172119,681.3255615234375,601.4917602539062,0.06965439766645432,640.7182006835938,648.6024780273438,0.5020101070404053,626.8125610351562,670.3179321289062,0.6013469099998474,568.0801391601562,766.5696411132812,0.9854283928871155,607.1358032226562,654.0521850585938,0.9110528230667114,640.5960693359375,706.7122802734375,0.9680950045585632,554.4658813476562,666.320068359375,0.18465709686279297,615.833740234375,770.3780517578125,0.8751745820045471,535.6221313476562,662.2276000976562,0.030457891523838043,721.6085815429688,916.949951171875,0.9769583344459534,832.9610595703125,979.5266723632812,0.8418304324150085
279,85.04307556152344,117.26253509521484,0.9998524188995361,998.7135009765625,79.2409896850586,0.9998618364334106,89.94982147216797,1029.1871337890625,0.9998691082000732,1023.6414794921875,1022.5763549804688,0.9981396198272705,336.40826416015625,497.9710998535156,0.9971562623977661,333.4112854003906,610.4564208984375,0.9997196793556213,276.73016357421875,553.4259643554688,0.998890221118927,387.419189453125,558.0136108398438,0.9976246953010559,710.90771484375,494.8992919921875,0.9870539307594299,754.8764038085938,715.4559936523438,0.9997099041938782,686.2485961914062,591.9052124023438,0.9962748289108276,780.5762939453125,559.405517578125,0.9962544441223145,620.6459350585938,803.13623046875,0.48288819193840027,639.9002075195312,668.895263671875,0.07816344499588013,622.3319091796875,676.3312377929688,0.2556183636188507,577.8863525390625,714.6427001953125,0.2887080907821655,616.5858154296875,763.2661743164062,0.9717487096786499,641.016845703125,695.76318359375,0.9687656760215759,587.3187866210938,675.9216918945312,0.020612020045518875,513.5386352539062,689.132080078125,0.6373967528343201,644.7633666992188,680.7147216796875,0.030258649960160255,719.4993896484375,913.3182373046875,0.9896320104598999,819.812255859375,979.4986572265625,0.9737910628318787
280,85.9833755493164,116.56934356689453,0.9996963739395142,999.64208984375,81.3109359741211,0.9999356269836426,90.4631576538086,1030.77587890625,0.9998478889465332,1023.19091796875,1021.5689086914062,0.9995019435882568,336.4440612792969,498.34613037109375,0.9972929358482361,333.68011474609375,611.2681884765625,0.9996531009674072,276.8733215332031,553.8775634765625,0.9985748529434204,387.19952392578125,558.0076293945312,0.9973648190498352,713.5155029296875,495.22271728515625,0.9794889688491821,754.7755737304688,714.5099487304688,0.9996597766876221,685.0379638671875,594.1005859375,0.995460569858551,783.4883422851562,565.2884521484375,0.9869838953018188,606.2175903320312,818.8272094726562,0.9994801878929138,595.632568359375,797.9688110351562,0.7520995736122131,536.9141235351562,754.7440795898438,0.8514099717140198,565.9129638671875,719.24462890625,0.6442468166351318,613.4102172851562,749.3096923828125,0.9887579083442688,619.6082763671875,716.6959838867188,0.8740185499191284,520.77001953125,688.0537109375,0.4606171250343323,510.4495849609375,688.729248046875,0.7883391976356506,628.6578979492188,836.6934814453125,0.03900296986103058,721.9547729492188,913.0529174804688,0.9903392195701599,819.8597412109375,977.9935302734375,0.9472472071647644
281,86.44950103759766,116.2948989868164,0.9998353719711304,999.4127197265625,79.7406997680664,0.999840259552002,90.23741912841797,1029.0489501953125,0.9998528957366943,1023.4765625,1020.7671508789062,0.9996622800827026,335.69256591796875,497.97100830078125,0.9983752965927124,334.6545715332031,610.8427124023438,0.9993707537651062,276.6056823730469,553.9586791992188,0.9980787038803101,386.9319763183594,557.9017333984375,0.9974151849746704,712.5414428710938,495.50408935546875,0.9902052283287048,755.1097412109375,714.9844360351562,0.9996750354766846,685.3187255859375,591.9733276367188,0.9955775737762451,781.1944580078125,563.39697265625,0.9742774963378906,589.4346923828125,831.940673828125,0.8308210968971252,577.6485595703125,812.7459106445312,0.6755993962287903,572.49658203125,800.0576782226562,0.7171435952186584,563.391845703125,737.6023559570312,0.5412657260894775,598.7897338867188,773.9698486328125,0.9868642687797546,609.9514770507812,741.25244140625,0.5427803993225098,497.5151062011719,724.7803955078125,0.2248474359512329,491.8966064453125,721.7339477539062,0.09077448397874832,497.52484130859375,778.2252807617188,0.7111701965332031,723.1416015625,916.938720703125,0.9675809144973755,821.0175170898438,977.1832885742188,0.9837644696235657
282,85.5937728881836,116.59510803222656,0.9997392296791077,1000.22314453125,78.96692657470703,0.9997416138648987,89.15478515625,1029.1181640625,0.999847412109375,1022.1624145507812,1020.8209838867188,0.9992995262145996,334.77508544921875,497.92962646484375,0.9986574649810791,334.9573059082031,610.9735107421875,0.9994024038314819,277.07867431640625,555.156005859375,0.9981305003166199,386.2428283691406,556.7031860351562,0.9978227615356445,712.6011352539062,494.362548828125,0.9899887442588806,755.5325927734375,714.6366577148438,0.9998283386230469,686.4672241210938,592.7246704101562,0.9945659637451172,779.9862670898438,565.3239135742188,0.9621548056602478,573.4970092773438,853.1550903320312,0.4944513142108917,597.1238403320312,692.4297485351562,0.3746982514858246,584.6040649414062,699.4229736328125,0.4889422357082367,542.6751708984375,735.2177124023438,0.8134772777557373,584.1897583007812,799.9912109375,0.9773209691047668,479.2686767578125,772.2984619140625,0.8609404563903809,495.76715087890625,720.0604248046875,0.32343590259552,527.5367431640625,671.890869140625,0.14700859785079956,600.289306640625,692.897705078125,0.329999715089798,721.0455322265625,917.0817260742188,0.9278457760810852,820.0238647460938,978.3213500976562,0.9148520827293396
283,85.51038360595703,118.80364990234375,0.9991340041160583,1001.1044921875,81.62544250488281,0.9998639822006226,90.52312469482422,1028.4613037109375,0.9998600482940674,1019.7045288085938,1020.5799560546875,0.9995458722114563,334.0361328125,497.1112060546875,0.9983539581298828,335.840087890625,611.2008056640625,0.9990667700767517,276.6329040527344,553.0433349609375,0.9987397789955139,386.25244140625,555.35986328125,0.9970335960388184,712.6412963867188,494.7233581542969,0.9982432126998901,754.7777099609375,713.9054565429688,0.9997416138648987,684.9507446289062,592.8386840820312,0.9922351241111755,780.598388671875,565.5331420898438,0.9644111394882202,486.72998046875,814.8875122070312,0.33795881271362305,525.6292114257812,680.544921875,0.7402610182762146,514.7059326171875,717.8880004882812,0.8090526461601257,535.74658203125,756.7124633789062,0.5721340179443359,580.6818237304688,813.2786865234375,0.3032393753528595,496.03924560546875,787.6519165039062,0.9065592885017395,545.676513671875,724.0294189453125,0.06481501460075378,601.5620727539062,799.9020385742188,0.05650404840707779,485.06939697265625,805.7694702148438,0.18600229918956757,727.0472412109375,920.4556274414062,0.8555450439453125,815.2608032226562,977.6720581054688,0.8866491317749023
284,85.90591430664062,118.66194915771484,0.9997524619102478,998.4727783203125,78.66189575195312,0.999913215637207,89.33869171142578,1028.7783203125,0.9998877048492432,1021.951416015625,1019.8779296875,0.999614953994751,334.14599609375,497.13641357421875,0.9979524612426758,335.6710510253906,610.4003295898438,0.999491810798645,275.9828186035156,553.0239868164062,0.9983384609222412,387.3554382324219,556.6072387695312,0.9965750575065613,710.61865234375,495.91766357421875,0.9970265030860901,755.8738403320312,714.5350341796875,0.9998935461044312,685.60400390625,593.5973510742188,0.9968553781509399,781.4932250976562,560.0003051757812,0.956367015838623,573.24755859375,880.9683837890625,0.2880939841270447,529.1936645507812,689.1741333007812,0.5956976413726807,524.8988647460938,705.2791137695312,0.4441698491573334,538.98291015625,770.8278198242188,0.855599045753479,479.24932861328125,730.8912963867188,0.7722952961921692,496.45660400390625,806.0869750976562,0.9842504262924194,592.184814453125,818.876953125,0.4625260829925537,478.3648376464844,724.1524658203125,0.06403739750385284,595.5119018554688,704.3672485351562,0.9345380663871765,719.317626953125,907.09814453125,0.905192494392395,826.8348388671875,981.8041381835938,0.6704940795898438
285,86.7718734741211,117.60852813720703,0.9997476935386658,998.9971923828125,78.62039184570312,0.9999244213104248,90.86328125,1029.2734375,0.9998815059661865,1023.2197265625,1020.9227905273438,0.9997312426567078,335.19927978515625,497.1248474121094,0.9980600476264954,334.24127197265625,610.4016723632812,0.9995279312133789,275.9660339355469,552.7300415039062,0.9989094734191895,386.9273986816406,557.68701171875,0.9972389936447144,711.6653442382812,495.7942199707031,0.9968273043632507,754.8187866210938,713.7020874023438,0.9997928738594055,686.5101318359375,594.4185180664062,0.9959990978240967,780.2142333984375,564.8976440429688,0.986480176448822,564.1893310546875,912.2033081054688,0.3209078311920166,567.6299438476562,806.9925537109375,0.05766524374485016,569.541259765625,792.630859375,0.45471757650375366,523.129150390625,782.2755126953125,0.42108288407325745,483.077880859375,734.577880859375,0.6959444284439087,498.6852111816406,803.2581787109375,0.4224778115749359,612.5496215820312,794.0319213867188,0.13826920092105865,612.8998413085938,795.05908203125,0.6435502767562866,589.323974609375,711.431396484375,0.9918747544288635,737.4823608398438,923.3484497070312,0.9769020676612854,820.8714599609375,979.8707275390625,0.9754172563552856
286,85.52989959716797,117.70514678955078,0.9998512268066406,1000.3177490234375,78.04672241210938,0.9999319314956665,89.94529724121094,1031.507568359375,0.9997521042823792,1021.9741821289062,1021.2122192382812,0.9993274211883545,334.6813659667969,497.7779541015625,0.997808039188385,334.3134460449219,611.6356811523438,0.9991565942764282,275.54425048828125,553.7982788085938,0.9984136819839478,386.29296875,557.4148559570312,0.9946297407150269,713.2317504882812,496.47998046875,0.988361656665802,754.8690185546875,713.932373046875,0.999782145023346,687.83837890625,595.7898559570312,0.9947944283485413,782.70947265625,562.7042236328125,0.9903514981269836,486.33734130859375,858.084228515625,0.6677578091621399,594.8445434570312,742.5997924804688,0.20940063893795013,504.6369934082031,753.8524169921875,0.4990309774875641,522.9666748046875,780.2910766601562,0.37067919969558716,562.4296875,776.9750366210938,0.2615443170070648,486.4674987792969,833.2308959960938,0.16580551862716675,537.4403076171875,783.6185913085938,0.04520484805107117,482.3480224609375,783.0187377929688,0.23592983186244965,638.0422973632812,848.3982543945312,0.012300856411457062,721.3359375,904.8916625976562,0.9785146117210388,797.7550659179688,976.0990600585938,0.9549748301506042
287,85.28353118896484,116.23680877685547,0.9999706745147705,999.7886962890625,80.56504821777344,0.9999185800552368,90.04507446289062,1030.626953125,0.9998507499694824,1023.4651489257812,1021.7640380859375,0.9997506737709045,335.0186462402344,497.9007568359375,0.9974175691604614,334.7537841796875,612.3345336914062,0.9994445443153381,275.7189636230469,553.0237426757812,0.9991967082023621,386.159912109375,558.1663208007812,0.9974285960197449,712.2911987304688,496.3105163574219,0.995630145072937,754.3958740234375,713.913330078125,0.9996422529220581,686.9502563476562,593.1875,0.99549400806427,784.110107421875,558.5643310546875,0.9857655167579651,564.3882446289062,912.8712158203125,0.9264163374900818,536.2095336914062,854.4639892578125,0.059682369232177734,579.3206176757812,738.627685546875,0.8081685900688171,527.61767578125,806.2659912109375,0.6681920289993286,561.6080932617188,858.6416625976562,0.8250942826271057,493.3890380859375,829.0189208984375,0.3841625154018402,587.10791015625,830.8939819335938,0.049897197633981705,479.5946960449219,735.3569946289062,0.46230554580688477,628.22119140625,847.1809692382812,0.7860625386238098,723.5308837890625,908.793212890625,0.9789777994155884,826.349609375,982.4495849609375,0.5101068019866943
288,86.0798110961914,117.30768585205078,0.999890923500061,998.43310546875,80.4718017578125,0.9998937845230103,89.87507629394531,1030.4718017578125,0.999902606010437,1024.15576171875,1022.036376953125,0.9995960593223572,334.5629577636719,497.7207946777344,0.9983445405960083,335.29376220703125,611.5369262695312,0.9991554021835327,275.934814453125,553.2633056640625,0.9986749291419983,386.8143310546875,556.9841918945312,0.9968934059143066,714.8629760742188,494.2486877441406,0.9726971983909607,754.885009765625,712.1436157226562,0.9997817873954773,686.295654296875,594.84619140625,0.9951760768890381,782.7026977539062,563.4204711914062,0.9876329898834229,504.4789123535156,708.8507690429688,0.5581908822059631,557.4519653320312,727.9595336914062,0.3246169984340668,554.9099731445312,734.1436767578125,0.9353687763214111,574.6754150390625,801.2512817382812,0.6880686283111572,549.385009765625,768.3402709960938,0.15651464462280273,494.3080139160156,848.9952392578125,0.4753125011920929,572.2056884765625,853.6115112304688,0.0239560604095459,604.8269653320312,806.8928833007812,0.2548068165779114,578.5147705078125,875.70703125,0.1300203651189804,729.0105590820312,911.7227783203125,0.9749173521995544,822.9998168945312,986.3866577148438,0.27558350563049316
289,85.27290344238281,115.48753356933594,0.9998626708984375,999.3682861328125,78.04985809326172,0.9999078512191772,90.75871276855469,1030.2288818359375,0.9997206330299377,1023.2449340820312,1021.3818359375,0.9997897744178772,335.25604248046875,497.40911865234375,0.9970576763153076,335.2338562011719,612.1958618164062,0.9993509650230408,276.0397644042969,552.96435546875,0.998598039150238,386.22381591796875,557.4801025390625,0.9960592985153198,714.7967529296875,496.4144287109375,0.9974410533905029,754.3929443359375,713.1829833984375,0.9998348951339722,685.9049682617188,593.9915771484375,0.9929108023643494,781.2285766601562,569.1399536132812,0.9905153512954712,475.7559814453125,704.3958129882812,0.1038428395986557,546.5494384765625,719.674560546875,0.5185458660125732,542.7736206054688,731.2598876953125,0.49887168407440186,576.88037109375,803.7122192382812,0.3768901228904724,521.829833984375,847.8792114257812,0.36193788051605225,555.2523193359375,849.26025390625,0.26410961151123047,558.1791381835938,850.7938842773438,0.687655508518219,604.3128051757812,802.2504272460938,0.2846030592918396,605.5184326171875,849.4091186523438,0.01577034406363964,733.2413940429688,915.778564453125,0.9169672727584839,814.3426513671875,992.0479736328125,0.9185449481010437
290,86.35536193847656,116.5284652709961,0.999896764755249,1000.6724853515625,77.78062438964844,0.9998993873596191,89.8886947631836,1029.0308837890625,0.999881386756897,1023.8235473632812,1021.0758056640625,0.9997473359107971,335.26922607421875,497.5058288574219,0.9974555373191833,334.33880615234375,611.7752075195312,0.9993329644203186,275.9020080566406,553.018798828125,0.9988719820976257,386.09686279296875,557.31689453125,0.9947637319564819,711.8465576171875,496.44793701171875,0.9985308647155762,753.7560424804688,712.8756713867188,0.9996914863586426,687.0248413085938,593.3114624023438,0.9951164722442627,780.8222045898438,566.219970703125,0.9922953844070435,440.56768798828125,654.5977783203125,0.0747063159942627,457.5860595703125,662.1107788085938,0.6919822692871094,465.82928466796875,681.21826171875,0.14072483777999878,521.7706909179688,788.859375,0.9598112106323242,448.32659912109375,721.4199829101562,0.6214895844459534,496.1983947753906,694.8740844726562,0.5965131521224976,537.7316284179688,845.9005126953125,0.9875143766403198,441.8162841796875,712.28076171875,0.38504892587661743,599.1348876953125,846.3101196289062,0.9373152852058411,734.2254638671875,914.408447265625,0.9787050485610962,817.0765380859375,990.3986206054688,0.9248624444007874
291,86.0472412109375,117.57691192626953,0.999880313873291,1001.5038452148438,78.12579345703125,0.9996227025985718,90.84578704833984,1030.634521484375,0.9998304843902588,1024.3310546875,1021.7435302734375,0.9997777342796326,335.6216125488281,497.28814697265625,0.9959458708763123,334.3421630859375,611.1892700195312,0.9995177984237671,275.91693115234375,552.9989013671875,0.9990457892417908,385.48883056640625,556.3054809570312,0.9955215454101562,710.7680053710938,497.799072265625,0.9982337951660156,753.4304809570312,713.8099975585938,0.9997584223747253,687.044189453125,592.7052001953125,0.99246746301651,778.9431762695312,561.323486328125,0.9902273416519165,437.9118347167969,612.9662475585938,0.528529167175293,449.7093200683594,610.77294921875,0.8553223609924316,459.40972900390625,647.7843627929688,0.7412254810333252,508.00006103515625,734.3246459960938,0.9729154109954834,438.184814453125,684.1785278320312,0.7045851945877075,495.6927490234375,661.8779296875,0.9879526495933533,516.59228515625,828.8588256835938,0.9843010306358337,574.7057495117188,726.1461791992188,0.47544747591018677,585.2012939453125,843.837890625,0.2515694200992584,733.188232421875,908.2908325195312,0.9138093590736389,818.47412109375,990.7011108398438,0.8351531624794006
292,84.24712371826172,119.67115020751953,0.9998667240142822,999.9773559570312,81.2352294921875,0.9998983144760132,89.73117065429688,1030.1602783203125,0.9998294115066528,1023.0015869140625,1021.5253295898438,0.9997064471244812,336.42657470703125,497.58746337890625,0.9975396394729614,334.1895751953125,611.6386108398438,0.9995074272155762,276.2367858886719,553.4654541015625,0.9986171722412109,385.10137939453125,556.677978515625,0.9964614510536194,713.0408935546875,496.9599914550781,0.9941545128822327,754.3335571289062,713.1636962890625,0.9997488856315613,684.9160766601562,591.5953369140625,0.9882982969284058,782.624267578125,563.70068359375,0.9933552742004395,442.4046630859375,581.0623168945312,0.7735859155654907,471.68951416015625,684.2495727539062,0.9909602403640747,490.574951171875,713.7308959960938,0.8877241611480713,540.5073852539062,779.6396484375,0.7378419637680054,466.8700256347656,743.36181640625,0.9454742670059204,525.1661987304688,665.98583984375,0.717291533946991,519.75146484375,831.0609741210938,0.9687645435333252,597.4924926757812,734.9107666015625,0.11937854439020157,569.1409301757812,842.5987548828125,0.5126684904098511,731.2095336914062,904.5000610351562,0.9241059422492981,818.2959594726562,992.5595703125,0.9034417867660522
293,85.05211639404297,117.51803588867188,0.9998736381530762,999.6716918945312,81.70032501220703,0.9999188184738159,90.81000518798828,1029.0615234375,0.9998905658721924,1023.603515625,1020.6124267578125,0.9997344613075256,334.912109375,497.88934326171875,0.9989556074142456,333.5951843261719,610.9663696289062,0.9995415210723877,276.2026672363281,552.649169921875,0.999180257320404,385.8406677246094,552.7689208984375,0.998426079750061,714.3257446289062,495.5491943359375,0.9911302328109741,752.627685546875,712.8489990234375,0.9994850158691406,687.22021484375,595.04638671875,0.9956372380256653,783.2677001953125,562.9371948242188,0.9916365742683411,415.4083251953125,592.289306640625,0.7188842296600342,468.4502868652344,684.713623046875,0.9969215989112854,488.1281433105469,716.8836669921875,0.9812170267105103,546.1298828125,781.5910034179688,0.8962470293045044,462.430908203125,740.8078002929688,0.9824522733688354,523.2816162109375,662.156982421875,0.8122522830963135,528.881591796875,825.6720581054688,0.8757456541061401,606.3157958984375,786.6096801757812,0.7351972460746765,578.977783203125,842.1019897460938,0.5917954444885254,734.4660034179688,906.3430786132812,0.8264744877815247,812.241943359375,997.10595703125,0.7828296422958374
294,84.79876708984375,118.25817108154297,0.9999217987060547,999.283203125,82.19577026367188,0.9999405145645142,89.9006118774414,1029.055908203125,0.9998793601989746,1023.8695068359375,1020.090087890625,0.9997116923332214,334.60638427734375,497.6407165527344,0.9983999133110046,332.8130798339844,611.46630859375,0.9996532201766968,275.86102294921875,553.712890625,0.9991281628608704,384.9247741699219,555.8997192382812,0.9976089000701904,716.8275756835938,494.638671875,0.9947104454040527,753.1492919921875,713.033447265625,0.9996150732040405,685.8338623046875,592.9432983398438,0.9912787079811096,784.7205810546875,563.3975219726562,0.9921004176139832,414.5066223144531,616.4491577148438,0.02933567762374878,463.90863037109375,694.2674560546875,0.6547265648841858,496.5863037109375,719.1434326171875,0.6300439238548279,548.5745849609375,767.0634155273438,0.95790696144104,464.01123046875,741.4012451171875,0.6631905436515808,498.5523986816406,647.1550903320312,0.9161693453788757,525.2750244140625,823.3900756835938,0.9765233397483826,613.9588623046875,779.7866821289062,0.952289342880249,583.570068359375,839.198974609375,0.8961802124977112,719.3563232421875,890.5189208984375,0.8246487975120544,811.3350830078125,994.2318725585938,0.9126866459846497
295,85.62871551513672,117.32746887207031,0.9998607635498047,1000.8350219726562,81.00486755371094,0.9998394250869751,89.7452163696289,1031.1368408203125,0.9997758269309998,1021.4566040039062,1020.2108764648438,0.9997379183769226,333.401123046875,497.9562683105469,0.9969086050987244,334.3483581542969,611.3099365234375,0.9995748400688171,275.599609375,552.9418334960938,0.9987591505050659,386.2800598144531,556.7042846679688,0.9966597557067871,716.3110961914062,493.8569030761719,0.9908785223960876,752.1563110351562,712.4838256835938,0.9993768334388733,684.9228515625,591.5436401367188,0.9922776222229004,782.8739624023438,562.5639038085938,0.9850233793258667,441.911376953125,748.1148071289062,0.012119456194341183,448.6455383300781,702.3235473632812,0.008663514629006386,507.2174377441406,729.2516479492188,0.12491980940103531,551.8226318359375,784.371826171875,0.9743272662162781,452.15313720703125,745.0424194335938,0.9879232048988342,549.154052734375,743.9747924804688,0.3690805733203888,523.4320068359375,822.7889404296875,0.9940842986106873,610.19580078125,778.5509643554688,0.9828335046768188,592.30810546875,844.4844970703125,0.9617681503295898,729.51953125,906.1266479492188,0.7822036147117615,807.3704833984375,993.5936889648438,0.899177074432373
296,85.20570373535156,117.04283142089844,0.9999380111694336,999.3214721679688,80.80632781982422,0.999906063079834,90.52481079101562,1029.9964599609375,0.9998877048492432,1022.35693359375,1021.0269165039062,0.9988762736320496,334.2119445800781,497.8835754394531,0.9976613521575928,334.1296691894531,612.3773193359375,0.9995759129524231,276.2354736328125,552.7299194335938,0.9987509250640869,385.7926025390625,558.02099609375,0.9963831901550293,716.320068359375,495.6423645019531,0.9949839115142822,753.0089111328125,712.161865234375,0.9992762207984924,685.3208618164062,591.8348999023438,0.995079755783081,782.2311401367188,565.8690795898438,0.9955150485038757,391.39923095703125,721.8600463867188,0.03826485574245453,556.86962890625,683.4255981445312,0.01502191461622715,439.1935729980469,699.2393188476562,0.1602315455675125,555.4755859375,778.4859619140625,0.932658851146698,457.75146484375,757.9873046875,0.9991700649261475,394.5611267089844,697.199951171875,0.2192336618900299,507.9419860839844,809.79833984375,0.847133219242096,606.747802734375,775.3180541992188,0.9028623700141907,586.7562866210938,837.4263916015625,0.90586918592453,732.1016235351562,908.5673217773438,0.9637978076934814,811.4411010742188,993.4197998046875,0.55569988489151
297,86.8697280883789,114.81072235107422,0.9995492100715637,1000.1314086914062,80.74491119384766,0.9997990727424622,91.5070571899414,1029.079833984375,0.9998611211776733,1023.2735595703125,1021.084716796875,0.9993404746055603,335.6221008300781,497.5407409667969,0.9976935982704163,332.6300354003906,611.3591918945312,0.999340832233429,276.5540771484375,552.8078002929688,0.9988757967948914,386.3582458496094,558.0333251953125,0.9969135522842407,715.4793090820312,496.185546875,0.9868142604827881,754.5875244140625,714.0653076171875,0.9997051358222961,686.7377319335938,590.8330688476562,0.9968298077583313,781.871826171875,563.5908203125,0.9908462166786194,383.2469482421875,722.4212646484375,0.3294700086116791,406.22088623046875,716.70703125,0.2502041459083557,477.6699523925781,704.0926513671875,0.08067845553159714,543.4841918945312,765.0123901367188,0.7294619083404541,453.7345275878906,768.4192504882812,0.9965159893035889,517.1907348632812,677.0857543945312,0.5162925124168396,521.120849609375,753.9840698242188,0.3096759021282196,601.6106567382812,742.6783447265625,0.6760994791984558,583.3109130859375,833.9658813476562,0.9708957076072693,735.9873657226562,916.044189453125,0.9745494723320007,821.0606689453125,984.3062744140625,0.7459119558334351
298,86.97663116455078,114.81256103515625,0.9996070265769958,999.463623046875,80.22599792480469,0.9998780488967896,90.75398254394531,1029.7647705078125,0.9998315572738647,1021.7858276367188,1020.3899536132812,0.9993926286697388,334.76348876953125,497.5093078613281,0.9983905553817749,332.969482421875,611.7965698242188,0.999473512172699,276.50738525390625,551.829345703125,0.9994114637374878,386.6573486328125,558.0122680664062,0.9946225881576538,716.8583374023438,494.5426330566406,0.9762405753135681,755.9341430664062,713.7100830078125,0.9995059967041016,685.2456665039062,590.6878051757812,0.9886022210121155,780.2115478515625,564.528564453125,0.9919635057449341,369.7693786621094,718.1240844726562,0.8753662705421448,392.67431640625,724.23876953125,0.9753225445747375,414.98699951171875,733.8623046875,0.31756195425987244,533.754150390625,766.1611328125,0.5456165671348572,444.2010192871094,782.2130737304688,0.9992621541023254,420.4603576660156,697.31494140625,0.8340657353401184,505.4681396484375,783.3358154296875,0.26602163910865784,594.5553588867188,738.565673828125,0.6118839383125305,583.504150390625,826.1112670898438,0.9989156723022461,743.9872436523438,928.8864135742188,0.9303687810897827,212.5424041748047,589.1671142578125,0.4562893211841583
299,85.56330108642578,118.22760772705078,0.9997673630714417,999.9578247070312,80.76680755615234,0.9998226761817932,90.35423278808594,1029.5643310546875,0.9997952580451965,1024.043212890625,1019.83642578125,0.9996492862701416,333.5350036621094,498.7159729003906,0.9991183876991272,333.4535827636719,611.7713623046875,0.9996315240859985,276.4093017578125,552.60302734375,0.9993090629577637,387.18536376953125,557.1060791015625,0.9952941536903381,716.4114990234375,494.9299621582031,0.9888523817062378,754.5233154296875,713.5487670898438,0.999526858329773,684.4415893554688,590.2535400390625,0.9919012188911438,780.8684692382812,564.8233032226562,0.995678722858429,362.5829772949219,728.8734741210938,0.938450276851654,391.8200988769531,743.7877197265625,0.965199887752533,406.8332824707031,745.9580078125,0.9113112092018127,551.5233764648438,760.546142578125,0.7789212465286255,447.94671630859375,790.0284423828125,0.999569833278656,408.5752258300781,697.872314453125,0.6947591304779053,522.0203247070312,762.4381103515625,0.5133857131004333,456.3397216796875,659.8475952148438,0.7097348570823669,591.1260986328125,824.3553466796875,0.9978306889533997,644.8682861328125,872.1362915039062,0.8420921564102173,689.44873046875,894.30517578125,0.39933422207832336
300,86.34676361083984,119.81661987304688,0.9996466636657715,998.9839477539062,80.33729553222656,0.9998430013656616,90.01097106933594,1029.994873046875,0.999909520149231,1022.5595703125,1020.89111328125,0.9994764924049377,335.3741455078125,498.14385986328125,0.998029887676239,332.99835205078125,611.9617919921875,0.9993776679039001,276.1989440917969,553.1593017578125,0.999017596244812,386.63958740234375,557.7072143554688,0.9947399497032166,713.56640625,497.7395324707031,0.9964052438735962,755.1944580078125,714.221923828125,0.9998084902763367,687.04052734375,594.3549194335938,0.9965530633926392,779.8263549804688,569.3036499023438,0.9949159622192383,354.85491943359375,712.4165649414062,0.8096876740455627,376.84967041015625,724.7674560546875,0.995395839214325,391.16632080078125,733.5084228515625,0.9395096302032471,480.6333923339844,725.840087890625,0.8379743695259094,437.7532958984375,801.5143432617188,0.44041919708251953,411.7270812988281,698.7888793945312,0.9060475826263428,517.6985473632812,766.523193359375,0.9146868586540222,442.3265686035156,655.3462524414062,0.6685011386871338,586.8366088867188,824.2096557617188,0.9971258044242859,655.5165405273438,875.3262939453125,0.9342214465141296,752.3556518554688,937.1102294921875,0.6068361401557922
301,85.63151550292969,118.32038879394531,0.9992148876190186,998.9541015625,81.40290069580078,0.9999393224716187,90.20452117919922,1027.47119140625,0.9998923540115356,1020.7536010742188,1021.6425170898438,0.9996154308319092,334.7166442871094,498.0536193847656,0.9973894953727722,335.16937255859375,610.5744018554688,0.9988799691200256,276.6837463378906,554.140625,0.9987149238586426,384.8130187988281,555.9127197265625,0.9968979358673096,716.2312622070312,497.1672668457031,0.9962052702903748,754.9458618164062,713.636474609375,0.9997078776359558,684.4086303710938,592.6726684570312,0.9925974607467651,780.0076904296875,568.0059204101562,0.9847437739372253,346.4972839355469,701.9586181640625,0.9987455606460571,369.36126708984375,716.9418334960938,0.8903924226760864,392.7428283691406,726.4658203125,0.623856782913208,545.556396484375,755.403564453125,0.9481114745140076,424.7016906738281,781.87548828125,0.6247172951698303,430.9529724121094,781.5376586914062,0.6737833023071289,449.21051025390625,700.2094116210938,0.2886691987514496,589.316650390625,737.0136108398438,0.1704590767621994,591.1481323242188,824.2125244140625,0.998793363571167,741.9037475585938,931.6287231445312,0.8751431703567505,825.093505859375,985.8898315429688,0.8257851600646973
302,85.43453216552734,119.00857543945312,0.9996703863143921,999.0648803710938,77.18959045410156,0.999902606010437,90.77249145507812,1030.226318359375,0.9998515844345093,1023.453857421875,1020.7410278320312,0.9997381567955017,335.7371520996094,498.4551696777344,0.9983131885528564,332.30670166015625,609.7444458007812,0.9989019632339478,276.767822265625,552.3832397460938,0.9991225600242615,385.9942626953125,558.947265625,0.9961923360824585,714.6509399414062,497.2500305175781,0.9944880604743958,754.6444702148438,715.12548828125,0.9997760653495789,684.1392211914062,591.05615234375,0.99280846118927,781.2239990234375,568.2338256835938,0.9906236529350281,344.6438903808594,698.927001953125,0.9517380595207214,377.3409118652344,707.9209594726562,0.7371625900268555,399.7131042480469,717.64306640625,0.8018031716346741,546.421142578125,753.8558349609375,0.9865508079528809,430.1900939941406,766.5775146484375,0.2782026529312134,501.8790283203125,668.8582153320312,0.6217796802520752,517.0571899414062,796.153564453125,0.37642037868499756,595.15966796875,740.5391235351562,0.9556629657745361,591.3703002929688,823.342041015625,0.9980772733688354,742.8026123046875,931.8080444335938,0.8902158141136169,820.6472778320312,986.7149047851562,0.7495686411857605
303,86.96244812011719,118.45204162597656,0.9997758269309998,1000.151123046875,77.31705474853516,0.999887228012085,90.42499542236328,1030.074462890625,0.9998573064804077,1024.433837890625,1020.4193115234375,0.9997928738594055,335.82183837890625,498.9292907714844,0.9972906708717346,333.1570739746094,610.5125122070312,0.999281108379364,276.4761657714844,552.6758422851562,0.998816728591919,386.39404296875,558.3780517578125,0.9958086013793945,710.9235229492188,497.6906433105469,0.996505856513977,754.926025390625,714.5750122070312,0.9996987581253052,685.4650268554688,596.7821044921875,0.9936191439628601,780.1222534179688,570.2698364257812,0.9913874268531799,347.7967224121094,698.0361328125,0.9472405314445496,369.1358642578125,688.9569702148438,0.3680550158023834,385.7095947265625,705.0242919921875,0.54039067029953,543.4857788085938,755.283203125,0.9550186991691589,440.056884765625,773.14892578125,0.9445444345474243,515.2774047851562,675.0272827148438,0.45175856351852417,429.4091796875,671.1324462890625,0.39012619853019714,595.9837646484375,737.970947265625,0.912604808807373,589.9038696289062,824.3284301757812,0.9970703125,653.82568359375,878.9835815429688,0.5149527192115784,211.91021728515625,580.8553466796875,0.6572722792625427
304,85.70097351074219,117.14542388916016,0.9998488426208496,1000.1121215820312,78.64447784423828,0.9996832609176636,91.41329193115234,1030.52880859375,0.9997943043708801,1020.7898559570312,1021.7683715820312,0.999021053314209,336.70916748046875,498.65203857421875,0.9979149699211121,332.7270812988281,610.9227294921875,0.9993653893470764,276.60662841796875,552.6502685546875,0.9994111061096191,386.9103698730469,559.1348876953125,0.9976909160614014,711.13671875,496.4143981933594,0.9962563514709473,754.1327514648438,712.8704223632812,0.9997596144676208,683.7503051757812,593.015625,0.9930889010429382,781.8052978515625,570.9540405273438,0.9899941086769104,355.3352355957031,681.664306640625,0.9264993071556091,375.376953125,686.0707397460938,0.5596718788146973,384.7259826660156,690.5000610351562,0.6144924163818359,536.9904174804688,753.6543579101562,0.9286084771156311,452.22210693359375,774.7080078125,0.6819490790367126,451.41363525390625,672.6271362304688,0.8118642568588257,432.5376892089844,672.1179809570312,0.7975347638130188,597.2385864257812,738.636474609375,0.7069919109344482,591.7772216796875,824.937255859375,0.9962431192398071,633.843505859375,870.2443237304688,0.6732993721961975,820.9326171875,990.5135498046875,0.9130452871322632
305,86.07365417480469,117.40657043457031,0.9998395442962646,999.9102783203125,77.80867004394531,0.9998013377189636,89.26763916015625,1030.1165771484375,0.9999138116836548,1022.7048950195312,1020.95166015625,0.9996639490127563,333.9727478027344,498.5169677734375,0.9980688691139221,334.0002746582031,611.268310546875,0.9990712404251099,276.1285400390625,554.2271118164062,0.9990718364715576,385.8846740722656,557.0443115234375,0.9969967603683472,711.5156860351562,496.54486083984375,0.9965278506278992,754.3605346679688,713.4116821289062,0.9997574687004089,685.6271362304688,593.4891967773438,0.9935897588729858,781.347412109375,567.5831298828125,0.9852654337882996,367.06719970703125,687.6546020507812,0.5491051077842712,396.2873229980469,691.5081787109375,0.4996596574783325,419.0462646484375,702.9595336914062,0.4587215483188629,536.0839233398438,755.1473388671875,0.995625376701355,451.71319580078125,765.9508056640625,0.755058765411377,518.4004516601562,680.6456909179688,0.5238965153694153,589.6666870117188,730.0344848632812,0.24898099899291992,598.186279296875,735.611572265625,0.9581887125968933,593.98291015625,826.0525512695312,0.9963670969009399,637.9164428710938,873.0617065429688,0.7970456480979919,679.6861572265625,897.5971069335938,0.20851996541023254
306,86.96775817871094,115.58623504638672,0.9996932744979858,1000.0341186523438,79.0380630493164,0.9997742772102356,90.26197052001953,1030.8392333984375,0.9998412132263184,1023.4343872070312,1021.489013671875,0.9996708631515503,335.0958557128906,498.62518310546875,0.9968984127044678,333.91253662109375,611.6409912109375,0.9990352392196655,276.56414794921875,554.521728515625,0.9983322024345398,386.4470520019531,557.989013671875,0.9982715845108032,711.7734985351562,496.92694091796875,0.9966020584106445,753.6370239257812,714.2889404296875,0.9996882677078247,686.3759765625,592.3348388671875,0.9938477873802185,781.2288818359375,565.7615966796875,0.9855546951293945,425.31683349609375,760.8236083984375,0.05657673627138138,428.6282043457031,703.1627197265625,0.017146844416856766,439.4713134765625,702.8983154296875,0.07891573011875153,530.6400146484375,754.2971801757812,0.99349445104599,448.091552734375,753.7608642578125,0.9911805987358093,430.2847900390625,745.8486328125,0.44978785514831543,507.23468017578125,800.1229858398438,0.7120797634124756,597.9636840820312,737.3159790039062,0.9419700503349304,595.2417602539062,824.5947875976562,0.9980530738830566,735.6531372070312,929.6978759765625,0.6868243217468262,679.063232421875,897.47705078125,0.41361498832702637
307,86.49458312988281,118.01045227050781,0.9997851252555847,1000.0581665039062,78.7716064453125,0.999527096748352,89.15472412109375,1029.7626953125,0.999920129776001,1019.8543090820312,1020.7238159179688,0.9992805123329163,332.6961364746094,498.52899169921875,0.9971117973327637,335.9715576171875,611.8667602539062,0.9993612170219421,276.0523986816406,554.2997436523438,0.9976619482040405,386.09130859375,554.0427856445312,0.998121440410614,712.4168701171875,498.0385437011719,0.9968616962432861,752.8602294921875,714.502197265625,0.999599277973175,686.1876220703125,591.4287109375,0.9886815547943115,779.7556762695312,568.2024536132812,0.989096462726593,392.2415771484375,641.5489501953125,0.3165952265262604,452.15203857421875,704.8071899414062,0.3615235388278961,459.0050354003906,714.5804443359375,0.44975823163986206,533.7587890625,756.7696533203125,0.988602876663208,456.9790954589844,750.5059814453125,0.9699468016624451,531.5225830078125,685.7758178710938,0.31578943133354187,508.14141845703125,800.561767578125,0.986789882183075,598.443115234375,734.8103637695312,0.8424273133277893,593.6027221679688,823.0580444335938,0.9887738227844238,745.2996826171875,938.226318359375,0.674396276473999,756.7847290039062,946.5983276367188,0.11067909002304077
308,85.69345092773438,118.039794921875,0.9996963739395142,1000.9567260742188,77.06942749023438,0.9995183944702148,90.03214263916016,1029.787109375,0.9998658895492554,1022.77587890625,1020.6729125976562,0.999607503414154,335.28985595703125,498.3506774902344,0.9972450733184814,335.2674865722656,612.5902709960938,0.9993343949317932,276.8564147949219,554.7274780273438,0.9986742734909058,386.2666320800781,556.812744140625,0.9987542629241943,712.3765869140625,497.0686950683594,0.9947707056999207,753.5057373046875,714.5491943359375,0.9997783303260803,687.5050048828125,592.6021728515625,0.994885265827179,780.6380004882812,569.1693725585938,0.9894940257072449,416.2347717285156,619.5220336914062,0.5406889915466309,436.6546630859375,630.045654296875,0.7621680498123169,457.8899230957031,663.8112182617188,0.6620111465454102,507.6830749511719,725.2188110351562,0.9481295943260193,442.0824279785156,709.3331909179688,0.8444435596466064,491.6046447753906,650.6713256835938,0.9440616369247437,504.93817138671875,793.8473510742188,0.9520124197006226,600.0533447265625,740.6614379882812,0.9132479429244995,592.8936767578125,819.8307495117188,0.9959825277328491,643.9010009765625,872.5921630859375,0.9641286730766296,767.3046875,954.9306030273438,0.430844247341156
309,86.25880432128906,117.2127914428711,0.9998047947883606,1000.3116455078125,80.21477508544922,0.9998316764831543,90.89878845214844,1029.0596923828125,0.999921441078186,1020.7374267578125,1021.2312622070312,0.9991525411605835,335.341796875,498.268798828125,0.997174859046936,334.363525390625,612.248779296875,0.9993730187416077,276.6794738769531,554.3629760742188,0.9984884262084961,385.9179382324219,557.9525146484375,0.9987855553627014,712.1968383789062,496.68206787109375,0.9953363537788391,754.8971557617188,714.9237060546875,0.999625563621521,686.77197265625,592.9107055664062,0.9932863116264343,782.6797485351562,569.4013061523438,0.9905651807785034,430.92767333984375,750.105224609375,0.20902106165885925,464.8049011230469,690.0234985351562,0.8162428140640259,471.2824401855469,703.6754760742188,0.8953431844711304,544.5023803710938,760.0419921875,0.9884498119354248,478.8074645996094,756.065185546875,0.9436610341072083,504.18829345703125,651.578125,0.9660847783088684,506.188720703125,791.0867919921875,0.8690318465232849,601.1333618164062,746.9078369140625,0.844620406627655,594.5152587890625,823.2568969726562,0.9985871315002441,653.1473999023438,879.7996215820312,0.9612807631492615,743.0945434570312,932.0427856445312,0.3333911895751953
310,85.7032699584961,116.48518371582031,0.9999239444732666,999.02978515625,81.4744644165039,0.999914288520813,90.22459411621094,1030.256591796875,0.9999010562896729,1023.060302734375,1020.2210083007812,0.9996247291564941,336.05963134765625,498.3377685546875,0.9984626770019531,334.6538391113281,612.6179809570312,0.999302864074707,276.711669921875,553.2634887695312,0.9980459213256836,387.52655029296875,558.4107666015625,0.9980449676513672,715.6671752929688,494.91973876953125,0.9868282079696655,753.5748291015625,713.9183349609375,0.999531626701355,686.93017578125,591.7380981445312,0.9954952001571655,784.0567626953125,568.1484375,0.989738404750824,436.6353454589844,747.456298828125,0.6262649297714233,468.98236083984375,676.3382568359375,0.9948292374610901,474.6237487792969,694.5310668945312,0.6366910338401794,539.0934448242188,761.5853271484375,0.9923818707466125,449.78375244140625,734.7118530273438,0.6928646564483643,550.0159912109375,714.5543212890625,0.553936779499054,507.0718994140625,787.3984985351562,0.9390022158622742,599.9931030273438,755.6759643554688,0.9110128283500671,592.6239624023438,821.284912109375,0.9967553019523621,636.61669921875,868.4061279296875,0.9791112542152405,700.114990234375,910.7298583984375,0.765872061252594
311,85.35445404052734,114.79829406738281,0.9998751878738403,1001.1536865234375,79.72327423095703,0.9996511936187744,90.0553207397461,1029.1666259765625,0.999863862991333,1022.7577514648438,1021.529052734375,0.9989851117134094,336.37384033203125,498.43292236328125,0.9978697299957275,334.0838928222656,612.0968017578125,0.999116837978363,276.4798278808594,553.4671020507812,0.9980208873748779,387.47259521484375,558.8998413085938,0.9972841739654541,709.9161987304688,496.5872497558594,0.9973112344741821,754.3978881835938,714.40234375,0.9996780157089233,686.4317626953125,591.61328125,0.99714595079422,782.8214111328125,567.6736450195312,0.9894802570343018,446.568603515625,638.87255859375,0.43508124351501465,472.25323486328125,679.3212890625,0.7405328750610352,475.05023193359375,691.0549926757812,0.5271050333976746,545.09814453125,755.3956909179688,0.9706615805625916,446.81671142578125,721.635009765625,0.6790269017219543,547.993896484375,708.321533203125,0.4309486150741577,509.9827880859375,786.8473510742188,0.800570011138916,601.5020751953125,750.892822265625,0.9632760882377625,593.9661865234375,822.2883911132812,0.9861958026885986,653.1696166992188,878.6371459960938,0.9839905500411987,729.949951171875,925.5978393554688,0.8075847625732422
312,86.3189926147461,116.47296142578125,0.9998303651809692,999.7882080078125,81.51714324951172,0.9998857975006104,90.57848358154297,1028.8199462890625,0.9998971223831177,1023.1507568359375,1021.3389282226562,0.9994235038757324,336.74981689453125,498.25640869140625,0.9976533055305481,332.4451599121094,611.2586669921875,0.9994530081748962,276.6989440917969,552.2694702148438,0.9988123178482056,387.3818359375,559.2648315429688,0.9978674650192261,711.2840576171875,494.7646484375,0.9947974681854248,754.6279296875,714.6572875976562,0.9997496008872986,685.1463623046875,592.631591796875,0.9942541718482971,783.3067016601562,568.72509765625,0.9919101595878601,446.3795166015625,671.5159301757812,0.014006556943058968,481.5780944824219,690.718505859375,0.7697554230690002,486.261474609375,700.6121826171875,0.3562414348125458,548.3101196289062,760.744384765625,0.8838410377502441,463.7462463378906,738.0257568359375,0.748204231262207,553.7303466796875,704.97412109375,0.10118977725505829,521.0050048828125,791.0518798828125,0.631639301776886,603.9865112304688,748.6197509765625,0.8143889307975769,595.5758056640625,821.3358764648438,0.9984709620475769,650.4945068359375,874.7496337890625,0.9333528876304626,718.3873901367188,916.970458984375,0.4993593692779541
313,84.95623779296875,117.21617889404297,0.9998781681060791,999.758056640625,80.76778411865234,0.9997660517692566,89.63455200195312,1030.268798828125,0.9998772144317627,1022.5487060546875,1021.3698120117188,0.9996033310890198,337.0624694824219,498.1886291503906,0.997445821762085,333.56951904296875,611.7034912109375,0.9993855953216553,277.2381591796875,553.3228759765625,0.9986133575439453,386.4925842285156,557.4127807617188,0.9968846440315247,713.0712890625,495.1459655761719,0.9859989881515503,755.0360717773438,715.636962890625,0.999768078327179,684.0309448242188,594.3145141601562,0.9922646284103394,781.0717163085938,571.951171875,0.9934238195419312,455.92852783203125,657.2313842773438,0.4868623912334442,499.12835693359375,707.017333984375,0.930807888507843,494.50738525390625,707.1401977539062,0.5622932314872742,548.2501831054688,770.7728271484375,0.9838941693305969,478.2962341308594,757.4744262695312,0.8127008676528931,531.3484497070312,663.3524169921875,0.3900805711746216,524.9495849609375,799.8072509765625,0.8981608748435974,599.5245361328125,751.47802734375,0.1052989512681961,588.3269653320312,818.0033569335938,0.9965903759002686,641.6870727539062,867.7468872070312,0.5235275030136108,683.3265991210938,894.9502563476562,0.7166680097579956
314,85.63496398925781,114.79742431640625,0.9998706579208374,999.5286254882812,78.11279296875,0.9998310804367065,88.81095123291016,1028.858642578125,0.999941349029541,1023.8259887695312,1021.1119384765625,0.9997261166572571,337.5050964355469,498.058837890625,0.9980406165122986,332.7208557128906,611.3994140625,0.9994329810142517,277.3537902832031,551.84814453125,0.9988099336624146,386.06085205078125,558.6495971679688,0.9965481162071228,713.4024658203125,495.0797424316406,0.9893296360969543,754.2378540039062,715.0902709960938,0.9997743964195251,685.51513671875,593.177978515625,0.9953670501708984,784.5634155273438,565.1508178710938,0.9888427257537842,470.5304260253906,637.2406616210938,0.32892850041389465,512.7166748046875,717.03076171875,0.9231044054031372,509.1584777832031,730.4871826171875,0.5415504574775696,551.211669921875,775.692138671875,0.9951876401901245,473.77032470703125,739.51171875,0.9632140398025513,571.3508911132812,693.7255249023438,0.6405198574066162,529.3351440429688,798.9195556640625,0.8457183837890625,602.1263427734375,758.874267578125,0.7602989077568054,590.775390625,818.246826171875,0.9935376048088074,652.9359741210938,874.1022338867188,0.9021499752998352,733.188232421875,928.1690063476562,0.24850870668888092
315,85.19282531738281,114.00279235839844,0.9998067021369934,998.7548217773438,80.29942321777344,0.9998875856399536,89.17228698730469,1028.96240234375,0.9998810291290283,1023.9928588867188,1021.238037109375,0.9995798468589783,339.2132263183594,497.9781494140625,0.9974284768104553,332.8384094238281,611.7566528320312,0.9994955062866211,277.9929504394531,552.2481079101562,0.998428225517273,386.6324462890625,559.8594360351562,0.9977766871452332,713.2525024414062,495.5887145996094,0.9966825842857361,754.7534790039062,714.4628295898438,0.9996963739395142,684.8992309570312,592.9010009765625,0.9944179058074951,783.9380493164062,561.4822998046875,0.990149974822998,503.3729553222656,630.457275390625,0.3527953326702118,514.2548217773438,713.7152099609375,0.8573639392852783,509.4363098144531,678.0711059570312,0.7217741012573242,558.6864013671875,771.5164794921875,0.9992706179618835,494.09765625,767.2001342773438,0.796772837638855,585.2184448242188,712.1181640625,0.17201197147369385,540.84912109375,802.8795166015625,0.9229881167411804,610.3765869140625,756.1312255859375,0.9136258363723755,596.0554809570312,821.9332885742188,0.9981461763381958,633.1888427734375,869.3624877929688,0.8123090863227844,682.5899047851562,896.832275390625,0.5256330370903015
316,85.07575988769531,115.31936645507812,0.9997783303260803,999.8500366210938,76.59117126464844,0.9995878338813782,90.72396850585938,1029.4727783203125,0.9998979568481445,1021.80078125,1020.9878540039062,0.9993802309036255,336.73504638671875,497.7640075683594,0.9950157999992371,332.2059020996094,610.8231811523438,0.9995768666267395,277.4891052246094,552.7230224609375,0.9985295534133911,385.8858642578125,559.2061767578125,0.9980175495147705,712.4150390625,495.0906066894531,0.9935814142227173,754.4765625,713.47021484375,0.9997981190681458,684.184814453125,592.2771606445312,0.9941873550415039,785.1815185546875,559.5369262695312,0.9929574728012085,496.4082946777344,633.5612182617188,0.906228244304657,512.1517333984375,701.0748291015625,0.8601241111755371,532.8200073242188,757.54345703125,0.7269682884216309,560.8834228515625,779.7496948242188,0.9970210194587708,492.6939697265625,769.6702880859375,0.9628275632858276,573.077880859375,701.3698120117188,0.9668429493904114,538.768310546875,805.0708618164062,0.9684550166130066,606.1056518554688,771.674072265625,0.33752530813217163,590.9169921875,822.8294067382812,0.9717919230461121,643.76123046875,872.8953857421875,0.8935761451721191,741.9911499023438,932.1475830078125,0.8627161979675293
317,86.10967254638672,118.06757354736328,0.9995500445365906,998.6663208007812,77.96513366699219,0.9997527003288269,90.02151489257812,1029.839599609375,0.9998552799224854,1021.8273315429688,1021.1290893554688,0.9992421865463257,336.92852783203125,498.2459716796875,0.9973933696746826,333.76953125,611.1956176757812,0.9995284080505371,278.1150817871094,552.94580078125,0.9992855191230774,386.1618347167969,559.0174560546875,0.9984610080718994,709.8344116210938,497.1488952636719,0.9965997338294983,755.35986328125,714.48583984375,0.9997687935829163,685.2728271484375,593.3136596679688,0.9941791296005249,785.11669921875,561.5337524414062,0.9763481020927429,498.4687194824219,637.777587890625,0.8474603295326233,517.6685180664062,709.4724731445312,0.945745587348938,534.2178344726562,760.0689086914062,0.9005765914916992,558.7490844726562,779.0819702148438,0.9966716766357422,503.98968505859375,774.0845947265625,0.9563226699829102,580.7803344726562,698.9844360351562,0.8850747346878052,540.588623046875,808.6040649414062,0.9334971308708191,606.72412109375,768.0330810546875,0.5658988952636719,589.9655151367188,821.8256225585938,0.9886627793312073,651.1417236328125,876.758056640625,0.9707395434379578,738.5137939453125,932.1276245117188,0.21313035488128662
318,86.50385284423828,115.73600006103516,0.999677300453186,999.467041015625,77.3178482055664,0.999842643737793,91.1259536743164,1030.247314453125,0.999914288520813,1020.6036987304688,1022.1363525390625,0.9995126724243164,336.5960693359375,497.8470458984375,0.9962124824523926,333.3352966308594,610.6943359375,0.9994487166404724,277.7953186035156,552.6936645507812,0.998548686504364,385.857421875,557.5693969726562,0.9970300197601318,711.8447265625,496.1592102050781,0.996095597743988,753.871337890625,713.7694702148438,0.9996734857559204,684.8796997070312,593.2744140625,0.9897374510765076,782.498046875,566.72412109375,0.9865937232971191,497.35791015625,635.7661743164062,0.7874884605407715,516.4921264648438,703.72705078125,0.9484859704971313,534.768310546875,759.4061279296875,0.7802700996398926,562.6611938476562,782.04052734375,0.996987521648407,493.4699401855469,769.2138671875,0.9332729578018188,575.4132690429688,696.0116577148438,0.877604603767395,541.5886840820312,808.5523071289062,0.913713276386261,612.1017456054688,770.9638671875,0.43360888957977295,591.5805053710938,823.2291870117188,0.9932571649551392,737.5773315429688,929.4282836914062,0.9416541457176208,740.5547485351562,929.6063842773438,0.7971161603927612
319,85.860595703125,116.90754699707031,0.9997997879981995,998.5042724609375,80.30720520019531,0.9999037981033325,89.94461822509766,1030.1090087890625,0.9998635053634644,1020.3623657226562,1021.9015502929688,0.9996540546417236,336.8025207519531,498.0129699707031,0.9959784746170044,334.09344482421875,610.9659423828125,0.9979977011680603,277.9915466308594,552.1213989257812,0.997816801071167,385.877197265625,558.6069946289062,0.9973452687263489,709.853759765625,496.75225830078125,0.9931733012199402,753.74951171875,713.0836791992188,0.9997401833534241,685.8231811523438,595.4899291992188,0.9921619296073914,782.9697265625,563.2793579101562,0.9792624711990356,485.1120300292969,637.0162353515625,0.5334030985832214,499.08349609375,650.6657104492188,0.8640639185905457,536.3842163085938,762.5560913085938,0.979557454586029,557.5502319335938,782.5697631835938,0.9942994117736816,504.97235107421875,775.192626953125,0.9847978949546814,581.302978515625,709.5654907226562,0.6108360886573792,537.4783325195312,809.27734375,0.8761283159255981,608.8660278320312,773.7304077148438,0.7874894142150879,588.4736938476562,823.0285034179688,0.9985111355781555,655.1046752929688,879.3754272460938,0.9687586426734924,737.3043823242188,929.74853515625,0.9714403748512268
320,85.9673843383789,116.57559967041016,0.9998764991760254,999.4388427734375,80.25114440917969,0.9998457431793213,91.79824829101562,1029.7696533203125,0.9998132586479187,1024.3837890625,1020.9673461914062,0.9992534518241882,334.95477294921875,498.4437255859375,0.9976953864097595,334.5431213378906,610.8465576171875,0.9987779259681702,278.3286437988281,553.3642578125,0.9985760450363159,386.0544128417969,558.0419311523438,0.9976430535316467,710.4913330078125,496.0579528808594,0.9957844614982605,753.9406127929688,713.0582275390625,0.9996680021286011,684.9239501953125,591.4154663085938,0.9945933222770691,783.9976196289062,559.9847412109375,0.9905415177345276,475.5853271484375,665.7962646484375,0.21558676660060883,490.5872497558594,665.75439453125,0.10901360213756561,498.4896240234375,668.8482666015625,0.10995630919933319,554.6834106445312,788.12060546875,0.6995759606361389,492.8849182128906,757.1043090820312,0.09934424608945847,491.641357421875,758.0105590820312,0.4171680212020874,589.9667358398438,752.96875,0.37530088424682617,608.91552734375,767.0152587890625,0.17734959721565247,591.8842163085938,825.134521484375,0.9579567909240723,734.6250610351562,929.6578369140625,0.913028359413147,741.31396484375,933.0750732421875,0.571168065071106
321,85.76881408691406,117.24227905273438,0.9995450377464294,998.6400756835938,79.17517852783203,0.9998724460601807,90.15641021728516,1029.693359375,0.9998618364334106,1023.3366088867188,1019.7794799804688,0.9993966817855835,333.5528259277344,498.2572326660156,0.9979923963546753,335.2176513671875,610.6514282226562,0.9990136623382568,277.6019287109375,553.656494140625,0.9987667798995972,385.53167724609375,555.4686279296875,0.9971849322319031,710.499267578125,495.6912841796875,0.9945880174636841,755.2350463867188,714.0770263671875,0.9997010827064514,686.7589721679688,593.1682739257812,0.9968364238739014,783.2088623046875,563.1432495117188,0.9882935285568237,582.3438110351562,789.7188110351562,0.33517494797706604,525.1101684570312,642.4303588867188,0.43582046031951904,529.2630615234375,654.4257202148438,0.8083332777023315,546.3896484375,725.7020263671875,0.056416552513837814,573.1296997070312,698.4701538085938,0.23548339307308197,494.6369323730469,759.0388793945312,0.18837644159793854,549.8005981445312,651.3196411132812,0.41461023688316345,613.086669921875,760.62353515625,0.1272605061531067,590.3173828125,816.7745971679688,0.5938996076583862,647.5502319335938,872.1953125,0.8827130198478699,743.4788818359375,934.9461669921875,0.3605879247188568
322,85.9966049194336,114.91500091552734,0.9997599720954895,1000.4134521484375,78.82029724121094,0.9997847676277161,90.35843658447266,1029.8958740234375,0.9998995065689087,1022.789794921875,1021.4431762695312,0.9993512034416199,333.98614501953125,498.6005554199219,0.9982728958129883,334.813720703125,611.3577880859375,0.9992546439170837,277.99420166015625,554.4010620117188,0.9992502331733704,385.9126281738281,557.3031616210938,0.9979719519615173,712.27490234375,495.81854248046875,0.9954842329025269,755.364501953125,713.8040771484375,0.9997233748435974,686.7969970703125,592.2318115234375,0.992211103439331,783.331787109375,561.289306640625,0.9840023517608643,514.8756713867188,640.93359375,0.1454934924840927,523.773193359375,656.4881591796875,0.7096521854400635,522.5889892578125,668.5901489257812,0.519103467464447,531.0936889648438,725.681640625,0.2669256925582886,506.9186706542969,689.3182983398438,0.5189594030380249,496.3073425292969,790.9111328125,0.18823270499706268,586.939697265625,710.763671875,0.1195402517914772,585.359375,740.1450805664062,0.14884011447429657,591.761962890625,811.2706298828125,0.9442513585090637,646.4654541015625,869.2546997070312,0.9706271290779114,771.17431640625,958.2560424804688,0.7604507207870483
323,84.23514556884766,115.2957534790039,0.999885082244873,1000.0449829101562,78.94586181640625,0.9998688697814941,89.41011047363281,1029.8255615234375,0.9998713731765747,1022.0081176757812,1020.5371704101562,0.9995136260986328,334.2714538574219,498.07318115234375,0.9976403713226318,334.6595458984375,610.6788940429688,0.999401330947876,278.2386474609375,554.5989379882812,0.9986411929130554,386.4083251953125,556.9896240234375,0.9977737069129944,710.6881713867188,498.24853515625,0.9979532957077026,755.9169311523438,712.6730346679688,0.9994365572929382,685.9342041015625,592.4171142578125,0.9962676167488098,783.9112548828125,563.70751953125,0.9926877021789551,494.7438049316406,644.46240234375,0.10408291965723038,514.025634765625,653.9930419921875,0.8391902446746826,523.5042114257812,671.870361328125,0.9581245183944702,533.8536376953125,730.8782958984375,0.838639497756958,471.5699157714844,704.3674926757812,0.3815321922302246,465.5727233886719,765.6026611328125,0.9182640314102173,598.9131469726562,728.990234375,0.125589519739151,602.3673095703125,738.4307250976562,0.8952641487121582,589.2777709960938,813.940673828125,0.9797130823135376,649.6201782226562,870.124755859375,0.9938541650772095,820.9346313476562,989.7052001953125,0.5806543827056885
324,85.1443862915039,116.47652435302734,0.9999338388442993,998.770263671875,76.9299087524414,0.9999171495437622,90.10952758789062,1029.530517578125,0.9998655319213867,1022.4782104492188,1021.6683349609375,0.9989734888076782,333.5131530761719,497.6215515136719,0.9978935122489929,334.9277038574219,611.2543334960938,0.999438464641571,276.958251953125,554.428466796875,0.9983161687850952,385.9321594238281,557.2172241210938,0.9973188042640686,713.3637084960938,496.33245849609375,0.9969401359558105,753.882568359375,714.16845703125,0.9996160268783569,686.82275390625,592.6995849609375,0.9951053857803345,783.3748779296875,566.8904418945312,0.986017644405365,494.6253967285156,659.5377807617188,0.2602391839027405,506.8969421386719,669.8905639648438,0.4398405849933624,511.1437683105469,680.4775390625,0.5767894387245178,536.2842407226562,739.865478515625,0.983795166015625,462.3044738769531,720.9660034179688,0.7455934286117554,459.9363708496094,785.18994140625,0.5993273854255676,578.2322387695312,706.7073974609375,0.8561688661575317,593.258056640625,744.5615844726562,0.6533288359642029,587.2985229492188,814.6725463867188,0.9935399889945984,661.1211547851562,878.754638671875,0.9928285479545593,816.9932250976562,993.0675048828125,0.47631531953811646
325,84.75422668457031,118.30304718017578,0.9997876286506653,997.7465209960938,80.34385681152344,0.9999252557754517,89.90061950683594,1029.675537109375,0.9998767375946045,1021.5657348632812,1021.4571533203125,0.9992666840553284,333.05755615234375,498.0964050292969,0.9973123073577881,335.0215759277344,611.8245239257812,0.9994117021560669,277.1458740234375,555.41162109375,0.9988207221031189,385.8025817871094,556.1694946289062,0.9975887537002563,714.0093994140625,495.6268615722656,0.994834303855896,755.7952880859375,713.7044677734375,0.9995282888412476,685.7349853515625,591.3920288085938,0.9947782754898071,783.8761596679688,562.260498046875,0.984699547290802,582.24072265625,826.7100830078125,0.42675647139549255,507.6199035644531,679.2244262695312,0.4919942319393158,520.5014038085938,796.7889404296875,0.6426997184753418,527.3790893554688,745.7908325195312,0.9365561604499817,455.6956787109375,727.35693359375,0.2308320701122284,576.3182983398438,720.4525756835938,0.14118023216724396,578.1069946289062,721.0167236328125,0.32282307744026184,584.7267456054688,758.505126953125,0.6117140054702759,592.4895629882812,819.5227661132812,0.8822426795959473,662.8024291992188,880.9385986328125,0.9660862684249878,821.8388061523438,992.1018676757812,0.4982248544692993
326,84.81204986572266,116.45513153076172,0.9999232292175293,997.4141235351562,78.84971618652344,0.9999383687973022,90.00472259521484,1030.4222412109375,0.999881386756897,1023.7440185546875,1020.3272094726562,0.99973064661026,332.3927917480469,498.07904052734375,0.9980762004852295,335.99029541015625,611.008544921875,0.9992737174034119,277.00152587890625,555.25830078125,0.9985818862915039,385.86260986328125,555.0584106445312,0.9983083009719849,711.394775390625,497.11517333984375,0.9947645664215088,755.3505859375,713.6316528320312,0.9996592998504639,685.6116333007812,591.204345703125,0.9959926009178162,781.9468994140625,562.4613037109375,0.9885709881782532,517.0808715820312,892.6482543945312,0.9323071837425232,504.1875,680.9708862304688,0.6299632787704468,510.40185546875,695.6857299804688,0.8542079329490662,519.8123168945312,761.5707397460938,0.8595812916755676,511.0056457519531,848.4541625976562,0.9636082649230957,502.2762145996094,840.728271484375,0.4726472795009613,578.0283203125,712.223388671875,0.7194810509681702,505.8236083984375,848.1377563476562,0.15489087998867035,586.9337768554688,812.3042602539062,0.9837284684181213,667.616455078125,883.774169921875,0.9495016932487488,820.1990966796875,992.9698486328125,0.6932739615440369
327,85.25582122802734,119.05624389648438,0.9998737573623657,999.9647216796875,79.02861785888672,0.9998076558113098,90.53082275390625,1029.6270751953125,0.9999349117279053,1024.2689208984375,1021.3386840820312,0.9996610879898071,332.7195739746094,497.8975830078125,0.9968243837356567,335.87860107421875,610.691162109375,0.9990953207015991,277.5217590332031,554.4571533203125,0.9982960820198059,386.30584716796875,554.602294921875,0.9980005621910095,711.204345703125,496.6763000488281,0.9970681071281433,755.0304565429688,714.0558471679688,0.9997194409370422,686.9287109375,592.1815795898438,0.9950909614562988,782.2083129882812,564.1531982421875,0.9854734539985657,513.7665405273438,891.3811645507812,0.5848385095596313,419.9492492675781,815.2656860351562,0.9205819368362427,430.6866455078125,811.3199462890625,0.9553382992744446,519.1012573242188,754.6688842773438,0.9799690842628479,508.26251220703125,836.5184326171875,0.973233163356781,520.395751953125,684.685302734375,0.7390375137329102,574.72412109375,780.1774291992188,0.9996610879898071,578.1799926757812,702.2222900390625,0.1532863974571228,606.6121215820312,798.5126953125,0.6258577704429626,630.5060424804688,862.6774291992188,0.8904985189437866,684.2666625976562,902.8165283203125,0.7599205374717712
328,85.1902847290039,113.41357421875,0.9997143149375916,999.2742309570312,78.58927154541016,0.9998897314071655,91.15055084228516,1029.668701171875,0.9998764991760254,1021.5694580078125,1022.0728759765625,0.9989370703697205,335.0821533203125,497.7431335449219,0.9959207773208618,333.9934387207031,611.1908569335938,0.999653697013855,278.3333740234375,552.1749877929688,0.9983179569244385,385.5869445800781,557.9703369140625,0.9977182149887085,711.9362182617188,496.4251403808594,0.998094379901886,755.6480102539062,714.44775390625,0.9996412992477417,685.5360717773438,591.0578002929688,0.9976511597633362,781.8313598632812,567.24853515625,0.9928175210952759,391.92474365234375,800.5009155273438,0.9040234684944153,473.3744812011719,688.748779296875,0.786716878414154,483.8796691894531,696.2484130859375,0.7825717926025391,520.8777465820312,747.0463256835938,0.8774421215057373,495.6171875,837.0835571289062,0.7590129375457764,513.3920288085938,679.7705078125,0.8283689022064209,568.75537109375,782.0938110351562,0.9507991671562195,559.9906005859375,788.5602416992188,0.8167730569839478,597.8084716796875,809.097900390625,0.9142125844955444,643.0248413085938,882.2992553710938,0.7407158613204956,820.5589599609375,988.4302368164062,0.44823789596557617
329,86.47925567626953,115.95756530761719,0.9998168349266052,998.5735473632812,76.79120635986328,0.9999583959579468,90.67263793945312,1029.5045166015625,0.9999266862869263,1022.9608764648438,1022.1722412109375,0.9994155168533325,335.53314208984375,497.68701171875,0.9955675005912781,333.9208679199219,610.346435546875,0.9996230602264404,277.0796813964844,552.5550537109375,0.9986680746078491,385.72357177734375,556.7990112304688,0.9976415634155273,709.9929809570312,498.46697998046875,0.998354434967041,755.1124877929688,713.0911254882812,0.9994953870773315,688.578125,593.1306762695312,0.9977056384086609,781.8571166992188,569.2552490234375,0.9925118684768677,575.6492919921875,679.3815307617188,0.03653625771403313,580.1328125,699.716064453125,0.06751679629087448,534.7332763671875,718.2900390625,0.4869157671928406,490.3139953613281,744.8333129882812,0.5598136782646179,461.1700744628906,697.1431274414062,0.11251211166381836,554.6974487304688,770.7662353515625,0.39494240283966064,550.6412963867188,784.1915283203125,0.9614118933677673,549.1937255859375,784.7685546875,0.5732686519622803,601.3912963867188,817.8121337890625,0.9794559478759766,747.7564697265625,939.4730834960938,0.7909116744995117,747.1671752929688,937.8035888671875,0.4875651001930237
330,85.68750762939453,116.2746810913086,0.9998114705085754,999.5563354492188,80.623291015625,0.9998646974563599,89.26624298095703,1028.5960693359375,0.9999030828475952,1021.9644775390625,1021.3026733398438,0.9991768002510071,335.5110168457031,498.1488342285156,0.9951528310775757,333.4842529296875,608.7210083007812,0.9995976090431213,277.08502197265625,551.6143188476562,0.9988839030265808,385.7666931152344,555.98486328125,0.9977266192436218,709.7366943359375,498.2051086425781,0.996715784072876,755.2655029296875,713.452880859375,0.99921715259552,686.1370239257812,592.3306274414062,0.9954142570495605,779.576416015625,562.172607421875,0.9869750738143921,448.5475158691406,731.7927856445312,0.023396894335746765,448.4425048828125,730.1452026367188,0.004143411293625832,556.3458251953125,762.8981323242188,0.054087162017822266,502.397705078125,720.2787475585938,0.9209014177322388,464.8736267089844,660.2190551757812,0.00523414695635438,441.4862365722656,743.6580810546875,0.24743807315826416,560.0188598632812,785.8876342773438,0.4244675636291504,466.932861328125,661.0408935546875,0.20245766639709473,602.8213500976562,820.9031982421875,0.9924536347389221,746.520263671875,940.1456909179688,0.7869014143943787,677.0073852539062,904.646728515625,0.6787910461425781
331,84.54669952392578,118.69876098632812,0.999805748462677,998.2584228515625,78.20401763916016,0.9998793601989746,89.62245178222656,1028.7388916015625,0.9998805522918701,1023.049560546875,1019.973388671875,0.9997894167900085,334.3973693847656,498.2337341308594,0.9979401230812073,333.856689453125,610.7301635742188,0.999198853969574,276.41119384765625,555.1017456054688,0.9985432624816895,386.5032043457031,556.3433837890625,0.9966824650764465,712.6956176757812,499.3232727050781,0.997094988822937,753.9163818359375,714.2586669921875,0.9997077584266663,684.6673583984375,599.12744140625,0.9309070110321045,778.6585693359375,574.392822265625,0.9654444456100464,594.49267578125,793.362548828125,0.9502628445625305,563.546142578125,771.2135620117188,0.17106042802333832,529.6929931640625,741.5569458007812,0.033688656985759735,522.1723022460938,721.7155151367188,0.558508574962616,466.2866516113281,694.36083984375,0.019110819324851036,496.5937194824219,768.6290893554688,0.3788858950138092,483.46466064453125,712.937744140625,0.0891173928976059,462.35870361328125,695.4744262695312,0.27582186460494995,487.17578125,790.68896484375,0.6828612089157104,753.1033935546875,947.9623413085938,0.015123910270631313,628.7711791992188,867.4360961914062,0.894402265548706
332,86.49397277832031,117.1732406616211,0.9997395873069763,998.9182739257812,77.24522399902344,0.9998942613601685,91.56067657470703,1031.02099609375,0.9997661709785461,1022.9365234375,1022.25048828125,0.9992904663085938,335.8919982910156,498.18292236328125,0.9970840811729431,334.2033996582031,611.5350952148438,0.999600350856781,276.9118957519531,553.5889282226562,0.9974378347396851,385.8319091796875,557.2884521484375,0.9978748559951782,711.9521484375,498.089111328125,0.9983592629432678,755.8858032226562,714.2211303710938,0.9997370839118958,685.4573364257812,595.6768798828125,0.9924331903457642,781.0996704101562,564.082275390625,0.9970155954360962,610.506591796875,795.9380493164062,0.9934269189834595,604.7197265625,786.1417236328125,0.21806246042251587,581.36328125,765.6102905273438,0.2719379961490631,529.5348510742188,709.6475219726562,0.9460181593894958,595.1641235351562,744.5511474609375,0.023831194266676903,510.4938659667969,775.1691284179688,0.6909177303314209,578.5664672851562,687.3308715820312,0.07044144719839096,573.0001220703125,684.3040771484375,0.03596974536776543,505.46649169921875,793.5787963867188,0.023951159790158272,738.6741333007812,938.15673828125,0.11597338318824768,736.0786743164062,936.0430908203125,0.683551549911499
333,85.5277328491211,118.38182830810547,0.9998273849487305,998.7938842773438,80.4221420288086,0.9999401569366455,90.17850494384766,1029.726318359375,0.9998179078102112,1023.0438842773438,1020.2279052734375,0.999539852142334,336.044921875,497.4713439941406,0.9967945218086243,333.7032165527344,610.9098510742188,0.9996547698974609,276.1524963378906,552.6356811523438,0.9987378716468811,386.1936340332031,558.1743774414062,0.9966991543769836,714.5803833007812,495.82427978515625,0.9988778233528137,755.62548828125,715.4406127929688,0.9997686743736267,684.5985107421875,595.2623291015625,0.9841898083686829,784.0144653320312,566.4178466796875,0.9913014769554138,624.127685546875,796.6859741210938,0.998579740524292,600.5021362304688,706.1587524414062,0.3762461543083191,581.9816284179688,707.9080200195312,0.751373291015625,531.8011474609375,704.8947143554688,0.937966525554657,573.3522338867188,676.51904296875,0.5803946256637573,566.47509765625,776.4948120117188,0.6873358488082886,531.3890991210938,670.8219604492188,0.03415517136454582,490.1100769042969,670.4093627929688,0.06668124347925186,515.2465209960938,788.6297607421875,0.11293383687734604,733.8357543945312,949.1651000976562,0.001739029074087739,728.67626953125,937.3773193359375,0.8229101896286011
334,85.5562744140625,116.92608642578125,0.9996237754821777,1000.0269165039062,81.3730239868164,0.9999439716339111,91.46520233154297,1029.7916259765625,0.9997057318687439,1020.1324462890625,1020.4156494140625,0.9993347525596619,337.84832763671875,497.550048828125,0.9966596364974976,333.38323974609375,611.5257568359375,0.9996473789215088,277.3959045410156,552.0507202148438,0.9983715415000916,386.63531494140625,558.86865234375,0.9976910352706909,715.467529296875,494.6195983886719,0.9957327246665955,755.134521484375,713.5811157226562,0.9994617104530334,685.52197265625,592.966552734375,0.9918388724327087,783.1217041015625,560.777587890625,0.9936121106147766,622.9060668945312,797.8062744140625,0.9983901977539062,614.4280395507812,778.091064453125,0.06121473014354706,590.9815063476562,718.5556640625,0.12832637131214142,535.59765625,703.3438110351562,0.9742310643196106,586.9819946289062,681.1121215820312,0.07239702343940735,510.1114501953125,764.8478393554688,0.18626415729522705,524.9630126953125,674.2434692382812,0.3303263783454895,488.8294982910156,679.0404663085938,0.4298514723777771,504.7378234863281,657.4365234375,0.0631900355219841,657.7867431640625,859.8019409179688,0.5210512280464172,661.8805541992188,861.9949340820312,0.8869304060935974
335,85.86713409423828,118.08776092529297,0.9998856782913208,998.9240112304688,82.63475036621094,0.9999544620513916,90.2041244506836,1030.0029296875,0.9998471736907959,1022.3529663085938,1021.5067138671875,0.9991082549095154,338.8381652832031,498.0056457519531,0.9978026747703552,333.11883544921875,611.207763671875,0.9997205138206482,277.1366882324219,550.4824829101562,0.9988168478012085,386.6952209472656,559.0562133789062,0.9985839128494263,714.4959716796875,495.6989440917969,0.9951776266098022,755.221435546875,713.0103759765625,0.9991980195045471,684.3184204101562,590.5950927734375,0.9932408332824707,783.975830078125,560.9495849609375,0.9960632920265198,618.37255859375,802.0025634765625,0.9200904369354248,508.81390380859375,767.8129272460938,0.06171022728085518,587.1483764648438,748.1868286132812,0.038320984691381454,552.4658203125,691.7726440429688,0.9358612298965454,610.4231567382812,751.5963745117188,0.49625805020332336,627.61572265625,696.6204223632812,0.9699478149414062,490.65863037109375,718.1959838867188,0.14874359965324402,497.8756408691406,666.6950073242188,0.32297754287719727,527.8475341796875,637.5296630859375,0.4243146777153015,764.4442138671875,945.9566040039062,0.385140597820282,659.5606079101562,861.6687622070312,0.5249472260475159
336,85.9009017944336,117.72262573242188,0.9999516010284424,998.6783447265625,78.66537475585938,0.9998016953468323,89.11878204345703,1028.3983154296875,0.9998750686645508,1019.9503173828125,1020.4752807617188,0.9991468191146851,337.71734619140625,498.128173828125,0.9973576664924622,331.6323547363281,611.0225219726562,0.9996168613433838,277.1725769042969,550.7478637695312,0.9991344809532166,386.3791809082031,559.9423217773438,0.9979050159454346,713.3436279296875,496.5287780761719,0.9948510527610779,754.9913330078125,715.165283203125,0.9997498393058777,684.8589477539062,591.3624267578125,0.9959239959716797,784.14404296875,560.3944702148438,0.9924262762069702,618.3569946289062,797.5342407226562,0.6567291617393494,610.9324340820312,793.9781494140625,0.2528539001941681,614.7658081054688,682.9304809570312,0.3732277750968933,560.1246948242188,698.24609375,0.05574078857898712,598.874267578125,672.2174072265625,0.5599225759506226,626.5650634765625,704.2864379882812,0.8289914727210999,569.103515625,654.8977661132812,0.1630505621433258,519.8817749023438,648.21728515625,0.11210094392299652,529.8677368164062,637.082763671875,0.3931019604206085,668.1190185546875,867.3772583007812,0.8839967250823975,772.2720947265625,953.4786376953125,0.9660604596138
337,85.97246551513672,119.39470672607422,0.9997226595878601,999.2399291992188,81.99571990966797,0.9999566078186035,88.94303894042969,1029.7193603515625,0.9998379945755005,1022.6707763671875,1021.4519653320312,0.9992695450782776,337.2680969238281,498.0484619140625,0.9966349005699158,332.4085388183594,611.76416015625,0.9996557235717773,277.3028564453125,551.6556396484375,0.9986392855644226,386.2854919433594,558.570556640625,0.9974333643913269,712.3076782226562,495.8509216308594,0.9967408776283264,753.7910766601562,714.4898681640625,0.9996727705001831,685.245849609375,591.8793334960938,0.9930329322814941,782.4091796875,562.9243774414062,0.9884931445121765,613.7279052734375,798.741455078125,0.9890090823173523,603.5686645507812,787.581298828125,0.4912077486515045,603.800537109375,678.962646484375,0.3999997675418854,560.6654052734375,711.7896118164062,0.510547935962677,608.7156372070312,748.1260375976562,0.9809189438819885,619.8570556640625,698.4612426757812,0.884607195854187,552.7940673828125,659.8396606445312,0.10824725776910782,492.0606689453125,698.0996704101562,0.053334791213274,637.1885986328125,838.0421142578125,0.05940083786845207,750.2875366210938,939.711181640625,0.5295969843864441,756.3824462890625,945.0433349609375,0.2157464623451233
338,86.63520812988281,118.69268035888672,0.9998568296432495,998.7881469726562,80.86347961425781,0.9999165534973145,88.21392822265625,1030.68603515625,0.9997621178627014,1023.393798828125,1021.577880859375,0.9990472197532654,336.9661865234375,498.2489929199219,0.9973526000976562,333.2132568359375,611.2271118164062,0.9996091723442078,276.9734802246094,552.7471923828125,0.9979690909385681,385.6820983886719,557.3441772460938,0.9965932965278625,713.7452392578125,497.3559875488281,0.9941207766532898,754.41455078125,714.7109985351562,0.9997583031654358,686.2007446289062,593.6528930664062,0.9929647445678711,785.023193359375,563.6122436523438,0.9934089183807373,601.8956909179688,797.1063842773438,0.2961116135120392,591.4991455078125,784.4435424804688,0.263700932264328,561.0369262695312,759.336181640625,0.2252739667892456,550.2571411132812,691.41357421875,0.9683881402015686,602.7586059570312,753.02880859375,0.9920533895492554,594.8126831054688,659.499755859375,0.27804604172706604,592.7886352539062,655.063720703125,0.9231430292129517,554.7968139648438,633.0224609375,0.35560548305511475,625.7606201171875,839.053955078125,0.19687999784946442,758.080078125,946.0474853515625,0.2835313677787781,715.54931640625,896.5533447265625,0.7984363436698914
339,85.55778503417969,117.56590270996094,0.9998231530189514,999.2191162109375,80.7409896850586,0.999944806098938,89.32954406738281,1030.640625,0.9997697472572327,1023.5737915039062,1021.1988525390625,0.999452531337738,336.7326965332031,498.5872802734375,0.997533917427063,332.4673767089844,610.0372924804688,0.9994456171989441,277.4316101074219,552.7780151367188,0.9986019730567932,386.0365905761719,557.3341674804688,0.9978771209716797,711.64697265625,498.4353332519531,0.9962533712387085,754.0087280273438,714.7617797851562,0.9996610879898071,686.2814331054688,593.657470703125,0.9897346496582031,784.0922241210938,564.0980834960938,0.9916683435440063,550.5427856445312,557.1895141601562,0.42954128980636597,528.32177734375,559.9580078125,0.45288321375846863,537.5770263671875,579.9213256835938,0.861139714717865,549.9160766601562,708.1347045898438,0.6394360661506653,507.96038818359375,606.92138671875,0.5765584111213684,569.1446533203125,595.1024169921875,0.9920210242271423,492.82421875,755.7557983398438,0.669842541217804,603.5366821289062,762.5197143554688,0.266616553068161,566.24853515625,820.877197265625,0.5572619438171387,678.7625122070312,862.0530395507812,0.845135509967804,762.0646362304688,951.2609252929688,0.50397127866745
340,85.99455261230469,118.30464935302734,0.9997907280921936,999.3235473632812,80.44615173339844,0.9999288320541382,89.4343490600586,1031.2158203125,0.9998310804367065,1021.5413208007812,1020.8212280273438,0.9995786547660828,337.3554382324219,498.3028259277344,0.9968225955963135,333.1426696777344,611.11181640625,0.9995143413543701,277.3118896484375,552.7167358398438,0.9990359544754028,385.6036376953125,557.472412109375,0.9983739852905273,712.734130859375,498.03271484375,0.9970784187316895,753.3556518554688,713.824462890625,0.9993426203727722,684.935791015625,591.7684936523438,0.9942408800125122,782.5374145507812,566.2659912109375,0.9926084876060486,512.5498046875,499.7086181640625,0.9982383251190186,512.2645874023438,516.3873901367188,0.8351402282714844,520.0121459960938,542.6588745117188,0.9822315573692322,544.7761840820312,706.2389526367188,0.6227845549583435,491.3245849609375,636.1248779296875,0.7151710987091064,562.1593627929688,581.17724609375,0.9899105429649353,497.8683166503906,780.1967163085938,0.3844752609729767,601.5601196289062,759.9910278320312,0.8540524244308472,541.7303466796875,829.7769775390625,0.25226080417633057,706.3029174804688,868.3425903320312,0.760155439376831,727.227294921875,897.6473388671875,0.2616412043571472
341,85.09664154052734,116.81011962890625,0.9998542070388794,999.2518310546875,78.96302032470703,0.9998268485069275,89.99104309082031,1030.651123046875,0.9997963309288025,1023.677490234375,1021.9296264648438,0.9993844032287598,337.5832214355469,498.3487243652344,0.996547520160675,332.9637756347656,611.692138671875,0.9994741082191467,277.45416259765625,551.6787109375,0.9991059899330139,386.739013671875,557.1769409179688,0.9974300265312195,713.6220092773438,495.2516784667969,0.996842622756958,752.9468994140625,713.5985107421875,0.9993570446968079,684.5995483398438,590.3720092773438,0.9948634505271912,782.3916015625,562.50927734375,0.9939077496528625,503.49713134765625,461.5985412597656,0.99280846118927,501.4591979980469,482.28326416015625,0.9560811519622803,522.6394653320312,583.9273681640625,0.9770613312721252,541.6734008789062,700.9423217773438,0.899888277053833,482.5182189941406,629.8604736328125,0.9949944019317627,569.5137329101562,596.110595703125,0.9992652535438538,485.7115783691406,780.0694580078125,0.13781341910362244,606.2646484375,770.7990112304688,0.831663966178894,575.8017578125,835.4188842773438,0.45120400190353394,724.0613403320312,899.511474609375,0.6458950042724609,728.0372924804688,906.0104370117188,0.18255802989006042
342,83.94366455078125,117.44799041748047,0.9998419284820557,998.428955078125,78.96826934814453,0.9999239444732666,90.1058578491211,1030.8475341796875,0.9996856451034546,1023.0781860351562,1021.1533203125,0.9995763897895813,336.4569091796875,497.9356689453125,0.9963222742080688,333.15301513671875,611.7872924804688,0.9993684887886047,277.6607666015625,550.6259765625,0.9989774227142334,386.7344970703125,556.70947265625,0.9962766766548157,716.0750732421875,495.5252685546875,0.9942096471786499,753.2341918945312,713.180419921875,0.9995203018188477,685.02587890625,592.1011962890625,0.9937301874160767,784.4149780273438,564.4797973632812,0.9898689985275269,496.47564697265625,461.87139892578125,0.999106228351593,510.78692626953125,523.9144287109375,0.9583637714385986,516.9762573242188,551.3698120117188,0.9524846076965332,537.8907470703125,693.4027709960938,0.9008983969688416,480.892578125,608.8412475585938,0.9871070981025696,564.2334594726562,575.64306640625,0.9998160004615784,486.55743408203125,780.5504150390625,0.8193427324295044,609.560546875,747.7062377929688,0.9756184220314026,586.7906494140625,830.6748657226562,0.49756887555122375,699.7754516601562,860.8322143554688,0.8053392171859741,745.3869018554688,930.8172607421875,0.14082880318164825
343,84.39466094970703,116.97261810302734,0.9998705387115479,1000.8399047851562,80.83525848388672,0.9996492862701416,89.08302307128906,1030.9267578125,0.9997368454933167,1022.4652099609375,1020.1903076171875,0.9997450709342957,336.36419677734375,498.1645812988281,0.9944673776626587,333.2273254394531,611.8463134765625,0.9994433522224426,277.0561218261719,549.8363647460938,0.9990202188491821,387.3986511230469,555.7965087890625,0.9973873496055603,712.44873046875,497.54083251953125,0.9876744151115417,753.1069946289062,712.50244140625,0.9991278052330017,684.0405883789062,587.995849609375,0.9932795166969299,780.8347778320312,560.2324829101562,0.9828804135322571,478.9439392089844,453.7960510253906,0.9984989166259766,503.12066650390625,494.6050720214844,0.9883660078048706,513.5841674804688,524.1710815429688,0.9897538423538208,535.6168212890625,669.43017578125,0.9768327474594116,479.04473876953125,589.9715576171875,0.9805653095245361,563.2807006835938,570.6465454101562,0.9989284873008728,478.8001403808594,766.9356689453125,0.9959897398948669,605.5932006835938,729.9804077148438,0.9966567754745483,591.1668090820312,834.6463623046875,0.48510587215423584,701.1714477539062,866.0187377929688,0.8947139382362366,742.1109008789062,906.2573852539062,0.424699604511261
344,84.46878814697266,116.7328872680664,0.999930739402771,999.27685546875,78.7803955078125,0.9996703863143921,90.23711395263672,1030.8175048828125,0.9997820258140564,1022.3765258789062,1020.4303588867188,0.9995476603507996,336.52276611328125,497.7616882324219,0.9959734082221985,333.158203125,611.4396362304688,0.9995793700218201,277.568359375,550.7496948242188,0.9985979199409485,386.44464111328125,554.2730102539062,0.9870516061782837,713.9790649414062,495.4722595214844,0.9954854846000671,752.8430786132812,713.1464233398438,0.9990725517272949,684.4048461914062,591.5787963867188,0.9927990436553955,781.98046875,566.2486572265625,0.9916722178459167,465.3848876953125,483.7834777832031,0.9990725517272949,502.5617980957031,504.8717346191406,0.9967639446258545,521.0615234375,535.73779296875,0.9987843632698059,534.989501953125,669.2681274414062,0.9807707667350769,471.17340087890625,592.8936157226562,0.9947029948234558,571.3627319335938,567.9644165039062,0.9987719655036926,482.3992614746094,764.24853515625,0.9905449151992798,600.5357666015625,730.5648803710938,0.7201469540596008,568.8225708007812,819.4215698242188,0.27207639813423157,707.7369995117188,879.3433227539062,0.777853786945343,747.0113525390625,914.9229125976562,0.6655663847923279
345,85.42041778564453,117.8551025390625,0.9999231100082397,1000.5658569335938,78.55335998535156,0.9997732043266296,89.89200592041016,1030.4559326171875,0.9997881054878235,1023.2011108398438,1020.6095581054688,0.9996333122253418,335.884521484375,498.57147216796875,0.9956455826759338,332.5462951660156,611.1578369140625,0.9993342757225037,277.6891174316406,550.5757446289062,0.9984329342842102,386.77557373046875,554.3406372070312,0.9898719191551208,715.3599243164062,494.7379455566406,0.9956385493278503,753.5964965820312,713.4041137695312,0.999386191368103,685.1806640625,592.9427490234375,0.9892222881317139,783.71826171875,561.0790405273438,0.9893946051597595,446.0003662109375,508.0449523925781,0.9982471466064453,500.4142761230469,527.293701171875,0.9924750924110413,522.2626953125,552.6243896484375,0.9933551549911499,545.3836059570312,681.7174072265625,0.987682044506073,482.24468994140625,619.5443725585938,0.989402174949646,576.261474609375,575.194091796875,0.996698796749115,488.29931640625,759.9403686523438,0.9918688535690308,604.1307983398438,735.5670776367188,0.9488828182220459,566.2937622070312,818.3757934570312,0.40843433141708374,638.3504028320312,855.644775390625,0.5774075388908386,756.7346801757812,937.007568359375,0.7179211974143982
346,86.37574005126953,117.14473724365234,0.9998021721839905,997.8576049804688,81.66726684570312,0.9999295473098755,89.86380767822266,1029.784423828125,0.9998487234115601,1022.1179809570312,1021.1162109375,0.999626874923706,336.251953125,497.8117370605469,0.9968909621238708,333.1925354003906,610.5121459960938,0.9991039633750916,277.504638671875,550.9357299804688,0.9985054731369019,383.5539245605469,549.923583984375,0.9936333894729614,712.818359375,497.5858459472656,0.997962474822998,753.250244140625,713.9644165039062,0.9992015957832336,684.96044921875,592.1641845703125,0.9737421870231628,782.5513916015625,564.0994873046875,0.9947330951690674,428.2535400390625,538.1793212890625,0.9396401047706604,494.89984130859375,545.8491821289062,0.9920090436935425,519.9207153320312,567.7460327148438,0.99017333984375,548.8822021484375,685.2022094726562,0.9758070111274719,479.1040344238281,631.4723510742188,0.8668476939201355,570.7432861328125,583.0990600585938,0.9875699877738953,495.9351806640625,769.0847778320312,0.9323046803474426,606.4112548828125,737.8289184570312,0.9794663190841675,567.7352294921875,824.078125,0.806794285774231,636.6878051757812,863.15478515625,0.5450157523155212,742.3101806640625,909.1455078125,0.9747455716133118
347,85.86017608642578,117.6304931640625,0.9999037981033325,1000.3117065429688,81.92234802246094,0.9999241828918457,89.43016815185547,1029.700439453125,0.9998576641082764,1023.0693969726562,1021.4105834960938,0.9995620846748352,336.2843017578125,498.3706359863281,0.9978395700454712,332.32373046875,611.6558837890625,0.9994088411331177,277.3639221191406,551.5531005859375,0.9983218312263489,382.6467590332031,548.9710693359375,0.9951105713844299,715.914794921875,495.0395202636719,0.993380069732666,753.596923828125,713.7687377929688,0.9994438290596008,686.107177734375,595.6007080078125,0.989916980266571,782.99755859375,562.9996337890625,0.9938318729400635,404.2386169433594,551.4649658203125,0.9838500022888184,438.4618225097656,552.4090576171875,0.9068142175674438,467.67279052734375,567.399658203125,0.702118456363678,541.3665161132812,691.69970703125,0.9792568683624268,464.6759338378906,646.989990234375,0.6413853168487549,540.630615234375,588.0234375,0.9570907950401306,493.18341064453125,767.6823120117188,0.9826126098632812,607.8216552734375,749.2833862304688,0.9950775504112244,579.9755249023438,825.125732421875,0.8399452567100525,722.1580200195312,880.9588623046875,0.7621626257896423,720.396240234375,881.5343017578125,0.8955800533294678
348,86.3454360961914,117.89378356933594,0.9997835755348206,999.5177612304688,82.34508514404297,0.9999557733535767,90.4971694946289,1030.01513671875,0.9999135732650757,1021.3673095703125,1021.1460571289062,0.9992207288742065,334.24774169921875,498.3983154296875,0.9936385750770569,333.0146789550781,608.8890380859375,0.9996304512023926,277.1246643066406,554.6648559570312,0.9953911304473877,379.82708740234375,542.7326049804688,0.9973344802856445,714.3987426757812,496.1315002441406,0.9946633577346802,753.6026611328125,713.9794311523438,0.999542236328125,688.2371215820312,593.7618408203125,0.9975752234458923,782.8815307617188,559.7423095703125,0.9816051125526428,387.4040832519531,570.8649291992188,0.8441979289054871,438.7934265136719,594.598388671875,0.9829880595207214,474.7855529785156,615.0612182617188,0.9461215734481812,540.5089111328125,704.3865966796875,0.9151363372802734,455.66650390625,668.4844970703125,0.9869935512542725,524.1616821289062,609.7362060546875,0.6647368669509888,492.4998779296875,778.7532958984375,0.9842200875282288,615.1651000976562,737.2557983398438,0.8451889157295227,578.8685302734375,826.7388916015625,0.9825930595397949,756.8333740234375,907.0396118164062,0.7438030242919922,844.4920654296875,1010.7734985351562,0.26193055510520935
349,84.81951141357422,117.83680725097656,0.9998112320899963,998.987548828125,81.06947326660156,0.9999188184738159,89.90826416015625,1029.20947265625,0.9998856782913208,1022.4608154296875,1021.106689453125,0.9997376799583435,333.2374267578125,498.75225830078125,0.9975519776344299,332.472412109375,605.586181640625,0.9978533387184143,277.2746276855469,556.3397827148438,0.9934735894203186,382.4072265625,545.8565063476562,0.997576892375946,712.8117065429688,496.78350830078125,0.9940882921218872,752.6940307617188,713.5950317382812,0.9993535876274109,686.941650390625,592.2957763671875,0.9909895658493042,782.3220825195312,562.064208984375,0.9769468903541565,362.4753112792969,599.810791015625,0.8589768409729004,426.51190185546875,625.4923706054688,0.8839898705482483,464.7183532714844,641.866943359375,0.9710772633552551,542.934326171875,720.3926391601562,0.9931192398071289,454.3152770996094,701.6243286132812,0.9960020184516907,510.8439636230469,622.3658447265625,0.8965501189231873,492.8979797363281,778.823974609375,0.9973049163818359,607.1271362304688,725.3970336914062,0.9095829725265503,578.9774169921875,825.5720825195312,0.998072624206543,764.3333129882812,912.56494140625,0.7836798429489136,837.0971069335938,1010.09130859375,0.875350296497345
350,85.03007507324219,118.8175277709961,0.9995403289794922,999.6212768554688,80.37850189208984,0.9999109506607056,90.1444320678711,1029.143798828125,0.9998786449432373,1024.1392822265625,1020.601806640625,0.9995167255401611,333.71990966796875,498.059814453125,0.9981482028961182,341.2265625,603.5416870117188,0.9951751232147217,277.4989013671875,554.5159912109375,0.9978885054588318,386.1264343261719,552.151123046875,0.9991886019706726,713.9492797851562,496.5608825683594,0.9910202622413635,753.4155883789062,713.699462890625,0.9995911717414856,684.7321166992188,591.675048828125,0.9921789169311523,783.1466064453125,562.4246215820312,0.9817376732826233,330.6966552734375,631.3582763671875,0.9952510595321655,361.73321533203125,639.7482299804688,0.9798083901405334,448.107421875,659.0878295898438,0.9661449790000916,543.50732421875,721.9472045898438,0.990433931350708,450.64642333984375,712.3843383789062,0.9942132830619812,488.8642272949219,625.5450439453125,0.947223961353302,499.70782470703125,787.3251953125,0.9987868666648865,603.0269165039062,735.760009765625,0.8883417248725891,578.2122802734375,826.1161499023438,0.9849632382392883,743.7039794921875,899.7990112304688,0.9352812767028809,839.1203002929688,1009.8282470703125,0.8548590540885925
351,84.46450805664062,118.45006561279297,0.9997405409812927,999.2211303710938,79.35214233398438,0.9998351335525513,89.8211669921875,1029.126708984375,0.9998897314071655,1021.7405395507812,1020.834228515625,0.9990034699440002,335.2044982910156,498.5360412597656,0.9976016879081726,336.2808837890625,606.7937622070312,0.9979281425476074,277.4316711425781,553.4400024414062,0.9972245693206787,384.674072265625,552.9127807617188,0.9994138479232788,716.0181274414062,496.455078125,0.9945217370986938,753.8834228515625,712.9017944335938,0.9993841648101807,686.71044921875,591.7265014648438,0.9874256253242493,782.8634643554688,563.6110229492188,0.9946107864379883,329.5917663574219,683.9039306640625,0.5370846390724182,406.7272033691406,681.2341918945312,0.8138210773468018,443.6691589355469,685.547607421875,0.9889158010482788,537.3775634765625,731.3942260742188,0.9831831455230713,448.8740539550781,735.3673706054688,0.9313610792160034,467.47467041015625,641.492919921875,0.9363227486610413,496.431640625,790.6589965820312,0.9973461627960205,601.076171875,737.9497680664062,0.9409933090209961,584.738525390625,824.5211791992188,0.9998194575309753,752.688720703125,907.8621826171875,0.9939111471176147,836.3809814453125,1014.51806640625,0.746491014957428
352,83.1510238647461,119.35442352294922,0.9996899366378784,998.5950317382812,80.14769744873047,0.9999339580535889,90.42940521240234,1029.623779296875,0.999920129776001,1022.5272827148438,1020.8030395507812,0.9995148181915283,336.9283142089844,497.6961364746094,0.9961879849433899,333.54547119140625,609.920654296875,0.9994999170303345,277.32501220703125,551.8993530273438,0.9983741044998169,386.7956237792969,555.2615966796875,0.9980581402778625,710.8326416015625,497.6200256347656,0.997579038143158,754.4979858398438,714.0089721679688,0.9997475743293762,686.7736206054688,594.1963500976562,0.9947033524513245,781.0030517578125,568.3193359375,0.9948583841323853,323.93609619140625,720.8306884765625,0.9930099248886108,365.41168212890625,708.2675170898438,0.5087161064147949,439.7966613769531,707.2512817382812,0.49121591448783875,539.1632080078125,735.5855102539062,0.9614346623420715,461.97015380859375,747.623779296875,0.9866816997528076,453.16314697265625,659.5478515625,0.9068268537521362,508.0733947753906,793.4217529296875,0.9475170373916626,597.0816650390625,732.9641723632812,0.9759474396705627,584.2344970703125,824.2813720703125,0.9996053576469421,760.8518676757812,915.565185546875,0.976061224937439,849.2592163085938,1014.9647216796875,0.5598061680793762
353,85.11083984375,116.67719268798828,0.9997414946556091,998.1022338867188,80.60850524902344,0.9999376535415649,89.78346252441406,1029.3060302734375,0.9998718500137329,1022.9471435546875,1020.5108032226562,0.9997956156730652,337.176025390625,498.3471984863281,0.9960674047470093,332.8669128417969,611.4199829101562,0.9992222785949707,277.89935302734375,552.0634765625,0.9967272281646729,386.9216613769531,555.569580078125,0.9952883720397949,712.5794677734375,497.7066345214844,0.9977120161056519,752.9927368164062,711.7838134765625,0.9995924830436707,685.4345092773438,591.9863891601562,0.9940114617347717,779.2652587890625,567.5064086914062,0.9883410334587097,312.5795593261719,756.7191162109375,0.9187460541725159,402.2942810058594,733.3356323242188,0.9858877062797546,435.9915771484375,721.3450317382812,0.9947589039802551,536.5250244140625,730.3461303710938,0.9907655715942383,459.5578918457031,761.2581787109375,0.99122554063797,444.8366394042969,673.6658935546875,0.9230654835700989,523.0870971679688,798.2509765625,0.7706508040428162,592.3095703125,727.8309326171875,0.922938346862793,587.9369506835938,824.6212158203125,0.9989722967147827,754.3405151367188,914.749267578125,0.9555098414421082,804.2150268554688,994.582275390625,0.04836422950029373
354,85.25320434570312,116.9883804321289,0.9996329545974731,998.6588134765625,78.65512084960938,0.9999470710754395,89.69123840332031,1029.6363525390625,0.999897837638855,1023.734130859375,1020.4163208007812,0.999693751335144,337.64373779296875,498.44097900390625,0.9965977072715759,334.0570068359375,610.0509033203125,0.999286949634552,277.4311218261719,552.667236328125,0.9962453246116638,386.6922607421875,554.5262451171875,0.9966731071472168,714.723388671875,496.8713684082031,0.9922059178352356,753.8590698242188,713.13525390625,0.9996943473815918,686.1463012695312,592.7655639648438,0.9934131503105164,784.0044555664062,565.4451293945312,0.9919163584709167,286.8863830566406,790.5027465820312,0.9752269983291626,328.744384765625,775.6240844726562,0.9213528633117676,368.6286315917969,758.6533203125,0.32408246397972107,534.8133544921875,726.1607666015625,0.7074487209320068,449.1009826660156,778.0362548828125,0.9827508330345154,422.603759765625,687.3240356445312,0.36420324444770813,526.877197265625,792.8197631835938,0.9477150440216064,595.4873046875,717.1705932617188,0.9698535799980164,592.8509521484375,822.7825927734375,0.9998680353164673,761.2479248046875,914.6898193359375,0.9493460655212402,847.6461791992188,1011.0878295898438,0.28977635502815247
355,86.24406433105469,118.15845489501953,0.9997116923332214,999.0546264648438,80.17697143554688,0.9997912049293518,89.09381866455078,1029.7275390625,0.9998769760131836,1021.0211181640625,1020.6134643554688,0.99973064661026,336.45330810546875,498.6717529296875,0.9974660873413086,333.92022705078125,610.6478881835938,0.9994200468063354,277.1484069824219,553.0311279296875,0.9964603781700134,387.0841979980469,554.5851440429688,0.9977782368659973,713.0153198242188,496.45123291015625,0.9908466935157776,753.54248046875,713.4412231445312,0.999678373336792,685.7683715820312,595.16650390625,0.9861635565757751,784.9175415039062,569.8726196289062,0.9761949181556702,268.3195495605469,801.4096069335938,0.9820002913475037,344.2793273925781,775.45068359375,0.9532737731933594,375.27252197265625,771.2520141601562,0.9671487212181091,500.5979919433594,733.0093994140625,0.8692294359207153,426.45538330078125,800.3063354492188,0.9630876183509827,590.8695068359375,708.8600463867188,0.30806034803390503,528.8406372070312,791.1494750976562,0.9797152280807495,598.251953125,720.0851440429688,0.9565553665161133,596.3494262695312,818.4979858398438,0.9999622106552124,757.4110717773438,904.14697265625,0.8942204713821411,848.2222900390625,1015.1690063476562,0.17831367254257202
356,85.32572174072266,118.57320404052734,0.9997377991676331,998.1617431640625,78.47002410888672,0.999893307685852,89.44786834716797,1028.90673828125,0.9998887777328491,1022.64697265625,1020.3321533203125,0.9995896220207214,336.0945739746094,498.7384338378906,0.9979447722434998,335.2525939941406,611.7166748046875,0.9995146989822388,276.9184265136719,555.1126708984375,0.9964985847473145,386.93731689453125,555.1889038085938,0.9959173798561096,714.2836303710938,495.0799255371094,0.9819324016571045,753.6492919921875,714.2555541992188,0.9995031356811523,686.1730346679688,591.91259765625,0.9932575225830078,783.8869018554688,563.091796875,0.9740656018257141,273.39410400390625,793.3136596679688,0.9935537576675415,348.6006164550781,773.5400390625,0.9951494336128235,382.7651672363281,768.4202270507812,0.9700288772583008,509.11834716796875,734.0457763671875,0.4557304084300995,433.72259521484375,798.3123168945312,0.9890327453613281,405.40692138671875,713.178955078125,0.9595677256584167,534.0537109375,796.5537719726562,0.985985279083252,599.36669921875,722.69921875,0.9098454713821411,593.3399047851562,818.0760498046875,0.9995811581611633,653.6317749023438,874.3160400390625,0.9268919229507446,855.9310913085938,1013.4795532226562,0.3888663649559021
357,84.87635803222656,115.45634460449219,0.9997350573539734,999.613525390625,78.4684829711914,0.9998354911804199,89.5240707397461,1030.1324462890625,0.9998297691345215,1021.7628784179688,1019.63232421875,0.9994003772735596,336.51708984375,499.0428466796875,0.9977526068687439,334.6453857421875,610.494384765625,0.9994495511054993,276.8966369628906,554.1336059570312,0.9973094463348389,386.4415283203125,556.8873291015625,0.9961631298065186,712.78125,496.1402893066406,0.9963854551315308,753.887451171875,713.13330078125,0.999670147895813,685.16845703125,591.1080322265625,0.9943142533302307,782.7622680664062,564.2100219726562,0.9867000579833984,277.3223876953125,784.0262451171875,0.994508683681488,364.6136474609375,762.7052001953125,0.8378469347953796,400.181640625,755.163330078125,0.9478893280029297,510.2635498046875,749.2752685546875,0.9647854566574097,432.4956970214844,805.8510131835938,0.9126204252243042,422.15191650390625,710.1653442382812,0.9058041572570801,532.6510009765625,815.2973022460938,0.9898234009742737,595.45849609375,736.9124755859375,0.936609148979187,594.385498046875,825.8035278320312,0.999873161315918,737.5472412109375,896.3522338867188,0.9028050303459167,735.026611328125,892.0861206054688,0.9460038542747498
358,85.35195922851562,117.83300018310547,0.999619722366333,998.3870239257812,78.04698944091797,0.9999277591705322,89.69636535644531,1029.745361328125,0.9997876286506653,1023.19677734375,1020.5027465820312,0.999739944934845,335.9701232910156,498.7221374511719,0.9974404573440552,334.8707275390625,610.7734985351562,0.999394416809082,276.85833740234375,554.3999633789062,0.9953709244728088,387.0854187011719,555.0785522460938,0.9967118501663208,714.3528442382812,494.85748291015625,0.9968686699867249,753.5791015625,713.1210327148438,0.9996802806854248,684.2432250976562,592.1820068359375,0.9822874665260315,782.8088989257812,563.1633911132812,0.9884586930274963,286.2801513671875,764.686767578125,0.9940351843833923,374.6234130859375,754.9382934570312,0.9970550537109375,416.07080078125,745.9107055664062,0.9066687226295471,515.121337890625,747.4092407226562,0.9865304827690125,434.4547119140625,798.0989379882812,0.9932553768157959,433.8187561035156,699.7566528320312,0.9837294220924377,526.5466918945312,811.1056518554688,0.9891452789306641,592.3828735351562,734.6732177734375,0.9606937766075134,593.8963012695312,820.8858642578125,0.9997566342353821,656.643798828125,881.3836669921875,0.8721126914024353,852.2456665039062,1010.6201782226562,0.48258116841316223
359,85.94548797607422,116.00410461425781,0.9996935129165649,999.605712890625,80.56171417236328,0.9998360872268677,88.80836486816406,1028.47021484375,0.9998667240142822,1022.6630249023438,1020.677978515625,0.99959796667099,335.0845642089844,498.375244140625,0.9978240728378296,334.60662841796875,611.3535766601562,0.99937504529953,277.0068664550781,554.914794921875,0.9972213506698608,386.5981750488281,555.3804321289062,0.9970499277114868,715.2708740234375,495.42230224609375,0.9879931211471558,752.112060546875,712.9663696289062,0.9994131326675415,686.3223266601562,589.4954223632812,0.988938570022583,783.5185546875,560.5838623046875,0.9757874011993408,292.5290832519531,756.5348510742188,0.9843032360076904,390.41387939453125,738.657958984375,0.9798871278762817,433.30401611328125,725.4790649414062,0.8801658153533936,531.536865234375,735.407470703125,0.9942270517349243,449.6518249511719,779.4423828125,0.9924506545066833,464.0332336425781,685.162109375,0.4528602659702301,524.32861328125,805.40380859375,0.9722336530685425,584.4765014648438,726.5302734375,0.9633486866950989,595.1458129882812,818.3175659179688,0.9965560436248779,764.9318237304688,921.9951782226562,0.7164753675460815,694.1541137695312,888.5112915039062,0.19665148854255676
360,85.36666870117188,115.99207305908203,0.9994401335716248,1000.201416015625,82.42052459716797,0.9998351335525513,89.47672271728516,1029.22705078125,0.9998941421508789,1020.6214599609375,1019.9946899414062,0.9992884397506714,336.1717529296875,498.2650146484375,0.9979222416877747,334.43896484375,610.0462036132812,0.9995414018630981,276.93731689453125,554.7255859375,0.9979315996170044,387.6031188964844,556.649169921875,0.9967203736305237,714.8992919921875,496.26507568359375,0.9924870729446411,753.8857421875,714.2349853515625,0.9996635913848877,685.6695556640625,592.9773559570312,0.9838602542877197,783.18359375,559.1831665039062,0.9832725524902344,316.20947265625,738.6583251953125,0.8457657098770142,399.7699890136719,729.9478149414062,0.8835715651512146,443.25762939453125,718.1098022460938,0.42911675572395325,519.1514282226562,718.2669677734375,0.9834181666374207,449.6299133300781,771.291748046875,0.9472465515136719,435.8968200683594,670.8521118164062,0.8440055251121521,527.8372802734375,788.3292236328125,0.8617793917655945,585.6632080078125,722.8139038085938,0.9736364483833313,593.002197265625,806.6029052734375,0.9929667711257935,758.0208740234375,917.0289916992188,0.7900505065917969,852.6652221679688,1015.4173583984375,0.09336964040994644
361,86.6436996459961,116.73895263671875,0.999322772026062,1000.2999267578125,79.9832992553711,0.9998960494995117,88.60430145263672,1027.80126953125,0.9998598098754883,1019.9566650390625,1020.7911987304688,0.9995852112770081,331.726806640625,498.6929626464844,0.9977818131446838,335.8948669433594,611.3778686523438,0.9995679259300232,276.97161865234375,555.8162231445312,0.9991199374198914,386.7686767578125,554.1912231445312,0.9972767233848572,716.7943115234375,494.0003967285156,0.9901166558265686,752.88037109375,712.9249267578125,0.9998076558113098,685.7914428710938,593.0875244140625,0.9903867244720459,783.8981323242188,562.6322631835938,0.9892281293869019,314.2540588378906,740.7923583984375,0.6737549901008606,420.9628601074219,727.2499389648438,0.827573299407959,461.92132568359375,716.4031372070312,0.9182959794998169,520.934326171875,746.9324340820312,0.8305944204330444,451.47802734375,774.8568725585938,0.9724286198616028,482.28271484375,677.6229248046875,0.2851395010948181,524.9146118164062,797.5549926757812,0.7196049690246582,568.8975219726562,721.3427734375,0.9759155511856079,588.7349853515625,802.697265625,0.9986967444419861,756.50244140625,915.1638793945312,0.7886815667152405,847.1475219726562,1013.4669799804688,0.21402914822101593
362,86.4747085571289,117.08558654785156,0.9995980858802795,999.5751953125,79.59832000732422,0.999792754650116,90.5516586303711,1028.3267822265625,0.9998914003372192,1022.1748657226562,1021.8409423828125,0.9996021389961243,333.4773864746094,498.092529296875,0.9976882934570312,335.1196594238281,609.9439086914062,0.9996852874755859,276.58685302734375,554.945556640625,0.9989926218986511,386.7185363769531,552.97705078125,0.9975131750106812,714.1241455078125,492.6453857421875,0.9958599209785461,753.8005981445312,714.0567626953125,0.9997265934944153,687.3135986328125,594.6286010742188,0.994439959526062,782.4222412109375,564.4076538085938,0.9918519854545593,319.7641296386719,736.0540161132812,0.7802214622497559,366.6522521972656,739.573486328125,0.6916535496711731,468.0105895996094,715.1817626953125,0.3054948151111603,518.1661376953125,763.1668090820312,0.9595937132835388,433.92535400390625,776.525634765625,0.8322961330413818,503.7013854980469,706.0582275390625,0.21049953997135162,512.0189208984375,816.652587890625,0.8472108244895935,568.2412719726562,736.71728515625,0.914046049118042,583.3358764648438,807.1884155273438,0.9977349042892456,658.5213012695312,879.1961059570312,0.6783633828163147,726.4765625,907.9747924804688,0.9343834519386292
363,85.51705169677734,116.314697265625,0.999714195728302,999.6603393554688,81.01038360595703,0.9998587369918823,89.81735229492188,1029.786376953125,0.9998370409011841,1022.9766845703125,1021.1709594726562,0.9997228980064392,334.1949768066406,498.5340270996094,0.997651994228363,334.5708923339844,610.6716918945312,0.9996581077575684,276.80548095703125,555.8483276367188,0.9989375472068787,387.1391296386719,553.6724853515625,0.9981244206428528,712.502685546875,494.4353942871094,0.9950857758522034,754.927001953125,715.4896850585938,0.9997931122779846,689.0025634765625,595.3099975585938,0.9969273209571838,781.9221801757812,564.2781982421875,0.9917436242103577,417.4087219238281,814.1544189453125,0.8779062032699585,353.1698303222656,739.18896484375,0.6290265917778015,485.08184814453125,721.5592651367188,0.6528385281562805,520.23388671875,752.9231567382812,0.7068109512329102,442.8279113769531,778.8182983398438,0.06930357962846756,404.9966735839844,721.0594482421875,0.4190652370452881,517.4805297851562,704.5670776367188,0.5144549012184143,555.4906005859375,734.9131469726562,0.46336546540260315,576.509521484375,811.2703857421875,0.977577269077301,654.954345703125,880.741943359375,0.8110898733139038,738.6969604492188,921.107666015625,0.7578542828559875
364,86.21393585205078,118.7026596069336,0.9998524188995361,999.145263671875,78.90928649902344,0.9998223185539246,90.41568756103516,1028.8831787109375,0.9998747110366821,1023.7940063476562,1020.6339111328125,0.9997695088386536,335.6055908203125,498.38555908203125,0.9979954957962036,333.7627868652344,610.5451049804688,0.9995790123939514,276.8414306640625,554.7338256835938,0.9984149932861328,387.00518798828125,553.7611083984375,0.998100221157074,711.7638549804688,493.6305236816406,0.992317795753479,754.039794921875,715.467041015625,0.9998410940170288,685.4931030273438,594.5662841796875,0.9923192858695984,782.7659912109375,564.1558227539062,0.9810407757759094,293.7550354003906,725.8590698242188,0.7868877053260803,364.5843200683594,743.5601196289062,0.1829289197921753,406.58795166015625,756.5444946289062,0.37114933133125305,513.882080078125,758.0947265625,0.16668139398097992,422.4811096191406,798.0059814453125,0.7843796610832214,491.32928466796875,732.68896484375,0.502443253993988,516.05419921875,715.5341186523438,0.7339141368865967,551.651123046875,736.1809692382812,0.11640822887420654,571.3423461914062,814.9902954101562,0.9954948425292969,655.3698120117188,885.7205810546875,0.9500253796577454,752.036865234375,935.0111694335938,0.6184638738632202
365,84.64726257324219,116.58935546875,0.9999525547027588,1000.1954345703125,79.72005462646484,0.9997938275337219,89.15122985839844,1029.8160400390625,0.9998559951782227,1021.77490234375,1019.0123901367188,0.999618649482727,335.5189514160156,497.7141418457031,0.9967995882034302,334.4785461425781,610.6283569335938,0.9995593428611755,275.80029296875,555.9357299804688,0.9982324242591858,387.13494873046875,556.038330078125,0.9980599284172058,712.5225219726562,496.0613708496094,0.992887556552887,754.62939453125,714.932861328125,0.9996899366378784,685.134033203125,589.383056640625,0.995070219039917,781.2886352539062,564.9171752929688,0.980544924736023,265.7098693847656,704.6883544921875,0.9780570864677429,294.1771545410156,711.2346801757812,0.9097872972488403,310.3404541015625,719.333251953125,0.9142569899559021,480.4986267089844,767.3969116210938,0.8673731088638306,400.0289611816406,793.3644409179688,0.871913731098175,416.109130859375,696.61474609375,0.9791120290756226,461.7550354003906,816.0435180664062,0.6525973677635193,534.9763793945312,725.3977661132812,0.5384145379066467,568.4239501953125,814.010009765625,0.9974147081375122,648.4464111328125,881.1393432617188,0.8759112358093262,738.4588012695312,931.6966552734375,0.8941606879234314
366,85.49478912353516,118.64087677001953,0.9999537467956543,1000.2794189453125,79.37408447265625,0.9996119141578674,89.99088287353516,1028.9710693359375,0.9999215602874756,1023.4009399414062,1019.9920654296875,0.9996877908706665,334.6060791015625,497.9228515625,0.9958605170249939,337.2703552246094,609.04931640625,0.9986190795898438,275.36529541015625,555.0919189453125,0.9969087243080139,386.5133361816406,556.2716674804688,0.9982876181602478,714.1986083984375,495.0060729980469,0.9925485253334045,754.9407348632812,714.7149658203125,0.9998036026954651,687.5130615234375,593.7491455078125,0.9954302310943604,780.1658935546875,565.6583251953125,0.9909757971763611,246.5693359375,682.6963500976562,0.9970349073410034,358.3027648925781,721.236572265625,0.9634150266647339,392.4585876464844,732.094482421875,0.8902204632759094,479.87420654296875,759.3771362304688,0.9764957427978516,391.261962890625,782.4957885742188,0.9830347299575806,420.0936584472656,689.5288696289062,0.9817982316017151,475.2579345703125,707.0604248046875,0.4237511456012726,552.9710083007812,743.7428588867188,0.6997968554496765,581.93505859375,825.9578247070312,0.9980288147926331,661.2252807617188,888.673828125,0.9529833197593689,735.4759521484375,934.8099365234375,0.8538973331451416
367,84.53974914550781,117.6614990234375,0.9999347925186157,999.5267333984375,81.39350128173828,0.9999061822891235,89.33930206298828,1029.853515625,0.9998723268508911,1022.7791137695312,1020.2099609375,0.9998565912246704,335.81561279296875,498.19647216796875,0.9950011372566223,340.11944580078125,607.2745971679688,0.9991905093193054,275.6116943359375,556.5813598632812,0.9884989857673645,386.79736328125,557.1887817382812,0.9986972212791443,713.0020141601562,495.456298828125,0.9949443936347961,754.5541381835938,714.1143188476562,0.9996393918991089,688.7914428710938,592.5834350585938,0.9959040284156799,779.67919921875,564.9440307617188,0.9804051518440247,245.12132263183594,651.2915649414062,0.9778521060943604,345.81640625,698.5110473632812,0.9243254065513611,376.5606689453125,712.043212890625,0.9762168526649475,480.08294677734375,763.5927124023438,0.9668673872947693,382.7862243652344,765.4361572265625,0.9845547080039978,415.61663818359375,683.1345825195312,0.907078742980957,483.3348083496094,825.8458251953125,0.8862306475639343,547.977783203125,728.8053588867188,0.6183700561523438,579.9269409179688,820.171142578125,0.9979775547981262,664.3419799804688,892.4015502929688,0.9233348369598389,843.8097534179688,1012.8179931640625,0.7043153643608093
368,86.56021881103516,118.17371368408203,0.9998348951339722,999.34765625,80.40208435058594,0.999882698059082,90.03380584716797,1029.7301025390625,0.999830961227417,1022.2262573242188,1021.3931884765625,0.9994940757751465,335.1488342285156,498.22869873046875,0.9962021708488464,339.064697265625,606.636474609375,0.9990831613540649,276.2978210449219,554.553466796875,0.9974355101585388,386.5891418457031,554.7460327148438,0.9975977540016174,713.942138671875,494.89971923828125,0.9911630153656006,754.3966674804688,712.8566284179688,0.9995852112770081,688.7491455078125,594.2705688476562,0.9927588701248169,782.1136474609375,562.174560546875,0.9894723296165466,285.2894287109375,623.0985717773438,0.28779736161231995,355.2064208984375,685.440185546875,0.9555200338363647,392.1502380371094,694.3184814453125,0.9809362888336182,489.5542297363281,754.6595458984375,0.9800568222999573,392.0665283203125,751.2305908203125,0.9980776309967041,410.7603454589844,657.9454956054688,0.7646894454956055,489.8929748535156,829.9060668945312,0.9055079221725464,563.5369873046875,739.148193359375,0.8613895773887634,588.1025390625,825.7698364257812,0.9979298114776611,678.3738403320312,904.3365478515625,0.8804929852485657,205.17828369140625,595.2425537109375,0.5354477763175964
369,85.9386978149414,118.62091827392578,0.999835729598999,999.8621826171875,80.1249771118164,0.9998002648353577,90.73664855957031,1030.3306884765625,0.999862790107727,1022.7177124023438,1020.9523315429688,0.9993969202041626,335.645751953125,497.8016357421875,0.9963709115982056,338.2864685058594,601.389892578125,0.9982582926750183,276.2276916503906,555.261962890625,0.9981772899627686,386.14129638671875,550.2857055664062,0.998552143573761,714.3989868164062,494.976318359375,0.9760231971740723,754.8508911132812,713.412353515625,0.9996552467346191,685.9615478515625,595.5693359375,0.9923104047775269,781.3385620117188,568.5078735351562,0.9852142930030823,317.6216735839844,621.4661254882812,0.5564495921134949,367.2591247558594,694.28076171875,0.4111112356185913,401.7633972167969,704.5413818359375,0.8959073424339294,496.05963134765625,754.397216796875,0.9927138686180115,408.83013916015625,760.5747680664062,0.8783117532730103,435.3182067871094,668.4340209960938,0.9293888211250305,495.3565673828125,829.3819580078125,0.8365193605422974,567.8966064453125,742.517578125,0.6480365991592407,591.8826904296875,825.2647705078125,0.9981514811515808,680.9771118164062,899.7131958007812,0.6741854548454285,819.9577026367188,969.889404296875,0.9644407033920288
370,85.6383285522461,116.44586181640625,0.9997804760932922,998.0751953125,78.35121154785156,0.9999455213546753,90.82577514648438,1029.658935546875,0.9998739957809448,1022.9485473632812,1020.675537109375,0.9994888305664062,335.79876708984375,498.0951232910156,0.9973369240760803,335.41912841796875,607.5066528320312,0.99839848279953,275.93743896484375,553.9526977539062,0.9977084398269653,386.0414123535156,550.7882080078125,0.9991225600242615,712.3546142578125,496.44097900390625,0.9890585541725159,754.3887329101562,712.7565307617188,0.999678373336792,683.384765625,592.2900390625,0.9870131611824036,785.2337036132812,566.0297241210938,0.9816992282867432,347.00274658203125,624.5464477539062,0.9934563040733337,357.41363525390625,638.1734008789062,0.9799403548240662,396.4393310546875,718.7300415039062,0.8201486468315125,507.157958984375,766.6864013671875,0.9955293536186218,425.5799255371094,773.2711181640625,0.49395298957824707,433.3443908691406,676.1028442382812,0.9957746863365173,438.5343933105469,671.8007202148438,0.5136451721191406,569.7974243164062,742.1853637695312,0.9538052082061768,589.94580078125,821.165283203125,0.9978173971176147,748.5283813476562,919.5171508789062,0.6180332899093628,820.0013427734375,961.101318359375,0.8582271337509155
371,85.43553161621094,114.69938659667969,0.999733030796051,1002.4154052734375,80.27068328857422,0.9997442364692688,88.73405456542969,1028.6356201171875,0.9998689889907837,1024.2237548828125,1020.4537963867188,0.9997292160987854,336.12139892578125,497.7859802246094,0.9972254037857056,333.4325866699219,609.4636840820312,0.9997450709342957,275.7662658691406,553.3570556640625,0.9986816048622131,386.9125671386719,554.9364013671875,0.9980984330177307,712.1102905273438,495.826171875,0.9862464666366577,752.946533203125,711.9305419921875,0.9991483688354492,685.5215454101562,595.6192626953125,0.9904566407203674,783.1140747070312,569.5533447265625,0.9811745882034302,371.6768798828125,648.1805419921875,0.023744383826851845,418.0935363769531,741.3516235351562,0.11658152937889099,473.9427795410156,730.1780395507812,0.7265986800193787,532.125244140625,777.6607055664062,0.8375388383865356,471.7641296386719,702.0394897460938,0.05286940187215805,511.58740234375,704.4049072265625,0.27296188473701477,457.7591247558594,675.747802734375,0.9337523579597473,393.4403991699219,686.9716186523438,0.3947296440601349,589.7318115234375,820.9137573242188,0.9992138147354126,698.6952514648438,887.4157104492188,0.6594045162200928,809.9811401367188,946.0007934570312,0.9209587574005127
372,85.43199920654297,117.41478729248047,0.9998340606689453,1000.6347045898438,80.18818664550781,0.9996887445449829,88.9540023803711,1028.8106689453125,0.9998840093612671,1023.9234619140625,1019.7604370117188,0.9997342228889465,335.9483947753906,498.50726318359375,0.9980522394180298,334.11773681640625,610.3323364257812,0.9997153878211975,276.5609130859375,554.0624389648438,0.9991208910942078,386.35614013671875,559.1835327148438,0.9975976347923279,710.626220703125,496.7100830078125,0.9951099753379822,754.8322143554688,712.949462890625,0.9997294545173645,685.8450927734375,595.4855346679688,0.9909461736679077,781.9781494140625,567.13818359375,0.9836879968643188,449.15289306640625,626.9277954101562,0.4589111804962158,456.98236083984375,626.7705688476562,0.5224176645278931,462.23822021484375,663.1253051757812,0.776014506816864,531.7247314453125,775.9535522460938,0.6441822052001953,421.27423095703125,764.1740112304688,0.28265145421028137,455.7170715332031,762.5216064453125,0.22159630060195923,512.9473266601562,820.7902221679688,0.17404705286026,524.4154052734375,731.1856079101562,0.31762567162513733,580.5758666992188,813.7237548828125,0.9976571798324585,697.722900390625,887.3611450195312,0.6841777563095093,797.9612426757812,938.9578857421875,0.8676744699478149
373,85.61040496826172,118.74415588378906,0.999143123626709,1000.0908813476562,80.04642486572266,0.9998332262039185,88.8590087890625,1029.4910888671875,0.9998583793640137,1022.4407348632812,1019.8342895507812,0.9997971653938293,335.2594909667969,498.403564453125,0.9967907071113586,335.2571105957031,610.45263671875,0.9997958540916443,277.0702819824219,554.6561889648438,0.9993700385093689,386.1485595703125,555.8787231445312,0.99722820520401,716.0844116210938,494.8227844238281,0.9697821736335754,756.2791748046875,711.4873657226562,0.9996869564056396,685.2529296875,594.5205688476562,0.9904001355171204,781.9326782226562,566.9143676757812,0.9773937463760376,507.7044677734375,637.3644409179688,0.3310493230819702,500.9544677734375,637.40625,0.4960106909275055,495.8242492675781,657.740234375,0.8796268701553345,488.03973388671875,787.5065307617188,0.9499157071113586,468.71875,656.462158203125,0.6928970217704773,518.7074584960938,669.8740234375,0.7776045799255371,497.9081726074219,818.6848754882812,0.6178237199783325,554.0985107421875,759.0466918945312,0.803580641746521,550.7211303710938,817.7042236328125,0.9568955898284912,652.4818725585938,860.4268798828125,0.5281245708465576,789.3964233398438,935.8219604492188,0.9352318644523621
374,85.65630340576172,118.8523178100586,0.9998270869255066,999.65283203125,76.5851821899414,0.9998422861099243,90.06144714355469,1029.670166015625,0.9999176263809204,1023.1777954101562,1019.8712768554688,0.9997517466545105,336.66265869140625,498.46429443359375,0.9971359968185425,333.9546813964844,609.8305053710938,0.9997163414955139,276.4562683105469,553.5987548828125,0.9983799457550049,386.09466552734375,556.4384155273438,0.9975674152374268,711.5990600585938,497.2454528808594,0.9959332346916199,755.6166381835938,714.3806762695312,0.999765932559967,685.6267700195312,592.7775268554688,0.9923896193504333,782.0026245117188,562.0590209960938,0.9734059572219849,420.7917175292969,722.7484130859375,0.08204812556505203,528.6575317382812,643.1388549804688,0.3755505383014679,522.6160278320312,657.272216796875,0.9686771035194397,502.2909851074219,791.106201171875,0.9789733290672302,497.01690673828125,643.2880859375,0.5682276487350464,540.7926025390625,670.5846557617188,0.801727831363678,514.6227416992188,822.8536987304688,0.05253894627094269,568.2412109375,776.0084228515625,0.6632712483406067,578.4044799804688,819.7169189453125,0.4794671833515167,644.8549194335938,848.516845703125,0.506679356098175,768.8648681640625,921.363525390625,0.8048359751701355
375,85.96743774414062,116.99691772460938,0.9998832941055298,999.3428955078125,77.3123550415039,0.9997350573539734,89.67443084716797,1029.2738037109375,0.9999125003814697,1022.5023803710938,1021.1817626953125,0.99954754114151,336.98785400390625,497.9761962890625,0.996142566204071,333.4430847167969,609.900146484375,0.9996273517608643,276.88238525390625,552.91162109375,0.9992604851722717,385.60040283203125,557.7247924804688,0.9975762963294983,711.4799194335938,496.9416198730469,0.9962363839149475,753.9464111328125,713.5032348632812,0.9997099041938782,684.732421875,594.329345703125,0.9913727045059204,780.8238525390625,565.6355590820312,0.9922592043876648,585.991943359375,814.9405517578125,0.21746160089969635,553.7894287109375,669.4464721679688,0.36208921670913696,538.895263671875,680.4871826171875,0.5707820653915405,492.1900634765625,698.2820434570312,0.9459232091903687,559.008056640625,757.4725341796875,0.8623062968254089,526.0629272460938,755.7617797851562,0.8889636993408203,476.122802734375,656.5624389648438,0.1830991953611374,575.9475708007812,791.6986694335938,0.4207013249397278,590.6212768554688,819.6927490234375,0.9789799451828003,705.3153686523438,874.77783203125,0.83771812915802,770.694091796875,918.8529052734375,0.9726102948188782
376,86.28633880615234,118.33739471435547,0.9997039437294006,1000.6306762695312,79.6751708984375,0.9998582601547241,90.19539642333984,1029.8564453125,0.999915599822998,1023.3839721679688,1020.215576171875,0.9997755885124207,335.0235290527344,497.8509216308594,0.9975486397743225,335.2883605957031,611.3856201171875,0.9995032548904419,277.3348693847656,553.9592895507812,0.9993607401847839,386.1930847167969,556.0612182617188,0.9985532164573669,709.348876953125,497.34979248046875,0.9981124401092529,753.9159545898438,714.8668823242188,0.9997468590736389,683.07763671875,591.9151000976562,0.9913051724433899,782.1074829101562,562.9000854492188,0.9769061207771301,449.0011291503906,804.4638061523438,0.9705963730812073,554.0350952148438,797.4395751953125,0.1546412706375122,541.5997924804688,776.3388671875,0.16288496553897858,482.96624755859375,710.9425048828125,0.9391655325889587,554.3081665039062,752.8353271484375,0.8574336767196655,504.88909912109375,777.9454956054688,0.8528929948806763,548.0765991210938,694.6643676757812,0.16085222363471985,533.59130859375,692.5267333984375,0.053491994738578796,584.5598754882812,819.4320068359375,0.7331675291061401,690.6338500976562,865.6552734375,0.9671049118041992,768.7456665039062,917.4326782226562,0.9849429130554199
377,85.36898040771484,117.6417236328125,0.9998979568481445,999.6881103515625,81.09957122802734,0.9998846054077148,90.34159851074219,1029.97802734375,0.9998683929443359,1023.67529296875,1020.3762817382812,0.9996323585510254,336.05859375,498.36785888671875,0.9971413016319275,333.8366394042969,610.97705078125,0.9995902180671692,276.3907775878906,555.298095703125,0.998857855796814,386.3928527832031,557.4044799804688,0.9983807802200317,712.0755615234375,495.5681457519531,0.9978837370872498,754.6099853515625,714.1072387695312,0.9997788071632385,686.4224243164062,594.9327392578125,0.9915566444396973,784.5745239257812,559.8792114257812,0.9845000505447388,557.8859252929688,823.3847045898438,0.20968446135520935,551.573486328125,813.8963623046875,0.41674891114234924,541.5286865234375,795.4862670898438,0.288164347410202,506.84796142578125,726.19287109375,0.8928087949752808,461.12054443359375,780.745849609375,0.09638780355453491,435.2278137207031,723.0298461914062,0.6014392971992493,526.063232421875,696.7241821289062,0.16768114268779755,563.60205078125,741.3609008789062,0.9811916947364807,569.3927001953125,818.283447265625,0.9927226901054382,726.7559204101562,891.6688842773438,0.5166104435920715,774.014404296875,925.3877563476562,0.7498785853385925
378,85.2986068725586,118.66312408447266,0.9998853206634521,1000.173828125,77.52720642089844,0.9998316764831543,89.5177993774414,1028.9716796875,0.999890923500061,1022.9571533203125,1020.898193359375,0.9995836615562439,334.83795166015625,498.1653137207031,0.9979165196418762,334.4248352050781,611.0717163085938,0.9996147155761719,276.27996826171875,554.839111328125,0.9986481070518494,386.9095153808594,555.8587036132812,0.9973211884498596,714.025146484375,495.44342041015625,0.9962908029556274,755.0230102539062,715.0452270507812,0.9995751976966858,688.2811889648438,595.4840698242188,0.9941926598548889,783.1671142578125,561.1920166015625,0.9836370348930359,444.6284484863281,654.4342041015625,0.0162657517939806,461.3301086425781,665.1970825195312,0.09863647818565369,438.86376953125,789.0280151367188,0.11746837943792343,476.5896911621094,733.85693359375,0.44336819648742676,438.8620300292969,784.802490234375,0.03191813454031944,430.7776794433594,792.0476684570312,0.8979470729827881,536.406005859375,719.06689453125,0.8564104437828064,427.26025390625,710.7748413085938,0.9597703814506531,584.998779296875,818.8109741210938,0.9907464981079102,685.3558959960938,866.8235473632812,0.7415322065353394,776.4434814453125,926.6409301757812,0.741321861743927
379,86.29714965820312,116.17042541503906,0.9998248219490051,999.323974609375,81.4631576538086,0.9999303817749023,89.55059814453125,1030.5789794921875,0.9999072551727295,1021.49169921875,1020.561279296875,0.9996201992034912,335.58544921875,498.0219421386719,0.9961637258529663,334.3540344238281,610.9170532226562,0.9995833039283752,276.9562683105469,554.8435668945312,0.9982606768608093,387.1839904785156,556.9336547851562,0.9975724816322327,714.43212890625,496.39013671875,0.9948849081993103,754.6646728515625,713.961181640625,0.999314546585083,687.7202758789062,594.89208984375,0.996359646320343,784.1797485351562,559.2289428710938,0.9819338917732239,383.8463439941406,803.8947143554688,0.7532455325126648,422.84381103515625,822.183837890625,0.17216303944587708,479.4222412109375,747.366943359375,0.8089103102684021,460.9378662109375,757.7808837890625,0.8423141837120056,426.6252746582031,739.5963745117188,0.7054469585418701,534.24853515625,737.8607788085938,0.6574844121932983,537.4611206054688,804.4065551757812,0.41187772154808044,544.991943359375,741.4291381835938,0.9046259522438049,579.1926879882812,817.47705078125,0.9987131357192993,671.5593872070312,864.9904174804688,0.9417650103569031,775.4500732421875,923.58935546875,0.9359683394432068
380,86.17073822021484,117.35393524169922,0.9997089505195618,1000.2591552734375,82.67552185058594,0.9998981952667236,90.11592102050781,1030.5111083984375,0.9998173117637634,1024.3798828125,1020.3294677734375,0.9997442364692688,337.1436767578125,497.8050537109375,0.9953256845474243,333.5638122558594,610.6425170898438,0.9996949434280396,277.04833984375,555.301025390625,0.9981741905212402,386.3456726074219,557.6220092773438,0.9968865513801575,713.7325439453125,495.6060485839844,0.9972346425056458,754.1803588867188,714.7184448242188,0.9997497200965881,687.2709350585938,593.2402954101562,0.9954425096511841,783.5299682617188,561.97021484375,0.9906911253929138,382.2659606933594,808.4935913085938,0.6562023758888245,414.3106384277344,811.6087036132812,0.4109950661659241,474.21014404296875,753.442626953125,0.9072731733322144,459.529052734375,769.1474609375,0.7182316184043884,413.72528076171875,734.33642578125,0.13992469012737274,400.6263732910156,785.792724609375,0.7175323963165283,530.7476806640625,742.2245483398438,0.9684666395187378,535.4713745117188,741.63037109375,0.7593576312065125,582.8041381835938,820.1326904296875,0.9998356103897095,751.7176513671875,912.720458984375,0.6803458333015442,780.30126953125,930.503173828125,0.27371835708618164
381,86.38153839111328,119.302001953125,0.9997912049293518,999.958984375,80.87477111816406,0.9998879432678223,89.51768493652344,1030.6358642578125,0.9998196959495544,1023.2577514648438,1020.494140625,0.9997178912162781,336.9521484375,498.20013427734375,0.9964982271194458,333.5782165527344,610.9668579101562,0.9996111989021301,276.82611083984375,555.131591796875,0.9990054965019226,386.539794921875,557.0670776367188,0.9974800944328308,715.5228881835938,495.4256286621094,0.998359739780426,753.2019653320312,712.7716674804688,0.999222993850708,686.8721313476562,594.133544921875,0.9947699904441833,784.0001831054688,567.4901733398438,0.9898870587348938,421.23736572265625,733.1644287109375,0.17740164697170258,443.0086364746094,730.033203125,0.6122480034828186,447.3178405761719,739.301513671875,0.6654850244522095,463.42327880859375,788.7674560546875,0.40540611743927,419.9728698730469,758.5858154296875,0.6115957498550415,427.40936279296875,836.6253051757812,0.27014049887657166,532.6327514648438,741.0300903320312,0.8920804262161255,537.463623046875,722.7532958984375,0.39019155502319336,582.1495971679688,818.0974731445312,0.9481458067893982,756.6212768554688,915.1276245117188,0.9295051097869873,528.30029296875,927.15869140625,0.9338363409042358
382,84.98969268798828,117.83148193359375,0.9997766613960266,998.6083984375,77.23365020751953,0.9997777342796326,90.01883697509766,1029.63818359375,0.9998217225074768,1022.9989013671875,1020.1322021484375,0.9997686743736267,335.3765869140625,498.5715637207031,0.9971724152565002,334.5424499511719,611.31005859375,0.9988691210746765,276.2172546386719,555.1879272460938,0.9991887211799622,386.30706787109375,556.1929321289062,0.9976206421852112,716.8764038085938,495.524169921875,0.9967323541641235,753.6563720703125,713.73876953125,0.9996508359909058,685.3560791015625,592.8129272460938,0.9860608577728271,782.9384155273438,562.62353515625,0.9878118634223938,398.66168212890625,798.2130126953125,0.06331417709589005,455.9107360839844,724.57177734375,0.018883662298321724,456.93804931640625,743.76318359375,0.2912661135196686,472.93603515625,765.4937744140625,0.9187621474266052,412.2729187011719,779.5816040039062,0.03455754369497299,533.6467895507812,734.2202758789062,0.25451749563217163,529.8456420898438,732.6307373046875,0.5488199591636658,534.7506103515625,747.753173828125,0.745963990688324,582.6069946289062,815.5718994140625,0.9919043183326721,684.6438598632812,878.0377807617188,0.7114720940589905,784.4290771484375,933.5205078125,0.8311031460762024
383,86.92070770263672,118.22151947021484,0.9998278617858887,998.5668334960938,79.90558624267578,0.9999140501022339,89.66803741455078,1028.6673583984375,0.9998194575309753,1021.9934692382812,1020.8710327148438,0.9996312856674194,335.3391418457031,498.40283203125,0.9979068040847778,334.26312255859375,610.6220092773438,0.9995059967041016,276.50860595703125,555.728515625,0.9987049102783203,386.6244812011719,556.5673217773438,0.997574508190155,710.884033203125,496.3134460449219,0.9965345859527588,753.8427124023438,714.4859008789062,0.9995995163917542,684.86669921875,591.9288330078125,0.989382803440094,780.30615234375,561.8488159179688,0.9974053502082825,410.513671875,797.15185546875,0.34682852029800415,428.1422119140625,787.4141235351562,0.5962111353874207,473.7091064453125,736.539306640625,0.9626349806785583,492.21875,769.0584106445312,0.7092674970626831,540.0994262695312,758.8951416015625,0.12845684587955475,500.8973388671875,713.154296875,0.7688082456588745,540.350830078125,739.92529296875,0.1324334442615509,544.6068725585938,756.1846313476562,0.9605605602264404,582.4104614257812,818.5833129882812,0.971028208732605,714.72607421875,890.7273559570312,0.6245025396347046,780.6257934570312,931.1844482421875,0.9511902928352356
384,85.14608764648438,118.38227844238281,0.9997156262397766,1000.4159545898438,78.44745635986328,0.9997327923774719,90.88848114013672,1028.8016357421875,0.9998989105224609,1022.9359741210938,1020.5371704101562,0.9996511936187744,334.98236083984375,498.6533203125,0.9988099336624146,334.53326416015625,610.489990234375,0.9995087385177612,276.8302307128906,556.2235107421875,0.9994550347328186,387.2370910644531,556.759521484375,0.9972341656684875,712.4996948242188,496.0712890625,0.996831476688385,753.324951171875,715.1114501953125,0.9997010827064514,686.7872924804688,593.0274047851562,0.9921209812164307,781.3434448242188,564.3983764648438,0.9944143295288086,508.231201171875,703.3550415039062,0.26587045192718506,430.5843505859375,786.1572265625,0.37914517521858215,491.95562744140625,737.2284545898438,0.5706919431686401,503.88006591796875,755.796630859375,0.8756105303764343,474.91790771484375,727.7906494140625,0.7567818760871887,543.922119140625,736.8782958984375,0.7937378883361816,534.8036499023438,731.169921875,0.6727633476257324,551.6438598632812,755.1907958984375,0.9877592921257019,591.65673828125,823.6784057617188,0.9876199960708618,719.0211181640625,893.8027954101562,0.7955520749092102,792.6093139648438,938.6591186523438,0.9207894206047058
385,85.1436767578125,116.14503479003906,0.9997590184211731,1000.5984497070312,80.3787841796875,0.999840259552002,90.75891876220703,1030.10400390625,0.9998667240142822,1023.0009155273438,1020.9942016601562,0.9997130036354065,334.1815185546875,498.5928039550781,0.9981398582458496,334.85595703125,610.69921875,0.999421238899231,276.3627014160156,556.2468872070312,0.9988116025924683,387.2218322753906,556.4569702148438,0.9974449872970581,712.5911865234375,496.2483215332031,0.9949517250061035,755.1259155273438,716.9158935546875,0.9997515082359314,685.719482421875,590.8717041015625,0.9935221076011658,781.7271118164062,563.9512329101562,0.9951105713844299,507.2122802734375,697.453857421875,0.23581688106060028,445.36676025390625,781.1658325195312,0.3499211370944977,486.91357421875,744.160400390625,0.4001924693584442,510.7265625,762.9556274414062,0.9534671902656555,453.5588684082031,827.7181396484375,0.08293622732162476,497.30084228515625,710.975341796875,0.6647096872329712,535.251708984375,725.3370361328125,0.25381743907928467,555.918212890625,761.42138671875,0.7932262420654297,592.0029296875,828.4754638671875,0.9812983274459839,717.384521484375,893.4669799804688,0.790720522403717,791.89794921875,938.4677734375,0.8411706686019897
386,84.86444091796875,116.15946960449219,0.9998931884765625,998.8696899414062,81.09376525878906,0.9999022483825684,90.12887573242188,1029.532470703125,0.9998966455459595,1025.55517578125,1021.4822387695312,0.999618649482727,334.1305236816406,497.9874267578125,0.99819415807724,333.9064025878906,610.1583251953125,0.9994668364524841,276.098876953125,555.2886352539062,0.9991996884346008,386.37921142578125,556.5293579101562,0.9955236911773682,712.941162109375,495.4891052246094,0.9879164695739746,754.4644165039062,714.778564453125,0.9998102784156799,687.3077392578125,592.8116455078125,0.9929736852645874,782.683349609375,562.6487426757812,0.9956934452056885,506.00103759765625,695.3355102539062,0.5142524242401123,450.12103271484375,760.9983520507812,0.2472751885652542,484.6217956542969,749.2937622070312,0.858460545539856,509.4662170410156,774.8352661132812,0.941028892993927,432.13153076171875,782.0781860351562,0.10869760066270828,548.4170532226562,737.61572265625,0.6522146463394165,543.3985595703125,734.7339477539062,0.8748648762702942,552.602294921875,772.7049560546875,0.7188685536384583,503.5284118652344,881.5628051757812,0.9948739409446716,752.7606201171875,913.3211059570312,0.6709094047546387,797.4669189453125,939.70556640625,0.9670229554176331
387,85.64649200439453,117.82784271240234,0.999834418296814,1000.2401123046875,77.8136215209961,0.9998049139976501,89.83975982666016,1029.0631103515625,0.9998756647109985,1021.9193725585938,1021.17529296875,0.9995457530021667,334.8144226074219,498.0345458984375,0.9983528852462769,333.9559326171875,610.5926513671875,0.9995799660682678,276.22613525390625,555.067626953125,0.9989567995071411,386.3143615722656,556.8555908203125,0.9953503608703613,711.9613037109375,496.0806579589844,0.9923883080482483,755.1412963867188,715.186279296875,0.9996764659881592,686.3843994140625,593.9776000976562,0.9920587539672852,781.443115234375,565.5433959960938,0.994678258895874,419.0296630859375,796.8253784179688,0.20405761897563934,435.3450927734375,784.9073486328125,0.16506007313728333,490.3771057128906,737.3025512695312,0.8790861964225769,502.0786437988281,761.483154296875,0.8856133818626404,441.8506774902344,762.2520751953125,0.039031799882650375,436.6058349609375,769.3121948242188,0.7535015344619751,554.6205444335938,745.5938720703125,0.2661322057247162,558.4470825195312,762.6563110351562,0.8463450074195862,495.111328125,871.9502563476562,0.9936448335647583,756.4541015625,916.28076171875,0.9054740071296692,828.7818603515625,962.2409057617188,0.9170300960540771
388,86.98558807373047,115.3213119506836,0.9998706579208374,1000.2018432617188,80.58543395996094,0.9998385906219482,90.11334991455078,1027.8968505859375,0.9997459053993225,1022.2747192382812,1020.7819213867188,0.9997783303260803,334.33587646484375,498.3900146484375,0.9958075284957886,334.827880859375,610.18603515625,0.999421238899231,276.4878845214844,555.5584716796875,0.9992969036102295,386.2445068359375,556.7760009765625,0.995027482509613,709.5303344726562,496.9599914550781,0.998028576374054,755.3238525390625,714.3077392578125,0.9998672008514404,686.9555053710938,593.5750732421875,0.9938734769821167,781.1078491210938,564.79931640625,0.9940588474273682,486.062255859375,876.5731201171875,0.07271255552768707,435.1723937988281,773.186767578125,0.15672770142555237,436.0106506347656,774.70947265625,0.6174683570861816,487.0393371582031,774.1531982421875,0.4084438383579254,435.2643127441406,780.95458984375,0.029856644570827484,459.2445068359375,741.2578125,0.5101610422134399,443.0670166015625,810.685302734375,0.5439151525497437,464.7311706542969,723.0550537109375,0.3554592430591583,578.37255859375,820.02001953125,0.9981367588043213,659.451416015625,865.6023559570312,0.4798301160335541,835.61328125,967.37744140625,0.9231728911399841
389,85.96578979492188,117.81050109863281,0.9999067783355713,1000.1608276367188,77.87705993652344,0.9996556043624878,89.27998352050781,1028.5238037109375,0.9998260140419006,1023.8113403320312,1021.1699829101562,0.9997171759605408,335.9822082519531,498.26953125,0.9970479607582092,333.9743957519531,610.8487548828125,0.9995856881141663,275.7593994140625,555.1723022460938,0.9991934895515442,386.3086242675781,556.4457397460938,0.9956333041191101,709.5697631835938,497.8536376953125,0.9990900754928589,753.6617431640625,714.2938842773438,0.9998469352722168,688.0750732421875,593.5188598632812,0.9973458647727966,782.1289672851562,565.204345703125,0.9970493316650391,480.72833251953125,866.7627563476562,0.34049659967422485,428.1166687011719,723.4395141601562,0.5813869833946228,494.54791259765625,821.146728515625,0.31223374605178833,467.4409484863281,770.09033203125,0.9347545504570007,420.55072021484375,765.1314697265625,0.34944450855255127,460.4574279785156,733.0262451171875,0.41193005442619324,440.2712707519531,802.7164306640625,0.957250714302063,535.7469482421875,724.9700927734375,0.1526782065629959,574.8970336914062,810.7559814453125,0.9560996294021606,678.1868286132812,873.1303100585938,0.7789095640182495,835.009033203125,967.813232421875,0.8632628321647644
390,86.40615844726562,118.0728988647461,0.9994640946388245,999.635009765625,81.63063049316406,0.9999005794525146,90.12386322021484,1031.147705078125,0.9997870326042175,1024.1436767578125,1020.678466796875,0.9997768998146057,334.9321594238281,498.4104309082031,0.99580979347229,334.9245300292969,610.7216796875,0.9995530247688293,276.33880615234375,555.1378173828125,0.9988491535186768,386.50274658203125,556.4813232421875,0.9959596991539001,711.6900634765625,496.21063232421875,0.9947338104248047,755.2702026367188,714.05126953125,0.9997904896736145,685.6929931640625,590.9352416992188,0.9934141635894775,782.4114379882812,562.3433227539062,0.9962298274040222,474.257568359375,850.956298828125,0.8947461247444153,491.7645568847656,798.7261962890625,0.957881510257721,488.3037414550781,800.331787109375,0.9356266856193542,462.7776794433594,747.8016967773438,0.3700975775718689,424.6800842285156,745.0225219726562,0.733300507068634,447.02313232421875,798.3018798828125,0.6071000695228577,496.2074279785156,709.3763427734375,0.23769590258598328,535.47314453125,769.0808715820312,0.5621277689933777,572.3916015625,804.651123046875,0.30700284242630005,613.2080688476562,837.7435913085938,0.5870486497879028,837.30224609375,969.3014526367188,0.9057977795600891
391,86.34286499023438,116.38970947265625,0.9996346235275269,999.0827026367188,82.0497055053711,0.9999619722366333,90.44058227539062,1029.2928466796875,0.99986732006073,1017.847412109375,1021.6851196289062,0.9995964169502258,335.0305480957031,498.1581726074219,0.993760883808136,334.1034240722656,610.827880859375,0.9995970129966736,275.29052734375,553.8200073242188,0.9974727034568787,385.68798828125,554.8804321289062,0.9970661997795105,717.2442626953125,493.7043151855469,0.9807408452033997,755.3632202148438,714.921630859375,0.9998800754547119,684.0150146484375,588.8157958984375,0.9871553182601929,783.297119140625,561.0728759765625,0.9760541915893555,424.0820617675781,656.1473999023438,0.9678451418876648,439.6758117675781,663.63330078125,0.9481722712516785,458.9293212890625,706.5833740234375,0.9715576767921448,488.56158447265625,767.4794921875,0.8893099427223206,429.50775146484375,761.1744384765625,0.944428563117981,494.3504943847656,691.5469970703125,0.9854621887207031,492.1214599609375,784.5108032226562,0.037812862545251846,567.1347045898438,785.1201782226562,0.03557123243808746,691.8125610351562,878.8101196289062,0.013462687842547894,689.1483154296875,880.89794921875,0.8127403855323792,690.521728515625,879.814453125,0.7664716839790344
392,85.91221618652344,117.30901336669922,0.9996930360794067,999.895751953125,81.19267272949219,0.9998619556427002,90.52362823486328,1029.670654296875,0.9999221563339233,1023.0870971679688,1020.1986083984375,0.9996190071105957,335.6659240722656,498.3213195800781,0.9980898499488831,331.3536376953125,606.9896850585938,0.9996597766876221,275.01458740234375,553.8963012695312,0.9948052763938904,384.9755554199219,549.664306640625,0.9995136260986328,715.77734375,494.2040100097656,0.9911878108978271,755.8092041015625,714.62255859375,0.9997506737709045,688.1328125,593.4271240234375,0.9900590777397156,783.8787841796875,558.3294677734375,0.9828711748123169,375.8446350097656,611.3272094726562,0.9879307746887207,392.0375061035156,629.1013793945312,0.9361100792884827,414.42303466796875,651.5550537109375,0.8145150542259216,485.19720458984375,745.8536987304688,0.7319262027740479,405.59112548828125,692.1845703125,0.8529958724975586,463.4350891113281,661.3369750976562,0.965195894241333,476.91180419921875,830.6719970703125,0.6404175162315369,527.2191162109375,705.48974609375,0.7318364381790161,563.1793212890625,826.7695922851562,0.7055147290229797,673.8204956054688,863.76220703125,0.7616235017776489,804.1856689453125,946.0386352539062,0.8606016039848328
393,86.01158905029297,115.6875991821289,0.9997796416282654,998.1036376953125,83.15605926513672,0.9999455213546753,90.79808807373047,1029.8082275390625,0.9998258948326111,1022.52587890625,1020.4695434570312,0.9996527433395386,332.77734375,498.5596923828125,0.99845290184021,333.96990966796875,595.4945068359375,0.9309718012809753,275.2646484375,553.559814453125,0.99864262342453,385.3472595214844,547.6913452148438,0.9997835755348206,716.6104736328125,493.1449890136719,0.9921030402183533,755.294921875,716.113525390625,0.9996280670166016,688.760986328125,592.8479614257812,0.9935129284858704,783.1026000976562,566.5740966796875,0.9868848323822021,336.9031066894531,595.4337158203125,0.8635221123695374,347.7604675292969,603.8574829101562,0.5938934087753296,435.43792724609375,691.4418334960938,0.9685991406440735,497.30584716796875,761.64013671875,0.9549685716629028,418.11016845703125,733.40966796875,0.874252200126648,482.5352478027344,673.4277954101562,0.8756564855575562,499.7748107910156,829.2822875976562,0.4806252419948578,544.4688110351562,724.4022827148438,0.6750924587249756,582.660400390625,819.0352783203125,0.9442961812019348,708.6360473632812,885.0217895507812,0.9795839190483093,806.6756591796875,946.5016479492188,0.8741269111633301
394,86.46389770507812,117.54350280761719,0.9996591806411743,999.2044067382812,82.40542602539062,0.9999375343322754,89.29061126708984,1031.0419921875,0.9997914433479309,1019.55029296875,1020.9530639648438,0.9992555975914001,333.3362121582031,497.9524841308594,0.9982849955558777,340.4269104003906,589.354248046875,0.993860125541687,275.92120361328125,549.3232421875,0.9994321465492249,384.04864501953125,546.485595703125,0.9993444085121155,720.1763916015625,492.64422607421875,0.9815918207168579,754.517333984375,714.3081665039062,0.999796450138092,687.8385620117188,593.29248046875,0.9900704026222229,783.0835571289062,567.4401245117188,0.9926891922950745,325.55706787109375,590.0988159179688,0.6954669952392578,388.4266052246094,672.8141479492188,0.9957898259162903,417.716552734375,694.1746826171875,0.9230329990386963,491.52276611328125,747.9622802734375,0.8929164409637451,414.00311279296875,740.1670532226562,0.9772994518280029,473.621337890625,667.0613403320312,0.9817948937416077,501.3217468261719,826.0325317382812,0.7409204244613647,556.8753662109375,736.091552734375,0.9010790586471558,584.4916381835938,816.9615478515625,0.9964476823806763,689.91162109375,860.9823608398438,0.9171557426452637,758.6521606445312,915.4501953125,0.9157781004905701
395,86.87950134277344,117.67167663574219,0.9997076392173767,998.850830078125,80.3321762084961,0.9999418258666992,90.8223648071289,1028.4788818359375,0.999754011631012,1018.9891357421875,1020.5392456054688,0.9993166923522949,333.5398254394531,498.13427734375,0.99779212474823,345.3849182128906,595.6425170898438,0.9937840700149536,276.2206115722656,549.7830200195312,0.998331606388092,386.1809997558594,545.4454956054688,0.9960269927978516,714.9451904296875,494.3754577636719,0.9819825887680054,754.6870727539062,714.8916015625,0.9996678829193115,686.6718139648438,591.1199951171875,0.9972171783447266,782.6961669921875,566.0655517578125,0.983153760433197,319.5919189453125,610.9478149414062,0.9529541730880737,380.91632080078125,683.847412109375,0.9969033598899841,420.1410217285156,703.9373168945312,0.9823966026306152,507.8243408203125,755.898193359375,0.9917268753051758,416.9394836425781,755.0396118164062,0.8674570322036743,465.8662414550781,666.1783447265625,0.9719129800796509,507.5397644042969,832.4528198242188,0.9913740754127502,568.11669921875,741.5504150390625,0.9820485711097717,585.1691284179688,815.61328125,0.9971983432769775,691.4409790039062,870.1154174804688,0.8714137673377991,754.6323852539062,911.9071655273438,0.41607293486595154
396,84.48815155029297,119.95206451416016,0.9995519518852234,998.7759399414062,81.55779266357422,0.9999305009841919,89.4071044921875,1031.1239013671875,0.9998283386230469,1022.2369995117188,1020.76171875,0.9995213747024536,332.9342041015625,497.4919128417969,0.9972655773162842,340.4942321777344,599.3185424804688,0.9977167844772339,275.7102355957031,554.7693481445312,0.9985648989677429,387.0932312011719,546.6212158203125,0.9971144199371338,713.499755859375,495.6877746582031,0.9799973964691162,754.7053833007812,713.0938110351562,0.9995254278182983,686.7208251953125,590.8394165039062,0.9936752915382385,781.9635009765625,563.1163330078125,0.9929118752479553,301.5395202636719,650.824951171875,0.021040067076683044,410.8993225097656,705.0911865234375,0.09637819230556488,441.5285339355469,723.447509765625,0.18128462135791779,510.6517333984375,762.748046875,0.9778704643249512,408.10107421875,763.8897705078125,0.5750507712364197,488.8536071777344,683.1083374023438,0.9064193964004517,496.7890625,824.9202270507812,0.5440047979354858,308.0173645019531,667.7355346679688,0.9542880654335022,583.5249633789062,819.4223022460938,0.9970096349716187,696.883056640625,881.6490478515625,0.5638205409049988,834.8370971679688,967.6126098632812,0.5737077593803406
397,85.06298828125,120.01344299316406,0.9995586276054382,999.281494140625,80.12437438964844,0.9998822212219238,89.93052673339844,1029.8895263671875,0.9998569488525391,1021.4727172851562,1021.0564575195312,0.9997194409370422,334.43017578125,497.8205261230469,0.9969949722290039,336.5349426269531,609.2440185546875,0.9962222576141357,275.2972106933594,553.816650390625,0.997621476650238,387.4264221191406,553.447998046875,0.9964290261268616,714.9928588867188,495.1552734375,0.9933080673217773,754.2435913085938,713.431640625,0.9994220733642578,686.6770629882812,591.1245727539062,0.9924618601799011,781.0792236328125,568.1619262695312,0.9837491512298584,281.085693359375,672.3134765625,0.990717351436615,312.6074523925781,674.1388549804688,0.3979855179786682,391.45758056640625,718.5658569335938,0.3669821321964264,498.22991943359375,761.2749633789062,0.6796406507492065,405.8402404785156,760.2763061523438,0.9332510232925415,477.7466125488281,684.851318359375,0.690563440322876,477.0025939941406,816.5076904296875,0.7532652616500854,553.6173706054688,731.813232421875,0.02746865153312683,571.1113891601562,817.0844116210938,0.9658827781677246,645.7088012695312,853.6659545898438,0.938148021697998,745.805419921875,911.6068115234375,0.8936781883239746
398,84.68543243408203,119.2214584350586,0.9998522996902466,998.7450561523438,78.17631530761719,0.9998769760131836,89.33531951904297,1028.78955078125,0.99988853931427,1021.9097900390625,1020.6273803710938,0.9994937181472778,334.8172607421875,497.5140075683594,0.9968308806419373,338.17132568359375,608.7555541992188,0.9984022974967957,275.4337158203125,552.7481689453125,0.9986661672592163,387.7925109863281,553.6040649414062,0.9974439144134521,716.5394897460938,493.7830505371094,0.9894495606422424,754.0504150390625,712.6376953125,0.999747097492218,686.0899047851562,590.8728637695312,0.9958743453025818,782.2221069335938,564.7396850585938,0.9873055219650269,257.5539245605469,683.3029174804688,0.9925610423088074,370.25250244140625,711.2528686523438,0.9923275113105774,436.88385009765625,701.7615356445312,0.7672333717346191,504.9766845703125,757.177490234375,0.9588479399681091,426.2345275878906,773.4833984375,0.6285778880119324,461.6669921875,680.8441772460938,0.9693324565887451,486.8188781738281,821.919921875,0.7211892604827881,565.2026977539062,751.522216796875,0.936437726020813,584.32568359375,820.0941162109375,0.9987319111824036,673.3245849609375,869.9174194335938,0.973745584487915,757.1950073242188,923.2184448242188,0.9915025234222412
399,86.02645874023438,118.99434661865234,0.9998818635940552,998.4984741210938,81.04413604736328,0.9999234676361084,89.96019744873047,1028.9310302734375,0.9999064207077026,1021.556396484375,1019.426025390625,0.9994882345199585,335.8659362792969,497.571044921875,0.9966368675231934,334.81427001953125,609.9453735351562,0.9992971420288086,276.81719970703125,551.921142578125,0.9988541603088379,386.5964660644531,555.0149536132812,0.9976104497909546,715.6580200195312,493.8196105957031,0.9954267740249634,754.6878662109375,713.9562377929688,0.9997380375862122,686.5303955078125,591.505615234375,0.9914677143096924,780.958251953125,563.8782348632812,0.9932255148887634,260.3772277832031,687.627685546875,0.9954397678375244,363.980712890625,712.7650756835938,0.9954515099525452,405.2609558105469,713.2045288085938,0.8613526821136475,499.5507507324219,761.7608642578125,0.9985188841819763,401.5377502441406,766.8101196289062,0.9956771731376648,423.74749755859375,663.8683471679688,0.9081977009773254,505.721435546875,833.5175170898438,0.822803795337677,571.9785766601562,753.0183715820312,0.9810113906860352,594.1029052734375,826.2862548828125,0.9988551139831543,754.8477172851562,916.4371337890625,0.6096159815788269,763.9447631835938,922.1446533203125,0.6295623779296875
400,85.3230972290039,118.42266082763672,0.9997656941413879,1000.2758178710938,82.15069580078125,0.9999463558197021,88.99327087402344,1027.9703369140625,0.9998780488967896,1019.6143188476562,1019.1717529296875,0.9996732473373413,337.0692138671875,497.56329345703125,0.9964398741722107,333.6847229003906,610.9430541992188,0.9991868138313293,277.06390380859375,552.5405883789062,0.9984636306762695,386.8812255859375,556.0346069335938,0.9973336458206177,713.4965209960938,495.0004577636719,0.9897006750106812,755.1307983398438,713.7364501953125,0.9997197985649109,686.2026977539062,591.4931640625,0.9922766089439392,783.0118408203125,564.3564453125,0.9878842234611511,278.42474365234375,700.452392578125,0.9973289966583252,368.6485290527344,719.5283203125,0.9899175763130188,402.92340087890625,721.0687866210938,0.9651605486869812,495.7960510253906,761.4528198242188,0.9864257574081421,409.44354248046875,776.5368041992188,0.9976320266723633,420.4180603027344,672.8433227539062,0.9289374351501465,501.0461120605469,827.9318237304688,0.8785723447799683,561.5509033203125,752.4058837890625,0.9758813977241516,590.7145385742188,832.3846435546875,0.5935122966766357,688.664794921875,883.469482421875,0.8796899318695068,803.2958374023438,940.855712890625,0.736025869846344
401,85.03067779541016,119.08743286132812,0.999749481678009,999.5839233398438,79.72625732421875,0.9998593330383301,90.18138122558594,1028.8140869140625,0.9999266862869263,1021.143310546875,1020.4554443359375,0.999323844909668,334.79345703125,497.7875671386719,0.9969081282615662,337.0015869140625,608.1669311523438,0.9995684027671814,276.6206970214844,552.6608276367188,0.9963222742080688,386.8876953125,553.0621948242188,0.9963293671607971,714.4642944335938,493.74334716796875,0.9906246066093445,754.6179809570312,713.35498046875,0.9996001124382019,685.5128173828125,590.4450073242188,0.9907413721084595,781.2765502929688,565.7455444335938,0.9903112649917603,326.815673828125,632.8006591796875,0.05134400725364685,373.337890625,716.29833984375,0.9940055012702942,406.90924072265625,734.6845703125,0.9920740127563477,496.2226257324219,767.510009765625,0.9980093836784363,402.0810241699219,779.053955078125,0.9900038838386536,431.36798095703125,681.202880859375,0.9965717792510986,494.3724670410156,832.5244140625,0.984943151473999,559.6497802734375,745.1007690429688,0.9147241115570068,585.3466186523438,831.4459228515625,0.995997428894043,678.669189453125,881.1742553710938,0.8720444440841675,813.0236206054688,946.2786254882812,0.7528880834579468
402,85.38732147216797,117.93362426757812,0.9996598958969116,999.3577880859375,80.1323471069336,0.9998421669006348,90.00598907470703,1030.4481201171875,0.9999150037765503,1022.434814453125,1021.0200805664062,0.9996234178543091,334.1459655761719,498.33233642578125,0.9956488013267517,335.1470642089844,606.3344116210938,0.9993684887886047,276.9994201660156,553.508544921875,0.9948018789291382,384.1166076660156,549.6732788085938,0.9996591806411743,712.6499633789062,496.01507568359375,0.9953721165657043,755.4979858398438,713.6098022460938,0.9997755885124207,688.3384399414062,590.1085205078125,0.9907915592193604,782.8875122070312,561.6154174804688,0.9546506404876709,347.99859619140625,630.0926513671875,0.16095508635044098,368.12908935546875,643.16796875,0.21065421402454376,385.8874206542969,688.0808715820312,0.03222697228193283,463.76947021484375,747.4613647460938,0.9767739772796631,370.6242980957031,738.654541015625,0.014008176513016224,410.99981689453125,628.6162109375,0.4181015193462372,477.72198486328125,835.11279296875,0.798222541809082,540.13916015625,732.3709716796875,0.9534053802490234,585.17431640625,842.1176147460938,0.9902437329292297,686.0426635742188,891.8884887695312,0.9934284090995789,804.4378051757812,936.1547241210938,0.8827153444290161
403,83.69563293457031,119.31510162353516,0.9996914863586426,999.1415405273438,79.94245147705078,0.9996604919433594,90.22836303710938,1031.4251708984375,0.9998588562011719,1017.3599243164062,1021.6295776367188,0.9996213912963867,336.0070495605469,497.732177734375,0.9979096055030823,332.11920166015625,610.81689453125,0.9992682337760925,276.531005859375,551.3922119140625,0.9983286261558533,385.0836181640625,553.4981689453125,0.999178946018219,709.1749877929688,495.9468994140625,0.9975826740264893,755.3372192382812,714.1767578125,0.9997420907020569,685.2176513671875,589.70166015625,0.9919845461845398,779.0036010742188,563.4857177734375,0.988628089427948,443.70660400390625,586.2389526367188,0.8211987018585205,436.2692565917969,615.1131591796875,0.9527665972709656,438.57110595703125,640.084228515625,0.9349339604377747,461.1036682128906,753.1632690429688,0.9773271679878235,386.1270751953125,695.5242919921875,0.12486957013607025,484.9755554199219,671.02197265625,0.9037073254585266,425.7470397949219,811.1727294921875,0.8662862181663513,545.3094482421875,748.337890625,0.9085029363632202,580.8309936523438,853.1243896484375,0.9890311360359192,682.8577270507812,898.2343139648438,0.8793553709983826,798.2763671875,938.626953125,0.972537100315094
404,85.54153442382812,117.70111083984375,0.9998791217803955,1000.1951904296875,81.16128540039062,0.9998188614845276,89.78829956054688,1030.1241455078125,0.9998170733451843,1021.870361328125,1020.6646118164062,0.9997513890266418,336.296142578125,497.8645324707031,0.9967657327651978,333.38812255859375,612.1238403320312,0.9993023872375488,276.9499816894531,552.4095458984375,0.998383641242981,386.51788330078125,554.3111572265625,0.9965862035751343,711.0645141601562,494.85479736328125,0.9968708157539368,754.9816284179688,714.0423583984375,0.999783456325531,687.7344970703125,589.9869384765625,0.9937261939048767,781.56396484375,564.6786499023438,0.9965332746505737,496.133056640625,578.4246215820312,0.3628546893596649,485.76812744140625,593.618896484375,0.7672792673110962,475.9114990234375,614.4887084960938,0.3772435486316681,467.3651123046875,728.8192749023438,0.974908709526062,420.8467712402344,634.0413208007812,0.03212032467126846,510.6629943847656,664.611328125,0.9753257632255554,442.9158020019531,821.9223022460938,0.9265455603599548,554.555908203125,773.477294921875,0.9492979645729065,571.3336181640625,851.195556640625,0.8874397873878479,677.5337524414062,911.2408447265625,0.6082555651664734,749.7308349609375,932.8374633789062,0.8147098422050476
405,85.16962432861328,118.3647232055664,0.9998811483383179,998.4238891601562,78.73787689208984,0.9998940229415894,91.31951141357422,1029.4041748046875,0.9998871088027954,1022.0369262695312,1020.929443359375,0.9996463060379028,336.2346496582031,497.7882385253906,0.9958472847938538,333.62451171875,611.0050659179688,0.9994138479232788,276.60064697265625,552.7361450195312,0.998180627822876,386.3296813964844,555.03564453125,0.9974263310432434,712.78369140625,494.72845458984375,0.9937332272529602,755.8788452148438,713.3308715820312,0.9997844099998474,685.6045532226562,591.1689453125,0.9939898252487183,782.1625366210938,564.3348999023438,0.9937865734100342,566.9437255859375,549.5313720703125,0.9045675992965698,550.42041015625,563.6553955078125,0.8556481003761292,530.664794921875,581.0365600585938,0.6077234745025635,482.191162109375,701.696044921875,0.9651138186454773,553.753173828125,752.224853515625,0.03994814679026604,550.9065551757812,636.7269897460938,0.8897136449813843,441.11468505859375,807.0399780273438,0.9591099619865417,449.7845153808594,620.83154296875,0.9069609642028809,556.3438110351562,848.8220825195312,0.9795023798942566,657.1129760742188,903.6871948242188,0.3697981536388397,741.3887939453125,937.3406372070312,0.9883269667625427
406,86.55560302734375,116.04109191894531,0.9997746348381042,1000.2118530273438,80.67660522460938,0.999815046787262,90.4843978881836,1028.34619140625,0.9999253749847412,1019.746337890625,1021.8342895507812,0.9994745850563049,335.9736022949219,497.4788513183594,0.9949157238006592,333.5962829589844,611.3616333007812,0.9995017051696777,276.92596435546875,551.899658203125,0.998664140701294,385.9652404785156,556.78125,0.9969936609268188,716.984130859375,494.56439208984375,0.9911378026008606,756.2247924804688,715.1353149414062,0.9997283816337585,688.6375122070312,590.3541259765625,0.995057225227356,781.9037475585938,564.6830444335938,0.9947224855422974,620.9810180664062,536.2888793945312,0.9111841320991516,583.4566650390625,553.196533203125,0.9747728109359741,558.7012939453125,571.8986206054688,0.9742291569709778,502.94140625,682.0764770507812,0.9812493920326233,496.7002868652344,587.6359252929688,0.2782644033432007,580.1448974609375,626.8015747070312,0.998257577419281,445.3271789550781,771.1890258789062,0.94513338804245,563.5870971679688,741.3220825195312,0.7727300524711609,543.7042846679688,849.43505859375,0.9176825881004333,609.6051025390625,887.1480102539062,0.31375330686569214,803.799560546875,951.132568359375,0.07263454049825668
407,84.82478332519531,116.7346420288086,0.999846339225769,1000.118408203125,78.44825744628906,0.9997879862785339,91.03858184814453,1028.816162109375,0.9999145269393921,1019.8641967773438,1020.3038940429688,0.9994612336158752,336.9955139160156,497.8682556152344,0.993869423866272,333.6323547363281,611.4166870117188,0.999599277973175,276.7459411621094,550.0277709960938,0.9975839853286743,386.1031799316406,555.6821899414062,0.9972904920578003,715.8613891601562,493.0191650390625,0.996819019317627,755.8314208984375,714.473876953125,0.9997488856315613,695.18994140625,589.8416748046875,0.9719897508621216,782.351806640625,563.2979736328125,0.9924456477165222,682.5030517578125,543.0851440429688,0.9952060580253601,615.0473022460938,554.107177734375,0.9972937703132629,585.481689453125,566.4891357421875,0.9795345067977905,517.0682373046875,659.6032104492188,0.9827044606208801,541.0413818359375,550.83447265625,0.9773452281951904,599.6602172851562,631.95556640625,0.997912585735321,437.98602294921875,744.7013549804688,0.9886427521705627,554.152099609375,764.922607421875,0.8266268968582153,508.07305908203125,821.6114501953125,0.9951303005218506,713.6104125976562,956.8383178710938,0.010046557523310184,674.5947265625,946.1906127929688,0.7983065843582153
408,86.66787719726562,117.15460205078125,0.9997574687004089,998.854736328125,77.23568725585938,0.9999599456787109,89.27609252929688,1029.5396728515625,0.9998170733451843,1021.8573608398438,1020.6629028320312,0.9995823502540588,337.1317443847656,497.7413330078125,0.9951193332672119,333.80804443359375,611.1436767578125,0.9996362924575806,276.5915222167969,551.6293334960938,0.9981243014335632,385.8520202636719,555.6805419921875,0.9971475005149841,723.7235107421875,493.01763916015625,0.9996277093887329,755.4212036132812,713.958984375,0.9996190071105957,701.4615478515625,579.013671875,0.9035923480987549,781.8067016601562,566.984619140625,0.9924058318138123,707.1368408203125,531.6439819335938,0.7568632960319519,634.7329711914062,548.8529663085938,0.8774122595787048,606.4434204101562,563.7394409179688,0.9789404273033142,521.5096435546875,642.9961547851562,0.9881533980369568,559.9285888671875,540.9617309570312,0.449856162071228,612.1941528320312,631.4103393554688,0.9426950812339783,611.4326171875,631.0498046875,0.2977141737937927,544.4077758789062,546.098388671875,0.22920718789100647,483.690185546875,795.13134765625,0.4235122501850128,557.4002685546875,929.56005859375,0.04599630832672119,986.3375854492188,299.0379943847656,0.025486309081315994
409,87.04041290283203,117.25145721435547,0.9996083378791809,999.6554565429688,79.68685913085938,0.9998606443405151,89.9095230102539,1030.1768798828125,0.9998238682746887,1020.707275390625,1021.2127075195312,0.9994884729385376,335.70733642578125,497.7773132324219,0.9943041205406189,334.2019958496094,610.834228515625,0.9997184872627258,276.55487060546875,552.2196655273438,0.9982781410217285,386.8565673828125,555.793212890625,0.9952656030654907,725.329833984375,491.4771728515625,0.9994996786117554,754.92236328125,713.7867431640625,0.9995724558830261,703.8462524414062,577.3160400390625,0.6305800080299377,781.6372680664062,565.1755981445312,0.9940962791442871,705.8758544921875,524.611083984375,0.9272155165672302,635.2418823242188,538.0597534179688,0.7274325489997864,613.2861938476562,548.2281494140625,0.9301152229309082,532.1229858398438,626.6981201171875,0.9965779185295105,534.8530883789062,544.411865234375,0.08091821521520615,616.80859375,628.6101684570312,0.23287656903266907,445.1217346191406,643.1566772460938,0.9176554679870605,548.287109375,535.2786254882812,0.684830904006958,452.73590087890625,738.8775024414062,0.7685878276824951,434.1165466308594,742.8028564453125,0.006200631149113178,985.1517333984375,304.2271728515625,0.02539677545428276
410,85.64796447753906,118.08114624023438,0.9996721744537354,998.1491088867188,78.62135314941406,0.9998924732208252,90.42081451416016,1029.6400146484375,0.999913215637207,1020.6248779296875,1021.7890014648438,0.9994168281555176,337.2150573730469,497.6539306640625,0.9962636828422546,333.8642272949219,610.7439575195312,0.9997074007987976,276.9732666015625,552.9306030273438,0.9975813627243042,387.0395812988281,556.9006958007812,0.992954671382904,729.5481567382812,495.10687255859375,0.9981645941734314,755.487060546875,714.8215942382812,0.999687671661377,701.6686401367188,587.010009765625,0.7691359519958496,783.4363403320312,564.4474487304688,0.9944474697113037,682.3817138671875,508.50372314453125,0.9744117259979248,642.493408203125,526.354248046875,0.9859353303909302,613.734619140625,537.6377563476562,0.9152293801307678,530.064453125,613.4920654296875,0.9970843195915222,565.1552734375,518.4390869140625,0.843833863735199,623.8194580078125,609.834716796875,0.9871254563331604,441.0555725097656,624.0570068359375,0.9388247132301331,529.9976806640625,703.8748168945312,0.8647624254226685,446.8594970703125,719.5824584960938,0.5777839422225952,477.4085388183594,937.5056762695312,0.011454894207417965,551.4126586914062,967.251953125,0.039258796721696854
411,85.78564453125,119.21993255615234,0.9997467398643494,998.8988647460938,77.84181213378906,0.9999102354049683,91.71734619140625,1029.7784423828125,0.9998064637184143,1022.1187744140625,1020.8265991210938,0.9994086027145386,336.9532775878906,498.145751953125,0.9953932762145996,333.8948974609375,610.2469482421875,0.9997115731239319,276.45501708984375,552.5751342773438,0.9978733062744141,386.8839416503906,554.727783203125,0.9926497340202332,717.6817626953125,494.9925231933594,0.9958881735801697,755.33544921875,714.7120971679688,0.9997631907463074,696.1895751953125,601.1930541992188,0.9720519185066223,779.4307250976562,563.9334106445312,0.9976515173912048,667.005126953125,501.0844421386719,0.9952646493911743,634.5277099609375,510.5882568359375,0.9461811184883118,610.8021850585938,523.2362060546875,0.9830572009086609,526.8143920898438,603.0451049804688,0.9760238528251648,563.4175415039062,504.3490295410156,0.8703319430351257,615.2850341796875,600.255859375,0.992280900478363,440.58209228515625,618.7288208007812,0.9655318260192871,522.2935791015625,690.6620483398438,0.9370386600494385,437.5628662109375,709.6060791015625,0.8681750893592834,378.2182922363281,803.5488891601562,0.18723691999912262,423.6474914550781,928.0263671875,0.22139222919940948
412,85.55543518066406,118.3936767578125,0.999568521976471,998.4142456054688,80.19302368164062,0.9999285936355591,90.55239868164062,1029.5731201171875,0.9998836517333984,1021.2515258789062,1021.6533203125,0.9994159936904907,338.2402648925781,498.1297607421875,0.9967153072357178,333.6685485839844,610.6723022460938,0.999700665473938,277.6679382324219,551.9132080078125,0.9977821707725525,386.24627685546875,554.1068115234375,0.9940751791000366,709.3252563476562,497.5771789550781,0.9934887886047363,755.63720703125,714.2427368164062,0.9995377063751221,694.3042602539062,598.3972778320312,0.9821569323539734,779.80810546875,563.8711547851562,0.9977250695228577,646.0408325195312,501.0603332519531,0.914445161819458,613.7421875,502.4476013183594,0.9876976609230042,593.5150146484375,520.5679931640625,0.9973189234733582,522.76513671875,594.1605224609375,0.9383695125579834,539.912841796875,509.8965759277344,0.6302962899208069,617.924072265625,586.834228515625,0.9917062520980835,442.8880920410156,614.4367065429688,0.955357551574707,529.6578979492188,683.8958740234375,0.5986671447753906,446.09466552734375,698.6223754882812,0.6158676147460938,374.75408935546875,764.7606811523438,0.3660900592803955,382.5124206542969,907.9005737304688,0.8478735089302063
413,86.81656646728516,116.92549133300781,0.9994103908538818,998.6880493164062,80.43684387207031,0.9998964071273804,90.27896118164062,1028.9345703125,0.9999241828918457,1022.4845581054688,1021.119873046875,0.9995470643043518,337.5372314453125,497.6393127441406,0.9961715340614319,332.96649169921875,610.6694946289062,0.9995706677436829,277.003173828125,552.5896606445312,0.9975317716598511,386.0189514160156,554.6053466796875,0.990407407283783,711.5328979492188,498.11004638671875,0.9910236597061157,755.0404052734375,714.4693603515625,0.9995265007019043,695.4942016601562,596.8584594726562,0.9936363697052002,782.16796875,564.45458984375,0.9973524808883667,658.4896850585938,512.06787109375,0.769700825214386,612.5952758789062,503.2552490234375,0.9961148500442505,592.6849365234375,521.2235107421875,0.9942560791969299,522.5446166992188,595.864990234375,0.989772379398346,542.5330810546875,512.2553100585938,0.8723061680793762,615.7744140625,587.4395141601562,0.9939233660697937,441.0191955566406,612.2354125976562,0.9461901783943176,522.1265258789062,693.3222045898438,0.9502256512641907,432.85614013671875,702.804931640625,0.98633873462677,371.1096496582031,756.5335083007812,0.7586597204208374,334.6839294433594,867.001708984375,0.7386011481285095
414,87.1644058227539,117.0970458984375,0.9998235106468201,998.5357055664062,78.07937622070312,0.9998902082443237,90.69618225097656,1030.742431640625,0.9998594522476196,1021.5985717773438,1021.0595703125,0.9993492960929871,337.8799133300781,497.7696228027344,0.99592125415802,332.5942687988281,610.3394775390625,0.9995408058166504,277.1005554199219,552.572998046875,0.9972907900810242,385.5938415527344,555.694091796875,0.9846322536468506,714.7510986328125,496.68438720703125,0.9775390028953552,755.0848999023438,715.0494384765625,0.9997028708457947,695.2628173828125,595.48974609375,0.99716717004776,782.0261840820312,562.5810546875,0.9905238747596741,648.8907470703125,503.8962707519531,0.7328431010246277,611.9171752929688,502.5508728027344,0.9896373152732849,593.8040161132812,519.623046875,0.9925609230995178,523.7479248046875,594.5711059570312,0.9930270314216614,544.1500854492188,511.1822204589844,0.9061739444732666,614.2267456054688,587.3937377929688,0.9985072016716003,438.22833251953125,614.6483764648438,0.9775859117507935,523.9479370117188,694.0319213867188,0.905875563621521,428.0503845214844,707.30712890625,0.993453860282898,364.1548156738281,760.9603271484375,0.6092104911804199,368.19921875,934.237060546875,0.9698590636253357
415,86.66038513183594,115.16574096679688,0.999618411064148,999.1939086914062,80.41486358642578,0.9998620748519897,88.52611541748047,1028.108154296875,0.9999284744262695,1022.5437622070312,1020.4154663085938,0.9996148347854614,336.7792663574219,497.3524169921875,0.9956525564193726,332.917724609375,610.287353515625,0.9992188215255737,276.76654052734375,553.6389770507812,0.9970300197601318,385.2975769042969,554.4480590820312,0.981726884841919,708.195556640625,498.0440673828125,0.9485967755317688,754.6935424804688,714.38720703125,0.9992005228996277,695.8390502929688,596.5811157226562,0.9942301511764526,782.1441650390625,564.5957641601562,0.982977032661438,626.3399047851562,492.0129699707031,0.20027129352092743,610.7296752929688,502.134033203125,0.9788262844085693,594.7841796875,518.1502075195312,0.9708605408668518,524.6500854492188,597.1268920898438,0.9932050704956055,546.5928955078125,509.42681884765625,0.8223336338996887,613.9522094726562,583.0466918945312,0.9971041083335876,440.555908203125,616.2273559570312,0.945134162902832,530.0465698242188,694.9385986328125,0.904299795627594,436.95208740234375,703.8637084960938,0.8655346035957336,373.2706604003906,756.8987426757812,0.5810470581054688,327.3382873535156,865.3560180664062,0.6988052129745483
416,84.85083770751953,117.83335876464844,0.9997434020042419,999.216796875,78.23931121826172,0.9998602867126465,89.98883056640625,1030.077392578125,0.9999349117279053,1023.1781005859375,1019.955810546875,0.9995300769805908,336.7135925292969,497.7434387207031,0.9966562986373901,332.5876770019531,610.7542114257812,0.9994694590568542,276.5447692871094,553.786376953125,0.9983307719230652,385.283935546875,555.6675415039062,0.9820807576179504,707.33935546875,495.13824462890625,0.9904766082763672,755.1944580078125,715.5350952148438,0.9994708895683289,694.545166015625,593.728515625,0.9961777925491333,782.1672973632812,564.5670166015625,0.9876454472541809,648.812255859375,466.78900146484375,0.14088650047779083,626.4063720703125,484.8790588378906,0.8461750745773315,604.7411499023438,500.3955993652344,0.96639084815979,527.357421875,597.2854614257812,0.9942122101783752,557.324951171875,497.0041809082031,0.6256148219108582,621.7091674804688,570.6845092773438,0.785193145275116,439.1516418457031,616.7023315429688,0.9383302927017212,522.1871948242188,692.8931884765625,0.9241800904273987,433.92474365234375,702.9564819335938,0.864468514919281,684.7827758789062,431.51025390625,0.8368770480155945,371.0602111816406,947.4077758789062,0.5001245737075806
417,86.97733306884766,117.3873062133789,0.9998562335968018,999.4598388671875,79.57852172851562,0.9998319149017334,90.56826782226562,1028.0810546875,0.9999476671218872,1022.891357421875,1019.7596435546875,0.9995549321174622,336.2927551269531,497.77874755859375,0.9967669248580933,333.54400634765625,611.0931396484375,0.9994925260543823,276.890380859375,553.5632934570312,0.9983957409858704,385.8134460449219,554.153564453125,0.9901648163795471,707.8348388671875,495.88482666015625,0.9974181652069092,755.4539184570312,715.6728515625,0.9996819496154785,695.275634765625,595.2210693359375,0.9943714737892151,780.7239990234375,563.9119873046875,0.9927738904953003,685.1055908203125,416.2046203613281,0.9496886134147644,651.0535888671875,440.60614013671875,0.84609454870224,631.511474609375,459.7579345703125,0.8355764746665955,543.931396484375,565.6331176757812,0.8981248140335083,589.0578002929688,457.63763427734375,0.861359179019928,646.1519165039062,506.7252197265625,0.9672868847846985,447.73626708984375,604.1118774414062,0.9667879343032837,521.6259765625,679.801513671875,0.945118248462677,439.8041687011719,692.0111694335938,0.9593532681465149,378.0802001953125,769.8915405273438,0.9352779388427734,353.7499694824219,816.18798828125,0.214208722114563
418,86.78187561035156,118.68508911132812,0.9993477463722229,1000.344970703125,79.89784240722656,0.9997171759605408,90.35774230957031,1028.6231689453125,0.9999502897262573,1024.6640625,1021.4136962890625,0.9997298121452332,338.1755676269531,498.2791442871094,0.9970260262489319,332.68798828125,611.1531372070312,0.9993605017662048,277.14178466796875,551.7020263671875,0.9986384510993958,386.806884765625,556.0924682617188,0.9941457509994507,707.291748046875,495.81500244140625,0.9997585415840149,755.1078491210938,714.8334350585938,0.9997007846832275,695.2015991210938,595.3065185546875,0.9988369345664978,782.3568115234375,564.2113647460938,0.9949914813041687,672.8590698242188,400.1451110839844,0.7065461874008179,654.6940307617188,407.5928649902344,0.9679669737815857,638.20654296875,427.77716064453125,0.8673713207244873,547.8482055664062,542.2677612304688,0.9399622082710266,582.8280639648438,435.1000671386719,0.9816810488700867,648.030029296875,485.3805847167969,0.8792868256568909,456.7322692871094,593.3369750976562,0.960853099822998,533.46337890625,667.7197875976562,0.09667249768972397,450.1226806640625,674.4948120117188,0.9077202081680298,389.88629150390625,775.6356811523438,0.3151925206184387,799.9722900390625,470.63067626953125,0.18886354565620422
419,86.93421936035156,116.78931427001953,0.9997852444648743,999.7548828125,81.49595642089844,0.9998323917388916,90.38967895507812,1030.2705078125,0.999881386756897,1022.9968872070312,1021.06005859375,0.999431312084198,337.92999267578125,498.1060485839844,0.9969490170478821,332.40264892578125,610.66943359375,0.9993554949760437,277.2620849609375,551.296875,0.9980992674827576,386.12945556640625,554.9407348632812,0.9951391220092773,708.4119262695312,494.8056335449219,0.9987354874610901,755.8091430664062,715.0847778320312,0.9997276663780212,693.652587890625,593.5836791992188,0.9975153207778931,782.014892578125,565.6715087890625,0.9951103329658508,668.3189697265625,389.7425842285156,0.7278756499290466,658.6265869140625,404.75738525390625,0.9823504686355591,639.8150024414062,423.3700256347656,0.7960192561149597,549.190185546875,529.8135375976562,0.9975860118865967,575.4603881835938,426.56658935546875,0.8950158953666687,650.9775390625,485.7277526855469,0.8646471500396729,470.35198974609375,569.325439453125,0.9403625130653381,564.5849609375,636.0167846679688,0.7954035401344299,475.0571594238281,661.5426635742188,0.983630359172821,417.01031494140625,745.9689331054688,0.4102065861225128,385.7453308105469,919.23828125,0.9750679731369019
420,86.35746002197266,118.15460968017578,0.9996857643127441,999.8659057617188,79.14513397216797,0.9999035596847534,90.60095977783203,1029.9356689453125,0.9998906850814819,1021.2622680664062,1020.7096557617188,0.9991605281829834,337.6016540527344,498.16461181640625,0.9976282715797424,333.0541687011719,610.6195678710938,0.9995306730270386,277.774169921875,551.0506591796875,0.9987955093383789,386.6933288574219,555.9860229492188,0.9958303570747375,711.5943603515625,497.71575927734375,0.9935365319252014,755.589111328125,714.5338134765625,0.9997592568397522,694.9830322265625,596.0821533203125,0.9954071044921875,781.8277587890625,568.0094604492188,0.9953261613845825,665.3302612304688,399.56427001953125,0.5889239311218262,646.122802734375,403.6670227050781,0.718323290348053,627.9388427734375,421.5132751464844,0.6997901201248169,549.660888671875,521.733642578125,0.9968469738960266,570.7923583984375,415.4321594238281,0.9079218506813049,636.1551513671875,461.02978515625,0.7985423803329468,480.1131286621094,556.3956909179688,0.8526476621627808,575.81494140625,615.3643798828125,0.6273146271705627,475.86346435546875,662.966552734375,0.9533563256263733,420.9755859375,751.4502563476562,0.9847682118415833,379.025390625,911.3546142578125,0.721549928188324
421,86.57150268554688,118.88744354248047,0.9998190999031067,999.5220947265625,79.5042953491211,0.9998290538787842,89.56425476074219,1029.06689453125,0.999881386756897,1022.0706787109375,1021.0819091796875,0.9994342923164368,336.62542724609375,498.1271667480469,0.9964391589164734,333.30792236328125,611.7823486328125,0.9996839761734009,277.27099609375,553.0592041015625,0.9989151954650879,387.2900085449219,557.0064086914062,0.9963148236274719,712.2764892578125,498.3320617675781,0.9983579516410828,754.574951171875,715.9448852539062,0.9998441934585571,689.31689453125,594.640380859375,0.9964381456375122,782.7166137695312,562.3350830078125,0.989159882068634,656.435546875,411.6971130371094,0.779430627822876,632.70654296875,418.3397521972656,0.3745100796222687,609.7267456054688,435.478759765625,0.9268805384635925,545.2142944335938,530.0894775390625,0.9993880987167358,559.3546142578125,422.13323974609375,0.32542160153388977,633.948486328125,499.0830078125,0.9367768168449402,473.8741760253906,569.2587890625,0.8742259740829468,573.5055541992188,625.3858032226562,0.5883485674858093,476.08221435546875,662.466064453125,0.9869272112846375,417.3066101074219,752.3248291015625,0.9870961904525757,371.5348205566406,899.2157592773438,0.8744252324104309
422,86.52740478515625,118.55229187011719,0.9998385906219482,998.8641357421875,81.76762390136719,0.9999474287033081,90.93069458007812,1028.653564453125,0.999934196472168,1022.930419921875,1021.8811645507812,0.9991908669471741,335.4195861816406,498.0812683105469,0.9970111846923828,333.48626708984375,611.2997436523438,0.9992988109588623,277.1681823730469,553.4249267578125,0.9981843829154968,386.6253662109375,555.4259033203125,0.9945181012153625,709.4676513671875,498.31463623046875,0.9987427592277527,754.2626953125,714.7137451171875,0.9998237490653992,692.4390869140625,597.1149291992188,0.998928964138031,781.7362060546875,561.4485473632812,0.9951258301734924,646.4546508789062,421.294921875,0.9325710535049438,625.3319091796875,425.0016784667969,0.7687859535217285,605.5706176757812,440.18438720703125,0.9568582773208618,536.4420166015625,534.4564208984375,0.9990548491477966,551.4470825195312,428.31341552734375,0.520432710647583,627.1149291992188,499.8885498046875,0.9421883225440979,468.5003356933594,570.8431396484375,0.9766910672187805,574.4248657226562,623.731201171875,0.9232745170593262,477.2009582519531,662.7463989257812,0.9706897735595703,412.52734375,756.2899780273438,0.8255264163017273,370.1182556152344,899.85693359375,0.2818487584590912
423,87.55390167236328,118.47139739990234,0.9998037219047546,998.92724609375,79.62605285644531,0.9999074935913086,91.39898681640625,1029.5123291015625,0.9999005794525146,1023.595947265625,1019.9279174804688,0.9997203946113586,335.3961486816406,498.6733093261719,0.9969503283500671,333.2773742675781,611.4623413085938,0.9993767142295837,277.26318359375,552.6705932617188,0.9992176294326782,386.2832946777344,552.9190673828125,0.9923477172851562,710.7422485351562,497.1022033691406,0.9980846643447876,756.0115356445312,715.2567749023438,0.9997593760490417,693.1356201171875,591.4822387695312,0.9913314580917358,782.2108764648438,563.3211669921875,0.9963376522064209,643.594970703125,421.8703918457031,0.7799904942512512,622.7073364257812,425.7276611328125,0.704298198223114,598.567626953125,443.4327087402344,0.9395537376403809,533.75390625,537.121337890625,0.9990885257720947,546.3941040039062,434.6369934082031,0.6471742391586304,616.1936645507812,520.7410278320312,0.9421502351760864,464.74212646484375,569.0093383789062,0.9726420640945435,574.9107055664062,623.6018676757812,0.7024407982826233,478.5283203125,663.3721313476562,0.9889312386512756,410.1017761230469,752.3042602539062,0.7500376105308533,395.9580078125,944.4135131835938,0.9671080112457275
424,86.76597595214844,116.66007232666016,0.9998400211334229,999.3710327148438,79.78565979003906,0.9998689889907837,89.5914306640625,1028.6807861328125,0.9998606443405151,1023.4216918945312,1021.8389282226562,0.9997287392616272,336.1421203613281,498.574462890625,0.9973426461219788,332.80181884765625,611.0247192382812,0.9992109537124634,276.9195861816406,552.9420776367188,0.9991239905357361,386.35321044921875,553.5241088867188,0.9957672357559204,677.6409912109375,504.503662109375,0.884985089302063,755.91845703125,714.612548828125,0.999708354473114,692.994873046875,596.016357421875,0.997858464717865,780.839599609375,565.6298217773438,0.9943344593048096,626.218017578125,414.3377685546875,0.04999363794922829,624.5780029296875,432.8096923828125,0.5126147270202637,598.478271484375,443.59124755859375,0.944175124168396,532.4899291992188,539.9669189453125,0.9984568357467651,537.8338012695312,439.0453186035156,0.31567326188087463,615.2617797851562,498.88836669921875,0.9108842611312866,462.7698669433594,574.17578125,0.9447824358940125,561.8549194335938,630.0390014648438,0.8428301215171814,470.8919982910156,663.0731811523438,0.9922550916671753,406.0548400878906,750.5789184570312,0.8066121339797974,393.55657958984375,943.5716552734375,0.8866898417472839
425,86.24862670898438,115.73116302490234,0.9994229078292847,1001.0100708007812,79.7656021118164,0.9996747970581055,89.9640121459961,1029.5794677734375,0.9998559951782227,1024.1785888671875,1020.80078125,0.9996016621589661,334.49798583984375,499.0809020996094,0.9979986548423767,334.1417236328125,611.4600219726562,0.9995032548904419,276.6562194824219,554.8605346679688,0.9981914162635803,386.4796447753906,552.4631958007812,0.9945186972618103,674.3450317382812,511.3934631347656,0.9602790474891663,757.0332641601562,715.9540405273438,0.9996719360351562,692.2111206054688,597.1621704101562,0.9985759258270264,781.0776977539062,561.8493041992188,0.9915355443954468,627.41552734375,417.98614501953125,0.4538796842098236,621.2118530273438,436.48748779296875,0.4654087424278259,592.3218383789062,451.7264404296875,0.9789817929267883,530.7762451171875,541.2929077148438,0.999190628528595,528.20849609375,446.754150390625,0.4346683919429779,617.7569580078125,507.3494567871094,0.8170155882835388,460.84027099609375,579.024169921875,0.9732820391654968,561.692626953125,627.513427734375,0.8160284757614136,473.8363037109375,662.85693359375,0.9924556016921997,413.25689697265625,739.3798217773438,0.5322075486183167,365.5117492675781,894.4890747070312,0.891278088092804
426,86.96265411376953,115.80616760253906,0.9993682503700256,999.2982788085938,80.22270202636719,0.999882698059082,90.77973175048828,1030.331787109375,0.9998227953910828,1025.0137939453125,1022.1912231445312,0.9994174242019653,335.14727783203125,498.9754943847656,0.9980958104133606,334.6188049316406,610.8671264648438,0.9994977712631226,277.022705078125,554.237060546875,0.9981999397277832,385.6943664550781,553.193115234375,0.9935863614082336,707.3980102539062,494.0295104980469,0.9553931355476379,756.3792114257812,715.2243041992188,0.9998722076416016,692.198486328125,596.396484375,0.9964786171913147,782.8056640625,560.9887084960938,0.9836540818214417,627.9576416015625,423.380615234375,0.2198616862297058,612.4996948242188,436.75140380859375,0.6989519000053406,592.5348510742188,455.7400817871094,0.9843165874481201,533.6041259765625,542.0401611328125,0.9991937279701233,537.7937622070312,442.50537109375,0.41289860010147095,621.864501953125,510.83251953125,0.9879893064498901,458.29193115234375,577.2391967773438,0.9648627042770386,558.9622802734375,628.9566040039062,0.8915601968765259,472.9556884765625,663.3544921875,0.9797223210334778,414.5302429199219,737.5027465820312,0.6413066983222961,391.40338134765625,945.5033569335938,0.5493682026863098
427,86.26091003417969,117.98192596435547,0.9990952014923096,999.1166381835938,75.58386993408203,0.9998838901519775,89.11308288574219,1028.2855224609375,0.9998794794082642,1022.906005859375,1021.1219482421875,0.9994125366210938,335.1426086425781,499.06365966796875,0.9981757402420044,334.6375427246094,612.3147583007812,0.9994327425956726,276.9362487792969,553.689697265625,0.9986024498939514,386.0795593261719,552.323486328125,0.9946651458740234,700.6461791992188,496.04193115234375,0.9584740400314331,755.3583984375,716.4768676757812,0.9998387098312378,692.9685668945312,597.2356567382812,0.9988629817962646,782.44140625,559.836669921875,0.977497398853302,694.1080932617188,475.5184631347656,0.44481492042541504,636.7512817382812,441.81683349609375,0.8193496465682983,608.3995971679688,455.0020751953125,0.955655038356781,536.3945922851562,539.4940795898438,0.9980180263519287,537.59033203125,443.5087890625,0.37113523483276367,622.9569091796875,516.2957153320312,0.9618926644325256,460.0415344238281,575.8751220703125,0.9691036939620972,555.1141967773438,631.1417236328125,0.9745422005653381,472.2571105957031,664.3419799804688,0.9636277556419373,408.86865234375,748.9155883789062,0.9443204402923584,365.0756530761719,893.3644409179688,0.9946925044059753
428,85.83501434326172,118.06156158447266,0.9994134902954102,998.9595947265625,77.92111206054688,0.9995585083961487,90.19033813476562,1028.686767578125,0.9998999834060669,1023.9992065429688,1020.5780029296875,0.9996172189712524,333.0949401855469,498.5320739746094,0.9984986782073975,334.72552490234375,611.8234252929688,0.9994843006134033,276.64239501953125,554.7341918945312,0.9981557726860046,385.54901123046875,552.4215087890625,0.9950645565986633,709.45751953125,490.0946044921875,0.9771707057952881,755.5924682617188,716.7369995117188,0.9997417330741882,695.9378051757812,599.6787109375,0.9995357990264893,782.375,561.9082641601562,0.9888299107551575,646.8955078125,417.62872314453125,0.9812623858451843,630.7033081054688,436.6313171386719,0.7278006672859192,611.0792236328125,453.8900451660156,0.9641810059547424,537.0684814453125,534.4888305664062,0.9987568855285645,545.492919921875,434.65679931640625,0.15857234597206116,626.2334594726562,515.183837890625,0.9850897789001465,456.61480712890625,576.3023681640625,0.9868919253349304,545.9306640625,636.9607543945312,0.9824074506759644,470.6940612792969,660.1968383789062,0.9942996501922607,409.1942138671875,749.078857421875,0.8665330410003662,367.27532958984375,899.1602172851562,0.9294237494468689
429,85.91419219970703,116.01240539550781,0.9994901418685913,998.7700805664062,81.30026245117188,0.9999557733535767,89.70121002197266,1029.460205078125,0.9998966455459595,1024.96875,1020.5971069335938,0.999678373336792,333.3759460449219,499.0754699707031,0.9986799359321594,335.1935119628906,612.2616577148438,0.9993335604667664,277.1741027832031,555.20263671875,0.9983964562416077,385.9321594238281,553.2618408203125,0.9953539371490479,708.4750366210938,497.21337890625,0.979528546333313,755.9259643554688,715.8464965820312,0.9997411370277405,695.0035400390625,596.4075927734375,0.9989442229270935,782.1978759765625,566.0452880859375,0.9891666769981384,655.18359375,417.08416748046875,0.5797945857048035,639.4747314453125,435.43365478515625,0.9228745102882385,615.537109375,451.7806091308594,0.9957796335220337,534.0996704101562,533.4409790039062,0.9989664554595947,549.5189819335938,434.5820007324219,0.2531942129135132,628.1825561523438,516.6558837890625,0.9970904588699341,457.4975280761719,574.4544067382812,0.9315581917762756,542.5526123046875,632.9689331054688,0.9615090489387512,469.7706604003906,657.1234130859375,0.9906144142150879,410.9063415527344,741.4824829101562,0.9513375163078308,365.04315185546875,890.0692138671875,0.40149596333503723
430,85.58443450927734,118.77935028076172,0.9998263716697693,998.6156005859375,78.02584075927734,0.9998983144760132,89.0446548461914,1029.2603759765625,0.9998809099197388,1022.902587890625,1021.0385131835938,0.9997097849845886,334.3622741699219,498.9333801269531,0.9978443384170532,334.35791015625,611.8829956054688,0.9993853569030762,276.8322448730469,555.7322998046875,0.998955488204956,385.2734680175781,554.941650390625,0.9935903549194336,708.8245849609375,494.7342529296875,0.9963962435722351,754.9918212890625,715.18310546875,0.9997391104698181,694.9325561523438,600.87060546875,0.9993378520011902,782.1395874023438,564.97998046875,0.9853029251098633,696.825927734375,480.12255859375,0.0422992967069149,646.006103515625,445.1982116699219,0.8335513472557068,620.1812744140625,457.21112060546875,0.9850025773048401,532.0634765625,530.9154052734375,0.9968830943107605,587.362548828125,435.4417419433594,0.4889565408229828,625.8079833984375,523.325927734375,0.996539831161499,456.029541015625,566.8097534179688,0.9442327618598938,545.0498046875,628.908935546875,0.9116196036338806,465.87762451171875,655.0390014648438,0.9867578148841858,402.91876220703125,753.199462890625,0.8791429400444031,364.8310546875,894.3800659179688,0.698560357093811
431,85.96082305908203,119.60324096679688,0.9994029998779297,1000.6192626953125,79.63804626464844,0.9996548891067505,90.41065979003906,1029.9337158203125,0.9998679161071777,1022.2490844726562,1021.4065551757812,0.9981778860092163,335.4605712890625,498.7398376464844,0.9984808564186096,332.91973876953125,610.287841796875,0.9997010827064514,276.94183349609375,554.3614501953125,0.9989738464355469,385.8629150390625,555.483154296875,0.9942042231559753,719.1141357421875,493.1700744628906,0.9012426733970642,754.3099365234375,714.6739501953125,0.9997000694274902,695.2025146484375,602.335205078125,0.9991126656532288,782.5206298828125,563.4781494140625,0.9906054139137268,643.9024658203125,409.2796325683594,0.24128559231758118,640.1990356445312,440.9070739746094,0.28716841340065,618.7877197265625,455.54315185546875,0.977818489074707,533.7435302734375,531.2706298828125,0.996461808681488,576.556640625,433.7787780761719,0.5127236843109131,636.1533203125,520.8270874023438,0.9978678226470947,461.32281494140625,556.244873046875,0.9090482592582703,536.52001953125,635.0783081054688,0.9504474401473999,463.16668701171875,649.8902587890625,0.9705243706703186,401.7218322753906,751.3433227539062,0.9305758476257324,362.7171630859375,887.619384765625,0.2277136892080307
432,84.68458557128906,118.5715560913086,0.9997313618659973,998.1805419921875,80.1651382446289,0.9998674392700195,90.36276245117188,1028.9052734375,0.9998736381530762,1023.4354858398438,1021.7361450195312,0.9995718598365784,335.3643493652344,498.7408447265625,0.9970575571060181,333.62481689453125,611.118408203125,0.9997265934944153,276.17034912109375,554.8980712890625,0.9990320205688477,386.2348937988281,555.92431640625,0.9952794313430786,708.8816528320312,498.3873291015625,0.9481939077377319,755.3003540039062,715.411865234375,0.999731719493866,696.6478881835938,601.9906616210938,0.9967593550682068,780.125732421875,565.0139770507812,0.979358971118927,648.6185302734375,410.245849609375,0.766174852848053,651.0968627929688,436.4459533691406,0.4406405985355377,629.3875122070312,450.408447265625,0.9523212313652039,540.1543579101562,532.1436767578125,0.9914587736129761,601.4729614257812,436.69195556640625,0.28577688336372375,645.369384765625,518.6278686523438,0.9821763634681702,462.4839172363281,553.74267578125,0.9644830822944641,535.27880859375,635.6090087890625,0.6988168954849243,459.6898498535156,647.5477294921875,0.9613559246063232,402.6188659667969,749.7695922851562,0.8691492676734924,384.0559387207031,832.5320434570312,0.5791635513305664
433,86.6045150756836,116.31529998779297,0.9994350075721741,998.2537231445312,80.4603500366211,0.9997870326042175,89.2413330078125,1029.0284423828125,0.9998112320899963,1022.03466796875,1022.26611328125,0.9996029734611511,335.5531005859375,498.5364074707031,0.997626006603241,333.265380859375,611.47705078125,0.9995823502540588,276.4907531738281,553.2545776367188,0.9992398023605347,385.8698425292969,553.7344360351562,0.9956246018409729,713.8875122070312,500.4392395019531,0.9945861101150513,755.3157958984375,715.8186645507812,0.9997151494026184,697.1287231445312,604.8192138671875,0.9935413599014282,779.0350341796875,566.41943359375,0.9568053483963013,649.0470581054688,408.1803283691406,0.12591376900672913,655.8436889648438,434.3625183105469,0.03266357257962227,630.8236694335938,450.994873046875,0.4991763234138489,546.0523681640625,531.7593383789062,0.990549623966217,547.1080932617188,444.5812683105469,0.038925547152757645,649.0936279296875,512.3807983398438,0.8554046750068665,466.21063232421875,544.9603271484375,0.922343373298645,551.9072875976562,629.0317993164062,0.8351650238037109,460.6385192871094,636.0780029296875,0.8197387456893921,404.72344970703125,740.2487182617188,0.9305971264839172,384.69085693359375,843.2571411132812,0.37210553884506226
434,85.4500732421875,118.35533142089844,0.9997535347938538,999.18994140625,76.0309829711914,0.9999121427536011,91.00165557861328,1028.9317626953125,0.9999151229858398,1023.5645141601562,1021.4159545898438,0.9995038509368896,334.9624328613281,498.54376220703125,0.9986794590950012,333.4438781738281,611.3711547851562,0.9994947910308838,276.6958923339844,553.7330322265625,0.9990941286087036,386.3052978515625,553.3851318359375,0.9948857426643372,710.3917846679688,505.0187683105469,0.9294679164886475,754.96435546875,716.3905639648438,0.9997711777687073,695.6514282226562,604.8175048828125,0.9956281185150146,780.9073486328125,562.972412109375,0.9712944626808167,651.1004028320312,397.6365966796875,0.8451898097991943,659.3058471679688,417.7794189453125,0.5439624190330505,644.9991455078125,438.1428527832031,0.9817577004432678,549.1139526367188,521.1423950195312,0.9832867383956909,599.984130859375,422.1488952636719,0.6318854689598083,646.3128662109375,509.2781677246094,0.9784448742866516,464.634765625,535.1646728515625,0.9616003036499023,554.3075561523438,623.93896484375,0.8263086080551147,460.5107116699219,628.5716552734375,0.8949224948883057,404.4542541503906,741.1932373046875,0.8546146154403687,386.3683166503906,932.1516723632812,0.840146541595459
435,86.12785339355469,116.7518081665039,0.9995819926261902,998.6802978515625,82.1288833618164,0.999913215637207,89.90858459472656,1029.216552734375,0.9999074935913086,1023.2255249023438,1020.610107421875,0.999666690826416,336.0625915527344,497.97235107421875,0.9973793029785156,333.1319580078125,611.6170654296875,0.9994705319404602,276.88043212890625,552.25439453125,0.9990665316581726,386.73638916015625,554.3070678710938,0.9968110918998718,715.9083862304688,504.6290283203125,0.9896833896636963,754.661376953125,715.7869873046875,0.9998548030853271,695.049072265625,604.8993530273438,0.9983972907066345,781.4581909179688,569.5792846679688,0.9813546538352966,654.4425048828125,395.9848937988281,0.8862858414649963,658.85693359375,414.6255187988281,0.8378257751464844,641.4633178710938,436.22186279296875,0.8862360715866089,545.6776733398438,510.98333740234375,0.9311738610267639,602.9629516601562,413.0171203613281,0.7390767335891724,651.5357666015625,502.3662414550781,0.9021430611610413,469.8336486816406,517.2545776367188,0.9090131521224976,538.7487182617188,606.5509033203125,0.6920660734176636,461.9397277832031,617.2778930664062,0.9712806344032288,401.175537109375,731.529296875,0.5582372546195984,381.8672790527344,924.9073486328125,0.7744320034980774
436,86.35507202148438,117.07957458496094,0.9997960925102234,998.8539428710938,81.58181762695312,0.9999531507492065,90.30845642089844,1030.545654296875,0.9999017715454102,1021.705810546875,1021.14990234375,0.999055802822113,334.6454772949219,498.4094543457031,0.9980480670928955,333.1905822753906,611.3806762695312,0.9995538592338562,276.7377624511719,553.7388305664062,0.998883068561554,387.01959228515625,553.4261474609375,0.998497724533081,715.073486328125,505.3292236328125,0.9634846448898315,755.5419921875,715.5074462890625,0.999833345413208,695.2855224609375,605.4486694335938,0.9980916380882263,779.0239868164062,569.723876953125,0.9910456538200378,658.5374145507812,403.0482177734375,0.8503627181053162,668.0068359375,424.0296630859375,0.578348696231842,653.556884765625,443.6345520019531,0.3435131013393402,548.3499145507812,507.2220458984375,0.9603208303451538,609.7731323242188,410.04779052734375,0.7628966569900513,658.2108154296875,502.0208740234375,0.9102956056594849,468.5064697265625,510.8326416015625,0.9187304377555847,552.1990356445312,604.3474731445312,0.6632585525512695,462.23980712890625,611.7896118164062,0.9970255494117737,406.8038635253906,703.6785278320312,0.4057064354419708,383.89849853515625,922.0604248046875,0.23726727068424225
437,85.28321838378906,118.4999771118164,0.9998072981834412,999.0281372070312,80.29512023925781,0.9999022483825684,89.96663665771484,1029.0496826171875,0.9999414682388306,1022.5537109375,1021.600341796875,0.9994243383407593,335.6275634765625,498.3504638671875,0.9979046583175659,334.0478515625,612.1184692382812,0.9995383024215698,276.8414611816406,554.3642578125,0.9972188472747803,386.1890869140625,551.9334106445312,0.9973499774932861,723.1162719726562,500.206298828125,0.9629978537559509,754.974365234375,714.3981323242188,0.999886155128479,694.0358276367188,600.0848388671875,0.9988755583763123,781.53759765625,564.3129272460938,0.9805846810340881,658.821533203125,403.4123840332031,0.915208101272583,663.1696166992188,422.5813293457031,0.7219073176383972,649.5958862304688,443.9994201660156,0.4495890736579895,546.3609619140625,512.4065551757812,0.9791825413703918,594.4925537109375,414.40777587890625,0.7387910485267639,657.8050537109375,501.57574462890625,0.9375095963478088,469.52142333984375,512.001953125,0.9692984223365784,550.429931640625,602.6946411132812,0.6338108777999878,456.682373046875,606.1697998046875,0.997982382774353,369.9432678222656,848.2139892578125,0.7465898990631104,386.02117919921875,929.0875854492188,0.9081229567527771
438,86.27029418945312,118.22227478027344,0.9996353387832642,998.4667358398438,81.02892303466797,0.9999574422836304,89.86292266845703,1027.7435302734375,0.9999281167984009,1022.94677734375,1021.7869873046875,0.9995450377464294,336.25970458984375,498.42095947265625,0.9965441823005676,333.0902404785156,610.8003540039062,0.999658465385437,277.1513366699219,552.4581298828125,0.9978359341621399,385.9429016113281,551.52490234375,0.9980545043945312,713.639892578125,499.9444885253906,0.9961155652999878,754.886962890625,713.5410766601562,0.9999043941497803,691.4146118164062,600.10009765625,0.9988012313842773,776.1067504882812,570.43505859375,0.9951267242431641,659.7053833007812,400.03985595703125,0.5945677757263184,660.1144409179688,419.1387634277344,0.5296708941459656,649.9751586914062,440.193603515625,0.24498337507247925,552.9533081054688,515.4241943359375,0.9970055222511292,591.1410522460938,413.63446044921875,0.9588561654090881,658.5032958984375,496.6651916503906,0.9886797070503235,471.79541015625,512.4708251953125,0.9620491862297058,546.1331787109375,603.2275390625,0.8723450899124146,460.3766174316406,607.5167846679688,0.9683930277824402,369.52740478515625,734.3079223632812,0.8740233778953552,386.8172302246094,926.8761596679688,0.6186295747756958
439,86.050048828125,119.57167053222656,0.9996559619903564,997.0183715820312,81.0789794921875,0.9999414682388306,89.08970642089844,1029.5799560546875,0.9998619556427002,1022.0634155273438,1020.111572265625,0.9996346235275269,337.56591796875,498.0411376953125,0.9975447058677673,333.34429931640625,611.3649291992188,0.9996232986450195,277.0178527832031,551.2218017578125,0.998420000076294,386.703857421875,552.6557006835938,0.9954646229743958,709.237548828125,504.68511962890625,0.9964993000030518,756.6951904296875,714.9927978515625,0.9998960494995117,691.4864501953125,601.72021484375,0.9971074461936951,777.4906005859375,563.44921875,0.9818799495697021,659.8599243164062,397.5536804199219,0.855281412601471,652.921142578125,418.5938415527344,0.753146767616272,640.1790161132812,436.4969482421875,0.8967067003250122,552.2485961914062,516.4686889648438,0.9940102100372314,585.4656372070312,412.83392333984375,0.8123259544372559,660.7613525390625,488.5921936035156,0.7519256472587585,474.11553955078125,518.5775146484375,0.9621068835258484,552.8200073242188,601.8856811523438,0.9381346702575684,459.2592468261719,604.4476318359375,0.9890332221984863,377.8457946777344,678.5570678710938,0.41999009251594543,383.3927917480469,921.474609375,0.7203963994979858
440,85.41349792480469,118.01974487304688,0.9998810291290283,999.0359497070312,82.1809310913086,0.9998816251754761,89.38159942626953,1029.8106689453125,0.9998935461044312,1024.000732421875,1020.4373779296875,0.9995526671409607,336.65673828125,498.4599914550781,0.9977452158927917,332.4150085449219,610.8797607421875,0.9996002316474915,276.8892517089844,551.1487426757812,0.9984368681907654,385.7921447753906,553.1135864257812,0.9981175661087036,713.7440795898438,504.2758483886719,0.9812127947807312,757.068115234375,715.3037109375,0.9999169111251831,693.0765991210938,601.3663330078125,0.9977747797966003,779.88037109375,563.298828125,0.9830255508422852,654.2719116210938,403.1244812011719,0.8068364262580872,650.599853515625,422.1426696777344,0.2670656740665436,638.8795776367188,436.9447021484375,0.250032901763916,549.394775390625,516.1317749023438,0.9953523874282837,576.3440551757812,419.356689453125,0.3116987645626068,650.9282836914062,500.0079650878906,0.6122560501098633,471.50408935546875,512.7403564453125,0.9566481113433838,546.262939453125,600.1788330078125,0.7428258657455444,446.1323547363281,605.9077758789062,0.9674900770187378,349.5179748535156,746.147705078125,0.033217426389455795,652.7723999023438,535.23828125,0.6018244028091431
441,86.60337829589844,117.36099243164062,0.9997000694274902,1000.8856811523438,81.91413879394531,0.9998989105224609,90.63019561767578,1029.0994873046875,0.9998006224632263,1023.3847045898438,1021.3043212890625,0.999479353427887,338.2501525878906,498.2698059082031,0.9985713958740234,330.87152099609375,609.2838134765625,0.9994882345199585,276.849609375,550.595458984375,0.9992138147354126,385.7258605957031,552.92138671875,0.9984252452850342,719.1134643554688,503.4478454589844,0.9946692585945129,756.1986694335938,716.1138305664062,0.9998767375946045,694.9563598632812,600.7281494140625,0.9972894191741943,778.26123046875,564.5392456054688,0.9889726042747498,652.1907348632812,409.87860107421875,0.8482314944267273,649.3655395507812,427.7889099121094,0.6464840769767761,638.8688354492188,449.1842346191406,0.6785730123519897,545.3992919921875,517.3170166015625,0.9942715167999268,600.2598266601562,422.89935302734375,0.7991030812263489,654.6558837890625,503.1631164550781,0.7581061720848083,471.379638671875,510.9742736816406,0.9654170274734497,535.7477416992188,602.2614135742188,0.6619116067886353,442.4332275390625,602.746826171875,0.9400513172149658,437.0068359375,605.94287109375,0.0018316853092983365,652.6132202148438,553.6802978515625,0.06135449931025505
442,85.49722290039062,117.5833969116211,0.9999088048934937,999.0374145507812,80.58909606933594,0.9998800754547119,88.69445037841797,1028.5614013671875,0.9999198913574219,1022.9400634765625,1020.9058837890625,0.9996657371520996,336.7282409667969,498.5089416503906,0.9978183507919312,333.6769714355469,609.4122924804688,0.9986146688461304,276.6559143066406,552.3848266601562,0.9990745782852173,387.1856384277344,553.3309326171875,0.9971844553947449,719.5894165039062,502.6814270019531,0.9931719303131104,755.6993408203125,714.0515747070312,0.9997460246086121,695.5857543945312,597.7521362304688,0.9972108006477356,782.6859741210938,561.8224487304688,0.9914901852607727,651.518798828125,409.200927734375,0.39093491435050964,652.6787109375,427.2300720214844,0.20377683639526367,636.922607421875,450.852783203125,0.06638792157173157,543.8009033203125,516.5584106445312,0.9957932233810425,578.4442749023438,422.8594055175781,0.6448112726211548,651.9320068359375,510.385009765625,0.6510099768638611,470.9846496582031,512.34521484375,0.9680197834968567,550.3231811523438,606.5125122070312,0.8418099284172058,440.6896667480469,603.6795043945312,0.9536809325218201,309.78228759765625,653.597412109375,0.008229712024331093,284.5541076660156,692.2839965820312,0.6973913311958313
443,85.73094177246094,117.46341705322266,0.9997994303703308,1000.4512939453125,78.70462799072266,0.999755322933197,90.47571563720703,1029.675537109375,0.9998109936714172,1022.5586547851562,1021.9617919921875,0.9994103908538818,335.89019775390625,498.65008544921875,0.9985678195953369,335.62384033203125,609.9974365234375,0.9981735944747925,276.5220947265625,552.899169921875,0.9986827969551086,387.09820556640625,551.0764770507812,0.9986586570739746,725.4691162109375,500.6900634765625,0.9961036443710327,756.7656860351562,715.3955688476562,0.9998493194580078,697.6090698242188,599.658203125,0.9955703616142273,783.447021484375,562.6792602539062,0.9908953905105591,650.1807861328125,410.9611511230469,0.6774150133132935,648.15283203125,423.7304382324219,0.08590404689311981,625.86279296875,443.82501220703125,0.0613984651863575,543.3572998046875,517.326416015625,0.9968699812889099,574.134033203125,425.093017578125,0.8765500783920288,645.99658203125,512.9046020507812,0.8438987135887146,468.4137878417969,504.2591552734375,0.9891887903213501,532.5159301757812,602.5350341796875,0.7693303823471069,446.9908752441406,602.84130859375,0.9724124073982239,262.3129577636719,706.5194091796875,0.06617406010627747,268.76043701171875,755.2215576171875,0.6828691959381104
444,85.6132583618164,116.31083679199219,0.9998536109924316,1001.1279907226562,78.8299560546875,0.9997100234031677,88.79621124267578,1029.9566650390625,0.9998668432235718,1023.8082885742188,1021.1900634765625,0.9994767308235168,335.8628234863281,498.721923828125,0.9979915618896484,338.73004150390625,610.3696899414062,0.9970468878746033,276.41375732421875,552.8751220703125,0.9987755417823792,386.40576171875,552.57275390625,0.9977144002914429,723.897705078125,499.9167785644531,0.9930545687675476,756.9666137695312,715.7281494140625,0.9998611211776733,695.5985717773438,597.7579345703125,0.9975390434265137,783.1129760742188,562.9169921875,0.9972183704376221,646.248779296875,412.77252197265625,0.7321377396583557,644.5719604492188,440.01934814453125,0.3202822208404541,627.9510498046875,452.37139892578125,0.2355613112449646,543.0138549804688,517.945068359375,0.9971083998680115,574.2039794921875,425.8837585449219,0.9329676628112793,650.6402587890625,513.7464599609375,0.6041216254234314,468.0548095703125,506.0207214355469,0.9675533175468445,547.21875,607.3308715820312,0.6590681076049805,446.13092041015625,606.2544555664062,0.9180856347084045,301.19091796875,650.5188598632812,0.5818266272544861,257.77801513671875,750.704833984375,0.9751828908920288
445,86.43894958496094,116.67465209960938,0.9998194575309753,998.9055786132812,78.98241424560547,0.9999032020568848,89.90709686279297,1029.6929931640625,0.9998377561569214,1021.4679565429688,1021.6061401367188,0.9990724325180054,336.19012451171875,499.0624694824219,0.9983235001564026,338.2702331542969,609.5458374023438,0.9982404708862305,276.3531494140625,552.6053466796875,0.9991148114204407,386.89910888671875,550.7083740234375,0.9977836012840271,724.7782592773438,499.5003662109375,0.9942505359649658,757.0033569335938,715.3453369140625,0.9998416900634766,697.6207275390625,603.0197143554688,0.9927279949188232,782.6212768554688,567.8071899414062,0.9890963435173035,678.1045532226562,517.8984985351562,0.2927858233451843,668.3280639648438,503.6016845703125,0.15606680512428284,634.4453735351562,474.10333251953125,0.2869197726249695,542.2462158203125,519.6577758789062,0.9888353943824768,575.499267578125,427.65625,0.8764476180076599,641.611572265625,519.5830078125,0.8340603113174438,467.1474609375,504.0771789550781,0.9865254163742065,533.6797485351562,603.6895751953125,0.7345272302627563,448.7512512207031,607.6099243164062,0.971057653427124,285.1308288574219,658.453125,0.8749663829803467,262.8073425292969,764.0587158203125,0.9494783282279968
446,85.07169342041016,118.82627868652344,0.9997749924659729,999.5125122070312,80.21694946289062,0.9998849630355835,89.68585968017578,1028.55859375,0.9999078512191772,1022.1807861328125,1021.8196411132812,0.9994482398033142,336.72393798828125,498.2008972167969,0.9967113733291626,338.04534912109375,610.4776000976562,0.9960734844207764,276.1322937011719,551.4630126953125,0.998860239982605,386.4189758300781,552.1990356445312,0.9971388578414917,723.9166259765625,499.1858825683594,0.9972707629203796,756.048583984375,714.9502563476562,0.9998136162757874,697.6543579101562,603.0199584960938,0.994800329208374,782.186767578125,566.524169921875,0.9929304122924805,645.80859375,418.501708984375,0.3619150221347809,642.88232421875,442.9725036621094,0.202867329120636,631.70068359375,471.72674560546875,0.5098661184310913,540.90087890625,519.2491455078125,0.9957270622253418,577.6475830078125,428.4154052734375,0.7483406662940979,640.0546264648438,518.7297973632812,0.7863867878913879,466.3890075683594,504.85943603515625,0.9815143942832947,531.4229125976562,605.4325561523438,0.7520459890365601,443.9896545410156,611.4192504882812,0.9807989001274109,284.58740234375,659.5848388671875,0.5509325265884399,260.16326904296875,766.2899169921875,0.9586905837059021
447,84.87594604492188,119.4176254272461,0.9991891980171204,998.6747436523438,78.0182876586914,0.999916672706604,90.06661224365234,1027.974609375,0.9998804330825806,1024.6429443359375,1022.3402099609375,0.999750554561615,336.2373046875,498.1143798828125,0.9968474507331848,339.31854248046875,609.8507080078125,0.9977884292602539,276.49163818359375,552.0990600585938,0.9985507130622864,386.6518249511719,552.0533447265625,0.998201847076416,724.1610107421875,496.9448547363281,0.9962402582168579,757.6791381835938,715.722412109375,0.9998210072517395,698.251708984375,600.6310424804688,0.9965355396270752,780.15087890625,566.2075805664062,0.9932047128677368,636.0927124023438,431.37701416015625,0.051816582679748535,666.7633666992188,521.8729858398438,0.11341555416584015,617.6069946289062,444.57452392578125,0.14803646504878998,541.8531494140625,517.7410888671875,0.9962983727455139,604.8925170898438,436.4730529785156,0.4486604630947113,640.2786254882812,525.1658935546875,0.6229050159454346,467.0552673339844,502.04656982421875,0.9825996160507202,531.809814453125,608.54296875,0.8964608311653137,443.34320068359375,611.7760009765625,0.976285457611084,291.0871276855469,654.4880981445312,0.7559683918952942,259.29461669921875,765.8233642578125,0.975510835647583
448,87.09234619140625,116.71114349365234,0.9997783303260803,998.6834106445312,79.35747528076172,0.9997199177742004,87.74633026123047,1028.7799072265625,0.9999068975448608,1020.7575073242188,1021.7786254882812,0.9989824891090393,338.0208435058594,499.04595947265625,0.9979571104049683,337.8919372558594,609.9157104492188,0.996936559677124,276.7832946777344,552.9629516601562,0.9979610443115234,385.5614013671875,553.2261962890625,0.9962014555931091,724.752685546875,498.5047302246094,0.9938197731971741,756.2427368164062,716.1005859375,0.9997547268867493,697.4490356445312,600.5912475585938,0.9974320530891418,780.5455932617188,568.7948608398438,0.9907447695732117,681.0159912109375,517.2230834960938,0.29439711570739746,666.5552368164062,508.6859130859375,0.45085257291793823,627.3737182617188,475.4984130859375,0.11749208718538284,540.0286254882812,519.0630493164062,0.9960481524467468,601.12158203125,436.9418640136719,0.8369802832603455,635.3737182617188,528.1036376953125,0.8894888162612915,465.2507019042969,502.1315002441406,0.9893771409988403,531.3363037109375,611.9580688476562,0.8721723556518555,441.8598327636719,612.4855346679688,0.9789896607398987,286.8365478515625,658.3333129882812,0.567631721496582,255.25975036621094,758.9990234375,0.9718976616859436
449,86.74755859375,114.47885131835938,0.9996298551559448,997.623046875,77.90798950195312,0.9998127818107605,89.93122863769531,1028.6171875,0.9999146461486816,1023.9315795898438,1021.6345825195312,0.9994226694107056,336.5551452636719,498.4106140136719,0.997865617275238,337.8956604003906,610.2357788085938,0.9969838261604309,276.3025207519531,553.203125,0.9980024695396423,385.9488220214844,552.3385620117188,0.9958373308181763,718.6939086914062,500.9473876953125,0.9798941016197205,755.7557983398438,715.59765625,0.9998750686645508,698.06005859375,601.115234375,0.9963105320930481,779.1741333007812,569.253662109375,0.9959341287612915,681.403076171875,512.9537353515625,0.4738009572029114,662.1071166992188,497.0914611816406,0.21048754453659058,628.1747436523438,475.0859375,0.191341832280159,539.7462768554688,520.790283203125,0.9748238921165466,605.826904296875,431.2738342285156,0.8532739877700806,638.7885131835938,521.0018310546875,0.7945480346679688,464.8514709472656,506.9580383300781,0.9509566426277161,529.1649169921875,611.5760498046875,0.8022422194480896,444.2368469238281,610.3031616210938,0.9682498574256897,285.8344421386719,659.0580444335938,0.6514015197753906,252.19448852539062,750.824462890625,0.9870674014091492
450,85.63581085205078,116.02259826660156,0.9997560381889343,997.8133544921875,77.21632385253906,0.999671459197998,87.96873474121094,1029.07470703125,0.9998795986175537,1023.3112182617188,1021.2369384765625,0.9997555613517761,335.454833984375,498.28118896484375,0.9966877102851868,339.14166259765625,609.9349365234375,0.9953688979148865,276.2555236816406,552.4483642578125,0.998976469039917,387.481201171875,551.284912109375,0.9959319233894348,716.8260498046875,499.9311828613281,0.992199718952179,755.6663208007812,716.3016967773438,0.999863862991333,697.1356811523438,600.041015625,0.9966217279434204,779.310791015625,568.5235595703125,0.986367404460907,650.6736450195312,439.6805725097656,0.09616362303495407,663.8202514648438,493.5295715332031,0.04040982201695442,632.6920776367188,476.1773376464844,0.22016645967960358,542.7389526367188,522.1464233398438,0.9605971574783325,613.2425537109375,433.77459716796875,0.7870508432388306,639.0263061523438,526.7709350585938,0.7235249876976013,463.92236328125,520.970947265625,0.973127007484436,529.747314453125,609.882568359375,0.9381065368652344,445.58099365234375,606.5755004882812,0.9701409339904785,319.1933288574219,637.8424682617188,0.48299941420555115,251.5350341796875,746.0660400390625,0.9972823858261108
451,87.16552734375,116.00933074951172,0.9998424053192139,999.3455810546875,77.5443115234375,0.999909520149231,90.72167205810547,1028.4407958984375,0.9999090433120728,1021.0938110351562,1022.5587158203125,0.9992446899414062,335.8063049316406,497.9115295410156,0.9950227737426758,340.6832580566406,609.1973876953125,0.9979172348976135,276.9576416015625,553.5338134765625,0.9980913996696472,387.718994140625,552.4817504882812,0.9955378770828247,718.9976806640625,500.3609619140625,0.9934561848640442,754.7340698242188,714.9921264648438,0.9997857213020325,695.953369140625,603.7861938476562,0.9987977743148804,779.5333862304688,567.5235595703125,0.9923836588859558,698.9848022460938,495.36322021484375,0.1806558221578598,652.39013671875,469.6068115234375,0.052311647683382034,637.61767578125,471.27191162109375,0.22923947870731354,541.9006958007812,521.132080078125,0.9877057671546936,616.8532104492188,436.0194091796875,0.7670665383338928,645.0479125976562,523.065185546875,0.6224499940872192,465.0015563964844,519.900390625,0.909851610660553,534.3172607421875,603.8470458984375,0.9275223016738892,448.187255859375,603.1430053710938,0.990519642829895,308.6373596191406,638.5249633789062,0.5407499670982361,254.8793487548828,755.1246948242188,0.9830594062805176
452,84.85177612304688,116.40299224853516,0.9996945858001709,998.4432373046875,77.91512298583984,0.999885082244873,91.38325500488281,1031.047607421875,0.9998557567596436,1023.274658203125,1020.627685546875,0.9995273351669312,335.5240173339844,498.2354431152344,0.9957678318023682,339.8858337402344,608.636474609375,0.9967971444129944,276.6222229003906,554.1314086914062,0.9982494115829468,387.31866455078125,551.0559692382812,0.9955047965049744,722.8541259765625,499.52362060546875,0.9876300692558289,756.3552856445312,712.6967163085938,0.9998151659965515,694.3587036132812,603.1908569335938,0.9957297444343567,782.4129638671875,566.7755737304688,0.9863611459732056,641.3450317382812,425.00018310546875,0.9546611905097961,640.3222045898438,443.86138916015625,0.5097205638885498,627.8611450195312,455.15667724609375,0.8774391412734985,542.9153442382812,524.6001586914062,0.9952912330627441,577.4234008789062,429.4132080078125,0.9505347609519958,637.6923217773438,519.8270874023438,0.9657692313194275,464.7770080566406,505.2185363769531,0.9432297348976135,529.180419921875,608.1096801757812,0.8707227110862732,440.0213317871094,605.5108642578125,0.9860519170761108,307.6728820800781,638.159423828125,0.6164427995681763,254.0299072265625,756.2596435546875,0.964167594909668
453,85.91287994384766,117.05128479003906,0.9997102618217468,998.4672241210938,77.93307495117188,0.9999103546142578,89.7138900756836,1030.2772216796875,0.999729573726654,1023.5562133789062,1020.6826171875,0.9995298385620117,336.16632080078125,498.2453308105469,0.994746744632721,337.9806213378906,609.4583129882812,0.9962598085403442,276.4017333984375,553.0804443359375,0.9988964796066284,388.3606262207031,552.0239868164062,0.9968065023422241,722.2786254882812,498.4761657714844,0.9784250259399414,756.254150390625,713.5379028320312,0.9998713731765747,693.3680419921875,600.7027587890625,0.9981439113616943,782.1256103515625,563.4922485351562,0.9891029596328735,641.9976196289062,419.67724609375,0.5079032778739929,634.0814208984375,439.18511962890625,0.08765741437673569,626.4886474609375,462.9275207519531,0.21066170930862427,541.276611328125,525.0735473632812,0.9968872666358948,615.3989868164062,432.72125244140625,0.5661091804504395,638.009521484375,517.3916015625,0.9220297336578369,464.27362060546875,518.4306640625,0.9539963006973267,529.690673828125,604.8237915039062,0.8068622350692749,442.12139892578125,604.1720581054688,0.9938344955444336,307.70458984375,639.82177734375,0.5392105579376221,254.6520233154297,758.8347778320312,0.9668347239494324
454,85.88658905029297,118.05238342285156,0.9997723698616028,996.8139038085938,78.58112335205078,0.9999241828918457,89.1377944946289,1029.268798828125,0.9997923970222473,1021.9776611328125,1020.9681396484375,0.9997264742851257,337.2023620605469,498.23199462890625,0.9965733289718628,337.5226745605469,608.64208984375,0.994834303855896,276.8142395019531,552.3071899414062,0.9983935952186584,387.7693176269531,552.5650024414062,0.9932663440704346,725.4992065429688,500.2908935546875,0.9879216551780701,756.67431640625,712.3541870117188,0.999645471572876,693.56591796875,600.8745727539062,0.9951451420783997,784.9239501953125,564.3787841796875,0.9966296553611755,633.1854858398438,434.4991149902344,0.3850478529930115,661.5750122070312,497.0168762207031,0.3009566068649292,625.907958984375,476.0471496582031,0.6922561526298523,541.3243408203125,525.7079467773438,0.9971453547477722,594.7360229492188,434.032958984375,0.8913698196411133,637.5900268554688,523.4910888671875,0.981573224067688,464.39825439453125,506.61224365234375,0.9113881587982178,531.4951171875,607.0152587890625,0.9711530208587646,441.3272705078125,605.2047119140625,0.9881905317306519,314.4859313964844,637.5932006835938,0.6535758972167969,256.0769958496094,759.5247192382812,0.9436414241790771
455,84.83262634277344,117.0400390625,0.999818742275238,998.9281616210938,79.53681182861328,0.9998928308486938,89.3924789428711,1028.739013671875,0.9998751878738403,1022.8483276367188,1020.2156982421875,0.999761164188385,336.4576721191406,498.3036193847656,0.9959820508956909,338.8833312988281,608.3677368164062,0.9938449859619141,276.5506591796875,552.2349853515625,0.9980112314224243,386.83721923828125,552.135009765625,0.9951398372650146,725.6021118164062,500.4543762207031,0.9864451289176941,755.7421264648438,714.8424682617188,0.999835729598999,695.6661987304688,602.8328857421875,0.992720901966095,784.6548461914062,563.6822509765625,0.9974939823150635,642.8253784179688,422.6109619140625,0.9010977149009705,645.764404296875,442.1207275390625,0.4389564096927643,630.478515625,471.31231689453125,0.5996963381767273,539.6158447265625,521.6469116210938,0.9899917244911194,604.8783569335938,432.0047302246094,0.8721818327903748,638.3265380859375,524.3713989257812,0.9929335117340088,464.7647705078125,503.67364501953125,0.9507750272750854,529.1002197265625,608.6116333007812,0.9618595242500305,438.9971923828125,605.7140502929688,0.9909808039665222,313.86810302734375,637.9713745117188,0.688198983669281,253.8921661376953,751.4318237304688,0.9520187973976135
456,86.0907211303711,118.93162536621094,0.9996095299720764,998.54296875,77.91704559326172,0.9998751878738403,88.9535140991211,1029.7166748046875,0.9998599290847778,1022.3329467773438,1020.2875366210938,0.9995549321174622,336.9889221191406,498.23138427734375,0.9959297776222229,339.4422302246094,609.1217651367188,0.9960858821868896,277.0126037597656,552.4828491210938,0.9978131055831909,387.7908020019531,553.3267211914062,0.9921953678131104,726.3082885742188,501.2632751464844,0.9908543825149536,756.2989501953125,714.3781127929688,0.9997633099555969,695.1395263671875,602.5733032226562,0.992639422416687,786.267822265625,562.146728515625,0.9952475428581238,647.7616577148438,421.8425598144531,0.7134764194488525,661.9580078125,504.151123046875,0.3194888234138489,629.558349609375,470.83587646484375,0.652110755443573,537.6038208007812,521.730712890625,0.991154134273529,603.9990234375,434.83160400390625,0.9488911032676697,637.05078125,530.317138671875,0.9927300810813904,464.1072692871094,504.1396789550781,0.980780303478241,528.0671997070312,608.9189453125,0.9778957962989807,439.3591613769531,603.94189453125,0.9952811598777771,307.86175537109375,640.8963012695312,0.7251054644584656,254.9735107421875,750.7162475585938,0.9143636226654053
457,85.34249877929688,113.9850082397461,0.999909520149231,997.3294677734375,77.1065444946289,0.9999241828918457,89.67817687988281,1029.205078125,0.9999091625213623,1021.7910766601562,1020.5223388671875,0.9995192289352417,335.2239685058594,497.9393310546875,0.9966366291046143,338.6305847167969,610.3356323242188,0.9971116781234741,276.7779541015625,552.2584228515625,0.9983283877372742,388.8038330078125,553.2897338867188,0.989865243434906,724.5586547851562,499.9751281738281,0.9923020601272583,755.5271606445312,715.87646484375,0.9997987151145935,695.8089599609375,599.2503662109375,0.9944960474967957,783.7924194335938,561.618408203125,0.9891971945762634,642.09912109375,431.5276184082031,0.3690073788166046,662.23681640625,506.92938232421875,0.2882263958454132,625.527587890625,487.24163818359375,0.33124852180480957,537.3193359375,522.1552124023438,0.9852332472801208,604.0142211914062,440.2178955078125,0.6962432861328125,640.3867797851562,533.8309936523438,0.9761604070663452,462.0552978515625,502.7210998535156,0.9737491011619568,522.0758056640625,605.9739990234375,0.9560619592666626,439.11151123046875,603.7468872070312,0.9950870871543884,285.5556945800781,659.46044921875,0.7383795976638794,255.46957397460938,757.3220825195312,0.8208911418914795
458,86.95597076416016,115.94175720214844,0.999748170375824,999.14013671875,77.58008575439453,0.9995396137237549,89.62830352783203,1028.619873046875,0.9998528957366943,1023.5465087890625,1020.8882446289062,0.9995378255844116,336.1214294433594,497.8846130371094,0.9939312934875488,338.21087646484375,610.994384765625,0.9974049925804138,276.8455505371094,552.0994262695312,0.998357355594635,388.35888671875,553.0526123046875,0.9931454658508301,724.46044921875,499.4270935058594,0.9894389510154724,755.9161376953125,715.6329345703125,0.9997379183769226,696.8243408203125,601.4592895507812,0.9980248212814331,783.7811889648438,570.7021484375,0.9878376722335815,635.3262329101562,438.8946228027344,0.44282856583595276,659.9061889648438,505.0778503417969,0.4497361481189728,628.762451171875,488.72174072265625,0.6433296203613281,536.2605590820312,525.0101318359375,0.993710994720459,601.9937744140625,444.0206298828125,0.9526827931404114,635.70849609375,535.1591186523438,0.9462378621101379,462.483154296875,502.9109802246094,0.9845876693725586,527.1084594726562,612.847412109375,0.978354275226593,440.06884765625,604.5809326171875,0.9960154891014099,293.4441833496094,653.9097290039062,0.8459200263023376,260.8277893066406,766.6358642578125,0.7983689904212952
459,85.73959350585938,115.72998809814453,0.9998675584793091,998.8685913085938,78.92146301269531,0.9997871518135071,89.40946197509766,1029.0546875,0.9998713731765747,1023.7236328125,1020.4801025390625,0.9993940591812134,335.71905517578125,497.951416015625,0.9955193996429443,338.6195373535156,610.9674682617188,0.997904896736145,276.7960205078125,551.742919921875,0.9989113807678223,389.1885070800781,552.5552978515625,0.9926230907440186,725.1331176757812,499.2068176269531,0.9919484853744507,755.3875732421875,715.1508178710938,0.9998136162757874,694.3527221679688,598.20703125,0.9978951215744019,784.4210205078125,571.1993408203125,0.9922120571136475,632.3461303710938,438.1892395019531,0.4111030101776123,658.9627685546875,508.3375244140625,0.6596086025238037,627.09619140625,489.5668029785156,0.5213973522186279,536.0626831054688,526.723876953125,0.9911209940910339,599.83251953125,442.9693603515625,0.9274316430091858,633.1182861328125,537.1130981445312,0.9735097289085388,462.1169128417969,501.6214599609375,0.9812034964561462,524.824951171875,614.3604736328125,0.977674126625061,441.2736511230469,603.5401000976562,0.9952399730682373,292.1201477050781,654.4631958007812,0.8941900730133057,275.1339111328125,785.94140625,0.8398178815841675
460,86.71260833740234,114.91477966308594,0.9997321963310242,998.4215698242188,78.95756530761719,0.999713122844696,89.64807891845703,1028.325439453125,0.9998984336853027,1021.8750610351562,1020.7434692382812,0.9995341300964355,335.8045959472656,498.1932067871094,0.997047483921051,340.852783203125,610.9039306640625,0.9984444975852966,276.97711181640625,552.7144775390625,0.9989860653877258,388.5135192871094,552.6862182617188,0.9953924417495728,726.306396484375,498.7740478515625,0.9711685180664062,756.0396728515625,716.00537109375,0.999832034111023,695.8677368164062,598.229248046875,0.9965834021568298,784.50244140625,563.4339599609375,0.9912812113761902,675.4429931640625,519.9036254882812,0.4792531728744507,656.9839477539062,510.05731201171875,0.665120542049408,627.7634887695312,491.76702880859375,0.4540953040122986,536.8931274414062,526.0025024414062,0.9918151497840881,597.9889526367188,446.2791748046875,0.9130533337593079,631.745361328125,538.5866088867188,0.9663779735565186,462.91876220703125,501.69500732421875,0.9812219738960266,522.659912109375,609.8729248046875,0.979824960231781,440.4757385253906,604.3706665039062,0.9952046871185303,293.66986083984375,654.2672119140625,0.9260431528091431,273.55670166015625,783.52001953125,0.8277093172073364
461,86.72900390625,117.3371353149414,0.9996705055236816,999.20751953125,78.47029876708984,0.999832272529602,90.35313415527344,1029.1700439453125,0.9998507499694824,1023.5037841796875,1019.8106689453125,0.9994421601295471,335.9848937988281,498.369873046875,0.9969817996025085,341.7696228027344,610.036376953125,0.9978010058403015,276.9582214355469,551.842529296875,0.9985002279281616,388.4924621582031,552.5693359375,0.9953612685203552,727.5728759765625,497.72137451171875,0.9929815530776978,756.8846435546875,715.9385375976562,0.9998466968536377,695.5609130859375,598.9951782226562,0.996908962726593,786.6255493164062,564.8283081054688,0.9964703321456909,635.884033203125,436.9973449707031,0.47780629992485046,657.907958984375,507.0784606933594,0.6028991937637329,628.62109375,491.1738586425781,0.599084198474884,536.2140502929688,527.1129760742188,0.9948897361755371,596.0198364257812,445.1925048828125,0.9846151471138,632.8311767578125,539.0079345703125,0.9871801733970642,463.3998107910156,500.4340515136719,0.9629580974578857,520.9483032226562,611.7129516601562,0.9732701778411865,439.6162414550781,606.2533569335938,0.9958815574645996,313.3917236328125,642.9814453125,0.9371397495269775,264.66864013671875,772.5701904296875,0.9372645616531372
462,86.10948181152344,118.03730010986328,0.998978853225708,1000.2963256835938,79.77793884277344,0.9997363686561584,90.32894134521484,1029.2647705078125,0.9998865127563477,1023.2882080078125,1019.976318359375,0.9993855953216553,335.3800354003906,498.5292663574219,0.9972254037857056,341.981689453125,610.4143676757812,0.9980880618095398,276.6007080078125,553.5703735351562,0.9988077878952026,388.846923828125,552.5748901367188,0.995031476020813,735.52099609375,496.0098876953125,0.926146924495697,756.4465942382812,715.0928955078125,0.9998736381530762,695.1456298828125,598.8546752929688,0.9957175850868225,784.209716796875,570.344970703125,0.9913698434829712,636.4081420898438,435.9102783203125,0.5341298580169678,660.1307983398438,504.7439270019531,0.6199182868003845,631.2916259765625,492.6319274902344,0.4431622624397278,535.7371826171875,526.3238525390625,0.9963288903236389,601.682861328125,444.0984802246094,0.9893123507499695,627.9990844726562,544.3015747070312,0.993312418460846,464.5959777832031,498.9956359863281,0.9861160516738892,521.1397705078125,614.4253540039062,0.9847958087921143,440.7177734375,604.4898681640625,0.9969565868377686,308.9853210449219,644.0507202148438,0.8929725289344788,266.8365478515625,776.4400634765625,0.9258303642272949
463,85.62776184082031,118.22372436523438,0.9998133778572083,999.531982421875,80.02606201171875,0.9998918771743774,90.65365600585938,1028.9617919921875,0.9999122619628906,1022.7476806640625,1021.0550537109375,0.999679446220398,335.1148681640625,497.4813537597656,0.9974431991577148,341.6741027832031,609.8821411132812,0.9966830611228943,276.093505859375,553.4203491210938,0.9979967474937439,388.4815673828125,551.0986938476562,0.9922519326210022,724.6566772460938,497.9991149902344,0.9947406649589539,755.8124389648438,714.5897827148438,0.9998248219490051,695.8815307617188,601.0504150390625,0.9964491128921509,782.540283203125,567.8099975585938,0.986407995223999,633.94775390625,437.39288330078125,0.39881399273872375,660.6326904296875,505.1268005371094,0.592211127281189,630.6795654296875,489.4101257324219,0.3261723518371582,536.5010375976562,525.43359375,0.9971796274185181,600.9199829101562,443.9153137207031,0.9657366871833801,633.9058837890625,536.4508056640625,0.9832959771156311,464.6206970214844,497.826171875,0.9785276055335999,520.7803955078125,611.1105346679688,0.9793827533721924,440.3988952636719,605.1007080078125,0.9961370825767517,299.8690185546875,652.7531127929688,0.9088093042373657,261.0556335449219,775.3175048828125,0.8948874473571777
464,87.44047546386719,117.89908599853516,0.9998326301574707,999.9267578125,82.02051544189453,0.9999359846115112,90.96635437011719,1028.8541259765625,0.9998610019683838,1022.6146850585938,1020.5703125,0.999448835849762,337.14599609375,498.3879699707031,0.9966402053833008,340.2203674316406,610.3167114257812,0.9966034889221191,276.9071960449219,552.9239501953125,0.998354971408844,388.4462890625,554.49951171875,0.9939289093017578,723.466796875,499.3582763671875,0.9881540536880493,755.6920166015625,714.6788940429688,0.9997753500938416,694.0714111328125,597.8589477539062,0.9977038502693176,781.3892822265625,570.8428344726562,0.9920979738235474,632.979248046875,439.288818359375,0.30688485503196716,659.82763671875,495.3229675292969,0.7484300136566162,629.9609375,492.3818054199219,0.5430092215538025,535.305419921875,527.0323486328125,0.9989637136459351,598.3519897460938,443.7191162109375,0.9869858622550964,632.6654052734375,536.9546508789062,0.982968270778656,463.3984069824219,500.3113708496094,0.9573267102241516,525.1011352539062,614.0685424804688,0.9821859002113342,440.34356689453125,603.99951171875,0.9980201721191406,308.5558776855469,644.6005859375,0.9387407302856445,278.2830505371094,792.4281005859375,0.9762720465660095
465,85.29788208007812,119.30949401855469,0.9999185800552368,998.669189453125,81.01464080810547,0.9999041557312012,91.09980010986328,1029.2528076171875,0.9998664855957031,1022.74267578125,1020.0269165039062,0.9995114803314209,337.56243896484375,497.7768249511719,0.996291995048523,338.5555725097656,612.0805053710938,0.9980853796005249,276.6634216308594,552.943603515625,0.9984000325202942,388.5256652832031,555.1686401367188,0.9911760091781616,723.1935424804688,498.1213684082031,0.9950335025787354,755.1808471679688,714.0650024414062,0.9997895359992981,693.440673828125,600.081298828125,0.9913516044616699,782.6560668945312,566.0196533203125,0.995202898979187,679.7470092773438,514.55859375,0.6533463597297668,656.8121337890625,504.4831237792969,0.8916079998016357,630.095703125,495.0601806640625,0.5874093770980835,534.2483520507812,532.3867797851562,0.9994914531707764,598.5823974609375,448.49456787109375,0.9305277466773987,628.7811279296875,540.1224975585938,0.9534396529197693,461.1950988769531,504.4062805175781,0.9568366408348083,525.4133911132812,613.9419555664062,0.9873774647712708,440.90252685546875,605.6167602539062,0.998433530330658,316.40814208984375,644.8934936523438,0.9512408971786499,276.1600341796875,788.93359375,0.9820346832275391
466,85.387939453125,119.43074798583984,0.9999125003814697,998.8185424804688,82.61597442626953,0.9999234676361084,89.98680114746094,1029.9984130859375,0.9998199343681335,1019.0025634765625,1020.4512939453125,0.9995792508125305,337.28765869140625,498.2579345703125,0.995712399482727,336.5097961425781,611.861328125,0.9986507296562195,276.6262512207031,553.17333984375,0.9983556866645813,389.1213684082031,556.7654418945312,0.9937833547592163,716.2112426757812,501.19482421875,0.9828673601150513,755.8255615234375,713.4903564453125,0.9996343851089478,692.8848266601562,600.1626586914062,0.9975722432136536,779.1378784179688,569.6114501953125,0.978623628616333,675.8270874023438,516.8886108398438,0.4432533085346222,657.1331787109375,507.94989013671875,0.9697273373603821,641.3479614257812,502.376708984375,0.5180972814559937,533.9485473632812,532.5068969726562,0.9992726445198059,598.6870727539062,451.0823059082031,0.8147464394569397,628.98095703125,541.1318969726562,0.9901887774467468,463.1399230957031,502.67913818359375,0.9367842674255371,527.5093383789062,615.0075073242188,0.9822544455528259,440.41082763671875,606.1937866210938,0.9954971075057983,286.2514343261719,656.864501953125,0.8966352939605713,274.35174560546875,787.060546875,0.978003978729248
467,86.04823303222656,116.87903594970703,0.9999606609344482,1001.18359375,81.5094223022461,0.9996939897537231,89.44786834716797,1028.944091796875,0.9998512268066406,1022.5286254882812,1020.202392578125,0.9996293783187866,335.7433776855469,498.0906982421875,0.9958350658416748,337.3797912597656,611.5072631835938,0.9984959363937378,276.8213806152344,554.0060424804688,0.998612642288208,387.6820068359375,554.9903564453125,0.9936162233352661,721.2078857421875,497.2117919921875,0.9937491416931152,755.6873168945312,714.791259765625,0.999775230884552,694.6510620117188,600.2864990234375,0.9977951049804688,783.6760864257812,566.7881469726562,0.9943183064460754,675.227783203125,515.3175048828125,0.7604334354400635,656.396728515625,502.0596008300781,0.9572730660438538,632.0650024414062,498.3349914550781,0.7519698739051819,533.3345336914062,533.579833984375,0.9992924928665161,595.5084228515625,450.3277282714844,0.9814417958259583,624.6063842773438,541.2443237304688,0.8941327929496765,462.7377624511719,504.8046875,0.9039114117622375,519.5693969726562,615.6049194335938,0.9881636500358582,441.7844543457031,604.0523681640625,0.998275876045227,316.5340881347656,643.8372802734375,0.8216599225997925,278.9427185058594,792.3553466796875,0.9342873096466064
468,86.5067367553711,117.01362609863281,0.9998713731765747,999.1420288085938,80.66432189941406,0.9998536109924316,90.15084075927734,1029.947998046875,0.9996575117111206,1022.497314453125,1020.228515625,0.9996449947357178,337.0062561035156,497.97235107421875,0.9963130354881287,336.9266662597656,611.3317260742188,0.9968632459640503,276.67547607421875,552.9992065429688,0.99843829870224,387.72088623046875,555.032470703125,0.9914430975914001,718.3209838867188,498.2341003417969,0.9949900507926941,757.0888671875,715.2124633789062,0.9998206496238708,693.1563110351562,597.571044921875,0.9966129660606384,785.5260009765625,564.8333129882812,0.9941072463989258,675.4327392578125,517.8309936523438,0.7741318345069885,657.0529174804688,506.34246826171875,0.9198945164680481,628.180419921875,495.51129150390625,0.6240962743759155,532.9042358398438,531.4808959960938,0.9994120597839355,597.9209594726562,447.494384765625,0.9889439344406128,627.9215698242188,539.7355346679688,0.9937784075737,463.0693359375,504.1087341308594,0.9542235732078552,522.004638671875,615.1902465820312,0.9868114590644836,441.36065673828125,604.2274169921875,0.9973950386047363,312.9165344238281,642.121826171875,0.7733879685401917,276.7540588378906,789.9617309570312,0.9651790857315063
469,85.37344360351562,116.34503936767578,0.9998817443847656,999.6188354492188,78.0184326171875,0.9998522996902466,90.52070617675781,1029.3114013671875,0.9998586177825928,1020.4910278320312,1020.0947265625,0.9990515112876892,336.24652099609375,497.4094543457031,0.9943971633911133,337.71282958984375,612.2388916015625,0.9969998002052307,276.0513916015625,553.6881103515625,0.998099148273468,387.3662414550781,555.629638671875,0.9925537705421448,716.1673583984375,500.4541320800781,0.995240330696106,757.1641235351562,714.38232421875,0.9997979998588562,692.7120361328125,598.2601928710938,0.9986143112182617,784.0834350585938,567.0585327148438,0.993200957775116,673.9293212890625,519.3867797851562,0.7068001627922058,656.307861328125,506.6361389160156,0.8833968043327332,627.1966552734375,493.7109375,0.7887527346611023,533.9807739257812,530.9942016601562,0.999251663684845,596.84326171875,446.89776611328125,0.9944649338722229,627.057861328125,544.3370361328125,0.9885086417198181,464.2301330566406,500.6441955566406,0.9692699909210205,522.0127563476562,612.8884887695312,0.9795459508895874,441.1098937988281,606.0220947265625,0.9969442486763,317.76806640625,643.9290771484375,0.8688820600509644,278.7917785644531,789.5879516601562,0.9491367340087891
470,84.96495056152344,117.16407012939453,0.9999231100082397,1000.690673828125,79.27668762207031,0.999848484992981,90.81561279296875,1028.9140625,0.9998050332069397,1023.5128173828125,1021.2733154296875,0.9995341300964355,336.5279846191406,498.23211669921875,0.9958743453025818,338.7650451660156,612.5004272460938,0.9986521601676941,276.2555236816406,554.291015625,0.9980362057685852,387.5052490234375,554.6671752929688,0.9928693175315857,721.077880859375,499.38629150390625,0.996027946472168,756.2113037109375,713.93359375,0.9997803568840027,693.7289428710938,600.121826171875,0.9971832633018494,783.1036987304688,571.1075439453125,0.9908607006072998,629.630615234375,439.597412109375,0.4852851331233978,657.361328125,504.9103698730469,0.7436307072639465,627.365966796875,491.3487548828125,0.4414021670818329,534.9722290039062,529.6829223632812,0.9988964796066284,594.03125,448.11468505859375,0.9611568450927734,630.6395263671875,539.9412841796875,0.9770141243934631,464.69879150390625,499.8970031738281,0.9820690751075745,521.1038208007812,613.3726806640625,0.9847762584686279,443.09521484375,605.1825561523438,0.9988638162612915,317.10772705078125,644.8574829101562,0.7919904589653015,276.7926940917969,788.801513671875,0.9544590711593628
471,85.57965850830078,117.19569396972656,0.9999130964279175,999.67041015625,80.83367919921875,0.9999172687530518,91.10281372070312,1029.0892333984375,0.9998631477355957,1023.3952026367188,1020.95849609375,0.9997038245201111,336.4869079589844,498.7472229003906,0.9957975149154663,340.6723937988281,611.3153686523438,0.9982389211654663,275.86279296875,555.9236450195312,0.9960694313049316,387.54180908203125,555.9049682617188,0.9903682470321655,723.0729370117188,498.27716064453125,0.9938556551933289,755.253662109375,715.131103515625,0.999809205532074,692.7162475585938,601.72412109375,0.9972844123840332,786.3242797851562,567.416259765625,0.9952499866485596,674.74267578125,523.9307861328125,0.7561646699905396,657.9481201171875,509.60687255859375,0.9550988078117371,635.708984375,505.0470886230469,0.6360608339309692,532.9584350585938,530.6008911132812,0.9993844032287598,596.5138549804688,446.9500427246094,0.9782297611236572,631.3261108398438,544.26904296875,0.9899377822875977,463.29150390625,499.5831298828125,0.9837596416473389,519.263427734375,613.5513305664062,0.9790183305740356,442.5096130371094,605.97265625,0.9985910058021545,316.64569091796875,646.2142944335938,0.6822534799575806,256.46795654296875,767.7314453125,0.9055649638175964
472,86.360107421875,114.84761810302734,0.9996010661125183,1000.5520629882812,80.8893051147461,0.9998760223388672,91.91092681884766,1029.39892578125,0.9998069405555725,1022.8933715820312,1021.3218994140625,0.9997976422309875,336.39923095703125,498.4798583984375,0.9963975548744202,339.05377197265625,613.0733032226562,0.994380533695221,275.84307861328125,555.0498046875,0.9973682761192322,386.9399108886719,554.8170776367188,0.989547848701477,716.365234375,500.77593994140625,0.99544358253479,755.9258422851562,715.1585693359375,0.9998045563697815,694.6171264648438,601.628173828125,0.9977973699569702,781.900146484375,565.2041015625,0.9920624494552612,676.2889404296875,523.2135620117188,0.4603559076786041,657.8504638671875,511.8602294921875,0.8102701902389526,627.625732421875,491.97845458984375,0.4898584187030792,533.2009887695312,531.408203125,0.9993352293968201,596.8342895507812,447.3838806152344,0.9743970036506653,631.1267700195312,548.176513671875,0.9568397998809814,463.2445068359375,501.77001953125,0.9676046371459961,518.7808837890625,614.4124755859375,0.9804220795631409,442.1584167480469,606.8138427734375,0.9984219074249268,318.88421630859375,652.9321899414062,0.8567348718643188,271.5520935058594,784.2219848632812,0.8607519865036011
473,85.54955291748047,119.16874694824219,0.9998026490211487,999.9524536132812,79.38008880615234,0.9999150037765503,90.55216979980469,1028.6673583984375,0.9998407363891602,1025.1600341796875,1021.0845947265625,0.9998418092727661,335.5246276855469,498.7286376953125,0.9966532588005066,341.2886047363281,611.8834838867188,0.9973006844520569,276.34210205078125,555.9444580078125,0.9985628724098206,386.7500305175781,553.3677368164062,0.9933969974517822,721.50830078125,498.468017578125,0.9902011752128601,756.372314453125,715.0048828125,0.9998233914375305,695.6271362304688,603.3602294921875,0.9971063733100891,784.3277587890625,566.6034545898438,0.9929755926132202,670.8189086914062,532.3088989257812,0.8753926157951355,656.9012451171875,521.7726440429688,0.8944475650787354,633.1466674804688,514.0111694335938,0.588365912437439,533.711669921875,529.6000366210938,0.9989025592803955,600.9728393554688,447.1797180175781,0.9197061657905579,626.5236206054688,551.239013671875,0.9255756735801697,464.3551330566406,499.5079650878906,0.9720348119735718,517.7935180664062,616.0526733398438,0.9917320013046265,441.0956115722656,607.0751953125,0.9988375306129456,313.62408447265625,654.5923461914062,0.8546966910362244,258.0486755371094,770.0300903320312,0.8491040468215942
474,86.38774108886719,116.2721176147461,0.9999476671218872,999.509765625,79.1945571899414,0.999909520149231,91.04598999023438,1028.057861328125,0.9997439980506897,1023.7646484375,1019.763916015625,0.999745786190033,335.28448486328125,498.46209716796875,0.9956041574478149,339.7228088378906,612.6890258789062,0.9975135326385498,276.1460876464844,555.9844970703125,0.9978068470954895,388.3466796875,552.7843627929688,0.994828999042511,723.84912109375,497.509521484375,0.9949355721473694,755.6209106445312,715.4440307617188,0.9997208714485168,697.0623779296875,603.2236328125,0.9926901459693909,785.6660766601562,565.3532104492188,0.9868667125701904,670.6288452148438,533.3524169921875,0.5319986343383789,658.5841674804688,520.3627319335938,0.5900683999061584,627.25390625,489.51495361328125,0.6562623381614685,533.766845703125,530.3042602539062,0.9979273080825806,599.2120361328125,443.2502136230469,0.9890825748443604,629.2409057617188,550.8011474609375,0.8593302965164185,464.7476806640625,500.3009033203125,0.9902369379997253,516.0631103515625,618.650390625,0.9935901165008545,441.10772705078125,606.7951049804688,0.9992510676383972,311.55517578125,655.9863891601562,0.852273166179657,254.39723205566406,758.39306640625,0.877691924571991
475,86.9728012084961,114.73462677001953,0.9998418092727661,998.898681640625,77.98460388183594,0.9998594522476196,90.87560272216797,1030.4365234375,0.999823272228241,1022.2951049804688,1021.1707153320312,0.9996349811553955,336.855712890625,497.8858642578125,0.9966739416122437,338.0904235839844,613.0733642578125,0.9986588954925537,276.671142578125,553.6018676757812,0.997568666934967,387.8356628417969,553.3330078125,0.9935205578804016,722.2711791992188,498.1842041015625,0.9951950907707214,755.798583984375,715.6553955078125,0.9997017979621887,693.8523559570312,601.3804931640625,0.9918000102043152,786.1314697265625,565.2294921875,0.9894932508468628,668.1094970703125,535.1856079101562,0.43145549297332764,658.7029418945312,527.456298828125,0.49467548727989197,623.8140258789062,493.24261474609375,0.1794038861989975,533.0660400390625,530.9153442382812,0.9978843331336975,603.9216918945312,449.9311828613281,0.9609861969947815,629.8318481445312,552.9742431640625,0.6955779194831848,464.6585998535156,500.81927490234375,0.9898988604545593,518.7041015625,615.4033203125,0.9874374270439148,441.6083679199219,607.3732299804688,0.9985553622245789,312.72698974609375,656.0618286132812,0.9581746459007263,252.9119415283203,759.7894897460938,0.9683582782745361
476,85.49980163574219,118.06206512451172,0.9996563196182251,1000.5955200195312,78.88027954101562,0.9997740387916565,90.92987823486328,1028.9666748046875,0.9998843669891357,1021.51513671875,1021.4695434570312,0.9992560744285583,336.11859130859375,498.02996826171875,0.9965922236442566,337.9547119140625,612.1567993164062,0.9955745935440063,277.3783264160156,553.1471557617188,0.997785210609436,386.68048095703125,553.026123046875,0.9953214526176453,724.136962890625,496.4640808105469,0.9937359094619751,755.9324340820312,715.4365844726562,0.9997628331184387,695.2789916992188,601.9237670898438,0.9961031675338745,785.5093994140625,563.8125,0.9953444600105286,668.507080078125,530.2510375976562,0.7135617733001709,656.0883178710938,520.9463500976562,0.7184788584709167,635.416748046875,513.0428466796875,0.4229147136211395,533.3479614257812,531.7532958984375,0.9990241527557373,600.5818481445312,443.1627197265625,0.984447717666626,627.6026611328125,551.0621337890625,0.82990962266922,463.67608642578125,502.2009582519531,0.9898012280464172,518.9210205078125,616.0280151367188,0.9875853061676025,440.29400634765625,606.269287109375,0.99835205078125,311.4140319824219,654.6048583984375,0.916527509689331,254.40774536132812,762.0537109375,0.9801557660102844
477,85.7048110961914,116.52809143066406,0.9997500777244568,1000.4697875976562,80.83474731445312,0.9997950196266174,89.5006103515625,1030.080810546875,0.9997851252555847,1022.6165161132812,1022.2667236328125,0.9995588660240173,337.341064453125,498.5661315917969,0.9971228241920471,339.3410949707031,612.0878295898438,0.9958231449127197,277.3842468261719,553.4734497070312,0.9967877864837646,388.6292419433594,554.0481567382812,0.9960548877716064,721.1370849609375,497.540771484375,0.9950823783874512,756.3289794921875,715.4778442382812,0.9998579025268555,694.05029296875,601.8602294921875,0.9967138767242432,786.1531372070312,563.25927734375,0.9954692125320435,668.5365600585938,528.6412353515625,0.22056140005588531,651.2803344726562,511.3010559082031,0.4927489757537842,623.053466796875,492.83319091796875,0.4433528780937195,532.9903564453125,530.0875854492188,0.9990478157997131,598.846435546875,442.359619140625,0.9779937267303467,628.65673828125,546.754638671875,0.7794367074966431,463.3421325683594,501.5093994140625,0.9951419830322266,519.385009765625,614.6428833007812,0.986021101474762,442.21490478515625,604.371337890625,0.9990369081497192,318.03472900390625,656.213623046875,0.9084439873695374,256.2658996582031,763.8439331054688,0.9819005131721497
478,86.1061782836914,116.17643737792969,0.9994851350784302,1000.2327270507812,77.20372772216797,0.9995821118354797,88.63016510009766,1029.756103515625,0.9999017715454102,1022.1965942382812,1020.3939208984375,0.9995194673538208,338.2700500488281,497.9555358886719,0.9977838397026062,338.9672546386719,611.7512817382812,0.9956705570220947,277.23663330078125,552.0400390625,0.9968799352645874,389.64013671875,555.021240234375,0.9959263801574707,720.6864013671875,497.8414611816406,0.9850139021873474,757.28076171875,715.9592895507812,0.9997755885124207,697.0203247070312,603.5249633789062,0.9950957298278809,785.1631469726562,564.3549194335938,0.993547260761261,674.0306396484375,522.5455322265625,0.653910219669342,655.6231689453125,513.4685668945312,0.7869842052459717,625.0245971679688,493.5248107910156,0.64862060546875,532.8779296875,531.58837890625,0.9988425374031067,605.66845703125,449.2714538574219,0.9894410371780396,627.8003540039062,549.3942260742188,0.9611412286758423,463.8172302246094,503.47503662109375,0.9780642986297607,521.5775146484375,612.6843872070312,0.9712125062942505,443.1990051269531,604.0220947265625,0.9993094205856323,315.1603698730469,654.1319580078125,0.9273076057434082,274.8406066894531,783.6787719726562,0.9201055765151978
479,86.55778503417969,118.5712661743164,0.9998200535774231,999.1768798828125,77.14012145996094,0.9997655749320984,89.84872436523438,1029.4862060546875,0.9997952580451965,1023.22119140625,1021.074951171875,0.9996722936630249,336.5780029296875,498.2152099609375,0.9970732927322388,338.64801025390625,611.669921875,0.9975357055664062,277.6213684082031,552.9933471679688,0.9980555772781372,388.6025390625,553.4241333007812,0.9955784678459167,723.7574462890625,496.9085998535156,0.9951167106628418,756.246826171875,715.3270263671875,0.9997270703315735,693.9957275390625,601.006103515625,0.9982798099517822,786.6657104492188,567.5546264648438,0.9868454933166504,668.7440795898438,528.6510620117188,0.512190043926239,655.9319458007812,520.1797485351562,0.8887151479721069,634.3612060546875,512.3009643554688,0.6938592791557312,533.0067749023438,529.10546875,0.9989638328552246,601.39013671875,445.9596252441406,0.9671288728713989,630.394287109375,549.0110473632812,0.9429852366447449,463.50152587890625,500.97198486328125,0.9872184991836548,521.0386352539062,613.22216796875,0.9566522240638733,441.9324951171875,604.6458129882812,0.9992300271987915,313.2618103027344,656.5656127929688,0.9814870357513428,255.94815063476562,764.547607421875,0.9897630214691162
480,86.658935546875,114.99639129638672,0.9993709921836853,997.7392578125,77.069580078125,0.9998089671134949,90.22918701171875,1029.0753173828125,0.9998095631599426,1023.268798828125,1021.0101928710938,0.9997914433479309,336.6195068359375,497.5335693359375,0.996757447719574,338.92437744140625,612.8709716796875,0.9984421133995056,277.0979919433594,553.8995361328125,0.9984499216079712,388.8960266113281,552.9078369140625,0.9962326884269714,718.1312866210938,498.22833251953125,0.9928919076919556,756.4541625976562,716.712646484375,0.9998601675033569,692.6696166992188,600.59765625,0.9994346499443054,785.1732177734375,569.886474609375,0.9879451990127563,666.0667114257812,532.0551147460938,0.7837697267532349,652.0065307617188,520.83251953125,0.8588041067123413,632.0504760742188,513.37939453125,0.9061889052391052,532.0111083984375,532.3989868164062,0.9990861415863037,600.7000122070312,454.2137451171875,0.9867794513702393,628.059326171875,550.6726684570312,0.9298995733261108,463.88970947265625,500.9757995605469,0.9906024932861328,525.062744140625,614.4679565429688,0.9100950360298157,442.45751953125,604.8302001953125,0.9990677237510681,309.19085693359375,657.5889282226562,0.8895401954650879,255.80162048339844,765.1947021484375,0.9957350492477417
481,85.67396545410156,116.59616088867188,0.9997876286506653,999.2216186523438,84.22240447998047,0.9999624490737915,88.55614471435547,1028.6632080078125,0.9999196529388428,1018.548583984375,1022.2091064453125,0.9996340274810791,338.13226318359375,498.05572509765625,0.9918484687805176,336.22137451171875,613.4000854492188,0.9961376786231995,277.23846435546875,552.7536010742188,0.9985369443893433,388.31768798828125,553.9991455078125,0.9952079653739929,716.2485961914062,498.07135009765625,0.9901491403579712,755.537841796875,713.4262084960938,0.9994420409202576,692.4741821289062,599.8346557617188,0.9976537823677063,778.6707763671875,571.5994873046875,0.9832956194877625,667.5674438476562,531.148681640625,0.15397481620311737,651.4998779296875,506.60723876953125,0.804855465888977,634.8009033203125,512.9124145507812,0.5761069655418396,531.3126220703125,535.1878662109375,0.9988507032394409,596.0403442382812,461.7425231933594,0.9883176684379578,629.610107421875,547.5235595703125,0.9358349442481995,464.7950134277344,505.1285400390625,0.9532086849212646,527.5880126953125,616.1978759765625,0.9929457306861877,447.2154541015625,608.508544921875,0.9989579916000366,315.16241455078125,657.8372802734375,0.8235781788825989,251.41864013671875,757.6199340820312,0.994962215423584
482,86.09169006347656,116.89189147949219,0.9997895359992981,998.266357421875,80.27137756347656,0.9998314380645752,89.96589660644531,1029.7127685546875,0.9998875856399536,1021.3395385742188,1019.8816528320312,0.999422550201416,337.3288269042969,498.3674621582031,0.9956531524658203,337.42156982421875,612.4659423828125,0.9960314631462097,276.86041259765625,553.2157592773438,0.9975008368492126,388.2583312988281,552.897705078125,0.9944011569023132,717.7448120117188,495.0260009765625,0.9819589257240295,755.9213256835938,713.7413330078125,0.9993699193000793,693.330322265625,600.10595703125,0.9989305138587952,779.859619140625,570.4820556640625,0.9916775226593018,668.2249755859375,522.8759765625,0.16631431877613068,661.5401611328125,498.1634521484375,0.5363690853118896,628.009033203125,496.5260925292969,0.7969156503677368,533.6263427734375,532.2124633789062,0.999137282371521,599.8743286132812,452.45611572265625,0.9889650344848633,632.8811645507812,539.5003051757812,0.9780527949333191,462.8913879394531,504.39495849609375,0.9843798875808716,521.9288940429688,615.2634887695312,0.9760130643844604,442.0312194824219,605.1023559570312,0.9980490207672119,314.2861633300781,657.9974365234375,0.9492669105529785,251.6672821044922,764.1638793945312,0.9766295552253723
483,85.14582824707031,115.19638061523438,0.9999452829360962,998.7875366210938,83.50794982910156,0.9999183416366577,90.74317169189453,1029.026123046875,0.9998076558113098,1020.8521728515625,1021.1388549804688,0.9989373087882996,336.82763671875,498.36981201171875,0.9918025135993958,337.38043212890625,612.8556518554688,0.9962754249572754,277.14642333984375,552.2589111328125,0.9983024597167969,388.7489318847656,552.7936401367188,0.9955540299415588,721.5145874023438,498.03802490234375,0.9766552448272705,755.9307861328125,714.2066650390625,0.9995785355567932,694.2210083007812,602.0912475585938,0.9978625178337097,784.50439453125,569.5248413085938,0.9917735457420349,668.1205444335938,524.7657470703125,0.4933273196220398,660.1066284179688,508.539306640625,0.689080536365509,629.4613647460938,498.4701843261719,0.8644511699676514,534.292724609375,530.5068969726562,0.9992976188659668,600.943115234375,451.805908203125,0.9922102689743042,630.674560546875,539.7310791015625,0.990872323513031,464.21502685546875,501.0325012207031,0.9960259199142456,520.5423583984375,615.7612915039062,0.9820583462715149,442.69952392578125,601.7113037109375,0.9987044334411621,311.0246276855469,657.2567138671875,0.9564430117607117,253.6915740966797,766.2162475585938,0.957215428352356
484,87.36729431152344,116.81538391113281,0.9999094009399414,998.3714599609375,81.21625518798828,0.9999046325683594,90.14198303222656,1029.446044921875,0.9998612403869629,1020.1464233398438,1021.3309936523438,0.9996768236160278,336.3233947753906,498.32080078125,0.989619791507721,341.4109802246094,611.4046630859375,0.9971524477005005,276.1258239746094,554.8804321289062,0.9962285757064819,388.7928771972656,552.1085205078125,0.997077226638794,721.692138671875,498.8374328613281,0.9978154897689819,756.1229858398438,714.0859985351562,0.9997120499610901,696.6358032226562,601.631103515625,0.9961885809898376,783.3609619140625,570.2914428710938,0.9886308908462524,674.3479614257812,519.6494750976562,0.3672439754009247,659.7891845703125,506.22174072265625,0.518295407295227,631.4619750976562,490.306396484375,0.510028064250946,535.32568359375,529.8328857421875,0.9993769526481628,598.3082275390625,448.3302001953125,0.8538278937339783,634.1802368164062,538.3614501953125,0.9565374851226807,464.1714172363281,501.8857727050781,0.9927384257316589,521.1376953125,615.0858764648438,0.9919121265411377,441.06072998046875,601.9059448242188,0.9982261061668396,307.572998046875,658.0134887695312,0.9773388504981995,250.99526977539062,761.357177734375,0.987141489982605
485,88.21159362792969,118.28862762451172,0.9996552467346191,1000.33642578125,83.13041687011719,0.9999088048934937,89.17904663085938,1028.463134765625,0.9998192191123962,1021.4761352539062,1021.3623657226562,0.9987978935241699,335.05047607421875,498.6543884277344,0.989087700843811,339.35205078125,611.8825073242188,0.9977518916130066,276.4143371582031,553.9650268554688,0.9971511960029602,388.5538635253906,551.2725830078125,0.9969455599784851,717.6281127929688,499.84246826171875,0.9860306978225708,754.744873046875,715.0791015625,0.9998241066932678,693.7762451171875,602.0025634765625,0.9987248778343201,781.4964599609375,564.3573608398438,0.9874781370162964,637.6366577148438,436.275634765625,0.3714292645454407,652.376220703125,473.0058288574219,0.3413287401199341,624.049560546875,475.76141357421875,0.8937903046607971,534.7456665039062,528.4637451171875,0.9993651509284973,601.1355590820312,439.83245849609375,0.9786137938499451,638.4586181640625,536.163818359375,0.9392620921134949,463.93170166015625,500.81622314453125,0.9868795275688171,521.7344970703125,614.5465087890625,0.9912400841712952,440.5342102050781,601.9620361328125,0.9979585409164429,304.8661193847656,658.4285278320312,0.8338098526000977,253.4188232421875,764.702392578125,0.981551468372345
486,86.36476135253906,117.36868286132812,0.9997197985649109,998.06396484375,80.40008544921875,0.9998956918716431,90.17194366455078,1029.964599609375,0.9997766613960266,1022.24609375,1021.8737182617188,0.9994280934333801,336.7895812988281,498.48358154296875,0.9937381744384766,337.5890197753906,611.435546875,0.9976909160614014,276.6872253417969,552.3732299804688,0.9967043995857239,387.3532409667969,552.9459228515625,0.9967113733291626,711.0261840820312,497.98553466796875,0.9946739673614502,754.1644287109375,714.1725463867188,0.999744713306427,692.8616943359375,601.5208740234375,0.9984476566314697,782.3432006835938,562.6117553710938,0.9904428124427795,671.0899047851562,514.2262573242188,0.574073076248169,661.1810302734375,493.5240783691406,0.8929978013038635,633.74755859375,478.0950927734375,0.5200079083442688,537.1184692382812,526.1820068359375,0.9977655410766602,598.74267578125,434.1650695800781,0.8504681587219238,642.1486206054688,533.501220703125,0.9016426205635071,465.0647277832031,500.6434631347656,0.9894082546234131,519.84326171875,613.7902221679688,0.9763952493667603,440.60693359375,601.8793334960938,0.9974651336669922,306.028564453125,659.2457885742188,0.7724519968032837,255.05380249023438,768.2233276367188,0.9683748483657837
487,86.83364868164062,117.68573760986328,0.999729335308075,997.81982421875,82.94244384765625,0.9999064207077026,90.1083984375,1029.8316650390625,0.999817430973053,1021.2782592773438,1021.5089721679688,0.9996368885040283,334.3500061035156,497.94549560546875,0.9922892451286316,341.7702331542969,610.7066650390625,0.9971292614936829,276.51141357421875,554.629638671875,0.9981777667999268,386.61834716796875,551.2220458984375,0.997163712978363,714.266845703125,499.1738586425781,0.9864999651908875,755.5366821289062,714.6514282226562,0.9998369216918945,696.4686279296875,602.0349731445312,0.9931852221488953,780.922119140625,567.37158203125,0.9777325391769409,642.0409545898438,436.11962890625,0.1102435365319252,673.5587158203125,478.65142822265625,0.015154508873820305,642.8641967773438,474.3120422363281,0.5010189414024353,539.3187255859375,524.0845947265625,0.9873642325401306,597.8358154296875,431.36492919921875,0.8089892864227295,643.1787719726562,527.0272216796875,0.9299247860908508,464.14764404296875,501.7970886230469,0.9914782643318176,520.0848388671875,616.40283203125,0.9498960375785828,440.5588684082031,602.0881958007812,0.9971242547035217,305.097412109375,658.8051147460938,0.8328045010566711,254.87057495117188,773.6229858398438,0.9506771564483643
488,86.33122253417969,115.55706024169922,0.9997562766075134,1000.12109375,81.2721939086914,0.9998388290405273,90.63314056396484,1030.7352294921875,0.9997281432151794,1022.2054443359375,1022.2455444335938,0.9994956254959106,335.0571594238281,497.97833251953125,0.9949193596839905,341.0846252441406,610.6163940429688,0.9966098666191101,276.9620056152344,552.9524536132812,0.99782395362854,387.0870361328125,552.6669921875,0.9967003464698792,721.4395141601562,500.38043212890625,0.9953901767730713,755.5595092773438,714.9930419921875,0.9998099207878113,694.9913940429688,598.0092163085938,0.9990772008895874,780.0989379882812,564.7249755859375,0.997407853603363,653.8974609375,439.1155700683594,0.31291958689689636,663.4668579101562,476.72637939453125,0.689225435256958,640.5770874023438,474.156494140625,0.9276196360588074,538.1618041992188,522.7498168945312,0.9944891929626465,603.4471435546875,429.21807861328125,0.991391658782959,639.806884765625,519.5697631835938,0.9912152290344238,462.4042053222656,503.25128173828125,0.9521360397338867,534.9706420898438,610.9197387695312,0.8107115030288696,439.898193359375,603.6790771484375,0.9960500597953796,302.5551452636719,658.8135375976562,0.9866977334022522,251.6262969970703,762.5803833007812,0.8852537870407104
489,86.70821380615234,116.5872573852539,0.9997645020484924,999.4058227539062,80.47999572753906,0.9998724460601807,90.78500366210938,1030.0540771484375,0.9998511075973511,1023.8494262695312,1021.486328125,0.9996589422225952,334.6723327636719,498.3738098144531,0.9936389327049255,341.35687255859375,611.2644653320312,0.9958599209785461,276.65777587890625,554.3660888671875,0.9963945746421814,387.8411865234375,550.2633666992188,0.996988832950592,712.8358154296875,502.10943603515625,0.9931244254112244,755.31494140625,715.0780639648438,0.9997575879096985,694.5385131835938,597.8959350585938,0.998816967010498,779.8603515625,567.9179077148438,0.9933452606201172,686.6483764648438,495.3782653808594,0.14181774854660034,658.7855224609375,477.589599609375,0.8105314373970032,635.0429077148438,473.5951232910156,0.7886594533920288,539.7275390625,522.2962646484375,0.9962672591209412,596.2010498046875,424.4449462890625,0.9280681014060974,632.55810546875,517.1574096679688,0.9446651935577393,463.472900390625,501.7135925292969,0.9796884655952454,536.7385864257812,611.0718994140625,0.6459394693374634,435.6791076660156,603.0418701171875,0.9880066514015198,299.98663330078125,660.2994384765625,0.938482940196991,253.1185302734375,767.5316162109375,0.9544249773025513
490,85.59140014648438,116.67544555664062,0.9997610449790955,1001.2839965820312,79.15372467041016,0.9997331500053406,90.21515655517578,1030.134765625,0.9998581409454346,1021.8028564453125,1021.9371948242188,0.999396562576294,335.5931396484375,498.35858154296875,0.9944869875907898,340.32501220703125,611.2612915039062,0.9930471777915955,276.8440856933594,554.35791015625,0.9981827735900879,387.1668395996094,551.2696533203125,0.9942943453788757,712.2088012695312,505.1069030761719,0.9977113008499146,755.68310546875,715.4276123046875,0.9997904896736145,694.5673217773438,601.746826171875,0.9986585378646851,780.0916748046875,566.6561279296875,0.9932097792625427,639.2907104492188,426.1011657714844,0.8784643411636353,652.9066772460938,457.6601257324219,0.7258668541908264,632.5218505859375,458.1745300292969,0.9107426404953003,540.949951171875,518.1187744140625,0.9964794516563416,596.0278930664062,425.91424560546875,0.9767451882362366,636.3276977539062,511.0911865234375,0.9753098487854004,464.8355712890625,501.69366455078125,0.9076318144798279,534.2154541015625,599.3005981445312,0.9504981637001038,439.2377014160156,604.94482421875,0.9811846613883972,299.56719970703125,661.6377563476562,0.8250414133071899,252.2479248046875,763.0238037109375,0.9606202840805054
491,86.69134521484375,114.92276000976562,0.9998520612716675,999.1015625,78.48797607421875,0.9998295307159424,90.31802368164062,1029.4130859375,0.9998663663864136,1021.950927734375,1022.35546875,0.9990406632423401,336.40411376953125,498.3500671386719,0.9964390397071838,338.9439392089844,611.1990356445312,0.9972590208053589,277.2455749511719,553.5498046875,0.9986957907676697,386.69805908203125,553.8215942382812,0.9967601895332336,717.8687744140625,502.987548828125,0.9910682439804077,755.3367919921875,714.9034423828125,0.9998328685760498,693.545654296875,600.351806640625,0.9991207718849182,782.02783203125,570.6302490234375,0.9914429783821106,635.940673828125,433.351318359375,0.15806876122951508,655.3646240234375,479.1178894042969,0.256762832403183,633.0121459960938,476.9566955566406,0.5767512917518616,539.2471923828125,520.9623413085938,0.9969403743743896,591.3333129882812,432.4865417480469,0.9402464628219604,634.6875610351562,510.0466613769531,0.9254840612411499,463.4144287109375,500.45263671875,0.8955379724502563,531.8358154296875,601.9335327148438,0.8748443722724915,439.04547119140625,605.6838989257812,0.9884896874427795,306.1172180175781,663.94140625,0.8891286849975586,288.7393798828125,796.1473999023438,0.7760934829711914
492,86.73954010009766,116.26411437988281,0.9997572302818298,999.2696533203125,77.22987365722656,0.9998584985733032,92.00545501708984,1028.248779296875,0.999890923500061,1021.7677612304688,1021.4412231445312,0.9994367957115173,336.7915954589844,498.2948303222656,0.9944203495979309,338.8580017089844,611.8300170898438,0.9986110925674438,277.5285949707031,551.4404907226562,0.9991650581359863,387.59417724609375,552.5360107421875,0.9975630044937134,715.8690185546875,503.50238037109375,0.9978959560394287,756.0951538085938,714.2366943359375,0.9998243451118469,693.2686767578125,599.3140258789062,0.9993997812271118,784.0845336914062,570.228515625,0.9951659440994263,638.35888671875,438.70849609375,0.28235194087028503,656.5596923828125,492.7837219238281,0.7885067462921143,643.8281860351562,485.56414794921875,0.6084141135215759,537.7239379882812,522.4241943359375,0.9962982535362244,592.7041625976562,435.653076171875,0.9560556411743164,628.7665405273438,523.6693115234375,0.9611364006996155,463.22430419921875,501.66693115234375,0.9355179667472839,528.9428100585938,605.4541015625,0.9454210996627808,436.92120361328125,604.82373046875,0.9893718361854553,306.617431640625,660.3189086914062,0.8850381970405579,250.34568786621094,759.2794189453125,0.9799633622169495
493,87.10091400146484,115.73727416992188,0.999825656414032,999.9627075195312,75.939453125,0.999925971031189,90.57058715820312,1029.95361328125,0.9997885823249817,1018.2256469726562,1021.528076171875,0.9992237091064453,336.126708984375,498.8660583496094,0.9960451722145081,339.59283447265625,611.46875,0.9980964064598083,277.128173828125,552.2484130859375,0.9990614056587219,387.15826416015625,553.7673950195312,0.9975212216377258,715.4248046875,504.1373596191406,0.9729734063148499,757.749755859375,716.3353271484375,0.9998518228530884,694.8551025390625,602.6687622070312,0.9983313679695129,783.2099609375,570.737548828125,0.991801917552948,682.0662231445312,503.75079345703125,0.5561886429786682,656.0435791015625,492.6973876953125,0.9799625873565674,639.7800903320312,489.359130859375,0.800920844078064,535.9324340820312,521.4407348632812,0.9962965846061707,600.3994140625,439.6275939941406,0.9895824193954468,626.3402709960938,528.4889526367188,0.9947811961174011,464.6769104003906,502.4975891113281,0.8454506397247314,527.9016723632812,605.8478393554688,0.9392663836479187,436.2973937988281,606.6658325195312,0.9912260174751282,307.7906799316406,660.8199462890625,0.9660421013832092,250.02581787109375,757.8358764648438,0.9911600947380066
494,86.13520812988281,117.3294448852539,0.9997530579566956,999.1286010742188,78.26331329345703,0.9999117851257324,90.84886932373047,1029.2364501953125,0.999842643737793,1023.0359497070312,1021.7935180664062,0.9994169473648071,336.2323913574219,498.68792724609375,0.9957851767539978,341.12969970703125,610.4595336914062,0.9981108903884888,277.3933410644531,551.8862915039062,0.9985941052436829,388.13726806640625,553.451904296875,0.9972133040428162,720.7576293945312,501.99420166015625,0.9708076119422913,757.747314453125,714.2620239257812,0.9998713731765747,695.7425537109375,601.4526977539062,0.9986481070518494,783.4764404296875,569.9886474609375,0.9900611639022827,685.1407470703125,503.9996643066406,0.8854115009307861,657.3360595703125,495.1799011230469,0.984918475151062,634.8165283203125,490.98553466796875,0.8541923761367798,534.1017456054688,521.1747436523438,0.9980192184448242,601.6127319335938,438.3752746582031,0.9979408383369446,626.1646118164062,528.8737182617188,0.9922548532485962,465.0115966796875,499.4090576171875,0.8643366098403931,525.372314453125,608.3806762695312,0.8952519297599792,436.0975646972656,606.0862426757812,0.9928666353225708,306.69024658203125,660.6447143554688,0.9860038161277771,252.01922607421875,760.3363037109375,0.9806753993034363
495,87.04000091552734,117.48455047607422,0.9997150301933289,1000.2845458984375,78.6170654296875,0.9998252987861633,90.13428497314453,1029.2200927734375,0.9998667240142822,1023.6021118164062,1022.0133056640625,0.9994730353355408,336.4640197753906,498.2771911621094,0.9946873188018799,339.80303955078125,611.0713500976562,0.9983152151107788,277.2526550292969,550.516845703125,0.9987955093383789,387.8990478515625,553.9857788085938,0.9959184527397156,721.294921875,500.67333984375,0.9892181158065796,757.33935546875,714.256591796875,0.9998061060905457,695.0392456054688,597.2449340820312,0.9980486631393433,784.1719970703125,568.7570190429688,0.9937940835952759,683.3796997070312,506.3345642089844,0.5099258422851562,659.001953125,498.3065490722656,0.9054876565933228,635.4683837890625,493.1833801269531,0.6341197490692139,533.8035888671875,523.0338745117188,0.9973305463790894,596.9081420898438,441.8977355957031,0.995604395866394,626.6806030273438,528.2427368164062,0.9851181507110596,464.25177001953125,497.3971252441406,0.8746087551116943,527.0044555664062,607.8844604492188,0.8640906810760498,437.2425842285156,605.7337646484375,0.9926073551177979,306.8589172363281,661.2396240234375,0.9886054396629333,251.207275390625,757.4999389648438,0.9892130494117737
496,85.6390151977539,116.39897918701172,0.9999008178710938,999.3397827148438,81.50934600830078,0.9999332427978516,89.98873901367188,1029.3175048828125,0.9998687505722046,1022.7003784179688,1020.9135131835938,0.9994250535964966,336.0010070800781,498.24749755859375,0.9954755902290344,339.2879943847656,610.6282348632812,0.9978296160697937,276.8292236328125,553.2442016601562,0.9991706609725952,387.624755859375,552.3572387695312,0.9940764904022217,716.0107421875,503.67401123046875,0.989791750907898,756.404052734375,715.7908325195312,0.9998185038566589,696.3508911132812,602.0806274414062,0.9969837069511414,782.6671142578125,565.82763671875,0.9907953143119812,683.177734375,511.3108825683594,0.790078341960907,661.12548828125,500.2363586425781,0.9950377345085144,638.9830932617188,491.739013671875,0.9740312099456787,533.41259765625,523.2357788085938,0.9937671422958374,601.759521484375,437.7654113769531,0.9985365867614746,627.6361694335938,533.685302734375,0.9887202382087708,462.9165954589844,501.7662658691406,0.6321958303451538,533.0478515625,612.3474731445312,0.8698065280914307,437.34881591796875,604.9683837890625,0.9963919520378113,305.7972106933594,660.8840942382812,0.9775002598762512,253.83059692382812,765.0567016601562,0.8970277309417725
497,86.10611724853516,116.84656524658203,0.9997946619987488,1000.3106079101562,80.79206085205078,0.9998061060905457,90.86580657958984,1030.4622802734375,0.9996765851974487,1023.3681640625,1021.3585205078125,0.9995958209037781,335.3056945800781,498.1217041015625,0.9958392381668091,340.9320373535156,610.460205078125,0.9963372945785522,276.7079162597656,554.5478515625,0.9985308647155762,388.6624450683594,552.6162719726562,0.9969174861907959,723.95556640625,499.7271728515625,0.9867434501647949,756.9821166992188,715.4354858398438,0.9998168349266052,695.448974609375,599.5790405273438,0.9951377511024475,782.3704833984375,567.7501220703125,0.9921120405197144,679.7930297851562,507.5733337402344,0.4395315945148468,661.4368286132812,497.2326965332031,0.9062041640281677,641.7913208007812,493.1144714355469,0.7449949383735657,533.5867309570312,523.2467651367188,0.9952583909034729,599.333984375,444.916748046875,0.9910927414894104,629.22705078125,532.0945434570312,0.9777798652648926,463.4720458984375,499.29638671875,0.7666144967079163,534.2008056640625,610.1688232421875,0.8813440799713135,437.6415710449219,601.7571411132812,0.9958199262619019,303.9488220214844,662.5430908203125,0.9762336611747742,253.5166778564453,762.6863403320312,0.9376468658447266
498,84.619873046875,117.25611877441406,0.99978107213974,999.5831909179688,80.66606903076172,0.9998250603675842,90.62852478027344,1030.149658203125,0.9998431205749512,1022.4771118164062,1022.0499877929688,0.9995306730270386,335.6378479003906,498.5626525878906,0.9960100650787354,339.49761962890625,612.2626342773438,0.9968447685241699,276.51068115234375,554.6646118164062,0.998889148235321,388.50750732421875,553.9825439453125,0.9976645708084106,725.2601318359375,496.21466064453125,0.9824856519699097,756.0277099609375,714.7546997070312,0.999765932559967,696.80908203125,601.0651245117188,0.9971537590026855,785.0182495117188,569.2622680664062,0.9904183745384216,678.2310180664062,507.0520324707031,0.06572563201189041,661.3668823242188,498.6810607910156,0.9557199478149414,639.5726318359375,496.35174560546875,0.8343252539634705,533.9427490234375,524.2476196289062,0.9956017732620239,599.0314331054688,443.8881530761719,0.9878904819488525,628.6968994140625,536.8816528320312,0.9655554890632629,462.8855895996094,501.8749084472656,0.6932008266448975,530.781005859375,605.2483520507812,0.8894230723381042,437.3748779296875,602.5051879882812,0.9980868101119995,305.4572448730469,661.9635009765625,0.9904659986495972,252.63258361816406,760.6597290039062,0.9945834279060364
499,84.65818786621094,118.63681030273438,0.9996436834335327,999.7342529296875,80.5257339477539,0.9998772144317627,91.18829345703125,1029.53076171875,0.9997074007987976,1023.0344848632812,1021.9052124023438,0.9997326731681824,335.5496826171875,498.5012512207031,0.9956366419792175,339.7328186035156,612.7257690429688,0.9979251623153687,276.8336181640625,554.509765625,0.9983378648757935,387.4939880371094,553.056396484375,0.9974061846733093,723.9161376953125,496.693359375,0.9901188611984253,756.0717163085938,713.7883911132812,0.999639630317688,695.5211791992188,602.8179931640625,0.9865761995315552,784.0278930664062,565.4595336914062,0.9880643486976624,683.6937866210938,509.0760192871094,0.6280056238174438,659.3297119140625,503.3515625,0.9977232813835144,639.7283325195312,497.76544189453125,0.9904183745384216,533.6106567382812,529.3080444335938,0.999104917049408,599.1071166992188,447.9544982910156,0.9985438585281372,624.3893432617188,544.311279296875,0.8538683652877808,460.07757568359375,512.9232788085938,0.7937567830085754,519.5005493164062,606.8538818359375,0.9577625393867493,436.773681640625,600.2845458984375,0.9976531863212585,308.4058837890625,661.69384765625,0.9945066571235657,249.9076385498047,758.3004150390625,0.9958464503288269
500,86.00894165039062,118.50083923339844,0.9998719692230225,1000.7686767578125,77.6748275756836,0.9997958540916443,89.23331451416016,1030.1204833984375,0.9997584223747253,1022.9148559570312,1021.55419921875,0.9995465874671936,335.4387512207031,498.1581726074219,0.9964966177940369,339.33917236328125,611.353271484375,0.9978027939796448,276.4878845214844,555.297607421875,0.9984629154205322,386.87115478515625,552.3013305664062,0.9973763227462769,722.6622924804688,498.13677978515625,0.9960275888442993,756.8041381835938,714.8911743164062,0.9997979998588562,697.0231323242188,603.671875,0.9821666479110718,784.79736328125,568.0166625976562,0.9848703742027283,682.045166015625,505.40008544921875,0.3968476951122284,661.25927734375,501.03143310546875,0.9955278038978577,641.8233032226562,498.6764221191406,0.9912106990814209,534.1800537109375,530.3938598632812,0.9986763596534729,599.9989013671875,451.5063171386719,0.997607946395874,625.8751831054688,544.7198486328125,0.7723510265350342,460.0406188964844,512.3427734375,0.6734547019004822,519.4739379882812,612.2552490234375,0.9760705232620239,435.800048828125,600.3130493164062,0.9959149956703186,310.02484130859375,661.3112182617188,0.9922165870666504,250.50759887695312,758.15966796875,0.9960901141166687
501,86.34369659423828,118.48847198486328,0.9997959733009338,1000.9361572265625,77.28771209716797,0.9997884631156921,89.57306671142578,1029.2225341796875,0.999843955039978,1022.60791015625,1021.0702514648438,0.9993776679039001,335.62200927734375,498.2519226074219,0.9967166781425476,341.0205993652344,610.560791015625,0.9983718991279602,276.7551574707031,554.5826416015625,0.9977090358734131,387.249755859375,552.3486328125,0.9944984316825867,728.0862426757812,494.4068298339844,0.997597873210907,756.3541259765625,715.9852905273438,0.9997337460517883,697.2591552734375,600.4396362304688,0.936217188835144,786.148193359375,564.347412109375,0.9856042861938477,679.7599487304688,505.9793701171875,0.3577080965042114,661.9813232421875,497.5377502441406,0.9453451633453369,636.7858276367188,500.5520935058594,0.9369363784790039,533.5225830078125,532.46875,0.9984139204025269,599.7727661132812,455.90032958984375,0.979227602481842,628.6712036132812,544.1966552734375,0.7738528251647949,460.35247802734375,514.0862426757812,0.6965849995613098,527.5933837890625,616.0961303710938,0.932183563709259,437.07354736328125,604.177490234375,0.9975705742835999,307.0772399902344,660.76123046875,0.9957273006439209,251.4751434326172,761.4581909179688,0.9928130507469177
502,84.56396484375,121.09516906738281,0.9995517134666443,999.2113647460938,80.69587707519531,0.9999039173126221,88.79533386230469,1029.5054931640625,0.9997895359992981,1023.410888671875,1021.1576538085938,0.9997298121452332,335.0236511230469,497.29473876953125,0.9970480799674988,340.92071533203125,610.5880737304688,0.9964401125907898,276.4308166503906,554.1954345703125,0.9987810254096985,386.8047790527344,551.5160522460938,0.9918524622917175,741.3163452148438,491.46795654296875,0.9893712997436523,758.3223876953125,714.1990356445312,0.9995284080505371,701.4053344726562,597.8630981445312,0.8457983732223511,790.64208984375,568.3270263671875,0.9364898800849915,691.8934326171875,510.8863830566406,0.3822815716266632,665.4633178710938,504.2521667480469,0.9245490431785583,648.6286010742188,506.88873291015625,0.9838222861289978,535.6065673828125,535.5191040039062,0.9967304468154907,607.1052856445312,465.8596496582031,0.9319438934326172,641.4353637695312,540.00390625,0.46030473709106445,462.00823974609375,504.5286865234375,0.8208752870559692,520.0693359375,615.401123046875,0.9819608926773071,437.7906188964844,606.314208984375,0.997928261756897,304.29827880859375,661.2578735351562,0.9874885082244873,251.697021484375,761.29541015625,0.9913314580917358
503,86.00211334228516,116.10964965820312,0.9997933506965637,999.95361328125,81.70721435546875,0.9998999834060669,88.67633056640625,1030.0985107421875,0.9997497200965881,1024.2613525390625,1020.7328491210938,0.9998225569725037,334.8262939453125,497.6651306152344,0.997873067855835,341.1968078613281,610.9104614257812,0.9979285001754761,277.13604736328125,554.9766235351562,0.9982890486717224,387.3682861328125,552.4143676757812,0.9925318360328674,740.9298706054688,493.76251220703125,0.9706757664680481,757.7855834960938,713.8688354492188,0.9996833801269531,703.1804809570312,598.806396484375,0.9046874642372131,789.2672729492188,568.2505493164062,0.9718695878982544,695.1064453125,511.6886291503906,0.15354076027870178,668.74169921875,509.99932861328125,0.8556488752365112,650.320068359375,507.0461730957031,0.9400240182876587,539.066162109375,535.2855834960938,0.9903623461723328,613.98046875,461.1217346191406,0.946184515953064,609.5687866210938,583.7293701171875,0.34414514899253845,463.7812805175781,501.47894287109375,0.920577347278595,516.3167114257812,618.1964721679688,0.9881314039230347,439.07666015625,611.76123046875,0.9984216690063477,308.6108093261719,663.24853515625,0.9923591017723083,250.62173461914062,761.0616455078125,0.9889065027236938
504,85.09976959228516,117.76611328125,0.9998832941055298,998.6512451171875,79.03240203857422,0.9999436140060425,89.3385238647461,1029.353759765625,0.999748170375824,1023.5610961914062,1021.1799926757812,0.9996055960655212,335.2721862792969,497.63983154296875,0.9977765679359436,340.9861145019531,611.4427490234375,0.9973832964897156,276.52996826171875,554.4818725585938,0.9980496168136597,386.9552917480469,553.57568359375,0.9924426078796387,738.4345703125,493.669677734375,0.9836365580558777,759.1815795898438,715.286376953125,0.9997239708900452,703.731689453125,601.1790771484375,0.9796939492225647,790.443603515625,569.4207763671875,0.9752991199493408,698.0228881835938,505.81671142578125,0.7075415849685669,667.4074096679688,506.694091796875,0.9784417748451233,647.8412475585938,503.7581787109375,0.9835150241851807,535.599609375,536.3502197265625,0.9842242002487183,613.5341186523438,462.2093505859375,0.952252984046936,641.5675048828125,545.1724853515625,0.49751001596450806,462.1882629394531,504.0691833496094,0.8677597045898438,519.0128784179688,615.9859008789062,0.954087495803833,439.429931640625,613.4320068359375,0.9980278611183167,309.1822204589844,663.5263061523438,0.9882187843322754,250.74307250976562,760.209716796875,0.9884644150733948
505,87.3193359375,116.40227508544922,0.9943511486053467,999.9385986328125,78.43424987792969,0.9999251365661621,88.8088607788086,1029.0262451171875,0.9998302459716797,1024.0416259765625,1021.1989135742188,0.9996395111083984,334.91241455078125,497.23095703125,0.9964205026626587,341.4405212402344,610.9120483398438,0.9985217452049255,276.1701354980469,554.932373046875,0.9966386556625366,387.138916015625,552.578125,0.9903755784034729,733.7752685546875,494.17431640625,0.9830658435821533,756.9242553710938,714.63037109375,0.9997803568840027,700.8406982421875,599.59228515625,0.9474726319313049,787.59912109375,566.60009765625,0.9813918471336365,687.3209838867188,515.3372192382812,0.2306143045425415,664.1502075195312,503.5899963378906,0.8606409430503845,645.3389282226562,503.3647766113281,0.9714342951774597,533.3080444335938,536.2557373046875,0.9930875897407532,603.248046875,457.07183837890625,0.9370948672294617,641.7799682617188,539.7542724609375,0.3270300328731537,461.81207275390625,512.125,0.8945954442024231,517.2794799804688,616.397705078125,0.8928462862968445,444.5661926269531,613.2110595703125,0.9996127486228943,313.5771179199219,664.339599609375,0.9757382273674011,247.7659912109375,759.95703125,0.9776231646537781
506,85.92390441894531,118.91539764404297,0.9993182420730591,999.9408569335938,79.6630859375,0.9998891353607178,91.13185119628906,1029.6334228515625,0.9997861981391907,1022.0101318359375,1021.0147705078125,0.9992850422859192,334.6231689453125,497.63604736328125,0.9973376393318176,339.498291015625,611.87646484375,0.9981725215911865,276.2762756347656,555.0899658203125,0.9978177547454834,387.1902160644531,553.1104736328125,0.9932293891906738,737.86181640625,495.2430114746094,0.9726076722145081,758.9189453125,714.3093872070312,0.9997528195381165,703.0285034179688,599.9569702148438,0.7939442992210388,789.5234985351562,571.9424438476562,0.9887613654136658,692.4926147460938,514.4365234375,0.36114057898521423,666.9732055664062,508.1687927246094,0.9345015287399292,646.7999877929688,505.7994384765625,0.9822638630867004,539.4483642578125,537.63330078125,0.9771601557731628,606.8692016601562,457.0231628417969,0.9791880249977112,632.362060546875,556.962158203125,0.6942013502120972,462.63140869140625,505.4390869140625,0.9593855142593384,517.7760620117188,620.2351684570312,0.9807462692260742,440.3178405761719,611.8182373046875,0.9990718364715576,314.4883728027344,663.51318359375,0.9846579432487488,250.31028747558594,763.0313720703125,0.9780043363571167
507,85.59294128417969,117.15771484375,0.9998539686203003,999.494384765625,80.15972900390625,0.9998388290405273,89.2168960571289,1028.8839111328125,0.9998494386672974,1021.1720581054688,1021.6222534179688,0.9991379976272583,333.9040222167969,497.82928466796875,0.9972322583198547,341.2138366699219,610.3594970703125,0.9983522891998291,276.08746337890625,557.283935546875,0.9987223744392395,386.86053466796875,551.1740112304688,0.996232807636261,736.6536254882812,493.4905700683594,0.9884512424468994,758.3070678710938,715.8300170898438,0.999847412109375,705.0908813476562,601.7672729492188,0.8986472487449646,787.8860473632812,572.9224243164062,0.9542731642723083,695.2625122070312,513.78076171875,0.38966214656829834,670.6744995117188,508.01171875,0.913635790348053,647.0187377929688,504.8399353027344,0.9833515286445618,538.7152099609375,538.1658325195312,0.9810442328453064,609.5454711914062,457.54571533203125,0.9296537637710571,639.5402221679688,550.9732666015625,0.8249245285987854,462.8585205078125,512.5219116210938,0.9521865248680115,520.027587890625,622.3486328125,0.9783831238746643,442.85980224609375,614.0743408203125,0.9997389912605286,318.8345031738281,664.794677734375,0.9843610525131226,250.32449340820312,762.5831909179688,0.9935070276260376
508,87.46391296386719,116.38775634765625,0.9995356798171997,999.6488647460938,82.70136260986328,0.9998936653137207,90.79383087158203,1029.17431640625,0.9999030828475952,1020.5756225585938,1021.5765991210938,0.9995085000991821,333.75054931640625,498.2722473144531,0.9967836141586304,338.47625732421875,611.56005859375,0.9977391958236694,275.8391418457031,556.6049194335938,0.9992372989654541,387.17681884765625,552.739013671875,0.9961293935775757,737.585205078125,493.9960021972656,0.996889054775238,756.728271484375,715.2780151367188,0.9997431635856628,703.7803955078125,600.1535034179688,0.9835167527198792,790.005859375,572.5194702148438,0.9944016337394714,697.5635375976562,509.6485290527344,0.6681910157203674,671.4035034179688,507.5068664550781,0.9438338279724121,648.511474609375,504.34765625,0.9822871088981628,539.6505737304688,540.8701171875,0.9835156798362732,600.3760375976562,455.53656005859375,0.8382292985916138,641.1375732421875,550.2810668945312,0.8340705037117004,463.56976318359375,511.8153076171875,0.9519153237342834,517.7772216796875,626.3241577148438,0.9874074459075928,443.0475158691406,615.4526977539062,0.9996674060821533,314.9628601074219,665.7931518554688,0.9466424584388733,251.70889282226562,761.396728515625,0.9870163798332214
509,86.73001098632812,118.20231628417969,0.9994202852249146,1000.4290161132812,80.65765380859375,0.9999080896377563,89.93347930908203,1029.798828125,0.9998615980148315,1021.2609252929688,1020.2176513671875,0.9991816878318787,335.32122802734375,498.05865478515625,0.9963000416755676,337.2891540527344,611.5006103515625,0.99757319688797,276.36322021484375,555.1453857421875,0.9988765120506287,386.3092956542969,553.6947631835938,0.9935691356658936,738.520751953125,493.954345703125,0.9693759083747864,757.1444702148438,715.2617797851562,0.9997259974479675,703.808837890625,608.3914184570312,0.8964855670928955,788.74365234375,572.1392822265625,0.9844381213188171,691.7456665039062,514.4625854492188,0.3520388901233673,667.7286376953125,512.3045654296875,0.9797282814979553,646.8359375,506.29656982421875,0.9633099436759949,540.0250244140625,538.3783569335938,0.9869037866592407,609.75439453125,458.2118225097656,0.9624317288398743,636.6563110351562,548.2072143554688,0.7098948955535889,465.24029541015625,505.0836486816406,0.9069085717201233,518.4444580078125,622.0743408203125,0.9613815546035767,441.4242248535156,614.09375,0.9992178678512573,316.53228759765625,666.9774169921875,0.9664819240570068,251.05914306640625,759.403076171875,0.9846870303153992
510,85.61430358886719,120.36558532714844,0.9991760849952698,999.9612426757812,80.39431762695312,0.9997151494026184,89.6360092163086,1029.5465087890625,0.9998756647109985,1022.387451171875,1020.9487915039062,0.9993960857391357,334.2033386230469,498.1607360839844,0.9952850937843323,337.9996337890625,610.974609375,0.9973739385604858,276.43011474609375,555.8038940429688,0.9990732669830322,386.88031005859375,552.8928833007812,0.9962624907493591,732.93359375,491.5711669921875,0.9991945624351501,756.6746215820312,715.7313842773438,0.9998107552528381,700.9447021484375,601.1298828125,0.9262380003929138,790.3143310546875,570.7012329101562,0.9934394955635071,691.4579467773438,514.6973876953125,0.6553764939308167,665.556396484375,513.03564453125,0.99001544713974,645.44677734375,506.66839599609375,0.9885778427124023,537.3577880859375,539.4093017578125,0.9881256818771362,602.2507934570312,456.9330749511719,0.9850720763206482,634.3238525390625,549.935302734375,0.9626190662384033,465.912353515625,504.1443786621094,0.9787105917930603,515.9382934570312,622.6393432617188,0.9665423035621643,442.8250427246094,611.6139526367188,0.9994530081748962,315.2432556152344,668.2064208984375,0.9928372502326965,249.497802734375,757.3701171875,0.991101861000061
511,85.1520004272461,118.53982543945312,0.9986802935600281,997.8612060546875,80.66876220703125,0.9999229907989502,90.14478302001953,1029.6392822265625,0.9998793601989746,1023.5498657226562,1023.0353393554688,0.9995037317276001,333.96337890625,497.654052734375,0.9966506361961365,337.47613525390625,609.7717895507812,0.9939916729927063,276.4572448730469,556.7838745117188,0.998602569103241,388.0814208984375,551.689453125,0.9961232542991638,733.3292236328125,491.9862976074219,0.9961065649986267,757.1897583007812,715.08837890625,0.9998151659965515,701.2153930664062,600.5829467773438,0.9152520298957825,788.6896362304688,567.0581665039062,0.9940713047981262,692.260498046875,515.0054321289062,0.49505338072776794,667.593505859375,509.7713623046875,0.95161372423172,649.8810424804688,502.2573547363281,0.947955846786499,537.3845825195312,536.5354614257812,0.9889538288116455,601.4736328125,448.9149169921875,0.9445977210998535,634.7579345703125,549.138916015625,0.925187885761261,463.4496154785156,505.5906677246094,0.9865824580192566,515.7535400390625,619.7811889648438,0.967151939868927,443.72491455078125,613.9843139648438,0.9998705387115479,315.7606506347656,667.4014892578125,0.9628407955169678,246.9422607421875,758.5234375,0.9939143061637878
512,85.21954345703125,117.46773529052734,0.9996606111526489,998.8558959960938,80.31080627441406,0.9999030828475952,91.60255432128906,1029.53466796875,0.999832034111023,1023.1484375,1022.0772094726562,0.9991121888160706,334.2407531738281,497.9833068847656,0.9945783615112305,337.9208679199219,611.51123046875,0.997149646282196,276.2393493652344,556.6015014648438,0.9984824061393738,387.9302062988281,552.5826416015625,0.9967154264450073,727.8170776367188,495.65496826171875,0.9969629645347595,756.2916259765625,714.6957397460938,0.9998753070831299,700.3792114257812,600.3114013671875,0.8968749046325684,787.4507446289062,569.5160522460938,0.992445170879364,689.8110961914062,514.7377319335938,0.5345295071601868,666.21533203125,509.0660095214844,0.9836772680282593,645.6988525390625,500.46966552734375,0.9933320879936218,537.2688598632812,537.50439453125,0.9885272979736328,600.7586669921875,448.14727783203125,0.96572345495224,629.459716796875,551.4458618164062,0.9095029830932617,464.3214416503906,509.6270446777344,0.9889582395553589,516.5789794921875,621.5220336914062,0.9856804609298706,442.4499206542969,610.0114135742188,0.9995095729827881,315.4486389160156,667.861328125,0.9804280400276184,248.69631958007812,758.71923828125,0.9885299801826477
513,85.74925994873047,117.85770416259766,0.9997419714927673,999.07421875,80.88199615478516,0.9999284744262695,89.60862731933594,1029.6405029296875,0.9998428821563721,1023.239013671875,1021.0671997070312,0.9997357726097107,335.08209228515625,497.9143371582031,0.9956029653549194,338.2013244628906,611.4063110351562,0.9962062835693359,276.61346435546875,556.0117797851562,0.997784435749054,387.0628967285156,552.1898193359375,0.9923927783966064,732.6161499023438,495.5819091796875,0.9965893030166626,757.1182861328125,714.3405151367188,0.9997913241386414,701.82861328125,602.2359008789062,0.9725205302238464,788.218994140625,567.7034301757812,0.9912501573562622,689.0658569335938,514.6549072265625,0.5192276835441589,664.7103881835938,506.06927490234375,0.9484991431236267,638.1934814453125,500.2976379394531,0.9635669589042664,537.1334838867188,537.1139526367188,0.9892985820770264,598.6064453125,451.45928955078125,0.994823694229126,629.64208984375,552.3196411132812,0.8357788920402527,464.1961364746094,504.00518798828125,0.9843354225158691,516.4141235351562,620.3836669921875,0.9160690307617188,443.2765808105469,612.4295654296875,0.9998365640640259,316.3314514160156,666.3031616210938,0.9463391900062561,248.07064819335938,758.3034057617188,0.9917818307876587
514,84.96330261230469,116.0693588256836,0.9998383522033691,1000.2422485351562,81.2342758178711,0.9997841715812683,90.30342102050781,1030.14404296875,0.9997788071632385,1022.1627807617188,1020.713623046875,0.9995755553245544,334.0802917480469,497.0750427246094,0.9963490962982178,338.6388854980469,612.5789794921875,0.9956615567207336,276.7013854980469,555.2174682617188,0.9982989430427551,387.41162109375,550.388427734375,0.9960135221481323,729.6001586914062,493.8784484863281,0.9956268072128296,758.5955200195312,714.3798828125,0.999792754650116,700.15966796875,598.2526245117188,0.9479368329048157,789.2427978515625,567.5448608398438,0.9839008450508118,688.806640625,514.2042236328125,0.7412689328193665,661.9248657226562,504.7698974609375,0.9804506301879883,642.2084350585938,501.5305480957031,0.9856686592102051,536.031982421875,537.2916870117188,0.9902616143226624,598.8345947265625,452.8636779785156,0.9787015914916992,627.3185424804688,551.2774658203125,0.9067611694335938,464.1112060546875,502.8017883300781,0.9866024255752563,518.0423583984375,614.8399047851562,0.9639139771461487,444.87567138671875,610.5588989257812,0.9997240900993347,315.40557861328125,666.9987182617188,0.9830238819122314,248.83349609375,758.4445190429688,0.9943332672119141
515,85.47311401367188,116.95639038085938,0.9992285966873169,999.07080078125,78.57723999023438,0.9998494386672974,90.10049438476562,1029.3798828125,0.9998642206192017,1022.146240234375,1020.4666137695312,0.9995972514152527,334.2588806152344,498.3374328613281,0.997073769569397,338.5942687988281,612.1005249023438,0.9961674809455872,276.67498779296875,554.204833984375,0.9983696341514587,387.7023010253906,551.8206176757812,0.9963459372520447,730.5349731445312,494.2548828125,0.9982616305351257,757.7122192382812,714.3541870117188,0.9998995065689087,700.4432373046875,601.4140625,0.9471941590309143,787.8803100585938,567.7498779296875,0.9852254986763,688.6778564453125,514.3460083007812,0.7873027324676514,663.1588134765625,506.6033935546875,0.9846343398094177,642.23291015625,500.4273681640625,0.9880906343460083,536.2147216796875,536.3709716796875,0.9933494925498962,600.0094604492188,448.1697082519531,0.929861307144165,627.4388427734375,550.7858276367188,0.839203953742981,464.3968811035156,502.5469665527344,0.9900879263877869,517.53369140625,614.3671875,0.9706704616546631,444.71929931640625,611.9024658203125,0.9996188879013062,313.1940612792969,668.1834106445312,0.9859473705291748,249.97726440429688,755.8966064453125,0.9942489862442017
516,84.39181518554688,117.24258422851562,0.9995930790901184,999.7479858398438,77.93133544921875,0.9998513460159302,91.16157531738281,1030.9598388671875,0.999724805355072,1022.5744018554688,1020.3695068359375,0.9996552467346191,335.12286376953125,497.7491760253906,0.9954494833946228,337.4968566894531,611.5503540039062,0.9977025389671326,277.01971435546875,552.736572265625,0.9969559907913208,387.1238708496094,551.3927612304688,0.9948946237564087,729.1304321289062,495.58056640625,0.9988221526145935,758.1011352539062,714.5018310546875,0.9998207688331604,701.1118774414062,601.8821411132812,0.9562522172927856,788.2147216796875,566.9694213867188,0.9887359738349915,688.5609130859375,512.1378784179688,0.7506389617919922,659.5161743164062,504.71148681640625,0.9833629131317139,634.1956176757812,500.75885009765625,0.9911890029907227,535.0803833007812,535.8002319335938,0.9926615953445435,600.6726684570312,445.3452453613281,0.9827500581741333,627.7024536132812,546.0420532226562,0.8851088881492615,464.3758850097656,500.58843994140625,0.9868155121803284,518.9187622070312,615.9022827148438,0.910005509853363,445.92547607421875,611.518798828125,0.9997319579124451,313.7514953613281,669.2020263671875,0.9737862944602966,251.18113708496094,758.9490356445312,0.9951661825180054
517,85.73987579345703,115.7267074584961,0.9994661211967468,998.9325561523438,78.05709075927734,0.999925971031189,90.07931518554688,1030.903564453125,0.9997404217720032,1021.4927368164062,1021.7919921875,0.9994953870773315,336.0364990234375,498.1612548828125,0.9937035441398621,336.0583190917969,612.5707397460938,0.9982629418373108,276.6958312988281,552.6065673828125,0.9976443648338318,386.7868957519531,551.9600830078125,0.9892503023147583,728.0848999023438,496.39373779296875,0.998121440410614,758.4960327148438,714.225830078125,0.9997139573097229,700.91162109375,601.9711303710938,0.9789636135101318,787.0490112304688,568.5106811523438,0.9760276079177856,690.5037231445312,510.70355224609375,0.7366902232170105,663.1829223632812,504.70831298828125,0.9808869361877441,643.1084594726562,501.67425537109375,0.9930726885795593,535.2188110351562,535.9713745117188,0.9962917566299438,603.5967407226562,448.4508361816406,0.9765806198120117,626.9066772460938,550.3409423828125,0.8656701445579529,464.0062255859375,502.242919921875,0.9882479310035706,518.36572265625,617.3502807617188,0.883162796497345,448.6886291503906,612.5848999023438,0.9996734857559204,309.46258544921875,670.509765625,0.955780029296875,249.54722595214844,761.365234375,0.9952914714813232
518,85.60688781738281,117.5371322631836,0.9997628331184387,1000.0150146484375,76.02213287353516,0.9998342990875244,91.50238800048828,1030.3961181640625,0.9996994733810425,1023.7176513671875,1021.1245727539062,0.9998101592063904,335.4573669433594,498.07281494140625,0.994830310344696,338.0111999511719,611.7545166015625,0.9973099231719971,276.7186279296875,552.3956298828125,0.9985440969467163,386.35870361328125,551.1942138671875,0.9952804446220398,730.7742919921875,496.25128173828125,0.9975316524505615,756.7593994140625,714.2144165039062,0.9997751116752625,701.1026611328125,600.3888549804688,0.9894132614135742,787.421875,568.2686767578125,0.9923547506332397,688.7789306640625,510.0868225097656,0.7850558161735535,661.9204711914062,505.90460205078125,0.990715742111206,635.639404296875,500.7945556640625,0.9942307472229004,535.7816162109375,535.8671264648438,0.9975997805595398,601.3167114257812,446.24468994140625,0.9969993829727173,625.5873413085938,549.85791015625,0.9050583839416504,464.2795104980469,502.64208984375,0.9907949566841125,520.1094360351562,616.5838012695312,0.9741520881652832,444.3282165527344,612.155029296875,0.999667763710022,313.7825622558594,668.3385009765625,0.9819155931472778,249.4889373779297,758.4888916015625,0.9956437349319458
519,86.45365142822266,116.87825012207031,0.9997270703315735,998.854736328125,78.99008178710938,0.9999361038208008,90.39071655273438,1029.90234375,0.9998599290847778,1023.6140747070312,1021.23388671875,0.9994020462036133,335.7256774902344,498.0282287597656,0.9924396276473999,337.5057067871094,612.5343017578125,0.9977920055389404,277.0125427246094,552.9112548828125,0.9975481629371643,386.97967529296875,552.5170288085938,0.9947073459625244,728.0645751953125,496.1947326660156,0.9972654581069946,756.6620483398438,714.1143798828125,0.9998237490653992,699.04345703125,600.727783203125,0.9781813025474548,786.9595947265625,568.8196411132812,0.9967808723449707,687.4013671875,510.18701171875,0.7480367422103882,664.2867431640625,505.2901611328125,0.9902881383895874,643.310791015625,500.2705078125,0.9899577498435974,535.4955444335938,536.4208374023438,0.9958057403564453,602.6954956054688,448.88946533203125,0.9861835241317749,627.5973510742188,548.9396362304688,0.9168958067893982,464.1473388671875,503.0997009277344,0.9877892732620239,516.7115478515625,616.216064453125,0.9668267965316772,443.71014404296875,611.54931640625,0.9997001886367798,310.39276123046875,668.526611328125,0.9824206233024597,250.4908905029297,761.4700317382812,0.9953972697257996
520,85.87326049804688,117.83094787597656,0.999698281288147,999.8173217773438,79.46727752685547,0.999909520149231,89.87013244628906,1029.1845703125,0.999808132648468,1022.3916625976562,1020.443603515625,0.9997742772102356,336.272216796875,498.27984619140625,0.9952090382575989,337.25347900390625,612.0026245117188,0.998214602470398,276.9143981933594,553.1994018554688,0.998439610004425,387.29656982421875,553.2352294921875,0.9944451451301575,728.8402099609375,496.30926513671875,0.9972785115242004,757.6047973632812,714.511962890625,0.9998094439506531,698.4017944335938,602.1305541992188,0.9790979623794556,786.03173828125,567.205078125,0.989284098148346,687.3509521484375,511.87890625,0.7432644963264465,662.0706176757812,505.7058410644531,0.993152379989624,635.6814575195312,500.308349609375,0.9901372194290161,535.6862182617188,536.835693359375,0.9959469437599182,601.01123046875,447.64385986328125,0.9952074885368347,626.2572021484375,549.6923217773438,0.9161168336868286,464.499755859375,502.89166259765625,0.9774183630943298,517.2266235351562,616.87548828125,0.9892067909240723,444.0096740722656,610.4120483398438,0.9994707703590393,313.84344482421875,668.6907348632812,0.9583294987678528,249.88331604003906,759.744140625,0.9964590668678284
521,86.44609832763672,119.06013488769531,0.9995933175086975,998.2410888671875,78.75647735595703,0.9998698234558105,90.30587768554688,1029.90478515625,0.9998334646224976,1022.5562133789062,1020.9050903320312,0.9996249675750732,336.068603515625,498.1773986816406,0.9938934445381165,337.6598815917969,611.8078002929688,0.9986720085144043,276.656982421875,552.62353515625,0.998469889163971,387.5554504394531,553.5518188476562,0.9943722486495972,728.3160400390625,495.91571044921875,0.9925756454467773,756.9628295898438,715.3004760742188,0.9998034834861755,701.3485107421875,600.2630004882812,0.9728612303733826,785.6509399414062,568.189208984375,0.9914450645446777,688.3514404296875,510.69195556640625,0.8755584955215454,664.430908203125,505.09344482421875,0.9977949857711792,643.377197265625,499.7726135253906,0.9943806529045105,536.0109252929688,536.4129028320312,0.9974057078361511,600.4163208007812,447.4091796875,0.9992207288742065,626.599609375,550.20751953125,0.9364062547683716,464.9754333496094,502.5462951660156,0.988655686378479,516.858154296875,617.0032348632812,0.9849199056625366,442.8795471191406,609.6937866210938,0.9994202852249146,315.0599670410156,668.2012939453125,0.9251105189323425,250.02700805664062,760.103759765625,0.9976988434791565
522,84.37464141845703,117.95709228515625,0.9998519420623779,998.2122802734375,76.2785415649414,0.999739944934845,89.9176254272461,1028.47509765625,0.9998700618743896,1023.506591796875,1021.3493041992188,0.9993261098861694,335.4964904785156,497.9343566894531,0.9962210059165955,337.75775146484375,611.9525146484375,0.9980941414833069,277.1307373046875,553.5503540039062,0.9988768696784973,387.8176574707031,552.6989135742188,0.9955000281333923,730.7916870117188,494.1541748046875,0.9977293610572815,756.2847290039062,713.9651489257812,0.9997639060020447,699.7998657226562,603.0751342773438,0.9792002439498901,785.6192016601562,568.2951049804688,0.9936046004295349,688.1694946289062,511.4661865234375,0.8233258724212646,665.5693969726562,505.97064208984375,0.995765209197998,644.3193359375,499.9954833984375,0.9951808452606201,536.1251831054688,536.3296508789062,0.9977664947509766,602.6927490234375,447.1116638183594,0.9985894560813904,627.8015747070312,548.9028930664062,0.9665619134902954,465.5528564453125,504.2314453125,0.9625692367553711,518.0870971679688,615.6104736328125,0.9859597682952881,444.2171630859375,608.6994018554688,0.9995055198669434,315.4891052246094,668.0740966796875,0.9439133405685425,249.13565063476562,759.1624755859375,0.9969568252563477
523,85.81269836425781,118.33285522460938,0.9995843768119812,997.2228393554688,81.6972427368164,0.999866247177124,89.9441146850586,1027.7569580078125,0.9999371767044067,1022.2734985351562,1021.0200805664062,0.9995255470275879,335.9707336425781,498.2327880859375,0.9945993423461914,338.2309875488281,612.2411499023438,0.9952892065048218,277.1056213378906,553.7932739257812,0.9980258941650391,388.4960021972656,553.4349975585938,0.9924389123916626,728.1624145507812,493.33819580078125,0.9986905455589294,756.3236694335938,715.3340454101562,0.9998544454574585,696.6233520507812,603.7180786132812,0.991731584072113,784.930419921875,569.7686767578125,0.9933985471725464,687.562744140625,512.171142578125,0.808791995048523,664.4074096679688,504.99371337890625,0.9947910308837891,642.9083251953125,499.2847900390625,0.9951451420783997,536.1365966796875,535.5209350585938,0.9973071813583374,600.5045776367188,446.0022277832031,0.9991260170936584,626.8827514648438,549.7938842773438,0.948506772518158,465.90032958984375,500.0342102050781,0.9869601726531982,518.5205078125,615.70751953125,0.9940578937530518,444.3839111328125,610.5156860351562,0.9994551539421082,319.5812683105469,667.2213134765625,0.958617627620697,246.36695861816406,755.2479248046875,0.994396448135376
524,86.75530242919922,118.11722564697266,0.9996532201766968,999.7943115234375,81.56774139404297,0.9997989535331726,90.6939697265625,1027.1925048828125,0.9999269247055054,1021.9169921875,1021.4143676757812,0.9989808201789856,334.91717529296875,498.60186767578125,0.9955818057060242,338.0549011230469,611.75048828125,0.9983713030815125,276.3978576660156,554.8043212890625,0.9976147413253784,388.0333251953125,552.3775024414062,0.9944871068000793,730.296875,493.6952819824219,0.9953935146331787,756.4473266601562,715.514892578125,0.9998923540115356,701.5089111328125,600.0885009765625,0.9846578240394592,785.35205078125,565.8497314453125,0.9918191432952881,688.7021484375,512.364990234375,0.7773833274841309,664.4732055664062,505.8883056640625,0.990549623966217,642.7924194335938,500.12005615234375,0.9946765899658203,536.4943237304688,536.041015625,0.99615877866745,598.8443603515625,446.3353271484375,0.9992426633834839,627.310302734375,549.6600952148438,0.902224063873291,464.9810791015625,501.3328857421875,0.98277747631073,517.85986328125,615.4747924804688,0.9908066391944885,443.439208984375,610.117431640625,0.9993754029273987,319.2961120605469,667.4293823242188,0.9542615413665771,247.849609375,758.1293334960938,0.9955936074256897
525,85.30577850341797,118.898193359375,0.9996978044509888,1000.067626953125,81.53966522216797,0.9998143315315247,88.91249084472656,1029.3775634765625,0.9998226761817932,1022.4306030273438,1020.6018676757812,0.9994528889656067,335.5543518066406,498.3104248046875,0.9943722486495972,337.1219787597656,612.0594482421875,0.9980143308639526,277.17279052734375,553.4014282226562,0.9979503750801086,388.1490783691406,552.8092651367188,0.9935791492462158,732.62646484375,493.0357666015625,0.9988225102424622,756.9486694335938,715.2535400390625,0.9998075366020203,702.5121459960938,602.3557739257812,0.9772818088531494,786.1581420898438,570.1727294921875,0.993823766708374,688.3641967773438,512.5933227539062,0.6352024674415588,664.8527221679688,506.1663818359375,0.989528477191925,642.3711547851562,500.6041564941406,0.9936954379081726,535.3369140625,536.2802734375,0.9970108270645142,599.298583984375,447.3668518066406,0.9985030889511108,624.9068603515625,550.8126831054688,0.922458827495575,464.2137451171875,502.6040344238281,0.9758768081665039,516.5103759765625,616.641845703125,0.9883422255516052,444.548828125,610.7510375976562,0.999686598777771,316.04083251953125,667.7081909179688,0.9767665863037109,247.5130615234375,757.6426391601562,0.9964227080345154
526,86.30577087402344,116.78265380859375,0.9995866417884827,999.9982299804688,81.56510162353516,0.9998395442962646,89.5803451538086,1029.8961181640625,0.9997836947441101,1022.2347412109375,1021.6728515625,0.9993047714233398,334.7862854003906,498.07708740234375,0.99714595079422,337.6463317871094,611.8818359375,0.9984440207481384,277.3582763671875,553.9969482421875,0.998485267162323,388.5887145996094,552.3316040039062,0.9964004755020142,731.7295532226562,493.2596130371094,0.998885452747345,757.4912109375,716.0259399414062,0.9998586177825928,703.5055541992188,602.5103149414062,0.9778382182121277,786.3531494140625,570.2647094726562,0.9977396726608276,687.3138427734375,510.5690612792969,0.8338075876235962,664.0562744140625,505.2675476074219,0.9845800399780273,639.0818481445312,499.333251953125,0.9852391481399536,535.8583984375,535.1151733398438,0.9967737793922424,598.8571166992188,448.7442626953125,0.998813271522522,626.867431640625,549.749267578125,0.9546654224395752,464.7134094238281,501.121337890625,0.9870851635932922,518.2991943359375,618.3212890625,0.9905905723571777,441.44232177734375,609.9580688476562,0.9992515444755554,318.9251708984375,666.8594360351562,0.9699661731719971,247.1723175048828,755.2188720703125,0.9956414699554443
527,86.7796401977539,117.25008392333984,0.9996564388275146,1001.3851928710938,77.86819458007812,0.9996672868728638,90.90580749511719,1029.1806640625,0.9998325109481812,1023.0391235351562,1020.50390625,0.9995703101158142,335.02581787109375,498.207275390625,0.9969670176506042,338.5533752441406,612.6707763671875,0.9986251592636108,277.2414245605469,553.9318237304688,0.9983664155006409,388.2547302246094,551.8321533203125,0.9975627660751343,727.612060546875,494.00927734375,0.9940153956413269,756.4149169921875,715.3359985351562,0.9997233748435974,704.2671508789062,600.1099243164062,0.9884449243545532,785.0203247070312,568.5537109375,0.9961504936218262,687.7859497070312,513.5947875976562,0.6831172704696655,662.9065551757812,510.10504150390625,0.9949331879615784,640.8638916015625,501.9184265136719,0.9969503283500671,532.409912109375,536.4835205078125,0.9968270659446716,601.899169921875,449.0550537109375,0.9982213377952576,624.552001953125,548.9393920898438,0.9774246215820312,465.1585388183594,500.1849060058594,0.982991635799408,520.5247802734375,615.69921875,0.9735798239707947,441.9425964355469,606.4685668945312,0.9994325041770935,313.9085998535156,668.9028930664062,0.9702944755554199,249.58106994628906,760.2273559570312,0.9928076267242432
528,86.00825500488281,116.6285629272461,0.9995978474617004,998.6691284179688,77.9137954711914,0.9998086094856262,90.66841125488281,1029.5997314453125,0.9998069405555725,1023.8301391601562,1020.9539794921875,0.9996523857116699,333.9430847167969,498.3520812988281,0.9974839687347412,338.25311279296875,612.4521484375,0.998848557472229,277.1767578125,555.3848876953125,0.9989514350891113,387.9331970214844,551.6058959960938,0.9972756505012512,727.0520629882812,494.45220947265625,0.9772067070007324,755.7888793945312,715.8037719726562,0.9996976852416992,700.522705078125,598.1080932617188,0.9846722483634949,786.8865966796875,566.599853515625,0.9959490299224854,676.4744262695312,518.5047607421875,0.40085723996162415,659.2769775390625,512.1644897460938,0.9657397866249084,635.6063232421875,504.1476745605469,0.9384595155715942,532.2620239257812,536.7181396484375,0.995555579662323,597.2718505859375,454.0552978515625,0.9977647066116333,629.6551513671875,548.9645385742188,0.9567792415618896,464.7475891113281,500.2866516113281,0.9905498623847961,518.7332153320312,621.7324829101562,0.9722732305526733,442.31256103515625,606.6654052734375,0.999534010887146,315.438232421875,668.967529296875,0.9726196527481079,247.61630249023438,758.5697631835938,0.9935241937637329
529,86.60377502441406,115.8550033569336,0.9997588992118835,998.7763671875,80.95121002197266,0.9999175071716309,89.46038055419922,1029.7584228515625,0.999859094619751,1023.7738037109375,1020.8837280273438,0.9998586177825928,334.33978271484375,498.47283935546875,0.9984574317932129,337.3909606933594,612.9918212890625,0.9984018206596375,276.85052490234375,554.0101928710938,0.9989626407623291,387.6846008300781,552.4747924804688,0.995692789554596,723.4681396484375,498.51385498046875,0.9963212013244629,757.1207275390625,716.3785400390625,0.999736487865448,699.274658203125,600.6466674804688,0.9863878488540649,780.563720703125,568.7659912109375,0.9917621612548828,672.1680297851562,536.6597900390625,0.3900531530380249,660.1062622070312,507.28729248046875,0.9261502027511597,635.950927734375,501.5245056152344,0.7199660539627075,531.1614379882812,533.601318359375,0.9935277104377747,598.1825561523438,452.85845947265625,0.9983512163162231,628.1478271484375,552.4666748046875,0.9292482137680054,464.6932067871094,501.7660827636719,0.9717944264411926,517.0398559570312,616.5617065429688,0.9691728949546814,441.9043273925781,607.4114379882812,0.9993595480918884,315.52301025390625,668.5980224609375,0.930867075920105,246.70603942871094,757.3604736328125,0.9928563833236694
530,86.91888427734375,115.41139221191406,0.9995779395103455,999.0758056640625,81.67477416992188,0.9999393224716187,90.06846618652344,1029.87744140625,0.999795138835907,1024.041015625,1020.6878051757812,0.9998055100440979,333.9245910644531,498.2132263183594,0.9986920952796936,338.775634765625,613.0042114257812,0.9978166818618774,276.8867492675781,555.52099609375,0.9993683695793152,387.491455078125,552.6138305664062,0.9951809644699097,725.2145385742188,497.3164367675781,0.9922448992729187,756.9314575195312,716.1779174804688,0.9997063279151917,699.2896118164062,599.6322631835938,0.9932345747947693,785.0769653320312,568.0802001953125,0.9948582649230957,669.3139038085938,537.3427124023438,0.6800634264945984,657.2122192382812,507.6632995605469,0.7041491270065308,620.7382202148438,492.7186279296875,0.6155928373336792,531.1987915039062,536.1388549804688,0.9924507737159729,595.2311401367188,450.4888000488281,0.9973897337913513,630.3561401367188,551.3233032226562,0.895172119140625,463.28131103515625,505.03826904296875,0.9616464972496033,518.2506103515625,618.5841064453125,0.95304274559021,439.9555969238281,605.4290161132812,0.9993380904197693,310.8374938964844,666.7493896484375,0.940601110458374,247.54498291015625,760.0357055664062,0.995853066444397
531,85.5444107055664,117.42961120605469,0.9998119473457336,999.3685302734375,77.6710205078125,0.9998822212219238,89.69945526123047,1028.3009033203125,0.9998082518577576,1024.04833984375,1020.1181640625,0.9998031258583069,331.9929504394531,498.34295654296875,0.9984697699546814,339.71429443359375,612.0119018554688,0.9962557554244995,276.4296569824219,555.8345336914062,0.9990234375,387.78814697265625,551.6823120117188,0.9971917271614075,719.8997192382812,494.818359375,0.9894415140151978,754.6483154296875,714.7042236328125,0.9997338652610779,697.4796752929688,595.1771240234375,0.9938044548034668,784.637939453125,567.4959106445312,0.9928978681564331,670.5769653320312,523.1561889648438,0.5532873272895813,620.9749755859375,456.32647705078125,0.10247132182121277,612.5062866210938,472.80450439453125,0.5807420015335083,532.1500244140625,536.8388061523438,0.9985542893409729,590.2093505859375,454.0552978515625,0.9584154486656189,633.0487670898438,546.18896484375,0.9727497696876526,463.0132751464844,501.9751892089844,0.9816133975982666,517.84521484375,618.5185546875,0.9865641593933105,438.6112060546875,606.5075073242188,0.9992164373397827,310.7439270019531,666.4037475585938,0.9633982181549072,247.50758361816406,760.1300659179688,0.9950213432312012
532,85.1541976928711,116.15309143066406,0.9997547268867493,999.310546875,80.27374267578125,0.9999114274978638,89.48738861083984,1028.8485107421875,0.9999078512191772,1022.1910400390625,1021.49560546875,0.9996801614761353,333.25360107421875,498.7877197265625,0.9960939288139343,340.1894836425781,609.4947509765625,0.9985307455062866,275.8970642089844,555.2681274414062,0.9989802241325378,387.4938049316406,552.2531127929688,0.9964319467544556,719.483642578125,495.8125,0.9682590365409851,755.113525390625,714.0595092773438,0.9998351335525513,694.258544921875,597.4613037109375,0.9973090887069702,784.224365234375,567.1273803710938,0.9944791793823242,663.8772583007812,490.5956726074219,0.776502788066864,637.332275390625,470.82659912109375,0.6215407252311707,614.8911743164062,477.27655029296875,0.962226390838623,530.1085815429688,538.4556274414062,0.9992774128913879,584.8917846679688,450.1827392578125,0.9927734732627869,625.7669677734375,543.83837890625,0.9809752702713013,462.9696044921875,503.1352844238281,0.9568623304367065,519.4179077148438,617.3342895507812,0.9100530743598938,437.86260986328125,607.2615966796875,0.9988390803337097,310.3605041503906,665.6577758789062,0.971704363822937,244.9635009765625,755.1519165039062,0.9959775805473328
533,86.34092712402344,115.9946517944336,0.9998260140419006,1000.0517578125,80.45231628417969,0.9999279975891113,89.11302185058594,1029.2467041015625,0.999887228012085,1022.9559326171875,1020.5208740234375,0.9996272325515747,332.8988952636719,498.2064208984375,0.9970390796661377,339.4307556152344,611.2286376953125,0.9973995685577393,275.8705139160156,555.3494262695312,0.9985346794128418,387.5150146484375,551.0804443359375,0.9970809817314148,725.9475708007812,495.7126159667969,0.7669988870620728,755.60546875,714.4271850585938,0.9997536540031433,695.3429565429688,598.61962890625,0.9986202716827393,783.2599487304688,566.9871215820312,0.9930999279022217,628.0818481445312,422.4814453125,0.8863930106163025,644.7111206054688,464.5361022949219,0.6962233185768127,610.6233520507812,468.0717468261719,0.9095207452774048,528.2213745117188,533.1957397460938,0.9949392080307007,558.8748168945312,446.9368591308594,0.705507218837738,623.8637084960938,538.237548828125,0.9167144298553467,461.8497009277344,500.1646423339844,0.9724522233009338,516.5885009765625,618.2777709960938,0.8363611102104187,438.7980041503906,607.2032470703125,0.9994235038757324,314.11517333984375,668.1027221679688,0.983842134475708,246.43682861328125,756.7805786132812,0.982921838760376
534,86.8409423828125,116.17321014404297,0.9997500777244568,999.5033569335938,79.41304016113281,0.9997953772544861,89.44782257080078,1028.3114013671875,0.999869704246521,1022.5670166015625,1021.6741333007812,0.9992050528526306,332.156005859375,498.2061767578125,0.9976010918617249,338.9371032714844,612.3822021484375,0.994146466255188,276.0311584472656,556.4701538085938,0.9993507266044617,388.5035095214844,552.1710205078125,0.9903200268745422,726.2102661132812,495.76043701171875,0.9782943725585938,756.3336791992188,714.8837280273438,0.9997085928916931,694.0164184570312,601.6024169921875,0.9995067119598389,784.421630859375,570.3894653320312,0.9970415234565735,695.9078979492188,477.53375244140625,0.9146712422370911,638.7098388671875,457.9125061035156,0.959620475769043,609.6314086914062,475.514892578125,0.9666435122489929,525.1437377929688,534.6510009765625,0.9934764504432678,583.3982543945312,446.4495849609375,0.7974106669425964,616.381103515625,543.5658569335938,0.9661789536476135,457.8446350097656,515.1361083984375,0.8797211050987244,518.6097412109375,615.80224609375,0.7049422264099121,439.4455871582031,607.3148193359375,0.9994692206382751,310.4517822265625,667.7766723632812,0.9782612919807434,246.79383850097656,756.472900390625,0.9936516284942627
535,86.2696533203125,115.583984375,0.9997627139091492,999.4747314453125,78.8964614868164,0.9998925924301147,91.5416030883789,1029.175537109375,0.9998722076416016,1022.3367919921875,1021.4332275390625,0.9995143413543701,330.8161926269531,498.18072509765625,0.9979719519615173,338.3990783691406,611.9767456054688,0.9978098273277283,275.9439697265625,555.6054077148438,0.9990881681442261,388.107421875,550.7242431640625,0.9943166375160217,710.198974609375,500.18267822265625,0.8922906517982483,756.3696899414062,715.0718994140625,0.9997970461845398,695.5811767578125,603.3973999023438,0.9990196228027344,783.5869140625,569.0980834960938,0.9923060536384583,691.6480102539062,484.2635803222656,0.7805405259132385,634.0675048828125,465.8285217285156,0.9289875626564026,600.0827026367188,476.7864685058594,0.9785035252571106,519.1995849609375,534.54296875,0.9955399632453918,573.2363891601562,452.71893310546875,0.5767078399658203,610.0354614257812,544.2747802734375,0.9550601243972778,455.2293395996094,517.6629028320312,0.9474824666976929,479.3179931640625,467.67510986328125,0.6826335191726685,439.23101806640625,604.4619140625,0.9993625283241272,311.20648193359375,667.9981079101562,0.9826823472976685,246.7209930419922,758.3871459960938,0.9878785014152527
536,86.07652282714844,118.947509765625,0.9993602633476257,1000.5889282226562,81.03292846679688,0.9998466968536377,91.13458251953125,1028.5626220703125,0.9999356269836426,1023.420654296875,1021.4761962890625,0.9995148181915283,331.2398986816406,498.2442321777344,0.9971215128898621,339.0553283691406,611.1229248046875,0.9958742260932922,275.5963439941406,555.241455078125,0.9992795586585999,387.8418273925781,549.753173828125,0.9920170307159424,736.7164306640625,491.0209045410156,0.978390097618103,756.6052856445312,715.8543701171875,0.9998483657836914,697.0431518554688,605.9564819335938,0.9951581358909607,783.8245239257812,568.4505615234375,0.995112955570221,697.8931884765625,513.5478515625,0.9986485838890076,637.5968627929688,466.40679931640625,0.9887674450874329,601.9771728515625,468.9910583496094,0.9557659029960632,517.092529296875,532.6804809570312,0.9988075494766235,561.7459106445312,435.99267578125,0.6377107501029968,605.590087890625,541.2335815429688,0.9516753554344177,453.838623046875,517.1905517578125,0.9483550190925598,515.4283447265625,610.8995361328125,0.5348395109176636,439.4071044921875,603.2313232421875,0.9993652701377869,312.82940673828125,668.7308959960938,0.9730240702629089,246.8080596923828,759.134765625,0.9954119324684143
537,85.4299545288086,113.97710418701172,0.999566376209259,1000.4392700195312,82.5471420288086,0.9998558759689331,88.81599426269531,1029.4383544921875,0.999862551689148,1022.6426391601562,1021.4937133789062,0.9994755387306213,331.7377014160156,498.8633117675781,0.997088611125946,338.6636657714844,612.418701171875,0.9960348010063171,276.2315368652344,556.0535888671875,0.9995644688606262,387.4570007324219,551.2756958007812,0.9899116158485413,736.4951782226562,486.9152526855469,0.9948234558105469,756.4765014648438,715.8138427734375,0.9998805522918701,699.9105224609375,597.6322021484375,0.9865952730178833,784.86328125,564.4962158203125,0.9906472563743591,698.6246948242188,528.9737548828125,0.9968746900558472,643.7376098632812,485.8642883300781,0.7596674561500549,610.2357177734375,480.35284423828125,0.6926546692848206,513.9498901367188,529.677001953125,0.9937335848808289,581.8865356445312,445.6123962402344,0.9378538131713867,599.2529296875,548.361328125,0.994225800037384,451.31378173828125,519.2012939453125,0.9589285254478455,515.229736328125,601.7836303710938,0.8394408822059631,439.7560119628906,602.2412719726562,0.9985711574554443,314.3186340332031,668.2060546875,0.944157600402832,246.83218383789062,759.9790649414062,0.9968005418777466
538,85.65718841552734,114.7811050415039,0.9998119473457336,1000.2340087890625,77.43263244628906,0.9998353719711304,89.81692504882812,1029.5185546875,0.9998905658721924,1019.5826416015625,1020.9929809570312,0.999235987663269,332.6143493652344,498.39434814453125,0.9977572560310364,338.57550048828125,611.5537109375,0.9961962699890137,276.57244873046875,553.563232421875,0.999371349811554,388.8497009277344,551.1919555664062,0.9942265748977661,727.6477661132812,492.47186279296875,0.9814027547836304,757.3218994140625,715.2996215820312,0.999890923500061,700.0858764648438,596.67236328125,0.9743344187736511,784.8482666015625,564.0553588867188,0.9913613200187683,696.9482421875,530.185302734375,0.7465788722038269,634.5321655273438,495.8840026855469,0.8640892505645752,602.6302490234375,481.5997314453125,0.93581223487854,512.7679443359375,530.7628173828125,0.9980080723762512,569.566650390625,448.6070861816406,0.6840766072273254,594.7764892578125,550.3551635742188,0.9945816397666931,454.6243896484375,520.5591430664062,0.889828085899353,515.6555786132812,599.9413452148438,0.8681499361991882,440.173095703125,601.8287963867188,0.998315691947937,310.4619140625,668.5363159179688,0.9848184585571289,244.5839080810547,756.4698486328125,0.9894912242889404
539,85.38581085205078,115.75472259521484,0.9996525049209595,998.9464111328125,79.12276458740234,0.9998879432678223,89.86150360107422,1029.736328125,0.9998573064804077,1022.4503784179688,1020.5789184570312,0.9994606375694275,331.642333984375,498.641845703125,0.9975678324699402,338.1637268066406,611.8165893554688,0.9968865513801575,276.06597900390625,554.7705688476562,0.9995726943016052,388.5600891113281,550.9136352539062,0.9945067763328552,733.9697875976562,494.6628723144531,0.9601278305053711,757.8040161132812,715.4509887695312,0.9998668432235718,703.2476196289062,602.2695922851562,0.9850965142250061,783.78466796875,571.7625732421875,0.9893938899040222,693.48291015625,536.2511596679688,0.9958325028419495,637.351318359375,500.16693115234375,0.7212527990341187,600.0418701171875,481.44378662109375,0.7773525714874268,510.7729187011719,528.9024658203125,0.9955030083656311,567.5426025390625,445.4659118652344,0.6854739785194397,594.6177978515625,547.701416015625,0.9857844710350037,449.912109375,516.7557373046875,0.9441148042678833,509.0030822753906,599.8638305664062,0.9412224292755127,438.8992004394531,600.3448486328125,0.9988558292388916,309.82086181640625,668.81982421875,0.9867069125175476,244.21958923339844,759.7985229492188,0.9957542419433594
540,86.36466979980469,115.82552337646484,0.9996455907821655,1000.328125,80.4808120727539,0.9998592138290405,90.2382583618164,1028.579345703125,0.9999352693557739,1021.8960571289062,1019.7486572265625,0.9997777342796326,332.2888488769531,498.04217529296875,0.9968185424804688,338.4466247558594,612.2044067382812,0.9953134059906006,277.10662841796875,555.3216552734375,0.9990381002426147,388.52166748046875,550.9924926757812,0.985034704208374,727.7657470703125,494.0608215332031,0.994569718837738,758.2696533203125,714.7122802734375,0.9996178150177002,699.743408203125,592.0860595703125,0.9185110330581665,785.5090942382812,569.7295532226562,0.9699800610542297,680.399169921875,544.8516845703125,0.9962282180786133,633.5237426757812,497.0364685058594,0.9386200904846191,597.9077758789062,480.3341369628906,0.8529230952262878,510.5526123046875,528.3538818359375,0.963922381401062,561.5584106445312,441.6522521972656,0.6146907806396484,585.8672485351562,545.9878540039062,0.9868412017822266,448.7514343261719,517.7445678710938,0.9385929703712463,509.8167419433594,598.4085083007812,0.8462720513343811,438.6797180175781,600.538330078125,0.9993357062339783,313.60028076171875,669.2404174804688,0.9546250104904175,241.95758056640625,757.9075317382812,0.982355535030365
541,85.0847396850586,116.4179916381836,0.9997900128364563,1000.9483032226562,78.57523345947266,0.999727189540863,90.48501586914062,1029.0009765625,0.9998877048492432,1021.7095947265625,1020.859619140625,0.9996683597564697,333.4291076660156,497.84619140625,0.995999813079834,336.75250244140625,611.1157836914062,0.9804388284683228,275.7991638183594,553.9189453125,0.9978122711181641,387.9828186035156,551.2348022460938,0.9920286536216736,733.2239990234375,491.6646728515625,0.9662749767303467,757.0491333007812,712.59521484375,0.9997385144233704,701.341552734375,592.9324340820312,0.7874350547790527,789.6620483398438,568.3900146484375,0.9551467895507812,682.561279296875,546.863037109375,0.9998062252998352,637.2608032226562,503.4951477050781,0.9719057679176331,599.7996215820312,481.3682556152344,0.8019707202911377,510.1976623535156,523.0385131835938,0.9062649607658386,567.1217041015625,439.7667541503906,0.2751907408237457,587.0775756835938,545.892822265625,0.8298296928405762,447.48773193359375,516.2788696289062,0.7765225172042847,512.969482421875,598.3021240234375,0.9173696637153625,439.7123107910156,600.8379516601562,0.9992808699607849,308.9232482910156,669.6909790039062,0.502676784992218,297.76348876953125,672.542236328125,0.7541126012802124
542,85.85123443603516,116.89503479003906,0.9996947050094604,1001.7592163085938,79.92972564697266,0.9996374845504761,90.86532592773438,1030.069091796875,0.9998724460601807,1019.8208618164062,1020.3212280273438,0.9992620348930359,333.6578674316406,498.33746337890625,0.9972352385520935,338.1272277832031,612.4505004882812,0.9927473664283752,275.804931640625,554.2198486328125,0.9986819624900818,388.1106872558594,553.6165771484375,0.9930605888366699,739.6260986328125,489.8399353027344,0.9761793613433838,757.6759033203125,714.3531494140625,0.9997866749763489,698.6049194335938,590.7653198242188,0.4664658308029175,789.1165771484375,572.0538330078125,0.9836252331733704,686.9649047851562,548.0187377929688,0.9983653426170349,640.4732055664062,506.9183044433594,0.9007274508476257,600.485107421875,482.0535888671875,0.3347220718860626,512.5462646484375,520.6036987304688,0.8983705639839172,569.4266967773438,438.22607421875,0.20457075536251068,592.9685668945312,544.9935302734375,0.5612747073173523,447.8475646972656,521.5370483398438,0.5293029546737671,511.4630432128906,597.0459594726562,0.8774154186248779,439.2448425292969,601.8477783203125,0.9988804459571838,345.54443359375,663.5696411132812,0.6097808480262756,246.117431640625,763.4287719726562,0.8066204786300659
543,85.93130493164062,117.66877746582031,0.999915361404419,1000.1471557617188,81.4477310180664,0.9998903274536133,90.92606353759766,1028.7061767578125,0.9999064207077026,1021.300048828125,1019.5711059570312,0.999645471572876,333.3918762207031,498.24163818359375,0.9967917799949646,336.4297180175781,609.7913208007812,0.993842601776123,275.4510803222656,553.1083984375,0.9989359974861145,387.0218505859375,554.1561889648438,0.9897400140762329,732.0611572265625,493.412353515625,0.9961856007575989,756.6403198242188,714.0765380859375,0.9997455477714539,697.48828125,584.0357055664062,0.651078999042511,792.206787109375,561.26123046875,0.9586712121963501,682.1845703125,541.721435546875,0.9995412826538086,637.458251953125,502.5775146484375,0.9281823635101318,599.1475830078125,481.3143005371094,0.8125319480895996,510.1313781738281,528.1661987304688,0.8781883716583252,568.691650390625,439.5687561035156,0.3065641522407532,593.8208618164062,545.9669799804688,0.40738239884376526,449.3737487792969,503.95489501953125,0.5950572490692139,514.6190185546875,598.8308715820312,0.5736216902732849,438.4288024902344,602.6312255859375,0.9992915391921997,314.579345703125,671.8003540039062,0.8453728556632996,243.21119689941406,756.7467651367188,0.9367147088050842
544,84.77589416503906,115.55532836914062,0.9997881054878235,1000.5042724609375,79.30191040039062,0.9997715353965759,90.18628692626953,1030.2100830078125,0.9999097585678101,1021.190185546875,1021.064453125,0.9995802044868469,334.2330017089844,497.9530334472656,0.9951927661895752,336.12847900390625,610.0875244140625,0.9965207576751709,275.3697509765625,552.8021240234375,0.9988478422164917,387.60186767578125,555.1094360351562,0.9923660159111023,729.00634765625,492.9450378417969,0.995133101940155,758.2410888671875,714.6386108398438,0.9996755123138428,699.8607177734375,594.87939453125,0.5482485294342041,790.8910522460938,564.8926391601562,0.9831447601318359,685.227783203125,538.46923828125,0.9982690811157227,638.6417236328125,502.2395324707031,0.9309854507446289,598.6453857421875,481.6169738769531,0.8785243034362793,509.20831298828125,524.01416015625,0.8193479180335999,567.9529418945312,439.4066162109375,0.5147528648376465,588.4586791992188,543.0484619140625,0.6189929842948914,449.6247863769531,503.7379455566406,0.5543484687805176,513.2144165039062,594.0616455078125,0.7219093441963196,438.11224365234375,603.3199462890625,0.99898761510849,359.2247009277344,665.8457641601562,0.754770040512085,244.85250854492188,755.9147338867188,0.9651274681091309
545,84.60466003417969,119.41334533691406,0.9995872378349304,1000.567138671875,79.55669403076172,0.9998002648353577,90.49881744384766,1029.0765380859375,0.9998972415924072,1021.951416015625,1020.6412353515625,0.9996005892753601,334.7127685546875,497.8874206542969,0.9969266057014465,336.46661376953125,611.142333984375,0.9986171722412109,275.0341796875,553.3135986328125,0.9985635876655579,387.19451904296875,554.22607421875,0.9895390868186951,733.7802124023438,487.122314453125,0.9793806672096252,757.2697143554688,714.420654296875,0.999817430973053,698.349365234375,592.1146240234375,0.8692046403884888,791.0535278320312,570.8173217773438,0.9933876991271973,690.8199462890625,537.1439819335938,0.9981876015663147,637.6256103515625,501.9147644042969,0.8484343886375427,600.3682250976562,481.47296142578125,0.5126330256462097,510.68017578125,526.6077270507812,0.8086208701133728,563.7127685546875,437.926025390625,0.054062265902757645,592.8905029296875,544.8304443359375,0.744262158870697,448.873046875,501.1903991699219,0.6530611515045166,512.1654052734375,596.7435302734375,0.7042150497436523,438.92425537109375,603.251708984375,0.9992945194244385,309.1244812011719,671.8717041015625,0.6152294278144836,246.56182861328125,765.67138671875,0.8561874628067017
546,85.54869842529297,117.34070587158203,0.9997866749763489,1000.4526977539062,79.68891143798828,0.9998273849487305,89.80928802490234,1029.1055908203125,0.9999065399169922,1023.8137817382812,1019.9889526367188,0.9997532963752747,333.5704650878906,497.9806213378906,0.9970169067382812,337.55340576171875,610.8241577148438,0.9966539144515991,275.6105651855469,554.5177001953125,0.9988081455230713,387.25006103515625,553.7509155273438,0.9930382370948792,738.998046875,488.7143859863281,0.9476150870323181,758.7135620117188,714.2283935546875,0.9998118281364441,704.8202514648438,606.9971923828125,0.5753787755966187,792.7930908203125,570.5725708007812,0.9904881715774536,696.58203125,539.0931396484375,0.9977275729179382,634.8746948242188,502.3108825683594,0.9559851288795471,598.49560546875,483.97021484375,0.5360101461410522,510.5220947265625,528.4827880859375,0.969038188457489,577.8309936523438,448.4403991699219,0.6501911878585815,595.0323486328125,548.8258056640625,0.7953699827194214,447.0369567871094,520.990966796875,0.7704309225082397,515.4196166992188,602.442138671875,0.8277965784072876,438.8617248535156,603.9730224609375,0.9992260932922363,308.5250244140625,671.9033813476562,0.8509612083435059,246.88832092285156,763.8988647460938,0.9616119265556335
547,86.61691284179688,115.12614440917969,0.9991829991340637,999.6342163085938,83.81340789794922,0.9999256134033203,89.81501770019531,1028.028564453125,0.9999316930770874,1020.6508178710938,1020.1370239257812,0.9994357228279114,333.14794921875,498.5204772949219,0.9983154535293579,337.36016845703125,611.6245727539062,0.9972653388977051,275.3408508300781,554.730712890625,0.998563826084137,387.605712890625,552.2689208984375,0.9903738498687744,732.4752197265625,489.5606994628906,0.9932237863540649,758.7849731445312,714.1290283203125,0.9998522996902466,707.6021728515625,614.1673583984375,0.3187876343727112,791.668701171875,572.42822265625,0.9470255374908447,707.2107543945312,543.583740234375,0.994856595993042,638.57080078125,499.79498291015625,0.8696241974830627,604.9072875976562,483.81884765625,0.5311228036880493,510.721435546875,532.2943115234375,0.9923526644706726,576.5325317382812,448.8924865722656,0.7219333052635193,598.21875,548.9151000976562,0.8572760224342346,450.8433837890625,506.7415771484375,0.9338197112083435,515.6325073242188,602.5737915039062,0.7866218090057373,438.9290466308594,604.7530517578125,0.9988706707954407,314.7869873046875,671.7991943359375,0.9043055772781372,246.1763153076172,767.6273803710938,0.9743437767028809
548,84.17194366455078,116.31087493896484,0.99988853931427,1000.6893920898438,83.19078826904297,0.9998717308044434,89.87449645996094,1030.0220947265625,0.9998956918716431,1021.4193725585938,1020.1002197265625,0.9991638660430908,334.4065856933594,498.4761047363281,0.9981953501701355,336.8963623046875,611.7671508789062,0.9958165287971497,274.5462951660156,554.2792358398438,0.9970114231109619,387.4496154785156,552.00390625,0.9885718822479248,731.7804565429688,488.4881591796875,0.9809079170227051,759.1978149414062,713.5413818359375,0.9996678829193115,708.4710083007812,614.5324096679688,0.580373227596283,789.5909423828125,572.4321899414062,0.894753098487854,705.5240478515625,546.6655883789062,0.9995442032814026,642.0767822265625,503.85272216796875,0.8713105916976929,610.671630859375,491.2025146484375,0.777456521987915,514.8132934570312,530.353759765625,0.9902883768081665,580.000244140625,449.8173828125,0.5165335536003113,598.6102294921875,549.172119140625,0.8962271213531494,447.4544677734375,522.2994384765625,0.9202049970626831,517.2005004882812,602.1047973632812,0.8488844037055969,440.1455383300781,603.8635864257812,0.9985650181770325,314.2422180175781,671.8533935546875,0.8403331637382507,247.28073120117188,765.19970703125,0.9762934446334839
549,84.62197875976562,119.47999572753906,0.9996938705444336,1000.093505859375,80.74114990234375,0.9999004602432251,90.43000793457031,1029.627197265625,0.9998828172683716,1022.4218139648438,1020.8825073242188,0.9994359612464905,333.6951904296875,497.9164733886719,0.9975143671035767,337.78125,612.1885375976562,0.9942322373390198,275.6432189941406,555.0687255859375,0.998690664768219,388.1779479980469,550.282470703125,0.9897456169128418,752.8859252929688,492.8292236328125,0.8178451061248779,757.9585571289062,714.4088745117188,0.9996953010559082,694.0630493164062,602.4105224609375,0.9669061303138733,788.0147705078125,571.063232421875,0.9820928573608398,736.4442138671875,488.6918029785156,0.5305269956588745,658.45703125,492.0814208984375,0.9449816942214966,622.0789794921875,491.13616943359375,0.9750005006790161,525.9175415039062,531.7694091796875,0.9941275119781494,581.833740234375,451.7134704589844,0.7949382662773132,641.895263671875,545.6902465820312,0.977489173412323,450.96600341796875,516.99267578125,0.9866695404052734,517.935302734375,604.1646728515625,0.9586292505264282,440.30633544921875,602.1715087890625,0.9987478256225586,315.26348876953125,672.2950439453125,0.8294813632965088,247.27955627441406,765.2837524414062,0.986117422580719
550,84.50672149658203,119.77633666992188,0.9991642236709595,1000.1409912109375,82.06623840332031,0.9997925162315369,90.84794616699219,1029.7164306640625,0.9999420642852783,1020.4681396484375,1020.7386474609375,0.9994896650314331,333.2420959472656,498.1644287109375,0.9985677003860474,338.5101013183594,612.0971069335938,0.9937553405761719,275.4709777832031,554.4486083984375,0.9980143308639526,387.4147033691406,552.9044799804688,0.9945594668388367,712.0745849609375,509.53082275390625,0.7729700207710266,755.3463134765625,715.616455078125,0.9997796416282654,695.1743774414062,602.6528930664062,0.9957938194274902,781.6011352539062,568.0403442382812,0.97544264793396,734.3853759765625,469.4701232910156,0.13246920704841614,679.7117309570312,454.2671203613281,0.9917408227920532,651.1712036132812,464.65887451171875,0.93839430809021,535.3509521484375,524.0866088867188,0.7747457027435303,592.828857421875,443.7328186035156,0.9783209562301636,640.6272583007812,531.5528564453125,0.9970104694366455,454.6218566894531,504.8661193847656,0.9873591065406799,517.418212890625,601.363525390625,0.9895066618919373,438.6629333496094,602.7349243164062,0.9985570311546326,310.2287902832031,672.7889404296875,0.9504761695861816,244.03012084960938,759.6301879882812,0.9864574074745178
551,84.25410461425781,115.40348815917969,0.9997908473014832,1000.820556640625,78.4509506225586,0.9994913339614868,90.77392578125,1028.10595703125,0.9999113082885742,1022.0902099609375,1021.6651000976562,0.9995220899581909,334.218505859375,498.15203857421875,0.9979085922241211,338.04669189453125,613.7836303710938,0.9947813153266907,276.53338623046875,554.1288452148438,0.9987201690673828,387.71270751953125,552.9564208984375,0.9941923022270203,708.0164794921875,508.8799743652344,0.9832578301429749,757.4572143554688,714.5280151367188,0.999699592590332,693.863037109375,599.958740234375,0.9989458918571472,783.2007446289062,569.61328125,0.9966838955879211,685.974365234375,420.9671936035156,0.7554815411567688,673.80029296875,432.3841857910156,0.9924430251121521,656.3743286132812,449.1678161621094,0.9935194849967957,534.8464965820312,522.4821166992188,0.4648415744304657,597.5731201171875,436.6463317871094,0.9437363147735596,650.238037109375,515.8602905273438,0.9937145113945007,457.18499755859375,501.0303039550781,0.9849778413772583,516.2130737304688,602.5173950195312,0.9216105341911316,438.574951171875,604.1434936523438,0.9907942414283752,314.6354064941406,670.2487182617188,0.8669713735580444,242.96844482421875,758.6304321289062,0.9940637946128845
552,86.40096282958984,117.0884017944336,0.9997573494911194,999.9356079101562,78.7595443725586,0.9998300075531006,90.90521240234375,1029.090087890625,0.9999207258224487,1022.6106567382812,1020.771484375,0.999427080154419,334.19207763671875,498.50689697265625,0.9978531002998352,337.840576171875,611.7306518554688,0.9956782460212708,275.8092956542969,553.3689575195312,0.998776376247406,387.01123046875,551.4555053710938,0.9933907985687256,720.5653076171875,502.3599548339844,0.9415637254714966,757.1317749023438,714.5114135742188,0.9998101592063904,694.1730346679688,600.745849609375,0.9987723231315613,785.9931030273438,570.7849731445312,0.9951404333114624,683.3965454101562,405.10369873046875,0.7384325265884399,675.7371215820312,419.4222106933594,0.9891385436058044,662.696044921875,433.2809143066406,0.9608218669891357,533.5352172851562,516.5291137695312,0.10548897087574005,602.1565551757812,422.57354736328125,0.8803778290748596,656.7405395507812,505.6241760253906,0.938068151473999,460.1688232421875,498.1344299316406,0.9792024493217468,517.6912231445312,599.3201293945312,0.8762940764427185,438.08721923828125,605.0294189453125,0.9726382493972778,317.1654357910156,667.8427734375,0.8847161531448364,247.19105529785156,760.5462036132812,0.9937412142753601
553,86.73357391357422,116.91104888916016,0.9994581341743469,1001.3319702148438,80.40237426757812,0.9997637867927551,91.9168701171875,1029.023193359375,0.9999032020568848,1022.434326171875,1021.4442749023438,0.9996187686920166,333.60601806640625,497.7902526855469,0.9983291029930115,341.413330078125,611.5471801757812,0.996179461479187,275.9341735839844,554.3370361328125,0.9988215565681458,387.3058776855469,550.8281860351562,0.9947395920753479,714.5648803710938,503.1347351074219,0.8608756065368652,755.8373413085938,712.7222290039062,0.9997802376747131,693.6988525390625,600.384521484375,0.9978170394897461,786.962158203125,567.5942993164062,0.9920663833618164,680.1514282226562,405.35284423828125,0.7563918232917786,670.0628051757812,417.89788818359375,0.9737117886543274,654.2698974609375,436.2018737792969,0.9327447414398193,535.183837890625,513.3208618164062,0.634437084197998,599.077392578125,422.0120849609375,0.8278237581253052,655.75244140625,503.85797119140625,0.37461405992507935,465.4255065917969,495.0505065917969,0.9181094169616699,527.597412109375,594.9723510742188,0.7234382629394531,441.197021484375,605.580322265625,0.9809720516204834,318.9980163574219,664.98779296875,0.9790394902229309,246.26316833496094,754.1031494140625,0.9966999888420105
554,85.78790283203125,116.90412902832031,0.9994887113571167,1001.6196899414062,80.64555358886719,0.9996415376663208,89.95775604248047,1029.610107421875,0.999909520149231,1023.1262817382812,1020.948974609375,0.9996753931045532,330.68304443359375,498.5624084472656,0.9978471994400024,341.707763671875,611.88427734375,0.9925312399864197,276.33221435546875,555.8555908203125,0.9982905983924866,385.9981689453125,548.4392700195312,0.9953585267066956,723.4508056640625,498.4340515136719,0.8170074820518494,756.8027954101562,714.2967529296875,0.9997318387031555,693.844482421875,601.8055419921875,0.9984143972396851,785.23681640625,569.9085083007812,0.996058464050293,676.68310546875,403.8995361328125,0.35521644353866577,671.5311889648438,417.8105163574219,0.9684716463088989,652.0343627929688,434.611083984375,0.9623910188674927,535.5354614257812,513.989013671875,0.7825807332992554,590.1210327148438,419.0201721191406,0.7673053741455078,654.5740356445312,503.374755859375,0.8525594472885132,464.072509765625,496.3348083496094,0.9564274549484253,536.9547119140625,594.6981811523438,0.8911279439926147,446.3620300292969,602.7327270507812,0.9851852655410767,316.5670166015625,666.5082397460938,0.9796048402786255,248.1995849609375,760.6934204101562,0.9928197264671326
555,86.49862670898438,117.9341049194336,0.9993649125099182,998.5772094726562,78.41462707519531,0.9997417330741882,90.310791015625,1030.29638671875,0.9998536109924316,1022.717041015625,1020.3196411132812,0.999542236328125,332.3861999511719,498.5086975097656,0.9978275895118713,341.46185302734375,611.6257934570312,0.9910669922828674,275.98712158203125,556.7286987304688,0.9989222288131714,385.8124084472656,548.36376953125,0.997121274471283,721.8250122070312,500.1510314941406,0.9034280776977539,755.7083129882812,713.8265380859375,0.9998464584350586,694.7319946289062,602.94482421875,0.9981606602668762,785.9888305664062,570.7097778320312,0.9943314790725708,674.8054809570312,403.974853515625,0.5513536334037781,670.0668334960938,421.57537841796875,0.9202179312705994,651.8070068359375,436.67218017578125,0.9566434025764465,534.50634765625,514.0736083984375,0.8254295587539673,604.5235595703125,419.6344299316406,0.8613936305046082,650.9295043945312,507.8820495605469,0.644525408744812,465.34088134765625,495.62164306640625,0.9212934374809265,535.4024047851562,596.0474853515625,0.9345365166664124,442.6725158691406,604.0347900390625,0.9875631332397461,315.9397888183594,667.6951293945312,0.95864337682724,249.83526611328125,761.6341552734375,0.987392246723175
556,85.83000946044922,119.11558532714844,0.9990074038505554,998.8090209960938,80.8833236694336,0.9998914003372192,90.1871109008789,1029.5596923828125,0.9998629093170166,1020.9442749023438,1021.290283203125,0.9992583394050598,332.78607177734375,498.72943115234375,0.9977614879608154,339.3619689941406,611.5526733398438,0.994644284248352,275.7359619140625,556.046630859375,0.9984264373779297,386.5107421875,549.5125732421875,0.9963812828063965,710.2982788085938,504.2885437011719,0.6858841776847839,754.8427734375,712.9644775390625,0.9997510313987732,693.309814453125,601.294189453125,0.999115526676178,786.2135009765625,568.8360595703125,0.9963632225990295,737.4202270507812,468.6578063964844,0.34006407856941223,672.1336669921875,425.1730041503906,0.4619430601596832,645.9383544921875,442.92559814453125,0.9221236705780029,535.3640747070312,516.1582641601562,0.8224713206291199,602.4755249023438,423.0679931640625,0.7274988889694214,653.1902465820312,508.3377990722656,0.7114405035972595,466.1084289550781,498.2996826171875,0.9739745259284973,537.6361694335938,590.5228271484375,0.8857338428497314,450.2918701171875,601.73583984375,0.9938799142837524,313.61846923828125,669.7001342773438,0.9305140376091003,251.217529296875,765.065185546875,0.9883095026016235
557,84.97782897949219,117.5608139038086,0.9992864727973938,998.5902709960938,77.14303588867188,0.9999380111694336,89.86637115478516,1029.2911376953125,0.9998756647109985,1023.3633422851562,1021.2252197265625,0.9995415210723877,333.36492919921875,499.40771484375,0.9984985589981079,338.79888916015625,610.9960327148438,0.9933813810348511,276.3617858886719,555.2063598632812,0.9980918765068054,386.28131103515625,549.9854736328125,0.9972946047782898,718.4566040039062,493.8438415527344,0.7920331358909607,757.6394653320312,712.3762817382812,0.9997506737709045,693.3056030273438,600.1062622070312,0.9972243309020996,784.1044921875,574.2606811523438,0.9820538759231567,690.5092163085938,396.1044616699219,0.5456116199493408,678.5701904296875,413.7856750488281,0.6541589498519897,656.4926147460938,433.964599609375,0.9702244400978088,547.02197265625,506.6859436035156,0.7970986366271973,604.3158569335938,415.6224060058594,0.7772620916366577,660.5460815429688,498.61248779296875,0.4042850434780121,464.86761474609375,499.87823486328125,0.9617241621017456,542.4465942382812,589.6806030273438,0.828248143196106,445.1116638183594,602.2093505859375,0.9715006351470947,314.5794677734375,671.140380859375,0.46302422881126404,247.98529052734375,761.7891235351562,0.922552227973938
558,86.27507019042969,116.67473602294922,0.9998291730880737,999.4154052734375,78.9527587890625,0.9998983144760132,90.72076416015625,1028.674072265625,0.9999316930770874,1022.495849609375,1021.0377807617188,0.9993290901184082,333.2231140136719,498.4450378417969,0.9975866079330444,337.65679931640625,611.7867431640625,0.9944530129432678,276.328857421875,556.0189208984375,0.9991348385810852,385.5259704589844,549.9331665039062,0.9972817897796631,693.942138671875,515.7986450195312,0.1652417629957199,755.1226196289062,713.4720458984375,0.9998315572738647,693.7324829101562,596.59716796875,0.9951153993606567,785.30517578125,570.5614013671875,0.9872795343399048,780.0444946289062,458.69390869140625,0.7330436110496521,739.0763549804688,430.72015380859375,0.6068251729011536,697.7069091796875,425.47900390625,0.7893826961517334,556.1769409179688,499.2054138183594,0.28157520294189453,667.5800170898438,400.5362243652344,0.2983691096305847,680.6034545898438,482.177978515625,0.8165686130523682,466.64105224609375,501.0751953125,0.959564745426178,553.2085571289062,581.1282958984375,0.977627694606781,456.7604064941406,595.4210815429688,0.9704310894012451,319.4873352050781,670.2620239257812,0.9609187245368958,254.95716857910156,763.8715209960938,0.9395937919616699
559,86.12584686279297,117.24681854248047,0.9983470439910889,999.0001831054688,78.74224090576172,0.9999338388442993,91.08184051513672,1029.33642578125,0.9998952150344849,1022.7625122070312,1022.1572875976562,0.9996115565299988,334.51129150390625,498.1247253417969,0.9959394931793213,335.7054748535156,611.2272338867188,0.995980978012085,276.000244140625,554.3054809570312,0.9991540908813477,386.3965759277344,552.3234252929688,0.9966013431549072,706.7666625976562,489.915771484375,0.7984069585800171,754.76513671875,712.818359375,0.9997398257255554,693.2344970703125,598.508544921875,0.9967272281646729,783.4452514648438,567.7635498046875,0.9832252860069275,780.009765625,417.3304748535156,0.09869649261236191,737.6167602539062,408.2246398925781,0.9201433062553406,714.36328125,418.1997985839844,0.9767606258392334,555.1338500976562,496.8900451660156,0.1632843166589737,653.3939819335938,392.90740966796875,0.4851464033126831,696.1478881835938,473.7260437011719,0.8606579303741455,474.10809326171875,498.3147888183594,0.9879773259162903,553.918212890625,574.4017333984375,0.9664085507392883,456.1724853515625,594.0504150390625,0.9153305292129517,336.0876770019531,665.4776000976562,0.508936882019043,262.1686706542969,763.4329833984375,0.9691420793533325
560,84.65702056884766,116.64493560791016,0.9998372793197632,999.5289306640625,79.35556030273438,0.9998679161071777,90.44470977783203,1027.8997802734375,0.9999071359634399,1022.4127807617188,1021.6243896484375,0.9995718598365784,333.6434020996094,498.0069580078125,0.9959673881530762,337.0812683105469,612.4051513671875,0.9946383833885193,276.32757568359375,555.3151245117188,0.999001681804657,386.3780212402344,552.100341796875,0.9971580505371094,704.1693725585938,498.74359130859375,0.9770094752311707,755.0946044921875,714.0708618164062,0.9997366070747375,691.3802490234375,599.8223266601562,0.9980310797691345,780.8256225585938,568.1694946289062,0.9724203944206238,805.9034423828125,403.885009765625,0.09904246777296066,755.6536254882812,391.1342468261719,0.7498100996017456,739.0511474609375,399.4294738769531,0.8105812668800354,556.6409912109375,501.1391906738281,0.2973158359527588,668.3245849609375,370.39642333984375,0.9496133327484131,728.2987670898438,448.78857421875,0.9966554641723633,480.21502685546875,493.71014404296875,0.8584721088409424,562.0958862304688,564.020263671875,0.9959099292755127,461.8169250488281,585.5884399414062,0.9336788654327393,334.61181640625,667.1954956054688,0.3734254240989685,278.02484130859375,783.9927978515625,0.7217739224433899
561,85.15424346923828,116.56111145019531,0.9997748732566833,1000.1911010742188,80.69303894042969,0.9998630285263062,90.48737335205078,1029.80126953125,0.9998886585235596,1022.3112182617188,1021.19921875,0.9995251893997192,334.5830383300781,498.81207275390625,0.9975695013999939,332.444091796875,610.033935546875,0.9981374740600586,276.1359558105469,553.6029052734375,0.9987198114395142,385.11138916015625,554.4530639648438,0.9963764548301697,708.70849609375,498.901611328125,0.26254886388778687,755.83837890625,714.8616943359375,0.9998214840888977,692.1690063476562,598.7161254882812,0.9986796975135803,781.2628173828125,568.5509643554688,0.9759302139282227,861.45849609375,372.4422912597656,0.9425933957099915,816.0232543945312,378.0224609375,0.7973783612251282,784.4895629882812,380.566162109375,0.894636869430542,610.8530883789062,440.21240234375,0.33414900302886963,736.605224609375,351.42828369140625,0.8023089170455933,757.4301147460938,434.00592041015625,0.8961300253868103,496.7640686035156,485.4505615234375,0.9894814491271973,578.0506591796875,548.7886962890625,0.9843502044677734,490.9795837402344,560.1712646484375,0.7191728949546814,420.8979187011719,627.8282470703125,0.2935119569301605,342.0177001953125,681.1515502929688,0.9925946593284607
562,86.31629943847656,116.93439483642578,0.999738872051239,1000.6522216796875,78.71195983886719,0.9998108744621277,90.64459991455078,1029.6812744140625,0.9998821020126343,1022.3897705078125,1021.3051147460938,0.9997214674949646,335.9363098144531,498.4397888183594,0.9980417490005493,333.932373046875,610.4453735351562,0.9987009763717651,276.6295471191406,554.5608520507812,0.9980890154838562,385.5198974609375,553.7623901367188,0.9987753033638,697.0684204101562,500.12677001953125,0.9679902195930481,756.732177734375,713.1663818359375,0.9997097849845886,692.3051147460938,596.5059204101562,0.9985275268554688,779.157958984375,569.6588134765625,0.9854378700256348,901.38623046875,362.10906982421875,0.5647844672203064,851.4706420898438,365.8426208496094,0.956630527973175,815.9440307617188,371.23388671875,0.8469858765602112,661.519775390625,421.35186767578125,0.13828705251216888,617.4899291992188,517.9664916992188,0.972413957118988,790.53466796875,424.7646484375,0.9962028861045837,542.90283203125,440.5566101074219,0.9427973031997681,592.78076171875,525.218505859375,0.925979733467102,512.1181030273438,519.9544677734375,0.9842754006385803,438.5605773925781,588.9313354492188,0.01828193850815296,367.1824645996094,677.068115234375,0.8118594884872437
563,85.65164947509766,117.20603942871094,0.9996262788772583,1000.6024780273438,80.88661193847656,0.9997827410697937,91.02843475341797,1029.7666015625,0.9998704195022583,1021.8032836914062,1021.1317749023438,0.9992152452468872,333.85986328125,498.4154968261719,0.9978571534156799,335.40191650390625,611.2327880859375,0.9992086291313171,276.872314453125,555.1884155273438,0.9965208768844604,383.9787292480469,552.3800048828125,0.999289870262146,678.5308837890625,511.9203186035156,0.4069313704967499,756.232421875,713.4647216796875,0.9997872710227966,690.8104248046875,597.7089233398438,0.9991587400436401,779.5811157226562,574.5164184570312,0.9899790287017822,934.6106567382812,369.6158447265625,0.9978713989257812,883.3599853515625,361.2861022949219,0.9208447337150574,855.4177856445312,367.28961181640625,0.8860045671463013,717.765380859375,399.1231384277344,0.9923190474510193,644.3548583984375,490.6520080566406,0.9280914068222046,821.2833251953125,419.9948425292969,0.989636242389679,612.7791748046875,384.09747314453125,0.9591670036315918,705.4730834960938,473.77001953125,0.042655088007450104,549.8117065429688,472.1955871582031,0.9324043393135071,467.5400085449219,534.4611206054688,0.8150591254234314,389.76116943359375,668.3001098632812,0.9742367267608643
564,85.96763610839844,118.18223571777344,0.9998353719711304,1000.3237915039062,80.43610382080078,0.9998977184295654,89.72183227539062,1029.199462890625,0.9998818635940552,1021.4011840820312,1021.5718994140625,0.9994736313819885,334.6412353515625,498.33746337890625,0.9962102174758911,335.55279541015625,610.91064453125,0.9995400905609131,276.9623107910156,555.1273803710938,0.9983356595039368,384.9472961425781,549.261474609375,0.9991903901100159,708.26171875,496.0693359375,0.9784044623374939,754.9510498046875,713.8018798828125,0.9997039437294006,689.5499267578125,591.864501953125,0.9981583952903748,781.6583862304688,567.7957763671875,0.980490505695343,954.5225219726562,400.69390869140625,0.9331738948822021,912.1900634765625,378.54656982421875,0.9923428893089294,884.6305541992188,374.00518798828125,0.9528135657310486,731.4577026367188,387.7598876953125,0.98985356092453,675.8195190429688,467.91455078125,0.9873263239860535,835.7945556640625,423.6685485839844,0.9249232411384583,640.3472290039062,364.97503662109375,0.9504222273826599,674.91845703125,463.4605712890625,0.7626585364341736,589.9795532226562,433.8304748535156,0.9995367527008057,487.3414001464844,516.3218994140625,0.9700896739959717,984.124755859375,304.2466735839844,0.6694815754890442
565,85.47106170654297,117.81930541992188,0.9999048709869385,999.549560546875,80.14466857910156,0.9998959302902222,90.2264175415039,1029.1767578125,0.9998595714569092,1022.5044555664062,1020.8871459960938,0.9993442893028259,335.27484130859375,498.33831787109375,0.9966244697570801,333.86212158203125,610.9768676757812,0.9994266033172607,277.4736328125,553.272705078125,0.9980950951576233,383.9764099121094,553.083740234375,0.9985076785087585,726.0239868164062,491.94097900390625,0.8653867244720459,755.8325805664062,712.1303100585938,0.9996570348739624,688.0886840820312,590.4754028320312,0.9976772665977478,783.0935668945312,566.38037109375,0.9867908358573914,989.3200073242188,472.2845764160156,0.9923162460327148,955.7411499023438,429.3238220214844,0.7971453666687012,930.7890014648438,411.7839660644531,0.745285153388977,772.4684448242188,374.83843994140625,0.9678823351860046,864.517822265625,333.0057067871094,0.9461989402770996,854.7192993164062,436.83197021484375,0.9866510629653931,677.1765747070312,338.5691223144531,0.9986432194709778,732.673828125,444.63330078125,0.8247928023338318,628.1925659179688,410.2084655761719,0.9966711401939392,517.8853149414062,483.07623291015625,0.6437676548957825,709.4362182617188,487.19610595703125,0.59798663854599
566,86.21381378173828,119.08731079101562,0.9993423819541931,999.3026733398438,77.33163452148438,0.9999349117279053,91.61053466796875,1028.6820068359375,0.9999103546142578,1022.0814208984375,1020.8238525390625,0.9993205070495605,334.9465637207031,498.29443359375,0.9978415966033936,333.91412353515625,611.055419921875,0.9994133710861206,276.1352233886719,553.4251098632812,0.9986671209335327,386.01470947265625,554.0890502929688,0.9966193437576294,723.9353637695312,499.0268249511719,0.9119959473609924,755.7177734375,712.9418334960938,0.9996833801269531,690.0744018554688,593.2443237304688,0.9986060261726379,783.4751586914062,565.9888305664062,0.9879875183105469,1014.4991455078125,494.6439514160156,0.9982613921165466,956.32666015625,446.47943115234375,0.9665283560752869,927.55126953125,432.6864929199219,0.9203749299049377,794.7288818359375,382.8702087402344,0.9784749746322632,887.537841796875,360.43157958984375,0.6180274486541748,863.0533447265625,456.0640869140625,0.9996942281723022,717.0264282226562,319.9253845214844,0.9770811200141907,731.25146484375,434.1954650878906,0.8686535358428955,643.0385131835938,390.00091552734375,0.9785787463188171,443.11163330078125,555.687744140625,0.7554863095283508,442.5896301269531,568.2216186523438,0.145224466919899
567,86.22480010986328,117.1383056640625,0.9989936947822571,999.9406127929688,80.26280212402344,0.9998867511749268,91.50841522216797,1030.6947021484375,0.9998036026954651,1022.2765502929688,1020.5989379882812,0.9996880292892456,333.308837890625,498.3532409667969,0.9984288811683655,334.5091247558594,611.4501953125,0.9989216327667236,275.8075256347656,555.8904418945312,0.9985175728797913,386.5309143066406,554.0121459960938,0.9958069324493408,714.3148803710938,502.3033752441406,0.9931199550628662,754.5533447265625,713.3804321289062,0.9998168349266052,689.4950561523438,592.9639282226562,0.9946314096450806,784.3388061523438,571.0132446289062,0.9766477346420288,1040.6483154296875,511.6150207519531,0.9947538375854492,967.7930908203125,466.3843994140625,0.9969863295555115,943.7879028320312,454.8921203613281,0.9775224328041077,812.000732421875,403.4058532714844,0.799012303352356,949.258544921875,408.2912902832031,0.6089416742324829,875.137939453125,477.53839111328125,0.9992033839225769,731.6165161132812,334.42779541015625,0.9218913912773132,744.0142211914062,452.7804870605469,0.7122330069541931,654.8131713867188,396.2928771972656,0.9940548539161682,448.9823303222656,535.7131958007812,0.9163058996200562,442.47003173828125,555.7422485351562,0.07505207508802414
568,84.85142517089844,119.03067016601562,0.9993212223052979,998.3043212890625,77.5050048828125,0.9999527931213379,90.92620086669922,1029.870849609375,0.9998227953910828,1022.0357666015625,1021.0679931640625,0.9995971322059631,335.4051513671875,498.4399719238281,0.9983096122741699,336.041015625,609.899169921875,0.9987695813179016,276.0190124511719,554.6143798828125,0.9983736276626587,387.1795349121094,551.2728881835938,0.9949705004692078,715.385986328125,499.6868591308594,0.9958822727203369,754.4288330078125,713.6882934570312,0.9996259212493896,689.5573120117188,593.5941162109375,0.9967292547225952,785.8614501953125,572.5309448242188,0.9841737747192383,1063.422607421875,524.0327758789062,0.9941779375076294,981.113037109375,479.74871826171875,0.9521985054016113,959.5171508789062,469.4997863769531,0.9866024255752563,832.4998168945312,422.6268005371094,0.9229533672332764,950.9107055664062,412.2165222167969,0.34191152453422546,890.860595703125,490.2237854003906,0.9908746480941772,794.8436889648438,349.8410949707031,0.60755455493927,743.3660278320312,455.7754821777344,0.9622886776924133,652.2144775390625,398.9913024902344,0.9912400841712952,448.5836486816406,527.2302856445312,0.9245869517326355,530.9413452148438,546.4967041015625,0.5723596811294556
569,85.75492858886719,117.58544158935547,0.9996383190155029,999.3921508789062,80.40461730957031,0.9999258518218994,91.08721160888672,1028.66845703125,0.9998576641082764,1021.3577270507812,1021.2859497070312,0.9992241859436035,334.1203918457031,497.7835388183594,0.9983362555503845,335.26983642578125,610.8731689453125,0.9988508224487305,276.04754638671875,554.817626953125,0.9986573457717896,387.33282470703125,552.6858520507812,0.9900479316711426,723.4574584960938,497.8072509765625,0.9924699664115906,755.0211181640625,712.745361328125,0.9996474981307983,691.047119140625,593.6997680664062,0.998847246170044,787.6067504882812,570.2333374023438,0.9879698753356934,1061.515869140625,523.5520629882812,0.9735754132270813,981.8753662109375,479.1806335449219,0.9737612009048462,949.7542114257812,463.0505065917969,0.9717707633972168,829.691650390625,421.80316162109375,0.9478827714920044,937.209716796875,410.2425842285156,0.9290207624435425,890.2940063476562,493.861083984375,0.9967564940452576,783.9833984375,358.6866760253906,0.8437818884849548,758.164306640625,464.837158203125,0.9950128197669983,691.4498291015625,402.60906982421875,0.9878052473068237,447.54266357421875,520.7210693359375,0.6789566874504089,526.6038818359375,542.8519897460938,0.13372987508773804
570,86.30704498291016,117.25067901611328,0.9992677569389343,999.2855834960938,77.35447692871094,0.9999223947525024,90.13197326660156,1028.3160400390625,0.9998151659965515,1019.86865234375,1020.0537719726562,0.9995924830436707,332.1579284667969,497.8439025878906,0.9991317391395569,335.2127990722656,611.6088256835938,0.999213695526123,276.4315185546875,555.1370849609375,0.9989383816719055,386.6321105957031,553.3176879882812,0.9915934801101685,722.1089477539062,498.52862548828125,0.9976363182067871,756.2593383789062,713.141845703125,0.999657392501831,689.236572265625,591.1687622070312,0.9958686828613281,787.1293334960938,570.2205810546875,0.9912351369857788,1072.853271484375,509.7000427246094,0.26896750926971436,986.0994262695312,475.16656494140625,0.9892356991767883,949.6138305664062,461.0841369628906,0.9551393985748291,838.3558959960938,432.77374267578125,0.9077310562133789,954.4841918945312,420.5339050292969,0.9317790269851685,911.0975341796875,502.4412536621094,0.996738851070404,787.6229248046875,358.8686218261719,0.8484458923339844,767.3836059570312,469.4584655761719,0.9168726205825806,690.3994750976562,398.5051574707031,0.9949257373809814,448.12152099609375,516.9505615234375,0.9388247728347778,525.7846069335938,541.7939453125,0.2322920858860016
571,85.08100128173828,116.12834167480469,0.9994660019874573,1001.4872436523438,82.09211730957031,0.9998353719711304,89.55670166015625,1028.7540283203125,0.9997932314872742,1022.2559204101562,1022.3450927734375,0.999451220035553,331.35791015625,498.083740234375,0.997404158115387,335.6050109863281,611.4913940429688,0.9986540079116821,276.4916687011719,557.5153198242188,0.9978193044662476,386.8436279296875,551.0368041992188,0.9951731562614441,725.7471313476562,496.2974853515625,0.9977943897247314,757.1119384765625,714.5359497070312,0.9996769428253174,688.76513671875,594.43505859375,0.9981843829154968,784.6046752929688,573.2094116210938,0.9890508651733398,1017.4310302734375,430.54559326171875,0.05352260544896126,1001.989501953125,466.2950439453125,0.7474079728126526,959.9152221679688,468.3912048339844,0.2496994137763977,849.0362548828125,436.18768310546875,0.9390887022018433,966.7411499023438,430.871826171875,0.04877204820513725,1034.348876953125,442.6565856933594,0.15935879945755005,774.9529418945312,347.31488037109375,0.8633667826652527,779.2662353515625,466.4681091308594,0.9978795051574707,711.88720703125,404.3262634277344,0.9977251887321472,446.8268737792969,533.053955078125,0.7813478708267212,526.5076904296875,541.2598266601562,0.07895977795124054
572,87.68924713134766,117.50585174560547,0.9992436170578003,999.8214721679688,78.6828384399414,0.9997114539146423,91.31330108642578,1029.401611328125,0.9998311996459961,1023.2855834960938,1020.8193359375,0.9996101260185242,330.8647766113281,498.5052795410156,0.997844934463501,335.7595520019531,610.7313842773438,0.9985460042953491,276.058349609375,556.6199340820312,0.998134195804596,387.4552001953125,552.0697021484375,0.9970489144325256,715.739990234375,499.91912841796875,0.9964474439620972,757.0283813476562,713.7304077148438,0.9996880292892456,688.6358642578125,595.466796875,0.9982295632362366,786.70947265625,570.6339111328125,0.9721254706382751,1070.4576416015625,425.91070556640625,0.02992311306297779,1012.8365478515625,457.0023193359375,0.995029866695404,979.5159301757812,455.1998596191406,0.8310245871543884,871.9132690429688,433.81280517578125,0.5720833539962769,968.1666870117188,408.2994079589844,0.7326755523681641,941.09130859375,496.4064636230469,0.0739758163690567,874.056396484375,502.1097412109375,0.8119211196899414,791.6337890625,471.2221374511719,0.954418420791626,743.8873901367188,410.04510498046875,0.9194414019584656,450.6398010253906,541.01513671875,0.5452718138694763,534.6428833007812,549.7289428710938,0.08019272238016129
573,86.40299224853516,116.0009994506836,0.9991588592529297,1000.0177001953125,80.85377502441406,0.9997404217720032,91.13871002197266,1028.323486328125,0.999894380569458,1022.3208618164062,1022.2774047851562,0.9994364380836487,332.5944519042969,498.37103271484375,0.9981491565704346,334.7058410644531,611.530517578125,0.9994297623634338,275.707763671875,555.407958984375,0.9976918697357178,386.7957458496094,555.2132568359375,0.9963735938072205,724.197021484375,495.90679931640625,0.9945895671844482,757.0479125976562,714.395263671875,0.9995498061180115,689.523681640625,592.4263916015625,0.9981096982955933,787.2161254882812,570.2439575195312,0.9646499752998352,1083.152587890625,430.43389892578125,0.11823072284460068,1024.596923828125,453.4141540527344,0.994290828704834,993.8295288085938,454.51129150390625,0.8083465099334717,886.8185424804688,435.84295654296875,0.9994617104530334,970.197509765625,402.9853210449219,0.369984894990921,964.21484375,508.39056396484375,0.11094847321510315,848.6328735351562,380.541748046875,0.9782438278198242,790.4672241210938,463.79571533203125,0.9884939789772034,774.71435546875,402.8373107910156,0.9982284903526306,680.6327514648438,396.9169921875,0.9528366327285767,775.2113647460938,488.69708251953125,0.3393063545227051
574,86.89282989501953,116.20436096191406,0.9995924830436707,998.8167724609375,77.33992004394531,0.9997846484184265,89.57486724853516,1028.767578125,0.9999321699142456,1022.7179565429688,1021.1220703125,0.9996817111968994,330.61151123046875,498.39093017578125,0.9976248145103455,335.15594482421875,610.8020629882812,0.9988491535186768,275.8226013183594,555.3880615234375,0.9991387128829956,386.2289733886719,554.9822387695312,0.9958553910255432,722.6397705078125,496.3735046386719,0.9804856777191162,755.6117553710938,714.5017700195312,0.9996585845947266,690.6506958007812,592.6218872070312,0.9961737990379333,788.5468139648438,566.738037109375,0.9705623388290405,1082.0443115234375,447.0932312011719,0.0449373722076416,1032.4051513671875,459.386962890625,0.9741394519805908,1010.171875,455.6288757324219,0.19863836467266083,887.3413696289062,432.82147216796875,0.9847837090492249,1050.7415771484375,509.9157409667969,0.08428062498569489,910.982666015625,520.974365234375,0.6331601142883301,858.0547485351562,383.7658386230469,0.9533100724220276,804.3716430664062,454.0954284667969,0.9768114686012268,797.0675659179688,400.19775390625,0.952116072177887,684.599609375,376.55120849609375,0.7708808183670044,987.0257568359375,307.8554382324219,0.4115734100341797
575,86.8536605834961,116.5886459350586,0.9991142153739929,999.1717529296875,77.56002044677734,0.9998776912689209,89.3680419921875,1028.2125244140625,0.9999285936355591,1022.822998046875,1020.756103515625,0.9996485710144043,332.73193359375,497.4788513183594,0.9959593415260315,334.7924499511719,609.734375,0.9986876845359802,276.1700439453125,554.4689331054688,0.9987154006958008,386.9745788574219,555.0458374023438,0.9964655637741089,721.9341430664062,496.44580078125,0.9660013318061829,756.5015258789062,716.0455322265625,0.9997517466545105,689.63134765625,594.0628051757812,0.9975614547729492,786.6422729492188,570.9132690429688,0.9833774566650391,1083.9344482421875,514.6492309570312,0.08822977542877197,1031.0069580078125,454.1274108886719,0.9577800035476685,998.25537109375,452.5610046386719,0.24066230654716492,902.8602905273438,432.3632507324219,0.9895839095115662,979.8869018554688,401.7587585449219,0.5542301535606384,942.0457153320312,520.7134399414062,0.42518097162246704,871.4270629882812,385.6986999511719,0.9985789060592651,805.7894287109375,449.29931640625,0.9705508947372437,805.8522338867188,395.19500732421875,0.8446604013442993,707.8381958007812,355.51300048828125,0.7483815550804138,500.085693359375,466.9127502441406,0.987092912197113
576,85.75738525390625,118.4312973022461,0.9997557997703552,1001.1380004882812,81.4223861694336,0.9997925162315369,89.95006561279297,1030.6943359375,0.9998574256896973,1021.40576171875,1021.62744140625,0.9993187189102173,332.3021545410156,498.0505065917969,0.9975456595420837,334.9791259765625,610.2952880859375,0.9992142915725708,276.68341064453125,555.7223510742188,0.9992109537124634,386.0290832519531,555.6546630859375,0.9971931576728821,719.2113037109375,497.7048034667969,0.9479904174804688,755.7766723632812,714.1878662109375,0.9997571110725403,688.9246215820312,592.955810546875,0.9953761100769043,787.7980346679688,572.0580444335938,0.9868144989013672,808.9226684570312,457.01177978515625,0.030937757343053818,1029.6339111328125,442.1186218261719,0.2216278314590454,996.8765258789062,440.1805419921875,0.3433145582675934,892.1339111328125,432.497802734375,0.9904145002365112,969.1757202148438,399.758544921875,0.06372405588626862,907.5601806640625,513.6222534179688,0.24100752174854279,869.3546752929688,381.5149841308594,0.985223650932312,806.7068481445312,450.60699462890625,0.9275210499763489,799.91259765625,390.9715270996094,0.9845170378684998,671.0231323242188,342.74578857421875,0.9500353336334229,507.5892333984375,431.41375732421875,0.9622611999511719
577,85.05450439453125,116.43082427978516,0.9987292885780334,1000.1940307617188,79.7665023803711,0.9997949004173279,90.16954040527344,1029.65478515625,0.9999189376831055,1023.2413330078125,1021.7992553710938,0.9996843338012695,331.352783203125,498.235595703125,0.9964732527732849,334.80780029296875,610.0894165039062,0.998765230178833,275.8890075683594,555.9050903320312,0.999158501625061,386.253662109375,555.8716430664062,0.9964377880096436,721.3319091796875,496.0760192871094,0.979086697101593,755.935791015625,714.9444580078125,0.9998001456260681,689.1954345703125,592.665771484375,0.9934900999069214,788.0477294921875,573.0675659179688,0.9808396100997925,1083.9700927734375,503.20208740234375,0.014657716266810894,1088.9305419921875,488.6447448730469,0.7251190543174744,992.900634765625,441.6431579589844,0.7661782503128052,886.3438720703125,433.02557373046875,0.8775269985198975,1078.648193359375,433.9742431640625,0.06637489050626755,905.6213989257812,505.1383972167969,0.7799258828163147,869.5186157226562,381.12939453125,0.8988663554191589,810.261474609375,448.37823486328125,0.8511160016059875,801.8589477539062,388.8495788574219,0.976394772529602,657.6769409179688,336.5210876464844,0.8628782629966736,505.25860595703125,424.2064208984375,0.9806221723556519
578,86.49584197998047,116.34398651123047,0.9998031258583069,1000.1800537109375,79.72299194335938,0.9996882677078247,90.91242218017578,1030.2889404296875,0.9998818635940552,1024.1124267578125,1022.1024780273438,0.9997100234031677,331.59564208984375,499.0114440917969,0.9977667331695557,335.5520935058594,610.9817504882812,0.9993007183074951,276.13983154296875,557.1203002929688,0.9989423155784607,386.5082702636719,555.5414428710938,0.9951340556144714,724.578857421875,495.80511474609375,0.9662197828292847,756.2916259765625,715.2526245117188,0.9998230338096619,686.8899536132812,589.0950927734375,0.9835578799247742,788.60791015625,570.8052368164062,0.9818774461746216,809.8200073242188,456.3330993652344,0.012012997642159462,1000.9248046875,438.8186950683594,0.1602463722229004,997.8255004882812,447.0892028808594,0.9412808418273926,884.779541015625,427.2068786621094,0.9746350646018982,1003.9003295898438,501.3799743652344,0.21229268610477448,1053.2125244140625,418.7515869140625,0.6551437973976135,908.847900390625,496.62225341796875,0.9629256725311279,808.6212158203125,445.7962341308594,0.9830564260482788,802.4185180664062,384.32244873046875,0.993093729019165,654.6073608398438,335.844482421875,0.9873523712158203,504.3775329589844,422.0168151855469,0.9375857710838318
579,87.28416442871094,117.4994125366211,0.9991896748542786,1000.2171020507812,76.79747772216797,0.999881386756897,89.61470794677734,1029.76513671875,0.999893307685852,1024.16357421875,1021.0933837890625,0.9997872710227966,333.324951171875,498.6209716796875,0.9974485039710999,334.6141052246094,610.7311401367188,0.998789370059967,276.2901306152344,555.0798950195312,0.9980290532112122,385.3677978515625,556.6072387695312,0.9964134097099304,721.9398193359375,494.2989501953125,0.9860970377922058,755.5514526367188,715.275390625,0.9998243451118469,687.0704956054688,587.9729614257812,0.9822752475738525,786.6322631835938,574.4022216796875,0.9859941005706787,1053.99462890625,538.6460571289062,0.11227928102016449,1045.43896484375,516.325927734375,0.7133083343505859,1042.1566162109375,517.184326171875,0.9340535402297974,883.2364501953125,421.52288818359375,0.9567609429359436,967.6445922851562,500.4781494140625,0.4551563858985901,906.6681518554688,501.4018859863281,0.6966865658760071,865.5486450195312,386.4085693359375,0.2933994233608246,810.8468017578125,442.9697570800781,0.9797019958496094,803.4425048828125,383.93096923828125,0.9698885679244995,657.775146484375,334.2081604003906,0.9744530320167542,505.9919128417969,416.8650817871094,0.9856240749359131
580,86.19619750976562,118.47578430175781,0.9998123049736023,1000.3512573242188,80.37108612060547,0.9998390674591064,89.31558227539062,1028.6669921875,0.9998636245727539,1023.6349487304688,1020.65625,0.9998385906219482,332.7611083984375,498.5269775390625,0.9978471994400024,334.6945495605469,610.9791870117188,0.9994795918464661,275.626953125,555.0751342773438,0.9982696771621704,386.22650146484375,557.9110107421875,0.9950359463691711,726.2459716796875,491.798095703125,0.9661330580711365,756.787353515625,715.3931274414062,0.9998459815979004,688.7538452148438,588.0267944335938,0.9902043342590332,786.961669921875,571.4319458007812,0.9860703349113464,1050.8460693359375,547.3484497070312,0.5928661823272705,974.9352416992188,464.3340759277344,0.8089767694473267,952.7730712890625,453.4688720703125,0.9323576092720032,879.3360595703125,420.2333679199219,0.9886370301246643,949.79541015625,426.30609130859375,0.4508984088897705,907.8377075195312,495.14569091796875,0.6011050939559937,867.2177124023438,372.1091003417969,0.7447055578231812,808.2515258789062,435.5174560546875,0.9757577776908875,800.7130126953125,376.3514709472656,0.9325693845748901,653.6539306640625,327.0443420410156,0.9567422866821289,511.6164855957031,411.12371826171875,0.9786191582679749
581,85.34586334228516,117.68665313720703,0.999675989151001,1000.3109130859375,80.41588592529297,0.9998869895935059,89.85526275634766,1029.07958984375,0.999871015548706,1022.744140625,1021.2362670898438,0.9995033740997314,332.47052001953125,498.2939453125,0.9973331689834595,335.2207946777344,611.006591796875,0.9994432330131531,276.2723083496094,555.3636474609375,0.9984098672866821,386.7191467285156,557.2660522460938,0.9954385161399841,725.0900268554688,492.21380615234375,0.8988749980926514,756.0916137695312,715.96875,0.9999083280563354,691.5731201171875,591.2117309570312,0.9926279187202454,787.7972412109375,573.22314453125,0.9870868921279907,1043.567626953125,553.5474853515625,0.22313612699508667,1008.8790283203125,500.169189453125,0.3624372184276581,948.2778930664062,449.1039123535156,0.7337999939918518,877.388671875,415.2528076171875,0.9758902192115784,948.9238891601562,411.2530212402344,0.08843417465686798,894.0708618164062,495.74798583984375,0.8264472484588623,866.2601318359375,364.2987060546875,0.6622005105018616,809.4625244140625,440.7593688964844,0.9560067057609558,790.4906616210938,369.9386291503906,0.989207923412323,665.67529296875,326.565185546875,0.978076159954071,981.3331909179688,295.5422668457031,0.914283812046051
582,85.49959564208984,116.57239532470703,0.9997014403343201,1001.0812377929688,81.71249389648438,0.9996713399887085,89.98515319824219,1030.0946044921875,0.9999024868011475,1024.0147705078125,1020.063720703125,0.9997739195823669,333.28814697265625,497.6475524902344,0.9968390464782715,335.14105224609375,611.8192749023438,0.9993605017662048,276.10943603515625,552.9063720703125,0.9983229041099548,387.4117736816406,555.91357421875,0.9973039627075195,729.2359619140625,493.1112365722656,0.9076772332191467,756.1433715820312,716.3694458007812,0.9998916387557983,691.3515014648438,592.2650756835938,0.997621476650238,787.8956909179688,569.623046875,0.9895420074462891,1038.5045166015625,537.6527709960938,0.2763875126838684,967.6320190429688,457.8311767578125,0.586104691028595,954.7574462890625,444.6510314941406,0.6968813538551331,872.3760375976562,417.3109436035156,0.9851657748222351,1033.583740234375,424.20770263671875,0.06938095390796661,894.0283203125,490.9888000488281,0.9379669427871704,867.4843139648438,370.84033203125,0.9116541743278503,805.5770874023438,439.1726989746094,0.9971195459365845,790.7443237304688,367.3521423339844,0.9799250364303589,668.9404907226562,322.9809875488281,0.987415611743927,516.2030029296875,406.4669189453125,0.8343597054481506
583,85.07334899902344,117.9084243774414,0.9980244636535645,1001.4273681640625,80.84898376464844,0.9998113512992859,89.47208404541016,1029.4351806640625,0.9998762607574463,1022.2788696289062,1021.524169921875,0.9993289709091187,332.8720397949219,497.9794921875,0.9971387386322021,335.28265380859375,610.5614624023438,0.9992693066596985,276.2852478027344,553.8131713867188,0.9984152317047119,386.5052795410156,555.0169067382812,0.9977445602416992,723.9896850585938,496.554443359375,0.878140389919281,755.8563232421875,715.7401123046875,0.9998915195465088,692.18115234375,587.6605224609375,0.9951767921447754,787.2406005859375,566.2098999023438,0.9860490560531616,1086.8917236328125,458.9227294921875,0.12026531994342804,1000.813232421875,487.46661376953125,0.6947664022445679,962.7984619140625,444.121826171875,0.6936328411102295,872.65185546875,416.9368896484375,0.9716101288795471,1003.4173583984375,533.0314331054688,0.21931955218315125,993.6277465820312,396.56268310546875,0.487297385931015,863.11669921875,364.2930603027344,0.9017825126647949,805.59716796875,442.2245178222656,0.989273726940155,789.3626098632812,365.842041015625,0.9985247254371643,669.8352661132812,321.6632385253906,0.9894726872444153,519.5219116210938,399.147216796875,0.9577423930168152
584,87.14774322509766,115.59803009033203,0.9986862540245056,999.8863525390625,78.71682739257812,0.9997867941856384,89.52147674560547,1030.6285400390625,0.9998793601989746,1024.0963134765625,1021.3544921875,0.9995821118354797,333.8304138183594,498.05328369140625,0.9967902302742004,334.6789245605469,610.4412231445312,0.999204695224762,276.5423583984375,554.236328125,0.9982095956802368,386.25225830078125,556.243896484375,0.9969784021377563,726.919677734375,494.1588439941406,0.9133096933364868,755.8806762695312,716.139892578125,0.9998456239700317,693.6400756835938,591.4977416992188,0.9960522055625916,787.299072265625,568.6979370117188,0.9930746555328369,812.198974609375,455.3274230957031,0.13457170128822327,1006.8273315429688,480.7096252441406,0.37166082859039307,958.8062133789062,437.2039489746094,0.37909039855003357,873.2923583984375,409.9721984863281,0.9933829307556152,944.718994140625,401.4471130371094,0.10649188607931137,890.550048828125,486.60455322265625,0.7212390899658203,867.037841796875,359.5899658203125,0.9320119619369507,804.2393188476562,439.06378173828125,0.9586434960365295,795.6290893554688,365.0079345703125,0.9924904704093933,670.6006469726562,319.2029724121094,0.9895765781402588,519.5738525390625,393.11468505859375,0.98553466796875
585,86.66686248779297,117.21157836914062,0.9993522763252258,1001.5245971679688,81.22306823730469,0.9998201727867126,89.18446350097656,1030.58349609375,0.9998315572738647,1022.8331298828125,1021.29345703125,0.999487042427063,334.6809387207031,498.6309814453125,0.9980766773223877,333.2539978027344,610.2986450195312,0.9991961121559143,276.0734558105469,553.313232421875,0.9990777969360352,385.8568115234375,557.0775146484375,0.9958019852638245,724.1492919921875,497.7872314453125,0.8999126553535461,756.1323852539062,715.861572265625,0.9998440742492676,692.3265380859375,590.2888793945312,0.9985853433609009,788.1986083984375,569.6227416992188,0.9905468225479126,1088.5498046875,452.9850769042969,0.16640198230743408,994.993408203125,471.38616943359375,0.6195945739746094,956.6026611328125,434.6438293457031,0.6915913820266724,879.1536254882812,409.61920166015625,0.97930908203125,1031.4111328125,411.61260986328125,0.052536483854055405,883.8831787109375,486.2829895019531,0.48746567964553833,876.0237426757812,361.1322326660156,0.7818499207496643,812.5020751953125,438.4538879394531,0.9708451628684998,794.93115234375,364.1241149902344,0.9806132316589355,669.4592895507812,319.6344299316406,0.9705026745796204,518.1265258789062,394.6141052246094,0.9873573780059814
586,86.13933563232422,116.79854583740234,0.9997480511665344,1000.4503173828125,78.83029174804688,0.9997270703315735,89.6807861328125,1029.72607421875,0.9998677968978882,1022.86328125,1021.1435546875,0.9994736313819885,333.7406921386719,498.4542541503906,0.9990203380584717,334.1279296875,611.1329956054688,0.9991884827613831,276.3110656738281,555.2061767578125,0.9990257024765015,386.5335388183594,556.5043334960938,0.9948967099189758,718.3163452148438,497.34576416015625,0.9334878325462341,757.064697265625,714.9216918945312,0.9998432397842407,690.4227905273438,590.8871459960938,0.9976771473884583,788.3123779296875,570.9969482421875,0.9916975498199463,1088.728515625,452.13714599609375,0.31172940135002136,964.973388671875,435.7467346191406,0.7950371503829956,950.5889282226562,429.9153747558594,0.7160773873329163,870.5331420898438,408.46075439453125,0.9868927597999573,939.2145385742188,399.9914855957031,0.19324365258216858,854.287353515625,466.94085693359375,0.06367169320583344,866.765380859375,359.5567932128906,0.7570592164993286,814.5404663085938,434.4807434082031,0.9119244813919067,794.7564086914062,363.05511474609375,0.9934366345405579,664.1973876953125,314.32623291015625,0.9382002353668213,521.6641235351562,384.5867919921875,0.9986409544944763
587,86.09783935546875,116.15934753417969,0.9989750385284424,999.0615234375,78.44672393798828,0.9999035596847534,90.45767974853516,1028.6182861328125,0.9998568296432495,1023.7021484375,1021.1835327148438,0.9994252920150757,334.5335693359375,498.8580017089844,0.9983686804771423,333.54058837890625,611.0804443359375,0.9995113611221313,276.2008056640625,555.0543823242188,0.9988565444946289,385.6479797363281,558.4948120117188,0.9963380098342896,729.9841918945312,492.32574462890625,0.8772364854812622,756.9036254882812,715.78076171875,0.9997835755348206,688.739013671875,590.1826171875,0.9975312948226929,787.6219482421875,573.394287109375,0.991209864616394,813.6583251953125,457.27484130859375,0.06574980914592743,1080.0047607421875,435.9140319824219,0.1465582698583603,960.6472778320312,436.9646911621094,0.4674781262874603,875.416259765625,410.4432678222656,0.9937698245048523,971.0211791992188,478.19818115234375,0.0863918736577034,1042.332763671875,480.5589904785156,0.7662358283996582,991.2217407226562,387.7988586425781,0.6406360864639282,804.9215698242188,433.7835388183594,0.9232628345489502,794.6072387695312,366.0975646972656,0.9692043662071228,659.2467651367188,313.1781921386719,0.9520540237426758,514.9829711914062,391.6618957519531,0.9832350015640259
588,85.93345642089844,116.8499984741211,0.999038577079773,999.727294921875,77.66524505615234,0.9998244643211365,90.84795379638672,1028.6278076171875,0.999876856803894,1023.7227783203125,1020.9744873046875,0.9996108412742615,333.3428955078125,498.88702392578125,0.9989866614341736,334.69378662109375,610.9026489257812,0.9991340041160583,276.2455139160156,554.6299438476562,0.9984063506126404,386.3562927246094,556.4251708984375,0.9946558475494385,731.5350341796875,493.7729797363281,0.9003044962882996,756.5162353515625,713.7393188476562,0.9996857643127441,690.7203369140625,588.6024780273438,0.9982768297195435,787.9346313476562,568.7305908203125,0.9861469864845276,812.8311157226562,457.0115966796875,0.09070533514022827,995.5625610351562,389.2524719238281,0.4873482882976532,973.5924682617188,403.1851806640625,0.24608276784420013,888.5318603515625,419.4132385253906,0.9229328632354736,953.493896484375,389.0909118652344,0.5675760507583618,1066.934814453125,472.2205810546875,0.12918998301029205,869.4910888671875,366.1439208984375,0.7423566579818726,805.85107421875,434.08709716796875,0.9926618337631226,796.6199951171875,368.1994934082031,0.7388529181480408,663.84326171875,318.6617126464844,0.946575939655304,522.1995239257812,377.92620849609375,0.9930150508880615
589,86.91619110107422,116.92779541015625,0.999702513217926,998.6343994140625,77.49358367919922,0.9999159574508667,89.11703491210938,1028.864990234375,0.9999271631240845,1021.0707397460938,1021.6981201171875,0.9989633560180664,333.6075744628906,498.05999755859375,0.998042106628418,333.6455383300781,610.345703125,0.9994240999221802,276.3381042480469,552.3933715820312,0.9986844658851624,386.561279296875,557.1109619140625,0.9936650991439819,719.8663330078125,496.5922546386719,0.8098468780517578,756.3079833984375,714.3975219726562,0.9996274709701538,690.8933715820312,588.7627563476562,0.9977437257766724,787.5759887695312,567.6483154296875,0.9880551695823669,1081.882568359375,342.8525390625,0.03026796504855156,1027.3878173828125,372.9555969238281,0.8510943651199341,995.7601928710938,388.1018371582031,0.2539658844470978,918.3314819335938,434.6180725097656,0.972480058670044,1036.7689208984375,439.75726318359375,0.632265567779541,1008.98681640625,481.71783447265625,0.6190058588981628,871.7243041992188,390.31817626953125,0.41958320140838623,813.0156860351562,442.239501953125,0.9777194261550903,810.5902709960938,394.329345703125,0.3969802260398865,672.9326782226562,325.7060852050781,0.9668203592300415,517.153564453125,386.3953857421875,0.9643425941467285
590,85.88221740722656,117.5836181640625,0.9995216131210327,999.7787475585938,80.86479949951172,0.9999561309814453,89.43450927734375,1029.13427734375,0.9998980760574341,1023.68310546875,1021.0548706054688,0.9997829794883728,334.6071472167969,498.42047119140625,0.9981034994125366,331.6806335449219,609.813232421875,0.9987269043922424,275.82379150390625,552.072998046875,0.9989522695541382,386.16748046875,558.607421875,0.9955732822418213,729.1109008789062,495.4800109863281,0.9297078251838684,756.3432006835938,714.2138671875,0.9997499585151672,691.1725463867188,590.2711181640625,0.9967843294143677,787.6334228515625,567.7884521484375,0.995055079460144,1075.510986328125,347.80792236328125,0.027226561680436134,1036.661376953125,366.59710693359375,0.5604709386825562,998.8510131835938,389.382568359375,0.0981728732585907,921.9038696289062,424.670654296875,0.9623050093650818,1058.9736328125,432.3637390136719,0.5270839333534241,1005.4965209960938,477.08154296875,0.45813292264938354,883.3641357421875,377.7553405761719,0.8046039938926697,818.6434936523438,450.01788330078125,0.8916196227073669,816.5877685546875,393.07904052734375,0.5838564038276672,671.2649536132812,341.0024719238281,0.8423042893409729,540.4127197265625,355.28692626953125,0.5056903958320618
591,86.64305877685547,118.31080627441406,0.9996681213378906,1001.0040283203125,80.44670104980469,0.9998202919960022,89.77857208251953,1029.8232421875,0.9998624324798584,1022.649658203125,1021.3038330078125,0.9992421865463257,332.6250915527344,498.9734191894531,0.9978575110435486,334.1731872558594,610.2141723632812,0.9993933439254761,276.53076171875,553.9915771484375,0.9990884065628052,386.4963684082031,558.0519409179688,0.9956585168838501,729.9207763671875,494.8996276855469,0.9584029912948608,757.3812255859375,715.513916015625,0.9996190071105957,692.5772094726562,587.1455078125,0.9979853630065918,788.4472045898438,570.4740600585938,0.9882921576499939,1078.1767578125,328.1806640625,0.19809897243976593,1058.0498046875,352.9993896484375,0.6588394641876221,1061.169921875,442.49505615234375,0.3136442005634308,914.3150634765625,435.7201843261719,0.9793368577957153,968.9461059570312,376.7105407714844,0.6962659358978271,967.8643798828125,495.13397216796875,0.6369089484214783,883.3713989257812,380.9979248046875,0.7279857993125916,828.0652465820312,445.3608093261719,0.9078118205070496,818.3726196289062,391.4408874511719,0.32888323068618774,703.8981323242188,354.5018615722656,0.8702988624572754,534.4299926757812,379.6181640625,0.8621906638145447
592,86.37693786621094,117.98587036132812,0.9996920824050903,999.5551147460938,80.52847290039062,0.999904990196228,89.5216293334961,1029.221923828125,0.9998712539672852,1020.9813842773438,1020.7218017578125,0.999650239944458,334.766357421875,498.62933349609375,0.9962095022201538,331.93365478515625,610.7800903320312,0.9991557598114014,275.9239807128906,553.689453125,0.998855471611023,386.0091247558594,560.1671142578125,0.9973251819610596,721.7120971679688,496.807373046875,0.9523652195930481,756.7583618164062,715.2323608398438,0.9998365640640259,691.3472290039062,591.0576782226562,0.9976956248283386,789.836669921875,569.7366333007812,0.9880220890045166,828.308349609375,458.229736328125,0.2418527901172638,1065.4669189453125,353.0521240234375,0.7229688763618469,1066.120849609375,445.4495849609375,0.26617318391799927,931.310302734375,438.2356262207031,0.99357670545578,991.0650634765625,355.3702392578125,0.7399373650550842,997.1755981445312,453.5301513671875,0.5641854405403137,894.1845092773438,382.3773498535156,0.9262501001358032,833.781494140625,449.2828063964844,0.5117709636688232,833.6360473632812,400.0489501953125,0.973118245601654,693.69775390625,358.5155944824219,0.619900643825531,538.3189086914062,389.47589111328125,0.9281488060951233
593,84.6778793334961,118.51593780517578,0.999618411064148,999.8060302734375,78.05775451660156,0.9998619556427002,89.17082214355469,1027.911376953125,0.9998375177383423,1021.8438720703125,1020.5775146484375,0.9995402097702026,335.138427734375,498.52496337890625,0.9960980415344238,334.1672058105469,610.6697998046875,0.9993663430213928,276.25518798828125,554.4060668945312,0.99777752161026,386.5471496582031,557.923095703125,0.9974899291992188,717.711669921875,496.1451110839844,0.9867103695869446,756.6214599609375,714.4845581054688,0.9998846054077148,690.7432250976562,591.1129760742188,0.9979029893875122,786.7578735351562,568.1610107421875,0.9913294315338135,831.8668823242188,469.3417053222656,0.12183821946382523,1066.11083984375,357.8568420410156,0.8131191730499268,1042.1881103515625,365.0635070800781,0.7159591317176819,942.5513305664062,439.93182373046875,0.9914723038673401,991.1622314453125,353.343505859375,0.744469165802002,1050.48681640625,481.8964538574219,0.8878421783447266,919.015869140625,392.63262939453125,0.7875412106513977,846.843505859375,454.25421142578125,0.501774787902832,840.2195434570312,404.3667907714844,0.9178546667098999,685.5935668945312,370.13360595703125,0.7852543592453003,522.37353515625,396.24432373046875,0.9191259741783142
594,86.2250747680664,117.64412689208984,0.9997711777687073,1002.2781982421875,79.99931335449219,0.999675989151001,90.66754913330078,1029.2828369140625,0.9998024106025696,1020.9271240234375,1020.9619750976562,0.9992125034332275,332.7939147949219,498.5650329589844,0.9975269436836243,335.3797607421875,609.829833984375,0.9989111423492432,275.6829528808594,555.5750122070312,0.9983377456665039,385.6143493652344,555.0670776367188,0.9962280988693237,718.4737548828125,496.6575622558594,0.9925200939178467,756.0558471679688,713.8949584960938,0.9998481273651123,689.0216064453125,591.10498046875,0.9981576800346375,788.1714477539062,569.3921508789062,0.9884051084518433,832.7841796875,475.5531921386719,0.2231132686138153,1067.3218994140625,366.7609558105469,0.7705091834068298,1038.743896484375,378.93902587890625,0.5549646615982056,936.301513671875,448.9729309082031,0.9897854924201965,996.6416015625,359.7495422363281,0.3876377046108246,1050.7921142578125,491.442626953125,0.3973098695278168,983.0543212890625,504.2067565917969,0.9228262901306152,983.23681640625,427.141845703125,0.2876420319080353,842.371826171875,414.1602478027344,0.5177677273750305,749.697265625,389.5363464355469,0.2534465789794922,542.2100830078125,388.38458251953125,0.5951314568519592
595,84.9210205078125,116.74236297607422,0.9996402263641357,999.304443359375,80.44086456298828,0.9999434947967529,88.91310119628906,1030.424560546875,0.999848484992981,1020.7267456054688,1020.4570922851562,0.9990335702896118,333.3099060058594,498.3110046386719,0.9963476061820984,335.6905822753906,609.7965087890625,0.9990203380584717,275.9258117675781,555.3737182617188,0.9988872408866882,385.5644836425781,554.9356689453125,0.9956035614013672,716.9323120117188,496.5716552734375,0.9838832020759583,757.5341186523438,713.6065673828125,0.9998663663864136,690.3181762695312,592.1515502929688,0.9983119964599609,787.7403564453125,569.6390380859375,0.9823774099349976,831.6668701171875,482.90673828125,0.36125874519348145,1053.7431640625,378.2669372558594,0.4525079131126404,1036.358642578125,385.220703125,0.3351282775402069,946.4373168945312,454.325439453125,0.7190176844596863,995.1486206054688,365.0203552246094,0.8266333341598511,980.047607421875,509.68658447265625,0.25035208463668823,968.8150634765625,505.4324035644531,0.75489741563797,985.2125854492188,432.14227294921875,0.7134151458740234,846.1575317382812,418.6109924316406,0.2843773365020752,682.93505859375,387.4696044921875,0.4023604989051819,537.3829345703125,388.84454345703125,0.7376623153686523
596,86.26459503173828,116.75989532470703,0.9994491934776306,998.9760131835938,79.54275512695312,0.9998072981834412,89.98538970947266,1030.4755859375,0.9997174143791199,1022.8906860351562,1021.1651000976562,0.9997254014015198,334.2445373535156,498.0449523925781,0.9979769587516785,334.8114929199219,611.1046142578125,0.9994738698005676,276.2754211425781,554.3871459960938,0.9988377690315247,385.85919189453125,556.5548095703125,0.9952645301818848,719.1987915039062,494.89007568359375,0.9608151316642761,756.4218139648438,714.5223388671875,0.9999070167541504,690.4520263671875,591.337646484375,0.9985381364822388,787.3735961914062,569.46533203125,0.9666792750358582,839.237548828125,480.9399719238281,0.20754200220108032,1051.007568359375,375.3863830566406,0.7912891507148743,1032.4249267578125,388.1893005371094,0.6192245483398438,941.5223999023438,459.7523193359375,0.9470386505126953,990.3202514648438,372.7596435546875,0.6654521822929382,1011.0576171875,482.17510986328125,0.23272643983364105,907.18896484375,397.7436828613281,0.7988183498382568,910.1610717773438,389.255126953125,0.03512519598007202,843.9950561523438,415.14739990234375,0.6513407230377197,685.5680541992188,386.6468200683594,0.7074334025382996,523.55517578125,396.6065979003906,0.8265318274497986
597,85.03231811523438,116.94258117675781,0.9999022483825684,998.5560302734375,77.06844329833984,0.9999452829360962,90.27978515625,1030.5491943359375,0.9998227953910828,1022.7515258789062,1021.155029296875,0.9995040893554688,334.8329772949219,498.2393493652344,0.9976571798324585,333.7716979980469,610.6336059570312,0.9992567896842957,276.0842590332031,553.8621215820312,0.9984076619148254,385.97113037109375,557.1620483398438,0.9915493726730347,717.78857421875,495.68682861328125,0.977853000164032,756.330322265625,714.9886474609375,0.9998898506164551,689.990478515625,591.277099609375,0.998676598072052,786.2820434570312,566.6531982421875,0.9885431528091431,1084.598876953125,350.6010437011719,0.14068329334259033,1053.770751953125,371.4144287109375,0.740561306476593,1067.380859375,479.65435791015625,0.3978426158428192,936.948974609375,460.2129211425781,0.8461887836456299,996.0057373046875,365.1141052246094,0.7723473906517029,1048.7783203125,492.0249938964844,0.1997826248407364,985.5560913085938,513.0859985351562,0.9559581279754639,848.6142578125,469.2252197265625,0.11508331447839737,836.977294921875,417.66705322265625,0.8428842425346375,693.9398803710938,388.3089904785156,0.679875910282135,600.8523559570312,385.8547058105469,0.49333250522613525
598,85.87077331542969,117.90435791015625,0.9995126724243164,998.28369140625,76.85675811767578,0.9999111890792847,89.60955810546875,1030.510009765625,0.9998922348022461,1023.0770263671875,1022.23046875,0.9996674060821533,335.1458740234375,498.2086486816406,0.9979978203773499,333.25860595703125,610.8348388671875,0.999446451663971,276.3760681152344,553.1043090820312,0.9992526173591614,386.6168518066406,558.7813110351562,0.996569037437439,719.4461059570312,496.3805847167969,0.9705462455749512,757.0296630859375,714.6857299804688,0.9998819828033447,690.035400390625,593.113037109375,0.9978781938552856,787.6571044921875,569.0728149414062,0.9936473965644836,840.3496704101562,491.1228332519531,0.10959866642951965,1038.4434814453125,375.1927795410156,0.06458572298288345,1054.792236328125,411.3648376464844,0.4489123225212097,927.9159545898438,461.7331848144531,0.384663850069046,1017.2874145507812,375.9338073730469,0.0839180052280426,1052.99267578125,491.3461608886719,0.14928646385669708,978.2642822265625,506.7476806640625,0.29937025904655457,856.4247436523438,483.7416076660156,0.5124486684799194,835.7344360351562,420.6496276855469,0.9950752854347229,694.9835815429688,387.80548095703125,0.5822432041168213,578.5516967773438,382.84521484375,0.898876428604126
599,86.15794372558594,116.93428802490234,0.9997182488441467,997.2481079101562,77.46024322509766,0.9998680353164673,89.49776458740234,1029.5040283203125,0.9998992681503296,1021.6328125,1020.5096435546875,0.9992054104804993,333.0907897949219,498.78765869140625,0.9978014826774597,334.2642822265625,611.5947875976562,0.9990361928939819,275.960205078125,554.8222045898438,0.9990655779838562,385.78887939453125,557.810791015625,0.9941585063934326,718.0428466796875,495.66717529296875,0.9731948971748352,758.0532836914062,714.3927612304688,0.9997935891151428,692.80517578125,591.9166259765625,0.9990690350532532,782.9478759765625,571.3693237304688,0.9919285774230957,1080.355224609375,308.8785705566406,0.10659884661436081,1050.611328125,343.6159362792969,0.9856293797492981,1042.5906982421875,356.827392578125,0.9036211371421814,937.1703491210938,442.71722412109375,0.9705103039741516,997.5074462890625,360.314208984375,0.7642687559127808,1035.87060546875,478.444091796875,0.7131446003913879,945.109375,397.31927490234375,0.7446884512901306,841.465087890625,473.4948425292969,0.6030391454696655,808.542236328125,418.1561279296875,0.7184766530990601,683.2324829101562,384.32550048828125,0.7399976253509521,551.4973754882812,374.0590515136719,0.9940014481544495
600,84.81842803955078,121.21823120117188,0.9989610910415649,999.1426391601562,80.23967742919922,0.9999388456344604,91.49891662597656,1029.8548583984375,0.9999219179153442,1021.3582763671875,1021.661865234375,0.9994638562202454,332.1730041503906,498.92498779296875,0.9978578686714172,335.0139465332031,611.06787109375,0.9988260865211487,276.8336181640625,555.9232177734375,0.9990875720977783,386.19586181640625,556.642578125,0.9964044094085693,718.0924072265625,496.22064208984375,0.967627227306366,756.6348876953125,714.0367431640625,0.9997974038124084,689.6785278320312,588.8853149414062,0.9978118538856506,788.0670776367188,567.6524658203125,0.9834315180778503,1076.1436767578125,279.5670166015625,0.030164780095219612,1036.989501953125,317.36077880859375,0.977967381477356,1018.2758178710938,339.6583251953125,0.44793397188186646,886.8478393554688,442.51763916015625,0.7157273292541504,991.9723510742188,347.3374938964844,0.9795246720314026,1065.83447265625,409.1908264160156,0.6329866051673889,906.9143676757812,399.37359619140625,0.9520719647407532,871.8289184570312,514.5064086914062,0.6379837393760681,788.3695068359375,405.5797424316406,0.9989392161369324,668.5899047851562,381.5607604980469,0.9704820513725281,530.069091796875,367.1282043457031,0.9987993240356445
601,86.3446044921875,118.7055435180664,0.999729335308075,998.8321533203125,77.57846069335938,0.9999372959136963,89.10162353515625,1029.57861328125,0.9998685121536255,1019.7814331054688,1020.0955810546875,0.9992873072624207,333.58905029296875,498.9019775390625,0.9973908066749573,335.55572509765625,611.1234741210938,0.9991763234138489,275.759521484375,556.3645629882812,0.999136745929718,387.22723388671875,558.0401000976562,0.9936018586158752,717.5020141601562,498.3045349121094,0.9933803081512451,755.4074096679688,713.5995483398438,0.9998602867126465,689.6106567382812,592.5758056640625,0.9988868832588196,790.6985473632812,564.7821044921875,0.9911713004112244,1059.6141357421875,239.68405151367188,0.20347610116004944,1024.6539306640625,296.03167724609375,0.9462437629699707,1005.7622680664062,324.2821960449219,0.9968125224113464,945.78369140625,421.97711181640625,0.8290504217147827,958.85400390625,349.5888671875,0.9434115290641785,1042.7625732421875,416.727294921875,0.46588510274887085,888.244140625,393.0108642578125,0.7062562704086304,788.1731567382812,462.7371520996094,0.7226967215538025,764.6439819335938,409.0736389160156,0.9960278272628784,623.8834838867188,375.8065490722656,0.8998593688011169,521.053466796875,364.44158935546875,0.9979686141014099
602,86.24526977539062,116.51220703125,0.9997268319129944,999.5343017578125,80.52457427978516,0.9999364614486694,90.7545394897461,1029.6234130859375,0.9998362064361572,1020.8963623046875,1019.522216796875,0.9990035891532898,332.6257629394531,498.7794494628906,0.9964290261268616,334.7687683105469,610.7186279296875,0.9992918968200684,275.8359069824219,555.5211181640625,0.9986922144889832,387.14031982421875,556.4446411132812,0.9962511658668518,720.590576171875,500.17242431640625,0.9867635369300842,755.157958984375,713.0951538085938,0.9998190999031067,690.1831665039062,592.065185546875,0.998731791973114,781.5670776367188,572.46826171875,0.9980877041816711,1015.6088256835938,221.27796936035156,0.3442804515361786,999.151611328125,253.85215759277344,0.9385193586349487,987.4443969726562,277.9748840332031,0.9795905351638794,908.2534790039062,421.28564453125,0.8321486115455627,926.326171875,488.19366455078125,0.9304126501083374,1038.8463134765625,342.2274475097656,0.513664186000824,841.1598510742188,384.5185546875,0.7852914333343506,783.365966796875,481.9696960449219,0.664040744304657,734.206298828125,423.4819030761719,0.9951582551002502,626.9090576171875,394.7085876464844,0.20112136006355286,517.9281005859375,381.8757019042969,0.5964533090591431
603,87.3614730834961,115.76902770996094,0.9997703433036804,998.4920654296875,79.97502136230469,0.999879002571106,90.25465393066406,1029.9844970703125,0.9999163150787354,1020.596923828125,1020.1273803710938,0.9993088245391846,334.1278991699219,498.497314453125,0.9963551759719849,336.0830078125,611.0830078125,0.9992407560348511,275.62213134765625,555.381103515625,0.9980302453041077,387.7021789550781,556.581787109375,0.9981421232223511,715.0582885742188,501.8626403808594,0.9523438811302185,754.7648315429688,713.0067749023438,0.9997527003288269,690.6603393554688,591.5698852539062,0.9979105591773987,784.9432983398438,572.6333618164062,0.9857102632522583,972.6664428710938,173.02426147460938,0.9902793765068054,976.7044067382812,211.61959838867188,0.9924277663230896,965.6807250976562,238.49465942382812,0.9972847700119019,927.365478515625,353.1911926269531,0.7668737769126892,916.0989990234375,270.4560241699219,0.9749006628990173,1005.623291015625,298.3170471191406,0.8199167251586914,804.1190185546875,384.1535949707031,0.9638077616691589,840.2933349609375,488.48980712890625,0.33630046248435974,721.5050659179688,423.7637023925781,0.9919752478599548,598.3761596679688,422.78668212890625,0.9685472249984741,458.5652160644531,363.5335998535156,0.8638260364532471
604,84.48209381103516,119.23726654052734,0.9993566870689392,1001.2631225585938,80.71717834472656,0.9996932744979858,89.95480346679688,1029.8355712890625,0.9998927116394043,1023.4721069335938,1019.1856079101562,0.9997609257698059,334.3597106933594,498.4205322265625,0.9969877600669861,334.9515686035156,611.6380004882812,0.999215841293335,276.13311767578125,554.3676147460938,0.9993516802787781,387.157958984375,555.4151611328125,0.9961113333702087,721.4335327148438,495.4410705566406,0.592697024345398,754.985595703125,714.6065673828125,0.9997813105583191,689.081787109375,592.0751342773438,0.9971201419830322,784.7090454101562,564.3588256835938,0.98247230052948,949.5237426757812,118.30425262451172,0.9580221772193909,954.0948486328125,147.2574920654297,0.9940348267555237,949.483642578125,172.28994750976562,0.9963178634643555,903.8713989257812,351.7197570800781,0.964177668094635,902.1780395507812,233.1585235595703,0.9310522675514221,982.5672607421875,258.84832763671875,0.5683427453041077,808.1932373046875,361.53033447265625,0.8801757097244263,872.954345703125,469.0711669921875,0.8753247261047363,736.4440307617188,427.2720947265625,0.9685916304588318,600.6885986328125,422.0967712402344,0.7100954055786133,482.86297607421875,396.570068359375,0.9528337121009827
605,84.77243041992188,116.77517700195312,0.999744713306427,1000.263427734375,80.59779357910156,0.9994753003120422,89.76821899414062,1029.1611328125,0.9999051094055176,1024.0833740234375,1020.838134765625,0.9996104836463928,335.58447265625,497.71636962890625,0.996971845626831,334.3391418457031,611.0755615234375,0.9993308782577515,275.6621398925781,555.2353515625,0.9989387392997742,387.9158935546875,557.1774291992188,0.9975329637527466,724.1112060546875,498.4004821777344,0.9387335181236267,756.1268920898438,714.8831176757812,0.9995291233062744,691.3580322265625,591.87548828125,0.9961036443710327,784.6380615234375,574.287353515625,0.9901367425918579,934.6234130859375,67.18721771240234,0.9978354573249817,936.6339111328125,131.42945861816406,0.9984332919120789,934.1660766601562,153.59918212890625,0.9948924779891968,908.8414306640625,308.89208984375,0.6822686791419983,879.796630859375,206.71914672851562,0.9507559537887573,979.2640380859375,201.93475341796875,0.421010285615921,811.1575927734375,351.4376525878906,0.9789323210716248,879.1828002929688,205.26376342773438,0.9603986740112305,784.1781616210938,426.33056640625,0.9602972269058228,660.1369018554688,435.6915283203125,0.8352640867233276,475.1466064453125,400.6452331542969,0.8801212310791016
606,85.23580169677734,116.7270736694336,0.999913215637207,1001.4968872070312,79.76107788085938,0.9969255328178406,89.439208984375,1029.5003662109375,0.999839186668396,1024.838623046875,1020.3490600585938,0.9998175501823425,334.7499084472656,497.77020263671875,0.9973268508911133,334.71728515625,611.8108520507812,0.9995645880699158,276.0561218261719,555.209716796875,0.9991713762283325,387.70849609375,556.1508178710938,0.9957963228225708,713.31787109375,502.5064392089844,0.9418936967849731,756.3759155273438,713.5462036132812,0.9995415210723877,692.9277954101562,595.8869018554688,0.998893678188324,779.6474609375,572.5198974609375,0.9947484135627747,933.2158813476562,41.8593864440918,0.9947792291641235,934.461669921875,114.98635864257812,0.9983912110328674,928.2998657226562,138.92379760742188,0.9988773465156555,911.3693237304688,267.7912902832031,0.9938302636146545,923.3450317382812,394.6002502441406,0.7936850190162659,838.3214111328125,354.45745849609375,0.9226469993591309,836.5572509765625,346.90155029296875,0.1563502699136734,862.7661743164062,197.91981506347656,0.12747807800769806,834.144775390625,421.09857177734375,0.6532309651374817,653.1754760742188,438.0589599609375,0.80884850025177,533.490478515625,427.58917236328125,0.948491632938385
607,86.20755004882812,116.81103515625,0.9996788501739502,1001.380615234375,80.01536560058594,0.9951127171516418,90.01661682128906,1028.2857666015625,0.9998713731765747,1024.01171875,1019.8204956054688,0.9998533725738525,334.5364685058594,497.5592956542969,0.9967635869979858,334.9197082519531,611.826904296875,0.9995037317276001,276.54052734375,555.8582763671875,0.9993776679039001,387.4457092285156,556.3734130859375,0.9961081147193909,713.5394287109375,495.99322509765625,0.9938232898712158,755.0645141601562,713.621337890625,0.9993188381195068,690.8179931640625,592.30224609375,0.9981346130371094,782.8612060546875,574.602783203125,0.9941652417182922,929.2608032226562,35.35512924194336,0.9967294931411743,927.6793212890625,108.32998657226562,0.9972825050354004,924.3408203125,131.96408081054688,0.9996713399887085,921.4140014648438,262.7528991699219,0.997259259223938,871.006591796875,174.99374389648438,0.9850296378135681,981.9998168945312,164.2613983154297,0.9906692504882812,859.2484130859375,299.44775390625,0.1299869865179062,961.0535888671875,340.3874816894531,0.6197273135185242,867.3190307617188,421.4783630371094,0.3220911920070648,792.322265625,452.6713562011719,0.5402212738990784,677.2952270507812,488.75830078125,0.7967020869255066
608,85.92448425292969,117.21215057373047,0.9998912811279297,1000.49951171875,83.8345718383789,0.9879534244537354,89.8126220703125,1028.380126953125,0.99991774559021,1022.9232177734375,1020.8421020507812,0.9993687272071838,334.49713134765625,497.1660461425781,0.9975837469100952,334.74749755859375,611.7350463867188,0.9995960593223572,277.0370178222656,554.8779296875,0.9992519021034241,387.5513610839844,558.56640625,0.995866060256958,712.4110107421875,500.5805358886719,0.9849743843078613,755.2748413085938,713.9340209960938,0.9995256662368774,690.7826538085938,595.2839965820312,0.9985973238945007,779.0185546875,572.855712890625,0.9861717820167542,914.4739379882812,7.7275824546813965,0.9870979189872742,925.4038696289062,100.69330596923828,0.8623226881027222,921.9432983398438,124.67453002929688,0.8522765636444092,926.0537719726562,238.98196411132812,0.8202982544898987,871.8480224609375,162.29798889160156,0.9698432683944702,985.7232666015625,168.28172302246094,0.9722762703895569,838.2161254882812,276.0721740722656,0.9826592206954956,969.34716796875,314.6849060058594,0.9303610920906067,886.7208251953125,403.2106628417969,0.46931156516075134,855.7349853515625,473.948486328125,0.8616120219230652,771.143310546875,485.38043212890625,0.15953569114208221
609,87.1727066040039,117.80223846435547,0.9995716214179993,1002.1586303710938,82.4138412475586,0.989785373210907,90.38042449951172,1028.4859619140625,0.9999346733093262,1024.3553466796875,1020.4741821289062,0.9994444251060486,335.2841796875,497.7765197753906,0.9975368976593018,334.5445861816406,611.9822998046875,0.9994173049926758,277.22113037109375,556.2490844726562,0.998999297618866,387.7093200683594,558.8721923828125,0.9966017007827759,725.7262573242188,496.4154357910156,0.8923980593681335,754.762451171875,713.0712890625,0.9995050430297852,678.79296875,573.956787109375,0.26707252860069275,785.58984375,551.6856689453125,0.8111462593078613,898.89208984375,0.555042028427124,0.4280143976211548,903.45361328125,80.69380187988281,0.902514636516571,908.7970581054688,118.34782409667969,0.7367826104164124,915.2928466796875,232.6692657470703,0.9783249497413635,863.0562133789062,112.01612091064453,0.6289517879486084,961.9671630859375,164.5717315673828,0.9639940857887268,845.062255859375,266.43707275390625,0.915723443031311,951.5757446289062,310.74835205078125,0.8444458842277527,895.4299926757812,380.014404296875,0.8259115219116211,894.9439697265625,450.9819641113281,0.9602903723716736,898.1992797851562,501.6054992675781,0.051261793822050095
610,87.32099151611328,115.76549530029297,0.9995715022087097,1001.8504028320312,76.35311889648438,0.9870942234992981,90.21196746826172,1029.220458984375,0.9999150037765503,1024.0499267578125,1020.9400634765625,0.9996943473815918,335.5430908203125,498.1252746582031,0.997602641582489,334.9212646484375,611.9868774414062,0.9994891881942749,276.22418212890625,554.6265258789062,0.9976646900177002,387.72418212890625,558.1702880859375,0.9971725344657898,725.3112182617188,496.6794738769531,0.9612406492233276,754.1412353515625,714.2750244140625,0.999096155166626,682.3931884765625,571.8606567382812,0.6652454137802124,784.6804809570312,543.3435668945312,0.8782268166542053,887.8311157226562,-2.100335121154785,0.2245054841041565,887.8226318359375,50.45656967163086,0.9585915803909302,889.7349853515625,82.55732727050781,0.7784090638160706,895.8309936523438,207.96389770507812,0.9686763286590576,846.9556274414062,114.18059539794922,0.8842589855194092,953.6544799804688,132.9715576171875,0.6422983407974243,839.7640991210938,254.30429077148438,0.7266898155212402,951.8653564453125,256.4300842285156,0.9500832557678223,896.6985473632812,334.97393798828125,0.9664158821105957,911.575927734375,507.9454650878906,0.5220317840576172,815.1611938476562,597.3604736328125,0.3233126103878021
611,84.17544555664062,118.03268432617188,0.9998859167098999,1000.617919921875,77.9359359741211,0.997428834438324,89.73204803466797,1029.6600341796875,0.9998705387115479,1022.9113159179688,1021.3457641601562,0.9993903636932373,335.4845886230469,498.0962829589844,0.9981684684753418,332.9965515136719,610.395263671875,0.9991540908813477,276.5320739746094,553.9754028320312,0.9979788661003113,387.73681640625,557.5164184570312,0.9959698915481567,718.7991333007812,499.2196960449219,0.9958606362342834,755.2280883789062,714.3056030273438,0.999723494052887,693.7799682617188,594.7765502929688,0.9987406134605408,785.3189086914062,559.5530395507812,0.9663649201393127,888.7164306640625,-2.2117481231689453,0.04619954898953438,887.0587158203125,28.422557830810547,0.9776502847671509,881.3350219726562,54.39537811279297,0.7610244154930115,891.6152954101562,191.0830841064453,0.9657579064369202,834.6576538085938,96.756591796875,0.8877620100975037,925.7131958007812,81.51457214355469,0.22169549763202667,840.162109375,248.13992309570312,0.7865009903907776,956.9703979492188,232.8935089111328,0.9877980351448059,911.7686157226562,325.95166015625,0.9990033507347107,939.06689453125,411.3091735839844,0.8658878207206726,810.2928466796875,602.1184692382812,0.15159057080745697
612,85.77970886230469,119.56658935546875,0.9997615218162537,1000.50244140625,79.64214324951172,0.9886976480484009,91.3576431274414,1029.1610107421875,0.9998929500579834,1023.58740234375,1020.9156494140625,0.9997432827949524,335.29644775390625,498.3851318359375,0.9976909160614014,334.8233337402344,611.76708984375,0.9989644289016724,275.7875061035156,553.5797729492188,0.9976188540458679,388.188720703125,556.1212768554688,0.9963881969451904,721.7130126953125,497.6524353027344,0.9965044260025024,755.632080078125,714.9528198242188,0.9996193647384644,691.5911865234375,595.4766235351562,0.9989264607429504,783.0697631835938,572.66796875,0.974799633026123,891.1324462890625,2.6137471199035645,0.02830679342150688,893.2432250976562,25.711170196533203,0.6449170708656311,884.2518920898438,61.00975799560547,0.4936460852622986,897.8607177734375,191.02879333496094,0.98539137840271,843.2841186523438,80.85697174072266,0.9231772422790527,836.56640625,245.03701782226562,0.07074429094791412,839.0131225585938,244.18313598632812,0.9870239496231079,956.2548217773438,218.99411010742188,0.602794885635376,914.6632080078125,294.29412841796875,0.9914268255233765,954.1571655273438,421.9436950683594,0.9072093367576599,857.055419921875,584.3333129882812,0.15827031433582306
613,86.82816314697266,117.60942077636719,0.999546229839325,998.6611938476562,82.01923370361328,0.9975448250770569,90.49546813964844,1029.1768798828125,0.9999150037765503,1022.9974365234375,1020.2799682617188,0.9997488856315613,335.33929443359375,497.70562744140625,0.9958242177963257,334.560546875,611.8883056640625,0.9992243051528931,275.63311767578125,553.2156982421875,0.9980549812316895,388.6794738769531,558.1130981445312,0.9963009357452393,720.0051879882812,497.7132263183594,0.9927096366882324,755.4100341796875,714.6852416992188,0.9995346069335938,692.4734497070312,597.2454833984375,0.9987899661064148,783.237060546875,569.693115234375,0.9923007488250732,969.4174194335938,1.6381897926330566,0.014362489804625511,914.904052734375,25.4504451751709,0.4042228162288666,912.4725952148438,39.31083297729492,0.8709009885787964,876.677978515625,184.68414306640625,0.6853828430175781,894.728515625,62.60063934326172,0.08632757514715195,936.583251953125,77.05559539794922,0.04762500524520874,834.996826171875,238.1453399658203,0.6822006106376648,923.3585205078125,198.68215942382812,0.790128231048584,917.2540283203125,274.8858642578125,0.998198926448822,949.7633666992188,352.6266784667969,0.9212787747383118,991.9895629882812,569.6298828125,0.5068692564964294
614,85.9107437133789,116.41393280029297,0.999826967716217,996.8890991210938,158.32077026367188,0.3787592947483063,90.51756286621094,1029.431884765625,0.9999078512191772,1023.697998046875,1019.8262939453125,0.9997524619102478,335.3277282714844,497.9557189941406,0.995952844619751,335.539306640625,611.9851684570312,0.9993745684623718,275.8318786621094,554.1075439453125,0.9983238577842712,388.9700012207031,559.470947265625,0.9960124492645264,717.8637084960938,498.72998046875,0.9936983585357666,755.1471557617188,715.1783447265625,0.9997456669807434,691.5587158203125,594.3927001953125,0.9987367987632751,784.429931640625,569.4320068359375,0.9834079146385193,1002.17919921875,0.5140008926391602,0.151898592710495,961.0614624023438,8.858551979064941,0.9446355104446411,941.6646118164062,35.02824401855469,0.5695885419845581,890.2796020507812,164.83718872070312,0.2333705723285675,870.1336059570312,14.651243209838867,0.9146853089332581,979.8513793945312,60.31440734863281,0.6795103549957275,835.3425903320312,241.1553955078125,0.41501185297966003,920.0648193359375,198.07315063476562,0.4402424097061157,916.6748046875,274.7311706542969,0.9993256330490112,962.4967041015625,372.4208679199219,0.8778108358383179,905.5709228515625,564.586181640625,0.3478974401950836
615,87.63703155517578,114.71381378173828,0.9996665716171265,1031.1663818359375,1.455327033996582,0.06153925508260727,90.60575103759766,1028.5006103515625,0.9999105930328369,1022.5591430664062,1020.430419921875,0.9996621608734131,335.0330505371094,497.69677734375,0.9939867258071899,334.5889587402344,610.9453125,0.9994394183158875,275.9150085449219,554.3967895507812,0.9976857900619507,387.9798583984375,557.80029296875,0.9982917904853821,717.1375122070312,498.3160400390625,0.9930496215820312,755.5626831054688,714.1987915039062,0.999680757522583,691.1268920898438,592.6975708007812,0.9982578158378601,783.6788330078125,567.7330932617188,0.9910837411880493,1020.6700439453125,2.296048164367676,0.17392495274543762,977.7951049804688,10.420377731323242,0.9984508752822876,953.809326171875,34.26865005493164,0.9417635202407837,879.1432495117188,188.3609619140625,0.551800549030304,890.623291015625,12.30244255065918,0.9856382012367249,969.2164916992188,85.1108169555664,0.8914448022842407,831.1551513671875,244.7042999267578,0.782288670539856,920.7576904296875,206.414794921875,0.7960762977600098,909.8201293945312,274.46978759765625,0.9991438388824463,962.9215698242188,382.95550537109375,0.9656335115432739,973.9093017578125,485.3920593261719,0.8685365319252014
616,86.56702423095703,116.41399383544922,0.9998200535774231,997.9368286132812,235.09523010253906,0.6560578942298889,90.263671875,1028.1820068359375,0.9999313354492188,1022.1900634765625,1021.2646484375,0.9996824264526367,335.3426513671875,498.0677490234375,0.9978592991828918,334.3388366699219,611.7864379882812,0.9995403289794922,276.6127014160156,554.9065551757812,0.9985507130622864,387.6315612792969,558.0680541992188,0.9954007267951965,718.0653686523438,497.43939208984375,0.9913865327835083,754.9280395507812,714.2326049804688,0.9997715353965759,690.6721801757812,594.5250244140625,0.9984874725341797,784.2322387695312,567.2591552734375,0.9946393370628357,1037.5281982421875,1.9325475692749023,0.02410030923783779,981.348388671875,10.980605125427246,0.9606392979621887,962.6134643554688,31.79181671142578,0.6470881700515747,897.6017456054688,161.49346923828125,0.2280140072107315,897.5908813476562,18.33321189880371,0.6999067664146423,987.5465087890625,74.52339935302734,0.5168683528900146,829.5394287109375,235.55429077148438,0.725904107093811,931.6026000976562,198.0225372314453,0.21387960016727448,907.4160766601562,264.7918701171875,0.9954739212989807,953.9939575195312,380.8819274902344,0.9388802647590637,969.414794921875,543.3184204101562,0.8520854115486145
617,85.89509582519531,116.9224624633789,0.9997064471244812,997.6334228515625,144.55938720703125,0.14992818236351013,89.54486083984375,1029.0167236328125,0.9998078942298889,1023.1036376953125,1021.2113037109375,0.9996980428695679,334.97412109375,497.93621826171875,0.9984533786773682,333.97698974609375,611.9549560546875,0.999152421951294,275.7583923339844,554.91552734375,0.9986302852630615,387.5555725097656,558.255859375,0.996126115322113,719.3551635742188,497.0563049316406,0.9894521236419678,756.0630493164062,714.1904296875,0.9996986389160156,691.4415893554688,596.11474609375,0.9981350898742676,785.0679931640625,567.7061157226562,0.9837499260902405,1053.357421875,2.9175949096679688,0.05204665660858154,1033.055908203125,3.3631300926208496,0.33532267808914185,980.2636108398438,5.98137903213501,0.9226711988449097,889.8399658203125,184.85855102539062,0.6853227615356445,864.5009155273438,46.19647979736328,0.2628367245197296,983.9028930664062,58.302371978759766,0.4055551290512085,850.6053466796875,234.078369140625,0.4725935459136963,952.9271240234375,202.91757202148438,0.8419371247291565,921.1652221679688,262.7911682128906,0.9978752136230469,948.249755859375,337.8428649902344,0.8635520935058594,981.2931518554688,478.3656005859375,0.5427168011665344
618,86.59156799316406,116.74425506591797,0.9996084570884705,1002.2233276367188,81.1012954711914,0.798995852470398,88.20484924316406,1029.8175048828125,0.9998227953910828,1023.445068359375,1021.1079711914062,0.9996060729026794,334.93157958984375,498.11712646484375,0.997864305973053,334.74383544921875,611.704833984375,0.9982654452323914,276.00811767578125,554.0336303710938,0.9978513717651367,388.5077819824219,558.3733520507812,0.9961034059524536,717.4110107421875,496.8070373535156,0.9912965297698975,756.2778930664062,715.0390014648438,0.9996874332427979,691.228759765625,596.5298461914062,0.9972023963928223,785.3309936523438,568.0455932617188,0.9744358062744141,1023.1494140625,2.4928362369537354,0.04977408051490784,968.3883666992188,16.43949317932129,0.527292788028717,958.2945556640625,23.580799102783203,0.6866202354431152,900.364990234375,144.43765258789062,0.46449705958366394,834.14501953125,22.142932891845703,0.44461309909820557,942.7349243164062,61.38173294067383,0.35829856991767883,823.6328125,186.73223876953125,0.2779527008533478,951.3338012695312,201.40878295898438,0.8136085271835327,924.7445678710938,262.4691467285156,0.9981156587600708,963.333984375,360.66619873046875,0.9656995534896851,808.0872192382812,193.7930145263672,0.8991152048110962
619,86.4813232421875,115.07816314697266,0.99947589635849,1001.7387084960938,82.57493591308594,0.9988718628883362,88.40827941894531,1028.8819580078125,0.9997925162315369,1022.0734252929688,1021.3770751953125,0.9998089671134949,335.3592834472656,498.017578125,0.9976047277450562,333.138916015625,611.107666015625,0.9980575442314148,275.6279602050781,553.8278198242188,0.9979921579360962,387.6207580566406,558.093994140625,0.9948209524154663,717.4701538085938,497.62725830078125,0.9940422177314758,756.0173950195312,714.1597290039062,0.9996789693832397,692.1607666015625,598.5071411132812,0.9982349872589111,785.8116455078125,568.056884765625,0.9662867784500122,854.2597045898438,0.5288095474243164,0.12406900525093079,857.9094848632812,54.03129196166992,0.9870266318321228,863.61474609375,75.62266540527344,0.9019964933395386,882.3795166015625,177.66172790527344,0.6033604145050049,822.904296875,100.25675201416016,0.9918484687805176,928.6806030273438,82.07915496826172,0.865824818611145,823.5018310546875,222.2156219482422,0.5011492371559143,953.4241333007812,195.35313415527344,0.3779255449771881,913.6804809570312,262.25677490234375,0.9927051663398743,959.5095825195312,357.61309814453125,0.9230114817619324,985.3497924804688,505.31488037109375,0.8132914304733276
620,85.49113464355469,117.86151123046875,0.9998095631599426,1000.88671875,81.16158294677734,0.9930022358894348,89.87049102783203,1029.207763671875,0.9998910427093506,1023.4387817382812,1020.8612060546875,0.9995261430740356,334.7668151855469,497.86065673828125,0.9982045888900757,333.4162292480469,611.0245971679688,0.9988001585006714,275.70770263671875,554.2845458984375,0.9982450008392334,387.5520935058594,557.2269287109375,0.9969320297241211,720.4161376953125,497.0498046875,0.9926280379295349,755.5620727539062,715.0177612304688,0.9996756315231323,688.9208374023438,595.94873046875,0.9966155886650085,786.1353759765625,567.0822143554688,0.9837082028388977,894.9807739257812,4.418220043182373,0.007579629309475422,894.7018432617188,38.214813232421875,0.08002589643001556,879.77490234375,69.53864288330078,0.42671045660972595,885.4423828125,186.20816040039062,0.8215250372886658,827.3081665039062,96.59672546386719,0.5788145661354065,938.4594116210938,74.09288024902344,0.2144886702299118,815.396728515625,221.6533203125,0.2524769604206085,942.8651733398438,197.9079132080078,0.2364557385444641,919.9985961914062,273.54656982421875,0.9121852517127991,977.827392578125,395.0850524902344,0.9812869429588318,981.200439453125,507.4552307128906,0.8129138946533203
621,84.2962646484375,116.63667297363281,0.9997501969337463,995.6843872070312,123.76912689208984,0.28701168298721313,89.43284606933594,1028.975341796875,0.9998905658721924,1023.0969848632812,1019.9910888671875,0.9995667338371277,334.5000305175781,497.8813781738281,0.9985132813453674,333.440185546875,611.0149536132812,0.9989147186279297,275.8579406738281,554.6699829101562,0.9986907839775085,388.037841796875,557.673095703125,0.9962742328643799,718.3026123046875,497.56695556640625,0.9949367046356201,755.681396484375,715.854248046875,0.9996929168701172,691.2305297851562,595.2591552734375,0.9980865716934204,783.5236206054688,570.8301391601562,0.9877434968948364,831.9536743164062,0.5797011852264404,0.01774134300649166,1003.5150146484375,-1.057138442993164,0.13850264251232147,992.052978515625,-0.024563312530517578,0.31983402371406555,876.3677368164062,188.09339904785156,0.9235138893127441,839.1680908203125,46.031166076660156,0.6453186273574829,1004.518310546875,23.516138076782227,0.5872228741645813,833.1857299804688,243.98390197753906,0.7497181296348572,924.6455078125,204.02267456054688,0.7672133445739746,914.0577392578125,273.2899169921875,0.9893968105316162,977.5055541992188,400.09283447265625,0.8703377842903137,981.1596069335938,503.1603088378906,0.6828335523605347
622,86.62039947509766,115.21106719970703,0.9997958540916443,991.4913940429688,157.08261108398438,0.16413229703903198,89.26631164550781,1030.2872314453125,0.9998867511749268,1022.6121215820312,1020.8124389648438,0.9996210336685181,333.9839782714844,497.8943786621094,0.9983108043670654,334.9989929199219,612.2256469726562,0.9989989399909973,275.7454528808594,556.6548461914062,0.9988112449645996,387.4159240722656,557.9194946289062,0.9967910647392273,719.8480224609375,496.755126953125,0.9969723224639893,755.1943359375,714.9479370117188,0.9996882677078247,690.21044921875,593.646240234375,0.9984679818153381,784.8809814453125,570.8970947265625,0.995303750038147,1005.7418823242188,6.597752571105957,0.14661647379398346,979.4115600585938,36.58035659790039,0.10650735348463058,976.5311279296875,37.59278106689453,0.9274591207504272,863.1170654296875,192.84642028808594,0.49594664573669434,853.154052734375,89.31893920898438,0.9817094206809998,921.860595703125,94.9114761352539,0.688302218914032,833.3598022460938,124.06906127929688,0.13288825750350952,921.4862670898438,210.20582580566406,0.9661189317703247,905.9800415039062,271.38665771484375,0.9760023951530457,974.8741455078125,402.51800537109375,0.9620764255523682,981.5660400390625,497.73602294921875,0.6473763585090637
623,85.36357116699219,116.07425689697266,0.9997276663780212,996.8333129882812,229.9821014404297,0.04486002400517464,89.21293640136719,1031.380126953125,0.9998310804367065,1022.2201538085938,1020.3809204101562,0.9996784925460815,335.7109375,498.0244140625,0.9982696771621704,333.5379943847656,611.073486328125,0.9987223744392395,276.12579345703125,554.9015502929688,0.998342752456665,388.0666198730469,557.6196899414062,0.9976860284805298,722.2219848632812,497.89520263671875,0.998645007610321,754.6470947265625,714.4727172851562,0.9997947812080383,690.9483642578125,592.8532104492188,0.9973963499069214,780.5177612304688,571.924560546875,0.9943617582321167,1035.1397705078125,2.5880751609802246,0.03086954541504383,1000.9058227539062,30.89444351196289,0.20786939561367035,978.3953247070312,47.612735748291016,0.6542179584503174,870.4624633789062,185.63897705078125,0.5855295062065125,869.2344360351562,72.52654266357422,0.7877856492996216,965.8112182617188,91.19196319580078,0.09471526741981506,816.7001953125,209.68846130371094,0.5598961114883423,936.2046508789062,205.3260040283203,0.45593833923339844,909.5978393554688,270.10516357421875,0.9949336647987366,975.80029296875,398.0699768066406,0.9038381576538086,982.8998413085938,488.4300537109375,0.9908223152160645
624,86.25410461425781,117.09272003173828,0.9997556805610657,996.2568969726562,227.89151000976562,0.9831268191337585,88.77511596679688,1029.3905029296875,0.9998946189880371,1023.4100952148438,1020.0691528320312,0.9997534155845642,335.09442138671875,498.03460693359375,0.9985448122024536,333.35162353515625,610.4549560546875,0.9988241791725159,275.7296447753906,554.986328125,0.9975581169128418,387.306640625,557.5138549804688,0.9976294636726379,720.674560546875,498.4013671875,0.996274471282959,755.0322875976562,713.9611206054688,0.9998140931129456,691.4157104492188,594.2849731445312,0.9989437460899353,784.6528930664062,568.9775390625,0.9932562112808228,925.3036499023438,2.0924201011657715,0.011959919705986977,987.6563110351562,49.43757629394531,0.2466869056224823,973.9351196289062,53.83047866821289,0.8809247016906738,893.0621948242188,179.716796875,0.8708005547523499,876.210693359375,77.9441909790039,0.42867758870124817,982.1173706054688,101.77165222167969,0.8163067102432251,817.2662353515625,212.33682250976562,0.73707515001297,939.5546875,213.28433227539062,0.842725396156311,910.90185546875,275.423583984375,0.9969843029975891,975.7730712890625,402.966552734375,0.9551366567611694,969.6486206054688,546.1182861328125,0.8012995719909668
625,83.25382232666016,118.37571716308594,0.9988490343093872,997.643310546875,226.96937561035156,0.9508807063102722,89.39508056640625,1030.1837158203125,0.9998774528503418,1021.2337646484375,1019.7879028320312,0.9994506239891052,334.4248046875,498.11614990234375,0.9981648325920105,334.32818603515625,611.340087890625,0.9986703395843506,276.7608947753906,554.7864379882812,0.9980953335762024,386.78948974609375,556.99560546875,0.9972898960113525,719.5518798828125,498.0513916015625,0.9882311224937439,755.1088256835938,714.159912109375,0.9998277425765991,690.5123901367188,593.0814208984375,0.9984856247901917,781.6311645507812,570.1553344726562,0.9894767999649048,923.3265380859375,2.2616448402404785,0.17196108400821686,983.6001586914062,53.094017028808594,0.07569404691457748,985.118408203125,48.70360565185547,0.760418176651001,897.0187377929688,182.1775665283203,0.6833590269088745,873.1614990234375,77.681884765625,0.9240411520004272,934.6403198242188,94.21074676513672,0.3386525511741638,821.0883178710938,194.34930419921875,0.7630988955497742,948.5159912109375,212.4225311279297,0.3916289508342743,910.3270263671875,275.24566650390625,0.9885403513908386,978.5629272460938,404.8940124511719,0.9814953207969666,969.1664428710938,552.1383666992188,0.4018508791923523
626,83.77701568603516,118.88127136230469,0.9988722205162048,995.3493041992188,228.19625854492188,0.9305177330970764,90.2105484008789,1029.615234375,0.9999063014984131,1023.7035522460938,1020.5970458984375,0.9995655417442322,334.0420227050781,498.23150634765625,0.9985278844833374,334.05145263671875,611.1199951171875,0.9988943934440613,276.4712219238281,555.2451171875,0.9978864789009094,386.8115234375,556.8472900390625,0.9966863989830017,724.2833251953125,496.0058288574219,0.992716372013092,754.6027221679688,713.4583129882812,0.9997135996818542,691.284912109375,594.7037353515625,0.9984713196754456,785.1045532226562,570.2847900390625,0.991333544254303,925.5043334960938,1.1456596851348877,0.03661223128437996,986.0966186523438,45.2559700012207,0.39665231108665466,974.4593505859375,51.92969512939453,0.5249496102333069,892.212646484375,197.39337158203125,0.8019574284553528,877.988037109375,48.45869827270508,0.6521562933921814,977.477294921875,96.6114730834961,0.24307318031787872,835.0089721679688,238.7558135986328,0.6189930438995361,940.883056640625,223.9781494140625,0.7772323489189148,912.39599609375,279.75628662109375,0.9940541386604309,976.9288330078125,403.7101745605469,0.9552586078643799,969.3643798828125,571.6336059570312,0.5156084895133972
627,84.83744812011719,117.66323852539062,0.9997091889381409,996.970703125,224.82936096191406,0.7842935919761658,89.48291778564453,1028.2236328125,0.9998915195465088,1022.2546997070312,1020.3331298828125,0.9997476935386658,335.42333984375,498.0816650390625,0.9980950951576233,335.37701416015625,611.6531982421875,0.9989744424819946,277.3301696777344,555.943359375,0.9982898831367493,387.64471435546875,557.090087890625,0.9962473511695862,718.4782104492188,496.9864196777344,0.9950968623161316,755.0457763671875,714.8755493164062,0.9997327923774719,689.9563598632812,591.6254272460938,0.9978384375572205,782.5285034179688,571.8308715820312,0.9907965660095215,1041.4102783203125,1.6876869201660156,0.09562475979328156,999.7867431640625,28.196697235107422,0.586689293384552,989.78857421875,36.55845642089844,0.7367770075798035,889.9240112304688,193.8570098876953,0.9180700182914734,878.5643310546875,79.7574691772461,0.7004377245903015,931.6735229492188,81.69906616210938,0.2146199494600296,832.9111328125,235.490234375,0.7871974110603333,934.6824340820312,217.60679626464844,0.7309101819992065,912.1165161132812,280.2799072265625,0.9972987771034241,978.8782958984375,405.5529479980469,0.8999851942062378,976.0375366210938,524.3914184570312,0.230035200715065
628,84.50089263916016,118.01883697509766,0.9998043179512024,998.3035888671875,227.08851623535156,0.1790114790201187,89.49128723144531,1029.37890625,0.9999123811721802,1022.1387329101562,1020.4104614257812,0.9997968077659607,335.43798828125,498.2801513671875,0.9978646636009216,333.7379455566406,610.6508178710938,0.9994091987609863,276.7152404785156,553.4737548828125,0.9990195035934448,386.8937072753906,558.0135498046875,0.9946202039718628,718.6388549804688,496.09686279296875,0.9899832010269165,755.3235473632812,715.2513427734375,0.9998250603675842,690.7372436523438,595.2922973632812,0.9975829124450684,786.3134765625,571.6146240234375,0.9955123066902161,1073.114990234375,2.1052491664886475,0.04628780484199524,1003.935302734375,30.775310516357422,0.8484092950820923,979.9764404296875,50.83021545410156,0.8305230140686035,886.3411254882812,161.5261688232422,0.6090848445892334,881.9991455078125,42.585968017578125,0.6759223937988281,982.2794189453125,94.11482238769531,0.9246055483818054,832.3736572265625,237.12509155273438,0.4764871597290039,937.7633666992188,198.8956756591797,0.5410065650939941,905.193603515625,274.37945556640625,0.9986518025398254,978.3119506835938,396.1770935058594,0.8001974821090698,981.107666015625,501.81298828125,0.901955783367157
629,85.5784683227539,115.08615112304688,0.9997091889381409,996.88330078125,226.7953643798828,0.9723259806632996,89.95858001708984,1028.9219970703125,0.9999188184738159,1022.1791381835938,1020.18115234375,0.9997007846832275,334.79541015625,497.90838623046875,0.9983002543449402,334.3332214355469,610.5429077148438,0.9991520643234253,276.5904846191406,553.9320678710938,0.9988301396369934,388.0740051269531,558.5997924804688,0.9961799383163452,721.8458251953125,496.86590576171875,0.9972712397575378,755.96435546875,716.0057373046875,0.9997630715370178,690.6060791015625,592.8547973632812,0.9982445240020752,783.9258422851562,569.3560791015625,0.9964408278465271,1066.885498046875,0.7777695655822754,0.3144984245300293,1015.2438354492188,17.72449493408203,0.9363453984260559,994.7762451171875,39.804954528808594,0.7303814888000488,891.7625122070312,144.22787475585938,0.9247146248817444,892.3543090820312,45.256309509277344,0.4354225695133209,1001.3095092773438,88.94001770019531,0.6412780284881592,835.111083984375,237.11294555664062,0.37486323714256287,938.023681640625,207.7594451904297,0.5213318467140198,905.240966796875,276.6257019042969,0.9911068081855774,980.389404296875,416.88970947265625,0.9514722228050232,970.1093139648438,545.4464721679688,0.8477666974067688
630,86.85199737548828,117.13224792480469,0.9993403553962708,999.24462890625,227.40576171875,0.9940264225006104,90.41143798828125,1028.74853515625,0.9998980760574341,1020.6187133789062,1021.532470703125,0.9995220899581909,335.19866943359375,498.09735107421875,0.997600257396698,333.7453308105469,610.5316772460938,0.9992645382881165,276.76898193359375,554.759765625,0.9990179538726807,387.5159606933594,559.0808715820312,0.9956740736961365,718.6227416992188,498.4615478515625,0.9970839619636536,756.5953979492188,714.6743774414062,0.9998313188552856,692.5111694335938,598.1924438476562,0.9991313815116882,784.76416015625,567.451904296875,0.9923162460327148,1073.6463623046875,1.0849378108978271,0.38295018672943115,1029.0770263671875,11.94664192199707,0.7604224681854248,1002.893310546875,36.64470291137695,0.9620720148086548,897.2266235351562,175.85011291503906,0.9221081733703613,924.5440063476562,17.495851516723633,0.09798064082860947,1022.3008422851562,72.94255065917969,0.8169493079185486,840.566162109375,226.3900146484375,0.4397209584712982,933.3226928710938,204.83145141601562,0.4579651355743408,907.3136596679688,265.0739440917969,0.9991647005081177,969.7098388671875,397.0529479980469,0.9642296433448792,969.5914306640625,546.436279296875,0.5347109436988831
631,86.27615356445312,115.81534576416016,0.9997826218605042,995.9390258789062,225.30758666992188,0.9773568511009216,91.05506896972656,1029.8758544921875,0.9998553991317749,1020.5088500976562,1020.971923828125,0.9994761347770691,335.0755920410156,498.20709228515625,0.997934103012085,335.0242004394531,612.5486450195312,0.9990237951278687,276.31903076171875,555.2914428710938,0.9984700083732605,387.11212158203125,558.5924682617188,0.996099591255188,719.9932250976562,497.7322692871094,0.9946404099464417,755.7462158203125,714.7682495117188,0.9996100068092346,690.9893188476562,596.0294799804688,0.9982895255088806,785.667724609375,569.7855834960938,0.9966781139373779,1075.1357421875,4.242515563964844,0.47606444358825684,1029.0263671875,8.937106132507324,0.957051157951355,1002.2646484375,42.109561920166016,0.7287559509277344,910.0460815429688,159.89682006835938,0.46033310890197754,936.9802856445312,18.86801528930664,0.8408699035644531,1007.6768798828125,106.31006622314453,0.9626295566558838,841.1203002929688,167.04031372070312,0.11571905761957169,939.5147094726562,209.7602081298828,0.37749409675598145,904.2468872070312,260.5285339355469,0.9973975419998169,963.0619506835938,395.5293884277344,0.9227665662765503,967.4715576171875,547.4973754882812,0.7652011513710022
632,86.08483123779297,115.66930389404297,0.9997231364250183,1000.171875,231.39459228515625,0.93238365650177,90.26593780517578,1029.34423828125,0.9999020099639893,1022.7630004882812,1021.0137329101562,0.9996389150619507,333.9292297363281,497.5822448730469,0.9977276921272278,333.849609375,611.9385375976562,0.9993081092834473,276.0439453125,555.0980834960938,0.9988254904747009,388.8684997558594,559.0775756835938,0.9938861727714539,719.4742431640625,496.29644775390625,0.9946395754814148,757.0778198242188,714.6810302734375,0.9996784925460815,690.1359252929688,592.3859252929688,0.9980708956718445,786.6881103515625,567.4114990234375,0.9902201890945435,1082.7803955078125,2.0839550495147705,0.06315398216247559,1030.2939453125,5.9391093254089355,0.6817607879638672,1011.8259887695312,28.559228897094727,0.33403074741363525,914.928955078125,148.1997528076172,0.30271846055984497,948.0296630859375,18.034194946289062,0.9539720416069031,1015.229248046875,108.75703430175781,0.8052051663398743,836.6759643554688,206.76524353027344,0.514725923538208,940.6221923828125,218.96148681640625,0.8915935754776001,904.8764038085938,262.43267822265625,0.9946084022521973,942.8634643554688,381.5006103515625,0.9759411811828613,979.3524169921875,478.3661193847656,0.940734326839447
633,85.4967269897461,118.70309448242188,0.9998737573623657,1001.791015625,231.36117553710938,0.9540491700172424,91.13780975341797,1027.754638671875,0.9998754262924194,1024.79638671875,1020.36474609375,0.9998310804367065,335.1261291503906,498.1381530761719,0.9972423315048218,334.41705322265625,612.946044921875,0.9982372522354126,276.30548095703125,556.8043212890625,0.9990195035934448,388.1925354003906,558.497802734375,0.9946497082710266,720.0870971679688,498.3624267578125,0.9887940287590027,754.275634765625,713.6436767578125,0.9997884631156921,691.6051635742188,593.1787719726562,0.9987962245941162,785.5266723632812,567.6868896484375,0.9919277429580688,841.2708740234375,230.065673828125,0.1794784516096115,1034.2476806640625,9.307982444763184,0.9750051498413086,1015.3842163085938,31.578285217285156,0.7613779306411743,923.4549560546875,148.2679443359375,0.7691807150840759,946.0469360351562,29.217151641845703,0.9653290510177612,1024.497802734375,109.7154541015625,0.7312830686569214,848.47705078125,153.1655731201172,0.6961976289749146,944.3928833007812,211.8891143798828,0.8639732003211975,910.9154663085938,263.215087890625,0.995564341545105,946.7166748046875,389.2579650878906,0.9892548322677612,979.0549926757812,489.34954833984375,0.7337908744812012
634,85.71005249023438,116.60478210449219,0.9997320771217346,997.5184936523438,225.97825622558594,0.7943256497383118,91.242919921875,1030.0479736328125,0.9998922348022461,1022.1128540039062,1021.3760375976562,0.9997448325157166,334.34210205078125,497.8840026855469,0.9964436888694763,334.70037841796875,612.68505859375,0.9989370703697205,275.7467956542969,555.4566650390625,0.9985737800598145,388.8349609375,558.9659423828125,0.9941934943199158,722.666259765625,497.0389404296875,0.9737551808357239,754.2786865234375,714.4839477539062,0.9997174143791199,692.878173828125,593.9857788085938,0.9994804263114929,784.7538452148438,562.6581420898438,0.9951913356781006,1084.5819091796875,2.39595365524292,0.1209426000714302,1032.2835693359375,9.15022087097168,0.9430015683174133,1021.4937133789062,27.563995361328125,0.94622403383255,918.2868041992188,146.65638732910156,0.9681975841522217,950.1600952148438,23.255186080932617,0.9219061732292175,1025.8887939453125,113.6434555053711,0.888934314250946,854.8001098632812,210.8231964111328,0.6689008474349976,942.755615234375,203.42034912109375,0.820096492767334,916.127685546875,257.3158874511719,0.9992952346801758,940.1395874023438,372.61468505859375,0.9887893199920654,979.3071899414062,485.9798889160156,0.9810038208961487
635,85.93502807617188,116.45086669921875,0.9997884631156921,998.5286254882812,230.6191864013672,0.9516116380691528,90.41212463378906,1030.219970703125,0.9998786449432373,1021.9346313476562,1020.01318359375,0.9996720552444458,334.63629150390625,498.5945129394531,0.9980179071426392,334.6937561035156,611.5057983398438,0.9986304044723511,276.23980712890625,555.8389892578125,0.9988237023353577,388.441162109375,558.7860107421875,0.9961353540420532,720.32763671875,497.2841491699219,0.9857573509216309,755.6531982421875,712.75634765625,0.9996423721313477,692.6768188476562,595.3973999023438,0.9995829463005066,783.8837890625,569.2069702148438,0.997073769569397,839.9196166992188,220.86746215820312,0.42308706045150757,1039.192626953125,5.8372721672058105,0.9233209490776062,1017.3211669921875,26.443416595458984,0.9481747150421143,929.1329345703125,133.91392517089844,0.8702362775802612,952.433837890625,22.20945930480957,0.966673731803894,1037.6732177734375,102.7806167602539,0.9790522456169128,845.7311401367188,190.56805419921875,0.5417134761810303,946.9439086914062,201.0426025390625,0.827885627746582,922.9911499023438,253.19805908203125,0.9939208030700684,943.462890625,376.9128723144531,0.946957528591156,968.45947265625,548.4857788085938,0.9551763534545898
636,86.42317962646484,115.63311767578125,0.9998099207878113,999.3245239257812,228.0780487060547,0.9481964707374573,90.68994140625,1029.9339599609375,0.999847412109375,1024.1573486328125,1019.8176879882812,0.9998036026954651,335.2669677734375,498.6225280761719,0.9966741800308228,334.4199523925781,612.0007934570312,0.9992892742156982,275.60235595703125,554.8775024414062,0.9989863038063049,388.4376220703125,559.036865234375,0.9936256408691406,721.4864501953125,497.00091552734375,0.9873379468917847,754.8292236328125,713.1484985351562,0.9997254014015198,692.6387939453125,593.7472534179688,0.9991738200187683,783.7122802734375,567.7020263671875,0.9890497922897339,840.9979248046875,225.2472381591797,0.9635788202285767,1042.8697509765625,5.2528228759765625,0.9625868797302246,1028.727294921875,23.042865753173828,0.7426382303237915,938.869140625,119.0602035522461,0.9112836122512817,952.8112182617188,15.58492660522461,0.9223618507385254,1048.8651123046875,93.08710479736328,0.9025660753250122,849.8582763671875,181.4160919189453,0.943506121635437,953.4596557617188,194.47213745117188,0.9779184460639954,923.27099609375,245.5643310546875,0.9690824151039124,943.5043334960938,382.8645935058594,0.7845906615257263,967.88134765625,548.2428588867188,0.7243148684501648
637,86.00018310546875,116.8051528930664,0.9998123049736023,999.344970703125,229.51254272460938,0.9624555110931396,90.10289001464844,1029.4444580078125,0.9998762607574463,1021.3226318359375,1020.1229858398438,0.9995986819267273,334.5118408203125,498.2696228027344,0.9979472756385803,333.6090087890625,611.5556640625,0.9993442893028259,276.0932922363281,554.7387084960938,0.999248206615448,387.7744445800781,558.5482177734375,0.9969007968902588,722.2176513671875,496.99176025390625,0.9699671864509583,755.187744140625,713.4825439453125,0.9996066689491272,693.3233642578125,597.1936645507812,0.9993683695793152,782.791259765625,571.168212890625,0.9867572784423828,834.2316284179688,222.33535766601562,0.25314465165138245,1042.5418701171875,4.655816078186035,0.893614649772644,1012.3759155273438,53.6265869140625,0.7750831842422485,927.0158081054688,126.0401611328125,0.9796386957168579,954.861328125,15.743697166442871,0.6078880429267883,1044.2227783203125,94.12513732910156,0.905693531036377,852.0089721679688,162.10560607910156,0.9776300191879272,955.5859985351562,202.99203491210938,0.9214081168174744,922.2832641601562,243.59442138671875,0.9940258264541626,944.58837890625,378.6838073730469,0.9660146832466125,970.3468627929688,547.7041625976562,0.8817198872566223
638,86.59696960449219,116.95670318603516,0.9995177984237671,1000.1360473632812,227.3792724609375,0.9810219407081604,90.30841064453125,1030.075439453125,0.9998799562454224,1022.9330444335938,1019.9366455078125,0.9996989965438843,335.02178955078125,498.6481628417969,0.9986284971237183,334.5661315917969,612.8541870117188,0.9994893074035645,276.1257629394531,555.1813354492188,0.9977784752845764,388.69671630859375,558.0901489257812,0.9945037364959717,720.0623168945312,496.82696533203125,0.9892387390136719,756.074951171875,713.5433959960938,0.9998005032539368,691.1788330078125,593.2440795898438,0.9987455606460571,782.8131103515625,566.1294555664062,0.9696292877197266,835.7149047851562,219.9618377685547,0.674281656742096,1034.35546875,4.9102020263671875,0.978071928024292,1018.628662109375,19.296964645385742,0.6550390124320984,928.2210693359375,115.56239318847656,0.9610315561294556,940.0457153320312,10.747808456420898,0.7434720993041992,1059.3116455078125,83.52149963378906,0.933302640914917,849.3989868164062,173.96942138671875,0.9147307872772217,955.2052001953125,192.8645477294922,0.953916072845459,921.5653686523438,240.11978149414062,0.9961601495742798,944.1840209960938,384.2130432128906,0.9697279334068298,968.8242797851562,541.7672119140625,0.9808715581893921
639,87.11860656738281,117.21209716796875,0.9990211725234985,1001.000244140625,225.85203552246094,0.9868545532226562,90.05713653564453,1029.711669921875,0.9998887777328491,1024.53515625,1020.1795043945312,0.9997742772102356,335.2896728515625,497.9413757324219,0.9979943037033081,333.9222106933594,612.5628662109375,0.9993894100189209,276.3275451660156,554.2600708007812,0.998717188835144,388.5614013671875,559.0301513671875,0.9951174259185791,721.653076171875,495.2113037109375,0.9943965673446655,755.056884765625,713.7645263671875,0.9997010827064514,692.3423461914062,593.8953857421875,0.9983140230178833,785.3822021484375,569.4779663085938,0.9923451542854309,835.7977905273438,220.26614379882812,0.9877814054489136,1009.44384765625,2.2050013542175293,0.6929727792739868,1012.0850219726562,14.656173706054688,0.4467950761318207,935.2294921875,119.22699737548828,0.8768154382705688,984.7201538085938,19.843976974487305,0.39895880222320557,1058.1171875,79.43334197998047,0.9395977854728699,852.6216430664062,173.11851501464844,0.8689662218093872,957.888427734375,191.27792358398438,0.987736701965332,923.1553955078125,243.50479125976562,0.9977467656135559,943.3182983398438,380.1214294433594,0.9627805948257446,972.7885131835938,540.0732421875,0.9193211793899536
640,85.96048736572266,115.96858978271484,0.9993318915367126,1001.3243408203125,223.19422912597656,0.929240882396698,91.14013671875,1030.1678466796875,0.9998257756233215,1021.9219360351562,1020.146484375,0.9995872378349304,334.40423583984375,498.3965148925781,0.997597873210907,335.02508544921875,612.3848876953125,0.9991334080696106,276.378662109375,555.9671020507812,0.9986445307731628,388.14801025390625,558.600830078125,0.9950963854789734,721.5430297851562,494.41796875,0.9974157810211182,755.3231201171875,714.7509765625,0.999843955039978,692.450927734375,595.4506225585938,0.9990008473396301,785.8792114257812,571.2601318359375,0.9924588799476624,834.0548095703125,225.23985290527344,0.9512739777565002,998.0869140625,3.924210548400879,0.9655179381370544,992.2315063476562,17.45661163330078,0.8314641714096069,927.05810546875,117.76605224609375,0.7941927909851074,905.9532470703125,26.677778244018555,0.8547971844673157,1021.3187255859375,75.16747283935547,0.9540834426879883,849.7359008789062,178.49679565429688,0.3195526897907257,949.6123657226562,187.73155212402344,0.871151328086853,920.9193725585938,240.6175994873047,0.9943374991416931,942.3994140625,380.0807189941406,0.9345961809158325,968.2315673828125,549.1103515625,0.9706099629402161
641,86.85665893554688,116.7394790649414,0.9990824460983276,987.0623168945312,185.96588134765625,0.1591367870569229,90.98929595947266,1030.033203125,0.9998539686203003,1022.3406982421875,1020.722900390625,0.9997106194496155,332.8179626464844,498.475341796875,0.9979172348976135,334.9454040527344,612.3262939453125,0.9993242025375366,275.91888427734375,556.7276000976562,0.9988308548927307,388.1881103515625,557.1710205078125,0.9949766397476196,720.4922485351562,495.10577392578125,0.9982914328575134,756.436279296875,714.7310791015625,0.9998337030410767,693.6502075195312,596.497802734375,0.9990007281303406,785.203369140625,570.1924438476562,0.9912647604942322,833.0392456054688,226.315673828125,0.8655447363853455,1066.79248046875,34.36688995361328,0.8882459402084351,1044.5079345703125,35.162132263183594,0.8941951394081116,931.8530883789062,109.19701385498047,0.8937947750091553,896.7160034179688,42.39577865600586,0.25265824794769287,1013.8895263671875,61.092933654785156,0.5316192507743835,856.8317260742188,219.98678588867188,0.031141627579927444,953.8638305664062,185.51956176757812,0.9739941954612732,922.6376953125,244.2704620361328,0.9990202188491821,935.6465454101562,334.00250244140625,0.6829372048377991,932.2357788085938,366.1728820800781,0.6358640789985657
642,87.6646499633789,116.28643035888672,0.9994315505027771,969.740966796875,163.722900390625,0.05327349528670311,89.83212280273438,1027.8968505859375,0.9998608827590942,1024.0740966796875,1020.3150634765625,0.9998109936714172,333.97943115234375,498.6454772949219,0.9985713958740234,334.9494934082031,612.12158203125,0.999200165271759,276.281005859375,556.4791870117188,0.9987945556640625,388.2286071777344,558.0259399414062,0.9940382242202759,721.208740234375,494.20782470703125,0.9976492524147034,755.7622680664062,713.8837890625,0.9998101592063904,693.1439208984375,596.4525146484375,0.9990625977516174,784.3056640625,570.0375366210938,0.9913346171379089,831.5502319335938,238.20379638671875,0.6580847501754761,856.9154663085938,0.87255859375,0.4539080858230591,864.3696899414062,10.361077308654785,0.5135763883590698,896.3241577148438,131.9887237548828,0.3017907738685608,830.619140625,31.72298812866211,0.5892729759216309,928.1089477539062,87.84764099121094,0.03145802021026611,861.3180541992188,112.78019714355469,0.011390608735382557,948.1022338867188,183.01028442382812,0.8978517055511475,931.0884399414062,255.3878173828125,0.9978901743888855,952.3228759765625,355.7626037597656,0.965844988822937,995.0302124023438,492.5924377441406,0.4375992715358734
643,84.50920104980469,116.81388092041016,0.9998440742492676,1000.0654907226562,81.28622436523438,0.9969972372055054,91.43409729003906,1028.2457275390625,0.9997815489768982,1020.5419311523438,1020.8536376953125,0.9996098875999451,333.8583984375,498.00604248046875,0.997925877571106,335.1005859375,612.0732421875,0.9994413256645203,276.46435546875,555.0089721679688,0.9990761280059814,388.1697082519531,556.5962524414062,0.9954181909561157,719.9224243164062,494.43023681640625,0.9968017339706421,754.6033325195312,712.5094604492188,0.9998148083686829,689.6611328125,594.1058349609375,0.9980149269104004,784.047119140625,574.954833984375,0.9931532144546509,833.6743774414062,247.27828979492188,0.3240763247013092,768.576904296875,1.0590379238128662,0.05640502646565437,812.9491577148438,3.5464000701904297,0.43512654304504395,891.2435913085938,170.2130584716797,0.2575503885746002,770.2236938476562,30.190889358520508,0.08171059191226959,807.9948120117188,77.89310455322266,0.4451993405818939,829.5263061523438,212.79843139648438,0.29606378078460693,949.8136596679688,194.58409118652344,0.9140591621398926,931.2796630859375,256.07000732421875,0.9732787609100342,948.5040893554688,342.4184265136719,0.9740334749221802,999.4375,482.3017272949219,0.7382559180259705
644,85.6205825805664,116.08326721191406,0.9998406171798706,999.238037109375,79.22232055664062,0.9998152852058411,90.09014892578125,1028.7728271484375,0.9999144077301025,1022.5535888671875,1019.7227172851562,0.9998643398284912,336.1184997558594,497.8486328125,0.9965059757232666,334.3416748046875,612.0576171875,0.9990220069885254,276.4195861816406,555.0046997070312,0.9964768290519714,387.3590393066406,557.4022216796875,0.9971464276313782,721.6563720703125,496.4919738769531,0.9948311448097229,755.0420532226562,714.1132202148438,0.9998337030410767,692.4210815429688,594.0700073242188,0.9989894032478333,785.4130859375,569.4580688476562,0.9956419467926025,835.8908081054688,260.620849609375,0.2114683985710144,700.6209716796875,44.71539306640625,0.015875281766057014,725.7811889648438,56.40690612792969,0.41320642828941345,895.973388671875,186.93336486816406,0.9295374751091003,723.802734375,97.76785278320312,0.6221437454223633,885.78857421875,62.85725402832031,0.8019799590110779,832.9533081054688,234.51803588867188,0.5193688273429871,958.1529541015625,190.09716796875,0.9001961946487427,935.0054321289062,264.2720031738281,0.9935817718505859,953.6966552734375,353.0412902832031,0.9659684300422668,973.0961303710938,533.3297119140625,0.09314335882663727
645,85.45158386230469,118.26488494873047,0.9998612403869629,1000.3883666992188,78.36225128173828,0.9998049139976501,90.79464721679688,1031.190185546875,0.9998636245727539,1022.5139770507812,1020.8128662109375,0.9997318387031555,333.8056640625,498.0310363769531,0.9970486760139465,334.67132568359375,611.6632690429688,0.9985889792442322,275.355224609375,555.7555541992188,0.9976692795753479,386.3214416503906,555.3137817382812,0.9959008097648621,718.6564331054688,498.5140075683594,0.984667956829071,754.716552734375,713.4317626953125,0.9998685121536255,691.1679077148438,595.4458618164062,0.9985087513923645,784.7362060546875,570.0579223632812,0.9936635494232178,590.1295166015625,127.8074722290039,0.5888622403144836,663.7526245117188,100.9896469116211,0.2948001027107239,698.2196655273438,102.09951782226562,0.45490625500679016,831.539794921875,135.41859436035156,0.9291662573814392,918.9409790039062,112.63790893554688,0.11454860866069794,740.2167358398438,69.64656066894531,0.7308396100997925,944.1019287109375,184.3974609375,0.3055327236652374,953.8499755859375,190.82427978515625,0.5096808075904846,933.0244140625,263.4617614746094,0.9995725750923157,978.7635498046875,400.89947509765625,0.987519383430481,973.2869873046875,542.2561645507812,0.20882435142993927
646,84.55809020996094,117.17799377441406,0.9998764991760254,1000.1929931640625,76.94356536865234,0.9991137385368347,88.80927276611328,1028.841552734375,0.9998992681503296,1021.463134765625,1021.4633178710938,0.9997616410255432,334.4598388671875,498.5182189941406,0.9973937273025513,334.55670166015625,611.4448852539062,0.9992414712905884,276.093994140625,555.3739013671875,0.998134970664978,386.2944030761719,556.8179321289062,0.9966378211975098,719.08154296875,497.57696533203125,0.9109627604484558,754.2908325195312,715.5747680664062,0.999893307685852,690.0137329101562,596.7006225585938,0.998941957950592,785.3692626953125,565.405517578125,0.9860951900482178,512.9017333984375,161.73509216308594,0.3312207758426666,598.4267578125,137.44668579101562,0.8933839201927185,631.5388793945312,135.2572479248047,0.568483829498291,815.1613159179688,158.21925354003906,0.44345343112945557,673.2904052734375,192.82083129882812,0.03410123288631439,653.2164916992188,111.78284454345703,0.3601882755756378,820.1134033203125,250.0763397216797,0.9596323370933533,911.3538818359375,163.1299285888672,0.6225948929786682,922.672607421875,247.9942626953125,0.9795129895210266,937.7607421875,336.7173156738281,0.9578969478607178,991.4064331054688,451.10772705078125,0.8319407105445862
647,85.19229125976562,117.25589752197266,0.9998823404312134,1000.9144897460938,82.5165786743164,0.9995110034942627,88.71742248535156,1029.83056640625,0.9998735189437866,1023.658203125,1020.7763061523438,0.9997647404670715,335.06170654296875,497.8572998046875,0.9972346425056458,333.44110107421875,611.482666015625,0.9993860721588135,275.97015380859375,554.260498046875,0.9977658987045288,386.7228698730469,556.5482177734375,0.9967520236968994,720.24169921875,496.884521484375,0.9934311509132385,752.9551391601562,713.842529296875,0.9998364448547363,691.0537719726562,596.1954345703125,0.998847246170044,784.087158203125,567.8800659179688,0.9775610566139221,433.81988525390625,169.3645782470703,0.9949766397476196,502.3083190917969,163.4073944091797,0.9667443633079529,537.7610473632812,163.93089294433594,0.9384797811508179,768.829345703125,163.07444763183594,0.9276925325393677,590.5576782226562,214.9747314453125,0.8780183792114258,574.7242431640625,126.14092254638672,0.9788141846656799,799.045654296875,249.11825561523438,0.9624547362327576,857.6932983398438,159.401611328125,0.20051608979701996,884.4779052734375,224.4344024658203,0.9975578784942627,935.2041625976562,330.640625,0.9848730564117432,974.8516845703125,459.53125,0.13278499245643616
648,85.46532440185547,117.1330337524414,0.9999430179595947,1000.7706298828125,80.12753295898438,0.9994256496429443,89.39045715332031,1028.2451171875,0.9999152421951294,1022.8368530273438,1020.7374877929688,0.9995393753051758,335.407470703125,498.3497314453125,0.9979308843612671,333.5361633300781,611.9631958007812,0.9993769526481628,275.3951721191406,555.5107421875,0.9977608919143677,385.8614196777344,557.5697021484375,0.9948714971542358,718.6796264648438,497.3516540527344,0.971271276473999,754.747314453125,715.5807495117188,0.9998964071273804,690.8500366210938,594.2738037109375,0.9980151653289795,785.8684692382812,568.2699584960938,0.9934165477752686,342.5106506347656,155.8109130859375,0.9584972858428955,433.0345458984375,162.42530822753906,0.9271278381347656,468.78741455078125,164.2781982421875,0.8781024813652039,668.01904296875,152.58155822753906,0.8533688187599182,514.2377319335938,219.33445739746094,0.826038122177124,731.4769287109375,219.320556640625,0.9602756500244141,543.2175903320312,122.9052734375,0.133054718375206,532.9979858398438,218.9652557373047,0.02063322253525257,854.0264282226562,211.21018981933594,0.9880322217941284,912.0598754882812,314.666748046875,0.7096697092056274,942.1393432617188,392.1382751464844,0.5879181027412415
649,86.52476501464844,115.9735107421875,0.9995315074920654,998.5201416015625,82.20362091064453,0.9999047517776489,89.29924774169922,1029.0042724609375,0.9999356269836426,1022.221435546875,1020.3369140625,0.9996254444122314,335.1072692871094,498.1664123535156,0.9988201260566711,334.5120544433594,610.5286254882812,0.9990189075469971,276.1126708984375,554.5916137695312,0.998252809047699,386.8727111816406,557.829345703125,0.9966260194778442,719.1019287109375,495.8790283203125,0.9806542992591858,755.8983764648438,715.9703369140625,0.999716579914093,691.4352416992188,594.9259643554688,0.9987605810165405,786.7074584960938,567.7160034179688,0.9920291900634766,290.08709716796875,157.72413635253906,0.9962463974952698,344.955322265625,159.4373016357422,0.9860055446624756,375.5801086425781,165.98281860351562,0.9961372017860413,580.5130615234375,158.66481018066406,0.9651427865028381,643.5150756835938,114.54302978515625,0.26605331897735596,442.3311462402344,128.07859802246094,0.668304979801178,640.5175170898438,237.87010192871094,0.329232394695282,640.39453125,113.83226013183594,0.8355772495269775,735.491455078125,168.2088623046875,0.9928983449935913,831.4354858398438,219.7823028564453,0.7106704711914062,931.7942504882812,424.2659912109375,0.8859876394271851
650,87.6915283203125,115.26993560791016,0.9996397495269775,1000.1156616210938,79.5905532836914,0.9998047947883606,90.54818725585938,1029.1585693359375,0.9999139308929443,1022.905517578125,1019.9790649414062,0.9995461106300354,335.0130310058594,498.7361145019531,0.9982020854949951,334.0503845214844,611.1546020507812,0.9994497895240784,275.4970397949219,555.4036254882812,0.9978380799293518,386.30975341796875,557.0025634765625,0.996976375579834,716.0281372070312,494.77618408203125,0.9952266216278076,755.3873291015625,715.74560546875,0.9997021555900574,691.8447265625,596.8941650390625,0.9985301494598389,785.8424072265625,564.4578247070312,0.9854009747505188,230.76412963867188,153.65093994140625,0.9944370985031128,311.2792663574219,153.40667724609375,0.9912524819374084,351.423583984375,161.99728393554688,0.8547857999801636,499.8269348144531,152.87490844726562,0.9862058758735657,385.3410949707031,213.2277374267578,0.8385286331176758,376.0418701171875,122.24451446533203,0.8280277252197266,536.5015869140625,239.1969757080078,0.9965869188308716,578.5308837890625,124.26678466796875,0.9146577715873718,632.9420776367188,181.1508026123047,0.9955321550369263,813.0612182617188,232.40786743164062,0.7050146460533142,920.1044921875,408.4708251953125,0.9960047602653503
651,86.25587463378906,116.30662536621094,0.9997949004173279,998.8650512695312,78.44992065429688,0.9998812675476074,90.99219512939453,1028.3428955078125,0.9999266862869263,1022.8910522460938,1020.9190063476562,0.9997146725654602,334.22601318359375,498.6551818847656,0.999159574508667,335.1203918457031,611.6305541992188,0.9992233514785767,275.8125,556.23828125,0.9978750944137573,387.0679931640625,556.9058837890625,0.9974121451377869,717.2848510742188,495.5269775390625,0.9916518330574036,753.8909301757812,713.9862670898438,0.9997585415840149,691.9116821289062,594.69482421875,0.9989293217658997,785.0528564453125,564.382080078125,0.992426872253418,202.78932189941406,150.47071838378906,0.9857240319252014,280.11492919921875,154.1687469482422,0.9888367652893066,313.212158203125,161.55091857910156,0.9194393754005432,474.6290588378906,166.0538787841797,0.964540421962738,365.6642150878906,220.15200805664062,0.6590611338615417,347.2835693359375,120.30656433105469,0.5052101016044617,504.49578857421875,239.38743591308594,0.9668512344360352,547.6721801757812,134.0126495361328,0.9878283739089966,596.3845825195312,200.40908813476562,0.9956641793251038,811.6100463867188,259.7799377441406,0.9512421488761902,906.8486938476562,369.83306884765625,0.8173361420631409
652,86.134765625,117.50341033935547,0.9997881054878235,1000.666015625,79.48101806640625,0.9998026490211487,90.01329803466797,1029.029541015625,0.9999427795410156,1022.6192016601562,1020.7283325195312,0.9998369216918945,334.4074401855469,498.9758605957031,0.9989387392997742,334.7032470703125,612.323486328125,0.9987934827804565,275.781005859375,555.3760375976562,0.998117208480835,387.47723388671875,557.5870361328125,0.9967384934425354,717.2613525390625,496.33099365234375,0.990060567855835,755.3623657226562,715.8115844726562,0.9998550415039062,692.7565307617188,596.9343872070312,0.9988399147987366,785.3157958984375,566.4388427734375,0.9909969568252563,199.85447692871094,143.3725128173828,0.9732628464698792,273.8372497558594,159.81280517578125,0.9909440279006958,307.5329284667969,169.81800842285156,0.9626509547233582,451.43780517578125,175.68406677246094,0.9892388582229614,345.5718994140625,224.45851135253906,0.9719330072402954,348.46295166015625,133.44015502929688,0.9968001842498779,477.7695617675781,240.67807006835938,0.9943714737892151,520.791748046875,142.7841339111328,0.6072327494621277,561.8060302734375,198.38088989257812,0.9992425441741943,729.5768432617188,240.11288452148438,0.7068080306053162,908.2870483398438,353.1824035644531,0.7039726972579956
653,86.40968322753906,115.75009155273438,0.9998061060905457,999.620361328125,77.9297866821289,0.9997268319129944,90.2054443359375,1028.22607421875,0.9999624490737915,1023.2120361328125,1021.0602416992188,0.9997081160545349,335.2442932128906,498.75048828125,0.9985690116882324,334.1929016113281,612.2821044921875,0.9989466071128845,275.0059509277344,554.3821411132812,0.9974862337112427,388.2513732910156,557.7579345703125,0.995576024055481,716.9580078125,495.0550231933594,0.984135091304779,754.4828491210938,715.2470703125,0.9998666048049927,692.5875244140625,597.7543334960938,0.9988692402839661,783.7427978515625,569.52490234375,0.9952240586280823,209.94168090820312,153.90367126464844,0.9710568785667419,282.8703308105469,162.3060302734375,0.9896053075790405,313.42633056640625,167.99252319335938,0.9073671102523804,439.40521240234375,168.8047332763672,0.9748563766479492,349.1741943359375,224.7851104736328,0.9867180585861206,342.7156066894531,128.5300750732422,0.9813723564147949,463.5994567871094,241.93287658691406,0.8779073357582092,509.01763916015625,132.90533447265625,0.9554858803749084,554.05517578125,190.9899444580078,0.9992626309394836,722.3602905273438,230.68057250976562,0.5854123830795288,906.2522583007812,339.1869812011719,0.7187271118164062
654,85.40229034423828,117.23748779296875,0.9998586177825928,1000.313720703125,80.04109954833984,0.9997805953025818,90.20222473144531,1028.743896484375,0.999916672706604,1022.7046508789062,1020.9904174804688,0.9993336796760559,334.23516845703125,498.2471923828125,0.9980003237724304,334.94879150390625,611.9754028320312,0.9993072748184204,275.1430358886719,555.8369140625,0.9975619316101074,387.4102478027344,557.96728515625,0.9942666888237,717.5382080078125,494.88519287109375,0.9879394769668579,755.1919555664062,716.2459716796875,0.9998794794082642,692.4451904296875,595.32421875,0.997919499874115,784.0960693359375,564.5319213867188,0.990497887134552,217.70352172851562,143.79823303222656,0.9988481998443604,287.8016357421875,158.77139282226562,0.988827109336853,329.112060546875,162.23663330078125,0.8221291303634644,433.56072998046875,169.5453643798828,0.9606690406799316,341.8163146972656,224.8851318359375,0.9716284871101379,349.99053955078125,117.80746459960938,0.9937712550163269,461.0941467285156,236.19509887695312,0.7133733034133911,491.2471923828125,126.3252944946289,0.8215745687484741,548.8628540039062,178.7644805908203,0.998779833316803,679.069091796875,196.3094024658203,0.9693379402160645,806.8607177734375,257.1468200683594,0.9914599657058716
655,86.10784912109375,116.61357116699219,0.9997021555900574,999.6742553710938,75.13152313232422,0.9998138546943665,90.01675415039062,1029.111572265625,0.9998475313186646,1022.2740478515625,1021.5686645507812,0.9998103976249695,333.5956115722656,498.11517333984375,0.9976491332054138,334.9881286621094,611.84619140625,0.9988356232643127,275.7300720214844,554.2780151367188,0.9979022741317749,387.1470947265625,557.8427734375,0.9954231381416321,718.2528076171875,497.4403076171875,0.9802671670913696,755.060791015625,715.488037109375,0.9999186992645264,691.3651123046875,595.86474609375,0.9986315369606018,785.353759765625,563.5978393554688,0.987415611743927,205.20013427734375,125.46285247802734,0.9960655570030212,282.59295654296875,149.9160614013672,0.9818931818008423,324.71722412109375,158.67063903808594,0.7472721338272095,436.46649169921875,163.02378845214844,0.942916989326477,326.0268249511719,217.6912078857422,0.7970922589302063,346.62237548828125,109.6268539428711,0.9458534717559814,444.385498046875,238.3332061767578,0.7290777564048767,499.85821533203125,130.32565307617188,0.9454731941223145,549.4390869140625,180.2195281982422,0.9995583891868591,684.5017700195312,188.70899963378906,0.9177601933479309,810.259521484375,234.4541473388672,0.9967742562294006
656,85.10060119628906,118.09423828125,0.9997625946998596,1000.9762573242188,78.30752563476562,0.9997891783714294,90.46013641357422,1030.187744140625,0.9998594522476196,1022.1912231445312,1021.7801513671875,0.9991664886474609,335.3453674316406,498.11639404296875,0.9970172643661499,333.5411376953125,610.50732421875,0.9989786148071289,276.2594299316406,552.8146362304688,0.9982895255088806,386.7432556152344,558.25390625,0.9941383600234985,720.9498291015625,497.4650573730469,0.984218418598175,757.30859375,715.3448486328125,0.9998303651809692,692.0779418945312,596.36865234375,0.9991531372070312,784.4893798828125,570.1054077148438,0.9936056137084961,178.33189392089844,92.81626892089844,0.9997335076332092,273.2902526855469,131.2132110595703,0.9680891036987305,307.9322204589844,141.69508361816406,0.9773856997489929,435.2983703613281,166.35504150390625,0.9969323873519897,316.6364440917969,195.85549926757812,0.9225310683250427,320.7843933105469,90.66410064697266,0.8593975901603699,450.5276184082031,242.13304138183594,0.5403784513473511,491.0288391113281,123.7254867553711,0.9274293780326843,540.2552490234375,175.68780517578125,0.9954075217247009,705.9329833984375,194.86215209960938,0.7454363703727722,849.7493896484375,242.73818969726562,0.935272216796875
657,85.47019958496094,115.59264373779297,0.9995954632759094,1001.2411499023438,77.70555114746094,0.9996700286865234,89.75674438476562,1028.4110107421875,0.9999170303344727,1023.2271118164062,1021.7950439453125,0.9997254014015198,334.26385498046875,498.1371765136719,0.9978016018867493,334.574462890625,611.4694213867188,0.999380350112915,276.37158203125,553.9918212890625,0.9988203644752502,387.0361328125,557.6908569335938,0.9945027828216553,721.8184204101562,497.3229064941406,0.9538657069206238,756.3115844726562,713.843505859375,0.9998075366020203,691.125732421875,595.1508178710938,0.9976645708084106,785.1167602539062,570.6859130859375,0.9950142502784729,149.67788696289062,52.88399124145508,0.9885920882225037,255.4992218017578,99.19103240966797,0.9449180364608765,291.63739013671875,115.64971923828125,0.7930425405502319,427.1209411621094,156.21060180664062,0.9500814080238342,310.9780578613281,165.3460235595703,0.8209980726242065,320.5673828125,78.49844360351562,0.7463831305503845,440.6360778808594,232.60220336914062,0.9077693223953247,488.8252258300781,117.47884368896484,0.9814223051071167,536.892578125,173.5600128173828,0.99339359998703,679.8043823242188,192.39486694335938,0.9681519865989685,907.6892700195312,268.3810729980469,0.16492696106433868
658,85.5476303100586,116.65628051757812,0.9991958737373352,999.2535400390625,79.06684875488281,0.9998666048049927,89.41748809814453,1027.4744873046875,0.999919056892395,1018.6893310546875,1020.659912109375,0.9993390440940857,335.1142883300781,498.078857421875,0.997124969959259,333.7263488769531,610.6725463867188,0.9992921352386475,277.0827331542969,553.1168823242188,0.9986962676048279,386.7316589355469,559.232421875,0.99594646692276,720.5684204101562,497.0597839355469,0.9606627225875854,757.1226806640625,715.1979370117188,0.9997803568840027,691.8355712890625,596.1842651367188,0.9976783394813538,784.6021728515625,568.8427734375,0.9924139380455017,127.73716735839844,34.71302032470703,0.7857178449630737,237.9512481689453,76.26914978027344,0.7719678282737732,259.6897277832031,87.88854217529297,0.7498412132263184,420.5326232910156,139.4527130126953,0.7785806059837341,268.0055236816406,126.90325927734375,0.9244046807289124,317.8855285644531,53.36164093017578,0.9215731024742126,435.2993469238281,223.22976684570312,0.9423384070396423,497.1075134277344,132.0677032470703,0.9775843024253845,513.5425415039062,178.1431427001953,0.3458540141582489,574.10693359375,179.7270965576172,0.9186570048332214,835.265869140625,234.2899932861328,0.9918957352638245
659,85.52122497558594,117.48999786376953,0.9991287589073181,1000.5226440429688,78.35616302490234,0.9998847246170044,90.77044677734375,1029.2552490234375,0.9999210834503174,1022.0293579101562,1020.5858154296875,0.9996707439422607,334.8895568847656,498.9058837890625,0.9984514713287354,334.4614562988281,611.8652954101562,0.9990004897117615,276.1188659667969,554.06640625,0.9974272847175598,386.209228515625,558.0982666015625,0.9972871541976929,718.6787719726562,495.68218994140625,0.9788351058959961,756.52587890625,714.0277709960938,0.9998267292976379,692.2699584960938,594.03466796875,0.9981074333190918,785.0324096679688,566.7898559570312,0.9970576763153076,128.19300842285156,39.162837982177734,0.9779231548309326,235.1375732421875,75.37745666503906,0.8953200578689575,281.28497314453125,66.5848617553711,0.24578134715557098,418.8900451660156,135.379150390625,0.7118499875068665,269.6831359863281,133.36158752441406,0.5397377014160156,316.337158203125,44.52068328857422,0.9684053659439087,437.0379333496094,225.4576416015625,0.7603163123130798,491.62689208984375,115.28477478027344,0.9685759544372559,528.563232421875,168.01504516601562,0.9968446493148804,671.8023681640625,191.86691284179688,0.8826388120651245,844.8150024414062,237.44227600097656,0.43204355239868164
660,84.74986267089844,118.84346008300781,0.9444455504417419,998.5216064453125,77.02066802978516,0.9997972846031189,90.7196273803711,1027.719970703125,0.9999008178710938,1020.9118041992188,1020.428955078125,0.9996815919876099,333.9764099121094,498.7748718261719,0.9976478219032288,335.16888427734375,611.356689453125,0.9991590976715088,275.1336669921875,553.6526489257812,0.9971467852592468,386.5479736328125,555.3928833007812,0.99518883228302,723.1121215820312,497.6583557128906,0.9435038566589355,755.35595703125,714.9201049804688,0.999762237071991,691.5159301757812,594.5516357421875,0.9980370402336121,785.1922607421875,567.614501953125,0.9958184361457825,130.92623901367188,67.74597930908203,0.9969462752342224,215.68310546875,85.69640350341797,0.9110594391822815,255.482666015625,96.26204681396484,0.7472704648971558,426.35333251953125,150.93081665039062,0.7436078190803528,256.4368591308594,142.27589416503906,0.9637081027030945,295.74456787109375,52.0816535949707,0.9918095469474792,434.6887512207031,224.14527893066406,0.905714213848114,484.28546142578125,114.82627868652344,0.9743932485580444,524.7533569335938,168.6917724609375,0.9949060678482056,678.7649536132812,193.42947387695312,0.9553684592247009,824.5771484375,237.78097534179688,0.9771684408187866
661,85.87477111816406,119.34671783447266,0.9921979308128357,999.966552734375,78.65143585205078,0.999638557434082,89.02836608886719,1031.028564453125,0.9997249245643616,1020.698486328125,1019.5617065429688,0.9993537068367004,333.47625732421875,497.3932800292969,0.9943878054618835,334.0397033691406,611.1680297851562,0.9984051585197449,277.7335205078125,555.3101196289062,0.9929719567298889,386.4997253417969,558.0626831054688,0.9933058619499207,714.8690795898438,501.9718017578125,0.9935319423675537,755.4002075195312,713.3583374023438,0.9997214674949646,688.2108764648438,594.6931762695312,0.9968642592430115,782.6195678710938,571.0853271484375,0.9947342872619629,141.92880249023438,95.77332305908203,0.36078453063964844,195.91098022460938,105.42132568359375,0.9389851689338684,235.83738708496094,111.24752807617188,0.9584599137306213,340.7965087890625,112.52045440673828,0.7906674146652222,250.57020568847656,163.80715942382812,0.4251183867454529,263.3851623535156,59.26744842529297,0.881885826587677,429.2934265136719,213.05372619628906,0.881751298904419,489.9046630859375,119.39845275878906,0.9734001755714417,518.3463745117188,174.8238983154297,0.9818601012229919,686.9575805664062,195.46096801757812,0.8450953960418701,789.1875610351562,501.3028259277344,0.5700501799583435
662,85.41722869873047,118.40350341796875,0.9986951947212219,999.760986328125,79.96121215820312,0.999725878238678,90.93069458007812,1029.5606689453125,0.9998047947883606,1024.0933837890625,1020.2135620117188,0.9997081160545349,336.17352294921875,498.3379211425781,0.9945915341377258,333.0780944824219,610.019775390625,0.9991140961647034,275.425537109375,551.5523071289062,0.997735857963562,386.2719421386719,559.0073852539062,0.9967382550239563,718.6213989257812,497.0221252441406,0.9675112366676331,754.9711303710938,714.3519897460938,0.9995842576026917,689.7804565429688,594.7406005859375,0.9970179796218872,784.0344848632812,569.4932861328125,0.9918316006660461,130.33609008789062,158.78240966796875,0.6756317615509033,155.36534118652344,138.95401000976562,0.9767382740974426,200.46974182128906,133.99432373046875,0.7965127825737,365.2535400390625,128.77862548828125,0.8482698202133179,243.99856567382812,181.51133728027344,0.13550320267677307,233.01004028320312,103.83389282226562,0.8375262022018433,431.9635314941406,226.46156311035156,0.9891589283943176,475.8157653808594,110.95512390136719,0.9200744032859802,526.6189575195312,173.16128540039062,0.9979451298713684,679.1299438476562,194.7518768310547,0.9752061367034912,826.2110595703125,235.6328582763672,0.09852347522974014
663,83.86135864257812,114.5250473022461,0.9994183778762817,998.8395385742188,78.88150024414062,0.9998713731765747,89.17064666748047,1028.951171875,0.9998438358306885,1023.7119750976562,1020.6177978515625,0.9996510744094849,333.5859069824219,498.1553649902344,0.9966244697570801,333.9069519042969,609.9772338867188,0.9987761378288269,275.8980407714844,551.8690185546875,0.9981866478919983,386.4352111816406,558.3475952148438,0.9966885447502136,717.541015625,499.177001953125,0.9741094708442688,754.342041015625,713.3193359375,0.9996774196624756,689.915771484375,593.2599487304688,0.9972851276397705,781.9420776367188,571.3478393554688,0.995766282081604,116.11766815185547,178.49864196777344,0.9933373928070068,148.34725952148438,163.6904296875,0.9919295310974121,169.04054260253906,163.4483184814453,0.8647915720939636,380.05535888671875,138.46446228027344,0.921284556388855,258.0601501464844,206.79052734375,0.25239214301109314,207.2818603515625,129.06179809570312,0.8471556305885315,436.6152038574219,225.55848693847656,0.9158911108970642,450.1597900390625,104.09803771972656,0.8911190629005432,501.179931640625,162.95350646972656,0.9882580637931824,675.4815063476562,191.8805694580078,0.9528899192810059,872.5252075195312,257.7283630371094,0.974181056022644
664,86.08513641357422,113.45488739013672,0.9995555281639099,999.9779663085938,78.58526611328125,0.998272180557251,90.10562896728516,1031.476806640625,0.9997435212135315,1020.619384765625,1020.8244018554688,0.9993361830711365,334.2518005371094,498.4258117675781,0.9974138140678406,333.9001770019531,610.1561279296875,0.9991583824157715,275.5358581542969,553.879150390625,0.9989301562309265,387.34527587890625,558.20361328125,0.9963938593864441,723.7312622070312,495.280029296875,0.9749177694320679,753.4818115234375,712.8411254882812,0.9994515776634216,690.2113647460938,593.2662353515625,0.9967526197433472,784.76416015625,567.7092895507812,0.9930232763290405,101.90142822265625,185.72056579589844,0.9942339062690735,140.3563995361328,173.9764862060547,0.946016788482666,164.9951629638672,178.21859741210938,0.943298876285553,356.1004638671875,140.5295867919922,0.9575607180595398,244.3141326904297,221.80267333984375,0.5316609144210815,202.21212768554688,138.75340270996094,0.8610026836395264,420.78790283203125,214.6392364501953,0.9780426025390625,415.1702575683594,97.63682556152344,0.9575155377388,491.7801818847656,158.47511291503906,0.9967813491821289,653.1755981445312,180.86924743652344,0.8240869045257568,863.3427734375,245.8195037841797,0.9976001381874084
665,85.99097442626953,119.5384521484375,0.9998476505279541,998.56640625,79.2070083618164,0.9995984435081482,91.08760833740234,1028.6370849609375,0.9998675584793091,1022.8947143554688,1021.0286254882812,0.9996204376220703,334.6373291015625,497.85693359375,0.9979113936424255,334.44573974609375,610.8460083007812,0.9992085099220276,275.724609375,552.5593872070312,0.9986881613731384,387.85272216796875,558.2887573242188,0.995897650718689,720.159423828125,497.3702392578125,0.9960423707962036,754.0680541992188,714.0154418945312,0.9995953440666199,689.3505859375,592.6887817382812,0.9974427223205566,784.4126586914062,564.9216918945312,0.9933117628097534,88.39607238769531,179.6024932861328,0.8881168961524963,129.13760375976562,172.9776153564453,0.9688073396682739,153.05691528320312,176.00662231445312,0.9799545407295227,336.8005676269531,143.15939331054688,0.9198915362358093,238.2838134765625,224.5313720703125,0.590994656085968,198.87063598632812,133.76480102539062,0.9736037850379944,414.3951721191406,214.4549102783203,0.9726314544677734,403.0787048339844,93.94091796875,0.8268427848815918,480.1919860839844,153.14683532714844,0.9831974506378174,682.6133422851562,181.8467254638672,0.958217442035675,830.328857421875,231.44935607910156,0.9960959553718567
666,85.67788696289062,116.95816040039062,0.9996840953826904,999.8131103515625,76.9879150390625,0.9996572732925415,90.38251495361328,1028.686767578125,0.9998749494552612,1023.2068481445312,1020.9212646484375,0.9997103810310364,333.0338134765625,498.4045715332031,0.9983450174331665,334.96697998046875,610.910888671875,0.999404788017273,274.943115234375,556.3121337890625,0.9982582926750183,387.564453125,557.7925415039062,0.9955523610115051,722.3961791992188,497.3628234863281,0.9975595474243164,754.5712890625,714.2513427734375,0.9996020197868347,689.8016967773438,592.5831909179688,0.9958341121673584,785.0868530273438,564.726318359375,0.9916207790374756,89.02098846435547,178.2219696044922,0.979902446269989,128.4649200439453,170.5871124267578,0.9762412905693054,157.3314208984375,174.91192626953125,0.9965206384658813,339.15875244140625,145.0738983154297,0.9559680223464966,228.35836791992188,224.8655548095703,0.38152191042900085,196.29403686523438,132.001953125,0.9744731783866882,406.8327941894531,215.7972869873047,0.9822184443473816,394.97186279296875,99.36729431152344,0.938502848148346,468.6305847167969,155.40869140625,0.9440105557441711,675.3383178710938,184.9706573486328,0.5182227492332458,829.6588134765625,229.83053588867188,0.9786892533302307
667,85.58187103271484,117.57069396972656,0.9991081357002258,1000.7169799804688,78.98487854003906,0.9997667670249939,89.66921997070312,1029.2066650390625,0.9999101161956787,1022.421875,1020.404052734375,0.9997515082359314,333.503173828125,497.8993835449219,0.9982351064682007,334.06964111328125,610.70263671875,0.9994038343429565,275.4901123046875,553.9771728515625,0.9991421699523926,386.7228698730469,556.889892578125,0.9946423768997192,722.2344360351562,497.3106994628906,0.994051992893219,754.37890625,714.4052734375,0.9996713399887085,690.2456665039062,592.2186279296875,0.9976664781570435,784.6165771484375,563.850341796875,0.9909361004829407,63.86573028564453,174.7124786376953,0.9911090135574341,128.28977966308594,168.1610565185547,0.9872068762779236,156.7091064453125,175.1234130859375,0.9886052012443542,328.0478820800781,149.3436737060547,0.9883983731269836,191.24102783203125,218.0440216064453,0.3872712552547455,193.13677978515625,136.44647216796875,0.9828792214393616,396.5652770996094,221.9940643310547,0.6808434724807739,389.7421569824219,103.63585662841797,0.9702613353729248,464.326171875,155.6334228515625,0.9824796915054321,607.66845703125,179.69155883789062,0.8925248384475708,825.1148681640625,227.54518127441406,0.9533100724220276
668,86.14303588867188,118.28717803955078,0.9874204993247986,999.178955078125,77.87100219726562,0.9998075366020203,90.38668823242188,1029.1424560546875,0.9998960494995117,1023.9688720703125,1021.6245727539062,0.9997084736824036,333.8044128417969,498.0918884277344,0.9985217452049255,333.9974365234375,610.4912719726562,0.9992870688438416,275.4390869140625,553.2589111328125,0.9992493987083435,387.66033935546875,557.0510864257812,0.9943768382072449,719.248779296875,499.2732849121094,0.9914930462837219,754.0103149414062,713.8012084960938,0.9995487332344055,691.1073608398438,592.1151733398438,0.9980607628822327,784.9035034179688,565.5077514648438,0.9874096512794495,35.487125396728516,168.4233856201172,0.9980927109718323,113.96389770507812,165.85125732421875,0.9975742697715759,143.50094604492188,169.65184020996094,0.9712932109832764,318.0094299316406,151.12457275390625,0.9401506781578064,190.62518310546875,222.00473022460938,0.9171724915504456,180.03228759765625,130.59173583984375,0.8338192701339722,378.24176025390625,223.25277709960938,0.9443179965019226,362.2478942871094,106.7265396118164,0.5972191691398621,452.12652587890625,161.43128967285156,0.9811561107635498,659.5394897460938,192.89474487304688,0.8910803198814392,754.155029296875,201.1837158203125,0.9867010712623596
669,85.57189178466797,112.91883850097656,0.884179949760437,1000.1209716796875,79.3957290649414,0.9991018772125244,90.93158721923828,1028.621337890625,0.9998664855957031,1024.9896240234375,1021.05224609375,0.9997678399085999,333.8615417480469,498.35382080078125,0.9982581734657288,334.0790100097656,611.3634643554688,0.9996106028556824,276.33453369140625,553.5272827148438,0.9990041851997375,387.2534484863281,558.4102783203125,0.9935977458953857,719.6122436523438,498.0321350097656,0.994211733341217,753.2769165039062,713.9201049804688,0.9994716048240662,688.44384765625,593.879638671875,0.997739315032959,783.9800415039062,568.5079956054688,0.9933213591575623,14.386480331420898,154.50897216796875,0.9973264932632446,104.42635345458984,161.07489013671875,0.9974472522735596,142.5597686767578,165.87567138671875,0.9557526111602783,280.84375,157.3855743408203,0.9954738020896912,173.1801300048828,220.57557678222656,0.9143556952476501,170.24928283691406,128.82766723632812,0.8265900611877441,317.6407775878906,232.37551879882812,0.9892256855964661,340.4098205566406,111.06433868408203,0.9831468462944031,398.8642272949219,176.21243286132812,0.9817011952400208,653.4758911132812,193.9680633544922,0.9766764044761658,750.211669921875,196.50184631347656,0.3461560904979706
670,97.74705505371094,103.58537292480469,0.5850070714950562,999.6202392578125,79.678466796875,0.9997568726539612,90.48892974853516,1029.9332275390625,0.9997130036354065,1023.0702514648438,1021.5516357421875,0.9997506737709045,334.56610107421875,497.7587890625,0.9982000589370728,333.6534423828125,610.3179931640625,0.9996297359466553,275.64044189453125,552.6665649414062,0.9993653893470764,386.0857849121094,557.44091796875,0.9956974983215332,719.8129272460938,498.717041015625,0.9967237114906311,754.0748291015625,712.553955078125,0.9995482563972473,687.316162109375,595.2457275390625,0.9972782731056213,783.7791137695312,569.8544921875,0.9949874877929688,0.24683237075805664,120.79603576660156,0.7849687933921814,82.62139892578125,150.31399536132812,0.9807708859443665,117.21589660644531,160.47012329101562,0.5858020186424255,254.3672332763672,175.472412109375,0.9721924066543579,112.81255340576172,202.45498657226562,0.8565740585327148,153.4471435546875,124.10047912597656,0.6936531662940979,294.0299987792969,243.53346252441406,0.942249059677124,329.8730773925781,135.7864532470703,0.6876320242881775,395.6421203613281,196.04632568359375,0.994384765625,648.1770629882812,195.83346557617188,0.5366597771644592,658.531982421875,199.3400115966797,0.7518225908279419
671,79.08821868896484,260.5295104980469,0.9601046442985535,998.6304931640625,79.66815948486328,0.9998281002044678,90.91268157958984,1030.08154296875,0.9998935461044312,1022.7811279296875,1020.7738037109375,0.9996540546417236,333.5387268066406,498.2622985839844,0.998460054397583,334.37799072265625,610.74853515625,0.9996005892753601,275.8262634277344,554.0931396484375,0.9993062019348145,385.9540710449219,556.8048706054688,0.9964357614517212,722.0081787109375,496.17303466796875,0.9979538917541504,753.0735473632812,714.2862548828125,0.9996311664581299,688.9483642578125,595.2496337890625,0.9978243112564087,785.258544921875,567.2140502929688,0.996781587600708,-0.5596737861633301,102.84046936035156,0.05460866913199425,58.79583740234375,126.44265747070312,0.9155257344245911,93.97362518310547,138.74095153808594,0.6262153387069702,244.44088745117188,179.42294311523438,0.9900581240653992,94.03508758544922,196.1321258544922,0.19031022489070892,129.0718231201172,112.8353042602539,0.6311188340187073,279.57952880859375,251.63394165039062,0.9805440306663513,323.0617370605469,144.0748748779297,0.5165326595306396,382.92572021484375,197.20709228515625,0.9882134795188904,518.00390625,201.19769287109375,0.7678508758544922,672.7574462890625,197.9392852783203,0.996538519859314
672,80.09286499023438,264.95947265625,0.8712807893753052,999.5369262695312,77.05647277832031,0.9996742010116577,90.2686767578125,1029.573486328125,0.999824583530426,1023.3912963867188,1020.5323486328125,0.9997368454933167,333.09674072265625,498.02923583984375,0.9983610510826111,334.4656066894531,610.4973754882812,0.999536395072937,276.0610046386719,553.7905883789062,0.9994389414787292,386.1885681152344,557.0924682617188,0.9967643022537231,717.5391235351562,496.49761962890625,0.9991143345832825,755.0626831054688,713.3004760742188,0.9997599720954895,686.993896484375,594.834716796875,0.9912782311439514,782.7720336914062,568.6309814453125,0.991928219795227,22.17253875732422,76.29686737060547,0.05939878523349762,55.31654357910156,112.78038024902344,0.9474017024040222,91.7171401977539,123.93693542480469,0.8323695659637451,246.93360900878906,179.44525146484375,0.9907757639884949,103.62864685058594,171.2145233154297,0.6956926584243774,194.89404296875,115.75529479980469,0.9177085757255554,257.4067687988281,245.53160095214844,0.9631289839744568,311.00604248046875,146.85948181152344,0.8243920803070068,350.1180725097656,214.2238006591797,0.3175714910030365,522.1525268554688,211.9092254638672,0.8879882097244263,603.6859741210938,208.50601196289062,0.45800164341926575
673,81.37523651123047,269.9029541015625,0.9774456024169922,998.0048828125,80.81841278076172,0.9998716115951538,88.19200134277344,1029.776123046875,0.9998599290847778,1020.9383544921875,1020.5709838867188,0.9994575381278992,334.26312255859375,497.8417663574219,0.9976440072059631,334.644287109375,610.2697143554688,0.9995465874671936,275.72552490234375,553.284423828125,0.9990164041519165,385.6903381347656,557.1448364257812,0.9959088563919067,719.150634765625,495.5120544433594,0.9988528490066528,754.7347412109375,713.9201049804688,0.999722421169281,689.2767333984375,596.0535278320312,0.9942182302474976,784.2677001953125,564.6146240234375,0.9948768019676208,2.1736841201782227,90.15322875976562,0.10595901310443878,48.4313850402832,112.36710357666016,0.9182823896408081,79.00544738769531,121.90217590332031,0.8136502504348755,242.7094268798828,177.5556182861328,0.9868952631950378,101.5766372680664,170.7429962158203,0.8811122179031372,115.96306610107422,89.17723083496094,0.39690372347831726,256.8729248046875,243.08380126953125,0.9782848954200745,299.6039733886719,156.0598602294922,0.9709146022796631,358.8620300292969,218.93060302734375,0.9875427484512329,557.7890014648438,233.23890686035156,0.6619827151298523,562.164306640625,229.28269958496094,0.22123144567012787
674,80.15111541748047,288.47393798828125,0.9961687922477722,998.4321899414062,76.17724609375,0.9997121691703796,89.6092758178711,1030.51953125,0.9998776912689209,1021.9304809570312,1021.7278442382812,0.9994180202484131,336.2333679199219,498.1929016113281,0.9968088269233704,333.50067138671875,610.36376953125,0.9993952512741089,276.3169860839844,553.4871826171875,0.9987794756889343,386.8217468261719,558.036376953125,0.9971143007278442,722.3382568359375,493.1501159667969,0.9974121451377869,756.1575317382812,714.8738403320312,0.9998631477355957,689.5140991210938,595.2798461914062,0.9973471164703369,785.1083984375,569.1256103515625,0.9948870539665222,2.0276684761047363,106.20787811279297,0.14204896986484528,38.81474685668945,117.81901550292969,0.9062216281890869,76.28740692138672,125.84886932373047,0.6831696033477783,229.23529052734375,178.61160278320312,0.9519397020339966,99.4200439453125,171.83827209472656,0.7922027707099915,85.35930633544922,68.58061981201172,0.7978852391242981,252.50045776367188,242.9447021484375,0.9784039855003357,289.8048095703125,150.35606384277344,0.8410267233848572,343.5318908691406,213.164306640625,0.9987524747848511,499.3432922363281,247.8678741455078,0.7036817669868469,622.2313232421875,235.06903076171875,0.27000194787979126
675,79.3020248413086,300.1985168457031,0.9989362359046936,999.375,77.7049789428711,0.9991331696510315,89.35503387451172,1029.830322265625,0.999859094619751,1025.3358154296875,1021.6929321289062,0.999739944934845,334.9155578613281,498.1972961425781,0.9979683756828308,333.97039794921875,610.7435913085938,0.9994654059410095,275.144287109375,554.774169921875,0.9986036419868469,386.4696044921875,558.0883178710938,0.9965550899505615,720.780029296875,495.60943603515625,0.9964309930801392,755.8261108398438,714.1282348632812,0.9997609257698059,688.4315795898438,597.2218017578125,0.9968950748443604,786.484619140625,569.0830078125,0.9755605459213257,0.1654210090637207,108.76971435546875,0.07479104399681091,32.26893615722656,122.38069915771484,0.8384937644004822,67.4595947265625,130.8552703857422,0.9802066087722778,223.91310119628906,175.12030029296875,0.939582109451294,94.13971710205078,179.05809020996094,0.5702895522117615,84.53009033203125,83.28604888916016,0.9703555107116699,247.90127563476562,240.5749053955078,0.9254456758499146,286.907958984375,150.06784057617188,0.9469903111457825,340.6405029296875,209.4711151123047,0.9869610071182251,512.6498413085938,252.15940856933594,0.981814444065094,655.5055541992188,223.52220153808594,0.13944467902183533
676,78.89282989501953,323.06658935546875,0.9998635053634644,999.3531494140625,76.27792358398438,0.9997077584266663,90.07709503173828,1029.3331298828125,0.9998288154602051,1023.1177978515625,1021.1046142578125,0.9996325969696045,334.2113342285156,498.7166442871094,0.9985333681106567,333.61053466796875,611.1311645507812,0.9993076324462891,276.25372314453125,555.095947265625,0.9985954165458679,386.0619201660156,558.0515747070312,0.9954338669776917,719.4717407226562,494.8041076660156,0.9923543930053711,754.7813110351562,714.3851928710938,0.9998394250869751,689.0968627929688,595.908447265625,0.9976505637168884,786.3687133789062,566.0065307617188,0.9928922653198242,-0.7974057197570801,85.34723663330078,0.03193039819598198,3.9934334754943848,131.0889434814453,0.4308933615684509,17.047901153564453,135.08287048339844,0.9393222332000732,216.2788543701172,171.962890625,0.8965649008750916,14.122489929199219,173.8759307861328,0.7019005417823792,61.4578742980957,93.74964904785156,0.7425925731658936,246.14512634277344,235.7100830078125,0.9918736815452576,274.93719482421875,145.78431701660156,0.9543682932853699,320.00018310546875,199.9207000732422,0.9877789616584778,502.939697265625,248.92889404296875,0.9211492538452148,691.5091552734375,217.3365020751953,0.8053476214408875
677,78.82931518554688,339.5682678222656,0.9949472546577454,999.5994873046875,77.4771499633789,0.9988148212432861,89.2555923461914,1029.0135498046875,0.9998626708984375,1023.6676635742188,1021.0956420898438,0.9996528625488281,334.6492919921875,498.26995849609375,0.9987092018127441,334.2614440917969,611.2845458984375,0.999087929725647,275.97601318359375,554.6893920898438,0.9979516863822937,386.3232421875,556.7247314453125,0.9953560829162598,722.3558349609375,494.0919189453125,0.9882182478904724,754.146484375,713.5428466796875,0.9998433589935303,688.9229736328125,596.1812744140625,0.9974989295005798,785.2064819335938,563.907958984375,0.9926310777664185,-0.06339788436889648,124.83858489990234,0.011371654458343983,9.992002487182617,146.20860290527344,0.6464301943778992,43.15816879272461,146.63951110839844,0.987794041633606,204.7235107421875,175.327392578125,0.8299160599708557,60.26411819458008,191.26705932617188,0.9759846925735474,62.39779281616211,97.4184799194336,0.8020220994949341,241.9884796142578,237.84823608398438,0.9842172861099243,259.73199462890625,144.25657653808594,0.9930223822593689,310.8155517578125,197.6807098388672,0.9970310926437378,511.18218994140625,247.45242309570312,0.9142183661460876,679.5841064453125,221.9466094970703,0.9918265342712402
678,78.73612976074219,351.5046691894531,0.9995782971382141,998.9822998046875,77.7206039428711,0.999816358089447,90.15751647949219,1029.889404296875,0.9998403787612915,1024.5087890625,1021.7713623046875,0.9997993111610413,334.3870849609375,497.6872863769531,0.9977036118507385,334.27398681640625,611.9109497070312,0.9992780089378357,275.678466796875,554.1707763671875,0.9982516169548035,386.5527038574219,557.7333984375,0.9953922033309937,715.9945068359375,497.24969482421875,0.9932836294174194,755.5464477539062,714.9312744140625,0.9998568296432495,691.8177490234375,598.5738525390625,0.9989176988601685,786.2457885742188,562.9287719726562,0.9916537404060364,2.310255765914917,98.56423950195312,0.01832685060799122,9.07832145690918,158.7396240234375,0.6245430707931519,45.16807174682617,155.0712432861328,0.9933826923370361,196.43685913085938,176.50900268554688,0.9707156419754028,68.00769805908203,200.67544555664062,0.9361785054206848,62.4890022277832,101.67807006835938,0.726181149482727,244.90655517578125,238.55201721191406,0.9911038875579834,259.08978271484375,144.20240783691406,0.9710845351219177,305.1954345703125,196.4384307861328,0.9817708134651184,505.5954895019531,242.98690795898438,0.9764877557754517,679.113525390625,226.41810607910156,0.9325532913208008
679,77.6492691040039,355.0301818847656,0.9995996356010437,998.6321411132812,78.53007507324219,0.9996482133865356,89.85040283203125,1029.7764892578125,0.9997897744178772,1023.101318359375,1022.3551025390625,0.9997312426567078,333.34600830078125,497.4650573730469,0.9979419112205505,334.20391845703125,611.5346069335938,0.9990111589431763,275.56121826171875,553.17724609375,0.9988611936569214,386.26190185546875,556.3251342773438,0.9949774146080017,717.0101318359375,496.95013427734375,0.9937011003494263,754.6414184570312,714.2289428710938,0.9998549222946167,690.5270385742188,596.7355346679688,0.9986094236373901,785.00341796875,562.84326171875,0.9943201541900635,25.141084671020508,106.51927947998047,0.03894589841365814,4.9600911140441895,155.66412353515625,0.8065527677536011,39.123748779296875,156.56179809570312,0.9258933067321777,206.2348175048828,178.85777282714844,0.8431214094161987,40.10727310180664,196.64309692382812,0.7171923518180847,59.39508819580078,108.63951110839844,0.8844777345657349,242.73060607910156,236.2227325439453,0.949557900428772,256.6403503417969,144.40008544921875,0.9233425855636597,305.9848327636719,192.5777130126953,0.9978917241096497,494.1847839355469,238.363037109375,0.8429536819458008,636.637939453125,234.01637268066406,0.6663201451301575
680,78.34481048583984,356.1611022949219,0.9995551705360413,997.6950073242188,78.13316345214844,0.9997175335884094,89.01153564453125,1030.316162109375,0.9998192191123962,1022.9428100585938,1020.4864501953125,0.9996825456619263,333.47955322265625,498.0284118652344,0.9983577132225037,334.4209899902344,611.322998046875,0.9992107152938843,275.49102783203125,555.4459838867188,0.998677670955658,386.8489685058594,556.6796264648438,0.9967761635780334,716.5596313476562,497.75225830078125,0.9943389296531677,755.77734375,714.1767578125,0.9998142123222351,689.3143920898438,593.3829345703125,0.9977908134460449,784.747802734375,565.2457885742188,0.9947248101234436,-0.1736307144165039,121.03944396972656,0.026190590113401413,8.68819808959961,157.53005981445312,0.48305732011795044,36.62311553955078,167.06373596191406,0.8065985441207886,196.093017578125,178.1890411376953,0.9528658390045166,63.46173858642578,211.47645568847656,0.878386914730072,62.473243713378906,112.55924224853516,0.7800554633140564,245.14682006835938,237.4147491455078,0.9936070442199707,265.3232421875,148.14683532714844,0.952521800994873,307.6985168457031,195.11390686035156,0.9977558255195618,503.585693359375,239.63540649414062,0.7967371344566345,674.83935546875,231.02207946777344,0.9810593724250793
681,82.00650787353516,350.84600830078125,0.8481944799423218,998.3344116210938,77.21484375,0.9998964071273804,89.98319244384766,1028.92236328125,0.9998722076416016,1022.5099487304688,1021.3594360351562,0.9994515776634216,335.4215393066406,497.58074951171875,0.997627317905426,333.6793212890625,610.9739379882812,0.9992194175720215,275.5378112792969,554.86181640625,0.9983150959014893,387.2851257324219,558.0730590820312,0.9975581169128418,716.8158569335938,496.8619079589844,0.974809467792511,755.00927734375,714.166748046875,0.9998156428337097,691.1259765625,595.7606201171875,0.9975615739822388,783.3814697265625,562.3130493164062,0.9932559728622437,24.241474151611328,119.4806137084961,0.06459889560937881,3.987938642501831,113.03519439697266,0.12345629185438156,15.099926948547363,147.62132263183594,0.522031307220459,200.12762451171875,178.3921356201172,0.9739570021629333,38.37607955932617,206.71299743652344,0.44517067074775696,21.333717346191406,104.67384338378906,0.6308713555335999,246.3106689453125,238.30006408691406,0.9903717041015625,266.8468017578125,147.38027954101562,0.9482885599136353,313.2235412597656,197.56658935546875,0.9989548921585083,507.3286437988281,242.2696990966797,0.9325567483901978,689.4058227539062,233.21307373046875,0.9984111785888672
682,79.64593505859375,337.0678405761719,0.8462754487991333,999.3057861328125,78.41393280029297,0.9999090433120728,89.60771179199219,1030.689208984375,0.9998644590377808,1021.7257080078125,1021.2982788085938,0.9996198415756226,333.6141052246094,498.23663330078125,0.9978950023651123,333.8304138183594,610.0872192382812,0.9994576573371887,276.6826171875,556.4134521484375,0.9995065927505493,386.6965637207031,556.6240234375,0.9959374666213989,717.966064453125,495.5267639160156,0.9978861212730408,755.6188354492188,714.0723266601562,0.9998412132263184,689.8560180664062,594.5463256835938,0.9957928657531738,781.9588012695312,566.813232421875,0.9932253956794739,6.010102272033691,189.45225524902344,0.04656276851892471,18.033933639526367,176.1865997314453,0.08817262947559357,68.42826843261719,169.35519409179688,0.9735695123672485,200.1421661376953,176.0425567626953,0.9775552749633789,85.90437316894531,203.90814208984375,0.5401318669319153,12.803705215454102,129.080810546875,0.8084226250648499,247.8596649169922,237.25584411621094,0.9754648804664612,266.2184143066406,145.8586883544922,0.9923105239868164,311.7756042480469,195.34629821777344,0.998927891254425,506.0893249511719,243.23126220703125,0.9843116402626038,613.5303955078125,242.47406005859375,0.9714221358299255
683,78.92485046386719,332.86175537109375,0.9741332530975342,997.8025512695312,81.45128631591797,0.9999347925186157,89.89727020263672,1028.94189453125,0.9997835755348206,1022.2636108398438,1022.171630859375,0.9991282820701599,336.1042175292969,498.49566650390625,0.9982144832611084,333.55615234375,610.7499389648438,0.9994937181472778,276.4957580566406,555.3989868164062,0.9989639520645142,385.6567687988281,556.194091796875,0.996157705783844,717.715087890625,494.1394348144531,0.9978407621383667,756.8345947265625,713.8095703125,0.9998003840446472,692.2511596679688,595.859130859375,0.9980736970901489,783.6412963867188,568.9529418945312,0.9953747391700745,25.90871810913086,246.0919647216797,0.06099973991513252,54.315269470214844,180.32186889648438,0.2965894043445587,78.29146575927734,170.59344482421875,0.98435378074646,200.22523498535156,172.1654510498047,0.9759131669998169,83.02967071533203,217.10964965820312,0.40982091426849365,89.78429412841797,108.25205993652344,0.7918916344642639,246.23550415039062,237.4276580810547,0.9963085055351257,267.912841796875,145.60018920898438,0.9766482710838318,314.9187316894531,192.958984375,0.9963904023170471,508.66357421875,245.43775939941406,0.9641464352607727,616.6002807617188,241.7623291015625,0.9489798545837402
684,79.50355529785156,340.2474670410156,0.8388952016830444,1000.8521118164062,80.21194458007812,0.9998799562454224,91.90340423583984,1029.9932861328125,0.9998823404312134,1021.632568359375,1021.46142578125,0.9991148114204407,334.8518371582031,497.43011474609375,0.9982341527938843,334.2242736816406,611.9597778320312,0.9993284940719604,275.5611572265625,555.5762329101562,0.9975950121879578,386.3981018066406,557.7652587890625,0.9958676099777222,717.7373657226562,494.7030334472656,0.9976465106010437,755.7083129882812,713.3192138671875,0.9996024966239929,691.6917724609375,595.4871215820312,0.997247040271759,782.5108642578125,564.6050415039062,0.9954831600189209,29.761022567749023,271.95355224609375,0.3596823513507843,57.5903205871582,206.32691955566406,0.49611523747444153,64.76298522949219,197.5644989013672,0.8279310464859009,212.95782470703125,172.82481384277344,0.9873363375663757,96.15686798095703,207.98358154296875,0.9224167466163635,93.45398712158203,124.97966766357422,0.6213739514350891,253.0665740966797,236.39520263671875,0.9395984411239624,265.41864013671875,139.02081298828125,0.9827938079833984,318.9926452636719,190.6243438720703,0.992705762386322,516.3240356445312,250.6234130859375,0.9895312786102295,618.3079223632812,238.64175415039062,0.9232732653617859
685,78.08686828613281,345.1004943847656,0.23566696047782898,998.9042358398438,79.37081909179688,0.9998413324356079,91.27580261230469,1030.101806640625,0.9999116659164429,1020.7077026367188,1021.3566284179688,0.999423623085022,336.7519226074219,497.4999694824219,0.9923086166381836,334.1470031738281,610.7247924804688,0.9992014765739441,276.2373352050781,554.1473388671875,0.9979530572891235,386.3944396972656,556.54150390625,0.9958320260047913,718.172119140625,496.9048156738281,0.9969513416290283,756.64013671875,713.6926879882812,0.9997363686561584,691.9833984375,596.3772583007812,0.9986943602561951,783.5116577148438,568.7924194335938,0.9945376515388489,61.13713455200195,261.98712158203125,0.08769271522760391,65.86279296875,214.76998901367188,0.9120621085166931,86.43653869628906,201.12403869628906,0.8811269402503967,215.7698516845703,176.1953887939453,0.9901983737945557,20.9854793548584,249.4632110595703,0.432515025138855,44.38642883300781,146.95864868164062,0.7011086344718933,250.89364624023438,234.32264709472656,0.9657841324806213,269.4270935058594,144.54107666015625,0.9880487322807312,315.7104797363281,186.8898162841797,0.9923800230026245,505.9669189453125,245.464599609375,0.9760192036628723,614.8963623046875,240.6448974609375,0.9793773293495178
686,-0.9950685501098633,153.0039520263672,0.02755063958466053,1000.4362182617188,78.1688461303711,0.9996469020843506,91.13179016113281,1028.9754638671875,0.9998152852058411,1022.8093872070312,1020.512939453125,0.9995922446250916,337.25811767578125,498.370849609375,0.9927612543106079,335.29705810546875,611.8570556640625,0.9986509680747986,276.1676025390625,554.3678588867188,0.9980915188789368,385.0142517089844,556.150146484375,0.9941932559013367,721.56982421875,495.70648193359375,0.9952405691146851,755.9392700195312,713.2620849609375,0.9998475313186646,691.427490234375,600.171630859375,0.996906578540802,784.1931762695312,572.2297973632812,0.9918862581253052,56.981178283691406,284.8941650390625,0.8651970624923706,23.990102767944336,176.3722381591797,0.7914442420005798,87.14860534667969,210.50059509277344,0.7612478733062744,216.7306365966797,177.8750762939453,0.9900492429733276,121.85363006591797,239.28079223632812,0.8349568843841553,55.305877685546875,150.47628784179688,0.5533781051635742,254.9789276123047,233.81210327148438,0.9833508133888245,278.7803649902344,142.76809692382812,0.9536775946617126,315.0692443847656,183.93185424804688,0.9934817552566528,528.5399169921875,240.7019500732422,0.8170129060745239,620.2437133789062,233.6693878173828,0.8709802031517029
687,0.9649772644042969,157.4274139404297,0.0788857489824295,999.9225463867188,78.20044708251953,0.999675989151001,90.81787109375,1029.19677734375,0.9998528957366943,1023.3145141601562,1021.3428344726562,0.9994150400161743,338.2347717285156,498.9746398925781,0.9977265000343323,333.49090576171875,610.812744140625,0.9994003772735596,276.89794921875,553.1979370117188,0.9978784322738647,385.52197265625,556.9340209960938,0.9978317618370056,719.6969604492188,495.4530944824219,0.9945293068885803,756.9935302734375,714.677734375,0.9998621940612793,691.2657470703125,595.35107421875,0.9982879757881165,783.7002563476562,567.2687377929688,0.9956951141357422,9.42105484008789,281.8034362792969,0.44763612747192383,17.02977752685547,186.2366180419922,0.4996522068977356,103.96605682373047,204.5274200439453,0.9388684034347534,212.52203369140625,174.87881469726562,0.9941300749778748,113.07202911376953,251.46340942382812,0.9229317903518677,66.3385009765625,155.2523193359375,0.7592518925666809,253.57537841796875,234.0203094482422,0.9093038439750671,264.283935546875,138.96981811523438,0.891688883304596,310.1158142089844,179.412353515625,0.9976704716682434,503.5391540527344,228.93389892578125,0.5996739268302917,614.0844116210938,236.1949005126953,0.9446224570274353
688,1.7948260307312012,158.46307373046875,0.29615405201911926,1001.0266723632812,77.6590576171875,0.9993785619735718,90.96150970458984,1028.523193359375,0.9998718500137329,1022.899169921875,1021.7906494140625,0.999531626701355,335.67059326171875,498.11541748046875,0.996918797492981,333.8830261230469,611.7765502929688,0.9994246959686279,277.0630187988281,553.9620971679688,0.9986648559570312,386.6627197265625,558.1185913085938,0.996052622795105,720.0692138671875,497.0289306640625,0.9969862103462219,756.5285034179688,715.5971069335938,0.9998204112052917,691.4624633789062,597.9634399414062,0.9988813996315002,782.9530639648438,569.3117065429688,0.9954387545585632,83.75020599365234,318.168701171875,0.16717036068439484,3.9196817874908447,173.9480438232422,0.28335845470428467,101.7493667602539,209.86871337890625,0.8631661534309387,211.92889404296875,176.7436065673828,0.9963047504425049,111.28704071044922,247.69573974609375,0.49551400542259216,60.84416580200195,163.47486877441406,0.6102666258811951,254.34519958496094,235.84202575683594,0.9803490042686462,272.7860412597656,141.76095581054688,0.969280481338501,315.39703369140625,183.81939697265625,0.9983591437339783,501.5639953613281,231.95513916015625,0.8869143724441528,613.6984252929688,231.96360778808594,0.9928955435752869
689,20.95184326171875,122.01748657226562,0.7107993364334106,1001.075439453125,79.2944564819336,0.9995450377464294,91.43061828613281,1028.2340087890625,0.999826967716217,1021.8158569335938,1021.479248046875,0.9994356036186218,336.10711669921875,498.6002502441406,0.9964759945869446,334.51397705078125,611.8529052734375,0.9991434812545776,276.9677734375,553.5270385742188,0.9982942938804626,386.2939758300781,557.2950439453125,0.9972901344299316,717.9925537109375,495.93194580078125,0.9983400106430054,757.4048461914062,714.7117309570312,0.9998378753662109,691.1450805664062,596.1389770507812,0.9973203539848328,782.7484741210938,566.8720703125,0.9901954531669617,1.7629380226135254,174.05160522460938,0.20092208683490753,37.312477111816406,192.3612518310547,0.6970986127853394,64.6219482421875,196.7431182861328,0.4560082256793976,202.8483123779297,178.4481964111328,0.9870461225509644,63.140220642089844,252.24652099609375,0.3199642300605774,76.9986343383789,134.80072021484375,0.7264564037322998,254.2918701171875,237.42982482910156,0.9706799983978271,265.6475830078125,142.20913696289062,0.8896036148071289,316.20330810546875,185.22743225097656,0.997990608215332,516.1492919921875,243.21067810058594,0.9140563011169434,614.9169921875,235.32273864746094,0.9797724485397339
690,77.22789001464844,354.55474853515625,0.9998986721038818,1001.021484375,77.48465728759766,0.9997426867485046,91.09175872802734,1030.4720458984375,0.9998753070831299,1020.6546630859375,1019.472900390625,0.9994481205940247,333.34619140625,498.7516174316406,0.9984215497970581,335.1257629394531,610.9918823242188,0.9992029070854187,276.39453125,554.671630859375,0.9987516403198242,386.1039733886719,556.3594970703125,0.9956274032592773,714.6785888671875,497.519287109375,0.9992955923080444,754.5452270507812,714.9077758789062,0.9998798370361328,689.1611938476562,592.4052124023438,0.9980717301368713,782.446533203125,564.9446411132812,0.9971370697021484,2.3457813262939453,138.1026153564453,0.06029168516397476,7.507176876068115,146.0679168701172,0.46876052021980286,41.31755447387695,175.32437133789062,0.8690293431282043,201.9072265625,184.72872924804688,0.9004051089286804,33.00956344604492,225.5934295654297,0.10650667548179626,78.72368621826172,137.74879455566406,0.5545971989631653,246.81893920898438,238.93270874023438,0.9632735252380371,254.40524291992188,146.74502563476562,0.9696933627128601,315.221923828125,187.88726806640625,0.9984222650527954,514.1737060546875,241.5820770263672,0.8773328065872192,621.6876831054688,229.24205017089844,0.9570918083190918
691,83.45471954345703,335.6963195800781,0.9995667338371277,999.4157104492188,79.63545989990234,0.9995297193527222,89.02276611328125,1029.7535400390625,0.999900221824646,1022.7462158203125,1020.7522583007812,0.9997181296348572,334.0244140625,498.0464172363281,0.9980999827384949,333.7956848144531,611.3703002929688,0.9989354014396667,275.78448486328125,553.0186157226562,0.9987892508506775,385.8453063964844,555.17578125,0.9970225691795349,716.5532836914062,496.00457763671875,0.9982878565788269,756.3484497070312,714.4790649414062,0.999883770942688,688.0598754882812,595.1205444335938,0.9977389574050903,784.2232666015625,568.247314453125,0.9973680377006531,21.54322052001953,85.5562515258789,0.33701369166374207,10.729270935058594,128.5103302001953,0.8692620396614075,37.36716842651367,147.47146606445312,0.9412093162536621,187.423583984375,182.14132690429688,0.8895085453987122,10.48204517364502,172.95928955078125,0.21651959419250488,73.67649841308594,121.01020050048828,0.9333860278129578,233.92764282226562,239.2703857421875,0.9303976893424988,240.1568603515625,146.91644287109375,0.9788546562194824,304.20794677734375,188.39407348632812,0.99934321641922,502.1319274902344,238.37770080566406,0.6866626739501953,600.0538940429688,243.3622589111328,0.7924473285675049
692,81.80603790283203,326.1483154296875,0.9996895790100098,1000.6156616210938,81.22322082519531,0.9997196793556213,89.7124252319336,1029.776611328125,0.9999064207077026,1024.2403564453125,1021.249267578125,0.9997140765190125,333.3117980957031,498.1191711425781,0.9979947805404663,334.75201416015625,611.5188598632812,0.9993808269500732,275.1172180175781,554.905517578125,0.9988133907318115,386.0419921875,554.6535034179688,0.997139573097229,718.8173828125,495.2062072753906,0.9982134103775024,754.53955078125,714.9122924804688,0.9998430013656616,688.0285034179688,593.6748046875,0.9977486729621887,781.6629028320312,568.517822265625,0.9951946139335632,4.646014213562012,74.81982421875,0.36729034781455994,4.59412956237793,102.31565856933594,0.6573341488838196,18.924312591552734,125.78142547607422,0.9023848176002502,173.69004821777344,176.13116455078125,0.9620012044906616,34.559242248535156,205.7093048095703,0.343286395072937,65.7980728149414,117.93323516845703,0.9629233479499817,224.9633026123047,239.66429138183594,0.9232187867164612,209.08148193359375,136.5577392578125,0.9359649419784546,290.0617370605469,184.67898559570312,0.9979996085166931,488.75128173828125,231.13307189941406,0.9111737608909607,590.8672485351562,239.52769470214844,0.42280063033103943
693,82.08403778076172,308.7104797363281,0.9987615346908569,1001.489501953125,81.92984771728516,0.9995197057723999,90.63123321533203,1028.94189453125,0.9998251795768738,1022.7822875976562,1020.9736328125,0.9996483325958252,334.3865966796875,498.48333740234375,0.9982296824455261,333.3836364746094,612.1495361328125,0.999539852142334,275.348876953125,554.1851806640625,0.9986120462417603,386.6089782714844,555.5320434570312,0.9981217980384827,716.8629760742188,495.9981689453125,0.9987725615501404,755.814208984375,715.246337890625,0.999832034111023,689.48681640625,592.6832275390625,0.9984347224235535,782.7942504882812,566.7041015625,0.9978600144386292,-1.6317105293273926,59.055946350097656,0.1746508777141571,2.5377540588378906,77.6292724609375,0.6098518967628479,11.786848068237305,96.79640197753906,0.7235293984413147,159.4874725341797,180.44476318359375,0.9929474592208862,34.6905517578125,193.62693786621094,0.8583745956420898,60.803829193115234,86.9795150756836,0.8585391044616699,211.53233337402344,236.7644805908203,0.9840148091316223,213.39952087402344,141.34072875976562,0.9729803800582886,272.2088317871094,183.04661560058594,0.9976298809051514,483.32574462890625,229.8076934814453,0.903754711151123,586.0171508789062,239.38992309570312,0.9645440578460693
694,80.79832458496094,288.8211975097656,0.8106695413589478,999.6002807617188,80.53277587890625,0.9998169541358948,91.46353149414062,1028.2381591796875,0.9999105930328369,1023.6348876953125,1021.0755615234375,0.9997462630271912,333.4592590332031,498.1387939453125,0.9986271858215332,334.55352783203125,612.16015625,0.9992755055427551,275.570556640625,554.6318359375,0.9990272521972656,387.251220703125,555.3677368164062,0.9965897798538208,719.8814697265625,497.38665771484375,0.9983136653900146,757.147216796875,714.758544921875,0.9998931884765625,688.4378662109375,592.1399536132812,0.9976365566253662,784.0125732421875,564.6106567382812,0.997814416885376,2.087383270263672,67.4413833618164,0.044795744121074677,19.612516403198242,101.7146987915039,0.36196383833885193,32.7005500793457,106.18164825439453,0.9031910300254822,133.93829345703125,170.2325439453125,0.8307682871818542,17.13821792602539,160.6232452392578,0.8106330037117004,64.8120346069336,80.63252258300781,0.871435284614563,203.5731658935547,238.0149688720703,0.4782801866531372,190.9713592529297,143.4746551513672,0.9897212386131287,257.3275451660156,184.22146606445312,0.9953179359436035,461.7500305175781,222.85244750976562,0.6028478145599365,582.0164184570312,231.20730590820312,0.9879789352416992
695,79.43488311767578,286.3376159667969,0.9844425320625305,1000.3631591796875,82.34211730957031,0.9998675584793091,90.36445617675781,1027.392822265625,0.9999080896377563,1022.838134765625,1021.3319091796875,0.9997393488883972,335.2724609375,497.56622314453125,0.9966096878051758,333.64794921875,610.9298706054688,0.9995768666267395,275.60125732421875,553.7538452148438,0.9989653825759888,386.5918884277344,557.2760620117188,0.9969075322151184,716.45654296875,497.8544006347656,0.9980133771896362,757.177490234375,714.8601684570312,0.9998111128807068,690.6035766601562,596.0197143554688,0.9990284442901611,782.9228515625,566.9134521484375,0.9973201155662537,205.16610717773438,254.44801330566406,0.03606998920440674,0.8239350318908691,75.81377410888672,0.2313026785850525,11.433841705322266,81.14532470703125,0.35163265466690063,131.2670135498047,171.2539520263672,0.9818295240402222,11.088623046875,166.77020263671875,0.8376362323760986,37.92330551147461,37.39225769042969,0.5538386106491089,158.2825927734375,234.3391876220703,0.921172022819519,182.93899536132812,143.13967895507812,0.9734520316123962,237.22459411621094,190.02783203125,0.9817112684249878,307.40606689453125,202.71424865722656,0.7609390020370483,392.0255126953125,218.8009796142578,0.5059719085693359
696,147.7802276611328,106.09053802490234,0.11964612454175949,1001.0318603515625,81.69847869873047,0.9997385144233704,89.8534164428711,1029.69775390625,0.9998869895935059,1023.3443603515625,1021.0935668945312,0.9995073080062866,336.88348388671875,497.9466552734375,0.9972894191741943,332.40521240234375,610.8746948242188,0.9996463060379028,275.9234924316406,552.8165893554688,0.9991254210472107,387.38812255859375,558.3189086914062,0.9959120750427246,721.3355712890625,496.6595153808594,0.9971444010734558,756.2568359375,713.874267578125,0.9996687173843384,691.5974731445312,596.9993286132812,0.9987336993217468,784.5234375,567.8890380859375,0.9971266388893127,5.561620235443115,2.481966972351074,0.011149243451654911,4.435068607330322,25.71773910522461,0.153850257396698,13.509328842163086,42.0142936706543,0.6959720253944397,109.77652740478516,160.5530548095703,0.9968791007995605,5.049102783203125,134.5220947265625,0.15621919929981232,48.739566802978516,10.671940803527832,0.25175726413726807,97.4949951171875,219.8056640625,0.16946271061897278,176.28790283203125,147.31591796875,0.9540358185768127,205.31703186035156,197.4219512939453,0.9935120940208435,451.7378234863281,256.10504150390625,0.8812072277069092,559.2072143554688,244.9724578857422,0.2815548777580261
697,79.01837921142578,272.05926513671875,0.7142568826675415,999.6103515625,80.292236328125,0.9996545314788818,89.14547729492188,1030.2744140625,0.9999076128005981,1023.0055541992188,1021.0064697265625,0.9998162388801575,335.0184631347656,497.5929260253906,0.9954593777656555,332.66363525390625,610.8304443359375,0.9996522665023804,275.6572570800781,554.56884765625,0.9985400438308716,386.1592712402344,556.9860229492188,0.9962365031242371,719.9488525390625,495.2823181152344,0.9930241107940674,755.9786376953125,713.0740356445312,0.999541163444519,692.5659790039062,599.9219360351562,0.9970519542694092,784.953369140625,567.0285034179688,0.9967345595359802,3.9061684608459473,2.896512985229492,0.03426206484436989,2.6693763732910156,4.921666622161865,0.05282128229737282,6.621640205383301,26.13055992126465,0.10173016786575317,92.98436737060547,154.89773559570312,0.9371626973152161,25.34444236755371,121.67115783691406,0.4441455006599426,6.576836585998535,1.6831638813018799,0.04314395785331726,99.08152770996094,217.25247192382812,0.9671922326087952,147.95179748535156,134.62635803222656,0.8294817805290222,179.7511444091797,206.65036010742188,0.9933992624282837,256.6737976074219,238.76104736328125,0.2997705936431885,292.5621643066406,263.5696105957031,0.6304495334625244
698,78.47123718261719,264.71356201171875,0.9878736138343811,1002.4669799804688,80.87297058105469,0.9995195865631104,90.15485382080078,1028.953857421875,0.9998699426651001,1023.4944458007812,1020.460205078125,0.9997305274009705,334.97735595703125,497.9020690917969,0.9969602227210999,333.8746337890625,611.0284423828125,0.9996117949485779,276.0262145996094,553.7307739257812,0.9981123208999634,386.5786437988281,556.58251953125,0.9978183507919312,719.6224365234375,495.91357421875,0.9946982860565186,756.1817016601562,713.1858520507812,0.9997014403343201,691.7777099609375,595.8571166992188,0.9990767240524292,784.3840942382812,566.79052734375,0.9973195195198059,13.176280975341797,3.817570447921753,0.06017998233437538,6.5803542137146,11.072860717773438,0.33646297454833984,19.309303283691406,16.06923484802246,0.7219192385673523,103.51058959960938,156.20404052734375,0.9562157392501831,3.294543504714966,89.1125259399414,0.34888800978660583,72.68413543701172,15.808643341064453,0.05721001699566841,103.88117980957031,218.1309814453125,0.4667997360229492,162.10934448242188,143.33084106445312,0.9868740439414978,181.36305236816406,203.27198791503906,0.9850923418998718,298.8277893066406,259.64898681640625,0.8907608985900879,472.2001953125,277.15069580078125,0.3930048942565918
699,77.06478881835938,252.50872802734375,0.9821367859840393,998.9952392578125,77.54151916503906,0.999619722366333,90.78046417236328,1028.264892578125,0.9999083280563354,1023.3652954101562,1020.7552490234375,0.9997990727424622,334.3919677734375,497.8155517578125,0.995798647403717,332.8381042480469,610.690185546875,0.999526858329773,276.46759033203125,553.1800537109375,0.9979814291000366,386.031494140625,558.0676879882812,0.9963535070419312,717.5830078125,496.2640686035156,0.997153639793396,756.9210205078125,714.8897705078125,0.9997933506965637,691.61083984375,596.4761962890625,0.9992014765739441,784.6156616210938,568.3310546875,0.9972642660140991,17.270919799804688,6.245331764221191,0.09425898641347885,21.4741268157959,20.25998306274414,0.8946932554244995,27.205476760864258,42.82900619506836,0.775015652179718,106.62462615966797,141.26898193359375,0.7807970643043518,4.899866104125977,67.72103118896484,0.400601863861084,80.78540802001953,19.753398895263672,0.1857115477323532,119.09896850585938,202.2850341796875,0.9433637857437134,168.46083068847656,132.0218048095703,0.41059961915016174,193.7429656982422,201.7192840576172,0.9913709163665771,310.1870422363281,268.6755676269531,0.9323009252548218,421.0812683105469,300.40155029296875,0.07849383354187012
700,79.64427947998047,243.20542907714844,0.9777513742446899,999.4324951171875,81.21800231933594,0.9998730421066284,89.22933197021484,1028.344482421875,0.9999017715454102,1021.4476318359375,1020.044677734375,0.9994932413101196,335.46600341796875,497.98797607421875,0.9976803064346313,333.6579895019531,611.2327270507812,0.9996650218963623,276.4658203125,553.0278930664062,0.9985449314117432,386.4866943359375,557.9035034179688,0.9961569905281067,723.6632080078125,494.88592529296875,0.9861728549003601,754.0070190429688,713.76025390625,0.9997593760490417,691.1978149414062,595.046142578125,0.999292254447937,784.104736328125,571.291259765625,0.9934850335121155,32.12992477416992,7.086877346038818,0.29695871472358704,42.1538200378418,17.947969436645508,0.7602478265762329,49.1173210144043,35.21398162841797,0.8915876150131226,76.21723937988281,122.77694702148438,0.6119264960289001,14.037399291992188,50.054073333740234,0.9622416496276855,67.73682403564453,54.537376403808594,0.06697826087474823,111.7645492553711,200.6221160888672,0.2153179943561554,88.97200012207031,138.3263702392578,0.015036024153232574,202.08090209960938,205.00634765625,0.9389835596084595,308.50067138671875,266.8214111328125,0.9930518865585327,405.88916015625,299.176025390625,0.9919561147689819
701,80.71492004394531,238.831787109375,0.9790074825286865,1000.24072265625,80.03668212890625,0.9997101426124573,90.11975860595703,1028.654541015625,0.9999123811721802,1022.5780639648438,1021.2186889648438,0.9995458722114563,334.3736267089844,498.1917724609375,0.9978480339050293,335.0723876953125,611.6176147460938,0.9995782971382141,275.4564514160156,555.2705688476562,0.9984419941902161,385.9637756347656,556.2992553710938,0.997901439666748,717.6599731445312,494.9828186035156,0.9943879246711731,755.0623168945312,713.6326293945312,0.9998180270195007,690.760009765625,592.79736328125,0.9987062215805054,784.197998046875,568.9223022460938,0.9960118532180786,61.42074203491211,3.3505988121032715,0.040428683161735535,50.2186164855957,13.344616889953613,0.2909410893917084,57.388328552246094,32.64051055908203,0.9305286407470703,108.08966064453125,137.88145446777344,0.8754598498344421,10.484710693359375,76.99088287353516,0.3878685235977173,87.64213562011719,42.30126953125,0.01436217874288559,65.02713012695312,167.91574096679688,0.055978722870349884,185.1605987548828,140.19493103027344,0.021227622404694557,204.1572265625,204.46485900878906,0.7058874368667603,309.7572326660156,262.54736328125,0.9840765595436096,409.0613708496094,303.39178466796875,0.9888660311698914
702,80.4884262084961,232.82215881347656,0.9886802434921265,999.7554321289062,79.03470611572266,0.9996778964996338,90.54698181152344,1028.797607421875,0.9998544454574585,1021.9178466796875,1020.8051147460938,0.9995700716972351,334.565673828125,497.8100280761719,0.9979459643363953,335.0037841796875,611.2415771484375,0.9993239641189575,276.1730041503906,554.6735229492188,0.9986804127693176,387.0850524902344,556.2167358398438,0.9981719255447388,719.2848510742188,494.96624755859375,0.9954338669776917,754.2560424804688,713.5731201171875,0.999808132648468,691.921630859375,594.45263671875,0.9991915822029114,783.9066162109375,569.602783203125,0.995149552822113,63.127891540527344,4.1856818199157715,0.06073326617479324,1.4688539505004883,36.350929260253906,0.41785675287246704,11.03364086151123,45.574832916259766,0.6427086591720581,97.53120422363281,125.06829071044922,0.8960089683532715,23.09523582458496,90.80474853515625,0.892672061920166,25.43110466003418,3.7684786319732666,0.09840766340494156,63.5190315246582,164.9102783203125,0.03483801707625389,5.28953218460083,60.786258697509766,0.008589630015194416,203.1270294189453,198.9561309814453,0.9036597013473511,307.57574462890625,265.5158386230469,0.9492537975311279,406.3721618652344,304.6200866699219,0.7933621406555176
703,213.79147338867188,105.5057601928711,0.9780681729316711,999.1226196289062,77.38600158691406,0.9995946288108826,88.99032592773438,1028.860107421875,0.9998778104782104,1022.2415161132812,1020.64208984375,0.9997438788414001,335.4012145996094,498.24774169921875,0.9980769157409668,334.6343994140625,611.689208984375,0.9994814991950989,276.7447509765625,553.8619384765625,0.9992488026618958,387.3433837890625,556.5574340820312,0.9976838827133179,724.1780395507812,495.1438903808594,0.9914147257804871,756.0572509765625,715.1237182617188,0.9998492002487183,691.3604736328125,593.3816528320312,0.9982494115829468,784.1571044921875,570.2794799804688,0.9969298243522644,1.5490083694458008,2.9730749130249023,0.014033199287950993,3.858353853225708,34.63030242919922,0.4376767873764038,19.70807456970215,43.66594696044922,0.5389078259468079,111.9258041381836,146.93630981445312,0.2901633381843567,20.425426483154297,93.92515563964844,0.9649035334587097,99.76746368408203,58.132774353027344,0.1572514772415161,93.4088363647461,157.66693115234375,0.008348981849849224,206.25,196.26730346679688,0.011312965303659439,205.50082397460938,201.65045166015625,0.9234110713005066,311.06591796875,263.3678283691406,0.9888632297515869,403.95721435546875,304.8647155761719,0.5602710843086243
704,82.32321166992188,229.9915771484375,0.9510950446128845,999.9093017578125,80.4192123413086,0.999484658241272,90.22405242919922,1029.1207275390625,0.9998488426208496,1022.6214599609375,1020.5446166992188,0.9995928406715393,335.0526428222656,498.3078308105469,0.9975536465644836,334.2139587402344,612.0895385742188,0.9995018243789673,276.9281005859375,555.4318237304688,0.9993988275527954,387.55419921875,558.0165405273438,0.9971455931663513,722.9899291992188,495.75323486328125,0.9926401376724243,755.6912231445312,714.77197265625,0.9998685121536255,691.4767456054688,591.3541870117188,0.9977845549583435,785.1058959960938,569.6096801757812,0.9973124265670776,63.97028350830078,4.2443671226501465,0.030470941215753555,2.9108049869537354,51.18218231201172,0.41773760318756104,90.82817077636719,26.104778289794922,0.8356408476829529,115.38267517089844,136.80442810058594,0.9564390182495117,21.442567825317383,97.0944595336914,0.9772869348526001,20.12798309326172,22.525035858154297,0.5962035059928894,68.54080963134766,164.1973419189453,0.09838073700666428,181.9249725341797,146.99090576171875,0.015516674146056175,206.08753967285156,199.3699188232422,0.7098678946495056,325.8622741699219,266.23223876953125,0.8222771286964417,407.11065673828125,307.7987365722656,0.5173171758651733
705,80.2032470703125,235.30862426757812,0.9861252903938293,999.63671875,78.9419174194336,0.9995293617248535,89.9732894897461,1028.6480712890625,0.9998507499694824,1023.46484375,1020.5601196289062,0.9997021555900574,333.5923156738281,498.1639404296875,0.9984413981437683,335.4408264160156,611.8097534179688,0.9990344047546387,276.80322265625,555.9824829101562,0.9993612170219421,387.2678527832031,556.107666015625,0.9981028437614441,717.0050659179688,495.0275573730469,0.9915898442268372,755.3780517578125,715.7637329101562,0.9997681975364685,692.7556762695312,595.9219970703125,0.998356282711029,784.3203125,567.60498046875,0.9963191747665405,47.50458526611328,6.789230823516846,0.16113950312137604,54.58393859863281,17.689105987548828,0.6051619052886963,65.41400146484375,44.85368347167969,0.7590310573577881,108.27430725097656,130.3269805908203,0.7303149700164795,23.20496368408203,95.41683197021484,0.8791810870170593,115.836181640625,55.4378776550293,0.21421465277671814,130.14901733398438,196.80584716796875,0.014794557355344296,186.1887969970703,149.4537811279297,0.08939878642559052,210.882080078125,203.05029296875,0.8673563003540039,329.5371398925781,268.57879638671875,0.9168384671211243,410.1845397949219,304.6876220703125,0.9816530346870422
706,82.68360137939453,236.22357177734375,0.9116203188896179,999.5055541992188,76.87628173828125,0.9997369647026062,89.93941497802734,1028.0062255859375,0.9999001026153564,1024.1142578125,1019.9910278320312,0.9996907711029053,334.90936279296875,497.65960693359375,0.9977449178695679,334.73394775390625,610.5396728515625,0.9986147880554199,277.057861328125,553.6292724609375,0.9989670515060425,387.1994934082031,557.464111328125,0.997960090637207,722.3873291015625,495.8328552246094,0.9885336756706238,754.6071166992188,715.1701049804688,0.9997113347053528,692.3897094726562,592.4093627929688,0.9985575079917908,784.46630859375,565.0350341796875,0.9940794706344604,62.516815185546875,46.90901184082031,0.08401288837194443,27.36628532409668,4.130769729614258,0.1965504139661789,84.2383804321289,23.7791748046875,0.4231128394603729,109.59549713134766,138.49461364746094,0.9286100268363953,32.00062561035156,108.95616149902344,0.8105983138084412,78.61034393310547,2.4966509342193604,0.13466767966747284,94.97872924804688,175.05679321289062,0.13522404432296753,28.55282211303711,93.73283386230469,0.05303274840116501,209.11741638183594,202.22805786132812,0.9269317388534546,331.0316162109375,267.8600158691406,0.9015743136405945,415.5053405761719,306.8354797363281,0.9657480120658875
707,81.46926879882812,257.0586242675781,0.9984259605407715,1001.2734985351562,77.96236419677734,0.9997026324272156,90.60228729248047,1028.5628662109375,0.9998255372047424,1023.311767578125,1020.967041015625,0.9994474053382874,334.5700378417969,498.00286865234375,0.9977287650108337,334.7326354980469,610.8763427734375,0.9993984699249268,276.800537109375,555.101806640625,0.9993380904197693,388.9473876953125,557.5400390625,0.9980244636535645,725.4578247070312,492.16326904296875,0.9749108552932739,756.3873291015625,716.1766357421875,0.9997460246086121,691.478271484375,593.081787109375,0.9986817240715027,784.0810546875,568.1895751953125,0.994461178779602,49.52861404418945,78.55572509765625,0.04062040150165558,43.21003723144531,93.55239868164062,0.5590319633483887,48.899295806884766,88.51307678222656,0.4480103850364685,128.0672607421875,145.76065063476562,0.8842448592185974,76.32035064697266,152.01214599609375,0.2808781862258911,122.69613647460938,56.78003692626953,0.27597007155418396,126.18846893310547,190.9737548828125,0.0761478915810585,194.757080078125,143.79823303222656,0.32095563411712646,208.62620544433594,201.0354766845703,0.9745071530342102,324.4591064453125,265.2480163574219,0.9545726776123047,417.9642333984375,309.5282897949219,0.9702112078666687
708,80.9350357055664,277.768798828125,0.8715210556983948,1000.1775512695312,77.08985137939453,0.9998043179512024,90.26351928710938,1028.856689453125,0.9998430013656616,1021.9623413085938,1020.7501831054688,0.9994469285011292,335.605224609375,497.9993896484375,0.9977637529373169,334.1351623535156,610.4827270507812,0.9987516403198242,275.9897155761719,555.2396240234375,0.9988340735435486,387.4480895996094,557.7973022460938,0.9970723390579224,721.6923828125,495.9287414550781,0.9928794503211975,756.380859375,714.9673461914062,0.9997648596763611,690.7909545898438,593.606689453125,0.998206377029419,785.7966918945312,570.8165893554688,0.9958720803260803,8.01268196105957,78.51515197753906,0.03347485885024071,23.51612663269043,2.7864630222320557,0.10553184151649475,42.09767532348633,98.85154724121094,0.5252447724342346,130.5386505126953,152.2689666748047,0.95894455909729,65.48405456542969,131.2832794189453,0.5367956757545471,91.95474243164062,18.368864059448242,0.24353335797786713,138.9019012451172,209.22744750976562,0.25130850076675415,189.28738403320312,136.28024291992188,0.7743715047836304,212.63690185546875,203.5338592529297,0.9926900267601013,350.7603759765625,278.8876953125,0.6869088411331177,429.8426818847656,311.252685546875,0.3151724636554718
709,78.27413177490234,315.3127746582031,0.9950414299964905,1000.1060180664062,75.99799346923828,0.9998588562011719,89.2087173461914,1028.6533203125,0.9998927116394043,1020.8558959960938,1021.6271362304688,0.9991624355316162,335.83978271484375,497.6222229003906,0.9964116215705872,334.43634033203125,611.1780395507812,0.9992128610610962,276.35626220703125,554.8980712890625,0.998336136341095,387.228271484375,557.8836059570312,0.9954527616500854,720.3623046875,496.2272033691406,0.9881965517997742,756.662109375,714.7354736328125,0.9998032450675964,688.4795532226562,592.2073364257812,0.9962776303291321,784.8746948242188,569.97998046875,0.9945384860038757,5.940113544464111,41.338748931884766,0.11332348734140396,3.4446985721588135,88.63551330566406,0.3182184100151062,34.040531158447266,106.51190185546875,0.8858138918876648,116.13088989257812,128.25941467285156,0.9594714641571045,55.549285888671875,146.90399169921875,0.9660235047340393,57.1509895324707,18.063377380371094,0.7158869504928589,153.50897216796875,185.89004516601562,0.3633454740047455,193.17105102539062,143.9528350830078,0.9524491429328918,214.04856872558594,202.77212524414062,0.9928077459335327,340.1119689941406,273.1897277832031,0.9579547047615051,416.2498474121094,306.6413269042969,0.3816869854927063
710,79.26502227783203,353.6341857910156,0.9871751666069031,1000.949462890625,78.27198028564453,0.9996126294136047,90.4866714477539,1027.904296875,0.9998555183410645,1022.6827392578125,1020.4540405273438,0.9991704225540161,335.0460510253906,498.0752868652344,0.9977946281433105,334.14508056640625,610.8170166015625,0.9995063543319702,276.5811462402344,554.367919921875,0.9987208247184753,386.95269775390625,556.8458862304688,0.9972152709960938,719.84423828125,496.930908203125,0.9926508069038391,756.5384521484375,713.3167114257812,0.9997654557228088,690.8203125,595.6323852539062,0.9983826875686646,784.0625,573.068603515625,0.9948768019676208,1.199401617050171,30.248647689819336,0.011264868080615997,0.7853443622589111,130.10328674316406,0.36480268836021423,24.229686737060547,127.17158508300781,0.5705861449241638,139.52796936035156,142.3356475830078,0.9103751182556152,45.058570861816406,165.0692138671875,0.2140856683254242,28.487388610839844,27.344772338867188,0.4921994209289551,143.87864685058594,195.59243774414062,0.4500371217727661,187.85140991210938,131.06695556640625,0.9866471290588379,217.1844482421875,196.14768981933594,0.9980390667915344,334.0678405761719,270.61181640625,0.8945567011833191,790.1820678710938,503.14276123046875,0.31276243925094604
711,163.28628540039062,93.69139862060547,0.3450399339199066,999.1948852539062,77.2084732055664,0.9997641444206238,90.74317169189453,1028.281494140625,0.9998190999031067,1023.602783203125,1021.0866088867188,0.9992740750312805,334.58184814453125,497.95684814453125,0.9976397752761841,334.1891174316406,610.6721801757812,0.9994219541549683,275.9931335449219,552.9301147460938,0.9990341663360596,387.066650390625,557.3233032226562,0.9972677230834961,720.8383178710938,496.4096984863281,0.9887400269508362,754.9945678710938,713.7366333007812,0.9998332262039185,688.9884033203125,593.6432495117188,0.9983773231506348,782.64697265625,566.5609130859375,0.987630307674408,3.9738025665283203,242.77960205078125,0.05319328233599663,0.2601444721221924,216.33245849609375,0.3463801443576813,6.894837856292725,194.8545379638672,0.37388694286346436,121.88738250732422,135.79269409179688,0.9559332728385925,44.77979278564453,192.72279357910156,0.9542471170425415,79.84844207763672,33.818153381347656,0.42443645000457764,136.08084106445312,193.38006591796875,0.5287054181098938,185.65809631347656,125.16716003417969,0.8529452085494995,218.09849548339844,185.68238830566406,0.9935688972473145,327.99188232421875,268.6675109863281,0.9130310416221619,420.9960632324219,306.0138244628906,0.48710203170776367
712,9.09588623046875,43.379215240478516,0.9338467121124268,998.9486694335938,77.2393798828125,0.9998403787612915,90.19339752197266,1029.7781982421875,0.9998051524162292,1022.5382690429688,1020.6726684570312,0.9995326995849609,333.94573974609375,497.6535949707031,0.9980789422988892,334.39520263671875,611.071533203125,0.9990881681442261,276.2156677246094,554.0502319335938,0.99910968542099,386.677734375,556.7771606445312,0.9960641264915466,718.6326293945312,495.183349609375,0.9919762015342712,753.2471313476562,713.5758666992188,0.9998661279678345,689.4170532226562,590.5904541015625,0.9976698756217957,783.3826293945312,561.7670288085938,0.9797202944755554,96.75255584716797,49.646690368652344,0.469356507062912,46.204288482666016,64.56348419189453,0.20894412696361542,43.52250671386719,83.8195571899414,0.8477882742881775,143.77267456054688,134.68588256835938,0.873324990272522,81.94164276123047,205.41920471191406,0.8149699568748474,126.75845336914062,106.54345703125,0.7575972080230713,154.41221618652344,211.75274658203125,0.47018593549728394,211.460693359375,127.44679260253906,0.29713764786720276,218.303955078125,166.6810760498047,0.26279929280281067,310.52288818359375,253.1755828857422,0.8919931054115295,416.7729187011719,306.8224792480469,0.9981185793876648
713,19.73090934753418,59.36568832397461,0.9688988327980042,999.7531127929688,76.96669006347656,0.9995519518852234,89.98538970947266,1028.4107666015625,0.9997901320457458,1023.2980346679688,1021.960205078125,0.9994713664054871,333.16864013671875,498.4958190917969,0.9976915121078491,333.6720886230469,611.7444458007812,0.9987795948982239,276.2911376953125,554.5771484375,0.9991125464439392,386.38720703125,557.083984375,0.9968687891960144,719.9608764648438,493.87298583984375,0.9745656847953796,755.2907104492188,714.7904663085938,0.9998674392700195,690.4485473632812,591.6691284179688,0.9976947903633118,784.4736328125,564.830322265625,0.9736689925193787,89.91856384277344,356.43951416015625,0.590583086013794,80.53180694580078,324.6799621582031,0.6434983611106873,191.715087890625,196.94705200195312,0.41714760661125183,163.53475952148438,136.6875,0.37717553973197937,105.35252380371094,263.216064453125,0.4598051607608795,181.37669372558594,193.83624267578125,0.619509220123291,13.288566589355469,203.61331176757812,0.06501325219869614,19.74277687072754,99.89112854003906,0.7228805422782898,264.525634765625,169.69351196289062,0.02121097967028618,336.10467529296875,270.1531982421875,0.9677847027778625,418.7433166503906,304.9429626464844,0.9879015684127808
714,41.53820037841797,118.61906433105469,0.6692465543746948,999.9481811523438,77.5208511352539,0.999825656414032,89.2667236328125,1029.79833984375,0.9998723268508911,1023.6430053710938,1020.9257202148438,0.9996397495269775,334.5040588378906,498.2435302734375,0.997797966003418,334.1787414550781,611.2408447265625,0.999116837978363,276.0389709472656,554.6251831054688,0.9990060925483704,386.658203125,557.3975830078125,0.9967710375785828,717.6279907226562,495.75494384765625,0.9827494621276855,755.2700805664062,712.8748168945312,0.9997329115867615,690.7159423828125,594.7831420898438,0.9980399012565613,784.8223876953125,569.4219360351562,0.9911078214645386,267.3874206542969,131.9010772705078,0.9004243612289429,145.45484924316406,370.257080078125,0.9260373115539551,118.1690902709961,319.50018310546875,0.6025515198707581,140.82699584960938,156.1641387939453,0.10320728272199631,158.203125,320.32958984375,0.6601861715316772,85.4695053100586,315.6538391113281,0.6046338677406311,61.92277908325195,270.3883361816406,0.5671306252479553,45.983116149902344,185.489013671875,0.5287299752235413,357.7060546875,277.8036193847656,0.09393751621246338,358.9964294433594,279.4429931640625,0.14933361113071442,362.3347473144531,280.39544677734375,0.8018000721931458
715,84.69344329833984,115.37721252441406,0.9994639754295349,1001.1024780273438,78.53994750976562,0.9996176958084106,90.69830322265625,1028.822021484375,0.9999058246612549,1023.5762329101562,1019.48583984375,0.9997157454490662,332.7650146484375,497.8240051269531,0.9980541467666626,334.90185546875,610.6740112304688,0.9994254112243652,277.2386169433594,556.4583129882812,0.9986850619316101,387.6195983886719,555.9282836914062,0.9967553019523621,718.7902221679688,495.0185546875,0.9720273017883301,754.3009643554688,712.6828002929688,0.9995408058166504,689.2271728515625,592.1250610351562,0.9962754249572754,785.1813354492188,561.9496459960938,0.9751642942428589,232.22994995117188,479.8985290527344,0.9695627093315125,201.8302459716797,416.6822509765625,0.9328371286392212,191.37338256835938,400.0597229003906,0.6437442302703857,148.7664794921875,258.90484619140625,0.07949334383010864,225.4139862060547,344.3207092285156,0.197417750954628,136.5306396484375,366.5257263183594,0.250398725271225,134.0886688232422,355.3671569824219,0.8979724645614624,219.2857666015625,337.7226257324219,0.6854349374771118,248.51800537109375,125.18089294433594,0.6492507457733154,248.93934631347656,110.94330596923828,0.02427738904953003,241.97183227539062,484.0430603027344,0.059028491377830505
716,85.57196044921875,115.7273178100586,0.9994276165962219,1001.7172241210938,77.27577209472656,0.9995824694633484,90.44231414794922,1028.3079833984375,0.9998001456260681,1023.4293212890625,1021.0450439453125,0.9995347261428833,331.9534912109375,495.953125,0.994848370552063,334.73028564453125,610.9938354492188,0.9987180233001709,275.4457702636719,558.11328125,0.9973829388618469,386.9681091308594,558.1187133789062,0.9948180317878723,720.36572265625,496.0225524902344,0.9851985573768616,755.1668090820312,713.5457763671875,0.9997629523277283,689.739013671875,592.2791137695312,0.9978585839271545,785.7031860351562,563.92138671875,0.9936121106147766,275.8082275390625,501.9032897949219,0.9991617202758789,233.9836883544922,434.3046569824219,0.9952450394630432,220.828125,409.7857360839844,0.9791443943977356,182.43783569335938,287.0714111328125,0.9349101781845093,258.21942138671875,362.8220520019531,0.9807649254798889,171.6490478515625,398.6859130859375,0.9621080160140991,252.75265502929688,223.9552459716797,0.6097983717918396,125.43721771240234,267.3898010253906,0.5310367345809937,232.31031799316406,137.69151306152344,0.9973883032798767,298.5428466796875,120.0382308959961,0.1287817358970642,357.01092529296875,155.9190216064453,0.9924581050872803
717,87.15634155273438,115.34957122802734,0.9991413354873657,999.7471313476562,75.9007568359375,0.9998855590820312,89.91250610351562,1030.185546875,0.999870777130127,1024.0013427734375,1020.6342163085938,0.9996892213821411,336.28070068359375,495.34625244140625,0.9993419051170349,333.0807800292969,610.6703491210938,0.9988337159156799,277.48529052734375,556.53564453125,0.9906031489372253,385.743896484375,555.9552612304688,0.9955845475196838,723.1306762695312,494.9148254394531,0.994600772857666,757.2929077148438,714.971435546875,0.9998313188552856,690.6465454101562,595.7776489257812,0.9977166652679443,784.7910766601562,568.1405639648438,0.9810521602630615,302.4688415527344,489.3448791503906,0.9878729581832886,248.36427307128906,434.9939270019531,0.9859461188316345,234.82415771484375,414.85089111328125,0.9969815611839294,186.51919555664062,299.98675537109375,0.9614923000335693,275.8724670410156,364.1929931640625,0.9299746751785278,189.79148864746094,417.49078369140625,0.9899358153343201,240.66734313964844,236.86900329589844,0.9757811427116394,122.120849609375,286.20538330078125,0.5914070010185242,209.6831817626953,155.73655700683594,0.886982798576355,354.3032531738281,145.52442932128906,0.970064640045166,466.586669921875,251.6904754638672,0.9219257831573486
718,86.95527648925781,117.24647521972656,0.9999091625213623,997.8862915039062,75.29988098144531,0.9997667670249939,90.47447204589844,1029.9765625,0.9998723268508911,1022.8059692382812,1020.8544311523438,0.9996115565299988,333.89373779296875,495.4237976074219,0.9989670515060425,333.1199951171875,611.6552124023438,0.999178946018219,277.4160461425781,556.6985473632812,0.9973157048225403,385.6018981933594,557.1917114257812,0.9964547157287598,723.107666015625,496.8697814941406,0.9763072729110718,755.2446899414062,714.1880493164062,0.9998536109924316,691.3038330078125,597.016357421875,0.998607337474823,786.112548828125,569.869873046875,0.9911414384841919,292.53643798828125,492.91064453125,0.9966919422149658,249.7803955078125,431.8597412109375,0.9937147498130798,237.58770751953125,410.77386474609375,0.9980455636978149,189.2842559814453,320.7514343261719,0.9752527475357056,274.0702209472656,363.35198974609375,0.9677215218544006,188.5762481689453,416.0148010253906,0.9661456346511841,221.23333740234375,256.6339111328125,0.89189612865448,116.77945709228516,288.5499267578125,0.8368461728096008,152.2860870361328,206.08242797851562,0.891668438911438,309.8271484375,134.1256561279297,0.6740691065788269,400.2459411621094,185.9009552001953,0.6365681290626526
719,86.0983657836914,116.33274841308594,0.9995365142822266,999.8248291015625,77.73107147216797,0.9997314810752869,90.47183990478516,1029.666259765625,0.9998266100883484,1021.0210571289062,1020.4020385742188,0.9992990493774414,332.82940673828125,495.19232177734375,0.9995282888412476,333.7385559082031,610.600830078125,0.999119222164154,275.7304992675781,556.382568359375,0.996947705745697,385.92236328125,557.3709106445312,0.995435893535614,721.5420532226562,497.9605407714844,0.9855754375457764,756.3736572265625,714.5064086914062,0.9998134970664978,692.8549194335938,596.7334594726562,0.9992361068725586,784.4981079101562,570.1046752929688,0.9959514141082764,282.0835876464844,497.0679016113281,0.9591394662857056,239.1683807373047,427.2912292480469,0.9617623090744019,223.89657592773438,407.01751708984375,0.9923725128173828,171.44297790527344,315.41375732421875,0.9821036458015442,262.051025390625,361.3941345214844,0.9678524136543274,174.58831787109375,414.374755859375,0.9926154613494873,226.0150146484375,268.4436340332031,0.8040259480476379,111.42703247070312,291.6257019042969,0.9283676147460938,150.0114288330078,212.00221252441406,0.9931001663208008,302.27777099609375,117.98542022705078,0.20274898409843445,377.12408447265625,158.0662384033203,0.49945688247680664
720,86.5369873046875,117.30868530273438,0.9987976551055908,998.8643798828125,75.49278259277344,0.9997809529304504,90.27005767822266,1029.048583984375,0.9998818635940552,1020.8250732421875,1019.9595947265625,0.9992051720619202,329.34381103515625,496.6528015136719,0.9966429471969604,335.7035217285156,611.696533203125,0.9986901879310608,276.848388671875,559.96435546875,0.999512791633606,388.1293029785156,557.822998046875,0.9906816482543945,722.3694458007812,495.8188781738281,0.9633004069328308,756.1873779296875,714.0045776367188,0.9997854828834534,691.3627319335938,595.6401977539062,0.9994764924049377,783.1464233398438,572.734619140625,0.99498450756073,259.8904113769531,515.1499633789062,0.9944881796836853,231.83645629882812,440.26153564453125,0.9980515241622925,221.40216064453125,422.57891845703125,0.9979402422904968,172.53048706054688,329.5479736328125,0.9852867126464844,268.6011047363281,379.8288879394531,0.9472923278808594,176.56028747558594,426.17132568359375,0.9654129147529602,219.3524169921875,278.5700988769531,0.9218377470970154,114.40503692626953,312.74749755859375,0.7159456014633179,141.09510803222656,219.69032287597656,0.9972315430641174,297.3182373046875,99.93887329101562,0.9961872696876526,424.4971008300781,142.06304931640625,0.9852428436279297
721,86.98168182373047,113.2022476196289,0.9994799494743347,1002.1521606445312,81.98358154296875,0.999230146408081,89.14193725585938,1029.6776123046875,0.9998065829277039,1022.068115234375,1023.0860595703125,0.9995304346084595,328.3391418457031,497.4761047363281,0.9979342222213745,335.9093933105469,610.4935302734375,0.9994792342185974,276.6844787597656,563.1434936523438,0.9998475313186646,387.042724609375,556.1910400390625,0.9972809553146362,716.3778686523438,497.0730285644531,0.9989709854125977,755.2044677734375,713.30078125,0.9998675584793091,689.0018920898438,596.21044921875,0.9963902831077576,786.507568359375,565.1497192382812,0.9818337559700012,248.47048950195312,528.5374145507812,0.9961734414100647,225.18075561523438,456.4789123535156,0.9044740796089172,213.7826385498047,440.47174072265625,0.9893996119499207,173.08621215820312,333.0777587890625,0.9278976917266846,255.3192901611328,379.67852783203125,0.2941277325153351,170.06297302246094,431.7394104003906,0.9677430987358093,227.2734832763672,284.329833984375,0.712007462978363,110.40995788574219,322.8941955566406,0.4549744725227356,141.38734436035156,226.85214233398438,0.9648166298866272,288.1365051269531,98.13774871826172,0.9953798055648804,384.3737487792969,122.63240814208984,0.9878230094909668
722,86.73925018310547,116.28286743164062,0.9994654059410095,999.7764282226562,78.65528106689453,0.9997158646583557,90.10978698730469,1029.489990234375,0.9997815489768982,1023.60107421875,1020.991455078125,0.9997962117195129,336.86077880859375,496.7945251464844,0.9892112016677856,334.5526123046875,611.6397094726562,0.9995225667953491,277.0009460449219,558.5407104492188,0.9987589120864868,387.0942077636719,558.2352905273438,0.9949010610580444,719.8784790039062,495.6971740722656,0.9930342435836792,755.9735107421875,713.1079711914062,0.9998090863227844,690.1567993164062,597.6409912109375,0.997802197933197,785.2686157226562,568.2261962890625,0.9760105013847351,258.3745422363281,535.9063720703125,0.9979832172393799,232.1113739013672,454.79388427734375,0.9986899495124817,217.7736358642578,429.4902648925781,0.8868798613548279,175.2959747314453,336.4283447265625,0.9971068501472473,266.3259582519531,388.20526123046875,0.9766604900360107,174.0877685546875,443.1947021484375,0.9990729093551636,225.14895629882812,282.1728820800781,0.9888176918029785,110.75592041015625,318.9584655761719,0.8460395336151123,140.75497436523438,223.81195068359375,0.9944642186164856,287.9617919921875,101.2220687866211,0.9906007051467896,383.32427978515625,124.74596405029297,0.996560275554657
723,85.84626770019531,114.33055877685547,0.9997983574867249,1000.6337890625,78.85528564453125,0.9994413256645203,89.23448181152344,1028.8011474609375,0.9997764229774475,1022.7267456054688,1021.3181762695312,0.9997017979621887,335.8109436035156,497.1518249511719,0.9931570887565613,334.1284484863281,611.55908203125,0.9995051622390747,277.04351806640625,559.0499267578125,0.9981966614723206,387.1011657714844,557.2552490234375,0.9975698590278625,718.6654663085938,497.8418273925781,0.9979115128517151,754.1030883789062,713.4971313476562,0.9998459815979004,687.7687377929688,595.19384765625,0.9953153133392334,784.9511108398438,564.5004272460938,0.996432900428772,263.1954040527344,520.1573486328125,0.9985355138778687,233.13185119628906,453.9859924316406,0.9964531660079956,218.13829040527344,429.263916015625,0.9546573162078857,176.0008544921875,337.1970520019531,0.9976060390472412,264.12457275390625,391.9459228515625,0.9926636219024658,175.08932495117188,446.5380859375,0.9996566772460938,228.3413848876953,276.0893859863281,0.9720787405967712,111.13834381103516,323.2911376953125,0.7733659148216248,143.93519592285156,219.7029571533203,0.986967146396637,286.4566650390625,98.91380310058594,0.9956251978874207,385.8314514160156,130.36196899414062,0.9959536790847778
724,86.26451110839844,113.64642333984375,0.9996511936187744,998.7367553710938,77.60035705566406,0.9997851252555847,88.43951416015625,1028.7646484375,0.9998214840888977,1020.9091186523438,1020.7096557617188,0.9991703033447266,336.46209716796875,498.0914001464844,0.9951043128967285,334.0397033691406,610.87451171875,0.9989757537841797,276.55474853515625,558.5731811523438,0.9974768757820129,388.14666748046875,557.9568481445312,0.998263418674469,721.4935302734375,498.2242126464844,0.9951889514923096,755.1223754882812,714.3176879882812,0.9997609257698059,691.2964477539062,597.4201049804688,0.9986068606376648,784.41796875,569.0333862304688,0.9944860339164734,264.9981689453125,518.8674926757812,0.9965466856956482,233.2095947265625,455.6045837402344,0.9987745881080627,218.5168914794922,432.59716796875,0.9737961292266846,176.0951690673828,338.72711181640625,0.998595654964447,263.96240234375,388.6116943359375,0.985386848449707,175.8762969970703,444.3659362792969,0.9851255416870117,224.43600463867188,275.49139404296875,0.9956412315368652,113.05099487304688,321.9510192871094,0.9324326515197754,143.96253967285156,220.3206329345703,0.9975979924201965,290.16119384765625,101.45462799072266,0.9901144504547119,385.8109436035156,128.28118896484375,0.998536229133606
725,86.11627197265625,113.72217559814453,0.9998235106468201,999.8587036132812,81.0489501953125,0.9998817443847656,88.8907699584961,1028.8477783203125,0.9998043179512024,1023.1580810546875,1021.56591796875,0.9994888305664062,336.6990661621094,497.8812561035156,0.9927615523338318,334.3942565917969,611.4946899414062,0.9990702271461487,277.37255859375,559.04150390625,0.9975695013999939,386.4109191894531,559.0143432617188,0.9970834851264954,721.7637329101562,498.4032287597656,0.9878818988800049,754.6052856445312,712.9183349609375,0.9997125267982483,690.0287475585938,598.846435546875,0.9989784955978394,783.134765625,569.5167236328125,0.9936184883117676,261.73944091796875,518.2294311523438,0.9915640354156494,232.55474853515625,456.41473388671875,0.9959218502044678,217.54994201660156,435.9527587890625,0.9370087385177612,174.80722045898438,338.01727294921875,0.9977292418479919,259.8509521484375,382.99310302734375,0.9514166116714478,174.46099853515625,450.2009582519531,0.9987921118736267,223.20433044433594,278.7593688964844,0.9879209995269775,112.20885467529297,324.6337890625,0.9621078968048096,139.55673217773438,218.8507843017578,0.9968500733375549,291.7066650390625,101.16152954101562,0.7671040892601013,386.5851135253906,128.75721740722656,0.9961647987365723
726,86.03778839111328,116.93344116210938,0.9997833371162415,999.8546752929688,81.53998565673828,0.9999104738235474,90.16175842285156,1030.2327880859375,0.9996694326400757,1024.1107177734375,1021.5534057617188,0.9995549321174622,335.766845703125,498.76458740234375,0.9966182112693787,336.03790283203125,611.309326171875,0.9997308850288391,277.0565185546875,560.6499633789062,0.9976389408111572,387.2649841308594,558.40478515625,0.9971447587013245,725.6300659179688,495.69232177734375,0.9925268888473511,755.7232666015625,715.1729125976562,0.9998917579650879,691.2174682617188,598.6759033203125,0.9989110231399536,784.8167114257812,570.7791137695312,0.995614767074585,262.4673767089844,521.1023559570312,0.9949514865875244,231.02207946777344,456.4345397949219,0.9979915618896484,217.17271423339844,431.3271179199219,0.9882583618164062,173.51292419433594,336.8851318359375,0.9980858564376831,262.9372863769531,386.9299621582031,0.9894376993179321,173.26463317871094,448.7313537597656,0.9991336464881897,228.41481018066406,279.10675048828125,0.9971686005592346,111.33998107910156,324.9713439941406,0.9504987001419067,139.77467346191406,220.19000244140625,0.9950376152992249,293.548095703125,101.67057800292969,0.9956062436103821,384.6749572753906,127.05921936035156,0.9976887702941895
727,86.59622955322266,115.2668228149414,0.9995742440223694,1000.85400390625,80.45289611816406,0.9996941089630127,89.85303497314453,1029.296875,0.9997383952140808,1023.5919799804688,1020.7530517578125,0.9997164607048035,337.73028564453125,498.8726806640625,0.9971585273742676,334.78411865234375,611.5411987304688,0.999498724937439,277.3360290527344,559.1432495117188,0.9979376792907715,387.0433349609375,559.752197265625,0.9974351525306702,720.2321166992188,495.4091491699219,0.9879576563835144,753.7031860351562,714.739013671875,0.9998675584793091,689.0818481445312,597.3202514648438,0.9991488456726074,783.9952392578125,572.5601196289062,0.9937272071838379,262.9479675292969,523.3076782226562,0.9981154203414917,226.55735778808594,461.9476623535156,0.9862818121910095,214.10484313964844,439.1754455566406,0.969607949256897,172.96424865722656,338.06878662109375,0.9959892630577087,260.1043701171875,388.69384765625,0.9635949730873108,172.63597106933594,449.3678894042969,0.9980818033218384,227.46876525878906,279.93994140625,0.9945336580276489,108.45191955566406,317.9314270019531,0.9611514806747437,141.60446166992188,219.95574951171875,0.9981417655944824,288.29437255859375,100.58357238769531,0.9774661660194397,381.249267578125,125.13158416748047,0.9938271641731262
728,86.13850402832031,115.28450012207031,0.9998672008514404,1000.2904052734375,80.4358901977539,0.9997588992118835,90.54639434814453,1028.465576171875,0.9998877048492432,1023.6112060546875,1020.813232421875,0.99972003698349,336.8856506347656,498.59210205078125,0.9952026605606079,335.58721923828125,611.4046630859375,0.9996187686920166,276.5615234375,559.37109375,0.9988143444061279,386.9312744140625,559.7935180664062,0.9980427026748657,718.9036865234375,498.1610412597656,0.997021496295929,754.31884765625,713.851318359375,0.9998602867126465,690.498779296875,596.6026611328125,0.9991745352745056,784.1072387695312,572.5101318359375,0.9930451512336731,259.48345947265625,523.6221923828125,0.9978795051574707,227.93215942382812,463.6526184082031,0.9891164898872375,214.92111206054688,441.81024169921875,0.9853037595748901,173.01513671875,338.079345703125,0.9962462782859802,261.40576171875,394.2263488769531,0.9612456560134888,173.31533813476562,449.8848571777344,0.9972645044326782,228.5316925048828,279.7005920410156,0.9958919286727905,108.3174057006836,315.4959411621094,0.9806804060935974,141.52149963378906,220.96212768554688,0.9984381794929504,292.4316101074219,101.6692886352539,0.9748104810714722,384.6849365234375,125.69123077392578,0.9942626357078552
729,85.5772933959961,114.13998413085938,0.9999090433120728,1000.5824584960938,79.74556732177734,0.9995185136795044,90.33740997314453,1028.1751708984375,0.9998237490653992,1023.84423828125,1021.1524047851562,0.9995114803314209,336.4012756347656,498.1604919433594,0.9946590065956116,335.0019226074219,611.5393676757812,0.9996234178543091,276.6258544921875,558.7408447265625,0.9983906745910645,386.6814270019531,558.7507934570312,0.9983508586883545,719.9380493164062,497.6761474609375,0.990000307559967,754.9927978515625,713.4913940429688,0.9997263550758362,689.1513061523438,596.232421875,0.99886155128479,784.14013671875,569.908203125,0.9900619983673096,254.55491638183594,520.2567749023438,0.9963690042495728,224.27969360351562,477.2574768066406,0.9930362105369568,212.14764404296875,453.2489013671875,0.9975787997245789,175.59454345703125,345.75341796875,0.9890663623809814,265.2345275878906,405.29852294921875,0.9601945281028748,169.07833862304688,452.896484375,0.9958764314651489,227.0386199951172,279.7668762207031,0.9922553300857544,108.05902862548828,317.7355041503906,0.9682878851890564,140.97348022460938,220.71832275390625,0.9950394034385681,292.4271545410156,101.79865264892578,0.9855414032936096,381.3265075683594,125.55821990966797,0.9969712495803833
730,85.54138946533203,118.59825134277344,0.999854326248169,1000.738037109375,79.19583129882812,0.9997445940971375,91.24759674072266,1029.2548828125,0.9998175501823425,1024.0133056640625,1021.4096069335938,0.9998431205749512,334.1269226074219,499.1177673339844,0.9922295212745667,334.3887939453125,610.70458984375,0.9995937943458557,276.4837341308594,557.9090576171875,0.9965207576751709,387.2308044433594,558.4774169921875,0.9970765113830566,717.5869140625,498.566650390625,0.9974400997161865,755.111083984375,714.245849609375,0.9998881816864014,689.8194580078125,598.7969360351562,0.9982733726501465,784.2667236328125,569.2914428710938,0.9892330169677734,254.77809143066406,516.1441650390625,0.9908902049064636,222.9826202392578,474.56805419921875,0.8483151197433472,212.4537811279297,457.2604064941406,0.9353502988815308,175.92628479003906,346.00482177734375,0.9854153394699097,251.0347442626953,419.2011413574219,0.11981244385242462,171.12063598632812,457.9125061035156,0.9610578417778015,225.357421875,276.49847412109375,0.9889927506446838,110.4810791015625,317.90362548828125,0.8841805458068848,142.2632293701172,220.62005615234375,0.9956359267234802,281.0538330078125,100.3726806640625,0.9782550930976868,381.6778869628906,124.34600830078125,0.999500036239624
731,85.70586395263672,114.86844635009766,0.9997817873954773,1000.4983520507812,78.18617248535156,0.9995297193527222,90.20738983154297,1028.64404296875,0.9998811483383179,1023.8447875976562,1021.0786743164062,0.9995342493057251,334.12066650390625,498.57183837890625,0.9882963299751282,333.8028869628906,611.52490234375,0.9994921684265137,278.69195556640625,558.7808837890625,0.9985390901565552,387.0854187011719,559.5465698242188,0.9969803690910339,718.2943725585938,495.6419372558594,0.9978132247924805,755.1677856445312,713.6016845703125,0.9997078776359558,688.74169921875,594.943115234375,0.9977515339851379,781.90283203125,567.9221801757812,0.9924913048744202,272.1222229003906,504.49609375,0.9822178483009338,224.4683837890625,469.9449157714844,0.8520632386207581,212.35130310058594,457.0985107421875,0.9227302670478821,170.61776733398438,342.85772705078125,0.9928567409515381,249.78750610351562,401.23199462890625,0.9700024127960205,167.4648895263672,454.6000061035156,0.6248233914375305,225.71664428710938,278.9987487792969,0.9868602156639099,108.40259552001953,320.6981506347656,0.9848440289497375,143.8821258544922,219.29124450683594,0.997952938079834,294.1948547363281,101.54672241210938,0.7837384343147278,381.1588134765625,126.08545684814453,0.998238205909729
732,85.55886840820312,115.54606628417969,0.9996381998062134,1000.7617797851562,79.35002136230469,0.9996238946914673,90.21765899658203,1030.2620849609375,0.9997695088386536,1024.50537109375,1021.1268920898438,0.9996353387832642,335.2599792480469,498.7351379394531,0.9866803288459778,333.9129638671875,611.3472290039062,0.99913090467453,277.7571716308594,559.797119140625,0.9983599781990051,386.8487854003906,560.3784790039062,0.9973551034927368,722.3140258789062,496.2085266113281,0.9522411227226257,753.9737548828125,712.0594482421875,0.9997277855873108,689.658935546875,595.2180786132812,0.9976763129234314,784.6400146484375,568.3218994140625,0.9880049824714661,277.22869873046875,499.8859558105469,0.9915354251861572,232.4296417236328,457.5682373046875,0.716209888458252,214.74221801757812,446.7099304199219,0.9300076961517334,170.94667053222656,343.0279235839844,0.9922629594802856,256.10369873046875,396.45465087890625,0.955653965473175,171.96304321289062,452.4623718261719,0.8474488258361816,222.53836059570312,276.84478759765625,0.9956786036491394,106.2349853515625,320.6890563964844,0.980511486530304,144.0191192626953,224.06935119628906,0.9936490654945374,287.18804931640625,101.50335693359375,0.9640845060348511,380.626708984375,125.8778076171875,0.9982389211654663
733,86.09452819824219,115.77368927001953,0.9999306201934814,997.775390625,77.91265106201172,0.9999387264251709,90.30797576904297,1029.560546875,0.9998445510864258,1020.5266723632812,1020.1758422851562,0.9994261264801025,335.2041320800781,497.74334716796875,0.9885916113853455,334.4947509765625,611.295166015625,0.9993038177490234,278.55828857421875,558.4952392578125,0.9982784986495972,386.96466064453125,560.1278686523438,0.9984709620475769,717.9483032226562,495.5311584472656,0.995775043964386,753.7540283203125,713.4617309570312,0.9998296499252319,689.9270629882812,597.654052734375,0.9976562261581421,782.6158447265625,567.6248779296875,0.9787705540657043,280.7301330566406,500.0136413574219,0.9906405210494995,241.28428649902344,464.1488952636719,0.8572396039962769,225.41476440429688,450.9491882324219,0.7991065979003906,171.86395263671875,340.2823486328125,0.9926227331161499,253.7895965576172,396.065185546875,0.660822331905365,174.54925537109375,450.4432678222656,0.9141934514045715,225.27008056640625,283.1111755371094,0.9943799376487732,110.0832748413086,322.4480895996094,0.9753755331039429,141.02517700195312,224.5845489501953,0.9935023188591003,273.655029296875,99.59107971191406,0.9426052570343018,375.0278015136719,125.0713882446289,0.9978675842285156
734,85.33303833007812,116.89042663574219,0.9999054670333862,999.4757080078125,77.81575775146484,0.9999005794525146,90.69486999511719,1029.72021484375,0.9998646974563599,1024.75537109375,1020.7355346679688,0.9998732805252075,337.01629638671875,497.7584533691406,0.9878081679344177,334.3113708496094,611.5408325195312,0.9993682503700256,275.8578796386719,557.9713134765625,0.9981120824813843,386.52459716796875,558.530029296875,0.9960422515869141,715.1809692382812,496.1527099609375,0.9947307109832764,752.4063720703125,712.1417236328125,0.999772846698761,688.0646362304688,597.8740844726562,0.9983901977539062,781.8892822265625,567.9525146484375,0.9707852602005005,272.3100280761719,509.545166015625,0.9990835189819336,232.66737365722656,461.4765625,0.9594951272010803,216.8901824951172,454.322021484375,0.9703798890113831,172.3544464111328,342.3714904785156,0.9879252910614014,260.32562255859375,399.7525634765625,0.8861256837844849,173.69119262695312,452.3947448730469,0.9917717576026917,224.76026916503906,282.528076171875,0.9921060800552368,107.50625610351562,318.199951171875,0.9663012623786926,143.50843811035156,224.2313995361328,0.9982094764709473,288.7278747558594,101.50135040283203,0.942881166934967,379.2921142578125,124.7142333984375,0.998036801815033
735,85.69580078125,116.28932189941406,0.9999141693115234,999.6708374023438,79.69123077392578,0.9997326731681824,89.3563232421875,1029.7525634765625,0.9998075366020203,1021.7136840820312,1019.9400634765625,0.9993513226509094,336.6113586425781,498.6019287109375,0.9935370087623596,334.5066223144531,611.0482177734375,0.9994770884513855,276.1289367675781,557.0986938476562,0.9967053532600403,387.2154846191406,557.6959838867188,0.9967578053474426,718.6627197265625,495.52655029296875,0.9947814345359802,753.2791137695312,713.5674438476562,0.9997535347938538,688.63720703125,596.6517333984375,0.9969419836997986,783.5958251953125,566.775390625,0.9867532849311829,264.4201354980469,516.6323852539062,0.9987539052963257,229.68807983398438,460.58673095703125,0.9953452944755554,214.1507110595703,441.5644226074219,0.9600673913955688,171.14450073242188,341.8709411621094,0.9950408339500427,258.2395935058594,399.95245361328125,0.9954308271408081,168.5855255126953,452.28985595703125,0.9989663362503052,225.10678100585938,278.5526428222656,0.9938690066337585,111.5384521484375,323.3546142578125,0.9148682355880737,143.45877075195312,222.7941436767578,0.9987760186195374,284.7764587402344,99.6408920288086,0.9417068958282471,378.35638427734375,124.97200012207031,0.9986989498138428
736,86.70051574707031,116.58770751953125,0.9994526505470276,1000.6083984375,81.44571685791016,0.9998533725738525,92.291259765625,1029.271240234375,0.9998682737350464,1021.961181640625,1019.7153930664062,0.9997560381889343,334.2719421386719,498.3589172363281,0.9921370148658752,335.9635314941406,610.3466796875,0.9994725584983826,276.5219421386719,561.0186767578125,0.9989911913871765,386.2644348144531,556.9161987304688,0.995029628276825,720.4682006835938,496.9413757324219,0.9969034790992737,752.1690063476562,713.9232177734375,0.9996436834335327,690.5609741210938,593.9300537109375,0.9984042048454285,785.0144653320312,569.38623046875,0.9948883652687073,260.5475158691406,526.658203125,0.9979141354560852,219.52316284179688,467.8045654296875,0.880327045917511,202.4891815185547,447.99505615234375,0.862682580947876,169.7282257080078,346.1724548339844,0.9860693216323853,256.8677062988281,403.88336181640625,0.9909873604774475,162.41587829589844,457.4533996582031,0.9762370586395264,227.2601318359375,286.61431884765625,0.9833104610443115,113.07019805908203,322.93743896484375,0.9588224291801453,145.2376251220703,225.7991180419922,0.9988548755645752,288.2018127441406,102.26202392578125,0.8603246808052063,380.4214782714844,123.2673568725586,0.9976924657821655
737,88.02287292480469,118.13212585449219,0.9996472597122192,1001.551025390625,77.37366485595703,0.9997252821922302,90.64421081542969,1029.9564208984375,0.9998558759689331,1023.213134765625,1019.6609497070312,0.9998297691345215,323.906005859375,500.3790283203125,0.9988262057304382,342.48980712890625,610.9430541992188,0.999583899974823,276.8130798339844,570.2142944335938,0.9995737671852112,386.9898376464844,554.0768432617188,0.9944494962692261,721.156982421875,495.6481018066406,0.9947840571403503,752.8369750976562,714.0293579101562,0.9998031258583069,690.6163940429688,597.1546020507812,0.9981396198272705,784.1697387695312,568.5860595703125,0.9846634864807129,245.5502166748047,528.0906982421875,0.9405274987220764,214.339599609375,477.18841552734375,0.9683324694633484,198.68545532226562,460.0206298828125,0.8312197327613831,168.8527069091797,352.89984130859375,0.9955047965049744,259.8295593261719,412.8799133300781,0.14260593056678772,153.80140686035156,455.4561462402344,0.9417692422866821,227.41131591796875,290.8231201171875,0.9624735116958618,108.25125885009766,316.9808349609375,0.9602848887443542,145.64146423339844,229.54464721679688,0.9997298121452332,298.8062744140625,103.41118621826172,0.9459540843963623,383.3414001464844,125.3968276977539,0.9978551268577576
738,87.55474090576172,117.11512756347656,0.9998238682746887,999.8452758789062,78.53497314453125,0.9999208450317383,90.04156494140625,1029.3492431640625,0.9998594522476196,1023.5355834960938,1021.4039306640625,0.9997630715370178,320.7091979980469,500.8867492675781,0.996698260307312,345.3603210449219,609.9707641601562,0.9993531107902527,278.6518249511719,576.2809448242188,0.9978195428848267,386.941650390625,556.4207763671875,0.9965513944625854,723.7573852539062,494.0484619140625,0.9927009344100952,754.0398559570312,712.9420776367188,0.9996719360351562,692.22412109375,595.16650390625,0.9987576007843018,786.2461547851562,568.1100463867188,0.9931807518005371,258.9986877441406,591.307861328125,0.026727665215730667,197.87144470214844,528.5559692382812,0.07233402878046036,176.51510620117188,498.5787658691406,0.03575116768479347,168.4955291748047,370.62982177734375,0.9968896508216858,252.61570739746094,438.24609375,0.006179320625960827,227.87942504882812,297.061767578125,0.12510928511619568,226.1512451171875,295.2648010253906,0.9897176027297974,110.18119049072266,325.1988830566406,0.95107501745224,145.3551025390625,234.0299530029297,0.9944289922714233,292.4742431640625,101.20255279541016,0.984157383441925,375.3404235839844,122.59366607666016,0.9729002714157104
739,86.89500427246094,117.0251693725586,0.9998623132705688,1000.9131469726562,79.20848846435547,0.9996901750564575,89.8807601928711,1030.48095703125,0.9997921586036682,1020.7098999023438,1021.6878662109375,0.9994962215423584,320.19842529296875,501.01507568359375,0.9873588681221008,344.81854248046875,610.8274536132812,0.9996082186698914,278.45111083984375,579.11865234375,0.9770640730857849,386.8018493652344,557.714111328125,0.9956803321838379,724.4485473632812,495.33599853515625,0.9733649492263794,754.8538818359375,714.5296020507812,0.9998455047607422,690.669921875,595.7303466796875,0.9989216327667236,785.013916015625,568.800048828125,0.9921202659606934,234.1324920654297,635.7211303710938,0.07537800073623657,194.2617645263672,560.20654296875,0.17193496227264404,179.55674743652344,542.1737670898438,0.23068420588970184,165.45849609375,402.37640380859375,0.9492738842964172,117.52193450927734,335.2045593261719,0.0019758371636271477,231.48211669921875,328.2018737792969,0.011328618042171001,223.89222717285156,280.7664794921875,0.3050607740879059,109.16840362548828,328.7823181152344,0.9946839213371277,151.8117218017578,246.74351501464844,0.9336001873016357,292.0935974121094,106.62410736083984,0.8142610788345337,381.73126220703125,125.34699249267578,0.6665179133415222
740,86.18852233886719,117.095458984375,0.9996893405914307,1000.0929565429688,79.6214828491211,0.9998189806938171,89.05064392089844,1030.8170166015625,0.9997401833534241,1023.812255859375,1021.1785888671875,0.9997701048851013,323.1390686035156,501.5109558105469,0.9669913053512573,342.5010070800781,611.0151977539062,0.9995043277740479,279.3372802734375,571.5891723632812,0.993368923664093,386.2496032714844,557.1251220703125,0.9960863590240479,724.58740234375,493.2373352050781,0.9950653910636902,754.2446899414062,713.86572265625,0.9998193383216858,691.6436157226562,598.2162475585938,0.9990322589874268,784.0756225585938,570.3904418945312,0.9896324872970581,224.99490356445312,672.1312866210938,0.14956755936145782,205.33946228027344,621.3174438476562,0.1626179814338684,171.63360595703125,562.2529296875,0.20072722434997559,162.3983612060547,445.74365234375,0.8407127857208252,234.36439514160156,610.4610595703125,0.034710370004177094,133.28399658203125,551.4464721679688,0.20697423815727234,223.32928466796875,350.08441162109375,0.9855338335037231,104.46556854248047,355.4237060546875,0.88536137342453,158.4779510498047,263.07940673828125,0.9989343285560608,301.1878967285156,98.34347534179688,0.975257933139801,372.0370178222656,116.76610565185547,0.3131999373435974
741,88.76741027832031,115.82846069335938,0.9993730187416077,1000.9425659179688,78.484619140625,0.9993465542793274,88.61117553710938,1029.810302734375,0.9997524619102478,1022.7476196289062,1020.5123291015625,0.9996834993362427,331.11181640625,500.37408447265625,0.988553524017334,342.58917236328125,610.7584228515625,0.9993744492530823,279.141845703125,567.3764038085938,0.9674904942512512,385.15911865234375,556.8558349609375,0.997908353805542,723.5860595703125,495.47406005859375,0.9912810921669006,752.8143310546875,714.5675048828125,0.9996985197067261,693.6400146484375,596.7616577148438,0.9988143444061279,784.1525268554688,570.2463989257812,0.9946881532669067,236.18145751953125,725.4757690429688,0.06021014228463173,199.4822235107422,649.8759155273438,0.898318886756897,186.14044189453125,616.4481201171875,0.14657242596149445,164.773681640625,495.7188720703125,0.964131236076355,234.88941955566406,564.6771240234375,0.021981120109558105,161.8196258544922,638.4403076171875,0.8435434103012085,225.89874267578125,392.5946960449219,0.9650425314903259,112.31998443603516,386.78680419921875,0.7207425832748413,168.1792755126953,289.4692077636719,0.9935816526412964,172.2850341796875,201.05250549316406,0.7834242582321167,381.97113037109375,115.44467163085938,0.8023236393928528
742,87.60175323486328,115.20364379882812,0.9996660947799683,1000.486572265625,79.49508666992188,0.9998148083686829,92.02268981933594,1029.26513671875,0.99982750415802,1023.4346313476562,1020.8513793945312,0.9996885061264038,327.402099609375,500.3376770019531,0.9938263297080994,341.4354248046875,611.05224609375,0.9992262125015259,276.868896484375,565.3239135742188,0.9936255216598511,385.51519775390625,555.8287963867188,0.9968568086624146,723.58935546875,496.4624328613281,0.9811433553695679,754.1351318359375,713.1909790039062,0.9997068047523499,689.3682250976562,593.8353271484375,0.9982509016990662,786.697021484375,571.4476928710938,0.9949160814285278,235.3435821533203,773.8967895507812,0.19138969480991364,212.57391357421875,716.7093505859375,0.16093070805072784,194.28030395507812,683.5492553710938,0.4739880859851837,162.64280700683594,547.4810791015625,0.708864688873291,240.6103515625,637.1239013671875,0.576596736907959,145.9654083251953,655.7241821289062,0.28420490026474,220.0204315185547,421.3424987792969,0.9777423739433289,244.95986938476562,642.3283081054688,0.9770984649658203,160.15879821777344,341.1211853027344,0.9992440938949585,177.68223571777344,233.66070556640625,0.1115085706114769,200.60964965820312,206.5362548828125,0.14127643406391144
743,85.87032318115234,116.35272216796875,0.9997768998146057,1002.2664794921875,77.79231262207031,0.9996321201324463,89.70189666748047,1029.583251953125,0.999811589717865,1023.3171997070312,1020.5014038085938,0.9997891783714294,326.60638427734375,500.43865966796875,0.9918010830879211,343.14398193359375,610.41455078125,0.9993973970413208,279.0924072265625,569.5440673828125,0.9855589866638184,385.0652160644531,555.1388549804688,0.9967443943023682,718.8299560546875,496.2709655761719,0.9821861386299133,755.2826538085938,713.8827514648438,0.9998444318771362,692.16845703125,595.4505615234375,0.9991849064826965,785.2735595703125,571.5620727539062,0.9953678846359253,256.5304870605469,851.1946411132812,0.12888582050800323,145.93423461914062,404.9658508300781,0.02957676723599434,206.0547332763672,713.825927734375,0.04890649393200874,156.70623779296875,593.9846801757812,0.8880084156990051,245.47068786621094,678.3759765625,0.6868090033531189,215.23019409179688,469.2173767089844,0.9840669631958008,209.10501098632812,463.3958435058594,0.7676368355751038,96.31706237792969,495.4132995605469,0.926196813583374,141.15599060058594,395.84197998046875,0.989111602306366,175.79730224609375,274.72686767578125,0.11828728765249252,214.07260131835938,224.70118713378906,0.03599214553833008
744,86.11933135986328,117.96737670898438,0.9995837807655334,1000.8204956054688,78.51246643066406,0.9996258020401001,88.97691345214844,1030.1810302734375,0.9996529817581177,1023.1363525390625,1020.4159545898438,0.9997144341468811,331.4485168457031,499.80584716796875,0.9975564479827881,339.0943603515625,610.7998657226562,0.9988759160041809,276.2587890625,561.6544189453125,0.9958211183547974,385.75848388671875,554.6024169921875,0.9966757297515869,724.8037109375,493.4132385253906,0.9047001600265503,755.0857543945312,714.6707763671875,0.9997830986976624,691.4240112304688,596.9736938476562,0.9989891648292542,785.5155029296875,567.8131103515625,0.9946369528770447,265.87109375,885.6981201171875,0.33309417963027954,241.33013916015625,828.8516845703125,0.30716389417648315,130.2052764892578,467.51922607421875,0.03064042516052723,164.45257568359375,675.202392578125,0.8006604909896851,249.4064178466797,716.1142578125,0.5768084526062012,210.47581481933594,538.33203125,0.6018742322921753,210.43222045898438,529.1245727539062,0.8488174080848694,251.41917419433594,715.6654663085938,0.9750842452049255,119.41356658935547,456.23590087890625,0.9974725842475891,133.94125366210938,378.8595886230469,0.13971124589443207,183.93780517578125,311.8485107421875,0.07550343126058578
745,86.09397888183594,117.25289916992188,0.9998751878738403,999.2528686523438,77.60819244384766,0.9998904466629028,88.71699523925781,1029.148193359375,0.999774158000946,1022.2509765625,1020.66748046875,0.9997937083244324,335.5770568847656,499.3615417480469,0.9973904490470886,338.9944763183594,610.1942749023438,0.9984208345413208,278.9029235839844,562.6940307617188,0.7884212136268616,385.70123291015625,554.5689086914062,0.9979099631309509,720.7265014648438,497.2796936035156,0.9805830121040344,754.901611328125,713.4849243164062,0.9994693398475647,693.0261840820312,597.9789428710938,0.9989029169082642,783.4397583007812,571.7625122070312,0.995087206363678,274.96649169921875,935.6785278320312,0.9942757487297058,250.9219512939453,879.520751953125,0.9503239989280701,247.8332061767578,869.9566650390625,0.284310519695282,162.86721801757812,701.2359008789062,0.901108980178833,250.19744873046875,740.5201416015625,0.9511758089065552,177.9010009765625,819.9005737304688,0.541407585144043,195.00830078125,581.073486328125,0.8510483503341675,95.02423858642578,597.1041259765625,0.5378004908561707,121.63755798339844,502.8044128417969,0.9995232820510864,118.27371215820312,426.19842529296875,0.3145710229873657,240.7611541748047,290.26812744140625,0.9890159964561462
746,87.79215240478516,116.56703186035156,0.9995470643043518,999.9385986328125,77.33308410644531,0.9998279809951782,90.73944091796875,1028.5233154296875,0.9998588562011719,1023.4730834960938,1020.7797241210938,0.999777615070343,328.2150573730469,499.53851318359375,0.9987043142318726,338.8267822265625,610.4031982421875,0.9989218711853027,279.5339660644531,561.035400390625,0.9987144470214844,385.7734680175781,556.2992553710938,0.9967549443244934,718.7759399414062,497.63177490234375,0.9858101010322571,754.0123901367188,713.0775146484375,0.9997413754463196,692.46435546875,596.785888671875,0.9989042282104492,783.6531982421875,569.9701538085938,0.9928828477859497,271.8005065917969,957.0463256835938,0.4311838746070862,255.67623901367188,909.7034301757812,0.9332371950149536,250.98074340820312,897.8475952148438,0.28703516721725464,169.3128662109375,728.3357543945312,0.927852213382721,264.6335754394531,779.1641235351562,0.8696231842041016,193.75340270996094,848.78564453125,0.20597875118255615,218.1725311279297,640.1878662109375,0.80950528383255,101.3974609375,651.6361083984375,0.8642587065696716,131.4146270751953,547.0482788085938,0.9971194267272949,111.12116241455078,411.08624267578125,0.40054142475128174,136.8450469970703,320.4457702636719,0.45668935775756836
747,88.14358520507812,118.30909729003906,0.9993175268173218,1000.8756713867188,76.08063507080078,0.9996036887168884,92.39437866210938,1027.883056640625,0.9998984336853027,1022.6575927734375,1020.0274658203125,0.9997574687004089,328.14520263671875,499.5989990234375,0.9990422129631042,340.0546875,610.23681640625,0.9991123080253601,279.8115234375,563.2908325195312,0.998898983001709,386.6834716796875,554.419921875,0.9956371188163757,719.6112060546875,496.2817077636719,0.974823534488678,755.3550415039062,712.6947021484375,0.9998588562011719,690.9271240234375,596.2411499023438,0.9983468055725098,785.9292602539062,569.6932983398438,0.9872527718544006,272.9098205566406,983.911865234375,0.9895452857017517,260.57952880859375,942.953125,0.9325679540634155,254.18214416503906,924.8390502929688,0.9238533973693848,192.22915649414062,772.2357177734375,0.9387149214744568,284.63409423828125,824.5895385742188,0.8609725832939148,220.326904296875,911.5916748046875,0.8224262595176697,226.9877166748047,656.8515014648438,0.86475670337677,115.88822937011719,691.0834350585938,0.9070144295692444,140.4110565185547,577.550537109375,0.9997943043708801,110.72999572753906,489.7158508300781,0.8331707715988159,187.30772399902344,323.9347229003906,0.45515117049217224
748,87.79110717773438,115.65786743164062,0.9998471736907959,1001.2988891601562,79.39139556884766,0.9988844990730286,89.3894271850586,1029.819580078125,0.9998201727867126,1023.128662109375,1020.4644165039062,0.999850869178772,326.65606689453125,499.6319885253906,0.9981219172477722,339.5649719238281,610.7506103515625,0.9988101720809937,279.4336242675781,563.8779296875,0.999588668346405,387.64459228515625,557.1041259765625,0.9948546886444092,716.4432983398438,496.810302734375,0.9952532052993774,753.6912231445312,713.4330444335938,0.9995166063308716,689.6858520507812,594.5787963867188,0.9988524913787842,785.884521484375,566.6489868164062,0.9933390021324158,281.49725341796875,1003.94140625,0.9859303832054138,265.3177490234375,958.7540893554688,0.891781210899353,258.6997375488281,942.216796875,0.9366662502288818,197.8540802001953,786.0623168945312,0.6253892779350281,290.21173095703125,848.0029907226562,0.9449819922447205,219.26260375976562,919.8772583007812,0.9253783226013184,231.27276611328125,677.4392700195312,0.9912444353103638,123.76435852050781,690.226318359375,0.9834317564964294,148.94686889648438,596.8179321289062,0.9999668598175049,112.33284759521484,500.48101806640625,0.9409893751144409,163.8373260498047,322.24407958984375,0.11930929869413376
749,87.1263427734375,117.8065414428711,0.9997809529304504,1000.63623046875,77.1388168334961,0.9998038411140442,89.37976837158203,1029.8541259765625,0.9998641014099121,1022.388671875,1021.045166015625,0.9995827078819275,327.6348876953125,499.98114013671875,0.9988522529602051,340.0602111816406,609.802001953125,0.9985163807868958,279.875,564.3969116210938,0.9990448355674744,385.7634582519531,553.6973266601562,0.9959688186645508,718.244140625,494.9244689941406,0.9962627291679382,754.26318359375,713.253662109375,0.9997941851615906,691.1975708007812,597.6616821289062,0.9990636706352234,785.571044921875,567.8557739257812,0.995292067527771,259.7177429199219,1001.5454711914062,0.11322707682847977,258.22210693359375,944.7079467773438,0.33735331892967224,251.92466735839844,912.245849609375,0.8126079440116882,208.1834259033203,805.4783935546875,0.9572041630744934,295.85614013671875,866.2122192382812,0.9692967534065247,211.51707458496094,919.1783447265625,0.8954819440841675,239.68919372558594,690.674072265625,0.9926561117172241,299.7835388183594,870.092529296875,0.7446760535240173,148.9008026123047,612.5313110351562,0.9993390440940857,118.54053497314453,510.2625732421875,0.9740449786186218,153.2713623046875,328.98199462890625,0.13297297060489655
750,86.88253021240234,117.54300689697266,0.9999076128005981,999.557861328125,77.01273345947266,0.9996610879898071,89.52667236328125,1031.7557373046875,0.9998064637184143,1022.4967041015625,1021.4796142578125,0.9993933439254761,328.40301513671875,499.5045166015625,0.9955378770828247,340.8154602050781,610.4105224609375,0.9985907673835754,277.8822937011719,566.1788330078125,0.9977818131446838,385.9437255859375,554.5155029296875,0.9960389137268066,717.891845703125,497.3766174316406,0.9984400868415833,755.0593872070312,713.79248046875,0.9998049139976501,691.0277709960938,595.4788208007812,0.9988836646080017,784.37060546875,568.7750244140625,0.9942521452903748,240.84271240234375,991.1554565429688,0.30146288871765137,238.72088623046875,961.8201293945312,0.7916209101676941,237.6226043701172,936.3217163085938,0.7913784384727478,203.6789093017578,812.94580078125,0.9293234944343567,290.8224792480469,875.6328125,0.6825004816055298,196.40557861328125,922.2730102539062,0.6846641302108765,238.44827270507812,705.3948364257812,0.9962843656539917,121.3970718383789,767.5547485351562,0.9933911561965942,143.8809051513672,636.8871459960938,0.9990580677986145,119.34736633300781,515.6641235351562,0.9899749159812927,146.50283813476562,310.1748352050781,0.15757963061332703
751,87.95042419433594,114.74332427978516,0.9998635053634644,1000.15673828125,77.2006607055664,0.9993962049484253,89.09571838378906,1031.7294921875,0.9995618462562561,1019.5499877929688,1020.9183349609375,0.999699592590332,329.1977233886719,498.74676513671875,0.9981274008750916,340.37158203125,611.2505493164062,0.9960598349571228,277.7817687988281,564.2442626953125,0.9983217120170593,386.9312744140625,555.5903930664062,0.9935722351074219,716.6345825195312,497.62890625,0.9956054091453552,755.3723754882812,715.3160400390625,0.999871015548706,689.3763427734375,597.6334228515625,0.9958393573760986,783.1162719726562,566.3319702148438,0.9965338706970215,247.01431274414062,990.6884155273438,0.0029599142726510763,214.4598388671875,961.2626953125,0.035636115819215775,202.57850646972656,936.31103515625,0.09691983461380005,188.2591094970703,838.2063598632812,0.8965753316879272,261.4019470214844,904.7163696289062,0.048545822501182556,159.9795684814453,917.515625,0.0740642249584198,149.7068328857422,907.7914428710938,0.8831313848495483,115.2364730834961,771.2496948242188,0.9940220713615417,142.42591857910156,660.6473999023438,0.9997339844703674,119.12948608398438,542.8582763671875,0.5605551600456238,129.37399291992188,317.11553955078125,0.5212617516517639
752,86.84163665771484,116.17780303955078,0.9998505115509033,999.965576171875,80.04354858398438,0.9994286894798279,89.62855529785156,1032.524169921875,0.9987990856170654,1019.784912109375,1020.3326416015625,0.9988351464271545,327.8709716796875,498.73101806640625,0.9981241822242737,341.8290100097656,610.09423828125,0.9974650144577026,278.3767395019531,567.4881591796875,0.9968935251235962,386.69073486328125,554.11669921875,0.9958873391151428,719.73095703125,497.2965087890625,0.9939666986465454,754.4425048828125,714.381591796875,0.9997726082801819,690.759521484375,594.5967407226562,0.9967564940452576,784.3611450195312,568.9617919921875,0.995940089225769,123.23500061035156,989.8658447265625,0.03683530539274216,156.8489990234375,965.1487426757812,0.1705034375190735,162.59564208984375,946.7719116210938,0.7512440085411072,179.40370178222656,823.7588500976562,0.9713810682296753,237.95252990722656,935.492431640625,0.7457876801490784,132.61990356445312,914.8199462890625,0.8913484811782837,239.680908203125,717.3251953125,0.9363376498222351,113.67422485351562,775.8541259765625,0.9776444435119629,141.9705047607422,660.2564697265625,0.9998067021369934,108.35155487060547,553.557861328125,0.9208518862724304,104.30342102050781,496.5177001953125,0.9321115612983704
753,86.72332763671875,117.0298080444336,0.9998109936714172,1000.4658813476562,78.19947814941406,0.9996582269668579,88.7497329711914,1029.3580322265625,0.9950887560844421,1021.15380859375,1021.0792846679688,0.99950110912323,325.54443359375,499.3414001464844,0.9975718855857849,341.042236328125,609.9912719726562,0.9986231327056885,278.7016906738281,568.4703369140625,0.9990214109420776,386.7516784667969,556.283447265625,0.9920248985290527,716.3037719726562,496.4183349609375,0.9980905652046204,754.7274169921875,713.776123046875,0.9997491240501404,691.2608642578125,596.79541015625,0.9989474415779114,781.0554809570312,570.1749877929688,0.9945995807647705,102.3674087524414,1013.4628295898438,0.9178091883659363,132.87704467773438,966.4082641601562,0.9790775179862976,140.92645263671875,948.6538696289062,0.9260140061378479,170.26490783691406,815.7301635742188,0.9892938137054443,211.51856994628906,940.1254272460938,0.9872996211051941,107.377685546875,908.2020263671875,0.8435173630714417,239.92800903320312,741.8516235351562,0.9309433102607727,107.65887451171875,780.794189453125,0.9925990104675293,145.7994842529297,663.4639282226562,0.9997749924659729,99.13246154785156,550.6759643554688,0.998584508895874,105.37702178955078,295.710693359375,0.80975741147995
754,87.36898040771484,118.01777648925781,0.9997811913490295,1000.2588500976562,82.40596008300781,0.9999046325683594,88.02412414550781,1032.9031982421875,0.9922419786453247,1022.4102783203125,1021.4070434570312,0.9996801614761353,326.720458984375,499.1626892089844,0.9972854852676392,343.9120788574219,609.5143432617188,0.9969444870948792,278.51739501953125,571.57373046875,0.9956870675086975,385.8957824707031,554.716552734375,0.9948857426643372,714.3698120117188,495.399658203125,0.997387707233429,755.5321655273438,713.826904296875,0.9997239708900452,691.003173828125,593.9149780273438,0.9968339800834656,783.5469970703125,563.969482421875,0.9881112575531006,101.79379272460938,1027.47314453125,0.746317446231842,120.1860122680664,987.1767578125,0.9307379722595215,126.91458892822266,966.6784057617188,0.8599950075149536,171.11996459960938,818.5711669921875,0.8971877098083496,200.5796661376953,934.593017578125,0.9770583510398865,103.78005981445312,923.989990234375,0.7246498465538025,250.7999267578125,762.5582885742188,0.8666548728942871,107.37738037109375,781.3428955078125,0.9904043674468994,149.3855438232422,665.5279541015625,0.9991254210472107,111.24461364746094,550.6063842773438,0.9715408086776733,103.6579360961914,290.9530944824219,0.9190922975540161
755,87.272216796875,116.90763854980469,0.9998593330383301,1000.1419067382812,80.13953399658203,0.9996219873428345,86.36516571044922,1034.5186767578125,0.9762281179428101,1024.4603271484375,1020.4912109375,0.9995638728141785,330.4618835449219,498.4426574707031,0.9948444366455078,339.72943115234375,611.48828125,0.9988718628883362,278.8422546386719,566.677001953125,0.9977262616157532,386.11419677734375,558.155029296875,0.9966349005699158,716.690185546875,496.3809509277344,0.9981478452682495,754.6376953125,714.0997314453125,0.9998471736907959,690.3350830078125,592.2874145507812,0.9970085024833679,785.0551147460938,567.6797485351562,0.9974573254585266,105.56657409667969,1030.234619140625,0.7155428528785706,117.76909637451172,997.755615234375,0.9737496972084045,125.76433563232422,973.7825927734375,0.8065617084503174,166.15371704101562,821.4091186523438,0.9903936982154846,203.48471069335938,939.1295776367188,0.9853734374046326,99.75669860839844,926.9762573242188,0.8520200848579407,241.1837615966797,758.6837158203125,0.9505255222320557,108.28204345703125,782.5947265625,0.9937679767608643,156.03187561035156,678.384765625,0.999116837978363,130.045654296875,550.5170288085938,0.9737117886543274,100.5665283203125,419.8707580566406,0.6435002088546753
756,86.63227844238281,115.88848876953125,0.9998935461044312,1001.3189086914062,79.16709899902344,0.9996944665908813,87.26415252685547,1033.0054931640625,0.9814915657043457,1023.0303344726562,1019.7030029296875,0.9996672868728638,329.2372131347656,499.0303955078125,0.9984096884727478,340.2882385253906,611.78271484375,0.9985519051551819,277.8286437988281,564.8131103515625,0.9978755712509155,387.9617614746094,556.8822631835938,0.9937480688095093,716.684814453125,496.357666015625,0.9980416297912598,754.7223510742188,714.1666870117188,0.9998142123222351,689.8695068359375,593.5411376953125,0.9978725910186768,785.0473022460938,567.7675170898438,0.9966281056404114,102.37459564208984,1035.1256103515625,0.9475506544113159,119.59028625488281,998.9296875,0.8997754454612732,127.87710571289062,971.0621948242188,0.6217689514160156,165.1437225341797,824.4901123046875,0.9897280335426331,204.32215881347656,940.06396484375,0.9872482419013977,100.40131378173828,926.3390502929688,0.7022191286087036,239.89051818847656,761.4906005859375,0.9064143896102905,108.52732849121094,780.0363159179688,0.9887514710426331,155.93072509765625,682.1945190429688,0.9990179538726807,136.08006286621094,545.0575561523438,0.977965772151947,104.36736297607422,306.2394714355469,0.6660869121551514
757,87.57469177246094,115.95391082763672,0.9998063445091248,1000.5770263671875,77.12210083007812,0.9998714923858643,87.09039306640625,1034.4437255859375,0.9907945990562439,1022.5546264648438,1019.8115844726562,0.9997126460075378,330.8515625,499.1572570800781,0.9982643723487854,339.859375,611.2776489257812,0.9976436495780945,278.1952209472656,563.779541015625,0.9979143738746643,387.1506652832031,556.2646484375,0.9965870380401611,715.5885009765625,494.357666015625,0.992912232875824,755.796630859375,714.7826538085938,0.9999006986618042,689.0086059570312,593.06591796875,0.9974562525749207,784.8002319335938,569.906494140625,0.994494616985321,133.90762329101562,1031.971435546875,0.9619477987289429,132.1157684326172,976.7192993164062,0.8943252563476562,135.18479919433594,955.917236328125,0.8546180725097656,165.64964294433594,822.3970336914062,0.9950704574584961,203.47512817382812,939.8134765625,0.971734881401062,100.7691650390625,921.5211181640625,0.7177746295928955,236.9122314453125,772.0712890625,0.9567413926124573,105.50033569335938,781.4390869140625,0.9933422207832336,154.90159606933594,681.659912109375,0.9992474317550659,137.8223114013672,544.454345703125,0.9860223531723022,100.8753890991211,306.5512390136719,0.3788716495037079
758,87.51739501953125,116.7321548461914,0.999862551689148,1000.0677490234375,78.79931640625,0.9996078610420227,88.1304931640625,1028.8909912109375,0.9998754262924194,1022.9171752929688,1020.153076171875,0.9997329115867615,332.6729431152344,498.9632873535156,0.9982372522354126,339.2181701660156,611.5728759765625,0.9990946054458618,278.1421203613281,562.846435546875,0.9989232420921326,387.4494934082031,556.1261596679688,0.9953128099441528,722.2262573242188,492.92266845703125,0.9891574382781982,756.208984375,713.657958984375,0.9999057054519653,688.8302612304688,592.3310546875,0.9983532428741455,784.7098388671875,566.1815795898438,0.9911086559295654,195.0275115966797,1041.8323974609375,0.9787217974662781,153.612548828125,993.6405029296875,0.9857789278030396,144.73411560058594,976.44287109375,0.9764969944953918,160.27825927734375,847.98681640625,0.9955755472183228,206.39825439453125,943.0826416015625,0.9948791265487671,103.67648315429688,945.58251953125,0.9656489491462708,233.07736206054688,767.6151123046875,0.8295934796333313,97.90325164794922,785.6410522460938,0.9601647257804871,151.74623107910156,681.2300415039062,0.9986984729766846,132.62193298339844,543.2413330078125,0.9628305435180664,101.63678741455078,304.4784240722656,0.9327648282051086
759,87.42166900634766,115.1966552734375,0.9998981952667236,1001.2286376953125,76.60160064697266,0.9997071623802185,89.599365234375,1031.332275390625,0.9997647404670715,1023.076904296875,1020.2535400390625,0.9997192025184631,332.3487854003906,498.623291015625,0.9983723759651184,336.99603271484375,611.4095458984375,0.9994121789932251,278.0278625488281,560.9660034179688,0.9989232420921326,387.52606201171875,556.5052490234375,0.9952706694602966,722.919921875,493.3795471191406,0.993505597114563,754.7421264648438,713.1922607421875,0.9998669624328613,688.4972534179688,591.2811279296875,0.9984431862831116,784.4345703125,567.3220825195312,0.9948683977127075,243.57786560058594,1049.462890625,0.9289436340332031,235.7704620361328,1019.8028564453125,0.9979010820388794,189.19387817382812,994.00146484375,0.9165074825286865,154.06326293945312,866.8264770507812,0.9923474788665771,216.25772094726562,954.8436279296875,0.9485969543457031,117.50035858154297,972.72265625,0.9058250784873962,225.79844665527344,785.1847534179688,0.9660440683364868,96.44403839111328,786.2012329101562,0.9957624077796936,147.42465209960938,698.7059936523438,0.9998249411582947,134.92672729492188,556.8404541015625,0.9546599984169006,115.42440795898438,397.1712646484375,0.39801859855651855
760,86.5923843383789,115.01812744140625,0.9998681545257568,1000.2241821289062,80.1838150024414,0.9997243285179138,88.86233520507812,1031.578857421875,0.9997207522392273,1020.5980224609375,1020.3441162109375,0.9994999170303345,332.4228210449219,497.9844665527344,0.9975879192352295,339.0089111328125,611.337890625,0.9993759989738464,277.1670837402344,559.4296875,0.9990172386169434,387.5655822753906,557.8084106445312,0.9931922554969788,722.05517578125,495.1258850097656,0.9932350516319275,755.9880981445312,714.5999755859375,0.9998819828033447,690.7273559570312,596.84814453125,0.9988663196563721,781.6118774414062,567.6935424804688,0.99432772397995,297.7543029785156,1017.2044677734375,0.30633798241615295,265.5312805175781,1008.5903930664062,0.9965026378631592,239.09132385253906,997.5689697265625,0.8928586840629578,156.8228759765625,881.3623657226562,0.9969821572303772,244.94818115234375,926.135498046875,0.7773198485374451,218.26254272460938,804.8494262695312,0.08530265837907791,218.25259399414062,788.79052734375,0.972151517868042,93.09455871582031,807.7938842773438,0.9857556223869324,144.78872680664062,707.1047973632812,0.9970771074295044,131.7841033935547,560.2167358398438,0.8972179293632507,132.55824279785156,418.4574279785156,0.8287624716758728
761,86.51112365722656,116.06166076660156,0.999873161315918,1000.9346313476562,79.67184448242188,0.9997056126594543,89.2577896118164,1030.949462890625,0.9997166991233826,1022.1781616210938,1019.13427734375,0.999651312828064,331.0083312988281,498.3108215332031,0.9983958601951599,341.4016418457031,611.7648315429688,0.9990994930267334,277.9300231933594,561.7052612304688,0.9989256262779236,387.3765869140625,556.3604125976562,0.9938726425170898,719.668701171875,496.91156005859375,0.9966078996658325,755.2782592773438,714.04345703125,0.9998620748519897,689.1277465820312,594.808349609375,0.9977353811264038,783.5020751953125,564.1902465820312,0.9849297404289246,394.3813781738281,975.1866455078125,0.5934591889381409,342.10589599609375,986.118408203125,0.7754395604133606,313.5864562988281,982.6535034179688,0.7933827042579651,166.09173583984375,869.1556396484375,0.5252076983451843,287.6593017578125,904.4557495117188,0.8721362948417664,251.62667846679688,997.442626953125,0.9056380987167358,225.10247802734375,795.64453125,0.9494744539260864,103.54637145996094,824.7957153320312,0.7675068974494934,155.1975860595703,725.7239379882812,0.9983440637588501,134.787841796875,560.9124755859375,0.9721693396568298,138.0415802001953,423.5816345214844,0.993733823299408
762,87.32697296142578,115.00048065185547,0.9999018907546997,1000.048828125,79.51676177978516,0.9997768998146057,89.7502670288086,1029.839111328125,0.9998619556427002,1021.8526000976562,1021.0059814453125,0.999454915523529,332.0452880859375,498.8365783691406,0.9983834028244019,337.64495849609375,611.29296875,0.9995914101600647,277.26287841796875,560.0791625976562,0.999038815498352,387.1014404296875,558.8765258789062,0.9951090216636658,717.6326293945312,497.2470397949219,0.9943437576293945,755.3741455078125,714.9701538085938,0.9997743964195251,687.9187622070312,590.684814453125,0.9952552914619446,783.1967163085938,563.79638671875,0.9953822493553162,417.20587158203125,968.3233642578125,0.9857041239738464,371.8284606933594,970.14453125,0.9825350046157837,351.4265441894531,967.8770141601562,0.8768178224563599,235.86985778808594,915.736572265625,0.9359654188156128,329.9222412109375,889.9298706054688,0.7734849452972412,299.6696472167969,989.8634643554688,0.844062328338623,229.2469940185547,810.3338623046875,0.930701494216919,131.9313201904297,891.0092163085938,0.7929399013519287,152.15187072753906,748.7852783203125,0.9951168298721313,137.0045623779297,545.1484375,0.5752904415130615,139.67559814453125,426.2779235839844,0.8527123332023621
763,87.13975524902344,115.81330871582031,0.999915361404419,999.3751831054688,81.52667236328125,0.9998830556869507,89.4551773071289,1030.3438720703125,0.999859094619751,1022.7394409179688,1019.8499755859375,0.9997610449790955,332.16424560546875,498.63873291015625,0.9975987076759338,336.1468505859375,610.6380004882812,0.999496579170227,275.9866943359375,557.7206420898438,0.9972853660583496,387.536865234375,557.9388427734375,0.9961052536964417,715.4819946289062,499.00445556640625,0.9978877902030945,756.0201416015625,714.3809204101562,0.9998706579208374,687.4878540039062,590.0997314453125,0.993950605392456,784.2239990234375,561.4317626953125,0.9916499853134155,446.841796875,970.966796875,0.9975956082344055,409.5343933105469,962.8628540039062,0.9925884008407593,388.2604064941406,960.6962890625,0.909878671169281,256.3360290527344,919.2984008789062,0.9918944239616394,352.7397155761719,895.2034912109375,0.8345521092414856,332.09222412109375,994.96435546875,0.7732098698616028,230.50485229492188,817.76025390625,0.9127175211906433,143.0663299560547,895.269775390625,0.9545229077339172,145.85179138183594,769.9573364257812,0.9999126195907593,126.54995727539062,620.244384765625,0.5310553312301636,127.60664367675781,523.0839233398438,0.8531469106674194
764,87.98966217041016,115.92584991455078,0.9997965693473816,1000.7404174804688,79.7597885131836,0.9996271133422852,88.83140563964844,1028.929443359375,0.999904990196228,1023.0236206054688,1019.2761840820312,0.9997515082359314,334.8357238769531,498.7129821777344,0.9986635446548462,335.1134948730469,610.4805297851562,0.9992275238037109,275.368408203125,554.1090698242188,0.9974537491798401,387.7162170410156,556.7095336914062,0.9951973557472229,718.6954956054688,497.26953125,0.998661994934082,754.5911254882812,714.2552490234375,0.9997373223304749,690.0216674804688,592.0233764648438,0.9983426332473755,784.8572998046875,566.1123046875,0.9938109517097473,463.72607421875,976.15234375,0.9735296368598938,433.5936584472656,970.927001953125,0.9931447505950928,415.8711853027344,969.647705078125,0.8945263624191284,269.4541015625,921.8812866210938,0.9980512857437134,360.50634765625,893.5167236328125,0.07937256246805191,353.3608093261719,996.7411499023438,0.9026204943656921,233.45779418945312,826.549560546875,0.8129170536994934,147.21421813964844,906.8911743164062,0.6952664852142334,139.5941925048828,781.5115966796875,0.9990365505218506,122.47377014160156,688.6287231445312,0.894148588180542,124.41436004638672,585.4951782226562,0.1151241883635521
765,87.08152770996094,115.76217651367188,0.9999074935913086,998.2618408203125,80.36089324951172,0.9999061822891235,90.14922332763672,1029.06005859375,0.9998959302902222,1023.25439453125,1019.8201904296875,0.9996514320373535,334.81878662109375,498.7697448730469,0.9985400438308716,333.0272216796875,611.261474609375,0.9993778467178345,276.2371826171875,552.862548828125,0.9978609681129456,388.5682373046875,557.5858154296875,0.9977678060531616,720.2262573242188,497.14422607421875,0.99744713306427,754.72998046875,714.6373901367188,0.9997684359550476,689.799072265625,592.022705078125,0.9955843091011047,785.9970703125,564.032470703125,0.9934628009796143,495.4222412109375,1000.287353515625,0.9967465400695801,456.13385009765625,982.8905029296875,0.9920935034751892,442.068359375,978.10791015625,0.9646036624908447,284.1028747558594,924.6368408203125,0.9861590266227722,398.0160217285156,904.2183227539062,0.8871793150901794,384.9264831542969,1003.838134765625,0.9978253841400146,229.34413146972656,829.4467163085938,0.5584506392478943,154.9166259765625,910.443603515625,0.3641433119773865,131.1103515625,794.8248901367188,0.9992603659629822,103.016357421875,689.9852905273438,0.3411813974380493,105.13331604003906,681.4818115234375,0.25425979495048523
766,86.46794891357422,116.21053314208984,0.9999257326126099,1000.5604858398438,79.26356506347656,0.9997125267982483,90.39085388183594,1028.5599365234375,0.9999086856842041,1022.7496948242188,1020.26318359375,0.9997183680534363,334.45208740234375,498.5919494628906,0.9980680346488953,332.9391174316406,611.2505493164062,0.999110996723175,275.8880310058594,552.2717895507812,0.9977197051048279,387.3110046386719,559.7252197265625,0.9969611763954163,724.5883178710938,493.23187255859375,0.9945741295814514,754.3611450195312,714.2074584960938,0.9998327493667603,689.263671875,592.580078125,0.9977763295173645,784.6464233398438,568.2960815429688,0.9883188009262085,533.5645751953125,993.0587768554688,0.8948942422866821,487.8247985839844,986.5397338867188,0.8726636171340942,462.5766906738281,982.7301025390625,0.8528000712394714,306.19769287109375,932.85546875,0.9861141443252563,421.4427795410156,915.6057739257812,0.777809202671051,399.26129150390625,1007.3466186523438,0.8462892174720764,247.9088592529297,844.9360961914062,0.9494947791099548,186.54385375976562,934.2388916015625,0.708501398563385,142.5968017578125,825.079833984375,0.9995157718658447,91.46000671386719,698.16796875,0.9215380549430847,166.48204040527344,651.2835693359375,0.16467276215553284
767,87.70116424560547,117.73150634765625,0.999618411064148,1000.4525756835938,76.85772705078125,0.99985671043396,90.03743743896484,1029.431396484375,0.9998708963394165,1022.7584838867188,1020.33984375,0.9997269511222839,334.67132568359375,498.40789794921875,0.9978814721107483,333.0751953125,610.7503662109375,0.998993456363678,275.694580078125,552.5117797851562,0.996874213218689,386.39227294921875,558.7503051757812,0.9956402778625488,724.877685546875,497.0592041015625,0.996060311794281,754.7684936523438,714.3626708984375,0.9998204112052917,689.5277099609375,590.58935546875,0.9946371912956238,783.4955444335938,567.6895751953125,0.9906387329101562,583.937255859375,970.848876953125,0.6453112959861755,559.1072998046875,977.2254028320312,0.783433735370636,535.5794677734375,977.7982788085938,0.948760449886322,325.0438537597656,936.069580078125,0.9946539402008057,464.26446533203125,916.5094604492188,0.22748608887195587,496.3752746582031,1002.00537109375,0.9795411229133606,254.6865997314453,858.4373779296875,0.942988932132721,217.2168426513672,956.8911743164062,0.6650229692459106,159.2943115234375,858.1141357421875,0.9984855055809021,111.42601776123047,760.3460693359375,0.2535819709300995,122.40496826171875,691.291259765625,0.4114692211151123
768,86.6626205444336,116.43572998046875,0.9998937845230103,1001.3064575195312,79.70281219482422,0.9997598528862,90.01152801513672,1028.984619140625,0.9998761415481567,1023.4207763671875,1020.6873168945312,0.9996703863143921,335.6090087890625,498.2437438964844,0.9965001344680786,334.39752197265625,612.1385498046875,0.9987277388572693,276.23480224609375,552.9915161132812,0.9957030415534973,386.48016357421875,558.63037109375,0.9956543445587158,723.5989379882812,499.20416259765625,0.9944005608558655,755.9105224609375,713.92333984375,0.9998070597648621,690.2733764648438,591.6908569335938,0.997011661529541,784.86083984375,568.9913940429688,0.9960796236991882,631.6768798828125,969.6376342773438,0.834551990032196,595.9312133789062,970.5636596679688,0.994636595249176,575.3148803710938,970.4838256835938,0.8008140921592712,392.8478088378906,951.6406860351562,0.9617392420768738,515.3958129882812,910.59326171875,0.1436963975429535,510.3686218261719,1005.7998046875,0.918918251991272,281.1178283691406,883.5036010742188,0.9854750633239746,261.9493103027344,984.5404663085938,0.9672194123268127,195.18775939941406,903.9993286132812,0.9955204725265503,116.52273559570312,820.962890625,0.6317728161811829,144.18605041503906,752.184814453125,0.7412629723548889
769,86.87870025634766,117.09446716308594,0.9998154044151306,998.5818481445312,78.3056411743164,0.9998555183410645,89.97000885009766,1028.6578369140625,0.9998729228973389,1021.490966796875,1020.8189086914062,0.9997246861457825,334.86859130859375,498.1778564453125,0.9972361922264099,332.65765380859375,610.294189453125,0.9991840720176697,275.53460693359375,552.0202026367188,0.9953321814537048,386.11279296875,556.8312377929688,0.9967459440231323,724.3488159179688,500.0167236328125,0.9976049661636353,753.1901245117188,714.6557006835938,0.9998131394386292,690.4114990234375,592.5029907226562,0.9975320100784302,783.6533203125,569.0578002929688,0.9956192374229431,659.9075317382812,967.5693359375,0.3801761269569397,629.69384765625,972.253662109375,0.9839913845062256,602.873046875,973.6090087890625,0.9185101389884949,408.0226135253906,958.8628540039062,0.9895716905593872,559.11279296875,928.1845092773438,0.6594600081443787,550.0199584960938,1010.6464233398438,0.9943186640739441,317.2751770019531,891.6226806640625,0.9816606044769287,308.8214416503906,994.3898315429688,0.9915052056312561,229.5469512939453,922.0990600585938,0.9987055063247681,127.03925323486328,829.797607421875,0.6661191582679749,131.07252502441406,690.940673828125,0.6710019707679749
770,86.38451385498047,115.38323974609375,0.9999109506607056,1000.3386840820312,78.10441589355469,0.9998685121536255,89.91268920898438,1028.8275146484375,0.9998925924301147,1023.02685546875,1020.2068481445312,0.99974125623703,335.6519470214844,497.5382995605469,0.997178316116333,333.42376708984375,610.9327392578125,0.9990859031677246,275.7217712402344,550.5137939453125,0.9951356053352356,385.8472900390625,557.1155395507812,0.9948668479919434,723.3088989257812,500.032958984375,0.9946961402893066,755.782470703125,714.9478149414062,0.9998652935028076,689.1768798828125,593.6318969726562,0.9986844658851624,783.6738891601562,569.9830932617188,0.9972009658813477,714.2703247070312,967.6198120117188,0.335063636302948,670.7277221679688,973.09033203125,0.9619044661521912,654.2855834960938,971.4635009765625,0.5643686652183533,481.5362548828125,961.3465576171875,0.9198836088180542,565.3623046875,919.296142578125,0.9927414655685425,597.0464477539062,1010.92333984375,0.9871355891227722,390.8877258300781,893.0884399414062,0.998019814491272,382.89813232421875,1010.5462646484375,0.7719115018844604,290.1470642089844,929.0067138671875,0.9835118055343628,145.2205810546875,851.65869140625,0.8231290578842163,80.52507019042969,688.262939453125,0.24724525213241577
771,86.48297119140625,115.64620208740234,0.9998413324356079,1000.6414794921875,78.95523071289062,0.9996575117111206,89.7867202758789,1028.665283203125,0.9998750686645508,1023.3224487304688,1019.9651489257812,0.9998043179512024,334.30145263671875,498.019775390625,0.9982134103775024,332.9302978515625,610.9644775390625,0.9995030164718628,275.88232421875,551.7321166992188,0.9960423707962036,385.5617370605469,556.2406616210938,0.9972225427627563,721.9854125976562,496.9114074707031,0.99505615234375,753.4824829101562,713.6048583984375,0.9997325539588928,690.1640625,594.1847534179688,0.9986009001731873,782.6670532226562,569.8970336914062,0.9965500831604004,328.6679382324219,924.41357421875,0.006224019918590784,714.3826904296875,985.79248046875,0.007709248922765255,705.9134521484375,982.3670043945312,0.004553582053631544,529.739013671875,960.3405151367188,0.9187187552452087,406.3990173339844,999.1961669921875,0.35400789976119995,638.2528076171875,1006.439208984375,0.3183057904243469,447.9643249511719,894.444091796875,0.9595918655395508,409.2166442871094,996.1473388671875,0.926552414894104,329.7211608886719,921.9052734375,0.999600350856781,220.2970733642578,895.7650146484375,0.6574974656105042,118.97760009765625,769.9035034179688,0.8660948276519775
772,87.19805908203125,117.8922348022461,0.9996826648712158,998.809326171875,77.47317504882812,0.999734103679657,89.95838165283203,1029.914306640625,0.9998279809951782,1022.1984252929688,1020.3397827148438,0.9997381567955017,333.655029296875,497.6827087402344,0.9965541362762451,333.9528503417969,610.5626831054688,0.9992966651916504,276.0357666015625,553.06201171875,0.997568666934967,386.5682067871094,557.1199340820312,0.9959298968315125,717.6972045898438,497.04351806640625,0.9975610971450806,755.2142944335938,713.9891967773438,0.9997934699058533,687.9830322265625,594.7814331054688,0.9972869157791138,782.8016967773438,567.0157470703125,0.9902423024177551,783.4706420898438,972.3189086914062,0.011319488286972046,750.6677856445312,969.7538452148438,0.07620466500520706,730.4666137695312,969.83642578125,0.03987840190529823,565.7123413085938,949.3218383789062,0.9788237810134888,670.6570434570312,914.0299072265625,0.6304267048835754,730.4185791015625,1005.9759521484375,0.21006272733211517,480.5126953125,884.0775146484375,0.9920246601104736,465.56396484375,995.68798828125,0.7228780388832092,380.6689147949219,928.100341796875,0.995392918586731,198.9932098388672,878.4777221679688,0.7972782254219055,106.56961822509766,781.8759765625,0.8675985932350159
773,87.59847259521484,115.86722564697266,0.9996250867843628,999.8372802734375,76.37866973876953,0.9998316764831543,89.24532318115234,1031.0509033203125,0.9996824264526367,1023.0760498046875,1020.4712524414062,0.9996623992919922,336.3829345703125,497.759033203125,0.9977518916130066,332.584716796875,610.6426391601562,0.9992343187332153,276.2431335449219,551.1204833984375,0.9968219995498657,386.508056640625,559.5421142578125,0.9945165514945984,720.4802856445312,497.5066833496094,0.9978860020637512,754.3568725585938,712.7864990234375,0.9997842907905579,687.0526123046875,592.5588989257812,0.9980547428131104,782.4965209960938,568.6918334960938,0.9940220713615417,799.8007202148438,971.314453125,0.020963741466403008,785.3571166992188,968.320068359375,0.6509702205657959,757.553466796875,960.6790161132812,0.06494344025850296,611.4127197265625,954.5007934570312,0.994222104549408,714.099609375,913.5753173828125,0.6509881019592285,741.7984008789062,999.6762084960938,0.6558668613433838,510.37493896484375,903.6475830078125,0.9955413937568665,526.8688354492188,1025.104736328125,0.9775665402412415,422.6280822753906,940.5542602539062,0.9838454723358154,194.2322998046875,866.7055053710938,0.5725033283233643,143.4360809326172,808.5760498046875,0.11147111654281616
774,87.71302032470703,116.77764892578125,0.9993589520454407,1001.0462036132812,78.12934875488281,0.9992960691452026,90.68634033203125,1030.81982421875,0.9997887015342712,1022.4844360351562,1020.151123046875,0.9997636675834656,336.4174499511719,497.6945495605469,0.9978280663490295,333.1612243652344,610.9896850585938,0.9994982481002808,275.6913757324219,550.8075561523438,0.9906399250030518,387.5945129394531,559.088134765625,0.9933671355247498,722.0452880859375,497.7424011230469,0.9948092699050903,753.7075805664062,711.9037475585938,0.9996510744094849,689.44287109375,591.0994873046875,0.9976789355278015,784.973876953125,561.5509033203125,0.9919692873954773,826.716796875,971.11474609375,0.11291798204183578,822.4580688476562,968.9852294921875,0.642636775970459,789.9423217773438,958.154541015625,0.5821517705917358,628.499267578125,959.256591796875,0.9705483913421631,742.3073120117188,902.6648559570312,0.4569098949432373,758.32373046875,999.3197021484375,0.8778585195541382,534.0714721679688,897.6849365234375,0.9901500940322876,533.3790283203125,1018.3201904296875,0.9412053227424622,444.7062683105469,952.9398803710938,0.9866628050804138,308.7062683105469,924.7306518554688,0.6363488435745239,140.25840759277344,792.0027465820312,0.5252277851104736
775,86.2745132446289,115.69422912597656,0.9998676776885986,1000.0116577148438,77.0980224609375,0.999642014503479,88.98638916015625,1028.96337890625,0.9997743964195251,1022.8502197265625,1020.6383056640625,0.999751627445221,334.338623046875,497.892333984375,0.9984499216079712,334.5672302246094,610.8406372070312,0.9993249177932739,276.1627197265625,551.6243286132812,0.9961129426956177,387.9873352050781,558.7889404296875,0.9940955638885498,722.4671630859375,496.2342224121094,0.9935018420219421,754.3143310546875,712.2469482421875,0.999845027923584,691.1854248046875,594.1746215820312,0.9980472326278687,782.8432006835938,564.7423706054688,0.9951589703559875,865.0087280273438,967.9066162109375,0.009696495719254017,855.2882690429688,970.7131958007812,0.04423367232084274,833.2299194335938,969.5795288085938,0.06300715357065201,642.46630859375,960.9534912109375,0.9796884655952454,759.1981811523438,910.9671020507812,0.2608083486557007,790.7891845703125,1007.4224853515625,0.8484134078025818,545.0775756835938,915.077392578125,0.8889049887657166,559.1285400390625,1025.8626708984375,0.9661005139350891,455.2636413574219,966.962890625,0.9945737719535828,228.49920654296875,886.3742065429688,0.9483357071876526,140.90733337402344,789.521484375,0.8769119381904602
776,85.43074798583984,114.69527435302734,0.9998118281364441,1000.8104248046875,78.11299133300781,0.9993292093276978,88.95504760742188,1028.508544921875,0.9998805522918701,1023.4576416015625,1021.262939453125,0.9992703795433044,335.0962829589844,497.9403991699219,0.9986065030097961,333.80682373046875,611.3392944335938,0.9995077848434448,276.0879821777344,552.21533203125,0.9963555335998535,387.3280334472656,558.703125,0.9964945912361145,721.6577758789062,496.1208801269531,0.9858840107917786,755.574951171875,713.858154296875,0.9997856020927429,690.5152587890625,592.2365112304688,0.9959558844566345,783.6867065429688,568.0720825195312,0.993883490562439,920.7796020507812,979.7346801757812,0.308803915977478,884.1369018554688,973.3951416015625,0.7293221950531006,870.5614013671875,976.9803466796875,0.3562167286872864,658.7842407226562,960.2789306640625,0.9100328087806702,768.6842651367188,911.7974243164062,0.37947049736976624,808.1881103515625,1012.82373046875,0.8985618948936462,564.6752319335938,901.6183471679688,0.6476487517356873,581.0427856445312,1026.6923828125,0.9753722548484802,491.7602233886719,966.9564819335938,0.9974164962768555,362.3720397949219,958.1538696289062,0.9364275336265564,288.3082580566406,930.054443359375,0.44423821568489075
777,86.60716247558594,117.0246810913086,0.9999099969863892,1001.3757934570312,76.59478759765625,0.9997344613075256,90.22135925292969,1031.913818359375,0.9996793270111084,1019.4073486328125,1021.8135986328125,0.9994701743125916,334.65557861328125,498.08148193359375,0.9977995753288269,334.74871826171875,611.5223388671875,0.9994807839393616,275.4717102050781,552.8920288085938,0.9956052899360657,387.07708740234375,557.85205078125,0.9961696267127991,721.7091064453125,497.1120300292969,0.9855960607528687,754.40087890625,712.4996948242188,0.9996806383132935,690.911865234375,596.6937866210938,0.9978547692298889,783.6737670898438,567.7418212890625,0.9881729483604431,986.2190551757812,1010.6574096679688,0.7894636392593384,942.6834106445312,992.9366455078125,0.8686224818229675,917.29443359375,988.23046875,0.9352554082870483,701.8765258789062,962.4801025390625,0.9593107104301453,787.9130859375,919.59912109375,0.3441092371940613,853.037841796875,1008.3036499023438,0.9772176146507263,614.4524536132812,909.7260131835938,0.9942901134490967,623.8612060546875,1017.3303833007812,0.8740890622138977,531.6990966796875,954.9146728515625,0.9837626218795776,417.6169738769531,968.3973388671875,0.9711130857467651,349.31884765625,968.2996826171875,0.3410741984844208
778,86.58830261230469,115.28591918945312,0.9998059868812561,1001.3038940429688,80.83118438720703,0.9998168349266052,90.51841735839844,1030.35986328125,0.9998871088027954,1021.428466796875,1021.0213623046875,0.997896671295166,333.0632019042969,498.14898681640625,0.9983264803886414,333.8055419921875,611.1090698242188,0.9992232322692871,275.0883483886719,551.8566284179688,0.9945376515388489,386.05426025390625,555.9971923828125,0.993915855884552,719.0496826171875,496.1525573730469,0.9930684566497803,755.2937622070312,713.3047485351562,0.999629020690918,688.7305297851562,594.2479248046875,0.9983657002449036,781.9660034179688,566.1857299804688,0.9973618388175964,1007.6409912109375,1016.8092651367188,0.7787037491798401,976.9635620117188,994.8887329101562,0.9285855889320374,955.6932373046875,988.289306640625,0.9500109553337097,720.1406860351562,945.8831787109375,0.9060318470001221,867.23876953125,911.3989868164062,0.24965620040893555,884.5333862304688,1009.5806884765625,0.9599210619926453,655.407958984375,891.2960205078125,0.7417396903038025,873.970947265625,915.2484741210938,0.9515407085418701,558.9069213867188,940.3516235351562,0.9652931690216064,412.1837463378906,964.3638305664062,0.8129529356956482,234.07894897460938,950.40966796875,0.9748290777206421
779,86.74327087402344,116.48921203613281,0.9998037219047546,1000.4228515625,76.78782653808594,0.9998598098754883,92.4748306274414,1028.6533203125,0.9998836517333984,1019.356201171875,1020.2365112304688,0.9968435764312744,334.2685546875,497.72265625,0.9986804127693176,333.59814453125,611.0430908203125,0.9991517066955566,275.50311279296875,551.8869018554688,0.9925131797790527,386.82568359375,557.716552734375,0.9955558180809021,718.468994140625,495.2308349609375,0.9969248175621033,754.381591796875,712.759765625,0.9996528625488281,690.5266723632812,594.9017944335938,0.9984481334686279,783.12353515625,567.93505859375,0.9947729706764221,1009.1605224609375,1013.1751098632812,0.8987744450569153,979.7164306640625,987.7588500976562,0.9850989580154419,962.540771484375,982.807373046875,0.7206779718399048,742.8005981445312,941.8831176757812,0.8375418186187744,943.9759521484375,936.1865234375,0.10054367035627365,884.2727661132812,1003.8705444335938,0.979518473148346,687.5610961914062,881.8875122070312,0.9873453974723816,693.8199462890625,995.4146118164062,0.46388763189315796,607.826904296875,927.5606079101562,0.9741886854171753,495.88323974609375,936.60009765625,0.6012194156646729,320.9541320800781,957.5989990234375,0.8197229504585266
780,87.34737396240234,115.06385803222656,0.9996411800384521,999.6201782226562,81.35043334960938,0.9998699426651001,91.0727767944336,1028.708740234375,0.9999066591262817,1019.495849609375,1018.7998046875,0.9983476400375366,333.4748840332031,498.0998840332031,0.999126136302948,335.4859313964844,611.2373657226562,0.9994100332260132,276.29681396484375,552.7123413085938,0.9949579834938049,387.182861328125,557.715087890625,0.9944106936454773,723.9039306640625,494.0877990722656,0.9801730513572693,755.5587158203125,714.080322265625,0.9997405409812927,689.8875732421875,596.2118530273438,0.9984927177429199,783.2720336914062,567.3848266601562,0.9917417764663696,1008.5843505859375,1012.1843872070312,0.24573291838169098,981.1654052734375,986.5415649414062,0.9854764342308044,972.2360229492188,983.3155517578125,0.9990357160568237,770.9096069335938,940.2312622070312,0.9859079718589783,953.8439331054688,938.542724609375,0.6839914917945862,890.6083374023438,999.3582153320312,0.4955812096595764,712.7109375,881.4340209960938,0.9837346076965332,909.2158203125,915.1185302734375,0.36634060740470886,619.031005859375,932.7384033203125,0.990786075592041,527.04296875,925.1268920898438,0.8301863670349121,351.4893798828125,919.2064208984375,0.8705544471740723
781,87.31829071044922,116.74927520751953,0.9998764991760254,997.8004760742188,75.9816665649414,0.9999008178710938,89.33702850341797,1028.852294921875,0.9998075366020203,1019.781005859375,1022.5381469726562,0.9948375821113586,334.91729736328125,498.71063232421875,0.9984889030456543,333.79193115234375,611.255126953125,0.9996242523193359,275.19830322265625,552.1502685546875,0.9972219467163086,386.0639343261719,555.0411376953125,0.9953835606575012,716.43896484375,496.0090026855469,0.9927647709846497,755.7235717773438,715.119384765625,0.9998540878295898,688.0468139648438,594.6400146484375,0.9956855773925781,782.4439086914062,568.679931640625,0.9958823919296265,1001.985595703125,1012.343994140625,0.49120762944221497,975.9130249023438,987.1616821289062,0.9122142195701599,967.8014526367188,982.0230712890625,0.9543487429618835,776.4112548828125,935.7532348632812,0.987912118434906,954.8466186523438,933.7659912109375,0.3866513967514038,899.7160034179688,996.0916748046875,0.7217295169830322,715.9452514648438,880.9735107421875,0.9930108189582825,723.0564575195312,998.9580688476562,0.8088509440422058,621.9666748046875,936.7023315429688,0.924765408039093,432.5182189941406,918.9718627929688,0.765863835811615,330.3443603515625,903.8377685546875,0.5666686296463013
782,86.55058288574219,116.40193939208984,0.9998898506164551,999.9766845703125,78.37833404541016,0.9994729161262512,90.90422821044922,1028.923583984375,0.9996289014816284,1018.9743041992188,1022.6011962890625,0.9941701889038086,336.66326904296875,499.14764404296875,0.9991338849067688,333.0399475097656,610.9277954101562,0.9995566010475159,275.776123046875,550.1598510742188,0.9967904686927795,385.27484130859375,556.3585205078125,0.9967722296714783,721.0518188476562,496.1591491699219,0.9962600469589233,757.2140502929688,713.8163452148438,0.9998235106468201,690.7586669921875,598.4596557617188,0.9964926838874817,783.713623046875,572.41552734375,0.9913123250007629,1001.0892333984375,1020.4732666015625,0.9072822332382202,973.4344482421875,984.392333984375,0.9119575619697571,957.2970581054688,976.33740234375,0.8532406091690063,783.33544921875,940.994384765625,0.994679868221283,952.3589477539062,930.3644409179688,0.5059780478477478,897.2137451171875,999.933349609375,0.9334965348243713,708.7730712890625,878.21435546875,0.9974187612533569,716.6049194335938,1001.9682006835938,0.8613859415054321,627.5621337890625,939.73974609375,0.9631179571151733,420.18682861328125,916.5645751953125,0.7247411608695984,276.7928771972656,876.2036743164062,0.8272466659545898
783,85.99735260009766,115.82776641845703,0.9998679161071777,1000.5518798828125,77.32829284667969,0.9992651343345642,90.72930908203125,1029.881591796875,0.9998140931129456,1022.450927734375,1022.4104614257812,0.9975370168685913,335.5907287597656,498.47064208984375,0.9990730285644531,334.2259216308594,611.792236328125,0.9994433522224426,275.7265319824219,550.8499145507812,0.9979813694953918,386.14398193359375,558.1881713867188,0.9950820207595825,719.1591796875,495.1895446777344,0.9944400787353516,756.48828125,713.809326171875,0.9996868371963501,691.875,598.5121459960938,0.9987391829490662,784.855224609375,567.7991333007812,0.9938566088676453,1004.3353271484375,1010.712646484375,0.6671158671379089,968.8065795898438,983.505615234375,0.8598347306251526,954.0831909179688,977.9673461914062,0.9461689591407776,786.525146484375,942.0751342773438,0.9926865100860596,928.1801147460938,915.2822265625,0.06693698465824127,892.4747314453125,999.29541015625,0.7131255269050598,711.4615478515625,878.8644409179688,0.994482159614563,730.73046875,1005.64306640625,0.8516249656677246,629.9014282226562,941.934814453125,0.9637771248817444,514.6546020507812,931.5187377929688,0.9360054135322571,321.6717224121094,906.984619140625,0.20067088305950165
784,87.89839172363281,116.15360260009766,0.9995635151863098,998.9271850585938,77.35124969482422,0.9997696280479431,88.93543243408203,1030.7625732421875,0.9998726844787598,1021.7449340820312,1021.9110717773438,0.9994252920150757,335.78900146484375,498.7876892089844,0.9989855885505676,332.88531494140625,611.4574584960938,0.9995468258857727,276.14617919921875,550.2249755859375,0.9979912042617798,385.16204833984375,558.003662109375,0.9965046644210815,719.3717651367188,496.34332275390625,0.9959896206855774,756.7576904296875,714.203369140625,0.9997983574867249,690.4359130859375,597.5280151367188,0.998910665512085,784.8822021484375,567.9298706054688,0.9938772320747375,991.7498779296875,969.1085205078125,0.11135128140449524,962.3912353515625,968.9117431640625,0.8978662490844727,953.93603515625,967.3072509765625,0.9235445857048035,786.1879272460938,941.5715942382812,0.9918065071105957,940.1116943359375,925.697509765625,0.026687461882829666,908.8550415039062,1003.3269653320312,0.3687155544757843,712.3378295898438,881.8842163085938,0.9926915764808655,723.1607666015625,1002.5184326171875,0.8334829211235046,629.536865234375,945.1337890625,0.9837926626205444,512.0968017578125,933.9262084960938,0.740274965763092,304.37750244140625,903.2046508789062,0.22537879645824432
785,89.05146026611328,118.34112548828125,0.9981487989425659,1001.2478637695312,74.24853515625,0.98136305809021,89.08776092529297,1030.510498046875,0.9998306035995483,1024.6683349609375,1021.1904296875,0.9997852444648743,336.7290954589844,497.8192138671875,0.9990031123161316,332.9266662597656,611.389404296875,0.999064028263092,275.9936218261719,549.646484375,0.9979427456855774,387.18218994140625,558.366943359375,0.9962320923805237,715.40771484375,497.0025939941406,0.9960676431655884,758.3278198242188,714.70166015625,0.9997071623802185,693.0078125,602.1450805664062,0.9988945126533508,782.67919921875,570.257080078125,0.9895530939102173,982.8695678710938,942.9194946289062,0.18677890300750732,938.99072265625,946.7494506835938,0.6222478747367859,925.7208251953125,948.8577880859375,0.9312614798545837,779.07666015625,941.7971801757812,0.9919494390487671,871.7401733398438,890.9718627929688,0.5479501485824585,901.4952392578125,997.052978515625,0.6552011966705322,713.8867797851562,882.2930297851562,0.9903668165206909,871.335205078125,896.6152954101562,0.8832950592041016,633.8236083984375,947.7843017578125,0.9572890400886536,477.5283508300781,936.09375,0.22950045764446259,289.8107604980469,886.3731079101562,0.5527204275131226
786,88.06660461425781,116.6605453491211,0.9996557235717773,1001.0549926757812,76.12580108642578,0.9995505213737488,90.37879180908203,1029.3624267578125,0.9996380805969238,1023.2593994140625,1021.8438720703125,0.9994555115699768,335.4347839355469,498.005859375,0.9989357590675354,332.57635498046875,610.535888671875,0.9990654587745667,275.85858154296875,550.04541015625,0.9981353282928467,385.98187255859375,556.9616088867188,0.9969980716705322,720.2178955078125,497.4434814453125,0.9807226061820984,757.5921020507812,713.2891235351562,0.9997108578681946,692.6544799804688,599.9080810546875,0.9991753697395325,782.4513549804688,569.931396484375,0.9840579628944397,952.5284423828125,921.1074829101562,0.034256864339113235,934.991455078125,935.23974609375,0.9081519842147827,918.4472045898438,934.5778198242188,0.982397198677063,774.1032104492188,943.0574951171875,0.9976637363433838,870.796875,891.3023681640625,0.17583751678466797,894.16015625,979.1972045898438,0.9382628202438354,708.3036499023438,883.222900390625,0.9983404874801636,706.9305419921875,1010.0313720703125,0.9467638731002808,626.6519775390625,952.1536865234375,0.9533102512359619,451.0690612792969,935.7021484375,0.6309484243392944,341.2558898925781,916.1195068359375,0.11015994846820831
787,89.02886962890625,115.547607421875,0.9996016621589661,1000.0123901367188,81.66152954101562,0.9996628761291504,91.24968719482422,1030.478271484375,0.9996845722198486,1022.2061767578125,1021.6886596679688,0.9993855953216553,336.2223205566406,497.258056640625,0.9981293082237244,332.7878112792969,610.9810180664062,0.9988453388214111,276.2654113769531,549.448974609375,0.9985118508338928,386.3063049316406,558.6312866210938,0.9938137531280518,716.96728515625,497.97064208984375,0.9595168828964233,757.4393920898438,713.2778930664062,0.9997195601463318,695.2291870117188,601.698974609375,0.9962338805198669,780.480224609375,570.1490478515625,0.9817910194396973,936.1456909179688,895.7661743164062,0.19877447187900543,922.9544677734375,915.62744140625,0.8806807398796082,902.915283203125,920.6331787109375,0.9447206258773804,768.5020141601562,944.9700317382812,0.9992374181747437,878.0016479492188,883.2133178710938,0.6947980523109436,886.6700439453125,966.3218383789062,0.7581785917282104,705.5321655273438,890.2182006835938,0.9937449097633362,714.9254150390625,1016.7970581054688,0.8951438665390015,615.77880859375,955.8232421875,0.8722519874572754,473.3758850097656,946.328857421875,0.3978514075279236,368.5608215332031,924.7665405273438,0.057044822722673416
788,87.75808715820312,116.77723693847656,0.9997108578681946,999.9082641601562,82.715087890625,0.9996656179428101,91.57782745361328,1029.7843017578125,0.9996778964996338,1022.1705932617188,1022.1158447265625,0.9994720816612244,335.32208251953125,497.6628723144531,0.9987651109695435,333.76458740234375,610.7852783203125,0.9991291165351868,275.81256103515625,551.246337890625,0.9973095655441284,386.5340576171875,557.6350708007812,0.9964852333068848,716.995361328125,496.81689453125,0.9775317907333374,757.1932373046875,714.0825805664062,0.999692440032959,694.2880859375,601.414794921875,0.9982004165649414,780.7015380859375,570.4064331054688,0.9857223033905029,927.6438598632812,881.1289672851562,0.3416236340999603,926.5888671875,898.96044921875,0.9632049798965454,909.3966674804688,908.0560913085938,0.9936240911483765,772.293212890625,939.8042602539062,0.993744432926178,877.6353759765625,870.464111328125,0.8931896686553955,904.2131958007812,954.1292114257812,0.9426458477973938,700.8955688476562,884.6997680664062,0.9829517006874084,704.3703002929688,1016.2274780273438,0.8593376874923706,632.1898803710938,961.167724609375,0.9867042303085327,492.053466796875,951.7454223632812,0.43919306993484497,360.87213134765625,920.8449096679688,0.9652437567710876
789,87.38481140136719,116.90634155273438,0.9996103644371033,998.9956665039062,80.93792724609375,0.9998840093612671,90.83357238769531,1028.7569580078125,0.9998369216918945,1022.0995483398438,1020.2685546875,0.999518632888794,334.5026550292969,497.91912841796875,0.9984373450279236,334.9211120605469,611.3231811523438,0.9987586736679077,275.6254577636719,552.7308959960938,0.9953044652938843,386.64996337890625,556.3438720703125,0.9975487589836121,717.5499267578125,496.3817443847656,0.9876634478569031,756.5762329101562,713.4603271484375,0.9996248483657837,693.2222290039062,598.3507080078125,0.998747706413269,781.77978515625,569.1876220703125,0.9727876782417297,906.6917114257812,863.7238159179688,0.018980778753757477,907.1227416992188,883.0697021484375,0.8820850849151611,890.5242919921875,892.4021606445312,0.982674777507782,770.6583251953125,937.9385375976562,0.997358500957489,866.0245361328125,866.8417358398438,0.6816452741622925,892.69921875,938.6716918945312,0.972028374671936,693.0074462890625,880.6417846679688,0.962830662727356,702.7033081054688,1018.0656127929688,0.57435142993927,639.36376953125,967.3099365234375,0.9711295366287231,438.6181640625,957.145263671875,0.5324977040290833,368.7706298828125,933.4716796875,0.188686802983284
790,87.22132110595703,117.48749542236328,0.9988231062889099,999.3721313476562,77.75894927978516,0.9998109936714172,89.55667114257812,1030.273193359375,0.9997296929359436,1022.4742431640625,1022.0792236328125,0.9995726943016052,333.9659423828125,498.6895446777344,0.9990505576133728,334.5342102050781,611.9904174804688,0.9989017248153687,276.3819580078125,552.8433837890625,0.997270405292511,387.3489990234375,557.3343505859375,0.9984845519065857,721.457763671875,496.5497741699219,0.9900931715965271,755.9232177734375,714.804931640625,0.9997684359550476,690.39599609375,593.4212646484375,0.9979256391525269,784.9906005859375,567.5657348632812,0.9884125590324402,890.8997192382812,852.1509399414062,0.5828761458396912,893.974365234375,871.905029296875,0.9300215840339661,882.1587524414062,883.5763549804688,0.9309378266334534,765.5244750976562,941.5950317382812,0.9753789305686951,829.5442504882812,863.3984985351562,0.3981930911540985,884.8790893554688,933.5026245117188,0.9819098711013794,701.9710693359375,880.5588989257812,0.7604417204856873,699.5435791015625,1020.3067626953125,0.8913227915763855,634.46435546875,976.2903442382812,0.9511374235153198,465.39117431640625,967.6138305664062,0.2635013461112976,414.62750244140625,965.0,0.19118699431419373
791,88.07267761230469,115.7096939086914,0.9992514252662659,1000.1338500976562,80.36070251464844,0.9998168349266052,90.21350860595703,1030.15234375,0.9996860027313232,1023.4423828125,1020.8012084960938,0.9997608065605164,333.86627197265625,498.1309509277344,0.9982821941375732,334.8323974609375,611.11279296875,0.9991468191146851,275.8449401855469,553.6991577148438,0.9955040812492371,386.56201171875,556.2838745117188,0.9966748952865601,723.6995849609375,495.27386474609375,0.9746842384338379,755.9157104492188,713.6677856445312,0.9997634291648865,692.9361572265625,597.4348754882812,0.9994080066680908,785.2003784179688,568.2386474609375,0.9956252574920654,881.1497192382812,837.6471557617188,0.03459650278091431,888.9287719726562,864.2393798828125,0.11645953357219696,877.3480834960938,875.3015747070312,0.8254644870758057,764.7437133789062,941.0392456054688,0.9929532408714294,828.0127563476562,859.2291259765625,0.25835248827934265,882.3154296875,937.2098999023438,0.9105145335197449,690.1018676757812,895.85205078125,0.9771736860275269,716.029541015625,1024.5745849609375,0.6737412810325623,622.3682861328125,976.8309326171875,0.856955349445343,436.33489990234375,968.2855834960938,0.9636658430099487,423.99505615234375,966.193359375,0.05162186920642853
792,86.90623474121094,116.5533447265625,0.9996563196182251,1000.2194213867188,78.06156158447266,0.9992715716362,90.50115966796875,1029.6241455078125,0.9997931122779846,1022.6798706054688,1020.8305053710938,0.9995782971382141,333.8411560058594,498.9071960449219,0.9990563988685608,334.4187927246094,611.2959594726562,0.9989503026008606,276.3604736328125,553.5786743164062,0.9964538812637329,386.22650146484375,556.7713623046875,0.9961322546005249,718.5750122070312,496.60736083984375,0.9888258576393127,755.68017578125,713.9591064453125,0.9997277855873108,690.4326782226562,597.231201171875,0.998573899269104,785.8740844726562,568.1285400390625,0.9958298802375793,874.9210205078125,832.8892822265625,0.025260962545871735,874.7315063476562,850.3744506835938,0.27196362614631653,866.430419921875,866.1779174804688,0.5817515254020691,773.6012573242188,936.3403930664062,0.9790228009223938,838.7738647460938,852.47998046875,0.35860851407051086,885.34423828125,920.6887817382812,0.6784079074859619,700.9288940429688,892.3291015625,0.9569310545921326,691.6060180664062,1024.957763671875,0.32688531279563904,618.5717163085938,982.4371337890625,0.985183835029602,461.33197021484375,973.6160888671875,0.7333895564079285,791.4869995117188,666.9388427734375,0.04938667640089989
793,87.51763916015625,116.23490142822266,0.9998183846473694,998.6370239257812,77.84896087646484,0.9995220899581909,89.55306243896484,1027.879150390625,0.9999158382415771,1020.5228881835938,1020.9120483398438,0.9994400143623352,333.0803527832031,498.779541015625,0.9990315437316895,334.3886413574219,611.0298461914062,0.9993871450424194,276.4165344238281,553.9697875976562,0.9964237809181213,386.79693603515625,555.9784545898438,0.998009979724884,723.0075073242188,496.494140625,0.9761784672737122,756.5890502929688,713.2803955078125,0.9996857643127441,691.9161376953125,601.9197998046875,0.9972422122955322,785.27880859375,571.7516479492188,0.9945129156112671,786.0375366210938,805.561767578125,0.02410987578332424,827.0826416015625,820.5079345703125,0.02146734483540058,836.3453369140625,839.4110717773438,0.11568230390548706,786.8563232421875,929.3264770507812,0.9930691719055176,775.5079956054688,845.7548217773438,0.3915899097919464,866.0855102539062,879.8793334960938,0.36532384157180786,694.04345703125,905.052978515625,0.9685903191566467,773.48974609375,1021.6666870117188,0.5604797005653381,640.5147705078125,987.8436279296875,0.9813070297241211,514.056640625,987.6648559570312,0.6968225836753845,504.9606018066406,990.769775390625,0.04686948284506798
794,86.87068939208984,116.74520111083984,0.9998360872268677,999.4763793945312,79.67755126953125,0.9993649125099182,90.03022003173828,1029.2119140625,0.999852180480957,1022.8471069335938,1021.9896850585938,0.9992318153381348,333.984619140625,498.14892578125,0.9989731311798096,334.07452392578125,611.2992553710938,0.9993854761123657,276.260009765625,553.1639404296875,0.9977497458457947,387.0856018066406,557.6248779296875,0.9970666766166687,724.2997436523438,494.05255126953125,0.9937724471092224,756.133056640625,713.014892578125,0.9995094537734985,690.6229248046875,595.0349731445312,0.9983826875686646,785.332763671875,569.1820068359375,0.9958951473236084,752.9816284179688,783.65771484375,0.8981467485427856,785.3097534179688,811.0825805664062,0.600477397441864,792.69580078125,822.8372192382812,0.6065795421600342,782.0191040039062,933.1544799804688,0.9746403694152832,751.4708251953125,854.1605834960938,0.7206398844718933,852.2374267578125,857.0385131835938,0.05001469701528549,689.4600219726562,911.4570922851562,0.9826676249504089,776.9129028320312,1027.4012451171875,0.622658908367157,637.3861694335938,992.6663208007812,0.7302947640419006,427.8658752441406,992.8256225585938,0.539189338684082,344.9093933105469,956.0804443359375,0.7240808606147766
795,88.1293716430664,117.94166564941406,0.9997493624687195,999.514892578125,78.28731536865234,0.999193012714386,90.39137268066406,1029.9031982421875,0.9997761845588684,1023.5498657226562,1020.5536499023438,0.999750554561615,334.3340759277344,498.328369140625,0.9985309839248657,334.2416687011719,611.1072998046875,0.9993751645088196,276.6387634277344,553.3759765625,0.9970321655273438,387.2734069824219,558.2803344726562,0.9965308308601379,724.14306640625,494.85418701171875,0.984843909740448,756.3352661132812,712.767578125,0.9981710910797119,691.6842041015625,599.5340576171875,0.9987826943397522,786.2948608398438,570.737060546875,0.9967599511146545,748.7935180664062,765.7978515625,0.822984516620636,767.3807983398438,789.3612670898438,0.1348038911819458,780.7826538085938,921.1978149414062,0.007745243608951569,776.2681274414062,926.7676391601562,0.9883764386177063,787.4588623046875,1026.1717529296875,0.010985263623297215,842.6998291015625,854.4779663085938,0.01653221622109413,690.3021850585938,917.1064453125,0.9815689325332642,785.8001098632812,1030.786865234375,0.6626245379447937,771.9340209960938,791.3370361328125,0.8788150548934937,562.9833374023438,1006.80224609375,0.4550025463104248,422.57574462890625,1000.65087890625,0.7988794445991516
796,86.64798736572266,117.34416961669922,0.9997156262397766,1000.4953002929688,79.78792572021484,0.9998279809951782,88.50215911865234,1029.5140380859375,0.9998239874839783,1022.1121826171875,1021.3386840820312,0.9996283054351807,336.0606994628906,497.862548828125,0.9971879124641418,334.1207580566406,611.0763549804688,0.9995898604393005,276.8565368652344,552.6022338867188,0.9948400855064392,387.3734436035156,558.2993774414062,0.9957808256149292,718.0975341796875,495.3412780761719,0.9921872615814209,755.4493408203125,711.7569580078125,0.997343122959137,690.50341796875,597.6417846679688,0.999294638633728,785.7595825195312,569.703857421875,0.9940383434295654,753.6275634765625,730.6582641601562,0.9942337870597839,769.53173828125,771.6986694335938,0.9828740358352661,771.3529052734375,787.5261840820312,0.855273425579071,766.9281616210938,917.3648071289062,0.9814871549606323,743.9412231445312,835.9763793945312,0.3539683520793915,836.7984008789062,848.5575561523438,0.030738167464733124,688.6390380859375,922.017822265625,0.9795446991920471,774.61962890625,1028.279541015625,0.7280020713806152,658.8458862304688,1007.4634399414062,0.9954779744148254,590.29248046875,1019.7169799804688,0.24250362813472748,553.292236328125,1021.4454345703125,0.9211714267730713
797,86.90052032470703,116.13806915283203,0.9994028806686401,1000.0047607421875,78.04261016845703,0.999792754650116,89.24903869628906,1030.0615234375,0.9997550845146179,1021.6405639648438,1021.58349609375,0.9994875192642212,334.0267333984375,498.5882568359375,0.9994438290596008,334.48681640625,610.6180419921875,0.999495267868042,277.11907958984375,552.7894897460938,0.9942143559455872,387.4718017578125,556.9993286132812,0.9965698719024658,719.6455078125,495.0889892578125,0.9923081398010254,753.582275390625,707.969970703125,0.8819237947463989,691.839111328125,595.4364013671875,0.998988687992096,785.0984497070312,570.4979248046875,0.9967233538627625,755.1766357421875,724.749755859375,0.9977465271949768,770.817138671875,766.0274658203125,0.8658419847488403,778.0950317382812,787.3982543945312,0.8810549378395081,769.8231201171875,907.3765258789062,0.9955755472183228,739.8118896484375,836.2000122070312,0.3809005618095398,837.2879638671875,847.2356567382812,0.0917845219373703,688.1976928710938,918.9652709960938,0.9939461350440979,775.2068481445312,1017.4923095703125,0.9201872944831848,663.8082275390625,1002.9782104492188,0.9905842542648315,553.5282592773438,1026.4931640625,0.611028790473938,344.31024169921875,960.8840942382812,0.9211525321006775
798,86.66382598876953,116.55962371826172,0.999771773815155,1000.7119140625,79.366455078125,0.9995880722999573,89.40269470214844,1031.40087890625,0.9997766613960266,1021.486083984375,1020.779296875,0.9996389150619507,334.2674255371094,498.4179992675781,0.9991581439971924,334.8704833984375,610.8701171875,0.9995710253715515,277.0519714355469,553.2891845703125,0.9961446523666382,388.2450256347656,557.4683227539062,0.9973101615905762,717.8782958984375,497.22412109375,0.9923402070999146,755.7952880859375,697.113525390625,0.7856033444404602,691.6408081054688,595.1231689453125,0.9988170862197876,782.53369140625,566.61669921875,0.9944906234741211,760.7659912109375,715.0242309570312,0.9923419952392578,778.20556640625,758.7194213867188,0.9775996804237366,786.24365234375,780.909423828125,0.9114502668380737,772.527587890625,902.9013671875,0.9967955946922302,798.4780883789062,996.9159545898438,0.3937147557735443,837.7848510742188,843.3673095703125,0.09803833067417145,691.7391357421875,916.3269653320312,0.9932756423950195,739.708740234375,823.2354736328125,0.5592485666275024,668.8504638671875,1001.0880737304688,0.9699435234069824,590.4935913085938,1022.3990478515625,0.34800979495048523,351.9927062988281,960.0452880859375,0.992846667766571
799,87.91752624511719,117.5237045288086,0.9992838501930237,999.1936645507812,81.22039794921875,0.9998531341552734,90.181640625,1029.8638916015625,0.9998446702957153,1022.2660522460938,1021.9390258789062,0.9996320009231567,333.38189697265625,498.1885986328125,0.9987609386444092,335.5126953125,611.3141479492188,0.9996504783630371,276.9379577636719,553.7947998046875,0.9968194961547852,388.04156494140625,558.140625,0.996182382106781,718.5435180664062,498.7616882324219,0.9654057025909424,752.34765625,709.7982788085938,0.9588367938995361,692.221923828125,597.92822265625,0.9994220733642578,783.7448120117188,566.208984375,0.9973920583724976,764.83447265625,717.000244140625,0.9966536164283752,780.5211181640625,760.5062255859375,0.8818262219429016,788.5036010742188,780.2338256835938,0.5187137722969055,772.9893188476562,902.7549438476562,0.9978208541870117,803.0318603515625,995.4807739257812,0.19253100454807281,838.8221435546875,843.6461791992188,0.05223345756530762,690.89404296875,917.7213745117188,0.9921073317527771,779.6278076171875,1015.1383056640625,0.7100428342819214,667.1072998046875,1002.30810546875,0.983157217502594,548.1165161132812,1030.7445068359375,0.7567004561424255,358.6712341308594,964.9794921875,0.9969537258148193
800,87.50721740722656,116.2433853149414,0.9998113512992859,1001.0716552734375,77.01587677001953,0.9997777342796326,89.89012908935547,1029.0828857421875,0.9998089671134949,1022.4148559570312,1021.188720703125,0.9995463490486145,332.68133544921875,498.3424072265625,0.999396562576294,334.9678039550781,611.062255859375,0.9992856383323669,276.3857116699219,553.0753173828125,0.9955756664276123,387.354736328125,557.726806640625,0.9964375495910645,719.7610473632812,497.155517578125,0.9652746319770813,754.3320922851562,709.40234375,0.9699914455413818,692.6574096679688,600.11181640625,0.9992198944091797,783.958251953125,563.763671875,0.9957972764968872,772.9407348632812,710.277099609375,0.9992610812187195,789.9028930664062,755.7987060546875,0.9760767817497253,793.980712890625,780.4639282226562,0.8691717982292175,771.9769287109375,901.1150512695312,0.9937899708747864,745.1688842773438,816.6921997070312,0.7828316688537598,843.3397827148438,835.5608520507812,0.3776057958602905,694.7620849609375,911.092529296875,0.9938169121742249,778.409912109375,1016.523681640625,0.805758535861969,667.56396484375,998.7535400390625,0.9865929484367371,545.4496459960938,1030.615478515625,0.5929476022720337,357.2193298339844,965.88037109375,0.9928449988365173
801,86.31822204589844,117.0540542602539,0.9998871088027954,1001.7836303710938,76.0714340209961,0.9992660880088806,89.99089050292969,1029.1099853515625,0.9998745918273926,1023.0994262695312,1021.1699829101562,0.9995704293251038,335.0207214355469,498.7966613769531,0.9991840720176697,334.65472412109375,611.1229248046875,0.9996008276939392,276.59881591796875,553.0281372070312,0.9953397512435913,388.70001220703125,559.685791015625,0.9959845542907715,718.6361694335938,497.6430969238281,0.9783509373664856,752.827392578125,710.9596557617188,0.9910182952880859,693.202392578125,598.3701782226562,0.999271810054779,784.7020263671875,564.77392578125,0.996885359287262,777.0320434570312,702.76708984375,0.9991480112075806,792.16357421875,751.0347290039062,0.9826939702033997,795.6818237304688,775.1680297851562,0.9688044190406799,774.5742797851562,901.6275634765625,0.9950526356697083,746.1312866210938,815.4666748046875,0.46500489115715027,849.3045654296875,845.2492065429688,0.08980146050453186,694.0905151367188,912.0762939453125,0.9409348368644714,781.0770263671875,1013.64599609375,0.7904995679855347,668.7449951171875,1002.5571899414062,0.9659498333930969,554.31396484375,1027.5689697265625,0.463122695684433,354.88568115234375,959.7776489257812,0.9659298062324524
802,85.86567687988281,116.38001251220703,0.9998935461044312,999.2365112304688,75.06133270263672,0.9996989965438843,88.95592498779297,1027.8477783203125,0.9999250173568726,1024.12353515625,1020.4339599609375,0.9998113512992859,333.27166748046875,498.274169921875,0.9992879033088684,335.2290954589844,612.2438354492188,0.9994327425956726,276.4512634277344,553.9296875,0.996152937412262,386.8606262207031,557.36865234375,0.9976379871368408,717.5679321289062,497.1397399902344,0.9856993556022644,754.271240234375,711.851806640625,0.9982995390892029,693.4595336914062,596.6268920898438,0.9991099238395691,785.522705078125,567.3307495117188,0.9947413206100464,779.343505859375,709.9988403320312,0.9990149736404419,792.9535522460938,752.5264892578125,0.9766100645065308,798.8467407226562,781.0330810546875,0.9490047693252563,772.427001953125,896.7083740234375,0.9925298094749451,743.689453125,813.0347900390625,0.9099498391151428,848.3592529296875,837.5447387695312,0.15083551406860352,691.7957763671875,912.5288696289062,0.9705728888511658,783.9165649414062,999.5402221679688,0.23439303040504456,668.0691528320312,997.880126953125,0.9970007538795471,557.8751220703125,1034.3421630859375,0.9438960552215576,360.1619873046875,965.1694946289062,0.9841082096099854
803,88.67017364501953,115.58980560302734,0.999658465385437,998.4915161132812,77.51255798339844,0.9997583031654358,90.42545318603516,1029.256103515625,0.9998773336410522,1021.035888671875,1021.3677978515625,0.9984228610992432,334.7082214355469,498.6178894042969,0.9994131326675415,333.44610595703125,611.9190673828125,0.9996280670166016,275.4648742675781,553.538330078125,0.9969942569732666,387.0264892578125,558.6801147460938,0.9972911477088928,717.9940795898438,496.4325256347656,0.9774438738822937,753.0035400390625,712.1522827148438,0.99936443567276,693.1932373046875,597.3289184570312,0.9990013241767883,784.4888916015625,567.5324096679688,0.9975879192352295,784.6975708007812,707.5946044921875,0.9881121516227722,797.9033203125,747.7734985351562,0.9630619883537292,803.6986083984375,777.5145874023438,0.9909900426864624,774.5493774414062,887.6455078125,0.9893507361412048,748.875244140625,804.1815185546875,0.9670106768608093,850.3729248046875,834.1640625,0.5825901031494141,691.9932250976562,913.6502075195312,0.9369044899940491,809.692138671875,983.6394653320312,0.6229414343833923,670.927734375,997.752197265625,0.9677174091339111,556.8167724609375,1036.4825439453125,0.7205541133880615,348.970458984375,962.3238525390625,0.8820512294769287
804,87.37581634521484,115.31427001953125,0.9997493624687195,1000.908447265625,77.3973617553711,0.9990806579589844,90.38481903076172,1029.1683349609375,0.9998055100440979,1021.6954345703125,1021.19580078125,0.9994681477546692,332.8107604980469,498.75555419921875,0.9994016885757446,334.52996826171875,611.9978637695312,0.9994644522666931,275.3462219238281,553.3270874023438,0.9969436526298523,386.7300109863281,557.059326171875,0.9973136782646179,722.9720458984375,495.698486328125,0.9842446446418762,752.3953857421875,713.0881958007812,0.9998360872268677,691.596435546875,594.4901733398438,0.99928218126297,784.1591186523438,568.6132202148438,0.9960783123970032,784.61669921875,701.7908935546875,0.9675337076187134,803.3208618164062,748.5911865234375,0.9855828285217285,806.2297973632812,773.53515625,0.9954258799552917,776.4920654296875,885.9158935546875,0.9949963092803955,751.1895751953125,803.1700439453125,0.975389838218689,851.5570068359375,822.876220703125,0.9138821363449097,692.0844116210938,907.9483032226562,0.9029991030693054,784.798828125,999.1027221679688,0.5431844592094421,675.4896240234375,998.6111450195312,0.8885955810546875,554.8009643554688,1034.8211669921875,0.7015277147293091,356.3794860839844,962.11962890625,0.9726489782333374
805,89.27127075195312,116.23323822021484,0.9993959665298462,998.919677734375,81.27027893066406,0.9998908042907715,90.93878936767578,1029.881591796875,0.9998513460159302,1020.8925170898438,1021.9112548828125,0.9993773102760315,335.9296875,498.5865173339844,0.9992893934249878,333.4117126464844,611.6906127929688,0.9996024966239929,276.2196960449219,553.6309814453125,0.9953834414482117,387.7731628417969,558.4008178710938,0.996573805809021,717.9918823242188,496.4844970703125,0.9863449335098267,751.0962524414062,712.2894897460938,0.9995307922363281,691.5673828125,595.3880004882812,0.9990085959434509,784.4014892578125,568.57568359375,0.9970327615737915,791.1406860351562,697.5347290039062,0.7616256475448608,807.0577392578125,741.0405883789062,0.997212827205658,806.348388671875,767.03369140625,0.9979463219642639,780.537109375,872.0488891601562,0.9901358485221863,749.9267578125,797.934326171875,0.9971936345100403,852.2092895507812,819.7053833007812,0.9885812401771545,704.789794921875,902.6348266601562,0.40120646357536316,811.3885498046875,965.12744140625,0.8602476716041565,685.14404296875,1000.4089965820312,0.7353122234344482,564.105712890625,1039.0968017578125,0.7787496447563171,362.3856201171875,967.9891967773438,0.563278317451477
806,86.630859375,116.2593994140625,0.999932050704956,1000.1360473632812,80.17936706542969,0.9998193383216858,90.61112213134766,1030.0902099609375,0.9998161196708679,1021.2557983398438,1021.9484252929688,0.9991187453269958,336.2769775390625,498.25482177734375,0.9993939399719238,332.85888671875,611.04736328125,0.9996556043624878,276.5328369140625,552.873291015625,0.9961686730384827,387.4256591796875,558.5615844726562,0.9961593151092529,717.5339965820312,495.02105712890625,0.9957228899002075,752.5855102539062,711.2473754882812,0.999473512172699,691.5653686523438,596.868896484375,0.9991914629936218,783.8575439453125,566.90673828125,0.9969616532325745,788.607421875,702.6250610351562,0.9662507176399231,808.7780151367188,743.5185546875,0.9967859983444214,808.2222290039062,766.3888549804688,0.9956696033477783,781.8910522460938,871.1588745117188,0.9917438626289368,754.066162109375,793.5078125,0.9819167256355286,853.3612670898438,819.5118408203125,0.937981128692627,699.1207885742188,922.12548828125,0.8292550444602966,811.277587890625,966.6039428710938,0.8856345415115356,703.025634765625,1004.1089477539062,0.4906182885169983,557.70458984375,1044.9466552734375,0.7134649753570557,385.9034423828125,958.6869506835938,0.4377273917198181
807,87.02534484863281,117.57534790039062,0.9999071359634399,1000.326904296875,76.85719299316406,0.999765932559967,90.52764892578125,1030.039306640625,0.9998493194580078,1021.9308471679688,1021.9474487304688,0.998946487903595,334.9998474121094,498.5259094238281,0.9991230368614197,333.0936584472656,610.8525390625,0.9994221925735474,276.2701110839844,553.6465454101562,0.9965882301330566,386.9471435546875,558.98876953125,0.9964962601661682,717.629638671875,497.1255798339844,0.9944966435432434,752.4287719726562,715.69921875,0.9997801184654236,688.9812622070312,595.89990234375,0.9993088245391846,781.54150390625,570.350830078125,0.9941689968109131,792.0696411132812,703.5819702148438,0.8152284622192383,809.9922485351562,742.2144165039062,0.9851731061935425,813.8499145507812,766.2068481445312,0.9865526556968689,789.6970825195312,874.5387573242188,0.863207221031189,755.4179077148438,798.8668212890625,0.9859547019004822,859.476806640625,820.9715576171875,0.9351804852485657,709.9985961914062,923.6975708007812,0.9493411183357239,839.722900390625,965.977783203125,0.5097956657409668,716.7543334960938,1004.588134765625,0.9969179630279541,614.655029296875,1042.798095703125,0.6801114678382874,429.92938232421875,966.1860961914062,0.206928089261055
808,88.11067199707031,115.73390197753906,0.9997813105583191,999.8778686523438,76.35139465332031,0.9999231100082397,90.22664642333984,1029.7537841796875,0.999895453453064,1020.5357666015625,1020.2410278320312,0.9995463490486145,335.6337890625,498.2306213378906,0.9988627433776855,333.1627197265625,610.8414306640625,0.9993875026702881,275.6162109375,552.9395141601562,0.9951139092445374,387.08074951171875,559.4421997070312,0.9956474900245667,715.398681640625,498.7314758300781,0.9881759881973267,752.5061645507812,713.4920043945312,0.999535322189331,690.5281372070312,595.7514038085938,0.9992589354515076,783.3406372070312,567.9973754882812,0.9951954483985901,796.1340942382812,712.9940795898438,0.9563850164413452,811.1212158203125,749.603759765625,0.9924430251121521,816.0708618164062,773.2874755859375,0.9839269518852234,795.919677734375,876.7841796875,0.9689747095108032,758.8389282226562,801.5260620117188,0.9973934888839722,865.9788208007812,818.6965942382812,0.850875735282898,714.9298095703125,917.7288208007812,0.9779016971588135,833.8876342773438,979.6240234375,0.33103224635124207,730.1085205078125,1007.1459350585938,0.9540358185768127,540.782958984375,1041.284423828125,0.8751946091651917,408.0360107421875,942.8917846679688,0.2140304148197174
809,87.52103424072266,116.44581604003906,0.9997406601905823,999.7533569335938,77.35972595214844,0.9992467164993286,90.15233612060547,1030.02294921875,0.9998512268066406,1023.1419067382812,1020.064697265625,0.9996289014816284,336.2039794921875,498.36138916015625,0.9986453652381897,334.0041809082031,611.29931640625,0.9990899562835693,276.1732177734375,553.3519897460938,0.9946025013923645,386.8146057128906,559.3203125,0.9971932768821716,718.2430419921875,496.5953369140625,0.9932379722595215,753.5780639648438,708.9202880859375,0.9945525527000427,691.9601440429688,595.5945434570312,0.9988158941268921,784.2259521484375,569.0015869140625,0.9967028498649597,774.8328857421875,703.2727661132812,0.9957417249679565,801.5733642578125,743.8661499023438,0.9694929122924805,814.3706665039062,771.7621459960938,0.9758895635604858,809.63232421875,875.0606079101562,0.9817755222320557,759.42919921875,810.3995361328125,0.9865459203720093,863.7999877929688,812.818359375,0.8260203003883362,724.438232421875,924.077880859375,0.9941071271896362,832.5086669921875,995.5396728515625,0.7230067849159241,745.3082275390625,1007.7186279296875,0.9946756362915039,562.3782348632812,1048.341796875,0.9631792306900024,418.8960876464844,954.631103515625,0.7369416952133179
810,86.6905746459961,117.9771957397461,0.9996041655540466,1000.6785278320312,78.86509704589844,0.9995081424713135,90.26768493652344,1030.5843505859375,0.9998561143875122,1022.5083618164062,1020.2930297851562,0.9997668862342834,335.30731201171875,498.00604248046875,0.9991413354873657,334.02294921875,610.9365844726562,0.9992988109588623,276.3717956542969,553.2489624023438,0.9977839589118958,386.9937744140625,558.302001953125,0.9966655373573303,717.7815551757812,497.3191223144531,0.992316722869873,753.8872680664062,709.5177001953125,0.9953994154930115,691.75537109375,594.8360595703125,0.998885452747345,785.304931640625,569.3617553710938,0.9985319375991821,774.971435546875,711.3446044921875,0.9992011189460754,794.9612426757812,743.7054443359375,0.9971345663070679,808.1251220703125,771.1722412109375,0.9955722093582153,808.9849853515625,886.21337890625,0.9648013114929199,756.9767456054688,812.4902954101562,0.9464254379272461,859.8580322265625,809.9761962890625,0.913760244846344,726.1322631835938,925.4627685546875,0.9936314225196838,853.7456665039062,981.9237060546875,0.4989982545375824,752.6105346679688,1009.2361450195312,0.9762928485870361,657.2891235351562,1043.2667236328125,0.6647019982337952,468.08038330078125,1021.9711303710938,0.32214173674583435
811,87.24771881103516,117.25051879882812,0.999884843826294,999.8351440429688,80.28611755371094,0.9996848106384277,89.42132568359375,1029.62451171875,0.9996634721755981,1020.0718994140625,1020.5028076171875,0.9997405409812927,333.5847473144531,498.4871520996094,0.9994638562202454,334.26580810546875,611.7003784179688,0.9996742010116577,277.312744140625,553.6892700195312,0.9985947012901306,387.1757507324219,558.83447265625,0.9965406060218811,724.2294311523438,493.79998779296875,0.9913082718849182,753.23828125,710.9970092773438,0.9706435203552246,694.8606567382812,597.476806640625,0.9989199638366699,785.986328125,568.405517578125,0.9978142976760864,771.195556640625,711.5358276367188,0.9980576634407043,792.1622924804688,748.5671997070312,0.9935812950134277,805.5452270507812,775.2337036132812,0.9930143356323242,814.75048828125,886.903076171875,0.9372262358665466,759.3766479492188,818.531005859375,0.9004800915718079,856.9881591796875,806.8599853515625,0.9571354389190674,729.6489868164062,918.9983520507812,0.994242250919342,852.1102905273438,976.4178466796875,0.24124306440353394,752.9822998046875,1001.3115844726562,0.9960111379623413,657.45849609375,1039.6517333984375,0.701461136341095,447.1175842285156,1013.8450927734375,0.9372257590293884
812,87.45082092285156,117.67909240722656,0.9993133544921875,998.9577026367188,78.23477935791016,0.9997912049293518,89.44780731201172,1027.3953857421875,0.999897837638855,1023.0869140625,1020.1107177734375,0.999650239944458,334.1723327636719,498.41070556640625,0.9994269609451294,334.97528076171875,611.8065795898438,0.9996126294136047,277.21923828125,553.7359008789062,0.9988499879837036,388.2107238769531,558.9320068359375,0.9959604144096375,716.5868530273438,496.7684020996094,0.99396151304245,753.0941772460938,707.9304809570312,0.9805615544319153,695.1254272460938,595.81884765625,0.9990081191062927,784.5576171875,568.292236328125,0.9966335892677307,771.3301391601562,708.5056762695312,0.9995810389518738,790.7603759765625,743.5184936523438,0.9896522164344788,807.3733520507812,771.5364379882812,0.8953473567962646,814.3363647460938,893.4105224609375,0.8957642316818237,758.26416015625,824.3628540039062,0.688118577003479,860.6026000976562,809.7288818359375,0.8074809312820435,730.84130859375,925.3116455078125,0.9889867305755615,842.974365234375,997.4171752929688,0.17050562798976898,751.958740234375,1006.2651977539062,0.9607288837432861,665.0996704101562,1038.1082763671875,0.4951729476451874,611.004638671875,1039.6497802734375,0.7893022298812866
813,86.70780944824219,116.04379272460938,0.9999064207077026,999.1499633789062,77.88314819335938,0.9996846914291382,89.54368591308594,1029.89111328125,0.9997367262840271,1021.1161499023438,1021.125,0.9995055198669434,333.97528076171875,498.3695373535156,0.9995267391204834,334.4380798339844,612.0388793945312,0.9993588328361511,277.26287841796875,552.694091796875,0.9982433319091797,386.9210510253906,558.2860107421875,0.9979119896888733,723.8336791992188,494.501220703125,0.9891940355300903,755.645263671875,707.488525390625,0.9926833510398865,693.8893432617188,595.4118041992188,0.9991167187690735,782.181884765625,570.0687255859375,0.992457389831543,769.3804321289062,717.6199340820312,0.9997140765190125,790.2630615234375,749.9652709960938,0.9979093670845032,807.2471923828125,776.8017578125,0.9623522758483887,816.82080078125,890.1943969726562,0.9551352262496948,760.1754760742188,824.3838500976562,0.8840287327766418,864.4038696289062,815.6875610351562,0.7999809384346008,729.9791870117188,927.3410034179688,0.9788383841514587,840.3117065429688,1000.8013305664062,0.6782342791557312,760.6728515625,1011.0364990234375,0.9316493272781372,673.997802734375,1038.541259765625,0.5831935405731201,553.6552124023438,1029.873779296875,0.9625087380409241
814,86.38697814941406,116.09614562988281,0.9998884201049805,1000.2674560546875,77.9366226196289,0.9991601705551147,89.13086700439453,1030.251708984375,0.999796450138092,1022.2254638671875,1020.1737670898438,0.999824583530426,333.5915832519531,497.92669677734375,0.9985536932945251,334.33721923828125,611.6663818359375,0.9991390705108643,275.7310791015625,552.6635131835938,0.9974544644355774,386.6416931152344,557.5678100585938,0.9953719973564148,722.306396484375,495.2747802734375,0.9910138249397278,754.1973266601562,708.92919921875,0.9925414323806763,691.8724975585938,595.5177001953125,0.9988370537757874,786.7855834960938,566.9260864257812,0.9909441471099854,766.9365234375,717.8306884765625,0.9997339844703674,795.415283203125,754.2504272460938,0.9833473563194275,806.24755859375,778.362548828125,0.9279035329818726,816.4564208984375,889.6405029296875,0.9329121708869934,765.1836547851562,821.5325927734375,0.3110623061656952,861.3153686523438,811.0810546875,0.7285647988319397,734.6101684570312,925.6056518554688,0.9938395619392395,834.1320190429688,1006.6100463867188,0.5837625861167908,761.2556762695312,1011.6369018554688,0.9582756757736206,681.7803955078125,1037.0107421875,0.3561767637729645,468.88153076171875,1007.7195434570312,0.42156627774238586
815,86.95133209228516,117.48242950439453,0.9997925162315369,1000.6773681640625,76.43510437011719,0.9996339082717896,89.07238006591797,1029.5711669921875,0.999863862991333,1022.6680908203125,1019.6759643554688,0.9997496008872986,334.1405334472656,498.2348937988281,0.9987307190895081,332.92193603515625,610.7606811523438,0.9996486902236938,276.0083312988281,552.5029907226562,0.9980138540267944,386.2796630859375,557.3270874023438,0.9953588843345642,719.5201416015625,496.6258239746094,0.9974218606948853,755.8728637695312,709.4152221679688,0.9915142059326172,690.837158203125,593.6239624023438,0.9971914887428284,785.5739135742188,568.6729736328125,0.995022177696228,773.4432983398438,719.14794921875,0.9993226528167725,799.1353759765625,756.1573486328125,0.9913780689239502,810.6873779296875,780.7260131835938,0.9783353209495544,817.3344116210938,891.719970703125,0.9524405598640442,764.5738525390625,824.9203491210938,0.7916483879089355,859.5807495117188,808.9111328125,0.8449945449829102,730.5259399414062,924.3406372070312,0.9895414710044861,840.689453125,1002.21533203125,0.29570284485816956,755.3352661132812,1008.3277587890625,0.987553596496582,647.5897216796875,1037.146484375,0.23344016075134277,555.4939575195312,1036.7706298828125,0.4534240961074829
816,86.1952896118164,115.9439926147461,0.999893069267273,1000.20556640625,76.92582702636719,0.9996986389160156,90.8060531616211,1030.49609375,0.999648928642273,1020.6878051757812,1020.33154296875,0.9997280240058899,335.96771240234375,498.21502685546875,0.9986202716827393,332.7338562011719,610.8818969726562,0.9996904134750366,276.20428466796875,551.6677856445312,0.9974063038825989,386.3296203613281,559.2870483398438,0.9973305463790894,717.4824829101562,497.0446472167969,0.9938371777534485,756.533447265625,708.5830078125,0.9835890531539917,691.7935180664062,592.9077758789062,0.9982661604881287,786.7974243164062,571.219482421875,0.9967775940895081,770.0812377929688,714.798828125,0.9994205236434937,798.5368041992188,753.4450073242188,0.9840588569641113,813.652587890625,782.4754638671875,0.993224561214447,818.0108032226562,889.6510620117188,0.9744440913200378,766.899169921875,823.6329345703125,0.9775927662849426,859.9652709960938,809.23486328125,0.9257670044898987,731.8782348632812,923.4638061523438,0.9925634264945984,829.40283203125,1002.5380859375,0.470527321100235,755.0512084960938,1011.575927734375,0.9889939427375793,605.83837890625,1039.1414794921875,0.35444068908691406,495.5614013671875,1032.2215576171875,0.34821823239326477
817,87.35574340820312,117.10102844238281,0.9997959733009338,998.4987182617188,76.42630767822266,0.999325156211853,89.90959167480469,1028.1119384765625,0.9998732805252075,1019.9589233398438,1021.397705078125,0.9996795654296875,334.9559326171875,497.3414611816406,0.9974168539047241,334.9446105957031,611.0454711914062,0.9994906187057495,276.52691650390625,552.5513916015625,0.9960829019546509,386.86688232421875,557.7158813476562,0.995439350605011,716.0225219726562,496.0374450683594,0.9951688647270203,755.2262573242188,709.1876831054688,0.916063129901886,691.2484741210938,593.6513061523438,0.9972694516181946,786.4277954101562,568.9880981445312,0.9873225092887878,770.0946044921875,719.0575561523438,0.9990094900131226,795.33642578125,754.0185546875,0.9921897053718567,811.1131591796875,784.8436889648438,0.989022970199585,819.4083862304688,888.57080078125,0.974953830242157,767.6007690429688,825.1219482421875,0.9619064331054688,861.2769775390625,809.4485473632812,0.9481103420257568,731.06591796875,921.7852783203125,0.9940624833106995,815.7738037109375,1013.8805541992188,0.0726613774895668,750.3595581054688,1005.6119995117188,0.9909640550613403,624.8088989257812,1036.663818359375,0.48613056540489197,619.4877319335938,1040.1131591796875,0.3130970299243927
818,87.8362808227539,116.630126953125,0.9997995495796204,999.087646484375,77.45073699951172,0.9993914365768433,91.38941192626953,1027.1844482421875,0.9998773336410522,1020.8258666992188,1021.0606689453125,0.9993510842323303,333.6814270019531,498.1065979003906,0.9989497065544128,333.0761413574219,610.8411865234375,0.9995484948158264,276.35040283203125,553.1013793945312,0.9974963068962097,386.7959899902344,557.9592895507812,0.9957516193389893,718.2279052734375,495.961181640625,0.9973560571670532,760.824951171875,702.1392822265625,0.9916690587997437,692.6978759765625,592.518310546875,0.9979074001312256,784.3114013671875,566.9993896484375,0.9965634942054749,753.4632568359375,715.8033447265625,0.9977591037750244,778.757568359375,747.1144409179688,0.9170905351638794,794.52099609375,775.8850708007812,0.48023858666419983,820.9638061523438,889.2182006835938,0.981979250907898,763.9843139648438,828.181884765625,0.03387365862727165,883.40478515625,877.7003173828125,0.08579511195421219,732.8626098632812,920.7648315429688,0.996911346912384,836.3333740234375,1008.4964599609375,0.3639408051967621,759.9165649414062,1007.1837158203125,0.9958414435386658,639.399169921875,1031.8160400390625,0.5251352190971375,457.79864501953125,1014.1727905273438,0.9223120808601379
819,86.63380432128906,116.9651870727539,0.9998946189880371,998.114990234375,77.51884460449219,0.9997115731239319,89.77717590332031,1028.498291015625,0.9998568296432495,1023.5450439453125,1021.651123046875,0.9997745156288147,335.50115966796875,498.0907287597656,0.9985191226005554,332.7091064453125,610.8060302734375,0.9996203184127808,276.5600891113281,552.4152221679688,0.997229278087616,388.0530090332031,558.948974609375,0.9973925352096558,717.7755737304688,496.001708984375,0.9943503737449646,757.0955200195312,709.8536376953125,0.9989461302757263,692.5926513671875,593.806396484375,0.9982017278671265,785.0960083007812,564.8131103515625,0.9957929849624634,751.503173828125,726.8458251953125,0.994615375995636,782.008544921875,765.852294921875,0.9834480285644531,789.0523681640625,784.1375732421875,0.8774434924125671,822.1871337890625,888.5248413085938,0.9919002056121826,764.6100463867188,825.1073608398438,0.4592747986316681,861.0216064453125,809.844482421875,0.15301555395126343,733.1012573242188,921.30810546875,0.9967814683914185,847.6084594726562,1000.2964477539062,0.7519327402114868,757.4860229492188,1007.76220703125,0.9506842494010925,626.9666137695312,1030.283935546875,0.7070063948631287,457.72900390625,1013.4067993164062,0.7970764636993408
820,87.03190612792969,117.25505065917969,0.9999561309814453,1000.7520141601562,79.57613372802734,0.9997527003288269,89.03515625,1029.0899658203125,0.9998176693916321,1022.7233276367188,1021.2048950195312,0.9996463060379028,335.46051025390625,497.9088439941406,0.9982911944389343,332.31561279296875,611.0369262695312,0.9995244741439819,276.54339599609375,552.8860473632812,0.9973706007003784,386.9576721191406,559.9453735351562,0.9958493709564209,719.9627075195312,496.09588623046875,0.9966691136360168,756.8580932617188,712.5962524414062,0.9989700317382812,695.4220581054688,595.7423095703125,0.9987894892692566,784.7096557617188,566.8387451171875,0.9952994585037231,744.6766967773438,729.5586547851562,0.9856541752815247,776.1917114257812,762.5597534179688,0.9642256498336792,807.4436645507812,776.045654296875,0.3734399974346161,825.8953857421875,888.4232177734375,0.9789428114891052,762.95458984375,823.9237060546875,0.9767617583274841,851.1461181640625,793.8150024414062,0.36712661385536194,736.2003784179688,922.89501953125,0.9973135590553284,834.40966796875,1005.14306640625,0.6273804306983948,758.0596313476562,998.4368286132812,0.9924588799476624,610.4740600585938,1031.407470703125,0.4217011034488678,590.70654296875,1030.9962158203125,0.21631412208080292
821,87.20763397216797,118.07243347167969,0.9998966455459595,1000.164306640625,76.93177795410156,0.9998375177383423,88.27156829833984,1029.4342041015625,0.9998040795326233,1022.781982421875,1020.958984375,0.9994505047798157,333.6698303222656,498.4103088378906,0.9981977343559265,333.68426513671875,611.5912475585938,0.9995244741439819,276.5637512207031,552.8850708007812,0.9952532052993774,385.6800231933594,558.6217651367188,0.9977959394454956,721.5599975585938,492.77392578125,0.9955754280090332,758.511962890625,710.8416748046875,0.999796450138092,693.3052978515625,595.1016235351562,0.9986109733581543,784.4485473632812,567.4315795898438,0.9946495890617371,749.4378051757812,725.004150390625,0.3346976041793823,776.2163696289062,761.4830322265625,0.9566000699996948,807.5635375976562,777.771728515625,0.37986186146736145,824.0895385742188,886.568115234375,0.988170862197876,759.8145141601562,819.7415771484375,0.9839185476303101,853.4535522460938,794.799560546875,0.48821330070495605,734.8428955078125,922.9749755859375,0.9952214360237122,844.6376342773438,999.5768432617188,0.5230377912521362,759.5760498046875,1002.715576171875,0.9190123677253723,628.5855712890625,1029.6334228515625,0.5668231844902039,637.1970825195312,1030.636474609375,0.5280280709266663
822,86.92289733886719,116.87776184082031,0.9999336004257202,1000.962890625,80.41815948486328,0.9997054934501648,89.18782043457031,1029.02734375,0.9998568296432495,1023.2268676757812,1019.8814697265625,0.99970942735672,334.64666748046875,498.345947265625,0.9985210299491882,333.15167236328125,611.2652587890625,0.9993810653686523,277.484375,553.5484619140625,0.9977229237556458,386.4800720214844,558.0299682617188,0.9960422515869141,718.9278564453125,495.2881774902344,0.9964643716812134,758.0437622070312,707.1561279296875,0.9996694326400757,691.1900024414062,591.214599609375,0.9982713460922241,785.1809692382812,566.3994140625,0.9957466721534729,733.3305053710938,714.1231079101562,0.59954833984375,776.8233642578125,755.77685546875,0.9594420194625854,804.518310546875,778.9785766601562,0.5584255456924438,824.3018798828125,880.1024780273438,0.9969472289085388,754.1806030273438,815.9348754882812,0.9834052324295044,840.4208374023438,786.2399291992188,0.8524494171142578,738.1849975585938,919.7234497070312,0.9991888403892517,847.4788208007812,998.7144775390625,0.14501550793647766,762.9968872070312,1006.75634765625,0.9449667930603027,611.8466796875,1028.75048828125,0.8114053010940552,612.7886962890625,1031.1573486328125,0.4879460334777832
823,87.28303527832031,116.71669006347656,0.9999675750732422,1000.8663330078125,79.51648712158203,0.9996687173843384,88.81390380859375,1029.79638671875,0.9998194575309753,1021.8971557617188,1020.2913208007812,0.9997404217720032,333.2436828613281,498.2361145019531,0.9986170530319214,333.5902099609375,611.30615234375,0.9990501999855042,277.3712158203125,553.3516845703125,0.9977781176567078,386.9925537109375,555.8240966796875,0.9957178235054016,716.8535766601562,495.897705078125,0.9986177682876587,757.4642944335938,712.2523803710938,0.9984208345413208,692.7208251953125,594.8751831054688,0.9988813996315002,785.6306762695312,569.1392822265625,0.9926531314849854,727.623779296875,720.2478637695312,0.160899817943573,779.270751953125,752.3006591796875,0.545987606048584,800.5103149414062,770.6080322265625,0.9585397839546204,822.0992431640625,877.9254150390625,0.990656852722168,744.5736083984375,817.8755493164062,0.9197712540626526,851.805908203125,802.7791748046875,0.15163078904151917,741.2816162109375,920.9201049804688,0.9951300621032715,853.4450073242188,989.1232299804688,0.359715074300766,764.47119140625,1003.3154907226562,0.7923291921615601,607.622314453125,1037.1329345703125,0.8514464497566223,502.8019714355469,1028.8046875,0.46279749274253845
824,86.37417602539062,116.4815444946289,0.9999269247055054,1000.6502685546875,78.45609283447266,0.9997777342796326,89.50054931640625,1029.4661865234375,0.9998363256454468,1021.4229125976562,1020.8003540039062,0.999683141708374,333.6432800292969,498.4773254394531,0.9990791082382202,333.4647521972656,611.1167602539062,0.9994206428527832,277.2903137207031,553.9519653320312,0.9986608028411865,385.9774169921875,557.23876953125,0.9965830445289612,720.2804565429688,495.6023254394531,0.9928344488143921,763.8587036132812,704.9109497070312,0.8659897446632385,693.8396606445312,592.9352416992188,0.998538613319397,786.1259765625,568.2001342773438,0.997488260269165,731.6190185546875,718.4146728515625,0.914653480052948,758.746826171875,743.9789428710938,0.9254763126373291,792.8479614257812,766.898193359375,0.6789423227310181,817.4007568359375,874.2838134765625,0.9934397339820862,740.6678466796875,813.3828125,0.9627805948257446,849.53466796875,797.6510009765625,0.25239601731300354,737.45654296875,922.0886840820312,0.9962279796600342,853.1941528320312,989.2984008789062,0.5267442464828491,766.3124389648438,1002.3345336914062,0.7713361382484436,610.18359375,1033.980224609375,0.7864080667495728,611.888427734375,1039.0526123046875,0.23985126614570618
825,88.00531005859375,115.77073669433594,0.9997990727424622,999.8031616210938,77.27710723876953,0.9997720122337341,90.39285278320312,1029.3355712890625,0.9998571872711182,1023.3456420898438,1020.5245361328125,0.999760091304779,335.8233337402344,498.5143737792969,0.9981355667114258,332.7525939941406,610.4275512695312,0.9992485642433167,276.04443359375,552.829345703125,0.9960911870002747,386.4249572753906,558.4557495117188,0.9973942041397095,722.416748046875,494.8969421386719,0.9951683282852173,769.216064453125,705.9713745117188,0.5180184245109558,694.0120849609375,596.1649169921875,0.9990585446357727,784.981201171875,570.3693237304688,0.9964724779129028,763.7982788085938,718.3274536132812,0.7803211808204651,765.27783203125,740.4784545898438,0.9677962064743042,795.364990234375,758.1804809570312,0.8500839471817017,815.322021484375,870.7550659179688,0.9914470911026001,735.0297241210938,807.2155151367188,0.9716320037841797,817.5654907226562,760.5831909179688,0.21051914989948273,736.8696899414062,923.1465454101562,0.9939613342285156,858.8568725585938,988.5018920898438,0.21248532831668854,797.9241943359375,746.2408447265625,0.8201972246170044,636.6806030273438,1029.51611328125,0.1430424600839615,498.2531433105469,1023.8244018554688,0.856153666973114
826,88.19547271728516,117.65038299560547,0.9996296167373657,999.6543579101562,79.7320785522461,0.9998432397842407,89.85291290283203,1028.868896484375,0.9998905658721924,1020.98046875,1020.938232421875,0.9993498921394348,334.6946716308594,498.471435546875,0.9977468848228455,333.34930419921875,611.6344604492188,0.9991894364356995,277.16802978515625,553.2935180664062,0.9977487921714783,386.9910888671875,558.0885620117188,0.9961064457893372,720.9835205078125,497.1294860839844,0.9826058149337769,763.9898681640625,700.3936767578125,0.8103044033050537,694.6336059570312,597.7212524414062,0.9987745881080627,783.6231689453125,567.9129028320312,0.9968212842941284,763.414306640625,720.873779296875,0.793376088142395,759.849365234375,742.0744018554688,0.9486690759658813,785.2442016601562,766.0958862304688,0.8105685710906982,811.4107666015625,869.8518676757812,0.9886236190795898,739.34619140625,815.5637817382812,0.7873886823654175,817.3424682617188,758.6238403320312,0.5822508335113525,738.851318359375,925.2883911132812,0.9920715689659119,867.6801147460938,974.5362548828125,0.3264194428920746,767.256103515625,1005.6704711914062,0.9792163968086243,651.1804809570312,1029.6378173828125,0.2559308409690857,507.35137939453125,1025.4619140625,0.634031355381012
827,86.90816497802734,116.50862121582031,0.9999288320541382,1001.7650756835938,75.9788818359375,0.9990116357803345,89.83270263671875,1029.6171875,0.9998623132705688,1022.8603515625,1020.12939453125,0.9998005032539368,336.01214599609375,498.55621337890625,0.9983845949172974,334.2998046875,610.8872680664062,0.999067485332489,277.6342468261719,554.3447265625,0.9959329962730408,387.24932861328125,557.2996215820312,0.9964913725852966,724.6868896484375,496.6053466796875,0.9942752718925476,766.8546752929688,708.960205078125,0.6206695437431335,692.4468994140625,593.2199096679688,0.9977599382400513,786.525146484375,567.3654174804688,0.9938050508499146,751.9890747070312,727.5771484375,0.6594135165214539,760.0103759765625,747.369140625,0.7657172679901123,775.075927734375,770.422607421875,0.7443474531173706,811.9929809570312,866.8773803710938,0.9912715554237366,736.7569580078125,815.5487670898438,0.8302277326583862,814.5188598632812,753.0022583007812,0.1394045054912567,739.4934692382812,927.5033569335938,0.9931160807609558,854.1741943359375,988.8587646484375,0.6631724834442139,767.7671508789062,1003.1705322265625,0.974886953830719,685.6199951171875,1027.3353271484375,0.812577486038208,505.1385803222656,1025.908447265625,0.8570942878723145
828,87.8859634399414,116.76640319824219,0.9997938275337219,1001.7208251953125,79.31100463867188,0.9990701079368591,88.61155700683594,1029.3609619140625,0.9998869895935059,1021.369140625,1020.4633178710938,0.999367892742157,335.51025390625,498.5230407714844,0.9985404014587402,334.2093505859375,612.055908203125,0.9992470741271973,277.8100280761719,554.81591796875,0.9969947338104248,387.0505065917969,557.2024536132812,0.9950698614120483,723.2942504882812,496.0479431152344,0.994252622127533,763.7184448242188,709.2059326171875,0.7901017069816589,689.1327514648438,590.824951171875,0.997229278087616,785.28564453125,568.486328125,0.9964869022369385,752.9188842773438,729.8549194335938,0.8083828091621399,768.9339599609375,750.6610107421875,0.8484159708023071,775.7009887695312,770.75537109375,0.40497133135795593,811.4815673828125,865.5076293945312,0.997410237789154,739.9054565429688,817.1737060546875,0.7724151015281677,815.6021728515625,754.5445556640625,0.13842907547950745,739.5081176757812,922.0003662109375,0.9910721182823181,849.3104248046875,984.3447875976562,0.14410853385925293,770.583740234375,1002.6072998046875,0.958279013633728,683.8743896484375,1028.12353515625,0.6988577246665955,483.1470947265625,1014.8853149414062,0.8185784816741943
829,87.55107116699219,116.65424346923828,0.9997983574867249,999.0167846679688,80.70829772949219,0.9998224377632141,89.64913940429688,1029.359130859375,0.9998953342437744,1019.5693969726562,1020.7967529296875,0.9992154836654663,336.0770568847656,498.15533447265625,0.9965111613273621,334.7931823730469,612.107421875,0.9988530874252319,277.2695007324219,554.332275390625,0.9963105320930481,386.9294128417969,557.3336791992188,0.9956817626953125,725.6175537109375,496.9473876953125,0.9925236105918884,772.4051513671875,706.9425659179688,0.4706217050552368,691.9861450195312,591.4019775390625,0.9945191740989685,785.5010375976562,570.4239501953125,0.9911577105522156,747.3875122070312,722.0778198242188,0.4010353982448578,770.0201416015625,748.1193237304688,0.3528348207473755,799.5960083007812,758.7020874023438,0.28995686769485474,813.6154174804688,862.76806640625,0.9910968542098999,740.1963500976562,814.960205078125,0.42841416597366333,816.254638671875,754.2142944335938,0.0924738422036171,744.4864501953125,926.2355346679688,0.9863705635070801,845.6146850585938,984.28955078125,0.382599800825119,769.867431640625,1000.6710815429688,0.9830943942070007,689.3018188476562,1025.5845947265625,0.8921801447868347,489.1582946777344,1014.9122314453125,0.5812468528747559
830,86.67127990722656,116.70793914794922,0.9998003840446472,999.6925659179688,80.9109878540039,0.9998138546943665,89.62628173828125,1029.383544921875,0.9998854398727417,1021.5968627929688,1020.9356689453125,0.998916745185852,334.8414306640625,498.6811828613281,0.9987649917602539,334.0994873046875,612.1416015625,0.9987288117408752,277.7587585449219,554.3817749023438,0.9964795708656311,387.70428466796875,557.0984497070312,0.9923082590103149,725.0151977539062,494.6276550292969,0.9910079836845398,770.8325805664062,708.4161987304688,0.5017484426498413,693.0119018554688,591.7537841796875,0.9974195957183838,785.9481811523438,571.1397094726562,0.9966014623641968,750.2315063476562,725.1443481445312,0.9089385867118835,765.3157958984375,744.1375732421875,0.9157156944274902,774.8324584960938,768.5750732421875,0.7043862342834473,811.351806640625,866.492431640625,0.9844590425491333,734.3197021484375,808.4789428710938,0.5643879771232605,849.388427734375,802.6063232421875,0.07586907595396042,739.4215698242188,924.6737670898438,0.9933308959007263,853.4151611328125,983.3380126953125,0.8040637373924255,771.9976196289062,1002.6423950195312,0.9542880654335022,692.0313720703125,1024.2049560546875,0.6177139282226562,488.70526123046875,1015.4772338867188,0.8867915272712708
831,87.43344116210938,115.69599151611328,0.9997857213020325,999.1395263671875,82.31221771240234,0.9999127388000488,89.8106918334961,1030.762939453125,0.9997352957725525,1021.0702514648438,1021.7151489257812,0.999427080154419,336.9506530761719,498.511962890625,0.9984679818153381,333.9883117675781,611.5272216796875,0.9983664155006409,277.16131591796875,553.6238403320312,0.9961774349212646,387.01611328125,559.09228515625,0.9960315823554993,719.1318969726562,497.49456787109375,0.9754287004470825,771.3162841796875,707.761962890625,0.6768094897270203,692.6826782226562,594.5546264648438,0.9987823367118835,786.9038696289062,571.9264526367188,0.9982929825782776,750.4503784179688,721.0455932617188,0.9338776469230652,766.5271606445312,743.563232421875,0.9825776219367981,795.6868286132812,759.2077026367188,0.5710839033126831,811.5198974609375,866.654541015625,0.9894067645072937,737.9358520507812,815.511474609375,0.8312756419181824,848.7645874023438,802.22265625,0.2007070630788803,739.4998168945312,921.08642578125,0.9901139736175537,855.985107421875,988.2945556640625,0.2671581208705902,767.006103515625,1000.2197265625,0.9918410778045654,678.0074462890625,1029.3060302734375,0.6416906118392944,480.7814025878906,1013.7413330078125,0.9000149369239807
832,87.70069122314453,115.56034851074219,0.9998220801353455,998.7128295898438,80.86638641357422,0.9998794794082642,89.37471008300781,1028.451171875,0.9998834133148193,1020.3045043945312,1021.8060913085938,0.9993612170219421,334.7500915527344,498.400634765625,0.999143123626709,334.25927734375,611.2308349609375,0.9992745518684387,276.53643798828125,553.7161865234375,0.9946693778038025,387.57073974609375,557.4164428710938,0.995547890663147,720.1719360351562,495.4715881347656,0.9930475354194641,767.6568603515625,712.6343383789062,0.8930607438087463,694.1210327148438,597.0131225585938,0.9989677667617798,785.0635986328125,567.6199340820312,0.9938616752624512,753.4720458984375,728.20703125,0.5850701928138733,747.841064453125,741.9780883789062,0.8295632004737854,771.3096313476562,765.6123657226562,0.7882654070854187,810.48876953125,865.2701416015625,0.9923529028892517,728.0925903320312,809.32861328125,0.9907597303390503,816.6604614257812,754.07763671875,0.08221743255853653,744.5664672851562,918.8341064453125,0.9735062718391418,879.9957275390625,967.793212890625,0.1170833483338356,771.8545532226562,1002.7399291992188,0.9523417353630066,696.741943359375,1024.4013671875,0.6585258841514587,475.50714111328125,1013.8475952148438,0.8491940498352051
833,87.3418960571289,116.93294525146484,0.999903678894043,1001.46142578125,81.90554809570312,0.9998888969421387,89.76589965820312,1030.7047119140625,0.9997968077659607,1024.199462890625,1021.4096069335938,0.9997350573539734,335.1569519042969,498.5865478515625,0.9989404082298279,334.0138244628906,611.070068359375,0.9983848333358765,276.7085876464844,553.6360473632812,0.9945555925369263,388.25244140625,555.7744140625,0.9946148991584778,729.3977661132812,492.5737609863281,0.9870042204856873,769.5772094726562,715.9034423828125,0.5167648196220398,693.25244140625,594.2086791992188,0.9986567497253418,786.5335693359375,566.8475952148438,0.9928107857704163,711.2316284179688,705.7196655273438,0.2791825830936432,744.673095703125,734.6452026367188,0.8796729445457458,770.9012451171875,756.1406860351562,0.6016414165496826,808.3609008789062,870.01123046875,0.9982210993766785,723.9933471679688,813.5392456054688,0.9786297678947449,820.759521484375,780.7957153320312,0.14876873791217804,738.49560546875,924.4765014648438,0.9940750598907471,875.1102905273438,877.4280395507812,0.22931711375713348,767.8015747070312,999.9300537109375,0.9783965945243835,689.85986328125,1028.2193603515625,0.9385328888893127,492.0949401855469,1015.6338500976562,0.9750829339027405
834,88.00669860839844,116.46903228759766,0.9998192191123962,1000.335205078125,80.40046691894531,0.999752938747406,89.6048583984375,1029.5670166015625,0.9998449087142944,1021.8334350585938,1021.1572265625,0.9992051720619202,334.7998962402344,498.111328125,0.9990912675857544,332.7860412597656,611.6306762695312,0.9992110729217529,276.78253173828125,552.7345581054688,0.9974478483200073,386.8214416503906,556.7932739257812,0.9965747594833374,724.80615234375,493.4642639160156,0.994642972946167,766.4201049804688,723.8340454101562,0.6937642097473145,690.4592895507812,593.5442504882812,0.9967954754829407,786.3572998046875,570.6236572265625,0.9938223361968994,728.7883911132812,707.59228515625,0.44916772842407227,730.468994140625,742.1625366210938,0.9741702079772949,750.8053588867188,764.3652954101562,0.7275940179824829,801.6563110351562,869.0469970703125,0.9970993995666504,714.5728759765625,811.2778930664062,0.9911597371101379,798.8538818359375,757.7938842773438,0.3381733298301697,738.6237182617188,922.2711791992188,0.9544708728790283,875.8681030273438,892.2745971679688,0.8615778684616089,768.1544799804688,1003.7296752929688,0.8765423893928528,699.7473754882812,1024.748779296875,0.8867536783218384,485.7868347167969,1012.3544921875,0.8425938487052917
835,87.64700317382812,117.82836151123047,0.9995799660682678,1000.6107177734375,79.24414825439453,0.9997655749320984,89.5591812133789,1031.0506591796875,0.9998536109924316,1021.7008666992188,1022.0344848632812,0.9991149306297302,334.8131408691406,498.4983215332031,0.999098539352417,333.4988708496094,611.9202270507812,0.9994082450866699,276.64471435546875,552.9156494140625,0.9976556301116943,387.7364196777344,558.1422729492188,0.9955474138259888,720.8359375,495.87957763671875,0.9830212593078613,764.7723999023438,723.8597412109375,0.646392822265625,691.3592529296875,592.7559814453125,0.9977405071258545,786.9141235351562,570.8134765625,0.9873073101043701,716.7694091796875,702.6787109375,0.7055143713951111,731.5870361328125,739.5706787109375,0.9218295216560364,752.4166870117188,761.0903930664062,0.41551080346107483,797.513916015625,869.2056884765625,0.9925865530967712,711.1103515625,813.6585083007812,0.9766958355903625,807.6131591796875,778.8017578125,0.35518544912338257,731.0365600585938,928.2413330078125,0.9756112694740295,873.02001953125,902.0227661132812,0.96028733253479,759.6936645507812,1004.5223999023438,0.9588532447814941,690.3387451171875,1026.7413330078125,0.908627986907959,485.43212890625,1012.3946533203125,0.8378426432609558
836,88.51223754882812,116.09056854248047,0.9998356103897095,999.4319458007812,79.99816131591797,0.9998626708984375,90.08856201171875,1029.4210205078125,0.9998940229415894,1022.0037841796875,1020.5783081054688,0.9994003772735596,335.3230895996094,498.7035217285156,0.9990977048873901,333.3851623535156,611.35107421875,0.9994230270385742,276.4583740234375,552.7665405273438,0.9969568252563477,387.33636474609375,559.3229370117188,0.9960032105445862,725.5835571289062,495.2498474121094,0.9672489762306213,760.9035034179688,715.0038452148438,0.6041732430458069,689.8867797851562,589.3475952148438,0.997129499912262,788.7249145507812,566.8169555664062,0.9913820624351501,711.042724609375,700.8046264648438,0.4231995940208435,730.1918334960938,740.6015625,0.8702839016914368,740.0628662109375,767.015869140625,0.6627083420753479,795.724853515625,868.8777465820312,0.9897380471229553,704.4263916015625,816.7301025390625,0.9136379361152649,803.08154296875,777.4788208007812,0.35032418370246887,730.3031616210938,928.9552001953125,0.9908688068389893,871.2161254882812,900.8869018554688,0.9464781880378723,768.7369384765625,1006.6121215820312,0.9389879107475281,694.6944580078125,1029.5870361328125,0.569847822189331,479.2539978027344,1013.434814453125,0.8101805448532104
837,87.27233123779297,117.17035675048828,0.9998682737350464,999.8973999023438,78.24906158447266,0.9999085664749146,89.96644592285156,1028.560302734375,0.9998581409454346,1022.1859741210938,1021.0855102539062,0.9995943903923035,334.8664855957031,498.552978515625,0.9990440011024475,333.3267822265625,611.162353515625,0.9993743300437927,276.5480041503906,552.8090209960938,0.996466875076294,386.9527587890625,558.88623046875,0.995881199836731,717.308837890625,498.8244934082031,0.9903871417045593,757.7077026367188,720.0145263671875,0.8812410831451416,691.2888793945312,593.0790405273438,0.9978444576263428,784.1874389648438,571.4383544921875,0.9934707880020142,713.8611450195312,714.5650634765625,0.0543927326798439,729.0562133789062,746.71533203125,0.6060116291046143,747.038818359375,765.9047241210938,0.49110180139541626,791.5037231445312,864.0567016601562,0.9765720963478088,706.9113159179688,821.8424072265625,0.656553328037262,690.189208984375,801.3026123046875,0.08170084655284882,737.1663818359375,927.2843017578125,0.991719126701355,870.9710693359375,903.6529541015625,0.9464370012283325,784.882568359375,742.370849609375,0.9246281981468201,623.2650146484375,1028.0152587890625,0.6779511570930481,472.5160827636719,1010.8438720703125,0.8901033401489258
838,87.21223449707031,117.30620574951172,0.9998063445091248,997.9978637695312,75.12248229980469,0.9998370409011841,90.02882385253906,1030.3511962890625,0.9997866749763489,1019.5287475585938,1020.7543334960938,0.9995076656341553,333.4227600097656,498.8236999511719,0.9991546869277954,333.8877258300781,611.5491333007812,0.9994482398033142,276.4358825683594,553.808837890625,0.9979898929595947,386.64105224609375,558.838134765625,0.9963117241859436,724.7943115234375,497.489990234375,0.9933692812919617,759.265869140625,723.723876953125,0.9198945164680481,689.772705078125,588.8369750976562,0.9947234392166138,786.9677124023438,568.3697509765625,0.9907788038253784,731.0538940429688,727.975341796875,0.2601565718650818,730.2052612304688,749.9258422851562,0.900412917137146,746.1962890625,770.7898559570312,0.9003968834877014,792.1128540039062,867.4840087890625,0.9842720031738281,707.21875,823.4593505859375,0.9116718173027039,793.2322387695312,755.5198974609375,0.15903706848621368,736.94287109375,929.890625,0.9857776761054993,870.5451049804688,900.669677734375,0.9528117775917053,767.4474487304688,1002.25537109375,0.9623226523399353,681.9956665039062,1029.56884765625,0.7530538439750671,485.5206298828125,1015.392822265625,0.6895049214363098
839,85.07588195800781,116.35287475585938,0.9998506307601929,999.3897705078125,78.461669921875,0.9998119473457336,90.24368286132812,1029.0885009765625,0.9998667240142822,1022.6769409179688,1020.249755859375,0.9995229244232178,334.82672119140625,498.5501708984375,0.9989987015724182,333.40399169921875,610.9462890625,0.9993941783905029,275.8800354003906,553.0414428710938,0.9978606104850769,386.8642883300781,558.6489868164062,0.9961704611778259,725.4710693359375,496.6148986816406,0.9769938588142395,760.5023193359375,722.2222900390625,0.6903457641601562,690.3153686523438,590.7508544921875,0.9960446357727051,788.833740234375,567.9404907226562,0.9927406907081604,732.0613403320312,719.5081176757812,0.3673735558986664,736.0271606445312,746.4146728515625,0.8603439927101135,749.5465698242188,766.4733276367188,0.8335862159729004,790.2780151367188,865.8702392578125,0.985173761844635,705.5572509765625,817.3757934570312,0.9140097498893738,794.2440795898438,754.86767578125,0.126153364777565,737.4220581054688,925.6787719726562,0.9692832827568054,870.8931274414062,900.9256591796875,0.8922736644744873,785.5381469726562,744.187744140625,0.8651146292686462,701.12255859375,1026.37353515625,0.9147464036941528,468.2184143066406,1013.3909301757812,0.9206154346466064
840,85.96952056884766,115.24098205566406,0.9996662139892578,999.5797119140625,76.08527374267578,0.9997968077659607,89.48189544677734,1028.923828125,0.999785840511322,1022.1712036132812,1020.4454345703125,0.9996848106384277,336.45001220703125,498.96929931640625,0.9989596605300903,333.1889343261719,611.5262451171875,0.9992262125015259,276.08636474609375,552.8540649414062,0.9978246688842773,387.34588623046875,559.3589477539062,0.9977706670761108,723.365234375,497.9852600097656,0.9908690452575684,763.3236694335938,723.531494140625,0.801297128200531,692.63330078125,594.3814697265625,0.9977779984474182,786.7196655273438,570.6885375976562,0.995617151260376,714.9609985351562,702.8675537109375,0.07734065502882004,736.5984497070312,746.9329223632812,0.3470873236656189,756.4638061523438,767.9662475585938,0.6685680747032166,790.6682739257812,863.2435913085938,0.9888961315155029,708.1795043945312,816.4995727539062,0.9162179827690125,811.2243041992188,786.6893920898438,0.1351114809513092,737.8251953125,926.1407470703125,0.9902044534683228,870.19482421875,903.8387451171875,0.706447184085846,762.3130493164062,1000.4976196289062,0.9797458052635193,688.912109375,1028.3941650390625,0.5409703850746155,467.6714172363281,1013.9251098632812,0.9383720755577087
841,87.727294921875,116.50926208496094,0.9998477697372437,1000.6283569335938,79.4664077758789,0.9998235106468201,88.35403442382812,1028.938232421875,0.9998801946640015,1020.6968383789062,1020.3709716796875,0.9995545744895935,335.4523010253906,498.55108642578125,0.9974223375320435,333.74505615234375,610.6035766601562,0.9994014501571655,275.9769287109375,552.0051879882812,0.994511604309082,385.87957763671875,555.9420166015625,0.9964693784713745,719.0667114257812,495.8676452636719,0.8501741290092468,761.7901000976562,722.19287109375,0.3482646048069,687.9577026367188,587.1433715820312,0.993238091468811,785.2950439453125,566.9356079101562,0.9930184483528137,776.892822265625,728.4115600585938,0.5459256172180176,762.678955078125,742.3101806640625,0.21765922009944916,764.7313232421875,765.1033935546875,0.6364043951034546,792.9451293945312,868.324951171875,0.9670619964599609,715.4059448242188,823.0260620117188,0.8094028830528259,811.5699462890625,785.2777099609375,0.3718204200267792,742.00146484375,930.6679077148438,0.9874649047851562,865.8018798828125,879.2056274414062,0.5769586563110352,762.1869506835938,1003.6265258789062,0.9782822728157043,691.75439453125,1025.237548828125,0.5404452681541443,615.1378784179688,1028.497314453125,0.8519960045814514
842,86.00025177001953,116.06217193603516,0.9998094439506531,1001.7982177734375,77.66520690917969,0.9997484087944031,89.6317367553711,1029.930908203125,0.9997120499610901,1023.8438720703125,1021.7039184570312,0.9994075298309326,335.65325927734375,498.61163330078125,0.9982038736343384,333.85797119140625,610.6190185546875,0.9990739822387695,275.0641784667969,551.3074340820312,0.9933159947395325,386.390380859375,557.9775390625,0.9921097159385681,724.739013671875,493.3155212402344,0.946510374546051,755.7967529296875,698.5234375,0.22545437514781952,687.7909545898438,589.3809204101562,0.9944595098495483,787.8876342773438,571.8709106445312,0.9856950640678406,733.3580322265625,704.265625,0.9873971343040466,749.3763427734375,745.269775390625,0.3756954073905945,769.0545043945312,778.1998901367188,0.8504384756088257,795.5712890625,882.371826171875,0.9117247462272644,709.9907836914062,824.7100830078125,0.8893320560455322,811.7442626953125,787.4014282226562,0.8305745720863342,734.5953369140625,938.60986328125,0.9013339877128601,869.428955078125,901.9093017578125,0.720509946346283,764.2216796875,1006.5538330078125,0.7904185056686401,694.8345336914062,1026.5572509765625,0.8798657059669495,612.3262939453125,1025.388671875,0.6960543990135193
843,87.37274169921875,116.7736587524414,0.999825656414032,1000.9824829101562,76.65033721923828,0.9996739625930786,88.49080657958984,1028.93994140625,0.9998587369918823,1023.6260375976562,1020.7532348632812,0.9994619488716125,334.17156982421875,498.84588623046875,0.9986978769302368,334.7957458496094,610.8577880859375,0.9993135929107666,275.6162109375,552.6834106445312,0.993043065071106,386.43731689453125,558.6048583984375,0.9965766072273254,718.1035766601562,496.8646545410156,0.9818987250328064,752.496826171875,681.002685546875,0.6533427238464355,690.9475708007812,592.15869140625,0.9983643889427185,785.1997680664062,572.058837890625,0.9959962368011475,758.8181762695312,685.0841674804688,0.38899627327919006,756.4847412109375,762.0371704101562,0.4551306664943695,777.4674072265625,785.39111328125,0.4902782440185547,797.8413696289062,880.87060546875,0.9339057803153992,712.630859375,827.8341064453125,0.9666054248809814,814.50244140625,789.0282592773438,0.652893602848053,732.8517456054688,936.9855346679688,0.9153111577033997,868.4612426757812,904.2744140625,0.8055495023727417,765.2601928710938,1010.4729614257812,0.9677774906158447,687.2750854492188,1029.08251953125,0.7287144660949707,795.2979736328125,510.6115417480469,0.6578182578086853
844,88.14593505859375,116.30673217773438,0.9995168447494507,1001.2078247070312,80.10796356201172,0.9996770620346069,88.3369369506836,1030.0401611328125,0.9998626708984375,1021.8536376953125,1021.5494995117188,0.99932861328125,333.42095947265625,498.23565673828125,0.9981046915054321,334.14697265625,611.07275390625,0.9993566870689392,275.45574951171875,552.3199462890625,0.9937108755111694,387.4503173828125,558.5722045898438,0.9938773512840271,718.0313110351562,495.5628356933594,0.9954987168312073,739.9794311523438,701.6498413085938,0.07330870628356934,691.0076293945312,590.7743530273438,0.9964928030967712,785.904052734375,570.0831909179688,0.9946963787078857,762.5733032226562,698.0567626953125,0.997855007648468,774.4652709960938,756.3003540039062,0.4838602542877197,786.6746826171875,788.2413330078125,0.7759276628494263,793.4688720703125,884.9814453125,0.936098575592041,723.5648193359375,824.9358520507812,0.9815520644187927,822.6981201171875,799.3834228515625,0.8673725724220276,731.1845092773438,940.4315795898438,0.866929292678833,867.2977294921875,915.8626098632812,0.895376980304718,767.330810546875,1010.3767700195312,0.9926234483718872,624.1682739257812,1028.518310546875,0.4077061712741852,470.87982177734375,1014.5841064453125,0.6943038105964661
845,87.86566162109375,116.79925537109375,0.999842643737793,1000.8798828125,78.79232025146484,0.9995001554489136,88.5272445678711,1030.2210693359375,0.9997703433036804,1022.0787353515625,1021.1171875,0.9992720484733582,333.3061218261719,498.14337158203125,0.9989696741104126,333.9372253417969,610.6340942382812,0.9992976188659668,275.6742858886719,552.602294921875,0.9942401647567749,386.51727294921875,556.1068725585938,0.9967155456542969,724.9047241210938,494.3476867675781,0.9888824820518494,748.2472534179688,698.6619262695312,0.5148878693580627,690.419189453125,594.1638793945312,0.9984205961227417,783.17724609375,572.0873413085938,0.9910110235214233,772.6096801757812,699.8865356445312,0.9983174800872803,768.5655517578125,748.4318237304688,0.5566773414611816,793.6187133789062,798.9641723632812,0.5329482555389404,793.5687255859375,891.0525512695312,0.9340164065361023,724.7243041992188,822.1702880859375,0.9845521450042725,830.2481689453125,806.0440673828125,0.9064987301826477,726.0225219726562,937.75927734375,0.920303225517273,869.553466796875,921.5784301757812,0.9631149768829346,762.4888305664062,1009.6702270507812,0.9953585267066956,688.7423706054688,1029.30712890625,0.6577193737030029,618.3607788085938,1024.1043701171875,0.9175107479095459
846,88.697998046875,115.81732177734375,0.9995891451835632,999.4127807617188,77.26470184326172,0.9998407363891602,88.7690658569336,1029.875,0.9998631477355957,1022.7303466796875,1021.346435546875,0.9995347261428833,333.3439025878906,498.1665954589844,0.9990474581718445,333.0594787597656,609.8651123046875,0.9996024966239929,275.7202453613281,552.3790893554688,0.9941425919532776,387.1020812988281,558.318115234375,0.9958983063697815,724.6126708984375,495.7541809082031,0.9981846213340759,750.6778564453125,706.4222412109375,0.9803967475891113,691.2218017578125,593.7276000976562,0.9989092350006104,784.8565673828125,569.0142211914062,0.9976779818534851,769.4514770507812,706.251220703125,0.9988675117492676,780.322265625,764.206298828125,0.9309232234954834,798.1889038085938,798.6472778320312,0.6815376281738281,793.7527465820312,892.2021484375,0.677036702632904,725.9425048828125,823.2306518554688,0.9795536994934082,833.37060546875,809.55859375,0.9192273616790771,725.1214599609375,937.8563232421875,0.9457273483276367,869.2227172851562,922.3724975585938,0.8927582502365112,762.013916015625,1009.2327880859375,0.9831497073173523,686.5794067382812,1029.1048583984375,0.3792991042137146,574.0916748046875,1023.4625244140625,0.7569051384925842
847,88.07044982910156,117.86038970947266,0.9998061060905457,999.3665161132812,76.91854095458984,0.9998855590820312,88.90071868896484,1029.2952880859375,0.9998775720596313,1023.2567138671875,1021.2379150390625,0.9997771382331848,332.5049743652344,498.948974609375,0.9994261264801025,334.1851501464844,610.7552490234375,0.9995148181915283,276.6969909667969,554.494873046875,0.9957090616226196,386.24560546875,557.51123046875,0.9960590600967407,725.07177734375,494.3539733886719,0.9922316074371338,752.0274658203125,706.9467163085938,0.9497522711753845,692.5872192382812,594.3823852539062,0.9986888766288757,783.931884765625,568.2648315429688,0.9964602589607239,772.2771606445312,708.5299072265625,0.9987335801124573,785.7689819335938,764.8596801757812,0.925430178642273,794.3209228515625,799.4710693359375,0.6543699502944946,788.8142700195312,886.475830078125,0.9315470457077026,727.1835327148438,822.068359375,0.9727742671966553,836.2110595703125,813.1804809570312,0.9482297897338867,724.7798461914062,936.9622802734375,0.9365116953849792,866.6068115234375,923.2735595703125,0.7666829824447632,762.4375610351562,1007.5870971679688,0.9840497374534607,673.966552734375,1030.322998046875,0.3498387336730957,553.6710815429688,1027.7490234375,0.7435526251792908
848,88.08759307861328,116.34329986572266,0.9998037219047546,1000.1293334960938,79.0849380493164,0.9998742341995239,89.88706970214844,1028.59619140625,0.9999154806137085,1023.1824951171875,1021.67626953125,0.9993367791175842,334.8566589355469,498.2781982421875,0.9988658428192139,333.72088623046875,611.150146484375,0.999422550201416,276.5647888183594,552.9994506835938,0.9966537952423096,386.4227600097656,558.75927734375,0.994668185710907,721.8720092773438,495.56268310546875,0.98879075050354,746.9417114257812,708.5547485351562,0.7275165319442749,692.70751953125,593.7882080078125,0.9981327652931213,784.4823608398438,568.1832275390625,0.9970357418060303,773.1864624023438,706.2616577148438,0.9994189739227295,772.0012817382812,757.7310180664062,0.9887425899505615,771.0384521484375,780.7301635742188,0.979698657989502,791.9658203125,891.2111206054688,0.7620173096656799,725.7554321289062,814.3676147460938,0.7578341960906982,832.64013671875,808.77685546875,0.945758044719696,725.3563232421875,928.5753173828125,0.968542754650116,868.5029907226562,922.0753173828125,0.9013664126396179,761.1990966796875,1008.1453247070312,0.9285631775856018,686.8203125,1028.8548583984375,0.7939854860305786,483.06390380859375,1013.9937744140625,0.8092454075813293
849,86.7127685546875,115.2567367553711,0.9999198913574219,1000.7578125,77.99974060058594,0.9998564720153809,88.52584838867188,1028.1563720703125,0.999811589717865,1022.3443603515625,1021.5701904296875,0.9991758465766907,332.86895751953125,498.94598388671875,0.9991140961647034,334.00494384765625,609.9779663085938,0.9993525147438049,276.3909606933594,553.728515625,0.9958886504173279,385.97509765625,554.5049438476562,0.9968776702880859,727.0120849609375,493.5737609863281,0.992347240447998,755.0552368164062,678.4343872070312,0.3191889822483063,693.4573364257812,595.9619750976562,0.9986674785614014,784.1547241210938,571.0855102539062,0.9972823858261108,770.2542724609375,687.45458984375,0.9991762042045593,771.7742919921875,739.7006225585938,0.9380407929420471,773.8278198242188,770.544677734375,0.9706653952598572,785.5615234375,874.0626831054688,0.8617954254150391,725.9261474609375,810.3082885742188,0.8161282539367676,831.1220092773438,803.8117065429688,0.9791505336761475,723.7313232421875,932.8096923828125,0.9852156639099121,866.3834838867188,911.0243530273438,0.898418664932251,764.5386352539062,1007.9293823242188,0.9692623615264893,685.1907958984375,1028.3101806640625,0.6272055506706238,484.2610778808594,1014.7721557617188,0.8311704993247986
850,86.71038818359375,113.98126983642578,0.9998995065689087,1000.9155883789062,81.80140686035156,0.9998934268951416,90.57276916503906,1028.0517578125,0.9998805522918701,1022.023681640625,1020.6476440429688,0.9993993043899536,334.28863525390625,498.5108947753906,0.9993008375167847,332.5639343261719,609.810791015625,0.9995625615119934,276.542724609375,552.30322265625,0.9978838562965393,385.4537048339844,557.6516723632812,0.9964641332626343,723.601806640625,496.17950439453125,0.9923837780952454,756.804443359375,669.5393676757812,0.4050271511077881,690.974365234375,592.8175659179688,0.9985264539718628,785.7814331054688,574.5591430664062,0.9966801404953003,770.5579223632812,684.9425659179688,0.9991121888160706,774.0358276367188,733.3878173828125,0.954093337059021,773.433349609375,761.2208862304688,0.9674499034881592,784.4933471679688,869.7252197265625,0.9602391719818115,726.4774169921875,803.0711669921875,0.6353263854980469,829.3444213867188,798.2632446289062,0.863287627696991,727.02734375,937.181396484375,0.9497485756874084,863.7451782226562,910.5778198242188,0.8666113615036011,768.8943481445312,1007.6028442382812,0.9821865558624268,687.9983520507812,1029.7393798828125,0.244834765791893,479.81201171875,1013.4179077148438,0.8386764526367188
851,86.50054168701172,116.0350341796875,0.9998480081558228,1000.637939453125,79.82681274414062,0.9998182654380798,90.89765930175781,1028.6788330078125,0.9998792409896851,1023.5761108398438,1020.050048828125,0.9996654987335205,333.49444580078125,498.474853515625,0.9993828535079956,333.8846435546875,610.1832885742188,0.9995959401130676,276.5470275878906,553.43310546875,0.9972683191299438,386.086669921875,556.2312622070312,0.9987983703613281,723.505126953125,494.8710632324219,0.9823054671287537,748.8255615234375,706.3209228515625,0.5111513733863831,690.7483520507812,595.0623168945312,0.9983664155006409,784.2764282226562,569.6179809570312,0.9964684247970581,775.4592895507812,697.5662231445312,0.992537796497345,778.1624755859375,739.1338500976562,0.9439647793769836,776.3862915039062,763.0189819335938,0.937868595123291,782.2988891601562,865.4367065429688,0.982853353023529,728.1019287109375,798.0399169921875,0.3764799237251282,830.6646728515625,800.5332641601562,0.7814011573791504,730.5555419921875,935.8998413085938,0.9393047094345093,856.9332275390625,922.362548828125,0.7494390606880188,761.8302001953125,1008.158935546875,0.9670456051826477,678.8228759765625,1029.4156494140625,0.40132105350494385,467.9714050292969,1012.8734741210938,0.9182298183441162
852,86.54371643066406,116.18342590332031,0.999895453453064,999.48681640625,77.56127166748047,0.9998514652252197,90.73506927490234,1029.6944580078125,0.9997833371162415,1024.2916259765625,1020.2979125976562,0.9996548891067505,333.51458740234375,498.8994445800781,0.9990038275718689,333.05572509765625,609.6971435546875,0.9995514750480652,277.0065612792969,554.196044921875,0.9980474710464478,385.96612548828125,556.9190673828125,0.9987877011299133,725.1776123046875,492.1304016113281,0.9917215704917908,751.0452880859375,715.7095336914062,0.996426522731781,691.2520141601562,593.80859375,0.9973716735839844,786.3104248046875,568.9459228515625,0.9965609908103943,795.3650512695312,701.3611450195312,0.9716091156005859,793.3801879882812,736.8046875,0.9988008737564087,792.5432739257812,756.1295166015625,0.9997368454933167,784.6959838867188,867.3973388671875,0.9849359393119812,732.4032592773438,790.362548828125,0.9230180978775024,839.8494262695312,798.229248046875,0.9613600969314575,725.9735717773438,930.8533935546875,0.9592064619064331,864.3106689453125,915.105224609375,0.8645009398460388,761.970458984375,1008.9970703125,0.9470999240875244,645.1723022460938,1029.1326904296875,0.39582595229148865,469.38055419921875,1012.3026123046875,0.8415542840957642
853,87.1827392578125,116.4250259399414,0.999651312828064,997.4298095703125,77.79212951660156,0.9999130964279175,90.48204803466797,1029.7652587890625,0.9998761415481567,1024.361083984375,1020.2854614257812,0.9997748732566833,332.28057861328125,499.123046875,0.9990565180778503,336.2139587402344,610.6104125976562,0.9994950294494629,277.32513427734375,555.4136352539062,0.998043417930603,387.6448974609375,557.142822265625,0.9979057312011719,724.0300903320312,492.54736328125,0.9930226802825928,753.2864990234375,720.3969116210938,0.9988839030265808,691.3584594726562,597.9545288085938,0.9971867203712463,787.2760620117188,568.9361572265625,0.996081531047821,804.17529296875,715.3262939453125,0.9152821898460388,808.5349731445312,746.5701293945312,0.9930825233459473,806.4180297851562,765.8701782226562,0.9538093209266663,789.3820190429688,867.841064453125,0.9935632944107056,728.9832763671875,802.8089599609375,0.7106547951698303,847.8090209960938,810.9390869140625,0.8449794054031372,726.2940063476562,927.6168823242188,0.9548878073692322,862.8233032226562,908.9730224609375,0.7920870184898376,759.614990234375,1008.7145385742188,0.9876652956008911,649.8839721679688,1028.0540771484375,0.7401520013809204,465.69744873046875,1011.412841796875,0.916971743106842
854,86.46101379394531,115.59581756591797,0.999875545501709,997.1026000976562,76.77498626708984,0.9998952150344849,89.98230743408203,1028.342041015625,0.9998468160629272,1023.9254760742188,1019.6790161132812,0.999699592590332,332.1943664550781,498.87506103515625,0.9989069700241089,335.1164855957031,610.923583984375,0.9989281296730042,276.6341247558594,554.8738403320312,0.9973841309547424,386.7609558105469,557.4428100585938,0.9975525736808777,727.326171875,494.51800537109375,0.9855557680130005,748.7063598632812,717.0524291992188,0.949889600276947,693.4052734375,599.6054077148438,0.9959110021591187,783.5873413085938,574.3366088867188,0.9963646531105042,801.8527221679688,705.8585205078125,0.8839911818504333,809.3050537109375,742.3617553710938,0.9909157156944275,807.7579956054688,766.3463134765625,0.8112204670906067,790.01904296875,869.240966796875,0.9844210147857666,733.353515625,802.46728515625,0.7894927263259888,844.8767700195312,810.7603759765625,0.8285622596740723,724.446533203125,926.3626708984375,0.8444535136222839,859.0361328125,915.0308837890625,0.5183882713317871,756.8383178710938,1007.5445556640625,0.972551167011261,663.4454345703125,1031.48486328125,0.4198179841041565,404.000244140625,957.7257080078125,0.6240382790565491
855,86.37358093261719,116.15361022949219,0.9999297857284546,998.938720703125,81.91626739501953,0.9999301433563232,89.86953735351562,1028.360107421875,0.9998900890350342,1023.6697998046875,1020.3163452148438,0.9996198415756226,333.2637634277344,498.96087646484375,0.9991503953933716,335.14129638671875,611.0855102539062,0.9989815354347229,276.9664611816406,555.1934204101562,0.9963022470474243,387.26202392578125,556.296630859375,0.9966585636138916,725.0380249023438,492.499755859375,0.9865947961807251,755.5867309570312,682.841552734375,0.4939204156398773,690.393310546875,593.9239501953125,0.9984644651412964,784.7933959960938,571.0560302734375,0.9951921701431274,813.5005493164062,716.7169799804688,0.947548508644104,811.463623046875,748.3541259765625,0.8097684383392334,811.0716552734375,771.0928344726562,0.7711197137832642,793.965576171875,872.3683471679688,0.9553890228271484,739.8969116210938,804.396484375,0.25177404284477234,849.2813110351562,815.2223510742188,0.9258661270141602,722.5888061523438,928.9848022460938,0.9667395353317261,860.3121948242188,917.3359375,0.6764995455741882,757.755126953125,1009.0978393554688,0.95744788646698,673.0975952148438,1030.7081298828125,0.7891314029693604,460.8164367675781,1006.66162109375,0.7934916615486145
856,87.93648529052734,114.93264770507812,0.9997537732124329,998.614990234375,78.84228515625,0.9998525381088257,91.41693115234375,1028.55322265625,0.9998866319656372,1021.1205444335938,1021.0692138671875,0.9992233514785767,333.081787109375,498.9699401855469,0.9991461038589478,335.167724609375,612.1923828125,0.9990748167037964,277.09625244140625,555.2078857421875,0.9959228038787842,387.97601318359375,556.9950561523438,0.9952439665794373,721.94970703125,493.7468566894531,0.9878623485565186,762.2871704101562,667.7817993164062,0.404936820268631,690.2183227539062,595.1898803710938,0.9981840252876282,783.3876953125,570.719970703125,0.9853589534759521,806.3554077148438,712.1505126953125,0.5430895090103149,812.3765258789062,743.8809204101562,0.7854645848274231,816.7459106445312,773.7805786132812,0.5206068158149719,792.4661865234375,871.2632446289062,0.9824674725532532,739.7244262695312,801.32568359375,0.3068879246711731,849.7949829101562,819.51123046875,0.8724187612533569,718.4417724609375,926.4509887695312,0.9830916523933411,861.2080688476562,913.9428100585938,0.7837618589401245,760.3333129882812,1009.9926147460938,0.9979324340820312,647.28076171875,1031.82958984375,0.35844504833221436,490.9465026855469,1020.1121215820312,0.9525133371353149
857,86.51593017578125,116.25526428222656,0.9999140501022339,999.8087768554688,81.98385620117188,0.9998999834060669,89.40787506103516,1029.443359375,0.9997891783714294,1022.6348876953125,1020.6514892578125,0.9994372725486755,335.01092529296875,498.4949951171875,0.9989305138587952,333.7797546386719,611.69873046875,0.9991497993469238,276.6363830566406,553.0292358398438,0.9945971965789795,388.2839050292969,558.0341186523438,0.9954142570495605,724.23974609375,492.20361328125,0.989823043346405,754.1310424804688,667.4598388671875,0.5825260281562805,690.8873291015625,592.9815673828125,0.9981409311294556,783.7230224609375,570.7431640625,0.9960994720458984,808.1890869140625,722.6965942382812,0.8765422105789185,804.8154296875,751.2589721679688,0.786068856716156,808.9042358398438,772.8378295898438,0.6370949149131775,796.361328125,880.4003295898438,0.8971594572067261,739.0386962890625,803.6190185546875,0.11792819201946259,850.4471435546875,817.2140502929688,0.9258748888969421,722.1119384765625,928.33056640625,0.9789477586746216,726.4445190429688,822.629638671875,0.4746670126914978,758.1066284179688,1011.428466796875,0.9771734476089478,671.9971923828125,1031.8638916015625,0.7215887308120728,485.8044738769531,1015.873291015625,0.5281882286071777
858,87.16781616210938,116.90201568603516,0.9997938275337219,1000.864990234375,78.91706085205078,0.9996660947799683,90.62693786621094,1029.382080078125,0.999758780002594,1020.5576171875,1019.953125,0.9995710253715515,334.2525939941406,498.6722106933594,0.9990862607955933,333.99029541015625,610.2564086914062,0.9989853501319885,276.86163330078125,552.7183227539062,0.9953204989433289,386.4214782714844,556.4131469726562,0.9958400726318359,726.0717163085938,492.0764465332031,0.9911122918128967,757.05322265625,666.74169921875,0.7209767699241638,690.0994873046875,593.221923828125,0.9950974583625793,782.7997436523438,573.9835815429688,0.9967917799949646,807.4695434570312,726.0894775390625,0.7930911183357239,796.9641723632812,755.6613159179688,0.8002064824104309,804.9380493164062,779.4036865234375,0.5967603921890259,795.151123046875,881.220947265625,0.9761958122253418,737.8909912109375,806.9348754882812,0.18506410717964172,848.62060546875,818.87646484375,0.9024430513381958,722.5042114257812,934.5660400390625,0.9423104524612427,726.2115478515625,822.1737060546875,0.29467421770095825,759.6925048828125,1009.6351318359375,0.8262786269187927,606.8802490234375,1028.2432861328125,0.5319274067878723,480.39093017578125,1012.45703125,0.6993194222450256
859,88.00680541992188,116.98310852050781,0.9997438788414001,998.8085327148438,77.2814712524414,0.9999123811721802,89.95093536376953,1029.232177734375,0.999822199344635,1022.9296875,1021.2958984375,0.9996445178985596,334.205322265625,498.3912048339844,0.9981300234794617,334.3948974609375,611.0621948242188,0.999049723148346,277.1950988769531,553.6083374023438,0.9957636594772339,388.2456970214844,556.6092529296875,0.994668185710907,724.1399536132812,493.2598571777344,0.9864007234573364,760.74853515625,665.5980834960938,0.5370889902114868,691.5761108398438,594.07763671875,0.9965394735336304,783.9635620117188,569.2247314453125,0.9952751398086548,806.1449584960938,727.4197387695312,0.9106719493865967,795.2697143554688,754.7620849609375,0.931435227394104,804.4518432617188,779.9077758789062,0.9306280612945557,793.7962646484375,877.2989501953125,0.9733508229255676,738.2156982421875,814.426025390625,0.10761311650276184,848.7975463867188,820.2164916992188,0.8960468769073486,720.3781127929688,929.1914672851562,0.9866330623626709,725.3186645507812,824.2620239257812,0.7650584578514099,758.9451293945312,1009.5498657226562,0.9567158222198486,673.5330810546875,1029.0303955078125,0.6397351622581482,483.44390869140625,1013.6159057617188,0.9164366126060486
860,87.28792572021484,117.63900756835938,0.9997460246086121,999.6094360351562,80.82374572753906,0.9998769760131836,89.76862335205078,1029.0185546875,0.9997273087501526,1023.6270141601562,1021.226318359375,0.9996469020843506,333.0578308105469,499.02203369140625,0.9992865920066833,333.5902099609375,611.07470703125,0.9994750618934631,276.9211120605469,553.1754760742188,0.9963464140892029,387.1252136230469,555.0659790039062,0.9961878657341003,721.4186401367188,492.4842834472656,0.9942499399185181,745.8025512695312,718.454345703125,0.3245296776294708,690.4632568359375,594.0219116210938,0.9966392517089844,782.1218872070312,566.9611206054688,0.9927231669425964,808.91552734375,726.3208618164062,0.518004298210144,803.1792602539062,753.8330688476562,0.8091672658920288,805.5946044921875,776.8467407226562,0.7802952527999878,793.5391235351562,881.9080200195312,0.9680648446083069,730.935302734375,813.9244384765625,0.46631336212158203,848.9967041015625,820.3577880859375,0.8949768543243408,720.7196655273438,933.6504516601562,0.9849409461021423,724.2367553710938,821.2018432617188,0.4051729738712311,752.95166015625,1011.7477416992188,0.9479447603225708,668.1874389648438,1031.6885986328125,0.8025026321411133,479.37445068359375,1011.716796875,0.8222165107727051
861,87.23444366455078,114.4629898071289,0.9994261264801025,1000.770751953125,80.84246063232422,0.9998453855514526,89.29824829101562,1028.5029296875,0.9998422861099243,1023.5880126953125,1021.0372314453125,0.999613344669342,333.7655029296875,499.64349365234375,0.9994321465492249,333.6734924316406,610.9000244140625,0.999430239200592,277.223876953125,553.667236328125,0.996802568435669,387.8543701171875,556.1326904296875,0.9946422576904297,720.6145629882812,493.6062927246094,0.9947577118873596,760.3031616210938,670.811767578125,0.4170430898666382,689.448974609375,592.3239135742188,0.9942777752876282,784.076171875,569.24072265625,0.9932368397712708,808.8582763671875,730.0462646484375,0.028972439467906952,806.3051147460938,755.9366455078125,0.7789884209632874,806.64306640625,782.144775390625,0.29733577370643616,793.9570922851562,877.9310302734375,0.9442999362945557,727.427001953125,819.1318969726562,0.1828642189502716,848.5250854492188,819.8600463867188,0.8345063328742981,720.184814453125,929.442626953125,0.9920921921730042,864.2686157226562,915.6889038085938,0.4976496696472168,752.6460571289062,1012.8905029296875,0.9549459218978882,655.4974975585938,1030.9266357421875,0.8066131472587585,584.9259643554688,1029.62548828125,0.9077762961387634
862,86.05064392089844,115.72628021240234,0.9996324777603149,1000.4190673828125,81.35934448242188,0.9998975992202759,89.63574981689453,1028.429443359375,0.9998973608016968,1023.568359375,1021.4002685546875,0.9997404217720032,333.8650817871094,498.34466552734375,0.9987465143203735,334.5152587890625,611.9153442382812,0.9993516802787781,277.2403564453125,553.4898681640625,0.9961563944816589,387.1726379394531,556.9300537109375,0.9935731291770935,717.5183715820312,496.01556396484375,0.9930007457733154,738.8804931640625,719.5872802734375,0.44967663288116455,687.8472900390625,594.8765258789062,0.9958086013793945,782.8256225585938,573.722900390625,0.9975444674491882,732.5454711914062,724.4176635742188,0.3042859137058258,811.9978637695312,754.156494140625,0.4619438350200653,809.3120727539062,781.9906005859375,0.4327488839626312,791.9954223632812,879.6620483398438,0.9046106934547424,725.1817626953125,823.057861328125,0.13798321783542633,839.5162353515625,814.73486328125,0.9116312861442566,717.051025390625,933.3717041015625,0.9932903051376343,859.2224731445312,915.1564331054688,0.9801728129386902,756.63720703125,1012.5487670898438,0.9828422665596008,622.6497802734375,1028.277099609375,0.6303943991661072,399.04901123046875,956.4400634765625,0.9875457882881165
863,86.74573516845703,116.17351531982422,0.9996974468231201,1000.057861328125,80.9370346069336,0.9996746778488159,90.67228698730469,1028.7318115234375,0.9998641014099121,1022.6426391601562,1020.3126220703125,0.9996050000190735,334.20831298828125,498.1952209472656,0.9989292025566101,334.3132629394531,611.7462768554688,0.9992541670799255,275.681396484375,553.423095703125,0.9955582618713379,387.3551025390625,558.5449829101562,0.9948947429656982,716.2785034179688,497.3716735839844,0.9984789490699768,740.497802734375,717.9107055664062,0.3775690793991089,689.595458984375,591.60986328125,0.9967259168624878,783.803955078125,568.292724609375,0.9951962828636169,732.5653686523438,723.966064453125,0.17082951962947845,770.0919799804688,740.0352172851562,0.06407632678747177,749.6624755859375,756.3001708984375,0.3831014931201935,787.44677734375,876.78564453125,0.9615111351013184,724.37548828125,819.9428100585938,0.3288176357746124,838.5191650390625,811.6012573242188,0.6945629715919495,715.2861328125,929.1643676757812,0.9886106848716736,857.6446533203125,915.768310546875,0.8567808270454407,748.9166870117188,1014.6070556640625,0.9109923839569092,638.6820678710938,1030.06689453125,0.8169535994529724,399.2007141113281,958.034912109375,0.9293100833892822
864,86.94364166259766,117.80812072753906,0.9995784163475037,1000.5366821289062,77.96476745605469,0.999001681804657,90.64805603027344,1031.0411376953125,0.9996628761291504,1023.2103881835938,1020.5440673828125,0.9996017813682556,333.95257568359375,498.6318054199219,0.9993176460266113,333.9410095214844,611.6851806640625,0.9993957281112671,276.7933044433594,553.8613891601562,0.9944872260093689,387.5090637207031,559.3356323242188,0.9954654574394226,716.22021484375,496.4493713378906,0.9981889128684998,759.9076538085938,677.1467895507812,0.4553712010383606,689.2212524414062,591.5681762695312,0.9953280687332153,782.6415405273438,568.6619262695312,0.9958472847938538,735.1521606445312,722.9171142578125,0.23331493139266968,741.2398681640625,729.2175903320312,0.0394086055457592,741.2337646484375,756.4373168945312,0.16847792267799377,787.2071533203125,873.3538818359375,0.9476629495620728,724.5927734375,813.7496948242188,0.08497844636440277,839.0784301757812,809.0650024414062,0.5553370118141174,713.903564453125,926.4854125976562,0.9948588609695435,857.2066040039062,914.959716796875,0.8204732537269592,754.953369140625,1014.45263671875,0.9235035181045532,626.4937744140625,1030.7017822265625,0.9497382640838623,403.014892578125,960.636962890625,0.5806108713150024
865,88.1893539428711,116.20392608642578,0.9983463287353516,999.618408203125,77.426513671875,0.9994542002677917,89.44671630859375,1028.1107177734375,0.9997956156730652,1022.1802978515625,1022.0377807617188,0.9994766116142273,335.0278625488281,498.31585693359375,0.9986971020698547,333.95318603515625,611.361083984375,0.999272882938385,277.6410217285156,554.76611328125,0.9944317936897278,386.6807556152344,560.004150390625,0.9956791996955872,718.0587158203125,496.638916015625,0.9941400289535522,739.7657470703125,718.0259399414062,0.35271909832954407,692.0204467773438,594.6154174804688,0.9978380799293518,782.3287963867188,565.9097900390625,0.9937386512756348,732.408935546875,721.1841430664062,0.07814407348632812,823.7113037109375,761.4890747070312,0.07119441777467728,741.7213745117188,755.6134033203125,0.19903789460659027,784.1757202148438,880.326904296875,0.8296733498573303,720.6797485351562,812.5051879882812,0.31268227100372314,837.27392578125,820.1879272460938,0.7942011952400208,716.6948852539062,929.1268310546875,0.9940820336341858,856.7398071289062,915.8832397460938,0.7255779504776001,753.5106811523438,1011.9398803710938,0.9784960150718689,631.0142822265625,1031.01171875,0.6748889088630676,523.5216674804688,1029.998291015625,0.9535523653030396
866,87.96118927001953,115.43444061279297,0.9996932744979858,1001.5874633789062,77.18463897705078,0.9985867738723755,89.76718139648438,1029.02392578125,0.9999037981033325,1023.5281372070312,1021.291015625,0.999439537525177,335.10491943359375,498.50732421875,0.9989528656005859,334.1716613769531,610.8198852539062,0.999119222164154,276.80328369140625,552.9691162109375,0.9933672547340393,387.4942932128906,559.0926513671875,0.9964272379875183,717.6371459960938,497.2103271484375,0.9964382648468018,754.1364135742188,720.7152709960938,0.6049897074699402,688.689453125,590.8031005859375,0.9982280135154724,782.9020385742188,564.929931640625,0.9893139004707336,728.9725341796875,727.3010864257812,0.2696908116340637,777.7913818359375,731.86767578125,0.028812231495976448,778.1818237304688,743.728515625,0.0554986409842968,780.2552490234375,875.1163940429688,0.954977810382843,720.488037109375,819.8023071289062,0.09874971210956573,836.6792602539062,812.2238159179688,0.5766717791557312,716.88525390625,927.9205322265625,0.9979360103607178,852.9656372070312,913.3495483398438,0.5882165431976318,746.9232788085938,1018.463623046875,0.9729173183441162,614.9541625976562,1029.3707275390625,0.92160964012146,397.03240966796875,951.5306396484375,0.9772820472717285
867,87.24849700927734,117.15596008300781,0.9996535778045654,1001.1382446289062,76.61394500732422,0.9997138381004333,89.35455322265625,1028.27734375,0.9998797178268433,1021.1016845703125,1022.4838256835938,0.999268114566803,334.0598449707031,498.6174621582031,0.9991025924682617,333.95684814453125,611.18115234375,0.99935382604599,276.8030700683594,552.4420776367188,0.9948495030403137,387.6133728027344,559.0354614257812,0.9959391355514526,714.8505249023438,498.35870361328125,0.9971754550933838,754.37890625,725.1295166015625,0.7877019047737122,688.8485107421875,591.5029907226562,0.9974321722984314,780.1146240234375,567.8179321289062,0.993190586566925,726.7852172851562,729.5648193359375,0.15329790115356445,820.3773803710938,745.9567260742188,0.14053873717784882,811.1184692382812,772.3418579101562,0.23598253726959229,781.1058349609375,874.7879028320312,0.9207755923271179,845.1338500976562,904.8186645507812,0.040541209280490875,827.9964599609375,804.737060546875,0.8793573379516602,717.5319213867188,930.826171875,0.9926007390022278,849.2996215820312,913.47412109375,0.7374915480613708,746.349853515625,1016.9188232421875,0.9501093029975891,631.7716674804688,1030.597412109375,0.7386536002159119,392.701171875,954.0963134765625,0.9624879360198975
868,86.82707977294922,116.8466567993164,0.9995808005332947,998.8800048828125,77.18174743652344,0.9999380111694336,89.7442398071289,1029.2310791015625,0.99986732006073,1023.5026245117188,1021.9774780273438,0.9995730519294739,333.5415954589844,498.41552734375,0.9991196990013123,333.2828063964844,610.8057861328125,0.9995073080062866,275.9933776855469,552.41552734375,0.9943839311599731,386.1746826171875,558.3314819335938,0.9958444237709045,714.8447875976562,498.553955078125,0.9952805638313293,753.2596435546875,717.875,0.8005626797676086,686.8759765625,590.6641235351562,0.9887224435806274,781.9003295898438,569.7056884765625,0.981599748134613,726.606201171875,729.1303100585938,0.1734146922826767,820.5293579101562,745.499267578125,0.3940134346485138,804.5575561523438,771.4644775390625,0.14685764908790588,780.3158569335938,878.7843627929688,0.8498894572257996,721.8709716796875,806.8953247070312,0.024613626301288605,827.4299926757812,806.1328125,0.9145640134811401,716.2725830078125,932.3784790039062,0.9958322644233704,850.8318481445312,921.657470703125,0.7980194687843323,728.0723266601562,741.4141845703125,0.9897456169128418,624.9110717773438,1028.047607421875,0.4428790211677551,388.55743408203125,953.09716796875,0.9474660754203796
869,87.13689422607422,116.92884826660156,0.9999167919158936,1000.3690185546875,75.96150207519531,0.9998800754547119,89.40487670898438,1029.5567626953125,0.9999070167541504,1024.22607421875,1020.704833984375,0.9997305274009705,334.51007080078125,498.5106201171875,0.9984917640686035,333.7892150878906,611.3220825195312,0.9992558360099792,276.5752868652344,552.8786010742188,0.9964938759803772,387.6112060546875,558.1304931640625,0.995317816734314,715.43896484375,497.29754638671875,0.9961925745010376,755.23876953125,722.7979736328125,0.7634241580963135,686.2410888671875,590.5072021484375,0.99357670545578,781.1480102539062,570.23193359375,0.9885239005088806,779.8308715820312,704.733154296875,0.8045936226844788,821.0025634765625,747.9373168945312,0.06957682967185974,810.3701782226562,777.7142333984375,0.19463101029396057,779.9747314453125,874.396240234375,0.8969570398330688,720.2235107421875,820.3082275390625,0.09408369660377502,833.1580810546875,807.505126953125,0.8927693367004395,717.7743530273438,929.7625122070312,0.9947044253349304,852.9277954101562,909.8643798828125,0.7114898562431335,726.4176025390625,743.077392578125,0.9531170129776001,611.7909545898438,1029.633544921875,0.8379583358764648,389.7469482421875,952.5761108398438,0.8660914301872253
870,87.59083557128906,116.9735107421875,0.999908447265625,999.5205688476562,78.10137939453125,0.9998161196708679,90.4657211303711,1029.251708984375,0.9999179840087891,1023.611328125,1021.6549682617188,0.9996943473815918,334.5890197753906,497.91400146484375,0.9985697269439697,332.95556640625,611.1867065429688,0.998853325843811,276.5719299316406,551.1359252929688,0.9981768131256104,388.0499267578125,559.689208984375,0.9950842261314392,713.2406005859375,497.53851318359375,0.9971844553947449,752.6322021484375,718.7586059570312,0.721627414226532,687.9332885742188,591.9873657226562,0.9905428290367126,780.00634765625,566.2472534179688,0.9961494207382202,787.485107421875,701.1627197265625,0.6813647150993347,782.4263916015625,736.1556396484375,0.7480971813201904,753.016357421875,755.2498168945312,0.13750998675823212,775.947265625,873.4175415039062,0.938782274723053,721.8042602539062,819.2177124023438,0.09350794553756714,832.9404296875,810.8380737304688,0.9005866646766663,720.0242919921875,930.0360107421875,0.9794604778289795,843.8360595703125,905.9805297851562,0.18608959019184113,753.0057983398438,1018.5082397460938,0.9692437648773193,654.644287109375,1031.7481689453125,0.5460511445999146,384.99066162109375,948.8206787109375,0.8421594500541687
871,86.5578842163086,117.26594543457031,0.9997676014900208,1000.1565551757812,76.47822570800781,0.9995869994163513,88.6051025390625,1029.336669921875,0.9998564720153809,1019.9083862304688,1020.7249755859375,0.9993113279342651,334.8109130859375,498.2903137207031,0.9987431168556213,335.5316162109375,610.768798828125,0.9993738532066345,277.22528076171875,554.025146484375,0.9965747594833374,387.53948974609375,556.9505004882812,0.9927845001220703,712.0076904296875,497.76947021484375,0.9966320395469666,754.46337890625,722.0223999023438,0.5072436928749084,683.9091186523438,589.2694091796875,0.9920118451118469,780.215087890625,570.2548828125,0.9936948418617249,726.386474609375,724.3965454101562,0.4203411042690277,790.453125,744.71337890625,0.01835804618895054,748.2883911132812,759.25830078125,0.10924053937196732,778.682373046875,870.3685302734375,0.7559887170791626,843.49951171875,901.782470703125,0.4120104908943176,824.881103515625,802.3657836914062,0.9471412301063538,718.6640014648438,934.7859497070312,0.9677379727363586,847.3017578125,910.1372680664062,0.8264762163162231,725.1206665039062,749.650634765625,0.9114546775817871,609.4581298828125,1031.8953857421875,0.2672250270843506,387.5398254394531,949.284912109375,0.9826011061668396
872,86.53768920898438,116.18926239013672,0.9998655319213867,1000.6961059570312,78.55500793457031,0.9995818734169006,89.5593490600586,1029.9920654296875,0.9998192191123962,1022.130615234375,1021.0281372070312,0.999488115310669,333.7296142578125,498.0960693359375,0.9989305138587952,334.73565673828125,611.4326782226562,0.9994459748268127,276.1873474121094,553.3908081054688,0.9963380098342896,386.5399169921875,555.6310424804688,0.993547260761261,711.1491088867188,497.6746520996094,0.9958250522613525,750.4588012695312,719.6889038085938,0.8955324292182922,686.2572021484375,592.7174072265625,0.9854411482810974,781.62353515625,572.8418579101562,0.9865809679031372,724.4700927734375,724.2542724609375,0.18242090940475464,805.6814575195312,756.1172485351562,0.09013238549232483,749.9263916015625,760.0740966796875,0.06727047264575958,777.910888671875,884.0806884765625,0.8178505301475525,709.7614135742188,843.3803100585938,0.308534175157547,818.17333984375,798.041748046875,0.9688034057617188,716.29443359375,941.4404907226562,0.9750645160675049,851.6565551757812,917.2955932617188,0.9066869616508484,723.97216796875,749.650146484375,0.9903638958930969,605.990966796875,1029.584228515625,0.597460150718689,388.2684020996094,949.4872436523438,0.9964207410812378
873,85.14103698730469,117.299560546875,0.9999551773071289,1000.2112426757812,76.59494018554688,0.9995483756065369,89.72077178955078,1029.6900634765625,0.9998329877853394,1022.2402954101562,1021.9777221679688,0.9993709921836853,333.67071533203125,498.1834716796875,0.9988260865211487,334.8650817871094,610.1390991210938,0.999302864074707,276.3014831542969,553.6807861328125,0.9973471164703369,388.1590576171875,556.1617431640625,0.9927170276641846,714.7634887695312,497.6341552734375,0.9945769309997559,754.1236572265625,719.9461669921875,0.9006476402282715,685.0206298828125,585.0384521484375,0.9943720102310181,779.3715209960938,565.354736328125,0.9957420229911804,724.977783203125,722.9073486328125,0.1435399353504181,727.9783325195312,743.4744262695312,0.014842578209936619,725.7196044921875,758.5955200195312,0.02538309432566166,773.9571533203125,890.3430786132812,0.5592595934867859,842.5693969726562,893.5843505859375,0.3458685278892517,817.2333374023438,802.0828247070312,0.9269559979438782,717.1893310546875,945.728271484375,0.9564545154571533,846.2080078125,903.1402587890625,0.2809889316558838,717.6998901367188,743.7203369140625,0.9837955236434937,611.9712524414062,1030.4775390625,0.5188950896263123,389.95623779296875,951.2684326171875,0.9902931451797485
874,85.53236389160156,116.86402130126953,0.999935507774353,1001.12109375,80.78437042236328,0.9997666478157043,90.43035888671875,1029.4063720703125,0.9997923970222473,1020.01171875,1021.458251953125,0.9996520280838013,333.23541259765625,498.64276123046875,0.9991036057472229,333.78948974609375,611.9141235351562,0.9993777275085449,276.4812927246094,553.9515991210938,0.9981769323348999,387.66949462890625,558.8328247070312,0.9873958230018616,715.9214477539062,497.4931335449219,0.9954181909561157,753.2203369140625,721.1830444335938,0.8016934394836426,684.783935546875,589.3428955078125,0.9934387803077698,780.2457275390625,571.2060546875,0.9974020719528198,775.1799926757812,726.8515625,0.42334601283073425,775.506591796875,740.8739624023438,0.09402984380722046,726.010498046875,756.802734375,0.08483287692070007,772.235595703125,884.0979614257812,0.796872615814209,702.2767944335938,843.8331909179688,0.19234147667884827,812.889404296875,799.84619140625,0.932108461856842,716.9577026367188,943.9532470703125,0.9907388687133789,846.7072143554688,923.9688110351562,0.8225964903831482,718.2471923828125,744.5067749023438,0.943051815032959,611.9622802734375,1031.16943359375,0.4794439375400543,391.1180419921875,955.1121215820312,0.9917633533477783
875,86.092529296875,115.50394439697266,0.9995450377464294,999.038330078125,81.29021453857422,0.999861478805542,88.6257553100586,1028.243408203125,0.9998718500137329,1022.6378784179688,1022.4826049804688,0.9995030164718628,333.816162109375,498.15081787109375,0.9979526996612549,334.6788635253906,611.0947265625,0.9990696310997009,276.1039733886719,553.2866821289062,0.9972649812698364,387.3671875,557.819091796875,0.9947355389595032,716.6920166015625,497.0323791503906,0.9934012293815613,753.6214599609375,718.54296875,0.7705757021903992,686.0888671875,590.2952270507812,0.9936769604682922,780.983154296875,569.3302001953125,0.9943147301673889,778.7750244140625,725.7069091796875,0.25745806097984314,776.307861328125,742.8070678710938,0.06929364055395126,749.0521240234375,759.4459228515625,0.0947338342666626,773.1725463867188,884.839111328125,0.9155550003051758,702.7567749023438,846.5778198242188,0.3856012225151062,816.9024658203125,803.0941772460938,0.9730546474456787,715.7771606445312,943.2750854492188,0.9914815425872803,850.2222290039062,920.0123901367188,0.9368489980697632,716.7462768554688,743.237060546875,0.7713963389396667,619.4283447265625,1028.211181640625,0.47879090905189514,388.3720397949219,949.9938354492188,0.9342008829116821
876,85.57518005371094,116.794921875,0.9999192953109741,999.4609375,79.21119689941406,0.9998237490653992,91.32965087890625,1030.0408935546875,0.9997860789299011,1023.162109375,1021.5198364257812,0.999441921710968,332.51708984375,498.42950439453125,0.9976085424423218,334.4608154296875,611.3531494140625,0.999043881893158,275.97259521484375,554.6617431640625,0.998227059841156,386.24407958984375,555.6336059570312,0.9907004237174988,715.3956909179688,497.37109375,0.9752612113952637,753.4789428710938,716.1792602539062,0.8291232585906982,687.855712890625,591.1047973632812,0.9945662021636963,780.116943359375,564.4005126953125,0.9950003027915955,780.3353881835938,713.4995727539062,0.3280615508556366,777.3499145507812,743.8799438476562,0.06629500538110733,733.9005737304688,758.4298095703125,0.10404893010854721,774.6285400390625,887.1995239257812,0.6863620281219482,706.6854248046875,843.6936645507812,0.4480149745941162,816.1012573242188,806.7897338867188,0.9260983467102051,716.035888671875,946.3125,0.9876356720924377,849.2374877929688,920.0594482421875,0.8287752866744995,756.767578125,1014.5315551757812,0.6110657453536987,440.0105895996094,998.6749877929688,0.3522970378398895,387.8803405761719,950.1237182617188,0.9941018223762512
877,87.17752838134766,116.19841766357422,0.9999426603317261,1001.0016479492188,76.7867660522461,0.9993759989738464,88.4737548828125,1029.1881103515625,0.9998636245727539,1022.730224609375,1021.388916015625,0.9995148181915283,332.4737854003906,498.3449401855469,0.9947997331619263,333.9190368652344,611.1849365234375,0.9990575909614563,275.9429016113281,553.3357543945312,0.9977776408195496,386.843994140625,556.6892700195312,0.989982545375824,715.4384765625,498.29248046875,0.993420422077179,754.808837890625,717.6697998046875,0.8299143314361572,687.927001953125,592.8177490234375,0.9945878982543945,779.552978515625,566.9808959960938,0.9945123195648193,779.8362426757812,727.3182373046875,0.12070328742265701,778.8328857421875,746.0271606445312,0.0642378106713295,727.6139526367188,758.7481689453125,0.047579023987054825,777.5784912109375,887.7285766601562,0.8980624079704285,709.8743896484375,840.4902954101562,0.2005995213985443,819.8302612304688,810.3258666992188,0.9244215488433838,715.3994140625,939.7186889648438,0.9931286573410034,847.4265747070312,920.6538696289062,0.9655500650405884,749.3189086914062,1016.104248046875,0.647901713848114,612.9193725585938,1026.177490234375,0.25292012095451355,386.64129638671875,947.5013427734375,0.9904176592826843
878,87.15831756591797,115.5958480834961,0.9996781349182129,999.8887329101562,78.43608856201172,0.9998301267623901,89.13831329345703,1029.513427734375,0.9998444318771362,1023.4529418945312,1020.7889404296875,0.9997568726539612,332.7852478027344,498.7264099121094,0.9977280497550964,334.6652526855469,611.234375,0.9992732405662537,276.5967102050781,554.0755615234375,0.9985186457633972,386.72723388671875,556.3587646484375,0.9886864423751831,715.7329711914062,497.7401428222656,0.9960903525352478,750.3529663085938,713.3733520507812,0.7519086003303528,686.37939453125,591.038818359375,0.9929866194725037,781.70751953125,566.9357299804688,0.9932331442832947,798.0940551757812,728.7711181640625,0.4507491886615753,795.5218505859375,753.95654296875,0.659809410572052,792.5648193359375,779.45654296875,0.10166016221046448,778.1881103515625,891.0615234375,0.9320912957191467,710.692138671875,840.3191528320312,0.28285565972328186,825.1419067382812,816.0545043945312,0.9023139476776123,715.8238525390625,941.127685546875,0.9894919395446777,850.743408203125,916.6217041015625,0.9710577726364136,719.706298828125,752.89794921875,0.6417236924171448,637.8087768554688,1031.6998291015625,0.4924705922603607,387.6773681640625,948.8734741210938,0.9853807091712952
879,86.75849151611328,117.28015899658203,0.9995940327644348,999.1577758789062,77.95317840576172,0.999882698059082,89.86860656738281,1029.5560302734375,0.99986732006073,1021.9837036132812,1021.3911743164062,0.9991769194602966,332.8819885253906,499.0704040527344,0.9982902407646179,335.0358581542969,610.78125,0.9992533326148987,276.1640625,554.3600463867188,0.9987887740135193,386.9355773925781,556.534912109375,0.9938620328903198,712.6112060546875,498.00909423828125,0.9894466400146484,752.4481201171875,717.8618774414062,0.8696127533912659,685.4254760742188,589.2462768554688,0.9941146969795227,781.0750732421875,564.9935302734375,0.9906428456306458,797.5784912109375,730.2033081054688,0.6076595187187195,803.7395629882812,767.5301513671875,0.4712238311767578,792.717529296875,785.885986328125,0.778281033039093,779.2437133789062,890.7954711914062,0.9084344506263733,711.2572021484375,841.3704833984375,0.4506484270095825,826.3925170898438,815.3473510742188,0.8715264797210693,713.698974609375,940.284912109375,0.9905813932418823,849.25439453125,916.2952880859375,0.9275267124176025,750.3862915039062,1015.0594482421875,0.9041257500648499,433.7314147949219,993.6148071289062,0.5851060152053833,388.6357116699219,950.9415893554688,0.7825067639350891
880,86.70518493652344,117.96113586425781,0.9997891783714294,998.5357666015625,75.5788803100586,0.9998502731323242,89.548583984375,1029.3624267578125,0.9999251365661621,1023.4074096679688,1021.16796875,0.9997665286064148,334.0631408691406,498.4476623535156,0.998818576335907,334.2547607421875,610.6256713867188,0.9995614886283875,276.20806884765625,553.2422485351562,0.9981416463851929,386.26318359375,557.2036743164062,0.9948785305023193,712.5631103515625,497.9326171875,0.9982048273086548,750.0593872070312,716.9708862304688,0.6297525763511658,685.3558349609375,590.7743530273438,0.9915775060653687,781.3645629882812,569.5397338867188,0.9958974123001099,799.87646484375,726.8980102539062,0.9048099517822266,805.99560546875,764.2442016601562,0.7139734029769897,799.2432861328125,787.1869506835938,0.9169265627861023,782.1011962890625,896.483154296875,0.7218031287193298,709.6802368164062,843.005126953125,0.019282013177871704,826.0234375,817.1875,0.8706161975860596,713.8110961914062,941.8380737304688,0.9528329372406006,705.4071044921875,845.6036376953125,0.8456125259399414,718.8243408203125,755.1082153320312,0.947001576423645,435.33331298828125,994.0601806640625,0.35609278082847595,387.2587585449219,948.1190185546875,0.9541437029838562
881,86.9651107788086,119.19621276855469,0.9999277591705322,1000.1668090820312,77.28919982910156,0.9997596144676208,88.96257781982422,1029.4818115234375,0.999875545501709,1022.59716796875,1021.0337524414062,0.9996825456619263,333.0881652832031,499.1141662597656,0.9991148114204407,333.9974060058594,610.6494140625,0.9996310472488403,275.716796875,553.0615234375,0.9975800514221191,386.91180419921875,556.5119018554688,0.9949957132339478,713.6777954101562,497.04766845703125,0.9855059385299683,748.074462890625,692.7412719726562,0.1936602145433426,683.72900390625,587.8931884765625,0.9958190321922302,782.2318115234375,567.9710693359375,0.9952049255371094,776.7761840820312,703.7384033203125,0.9751467108726501,797.1358032226562,754.8118286132812,0.9679093360900879,793.705810546875,783.2616577148438,0.9234186410903931,781.0219116210938,891.4793701171875,0.9854845404624939,716.9110717773438,831.7139892578125,0.6863560080528259,831.9215087890625,817.7882080078125,0.8909639120101929,714.7621459960938,936.760986328125,0.9871792793273926,849.0333862304688,917.679931640625,0.5178878307342529,751.7823486328125,1015.2520751953125,0.8801456093788147,433.3116149902344,993.5330810546875,0.5529833436012268,387.4167785644531,947.225341796875,0.9353973865509033
882,85.91085815429688,116.88663482666016,0.9999407529830933,999.9813842773438,77.50430297851562,0.9997990727424622,90.44074249267578,1029.5413818359375,0.999881386756897,1022.8619995117188,1020.4442749023438,0.999626874923706,333.8142395019531,498.8005065917969,0.9993079900741577,334.1781921386719,611.6541137695312,0.9992565512657166,275.9208068847656,553.9186401367188,0.9981710910797119,386.7181091308594,557.064453125,0.9931520223617554,712.0633544921875,498.39678955078125,0.9963731169700623,744.885498046875,684.5197143554688,0.5874782204627991,681.67724609375,587.3121337890625,0.9969863295555115,780.4902954101562,569.2230224609375,0.9954894185066223,768.4803466796875,682.306884765625,0.9918609857559204,787.4492797851562,744.7402954101562,0.8302531242370605,791.3397827148438,776.8721923828125,0.9570437669754028,785.3657836914062,887.21875,0.9807599782943726,724.3629760742188,816.7586669921875,0.9261257648468018,833.2155151367188,811.72314453125,0.8227030038833618,714.6130981445312,932.8435668945312,0.9830392599105835,852.1412353515625,920.9443359375,0.49980849027633667,750.2437744140625,1010.9334716796875,0.7814754843711853,649.1287231445312,1032.4439697265625,0.8638111352920532,384.3306884765625,948.0393676757812,0.9190858602523804
883,88.0829849243164,117.6534423828125,0.9998227953910828,999.6002197265625,76.73153686523438,0.9998621940612793,89.1644287109375,1029.08203125,0.999925971031189,1023.116943359375,1022.013916015625,0.9996258020401001,333.5458068847656,498.6659851074219,0.9991963505744934,334.127685546875,611.405517578125,0.9992285966873169,276.2740478515625,554.0874633789062,0.9982920289039612,386.6719970703125,556.6746826171875,0.9918970465660095,712.189208984375,497.6539611816406,0.9898002743721008,749.3870239257812,680.3482666015625,0.8360465168952942,684.7950439453125,590.3963623046875,0.9966434240341187,777.9185180664062,571.890869140625,0.9956910014152527,769.6150512695312,692.0753173828125,0.991820216178894,779.946533203125,738.6932373046875,0.9686486721038818,785.342529296875,768.4540405273438,0.9954749941825867,780.8259887695312,883.3961791992188,0.964486300945282,724.9771118164062,811.0219116210938,0.8891454339027405,832.1281127929688,810.6326293945312,0.6993064284324646,713.780517578125,931.013671875,0.9263979196548462,849.6165161132812,915.1680297851562,0.6029036045074463,754.7623901367188,1011.023681640625,0.9556554555892944,646.1293334960938,1031.7564697265625,0.6957366466522217,573.107666015625,1026.8502197265625,0.8088579773902893
884,87.27932739257812,117.13484954833984,0.9995940327644348,1000.256591796875,76.97222900390625,0.9996328353881836,88.47736358642578,1027.7906494140625,0.9999080896377563,1023.5952758789062,1022.0855712890625,0.9994906187057495,334.2173156738281,498.5568542480469,0.9994636178016663,333.1377868652344,611.4483032226562,0.9988211989402771,275.53607177734375,553.9278564453125,0.9981094598770142,387.7134094238281,558.81298828125,0.9925048351287842,714.6048583984375,497.8941345214844,0.9968928098678589,749.4659423828125,688.5945434570312,0.9065326452255249,683.8232421875,587.9104614257812,0.9956640601158142,780.699462890625,569.2061767578125,0.9959850311279297,763.097412109375,699.7998657226562,0.996910035610199,775.7640380859375,744.9640502929688,0.9610801339149475,781.1205444335938,770.1470336914062,0.9912083148956299,787.040771484375,890.2382202148438,0.9519464373588562,724.2282104492188,821.2825927734375,0.9809665679931641,833.986328125,817.287353515625,0.8663555383682251,717.0667724609375,932.7522583007812,0.965162456035614,850.5537109375,941.867431640625,0.25754815340042114,755.4912109375,1013.2430419921875,0.9556702971458435,672.5416259765625,1033.0445556640625,0.38242650032043457,586.8778686523438,1028.960205078125,0.761141836643219
885,86.93067169189453,115.509033203125,0.9999101161956787,998.7374877929688,77.81250762939453,0.9998935461044312,88.59502410888672,1027.166259765625,0.9999176263809204,1023.6305541992188,1021.1671752929688,0.9997045397758484,333.81756591796875,498.8981628417969,0.9992424249649048,333.4834899902344,611.4932250976562,0.9993701577186584,276.4336853027344,553.41064453125,0.9980131387710571,387.7012634277344,557.0122680664062,0.9938679337501526,712.9627685546875,498.3035583496094,0.9959262609481812,751.552734375,672.9887084960938,0.4835445284843445,683.8538818359375,589.123046875,0.9977436065673828,778.1085205078125,573.1283569335938,0.9940977096557617,752.4478759765625,683.655029296875,0.8896580338478088,770.8980102539062,739.5240478515625,0.7530679702758789,778.1719970703125,770.0965576171875,0.9956958293914795,787.3236694335938,882.3048095703125,0.9542034864425659,724.9644775390625,814.2785034179688,0.8574109077453613,827.674072265625,805.0712280273438,0.6797258853912354,719.554443359375,931.8732299804688,0.9851875305175781,850.8265380859375,915.3862915039062,0.7829187512397766,755.7190551757812,1010.1636352539062,0.89531409740448,648.9722290039062,1032.2081298828125,0.8061489462852478,385.9012145996094,948.0962524414062,0.940849244594574
886,86.37252807617188,116.20148468017578,0.9998099207878113,999.4789428710938,77.55878448486328,0.9997372031211853,90.32206726074219,1028.7177734375,0.9998637437820435,1023.752197265625,1021.3948364257812,0.9997795224189758,333.04974365234375,499.1780090332031,0.999382495880127,335.1024475097656,611.4539184570312,0.9989054203033447,276.56756591796875,554.9644165039062,0.9958450198173523,387.5373229980469,555.235595703125,0.9910228252410889,713.3245849609375,497.9114990234375,0.9848948121070862,752.2395629882812,670.5608520507812,0.5237995386123657,684.1265258789062,587.8091430664062,0.9981870055198669,781.2392578125,565.94189453125,0.9940553903579712,744.3494262695312,676.6825561523438,0.9807224869728088,755.0817260742188,710.4214477539062,0.9754952192306519,764.9274291992188,742.534912109375,0.9644548892974854,782.2489624023438,863.1085815429688,0.9645147919654846,727.47119140625,797.2019653320312,0.5232654213905334,820.3343505859375,790.1416625976562,0.5177095532417297,723.26416015625,926.9461669921875,0.989328920841217,850.0946655273438,912.2457885742188,0.5167897939682007,756.97998046875,1005.5147094726562,0.9956197142601013,648.2990112304688,1031.47802734375,0.8448994755744934,438.37725830078125,997.4357299804688,0.5348669290542603
887,86.93111419677734,116.37625885009766,0.999745786190033,1000.633544921875,78.9961929321289,0.9996786117553711,89.44896697998047,1027.182373046875,0.9998928308486938,1023.1463623046875,1021.6878051757812,0.9996247291564941,333.2599792480469,498.97088623046875,0.9994831085205078,333.62567138671875,611.059814453125,0.998976469039917,276.60955810546875,552.5637817382812,0.9960687160491943,388.6625671386719,556.0222778320312,0.9897466897964478,714.02734375,496.9408874511719,0.9963899254798889,763.3773193359375,669.2308349609375,0.6519687175750732,683.5957641601562,586.3507080078125,0.9962848424911499,779.330322265625,568.3670654296875,0.9904592037200928,734.4563598632812,658.4589233398438,0.999545156955719,739.69384765625,686.8828125,0.6232861876487732,756.992431640625,737.6368408203125,0.13324864208698273,779.0347290039062,855.220947265625,0.9816375374794006,723.6644287109375,801.7568969726562,0.041382674127817154,813.2880249023438,777.5988159179688,0.4965130686759949,730.7673950195312,925.9866333007812,0.9794542193412781,716.5844116210938,803.4576416015625,0.9058843851089478,760.81787109375,1005.0172119140625,0.9956783652305603,644.31396484375,1030.6912841796875,0.8652805089950562,479.22705078125,1011.1785888671875,0.7619019150733948
888,86.6295394897461,117.05215454101562,0.9996637105941772,1000.3096313476562,79.96355438232422,0.9996246099472046,89.15567016601562,1028.681396484375,0.9998800754547119,1023.2908935546875,1020.9776611328125,0.999679684638977,332.8777770996094,498.8666687011719,0.9987271428108215,333.7369384765625,611.4598999023438,0.9992436170578003,276.5438232421875,552.2175903320312,0.9967933297157288,386.6324768066406,556.787353515625,0.9944065809249878,716.9401245117188,498.8658752441406,0.9966393709182739,747.4371948242188,677.3514404296875,0.7005819082260132,684.2327880859375,589.4437866210938,0.994340181350708,782.3975830078125,574.4366455078125,0.9915503263473511,742.7796020507812,683.673583984375,0.9934743046760559,747.9602661132812,724.1755981445312,0.894474983215332,753.508544921875,744.9144897460938,0.5737025737762451,782.9839477539062,861.5389404296875,0.9666478633880615,723.3294067382812,807.0391235351562,0.13969296216964722,813.3370971679688,780.319580078125,0.07908493280410767,724.9622802734375,924.1634521484375,0.9280581474304199,855.76953125,916.1082153320312,0.8889781832695007,767.002197265625,1005.532958984375,0.9593483209609985,678.5773315429688,1026.55712890625,0.7202976942062378,480.54949951171875,1012.4598999023438,0.84836745262146
889,86.35956573486328,115.48224639892578,0.9998452663421631,1000.240234375,78.33319854736328,0.9998549222946167,89.96846771240234,1027.0736083984375,0.999875545501709,1020.4442138671875,1022.3206787109375,0.9990270137786865,334.96783447265625,498.8140869140625,0.9990701079368591,333.290283203125,611.03125,0.9993711113929749,276.8240661621094,552.1282348632812,0.9971345663070679,386.9490661621094,557.9545288085938,0.9958847165107727,717.50634765625,497.5223083496094,0.9975118637084961,755.3154296875,674.982421875,0.5351659655570984,689.1329956054688,593.4542236328125,0.9932469129562378,780.0072631835938,568.9998779296875,0.9894927740097046,738.4269409179688,697.4213256835938,0.9811853766441345,745.8841552734375,742.8156127929688,0.23396167159080505,744.8668212890625,759.1001586914062,0.022138303145766258,781.8468627929688,860.5487670898438,0.9721451997756958,719.1480712890625,822.762451171875,0.40171992778778076,717.9082641601562,919.878173828125,0.0784933865070343,722.0214233398438,920.348388671875,0.9817355275154114,712.703857421875,821.5326538085938,0.9685497879981995,761.2001342773438,1003.9351196289062,0.9859308004379272,664.0227661132812,1027.898681640625,0.43885013461112976,479.15850830078125,1013.2211303710938,0.8587931990623474
890,86.19933319091797,115.64392852783203,0.9998154044151306,999.777587890625,77.8919906616211,0.9998247027397156,90.41847229003906,1028.2476806640625,0.9998138546943665,1023.6791381835938,1021.1522216796875,0.9997424483299255,335.5621643066406,498.7043151855469,0.9989411234855652,333.8050537109375,611.142822265625,0.9990670084953308,276.58489990234375,551.3114013671875,0.9976676106452942,386.33685302734375,556.336181640625,0.9957259893417358,716.1207275390625,496.9841003417969,0.9972631931304932,750.6051025390625,682.2014770507812,0.5040327906608582,688.8126831054688,593.0354614257812,0.9959825277328491,783.0243530273438,569.0097045898438,0.9904333353042603,738.8550415039062,700.9539184570312,0.9428480863571167,742.6832275390625,740.9026489257812,0.9615601897239685,746.5611572265625,762.52734375,0.6496620774269104,779.4530639648438,858.3612670898438,0.9723972082138062,718.5131225585938,819.8541870117188,0.1382640302181244,817.829345703125,794.3721313476562,0.2998271882534027,723.0919799804688,923.3195190429688,0.9751091003417969,712.868408203125,819.18798828125,0.9440834522247314,761.391845703125,1003.407470703125,0.9700790047645569,640.5912475585938,1028.9453125,0.8326866030693054,479.69793701171875,1013.0421142578125,0.7474310994148254
891,87.47364044189453,115.9055404663086,0.9997052550315857,1000.5225219726562,77.81819152832031,0.9998027682304382,89.210205078125,1028.361572265625,0.999934196472168,1022.6383056640625,1020.7515258789062,0.999595582485199,335.68231201171875,499.0079040527344,0.9992069602012634,333.2870178222656,611.5767822265625,0.999225378036499,276.9159240722656,552.0682373046875,0.9957281947135925,386.97607421875,558.2012939453125,0.9919291734695435,715.772705078125,499.1954345703125,0.9982522130012512,751.4532470703125,684.1868286132812,0.9832786917686462,685.796630859375,592.3101196289062,0.9965372085571289,782.5136108398438,571.5320434570312,0.9878559708595276,727.626953125,691.9295043945312,0.9816142320632935,739.2359008789062,737.904541015625,0.9531188607215881,744.1632690429688,758.1720581054688,0.9103713631629944,783.7119750976562,860.25439453125,0.9742137789726257,718.265625,810.8334350585938,0.5259013175964355,814.3558349609375,788.543212890625,0.047833558171987534,724.43310546875,925.3326416015625,0.9441432356834412,713.2389526367188,813.2883911132812,0.6537593007087708,763.8779296875,1006.8529663085938,0.9586297869682312,640.269287109375,1026.1824951171875,0.8386945724487305,479.13580322265625,1011.6967163085938,0.9077004194259644
892,87.81389617919922,115.6309585571289,0.9998500347137451,997.2479248046875,77.05059051513672,0.9999099969863892,90.27628326416016,1029.1197509765625,0.9998924732208252,1022.2376098632812,1020.3180541992188,0.9997386336326599,334.1988830566406,498.54583740234375,0.997725784778595,333.9606628417969,610.84814453125,0.9992344379425049,276.3314208984375,551.7748413085938,0.9935943484306335,386.714111328125,557.4292602539062,0.9933438301086426,718.74560546875,496.96771240234375,0.9979283809661865,761.1992797851562,691.2074584960938,0.9869063496589661,685.9889526367188,590.7921142578125,0.9959883093833923,783.8699951171875,567.3910522460938,0.9916242957115173,728.201416015625,705.9542236328125,0.10667666047811508,727.6334228515625,721.935546875,0.1289459615945816,730.2156372070312,741.0933227539062,0.03199819475412369,777.2281494140625,849.126708984375,0.9942569136619568,709.4130249023438,802.3526000976562,0.1313231736421585,802.2631225585938,769.6942138671875,0.13634894788265228,726.0972290039062,916.8837280273438,0.9917677640914917,702.479736328125,802.3193969726562,0.9496369957923889,756.6492919921875,1005.8173217773438,0.9882498979568481,643.8595581054688,1028.4615478515625,0.9312970638275146,488.0340881347656,1014.3156127929688,0.9111312627792358
893,87.22288513183594,116.92678833007812,0.9998449087142944,998.1715087890625,77.8698959350586,0.9999016523361206,89.96765899658203,1029.8287353515625,0.9998478889465332,1024.6390380859375,1020.1237182617188,0.999829888343811,334.4544372558594,498.499755859375,0.998771607875824,333.1427001953125,610.15380859375,0.9993641972541809,276.1914978027344,552.0637817382812,0.9960269927978516,387.4408874511719,558.2000122070312,0.9951925277709961,716.7103881835938,497.20806884765625,0.9963105320930481,764.7733764648438,686.143310546875,0.7746337652206421,689.6210327148438,592.7193603515625,0.996541440486908,785.0111694335938,567.4839477539062,0.9788886904716492,708.9197387695312,662.5464477539062,0.9498518705368042,720.8827514648438,713.0960693359375,0.9743049740791321,727.407470703125,740.2818603515625,0.8555890917778015,776.394775390625,850.5086669921875,0.9930807948112488,697.4910278320312,783.3511352539062,0.9593133330345154,790.1910400390625,755.1163330078125,0.9943084120750427,727.3134155273438,923.3843383789062,0.975503146648407,854.9055786132812,932.633056640625,0.6850172281265259,758.15576171875,1001.6544189453125,0.9748022556304932,633.8126220703125,1026.644287109375,0.6644626259803772,483.7538757324219,1012.7137451171875,0.7644528150558472
894,88.2608642578125,117.74577331542969,0.999618649482727,1000.2642822265625,82.39842224121094,0.9997569918632507,90.4073486328125,1028.9844970703125,0.9998887777328491,1023.5758666992188,1019.7064819335938,0.9998534917831421,333.4682312011719,498.5007629394531,0.9983283877372742,334.0482177734375,610.4364624023438,0.9996134638786316,276.369140625,553.327880859375,0.9970525503158569,387.38275146484375,555.94189453125,0.9926851987838745,715.1444091796875,499.0827941894531,0.9967958331108093,768.0997314453125,692.6408081054688,0.529350221157074,690.20947265625,596.1006469726562,0.997927188873291,782.3416748046875,567.1050415039062,0.9903814196586609,712.3673706054688,659.037109375,0.9953634738922119,722.04833984375,705.844970703125,0.9783727526664734,727.7574462890625,734.817138671875,0.8743225336074829,768.6526489257812,844.3656616210938,0.988243043422699,694.9624633789062,781.15576171875,0.9367212653160095,789.666015625,751.6903686523438,0.9861103296279907,727.7437744140625,919.6670532226562,0.9771239161491394,852.2300415039062,904.3872680664062,0.8956889510154724,764.576171875,1007.1663208007812,0.9612643718719482,657.535888671875,1029.260986328125,0.9944022297859192,485.0442199707031,1011.77880859375,0.7031367421150208
895,88.61473083496094,115.33013916015625,0.9993822574615479,1000.3438110351562,78.39800262451172,0.9997937083244324,89.58480834960938,1029.376953125,0.9998505115509033,1023.351318359375,1021.3827514648438,0.9994555115699768,332.85699462890625,498.60589599609375,0.9989838004112244,333.16546630859375,610.9152221679688,0.9994931221008301,275.8441162109375,554.1409912109375,0.9981957077980042,386.9459533691406,556.4376220703125,0.9895989894866943,718.5665283203125,498.4579162597656,0.9929013848304749,768.067138671875,679.5308227539062,0.4446267783641815,690.16552734375,594.7476806640625,0.9986170530319214,784.0336303710938,563.5987548828125,0.9922441840171814,715.0657348632812,654.3025512695312,0.9996531009674072,723.9627075195312,702.3875732421875,0.9467474222183228,724.0527954101562,729.6233520507812,0.9673063158988953,770.3831176757812,849.0670166015625,0.9617688059806824,694.2243041992188,776.8732299804688,0.9656647443771362,786.8544921875,756.574462890625,0.9831992983818054,727.8046264648438,925.563232421875,0.9632413387298584,850.49658203125,895.6051025390625,0.6161417365074158,757.7092895507812,1000.9849243164062,0.9931938052177429,658.75146484375,1028.4788818359375,0.9459268450737,574.0363159179688,1031.817626953125,0.9604691863059998
896,87.32120513916016,116.0054702758789,0.9998531341552734,1000.8009033203125,78.55047607421875,0.9989739656448364,89.86158752441406,1028.9945068359375,0.9997887015342712,1022.9443969726562,1021.0807495117188,0.9995703101158142,334.984619140625,498.6114501953125,0.9979756474494934,332.77215576171875,610.3978881835938,0.9994245767593384,276.03424072265625,551.9526977539062,0.9949241876602173,386.735107421875,558.2593994140625,0.994227409362793,719.2909545898438,498.28204345703125,0.9941174983978271,770.2547607421875,681.8316040039062,0.7147343158721924,688.4555053710938,588.7341918945312,0.9881392121315002,782.84814453125,563.8290405273438,0.9730545878410339,719.7572021484375,630.989501953125,0.9941025376319885,719.1500854492188,698.077880859375,0.954861044883728,724.6193237304688,724.765625,0.9141383767127991,769.5789184570312,842.1355590820312,0.9626181721687317,691.45068359375,773.2257690429688,0.9968067407608032,785.4409790039062,743.0635375976562,0.965117335319519,727.684326171875,925.8391723632812,0.9308704733848572,852.753173828125,897.1536254882812,0.9493929147720337,759.2872314453125,999.9614868164062,0.9174669981002808,644.9136962890625,1029.7139892578125,0.961373507976532,484.1950988769531,1009.57421875,0.9735026359558105
897,86.270263671875,116.57688903808594,0.9998399019241333,1000.4057006835938,79.92223358154297,0.9997530579566956,89.99422454833984,1030.3284912109375,0.9998248219490051,1023.3763427734375,1020.3858642578125,0.9997841715812683,334.0523681640625,498.7118225097656,0.9985698461532593,332.68511962890625,611.1212158203125,0.998946487903595,275.2864990234375,552.7596435546875,0.9959975481033325,386.2802429199219,556.3286743164062,0.9923624992370605,720.160888671875,497.8914794921875,0.9951983094215393,770.1973876953125,686.8882446289062,0.11953471601009369,677.202392578125,567.7985229492188,0.7795897722244263,781.0017700195312,565.1856689453125,0.9846950173377991,719.1539306640625,603.9390869140625,0.9993153810501099,719.1397705078125,631.1812744140625,0.9060285091400146,724.2880249023438,703.1050415039062,0.9367868900299072,764.7301025390625,830.4544677734375,0.8542583584785461,691.820068359375,759.6336059570312,0.963883638381958,779.6409301757812,730.1427001953125,0.8652893304824829,727.513671875,917.9895629882812,0.9386175274848938,847.8920288085938,906.4360961914062,0.8864020109176636,758.2907104492188,1001.2464599609375,0.9628322720527649,658.1963500976562,1027.130126953125,0.934550940990448,485.22265625,1016.5213012695312,0.8475274443626404
898,85.91400146484375,117.45125579833984,0.9999076128005981,999.332275390625,79.57493591308594,0.9994052648544312,90.3414535522461,1030.40380859375,0.9998311996459961,1021.3651733398438,1022.1289672851562,0.9993244409561157,334.01727294921875,498.74444580078125,0.9983938336372375,332.7594299316406,611.1504516601562,0.9995748400688171,275.8612976074219,552.8814086914062,0.9970670342445374,386.9384765625,559.18603515625,0.995849609375,723.2298583984375,496.34759521484375,0.9905831813812256,711.763671875,602.199462890625,0.1316542625427246,675.1439819335938,555.6145629882812,0.8066044449806213,783.3544311523438,555.7993774414062,0.947125256061554,720.9811401367188,590.4133911132812,0.9980645775794983,727.33203125,616.2821655273438,0.92221999168396,731.198974609375,687.0094604492188,0.6809183359146118,759.6893920898438,817.5281372070312,0.9648624658584595,695.5471801757812,746.3760375976562,0.7663170099258423,786.1963500976562,724.3946533203125,0.9224118590354919,726.7434692382812,912.2393798828125,0.9256207942962646,835.9022827148438,880.327880859375,0.8992065787315369,750.8754272460938,1001.1963500976562,0.3683103322982788,643.9671020507812,1031.5555419921875,0.7760437726974487,482.3239440917969,1011.2547607421875,0.8625465035438538
899,88.2209243774414,115.89131164550781,0.9994457364082336,999.35986328125,77.89291381835938,0.9996650218963623,90.48717498779297,1030.40771484375,0.9998477697372437,1022.7928466796875,1020.6349487304688,0.9993107318878174,334.6416320800781,498.5875549316406,0.9985149502754211,334.2912902832031,610.6400756835938,0.9990987777709961,275.8836975097656,553.4064331054688,0.9972520470619202,387.3843688964844,556.3545532226562,0.99529629945755,725.8482055664062,495.3702087402344,0.9862420558929443,707.5578002929688,599.5130615234375,0.47754451632499695,675.5576171875,549.8024291992188,0.5463156700134277,783.392578125,548.8939819335938,0.9726787209510803,727.7645874023438,582.6158447265625,0.9965289235115051,730.5143432617188,609.135986328125,0.9917699098587036,735.8719482421875,627.332763671875,0.937770664691925,761.884765625,810.2821044921875,0.9667418003082275,701.7199096679688,740.0814819335938,0.9760898351669312,788.2589721679688,718.8502807617188,0.9035734534263611,721.1541137695312,903.9865112304688,0.9484620094299316,840.236328125,878.3283081054688,0.961298942565918,770.6184692382812,993.6282348632812,0.7714829444885254,646.2213134765625,1027.5594482421875,0.9343937635421753,484.49566650390625,1010.1845092773438,0.8935137987136841
900,86.05341339111328,118.21296691894531,0.9995388984680176,1000.6700439453125,77.6029281616211,0.999651312828064,90.64046478271484,1029.4202880859375,0.9999182224273682,1021.7509155273438,1020.6661376953125,0.9995530247688293,336.0088195800781,498.9106140136719,0.9981716871261597,333.9197998046875,611.4281616210938,0.9989645481109619,276.3763122558594,552.892333984375,0.9966627955436707,386.9280700683594,557.335205078125,0.9949468970298767,721.8860473632812,497.0686340332031,0.9953172206878662,712.1060791015625,607.1008911132812,0.39499431848526,677.6581420898438,559.9059448242188,0.9075624346733093,780.7911376953125,555.039306640625,0.9637225270271301,732.5103149414062,592.1126098632812,0.9979839324951172,736.461181640625,619.8161010742188,0.9285643100738525,742.8681640625,681.8025512695312,0.9478453993797302,763.93115234375,803.5859985351562,0.9722998142242432,706.9140625,738.9744873046875,0.9854092001914978,788.4910888671875,719.7997436523438,0.9561673402786255,722.3094482421875,906.8706665039062,0.9278179407119751,842.2553100585938,880.1146240234375,0.8849036693572998,775.2064819335938,994.4181518554688,0.6796993613243103,679.7344360351562,1023.2915649414062,0.40588387846946716,490.2612609863281,1014.5875854492188,0.9189764261245728
901,86.84434509277344,115.87739562988281,0.9998301267623901,997.9281005859375,78.35771179199219,0.9998722076416016,89.24056243896484,1027.7154541015625,0.9998575448989868,1020.9988403320312,1021.526123046875,0.9996838569641113,334.91534423828125,498.7283020019531,0.9985334873199463,332.9964599609375,611.2771606445312,0.9984784722328186,277.17401123046875,554.1299438476562,0.9939570426940918,386.78021240234375,558.5745849609375,0.9895691275596619,719.620361328125,497.591552734375,0.9939658045768738,739.8677978515625,624.347412109375,0.5927188396453857,682.4042358398438,577.5995483398438,0.9938353300094604,779.2466430664062,559.59423828125,0.8749268651008606,753.693359375,604.3200073242188,0.9494529962539673,756.820556640625,627.2508544921875,0.9206074476242065,756.8186645507812,641.0667114257812,0.9718100428581238,764.51953125,805.824951171875,0.9758797883987427,711.6708984375,741.0223388671875,0.9404751062393188,794.6254272460938,723.5433349609375,0.8919849395751953,723.9904174804688,900.041015625,0.9054996967315674,839.9352416992188,866.3749389648438,0.8750476837158203,788.0389404296875,993.1162109375,0.8102889060974121,651.8941040039062,1024.2003173828125,0.37236568331718445,594.9130859375,1024.909912109375,0.6878050565719604
902,88.27881622314453,118.88896942138672,0.9992614388465881,1001.419921875,82.57337951660156,0.9996615648269653,89.14257049560547,1030.1595458984375,0.9998713731765747,1023.8006591796875,1021.3273315429688,0.9991270899772644,335.3851318359375,499.3401184082031,0.9990326166152954,332.27777099609375,611.604736328125,0.999377965927124,275.72021484375,553.3827514648438,0.9958826303482056,386.63287353515625,557.6979370117188,0.9945598244667053,722.5031127929688,496.6888427734375,0.9876283407211304,735.7537841796875,646.30029296875,0.9474769234657288,686.9011840820312,585.9812622070312,0.9968680739402771,778.4239501953125,565.62451171875,0.9876714944839478,768.3340454101562,638.1433715820312,0.7700077891349792,765.40673828125,652.95166015625,0.6438356637954712,769.3822631835938,692.5215454101562,0.9875006675720215,774.1964111328125,816.3504638671875,0.98162442445755,715.861083984375,747.8137817382812,0.9297855496406555,810.6964111328125,732.9783935546875,0.9714739918708801,722.2817993164062,899.7930908203125,0.9810922741889954,849.7398681640625,883.1961669921875,0.9449281096458435,777.0565185546875,990.9339599609375,0.9406896233558655,637.4170532226562,1026.4102783203125,0.7927322387695312,536.6803588867188,1035.45361328125,0.7924681305885315
903,87.41957092285156,117.40984344482422,0.9998326301574707,1000.9295654296875,77.75828552246094,0.9997349381446838,91.27313232421875,1029.5728759765625,0.9997050166130066,1024.0006103515625,1020.7041625976562,0.9996631145477295,336.1921081542969,499.078369140625,0.9984086155891418,333.16375732421875,612.4122924804688,0.9990140199661255,275.7643127441406,553.7708740234375,0.9937740564346313,386.2547302246094,558.6367797851562,0.9942114949226379,718.4813842773438,497.2121276855469,0.9925242066383362,737.237060546875,670.2444458007812,0.7669058442115784,688.7572631835938,590.6823120117188,0.9967905879020691,781.0927734375,570.314697265625,0.9947229623794556,778.5048217773438,651.4642944335938,0.9354057312011719,777.0361328125,676.316650390625,0.9842862486839294,779.7850952148438,699.22021484375,0.9879167675971985,777.4945678710938,818.7545776367188,0.937825083732605,721.7744140625,741.1224975585938,0.9528763890266418,818.7590942382812,734.7014770507812,0.8690692186355591,726.1351318359375,912.673583984375,0.9379059076309204,850.5269775390625,899.9056396484375,0.9531132578849792,817.15771484375,970.519287109375,0.39445242285728455,653.6831665039062,1027.082275390625,0.9318650364875793,488.93621826171875,1010.4166870117188,0.8998075723648071
904,87.03511047363281,117.55789184570312,0.9999231100082397,999.6795654296875,78.40377807617188,0.9998286962509155,88.084716796875,1029.9261474609375,0.9998466968536377,1023.5020141601562,1020.4664916992188,0.999745786190033,334.09759521484375,498.7307434082031,0.998786985874176,333.8277282714844,611.3070678710938,0.9989996552467346,276.43597412109375,553.46875,0.9959992170333862,387.02142333984375,556.2327270507812,0.9955861568450928,717.3455810546875,496.4289245605469,0.9896479249000549,741.50927734375,676.9952392578125,0.4664934277534485,690.5203857421875,591.9055786132812,0.9911304712295532,782.9586181640625,569.7876586914062,0.9697006940841675,782.3623657226562,650.91455078125,0.9949507713317871,787.7650146484375,684.890380859375,0.9755465984344482,789.0958251953125,707.7473754882812,0.9937818646430969,787.0040283203125,825.5960693359375,0.9648257493972778,732.3793334960938,754.1453247070312,0.4176006019115448,828.816650390625,741.3843994140625,0.8217350840568542,725.3961181640625,906.9807739257812,0.8501318693161011,852.654052734375,897.7692260742188,0.9258275032043457,760.8631591796875,990.8653564453125,0.5994780659675598,657.6838989257812,1026.448486328125,0.8996607661247253,392.4725036621094,947.9278564453125,0.7993760108947754
905,87.42688751220703,118.23446655273438,0.9998791217803955,1000.197021484375,79.27162170410156,0.9999505281448364,88.708984375,1029.55517578125,0.9998549222946167,1023.8980102539062,1022.5203857421875,0.9996237754821777,332.3175354003906,499.5221862792969,0.9984733462333679,334.05413818359375,610.57666015625,0.9992656111717224,276.1953125,552.8538208007812,0.9933077096939087,386.1504821777344,555.6923828125,0.9971640706062317,718.1739501953125,495.86834716796875,0.9856054186820984,747.1648559570312,672.2092895507812,0.843334972858429,691.3975219726562,593.5838012695312,0.9970762729644775,779.4917602539062,574.0994262695312,0.9843818545341492,785.7627563476562,654.3793334960938,0.9898625612258911,786.053466796875,690.3085327148438,0.89519202709198,797.4637451171875,713.5806884765625,0.988262951374054,793.351806640625,837.706787109375,0.9785913228988647,735.1400146484375,763.8016967773438,0.5515390634536743,833.690185546875,741.1993408203125,0.687775194644928,724.4043579101562,913.2122802734375,0.9344842433929443,853.2662963867188,909.8590698242188,0.73780757188797,753.7908325195312,994.290283203125,0.8882627487182617,649.7122802734375,1026.4031982421875,0.9390782713890076,481.5332946777344,1009.5070190429688,0.8214817047119141
906,86.92525482177734,117.49124145507812,0.9999003410339355,1000.8790283203125,80.93229675292969,0.9997830986976624,89.15269470214844,1030.0804443359375,0.9998558759689331,1023.3787841796875,1020.8685913085938,0.9996311664581299,335.1566467285156,498.2380065917969,0.9981768131256104,333.5934753417969,611.8528442382812,0.9991401433944702,276.0751037597656,552.6767578125,0.9958057403564453,386.58221435546875,558.0277709960938,0.9954900145530701,718.2887573242188,497.4252624511719,0.9942892789840698,751.87646484375,675.3883056640625,0.8180791139602661,691.2608642578125,597.6669311523438,0.9985983967781067,778.1804809570312,577.52734375,0.9925796389579773,777.9055786132812,658.6477661132812,0.6277576088905334,786.1828002929688,701.9065551757812,0.8140786290168762,796.9951171875,728.8677978515625,0.9676406979560852,793.864013671875,845.0724487304688,0.9916587471961975,735.3919677734375,769.1879272460938,0.9403005242347717,838.0068359375,762.0382080078125,0.44638004899024963,721.6958618164062,911.511474609375,0.7804833054542542,852.195556640625,905.2570190429688,0.4969989061355591,763.5783081054688,997.1942138671875,0.6513792872428894,651.7748413085938,1027.9532470703125,0.9637916088104248,487.5223083496094,1009.9904174804688,0.9092791080474854
907,86.56884765625,117.42915344238281,0.9998431205749512,1000.5514526367188,79.34864807128906,0.9995854496955872,89.408447265625,1029.51220703125,0.9998983144760132,1024.599365234375,1021.7545166015625,0.9995779395103455,335.2254943847656,498.45733642578125,0.998001754283905,334.3636779785156,612.1646728515625,0.9991649389266968,275.9480895996094,552.3450317382812,0.9954149723052979,385.6743469238281,556.5159301757812,0.9960265159606934,718.903076171875,497.4334716796875,0.9946105480194092,751.404541015625,672.6026000976562,0.2862803041934967,693.0470581054688,598.8998413085938,0.9987766146659851,781.05224609375,573.1948852539062,0.9920539855957031,780.5850219726562,680.3452758789062,0.9501659870147705,791.3613891601562,714.1827392578125,0.9941903352737427,795.031005859375,735.3766479492188,0.9915677905082703,796.0535888671875,853.5595703125,0.9784644842147827,734.9232788085938,784.545166015625,0.8160724639892578,843.5596313476562,783.56396484375,0.43517404794692993,722.4407958984375,916.477294921875,0.9823538064956665,838.313720703125,963.6773071289062,0.22124724090099335,754.170654296875,996.7291870117188,0.9947339296340942,644.1825561523438,1030.5821533203125,0.8181975483894348,487.95574951171875,1011.0883178710938,0.9320687055587769
908,86.06118774414062,118.08538818359375,0.9997209906578064,999.5595092773438,78.9621353149414,0.999790370464325,88.75060272216797,1030.2720947265625,0.9998770952224731,1024.822998046875,1021.4522705078125,0.999698281288147,336.048828125,498.5726318359375,0.9980517625808716,333.3686218261719,611.840576171875,0.9986832737922668,276.1031494140625,552.0089111328125,0.9956057667732239,386.23614501953125,556.9046020507812,0.9942430853843689,721.6373291015625,497.8982849121094,0.9951717257499695,761.6889038085938,670.7548217773438,0.304046630859375,692.2251586914062,595.7505493164062,0.9990081191062927,782.7410278320312,569.7728271484375,0.9942631125450134,764.7284545898438,702.0179443359375,0.6513619422912598,784.0668334960938,735.03955078125,0.7718164324760437,788.27783203125,749.5899047851562,0.895535945892334,794.5534057617188,867.2528686523438,0.9763174057006836,735.70849609375,797.71142578125,0.20579572021961212,844.8375244140625,804.9716796875,0.10752902925014496,723.7738037109375,917.2744750976562,0.9901891350746155,734.751708984375,788.7054443359375,0.5654464960098267,750.4674682617188,1003.7523193359375,0.9807109236717224,629.8278198242188,1030.410888671875,0.9584384560585022,482.6756896972656,1011.5534057617188,0.7029313445091248
909,87.92353820800781,117.09915161132812,0.9998149275779724,998.3997802734375,77.34234619140625,0.9998987913131714,89.50608825683594,1029.3531494140625,0.9998722076416016,1024.4158935546875,1021.1422119140625,0.9996863603591919,336.3742370605469,498.4888000488281,0.9958553910255432,333.95947265625,612.1439819335938,0.9988752007484436,276.5256042480469,552.8347778320312,0.9950870871543884,386.1413269042969,556.078125,0.9927293658256531,718.7411499023438,498.1004943847656,0.9857499599456787,753.5983276367188,684.6910400390625,0.4180629253387451,692.56884765625,593.4595947265625,0.9988890290260315,784.40380859375,569.3531494140625,0.9932169318199158,770.6658325195312,689.7748413085938,0.9894616007804871,775.614990234375,717.6720581054688,0.69505774974823,786.2247924804688,745.6357421875,0.8689458966255188,792.0143432617188,859.8409423828125,0.9798074960708618,736.1761474609375,797.4013061523438,0.11800076067447662,724.8221435546875,924.0390625,0.0883084237575531,724.9454345703125,922.0260009765625,0.9955463409423828,734.6883544921875,790.5393676757812,0.8113027215003967,749.197509765625,1003.4083251953125,0.9930601119995117,641.4967651367188,1035.288330078125,0.9419919848442078,549.6917724609375,1023.437255859375,0.9696151614189148
910,87.67576599121094,116.92308044433594,0.9998782873153687,998.6907958984375,77.93902587890625,0.9999009370803833,88.85247802734375,1030.178466796875,0.999870777130127,1024.26953125,1020.7161254882812,0.9997584223747253,336.85968017578125,498.1767272949219,0.9967977404594421,333.1640930175781,611.3511962890625,0.9990367889404297,277.1354064941406,552.6502075195312,0.9964631199836731,386.0436096191406,557.51220703125,0.9952085614204407,719.5919799804688,499.2261962890625,0.9945376515388489,753.1380004882812,682.49951171875,0.32050204277038574,690.8709106445312,592.0974731445312,0.9981890320777893,782.1969604492188,567.5357055664062,0.9973887801170349,774.039306640625,681.472900390625,0.992957592010498,785.7093505859375,722.5029907226562,0.9015328288078308,788.0596923828125,744.850341796875,0.9689067006111145,791.9625244140625,862.4210815429688,0.9743261337280273,741.918701171875,794.36279296875,0.6913782358169556,837.7200317382812,803.7781982421875,0.39558738470077515,726.4911499023438,925.2516479492188,0.989551842212677,856.7515258789062,911.2490234375,0.9665956497192383,753.3317260742188,1003.8917846679688,0.993429958820343,650.5570678710938,1029.11865234375,0.5141018033027649,599.9916381835938,1025.682861328125,0.937002956867218
911,88.10883331298828,116.22825622558594,0.9998899698257446,1001.201416015625,78.27667236328125,0.999713122844696,89.49149322509766,1031.57666015625,0.9996929168701172,1024.4833984375,1020.9430541992188,0.9996675252914429,336.0982666015625,498.2760925292969,0.997550904750824,332.9958190917969,611.6715087890625,0.9992475509643555,276.5391540527344,552.4263916015625,0.9964960217475891,386.6758117675781,558.810546875,0.9927513599395752,715.0599975585938,498.9951171875,0.9964311122894287,755.9188842773438,665.53271484375,0.6039059162139893,689.5641479492188,592.3363037109375,0.9979555606842041,780.279296875,571.4541015625,0.9955934882164001,766.5809936523438,683.1201782226562,0.9879192113876343,771.51220703125,712.2908935546875,0.9757639765739441,783.2142944335938,740.5146484375,0.904460608959198,790.4666137695312,854.6320190429688,0.9642123579978943,738.083740234375,798.8662719726562,0.5819475054740906,834.4450073242188,785.4546508789062,0.531550943851471,724.8598022460938,924.2044067382812,0.9752324223518372,857.383544921875,921.2030639648438,0.6233918070793152,754.4243774414062,1001.0869140625,0.9833070039749146,647.51806640625,1027.8489990234375,0.7906832098960876,394.0980224609375,951.7062377929688,0.977655291557312
912,86.97421264648438,115.8128890991211,0.9999170303344727,1001.0318603515625,77.54171752929688,0.9997517466545105,90.07569885253906,1030.4326171875,0.9996137022972107,1023.2958374023438,1020.9627075195312,0.9996050000190735,337.2992248535156,497.96063232421875,0.9986860156059265,332.7491455078125,611.3667602539062,0.9994286894798279,276.82513427734375,551.2357788085938,0.9966559410095215,387.4520263671875,559.1753540039062,0.9947346448898315,718.96337890625,496.9540710449219,0.992936909198761,754.017578125,674.0745239257812,0.9140061736106873,686.3433837890625,589.9183349609375,0.9973155856132507,783.298828125,568.2958984375,0.9952197670936584,736.3829345703125,683.3817138671875,0.9478086829185486,747.28857421875,707.4974365234375,0.9732394814491272,756.3784790039062,728.6788940429688,0.7284188270568848,789.1416625976562,844.9537353515625,0.9801560640335083,731.5974731445312,799.841552734375,0.1756109744310379,817.0665283203125,759.9761962890625,0.8882486820220947,720.8530883789062,921.209228515625,0.9882659316062927,859.684814453125,905.0809936523438,0.7288399934768677,756.462890625,1001.2798461914062,0.9944270849227905,649.3513793945312,1027.1353759765625,0.36707600951194763,540.5182495117188,1028.0386962890625,0.9841320514678955
913,87.73831939697266,115.57884216308594,0.9998975992202759,999.3053588867188,76.93599700927734,0.9998821020126343,88.7132339477539,1029.2586669921875,0.999829888343811,1022.0047607421875,1021.2329711914062,0.999458372592926,337.34869384765625,497.9512634277344,0.9981688261032104,333.15216064453125,611.2617797851562,0.9993026256561279,277.6053466796875,551.5491333007812,0.9937976002693176,387.33367919921875,560.2070922851562,0.9954211115837097,718.452392578125,497.7289733886719,0.9951169490814209,755.1866455078125,682.9216918945312,0.5755171775817871,688.8336791992188,591.111328125,0.9942301511764526,784.2166748046875,564.4192504882812,0.9939326643943787,711.1487426757812,686.1264038085938,0.8589082956314087,724.5321044921875,709.5341186523438,0.849074125289917,728.3767700195312,737.9237670898438,0.33093392848968506,788.6150512695312,842.221435546875,0.9915159940719604,712.03955078125,787.4534301757812,0.903221845626831,803.6845092773438,751.6174926757812,0.9848529100418091,726.2510375976562,916.6410522460938,0.9429691433906555,858.6947631835938,895.8447875976562,0.874754786491394,758.72412109375,996.012451171875,0.9935600757598877,665.9756469726562,1023.4818725585938,0.17934763431549072,455.8577880859375,1007.4933471679688,0.7346627712249756
914,87.2392807006836,115.56192016601562,0.9999473094940186,1000.7379150390625,76.82572937011719,0.9997089505195618,89.18396759033203,1030.0496826171875,0.9998315572738647,1023.16357421875,1022.261474609375,0.9994269609451294,336.3156433105469,497.6683654785156,0.9975148439407349,333.2953796386719,611.238037109375,0.9992814660072327,277.8143005371094,552.0098876953125,0.9959503412246704,387.1001281738281,557.1351318359375,0.9925479292869568,721.2255859375,498.0121154785156,0.9971264004707336,759.0404663085938,693.378173828125,0.07650701701641083,690.0272827148438,591.5970458984375,0.997568666934967,783.1737060546875,565.5374755859375,0.9919871091842651,706.8038330078125,681.0816040039062,0.05775237828493118,715.9635620117188,712.0932006835938,0.744468629360199,734.1036987304688,741.4527587890625,0.5925552248954773,781.5565795898438,843.1168823242188,0.9702309370040894,694.39111328125,777.5202026367188,0.9129709601402283,789.7394409179688,746.7565307617188,0.5645743608474731,731.947998046875,914.1951293945312,0.9572925567626953,856.7767333984375,890.3212280273438,0.8025157451629639,763.0413818359375,994.0231323242188,0.961936891078949,675.6033935546875,1025.73095703125,0.9696270227432251,545.931884765625,1027.7607421875,0.9781405925750732
915,88.21388244628906,115.0040512084961,0.9996809959411621,1000.2027587890625,77.41059875488281,0.9998736381530762,91.30897521972656,1029.141845703125,0.999858021736145,1023.5232543945312,1020.9523315429688,0.9997217059135437,336.88787841796875,498.0625305175781,0.9977059364318848,332.20123291015625,611.4344482421875,0.9993997812271118,277.1073913574219,551.3017578125,0.9958397150039673,386.6028747558594,558.7962646484375,0.9926829934120178,720.5667724609375,497.7930908203125,0.9964407086372375,756.9178466796875,683.8260498046875,0.15840661525726318,690.033935546875,591.5,0.9983339905738831,782.7520751953125,565.4591674804688,0.9934298396110535,717.7711181640625,682.83447265625,0.04010283946990967,719.4155883789062,708.375732421875,0.8054183721542358,736.3580322265625,734.695068359375,0.609996497631073,775.5279541015625,838.363037109375,0.9881943464279175,691.779052734375,777.8642578125,0.9110967516899109,789.5233154296875,743.400146484375,0.7750627994537354,791.0633544921875,746.4052124023438,0.9261088967323303,861.7298583984375,902.0035400390625,0.3570176362991333,766.525634765625,998.89404296875,0.8111757040023804,661.80419921875,1025.437744140625,0.9811627864837646,395.9455871582031,951.9662475585938,0.9653749465942383
916,88.59284973144531,113.71320343017578,0.9994818568229675,999.1227416992188,76.84598541259766,0.9997441172599792,90.37574768066406,1030.8193359375,0.9998090863227844,1023.2901611328125,1021.479248046875,0.9997879862785339,336.1571350097656,498.196533203125,0.9982731342315674,332.3474426269531,611.0769653320312,0.999354898929596,276.9274597167969,552.3964233398438,0.9973201155662537,387.39202880859375,560.1100463867188,0.9961252808570862,721.9822998046875,497.50347900390625,0.9939664602279663,761.0819702148438,701.5693969726562,0.26706036925315857,690.2789916992188,591.22998046875,0.9984679818153381,781.6890869140625,565.6109619140625,0.9914687871932983,703.3780517578125,665.6672973632812,0.24840927124023438,724.593994140625,712.6051025390625,0.8302953839302063,733.3583374023438,732.1957397460938,0.8449492454528809,770.6123657226562,834.1690673828125,0.9816297292709351,693.2866821289062,781.3487548828125,0.9787014722824097,788.67529296875,741.9133911132812,0.8074417114257812,740.2380981445312,911.020263671875,0.7691629528999329,861.8396606445312,902.5753784179688,0.46803686022758484,763.23779296875,1000.6492309570312,0.42250216007232666,616.4818725585938,1025.594970703125,0.7898849844932556,393.6279296875,947.5996704101562,0.9721493721008301
917,86.91568756103516,115.72895050048828,0.9999139308929443,1000.1008911132812,78.1878433227539,0.9996203184127808,90.02941131591797,1030.9405517578125,0.9997398257255554,1024.070068359375,1020.53076171875,0.9997513890266418,337.4115905761719,498.3750305175781,0.9983965754508972,332.89251708984375,611.639892578125,0.9995054006576538,277.0849914550781,551.0510864257812,0.9966928958892822,387.2250061035156,559.520263671875,0.9947092533111572,721.40966796875,497.3144836425781,0.9983555674552917,761.60546875,704.1892700195312,0.14267292618751526,691.450927734375,590.9529418945312,0.9964374303817749,783.1887817382812,569.0493774414062,0.9901388883590698,710.2575073242188,670.3912963867188,0.24789312481880188,717.0997924804688,714.022216796875,0.9624451994895935,730.5308837890625,734.6256103515625,0.9012154340744019,774.1787719726562,840.41650390625,0.9878194332122803,690.5711669921875,780.63134765625,0.9761497378349304,785.8650512695312,741.0352783203125,0.9421683549880981,731.8851928710938,914.0020751953125,0.9663569927215576,847.4069213867188,866.4999389648438,0.5291126370429993,765.4843139648438,996.9566650390625,0.8177345991134644,648.9849853515625,1026.4766845703125,0.5507122278213501,391.9113464355469,946.816162109375,0.9683631062507629
918,87.05878448486328,116.34398651123047,0.9998608827590942,1000.03759765625,75.56689453125,0.999100923538208,89.21571350097656,1030.3092041015625,0.9998412132263184,1021.7361450195312,1021.0599975585938,0.9994532465934753,337.13739013671875,497.64654541015625,0.9983620047569275,333.0434875488281,611.2315063476562,0.999211311340332,277.0096130371094,550.7850341796875,0.997703492641449,387.5236511230469,559.0565185546875,0.9921765923500061,722.2903442382812,497.48150634765625,0.993302583694458,759.6162719726562,709.5546264648438,0.7499323487281799,691.1220092773438,594.7304077148438,0.9984355568885803,784.0418090820312,568.0938720703125,0.9946869611740112,707.8931274414062,669.4060668945312,0.2923508286476135,711.5626220703125,714.8497924804688,0.993355393409729,726.2760620117188,737.15478515625,0.839876651763916,772.6599731445312,839.9528198242188,0.9914236664772034,686.1393432617188,779.3665161132812,0.974393904209137,781.3373413085938,744.9369506835938,0.933925211429596,730.6058349609375,911.1998291015625,0.6590530872344971,848.9624633789062,878.99267578125,0.47228291630744934,767.8995971679688,995.7857055664062,0.7538293600082397,650.03466796875,1027.4537353515625,0.8243659138679504,536.9586791992188,1025.260009765625,0.9652423858642578
919,86.99394226074219,115.4766845703125,0.9998948574066162,998.6985473632812,75.70884704589844,0.9996486902236938,88.92460632324219,1030.4754638671875,0.9997218251228333,1022.5851440429688,1021.3214721679688,0.9996387958526611,337.46600341796875,497.6119079589844,0.9980292916297913,332.8692626953125,611.4178466796875,0.999363124370575,277.06951904296875,549.8472900390625,0.9982776641845703,388.1534423828125,558.0679321289062,0.9911075234413147,720.0513305664062,498.0634765625,0.9934989213943481,758.652099609375,711.1486206054688,0.6855924725532532,691.8688354492188,596.6610717773438,0.9978480339050293,784.2958374023438,568.9512329101562,0.9944549202919006,702.2138061523438,664.85107421875,0.07316979765892029,702.9196166992188,713.8414916992188,0.7606409788131714,719.2945556640625,738.6182250976562,0.42327040433883667,770.0515747070312,842.34619140625,0.9717483520507812,687.5629272460938,787.8218383789062,0.6104835271835327,780.7546997070312,741.3851318359375,0.767216145992279,741.0029296875,915.6879272460938,0.8751199841499329,850.8893432617188,865.8796997070312,0.7093080878257751,754.2232666015625,1003.0198364257812,0.6162204742431641,660.8818359375,1025.6744384765625,0.3593328297138214,394.6182861328125,952.1909790039062,0.7979687452316284
920,87.93363189697266,115.59008026123047,0.9997259974479675,1001.1642456054688,79.79512023925781,0.9991589784622192,89.57084655761719,1030.5958251953125,0.9997411370277405,1023.5182495117188,1021.02880859375,0.9994161128997803,336.71075439453125,498.17559814453125,0.9991059899330139,333.660400390625,611.6967163085938,0.9997316002845764,277.3696594238281,550.8925170898438,0.997053861618042,387.4990539550781,558.0732421875,0.9964809417724609,718.9154052734375,496.7279052734375,0.9951313734054565,760.862060546875,715.2183837890625,0.7277907133102417,690.2536010742188,593.4793090820312,0.9968693852424622,784.899658203125,569.6455688476562,0.9959934949874878,700.8536987304688,665.3278198242188,0.8289474844932556,707.0233154296875,716.3180541992188,0.9838196635246277,717.6063842773438,738.0647583007812,0.9481120109558105,769.82080078125,844.681640625,0.9360431432723999,687.68994140625,785.9403076171875,0.8661114573478699,779.0231323242188,746.5134887695312,0.9140738844871521,737.927978515625,917.08447265625,0.8613038063049316,861.5145263671875,896.195068359375,0.5418041348457336,769.4491577148438,995.3065795898438,0.4943362772464752,653.332275390625,1027.1766357421875,0.9756459593772888,542.9721069335938,1028.1046142578125,0.979602575302124
921,87.15792846679688,116.83940124511719,0.9997654557228088,999.9884033203125,76.25778198242188,0.9994845390319824,88.35848236083984,1030.2047119140625,0.9997116923332214,1022.9702758789062,1020.9609375,0.9994667172431946,336.40948486328125,497.9628601074219,0.9988777041435242,332.8175354003906,611.6459350585938,0.9995526671409607,277.3974304199219,550.5109252929688,0.9981655478477478,387.17694091796875,559.54150390625,0.9961223006248474,722.5455932617188,496.6390380859375,0.9913179874420166,761.2122802734375,711.4363403320312,0.3511182963848114,690.33349609375,594.4853515625,0.9965859651565552,784.8036499023438,568.8026733398438,0.9956450462341309,700.85693359375,666.09033203125,0.9530844688415527,711.0513916015625,713.9227294921875,0.9695558547973633,724.5125732421875,736.2911376953125,0.9865419864654541,769.96923828125,841.7234497070312,0.9870555400848389,685.4995727539062,780.5526733398438,0.9448305368423462,781.56591796875,746.8274536132812,0.9770565629005432,728.7462768554688,910.97216796875,0.3541303277015686,854.8331909179688,879.7582397460938,0.7112765908241272,765.8689575195312,996.6720581054688,0.5082105398178101,659.38623046875,1027.60107421875,0.9822300672531128,398.5841064453125,952.3239135742188,0.947357177734375
922,87.8882064819336,116.5241470336914,0.999783456325531,998.7174072265625,74.70589447021484,0.9997914433479309,89.07257080078125,1027.4764404296875,0.9998146891593933,1023.7681884765625,1021.4495849609375,0.9995678067207336,335.78900146484375,498.0908203125,0.9992891550064087,333.1038818359375,610.5045776367188,0.9997335076332092,276.4823913574219,551.3840942382812,0.9979572296142578,386.7696838378906,557.4557495117188,0.9975209832191467,723.6107788085938,496.7958068847656,0.9809215664863586,759.2741088867188,715.1090087890625,0.45998910069465637,691.7035522460938,599.096923828125,0.9971534013748169,784.9520874023438,571.0947265625,0.9958791732788086,698.4120483398438,668.7022705078125,0.3085234761238098,710.5850830078125,709.3428344726562,0.9946637153625488,721.8426513671875,735.0131225585938,0.9720646739006042,764.9065551757812,835.1779174804688,0.9877187013626099,683.71240234375,780.0507202148438,0.8552375435829163,774.03857421875,749.8594970703125,0.8936387300491333,739.528076171875,916.73095703125,0.8086468577384949,851.7359008789062,876.7693481445312,0.6393190026283264,807.3865356445312,988.8844604492188,0.6878690719604492,642.5855712890625,1027.5611572265625,0.8222114443778992,543.4398193359375,1029.156494140625,0.9615247249603271
923,86.94697570800781,116.81621551513672,0.9998327493667603,999.3245849609375,77.46661376953125,0.9997424483299255,90.05360412597656,1028.18896484375,0.999908447265625,1023.5333862304688,1020.7886352539062,0.999672532081604,336.3656005859375,497.8186340332031,0.9986721277236938,333.1242980957031,611.8406982421875,0.9996242523193359,276.72705078125,550.64501953125,0.9979931116104126,386.8096618652344,557.3231201171875,0.9928202033042908,722.1486206054688,496.65704345703125,0.9679629802703857,756.601318359375,713.8154907226562,0.302451491355896,689.1920776367188,596.8619384765625,0.9935328960418701,785.5567626953125,568.8983764648438,0.9908831715583801,701.0405883789062,666.463134765625,0.8152435421943665,707.239013671875,707.5647583007812,0.997014045715332,716.5048217773438,732.8065795898438,0.9129415154457092,765.3575439453125,839.0824584960938,0.9876517057418823,681.270751953125,781.0244140625,0.8914578557014465,773.5131225585938,746.6858520507812,0.9305248260498047,741.6838989257812,917.3423461914062,0.6843373775482178,852.257568359375,878.1276245117188,0.8757814764976501,769.8920288085938,1002.5133666992188,0.975818932056427,643.0494995117188,1028.2969970703125,0.7821618914604187,542.2924194335938,1029.20068359375,0.8096912503242493
924,86.48511505126953,118.31647491455078,0.9999078512191772,1001.791259765625,79.55451965332031,0.9991113543510437,90.96051788330078,1029.1800537109375,0.9998250603675842,1019.7623901367188,1020.5291137695312,0.9989299178123474,335.5474853515625,497.79461669921875,0.998843789100647,331.7851867675781,611.6670532226562,0.9995855689048767,276.3030090332031,551.194580078125,0.9981512427330017,387.57891845703125,558.3627319335938,0.9914536476135254,725.8170166015625,496.27313232421875,0.9551801681518555,753.515380859375,714.2177124023438,0.2960875630378723,690.5446166992188,594.3362426757812,0.995323121547699,784.991455078125,570.5103149414062,0.9950365424156189,707.2681274414062,666.8319091796875,0.16633941233158112,702.1337890625,704.6029052734375,0.9458751082420349,710.1508178710938,728.919189453125,0.9329004287719727,764.4652709960938,837.6494140625,0.9825316667556763,679.7487182617188,779.6068725585938,0.45666205883026123,770.6460571289062,747.6161499023438,0.6604654788970947,728.075439453125,907.7723999023438,0.8518719673156738,854.095947265625,876.061767578125,0.7794698476791382,769.1458129882812,1002.1586303710938,0.8500660061836243,648.8475952148438,1027.4381103515625,0.9549476504325867,470.3921203613281,1007.2520751953125,0.950465202331543
925,88.33711242675781,117.51513671875,0.9996115565299988,1000.64111328125,77.2928237915039,0.9997808337211609,90.17500305175781,1029.1942138671875,0.9998708963394165,1021.6282958984375,1021.0496215820312,0.999509334564209,333.8581237792969,497.63031005859375,0.9993560910224915,333.93231201171875,611.3496704101562,0.999580442905426,276.2888488769531,552.1288452148438,0.9987438321113586,387.8597412109375,556.60205078125,0.9951117634773254,721.421630859375,496.6159362792969,0.9660276174545288,754.3695678710938,717.8351440429688,0.9038715958595276,689.11572265625,596.2518920898438,0.997349739074707,785.9807739257812,569.1574096679688,0.9799640774726868,702.6451416015625,670.1815185546875,0.4682358503341675,693.4218139648438,712.5687866210938,0.9758540391921997,708.0487060546875,737.3385009765625,0.9085744619369507,762.9484252929688,838.581787109375,0.9749900698661804,680.01025390625,786.263916015625,0.7346177101135254,770.1599731445312,747.151123046875,0.7612161636352539,738.67333984375,916.5194091796875,0.9272910952568054,847.1403198242188,862.9158935546875,0.7633283734321594,770.35498046875,1000.5381469726562,0.9165616631507874,629.2977905273438,1027.30419921875,0.6643174886703491,547.1878662109375,1024.8016357421875,0.8629947304725647
926,87.75093078613281,116.66131591796875,0.9996503591537476,1000.3218383789062,80.23219299316406,0.9998735189437866,90.40232849121094,1030.926513671875,0.9995899796485901,1023.9149169921875,1021.1879272460938,0.9995909333229065,335.2025146484375,497.3604736328125,0.9989269375801086,333.415283203125,611.2090454101562,0.9994283318519592,276.6322937011719,551.4150390625,0.998090922832489,386.8727722167969,558.6146850585938,0.9946271777153015,724.5501708984375,497.3394470214844,0.9516671299934387,752.8295288085938,713.737548828125,0.6849266886711121,691.6068115234375,594.7356567382812,0.9967858791351318,787.4491577148438,569.1109008789062,0.9878330230712891,711.8648071289062,681.8871459960938,0.1188686192035675,698.2435302734375,704.0484008789062,0.9741787910461426,708.4286499023438,728.4987182617188,0.8721170425415039,761.8385009765625,838.4498901367188,0.9780294895172119,676.6280517578125,786.4937133789062,0.8093326091766357,771.4246826171875,741.8782958984375,0.7772781252861023,740.213623046875,918.2697143554688,0.9505024552345276,850.2977905273438,874.6428833007812,0.7459230422973633,765.8997802734375,1001.7808227539062,0.8167558908462524,631.6793823242188,1026.4342041015625,0.8312510251998901,496.30084228515625,1011.1701049804688,0.7911061644554138
927,87.4740219116211,116.4368667602539,0.9997746348381042,999.873291015625,79.68883514404297,0.9998661279678345,89.43165588378906,1029.61376953125,0.9998161196708679,1023.227783203125,1020.4598388671875,0.9993560910224915,336.0633239746094,498.3692932128906,0.99863201379776,334.3293151855469,611.134521484375,0.9992058873176575,276.561279296875,550.927734375,0.9959080219268799,387.210693359375,558.555419921875,0.9940606951713562,725.2865600585938,496.99566650390625,0.9563823938369751,754.0255126953125,713.6762084960938,0.7845300436019897,690.7904052734375,596.435302734375,0.9964955449104309,785.7409057617188,570.9440307617188,0.9800342321395874,650.2930908203125,711.318115234375,0.344976544380188,694.9609375,700.8267211914062,0.7795645594596863,705.0413818359375,722.083984375,0.9333540201187134,761.1640625,838.3146362304688,0.9755430817604065,674.7257690429688,784.3948974609375,0.8561815023422241,766.8225708007812,739.9453735351562,0.7674166560173035,731.4679565429688,914.4763793945312,0.9615241885185242,846.5805053710938,867.1920776367188,0.8819145560264587,772.2684936523438,1001.1919555664062,0.5693548321723938,628.4119873046875,1027.1845703125,0.9129652976989746,548.1618041992188,1029.9302978515625,0.7046694755554199
928,88.21601867675781,115.57157897949219,0.9997209906578064,999.8326416015625,79.4814682006836,0.9997605681419373,89.12118530273438,1029.16259765625,0.9998694658279419,1022.6258544921875,1021.0723266601562,0.9994888305664062,335.3223876953125,497.7846374511719,0.9985872507095337,333.5362854003906,610.9282836914062,0.9993436932563782,276.97894287109375,550.5632934570312,0.9977960586547852,387.78009033203125,558.4725341796875,0.9936308264732361,726.0515747070312,495.6839599609375,0.9889330863952637,754.4283447265625,717.6607055664062,0.840158998966217,689.5032958984375,594.5726318359375,0.9973689317703247,786.9699096679688,567.7779541015625,0.9908163547515869,768.349365234375,709.4429321289062,0.14238181710243225,692.4413452148438,699.2232666015625,0.7305178642272949,698.0120239257812,723.0585327148438,0.9384976029396057,756.3358764648438,832.6544189453125,0.9806079864501953,669.0602416992188,767.226806640625,0.886192798614502,765.5498046875,740.53369140625,0.698531985282898,738.93310546875,921.6392822265625,0.7555712461471558,842.56396484375,864.294921875,0.8483694195747375,794.44189453125,988.9734497070312,0.22623619437217712,637.4375610351562,1027.9793701171875,0.9783443212509155,483.29693603515625,1009.7704467773438,0.6635739803314209
929,87.12844848632812,116.45204162597656,0.9999011754989624,1000.229736328125,79.08707427978516,0.9998806715011597,88.51361083984375,1029.2142333984375,0.9998785257339478,1022.2569580078125,1021.951904296875,0.9996161460876465,336.5304260253906,498.1015319824219,0.9982858300209045,332.6744689941406,611.3350219726562,0.9990119934082031,276.6475524902344,549.1658325195312,0.9964637160301208,387.5022888183594,558.98388671875,0.9962467551231384,725.108642578125,495.281005859375,0.9886461496353149,755.1998291015625,717.7150268554688,0.745338499546051,689.8546752929688,594.9972534179688,0.9978285431861877,788.250244140625,568.8616943359375,0.9883682131767273,640.0441284179688,713.8307495117188,0.5538700222969055,687.72998046875,702.5772705078125,0.8197577595710754,700.4447631835938,721.5162353515625,0.9783511757850647,756.7434692382812,834.0547485351562,0.9488016963005066,664.6627807617188,769.8897094726562,0.7045742869377136,764.9046020507812,739.8544921875,0.6495296359062195,730.588134765625,911.8648681640625,0.9173368811607361,841.837890625,863.0830688476562,0.8574467897415161,760.0266723632812,1002.978515625,0.6916869282722473,637.8045043945312,1027.8355712890625,0.9490724205970764,543.4329833984375,1028.755126953125,0.9450449347496033
930,87.38225555419922,116.63008880615234,0.9998948574066162,1000.7825927734375,80.20838928222656,0.9997790455818176,90.20474243164062,1029.88037109375,0.9999381303787231,1022.42138671875,1022.1749877929688,0.9996460676193237,336.774658203125,498.4573669433594,0.9989874958992004,331.8944396972656,611.2379760742188,0.9994503855705261,276.88079833984375,550.561279296875,0.996605634689331,385.9565734863281,560.010986328125,0.9964814186096191,724.5175170898438,496.09063720703125,0.9831680655479431,753.5782470703125,716.129638671875,0.6591086983680725,689.3275756835938,595.90966796875,0.9986993074417114,786.2564086914062,570.34033203125,0.9875948429107666,639.033203125,712.5391235351562,0.40137290954589844,691.04052734375,701.6339721679688,0.6604090332984924,699.9573974609375,719.9434204101562,0.9549317955970764,754.3870849609375,829.236572265625,0.9552360773086548,662.809326171875,773.6165771484375,0.8112645149230957,763.658935546875,738.9708251953125,0.7412750720977783,730.8545532226562,909.9830322265625,0.8572417497634888,839.7393188476562,862.0816040039062,0.9451501369476318,754.526123046875,959.1395874023438,0.05139883980154991,635.0117797851562,1029.7120361328125,0.8264884948730469,553.5353393554688,1023.1980590820312,0.98909991979599
931,87.72479248046875,115.48494720458984,0.9998555183410645,998.6547241210938,76.45291137695312,0.9999237060546875,89.44689178466797,1028.9881591796875,0.9998482465744019,1021.7920532226562,1021.71826171875,0.9995055198669434,337.90081787109375,497.7292175292969,0.9986634254455566,331.3721618652344,611.0271606445312,0.9993694424629211,276.1768493652344,550.2305297851562,0.9961951971054077,387.3341369628906,559.8671264648438,0.9968425035476685,718.4352416992188,497.79486083984375,0.9864539504051208,755.7215576171875,709.7366333007812,0.9511734843254089,689.6107177734375,594.8506469726562,0.9988287091255188,778.501220703125,570.7692260742188,0.9896903038024902,688.9379272460938,635.0335083007812,0.23807233572006226,684.4039306640625,689.5531005859375,0.9274101853370667,692.8890991210938,709.30712890625,0.9762060642242432,750.4657592773438,821.8013305664062,0.9941369295120239,827.7286987304688,842.7559814453125,0.8777997493743896,762.7111206054688,735.0946044921875,0.8014549612998962,736.8634643554688,909.104736328125,0.5928823351860046,834.4703369140625,852.3072509765625,0.8454416394233704,771.7786254882812,994.9821166992188,0.9345551133155823,640.2814331054688,1030.5740966796875,0.9542278051376343,478.4815368652344,1011.106201171875,0.917293906211853
932,86.59016418457031,116.9001693725586,0.9997884631156921,1000.0153198242188,79.75325775146484,0.9996744394302368,90.77447509765625,1028.4453125,0.9997724890708923,1022.82666015625,1022.0536499023438,0.9995226860046387,337.1000671386719,497.8928527832031,0.9990441203117371,332.0514831542969,610.8225708007812,0.9996261596679688,276.7654724121094,550.2847900390625,0.9975624084472656,386.4757080078125,558.5585327148438,0.9977678060531616,717.8634643554688,496.07611083984375,0.9902183413505554,769.1915283203125,705.8693237304688,0.6251219511032104,694.3821411132812,592.6587524414062,0.9975059628486633,779.2800903320312,567.8045654296875,0.98301100730896,689.6077270507812,616.94140625,0.6424486637115479,689.9865112304688,655.7095947265625,0.37013256549835205,694.8515014648438,676.869140625,0.5314443707466125,742.83984375,805.599365234375,0.9831095337867737,637.551025390625,714.6329345703125,0.11138757318258286,752.9087524414062,709.5841064453125,0.9449021816253662,717.069091796875,899.6337280273438,0.9627367258071899,841.8275756835938,865.080322265625,0.38231900334358215,759.47119140625,993.8471069335938,0.5589014887809753,641.2355346679688,1031.9609375,0.9009580016136169,469.5626525878906,1009.2222290039062,0.7206479907035828
933,87.8218765258789,116.17627716064453,0.999672532081604,1000.0801391601562,77.12862396240234,0.9995754361152649,91.31078338623047,1029.336669921875,0.9998248219490051,1024.07958984375,1021.162353515625,0.9996823072433472,337.36676025390625,497.94024658203125,0.9986901879310608,332.7687072753906,610.466796875,0.9993724226951599,277.2417907714844,549.60986328125,0.9978355765342712,387.2074890136719,559.297119140625,0.9962456822395325,726.4692993164062,494.1588134765625,0.9819188117980957,767.9448852539062,716.6188354492188,0.9714169502258301,691.903076171875,589.7049560546875,0.9899049401283264,784.4201049804688,566.50048828125,0.9834211468696594,686.7500610351562,613.4577026367188,0.029672151431441307,669.5538940429688,658.9212036132812,0.038532841950654984,769.7969970703125,871.0159301757812,0.008503898046910763,736.8935546875,816.2738647460938,0.9950770735740662,634.8338012695312,727.7858276367188,0.07913623750209808,741.6254272460938,700.0908813476562,0.6337024569511414,703.076904296875,896.0011596679688,0.9174063801765442,822.6402587890625,846.7506103515625,0.8208253979682922,756.3369140625,992.1199951171875,0.9577206373214722,630.4700927734375,1030.0030517578125,0.9643469452857971,527.4834594726562,1028.3604736328125,0.5520979166030884
934,87.40691375732422,117.22173309326172,0.9995800852775574,1001.9009399414062,78.24552154541016,0.999657392501831,88.9108657836914,1029.27490234375,0.9998888969421387,1021.3497314453125,1021.6953125,0.9995964169502258,336.2181701660156,498.42449951171875,0.9989978671073914,332.516357421875,610.9312133789062,0.9994875192642212,277.1685791015625,551.5723266601562,0.9977458119392395,386.6189270019531,559.6744995117188,0.9950725436210632,733.840576171875,491.3207092285156,0.9603739380836487,768.4188842773438,724.3355712890625,0.8779278993606567,689.1356201171875,582.0842895507812,0.995940089225769,790.162841796875,563.8829956054688,0.9872726798057556,702.0676879882812,624.213623046875,0.01817253604531288,717.6510620117188,666.9036254882812,0.14548370242118835,722.1700439453125,685.9976806640625,0.4626826047897339,725.1903686523438,812.0009155273438,0.9818673133850098,646.2147827148438,753.0054931640625,0.189857617020607,748.2807006835938,723.8820190429688,0.8981163501739502,697.0821533203125,892.5510864257812,0.7150290608406067,812.0016479492188,842.406494140625,0.7210848927497864,757.4085693359375,949.5525512695312,0.5761404037475586,622.9843139648438,1028.2828369140625,0.8661631345748901,477.83807373046875,1009.1912231445312,0.8448378443717957
935,88.01979064941406,114.90322875976562,0.9997569918632507,1001.11767578125,78.28356170654297,0.9995518326759338,89.93279266357422,1029.080322265625,0.9999315738677979,1021.7728271484375,1020.8829345703125,0.9994795918464661,334.9402770996094,498.26104736328125,0.9989951252937317,333.2245178222656,610.9830322265625,0.9996246099472046,276.82373046875,551.2056274414062,0.9973184466362,387.3277893066406,559.3250732421875,0.9936532974243164,740.0814208984375,494.07061767578125,0.969866931438446,769.9805908203125,720.845947265625,0.9244160652160645,690.79248046875,579.4749755859375,0.9974913597106934,792.9086303710938,562.4547729492188,0.990318775177002,702.7232055664062,633.8341064453125,0.26515865325927734,691.114013671875,667.214599609375,0.8588771224021912,690.042236328125,685.839111328125,0.707775890827179,726.0261840820312,810.283447265625,0.8542670011520386,638.181640625,728.3540649414062,0.48217445611953735,750.0068969726562,720.2409057617188,0.8318859934806824,691.5332641601562,884.9025268554688,0.996532678604126,811.4072265625,844.7344970703125,0.9167672395706177,744.267333984375,953.2958984375,0.9570612907409668,637.9025268554688,1028.606201171875,0.9193639159202576,418.258056640625,982.4291381835938,0.8957560658454895
936,86.7823257446289,116.53784942626953,0.999924898147583,1000.354736328125,78.19609069824219,0.999819815158844,90.29686737060547,1028.541259765625,0.9998835325241089,1021.4542236328125,1022.0279541015625,0.9991284012794495,336.0628967285156,497.76580810546875,0.9990384578704834,333.4602966308594,610.702880859375,0.9997864365577698,276.8739013671875,550.961181640625,0.9965937733650208,386.4690246582031,558.4138793945312,0.9951092600822449,733.4619750976562,493.8557434082031,0.9961821436882019,770.8447265625,719.3085327148438,0.9080123901367188,690.9864501953125,580.5691528320312,0.9975789189338684,792.9199829101562,565.1757202148438,0.9841504096984863,696.1084594726562,622.1588745117188,0.3742355704307556,691.6183471679688,666.251953125,0.8774982690811157,692.5648803710938,688.5742797851562,0.9596985578536987,725.3551635742188,807.6958618164062,0.8528125286102295,643.6888427734375,737.6991577148438,0.5444333553314209,753.6356201171875,723.1024780273438,0.8764800429344177,690.499755859375,882.2511596679688,0.9857258796691895,813.3651733398438,847.9124755859375,0.8914405703544617,746.392333984375,950.9126586914062,0.6358468532562256,635.440185546875,1030.3955078125,0.9762820601463318,412.60919189453125,982.0558471679688,0.9224421977996826
937,87.94906616210938,117.12483978271484,0.9996856451034546,1001.9827880859375,77.45416259765625,0.998427152633667,88.47509765625,1029.200439453125,0.9999021291732788,1022.149169921875,1021.9270629882812,0.9995021820068359,336.3028869628906,497.9703674316406,0.9977866411209106,333.9476623535156,611.891357421875,0.9995505213737488,276.9479064941406,551.006103515625,0.994925856590271,387.4498291015625,560.0873413085938,0.9949709177017212,732.6823120117188,494.78643798828125,0.9865633249282837,770.8256225585938,716.9241333007812,0.8708153963088989,689.4464111328125,579.766845703125,0.9963003396987915,790.0192260742188,562.3868408203125,0.991405725479126,699.0205688476562,620.8120727539062,0.5009674429893494,696.5488891601562,663.5244140625,0.9850607514381409,697.3203735351562,690.214599609375,0.9940259456634521,724.3172607421875,806.6411743164062,0.9532199501991272,648.0254516601562,734.5430297851562,0.844485342502594,755.3972778320312,724.6114501953125,0.9640499353408813,691.2069091796875,882.0505981445312,0.9844900369644165,809.9608154296875,847.4067993164062,0.8327009081840515,745.2376098632812,950.415283203125,0.9518029689788818,637.0692138671875,1029.3770751953125,0.919342041015625,537.6339721679688,1026.7525634765625,0.25828301906585693
938,87.01510620117188,115.79307556152344,0.9998600482940674,1002.3359375,77.42618560791016,0.9986515641212463,90.31723022460938,1028.171630859375,0.9999023675918579,1022.8248291015625,1021.3466796875,0.9995705485343933,336.4444274902344,497.8697204589844,0.9967952370643616,333.13995361328125,610.7094116210938,0.9995755553245544,276.8430480957031,551.3426513671875,0.9949564337730408,387.65655517578125,559.4054565429688,0.9957940578460693,736.8374633789062,492.779052734375,0.9852338433265686,770.563232421875,719.0361328125,0.809009313583374,689.2913818359375,581.4425659179688,0.9977356195449829,792.7531127929688,561.5530395507812,0.9865760803222656,700.9991455078125,626.7017211914062,0.311745285987854,693.7997436523438,667.6294555664062,0.9652537107467651,695.0328369140625,690.923095703125,0.9596405625343323,727.95703125,806.1204223632812,0.9727819561958313,646.2247924804688,735.8106079101562,0.7068697214126587,755.4412841796875,725.8963012695312,0.9397619962692261,687.986083984375,883.146484375,0.987351655960083,811.4938354492188,846.8887939453125,0.9341087937355042,742.4130249023438,951.3785400390625,0.9974769949913025,643.4785766601562,1028.220703125,0.8509075045585632,529.374755859375,1027.005615234375,0.8294828534126282
939,86.46733093261719,116.1918716430664,0.9999512434005737,1000.4265747070312,78.22303009033203,0.9996050000190735,88.26380157470703,1029.566162109375,0.9999102354049683,1022.9078979492188,1021.3611450195312,0.9994797110557556,336.7618713378906,498.0325927734375,0.9981327652931213,332.9098205566406,611.1080322265625,0.9995068311691284,276.96673583984375,551.6930541992188,0.996025562286377,388.04296875,560.0453491210938,0.9960047602653503,735.1074829101562,493.6746826171875,0.9859252572059631,770.1278076171875,718.2009887695312,0.8051812052726746,689.6329345703125,582.543212890625,0.9976732134819031,791.76806640625,564.75341796875,0.9941387176513672,692.9363403320312,619.4744262695312,0.49318405985832214,693.6710815429688,668.57373046875,0.9758507013320923,694.4227294921875,692.1094360351562,0.9346023201942444,732.798583984375,814.7514038085938,0.9706919193267822,646.1151123046875,737.21875,0.833340585231781,754.45361328125,725.5036010742188,0.9654072523117065,689.5867919921875,885.6688842773438,0.9968547821044922,812.7290649414062,848.9490966796875,0.9453431963920593,740.2809448242188,952.6528930664062,0.9981017708778381,640.0087280273438,1030.2838134765625,0.9299247860908508,537.310302734375,1027.068359375,0.9862630367279053
940,87.38546752929688,114.6673355102539,0.9998641014099121,1001.1546020507812,80.339599609375,0.999667763710022,88.96368408203125,1028.477783203125,0.9999058246612549,1022.4945068359375,1020.7999877929688,0.9995542168617249,336.3859558105469,498.3683166503906,0.9981036186218262,333.31463623046875,611.2142944335938,0.9995146989822388,277.2811584472656,552.0623168945312,0.9973050355911255,387.99713134765625,560.6212158203125,0.9968736171722412,739.237548828125,493.2584533691406,0.9957183003425598,769.942626953125,720.6447143554688,0.7446755766868591,690.720703125,580.3287353515625,0.9970995187759399,791.0390014648438,562.5120239257812,0.990878164768219,692.736328125,620.5581665039062,0.04726271331310272,694.4295043945312,667.6669921875,0.9407137632369995,695.80126953125,691.620361328125,0.9851025342941284,726.1973876953125,806.67431640625,0.9702332019805908,645.0861206054688,742.6671752929688,0.8355716466903687,755.6221313476562,726.9736938476562,0.9646499752998352,685.5067138671875,880.7081909179688,0.9902995824813843,809.82666015625,843.7590942382812,0.9942089319229126,745.337646484375,943.853515625,0.944858729839325,625.640869140625,1029.7919921875,0.9826891422271729,533.0189819335938,1027.7655029296875,0.8795707821846008
941,86.63148498535156,114.89429473876953,0.9998736381530762,1000.8052978515625,80.249267578125,0.9990398287773132,89.99873352050781,1029.0418701171875,0.9998688697814941,1025.2261962890625,1022.5466918945312,0.9996417760848999,335.590087890625,498.356201171875,0.9990144968032837,333.0865173339844,610.8244018554688,0.9993316531181335,276.9923400878906,551.1072387695312,0.9973088502883911,387.023193359375,558.7760620117188,0.9969850182533264,739.1094360351562,491.42169189453125,0.9976614713668823,770.19775390625,718.6019287109375,0.8378747701644897,693.5878295898438,583.0595703125,0.9985948204994202,792.0513305664062,564.072998046875,0.9913597702980042,692.2117309570312,614.373779296875,0.8249083161354065,695.173095703125,664.254638671875,0.9761764407157898,695.925537109375,689.19091796875,0.989416778087616,726.6304321289062,804.75244140625,0.9904056191444397,644.2860717773438,735.9879760742188,0.9480394721031189,755.729736328125,725.51806640625,0.9220848679542542,685.3245239257812,881.4574584960938,0.9946420192718506,809.6906127929688,845.3228759765625,0.9172765612602234,738.1078491210938,952.739501953125,0.9989820122718811,652.4766235351562,1028.12744140625,0.9642142653465271,538.156494140625,1029.0020751953125,0.8143393397331238
942,87.06401824951172,116.71949768066406,0.9998095631599426,999.498291015625,78.01358032226562,0.9996563196182251,89.04762268066406,1029.2010498046875,0.9998326301574707,1021.9744873046875,1021.1075439453125,0.9994053840637207,335.0794372558594,498.21966552734375,0.9992430210113525,333.5663146972656,610.5224609375,0.9996114373207092,276.7890930175781,552.142333984375,0.9977941513061523,387.2273254394531,559.8175048828125,0.9976199269294739,735.6669921875,493.94482421875,0.9918501377105713,769.833984375,720.1904907226562,0.900179386138916,695.0335693359375,578.7557983398438,0.9973191618919373,790.8145141601562,560.746826171875,0.9910616278648376,687.5484619140625,604.9856567382812,0.8631443977355957,695.6843872070312,660.3131713867188,0.9945408701896667,696.2534790039062,683.8428955078125,0.9694454669952393,723.9824829101562,803.4328002929688,0.9975839853286743,640.4674682617188,728.3558959960938,0.9501774311065674,754.159912109375,722.8119506835938,0.8604847192764282,680.9871826171875,878.1769409179688,0.992119312286377,809.7891235351562,846.0657348632812,0.9812679886817932,738.0463256835938,951.0606079101562,0.9954454898834229,651.5818481445312,1026.80419921875,0.9711402058601379,479.7488098144531,1010.1535034179688,0.91047602891922
943,87.245361328125,115.56324768066406,0.9993515610694885,998.5479125976562,79.37610626220703,0.9999039173126221,89.85521697998047,1028.8731689453125,0.9998602867126465,1021.7490234375,1022.1957397460938,0.9990980625152588,335.34197998046875,498.0216979980469,0.9989389777183533,333.8117370605469,611.7119750976562,0.9997764229774475,277.0113525390625,552.6349487304688,0.9973222613334656,387.62200927734375,559.450927734375,0.9975771307945251,735.5599975585938,492.64129638671875,0.9859440326690674,770.5119018554688,722.2963256835938,0.8246206045150757,692.9652099609375,580.290283203125,0.9976721405982971,792.4500732421875,562.7056884765625,0.9894921779632568,687.403076171875,605.9880981445312,0.9070000052452087,689.9652709960938,656.809326171875,0.9961890578269958,693.52099609375,680.4362182617188,0.9809489846229553,717.489990234375,795.3548583984375,0.9882885217666626,639.4830322265625,725.4853515625,0.9685226678848267,747.9799194335938,718.9271850585938,0.8219037652015686,684.5152587890625,879.3846435546875,0.9956713914871216,805.6307983398438,837.9021606445312,0.9058926701545715,740.2291259765625,945.464111328125,0.9811049103736877,658.2345581054688,1023.2898559570312,0.8429049849510193,477.7230529785156,1009.5059204101562,0.9388828873634338
944,87.81649017333984,114.93226623535156,0.9993964433670044,1000.6392211914062,80.64525604248047,0.9997039437294006,89.79930114746094,1029.2694091796875,0.9998007416725159,1023.5326538085938,1021.9027099609375,0.9995021820068359,333.989013671875,497.994140625,0.9991227984428406,333.6717834472656,611.4794311523438,0.9996811151504517,276.8302307128906,553.0108032226562,0.9959676265716553,386.72406005859375,557.8541870117188,0.9956825971603394,733.942138671875,494.0441589355469,0.9917703866958618,766.8272705078125,719.9847412109375,0.9741610288619995,691.121826171875,584.5702514648438,0.9976429343223572,792.0300903320312,564.7301635742188,0.9944490194320679,675.3323364257812,597.3524169921875,0.8912061452865601,678.4056396484375,647.725341796875,0.9981071949005127,684.888671875,675.5120849609375,0.984624981880188,708.9895629882812,793.4035034179688,0.989173173904419,636.5464477539062,721.317626953125,0.9827479720115662,741.58154296875,716.222412109375,0.5729773044586182,677.2706909179688,874.2759399414062,0.9881442785263062,793.8801879882812,833.5687255859375,0.9583792090415955,738.5142211914062,941.1818237304688,0.9749884009361267,629.99609375,1029.0062255859375,0.9649950265884399,477.55859375,1009.3430786132812,0.823626697063446
945,86.43029022216797,116.23388671875,0.9998636245727539,999.8965454101562,77.8024673461914,0.9996318817138672,90.13457489013672,1030.0806884765625,0.9997648596763611,1022.3818969726562,1020.9871826171875,0.9992996454238892,335.0809631347656,498.5947570800781,0.999089241027832,333.4911193847656,611.5328369140625,0.9995508790016174,276.99554443359375,552.7374877929688,0.9962390661239624,386.9305114746094,559.1657104492188,0.9961729645729065,732.38720703125,496.3074035644531,0.9483708143234253,767.579345703125,721.675537109375,0.9400940537452698,693.131103515625,582.7286376953125,0.9969722032546997,790.2284545898438,564.0941162109375,0.9864153265953064,673.2675170898438,594.3401489257812,0.9120596051216125,679.74462890625,654.2206420898438,0.9926137924194336,685.8985595703125,680.6321411132812,0.9876368045806885,703.7676391601562,789.47216796875,0.9882501363754272,635.7368774414062,726.126708984375,0.7022924423217773,739.9547119140625,714.2749633789062,0.7561202049255371,671.8247680664062,870.1365356445312,0.9854394197463989,784.9166870117188,829.7238159179688,0.909285306930542,726.4635009765625,938.5431518554688,0.9187030792236328,640.9820556640625,1027.83349609375,0.9782431125640869,480.6268310546875,1009.0068359375,0.9760815501213074
946,87.10863494873047,116.69750213623047,0.999833345413208,999.404296875,78.80799102783203,0.9997860789299011,90.65190887451172,1029.19677734375,0.9998822212219238,1020.9122314453125,1021.6856079101562,0.9994751811027527,332.6877746582031,498.55255126953125,0.9993914365768433,334.04510498046875,612.6304321289062,0.9992436170578003,275.9169921875,553.8914794921875,0.9977228045463562,387.0962829589844,557.39404296875,0.9946771860122681,723.8146362304688,499.2965393066406,0.9965935349464417,763.430419921875,720.6407470703125,0.9825978875160217,696.92626953125,583.4715576171875,0.9795651435852051,786.3096313476562,567.3885498046875,0.9906689524650574,675.9219360351562,587.5795288085938,0.9687888622283936,671.7886962890625,658.8168334960938,0.9968647360801697,676.1931762695312,687.445068359375,0.981605589389801,698.7237548828125,796.4095458984375,0.8400580286979675,782.8839721679688,818.261474609375,0.9062487483024597,735.7537841796875,707.135498046875,0.736552894115448,663.0906982421875,871.5040893554688,0.9749955534934998,787.29931640625,826.248046875,0.5699722766876221,732.7879028320312,923.1724243164062,0.1896868646144867,641.7015380859375,1025.385986328125,0.9803502559661865,479.0990295410156,1010.007568359375,0.9640865921974182
947,86.44783020019531,115.4748306274414,0.9997617602348328,999.7208251953125,78.6218032836914,0.9996040463447571,90.2603988647461,1027.223388671875,0.9999032020568848,1021.8299560546875,1021.898681640625,0.9996801614761353,334.2898254394531,498.6553955078125,0.9983100891113281,334.2613830566406,612.111328125,0.9991195797920227,276.4540710449219,553.0748291015625,0.9949389696121216,386.81536865234375,556.8023071289062,0.9944320321083069,721.6453857421875,499.2427062988281,0.938489556312561,764.4246215820312,721.7182006835938,0.962394118309021,698.7083740234375,584.327392578125,0.8882884383201599,787.59912109375,560.8598022460938,0.9952192902565002,680.4015502929688,588.2644653320312,0.9975987076759338,676.9063110351562,655.6319580078125,0.9917575716972351,667.841796875,679.3186645507812,0.7506318092346191,702.4612426757812,798.759521484375,0.868887186050415,630.2810668945312,730.0763549804688,0.7600386142730713,732.74267578125,716.0073852539062,0.9426915645599365,657.6924438476562,870.8818359375,0.9829225540161133,783.3258056640625,826.9381713867188,0.7424518465995789,722.4933471679688,927.6904907226562,0.701393723487854,645.0390625,1026.7376708984375,0.9097811579704285,546.1454467773438,1025.474853515625,0.9755802750587463
948,87.39700317382812,114.90232849121094,0.9997379183769226,1001.1685180664062,79.97513580322266,0.9997829794883728,90.56979370117188,1027.773681640625,0.9998762607574463,1022.1941528320312,1020.1289672851562,0.999396562576294,334.88720703125,498.15185546875,0.9993382096290588,333.0613708496094,611.845703125,0.9991494417190552,276.54339599609375,553.109375,0.9960232973098755,387.57421875,556.7266235351562,0.995758593082428,729.3602294921875,497.2882995605469,0.9345657825469971,764.6885375976562,721.20947265625,0.9654366970062256,701.935546875,601.1187744140625,0.4681134521961212,787.6146240234375,564.3271484375,0.9942700862884521,693.6134033203125,585.8771362304688,0.927263081073761,677.8816528320312,657.9966430664062,0.9035900831222534,673.8600463867188,684.1818237304688,0.8556402325630188,705.426513671875,798.4476318359375,0.9726038575172424,636.6979370117188,727.3150024414062,0.6924088597297668,737.0308227539062,716.7732543945312,0.9587050676345825,659.0651245117188,866.3216552734375,0.9971191883087158,786.2402954101562,825.615234375,0.8838949203491211,728.1253051757812,933.4467163085938,0.9993118047714233,646.106201171875,1025.699951171875,0.8628717660903931,544.8153686523438,1025.6483154296875,0.9846979975700378
949,88.57440185546875,114.18247985839844,0.999376118183136,1001.2197875976562,77.51081848144531,0.9998047947883606,90.01951599121094,1029.3157958984375,0.9997674822807312,1024.9859619140625,1021.9094848632812,0.99974125623703,335.65142822265625,498.5947265625,0.9984208345413208,334.4333801269531,612.9093017578125,0.9991350769996643,276.8157958984375,552.9242553710938,0.9942895174026489,387.6798095703125,556.1775512695312,0.9964540004730225,725.8422241210938,498.2657470703125,0.9122830033302307,761.8934326171875,722.8460083007812,0.6613934636116028,700.35791015625,604.0322265625,0.2838357090950012,787.893798828125,565.0521850585938,0.9933034777641296,694.64013671875,577.767822265625,0.9819557070732117,684.0530395507812,651.3429565429688,0.8901721835136414,679.0733032226562,676.0917358398438,0.975961446762085,699.1736450195312,791.8480834960938,0.891593873500824,638.5145874023438,720.8984375,0.28986823558807373,743.3218383789062,728.5697021484375,0.9462295770645142,657.3819580078125,865.0059814453125,0.9961696267127991,786.9539794921875,824.9978637695312,0.5341524481773376,725.5999755859375,926.7154541015625,0.9633126258850098,663.3773193359375,1022.7813720703125,0.3884824216365814,550.1168823242188,1023.961181640625,0.9636828899383545
950,88.12567138671875,115.26982116699219,0.9995867609977722,999.94091796875,77.40147399902344,0.9998152852058411,91.33818817138672,1029.5870361328125,0.9997838139533997,1023.6672973632812,1021.3311157226562,0.9997802376747131,334.92950439453125,498.0013122558594,0.9991394281387329,334.50396728515625,611.8386840820312,0.9991973042488098,276.59771728515625,552.4723510742188,0.9931665062904358,386.4504089355469,556.9772338867188,0.9944139719009399,713.8704223632812,500.0435485839844,0.9574800133705139,761.6231689453125,723.6044311523438,0.3122536540031433,682.212158203125,570.7323608398438,0.9286463260650635,785.0062866210938,560.4105224609375,0.9942633509635925,707.3917236328125,593.504150390625,0.887587308883667,692.1431274414062,668.8759155273438,0.9879706501960754,683.2600708007812,690.346923828125,0.8723910450935364,707.4445190429688,798.139892578125,0.9336910247802734,644.6433715820312,728.5689086914062,0.9809440970420837,749.437744140625,723.904541015625,0.9118914604187012,662.01904296875,869.3687744140625,0.9967228770256042,785.6742553710938,830.8560791015625,0.5081633925437927,729.3138427734375,931.8487548828125,0.9849801659584045,652.4121704101562,1026.4095458984375,0.9233147501945496,466.8421630859375,1011.922119140625,0.9198206663131714
951,86.97721862792969,115.54120635986328,0.9997426867485046,1000.2832641601562,77.91861724853516,0.9996101260185242,90.20140075683594,1028.830078125,0.9997699856758118,1022.310791015625,1020.7969360351562,0.999594509601593,336.8592529296875,498.3973083496094,0.9984918832778931,333.0067138671875,611.5407104492188,0.9992801547050476,276.44189453125,550.5091552734375,0.9946233034133911,386.7851257324219,559.8034057617188,0.9950372576713562,723.6443481445312,496.1515808105469,0.9524213075637817,735.6712036132812,615.1009521484375,0.8288418650627136,679.1404418945312,566.0679321289062,0.9853047728538513,778.8737182617188,558.1603393554688,0.9914249181747437,752.9679565429688,624.9237060546875,0.9980220794677734,746.4531860351562,633.9291381835938,0.5857974886894226,722.4597778320312,655.3201293945312,0.4010896384716034,702.6992797851562,786.8739624023438,0.9387401342391968,641.4185180664062,714.4407958984375,0.21874189376831055,753.5672607421875,708.8466796875,0.8725934028625488,659.4949340820312,871.3265380859375,0.9956075549125671,784.8937377929688,829.63818359375,0.8092788457870483,732.0012817382812,932.9088134765625,0.9962518811225891,651.1026611328125,1024.9542236328125,0.9527724385261536,536.671142578125,1025.00927734375,0.6713075041770935
952,87.66432189941406,116.51316833496094,0.9997064471244812,999.592041015625,77.27086639404297,0.9998102784156799,90.07991027832031,1030.05712890625,0.9999021291732788,1022.7058715820312,1021.00732421875,0.9996973276138306,336.1819763183594,497.8792419433594,0.9985005855560303,333.7368469238281,612.6310424804688,0.9988420605659485,276.4360046386719,554.5023193359375,0.9937888979911804,385.9847412109375,558.7946166992188,0.9937864542007446,718.2100830078125,496.5749816894531,0.9911960363388062,748.41845703125,627.869873046875,0.9645010232925415,681.4412231445312,577.623046875,0.9940242171287537,785.6802978515625,561.391357421875,0.9937366247177124,778.5660400390625,647.476318359375,0.9565410017967224,770.9005737304688,664.5405883789062,0.598964512348175,740.10546875,686.3541259765625,0.14046452939510345,706.8936767578125,791.1093139648438,0.9025968909263611,777.7877197265625,833.822021484375,0.09571876376867294,773.5335083007812,724.3056030273438,0.9810003042221069,653.8043823242188,862.4994506835938,0.971387505531311,775.7401733398438,840.6036376953125,0.9414317607879639,732.813720703125,930.0254516601562,0.9666529893875122,652.6300048828125,1025.017822265625,0.9491766691207886,545.1339721679688,1024.0341796875,0.8707399964332581
953,88.31725311279297,116.9686508178711,0.9992293119430542,999.2982177734375,78.97885131835938,0.9996614456176758,90.76101684570312,1028.3929443359375,0.9998962879180908,1021.3934936523438,1021.6116943359375,0.9989782571792603,335.7376403808594,498.1609802246094,0.9985520243644714,333.4153137207031,612.0042114257812,0.9994168281555176,276.8695983886719,552.6558837890625,0.9944289922714233,386.3038330078125,558.2188110351562,0.9944473505020142,718.6401977539062,497.24267578125,0.9679841995239258,749.8226318359375,639.5294799804688,0.9930371642112732,685.2214965820312,582.551513671875,0.9965392351150513,782.2009887695312,560.6728515625,0.9876524209976196,805.10400390625,653.4400634765625,0.95623379945755,792.153076171875,674.6326293945312,0.8672974705696106,706.4578247070312,832.3131713867188,0.17061741650104523,716.5715942382812,795.2861938476562,0.9673132300376892,772.892333984375,834.2359619140625,0.4959060549736023,789.8139038085938,732.225830078125,0.8289167284965515,654.1336669921875,865.6995849609375,0.8860323429107666,676.5362548828125,719.6176147460938,0.8251565098762512,730.531494140625,927.22412109375,0.9685361981391907,653.7369995117188,1026.9324951171875,0.862114429473877,509.0110168457031,1017.2103881835938,0.8373090028762817
954,87.99852752685547,117.2467041015625,0.9996767044067383,1000.1088256835938,77.2269287109375,0.9997665286064148,89.07572174072266,1030.0037841796875,0.999817430973053,1022.6870727539062,1020.3180541992188,0.9997658133506775,335.4974060058594,497.7501220703125,0.9987192153930664,333.5692138671875,612.1067504882812,0.9994736313819885,276.1626892089844,552.1378784179688,0.9940105080604553,386.95013427734375,558.8789672851562,0.9952684044837952,730.1149291992188,494.1210021972656,0.9803470373153687,741.923095703125,653.3759155273438,0.7193018794059753,685.31103515625,584.194580078125,0.9941487312316895,783.77099609375,564.0597534179688,0.9938609600067139,715.8734130859375,662.25830078125,0.211069256067276,808.37744140625,667.5009765625,0.7877091765403748,797.47998046875,690.6839599609375,0.6583957076072693,727.4584350585938,794.8408813476562,0.9836748838424683,785.9478759765625,855.7532348632812,0.1737934947013855,801.748779296875,745.0794677734375,0.7840192317962646,654.7661743164062,861.1080322265625,0.8306910395622253,679.8446044921875,722.7745361328125,0.8386086225509644,718.4612426757812,668.4895629882812,0.7021363377571106,651.2730712890625,1026.3270263671875,0.9551084041595459,539.0652465820312,1027.1822509765625,0.9039387106895447
955,87.50900268554688,116.86637115478516,0.9998658895492554,999.85302734375,77.94336700439453,0.9997115731239319,89.44202423095703,1030.5792236328125,0.9997367262840271,1023.8531494140625,1020.5462036132812,0.9998031258583069,335.4599609375,498.1337890625,0.9989534616470337,334.5873718261719,612.1416015625,0.9993459582328796,276.427490234375,552.9075927734375,0.9906216859817505,387.11480712890625,559.08837890625,0.9934567809104919,720.9703369140625,497.16412353515625,0.9933211207389832,748.648193359375,656.231201171875,0.8670774698257446,685.2164916992188,583.7402954101562,0.9963570237159729,781.834228515625,566.1651000976562,0.9931544065475464,820.11572265625,645.5159912109375,0.1575862616300583,810.473388671875,674.8484497070312,0.8228740692138672,802.3614501953125,693.3558959960938,0.8260069489479065,732.2608032226562,792.5746459960938,0.9960718154907227,716.4200439453125,694.2332763671875,0.17550070583820343,809.2326049804688,745.5357666015625,0.9377422332763672,655.5404052734375,860.7322998046875,0.9803312420845032,783.7264404296875,860.9647216796875,0.8939873576164246,726.8543090820312,927.27587890625,0.9856644868850708,638.6248168945312,1027.546142578125,0.749724268913269,538.3944702148438,1024.92431640625,0.9636132717132568
956,88.64801025390625,116.14313507080078,0.9996700286865234,1000.9295043945312,78.22976684570312,0.9998249411582947,89.05643463134766,1030.292724609375,0.9998880624771118,1022.4835815429688,1020.7471923828125,0.9996390342712402,335.6256408691406,498.323974609375,0.9985256791114807,334.8793029785156,611.4752807617188,0.9992330074310303,276.3662414550781,553.7420654296875,0.9945425987243652,386.9961853027344,558.4971923828125,0.9947807192802429,724.9266357421875,496.3269958496094,0.9752208590507507,743.6370239257812,652.822265625,0.9425759315490723,684.7911987304688,580.0816040039062,0.9968265295028687,780.543701171875,560.563720703125,0.9950803518295288,812.8983764648438,618.997802734375,0.6393592953681946,811.2337646484375,661.0001220703125,0.9560421109199524,798.051513671875,684.900390625,0.6888906955718994,735.8405151367188,786.0807495117188,0.9874655604362488,710.9036865234375,693.1588134765625,0.53749018907547,813.0250244140625,732.0663452148438,0.9706922769546509,656.5538940429688,859.9227294921875,0.9624805450439453,783.4174194335938,857.7157592773438,0.6016244292259216,724.7457275390625,929.6791381835938,0.9828285574913025,645.0361938476562,1025.8570556640625,0.9541820883750916,530.7120361328125,1022.1529541015625,0.807397186756134
957,87.65159606933594,114.97258758544922,0.9996969699859619,1001.3269653320312,79.04878234863281,0.9996248483657837,88.91001892089844,1029.6640625,0.9997871518135071,1023.8802490234375,1019.660888671875,0.9997947812080383,336.1358642578125,499.0188293457031,0.9986140727996826,333.2521057128906,610.353759765625,0.999248206615448,277.4080810546875,552.2550659179688,0.9965605139732361,386.89056396484375,561.0863647460938,0.9964268803596497,726.007568359375,497.08782958984375,0.9925642609596252,738.4963989257812,643.7201538085938,0.3995627164840698,683.644287109375,581.756591796875,0.9964697360992432,781.634033203125,561.9566650390625,0.9962607026100159,815.9052124023438,613.9490356445312,0.9711853861808777,812.2884521484375,655.0917358398438,0.7485453486442566,803.144287109375,675.0521850585938,0.8937707543373108,738.7102661132812,781.418212890625,0.991828203201294,713.294677734375,693.8545532226562,0.7667048573493958,812.060302734375,730.7698364257812,0.9592596888542175,652.9081420898438,848.3104858398438,0.6498915553092957,783.4219360351562,859.7276611328125,0.8254641890525818,723.1702270507812,923.7335815429688,0.9768393635749817,639.6947021484375,1026.0684814453125,0.9792155623435974,534.73486328125,1025.8533935546875,0.7958126068115234
958,87.97454071044922,115.61376190185547,0.9996083378791809,1000.75390625,79.60396575927734,0.9994801878929138,90.54655456542969,1029.304443359375,0.9999116659164429,1024.495849609375,1020.9761352539062,0.9998050332069397,335.1911926269531,498.1663818359375,0.998974084854126,332.87322998046875,611.113037109375,0.9997072815895081,276.7711486816406,551.5570678710938,0.9960994720458984,387.1077575683594,559.3842163085938,0.9952869415283203,723.6537475585938,498.25830078125,0.9537141919136047,729.3919067382812,644.0989379882812,0.6485289931297302,682.29443359375,578.2800903320312,0.9898402690887451,769.0082397460938,560.1077880859375,0.9807871580123901,789.0618286132812,577.00341796875,0.9701479077339172,794.8460083007812,611.7032470703125,0.5848858952522278,798.0419921875,660.4234619140625,0.6403040289878845,744.8976440429688,776.9788208007812,0.9870973825454712,710.7479858398438,690.6796264648438,0.8759764432907104,814.987548828125,717.3942260742188,0.934349536895752,660.2650146484375,848.600341796875,0.930387556552887,785.92529296875,849.9002685546875,0.9921770691871643,720.958251953125,920.8506469726562,0.9816298484802246,653.6170043945312,1024.301513671875,0.9129905104637146,424.1722412109375,984.2145385742188,0.4896438717842102
959,87.08612823486328,116.9548568725586,0.9999254941940308,999.486083984375,77.64958953857422,0.9998051524162292,90.145751953125,1029.951904296875,0.9998505115509033,1023.9075317382812,1020.733154296875,0.9996496438980103,336.00537109375,498.4734191894531,0.9992349147796631,332.26593017578125,610.4203491210938,0.9997039437294006,276.4764404296875,551.7337646484375,0.9972681999206543,387.3906555175781,559.5435791015625,0.9970495700836182,722.0248413085938,498.6101989746094,0.979206919670105,723.7120361328125,633.546630859375,0.5483527183532715,681.2595825195312,574.5724487304688,0.9667197465896606,765.8025512695312,543.3179931640625,0.41683506965637207,758.2264404296875,533.410400390625,0.9508437514305115,758.771240234375,553.0061645507812,0.8679554462432861,770.8040161132812,575.57861328125,0.7566481232643127,748.1339111328125,768.7616577148438,0.9380057454109192,710.8023071289062,680.902099609375,0.2132112830877304,813.0462036132812,690.489013671875,0.985116720199585,670.5598754882812,855.6262817382812,0.9699016809463501,784.3314208984375,856.8859252929688,0.9650961756706238,718.1466064453125,920.4011840820312,0.9824227094650269,647.1278686523438,1023.8790893554688,0.9450414776802063,547.109130859375,1023.7349243164062,0.9799939393997192
960,86.85692596435547,116.2416763305664,0.9998884201049805,998.9398193359375,75.86756896972656,0.9998670816421509,89.7197494506836,1028.83154296875,0.9998888969421387,1024.27978515625,1021.9207763671875,0.9997331500053406,335.9960021972656,498.0705871582031,0.9979749321937561,333.49920654296875,612.333740234375,0.9997057318687439,276.66058349609375,552.3173217773438,0.9965188503265381,387.32635498046875,559.435791015625,0.996884286403656,730.0091552734375,497.7619323730469,0.6458207368850708,705.5816040039062,608.3444213867188,0.03465929999947548,677.9700927734375,561.3782958984375,0.9059231877326965,750.94287109375,538.4735717773438,0.16636736690998077,755.97412109375,529.477783203125,0.9808152914047241,754.3876953125,556.425048828125,0.852088451385498,755.0401611328125,578.5493774414062,0.9621847867965698,746.4658203125,749.1781616210938,0.9582324028015137,705.4359741210938,661.9366455078125,0.7850552201271057,795.6075439453125,665.1353759765625,0.8164917230606079,670.9118041992188,840.2908325195312,0.9844058752059937,784.874755859375,849.6348266601562,0.9844404458999634,720.1082153320312,916.2634887695312,0.986686110496521,634.798828125,1021.974609375,0.9258203506469727,540.7261352539062,1023.2984619140625,0.9507918953895569
961,86.44309997558594,118.30113983154297,0.9999032020568848,997.6052856445312,76.68954467773438,0.9999116659164429,88.52508544921875,1029.9097900390625,0.9997037053108215,1019.0349731445312,1020.8367919921875,0.9995667338371277,335.0404968261719,497.42083740234375,0.996886670589447,332.4134826660156,610.3912963867188,0.9994866847991943,277.58380126953125,552.136962890625,0.9979209303855896,388.11517333984375,556.6609497070312,0.9954289197921753,728.6372680664062,497.5101623535156,0.9905686974525452,788.2693481445312,663.3079833984375,0.0011251050746068358,688.9644165039062,552.9364624023438,0.01741473749279976,783.1452026367188,534.1384887695312,0.49022290110588074,727.256591796875,538.2305908203125,0.9996019005775452,721.6242065429688,560.7905883789062,0.9761583209037781,727.731689453125,589.858154296875,0.9674545526504517,741.5294799804688,728.0065307617188,0.9459060430526733,692.93408203125,646.7022094726562,0.9577026963233948,774.9515991210938,629.4496459960938,0.9767127633094788,672.6748046875,833.0930786132812,0.9575823545455933,792.39501953125,771.3450927734375,0.6704250574111938,734.60888671875,896.6126098632812,0.16706520318984985,637.1779174804688,1020.7724609375,0.30517470836639404,600.1297607421875,1025.767578125,0.09048423916101456
962,86.997802734375,118.70953369140625,0.9998378753662109,1000.096923828125,78.51053619384766,0.9997958540916443,89.02864837646484,1028.7320556640625,0.9998526573181152,1022.5355224609375,1021.2933959960938,0.9993552565574646,335.11309814453125,497.5650634765625,0.997955322265625,332.8548583984375,610.2299194335938,0.9986612796783447,276.9024353027344,552.3104248046875,0.9958140254020691,386.77972412109375,555.5493774414062,0.9942692518234253,722.901123046875,489.1452331542969,0.9806960225105286,749.1959228515625,563.0573120117188,0.019876273348927498,704.1085205078125,551.4497680664062,0.4804990291595459,777.8084716796875,528.0863647460938,0.8405249714851379,693.8260498046875,515.2913818359375,0.6928694844245911,697.2693481445312,550.9834594726562,0.993440568447113,701.3273315429688,595.061279296875,0.5757582187652588,727.25537109375,736.043212890625,0.9462266564369202,670.4706420898438,645.4844360351562,0.7883080244064331,759.3605346679688,617.3623657226562,0.9988586902618408,675.9632568359375,845.4820556640625,0.9763103723526001,790.120361328125,835.8311157226562,0.8727990388870239,725.2775268554688,906.806884765625,0.8894787430763245,636.8643798828125,1019.7674560546875,0.7794450521469116,536.7530517578125,1022.909912109375,0.9672747254371643
963,87.61621856689453,117.14347076416016,0.9998210072517395,998.6810302734375,76.68504333496094,0.9997119307518005,89.34640502929688,1029.5572509765625,0.9998341798782349,1025.0252685546875,1022.5222778320312,0.9995860457420349,336.6472473144531,497.9995422363281,0.9982998967170715,333.26336669921875,611.1223754882812,0.9990193843841553,277.36932373046875,552.2993774414062,0.9948667287826538,386.78875732421875,557.6757202148438,0.9962420463562012,726.9297485351562,490.8162841796875,0.9948068261146545,779.2236328125,703.2860717773438,0.08358106017112732,701.592529296875,556.9224243164062,0.7375048398971558,785.8496704101562,543.3690795898438,0.8265507221221924,686.4974365234375,526.25390625,0.6712476015090942,683.6774291992188,560.3001098632812,0.9946368336677551,686.1729736328125,594.11181640625,0.16362351179122925,711.5853271484375,719.2930908203125,0.645828127861023,658.0360717773438,644.8298950195312,0.8087065815925598,748.90673828125,620.7152709960938,0.9922876358032227,672.8333129882812,840.8829956054688,0.9843481183052063,786.2593994140625,805.1321411132812,0.8851431608200073,723.97509765625,908.8038940429688,0.989095151424408,623.4224853515625,1018.9491577148438,0.9517795443534851,530.8826293945312,1023.3888549804688,0.9458171129226685
964,87.08197021484375,117.30699157714844,0.9998202919960022,999.092529296875,78.02898406982422,0.9996254444122314,90.23369598388672,1029.790283203125,0.9997820258140564,1022.7620239257812,1021.563232421875,0.9996252059936523,335.69732666015625,497.432861328125,0.9975482821464539,333.1893005371094,611.5814819335938,0.9993797540664673,277.0552673339844,551.8141479492188,0.9943882822990417,387.350341796875,557.4721069335938,0.996100664138794,722.3128662109375,492.6972351074219,0.977886438369751,774.3486328125,710.1788940429688,0.8846137523651123,680.8240966796875,558.971923828125,0.35845571756362915,788.812744140625,553.545166015625,0.8159798979759216,675.61474609375,534.9020385742188,0.9370461702346802,667.4406127929688,574.2308959960938,0.9953116774559021,665.0636596679688,597.9907836914062,0.9268900752067566,705.0736083984375,724.0594482421875,0.825465977191925,644.3515625,650.76416015625,0.9404142498970032,740.9141845703125,629.6974487304688,0.8873423337936401,675.7993774414062,831.6746215820312,0.9720089435577393,783.455322265625,802.1184692382812,0.9936623573303223,725.9070434570312,905.27197265625,0.9877734780311584,638.4931030273438,1018.1383666992188,0.7109261155128479,546.3905029296875,1023.0682983398438,0.9781118631362915
965,89.0498275756836,119.92704772949219,0.9996033310890198,1001.1099853515625,78.55032348632812,0.9997785687446594,90.44229888916016,1029.8580322265625,0.9995644688606262,1024.2554931640625,1019.8081665039062,0.9997250437736511,336.2289123535156,497.6482849121094,0.9976639747619629,333.98870849609375,611.80859375,0.9986507296562195,277.25592041015625,552.9050903320312,0.9943301677703857,387.6232604980469,554.6829223632812,0.9971936345100403,735.785400390625,492.6317138671875,0.9029519557952881,772.220947265625,711.80419921875,0.6337243318557739,680.2679443359375,550.1819458007812,0.6158261895179749,797.4506225585938,552.4859619140625,0.40508848428726196,660.4044189453125,570.1994018554688,0.5171799063682556,662.8353881835938,596.225341796875,0.971458375453949,661.9745483398438,613.4407958984375,0.9297564625740051,705.7544555664062,743.65283203125,0.8119629621505737,646.9013671875,664.652099609375,0.9869520664215088,735.5872192382812,628.2135009765625,0.9893651008605957,675.6818237304688,837.492431640625,0.9879220128059387,783.2005004882812,810.7879638671875,0.98131263256073,736.8681640625,901.5348510742188,0.9709700345993042,669.9179077148438,1011.1956176757812,0.39627882838249207,537.21826171875,1019.920654296875,0.9765804409980774
966,86.37193298339844,118.21780395507812,0.99991774559021,1000.0796508789062,77.97506713867188,0.9999322891235352,89.67378997802734,1029.1260986328125,0.9998836517333984,1024.1038818359375,1020.4239501953125,0.9996699094772339,337.2123107910156,497.6423645019531,0.9983046054840088,332.8941650390625,610.6424560546875,0.9992996454238892,276.1404724121094,553.05419921875,0.9934624433517456,387.4666748046875,556.369873046875,0.9972139000892639,733.749755859375,491.93670654296875,0.884702742099762,770.7321166992188,717.2084350585938,0.5155437588691711,682.4481201171875,555.1941528320312,0.9108403325080872,786.6381225585938,683.0515747070312,0.46654999256134033,749.9414672851562,570.3154907226562,0.46704789996147156,650.4721069335938,619.6286010742188,0.6186309456825256,665.0789184570312,641.76416015625,0.45658305287361145,708.3291625976562,768.3043212890625,0.6377965211868286,645.9780883789062,690.5884399414062,0.96165931224823,728.135009765625,642.9583129882812,0.9110509157180786,677.0604248046875,847.6431274414062,0.99747234582901,788.2362670898438,804.923828125,0.9835365414619446,738.1844482421875,912.6168212890625,0.9978949427604675,659.95556640625,1027.75927734375,0.9373047947883606,538.8353271484375,1017.6512451171875,0.8079520463943481
967,86.41871643066406,117.1312484741211,0.9998942613601685,999.1485595703125,77.83924102783203,0.999869704246521,90.198974609375,1030.607177734375,0.9997214674949646,1023.2648315429688,1021.514404296875,0.9997432827949524,336.04693603515625,497.9969787597656,0.9984374642372131,332.8642883300781,611.4461059570312,0.9991500377655029,276.5669860839844,553.07177734375,0.9953849911689758,387.687744140625,556.04443359375,0.9967177510261536,736.2802734375,492.41705322265625,0.9179766178131104,767.1063842773438,719.010498046875,0.8936446905136108,676.8248291015625,552.6171264648438,0.717298686504364,794.0457153320312,556.5957641601562,0.5691047310829163,749.8893432617188,633.210205078125,0.14359906315803528,646.1089477539062,638.3953857421875,0.7130923271179199,651.852783203125,653.809814453125,0.37037572264671326,695.7774047851562,758.7230834960938,0.9332159161567688,640.422119140625,703.983154296875,0.9285745620727539,719.5775146484375,658.1221313476562,0.38962090015411377,676.5325317382812,849.90625,0.9942641854286194,787.1641235351562,822.1091918945312,0.9732146263122559,740.8514404296875,913.4210815429688,0.9963299632072449,658.5433959960938,1032.964599609375,0.7543956637382507,535.1836547851562,1011.0109252929688,0.5455325245857239
968,87.26492309570312,118.89261627197266,0.9998825788497925,999.871826171875,77.75117492675781,0.9998286962509155,91.03382873535156,1029.1650390625,0.9998453855514526,1022.7017211914062,1021.1612548828125,0.999457061290741,335.13177490234375,498.1663513183594,0.9984581470489502,335.02349853515625,611.080322265625,0.9993205070495605,276.388671875,554.2833862304688,0.9970378875732422,387.228271484375,555.9074096679688,0.9959776997566223,745.5498657226562,494.2818298339844,0.9806991219520569,765.404541015625,718.3631591796875,0.975683331489563,674.9851684570312,563.4093627929688,0.9329840540885925,786.0694580078125,568.1879272460938,0.9002504944801331,734.5989379882812,618.6864013671875,0.172341987490654,735.5880126953125,635.751220703125,0.6743471622467041,725.5858154296875,647.2047119140625,0.4369286000728607,698.5105590820312,776.1574096679688,0.5725491046905518,635.5692138671875,709.9214477539062,0.5096099376678467,731.9140625,692.4109497070312,0.6016716361045837,670.07275390625,858.1487426757812,0.996788501739502,789.4606323242188,832.6836547851562,0.9262797236442566,738.0385131835938,923.3745727539062,0.9968745708465576,656.8321533203125,1037.5330810546875,0.9129276275634766,488.34930419921875,1001.2984008789062,0.7669729590415955
969,88.25092315673828,116.59506225585938,0.9996438026428223,999.1182250976562,76.29618072509766,0.999804675579071,89.81951904296875,1030.3685302734375,0.9997009038925171,1021.9243774414062,1019.3214111328125,0.9991003274917603,334.8111877441406,498.146728515625,0.9982197880744934,335.2412414550781,610.224365234375,0.9992295503616333,276.6349182128906,554.1028442382812,0.9962822794914246,388.05224609375,556.220703125,0.9970019459724426,723.89208984375,497.2239074707031,0.9959930181503296,758.8139038085938,715.6510620117188,0.9992666840553284,688.7999267578125,594.0719604492188,0.9989696741104126,783.1888427734375,571.8886108398438,0.995788037776947,621.2584228515625,628.9763793945312,0.7413362264633179,630.9373779296875,647.6643676757812,0.9607020020484924,640.1890258789062,664.2474365234375,0.20096178352832794,694.8468017578125,766.2762451171875,0.9273908138275146,631.9454956054688,729.2749633789062,0.6747172474861145,703.06103515625,673.8485107421875,0.33719223737716675,667.2162475585938,856.2952880859375,0.9960579872131348,622.9151000976562,722.5501708984375,0.8508897423744202,735.5545654296875,928.3239135742188,0.9964753985404968,653.4155883789062,1038.6041259765625,0.7941778898239136,487.1128234863281,998.1528930664062,0.7467917799949646
970,87.2577133178711,116.6031494140625,0.9999160766601562,999.243408203125,77.12071228027344,0.9997041821479797,89.18417358398438,1030.4444580078125,0.9998186230659485,1021.0065307617188,1019.6790771484375,0.9995468258857727,334.89093017578125,497.88934326171875,0.9973541498184204,334.5158386230469,611.4074096679688,0.9995713829994202,276.72393798828125,553.484130859375,0.9949464201927185,387.3993225097656,558.008544921875,0.9983407258987427,719.9498291015625,497.6623840332031,0.9943968057632446,755.5955810546875,715.9662475585938,0.9999064207077026,687.5191650390625,594.9360961914062,0.9958705306053162,785.9144287109375,570.649169921875,0.994235098361969,574.4384155273438,625.2918090820312,0.18079207837581635,592.166259765625,636.9757080078125,0.7027311325073242,610.4453735351562,652.6039428710938,0.16568753123283386,680.2879028320312,759.656005859375,0.9720627665519714,611.5567626953125,718.9777221679688,0.45211261510849,671.013671875,665.2487182617188,0.13090310990810394,663.3271484375,858.5655517578125,0.998734176158905,778.2564697265625,815.7202758789062,0.8814632296562195,726.8680419921875,930.6512451171875,0.9973008036613464,660.2314453125,1029.5771484375,0.2701704502105713,626.7767333984375,1046.0948486328125,0.9477201104164124
971,86.61371612548828,116.50260162353516,0.9998791217803955,1000.2816162109375,78.60820770263672,0.9996377229690552,89.90319061279297,1030.6778564453125,0.999677300453186,1022.5030517578125,1019.5029907226562,0.9995682835578918,335.4449768066406,498.0087890625,0.9968559741973877,333.7867126464844,610.8726196289062,0.9994025230407715,276.3805847167969,553.6602783203125,0.9933337569236755,387.307861328125,557.2891235351562,0.9980902075767517,724.4203491210938,497.0960388183594,0.9814644455909729,753.1893920898438,716.6331787109375,0.9992789626121521,691.0682373046875,594.09619140625,0.9968171715736389,785.387451171875,566.1448974609375,0.9959386587142944,521.2957763671875,616.0588989257812,0.12183020263910294,536.2900390625,628.802001953125,0.019288457930088043,548.56005859375,632.9560546875,0.0065368181094527245,666.3062133789062,756.5555419921875,0.9113613963127136,761.1397094726562,749.9624633789062,0.1618371158838272,640.7599487304688,649.3677368164062,0.012356642633676529,663.779296875,850.1156616210938,0.9981471300125122,561.824951171875,701.1253051757812,0.9884563684463501,740.2815551757812,899.4166870117188,0.9988183379173279,696.4200439453125,992.9384155273438,0.6949314475059509,653.1286010742188,1023.7754516601562,0.21160700917243958
972,87.15719604492188,116.86949157714844,0.9999188184738159,999.797119140625,78.23746490478516,0.9998072981834412,89.91722869873047,1029.890380859375,0.9997851252555847,1024.2783203125,1019.6835327148438,0.9996442794799805,335.57891845703125,497.9144592285156,0.9976058006286621,334.7532653808594,611.0281372070312,0.9992096424102783,276.3973388671875,554.1651000976562,0.9935519695281982,386.4451904296875,556.13525390625,0.9976292252540588,720.7537231445312,496.8739318847656,0.9797868728637695,755.7686157226562,710.06982421875,0.9916583895683289,687.6178588867188,592.161376953125,0.9942671656608582,785.0848388671875,564.3892822265625,0.9942060708999634,464.618896484375,577.5985717773438,0.9989138841629028,502.42559814453125,603.1742553710938,0.9937026500701904,524.9490356445312,621.9271240234375,0.9133775234222412,630.7321166992188,729.523681640625,0.9919084906578064,749.9497680664062,721.5283203125,0.9859662652015686,590.6709594726562,625.39208984375,0.1906844526529312,666.9813232421875,836.4154052734375,0.9888013601303101,523.2548217773438,684.0498657226562,0.7720876932144165,755.8976440429688,838.5750122070312,0.9928359389305115,709.5013427734375,966.6228637695312,0.9192759394645691,573.4754028320312,1002.5074462890625,0.8669257760047913
973,88.3900375366211,116.90375518798828,0.9997542500495911,1000.717041015625,80.06583404541016,0.9998372793197632,89.05982971191406,1030.055908203125,0.9998243451118469,1023.1438598632812,1020.6022338867188,0.9996210336685181,335.4313049316406,498.5133361816406,0.9950463771820068,334.5690002441406,610.7907104492188,0.9993098974227905,277.07696533203125,552.8987426757812,0.993152379989624,386.651123046875,552.775146484375,0.9976198077201843,722.8540649414062,497.6002197265625,0.9742034673690796,756.9490966796875,708.08251953125,0.9939494132995605,687.987060546875,591.306396484375,0.9946619868278503,783.8067016601562,565.9635620117188,0.9919341802597046,444.0940856933594,574.550537109375,0.9995594620704651,483.6734924316406,598.9754638671875,0.9784330129623413,503.9725341796875,613.4697265625,0.788497269153595,624.917724609375,706.3258056640625,0.9762065410614014,725.6841430664062,695.2830810546875,0.9644988179206848,580.0109252929688,619.4591064453125,0.1005159467458725,660.2277221679688,810.363037109375,0.9824902415275574,516.7523193359375,684.7359008789062,0.9733884334564209,747.2579956054688,797.889404296875,0.9966683983802795,724.2705688476562,944.2931518554688,0.4415072202682495,606.9061889648438,995.6228637695312,0.231065571308136
974,88.55254364013672,117.88499450683594,0.9997814297676086,1000.7515869140625,80.6236343383789,0.9995328187942505,89.57809448242188,1030.549072265625,0.9997419714927673,1023.8904418945312,1019.6853637695312,0.9997836947441101,336.3299560546875,498.4102478027344,0.9980769157409668,332.9007873535156,610.450439453125,0.9994636178016663,277.0445861816406,550.79443359375,0.9882799386978149,386.5151062011719,553.6319580078125,0.9984769225120544,722.2481079101562,497.77496337890625,0.994318425655365,752.1500244140625,714.5502319335938,0.9986080527305603,686.7657470703125,591.6033935546875,0.9940510392189026,784.11376953125,567.0774536132812,0.9951210618019104,434.0451965332031,577.8594970703125,0.9978941082954407,481.53826904296875,602.2649536132812,0.9887785315513611,506.2275085449219,614.8458862304688,0.9189061522483826,613.4049072265625,686.6171264648438,0.9437543749809265,512.939453125,685.9435424804688,0.6637696623802185,610.0170288085938,774.9566650390625,0.3533707857131958,609.3038940429688,771.0783081054688,0.9620822668075562,514.8416137695312,683.1951904296875,0.8537191152572632,730.161865234375,783.1348266601562,0.8567719459533691,739.1653442382812,929.7713623046875,0.7286544442176819,584.1390380859375,1025.1343994140625,0.9706219434738159
975,88.21509552001953,116.91487884521484,0.9997703433036804,1001.4857788085938,80.261474609375,0.9997171759605408,89.61824035644531,1030.13720703125,0.9997422099113464,1022.68017578125,1020.0704345703125,0.9997469782829285,335.6639709472656,497.93255615234375,0.9977988600730896,333.1924133300781,610.5841064453125,0.9993627667427063,276.1910705566406,552.2649536132812,0.991101086139679,386.571533203125,553.8958740234375,0.9956466555595398,720.6551513671875,498.5818176269531,0.9835294485092163,752.0421752929688,716.2218627929688,0.9992538094520569,689.664794921875,593.0296630859375,0.9931667447090149,783.4911499023438,569.0756225585938,0.9947128891944885,442.68701171875,552.3328857421875,0.9821345806121826,470.81976318359375,569.6680908203125,0.6008278131484985,504.0218200683594,596.2587280273438,0.18713515996932983,606.4409790039062,675.3085327148438,0.9654761552810669,691.6673583984375,661.2778930664062,0.011769543401896954,609.07568359375,774.0021362304688,0.34523358941078186,572.5930786132812,595.6538696289062,0.8437872529029846,505.1425476074219,667.316162109375,0.7141351103782654,726.37109375,765.304931640625,0.9005913734436035,753.1148071289062,890.705078125,0.47277215123176575,588.847412109375,1013.0947265625,0.8057459592819214
976,86.9874496459961,116.61418914794922,0.9998525381088257,999.2401123046875,79.65284729003906,0.9998205304145813,89.08993530273438,1029.851318359375,0.9998741149902344,1023.006103515625,1020.0711669921875,0.9996480941772461,334.4865417480469,497.7699279785156,0.9976244568824768,333.0926208496094,610.9584350585938,0.9993391633033752,276.0110168457031,552.1450805664062,0.9954332113265991,386.6599426269531,554.4513549804688,0.9985696077346802,719.2056884765625,496.75054931640625,0.9637401103973389,751.438720703125,717.4666137695312,0.9986584186553955,688.8703002929688,593.2926025390625,0.9887790679931641,783.4628295898438,567.1614379882812,0.9903449416160583,448.6539001464844,535.61767578125,0.9984789490699768,488.4728698730469,557.6398315429688,0.9976650476455688,506.180419921875,573.4653930664062,0.8659117221832275,609.8518676757812,665.0610961914062,0.9558005332946777,502.5165710449219,649.0607299804688,0.5927793383598328,593.9780883789062,755.1839599609375,0.3004831373691559,592.2627563476562,749.3646240234375,0.9744799733161926,701.61669921875,684.2797241210938,0.3526635468006134,720.685791015625,755.5342407226562,0.9084563851356506,754.0808715820312,832.479736328125,0.971367359161377,556.3320922851562,1015.8926391601562,0.9460292458534241
977,87.59297180175781,117.31573486328125,0.9997738003730774,1001.3735961914062,81.06184387207031,0.9995896220207214,89.79426574707031,1028.9957275390625,0.99979168176651,1024.8087158203125,1020.7318725585938,0.9997735619544983,333.9200744628906,497.5861511230469,0.9979097247123718,334.01849365234375,612.6858520507812,0.9988641738891602,276.5035400390625,552.2352294921875,0.9928102493286133,386.3768005371094,555.7001953125,0.9975960850715637,719.7483520507812,496.5032958984375,0.9457364082336426,752.3177490234375,714.6378784179688,0.9971910119056702,691.7819213867188,592.9041137695312,0.986653745174408,785.0349731445312,568.3839111328125,0.9946451187133789,447.1953125,517.58154296875,0.9592359066009521,486.18194580078125,535.86181640625,0.9895138740539551,649.8553466796875,763.3143920898438,0.23576194047927856,596.7169189453125,654.4779663085938,0.997000515460968,500.47930908203125,632.7152099609375,0.7497203946113586,590.2212524414062,751.4783325195312,0.7336336970329285,585.2764892578125,745.0252685546875,0.9566657543182373,691.9259033203125,661.4649047851562,0.9767588376998901,713.8604736328125,749.7985229492188,0.9844241738319397,751.8786010742188,831.6281127929688,0.9401781558990479,549.1954956054688,1015.95556640625,0.9778379797935486
978,86.77754974365234,116.70772552490234,0.9998842477798462,998.042236328125,75.77803802490234,0.9996874332427979,89.86456298828125,1028.6890869140625,0.9998701810836792,1022.4338989257812,1021.9371948242188,0.9989293217658997,334.79986572265625,497.84417724609375,0.9976467490196228,332.253662109375,609.9701538085938,0.9993584752082825,276.7785949707031,552.2867431640625,0.9944080114364624,386.9881591796875,557.2139892578125,0.9904165267944336,721.1468505859375,496.6134338378906,0.9581366181373596,754.3618774414062,714.6132202148438,0.9996503591537476,688.494384765625,592.5631713867188,0.9908987283706665,785.5964965820312,567.0352172851562,0.9962438344955444,454.35736083984375,496.4755554199219,0.8558392524719238,482.2670593261719,514.8768920898438,0.9519743919372559,493.70135498046875,525.1156005859375,0.13989530503749847,592.3182983398438,651.1978759765625,0.9859824776649475,488.8077087402344,606.1763916015625,0.6257704496383667,566.0614013671875,558.8184814453125,0.8166459798812866,571.528564453125,738.198974609375,0.9927293658256531,681.1259155273438,668.9263916015625,0.9954546689987183,699.33447265625,740.0593872070312,0.9920703768730164,744.9420776367188,845.4895629882812,0.9912207722663879,544.5272216796875,1023.1254272460938,0.6900359392166138
979,87.4911117553711,119.79598999023438,0.9998672008514404,999.7185668945312,80.27732849121094,0.999775230884552,89.16278839111328,1029.227783203125,0.9998076558113098,1022.4561767578125,1021.0853881835938,0.9994007349014282,336.4517517089844,498.179931640625,0.9986191987991333,332.3957214355469,611.5095825195312,0.9991137385368347,276.66192626953125,552.155517578125,0.9934452772140503,386.8429260253906,557.1549682617188,0.9967877864837646,718.0585327148438,496.22344970703125,0.9737944602966309,755.1464233398438,714.2576293945312,0.9997825026512146,689.7969970703125,594.66845703125,0.9967639446258545,784.44384765625,565.9038696289062,0.9961517453193665,455.4984436035156,483.02783203125,0.985159695148468,480.33892822265625,497.6646728515625,0.9980417490005493,495.5543212890625,514.8773803710938,0.5539894700050354,580.2584228515625,637.0184936523438,0.9981114864349365,486.42315673828125,596.6906127929688,0.8846837878227234,567.0947265625,544.8583374023438,0.553596019744873,556.5473022460938,722.9290771484375,0.9911054968833923,666.2913208007812,668.71630859375,0.9916650652885437,677.8485717773438,735.515625,0.9964867830276489,732.896728515625,844.676025390625,0.9709089994430542,561.625732421875,1023.94482421875,0.8730120062828064
980,88.01289367675781,118.01510620117188,0.9997929930686951,999.521728515625,77.99707794189453,0.9998670816421509,90.18932342529297,1029.6051025390625,0.9998699426651001,1024.87109375,1021.4478759765625,0.9996616840362549,335.7851867675781,497.95843505859375,0.997183620929718,332.8443603515625,611.5375366210938,0.9991051554679871,276.74053955078125,551.6260986328125,0.9927895665168762,387.2512512207031,556.1094360351562,0.9947157502174377,716.3703002929688,497.5466003417969,0.9743476510047913,755.6155395507812,715.02978515625,0.9998363256454468,691.3863525390625,597.46484375,0.9983904361724854,783.6499633789062,566.3087158203125,0.9965432286262512,450.9966735839844,468.2608337402344,0.9944329857826233,476.3211669921875,481.5694274902344,0.9972724318504333,486.9983825683594,500.9163818359375,0.7979559302330017,575.5150756835938,629.8025512695312,0.9965658783912659,485.6952819824219,586.2654418945312,0.9501274824142456,560.5381469726562,532.54150390625,0.8565511703491211,552.247802734375,722.5626831054688,0.9926591515541077,661.22607421875,667.158935546875,0.928914487361908,669.9098510742188,740.251953125,0.9950110912322998,720.5191650390625,830.2125854492188,0.9377447962760925,547.9254150390625,1018.5752563476562,0.5122333765029907
981,86.99824523925781,117.27536010742188,0.9998806715011597,998.6317138671875,76.8951187133789,0.999843955039978,89.19099426269531,1029.4736328125,0.9998108744621277,1022.389404296875,1020.6882934570312,0.9994831085205078,335.022216796875,498.02435302734375,0.9983310103416443,333.2181091308594,611.03369140625,0.9989534616470337,276.52801513671875,551.3798217773438,0.994147777557373,386.8843994140625,554.0338134765625,0.9956910014152527,719.2926635742188,495.69775390625,0.9529745578765869,755.065673828125,714.4562377929688,0.9999139308929443,690.4625854492188,597.4390258789062,0.991367757320404,785.0509643554688,566.131103515625,0.9949666857719421,456.2261962890625,435.9722595214844,0.9894941449165344,473.8130187988281,458.2513122558594,0.9902694225311279,486.483154296875,478.55999755859375,0.6997979283332825,566.5819091796875,621.4496459960938,0.9806221723556519,473.265869140625,564.5125122070312,0.4052198529243469,547.8666381835938,502.1436767578125,0.9885146021842957,547.1961059570312,719.1604614257812,0.9689964652061462,661.7499389648438,657.986083984375,0.9896395206451416,665.5047607421875,739.303466796875,0.9982432126998901,708.1845092773438,844.762451171875,0.9843892455101013,532.6953735351562,1016.0661010742188,0.39589443802833557
982,89.2671127319336,115.92976379394531,0.9997478127479553,1001.15673828125,76.16520690917969,0.9997126460075378,88.8074722290039,1030.015625,0.999744713306427,1021.3023681640625,1020.921630859375,0.9994007349014282,334.9072265625,497.2218017578125,0.9956594109535217,333.40228271484375,610.71630859375,0.9992701411247253,276.6286926269531,550.5639038085938,0.9946874380111694,387.59954833984375,555.2029418945312,0.9913552403450012,724.5472412109375,496.8873596191406,0.7123678922653198,754.1385498046875,714.8901977539062,0.9999492168426514,692.3626708984375,596.0691528320312,0.9966440200805664,786.3267211914062,565.2618408203125,0.9964448809623718,462.04034423828125,409.5768127441406,0.9965600371360779,471.7284240722656,436.66180419921875,0.9943429231643677,481.5963439941406,456.6224365234375,0.9655190110206604,539.6707153320312,588.5756225585938,0.9488149881362915,636.247802734375,609.53173828125,0.518359899520874,541.71142578125,485.41705322265625,0.9828892350196838,549.7760620117188,705.5428466796875,0.9771254062652588,460.1700744628906,527.1070556640625,0.8647409677505493,640.1898193359375,720.178955078125,0.9661267399787903,694.1129760742188,807.9953002929688,0.9944577217102051,642.1297607421875,934.1715087890625,0.4330695867538452
983,86.87367248535156,116.12300109863281,0.999908447265625,999.2069702148438,80.89216613769531,0.9999136924743652,89.48638916015625,1029.0677490234375,0.999846339225769,1020.3906860351562,1020.9880981445312,0.9991267323493958,337.1166076660156,497.6372985839844,0.9976727366447449,332.150146484375,610.5858764648438,0.9993219375610352,277.1437072753906,549.9728393554688,0.9959393739700317,387.069580078125,558.9741821289062,0.996426522731781,720.1206665039062,498.8634338378906,0.9852808117866516,756.1722412109375,716.0648193359375,0.9998925924301147,691.7810668945312,594.1561279296875,0.9937008619308472,784.8696899414062,566.1544799804688,0.9953699707984924,464.56939697265625,373.20123291015625,0.999620795249939,468.8013916015625,397.8639221191406,0.9908490180969238,478.0724792480469,422.15606689453125,0.9593361616134644,533.9451904296875,565.57470703125,0.9833108186721802,455.6268310546875,484.99053955078125,0.9860363006591797,533.422607421875,458.20794677734375,0.9828535914421082,518.483642578125,668.8973388671875,0.4801025390625,622.1611938476562,606.14501953125,0.9939893484115601,627.4690551757812,700.033203125,0.9929872155189514,677.060546875,794.3812866210938,0.950035035610199,676.5503540039062,850.2994384765625,0.43110552430152893
984,88.32369232177734,116.31250762939453,0.9996137022972107,1000.2557373046875,81.57478332519531,0.9997348189353943,89.15457153320312,1031.1802978515625,0.9998421669006348,1020.570556640625,1021.1846923828125,0.9994779229164124,335.7984924316406,498.20550537109375,0.9974386692047119,332.8004455566406,611.1773681640625,0.9994238615036011,276.9499206542969,551.2221069335938,0.9959583878517151,387.7790222167969,557.9789428710938,0.995928943157196,724.3312377929688,494.8354187011719,0.9012960195541382,756.5020141601562,714.9931640625,0.9999183416366577,692.2684936523438,595.3036499023438,0.9947799444198608,783.136962890625,566.4503173828125,0.9955049157142639,437.6268310546875,356.4541931152344,0.06720529496669769,452.0942077636719,370.7140197753906,0.4816962480545044,459.6165771484375,377.4908447265625,0.010531957261264324,530.8535766601562,543.9027099609375,0.9929169416427612,462.88934326171875,463.672119140625,0.5077114701271057,537.55517578125,428.2137756347656,0.6126085519790649,528.1196899414062,653.0986328125,0.8806347846984863,453.9004211425781,458.37933349609375,0.9094312787055969,618.88134765625,693.0556640625,0.992469847202301,653.765380859375,749.899169921875,0.4308992922306061,471.3325500488281,1022.5081787109375,0.7991150617599487
985,85.50992584228516,116.7276382446289,0.9999071359634399,1001.7568969726562,80.35834503173828,0.9996891021728516,89.06365203857422,1029.97021484375,0.9998704195022583,1020.7451171875,1021.1632690429688,0.9990431666374207,336.3328552246094,497.5213317871094,0.996605396270752,333.60638427734375,611.4969482421875,0.9994022846221924,276.9956359863281,550.0930786132812,0.9925976991653442,386.9072265625,558.0521240234375,0.9961355924606323,721.2889404296875,496.97900390625,0.9478071331977844,757.410400390625,716.3081665039062,0.999882698059082,695.3569946289062,595.8908081054688,0.994421660900116,781.6262817382812,566.7444458007812,0.9959309697151184,406.2987976074219,360.3941955566406,0.083835668861866,436.8746032714844,357.1489562988281,0.9445361495018005,452.8299560546875,373.262939453125,0.23522211611270905,532.294677734375,500.9402160644531,0.989440381526947,456.336669921875,442.0848693847656,0.9886295795440674,537.880126953125,386.36700439453125,0.9205732941627502,533.5696411132812,382.7244873046875,0.8841504454612732,618.7777709960938,562.9750366210938,0.10922032594680786,619.3359375,661.9920654296875,0.9829673767089844,613.7147216796875,757.3613891601562,0.9724690914154053,594.7205200195312,799.3766479492188,0.3360901176929474
986,85.58064270019531,116.3639907836914,0.9999270439147949,1001.085693359375,79.42742919921875,0.9994688630104065,91.11383056640625,1030.080810546875,0.999842643737793,1022.9871826171875,1021.955322265625,0.99907386302948,336.19940185546875,498.0393371582031,0.9980610013008118,333.3263854980469,611.9876708984375,0.9995763897895813,277.1156921386719,550.0106811523438,0.9953092932701111,387.2104797363281,558.4981079101562,0.9967315196990967,730.4317016601562,492.66070556640625,0.9325513243675232,756.60009765625,717.2794799804688,0.9998984336853027,694.8025512695312,592.603515625,0.9960108995437622,783.359375,566.9428100585938,0.9931747317314148,385.34649658203125,364.44580078125,0.5377075672149658,418.7566833496094,360.4837341308594,0.9821365475654602,436.7442626953125,368.5342712402344,0.9960849285125732,531.9619140625,472.3105163574219,0.9992817044258118,449.0621032714844,434.31756591796875,0.9860302805900574,500.94866943359375,356.074951171875,0.8399221897125244,529.6965942382812,581.4945068359375,0.9930867552757263,617.2430419921875,515.4473266601562,0.9177367687225342,617.3135375976562,628.2344360351562,0.9995050430297852,605.9638061523438,730.7461547851562,0.9901041388511658,504.041259765625,904.0390625,0.7708284854888916
987,86.67105865478516,115.78083038330078,0.999881386756897,999.7090454101562,79.35891723632812,0.9997836947441101,89.80516052246094,1030.32421875,0.9997305274009705,1023.360107421875,1020.4199829101562,0.9994206428527832,336.8213195800781,497.3288269042969,0.9974009990692139,331.88433837890625,611.6889038085938,0.99928218126297,276.8525390625,550.5999145507812,0.995418906211853,386.3961181640625,559.5082397460938,0.9958282113075256,727.9529418945312,496.2720031738281,0.955810010433197,756.0326538085938,716.630615234375,0.9998966455459595,693.3939208984375,594.6746215820312,0.9964356422424316,784.4542236328125,569.903076171875,0.9951778650283813,344.0820007324219,397.8411560058594,0.945399820804596,398.4674072265625,371.928955078125,0.9649983644485474,415.0304870605469,376.4600830078125,0.9942643046379089,530.8016357421875,447.9587097167969,0.9991393089294434,442.6723327636719,436.5614013671875,0.9856573343276978,496.9815673828125,359.745361328125,0.07354472577571869,500.1797790527344,528.9885864257812,0.9749453067779541,619.935302734375,497.6845397949219,0.9652574062347412,610.064453125,596.4388427734375,0.9968574047088623,612.5126342773438,703.4900512695312,0.9243276715278625,465.4727478027344,1010.4246826171875,0.09868119657039642
988,86.50804138183594,114.60519409179688,0.99991774559021,1000.8489379882812,78.06263732910156,0.9994723200798035,88.52053833007812,1029.8875732421875,0.9998947381973267,1022.8114013671875,1020.1111450195312,0.9994882345199585,336.166259765625,497.71136474609375,0.9981470108032227,333.2052001953125,611.2090454101562,0.9994474053382874,276.2555847167969,550.0278930664062,0.9955074787139893,386.71112060546875,558.3399047851562,0.9959700107574463,717.205322265625,495.70465087890625,0.9125965237617493,756.4640502929688,717.7742919921875,0.9998924732208252,691.9232177734375,593.729736328125,0.9978548884391785,783.7094116210938,568.4339599609375,0.9911074042320251,364.62457275390625,376.0342712402344,0.5104959011077881,397.9551696777344,374.2427978515625,0.9261509776115417,410.2705383300781,377.4764099121094,0.9953553676605225,527.1627807617188,444.05255126953125,0.9960401058197021,437.8680114746094,432.9029846191406,0.981743335723877,493.45440673828125,353.5381164550781,0.34239429235458374,500.2159729003906,521.6961059570312,0.8904282450675964,615.0028076171875,491.2936706542969,0.9440267086029053,614.7154541015625,590.7760009765625,0.9985852241516113,628.6561889648438,689.0774536132812,0.9881066083908081,464.7184753417969,1011.307861328125,0.34514883160591125
989,86.4991683959961,114.77251434326172,0.9998773336410522,1000.4263305664062,80.40130615234375,0.9996728897094727,88.32103729248047,1029.7730712890625,0.9998136162757874,1022.4627075195312,1020.7490234375,0.9996216297149658,337.2082214355469,497.3907165527344,0.9985911250114441,332.2824401855469,609.7129516601562,0.9994625449180603,277.4415588378906,551.1187744140625,0.9971246123313904,386.681640625,559.4778442382812,0.9950410723686218,722.277099609375,498.40655517578125,0.9369039535522461,756.0670166015625,715.92919921875,0.999908447265625,693.8088989257812,595.589111328125,0.9994196891784668,786.6785888671875,569.5687866210938,0.9930459856987,363.8796081542969,388.159423828125,0.7484482526779175,396.9950866699219,380.9512939453125,0.9896848201751709,411.43115234375,382.5277099609375,0.9932036399841309,530.8552856445312,445.1009826660156,0.9984056353569031,440.3517761230469,433.1068115234375,0.990542471408844,495.7916564941406,353.2529602050781,0.13801124691963196,502.5482482910156,523.4065551757812,0.7523597478866577,614.7986450195312,487.4829406738281,0.9472565054893494,615.9985961914062,592.4267578125,0.9974465370178223,635.0887451171875,692.2431030273438,0.9683283567428589,523.451416015625,911.6571655273438,0.2749481499195099
990,88.37842559814453,116.94938659667969,0.9998610019683838,998.9237060546875,78.42407989501953,0.9995431900024414,90.38008880615234,1029.45263671875,0.9997898936271667,1021.68212890625,1020.4422607421875,0.9995591044425964,334.7327575683594,497.8429260253906,0.9988940358161926,332.6606750488281,610.9756469726562,0.9994450211524963,277.0809326171875,552.1112670898438,0.9975599050521851,386.9299621582031,558.3300170898438,0.9968057870864868,729.3733520507812,495.4851379394531,0.8652287125587463,755.7946166992188,716.3311157226562,0.9999041557312012,691.8851928710938,592.6480102539062,0.9981546998023987,786.51025390625,564.4977416992188,0.9918016791343689,366.0421142578125,385.3699035644531,0.915713906288147,399.6258239746094,383.4764404296875,0.9497338533401489,414.2713317871094,385.4761962890625,0.9214884638786316,529.9287719726562,445.97662353515625,0.9986264705657959,437.99273681640625,438.8476257324219,0.9892695546150208,460.0496520996094,350.16253662109375,0.08895863592624664,504.6157531738281,524.39404296875,0.2264467179775238,615.03955078125,493.31683349609375,0.9946759939193726,616.0225830078125,584.3838500976562,0.9983687996864319,643.0711059570312,688.2496337890625,0.9579505324363708,521.1381225585938,907.9515991210938,0.9577600955963135
991,86.9552001953125,116.40876770019531,0.999935507774353,998.6697387695312,80.0850830078125,0.9998395442962646,89.9237060546875,1028.6414794921875,0.9999115467071533,1022.5792236328125,1021.5339965820312,0.9995602965354919,334.9932556152344,497.2436828613281,0.9940609335899353,332.0909729003906,610.9151000976562,0.9997596144676208,276.912353515625,552.0156860351562,0.9974187612533569,387.3161926269531,557.9461669921875,0.9959748387336731,715.8688354492188,498.23388671875,0.957287073135376,756.9913330078125,716.1682739257812,0.9998524188995361,694.4769287109375,594.2254638671875,0.9968791007995605,785.3107299804688,563.7058715820312,0.9920645356178284,374.7070007324219,391.2686462402344,0.741326630115509,403.7471008300781,387.16748046875,0.978046178817749,415.6618347167969,391.34295654296875,0.860624372959137,532.195068359375,449.888916015625,0.9991880059242249,441.7003173828125,441.9118957519531,0.9506804943084717,453.1720275878906,358.0927734375,0.02855544351041317,519.4318237304688,532.0918579101562,0.42908525466918945,615.1507568359375,488.7920227050781,0.9941835999488831,614.4683837890625,576.327392578125,0.9986716508865356,646.825439453125,711.9041137695312,0.9310674667358398,577.4285888671875,849.4573364257812,0.2891334593296051
992,86.5844955444336,116.26519012451172,0.9999154806137085,999.8017578125,79.8198471069336,0.9997925162315369,89.28495788574219,1029.3707275390625,0.9998088479042053,1022.5942993164062,1021.9232177734375,0.9988710284233093,336.3925476074219,496.3647766113281,0.9957042336463928,333.0813293457031,612.0029907226562,0.9995860457420349,277.16302490234375,552.2689819335938,0.9980816841125488,388.9416198730469,558.0139770507812,0.9948273301124573,722.0057983398438,497.4040832519531,0.9626989364624023,756.2445068359375,716.7523803710938,0.9999101161956787,694.22021484375,596.0525512695312,0.9944720268249512,786.533935546875,567.21484375,0.9892359375953674,354.46966552734375,462.7601318359375,0.23253074288368225,389.3151550292969,399.6164245605469,0.8457536697387695,407.2034912109375,395.49224853515625,0.8930721282958984,532.9046630859375,449.13665771484375,0.9996868371963501,439.06024169921875,439.1754455566406,0.9906499981880188,450.0595703125,358.5157165527344,0.08253702521324158,514.5637817382812,527.4744873046875,0.36221399903297424,615.5814819335938,485.01751708984375,0.9899606704711914,615.9725341796875,577.1370239257812,0.9967166781425476,650.43359375,707.1211547851562,0.5902671217918396,520.0381469726562,932.92919921875,0.8556185960769653
993,87.3044204711914,115.8172836303711,0.9999312162399292,1000.6416625976562,81.04680633544922,0.9997183680534363,89.38800048828125,1030.052978515625,0.9997891783714294,1022.4860229492188,1019.7608032226562,0.9988937973976135,336.8622741699219,496.0079040527344,0.9973325729370117,333.29150390625,611.0734252929688,0.9996274709701538,276.931884765625,550.9965209960938,0.9980570673942566,388.4278869628906,557.7146606445312,0.9971664547920227,719.0272216796875,496.36279296875,0.9129559397697449,755.7053833007812,716.3311157226562,0.9999065399169922,695.192138671875,592.9725341796875,0.9928414821624756,785.4265747070312,567.2506103515625,0.972494900226593,339.911376953125,467.1126403808594,0.33254140615463257,379.6112976074219,399.09295654296875,0.9147360324859619,402.749755859375,398.05255126953125,0.9388458132743835,527.6630859375,448.3033142089844,0.9992856383323669,433.83123779296875,447.7876281738281,0.9864016175270081,448.8085021972656,357.90899658203125,0.030175425112247467,517.3110961914062,528.7408447265625,0.8168042898178101,612.4291381835938,476.9521789550781,0.9965973496437073,614.2749633789062,569.3037719726562,0.9974492192268372,648.3357543945312,704.3475952148438,0.7190358638763428,539.4649658203125,920.035400390625,0.9432293176651001
994,87.39176940917969,115.99964141845703,0.9998735189437866,999.4427490234375,80.6045913696289,0.9998237490653992,90.18023681640625,1030.3892822265625,0.999916672706604,1023.5692749023438,1021.8076782226562,0.9994387030601501,337.0343322753906,495.6083984375,0.9932888150215149,332.9703674316406,612.05517578125,0.9995369911193848,276.68499755859375,552.0006713867188,0.997701108455658,388.09136962890625,557.1839599609375,0.9958670139312744,716.718505859375,498.12005615234375,0.9203983545303345,757.5379028320312,717.5211181640625,0.9998577833175659,697.8506469726562,598.4705200195312,0.9870854020118713,787.1057739257812,565.2293090820312,0.9939253926277161,337.47210693359375,408.7035217285156,0.7924993634223938,371.1469421386719,404.1899719238281,0.9889029860496521,392.0066223144531,402.12872314453125,0.9804924726486206,518.6026000976562,439.7252502441406,0.9976170659065247,419.6576232910156,453.5898132324219,0.9498717188835144,537.939208984375,529.1950073242188,0.24579770863056183,484.9229431152344,356.81988525390625,0.40783992409706116,607.4287719726562,454.6095886230469,0.7043014168739319,619.9580078125,534.2244873046875,0.9997785687446594,658.860107421875,637.7958374023438,0.9304571151733398,580.6571044921875,850.4814453125,0.958385705947876
995,87.5290756225586,115.33953857421875,0.9999368190765381,1000.4153442382812,81.27735137939453,0.9997982382774353,89.59819793701172,1029.904296875,0.9998291730880737,1023.1505737304688,1021.0610961914062,0.99934321641922,337.88458251953125,497.486328125,0.9973152279853821,331.60223388671875,611.4779052734375,0.9994202852249146,276.7394104003906,550.4197998046875,0.9953302145004272,386.7073059082031,559.5174560546875,0.9960247278213501,722.826171875,496.9887390136719,0.9597018361091614,756.9241333007812,716.408935546875,0.9998761415481567,696.4281616210938,584.8916625976562,0.9765046834945679,787.8258666992188,566.930419921875,0.9956478476524353,654.7343139648438,516.4890747070312,0.7537594437599182,346.2377624511719,406.8393249511719,0.8984147310256958,367.5801086425781,403.4054260253906,0.9680602550506592,510.58648681640625,419.403564453125,0.9966889023780823,406.99267578125,450.8525390625,0.8091995120048523,528.2866821289062,510.59332275390625,0.14653947949409485,533.6280517578125,508.7124328613281,0.9601585865020752,589.8893432617188,400.8616638183594,0.8679593801498413,610.7256469726562,476.4423522949219,0.9259487986564636,649.0057983398438,694.9959716796875,0.5661721229553223,621.0633544921875,761.0117797851562,0.8512964248657227
996,87.3851089477539,116.06752014160156,0.9999353885650635,1000.1141967773438,79.81725311279297,0.9997517466545105,89.31654357910156,1029.8111572265625,0.9998568296432495,1023.7630004882812,1021.2037963867188,0.999554455280304,337.1715393066406,499.0133361816406,0.9965903759002686,331.8503723144531,612.1060791015625,0.9994219541549683,276.7353820800781,551.5209350585938,0.9953552484512329,387.3013916015625,558.6624755859375,0.9966247081756592,725.6354370117188,493.590087890625,0.9984288811683655,757.4147338867188,716.5797119140625,0.9998428821563721,699.0476684570312,595.2296142578125,0.9562888741493225,786.2791137695312,564.1040649414062,0.9970048069953918,331.0979309082031,398.7835998535156,0.7636858820915222,356.86798095703125,404.63897705078125,0.8125790953636169,387.7877197265625,399.8538513183594,0.7308311462402344,507.26324462890625,399.057373046875,0.9819244146347046,415.80340576171875,443.3576354980469,0.7963744401931763,435.4490051269531,341.09228515625,0.08892972022294998,535.1227416992188,481.9596862792969,0.9894589185714722,569.1300659179688,369.33477783203125,0.9327521920204163,611.7859497070312,436.65570068359375,0.8197075128555298,672.4388427734375,503.1446533203125,0.3462517559528351,643.7923583984375,719.3098754882812,0.9661480784416199
997,87.04161071777344,116.30624389648438,0.9999133348464966,999.8095703125,80.32440185546875,0.9991669654846191,89.68115997314453,1029.221435546875,0.9999188184738159,1022.1004028320312,1022.0088500976562,0.9993962049484253,334.8958740234375,498.6726379394531,0.9970099925994873,331.6646728515625,610.951171875,0.9996341466903687,276.911376953125,552.0354614257812,0.9966354966163635,386.94903564453125,558.1620483398438,0.996279776096344,738.2918701171875,493.8846435546875,0.93773353099823,760.3660278320312,716.2281494140625,0.9996192455291748,719.156494140625,583.3824462890625,0.9709179997444153,791.5213012695312,568.3721313476562,0.9916862845420837,334.11285400390625,397.1245422363281,0.7278661131858826,361.1017761230469,411.6005554199219,0.8968845009803772,380.90966796875,405.89971923828125,0.9101126790046692,498.8940124511719,378.2645263671875,0.9947227239608765,418.5419921875,438.66455078125,0.5646183490753174,407.3519287109375,338.4856872558594,0.5854506492614746,546.9853515625,454.1744384765625,0.35916540026664734,565.44677734375,347.17584228515625,0.9986172914505005,613.996826171875,414.5596618652344,0.9861056804656982,705.4177856445312,482.5704345703125,0.9577863812446594,664.0762939453125,699.7567749023438,0.9840261936187744
998,86.84140014648438,118.7362289428711,0.9998144507408142,1000.8983764648438,78.27655792236328,0.99932861328125,89.77334594726562,1028.7838134765625,0.9999340772628784,1021.9302368164062,1020.2987670898438,0.999630331993103,336.39208984375,498.4269104003906,0.9973701238632202,331.4574890136719,610.9598999023438,0.9994969367980957,276.4841003417969,551.4900512695312,0.9968530535697937,386.1783752441406,559.4488525390625,0.9984847903251648,699.9566040039062,506.1629943847656,0.12058668583631516,755.8890991210938,714.9029541015625,0.9998879432678223,722.6051635742188,587.3291015625,0.5629631280899048,787.2640991210938,575.3717651367188,0.9961133003234863,555.7821655273438,483.2563781738281,0.9143080115318298,366.3125305175781,410.6055908203125,0.9341632723808289,382.75079345703125,404.96917724609375,0.939527690410614,506.5487365722656,370.72125244140625,0.9933353662490845,414.5965576171875,438.5150451660156,0.6016775965690613,516.7832641601562,450.024169921875,0.05845073238015175,421.7691650390625,312.38690185546875,0.2496224045753479,564.1476440429688,333.3457336425781,0.996271014213562,605.2863159179688,392.3974914550781,0.976622462272644,729.8438720703125,473.69805908203125,0.9821001887321472,773.6121826171875,512.487548828125,0.1451270580291748
999,87.04865264892578,116.65406799316406,0.9999468326568604,999.6063842773438,78.67314910888672,0.9997360110282898,90.30772399902344,1029.7222900390625,0.9998979568481445,1021.2814331054688,1020.1650390625,0.9992865920066833,336.8728332519531,498.677490234375,0.9973263740539551,332.5256042480469,611.0158081054688,0.99933260679245,277.2242431640625,552.2492065429688,0.9972184896469116,384.79888916015625,557.9342041015625,0.9970319271087646,710.528564453125,670.5023193359375,0.01951812580227852,755.1436157226562,718.1489868164062,0.9996398687362671,745.2632446289062,594.5865478515625,0.677033543586731,786.0923461914062,589.3413696289062,0.8086899518966675,553.7642822265625,478.6633605957031,0.954754650592804,370.4454040527344,409.7399597167969,0.980134904384613,387.14349365234375,404.27325439453125,0.9786691665649414,512.2647705078125,369.2881164550781,0.9911757707595825,422.9555358886719,439.37890625,0.1232561394572258,398.51544189453125,363.42401123046875,0.08887466788291931,562.4319458007812,433.7475280761719,0.07132978737354279,555.8508911132812,326.3947448730469,0.9868443012237549,611.8389282226562,388.472412109375,0.9846240282058716,735.7051391601562,477.5924987792969,0.9967777132987976,708.0333251953125,614.3949584960938,0.26055556535720825
1000,87.95755767822266,117.36202239990234,0.9997879862785339,999.4436645507812,76.07683563232422,0.9993195533752441,89.58306121826172,1029.56689453125,0.999925971031189,1020.1262817382812,1020.3572998046875,0.9990167617797852,338.0307312011719,497.87030029296875,0.9955260157585144,331.5316162109375,610.3859252929688,0.9995409250259399,277.1227111816406,551.4755859375,0.9980097413063049,385.3070373535156,560.6281127929688,0.9967939257621765,710.1600341796875,507.77606201171875,0.10940274596214294,752.8404541015625,718.610595703125,0.9995982050895691,681.3534545898438,566.9490966796875,0.37983494997024536,734.8123779296875,561.9711303710938,0.8873981833457947,556.0726928710938,479.2066345214844,0.5543456077575684,375.8533630371094,416.74676513671875,0.2842594087123871,397.0357360839844,409.0381164550781,0.6376335024833679,509.81671142578125,368.9509582519531,0.9961720108985901,432.9059143066406,437.390869140625,0.02532861940562725,391.19183349609375,379.29833984375,0.20524655282497406,567.665771484375,430.22540283203125,0.3682098090648651,561.4005737304688,325.827880859375,0.907550573348999,611.8616943359375,384.197021484375,0.8820755481719971,740.13623046875,474.3543701171875,0.9919688105583191,745.4107666015625,548.0530395507812,0.6388924717903137
1001,87.12698364257812,116.25872039794922,0.9998230338096619,999.6245727539062,76.388427734375,0.9999194145202637,90.0110855102539,1028.2772216796875,0.9998947381973267,1022.4156494140625,1021.4622192382812,0.9992585778236389,337.05059814453125,498.67828369140625,0.9982905983924866,332.1888122558594,610.1878662109375,0.9995132684707642,277.4106750488281,550.9920654296875,0.9979107975959778,385.3497314453125,560.5411987304688,0.9986875653266907,711.16796875,502.49249267578125,0.5458467602729797,751.2523803710938,715.9564208984375,0.9989696741104126,685.3434448242188,573.6734619140625,0.8389294147491455,749.9157104492188,562.2753295898438,0.9694684743881226,555.7039794921875,476.416748046875,0.7900729179382324,375.6412048339844,409.1795654296875,0.7650952935218811,391.0212707519531,402.5041198730469,0.9443091750144958,509.225830078125,366.01263427734375,0.9892403483390808,430.9916687011719,439.0645446777344,0.14830443263053894,393.24188232421875,363.5117492675781,0.2526376247406006,561.8837890625,431.8653564453125,0.36217838525772095,559.0300903320312,320.8194885253906,0.9783252477645874,606.302490234375,379.3678894042969,0.9969303011894226,743.2681274414062,466.8804016113281,0.9381883144378662,702.4666137695312,503.23040771484375,0.6741206049919128
1002,88.72093200683594,117.3431396484375,0.9995545744895935,999.6475219726562,77.74859619140625,0.9997231364250183,89.6913070678711,1028.9769287109375,0.9998201727867126,1023.7606811523438,1020.1993408203125,0.9996415376663208,336.89984130859375,497.9710998535156,0.9982455968856812,333.68951416015625,611.2002563476562,0.9993621706962585,276.87847900390625,552.5092163085938,0.9953222870826721,385.34783935546875,560.4879760742188,0.998087465763092,713.0347290039062,503.4682922363281,0.8139769434928894,751.7838134765625,717.112060546875,0.9997201561927795,688.44677734375,577.5289916992188,0.8870034217834473,750.0742797851562,567.2979125976562,0.9632696509361267,557.047607421875,475.4615478515625,0.5769771337509155,379.086181640625,405.60736083984375,0.8601958751678467,393.9830627441406,400.8755798339844,0.9462498426437378,513.3250122070312,366.0113830566406,0.9937657117843628,431.5120849609375,437.1508483886719,0.4285581707954407,512.5387573242188,442.3313903808594,0.19133175909519196,533.0672607421875,440.67144775390625,0.34335020184516907,561.80859375,321.1401062011719,0.9693905115127563,605.5458374023438,378.725830078125,0.997163712978363,759.5967407226562,480.7923278808594,0.9986611604690552,707.4727783203125,498.3995361328125,0.48303359746932983
1003,87.81670379638672,117.24275970458984,0.9998286962509155,999.5604858398438,78.67733001708984,0.9998761415481567,90.56974792480469,1029.6356201171875,0.9998389482498169,1021.1768188476562,1021.1285400390625,0.9990112781524658,334.818359375,497.994873046875,0.9976995587348938,333.7362365722656,611.8134765625,0.9997174143791199,276.9533996582031,553.2788696289062,0.9950076341629028,385.0341796875,559.9214477539062,0.9960744380950928,716.500732421875,499.86920166015625,0.9803321361541748,754.1199951171875,715.591796875,0.9999164342880249,690.7865600585938,583.7996826171875,0.9607062935829163,756.8460083007812,570.7410278320312,0.9922336339950562,560.57568359375,475.9140930175781,0.4301905035972595,375.32958984375,412.6035461425781,0.33191409707069397,395.81591796875,404.43072509765625,0.46265822649002075,515.2860107421875,365.3119812011719,0.9913533329963684,432.3298645019531,439.1278991699219,0.6861996054649353,397.7038269042969,366.4870300292969,0.09708661586046219,536.30419921875,443.137451171875,0.26674526929855347,563.6237182617188,321.8925476074219,0.9889360070228577,612.6280517578125,382.6977844238281,0.9882672429084778,773.8065185546875,500.1986999511719,0.9850639700889587,766.9728393554688,485.4557800292969,0.30164897441864014
1004,87.63063049316406,116.26555633544922,0.9999494552612305,999.5088500976562,77.49165344238281,0.9997923970222473,90.00000762939453,1029.319091796875,0.9998140931129456,1022.9057006835938,1020.0413818359375,0.9994890689849854,335.99993896484375,497.8706970214844,0.9967009425163269,332.4610290527344,610.8557739257812,0.9995530247688293,277.11260986328125,552.2681274414062,0.9967837333679199,384.8110656738281,559.6622924804688,0.9977017045021057,725.0761108398438,497.9918518066406,0.9982407093048096,755.5025024414062,714.356201171875,0.9999266862869263,691.8316040039062,588.4755859375,0.9959537982940674,775.2994995117188,560.6997680664062,0.985765278339386,558.8179931640625,476.32818603515625,0.4178580939769745,380.1332702636719,408.66131591796875,0.8313949704170227,393.8959655761719,401.5946960449219,0.5351351499557495,514.5914916992188,358.8770751953125,0.9850901365280151,435.4510192871094,440.7605285644531,0.871839702129364,392.4224853515625,364.93896484375,0.12370371073484421,546.2374877929688,438.1419372558594,0.21567729115486145,561.8564453125,313.229736328125,0.9990799427032471,608.416015625,374.5774230957031,0.9990866184234619,719.1351318359375,389.6875,0.5359753966331482,785.0833129882812,493.70892333984375,0.7135587334632874
1005,86.20044708251953,115.62646484375,0.999922513961792,999.9093017578125,80.18250274658203,0.9998657703399658,90.65763092041016,1029.9859619140625,0.9999425411224365,1022.0559692382812,1020.9764404296875,0.9993569254875183,338.4316711425781,498.1832580566406,0.9982168078422546,331.88067626953125,610.4654541015625,0.9995569586753845,276.5086364746094,550.0386352539062,0.9970177412033081,386.2958679199219,558.8709716796875,0.9973708391189575,718.3521118164062,499.1059265136719,0.9989952445030212,755.4451904296875,714.5007934570312,0.9998664855957031,690.8969116210938,588.6407470703125,0.9948827028274536,781.0028686523438,570.9760131835938,0.9265230298042297,560.2742309570312,471.0529479980469,0.35641947388648987,387.1387023925781,401.50189208984375,0.8572291731834412,399.3269958496094,395.48114013671875,0.9215954542160034,512.9067993164062,356.5366516113281,0.9930803179740906,440.0275573730469,435.7606506347656,0.2534275949001312,406.13751220703125,344.9504089355469,0.5915274024009705,544.4085693359375,436.0679931640625,0.6222804188728333,565.8394165039062,314.4026184082031,0.9994140863418579,608.0851440429688,371.6043701171875,0.9991459846496582,751.3790893554688,376.43719482421875,0.8944689631462097,759.5499877929688,386.0163879394531,0.39475521445274353
1006,87.79656219482422,115.34149169921875,0.9998331069946289,999.971923828125,78.91382598876953,0.9994491934776306,89.81280517578125,1030.6019287109375,0.9998325109481812,1022.398193359375,1021.3519287109375,0.9995538592338562,338.017578125,498.1190185546875,0.9977338314056396,331.1098327636719,609.668701171875,0.9992610812187195,276.1958312988281,551.2507934570312,0.9973067045211792,385.46502685546875,559.7982177734375,0.9971767663955688,717.4005126953125,499.5942687988281,0.9986191987991333,757.0535278320312,714.7922973632812,0.9998916387557983,692.0917358398438,588.4315795898438,0.9926742911338806,783.7639770507812,566.7106323242188,0.9948055148124695,559.9346313476562,469.28753662109375,0.7951821088790894,389.1114196777344,403.36328125,0.7757217884063721,406.3238220214844,394.95660400390625,0.8991705775260925,509.9897766113281,360.2852783203125,0.995789110660553,448.7927551269531,428.70587158203125,0.36955371499061584,406.882080078125,340.50634765625,0.8676959872245789,543.9153442382812,426.26458740234375,0.8008610606193542,562.3425903320312,305.6624450683594,0.9957157969474792,611.4142456054688,362.17816162109375,0.9974919557571411,733.7771606445312,348.47467041015625,0.31830117106437683,803.240478515625,360.8712158203125,0.9947016835212708
1007,87.70146179199219,116.021484375,0.9999047517776489,1000.6282958984375,76.94821166992188,0.9996901750564575,90.31924438476562,1029.9659423828125,0.9998354911804199,1023.59521484375,1022.2115478515625,0.9997133612632751,337.1170349121094,498.0087585449219,0.9974020719528198,331.08233642578125,609.7557373046875,0.9995550513267517,276.7371826171875,550.16357421875,0.9973068237304688,385.0245056152344,558.3246459960938,0.9977814555168152,718.2484741210938,499.75958251953125,0.9930078983306885,757.0926513671875,716.8108520507812,0.999920129776001,690.6797485351562,590.6441650390625,0.9957024455070496,781.7520141601562,567.1866455078125,0.9974109530448914,368.35272216796875,402.4442138671875,0.4957832992076874,383.79046630859375,406.2312316894531,0.5056476593017578,403.6247863769531,400.93157958984375,0.672271192073822,507.7166442871094,357.15673828125,0.9948468208312988,450.1250305175781,432.41058349609375,0.5926976799964905,399.5018310546875,365.0879211425781,0.18571820855140686,546.4481811523438,431.0923156738281,0.8606511354446411,560.550537109375,304.0,0.9959592223167419,604.2093505859375,361.073974609375,0.997404158115387,705.2132568359375,354.1138916015625,0.9013885855674744,814.5751953125,337.1736145019531,0.9556360840797424
1008,87.04971313476562,115.82044982910156,0.9999161958694458,1000.2314453125,80.35050201416016,0.999686598777771,89.44683837890625,1029.993896484375,0.9998025298118591,1021.9479370117188,1021.4486083984375,0.9993755221366882,336.26031494140625,497.36932373046875,0.9982237219810486,332.0877380371094,609.4375610351562,0.9994840621948242,276.5863342285156,549.9347534179688,0.9963752627372742,385.4640808105469,558.2373657226562,0.9972628355026245,719.3740234375,498.087158203125,0.984305739402771,755.6323852539062,715.5738525390625,0.9999396800994873,688.5953369140625,589.7180786132812,0.9954037666320801,784.9007568359375,564.2847900390625,0.9979835748672485,557.3378295898438,466.8537292480469,0.7307985424995422,386.9621887207031,406.01812744140625,0.2731303870677948,403.27886962890625,401.64044189453125,0.6945828795433044,505.8553771972656,355.41748046875,0.9965651631355286,441.94866943359375,437.61688232421875,0.8910001516342163,403.4248962402344,342.0700378417969,0.8236861824989319,541.2203369140625,423.94390869140625,0.8092842698097229,559.5626220703125,304.0808410644531,0.9973340034484863,604.6661376953125,359.15020751953125,0.9956529140472412,727.001708984375,342.03485107421875,0.9395752549171448,913.4132080078125,419.2169494628906,0.14128202199935913
1009,86.79289245605469,115.20734405517578,0.9999299049377441,1000.0928344726562,79.67671203613281,0.9997005462646484,89.23491668701172,1028.6905517578125,0.9998681545257568,1022.0968017578125,1021.5567016601562,0.9992892742156982,337.5406799316406,498.4648132324219,0.997334897518158,330.9887390136719,609.855224609375,0.9993977546691895,276.4437255859375,551.5117797851562,0.9961467981338501,384.15606689453125,557.8922119140625,0.9971315860748291,717.5601196289062,498.197509765625,0.9956045150756836,757.06005859375,715.3636474609375,0.9999395608901978,688.6102905273438,589.9627685546875,0.9934229254722595,782.7050170898438,565.13330078125,0.9976868629455566,358.9678039550781,403.4109191894531,0.38630080223083496,557.6513671875,446.0744934082031,0.0878956988453865,401.2090148925781,398.0614013671875,0.08918089419603348,513.1307373046875,353.4053649902344,0.9904059767723083,441.274169921875,434.9998779296875,0.5011470317840576,402.15643310546875,343.2576904296875,0.7381364703178406,544.5042724609375,423.97821044921875,0.9778946042060852,562.8733520507812,304.64605712890625,0.9982931017875671,605.3836669921875,358.8573913574219,0.9991995692253113,705.601806640625,338.8008117675781,0.6167830228805542,909.7777099609375,328.250244140625,0.580463171005249
1010,87.17912292480469,116.05883026123047,0.9999454021453857,1000.5077514648438,76.06076049804688,0.9997555613517761,89.70635223388672,1029.4857177734375,0.9998714923858643,1022.00439453125,1021.0263061523438,0.999238133430481,335.1333312988281,498.7271728515625,0.9963636994361877,331.94317626953125,610.6015625,0.9994654059410095,276.7186279296875,552.2088012695312,0.9965121150016785,384.3285827636719,558.2311401367188,0.9957980513572693,724.5519409179688,498.0380859375,0.9964710474014282,756.8468017578125,716.27978515625,0.9999265670776367,692.64794921875,591.5111083984375,0.9977645874023438,784.0117797851562,564.6099853515625,0.9980936646461487,350.47296142578125,460.8836364746094,0.14021329581737518,364.521484375,438.0460510253906,0.05982235074043274,394.45648193359375,410.62493896484375,0.7541729211807251,507.2063293457031,349.47247314453125,0.9732365608215332,438.20343017578125,442.8858337402344,0.7128708362579346,396.26507568359375,343.45782470703125,0.7779160737991333,546.08447265625,414.1410217285156,0.46987420320510864,558.438232421875,300.88677978515625,0.987095832824707,609.9972534179688,356.6362609863281,0.9988368153572083,767.16796875,326.5788269042969,0.6743000149726868,913.8085327148438,321.1340637207031,0.027576258406043053
1011,88.30239868164062,116.2364501953125,0.9996671676635742,997.7086791992188,78.36279296875,0.9998503923416138,90.03301239013672,1028.8656005859375,0.9999350309371948,1020.4835815429688,1020.0625610351562,0.9994505047798157,336.70172119140625,498.6810607910156,0.9983353018760681,331.78582763671875,609.6243896484375,0.9995299577713013,276.7851867675781,551.4462890625,0.9975374937057495,385.3938903808594,558.714111328125,0.9932548999786377,728.1839599609375,498.06439208984375,0.9890874624252319,755.8616333007812,716.2525634765625,0.9999209642410278,690.87451171875,591.4080810546875,0.9950773119926453,784.45556640625,565.5928955078125,0.9974156618118286,355.63323974609375,453.738037109375,0.7082059979438782,370.7220458984375,426.0018310546875,0.121050164103508,396.43560791015625,410.5010070800781,0.6682478189468384,514.2516479492188,349.7821350097656,0.9372333884239197,439.2153015136719,450.1392822265625,0.8679519295692444,401.1196594238281,342.4023742675781,0.5490999817848206,538.1996459960938,416.3773498535156,0.8254633545875549,563.7818603515625,308.3631896972656,0.9325162768363953,613.5664672851562,354.9518127441406,0.9949471354484558,765.8445434570312,321.1034240722656,0.9802229404449463,901.9766845703125,314.32177734375,0.6936789155006409
1012,87.79519653320312,115.45050811767578,0.9998314380645752,1000.0205078125,78.13020324707031,0.9998176693916321,89.46692657470703,1028.662109375,0.9998300075531006,1022.157470703125,1020.850341796875,0.9996048808097839,338.5328369140625,499.1386413574219,0.9990083575248718,332.7135925292969,610.1437377929688,0.9993731379508972,276.8986511230469,550.4112548828125,0.9957855343818665,384.97332763671875,558.1851806640625,0.9969115853309631,722.7344360351562,498.3797607421875,0.9985058307647705,756.8832397460938,716.5579833984375,0.9999399185180664,689.69677734375,592.1282958984375,0.9928602576255798,785.0022583007812,568.2843627929688,0.9951021671295166,362.7281494140625,408.38470458984375,0.04914841428399086,394.135009765625,424.3714294433594,0.11897198110818863,407.50537109375,420.099609375,0.7876933217048645,503.7281494140625,369.9493408203125,0.9037357568740845,442.0884094238281,469.22979736328125,0.812926173210144,410.28143310546875,356.903076171875,0.5441974401473999,556.7427978515625,422.95458984375,0.9336654543876648,553.6765747070312,309.58172607421875,0.965641975402832,612.7062377929688,354.4488220214844,0.9997310042381287,760.141845703125,321.298828125,0.9848284125328064,898.032470703125,311.67138671875,0.9649364948272705
1013,86.74699401855469,115.3333969116211,0.9998379945755005,999.2008056640625,76.84869384765625,0.9998745918273926,90.3097915649414,1029.1865234375,0.9999009370803833,1022.1943359375,1020.7950439453125,0.9995408058166504,338.2837829589844,500.0255126953125,0.9988393187522888,331.5178527832031,610.5626220703125,0.9995136260986328,276.8367614746094,549.1631469726562,0.9949442744255066,385.56903076171875,559.8500366210938,0.9966961145401001,722.8224487304688,499.13494873046875,0.9978944659233093,755.4318237304688,715.9992065429688,0.9999125003814697,690.1926879882812,591.2047729492188,0.9933521747589111,783.4910278320312,569.5015258789062,0.9955169558525085,352.2552795410156,435.172607421875,0.05211951583623886,389.563720703125,433.48834228515625,0.4231870174407959,403.3304748535156,430.2311096191406,0.19611778855323792,493.9494323730469,382.21612548828125,0.940233051776886,438.2196960449219,477.69921875,0.4084112346172333,410.4550476074219,361.68011474609375,0.5482591390609741,553.2827758789062,443.32208251953125,0.8700786828994751,535.1599731445312,323.0050048828125,0.27095696330070496,607.3955688476562,358.0114440917969,0.9925277233123779,804.958740234375,304.587158203125,0.6994949579238892,897.459228515625,305.04107666015625,0.9701249003410339
1014,86.86426544189453,117.80632019042969,0.9999265670776367,999.60791015625,79.77558135986328,0.9996788501739502,89.209228515625,1028.917724609375,0.9998672008514404,1019.9299926757812,1021.146728515625,0.9988518953323364,336.3532409667969,499.47882080078125,0.9985187649726868,332.1159973144531,611.12841796875,0.9996035695075989,276.7611083984375,550.6054077148438,0.9957078695297241,386.0798034667969,558.492431640625,0.9970792531967163,717.4885864257812,501.3369445800781,0.9990350008010864,755.8416748046875,714.8847045898438,0.9999319314956665,690.4280395507812,590.9502563476562,0.9905493855476379,784.00244140625,568.6075439453125,0.9955663084983826,356.0920715332031,417.72698974609375,0.07171550393104553,375.9979553222656,426.5411682128906,0.2189011424779892,400.16473388671875,422.95159912109375,0.6563099026679993,497.94171142578125,390.7642822265625,0.9980359673500061,438.2484130859375,474.7974853515625,0.39555472135543823,405.7712707519531,362.42230224609375,0.5563785433769226,550.0980224609375,449.70416259765625,0.9605311751365662,530.7791137695312,323.7590026855469,0.7119278311729431,594.5702514648438,364.1610107421875,0.9988484382629395,894.3347778320312,307.8919982910156,0.9080111384391785,900.1639404296875,309.2095031738281,0.4712638556957245
1015,87.62165069580078,116.50983428955078,0.9999020099639893,999.1116943359375,76.63188171386719,0.9999034404754639,90.15815734863281,1029.1575927734375,0.9998775720596313,1021.701904296875,1021.2478637695312,0.9988784193992615,336.3430480957031,498.92242431640625,0.9983084201812744,332.53607177734375,611.56103515625,0.9993316531181335,277.01641845703125,550.7166748046875,0.9938780665397644,384.7794189453125,557.7870483398438,0.9964497089385986,722.07861328125,501.03961181640625,0.9919650554656982,756.3101806640625,716.2820434570312,0.9999029636383057,692.8700561523438,592.1023559570312,0.995464026927948,784.093017578125,570.4120483398438,0.9958158135414124,563.4562377929688,476.2490234375,0.07796317338943481,385.89837646484375,433.34185791015625,0.11486732214689255,399.7299499511719,426.3558349609375,0.45691806077957153,499.375,386.3343505859375,0.9916611909866333,440.0400085449219,477.02587890625,0.20914502441883087,411.5333557128906,357.44970703125,0.24117153882980347,547.1272583007812,447.1767578125,0.9236445426940918,535.9783935546875,323.3284912109375,0.5647731423377991,598.584716796875,361.7974548339844,0.9982032775878906,757.952880859375,315.0075378417969,0.6532631516456604,894.9600830078125,305.8466491699219,0.9721049070358276
1016,87.62602996826172,117.9242172241211,0.9998252987861633,1001.0330810546875,76.64875030517578,0.9997244477272034,90.49114990234375,1029.837158203125,0.9999302625656128,1023.7195434570312,1021.3932495117188,0.9997910857200623,335.49835205078125,498.9988098144531,0.9991099238395691,333.89654541015625,612.9218139648438,0.9994786381721497,275.9413757324219,550.544189453125,0.9951282739639282,385.1051025390625,557.670166015625,0.9963107705116272,724.5017700195312,499.08685302734375,0.9935789108276367,756.6631469726562,715.8550415039062,0.9999184608459473,692.3801879882812,594.68896484375,0.9980992674827576,784.8985595703125,568.9282836914062,0.9948315024375916,565.3116455078125,473.6086120605469,0.05585016310214996,396.6744384765625,438.0527648925781,0.06118788197636604,406.2109375,425.87042236328125,0.2938421368598938,500.2300720214844,386.20489501953125,0.9828395247459412,445.5198059082031,474.6565246582031,0.0254660714417696,420.76953125,347.0546569824219,0.4807981252670288,553.1849365234375,441.62652587890625,0.9639676213264465,536.7377319335938,325.10467529296875,0.5313121676445007,597.923095703125,361.4986572265625,0.9944716691970825,762.7406005859375,312.5383605957031,0.9119472503662109,927.6213989257812,319.6047058105469,0.2729880213737488
1017,86.63963317871094,116.13336944580078,0.9999384880065918,999.1998291015625,76.80412292480469,0.9997765421867371,89.65316772460938,1030.3524169921875,0.9998162388801575,1022.6519165039062,1020.9083862304688,0.9996166229248047,335.9491882324219,498.67816162109375,0.9985113739967346,331.8303527832031,611.4239501953125,0.9991614818572998,275.7037353515625,550.8037109375,0.9966597557067871,386.00665283203125,556.999755859375,0.9965434670448303,727.0950927734375,497.66644287109375,0.9846493601799011,757.1064453125,715.6021728515625,0.9999082088470459,690.9580688476562,592.8642578125,0.9927979111671448,781.8036499023438,567.8650512695312,0.9929788708686829,361.5878601074219,416.034423828125,0.04523211345076561,389.5607604980469,429.2044982910156,0.546161413192749,403.55181884765625,423.0599060058594,0.43206074833869934,504.9065856933594,384.0765686035156,0.9910802245140076,447.4967041015625,473.0663146972656,0.5580121874809265,414.9931945800781,353.30010986328125,0.6699807643890381,557.3948364257812,445.4684143066406,0.9873177409172058,542.0698852539062,323.5925598144531,0.9140570759773254,601.6619262695312,362.2227783203125,0.9925699830055237,763.9898681640625,311.8465576171875,0.8670081496238708,892.4769897460938,303.801513671875,0.9288797378540039
1018,87.99610137939453,117.18573760986328,0.9998642206192017,999.5238037109375,74.63838195800781,0.9998185038566589,88.81629180908203,1030.2547607421875,0.9997209906578064,1024.274169921875,1021.5194702148438,0.9996423721313477,335.7023620605469,498.4082336425781,0.9970384836196899,331.9654235839844,610.742431640625,0.9992901086807251,276.08514404296875,551.1686401367188,0.9945647716522217,385.8154602050781,556.2645263671875,0.9956265687942505,726.5263671875,499.2374572753906,0.9939483404159546,756.9679565429688,716.3253173828125,0.999941349029541,689.9744873046875,591.50244140625,0.9857703447341919,782.7442016601562,568.4456787109375,0.9957659244537354,371.607666015625,466.26239013671875,0.14588724076747894,390.1026306152344,430.4197998046875,0.16359943151474,407.9009094238281,425.7498779296875,0.539972722530365,505.17889404296875,386.2378234863281,0.9940491914749146,450.0233154296875,472.146484375,0.7634905576705933,415.41851806640625,355.29962158203125,0.15877269208431244,556.616455078125,444.36712646484375,0.9686880707740784,540.6193237304688,321.7576904296875,0.8322628736495972,597.5340576171875,365.23150634765625,0.9945577383041382,763.1149291992188,312.50579833984375,0.8509582877159119,896.6939697265625,304.38201904296875,0.9764539003372192
1019,86.70396423339844,115.88854217529297,0.9998987913131714,1001.09619140625,81.06423950195312,0.9996410608291626,90.21527862548828,1030.467529296875,0.9998990297317505,1023.4793701171875,1021.7549438476562,0.9994345307350159,335.7032470703125,498.08477783203125,0.998724639415741,332.1877746582031,610.2689208984375,0.999537467956543,276.1964416503906,550.786865234375,0.9976871013641357,384.91448974609375,555.8206176757812,0.9982708692550659,721.9599609375,499.0792541503906,0.9965476393699646,756.4348754882812,716.4819946289062,0.9999220371246338,689.95556640625,589.0643920898438,0.9910681843757629,783.627197265625,565.9004516601562,0.9972388744354248,369.3701477050781,460.4385070800781,0.23752495646476746,391.4029846191406,432.4606628417969,0.30023083090782166,410.54949951171875,425.01568603515625,0.628807783126831,506.32696533203125,382.9621887207031,0.9791693091392517,450.9201354980469,470.7498474121094,0.8516456484794617,415.4661865234375,353.7366027832031,0.13149648904800415,554.182861328125,442.9919128417969,0.979891836643219,545.8016357421875,319.9638671875,0.7315638065338135,608.5540771484375,361.93426513671875,0.9916531443595886,763.5474243164062,312.2660217285156,0.8796078562736511,890.0492553710938,301.68524169921875,0.9885531663894653
1020,88.39303588867188,115.7666015625,0.9998655319213867,999.6787109375,81.94116973876953,0.9998596906661987,90.46632385253906,1030.3231201171875,0.9998200535774231,1022.4639282226562,1021.5906982421875,0.999524712562561,335.7835693359375,498.92169189453125,0.9988232254981995,332.45623779296875,610.2943725585938,0.9989913105964661,276.5420837402344,549.9375610351562,0.9973331689834595,385.0636901855469,557.9086303710938,0.9960495829582214,716.395751953125,499.3529968261719,0.9962127208709717,755.0567626953125,715.916015625,0.9999054670333862,687.5438842773438,588.2328491210938,0.9892188906669617,783.9369506835938,569.4436645507812,0.9944512248039246,369.9248352050781,458.3212585449219,0.22710590064525604,397.3990173339844,433.14117431640625,0.29626280069351196,405.31951904296875,428.76287841796875,0.22184839844703674,511.5868835449219,378.92791748046875,0.960330605506897,453.57293701171875,472.39398193359375,0.8304935693740845,418.7442626953125,357.64599609375,0.3385942578315735,554.3541870117188,444.08929443359375,0.9822860360145569,549.9927368164062,317.8995361328125,0.9232423901557922,612.1337890625,358.2848205566406,0.9998472929000854,705.4537963867188,329.1214904785156,0.7091528177261353,895.2345581054688,304.3913879394531,0.8859784603118896
1021,89.01407623291016,114.44319152832031,0.9997782111167908,1001.0249633789062,81.2983627319336,0.999957799911499,87.93045043945312,1029.6925048828125,0.9997053742408752,1021.2670288085938,1021.5008544921875,0.999646782875061,336.0447082519531,498.8751525878906,0.9961344003677368,332.360595703125,612.024658203125,0.9988798499107361,275.1189270019531,551.9605712890625,0.9944037199020386,386.6969299316406,558.466796875,0.994077205657959,712.380126953125,498.20172119140625,0.9345722198486328,754.8046264648438,714.2041015625,0.9995431900024414,690.2010498046875,596.28369140625,0.984403133392334,779.71826171875,571.55322265625,0.9884777665138245,372.6880798339844,459.8475036621094,0.17898915708065033,404.9508361816406,429.05224609375,0.637112557888031,419.4904479980469,423.47149658203125,0.5426203012466431,506.0243835449219,388.2699279785156,0.9969636797904968,459.78509521484375,470.82269287109375,0.8701187968254089,419.55731201171875,363.4922790527344,0.7990362048149109,557.4510498046875,442.4849548339844,0.9939430356025696,539.9088134765625,322.052734375,0.9635716080665588,611.255859375,356.6468811035156,0.9984654188156128,701.4893188476562,332.2342224121094,0.5803293585777283,894.6478271484375,298.9623107910156,0.9927737712860107
1022,87.9246597290039,117.37812042236328,0.9999216794967651,1000.3353271484375,79.49595642089844,0.999879002571106,89.28124237060547,1028.8028564453125,0.9998443126678467,1024.4310302734375,1021.0986938476562,0.9998225569725037,337.2983703613281,498.6337585449219,0.9981098175048828,330.6809997558594,609.8568115234375,0.9983697533607483,275.8352966308594,549.6676635742188,0.9953118562698364,385.8498840332031,559.5347900390625,0.9946021437644958,721.2579345703125,500.0777282714844,0.9608421325683594,753.660400390625,713.7132568359375,0.9998069405555725,690.2783813476562,592.37158203125,0.9886782765388489,780.8388061523438,570.5856323242188,0.9922693967819214,373.2405700683594,461.8031921386719,0.19953776895999908,403.77667236328125,431.5798645019531,0.555210292339325,418.51629638671875,426.0515441894531,0.7830967903137207,507.49700927734375,386.629150390625,0.9842419028282166,459.6424255371094,473.0147705078125,0.9018600583076477,417.4897155761719,362.101806640625,0.5696455240249634,558.5337524414062,441.3588562011719,0.9539692997932434,547.7394409179688,322.04150390625,0.8884486556053162,610.3486328125,357.9070739746094,0.9992830157279968,763.9662475585938,309.0421142578125,0.6405244469642639,891.840576171875,297.9957580566406,0.9936914443969727
1023,88.76276397705078,116.39014434814453,0.9997000694274902,998.3252563476562,78.3667221069336,0.999804675579071,90.30037689208984,1029.74462890625,0.9996362924575806,1020.9998168945312,1021.11474609375,0.9995802044868469,334.7079162597656,497.9228820800781,0.9972021579742432,333.1045837402344,610.8801879882812,0.9990805387496948,275.67108154296875,552.6814575195312,0.9945545196533203,384.91827392578125,557.4445190429688,0.9923612475395203,725.6219482421875,499.6112976074219,0.9900013208389282,756.7329711914062,715.7266235351562,0.9998914003372192,692.799072265625,593.0718994140625,0.9954370856285095,783.5880737304688,568.0239868164062,0.995241641998291,368.5947570800781,453.50616455078125,0.11431808769702911,392.6778869628906,423.92425537109375,0.17508308589458466,411.0955505371094,420.8628234863281,0.6059665083885193,507.1020812988281,383.4963684082031,0.975527286529541,455.4860534667969,471.7083435058594,0.8566015362739563,419.36419677734375,353.89141845703125,0.2571011781692505,558.3477172851562,440.3174743652344,0.9692182540893555,550.1380615234375,319.3711242675781,0.8777533769607544,610.0980224609375,358.30413818359375,0.995624840259552,703.4577026367188,330.6356506347656,0.7085086107254028,892.2791748046875,298.6285095214844,0.9743446111679077
1024,87.9845199584961,116.01663208007812,0.9997199177742004,999.381103515625,77.5940170288086,0.9999371767044067,89.41291809082031,1029.876220703125,0.9997947812080383,1023.2531127929688,1021.1624145507812,0.9996637105941772,336.4522399902344,497.8255615234375,0.9967764019966125,331.485595703125,610.6746215820312,0.9989217519760132,276.3697204589844,550.5782470703125,0.9943512678146362,386.1874084472656,558.2830200195312,0.9890544414520264,726.2135009765625,498.42279052734375,0.9915426969528198,755.3703002929688,715.7728881835938,0.9998421669006348,691.3096923828125,593.2083129882812,0.9881658554077148,786.0341186523438,570.1170043945312,0.988108217716217,368.0140075683594,461.2763671875,0.3829372227191925,394.9668884277344,428.8907165527344,0.6286832690238953,408.9559326171875,420.4681396484375,0.8787663578987122,512.482666015625,384.26226806640625,0.9922478199005127,456.18072509765625,469.8347473144531,0.8853890299797058,417.5499267578125,359.1791687011719,0.3344981074333191,556.2752075195312,441.5859375,0.9574738144874573,553.4083862304688,319.5614929199219,0.7686554193496704,614.8306884765625,355.86444091796875,0.9988304972648621,699.7659301757812,332.7342529296875,0.7315760850906372,895.5219116210938,301.6488037109375,0.9497298002243042
1025,87.45381164550781,117.8649673461914,0.9998517036437988,997.8386840820312,77.45457458496094,0.999828577041626,89.14434051513672,1028.878662109375,0.9998903274536133,1021.281494140625,1021.3870849609375,0.9995020627975464,335.65301513671875,497.6290588378906,0.9955750703811646,331.8851318359375,610.0589599609375,0.9986086487770081,275.9336853027344,551.6398315429688,0.9950041174888611,386.06201171875,557.9539794921875,0.9950224161148071,728.2774047851562,496.8407897949219,0.9839048981666565,754.8380126953125,715.0949096679688,0.9998555183410645,691.0526123046875,590.4574584960938,0.9895044565200806,786.9443359375,570.92333984375,0.9881163835525513,363.8134765625,469.59130859375,0.27308449149131775,379.94830322265625,437.0213623046875,0.2538747787475586,406.8477783203125,419.4644775390625,0.8936588168144226,510.8053894042969,379.2801208496094,0.9943483471870422,456.1763916015625,465.99725341796875,0.9357960820198059,419.53057861328125,355.518310546875,0.29470038414001465,556.611328125,441.25738525390625,0.9806462526321411,551.1519775390625,318.7587890625,0.7014389634132385,614.393310546875,354.2081298828125,0.9977195858955383,701.2796020507812,331.3858337402344,0.7251787781715393,891.3461303710938,302.4652404785156,0.988079845905304
1026,86.8321533203125,116.74369812011719,0.999937891960144,1000.0374145507812,79.41476440429688,0.9998235106468201,90.73882293701172,1029.0091552734375,0.9997671246528625,1022.5180053710938,1022.1618041992188,0.9993300437927246,335.67303466796875,497.80474853515625,0.9952474236488342,332.0962829589844,609.9737548828125,0.9988827109336853,275.90380859375,550.3702392578125,0.9918076395988464,385.18017578125,558.4039916992188,0.9953836798667908,726.2810668945312,500.122314453125,0.9904953241348267,756.06201171875,715.8350830078125,0.9998303651809692,693.2507934570312,591.7760009765625,0.9941851496696472,785.2447509765625,561.85205078125,0.9977943897247314,373.1720275878906,462.5240173339844,0.2131205052137375,391.0596618652344,421.9383544921875,0.7898990511894226,405.1654357910156,413.8358459472656,0.9881738424301147,515.6145629882812,374.939697265625,0.9935085773468018,451.6579895019531,458.6087951660156,0.9961769580841064,422.0370178222656,345.7981262207031,0.7657943964004517,551.9696655273438,440.5788879394531,0.9896417260169983,557.0769653320312,316.1717529296875,0.885959267616272,616.4962158203125,353.1175537109375,0.9992772936820984,706.74560546875,329.28900146484375,0.8580012917518616,897.578857421875,302.4026184082031,0.9916437268257141
1027,86.88909912109375,115.97596740722656,0.9999134540557861,998.7250366210938,78.60936737060547,0.9997627139091492,88.6413345336914,1028.9456787109375,0.9998574256896973,1020.364013671875,1020.7021484375,0.9989990592002869,336.2154541015625,498.29669189453125,0.9929584264755249,331.2285461425781,610.92138671875,0.9981958270072937,276.0804138183594,550.53564453125,0.9931935667991638,386.1680908203125,560.0753173828125,0.9961947202682495,728.1055297851562,499.4351806640625,0.9895638823509216,756.0718994140625,714.6461181640625,0.9998459815979004,692.6381225585938,591.1788940429688,0.995943009853363,785.8787231445312,566.7823486328125,0.9962730407714844,374.2222595214844,471.1361999511719,0.2761356234550476,391.9491882324219,421.54620361328125,0.6379088163375854,406.91033935546875,411.4457702636719,0.9881508350372314,514.259033203125,370.2112731933594,0.9980175495147705,452.46636962890625,455.31201171875,0.997272789478302,423.72113037109375,345.8216552734375,0.607714831829071,549.8805541992188,437.19671630859375,0.9889233708381653,559.05029296875,310.5876159667969,0.9548289775848389,617.5806274414062,352.4617004394531,0.9994885921478271,762.2257690429688,312.5504150390625,0.9170834422111511,895.1018676757812,302.5388488769531,0.9939271807670593
1028,86.94712829589844,116.06645965576172,0.999934196472168,1000.52099609375,79.31636047363281,0.999818742275238,91.19100952148438,1029.6416015625,0.9997754693031311,1023.2012939453125,1021.2711181640625,0.9994930028915405,336.0232849121094,498.4017639160156,0.9973742961883545,332.37652587890625,610.6197509765625,0.9988960027694702,277.0588684082031,549.906494140625,0.9923833012580872,386.0577392578125,559.03125,0.9941233992576599,726.9423217773438,498.1687316894531,0.97353595495224,756.8342895507812,715.1407470703125,0.9998552799224854,691.8981323242188,587.8768920898438,0.9951464533805847,786.2155151367188,565.8508911132812,0.9933435916900635,378.26678466796875,474.742431640625,0.5499768257141113,397.2763671875,436.5080871582031,0.37086427211761475,407.70745849609375,416.2696228027344,0.907006561756134,512.9660034179688,369.69744873046875,0.9948486089706421,449.2469177246094,451.8755187988281,0.9897447228431702,408.22235107421875,359.2295227050781,0.44963639974594116,551.1737060546875,434.4791259765625,0.9916861653327942,556.0125732421875,308.8040466308594,0.9139729142189026,612.30322265625,351.4250183105469,0.9993844032287598,764.6815795898438,311.3726501464844,0.865336537361145,896.1982421875,303.9335021972656,0.9933021068572998
1029,87.37836456298828,116.48294067382812,0.9998613595962524,999.3909912109375,77.31072235107422,0.9995744824409485,90.346923828125,1027.6751708984375,0.999784529209137,1022.0227661132812,1022.0386352539062,0.9990899562835693,335.279541015625,498.7049255371094,0.996925413608551,330.7396545410156,609.8672485351562,0.9986432194709778,276.79693603515625,549.5438842773438,0.9948705434799194,384.5654602050781,559.181640625,0.9947829842567444,721.7699584960938,499.5072021484375,0.9544067978858948,756.3212890625,715.5927734375,0.9998611211776733,691.16748046875,589.4724731445312,0.9930909872055054,783.0687866210938,567.6962280273438,0.9923205971717834,373.80999755859375,480.2308654785156,0.16041024029254913,394.5696105957031,430.8869934082031,0.9611771106719971,410.3232421875,412.61846923828125,0.838089108467102,507.50689697265625,368.7069091796875,0.9831757545471191,443.13555908203125,447.51123046875,0.9785540699958801,419.79095458984375,337.00634765625,0.7453082203865051,551.3179321289062,432.3205261230469,0.9968535304069519,558.4907836914062,310.7724914550781,0.9709537029266357,611.0493774414062,349.9632263183594,0.9997493624687195,762.3378295898438,310.5921936035156,0.8203649520874023,893.5427856445312,301.3466796875,0.994884192943573
1030,86.96379089355469,116.32979583740234,0.9998980760574341,1001.3204956054688,75.51193237304688,0.998600423336029,90.48338317871094,1029.6763916015625,0.9998199343681335,1024.0811767578125,1021.8236694335938,0.9994657635688782,334.8403015136719,498.701904296875,0.9987216591835022,331.9593811035156,610.2992553710938,0.9988433122634888,276.86126708984375,551.008544921875,0.9965757727622986,384.0877990722656,556.5471801757812,0.9976609945297241,718.43994140625,501.21160888671875,0.9859165549278259,756.2905883789062,715.199951171875,0.9998842477798462,689.9821166992188,589.4129638671875,0.989107608795166,784.9597778320312,566.8414306640625,0.995559811592102,389.789306640625,483.5391845703125,0.9858580231666565,394.5492858886719,419.6114196777344,0.9728010892868042,420.65179443359375,402.7943420410156,0.8615593314170837,512.955810546875,364.7434997558594,0.9945961833000183,448.1844787597656,443.9674987792969,0.9582307934761047,410.5042419433594,340.3396911621094,0.8979980945587158,552.4923706054688,430.3224792480469,0.961717963218689,561.205322265625,309.8451232910156,0.9305034875869751,612.4320068359375,349.6014099121094,0.9991121888160706,758.7595825195312,309.0433654785156,0.9508708119392395,896.2454833984375,302.5617980957031,0.9959619641304016
1031,86.70561218261719,116.61520385742188,0.9998462200164795,999.5648803710938,77.4771499633789,0.9997813105583191,89.83992004394531,1029.54931640625,0.9998615980148315,1024.7620849609375,1021.8882446289062,0.9994712471961975,336.2484436035156,498.2430419921875,0.998233437538147,331.73638916015625,610.8819580078125,0.9980489015579224,276.63818359375,551.7879028320312,0.9959547519683838,384.66351318359375,557.4783325195312,0.9950159192085266,720.9071655273438,498.8120422363281,0.9613206386566162,756.7899780273438,715.5376586914062,0.9999120235443115,692.7824096679688,590.5924682617188,0.9911167621612549,787.0409545898438,568.6364135742188,0.9902526140213013,363.417724609375,459.496826171875,0.7578943371772766,391.0895080566406,399.6546325683594,0.989048421382904,410.5077209472656,380.0735778808594,0.9834737181663513,513.3370361328125,364.4550476074219,0.9955493211746216,444.8045349121094,436.1204528808594,0.9939684867858887,415.4046630859375,327.6151123046875,0.9900951385498047,552.9305419921875,430.71502685546875,0.9527077674865723,557.0692749023438,310.1986389160156,0.9472321271896362,610.0098266601562,351.52783203125,0.9986024498939514,705.1278076171875,327.3067321777344,0.8197584748268127,897.6541748046875,306.27923583984375,0.9978391528129578
1032,86.73184967041016,117.13472747802734,0.999849796295166,1000.8262329101562,77.01969146728516,0.9992998838424683,91.05233764648438,1029.4937744140625,0.9998672008514404,1022.9547119140625,1021.5682983398438,0.9991925358772278,336.6936950683594,498.6419982910156,0.9958623647689819,332.39202880859375,610.7124633789062,0.9988247752189636,276.2682800292969,551.4577026367188,0.9947405457496643,384.5743713378906,558.9644775390625,0.9961114525794983,721.2695922851562,500.8208312988281,0.9401397109031677,756.2110595703125,715.8877563476562,0.999943733215332,695.0034790039062,590.2728881835938,0.9867357015609741,785.6746215820312,564.4751586914062,0.9891703724861145,352.4825134277344,464.3126220703125,0.9978601336479187,390.65545654296875,403.7931823730469,0.9973645806312561,409.6354675292969,380.2655029296875,0.9901928901672363,512.3732299804688,362.80096435546875,0.997121274471283,438.9337463378906,436.51812744140625,0.9967637062072754,409.64422607421875,329.6118469238281,0.9805774688720703,548.245849609375,427.96478271484375,0.9877068400382996,555.2926635742188,308.3536682128906,0.9853957295417786,607.0170288085938,348.14959716796875,0.9990683197975159,763.813720703125,307.3363952636719,0.9607606530189514,897.5695190429688,305.8123779296875,0.9962520003318787
1033,87.3255386352539,116.80577850341797,0.9999204874038696,1000.0126342773438,77.51079559326172,0.9998385906219482,89.71327209472656,1029.9512939453125,0.9998583793640137,1022.2438354492188,1020.9207153320312,0.9993917942047119,334.7367858886719,495.66546630859375,0.9939621090888977,334.0734558105469,611.2439575195312,0.9980250597000122,276.3549499511719,552.1156005859375,0.9939839243888855,384.350830078125,556.9249267578125,0.9967393279075623,717.9882202148438,498.6592712402344,0.9740323424339294,757.4590454101562,715.3141479492188,0.9999029636383057,693.5450439453125,590.4846801757812,0.9916011691093445,786.4500732421875,567.6858520507812,0.9958939552307129,329.0664367675781,469.1114501953125,0.991567075252533,373.65618896484375,396.47186279296875,0.991821825504303,402.89599609375,375.002685546875,0.9700057506561279,498.5657653808594,363.6784362792969,0.9984470009803772,441.10748291015625,433.7193603515625,0.9996575117111206,404.4602966308594,329.5010070800781,0.988990306854248,546.5557250976562,428.73297119140625,0.8058733940124512,542.3928833007812,309.64593505859375,0.9618771076202393,608.0672607421875,349.8351135253906,0.9996417760848999,758.2095336914062,310.41162109375,0.9873329997062683,891.9107666015625,304.0353698730469,0.9733428359031677
1034,86.45655822753906,115.4472427368164,0.9999263286590576,999.4968872070312,76.013916015625,0.9998552799224854,89.74370574951172,1029.7593994140625,0.9998718500137329,1023.873291015625,1021.8162231445312,0.9994544386863708,332.7697448730469,493.8819274902344,0.9956545829772949,333.45452880859375,611.37060546875,0.9974787831306458,276.2435302734375,551.7661743164062,0.990298330783844,383.88739013671875,557.743896484375,0.9979801774024963,721.9246215820312,500.1839599609375,0.9754300713539124,756.3043212890625,716.4124755859375,0.9999203681945801,693.2352294921875,589.3865966796875,0.9940357208251953,786.9573364257812,565.0827026367188,0.9952666759490967,316.7655029296875,473.3261413574219,0.9946267008781433,371.8059997558594,406.3708190917969,0.9934021830558777,394.37335205078125,377.0554504394531,0.9705902934074402,504.5140075683594,366.1778564453125,0.9995961785316467,431.2441101074219,435.9442138671875,0.9998847246170044,401.8328552246094,330.19952392578125,0.9901949763298035,534.7744140625,432.23828125,0.9806748032569885,538.637939453125,314.8407287597656,0.6781383752822876,599.0107421875,355.2530822753906,0.9914351105690002,765.6915893554688,307.218505859375,0.8729971051216125,892.872314453125,305.4477844238281,0.9886773824691772
1035,87.23178100585938,117.48323822021484,0.9999635219573975,1001.5932006835938,80.7195816040039,0.9995713829994202,90.3890609741211,1029.330322265625,0.9999287128448486,1021.82373046875,1021.7129516601562,0.9990894794464111,329.371826171875,494.0323791503906,0.9775654077529907,333.07318115234375,612.0523681640625,0.9979789853096008,276.16357421875,551.6287231445312,0.9902862906455994,383.85345458984375,557.4797973632812,0.9960801005363464,725.5908813476562,499.7171325683594,0.8888973593711853,755.5074462890625,716.7368774414062,0.9999139308929443,692.4137573242188,589.33203125,0.996190071105957,787.492919921875,566.8416137695312,0.994083821773529,310.93145751953125,481.1043395996094,0.9744580984115601,356.81451416015625,409.96441650390625,0.9955329895019531,383.3590393066406,383.453369140625,0.9756330251693726,485.8746643066406,367.4996032714844,0.9999159574508667,418.2500915527344,437.1019592285156,0.9995492100715637,387.471923828125,336.19158935546875,0.9863399267196655,524.1675415039062,432.6163635253906,0.8024448752403259,528.7646484375,319.2283020019531,0.9863113760948181,586.0242919921875,359.0523681640625,0.9934098124504089,690.051025390625,335.40338134765625,0.938127875328064,895.1052856445312,306.159912109375,0.9892770051956177
1036,87.79048919677734,116.14685821533203,0.9998315572738647,1000.7897338867188,78.8902587890625,0.9995535016059875,89.49170684814453,1030.5819091796875,0.9998520612716675,1022.1679077148438,1021.650146484375,0.9994316697120667,329.0976867675781,494.63836669921875,0.97633957862854,332.0242919921875,610.9957885742188,0.9984812140464783,276.15252685546875,553.6856689453125,0.9943984150886536,383.78515625,556.6721801757812,0.9972983002662659,724.0860595703125,498.88519287109375,0.7245330214500427,754.5266723632812,716.3751831054688,0.9998577833175659,690.4777221679688,588.48974609375,0.9933979511260986,785.6293334960938,565.2366943359375,0.9967581629753113,298.6318054199219,478.86834716796875,0.9887267351150513,342.7132568359375,412.1935729980469,0.9945113658905029,371.1160888671875,388.2423400878906,0.9580509662628174,480.22235107421875,368.4955139160156,0.9996246099472046,409.47564697265625,441.49346923828125,0.9912550449371338,372.95672607421875,342.293701171875,0.9940822720527649,521.3597412109375,433.91131591796875,0.8979235291481018,523.6817626953125,321.6192321777344,0.9372382760047913,579.8173828125,360.92303466796875,0.9985218644142151,692.4515380859375,338.30474853515625,0.9565449953079224,891.0070190429688,304.5444641113281,0.9940531849861145
1037,88.4439468383789,116.83646392822266,0.9996320009231567,1000.131591796875,77.49039459228516,0.9998238682746887,90.12728118896484,1030.474609375,0.999817430973053,1022.36279296875,1021.428955078125,0.9995009899139404,329.6654357910156,496.0996398925781,0.9202067255973816,331.19207763671875,611.6777954101562,0.9970032572746277,275.5397033691406,552.4871215820312,0.9958653450012207,383.7151794433594,556.759033203125,0.9969936609268188,719.9577026367188,497.4494934082031,0.9192801713943481,754.987060546875,715.4285888671875,0.9998892545700073,690.1517333984375,585.8119506835938,0.9958623647689819,786.2227172851562,567.89453125,0.9902077317237854,282.2198791503906,491.64215087890625,0.9532426595687866,335.1693420410156,419.689208984375,0.9935809373855591,364.38916015625,394.4364013671875,0.9929916858673096,467.49249267578125,367.22003173828125,0.9995782971382141,402.1396789550781,448.388671875,0.9816161394119263,359.4691162109375,350.50958251953125,0.9946947693824768,520.4437255859375,429.2918701171875,0.5179476141929626,521.2205200195312,322.2710876464844,0.9767905473709106,577.4298095703125,356.26202392578125,0.9998031258583069,691.4564819335938,339.02496337890625,0.9777456521987915,888.7003784179688,304.0009765625,0.9932123422622681
1038,86.61721801757812,116.80754089355469,0.9999505281448364,1001.59228515625,75.80125427246094,0.9993101358413696,90.52220916748047,1030.3623046875,0.9998171925544739,1021.0328979492188,1020.8901977539062,0.9994373917579651,329.0561218261719,500.073486328125,0.9637740254402161,333.6233215332031,612.0339965820312,0.9991219639778137,275.1095275878906,552.2348022460938,0.9921959638595581,384.173095703125,558.3585815429688,0.9976149797439575,720.4110717773438,498.8328552246094,0.9841497540473938,755.798583984375,715.8968505859375,0.999855637550354,691.7498168945312,591.0469360351562,0.9940866231918335,785.1908569335938,564.5678100585938,0.9927957653999329,269.3374328613281,489.7585754394531,0.9981516003608704,331.6312561035156,416.9122619628906,0.9948554039001465,364.3116149902344,399.1385192871094,0.9701261520385742,470.4693603515625,368.7380676269531,0.9995602965354919,402.89263916015625,448.8353271484375,0.9757876396179199,362.13665771484375,353.6157531738281,0.9902253746986389,520.6561279296875,434.33233642578125,0.5642399787902832,515.6317138671875,322.4140930175781,0.9816352128982544,577.3115234375,356.22393798828125,0.9998714923858643,692.8116455078125,337.5853271484375,0.9657243490219116,893.524169921875,304.84869384765625,0.9948950409889221
1039,87.93561553955078,117.09666442871094,0.9998611211776733,999.1286010742188,77.96458435058594,0.9997385144233704,89.97383117675781,1029.7470703125,0.9998830556869507,1022.1532592773438,1022.212646484375,0.9991633892059326,328.05633544921875,495.75689697265625,0.9966166615486145,331.24456787109375,611.6145629882812,0.9979618787765503,275.3652038574219,553.1353149414062,0.9972146153450012,383.6725158691406,558.2503662109375,0.9957689046859741,719.755615234375,497.476806640625,0.9642975926399231,754.734130859375,716.953125,0.9998962879180908,692.18017578125,588.9168090820312,0.9955291152000427,785.1658935546875,562.4640502929688,0.9943513870239258,264.9921875,481.03009033203125,0.9822062253952026,333.13836669921875,415.140869140625,0.9654551148414612,366.87042236328125,394.5002746582031,0.9013859629631042,471.65185546875,370.2249755859375,0.9997164607048035,405.2967224121094,450.3047790527344,0.9240182042121887,367.7007141113281,352.3365478515625,0.9931883811950684,518.179931640625,434.6853942871094,0.8508332371711731,517.68603515625,326.3363037109375,0.9488932490348816,576.4579467773438,357.5361328125,0.9998948574066162,686.7626342773438,339.80230712890625,0.9893180727958679,888.5494384765625,301.8602294921875,0.9744672775268555
1040,88.21294403076172,117.25228881835938,0.9997864365577698,1001.9487915039062,77.8895492553711,0.999854564666748,90.2653579711914,1030.3067626953125,0.9998695850372314,1022.697998046875,1021.7127685546875,0.9992449283599854,331.67987060546875,496.4725036621094,0.997171938419342,331.73101806640625,611.0985107421875,0.9988910555839539,276.19189453125,552.2578735351562,0.9977160692214966,384.3334655761719,560.1134033203125,0.9935211539268494,719.0025634765625,499.115478515625,0.986446738243103,755.3235473632812,714.3224487304688,0.9998615980148315,693.0084838867188,589.59228515625,0.9964920878410339,783.8154907226562,565.6427001953125,0.9962116479873657,269.027587890625,475.7978515625,0.9845320582389832,333.0162048339844,415.0714111328125,0.9929435849189758,365.64801025390625,396.0617370605469,0.9608672857284546,466.68994140625,373.36273193359375,0.9990143775939941,401.67230224609375,452.2225341796875,0.9819413423538208,363.2609558105469,354.2014465332031,0.9962438344955444,513.4376831054688,435.93975830078125,0.1650034487247467,515.0000610351562,330.1116943359375,0.7769470810890198,573.8821411132812,358.3502197265625,0.9999072551727295,690.7493286132812,338.638427734375,0.9915311336517334,889.2217407226562,303.206298828125,0.9889699220657349
1041,87.48225402832031,118.4288101196289,0.9998654127120972,1000.7520141601562,77.01058959960938,0.9995457530021667,90.4974594116211,1029.955078125,0.9998898506164551,1022.628173828125,1020.7733764648438,0.9994553923606873,331.2913513183594,497.7384033203125,0.9397538304328918,330.77764892578125,611.8812255859375,0.9988347887992859,274.94769287109375,552.518798828125,0.9980196952819824,383.2704162597656,560.269287109375,0.9954736828804016,723.0059814453125,496.90240478515625,0.9454058408737183,754.850341796875,714.5509643554688,0.9998824596405029,691.2177124023438,586.2819213867188,0.9961807727813721,784.4627685546875,566.9789428710938,0.9954478144645691,274.2967224121094,485.7457580566406,0.9923041462898254,331.37542724609375,417.52581787109375,0.9354274868965149,362.21673583984375,392.7218322753906,0.9898092746734619,461.648193359375,373.7278747558594,0.9933445453643799,403.41534423828125,445.5452575683594,0.9948468208312988,364.246826171875,354.26739501953125,0.9894325733184814,513.7835693359375,433.73175048828125,0.04960232973098755,511.5479736328125,332.43328857421875,0.9279490113258362,573.463134765625,359.69708251953125,0.9997954964637756,681.3466796875,342.83782958984375,0.9959123730659485,886.7172241210938,302.0608825683594,0.9907797574996948
1042,87.60855102539062,116.80075073242188,0.9999005794525146,1001.0628051757812,80.558837890625,0.9996675252914429,90.18363189697266,1030.4281005859375,0.9999067783355713,1023.4143676757812,1020.302490234375,0.9997864365577698,337.7682189941406,503.68341064453125,0.8412302136421204,330.3674011230469,610.388427734375,0.9988999366760254,277.20751953125,555.2357177734375,0.9970184564590454,383.0590515136719,564.6835327148438,0.993248462677002,723.3590698242188,498.094970703125,0.9942323565483093,755.0851440429688,715.1544189453125,0.999916672706604,690.4180297851562,589.6935424804688,0.9887228012084961,786.02294921875,565.786376953125,0.9887185096740723,279.7928771972656,502.3809509277344,0.9799347519874573,334.31640625,428.95672607421875,0.9886925220489502,363.28253173828125,405.04278564453125,0.9878003597259521,450.8225402832031,381.3594055175781,0.9970842003822327,409.4097595214844,447.99560546875,0.9892967343330383,365.9482421875,363.47955322265625,0.9691007733345032,372.7021179199219,354.8144226074219,0.05433395877480507,498.6612548828125,338.2698669433594,0.7819454669952393,573.3634643554688,361.25421142578125,0.999403715133667,687.720703125,339.76416015625,0.9938598871231079,888.2105102539062,302.4806823730469,0.945494532585144
1043,88.26387786865234,119.35157775878906,0.9998873472213745,1000.17236328125,79.77745819091797,0.9998206496238708,90.1441421508789,1029.2471923828125,0.9998980760574341,1023.7749633789062,1021.3480834960938,0.9996539354324341,366.5320129394531,521.71533203125,0.2284516841173172,331.29412841796875,609.6763916015625,0.9978832602500916,279.3547668457031,561.9147338867188,0.9994276165962219,383.2168884277344,571.1154174804688,0.9942514896392822,720.053466796875,500.4613952636719,0.9941745400428772,755.7415161132812,716.0501708984375,0.9998849630355835,691.15625,590.2692260742188,0.9948187470436096,783.9314575195312,565.3269653320312,0.9894095659255981,277.9615478515625,515.7970581054688,0.9899011254310608,338.4193115234375,443.92254638671875,0.9984879493713379,366.7669372558594,419.9407043457031,0.9948698282241821,470.9931945800781,384.5340576171875,0.9978840947151184,415.3735046386719,462.817138671875,0.9848968982696533,366.7800598144531,379.8171691894531,0.985300600528717,532.7553100585938,434.3056335449219,0.3492782711982727,510.87030029296875,333.2052307128906,0.9861928820610046,576.6122436523438,358.2896728515625,0.9992695450782776,706.1719970703125,329.74871826171875,0.9349055290222168,896.679443359375,303.2450256347656,0.9889063835144043
1044,87.55392456054688,117.4286117553711,0.9999185800552368,999.7279052734375,78.58076477050781,0.99977046251297,90.30493927001953,1029.469482421875,0.9998944997787476,1022.6309204101562,1020.7599487304688,0.999736487865448,341.8028564453125,533.1062622070312,0.16178475320339203,336.7010192871094,610.154541015625,0.9954298734664917,281.5060729980469,571.8916625976562,0.9997784495353699,386.73321533203125,566.7199096679688,0.9959064722061157,724.6311645507812,499.3833312988281,0.9947112798690796,755.6212158203125,715.5971069335938,0.9999150037765503,691.797607421875,591.5541381835938,0.9967580437660217,785.363037109375,566.3518676757812,0.989408016204834,276.7902526855469,541.305419921875,0.9900742173194885,343.45587158203125,463.6729736328125,0.9967558979988098,372.1223449707031,432.8788146972656,0.9930475354194641,481.5818786621094,392.77490234375,0.9698731303215027,424.07421875,476.7842712402344,0.932732880115509,369.14404296875,393.8270263671875,0.9907695651054382,541.492431640625,426.912353515625,0.9972955584526062,517.3148193359375,333.5909729003906,0.9735954999923706,592.1752319335938,353.8593444824219,0.9998723268508911,707.7821655273438,321.9469909667969,0.8890542387962341,532.2511596679688,257.5784912109375,0.6313818693161011
1045,86.99032592773438,119.9482192993164,0.9999288320541382,999.68798828125,81.4543228149414,0.9999171495437622,91.47148895263672,1029.2012939453125,0.9999340772628784,1022.5363159179688,1020.7174682617188,0.9997836947441101,721.3118286132812,510.50238037109375,0.018819529563188553,335.9708251953125,610.5030517578125,0.994857668876648,285.7044982910156,571.0156860351562,0.9751714468002319,386.4571838378906,568.7929077148438,0.9930909872055054,716.514892578125,500.8086242675781,0.9972319006919861,755.146484375,715.3856811523438,0.9998722076416016,689.844482421875,588.5006103515625,0.9882577061653137,781.4946899414062,559.224365234375,0.9808230996131897,291.9140625,552.7940673828125,0.9892516732215881,354.56298828125,478.0620422363281,0.9975615739822388,380.37164306640625,447.0770568847656,0.9890378713607788,482.5439453125,397.46221923828125,0.9936500191688538,436.5494384765625,482.8530578613281,0.9777470231056213,372.7366943359375,409.6974792480469,0.9980756044387817,547.31982421875,431.2513427734375,0.9705035090446472,506.3209228515625,336.0007629394531,0.8275406360626221,592.3828735351562,360.2893371582031,0.9996591806411743,719.9818725585938,321.1146240234375,0.721858561038971,896.9115600585938,288.0988464355469,0.9730013012886047
1046,87.25387573242188,116.57402801513672,0.9999488592147827,1001.4263916015625,79.11702728271484,0.9997524619102478,92.71338653564453,1028.73046875,0.9998623132705688,1023.4027709960938,1020.3726196289062,0.9997414946556091,311.9554138183594,510.69110107421875,0.05362121760845184,335.0028381347656,610.6838989257812,0.991824209690094,277.905029296875,560.890869140625,0.9563005566596985,385.581787109375,567.4264526367188,0.9879773259162903,722.026123046875,500.4162292480469,0.997412383556366,754.3914184570312,715.0662231445312,0.999881386756897,690.0123901367188,585.1766357421875,0.9959896206855774,782.4817504882812,562.1958618164062,0.9924299120903015,308.03460693359375,551.0888061523438,0.04553365334868431,365.8721618652344,479.0841064453125,0.9884508848190308,390.2364196777344,451.39892578125,0.9781928062438965,486.30133056640625,400.23016357421875,0.9930201172828674,453.27783203125,487.9283752441406,0.9947957396507263,378.9568176269531,414.8614807128906,0.982029378414154,550.49560546875,425.2037048339844,0.9864113926887512,503.338134765625,341.0959167480469,0.5760361552238464,595.2670288085938,358.9635314941406,0.9997065663337708,896.6376953125,285.96221923828125,0.9653563499450684,896.4151611328125,286.6524658203125,0.10380270332098007
1047,87.51866912841797,115.58363342285156,0.9998941421508789,999.5701904296875,77.2115707397461,0.999812662601471,89.69358825683594,1029.687744140625,0.9998568296432495,1020.7723388671875,1021.4036254882812,0.9992351531982422,325.0284729003906,493.8607177734375,0.22945432364940643,332.7160949707031,610.2863159179688,0.9951885938644409,277.48345947265625,553.12841796875,0.9816455841064453,387.6209716796875,559.8273315429688,0.9793034791946411,721.44140625,500.5263671875,0.9970736503601074,755.5789184570312,716.1821899414062,0.9999103546142578,688.8727416992188,586.9935302734375,0.9936429262161255,784.236083984375,564.8751831054688,0.9938367009162903,312.6929626464844,551.11083984375,0.39281004667282104,374.50982666015625,478.592041015625,0.9895439147949219,402.51141357421875,447.62042236328125,0.9899201393127441,487.4895324707031,401.7128601074219,0.9956576824188232,460.175048828125,486.533203125,0.995923638343811,395.6718444824219,406.66534423828125,0.8147896528244019,542.7162475585938,430.9486083984375,0.9937297105789185,470.1788024902344,344.22442626953125,0.5282377004623413,593.4608154296875,359.9550476074219,0.9996170997619629,894.5520629882812,283.9757385253906,0.9814183115959167,971.846435546875,306.8235168457031,0.719963788986206
1048,87.1236801147461,115.80062866210938,0.9998397827148438,999.7781372070312,80.67321014404297,0.999901533126831,89.34243774414062,1029.0135498046875,0.9998605251312256,1023.203125,1021.8926391601562,0.9997870326042175,313.5892333984375,525.5377197265625,0.02821878343820572,332.8556213378906,611.6842651367188,0.9967418313026428,278.68743896484375,562.0849609375,0.9954362511634827,384.96575927734375,570.1528930664062,0.9706751704216003,720.7200927734375,499.53424072265625,0.9945236444473267,755.404296875,714.16259765625,0.9998788833618164,690.3456420898438,587.5601806640625,0.991657555103302,785.4730834960938,564.001220703125,0.9924252033233643,304.7562561035156,534.3547973632812,0.04615194723010063,377.2768859863281,471.6037292480469,0.99628746509552,405.42474365234375,446.21942138671875,0.9962446093559265,494.1979675292969,403.0273132324219,0.9937400817871094,462.4355773925781,487.02667236328125,0.9727072715759277,394.5919189453125,406.883056640625,0.9939990043640137,546.7899169921875,429.74017333984375,0.9989811778068542,520.2069091796875,351.7796936035156,0.15934869647026062,595.739990234375,361.9505615234375,0.9997259974479675,894.3323974609375,281.6144714355469,0.9798429608345032,965.9638671875,305.9866943359375,0.817966639995575
1049,87.69659423828125,117.19328308105469,0.9998362064361572,998.0498657226562,77.7435073852539,0.9999133348464966,89.37480926513672,1029.05322265625,0.9997434020042419,1023.2380981445312,1020.594970703125,0.9996405839920044,326.1593017578125,516.14794921875,0.04204277694225311,331.3027038574219,610.311767578125,0.9985116124153137,277.3017883300781,556.40478515625,0.9979842901229858,384.26800537109375,567.060302734375,0.799159586429596,723.1012573242188,499.1482849121094,0.9908849596977234,756.3328247070312,714.4734497070312,0.9998800754547119,690.6848754882812,588.4618530273438,0.9937264919281006,785.2346801757812,565.1182250976562,0.9930437803268433,310.43212890625,501.2533874511719,0.7771895527839661,356.9715881347656,464.549072265625,0.9739841818809509,383.44464111328125,452.77520751953125,0.9936842322349548,486.00653076171875,409.9862365722656,0.9863801598548889,443.33966064453125,494.94036865234375,0.9840760827064514,397.3904113769531,404.9095458984375,0.9959061145782471,563.5211181640625,433.7911682128906,0.9967774748802185,512.0481567382812,347.7196044921875,0.7642425894737244,593.47607421875,360.929443359375,0.9999042749404907,893.5899047851562,280.2486267089844,0.9911655783653259,971.6036376953125,307.8669128417969,0.8654758930206299
1050,86.2483139038086,116.68798828125,0.999947190284729,999.7987670898438,78.03910827636719,0.9998648166656494,88.931396484375,1029.1500244140625,0.9998010993003845,1019.8439331054688,1020.4902954101562,0.9990717172622681,336.2502746582031,506.88433837890625,0.638224720954895,332.6943359375,610.72900390625,0.9988319277763367,276.2362060546875,555.7937622070312,0.9972299933433533,382.6273498535156,565.849609375,0.8396193981170654,717.9678955078125,500.4684143066406,0.9841857552528381,756.20556640625,716.0509643554688,0.9999021291732788,690.57666015625,587.5111083984375,0.9974201917648315,783.6666870117188,568.6609497070312,0.9933578372001648,290.20343017578125,467.6298828125,0.970379114151001,344.54986572265625,437.8919982910156,0.9836785197257996,367.9444580078125,436.6746826171875,0.997150719165802,483.53729248046875,414.5578918457031,0.9983065128326416,416.2544860839844,489.70721435546875,0.978704571723938,394.3414306640625,395.90167236328125,0.9884266257286072,566.6696166992188,438.98089599609375,0.9985324144363403,513.1690063476562,347.85626220703125,0.8093951940536499,593.4725952148438,361.4861145019531,0.9997385144233704,889.1483764648438,280.01617431640625,0.7947171926498413,898.3436279296875,283.5047607421875,0.34415435791015625
1051,87.4100341796875,117.08922576904297,0.9998248219490051,999.3417358398438,79.64226531982422,0.9999115467071533,89.81377410888672,1030.2210693359375,0.9998121857643127,1017.5079956054688,1021.2874755859375,0.9995250701904297,329.98553466796875,496.975341796875,0.9945728182792664,335.9726257324219,609.6285400390625,0.9994475245475769,277.457763671875,551.43994140625,0.9970032572746277,386.01123046875,559.3598022460938,0.9862473607063293,717.9068603515625,499.7759704589844,0.9937226176261902,756.016357421875,715.5489501953125,0.9998879432678223,688.6878051757812,591.7113037109375,0.9956226944923401,783.3310546875,563.605224609375,0.9956589937210083,292.0991516113281,411.0704650878906,0.916485071182251,310.8735046386719,415.6756591796875,0.8164454698562622,332.5368347167969,417.5170593261719,0.6488388776779175,479.6463317871094,404.7196960449219,0.9973136782646179,400.3247375488281,477.5713806152344,0.9646204710006714,383.51495361328125,388.29150390625,0.8168700933456421,561.524169921875,437.3194885253906,0.9936443567276001,521.3157958984375,337.8948059082031,0.8951606750488281,593.586669921875,359.1886901855469,0.9999266862869263,725.6126708984375,322.2145690917969,0.6970738768577576,969.4171142578125,306.6899719238281,0.9872937202453613
1052,88.6214599609375,116.62509155273438,0.9997202754020691,1000.2001342773438,79.43025207519531,0.9998817443847656,89.69774627685547,1029.6607666015625,0.9998964071273804,1021.4732666015625,1020.515380859375,0.999371349811554,334.1205139160156,497.634521484375,0.999028205871582,333.7713928222656,611.5405883789062,0.9995067119598389,276.81414794921875,551.3948974609375,0.9952927827835083,384.70849609375,558.6473388671875,0.9989196062088013,721.8857421875,498.3912048339844,0.9863857626914978,756.3297729492188,715.1904296875,0.9998762607574463,688.9940795898438,591.292724609375,0.9937556982040405,782.9032592773438,565.968505859375,0.9866706728935242,271.58831787109375,415.05706787109375,0.7977266907691956,308.2644958496094,411.60772705078125,0.9450230002403259,335.0015869140625,406.067626953125,0.9421523809432983,467.5906982421875,393.01605224609375,0.9773975014686584,375.5140380859375,453.1415710449219,0.9842953681945801,371.6739807128906,357.552490234375,0.7755470275878906,542.44677734375,447.1565856933594,0.9881646633148193,522.2769775390625,346.3069763183594,0.937131404876709,590.2625122070312,362.2819519042969,0.9994014501571655,733.1483154296875,321.06915283203125,0.7979476451873779,893.2818603515625,289.1188049316406,0.8563901782035828
1053,86.49962615966797,117.44520568847656,0.9998908042907715,998.47705078125,77.64356231689453,0.9998866319656372,90.95526885986328,1029.8046875,0.9997667670249939,1021.7425537109375,1020.6593017578125,0.9996583461761475,331.8890380859375,495.8982238769531,0.9981885552406311,332.98724365234375,611.0339965820312,0.9997203946113586,277.26287841796875,552.0611572265625,0.9943270087242126,386.16357421875,554.7576904296875,0.9982946515083313,722.1900024414062,500.232666015625,0.9909641742706299,756.0420532226562,714.734375,0.9998695850372314,691.2879028320312,588.0638427734375,0.9959783554077148,784.8532104492188,561.9255981445312,0.9938177466392517,551.06982421875,468.32159423828125,0.8738409876823425,314.84210205078125,406.0704040527344,0.19041763246059418,333.72265625,395.4632568359375,0.20464979112148285,448.93634033203125,377.6940612792969,0.932296097278595,369.49481201171875,443.4182434082031,0.9911192059516907,367.5901184082031,344.32452392578125,0.811310350894928,515.9581298828125,433.5295715332031,0.5848224759101868,516.3040771484375,323.77618408203125,0.9242673516273499,577.6527099609375,358.9776916503906,0.9995973706245422,782.1769409179688,305.79327392578125,0.9642924070358276,894.7444458007812,293.6065979003906,0.2933940589427948
1054,87.53317260742188,117.68933868408203,0.9999352693557739,999.1829833984375,79.25769805908203,0.9998509883880615,89.131591796875,1029.3927001953125,0.9998520612716675,1022.3507690429688,1020.5952758789062,0.9996078610420227,332.2032165527344,495.6578063964844,0.9976213574409485,332.2924499511719,611.6101684570312,0.9997000694274902,276.2281494140625,553.047607421875,0.9979669451713562,386.017333984375,554.7409057617188,0.9968287348747253,716.695556640625,502.95068359375,0.9816780686378479,757.1795043945312,713.408447265625,0.9998722076416016,689.2921142578125,590.6322021484375,0.9925872683525085,784.7155151367188,564.5762939453125,0.9976663589477539,533.99853515625,468.3649597167969,0.9360116720199585,258.6739501953125,413.0110168457031,0.8471060395240784,286.34014892578125,404.9776916503906,0.3390887379646301,428.9332580566406,369.32257080078125,0.9886106848716736,347.3501892089844,437.84967041015625,0.8991180658340454,308.0323181152344,361.1868591308594,0.7826084494590759,367.01953125,329.830810546875,0.0350475087761879,496.4616394042969,317.7806396484375,0.9539840817451477,562.012939453125,351.0482177734375,0.9969412684440613,753.1201782226562,310.96673583984375,0.8152404427528381,532.7037353515625,258.3400573730469,0.40265366435050964
1055,86.3122329711914,115.82371520996094,0.9999178647994995,999.0496215820312,77.42337036132812,0.9998586177825928,90.83377838134766,1030.7755126953125,0.9997196793556213,1022.3826904296875,1020.3795776367188,0.9994751811027527,330.67913818359375,497.029052734375,0.997142493724823,333.5504150390625,611.8451538085938,0.9995074272155762,276.1094970703125,557.17578125,0.997698962688446,385.93798828125,554.3064575195312,0.997527539730072,720.621826171875,499.2215270996094,0.9876484870910645,756.7371215820312,716.0592651367188,0.9998481273651123,693.3203735351562,591.8702392578125,0.9969550371170044,784.7109375,568.2592163085938,0.9963420033454895,519.8928833007812,455.3717956542969,0.7988079190254211,206.64834594726562,426.218505859375,0.7336739897727966,238.3131561279297,410.6009216308594,0.26047927141189575,407.13873291015625,368.681396484375,0.7865034341812134,304.2031555175781,443.9139099121094,0.7956922054290771,262.81451416015625,363.6161804199219,0.7113319635391235,264.5968322753906,358.0359191894531,0.70112544298172,298.7064208984375,444.9620056152344,0.9304335117340088,533.5198974609375,351.7857360839844,0.9973670840263367,688.664794921875,328.2394714355469,0.9652202725410461,938.0497436523438,323.9894714355469,0.9868326187133789
1056,86.75907897949219,116.72364807128906,0.9999415874481201,999.18115234375,78.4874038696289,0.9997162222862244,89.24739074707031,1029.555908203125,0.9996234178543091,1021.375732421875,1020.4078979492188,0.9995077848434448,330.3128662109375,496.6722412109375,0.9984840750694275,333.1217041015625,612.489501953125,0.9995267391204834,276.553955078125,555.6466064453125,0.9983324408531189,385.2253723144531,554.9993286132812,0.9979273080825806,716.6390991210938,499.5163879394531,0.9627082943916321,755.47900390625,715.0530395507812,0.9998158812522888,694.7646484375,593.3761596679688,0.9941954016685486,785.0501098632812,566.6434326171875,0.9981208443641663,114.9903564453125,481.6384582519531,0.9795687794685364,157.39202880859375,446.8100891113281,0.9933411478996277,174.06692504882812,437.18756103515625,0.9529623985290527,394.94830322265625,369.6890869140625,0.988443911075592,274.1580505371094,449.8209228515625,0.10610640794038773,195.60816955566406,396.60980224609375,0.9604486227035522,443.7415466308594,428.53057861328125,0.9916770458221436,444.5812072753906,321.25897216796875,0.9491036534309387,506.9490051269531,354.6085205078125,0.9960447549819946,662.1630859375,346.9542236328125,0.9947624802589417,881.2636108398438,302.29656982421875,0.9912627935409546
1057,86.76347351074219,117.27574157714844,0.9998843669891357,998.8671875,78.84654998779297,0.999679446220398,89.28726196289062,1030.572021484375,0.9997116923332214,1021.3644409179688,1020.846923828125,0.9996980428695679,335.42181396484375,495.8768310546875,0.9987269043922424,333.41497802734375,612.109375,0.9995050430297852,277.4794921875,553.3355102539062,0.9970225691795349,385.4522705078125,556.7568969726562,0.9974446296691895,720.6102905273438,498.7124328613281,0.9259899854660034,756.7522583007812,715.9130249023438,0.9998410940170288,691.624755859375,592.593994140625,0.9947721362113953,786.3265380859375,561.9055786132812,0.9973098039627075,92.78243255615234,508.5376281738281,0.9453995823860168,127.324951171875,470.2516174316406,0.9730773568153381,146.23423767089844,456.09820556640625,0.9714676737785339,333.82421875,366.5509948730469,0.7728996276855469,251.5602569580078,456.99468994140625,0.11376892775297165,152.65110778808594,416.8131408691406,0.986084520816803,416.0653991699219,412.4030456542969,0.2509654760360718,410.6983337402344,319.14739990234375,0.7916756868362427,476.4530944824219,360.3211364746094,0.9988932013511658,609.9762573242188,355.27117919921875,0.9058356881141663,802.565185546875,345.10430908203125,0.9990719556808472
1058,86.56221771240234,116.63667297363281,0.9999282360076904,998.6985473632812,76.70393371582031,0.9999271631240845,89.82252502441406,1029.5721435546875,0.9998190999031067,1020.8049926757812,1021.2984619140625,0.9990839958190918,335.85546875,496.26214599609375,0.9965932965278625,332.1678466796875,611.1676635742188,0.9995192289352417,276.4813232421875,554.89013671875,0.9980200529098511,387.4035339355469,558.9312133789062,0.9986417889595032,719.2655029296875,499.6522521972656,0.9827545285224915,756.4334716796875,714.0287475585938,0.9998801946640015,692.5509643554688,592.1506958007812,0.9957560896873474,786.21875,563.223388671875,0.9971451163291931,80.95574951171875,508.89697265625,0.9606154561042786,114.48181915283203,476.1086730957031,0.9509482979774475,138.96754455566406,458.6720275878906,0.9319558143615723,293.4580383300781,380.4487609863281,0.9039357900619507,232.3928985595703,472.05596923828125,0.9432569146156311,148.56289672851562,421.15869140625,0.9473348259925842,388.9585876464844,412.1134948730469,0.5856103897094727,378.5459899902344,322.4822998046875,0.9860026836395264,451.4467468261719,366.09588623046875,0.9996919631958008,594.6163330078125,353.548828125,0.9931950569152832,535.0291748046875,269.4106140136719,0.06540470570325851
1059,87.84461212158203,116.32786560058594,0.9998728036880493,1000.3534545898438,77.60768127441406,0.9996261596679688,90.71490478515625,1029.550048828125,0.9998189806938171,1021.5314331054688,1021.2305297851562,0.9995124340057373,336.17181396484375,496.3249206542969,0.998199462890625,333.0287780761719,611.8946533203125,0.9995332956314087,277.0899658203125,554.3494262695312,0.9992129802703857,387.3094787597656,558.8202514648438,0.9939830899238586,720.4629516601562,498.93963623046875,0.9805831909179688,757.5453491210938,715.37646484375,0.9999129772186279,689.932861328125,590.0830688476562,0.9968162178993225,788.0513305664062,564.7935180664062,0.9962676167488098,92.98165130615234,530.1399536132812,0.9740002155303955,117.66693115234375,484.2929382324219,0.9990060925483704,134.43084716796875,473.3097839355469,0.9994997978210449,272.7518615722656,393.3440246582031,0.7531127333641052,218.81219482421875,483.45166015625,0.8457180261611938,147.17999267578125,425.42523193359375,0.8358028531074524,328.0204772949219,446.392333984375,0.36846715211868286,360.8815002441406,328.6402282714844,0.892124354839325,431.8553466796875,376.7941589355469,0.9995666146278381,564.7847900390625,360.4172668457031,0.9818516969680786,787.5695190429688,381.6953125,0.996484637260437
1060,87.89086151123047,116.28480529785156,0.9996150732040405,997.6986083984375,77.52967071533203,0.9997864365577698,90.03307342529297,1029.982666015625,0.9998144507408142,1022.2671508789062,1019.675537109375,0.9996984004974365,337.8241271972656,497.7562255859375,0.9973127245903015,332.7066345214844,611.3719482421875,0.9994598031044006,277.42840576171875,555.45751953125,0.9983205199241638,387.0396728515625,559.7664794921875,0.9959526062011719,715.3945922851562,498.9108581542969,0.9754483699798584,756.8316650390625,716.1445922851562,0.9998823404312134,691.06005859375,589.3609008789062,0.9964566826820374,785.6057739257812,564.9359130859375,0.9873350858688354,102.97576904296875,531.261474609375,0.8798288702964783,115.45426940917969,487.60089111328125,0.984250545501709,129.4393768310547,476.2294616699219,0.9434853792190552,267.9265441894531,394.3489685058594,0.9531578421592712,220.5102081298828,485.1090393066406,0.9480448365211487,158.45997619628906,411.56231689453125,0.9867245554924011,346.2276306152344,430.24395751953125,0.8276547789573669,357.0340881347656,329.83355712890625,0.9545459747314453,425.1160583496094,378.1241455078125,0.9994391798973083,558.1007690429688,360.17132568359375,0.9953089356422424,785.2902221679688,385.95782470703125,0.8402208685874939
1061,86.12239837646484,116.89861297607422,0.9999574422836304,999.4182739257812,81.00807189941406,0.9998863935470581,90.90169525146484,1030.6187744140625,0.9998160004615784,1021.7763671875,1020.7930297851562,0.9994526505470276,341.1629943847656,498.63720703125,0.9934141635894775,330.7805480957031,611.9608764648438,0.9993150234222412,277.348388671875,553.9556274414062,0.9980612397193909,387.00592041015625,562.2026977539062,0.9972291588783264,719.9259643554688,498.255126953125,0.9830033779144287,756.8889770507812,714.47607421875,0.9999144077301025,689.7685546875,591.2406616210938,0.9909018278121948,785.86962890625,567.654296875,0.9938754439353943,106.15531921386719,536.9573364257812,0.9852181077003479,123.35458374023438,487.6688537597656,0.985460102558136,142.59950256347656,476.6017761230469,0.8694072365760803,275.2191162109375,392.33544921875,0.9973176121711731,214.75328063964844,491.1211853027344,0.925701379776001,157.26048278808594,413.98974609375,0.9951398372650146,337.781494140625,429.7867736816406,0.7974853515625,346.495361328125,314.173095703125,0.9217932224273682,409.9550476074219,370.7783203125,0.9996297359466553,555.2576293945312,361.0126037597656,0.9804314970970154,784.3212280273438,376.5158996582031,0.9995971322059631
1062,87.11898040771484,117.05359649658203,0.999891996383667,999.4685668945312,78.94310760498047,0.9997424483299255,91.08160400390625,1029.537109375,0.9998695850372314,1021.956298828125,1020.3345947265625,0.9994844198226929,342.0046081542969,497.9854736328125,0.9900562763214111,330.94512939453125,610.843017578125,0.9994804263114929,277.8774108886719,554.597412109375,0.9974172115325928,385.7743835449219,562.2351684570312,0.9974320530891418,721.219970703125,499.2826232910156,0.9745919108390808,756.3291015625,714.9986572265625,0.9999364614486694,688.6597290039062,591.4266967773438,0.9844887256622314,784.7152709960938,567.352294921875,0.9972774386405945,119.69864654541016,542.1173095703125,0.975434422492981,133.00396728515625,497.65740966796875,0.7218165397644043,144.723876953125,479.0964660644531,0.8083450198173523,267.4624328613281,393.630126953125,0.9629607200622559,217.20831298828125,488.7974853515625,0.8494281768798828,159.34033203125,413.21826171875,0.9858286380767822,339.1015319824219,426.67840576171875,0.9672321677207947,326.1698913574219,321.75079345703125,0.8657404780387878,405.1322021484375,356.4721984863281,0.9993610978126526,534.8921508789062,350.2315673828125,0.8236860036849976,721.1007690429688,359.51043701171875,0.9714471101760864
1063,86.76181030273438,116.74732971191406,0.9999126195907593,998.8705444335938,77.25406646728516,0.9995476603507996,91.51248931884766,1031.4879150390625,0.9998089671134949,1021.0243530273438,1020.4929809570312,0.9994348883628845,341.68609619140625,497.5530700683594,0.9922387003898621,331.9388122558594,610.9513549804688,0.9995704293251038,279.1268615722656,550.8125610351562,0.9966880679130554,385.6638488769531,562.849365234375,0.9973809123039246,717.3320922851562,498.87713623046875,0.9843693971633911,757.1022338867188,715.0206909179688,0.9999352693557739,689.359619140625,591.7998046875,0.993572473526001,786.1574096679688,566.03271484375,0.9968680739402771,145.9637451171875,549.0082397460938,0.9165273308753967,140.09449768066406,492.5067443847656,0.7183563113212585,159.4756622314453,484.2811584472656,0.9436025619506836,257.61090087890625,395.4481506347656,0.9731826782226562,229.4609375,488.3291015625,0.7880935668945312,163.21359252929688,419.8865966796875,0.9852324724197388,338.6757507324219,427.52947998046875,0.9811474680900574,304.244384765625,315.6309509277344,0.7854359745979309,399.7308654785156,347.8971862792969,0.99456787109375,517.9861450195312,342.97467041015625,0.7246875762939453,571.7999267578125,327.5983581542969,0.6285390257835388
1064,88.02641296386719,117.14527893066406,0.9998712539672852,1000.0619506835938,79.55908966064453,0.9996492862701416,91.197021484375,1029.691650390625,0.9998993873596191,1020.7052001953125,1020.5245971679688,0.998970627784729,337.039306640625,497.0243835449219,0.9909769296646118,331.03656005859375,611.3031616210938,0.999519944190979,278.0360412597656,553.338623046875,0.9926831126213074,385.6253662109375,561.2261962890625,0.9970333576202393,721.4815673828125,499.23455810546875,0.8888822793960571,756.8861694335938,714.2299194335938,0.9999301433563232,690.9442138671875,591.9258422851562,0.9924765229225159,786.691162109375,565.2386474609375,0.9937998652458191,146.66146850585938,537.0855712890625,0.962459146976471,151.03128051757812,493.2978820800781,0.9875072240829468,167.6845703125,479.8368225097656,0.9795174598693848,257.81243896484375,389.71630859375,0.9636383652687073,235.14596557617188,486.13775634765625,0.8880805969238281,166.18695068359375,419.66632080078125,0.949191689491272,342.3088684082031,420.8706970214844,0.9885554909706116,295.3466491699219,308.0196533203125,0.9246142506599426,391.1528015136719,340.0455627441406,0.9951292276382446,557.1990966796875,319.7841491699219,0.8088617324829102,630.1114501953125,315.56353759765625,0.7353678345680237
1065,86.80158996582031,116.22469329833984,0.9999417066574097,999.8192138671875,78.00934600830078,0.9998370409011841,90.81082916259766,1029.8897705078125,0.9998177886009216,1021.759765625,1020.4813232421875,0.9995855689048767,333.4510192871094,496.9792785644531,0.9825057983398438,334.5516052246094,611.3409423828125,0.9996836185455322,277.2140197753906,559.61767578125,0.9971784353256226,386.57635498046875,559.7720947265625,0.9971381425857544,721.5159912109375,498.3088684082031,0.9653663635253906,756.7996215820312,713.5762329101562,0.9999018907546997,689.8161010742188,590.0784912109375,0.984302282333374,785.7550659179688,566.6696166992188,0.9899919629096985,168.14402770996094,550.1285400390625,0.8316808938980103,166.4925079345703,494.1551818847656,0.8593630790710449,176.29458618164062,475.6809997558594,0.8318673968315125,259.97265625,385.55999755859375,0.9668684601783752,233.1005859375,489.3416442871094,0.47724974155426025,167.61184692382812,420.24066162109375,0.7241013050079346,342.59625244140625,418.31439208984375,0.9888494610786438,301.1714172363281,304.95111083984375,0.9642555713653564,398.0926818847656,332.1871643066406,0.9981333613395691,531.6769409179688,307.09625244140625,0.8162355422973633,629.4388427734375,286.67132568359375,0.7682545185089111
1066,87.04195404052734,115.94317626953125,0.9999226331710815,1000.5232543945312,80.49071502685547,0.9997605681419373,92.07327270507812,1029.0391845703125,0.9999151229858398,1020.297607421875,1021.236083984375,0.9996637105941772,324.6022033691406,496.2618103027344,0.9775329232215881,336.5368957519531,609.9498901367188,0.999580442905426,276.0972595214844,561.6874389648438,0.9979714751243591,385.8758850097656,558.5516357421875,0.9967935681343079,719.6629028320312,501.0499572753906,0.9850912094116211,756.3035278320312,715.098876953125,0.9999217987060547,691.6751708984375,592.3330688476562,0.9947983026504517,784.8023071289062,569.4461669921875,0.9909317493438721,153.34197998046875,496.86602783203125,0.24072009325027466,177.4484405517578,497.2456970214844,0.5490677952766418,180.58901977539062,492.6061096191406,0.7359170913696289,254.47718811035156,383.9900207519531,0.87901371717453,249.7749481201172,474.5337829589844,0.09080996364355087,167.9592742919922,423.5789489746094,0.3884464502334595,345.0572814941406,416.9665832519531,0.9952521324157715,295.3941345214844,304.3213195800781,0.9445939064025879,398.59112548828125,330.51715087890625,0.9981827735900879,530.8250122070312,297.6019287109375,0.8135449886322021,607.4190063476562,276.3783264160156,0.9880682826042175
1067,85.84046936035156,116.83341979980469,0.9998800754547119,998.7735595703125,79.21500396728516,0.9995918869972229,90.69252014160156,1029.6236572265625,0.9998015761375427,1022.5179443359375,1021.305419921875,0.9991100430488586,323.1954650878906,496.8873291015625,0.995495080947876,340.102783203125,610.7616577148438,0.9996032118797302,275.1393737792969,563.992919921875,0.9994798302650452,386.940185546875,556.1593627929688,0.9975966811180115,719.9224853515625,498.2508239746094,0.9625728726387024,756.3473510742188,716.130615234375,0.9998935461044312,690.8955688476562,590.8029174804688,0.9846630096435547,784.576171875,567.2192993164062,0.9891065955162048,164.5006561279297,509.20001220703125,0.41853800415992737,208.64512634277344,524.9763793945312,0.636939287185669,195.721435546875,488.2341003417969,0.6172961592674255,261.9270935058594,377.0185546875,0.9138625264167786,241.4031524658203,490.89654541015625,0.32485851645469666,172.05357360839844,474.8979797363281,0.02342480979859829,343.3528747558594,416.72686767578125,0.9883412718772888,304.39532470703125,302.24072265625,0.9747925996780396,390.318115234375,327.5039978027344,0.9995777010917664,513.8350219726562,297.60888671875,0.7532440423965454,782.0321655273438,245.9674835205078,0.9418123960494995
1068,87.71482849121094,116.90570831298828,0.9998342990875244,999.7326049804688,80.95782470703125,0.9996381998062134,89.17245483398438,1029.1585693359375,0.9998393058776855,1022.2908935546875,1022.0486450195312,0.9994474053382874,329.6025085449219,495.7618713378906,0.9880516529083252,337.08746337890625,610.7047729492188,0.9996490478515625,275.2360534667969,559.4869995117188,0.9859549403190613,386.32061767578125,557.7999267578125,0.9960923790931702,718.825927734375,498.3154296875,0.9876039028167725,754.2778930664062,713.5924072265625,0.99986732006073,690.8340454101562,589.266845703125,0.9891246557235718,783.451416015625,565.7919311523438,0.9903054237365723,268.97735595703125,579.6119384765625,0.7484437823295593,228.9365692138672,532.373046875,0.8668311238288879,202.92527770996094,500.7345886230469,0.1267777532339096,264.343505859375,374.1246643066406,0.9358933568000793,253.0238037109375,486.2959899902344,0.4034103751182556,170.16571044921875,507.37420654296875,0.1317860335111618,344.76611328125,418.28717041015625,0.998384952545166,296.6468811035156,300.725341796875,0.9657749533653259,389.104248046875,326.0643005371094,0.9987910389900208,532.518310546875,282.4615783691406,0.9139047265052795,597.6473388671875,257.21868896484375,0.8227036595344543
1069,86.90752410888672,117.13352966308594,0.9998377561569214,999.2874145507812,79.71041107177734,0.999695897102356,89.72572326660156,1031.7391357421875,0.9997870326042175,1021.6893310546875,1020.7650146484375,0.999457061290741,324.3044128417969,497.0521545410156,0.9894495606422424,337.470458984375,610.7765502929688,0.9995998740196228,274.256591796875,563.8380737304688,0.9983397722244263,386.136474609375,557.872314453125,0.9970614314079285,718.3574829101562,498.869384765625,0.9908401370048523,755.9651489257812,715.266845703125,0.999885082244873,689.2998046875,589.5715942382812,0.9842662811279297,783.7642211914062,570.2620849609375,0.9811694025993347,262.4623107910156,584.577392578125,0.18125557899475098,221.83026123046875,533.4524536132812,0.3845987617969513,202.75970458984375,511.0072937011719,0.18482479453086853,260.6663818359375,372.2420654296875,0.9622159004211426,251.25022888183594,482.23297119140625,0.5832964777946472,173.7027130126953,450.88763427734375,0.010726719163358212,342.702392578125,414.7828369140625,0.9944244623184204,299.0191955566406,295.3762512207031,0.9623371362686157,386.4212341308594,322.79180908203125,0.9995802044868469,502.6243896484375,283.3097839355469,0.828546404838562,606.5927124023438,251.04031372070312,0.9951823353767395
1070,88.0859146118164,117.29691314697266,0.9997703433036804,1001.4042358398438,78.32475280761719,0.9994372725486755,90.14022827148438,1028.5577392578125,0.9998948574066162,1022.5621948242188,1020.545654296875,0.9994914531707764,331.4741516113281,496.5487365722656,0.985273540019989,336.0260009765625,611.2125244140625,0.9995842576026917,276.8472900390625,558.0390014648438,0.9758334755897522,386.2863464355469,559.2586669921875,0.9974470138549805,720.8151245117188,500.28326416015625,0.9856812953948975,755.6126098632812,715.4761352539062,0.9998929500579834,690.8461303710938,591.9287719726562,0.9932796359062195,783.4561157226562,567.4448852539062,0.9927791953086853,257.8832702636719,577.6061401367188,0.7809324264526367,214.29986572265625,538.0546264648438,0.7122598886489868,205.0203857421875,512.9413452148438,0.187458798289299,256.9907531738281,374.3963317871094,0.9570639133453369,259.78057861328125,486.11480712890625,0.5784140229225159,173.06353759765625,461.4322814941406,0.22881218791007996,340.20562744140625,410.8856201171875,0.9906653165817261,285.816162109375,295.0115051269531,0.9612441062927246,379.87225341796875,321.2689208984375,0.999035120010376,506.20831298828125,275.7809753417969,0.9945639371871948,748.2777099609375,197.0228729248047,0.9530074596405029
1071,87.08495330810547,117.25387573242188,0.9999159574508667,1002.184326171875,80.73632049560547,0.9992445707321167,89.49748229980469,1029.5462646484375,0.9999059438705444,1020.1649169921875,1021.69775390625,0.9990159273147583,332.7414855957031,496.8349609375,0.9844419360160828,335.5774230957031,612.0646362304688,0.9994381070137024,275.37286376953125,554.498779296875,0.9971218705177307,385.9809875488281,558.8464965820312,0.9971290230751038,723.6355590820312,498.7327880859375,0.9916464686393738,754.9196166992188,714.7265014648438,0.9998952150344849,690.1248779296875,591.873046875,0.9887745380401611,785.083984375,569.7357788085938,0.9917224049568176,267.2218322753906,570.2667846679688,0.5217908024787903,212.9591064453125,541.9971313476562,0.798000156879425,202.43760681152344,512.3924560546875,0.1809076964855194,255.3241424560547,375.43609619140625,0.9392707347869873,256.3039855957031,486.2877502441406,0.8013776540756226,168.21603393554688,457.6319885253906,0.09839612990617752,339.1648864746094,409.79302978515625,0.9909844398498535,280.6502685546875,297.3914794921875,0.8699453473091125,378.48052978515625,314.700439453125,0.998464822769165,485.156494140625,273.0879211425781,0.8762775659561157,595.648193359375,228.51376342773438,0.9940195083618164
1072,86.914306640625,116.9909439086914,0.9998918771743774,999.9475708007812,79.27659606933594,0.9996621608734131,89.29936218261719,1029.4569091796875,0.9998973608016968,1022.4270629882812,1021.4335327148438,0.9995074272155762,327.54638671875,497.2285461425781,0.9721161723136902,337.6434326171875,611.2073974609375,0.9996042847633362,275.9825134277344,560.33349609375,0.9892324209213257,386.7765808105469,556.7306518554688,0.9984317421913147,722.1419677734375,497.32550048828125,0.9804798364639282,754.7630004882812,715.6048583984375,0.9998981952667236,689.9464111328125,590.6970825195312,0.9884582161903381,785.6566772460938,566.3323364257812,0.9965550899505615,262.7076110839844,570.6182250976562,0.29656603932380676,223.62098693847656,543.2584228515625,0.5348659753799438,199.2815704345703,508.017333984375,0.05723423883318901,249.72218322753906,377.9790344238281,0.9594623446464539,258.3310852050781,494.1120910644531,0.2339179366827011,167.73812866210938,451.037109375,0.023450277745723724,336.0202941894531,410.4123229980469,0.9898259043693542,268.70404052734375,302.0681457519531,0.9350547194480896,372.8820495605469,313.45062255859375,0.9982328414916992,475.6368103027344,263.04937744140625,0.9402874708175659,562.292724609375,236.6261749267578,0.3955930769443512
1073,86.73963165283203,117.53694915771484,0.999929666519165,1001.2376708984375,77.0925521850586,0.9993312358856201,89.45618438720703,1028.7520751953125,0.9999175071716309,1020.1912841796875,1020.3499755859375,0.999238133430481,329.6290283203125,496.4463195800781,0.9094817042350769,337.50079345703125,610.9186401367188,0.9993960857391357,275.974365234375,563.9550170898438,0.9825937151908875,385.7985534667969,559.4939575195312,0.9969893097877502,723.3545532226562,496.6390075683594,0.9799060225486755,756.4120483398438,714.0506591796875,0.9999113082885742,690.7101440429688,589.7021484375,0.9966298937797546,786.1253662109375,567.7472534179688,0.9920018911361694,257.761474609375,595.6698608398438,0.775232195854187,224.59628295898438,551.6572875976562,0.3918551504611969,204.54843139648438,515.7952880859375,0.21721906960010529,252.47958374023438,383.1395568847656,0.7552560567855835,259.7336120605469,496.86834716796875,0.5059249997138977,162.0699005126953,453.81378173828125,0.006654230412095785,339.1426696777344,401.70257568359375,0.9966074228286743,259.7225646972656,304.1114501953125,0.46637195348739624,362.20660400390625,313.5838928222656,0.9989641904830933,456.0217590332031,263.5369567871094,0.7475194334983826,632.44873046875,168.68296813964844,0.7341976165771484
1074,86.19599151611328,116.54163360595703,0.9999376535415649,1000.1536865234375,76.60331726074219,0.999537467956543,89.45171356201172,1028.9078369140625,0.999887228012085,1023.627685546875,1020.6857299804688,0.9997519850730896,321.99139404296875,497.9834899902344,0.9316090941429138,343.0008239746094,611.3550415039062,0.9992192983627319,278.1872863769531,576.5677490234375,0.991544246673584,387.06488037109375,557.1827392578125,0.997270405292511,728.15576171875,495.8448181152344,0.9902448654174805,756.1439208984375,713.7127075195312,0.9999163150787354,691.53076171875,589.48095703125,0.993137001991272,786.7971801757812,562.6785888671875,0.9895138740539551,263.06134033203125,615.4103393554688,0.7856595516204834,225.73460388183594,573.7289428710938,0.15754316747188568,195.87249755859375,539.0109252929688,0.04653850570321083,225.69300842285156,395.1479187011719,0.9497841000556946,249.63580322265625,519.0892333984375,0.060762159526348114,254.9328155517578,438.24102783203125,0.007361897267401218,325.4962463378906,404.04132080078125,0.9935738444328308,217.3736114501953,315.88409423828125,0.9625529050827026,343.46954345703125,311.9189147949219,0.9988775849342346,453.9449157714844,252.3243865966797,0.7609185576438904,504.4234924316406,207.10427856445312,0.8852395415306091
1075,87.25556945800781,116.3287124633789,0.9999097585678101,998.9151000976562,77.01802825927734,0.9996957778930664,90.21797180175781,1027.46630859375,0.9998899698257446,1022.7169799804688,1022.2605590820312,0.9993044137954712,320.1698913574219,497.90118408203125,0.9476831555366516,347.4218444824219,611.7918090820312,0.9987866282463074,277.29754638671875,580.2496948242188,0.9922230839729309,386.9888000488281,554.9375610351562,0.9967135190963745,724.8541870117188,496.98846435546875,0.9868699908256531,755.2525634765625,714.2800903320312,0.9999431371688843,691.2814331054688,590.0126953125,0.9870844483375549,786.282470703125,563.2215576171875,0.9953697323799133,261.76141357421875,627.694580078125,0.3373624086380005,224.41671752929688,592.320556640625,0.5112941265106201,211.67042541503906,581.5146484375,0.06066032871603966,197.6236114501953,415.7980651855469,0.9018564820289612,234.88536071777344,520.1914672851562,0.011156026273965836,181.67657470703125,572.1514892578125,0.213422954082489,307.66961669921875,404.0694885253906,0.9133439064025879,205.6226806640625,325.47735595703125,0.9827532768249512,297.7995300292969,317.0678405761719,0.9914372563362122,427.4422302246094,268.6620178222656,0.7998385429382324,562.0956420898438,252.96975708007812,0.41145429015159607
1076,86.34394836425781,116.22303771972656,0.9999463558197021,1000.4465942382812,76.85057067871094,0.9992547631263733,90.33341217041016,1028.7806396484375,0.9999148845672607,1023.9407958984375,1020.79345703125,0.9996128678321838,323.2529296875,499.4832458496094,0.9945917725563049,347.0197448730469,611.0172729492188,0.9995957016944885,280.18768310546875,576.4276733398438,0.9611845016479492,387.0072326660156,557.6151123046875,0.9957432150840759,723.5985717773438,498.47406005859375,0.9926003813743591,755.3928833007812,714.2940673828125,0.9999427795410156,690.4689331054688,591.971923828125,0.988493025302887,785.4593505859375,567.362060546875,0.9962234497070312,243.99295043945312,656.1962890625,0.4168170392513275,222.75013732910156,620.3291625976562,0.27512240409851074,192.20521545410156,575.998779296875,0.4415062367916107,167.3758087158203,444.47772216796875,0.6703059077262878,233.02760314941406,535.6557006835938,0.15936830639839172,272.8307800292969,420.70684814453125,0.6573070287704468,131.60537719726562,541.4495239257812,0.6520237922668457,141.7387237548828,363.7498474121094,0.9380960464477539,261.18292236328125,322.99853515625,0.9892719984054565,490.1306457519531,275.6086120605469,0.19417938590049744,561.9557495117188,246.63995361328125,0.9374386668205261
1077,88.61874389648438,116.07194519042969,0.9998012185096741,999.6181030273438,78.14837646484375,0.9989901185035706,89.84996795654297,1027.90625,0.9998958110809326,1021.6447143554688,1020.1055908203125,0.999510645866394,323.0499572753906,499.3909606933594,0.9923743605613708,343.5358581542969,611.4464721679688,0.9991880059242249,276.04278564453125,571.4910278320312,0.9908639788627625,388.0921325683594,556.8116455078125,0.9941907525062561,720.5963745117188,497.83428955078125,0.9880053400993347,754.9830322265625,715.5107421875,0.9999197721481323,689.6898803710938,591.1221313476562,0.974949061870575,784.5297241210938,568.6887817382812,0.9925185441970825,263.4988098144531,664.97998046875,0.33250489830970764,216.37449645996094,635.6044921875,0.7589819431304932,202.18157958984375,612.480712890625,0.9640264511108398,163.8655548095703,477.6414794921875,0.9830905199050903,232.02725219726562,549.2473754882812,0.08769231289625168,146.1282958984375,586.1720581054688,0.49212297797203064,246.40928649902344,421.84228515625,0.9978880286216736,128.2852325439453,381.5279846191406,0.9834272861480713,226.1523895263672,328.288818359375,0.996385931968689,302.69024658203125,284.7586669921875,0.24417956173419952,385.0771789550781,207.35665893554688,0.6943718791007996
1078,86.36016082763672,115.94442749023438,0.9999428987503052,999.2567138671875,76.45352935791016,0.9997963309288025,89.74063110351562,1029.23779296875,0.9999403953552246,1022.550537109375,1021.5198364257812,0.9994285702705383,324.14654541015625,500.2618713378906,0.995930016040802,346.025634765625,611.502197265625,0.9995961785316467,276.04534912109375,576.85009765625,0.9793459177017212,387.0008239746094,556.1630859375,0.9980675578117371,719.8110961914062,497.818359375,0.9962992072105408,754.7564697265625,716.1435546875,0.9999122619628906,692.6726684570312,592.283447265625,0.990507960319519,785.7210693359375,567.276611328125,0.9943781495094299,272.1758728027344,660.1981201171875,0.4352380335330963,227.78358459472656,648.01171875,0.9623896479606628,200.03482055664062,617.6563110351562,0.9601498246192932,161.6083526611328,495.6506042480469,0.944101095199585,227.7018585205078,555.2975463867188,0.7133448123931885,148.4928741455078,610.537109375,0.884660542011261,234.1265106201172,448.9222412109375,0.9835563898086548,112.56220245361328,400.2041931152344,0.9991129040718079,200.3942413330078,352.2864990234375,0.9964233040809631,456.0179138183594,265.0920104980469,0.03742821514606476,517.9002685546875,225.3193817138672,0.7307438850402832
1079,88.18302917480469,116.80703735351562,0.9998444318771362,998.7987060546875,76.54660034179688,0.9998984336853027,89.65861511230469,1029.4188232421875,0.9998743534088135,1023.4470825195312,1020.427001953125,0.9997329115867615,325.2298889160156,499.7679748535156,0.9977491497993469,346.58612060546875,610.8539428710938,0.9997770190238953,276.70574951171875,570.1365966796875,0.9556435942649841,386.8031005859375,557.308837890625,0.997308611869812,720.3438110351562,497.2693176269531,0.9876896142959595,754.9432373046875,715.9375,0.9998464584350586,692.1265258789062,592.1282348632812,0.9900610446929932,785.0293579101562,568.6737060546875,0.9954610466957092,293.937744140625,645.3171997070312,0.6379979848861694,244.2276611328125,645.1359252929688,0.8647404909133911,222.6502685546875,633.8003540039062,0.527527391910553,158.61383056640625,509.14227294921875,0.9713340401649475,235.8226318359375,560.0938110351562,0.626048743724823,228.29261779785156,452.344482421875,0.12152688205242157,231.18128967285156,455.11187744140625,0.9616315364837646,109.90321350097656,417.9702453613281,0.9955257773399353,195.60890197753906,361.77947998046875,0.9974132180213928,254.9213409423828,298.1459045410156,0.1319018453359604,313.5416259765625,306.8757019042969,0.790269672870636
1080,88.1817398071289,115.47018432617188,0.9998817443847656,1000.029541015625,80.79540252685547,0.9998552799224854,89.59844207763672,1029.61669921875,0.9998629093170166,1020.2069091796875,1020.9567260742188,0.9992600083351135,327.0018310546875,498.8984375,0.9981433153152466,346.5019226074219,610.1949462890625,0.9991002082824707,274.8267822265625,564.9971313476562,0.9794412851333618,387.16748046875,556.8528442382812,0.9962445497512817,718.2326049804688,498.6849670410156,0.9842692613601685,755.014404296875,716.6729125976562,0.9998996257781982,693.562744140625,594.65087890625,0.9988420605659485,784.577880859375,565.8202514648438,0.9922227263450623,237.59873962402344,670.4452514648438,0.8213418126106262,253.03753662109375,649.60107421875,0.9312126040458679,236.63153076171875,638.7869262695312,0.5207376480102539,162.8521270751953,509.04608154296875,0.9233294725418091,235.64852905273438,564.3765869140625,0.11471854150295258,202.10928344726562,504.52520751953125,0.035860609263181686,232.1490936279297,474.69683837890625,0.9830644726753235,112.52738952636719,431.57061767578125,0.9720677137374878,182.8417205810547,370.2635192871094,0.9847965240478516,239.3058319091797,309.53240966796875,0.013661526143550873,295.36737060546875,288.3207092285156,0.19911283254623413
1081,85.78488159179688,118.05657196044922,0.9997779726982117,1000.0950927734375,74.56903076171875,0.999322772026062,89.6336441040039,1030.2520751953125,0.9997859597206116,1021.5370483398438,1022.65771484375,0.9989211559295654,327.0066833496094,499.6579284667969,0.9938268065452576,346.9311218261719,609.3093872070312,0.9949619770050049,274.73223876953125,563.9893188476562,0.9473463296890259,384.7608642578125,555.3497314453125,0.996745228767395,715.849609375,500.0155029296875,0.9420288801193237,756.2703247070312,715.0055541992188,0.9998785257339478,691.4963989257812,594.2859497070312,0.9987165927886963,784.4733276367188,570.2938842773438,0.9758806824684143,248.85581970214844,675.1166381835938,0.6286777257919312,258.6411437988281,657.86328125,0.7126970291137695,230.4575653076172,635.37890625,0.8992445468902588,160.56787109375,529.8378295898438,0.7953506708145142,95.95758819580078,435.3852844238281,0.14768873155117035,165.98814392089844,626.5604248046875,0.26804354786872864,210.61593627929688,447.3150634765625,0.9927172660827637,93.10652923583984,437.2231140136719,0.759789228439331,162.84652709960938,378.5184631347656,0.9849397540092468,306.4400634765625,615.5673828125,0.011438890360295773,224.61004638671875,436.8675537109375,0.045563533902168274
1082,85.92354583740234,115.57080841064453,0.9998582601547241,1000.4674072265625,77.93418884277344,0.9995239973068237,89.46038055419922,1029.79541015625,0.999653697013855,1022.4072875976562,1021.5857543945312,0.998729407787323,323.7485656738281,499.724609375,0.9983532428741455,347.2421875,608.3501586914062,0.9983144998550415,272.7622985839844,566.6502075195312,0.9943928718566895,386.19537353515625,554.8171997070312,0.9973511695861816,729.1525268554688,496.44415283203125,0.9608967900276184,756.81787109375,714.035888671875,0.9998953342437744,689.35595703125,596.0249633789062,0.9968023300170898,785.4122924804688,571.655517578125,0.9913442134857178,307.0604553222656,669.8624877929688,0.46030956506729126,265.5428466796875,663.78759765625,0.9935835003852844,240.23814392089844,645.293701171875,0.8905666470527649,156.92620849609375,547.0848999023438,0.9559768438339233,250.81719970703125,579.1566772460938,0.3618837296962738,182.64634704589844,640.2783203125,0.3840954601764679,202.87002563476562,452.6812744140625,0.9970226883888245,86.54361724853516,475.1092529296875,0.6028515100479126,140.26229858398438,386.9853515625,0.983512818813324,165.2423095703125,301.23626708984375,0.2301935851573944,219.09449768066406,276.91845703125,0.9071323275566101
1083,86.72550201416016,117.6736068725586,0.9998774528503418,999.4932250976562,79.04639434814453,0.9996716976165771,90.37821197509766,1028.9732666015625,0.9997579455375671,1022.8554077148438,1021.60205078125,0.9991410970687866,327.59271240234375,499.1491394042969,0.9984153509140015,343.2352294921875,609.2247314453125,0.9994537234306335,271.9166259765625,560.3842163085938,0.9861965775489807,385.75567626953125,557.0095825195312,0.9974023103713989,719.9246826171875,498.2111511230469,0.9667736291885376,756.1661987304688,714.7127075195312,0.9998302459716797,690.4180908203125,593.4213256835938,0.9959710240364075,783.5639038085938,569.8240966796875,0.9935139417648315,252.76283264160156,680.4320068359375,0.2102656364440918,261.5859375,663.7083129882812,0.9985572695732117,240.94036865234375,643.4895629882812,0.5991355180740356,150.38314819335938,543.2158813476562,0.9681116342544556,250.79666137695312,570.4315795898438,0.3048582375049591,179.71270751953125,639.7103881835938,0.8694872856140137,192.3878631591797,464.10601806640625,0.9851111769676208,80.06600189208984,501.5768127441406,0.9887035489082336,114.95613098144531,407.0330810546875,0.9784546494483948,311.5823059082031,614.1007690429688,0.21147705614566803,797.47509765625,512.179931640625,0.22916430234909058
1084,87.00118255615234,117.7837142944336,0.9996882677078247,999.88232421875,81.7852554321289,0.9998237490653992,89.60270690917969,1029.2655029296875,0.9998427629470825,1022.8153076171875,1022.4647216796875,0.9996159076690674,326.65972900390625,499.427734375,0.9989099502563477,348.27392578125,608.215576171875,0.9989668130874634,271.7762145996094,564.6417236328125,0.9809362888336182,387.23419189453125,554.0971069335938,0.9980145692825317,732.7020263671875,495.42706298828125,0.8910933136940002,756.187255859375,715.5074462890625,0.9997387528419495,691.4471435546875,590.4156494140625,0.9936142563819885,786.38330078125,566.7420043945312,0.9967297315597534,90.90540313720703,378.4522399902344,0.6665729284286499,260.7263488769531,655.7750244140625,0.9966104626655579,241.26463317871094,637.4114379882812,0.8593508005142212,142.2333984375,542.3421630859375,0.9929472208023071,245.04502868652344,571.3541259765625,0.5496715307235718,195.89193725585938,636.016845703125,0.698228657245636,187.0828857421875,470.15771484375,0.9426229596138,68.99185180664062,501.5064697265625,0.986236572265625,103.35077667236328,412.5793151855469,0.8881931900978088,312.6427917480469,615.9906616210938,0.014299028553068638,125.140625,298.4869689941406,0.12337877601385117
1085,86.67872619628906,116.37301635742188,0.9999210834503174,999.06298828125,78.86919403076172,0.9997915625572205,90.7118911743164,1029.425048828125,0.9998613595962524,1023.0873413085938,1021.0325317382812,0.9994497895240784,328.2604064941406,499.9521484375,0.9989877343177795,347.1005859375,610.0736083984375,0.9987133741378784,273.0852355957031,562.3206787109375,0.9493728280067444,386.38250732421875,555.1679077148438,0.9979861974716187,722.8275146484375,496.5512390136719,0.95037442445755,754.9754028320312,715.548095703125,0.9998478889465332,690.338134765625,591.1328125,0.9916579127311707,785.6046752929688,565.1525268554688,0.9961124062538147,307.51190185546875,641.0780639648438,0.6430851817131042,263.26751708984375,654.0332641601562,0.9900079965591431,241.69468688964844,637.6288452148438,0.6117664575576782,145.782470703125,545.3507080078125,0.994787335395813,245.6112060546875,570.672119140625,0.8363603949546814,182.84005737304688,640.1035766601562,0.6058979630470276,190.4180145263672,470.1562194824219,0.9917991161346436,64.38360595703125,502.97735595703125,0.9887775778770447,96.72096252441406,413.5224914550781,0.9931188821792603,78.5243911743164,305.8277282714844,0.8818485140800476,784.9775390625,655.8590698242188,0.06793650984764099
1086,86.938232421875,116.1667709350586,0.9998897314071655,1000.2800903320312,77.18463134765625,0.9997196793556213,90.0653305053711,1029.0478515625,0.9997736811637878,1022.2255859375,1021.1556396484375,0.9995740056037903,328.9461975097656,499.6483154296875,0.9983447790145874,346.4546813964844,608.5022583007812,0.9990682005882263,272.5374450683594,559.603515625,0.980103075504303,386.51171875,557.4966430664062,0.9982227683067322,725.3442993164062,497.1839294433594,0.8726197481155396,755.7176513671875,716.1392822265625,0.9999322891235352,691.0,590.8632202148438,0.9948294758796692,786.4088745117188,566.9429931640625,0.9934832453727722,308.2102966308594,640.7700805664062,0.8909265398979187,263.48138427734375,654.96240234375,0.987969160079956,242.50653076171875,639.179931640625,0.7777020931243896,145.94009399414062,546.529296875,0.9955527186393738,245.2939910888672,570.9100341796875,0.9012385606765747,171.13050842285156,638.0662231445312,0.5849798917770386,190.28985595703125,469.277099609375,0.9688466787338257,64.96153259277344,501.33001708984375,0.9564115405082703,95.27101135253906,411.0830383300781,0.9976917505264282,76.26221466064453,298.9598083496094,0.9969668984413147,134.02926635742188,183.04318237304688,0.4848860502243042
1087,86.97500610351562,117.34774017333984,0.9998539686203003,998.0147094726562,76.84123992919922,0.9996052384376526,89.67973327636719,1029.4481201171875,0.9998341798782349,1021.0071411132812,1021.709228515625,0.9991554021835327,329.6141357421875,499.14892578125,0.9978749752044678,345.5146789550781,610.0122680664062,0.9992015957832336,272.4473876953125,562.3729858398438,0.9570847153663635,386.19219970703125,556.386962890625,0.9978493452072144,722.240478515625,498.5553283691406,0.9487143158912659,756.042724609375,713.8736572265625,0.9999419450759888,692.7509765625,591.1741333007812,0.996190071105957,786.6021728515625,565.6768188476562,0.9944376945495605,253.28050231933594,672.3397827148438,0.5956584811210632,258.3143005371094,655.2158203125,0.9816224575042725,238.3814239501953,640.478271484375,0.922433078289032,145.8249969482422,544.880126953125,0.9933577179908752,243.20159912109375,570.2896728515625,0.7999168634414673,164.2357635498047,644.0518798828125,0.9079898595809937,189.1590576171875,469.2712097167969,0.9768919348716736,66.16497802734375,500.2032470703125,0.9792981147766113,98.08514404296875,410.12139892578125,0.9883832335472107,84.20268249511719,297.27972412109375,0.8405384421348572,162.21340942382812,207.67173767089844,0.5080211758613586
1088,86.06280517578125,116.72055053710938,0.9998338222503662,1000.3358764648438,78.1999282836914,0.9996139407157898,90.41798400878906,1029.5462646484375,0.9996362924575806,1022.465576171875,1021.0753784179688,0.9996143579483032,329.32354736328125,498.9119567871094,0.9988787770271301,343.57537841796875,609.7393798828125,0.999415397644043,272.9044494628906,561.6447143554688,0.9817773699760437,386.6452941894531,554.9373779296875,0.9987006187438965,727.75732421875,495.8848571777344,0.9349254369735718,755.841552734375,715.6590576171875,0.999931812286377,692.0616455078125,592.5568237304688,0.9975407123565674,786.4468383789062,562.620361328125,0.994384765625,288.1452941894531,654.842041015625,0.31383606791496277,249.2529754638672,654.6021118164062,0.9843401908874512,232.011962890625,638.8392333984375,0.9250367879867554,151.5937957763672,554.5001831054688,0.9978444576263428,242.1707000732422,573.0029907226562,0.9503055214881897,160.81161499023438,644.6075439453125,0.8736889362335205,194.1029052734375,476.2652282714844,0.9795964956283569,65.44699096679688,504.1542053222656,0.9589446187019348,98.58659362792969,406.1370544433594,0.9838399291038513,88.07962036132812,294.3405456542969,0.9883805513381958,131.7549285888672,181.05470275878906,0.9825220108032227
1089,87.43545532226562,117.25958251953125,0.9998598098754883,999.0277709960938,78.37755584716797,0.9998407363891602,89.68448638916016,1029.1087646484375,0.9998082518577576,1022.768310546875,1021.147216796875,0.9996247291564941,327.70587158203125,498.9180908203125,0.9985673427581787,344.7253112792969,608.3892211914062,0.9972746968269348,273.7108459472656,564.6629028320312,0.9796091914176941,386.761962890625,554.8168334960938,0.9990038275718689,723.6513061523438,499.6199035644531,0.9201664328575134,756.2491455078125,715.0875244140625,0.9999181032180786,693.5112915039062,590.177978515625,0.9951180219650269,784.2019653320312,567.7006225585938,0.9963670969009399,291.898681640625,678.54296875,0.9701675176620483,251.01693725585938,662.30419921875,0.9605673551559448,237.30747985839844,650.5822143554688,0.9159725904464722,148.28414916992188,551.3387451171875,0.9970765113830566,245.93319702148438,575.651123046875,0.7078969478607178,175.15960693359375,646.4515380859375,0.9403480291366577,195.13864135742188,477.12823486328125,0.9890815019607544,64.58232879638672,505.5855407714844,0.9627407789230347,96.3860092163086,413.5678405761719,0.9973751306533813,88.67788696289062,309.0530700683594,0.9635409712791443,136.97837829589844,176.8488006591797,0.9162870645523071
1090,86.97056579589844,115.2453384399414,0.9999494552612305,999.0657348632812,78.14542388916016,0.9996827840805054,90.0062484741211,1029.2386474609375,0.999834418296814,1021.9341430664062,1022.2153930664062,0.9995120763778687,328.024658203125,499.4750061035156,0.9962521195411682,344.9489440917969,608.6593627929688,0.9934628009796143,275.1361389160156,568.7177734375,0.9586079120635986,386.66326904296875,556.23974609375,0.9964959025382996,718.4986572265625,498.67913818359375,0.8557623624801636,758.0047607421875,715.724853515625,0.9998931884765625,690.1185913085938,595.9865112304688,0.9959108829498291,783.4888305664062,570.5625,0.9933851361274719,307.6484680175781,697.6609497070312,0.9981672763824463,258.6082763671875,679.443603515625,0.9957872033119202,237.6220245361328,662.742431640625,0.9262168407440186,154.62051391601562,560.2969360351562,0.9984320998191833,240.9778594970703,592.8561401367188,0.3482430875301361,170.35714721679688,652.4437866210938,0.4253832995891571,183.2042236328125,472.5860900878906,0.9700342416763306,65.32662963867188,507.0840148925781,0.9695536494255066,99.47916412353516,420.55145263671875,0.9995145797729492,85.26979064941406,304.80169677734375,0.9933494925498962,135.2777862548828,178.3672637939453,0.8433042764663696
1091,88.3337173461914,116.74513244628906,0.999822199344635,998.2577514648438,77.54660034179688,0.9993014335632324,90.10125732421875,1029.4547119140625,0.9998051524162292,1021.7855834960938,1021.9187622070312,0.9996194839477539,324.11492919921875,500.0245666503906,0.9976035952568054,345.7489318847656,608.2702026367188,0.9969080090522766,278.7685852050781,574.6585693359375,0.9884384274482727,387.70416259765625,556.8191528320312,0.9957320094108582,727.6161499023438,492.2133483886719,0.9234288930892944,757.1001586914062,717.4071044921875,0.9998181462287903,691.689697265625,590.5421142578125,0.9964473843574524,785.2404174804688,567.8073120117188,0.9917102456092834,323.7940368652344,697.994384765625,0.9846076369285583,274.8824157714844,685.0803833007812,0.9878442287445068,255.2467498779297,680.3344116210938,0.8920159339904785,149.4972686767578,575.4915771484375,0.9956095814704895,244.7266082763672,603.490234375,0.9956017732620239,189.53797912597656,677.383056640625,0.995728075504303,185.3883514404297,484.6514587402344,0.9878979325294495,68.65026092529297,518.3515625,0.963439404964447,101.58692169189453,422.4453430175781,0.998162567615509,86.16997528076172,310.9936218261719,0.9946850538253784,143.6605987548828,179.39443969726562,0.1145579144358635
1092,87.44155883789062,114.25346374511719,0.9998180270195007,999.471435546875,78.61681365966797,0.9997867941856384,88.94373321533203,1029.1109619140625,0.9997733235359192,1021.880859375,1021.7633666992188,0.9996256828308105,321.89691162109375,500.047119140625,0.9979033470153809,345.73370361328125,607.4231567382812,0.9989031553268433,276.4537658691406,578.5676879882812,0.991995096206665,387.4268493652344,555.6314697265625,0.9957054257392883,726.154296875,495.5085144042969,0.9747406244277954,756.4398803710938,716.0771484375,0.9998494386672974,692.2015380859375,592.72119140625,0.9967053532600403,786.3619995117188,566.6300048828125,0.9944983124732971,344.96722412109375,669.5925903320312,0.9532422423362732,290.010009765625,693.56103515625,0.9778468608856201,258.3616638183594,683.7670288085938,0.7641948461532593,153.7435760498047,591.356689453125,0.9957589507102966,247.9905548095703,607.9125366210938,0.9987782835960388,185.03456115722656,684.3447875976562,0.9842532277107239,184.0092315673828,491.4945373535156,0.991157591342926,72.7164306640625,523.842041015625,0.9622885584831238,105.35436248779297,427.3173522949219,0.996738851070404,94.35565948486328,311.59246826171875,0.936578631401062,146.35984802246094,178.52267456054688,0.9896480441093445
1093,89.4882583618164,117.09895324707031,0.9992889165878296,999.7354125976562,79.94832611083984,0.9998142123222351,88.22573852539062,1028.9371337890625,0.9999065399169922,1021.9301147460938,1022.1246948242188,0.9994912147521973,323.0637512207031,499.8160400390625,0.9958873391151428,347.1063537597656,608.8966064453125,0.997171938419342,276.3487854003906,574.1292114257812,0.9773614406585693,386.68280029296875,557.1027221679688,0.9922577142715454,723.2249145507812,496.5161437988281,0.9880291819572449,756.7054443359375,717.1416015625,0.9997319579124451,693.4651489257812,592.643310546875,0.9909652471542358,784.953369140625,567.3679809570312,0.9962336421012878,351.82940673828125,658.28662109375,0.4306448698043823,294.26312255859375,687.9252319335938,0.9308657050132751,270.3664245605469,683.373779296875,0.855266273021698,145.95809936523438,589.220703125,0.6526914834976196,242.43441772460938,613.3195190429688,0.9988847374916077,192.51759338378906,691.21044921875,0.988543689250946,187.6490478515625,502.8927307128906,0.9543642401695251,68.45560455322266,533.0259399414062,0.9892464280128479,102.20647430419922,440.1964111328125,0.9987766146659851,93.26886749267578,317.09674072265625,0.9136348962783813,205.52328491210938,193.12893676757812,0.14781585335731506
1094,86.30113983154297,116.46568298339844,0.9998784065246582,999.7640991210938,79.28488159179688,0.9997817873954773,89.45645141601562,1029.86083984375,0.9997491240501404,1023.4186401367188,1022.0654907226562,0.9996918439865112,323.58697509765625,499.9662170410156,0.9973433613777161,348.81298828125,607.2301025390625,0.9966405630111694,278.3445739746094,579.0066528320312,0.990805447101593,387.4290771484375,555.3281860351562,0.9960733652114868,720.3463134765625,498.8101501464844,0.9486174583435059,756.780517578125,716.1338500976562,0.9998865127563477,691.8936157226562,591.6478271484375,0.9935457110404968,785.2120361328125,564.889892578125,0.9929007291793823,343.9053039550781,660.6795654296875,0.9781007766723633,303.41192626953125,688.4797973632812,0.8011922836303711,272.3403015136719,681.7846069335938,0.8579984307289124,144.7635955810547,590.1278076171875,0.8020207285881042,246.2473907470703,611.2930297851562,0.9987057447433472,195.5345458984375,695.0692138671875,0.9838391542434692,182.58985900878906,501.51837158203125,0.9330756068229675,67.15609741210938,542.4335327148438,0.9619336724281311,99.12257385253906,441.2936706542969,0.9886466860771179,92.65937042236328,308.10955810546875,0.5761544108390808,142.2198028564453,181.9230499267578,0.9842866063117981
1095,85.94654846191406,116.37142944335938,0.9999039173126221,1000.4799194335938,78.06342315673828,0.9998314380645752,89.06053924560547,1029.9158935546875,0.9997252821922302,1022.4103393554688,1022.5269165039062,0.9995649456977844,322.5993957519531,499.8292541503906,0.994256317615509,350.0462646484375,609.2050170898438,0.991306483745575,277.8348693847656,580.3289184570312,0.9926919341087341,387.3189697265625,555.019775390625,0.9960894584655762,722.64111328125,497.3795471191406,0.966305136680603,756.6851806640625,715.3490600585938,0.9998751878738403,690.64208984375,591.564453125,0.9917348623275757,786.1359252929688,568.0645751953125,0.9952640533447266,352.4560546875,654.8585815429688,0.4245932698249817,307.2856750488281,671.8871459960938,0.9135918021202087,274.95977783203125,677.4944458007812,0.89398193359375,147.86366271972656,599.6640625,0.9489018321037292,249.0081024169922,614.9238891601562,0.982465386390686,198.56097412109375,697.4712524414062,0.9545300006866455,179.67913818359375,498.9775695800781,0.9802768230438232,66.71239471435547,545.2716064453125,0.9815638065338135,96.61650848388672,446.4807434082031,0.9976765513420105,75.8079833984375,339.31341552734375,0.8844252228736877,109.64702606201172,257.2956237792969,0.6241083741188049
1096,86.87943267822266,117.77892303466797,0.9996917247772217,999.5090942382812,76.28724670410156,0.9996547698974609,89.42342376708984,1029.552001953125,0.9998772144317627,1021.2758178710938,1021.765380859375,0.9993927478790283,325.393310546875,499.5814514160156,0.9977147579193115,350.9178771972656,608.398193359375,0.9978092312812805,278.2122497558594,580.6195678710938,0.9910168647766113,387.1902160644531,555.0541381835938,0.9953269958496094,721.121826171875,498.4932861328125,0.9655367136001587,756.9581298828125,714.7554321289062,0.9998500347137451,691.14501953125,594.721923828125,0.9976842403411865,785.6746215820312,568.5210571289062,0.9918047189712524,353.962158203125,653.3176879882812,0.7789827585220337,306.2275695800781,683.3330688476562,0.9554877281188965,284.9576721191406,677.5302124023438,0.8145048022270203,141.8120574951172,592.551025390625,0.9566352367401123,254.46571350097656,614.8981323242188,0.9680646061897278,195.2233428955078,691.6471557617188,0.9818927049636841,180.36949157714844,509.4958190917969,0.9763851165771484,65.62967681884766,549.1912231445312,0.9882113337516785,96.0648422241211,455.0804138183594,0.9962728023529053,74.49455261230469,336.64666748046875,0.9500645399093628,130.369140625,174.65386962890625,0.8026795983314514
1097,85.88897705078125,116.17591094970703,0.9993889331817627,999.329345703125,77.61805725097656,0.9997771382331848,90.04671478271484,1029.2635498046875,0.9998348951339722,1019.0363159179688,1021.1939086914062,0.9995800852775574,321.2939147949219,500.2240295410156,0.9934665560722351,349.0476989746094,607.6041870117188,0.9974675178527832,279.23876953125,580.83935546875,0.9978411197662354,387.5071105957031,553.1215209960938,0.9948455095291138,723.5982055664062,498.5797119140625,0.9692310094833374,756.8709106445312,715.56591796875,0.9997972846031189,691.7005615234375,591.646240234375,0.9891117215156555,786.737060546875,566.5042114257812,0.9966009855270386,372.7566833496094,681.2590942382812,0.9845274686813354,314.77239990234375,692.5640258789062,0.9021310210227966,285.6676330566406,687.27685546875,0.8891698718070984,158.64230346679688,611.7404174804688,0.9943800568580627,268.93878173828125,619.7670288085938,0.9693566560745239,206.29627990722656,699.0670776367188,0.9964859485626221,178.35157775878906,511.54022216796875,0.9925854802131653,68.06556701660156,552.5239868164062,0.9079457521438599,92.84842681884766,455.4683532714844,0.9966249465942383,70.28715515136719,333.6876220703125,0.9919102787971497,177.15011596679688,135.15737915039062,0.8337483406066895
1098,85.66456604003906,115.62958526611328,0.9996053576469421,1000.7155151367188,76.43406677246094,0.9994804263114929,89.17462921142578,1028.831787109375,0.9998482465744019,1021.5258178710938,1021.2389526367188,0.999163031578064,321.9767761230469,500.12982177734375,0.9961646795272827,349.0378723144531,607.1082153320312,0.9975205063819885,282.70135498046875,579.6537475585938,0.9960227012634277,387.478759765625,552.1419067382812,0.9964768290519714,720.3189086914062,498.2511291503906,0.9546993374824524,756.8978881835938,714.787109375,0.999855637550354,692.1744384765625,590.412841796875,0.9948291182518005,787.328857421875,566.186279296875,0.9967491626739502,366.2767639160156,695.8648681640625,0.9685716032981873,324.6838073730469,704.6152954101562,0.9796022176742554,293.4339294433594,698.7255859375,0.7384836077690125,166.64280700683594,621.2918090820312,0.976874828338623,272.6814270019531,623.0509643554688,0.9085490703582764,214.2620849609375,709.1838989257812,0.9981086254119873,179.63917541503906,513.0250854492188,0.9964969754219055,73.3725357055664,565.5126342773438,0.9567371010780334,91.92665100097656,458.9453125,0.9990063309669495,65.11328125,328.0333557128906,0.9804543852806091,121.05012512207031,163.4568328857422,0.9003486633300781
1099,88.2041244506836,116.77360534667969,0.9991114735603333,1000.4424438476562,76.9384765625,0.9996702671051025,89.83451080322266,1030.773681640625,0.9998290538787842,1019.0790405273438,1021.1405029296875,0.9995377063751221,319.9989929199219,500.4125671386719,0.99503493309021,349.8303527832031,607.2169799804688,0.9967406392097473,282.39886474609375,582.8345947265625,0.9948152899742126,386.20062255859375,550.7410888671875,0.9963919520378113,720.4627075195312,497.8225402832031,0.9847297072410583,757.1176147460938,715.9707641601562,0.9998883008956909,691.438720703125,590.8678588867188,0.994549572467804,787.2774658203125,567.3999633789062,0.9973095655441284,365.51416015625,711.6630249023438,0.9312325716018677,316.5513610839844,718.2568359375,0.9980306029319763,293.30316162109375,702.63037109375,0.8978763222694397,169.3252410888672,626.11767578125,0.9673831462860107,269.01080322265625,625.4727783203125,0.7443217635154724,213.80661010742188,711.349853515625,0.9988892674446106,180.1920166015625,517.8711547851562,0.9643251895904541,75.6399154663086,569.3402099609375,0.9317173361778259,95.04930114746094,469.1347351074219,0.998768150806427,62.693016052246094,343.7764892578125,0.9367003440856934,125.79536437988281,157.12466430664062,0.756742537021637
1100,87.86103820800781,115.88912200927734,0.9987046718597412,999.6557006835938,77.55708312988281,0.9998315572738647,89.25946044921875,1029.5877685546875,0.9997730851173401,1022.0685424804688,1021.0992431640625,0.9995711445808411,322.0688171386719,501.03521728515625,0.9957477450370789,349.2232360839844,607.6513061523438,0.9977572560310364,281.77093505859375,582.8067016601562,0.9940529465675354,387.49017333984375,551.800537109375,0.9957947731018066,719.2625122070312,497.2044677734375,0.9400191903114319,755.879150390625,716.145751953125,0.9998586177825928,692.094970703125,589.6887817382812,0.9964119791984558,786.067626953125,565.4710693359375,0.9960874319076538,351.35235595703125,689.1419067382812,0.3683356046676636,308.9842834472656,716.6992797851562,0.9991183876991272,286.8032531738281,702.439208984375,0.881305456161499,174.67562866210938,626.7033081054688,0.9829042553901672,270.63482666015625,626.4171752929688,0.9416561126708984,210.38616943359375,714.8610229492188,0.9918631315231323,188.09274291992188,516.4749145507812,0.9321823120117188,82.02715301513672,576.6505737304688,0.9574058055877686,95.7244873046875,472.3757019042969,0.9986658096313477,64.48539733886719,340.0556335449219,0.9445003271102905,128.62820434570312,166.182861328125,0.7981817126274109
1101,85.43052673339844,115.95841979980469,0.9998272061347961,999.2595825195312,76.77948760986328,0.9999122619628906,90.00643920898438,1030.236572265625,0.9997132420539856,1022.3004150390625,1021.659423828125,0.999237060546875,320.52679443359375,501.37786865234375,0.9959503412246704,348.0118103027344,608.2183837890625,0.9965760111808777,280.84033203125,584.4429321289062,0.9948141574859619,387.5518798828125,551.0515747070312,0.9965674877166748,721.8078002929688,498.6957702636719,0.9248215556144714,756.6387939453125,715.57958984375,0.9998794794082642,692.8392333984375,591.6100463867188,0.9930741786956787,785.2186279296875,571.4345703125,0.9958351850509644,343.71209716796875,715.3570556640625,0.6893150806427002,300.2447204589844,717.1381225585938,0.9979156851768494,280.20465087890625,700.5167846679688,0.9035292863845825,168.39996337890625,620.2767944335938,0.9737926125526428,268.2079162597656,624.81689453125,0.9589981436729431,205.5228271484375,710.9651489257812,0.9967541098594666,187.4449462890625,515.1620483398438,0.9838918447494507,85.37055969238281,576.6819458007812,0.937111496925354,100.42467498779297,471.70330810546875,0.999725878238678,72.84390258789062,348.3951721191406,0.9835244417190552,126.61063385009766,170.08106994628906,0.2254580557346344
1102,86.0984115600586,117.2269515991211,0.9997643828392029,998.47900390625,77.83089447021484,0.9999375343322754,90.99291229248047,1030.0711669921875,0.999849796295166,1023.0617065429688,1021.8406982421875,0.9996412992477417,323.1813659667969,500.4496154785156,0.9973904490470886,348.47735595703125,608.73486328125,0.9977419376373291,279.5022888183594,578.2981567382812,0.9938381314277649,386.8426818847656,551.2840576171875,0.9968085885047913,722.7002563476562,498.53717041015625,0.9717389941215515,757.490234375,714.0553588867188,0.9998546838760376,693.1775512695312,592.576904296875,0.9967238306999207,786.2381591796875,568.0702514648438,0.9955156445503235,316.8094177246094,725.6996459960938,0.9391425251960754,287.5985412597656,712.8818359375,0.9972261786460876,267.1458435058594,697.4092407226562,0.9448091387748718,167.50051879882812,617.973876953125,0.9869744777679443,261.3047180175781,620.3251342773438,0.9310773015022278,204.25852966308594,709.334716796875,0.9966243505477905,189.55477905273438,512.0809326171875,0.9820645451545715,84.33602905273438,567.727783203125,0.9046301245689392,105.78286743164062,471.14190673828125,0.9996273517608643,88.11896514892578,344.70361328125,0.8859971761703491,113.52626037597656,291.9439697265625,0.05508526414632797
1103,87.11263275146484,116.03851318359375,0.9997075200080872,999.6552734375,76.1579360961914,0.9998400211334229,91.44656372070312,1029.101318359375,0.9998550415039062,1020.775634765625,1021.3858642578125,0.998991072177887,321.3614807128906,500.4990234375,0.9965316653251648,348.28179931640625,608.8501586914062,0.9969750642776489,277.94384765625,582.741455078125,0.9971054196357727,386.92132568359375,551.9738159179688,0.9973194003105164,722.3688354492188,499.6856689453125,0.9911134839057922,756.7550659179688,714.86279296875,0.9999110698699951,692.4189453125,592.3158569335938,0.9969929456710815,785.8513793945312,569.5054321289062,0.9971265196800232,303.47021484375,739.85498046875,0.9064481854438782,275.0253601074219,711.4321899414062,0.9966764450073242,257.3482360839844,698.6443481445312,0.9540863037109375,168.8326416015625,618.44775390625,0.9907087087631226,260.427734375,623.085205078125,0.9346804022789001,200.531005859375,708.6424560546875,0.9982524514198303,190.02471923828125,513.3175659179688,0.997183084487915,84.8081283569336,562.2979736328125,0.8757935166358948,108.6502456665039,468.11090087890625,0.9946948885917664,97.47122192382812,343.6111755371094,0.9803747534751892,155.5655059814453,213.7217254638672,0.0767618790268898
1104,86.58173370361328,115.59255981445312,0.9999068975448608,998.5272827148438,76.82601165771484,0.9996305704116821,91.15911865234375,1029.591552734375,0.9998615980148315,1021.25,1022.4405517578125,0.9987506866455078,321.496337890625,500.5238037109375,0.9954659938812256,347.457275390625,609.5007934570312,0.9972327351570129,278.4477844238281,583.25341796875,0.9978649020195007,386.99688720703125,552.3922119140625,0.9967793822288513,718.4752197265625,499.82452392578125,0.9895322322845459,756.4506225585938,714.4130859375,0.9999450445175171,690.5137329101562,590.1578979492188,0.9949507713317871,786.603271484375,567.7144165039062,0.9888611435890198,312.19354248046875,738.3342895507812,0.9709771871566772,261.5539855957031,719.692626953125,0.9990822076797485,247.9072723388672,705.1723022460938,0.991786777973175,166.20106506347656,614.89599609375,0.9930642247200012,256.92926025390625,627.9801635742188,0.9378043413162231,197.67886352539062,706.9961547851562,0.9958809614181519,194.46804809570312,519.9166870117188,0.9956374764442444,83.51228332519531,557.2783203125,0.9357195496559143,108.62140655517578,462.5427551269531,0.9942108392715454,100.34204864501953,340.8694152832031,0.9773482084274292,145.7433624267578,193.778076171875,0.2836005687713623
1105,86.94364166259766,116.46404266357422,0.9999294281005859,999.2409057617188,77.12447357177734,0.9997120499610901,90.01959228515625,1030.2794189453125,0.9998784065246582,1020.1199951171875,1022.0716552734375,0.9992377758026123,324.0209045410156,499.87103271484375,0.9943495392799377,345.70465087890625,609.5155029296875,0.9980059266090393,277.40496826171875,577.5682373046875,0.9623026847839355,386.93621826171875,552.5820922851562,0.9967631101608276,722.914306640625,500.1532897949219,0.9872205853462219,756.778076171875,715.1011962890625,0.9999412298202515,690.2623901367188,591.6471557617188,0.9957966804504395,785.4783935546875,566.1792602539062,0.995429515838623,264.8591003417969,730.9453735351562,0.5927920341491699,265.23211669921875,718.7547607421875,0.9942691326141357,244.82777404785156,699.7984619140625,0.9441161751747131,162.2809295654297,612.3046875,0.9917044639587402,245.65725708007812,625.1229858398438,0.8945479989051819,192.8384552001953,705.3477172851562,0.9976182579994202,192.0540008544922,521.2156372070312,0.9908828139305115,81.98836517333984,557.4880981445312,0.9661684632301331,112.02561950683594,460.1810302734375,0.9953786134719849,102.60802459716797,335.6076965332031,0.8771471977233887,146.0578155517578,200.9202423095703,0.4645199179649353
1106,87.48328399658203,116.3431167602539,0.9996598958969116,1000.0836181640625,79.84830474853516,0.9998024106025696,90.7000732421875,1028.640869140625,0.9998340606689453,1023.2326049804688,1021.385009765625,0.9995043277740479,323.5549011230469,499.81585693359375,0.9947110414505005,347.09637451171875,608.9387817382812,0.9990988969802856,277.77996826171875,578.5352172851562,0.9927835464477539,386.6625671386719,554.8944091796875,0.9969208240509033,720.296875,500.80224609375,0.9867786169052124,756.41357421875,715.245849609375,0.9999324083328247,690.930419921875,591.4749755859375,0.9947943091392517,785.9615478515625,568.240966796875,0.9948136806488037,321.2449645996094,703.6488647460938,0.492194801568985,274.7924499511719,703.1439208984375,0.9978221654891968,245.90380859375,685.31640625,0.7198660373687744,154.9717559814453,602.7011108398438,0.9883545637130737,251.6577911376953,617.90087890625,0.9637584090232849,187.9906463623047,700.6577758789062,0.9768497347831726,189.26165771484375,515.7813110351562,0.9970792531967163,78.27770233154297,552.8882446289062,0.9671329855918884,109.72039794921875,460.9698181152344,0.9961197376251221,106.65167236328125,331.4753112792969,0.99333655834198,150.3260040283203,195.6302032470703,0.09873908758163452
1107,86.65909576416016,115.14060974121094,0.9998736381530762,999.4732666015625,79.01188659667969,0.9998812675476074,89.29105377197266,1028.9935302734375,0.9998477697372437,1024.0264892578125,1022.20263671875,0.9997157454490662,323.791259765625,499.9425048828125,0.9960041642189026,348.3488464355469,608.4531860351562,0.9956362843513489,277.7892150878906,580.8841552734375,0.989164412021637,386.7464294433594,553.810791015625,0.9971421360969543,720.1845092773438,498.6171569824219,0.9934937357902527,755.37109375,714.12060546875,0.9999244213104248,689.854248046875,591.790283203125,0.9933730363845825,785.9732055664062,567.0918579101562,0.994357168674469,324.8913879394531,691.50927734375,0.9280767440795898,277.03515625,695.1758422851562,0.9647773504257202,256.38861083984375,686.6062622070312,0.5879086256027222,161.28298950195312,612.1445922851562,0.9932971596717834,252.8316650390625,614.4998779296875,0.9869512319564819,197.3352813720703,699.3187866210938,0.9889306426048279,187.07763671875,513.9427490234375,0.9914920926094055,76.72061157226562,553.7075805664062,0.9259976148605347,105.88524627685547,459.39599609375,0.9973721504211426,103.1260757446289,340.5078125,0.9929331541061401,193.4422149658203,195.38597106933594,0.22969265282154083
1108,87.52473449707031,118.99977111816406,0.9998766183853149,998.7955932617188,81.9366226196289,0.9999494552612305,90.71713256835938,1029.4757080078125,0.999735414981842,1022.666748046875,1021.7017211914062,0.9995878338813782,323.7352600097656,499.6911926269531,0.9962564706802368,348.8276672363281,608.3598022460938,0.9979912042617798,276.853271484375,580.232666015625,0.9924511313438416,386.5771179199219,554.7449340820312,0.9952757358551025,715.1043090820312,499.7574768066406,0.9970465302467346,756.6062622070312,714.38671875,0.9998924732208252,690.7212524414062,590.9009399414062,0.9929290413856506,786.1693725585938,565.4069213867188,0.9958082437515259,331.0498962402344,700.563720703125,0.9852096438407898,277.9352111816406,697.34423828125,0.9962157607078552,257.7372741699219,691.7825317382812,0.8881232142448425,153.7653045654297,597.0933837890625,0.9927936792373657,249.3426055908203,617.5322265625,0.9952492713928223,198.9882049560547,698.2741088867188,0.9792665839195251,190.95681762695312,516.8133544921875,0.9946980476379395,77.34960174560547,551.4048461914062,0.9763943552970886,107.37228393554688,462.4564208984375,0.998859167098999,95.81604766845703,346.5911560058594,0.9593575596809387,140.62625122070312,186.50914001464844,0.3057280480861664
1109,87.00321197509766,118.6194076538086,0.9996380805969238,998.727294921875,78.55622863769531,0.9999462366104126,89.76293182373047,1028.6837158203125,0.999923825263977,1023.670166015625,1019.4851684570312,0.9997430443763733,322.7210693359375,500.15252685546875,0.9970619082450867,348.3378601074219,608.5682373046875,0.9962305426597595,278.5012512207031,582.7250366210938,0.9896355271339417,387.35382080078125,554.7913208007812,0.9943979382514954,719.218505859375,497.19610595703125,0.985727846622467,757.4598388671875,714.156494140625,0.9999181032180786,691.5549926757812,593.1470947265625,0.9940769672393799,787.4072875976562,566.8624877929688,0.9954745173454285,340.2731628417969,703.1539916992188,0.99598228931427,293.4659118652344,701.015380859375,0.9951702952384949,266.0506896972656,698.0385131835938,0.8491693735122681,161.4111785888672,613.7836303710938,0.994586706161499,259.78466796875,623.472900390625,0.991276741027832,198.88372802734375,705.2313842773438,0.9707066416740417,188.82968139648438,510.84771728515625,0.9923220276832581,76.18778991699219,552.19140625,0.9669531583786011,107.3495101928711,465.4132385253906,0.9993696808815002,94.1849365234375,338.3148193359375,0.9819079041481018,147.5786895751953,205.783447265625,0.3180689811706543
1110,86.66668701171875,117.0592041015625,0.9998639822006226,1000.32421875,79.75639343261719,0.9998577833175659,89.2016830444336,1028.9913330078125,0.9998776912689209,1022.6591186523438,1020.8222045898438,0.9995601773262024,324.2635498046875,499.82763671875,0.9954280853271484,349.18109130859375,608.9000244140625,0.9971851706504822,279.61077880859375,581.9296875,0.9658873677253723,387.3696594238281,556.2879028320312,0.9936763644218445,717.0176391601562,499.63494873046875,0.9919792413711548,756.8744506835938,714.5140380859375,0.9998940229415894,691.6044311523438,591.1249389648438,0.9922962784767151,786.0086669921875,561.0411376953125,0.994487464427948,361.2705078125,696.9791870117188,0.9840778112411499,314.73443603515625,704.2976684570312,0.9976638555526733,284.0248107910156,702.5084228515625,0.6652456521987915,163.32647705078125,619.58154296875,0.9494190216064453,276.1768798828125,646.5171508789062,0.7705914378166199,202.58773803710938,708.2984619140625,0.7710955142974854,191.72677612304688,513.0128173828125,0.9894648790359497,71.78605651855469,547.6635131835938,0.9826986789703369,109.71155548095703,465.9943542480469,0.9994431138038635,96.62142181396484,341.4421081542969,0.9875182509422302,130.29978942871094,217.86758422851562,0.9094571471214294
1111,86.06375122070312,116.64378356933594,0.9998817443847656,999.0886840820312,81.9554672241211,0.9999071359634399,88.81237030029297,1029.7362060546875,0.999850869178772,1020.9527587890625,1020.849609375,0.9993767142295837,321.75567626953125,499.71832275390625,0.9956454038619995,349.05047607421875,608.3272705078125,0.9989588260650635,279.3145446777344,581.4052734375,0.9699628353118896,385.81072998046875,552.6044311523438,0.9924848675727844,712.9411010742188,499.4771728515625,0.9765565395355225,755.8720703125,717.1392211914062,0.9999061822891235,690.4564819335938,594.5279541015625,0.996184766292572,785.3402709960938,567.2431640625,0.9903832077980042,361.82391357421875,701.9650268554688,0.41131532192230225,310.23870849609375,703.38623046875,0.9961627721786499,288.2685852050781,697.6870727539062,0.9042787551879883,160.0631561279297,611.5348510742188,0.9799314141273499,266.4801330566406,631.1053466796875,0.9357424378395081,206.10867309570312,708.3651733398438,0.9680598974227905,181.77452087402344,509.5600280761719,0.9989914298057556,67.21035766601562,548.7053833007812,0.9910979866981506,107.30010223388672,461.3523254394531,0.9985912442207336,103.0170669555664,332.0628356933594,0.9889253973960876,125.6502685546875,226.81764221191406,0.6291829347610474
1112,87.59895324707031,115.5528564453125,0.9992997646331787,999.9111938476562,80.67872619628906,0.9999237060546875,89.27442169189453,1028.898193359375,0.9998325109481812,1023.83984375,1020.7141723632812,0.9996316432952881,321.9520568847656,499.6099853515625,0.9961330890655518,348.6507873535156,608.3255004882812,0.9986091256141663,279.89923095703125,580.650146484375,0.987828254699707,385.9874267578125,552.3735961914062,0.9955021739006042,716.3058471679688,498.9022216796875,0.9855169653892517,755.795654296875,716.672119140625,0.9999282360076904,690.1926879882812,590.9988403320312,0.9963626265525818,784.3519287109375,567.7124633789062,0.9936098456382751,330.184326171875,706.9571533203125,0.5841288566589355,298.2535705566406,704.9959106445312,0.9988823533058167,274.7589416503906,695.5728149414062,0.978297233581543,159.28253173828125,611.3563842773438,0.9867129325866699,259.86572265625,628.9221801757812,0.9948374629020691,196.91725158691406,705.7129516601562,0.9933331608772278,184.284912109375,507.9832458496094,0.9986268281936646,70.49547576904297,547.9758911132812,0.9709148406982422,107.10485076904297,462.8404541015625,0.9979671835899353,95.60264587402344,324.2353515625,0.9474483132362366,149.52255249023438,168.39231872558594,0.2671453356742859
1113,87.45215606689453,115.83928680419922,0.9995520710945129,999.8114013671875,77.70635986328125,0.9998975992202759,89.41172790527344,1029.1583251953125,0.9998733997344971,1021.6715087890625,1020.632568359375,0.9992120265960693,322.4782409667969,500.2586364746094,0.9971202611923218,349.5714111328125,608.21533203125,0.9988738894462585,280.05755615234375,581.246826171875,0.9795436263084412,387.1287536621094,551.0979614257812,0.9964806437492371,717.2169189453125,499.06439208984375,0.9858599305152893,756.91748046875,715.5728759765625,0.9999293088912964,690.0267944335938,591.837890625,0.9928234815597534,784.281005859375,567.9595947265625,0.9967117309570312,302.2248840332031,710.5686645507812,0.6100153923034668,288.410888671875,701.299560546875,0.9979666471481323,269.69232177734375,690.4290771484375,0.9829012155532837,161.72425842285156,614.800048828125,0.9899594783782959,259.4034118652344,625.0982666015625,0.9967537522315979,194.32237243652344,705.3262939453125,0.9921693205833435,187.49822998046875,511.0074157714844,0.9967445135116577,73.8118667602539,542.828857421875,0.9054363369941711,108.99089050292969,460.9017639160156,0.9974086880683899,99.97136688232422,332.24969482421875,0.9782755374908447,121.08788299560547,248.0055389404297,0.355212539434433
1114,87.35366821289062,116.07723236083984,0.9999086856842041,1000.9132080078125,79.62374114990234,0.9993410706520081,89.62811279296875,1029.383056640625,0.999711811542511,1021.7471313476562,1022.1460571289062,0.9996367692947388,326.8157653808594,500.03668212890625,0.9980039000511169,347.85333251953125,609.8678588867188,0.9994307160377502,279.204833984375,572.0741577148438,0.9844796061515808,388.02142333984375,554.578125,0.9941615462303162,725.9674072265625,494.4176330566406,0.9487788081169128,756.3873901367188,716.3980712890625,0.999945878982544,687.90185546875,590.9542236328125,0.9958613514900208,785.09814453125,563.8373413085938,0.99604332447052,296.5941162109375,711.24658203125,0.7782388925552368,278.5618896484375,700.8562622070312,0.9989489912986755,262.4295959472656,690.6586303710938,0.9638088941574097,152.5565643310547,596.5428466796875,0.9881787896156311,251.10812377929688,626.1962890625,0.9774316549301147,192.16531372070312,703.1484985351562,0.9925699830055237,185.07933044433594,512.0792846679688,0.9973364472389221,75.71083068847656,548.9596557617188,0.9749436378479004,109.55745697021484,463.2185363769531,0.9990947246551514,107.18438720703125,332.6644287109375,0.9855217337608337,138.49075317382812,188.05258178710938,0.050362080335617065
1115,86.4661636352539,115.45503234863281,0.9996767044067383,999.9292602539062,78.93545532226562,0.9998273253440857,89.46159362792969,1029.7198486328125,0.99983811378479,1023.6030883789062,1020.2308959960938,0.9996733665466309,323.9488220214844,500.0354919433594,0.9960921406745911,348.5836486816406,609.9209594726562,0.9990377426147461,279.4716796875,579.3228759765625,0.9765322208404541,386.6313171386719,555.3250122070312,0.9907425045967102,720.92626953125,498.2690124511719,0.9759189486503601,754.9165649414062,716.7434692382812,0.999913215637207,691.82421875,591.7266235351562,0.9966347813606262,785.5054321289062,567.6509399414062,0.9953680038452148,299.553955078125,705.6126708984375,0.8204158544540405,279.8032531738281,701.3838500976562,0.9996998310089111,259.9560852050781,687.3953247070312,0.9774923920631409,158.909423828125,608.0509643554688,0.9882928729057312,256.2879333496094,627.499267578125,0.9928715825080872,185.92410278320312,702.8707275390625,0.9843183159828186,185.63345336914062,512.3076782226562,0.9967755675315857,71.01168823242188,541.4524536132812,0.9775631427764893,111.66305541992188,462.4061584472656,0.9994826316833496,108.62240600585938,332.2351989746094,0.9798136353492737,201.6491241455078,176.60426330566406,0.022506915032863617
1116,87.47036743164062,115.58094787597656,0.9997547268867493,1000.6240234375,81.25494384765625,0.9997647404670715,89.43862915039062,1029.53759765625,0.9998898506164551,1023.0975341796875,1020.7847900390625,0.9997703433036804,326.05145263671875,499.7662048339844,0.9963726997375488,346.3565673828125,609.9560546875,0.9993060827255249,277.8484802246094,577.9441528320312,0.9753863215446472,386.50311279296875,556.3551025390625,0.989791750907898,719.3955688476562,498.3179016113281,0.9906638860702515,755.1264038085938,716.2007446289062,0.9999045133590698,690.4109497070312,592.431884765625,0.9958601593971252,785.8436279296875,566.8189697265625,0.9939321875572205,297.74920654296875,705.99462890625,0.7185993790626526,276.97900390625,699.80224609375,0.9978982210159302,255.82681274414062,688.3236083984375,0.989935576915741,151.5113525390625,600.7521362304688,0.9911209940910339,250.5665740966797,623.336669921875,0.9943231344223022,182.48106384277344,702.8634643554688,0.9968956708908081,182.9885711669922,511.99078369140625,0.9972788691520691,70.31755828857422,545.0506591796875,0.9793986082077026,115.64852142333984,465.17578125,0.9997530579566956,107.4520263671875,332.165283203125,0.9844357967376709,153.2998046875,200.03526306152344,0.03387356922030449
1117,87.35894012451172,114.80723571777344,0.9994133710861206,1000.1047973632812,78.03801727294922,0.9999244213104248,88.52204132080078,1029.456787109375,0.9998704195022583,1020.1447143554688,1020.6970825195312,0.9993276596069336,324.0760192871094,500.2727355957031,0.9962953925132751,348.3448181152344,609.5580444335938,0.9992436170578003,279.01898193359375,576.1438598632812,0.948738157749176,386.3312683105469,555.5527954101562,0.9942281246185303,718.8447265625,497.831298828125,0.9873844385147095,754.9741821289062,716.1510620117188,0.999896764755249,690.5805053710938,591.8821411132812,0.9955386519432068,785.8041381835938,564.6962890625,0.9959704875946045,298.2214660644531,706.4976196289062,0.8825768828392029,276.68310546875,696.4677734375,0.9968675971031189,256.3250427246094,689.7918090820312,0.9927752017974854,154.27928161621094,602.7969360351562,0.9517960548400879,245.0552215576172,620.7872314453125,0.964792788028717,186.94737243652344,698.153564453125,0.9869005084037781,182.9456024169922,515.539306640625,0.9972196817398071,67.18630981445312,541.9815063476562,0.9914615154266357,114.9544448852539,464.8241882324219,0.9997627139091492,106.58130645751953,337.04498291015625,0.9972330927848816,139.2895965576172,237.51449584960938,0.11946088075637817
1118,86.95293426513672,116.45472717285156,0.9996974468231201,999.8475341796875,76.57816314697266,0.9997114539146423,89.11500549316406,1029.2432861328125,0.9998576641082764,1023.7684936523438,1020.1235961914062,0.9996621608734131,324.3217468261719,499.6365966796875,0.9958481788635254,346.3743591308594,608.61572265625,0.9989811778068542,278.5876770019531,573.6055908203125,0.991579532623291,387.4006652832031,557.3470458984375,0.9944937825202942,720.686767578125,498.1351318359375,0.9889082312583923,756.3935546875,715.1489868164062,0.9999178647994995,690.625,590.9345703125,0.9957132339477539,786.2935791015625,567.0331420898438,0.9982293248176575,331.48681640625,692.4086303710938,0.8999847173690796,284.1011657714844,701.6983642578125,0.9977387189865112,260.22430419921875,688.848876953125,0.9840666055679321,152.81361389160156,596.270263671875,0.9961144924163818,252.25088500976562,617.4166870117188,0.9782534241676331,192.61619567871094,697.107421875,0.9992350339889526,185.10244750976562,509.0304260253906,0.9956384301185608,66.27365112304688,542.5628662109375,0.9844224452972412,110.9150619506836,458.09283447265625,0.9992915391921997,104.62278747558594,340.3080139160156,0.9954239726066589,132.65313720703125,228.2351837158203,0.39723411202430725
1119,87.24752044677734,116.4621810913086,0.999835729598999,1000.5696411132812,77.91029357910156,0.9997788071632385,89.16145324707031,1029.0704345703125,0.9998435974121094,1024.4803466796875,1020.4671630859375,0.9997990727424622,325.5675964355469,499.4371032714844,0.9921030402183533,342.46600341796875,608.8635864257812,0.9983713030815125,280.2060241699219,572.4134521484375,0.9797210693359375,387.06842041015625,558.219970703125,0.9949294328689575,719.8701782226562,498.35882568359375,0.9773218035697937,755.9408569335938,714.7780151367188,0.9999202489852905,691.129638671875,592.4561157226562,0.9971101880073547,785.47314453125,567.5760498046875,0.9953818917274475,348.49566650390625,685.034423828125,0.27942660450935364,294.0445861816406,697.155517578125,0.9632788896560669,273.84783935546875,684.0281982421875,0.8698244690895081,154.26219177246094,597.8599853515625,0.9927666187286377,261.4488830566406,610.7671508789062,0.9029970765113831,201.81788635253906,695.6688232421875,0.9982744455337524,189.41632080078125,508.52166748046875,0.9764680862426758,68.82811737060547,540.19384765625,0.9599134922027588,110.61233520507812,461.4661560058594,0.9980575442314148,98.95892333984375,343.0006103515625,0.8641514778137207,141.35260009765625,182.43408203125,0.7757018804550171
1120,87.02883911132812,117.35302734375,0.9998601675033569,999.372802734375,77.50985717773438,0.9998806715011597,89.0571517944336,1027.433837890625,0.9998958110809326,1022.95068359375,1020.6821899414062,0.9997926354408264,322.46710205078125,500.12786865234375,0.9899246692657471,346.6766662597656,609.2442016601562,0.999395489692688,280.4136962890625,577.4114990234375,0.9889135956764221,386.61676025390625,557.0366821289062,0.9912881255149841,725.7626953125,497.61981201171875,0.9416401386260986,755.9218139648438,715.4638671875,0.9998823404312134,690.4486083984375,593.0438842773438,0.9975196719169617,785.347412109375,565.2393798828125,0.9969053864479065,296.0789794921875,622.595458984375,0.23902210593223572,297.4723205566406,702.6396484375,0.9942725896835327,273.5765686035156,690.24560546875,0.8588576912879944,158.96725463867188,600.0591430664062,0.9900132417678833,274.6560974121094,624.7562866210938,0.9168033003807068,197.70738220214844,694.0496215820312,0.9709572792053223,186.2431640625,505.3502197265625,0.969164252281189,69.58668518066406,544.125732421875,0.9806168079376221,102.85304260253906,457.06378173828125,0.9960642457008362,78.53443145751953,336.21453857421875,0.8717790246009827,112.23695373535156,228.02435302734375,0.04021286219358444
1121,86.26240539550781,115.6885986328125,0.9998605251312256,998.6365356445312,77.7153091430664,0.9998371601104736,89.6387710571289,1029.65966796875,0.9998388290405273,1022.2469482421875,1021.1629638671875,0.9993395209312439,323.3219909667969,499.55340576171875,0.9932408332824707,348.699462890625,607.5444946289062,0.9983938336372375,279.39422607421875,576.824951171875,0.9915106892585754,388.2120666503906,554.1162719726562,0.9935936331748962,716.6488037109375,497.6054992675781,0.924548327922821,756.0144653320312,714.8502807617188,0.9998767375946045,691.960205078125,593.9880981445312,0.9956609606742859,784.8425903320312,567.0582885742188,0.990813672542572,292.4813232421875,614.2537231445312,0.41675135493278503,295.13934326171875,698.1301879882812,0.9966014623641968,277.41937255859375,681.6840209960938,0.9712629914283752,159.78744506835938,600.6514282226562,0.9941843152046204,268.7851257324219,611.90771484375,0.8792375922203064,200.43060302734375,694.7708129882812,0.9758346080780029,188.55343627929688,505.9502258300781,0.9888601899147034,70.7540054321289,544.4188842773438,0.9844226241111755,103.65255737304688,458.5545959472656,0.9987037181854248,63.53136444091797,299.3688659667969,0.9471547603607178,116.61896514892578,183.60977172851562,0.6169775724411011
1122,85.61251831054688,116.1876449584961,0.9993236064910889,999.1697387695312,80.01985168457031,0.9998519420623779,90.71611785888672,1029.6177978515625,0.9997770190238953,1025.095947265625,1019.6243896484375,0.9997288584709167,320.1921081542969,499.9170837402344,0.9977515339851379,347.6270446777344,607.5932006835938,0.9992870688438416,275.7553405761719,575.8643188476562,0.9962168335914612,386.8410949707031,551.2673950195312,0.9943743944168091,721.3809814453125,499.339599609375,0.9607982039451599,755.2562255859375,714.659423828125,0.9998655319213867,693.0781860351562,593.4644775390625,0.994850218296051,786.274169921875,565.718994140625,0.9974699020385742,315.7388916015625,699.2356567382812,0.6831815242767334,294.6806945800781,698.5609130859375,0.991326630115509,272.60675048828125,680.6348876953125,0.8075406551361084,166.75624084472656,603.2250366210938,0.9744523167610168,270.5488586425781,612.4086303710938,0.7949823141098022,205.97364807128906,693.7688598632812,0.8643125295639038,189.25051879882812,505.0551452636719,0.9688155651092529,78.00665283203125,547.6380615234375,0.9764061570167542,99.57337188720703,453.4395751953125,0.9989342093467712,60.7939453125,276.51483154296875,0.4487280249595642,115.8912124633789,169.2345428466797,0.7440418601036072
1123,86.6441650390625,115.36420440673828,0.9947174191474915,998.6688232421875,77.39474487304688,0.9998406171798706,90.459716796875,1030.1417236328125,0.9998694658279419,1023.8846435546875,1020.5387573242188,0.9997525811195374,322.4847717285156,499.54302978515625,0.9992102384567261,347.1487121582031,608.077880859375,0.9988096952438354,273.83404541015625,574.1292114257812,0.9881590008735657,387.6506652832031,552.677978515625,0.9936485886573792,718.6487426757812,498.7120056152344,0.9798265695571899,755.9706420898438,716.3448486328125,0.9998302459716797,692.3128662109375,594.7719116210938,0.9956996440887451,786.2828369140625,566.9756469726562,0.9952772855758667,314.8270263671875,699.5916748046875,0.8591590523719788,295.96221923828125,692.6484985351562,0.9934351444244385,273.4060363769531,677.1931762695312,0.8580821752548218,178.65943908691406,608.6316528320312,0.9951187372207642,268.23895263671875,610.6876831054688,0.6643851399421692,206.8155059814453,693.6073608398438,0.8662083148956299,192.67649841308594,506.7991943359375,0.9861141443252563,87.34461975097656,558.6800537109375,0.9478975534439087,101.67220306396484,451.6614685058594,0.9949153661727905,63.299072265625,307.25030517578125,0.9546661972999573,114.67546844482422,170.7650909423828,0.7285535931587219
1124,86.03153228759766,117.00569915771484,0.9902493357658386,1000.1807861328125,77.60359954833984,0.9998341798782349,91.13636016845703,1029.7095947265625,0.9998834133148193,1022.6171264648438,1021.3207397460938,0.9992274045944214,321.3255615234375,500.06494140625,0.9995343685150146,347.087890625,607.94384765625,0.9978983402252197,273.9141845703125,574.2205810546875,0.9963286519050598,387.147216796875,552.0205078125,0.9967924952507019,717.8214111328125,500.23651123046875,0.990638256072998,756.3336791992188,716.1008911132812,0.9998915195465088,692.154052734375,592.3370971679688,0.9928160905838013,785.39794921875,567.979248046875,0.9960899949073792,326.712890625,697.0599975585938,0.8903871774673462,300.15081787109375,696.6204833984375,0.9989557266235352,276.762451171875,680.03515625,0.8873142004013062,178.2144317626953,605.9707641601562,0.991963267326355,268.14434814453125,612.7086791992188,0.6752140522003174,205.3782196044922,691.7230834960938,0.9268685579299927,194.0421142578125,506.1629333496094,0.9847169518470764,88.49649810791016,559.1630859375,0.8920688033103943,98.56742858886719,456.72265625,0.9987990856170654,64.13346099853516,259.2799072265625,0.5003589987754822,134.75140380859375,78.35803985595703,0.5395916700363159
1125,91.68868255615234,110.95677185058594,0.9831011891365051,999.626220703125,78.7493667602539,0.9997100234031677,88.92963409423828,1028.46826171875,0.9998371601104736,1022.8226928710938,1020.401611328125,0.9994057416915894,324.14764404296875,499.67291259765625,0.9994493126869202,347.1094055175781,608.8646240234375,0.9986409544944763,275.9523620605469,573.0909423828125,0.9958167672157288,387.9776306152344,554.4209594726562,0.9924013614654541,715.925048828125,499.2721862792969,0.9974525570869446,756.5463256835938,716.1058349609375,0.999884843826294,690.7305297851562,591.3240966796875,0.9943565726280212,784.3433837890625,566.9669189453125,0.9961755275726318,314.9275817871094,701.104248046875,0.940626323223114,297.0364685058594,693.2074584960938,0.9986057877540588,276.59588623046875,679.0695190429688,0.8771049380302429,174.46800231933594,605.2609252929688,0.9847384691238403,262.52984619140625,606.459228515625,0.5708672404289246,205.54380798339844,690.4757080078125,0.9842876195907593,193.0162811279297,506.0475158691406,0.9847522377967834,87.43282318115234,557.5784301757812,0.9688155651092529,100.67095184326172,460.2182312011719,0.9995449185371399,58.8897819519043,256.8778076171875,0.6868543028831482,121.18142700195312,167.01724243164062,0.270930677652359
1126,91.67538452148438,106.49626922607422,0.9728907942771912,1000.5570068359375,79.25209045410156,0.9998519420623779,90.33820343017578,1029.7181396484375,0.9998847246170044,1021.8895874023438,1021.9808959960938,0.9991455078125,323.2451171875,499.8668518066406,0.9983065128326416,349.4045104980469,608.175048828125,0.9992706179618835,275.1605224609375,575.5633544921875,0.9942557215690613,387.2845764160156,553.885498046875,0.9959145188331604,717.632568359375,498.6495361328125,0.9726939797401428,756.6825561523438,715.8373413085938,0.9998844861984253,689.8226928710938,589.8790893554688,0.994522213935852,784.4115600585938,569.4949340820312,0.9955822825431824,315.243896484375,686.8014526367188,0.8108357191085815,288.2388000488281,686.971923828125,0.9953237175941467,268.7615051269531,672.5726928710938,0.7553994655609131,164.76364135742188,598.3528442382812,0.9944728016853333,255.6348419189453,605.3256225585938,0.5896520614624023,204.94276428222656,688.6571655273438,0.9922491312026978,191.751953125,507.6056823730469,0.9909849166870117,83.30902099609375,557.6997680664062,0.9346351027488708,100.24223327636719,462.8658752441406,0.9993921518325806,57.788917541503906,231.08287048339844,0.7594193816184998,103.75912475585938,93.84139251708984,0.07753407210111618
1127,89.82567596435547,99.54175567626953,0.9919418096542358,1000.1541137695312,79.68000793457031,0.9998661279678345,90.11366271972656,1028.9912109375,0.999839186668396,1023.1903076171875,1021.4751586914062,0.9995996356010437,323.8252258300781,499.68109130859375,0.9941725134849548,347.375732421875,608.18603515625,0.9987021684646606,275.8975524902344,578.4462890625,0.9949988126754761,386.96490478515625,555.5006713867188,0.9969378709793091,728.7130737304688,494.2016906738281,0.9554893374443054,756.419677734375,716.99365234375,0.9998742341995239,690.5277099609375,590.441650390625,0.994503378868103,784.9876098632812,565.21923828125,0.9903091788291931,317.9069519042969,686.746337890625,0.7781685590744019,290.3482666015625,688.1694946289062,0.9995251893997192,269.29486083984375,678.5517578125,0.927372395992279,156.47512817382812,599.0906372070312,0.9894031286239624,254.9734344482422,606.130126953125,0.9708237051963806,198.22189331054688,690.7041015625,0.9962945580482483,184.022216796875,507.8722839355469,0.9378643035888672,72.11536407470703,549.89697265625,0.989897608757019,96.81123352050781,459.876220703125,0.9963233470916748,54.41948318481445,280.93206787109375,0.6723202466964722,109.81905364990234,297.517333984375,0.3647238612174988
1128,87.31904602050781,98.9065170288086,0.9764115214347839,999.7747192382812,77.16575622558594,0.9998689889907837,90.57880401611328,1029.4808349609375,0.9997314810752869,1021.9697875976562,1021.8509521484375,0.9993056058883667,324.03125,500.4245300292969,0.9938104748725891,347.5846252441406,608.8037719726562,0.9975390434265137,279.3810729980469,577.045166015625,0.9731419086456299,387.02349853515625,555.9898071289062,0.9948634505271912,718.6790161132812,497.42877197265625,0.9891576766967773,754.5523071289062,714.583251953125,0.9997796416282654,692.0531005859375,591.014892578125,0.9909976720809937,786.5792846679688,564.4575805664062,0.9952203631401062,316.16973876953125,696.63427734375,0.974105715751648,288.933349609375,690.7614135742188,0.9993313550949097,268.5365295410156,678.9613037109375,0.9719766974449158,156.6155242919922,602.9896240234375,0.8901367783546448,266.61859130859375,615.345458984375,0.8545490503311157,196.0753173828125,689.6038818359375,0.99591463804245,181.6975555419922,505.47894287109375,0.9746014475822449,65.89070892333984,545.326416015625,0.9794560074806213,97.06661987304688,460.6085205078125,0.9925872683525085,60.888214111328125,337.705078125,0.5329704284667969,112.4947738647461,294.54345703125,0.8199819326400757
1129,83.06169128417969,107.98251342773438,0.8811783194541931,1000.2833251953125,79.01622009277344,0.9998155236244202,91.13910675048828,1030.2259521484375,0.9998847246170044,1019.6866455078125,1021.0721435546875,0.9992578625679016,324.18890380859375,499.5372619628906,0.9956934452056885,348.6214599609375,608.9317626953125,0.9993317723274231,276.7750549316406,576.544189453125,0.9899306297302246,386.7767028808594,557.5409545898438,0.995841920375824,716.9299926757812,498.8175964355469,0.9924615025520325,756.3564453125,716.6224975585938,0.9997977614402771,690.6790161132812,590.7328491210938,0.9919430017471313,785.3905029296875,565.3815307617188,0.9933494925498962,289.0721435546875,700.086181640625,0.6413217782974243,284.42010498046875,687.0651245117188,0.9984899759292603,261.5389099121094,672.9159545898438,0.9180983901023865,157.5605926513672,602.7398071289062,0.9080461263656616,248.76922607421875,609.8557739257812,0.5171603560447693,193.7705535888672,686.963134765625,0.9863461852073669,180.0642852783203,506.662353515625,0.977290153503418,67.26069641113281,545.5967407226562,0.9919397234916687,100.4336166381836,462.3580017089844,0.9993780851364136,58.158058166503906,287.1497497558594,0.7546079158782959,112.20294952392578,292.6410827636719,0.6042669415473938
1130,89.86404418945312,103.90479278564453,0.08210096508264542,1000.7728271484375,77.84132385253906,0.9998927116394043,90.87247467041016,1029.6741943359375,0.9998853206634521,1023.3568725585938,1021.03271484375,0.9993207454681396,323.6650085449219,499.8064880371094,0.9981972575187683,349.421630859375,607.6796875,0.9991395473480225,277.4546813964844,576.71923828125,0.9968806505203247,386.9894714355469,554.8417358398438,0.995161235332489,722.0479125976562,497.9755859375,0.9930521249771118,756.8159790039062,716.1137084960938,0.9998992681503296,692.9559326171875,591.8397216796875,0.9975252747535706,785.777099609375,566.7626953125,0.9962234497070312,292.81591796875,687.2815551757812,0.24983033537864685,281.0797119140625,680.9098510742188,0.9960281848907471,266.190185546875,674.3766479492188,0.9225102663040161,156.0284423828125,597.1884155273438,0.986248791217804,252.01402282714844,606.0120849609375,0.8478018045425415,193.85943603515625,689.0082397460938,0.9832249879837036,179.6123504638672,502.7083740234375,0.9907333850860596,63.922672271728516,542.4730834960938,0.9852145314216614,98.54639434814453,458.4911193847656,0.9977139234542847,67.50727081298828,327.34503173828125,0.7899971604347229,108.19328308105469,72.45027923583984,0.9738571643829346
1131,91.44441986083984,102.80390167236328,0.23417255282402039,1001.4623413085938,78.272216796875,0.9998145699501038,90.55361938476562,1027.59375,0.9998785257339478,1022.5054321289062,1020.8082885742188,0.9996066689491272,325.19317626953125,499.9621887207031,0.9987837672233582,347.7798156738281,607.9491577148438,0.9996063113212585,275.8377990722656,574.4575805664062,0.989330530166626,387.1094665527344,555.3941040039062,0.9952915906906128,724.20458984375,497.11529541015625,0.9486134648323059,756.2664184570312,716.3831176757812,0.9999262094497681,692.513671875,592.229736328125,0.9942725896835327,786.345458984375,566.57958984375,0.9976311922073364,302.7315979003906,675.8165283203125,0.7152132987976074,284.6114501953125,673.9898681640625,0.9990150928497314,263.7796325683594,667.1297607421875,0.9621856808662415,151.28201293945312,588.1743774414062,0.989535391330719,248.95175170898438,598.1414184570312,0.5746465921401978,197.05250549316406,687.9249267578125,0.9462727904319763,180.09127807617188,501.36669921875,0.9871857762336731,65.27448272705078,541.6084594726562,0.9848604798316956,99.55745697021484,459.7227478027344,0.9993817806243896,64.9109878540039,294.714111328125,0.6007071137428284,112.70309448242188,71.68680572509766,0.9806950092315674
1132,90.23352813720703,104.00601196289062,0.5342640280723572,1000.5590209960938,80.57135772705078,0.9997009038925171,89.72661590576172,1027.2454833984375,0.9998759031295776,1021.5091552734375,1021.4976806640625,0.9994213581085205,326.7244873046875,499.3338317871094,0.9956440925598145,346.67108154296875,607.172607421875,0.9983978867530823,276.7453308105469,571.2315673828125,0.9862274527549744,387.1192626953125,556.5106201171875,0.9956530332565308,716.9335327148438,499.01800537109375,0.9906222224235535,758.0691528320312,718.17529296875,0.9998760223388672,691.8939208984375,592.5036010742188,0.9972376823425293,783.3209228515625,566.4220581054688,0.9943600296974182,302.41607666015625,677.2815551757812,0.9927130341529846,281.8237609863281,670.4446411132812,0.9963651895523071,261.38153076171875,666.31494140625,0.9656818509101868,155.59835815429688,591.5814819335938,0.9856166839599609,248.5508575439453,603.4775390625,0.8934317827224731,195.2759246826172,686.6066284179688,0.9756062626838684,180.23768615722656,500.8526306152344,0.9868729710578918,62.36586380004883,540.6536865234375,0.9908368587493896,98.31221771240234,460.8746032714844,0.998820960521698,63.71757125854492,284.8214111328125,0.39094075560569763,119.75125885009766,72.2935791015625,0.8828641772270203
1133,78.95995330810547,105.24296569824219,0.39481279253959656,999.8876953125,78.80850219726562,0.999869704246521,91.18402099609375,1028.313720703125,0.9998533725738525,1023.2923583984375,1022.0601196289062,0.9995875954627991,323.83221435546875,500.3134765625,0.998684823513031,346.926025390625,606.3541259765625,0.998392641544342,276.14971923828125,577.9678955078125,0.9868567585945129,386.5054626464844,553.783447265625,0.9939905405044556,722.4129028320312,497.6293029785156,0.9732469320297241,756.3329467773438,714.6372680664062,0.9998658895492554,692.7955932617188,589.0982666015625,0.9978436231613159,783.0125732421875,566.4047241210938,0.9965422749519348,315.0289611816406,674.678955078125,0.8526735901832581,288.23394775390625,671.0361938476562,0.9974979758262634,265.4656677246094,664.813232421875,0.9759189486503601,159.95660400390625,592.5354614257812,0.9919137954711914,252.84703063964844,600.5875854492188,0.7174887657165527,194.86988830566406,684.7086791992188,0.9819736480712891,175.71041870117188,499.8096618652344,0.9900053143501282,65.8211441040039,542.9539184570312,0.9718955159187317,97.99630737304688,459.68682861328125,0.9994578957557678,68.13558197021484,290.65179443359375,0.3607407212257385,118.16900634765625,76.33100128173828,0.16223236918449402
1134,77.88398742675781,113.13037872314453,0.9788672924041748,1001.63134765625,79.43047332763672,0.9994718432426453,90.92764282226562,1029.2646484375,0.9998509883880615,1021.9775390625,1020.5545043945312,0.9992839694023132,325.7942810058594,499.52593994140625,0.9977050423622131,346.76434326171875,607.7384643554688,0.9972413778305054,275.5721740722656,573.5741577148438,0.9843578338623047,387.4442443847656,557.18359375,0.9950796365737915,719.2566528320312,495.8540954589844,0.9890751242637634,757.6675415039062,715.685302734375,0.999862551689148,692.955810546875,590.4229125976562,0.9969372749328613,784.1883544921875,563.1414794921875,0.9965617060661316,318.4336242675781,672.0989379882812,0.9936861395835876,288.8756408691406,670.7677001953125,0.9863097667694092,264.19915771484375,662.5867919921875,0.9373822212219238,154.83705139160156,580.1880493164062,0.9939351677894592,263.89337158203125,605.0463256835938,0.7817425727844238,199.0036163330078,679.2647094726562,0.9964401125907898,179.78036499023438,496.0613098144531,0.9780353307723999,63.62553405761719,536.598388671875,0.9829155206680298,101.85233306884766,452.7994079589844,0.9956271648406982,75.93827819824219,269.4537048339844,0.8621440529823303,98.83206939697266,74.12611389160156,0.33797863125801086
1135,74.24887084960938,107.25802612304688,0.6525489687919617,1000.6423950195312,80.87110137939453,0.9998446702957153,90.80361938476562,1029.2364501953125,0.9998420476913452,1019.7825927734375,1019.67724609375,0.9994931221008301,326.5298156738281,498.9698181152344,0.9992341995239258,346.4873962402344,608.3194580078125,0.9973458647727966,273.6983337402344,567.8904418945312,0.9669604301452637,386.57470703125,552.8554077148438,0.9969854950904846,722.9014282226562,496.1543884277344,0.984993577003479,757.5310668945312,716.202880859375,0.9998251795768738,691.7266235351562,588.3359985351562,0.9969161748886108,785.5266723632812,565.9701538085938,0.9951114058494568,314.5802307128906,668.2686157226562,0.9316824674606323,284.36798095703125,662.6952514648438,0.9847891330718994,260.5625,651.2462768554688,0.7593013644218445,152.34532165527344,567.878662109375,0.9984608888626099,253.17637634277344,585.0596923828125,0.42445096373558044,201.48721313476562,668.9326782226562,0.9990990161895752,179.75640869140625,493.39276123046875,0.9868789315223694,69.33441925048828,540.6304321289062,0.9684756994247437,102.70098876953125,459.734130859375,0.9997225403785706,70.87570190429688,126.42694854736328,0.5250946879386902,117.21483612060547,84.20282745361328,0.5652089715003967
1136,93.6572265625,105.65371704101562,0.34826427698135376,1001.4388427734375,77.33512878417969,0.9997331500053406,89.59247589111328,1027.7425537109375,0.9998371601104736,1020.8660278320312,1021.4217529296875,0.9986860156059265,327.2611389160156,499.8392028808594,0.9991328120231628,347.8988952636719,606.8660888671875,0.9991039633750916,272.70257568359375,567.668212890625,0.9013668298721313,386.6232604980469,552.6353759765625,0.9980193376541138,718.2052001953125,496.156494140625,0.9867643117904663,757.1943969726562,717.413330078125,0.999859094619751,691.3031005859375,588.984130859375,0.9977465271949768,782.63916015625,565.1891479492188,0.9952372312545776,322.63836669921875,664.276123046875,0.6131646633148193,286.7494812011719,663.629638671875,0.9839507341384888,260.3288269042969,647.8729858398438,0.6151204705238342,153.9897003173828,568.952392578125,0.9968120455741882,251.27920532226562,582.5892333984375,0.6013980507850647,203.7570037841797,668.9923095703125,0.9964853525161743,181.99290466308594,489.3087158203125,0.9919379353523254,70.11312103271484,537.3290405273438,0.9906124472618103,98.44107818603516,456.3919372558594,0.9992914199829102,68.84928131103516,298.6441345214844,0.8588630557060242,119.55868530273438,84.09477233886719,0.981122612953186
1137,90.60760498046875,104.44176483154297,0.20977936685085297,1001.534423828125,79.09967041015625,0.9996092915534973,89.65637969970703,1028.4598388671875,0.9999172687530518,1020.5968017578125,1022.8193359375,0.9986435770988464,326.0584716796875,499.47052001953125,0.9993948936462402,348.3484802246094,606.805908203125,0.9992846846580505,272.8338623046875,568.6563110351562,0.9470789432525635,386.90887451171875,551.3569946289062,0.9978010058403015,719.3140869140625,494.83880615234375,0.9895423650741577,755.623046875,715.9462890625,0.9998291730880737,689.8748168945312,588.1127319335938,0.9973841309547424,784.7542724609375,569.5485229492188,0.9938936829566956,315.58538818359375,672.820556640625,0.7099640965461731,288.03802490234375,666.4680786132812,0.9886929392814636,261.4913024902344,649.4371948242188,0.6467347741127014,155.99563598632812,571.2361450195312,0.9941719174385071,263.9088439941406,598.0150146484375,0.16348080337047577,206.67401123046875,671.7079467773438,0.9985101819038391,183.9261016845703,495.46136474609375,0.9811620712280273,73.25051879882812,538.5662231445312,0.9867569208145142,97.08132934570312,453.2128601074219,0.9945628046989441,60.42854690551758,183.173095703125,0.6658235192298889,124.1144027709961,81.62559509277344,0.9776392579078674
1138,78.76167297363281,99.9223861694336,0.23753894865512848,999.7426147460938,76.81840515136719,0.9998699426651001,89.40382385253906,1028.926513671875,0.9998877048492432,1021.3099975585938,1020.037353515625,0.9995145797729492,327.0496520996094,499.2429504394531,0.9995654225349426,349.61505126953125,609.020751953125,0.9989010095596313,273.95233154296875,569.2412109375,0.9773204326629639,387.9018249511719,551.5217895507812,0.9985608458518982,714.4876708984375,497.4219665527344,0.991657018661499,756.0128173828125,714.5794067382812,0.9999102354049683,690.3155517578125,591.9620971679688,0.9976959824562073,784.0046997070312,567.7295532226562,0.9895811080932617,315.6197509765625,676.0552368164062,0.9159780740737915,286.4008483886719,669.0536499023438,0.9869539141654968,269.1564636230469,661.3182373046875,0.6002625823020935,160.5299072265625,579.1439819335938,0.9880284070968628,257.0440979003906,591.6067504882812,0.04121878743171692,206.09713745117188,676.51123046875,0.9764871001243591,182.71432495117188,496.8711242675781,0.9883456230163574,75.7056655883789,541.3277587890625,0.9410939812660217,100.3793716430664,454.2861328125,0.9961657524108887,58.12912368774414,175.35952758789062,0.8772815465927124,128.0469207763672,85.66078186035156,0.9640201330184937
1139,64.455078125,96.96835327148438,0.3284682333469391,1000.460205078125,75.17045593261719,0.9996063113212585,89.57486724853516,1028.564453125,0.9999151229858398,1022.5480346679688,1021.3673095703125,0.9995344877243042,326.2308044433594,499.83984375,0.9992235898971558,349.4121398925781,608.2496337890625,0.9993564486503601,273.8270568847656,571.2006225585938,0.9834864139556885,387.3011474609375,552.9669189453125,0.9983002543449402,717.6976928710938,497.2784118652344,0.9967317581176758,756.006103515625,714.3062744140625,0.9998704195022583,691.4238891601562,591.2332153320312,0.9965373277664185,785.9168090820312,568.051513671875,0.9945746064186096,303.222900390625,682.3862915039062,0.9253848195075989,287.52691650390625,677.4097290039062,0.9968639612197876,268.1861572265625,666.2156372070312,0.7981080412864685,163.02584838867188,581.4376220703125,0.9966564178466797,261.5465087890625,598.7345581054688,0.16314135491847992,208.63552856445312,678.8497314453125,0.9753281474113464,189.6653594970703,501.148681640625,0.9922245740890503,77.62906646728516,545.6423950195312,0.9708106517791748,100.22795867919922,451.4906005859375,0.9963768124580383,73.29856872558594,272.52691650390625,0.6720423102378845,124.78223419189453,83.02619171142578,0.9439965486526489
1140,72.4737319946289,99.83344268798828,0.3419072926044464,997.6039428710938,76.254150390625,0.9998672008514404,89.7378921508789,1028.85009765625,0.9999096393585205,1021.10791015625,1022.281005859375,0.9991576671600342,327.2785339355469,499.2773132324219,0.9993036985397339,348.2742614746094,610.0582885742188,0.9992254972457886,273.9112854003906,570.3277587890625,0.9945045113563538,387.1716003417969,553.2132568359375,0.9975565671920776,722.4464111328125,498.0633544921875,0.9945793151855469,755.5042724609375,714.8068237304688,0.9997524619102478,692.5994262695312,592.1790161132812,0.9961287975311279,785.7911376953125,567.3424682617188,0.9919968247413635,299.1435546875,684.9895629882812,0.7418678402900696,282.6427307128906,676.8375244140625,0.9708319902420044,262.76837158203125,664.2034912109375,0.42784926295280457,159.3982391357422,580.3665771484375,0.9927653670310974,269.6298522949219,613.0889282226562,0.15091288089752197,207.4329376220703,676.7898559570312,0.9908772110939026,187.70484924316406,501.61370849609375,0.9792883992195129,81.72757720947266,550.9884033203125,0.9675582647323608,102.99188232421875,453.1058654785156,0.9982578158378601,56.781349182128906,115.18916320800781,0.8408020734786987,121.56810760498047,81.48554992675781,0.9582609534263611
1141,89.29307556152344,108.12239074707031,0.5832682847976685,996.4752197265625,74.89727020263672,0.999601423740387,88.710693359375,1028.19873046875,0.9997667670249939,1022.235595703125,1021.7778930664062,0.9994574189186096,329.5622253417969,498.79241943359375,0.9983012080192566,343.6151123046875,607.8701171875,0.9984045624732971,276.07818603515625,566.5534057617188,0.9971082806587219,384.8638000488281,552.3677368164062,0.9981350898742676,722.5220336914062,498.09759521484375,0.6173272132873535,756.7833862304688,715.4725952148438,0.9998596906661987,690.7584228515625,597.2365112304688,0.9984153509140015,784.4383544921875,561.192138671875,0.9962905645370483,294.1581115722656,695.38134765625,0.7705416083335876,283.6058349609375,687.6201171875,0.7652925252914429,265.0729064941406,668.6589965820312,0.08922827243804932,159.41720581054688,577.8043823242188,0.971569836139679,212.063232421875,530.737060546875,0.005669222678989172,193.58163452148438,677.7050170898438,0.7204926609992981,194.5692596435547,504.1562805175781,0.9369693398475647,72.88507843017578,540.2238159179688,0.937031090259552,104.6657943725586,455.6379699707031,0.9941065311431885,65.53773498535156,104.15347290039062,0.6515070199966431,95.72718811035156,126.33270263671875,0.1162431389093399
1142,92.03825378417969,105.95174407958984,0.8194106817245483,999.06396484375,78.00666809082031,0.9998419284820557,89.63743591308594,1029.2735595703125,0.9998598098754883,1023.9390869140625,1021.2805786132812,0.9993577599525452,325.1600646972656,499.4266052246094,0.9988699555397034,344.6991882324219,607.7371826171875,0.995426595211029,277.30804443359375,570.7291259765625,0.9972321391105652,387.1597595214844,552.5231323242188,0.9980748891830444,722.1090698242188,498.5728759765625,0.9654450416564941,756.456787109375,715.0062255859375,0.9998779296875,690.6078491210938,592.7403564453125,0.9974431991577148,784.1177368164062,564.058837890625,0.9940298795700073,317.1858215332031,697.2069702148438,0.6586278080940247,284.8210144042969,688.9276123046875,0.8316477537155151,272.5513916015625,670.833984375,0.7755531668663025,162.31309509277344,585.764892578125,0.9759328365325928,273.4486083984375,602.3511352539062,0.15363769233226776,196.72952270507812,676.6942138671875,0.3567880392074585,179.90895080566406,492.85772705078125,0.9773335456848145,68.62921905517578,536.8419189453125,0.9869151711463928,94.1496353149414,453.296875,0.9940342307090759,71.28999328613281,324.67193603515625,0.4595252275466919,115.98912048339844,82.59909057617188,0.9929446578025818
1143,93.26604461669922,116.26336669921875,0.7207467555999756,1001.5013427734375,77.09734344482422,0.9992086291313171,89.63143157958984,1029.673583984375,0.9998741149902344,1025.6407470703125,1022.0162353515625,0.9997307658195496,322.8087463378906,499.97802734375,0.9978145360946655,346.5084533691406,608.1807250976562,0.9933660626411438,276.30853271484375,571.9808959960938,0.9958072900772095,386.3438415527344,552.3484497070312,0.9973516464233398,718.453857421875,498.1402893066406,0.9140100479125977,756.3414306640625,714.9483032226562,0.9998414516448975,693.1964721679688,593.8123779296875,0.9966237545013428,785.938232421875,565.4647216796875,0.9939001798629761,319.9244384765625,701.3132934570312,0.8935636281967163,288.58416748046875,693.7603759765625,0.720564603805542,270.6427917480469,676.6375122070312,0.848082423210144,161.61708068847656,581.313720703125,0.9918070435523987,275.89520263671875,605.2453002929688,0.6593199968338013,201.5805206298828,679.9957275390625,0.9347946643829346,184.90733337402344,492.9280700683594,0.9079530239105225,76.6611099243164,533.7437744140625,0.9861391186714172,94.23360443115234,446.57293701171875,0.9920805096626282,60.96383285522461,208.13253784179688,0.518903911113739,117.3454818725586,88.83116912841797,0.8757611513137817
1144,81.3881607055664,116.51673889160156,0.9864024519920349,999.9970703125,77.45249938964844,0.9993602633476257,89.6022720336914,1029.9637451171875,0.9998761415481567,1021.5460205078125,1020.4113159179688,0.9993621706962585,328.7185363769531,499.30743408203125,0.9967266321182251,343.8951110839844,608.362060546875,0.9976703524589539,273.26611328125,570.8902587890625,0.9842327833175659,386.48443603515625,555.4319458007812,0.9975453019142151,724.6741943359375,499.5201110839844,0.9839609861373901,757.4322509765625,715.2642822265625,0.9998522996902466,690.4798583984375,591.7882690429688,0.9883348941802979,785.9088745117188,570.06982421875,0.9954845905303955,299.275146484375,705.0516357421875,0.3163771331310272,282.5117492675781,701.9616088867188,0.5431450605392456,266.19024658203125,678.4384765625,0.3493706285953522,165.76797485351562,589.411865234375,0.9742942452430725,273.3228454589844,603.6911010742188,0.015562557615339756,194.43746948242188,678.5734252929688,0.7929529547691345,186.93907165527344,494.648681640625,0.9564382433891296,86.3099136352539,537.5310668945312,0.9604858756065369,117.44415283203125,445.87945556640625,0.9933990240097046,123.45405578613281,357.97265625,0.543952226638794,115.24417877197266,281.7791442871094,0.426090270280838
1145,87.62203216552734,116.94117736816406,0.997534990310669,1000.5545654296875,76.56595611572266,0.998744010925293,91.28144836425781,1028.428955078125,0.9998875856399536,1024.5958251953125,1020.4476928710938,0.9994230270385742,328.95159912109375,499.2297668457031,0.9961764812469482,344.0460510253906,608.5281372070312,0.9974521994590759,273.6407775878906,570.4839477539062,0.9599453210830688,386.87713623046875,555.9806518554688,0.997532844543457,719.8804931640625,496.829833984375,0.9644675850868225,755.180908203125,716.1926879882812,0.9998922348022461,691.360595703125,590.8855590820312,0.9887840747833252,787.7410278320312,565.87451171875,0.9924631118774414,297.43389892578125,703.8271484375,0.1997772753238678,282.103271484375,693.482666015625,0.8187161087989807,263.99066162109375,669.926513671875,0.6425072550773621,162.9667205810547,580.7203979492188,0.9605718851089478,274.18218994140625,601.7982788085938,0.062253303825855255,207.0489501953125,677.53955078125,0.9645534753799438,196.507568359375,497.5734558105469,0.9908059239387512,91.96432495117188,541.5216674804688,0.9841698408126831,118.90000915527344,448.16119384765625,0.9993507266044617,118.04777526855469,326.43634033203125,0.7735340595245361,149.58364868164062,86.0343017578125,0.522273600101471
1146,89.30487060546875,112.0689468383789,0.996508777141571,999.3406982421875,79.49700164794922,0.9998676776885986,90.07005310058594,1028.9144287109375,0.9998713731765747,1021.703369140625,1021.9429321289062,0.9991320967674255,331.7336120605469,498.6373596191406,0.9950491786003113,344.0299072265625,608.6290283203125,0.9950651526451111,274.4613342285156,567.096923828125,0.9396988749504089,386.6562805175781,554.9105224609375,0.997163712978363,724.2467651367188,495.50848388671875,0.9453802108764648,755.7445678710938,716.926025390625,0.9998899698257446,691.878662109375,591.15478515625,0.9849029779434204,785.9111938476562,566.404296875,0.9948594570159912,284.9727478027344,702.3661499023438,0.16410288214683533,277.1986999511719,688.398681640625,0.8601087331771851,261.3277282714844,668.7550659179688,0.6569655537605286,161.49713134765625,578.7372436523438,0.9600578546524048,265.3358459472656,597.42529296875,0.03505466505885124,209.99220275878906,676.2838745117188,0.9507131576538086,193.0431365966797,491.5237121582031,0.9608421325683594,89.89697265625,545.3802490234375,0.9418429732322693,115.84170532226562,443.5307922363281,0.9941233992576599,112.26139831542969,322.5799255371094,0.7044752836227417,101.24222564697266,203.6808319091797,0.4405531585216522
1147,84.0055923461914,112.61978912353516,0.9771157503128052,998.579345703125,77.809814453125,0.9998685121536255,89.66622161865234,1029.652099609375,0.9998774528503418,1019.59814453125,1021.7675170898438,0.9990843534469604,332.4289245605469,499.1456298828125,0.9968233108520508,344.5317077636719,609.1979370117188,0.994903564453125,274.9556579589844,563.6954345703125,0.9112597703933716,386.7798156738281,554.4413452148438,0.9970148801803589,741.1873779296875,492.67498779296875,0.6356812715530396,757.908203125,716.948486328125,0.9998418092727661,691.8291625976562,594.638916015625,0.9938389658927917,786.0748901367188,564.6277465820312,0.9968229532241821,285.4100036621094,699.0294799804688,0.4354240596294403,275.9829406738281,682.9652709960938,0.85451340675354,258.1659240722656,664.8344116210938,0.7806714773178101,164.2584991455078,580.5195922851562,0.9845430254936218,258.9429016113281,581.0888061523438,0.11241766810417175,200.7274627685547,674.99658203125,0.7417722940444946,192.8685302734375,496.0383605957031,0.9745956659317017,87.12543487548828,544.1463012695312,0.9491379261016846,113.82666015625,448.54034423828125,0.9992390871047974,103.71406555175781,326.4364013671875,0.9266045093536377,132.55047607421875,92.36453247070312,0.8408110737800598
1148,86.07527160644531,116.81511688232422,0.9986794590950012,998.8639526367188,78.46793365478516,0.9998483657836914,90.67767333984375,1029.8612060546875,0.9998618364334106,1023.7050170898438,1020.5431518554688,0.9994702935218811,331.3694763183594,498.811767578125,0.9921296238899231,344.5006408691406,609.8760986328125,0.9943600296974182,276.6064147949219,566.0442504882812,0.9670932292938232,387.18646240234375,556.6796875,0.9969584941864014,733.9503173828125,493.45111083984375,0.9020158648490906,756.1764526367188,715.0660400390625,0.9998912811279297,691.5364990234375,591.8609008789062,0.9928036332130432,787.0045776367188,565.9298095703125,0.9974701404571533,297.5789794921875,692.263671875,0.15416228771209717,277.595703125,684.1307373046875,0.9055280089378357,260.3971862792969,662.2274780273438,0.6942294836044312,163.7194366455078,580.255859375,0.9941100478172302,259.8917236328125,581.3351440429688,0.09123727679252625,200.37213134765625,671.7239990234375,0.8440741300582886,193.1648712158203,496.0314025878906,0.9434919953346252,86.20156860351562,547.0303955078125,0.961335301399231,110.97047424316406,451.9407653808594,0.9996531009674072,103.73426055908203,320.5293273925781,0.9398065209388733,89.36492156982422,182.15988159179688,0.08751076459884644
1149,86.30534362792969,119.00352478027344,0.9996428489685059,1000.7195434570312,76.11479187011719,0.9997461438179016,90.38578796386719,1031.1788330078125,0.9998334646224976,1023.0634765625,1020.5476684570312,0.9991865754127502,332.20977783203125,498.3120422363281,0.9940330386161804,342.4859924316406,609.4856567382812,0.9944756627082825,275.6996154785156,563.9468383789062,0.9730783700942993,387.54302978515625,556.60107421875,0.9966773986816406,728.6237182617188,493.4428405761719,0.8857058882713318,755.5993041992188,715.267333984375,0.999870777130127,692.2736206054688,589.8005981445312,0.9951596856117249,786.1158447265625,566.9208374023438,0.998729407787323,284.9521484375,697.185546875,0.08644137531518936,277.3503723144531,682.9229125976562,0.4134010374546051,259.6199035644531,660.3114013671875,0.5229740738868713,164.3717498779297,579.62939453125,0.9973248243331909,257.1728210449219,581.4737548828125,0.08328268676996231,198.34722900390625,670.5198974609375,0.8198213577270508,194.6267852783203,495.6509704589844,0.9360267519950867,83.990478515625,543.2142333984375,0.9756472110748291,109.60456848144531,457.6585388183594,0.9993558526039124,102.21075439453125,323.39263916015625,0.7765418887138367,131.93824768066406,197.6496124267578,0.0863783061504364
1150,87.61959075927734,117.62287902832031,0.9982703924179077,997.9723510742188,76.02291870117188,0.9994542002677917,89.4376220703125,1030.1488037109375,0.9998999834060669,1021.7192993164062,1022.3661499023438,0.9986568689346313,331.7322692871094,498.0901794433594,0.9948006868362427,341.85357666015625,609.1221313476562,0.9837448596954346,275.27484130859375,562.942138671875,0.9766082763671875,386.15185546875,557.098876953125,0.9956026077270508,721.3496704101562,498.307373046875,0.9862972497940063,756.7932739257812,716.2070922851562,0.9999054670333862,690.2781982421875,595.7359619140625,0.9980728626251221,784.6052856445312,567.7740478515625,0.9965498447418213,330.9034423828125,675.4135131835938,0.0714910626411438,279.2314147949219,684.8565673828125,0.45062121748924255,260.39337158203125,661.2377319335938,0.15401756763458252,162.64125061035156,584.097412109375,0.971863865852356,256.325927734375,581.1558227539062,0.03569221869111061,198.55799865722656,671.1414184570312,0.8356284499168396,192.05426025390625,493.6229553222656,0.9810091257095337,86.77188873291016,547.0467529296875,0.9606452584266663,109.40090942382812,453.376708984375,0.9994213581085205,103.0299072265625,319.7203674316406,0.5785250663757324,107.35692596435547,289.64306640625,0.08941210061311722
1151,86.04228210449219,116.8635025024414,0.9995949864387512,999.8754272460938,78.51385498046875,0.9997215867042542,89.95328521728516,1030.1007080078125,0.9998748302459717,1022.9542846679688,1020.2045288085938,0.9988723397254944,330.014404296875,498.1242980957031,0.9933032393455505,344.67401123046875,609.27001953125,0.9900692105293274,274.9078674316406,564.5453491210938,0.978150486946106,386.45904541015625,554.0136108398438,0.9951602816581726,723.0166015625,495.9172058105469,0.9815636873245239,755.975830078125,715.2123413085938,0.9998989105224609,690.06201171875,592.5140991210938,0.9930281043052673,785.784423828125,567.0232543945312,0.9974642992019653,332.57177734375,668.22021484375,0.34014904499053955,289.91070556640625,674.6139526367188,0.24891406297683716,257.79437255859375,660.4697875976562,0.10356062650680542,163.73040771484375,581.7201538085938,0.9942003488540649,255.16329956054688,582.8607788085938,0.030681483447551727,196.37554931640625,671.5263671875,0.9507390260696411,191.11207580566406,490.37896728515625,0.9579166173934937,82.7298583984375,546.9559326171875,0.9313713908195496,108.38388061523438,455.2110595703125,0.9992673993110657,101.68782806396484,334.2479553222656,0.950710654258728,421.50762939453125,494.4012451171875,0.2626309096813202
1152,86.7448959350586,118.41987609863281,0.9995796084403992,999.701416015625,78.94615936279297,0.9995513558387756,89.31485748291016,1029.5733642578125,0.9998818635940552,1021.98779296875,1020.7620849609375,0.9984240531921387,330.1964416503906,497.64837646484375,0.9964004755020142,344.4795837402344,609.607177734375,0.9874988198280334,273.930419921875,561.8787231445312,0.9730133414268494,386.2558898925781,554.7574462890625,0.995755672454834,720.5448608398438,496.08026123046875,0.9824529886245728,754.9935302734375,715.4483642578125,0.9999165534973145,689.219970703125,592.095703125,0.9930753707885742,785.7734985351562,566.1810913085938,0.9982028007507324,337.10882568359375,666.3060302734375,0.1429770141839981,279.225341796875,678.7216186523438,0.6852205395698547,256.93963623046875,661.7349243164062,0.24025733768939972,162.2065887451172,577.5346069335938,0.9947379231452942,255.15310668945312,583.7326049804688,0.1631123274564743,201.39260864257812,671.8361206054688,0.9196921586990356,192.6321258544922,490.8365478515625,0.9643194079399109,86.3954086303711,551.0857543945312,0.9704201817512512,108.10514068603516,455.4808349609375,0.9992326498031616,101.62161254882812,336.39007568359375,0.9688952565193176,422.4567565917969,492.74993896484375,0.3846632242202759
1153,85.33918762207031,116.12415313720703,0.9997745156288147,999.5066528320312,79.47681427001953,0.9997695088386536,89.6878890991211,1029.2703857421875,0.9999138116836548,1020.013427734375,1021.0031127929688,0.9990493655204773,330.63067626953125,498.1184387207031,0.9943968057632446,344.4837951660156,610.0401611328125,0.996291995048523,274.07958984375,563.2877197265625,0.9568449258804321,385.8162536621094,555.434814453125,0.996414303779602,725.046142578125,494.2401428222656,0.9874103665351868,756.4701538085938,715.2814331054688,0.999881386756897,688.9242553710938,591.7581787109375,0.9814863801002502,784.93505859375,566.1341552734375,0.9974662065505981,319.4759826660156,676.5536499023438,0.41403061151504517,283.4153137207031,681.6878662109375,0.5237260460853577,263.0089111328125,670.0357055664062,0.5151349902153015,160.1981658935547,581.6607055664062,0.9591607451438904,257.71136474609375,590.5974731445312,0.22864152491092682,198.8847198486328,674.6680297851562,0.9174365997314453,192.48580932617188,489.56195068359375,0.9491299390792847,85.98001861572266,546.2066650390625,0.9689513444900513,106.57315063476562,452.76043701171875,0.9993539452552795,101.81973266601562,327.6581115722656,0.8601417541503906,355.1767883300781,661.6651611328125,0.25240835547447205
1154,85.61331176757812,118.77874755859375,0.9998013377189636,999.9943237304688,79.59555053710938,0.9997790455818176,89.15328216552734,1029.76318359375,0.9998134970664978,1023.3211669921875,1021.1915893554688,0.9994574189186096,330.0950927734375,498.443603515625,0.9920788407325745,343.8470458984375,609.7266845703125,0.9945777654647827,274.90594482421875,563.4261474609375,0.974306583404541,386.9439392089844,556.475341796875,0.9971202611923218,721.9584350585938,495.5558776855469,0.990693986415863,755.0912475585938,714.8296508789062,0.9998496770858765,688.3097534179688,588.3070678710938,0.9975025057792664,786.10205078125,567.87353515625,0.9982882142066956,349.7244873046875,650.0441284179688,0.671898365020752,293.5998840332031,675.6571044921875,0.5828514695167542,266.72344970703125,669.6158447265625,0.5365712642669678,152.47665405273438,581.49560546875,0.9609307050704956,250.0941162109375,592.935302734375,0.9421155452728271,196.6354217529297,676.0154418945312,0.9958630800247192,191.48333740234375,497.547607421875,0.9895839095115662,83.3852767944336,543.9917602539062,0.9558338522911072,108.4189682006836,455.1960144042969,0.9987039566040039,101.90340423583984,333.3865966796875,0.9533483982086182,98.79910278320312,269.72686767578125,0.03123023919761181
1155,86.37110900878906,116.00016021728516,0.9996228218078613,1000.3052978515625,77.42208862304688,0.9997236132621765,89.39575958251953,1029.4853515625,0.999866247177124,1023.2382202148438,1020.9296875,0.9989977478981018,325.0766906738281,499.19525146484375,0.9954655766487122,344.5014953613281,607.569091796875,0.9967978596687317,275.3312072753906,571.380615234375,0.994717538356781,386.51397705078125,557.1637573242188,0.9943336248397827,721.9904174804688,495.8855895996094,0.9693374037742615,755.5836791992188,714.0169677734375,0.9998928308486938,691.33154296875,591.880859375,0.9941726326942444,786.8716430664062,566.7765502929688,0.9980223178863525,343.1380920410156,660.6224365234375,0.9962149262428284,299.4197692871094,678.072265625,0.6762164235115051,271.0924987792969,675.29931640625,0.4998260736465454,158.7274169921875,593.6458740234375,0.9630813598632812,255.14012145996094,598.35986328125,0.728663444519043,202.56443786621094,685.2947387695312,0.9811683893203735,192.09658813476562,500.782470703125,0.8908972144126892,82.44195556640625,550.5133666992188,0.9820445775985718,109.42024993896484,459.81829833984375,0.9947545528411865,101.84245300292969,334.4511413574219,0.948788046836853,97.9954605102539,266.851318359375,0.03659624606370926
1156,88.26097869873047,118.0932388305664,0.9995570778846741,1000.0093994140625,78.88756561279297,0.9995761513710022,90.08528137207031,1029.4173583984375,0.9998077750205994,1020.5136108398438,1020.89453125,0.9990611672401428,319.32745361328125,500.4483947753906,0.9848703742027283,349.248779296875,606.24951171875,0.9987220168113708,277.5393371582031,577.6751708984375,0.9972514510154724,386.0990295410156,552.0296020507812,0.9930590391159058,717.1572875976562,497.9305114746094,0.9901043772697449,756.4716186523438,715.4071044921875,0.9998834133148193,691.168212890625,591.9645385742188,0.9966378211975098,784.1923828125,569.4691162109375,0.9955121874809265,385.1795959472656,706.19921875,0.8923394083976746,341.87384033203125,703.7783813476562,0.9541650414466858,308.4807434082031,690.1224975585938,0.8404161334037781,172.00051879882812,597.7692260742188,0.9821521639823914,288.5307312011719,627.0408935546875,0.21483463048934937,226.40316772460938,696.1881103515625,0.7014055252075195,198.12428283691406,512.1004028320312,0.7978373765945435,92.32988739013672,563.0978393554688,0.8587518930435181,122.14089965820312,470.7942810058594,0.9978286623954773,101.7880630493164,342.33624267578125,0.6744294166564941,88.39381408691406,202.3988494873047,0.22395901381969452
1157,85.98434448242188,116.83401489257812,0.9998070597648621,1000.2435913085938,78.76832580566406,0.999671459197998,90.77674102783203,1030.5220947265625,0.9998044371604919,1022.9217529296875,1020.2247314453125,0.9994738698005676,322.2330017089844,500.2646484375,0.979674756526947,346.8385925292969,607.5667724609375,0.9987033605575562,277.71527099609375,582.8035888671875,0.9990134239196777,386.8130798339844,554.708251953125,0.995959460735321,723.2453002929688,493.7409973144531,0.9910691976547241,755.9312133789062,715.20458984375,0.9999126195907593,690.8759155273438,591.108642578125,0.9900717735290527,787.6416625976562,565.0108032226562,0.9969680905342102,424.3955078125,742.2837524414062,0.9889603853225708,379.786865234375,728.5040283203125,0.9956349730491638,355.9966125488281,718.673095703125,0.9130673408508301,230.11099243164062,647.4182739257812,0.7887136936187744,355.443115234375,681.1534423828125,0.4689599275588989,313.1510314941406,744.7896118164062,0.7549548149108887,210.105712890625,522.4913940429688,0.903676450252533,113.99017333984375,598.859375,0.9067038297653198,128.52647399902344,500.3087463378906,0.989871084690094,101.20138549804688,358.7257385253906,0.8598683476448059,85.93363952636719,270.5812683105469,0.3382602035999298
1158,87.0387954711914,117.70513916015625,0.9998735189437866,999.107421875,77.49067687988281,0.9997299313545227,89.96095275878906,1029.464111328125,0.9997124075889587,1023.6705322265625,1020.4644165039062,0.9996539354324341,327.69793701171875,499.0306396484375,0.9517226219177246,344.34381103515625,607.2703857421875,0.9993194341659546,277.5038757324219,575.2755126953125,0.9994083642959595,386.1395568847656,557.236083984375,0.9980581402778625,721.0811767578125,498.9235534667969,0.9833027720451355,755.6469116210938,714.5214233398438,0.9998719692230225,690.5512084960938,593.7307739257812,0.9966540336608887,786.688720703125,567.816650390625,0.995076596736908,473.8867492675781,774.5476684570312,0.9370830059051514,420.0443420410156,760.693359375,0.9977693557739258,401.6590576171875,753.164794921875,0.9694294929504395,288.60162353515625,680.3518676757812,0.7694476842880249,402.0210266113281,718.514892578125,0.9840365052223206,355.67840576171875,769.2639770507812,0.8657558560371399,236.9513702392578,534.0292358398438,0.7089735865592957,134.69357299804688,616.5308837890625,0.5441704988479614,150.76495361328125,520.000732421875,0.9954307079315186,82.68975830078125,277.29034423828125,0.9158555865287781,422.7803955078125,494.6184387207031,0.5279355645179749
1159,85.05223846435547,116.8296890258789,0.9999256134033203,998.26708984375,76.78316497802734,0.9997424483299255,88.24668884277344,1029.271240234375,0.9998785257339478,1022.4252319335938,1019.68603515625,0.9997010827064514,334.6995849609375,498.7622985839844,0.9861736297607422,340.52947998046875,607.5950927734375,0.9988920092582703,276.1110534667969,568.796142578125,0.9967503547668457,386.4189758300781,559.231689453125,0.9975250363349915,718.496337890625,495.9298095703125,0.9865002036094666,755.7512817382812,714.57275390625,0.9998637437820435,691.6962280273438,592.4205322265625,0.9941593408584595,785.7319946289062,564.2092895507812,0.9963177442550659,506.78631591796875,792.5574340820312,0.9989006519317627,459.31219482421875,770.7047119140625,0.969391405582428,441.8695068359375,765.8328247070312,0.9910160303115845,309.98480224609375,689.49951171875,0.9661828279495239,429.7732238769531,722.1566772460938,0.9945384860038757,376.7939453125,781.897705078125,0.9874570965766907,247.49874877929688,572.6305541992188,0.7825138568878174,156.77630615234375,638.3939208984375,0.9742463827133179,161.7537078857422,538.8360595703125,0.9844282865524292,129.0165252685547,427.9740295410156,0.9703062176704407,88.7542495727539,251.6708984375,0.7891964912414551
1160,87.37213134765625,117.46527099609375,0.9998795986175537,1000.5801391601562,75.9705810546875,0.9992886781692505,89.08129119873047,1029.508056640625,0.9997486472129822,1022.7107543945312,1020.8294067382812,0.9993571639060974,325.67999267578125,498.967041015625,0.9956989288330078,343.745849609375,606.9179077148438,0.9995260238647461,279.2235107421875,575.7439575195312,0.9983850717544556,386.5240478515625,556.0157470703125,0.9965716600418091,722.1864013671875,497.1777648925781,0.9874402284622192,755.3355102539062,715.5157470703125,0.9998335838317871,691.9036865234375,592.6834106445312,0.9964080452919006,787.28369140625,561.9228515625,0.9949996471405029,511.2821350097656,793.0554809570312,0.9700987935066223,480.396728515625,781.2272338867188,0.9835599660873413,449.29718017578125,767.6962890625,0.9546693563461304,335.6935729980469,701.01318359375,0.9957374334335327,450.68438720703125,723.196533203125,0.976432204246521,391.5185241699219,785.1588134765625,0.9811944365501404,275.8666076660156,599.3053588867188,0.3022439777851105,227.1819610595703,686.296630859375,0.16534258425235748,190.87721252441406,572.1491088867188,0.9956516623497009,125.43743133544922,458.07763671875,0.8930162787437439,84.65133666992188,350.9353942871094,0.923638105392456
1161,85.22631072998047,116.36370086669922,0.9999308586120605,1000.1959228515625,76.44438934326172,0.9988968372344971,89.8033676147461,1029.5572509765625,0.9994157552719116,1023.9304809570312,1020.7698364257812,0.9996840953826904,323.6229248046875,499.4450988769531,0.9963860511779785,347.7850341796875,607.394775390625,0.9990160465240479,281.8755798339844,579.347900390625,0.9985244870185852,387.52801513671875,552.5849609375,0.9961447715759277,721.4755859375,497.53436279296875,0.9696264863014221,755.85986328125,714.8206787109375,0.9998481273651123,691.3958129882812,591.8259887695312,0.9939363598823547,785.9719848632812,562.2699584960938,0.9964203834533691,548.5465087890625,790.958251953125,0.9829728603363037,497.2576599121094,780.4473266601562,0.9694275856018066,467.9155578613281,774.9521484375,0.7911756634712219,354.3662109375,706.4893798828125,0.998783528804779,475.3426513671875,716.0634155273438,0.22421744465827942,412.5608215332031,793.5064697265625,0.973432719707489,277.10601806640625,600.23388671875,0.26638999581336975,248.8865966796875,702.5043334960938,0.2077198475599289,196.58937072753906,588.83984375,0.9977333545684814,114.3714828491211,436.6506042480469,0.6530241370201111,57.45383071899414,330.0564880371094,0.17115215957164764
1162,86.80193328857422,114.48409271240234,0.9998080134391785,998.5166015625,78.81371307373047,0.999835729598999,89.15363311767578,1029.5205078125,0.99974125623703,1023.0640258789062,1019.6806640625,0.9995793700218201,327.7765808105469,498.5810546875,0.9981194138526917,348.9617919921875,605.913330078125,0.9985752105712891,282.214111328125,572.4031372070312,0.9940364360809326,386.7476806640625,552.3800048828125,0.9945933222770691,720.5184326171875,497.68060302734375,0.987932026386261,755.1336059570312,714.77587890625,0.9998778104782104,691.984130859375,592.3652954101562,0.9950003027915955,785.25927734375,567.3920288085938,0.9957152009010315,597.6600341796875,762.991455078125,0.29119256138801575,552.4157104492188,772.4258422851562,0.9498425722122192,508.87738037109375,775.5926513671875,0.6638122200965881,373.5882568359375,713.8212890625,0.9981449842453003,494.8857116699219,714.2247924804688,0.9172976613044739,455.3302001953125,796.0160522460938,0.9261728525161743,331.74981689453125,630.9527587890625,0.20060423016548157,260.9250793457031,727.8968505859375,0.9874109625816345,204.42474365234375,607.8139038085938,0.9925175905227661,142.27999877929688,502.1101989746094,0.7981411814689636,64.5391845703125,334.2647705078125,0.854288637638092
1163,86.9421615600586,115.51783752441406,0.9999096393585205,1000.3338623046875,76.2772445678711,0.999906063079834,89.61209106445312,1029.744140625,0.9997826218605042,1023.7646484375,1019.6905517578125,0.9995203018188477,327.4652099609375,499.0612487792969,0.9980973601341248,351.34381103515625,608.5645141601562,0.997273862361908,280.30914306640625,566.5513305664062,0.9955615997314453,386.67901611328125,553.6575317382812,0.9932218790054321,723.9319458007812,496.0120849609375,0.9770079851150513,754.2645874023438,715.4953002929688,0.9998210072517395,693.0060424804688,593.2797241210938,0.9957077503204346,784.266845703125,567.8079833984375,0.9971209168434143,634.3308715820312,724.7915649414062,0.02629234455525875,608.2066040039062,746.288330078125,0.2760048508644104,576.7974853515625,753.5294189453125,0.6882917881011963,391.6842956542969,717.9537963867188,0.9298052191734314,540.4884033203125,709.9179077148438,0.10722756385803223,586.6312866210938,775.517333984375,0.9450422525405884,493.4161071777344,790.26904296875,0.24705982208251953,290.2452697753906,735.2391357421875,0.9897420406341553,240.0431365966797,652.9815063476562,0.9947047829627991,174.92466735839844,554.41162109375,0.7977854013442993,121.73724365234375,365.5161437988281,0.7988506555557251
1164,86.09664154052734,118.19498443603516,0.9998375177383423,1000.8613891601562,76.76265716552734,0.9996292591094971,90.17318725585938,1028.8809814453125,0.9997327923774719,1022.6709594726562,1020.5221557617188,0.9994004964828491,325.42242431640625,499.1068115234375,0.99649977684021,346.2439270019531,609.5597534179688,0.9923624992370605,280.5459899902344,568.125,0.9990214109420776,386.84588623046875,555.1256713867188,0.9948877692222595,722.83740234375,496.87945556640625,0.984527587890625,753.354736328125,715.5606079101562,0.9996347427368164,693.0061645507812,594.8187255859375,0.9935507774353027,785.2399291992188,567.6600341796875,0.9961276650428772,685.5234375,707.5852661132812,0.9754334688186646,642.834228515625,728.2235107421875,0.9882558584213257,613.9623413085938,740.2986450195312,0.7763031721115112,452.8629455566406,737.8843994140625,0.9969822764396667,563.2799072265625,696.5245971679688,0.33847737312316895,611.616455078125,775.0171508789062,0.29284027218818665,383.9019775390625,660.6224365234375,0.9563572406768799,338.3612060546875,763.1080932617188,0.9915462136268616,273.5252685546875,679.7338256835938,0.9981716871261597,198.35342407226562,601.63232421875,0.8404662609100342,145.666748046875,417.3536071777344,0.507514476776123
1165,86.65577697753906,113.14326477050781,0.9998370409011841,1000.0747680664062,75.81665802001953,0.9997802376747131,90.67720794677734,1029.3619384765625,0.999786913394928,1022.7832641601562,1020.9404296875,0.9994644522666931,322.62481689453125,499.780029296875,0.9969672560691833,347.782470703125,609.45947265625,0.9949911236763,280.33221435546875,574.9890747070312,0.9974310994148254,386.6685791015625,552.94775390625,0.9912998080253601,722.0918579101562,497.48736572265625,0.9549025893211365,756.8931274414062,713.352294921875,0.999137282371521,691.7474365234375,591.992431640625,0.9929577112197876,782.7794799804688,569.065673828125,0.9922071099281311,707.1778564453125,692.0134887695312,0.9873543381690979,662.8140258789062,714.6760864257812,0.9946894645690918,636.5960083007812,728.8253173828125,0.9804043173789978,479.71697998046875,742.4304809570312,0.9929793477058411,581.5786743164062,693.5106201171875,0.49674344062805176,607.7235717773438,779.5338745117188,0.9957942962646484,427.3069763183594,683.9149169921875,0.6505383849143982,363.3863220214844,774.575927734375,0.9630566835403442,294.9791259765625,699.387451171875,0.9994045495986938,220.01597595214844,610.4240112304688,0.9220759272575378,165.87399291992188,422.8977966308594,0.784193217754364
1166,87.25287628173828,115.10971069335938,0.9998112320899963,999.5519409179688,77.5267333984375,0.999468982219696,90.17301940917969,1028.6383056640625,0.9998039603233337,1022.7322387695312,1021.443359375,0.9994975328445435,323.9122314453125,499.124755859375,0.9965876340866089,345.64202880859375,608.8379516601562,0.9949000477790833,279.5150146484375,574.3781127929688,0.994400680065155,387.82733154296875,555.2852172851562,0.9972742199897766,722.4754638671875,497.75341796875,0.9792649745941162,756.7942504882812,712.3282470703125,0.9993477463722229,689.1536254882812,589.4498291015625,0.997677743434906,784.2623291015625,565.1773681640625,0.994879961013794,716.05078125,692.4651489257812,0.9967818260192871,669.415283203125,712.1859130859375,0.9969263672828674,644.3745727539062,724.0096435546875,0.9750837087631226,502.419921875,739.121826171875,0.9766864776611328,599.0123901367188,693.57763671875,0.8125772476196289,614.2754516601562,777.36962890625,0.9982870221138,429.1034240722656,676.143310546875,0.9736523628234863,398.9679260253906,782.948486328125,0.9928461909294128,328.9183654785156,708.5941772460938,0.994085431098938,229.48193359375,616.0294189453125,0.7265836596488953,165.30316162109375,448.1192321777344,0.3686707317829132
1167,85.83073425292969,116.55827331542969,0.9999309778213501,999.0421752929688,76.78190612792969,0.9994561076164246,90.55889129638672,1028.6610107421875,0.9998587369918823,1022.3321533203125,1020.9756469726562,0.999357283115387,323.89117431640625,498.60430908203125,0.9965356588363647,346.7823181152344,608.2584228515625,0.9952850937843323,279.16680908203125,573.7683715820312,0.9937394857406616,386.9171447753906,555.1238403320312,0.9934256076812744,721.9481201171875,498.6890563964844,0.992968738079071,755.490478515625,712.4696655273438,0.9959652423858643,688.974365234375,590.2008056640625,0.9975899457931519,784.71142578125,565.3771362304688,0.9980034232139587,723.8175659179688,699.4725952148438,0.9966799020767212,677.015869140625,713.6181640625,0.9943177103996277,652.8334350585938,722.3627319335938,0.9745064377784729,508.7056884765625,735.8394775390625,0.9854840636253357,608.2406616210938,689.3626708984375,0.8379331231117249,617.263671875,776.056640625,0.9975236058235168,435.8688659667969,675.9335327148438,0.9793336987495422,413.4817810058594,780.076171875,0.9766675233840942,351.3548278808594,711.356689453125,0.9972399473190308,239.7136688232422,631.7561645507812,0.6604534387588501,152.68553161621094,470.61370849609375,0.7926802635192871
1168,86.54936218261719,115.71697998046875,0.9998216032981873,1000.4616088867188,76.80794525146484,0.999101996421814,89.60701751708984,1029.5252685546875,0.9997562766075134,1022.3798828125,1021.7000122070312,0.9996902942657471,327.7657775878906,498.64031982421875,0.9910382032394409,343.5151672363281,608.8359375,0.9967447519302368,279.532470703125,566.4954223632812,0.9922550916671753,387.47540283203125,556.9774780273438,0.9956804513931274,725.0361938476562,498.624267578125,0.9909189939498901,758.7015991210938,708.4298095703125,0.9860687255859375,687.8555908203125,591.4712524414062,0.9928131699562073,784.6527709960938,560.0443725585938,0.9934491515159607,730.5989379882812,698.6300048828125,0.9962121248245239,678.5032958984375,714.0514526367188,0.9934542179107666,655.6293334960938,722.80322265625,0.9841715693473816,522.1688232421875,732.0316772460938,0.9959577918052673,612.0740356445312,687.5731811523438,0.7462607622146606,623.7625122070312,773.97412109375,0.9984869956970215,457.7029113769531,665.0382080078125,0.8028525710105896,420.9341125488281,777.5245361328125,0.93034827709198,355.270263671875,706.4853515625,0.9962515234947205,240.39157104492188,634.8535766601562,0.9283226728439331,143.19651794433594,490.1401062011719,0.8377766609191895
1169,87.3113021850586,116.5459976196289,0.9998654127120972,1001.5225830078125,77.41595458984375,0.9992938041687012,89.28736877441406,1028.17138671875,0.9998726844787598,1022.3670654296875,1019.8526000976562,0.9996563196182251,331.3079833984375,497.993896484375,0.9932848215103149,340.4847106933594,610.0062866210938,0.9977205395698547,278.19976806640625,563.0037231445312,0.9753598570823669,387.6070861816406,557.6312866210938,0.994696855545044,721.9618530273438,499.7558898925781,0.9726637005805969,754.5745239257812,707.9273071289062,0.929336428642273,689.033447265625,590.6433715820312,0.997929573059082,785.0964965820312,562.0322875976562,0.9947277903556824,745.6429443359375,699.8853149414062,0.997995138168335,681.3604125976562,715.140869140625,0.998971700668335,655.5735473632812,721.8782348632812,0.9846616387367249,528.9613647460938,729.8162841796875,0.9976724982261658,610.8261108398438,679.1143188476562,0.7028782367706299,626.9041137695312,772.3573608398438,0.9990400671958923,459.5893859863281,662.0045776367188,0.8916098475456238,424.5719909667969,773.3587036132812,0.9822037220001221,368.4462890625,706.1689453125,0.9948511719703674,251.0394287109375,641.7344970703125,0.9488860368728638,120.99954986572266,467.3301086425781,0.2461135983467102
1170,87.5523910522461,116.99136352539062,0.9993715882301331,1001.6229858398438,81.32193756103516,0.9997460246086121,89.75563049316406,1030.1126708984375,0.9997811913490295,1022.9326782226562,1020.9618530273438,0.9994950294494629,337.2578125,497.8568115234375,0.9979769587516785,336.1898193359375,610.5828857421875,0.9985811710357666,277.2017517089844,554.6175537109375,0.9898717999458313,387.24658203125,559.0376586914062,0.9930312633514404,718.7394409179688,500.1505432128906,0.967040479183197,752.4141235351562,705.5363159179688,0.9927570223808289,690.974365234375,593.1633911132812,0.9988791346549988,785.1910400390625,565.5923461914062,0.9949570298194885,742.403076171875,708.410888671875,0.9990122318267822,686.2908935546875,721.837890625,0.9984627962112427,659.4877319335938,725.7340087890625,0.9045321941375732,531.3099365234375,726.6235961914062,0.9969193935394287,623.7604370117188,677.7129516601562,0.700406551361084,631.3699340820312,772.173583984375,0.9951410293579102,462.84075927734375,660.2750854492188,0.9248619675636292,431.6100769042969,772.5303955078125,0.9850174784660339,372.76629638671875,706.4511108398438,0.9872732162475586,264.477783203125,653.7009887695312,0.9056833982467651,186.52066040039062,587.760009765625,0.9789636135101318
1171,86.34711456298828,116.69524383544922,0.9998888969421387,1001.0758666992188,78.85437774658203,0.9992101192474365,90.02809143066406,1029.3197021484375,0.9998887777328491,1022.0618896484375,1021.150634765625,0.999645471572876,338.62078857421875,498.17803955078125,0.9977186918258667,337.9809875488281,609.9386596679688,0.9990352392196655,278.0397644042969,552.2992553710938,0.992405354976654,387.071044921875,558.8143920898438,0.9957310557365417,721.5076904296875,498.8463439941406,0.9956048727035522,752.6132202148438,709.3168334960938,0.9969310760498047,688.208251953125,594.5161743164062,0.9979044198989868,784.5101318359375,570.1200561523438,0.9957970380783081,730.2572021484375,702.7330932617188,0.9966328740119934,691.9569091796875,719.619140625,0.9897794127464294,662.05078125,731.5121459960938,0.9809871912002563,544.2046508789062,723.3485717773438,0.9940166473388672,625.571533203125,677.3373413085938,0.7300193309783936,635.5836791992188,774.1113891601562,0.9769526720046997,471.2171325683594,658.2686767578125,0.9509472250938416,443.5755920410156,771.017578125,0.9221712350845337,377.1432800292969,708.2520141601562,0.9952102303504944,273.7491149902344,672.2098388671875,0.861121654510498,192.88619995117188,609.1868896484375,0.6372653841972351
1172,85.80571746826172,114.45465087890625,0.9998282194137573,1002.2542114257812,78.63746643066406,0.9996343851089478,90.16770935058594,1028.4791259765625,0.9998739957809448,1022.5596313476562,1021.6196899414062,0.9996166229248047,335.5563659667969,498.15985107421875,0.9954087138175964,339.1299743652344,609.9116821289062,0.9991614818572998,278.126220703125,555.506103515625,0.98708176612854,386.89013671875,557.4547119140625,0.9976498484611511,722.2010498046875,499.01220703125,0.9952378273010254,753.8487548828125,714.92529296875,0.999117910861969,691.9552612304688,589.61865234375,0.9977854490280151,784.7010498046875,564.5621337890625,0.9989346861839294,710.596435546875,675.6970825195312,0.7688161134719849,674.2227783203125,705.7706909179688,0.8981888890266418,646.4459838867188,715.5191040039062,0.8976475596427917,541.9179077148438,720.4319458007812,0.9917675256729126,613.3577880859375,665.00830078125,0.7830870151519775,637.3333740234375,767.8202514648438,0.9873751401901245,472.4028625488281,656.3011474609375,0.9473546743392944,446.1185607910156,773.255859375,0.9736608266830444,375.7144775390625,708.552001953125,0.9977793097496033,256.42730712890625,668.8182983398438,0.6551032662391663,125.64111328125,558.0894165039062,0.9007778167724609
1173,86.2728042602539,116.40617370605469,0.999772846698761,1002.7617797851562,77.47954559326172,0.9993650317192078,89.83385467529297,1027.3204345703125,0.9998145699501038,1022.5264892578125,1021.1570434570312,0.9993727803230286,337.20208740234375,497.8797912597656,0.9968356490135193,338.63525390625,610.2399291992188,0.998873770236969,278.03875732421875,558.0248413085938,0.98659348487854,386.46502685546875,558.4414672851562,0.9948293566703796,721.6131591796875,499.5717468261719,0.9969305396080017,756.5938720703125,717.4403076171875,0.9996504783630371,691.4277954101562,592.1566772460938,0.998970627784729,782.5242919921875,569.4528198242188,0.9947355389595032,692.0484619140625,654.876220703125,0.9675241708755493,669.577392578125,674.7742309570312,0.9897602200508118,640.5281982421875,686.135009765625,0.9706018567085266,539.7850952148438,719.4214477539062,0.9961494207382202,597.510009765625,657.292236328125,0.9013346433639526,637.470458984375,756.9633178710938,0.9960930943489075,470.6771240234375,658.755859375,0.955727756023407,441.4342346191406,776.7239990234375,0.7823902368545532,374.2567443847656,710.61474609375,0.9973249435424805,258.6751708984375,676.8092041015625,0.9397034049034119,106.55416870117188,548.42333984375,0.8406476974487305
1174,86.07125854492188,116.0431900024414,0.999925971031189,999.6080322265625,77.1844711303711,0.9993584752082825,88.94444274902344,1028.02880859375,0.9998929500579834,1021.7461547851562,1020.925048828125,0.9995785355567932,336.27557373046875,497.607177734375,0.9954600930213928,339.9071960449219,611.5653686523438,0.9995439648628235,279.074462890625,560.4544677734375,0.9897035956382751,386.6808776855469,560.2011108398438,0.9973983764648438,720.9923095703125,500.1006774902344,0.9888015985488892,757.081787109375,717.0148315429688,0.999739944934845,690.8114624023438,586.8804321289062,0.9970877766609192,782.8078002929688,567.8591918945312,0.9954493641853333,687.4273071289062,632.2593994140625,0.9983726143836975,663.333740234375,661.9580688476562,0.9836091995239258,641.8558959960938,676.6029052734375,0.9762118458747864,533.5440673828125,717.305419921875,0.9975159168243408,591.5662231445312,651.3314819335938,0.8578475117683411,642.5228271484375,743.6288452148438,0.9906685948371887,466.9134826660156,659.6004028320312,0.9745116233825684,440.20880126953125,777.2678833007812,0.9434404969215393,376.1827392578125,715.0812377929688,0.9968730807304382,236.14918518066406,671.7354736328125,0.9489439129829407,90.67882537841797,542.0186157226562,0.9701727032661438
1175,87.1627426147461,116.56388854980469,0.9998719692230225,1003.2689819335938,77.28699493408203,0.9992750287055969,89.49004364013672,1028.8818359375,0.9998968839645386,1023.0223999023438,1021.274658203125,0.9993576407432556,338.3327941894531,498.3041687011719,0.9973880648612976,335.90869140625,610.6844482421875,0.998562753200531,277.8613586425781,553.9354248046875,0.9933322072029114,386.2145080566406,559.8795166015625,0.996576726436615,719.7142333984375,498.5080261230469,0.9929152727127075,756.3915405273438,716.1256713867188,0.9998323917388916,689.5872192382812,585.22998046875,0.9736335873603821,783.4439086914062,564.3096923828125,0.9961578249931335,683.7034301757812,624.5391845703125,0.9972350001335144,664.33349609375,650.9597778320312,0.9903675317764282,642.5015258789062,667.1129150390625,0.9668993353843689,532.1568603515625,717.569580078125,0.9978981018066406,584.1924438476562,645.619384765625,0.9108951091766357,640.8978271484375,736.6766357421875,0.9863583445549011,462.0323181152344,662.2802124023438,0.9775959253311157,443.5269470214844,780.3264770507812,0.9741748571395874,379.7019348144531,718.4916381835938,0.9949657320976257,240.84295654296875,677.2882690429688,0.9401448369026184,111.48877716064453,558.42578125,0.9844794869422913
1176,86.99165344238281,117.26408386230469,0.9997153878211975,1002.2090454101562,77.35747528076172,0.9994007349014282,90.22088623046875,1028.7813720703125,0.9999274015426636,1020.798583984375,1021.1629638671875,0.9990485310554504,337.16015625,498.0078125,0.9974139928817749,338.5382995605469,610.1323852539062,0.999207079410553,278.1494140625,556.2316284179688,0.9902633428573608,385.7744140625,559.2412719726562,0.9974364638328552,724.581787109375,497.6643371582031,0.9917323589324951,757.328857421875,716.7611083984375,0.9996981620788574,689.2985229492188,585.8364868164062,0.9880190491676331,785.255615234375,566.2827758789062,0.9967621564865112,686.0797729492188,626.1787109375,0.997735857963562,660.3956298828125,651.9678955078125,0.9843578338623047,641.7620239257812,666.548828125,0.9751689434051514,529.6004638671875,717.8238525390625,0.9975748658180237,589.5489501953125,645.075927734375,0.9548144340515137,635.2581787109375,739.5271606445312,0.9929181933403015,457.62591552734375,661.940673828125,0.9722735285758972,443.0038146972656,781.9144897460938,0.9515212178230286,376.3154296875,716.9764404296875,0.9958611130714417,231.0361328125,674.7879028320312,0.9607949256896973,106.36122131347656,558.7633056640625,0.993333637714386
1177,86.713134765625,116.8591537475586,0.999925971031189,1000.17138671875,77.0710678100586,0.9991639852523804,90.00492095947266,1029.286865234375,0.9998760223388672,1019.011474609375,1021.499755859375,0.9995213747024536,335.5001220703125,497.7121887207031,0.9930943250656128,339.3084716796875,611.0028076171875,0.9995346069335938,278.13641357421875,558.0189819335938,0.9937455654144287,386.9244384765625,557.135009765625,0.9977384805679321,722.7025756835938,498.93695068359375,0.9889285564422607,757.6171875,715.6689453125,0.9997137188911438,687.6873168945312,585.49365234375,0.9875069856643677,784.8756103515625,567.6710815429688,0.9935717582702637,694.0794677734375,631.98193359375,0.9870319366455078,660.1249389648438,653.6651611328125,0.9980760812759399,638.9111938476562,667.7355346679688,0.9896577000617981,528.0219116210938,716.482421875,0.9949988126754761,584.8233642578125,643.9055786132812,0.9687476754188538,636.2396240234375,737.7199096679688,0.9866477251052856,454.1719055175781,664.9556274414062,0.9847341179847717,444.1328430175781,781.8095092773438,0.9276397228240967,369.63043212890625,714.6920166015625,0.9981366395950317,222.50772094726562,672.3146362304688,0.9217184782028198,109.01788330078125,565.1439819335938,0.9915174245834351
1178,87.1035385131836,117.24163055419922,0.999879002571106,1000.9840087890625,82.009033203125,0.9996165037155151,91.15727233886719,1028.9566650390625,0.9998472929000854,1022.8449096679688,1020.891845703125,0.9995973706245422,335.88360595703125,497.8645935058594,0.9970908164978027,338.6886901855469,610.5159912109375,0.9996455907821655,277.7085266113281,557.8805541992188,0.9934113621711731,387.5516662597656,558.4423217773438,0.9953290224075317,720.3154907226562,498.8538818359375,0.994122326374054,758.4799194335938,715.8505249023438,0.9995531439781189,688.0379028320312,585.981201171875,0.9840199947357178,785.5001220703125,568.6812744140625,0.9952444434165955,694.5960083007812,632.8585205078125,0.9917638301849365,659.8265991210938,655.5823364257812,0.9927807450294495,638.9939575195312,665.5448608398438,0.9803369641304016,527.6643676757812,713.5487670898438,0.9899723529815674,584.1616821289062,642.39013671875,0.972791314125061,631.609619140625,737.3024291992188,0.9987680315971375,451.0438537597656,665.2634887695312,0.9836385250091553,442.352294921875,781.1792602539062,0.9704758524894714,370.03106689453125,715.7915649414062,0.9972755312919617,216.20143127441406,669.1626586914062,0.9022759199142456,110.14906311035156,569.2091064453125,0.9798382520675659
1179,85.7587890625,118.86190795898438,0.9998714923858643,1001.4462890625,79.2270736694336,0.9990741014480591,90.73628234863281,1029.507080078125,0.9998995065689087,1023.3277587890625,1019.980224609375,0.9996684789657593,335.39324951171875,497.91259765625,0.99712735414505,339.74072265625,611.072021484375,0.9997908473014832,277.910888671875,557.3169555664062,0.9917876124382019,387.0815124511719,557.9141235351562,0.9938606023788452,723.0827026367188,497.35650634765625,0.9976783394813538,757.4295654296875,715.0411987304688,0.9997887015342712,692.377685546875,586.4230346679688,0.989648699760437,786.2366943359375,564.9407348632812,0.9976394176483154,696.16162109375,627.6920776367188,0.9906359314918518,661.2125854492188,651.8270874023438,0.9959571957588196,638.7177734375,665.4512939453125,0.958119809627533,528.8795776367188,714.0354614257812,0.9953005313873291,585.5487060546875,641.8936767578125,0.9648246169090271,631.6016845703125,739.1022338867188,0.9962330460548401,454.49029541015625,662.7478637695312,0.9883253574371338,443.35308837890625,780.8739624023438,0.9801973104476929,373.56805419921875,716.7314453125,0.995406985282898,221.0875701904297,670.6858520507812,0.9101851582527161,104.42891693115234,556.5715942382812,0.9758871793746948
1180,85.92754364013672,116.95295715332031,0.999916672706604,1000.2820434570312,76.70197296142578,0.9995918869972229,88.96990203857422,1029.7412109375,0.9998388290405273,1023.0545654296875,1021.1541137695312,0.9997171759605408,335.4377136230469,498.0093078613281,0.9982498288154602,339.4496765136719,611.6458129882812,0.9995761513710022,277.26373291015625,558.0361938476562,0.9924160242080688,387.645263671875,557.3257446289062,0.9950892329216003,717.5258178710938,496.3122253417969,0.994786262512207,758.6358032226562,716.1678466796875,0.9997361302375793,691.2598266601562,588.836669921875,0.9954211115837097,784.13232421875,561.2496337890625,0.998835027217865,695.6217651367188,636.483154296875,0.9956617951393127,657.6900024414062,654.9478149414062,0.9986972212791443,635.9622192382812,667.6929321289062,0.9884724020957947,525.335693359375,713.2918090820312,0.9885795712471008,585.0888671875,642.5167846679688,0.9746458530426025,629.4620971679688,738.6234130859375,0.9993818998336792,452.3469543457031,662.6060180664062,0.9768708944320679,448.9053955078125,781.7434692382812,0.9757605791091919,372.7140197753906,717.0224609375,0.9982500672340393,218.88771057128906,671.1472778320312,0.9637320637702942,102.7841567993164,556.5403442382812,0.9974520802497864
1181,87.17573547363281,116.11517333984375,0.9997459053993225,999.2928466796875,76.77770233154297,0.9998176693916321,89.8292465209961,1030.0369873046875,0.9996845722198486,1023.3434448242188,1020.8258056640625,0.9992451667785645,335.91168212890625,497.8593444824219,0.9988297820091248,339.8454895019531,612.1843872070312,0.999554455280304,277.7459716796875,558.6607666015625,0.991979718208313,388.4836730957031,557.3840942382812,0.995871365070343,718.2199096679688,497.1250305175781,0.990484356880188,759.1732177734375,717.2366943359375,0.999620795249939,691.3681030273438,592.9069213867188,0.9991586208343506,782.9631958007812,563.8464965820312,0.9974440336227417,700.5250244140625,639.42529296875,0.9867112040519714,662.2307739257812,659.0158081054688,0.9959089756011963,636.4208374023438,671.8543701171875,0.9732729196548462,526.2650146484375,714.5327758789062,0.993058443069458,590.2767944335938,642.0731201171875,0.9688717722892761,628.97265625,743.1104736328125,0.999150276184082,453.5995178222656,662.9677734375,0.9889454245567322,443.17694091796875,780.998291015625,0.945786714553833,376.4794921875,717.2050170898438,0.9983308911323547,217.93429565429688,670.9098510742188,0.9740573167800903,108.31287384033203,563.113037109375,0.9952812790870667
1182,86.48084259033203,116.15032196044922,0.9999116659164429,1000.4521484375,78.42778015136719,0.9991232752799988,89.42646789550781,1029.8238525390625,0.999805748462677,1023.6635131835938,1021.9356689453125,0.9993367791175842,337.48089599609375,497.9758605957031,0.9992434978485107,337.5287170410156,610.8338623046875,0.9990707635879517,277.70745849609375,555.090087890625,0.9942534565925598,387.70806884765625,558.5372314453125,0.9936953186988831,716.1261596679688,497.1031799316406,0.9958738684654236,756.4882202148438,715.7151489257812,0.9997478127479553,690.63916015625,587.6534423828125,0.9961689114570618,783.173095703125,564.4227294921875,0.9978851675987244,694.5370483398438,632.7708129882812,0.9922623634338379,660.9038696289062,658.8611450195312,0.9990394711494446,634.385009765625,676.0411987304688,0.9839989542961121,521.6621704101562,715.5382080078125,0.9778332114219666,584.8849487304688,642.5390014648438,0.9466781616210938,631.4848022460938,739.7950439453125,0.9990517497062683,454.3069152832031,665.0888061523438,0.9711049795150757,439.36566162109375,778.1693725585938,0.9496317505836487,375.05096435546875,714.0087280273438,0.9975453019142151,233.68389892578125,675.0430908203125,0.960281252861023,109.8095474243164,563.0897216796875,0.9985442161560059
1183,87.2126693725586,115.98690032958984,0.9997326731681824,998.6762084960938,78.59837341308594,0.9997355341911316,89.50289916992188,1030.2696533203125,0.9997424483299255,1021.4589233398438,1020.1725463867188,0.9994829893112183,335.7236022949219,498.2353210449219,0.9984190464019775,339.0116271972656,611.5338745117188,0.9994627833366394,277.2097473144531,558.8848266601562,0.9967986345291138,387.8682556152344,557.8886108398438,0.9902127385139465,717.4515991210938,498.02392578125,0.9947007894515991,756.507568359375,714.59228515625,0.9997618794441223,692.2332763671875,587.7799682617188,0.9980581402778625,783.0768432617188,563.1588134765625,0.997010350227356,687.196044921875,626.0624389648438,0.9978218078613281,659.6420288085938,653.9934692382812,0.9945460557937622,636.3612060546875,670.2261962890625,0.9893832802772522,522.5631103515625,713.467529296875,0.9852471351623535,585.2155151367188,641.1593017578125,0.947440505027771,628.655517578125,740.231689453125,0.9994317889213562,450.3401794433594,664.0183715820312,0.9837626218795776,439.8203125,779.9835205078125,0.9481990337371826,369.7901916503906,713.7567749023438,0.9974206686019897,230.6959228515625,670.6470336914062,0.9208394289016724,130.8206787109375,518.6797485351562,0.8765917420387268
1184,86.20634460449219,117.94157409667969,0.9998431205749512,1000.4880981445312,78.23419952392578,0.9997294545173645,89.53810119628906,1029.41357421875,0.9997677206993103,1024.6939697265625,1021.3292236328125,0.9994263648986816,336.0359802246094,498.370361328125,0.9985003471374512,338.95806884765625,611.8423461914062,0.9993116855621338,277.755615234375,557.9811401367188,0.993386447429657,387.2458801269531,559.0881958007812,0.9924556016921997,718.29736328125,497.6338806152344,0.986247718334198,756.0169067382812,715.698486328125,0.9998455047607422,690.494140625,590.2656860351562,0.9771267771720886,783.2794799804688,560.4341430664062,0.9945085644721985,657.255615234375,592.5523681640625,0.8832464814186096,653.33154296875,617.057861328125,0.6055494546890259,637.1583862304688,639.1950073242188,0.7604279518127441,523.7881469726562,707.3499145507812,0.992199718952179,585.4938354492188,631.4033203125,0.8337778449058533,629.02587890625,727.1017456054688,0.9993719458580017,449.0705871582031,660.7197875976562,0.9891794919967651,437.5772705078125,777.8558349609375,0.983324408531189,371.55029296875,713.468505859375,0.9984807372093201,231.1764678955078,670.5919799804688,0.8650162816047668,48.338565826416016,463.9257507324219,0.6857385039329529
1185,85.81439971923828,116.41001892089844,0.9997403025627136,999.5258178710938,79.81208038330078,0.9997610449790955,90.5235366821289,1030.1005859375,0.9998756647109985,1024.772705078125,1021.2626953125,0.9996757507324219,335.9966735839844,498.3638610839844,0.9981957077980042,337.93017578125,611.1744995117188,0.9992830157279968,277.34613037109375,557.30810546875,0.9961684346199036,386.7908630371094,558.4223022460938,0.9929165840148926,720.2354736328125,498.15203857421875,0.9939945340156555,757.6027221679688,716.6547241210938,0.9997867941856384,693.0870971679688,595.4598388671875,0.8766712546348572,783.6624145507812,566.5698852539062,0.9975764155387878,659.665771484375,564.0206909179688,0.9994935989379883,632.4103393554688,599.2532958984375,0.9966848492622375,613.7139892578125,620.92919921875,0.8906827569007874,520.0902709960938,698.8544311523438,0.9993153810501099,559.684326171875,622.5027465820312,0.7955703139305115,627.8983764648438,711.5404663085938,0.8368755578994751,442.35211181640625,663.0148315429688,0.9870920181274414,439.67877197265625,777.604736328125,0.9125441908836365,365.6679382324219,710.6215209960938,0.9964625239372253,242.72512817382812,674.7844848632812,0.6829532980918884,40.96293258666992,464.4911193847656,0.264519065618515
1186,86.8175277709961,116.82695007324219,0.9998043179512024,998.968505859375,76.41416931152344,0.999670147895813,90.00129699707031,1029.8841552734375,0.9998959302902222,1023.5353393554688,1021.9806518554688,0.9996769428253174,334.8087463378906,498.9189147949219,0.9976062774658203,340.2182922363281,611.0974731445312,0.9998237490653992,278.7545166015625,560.714599609375,0.9931163787841797,385.8956604003906,558.4931640625,0.9969215989112854,716.964599609375,497.9205627441406,0.9515936374664307,755.9553833007812,716.2816772460938,0.9997071623802185,684.3854370117188,592.3972778320312,0.9821799993515015,785.6514282226562,564.762451171875,0.9982072114944458,649.2125244140625,553.5280151367188,0.9977971315383911,621.2688598632812,585.7251586914062,0.9634131789207458,607.886962890625,602.5963745117188,0.9022981524467468,520.3915405273438,687.1837158203125,0.9991348385810852,541.0316772460938,609.8997192382812,0.5300341844558716,629.5928955078125,691.2002563476562,0.94646155834198,438.8551940917969,662.3064575195312,0.9907765984535217,436.893310546875,768.9226684570312,0.9139671325683594,357.57781982421875,707.1641235351562,0.9980213642120361,186.43862915039062,638.5475463867188,0.6865946054458618,43.201820373535156,468.3598937988281,0.8529564142227173
1187,86.73578643798828,116.42205047607422,0.9998688697814941,999.7405395507812,78.36552429199219,0.9996716976165771,90.14344024658203,1028.779541015625,0.9998905658721924,1023.9163818359375,1022.0884399414062,0.9993929862976074,337.3865051269531,498.6366271972656,0.9990666508674622,335.770263671875,611.2546997070312,0.9993840456008911,278.50238037109375,554.6595458984375,0.9969865679740906,387.07293701171875,560.7293701171875,0.9929179549217224,723.0256958007812,496.181884765625,0.9801637530326843,756.5845947265625,717.3861694335938,0.9996212720870972,691.7227172851562,591.1814575195312,0.9941972494125366,786.8861694335938,565.1351928710938,0.9991288781166077,657.1838989257812,534.4539184570312,0.7238803505897522,615.0330200195312,568.6375122070312,0.36038723587989807,602.5416870117188,580.7604370117188,0.16267183423042297,526.4569091796875,674.35595703125,0.9944486618041992,454.3788146972656,769.5374755859375,0.3734852075576782,633.709228515625,663.01904296875,0.958634614944458,436.4329528808594,664.3310546875,0.9787698984146118,445.5303649902344,766.1044311523438,0.2929108738899231,359.3199157714844,703.8707275390625,0.9964174032211304,242.92361450195312,671.7640380859375,0.7006022334098816,88.33582305908203,540.5204467773438,0.789958655834198
1188,86.392333984375,116.72181701660156,0.9998939037322998,998.759521484375,75.92076110839844,0.9998900890350342,89.61798858642578,1029.361328125,0.9998099207878113,1023.8251342773438,1021.4287109375,0.9994695782661438,337.71685791015625,498.32232666015625,0.9987678527832031,334.8963928222656,610.6522216796875,0.9988700747489929,277.9636535644531,553.9844360351562,0.9974808096885681,387.0674743652344,558.06884765625,0.9928556084632874,727.6754760742188,495.3887634277344,0.979263961315155,756.3515625,717.3751220703125,0.999422550201416,694.2766723632812,595.7726440429688,0.993436872959137,787.31884765625,566.9951782226562,0.9955522418022156,654.2677001953125,511.6713562011719,0.9562458992004395,618.0780029296875,554.1370849609375,0.8602181077003479,607.2854614257812,568.1910400390625,0.6616665124893188,528.0703125,671.0111083984375,0.9903509020805359,559.19140625,582.0421752929688,0.6021941304206848,633.5947875976562,639.2487182617188,0.9953600764274597,436.53302001953125,664.2111206054688,0.9185703992843628,454.103271484375,761.8544311523438,0.4115476608276367,368.5108947753906,709.78076171875,0.998268723487854,241.48606872558594,670.7177734375,0.8948802351951599,151.3709716796875,594.1464233398438,0.4869135022163391
1189,87.11163330078125,116.78491973876953,0.9998112320899963,998.7838134765625,80.88331604003906,0.999890923500061,89.67798614501953,1027.5372314453125,0.9998522996902466,1023.1305541992188,1020.7075805664062,0.9997043013572693,339.6254577636719,498.19598388671875,0.9986635446548462,334.5722961425781,611.0789794921875,0.9992334842681885,278.364990234375,550.4984130859375,0.99854576587677,386.75103759765625,560.3654174804688,0.9962897300720215,718.2103271484375,498.9151916503906,0.9752990007400513,755.3155517578125,717.5853881835938,0.9987844824790955,697.4898071289062,598.37255859375,0.9884308576583862,784.3678588867188,564.3515625,0.9981718063354492,658.3650512695312,505.42108154296875,0.9780904054641724,615.2245483398438,542.145751953125,0.9538544416427612,597.8219604492188,559.8564453125,0.9539592266082764,534.473388671875,659.4113159179688,0.9948038458824158,545.8140258789062,577.0145263671875,0.9499053955078125,632.7327270507812,624.0164794921875,0.9959942102432251,449.2959289550781,655.325439453125,0.9392492771148682,543.5628051757812,575.4269409179688,0.2182844877243042,388.3244934082031,715.7885131835938,0.989163875579834,256.9775695800781,677.2067260742188,0.9118323922157288,162.47218322753906,619.0680541992188,0.43240970373153687
1190,86.7041244506836,115.55656433105469,0.9999247789382935,999.2139282226562,78.32906341552734,0.9998582601547241,90.91715240478516,1027.5333251953125,0.999911904335022,1023.0271606445312,1020.4356689453125,0.9995887875556946,340.3161926269531,498.2665710449219,0.9984424710273743,333.07122802734375,611.6082153320312,0.9992904663085938,278.05419921875,551.1755981445312,0.9972744584083557,386.9497985839844,560.287841796875,0.9946211576461792,720.7078857421875,498.1974182128906,0.9962128400802612,756.1639404296875,717.1488037109375,0.9995774626731873,697.8212890625,599.2127075195312,0.9897997379302979,783.6197509765625,562.9268798828125,0.9980953335762024,671.3377685546875,498.89581298828125,0.9692868590354919,624.3060302734375,533.029541015625,0.969946563243866,603.6986083984375,548.901611328125,0.9827112555503845,542.7354736328125,659.5588989257812,0.9449846744537354,545.4330444335938,569.9033203125,0.6895577311515808,636.9439697265625,619.504150390625,0.9983258843421936,447.623291015625,664.6588745117188,0.46230843663215637,545.1323852539062,564.8712768554688,0.5471822619438171,394.59014892578125,730.78759765625,0.9841707348823547,227.79403686523438,665.7797241210938,0.08931560814380646,283.19647216796875,698.0205688476562,0.908430814743042
1191,86.2135009765625,115.72403717041016,0.9999115467071533,999.9710083007812,78.10710906982422,0.9995934367179871,89.67449951171875,1030.123291015625,0.9998773336410522,1023.2512817382812,1020.0060424804688,0.9995042085647583,338.8569641113281,498.04254150390625,0.9984935522079468,333.3967590332031,611.2666015625,0.9987640380859375,277.9111633300781,552.1329956054688,0.9966551065444946,387.5477600097656,559.5440673828125,0.9945173859596252,726.5479736328125,497.9267272949219,0.9933644533157349,757.843994140625,716.89501953125,0.9995238780975342,697.3292846679688,595.3448486328125,0.9527477025985718,786.2327270507812,567.5413818359375,0.997421383857727,650.8759765625,505.982177734375,0.6145095229148865,628.3275756835938,534.3726196289062,0.9920958876609802,609.5082397460938,550.3980712890625,0.9969930648803711,555.0117797851562,651.9593505859375,0.936132550239563,551.9585571289062,571.0740356445312,0.8969390392303467,641.042236328125,616.3829345703125,0.9968845248222351,460.91552734375,667.1741333007812,0.3407549262046814,551.5478515625,569.2191162109375,0.47463253140449524,394.46990966796875,752.2728271484375,0.8066850900650024,324.9722900390625,729.8389282226562,0.49537384510040283,421.3304748535156,495.5603332519531,0.34258049726486206
1192,86.92555236816406,114.76324462890625,0.9994599223136902,999.9552001953125,76.39252471923828,0.9997618794441223,90.20333099365234,1028.3480224609375,0.9997939467430115,1022.040771484375,1021.2783203125,0.9994226694107056,337.9808044433594,498.2483825683594,0.9980224370956421,333.22027587890625,610.236328125,0.9993212223052979,278.1488342285156,552.1976318359375,0.996977686882019,386.5299072265625,559.6989135742188,0.9947315454483032,716.2750854492188,498.7335510253906,0.9976735711097717,757.4931640625,717.0054321289062,0.9995183944702148,687.706787109375,591.8153076171875,0.961139440536499,787.2866821289062,567.8002319335938,0.9974907636642456,650.517578125,472.0443420410156,0.9996432065963745,630.114501953125,525.7040405273438,0.9947282671928406,616.518310546875,551.2584228515625,0.9869197010993958,559.87744140625,657.1483154296875,0.9955718517303467,556.866455078125,570.3587646484375,0.9622411131858826,644.412353515625,608.19384765625,0.9863120913505554,467.4730529785156,675.2528686523438,0.7625645399093628,555.96337890625,568.4093627929688,0.2662927806377411,435.4527587890625,754.8447875976562,0.5648966431617737,330.6307373046875,752.7214965820312,0.9385680556297302,270.9340515136719,738.0626831054688,0.9340431690216064
1193,87.84895324707031,114.93653106689453,0.9997556805610657,1001.3002319335938,77.0245590209961,0.9992675185203552,89.64462280273438,1027.50634765625,0.9998719692230225,1023.833251953125,1020.0281372070312,0.9996492862701416,338.63861083984375,498.24725341796875,0.9979560375213623,332.419677734375,610.2998657226562,0.9995076656341553,278.2161560058594,551.2669677734375,0.9977721571922302,386.6003112792969,559.50634765625,0.9962977766990662,714.82958984375,498.4481201171875,0.9968260526657104,757.1476440429688,716.5015869140625,0.9996461868286133,688.6453247070312,590.0734252929688,0.9791727066040039,785.3443603515625,567.4795532226562,0.997101366519928,640.4277954101562,463.86370849609375,0.9982585310935974,624.4049682617188,524.5846557617188,0.9870992302894592,613.1729736328125,551.3323364257812,0.9878261685371399,561.9900512695312,657.5802612304688,0.9888024926185608,556.8479614257812,573.1487426757812,0.9990280866622925,647.351318359375,604.5658569335938,0.9983772039413452,476.9753112792969,659.656982421875,0.7128502130508423,572.1233520507812,739.853271484375,0.12124326080083847,442.1556701660156,746.4345703125,0.8319715857505798,330.1711730957031,758.7578735351562,0.8604073524475098,257.588623046875,744.3717041015625,0.9952876567840576
1194,86.90008544921875,117.85144805908203,0.9998266100883484,1000.8471069335938,78.13737487792969,0.9997332692146301,89.05709838867188,1029.73291015625,0.9998407363891602,1022.88623046875,1020.2474975585938,0.9995105266571045,337.4541320800781,498.3888854980469,0.9981300234794617,333.4920349121094,611.1806640625,0.9992353916168213,277.6689758300781,552.1673583984375,0.997424840927124,387.31353759765625,559.4271850585938,0.9948967099189758,719.5924682617188,497.812744140625,0.9967855215072632,756.171630859375,716.6836547851562,0.9997610449790955,692.1205444335938,591.83349609375,0.9865322709083557,785.1083374023438,564.6946411132812,0.997731626033783,620.0928344726562,432.2001953125,0.9981599450111389,613.9451904296875,448.6585388183594,0.8610357642173767,605.9755859375,520.0968627929688,0.7195651531219482,559.039306640625,645.6043090820312,0.9647151231765747,547.5288696289062,554.235595703125,0.9761949181556702,634.8822021484375,582.8526000976562,0.9930578470230103,472.64117431640625,664.423583984375,0.6813673377037048,592.5816650390625,719.962158203125,0.5710529685020447,476.0542297363281,746.0021362304688,0.8527417182922363,348.89202880859375,758.7152709960938,0.459507554769516,229.09788513183594,744.1509399414062,0.6982005834579468
1195,87.64599609375,118.08283233642578,0.999790370464325,999.3186645507812,80.42123413085938,0.9998276233673096,90.0259780883789,1029.4920654296875,0.9998748302459717,1023.9561767578125,1020.137939453125,0.9996984004974365,338.2083435058594,498.4678039550781,0.9983184337615967,333.2961730957031,610.46875,0.9993917942047119,277.8248291015625,552.0360107421875,0.9972032308578491,386.6079406738281,559.836181640625,0.9973645806312561,720.4605102539062,498.9942626953125,0.9897047877311707,754.7515869140625,717.0648803710938,0.9996446371078491,692.985595703125,593.594970703125,0.9891336560249329,786.2762451171875,563.540771484375,0.9971675276756287,590.4952392578125,409.3132629394531,0.9979255199432373,586.5971069335938,422.9430236816406,0.993202805519104,586.2039184570312,447.274658203125,0.992381751537323,553.7167358398438,613.39794921875,0.9889225959777832,521.6884155273438,537.6589965820312,0.7854279279708862,619.212646484375,551.5761108398438,0.9689565896987915,475.93548583984375,645.0753784179688,0.7155824303627014,574.1200561523438,694.0114135742188,0.6332401037216187,475.0069274902344,715.0840454101562,0.9484427571296692,391.4202575683594,740.8646850585938,0.6561861634254456,207.85379028320312,775.2877197265625,0.6284880042076111
1196,87.0252914428711,119.13973999023438,0.9998216032981873,999.4916381835938,80.05789184570312,0.9997487664222717,89.687744140625,1029.11572265625,0.9999001026153564,1024.4698486328125,1020.244140625,0.9996943473815918,337.5924987792969,498.21685791015625,0.9985100626945496,332.5267639160156,610.43017578125,0.9991711378097534,277.6514587402344,552.36767578125,0.9966392517089844,386.5176086425781,558.9717407226562,0.9936248064041138,724.434814453125,497.963623046875,0.9796590805053711,755.703369140625,718.0520629882812,0.9997419714927673,694.1409912109375,591.2227172851562,0.9958761930465698,788.346435546875,562.6179809570312,0.9964401125907898,558.4381713867188,372.0592041015625,0.9622519016265869,565.2894897460938,450.3016357421875,0.9091311097145081,562.52783203125,480.0749206542969,0.8833969235420227,542.6646118164062,595.74658203125,0.995557963848114,506.2660217285156,513.3001708984375,0.9889140725135803,607.15185546875,518.0942993164062,0.9950725436210632,461.77374267578125,636.4923706054688,0.9678170084953308,573.7244873046875,684.7561645507812,0.5302525162696838,455.6524658203125,712.9847412109375,0.980751633644104,323.48724365234375,756.6617431640625,0.8880911469459534,199.34539794921875,779.7030029296875,0.7480955123901367
1197,87.0034408569336,117.1283187866211,0.9999533891677856,1000.0718994140625,77.8067626953125,0.9998227953910828,89.28305053710938,1029.019287109375,0.9998728036880493,1023.5529174804688,1020.5949096679688,0.9996280670166016,336.9281311035156,498.12554931640625,0.9978113770484924,333.2914733886719,610.5709228515625,0.9992032647132874,277.5209045410156,552.4476928710938,0.9965980648994446,386.570556640625,558.0242919921875,0.9949560761451721,719.8409423828125,497.30169677734375,0.9898916482925415,756.4047241210938,716.3671264648438,0.9998014569282532,694.5852661132812,593.8255615234375,0.9953243732452393,786.0289306640625,566.2749633789062,0.9989610910415649,544.0933837890625,340.23236083984375,0.9982306361198425,542.8339233398438,365.41229248046875,0.9742147922515869,543.784912109375,439.9129333496094,0.9921964406967163,530.6239624023438,565.5004272460938,0.9965022802352905,488.52532958984375,485.3555908203125,0.9930496215820312,589.9436645507812,478.036865234375,0.9956896901130676,459.2109069824219,621.3399047851562,0.9643428325653076,592.3054809570312,658.19091796875,0.274324893951416,455.18426513671875,704.9825439453125,0.9893361330032349,322.073974609375,756.3287353515625,0.7587643265724182,135.65048217773438,706.941162109375,0.9938703775405884
1198,87.9438705444336,116.78948974609375,0.9998767375946045,999.4088745117188,76.64308166503906,0.9993808269500732,89.156982421875,1029.4534912109375,0.9997870326042175,1022.9806518554688,1020.2584838867188,0.9997072815895081,336.285400390625,498.428955078125,0.9978679418563843,333.7959289550781,611.5992431640625,0.9992995262145996,277.76397705078125,552.0903930664062,0.9961307048797607,386.5836181640625,555.7923583984375,0.9893072247505188,719.8331298828125,499.2778015136719,0.9638537168502808,756.0239868164062,715.9064331054688,0.9998862743377686,696.2603759765625,594.7374267578125,0.9963059425354004,786.7430419921875,564.094970703125,0.9905405044555664,534.3309936523438,318.1196594238281,0.9981817007064819,529.50048828125,347.80194091796875,0.9979304075241089,528.6091918945312,376.11236572265625,0.9988768696784973,519.5386352539062,532.6119384765625,0.9966513514518738,574.0384521484375,618.7433471679688,0.7733065485954285,570.953369140625,440.4908752441406,0.996656060218811,454.0362548828125,598.8468627929688,0.9850832223892212,559.3396606445312,654.2453002929688,0.39441853761672974,459.81317138671875,690.4301147460938,0.9970182180404663,323.2439880371094,743.6468505859375,0.9814193248748779,136.1192626953125,709.8848266601562,0.9838560819625854
1199,89.68119812011719,117.2730712890625,0.998742401599884,998.2420654296875,78.97150421142578,0.9997913241386414,89.00498962402344,1030.1947021484375,0.9998747110366821,1021.8700561523438,1019.8839721679688,0.9993280172348022,337.3465270996094,498.4838562011719,0.998722493648529,333.0166931152344,611.6704711914062,0.9995085000991821,277.3119201660156,551.685791015625,0.9956262111663818,386.91241455078125,556.868408203125,0.987603485584259,721.9776000976562,499.66131591796875,0.9940160512924194,754.6104125976562,715.3342895507812,0.9998939037322998,695.8959350585938,593.2423095703125,0.9968612194061279,786.5863647460938,567.4348754882812,0.992705762386322,524.2846069335938,274.954833984375,0.9571292400360107,521.4011840820312,299.17041015625,0.9600220322608948,521.4052124023438,316.1532287597656,0.9592732787132263,514.0249633789062,504.4350280761719,0.9950856566429138,574.4441528320312,600.4652709960938,0.6745293736457825,563.1480712890625,391.89080810546875,0.3839981257915497,455.2052917480469,583.9943237304688,0.9772221446037292,563.7593994140625,622.0393676757812,0.406135618686676,469.7170104980469,672.4240112304688,0.9885320663452148,338.9176330566406,731.1709594726562,0.38426753878593445,241.50006103515625,771.109375,0.775221049785614
1200,87.25184631347656,116.95704650878906,0.9996992349624634,999.943115234375,75.6896743774414,0.9997051358222961,88.03414154052734,1030.5596923828125,0.999896764755249,1021.5368041992188,1021.3585205078125,0.9996237754821777,337.49871826171875,498.61541748046875,0.9986932873725891,334.0455017089844,611.1168212890625,0.999685525894165,277.6025390625,551.9226684570312,0.9958286881446838,387.6896667480469,557.9937744140625,0.9888523817062378,721.9931030273438,498.5506591796875,0.9914903044700623,756.4375,715.8330688476562,0.999813973903656,694.2819213867188,593.1754150390625,0.9961121678352356,786.1381225585938,564.0153198242188,0.9960076808929443,520.1158447265625,226.36111450195312,0.9999406337738037,517.4757080078125,261.07122802734375,0.999586284160614,514.2180786132812,284.942626953125,0.9988314509391785,511.2346496582031,466.6195983886719,0.9763092398643494,548.1167602539062,585.9607543945312,0.7144622206687927,556.5095825195312,355.5619201660156,0.8143623471260071,461.4327697753906,559.1774291992188,0.9202592968940735,552.0715942382812,583.7609252929688,0.9312594532966614,481.1858215332031,639.9697875976562,0.9968972206115723,393.6573486328125,700.8942260742188,0.6257064342498779,273.3251037597656,746.1264038085938,0.8434807062149048
1201,86.49042510986328,117.18790435791016,0.9995777010917664,1001.8401489257812,80.71141815185547,0.9995473027229309,87.6934585571289,1029.4195556640625,0.9997984766960144,1021.5892333984375,1021.3963623046875,0.9995144605636597,336.5774841308594,497.997802734375,0.9970256686210632,333.7113342285156,611.97021484375,0.9993219375610352,277.8072204589844,552.2811279296875,0.9983641505241394,387.2102966308594,557.489990234375,0.9915635585784912,725.5942993164062,497.2121276855469,0.9936783909797668,757.4190673828125,717.1449584960938,0.9998418092727661,695.02587890625,595.2217407226562,0.9932068586349487,785.5635986328125,567.0982666015625,0.9932796359062195,520.3779907226562,219.50933837890625,0.7648397088050842,516.0083618164062,240.10311889648438,0.9628904461860657,511.81219482421875,263.83001708984375,0.9910513162612915,508.0718078613281,416.233642578125,0.9912970066070557,553.005126953125,525.37060546875,0.9638176560401917,556.6119995117188,340.4569091796875,0.9720588326454163,466.216796875,515.5338745117188,0.5654839873313904,563.7521362304688,498.5317077636719,0.3873653709888458,496.3921203613281,605.9829711914062,0.8885805010795593,406.9479064941406,674.1470947265625,0.5163935422897339,243.70016479492188,752.7217407226562,0.31477591395378113
1202,86.59222412109375,116.7953109741211,0.9995212554931641,1001.27197265625,77.60872650146484,0.9989830851554871,89.7447280883789,1029.408203125,0.9998520612716675,1021.5078125,1022.0653686523438,0.9986434578895569,336.05615234375,497.74383544921875,0.9977543950080872,333.8331298828125,610.9513549804688,0.9987815022468567,277.37939453125,552.3854370117188,0.9979192614555359,387.382080078125,558.4266967773438,0.9934515953063965,731.9077758789062,494.4974365234375,0.9369251728057861,756.2643432617188,717.808349609375,0.9998751878738403,694.1516723632812,592.0317993164062,0.9902622103691101,786.5947875976562,566.155517578125,0.9857997894287109,519.1390380859375,175.89234924316406,0.9670975208282471,514.9740600585938,198.6580810546875,0.9948300719261169,511.8862609863281,222.92327880859375,0.9944533705711365,505.972900390625,384.0320129394531,0.9914405345916748,555.8300170898438,493.0741271972656,0.989443302154541,469.225830078125,500.703369140625,0.9764785766601562,467.0255432128906,493.3953552246094,0.7083041071891785,558.8060302734375,491.47955322265625,0.05975225940346718,497.8431701660156,567.1160888671875,0.7502689361572266,445.4761962890625,622.8211669921875,0.1876159906387329,267.26318359375,761.3626098632812,0.11150209605693817
1203,86.96733093261719,119.07283020019531,0.9997711777687073,1001.2703857421875,76.66824340820312,0.9996104836463928,88.95341491699219,1028.8817138671875,0.9998522996902466,1022.6912841796875,1022.4592895507812,0.9993963241577148,336.7425231933594,498.7848205566406,0.9985530972480774,334.0399475097656,611.2345581054688,0.9989044666290283,277.2816467285156,553.6505737304688,0.9962020516395569,388.66339111328125,555.6212768554688,0.9964518547058105,724.724365234375,497.383544921875,0.9940950870513916,756.4033813476562,718.2504272460938,0.9998866319656372,692.6135864257812,590.4232788085938,0.9849793314933777,785.6596069335938,565.8181762695312,0.9912466406822205,514.3333129882812,131.94142150878906,0.9943854808807373,513.3654174804688,161.2416534423828,0.9988603591918945,509.2793884277344,179.864501953125,0.9994310736656189,507.76593017578125,361.3895263671875,0.9819989204406738,461.44940185546875,285.6949157714844,0.31263118982315063,564.8796997070312,264.4674987792969,0.5371239185333252,452.51971435546875,455.2510986328125,0.9875775575637817,558.6627807617188,459.1202392578125,0.9786404967308044,501.0904235839844,537.3895263671875,0.9061747193336487,446.606689453125,601.3692016601562,0.982367753982544,268.8454284667969,769.8474731445312,0.7496508359909058
1204,86.6842041015625,117.83200073242188,0.9998319149017334,999.726318359375,77.47303009033203,0.999761164188385,88.04589080810547,1030.9381103515625,0.9997997879981995,1020.1184692382812,1021.6351318359375,0.9994332194328308,336.6425476074219,498.9257507324219,0.9974274039268494,335.0115966796875,611.0513916015625,0.9990146160125732,276.82525634765625,552.4841918945312,0.993378221988678,388.5840148925781,558.717041015625,0.9923083782196045,724.7335205078125,497.9364013671875,0.9966977834701538,755.5919799804688,717.353759765625,0.9999011754989624,695.236572265625,591.5789794921875,0.9881507158279419,785.88232421875,568.8672485351562,0.9929054975509644,524.9578247070312,124.27532196044922,0.9928365349769592,516.072998046875,154.52613830566406,0.9977618455886841,510.380126953125,179.2542266845703,0.9992190599441528,499.81109619140625,347.43829345703125,0.9927352666854858,455.3609619140625,252.43397521972656,0.5792864561080933,559.7806396484375,249.4276123046875,0.8653851747512817,442.7997131347656,423.7127380371094,0.9557430148124695,552.8128662109375,423.8301696777344,0.9927678108215332,491.2000427246094,513.455810546875,0.9886384606361389,446.0068054199219,596.7219848632812,0.9901430606842041,385.1921691894531,663.6455688476562,0.1273486167192459
1205,86.9476318359375,117.81715393066406,0.9997912049293518,999.9856567382812,80.67793273925781,0.9999146461486816,89.53453063964844,1029.0657958984375,0.9998606443405151,1022.1943359375,1020.585205078125,0.9994803071022034,336.1285095214844,498.536376953125,0.9982792139053345,335.0071716308594,611.1298217773438,0.9991558790206909,276.7808837890625,552.2907104492188,0.9888994097709656,386.9903564453125,556.4899291992188,0.9981712102890015,724.4951171875,499.5168762207031,0.9943771958351135,756.0255126953125,714.5128784179688,0.9998955726623535,695.3279418945312,591.85302734375,0.9789251089096069,786.2876586914062,567.41943359375,0.9927090406417847,541.7750244140625,129.07955932617188,0.9289246201515198,534.9401245117188,151.4684600830078,0.9926639795303345,522.2809448242188,179.82568359375,0.9987989664077759,487.7529296875,325.5796813964844,0.9991028308868408,451.3232116699219,243.7056121826172,0.4317905008792877,558.1937866210938,243.7305450439453,0.9939350485801697,422.707763671875,391.59759521484375,0.9965231418609619,543.3924560546875,400.97674560546875,0.997526228427887,478.21014404296875,487.1660461425781,0.9916732907295227,445.4200134277344,577.0601806640625,0.7959743142127991,303.2449035644531,763.1528930664062,0.7431387305259705
1206,87.0552749633789,115.09367370605469,0.9997368454933167,999.9990844726562,79.58615112304688,0.9998443126678467,90.20358276367188,1030.024169921875,0.9997054934501648,1024.24609375,1020.5358276367188,0.9995914101600647,336.96221923828125,498.7302551269531,0.9988425970077515,333.3222351074219,610.9456787109375,0.9992591738700867,277.0753173828125,552.0203247070312,0.9935985803604126,387.140869140625,556.55615234375,0.9970685839653015,723.8064575195312,498.1063537597656,0.9979397654533386,755.4590454101562,715.990966796875,0.9998602867126465,693.4183349609375,593.8209228515625,0.9813567399978638,786.1278686523438,568.043701171875,0.9958202838897705,575.4035034179688,138.9364013671875,0.749066948890686,555.4035034179688,154.26524353027344,0.981370747089386,545.3179931640625,178.2957763671875,0.9989499449729919,486.598876953125,309.16632080078125,0.9907994866371155,486.10040283203125,201.23963928222656,0.10556136816740036,573.065185546875,234.09202575683594,0.9861893057823181,414.49517822265625,375.55419921875,0.9825294017791748,536.211181640625,389.7489929199219,0.9753372073173523,461.4012451171875,459.1718444824219,0.9484935402870178,439.02215576171875,578.5175170898438,0.3640083074569702,299.3674621582031,795.1102294921875,0.6136777400970459
1207,86.32150268554688,115.08702850341797,0.9998145699501038,1000.5780639648438,79.7089614868164,0.9997362494468689,89.84190368652344,1029.8135986328125,0.9998608827590942,1023.0588989257812,1022.5234375,0.9994710087776184,335.3950500488281,498.298828125,0.9983750581741333,335.4698486328125,608.8196411132812,0.9966331124305725,276.996826171875,553.1080932617188,0.9932860732078552,386.47979736328125,550.3507690429688,0.9991806149482727,723.608642578125,496.2297668457031,0.9885122776031494,755.4754638671875,715.4923095703125,0.9998979568481445,692.918701171875,592.4411010742188,0.9874045848846436,784.8134155273438,570.7813720703125,0.9944148063659668,601.6314697265625,137.86428833007812,0.9907045960426331,584.63232421875,158.86033630371094,0.9896941184997559,563.5966186523438,181.17831420898438,0.9984799027442932,486.5225524902344,305.1427917480469,0.9892545938491821,531.6395874023438,384.96221923828125,0.5418700575828552,580.6486206054688,236.6715850830078,0.9958804845809937,412.80499267578125,370.654541015625,0.992017388343811,526.2252197265625,390.40838623046875,0.9920184016227722,452.8463134765625,456.9854431152344,0.9313367605209351,417.86688232421875,577.1923217773438,0.5309020280838013,291.779052734375,766.8713989257812,0.8968917727470398
1208,86.49113464355469,116.11746978759766,0.9998641014099121,1000.5371704101562,79.02384185791016,0.9997007846832275,89.6832046508789,1029.5205078125,0.999893307685852,1023.1976318359375,1021.521484375,0.9995680451393127,333.90863037109375,498.2203674316406,0.9986415505409241,335.2274169921875,610.1599731445312,0.9972599744796753,276.88568115234375,553.7199096679688,0.9923017024993896,386.1165466308594,551.9404296875,0.999300479888916,721.71826171875,496.7522277832031,0.9965054988861084,755.7388305664062,715.359375,0.9999105930328369,690.5712890625,591.8807983398438,0.9888667464256287,783.3387451171875,566.3120727539062,0.9956901669502258,638.1742553710938,149.36871337890625,0.9897475242614746,592.4749755859375,161.2185821533203,0.9969347715377808,575.9649047851562,179.30157470703125,0.9989364743232727,489.9020690917969,300.42572021484375,0.8328684568405151,507.6286315917969,185.57733154296875,0.8819806575775146,591.8467407226562,233.24862670898438,0.9910133481025696,410.1357116699219,362.73663330078125,0.994936466217041,522.547607421875,390.90771484375,0.9708729982376099,451.5801086425781,451.19732666015625,0.96946781873703,424.6558532714844,573.8349609375,0.884578287601471,294.4748229980469,767.950927734375,0.25323039293289185
1209,86.71223449707031,116.8306884765625,0.9998403787612915,1001.05029296875,78.43765258789062,0.9992109537124634,89.78643035888672,1029.3175048828125,0.9998633861541748,1023.2673950195312,1021.0431518554688,0.9995877146720886,336.6565246582031,498.6837158203125,0.9986157417297363,333.7300109863281,609.4247436523438,0.995717465877533,276.8563537597656,551.8717651367188,0.9931524991989136,385.7266540527344,553.5341186523438,0.9991573095321655,721.6608276367188,496.8010559082031,0.9935011267662048,755.7410278320312,715.7223510742188,0.9999200105667114,690.6011352539062,591.849365234375,0.99444180727005,784.023681640625,567.86083984375,0.9949373006820679,660.3582763671875,164.34771728515625,0.9919295310974121,624.3206176757812,169.71121215820312,0.9973710775375366,598.766357421875,183.01148986816406,0.9961089491844177,486.8267822265625,293.17034912109375,0.8184546232223511,531.510986328125,176.7900390625,0.9487800002098083,599.5150146484375,236.83152770996094,0.9446216821670532,410.2457275390625,349.7428283691406,0.997334897518158,519.30517578125,383.72979736328125,0.9859879612922668,443.27410888671875,440.1168518066406,0.9900235533714294,425.9114685058594,565.325439453125,0.9292857050895691,291.3341979980469,761.352783203125,0.6614151000976562
1210,87.02770233154297,118.79129028320312,0.9996260404586792,999.374755859375,80.42230224609375,0.999886155128479,89.35131072998047,1029.6966552734375,0.9997978806495667,1022.2537231445312,1022.0538940429688,0.9994780421257019,334.8660888671875,498.1669006347656,0.9991187453269958,334.6163330078125,609.9566650390625,0.99610835313797,276.83734130859375,552.3146362304688,0.9948849081993103,384.6829528808594,551.724853515625,0.999262273311615,723.8021850585938,493.618896484375,0.9886906147003174,756.7366333007812,716.272216796875,0.9998990297317505,690.9262084960938,591.4757080078125,0.9947041869163513,783.4476318359375,563.515380859375,0.9970535039901733,646.270751953125,176.32408142089844,0.8551687002182007,624.4236450195312,182.3961944580078,0.994848370552063,607.5671997070312,196.6024627685547,0.9839377999305725,486.1501770019531,288.6816711425781,0.9201382398605347,545.4092407226562,180.48294067382812,0.9963297247886658,595.4256591796875,252.26971435546875,0.951473593711853,408.1492614746094,339.23687744140625,0.9900121092796326,511.7153015136719,372.7956848144531,0.9847107529640198,435.61968994140625,426.01593017578125,0.7578884959220886,423.2242126464844,554.4089965820312,0.969367504119873,295.07696533203125,751.7627563476562,0.1682887077331543
1211,87.27627563476562,115.06412506103516,0.9998376369476318,999.9241333007812,80.01879119873047,0.9998875856399536,89.32054138183594,1029.17138671875,0.9998980760574341,1023.6842651367188,1020.9139404296875,0.9996931552886963,336.0539245605469,498.1069030761719,0.9990431666374207,333.1778564453125,611.69140625,0.9989031553268433,277.3979187011719,552.3574829101562,0.9977688789367676,383.0334167480469,552.9623413085938,0.9990931749343872,720.7528686523438,496.9228515625,0.993645191192627,755.0345458984375,716.3702392578125,0.9998961687088013,692.4899291992188,591.95703125,0.9881476759910583,786.5791015625,565.8359375,0.9859753251075745,672.098876953125,221.44216918945312,0.9601593613624573,641.6123046875,213.14459228515625,0.9917508959770203,613.0195922851562,215.6911163330078,0.9754593372344971,498.13995361328125,271.8091125488281,0.758736252784729,555.7266235351562,183.1300811767578,0.9096685647964478,593.0791015625,268.995361328125,0.9948878884315491,410.0588073730469,337.5579833984375,0.9544737339019775,512.0846557617188,379.7832946777344,0.9848436713218689,433.47576904296875,422.5246887207031,0.9318481683731079,428.7685852050781,562.82470703125,0.9927942156791687,343.91644287109375,706.9951782226562,0.6468054056167603
1212,86.70603942871094,117.14451599121094,0.9998891353607178,1000.843505859375,78.19801330566406,0.9994764924049377,88.96172332763672,1029.3961181640625,0.9997970461845398,1023.5145263671875,1020.6358032226562,0.9996850490570068,336.5949401855469,497.9560852050781,0.9988467693328857,333.3641662597656,611.148681640625,0.9987372756004333,277.2290954589844,552.5398559570312,0.9970831274986267,383.1802062988281,552.2633056640625,0.9992671608924866,720.3801879882812,495.9833068847656,0.9870885014533997,755.189208984375,716.8001708984375,0.9998719692230225,694.0534057617188,595.0396728515625,0.9935909509658813,785.2967529296875,564.6491088867188,0.9956339001655579,695.5830078125,262.0187683105469,0.9520975947380066,650.8493041992188,237.2244415283203,0.9893279671669006,623.09765625,238.65216064453125,0.9935560822486877,485.0810546875,293.6500549316406,0.1181861087679863,577.5217895507812,195.6238250732422,0.9863787889480591,607.3694458007812,286.6776428222656,0.969193696975708,407.8387145996094,341.9710388183594,0.9497161507606506,510.4697570800781,384.35699462890625,0.9816814064979553,432.98382568359375,422.6838073730469,0.9844777584075928,431.4093017578125,570.14453125,0.9882814288139343,349.7511901855469,742.8858032226562,0.5660606026649475
1213,87.81266021728516,116.64051818847656,0.999889612197876,998.66552734375,80.8480224609375,0.9997106194496155,89.25718688964844,1029.7044677734375,0.9998306035995483,1023.7032470703125,1020.9351196289062,0.9997968077659607,335.46124267578125,498.2441711425781,0.9989885687828064,332.6676025390625,612.0617065429688,0.9987170696258545,277.9373474121094,551.9098510742188,0.9978392720222473,383.0233459472656,552.3531494140625,0.9981923699378967,725.0051879882812,495.1237487792969,0.9931025505065918,756.8466796875,716.86279296875,0.9998575448989868,692.1981201171875,594.906982421875,0.9962060451507568,784.8389892578125,566.6029663085938,0.9932645559310913,689.18359375,266.545166015625,0.7066782712936401,672.8768310546875,260.2152099609375,0.6480300426483154,642.6557006835938,254.55894470214844,0.6566618084907532,522.7747192382812,279.06500244140625,0.7170780301094055,593.361572265625,212.560546875,0.8870421051979065,623.1442260742188,307.1210021972656,0.9659671187400818,413.7713623046875,342.0054931640625,0.9404874444007874,515.6489868164062,391.4421081542969,0.994143545627594,674.6630859375,270.3397521972656,0.9924151301383972,434.067138671875,575.5541381835938,0.9962766766548157,709.9371948242188,351.7685546875,0.847517192363739
1214,85.81205749511719,117.2574462890625,0.9999358654022217,1001.1873779296875,80.15797424316406,0.9996367692947388,87.76380920410156,1030.5068359375,0.9998083710670471,1023.2800903320312,1020.9418334960938,0.9997149109840393,336.3677673339844,499.0106506347656,0.9991439580917358,332.766357421875,611.4852905273438,0.9983893632888794,277.3913879394531,551.496337890625,0.9969961643218994,381.8613586425781,552.707275390625,0.9993442893028259,722.7091064453125,493.838623046875,0.9992044568061829,756.9402465820312,716.5435791015625,0.999854564666748,692.885498046875,593.9675903320312,0.9929693341255188,784.3297119140625,564.1527709960938,0.9954462051391602,719.3012084960938,353.75360107421875,0.9831982254981995,702.9412841796875,339.2655029296875,0.3584916293621063,671.5109252929688,317.6815185546875,0.3501017987728119,538.2823486328125,289.6111755371094,0.9786916375160217,613.7035522460938,241.79425048828125,0.09857909381389618,618.2471923828125,352.0207214355469,0.9533564448356628,423.1301574707031,333.69366455078125,0.9870275259017944,510.3646240234375,391.9776916503906,0.8767853379249573,434.0320129394531,663.7407836914062,0.9914137125015259,434.3327941894531,563.9921875,0.9448602199554443,412.031005859375,741.5775146484375,0.2963991165161133
1215,86.56338500976562,113.73429870605469,0.9998273253440857,1000.8622436523438,78.36256408691406,0.9995589852333069,89.87840270996094,1029.5980224609375,0.999862790107727,1023.3435668945312,1020.5687255859375,0.9996898174285889,337.61895751953125,498.8511657714844,0.9992000460624695,333.654541015625,611.6436767578125,0.9979896545410156,277.7135925292969,551.409423828125,0.9979580640792847,382.0406799316406,553.236572265625,0.9976848363876343,721.499267578125,494.61187744140625,0.9982983469963074,756.1323852539062,716.6424560546875,0.9998730421066284,693.4030151367188,592.6468505859375,0.9924675822257996,785.2364501953125,567.1953125,0.9952928423881531,742.840087890625,388.912353515625,0.8921651840209961,721.1611328125,371.5257263183594,0.9325023293495178,694.51513671875,353.64990234375,0.9551123976707458,544.870361328125,312.1952819824219,0.8824638724327087,690.755859375,310.2549743652344,0.96273273229599,631.2897338867188,376.67230224609375,0.9943142533302307,438.76611328125,319.7219543457031,0.5998049974441528,512.541259765625,400.32037353515625,0.9907439351081848,448.2675476074219,645.3895874023438,0.9451290369033813,421.564208984375,543.4537353515625,0.9677207469940186,458.84136962890625,704.2572021484375,0.9117974042892456
1216,86.73048400878906,115.34961700439453,0.9998958110809326,998.2407836914062,76.8617935180664,0.999868631362915,89.03827667236328,1028.9195556640625,0.9998201727867126,1024.4727783203125,1021.0029907226562,0.9995781779289246,337.4314880371094,499.1181945800781,0.9987560510635376,333.566650390625,611.7062377929688,0.9990642666816711,277.24359130859375,551.5726318359375,0.9969601631164551,384.0960388183594,554.0025024414062,0.9975322484970093,719.47412109375,497.00482177734375,0.9971530437469482,757.4168701171875,717.6541748046875,0.9998917579650879,693.8176879882812,594.3547973632812,0.9942963719367981,783.2238159179688,566.6713256835938,0.9931190013885498,774.78173828125,428.5685119628906,0.9989463686943054,750.56787109375,385.5272521972656,0.9737550020217896,731.85791015625,373.971435546875,0.8848853707313538,578.0506591796875,335.07537841796875,0.9365701675415039,516.8462524414062,407.8672790527344,0.8755356669425964,651.10302734375,394.4434814453125,0.9668967723846436,455.3956604003906,328.6517028808594,0.8958922028541565,513.371337890625,404.50469970703125,0.9044589400291443,424.95660400390625,405.3016052246094,0.9891005158424377,405.72308349609375,495.2826843261719,0.9965258240699768,502.4466247558594,716.2493286132812,0.237150639295578
1217,86.77410888671875,115.62290954589844,0.9998728036880493,1000.23583984375,79.85093688964844,0.9997996687889099,88.67884063720703,1030.0772705078125,0.9998013377189636,1023.4632568359375,1020.8189086914062,0.9995699524879456,337.35223388671875,498.8660888671875,0.9978840947151184,333.1496276855469,611.1050415039062,0.9981884360313416,277.0423583984375,552.724853515625,0.9964307546615601,382.9435119628906,554.7703247070312,0.9986885190010071,721.0643920898438,496.7244567871094,0.9927316308021545,754.66357421875,716.6080932617188,0.999881386756897,693.6146850585938,593.1663208007812,0.990166425704956,785.066650390625,564.079833984375,0.9923626184463501,792.6854248046875,436.4383850097656,0.9987394213676453,771.2493896484375,400.5852966308594,0.9983431100845337,747.6642456054688,385.6899719238281,0.9769996404647827,607.7236938476562,351.10968017578125,0.9679334759712219,713.82275390625,323.4740905761719,0.8375782370567322,690.7371826171875,414.7742919921875,0.9933388829231262,488.0869140625,314.2327575683594,0.972682535648346,525.0381469726562,406.0858459472656,0.919747531414032,436.8492126464844,380.3799743652344,0.9990031123161316,402.4491271972656,489.7215270996094,0.9970797896385193,463.4532470703125,630.9595947265625,0.8447077870368958
1218,86.62427520751953,117.8240737915039,0.999953031539917,1000.3224487304688,80.92357635498047,0.999785840511322,88.74347686767578,1029.706298828125,0.9997711777687073,1023.502685546875,1021.2628784179688,0.9995688796043396,338.6953430175781,498.2469482421875,0.996803879737854,334.3267517089844,610.6575317382812,0.9990870952606201,277.2759704589844,552.3515014648438,0.9950114488601685,384.3463134765625,557.163330078125,0.9966817498207092,720.36962890625,495.0374755859375,0.9764556288719177,755.6683959960938,715.8064575195312,0.9998897314071655,693.8089599609375,593.483154296875,0.9938964247703552,785.9379272460938,564.62890625,0.9945408701896667,797.3484497070312,430.2872009277344,0.9933798313140869,770.8095703125,398.728271484375,0.9962782263755798,745.5709838867188,389.23077392578125,0.990159809589386,623.0841674804688,353.3583679199219,0.9924777150154114,720.1320190429688,324.80029296875,0.9519724249839783,684.3444213867188,425.3183288574219,0.9895853400230408,538.2890014648438,292.36376953125,0.8162954449653625,525.134033203125,401.03521728515625,0.9884175658226013,458.0220642089844,356.89422607421875,0.6642584800720215,391.30059814453125,469.6236572265625,0.9938920736312866,462.2585144042969,585.9573364257812,0.6142377257347107
1219,86.71257019042969,117.30211639404297,0.9998700618743896,999.0856323242188,79.3818130493164,0.9998449087142944,89.78128814697266,1030.9658203125,0.9998040795326233,1022.3159790039062,1021.762939453125,0.999580442905426,338.3589172363281,498.8099365234375,0.9988885521888733,333.0353088378906,610.4591064453125,0.9981374740600586,277.214111328125,551.9348754882812,0.996802568435669,383.7475891113281,558.6614990234375,0.9954456090927124,717.3656005859375,496.4652404785156,0.9744591116905212,755.5811157226562,716.4254150390625,0.9999421834945679,693.3309936523438,594.279296875,0.9965399503707886,784.0347900390625,564.0140991210938,0.9936991930007935,790.7444458007812,407.8015441894531,0.8765921592712402,763.0535278320312,393.5782165527344,0.9372432231903076,745.2178955078125,385.4541015625,0.9709514379501343,627.7567749023438,358.02557373046875,0.9934194684028625,718.2728271484375,323.70562744140625,0.8713415265083313,702.5864868164062,424.9270324707031,0.9435845017433167,562.6956787109375,282.8321533203125,0.9411550164222717,532.9351806640625,403.0012512207031,0.9802875518798828,466.0989685058594,336.259033203125,0.9804807305335999,389.228759765625,457.60260009765625,0.9847079515457153,463.2469787597656,587.7293090820312,0.8579911589622498
1220,86.84603118896484,117.65740203857422,0.9998493194580078,998.588623046875,77.7599105834961,0.9998700618743896,90.00133514404297,1030.3270263671875,0.9998058676719666,1023.4801635742188,1021.2266845703125,0.9995774626731873,336.7486572265625,498.7059020996094,0.9991453886032104,333.1644592285156,610.111572265625,0.998250424861908,277.0295715332031,552.2981567382812,0.9974217414855957,383.7225341796875,556.8713989257812,0.9979344606399536,718.1951904296875,496.4791259765625,0.9936032891273499,755.3115844726562,717.1646118164062,0.9999209642410278,694.11767578125,593.9222412109375,0.9928962588310242,784.3206176757812,564.9092407226562,0.9913772344589233,788.146484375,396.1675109863281,0.8964834213256836,759.4429321289062,393.16375732421875,0.9593750834465027,738.6246948242188,380.7625732421875,0.9964501857757568,626.317626953125,358.6111755371094,0.985353410243988,707.776611328125,318.548583984375,0.962045431137085,684.8997802734375,429.6481628417969,0.8735833764076233,560.9378051757812,282.34527587890625,0.8752716779708862,529.28662109375,402.5312805175781,0.9304506182670593,467.0668029785156,323.8326416015625,0.9394638538360596,379.34552001953125,431.6112976074219,0.996519923210144,429.1489562988281,534.130615234375,0.7209860682487488
1221,87.73821258544922,118.52945709228516,0.9998587369918823,1001.6221923828125,80.4185791015625,0.9992741942405701,89.4890365600586,1028.9365234375,0.9998981952667236,1023.4448852539062,1021.2420654296875,0.999498724937439,337.7221984863281,498.3948669433594,0.9995476603507996,333.47412109375,611.2559204101562,0.9985601305961609,277.63360595703125,552.7506103515625,0.9973108768463135,385.2379455566406,555.1425170898438,0.9970858693122864,718.3873291015625,495.08544921875,0.996161699295044,754.6814575195312,715.3603515625,0.9998295307159424,694.7109985351562,594.9380493164062,0.996619701385498,784.3564453125,567.6792602539062,0.9949093461036682,777.10107421875,385.8239440917969,0.9869111776351929,750.9940795898438,388.634765625,0.9908422231674194,724.04345703125,378.3636169433594,0.9978869557380676,619.5287475585938,351.9643249511719,0.9929821491241455,699.7277221679688,317.0691223144531,0.9208677411079407,694.3783569335938,414.15185546875,0.9913896918296814,551.7366943359375,281.4081115722656,0.9263882040977478,528.3801879882812,397.6157531738281,0.9796618223190308,457.0491027832031,313.6568298339844,0.9854902029037476,374.6107177734375,418.1161804199219,0.9862047433853149,419.0210266113281,518.5188598632812,0.8470146656036377
1222,87.06938171386719,115.14056396484375,0.9999183416366577,1001.1809692382812,76.69034576416016,0.9995867609977722,90.68744659423828,1029.788330078125,0.9998856782913208,1023.63818359375,1020.7470092773438,0.9998243451118469,338.76611328125,498.9595642089844,0.9991304278373718,333.6151428222656,611.198974609375,0.9988143444061279,276.7626037597656,552.2384033203125,0.9956761002540588,383.84039306640625,556.538330078125,0.9986224174499512,715.2711181640625,499.6195373535156,0.9935973882675171,757.0040283203125,716.7139282226562,0.9999070167541504,694.4852294921875,594.1463623046875,0.997992753982544,784.2843017578125,568.1708984375,0.994809627532959,764.0247802734375,391.8609313964844,0.9903568625450134,738.193603515625,394.1045837402344,0.9781458377838135,718.5667114257812,385.7840270996094,0.8699572682380676,612.2801513671875,347.0942687988281,0.997552216053009,694.38671875,314.2572021484375,0.6996662616729736,680.6842651367188,413.33349609375,0.8161755800247192,541.0191650390625,280.1932373046875,0.9851424098014832,519.640380859375,393.4637451171875,0.9481321573257446,462.158447265625,311.8730773925781,0.9718732237815857,373.1094665527344,397.9358825683594,0.9935992956161499,416.3370056152344,517.3284912109375,0.6829346418380737
1223,86.40971374511719,116.53082275390625,0.9999245405197144,999.018798828125,77.24559783935547,0.9997791647911072,90.60116577148438,1030.08642578125,0.9998689889907837,1023.4312133789062,1020.9215698242188,0.9997087121009827,337.1887512207031,498.74188232421875,0.9994667172431946,332.39544677734375,610.7000732421875,0.9984984397888184,277.2954406738281,552.242919921875,0.9967679977416992,384.70660400390625,555.5070190429688,0.9979016780853271,725.5328979492188,499.35211181640625,0.9257771968841553,756.9520263671875,715.8540649414062,0.9998834133148193,693.8128662109375,592.0404663085938,0.9936204552650452,784.9990234375,565.5341796875,0.9950587749481201,754.8223876953125,392.6752624511719,0.8855971097946167,734.570556640625,403.560791015625,0.9886478781700134,716.89990234375,393.4427795410156,0.913383960723877,614.3721923828125,341.9289245605469,0.9961685538291931,698.7034301757812,315.4543151855469,0.8929579854011536,661.1242065429688,420.38427734375,0.9991963505744934,547.8005981445312,272.66448974609375,0.9840188026428223,516.4013671875,385.5531311035156,0.9753376245498657,457.5368347167969,301.40777587890625,0.9962401390075684,372.0422668457031,414.055419921875,0.9638343453407288,432.46173095703125,623.86279296875,0.8230671882629395
1224,87.45802307128906,115.89763641357422,0.9995378255844116,1000.3187866210938,78.71251678466797,0.9997579455375671,90.96288299560547,1030.3087158203125,0.9999065399169922,1021.7106323242188,1022.0808715820312,0.9994388222694397,337.4464416503906,499.70233154296875,0.9994717240333557,333.44683837890625,610.802734375,0.9984813332557678,277.1559753417969,552.5654907226562,0.9970991611480713,383.6829833984375,554.7640991210938,0.9991063475608826,716.0316162109375,500.43365478515625,0.9568718075752258,756.68505859375,717.4427490234375,0.9998588562011719,692.2186889648438,591.6751098632812,0.9956364035606384,784.3435668945312,563.8001098632812,0.994215190410614,752.7120361328125,392.7873229980469,0.33465221524238586,735.8356323242188,407.12811279296875,0.8369313478469849,718.3355102539062,392.36199951171875,0.7525482177734375,617.4425659179688,340.73175048828125,0.9929490089416504,703.3469848632812,318.20758056640625,0.9500112533569336,661.4302368164062,417.99664306640625,0.9996883869171143,546.172607421875,272.3399658203125,0.9942991733551025,516.959228515625,385.5962829589844,0.9796874523162842,456.6155700683594,299.9618225097656,0.9378119707107544,369.23553466796875,399.64630126953125,0.9717285633087158,422.5841064453125,624.2974243164062,0.05334117263555527
1225,86.34517669677734,117.25588989257812,0.99996018409729,1000.2105102539062,79.71467590332031,0.9997585415840149,89.52876281738281,1029.970947265625,0.9999027252197266,1023.15771484375,1021.0033569335938,0.9998431205749512,337.00848388671875,499.2702331542969,0.9989578723907471,332.42803955078125,611.66943359375,0.9991377592086792,277.2978515625,552.5403442382812,0.9969760179519653,383.8966369628906,556.6717529296875,0.9978936314582825,716.1417846679688,500.7632141113281,0.998565137386322,755.5743408203125,716.39697265625,0.9998072981834412,693.4151611328125,592.353515625,0.9976075887680054,782.6083374023438,567.450927734375,0.9966451525688171,752.1365966796875,464.83563232421875,0.9201136231422424,726.8056030273438,429.9751892089844,0.20192688703536987,722.8599243164062,400.0508117675781,0.6555398106575012,614.9666748046875,337.89453125,0.9906264543533325,703.1566772460938,318.7872009277344,0.9266701340675354,666.1466064453125,412.1703186035156,0.9953194260597229,547.2405395507812,270.4366455078125,0.9792607426643372,518.4120483398438,380.2241516113281,0.9304661154747009,451.70721435546875,293.6106872558594,0.9619720578193665,369.5325012207031,400.7274475097656,0.9795994758605957,420.7858581542969,609.5838012695312,0.00787454191595316
1226,86.25762939453125,119.0898666381836,0.9998382329940796,1000.5491333007812,78.50774383544922,0.9990166425704956,90.61151885986328,1028.657958984375,0.9998894929885864,1023.5069580078125,1021.5530395507812,0.9997748732566833,337.389892578125,498.8754577636719,0.9993258714675903,332.9934997558594,610.8051147460938,0.9985666871070862,277.3271484375,553.4248657226562,0.995069146156311,385.33953857421875,557.0460205078125,0.9938107132911682,714.3021240234375,502.2481689453125,0.9947500824928284,756.4051513671875,715.7824096679688,0.9998507499694824,694.71435546875,594.1676635742188,0.997692346572876,782.6915893554688,565.9130249023438,0.99368816614151,755.250244140625,462.2978820800781,0.8059330582618713,740.0166015625,423.1091613769531,0.2417987436056137,724.64111328125,385.35504150390625,0.6169447898864746,624.7655029296875,336.45819091796875,0.9912893772125244,712.7489624023438,321.1917724609375,0.9871742725372314,669.07568359375,410.8200378417969,0.9948017597198486,540.4473266601562,268.3140563964844,0.9872465133666992,517.7343139648438,377.5169372558594,0.9908327460289001,457.0492858886719,288.4503173828125,0.9980804920196533,368.647216796875,395.8601989746094,0.9819610118865967,778.22705078125,498.9966735839844,0.22182244062423706
1227,86.25873565673828,117.42973327636719,0.9997981190681458,1001.1043701171875,79.15058898925781,0.9993367791175842,89.77613067626953,1028.2225341796875,0.9998453855514526,1023.461181640625,1021.346435546875,0.9996315240859985,337.8976135253906,498.7872009277344,0.9988436698913574,332.5473327636719,610.4240112304688,0.9987671375274658,276.8241882324219,552.3998413085938,0.9962114095687866,385.2320251464844,558.7496337890625,0.9941146969795227,722.7914428710938,500.21917724609375,0.8583726286888123,756.5469970703125,716.7470092773438,0.9998825788497925,694.0317993164062,596.3915405273438,0.99800044298172,785.7691650390625,568.1025390625,0.9933497309684753,756.2910766601562,409.19580078125,0.826867401599884,742.3085327148438,389.33416748046875,0.9758710265159607,719.1160278320312,379.02667236328125,0.9509980082511902,625.079833984375,335.7202453613281,0.979725182056427,705.637939453125,314.2951965332031,0.9630594253540039,655.8104858398438,420.6146545410156,0.9971912503242493,547.0663452148438,260.2514953613281,0.9869474172592163,518.7141723632812,374.837158203125,0.9846387505531311,459.5761413574219,282.9466552734375,0.9424559473991394,377.90850830078125,444.0062561035156,0.8711544275283813,768.0987548828125,486.06451416015625,0.3033534288406372
1228,85.73772430419922,116.54706573486328,0.9999161958694458,1000.5177001953125,81.97977447509766,0.999672532081604,89.54967498779297,1028.5716552734375,0.9999127388000488,1021.07177734375,1020.7532348632812,0.999500036239624,339.0329895019531,498.6118469238281,0.9994321465492249,334.1062927246094,610.9680786132812,0.9987516403198242,277.4120788574219,552.8311157226562,0.9952528476715088,385.5481262207031,557.5787353515625,0.9981456995010376,721.4608154296875,498.02215576171875,0.983066976070404,756.4649047851562,717.0689697265625,0.9998781681060791,693.5413818359375,598.7218627929688,0.9976279139518738,784.597900390625,568.468017578125,0.9969287514686584,763.01513671875,399.5245361328125,0.8873882293701172,747.1599731445312,383.1253967285156,0.9701271653175354,722.5411376953125,373.20562744140625,0.9164544343948364,623.4027709960938,335.0436706542969,0.9593387842178345,704.7161865234375,308.29962158203125,0.7676392197608948,668.4752807617188,419.1845397949219,0.9632965326309204,548.6006469726562,258.33489990234375,0.9492802023887634,514.9899291992188,371.896240234375,0.9413285255432129,459.6993408203125,283.8335266113281,0.9857996702194214,359.31951904296875,380.8818664550781,0.9914786219596863,394.0393981933594,495.47686767578125,0.054391372948884964
1229,87.02259826660156,117.11532592773438,0.9998956918716431,999.8624267578125,81.88052368164062,0.999904990196228,90.06771850585938,1028.0396728515625,0.9999053478240967,1023.6832885742188,1021.8436279296875,0.9997424483299255,340.3847351074219,498.92279052734375,0.9993676543235779,331.9159240722656,610.1246948242188,0.9989703893661499,277.2686767578125,551.477783203125,0.9960576295852661,387.0582275390625,559.8665161132812,0.995618999004364,724.8783569335938,498.79150390625,0.9709331393241882,756.48974609375,716.5641479492188,0.9998641014099121,693.7701416015625,595.962890625,0.9958369731903076,783.2713623046875,568.900634765625,0.9907673001289368,780.0628051757812,425.9366760253906,0.9849328398704529,757.7909545898438,395.0945739746094,0.9061007499694824,737.7877197265625,387.6800842285156,0.5988731384277344,626.9866333007812,332.799072265625,0.8495515584945679,717.8096923828125,319.0428466796875,0.5933809876441956,684.0068359375,412.547119140625,0.9700098037719727,551.515380859375,256.8157653808594,0.9860802292823792,506.2701110839844,367.73748779296875,0.9958631992340088,465.1456298828125,283.1680603027344,0.9968687891960144,357.2872314453125,396.95599365234375,0.9722985625267029,387.2890625,490.6599426269531,0.08829624950885773
1230,87.71782684326172,117.506591796875,0.9998588562011719,999.072265625,80.49966430664062,0.9994414448738098,89.66256713867188,1028.5960693359375,0.9998804330825806,1021.8054809570312,1020.8880004882812,0.9993482232093811,337.80419921875,499.1323547363281,0.9997755885124207,333.3905944824219,610.6185913085938,0.998262345790863,278.061279296875,552.4178466796875,0.996501088142395,386.6121520996094,558.0089111328125,0.9966278672218323,713.3983764648438,499.64013671875,0.8712037205696106,755.3180541992188,716.7128295898438,0.9998663663864136,694.3715209960938,596.7312622070312,0.9957380294799805,783.9629516601562,568.223388671875,0.9898910522460938,770.899658203125,424.47021484375,0.599290132522583,757.7097778320312,393.0497741699219,0.9286757111549377,735.24609375,385.0692138671875,0.7910646796226501,619.2371215820312,331.87152099609375,0.9577736854553223,714.6740112304688,318.0781555175781,0.7422938346862793,667.672119140625,411.8309631347656,0.9720426797866821,550.4778442382812,257.4112854003906,0.9867570400238037,506.1825256347656,361.4487609863281,0.9918953776359558,469.6391296386719,277.8470153808594,0.9980993866920471,356.4942626953125,387.572998046875,0.9925158619880676,376.12066650390625,267.14111328125,0.04468635469675064
1231,86.2874755859375,116.50298309326172,0.9997585415840149,1000.760498046875,75.87542724609375,0.9999092817306519,90.25578308105469,1028.071044921875,0.9999202489852905,1021.5159912109375,1020.5599365234375,0.999508261680603,337.5680847167969,498.872802734375,0.9994868040084839,332.6465148925781,610.6448364257812,0.9991959929466248,277.5324401855469,552.2122802734375,0.9987080097198486,385.7174072265625,557.2156982421875,0.9955163598060608,715.7211303710938,495.2898864746094,0.9912269711494446,756.2115478515625,714.2926025390625,0.99989914894104,692.415771484375,593.3782958984375,0.9954209923744202,786.2774047851562,563.7412719726562,0.9950365424156189,759.9420776367188,403.26171875,0.16815078258514404,750.5631103515625,401.3296813964844,0.7449005842208862,727.9607543945312,391.02972412109375,0.8530696034431458,622.683837890625,330.38909912109375,0.9815734028816223,714.4139404296875,324.2105407714844,0.5448293685913086,653.7835083007812,414.1279296875,0.9290962219238281,555.4237060546875,257.10321044921875,0.7702425122261047,517.8396606445312,360.3856506347656,0.981306254863739,467.3533630371094,265.1606750488281,0.9950286746025085,352.9085693359375,384.2550048828125,0.6259735226631165,344.43182373046875,318.6156311035156,0.3030189573764801
1232,86.63127136230469,116.2884750366211,0.9999088048934937,1000.6428833007812,76.80623626708984,0.9994352459907532,89.35163116455078,1028.864990234375,0.9998425245285034,1023.8408203125,1022.0629272460938,0.9995729327201843,336.1068115234375,499.9212341308594,0.9998266100883484,331.9202880859375,609.8206176757812,0.9991348385810852,277.9244689941406,551.928466796875,0.9985851049423218,385.1766052246094,557.6759643554688,0.9968376159667969,713.8311767578125,497.568603515625,0.989980161190033,755.56494140625,716.1636352539062,0.9999048709869385,690.5767822265625,592.9697265625,0.994181215763092,785.7247314453125,567.7501831054688,0.9986153841018677,755.4492797851562,403.8623046875,0.7993800640106201,739.2835083007812,397.0740661621094,0.9815799593925476,721.1376342773438,386.21160888671875,0.8408468961715698,621.5780029296875,333.7749328613281,0.9855285286903381,706.6314086914062,322.3749694824219,0.3571723997592926,649.7763061523438,415.818115234375,0.9894130825996399,562.6705932617188,255.56251525878906,0.8733720779418945,511.7391662597656,357.2163391113281,0.9606496691703796,468.9886169433594,263.53985595703125,0.9994983673095703,344.8938293457031,380.1617736816406,0.4572989046573639,372.8586730957031,484.47552490234375,0.10140208899974823
1233,87.09033203125,116.80008697509766,0.9997993111610413,1000.530029296875,77.70945739746094,0.9998418092727661,90.23855590820312,1030.2152099609375,0.9998431205749512,1022.4028930664062,1020.8413696289062,0.999496579170227,338.3335266113281,499.31414794921875,0.9997180104255676,331.757568359375,610.5009155273438,0.9992764592170715,277.48358154296875,552.0296630859375,0.9986752867698669,387.0589599609375,558.8865356445312,0.9977495074272156,715.0673217773438,498.3089904785156,0.9954996705055237,756.2141723632812,715.7499389648438,0.999874472618103,691.727294921875,594.4673461914062,0.9953538179397583,784.4649658203125,567.5033569335938,0.9936617612838745,743.3638305664062,425.8550109863281,0.8763260245323181,735.817626953125,394.63690185546875,0.7108514308929443,725.3157348632812,388.04510498046875,0.7906310558319092,610.6956787109375,331.66204833984375,0.5756745338439941,707.314697265625,322.7337646484375,0.42818018794059753,648.9708251953125,417.99176025390625,0.9927228093147278,565.6351928710938,257.6112060546875,0.9242352843284607,503.0445251464844,350.32122802734375,0.9664585590362549,477.8729248046875,267.2457580566406,0.9977942705154419,353.9715576171875,445.7210998535156,0.7263354659080505,379.67596435546875,493.5650329589844,0.2795426845550537
1234,86.10304260253906,116.96843719482422,0.9998899698257446,999.8059692382812,78.85819244384766,0.9997130036354065,91.84904479980469,1030.1319580078125,0.9998112320899963,1022.06298828125,1020.8303833007812,0.9995530247688293,337.1588439941406,499.1775817871094,0.9994673132896423,333.7374572753906,609.7967529296875,0.9994276165962219,277.0665283203125,552.4620971679688,0.9984298348426819,385.89117431640625,557.2600708007812,0.998104453086853,714.5253295898438,495.38092041015625,0.9976080656051636,755.594970703125,716.9471435546875,0.999839186668396,691.3758544921875,594.8013305664062,0.9948728680610657,784.540771484375,564.3002319335938,0.9941512942314148,749.6099243164062,425.6317443847656,0.7115123271942139,738.53271484375,396.6134338378906,0.8929831981658936,725.2540893554688,389.4803161621094,0.846187949180603,607.4393310546875,333.5054016113281,0.7360865473747253,699.61865234375,318.1495666503906,0.48961541056632996,656.4052734375,411.26702880859375,0.7587677240371704,566.1809692382812,254.89244079589844,0.9228724837303162,501.38824462890625,351.97296142578125,0.9959737658500671,472.2312927246094,263.50897216796875,0.9990249872207642,400.6925048828125,230.4618682861328,0.35375839471817017,368.395751953125,486.0643615722656,0.8288758397102356
1235,87.57768249511719,117.27909851074219,0.999745786190033,1000.0731201171875,77.79193115234375,0.9997343420982361,90.53612518310547,1029.8651123046875,0.9998562335968018,1022.2190551757812,1020.4961547851562,0.999460756778717,337.5906982421875,498.9736328125,0.9994871616363525,333.3166809082031,610.418212890625,0.9992789626121521,277.1788635253906,553.162353515625,0.9976182579994202,386.3690490722656,558.7343139648438,0.9970032572746277,717.4707641601562,495.1140441894531,0.9979891777038574,754.8353271484375,714.835693359375,0.9998364448547363,693.3838500976562,596.43798828125,0.9978606104850769,786.5128784179688,565.3514404296875,0.9957422614097595,753.3212890625,430.14935302734375,0.8002721667289734,740.6044311523438,410.6271057128906,0.7877970337867737,727.845458984375,394.1460876464844,0.9431855082511902,623.04931640625,331.0681457519531,0.5312051177024841,714.8161010742188,320.9566345214844,0.47961947321891785,660.0608520507812,414.8555908203125,0.744564950466156,553.2744750976562,257.64703369140625,0.7695584297180176,500.7905578613281,350.70147705078125,0.9859579205513,474.4862060546875,264.6923522949219,0.9981435537338257,346.75994873046875,469.79791259765625,0.6216793656349182,364.1214904785156,482.2879333496094,0.6889861226081848
1236,86.27692413330078,115.3770751953125,0.999935507774353,1000.2550048828125,81.3355712890625,0.9996316432952881,89.36373138427734,1029.5106201171875,0.9999065399169922,1022.8457641601562,1021.0447998046875,0.9997045397758484,338.4090881347656,498.4248046875,0.9992232322692871,332.8697814941406,611.5592041015625,0.9995536208152771,277.61676025390625,552.134033203125,0.9984896183013916,386.3433837890625,559.7805786132812,0.9978531002998352,715.935791015625,496.0537109375,0.9965433478355408,756.3135986328125,715.581787109375,0.9997003078460693,690.8506469726562,594.0746459960938,0.9974428415298462,785.544677734375,566.4468994140625,0.996062695980072,760.7513427734375,433.4825744628906,0.9809743762016296,746.2820434570312,408.7337951660156,0.9667275547981262,732.1759643554688,395.4425354003906,0.6777973175048828,610.6692504882812,326.8768615722656,0.7013203501701355,709.7127075195312,319.8760986328125,0.6869397163391113,664.2119750976562,409.8983459472656,0.5891889929771423,552.8096923828125,255.83956909179688,0.825243353843689,497.2035827636719,337.4412841796875,0.9696680307388306,471.6162414550781,258.1726379394531,0.9991999268531799,323.4320068359375,365.4307556152344,0.7853738069534302,352.867919921875,472.372802734375,0.9496142268180847
1237,86.64089965820312,117.79887390136719,0.9999039173126221,1000.7540283203125,79.04086303710938,0.9995648264884949,91.042236328125,1029.531005859375,0.999862551689148,1022.2535400390625,1020.6063842773438,0.9995086193084717,338.1966247558594,497.62408447265625,0.9990736246109009,333.00714111328125,610.5799560546875,0.9992638230323792,277.4278259277344,553.79833984375,0.9987292885780334,386.9061279296875,557.96240234375,0.9961264729499817,716.4632568359375,495.96649169921875,0.9959726929664612,755.2069702148438,715.6168212890625,0.9996885061264038,691.58447265625,594.588134765625,0.9956602454185486,785.2610473632812,562.8282470703125,0.9930399656295776,749.070068359375,438.58294677734375,0.5869308114051819,744.564208984375,416.6869201660156,0.7749852538108826,733.3601684570312,402.5073547363281,0.8745348453521729,607.3751831054688,325.0793151855469,0.7884740829467773,710.738037109375,319.8190002441406,0.09171003848314285,682.0996704101562,421.31817626953125,0.5031529068946838,569.8914184570312,253.7465057373047,0.854707658290863,499.50103759765625,333.49676513671875,0.8300001621246338,475.10333251953125,257.6155090332031,0.9955784678459167,393.39654541015625,217.3444366455078,0.6314799785614014,352.60955810546875,466.86700439453125,0.82795250415802
1238,86.00253295898438,117.53865814208984,0.99982088804245,999.8582153320312,77.04822540283203,0.9999221563339233,89.3392562866211,1030.6998291015625,0.9998394250869751,1023.3742065429688,1020.9913330078125,0.9994485974311829,340.5580749511719,498.4497985839844,0.9994837045669556,332.09063720703125,610.4924926757812,0.9990861415863037,277.4136962890625,551.8551025390625,0.9984074234962463,386.4087219238281,560.1177978515625,0.9969668984413147,715.650634765625,498.4098815917969,0.9919329285621643,755.5079345703125,715.9429931640625,0.9997929930686951,691.7498779296875,593.7252807617188,0.9966541528701782,784.3005981445312,563.8529052734375,0.9978098273277283,748.0601806640625,439.9155578613281,0.8990078568458557,742.017822265625,421.22698974609375,0.9764009118080139,729.7972412109375,409.6908264160156,0.9083815217018127,613.0077514648438,330.86163330078125,0.9917855858802795,718.9746704101562,338.40765380859375,0.37537139654159546,697.5731201171875,434.9046325683594,0.42160719633102417,597.8538818359375,258.2910461425781,0.956749677658081,502.2566833496094,333.55206298828125,0.9960151314735413,480.5045471191406,248.74253845214844,0.9990313053131104,311.4247131347656,313.9561767578125,0.6011002659797668,288.9135437011719,395.0121154785156,0.7713675498962402
1239,86.54692840576172,117.39144134521484,0.9999326467514038,998.3673095703125,76.95075988769531,0.9998728036880493,90.7806625366211,1029.59619140625,0.9998666048049927,1022.5462036132812,1020.7171630859375,0.9995428323745728,339.33929443359375,498.2551574707031,0.9991512298583984,332.3721618652344,611.0635986328125,0.9993509650230408,277.4959716796875,551.2235107421875,0.9983294606208801,386.3016052246094,558.612548828125,0.9954323768615723,715.48193359375,497.8837890625,0.971419632434845,755.9696655273438,715.2291259765625,0.9997557997703552,692.5465087890625,593.3424072265625,0.994532585144043,784.1947021484375,567.2282104492188,0.9964485168457031,757.1410522460938,427.07275390625,0.8953983783721924,738.9369506835938,401.7207946777344,0.9746798872947693,722.5725708007812,396.0060119628906,0.9303475618362427,616.3292236328125,335.4399719238281,0.9877991676330566,706.5421752929688,322.46929931640625,0.5350130200386047,663.0066528320312,432.9660339355469,0.9455024003982544,596.5160522460938,260.4479064941406,0.7088264226913452,502.94525146484375,318.8840637207031,0.9964004755020142,489.6761169433594,239.61167907714844,0.9951871037483215,386.460693359375,203.26934814453125,0.43299904465675354,299.0741882324219,319.4809265136719,0.8500136733055115
1240,86.5820083618164,117.1020736694336,0.9998486042022705,999.3795166015625,77.55427551269531,0.999861478805542,90.505859375,1029.9046630859375,0.9998416900634766,1021.1029663085938,1020.2529907226562,0.9993762373924255,338.0931091308594,498.5674743652344,0.9989737272262573,333.2518005371094,612.1256713867188,0.9991403818130493,277.2977600097656,552.6281127929688,0.9979590177536011,386.6380615234375,558.734375,0.9936010241508484,714.034912109375,495.9584655761719,0.9932575225830078,755.626953125,715.5033569335938,0.9998849630355835,691.5333251953125,592.644287109375,0.9967471361160278,785.248046875,567.0548095703125,0.9984642267227173,756.9164428710938,417.0338134765625,0.6614570021629333,741.7011108398438,406.23980712890625,0.9594901204109192,725.9059448242188,393.98431396484375,0.7050310373306274,619.3092041015625,344.4075622558594,0.9267754554748535,703.8431396484375,328.5126953125,0.1485927402973175,662.0311889648438,431.82916259765625,0.9363623261451721,586.9934692382812,258.83795166015625,0.7554892301559448,509.7301025390625,332.7568054199219,0.9692135453224182,491.5020751953125,246.44065856933594,0.998396098613739,436.3229675292969,174.84107971191406,0.9519577622413635,354.64141845703125,272.2299499511719,0.20262280106544495
1241,87.37992095947266,117.83809661865234,0.999796450138092,998.4437866210938,80.89662170410156,0.9999008178710938,91.09375762939453,1029.4248046875,0.9999269247055054,1022.1095581054688,1020.751220703125,0.9991886019706726,338.95928955078125,498.3879699707031,0.9985835552215576,333.0452880859375,610.9672241210938,0.9990147352218628,277.8630065917969,552.914794921875,0.9984661340713501,386.6741027832031,559.7099609375,0.9971151351928711,712.0411376953125,496.8913879394531,0.9987912774085999,754.9315795898438,715.271240234375,0.9998636245727539,690.5647583007812,592.6889038085938,0.994907796382904,785.0364990234375,564.7067260742188,0.9991304278373718,755.0193481445312,419.5708312988281,0.9457463026046753,742.4801025390625,405.560546875,0.9729841351509094,726.7589111328125,394.4064636230469,0.708853006362915,616.0446166992188,333.1955261230469,0.9579565525054932,702.3601684570312,324.2829284667969,0.09733905643224716,655.953125,429.1351013183594,0.859308123588562,581.0913696289062,256.9505615234375,0.7577173113822937,510.1120910644531,333.6393737792969,0.9563593864440918,493.3367919921875,252.19456481933594,0.9991456270217896,381.53814697265625,192.9333953857422,0.7634144425392151,279.28192138671875,371.2973937988281,0.7237505912780762
1242,88.50161743164062,118.01677703857422,0.9997114539146423,998.99853515625,77.50387573242188,0.9996163845062256,89.61811065673828,1029.330322265625,0.9998805522918701,1022.2461547851562,1020.906494140625,0.9988389611244202,337.27325439453125,498.7082824707031,0.9992040991783142,333.5614013671875,611.3851318359375,0.9991216063499451,278.183837890625,553.6666259765625,0.9982886910438538,386.8626708984375,558.7616577148438,0.997248113155365,713.5241088867188,495.9422607421875,0.999051034450531,755.2498168945312,716.6809692382812,0.9998290538787842,691.1614990234375,592.909423828125,0.9946004152297974,783.9708862304688,564.7271118164062,0.9977617263793945,758.1563110351562,414.62109375,0.9630282521247864,741.8775634765625,403.5425720214844,0.9724200963973999,724.1776733398438,393.1226501464844,0.7372726202011108,624.3514404296875,338.988037109375,0.98244309425354,708.975830078125,324.6722717285156,0.08904684334993362,658.0646362304688,427.6829528808594,0.939833402633667,580.7015991210938,256.17718505859375,0.6091499924659729,512.9379272460938,340.1696472167969,0.9518734812736511,491.6143493652344,248.1117706298828,0.9990279674530029,414.0225524902344,182.8882598876953,0.9835272431373596,305.8876953125,227.65719604492188,0.43167081475257874
1243,87.67727661132812,118.5065689086914,0.9995997548103333,998.9337158203125,76.90254974365234,0.9997912049293518,89.51863098144531,1030.48388671875,0.9997860789299011,1021.8773803710938,1021.1063232421875,0.999534010887146,338.7264404296875,498.8309326171875,0.9989386200904846,333.56842041015625,611.6251831054688,0.9991833567619324,278.3355712890625,552.7987060546875,0.9978917241096497,386.70404052734375,559.231689453125,0.9965716600418091,713.6973876953125,497.5552978515625,0.9994010925292969,755.3844604492188,715.9956665039062,0.9998388290405273,691.2998657226562,592.2505493164062,0.9942581653594971,783.561767578125,561.7904663085938,0.9984142780303955,756.6666259765625,411.2681884765625,0.982333242893219,738.4409790039062,399.4650573730469,0.9702774286270142,723.2132568359375,383.1103820800781,0.7102538347244263,623.9774780273438,344.5174865722656,0.9842109680175781,701.7012939453125,323.2288513183594,0.0885002538561821,656.1102294921875,426.28466796875,0.8465113043785095,582.3511962890625,257.1439208984375,0.6206827163696289,508.28802490234375,335.0431823730469,0.974459707736969,494.7996520996094,249.20419311523438,0.999603807926178,427.5540466308594,179.3861541748047,0.9429491758346558,309.7709655761719,217.88980102539062,0.873157799243927
1244,87.7133560180664,116.46369934082031,0.9998167157173157,999.289306640625,77.92997741699219,0.9998111128807068,90.4503402709961,1028.869140625,0.9998799562454224,1022.638427734375,1021.4747314453125,0.999305248260498,336.9703369140625,498.85699462890625,0.9990723133087158,333.994873046875,611.5164184570312,0.9987512826919556,277.6752624511719,554.4224243164062,0.9974984526634216,386.4033508300781,558.724853515625,0.997212827205658,715.0520629882812,497.89520263671875,0.9887197613716125,755.6240234375,717.3114624023438,0.9998513460159302,693.3941650390625,592.6824340820312,0.9980021119117737,784.7344360351562,568.3209838867188,0.9976831674575806,755.5833740234375,412.9006652832031,0.9400196075439453,739.1500854492188,398.0366516113281,0.9798297882080078,721.5946044921875,390.7193908691406,0.773967981338501,626.7327880859375,343.1379089355469,0.984535276889801,705.6947021484375,322.782470703125,0.11227263510227203,659.4193725585938,426.7415466308594,0.9124336838722229,600.297607421875,261.9252014160156,0.49404147267341614,508.7962951660156,325.0791015625,0.9677456617355347,497.0346984863281,248.09518432617188,0.9997901320457458,419.4891662597656,169.69259643554688,0.9627183675765991,755.0275268554688,492.1790771484375,0.4767843186855316
1245,87.00946807861328,116.18730163574219,0.9999375343322754,999.0101318359375,80.06076049804688,0.9998511075973511,91.22809600830078,1028.3448486328125,0.9999045133590698,1022.41552734375,1020.5506591796875,0.9993616938591003,337.2243957519531,499.20556640625,0.9992978572845459,332.62744140625,611.5939331054688,0.9989746809005737,277.7445068359375,553.224853515625,0.9983687996864319,386.94677734375,558.7628784179688,0.9976486563682556,713.1603393554688,496.8546447753906,0.9979438185691833,755.9752197265625,717.5811767578125,0.9998236298561096,693.2651977539062,592.6754150390625,0.9941281080245972,784.2621459960938,559.7586669921875,0.9928410053253174,756.56201171875,423.9542236328125,0.8156383633613586,740.8738403320312,397.92877197265625,0.9559617042541504,725.3724365234375,388.47222900390625,0.8541281819343567,624.2645874023438,336.6263122558594,0.966741681098938,712.86376953125,326.8624572753906,0.09915264695882797,656.1702270507812,424.5215759277344,0.8327338695526123,582.5237426757812,257.6002502441406,0.5977053642272949,509.27532958984375,335.1736145019531,0.9782246351242065,496.9307861328125,247.61563110351562,0.999751627445221,420.89093017578125,165.59677124023438,0.9878010749816895,240.73948669433594,265.1563720703125,0.07594595849514008
1246,87.08321380615234,118.12212371826172,0.9997326731681824,1001.7680053710938,75.68895721435547,0.9996961355209351,90.56161499023438,1028.5234375,0.9998842477798462,1021.26025390625,1019.1068115234375,0.9994664788246155,335.9735412597656,498.1936950683594,0.9993035793304443,335.0282287597656,611.768310546875,0.9977337121963501,277.1682434082031,553.5878295898438,0.9984330534934998,387.2860107421875,556.700439453125,0.9968360662460327,711.7099609375,495.5483703613281,0.9980320334434509,755.6202392578125,716.0953979492188,0.9998897314071655,690.4410400390625,590.1219482421875,0.9976282715797424,784.9766235351562,562.3939208984375,0.9970303773880005,795.3572998046875,422.6846618652344,0.893779993057251,765.8505859375,397.8287658691406,0.7362473011016846,761.461181640625,389.6419677734375,0.5951607823371887,638.185546875,342.2041320800781,0.8212934136390686,739.9344482421875,343.3528137207031,0.2110517919063568,669.4428100585938,421.623291015625,0.9264516234397888,605.1104125976562,261.4073181152344,0.28988122940063477,514.0811767578125,328.3095397949219,0.9447454214096069,500.0407409667969,251.51036071777344,0.9996063113212585,423.9951477050781,166.2892303466797,0.987529993057251,341.8693542480469,159.36129760742188,0.36610400676727295
1247,87.44666290283203,117.7578125,0.9998327493667603,1000.59716796875,75.16259002685547,0.9998509883880615,91.6840591430664,1028.1239013671875,0.999834418296814,1022.2083740234375,1020.0942993164062,0.9996331930160522,338.2938232421875,498.868408203125,0.9993029832839966,332.55352783203125,611.1646728515625,0.9985992312431335,277.9532775878906,553.10888671875,0.9973751306533813,386.6261291503906,559.4008178710938,0.9965031147003174,712.5382080078125,497.88360595703125,0.9970627427101135,753.6116943359375,715.8745727539062,0.9998675584793091,692.329345703125,591.3623657226562,0.9937341809272766,784.1572265625,560.5429077148438,0.9971291422843933,826.9481811523438,386.3388366699219,0.6493743658065796,783.97607421875,378.7885437011719,0.9462720155715942,753.4474487304688,373.4039001464844,0.9252224564552307,645.3557739257812,326.2034912109375,0.9792798161506653,733.0938720703125,312.0005187988281,0.7860404253005981,698.3983154296875,408.8728332519531,0.9942718744277954,609.762939453125,261.60595703125,0.8835489153862,523.48779296875,342.83685302734375,0.779163122177124,505.4880065917969,259.6420593261719,0.999075174331665,425.5180358886719,166.2889862060547,0.9487484693527222,305.45111083984375,177.4694061279297,0.19949866831302643
1248,86.09691619873047,116.47920989990234,0.999893069267273,1001.6328125,77.77006530761719,0.9996912479400635,90.0811996459961,1028.3277587890625,0.9999029636383057,1022.7835693359375,1020.2056274414062,0.9995866417884827,337.2100830078125,498.616943359375,0.9991669654846191,333.09600830078125,611.5515747070312,0.9988875985145569,278.0257568359375,552.2974853515625,0.9988023042678833,385.41302490234375,558.224853515625,0.9944918155670166,712.2805786132812,497.22698974609375,0.9974043965339661,756.1567993164062,717.45703125,0.9998569488525391,692.7218627929688,593.1773681640625,0.9943853616714478,785.320556640625,563.1585693359375,0.9948675632476807,534.93603515625,385.043212890625,0.601502001285553,818.16943359375,353.8990783691406,0.9946582913398743,787.1028442382812,355.2171936035156,0.9940146803855896,661.0888061523438,324.755615234375,0.9772174954414368,757.78466796875,302.1566162109375,0.8306299448013306,740.6342163085938,395.27215576171875,0.9977489113807678,605.2379760742188,257.8419494628906,0.9843399524688721,551.18359375,351.9576110839844,0.5854186415672302,516.4990844726562,271.4442443847656,0.9972195625305176,442.4749450683594,173.96371459960938,0.8070005178451538,281.87640380859375,215.2214813232422,0.41717320680618286
1249,87.15083312988281,116.866455078125,0.9995487332344055,998.8598022460938,76.63460540771484,0.9991918206214905,89.65476989746094,1027.1436767578125,0.9999098777770996,1022.6238403320312,1021.2659301757812,0.9997237324714661,337.56207275390625,498.55584716796875,0.9988833069801331,332.850341796875,612.13818359375,0.9989475607872009,277.7263488769531,552.6732177734375,0.9987512826919556,385.4779052734375,558.257568359375,0.9941974878311157,714.3964233398438,496.1695556640625,0.997441291809082,754.20166015625,717.2927856445312,0.9997863173484802,691.2410278320312,591.2186279296875,0.9929123520851135,784.811767578125,561.1774291992188,0.9972931742668152,895.2651977539062,306.1162414550781,0.9896354079246521,853.4379272460938,321.571533203125,0.9282486438751221,834.510009765625,332.5413818359375,0.9587680697441101,677.2578125,324.9070129394531,0.9917901754379272,617.5680541992188,395.466064453125,0.5530727505683899,773.8336181640625,382.0356140136719,0.7521812915802002,602.1768798828125,265.12652587890625,0.985464870929718,555.8970336914062,370.0710144042969,0.35407692193984985,537.8106689453125,289.41900634765625,0.9952816367149353,459.47119140625,194.22621154785156,0.9948045611381531,984.3411865234375,308.6156311035156,0.23348136246204376
1250,86.92333984375,118.99674987792969,0.999645471572876,1000.8552856445312,77.9822006225586,0.9994992017745972,91.30533599853516,1028.686767578125,0.9999220371246338,1023.1322021484375,1021.471923828125,0.9998170733451843,338.0263977050781,498.4320373535156,0.9986961483955383,332.03460693359375,611.41796875,0.9987379908561707,276.8450927734375,551.9502563476562,0.9978131055831909,386.3490295410156,558.7916259765625,0.9942141175270081,715.5054931640625,495.7125244140625,0.9965554475784302,755.3870849609375,716.2628173828125,0.9998389482498169,693.3617553710938,592.4598388671875,0.9930061101913452,785.2725219726562,565.3018188476562,0.9975736737251282,902.324462890625,255.6240692138672,0.7869861125946045,876.9691772460938,282.2455139160156,0.9800773859024048,846.499755859375,304.94708251953125,0.8508340716362,702.260986328125,325.3995361328125,0.9791204929351807,787.1477661132812,276.259521484375,0.5440752506256104,797.4603271484375,370.0837707519531,0.8814571499824524,627.3928833007812,274.7809143066406,0.9252680540084839,631.7365112304688,392.1672058105469,0.6341137886047363,552.8775634765625,310.6681213378906,0.9920001029968262,478.42633056640625,225.60801696777344,0.9339123368263245,296.42218017578125,244.57275390625,0.15351161360740662
1251,86.94358825683594,116.70723724365234,0.9997177720069885,1000.3718872070312,77.37828826904297,0.9998308420181274,91.55477905273438,1029.7501220703125,0.999894380569458,1022.735595703125,1020.2660522460938,0.9996455907821655,340.25311279296875,498.7506103515625,0.9990826845169067,332.51348876953125,610.3192138671875,0.9989458918571472,277.3168640136719,551.7188110351562,0.9974671602249146,386.39605712890625,559.03857421875,0.9954668283462524,716.7330322265625,497.195556640625,0.9972825050354004,754.0289306640625,715.1116943359375,0.9998651742935181,691.9963989257812,589.3142700195312,0.9955593347549438,784.176025390625,561.28076171875,0.9966225624084473,909.8102416992188,224.88470458984375,0.9777039289474487,883.1449584960938,251.08583068847656,0.9805907607078552,856.8555297851562,265.9175109863281,0.9184805750846863,727.05810546875,314.79595947265625,0.896662712097168,791.2584228515625,246.60809326171875,0.8718845844268799,825.4373168945312,338.0874938964844,0.9187378883361816,636.4381103515625,282.97711181640625,0.9799038767814636,692.2495727539062,398.21820068359375,0.5247505307197571,561.3291015625,323.78082275390625,0.9989439845085144,493.8426818847656,244.27000427246094,0.9822158813476562,289.46856689453125,266.1057434082031,0.2266584187746048
1252,86.68739318847656,115.97710418701172,0.9999064207077026,999.2003784179688,76.402099609375,0.9997438788414001,89.33706665039062,1030.521240234375,0.9998800754547119,1020.9133911132812,1020.9138793945312,0.9994934797286987,338.8293762207031,498.715576171875,0.9987437129020691,332.41778564453125,611.3247680664062,0.9991464614868164,277.3775939941406,552.0997924804688,0.9980106949806213,386.6859436035156,559.5423583984375,0.9978722333908081,717.8085327148438,496.3677673339844,0.9982696771621704,754.32861328125,715.8236694335938,0.9998146891593933,693.7413940429688,594.8228759765625,0.9850008487701416,785.1082763671875,566.207275390625,0.9914822578430176,906.8055419921875,176.496337890625,0.9982098340988159,892.661376953125,205.8004150390625,0.9476158022880554,878.5056762695312,220.26046752929688,0.7957119941711426,746.3236083984375,311.60552978515625,0.9852124452590942,798.6035766601562,229.51173400878906,0.25261491537094116,846.8764038085938,322.029541015625,0.5950635671615601,657.2035522460938,278.9957580566406,0.9783370494842529,705.5918579101562,400.4962463378906,0.7169978022575378,599.476318359375,353.3355407714844,0.9971994161605835,513.6881103515625,268.5457458496094,0.9988906979560852,327.93829345703125,280.74383544921875,0.31190815567970276
1253,87.54476165771484,117.19925689697266,0.9998294115066528,999.9624633789062,73.90165710449219,0.9996803998947144,89.38128662109375,1030.004150390625,0.9998917579650879,1022.5366821289062,1021.130126953125,0.9994753003120422,338.1585693359375,498.54437255859375,0.998531699180603,331.7084655761719,610.1963500976562,0.9991593360900879,277.4227294921875,551.858154296875,0.9978646636009216,386.01739501953125,558.8082275390625,0.9971184730529785,716.3832397460938,494.4825134277344,0.9976595640182495,755.216064453125,715.373291015625,0.999855637550354,691.9120483398438,592.5948486328125,0.9921191930770874,784.2593994140625,567.3154296875,0.9929431080818176,930.5843505859375,147.85414123535156,0.8881155848503113,913.647705078125,171.0348663330078,0.6642515659332275,889.433349609375,193.23536682128906,0.6024590134620667,764.5240478515625,298.2372741699219,0.921527624130249,824.8621215820312,198.10508728027344,0.6201029419898987,872.55126953125,291.3719482421875,0.5180156230926514,656.9497680664062,299.10040283203125,0.5699660778045654,727.7394409179688,391.7606201171875,0.9072940945625305,630.4170532226562,369.2154541015625,0.9597127437591553,536.1937866210938,299.31427001953125,0.8812757134437561,380.70587158203125,276.5985107421875,0.08669742196798325
1254,85.45585632324219,115.8099594116211,0.9999059438705444,1001.13134765625,75.48243713378906,0.9996066689491272,89.81000518798828,1029.2261962890625,0.9998713731765747,1023.0986328125,1021.2523193359375,0.9996216297149658,339.23602294921875,498.43707275390625,0.9984686970710754,331.6972351074219,609.6106567382812,0.9985130429267883,277.3970947265625,551.6622924804688,0.9977880716323853,386.6038513183594,560.2177734375,0.9977754950523376,714.88623046875,496.9436340332031,0.9994707703590393,755.3114624023438,715.9462890625,0.9998816251754761,692.5746459960938,592.91845703125,0.9961410164833069,783.6744995117188,563.979736328125,0.9965097308158875,958.3057250976562,138.183349609375,0.9954460859298706,931.9503173828125,158.2560272216797,0.9847742319107056,907.3092041015625,179.04200744628906,0.9813593626022339,778.39794921875,291.05889892578125,0.963664174079895,836.1253051757812,187.77674865722656,0.6202614307403564,890.5228271484375,261.41241455078125,0.6336702108383179,696.1344604492188,260.0599670410156,0.38799482583999634,743.7390747070312,384.82232666015625,0.3010300099849701,650.3550415039062,369.1942138671875,0.977146327495575,534.413818359375,311.5887451171875,0.9370810389518738,310.2111511230469,289.9231262207031,0.19956184923648834
1255,87.18441772460938,115.28035736083984,0.9999061822891235,998.81005859375,79.18257141113281,0.9996743202209473,89.5035171508789,1029.36181640625,0.999860405921936,1021.8607788085938,1021.8193969726562,0.9994626641273499,339.34686279296875,498.4205322265625,0.9984869956970215,332.0753173828125,609.6671142578125,0.998460054397583,276.9892883300781,551.8106689453125,0.9974108338356018,386.0920104980469,559.1845092773438,0.9962497353553772,713.961669921875,499.11187744140625,0.9995012283325195,757.0045776367188,716.0961303710938,0.9998698234558105,692.3089599609375,591.4324951171875,0.9948506951332092,783.1881103515625,562.8848876953125,0.9941071271896362,962.2461547851562,117.44144439697266,0.9993347525596619,940.4589233398438,156.47537231445312,0.9907565712928772,926.5973510742188,171.32357788085938,0.9643767476081848,783.766357421875,286.08575439453125,0.596127450466156,848.4716796875,187.6403045654297,0.8081895112991333,907.3828125,254.40469360351562,0.7392297983169556,676.01904296875,277.7880859375,0.8932681679725647,749.6867065429688,374.70404052734375,0.9462348818778992,665.9285888671875,367.27020263671875,0.809117317199707,581.2799072265625,351.6312255859375,0.8774847984313965,512.03173828125,321.22943115234375,0.985375702381134
1256,86.70761108398438,117.715087890625,0.9999306201934814,1001.392822265625,79.0544662475586,0.9990543723106384,90.32194519042969,1029.77294921875,0.9998832941055298,1020.823974609375,1021.7240600585938,0.9987554550170898,338.8874816894531,498.1234436035156,0.9987618923187256,332.59686279296875,609.9912109375,0.9982902407646179,277.3601379394531,552.2478637695312,0.9972919821739197,386.3516845703125,558.9482421875,0.9960327744483948,716.5350341796875,498.4541015625,0.9995390176773071,754.898193359375,715.3785400390625,0.9998794794082642,692.73095703125,590.6414184570312,0.9915260672569275,783.7484130859375,561.1998291015625,0.9911688566207886,943.9873046875,126.54944610595703,0.9326645731925964,936.3579711914062,147.9529266357422,0.9965288043022156,921.001220703125,166.0553741455078,0.9911649823188782,799.01513671875,275.62713623046875,0.9561014175415039,840.6470947265625,182.7498779296875,0.9936230778694153,910.1934814453125,252.91104125976562,0.9405084252357483,710.72265625,267.7788391113281,0.981674313545227,797.7156982421875,368.20074462890625,0.6947779059410095,678.8260498046875,361.3576965332031,0.9718310832977295,580.6319580078125,361.3638916015625,0.906436562538147,509.862548828125,349.4185791015625,0.9647259712219238
1257,86.0674819946289,118.53140258789062,0.9998773336410522,1001.3973999023438,76.97504425048828,0.9996687173843384,90.6553726196289,1028.9532470703125,0.999909520149231,1022.3045043945312,1020.78662109375,0.9995681643486023,338.6963806152344,498.6255798339844,0.9989491105079651,333.62628173828125,610.4183959960938,0.9987809062004089,277.3143310546875,553.5341796875,0.9965086579322815,386.3636779785156,558.43798828125,0.9945701956748962,716.5661010742188,498.16552734375,0.999383807182312,755.875244140625,715.3682861328125,0.9998328685760498,693.9457397460938,592.5286254882812,0.9850377440452576,782.4523315429688,562.4640502929688,0.9960887432098389,912.9622802734375,122.30719757080078,0.3693667948246002,908.2079467773438,140.51947021484375,0.9155657887458801,895.9757080078125,161.54330444335938,0.994706928730011,799.3968505859375,273.7596130371094,0.9539186358451843,829.057861328125,179.90135192871094,0.9001569747924805,903.5238647460938,249.3985595703125,0.30537092685699463,713.4141845703125,273.0630187988281,0.9753487706184387,806.34326171875,374.3366394042969,0.4514094293117523,674.9569702148438,367.5786437988281,0.8682554364204407,553.6019897460938,368.4156494140625,0.9785656332969666,453.126708984375,366.1211242675781,0.786064088344574
1258,86.14141082763672,117.64459991455078,0.9999169111251831,1000.4655151367188,80.55360412597656,0.9996925592422485,90.91730499267578,1029.405517578125,0.9998642206192017,1023.6068725585938,1021.9459228515625,0.9998027682304382,338.4128723144531,498.3707580566406,0.9988094568252563,332.9137268066406,610.2318115234375,0.9987751841545105,277.5453186035156,551.8375244140625,0.9968731999397278,386.77520751953125,558.4765014648438,0.9950953722000122,715.72705078125,499.4441833496094,0.9980541467666626,755.3818969726562,716.6619873046875,0.9999072551727295,692.6882934570312,592.0108032226562,0.9857475161552429,783.8839721679688,567.6073608398438,0.9721101522445679,863.5687866210938,120.21932983398438,0.9246463179588318,878.6755981445312,142.45547485351562,0.9361169934272766,869.9984741210938,161.9099884033203,0.9941552877426147,796.001708984375,277.3106994628906,0.9838783740997314,817.7572021484375,186.5960693359375,0.9517825841903687,890.9288940429688,257.7857666015625,0.3834245502948761,711.1351318359375,273.41705322265625,0.9952093958854675,794.5846557617188,375.4892883300781,0.8791967630386353,680.34814453125,362.94097900390625,0.9563905000686646,547.4884643554688,376.2724914550781,0.9449792504310608,438.30841064453125,371.37322998046875,0.47336140275001526
1259,86.88062286376953,117.32727813720703,0.999903678894043,999.6994018554688,80.74417877197266,0.9996939897537231,91.21810150146484,1029.9744873046875,0.9998984336853027,1023.1209106445312,1021.1084594726562,0.9997832179069519,338.7192077636719,498.552490234375,0.9989044666290283,331.36639404296875,609.65869140625,0.9988535642623901,277.8616027832031,551.1912841796875,0.9963229894638062,386.1782531738281,559.6087036132812,0.9976961016654968,719.762939453125,496.5734558105469,0.9968001842498779,756.6585693359375,714.2826538085938,0.9998778104782104,694.3023071289062,592.3776245117188,0.9922450184822083,784.2496948242188,567.8875122070312,0.9903685450553894,857.285888671875,124.3024673461914,0.8451510667800903,854.90771484375,142.3797607421875,0.7898459434509277,849.2875366210938,163.84219360351562,0.9810792207717896,793.905029296875,271.4925537109375,0.7901767492294312,799.84814453125,183.54425048828125,0.8863238096237183,886.8267822265625,229.92405700683594,0.04039812833070755,885.2086181640625,262.4130554199219,0.9933435916900635,777.9830322265625,378.2503967285156,0.25285524129867554,673.7147827148438,370.7209777832031,0.8166642189025879,559.1444702148438,388.9790954589844,0.9414934515953064,436.0283508300781,392.80645751953125,0.4655480682849884
1260,88.0730209350586,117.60604095458984,0.9989252686500549,1000.6488037109375,82.55078887939453,0.9997870326042175,88.75614929199219,1029.7509765625,0.9998958110809326,1022.6644287109375,1021.2636108398438,0.9996433258056641,338.818359375,498.38934326171875,0.998765230178833,332.26861572265625,610.3819580078125,0.9993447661399841,277.4498596191406,551.0946655273438,0.9960885047912598,385.849365234375,559.0957641601562,0.9968861937522888,722.3026123046875,496.8048400878906,0.9986995458602905,756.0748291015625,715.9961547851562,0.9997417330741882,695.1154174804688,594.4112548828125,0.9900222420692444,782.1095581054688,568.137939453125,0.9886605739593506,833.813720703125,131.29443359375,0.09666646271944046,835.6593627929688,149.8706817626953,0.34591177105903625,826.11083984375,171.6673583984375,0.8120317459106445,793.1678466796875,277.5022277832031,0.9579416513442993,780.1420288085938,193.7761688232422,0.863250732421875,835.8836059570312,336.3741455078125,0.0923549011349678,707.7813110351562,283.5722351074219,0.9743121266365051,765.2265625,380.15478515625,0.9454470872879028,828.314697265625,137.07736206054688,0.3092341125011444,462.205322265625,388.3592529296875,0.9162203073501587,735.6246948242188,130.58233642578125,0.07858072966337204
1261,85.61783599853516,117.58084869384766,0.9998065829277039,1000.3807983398438,79.38028717041016,0.9996929168701172,89.66240692138672,1029.120849609375,0.9998124241828918,1020.7937622070312,1021.3516235351562,0.9992478489875793,338.0895690917969,498.0237731933594,0.998714804649353,335.0804443359375,610.0133666992188,0.9982000589370728,277.1380920410156,552.421630859375,0.9959412813186646,387.09490966796875,557.8445434570312,0.9936541318893433,716.8764038085938,497.526611328125,0.9963791966438293,755.3631591796875,717.048828125,0.9996806383132935,691.5935668945312,594.2308349609375,0.9915205836296082,782.8408813476562,564.3914184570312,0.9962223768234253,817.4620361328125,127.79500579833984,0.9874542951583862,824.9735107421875,144.99098205566406,0.9809112548828125,818.672119140625,164.82620239257812,0.9948204755783081,791.3348388671875,272.8507385253906,0.964046061038971,764.3303833007812,205.7611083984375,0.9718701839447021,859.154296875,220.6546630859375,0.18791784346103668,708.3712158203125,287.1070556640625,0.9305624961853027,775.4356689453125,369.32159423828125,0.5629169344902039,673.395751953125,373.008544921875,0.89751797914505,540.501953125,398.4623718261719,0.9456834197044373,396.58111572265625,383.70574951171875,0.18162801861763
1262,87.47676849365234,115.98799133300781,0.9996365308761597,1000.5562744140625,77.79978942871094,0.9985367059707642,89.43006896972656,1029.41748046875,0.9997870326042175,1023.7051391601562,1020.3685913085938,0.9994634985923767,338.0218811035156,498.7984924316406,0.9993526339530945,333.6311340332031,611.6629638671875,0.9983951449394226,277.2912902832031,552.3101196289062,0.9964750409126282,387.10919189453125,559.0723266601562,0.9949197173118591,719.5287475585938,494.0155334472656,0.9931401610374451,756.8175048828125,715.1220703125,0.999790608882904,691.9759521484375,592.6820678710938,0.9851837158203125,784.5974731445312,562.6651611328125,0.9941575527191162,786.5801391601562,115.11024475097656,0.21860672533512115,814.3602905273438,142.10836791992188,0.3743935525417328,816.7635498046875,165.8291473388672,0.26844772696495056,783.0936889648438,277.3694152832031,0.9810102581977844,761.84716796875,203.33445739746094,0.21574537456035614,858.491455078125,220.96954345703125,0.17603476345539093,707.3956298828125,281.05853271484375,0.9776071310043335,763.7465209960938,377.94708251953125,0.9382322430610657,806.1353759765625,132.10064697265625,0.9314011931419373,544.3090209960938,404.638671875,0.9819596409797668,266.57635498046875,385.9346923828125,0.7371712923049927
1263,86.8154296875,117.81513977050781,0.9997873902320862,1000.7294921875,76.12671661376953,0.999476969242096,90.33052825927734,1028.7696533203125,0.9997523427009583,1022.2565307617188,1020.4182739257812,0.9997257590293884,336.8204345703125,497.9666442871094,0.9985707998275757,334.165771484375,611.52587890625,0.9987286925315857,277.2076721191406,552.9842529296875,0.9968993663787842,387.36712646484375,558.1382446289062,0.9959673881530762,719.7194213867188,497.0116882324219,0.9951426982879639,756.482177734375,717.6409912109375,0.9998425245285034,692.918212890625,591.2615966796875,0.9601039886474609,783.663818359375,565.643310546875,0.9927380681037903,818.4263305664062,116.98197174072266,0.984033465385437,822.9557495117188,140.547607421875,0.9706497192382812,815.2463989257812,166.43983459472656,0.9854236245155334,780.9866333007812,280.294189453125,0.9556850790977478,756.6864624023438,201.5978240966797,0.6561906933784485,860.6541137695312,225.7187957763672,0.9009720087051392,703.2500610351562,281.5252685546875,0.985194742679596,765.7110595703125,375.6620788574219,0.9548114538192749,678.5044555664062,370.8356018066406,0.9547349810600281,537.1541748046875,411.4662170410156,0.8919532299041748,320.1265869140625,411.67889404296875,0.15202797949314117
1264,86.7811050415039,115.04867553710938,0.9998071789741516,1000.0875244140625,75.60572052001953,0.9996515512466431,88.37090301513672,1030.24609375,0.9997251629829407,1022.7605590820312,1020.829833984375,0.9996993541717529,337.8442077636719,498.1895446777344,0.9980449676513672,333.1664123535156,610.7867431640625,0.9983308911323547,277.3725280761719,552.39599609375,0.9942163228988647,386.6819763183594,559.1056518554688,0.9920048117637634,717.1735229492188,496.7048034667969,0.996322512626648,757.4642944335938,715.8297119140625,0.9998047947883606,691.5084838867188,591.8896484375,0.9841247797012329,784.5431518554688,565.6799926757812,0.9961397051811218,850.536376953125,122.37345123291016,0.81488436460495,849.1527709960938,143.18893432617188,0.888279914855957,833.9474487304688,170.93612670898438,0.9591259956359863,780.234375,277.9004211425781,0.9857816100120544,774.1339111328125,189.2021026611328,0.9319849014282227,869.8007202148438,231.21466064453125,0.360830694437027,703.699951171875,278.660888671875,0.9709780812263489,765.4461059570312,371.31573486328125,0.9540212750434875,674.3806762695312,376.90576171875,0.9753422737121582,528.8536376953125,414.4540100097656,0.706276535987854,331.01751708984375,418.3833923339844,0.8977715969085693
1265,87.00569152832031,117.67700958251953,0.9998282194137573,999.3468017578125,73.74533081054688,0.9998537302017212,89.0380859375,1029.761474609375,0.9998044371604919,1023.2598266601562,1021.1126098632812,0.9997503161430359,337.1900634765625,498.5294189453125,0.9975379705429077,334.4970397949219,610.6502685546875,0.9985609650611877,277.1029968261719,553.1634521484375,0.9909130334854126,386.6789245605469,556.4228515625,0.9955431818962097,720.5402221679688,497.0512390136719,0.9980648159980774,756.5851440429688,716.6785278320312,0.9998589754104614,689.930419921875,591.3800659179688,0.9861053824424744,786.8078002929688,565.5596923828125,0.9945915341377258,900.8977661132812,102.4993667602539,0.9217811226844788,892.5276489257812,122.1981430053711,0.8318368792533875,869.173583984375,147.54904174804688,0.9879816174507141,788.8248291015625,264.78790283203125,0.9258766174316406,800.7923583984375,166.0252227783203,0.8170944452285767,885.3009643554688,209.43092346191406,0.7044066190719604,701.7919311523438,282.88482666015625,0.9596989750862122,759.72998046875,376.39453125,0.9052149653434753,675.3068237304688,372.49566650390625,0.9979586601257324,407.3160400390625,408.0601806640625,0.8652851581573486,310.7672424316406,427.0777282714844,0.8974319696426392
1266,87.17465209960938,117.52214050292969,0.9996519088745117,1000.4157104492188,80.43563842773438,0.9986159801483154,89.84626770019531,1029.155029296875,0.999761164188385,1023.4716186523438,1020.541259765625,0.9994909763336182,336.9834899902344,498.298828125,0.9991391897201538,333.9782409667969,610.89404296875,0.9982154369354248,277.52191162109375,552.8929443359375,0.9953420162200928,386.93084716796875,557.1458740234375,0.9937279224395752,720.5684204101562,496.2098693847656,0.9974817633628845,756.2598266601562,716.6870727539062,0.9998897314071655,691.8405151367188,592.6954956054688,0.9932985901832581,785.189453125,563.606689453125,0.9974591135978699,945.1788330078125,103.66989135742188,0.6860620379447937,929.1552124023438,117.1773910522461,0.9664369821548462,901.439208984375,139.3923797607422,0.9410216808319092,798.7637329101562,249.02871704101562,0.9875342845916748,837.830322265625,143.19570922851562,0.48719969391822815,923.4345092773438,173.63668823242188,0.8018952012062073,702.044189453125,274.03790283203125,0.9963864088058472,757.0933227539062,367.314697265625,0.8949340581893921,675.5521240234375,361.9804382324219,0.9992339611053467,541.9148559570312,414.5186462402344,0.9920690059661865,365.7790832519531,420.913330078125,0.9021753072738647
1267,87.85194396972656,115.70345306396484,0.9997212290763855,1000.8304443359375,75.79804229736328,0.9974405765533447,89.61553955078125,1029.7142333984375,0.9997997879981995,1021.9982299804688,1020.2954711914062,0.9993079900741577,336.9010009765625,498.34027099609375,0.9988347887992859,335.5125732421875,611.7646484375,0.9986842274665833,277.3304443359375,552.5413818359375,0.9963782429695129,386.436279296875,555.97998046875,0.9941636919975281,719.7061157226562,496.593505859375,0.99570232629776,756.31103515625,717.3549194335938,0.9998353719711304,692.2792358398438,595.13623046875,0.9941571950912476,784.4960327148438,564.5428466796875,0.9976135492324829,976.8126220703125,89.51067352294922,0.8255781531333923,941.902587890625,117.87373352050781,0.9825152158737183,917.2020874023438,137.6663818359375,0.9820367693901062,815.4872436523438,228.5046844482422,0.9845114946365356,860.3025512695312,134.0099334716797,0.9886992573738098,920.67626953125,199.82847595214844,0.8618218898773193,712.1926879882812,259.722900390625,0.9950867295265198,778.9580688476562,335.20562744140625,0.7528261542320251,675.7859497070312,349.6771545410156,0.9354716539382935,536.2870483398438,412.84259033203125,0.9902662634849548,386.2906799316406,420.82965087890625,0.2851466238498688
1268,87.412353515625,115.35340881347656,0.999858021736145,1005.5459594726562,71.2964859008789,0.9460207223892212,87.52709197998047,1029.9033203125,0.9997753500938416,1024.59765625,1021.6995239257812,0.9997312426567078,337.51348876953125,498.7136535644531,0.9988285899162292,334.6214904785156,611.7439575195312,0.9982094764709473,277.1922607421875,553.0830078125,0.9963704347610474,385.8533935546875,556.9647216796875,0.9945828318595886,720.645263671875,495.927490234375,0.9971720576286316,756.3572998046875,716.511474609375,0.9998670816421509,692.3134765625,594.665771484375,0.9965419173240662,785.8558959960938,566.6596069335938,0.9938622713088989,999.6435546875,81.79197692871094,0.9917523264884949,971.2354125976562,102.1695785522461,0.9208852648735046,937.8704833984375,121.60816955566406,0.9145675897598267,813.967529296875,225.03582763671875,0.9863044619560242,876.8370361328125,113.1947021484375,0.9588465690612793,932.1356201171875,185.93789672851562,0.9808971881866455,722.9193725585938,249.6927947998047,0.9943792223930359,776.1552124023438,351.8519287109375,0.9928932785987854,700.34033203125,332.5874328613281,0.9923576712608337,537.9122924804688,408.1369934082031,0.9959399700164795,420.44525146484375,501.1274719238281,0.8541236519813538
1269,85.08306884765625,115.6744384765625,0.999834418296814,1004.73681640625,69.84967041015625,0.9171335697174072,89.97750854492188,1029.7027587890625,0.9995225667953491,1023.3262329101562,1021.4863891601562,0.9993658661842346,337.2071533203125,498.44744873046875,0.9985890984535217,333.3983459472656,610.0286254882812,0.9981476068496704,277.2076110839844,552.4557495117188,0.9961458444595337,385.6778259277344,554.3533325195312,0.9955494403839111,722.0888671875,496.22900390625,0.9971036314964294,754.7517700195312,715.7301025390625,0.9998617172241211,692.9957885742188,594.8323974609375,0.9958623647689819,785.9025268554688,563.8927612304688,0.9922829270362854,996.2181396484375,78.76777648925781,0.9980410933494568,974.2498168945312,99.4416275024414,0.9787780046463013,949.2981567382812,116.02176666259766,0.8452484011650085,835.6989135742188,204.79425048828125,0.928680956363678,888.5634765625,102.46107482910156,0.9825746417045593,941.2495727539062,185.18031311035156,0.9259735345840454,730.3046264648438,243.0496826171875,0.970882773399353,799.705322265625,320.4649963378906,0.6081674695014954,707.4058837890625,335.92327880859375,0.8273147940635681,544.6975708007812,411.87908935546875,0.9851692914962769,434.8522644042969,446.4646911621094,0.9003564715385437
1270,86.50248718261719,116.74738311767578,0.9997797608375549,998.9825439453125,82.12694549560547,0.9095461964607239,88.98309326171875,1029.616943359375,0.9998254179954529,1023.725830078125,1020.1713256835938,0.9998366832733154,338.41717529296875,498.14739990234375,0.9986445307731628,333.8315124511719,611.192626953125,0.9988381266593933,277.1745910644531,552.0968627929688,0.9960741996765137,385.3328857421875,557.085205078125,0.9902037382125854,716.9019165039062,495.3915100097656,0.9946281313896179,755.8024291992188,717.275390625,0.9998776912689209,692.9556884765625,590.4276123046875,0.9919549822807312,784.89306640625,562.740234375,0.9884756803512573,984.096923828125,87.02070617675781,0.9912614822387695,961.0359497070312,103.12162780761719,0.9949058294296265,931.6524658203125,121.95822143554688,0.7686657905578613,839.433349609375,212.6256866455078,0.9848119020462036,883.5368041992188,108.9325942993164,0.9892597198486328,941.0565795898438,178.07704162597656,0.40695083141326904,740.4359741210938,247.41685485839844,0.9957489967346191,814.3709716796875,319.2991943359375,0.9719375371932983,726.6903686523438,339.2613525390625,0.8208399415016174,642.5330810546875,392.97314453125,0.7622424960136414,513.2609252929688,449.5962219238281,0.9414883852005005
1271,86.11311340332031,116.51759338378906,0.9998797178268433,996.4898071289062,79.7764892578125,0.6141043901443481,89.7799301147461,1030.16650390625,0.9998149275779724,1022.3111572265625,1021.116943359375,0.9994667172431946,339.1572570800781,499.0917663574219,0.9984433054924011,331.47430419921875,610.387939453125,0.9990548491477966,276.6688232421875,551.8789672851562,0.9957500696182251,384.4708251953125,559.7515869140625,0.9955470561981201,719.4622802734375,496.7928466796875,0.9896965026855469,755.5565795898438,715.2307739257812,0.9998063445091248,691.66552734375,591.7250366210938,0.9887799024581909,784.8861083984375,563.3519287109375,0.994641900062561,984.2528076171875,85.33282470703125,0.9961450099945068,958.8869018554688,106.97081756591797,0.9964704513549805,936.8231811523438,119.24966430664062,0.9533029198646545,845.0868530273438,212.57887268066406,0.9748825430870056,882.410400390625,107.9706039428711,0.9813897013664246,942.9580688476562,176.85403442382812,0.6762896180152893,744.5308227539062,250.51995849609375,0.9939700365066528,821.2060546875,320.08355712890625,0.9803059101104736,735.7633056640625,339.2427062988281,0.9870297312736511,620.4964599609375,424.1722717285156,0.8462041616439819,563.4750366210938,461.5346374511719,0.24855777621269226
1272,86.33053588867188,116.76982116699219,0.9999504089355469,996.8510131835938,83.41871643066406,0.9641276001930237,90.0911865234375,1028.9127197265625,0.9998582601547241,1023.510009765625,1021.2754516601562,0.9995500445365906,338.8627624511719,499.1037902832031,0.9985583424568176,331.6922302246094,610.1135864257812,0.9991512298583984,277.01824951171875,551.53271484375,0.9978603720664978,384.6033935546875,558.9572143554688,0.9977447986602783,716.3703002929688,497.1200866699219,0.9976860284805298,756.6675415039062,714.9334716796875,0.9998806715011597,690.95947265625,592.3525390625,0.9906168580055237,783.753173828125,564.68603515625,0.9937506318092346,983.3292236328125,89.322265625,0.9781305193901062,959.6333618164062,108.94258117675781,0.9857274889945984,933.6337280273438,123.14886474609375,0.9368578195571899,836.2960205078125,219.2288055419922,0.9719443917274475,883.65380859375,112.68183898925781,0.9875437021255493,940.1878051757812,178.0977783203125,0.45537012815475464,740.495361328125,251.12547302246094,0.9936248064041138,819.4436645507812,319.33026123046875,0.9801952242851257,731.7439575195312,337.3172302246094,0.9585168957710266,599.8042602539062,437.2273254394531,0.6374481916427612,422.861328125,498.13751220703125,0.644562304019928
1273,87.75997161865234,115.65687561035156,0.9998904466629028,994.0309448242188,85.79691314697266,0.9569495320320129,90.0462417602539,1028.494140625,0.9999188184738159,1019.3212280273438,1020.5408325195312,0.9995507597923279,338.0636901855469,499.1175537109375,0.9993195533752441,331.2013244628906,609.9473876953125,0.9993452429771423,277.56072998046875,551.2520141601562,0.9983587861061096,384.59271240234375,560.7057495117188,0.9968408346176147,715.3541259765625,497.9872741699219,0.9981850981712341,756.1632080078125,714.0611572265625,0.9998579025268555,690.4577026367188,594.3959350585938,0.9888914823532104,783.0209350585938,564.1427612304688,0.9900822043418884,978.6718139648438,96.16206359863281,0.9506045579910278,953.510986328125,117.15694427490234,0.9750781655311584,927.6588745117188,134.65206909179688,0.746220588684082,831.828369140625,218.7079315185547,0.9758613705635071,879.8032836914062,112.8760986328125,0.9931347370147705,931.3731079101562,198.23944091796875,0.6738324761390686,743.0407104492188,241.2489013671875,0.9922813773155212,812.3087768554688,315.6734619140625,0.8516604900360107,727.3125,334.8677673339844,0.9109411835670471,616.8849487304688,416.4083251953125,0.8153129816055298,432.66143798828125,485.3284606933594,0.9355460405349731
1274,87.28799438476562,114.68460083007812,0.9999295473098755,995.7075805664062,82.90652465820312,0.9997811913490295,88.95136260986328,1028.50830078125,0.9998903274536133,1022.3240356445312,1020.291259765625,0.9995366334915161,339.05889892578125,499.0946960449219,0.9992666840553284,333.4097900390625,609.8323974609375,0.9995108842849731,277.630126953125,552.0419311523438,0.9981185793876648,385.1331787109375,558.69677734375,0.9933598637580872,715.3077392578125,498.6037902832031,0.9982934594154358,756.3936157226562,714.47265625,0.9998778104782104,691.7684936523438,594.1555786132812,0.9938784241676331,783.3679809570312,565.1115112304688,0.9892228841781616,972.8011474609375,95.51823425292969,0.3417220115661621,954.5918579101562,118.81861114501953,0.9977099895477295,933.9417114257812,128.19046020507812,0.946599543094635,837.5028686523438,211.9724578857422,0.9887281656265259,886.810546875,113.07402038574219,0.989027738571167,931.7877807617188,197.07083129882812,0.7080575227737427,733.982177734375,240.27320861816406,0.9717400074005127,804.7913818359375,316.7536926269531,0.9067416787147522,719.0071411132812,330.22833251953125,0.9596729874610901,577.2510375976562,424.4262390136719,0.9657275676727295,415.4792175292969,492.4022216796875,0.9200719594955444
1275,86.68150329589844,116.12479400634766,0.9998225569725037,995.7643432617188,84.28419494628906,0.9985193610191345,89.64360809326172,1029.544189453125,0.9998830556869507,1023.8700561523438,1021.8906860351562,0.9996985197067261,338.36749267578125,498.7639465332031,0.9977161884307861,333.3739318847656,610.6261596679688,0.9992710947990417,277.368408203125,552.9109497070312,0.99679034948349,387.398681640625,559.02099609375,0.9901794195175171,716.8499145507812,498.31939697265625,0.9982272982597351,754.5416259765625,714.1712646484375,0.9998410940170288,691.104736328125,591.4044799804688,0.9876384735107422,783.367431640625,566.00732421875,0.9934480786323547,993.3772583007812,123.80695343017578,0.9548256397247314,958.100830078125,130.37506103515625,0.9860024452209473,933.845703125,137.02374267578125,0.9761180281639099,837.1344604492188,208.35330200195312,0.9650355577468872,891.125244140625,107.71844482421875,0.9950100183486938,937.269287109375,194.16864013671875,0.8840156197547913,732.5247802734375,233.834716796875,0.980922520160675,811.9198608398438,312.2710266113281,0.8438676595687866,722.487548828125,314.60540771484375,0.5611324310302734,586.8482666015625,399.6119079589844,0.8984430432319641,465.5108642578125,436.2781982421875,0.9746227264404297
1276,86.44051361083984,116.7366714477539,0.9999150037765503,993.5230712890625,86.82879638671875,0.9956349730491638,89.56364440917969,1029.4906005859375,0.9998632669448853,1021.254638671875,1021.8803100585938,0.9994474053382874,339.9837646484375,499.7447204589844,0.9983925223350525,333.43780517578125,610.6731567382812,0.9990455508232117,277.7282409667969,552.1907958984375,0.9967406392097473,386.9604187011719,558.897216796875,0.9940802454948425,717.7139282226562,500.03192138671875,0.9959303736686707,755.869140625,715.2884521484375,0.9998935461044312,690.8421630859375,593.4447631835938,0.9955111742019653,784.263427734375,564.6025390625,0.9959989786148071,977.44580078125,110.15423583984375,0.09139558672904968,957.23388671875,144.26483154296875,0.8370047211647034,944.232666015625,146.3738250732422,0.9677948951721191,835.4759521484375,202.03782653808594,0.976459264755249,892.8019409179688,117.19857025146484,0.9801391363143921,929.810302734375,204.18089294433594,0.9932851791381836,725.0767822265625,228.53868103027344,0.979917585849762,792.2459106445312,310.8028869628906,0.6832486391067505,707.126953125,319.6904296875,0.8150576949119568,556.4904174804688,394.3631591796875,0.8905491828918457,462.36370849609375,420.6971130371094,0.8210476636886597
1277,86.46125793457031,114.30059051513672,0.9999184608459473,993.07666015625,85.35617065429688,0.9993889331817627,91.40059661865234,1028.9267578125,0.9998072981834412,1022.5875854492188,1022.0036010742188,0.9993593096733093,340.9637451171875,499.4571228027344,0.9982981085777283,333.23443603515625,611.3871459960938,0.9990890026092529,277.7547912597656,552.3644409179688,0.9961178302764893,386.442626953125,560.414306640625,0.9943923354148865,713.2019653320312,499.35980224609375,0.997536301612854,754.4940795898438,716.045654296875,0.9998890161514282,691.55419921875,595.0737915039062,0.996240496635437,782.6567993164062,566.2388916015625,0.9947633743286133,980.40771484375,124.67420959472656,0.12634269893169403,954.5416259765625,172.17681884765625,0.9773538112640381,937.5822143554688,173.2588348388672,0.9902297854423523,826.1726684570312,205.5059814453125,0.9399749636650085,884.3988037109375,121.14242553710938,0.9303647875785828,920.5401611328125,230.3810272216797,0.9520860910415649,730.80322265625,206.03656005859375,0.9878166317939758,789.5352172851562,311.41925048828125,0.9021492600440979,697.5936889648438,311.62237548828125,0.976559042930603,587.8157958984375,380.2620849609375,0.8549365401268005,426.0839538574219,455.5263366699219,0.7437976002693176
1278,86.99495697021484,117.25086975097656,0.9997970461845398,996.069580078125,82.7831802368164,0.9996910095214844,90.32156372070312,1028.6734619140625,0.9997596144676208,1023.1717529296875,1021.3114624023438,0.9992713332176208,340.3670349121094,498.6806945800781,0.9985041618347168,333.7198181152344,610.9761352539062,0.9985321760177612,277.7381286621094,551.9617309570312,0.9965624213218689,385.1000061035156,558.3626098632812,0.9924483299255371,716.654296875,499.3944091796875,0.9985055923461914,755.1342163085938,717.037841796875,0.9998490810394287,692.8477172851562,593.0521850585938,0.9936344623565674,783.3663330078125,565.1448364257812,0.9971402883529663,972.094482421875,297.3779296875,0.04362773150205612,953.1185302734375,176.609130859375,0.09629316627979279,960.6465454101562,247.02293395996094,0.2923237383365631,830.4625244140625,209.37942504882812,0.9592003226280212,918.828369140625,157.66744995117188,0.28370097279548645,900.5433959960938,283.477294921875,0.6345456838607788,726.7940063476562,212.44700622558594,0.9951325058937073,803.0253295898438,308.4280090332031,0.98990797996521,703.1387329101562,304.22802734375,0.9906643629074097,581.07666015625,372.999267578125,0.8204309940338135,482.3982849121094,422.4650573730469,0.9988647699356079
1279,86.68199920654297,117.21204376220703,0.9999294281005859,996.8347778320312,84.3054428100586,0.999809205532074,89.6689224243164,1029.170166015625,0.9998769760131836,1023.1674194335938,1023.7327270507812,0.9996399879455566,340.3094787597656,498.7601623535156,0.9980462789535522,331.720947265625,611.1808471679688,0.9992251396179199,277.45660400390625,551.8406982421875,0.9980953335762024,385.52093505859375,559.3479614257812,0.9900541305541992,717.80029296875,497.88824462890625,0.9974725842475891,755.637939453125,717.1163330078125,0.999805748462677,693.5404663085938,592.7000732421875,0.9883860349655151,784.060302734375,565.2091674804688,0.997774064540863,979.2208251953125,384.0718078613281,0.7996304035186768,967.2357177734375,349.5284729003906,0.8657448887825012,961.0443115234375,336.3100891113281,0.5207594037055969,851.9600219726562,233.89096069335938,0.9943590760231018,983.354736328125,293.62603759765625,0.1299756020307541,906.1639404296875,334.71112060546875,0.9815890789031982,743.1897583007812,204.19032287597656,0.9666345119476318,800.5925903320312,309.6863708496094,0.9751458168029785,692.4649658203125,300.202392578125,0.9669989943504333,511.8464660644531,380.7886657714844,0.1176133006811142,560.8893432617188,358.9170837402344,0.9932461977005005
1280,87.17874145507812,119.1144027709961,0.9998251795768738,997.8814697265625,81.86700439453125,0.9997443556785583,90.35188293457031,1030.057373046875,0.9996817111968994,1023.9659423828125,1022.0821533203125,0.9995666146278381,339.9435119628906,498.6400146484375,0.9987496137619019,333.0871887207031,610.4698486328125,0.9994019269943237,277.4877014160156,550.6895751953125,0.9974309802055359,386.62872314453125,558.61962890625,0.9932838678359985,716.1292114257812,497.7920837402344,0.9979265928268433,755.11962890625,715.8502807617188,0.9998613595962524,693.2583618164062,592.3092651367188,0.9911202788352966,783.7614135742188,561.3212280273438,0.997614860534668,665.272216796875,281.0545349121094,0.4334983825683594,974.5040893554688,397.185302734375,0.7732442021369934,956.9124755859375,369.09185791015625,0.6918638944625854,864.2237548828125,258.0318603515625,0.9944356679916382,973.2743530273438,332.5781555175781,0.8962904214859009,886.7591552734375,361.3111877441406,0.9801546931266785,794.951904296875,195.6244659423828,0.9395910501480103,795.4207153320312,312.0744323730469,0.9903671741485596,698.4026489257812,273.0201416015625,0.9786270260810852,420.439453125,491.7226867675781,0.174981027841568,423.17279052734375,496.7104797363281,0.8886600732803345
1281,87.57707977294922,115.1926040649414,0.9997923970222473,997.3540649414062,85.35474395751953,0.9995942711830139,89.98472595214844,1028.4898681640625,0.9998430013656616,1023.8179931640625,1021.442138671875,0.9995166063308716,339.8559265136719,498.53570556640625,0.9988192915916443,332.12213134765625,611.3079833984375,0.9991044402122498,277.3855895996094,552.4979858398438,0.996936559677124,386.93621826171875,560.0466918945312,0.9905558228492737,714.738037109375,497.310791015625,0.9950201511383057,754.6668701171875,716.3148193359375,0.9998832941055298,694.2802124023438,591.7769165039062,0.9934335947036743,783.6886596679688,563.3933715820312,0.9971024394035339,965.3159790039062,461.8678894042969,0.8572455644607544,965.0838623046875,426.430419921875,0.9881986379623413,948.8311767578125,396.64288330078125,0.9748783707618713,871.0371704101562,281.5498046875,0.8922471404075623,970.11083984375,343.598876953125,0.9568343758583069,887.2702026367188,393.1634216308594,0.9949355721473694,791.0352783203125,201.30799865722656,0.9580479264259338,780.4341430664062,307.10272216796875,0.7934902906417847,697.2734985351562,251.1238555908203,0.998914361000061,422.1696472167969,488.9738464355469,0.8172085881233215,421.1013488769531,487.888671875,0.9679757952690125
1282,86.5204849243164,116.36709594726562,0.9998114705085754,995.182861328125,83.10749816894531,0.9998916387557983,89.86961364746094,1029.1749267578125,0.9998394250869751,1022.705078125,1021.0523071289062,0.9996515512466431,336.3326721191406,498.8411865234375,0.9989911913871765,333.636962890625,610.779541015625,0.999599277973175,277.6468200683594,553.8499755859375,0.9982162117958069,385.96783447265625,558.4147338867188,0.9946922659873962,715.8580932617188,497.6396484375,0.9950404763221741,756.3173828125,717.0454711914062,0.9999309778213501,694.2052001953125,594.4253540039062,0.996432900428772,785.9891357421875,562.7828369140625,0.9980941414833069,707.7418212890625,225.27845764160156,0.9657752513885498,949.8927612304688,442.4257507324219,0.9955918192863464,943.5706787109375,430.509521484375,0.9807583689689636,884.9172973632812,303.8746337890625,0.9978423118591309,796.8573608398438,309.6171569824219,0.9951927661895752,874.4592895507812,408.241943359375,0.870826244354248,866.3853759765625,214.307861328125,0.46126773953437805,967.3084106445312,354.3897399902344,0.037215858697891235,717.3191528320312,223.1243133544922,0.017892517149448395,425.70977783203125,495.21368408203125,0.38395756483078003,423.7342224121094,488.4161071777344,0.8058264851570129
1283,87.4846420288086,117.4451904296875,0.9997380375862122,996.6317138671875,82.43605041503906,0.9994114637374878,91.2143325805664,1029.06591796875,0.9998230338096619,1024.43310546875,1022.166259765625,0.9996910095214844,337.8115539550781,499.1661376953125,0.9990409016609192,332.4185485839844,610.8017578125,0.9989963173866272,277.9964599609375,552.9845581054688,0.9981899857521057,386.7306823730469,560.6846313476562,0.9947072267532349,715.0355224609375,498.6335754394531,0.9873777031898499,755.3403930664062,715.6177368164062,0.9999195337295532,692.246826171875,592.53759765625,0.9974743723869324,783.847900390625,560.3424072265625,0.9980887770652771,736.2632446289062,197.24676513671875,0.9952589869499207,760.2825927734375,208.4972686767578,0.9984482526779175,777.46337890625,222.39385986328125,0.9970218539237976,882.4749145507812,310.0171203613281,0.9873600602149963,783.0126953125,286.838134765625,0.9969747066497803,874.7337646484375,422.34521484375,0.8585972189903259,889.3820190429688,224.43003845214844,0.852511465549469,968.6851806640625,369.8888244628906,0.11002994328737259,962.6829223632812,453.34063720703125,0.007690419442951679,548.1842651367188,206.73057556152344,0.13147379457950592,468.6763610839844,258.3700866699219,0.5028128027915955
1284,86.53890991210938,117.80806732177734,0.9998188614845276,996.776611328125,83.4625244140625,0.9998927116394043,89.55685424804688,1028.4208984375,0.9998937845230103,1023.580322265625,1022.072021484375,0.9995537400245667,338.5264892578125,498.97552490234375,0.998909592628479,332.1190490722656,610.5487670898438,0.9990053772926331,277.9045104980469,553.4573974609375,0.9974231719970703,387.2598571777344,560.1464233398438,0.996462881565094,717.38232421875,499.2234802246094,0.9946355223655701,755.6071166992188,714.5033569335938,0.9998682737350464,692.7066040039062,591.6449584960938,0.9941828846931458,784.5678100585938,562.9598999023438,0.9973268508911133,774.1552734375,179.10092163085938,0.8985509276390076,955.7122192382812,448.6629943847656,0.9960283041000366,946.4800415039062,436.8910827636719,0.9943555593490601,890.2753295898438,325.6188659667969,0.9009349346160889,967.3052978515625,387.6057434082031,0.9452303051948547,877.02197265625,425.6883239746094,0.9788475632667542,894.4903564453125,228.8668670654297,0.827502429485321,787.9683227539062,281.3257751464844,0.48047906160354614,784.316162109375,190.83285522460938,0.6375367641448975,690.2327270507812,156.24075317382812,0.0475304052233696,645.1138916015625,193.04437255859375,0.2879144549369812
1285,85.58888244628906,119.31269836425781,0.9998098015785217,996.0045166015625,82.55785369873047,0.9997115731239319,90.52225494384766,1028.899169921875,0.9998750686645508,1023.59423828125,1022.5086669921875,0.9994972944259644,337.7483825683594,498.9305419921875,0.9983919262886047,331.21246337890625,609.8746948242188,0.9986155033111572,277.90545654296875,554.0914306640625,0.9974797368049622,385.8857421875,560.8743896484375,0.996780514717102,714.3646850585938,498.2585754394531,0.991587221622467,756.133544921875,716.443115234375,0.9998732805252075,690.4929809570312,591.1931762695312,0.9947580695152283,784.3714599609375,563.2174072265625,0.9966022968292236,976.068603515625,492.5032043457031,0.883038341999054,963.8543701171875,460.68145751953125,0.9188055992126465,947.5800170898438,436.66412353515625,0.8739633560180664,894.1480102539062,321.2134094238281,0.9646971225738525,975.571533203125,381.1682434082031,0.7500590682029724,882.3682250976562,433.04925537109375,0.7470472455024719,891.5213623046875,230.04953002929688,0.9700560569763184,790.5651245117188,283.9583435058594,0.570444643497467,791.3718872070312,185.55125427246094,0.9991350769996643,716.1613159179688,125.6152572631836,0.17690695822238922,656.35009765625,166.8184051513672,0.7860352993011475
1286,86.86149597167969,117.43026733398438,0.9998548030853271,996.5584106445312,82.58222198486328,0.9993118047714233,90.23777770996094,1028.832763671875,0.999901533126831,1023.340576171875,1021.9243774414062,0.9991275668144226,338.7529296875,498.7355041503906,0.9982484579086304,332.993408203125,610.6359252929688,0.9987998008728027,278.12506103515625,552.860107421875,0.9965597987174988,386.3597106933594,560.1577758789062,0.9953422546386719,715.5927734375,496.1366271972656,0.9946897029876709,755.0331420898438,715.7526245117188,0.9998714923858643,690.6334838867188,590.0637817382812,0.9957454800605774,786.0020751953125,561.3634033203125,0.9968628883361816,960.2686157226562,564.98876953125,0.7773882746696472,960.6417846679688,524.1309814453125,0.6576316952705383,956.1585083007812,499.4848327636719,0.49752524495124817,908.5736083984375,345.74151611328125,0.9974668025970459,984.203125,427.86273193359375,0.304214745759964,890.6400146484375,460.6705322265625,0.9452844262123108,920.9990844726562,255.49728393554688,0.9834499955177307,803.392822265625,282.5103454589844,0.9913559556007385,806.8250122070312,199.01943969726562,0.997510552406311,710.9577026367188,132.47398376464844,0.5113000273704529,661.0302734375,168.2362518310547,0.9651852250099182
1287,86.60663604736328,118.08104705810547,0.9996861219406128,996.2879028320312,84.67755126953125,0.9993754029273987,89.71697235107422,1029.2864990234375,0.9997817873954773,1020.7222900390625,1021.3232421875,0.9991644620895386,340.15802001953125,498.9189147949219,0.9991381168365479,330.4406433105469,610.4891967773438,0.9985716342926025,277.6988830566406,551.7618408203125,0.9978578686714172,387.08538818359375,562.65087890625,0.9964677095413208,712.7391967773438,498.26885986328125,0.9884127974510193,755.4512939453125,714.20947265625,0.9998859167098999,690.5191040039062,590.906982421875,0.9918771982192993,784.3017578125,564.9962158203125,0.9906746745109558,938.9996337890625,617.9280395507812,0.9930968880653381,945.0413208007812,568.5519409179688,0.9686977863311768,947.0496826171875,549.486083984375,0.821417510509491,920.6132202148438,367.4129333496094,0.9955936074256897,985.4627685546875,495.18017578125,0.8229047060012817,888.36962890625,486.69561767578125,0.9390882849693298,923.9425659179688,263.1119689941406,0.986198902130127,812.3511352539062,309.0673828125,0.9983826875686646,824.4088745117188,220.65003967285156,0.9975765347480774,769.783447265625,145.06796264648438,0.8594736456871033,674.7094116210938,178.6966094970703,0.9776322841644287
1288,85.377685546875,117.36931610107422,0.9998112320899963,994.8472900390625,82.89012908935547,0.999815046787262,89.47807312011719,1030.271484375,0.9998526573181152,1022.2905883789062,1021.6664428710938,0.9995444416999817,340.254638671875,498.81207275390625,0.9990781545639038,332.0067443847656,611.29443359375,0.9993288516998291,277.98199462890625,552.2860107421875,0.9982215762138367,387.8448791503906,562.2767944335938,0.9973739385604858,715.6779174804688,497.41558837890625,0.9925764203071594,757.2794189453125,715.3831787109375,0.9998733997344971,690.3328247070312,588.9596557617188,0.9974772334098816,785.591796875,566.2919921875,0.973874032497406,919.95361328125,666.572509765625,0.7968717217445374,932.798583984375,610.208984375,0.8498169779777527,931.4444580078125,595.900390625,0.8678767085075378,913.1057739257812,414.2243347167969,0.9908225536346436,968.7749633789062,552.8115844726562,0.7469686269760132,884.6959228515625,554.1740112304688,0.6362578272819519,935.8057250976562,314.7771301269531,0.9632401466369629,835.5789794921875,356.1148986816406,0.9470419883728027,840.8969116210938,256.27557373046875,0.9994770884513855,792.6861572265625,179.4113311767578,0.9942396879196167,697.958984375,191.18589782714844,0.12718985974788666
1289,87.43090057373047,116.39244079589844,0.9997243285179138,995.8758544921875,84.38973999023438,0.999803364276886,90.69974517822266,1030.079345703125,0.999797523021698,1022.3909912109375,1021.9287719726562,0.9993301630020142,340.166259765625,498.6849365234375,0.9986944794654846,331.73065185546875,609.7426147460938,0.9986459612846375,277.63287353515625,552.2618408203125,0.9976387023925781,387.0252380371094,560.5844116210938,0.9974520802497864,713.9832153320312,496.8591003417969,0.9834659099578857,755.995361328125,715.0636596679688,0.9998065829277039,693.4207763671875,589.326904296875,0.9954105019569397,785.966064453125,567.0138549804688,0.990581214427948,936.490234375,711.7439575195312,0.9993322491645813,932.4232788085938,669.7658081054688,0.9909613728523254,925.3073120117188,650.6244506835938,0.9673060774803162,905.482177734375,473.5305480957031,0.9288559556007385,960.4278564453125,602.0664672851562,0.877719521522522,873.113525390625,616.9243774414062,0.9236366748809814,932.633544921875,337.5982360839844,0.9606813192367554,835.0238037109375,366.6631164550781,0.9187460541725159,850.0227661132812,281.9779357910156,0.9988971948623657,811.9065551757812,200.59825134277344,0.953618049621582,624.6162719726562,180.67184448242188,0.6070245504379272
1290,87.32270050048828,117.0000228881836,0.9997063279151917,993.2848510742188,84.84436798095703,0.999798595905304,88.57972717285156,1028.36181640625,0.9999104738235474,1023.4440307617188,1020.7704467773438,0.9994914531707764,338.77130126953125,498.815185546875,0.999122679233551,331.7354431152344,609.7754516601562,0.9991191029548645,277.65643310546875,552.3037719726562,0.9972121119499207,386.1166687011719,560.782470703125,0.9966716766357422,714.7568359375,496.1930236816406,0.985599160194397,754.9288940429688,714.2776489257812,0.9998883008956909,692.183349609375,587.4258422851562,0.9933376312255859,787.2649536132812,567.0079956054688,0.945279061794281,962.7747802734375,738.3663330078125,0.9288930892944336,940.837890625,701.7782592773438,0.9148119688034058,882.3870849609375,355.71563720703125,0.9914885759353638,897.9847412109375,503.5972595214844,0.9874362945556641,840.2568359375,407.7550048828125,0.9436934590339661,870.3884887695312,629.7662963867188,0.7931067943572998,952.0345458984375,419.1351623535156,0.9330812692642212,834.4341430664062,423.3695983886719,0.04631727188825607,877.6385498046875,318.5733642578125,0.2954687476158142,827.5507202148438,208.2394561767578,0.5629695653915405,690.5858764648438,179.9618682861328,0.9474189281463623
1291,86.01564025878906,117.65158081054688,0.9996672868728638,995.5748901367188,85.0268783569336,0.9999151229858398,89.3976821899414,1029.498779296875,0.9997958540916443,1024.5450439453125,1022.0079345703125,0.9997708201408386,336.836669921875,498.6665344238281,0.9987264275550842,332.8205871582031,610.9441528320312,0.9994267225265503,278.6009826660156,553.0341186523438,0.997469425201416,385.8748474121094,558.4494018554688,0.9952641725540161,719.1053466796875,498.2979736328125,0.9823579788208008,755.9053955078125,712.8426513671875,0.9996563196182251,691.4926147460938,590.97802734375,0.9940943121910095,788.6455688476562,566.85498046875,0.9437026977539062,990.3626098632812,741.3863525390625,0.9099032282829285,955.5455322265625,708.0695190429688,0.9450244903564453,950.57763671875,691.062255859375,0.9693893790245056,898.8878784179688,522.1715698242188,0.9678176641464233,984.9636840820312,614.7445068359375,0.9471108317375183,888.046875,650.527587890625,0.9708576202392578,952.0001831054688,446.20477294921875,0.9923898577690125,842.920166015625,426.97991943359375,0.9638288021087646,897.89990234375,347.5596008300781,0.9975616931915283,881.56640625,239.93321228027344,0.9421896934509277,721.81982421875,176.3475341796875,0.9979436993598938
1292,85.77743530273438,116.95381927490234,0.9998327493667603,995.5233154296875,83.73165130615234,0.9999194145202637,91.16938018798828,1029.4447021484375,0.9998569488525391,1024.0382080078125,1021.4840698242188,0.9996603727340698,336.6453552246094,498.88037109375,0.9988160133361816,332.79052734375,610.63720703125,0.9991362690925598,277.7637023925781,553.8988037109375,0.9980138540267944,385.9322204589844,558.0452270507812,0.9971797466278076,718.195068359375,496.52325439453125,0.954831063747406,754.5773315429688,714.501220703125,0.9998806715011597,691.1535034179688,589.7116088867188,0.9927971959114075,790.7073974609375,566.1344604492188,0.9495571255683899,970.8585205078125,735.9630737304688,0.9516807198524475,970.6663208007812,713.79931640625,0.9893530607223511,963.5466918945312,696.9796142578125,0.9877712726593018,912.978271484375,541.6969604492188,0.9868041276931763,1002.47802734375,643.24462890625,0.9797738194465637,887.8032836914062,646.5392456054688,0.9831127524375916,954.36328125,456.2292175292969,0.9955883026123047,847.2398071289062,442.012451171875,0.9963343143463135,908.7853393554688,369.10601806640625,0.9994277358055115,897.3843383789062,245.3328094482422,0.8880633115768433,715.6939086914062,177.22434997558594,0.9892772436141968
1293,86.79231262207031,117.29627227783203,0.9997630715370178,995.7003173828125,83.6750717163086,0.9998387098312378,91.26080322265625,1029.72216796875,0.9998658895492554,1021.4244384765625,1020.3978271484375,0.9993962049484253,337.2420654296875,498.74993896484375,0.9986971020698547,332.24700927734375,609.860595703125,0.9991931319236755,277.8431396484375,553.8756103515625,0.9982386827468872,385.4607849121094,559.8234252929688,0.9973914623260498,713.31298828125,496.72149658203125,0.9850215315818787,755.8141479492188,714.7304077148438,0.9998345375061035,690.6790161132812,590.4957885742188,0.9915300607681274,790.399658203125,565.3079223632812,0.962285041809082,966.834716796875,727.4568481445312,0.9502017498016357,970.1578369140625,697.673583984375,0.9898197054862976,961.220947265625,684.0437622070312,0.987972617149353,928.8096313476562,545.3807983398438,0.9956264495849609,1003.2159423828125,642.096435546875,0.9758387804031372,903.9448852539062,649.6871337890625,0.9016700387001038,962.4647216796875,462.2474670410156,0.9993269443511963,849.3621826171875,461.5266418457031,0.9984371066093445,911.9302368164062,386.4989929199219,0.9989213943481445,901.8857421875,249.8701934814453,0.942843496799469,776.1396484375,197.32960510253906,0.9927761554718018
1294,86.94009399414062,117.0693130493164,0.9997962117195129,995.91845703125,83.7584457397461,0.9999326467514038,90.14707946777344,1026.9678955078125,0.9998972415924072,1022.3753662109375,1020.9205322265625,0.9997919201850891,336.5707092285156,498.47540283203125,0.9990992546081543,334.2545471191406,610.7613525390625,0.99934321641922,277.88177490234375,552.916015625,0.9983164072036743,386.71722412109375,558.4385986328125,0.9962658286094666,714.1491088867188,497.2068176269531,0.9937944412231445,756.0989379882812,716.0939331054688,0.9999011754989624,689.6087036132812,591.069580078125,0.9964892864227295,789.255126953125,560.0909423828125,0.9796438217163086,959.7301635742188,720.4949951171875,0.7589845657348633,962.7359008789062,693.1907348632812,0.9943882822990417,958.3004150390625,678.5122680664062,0.9916588664054871,931.8960571289062,542.2313232421875,0.9629799723625183,1003.1552124023438,628.6342163085938,0.9404373168945312,892.24072265625,634.9794311523438,0.8654598593711853,968.2035522460938,457.9888610839844,0.9985591769218445,859.0972900390625,458.5447692871094,0.9497906565666199,917.1604614257812,380.3226013183594,0.9982286095619202,897.7122192382812,251.6922149658203,0.995018720626831,788.4940795898438,221.33749389648438,0.6785621047019958
1295,87.16825866699219,118.04228973388672,0.9999179840087891,994.6533813476562,82.38306427001953,0.9998321533203125,91.12357330322266,1029.0238037109375,0.999887228012085,1022.0971069335938,1021.0243530273438,0.9995359182357788,337.9887390136719,498.5495910644531,0.9991161227226257,332.0832214355469,609.893310546875,0.9990023970603943,277.97027587890625,551.3160400390625,0.9971745014190674,386.6767272949219,558.8687744140625,0.9956697225570679,712.1444091796875,499.4342956542969,0.9923853874206543,756.5863647460938,716.819580078125,0.9998819828033447,690.3218383789062,593.4683837890625,0.9965673685073853,786.2371826171875,567.1735229492188,0.9735791087150574,950.8775634765625,711.5565795898438,0.7610897421836853,955.4396362304688,689.5361938476562,0.9812254309654236,951.1080322265625,671.3186645507812,0.9876326322555542,934.4374389648438,532.4660034179688,0.888545036315918,1004.55126953125,627.1976928710938,0.9571486711502075,884.9421997070312,625.4967041015625,0.9843804836273193,975.28564453125,455.1893310546875,0.9882243871688843,861.12060546875,458.33123779296875,0.9921813011169434,920.7762451171875,387.88494873046875,0.99446702003479,899.5094604492188,254.3169403076172,0.9994188547134399,763.6624145507812,195.14495849609375,0.188162162899971
1296,87.5819091796875,118.9238510131836,0.9998164772987366,996.3114013671875,82.79061889648438,0.9998759031295776,90.50021362304688,1029.0556640625,0.9998756647109985,1021.042724609375,1021.498291015625,0.9993035793304443,338.8929443359375,498.2441711425781,0.9989482760429382,332.1531677246094,610.3948364257812,0.9993489384651184,278.1271057128906,552.343017578125,0.9969220757484436,386.4716796875,557.3959350585938,0.9963756203651428,715.1604614257812,498.16558837890625,0.9806557893753052,756.778076171875,716.949951171875,0.9998940229415894,690.1293334960938,591.946533203125,0.9968947172164917,786.2305908203125,570.4112548828125,0.9690076112747192,946.635986328125,711.2642822265625,0.3670773506164551,949.4517822265625,684.976806640625,0.9980306029319763,945.1657104492188,664.7817993164062,0.9789364337921143,934.6217651367188,528.9815063476562,0.9851651191711426,1001.7639770507812,625.8412475585938,0.9899019002914429,882.631591796875,622.3287353515625,0.9965289235115051,979.7382202148438,456.6550598144531,0.9977200627326965,861.5093383789062,462.951171875,0.9916641712188721,925.6937255859375,390.3751525878906,0.9996215105056763,901.5857543945312,252.07064819335938,0.9960940480232239,760.5449829101562,192.9375762939453,0.7367494702339172
1297,86.50550079345703,117.28741455078125,0.9998051524162292,994.7229614257812,82.53246307373047,0.9997586607933044,89.30396270751953,1028.873291015625,0.9998757839202881,1020.4981079101562,1020.8732299804688,0.9994388222694397,339.1940002441406,498.2825012207031,0.9988901019096375,332.7671203613281,610.3301391601562,0.9987769722938538,277.701416015625,552.0308227539062,0.998184859752655,386.7545166015625,558.3776245117188,0.9958505630493164,715.3489990234375,496.37255859375,0.9869421124458313,756.4373168945312,717.4302978515625,0.9999216794967651,691.1657104492188,593.0200805664062,0.9973128437995911,787.3506469726562,565.9443359375,0.9851924180984497,938.1375122070312,714.7296142578125,0.5061661005020142,948.9774169921875,683.80078125,0.9913514852523804,946.1070556640625,662.9486083984375,0.7112259864807129,935.1088256835938,527.1622314453125,0.8928379416465759,1001.1898193359375,628.7271118164062,0.8765226006507874,882.6171264648438,621.1038818359375,0.9936749339103699,981.2305908203125,457.73638916015625,0.9990434050559998,867.7708129882812,471.5201721191406,0.990097165107727,928.3699951171875,389.0055847167969,0.9978774785995483,912.2540283203125,252.61346435546875,0.9674981832504272,818.156494140625,194.81529235839844,0.8775557279586792
1298,85.87925720214844,117.65217590332031,0.999866247177124,997.4813232421875,82.38147735595703,0.9997900128364563,91.1436538696289,1029.1627197265625,0.9997045397758484,1021.5374145507812,1020.9105834960938,0.9996102452278137,338.7640686035156,498.232421875,0.9990332126617432,332.1631164550781,610.735595703125,0.9994271993637085,277.66033935546875,551.5518188476562,0.9982972741127014,386.50848388671875,559.1875,0.9945996999740601,713.7708129882812,496.9794921875,0.9949008226394653,756.8707885742188,716.1727294921875,0.9999262094497681,690.7075805664062,592.6222534179688,0.9959659576416016,787.0210571289062,565.418212890625,0.9909192323684692,944.7353515625,708.7662963867188,0.3820886015892029,945.55029296875,679.9622192382812,0.9980542659759521,942.6192016601562,660.274169921875,0.9650061130523682,936.38720703125,532.9378051757812,0.9573512077331543,999.9301147460938,631.201171875,0.953275203704834,881.7030639648438,621.1090087890625,0.9419075846672058,980.697021484375,452.3628234863281,0.9989245533943176,865.4146728515625,460.4129943847656,0.9976620674133301,933.18359375,386.8785095214844,0.9985076785087585,915.49853515625,247.29110717773438,0.9357528686523438,776.9782104492188,190.55712890625,0.6063342094421387
1299,87.32152557373047,117.33865356445312,0.999901294708252,997.3076782226562,83.42894744873047,0.9999141693115234,90.3418960571289,1029.5042724609375,0.999883770942688,1022.8258666992188,1020.7081298828125,0.9998158812522888,338.0653076171875,498.39813232421875,0.9988866448402405,332.3004455566406,610.8294677734375,0.9989855885505676,277.60601806640625,551.342529296875,0.9978468418121338,387.0249328613281,558.4840087890625,0.9935610294342041,714.6161499023438,499.0714111328125,0.9805042743682861,755.7406616210938,717.9056396484375,0.9999207258224487,688.9280395507812,591.1556396484375,0.9944340586662292,785.951171875,565.345458984375,0.9834715127944946,930.1710815429688,706.4302368164062,0.5198070406913757,945.04833984375,681.9718627929688,0.981433093547821,944.1505737304688,663.192138671875,0.8416165709495544,935.9227294921875,521.186279296875,0.9453251361846924,999.843994140625,631.888916015625,0.9042928814888,883.330810546875,626.9109497070312,0.9426099061965942,980.173095703125,452.022216796875,0.9986989498138428,865.2901000976562,459.9665832519531,0.9931667447090149,933.57958984375,390.98388671875,0.9994053840637207,926.8703002929688,246.84930419921875,0.9229413866996765,845.6732788085938,205.1974639892578,0.8392030000686646
1300,86.48133850097656,116.55780792236328,0.9998252987861633,996.091796875,82.54692077636719,0.9999539852142334,90.35635375976562,1029.8065185546875,0.9999051094055176,1021.3811645507812,1020.6050415039062,0.999634861946106,337.6202392578125,498.50640869140625,0.998696506023407,332.11407470703125,610.864013671875,0.9992964267730713,276.9773864746094,551.5059204101562,0.9965695142745972,387.32586669921875,557.8784790039062,0.9935622215270996,717.097412109375,498.31573486328125,0.9976533055305481,754.921630859375,714.4063110351562,0.9998569488525391,691.8150634765625,591.7322387695312,0.9913353323936462,785.6449584960938,562.828369140625,0.9760386347770691,935.675537109375,703.965087890625,0.7301393151283264,946.9051513671875,681.947509765625,0.9151977300643921,945.5089721679688,662.2677612304688,0.6734838485717773,936.0103759765625,519.373291015625,0.9319840669631958,999.0127563476562,629.3319091796875,0.03582240268588066,885.2491455078125,620.5288696289062,0.895234227180481,981.2128295898438,452.3763122558594,0.9976218342781067,863.8829345703125,456.9560852050781,0.9954966306686401,936.2352905273438,388.43634033203125,0.998997151851654,930.7952270507812,250.22088623046875,0.9369097352027893,815.43408203125,184.87709045410156,0.953974187374115
1301,87.14805603027344,117.12366485595703,0.9998836517333984,995.9187622070312,83.42119598388672,0.9999001026153564,90.03579711914062,1029.640625,0.9998461008071899,1021.8209838867188,1020.7229614257812,0.9997242093086243,337.2873229980469,498.4002685546875,0.9984629154205322,332.5930480957031,610.348388671875,0.9991382360458374,277.329833984375,551.3905639648438,0.9975810050964355,386.9208068847656,556.8358764648438,0.9951159954071045,716.8073120117188,499.0685729980469,0.995556652545929,756.00634765625,715.6542358398438,0.9998595714569092,690.3767700195312,591.8893432617188,0.9892746806144714,786.8446655273438,569.8595581054688,0.9876627922058105,943.6336059570312,719.8360595703125,0.9629316329956055,946.9191284179688,684.5938720703125,0.9076800346374512,947.9375610351562,673.1986083984375,0.8839071989059448,935.510009765625,521.0203857421875,0.8560167551040649,999.8947143554688,626.6063232421875,0.8841122388839722,886.4052734375,622.298828125,0.608646035194397,985.679443359375,455.8735046386719,0.9980326294898987,862.382568359375,458.0703125,0.9964950680732727,935.1259155273438,389.38885498046875,0.999565064907074,931.1888427734375,254.383544921875,0.9411065578460693,744.2526245117188,176.34561157226562,0.23793211579322815
1302,88.46971130371094,116.58759307861328,0.9996532201766968,997.0752563476562,85.53668212890625,0.9999253749847412,89.63752746582031,1029.543701171875,0.999875545501709,1022.203125,1020.5205078125,0.9997100234031677,337.81304931640625,498.1549987792969,0.9988585710525513,331.9090270996094,609.7998046875,0.9992425441741943,277.4237365722656,552.2225952148438,0.9980626702308655,388.04693603515625,558.2091674804688,0.9934512376785278,717.0153198242188,500.7445373535156,0.9973920583724976,755.3209838867188,716.1023559570312,0.9998341798782349,692.630615234375,592.0780639648438,0.9910454154014587,786.7931518554688,568.5501708984375,0.9935239553451538,942.4595947265625,722.424560546875,0.970127284526825,950.1773681640625,685.5941162109375,0.9752463698387146,946.72705078125,666.4759521484375,0.8071331977844238,940.5621948242188,522.267822265625,0.8564141392707825,1001.5843505859375,629.4326171875,0.8809273838996887,890.7951049804688,622.3599243164062,0.8870900869369507,985.9735107421875,452.0169372558594,0.9987433552742004,864.2921752929688,459.53662109375,0.9966187477111816,936.578369140625,388.8914794921875,0.9988402724266052,937.720703125,266.6645812988281,0.6557081937789917,827.9644775390625,191.60983276367188,0.7194018959999084
1303,87.63026428222656,118.27748107910156,0.9998629093170166,995.6635131835938,84.17206573486328,0.9998910427093506,90.24699401855469,1029.6463623046875,0.9998993873596191,1021.6251220703125,1020.8208618164062,0.9996968507766724,339.25762939453125,498.38671875,0.9986822009086609,331.6831970214844,610.636474609375,0.9993865489959717,277.5984802246094,551.7393188476562,0.99765944480896,387.6044616699219,558.949462890625,0.9951764345169067,718.2379760742188,499.9938659667969,0.9936467409133911,755.2227172851562,715.6376953125,0.9998832941055298,692.6101684570312,593.2555541992188,0.9946631193161011,787.2222290039062,568.9066162109375,0.9825182557106018,945.9468383789062,725.6688232421875,0.9475300908088684,949.745849609375,686.100341796875,0.9303605556488037,950.2486572265625,674.6396484375,0.5405563712120056,945.9727783203125,515.4541625976562,0.9532699584960938,1004.708740234375,628.5146484375,0.7967808842658997,894.3897094726562,624.7515258789062,0.8964207768440247,985.6470336914062,446.3213806152344,0.9979198575019836,866.1800537109375,456.14105224609375,0.997669517993927,939.0546875,384.8349304199219,0.9979172348976135,939.1748657226562,264.493408203125,0.9443181753158569,822.2083129882812,187.7713623046875,0.6679033041000366
1304,87.45724487304688,116.90320587158203,0.9998446702957153,995.855224609375,83.36003112792969,0.9998786449432373,90.69479370117188,1030.0738525390625,0.9997802376747131,1021.3040161132812,1021.2352294921875,0.9993795156478882,339.81634521484375,498.7423095703125,0.9990242719650269,331.27734375,610.8636474609375,0.9994913339614868,277.8633117675781,550.7942504882812,0.9977906942367554,387.2474060058594,559.2852783203125,0.9939941763877869,717.415771484375,499.5429992675781,0.9961293935775757,756.6062622070312,716.5924072265625,0.9998738765716553,691.5343627929688,591.6328735351562,0.9940605759620667,785.8560180664062,567.2015380859375,0.9896026253700256,949.7177124023438,708.9019165039062,0.9282814264297485,957.8855590820312,679.8284912109375,0.7273147106170654,953.5238647460938,657.173828125,0.3386511504650116,944.6654052734375,513.9962768554688,0.9792734384536743,1010.6183471679688,620.90478515625,0.8692702054977417,892.487548828125,622.16357421875,0.9336008429527283,993.5143432617188,450.6788330078125,0.9975908994674683,867.738037109375,453.3202209472656,0.9974890947341919,946.6393432617188,379.5810241699219,0.9947457313537598,930.9559936523438,228.5092315673828,0.9763907194137573,833.5660400390625,179.4609375,0.23348551988601685
1305,87.02338409423828,118.19403839111328,0.999775230884552,995.0069580078125,83.64115142822266,0.999913215637207,89.25142669677734,1030.843994140625,0.9998414516448975,1021.1981201171875,1021.1900634765625,0.9993124008178711,339.83880615234375,498.871337890625,0.9989058971405029,331.91790771484375,610.2001342773438,0.9995689988136292,277.4563293457031,550.5858764648438,0.9971508383750916,387.683837890625,558.396240234375,0.9961535334587097,716.8253173828125,499.0597839355469,0.9888923764228821,756.5081787109375,716.0685424804688,0.9998413324356079,692.6439208984375,591.4757690429688,0.9917998909950256,785.3233642578125,566.2201538085938,0.9822404980659485,948.3179321289062,701.5034790039062,0.9449065327644348,952.8050537109375,676.593994140625,0.9632076025009155,953.5620727539062,663.2467041015625,0.8772498965263367,942.8094482421875,514.7252807617188,0.9876381158828735,1008.6959838867188,626.2819213867188,0.9940921664237976,893.924072265625,620.2745971679688,0.9728647470474243,994.0512084960938,450.0045166015625,0.997751772403717,868.9640502929688,456.5247497558594,0.9951657056808472,944.286376953125,381.89739990234375,0.9911359548568726,930.8137817382812,217.32212829589844,0.9902017712593079,767.7740478515625,145.60679626464844,0.9936023354530334
1306,85.75118255615234,116.96778106689453,0.999715268611908,995.766357421875,84.18180084228516,0.9998206496238708,89.83226013183594,1030.77587890625,0.9998202919960022,1022.152587890625,1019.907958984375,0.9997919201850891,338.6459045410156,498.12042236328125,0.9986222982406616,331.9153137207031,610.2696533203125,0.9993327260017395,277.120361328125,553.009521484375,0.9973310232162476,385.6277770996094,557.0698852539062,0.9959737658500671,716.225830078125,498.92706298828125,0.9870880842208862,757.0389404296875,716.7841796875,0.9998371601104736,691.6513061523438,590.7921142578125,0.9914802312850952,784.4337158203125,568.2896728515625,0.9704201817512512,945.0531005859375,698.7837524414062,0.8380150198936462,954.9745483398438,680.5863037109375,0.8640933632850647,956.8204345703125,666.1260375976562,0.5598241090774536,942.906982421875,514.0923461914062,0.9869742393493652,999.8963012695312,621.51123046875,0.6044563055038452,891.3170776367188,618.165283203125,0.8624863028526306,992.543212890625,451.1900329589844,0.9974759221076965,869.5365600585938,454.5289611816406,0.9979124665260315,942.6522827148438,386.2000732421875,0.9966269731521606,927.7572021484375,213.5073699951172,0.9920660853385925,829.8480834960938,154.70742797851562,0.19507136940956116
1307,85.75727081298828,118.29209899902344,0.9999003410339355,997.8274536132812,81.30753326416016,0.9998152852058411,89.69380950927734,1031.0963134765625,0.9998371601104736,1024.5479736328125,1020.5545043945312,0.9998431205749512,337.803466796875,498.7124938964844,0.9984797835350037,332.1803283691406,610.2290649414062,0.9993041753768921,276.7159729003906,552.92626953125,0.9959237575531006,385.5889892578125,558.5426025390625,0.9953815937042236,718.1286010742188,499.7006530761719,0.9879205226898193,756.7601928710938,716.160888671875,0.9997639060020447,692.8779296875,590.956787109375,0.9877089262008667,787.5025024414062,569.4015502929688,0.9757072329521179,943.8572998046875,702.7540283203125,0.7514073252677917,950.286865234375,677.3982543945312,0.9465631246566772,952.1580200195312,667.1334838867188,0.9407943487167358,942.9143676757812,522.687255859375,0.9865908622741699,1006.7076416015625,624.1149291992188,0.9747300744056702,890.5613403320312,616.8818969726562,0.9864054322242737,989.3460083007812,451.5083312988281,0.9970093965530396,868.9390258789062,452.67388916015625,0.9966639876365662,942.61083984375,382.61224365234375,0.9921633005142212,925.4073486328125,215.73899841308594,0.8913320899009705,831.2474365234375,164.48721313476562,0.8252087235450745
1308,85.43638610839844,117.94487762451172,0.9998382329940796,996.8465576171875,82.80610656738281,0.999915599822998,88.41263580322266,1028.8760986328125,0.9998421669006348,1025.5206298828125,1021.6781616210938,0.9997647404670715,339.31256103515625,498.52105712890625,0.9987820982933044,332.1429748535156,610.51513671875,0.9993196725845337,277.2770080566406,552.4293823242188,0.9967940449714661,386.3211364746094,558.25,0.9938931465148926,716.1973266601562,500.6614990234375,0.9921892881393433,756.7418823242188,716.3206176757812,0.9998036026954651,692.5982055664062,591.1455078125,0.9936532974243164,787.2161865234375,567.2381591796875,0.9701887369155884,941.4178466796875,711.2754516601562,0.22341510653495789,953.5438232421875,674.91015625,0.9792669415473938,949.2891845703125,656.144775390625,0.8955727815628052,942.777099609375,531.1289672851562,0.9940511584281921,1009.1066284179688,619.9443969726562,0.8617228865623474,893.6961059570312,621.5578002929688,0.9941911101341248,991.1737060546875,456.02813720703125,0.9976832866668701,862.8943481445312,456.9779968261719,0.9883339405059814,940.1142578125,387.2872314453125,0.9975466132164001,950.1434326171875,270.0860900878906,0.9477514624595642,833.7188110351562,176.09173583984375,0.9934970140457153
1309,85.4957046508789,118.9559555053711,0.999704897403717,997.3206176757812,81.89588165283203,0.9999622106552124,88.62040710449219,1029.3114013671875,0.9998853206634521,1023.9429931640625,1021.1647338867188,0.99968421459198,338.55291748046875,498.4728088378906,0.9980227947235107,331.7426452636719,610.2881469726562,0.9993728995323181,276.96710205078125,551.96923828125,0.9978970289230347,386.53094482421875,557.0145263671875,0.9934817552566528,714.1715087890625,500.64208984375,0.9855908155441284,757.2817993164062,717.4508056640625,0.9997832179069519,692.9215087890625,590.4808349609375,0.9867649078369141,787.0530395507812,566.1304321289062,0.9878243207931519,878.479736328125,721.8262329101562,0.5425812005996704,947.0921630859375,680.7730712890625,0.857354462146759,947.2869262695312,660.37255859375,0.9907779693603516,945.6439819335938,532.9531860351562,0.9965894222259521,1007.6862182617188,636.87548828125,0.952248752117157,892.4806518554688,620.057861328125,0.9982505440711975,992.3864135742188,459.1266784667969,0.9955892562866211,873.1260375976562,463.51959228515625,0.959006667137146,943.0137329101562,389.3944091796875,0.9970830082893372,946.2921142578125,264.5320739746094,0.9278560280799866,822.26611328125,182.8635711669922,0.48452067375183105
1310,85.18556213378906,117.66831970214844,0.9999204874038696,996.5820922851562,80.7713623046875,0.9998965263366699,88.79706573486328,1029.5716552734375,0.9998443126678467,1025.2996826171875,1021.1072387695312,0.9996968507766724,338.32525634765625,498.6673583984375,0.9990424513816833,331.5785827636719,610.0997924804688,0.9993818998336792,277.2080383300781,553.04150390625,0.9978864789009094,386.3453369140625,557.6873168945312,0.9969122409820557,715.2085571289062,499.6625671386719,0.9929197430610657,755.1965942382812,715.150390625,0.9999054670333862,693.5394897460938,591.9009399414062,0.9923996329307556,786.6214599609375,568.0848388671875,0.9776482582092285,853.0651245117188,685.5219116210938,0.28269481658935547,931.0335693359375,673.3937377929688,0.9392498731613159,936.760009765625,661.8370361328125,0.910406768321991,953.5989379882812,533.6241455078125,0.9988178610801697,998.6206665039062,658.53759765625,0.791287362575531,895.0115966796875,609.1064453125,0.8720310926437378,997.1884155273438,451.1632385253906,0.9869343042373657,877.0230712890625,464.87188720703125,0.9347437024116516,950.9472045898438,389.6177673339844,0.9997832179069519,943.962890625,250.5816650390625,0.9499226212501526,828.2564086914062,198.62442016601562,0.859773576259613
1311,85.28626251220703,116.1894760131836,0.9999005794525146,996.2053833007812,81.59002685546875,0.9999333620071411,88.86822509765625,1029.3197021484375,0.9997443556785583,1024.6722412109375,1021.3248291015625,0.9998533725738525,337.7116394042969,498.2521667480469,0.9988778233528137,332.03790283203125,610.3057861328125,0.9994826316833496,276.8731384277344,553.3995361328125,0.9973279237747192,386.2926025390625,557.7402954101562,0.9963023662567139,714.4027709960938,497.9150085449219,0.9794186353683472,755.1553955078125,716.5980834960938,0.9998679161071777,693.138427734375,590.1351318359375,0.9891588091850281,786.1578979492188,564.9969482421875,0.9840779304504395,820.8285522460938,651.1952514648438,0.6351302862167358,898.8021240234375,682.7940673828125,0.23673979938030243,919.7693481445312,664.3165283203125,0.6776025891304016,963.91064453125,536.7606811523438,0.9938964247703552,891.351318359375,483.7345886230469,0.2499486356973648,896.5532836914062,607.471923828125,0.1645279973745346,1000.3187255859375,450.4111328125,0.9953404664993286,879.1005859375,461.23516845703125,0.8991810083389282,958.1483764648438,387.3212585449219,0.9961705803871155,937.8652954101562,233.40309143066406,0.9463675618171692,801.3095703125,180.50201416015625,0.9603044390678406
1312,85.99897003173828,117.91219329833984,0.9999188184738159,994.2666015625,85.57457733154297,0.9998832941055298,90.1251449584961,1029.960205078125,0.9998582601547241,1021.5155029296875,1022.0718994140625,0.9995635151863098,336.3234558105469,498.56201171875,0.9988204836845398,332.5746154785156,611.3638916015625,0.9992932081222534,277.08026123046875,553.9207763671875,0.9984789490699768,386.1607971191406,558.5558471679688,0.9953734278678894,715.45166015625,497.4163818359375,0.9535294771194458,754.6578979492188,716.6726684570312,0.9998577833175659,691.6986694335938,589.3020629882812,0.9914393424987793,786.0203247070312,562.917236328125,0.9819747805595398,821.3549194335938,624.9449462890625,0.8635405898094177,900.3937377929688,651.0958251953125,0.7125375270843506,915.1357421875,639.343505859375,0.28610289096832275,962.3456420898438,529.9754638671875,0.9864598512649536,987.3671875,654.7002563476562,0.4925655424594879,896.2075805664062,592.2572021484375,0.9422788023948669,1001.8770141601562,448.611328125,0.9757929444313049,880.489501953125,457.3626403808594,0.9774577617645264,958.8037109375,381.67022705078125,0.9964728951454163,979.989990234375,274.6304626464844,0.6518818140029907,422.1760559082031,492.0240173339844,0.49724048376083374
1313,86.43525695800781,119.21387481689453,0.9997161030769348,995.43310546875,84.21903991699219,0.9999005794525146,89.70112609863281,1028.9525146484375,0.9997993111610413,1022.5842895507812,1021.1317138671875,0.9996886253356934,338.4871520996094,498.8369140625,0.9991008043289185,332.2699890136719,610.970703125,0.9991758465766907,277.3000183105469,552.74267578125,0.9983032941818237,387.1055908203125,558.901123046875,0.994297444820404,716.765380859375,499.1186828613281,0.9705624580383301,753.6837158203125,715.7206420898438,0.9998453855514526,693.1734619140625,589.7904663085938,0.993720531463623,786.1357421875,558.5974731445312,0.9864435195922852,812.0083618164062,630.2800903320312,0.997407853603363,873.260498046875,643.2174072265625,0.5456945300102234,903.6825561523438,632.9964599609375,0.8947229981422424,955.2389526367188,522.9375610351562,0.9914126396179199,880.8132934570312,480.04638671875,0.2491706758737564,884.3668212890625,575.49755859375,0.9921789169311523,1015.387939453125,461.4281921386719,0.9897199273109436,884.160400390625,463.9990539550781,0.8294048309326172,965.1187133789062,377.9607238769531,0.9943721294403076,982.7864990234375,281.78668212890625,0.9399497509002686,891.4044799804688,187.63955688476562,0.7002947926521301
1314,85.9715576171875,118.15604400634766,0.9998270869255066,995.603759765625,83.99723815917969,0.9995697140693665,89.97286987304688,1029.552978515625,0.9998302459716797,1022.0997314453125,1021.5200805664062,0.9996145963668823,338.6183166503906,498.3546447753906,0.9991162419319153,331.9742736816406,610.7684326171875,0.9987573623657227,277.07958984375,551.656494140625,0.9979684948921204,385.9774475097656,560.0430908203125,0.99379962682724,720.4739379882812,499.5261535644531,0.9048244953155518,752.5096435546875,716.3453369140625,0.9997759461402893,692.7445068359375,590.6444091796875,0.9935871362686157,786.3692626953125,559.6576538085938,0.9791943430900574,804.053466796875,632.0620727539062,0.6810949444770813,871.4017944335938,653.3132934570312,0.9796434044837952,902.1386108398438,639.1060791015625,0.9409531950950623,943.6669921875,520.6685791015625,0.9942625164985657,981.3179321289062,624.1200561523438,0.7711524367332458,876.4085083007812,577.405517578125,0.9901304841041565,1008.544921875,462.1513366699219,0.9974212646484375,881.6771240234375,465.0502624511719,0.9876155257225037,963.0877685546875,388.3304138183594,0.9886640906333923,988.5979614257812,303.6722717285156,0.9744811058044434,883.12451171875,162.91334533691406,0.9425442218780518
1315,86.2883529663086,117.83304595947266,0.9997419714927673,996.7974243164062,84.02181243896484,0.9998008608818054,90.02574157714844,1029.3355712890625,0.9998867511749268,1023.5983276367188,1021.0401000976562,0.9997710585594177,337.5432434082031,497.9840087890625,0.9989387392997742,332.8483581542969,611.2517700195312,0.9986647367477417,277.3877258300781,551.6470947265625,0.9978951215744019,387.130126953125,559.0947875976562,0.9932830333709717,722.105712890625,496.6444091796875,0.9202272891998291,752.6395263671875,716.1348876953125,0.999678373336792,694.3948364257812,593.7111206054688,0.9915183186531067,785.6053466796875,566.558349609375,0.9780417084693909,803.0532836914062,640.5225219726562,0.6167405843734741,872.2803955078125,652.3312377929688,0.9862972497940063,901.8807373046875,638.2135009765625,0.9828868508338928,943.0004272460938,517.09814453125,0.9973909258842468,978.80224609375,628.3707275390625,0.9007068276405334,872.0525512695312,573.1026000976562,0.9966817498207092,1005.404541015625,461.7266540527344,0.9941412806510925,882.0216064453125,462.5152893066406,0.9938902854919434,964.8922729492188,391.0013122558594,0.9739232063293457,1001.4924926757812,308.01513671875,0.9631960391998291,876.8865966796875,155.71034240722656,0.16836518049240112
1316,86.2855453491211,118.9486312866211,0.9998482465744019,995.1647338867188,85.86805725097656,0.9993793964385986,89.48116302490234,1029.448486328125,0.9997417330741882,1024.3170166015625,1020.6748657226562,0.9995095729827881,337.603271484375,498.243896484375,0.998930037021637,332.4725341796875,610.56787109375,0.999029278755188,277.6690979003906,552.1236572265625,0.9988728165626526,386.1481628417969,559.033447265625,0.9943792223930359,713.447509765625,498.5719299316406,0.9796873331069946,753.5786743164062,716.5156860351562,0.999863862991333,692.9491577148438,592.7400512695312,0.9887815117835999,783.499267578125,567.5804443359375,0.9855591058731079,803.5789794921875,641.2669067382812,0.9981645941734314,868.208740234375,650.9681396484375,0.9772500395774841,898.4716186523438,640.3975219726562,0.9895942211151123,943.3531494140625,520.1202392578125,0.9966341853141785,979.37060546875,623.4724731445312,0.626072108745575,876.2904663085938,573.9584350585938,0.9599213600158691,1006.867431640625,460.67010498046875,0.9917553663253784,881.5186767578125,463.4651184082031,0.9928277134895325,963.6557006835938,391.8659362792969,0.9889222383499146,1005.685546875,303.096923828125,0.9819376468658447,879.8765869140625,152.62106323242188,0.601806640625
1317,86.87037658691406,117.9114990234375,0.9995079040527344,997.1068115234375,84.00357818603516,0.9996496438980103,90.14073944091797,1028.276611328125,0.9999208450317383,1021.8311157226562,1021.7489624023438,0.9996954202651978,338.08544921875,498.29205322265625,0.998181939125061,333.68109130859375,611.909912109375,0.9979518055915833,277.3351135253906,552.4146728515625,0.9975982308387756,386.4089050292969,558.3959350585938,0.995514452457428,717.9398193359375,497.894287109375,0.9335365295410156,753.2138671875,715.0226440429688,0.9997288584709167,691.602294921875,590.1666259765625,0.9820256233215332,783.498779296875,567.0057373046875,0.9734266400337219,801.2967529296875,655.4840087890625,0.9937764406204224,871.2869262695312,650.692138671875,0.9789926409721375,894.1281127929688,637.2654418945312,0.9667915105819702,944.6160278320312,523.451904296875,0.9962673783302307,965.2702026367188,639.967529296875,0.6531127095222473,877.1748046875,575.0885620117188,0.9926335215568542,1009.9467163085938,465.0224914550781,0.9941388368606567,883.3433837890625,465.1487121582031,0.99187171459198,971.3328857421875,381.21490478515625,0.9929492473602295,1012.1006469726562,295.21820068359375,0.9785919785499573,978.78466796875,207.2782440185547,0.3645383417606354
1318,86.64391326904297,118.60719299316406,0.9996777772903442,996.6492309570312,85.71742248535156,0.9996829032897949,91.15187072753906,1028.8570556640625,0.999901294708252,1021.06103515625,1020.4190063476562,0.9997050166130066,337.9651184082031,498.8515930175781,0.9987240433692932,332.8594970703125,611.42724609375,0.998559296131134,277.4361572265625,552.9962768554688,0.9957970380783081,385.6170654296875,559.58056640625,0.9949626922607422,714.4699096679688,497.69927978515625,0.9571639895439148,754.1091918945312,713.4660034179688,0.9996769428253174,690.5816040039062,591.4929809570312,0.9875620603561401,782.8037109375,561.8569946289062,0.9805677533149719,800.5211181640625,648.83349609375,0.9613192081451416,866.9241333007812,650.1317138671875,0.9760277271270752,895.6146850585938,639.4286499023438,0.9919241070747375,945.2399291992188,518.1262817382812,0.9956129789352417,977.8699340820312,628.5858154296875,0.8371036648750305,875.9180908203125,574.7306518554688,0.9868861436843872,1015.7476806640625,476.6499328613281,0.9854382276535034,884.3399658203125,463.472412109375,0.9952189326286316,971.390380859375,380.45819091796875,0.9546268582344055,1015.20361328125,292.990966796875,0.9957332015037537,915.1210327148438,179.2597198486328,0.9371500611305237
1319,86.25994110107422,117.03878784179688,0.9998515844345093,999.061767578125,81.86805725097656,0.9987699389457703,90.96237182617188,1030.10498046875,0.9997642636299133,1022.8574829101562,1020.6563110351562,0.99978107213974,338.09332275390625,498.45135498046875,0.9987276196479797,333.0026550292969,610.9481201171875,0.9989169836044312,277.5026550292969,552.5904541015625,0.996030867099762,385.8540954589844,557.8673095703125,0.9961876273155212,716.1856079101562,497.4090881347656,0.95464688539505,752.6666870117188,712.9537963867188,0.9997996687889099,693.2626953125,592.3956298828125,0.9889426231384277,784.0540771484375,557.2825317382812,0.9529346227645874,800.3295288085938,623.6797485351562,0.9924817085266113,861.8034057617188,639.5916137695312,0.7331821918487549,888.3331909179688,630.4636840820312,0.865601658821106,947.8378295898438,519.9728393554688,0.993093729019165,954.109375,650.4094848632812,0.694787323474884,874.952392578125,568.5167846679688,0.9734549522399902,1013.38720703125,463.014892578125,0.9987751841545105,885.830322265625,460.4880065917969,0.9925676584243774,971.1767578125,381.29107666015625,0.9730713963508606,1015.5477294921875,293.1655578613281,0.995161235332489,990.529541015625,205.51185607910156,0.25961050391197205
1320,87.74039459228516,117.45885467529297,0.9990876913070679,998.1845092773438,81.25088500976562,0.9995336532592773,89.7997817993164,1030.203125,0.9997987151145935,1022.8572387695312,1020.6038818359375,0.9997410178184509,337.32415771484375,498.141357421875,0.9977933168411255,333.80316162109375,610.91943359375,0.9983829259872437,277.0424499511719,552.52001953125,0.9956510663032532,386.1455078125,555.6063842773438,0.997431218624115,714.7394409179688,498.276123046875,0.9502437114715576,752.9209594726562,712.47705078125,0.9995550513267517,691.7152709960938,592.150146484375,0.9656063914299011,783.6770629882812,551.9011840820312,0.983714759349823,794.0859375,623.2536010742188,0.9506267309188843,852.3656616210938,635.0034790039062,0.9489361643791199,882.274658203125,626.4260864257812,0.9303285479545593,945.4832763671875,519.3225708007812,0.9960558414459229,973.9163818359375,629.1376953125,0.44171008467674255,868.852294921875,571.9745483398438,0.8725579380989075,1014.3165283203125,474.2357482910156,0.9698381423950195,887.5645751953125,454.4828796386719,0.9878228902816772,972.4749755859375,373.4247131347656,0.9967585206031799,1014.7422485351562,282.45068359375,0.9854706525802612,925.2617797851562,177.04322814941406,0.8305714726448059
1321,85.65214538574219,115.25653076171875,0.9998257756233215,997.360595703125,83.26063537597656,0.9999372959136963,90.40620422363281,1029.220458984375,0.9998859167098999,1018.4991455078125,1022.1624755859375,0.9996103644371033,336.3169250488281,499.2071533203125,0.9979987740516663,333.6750183105469,611.59033203125,0.9990091323852539,278.5726013183594,552.958984375,0.998630940914154,385.79864501953125,560.5518798828125,0.9961138963699341,714.6917114257812,499.3690185546875,0.9896970391273499,754.1336059570312,715.9139404296875,0.9998618364334106,693.9821166992188,594.1522827148438,0.9808048605918884,784.9771728515625,558.8627319335938,0.9873340129852295,795.108154296875,625.0928344726562,0.9838653206825256,851.4509887695312,631.3109130859375,0.9556223750114441,875.9146118164062,623.3079223632812,0.43879592418670654,948.4371337890625,521.892822265625,0.965340793132782,984.0531005859375,616.7849731445312,0.7569806575775146,870.7787475585938,578.9421997070312,0.09521541744470596,866.65380859375,571.279052734375,0.9601516723632812,881.4591674804688,468.1583251953125,0.9846217632293701,954.4625244140625,393.62908935546875,0.8875935077667236,1010.78271484375,291.491943359375,0.9896307587623596,979.0902709960938,189.70083618164062,0.9867260456085205
1322,87.18939208984375,117.19212341308594,0.999761164188385,998.9828491210938,84.85272979736328,0.9996040463447571,90.63849639892578,1029.1519775390625,0.9998735189437866,1024.1429443359375,1021.9961547851562,0.9995744824409485,339.45404052734375,499.13482666015625,0.999276340007782,333.30126953125,610.0438232421875,0.9989475607872009,278.01751708984375,550.9296264648438,0.9972031116485596,386.2992858886719,559.5928344726562,0.9978981018066406,712.6494750976562,497.20318603515625,0.9828760027885437,753.4072875976562,715.3171997070312,0.9997531771659851,693.141845703125,589.0184326171875,0.9518594741821289,783.800537109375,555.6502685546875,0.8371096253395081,789.5470581054688,627.6443481445312,0.9994199275970459,842.1926879882812,626.3125610351562,0.9037758708000183,878.6295166015625,625.7932739257812,0.9413591027259827,946.0778198242188,523.9553833007812,0.9948570728302002,877.7037963867188,476.9725646972656,0.06394733488559723,865.4938354492188,569.5216674804688,0.9218443036079407,1013.330078125,460.63861083984375,0.993621289730072,883.6260986328125,462.36639404296875,0.9932576417922974,956.0668334960938,398.1748352050781,0.8634293079376221,1007.04345703125,294.1322937011719,0.9977445602416992,944.9679565429688,178.460205078125,0.551460862159729
1323,87.19403076171875,116.34783935546875,0.9998093247413635,997.731201171875,82.27921295166016,0.9998358488082886,89.53627014160156,1029.2860107421875,0.9998880624771118,1023.9285888671875,1020.4087524414062,0.9995095729827881,339.4085388183594,498.9110107421875,0.9992260932922363,332.3139953613281,610.213134765625,0.9992184638977051,277.854736328125,550.9307250976562,0.9984502792358398,386.5275573730469,560.693115234375,0.9973275661468506,713.2242431640625,497.77227783203125,0.9917638301849365,752.8726806640625,715.8463745117188,0.9997550845146179,693.7427978515625,591.4702758789062,0.985762357711792,782.4278564453125,556.5512084960938,0.956301212310791,790.8807373046875,626.47265625,0.9979052543640137,846.6936645507812,635.5283203125,0.928067684173584,880.5993041992188,625.81787109375,0.8505315184593201,944.267822265625,519.5125122070312,0.9901305437088013,949.7021484375,646.5802612304688,0.2565006911754608,866.951171875,569.61962890625,0.9623035788536072,1011.7850341796875,458.9481201171875,0.9898859262466431,884.4157104492188,462.0733337402344,0.9978336691856384,963.4098510742188,384.8588562011719,0.8901638984680176,1002.6651000976562,296.2549743652344,0.9909798502922058,888.06396484375,149.70362854003906,0.5698166489601135
1324,86.71876525878906,117.14948272705078,0.999915361404419,995.5555419921875,85.05621337890625,0.9999006986618042,89.17589569091797,1030.0015869140625,0.9998495578765869,1022.7627563476562,1021.1466064453125,0.9995367527008057,338.04656982421875,498.6293029785156,0.9993671774864197,333.13189697265625,611.117919921875,0.9991825222969055,277.19281005859375,552.1359252929688,0.9971157312393188,386.4059143066406,558.763427734375,0.9962182641029358,714.4544677734375,498.2828674316406,0.9985470175743103,751.424072265625,715.010009765625,0.9996664524078369,692.36474609375,591.9804077148438,0.9876875281333923,787.1393432617188,564.4940795898438,0.9861181378364563,792.9590454101562,629.1860961914062,0.9589381814002991,850.5866088867188,637.9249877929688,0.8386290073394775,879.97607421875,628.0912475585938,0.8212683796882629,946.2705688476562,523.2022094726562,0.9891358613967896,982.891357421875,618.8750610351562,0.5865309834480286,875.03271484375,567.1652221679688,0.9175427556037903,1009.875244140625,457.91314697265625,0.9697400331497192,883.5595703125,463.3786315917969,0.9950624108314514,961.1029663085938,385.9649353027344,0.8704198002815247,1000.7859497070312,292.3666687011719,0.9876902103424072,976.4584350585938,198.1439666748047,0.5610871911048889
1325,85.3150863647461,117.744873046875,0.9998286962509155,995.8682861328125,83.51310729980469,0.9999487400054932,89.91353607177734,1029.633056640625,0.9997110962867737,1023.6521606445312,1021.0142211914062,0.9997273087501526,338.6356201171875,498.6236877441406,0.9993785619735718,334.12261962890625,611.1431274414062,0.999460756778717,277.2174987792969,551.121826171875,0.9961054921150208,387.5050964355469,559.2781372070312,0.998097836971283,718.2334594726562,498.0920715332031,0.9962626099586487,752.565673828125,716.3648071289062,0.9996938705444336,691.3509521484375,587.23828125,0.9872924089431763,780.5184936523438,559.2916870117188,0.9078840613365173,785.3343505859375,631.915283203125,0.9998149275779724,821.61669921875,612.4834594726562,0.8361560702323914,884.4133911132812,622.1871948242188,0.7081627249717712,946.7550659179688,516.1813354492188,0.9960642457008362,982.8189086914062,618.521240234375,0.24685317277908325,862.885009765625,563.0938110351562,0.9892203211784363,1016.3673706054688,466.2981262207031,0.9823511838912964,887.7293701171875,456.395751953125,0.9979345798492432,972.090576171875,376.466796875,0.997934103012085,1012.877197265625,289.452392578125,0.9896388053894043,985.9937744140625,200.15049743652344,0.04397420585155487
1326,85.7147216796875,119.897705078125,0.9993667006492615,994.5484008789062,83.22694396972656,0.9998935461044312,89.36054229736328,1030.1263427734375,0.9998281002044678,1022.7520141601562,1020.9111938476562,0.9995424747467041,339.131591796875,498.599853515625,0.9991342425346375,333.2601013183594,609.8826293945312,0.9991680383682251,277.03802490234375,550.8880004882812,0.9957310557365417,386.9084777832031,558.9780883789062,0.9981154203414917,715.5154418945312,498.8281555175781,0.9972729086875916,752.904296875,714.989501953125,0.9998579025268555,692.3612670898438,592.0392456054688,0.9886611700057983,780.683837890625,562.12353515625,0.9711324572563171,791.7730102539062,615.3790283203125,0.9908711314201355,842.2608032226562,619.4766235351562,0.9287468791007996,875.3385009765625,617.3570556640625,0.9243478178977966,950.4340209960938,519.3413696289062,0.9910680651664734,980.2079467773438,618.5326538085938,0.5491120219230652,871.59912109375,561.6590576171875,0.9666877388954163,1022.5712280273438,465.7232360839844,0.9860132336616516,887.10302734375,459.2020568847656,0.9849694967269897,975.5134887695312,371.0376892089844,0.9904824495315552,1011.9879150390625,280.92987060546875,0.9844228625297546,958.0208740234375,211.20614624023438,0.053946372121572495
1327,85.42903900146484,117.87725067138672,0.999839186668396,993.384765625,84.48871612548828,0.9997658133506775,89.25496673583984,1028.843994140625,0.9999251365661621,1022.7977294921875,1020.5965576171875,0.9998007416725159,338.7164001464844,498.13427734375,0.998894989490509,334.134033203125,609.8978271484375,0.9993222951889038,277.4956359863281,550.1786499023438,0.996674656867981,386.7213134765625,558.3345336914062,0.9979648590087891,713.9672241210938,500.5861511230469,0.996292769908905,752.5504760742188,716.791748046875,0.9997075200080872,691.2494506835938,592.2903442382812,0.9889878630638123,780.7985229492188,555.4765014648438,0.9306095242500305,792.0885620117188,622.1536254882812,0.9714325666427612,851.226318359375,621.317626953125,0.14165830612182617,878.4620971679688,613.7178344726562,0.6283615827560425,948.5203857421875,515.0123291015625,0.9921350479125977,983.952392578125,615.6129760742188,0.8131278157234192,867.923583984375,560.970947265625,0.8849273920059204,866.20068359375,555.4945678710938,0.9823328852653503,882.2825927734375,466.5606994628906,0.9943050742149353,966.7471923828125,368.2618713378906,0.9771847128868103,1011.349365234375,245.61485290527344,0.8122736215591431,948.338134765625,133.649658203125,0.9493094682693481
1328,86.5435562133789,117.61102294921875,0.9997488856315613,992.2652587890625,84.8724365234375,0.9973868727684021,90.0180435180664,1029.772216796875,0.9998824596405029,1022.4930419921875,1020.5847778320312,0.9996433258056641,339.4295959472656,498.8878173828125,0.9989026784896851,333.25152587890625,610.6218872070312,0.9992183446884155,277.66192626953125,551.1194458007812,0.9982518553733826,387.1092224121094,558.551513671875,0.9973798394203186,716.0337524414062,499.5783386230469,0.99741530418396,752.7120971679688,714.6105346679688,0.9998136162757874,692.7030639648438,588.45263671875,0.9834750890731812,779.9281616210938,554.3839111328125,0.9081395864486694,792.1287841796875,613.8496704101562,0.9939566850662231,842.7655029296875,620.6653442382812,0.4772859513759613,876.9080810546875,616.9093627929688,0.803722083568573,949.5203247070312,518.9577026367188,0.997138261795044,982.2804565429688,619.30810546875,0.6543302536010742,868.4425659179688,560.8837280273438,0.7426210045814514,866.92041015625,554.9178466796875,0.9723367691040039,884.6494140625,462.371337890625,0.9951422214508057,966.7288208007812,368.3342590332031,0.9909295439720154,1000.6728515625,246.4206085205078,0.8179332613945007,871.9239501953125,79.54837036132812,0.2748456597328186
1329,86.07730102539062,116.6421890258789,0.9997705817222595,994.0562744140625,85.16790008544922,0.9996676445007324,89.05323028564453,1029.9871826171875,0.9998518228530884,1022.8324584960938,1020.6566772460938,0.9997218251228333,337.32489013671875,498.6561279296875,0.9984652996063232,334.3590393066406,611.4740600585938,0.998505711555481,277.5195617675781,552.4691162109375,0.9966121315956116,387.34320068359375,556.472900390625,0.998181939125061,714.865478515625,499.8115539550781,0.9975067973136902,751.3847045898438,715.5435791015625,0.9996881484985352,691.6117553710938,588.7659301757812,0.9839559197425842,782.4247436523438,554.0634155273438,0.95795077085495,786.6751708984375,624.9363403320312,0.9991915822029114,841.0697631835938,621.0517578125,0.9383464455604553,873.8212890625,617.5166625976562,0.7934362292289734,949.897705078125,521.2986450195312,0.9799578785896301,980.8303833007812,618.1046752929688,0.5510492920875549,864.8850708007812,559.3630981445312,0.955964982509613,1015.9380493164062,461.99102783203125,0.9618415832519531,882.9916381835938,464.8758850097656,0.9945123195648193,961.595947265625,374.3613586425781,0.9892442226409912,996.404541015625,251.4249725341797,0.9540027379989624,870.9105224609375,75.14408111572266,0.9440932273864746
1330,86.50566864013672,116.74535369873047,0.9998611211776733,993.1835327148438,87.58596801757812,0.9983289837837219,89.85077667236328,1028.79052734375,0.9998077750205994,1022.6703491210938,1021.67138671875,0.99970942735672,337.29669189453125,498.1864318847656,0.9981180429458618,334.3731689453125,611.014892578125,0.9981892704963684,277.1921081542969,552.3096313476562,0.9951339364051819,386.7458801269531,556.1788330078125,0.9972841739654541,714.1619873046875,499.894775390625,0.9938406944274902,750.896240234375,714.9650268554688,0.9992731213569641,693.6506958007812,589.1200561523438,0.9848098158836365,783.67578125,558.2579956054688,0.960344135761261,786.8792114257812,627.8411865234375,0.9989883303642273,838.1275024414062,622.6387939453125,0.7834144234657288,871.1653442382812,617.5789794921875,0.700236976146698,950.6787719726562,518.3369750976562,0.9897292852401733,980.5621948242188,620.2413940429688,0.20886586606502533,869.0479736328125,559.37451171875,0.717121958732605,1013.6067504882812,454.78887939453125,0.965674638748169,891.0941772460938,457.2306213378906,0.9969407916069031,963.5264892578125,371.6416320800781,0.9375396370887756,995.8521728515625,249.954345703125,0.9877150058746338,868.679443359375,68.02877807617188,0.5388270616531372
1331,86.2916259765625,118.06985473632812,0.9999144077301025,993.8797607421875,86.52655029296875,0.999718964099884,89.44644165039062,1028.5858154296875,0.9997469782829285,1023.6146240234375,1020.960205078125,0.999356210231781,337.7268371582031,498.4445495605469,0.998925507068634,333.6265563964844,610.372802734375,0.9992209672927856,276.9105529785156,551.7348022460938,0.9967742562294006,386.2779235839844,557.56689453125,0.9989186525344849,715.2733764648438,499.4669494628906,0.9929218888282776,752.37255859375,715.307861328125,0.9996577501296997,693.1046752929688,592.1539916992188,0.9818873405456543,782.9254150390625,560.1875610351562,0.9374902248382568,787.116943359375,624.8491821289062,0.9989842772483826,839.1954345703125,632.28662109375,0.798035204410553,870.81298828125,622.9732055664062,0.8529201745986938,951.9904174804688,515.0623779296875,0.962604820728302,973.7150268554688,623.2520141601562,0.5046525001525879,870.3035278320312,559.9638671875,0.5992292761802673,1023.0577392578125,464.69464111328125,0.9399719834327698,884.738525390625,461.174072265625,0.9907524585723877,962.8123779296875,387.6146240234375,0.9932686686515808,1000.8787841796875,246.54380798339844,0.5901444554328918,868.2333984375,69.44728088378906,0.9760663509368896
1332,86.21199798583984,118.22588348388672,0.9998822212219238,993.6890869140625,87.19905090332031,0.9983123540878296,89.55178833007812,1029.0057373046875,0.9997227787971497,1024.0106201171875,1019.9073486328125,0.9995774626731873,340.19854736328125,498.7724914550781,0.998588502407074,332.8560485839844,611.0418090820312,0.9992867112159729,277.553955078125,551.91650390625,0.9973043203353882,386.45770263671875,560.0882568359375,0.9985187649726868,713.6797485351562,499.33282470703125,0.9928901195526123,750.6129150390625,715.6444091796875,0.9993721842765808,692.0165405273438,588.560302734375,0.9810195565223694,780.3540649414062,554.2832641601562,0.963964581489563,783.2896728515625,627.1766357421875,0.9991126656532288,837.9574584960938,631.8174438476562,0.8427669405937195,871.5980834960938,619.8092041015625,0.9258861541748047,949.9952392578125,513.6981201171875,0.9873186945915222,962.9930419921875,628.976318359375,0.5782921314239502,865.4966430664062,560.4883422851562,0.7934260368347168,1020.2068481445312,466.1951599121094,0.9805251955986023,887.8142700195312,453.5307312011719,0.9887745380401611,965.3731689453125,384.7218017578125,0.9392319321632385,1006.6198120117188,235.01182556152344,0.9683524966239929,873.4428100585938,59.770877838134766,0.9548577666282654
1333,87.62511444091797,115.88944244384766,0.999626636505127,990.6494140625,87.03862762451172,0.9885455965995789,88.27410888671875,1028.1376953125,0.9998055100440979,1020.0546264648438,1019.7395629882812,0.9995057582855225,337.97320556640625,497.7892761230469,0.9978651404380798,332.8385925292969,611.0304565429688,0.998978853225708,277.11883544921875,552.1094970703125,0.9982244372367859,386.7132568359375,559.861328125,0.9979302883148193,712.6460571289062,500.6226806640625,0.962090015411377,752.3822021484375,715.4322509765625,0.9994794726371765,691.9219970703125,589.2466430664062,0.994966447353363,781.8432006835938,556.833740234375,0.8642232418060303,786.9480590820312,627.1881713867188,0.9878913164138794,839.3720703125,635.50830078125,0.8199374675750732,865.7655639648438,622.4131469726562,0.8108289837837219,938.9115600585938,513.741943359375,0.9884486794471741,972.9066162109375,617.486328125,0.0963856428861618,858.4638671875,563.1450805664062,0.31474998593330383,1014.4766845703125,467.7241516113281,0.9664790630340576,882.603759765625,454.2518005371094,0.9945797920227051,965.2666015625,385.3598327636719,0.9496866464614868,1006.3501586914062,243.8090362548828,0.9523014426231384,880.35498046875,67.8021469116211,0.9408480525016785
1334,86.97652435302734,117.0854263305664,0.9998562335968018,994.84912109375,87.31956481933594,0.9786244034767151,90.58927917480469,1028.3193359375,0.9997933506965637,1023.9740600585938,1021.3060913085938,0.999546229839325,338.1050720214844,498.61865234375,0.998630166053772,334.29205322265625,611.7918090820312,0.9991647005081177,277.488525390625,553.6836547851562,0.9958750605583191,387.17706298828125,559.853271484375,0.9976772665977478,714.8726806640625,499.8346252441406,0.9898242354393005,751.0145263671875,715.5946655273438,0.9994701743125916,691.804443359375,589.3931884765625,0.9921634197235107,783.9090576171875,551.08349609375,0.9173558950424194,785.41748046875,626.8126831054688,0.9993046522140503,828.5726928710938,627.427978515625,0.705987274646759,864.5031127929688,622.6829223632812,0.9309597015380859,932.96923828125,513.6024169921875,0.9991409778594971,935.4967041015625,633.7816772460938,0.5685718059539795,845.7814331054688,559.3651733398438,0.9827086925506592,1004.3071899414062,456.36322021484375,0.9269910454750061,877.8328247070312,448.047607421875,0.9977565407752991,964.0293579101562,366.3276062011719,0.9944804906845093,998.1529541015625,229.52493286132812,0.769605815410614,882.41796875,56.55162811279297,0.9412845373153687
1335,85.02169799804688,117.90921020507812,0.9998916387557983,995.9588623046875,83.29029083251953,0.999640703201294,89.4095458984375,1028.6787109375,0.9996848106384277,1023.796875,1021.1015014648438,0.9995408058166504,338.0889892578125,498.4413146972656,0.9987426400184631,334.01153564453125,611.4989013671875,0.9991148114204407,277.0521240234375,552.7887573242188,0.9967023730278015,387.1863708496094,559.2173461914062,0.9965863227844238,713.5057373046875,499.1627197265625,0.9929431080818176,748.4620361328125,717.03271484375,0.9997144341468811,689.63330078125,588.5748291015625,0.9944583177566528,783.0841674804688,549.6063232421875,0.8713118433952332,782.1513061523438,626.3756103515625,0.9989780187606812,830.3628540039062,634.8108520507812,0.520950973033905,868.179443359375,626.4674072265625,0.5958635210990906,929.1516723632812,513.4592895507812,0.9984664916992188,934.9290161132812,640.2315673828125,0.17108280956745148,844.6213989257812,559.7982788085938,0.9600532054901123,1000.604736328125,458.0023193359375,0.9725573658943176,874.343505859375,449.0385437011719,0.9986396431922913,955.07275390625,373.66455078125,0.9964663982391357,979.3101806640625,245.30050659179688,0.825080931186676,848.3529052734375,68.50536346435547,0.9864132404327393
1336,86.13479614257812,117.78378295898438,0.9998581409454346,995.447509765625,84.69470977783203,0.9996215105056763,88.91509246826172,1028.9010009765625,0.9997275471687317,1024.14599609375,1022.5731201171875,0.9997262358665466,338.5548400878906,498.7105712890625,0.998034656047821,333.7955627441406,612.15625,0.999108612537384,276.3816223144531,553.0762329101562,0.9952503442764282,386.6518249511719,559.7705688476562,0.995392918586731,712.852783203125,498.3062744140625,0.9958676099777222,749.3599243164062,715.5955200195312,0.9995348453521729,690.0140380859375,593.2697143554688,0.9891457557678223,783.3492431640625,545.3875122070312,0.6931121945381165,784.5842895507812,626.5501098632812,0.993597149848938,823.1898193359375,631.1153564453125,0.8454427123069763,855.4027709960938,622.9725341796875,0.6168525218963623,927.8258666992188,511.51544189453125,0.9970876574516296,963.274169921875,611.695556640625,0.029672672972083092,849.3786010742188,557.046875,0.7520544528961182,995.04931640625,462.6238708496094,0.9983110427856445,870.0761108398438,450.84808349609375,0.9991822838783264,950.7846069335938,371.8033752441406,0.9959216117858887,959.8511962890625,188.79234313964844,0.9802455306053162,834.8680419921875,64.92416381835938,0.442115843296051
1337,85.96842193603516,118.54179382324219,0.9998692274093628,995.5606689453125,83.375,0.9992306232452393,89.78084564208984,1029.9779052734375,0.9996651411056519,1023.1420288085938,1022.767822265625,0.999427855014801,338.1103820800781,498.676025390625,0.9990805387496948,334.6811828613281,611.525634765625,0.9984716773033142,276.7034606933594,553.62109375,0.9961728453636169,387.7132568359375,558.8615112304688,0.9971818923950195,714.4088745117188,499.5633239746094,0.9978493452072144,751.5591430664062,714.2744140625,0.9996531009674072,689.8555297851562,591.71484375,0.9897903800010681,782.5941162109375,560.8717651367188,0.652177095413208,786.9493408203125,620.3494873046875,0.995647132396698,833.5711059570312,620.2953491210938,0.9156152009963989,860.3270263671875,611.958251953125,0.9136972427368164,929.1773071289062,505.7957763671875,0.9944728016853333,962.0169677734375,607.0164184570312,0.09076880663633347,848.0983276367188,553.8923950195312,0.8964378237724304,998.9458618164062,459.57318115234375,0.9818117022514343,872.641845703125,449.6990966796875,0.9985346794128418,955.239501953125,373.3048095703125,0.9996559619903564,914.57421875,105.46260833740234,0.8694571852684021,820.9564208984375,63.19275665283203,0.6119603514671326
1338,87.51476287841797,116.65228271484375,0.9997156262397766,995.190673828125,83.54398345947266,0.9998637437820435,89.819091796875,1029.627197265625,0.9997426867485046,1022.750732421875,1021.2818603515625,0.9994118213653564,339.1359558105469,498.64117431640625,0.9985550045967102,332.90228271484375,610.7120361328125,0.9986239671707153,277.46148681640625,552.1986083984375,0.9960440397262573,386.07275390625,559.8469848632812,0.9961593151092529,715.49560546875,498.5926513671875,0.9950533509254456,750.734619140625,715.4401245117188,0.9996259212493896,690.9488525390625,589.0527954101562,0.993757963180542,783.3585815429688,552.56689453125,0.6932816505432129,784.6790771484375,617.3444213867188,0.9998546838760376,826.7979736328125,614.3551635742188,0.8394966125488281,870.951904296875,612.5076293945312,0.25201696157455444,934.9811401367188,513.3229370117188,0.9977966547012329,874.8153076171875,453.9405517578125,0.0029808145482093096,852.1220092773438,556.2526245117188,0.9876113533973694,999.9686279296875,448.1756896972656,0.9882508516311646,871.6724853515625,450.6095886230469,0.9963506460189819,957.0663452148438,373.9779052734375,0.998307466506958,958.9961547851562,181.08448791503906,0.9437111616134644,830.1990966796875,62.96133804321289,0.3235233426094055
1339,87.49432373046875,118.65335845947266,0.9994045495986938,995.230712890625,81.42028045654297,0.9999170303344727,90.40320587158203,1029.568603515625,0.9997826218605042,1022.74951171875,1022.7409057617188,0.9995762705802917,338.254638671875,498.77392578125,0.9983735084533691,332.7464599609375,611.5213623046875,0.9988232254981995,277.3946838378906,552.1982421875,0.9975197911262512,386.22491455078125,560.7241821289062,0.9961426854133606,717.1022338867188,499.6947326660156,0.9932368397712708,750.1808471679688,715.0130004882812,0.9996998310089111,692.923583984375,592.471923828125,0.9911674857139587,785.3013916015625,546.1373291015625,0.8503538370132446,787.6304931640625,613.324951171875,0.9972432851791382,829.5309448242188,613.5458984375,0.6752161383628845,955.021728515625,489.0854187011719,0.026400769129395485,938.3020629882812,501.9753723144531,0.9814034700393677,983.7421875,584.4047241210938,0.032964956015348434,865.0810546875,552.0249633789062,0.9708256125450134,1005.112060546875,454.7684631347656,0.9652297496795654,879.1961669921875,449.1893005371094,0.9929272532463074,962.176513671875,375.6608581542969,0.9924823641777039,942.7160034179688,131.62533569335938,0.7327181100845337,818.62353515625,60.88953399658203,0.7888327240943909
1340,87.45278930664062,117.57132720947266,0.9996809959411621,996.96435546875,81.04348754882812,0.9985740184783936,89.22760009765625,1030.3831787109375,0.9996368885040283,1023.4047241210938,1021.796630859375,0.9995816349983215,337.8717346191406,498.90032958984375,0.9989486336708069,332.12139892578125,611.0199584960938,0.9981899857521057,278.0970764160156,551.5862426757812,0.9977297186851501,386.25811767578125,559.0385131835938,0.9959671497344971,716.06982421875,497.0107421875,0.9954106211662292,749.4042358398438,715.3126220703125,0.9997032284736633,689.9208984375,592.5526733398438,0.9926154613494873,784.3566284179688,547.6571655273438,0.7966107130050659,784.3410034179688,615.0770263671875,0.9963517189025879,826.2214965820312,612.9331665039062,0.9583281874656677,954.9638671875,487.4565124511719,0.02331925742328167,941.37841796875,510.15655517578125,0.9873678088188171,880.9799194335938,451.2733154296875,0.00838368758559227,859.2150268554688,548.1731567382812,0.8904516100883484,1003.0457763671875,446.32080078125,0.8292364478111267,880.0911254882812,449.10638427734375,0.994239330291748,964.7166137695312,370.2912292480469,0.9873949289321899,978.9002685546875,275.45904541015625,0.939771294593811,828.4368286132812,68.64871978759766,0.819720983505249
1341,86.84480285644531,117.03118133544922,0.9997108578681946,998.5117797851562,84.3573226928711,0.9995546936988831,89.86093139648438,1030.1219482421875,0.9997733235359192,1024.2816162109375,1021.4256591796875,0.999805748462677,337.91290283203125,499.09344482421875,0.9988976716995239,332.33184814453125,610.6194458007812,0.9987204074859619,277.9643249511719,551.5535278320312,0.9970541000366211,385.90301513671875,558.7649536132812,0.9968409538269043,709.4784545898438,498.23309326171875,0.9949979782104492,746.1832275390625,717.6509399414062,0.9997023940086365,690.1749877929688,594.64306640625,0.987671971321106,779.9780883789062,543.1522827148438,0.7672944068908691,780.4820556640625,610.3026733398438,0.9793176651000977,826.1740112304688,608.3419189453125,0.7766929864883423,873.356689453125,601.851806640625,0.1741551160812378,938.7391967773438,510.6597900390625,0.9915564060211182,969.271728515625,601.42529296875,0.008504753932356834,857.1878051757812,554.00830078125,0.9745069146156311,1004.9805297851562,445.80426025390625,0.9552850127220154,880.6817626953125,448.1063537597656,0.9972080588340759,967.255126953125,360.89599609375,0.989206075668335,929.65234375,99.72022247314453,0.8508713841438293,832.7960205078125,70.7394790649414,0.9817349314689636
1342,86.58424377441406,118.15974426269531,0.999771773815155,997.7156372070312,83.76335906982422,0.9993804693222046,90.95124053955078,1029.450439453125,0.9997108578681946,1023.8312377929688,1020.7775268554688,0.9998328685760498,338.4179382324219,498.60137939453125,0.998665452003479,332.6464538574219,610.42333984375,0.9984484910964966,277.7436828613281,550.7535400390625,0.9977292418479919,386.78509521484375,558.4117431640625,0.9968745708465576,707.0993041992188,497.9603576660156,0.9988088607788086,745.0419311523438,715.0723876953125,0.9995643496513367,685.6677856445312,592.2936401367188,0.9719765782356262,776.743408203125,550.40771484375,0.9814611077308655,779.2603149414062,613.99072265625,0.9117075800895691,825.5404663085938,614.9501342773438,0.7695850729942322,956.0343017578125,504.4465026855469,0.040456317365169525,937.5532836914062,510.4841003417969,0.9653571248054504,879.9526977539062,450.6064147949219,0.004106462467461824,858.4267578125,556.589599609375,0.12161260843276978,1001.2525634765625,440.22003173828125,0.972244143486023,879.2689208984375,446.9082946777344,0.993618369102478,967.1715698242188,366.21826171875,0.9908618927001953,974.5125122070312,177.23965454101562,0.9710208177566528,870.4837646484375,76.67857360839844,0.9045959115028381
1343,86.89981842041016,116.89183807373047,0.9999349117279053,996.8555908203125,83.65689849853516,0.999531626701355,90.8917007446289,1029.74365234375,0.9997816681861877,1023.8563842773438,1020.9759521484375,0.9997425675392151,338.23480224609375,498.481201171875,0.9987983703613281,332.7592468261719,610.8861694335938,0.9985706806182861,277.6092834472656,551.2674560546875,0.9975925087928772,387.0756530761719,559.6019287109375,0.9967969059944153,714.56201171875,498.2479248046875,0.9975287318229675,747.4249267578125,714.7540283203125,0.9997363686561584,687.9197387695312,591.7105712890625,0.9728148579597473,781.1259155273438,547.1588745117188,0.9103114008903503,779.4168090820312,611.3788452148438,0.9980095028877258,828.8175048828125,612.4859008789062,0.9151866436004639,861.3564453125,595.0831298828125,0.1012047827243805,934.8095092773438,509.4041748046875,0.9895690083503723,879.3487548828125,449.3308410644531,0.003566139843314886,854.7611083984375,550.294677734375,0.943230926990509,1000.8740844726562,438.8136901855469,0.9860892295837402,878.5140991210938,446.8249816894531,0.9950153231620789,966.482177734375,367.374755859375,0.997259259223938,936.9035034179688,109.27787017822266,0.8587597012519836,848.0689697265625,78.07307434082031,0.9833348989486694
1344,86.5743179321289,116.45702362060547,0.9999339580535889,999.6138305664062,82.3730697631836,0.998980700969696,90.23468017578125,1029.8902587890625,0.9998862743377686,1022.7407836914062,1021.3580932617188,0.9994975328445435,337.6167297363281,498.83514404296875,0.9990013241767883,332.3482360839844,609.95068359375,0.9983805418014526,277.6493835449219,550.718505859375,0.9984970092773438,387.9380798339844,557.7627563476562,0.9980844259262085,713.2388305664062,497.7357177734375,0.9983043670654297,747.1854858398438,714.2485961914062,0.9996768236160278,688.5332641601562,594.4955444335938,0.9899116158485413,778.9308471679688,552.6265869140625,0.7928828001022339,779.9049072265625,610.4862060546875,0.9992256164550781,830.2903442382812,609.5530395507812,0.8431609272956848,861.6620483398438,592.1431274414062,0.5184229016304016,937.4639282226562,504.8066711425781,0.9427114725112915,974.8565063476562,599.81787109375,0.017660578712821007,858.0521850585938,546.7879028320312,0.9713541865348816,1002.901611328125,447.24981689453125,0.9945181012153625,875.6785278320312,448.6894226074219,0.9940004348754883,964.069580078125,374.1100769042969,0.9969995021820068,943.603515625,116.95313262939453,0.9280728101730347,851.5208740234375,76.87452697753906,0.9903265833854675
1345,88.00346374511719,117.37027740478516,0.999890923500061,997.365478515625,81.68712615966797,0.9999234676361084,89.35658264160156,1029.2161865234375,0.9999054670333862,1023.2042236328125,1020.5614624023438,0.9997319579124451,337.6620788574219,498.309814453125,0.99853515625,332.5340576171875,610.7073974609375,0.9987003803253174,277.28082275390625,551.3214111328125,0.9985370635986328,387.4041442871094,558.162353515625,0.9969727993011475,714.7748413085938,500.3109436035156,0.9961305856704712,748.07666015625,714.9404296875,0.9996088147163391,690.8517456054688,589.9058837890625,0.9886358976364136,779.4130859375,552.1825561523438,0.8220159411430359,780.6661376953125,609.5728759765625,0.9944749474525452,836.392822265625,612.0933837890625,0.8953636288642883,860.8392944335938,591.2235717773438,0.5662367939949036,935.1965942382812,506.32147216796875,0.9713467955589294,982.220947265625,592.20263671875,0.03259692341089249,855.3221435546875,546.4375,0.9079203009605408,1001.9852294921875,448.490478515625,0.9761022329330444,877.0404052734375,450.1292419433594,0.9923163652420044,964.603271484375,373.0293884277344,0.9987874627113342,976.3636474609375,189.91897583007812,0.9766037464141846,859.3571166992188,78.02674102783203,0.7783714532852173
1346,86.6086196899414,117.5108413696289,0.9998897314071655,996.842529296875,80.42675018310547,0.9997994303703308,89.19196319580078,1029.56787109375,0.9998302459716797,1022.531005859375,1020.4671020507812,0.9995311498641968,337.0211486816406,498.62164306640625,0.9990971088409424,333.3518981933594,610.8743896484375,0.9989938139915466,277.4162902832031,552.4335327148438,0.9981308579444885,386.97821044921875,557.7007446289062,0.997650682926178,718.1356201171875,499.80523681640625,0.9917477369308472,747.65478515625,714.8439331054688,0.9995890259742737,689.5836181640625,589.3490600585938,0.9864069819450378,781.6476440429688,545.6046142578125,0.8912084102630615,771.9820556640625,608.4373168945312,0.9976041913032532,834.2620849609375,599.03515625,0.3315078914165497,864.0697021484375,595.1546630859375,0.10661023110151291,935.6689453125,507.12359619140625,0.9755564332008362,981.1052856445312,589.0926513671875,0.020241037011146545,858.2734985351562,550.83642578125,0.889784574508667,1003.54541015625,449.662353515625,0.9611474871635437,875.5702514648438,449.6679992675781,0.9959420561790466,965.4429321289062,371.36273193359375,0.9947277903556824,979.6220703125,194.42767333984375,0.949341356754303,862.68896484375,76.18265533447266,0.7597460150718689
1347,86.89683532714844,117.91275024414062,0.999840259552002,998.3536987304688,81.8863525390625,0.9996041655540466,90.17066192626953,1028.3944091796875,0.9998786449432373,1020.69140625,1019.7481079101562,0.9994441866874695,337.9401550292969,498.2242126464844,0.9989656209945679,332.5811767578125,610.7459106445312,0.9988962411880493,277.106201171875,551.1414794921875,0.9981702566146851,387.1300048828125,558.6381225585938,0.9954527616500854,711.7794799804688,500.5144958496094,0.9938841462135315,746.284912109375,715.4951171875,0.9995515942573547,687.1939697265625,590.2911987304688,0.9740886688232422,777.7726440429688,544.8385620117188,0.9529781341552734,771.2313232421875,618.3771362304688,0.9979410767555237,834.644775390625,615.1214599609375,0.40038374066352844,957.239013671875,505.761474609375,0.0845174491405487,941.1399536132812,508.7833251953125,0.964544951915741,976.7801513671875,595.5880126953125,0.01417102012783289,857.6660766601562,552.77978515625,0.9708626866340637,1001.4140625,434.4187316894531,0.9765581488609314,875.3875732421875,448.7936096191406,0.996791660785675,964.4869995117188,372.1103820800781,0.998124897480011,982.6011962890625,252.6795654296875,0.9373528957366943,867.6605834960938,78.37675476074219,0.9621108770370483
1348,86.72660827636719,120.39013671875,0.9989744424819946,995.3867797851562,83.94740295410156,0.9998965263366699,89.47994995117188,1029.6763916015625,0.9998470544815063,1022.390380859375,1021.4157104492188,0.9995083808898926,336.1820373535156,498.6381530761719,0.998649537563324,333.7978210449219,609.7593994140625,0.9986353516578674,276.9782409667969,553.2724609375,0.997745931148529,386.67578125,556.9032592773438,0.9966391324996948,714.1376342773438,499.14874267578125,0.9980995059013367,747.9544067382812,713.5838012695312,0.999809205532074,686.751953125,585.9013671875,0.9915910959243774,781.793212890625,547.2675170898438,0.9739096164703369,779.690185546875,622.9183959960938,0.9729740619659424,843.500244140625,611.9523315429688,0.17872457206249237,956.7646484375,489.9564208984375,0.04833033308386803,938.3353271484375,503.7748718261719,0.9805076718330383,974.65869140625,592.3438720703125,0.023351961746811867,860.5672607421875,551.6812133789062,0.9765780568122864,1000.9418334960938,442.3336181640625,0.9947569370269775,873.968505859375,444.9338073730469,0.9965259432792664,966.3560180664062,371.7695007324219,0.9938957095146179,945.1362915039062,109.64746856689453,0.9860398769378662,871.579833984375,79.3046646118164,0.9074874520301819
1349,87.73738861083984,116.88165283203125,0.9997642636299133,998.4779663085938,82.78478240966797,0.999672532081604,89.57197570800781,1029.5770263671875,0.9999063014984131,1021.4430541992188,1021.2192993164062,0.9991303086280823,337.6429748535156,498.943603515625,0.9992332458496094,332.5457763671875,609.8449096679688,0.9979274272918701,277.2635498046875,552.0255737304688,0.9979400038719177,387.2177734375,558.9187622070312,0.9971151351928711,716.3229370117188,500.52862548828125,0.9800634384155273,748.2404174804688,714.2481689453125,0.9997666478157043,689.6536254882812,588.7845458984375,0.9832192063331604,781.5032348632812,545.0755615234375,0.977375864982605,783.8220825195312,627.3958129882812,0.9989499449729919,851.607421875,622.5453491210938,0.9222113490104675,880.79345703125,607.1255493164062,0.3582025170326233,940.8224487304688,504.3457336425781,0.9866863489151001,966.9777221679688,602.9799194335938,0.24719412624835968,863.521484375,551.6376342773438,0.995694637298584,1002.3575439453125,444.1509094238281,0.9734756350517273,874.4637451171875,449.1260681152344,0.9918023943901062,967.215087890625,366.8648986816406,0.9812909364700317,990.7235717773438,269.71868896484375,0.9808400273323059,873.7557373046875,82.00279998779297,0.8125703930854797
1350,87.2320556640625,116.57842254638672,0.9998701810836792,997.2603149414062,81.70765686035156,0.9997701048851013,89.15425872802734,1030.267578125,0.9998031258583069,1020.0704345703125,1020.8436889648438,0.9994662404060364,337.88812255859375,498.7565612792969,0.9994007349014282,331.65283203125,610.0223388671875,0.9979230761528015,277.1482238769531,551.130126953125,0.9978908896446228,386.4505920410156,559.730712890625,0.9978448152542114,715.892333984375,500.0827331542969,0.9941233992576599,748.77490234375,713.1307983398438,0.999408483505249,689.6006469726562,591.2488403320312,0.9901669025421143,789.671875,571.329345703125,0.9239658117294312,805.716552734375,647.1377563476562,0.9976861476898193,874.277099609375,631.4031372070312,0.9679933190345764,897.4437255859375,614.5989379882812,0.9681096076965332,940.1016235351562,502.8690185546875,0.9882115721702576,965.5426635742188,607.5252685546875,0.6860929727554321,860.58740234375,550.9505615234375,0.9986516833305359,1001.7513427734375,445.49139404296875,0.9477708339691162,877.5584716796875,446.63177490234375,0.991684079170227,963.4701538085938,383.3598327636719,0.8795667886734009,992.5228271484375,261.7610778808594,0.9836604595184326,873.92041015625,80.18839263916016,0.9908460974693298
1351,87.22164154052734,115.83604431152344,0.999525785446167,994.9437255859375,82.92333984375,0.9996479749679565,90.3337173461914,1028.5069580078125,0.9998955726623535,1021.7762451171875,1021.7818603515625,0.9992572665214539,337.22186279296875,498.5335388183594,0.9989701509475708,332.36297607421875,609.4868774414062,0.9962751865386963,276.763671875,552.3239135742188,0.9981440305709839,385.9643249511719,558.4713745117188,0.9978098273277283,715.0239868164062,499.2757568359375,0.9974825978279114,747.8237915039062,711.7452392578125,0.9996637105941772,690.011474609375,588.8760986328125,0.9913000464439392,783.2317504882812,552.4368896484375,0.971187174320221,776.553955078125,633.9403686523438,0.985408365726471,868.880126953125,622.2703857421875,0.9556350111961365,899.7706909179688,612.1854248046875,0.9954948425292969,943.6591796875,499.3599853515625,0.9860942363739014,963.0465087890625,614.1765747070312,0.7632694244384766,867.7806396484375,551.8663940429688,0.9974484443664551,1005.0457763671875,448.7474670410156,0.9191270470619202,877.9661865234375,446.9971008300781,0.9958698153495789,961.6007690429688,372.10333251953125,0.9946172833442688,955.4075927734375,124.69058990478516,0.8241912126541138,862.5997314453125,84.77802276611328,0.9968762397766113
1352,86.7071533203125,114.63262939453125,0.9998642206192017,996.2274780273438,82.20938873291016,0.9996901750564575,90.6222915649414,1029.6090087890625,0.9998854398727417,1023.209228515625,1020.7355346679688,0.9993364214897156,337.7293701171875,498.5897521972656,0.9987469911575317,331.6536865234375,609.209228515625,0.9976308345794678,276.53741455078125,552.5750122070312,0.9981860518455505,385.5283508300781,558.0701904296875,0.997879147529602,714.6278686523438,500.03997802734375,0.992774248123169,746.5614013671875,712.7213745117188,0.9994741082191467,690.4830322265625,588.0433959960938,0.992544949054718,782.7817993164062,543.8929443359375,0.8016008734703064,769.0087890625,624.025390625,0.9782123565673828,855.8853149414062,618.49560546875,0.9812417030334473,888.2189331054688,603.2351684570312,0.9801139235496521,943.70849609375,500.8173828125,0.9986144304275513,945.9506225585938,625.3877563476562,0.9517861604690552,858.66845703125,547.3626708984375,0.9993647933006287,1010.9481201171875,447.6888427734375,0.9163358211517334,881.2280883789062,444.23345947265625,0.9988676309585571,959.06640625,382.3644714355469,0.9888256192207336,980.881591796875,258.8338317871094,0.8339846730232239,849.0767211914062,79.23761749267578,0.9545391201972961
1353,87.26380157470703,117.99015808105469,0.9997803568840027,998.9840698242188,81.04179382324219,0.999636173248291,89.18142700195312,1028.9952392578125,0.999886155128479,1023.0256958007812,1021.5805053710938,0.9992167949676514,338.0354309082031,499.114013671875,0.9991075396537781,333.3727111816406,609.7659912109375,0.9956220984458923,276.4894714355469,552.3070678710938,0.9968839287757874,387.0989074707031,558.6947631835938,0.9970295429229736,715.8569946289062,499.11431884765625,0.996931791305542,746.0964965820312,712.6546630859375,0.9995412826538086,690.6310424804688,585.6945190429688,0.9966566562652588,783.3785400390625,545.008056640625,0.8411703109741211,761.5354614257812,634.0310668945312,0.9978384375572205,855.1599731445312,623.656005859375,0.9931414723396301,884.7302856445312,611.645263671875,0.9953898191452026,937.4566650390625,500.4585266113281,0.9972956776618958,936.0780639648438,623.9986572265625,0.8882371783256531,854.0478515625,552.8032836914062,0.9990527033805847,1011.7683715820312,473.985595703125,0.9874447584152222,877.8823852539062,444.5884704589844,0.998068630695343,965.15771484375,363.37530517578125,0.9875871539115906,953.7959594726562,131.24143981933594,0.7892076373100281,847.5339965820312,79.61853790283203,0.9243161082267761
1354,87.17029571533203,114.5592269897461,0.9998297691345215,997.4880981445312,80.60617065429688,0.9997794032096863,90.12010192871094,1030.1102294921875,0.9998624324798584,1021.562744140625,1020.9417114257812,0.999646782875061,338.3056335449219,498.6769104003906,0.9989799857139587,331.83258056640625,609.7889404296875,0.9984939098358154,277.2234191894531,551.0321655273438,0.998005211353302,387.3131408691406,558.8242797851562,0.9971070885658264,716.0103759765625,497.99267578125,0.9965500831604004,740.77685546875,712.1047973632812,0.9980385899543762,689.1345825195312,585.6954345703125,0.9972546696662903,784.5264892578125,548.4554443359375,0.6794916391372681,759.728759765625,649.6885986328125,0.9960694313049316,844.120849609375,632.4623413085938,0.9967208504676819,868.0326538085938,619.2162475585938,0.9809796214103699,932.978515625,503.8063049316406,0.9924477338790894,929.8251953125,628.2151489257812,0.9813970327377319,844.1898803710938,557.063232421875,0.9768498539924622,1006.4032592773438,472.29443359375,0.968937337398529,879.0921630859375,444.1580505371094,0.9967722296714783,961.2522583007812,373.8746032714844,0.9874134063720703,959.963623046875,137.9956512451172,0.865545928478241,851.4546508789062,84.2537612915039,0.9935067892074585
1355,87.44073486328125,116.40038299560547,0.9998903274536133,997.9057006835938,82.12415313720703,0.9999006986618042,90.29898071289062,1029.5543212890625,0.9998617172241211,1024.7352294921875,1021.4484252929688,0.9996917247772217,337.853515625,499.3221435546875,0.9991476535797119,333.0238037109375,609.95458984375,0.9987868666648865,277.2952575683594,552.5394897460938,0.9977906942367554,387.7193603515625,558.6976928710938,0.9967501163482666,716.0125732421875,499.3985290527344,0.9974405765533447,737.211181640625,704.626953125,0.5599974989891052,689.2710571289062,586.8673095703125,0.9954361319541931,782.62939453125,548.6974487304688,0.43420761823654175,762.4722290039062,675.9680786132812,0.9941508173942566,826.934814453125,655.2997436523438,0.9736783504486084,850.2012939453125,640.7337646484375,0.9434423446655273,926.5910034179688,516.8594360351562,0.9978886246681213,906.01171875,655.7488403320312,0.9561326503753662,834.4652709960938,578.7879028320312,0.9875594973564148,1004.3590087890625,482.45751953125,0.9491086006164551,876.2952880859375,448.8055419921875,0.9964575171470642,955.498779296875,389.2952880859375,0.9776083827018738,953.66064453125,133.82635498046875,0.9366772770881653,898.9744873046875,100.96422576904297,0.06927169114351273
1356,87.37284088134766,117.51481628417969,0.9998036026954651,998.2545776367188,82.40784454345703,0.9996607303619385,90.56232452392578,1030.316650390625,0.9998667240142822,1021.9412231445312,1021.490478515625,0.9994115829467773,337.3561706542969,498.945068359375,0.9991534948348999,333.0012512207031,610.9166259765625,0.99843829870224,277.2569580078125,552.1297607421875,0.9972206354141235,388.3415832519531,556.9852905273438,0.9973135590553284,717.4898071289062,497.2676086425781,0.9987519979476929,746.9766845703125,693.107421875,0.974414050579071,686.9447021484375,587.214599609375,0.9944655299186707,784.7816772460938,552.5921630859375,0.294991672039032,755.8258056640625,697.15234375,0.9677959084510803,817.5172119140625,676.0678100585938,0.9907516241073608,836.9674682617188,662.0004272460938,0.9012210369110107,918.0115966796875,529.1612548828125,0.9974712133407593,901.1851196289062,667.4259643554688,0.941998302936554,822.5618896484375,600.1121215820312,0.9873673915863037,999.2482299804688,478.30523681640625,0.7986819744110107,875.8452758789062,454.9788818359375,0.9970428347587585,958.7388305664062,403.05780029296875,0.9933331608772278,996.8604125976562,275.9273986816406,0.9921898245811462,894.2252807617188,97.74020385742188,0.6815767884254456
1357,87.22772979736328,115.79325866699219,0.9996945858001709,995.0950317382812,81.99089050292969,0.999887228012085,90.09110260009766,1029.9906005859375,0.9998486042022705,1021.9325561523438,1021.7034912109375,0.9993144273757935,337.46893310546875,498.9269714355469,0.9986733198165894,333.201416015625,611.151123046875,0.9984815716743469,277.0954895019531,552.4492797851562,0.9977306723594666,388.2754821777344,557.3824462890625,0.9965423941612244,715.7264404296875,497.6894226074219,0.9987186193466187,750.8314819335938,695.6522827148438,0.9729025363922119,686.9236450195312,589.9556884765625,0.9883270859718323,781.8531494140625,548.2874145507812,0.13705110549926758,751.462890625,713.9385375976562,0.9949944019317627,817.27880859375,688.0040893554688,0.9935067892074585,841.2162475585938,675.216064453125,0.9525377154350281,910.7491455078125,546.7680053710938,0.9986923336982727,902.1897583007812,675.9024047851562,0.9187261462211609,822.0265502929688,611.841552734375,0.9968246221542358,986.4400634765625,500.84326171875,0.9820244312286377,869.1865844726562,463.5547790527344,0.9952638149261475,947.16796875,414.56951904296875,0.9966825842857361,996.4662475585938,279.7161560058594,0.9972353577613831,901.9198608398438,106.73099517822266,0.455920934677124
1358,87.1008529663086,116.77407836914062,0.9998633861541748,996.8956298828125,83.2522964477539,0.9998944997787476,90.83186340332031,1029.302490234375,0.9997337460517883,1022.8954467773438,1021.7930908203125,0.9993533492088318,337.878173828125,499.1193542480469,0.9985727071762085,333.04559326171875,611.1136474609375,0.9988542795181274,277.24908447265625,552.801025390625,0.9964195489883423,387.71417236328125,557.1250610351562,0.9957565665245056,716.8121337890625,497.1612854003906,0.9962798953056335,746.0416259765625,700.7147827148438,0.9800272583961487,688.9054565429688,588.889892578125,0.9972996115684509,783.7669067382812,570.835205078125,0.29343098402023315,740.6968383789062,731.9261474609375,0.8894841074943542,794.0896606445312,712.978759765625,0.9049739241600037,818.83984375,692.5238647460938,0.9604050517082214,905.149169921875,557.4718627929688,0.9802364706993103,886.5037231445312,693.4149780273438,0.965783953666687,812.1585083007812,630.6671752929688,0.970020592212677,984.4307250976562,499.4345703125,0.9913426637649536,864.0037841796875,468.59259033203125,0.9979409575462341,940.245361328125,417.39678955078125,0.9970109462738037,974.9037475585938,288.22186279296875,0.982704222202301,547.2770385742188,585.3782348632812,0.3147668242454529
1359,87.60736083984375,117.26544189453125,0.9997559189796448,995.7462158203125,83.99907684326172,0.9999158382415771,91.71266174316406,1030.10107421875,0.9998282194137573,1023.2970581054688,1021.1532592773438,0.9996999502182007,335.79779052734375,498.4419860839844,0.9988652467727661,334.177734375,610.4098510742188,0.9989277720451355,276.9346618652344,552.9107055664062,0.9964240193367004,388.0383605957031,556.1149291992188,0.9976143836975098,716.1817016601562,498.1049499511719,0.9873946905136108,745.7042236328125,698.7185668945312,0.9633957743644714,689.7123413085938,588.7630004882812,0.9968193769454956,784.3043823242188,549.1823120117188,0.20747004449367523,733.595947265625,735.0921020507812,0.7706794142723083,769.292724609375,722.6326904296875,0.46159201860427856,800.7471313476562,714.5530395507812,0.4485744535923004,892.347412109375,569.4912109375,0.9467512369155884,871.0178833007812,717.4793090820312,0.628668487071991,791.1067504882812,659.31396484375,0.9014460444450378,974.7828979492188,520.429931640625,0.8440803289413452,852.0540771484375,485.96337890625,0.9968453049659729,937.0177612304688,423.65582275390625,0.9955562949180603,962.8820190429688,315.05426025390625,0.967840313911438,964.28759765625,200.52931213378906,0.8842109441757202
1360,87.69249725341797,118.03749084472656,0.9997958540916443,995.5902709960938,85.3597183227539,0.9998385906219482,89.66407012939453,1029.154296875,0.9998682737350464,1020.4327392578125,1021.8959350585938,0.998978853225708,337.08831787109375,498.050537109375,0.9987912774085999,334.7750244140625,610.9930419921875,0.9982783794403076,277.81353759765625,553.783203125,0.9973992109298706,387.3092041015625,557.1314086914062,0.996300458908081,712.4259033203125,499.4687194824219,0.9870425462722778,734.598876953125,700.6777954101562,0.9789840579032898,687.7699584960938,586.0125732421875,0.994562566280365,784.0919189453125,568.9246215820312,0.9182271957397461,720.71240234375,765.8530883789062,0.965013325214386,756.5911254882812,755.5437622070312,0.6739861965179443,777.147705078125,743.2584838867188,0.7904199957847595,876.9982299804688,584.0563354492188,0.9930459856987,836.69287109375,746.160888671875,0.9568217992782593,771.5569458007812,665.58935546875,0.9947882890701294,970.938232421875,562.1409912109375,0.9942216277122498,832.6990966796875,516.8208618164062,0.989030659198761,926.03466796875,457.0626525878906,0.9980946183204651,957.5615234375,306.3323059082031,0.9409504532814026,914.8695678710938,174.788818359375,0.24760757386684418
1361,87.227783203125,117.90242767333984,0.9997377991676331,995.254638671875,84.3082046508789,0.999893069267273,90.33840942382812,1028.93212890625,0.9997926354408264,1021.5772705078125,1021.87109375,0.9986914992332458,338.07257080078125,498.3405456542969,0.9987136125564575,333.91766357421875,610.3712158203125,0.9988596439361572,277.7851257324219,553.3403930664062,0.995232880115509,388.159912109375,558.235595703125,0.996898889541626,711.4816284179688,498.720703125,0.9779606461524963,735.6624145507812,696.7625122070312,0.8936583995819092,689.3448486328125,583.4254150390625,0.996256947517395,779.1917724609375,553.3800048828125,0.21342851221561432,710.9635620117188,752.540771484375,0.8908393383026123,734.7330322265625,752.6926879882812,0.5117289423942566,761.1211547851562,745.7955932617188,0.9359116554260254,867.1192016601562,599.9102172851562,0.9089974761009216,818.0621337890625,756.4713134765625,0.9757817983627319,757.8006591796875,678.49267578125,0.8647054433822632,944.9891967773438,601.130126953125,0.7690017819404602,835.1304321289062,521.8548583984375,0.990199089050293,929.75146484375,476.18359375,0.9919189810752869,952.5908813476562,321.8433532714844,0.793172299861908,904.4597778320312,188.2100372314453,0.14173123240470886
1362,86.57247924804688,117.1142349243164,0.9997547268867493,998.3161010742188,82.21480560302734,0.9994387030601501,90.60780334472656,1029.2786865234375,0.9997835755348206,1022.8436889648438,1021.4030151367188,0.9993915557861328,337.8307189941406,498.3966064453125,0.9987284541130066,332.91424560546875,610.1890258789062,0.9992215633392334,277.4558410644531,552.63330078125,0.9962396621704102,387.39691162109375,558.7877197265625,0.9967578053474426,715.7958374023438,497.3245544433594,0.9905775785446167,735.518310546875,685.728515625,0.6036542654037476,689.879638671875,584.036865234375,0.9977902173995972,782.692626953125,570.8480834960938,0.6939392685890198,685.2545166015625,740.2445068359375,0.6852049231529236,719.0924072265625,751.1105346679688,0.6579061150550842,742.401123046875,739.7916259765625,0.5887202620506287,859.4320678710938,639.5947875976562,0.8980912566184998,813.2911376953125,768.9185180664062,0.9853715300559998,763.043701171875,670.3882446289062,0.8781381845474243,754.9556274414062,666.7179565429688,0.46555793285369873,828.741943359375,530.7587890625,0.9273959398269653,928.5162353515625,501.81842041015625,0.2624055743217468,943.7002563476562,305.0660400390625,0.9343265295028687,876.2105102539062,171.94993591308594,0.07292298227548599
1363,87.76090240478516,117.51737976074219,0.9995617270469666,996.5397338867188,82.21033477783203,0.9997586607933044,91.07344818115234,1028.524658203125,0.9998784065246582,1021.353271484375,1020.798583984375,0.9993442893028259,338.35650634765625,498.0362854003906,0.9989511966705322,334.8677673339844,610.3943481445312,0.9991102814674377,277.6889953613281,553.3526611328125,0.9958213567733765,387.6069030761719,558.2261352539062,0.9960904717445374,712.9631958007812,500.4897766113281,0.9909794330596924,744.8510131835938,666.2464599609375,0.6105536818504333,687.8878173828125,584.1937255859375,0.9958392381668091,782.1796875,551.2447509765625,0.740718424320221,678.0699462890625,735.1708374023438,0.26834845542907715,713.2360229492188,747.7302856445312,0.6972811222076416,732.5697631835938,741.0254516601562,0.8918068408966064,857.1207885742188,666.8228149414062,0.8034262657165527,816.1954345703125,783.2803955078125,0.7316306829452515,755.7095336914062,682.685791015625,0.9510846138000488,752.508056640625,677.3843994140625,0.5158295035362244,842.6961059570312,548.1068115234375,0.9850703477859497,862.6521606445312,518.8941040039062,0.22206592559814453,899.161865234375,199.54652404785156,0.1396792232990265,964.1157836914062,306.478759765625,0.9964304566383362
1364,86.09014892578125,117.49423217773438,0.9998903274536133,996.372802734375,83.72098541259766,0.9999094009399414,89.9825668334961,1029.82080078125,0.9997835755348206,1022.6339111328125,1020.0835571289062,0.9995841383934021,337.8211975097656,497.9106750488281,0.9990553259849548,333.7642822265625,610.9119873046875,0.9989603757858276,277.862548828125,553.4146728515625,0.9963167905807495,387.50927734375,557.0386962890625,0.9963625073432922,721.0236206054688,499.22747802734375,0.9805617928504944,752.6978759765625,664.5909423828125,0.39329659938812256,691.1483764648438,586.1146850585938,0.9914405345916748,787.8514404296875,558.031982421875,0.7397919297218323,677.5357666015625,703.0361938476562,0.12488631904125214,711.4935913085938,724.1756591796875,0.5306774377822876,731.0771484375,734.8816528320312,0.872198760509491,868.1368408203125,656.0347900390625,0.9592854976654053,791.826416015625,791.1043701171875,0.48917192220687866,771.2301025390625,676.213134765625,0.9702461957931519,957.8998413085938,664.835205078125,0.9817604422569275,849.5248413085938,575.575439453125,0.854718029499054,947.4710083007812,565.70263671875,0.986799418926239,979.2391967773438,317.6038513183594,0.7575713992118835,981.7577514648438,313.5420837402344,0.9507207870483398
1365,87.79792785644531,116.95953369140625,0.9997666478157043,997.6396484375,83.1192398071289,0.9999275207519531,89.41777038574219,1030.4639892578125,0.9997602105140686,1022.3224487304688,1020.3320922851562,0.9996620416641235,338.4072570800781,497.92852783203125,0.9986985921859741,334.66375732421875,610.9083862304688,0.9986181259155273,277.51507568359375,553.8541259765625,0.996260941028595,387.85870361328125,558.225341796875,0.9971285462379456,714.5126342773438,501.11572265625,0.986924409866333,758.1635131835938,665.156005859375,0.5434131026268005,692.2860107421875,587.206298828125,0.994301438331604,787.4857177734375,554.0858154296875,0.9500812888145447,680.7201538085938,736.10107421875,0.8718060851097107,713.8883666992188,730.23828125,0.025801105424761772,726.5609741210938,730.3036499023438,0.07472235709428787,853.730712890625,695.4881591796875,0.9790185689926147,765.721923828125,787.5551147460938,0.17659205198287964,771.0775146484375,678.499755859375,0.9548182487487793,958.4276733398438,687.7119140625,0.9939129948616028,855.4408569335938,610.3340454101562,0.9130356311798096,947.5972290039062,580.3995361328125,0.9835336804389954,1006.0158081054688,414.48974609375,0.45806238055229187,898.9157104492188,244.6448516845703,0.8580660223960876
1366,87.35995483398438,116.00430297851562,0.999911904335022,995.8294067382812,83.33465576171875,0.9999172687530518,90.34031677246094,1029.4915771484375,0.9998123049736023,1021.4857177734375,1020.965087890625,0.9995812773704529,338.0743713378906,498.1421203613281,0.9988505840301514,333.3793640136719,610.1527099609375,0.9989810585975647,277.0162658691406,553.0535278320312,0.9967907071113586,386.2626037597656,556.5452270507812,0.9971441626548767,717.3635864257812,499.4637756347656,0.9893872737884521,754.4774169921875,660.5950317382812,0.8551288843154907,691.349609375,585.1552124023438,0.9957543611526489,788.6104736328125,557.0182495117188,0.9697456359863281,674.4534912109375,722.8593139648438,0.7879327535629272,708.5951538085938,717.3455810546875,0.10723982751369476,720.86083984375,717.0845947265625,0.03525356203317642,849.741455078125,696.4567260742188,0.9953775405883789,762.5599365234375,785.69384765625,0.15137901902198792,777.2561645507812,671.9071044921875,0.9898921251296997,948.29638671875,702.4887084960938,0.9793204069137573,848.1386108398438,618.661865234375,0.9668533205986023,949.6878051757812,582.4315795898438,0.9790309071540833,1005.3733520507812,372.3661193847656,0.924777626991272,980.7306518554688,287.073486328125,0.5323311686515808
1367,86.35057067871094,116.81009674072266,0.9998725652694702,997.2088012695312,83.98287200927734,0.9998250603675842,90.31370544433594,1030.1053466796875,0.9997425675392151,1023.5830688476562,1020.1443481445312,0.9996935129165649,339.72259521484375,498.30218505859375,0.9987272620201111,332.7873840332031,609.7610473632812,0.9990453124046326,277.17498779296875,551.6410522460938,0.9950087070465088,386.6280822753906,557.686279296875,0.997032880783081,713.5795288085938,502.09716796875,0.9882994890213013,755.3692016601562,656.27001953125,0.8236832618713379,689.3226318359375,585.011474609375,0.9934661984443665,787.693359375,555.8059692382812,0.8965624570846558,673.8767700195312,713.6734619140625,0.7784644961357117,695.3142700195312,692.3739013671875,0.13530860841274261,726.72509765625,724.8765869140625,0.051071859896183014,849.3247680664062,693.875732421875,0.9974867105484009,760.36376953125,785.2105102539062,0.054569490253925323,773.8956909179688,670.8074340820312,0.9825908541679382,947.7432861328125,700.85546875,0.9827317595481873,843.162109375,621.6754760742188,0.9790201783180237,943.3611450195312,582.7933959960938,0.9718604683876038,989.61328125,433.4177551269531,0.9257252216339111,973.1019897460938,284.6342468261719,0.9456883072853088
1368,87.01266479492188,118.78227996826172,0.9998487234115601,996.1868896484375,83.31340026855469,0.9998966455459595,88.92925262451172,1029.6292724609375,0.9998111128807068,1024.960205078125,1020.5598754882812,0.9998763799667358,338.7801818847656,498.5411376953125,0.9990966320037842,331.9739685058594,609.9644165039062,0.9992154836654663,277.7312316894531,552.0755615234375,0.9969766139984131,386.2095031738281,558.1914672851562,0.9969101548194885,717.0015258789062,499.8583984375,0.9889842867851257,749.720947265625,659.5657958984375,0.9137049317359924,688.6111450195312,586.86328125,0.9941565990447998,788.02392578125,556.7178344726562,0.9089539647102356,666.7202758789062,713.395751953125,0.8348503708839417,688.4609985351562,704.3170166015625,0.14468508958816528,712.8411865234375,715.0015258789062,0.050592005252838135,841.7086791992188,697.066162109375,0.9918306469917297,756.9127807617188,785.1067504882812,0.1888033151626587,771.991455078125,669.8984375,0.9889515042304993,947.0728149414062,699.831787109375,0.9924015998840332,843.8331909179688,623.1239013671875,0.9929183125495911,938.1466064453125,592.080810546875,0.9037992358207703,984.2855834960938,416.3876953125,0.9449043869972229,968.1441650390625,278.8130798339844,0.960103452205658
1369,86.85282135009766,118.51082611083984,0.9996846914291382,995.6204223632812,84.34040069580078,0.9999665021896362,89.64018249511719,1028.8968505859375,0.9998756647109985,1023.8491821289062,1021.102783203125,0.9998334646224976,338.296142578125,498.2331237792969,0.999119222164154,333.1791076660156,609.867919921875,0.9994066953659058,277.875732421875,553.1016235351562,0.9971297383308411,386.4942626953125,557.4191284179688,0.9967707395553589,716.0425415039062,500.8345031738281,0.9907289743423462,747.9658813476562,662.0632934570312,0.9001266360282898,688.6112670898438,585.8956909179688,0.9888958930969238,786.2490844726562,557.044921875,0.918079674243927,665.0147094726562,717.742919921875,0.8701671361923218,694.4642944335938,711.1187744140625,0.17900271713733673,711.2903442382812,717.5538330078125,0.09381090104579926,836.8139038085938,700.29248046875,0.9972796440124512,759.8175048828125,786.72509765625,0.25347378849983215,769.9410400390625,671.2632446289062,0.9572925567626953,941.9918212890625,701.1673583984375,0.9854328036308289,841.9107666015625,622.9227294921875,0.9813827872276306,933.5084228515625,597.1661376953125,0.9762567281723022,981.2860717773438,411.8485107421875,0.9779416918754578,966.3953247070312,279.47210693359375,0.9826092720031738
1370,87.2336654663086,118.44100952148438,0.9996738433837891,996.9783325195312,84.55310821533203,0.9999505281448364,90.49042510986328,1029.69482421875,0.9998226761817932,1024.598876953125,1021.2393798828125,0.9996917247772217,339.6960144042969,498.7251892089844,0.9994341731071472,331.6867370605469,610.04150390625,0.9994204044342041,277.656494140625,552.7576904296875,0.9972414970397949,386.6635437011719,558.5907592773438,0.9973331689834595,714.1970825195312,500.3548583984375,0.9968758821487427,749.4602661132812,662.472412109375,0.8642199635505676,689.2902221679688,583.6363525390625,0.9975192546844482,785.5978393554688,557.8815307617188,0.9736539125442505,666.5830078125,703.8074951171875,0.21376381814479828,690.41650390625,720.2147216796875,0.9750702381134033,709.8621215820312,728.239990234375,0.38659894466400146,840.4481201171875,698.4708251953125,0.9942915439605713,757.4984741210938,787.533935546875,0.735071063041687,769.82861328125,673.6680297851562,0.9798856377601624,940.1990356445312,703.213134765625,0.989812433719635,845.5291137695312,620.27099609375,0.8973046541213989,936.1522827148438,591.6138916015625,0.9708141684532166,978.5790405273438,410.07391357421875,0.5882436037063599,968.17578125,284.95172119140625,0.29952454566955566
1371,85.20881652832031,120.53295135498047,0.9997889399528503,994.3388061523438,81.8187255859375,0.999904990196228,92.21395111083984,1029.404541015625,0.9998512268066406,1023.7234497070312,1022.0223999023438,0.9995070695877075,339.0009460449219,498.1575012207031,0.9993365406990051,332.9867248535156,610.4564819335938,0.9993496537208557,277.6430358886719,552.7009887695312,0.9971115589141846,387.4484558105469,557.4944458007812,0.9966153502464294,713.8883056640625,499.3755798339844,0.9965295195579529,757.1671752929688,662.5143432617188,0.7137573957443237,690.0862426757812,585.700927734375,0.9976415634155273,785.4644165039062,557.2788696289062,0.9861568212509155,628.4075317382812,731.0404663085938,0.35543015599250793,679.7215576171875,743.794921875,0.6569724678993225,703.852294921875,743.1168212890625,0.5818412899971008,839.9168090820312,699.48779296875,0.9899246692657471,755.4042358398438,790.1715698242188,0.7775726914405823,752.1400756835938,682.5401000976562,0.762940526008606,942.4938354492188,702.0338745117188,0.9822047352790833,842.2974853515625,622.8563232421875,0.9859958291053772,932.9925537109375,593.27001953125,0.8799096345901489,963.4647827148438,445.3286437988281,0.908184826374054,948.5613403320312,259.7303771972656,0.4566705524921417
1372,85.9727554321289,118.40958404541016,0.9997604489326477,995.6784057617188,83.82672882080078,0.9999054670333862,89.35932922363281,1030.9849853515625,0.9997610449790955,1020.859375,1021.626953125,0.9995306730270386,338.1680908203125,498.21026611328125,0.9992302656173706,334.09747314453125,610.856201171875,0.9991042017936707,277.0249328613281,553.9752197265625,0.9959256649017334,386.40509033203125,557.3125,0.9970788955688477,712.0699462890625,501.8377380371094,0.9962849617004395,760.545166015625,670.5429077148438,0.9251417517662048,693.9154052734375,590.0694580078125,0.997958779335022,783.1199951171875,545.975830078125,0.968438446521759,657.0032348632812,803.244384765625,0.9877417087554932,676.8811645507812,781.83447265625,0.9030482172966003,714.2298583984375,774.42431640625,0.07256154716014862,833.5023803710938,713.7470092773438,0.9486314058303833,775.572265625,806.8377685546875,0.8179423213005066,779.5123901367188,678.4509887695312,0.6700009703636169,932.231201171875,719.532958984375,0.99140864610672,836.9547729492188,629.6777954101562,0.9931104183197021,931.9970092773438,598.154296875,0.9830731153488159,966.9121704101562,428.2038879394531,0.7729492783546448,980.1852416992188,309.375244140625,0.7100334167480469
1373,86.80470275878906,118.50912475585938,0.9997225403785706,995.3490600585938,84.10452270507812,0.9999479055404663,91.29698181152344,1030.341796875,0.9998364448547363,1022.9425048828125,1020.95947265625,0.9996746778488159,338.112548828125,498.22967529296875,0.9990783929824829,334.2490539550781,610.8187255859375,0.9988897442817688,276.75262451171875,553.2410278320312,0.9975197911262512,387.02435302734375,556.8973999023438,0.9970435500144958,710.1865234375,501.477294921875,0.9951857924461365,759.7818603515625,687.588623046875,0.5692285895347595,693.986328125,590.0238647460938,0.9974313378334045,783.46630859375,553.5640869140625,0.9672219753265381,642.2117309570312,875.5613403320312,0.6672269105911255,689.943603515625,840.8062744140625,0.8360350131988525,709.239990234375,822.5513305664062,0.25490090250968933,831.7500610351562,725.7952880859375,0.9888800382614136,786.4961547851562,831.97265625,0.9617704749107361,753.572998046875,713.7794799804688,0.6856873035430908,713.726806640625,752.2631225585938,0.9744457602500916,836.2765502929688,637.054443359375,0.9503577351570129,926.09033203125,608.9506225585938,0.8740271329879761,972.7615356445312,415.1046447753906,0.691105306148529,973.1719360351562,302.2752380371094,0.35390448570251465
1374,85.29458618164062,116.84777069091797,0.9997770190238953,995.1185302734375,81.70857238769531,0.9998770952224731,90.34427642822266,1029.431396484375,0.9998306035995483,1024.5506591796875,1021.7675170898438,0.9998019337654114,338.2865295410156,498.5677185058594,0.9991330504417419,334.1785888671875,610.5277709960938,0.9984585046768188,276.8482666015625,553.5254516601562,0.9974492192268372,386.2251281738281,556.659423828125,0.9952754974365234,710.93212890625,499.62286376953125,0.9977658987045288,745.902587890625,717.3760375976562,0.9932383298873901,691.2001953125,588.9710693359375,0.9943906664848328,781.6346435546875,561.112060546875,0.9964354038238525,633.229248046875,940.8153686523438,0.9939157366752625,684.6951904296875,892.6282348632812,0.9817976951599121,692.1647338867188,876.7354736328125,0.6190868020057678,823.1168823242188,739.0418090820312,0.9577808976173401,772.138671875,867.5817260742188,0.9934586882591248,701.1295166015625,805.6502075195312,0.3005339503288269,701.9310302734375,789.0332641601562,0.9628846645355225,820.1505737304688,640.8783569335938,0.8822287917137146,912.2469482421875,609.0888671875,0.9356542229652405,977.6951293945312,407.794921875,0.7520419359207153,974.2943725585938,296.9463195800781,0.7386157512664795
1375,87.26771545410156,115.54545593261719,0.9997923970222473,994.9557495117188,83.51783752441406,0.9998736381530762,90.69825744628906,1028.8045654296875,0.9999247789382935,1021.6668701171875,1022.2467651367188,0.9994280934333801,338.600341796875,498.2128601074219,0.9991108775138855,334.1080627441406,611.020751953125,0.9992132186889648,277.19921875,552.08984375,0.9970507621765137,385.99090576171875,556.7536010742188,0.9921958446502686,712.776611328125,500.1598815917969,0.9948402047157288,756.21337890625,678.4248657226562,0.48787564039230347,691.6286010742188,588.8499145507812,0.9953189492225647,784.865478515625,557.6965942382812,0.9732735753059387,626.2989501953125,975.490234375,0.8983555436134338,665.4290771484375,926.9798583984375,0.9919736385345459,680.1544189453125,901.5506591796875,0.8186283111572266,795.783447265625,769.312255859375,0.9893490076065063,759.1661376953125,888.8593139648438,0.937057375907898,676.3478393554688,844.040771484375,0.7847574949264526,882.552734375,775.0029907226562,0.837315022945404,809.2062377929688,661.3762817382812,0.5311540961265564,867.1865234375,629.3032836914062,0.790471613407135,900.1550903320312,542.6972045898438,0.34006771445274353,947.3002319335938,440.14056396484375,0.7636613249778748
1376,87.17375183105469,117.60289764404297,0.9998544454574585,997.0166015625,83.852783203125,0.9999232292175293,90.73200988769531,1029.28271484375,0.99986732006073,1021.682373046875,1021.5919799804688,0.9995465874671936,338.7132263183594,498.23779296875,0.9992707371711731,333.77301025390625,610.9088134765625,0.9986724853515625,277.24908447265625,551.5008544921875,0.9969984292984009,386.74444580078125,557.59130859375,0.993417501449585,715.8391723632812,499.9133605957031,0.9657849073410034,761.5165405273438,680.6340942382812,0.5472716689109802,690.992431640625,588.8798217773438,0.9924293160438538,785.2570190429688,555.168212890625,0.9765723347663879,595.9327392578125,999.0841064453125,0.8926520347595215,639.026611328125,949.658935546875,0.9626367092132568,651.7213134765625,924.9050903320312,0.6987361311912537,771.0516967773438,777.809326171875,0.9933916330337524,727.212646484375,908.3084716796875,0.9315724968910217,647.16455078125,867.6085815429688,0.9342624545097351,878.9841918945312,771.6776733398438,0.9851889610290527,806.9931640625,676.6223754882812,0.15403105318546295,861.5989379882812,657.466064453125,0.8576051592826843,896.4614868164062,544.9063720703125,0.8799675107002258,969.1748046875,408.2901611328125,0.906192421913147
1377,85.35226440429688,117.53380584716797,0.9999250173568726,995.39306640625,82.98079681396484,0.9999563694000244,90.0892562866211,1028.911865234375,0.9997983574867249,1024.3543701171875,1020.4109497070312,0.9998168349266052,338.7291564941406,498.6631774902344,0.9993990659713745,333.5645446777344,609.8469848632812,0.999298095703125,278.4921875,551.2784423828125,0.9969717264175415,386.8305969238281,556.35302734375,0.9964209794998169,714.2097778320312,499.9799499511719,0.9941746592521667,751.4367065429688,701.8383178710938,0.5076079964637756,693.2308959960938,590.7290649414062,0.9933601021766663,781.5133666992188,551.7296142578125,0.9350394010543823,586.8579711914062,1001.4891357421875,0.9212958812713623,631.1940307617188,949.4501953125,0.9833633899688721,641.576171875,931.0392456054688,0.9356719851493835,754.26708984375,812.5630493164062,0.9950893521308899,747.275146484375,713.6568603515625,0.9912413358688354,855.6847534179688,808.019775390625,0.9103574752807617,862.34521484375,803.1408081054688,0.3701235055923462,812.5580444335938,707.8860473632812,0.23041203618049622,847.9669189453125,692.5684204101562,0.9727263450622559,899.3841552734375,577.3436279296875,0.7772492170333862,961.421630859375,425.5580749511719,0.994800329208374
1378,87.34951782226562,116.12245178222656,0.9998681545257568,993.6729736328125,84.779296875,0.9999512434005737,89.89604949951172,1029.8468017578125,0.9998461008071899,1022.57421875,1022.1196899414062,0.9998254179954529,339.09283447265625,498.8078918457031,0.9991379976272583,333.11065673828125,610.7029418945312,0.9985477328300476,278.6393127441406,551.425048828125,0.9963562488555908,386.6432189941406,559.5902709960938,0.9962520003318787,716.38134765625,499.59332275390625,0.9981897473335266,750.9540405273438,714.1685791015625,0.9973815083503723,692.8942260742188,588.7501220703125,0.9961049556732178,781.9778442382812,556.7258911132812,0.9848693609237671,589.9147338867188,1004.4559326171875,0.9845320582389832,622.7486572265625,960.4662475585938,0.9626255631446838,639.983642578125,936.0258178710938,0.9206881523132324,725.7660522460938,839.5581665039062,0.9811290502548218,710.4917602539062,941.1762084960938,0.9676195383071899,634.7520751953125,886.8731079101562,0.9672881364822388,802.3582763671875,855.6407470703125,0.9890446662902832,686.2890014648438,789.9429931640625,0.9640637636184692,819.412841796875,750.4097900390625,0.9972670078277588,883.65380859375,628.3980712890625,0.9842211008071899,979.2327880859375,414.3096923828125,0.9977126121520996
1379,86.73079681396484,115.14181518554688,0.9998751878738403,993.1138305664062,83.05805206298828,0.9999204874038696,89.29961395263672,1029.5811767578125,0.9997846484184265,1023.592041015625,1022.9176635742188,0.9995867609977722,338.764404296875,498.81268310546875,0.9994146823883057,332.71160888671875,610.803466796875,0.9990625977516174,278.4007873535156,550.8653564453125,0.9969227910041809,387.86920166015625,558.4096069335938,0.9964963793754578,715.7578735351562,500.1412048339844,0.9908044338226318,753.2962646484375,717.7127075195312,0.9991884827613831,691.542236328125,590.1688842773438,0.9934720993041992,783.6300048828125,548.4323120117188,0.9372575879096985,597.3384399414062,1019.0716552734375,0.897784948348999,632.0042114257812,968.1927490234375,0.5558242797851562,649.953125,944.1743774414062,0.6686257719993591,727.4495239257812,841.5524291992188,0.9895379543304443,723.64501953125,962.5521850585938,0.9911754131317139,632.09912109375,903.7849731445312,0.9017037153244019,798.9655151367188,861.9789428710938,0.9126405715942383,687.6244506835938,786.2085571289062,0.8339166641235352,806.079345703125,764.6973266601562,0.7238050699234009,885.6488647460938,654.0107421875,0.9152679443359375,941.7167358398438,499.42095947265625,0.30211421847343445
1380,85.23683166503906,115.46957397460938,0.9998422861099243,995.6915283203125,84.23533630371094,0.9999376535415649,90.9747085571289,1029.107666015625,0.9998214840888977,1019.14892578125,1020.827392578125,0.999445378780365,338.0223693847656,498.712890625,0.9992058873176575,333.81304931640625,610.9527587890625,0.9987982511520386,278.0691833496094,551.0602416992188,0.998184859752655,387.3846130371094,557.7227783203125,0.9968810081481934,717.1719360351562,498.43951416015625,0.9881836771965027,753.7332763671875,715.47802734375,0.9997690320014954,691.8037109375,591.5441284179688,0.9975948929786682,784.9471435546875,548.1997680664062,0.9634085297584534,589.4296875,1033.7056884765625,0.577972412109375,644.77734375,982.0758056640625,0.8644351363182068,656.5354614257812,957.95751953125,0.9075729846954346,724.3124389648438,863.6814575195312,0.9555068612098694,722.888916015625,967.0926513671875,0.234098419547081,642.1791381835938,916.7393188476562,0.975075900554657,790.0133056640625,882.6224975585938,0.9057149887084961,684.2469482421875,804.0536499023438,0.9878754019737244,798.952880859375,786.6343383789062,0.9787024259567261,881.4761352539062,684.5482177734375,0.7116974592208862,941.31005859375,555.8237915039062,0.9591420292854309
1381,86.2275619506836,118.12732696533203,0.9998413324356079,996.5632934570312,82.63539123535156,0.9999725818634033,89.79450988769531,1029.81689453125,0.9997894167900085,1020.00244140625,1022.5542602539062,0.9996999502182007,338.4314880371094,497.3207092285156,0.9988588094711304,333.6212158203125,611.4933471679688,0.9985647797584534,278.3628234863281,552.4179077148438,0.9969307780265808,388.0870666503906,558.7805786132812,0.9887294173240662,716.3942260742188,499.1518859863281,0.9925301671028137,755.2239379882812,719.6383056640625,0.9997765421867371,689.6077880859375,590.3349609375,0.9968076944351196,785.1161499023438,563.1727294921875,0.9564102292060852,585.100830078125,1074.2021484375,0.6973028779029846,632.0855712890625,1001.5440673828125,0.9649665951728821,653.7348022460938,973.842529296875,0.9067383408546448,723.834716796875,883.4667358398438,0.9952810406684875,712.162353515625,986.8628540039062,0.4489378333091736,638.8980712890625,941.1528930664062,0.6992058157920837,785.418701171875,880.557373046875,0.9570841193199158,691.4884033203125,821.2350463867188,0.7932865023612976,783.978759765625,795.26953125,0.9935854077339172,882.0556640625,687.4755859375,0.7882375121116638,956.1823120117188,540.7565307617188,0.9573749899864197
1382,87.05738830566406,116.86450958251953,0.9998639822006226,996.3384399414062,82.12324523925781,0.9999537467956543,89.51378631591797,1030.3658447265625,0.9998056292533875,1023.6644897460938,1022.0137939453125,0.9995806813240051,338.38494873046875,497.8480224609375,0.9988818764686584,333.47930908203125,611.7618408203125,0.9990999698638916,277.9855651855469,552.8141479492188,0.9954773783683777,385.8317565917969,559.0281982421875,0.9960099458694458,716.73681640625,498.7108459472656,0.9967114925384521,755.0986938476562,718.210693359375,0.9998371601104736,692.6915283203125,591.546630859375,0.9957014918327332,782.8255004882812,549.3910522460938,0.9466840624809265,573.4600219726562,1090.230224609375,0.42125841975212097,628.562255859375,1015.6882934570312,0.5284101366996765,651.577880859375,979.8237915039062,0.9244726300239563,721.03173828125,880.9359741210938,0.9803491234779358,719.0589599609375,985.3094482421875,0.8470855951309204,611.6820068359375,952.3566284179688,0.760514497756958,782.707275390625,883.674072265625,0.6595166921615601,697.5432739257812,816.2149047851562,0.985332190990448,787.7970581054688,791.6416015625,0.999569833278656,869.3607177734375,693.2869873046875,0.9536242485046387,954.1707763671875,600.4839477539062,0.7078732848167419
1383,86.67716217041016,116.3250503540039,0.9996943473815918,994.492919921875,83.27462768554688,0.9997468590736389,91.0433349609375,1029.248046875,0.9998337030410767,1023.5599365234375,1022.193115234375,0.9995032548904419,337.1026306152344,497.8278503417969,0.9988293051719666,333.6885986328125,610.6732788085938,0.9989701509475708,277.3233642578125,554.4127197265625,0.9934618473052979,386.34375,557.9513549804688,0.9947507977485657,719.73486328125,500.6212158203125,0.9930300116539001,755.300537109375,718.4816284179688,0.9998176693916321,691.2984619140625,590.1965942382812,0.9968133568763733,783.0263671875,554.5614013671875,0.9650530815124512,571.0396728515625,1085.5147705078125,0.7663980722427368,612.7561645507812,1032.426025390625,0.8628644943237305,642.45703125,997.8883666992188,0.9816266298294067,716.1150512695312,888.7335815429688,0.9304087162017822,700.8095703125,1019.0934448242188,0.399209588766098,615.3641967773438,950.8553466796875,0.7165108919143677,772.5188598632812,882.3352661132812,0.7352020740509033,685.3140258789062,829.0639038085938,0.8764621615409851,778.1685791015625,799.2157592773438,0.9988052845001221,855.4395751953125,696.9542846679688,0.9876947402954102,911.2239990234375,604.59130859375,0.7743343114852905
1384,86.37238311767578,115.45684051513672,0.9999006986618042,996.6406860351562,86.99513244628906,0.9998049139976501,91.50822448730469,1028.935791015625,0.9999138116836548,1021.4229736328125,1022.3868408203125,0.9994544386863708,336.67193603515625,497.67059326171875,0.9985621571540833,334.6044921875,611.0576171875,0.998412013053894,278.3323669433594,554.416015625,0.9935209155082703,385.3636779785156,556.4178466796875,0.9967873096466064,715.6775512695312,500.7358093261719,0.9961382746696472,754.0543823242188,718.1918334960938,0.9998005032539368,692.4729614257812,591.7782592773438,0.9941228032112122,783.2161865234375,556.7130126953125,0.9768339991569519,584.449951171875,1082.3665771484375,0.04947008192539215,608.8829956054688,1034.4185791015625,0.694057047367096,644.9864501953125,999.8187255859375,0.5412108302116394,711.4871215820312,904.537109375,0.12975889444351196,665.23828125,1052.0843505859375,0.19817589223384857,611.4146118164062,967.5162353515625,0.7588551044464111,761.8712158203125,902.7952270507812,0.7951816320419312,691.273193359375,834.11083984375,0.8473698496818542,771.3526611328125,809.9762573242188,0.9971233010292053,848.7471923828125,702.5946044921875,0.8671891093254089,922.657470703125,576.858642578125,0.9620253443717957
1385,88.18844604492188,116.24603271484375,0.9996517896652222,994.9508056640625,84.2322769165039,0.9999251365661621,89.734619140625,1028.546875,0.9998223185539246,1021.90087890625,1021.4075927734375,0.9995214939117432,339.1191711425781,497.8037414550781,0.9991012811660767,333.45440673828125,610.9713134765625,0.9994118213653564,278.37982177734375,552.9561767578125,0.9949607849121094,385.79315185546875,559.249755859375,0.997229278087616,716.947509765625,499.12982177734375,0.9954156875610352,755.122802734375,718.2861328125,0.9998880624771118,693.7122802734375,592.27197265625,0.9949058294296265,782.8103637695312,556.385009765625,0.9807761907577515,616.9620361328125,1092.95068359375,0.04047660157084465,623.6568603515625,1052.4798583984375,0.39637672901153564,642.50048828125,1019.7721557617188,0.6935592889785767,699.26318359375,905.2520141601562,0.9171220064163208,676.1906127929688,1061.690673828125,0.4311767816543579,582.5845947265625,1019.8997802734375,0.29858747124671936,756.995849609375,909.6695556640625,0.9759945869445801,677.5151977539062,835.1676635742188,0.9946740865707397,768.5912475585938,820.2468872070312,0.9996825456619263,854.3114624023438,702.7225952148438,0.6428210735321045,927.3283081054688,572.4816284179688,0.17260770499706268
1386,86.89738464355469,116.50496673583984,0.9999217987060547,997.481201171875,83.02711486816406,0.999855637550354,90.0903091430664,1029.7843017578125,0.9998557567596436,1022.6087036132812,1021.5736083984375,0.9993884563446045,338.1274719238281,498.06146240234375,0.9995344877243042,334.3717041015625,610.3333129882812,0.9992935657501221,277.5757141113281,552.6941528320312,0.9973928928375244,386.9018859863281,556.5193481445312,0.9976619482040405,716.6510620117188,498.7227783203125,0.9975649118423462,754.3861694335938,718.8848876953125,0.999886155128479,693.3323364257812,591.1633911132812,0.9960358738899231,782.7713623046875,555.9789428710938,0.985203742980957,673.1172485351562,1077.9346923828125,0.004231876693665981,641.5829467773438,1080.617919921875,0.5129826664924622,643.7009887695312,1024.25830078125,0.7932782173156738,696.5743408203125,916.4320678710938,0.9077851176261902,702.9412841796875,1034.407958984375,0.34637656807899475,592.3092651367188,1000.2551879882812,0.38789743185043335,751.9326782226562,902.9856567382812,0.9907792806625366,674.4700317382812,836.4950561523438,0.9871957302093506,763.8359375,830.1790161132812,0.9992522597312927,876.7312622070312,693.49365234375,0.9076392650604248,937.2113037109375,568.9995727539062,0.9098648428916931
1387,87.55611419677734,117.4742431640625,0.9998072981834412,992.9110107421875,87.34033966064453,0.9998824596405029,89.12449645996094,1029.30029296875,0.9998769760131836,1022.8997802734375,1021.9937744140625,0.9997209906578064,337.613037109375,497.8245849609375,0.9988640546798706,332.6805725097656,610.6845703125,0.9984997510910034,277.724609375,551.917724609375,0.9963836669921875,386.59393310546875,557.9190063476562,0.9948093891143799,714.8688354492188,499.2858581542969,0.9978684186935425,754.5784912109375,717.8014526367188,0.9998959302902222,694.3814086914062,592.5120239257812,0.9955015778541565,783.0128173828125,556.0202026367188,0.9859316349029541,692.9241333007812,1092.0286865234375,0.01416759006679058,654.1368408203125,1062.607177734375,0.7137599587440491,653.49462890625,1037.0555419921875,0.932669460773468,680.7103881835938,925.1343994140625,0.5834022164344788,696.9166870117188,1033.68310546875,0.3928930163383484,587.232177734375,1022.98779296875,0.9740206599235535,743.7379760742188,916.6447143554688,0.9881884455680847,669.7305297851562,846.2892456054688,0.8780049681663513,758.6459350585938,834.23046875,0.9992290735244751,884.2098388671875,685.6453247070312,0.973893940448761,941.3589477539062,555.8800659179688,0.890215277671814
1388,86.67862701416016,118.41836547851562,0.9998251795768738,994.8402709960938,84.62488555908203,0.9999046325683594,90.04857635498047,1028.9884033203125,0.9998261332511902,1023.0426025390625,1021.0195922851562,0.9995781779289246,337.477783203125,498.2008056640625,0.99913090467453,332.7171936035156,611.3373413085938,0.9991125464439392,277.9421081542969,553.167724609375,0.9974258542060852,386.7359619140625,558.0200805664062,0.9952297210693359,713.00244140625,500.64959716796875,0.9939653277397156,754.4382934570312,717.3150634765625,0.9998908042907715,694.6378173828125,590.848876953125,0.9920374155044556,782.7592163085938,548.16796875,0.9525352120399475,695.0374755859375,1094.0848388671875,0.057636164128780365,654.0897216796875,1065.4964599609375,0.18486124277114868,653.0265502929688,1024.75146484375,0.9148568511009216,692.1572875976562,934.8736572265625,0.7594045400619507,704.8895874023438,1038.160888671875,0.44398272037506104,599.23779296875,1016.8641967773438,0.8818090558052063,747.6879272460938,924.0286865234375,0.9588910341262817,659.1820678710938,857.096923828125,0.9568564295768738,755.1514282226562,836.169677734375,0.9995911717414856,842.0274658203125,739.3084716796875,0.9536377787590027,424.24053955078125,487.4493103027344,0.7561570405960083
1389,85.87600708007812,116.29386138916016,0.9999611377716064,995.5919799804688,85.30769348144531,0.999954342842102,88.98336029052734,1028.2874755859375,0.9998672008514404,1022.4220581054688,1021.76318359375,0.9991088509559631,337.8681945800781,498.24945068359375,0.9992089867591858,332.0429992675781,610.5320434570312,0.9992669224739075,277.4568176269531,551.8848266601562,0.998407781124115,387.117431640625,558.3680419921875,0.996492326259613,715.2244262695312,498.9809875488281,0.9953768253326416,754.9818115234375,717.1712646484375,0.9997678399085999,692.7417602539062,591.0549926757812,0.9974542260169983,784.1146850585938,553.3342895507812,0.9712925553321838,650.8761596679688,1094.106689453125,0.008470384404063225,658.6596069335938,1082.3994140625,0.4210173487663269,657.954833984375,1054.2198486328125,0.3926452398300171,684.2387084960938,936.6615600585938,0.9411217570304871,707.097900390625,1038.1673583984375,0.06938299536705017,597.2726440429688,1026.093505859375,0.1583414524793625,745.600830078125,915.8391723632812,0.9913507699966431,653.2301635742188,852.566650390625,0.9474088549613953,754.4584350585938,841.2000122070312,0.9996380805969238,837.4716186523438,743.3184814453125,0.977088451385498,912.6300659179688,600.3502807617188,0.9884465932846069
1390,85.79540252685547,117.48236083984375,0.9998643398284912,995.921875,83.50965118408203,0.9999301433563232,89.21046447753906,1028.3072509765625,0.9998701810836792,1021.8184204101562,1021.5643920898438,0.9994606375694275,337.4610290527344,498.31927490234375,0.999046266078949,331.1984558105469,609.8031616210938,0.9992040991783142,277.2452697753906,552.1734008789062,0.9983707070350647,386.4054870605469,558.8473510742188,0.9969528913497925,715.9448852539062,500.15142822265625,0.9891963005065918,755.199462890625,717.1629028320312,0.9998947381973267,691.8877563476562,592.3413696289062,0.9981364011764526,783.9269409179688,551.9669799804688,0.972963809967041,604.597900390625,1070.402099609375,0.1902390420436859,654.6747436523438,1070.3153076171875,0.13188599050045013,659.9290161132812,1044.013427734375,0.12106046825647354,687.4992065429688,940.4393920898438,0.8403967022895813,699.49951171875,1062.6259765625,0.03921594098210335,625.6622314453125,943.818115234375,0.03578519448637962,744.4298706054688,922.19482421875,0.9651341438293457,652.0054321289062,863.1808471679688,0.9726702570915222,754.4214477539062,837.0712890625,0.9996142387390137,835.4976196289062,741.4173583984375,0.7699210047721863,913.7279052734375,600.3303833007812,0.9984477758407593
1391,86.36566925048828,116.95906829833984,0.9998890161514282,995.6535034179688,84.03606414794922,0.9999566078186035,90.42986297607422,1030.64794921875,0.9998077750205994,1023.2191772460938,1021.4824829101562,0.9995750784873962,336.85443115234375,498.0412902832031,0.9984694123268127,333.1694030761719,609.3623046875,0.9989714622497559,277.2596130371094,552.6459350585938,0.9977091550827026,386.54888916015625,557.3484497070312,0.996793806552887,715.424072265625,500.8987731933594,0.9904040098190308,755.8255004882812,718.4329223632812,0.9998495578765869,693.0499877929688,594.4613647460938,0.9990280866622925,782.6892700195312,555.9035034179688,0.9766389727592468,631.8883056640625,1096.85693359375,0.01018372643738985,641.3034057617188,1056.338134765625,0.42155084013938904,655.901611328125,1028.928955078125,0.9010827541351318,696.065673828125,938.45703125,0.9358856678009033,709.2359619140625,1040.4290771484375,0.5469453930854797,596.8070068359375,1004.1332397460938,0.9069837331771851,747.2603149414062,913.741943359375,0.977449893951416,660.6168212890625,854.8261108398438,0.9141465425491333,757.1200561523438,834.3395385742188,0.9994146823883057,865.1170043945312,689.543701171875,0.9484333992004395,912.79345703125,593.9617309570312,0.9858314990997314
1392,86.6895751953125,113.5094223022461,0.9997339844703674,996.1915893554688,84.78553009033203,0.9999475479125977,89.30252075195312,1030.499755859375,0.9997802376747131,1021.9655151367188,1021.7794799804688,0.9995556473731995,338.9145812988281,498.07373046875,0.9985784292221069,333.6573486328125,610.0165405273438,0.9989702701568604,277.8562316894531,551.8839721679688,0.9980942606925964,386.5670471191406,558.5718383789062,0.9970142841339111,715.1298828125,499.3028259277344,0.9837737083435059,755.3345336914062,718.3272705078125,0.9998986721038818,692.7072143554688,593.5929565429688,0.9987609386444092,782.4232788085938,552.9744262695312,0.9769290089607239,627.78173828125,1094.083740234375,0.03907150402665138,614.20361328125,1055.5067138671875,0.9040936827659607,638.3538208007812,1033.7606201171875,0.9496181011199951,701.048095703125,923.8212280273438,0.9329938292503357,701.7568359375,1054.3394775390625,0.40672385692596436,594.78076171875,1012.517578125,0.9251657128334045,749.099365234375,908.5800170898438,0.9858527183532715,662.4365234375,855.1851196289062,0.9890307784080505,761.4149169921875,830.3916015625,0.9987483024597168,864.9989624023438,695.2777099609375,0.9506698250770569,910.4998168945312,598.74658203125,0.9794800281524658
1393,86.69257354736328,115.60907745361328,0.9997606873512268,998.3746337890625,87.33206939697266,0.9997227787971497,89.03150177001953,1029.083984375,0.9998942613601685,1021.3574829101562,1021.130615234375,0.9997596144676208,337.57489013671875,498.0104675292969,0.9985198378562927,333.3138732910156,610.679931640625,0.9983780384063721,277.7246398925781,552.58984375,0.9981786012649536,385.3865661621094,559.5634155273438,0.9956070780754089,714.591552734375,500.0173645019531,0.9940010905265808,754.3365478515625,717.2764892578125,0.9998983144760132,691.0904541015625,593.805419921875,0.9974420070648193,782.352294921875,553.3565673828125,0.9752995371818542,596.0633544921875,1090.894775390625,0.05640793591737747,616.7880859375,1043.9400634765625,0.954311192035675,635.309326171875,1026.594970703125,0.7597032189369202,698.7449951171875,921.7742919921875,0.8625483512878418,714.1151733398438,1022.8206176757812,0.17514173686504364,605.3194580078125,1001.0414428710938,0.6887218356132507,748.7914428710938,918.2739868164062,0.971962034702301,664.4319458007812,847.9509887695312,0.987667977809906,763.0014038085938,828.5131225585938,0.9985679388046265,839.7029418945312,741.6964721679688,0.8533012866973877,919.3851928710938,594.5050659179688,0.9873606562614441
1394,88.59535217285156,118.42918395996094,0.9997759461402893,996.8782348632812,82.0264663696289,0.9998807907104492,90.10282135009766,1028.38916015625,0.9998185038566589,1021.6502075195312,1021.3418579101562,0.9995704293251038,338.7282409667969,498.6422424316406,0.9988229870796204,333.4077453613281,611.18994140625,0.999206006526947,277.8542785644531,553.2741088867188,0.9978387951850891,386.26226806640625,559.5582275390625,0.9965938925743103,715.6906127929688,499.4842834472656,0.9948825836181641,755.6459350585938,717.221923828125,0.999816358089447,691.43798828125,591.4658203125,0.9972482323646545,783.5695190429688,555.7994995117188,0.9725474715232849,580.1145629882812,1091.947021484375,0.042825955897569656,617.6536254882812,1038.598876953125,0.6985648274421692,643.9907836914062,1008.9268798828125,0.9052010774612427,700.2188110351562,915.60302734375,0.9883665442466736,710.31640625,1028.3031005859375,0.6690613031387329,604.7333984375,975.16845703125,0.900277853012085,752.9332275390625,914.865478515625,0.987547755241394,668.46484375,847.0385131835938,0.9986703395843506,762.8433837890625,829.5387573242188,0.9993059635162354,842.2282104492188,740.1201171875,0.83846515417099,922.6055297851562,581.079345703125,0.8173770904541016
1395,87.33320617675781,118.46265411376953,0.9998891353607178,996.0491333007812,81.49480438232422,0.9998083710670471,89.1037368774414,1029.3916015625,0.9999058246612549,1023.376220703125,1020.7053833007812,0.9997348189353943,338.4039611816406,498.7292785644531,0.9989161491394043,334.39605712890625,611.0451049804688,0.9990500807762146,277.0334167480469,552.4990234375,0.99741530418396,387.1117858886719,558.5269165039062,0.997043788433075,715.890380859375,501.5704345703125,0.995549201965332,754.9197998046875,717.3282470703125,0.9998403787612915,690.44921875,591.060302734375,0.9967072606086731,785.2154541015625,548.6647338867188,0.9500074982643127,541.2283935546875,1088.8154296875,0.024775344878435135,627.0128173828125,1031.90380859375,0.857134222984314,649.1575317382812,1010.3204956054688,0.9835098385810852,706.7288208007812,917.27490234375,0.9956450462341309,707.6171264648438,1037.8704833984375,0.3832200765609741,600.8353881835938,986.0469970703125,0.8394325971603394,755.4082641601562,908.47705078125,0.9666262865066528,670.19580078125,845.4951171875,0.9971756935119629,764.0018310546875,828.4663696289062,0.9989802241325378,871.0506591796875,694.3148803710938,0.968743622303009,925.4727783203125,573.828125,0.5584693551063538
1396,88.28549194335938,118.48538208007812,0.9998010993003845,992.6693725585938,84.8405532836914,0.9999011754989624,89.4934310913086,1029.3148193359375,0.9998910427093506,1020.159423828125,1020.4639892578125,0.9994012117385864,338.3651123046875,498.9853515625,0.9980134963989258,334.6412048339844,611.4078369140625,0.9992052912712097,277.70281982421875,552.7284545898438,0.9962792992591858,386.8438415527344,558.444091796875,0.9954259991645813,713.4768676757812,501.98968505859375,0.9764677882194519,755.1152954101562,717.4784545898438,0.9997684359550476,692.7098999023438,591.0751953125,0.9950940608978271,783.3628540039062,546.2468872070312,0.9298452138900757,517.8878784179688,1064.0635986328125,0.3511437475681305,594.272216796875,1031.29296875,0.897756040096283,638.2966918945312,1012.076416015625,0.9880580902099609,701.7930297851562,913.8711547851562,0.9382637739181519,616.861328125,1079.9140625,0.5859802961349487,615.5584106445312,973.4752197265625,0.8658822178840637,753.3622436523438,909.174560546875,0.9369723200798035,669.569091796875,848.0451049804688,0.9940038323402405,766.9300537109375,827.9456787109375,0.9994213581085205,870.5825805664062,697.82080078125,0.7777389287948608,921.1452026367188,580.7178344726562,0.8204732537269592
1397,87.08544158935547,118.38658905029297,0.9997755885124207,993.7109985351562,83.24666595458984,0.9999610185623169,88.76912689208984,1029.8121337890625,0.999805748462677,1022.6839599609375,1020.70751953125,0.9995911717414856,339.1114807128906,498.7983703613281,0.9988651275634766,333.30517578125,612.1346435546875,0.9995660185813904,277.96441650390625,552.556640625,0.9966834187507629,386.9210510253906,559.5874633789062,0.9968320727348328,717.0318603515625,501.6591491699219,0.9875137209892273,755.4627685546875,717.951171875,0.9997946619987488,693.4340209960938,590.248779296875,0.9962291121482849,783.0994262695312,548.2941284179688,0.9246608018875122,498.9521179199219,1048.26123046875,0.5041177272796631,596.681884765625,1010.447998046875,0.9987767338752747,628.211181640625,997.7260131835938,0.9990845918655396,704.5810546875,917.8305053710938,0.9970640540122986,663.7282104492188,1064.6036376953125,0.2151278555393219,616.8002319335938,947.8185424804688,0.9514733552932739,759.4383544921875,907.568603515625,0.9891464710235596,672.120849609375,845.8745727539062,0.9980746507644653,770.9954223632812,831.0694580078125,0.9995635151863098,854.455322265625,727.84375,0.9247732758522034,927.0642700195312,589.6907958984375,0.7279009222984314
1398,86.86469268798828,118.00799560546875,0.9998660087585449,996.0208740234375,82.80422973632812,0.9999481439590454,89.8140869140625,1029.6102294921875,0.9998156428337097,1023.1727905273438,1021.7046508789062,0.9996683597564697,338.502685546875,498.339599609375,0.9988730549812317,332.8433532714844,611.2522583007812,0.9994556307792664,277.8118896484375,552.433349609375,0.9977801442146301,386.1447448730469,558.5374755859375,0.9947999715805054,714.3462524414062,500.1882629394531,0.991650402545929,754.3201904296875,718.7533569335938,0.99970942735672,690.9762573242188,590.3062133789062,0.9952929615974426,784.0089111328125,552.9761962890625,0.9399183988571167,480.30670166015625,1024.475830078125,0.9310464859008789,582.9580078125,1002.4404907226562,0.9818024039268494,619.1765747070312,989.1345825195312,0.9972988963127136,710.1311645507812,914.3399658203125,0.9854325652122498,679.7097778320312,1041.597412109375,0.7425042986869812,626.803466796875,933.4585571289062,0.9313117265701294,761.763427734375,902.3607788085938,0.9932208061218262,676.7152099609375,841.939697265625,0.9966109395027161,772.9404907226562,829.8709716796875,0.999616265296936,860.4428100585938,726.04541015625,0.7580029368400574,937.3217163085938,573.5882568359375,0.7179790139198303
1399,85.57746887207031,117.26319122314453,0.9999579191207886,995.3711547851562,84.3803939819336,0.9999319314956665,89.90373992919922,1028.0255126953125,0.9999009370803833,1023.0030517578125,1021.2057495117188,0.9997162222862244,338.57666015625,498.2431640625,0.9989511966705322,333.73345947265625,610.4423217773438,0.9992608428001404,278.2633972167969,552.4848022460938,0.9976646900177002,386.7101745605469,559.5939331054688,0.9951188564300537,713.028076171875,500.4288330078125,0.9854206442832947,754.8409423828125,717.9569091796875,0.999830961227417,691.9759521484375,590.0847778320312,0.9980313181877136,783.7102661132812,556.9227294921875,0.9879006147384644,481.77691650390625,1011.9421997070312,0.6586048603057861,603.07470703125,989.6922607421875,0.8742011785507202,625.74462890625,989.0507202148438,0.927374005317688,712.9415283203125,921.739990234375,0.9545488953590393,665.7276000976562,1046.22900390625,0.7051413655281067,641.2903442382812,911.4951171875,0.8645064830780029,759.8882446289062,904.9324951171875,0.9564515352249146,676.6840209960938,841.9050903320312,0.9590694904327393,776.9856567382812,823.6121826171875,0.9995997548103333,896.0506591796875,677.7763061523438,0.6432174444198608,935.569580078125,577.5951538085938,0.7027883529663086
1400,86.32057189941406,118.86410522460938,0.9999003410339355,995.1431274414062,83.29025268554688,0.9999614953994751,89.94013214111328,1030.0234375,0.9998905658721924,1023.9960327148438,1022.2861328125,0.9996498823165894,339.0803527832031,498.11065673828125,0.999078631401062,332.52166748046875,609.9349365234375,0.9989175796508789,278.11846923828125,551.4349975585938,0.9982272982597351,386.5172119140625,559.8221435546875,0.996459424495697,711.9435424804688,500.81048583984375,0.9944846034049988,755.7692260742188,717.6776123046875,0.999906063079834,689.8004760742188,590.732421875,0.9980137348175049,785.1724853515625,552.9979858398438,0.9778997898101807,634.11767578125,1087.68505859375,0.8939615488052368,564.3416748046875,1004.0704345703125,0.8736962080001831,625.3876342773438,984.7454223632812,0.9950515627861023,708.1075439453125,916.7117919921875,0.9728977084159851,676.8421020507812,1036.9171142578125,0.969626784324646,598.82958984375,946.1255493164062,0.954862117767334,760.0961303710938,907.1917724609375,0.994335949420929,679.584228515625,846.513427734375,0.977332353591919,778.1954956054688,829.374755859375,0.9995152950286865,864.531982421875,728.32958984375,0.8536897301673889,937.8790893554688,554.3408813476562,0.42623358964920044
1401,85.58943939208984,118.43053436279297,0.9998239874839783,995.4539184570312,84.56525421142578,0.9999651908874512,89.96903991699219,1029.21142578125,0.9998928308486938,1022.66796875,1021.650390625,0.9996178150177002,339.2460021972656,498.8146667480469,0.9992086291313171,332.2218322753906,610.3694458007812,0.9990599751472473,277.6440124511719,551.1781616210938,0.998362123966217,385.2230224609375,560.2329711914062,0.9974226951599121,710.2730712890625,499.6178283691406,0.9942084550857544,753.602294921875,717.0906372070312,0.99983811378479,690.8820190429688,590.1884765625,0.9981325268745422,784.0203247070312,555.4774780273438,0.9367982745170593,632.2215576171875,1088.52099609375,0.37892210483551025,611.3715209960938,993.9894409179688,0.984420895576477,637.7999267578125,984.1844482421875,0.9891617298126221,713.123779296875,917.9451293945312,0.9838764071464539,682.9093017578125,1029.0281982421875,0.9092388153076172,625.3068237304688,926.4647216796875,0.9852824211120605,758.0013427734375,908.6072998046875,0.9809901714324951,687.1981811523438,841.3690795898438,0.9817205667495728,775.798583984375,829.5932006835938,0.9996981620788574,872.645751953125,725.2811889648438,0.8889113068580627,943.9578247070312,590.190185546875,0.7829267978668213
1402,85.15921783447266,116.95880889892578,0.9997733235359192,996.6294555664062,84.03052520751953,0.99991774559021,89.41783142089844,1029.83203125,0.9999037981033325,1024.86865234375,1022.6478271484375,0.9996144771575928,338.6695251464844,498.1900329589844,0.9991569519042969,333.2641296386719,611.6942749023438,0.9990594983100891,277.6125793457031,552.8017578125,0.9974678754806519,385.9415283203125,559.7595825195312,0.997212827205658,708.6277465820312,500.50634765625,0.997163712978363,753.8926391601562,717.5407104492188,0.9998363256454468,691.7400512695312,588.8001708984375,0.9985093474388123,781.4080200195312,552.023193359375,0.9597040414810181,500.192626953125,1035.2630615234375,0.5302823781967163,612.920654296875,993.76708984375,0.9313022494316101,639.9703369140625,981.6758422851562,0.997857391834259,705.1174926757812,911.1258544921875,0.8755570650100708,690.7278442382812,1020.9585571289062,0.6821410059928894,616.253173828125,943.6336669921875,0.9583924412727356,755.44482421875,910.0604858398438,0.79804927110672,684.5071411132812,843.2557983398438,0.9437838792800903,778.0935668945312,828.3853759765625,0.9995781779289246,878.0296630859375,732.1441040039062,0.528437077999115,941.2030639648438,582.2609252929688,0.8075388073921204
1403,87.02648162841797,115.82019805908203,0.9998747110366821,998.1443481445312,83.16851043701172,0.9998908042907715,90.72291564941406,1030.0400390625,0.9999150037765503,1023.1187133789062,1020.7985229492188,0.9996575117111206,339.1019592285156,498.1406555175781,0.9993263483047485,331.6943054199219,610.5634765625,0.9994018077850342,277.5076904296875,551.8943481445312,0.9987215399742126,386.56878662109375,560.0941162109375,0.9973065853118896,711.1484985351562,499.737548828125,0.99405837059021,754.532958984375,716.5513916015625,0.9999092817306519,692.168701171875,591.8364868164062,0.9969050288200378,784.3045654296875,557.6238403320312,0.9622094035148621,496.4227600097656,1047.83740234375,0.7486933469772339,612.6553344726562,994.5155639648438,0.9935861229896545,642.2572021484375,979.70361328125,0.9984703660011292,706.8169555664062,909.9901123046875,0.9959580302238464,687.4954223632812,1022.8597412109375,0.9603566527366638,623.9664916992188,928.8163452148438,0.9748203754425049,760.1798706054688,905.3919067382812,0.8342029452323914,682.9140625,840.5167236328125,0.9764352440834045,779.5994262695312,827.3117065429688,0.9996938705444336,899.0518188476562,703.3444213867188,0.4055812656879425,942.15966796875,592.5579833984375,0.7891020774841309
1404,86.91419219970703,116.09221649169922,0.9999032020568848,996.6737670898438,85.88970184326172,0.9998970031738281,89.91578674316406,1028.9388427734375,0.9998633861541748,1025.1290283203125,1021.2807006835938,0.9996539354324341,337.74920654296875,497.9478454589844,0.9993471503257751,333.5034484863281,611.25048828125,0.9994480013847351,277.0262145996094,552.377685546875,0.998503565788269,386.1692199707031,558.4798583984375,0.9972902536392212,713.9690551757812,500.4114685058594,0.9942172765731812,753.5808715820312,716.3836059570312,0.9998409748077393,691.7264404296875,589.9922485351562,0.9976471066474915,781.7916259765625,558.66259765625,0.983181893825531,630.3788452148438,1086.4222412109375,0.12294289469718933,616.4562377929688,997.5211181640625,0.9920746088027954,641.84228515625,985.19140625,0.9943021535873413,710.5050048828125,914.0208129882812,0.9710677862167358,682.1935424804688,1028.75244140625,0.9579624533653259,621.4951171875,933.5665283203125,0.9782932996749878,762.9884643554688,909.7039794921875,0.9616032838821411,684.0668334960938,839.7748413085938,0.9324733018875122,784.2149658203125,829.2647705078125,0.9993115663528442,912.3592529296875,679.92578125,0.5197534561157227,941.5056762695312,580.3611450195312,0.413422167301178
1405,85.99504852294922,116.73110961914062,0.9999309778213501,996.2786254882812,84.65007019042969,0.9998844861984253,91.2160415649414,1029.4376220703125,0.9998770952224731,1022.3738403320312,1021.2330322265625,0.9994213581085205,338.0975036621094,497.9620056152344,0.9994584918022156,333.14202880859375,610.6633911132812,0.9989759922027588,277.4882507324219,551.9501342773438,0.9991661310195923,386.4456787109375,559.44775390625,0.9976041913032532,715.390625,499.9218444824219,0.9975166320800781,755.6751708984375,717.5525512695312,0.9998828172683716,692.34326171875,594.1784057617188,0.9961942434310913,784.1461181640625,563.9617309570312,0.9651342630386353,547.6173706054688,1083.8773193359375,0.24899695813655853,596.8419799804688,1020.8112182617188,0.9165205359458923,636.5348510742188,997.886474609375,0.9721588492393494,703.4238891601562,910.3272094726562,0.7354449033737183,667.378662109375,1040.6864013671875,0.35722264647483826,554.63232421875,1001.1981201171875,0.6980211734771729,758.4638671875,911.2691650390625,0.9843713641166687,686.1441650390625,839.2426147460938,0.8995941877365112,780.7900390625,830.315673828125,0.9980525970458984,877.4424438476562,725.86474609375,0.9053948521614075,943.1968994140625,578.749755859375,0.9063823223114014
1406,85.38972473144531,118.64669036865234,0.9999368190765381,995.91845703125,84.94451904296875,0.9999613761901855,90.22931671142578,1030.466552734375,0.9999102354049683,1025.503662109375,1021.139892578125,0.999798595905304,339.4366149902344,497.55438232421875,0.9986662864685059,334.1922302246094,611.1087036132812,0.998993456363678,277.3391418457031,552.9789428710938,0.9973228573799133,385.777587890625,561.416015625,0.9974939823150635,714.23876953125,499.7415771484375,0.9980054497718811,755.2998657226562,717.75244140625,0.9998525381088257,691.1755981445312,592.1199340820312,0.9957559704780579,783.8604736328125,563.093505859375,0.9971762895584106,556.6483154296875,1075.2802734375,0.27133721113204956,614.75537109375,1029.606689453125,0.8363947868347168,632.5978393554688,1007.6934204101562,0.9664745926856995,692.2581787109375,929.121337890625,0.9679204225540161,680.4786987304688,1037.28955078125,0.23490101099014282,591.6891479492188,971.339111328125,0.8061034083366394,751.3147583007812,916.8660888671875,0.9434710741043091,678.5150756835938,844.8615112304688,0.9933136105537415,776.2268676757812,828.412841796875,0.9995684027671814,870.65478515625,725.8255004882812,0.9629486799240112,948.3621826171875,584.4384765625,0.16655747592449188
1407,87.43009948730469,116.90245819091797,0.9997026324272156,996.0381469726562,83.35041809082031,0.9999103546142578,90.84276580810547,1029.547607421875,0.9998506307601929,1024.827880859375,1021.314208984375,0.9997689127922058,337.38336181640625,497.6927490234375,0.9990818500518799,334.62457275390625,611.253662109375,0.9986814856529236,277.25677490234375,553.296142578125,0.9972195625305176,387.0621643066406,558.9310302734375,0.997814416885376,711.6973266601562,500.2255859375,0.9952660799026489,754.3016357421875,716.9649047851562,0.9998289346694946,691.6428833007812,591.5966796875,0.9972724318504333,783.041015625,566.4363403320312,0.9502317905426025,583.9347534179688,1069.7886962890625,0.033729083836078644,626.9614868164062,1020.7549438476562,0.49960601329803467,643.4368286132812,1006.1951293945312,0.40593698620796204,696.1140747070312,916.6796264648438,0.9457798004150391,668.9300537109375,1045.115966796875,0.5464212894439697,564.9370727539062,996.9044189453125,0.3418974280357361,753.2417602539062,908.8834228515625,0.982998788356781,684.3312377929688,845.968505859375,0.9965866804122925,774.38916015625,827.9827880859375,0.9991722106933594,866.8934936523438,723.7906494140625,0.805155873298645,941.485107421875,578.3306274414062,0.1584358662366867
1408,87.02645874023438,117.67985534667969,0.9999196529388428,997.0647583007812,83.03298950195312,0.9999370574951172,89.85494995117188,1030.4439697265625,0.9998738765716553,1024.4375,1019.9970703125,0.9998307228088379,340.1434020996094,497.98699951171875,0.9989320635795593,334.8274230957031,611.1114501953125,0.9979498982429504,276.9007873535156,553.1470336914062,0.9937570095062256,386.01171875,559.8220825195312,0.9975155591964722,711.3828735351562,501.3201904296875,0.993119478225708,753.9051513671875,717.4742431640625,0.9997300505638123,690.4771118164062,592.1112670898438,0.9972580671310425,783.1808471679688,563.4601440429688,0.9851468205451965,572.3108520507812,993.282958984375,0.03469939902424812,659.2628784179688,1005.8598022460938,0.032559748739004135,670.9363403320312,997.2349853515625,0.4342919886112213,694.3572998046875,927.7018432617188,0.4601949155330658,682.991455078125,1041.5546875,0.09735880047082901,577.1414184570312,988.4479370117188,0.028380559757351875,748.9446411132812,922.4341430664062,0.988580048084259,673.7701416015625,844.6685180664062,0.8920034170150757,774.9179077148438,826.3441772460938,0.9976529479026794,866.4786987304688,724.9313354492188,0.9548421502113342,421.77410888671875,494.07403564453125,0.7403392791748047
1409,86.06627655029297,117.15280151367188,0.9999451637268066,999.0341796875,85.76760864257812,0.9998674392700195,89.42357635498047,1030.674560546875,0.9997994303703308,1024.4090576171875,1020.5095825195312,0.99979168176651,338.8200378417969,498.344482421875,0.998855710029602,334.6354064941406,610.6512451171875,0.9982120990753174,277.0992431640625,552.9555053710938,0.996955394744873,385.26495361328125,558.6214599609375,0.9978355765342712,714.657958984375,499.8740539550781,0.9983905553817749,754.9998168945312,716.4610595703125,0.9998844861984253,690.3504028320312,592.9274291992188,0.9967043995857239,782.4879760742188,564.304443359375,0.9847787022590637,601.76318359375,1077.205322265625,0.017222629860043526,634.6834716796875,1032.05859375,0.8300879597663879,664.614990234375,1004.7321166992188,0.8985653519630432,704.7463989257812,913.6129760742188,0.983493447303772,714.2056274414062,1024.210693359375,0.03574848175048828,584.9454956054688,993.4021606445312,0.5995391607284546,758.34619140625,914.8479614257812,0.9867962598800659,683.8565673828125,843.6393432617188,0.9800518751144409,779.3717041015625,826.2030029296875,0.9996520280838013,882.558349609375,710.1572875976562,0.7911018133163452,946.8646240234375,590.8462524414062,0.9316426515579224
1410,86.82621002197266,117.95073699951172,0.999862551689148,997.882080078125,85.12460327148438,0.999947190284729,88.01571655273438,1029.1182861328125,0.999845027923584,1021.5628662109375,1021.1364135742188,0.9997121691703796,340.63568115234375,498.869140625,0.9981681108474731,333.9744567871094,610.2775268554688,0.9990887641906738,277.5607604980469,552.02099609375,0.9963866472244263,386.23785400390625,560.699951171875,0.997545063495636,713.313232421875,500.9225158691406,0.9922933578491211,755.1613159179688,715.7745361328125,0.9999115467071533,690.0968627929688,591.9396362304688,0.9966005682945251,780.0735473632812,562.3333129882812,0.9867594838142395,578.2070922851562,1080.001953125,0.1761644035577774,644.9535522460938,1018.796630859375,0.7817316055297852,666.7286376953125,1007.4451293945312,0.9426340460777283,705.9998779296875,921.5383911132812,0.33201977610588074,666.2880249023438,1058.356689453125,0.26209405064582825,631.2332153320312,958.9225463867188,0.1705983281135559,752.913330078125,918.8850708007812,0.8875380158424377,677.7337646484375,842.603759765625,0.8471013903617859,778.8817138671875,828.97216796875,0.9987566471099854,876.4564819335938,733.3517456054688,0.7351101040840149,946.73095703125,582.4785766601562,0.5077881217002869
1411,87.7001724243164,117.68296813964844,0.9997720122337341,993.996826171875,86.22309112548828,0.9997571110725403,89.94712829589844,1029.575927734375,0.9998192191123962,1019.4452514648438,1021.126220703125,0.9990304708480835,334.956298828125,498.3091125488281,0.9968476891517639,333.3936767578125,610.9649047851562,0.9986099004745483,277.04962158203125,553.4801635742188,0.9968320727348328,386.7799987792969,558.92431640625,0.9965674877166748,717.4346923828125,500.6463317871094,0.9945677518844604,752.9199829101562,716.2636108398438,0.9999258518218994,688.7767944335938,593.2894897460938,0.997077226638794,786.2708129882812,572.178955078125,0.9729167819023132,616.6441650390625,1056.67919921875,0.1022987812757492,623.8388671875,1016.1901245117188,0.6748003363609314,658.2178344726562,999.08447265625,0.4225141704082489,700.7184448242188,911.1466064453125,0.3187606930732727,584.3467407226562,1017.1893310546875,0.10385679453611374,611.9715576171875,967.6854248046875,0.4586785137653351,752.7060546875,925.0530395507812,0.33797264099121094,689.9917602539062,844.6054077148438,0.8261786103248596,777.2959594726562,833.593505859375,0.9972788691520691,880.741455078125,720.3768310546875,0.7913312315940857,937.6366577148438,594.7616577148438,0.8074813485145569
1412,86.18777465820312,117.09705352783203,0.9997585415840149,994.7340087890625,84.01326751708984,0.9998682737350464,89.7613525390625,1028.496337890625,0.9999006986618042,1023.5720825195312,1021.5956420898438,0.9997045397758484,335.5345153808594,498.16192626953125,0.9990050196647644,333.90899658203125,611.3662719726562,0.9990235567092896,277.1532287597656,553.3982543945312,0.9961611032485962,387.2713623046875,557.9408569335938,0.9939416646957397,727.23046875,499.3598937988281,0.9947816729545593,753.601318359375,716.918212890625,0.9999383687973022,689.4677124023438,591.5842895507812,0.9952642917633057,786.1451416015625,573.7855224609375,0.9873834252357483,570.7255249023438,1056.6776123046875,0.09059736877679825,607.1279296875,1023.0506591796875,0.6087530255317688,629.315185546875,1005.3743286132812,0.9536331295967102,704.9321899414062,909.9290161132812,0.9728357791900635,704.1580200195312,1031.6761474609375,0.333182156085968,616.75537109375,947.9172973632812,0.933246374130249,759.8773803710938,909.9639282226562,0.9972701668739319,678.0211791992188,840.8277587890625,0.962218701839447,780.913330078125,829.0501708984375,0.999104917049408,871.3392333984375,733.0258178710938,0.9089895486831665,940.6040649414062,567.0513305664062,0.9286203384399414
1413,86.16429901123047,117.40904998779297,0.9998075366020203,996.2649536132812,83.29983520507812,0.99980229139328,89.80884552001953,1028.528564453125,0.9998419284820557,1024.81884765625,1020.8683471679688,0.9995543360710144,335.38665771484375,498.73236083984375,0.9993218183517456,333.3956604003906,610.01171875,0.9987809062004089,277.3540344238281,553.0804443359375,0.9969682097434998,386.33062744140625,558.6433715820312,0.9931321740150452,718.5211791992188,500.4200744628906,0.9953446984291077,754.7302856445312,717.4985961914062,0.999931812286377,690.242431640625,590.633056640625,0.9964175224304199,785.7882080078125,567.7496948242188,0.9675102233886719,716.0322265625,507.5690002441406,0.013975527137517929,597.6029663085938,1017.126708984375,0.5023119449615479,623.5906982421875,1001.2244262695312,0.9251485466957092,701.4232788085938,913.0938720703125,0.9751010537147522,679.6866455078125,1043.85302734375,0.5435459017753601,609.6207275390625,955.0803833007812,0.7136006355285645,757.6130981445312,907.600341796875,0.9960535764694214,677.1571044921875,839.6911010742188,0.9911921620368958,775.3570556640625,829.6728515625,0.9992651343345642,865.2982177734375,729.0216674804688,0.7890689969062805,938.115966796875,559.1902465820312,0.8601643443107605
1414,85.7494125366211,116.3858413696289,0.999913215637207,992.8104858398438,81.47563171386719,0.9998237490653992,89.16804504394531,1029.18505859375,0.9998248219490051,1023.4088134765625,1022.8900146484375,0.999642014503479,335.3150939941406,498.9701232910156,0.9992620348930359,333.5284729003906,611.6034545898438,0.999468982219696,277.883056640625,553.4236450195312,0.99796462059021,386.5809631347656,558.7635498046875,0.9889994263648987,718.0924072265625,501.1902160644531,0.9962561130523682,754.2453002929688,717.8322143554688,0.9998736381530762,693.2704467773438,591.6801147460938,0.9972917437553406,782.8535766601562,569.5455322265625,0.9767405390739441,702.1064453125,1022.076171875,0.06945470720529556,615.4113159179688,1006.6461181640625,0.9074465036392212,630.603515625,990.5050048828125,0.7042921781539917,702.0162353515625,912.878662109375,0.9455807209014893,674.5862426757812,1042.1651611328125,0.03283251076936722,593.6414794921875,957.625244140625,0.5800710916519165,750.4006958007812,917.1985473632812,0.9758902192115784,684.3494873046875,848.1533203125,0.7650092840194702,766.7702026367188,831.3993530273438,0.9979173541069031,847.7322387695312,739.6868286132812,0.9873086810112,941.0166625976562,586.033203125,0.4929274022579193
1415,86.03154754638672,117.97915649414062,0.9998586177825928,996.7223510742188,84.06871032714844,0.9999563694000244,89.80921173095703,1028.455322265625,0.9998605251312256,1024.321044921875,1022.1497192382812,0.9997300505638123,336.43572998046875,498.9715881347656,0.9990997314453125,334.6065368652344,611.8717041015625,0.9985935091972351,277.24517822265625,553.216796875,0.9970470070838928,387.31683349609375,558.0478515625,0.9894300699234009,716.6294555664062,499.07830810546875,0.9913772344589233,753.8001098632812,718.7052001953125,0.9997879862785339,692.4454345703125,587.4437255859375,0.9961638450622559,782.7623901367188,570.9970092773438,0.9660431742668152,553.7412109375,1068.9454345703125,0.07065737992525101,623.3538818359375,1002.8439331054688,0.6107422113418579,639.553955078125,987.501953125,0.3550553321838379,699.8280029296875,924.7896118164062,0.9947986602783203,690.4653930664062,1020.8052978515625,0.27310851216316223,565.306884765625,1009.733642578125,0.3603237569332123,751.8108520507812,915.5081787109375,0.9760962128639221,675.19091796875,842.5807495117188,0.9712950587272644,765.9903564453125,834.9180908203125,0.9987353682518005,841.4251098632812,746.6967163085938,0.9741871953010559,906.02734375,610.7473754882812,0.9814494252204895
1416,87.22382354736328,117.16865539550781,0.9997738003730774,995.1441650390625,84.17830657958984,0.999927282333374,90.37456512451172,1029.44775390625,0.9998931884765625,1023.5155029296875,1022.0735473632812,0.9993942975997925,335.22747802734375,499.0517578125,0.9992573857307434,333.52166748046875,611.7554931640625,0.9980989098548889,277.93072509765625,553.8141479492188,0.9965746402740479,385.63909912109375,558.00146484375,0.9930564761161804,721.2119750976562,499.163818359375,0.994009256362915,754.3488159179688,718.3482666015625,0.9997226595878601,694.5322265625,586.5900268554688,0.9958111047744751,784.8494262695312,570.0442504882812,0.9849430322647095,552.3976440429688,1066.2220458984375,0.2439495176076889,695.1524658203125,1002.0599975585938,0.20612679421901703,690.2469482421875,992.83544921875,0.22212931513786316,705.0813598632812,907.0438232421875,0.9835851192474365,689.6680297851562,1028.416748046875,0.10684199631214142,568.2332763671875,999.7651977539062,0.5553665161132812,751.7190551757812,909.0523071289062,0.96375572681427,673.0578002929688,849.4086303710938,0.9439303278923035,766.9705200195312,833.4974365234375,0.9995433688163757,846.9266357421875,741.684814453125,0.9852502942085266,914.1749267578125,601.9264526367188,0.965065062046051
1417,86.31979370117188,116.36637115478516,0.9998652935028076,994.5167236328125,82.76087188720703,0.9998997449874878,90.08319854736328,1029.57470703125,0.9998263716697693,1022.3999633789062,1021.3079833984375,0.9995336532592773,334.71392822265625,499.0244445800781,0.9993504881858826,333.7682189941406,611.8457641601562,0.9975454211235046,277.7606506347656,554.7482299804688,0.9956047534942627,386.4008483886719,557.4940795898438,0.9935736060142517,718.806396484375,500.007568359375,0.991543173789978,754.0223999023438,718.0689086914062,0.9997466206550598,693.8776245117188,587.695068359375,0.9934544563293457,785.2103271484375,569.8875732421875,0.9461818337440491,721.1375122070312,1015.2799072265625,0.02296634204685688,636.5496826171875,1002.9141845703125,0.3415745496749878,681.4155883789062,990.5213012695312,0.3588416874408722,704.1697998046875,906.5328979492188,0.9866986274719238,691.530029296875,1018.6996459960938,0.2869284152984619,577.6592407226562,1019.0398559570312,0.28816306591033936,745.7181396484375,921.3827514648438,0.9459079504013062,675.0934448242188,841.785888671875,0.32937338948249817,768.4231567382812,835.1600341796875,0.9996609687805176,850.6464233398438,739.8565673828125,0.9678267240524292,943.191162109375,555.635009765625,0.5900081396102905
1418,86.49352264404297,118.96208953857422,0.9998730421066284,996.8551025390625,80.6488265991211,0.9997000694274902,91.16868591308594,1030.9140625,0.9998596906661987,1023.8662719726562,1021.4098510742188,0.9995846152305603,335.21636962890625,499.16064453125,0.9991840720176697,335.2889404296875,612.0595703125,0.9974864721298218,278.30841064453125,554.471435546875,0.9944736361503601,385.5618591308594,556.5693359375,0.9958525896072388,718.716552734375,499.51531982421875,0.9910468459129333,753.5444946289062,717.5960693359375,0.9998645782470703,693.111083984375,586.3256225585938,0.9949079155921936,784.1647338867188,567.2247924804688,0.9677674174308777,553.2202758789062,1046.042724609375,0.2786417603492737,632.3011474609375,1002.1939086914062,0.8781689405441284,661.6630859375,981.3319702148438,0.9822649955749512,702.7360229492188,917.2949829101562,0.9338580965995789,700.21337890625,1027.6114501953125,0.8609766960144043,571.8738403320312,985.627197265625,0.8788309097290039,758.265625,912.2930908203125,0.9865320324897766,679.3556518554688,844.9116821289062,0.9540145397186279,774.4532470703125,836.360107421875,0.9996850490570068,857.2084350585938,746.7329711914062,0.9049660563468933,940.5579833984375,605.6972045898438,0.8988348245620728
1419,87.44148254394531,118.29854583740234,0.9998100399971008,996.208984375,81.31277465820312,0.9994413256645203,88.88646697998047,1028.35400390625,0.9998582601547241,1022.7988891601562,1020.76708984375,0.9994717240333557,335.5148620605469,499.7393798828125,0.9995132684707642,333.2520446777344,611.1882934570312,0.9983412027359009,277.4519958496094,555.1041870117188,0.996494472026825,385.6729431152344,556.19384765625,0.9966012239456177,716.0692138671875,499.7173767089844,0.9937612414360046,753.3446044921875,717.05419921875,0.999804675579071,693.2734985351562,587.9943237304688,0.9942739605903625,784.1249389648438,567.5040893554688,0.9591671228408813,654.4493408203125,1087.25439453125,0.6685963273048401,619.2211303710938,997.7764892578125,0.8312615752220154,646.3319091796875,976.2364501953125,0.9858694076538086,717.0635375976562,913.2711791992188,0.9922919869422913,697.9395141601562,1018.9083251953125,0.981544017791748,605.3310546875,943.1348876953125,0.9782594442367554,762.6311645507812,910.4194946289062,0.9899600744247437,681.762451171875,848.8992919921875,0.6555082201957703,780.1700439453125,832.5300903320312,0.9993958473205566,874.550048828125,734.6712036132812,0.6022175550460815,943.3910522460938,582.0384521484375,0.9297446608543396
1420,87.19731140136719,117.70203399658203,0.999797523021698,995.233154296875,85.57623291015625,0.9999067783355713,89.23846435546875,1027.796142578125,0.9999366998672485,1023.1643676757812,1019.9476928710938,0.9997745156288147,337.47955322265625,499.29522705078125,0.9993119239807129,334.5216369628906,610.9485473632812,0.998689591884613,277.7429504394531,554.2491455078125,0.9965448975563049,386.58038330078125,558.7115478515625,0.9944461584091187,715.1255493164062,499.1736755371094,0.9988918900489807,754.781982421875,717.177001953125,0.9998769760131836,692.75830078125,590.6682739257812,0.993058443069458,783.3408203125,566.1363525390625,0.9830701947212219,514.775390625,1082.6705322265625,0.703696072101593,606.6842041015625,997.3767700195312,0.6529715657234192,632.2958984375,976.3843994140625,0.9724476933479309,721.1631469726562,917.6212158203125,0.9748833775520325,683.9791870117188,1019.359619140625,0.8721088171005249,617.495361328125,938.9260864257812,0.9502735137939453,764.5460205078125,909.9930419921875,0.730381429195404,661.4379272460938,872.768798828125,0.4901456832885742,785.4954223632812,833.8074340820312,0.9995463490486145,890.7960815429688,710.90673828125,0.9041808843612671,939.5065307617188,584.0957641601562,0.8972970843315125
1421,87.38060760498047,118.23281860351562,0.9985098242759705,995.9593505859375,83.0360107421875,0.9999386072158813,89.72413635253906,1028.762939453125,0.9998787641525269,1023.52001953125,1020.0364379882812,0.9995778203010559,337.0169677734375,499.114990234375,0.9990140199661255,335.0025634765625,611.10986328125,0.9975698590278625,277.93353271484375,554.1627807617188,0.993346095085144,386.9803161621094,557.8997802734375,0.9974749684333801,716.2197265625,499.1791076660156,0.9954870343208313,755.6092529296875,716.951904296875,0.9998217225074768,692.099853515625,591.2581176757812,0.9961665272712708,784.8445434570312,551.754150390625,0.9539286494255066,610.0652465820312,1090.35107421875,0.009380831383168697,604.0648193359375,1034.73828125,0.38642412424087524,631.296142578125,987.9161987304688,0.920226514339447,705.5692749023438,919.0022583007812,0.9812295436859131,694.2146606445312,1020.4987182617188,0.9664387106895447,560.3714599609375,1022.6161499023438,0.8544904589653015,767.138671875,911.72509765625,0.9004208445549011,687.0211181640625,840.169921875,0.6092427968978882,783.6878662109375,831.2317504882812,0.9996689558029175,864.165771484375,742.7666015625,0.8117334246635437,420.2102355957031,494.3849792480469,0.3418586850166321
1422,87.54247283935547,115.09454345703125,0.9995149374008179,995.976318359375,82.27647399902344,0.9998332262039185,89.61344909667969,1029.7445068359375,0.9997859597206116,1024.088134765625,1021.9451904296875,0.999530553817749,336.0255126953125,499.08154296875,0.9988973140716553,335.13983154296875,610.046875,0.9968442916870117,278.619873046875,554.2669677734375,0.993926465511322,386.8059997558594,557.9501342773438,0.9970813393592834,715.7455444335938,498.27545166015625,0.9979952573776245,754.8732299804688,716.6016235351562,0.99979168176651,692.406494140625,589.9150390625,0.9971891045570374,781.11962890625,554.4127807617188,0.9766203165054321,623.8463745117188,1076.264404296875,0.03827441483736038,647.0509033203125,1022.4747924804688,0.19374483823776245,650.1389770507812,995.7908325195312,0.8421844244003296,707.78173828125,913.4020385742188,0.9895567297935486,710.489501953125,1006.7817993164062,0.6972270011901855,582.47265625,1025.908203125,0.27779343724250793,764.0528564453125,905.8870849609375,0.9544758796691895,680.7177124023438,839.0750122070312,0.9429111480712891,772.3973999023438,832.03271484375,0.9992460012435913,853.4471435546875,741.7673950195312,0.9048970341682434,942.775146484375,593.4293212890625,0.9417892098426819
1423,86.2528076171875,116.99900817871094,0.9996036887168884,994.6653442382812,85.89366149902344,0.9999586343765259,89.59793090820312,1030.4208984375,0.9998363256454468,1022.7816772460938,1021.1434936523438,0.9996936321258545,337.32672119140625,499.3576354980469,0.9989448189735413,333.18524169921875,610.656982421875,0.998306393623352,278.8846740722656,554.0586547851562,0.9964105486869812,385.6571350097656,559.0309448242188,0.9976211190223694,711.5565795898438,499.51202392578125,0.9979625940322876,755.5746459960938,716.445556640625,0.9998795986175537,692.9329833984375,593.3102416992188,0.9976365566253662,782.2077026367188,569.85986328125,0.9723272919654846,647.326904296875,1093.3428955078125,0.06382223963737488,639.27734375,1066.794921875,0.062026023864746094,644.2584838867188,1022.678466796875,0.5099484324455261,689.1529541015625,925.7677612304688,0.9502593278884888,704.5549926757812,1047.0262451171875,0.1419404298067093,589.5516967773438,1012.6358032226562,0.9584560990333557,750.1502685546875,918.0828857421875,0.994615375995636,671.7820434570312,848.1111450195312,0.918578565120697,760.0198364257812,832.2833251953125,0.9991382360458374,836.7332763671875,739.2632446289062,0.9286866188049316,911.6148681640625,601.1609497070312,0.9917004704475403
1424,86.47962951660156,117.60182189941406,0.9995067119598389,995.8728637695312,82.78173828125,0.9999415874481201,88.9857177734375,1029.589599609375,0.9997891783714294,1022.7863159179688,1020.7402954101562,0.9997016787528992,337.957275390625,499.3505859375,0.9994156360626221,333.1141357421875,610.5977783203125,0.9987265467643738,278.5753173828125,553.9556274414062,0.9971876740455627,385.7395935058594,558.7266845703125,0.9972274899482727,715.4158935546875,499.10687255859375,0.9973068237304688,755.9053955078125,719.157958984375,0.9997808337211609,692.0140991210938,586.9668579101562,0.9975257515907288,784.087158203125,562.4754028320312,0.9787350296974182,680.1272583007812,1096.424072265625,0.014827217906713486,646.5341186523438,1072.5611572265625,0.3141862154006958,648.1112670898438,1042.5572509765625,0.8711350560188293,684.9758911132812,942.9362182617188,0.9931178092956543,697.5836791992188,1048.150146484375,0.7701044678688049,589.3604125976562,1022.8743896484375,0.9862327575683594,740.8933715820312,923.3518676757812,0.9560410380363464,656.3175659179688,858.8047485351562,0.9752092957496643,743.2536010742188,842.1056518554688,0.9991029500961304,827.0466918945312,722.5713500976562,0.8000629544258118,865.2754516601562,651.408447265625,0.9269914627075195
1425,86.47344970703125,117.74745178222656,0.9997565150260925,996.9743041992188,81.22785949707031,0.9998207688331604,88.64356231689453,1029.646728515625,0.9997642636299133,1024.277587890625,1020.818115234375,0.9997871518135071,337.859130859375,499.1736145019531,0.9992455244064331,333.0342102050781,611.509033203125,0.999081015586853,278.7232666015625,554.0282592773438,0.9966416358947754,386.0394287109375,558.8287963867188,0.9976658821105957,721.4574584960938,498.7550048828125,0.9947054982185364,757.0833129882812,718.7996215820312,0.9997640252113342,691.6954345703125,589.6552734375,0.9974831938743591,784.9628295898438,565.2366333007812,0.9812823534011841,587.884033203125,1087.6116943359375,0.016073647886514664,647.7058715820312,1069.2584228515625,0.13964667916297913,648.9798583984375,1037.337158203125,0.8867238759994507,677.417724609375,950.3163452148438,0.996396005153656,707.2500610351562,1059.69921875,0.22809013724327087,590.913330078125,1023.958251953125,0.8628650307655334,738.8186645507812,925.2474365234375,0.9851876497268677,645.7133178710938,869.9067993164062,0.7367842197418213,732.91259765625,844.8746337890625,0.9976165294647217,802.154052734375,748.0319213867188,0.9168992042541504,876.3495483398438,578.0424194335938,0.31249743700027466
1426,87.0815200805664,115.65255737304688,0.9994661211967468,994.980224609375,84.6166000366211,0.9998879432678223,90.38417053222656,1030.091796875,0.9998819828033447,1021.96923828125,1021.083984375,0.9997170567512512,337.35601806640625,499.87786865234375,0.9992009997367859,335.1856994628906,611.978759765625,0.9969466328620911,277.75946044921875,554.624755859375,0.9946237802505493,386.6689147949219,558.0908203125,0.9974426031112671,714.9715576171875,499.7068176269531,0.9965190887451172,753.287841796875,718.2459716796875,0.9997575879096985,692.0455932617188,591.2228393554688,0.9920530319213867,784.4254760742188,561.3298950195312,0.9910107851028442,587.258544921875,1085.5550537109375,0.10227927565574646,646.6124877929688,1069.8236083984375,0.21273699402809143,643.2720947265625,1045.0816650390625,0.4915511906147003,678.2589721679688,947.5789794921875,0.9645395278930664,699.9755859375,1057.3458251953125,0.09402769058942795,590.9287109375,1029.9945068359375,0.9772244691848755,736.6565551757812,933.603271484375,0.9674960970878601,640.7503662109375,878.7344970703125,0.273428738117218,730.3856201171875,851.630615234375,0.999030351638794,794.687744140625,742.0580444335938,0.7439806461334229,421.92279052734375,492.95843505859375,0.8603768348693848
1427,88.58256530761719,115.64417266845703,0.9995612502098083,997.2870483398438,82.3428955078125,0.9999498128890991,89.44284057617188,1029.861083984375,0.9998579025268555,1023.0377807617188,1020.0689697265625,0.9996786117553711,336.9344177246094,499.5733642578125,0.9992688298225403,335.3262634277344,612.7611694335938,0.9973970651626587,277.18206787109375,555.8652954101562,0.9941481351852417,386.05499267578125,557.8409423828125,0.9968716502189636,719.4007568359375,499.9516906738281,0.9940819144248962,755.0418090820312,717.7562255859375,0.9997448325157166,692.6195068359375,588.690673828125,0.9938138723373413,782.9489135742188,561.7160034179688,0.9838571548461914,601.5738525390625,1085.681640625,0.025658026337623596,659.63427734375,1065.241943359375,0.04470469802618027,655.9967651367188,1035.6326904296875,0.6943814754486084,676.9058227539062,943.8594970703125,0.9985774755477905,702.134033203125,1050.086669921875,0.5846034288406372,599.7440185546875,1022.6295166015625,0.9360824227333069,734.6481323242188,937.2327270507812,0.9855372309684753,644.5811157226562,878.2659912109375,0.9529021382331848,728.939208984375,854.3419799804688,0.9992713332176208,792.4642944335938,745.0868530273438,0.9626673460006714,789.917236328125,425.76702880859375,0.6504682898521423
1428,87.47046661376953,115.99702453613281,0.9994978904724121,995.5498657226562,82.76892852783203,0.9999109506607056,89.82967376708984,1029.4317626953125,0.9998641014099121,1023.4124145507812,1020.6550903320312,0.9997010231018066,336.8286437988281,499.1430358886719,0.9991461038589478,335.7272033691406,611.6947631835938,0.9984820485115051,277.8813171386719,554.9550170898438,0.9960820078849792,386.64617919921875,558.9755249023438,0.9970570802688599,717.6270141601562,498.3695983886719,0.9949188828468323,755.2677001953125,718.81103515625,0.9998323917388916,693.8323364257812,591.8240356445312,0.9933557510375977,786.1724243164062,556.7968139648438,0.9552024602890015,664.6317138671875,1092.8477783203125,0.05786295235157013,660.8778076171875,1068.7767333984375,0.31813308596611023,659.8856201171875,1038.696044921875,0.7880028486251831,677.8209228515625,943.3057861328125,0.9987156391143799,708.7440795898438,1050.211669921875,0.38910576701164246,600.6465454101562,1027.8480224609375,0.7841667532920837,737.776611328125,928.752197265625,0.9931442737579346,646.8338012695312,869.927490234375,0.9869980812072754,731.0951538085938,853.5136108398438,0.9998000264167786,790.9561157226562,758.1010131835938,0.9870023727416992,848.8111572265625,632.388427734375,0.27383098006248474
1429,89.01953887939453,116.62679290771484,0.9990295171737671,997.9255981445312,82.36234283447266,0.9997801184654236,90.18382263183594,1029.8140869140625,0.9999030828475952,1022.364013671875,1020.7252807617188,0.9996469020843506,337.6385803222656,499.3147277832031,0.9990461468696594,335.0221862792969,611.1627807617188,0.9981399774551392,277.6817932128906,554.0108642578125,0.9951798915863037,386.2740478515625,559.3401489257812,0.9976620674133301,717.4979248046875,499.7892150878906,0.9927409291267395,755.1959838867188,718.0530395507812,0.9997254014015198,694.6451416015625,592.2945556640625,0.9938231706619263,785.515625,555.6152954101562,0.9721305966377258,591.0382080078125,1069.56884765625,0.015004420652985573,647.7191772460938,1066.997802734375,0.13925234973430634,651.174560546875,1037.731689453125,0.8187730312347412,677.4673461914062,939.74951171875,0.9873201847076416,708.517822265625,1061.5029296875,0.06277421116828918,596.1752319335938,1023.8192749023438,0.9739512205123901,736.2472534179688,932.2451171875,0.974030613899231,645.2662353515625,868.4871215820312,0.9677273631095886,734.9400024414062,853.2952270507812,0.9997525811195374,805.3308715820312,744.6243896484375,0.936353862285614,943.8067016601562,604.2192993164062,0.3322134017944336
1430,87.52420806884766,118.25251770019531,0.9993225336074829,996.1690673828125,84.16232299804688,0.9999072551727295,89.0302734375,1030.2769775390625,0.9998579025268555,1022.0184936523438,1020.3787841796875,0.999439537525177,336.6527099609375,499.33685302734375,0.9991089701652527,335.3977355957031,610.4166870117188,0.9987275004386902,277.98138427734375,553.683837890625,0.9961575865745544,386.9597473144531,558.1575317382812,0.9976488947868347,717.12841796875,500.3757629394531,0.9955801367759705,754.9142456054688,717.83642578125,0.9997633099555969,693.3363037109375,591.73583984375,0.9954022169113159,784.6559448242188,554.7932739257812,0.9165859222412109,581.252685546875,1090.6810302734375,0.011624515056610107,626.6090087890625,1087.4398193359375,0.11937602609395981,642.4866333007812,1046.98779296875,0.29948315024375916,681.14111328125,950.3492431640625,0.9952309727668762,699.1012573242188,1066.0555419921875,0.28647324442863464,585.9983520507812,1023.8585815429688,0.846443772315979,738.7203979492188,931.4236450195312,0.9939832091331482,652.3465576171875,864.4583129882812,0.9925370812416077,736.1193237304688,853.8618774414062,0.9997819066047668,801.8710327148438,754.1746215820312,0.9574419856071472,788.0054321289062,435.4953918457031,0.5841915011405945
1431,87.48336029052734,116.0205078125,0.9993255138397217,997.6920776367188,84.31250762939453,0.9998944997787476,89.69091796875,1030.883056640625,0.999852180480957,1022.9356689453125,1021.0578002929688,0.9995369911193848,335.99151611328125,499.80621337890625,0.9988518953323364,334.9754333496094,611.4890747070312,0.9977858066558838,278.1335754394531,554.7904052734375,0.9922258853912354,386.8126525878906,558.2779541015625,0.9960237741470337,717.8816528320312,498.6416320800781,0.9963041543960571,755.8037109375,718.063720703125,0.9998828172683716,692.5883178710938,590.8374633789062,0.9951211810112,783.8275146484375,555.7429809570312,0.9735144972801208,575.99658203125,1073.19580078125,0.029710911214351654,635.0429077148438,1084.6832275390625,0.22185154259204865,639.19580078125,1048.012451171875,0.5430691838264465,679.3729248046875,953.0115356445312,0.9947028756141663,697.26611328125,1067.3363037109375,0.8808673620223999,584.5884399414062,1026.36474609375,0.6594635248184204,738.6521606445312,929.3582763671875,0.9930084943771362,644.4146728515625,868.9170532226562,0.9827909469604492,733.9268188476562,852.5147705078125,0.9998756647109985,813.839599609375,736.7606201171875,0.6111690402030945,939.9534912109375,602.3334350585938,0.9179990291595459
1432,86.76392364501953,116.44755554199219,0.9997003078460693,995.026611328125,84.50511169433594,0.9999186992645264,88.78545379638672,1028.3226318359375,0.999854326248169,1022.57421875,1021.7685546875,0.9995468258857727,336.1221618652344,499.1048889160156,0.9988136291503906,335.614013671875,611.559814453125,0.9985906481742859,277.7625427246094,554.1978759765625,0.9952641725540161,386.4849853515625,557.2442626953125,0.9970200657844543,716.579833984375,498.43798828125,0.9926073551177979,755.2924194335938,717.8658447265625,0.9997825026512146,690.9892578125,590.3600463867188,0.9945737719535828,785.5903930664062,557.4935913085938,0.9513840079307556,593.1951904296875,1087.386474609375,0.3988986909389496,619.270751953125,1066.97216796875,0.055701348930597305,640.2959594726562,1036.2344970703125,0.07402921468019485,679.2550048828125,946.2266845703125,0.8903162479400635,695.906494140625,1047.666259765625,0.14824777841567993,596.7944946289062,1025.5589599609375,0.2298879623413086,740.7223510742188,919.7056884765625,0.9958990216255188,647.1394653320312,864.6054077148438,0.9699245691299438,738.1913452148438,847.0980224609375,0.9995506405830383,808.4352416992188,739.4008178710938,0.6824681758880615,943.8527221679688,601.8255615234375,0.6268731355667114
1433,87.85031127929688,116.53182983398438,0.999729573726654,995.5533447265625,83.64524841308594,0.9999526739120483,89.49097442626953,1030.6593017578125,0.9997429251670837,1019.8190307617188,1020.8165893554688,0.9994184970855713,336.94525146484375,499.7483215332031,0.9990707635879517,335.39337158203125,610.99853515625,0.9988284707069397,277.0056457519531,553.2969970703125,0.9954524636268616,386.40374755859375,557.0728759765625,0.9961740374565125,716.7784423828125,498.80926513671875,0.9957382678985596,753.9207153320312,716.84130859375,0.9996805191040039,690.3291015625,590.0711059570312,0.9949831962585449,783.5933227539062,557.02587890625,0.9055970311164856,537.5256958007812,1088.3087158203125,0.0932096615433693,588.5599975585938,1067.68994140625,0.44183918833732605,607.0015258789062,1049.7314453125,0.8319587111473083,682.0918579101562,929.6983642578125,0.8956698179244995,687.3109741210938,1050.714111328125,0.8518466949462891,585.572265625,1021.7322998046875,0.8316637277603149,738.0877075195312,924.343505859375,0.9755438566207886,654.7468872070312,857.0247192382812,0.9865873456001282,741.7656860351562,844.5888671875,0.9996169805526733,812.9646606445312,735.4309692382812,0.7417789101600647,912.6556396484375,538.33447265625,0.9379996657371521
1434,87.84147644042969,117.10218811035156,0.9997859597206116,997.2828979492188,82.9289321899414,0.9998946189880371,88.73634338378906,1030.1392822265625,0.9998183846473694,1022.7367553710938,1021.1451416015625,0.999698281288147,336.65374755859375,499.01910400390625,0.9991686344146729,334.9128112792969,609.8756103515625,0.9987916350364685,277.7834777832031,552.4918212890625,0.9966338276863098,385.49371337890625,556.6289672851562,0.9968520998954773,714.6353759765625,500.45654296875,0.9902771711349487,755.121337890625,718.744384765625,0.9995001554489136,690.8306884765625,590.5345458984375,0.9943962097167969,785.9323120117188,566.005615234375,0.969034731388092,514.139404296875,1075.0240478515625,0.06767665594816208,580.7722778320312,1050.9959716796875,0.6495480537414551,613.63134765625,1031.847412109375,0.7949828505516052,679.3895874023438,930.4306640625,0.9884161949157715,673.7684326171875,1063.344970703125,0.32776421308517456,582.290283203125,1018.5379028320312,0.5361271500587463,742.0053100585938,916.53857421875,0.9949658513069153,654.0303955078125,856.6273803710938,0.961846113204956,744.2252807617188,845.5071411132812,0.999474823474884,808.6624145507812,750.4268188476562,0.9558826088905334,942.6900634765625,603.8787231445312,0.7596991062164307
1435,88.6578140258789,119.05716705322266,0.999096155166626,996.5127563476562,84.20021057128906,0.9998860359191895,89.14630126953125,1030.079833984375,0.9998236298561096,1018.9035034179688,1020.44775390625,0.9993763566017151,337.3509521484375,499.4056091308594,0.9986718893051147,335.01715087890625,609.2613525390625,0.9983125925064087,278.3536682128906,552.6082763671875,0.9961943626403809,386.677001953125,557.5426635742188,0.9964753985404968,714.38916015625,501.1285400390625,0.9972217082977295,753.83154296875,717.415771484375,0.9996544122695923,688.7565307617188,586.9854125976562,0.9927750825881958,782.8736572265625,567.2406616210938,0.9493952989578247,524.2745971679688,1090.894287109375,0.01655963622033596,561.839599609375,1055.3922119140625,0.7725268006324768,589.7666015625,1036.5128173828125,0.6069017052650452,681.0181884765625,930.756103515625,0.9612171053886414,663.54345703125,1061.9697265625,0.7374575734138489,559.29248046875,1021.4407958984375,0.8339276313781738,734.065673828125,932.8800659179688,0.9143076539039612,655.4144897460938,858.4193725585938,0.879203200340271,745.04638671875,846.8692016601562,0.9990482926368713,816.318359375,754.2713623046875,0.9155827164649963,874.1585083007812,595.8839721679688,0.45938655734062195
1436,87.3297348022461,118.06077575683594,0.9996460676193237,996.6102294921875,84.251953125,0.9998912811279297,89.37960052490234,1030.0806884765625,0.9998549222946167,1022.614013671875,1021.8124389648438,0.9995044469833374,336.5910949707031,499.2017517089844,0.9992327690124512,335.4248046875,610.7593994140625,0.9985164999961853,277.19757080078125,553.5463256835938,0.9965513944625854,386.16607666015625,556.821044921875,0.9976798892021179,714.3452758789062,500.3372802734375,0.996601939201355,753.6568603515625,718.8861694335938,0.999692440032959,689.1401977539062,589.6239013671875,0.9952749013900757,781.2845458984375,555.1766357421875,0.8894755840301514,494.2758483886719,1058.1473388671875,0.006382327526807785,523.2531127929688,1080.1297607421875,0.14582300186157227,597.6634521484375,1008.5220947265625,0.1743050366640091,670.1287841796875,950.70654296875,0.9782376289367676,674.433837890625,1036.4503173828125,0.3194858133792877,541.291015625,1020.3677368164062,0.8426281809806824,734.6705322265625,927.3232421875,0.9690557718276978,651.953857421875,863.3985595703125,0.9018826484680176,739.07568359375,848.5777587890625,0.999575674533844,811.2273559570312,755.4030151367188,0.9593998789787292,878.2943725585938,600.7898559570312,0.4587633013725281
1437,86.44696044921875,116.85963439941406,0.9999173879623413,997.51513671875,83.81454467773438,0.9997770190238953,90.50146484375,1030.7325439453125,0.9998650550842285,1023.2251586914062,1021.1405639648438,0.9997426867485046,336.80987548828125,500.1240234375,0.9991488456726074,334.2660217285156,611.4436645507812,0.9991717338562012,278.51824951171875,554.0298461914062,0.9965033531188965,386.8218078613281,559.079833984375,0.9960792660713196,716.5,501.2481384277344,0.9931182861328125,754.9830322265625,718.1056518554688,0.9997202754020691,691.8864135742188,592.0286254882812,0.9947104454040527,783.1761474609375,554.621337890625,0.8288829326629639,499.4252014160156,1088.7978515625,0.03242902085185051,553.55126953125,1045.2901611328125,0.6277068257331848,579.3008422851562,1018.1370239257812,0.91189044713974,663.3671875,931.9696044921875,0.7972328066825867,640.8676147460938,1054.7874755859375,0.060433994978666306,530.1448974609375,1015.0390014648438,0.4041236639022827,726.1849365234375,932.3558349609375,0.9927564263343811,640.2966918945312,862.4041137695312,0.1902022510766983,734.7227172851562,848.0802612304688,0.9997817873954773,804.4354248046875,748.9599609375,0.9532243609428406,936.099365234375,604.5518188476562,0.18217675387859344
1438,86.96067810058594,118.34486389160156,0.9994992017745972,996.5984497070312,82.9852294921875,0.9999221563339233,89.80622863769531,1028.6641845703125,0.9999300241470337,1022.10400390625,1019.7495727539062,0.9997231364250183,335.97119140625,498.5116882324219,0.9987789988517761,334.69512939453125,610.7220458984375,0.9983581900596619,278.2263488769531,553.7291870117188,0.9986202716827393,386.6452331542969,558.2000732421875,0.9968878626823425,714.8579711914062,500.63330078125,0.9970930814743042,753.86181640625,718.0673828125,0.9995996356010437,687.7245483398438,586.9407958984375,0.9916279315948486,784.8211669921875,557.7192993164062,0.8284090161323547,492.6007385253906,1086.7047119140625,0.04958886653184891,538.635009765625,1049.1932373046875,0.9268905520439148,564.5211791992188,1024.9462890625,0.988681435585022,655.6292724609375,929.806884765625,0.858110249042511,624.381103515625,1057.27685546875,0.6914555430412292,537.3051147460938,991.23583984375,0.7668991088867188,723.7152099609375,923.8285522460938,0.5373899936676025,637.0194702148438,854.6280517578125,0.6621633172035217,732.4794311523438,845.8344116210938,0.9978221654891968,805.0264282226562,743.4043579101562,0.9517461657524109,925.6427612304688,608.729248046875,0.03129935637116432
1439,87.60228729248047,115.97401428222656,0.9996521472930908,996.0065307617188,81.8532485961914,0.9998722076416016,89.38153839111328,1030.15576171875,0.9998817443847656,1024.20849609375,1020.0569458007812,0.9997153878211975,335.0680236816406,499.8548889160156,0.9988467693328857,335.8956604003906,610.6990966796875,0.9979304075241089,279.07305908203125,555.3743286132812,0.9975801706314087,385.96734619140625,556.4105224609375,0.9965379238128662,713.2308349609375,500.0513000488281,0.9904589653015137,754.5873413085938,718.2390747070312,0.999441921710968,690.1992797851562,592.0228881835938,0.9916508793830872,783.81591796875,543.2473754882812,0.828022301197052,455.41156005859375,1081.59423828125,0.12582887709140778,527.9556884765625,1052.69921875,0.8933573961257935,556.1729125976562,1028.4696044921875,0.9553320407867432,647.5657958984375,931.83984375,0.9290112257003784,616.0625,1058.1456298828125,0.27851131558418274,530.2030029296875,1002.884521484375,0.9435428977012634,709.1465454101562,933.1986083984375,0.9826303124427795,638.4605102539062,855.4736938476562,0.9794608354568481,731.2189331054688,845.4158935546875,0.997563362121582,793.81298828125,750.4266967773438,0.9772427678108215,849.388427734375,648.6043090820312,0.28239691257476807
1440,87.13153076171875,116.95559692382812,0.9992139339447021,995.5523071289062,81.10215759277344,0.9998766183853149,88.82998657226562,1029.0048828125,0.9998917579650879,1023.0545654296875,1021.4415283203125,0.999721348285675,335.427978515625,499.23779296875,0.9989711046218872,336.0127868652344,610.5372314453125,0.99772709608078,278.4048767089844,554.765380859375,0.9975324869155884,386.18609619140625,557.260498046875,0.9967586398124695,712.9153442382812,502.17608642578125,0.9887642860412598,754.2529907226562,717.7393798828125,0.999756395816803,690.7056274414062,592.2435913085938,0.9949445128440857,784.362060546875,556.5509643554688,0.9774133563041687,407.9770202636719,1071.312744140625,0.12543708086013794,477.78924560546875,1062.5113525390625,0.2439747154712677,451.5283203125,1067.5032958984375,0.22232583165168762,619.7446899414062,947.6585083007812,0.6138375997543335,660.5223388671875,1006.3307495117188,0.1519174426794052,515.58984375,1002.2052612304688,0.8508710265159607,703.3129272460938,932.19970703125,0.834661602973938,637.6131591796875,852.007568359375,0.9883747100830078,733.8685302734375,856.9095458984375,0.9959337115287781,791.3067626953125,791.6800537109375,0.8697794675827026,849.7724609375,650.0057373046875,0.7116788029670715
1441,87.16755676269531,116.35004425048828,0.9995538592338562,996.010986328125,81.05452728271484,0.9998830556869507,89.0662612915039,1029.0947265625,0.9997933506965637,1023.5296630859375,1021.900390625,0.999672532081604,334.59527587890625,498.90582275390625,0.9985047578811646,337.2804870605469,611.5277709960938,0.9989187717437744,277.45135498046875,554.5640869140625,0.9942535758018494,385.8778381347656,557.4298095703125,0.9950856566429138,716.418212890625,501.134033203125,0.989271879196167,751.931640625,716.360595703125,0.9998193383216858,690.6596069335938,593.5048217773438,0.9962594509124756,784.4373168945312,564.7503662109375,0.9700784683227539,379.0722961425781,1065.779541015625,0.17481684684753418,438.6402282714844,1040.56787109375,0.8171541094779968,461.34423828125,1031.65576171875,0.8327816724777222,599.578857421875,964.494140625,0.8286957740783691,531.0407104492188,1082.2965087890625,0.040444836020469666,487.16943359375,987.8793334960938,0.1881515085697174,499.14544677734375,974.287109375,0.6128050684928894,642.47900390625,859.5250854492188,0.2126370221376419,743.8038940429688,865.3431396484375,0.9969525337219238,814.475830078125,800.7362670898438,0.7118698954582214,856.7520141601562,657.4440307617188,0.4838659465312958
1442,86.6324234008789,116.85596466064453,0.9997001886367798,994.5855712890625,84.24164581298828,0.9998956918716431,89.88668060302734,1028.7308349609375,0.9999076128005981,1023.6785888671875,1020.862060546875,0.999413013458252,334.550048828125,498.6622009277344,0.9982849955558777,338.7651672363281,609.9834594726562,0.9982753992080688,278.0688781738281,557.7783203125,0.9950437545776367,386.6717834472656,555.9227905273438,0.9981133937835693,713.1435546875,498.9857482910156,0.9836437106132507,753.4654541015625,716.59814453125,0.999858021736145,689.8861694335938,591.8222045898438,0.9958913326263428,783.09521484375,553.3336181640625,0.9251818656921387,340.7399597167969,1044.17431640625,0.03636723756790161,324.34088134765625,1013.0331420898438,0.5660855174064636,385.2387390136719,1016.5862426757812,0.8828429579734802,569.2649536132812,969.0382080078125,0.7748059034347534,451.3368835449219,1061.253662109375,0.42657631635665894,430.4081115722656,978.5307006835938,0.9931617975234985,687.0455932617188,960.388916015625,0.4740627706050873,644.0772094726562,852.966796875,0.9848194122314453,729.5375366210938,887.5177612304688,0.9951815009117126,820.9874877929688,822.2498779296875,0.6507271528244019,880.5164794921875,647.8558349609375,0.7535581588745117
1443,87.09211730957031,116.85066223144531,0.9996764659881592,995.5542602539062,83.00581359863281,0.9998713731765747,89.76954650878906,1029.8790283203125,0.9998050332069397,1022.9619750976562,1021.1707763671875,0.9996398687362671,334.525390625,498.6484069824219,0.9983561635017395,336.7163391113281,611.5409545898438,0.9982010126113892,278.0123596191406,555.4636840820312,0.9972274899482727,387.1982116699219,556.3950805664062,0.9980385899543762,716.8634033203125,499.3942565917969,0.9888534545898438,754.0795288085938,716.9517211914062,0.9997699856758118,690.4470825195312,591.2835083007812,0.9972175359725952,786.3474731445312,567.1181640625,0.8637694120407104,261.65045166015625,977.6787719726562,0.6968836784362793,316.0521545410156,982.5790405273438,0.9779767394065857,347.268798828125,977.7733764648438,0.9312050342559814,531.2528686523438,972.8135986328125,0.5260123610496521,395.60504150390625,1030.8052978515625,0.72802734375,387.3350830078125,949.0835571289062,0.9684420228004456,667.0118408203125,966.4994506835938,0.7912594079971313,622.41748046875,868.1470947265625,0.7717536091804504,700.3555297851562,913.6309204101562,0.8836869597434998,833.7152709960938,822.3648681640625,0.3388712704181671,834.474365234375,822.4879150390625,0.8305468559265137
1444,86.59674835205078,117.7411117553711,0.9998701810836792,997.9464111328125,85.26710510253906,0.999872088432312,90.04083251953125,1029.578369140625,0.999923586845398,1022.8720092773438,1021.043212890625,0.9995934367179871,336.1592102050781,498.9657287597656,0.9991042017936707,335.3978576660156,611.2531127929688,0.9985679388046265,277.4166259765625,554.1144409179688,0.9976855516433716,386.71630859375,558.924072265625,0.9975953698158264,715.5249633789062,499.65765380859375,0.9933456182479858,753.8784790039062,716.8943481445312,0.9998226761817932,690.7125244140625,591.4991455078125,0.9966292977333069,785.7545776367188,564.2183227539062,0.9772865176200867,231.05953979492188,933.4094848632812,0.7056408524513245,285.81951904296875,938.4638061523438,0.8146730065345764,305.1495056152344,941.0791625976562,0.8493956923484802,490.3141784667969,959.9559936523438,0.9108487963676453,356.49810791015625,996.19580078125,0.9466281533241272,589.6302490234375,996.0340576171875,0.8037532567977905,595.6297607421875,993.6216430664062,0.29744192957878113,576.2770385742188,908.7865600585938,0.7228421568870544,655.6528930664062,938.6464233398438,0.9961773157119751,772.350341796875,916.631103515625,0.9239384531974792,680.2685546875,841.0135498046875,0.8487226366996765
1445,86.32337951660156,117.83938598632812,0.9998310804367065,997.008056640625,82.88895416259766,0.99993896484375,91.14080047607422,1030.0322265625,0.9998725652694702,1022.7144775390625,1021.9114379882812,0.9993299245834351,335.616455078125,499.07501220703125,0.9984379410743713,335.84619140625,610.2525024414062,0.9981390237808228,276.8797607421875,553.5989990234375,0.9982327222824097,387.0772399902344,557.3656616210938,0.9983335137367249,716.3961791992188,500.7083435058594,0.9974907636642456,754.6704711914062,717.1378173828125,0.9998670816421509,689.796142578125,591.1099853515625,0.9966984391212463,785.2581787109375,561.2930297851562,0.9649657011032104,139.8440399169922,891.5234375,0.0853184312582016,185.40374755859375,889.5657348632812,0.17719778418540955,250.57627868652344,907.7855224609375,0.6530326008796692,435.60302734375,938.4132690429688,0.9946997165679932,306.82672119140625,967.220458984375,0.9289520382881165,320.15252685546875,885.0455932617188,0.8791769742965698,535.570556640625,1000.6834106445312,0.9766892194747925,523.2296142578125,908.0142822265625,0.39353427290916443,589.40283203125,943.1101684570312,0.9462522864341736,727.9271240234375,940.5621948242188,0.9246097803115845,833.1451416015625,862.7261962890625,0.5913441181182861
1446,86.71086120605469,117.77941131591797,0.9999194145202637,996.009521484375,83.00609588623047,0.9999496936798096,91.31791687011719,1029.369873046875,0.9996744394302368,1024.4404296875,1021.540283203125,0.9996476173400879,336.78582763671875,499.3876647949219,0.9985659718513489,335.0974426269531,610.3411865234375,0.9978001713752747,276.8631896972656,554.5037231445312,0.9982340335845947,386.7203063964844,557.7897338867188,0.9977526068687439,715.7799682617188,501.03631591796875,0.9922451376914978,754.8321533203125,716.9932250976562,0.9998641014099121,690.5733642578125,592.4110107421875,0.9945812821388245,783.5989379882812,561.59130859375,0.9748743772506714,97.03887939453125,873.2023315429688,0.8289520144462585,159.93658447265625,879.0696411132812,0.8798835277557373,188.9712677001953,882.9674072265625,0.9166788458824158,355.52545166015625,913.2512817382812,0.9996970891952515,245.5191650390625,941.2755737304688,0.907948911190033,246.99412536621094,861.9279174804688,0.7464929223060608,397.5393371582031,981.119384765625,0.9822733998298645,422.89642333984375,876.0700073242188,0.9355980753898621,486.3462219238281,923.3909912109375,0.8626063466072083,706.83642578125,954.8905029296875,0.8859620690345764,812.191162109375,902.0556640625,0.9521951675415039
1447,85.73301696777344,117.75788879394531,0.9996258020401001,994.2980346679688,81.8873519897461,0.9997989535331726,90.45622253417969,1029.5997314453125,0.9997174143791199,1022.8060302734375,1021.5944213867188,0.9995705485343933,336.53485107421875,499.18951416015625,0.9987620115280151,335.5344543457031,609.8796997070312,0.9983147382736206,277.60870361328125,553.9024047851562,0.9973733425140381,386.1910705566406,557.19384765625,0.9959269165992737,716.0618896484375,500.704345703125,0.997368335723877,754.2285766601562,716.54443359375,0.9998244643211365,690.1235961914062,590.9057006835938,0.9922250509262085,783.35205078125,570.1420288085938,0.9565490484237671,32.42079544067383,856.9876098632812,0.9991390705108643,124.27046203613281,865.3995971679688,0.9885162115097046,151.27342224121094,869.9777221679688,0.9871277809143066,292.17578125,889.478271484375,0.9975401163101196,190.39361572265625,922.8233032226562,0.6115605235099792,199.48582458496094,837.495849609375,0.6349246501922607,338.7391662597656,955.9910888671875,0.9934749007225037,361.7882385253906,850.2903442382812,0.9626848101615906,424.8848571777344,920.0764770507812,0.979484498500824,525.452880859375,939.0910034179688,0.6083316206932068,788.5374145507812,938.2184448242188,0.9990479350090027
1448,87.04548645019531,118.5296859741211,0.9996064305305481,995.8493041992188,82.01712799072266,0.999872088432312,90.13141632080078,1028.4862060546875,0.9998237490653992,1024.4896240234375,1021.510498046875,0.9996745586395264,336.3751220703125,499.0946044921875,0.9988835453987122,333.6063232421875,609.6329956054688,0.9976657629013062,276.7088623046875,553.7295532226562,0.9988433122634888,387.4530944824219,558.3983764648438,0.9973266124725342,715.0908813476562,499.8376770019531,0.9969115853309631,755.149658203125,716.1846923828125,0.9998828172683716,690.82080078125,591.1218872070312,0.9953578114509583,783.2294311523438,549.68603515625,0.9539059400558472,0.6733357906341553,877.2265014648438,0.5968743562698364,70.41610717773438,864.6921997070312,0.9594003558158875,108.89192962646484,866.2974243164062,0.8971683979034424,253.123779296875,891.9423828125,0.9672640562057495,133.29083251953125,923.872314453125,0.017357712611556053,99.59304809570312,819.3444213867188,0.015797315165400505,298.9681701660156,954.1088256835938,0.9708612561225891,334.31170654296875,864.1229858398438,0.9832752346992493,400.7919921875,935.2947998046875,0.9876314997673035,779.6162109375,963.2599487304688,0.4192003011703491,789.5048828125,958.1321411132812,0.7284619808197021
1449,86.39430236816406,115.93098449707031,0.9998207688331604,994.0421142578125,83.76260375976562,0.9999749660491943,87.8305892944336,1028.9241943359375,0.9975778460502625,1022.9595336914062,1021.7466430664062,0.9989750385284424,336.9317626953125,499.06842041015625,0.999011754989624,334.0616455078125,609.7059326171875,0.9984159469604492,277.5101623535156,554.2847900390625,0.9976634979248047,386.790283203125,557.8297119140625,0.9974552989006042,717.9786987304688,500.2064208984375,0.9968456625938416,754.104736328125,716.73681640625,0.9998311996459961,693.1539306640625,591.5833129882812,0.9951828122138977,783.8885498046875,548.4521484375,0.9315844774246216,2.5765743255615234,895.51806640625,0.17201364040374756,26.885860443115234,891.1884155273438,0.15103134512901306,70.50395202636719,890.772216796875,0.24309439957141876,217.9390411376953,894.5358276367188,0.9656602144241333,13.109413146972656,950.3323364257812,0.10177755355834961,104.50530242919922,838.021484375,0.4443875551223755,172.5896759033203,840.6160278320312,0.9154580235481262,295.9762268066406,847.2857666015625,0.8821960091590881,340.8475646972656,921.9871215820312,0.9909805655479431,430.37677001953125,965.9243774414062,0.8842247128486633,730.6160278320312,964.3858642578125,0.980762779712677
1450,86.38414001464844,117.29431915283203,0.9998993873596191,995.4407958984375,83.6068115234375,0.9999505281448364,88.05563354492188,1028.4814453125,0.9962354302406311,1021.6838989257812,1021.3975830078125,0.9996324777603149,337.7494201660156,498.4657287597656,0.9981789588928223,333.4328308105469,610.289794921875,0.9990394711494446,277.5059814453125,552.624755859375,0.9976897239685059,386.1464538574219,558.2748413085938,0.9968283772468567,715.5034790039062,500.2171325683594,0.9854959845542908,754.3916015625,716.65869140625,0.9998869895935059,692.3306884765625,591.5689086914062,0.9968743324279785,783.7664794921875,551.4559936523438,0.9494326710700989,18.12162208557129,842.1581420898438,0.23697896301746368,34.94044494628906,848.5867919921875,0.45788395404815674,10.504359245300293,917.716064453125,0.35063183307647705,185.64859008789062,892.1198120117188,0.6927758455276489,65.23500061035156,942.0010375976562,0.8784931302070618,78.6681900024414,834.749267578125,0.9922769069671631,221.94198608398438,932.6807861328125,0.4893406331539154,245.2640838623047,831.3457641601562,0.5428422093391418,304.3116760253906,892.5389404296875,0.9940646290779114,404.0545349121094,939.8731689453125,0.04211976379156113,409.5883483886719,946.75390625,0.37609612941741943
1451,86.35615539550781,116.81340026855469,0.9997132420539856,995.3908081054688,84.26263427734375,0.9999105930328369,87.57697296142578,1025.646240234375,0.9886695742607117,1023.1466674804688,1020.78125,0.9997088313102722,336.6809387207031,498.61480712890625,0.9986782670021057,335.074951171875,610.809814453125,0.9987359642982483,277.1199035644531,553.9776611328125,0.9973872303962708,387.11956787109375,557.4193115234375,0.9968841671943665,716.19580078125,499.6656799316406,0.9824428558349609,755.3165283203125,717.4061889648438,0.9997565150260925,693.2281494140625,590.8516845703125,0.992508590221405,784.4642944335938,551.5202026367188,0.9665761590003967,4.281074047088623,979.95703125,0.02232944220304489,1.2734200954437256,926.8087158203125,0.7061477899551392,18.429492950439453,916.2782592773438,0.6452178359031677,158.64141845703125,883.524658203125,0.9365482330322266,70.7548599243164,957.1026000976562,0.9604193568229675,71.14803314208984,841.931396484375,0.8359552025794983,225.31234741210938,926.8507690429688,0.8453654050827026,223.1447296142578,832.957275390625,0.6616922616958618,278.7771911621094,860.4290161132812,0.9977918863296509,344.7902526855469,848.1417846679688,0.041196148842573166,132.60484313964844,1011.5800170898438,0.05160772055387497
1452,86.23760223388672,116.10249328613281,0.9997445940971375,995.42333984375,84.24205017089844,0.9999194145202637,87.7087631225586,1026.3089599609375,0.9915380477905273,1023.2713012695312,1019.5670166015625,0.9996950626373291,337.4599609375,498.72808837890625,0.998684823513031,333.00994873046875,610.1388549804688,0.999183714389801,277.2213134765625,553.7318115234375,0.9975662231445312,386.1481018066406,559.7892456054688,0.9981618523597717,716.0330200195312,499.0615234375,0.9861088395118713,754.702392578125,717.5574340820312,0.999840259552002,693.0049438476562,588.75,0.9969146251678467,783.93701171875,549.2081298828125,0.9502063393592834,221.92031860351562,912.5704956054688,0.01279427669942379,-0.7136602401733398,918.2012329101562,0.7757908701896667,22.83940887451172,922.0016479492188,0.8645486235618591,133.01934814453125,885.0171508789062,0.8443991541862488,42.54058074951172,970.08056640625,0.39693617820739746,31.510066986083984,833.59228515625,0.6203798651695251,184.44183349609375,913.0901489257812,0.6898667216300964,180.3072967529297,830.298583984375,0.7388615608215332,241.53689575195312,851.0377197265625,0.9973742961883545,385.9620361328125,836.8317260742188,0.723626434803009,862.35986328125,650.3297729492188,0.07619867473840714
1453,85.67729187011719,118.66727447509766,0.9998076558113098,993.83154296875,85.5682601928711,0.99994957447052,86.8783187866211,1026.8251953125,0.99225252866745,1020.6010131835938,1020.30810546875,0.9994350075721741,336.2809143066406,498.91485595703125,0.9984614849090576,334.91522216796875,610.0986938476562,0.9990745782852173,278.17840576171875,553.790771484375,0.9970517158508301,386.1606140136719,558.1532592773438,0.9976704716682434,718.2244873046875,498.42987060546875,0.9850153923034668,753.6038818359375,717.1767578125,0.999723494052887,692.7572631835938,589.6996459960938,0.9974353909492493,785.4811401367188,558.0055541992188,0.9702743887901306,142.94244384765625,814.0812377929688,0.05527662858366966,1.6505656242370605,852.9052124023438,0.3838126063346863,32.23085403442383,903.1331176757812,0.8279979825019836,141.0197296142578,867.89599609375,0.9342746138572693,144.7362823486328,813.5626831054688,0.195672869682312,32.31797790527344,832.2630004882812,0.7766529321670532,181.85340881347656,914.1907958984375,0.7559531331062317,157.76657104492188,818.86669921875,0.9124045372009277,237.87538146972656,846.0111694335938,0.9007723331451416,388.6769104003906,828.4644775390625,0.806078314781189,627.4685668945312,858.57958984375,0.7118933200836182
1454,86.34002685546875,119.4860610961914,0.9997809529304504,994.1008911132812,83.1863021850586,0.9999853372573853,85.71846771240234,1029.024658203125,0.9967779517173767,1024.4508056640625,1021.3283081054688,0.9994372725486755,336.7204284667969,499.1708679199219,0.9987658262252808,334.250732421875,611.3690795898438,0.9990322589874268,278.6557312011719,554.925537109375,0.9964044094085693,386.7149353027344,558.6487426757812,0.9980337023735046,715.4220581054688,499.64068603515625,0.9882583618164062,753.5661010742188,717.572265625,0.999872088432312,692.408447265625,588.1817016601562,0.9978960752487183,784.671142578125,556.044189453125,0.9651641249656677,216.20701599121094,912.2532958984375,0.005915624089539051,2.3564252853393555,852.7762451171875,0.5957591533660889,16.48764419555664,902.1585693359375,0.4303775131702423,137.6566162109375,866.7091064453125,0.9969697594642639,36.58893585205078,958.619873046875,0.3516298830509186,65.98465728759766,831.5321655273438,0.8320257067680359,175.72276306152344,916.840576171875,0.9524219632148743,162.72650146484375,815.8592529296875,0.9930207133293152,234.9031219482422,846.1636962890625,0.9949563145637512,393.3645935058594,835.0479736328125,0.9081015586853027,634.544189453125,855.5366821289062,0.9801893830299377
1455,86.56078338623047,117.88896942138672,0.9997500777244568,993.6993408203125,85.22779083251953,0.9999358654022217,85.48867797851562,1028.4683837890625,0.991696298122406,1023.8138427734375,1020.8384399414062,0.9992597699165344,336.0216369628906,498.778076171875,0.9986209869384766,336.13446044921875,609.0262451171875,0.9988183379173279,277.95281982421875,554.604248046875,0.9969736337661743,386.6064453125,556.9781494140625,0.9970159530639648,715.6240844726562,499.4481506347656,0.9844302535057068,754.4884643554688,717.7786254882812,0.9998284578323364,693.0363159179688,589.3343505859375,0.9976746439933777,784.4349975585938,555.6204223632812,0.9145765900611877,216.0338897705078,912.0791625976562,0.026124706491827965,3.6409530639648438,843.7799072265625,0.5410410761833191,31.392709732055664,902.4767456054688,0.7964719533920288,133.6840057373047,868.4714965820312,0.9913882613182068,34.866851806640625,959.3805541992188,0.5253753066062927,68.19955444335938,827.7994384765625,0.35366499423980713,186.63182067871094,914.8109741210938,0.22425302863121033,161.2146453857422,813.9661254882812,0.9890023469924927,232.94541931152344,845.1590576171875,0.9924343824386597,394.6374816894531,836.9960327148438,0.7765445113182068,424.0231018066406,494.6451110839844,0.02894848957657814
1456,85.89431762695312,116.6095199584961,0.9998666048049927,992.90673828125,83.84105682373047,0.9999376535415649,87.35951232910156,1026.156494140625,0.9848361611366272,1020.0410766601562,1019.5201416015625,0.9996858835220337,335.9540100097656,498.67144775390625,0.9986671209335327,336.5973815917969,610.2651977539062,0.9991459846496582,278.2033996582031,554.8817138671875,0.9981284737586975,386.50225830078125,557.7066650390625,0.9937368631362915,717.8139038085938,499.58740234375,0.9844978451728821,753.4840087890625,716.5384521484375,0.9998340606689453,691.1014404296875,590.4625244140625,0.9967511892318726,784.8817749023438,561.7926025390625,0.9633872509002686,148.5423126220703,815.207275390625,0.009710237383842468,0.5269126892089844,839.5303344726562,0.44961196184158325,10.651386260986328,853.1566772460938,0.34902864694595337,146.03057861328125,869.6726684570312,0.8974652886390686,158.42147827148438,816.810546875,0.12894119322299957,31.162851333618164,817.5184936523438,0.8284281492233276,189.57920837402344,914.3428344726562,0.582054853439331,162.3807373046875,819.0648803710938,0.992667019367218,240.63504028320312,850.517578125,0.9985013008117676,371.62994384765625,833.4017333984375,0.9124108552932739,541.0833129882812,807.4838256835938,0.04273533076047897
1457,87.17376708984375,118.09278869628906,0.9996722936630249,994.9301147460938,85.25711822509766,0.9999613761901855,90.22757720947266,1027.8226318359375,0.9871113896369934,1022.4937744140625,1022.1033935546875,0.9990600943565369,337.07904052734375,498.704345703125,0.9990563988685608,335.7809753417969,610.6156616210938,0.998769223690033,278.4560546875,553.9813842773438,0.997805655002594,386.92156982421875,558.1064453125,0.9963769316673279,716.873291015625,499.2942810058594,0.990384578704834,753.497802734375,717.1547241210938,0.9998401403427124,694.2045288085938,590.6595458984375,0.9946932196617126,781.4973754882812,551.1060791015625,0.9561105370521545,30.6480712890625,974.31884765625,0.07503791153430939,4.573149681091309,835.485595703125,0.2841803729534149,13.649494171142578,842.835693359375,0.2415640652179718,148.78512573242188,868.4893798828125,0.985479474067688,63.43891906738281,935.0580444335938,0.8694614171981812,85.63143920898438,822.80615234375,0.7928038835525513,194.2348175048828,911.7136840820312,0.9801339507102966,177.20445251464844,819.1453857421875,0.9924222826957703,243.56712341308594,846.5186157226562,0.9986775517463684,396.27728271484375,822.9508056640625,0.926637589931488,547.66845703125,807.1880493164062,0.6615163683891296
1458,86.80272674560547,118.75372314453125,0.9996260404586792,993.8429565429688,83.08837890625,0.9999277591705322,100.43327331542969,1014.553955078125,0.45502254366874695,1021.7431640625,1021.9304809570312,0.9986748695373535,338.08447265625,498.4045104980469,0.9985572695732117,334.1994934082031,611.1284790039062,0.9992245435714722,278.15924072265625,552.7957153320312,0.9975374937057495,388.462646484375,559.2620239257812,0.9956602454185486,713.1470947265625,499.8957214355469,0.9647403359413147,753.2430419921875,716.3883056640625,0.9998667240142822,691.8589477539062,590.5877075195312,0.9973652958869934,783.806640625,559.8054809570312,0.8632880449295044,53.71381378173828,999.8848876953125,0.09512118250131607,10.969313621520996,959.5531005859375,0.4537561535835266,34.90630340576172,936.6807250976562,0.841242790222168,144.087158203125,864.242431640625,0.9253218770027161,74.01659393310547,956.1906127929688,0.9821116924285889,32.56189727783203,841.5167236328125,0.34885114431381226,189.77423095703125,913.6620483398438,0.9279597997665405,174.09764099121094,817.6486206054688,0.9161540865898132,242.731201171875,844.1739501953125,0.9804754853248596,378.51708984375,821.744873046875,0.8751757740974426,421.3608703613281,484.5012512207031,0.6751859188079834
1459,86.20654296875,117.17523193359375,0.9994668364524841,993.8115234375,84.09467315673828,0.9997085928916931,112.61421203613281,1018.9111938476562,0.14187483489513397,1019.9403686523438,1021.06982421875,0.9993756413459778,338.16021728515625,498.21856689453125,0.9976587295532227,334.85186767578125,611.6024780273438,0.9990216493606567,278.14593505859375,553.11376953125,0.9945778846740723,387.5885925292969,558.2543334960938,0.9963566064834595,715.1461181640625,500.9183349609375,0.9786096811294556,753.4454345703125,715.9903564453125,0.9997448325157166,692.5573120117188,591.7474365234375,0.9961165189743042,781.723876953125,557.4740600585938,0.9448170065879822,60.31571578979492,1022.7088012695312,0.035611726343631744,7.433016777038574,978.9937744140625,0.9222895503044128,32.99753189086914,967.16015625,0.8248084783554077,153.26397705078125,874.3321533203125,0.7749975919723511,72.22818756103516,971.7457275390625,0.9143387079238892,7.947259902954102,889.5814208984375,0.668036162853241,192.23155212402344,915.625244140625,0.9796929359436035,184.37884521484375,816.7853393554688,0.8550121784210205,246.6221466064453,849.4240112304688,0.9974386692047119,375.6662902832031,833.09228515625,0.9543635249137878,419.05322265625,484.7975158691406,0.9006090760231018
1460,86.7572021484375,115.07849884033203,0.9998712539672852,996.214111328125,83.43182373046875,0.9999278783798218,9.347846031188965,1043.29345703125,0.14044290781021118,1023.139892578125,1021.5484008789062,0.9995903372764587,338.32183837890625,498.9271545410156,0.9986264705657959,333.5608825683594,611.3680419921875,0.999291181564331,278.2202453613281,553.3784790039062,0.9960456490516663,387.1389465332031,558.59912109375,0.9977434873580933,715.6857299804688,499.0487060546875,0.9579612612724304,754.2484130859375,716.766357421875,0.9998599290847778,692.2537231445312,590.0596313476562,0.9979518055915833,782.6383056640625,557.6613159179688,0.9793301224708557,66.60404205322266,1032.080322265625,0.017877064645290375,11.823277473449707,988.90283203125,0.8808875679969788,59.36579132080078,909.404052734375,0.6061789393424988,147.91595458984375,884.7154541015625,0.993237316608429,72.35580444335938,979.6373291015625,0.9953300952911377,13.044600486755371,883.0782470703125,0.8832579255104065,196.2331085205078,921.6918334960938,0.9922109842300415,185.32421875,826.044921875,0.9564830660820007,245.07481384277344,852.396728515625,0.9994319081306458,373.46783447265625,842.1806640625,0.7021506428718567,424.34918212890625,488.02679443359375,0.2513212263584137
1461,84.81317138671875,118.21058654785156,0.99980229139328,994.2318115234375,83.21437072753906,0.9998652935028076,1.8794405460357666,1035.01171875,0.043411191552877426,1022.4280395507812,1021.682861328125,0.9994271993637085,338.133544921875,498.5292053222656,0.9989404082298279,333.314208984375,611.7931518554688,0.9991633892059326,277.4737548828125,553.6066284179688,0.9968435764312744,386.6985778808594,558.9033203125,0.9967945218086243,715.52685546875,499.30877685546875,0.975578784942627,754.0121459960938,717.2188110351562,0.9999009370803833,691.9203491210938,588.669921875,0.9980016350746155,782.9813842773438,555.6569213867188,0.9761945605278015,59.067527770996094,1037.3460693359375,0.011885948479175568,10.5225830078125,994.2312622070312,0.7167060971260071,21.514245986938477,976.7557983398438,0.7434154748916626,133.32325744628906,890.1692504882812,0.9846513271331787,68.66960144042969,983.7777709960938,0.9889849424362183,13.474555969238281,888.1255493164062,0.6690743565559387,189.8118133544922,922.13623046875,0.9679384827613831,182.85772705078125,827.6008911132812,0.581921398639679,244.38916015625,852.7188110351562,0.9979254007339478,375.27911376953125,843.1193237304688,0.9114790558815002,422.587646484375,487.2263488769531,0.6203619241714478
1462,87.21649932861328,116.08809661865234,0.998996913433075,992.7638549804688,85.37360382080078,0.9999154806137085,3.071977138519287,1040.3348388671875,0.21512816846370697,1025.7625732421875,1022.1255493164062,0.9996662139892578,335.85772705078125,499.0823669433594,0.9985259175300598,334.8341064453125,612.16748046875,0.9993940591812134,277.3981018066406,554.5742797851562,0.996956467628479,386.8731384277344,557.449462890625,0.9968999624252319,715.0309448242188,500.8366394042969,0.997562050819397,752.6295776367188,717.8136596679688,0.9998419284820557,692.819091796875,589.9607543945312,0.9965938925743103,780.7830810546875,555.166748046875,0.9803188443183899,5.622091770172119,1033.0133056640625,0.020854048430919647,-0.24439477920532227,978.8947143554688,0.5722393989562988,16.295207977294922,973.7433471679688,0.9117851257324219,151.1020050048828,886.85595703125,0.9435816407203674,56.916839599609375,1006.859375,0.39802300930023193,16.4908447265625,881.509521484375,0.8891149759292603,199.36207580566406,920.1425170898438,0.7880348563194275,136.8186492919922,819.0712890625,0.7206484079360962,238.037353515625,854.9214477539062,0.9992154836654663,347.96795654296875,849.7399291992188,0.8928608298301697,512.5447998046875,820.4210815429688,0.9447597861289978
1463,85.71223449707031,118.96796417236328,0.9998611211776733,995.8668212890625,82.8456039428711,0.9999076128005981,117.35298156738281,1013.0656127929688,0.05403503403067589,1024.1409912109375,1020.6105346679688,0.9997618794441223,336.7466125488281,498.7705383300781,0.9987354874610901,334.4311828613281,611.7994995117188,0.9984812140464783,277.02880859375,553.413818359375,0.9978699684143066,387.6629638671875,557.3670043945312,0.9970158338546753,716.0381469726562,498.8518371582031,0.9944674968719482,754.979736328125,716.7219848632812,0.9998262524604797,692.6784057617188,591.5972900390625,0.9958517551422119,781.8175659179688,549.3368530273438,0.9491352438926697,45.13048553466797,859.4574584960938,0.010621022433042526,-2.2682318687438965,974.5318603515625,0.31698909401893616,30.84561538696289,955.747802734375,0.9220830202102661,136.21688842773438,896.4036254882812,0.9887319803237915,42.1697998046875,1008.1354370117188,0.4469894468784332,91.812255859375,847.5301513671875,0.8929452300071716,172.5375213623047,934.03466796875,0.9828915596008301,137.9852752685547,821.8046264648438,0.9065883159637451,231.0697784423828,854.7667846679688,0.9980742931365967,374.1857604980469,852.3475952148438,0.984271228313446,513.0364990234375,822.4379272460938,0.8283189535140991
1464,85.39795684814453,116.07364654541016,0.9999010562896729,995.369384765625,82.89443969726562,0.9999083280563354,149.976318359375,1020.4051513671875,0.016684094443917274,1023.6036987304688,1021.2007446289062,0.999742329120636,335.77496337890625,498.58587646484375,0.9984525442123413,333.8693542480469,611.8596801757812,0.997962474822998,277.1711730957031,554.0032958984375,0.9956884980201721,387.4089660644531,556.7741088867188,0.9972456693649292,713.8218383789062,500.8892822265625,0.9948909282684326,754.080322265625,716.9871826171875,0.9998670816421509,693.195556640625,593.6275634765625,0.9974101185798645,783.2109985351562,557.2787475585938,0.973969578742981,1.4344215393066406,878.1348876953125,0.010947009548544884,4.118886947631836,955.0286254882812,0.36862462759017944,31.923870086669922,941.8394775390625,0.8767907023429871,138.99583435058594,890.9435424804688,0.9859798550605774,52.45408630371094,994.4336547851562,0.3362060785293579,86.44559478759766,843.7192993164062,0.9649373888969421,171.03269958496094,931.9605102539062,0.9791485071182251,128.8245849609375,820.7518310546875,0.9694780111312866,229.35855102539062,855.546630859375,0.9990336894989014,378.1945495605469,853.7874755859375,0.9955852031707764,521.951171875,823.9513549804688,0.35868653655052185
1465,86.4032211303711,116.29838562011719,0.9999399185180664,996.13427734375,83.65673828125,0.9998894929885864,3.0081045627593994,1082.10205078125,0.08869603276252747,1022.3758544921875,1020.6936645507812,0.9997956156730652,335.659423828125,498.6121826171875,0.9989581108093262,334.8780822753906,611.8655395507812,0.998080849647522,277.5441589355469,553.6136474609375,0.9975219368934631,387.6906433105469,558.5286865234375,0.9972750544548035,718.8007202148438,499.88348388671875,0.9963284134864807,755.1980590820312,717.5037231445312,0.9998670816421509,692.3251953125,591.8724975585938,0.997399091720581,782.5177612304688,555.6929931640625,0.990527868270874,125.83622741699219,829.668701171875,0.017932279035449028,2.9547622203826904,891.7042846679688,0.2609596252441406,12.123381614685059,946.915771484375,0.4959603548049927,100.42845916748047,902.3871459960938,0.45680150389671326,40.09247589111328,987.767578125,0.18740659952163696,81.14527130126953,846.7636108398438,0.20910650491714478,181.41549682617188,918.9395141601562,0.9573037624359131,182.83203125,827.588623046875,0.5472934246063232,236.31622314453125,855.2122192382812,0.9990437626838684,377.3895568847656,855.955322265625,0.9619722962379456,517.0734252929688,824.739990234375,0.8261332511901855
1466,86.27876281738281,117.44232940673828,0.9998360872268677,997.2021484375,81.87384796142578,0.9999076128005981,95.13362884521484,1025.7474365234375,0.983080267906189,1023.360107421875,1021.78857421875,0.9996306896209717,334.5630798339844,498.79278564453125,0.9987622499465942,335.02947998046875,610.990234375,0.9975098371505737,277.08013916015625,554.5892944335938,0.9970341920852661,387.3899841308594,556.6028442382812,0.9913936257362366,721.4767456054688,498.6103515625,0.9926950931549072,755.0003662109375,717.3317260742188,0.9999350309371948,691.962890625,590.1209716796875,0.9987502098083496,784.245361328125,563.8501586914062,0.9803673028945923,0.6363251209259033,873.4268798828125,0.014382593333721161,1.5525805950164795,877.1913452148438,0.6365759372711182,7.2034220695495605,897.179931640625,0.767024040222168,142.2753448486328,892.1572875976562,0.9455668926239014,87.09068298339844,986.0046997070312,0.5254306793212891,52.953369140625,871.6906127929688,0.5118768811225891,188.62200927734375,913.8185424804688,0.9434815645217896,134.46072387695312,815.0518798828125,0.49114635586738586,241.8824920654297,852.935791015625,0.9765631556510925,403.1640625,860.4181518554688,0.9814884662628174,420.2523498535156,486.5597229003906,0.2284240871667862
1467,86.69397735595703,117.50430297851562,0.9998414516448975,998.27001953125,83.00923156738281,0.9999566078186035,87.21044921875,1025.9521484375,0.9569386839866638,1021.2798461914062,1022.2345581054688,0.9994438290596008,336.06121826171875,498.9363098144531,0.9985392093658447,334.7870178222656,610.897216796875,0.9985765218734741,277.33111572265625,554.1831665039062,0.9973813891410828,386.7494201660156,557.73828125,0.9964325428009033,716.822509765625,499.7060852050781,0.9941402077674866,754.3150634765625,717.6038818359375,0.9999160766601562,693.2449951171875,591.5338745117188,0.9964738488197327,782.6777954101562,550.7120361328125,0.9134364724159241,5.952035427093506,962.0767822265625,0.1452469527721405,23.25186538696289,903.5419921875,0.27423205971717834,55.63655090332031,915.8881225585938,0.46916434168815613,153.58920288085938,881.4401245117188,0.9343417286872864,16.56514549255371,988.9121704101562,0.6026350855827332,72.57353210449219,842.2837524414062,0.9151297211647034,199.5616912841797,922.7122192382812,0.9374639391899109,168.58950805664062,829.9218139648438,0.5900893807411194,257.6346130371094,855.7615356445312,0.9842342734336853,413.91949462890625,865.1130981445312,0.8397013545036316,508.57086181640625,818.7907104492188,0.5450625419616699
1468,86.4593734741211,116.07137298583984,0.9999423027038574,996.7628784179688,81.89997863769531,0.9999395608901978,89.66447448730469,1027.4356689453125,0.9991437196731567,1020.1835327148438,1021.0927124023438,0.9993410706520081,336.7804870605469,498.91741943359375,0.999147891998291,334.9179382324219,609.9888305664062,0.9962062835693359,276.7466125488281,553.3782348632812,0.9956333041191101,387.0320129394531,556.12744140625,0.996113657951355,718.0812377929688,500.4378662109375,0.9958615899085999,754.3237915039062,716.406005859375,0.9999384880065918,692.0849609375,590.9463500976562,0.9958359003067017,784.4111328125,559.0048217773438,0.9913644790649414,17.08655548095703,690.0509643554688,0.5584745407104492,2.7356786727905273,701.2859497070312,0.16991063952445984,4.778309345245361,733.0256958007812,0.42101815342903137,69.13162231445312,881.1417846679688,0.8736363053321838,5.803591728210449,935.6431274414062,0.07063956558704376,55.28094482421875,774.3584594726562,0.9507700204849243,205.78994750976562,920.496337890625,0.69760662317276,162.66461181640625,822.7008666992188,0.9408803582191467,266.52197265625,858.27001953125,0.9336791038513184,414.4057312011719,867.362060546875,0.917846143245697,519.9335327148438,812.3924560546875,0.18464972078800201
1469,87.47209930419922,115.37852478027344,0.9998082518577576,995.6897583007812,83.14015197753906,0.9999302625656128,90.59325408935547,1027.892822265625,0.9998421669006348,1022.5321044921875,1022.7003173828125,0.9992737174034119,336.94635009765625,499.2186584472656,0.9994381070137024,334.71746826171875,610.5460205078125,0.9987671375274658,277.1426696777344,554.0934448242188,0.9936851859092712,386.4337158203125,558.1311645507812,0.9972090125083923,715.6614379882812,499.3085632324219,0.996367335319519,754.7386474609375,716.0116577148438,0.9999139308929443,690.833984375,588.2415771484375,0.9982571005821228,782.9672241210938,557.8935546875,0.9704715013504028,39.814544677734375,660.9119262695312,0.6265133023262024,45.701873779296875,706.6357421875,0.9576469659805298,45.6822624206543,739.7112426757812,0.8341370820999146,70.98636627197266,862.6837158203125,0.9968127608299255,-0.5347690582275391,828.695068359375,0.44221580028533936,98.49549102783203,771.8084106445312,0.8822031021118164,210.33306884765625,923.0311889648438,0.9149482846260071,182.83876037597656,826.4928588867188,0.8152204155921936,274.2864074707031,864.2041625976562,0.9913510084152222,399.189453125,880.6051025390625,0.7631314992904663,504.2495422363281,822.3543090820312,0.8376423716545105
1470,87.68649291992188,117.86138153076172,0.999014139175415,995.0830688476562,83.84651184082031,0.9999792575836182,88.35492706298828,1029.86865234375,0.9998559951782227,1021.3707885742188,1021.4561767578125,0.9996917247772217,336.7084045410156,498.7318420410156,0.9981769323348999,336.15325927734375,610.5465087890625,0.9989674091339111,277.3384704589844,553.999267578125,0.9933672547340393,386.4232177734375,558.0714111328125,0.9961321353912354,713.7919311523438,499.69915771484375,0.9944990277290344,753.7901000976562,715.34326171875,0.9998997449874878,690.7281494140625,590.26904296875,0.9954705238342285,782.4005126953125,565.1654052734375,0.9593926668167114,109.6382064819336,632.7007446289062,0.9870725870132446,97.44886016845703,665.0894165039062,0.9945530891418457,87.88348388671875,691.411865234375,0.9893578886985779,86.6837387084961,831.8660278320312,0.9832643866539001,32.96627426147461,752.1922607421875,0.40675485134124756,129.85049438476562,746.8426513671875,0.9636948704719543,120.75480651855469,926.4383544921875,0.5865099430084229,200.19970703125,820.6038818359375,0.9931021928787231,266.4084167480469,866.0791625976562,0.989410936832428,412.07904052734375,890.8255004882812,0.962627112865448,515.0250854492188,820.6197509765625,0.3795328438282013
1471,87.58177947998047,116.20587158203125,0.9998869895935059,992.0350341796875,86.76103973388672,0.9999206066131592,89.14732360839844,1031.5936279296875,0.9996235370635986,1019.0216064453125,1020.631103515625,0.9994785189628601,338.56494140625,498.4548645019531,0.9988040924072266,334.0840148925781,610.8690185546875,0.9987527132034302,278.1408996582031,552.4639892578125,0.9974600672721863,386.2929992675781,560.8892822265625,0.9966918230056763,712.48779296875,499.7353820800781,0.9983354210853577,753.311767578125,715.7576293945312,0.9999247789382935,691.6017456054688,593.9541015625,0.9969335794448853,782.45458984375,561.867919921875,0.9932750463485718,156.66732788085938,586.6190795898438,0.9508839845657349,148.1368408203125,609.2700805664062,0.8504950404167175,137.77114868164062,637.5252685546875,0.9652219414710999,113.7071304321289,780.524169921875,0.9291601181030273,72.48664093017578,687.0445556640625,0.564963161945343,198.9391632080078,902.6689453125,0.9192903637886047,174.15985107421875,892.9283447265625,0.18833965063095093,200.61863708496094,806.546875,0.8812969326972961,272.2157897949219,882.353759765625,0.6455201506614685,408.6343994140625,906.268310546875,0.9780718088150024,513.9412231445312,855.806884765625,0.1582496613264084
1472,88.41803741455078,117.11466217041016,0.9994986057281494,994.9398193359375,82.701171875,0.9998922348022461,89.46094512939453,1029.229248046875,0.9999052286148071,1022.4251098632812,1020.747802734375,0.9995850920677185,341.1421813964844,498.8424987792969,0.99898761510849,330.3050842285156,610.0997314453125,0.9983718991279602,277.0353698730469,549.0535888671875,0.9982592463493347,385.58447265625,560.0125732421875,0.9981932044029236,716.3189086914062,497.9128723144531,0.9978206157684326,753.44873046875,716.32275390625,0.9999033212661743,691.9536743164062,591.6583862304688,0.9951485991477966,787.1160888671875,558.8983764648438,0.9478065967559814,207.01516723632812,553.1262817382812,0.9343779683113098,170.14199829101562,583.2952270507812,0.8928233981132507,154.17868041992188,602.73388671875,0.9878876209259033,133.39443969726562,754.4346313476562,0.9946871995925903,214.17164611816406,768.2918090820312,0.7219567894935608,182.9630126953125,679.44970703125,0.41605380177497864,169.52491760253906,863.6171264648438,0.22122617065906525,214.4754180908203,768.687255859375,0.16702070832252502,249.48660278320312,881.3974609375,0.9862666130065918,401.1358947753906,920.7622680664062,0.7365671992301941,560.740478515625,849.9769287109375,0.9628230333328247
1473,85.34934997558594,118.19481658935547,0.999880313873291,998.5592041015625,84.17719268798828,0.9997112154960632,88.72078704833984,1030.9998779296875,0.9997559189796448,1022.22119140625,1020.5277709960938,0.9995391368865967,337.01043701171875,498.65032958984375,0.9988353848457336,337.7132873535156,610.224365234375,0.9978201389312744,276.2985534667969,555.7649536132812,0.9976959824562073,385.4960632324219,559.5254516601562,0.9972687363624573,714.3099365234375,499.2604064941406,0.9975528120994568,754.333984375,715.7070922851562,0.9998701810836792,690.3471069335938,590.7590942382812,0.99444580078125,782.9256591796875,554.2369995117188,0.9539245367050171,238.31431579589844,553.5101928710938,0.9567981362342834,190.36439514160156,582.4189453125,0.9994930028915405,171.09507751464844,599.756591796875,0.9860754609107971,147.15521240234375,750.4267578125,0.8467653393745422,224.97256469726562,779.98876953125,0.6686135530471802,219.1613311767578,662.2012939453125,0.8280234336853027,119.46443939208984,832.2030639648438,0.9166098237037659,225.2467498779297,779.4472045898438,0.07014084607362747,220.17784118652344,874.9988403320312,0.13001511991024017,316.4459228515625,929.7073974609375,0.2314143180847168,420.02154541015625,957.8009033203125,0.1461774706840515
1474,85.8667984008789,115.38502502441406,0.9998220801353455,996.4972534179688,83.03889465332031,0.9998762607574463,89.0192642211914,1029.7154541015625,0.999804675579071,1022.317138671875,1021.0621948242188,0.9994705319404602,336.2215881347656,498.82122802734375,0.9989762306213379,337.33172607421875,609.5445556640625,0.9954434633255005,276.41619873046875,553.3246459960938,0.9985448122024536,385.8197326660156,557.6705322265625,0.9990111589431763,715.47998046875,499.2174377441406,0.999289870262146,754.1759643554688,717.466064453125,0.9998728036880493,691.1956787109375,592.7192993164062,0.9975155591964722,783.1748046875,555.9962158203125,0.9431678056716919,253.5823974609375,571.9172973632812,0.980117917060852,195.9065704345703,600.9996337890625,0.9843268990516663,176.25091552734375,616.05078125,0.9760928153991699,147.59056091308594,723.2942504882812,0.9457651972770691,130.4272003173828,625.1427612304688,0.934453547000885,229.40280151367188,677.0810546875,0.9469230771064758,96.34391784667969,803.8514404296875,0.9605256915092468,231.3154296875,770.9158325195312,0.7007439136505127,167.40931701660156,866.8123779296875,0.9735134840011597,310.87567138671875,610.4013671875,0.01180045772343874,269.5721130371094,485.56817626953125,0.1813705712556839
1475,85.99629211425781,117.81976318359375,0.9997513890266418,997.5226440429688,84.36652374267578,0.9998867511749268,87.99461364746094,1030.7052001953125,0.9997050166130066,1021.8834838867188,1021.3998413085938,0.999344527721405,336.59765625,498.3658447265625,0.998881995677948,336.8783264160156,609.212890625,0.9905034303665161,274.27618408203125,552.8993530273438,0.9986938834190369,385.80517578125,558.7179565429688,0.9974914789199829,715.8397827148438,498.99884033203125,0.9984641075134277,754.2449951171875,716.3920288085938,0.9998971223831177,692.6929931640625,592.3836669921875,0.9963184595108032,783.4434204101562,560.039306640625,0.963135302066803,256.3199768066406,578.39794921875,0.957465410232544,193.70138549804688,615.6675415039062,0.9708945155143738,170.563232421875,636.2138061523438,0.9642306566238403,145.35726928710938,739.2923583984375,0.9602256417274475,119.45516204833984,645.8712158203125,0.7706009745597839,232.32919311523438,698.8929443359375,0.13903088867664337,92.31640625,792.26025390625,0.98602294921875,229.5998077392578,779.5578002929688,0.9477338194847107,159.07254028320312,861.0598754882812,0.9981805086135864,172.86090087890625,973.404541015625,0.06285858154296875,326.4367980957031,976.1840209960938,0.5060577988624573
1476,86.11624145507812,117.00060272216797,0.9998773336410522,997.47607421875,83.8704605102539,0.9998250603675842,87.32328796386719,1030.0924072265625,0.9941607117652893,1022.0902099609375,1021.8216552734375,0.9990202188491821,337.8211975097656,498.909423828125,0.9992974996566772,334.3990478515625,610.865234375,0.998019814491272,274.668212890625,552.19921875,0.9966201782226562,387.2555847167969,558.3484497070312,0.9982359409332275,717.802001953125,499.539794921875,0.9962427616119385,753.9949340820312,716.9636840820312,0.9999146461486816,691.5210571289062,591.5302124023438,0.9948404431343079,782.8804931640625,550.2191772460938,0.9457989931106567,260.84356689453125,581.0712890625,0.990165650844574,196.27333068847656,620.3287963867188,0.9211829304695129,175.22360229492188,641.2108154296875,0.9859936237335205,143.21084594726562,746.03173828125,0.9962140917778015,127.81295776367188,642.3055419921875,0.9345169067382812,226.96463012695312,704.7598266601562,0.4731338322162628,85.05132293701172,794.9779663085938,0.9824777245521545,221.83872985839844,779.2080078125,0.9538224339485168,150.85104370117188,852.8160400390625,0.9993946552276611,86.51429748535156,1022.9435424804688,0.010647556744515896,870.8806762695312,453.0332336425781,0.3012113571166992
1477,86.57740020751953,116.28529357910156,0.9998879432678223,994.5172119140625,83.1355209350586,0.9997724890708923,88.560546875,1036.18505859375,0.6728408336639404,1020.38037109375,1021.5183715820312,0.9990079998970032,336.7650146484375,498.7666320800781,0.9988870024681091,336.014892578125,609.10546875,0.994454562664032,277.6435546875,552.595458984375,0.9858620166778564,385.98944091796875,556.4340209960938,0.9980008006095886,719.7625122070312,496.8934020996094,0.9896348118782043,752.9969482421875,716.5350341796875,0.9997406601905823,692.261962890625,590.2537841796875,0.9915627241134644,782.7315673828125,551.5369262695312,0.8290055990219116,266.40673828125,587.5553588867188,0.9481202960014343,198.47630310058594,622.5864868164062,0.9955223798751831,175.16290283203125,645.1146240234375,0.9838415384292603,134.19712829589844,739.3755493164062,0.9760209321975708,124.17571258544922,647.7586059570312,0.8771880269050598,214.3201446533203,710.7575073242188,0.6986119747161865,81.7408676147461,790.1571044921875,0.9876927733421326,208.929443359375,778.073486328125,0.9391982555389404,145.95277404785156,852.34423828125,0.9996126294136047,97.52715301513672,1032.420166015625,0.8726680278778076,129.68267822265625,1075.8006591796875,0.32193300127983093
1478,86.71488952636719,116.79695892333984,0.9999096393585205,994.0900268554688,82.92459106445312,0.9998767375946045,90.12952423095703,1032.0147705078125,0.9943325519561768,1023.6073608398438,1021.1845092773438,0.9997199177742004,336.0097961425781,499.1998291015625,0.9989169836044312,335.7638244628906,612.9945678710938,0.9987185001373291,280.1427307128906,550.8592529296875,0.9985561966896057,386.836181640625,557.3944702148438,0.9967993497848511,718.0890502929688,497.8255310058594,0.9964011907577515,753.8543090820312,715.4223022460938,0.999835729598999,692.2991333007812,590.6190185546875,0.9952383041381836,782.8785400390625,554.2460327148438,0.7261552214622498,277.6461181640625,594.6793823242188,0.873885989189148,206.2064971923828,625.9395751953125,0.9881876111030579,180.79591369628906,643.513916015625,0.9829539060592651,139.43362426757812,734.32373046875,0.9958133101463318,133.97181701660156,644.5759887695312,0.41501083970069885,225.62460327148438,692.8629760742188,0.9316609501838684,86.08955383300781,785.54248046875,0.9983237385749817,215.15611267089844,773.6986694335938,0.9829703569412231,150.2418975830078,845.8048706054688,0.9914293885231018,100.80269622802734,947.4542236328125,0.8197011947631836,240.1843719482422,1062.7344970703125,0.8843830227851868
1479,85.89395141601562,116.93074798583984,0.9998254179954529,996.566162109375,85.45167541503906,0.9999141693115234,88.57282257080078,1031.33056640625,0.9986055493354797,1023.0340576171875,1021.2474975585938,0.9996623992919922,333.61236572265625,499.22747802734375,0.998728334903717,339.7152404785156,604.5112915039062,0.9962611794471741,279.530517578125,549.4915771484375,0.9991440773010254,386.7110290527344,557.1554565429688,0.9983475208282471,716.1129760742188,497.90191650390625,0.9980441331863403,753.926513671875,715.689453125,0.9998445510864258,691.2857055664062,590.235107421875,0.997021496295929,782.6218872070312,547.5177612304688,0.9141541719436646,314.8603210449219,612.412841796875,0.9263503551483154,258.585693359375,627.3917236328125,0.492730975151062,236.34156799316406,638.4866943359375,0.6166090965270996,144.43359375,709.4829711914062,0.9623735547065735,192.24951171875,614.5257568359375,0.2565026581287384,253.8287811279297,678.4954223632812,0.8773754835128784,88.86202239990234,774.9960327148438,0.9969929456710815,208.3813018798828,767.2837524414062,0.9642654657363892,154.08602905273438,836.5696411132812,0.9988151788711548,101.85121154785156,983.0733032226562,0.9734790325164795,304.12799072265625,1066.33203125,0.9679416418075562
1480,86.15937805175781,116.00782012939453,0.9999499320983887,995.8287963867188,84.12435913085938,0.9998753070831299,89.73246002197266,1032.715087890625,0.9989296793937683,1024.8734130859375,1021.3991088867188,0.9997214674949646,333.91583251953125,499.1512145996094,0.9991971850395203,345.20196533203125,597.7764282226562,0.620614767074585,278.27337646484375,548.2510986328125,0.9988939166069031,384.7826843261719,555.4384155273438,0.9985641837120056,722.3915405273438,498.06219482421875,0.9992539286613464,755.1058959960938,716.2554931640625,0.9997419714927673,692.6673583984375,592.3609619140625,0.9964694976806641,785.8877563476562,554.2817993164062,0.9806021451950073,344.1452331542969,611.5010375976562,0.965119481086731,284.1414794921875,648.1810913085938,0.990328848361969,256.4132080078125,660.6436157226562,0.9818068742752075,149.27684020996094,717.763427734375,0.9847320318222046,187.83595275878906,635.69873046875,0.9804027080535889,257.842529296875,702.5491943359375,0.9418961405754089,93.67125701904297,756.4991455078125,0.934087336063385,211.10218811035156,765.3627319335938,0.9082583785057068,147.75714111328125,830.76708984375,0.9988865256309509,144.17459106445312,1043.201904296875,0.6837114095687866,298.7061462402344,1065.7626953125,0.9926362037658691
1481,85.17225646972656,116.51284790039062,0.9999469518661499,994.4075317382812,84.7762680053711,0.9998733997344971,90.10298156738281,1033.932373046875,0.9766460061073303,1025.3778076171875,1021.1900024414062,0.9997075200080872,335.6958312988281,499.3812561035156,0.9991025924682617,315.40673828125,583.3035888671875,0.4165952503681183,282.89239501953125,543.9235229492188,0.9942874312400818,381.7855224609375,558.4091186523438,0.9981070756912231,721.658203125,498.40576171875,0.9995670914649963,753.4099731445312,716.614990234375,0.9997912049293518,693.4497680664062,589.6763916015625,0.9971107244491577,786.8712158203125,555.7215576171875,0.9217103123664856,350.1035461425781,588.3328857421875,0.24722985923290253,308.9411315917969,632.655029296875,0.9044535756111145,278.0093994140625,655.8042602539062,0.9795166254043579,166.66366577148438,710.5654907226562,0.7562409043312073,214.42410278320312,619.9312744140625,0.8358835577964783,285.3460693359375,694.9757690429688,0.9675174951553345,107.47598266601562,736.8953857421875,0.7803869247436523,215.68458557128906,754.8084106445312,0.9079911708831787,149.38760375976562,813.8985595703125,0.9989516735076904,138.58444213867188,1049.5606689453125,0.8620824813842773,254.93641662597656,1062.995361328125,0.9856542944908142
1482,86.1964340209961,115.87618255615234,0.9999301433563232,994.6793212890625,84.76129150390625,0.9998376369476318,85.43020629882812,1033.8472900390625,0.9711006283760071,1023.3472900390625,1021.3487548828125,0.999620795249939,338.48370361328125,500.3148498535156,0.999387264251709,310.847900390625,576.4708862304688,0.9168670177459717,285.1539306640625,537.1856689453125,0.9749051928520203,381.7060241699219,549.7018432617188,0.998749852180481,721.99658203125,497.724609375,0.9990348815917969,753.8374633789062,716.1565551757812,0.9996979236602783,691.657958984375,591.0610961914062,0.9946314096450806,786.47607421875,561.23681640625,0.9896215200424194,379.0923156738281,561.58642578125,0.9421778321266174,348.15191650390625,586.7853393554688,0.9983198046684265,328.509765625,607.9185180664062,0.8918013572692871,216.6003875732422,676.7254638671875,0.9332447648048401,252.19654846191406,597.5777587890625,0.6800248622894287,313.0769348144531,665.67041015625,0.9033865332603455,109.46138000488281,702.56201171875,0.2826174795627594,211.1146240234375,740.7489624023438,0.9914420247077942,153.5821075439453,804.9072265625,0.9973894953727722,77.32866668701172,988.5340576171875,0.7768027782440186,241.82931518554688,1062.0203857421875,0.995567262172699
1483,87.70972442626953,115.12518310546875,0.9999356269836426,992.955322265625,85.38302612304688,0.9992793202400208,88.49259185791016,1034.1422119140625,0.9653774499893188,1019.2769165039062,1021.0617065429688,0.9984637498855591,337.0055847167969,500.5663757324219,0.9970065951347351,321.4476623535156,559.1461791992188,0.39001449942588806,296.1138610839844,532.6941528320312,0.9902271032333374,382.46600341796875,534.927001953125,0.9462769627571106,723.6184692382812,497.7144470214844,0.9992877840995789,752.9351196289062,716.9098510742188,0.9995712637901306,690.3479614257812,590.0726318359375,0.9964417815208435,786.2080688476562,566.5962524414062,0.9620998501777649,393.2986145019531,540.5050048828125,0.886964738368988,357.04632568359375,573.8972778320312,0.9860326647758484,333.18621826171875,592.632568359375,0.8387965559959412,214.03878784179688,683.1273193359375,0.9217224717140198,264.9696960449219,582.6859741210938,0.9620516300201416,330.8511047363281,649.754638671875,0.998314380645752,126.89200592041016,682.4580688476562,0.4006986916065216,225.17489624023438,749.1530151367188,0.9266269207000732,146.3772735595703,800.3721313476562,0.997806966304779,121.1160659790039,1042.27490234375,0.950434684753418,244.3176727294922,1060.7088623046875,0.9831928014755249
1484,87.777099609375,113.79589080810547,0.999809205532074,995.770263671875,84.18499755859375,0.999915361404419,89.97052001953125,1035.598876953125,0.9808201193809509,1021.7136840820312,1020.9091186523438,0.9992478489875793,327.2505798339844,501.9278259277344,0.9495656490325928,322.72015380859375,537.055419921875,0.052387554198503494,291.9285583496094,525.3865356445312,0.6366499662399292,348.5606994628906,521.48095703125,0.39371684193611145,722.129638671875,498.132080078125,0.999215841293335,753.6475830078125,716.4884643554688,0.9997040629386902,691.7464599609375,589.6331176757812,0.996480405330658,785.6019897460938,554.849609375,0.9724242687225342,414.8901062011719,506.2931823730469,0.997654378414154,395.8533630371094,526.0108642578125,0.9926315546035767,384.0575256347656,541.4918212890625,0.9446516633033752,242.218994140625,662.5010986328125,0.7059174180030823,269.09735107421875,562.8781127929688,0.5444471836090088,396.261474609375,581.1250610351562,0.5326124429702759,136.15548706054688,681.6091918945312,0.8555565476417542,229.0474853515625,757.6611938476562,0.9700716137886047,148.59458923339844,789.5491943359375,0.9958298802375793,126.93113708496094,1042.88818359375,0.9794409275054932,246.8153533935547,1059.1014404296875,0.9912242889404297
1485,86.6522445678711,115.91166687011719,0.9999110698699951,993.8414916992188,83.26677703857422,0.9995518326759338,89.44166564941406,1032.193359375,0.9982125759124756,1021.0972900390625,1021.6061401367188,0.9994279742240906,334.29278564453125,501.25946044921875,0.47649797797203064,324.58721923828125,522.8461303710938,0.0194430872797966,307.8463134765625,520.0374755859375,0.004935127682983875,346.56707763671875,518.290771484375,0.027027394622564316,720.1521606445312,498.79144287109375,0.998725950717926,754.2076416015625,716.4259643554688,0.9997300505638123,691.7865600585938,590.6082153320312,0.9965391159057617,784.1965942382812,557.1264038085938,0.9721941947937012,419.6102600097656,505.933837890625,0.9932674169540405,394.89300537109375,518.6063232421875,0.9967239499092102,383.2560119628906,532.2048950195312,0.9962232112884521,275.1946105957031,644.2993774414062,0.8333918452262878,314.50311279296875,539.7390747070312,0.358264297246933,389.07489013671875,599.255615234375,0.42523840069770813,157.6973876953125,676.6345825195312,0.36590576171875,258.5876159667969,735.4793090820312,0.7819890975952148,145.27955627441406,781.494140625,0.9132589101791382,87.4271469116211,908.4677124023438,0.9242299795150757,244.87783813476562,1059.9552001953125,0.9826022386550903
1486,86.94415283203125,115.29071044921875,0.9999433755874634,999.15185546875,89.56185913085938,0.9993077516555786,88.91831970214844,1030.9107666015625,0.999659538269043,1020.9078979492188,1021.574951171875,0.9991084933280945,333.9808044433594,506.0047912597656,0.042117998003959656,750.8811645507812,710.97900390625,0.0019941546488553286,387.97216796875,490.35784912109375,0.0004595890350174159,410.06170654296875,499.739013671875,0.00166091148275882,718.1983642578125,499.5622253417969,0.9960774779319763,754.1152954101562,716.2763671875,0.9997894167900085,691.1724853515625,590.71240234375,0.9906655550003052,785.0721435546875,556.5484008789062,0.9138307571411133,400.7550964355469,505.37066650390625,0.9914122819900513,398.7095947265625,517.4423828125,0.9990354776382446,384.7488098144531,533.58251953125,0.9982567429542542,291.3304443359375,623.481201171875,0.9973937273025513,316.424072265625,537.0293579101562,0.7506661415100098,403.2889404296875,587.186279296875,0.9414649605751038,175.44778442382812,644.7750244140625,0.7398601174354553,274.806396484375,722.5506591796875,0.772822380065918,154.3167266845703,741.7017211914062,0.8600426912307739,101.32939910888672,892.2615356445312,0.39129239320755005,110.4129867553711,900.90869140625,0.9925738573074341
1487,87.11515808105469,116.31585693359375,0.9999326467514038,997.1778564453125,83.5293197631836,0.9999250173568726,88.70027160644531,1030.31396484375,0.9996280670166016,1021.8867797851562,1021.3375244140625,0.9993546605110168,719.9739990234375,509.2238464355469,0.007972275838255882,751.433349609375,710.7927856445312,0.003412911668419838,695.4761352539062,586.9847412109375,0.00041490464354865253,401.94580078125,498.8175964355469,0.0029574863146990538,717.442138671875,499.0323181152344,0.9974053502082825,754.6176147460938,716.41552734375,0.9998432397842407,690.8172607421875,588.7116088867188,0.9959938526153564,783.9544677734375,557.6057739257812,0.9521554112434387,398.78277587890625,505.98590087890625,0.9893020987510681,395.7128601074219,516.366455078125,0.9963852167129517,381.08135986328125,533.5101928710938,0.9933350086212158,292.4721374511719,618.2220458984375,0.9964653253555298,314.9973449707031,536.1317138671875,0.8558972477912903,398.6549987792969,597.037109375,0.9301327466964722,171.11546325683594,649.2035522460938,0.9406100511550903,275.8053283691406,710.4823608398438,0.9821924567222595,155.2460479736328,740.9532470703125,0.8244936466217041,112.77059936523438,850.4484252929688,0.9970961809158325,174.20545959472656,994.7349853515625,0.37070783972740173
1488,87.7671890258789,117.24143981933594,0.9998353719711304,996.4370727539062,83.0645523071289,0.9999058246612549,88.87228393554688,1030.9405517578125,0.9997746348381042,1022.5587158203125,1021.7191772460938,0.9994623064994812,321.6716613769531,507.6173095703125,0.01999291405081749,284.5390319824219,616.6429443359375,0.004671277478337288,177.70242309570312,649.5775756835938,0.0008805592078715563,395.80609130859375,500.9153137207031,0.00573302386328578,716.470703125,498.9288330078125,0.9914283156394958,753.78564453125,716.27197265625,0.9998395442962646,691.1663818359375,591.3433837890625,0.9945928454399109,783.3148193359375,554.667724609375,0.9372541308403015,399.4345397949219,509.2255859375,0.9667384624481201,391.297119140625,514.682861328125,0.9983452558517456,372.8564453125,532.187744140625,0.9884673953056335,288.78021240234375,618.1807861328125,0.991961658000946,300.3409118652344,534.0816650390625,0.4477905035018921,392.72979736328125,596.2124633789062,0.9127548933029175,172.70169067382812,640.3263549804688,0.9461624026298523,269.9753723144531,707.057861328125,0.9907751679420471,180.7272186279297,713.0996704101562,0.08890646696090698,131.32252502441406,835.3641967773438,0.6549962162971497,171.62777709960938,990.462158203125,0.3488605320453644
1489,87.84748077392578,117.35957336425781,0.9998624324798584,995.7282104492188,84.09500885009766,0.9997548460960388,88.990234375,1029.953369140625,0.9996869564056396,1022.4186401367188,1021.42724609375,0.999626874923706,339.1005554199219,501.9298400878906,0.009276805445551872,285.1024169921875,618.6922607421875,0.002911848947405815,284.9851989746094,599.6300659179688,0.0035982599947601557,395.2342834472656,518.7332153320312,0.012341795489192009,718.7523803710938,497.82904052734375,0.9957077503204346,754.4822387695312,716.69482421875,0.9998461008071899,689.27001953125,589.0101318359375,0.9959579110145569,784.6439208984375,561.176513671875,0.989007830619812,384.2271728515625,507.1881103515625,0.9871178269386292,383.62237548828125,519.0366821289062,0.9961451292037964,367.9324035644531,534.8856811523438,0.9825257062911987,289.9029846191406,612.2556762695312,0.9938657879829407,289.460693359375,539.0706176757812,0.8418260216712952,386.0078125,597.450439453125,0.958732545375824,188.54977416992188,633.5090942382812,0.7988659143447876,271.23345947265625,709.8844604492188,0.8274651169776917,183.83876037597656,716.0682373046875,0.5018146634101868,133.14773559570312,887.027099609375,0.7502415180206299,174.32659912109375,1000.5147705078125,0.05913196876645088
1490,87.12369537353516,117.31200408935547,0.9998564720153809,997.1688842773438,82.54521179199219,0.9998434782028198,89.90229034423828,1030.2728271484375,0.9998056292533875,1022.2435913085938,1021.2835083007812,0.9994668364524841,335.2197265625,501.8397521972656,0.9759358763694763,285.5273742675781,618.416015625,0.01599222421646118,297.69964599609375,522.1275024414062,0.00905116181820631,369.9332580566406,525.8450317382812,0.6682069897651672,716.5364379882812,499.6578674316406,0.9970496892929077,753.677490234375,717.5430908203125,0.9998393058776855,690.3193969726562,591.8177490234375,0.9926509261131287,784.1781616210938,558.0574951171875,0.9819859266281128,378.77880859375,523.3071899414062,0.9801844954490662,379.9874572753906,534.14697265625,0.9296756982803345,362.6717834472656,548.1458740234375,0.9469903111457825,287.8648986816406,617.9965209960938,0.9959084987640381,286.1068115234375,542.1476440429688,0.8399130702018738,387.8401184082031,594.1188354492188,0.9055770039558411,191.66981506347656,628.5595092773438,0.9702497124671936,267.8188781738281,712.2723388671875,0.9189869165420532,175.3900909423828,710.6956176757812,0.7400339841842651,133.35301208496094,883.6895141601562,0.7010300755500793,177.809814453125,999.5790405273438,0.18998095393180847
1491,85.83158874511719,118.31497955322266,0.9997898936271667,995.79931640625,82.91492462158203,0.9998012185096741,89.99905395507812,1030.4251708984375,0.9998371601104736,1023.3948364257812,1021.7972412109375,0.9998119473457336,332.9400634765625,503.4757080078125,0.9850386381149292,318.90545654296875,544.1727294921875,0.01391587033867836,300.2801513671875,522.716064453125,0.3822685778141022,367.8813171386719,524.17822265625,0.9537866711616516,716.7164916992188,500.5167541503906,0.994464099407196,753.6343994140625,717.198486328125,0.9998762607574463,690.1817626953125,591.592041015625,0.996357262134552,785.097900390625,560.45458984375,0.976269006729126,369.77313232421875,530.619140625,0.9594776034355164,373.8327331542969,542.546875,0.9715104699134827,361.64501953125,554.7236328125,0.9503851532936096,283.608642578125,627.5587768554688,0.9985283613204956,283.93988037109375,550.5103149414062,0.862908124923706,387.2925109863281,599.6151733398438,0.8752869963645935,203.88739013671875,619.577392578125,0.8039873838424683,262.5018615722656,721.9198608398438,0.9543285369873047,170.20819091796875,718.3077392578125,0.19369104504585266,138.5667724609375,847.5208740234375,0.7337469458580017,171.66384887695312,997.0925903320312,0.09700912237167358
1492,86.26920318603516,117.2594223022461,0.9998936653137207,996.5958862304688,83.93096923828125,0.9998891353607178,89.7668228149414,1030.6842041015625,0.9997257590293884,1023.2295532226562,1021.2269287109375,0.9996944665908813,330.2984924316406,504.17645263671875,0.9732161164283752,328.9179992675781,534.71533203125,0.09540119767189026,298.7149353027344,524.4278564453125,0.7748949527740479,358.0810241699219,522.0289916992188,0.942434549331665,717.0375366210938,500.6645202636719,0.9965291619300842,754.7127685546875,717.5653076171875,0.9998540878295898,690.1238403320312,588.6734008789062,0.9937528967857361,783.505126953125,553.0970458984375,0.9753808379173279,395.20611572265625,521.8705444335938,0.964926540851593,383.9654541015625,542.1503295898438,0.9905360341072083,367.8170166015625,554.272216796875,0.9454358220100403,282.889404296875,632.00927734375,0.9969235062599182,282.3562316894531,555.4119873046875,0.8996869921684265,390.7127380371094,595.1728515625,0.9564340114593506,181.27471923828125,646.0046997070312,0.7083690166473389,264.7696228027344,724.1781005859375,0.8368632197380066,151.14773559570312,773.8422241210938,0.018783731386065483,138.0916748046875,845.9671630859375,0.7432746291160583,175.79441833496094,1000.3408813476562,0.23162169754505157
1493,86.02842712402344,117.16415405273438,0.9998863935470581,995.2494506835938,83.8769302368164,0.999943733215332,89.52344512939453,1031.4285888671875,0.9995620846748352,1023.5205688476562,1020.1422119140625,0.9997392296791077,330.27911376953125,503.66473388671875,0.9949945211410522,337.3212585449219,542.8623657226562,0.09983214735984802,296.8313903808594,525.798583984375,0.8942283987998962,363.7742919921875,525.8299560546875,0.9545240998268127,718.2847900390625,500.1568603515625,0.9888246655464172,754.1163330078125,716.591796875,0.999887228012085,691.9066162109375,589.41552734375,0.9946315288543701,784.388671875,556.0352172851562,0.9679062366485596,384.58294677734375,529.4364624023438,0.8149962425231934,380.5919494628906,544.4070434570312,0.8080447912216187,362.8386535644531,557.656494140625,0.529081404209137,274.0027160644531,638.179931640625,0.9938684105873108,284.21234130859375,556.71728515625,0.7471176385879517,391.8807373046875,600.4083862304688,0.9919249415397644,181.51339721679688,639.4691772460938,0.9170780181884766,262.647705078125,725.5948486328125,0.7811289429664612,140.93939208984375,770.21435546875,0.00388545636087656,132.0169219970703,900.6649780273438,0.8307031989097595,171.4760284423828,996.9530029296875,0.08804568648338318
1494,86.95858764648438,118.9417953491211,0.9997219443321228,994.7588500976562,84.07659149169922,0.9999392032623291,88.91219329833984,1030.5269775390625,0.9997665286064148,1023.2371215820312,1020.9266357421875,0.9997619986534119,331.0204162597656,504.0513000488281,0.9981741905212402,325.4273986816406,548.73095703125,0.32312697172164917,294.3262634277344,529.4711303710938,0.9687657952308655,371.7110900878906,532.574462890625,0.9971612691879272,714.931640625,500.1572570800781,0.9971171617507935,754.1246337890625,716.3828125,0.9999085664749146,690.9217529296875,592.3735961914062,0.9957067370414734,781.4545288085938,557.7728881835938,0.9750893712043762,382.45361328125,543.5805053710938,0.9567047357559204,380.54644775390625,554.7679443359375,0.9582147002220154,363.8370666503906,569.369140625,0.3239549696445465,275.1777038574219,638.3106079101562,0.9698724150657654,278.2535400390625,720.3120727539062,0.43196019530296326,390.66070556640625,614.4414672851562,0.9952874183654785,194.86575317382812,630.6971435546875,0.7301092147827148,249.13739013671875,723.0328979492188,0.8059403300285339,157.43995666503906,708.463134765625,0.1595320701599121,135.21304321289062,844.91796875,0.8724529147148132,162.90127563476562,978.5197143554688,0.05796072259545326
1495,86.69710540771484,116.54291534423828,0.9998447895050049,994.1080322265625,84.98933410644531,0.99996018409729,89.1257095336914,1030.3507080078125,0.9997896552085876,1022.0864868164062,1020.6354370117188,0.9995735287666321,331.4910583496094,504.7933044433594,0.98399817943573,326.2046813964844,556.5122680664062,0.5276145935058594,295.2740173339844,532.1646728515625,0.96022629737854,372.5140686035156,537.4547729492188,0.9953318238258362,716.5072631835938,500.25006103515625,0.9895003437995911,754.3134155273438,715.3145751953125,0.999845027923584,691.0449829101562,590.9203491210938,0.9924895763397217,781.5554809570312,547.6800537109375,0.9023156762123108,394.615966796875,553.7265014648438,0.8821626305580139,389.9574279785156,570.9426879882812,0.9605696797370911,379.6116943359375,583.2509155273438,0.3166843354701996,272.1260986328125,637.5160522460938,0.9861056804656982,269.8375549316406,716.1448364257812,0.31025025248527527,386.2780456542969,626.3981323242188,0.916343629360199,192.52005004882812,629.7077026367188,0.8180543780326843,247.11325073242188,719.159423828125,0.5843729972839355,157.29104614257812,713.8594360351562,0.020325830206274986,131.9849395751953,833.4603271484375,0.8927269577980042,172.8871612548828,1005.5416259765625,0.1167406290769577
1496,88.09349060058594,116.14884185791016,0.9996974468231201,994.3590087890625,82.1395492553711,0.9999346733093262,90.0892105102539,1030.63720703125,0.9997486472129822,1022.6690063476562,1020.1050415039062,0.9996299743652344,334.75469970703125,503.41436767578125,0.9960607886314392,335.6250915527344,560.6322631835938,0.837388813495636,295.302001953125,533.6430053710938,0.976603627204895,377.6161804199219,539.4131469726562,0.9870096445083618,715.439697265625,500.7004089355469,0.9923444390296936,754.4258422851562,715.7333374023438,0.9999088048934937,692.9198608398438,590.2481079101562,0.9947807192802429,782.0643920898438,546.1390991210938,0.9757378101348877,411.281982421875,559.0394287109375,0.8952747583389282,400.5360412597656,571.428466796875,0.9992936849594116,385.9091491699219,584.0913696289062,0.9540524482727051,277.3404541015625,641.0521850585938,0.9953866600990295,264.4486999511719,726.68310546875,0.7453941106796265,390.9648132324219,628.9510498046875,0.9493550062179565,184.07142639160156,629.613037109375,0.9317601919174194,253.549072265625,725.1845703125,0.7146124839782715,148.0528564453125,708.1041870117188,0.24792411923408508,129.524658203125,829.0547485351562,0.8792652487754822,185.72897338867188,1005.1223754882812,0.053861528635025024
1497,87.631591796875,116.50688171386719,0.9998700618743896,994.55615234375,82.67523193359375,0.9998496770858765,89.7535629272461,1030.4920654296875,0.9998192191123962,1024.6588134765625,1019.0144653320312,0.9997130036354065,334.0567932128906,504.4933776855469,0.9654077887535095,338.7171325683594,544.54345703125,0.8252006769180298,306.0705871582031,525.62548828125,0.7887850999832153,373.27203369140625,531.9801635742188,0.9747118353843689,715.9863891601562,500.79766845703125,0.9972681999206543,753.1282958984375,716.39306640625,0.9998155236244202,689.7744750976562,590.6122436523438,0.9919838309288025,782.4470825195312,547.2584838867188,0.90654057264328,414.6798095703125,563.6915893554688,0.9755412340164185,399.2126159667969,576.3251953125,0.9644265174865723,386.4281005859375,583.2882690429688,0.32064908742904663,283.26580810546875,628.1283569335938,0.9743260145187378,254.73548889160156,719.0916137695312,0.28283682465553284,391.2127380371094,622.7088623046875,0.9855160117149353,185.24388122558594,625.1571044921875,0.9350407719612122,243.28945922851562,720.651611328125,0.8375904560089111,114.48392486572266,793.3980712890625,0.086852066218853,102.129638671875,793.2970581054688,0.10774026811122894,136.3451385498047,907.3740844726562,0.2704898416996002
1498,87.43190002441406,115.98365020751953,0.9998844861984253,994.242919921875,84.28984069824219,0.9998063445091248,90.02374267578125,1028.7274169921875,0.9997063279151917,1022.9299926757812,1022.3579711914062,0.999745786190033,719.1226196289062,509.1382141113281,0.021536078304052353,302.7433166503906,529.9403686523438,0.003974066115915775,207.7054443359375,599.820556640625,0.00044808941311202943,371.4207763671875,507.57769775390625,0.005209311377257109,715.9055786132812,500.4953308105469,0.9970945119857788,753.65771484375,716.525146484375,0.99992835521698,690.3341674804688,590.180908203125,0.9946945309638977,784.5783081054688,562.55712890625,0.9646337032318115,423.5009460449219,567.64794921875,0.9738855361938477,408.24151611328125,574.6809692382812,0.9430028200149536,386.3979187011719,574.6380004882812,0.7834351658821106,282.71044921875,626.6604614257812,0.987453043460846,267.6241760253906,706.8253173828125,0.7060763835906982,388.262939453125,619.833984375,0.9022974371910095,190.10781860351562,622.976318359375,0.9638837575912476,238.38143920898438,710.7610473632812,0.8595076203346252,140.9158935546875,697.4688720703125,0.8926897048950195,81.79393005371094,802.8837280273438,0.93691086769104,397.7877197265625,496.216064453125,0.9763545393943787
1499,85.68275451660156,118.54623413085938,0.9998382329940796,997.1357421875,85.1632308959961,0.9999686479568481,90.13719940185547,1029.63134765625,0.9998595714569092,1021.6650390625,1021.8070678710938,0.9995914101600647,335.5676574707031,496.4208068847656,0.8853777647018433,339.0562744140625,531.2138061523438,0.14152131974697113,305.380126953125,522.003173828125,0.6035388112068176,369.49981689453125,516.8574829101562,0.348599374294281,718.66357421875,501.6988830566406,0.9876433610916138,753.1991577148438,716.1473999023438,0.9998741149902344,692.404052734375,588.1858520507812,0.9953482747077942,783.9035034179688,550.2174072265625,0.9505626559257507,418.9278259277344,563.5758056640625,0.4040141999721527,408.57281494140625,577.069580078125,0.6486994028091431,392.0083923339844,584.1279296875,0.6117517352104187,275.4696960449219,628.6793823242188,0.9655673503875732,254.70623779296875,697.5108642578125,0.33182641863822937,387.431396484375,624.4297485351562,0.9788286089897156,190.44427490234375,618.390625,0.9792616367340088,235.2469940185547,706.8451538085938,0.8102215528488159,138.28274536132812,683.0502319335938,0.9702009558677673,77.7660140991211,785.028076171875,0.9837080836296082,111.72026062011719,941.0107421875,0.9875308871269226
1500,86.31664276123047,114.65271759033203,0.9998205304145813,994.5441284179688,83.97281646728516,0.9999305009841919,88.51766204833984,1029.80419921875,0.9997661709785461,1023.35888671875,1020.763427734375,0.9996525049209595,338.8977355957031,495.888671875,0.9486287236213684,353.5549011230469,538.005126953125,0.4150385558605194,307.221435546875,521.0175170898438,0.5580742955207825,374.4908752441406,517.8126831054688,0.5556474328041077,716.9752197265625,499.4832763671875,0.9971207976341248,754.2362670898438,715.4418334960938,0.9999278783798218,689.5653076171875,588.9086303710938,0.9972723126411438,785.5984497070312,553.4016723632812,0.9459751844406128,333.74102783203125,523.139404296875,0.4942839741706848,397.3113708496094,574.3609619140625,0.30667757987976074,380.9255676269531,589.1680297851562,0.6839556694030762,287.3052062988281,615.618896484375,0.3981112241744995,260.68646240234375,684.2354125976562,0.690437376499176,361.14105224609375,639.791259765625,0.9181663393974304,205.99395751953125,600.4984741210938,0.8122171759605408,306.7670593261719,535.4641723632812,0.11298123002052307,135.03431701660156,660.0743408203125,0.7717863917350769,80.5286636352539,783.8167114257812,0.9810802340507507,117.14825439453125,963.1985473632812,0.6241040229797363
1501,86.47276306152344,118.11235046386719,0.9995816349983215,996.1400756835938,84.54536437988281,0.9999328851699829,88.99353790283203,1028.4505615234375,0.9998811483383179,1019.603271484375,1020.2318115234375,0.9994763731956482,336.94232177734375,499.86358642578125,0.24769935011863708,326.1883850097656,533.3889770507812,0.13394784927368164,306.36627197265625,519.5665893554688,0.010583262890577316,378.7235107421875,528.6771850585938,0.12351809442043304,713.5244140625,499.3309020996094,0.9946690201759338,753.601318359375,716.6229858398438,0.9999003410339355,691.8362426757812,591.608642578125,0.9977983236312866,783.9537353515625,551.7888793945312,0.9662028551101685,406.7442932128906,544.1071166992188,0.8370646238327026,390.8197326660156,559.3721923828125,0.9853244423866272,377.3267822265625,573.3330078125,0.7097516059875488,249.74984741210938,644.2006225585938,0.514136791229248,270.6918029785156,685.37353515625,0.04570139944553375,355.4426574707031,634.412353515625,0.9062659740447998,204.9155731201172,596.6997680664062,0.8634748458862305,319.8711853027344,536.69482421875,0.2831037938594818,145.48558044433594,642.0415649414062,0.9121922254562378,84.28941345214844,737.8397216796875,0.7823825478553772,72.95474243164062,980.5997924804688,0.9304771423339844
1502,86.37906646728516,117.47344207763672,0.9998639822006226,996.394287109375,83.97450256347656,0.9999171495437622,89.96743774414062,1029.20849609375,0.9998310804367065,1022.7510375976562,1021.6441650390625,0.9996079802513123,337.09222412109375,499.7644958496094,0.8193566799163818,325.6975402832031,535.2461547851562,0.55202716588974,304.3597412109375,515.9527587890625,0.14772646129131317,371.501220703125,519.2674560546875,0.8442197442054749,715.3323974609375,499.3520202636719,0.9968193769454956,753.7420654296875,715.141357421875,0.9998645782470703,691.5690307617188,590.0738525390625,0.9949833154678345,784.4277954101562,559.4243774414062,0.9673249125480652,398.8492431640625,540.417724609375,0.8551738262176514,387.7247619628906,555.7763671875,0.9834098815917969,375.780517578125,570.9149169921875,0.8448247313499451,249.9384307861328,643.6654663085938,0.25059589743614197,300.50152587890625,535.5413208007812,0.3471396863460541,380.7727966308594,613.076171875,0.8046183586120605,204.57113647460938,600.9567260742188,0.9290542006492615,295.8143005371094,529.0128784179688,0.18535050749778748,154.379638671875,646.398681640625,0.7965112328529358,83.8283462524414,727.634033203125,0.9321282505989075,69.13897705078125,982.5377197265625,0.9691070318222046
1503,86.56944274902344,116.74199676513672,0.9998114705085754,993.898193359375,82.54364776611328,0.9999340772628784,90.07609558105469,1029.75048828125,0.9996718168258667,1023.7388305664062,1021.0764770507812,0.9992197751998901,335.49322509765625,500.8124694824219,0.27475178241729736,337.9961853027344,530.2794799804688,0.07429169863462448,305.31536865234375,519.7029418945312,0.003926049917936325,368.3444519042969,520.1159057617188,0.21012094616889954,713.6376953125,499.7417907714844,0.9967393279075623,753.0203247070312,716.9002075195312,0.9998621940612793,690.24658203125,588.86865234375,0.9951977133750916,783.9447021484375,554.1449584960938,0.8973574638366699,407.0755310058594,535.7105712890625,0.3804817199707031,391.3354797363281,555.1104736328125,0.9217766523361206,378.5543518066406,569.6069946289062,0.8732240796089172,288.43829345703125,616.7955322265625,0.3711291551589966,266.9316101074219,689.2987670898438,0.27022066712379456,387.5346984863281,607.6201171875,0.9684464931488037,203.14076232910156,602.4396362304688,0.9193464517593384,304.8346252441406,540.388427734375,0.1788686364889145,155.37783813476562,644.8112182617188,0.8515505194664001,84.32477569580078,723.9852905273438,0.8753736019134521,72.91851806640625,986.2774658203125,0.9872369766235352
1504,86.49081420898438,117.80180358886719,0.9996108412742615,993.8494262695312,84.32588195800781,0.9999486207962036,91.14461517333984,1027.420166015625,0.9997085928916931,1021.669921875,1021.1033325195312,0.999007523059845,335.58892822265625,501.8225402832031,0.302191823720932,333.5381774902344,542.82470703125,0.06629178673028946,302.0562744140625,522.853515625,0.03604122996330261,372.4371337890625,520.744140625,0.47474008798599243,715.2655029296875,498.9671630859375,0.9982530474662781,754.222412109375,716.7056884765625,0.9999097585678101,691.5760498046875,590.0070190429688,0.9937416911125183,784.9986572265625,553.9081420898438,0.9010063409805298,407.9396667480469,544.126953125,0.8854380249977112,391.5898742675781,560.6409912109375,0.9135661125183105,227.6187744140625,641.1222534179688,0.7615000009536743,292.4586181640625,614.9872436523438,0.6314261555671692,267.76861572265625,687.2378540039062,0.49212077260017395,387.0072021484375,614.263427734375,0.9160753488540649,207.9331512451172,599.4784545898438,0.879810631275177,305.832763671875,541.6774291992188,0.10011482983827591,149.63934326171875,641.6278076171875,0.9562681317329407,83.16535949707031,730.0733032226562,0.9371994733810425,70.30859375,986.3159790039062,0.9862491488456726
1505,87.82317352294922,116.53819274902344,0.9998598098754883,995.955322265625,79.92134094238281,0.9997441172599792,90.33500671386719,1030.266845703125,0.9997921586036682,1023.726806640625,1021.3622436523438,0.999645471572876,337.66339111328125,501.3692321777344,0.7697012424468994,334.0218505859375,547.2774047851562,0.6067841649055481,302.22314453125,524.3888549804688,0.467425674200058,373.8858337402344,524.2779541015625,0.8314266800880432,715.4922485351562,498.6099548339844,0.9986843466758728,753.7110595703125,715.9288330078125,0.9998972415924072,692.3363647460938,589.5733032226562,0.9951436519622803,783.0293579101562,553.0796508789062,0.9381450414657593,405.2036437988281,536.65380859375,0.9504709839820862,392.48974609375,555.9520874023438,0.9686049222946167,379.6393737792969,577.5342407226562,0.5696960687637329,272.0215759277344,629.4974975585938,0.879761815071106,254.44186401367188,691.2069702148438,0.7526422142982483,380.0643615722656,624.9230346679688,0.8880017399787903,202.9536590576172,606.8875732421875,0.935114860534668,243.9720001220703,690.9525756835938,0.5031004548072815,152.74853515625,640.9241333007812,0.5781390070915222,83.20711517333984,722.6264038085938,0.9485840797424316,72.59989166259766,984.48046875,0.9630284905433655
1506,86.35594177246094,116.21817779541016,0.9997666478157043,995.7274780273438,84.66190338134766,0.9999440908432007,89.59823608398438,1029.783935546875,0.9997418522834778,1022.4431762695312,1020.543701171875,0.999510645866394,340.58447265625,500.1810302734375,0.9889000654220581,335.039306640625,549.7036743164062,0.9726912379264832,304.6416931152344,522.5616455078125,0.7481452226638794,383.5443115234375,534.5400390625,0.9846405982971191,712.5664672851562,498.12322998046875,0.9978311657905579,754.19677734375,716.5479736328125,0.9998666048049927,692.2705078125,589.6848754882812,0.9953463673591614,781.5964965820312,555.5845947265625,0.9548670053482056,395.43218994140625,546.9519653320312,0.9800676703453064,380.7806701660156,562.9347534179688,0.8604285717010498,368.7120666503906,579.117919921875,0.4544518291950226,270.86505126953125,634.1405639648438,0.9191820621490479,254.86538696289062,693.7553100585938,0.6300018429756165,379.0389099121094,625.03759765625,0.979794979095459,201.0760040283203,612.6041259765625,0.963322103023529,239.92555236816406,692.3724365234375,0.3721504807472229,150.3093719482422,643.6510009765625,0.4521784782409668,83.62704467773438,727.3124389648438,0.8587304353713989,78.26471710205078,980.1834716796875,0.4676659405231476
1507,87.11034393310547,114.82582092285156,0.9996138215065002,994.116455078125,82.32958984375,0.9998683929443359,90.1868896484375,1030.1304931640625,0.9995796084403992,1021.4190673828125,1020.3314819335938,0.9996854066848755,338.9783630371094,500.3811950683594,0.9375899434089661,334.7935791015625,549.5300903320312,0.8041285872459412,297.54449462890625,525.666748046875,0.7517425417900085,382.0330505371094,530.867919921875,0.9346956014633179,716.9915771484375,498.206298828125,0.9983195662498474,753.5725708007812,715.8275146484375,0.999906063079834,689.0941772460938,589.5241088867188,0.9946302175521851,784.245849609375,553.049072265625,0.8815068602561951,390.5029296875,539.4131469726562,0.9676811099052429,381.08624267578125,554.9346923828125,0.9832661151885986,371.4044189453125,571.5355224609375,0.9584710001945496,268.3584289550781,637.101806640625,0.9703192710876465,256.265380859375,694.0203247070312,0.8907834887504578,370.35479736328125,625.0548095703125,0.9118480086326599,202.3928985595703,614.2235107421875,0.865088939666748,247.73463439941406,695.7205200195312,0.38271528482437134,154.20291137695312,641.062744140625,0.21549662947654724,83.65953063964844,722.52978515625,0.953610360622406,76.04608154296875,983.6058959960938,0.44092032313346863
1508,88.07017517089844,118.47486114501953,0.9995453953742981,994.2889404296875,82.90727996826172,0.9998534917831421,90.58635711669922,1031.6982421875,0.9994864463806152,1022.3690185546875,1020.5604248046875,0.999671220779419,339.7449645996094,499.51873779296875,0.9939715266227722,331.89837646484375,550.1600341796875,0.6593494415283203,297.8487243652344,524.4563598632812,0.7733020782470703,378.45965576171875,529.6433715820312,0.49816060066223145,715.9891967773438,497.8805236816406,0.9992187023162842,753.8347778320312,715.7686157226562,0.9999228715896606,689.1412963867188,591.7819213867188,0.9960606694221497,783.901611328125,566.5621948242188,0.7398185133934021,393.4043884277344,534.7544555664062,0.9900903701782227,382.4730529785156,555.4137573242188,0.9121541976928711,367.6397705078125,570.2392578125,0.9170784950256348,267.87335205078125,635.6494750976562,0.9751288294792175,254.3235321044922,694.5740356445312,0.6603193879127502,375.5606994628906,626.2520751953125,0.929234504699707,201.43081665039062,614.5790405273438,0.9850239753723145,246.34915161132812,698.4246826171875,0.41110268235206604,154.62936401367188,642.8973999023438,0.8829967975616455,84.01065826416016,725.9468383789062,0.9424440860748291,75.73309326171875,980.4474487304688,0.6269544363021851
1509,86.90913391113281,116.19722747802734,0.9997804760932922,997.2598266601562,80.92527770996094,0.9997294545173645,90.17718505859375,1030.376708984375,0.999874472618103,1023.9764404296875,1020.8129272460938,0.9996905326843262,341.2146911621094,500.74853515625,0.9894272685050964,333.0258483886719,549.5438232421875,0.7237387895584106,297.3246765136719,524.028564453125,0.9393777847290039,385.39569091796875,528.7979125976562,0.7886454463005066,715.67822265625,499.02508544921875,0.9957877993583679,753.6853637695312,716.416259765625,0.9998886585235596,691.162841796875,589.79345703125,0.9949855804443359,784.60009765625,556.1935424804688,0.9420657157897949,397.13995361328125,534.0548095703125,0.9946112632751465,382.15679931640625,556.5579833984375,0.9870551824569702,366.3751525878906,573.6236572265625,0.9574939012527466,268.947021484375,635.4520874023438,0.8593524098396301,256.3914794921875,697.5260620117188,0.3865959644317627,375.22454833984375,625.8876342773438,0.8610495328903198,197.20762634277344,621.54296875,0.9784734845161438,290.4320373535156,551.6636962890625,0.5109841823577881,154.37020874023438,647.4047241210938,0.5867763161659241,83.53548431396484,717.3201904296875,0.9842956066131592,77.85028076171875,981.2158813476562,0.4468688666820526
1510,87.25951385498047,114.75038146972656,0.999757707118988,994.98828125,82.1302261352539,0.9998133778572083,90.83790588378906,1028.975830078125,0.9998437166213989,1023.0563354492188,1021.2924194335938,0.9995555281639099,338.6069030761719,499.56500244140625,0.9957113265991211,333.89312744140625,550.8211669921875,0.3470675051212311,296.5140380859375,526.2352905273438,0.9502254128456116,378.6046447753906,524.6640625,0.5471894145011902,717.6713256835938,498.5468444824219,0.9981611371040344,752.7283935546875,716.8657836914062,0.9999185800552368,690.9031982421875,590.6421508789062,0.9974811673164368,784.8677978515625,554.51171875,0.94427490234375,396.3969421386719,530.3103637695312,0.9929153919219971,378.96380615234375,556.4795532226562,0.9912228584289551,367.39617919921875,573.4683837890625,0.9699161648750305,266.4888000488281,634.8485107421875,0.8736100196838379,265.4601745605469,698.0861206054688,0.7300845384597778,374.912109375,622.7142944335938,0.9448683261871338,197.5753173828125,624.7498779296875,0.9905838966369629,251.24537658691406,701.7805786132812,0.6957113742828369,169.60665893554688,665.44287109375,0.09985627979040146,85.15763092041016,721.5059814453125,0.9628292918205261,77.09381866455078,979.8574829101562,0.5275755524635315
1511,86.52803802490234,116.85676574707031,0.999818742275238,996.581787109375,84.60908508300781,0.9998583793640137,90.30532836914062,1029.878173828125,0.9998196959495544,1024.8441162109375,1021.9754028320312,0.9997512698173523,340.90234375,498.948974609375,0.9888716340065002,335.0859680175781,549.1619262695312,0.14182038605213165,300.7250061035156,523.6279907226562,0.9107413291931152,383.8190612792969,527.1558227539062,0.6063612699508667,714.8159790039062,499.4150390625,0.9969218373298645,753.4397583007812,716.40966796875,0.9999191761016846,690.8881225585938,590.5930786132812,0.997525155544281,785.9974975585938,558.0469970703125,0.8902068734169006,398.4972839355469,526.5633544921875,0.9870449900627136,375.2615966796875,555.425537109375,0.9742893576622009,364.43402099609375,573.72412109375,0.9582385420799255,266.8859558105469,638.6333618164062,0.9257661700248718,280.919677734375,561.1680908203125,0.8092629909515381,379.1979675292969,619.3543090820312,0.9156168699264526,197.09298706054688,625.6048583984375,0.995232880115509,288.7668151855469,552.813232421875,0.32007691264152527,155.58151245117188,648.63720703125,0.07073773443698883,83.99219512939453,723.7153930664062,0.9653798341751099,151.16787719726562,641.5636596679688,0.16924040019512177
1512,86.77405548095703,118.06767272949219,0.9997332692146301,995.027587890625,83.54939270019531,0.99986732006073,90.36550903320312,1031.441162109375,0.999708354473114,1023.6633911132812,1022.4057006835938,0.999619722366333,339.8172912597656,499.92236328125,0.9968543648719788,330.9598388671875,550.5054931640625,0.32144469022750854,296.1463928222656,524.7230834960938,0.9338480830192566,376.0563659667969,524.9495849609375,0.9144479632377625,712.8784790039062,500.9826354980469,0.9950547218322754,753.3412475585938,717.1375122070312,0.9999114274978638,691.7256469726562,590.8258666992188,0.9976525902748108,782.1088256835938,560.6993408203125,0.9648807644844055,397.8641357421875,529.322998046875,0.9720739126205444,371.91558837890625,556.3469848632812,0.9657553434371948,361.8503112792969,574.31787109375,0.9159573912620544,266.4933776855469,638.1297607421875,0.9342575669288635,281.1058349609375,561.0003662109375,0.8314046263694763,377.5187072753906,616.9110717773438,0.6828191876411438,199.7634735107422,624.7134399414062,0.9919223785400391,249.0741729736328,702.782958984375,0.38379573822021484,155.2492218017578,644.4605102539062,0.26581400632858276,83.09258270263672,721.7005615234375,0.9597758650779724,77.3667984008789,974.5114135742188,0.6918686032295227
1513,87.2666015625,115.00955200195312,0.9999092817306519,992.7906494140625,83.23242950439453,0.9997989535331726,89.61993408203125,1030.1541748046875,0.9998396635055542,1023.3864135742188,1021.826904296875,0.9997153878211975,338.6278381347656,499.6274719238281,0.9959608912467957,332.7447509765625,548.4302368164062,0.1837213933467865,296.364990234375,524.309814453125,0.8245695233345032,373.29388427734375,524.1192016601562,0.9474746584892273,715.1006469726562,500.4818420410156,0.9914417862892151,752.9259033203125,717.2264404296875,0.9998738765716553,692.2554321289062,590.75634765625,0.9968723654747009,785.0656127929688,556.3055419921875,0.9050031304359436,397.9452209472656,528.7437744140625,0.9975762963294983,370.0457763671875,556.4411010742188,0.9878230094909668,356.1407165527344,577.4968872070312,0.9367188811302185,263.84375,635.7621459960938,0.9369493722915649,282.9525146484375,561.744873046875,0.9159694910049438,363.80126953125,629.9880981445312,0.7512579560279846,201.77603149414062,621.2999877929688,0.9539300203323364,241.6981658935547,702.2880249023438,0.3237118721008301,155.82505798339844,644.207275390625,0.31274521350860596,84.16398620605469,719.031494140625,0.9733028411865234,78.68856048583984,977.0557250976562,0.28492599725723267
1514,86.75589752197266,116.18181610107422,0.9998514652252197,994.5634155273438,84.43081665039062,0.9999399185180664,90.26744079589844,1030.9071044921875,0.999849796295166,1023.852294921875,1021.393798828125,0.9997915625572205,341.4051208496094,498.5068664550781,0.9890574812889099,334.1451416015625,546.8076171875,0.0376293770968914,302.38623046875,521.9751586914062,0.8505073189735413,382.9913635253906,525.7398681640625,0.6216250658035278,714.707763671875,501.4674987792969,0.990980327129364,753.1517944335938,716.2195434570312,0.9999170303344727,693.9637451171875,592.5381469726562,0.9973364472389221,785.9310913085938,563.4295654296875,0.8987686634063721,396.9988098144531,526.5377807617188,0.9950916767120361,368.0783996582031,558.4444580078125,0.987644374370575,354.38555908203125,578.046142578125,0.9724828600883484,260.6309509277344,638.780029296875,0.9769030809402466,282.6271667480469,559.4784545898438,0.940220296382904,362.88848876953125,629.6091918945312,0.9113464951515198,200.88858032226562,617.4321899414062,0.980948805809021,239.61898803710938,702.1844482421875,0.8505247235298157,156.2006378173828,646.0999755859375,0.9636697173118591,83.6751708984375,717.963623046875,0.9924046397209167,77.01441955566406,979.949951171875,0.7936969995498657
1515,85.42311096191406,117.73914337158203,0.9998328685760498,997.0743408203125,83.10206604003906,0.999902606010437,89.68416595458984,1030.3797607421875,0.9998162388801575,1024.903076171875,1020.9215087890625,0.9998806715011597,339.9718017578125,497.92657470703125,0.9959650039672852,329.0299377441406,537.11181640625,0.025192726403474808,308.423828125,523.7782592773438,0.5415785908699036,384.0535583496094,533.1141967773438,0.9270052909851074,715.2915649414062,499.7703552246094,0.9958628416061401,753.6831665039062,716.6259155273438,0.9998612403869629,693.233154296875,590.4408569335938,0.9975759387016296,784.27001953125,557.4552001953125,0.9434142112731934,408.8284912109375,550.5377807617188,0.9976748824119568,366.4969482421875,570.96826171875,0.9552578330039978,341.0460510253906,588.7201538085938,0.9634436964988708,257.758056640625,638.0301513671875,0.9687837958335876,276.8352966308594,560.251708984375,0.9856427311897278,368.140625,625.233642578125,0.915696918964386,197.15380859375,617.8713989257812,0.9835637807846069,239.19187927246094,702.1029052734375,0.9244311451911926,156.4303436279297,644.9826049804688,0.42890700697898865,85.3127670288086,717.14013671875,0.9888161420822144,76.02403259277344,979.7623291015625,0.48883888125419617
1516,86.39352416992188,117.89396667480469,0.9994927644729614,996.748046875,84.54339599609375,0.9997785687446594,89.8790512084961,1030.1278076171875,0.9998083710670471,1023.7852172851562,1021.3098754882812,0.9996826648712158,349.2155456542969,495.59417724609375,0.9877116084098816,371.2283020019531,577.9798583984375,0.6651953458786011,321.02392578125,532.1819458007812,0.8562707304954529,391.2533264160156,541.8435668945312,0.9987359642982483,712.041748046875,502.51873779296875,0.9897513389587402,753.3433837890625,717.1190185546875,0.9998428821563721,694.1323852539062,590.6238403320312,0.9956982135772705,783.2889404296875,556.2456665039062,0.7994113564491272,337.6469421386719,534.8447265625,0.9414818286895752,435.6148376464844,614.3171997070312,0.9993676543235779,417.6938781738281,615.4280395507812,0.835758626461029,253.8594207763672,633.55126953125,0.9934440851211548,285.2416076660156,561.6873779296875,0.9119876027107239,347.6422424316406,656.512451171875,0.99764084815979,200.7608184814453,610.956298828125,0.9654303789138794,240.99209594726562,701.5367431640625,0.9212414622306824,155.70806884765625,642.1405029296875,0.9545714855194092,85.4462661743164,712.9750366210938,0.9878796935081482,79.42526245117188,971.8771362304688,0.6927067041397095
1517,87.16676330566406,113.78081512451172,0.9992977380752563,997.5455322265625,83.2761001586914,0.9998728036880493,90.98131561279297,1030.7200927734375,0.999834418296814,1024.04541015625,1021.0416259765625,0.9997342228889465,343.00689697265625,497.2735900878906,0.9973441958427429,374.0643005371094,588.7153930664062,0.42310574650764465,343.08209228515625,553.1323852539062,0.977409839630127,399.3089599609375,547.3904418945312,0.9814993739128113,716.4945068359375,499.14434814453125,0.9949453473091125,754.1480712890625,715.1953125,0.9998487234115601,692.3598022460938,590.2561645507812,0.9973260164260864,782.7891845703125,558.8326416015625,0.902959942817688,335.22796630859375,532.1390991210938,0.8521140813827515,436.1092224121094,648.8170776367188,0.9629807472229004,413.5428466796875,650.427734375,0.876992404460907,231.39321899414062,648.5949096679688,0.987265944480896,280.7171936035156,574.5131225585938,0.740324079990387,411.1416320800781,683.1343994140625,0.8684637546539307,195.83358764648438,612.5189208984375,0.9404399991035461,229.52481079101562,704.7654418945312,0.7128342390060425,150.9810333251953,640.25634765625,0.9853026866912842,84.92086029052734,718.310302734375,0.9894070029258728,74.8952407836914,979.5403442382812,0.26873454451560974
1518,88.14637756347656,117.008544921875,0.9996235370635986,995.7462158203125,84.13056945800781,0.9999277591705322,89.13765716552734,1030.2694091796875,0.9999167919158936,1022.2197875976562,1021.0545043945312,0.9993791580200195,339.0369873046875,498.3281555175781,0.9994916915893555,360.8995666503906,596.2682495117188,0.8720712065696716,294.64739990234375,528.159423828125,0.9981182813644409,390.1830139160156,553.9332885742188,0.9970748424530029,715.7747192382812,498.5606689453125,0.9889186024665833,754.8153076171875,716.5508422851562,0.9998623132705688,692.6714477539062,590.704345703125,0.9958136677742004,785.349609375,558.4515380859375,0.9051026105880737,413.6644287109375,676.853515625,0.9700645804405212,329.63995361328125,657.3097534179688,0.9904536008834839,307.9026794433594,652.2493896484375,0.997694194316864,223.42860412597656,648.04638671875,0.9809361696243286,276.0321350097656,577.5474853515625,0.3208622634410858,284.68206787109375,697.092529296875,0.7892495393753052,192.8053436279297,611.4609375,0.9562699794769287,225.26364135742188,703.64794921875,0.4568793475627899,151.07235717773438,638.7539672851562,0.8741550445556641,84.30502319335938,719.955078125,0.9486663937568665,76.78529357910156,977.53173828125,0.1632651835680008
1519,87.5864486694336,115.57500457763672,0.9995088577270508,996.7889404296875,85.53935241699219,0.999940037727356,89.90646362304688,1029.8863525390625,0.999866247177124,1020.242431640625,1020.6959228515625,0.9993166923522949,338.45416259765625,498.1345520019531,0.9992167949676514,358.923828125,596.9652709960938,0.8225865960121155,292.87335205078125,530.58056640625,0.9956379532814026,388.9901428222656,554.5335083007812,0.9967679977416992,717.187744140625,499.75885009765625,0.9917379021644592,754.5366821289062,716.5643310546875,0.9998971223831177,690.8432006835938,589.9690551757812,0.9953858256340027,784.9487915039062,558.195068359375,0.9422250390052795,403.0618591308594,687.483642578125,0.9876886010169983,330.5907897949219,662.6084594726562,0.9886323809623718,307.5177001953125,660.1094360351562,0.9240304231643677,221.92787170410156,644.8965454101562,0.8469056487083435,279.808349609375,595.8587036132812,0.3275640308856964,278.42401123046875,697.1288452148438,0.8190375566482544,191.5502471923828,615.0158081054688,0.9753209948539734,207.10739135742188,703.4476318359375,0.6378399133682251,150.56732177734375,638.552978515625,0.9034942388534546,83.50538635253906,728.6013793945312,0.9368999004364014,74.997802734375,979.3753051757812,0.07844819873571396
1520,88.06078338623047,116.86907958984375,0.9989369511604309,996.689453125,84.73589324951172,0.9999597072601318,89.88762664794922,1030.17822265625,0.9998480081558228,1024.277587890625,1020.5322265625,0.9996151924133301,338.8108825683594,498.0048522949219,0.9993176460266113,359.84271240234375,597.4916381835938,0.8176568150520325,292.6486511230469,531.301513671875,0.9904143810272217,390.3273620605469,555.1036376953125,0.995896577835083,715.0117797851562,500.2296447753906,0.9922755360603333,755.129638671875,717.5849609375,0.9998936653137207,690.98388671875,589.7191162109375,0.9958655834197998,784.7493896484375,556.3883666992188,0.7617934942245483,337.11834716796875,595.7366333007812,0.6397448182106018,328.7476806640625,663.7601318359375,0.9301733374595642,304.3042297363281,661.127685546875,0.9115947484970093,217.64068603515625,657.592041015625,0.9173578023910522,279.0359802246094,595.6825561523438,0.18017081916332245,275.8387451171875,701.7958374023438,0.7479322552680969,192.40365600585938,616.2695922851562,0.9629512429237366,217.5287322998047,707.5301513671875,0.3885974586009979,152.873779296875,642.9827270507812,0.6514313817024231,85.14285278320312,723.02197265625,0.9623175859451294,76.32064056396484,969.0025024414062,0.12333210557699203
1521,86.92132568359375,117.90084075927734,0.9992881417274475,996.5498046875,83.47428131103516,0.9999040365219116,89.68879699707031,1029.5301513671875,0.9998981952667236,1022.3905639648438,1021.1052856445312,0.9991695880889893,339.3646240234375,497.7840881347656,0.999404788017273,359.7967529296875,596.3187255859375,0.870104968547821,290.7622375488281,531.8267211914062,0.9953460097312927,390.2607727050781,555.184326171875,0.9969407916069031,715.374755859375,500.3539733886719,0.9899306297302246,754.9942626953125,717.7927856445312,0.999874472618103,692.18359375,589.3917846679688,0.9978325963020325,784.7881469726562,550.4464721679688,0.9200608730316162,403.2478942871094,699.1243896484375,0.9326372146606445,392.8849792480469,693.2455444335938,0.9015308022499084,302.379150390625,659.2590942382812,0.8117597699165344,215.83563232421875,659.6510620117188,0.9725999236106873,268.727783203125,582.5969848632812,0.12061376124620438,276.0726318359375,707.3405151367188,0.5118834376335144,186.10073852539062,622.748779296875,0.9142424464225769,187.92425537109375,707.8943481445312,0.12548156082630157,153.20864868164062,644.199462890625,0.2991239130496979,84.30150604248047,725.44287109375,0.9442858695983887,151.5438232421875,643.2352294921875,0.07928027212619781
1522,88.29857635498047,116.0073013305664,0.9981558918952942,996.669921875,84.13402557373047,0.9998750686645508,89.67373657226562,1030.0689697265625,0.9998741149902344,1022.7811279296875,1022.5825805664062,0.9987107515335083,337.7659912109375,497.7740173339844,0.9985228180885315,357.5782165527344,595.53125,0.9267025589942932,290.638671875,531.1818237304688,0.9953822493553162,388.968994140625,556.5436401367188,0.9963924288749695,715.2387084960938,500.3756408691406,0.9849618673324585,754.2374267578125,717.8704223632812,0.9999135732650757,693.4541015625,591.0816650390625,0.9946386218070984,786.8172607421875,554.59423828125,0.954903781414032,397.65911865234375,698.6094360351562,0.992569625377655,318.9997253417969,671.7681274414062,0.9480929374694824,286.43115234375,661.7166748046875,0.7447128891944885,213.61764526367188,661.767822265625,0.9409971237182617,268.2793884277344,588.191162109375,0.20230919122695923,256.3065185546875,717.5529174804688,0.15438935160636902,186.3011016845703,625.2595825195312,0.9331671595573425,224.44113159179688,707.6307983398438,0.08098205178976059,151.85438537597656,645.3795166015625,0.7698613405227661,84.38308715820312,727.8368530273438,0.9562802314758301,76.65288543701172,974.7330932617188,0.28281912207603455
1523,86.40225982666016,116.03453826904297,0.9999004602432251,996.3013305664062,83.76136779785156,0.9999651908874512,90.02748107910156,1029.9356689453125,0.9999161958694458,1023.7525634765625,1022.1193237304688,0.999279797077179,338.66033935546875,497.30352783203125,0.9984627962112427,357.46466064453125,596.885986328125,0.8330578804016113,290.1717529296875,530.9429321289062,0.9964807629585266,390.6479187011719,558.6080322265625,0.9981194138526917,717.3197021484375,501.5367126464844,0.9891514778137207,754.9035034179688,717.0491943359375,0.9998714923858643,692.9430541992188,590.5660400390625,0.9969438910484314,784.8228149414062,552.38720703125,0.8785721659660339,403.7958068847656,710.141357421875,0.9953706860542297,320.6323547363281,677.9288330078125,0.9663101434707642,298.5606994628906,668.8796997070312,0.7646222710609436,210.9133758544922,662.1942138671875,0.9408829212188721,345.995361328125,648.085693359375,0.1074230894446373,275.7154235839844,704.2450561523438,0.33436498045921326,187.05322265625,622.5610961914062,0.9248314499855042,217.86105346679688,709.3173828125,0.11840080469846725,150.45751953125,644.59912109375,0.7159879207611084,85.36187744140625,716.5809326171875,0.9672706127166748,85.09718322753906,787.515380859375,0.11326728761196136
1524,87.1205825805664,116.5946273803711,0.9997437596321106,998.1113891601562,82.7550277709961,0.999903678894043,89.5329818725586,1030.077880859375,0.9998836517333984,1022.6092529296875,1022.4048461914062,0.9987847208976746,335.55364990234375,497.25762939453125,0.9974210262298584,357.5567626953125,597.996337890625,0.743266761302948,289.0935363769531,532.7403564453125,0.9933764338493347,389.81280517578125,557.1036987304688,0.9965994954109192,711.775146484375,501.9868469238281,0.9826126098632812,754.859619140625,716.9066162109375,0.9999191761016846,691.7840576171875,592.8165893554688,0.9972156286239624,783.66552734375,547.4447631835938,0.939935564994812,388.497314453125,715.7413940429688,0.9570079445838928,307.2768859863281,680.4884643554688,0.9957917928695679,285.2893981933594,671.8881225585938,0.7080743908882141,208.99974060058594,661.4931640625,0.908710241317749,343.59796142578125,654.0209350585938,0.10369299352169037,242.3029327392578,722.793701171875,0.34655851125717163,187.7600555419922,620.458251953125,0.911686897277832,180.4696502685547,703.834716796875,0.28348037600517273,152.09075927734375,645.2792358398438,0.8093202114105225,84.82089233398438,723.177734375,0.9615852236747742,73.9679946899414,974.8276977539062,0.08909909427165985
1525,87.6324691772461,117.41451263427734,0.9998070597648621,995.996337890625,83.44458770751953,0.9999616146087646,89.49031829833984,1029.82958984375,0.9999359846115112,1020.1741333007812,1021.7708129882812,0.999444305896759,336.4751892089844,497.9272766113281,0.9988596439361572,355.49652099609375,601.095458984375,0.6357342600822449,290.03582763671875,533.7819213867188,0.9971262812614441,390.53302001953125,558.0419921875,0.9980438947677612,715.3624267578125,502.65350341796875,0.9746243357658386,755.8721923828125,716.837158203125,0.9998513460159302,692.2662353515625,596.1781005859375,0.998018741607666,785.3746948242188,555.0179443359375,0.8894986510276794,381.44122314453125,716.4833984375,0.9981004595756531,306.7358703613281,679.6217651367188,0.9882364869117737,283.53448486328125,668.5966186523438,0.8137098550796509,208.57928466796875,658.061279296875,0.7743275761604309,344.9466247558594,655.9039306640625,0.06303660571575165,237.48094177246094,724.3330688476562,0.4624280631542206,188.24185180664062,619.9527587890625,0.7943636178970337,180.3238067626953,704.0963134765625,0.1365366280078888,151.10801696777344,641.8992309570312,0.9681309461593628,83.79708862304688,723.7273559570312,0.9875375628471375,23.497901916503906,975.3883666992188,0.05725717172026634
1526,86.50953674316406,116.67283630371094,0.9998691082000732,1000.3716430664062,82.94448852539062,0.9996441602706909,89.77244567871094,1029.2799072265625,0.9999105930328369,1023.6477661132812,1020.9174194335938,0.9997771382331848,337.761962890625,498.0303955078125,0.9992161989212036,357.5765075683594,599.3407592773438,0.7911197543144226,291.0029296875,533.0381469726562,0.9934574961662292,390.67437744140625,558.4038696289062,0.9985710382461548,714.743896484375,500.02294921875,0.9913699626922607,755.8182373046875,716.5927124023438,0.9999023675918579,692.0306396484375,592.5396728515625,0.9971798658370972,785.0155639648438,554.9154663085938,0.9433397054672241,390.9586486816406,711.4505004882812,0.9932732582092285,308.5982360839844,678.4752807617188,0.9918718338012695,285.75592041015625,668.4031372070312,0.9548399448394775,208.11676025390625,660.3023071289062,0.7292922139167786,268.3612976074219,586.8960571289062,0.22354739904403687,239.68858337402344,724.7749633789062,0.5049754977226257,186.2948455810547,621.7723999023438,0.8951985239982605,181.51087951660156,710.7361450195312,0.052434682846069336,150.63031005859375,644.55029296875,0.5221219658851624,84.58330535888672,727.8134765625,0.8600873351097107,75.82653045654297,977.990234375,0.1080574169754982
1527,87.47772216796875,117.99352264404297,0.9998968839645386,996.2989501953125,83.23983764648438,0.9999232292175293,90.53475189208984,1030.09423828125,0.9998825788497925,1024.442626953125,1020.6015014648438,0.9997814297676086,338.3653564453125,498.30810546875,0.9991121888160706,356.1830749511719,600.5966186523438,0.742665708065033,292.83441162109375,532.8855590820312,0.9977734684944153,391.6783752441406,557.4861450195312,0.9985902905464172,714.9421997070312,498.89404296875,0.993134617805481,755.0206909179688,716.6959838867188,0.9998908042907715,691.2804565429688,591.2051391601562,0.998178243637085,787.1710205078125,555.6536254882812,0.8632506728172302,390.6813049316406,703.1998901367188,0.9831917881965637,308.9356384277344,675.3751831054688,0.9381271004676819,288.1041259765625,666.4149169921875,0.5916205644607544,206.94300842285156,660.7971801757812,0.8878648281097412,268.8450622558594,589.3611450195312,0.16030780971050262,265.161865234375,709.4406127929688,0.2201841175556183,184.5793914794922,622.635009765625,0.9171541929244995,179.82781982421875,709.8033447265625,0.11585581302642822,149.49668884277344,643.0472412109375,0.4838552474975586,85.67819213867188,719.989013671875,0.9679673314094543,81.4861068725586,969.1659545898438,0.15347476303577423
1528,86.487060546875,118.04086303710938,0.9997636675834656,998.324951171875,83.58415985107422,0.9999334812164307,90.64601135253906,1029.6961669921875,0.9999357461929321,1022.7034301757812,1021.9957885742188,0.9994266033172607,338.7676696777344,498.36065673828125,0.9991748929023743,356.31256103515625,600.1533813476562,0.7430995106697083,292.1689147949219,534.26318359375,0.9984101057052612,390.92315673828125,557.6585083007812,0.9972267746925354,712.8069458007812,501.2579345703125,0.9969436526298523,754.6912841796875,716.5792846679688,0.9999109506607056,691.2671508789062,591.6937866210938,0.997795820236206,781.5543212890625,567.8793334960938,0.9210474491119385,386.4595642089844,706.7326049804688,0.9949519634246826,300.77813720703125,676.1972045898438,0.9767777323722839,272.9234619140625,662.0391235351562,0.7550756335258484,206.7189483642578,659.5338134765625,0.8999663591384888,337.9180908203125,649.7428588867188,0.31193801760673523,267.1495666503906,715.7979736328125,0.35292768478393555,182.26605224609375,625.5011596679688,0.9718347191810608,179.91439819335938,710.7608032226562,0.11416608840227127,149.26425170898438,647.2623901367188,0.18277353048324585,86.06959533691406,721.5776977539062,0.9241130948066711,75.8943099975586,971.5597534179688,0.48888489603996277
1529,86.21607208251953,115.53767395019531,0.9998598098754883,996.64453125,83.52164459228516,0.999963641166687,89.83502960205078,1031.2763671875,0.9998267292976379,1022.8394165039062,1021.2679443359375,0.9994966983795166,338.365966796875,498.6116027832031,0.9987032413482666,357.0889587402344,599.310546875,0.7051182985305786,289.8667297363281,534.0574951171875,0.9963709115982056,390.47796630859375,557.19873046875,0.9983124732971191,714.7937622070312,500.92620849609375,0.9938669800758362,753.6845092773438,716.7835693359375,0.9998018145561218,691.9959106445312,592.6394653320312,0.9959126114845276,783.6522827148438,566.8809814453125,0.9422860145568848,383.7009582519531,716.2180786132812,0.9979230761528015,309.0621643066406,678.85498046875,0.957943320274353,288.4253234863281,671.2858276367188,0.9075286984443665,208.2908477783203,662.1441650390625,0.6895021200180054,340.74273681640625,656.2738037109375,0.5220728516578674,338.7319641113281,642.5474853515625,0.1932210773229599,181.6061553955078,626.0410766601562,0.9713525176048279,180.10438537597656,711.2916259765625,0.11389367282390594,150.2190704345703,647.3330688476562,0.19407051801681519,83.58184814453125,724.1211547851562,0.9334996342658997,74.74484252929688,972.259521484375,0.4137362241744995
1530,86.06401062011719,116.03235626220703,0.9999043941497803,996.6754760742188,84.31299591064453,0.9999004602432251,89.78955078125,1030.6710205078125,0.9999063014984131,1020.7449340820312,1022.0497436523438,0.9992927312850952,338.5758056640625,498.2576599121094,0.9993559718132019,357.5530700683594,600.0386962890625,0.5264273881912231,289.8731994628906,534.2673950195312,0.9945133924484253,389.9764099121094,557.3402709960938,0.9975804090499878,716.7971801757812,499.54998779296875,0.9968982934951782,752.3646240234375,716.8609619140625,0.9997988343238831,690.7200927734375,590.0904541015625,0.9971488118171692,785.143798828125,557.987548828125,0.9504361152648926,371.87567138671875,721.36865234375,0.9961521029472351,304.33489990234375,682.2149658203125,0.8479851484298706,293.3625793457031,665.1123046875,0.39960581064224243,207.4598388671875,658.59326171875,0.20660081505775452,346.9246826171875,660.4354248046875,0.9026364684104919,339.0748291015625,641.4232788085938,0.4367486238479614,181.54661560058594,626.1043090820312,0.9678537249565125,177.8291015625,708.6643676757812,0.11712872982025146,150.36402893066406,656.9296875,0.07754572480916977,83.57928466796875,724.886474609375,0.9513452053070068,75.54342651367188,973.10302734375,0.5415048599243164
1531,86.57648468017578,116.77288818359375,0.9994915723800659,996.3204956054688,85.23539733886719,0.9999516010284424,89.72073364257812,1030.8426513671875,0.9998527765274048,1020.031494140625,1021.3419189453125,0.9995667338371277,336.7061767578125,499.0377502441406,0.9994489550590515,358.8069152832031,604.8526611328125,0.6995244026184082,294.98370361328125,535.1451416015625,0.9983550906181335,390.19769287109375,557.44384765625,0.9961607456207275,714.3338623046875,498.4281921386719,0.9987574815750122,754.2584838867188,717.3270263671875,0.9998695850372314,691.2178955078125,591.3258056640625,0.991678774356842,782.2559814453125,556.1654052734375,0.9819018244743347,373.33477783203125,725.00244140625,0.9558104276657104,311.051513671875,685.685546875,0.6259520649909973,301.3743591308594,664.3744506835938,0.45741018652915955,201.9366912841797,666.71337890625,0.2944621741771698,274.4885559082031,586.8104858398438,0.20493772625923157,313.67864990234375,626.22998046875,0.44609227776527405,187.73809814453125,621.9601440429688,0.8038317561149597,278.1967468261719,584.0028686523438,0.023012898862361908,152.09852600097656,647.0194091796875,0.14775125682353973,82.64454650878906,722.0681762695312,0.5392211675643921,76.74705505371094,965.809326171875,0.7512619495391846
1532,86.32887268066406,115.10240936279297,0.9996004700660706,996.7427368164062,84.72565460205078,0.999487042427063,90.07745361328125,1029.744873046875,0.9998186230659485,1021.6846313476562,1021.4214477539062,0.9988080263137817,337.083984375,498.64752197265625,0.999519944190979,356.3128967285156,603.822021484375,0.4642193019390106,288.03759765625,535.5581665039062,0.9966564178466797,390.45294189453125,557.864013671875,0.9954208731651306,715.4881591796875,498.6200256347656,0.9984215497970581,753.9603881835938,717.9864501953125,0.9997077584266663,691.8460083007812,592.08740234375,0.9925468564033508,783.7438354492188,554.3172607421875,0.9826410412788391,380.8736877441406,724.8093872070312,0.967151403427124,307.45648193359375,688.1104736328125,0.8232147693634033,293.68646240234375,667.09423828125,0.19743308424949646,207.4871826171875,662.3158569335938,0.62763512134552,345.2635803222656,665.5516967773438,0.14444604516029358,319.47039794921875,626.5010986328125,0.3224402070045471,194.2451934814453,618.408203125,0.8837677836418152,178.2396240234375,712.08935546875,0.18372611701488495,149.95449829101562,647.7972412109375,0.9429460167884827,84.57061004638672,717.1296997070312,0.8796651363372803,78.45328521728516,966.124755859375,0.8299258351325989
1533,86.49300384521484,117.13731384277344,0.9998437166213989,997.69189453125,83.93106842041016,0.9999282360076904,90.35377502441406,1031.142578125,0.9997718930244446,1022.8119506835938,1020.910888671875,0.9993473887443542,336.2606201171875,498.579345703125,0.999271810054779,358.0613708496094,600.7515869140625,0.5532899498939514,290.80572509765625,534.9342651367188,0.9968589544296265,390.67620849609375,558.4702758789062,0.9947807192802429,717.0147705078125,499.2458190917969,0.9981022477149963,755.4808959960938,717.2821655273438,0.9998775720596313,690.5596923828125,590.0192260742188,0.9941551089286804,784.6837158203125,552.9906005859375,0.9390257596969604,371.4787292480469,728.5299682617188,0.933259129524231,324.97796630859375,558.0159301757812,0.6765457987785339,298.5213623046875,666.2066040039062,0.371431827545166,201.49722290039062,668.5191040039062,0.4731239080429077,344.6262512207031,669.0300903320312,0.8156378269195557,319.1507873535156,627.1824951171875,0.25003916025161743,194.2947235107422,615.54296875,0.8607996702194214,176.81134033203125,711.91650390625,0.09151573479175568,149.67279052734375,645.16064453125,0.8304862380027771,84.80714416503906,715.9196166992188,0.8860607147216797,79.51925659179688,966.3147583007812,0.5579580664634705
1534,86.262939453125,116.51678466796875,0.9997739195823669,997.324951171875,82.2896499633789,0.9999308586120605,89.94489288330078,1032.041748046875,0.9997064471244812,1023.1021728515625,1022.0115356445312,0.9995937943458557,336.9794616699219,498.5180358886719,0.9990850687026978,357.30023193359375,604.0003662109375,0.6179954409599304,290.273681640625,533.951904296875,0.9943037629127502,390.89849853515625,559.2567138671875,0.9917639493942261,719.0001831054688,500.3603515625,0.9965555667877197,753.591796875,717.2033081054688,0.9997748732566833,690.2662963867188,591.1502685546875,0.9929537177085876,786.4653930664062,554.902099609375,0.9255717992782593,376.218017578125,734.9817504882812,0.9995457530021667,300.69232177734375,690.4937744140625,0.8447445034980774,296.1524353027344,666.3047485351562,0.4466586709022522,209.45635986328125,662.8577270507812,0.5314240455627441,343.5444030761719,669.0630493164062,0.9294418692588806,314.3262634277344,625.7672119140625,0.6218165755271912,192.38058471679688,618.1714477539062,0.9486571550369263,180.37216186523438,715.4977416992188,0.05503847077488899,151.44219970703125,644.6272583007812,0.8817989230155945,84.95154571533203,716.9498901367188,0.9295455813407898,77.88484191894531,967.0988159179688,0.8605112433433533
1535,85.4159927368164,117.39591979980469,0.9998461008071899,996.4144897460938,85.1053466796875,0.9998164772987366,91.18952178955078,1031.7198486328125,0.9997525811195374,1021.5421752929688,1021.4277954101562,0.9995054006576538,338.5912170410156,499.00830078125,0.9996002316474915,359.2524719238281,602.4231567382812,0.6993383765220642,289.5704345703125,535.2225341796875,0.9980852603912354,390.43280029296875,558.7691650390625,0.9933932423591614,720.6328735351562,500.57305908203125,0.9970176219940186,754.853759765625,716.2637939453125,0.9998263716697693,691.5579223632812,590.1421508789062,0.9936085939407349,784.0877685546875,546.3375854492188,0.9817422032356262,368.0970764160156,737.4347534179688,0.9969660639762878,300.84759521484375,698.4065551757812,0.7737634778022766,287.92822265625,678.7748413085938,0.6091158986091614,207.7400665283203,660.5673828125,0.5678791999816895,340.0145568847656,666.5657348632812,0.9869624972343445,318.423583984375,630.1680297851562,0.2738197445869446,190.36988830566406,617.7549438476562,0.9278027415275574,179.1671905517578,711.9693603515625,0.049571990966796875,150.08401489257812,646.0416870117188,0.9408135414123535,84.64932250976562,714.19091796875,0.8683037757873535,79.65501403808594,965.5126342773438,0.7056828141212463
1536,86.05830383300781,116.73667907714844,0.999749481678009,994.74365234375,82.15825653076172,0.999760091304779,90.04510498046875,1030.461669921875,0.9998733997344971,1022.906005859375,1020.8065185546875,0.9995748400688171,338.4698791503906,500.10919189453125,0.9997460246086121,357.02789306640625,601.5952758789062,0.5199693441390991,289.98675537109375,535.1166381835938,0.9970309734344482,390.4073791503906,560.4447631835938,0.9956830739974976,716.68505859375,499.9373474121094,0.9980722665786743,754.1526489257812,716.9310913085938,0.9998639822006226,692.2655639648438,592.0430908203125,0.9907110333442688,783.10986328125,548.1116333007812,0.984437108039856,372.5566101074219,734.890869140625,0.9991161227226257,297.0679626464844,694.4061889648438,0.9069251418113708,279.14459228515625,682.5659790039062,0.3084779679775238,208.7874755859375,659.7776489257812,0.3409973680973053,330.95294189453125,662.675537109375,0.5356656312942505,321.8731689453125,638.5899047851562,0.11425189673900604,189.2352294921875,620.8912963867188,0.9578841328620911,180.44412231445312,711.284912109375,0.035643115639686584,150.30677795410156,645.7325439453125,0.9668925404548645,83.74699401855469,723.6751098632812,0.7891327142715454,82.06037139892578,974.047119140625,0.3378541171550751
1537,86.76927185058594,114.87911987304688,0.9998936653137207,996.239501953125,82.8731460571289,0.9997859597206116,90.43270874023438,1030.8291015625,0.9998867511749268,1021.36669921875,1021.298095703125,0.9991679191589355,338.11578369140625,498.85577392578125,0.9989966750144958,354.99212646484375,603.5587158203125,0.6807700395584106,288.35992431640625,536.576416015625,0.996406614780426,390.6686706542969,560.080322265625,0.9899256229400635,715.0281982421875,499.4084777832031,0.9945830702781677,754.8486938476562,718.1612548828125,0.9997866749763489,690.9671630859375,589.4647216796875,0.9855637550354004,784.96826171875,551.4208374023438,0.9835436344146729,375.145751953125,730.2802734375,0.9985846281051636,300.00567626953125,691.3837280273438,0.5470644235610962,294.7058410644531,665.1943359375,0.30787742137908936,201.78939819335938,668.9595947265625,0.3716649115085602,331.24713134765625,660.5850219726562,0.6307420134544373,313.97467041015625,627.4296264648438,0.23001983761787415,194.75811767578125,617.069580078125,0.9358887076377869,281.5066223144531,590.7054443359375,0.05957998335361481,150.32769775390625,645.8031005859375,0.9006945490837097,84.19358825683594,717.9202270507812,0.9667902588844299,149.70953369140625,644.1904907226562,0.42125222086906433
1538,86.566162109375,117.55868530273438,0.9999432563781738,996.655517578125,84.4722900390625,0.9999336004257202,90.48774719238281,1029.906494140625,0.9998595714569092,1019.7289428710938,1020.3826904296875,0.9993873834609985,337.8631286621094,499.30450439453125,0.9992790818214417,355.8273010253906,602.121337890625,0.8712002635002136,288.6369934082031,536.3726806640625,0.9971963167190552,389.2323913574219,559.61279296875,0.9982965588569641,720.0140991210938,499.7391052246094,0.997771143913269,754.74365234375,717.2762451171875,0.9998502731323242,693.4071655273438,592.1636962890625,0.9849995970726013,782.4290771484375,552.2556762695312,0.9701297283172607,376.6341552734375,729.4274291992188,0.9994683861732483,325.08367919921875,558.5744018554688,0.5159623026847839,294.7415771484375,666.8155517578125,0.37144148349761963,205.43235778808594,673.03564453125,0.6931046843528748,331.37677001953125,659.5725708007812,0.9096397757530212,315.1274719238281,627.8504028320312,0.22801856696605682,195.92428588867188,617.091552734375,0.9042342305183411,179.80616760253906,711.642822265625,0.01955801621079445,150.9888458251953,646.2957153320312,0.9223397374153137,83.8212890625,719.3277587890625,0.9747756123542786,149.7798614501953,644.6576538085938,0.4317857027053833
1539,87.4457015991211,117.47132110595703,0.9995719790458679,994.2894897460938,83.45528411865234,0.9998592138290405,91.20223999023438,1030.1650390625,0.9998273849487305,1022.0765380859375,1021.0955810546875,0.9994933605194092,337.3008117675781,499.0298156738281,0.9990243911743164,354.7122802734375,603.8021240234375,0.8432552814483643,288.1824951171875,535.320068359375,0.9983844757080078,389.65936279296875,559.9950561523438,0.9965280890464783,716.9521484375,498.1474609375,0.9953511953353882,753.8955078125,716.6414184570312,0.9998071789741516,690.3285522460938,592.2965087890625,0.9871438145637512,784.4376220703125,556.0692749023438,0.9508845210075378,379.6983947753906,729.07666015625,0.9993844032287598,326.01800537109375,557.7540893554688,0.7161780595779419,297.42633056640625,667.5717163085938,0.18938609957695007,201.3887939453125,663.7346801757812,0.7166723012924194,335.5618896484375,664.5960083007812,0.9094082117080688,314.52960205078125,628.0068969726562,0.25032973289489746,194.21633911132812,616.3119506835938,0.8449860215187073,181.03738403320312,711.7698974609375,0.07244089245796204,151.1254425048828,645.6345825195312,0.9559866786003113,84.53021240234375,719.7247924804688,0.9088225960731506,81.38411712646484,971.728759765625,0.3883442282676697
1540,85.39987182617188,115.63802337646484,0.9998947381973267,997.5089721679688,85.5447006225586,0.9998409748077393,89.10726165771484,1030.4031982421875,0.9996540546417236,1021.5938110351562,1020.2283325195312,0.999542236328125,335.5049743652344,498.0692443847656,0.998579740524292,356.8683776855469,601.290771484375,0.7114562392234802,288.6348876953125,535.3153076171875,0.9979045391082764,389.04742431640625,557.843505859375,0.9975988268852234,721.7725830078125,498.3131103515625,0.9959104061126709,754.0372314453125,717.7959594726562,0.9998601675033569,690.3075561523438,592.3884887695312,0.9898006319999695,783.74267578125,550.97021484375,0.9444836378097534,376.6650390625,725.1267700195312,0.996418833732605,325.3038330078125,557.0702514648438,0.6050781011581421,297.8476257324219,667.0403442382812,0.1300625503063202,199.38587951660156,663.9071655273438,0.8109242916107178,335.0419921875,662.5548095703125,0.9768163561820984,315.4856872558594,626.9193115234375,0.37664321064949036,186.13803100585938,620.5364379882812,0.9359798431396484,179.05657958984375,712.18896484375,0.06594452261924744,146.1936492919922,643.5371704101562,0.6588129997253418,83.64102172851562,720.195068359375,0.9779130816459656,76.59774780273438,969.3787231445312,0.8810921907424927
1541,85.94487762451172,117.23904418945312,0.9999043941497803,996.656005859375,85.04805755615234,0.9998818635940552,90.35657501220703,1030.4945068359375,0.9998712539672852,1021.9236450195312,1022.0580444335938,0.99936443567276,336.3056335449219,498.9689636230469,0.9989539384841919,358.5487365722656,601.6432495117188,0.6746457815170288,287.85333251953125,535.3392944335938,0.9974557757377625,390.87060546875,557.8667602539062,0.9965762495994568,722.11279296875,498.4911193847656,0.9945996999740601,753.423583984375,717.629150390625,0.9998302459716797,691.0042724609375,591.773193359375,0.9946521520614624,787.3733520507812,554.9315795898438,0.9272780418395996,368.5859375,732.8258666992188,0.997654914855957,312.6050720214844,693.1441040039062,0.9255918860435486,297.1227722167969,669.466064453125,0.7832697033882141,199.61276245117188,668.47900390625,0.20313729345798492,334.2610778808594,665.380126953125,0.47996556758880615,319.6481018066406,641.6871948242188,0.3519149422645569,188.26641845703125,619.3446044921875,0.8564493656158447,180.80491638183594,710.1980590820312,0.02718432806432247,148.1287384033203,641.599853515625,0.7353613376617432,83.28742218017578,719.0701904296875,0.9765433669090271,77.4979248046875,970.7762451171875,0.7164310812950134
1542,87.49919891357422,118.00495910644531,0.9998094439506531,994.6565551757812,83.78955078125,0.9999303817749023,89.51976776123047,1030.2772216796875,0.9998155236244202,1022.674560546875,1020.6920776367188,0.9994339346885681,336.28485107421875,499.5183410644531,0.9987940788269043,358.1246337890625,601.3733520507812,0.7435820698738098,287.9539794921875,535.348876953125,0.9971740245819092,390.9550476074219,557.7227783203125,0.9967373013496399,717.6688232421875,499.01739501953125,0.9947183728218079,752.5763549804688,716.8789672851562,0.9998050332069397,690.841064453125,592.4638671875,0.9957492351531982,783.3829345703125,552.0167236328125,0.9243394732475281,370.0314025878906,740.2443237304688,0.999526858329773,310.2777404785156,690.5775756835938,0.8641862273216248,297.6121826171875,670.081298828125,0.8628679513931274,199.62417602539062,668.6265869140625,0.18967516720294952,331.13641357421875,661.4671020507812,0.44082504510879517,317.4178466796875,637.1951293945312,0.45036566257476807,187.88475036621094,620.3267211914062,0.8823655843734741,297.4349060058594,584.8244018554688,0.020191285759210587,149.55982971191406,644.9556274414062,0.6050528883934021,84.33201599121094,717.6300048828125,0.9297460913658142,75.15798950195312,971.99365234375,0.9120237231254578
1543,85.1494140625,118.58361053466797,0.9999109506607056,996.2969970703125,83.90503692626953,0.9993245601654053,90.0667495727539,1030.8861083984375,0.9997263550758362,1019.570556640625,1021.843505859375,0.9992762207984924,336.15411376953125,499.0848083496094,0.999110758304596,357.5130615234375,602.2789916992188,0.4468986690044403,287.61102294921875,535.656494140625,0.9987196922302246,389.8830871582031,556.8751220703125,0.9966549873352051,717.9380493164062,498.1999206542969,0.994780957698822,752.9137573242188,716.9988403320312,0.9997841715812683,690.4146118164062,590.8461303710938,0.9902728199958801,784.794921875,559.6732177734375,0.9786571860313416,368.7779541015625,742.21240234375,0.9997305274009705,311.6419372558594,691.9168090820312,0.763698160648346,297.6776123046875,670.7274780273438,0.46461403369903564,199.94366455078125,673.549072265625,0.2361474186182022,330.477783203125,665.5455932617188,0.30718672275543213,222.11138916015625,736.5802001953125,0.39143088459968567,189.17205810546875,623.7264404296875,0.8947041034698486,270.991943359375,581.74853515625,0.05970587953925133,151.2658233642578,640.8034057617188,0.25218141078948975,84.67989349365234,722.615966796875,0.9106954336166382,75.3687973022461,967.9490356445312,0.6610036492347717
1544,85.96688842773438,118.45429229736328,0.9998911619186401,996.8950805664062,82.18083190917969,0.9998360872268677,90.8118667602539,1029.154296875,0.9998587369918823,1021.0206298828125,1021.0404052734375,0.9995738863945007,336.8521728515625,499.1592102050781,0.998964786529541,356.588623046875,601.4127807617188,0.7969914674758911,287.52874755859375,536.775634765625,0.9974362254142761,390.3661193847656,558.331787109375,0.9970986843109131,715.4287109375,499.10162353515625,0.9963427186012268,754.064697265625,717.3541259765625,0.9997581839561462,690.4468994140625,591.9617919921875,0.9956827163696289,784.7416381835938,566.505615234375,0.9447550773620605,370.3525390625,744.63330078125,0.9996472597122192,328.56878662109375,560.7686157226562,0.6906952261924744,295.0304260253906,668.3776245117188,0.34636390209198,199.21432495117188,674.2138671875,0.22806736826896667,330.9849853515625,665.8079223632812,0.7464749813079834,316.2615661621094,636.9483642578125,0.19950994849205017,186.90969848632812,622.3856201171875,0.8758293986320496,270.1319885253906,582.7876586914062,0.041750483214855194,151.3600616455078,640.7578735351562,0.6834321618080139,83.2779541015625,722.67578125,0.9755095839500427,78.1261978149414,965.3455810546875,0.25740525126457214
1545,87.951171875,116.97349548339844,0.9997972846031189,997.8548583984375,82.48872375488281,0.9998119473457336,90.7769546508789,1030.73974609375,0.9997923970222473,1023.3038940429688,1021.8505249023438,0.9994305968284607,336.9697265625,498.9148254394531,0.9990299940109253,356.0498962402344,601.7952880859375,0.7422838807106018,286.9229431152344,537.2213134765625,0.9972742199897766,390.04266357421875,557.256103515625,0.9973605275154114,717.47119140625,498.1068115234375,0.991558313369751,755.0542602539062,716.4035034179688,0.9998592138290405,690.5164184570312,590.5053100585938,0.9965924620628357,785.0223388671875,556.7653198242188,0.9506170749664307,367.9447937011719,755.115478515625,0.9999136924743652,329.13287353515625,561.217529296875,0.7176172137260437,287.8634033203125,679.9737548828125,0.4656466841697693,201.1110382080078,673.1901245117188,0.2228981852531433,333.0766296386719,677.7833251953125,0.4797116219997406,317.37908935546875,628.0763549804688,0.26914361119270325,187.1838836669922,621.5159912109375,0.855198860168457,274.4301452636719,582.54150390625,0.05995238572359085,150.71034240722656,640.3385009765625,0.5869994759559631,83.30599975585938,722.8236694335938,0.9424751996994019,77.43010711669922,967.2959594726562,0.8636716604232788
1546,87.04703521728516,117.14363098144531,0.9998600482940674,996.5343017578125,83.48863220214844,0.9999432563781738,89.76522064208984,1030.6092529296875,0.9997541308403015,1019.8640747070312,1021.1085205078125,0.9995310306549072,337.0286865234375,498.5294189453125,0.9989588260650635,355.3786926269531,602.7178344726562,0.5994778275489807,287.3585205078125,536.9594116210938,0.9973281621932983,388.67437744140625,557.737060546875,0.9984080195426941,717.0089721679688,497.712646484375,0.997718870639801,755.1181640625,716.7313842773438,0.9997362494468689,691.4783935546875,592.337890625,0.9924008846282959,784.7671508789062,556.94970703125,0.9519692063331604,366.6152648925781,758.554931640625,0.9996902942657471,304.6639099121094,702.1829223632812,0.8089749217033386,293.6067199707031,679.480712890625,0.6820982694625854,251.34317016601562,633.9260864257812,0.05902047082781792,334.9485778808594,677.9190063476562,0.7553873062133789,309.79754638671875,636.31103515625,0.37387317419052124,187.21160888671875,622.240478515625,0.7379924654960632,279.0416259765625,580.4075317382812,0.10410062223672867,312.15606689453125,580.5844116210938,0.38911551237106323,82.93975067138672,724.6378784179688,0.7467066049575806,76.65372467041016,962.2711791992188,0.9340959191322327
1547,85.5806884765625,118.55813598632812,0.9998675584793091,997.2489624023438,81.6363296508789,0.9996817111968994,90.39298248291016,1030.4697265625,0.9997847676277161,1022.9589233398438,1021.5691528320312,0.9997971653938293,336.7214660644531,499.135498046875,0.9990656971931458,355.91021728515625,602.5245971679688,0.6835781931877136,286.544677734375,536.6962280273438,0.9979889392852783,388.8651428222656,558.4508666992188,0.9971110820770264,715.4815063476562,499.56256103515625,0.9961410164833069,755.0213012695312,718.4274291992188,0.9996808767318726,691.62841796875,587.6607055664062,0.9949134588241577,783.9784545898438,547.800048828125,0.9672483205795288,368.1961669921875,753.7051391601562,0.9999104738235474,300.1958923339844,701.7305297851562,0.5909074544906616,283.1607666015625,679.2469482421875,0.3622705042362213,208.25515747070312,659.8202514648438,0.12333858013153076,334.6177062988281,678.5613403320312,0.7515282034873962,311.0641174316406,637.694580078125,0.3468998372554779,186.55055236816406,621.3460083007812,0.8954823017120361,279.4483642578125,585.4029541015625,0.035362593829631805,151.69155883789062,640.887939453125,0.7885599732398987,83.66172790527344,722.2584228515625,0.7835144400596619,78.37931060791016,962.9076538085938,0.9686004519462585
1548,86.98146057128906,117.12645721435547,0.9998570680618286,998.4407348632812,83.44680786132812,0.9998693466186523,90.0101089477539,1029.69384765625,0.9997989535331726,1023.4336547851562,1020.8167114257812,0.9997275471687317,336.62518310546875,498.69091796875,0.998677670955658,356.0747985839844,602.7568359375,0.6824138760566711,287.6973876953125,536.5606689453125,0.9975026249885559,389.7236022949219,557.72509765625,0.9954866766929626,720.3865966796875,499.3003845214844,0.9948681592941284,754.2915649414062,716.705078125,0.9998940229415894,690.3414306640625,589.3799438476562,0.9973047971725464,783.8729248046875,559.4317016601562,0.9746520519256592,371.1861877441406,746.803955078125,0.9986353516578674,326.3955078125,563.0873413085938,0.44977205991744995,270.8407287597656,656.9693603515625,0.4128989279270172,202.34323120117188,662.2418212890625,0.21446464955806732,335.3769226074219,671.2088012695312,0.6817989349365234,312.2234191894531,634.9436645507812,0.29607224464416504,187.5809783935547,620.885986328125,0.9508710503578186,278.72540283203125,579.9765625,0.12244970351457596,150.7586212158203,644.9972534179688,0.8022927641868591,82.4649658203125,718.2303466796875,0.946033775806427,79.37671661376953,961.2456665039062,0.5329723358154297
1549,87.20040893554688,117.43144226074219,0.9996941089630127,995.331787109375,84.94223022460938,0.9997112154960632,89.89070892333984,1030.38427734375,0.9998636245727539,1023.9185180664062,1022.002197265625,0.9997385144233704,335.79925537109375,498.6873779296875,0.9990237951278687,355.4650573730469,606.32568359375,0.6572436094284058,287.1418151855469,536.118896484375,0.9959062337875366,389.69873046875,557.4750366210938,0.998314380645752,723.015869140625,497.669921875,0.9966913461685181,753.8412475585938,716.8005981445312,0.9998574256896973,688.5098876953125,588.3698120117188,0.9938957095146179,785.81005859375,557.9154052734375,0.9737815260887146,363.68829345703125,742.5460815429688,0.999736487865448,325.366943359375,557.5127563476562,0.5867759585380554,271.1623840332031,652.7894897460938,0.749064028263092,208.60781860351562,659.2301025390625,0.3579348921775818,330.74053955078125,666.558349609375,0.6842331886291504,327.1777648925781,650.61083984375,0.18833979964256287,194.73741149902344,617.2796630859375,0.9077643752098083,278.81121826171875,578.8186645507812,0.07319363206624985,151.1791229248047,643.6939697265625,0.9567148685455322,82.75700378417969,726.0175170898438,0.9505024552345276,78.64871215820312,963.8357543945312,0.7166762351989746
1550,86.99805450439453,117.09555053710938,0.9998341798782349,996.4518432617188,82.44998931884766,0.999871015548706,89.74435424804688,1028.80615234375,0.999843955039978,1023.0416259765625,1021.267822265625,0.9995021820068359,336.2762145996094,499.36077880859375,0.9989829659461975,356.1203918457031,602.2869262695312,0.7140566110610962,286.60833740234375,536.0067138671875,0.9970145225524902,389.8729248046875,560.1046752929688,0.9983818531036377,717.8246459960938,498.8345031738281,0.9981083869934082,753.1890258789062,717.8538818359375,0.9998424053192139,689.5264282226562,588.049560546875,0.9951106905937195,783.2909545898438,555.6773681640625,0.9613023400306702,369.52630615234375,742.608154296875,0.9994091987609863,325.281494140625,562.0444946289062,0.6801313161849976,269.89862060546875,657.1387939453125,0.4967533349990845,209.96119689941406,660.3333740234375,0.18738579750061035,342.2181091308594,680.425537109375,0.5463390350341797,327.83441162109375,651.2055053710938,0.26779529452323914,189.41876220703125,620.9927368164062,0.9181279540061951,276.1456298828125,580.9837036132812,0.11494163423776627,152.0437774658203,644.5054321289062,0.9172574281692505,83.18705749511719,721.3265380859375,0.8009169697761536,150.8017120361328,643.1105346679688,0.17993991076946259
1551,87.53829193115234,117.63540649414062,0.9997627139091492,997.3688354492188,84.19322967529297,0.9997797608375549,88.99567413330078,1029.3328857421875,0.9998047947883606,1024.55908203125,1020.455810546875,0.9996020197868347,336.64178466796875,499.106689453125,0.9989224672317505,354.982421875,601.1806030273438,0.7775834798812866,286.9419860839844,537.2571411132812,0.9971422553062439,389.2904052734375,559.3634033203125,0.9983249306678772,718.6859741210938,497.4873962402344,0.9981739521026611,753.8213500976562,717.1836547851562,0.9998555183410645,691.8552856445312,590.9813232421875,0.994976282119751,784.479736328125,555.0408325195312,0.8198611736297607,371.31060791015625,747.3802490234375,0.9995890259742737,326.22186279296875,564.028564453125,0.36278417706489563,271.8121337890625,657.2650146484375,0.596754789352417,208.8140106201172,673.2234497070312,0.21350839734077454,332.0939636230469,665.92724609375,0.8134610652923584,328.1499938964844,650.7825317382812,0.2792207896709442,189.29637145996094,620.8939819335938,0.8710396885871887,267.6596984863281,590.4236450195312,0.1652500331401825,152.23037719726562,643.6121215820312,0.8087676167488098,83.58316040039062,728.4853515625,0.659684419631958,79.95851135253906,967.5108642578125,0.5026023387908936
1552,87.65200805664062,118.17700958251953,0.999776303768158,994.523193359375,83.7193832397461,0.9998692274093628,88.83473205566406,1029.0721435546875,0.9999045133590698,1023.3707885742188,1020.9334106445312,0.9997301697731018,335.7142028808594,499.9217529296875,0.9987548589706421,355.2679138183594,602.8245849609375,0.5528844594955444,286.3543701171875,536.8004760742188,0.9955767393112183,389.7583923339844,559.2236938476562,0.9958951473236084,718.2947998046875,497.8260803222656,0.9976515173912048,753.00439453125,717.5562133789062,0.9998465776443481,689.6690063476562,590.8018798828125,0.9945428371429443,783.2386474609375,560.7888793945312,0.9475501179695129,366.3184509277344,754.3505859375,0.9995296001434326,323.8160095214844,563.074462890625,0.5740894675254822,272.99005126953125,669.1766357421875,0.18048399686813354,207.18264770507812,672.9165649414062,0.42556241154670715,338.3514099121094,678.0892944335938,0.7620148658752441,315.07818603515625,638.3341674804688,0.23605874180793762,186.61253356933594,620.8670043945312,0.842849850654602,268.35791015625,590.3179321289062,0.08162132650613785,312.3913879394531,580.0499877929688,0.4077700972557068,82.8263168334961,733.5073852539062,0.9346492886543274,79.41004180908203,965.2335205078125,0.9000484347343445
1553,87.21057891845703,116.03855895996094,0.9998300075531006,994.3565673828125,85.81332397460938,0.9995521903038025,88.52163696289062,1030.410400390625,0.9998763799667358,1022.527587890625,1021.8065185546875,0.9995276927947998,334.4440002441406,500.10205078125,0.9981880784034729,356.2011413574219,602.0191650390625,0.7817894220352173,285.84991455078125,536.9674072265625,0.9941298961639404,389.01531982421875,560.1126708984375,0.9979210495948792,720.5046997070312,498.9598693847656,0.9974421262741089,753.2708740234375,716.8189086914062,0.9998325109481812,692.039306640625,592.6497192382812,0.9982112646102905,784.2584838867188,554.3878784179688,0.9325577616691589,370.89031982421875,760.4480590820312,0.9971676468849182,307.1949768066406,704.6510009765625,0.8660985827445984,293.1605224609375,682.772705078125,0.49600350856781006,205.4732208251953,661.8968505859375,0.15270142257213593,336.6176452636719,680.603271484375,0.8766728639602661,312.2607727050781,638.0889282226562,0.12676569819450378,189.18641662597656,618.5765991210938,0.9021117091178894,277.0525817871094,581.3587646484375,0.15001589059829712,315.1566162109375,581.1978759765625,0.11637964099645615,82.15316009521484,728.8671264648438,0.7534356713294983,82.39322662353516,967.6356811523438,0.5446441173553467
1554,86.83133697509766,116.61318969726562,0.9999504089355469,997.8582153320312,83.9072265625,0.9998388290405273,88.99793243408203,1029.68310546875,0.9998631477355957,1022.185546875,1020.0799560546875,0.9992232322692871,334.4615173339844,499.95367431640625,0.9978888630867004,355.9429626464844,601.1658935546875,0.8266286253929138,285.4874267578125,537.0928955078125,0.9971939325332642,389.04296875,560.859375,0.998358428478241,718.22998046875,498.9427490234375,0.9980358481407166,752.7157592773438,717.7445678710938,0.9998619556427002,692.263916015625,591.0983276367188,0.9977179765701294,784.4434204101562,555.9332885742188,0.9710595607757568,369.42333984375,761.6881103515625,0.9992364645004272,305.6566467285156,703.2138061523438,0.7821806073188782,291.71343994140625,682.2067260742188,0.4609556794166565,203.76040649414062,661.489990234375,0.17183588445186615,335.0479431152344,674.59619140625,0.9601556062698364,311.28924560546875,638.0365600585938,0.2196611911058426,193.46188354492188,616.1718139648438,0.9458129405975342,280.4595947265625,586.99365234375,0.06285613775253296,147.9244842529297,645.0149536132812,0.24337796866893768,83.672607421875,725.0313110351562,0.5200238227844238,25.211650848388672,951.504638671875,0.35155192017555237
1555,86.96469116210938,118.64420318603516,0.9994839429855347,995.6779174804688,82.46084594726562,0.9996238946914673,89.01382446289062,1028.278076171875,0.9998979568481445,1022.1237182617188,1021.2713012695312,0.9996122717857361,334.4505920410156,500.03265380859375,0.9986631870269775,353.9725341796875,601.5206909179688,0.7707313895225525,287.0887145996094,537.599365234375,0.9985491633415222,388.56109619140625,561.203125,0.9988677501678467,718.6646118164062,497.0890808105469,0.9911507368087769,753.2597045898438,716.74755859375,0.9998719692230225,689.2119750976562,591.026611328125,0.9957197308540344,785.9747314453125,561.6179809570312,0.9807174801826477,369.86773681640625,762.4110107421875,0.9994993209838867,305.2012634277344,705.5401000976562,0.43866094946861267,274.664794921875,669.76025390625,0.7555185556411743,204.55450439453125,665.3756103515625,0.24487939476966858,332.75653076171875,673.5216674804688,0.9784130454063416,310.43511962890625,641.141845703125,0.30260542035102844,189.0336151123047,619.4514770507812,0.9320756196975708,277.7069396972656,580.4173583984375,0.12514711916446686,148.94679260253906,642.558349609375,0.6360712051391602,85.57646179199219,723.6773071289062,0.7764252424240112,82.0771713256836,966.5643310546875,0.16086345911026
1556,86.903076171875,116.84785461425781,0.9998836517333984,994.8701171875,82.4959716796875,0.9999505281448364,89.61247253417969,1028.23193359375,0.9998652935028076,1022.4627685546875,1021.1810302734375,0.9995743632316589,334.8512878417969,500.1335754394531,0.9988941550254822,354.7148742675781,602.1090698242188,0.817627489566803,286.9018859863281,539.1859741210938,0.9973689317703247,388.3464660644531,559.91552734375,0.9986624717712402,720.170654296875,497.2673034667969,0.9962136149406433,753.3926391601562,716.2313232421875,0.9998738765716553,690.2094116210938,590.3900756835938,0.9948534369468689,784.4039306640625,555.6170043945312,0.9731791019439697,368.3762512207031,757.9556884765625,0.9996820688247681,306.62969970703125,704.04541015625,0.9044535756111145,293.2884216308594,682.6304321289062,0.7248785495758057,209.65650939941406,658.8320922851562,0.30238860845565796,332.7489929199219,672.1832885742188,0.9570491909980774,310.5732727050781,638.37451171875,0.5842831134796143,186.7481689453125,620.3590087890625,0.9134896993637085,277.3001708984375,581.1260986328125,0.029961612075567245,149.03065490722656,643.9180908203125,0.4445410966873169,83.86800384521484,722.548583984375,0.7991541028022766,79.56658935546875,966.0150146484375,0.6872109770774841
1557,86.6720962524414,115.9484634399414,0.9999127388000488,995.2822875976562,84.21565246582031,0.9998748302459717,90.72530364990234,1029.5733642578125,0.9999011754989624,1022.682373046875,1020.8306274414062,0.9996707439422607,335.7919921875,500.3529357910156,0.9993941783905029,355.7566833496094,601.5712890625,0.8262208700180054,287.0861511230469,538.0180053710938,0.9913541674613953,388.8666076660156,559.9448852539062,0.9981831908226013,722.5089721679688,498.70379638671875,0.9970978498458862,753.7354736328125,716.2183227539062,0.9999210834503174,690.0418701171875,591.3416748046875,0.9968818426132202,784.4916381835938,562.5708618164062,0.9761530160903931,371.4369201660156,753.3211059570312,0.9938756823539734,309.9352722167969,703.5067749023438,0.7062532305717468,275.2366027832031,673.9735717773438,0.36261168122291565,208.39381408691406,662.7880859375,0.1912350356578827,338.4660949707031,683.8135986328125,0.7780542969703674,324.0677795410156,651.8012084960938,0.28844359517097473,189.27615356445312,620.3843383789062,0.8897960186004639,182.2231903076172,706.6267700195312,0.0660795345902443,147.8727264404297,645.650390625,0.5255545377731323,82.39610290527344,721.5646362304688,0.8809921145439148,82.71639251708984,961.8718872070312,0.33371034264564514
1558,87.9979476928711,116.98497009277344,0.9998304843902588,995.5484008789062,83.96524810791016,0.9999431371688843,90.39183044433594,1029.2374267578125,0.9999085664749146,1021.65283203125,1020.4398803710938,0.9996764659881592,335.8648376464844,499.7557678222656,0.9981791973114014,354.52642822265625,602.5462036132812,0.7435038089752197,287.0614013671875,537.2891845703125,0.9938344955444336,387.90472412109375,560.1400146484375,0.9979820251464844,715.1434936523438,500.58306884765625,0.9987761378288269,753.517333984375,716.5640258789062,0.9999051094055176,689.170166015625,590.9390869140625,0.994515061378479,784.04248046875,557.3125,0.973947286605835,373.17279052734375,747.260009765625,0.9990798234939575,327.89520263671875,564.1844482421875,0.592560350894928,284.6722106933594,682.3214111328125,0.1882295161485672,211.51815795898438,659.44970703125,0.2648509740829468,340.2544250488281,683.3410034179688,0.5530684590339661,325.4625549316406,650.044921875,0.2585066258907318,192.82583618164062,618.3257446289062,0.9258747100830078,284.9786376953125,582.39208984375,0.09883171319961548,150.26455688476562,639.6544189453125,0.5718086361885071,85.21620178222656,720.0061645507812,0.9287088513374329,83.15668487548828,963.5089721679688,0.8408929109573364
1559,87.0595932006836,116.88388061523438,0.9998747110366821,995.6827392578125,83.32432556152344,0.9999332427978516,90.22150421142578,1029.228515625,0.9998515844345093,1021.9882202148438,1020.4301147460938,0.9995262622833252,336.81304931640625,499.346435546875,0.9991012811660767,356.3577880859375,601.8861694335938,0.7392646670341492,286.46026611328125,536.8493041992188,0.9889714121818542,391.4210205078125,558.1805419921875,0.9957802295684814,714.8949584960938,500.5165100097656,0.9968395233154297,753.8540649414062,716.1749267578125,0.9999115467071533,689.5872192382812,591.8092041015625,0.9893574118614197,783.5841064453125,556.0029296875,0.9327495098114014,377.7603454589844,748.0802001953125,0.9995373487472534,328.23974609375,563.8777465820312,0.8628511428833008,271.8805847167969,671.2498779296875,0.46010032296180725,211.86300659179688,658.2857055664062,0.36598682403564453,345.705322265625,683.5726318359375,0.39871159195899963,325.6181945800781,650.6112060546875,0.32945510745048523,194.2473602294922,618.1685791015625,0.9159094095230103,282.61102294921875,592.2798461914062,0.0673670694231987,150.98133850097656,644.3243408203125,0.6583583354949951,85.61009216308594,719.6071166992188,0.9414079785346985,149.19671630859375,642.4385986328125,0.35517826676368713
1560,88.30040740966797,116.86894226074219,0.9997543692588806,995.2394409179688,82.73776245117188,0.9999175071716309,91.00189208984375,1030.56884765625,0.9998359680175781,1020.5136108398438,1020.873779296875,0.9990394711494446,336.2743835449219,500.2027893066406,0.9990032315254211,356.0661926269531,601.77685546875,0.8537325859069824,286.8157653808594,537.7305908203125,0.9809780120849609,390.4488220214844,561.3082275390625,0.9972485899925232,716.7089233398438,499.03558349609375,0.9963555335998535,754.46484375,716.737060546875,0.9998443126678467,689.8461303710938,589.3678588867188,0.9960139989852905,787.4249267578125,566.9977416992188,0.9881435036659241,376.151123046875,749.036865234375,0.9995794892311096,327.1389465332031,563.5703735351562,0.7169039249420166,302.8966979980469,682.0228271484375,0.4782078266143799,214.79457092285156,659.7048950195312,0.20100358128547668,334.0597839355469,670.8397827148438,0.6380605101585388,327.89495849609375,653.0122680664062,0.36059141159057617,199.8818359375,617.5580444335938,0.866308867931366,284.17193603515625,590.8954467773438,0.10489607602357864,149.5773162841797,643.15625,0.9220368266105652,84.1872329711914,720.7876586914062,0.9200536012649536,82.24588775634766,965.9807739257812,0.6762250065803528
1561,85.83905029296875,117.6361312866211,0.9997015595436096,996.2363891601562,84.10867309570312,0.9998987913131714,89.9248275756836,1029.268798828125,0.9997672438621521,1021.5673828125,1020.24072265625,0.9996795654296875,335.1844787597656,499.9436950683594,0.9992038607597351,354.88226318359375,604.7573852539062,0.7439629435539246,287.00494384765625,537.8876953125,0.9869886636734009,390.3162536621094,561.22900390625,0.9978814721107483,716.4310302734375,499.4208679199219,0.9984713196754456,753.6449584960938,715.9396362304688,0.9998283386230469,691.1984252929688,587.8482055664062,0.9979922771453857,784.0137329101562,556.0175170898438,0.949599027633667,377.639404296875,755.520751953125,0.9992635846138,327.76275634765625,722.455322265625,0.7589529752731323,300.3474426269531,687.9283447265625,0.31408438086509705,204.865966796875,671.7027587890625,0.36914604902267456,333.6192626953125,674.7451782226562,0.8973618149757385,328.3528137207031,654.4812622070312,0.12860193848609924,193.88461303710938,618.9623413085938,0.9011374115943909,277.1575622558594,590.919921875,0.11881890147924423,148.3648223876953,646.3521118164062,0.3891184628009796,84.29495239257812,735.3217163085938,0.7492849230766296,146.30796813964844,644.2778930664062,0.3587900698184967
1562,85.6395034790039,117.51463317871094,0.9998617172241211,997.7391357421875,82.68184661865234,0.9999145269393921,90.61199951171875,1028.562255859375,0.9998935461044312,1022.5859985351562,1021.0684204101562,0.9992534518241882,336.5704345703125,500.50970458984375,0.9988391995429993,354.876220703125,602.4943237304688,0.8289073705673218,287.32373046875,536.9331665039062,0.9878494143486023,390.3743896484375,561.8591918945312,0.9981896281242371,715.1749877929688,499.5980224609375,0.9973449110984802,754.2456665039062,717.1263427734375,0.9998729228973389,693.3115234375,588.657958984375,0.997230589389801,783.6928100585938,553.9969482421875,0.9226306080818176,372.1816711425781,757.7394409179688,0.9991772770881653,325.4417419433594,562.6246948242188,0.8287716507911682,299.8131103515625,687.1956176757812,0.36435848474502563,211.8028564453125,659.3141479492188,0.250027060508728,333.6656188964844,675.8983154296875,0.609158456325531,313.2068176269531,639.3786010742188,0.33629342913627625,195.1936798095703,618.0185546875,0.7990529537200928,200.2296142578125,612.9627075195312,0.1584373414516449,313.9075012207031,580.9888305664062,0.19896356761455536,84.3133544921875,726.6292114257812,0.902827262878418,146.80918884277344,644.8639526367188,0.4166170656681061
1563,86.79112243652344,119.17485809326172,0.9996159076690674,997.7837524414062,83.42338562011719,0.9999097585678101,90.09249114990234,1029.139892578125,0.9998358488082886,1021.865966796875,1020.709716796875,0.9996603727340698,337.3489990234375,500.4586486816406,0.9993420243263245,356.6341247558594,602.940185546875,0.7753315567970276,287.6940612792969,537.8524169921875,0.9816222190856934,391.3133850097656,559.7438354492188,0.9940255880355835,716.5794677734375,498.6863098144531,0.9979788661003113,754.9448852539062,717.4337768554688,0.9998773336410522,691.89599609375,589.3314208984375,0.9970767498016357,782.7479248046875,554.6796264648438,0.9693398475646973,371.49896240234375,758.9439086914062,0.9997113347053528,325.4670104980469,562.326416015625,0.7721912860870361,283.9321594238281,680.658935546875,0.5592562556266785,210.89382934570312,657.279052734375,0.34982821345329285,335.3877868652344,674.9994506835938,0.5733742117881775,242.9864501953125,729.8978881835938,0.5627651810646057,193.94749450683594,618.2686767578125,0.9253025650978088,279.7757263183594,584.8193359375,0.14431898295879364,149.50738525390625,647.6555786132812,0.6566637754440308,84.4139175415039,722.7764282226562,0.7934720516204834,79.90747833251953,968.128173828125,0.8171892762184143
1564,86.6394271850586,117.86424255371094,0.9994934797286987,996.9967041015625,87.32585144042969,0.9997363686561584,89.78069305419922,1029.4967041015625,0.9997949004173279,1020.9752807617188,1020.916259765625,0.9997078776359558,336.49005126953125,499.9675598144531,0.9985296726226807,354.31121826171875,601.7982177734375,0.8518055081367493,286.1791687011719,536.7672729492188,0.9882537126541138,388.7333679199219,559.7546997070312,0.9985904097557068,714.9802856445312,499.69122314453125,0.9973809123039246,754.7793579101562,717.29150390625,0.999790608882904,690.4072265625,590.4639892578125,0.9964317083358765,783.3818359375,550.15771484375,0.8646939396858215,376.1246337890625,762.0147705078125,0.9989750385284424,315.3113098144531,705.6951293945312,0.7699136734008789,276.4762878417969,690.8450317382812,0.5993956923484802,209.80374145507812,657.086669921875,0.27445751428604126,333.3686218261719,676.3989868164062,0.8215989470481873,244.76300048828125,728.56689453125,0.7092761397361755,192.8159637451172,618.8446044921875,0.8469662070274353,283.615966796875,591.2515258789062,0.09488902986049652,147.0647430419922,645.1397705078125,0.24108897149562836,83.1134262084961,722.3319091796875,0.9067573547363281,78.70272064208984,969.2863159179688,0.8918641805648804
1565,85.16877746582031,115.59829711914062,0.9996091723442078,994.6084594726562,84.68775177001953,0.9999200105667114,89.70990753173828,1028.91064453125,0.9998372793197632,1023.4140625,1020.866455078125,0.9996366500854492,336.3406677246094,499.47698974609375,0.9988279938697815,355.0083923339844,601.348388671875,0.8273946642875671,288.3241271972656,536.476806640625,0.9935321807861328,390.4250793457031,558.7481079101562,0.997395396232605,714.7146606445312,499.42449951171875,0.9949990510940552,754.9116821289062,717.8018188476562,0.9997937083244324,692.3572387695312,591.9151611328125,0.9969304203987122,784.0151977539062,558.5530395507812,0.9623478055000305,377.1796875,758.150634765625,0.9922444224357605,307.719970703125,708.3197021484375,0.7940211296081543,283.9864501953125,696.9521484375,0.4994533061981201,209.738525390625,664.5772094726562,0.2648463547229767,337.9346923828125,677.54833984375,0.3794703781604767,239.83119201660156,731.9412231445312,0.11923722922801971,188.49273681640625,622.206787109375,0.8608173131942749,274.2750244140625,595.0755615234375,0.09947887063026428,146.8153076171875,644.0305786132812,0.38045796751976013,82.73524475097656,723.7294921875,0.8273987770080566,78.26145935058594,970.5262451171875,0.7408000230789185
1566,85.35783386230469,117.66912078857422,0.9997900128364563,996.02001953125,81.94020080566406,0.9999319314956665,90.11483001708984,1029.4031982421875,0.9998990297317505,1022.1769409179688,1020.8923950195312,0.9994992017745972,338.2062683105469,499.8607177734375,0.9990401864051819,352.88543701171875,602.474609375,0.804914116859436,288.8692626953125,537.2669677734375,0.9919953346252441,388.5942077636719,560.172119140625,0.9977881908416748,717.3363037109375,498.0856018066406,0.9970537424087524,753.8729858398438,717.7020874023438,0.9997147917747498,691.5462646484375,591.5031127929688,0.9952744245529175,784.0025024414062,552.3915405273438,0.9703952670097351,377.5719299316406,751.2756958007812,0.9976159334182739,324.9216613769531,563.6172485351562,0.7107070088386536,300.17364501953125,687.2322387695312,0.3207120895385742,211.02743530273438,665.8313598632812,0.39777716994285583,344.3843994140625,682.7896118164062,0.4098246693611145,240.05189514160156,733.4764404296875,0.15418946743011475,187.37884521484375,622.8411254882812,0.9506521821022034,274.3998718261719,592.5399169921875,0.08411047607660294,311.95465087890625,582.5733642578125,0.30517032742500305,82.82261657714844,725.9122924804688,0.8722919821739197,78.53736877441406,971.6319580078125,0.9417398571968079
1567,85.74676513671875,116.57194519042969,0.9997814297676086,996.4129028320312,86.36943817138672,0.9999651908874512,90.07575225830078,1029.5928955078125,0.9998447895050049,1019.9159545898438,1020.9695434570312,0.9988380074501038,336.40863037109375,499.1669006347656,0.9986503720283508,352.0796813964844,601.47021484375,0.7671310305595398,289.2165832519531,537.0469360351562,0.9918770790100098,389.9756164550781,559.3323364257812,0.9949885010719299,712.90869140625,498.93914794921875,0.9961219429969788,755.0090942382812,717.9459228515625,0.9997420907020569,692.8353271484375,593.23779296875,0.9973449110984802,783.9340209960938,558.1559448242188,0.9530935287475586,380.30914306640625,746.242431640625,0.9994210004806519,304.8863525390625,707.5933837890625,0.7145810127258301,298.2190856933594,686.5432739257812,0.3150647282600403,205.13604736328125,676.0906982421875,0.5818743705749512,342.9104919433594,684.954345703125,0.5640246868133545,256.7066955566406,727.618896484375,0.23125265538692474,186.76914978027344,625.5736083984375,0.9682175517082214,276.0009460449219,594.7763061523438,0.10530733317136765,149.7025909423828,645.5770874023438,0.4647773206233978,82.65026092529297,726.5773315429688,0.9483951330184937,79.67562103271484,969.1295166015625,0.9558837413787842
1568,87.81079864501953,116.63835144042969,0.999885082244873,995.1638793945312,82.51463317871094,0.9999487400054932,90.50609588623047,1029.85107421875,0.9997970461845398,1021.278076171875,1021.80859375,0.9992284774780273,335.85894775390625,499.4206848144531,0.9987712502479553,353.1526184082031,601.6168823242188,0.7536458969116211,287.5298767089844,537.3514404296875,0.9964470267295837,388.8365173339844,560.17578125,0.9972901344299316,718.4398193359375,499.6623840332031,0.9970707893371582,755.6033325195312,716.5192260742188,0.9998111128807068,692.0007934570312,594.5670166015625,0.9969893097877502,782.4417724609375,568.1597900390625,0.9540488123893738,377.78802490234375,745.5462036132812,0.9989839196205139,327.0274963378906,565.8504028320312,0.4651031494140625,301.3370361328125,685.5704345703125,0.3013763129711151,210.77540588378906,671.2763671875,0.2790808379650116,344.6910400390625,683.5648193359375,0.7391311526298523,329.58685302734375,656.5538330078125,0.21990737318992615,187.217529296875,624.1710205078125,0.9425387382507324,275.3226623535156,594.6239013671875,0.2978266179561615,147.8249053955078,644.90185546875,0.6605327129364014,84.68366241455078,719.6762084960938,0.88924241065979,78.83439636230469,968.3058471679688,0.5458173751831055
1569,86.9489974975586,118.8230972290039,0.9996918439865112,994.873046875,84.6314697265625,0.9999610185623169,91.0512466430664,1028.7796630859375,0.9998981952667236,1022.2974243164062,1021.8458862304688,0.9995236396789551,336.85748291015625,499.4115295410156,0.9995001554489136,351.0959777832031,600.17822265625,0.6604058146476746,287.875244140625,537.9303588867188,0.9973304271697998,387.77581787109375,557.5316772460938,0.9981818199157715,720.3860473632812,500.0101013183594,0.9973354935646057,754.91845703125,716.322998046875,0.9997820258140564,693.983154296875,595.0874633789062,0.9976494908332825,782.7007446289062,552.88427734375,0.9691751003265381,383.1610412597656,750.9632568359375,0.9680850505828857,311.85955810546875,706.4885864257812,0.5702851414680481,295.4020690917969,690.8350830078125,0.2887576222419739,206.22987365722656,674.8035278320312,0.5863202214241028,343.6728210449219,683.328857421875,0.8763059377670288,336.6336364746094,671.4578857421875,0.1914723664522171,187.0460968017578,623.2828979492188,0.9497418403625488,272.3135070800781,596.19384765625,0.10477959364652634,148.4743194580078,644.8754272460938,0.5509857535362244,84.98553466796875,719.2053833007812,0.9011591672897339,77.7582778930664,974.1898803710938,0.8400587439537048
1570,86.24456024169922,118.55164337158203,0.9997971653938293,996.5828857421875,83.3651351928711,0.9999661445617676,90.93038940429688,1029.800048828125,0.9999126195907593,1023.5911865234375,1021.6653442382812,0.9998052716255188,334.8985595703125,499.0950012207031,0.9991280436515808,354.0193176269531,601.8607788085938,0.7579535245895386,285.0073547363281,538.3362426757812,0.9963889122009277,387.8667907714844,557.0313720703125,0.9990717172622681,721.094482421875,499.79302978515625,0.9924416542053223,754.9153442382812,716.2777709960938,0.9997740387916565,692.6908569335938,592.46142578125,0.9966008067131042,784.5493774414062,556.2449340820312,0.9894146919250488,380.6910400390625,757.912841796875,0.9942420125007629,324.291015625,564.1126098632812,0.6821835041046143,299.2041931152344,690.8121948242188,0.315670907497406,210.99232482910156,664.7911987304688,0.15884320437908173,343.7786560058594,684.4563598632812,0.7328577637672424,334.0213317871094,670.642822265625,0.10000943392515182,187.8457489013672,623.0982055664062,0.9071870446205139,265.060302734375,595.9706420898438,0.11501716077327728,310.8372497558594,586.3048706054688,0.4853569269180298,84.71912384033203,722.359619140625,0.8632907867431641,79.78321075439453,965.793212890625,0.38648587465286255
1571,86.65470123291016,116.56102752685547,0.9997521042823792,995.9474487304688,84.51045989990234,0.9999772310256958,89.07958984375,1029.960693359375,0.9998780488967896,1022.6359252929688,1020.387939453125,0.9996635913848877,335.99249267578125,499.8800048828125,0.9995235204696655,353.48602294921875,600.9216918945312,0.7272459864616394,284.5257568359375,538.2830200195312,0.9982172846794128,388.3956604003906,559.6478271484375,0.9992020726203918,720.4135131835938,498.4547119140625,0.9909071922302246,754.2023315429688,716.5546264648438,0.9998981952667236,693.2334594726562,593.0700073242188,0.9927666187286377,782.8038940429688,554.9009399414062,0.9813243746757507,374.8331298828125,764.7728271484375,0.9990345239639282,325.0195617675781,564.7373657226562,0.6039402484893799,293.6649169921875,699.68408203125,0.24133336544036865,214.1022186279297,661.435302734375,0.03428665176033974,343.19720458984375,689.28173828125,0.8177239298820496,313.7458190917969,646.7149658203125,0.1441228687763214,188.951904296875,622.4925537109375,0.8596938252449036,267.58197021484375,595.70654296875,0.03327034413814545,312.8292541503906,588.589599609375,0.532959520816803,85.95362854003906,722.6380615234375,0.8217426538467407,78.65478515625,966.4910888671875,0.490314245223999
1572,86.27002716064453,117.34877014160156,0.9998517036437988,995.30615234375,84.44696807861328,0.9999762773513794,90.12969970703125,1030.4566650390625,0.999826967716217,1022.9672241210938,1021.052001953125,0.9995657801628113,335.673828125,500.2751770019531,0.9992127418518066,352.9235534667969,600.0433959960938,0.8469285368919373,283.6649475097656,539.9039916992188,0.9970520734786987,387.7427062988281,559.2695922851562,0.998616099357605,717.5599975585938,498.2991638183594,0.992327868938446,755.0070190429688,717.6213989257812,0.9998886585235596,694.5286865234375,594.3329467773438,0.996600329875946,783.9152221679688,556.4395141601562,0.9331313371658325,375.68670654296875,770.6502685546875,0.997877836227417,325.0492858886719,564.5028076171875,0.6882485747337341,295.02667236328125,697.6978149414062,0.28709158301353455,209.79258728027344,664.5628662109375,0.25654304027557373,347.5465087890625,694.2706298828125,0.3562718629837036,313.37091064453125,648.241943359375,0.1614091694355011,188.43170166015625,622.6744384765625,0.8526657223701477,283.2875061035156,593.588134765625,0.06795600056648254,147.85308837890625,642.1683959960938,0.8285007476806641,84.73213958740234,718.93701171875,0.8855288028717041,80.72583770751953,964.6541748046875,0.8908061981201172
1573,87.0486068725586,118.04071044921875,0.9995137453079224,996.7850341796875,84.20649719238281,0.999976396560669,89.7616958618164,1031.31005859375,0.999815046787262,1022.7100219726562,1019.9569091796875,0.9996916055679321,335.056396484375,499.740478515625,0.9989206790924072,354.35260009765625,601.293701171875,0.9072824120521545,283.2567138671875,539.9262084960938,0.9969788789749146,386.8563232421875,555.7705688476562,0.9989118576049805,722.1422119140625,499.36248779296875,0.9904028177261353,755.68798828125,718.0253295898438,0.9998728036880493,694.8264770507812,593.9524536132812,0.9977158308029175,784.8175659179688,560.21435546875,0.981507420539856,376.5235900878906,769.5187377929688,0.9957478642463684,324.5950927734375,565.0446166992188,0.5205462574958801,295.3153076171875,696.8482055664062,0.18666985630989075,216.3658447265625,660.344482421875,0.25507378578186035,348.0912780761719,692.523681640625,0.70041823387146,317.2506408691406,655.5735473632812,0.17493484914302826,190.59939575195312,623.6205444335938,0.78587806224823,283.7041320800781,593.1178588867188,0.09420919418334961,312.6938171386719,586.82763671875,0.7226736545562744,83.2873306274414,729.307861328125,0.8240950703620911,78.0586929321289,965.1572875976562,0.8434798717498779
1574,87.04597473144531,115.99746704101562,0.9996927976608276,995.7813110351562,81.99866485595703,0.9999421834945679,89.41070556640625,1029.67822265625,0.999786913394928,1024.5078125,1020.9799194335938,0.9996501207351685,334.1016540527344,499.2376708984375,0.998223602771759,355.4172058105469,602.6652221679688,0.8800285458564758,283.04974365234375,540.8427124023438,0.9987502098083496,388.3038330078125,556.830322265625,0.9988881945610046,716.9400024414062,499.2393493652344,0.9914990067481995,755.599853515625,717.6033325195312,0.9998496770858765,693.7252197265625,591.7954711914062,0.9961058497428894,785.4678344726562,557.9700317382812,0.9617488384246826,376.666748046875,769.3826904296875,0.9989750385284424,324.6476135253906,564.475341796875,0.6188933253288269,300.26116943359375,699.2529907226562,0.2561703026294708,209.88949584960938,665.6494140625,0.33165833353996277,346.3338928222656,693.0029907226562,0.5416727066040039,316.0690612792969,654.6002807617188,0.13990262150764465,190.21710205078125,620.7113647460938,0.8548581600189209,283.1411437988281,593.7737426757812,0.0935090184211731,151.9431915283203,640.162841796875,0.856478750705719,83.83743286132812,717.9411010742188,0.9111369252204895,78.4364013671875,966.622314453125,0.7099552154541016
1575,86.34306335449219,119.29492950439453,0.999710738658905,996.1445922851562,82.19454956054688,0.9999459981918335,90.00234985351562,1030.19921875,0.9997678399085999,1023.6531982421875,1020.5866088867188,0.99956876039505,335.6070556640625,499.6365661621094,0.9985665678977966,354.2804870605469,601.5166625976562,0.8881100416183472,282.31646728515625,540.3079223632812,0.9991451501846313,389.68609619140625,557.6023559570312,0.9974879026412964,716.0563354492188,499.4442443847656,0.9958305954933167,754.8410034179688,717.0068359375,0.9999256134033203,696.267333984375,594.8355102539062,0.9976043105125427,784.6580810546875,557.2301635742188,0.9534440636634827,374.2484130859375,766.95751953125,0.9988303780555725,327.11688232421875,565.516357421875,0.5334857106208801,281.47991943359375,700.987548828125,0.18291130661964417,208.44342041015625,664.5805053710938,0.2400553673505783,345.1423645019531,694.4494018554688,0.5310704708099365,316.3570556640625,655.9659423828125,0.28686240315437317,190.01585388183594,624.1765747070312,0.8491783738136292,283.1947021484375,593.9423217773438,0.07652845978736877,150.18624877929688,640.7418212890625,0.36773908138275146,84.6136474609375,720.75146484375,0.9166979193687439,82.11665344238281,965.601318359375,0.39095252752304077
1576,86.43065643310547,118.41361236572266,0.9996790885925293,994.6609497070312,82.6836166381836,0.9999308586120605,89.84143829345703,1030.45556640625,0.9998898506164551,1021.256103515625,1021.3721313476562,0.999554455280304,335.272216796875,499.55322265625,0.9979671835899353,354.8736877441406,602.1815795898438,0.8594512939453125,283.8172607421875,540.1765747070312,0.9985785484313965,388.5191650390625,559.4673461914062,0.9990355968475342,715.927734375,500.0127258300781,0.9925764203071594,753.2892456054688,716.3517456054688,0.9999145269393921,693.73583984375,592.3750610351562,0.9935528039932251,784.999267578125,549.013671875,0.9437075853347778,376.1948547363281,764.678955078125,0.9994563460350037,326.5227355957031,566.121337890625,0.46882766485214233,274.11895751953125,699.3162841796875,0.322651207447052,208.85911560058594,671.2096557617188,0.23390056192874908,336.616455078125,679.1681518554688,0.3769600987434387,316.31365966796875,654.6809692382812,0.18060271441936493,192.67425537109375,625.6599731445312,0.8122038841247559,282.392578125,593.0026245117188,0.09680666774511337,150.3642578125,643.7012329101562,0.8166948556900024,84.4786148071289,718.4280395507812,0.9649861454963684,77.13106536865234,967.8446044921875,0.29633885622024536
1577,86.47914123535156,120.10746002197266,0.9997434020042419,995.231201171875,83.86746215820312,0.9999501705169678,91.65815734863281,1030.5078125,0.9998470544815063,1023.2901611328125,1020.2623901367188,0.9997299313545227,335.5034484863281,499.6393127441406,0.9986222982406616,354.04266357421875,605.411865234375,0.7788330316543579,284.1921691894531,539.49755859375,0.9973148703575134,388.7950134277344,560.109130859375,0.9980705380439758,715.0557861328125,500.6831359863281,0.9966782331466675,754.6739501953125,716.3477783203125,0.9999151229858398,693.1470336914062,591.7853393554688,0.9911574125289917,783.7603759765625,554.1690063476562,0.934010922908783,377.4205322265625,764.7843017578125,0.9997019171714783,326.68084716796875,566.1204223632812,0.49225476384162903,301.4491271972656,702.34423828125,0.43611764907836914,210.53033447265625,669.5901489257812,0.030372221022844315,344.1761474609375,689.0724487304688,0.5221551656723022,317.1003723144531,653.8305053710938,0.3520759344100952,320.29937744140625,645.1837768554688,0.8625516295433044,311.9602355957031,588.1298828125,0.23907232284545898,310.67529296875,587.4708251953125,0.6370041370391846,84.45616149902344,719.960205078125,0.8656322956085205,79.7884521484375,975.859375,0.09136606752872467
1578,86.86944580078125,118.41007232666016,0.9998830556869507,994.5465087890625,84.43611145019531,0.9998679161071777,90.1648178100586,1030.155029296875,0.999816358089447,1022.2721557617188,1020.330810546875,0.9996422529220581,333.501953125,499.6502990722656,0.9979348182678223,355.24212646484375,602.5726318359375,0.7535020709037781,283.5462951660156,539.80126953125,0.9981898665428162,388.4135437011719,560.6918334960938,0.9987310767173767,717.2825317382812,499.72802734375,0.9964382648468018,754.760498046875,715.4462280273438,0.9999374151229858,690.4728393554688,592.0265502929688,0.9885979890823364,782.177978515625,564.0394897460938,0.9508886933326721,381.70880126953125,771.8280029296875,0.9963494539260864,313.3762512207031,717.7106323242188,0.5837593078613281,301.4245910644531,702.0685424804688,0.5928267240524292,235.74331665039062,650.8502197265625,0.05538765341043472,342.4967041015625,696.6864013671875,0.3639853298664093,332.7073059082031,668.3917846679688,0.15210683643817902,188.6314239501953,624.7462158203125,0.8820626139640808,312.2593994140625,588.8112182617188,0.28024840354919434,310.6224365234375,588.39892578125,0.6347688436508179,83.2264633178711,727.7933349609375,0.9367680549621582,77.60718536376953,973.1605834960938,0.45565560460090637
1579,86.56402587890625,118.19904327392578,0.999686598777771,992.8775634765625,84.58503723144531,0.9997654557228088,89.776123046875,1029.54296875,0.9998130202293396,1022.3363037109375,1019.7962036132812,0.9997518658638,334.7868347167969,499.8619384765625,0.9985172152519226,353.6594543457031,601.9398193359375,0.6575744152069092,285.17279052734375,539.115966796875,0.9955933690071106,388.879150390625,559.7408447265625,0.9986740350723267,715.4310913085938,500.1663818359375,0.9948628544807434,756.5634765625,716.6624755859375,0.9999302625656128,691.0609130859375,591.2078857421875,0.9942322373390198,783.6790771484375,556.2379760742188,0.9413770437240601,376.3598937988281,774.7546997070312,0.999648928642273,327.1842346191406,566.3212890625,0.5266857743263245,306.10845947265625,699.5291748046875,0.515805184841156,225.69273376464844,656.7545776367188,0.14864712953567505,338.11798095703125,690.0860595703125,0.9011538624763489,332.60723876953125,666.6996459960938,0.18761436641216278,321.2322082519531,647.2759399414062,0.9608295559883118,312.9757385253906,589.2609252929688,0.2659916877746582,152.50245666503906,644.3510131835938,0.8559017181396484,84.93327331542969,723.0809936523438,0.9220256805419922,78.99491119384766,966.8212890625,0.6708565950393677
1580,89.39755249023438,117.93050384521484,0.999581515789032,995.0087280273438,83.02061462402344,0.9998823404312134,90.29832458496094,1031.344482421875,0.999761164188385,1021.83203125,1020.126708984375,0.9995819926261902,336.1754150390625,500.4351501464844,0.9991335272789001,353.072265625,602.38720703125,0.7475333213806152,284.4021301269531,538.3602294921875,0.9973865151405334,388.75750732421875,561.7139282226562,0.9984789490699768,715.1762084960938,498.8978576660156,0.9922389984130859,755.2301025390625,717.3623046875,0.9999065399169922,691.8922119140625,588.1879272460938,0.9962555170059204,783.8071899414062,554.9223022460938,0.9517019987106323,373.05328369140625,772.88623046875,0.9988901019096375,326.9012756347656,565.6807250976562,0.3786940574645996,304.4370422363281,702.7003784179688,0.344184011220932,213.69129943847656,658.9849243164062,0.1649772673845291,338.76763916015625,694.3001098632812,0.9827961325645447,330.74951171875,665.5694580078125,0.06731852144002914,321.5632629394531,647.3770751953125,0.925549328327179,312.7731018066406,588.912353515625,0.17541390657424927,309.3091735839844,588.4714965820312,0.8066998720169067,85.35041046142578,723.3348999023438,0.6408327221870422,77.56139373779297,968.4473876953125,0.6615406274795532
1581,87.29547119140625,116.69573211669922,0.999618411064148,994.5882568359375,83.69232177734375,0.9998724460601807,90.4403076171875,1031.1700439453125,0.999707043170929,1022.055908203125,1019.9102172851562,0.999565064907074,336.3976135253906,500.164794921875,0.9993131160736084,354.3393249511719,603.4423828125,0.7930155396461487,282.8061218261719,539.9683227539062,0.997238278388977,389.0916442871094,560.3213500976562,0.998848557472229,714.5994873046875,500.2271423339844,0.9947667121887207,754.8986206054688,717.12646484375,0.9999043941497803,692.7529907226562,590.4371948242188,0.9935483336448669,783.3190307617188,566.6519165039062,0.9407766461372375,373.60931396484375,773.94775390625,0.9996629953384399,327.31494140625,565.0354614257812,0.5020973086357117,304.7381286621094,702.1129760742188,0.33663085103034973,215.08155822753906,658.8460693359375,0.30779433250427246,339.40411376953125,696.7583618164062,0.9571082592010498,238.30093383789062,734.916748046875,0.08658835291862488,193.2926788330078,620.2324829101562,0.926675021648407,285.6581115722656,593.5446166992188,0.2411130964756012,152.52040100097656,642.8135375976562,0.9166603088378906,84.61456298828125,720.693603515625,0.8647636771202087,77.67517852783203,970.219970703125,0.39360636472702026
1582,86.07445526123047,115.98851776123047,0.9997598528862,994.2527465820312,84.25030517578125,0.9998886585235596,89.66954040527344,1029.6337890625,0.9997856020927429,1020.6163330078125,1021.3909301757812,0.9992519021034241,336.0775146484375,499.5154724121094,0.9993396401405334,351.62310791015625,602.6253051757812,0.8460909724235535,281.4790954589844,541.3204956054688,0.9988254904747009,389.1952209472656,561.3219604492188,0.9992324113845825,712.5023803710938,500.01885986328125,0.9922407865524292,754.6769409179688,716.7155151367188,0.9999094009399414,689.7916870117188,591.9170532226562,0.994060218334198,784.7157592773438,563.046142578125,0.9744744300842285,374.6505126953125,770.8514404296875,0.9992652535438538,330.7630615234375,722.5296630859375,0.5348801612854004,300.6761779785156,701.0588989257812,0.5027039051055908,227.34030151367188,652.2035522460938,0.44375360012054443,334.3216857910156,690.9247436523438,0.954789400100708,330.9433898925781,667.1083374023438,0.22705286741256714,315.16552734375,646.74365234375,0.9691810607910156,312.9994812011719,590.5770263671875,0.09684029966592789,150.52427673339844,644.0023193359375,0.8451242446899414,85.48613739013672,724.0939331054688,0.7707439661026001,80.0284194946289,965.635009765625,0.8001514673233032
1583,87.22895050048828,117.01127624511719,0.9998866319656372,995.05419921875,83.88075256347656,0.99991774559021,89.72147369384766,1030.04638671875,0.9998282194137573,1023.3158569335938,1019.1597900390625,0.9996135830879211,336.13494873046875,499.4130554199219,0.9995989203453064,353.452880859375,603.7264404296875,0.8810084462165833,282.00042724609375,541.2039184570312,0.9992647767066956,388.1504821777344,559.61669921875,0.999140739440918,712.5142822265625,501.16595458984375,0.9723613262176514,755.6307983398438,717.1920166015625,0.9998726844787598,689.4386596679688,590.6897583007812,0.9960909485816956,784.9376831054688,566.5003051757812,0.9025841355323792,373.9324951171875,769.1661376953125,0.9996703863143921,327.62042236328125,565.4405517578125,0.36107337474823,300.3472900390625,699.8751220703125,0.58051598072052,233.1812286376953,650.6674194335938,0.36122646927833557,340.40631103515625,690.462646484375,0.8274589776992798,243.76480102539062,735.9721069335938,0.5077349543571472,315.5788879394531,646.6301879882812,0.9802350997924805,282.5782775878906,592.2761840820312,0.10965734720230103,152.0126953125,646.980224609375,0.6147878170013428,85.25801849365234,724.2102661132812,0.6474102139472961,74.36177062988281,973.73876953125,0.14880608022212982
1584,86.10015106201172,116.46562957763672,0.9998588562011719,995.6251831054688,82.72415161132812,0.9999607801437378,90.6007308959961,1031.133544921875,0.9998540878295898,1022.1984252929688,1021.2765502929688,0.9995554089546204,336.3408508300781,498.9940185546875,0.9993799924850464,352.66973876953125,604.2508544921875,0.9269830584526062,281.5526123046875,541.8082275390625,0.9988541603088379,388.86358642578125,558.2274169921875,0.9992374181747437,710.76904296875,501.3466796875,0.9886090755462646,754.8143310546875,716.4182739257812,0.9999094009399414,691.1590576171875,591.4962768554688,0.9968662858009338,784.8920288085938,564.8493041992188,0.8262383341789246,378.11761474609375,767.5810546875,0.999471127986908,336.51947021484375,720.7727661132812,0.6054553389549255,302.6253967285156,699.4607543945312,0.41157782077789307,211.1702117919922,663.5476684570312,0.21082377433776855,345.71044921875,692.046630859375,0.7871497273445129,331.46478271484375,667.1630859375,0.17027078568935394,317.21099853515625,647.1904296875,0.9010432362556458,313.69769287109375,591.3468017578125,0.11508923768997192,311.4810791015625,591.5896606445312,0.43619030714035034,85.46381378173828,723.5960693359375,0.815047025680542,73.44677734375,971.8593139648438,0.5285319089889526
1585,86.78643035888672,117.32958221435547,0.9997147917747498,995.9273681640625,82.62675476074219,0.999935507774353,89.88471984863281,1029.95263671875,0.9998761415481567,1021.631103515625,1021.6004638671875,0.9994624257087708,335.2798156738281,498.4862365722656,0.9990395903587341,352.58270263671875,604.8555297851562,0.912247359752655,281.1120300292969,540.8610229492188,0.9988238215446472,387.5633239746094,559.7464599609375,0.9990166425704956,712.3168334960938,500.36041259765625,0.9872562885284424,755.4771118164062,717.2611694335938,0.9998898506164551,691.070556640625,592.8231201171875,0.9964154958724976,785.3096313476562,549.6226806640625,0.8622651696205139,377.067626953125,771.2303466796875,0.9989854693412781,312.6806640625,715.4052124023438,0.3484658896923065,299.7702941894531,700.3709716796875,0.40738072991371155,208.5299530029297,663.8975219726562,0.28220322728157043,344.856689453125,693.8008422851562,0.5488154292106628,311.1521301269531,655.2003784179688,0.4290997385978699,317.02294921875,647.747314453125,0.939624011516571,314.2436828613281,589.3539428710938,0.18259552121162415,309.1197509765625,590.1194458007812,0.7112587094306946,83.48812103271484,725.5877685546875,0.9656050801277161,22.819622039794922,965.310546875,0.083651103079319
1586,86.85256958007812,116.93342590332031,0.999924898147583,996.1040649414062,82.86711120605469,0.999945878982544,90.85028839111328,1030.289794921875,0.9998583793640137,1021.971435546875,1020.96142578125,0.9995410442352295,335.2959289550781,498.65081787109375,0.9990735054016113,352.61114501953125,604.5258178710938,0.9369770884513855,280.688720703125,541.4188232421875,0.9989063739776611,386.9677734375,558.9999389648438,0.9990647435188293,714.2212524414062,500.392333984375,0.9916855096817017,755.0699462890625,716.7191772460938,0.9998688697814941,690.6430053710938,591.0269165039062,0.9970797896385193,783.1552734375,555.5401000976562,0.852385401725769,376.39422607421875,776.8946533203125,0.9996649026870728,346.0084228515625,737.8424682617188,0.2944662570953369,299.85870361328125,703.1947021484375,0.5267455577850342,211.29457092285156,661.3532104492188,0.10182137787342072,343.97332763671875,694.4863891601562,0.9295438528060913,310.4047546386719,656.9243774414062,0.15268723666667938,316.6542053222656,647.3243408203125,0.918948233127594,315.0944519042969,591.3383178710938,0.3433966636657715,307.7619934082031,591.9125366210938,0.7236271500587463,83.5374526977539,726.869384765625,0.7877295017242432,147.62481689453125,649.6176147460938,0.04038622975349426
1587,85.72834014892578,118.16950988769531,0.999861478805542,996.2192993164062,81.84529113769531,0.9998821020126343,90.42662048339844,1030.045166015625,0.9998764991760254,1022.12109375,1022.0570068359375,0.9995813965797424,334.05450439453125,498.88720703125,0.9987087249755859,353.7415466308594,602.21044921875,0.8553048968315125,280.01885986328125,539.7218627929688,0.9988163709640503,388.0511169433594,557.7457885742188,0.9980717301368713,715.691650390625,500.3168029785156,0.9908005595207214,755.632568359375,716.1658325195312,0.9998793601989746,691.6673583984375,590.5830688476562,0.9920589923858643,782.577880859375,546.6478881835938,0.9432493448257446,374.1197509765625,777.7874145507812,0.9981470108032227,313.1366882324219,719.5901489257812,0.4476214051246643,302.0939025878906,702.5415649414062,0.20587465167045593,211.59494018554688,660.1906127929688,0.11449301242828369,342.2901306152344,695.5076904296875,0.8225260972976685,309.9814147949219,657.6708374023438,0.07272706180810928,321.96728515625,647.1282958984375,0.7760417461395264,316.4034423828125,593.9517211914062,0.3200535774230957,309.4713439941406,591.5490112304688,0.6119323968887329,83.64263916015625,728.6553955078125,0.7838907837867737,76.25411224365234,971.7332763671875,0.23123504221439362
1588,88.26354217529297,115.19224548339844,0.9997175335884094,996.3440551757812,82.37918090820312,0.9998939037322998,91.53467559814453,1030.2384033203125,0.9998546838760376,1021.6777954101562,1021.046142578125,0.9994978904724121,333.56793212890625,499.2048645019531,0.9993880987167358,352.8953857421875,604.6312255859375,0.8648415207862854,280.8038024902344,541.108642578125,0.9987020492553711,388.01959228515625,559.5181884765625,0.9978590607643127,713.6203002929688,500.40838623046875,0.9936621189117432,755.1068115234375,717.33056640625,0.999897837638855,692.5816040039062,592.7655029296875,0.9981740713119507,783.2608032226562,568.9850463867188,0.9284276962280273,377.2904052734375,779.9647216796875,0.9989266991615295,333.08673095703125,725.6268920898438,0.4676974415779114,305.0599060058594,700.1279907226562,0.18849869072437286,223.95120239257812,655.0178833007812,0.17277835309505463,337.2064208984375,690.2291870117188,0.7673071026802063,331.5220031738281,666.0584716796875,0.13067691028118134,317.18109130859375,648.24755859375,0.8068105578422546,311.82098388671875,593.9061279296875,0.3505316376686096,309.6524963378906,590.4132690429688,0.6772854328155518,83.2578353881836,728.4913940429688,0.8915610909461975,149.23675537109375,644.983154296875,0.07648450881242752
1589,87.1016616821289,115.73412322998047,0.9998170733451843,994.5401000976562,84.25145721435547,0.999962329864502,90.79084014892578,1029.7188720703125,0.9998788833618164,1022.207763671875,1021.2229614257812,0.9994819760322571,333.361572265625,499.0458679199219,0.9988862872123718,352.7792663574219,604.6912231445312,0.9380889534950256,280.1444091796875,542.1266479492188,0.9984863996505737,388.18121337890625,559.03125,0.9969683289527893,716.5132446289062,499.7451171875,0.9972320199012756,754.0117797851562,715.949462890625,0.9998453855514526,692.166015625,591.2008056640625,0.995646059513092,783.2616577148438,561.852783203125,0.9317896962165833,375.6537170410156,778.5328979492188,0.999460756778717,316.87371826171875,717.910400390625,0.5857917666435242,274.2707824707031,709.7520141601562,0.22481966018676758,224.9832763671875,655.768798828125,0.26523277163505554,336.9569396972656,688.8199462890625,0.7156029343605042,311.3908386230469,657.5278930664062,0.10931066423654556,193.6424102783203,618.76513671875,0.8430178761482239,315.8568115234375,592.7857055664062,0.29738637804985046,151.86427307128906,645.3414306640625,0.8920221924781799,82.73252868652344,726.212158203125,0.8582943081855774,79.40444946289062,965.4048461914062,0.8488523960113525
1590,86.6662826538086,118.0286636352539,0.9997550845146179,993.9005126953125,86.10604095458984,0.9998370409011841,90.53004455566406,1029.917236328125,0.9999215602874756,1022.4088134765625,1021.3232421875,0.9994475245475769,334.1554260253906,499.436767578125,0.9990949630737305,352.6165466308594,603.6187744140625,0.9703608155250549,280.7904357910156,541.5274658203125,0.9989976286888123,387.16131591796875,556.261474609375,0.9973414540290833,713.0448608398438,499.8128662109375,0.9991669654846191,753.7239379882812,716.301025390625,0.9997943043708801,690.5676879882812,595.5588989257812,0.9977746605873108,785.376220703125,563.2630615234375,0.9543704390525818,375.3262939453125,782.262451171875,0.9992140531539917,315.947509765625,718.7012329101562,0.7160797119140625,299.3743591308594,703.0263671875,0.18178735673427582,224.82164001464844,656.6380615234375,0.16920392215251923,337.5616760253906,687.6693725585938,0.7306593656539917,319.3578796386719,652.398193359375,0.17596431076526642,191.2255401611328,621.7880859375,0.7645359635353088,316.4193420410156,596.0201416015625,0.14501750469207764,153.0961456298828,641.246337890625,0.43324002623558044,83.52623748779297,724.7129516601562,0.9757198691368103,79.9865951538086,971.3234252929688,0.6322492361068726
1591,87.32072448730469,118.49158477783203,0.9997901320457458,998.2958984375,83.90641784667969,0.9999189376831055,90.23124694824219,1029.8026123046875,0.9997267127037048,1022.9791259765625,1021.4588623046875,0.9995241165161133,336.49273681640625,498.11962890625,0.9995843768119812,353.0891418457031,604.13525390625,0.9585845470428467,280.6759948730469,538.6325073242188,0.9985558390617371,391.01153564453125,558.8887329101562,0.996514618396759,716.8299560546875,500.94085693359375,0.9900858402252197,754.2131958007812,717.27734375,0.9998435974121094,691.3549194335938,592.0159912109375,0.9937206506729126,785.0858154296875,568.3779907226562,0.9833976626396179,374.84649658203125,780.4098510742188,0.9993545413017273,327.89520263671875,566.2743530273438,0.44675952196121216,276.5040283203125,715.4702758789062,0.9364731311798096,234.59710693359375,653.5543212890625,0.2997272312641144,334.76556396484375,689.2381591796875,0.8179336190223694,237.2471160888672,732.1583862304688,0.1733529418706894,189.21444702148438,623.4492797851562,0.8575843572616577,316.778564453125,595.624267578125,0.04856548085808754,149.18865966796875,647.4716796875,0.6869567632675171,82.81536102294922,729.0236206054688,0.9490243196487427,81.57360076904297,963.3402709960938,0.26785212755203247
1592,87.70751953125,117.480224609375,0.9999523162841797,997.5198364257812,80.79462432861328,0.9998493194580078,90.98563385009766,1030.7752685546875,0.9998075366020203,1022.419189453125,1021.8034057617188,0.9991801381111145,337.9881591796875,499.20111083984375,0.9997296929359436,353.0791320800781,601.5961303710938,0.9875445365905762,279.30999755859375,541.2713012695312,0.9991809725761414,390.34710693359375,557.3858642578125,0.9977839589118958,719.8396606445312,500.4888916015625,0.9956217408180237,754.9848022460938,717.6278686523438,0.9998738765716553,690.66552734375,591.4385986328125,0.994635283946991,784.5849609375,561.2346801757812,0.9583820700645447,390.77130126953125,786.0179443359375,0.9983844757080078,299.1294860839844,735.6126098632812,0.9527755975723267,281.02044677734375,724.3038330078125,0.9778813123703003,223.69573974609375,668.347900390625,0.5834440588951111,329.9626159667969,697.0902709960938,0.938819944858551,243.27203369140625,739.2745971679688,0.9371064901351929,327.6973571777344,661.0927124023438,0.905784010887146,283.4107360839844,614.6209716796875,0.4890581965446472,313.06005859375,598.6723022460938,0.7911495566368103,82.43243408203125,731.6493530273438,0.8383467197418213,79.41355895996094,965.7564086914062,0.916843056678772
1593,86.0055923461914,118.36588287353516,0.9999512434005737,995.9739379882812,82.52549743652344,0.9999629259109497,90.77134704589844,1030.9847412109375,0.9997385144233704,1022.663818359375,1021.6603393554688,0.9995676875114441,336.72894287109375,498.4348449707031,0.9987398982048035,344.306640625,602.18310546875,0.9992450475692749,278.2668151855469,548.5640869140625,0.9959004521369934,385.4165344238281,554.5109252929688,0.9987457990646362,714.896240234375,500.6083068847656,0.9932936429977417,755.2952270507812,716.8681030273438,0.9998443126678467,691.7677001953125,590.4457397460938,0.9939938187599182,785.5892944335938,554.5000610351562,0.9768003225326538,403.7510681152344,803.86865234375,0.9990137815475464,341.93072509765625,767.8294067382812,0.9914173483848572,327.3222351074219,758.3049926757812,0.9787805080413818,248.2277069091797,673.3916015625,0.9977971315383911,357.56146240234375,718.4467163085938,0.6515230536460876,286.7618103027344,757.2811889648438,0.9868893623352051,333.69610595703125,667.1214599609375,0.7125036120414734,297.7203063964844,617.7291870117188,0.49049314856529236,151.82443237304688,642.32763671875,0.9821426272392273,82.07435607910156,728.695556640625,0.8513442277908325,79.83736419677734,968.467041015625,0.7578822374343872
1594,86.37041473388672,117.67363739013672,0.999908447265625,996.0753784179688,84.4791259765625,0.9999713897705078,90.1756362915039,1030.598388671875,0.9998447895050049,1022.8163452148438,1021.3914794921875,0.9995924830436707,337.3236083984375,498.0905456542969,0.9992368221282959,337.99200439453125,609.9808959960938,0.9972113966941833,276.620849609375,550.324951171875,0.9935289025306702,386.9356994628906,558.7443237304688,0.9979479908943176,717.8678588867188,500.296630859375,0.9970466494560242,754.9811401367188,717.50244140625,0.9998904466629028,692.9186401367188,593.0702514648438,0.9929946064949036,785.9717407226562,560.1232299804688,0.9717170596122742,422.9967956542969,824.0166015625,0.9992969036102295,378.8021545410156,798.6997680664062,0.9973681569099426,361.5496520996094,785.488037109375,0.9960009455680847,263.6218566894531,700.0569458007812,0.9985963702201843,360.8757019042969,725.77587890625,0.46204692125320435,315.99078369140625,798.8817749023438,0.9970499277114868,284.0412902832031,627.762451171875,0.7378417253494263,188.67727661132812,717.3776245117188,0.6916541457176208,164.15504455566406,646.0239868164062,0.10291256010532379,83.63811492919922,722.2979736328125,0.832264244556427,76.40450286865234,966.6281127929688,0.9715339541435242
1595,86.74391174316406,118.45482635498047,0.9999071359634399,997.5249633789062,84.93853759765625,0.9998294115066528,90.91687774658203,1030.2880859375,0.9997560381889343,1024.165771484375,1021.20751953125,0.9996004700660706,337.8954772949219,498.5877380371094,0.9990347623825073,336.2339782714844,612.8079223632812,0.9951485991477966,277.82525634765625,550.7228393554688,0.9940710663795471,386.6103210449219,559.1923217773438,0.9975717663764954,720.8572387695312,500.4985656738281,0.9929383397102356,754.5877685546875,717.036376953125,0.9998327493667603,691.0858154296875,589.2294921875,0.9959627985954285,787.6044921875,556.12939453125,0.9413813948631287,477.57781982421875,884.0704956054688,0.9278265833854675,450.1254577636719,866.2568359375,0.7600316405296326,420.56195068359375,844.01220703125,0.5017901062965393,304.5697326660156,756.6932983398438,0.9676961898803711,426.6222229003906,794.5940551757812,0.8667714595794678,356.8736267089844,852.6998291015625,0.5663623213768005,270.57568359375,658.0629272460938,0.957632303237915,206.6054229736328,734.3245239257812,0.6596205830574036,175.6612091064453,652.7365112304688,0.9703211784362793,85.7183609008789,710.2174682617188,0.9748634099960327,79.46366882324219,966.2997436523438,0.7136422395706177
1596,85.18211364746094,117.11669158935547,0.9999566078186035,995.9150390625,83.42386627197266,0.9999500513076782,90.75225067138672,1030.1204833984375,0.9997875094413757,1023.6159057617188,1020.8837890625,0.9997585415840149,337.99853515625,498.5367431640625,0.9992349147796631,334.977783203125,610.4869995117188,0.9923090934753418,277.7723693847656,551.787353515625,0.9975032210350037,386.6149597167969,558.0291137695312,0.9975067973136902,716.9434204101562,500.37249755859375,0.9965907335281372,754.5169067382812,717.0130004882812,0.9998065829277039,689.5039672851562,589.7230224609375,0.9974806904792786,784.2733154296875,561.1635131835938,0.9796718955039978,567.0247192382812,938.4326782226562,0.24862253665924072,528.9371948242188,927.6145629882812,0.9027414917945862,502.1514587402344,910.2664184570312,0.8992302417755127,343.3849182128906,800.750732421875,0.9311161637306213,502.9680480957031,849.80712890625,0.14691747725009918,434.3065490722656,916.7349853515625,0.8403974771499634,303.2980041503906,672.186279296875,0.9178168177604675,226.0279083251953,751.1951904296875,0.9691694974899292,194.73289489746094,683.0853881835938,0.9148837924003601,75.49324798583984,718.6848754882812,0.9097639918327332,75.95030212402344,934.3807373046875,0.8012663722038269
1597,85.60240936279297,117.8372573852539,0.9998800754547119,998.093017578125,85.51634216308594,0.9999468326568604,90.17691802978516,1030.014892578125,0.9997767806053162,1024.78125,1021.35791015625,0.999790608882904,338.4577941894531,498.98773193359375,0.9990450739860535,331.3337707519531,610.5355834960938,0.9977312684059143,278.09820556640625,550.3074340820312,0.9982178807258606,386.2687072753906,559.4547119140625,0.9955790638923645,717.00048828125,499.2667236328125,0.9918107986450195,754.9283447265625,716.5548095703125,0.999815046787262,691.225341796875,591.1646728515625,0.9970040917396545,783.8113403320312,555.6511840820312,0.9592770338058472,627.52392578125,962.4700927734375,0.9336851239204407,563.176025390625,938.45654296875,0.9965736865997314,541.7579345703125,931.6503295898438,0.9391481876373291,396.9213562011719,849.7423095703125,0.9925470948219299,522.9054565429688,856.634521484375,0.4523858428001404,487.6600036621094,947.6297607421875,0.9015563726425171,349.4805603027344,725.9554443359375,0.37986311316490173,278.450439453125,815.6272583007812,0.8605554699897766,225.88426208496094,744.70166015625,0.7507766485214233,35.465572357177734,820.8283081054688,0.02316441386938095,38.14438247680664,816.9097900390625,0.34676796197891235
1598,86.84517669677734,117.44859313964844,0.999896764755249,995.8880004882812,83.93041229248047,0.9999415874481201,89.85848999023438,1030.288330078125,0.9998239874839783,1024.03173828125,1021.41064453125,0.999729335308075,338.8499450683594,498.8223876953125,0.9991846680641174,330.6370544433594,609.523193359375,0.9983286261558533,278.0797119140625,549.7661743164062,0.9986061453819275,386.1352844238281,559.3486328125,0.9934425354003906,717.5570678710938,498.6064758300781,0.9952828288078308,754.7763061523438,717.1378784179688,0.9998520612716675,691.2875366210938,589.39697265625,0.9962848424911499,785.737548828125,557.5059204101562,0.9678419828414917,681.1863403320312,989.7837524414062,0.8564544320106506,601.1353759765625,954.2771606445312,0.9921503067016602,575.7658081054688,948.372802734375,0.8481205105781555,455.8092346191406,895.3550415039062,0.9937893748283386,560.893310546875,877.9317626953125,0.19137175381183624,538.0634765625,976.2266845703125,0.8689738512039185,388.6860046386719,948.43359375,0.36552101373672485,366.0284729003906,927.1150512695312,0.9515027403831482,304.5509338378906,825.3284912109375,0.9132659435272217,424.95684814453125,493.7498474121094,0.032204221934080124,422.748046875,494.127197265625,0.3637673258781433
1599,86.59919738769531,118.24411010742188,0.9999136924743652,993.9701538085938,85.69248962402344,0.9999372959136963,89.34886932373047,1028.9859619140625,0.9996116757392883,1023.88134765625,1020.9188232421875,0.9994520545005798,339.15960693359375,498.73272705078125,0.9991043210029602,331.2555847167969,609.7299194335938,0.998524010181427,277.87939453125,548.885498046875,0.9987882971763611,387.51922607421875,557.95166015625,0.9953221678733826,717.9777221679688,499.52447509765625,0.9975827932357788,755.5091552734375,718.0210571289062,0.9998650550842285,690.6128540039062,589.300537109375,0.9968403577804565,783.76904296875,554.4395141601562,0.8978400826454163,696.3359985351562,1004.0254516601562,0.3140985071659088,639.158203125,963.97607421875,0.9947509169578552,608.8086547851562,960.7792358398438,0.8849943280220032,509.13763427734375,937.0399169921875,0.9987682700157166,595.0445556640625,896.9822387695312,0.5632752180099487,580.0421752929688,1004.5488891601562,0.9979774355888367,464.3185729980469,860.3511352539062,0.7892484068870544,410.04400634765625,963.1131591796875,0.9928346872329712,361.10345458984375,891.5923461914062,0.9892460703849792,266.62725830078125,820.8865966796875,0.7151697874069214,422.94464111328125,493.8072204589844,0.1411197930574417
1600,86.55044555664062,118.06536102294922,0.9998266100883484,994.8790283203125,84.78199005126953,0.9998584985733032,89.28868865966797,1028.54931640625,0.9999077320098877,1022.3746948242188,1022.2517700195312,0.9995841383934021,337.2513427734375,498.6929626464844,0.9987185001373291,332.64794921875,610.5840454101562,0.9983950257301331,278.00579833984375,550.4083862304688,0.9981397390365601,386.27313232421875,558.0914916992188,0.9952623844146729,712.2533569335938,500.9288635253906,0.9943869113922119,754.7426147460938,717.5049438476562,0.9998394250869751,692.5385131835938,592.50439453125,0.9967474937438965,783.3289794921875,570.6105346679688,0.9080237150192261,725.08154296875,1005.30078125,0.38923922181129456,637.908447265625,954.5302734375,0.9863948822021484,609.9371948242188,947.9296875,0.919208824634552,517.13916015625,943.0282592773438,0.9987987279891968,602.2423095703125,899.7845458984375,0.6672341823577881,584.7993774414062,1002.2637329101562,0.9796611070632935,479.0885314941406,869.0672607421875,0.9838464260101318,425.2820739746094,976.657958984375,0.9356411695480347,384.78173828125,907.34228515625,0.9994170665740967,294.1471862792969,866.0657348632812,0.4429103136062622,423.4632263183594,494.15472412109375,0.15566107630729675
1601,85.45135498046875,118.2352523803711,0.9997922778129578,995.5003662109375,83.7551040649414,0.9999316930770874,89.23055267333984,1030.00634765625,0.9997913241386414,1022.103759765625,1022.0337524414062,0.999114453792572,337.426025390625,498.7861633300781,0.9994854927062988,333.4782409667969,610.1549072265625,0.9987571239471436,277.63616943359375,551.076416015625,0.9986637830734253,386.7064208984375,557.7064208984375,0.995354175567627,716.727294921875,499.1865539550781,0.9699918627738953,754.1534423828125,717.3468017578125,0.9998113512992859,692.17431640625,587.4446411132812,0.9974932670593262,783.6857299804688,548.2710571289062,0.9618737697601318,696.2815551757812,991.6484985351562,0.49036526679992676,630.6640625,954.4286499023438,0.9849984049797058,607.8375854492188,944.9949951171875,0.9390563368797302,506.87725830078125,939.224609375,0.9902163743972778,602.2970581054688,902.1895141601562,0.9101249575614929,575.4946899414062,1002.9608764648438,0.9870465993881226,483.3750305175781,869.2504272460938,0.8751554489135742,423.1262512207031,980.2351684570312,0.9806384444236755,384.6741943359375,908.967529296875,0.9994533658027649,290.4372863769531,883.2421875,0.13678494095802307,195.5775909423828,917.0233764648438,0.5204710960388184
1602,85.24073791503906,116.4889907836914,0.9997463822364807,995.8306884765625,85.30984497070312,0.999948263168335,91.07181549072266,1032.0321044921875,0.999632716178894,1023.1569213867188,1021.3637084960938,0.9994465708732605,336.9927673339844,498.7579345703125,0.9993502497673035,332.7556457519531,610.1920166015625,0.9982819557189941,277.6232604980469,550.7913818359375,0.9981563687324524,387.45751953125,557.4963989257812,0.9962743520736694,714.8687744140625,500.38482666015625,0.9914824962615967,754.7898559570312,717.5430908203125,0.9997925162315369,694.0914916992188,590.5340576171875,0.992466151714325,783.6455078125,557.4849853515625,0.9869352579116821,701.2613525390625,998.5699462890625,0.1695137768983841,622.4480590820312,956.1644287109375,0.9593911170959473,596.6101684570312,948.609130859375,0.8869207501411438,500.3007507324219,943.1109619140625,0.996749758720398,596.1193237304688,904.0709228515625,0.8912193179130554,567.79541015625,1001.7412109375,0.9685555100440979,477.03802490234375,871.3211669921875,0.8479134440422058,422.43109130859375,981.8299560546875,0.9764211773872375,382.1850891113281,908.8196411132812,0.9993903636932373,128.5221710205078,965.1785278320312,0.3157121241092682,167.65586853027344,1017.029296875,0.9117215871810913
1603,86.86441802978516,115.55398559570312,0.9997488856315613,997.8591918945312,82.75880432128906,0.9999628067016602,90.11315155029297,1031.9183349609375,0.9993613362312317,1023.2572631835938,1022.6930541992188,0.9997202754020691,336.4619140625,499.0038146972656,0.9993420243263245,333.265625,610.051513671875,0.9980192184448242,277.83355712890625,552.2081298828125,0.9980589747428894,386.017822265625,557.4284057617188,0.9938369393348694,715.0355224609375,500.626953125,0.9890772104263306,754.456298828125,716.4026489257812,0.9997699856758118,692.0652465820312,591.9420166015625,0.9907880425453186,783.6925659179688,557.3557739257812,0.9874032735824585,670.556396484375,996.3114624023438,0.9322412610054016,612.7172241210938,957.6446533203125,0.9804697632789612,592.2119140625,954.6742553710938,0.9625505805015564,490.3731689453125,941.9243774414062,0.9891641736030579,574.2582397460938,902.4447021484375,0.6040275692939758,561.8072509765625,1005.109375,0.9952316880226135,480.9031066894531,873.4713745117188,0.6716479063034058,418.24090576171875,977.9558715820312,0.7509555220603943,380.5108337402344,909.8020629882812,0.9992026686668396,123.90127563476562,962.4585571289062,0.7964468002319336,165.18772888183594,1014.4689331054688,0.9651124477386475
1604,86.97618103027344,119.90152740478516,0.997896671295166,995.5142211914062,83.28209686279297,0.9999099969863892,91.62566375732422,1030.6484375,0.9999046325683594,1023.4811401367188,1021.4051513671875,0.9995779395103455,337.6494445800781,498.92138671875,0.9993273019790649,333.14599609375,610.4169921875,0.9985449314117432,277.8009033203125,551.8068237304688,0.9981830716133118,386.427490234375,557.3087158203125,0.9961460828781128,714.845703125,499.4750061035156,0.989165723323822,754.9188842773438,717.437744140625,0.9998024106025696,691.8601684570312,590.595703125,0.9957014918327332,784.1962280273438,557.306640625,0.9762183427810669,660.7643432617188,1013.0101928710938,0.9788852334022522,625.3532104492188,981.5257568359375,0.8370775580406189,589.4366455078125,963.840576171875,0.9288949370384216,492.8988342285156,939.146240234375,0.9281769394874573,595.1701049804688,921.0245971679688,0.8589958548545837,550.1548461914062,1007.489501953125,0.9610557556152344,479.9408874511719,878.2230224609375,0.7477099299430847,418.7934265136719,980.1676025390625,0.8632292151451111,378.8017578125,906.3864135742188,0.9973291158676147,260.14154052734375,891.7202758789062,0.8756512999534607,158.6231231689453,1014.4252319335938,0.4319332242012024
1605,87.99418640136719,118.70894622802734,0.9996492862701416,996.93994140625,85.03649139404297,0.9999583959579468,90.64557647705078,1029.7347412109375,0.9988722205162048,1022.88671875,1022.3480224609375,0.9993244409561157,338.3150329589844,498.7256164550781,0.9994853734970093,332.623291015625,610.5963134765625,0.9978384375572205,278.0589904785156,550.3947143554688,0.9985231757164001,386.59619140625,558.2800903320312,0.9955238103866577,715.6817626953125,500.97869873046875,0.9869071245193481,754.32568359375,716.5895385742188,0.9998610019683838,692.0604248046875,593.593505859375,0.9963183403015137,783.6209716796875,557.4766235351562,0.9831578135490417,641.3125610351562,1039.4896240234375,0.9516446590423584,583.4732055664062,986.2855224609375,0.977921187877655,556.839111328125,963.564208984375,0.9456925392150879,481.21063232421875,941.725341796875,0.970907986164093,580.292236328125,925.6221313476562,0.8769790530204773,528.9300537109375,1013.2899169921875,0.9423235058784485,489.91168212890625,884.2914428710938,0.8604722619056702,417.26959228515625,966.7147216796875,0.9663538932800293,381.5230407714844,909.123779296875,0.9953992962837219,212.9433135986328,899.4797973632812,0.5405739545822144,106.771240234375,1028.89599609375,0.16975072026252747
1606,86.89590454101562,115.37784576416016,0.9997958540916443,996.5663452148438,84.90692901611328,0.9999358654022217,89.84147644042969,1030.088134765625,0.9992004036903381,1021.1188354492188,1021.53125,0.9994416832923889,337.0229797363281,498.25799560546875,0.9991655349731445,333.842529296875,610.7682495117188,0.9988051652908325,276.4447937011719,550.421142578125,0.9988937973976135,386.1788635253906,556.52880859375,0.9957066178321838,715.31494140625,499.8741149902344,0.9916155934333801,754.1802978515625,717.0516357421875,0.9998903274536133,692.3070068359375,590.9891357421875,0.9892355799674988,783.7952880859375,557.7279663085938,0.9661299586296082,613.919677734375,1043.9788818359375,0.5021098256111145,561.5404663085938,990.5872802734375,0.9989132881164551,543.797119140625,973.8950805664062,0.996785044670105,478.3989562988281,943.4691772460938,0.9838200807571411,560.3223876953125,936.9739379882812,0.9341262578964233,522.5653686523438,1019.3168334960938,0.7001497745513916,477.24127197265625,891.5114135742188,0.3650169372558594,418.7873229980469,971.6765747070312,0.9896294474601746,375.2874755859375,913.2443237304688,0.9979137778282166,220.17071533203125,902.5609741210938,0.8810113668441772,98.4920425415039,1026.6536865234375,0.4795894920825958
1607,86.62957763671875,118.82794952392578,0.9996391534805298,994.3251342773438,82.42399597167969,0.9998998641967773,90.22406768798828,1029.5875244140625,0.999152660369873,1020.5294189453125,1021.5026245117188,0.9989402890205383,337.3623352050781,498.7696533203125,0.9994421601295471,333.359375,611.0125122070312,0.9975104331970215,277.1331787109375,550.9817504882812,0.9986398816108704,387.3498840332031,557.1860961914062,0.9967216849327087,714.0154418945312,499.4576721191406,0.9858461022377014,753.5457153320312,717.0703735351562,0.999919056892395,690.1665649414062,590.3714599609375,0.9932076334953308,785.1873168945312,551.3919677734375,0.9838672876358032,634.1171264648438,1060.592529296875,0.24275824427604675,550.8973388671875,994.8023681640625,0.9998666048049927,530.915283203125,972.7616577148438,0.9963682889938354,469.5260314941406,923.779296875,0.9680850505828857,566.2510986328125,937.7133178710938,0.8429084420204163,492.0401306152344,1023.1650390625,0.72076815366745,491.1954040527344,887.9686889648438,0.9515442848205566,420.672607421875,960.3758544921875,0.919795036315918,378.6336364746094,911.6206665039062,0.9943743944168091,202.28823852539062,901.9143676757812,0.7849223613739014,111.1731948852539,1023.9364624023438,0.4690377116203308
1608,86.5658950805664,117.42852020263672,0.9999356269836426,992.7111206054688,83.77775573730469,0.9998949766159058,90.93074035644531,1030.80517578125,0.9988698363304138,1019.9666748046875,1020.3292846679688,0.9992859959602356,337.7410888671875,498.44677734375,0.9992340803146362,333.1018981933594,610.6682739257812,0.9985180497169495,276.94189453125,549.8744506835938,0.9990994930267334,387.168701171875,556.9588623046875,0.9965994954109192,713.0233764648438,499.6477966308594,0.9867903590202332,753.1321411132812,717.1226806640625,0.9999436140060425,692.5507202148438,590.4384155273438,0.9937126040458679,784.3978881835938,554.6118774414062,0.9633364081382751,629.8753051757812,1062.3349609375,0.6674745678901672,538.0657958984375,990.6375732421875,0.9898849725723267,519.5724487304688,976.4814453125,0.9972459077835083,466.91314697265625,918.9260864257812,0.9725043773651123,540.2875366210938,935.8289184570312,0.916751503944397,504.1630859375,1022.427490234375,0.6275771856307983,492.3981018066406,882.4661865234375,0.7944308519363403,419.27020263671875,959.02001953125,0.975364625453949,381.5363464355469,910.239990234375,0.9978936314582825,175.14443969726562,902.999755859375,0.772449791431427,112.3893051147461,1022.7337646484375,0.22116859257221222
1609,86.09226989746094,116.41658020019531,0.999883770942688,993.408203125,82.518798828125,0.9997730851173401,90.15816497802734,1030.6275634765625,0.9990013241767883,1019.7259521484375,1022.1267700195312,0.9991877675056458,337.77825927734375,498.31109619140625,0.9994620680809021,333.8934631347656,611.060791015625,0.9977093935012817,276.9917297363281,550.1397705078125,0.9989504218101501,386.9330139160156,558.3303833007812,0.9972302317619324,713.9518432617188,500.1390380859375,0.9942765831947327,753.7470703125,717.7320556640625,0.9998940229415894,695.2254638671875,591.2222290039062,0.9964644908905029,783.1084594726562,554.88671875,0.9278751015663147,630.1759033203125,1064.7249755859375,0.9575585126876831,534.8890380859375,986.6420288085938,0.9984037280082703,519.46875,973.7960205078125,0.998040497303009,465.5927429199219,924.0579833984375,0.9486053586006165,543.8267822265625,935.427734375,0.7728838920593262,508.8920593261719,1021.4892578125,0.7602066993713379,495.8268127441406,889.9891357421875,0.7512328028678894,419.1803894042969,964.0493774414062,0.9338873624801636,378.61883544921875,912.2891235351562,0.9989602565765381,177.8441162109375,903.6729125976562,0.726718544960022,111.84785461425781,1022.63330078125,0.22345495223999023
1610,86.945556640625,117.60292053222656,0.9998632669448853,995.5160522460938,87.08199310302734,0.9999091625213623,88.56043243408203,1028.7252197265625,0.998540997505188,1021.8609008789062,1022.0621948242188,0.9988570213317871,337.88397216796875,497.65081787109375,0.9993616938591003,333.93414306640625,611.5655517578125,0.9986145496368408,277.2192687988281,550.718505859375,0.999261200428009,387.2491455078125,557.8333129882812,0.9969690442085266,713.4071655273438,500.08282470703125,0.9963985681533813,753.914794921875,717.1211547851562,0.999879002571106,694.0039672851562,591.520751953125,0.9951187372207642,784.01318359375,558.5543823242188,0.9245864152908325,620.2721557617188,1056.636962890625,0.7252422571182251,534.9736938476562,985.5292358398438,0.9885841608047485,518.1591796875,969.1253662109375,0.9928129315376282,466.7087097167969,925.9246826171875,0.9896947145462036,543.2387084960938,933.0745239257812,0.766653835773468,509.61627197265625,1022.49365234375,0.38812682032585144,498.080078125,888.601318359375,0.748866856098175,421.706298828125,966.0396118164062,0.9723716974258423,378.59417724609375,911.4978637695312,0.9982364177703857,177.68695068359375,903.9899291992188,0.7901158928871155,97.8013916015625,1024.23291015625,0.30931854248046875
1611,87.41185760498047,117.43891906738281,0.9994485974311829,994.9636840820312,84.9092788696289,0.9999462366104126,91.81143951416016,1029.663818359375,0.9978131055831909,1022.6075439453125,1021.4129028320312,0.9995369911193848,337.9795227050781,498.15130615234375,0.9989709854125977,332.02978515625,610.6502075195312,0.9989483952522278,277.1387939453125,549.8103637695312,0.9992861151695251,387.01971435546875,558.4034423828125,0.9978284239768982,713.386962890625,500.5111999511719,0.9953826069831848,753.4391479492188,717.50830078125,0.9998903274536133,692.7854614257812,592.1678466796875,0.9952263832092285,783.5055541992188,555.654052734375,0.9339340925216675,616.8466796875,1063.5341796875,0.22154146432876587,535.4302978515625,987.0277709960938,0.9977267384529114,518.6653442382812,971.7146606445312,0.9989290833473206,467.593994140625,933.3680419921875,0.990998387336731,585.2227783203125,968.8253173828125,0.5382735133171082,507.650146484375,1019.4750366210938,0.5881319642066956,496.26458740234375,888.0216064453125,0.5690584182739258,422.47430419921875,968.6845092773438,0.9691331386566162,373.5672607421875,908.8836059570312,0.9972233772277832,176.88442993164062,904.1151733398438,0.7351475358009338,104.10958099365234,1025.4832763671875,0.30819985270500183
1612,86.86287689208984,117.11943817138672,0.99986732006073,993.4674072265625,84.14691162109375,0.9999159574508667,90.02596282958984,1031.235107421875,0.9991453886032104,1021.7932739257812,1021.314697265625,0.9993384480476379,338.3812561035156,498.0947570800781,0.9990818500518799,331.9169921875,609.4905395507812,0.9990344047546387,277.6890563964844,550.31982421875,0.9989835619926453,387.3885192871094,558.6812133789062,0.9982665777206421,716.5606689453125,500.2877502441406,0.9971078038215637,755.4073486328125,716.4547119140625,0.9998056292533875,691.7987060546875,590.6302490234375,0.9976781010627747,786.0154418945312,565.360107421875,0.9201048612594604,606.5730590820312,1065.9873046875,0.4380767345428467,526.8569946289062,985.5279541015625,0.9365133047103882,515.4849243164062,973.9444580078125,0.9958569407463074,469.8044738769531,919.3612670898438,0.8803375363349915,585.003662109375,970.4782104492188,0.48547905683517456,500.2483825683594,1021.1743774414062,0.4335551857948303,475.9201965332031,867.82470703125,0.3016657829284668,424.4842529296875,963.4481811523438,0.9811601042747498,381.1797180175781,912.142333984375,0.9991851449012756,173.98667907714844,905.0225219726562,0.7337494492530823,98.56414031982422,1026.2623291015625,0.2927342653274536
1613,87.821044921875,117.0993881225586,0.9989790916442871,995.61865234375,83.71649169921875,0.9999499320983887,90.12149047851562,1029.1488037109375,0.9933896064758301,1023.8112182617188,1022.3790283203125,0.9994469285011292,336.8345031738281,498.28759765625,0.9990766048431396,333.0699462890625,610.2198486328125,0.9984434247016907,277.223876953125,551.271484375,0.9991043210029602,386.7586669921875,556.8687133789062,0.9971851706504822,712.489990234375,500.55084228515625,0.9923015832901001,753.8253784179688,717.5497436523438,0.9998164772987366,690.3655395507812,589.511474609375,0.9963361024856567,784.5079345703125,556.5791625976562,0.9267106652259827,601.7045288085938,1068.3265380859375,0.5879122018814087,528.9320068359375,992.5147705078125,0.9701102375984192,511.78118896484375,975.8656005859375,0.9923871755599976,475.8960266113281,920.0311889648438,0.925634503364563,584.0912475585938,971.5031127929688,0.4205106794834137,500.8629455566406,1028.5361328125,0.8938573598861694,496.4452209472656,880.1089477539062,0.8001089096069336,423.9154357910156,966.2463989257812,0.9699321985244751,384.24957275390625,910.95068359375,0.9979997277259827,86.10665130615234,970.246826171875,0.6578320860862732,109.54671478271484,1024.5374755859375,0.23551322519779205
1614,86.55362701416016,118.93721008300781,0.9996254444122314,993.5936279296875,84.9111328125,0.999916672706604,87.58057403564453,1030.0528564453125,0.9991341233253479,1022.23486328125,1021.9050903320312,0.9993450045585632,337.4517822265625,497.85833740234375,0.9991562366485596,333.00341796875,610.4793701171875,0.9984685778617859,276.76275634765625,550.7913208007812,0.999007523059845,387.0339050292969,557.7589721679688,0.9968994855880737,714.9057006835938,500.24237060546875,0.9921318888664246,752.6249389648438,716.5455932617188,0.9998098015785217,690.2214965820312,588.328125,0.9981260895729065,783.4483642578125,553.5040283203125,0.9781604409217834,599.49365234375,1070.043701171875,0.37841930985450745,520.6690063476562,989.95361328125,0.9762818217277527,506.8302307128906,973.9236450195312,0.9980947375297546,477.0047607421875,917.9813842773438,0.914779543876648,584.0162353515625,977.6023559570312,0.5671749114990234,495.0739440917969,1023.1434326171875,0.172919362783432,503.8504638671875,881.3270263671875,0.18597866594791412,427.24517822265625,964.9520263671875,0.8424680233001709,378.2786560058594,910.186279296875,0.9942002296447754,195.68360900878906,904.4824829101562,0.7789831757545471,109.04273986816406,1026.2857666015625,0.5292752385139465
1615,87.80939483642578,117.00849914550781,0.999372661113739,995.1236572265625,85.55940246582031,0.9999085664749146,87.62443542480469,1029.6448974609375,0.9951893091201782,1022.0490112304688,1020.751953125,0.9998008608818054,337.3941345214844,497.939697265625,0.9988773465156555,333.6808166503906,610.2657470703125,0.998383641242981,278.37554931640625,550.8087768554688,0.9989439845085144,387.0915832519531,558.3806762695312,0.9966806769371033,712.7547607421875,501.125732421875,0.9717532992362976,753.303955078125,716.6607666015625,0.9997150301933289,689.7433471679688,590.09130859375,0.997878909111023,785.8985595703125,555.9080810546875,0.9870267510414124,597.11572265625,1069.6732177734375,0.6141149997711182,519.7048950195312,992.5581665039062,0.9917603135108948,503.4106140136719,975.4368286132812,0.9962384700775146,469.99334716796875,929.7294311523438,0.8326146006584167,576.515869140625,972.2058715820312,0.18091389536857605,492.48931884765625,1025.8424072265625,0.08602514117956161,492.8505859375,891.8751220703125,0.18181118369102478,425.4718933105469,958.3671875,0.8859667778015137,378.6313171386719,909.6520385742188,0.9854587316513062,187.66648864746094,904.2453002929688,0.7869377136230469,499.0694580078125,851.6327514648438,0.2634499967098236
1616,86.4168472290039,116.96104431152344,0.9998908042907715,997.3023071289062,84.34972381591797,0.999934196472168,88.89616394042969,1030.601806640625,0.9983322024345398,1022.5394287109375,1019.7498779296875,0.9996063113212585,337.51507568359375,498.6604919433594,0.9993031024932861,333.34173583984375,609.877197265625,0.9967748522758484,277.55987548828125,551.5425415039062,0.998975396156311,386.3371887207031,558.9382934570312,0.9979231953620911,716.0899047851562,498.3722229003906,0.9937680959701538,753.5737915039062,715.9108276367188,0.9998107552528381,690.7044067382812,589.4832153320312,0.996780276298523,785.2251586914062,555.7974853515625,0.9753697514533997,600.7513427734375,1066.413818359375,0.7136594653129578,523.5798950195312,989.7965698242188,0.978968620300293,508.0881042480469,974.5362548828125,0.9957911968231201,474.39105224609375,922.2788696289062,0.9458169937133789,545.3790283203125,935.7298583984375,0.7267048358917236,494.91607666015625,1025.3751220703125,0.5047155022621155,493.43157958984375,884.9755249023438,0.3877980709075928,423.25262451171875,959.031494140625,0.9387008547782898,378.04925537109375,909.8796997070312,0.9947734475135803,85.87456512451172,971.1853637695312,0.6894791722297668,497.4695739746094,845.6974487304688,0.16611962020397186
1617,86.97608947753906,116.8526382446289,0.9994458556175232,995.6588134765625,85.33513641357422,0.9998687505722046,88.22020721435547,1031.4281005859375,0.9990643858909607,1022.4038696289062,1021.8298950195312,0.9995688796043396,338.1721496582031,498.8021240234375,0.9994014501571655,332.66021728515625,609.9244995117188,0.9973944425582886,277.8052062988281,551.9403686523438,0.998677670955658,387.8074645996094,559.5983276367188,0.9976131916046143,717.2315673828125,500.2969970703125,0.9928816556930542,753.8268432617188,716.6803588867188,0.9998695850372314,691.3614501953125,589.9993896484375,0.9969965219497681,785.9478149414062,555.3433227539062,0.9838075041770935,605.556396484375,1063.4088134765625,0.2764766216278076,523.2289428710938,988.9569702148438,0.9668001532554626,509.4916687011719,972.1100463867188,0.9950175881385803,468.9989318847656,917.0803833007812,0.9780007600784302,582.9962158203125,971.385009765625,0.3937576413154602,503.85162353515625,1030.596923828125,0.2821066975593567,492.83197021484375,878.3070678710938,0.23020786046981812,419.804443359375,958.6275634765625,0.575532853603363,379.2813720703125,910.1911010742188,0.9967453479766846,85.91073608398438,966.1306762695312,0.7712056040763855,97.64191436767578,1025.3172607421875,0.16281644999980927
1618,87.40516662597656,116.34758758544922,0.9995959401130676,996.8079223632812,82.28472900390625,0.9999005794525146,87.71258544921875,1032.0645751953125,0.9992109537124634,1020.7876586914062,1020.76806640625,0.9994407296180725,337.7507629394531,498.8609313964844,0.9994019269943237,332.6603698730469,610.3712158203125,0.9978744983673096,277.732177734375,551.2000732421875,0.9984927177429199,387.1925354003906,558.6680908203125,0.9967309236526489,718.6219482421875,500.6487121582031,0.9978671073913574,753.68896484375,716.3336181640625,0.9998821020126343,690.4498901367188,589.4716796875,0.993690013885498,784.994384765625,550.8294677734375,0.9080318808555603,603.33740234375,1065.49658203125,0.4504218101501465,525.2623901367188,991.1105346679688,0.9425177574157715,510.5956726074219,974.5048828125,0.989661455154419,475.1938171386719,918.1013793945312,0.9588915705680847,585.0257568359375,972.1202392578125,0.25911885499954224,499.0076904296875,1025.22900390625,0.40537914633750916,494.3193359375,880.5614013671875,0.17845772206783295,425.9159851074219,954.1484985351562,0.9577097296714783,375.197509765625,909.98388671875,0.9954702854156494,176.45472717285156,903.9931640625,0.6568240523338318,98.33436584472656,1024.772705078125,0.2568046748638153
1619,87.0240249633789,116.84075927734375,0.9996354579925537,999.056640625,86.11771392822266,0.9998537302017212,89.2395248413086,1031.1513671875,0.9984909296035767,1021.7171020507812,1021.5413818359375,0.9989677667617798,337.2553405761719,498.7774658203125,0.9994792342185974,332.857666015625,611.1825561523438,0.9979119896888733,276.9888000488281,550.829345703125,0.9990847110748291,387.4664001464844,558.3818359375,0.9967421889305115,717.1201171875,499.27850341796875,0.9978246688842773,754.3528442382812,716.5303955078125,0.9998869895935059,692.1503295898438,589.03564453125,0.9961745738983154,784.011474609375,549.1702880859375,0.9139255285263062,601.850830078125,1049.7784423828125,0.59138423204422,531.5986328125,991.8108520507812,0.9887362122535706,513.4232177734375,974.5466918945312,0.9984796643257141,467.63140869140625,916.85302734375,0.9689861536026001,541.0587158203125,936.9713745117188,0.8769896030426025,500.7367858886719,1026.0360107421875,0.0987895056605339,501.12677001953125,888.0553588867188,0.4652797281742096,423.6546325683594,961.40087890625,0.9698247909545898,377.1377258300781,910.7864990234375,0.9968628883361816,201.33837890625,902.8248291015625,0.7842748761177063,98.210693359375,1026.3914794921875,0.20504970848560333
1620,86.97119903564453,117.81382751464844,0.9996293783187866,997.5615234375,85.2895736694336,0.9998860359191895,88.46673583984375,1031.3167724609375,0.9990092515945435,1020.4965209960938,1021.0297241210938,0.9993529915809631,337.33819580078125,498.4733581542969,0.9990496039390564,331.9231262207031,610.7665405273438,0.9983162879943848,277.35595703125,551.982666015625,0.9992513060569763,386.9710998535156,558.8009643554688,0.9948544502258301,721.2223510742188,499.0264587402344,0.9892014265060425,753.2505493164062,715.94873046875,0.9998680353164673,690.5184936523438,586.4384765625,0.9967089891433716,784.5919799804688,560.1530151367188,0.9813827872276306,567.1919555664062,1088.811279296875,0.3298909366130829,530.1463012695312,992.4308471679688,0.9945271611213684,507.87506103515625,984.1504516601562,0.9964650869369507,466.5666809082031,937.0167846679688,0.787670910358429,568.1586303710938,1049.076171875,0.6035807132720947,621.9453735351562,1045.836181640625,0.07558384537696838,453.9286804199219,877.6912231445312,0.374134361743927,426.63409423828125,959.4470825195312,0.6681612730026245,377.7439270019531,913.853271484375,0.9977085590362549,208.63815307617188,902.234619140625,0.7447070479393005,98.61442565917969,1024.962158203125,0.06427781283855438
1621,86.87952423095703,116.25465393066406,0.9995535016059875,995.4778442382812,83.43128967285156,0.9998800754547119,89.55093383789062,1029.9893798828125,0.9984115362167358,1021.1238403320312,1019.2886352539062,0.9996148347854614,335.8646240234375,498.1095275878906,0.9981386661529541,332.3550720214844,610.0239868164062,0.9969609379768372,277.49139404296875,551.9404296875,0.9978627562522888,386.556884765625,556.585205078125,0.9941340088844299,720.6013793945312,500.61138916015625,0.9986034035682678,755.1190795898438,716.2437133789062,0.9999043941497803,693.9974365234375,594.044677734375,0.9964532852172852,785.526611328125,572.2849731445312,0.9953488707542419,566.43212890625,1087.3612060546875,0.6014764308929443,558.8461303710938,1061.794677734375,0.7902629375457764,520.7943115234375,978.0562744140625,0.9355448484420776,469.0114440917969,929.3975219726562,0.6581626534461975,577.4968872070312,1033.0006103515625,0.987448513507843,533.6406860351562,1031.782470703125,0.4428716003894806,473.65087890625,872.0621948242188,0.364679217338562,425.8619384765625,965.093017578125,0.36550968885421753,377.23095703125,914.648681640625,0.9991409778594971,84.2892837524414,979.6301879882812,0.7098934054374695,98.4208984375,1024.340087890625,0.16193324327468872
1622,86.1920166015625,118.2923355102539,0.9995385408401489,995.7413330078125,82.40784454345703,0.9998682737350464,91.98414611816406,1029.2237548828125,0.9992204904556274,1022.052490234375,1021.0289306640625,0.9995152950286865,335.8255615234375,497.9658508300781,0.9990180730819702,333.0650329589844,610.6110229492188,0.9971994161605835,277.907958984375,551.5922241210938,0.9984422326087952,387.2850646972656,556.7161865234375,0.995080828666687,718.9781494140625,497.34320068359375,0.9958230257034302,754.6621704101562,716.8950805664062,0.999875545501709,692.731689453125,591.1453857421875,0.996547520160675,783.0014038085938,561.5850830078125,0.972905158996582,579.3858032226562,1089.689697265625,0.34947606921195984,549.9325561523438,971.6552124023438,0.9323626160621643,527.3844604492188,969.6726684570312,0.9736111164093018,466.6906433105469,940.8137817382812,0.46812117099761963,583.5330810546875,1020.2763061523438,0.9353427886962891,525.1519775390625,1029.208984375,0.9147619009017944,494.5392150878906,893.3678588867188,0.283227801322937,437.85504150390625,981.0492553710938,0.024277444928884506,376.9478454589844,913.5967407226562,0.9972224235534668,226.45094299316406,903.864990234375,0.8741410374641418,108.19550323486328,1027.905517578125,0.37104666233062744
1623,86.8768539428711,116.78925323486328,0.9994763731956482,998.5384521484375,83.7450180053711,0.999870777130127,90.46607971191406,1030.472900390625,0.9992007613182068,1022.4246215820312,1020.8759155273438,0.9996151924133301,337.28546142578125,498.5318908691406,0.999344527721405,332.4600524902344,610.5969848632812,0.9979555606842041,278.04766845703125,552.1785278320312,0.998812198638916,386.7276306152344,559.2120361328125,0.9964235424995422,715.7877197265625,498.0596923828125,0.995987594127655,754.3074951171875,716.657470703125,0.9998435974121094,690.6704711914062,588.9564819335938,0.9982397556304932,786.5385131835938,559.5045776367188,0.9674164056777954,586.9221801757812,1086.06396484375,0.8811835050582886,572.2859497070312,1042.700439453125,0.8471770286560059,521.8372802734375,958.9108276367188,0.8943588137626648,457.99749755859375,938.0521240234375,0.3687744736671448,578.170654296875,1006.712890625,0.33003413677215576,528.389892578125,1022.240966796875,0.2719403803348541,486.86334228515625,879.97216796875,0.6391594409942627,424.25457763671875,966.3877563476562,0.3639298379421234,375.20465087890625,913.9237670898438,0.9984025359153748,221.4874725341797,904.321533203125,0.87259840965271,111.57958221435547,1024.212158203125,0.21902361512184143
1624,87.90814971923828,115.59268188476562,0.9995942711830139,995.170654296875,83.87560272216797,0.9999215602874756,90.105224609375,1028.5035400390625,0.9995442032814026,1023.0875854492188,1022.0222778320312,0.9997641444206238,336.8728942871094,498.2115478515625,0.998721182346344,333.267822265625,611.7545776367188,0.9986510872840881,278.0749206542969,552.5870361328125,0.99866783618927,386.35760498046875,559.1267700195312,0.996990442276001,715.5166625976562,499.61053466796875,0.9968769550323486,754.4237670898438,716.546630859375,0.9999082088470459,690.8890380859375,590.8887329101562,0.9951204657554626,785.9618530273438,558.361083984375,0.9850161075592041,589.6611938476562,1085.76416015625,0.9057670831680298,571.7332763671875,1039.4892578125,0.9845327734947205,608.873779296875,964.4866943359375,0.8905490636825562,543.0693359375,956.72900390625,0.3402746915817261,573.5811767578125,1006.419921875,0.35995957255363464,548.9667358398438,1014.4026489257812,0.4495416581630707,477.55517578125,866.1145629882812,0.28527235984802246,430.52874755859375,969.6289672851562,0.3446969985961914,375.78668212890625,914.1806030273438,0.996250569820404,226.7276611328125,903.0213623046875,0.7855315208435059,104.91923522949219,1023.0050048828125,0.30762821435928345
1625,86.67327880859375,116.19635009765625,0.9998891353607178,995.165283203125,83.4369888305664,0.9999116659164429,90.87696075439453,1028.857666015625,0.9986639022827148,1021.78564453125,1021.2174072265625,0.9994244575500488,338.3692626953125,498.75396728515625,0.9993231296539307,332.13079833984375,609.6038818359375,0.9985334873199463,277.6227722167969,551.5296020507812,0.9992332458496094,386.4469299316406,558.890625,0.9976931214332581,715.4581909179688,498.5771484375,0.9906009435653687,754.4027709960938,716.7359008789062,0.9998781681060791,692.9186401367188,592.258056640625,0.9951562881469727,785.6819458007812,555.7950439453125,0.975011944770813,588.93701171875,1087.2960205078125,0.9036582708358765,574.1721801757812,1045.761962890625,0.9496219754219055,524.2669677734375,961.458984375,0.9303200840950012,472.05975341796875,930.2391967773438,0.5433525443077087,576.6240844726562,1013.4199829101562,0.8860661387443542,541.6560668945312,1017.2422485351562,0.5541324615478516,478.69976806640625,873.2659912109375,0.7757396697998047,423.07452392578125,964.0945434570312,0.3272344470024109,375.82049560546875,915.7398681640625,0.9979034662246704,224.6314239501953,903.374755859375,0.8392481803894043,108.68108367919922,1024.9287109375,0.17290160059928894
1626,84.945556640625,114.8568344116211,0.9998621940612793,995.8989868164062,84.01298522949219,0.999967098236084,90.02285766601562,1030.0203857421875,0.9996978044509888,1024.2174072265625,1021.2025146484375,0.9996693134307861,337.4214782714844,498.5630187988281,0.9989960789680481,332.4352111816406,610.2047119140625,0.9990528225898743,277.4796142578125,551.3307495117188,0.9990546107292175,386.6039123535156,558.842529296875,0.9948877692222595,715.971923828125,498.5367431640625,0.9973528385162354,753.8920288085938,716.7594604492188,0.999903678894043,691.2269897460938,590.609375,0.993842601776123,784.1166381835938,558.01611328125,0.9860754609107971,582.1981811523438,1087.971435546875,0.5814891457557678,534.9319458007812,966.195556640625,0.9921799898147583,520.1472778320312,962.7205810546875,0.9314591884613037,465.34234619140625,929.1558837890625,0.40771111845970154,579.4896240234375,1018.4449462890625,0.20136135816574097,537.2078247070312,1023.7962036132812,0.7653045058250427,475.8656311035156,874.5111083984375,0.4457137882709503,427.8194274902344,969.1907958984375,0.015649685636162758,374.42193603515625,915.003173828125,0.9980208873748779,84.68890380859375,977.0420532226562,0.8210231065750122,423.80517578125,491.1911315917969,0.2196420580148697
1627,86.40450286865234,115.89827728271484,0.9994524121284485,995.1145629882812,83.74507141113281,0.9999089241027832,90.02584838867188,1029.0628662109375,0.9995537400245667,1022.1349487304688,1020.5901489257812,0.9997619986534119,336.96759033203125,498.3092956542969,0.9989873766899109,332.73590087890625,609.74462890625,0.9978362917900085,277.3302917480469,552.1041870117188,0.9977607727050781,386.10986328125,558.4234008789062,0.9959166646003723,717.18798828125,499.35723876953125,0.9942890405654907,753.7100219726562,715.8436889648438,0.9999203681945801,692.2247314453125,592.6171875,0.9961093068122864,783.4378662109375,562.4235229492188,0.9925259351730347,576.8822021484375,1086.428466796875,0.7161973714828491,533.1312255859375,969.6320190429688,0.706021785736084,591.5152587890625,979.9075317382812,0.8987007737159729,462.2127990722656,921.53515625,0.26034289598464966,573.8695678710938,1025.348876953125,0.3959668278694153,537.2570190429688,1025.5758056640625,0.2555029094219208,456.914306640625,878.2459716796875,0.3907839059829712,490.6615295410156,860.8109130859375,0.1182001382112503,377.61322021484375,915.7237548828125,0.9892542362213135,83.6019058227539,979.3817749023438,0.6874839663505554,422.898681640625,492.1104431152344,0.6220589280128479
1628,86.44124603271484,116.31300354003906,0.9997677206993103,994.8104858398438,81.55142211914062,0.9999194145202637,90.23281860351562,1029.3067626953125,0.9990398287773132,1021.6746215820312,1021.253662109375,0.9995788931846619,337.2333679199219,498.1865539550781,0.9992467164993286,332.8828125,610.2118530273438,0.9975990653038025,277.2386474609375,550.8257446289062,0.9988523721694946,386.5177307128906,558.8587646484375,0.9966224431991577,715.6796264648438,500.4480285644531,0.9817696213722229,753.6895751953125,716.7692260742188,0.9998970031738281,691.46044921875,592.4078979492188,0.9960378408432007,783.6591186523438,558.4551391601562,0.9478307962417603,576.3170776367188,1090.2470703125,0.5608804225921631,597.759521484375,990.31298828125,0.9113675355911255,512.6177368164062,979.1785888671875,0.9702810049057007,460.92327880859375,925.8390502929688,0.48790571093559265,560.76904296875,936.0888061523438,0.6100809574127197,528.0800170898438,1026.42333984375,0.7225668430328369,477.3620300292969,865.8876342773438,0.5113679766654968,430.3490295410156,969.1449584960938,0.15496951341629028,374.2742919921875,915.2586059570312,0.9986764788627625,177.77976989746094,904.3295288085938,0.7458626627922058,98.3973388671875,1024.1988525390625,0.06497639417648315
1629,86.0323715209961,115.29607391357422,0.9997192025184631,994.8690795898438,83.19808959960938,0.999942421913147,90.39715576171875,1028.071533203125,0.9990290403366089,1023.4048461914062,1022.7564086914062,0.999430239200592,337.4631652832031,498.4525146484375,0.999021053314209,332.13006591796875,610.0106201171875,0.9977268576622009,277.0862731933594,551.0642700195312,0.9990434050559998,386.54901123046875,559.008056640625,0.997063934803009,719.0013427734375,499.8379211425781,0.9768680334091187,753.2162475585938,717.5090942382812,0.9998353719711304,690.9832763671875,591.0260009765625,0.9906847476959229,783.29833984375,549.50390625,0.97465580701828,575.7117919921875,1090.6737060546875,0.1528589427471161,521.4263916015625,984.643310546875,0.9498365521430969,506.53155517578125,981.6104736328125,0.9910305738449097,466.2535095214844,927.3927612304688,0.6526568531990051,555.1312866210938,941.0587768554688,0.4874536991119385,520.9950561523438,1033.8359375,0.11910495907068253,477.90283203125,872.977783203125,0.2564418911933899,463.75274658203125,962.4276123046875,0.12388817220926285,371.0293884277344,915.5269775390625,0.9981297850608826,195.6792755126953,904.2655029296875,0.7350447773933411,104.58550262451172,1025.53173828125,0.3514399230480194
1630,87.24412536621094,116.4892349243164,0.9997021555900574,998.2803344726562,85.32090759277344,0.9998199343681335,90.63499450683594,1031.60400390625,0.998211145401001,1022.1585083007812,1021.2353515625,0.9995361566543579,336.7663879394531,498.26910400390625,0.9992668032646179,332.5085144042969,609.2994995117188,0.998071014881134,277.34912109375,550.708740234375,0.999347984790802,387.6783752441406,558.5199584960938,0.9965420365333557,719.2653198242188,499.66888427734375,0.99493008852005,753.9517211914062,716.9344482421875,0.9998812675476074,693.3909301757812,594.9837036132812,0.9962271451950073,786.6636962890625,555.5714111328125,0.9400442242622375,628.5172729492188,1008.3049926757812,0.4986964464187622,519.73388671875,987.7911987304688,0.9515982866287231,504.06756591796875,982.9490966796875,0.9566245079040527,469.2739562988281,911.5531005859375,0.3900808095932007,571.478271484375,1041.203125,0.30138906836509705,566.7835693359375,1049.6103515625,0.06658408045768738,458.3956604003906,944.8413696289062,0.048021215945482254,454.8186340332031,953.720458984375,0.05238724499940872,372.3348083496094,915.8070068359375,0.9949416518211365,184.34152221679688,904.0079956054688,0.7367675304412842,104.03682708740234,1026.7156982421875,0.2958562970161438
1631,86.16485595703125,115.3572769165039,0.9998447895050049,994.7132568359375,84.95828247070312,0.9999698400497437,92.03910064697266,1030.01708984375,0.9990022778511047,1022.7201538085938,1019.8304443359375,0.9995324611663818,336.5309753417969,498.5704040527344,0.9992450475692749,331.77716064453125,609.5895385742188,0.9987120628356934,277.06781005859375,551.2048950195312,0.999314546585083,386.2688903808594,559.3072509765625,0.9975026249885559,713.8030395507812,500.32415771484375,0.9909992218017578,754.5839233398438,717.5370483398438,0.9998574256896973,693.1288452148438,592.0653686523438,0.9939168095588684,782.1469116210938,543.29833984375,0.8015580773353577,572.6665649414062,1091.955322265625,0.3170441687107086,596.159423828125,1004.0570678710938,0.8086400032043457,506.79962158203125,991.0362548828125,0.8775773048400879,467.7623596191406,914.9085693359375,0.5034007430076599,569.3428955078125,1042.689697265625,0.42023518681526184,487.37628173828125,979.542236328125,0.098990797996521,443.5254211425781,877.6276245117188,0.1543416827917099,468.7173156738281,975.9312133789062,0.12211615592241287,372.5404052734375,917.019775390625,0.9970777034759521,196.17681884765625,903.822021484375,0.7466148138046265,109.56238555908203,1025.2037353515625,0.12853650748729706
1632,87.0678939819336,118.134521484375,0.999786913394928,996.5965576171875,84.68427276611328,0.9998937845230103,91.6670913696289,1029.6893310546875,0.9990471005439758,1021.3660278320312,1020.9271850585938,0.9993845224380493,338.2213439941406,498.4950866699219,0.9992353916168213,330.74127197265625,609.1181640625,0.9989266991615295,277.1443176269531,550.2090454101562,0.9990615248680115,386.5085144042969,560.2378540039062,0.9975472092628479,715.018310546875,501.1279602050781,0.9958600401878357,754.5118408203125,718.1868896484375,0.999854564666748,693.3944091796875,590.698486328125,0.9923608899116516,783.5985107421875,543.9349365234375,0.91118985414505,618.609130859375,1014.9573364257812,0.058769144117832184,523.1500244140625,993.2908935546875,0.8750923275947571,503.06915283203125,987.4552001953125,0.9519875645637512,467.6798400878906,926.049072265625,0.6435168981552124,561.6331176757812,944.6251831054688,0.7957647442817688,480.1183776855469,1028.9158935546875,0.0925503820180893,459.63055419921875,871.6904296875,0.16069257259368896,426.173828125,965.031982421875,0.3554759919643402,373.1948547363281,915.1741943359375,0.9951689839363098,176.05642700195312,903.7275390625,0.8356693983078003,110.10003662109375,1025.3131103515625,0.08017922192811966
1633,86.37005615234375,117.0212631225586,0.9997977614402771,995.3814697265625,85.24813842773438,0.9999665021896362,91.17610168457031,1029.4561767578125,0.9983296990394592,1020.8077392578125,1021.5369873046875,0.9992209672927856,337.830322265625,498.2291259765625,0.9989858269691467,332.15338134765625,610.6189575195312,0.9987388253211975,277.4386901855469,550.0533447265625,0.9989858269691467,386.92071533203125,559.2034912109375,0.9965386390686035,715.183837890625,500.4801940917969,0.9951844811439514,754.9851684570312,717.2365112304688,0.999893307685852,691.4636840820312,589.8714599609375,0.9926486611366272,783.11181640625,545.16259765625,0.8548203110694885,568.6049194335938,1087.40087890625,0.1692720204591751,519.9465942382812,997.0269165039062,0.7835571765899658,504.701171875,992.2428588867188,0.8945636749267578,472.6393737792969,924.731201171875,0.06475730985403061,567.4984741210938,953.3582763671875,0.8551664352416992,487.6439208984375,974.8851928710938,0.14932473003864288,456.1849365234375,878.0244140625,0.040800660848617554,469.0531921386719,977.9461059570312,0.16723261773586273,371.7248229980469,915.5274047851562,0.996589183807373,178.150146484375,903.2069702148438,0.7417913675308228,494.9679870605469,854.0176391601562,0.18855413794517517
1634,86.48847198486328,117.24161529541016,0.9995816349983215,994.98681640625,84.02131652832031,0.9999129772186279,90.87184143066406,1029.641845703125,0.9988014698028564,1023.4140625,1020.9989624023438,0.999671220779419,338.16607666015625,498.5314025878906,0.9994094371795654,332.21533203125,610.5398559570312,0.9989426732063293,277.0773620605469,550.240966796875,0.9987144470214844,386.9586486816406,558.8284912109375,0.9967777132987976,714.0502319335938,499.25604248046875,0.9910488128662109,755.3145751953125,716.605712890625,0.9999071359634399,691.2727661132812,590.4680786132812,0.9942145943641663,783.87158203125,556.0925903320312,0.9697844982147217,618.235107421875,1028.3048095703125,0.09625392407178879,514.370361328125,995.344482421875,0.6708431243896484,497.33380126953125,993.45263671875,0.7874884605407715,478.08648681640625,915.1748046875,0.09604594856500626,561.153564453125,949.9107666015625,0.53438401222229,490.1059875488281,974.7850952148438,0.20116271078586578,486.7290344238281,880.9185791015625,0.1936054676771164,425.34710693359375,966.5697021484375,0.13950955867767334,373.5358581542969,914.759521484375,0.9986431002616882,217.4719696044922,903.7194213867188,0.6517841219902039,97.57742309570312,1019.0177001953125,0.11098063737154007
1635,85.68891906738281,114.650390625,0.9997394680976868,994.2517700195312,83.57318115234375,0.9999517202377319,90.99530029296875,1028.668701171875,0.9991999268531799,1022.281005859375,1020.5814819335938,0.9993017911911011,338.2715759277344,498.56024169921875,0.9989558458328247,330.7162170410156,610.4822998046875,0.9991045594215393,277.4855041503906,549.3440551757812,0.9993916749954224,386.1488952636719,559.7576293945312,0.998104453086853,713.9513549804688,499.785888671875,0.9943753480911255,754.7705688476562,716.6660766601562,0.9998818635940552,691.4118041992188,589.3247680664062,0.9967824220657349,784.3246459960938,553.4735107421875,0.9210463166236877,601.3335571289062,1032.766357421875,0.697356641292572,517.23779296875,998.5762939453125,0.7948606610298157,497.5304260253906,993.407470703125,0.8881917595863342,461.8104248046875,935.6732177734375,0.10677030682563782,568.2164306640625,956.1299438476562,0.704269528388977,479.6387634277344,1037.3023681640625,0.12353107333183289,461.5225830078125,877.95849609375,0.2605281174182892,466.9335632324219,979.0960693359375,0.29508480429649353,374.09857177734375,915.0309448242188,0.9989810585975647,179.58497619628906,903.76953125,0.6792967915534973,97.96038055419922,1017.56103515625,0.1185775175690651
1636,86.40122985839844,115.79437255859375,0.9999227523803711,994.6143798828125,83.49394989013672,0.9999727010726929,91.11014556884766,1028.6923828125,0.9993428587913513,1022.7726440429688,1021.156005859375,0.9996660947799683,338.5723571777344,498.1562194824219,0.9990662932395935,330.7524719238281,610.0836181640625,0.9992559552192688,278.0076599121094,549.20947265625,0.9991507530212402,386.5014953613281,560.23828125,0.997891366481781,710.7611083984375,498.968994140625,0.9954726099967957,755.6409301757812,716.9835205078125,0.9999082088470459,691.836669921875,592.7999267578125,0.9971576929092407,781.9721069335938,552.7365112304688,0.9842253923416138,600.4354858398438,1040.1016845703125,0.17553305625915527,510.75164794921875,1006.0737915039062,0.43836262822151184,496.1618957519531,997.6732788085938,0.7222909927368164,459.2609558105469,921.9873046875,0.06605682522058487,564.2174072265625,968.6508178710938,0.3106231391429901,476.077392578125,989.5869750976562,0.18220330774784088,445.4262390136719,882.0650024414062,0.3056734800338745,468.3087463378906,978.8082885742188,0.019512252882122993,372.72705078125,913.864501953125,0.9972065091133118,212.2767791748047,904.4163208007812,0.8696701526641846,484.0484924316406,848.7075805664062,0.17229479551315308
1637,87.19115447998047,115.84683990478516,0.9997667670249939,996.1085205078125,84.74964904785156,0.9999592304229736,91.59410858154297,1029.853271484375,0.9988675117492676,1021.279541015625,1020.3853149414062,0.9991105198860168,338.22491455078125,498.43316650390625,0.999049723148346,331.24432373046875,610.8533325195312,0.9991355538368225,277.8968811035156,550.0772094726562,0.9991217255592346,387.41888427734375,559.5686645507812,0.997458279132843,715.77880859375,499.6451110839844,0.9932363629341125,755.337158203125,717.4340209960938,0.999895453453064,692.0047607421875,591.4025268554688,0.9963685274124146,784.2371826171875,553.9166870117188,0.9391415119171143,604.4275512695312,1037.6683349609375,0.09391121566295624,511.3259582519531,1005.9557495117188,0.8082097768783569,492.59906005859375,997.566650390625,0.5429617166519165,468.72564697265625,919.461669921875,0.5825725793838501,572.1494140625,1057.3797607421875,0.41470542550086975,477.21185302734375,995.4271240234375,0.11545231193304062,485.4568786621094,877.9354858398438,0.4082421064376831,429.8111877441406,971.697509765625,0.24305331707000732,373.0247802734375,914.4058227539062,0.9991931319236755,210.85989379882812,904.2610473632812,0.9168789386749268,97.36380767822266,1024.726318359375,0.07218112051486969
1638,86.04513549804688,117.95515441894531,0.9998334646224976,997.2774658203125,82.72667694091797,0.9999229907989502,91.33312225341797,1029.919677734375,0.9987623691558838,1021.0741577148438,1020.0233154296875,0.9989622831344604,337.1288757324219,497.7369689941406,0.9987927675247192,332.47210693359375,610.4839477539062,0.9990284442901611,277.1058349609375,549.8111572265625,0.9987645149230957,386.9361572265625,558.656005859375,0.9964889287948608,713.16064453125,499.3851318359375,0.988585889339447,754.3292236328125,716.0069580078125,0.9999165534973145,691.0220336914062,591.36474609375,0.9942664504051208,781.2030639648438,556.70703125,0.985801637172699,607.8887939453125,1034.9697265625,0.09406378120183945,507.9454040527344,1001.7125244140625,0.9327733516693115,495.7239990234375,995.9715576171875,0.8304241895675659,474.2730407714844,991.4208374023438,0.060241468250751495,571.4971923828125,1055.111328125,0.2986588478088379,585.2667236328125,1054.854248046875,0.0932985469698906,455.0054016113281,881.3665771484375,0.12648479640483856,424.72967529296875,970.4345092773438,0.14307880401611328,371.1228942871094,914.1199951171875,0.9989579916000366,207.4647674560547,905.1947021484375,0.9252631664276123,110.36325073242188,1025.0386962890625,0.05304840952157974
1639,85.19278717041016,117.33878326416016,0.9998974800109863,997.0252685546875,83.4306411743164,0.9999778270721436,91.16166687011719,1029.8980712890625,0.9984042048454285,1021.5617065429688,1021.5233764648438,0.9994596838951111,337.9400329589844,497.6669616699219,0.9984374642372131,332.5544128417969,610.9349975585938,0.9991607666015625,277.3983154296875,549.6030883789062,0.999197781085968,387.16693115234375,560.5020141601562,0.9974638223648071,715.9810791015625,499.53717041015625,0.9905632734298706,754.977294921875,717.131103515625,0.9999288320541382,691.9200439453125,592.8048095703125,0.9969245791435242,781.183837890625,556.6239624023438,0.9843578338623047,558.2492065429688,1085.4862060546875,0.0695732980966568,581.8078002929688,1019.2182006835938,0.4483083486557007,495.2100830078125,997.789306640625,0.38544678688049316,474.24658203125,992.9835205078125,0.041892245411872864,568.9473876953125,1055.3436279296875,0.17073172330856323,584.6507568359375,1054.395751953125,0.10681674629449844,460.2427673339844,879.890625,0.16355003416538239,432.8323974609375,971.4229125976562,0.07618635892868042,373.01629638671875,912.7718505859375,0.9960513710975647,213.2330780029297,905.092041015625,0.9214258790016174,135.72958374023438,855.6151123046875,0.13798494637012482
1640,86.93659973144531,116.35334014892578,0.9997109770774841,995.7830200195312,83.663818359375,0.9999896287918091,91.19828033447266,1029.633544921875,0.9982486963272095,1021.6552124023438,1021.0730590820312,0.9992586970329285,337.7855224609375,497.7640686035156,0.9988617897033691,331.8448486328125,610.8931274414062,0.9991922974586487,277.4094543457031,550.4617309570312,0.9991918206214905,386.3877258300781,559.645263671875,0.9970364570617676,714.4000854492188,499.16888427734375,0.9899022579193115,754.8478393554688,717.0238647460938,0.9999128580093384,691.1997680664062,592.0215454101562,0.991765558719635,782.2471923828125,556.165283203125,0.9809498190879822,616.5680541992188,1019.4124755859375,0.34299618005752563,506.1122741699219,1007.6976928710938,0.5742127299308777,490.64288330078125,997.6801147460938,0.4578542709350586,460.5285339355469,917.4706420898438,0.06229030340909958,563.9325561523438,963.2019653320312,0.7009775638580322,479.6321105957031,1040.4951171875,0.03488481789827347,458.3893127441406,877.70556640625,0.31949472427368164,431.16534423828125,973.5979614257812,0.1921316683292389,372.6995849609375,915.9661865234375,0.9995373487472534,211.0765838623047,904.6102905273438,0.9191598892211914,106.7999038696289,1028.070068359375,0.16315880417823792
1641,86.64569091796875,117.287109375,0.9997912049293518,996.0728149414062,83.84447479248047,0.9999380111694336,91.1386947631836,1029.77880859375,0.9987234473228455,1021.3417358398438,1021.607177734375,0.998816967010498,338.090576171875,497.57080078125,0.9989148378372192,331.12469482421875,610.8145751953125,0.9990732669830322,277.2860412597656,550.3241577148438,0.9992890357971191,387.1470947265625,560.9824829101562,0.9975743889808655,715.0569458007812,499.97802734375,0.9918501973152161,755.2946166992188,715.86083984375,0.9999173879623413,693.5306396484375,591.13330078125,0.9950587749481201,781.918212890625,551.509521484375,0.9763941168785095,601.1982421875,1025.4005126953125,0.19628243148326874,509.79449462890625,1006.5214233398438,0.9204394221305847,493.67156982421875,996.2968139648438,0.8652305006980896,461.2752990722656,936.7549438476562,0.14938472211360931,561.0843505859375,963.08154296875,0.930388331413269,475.29766845703125,975.7417602539062,0.05471181869506836,463.7157287597656,876.6222534179688,0.1381581723690033,426.88140869140625,970.3967895507812,0.8777503967285156,373.2049560546875,914.9336547851562,0.9993890523910522,215.23411560058594,905.135498046875,0.9485369920730591,105.87374877929688,1028.625732421875,0.09112872928380966
1642,87.29963684082031,117.60189056396484,0.9997861981391907,994.8163452148438,85.1356430053711,0.9999661445617676,90.62939453125,1028.4117431640625,0.99982088804245,1022.10693359375,1021.2547607421875,0.999583899974823,339.11248779296875,497.9371643066406,0.9991500377655029,331.28387451171875,610.4714965820312,0.9992499947547913,277.7203063964844,549.4850463867188,0.9992961883544922,386.7140808105469,560.1209106445312,0.9981092214584351,716.8328247070312,499.7567443847656,0.9929232597351074,753.9964599609375,716.614013671875,0.9998376369476318,692.2373046875,591.4041748046875,0.993898868560791,783.090087890625,566.0313720703125,0.9521661996841431,599.839599609375,1027.288330078125,0.34521257877349854,509.4392395019531,1006.0831909179688,0.7335317730903625,494.66021728515625,996.2236938476562,0.46082744002342224,462.1229248046875,915.7367553710938,0.4158378541469574,558.8855590820312,960.5576171875,0.7741149067878723,475.5368957519531,993.5850219726562,0.1420654058456421,475.3387756347656,875.0111694335938,0.47977665066719055,431.1575622558594,971.2944946289062,0.7043865919113159,371.2274475097656,914.249755859375,0.9992840886116028,214.48094177246094,904.7513427734375,0.9416231513023376,99.33833312988281,1024.7867431640625,0.10580004751682281
1643,85.62970733642578,116.2203140258789,0.9999667406082153,996.8455200195312,82.96685028076172,0.9999659061431885,92.11296844482422,1029.361083984375,0.9964512586593628,1022.790283203125,1021.8782958984375,0.9993526339530945,339.4565124511719,498.2360534667969,0.9992363452911377,330.275146484375,610.0684814453125,0.9983349442481995,277.0719909667969,549.0888061523438,0.9995148181915283,387.3620300292969,560.1573486328125,0.997190535068512,717.6862182617188,499.8780517578125,0.9923576712608337,754.1490478515625,716.9591064453125,0.9999104738235474,691.6319580078125,592.2721557617188,0.9959174990653992,782.1319580078125,557.0652465820312,0.9441278576850891,600.1343383789062,1029.0936279296875,0.42006251215934753,505.0542297363281,1006.794677734375,0.632389485836029,488.5567321777344,998.1734619140625,0.6598328351974487,467.7882995605469,919.5314331054688,0.4590960144996643,559.0716552734375,962.0899047851562,0.7503974437713623,474.3229675292969,993.4017333984375,0.18042835593223572,477.5105895996094,873.0885009765625,0.3299635052680969,432.9769592285156,969.91162109375,0.8746132254600525,374.82086181640625,914.3446044921875,0.9984278678894043,217.12515258789062,904.9271240234375,0.9660205841064453,104.85320281982422,1026.4456787109375,0.07296149432659149
1644,86.22552490234375,116.888427734375,0.9999265670776367,996.0003662109375,84.3634262084961,0.9999617338180542,92.07777404785156,1032.1217041015625,0.9989302754402161,1022.9968872070312,1020.628173828125,0.9996345043182373,339.0023498535156,497.95977783203125,0.9992163181304932,329.4757080078125,610.1605224609375,0.9985854625701904,277.60882568359375,549.9915161132812,0.9992201328277588,386.753662109375,560.0494384765625,0.9954308271408081,715.4915771484375,500.2848815917969,0.983816385269165,754.0457153320312,716.89306640625,0.9998719692230225,693.459228515625,593.2721557617188,0.9964963793754578,783.1657104492188,557.6372680664062,0.9636574387550354,596.6515502929688,1029.5281982421875,0.4141044318675995,573.3304443359375,1033.625244140625,0.5377947688102722,494.533447265625,997.9777221679688,0.2517537474632263,462.6221923828125,918.059326171875,0.33222585916519165,555.8526000976562,963.5286865234375,0.8784028887748718,491.6179504394531,978.93359375,0.24236367642879486,484.1031799316406,882.28515625,0.1090417131781578,460.4476318359375,975.1966552734375,0.10328523069620132,371.74981689453125,914.1984252929688,0.9985767602920532,210.83982849121094,904.3473510742188,0.9726384878158569,461.6141662597656,856.4908447265625,0.6671360731124878
1645,86.52381896972656,115.89559173583984,0.9999125003814697,994.92333984375,82.05265808105469,0.9998884201049805,91.49549865722656,1030.873779296875,0.9983780384063721,1021.8826293945312,1020.9428100585938,0.9996658563613892,339.1392517089844,498.2840576171875,0.9992315769195557,330.4727783203125,610.5078125,0.9989995360374451,276.923095703125,549.6199951171875,0.999232292175293,387.713623046875,560.4801025390625,0.994071900844574,716.2252807617188,499.3689880371094,0.9605106115341187,753.5183715820312,716.8771362304688,0.9998626708984375,692.30224609375,593.71142578125,0.9957402944564819,783.4854736328125,555.3563232421875,0.9159618020057678,598.5712280273438,1029.567626953125,0.48444226384162903,503.41094970703125,1008.2889404296875,0.3256365954875946,494.9812927246094,999.4548950195312,0.3171854019165039,467.366455078125,916.8574829101562,0.13452664017677307,558.4559936523438,973.2770385742188,0.5942465662956238,458.6727600097656,1018.7158813476562,0.1958056390285492,470.138671875,877.3200073242188,0.20508506894111633,457.279296875,972.981201171875,0.04923516884446144,372.23797607421875,915.76806640625,0.9989238381385803,216.32723999023438,904.8565063476562,0.9584342837333679,463.09197998046875,850.1259155273438,0.22826431691646576
1646,85.73867797851562,116.0240478515625,0.9999462366104126,996.46533203125,82.30037689208984,0.9999531507492065,89.87699127197266,1030.9071044921875,0.998608410358429,1023.2137451171875,1021.2579345703125,0.999679684638977,338.3162536621094,498.1845703125,0.9991822838783264,330.431884765625,610.7742309570312,0.9988542795181274,277.4674987792969,551.1641235351562,0.9994140863418579,387.65875244140625,560.1556396484375,0.9969989061355591,714.5908813476562,499.8804931640625,0.9687817096710205,755.203125,716.0844116210938,0.9998952150344849,692.7313842773438,593.1682739257812,0.9975433945655823,784.0679321289062,556.1405029296875,0.9542930126190186,598.5748291015625,1028.529541015625,0.5267365574836731,502.8506164550781,1009.5946655273438,0.9637764692306519,482.7186584472656,997.0407104492188,0.5741420388221741,472.1989440917969,920.4828491210938,0.586326003074646,556.7061157226562,966.6901245117188,0.9273027777671814,458.88714599609375,1008.4962768554688,0.2794407308101654,473.2587890625,873.6599731445312,0.301945298910141,432.0598449707031,969.4588623046875,0.41596195101737976,373.3038635253906,914.1204223632812,0.9991840720176697,221.7007293701172,906.3612060546875,0.9607229232788086,478.93658447265625,850.1969604492188,0.04500095173716545
1647,86.70465850830078,114.83015441894531,0.9997901320457458,994.7803344726562,83.10355377197266,0.9999504089355469,91.01937866210938,1029.5933837890625,0.9993298053741455,1021.5682373046875,1020.2703247070312,0.9989485144615173,338.21502685546875,498.3442077636719,0.9987142086029053,330.40771484375,610.0640869140625,0.9990142583847046,277.3736572265625,550.2756958007812,0.9996058344841003,388.4673767089844,559.1132202148438,0.996573805809021,717.6182861328125,496.8830261230469,0.9830771088600159,754.7694091796875,717.418212890625,0.9998992681503296,690.6828002929688,591.0877685546875,0.9953991770744324,784.328369140625,556.4168090820312,0.9915003776550293,598.3024291992188,1025.5960693359375,0.053988296538591385,508.61212158203125,1006.261962890625,0.8054709434509277,511.2648620605469,997.7242431640625,0.29926881194114685,467.37091064453125,920.1520385742188,0.75530606508255,556.8253173828125,960.408447265625,0.8228052258491516,495.2460021972656,978.3543090820312,0.33690276741981506,486.21435546875,880.19482421875,0.16666081547737122,433.59613037109375,968.9110717773438,0.3068401515483856,373.4271545410156,914.5350341796875,0.9985263347625732,212.64817810058594,904.6200561523438,0.9614989161491394,479.5328674316406,846.4476928710938,0.1503368318080902
1648,87.82225036621094,116.1719970703125,0.9998313188552856,994.9707641601562,85.45284271240234,0.9999761581420898,89.58390045166016,1031.3289794921875,0.9989778995513916,1022.552978515625,1022.0271606445312,0.9992324113845825,337.2841796875,498.2082214355469,0.9984725117683411,332.04547119140625,610.5590209960938,0.9989790916442871,277.3689880371094,549.5753173828125,0.9991217255592346,387.0430603027344,559.2918701171875,0.9970597624778748,715.4254760742188,499.02471923828125,0.9820659756660461,753.9638671875,716.8829956054688,0.999872088432312,691.1357421875,591.3631591796875,0.9958508014678955,783.6514892578125,557.7186889648438,0.9726502895355225,590.2100219726562,1053.7901611328125,0.14492756128311157,497.8079833984375,1011.8810424804688,0.5253190994262695,552.616943359375,1039.433349609375,0.45937544107437134,461.8652648925781,918.8667602539062,0.653567910194397,550.4494018554688,944.6495971679688,0.4153417646884918,483.2702941894531,987.750244140625,0.4833737909793854,455.04534912109375,875.3468627929688,0.1939931958913803,457.5173645019531,951.2454223632812,0.05767934024333954,372.3302917480469,915.1221313476562,0.9990026354789734,216.93162536621094,905.2025756835938,0.9172945022583008,424.6863708496094,490.6537780761719,0.3079015910625458
1649,87.16735076904297,116.1926040649414,0.9997945427894592,996.4193725585938,84.34857177734375,0.9999250173568726,91.31539916992188,1030.5050048828125,0.9987801909446716,1023.5977783203125,1021.9146118164062,0.9995261430740356,338.58477783203125,497.9707336425781,0.9989745616912842,330.89263916015625,609.2523803710938,0.9980973601341248,277.16650390625,550.079345703125,0.9992468357086182,386.3034362792969,559.4348754882812,0.9955807328224182,715.8005981445312,497.3241271972656,0.9926407933235168,754.5195922851562,717.2284545898438,0.9998899698257446,689.5619506835938,588.3984985351562,0.9947134852409363,783.7730712890625,558.026123046875,0.9836609959602356,453.462890625,1066.177490234375,0.1687978208065033,547.3051147460938,1036.2099609375,0.5343802571296692,506.1814880371094,998.208740234375,0.2253957986831665,468.1353759765625,920.7213134765625,0.28319722414016724,552.65087890625,949.8327026367188,0.45477530360221863,479.5972900390625,990.9591064453125,0.572501003742218,462.0384521484375,877.2952270507812,0.1560305804014206,461.9798889160156,982.6707763671875,0.34949299693107605,371.0134582519531,915.1935424804688,0.9995161294937134,219.79754638671875,905.8610229492188,0.9021439552307129,480.5577697753906,847.4791870117188,0.12165544182062149
1650,87.4788589477539,116.84176635742188,0.9997345805168152,995.5075073242188,85.93578338623047,0.9999517202377319,89.04557037353516,1030.524658203125,0.9995111227035522,1021.0770263671875,1021.3960571289062,0.9994378685951233,339.6732482910156,498.1762390136719,0.9991552829742432,331.375732421875,609.75048828125,0.9982613921165466,278.1993713378906,548.9022216796875,0.9989472031593323,386.9400329589844,560.6279296875,0.9959576725959778,713.1343383789062,499.578125,0.9976212382316589,754.24853515625,716.8379516601562,0.9997853636741638,689.0306396484375,585.8466186523438,0.9897301197052002,781.356689453125,558.6792602539062,0.983836829662323,597.5838012695312,1026.2470703125,0.19355082511901855,498.2300109863281,1017.5071411132812,0.23973089456558228,498.6053161621094,1010.3795166015625,0.05765040963888168,472.719970703125,928.1785888671875,0.07466394454240799,555.0772094726562,968.9127197265625,0.10306324064731598,482.1935729980469,997.325927734375,0.512660562992096,461.7034912109375,877.3321533203125,0.03936724737286568,466.01904296875,991.9649658203125,0.5354032516479492,370.32550048828125,915.2308349609375,0.9987102746963501,224.73428344726562,907.0133056640625,0.9767481684684753,470.4692687988281,846.8729858398438,0.3821760416030884
1651,88.49564361572266,116.10521697998047,0.9996160268783569,994.7526245117188,83.7073745727539,0.9999516010284424,90.48824310302734,1028.498291015625,0.9996640682220459,1018.8696899414062,1021.8342895507812,0.9995105266571045,339.8434753417969,498.27020263671875,0.9984069466590881,331.12530517578125,610.2830810546875,0.9981099367141724,278.2405090332031,550.8505249023438,0.9986211061477661,387.5711975097656,559.8860473632812,0.9950778484344482,715.4332275390625,499.5256652832031,0.997556209564209,754.2803955078125,717.035888671875,0.9998507499694824,690.9879760742188,592.2381591796875,0.9968960285186768,785.6878662109375,560.6284790039062,0.983803927898407,585.1534423828125,1067.7432861328125,0.3862491548061371,480.8625183105469,1016.92431640625,0.5223036408424377,551.8119506835938,1038.640625,0.2651987373828888,460.68560791015625,924.4490966796875,0.0713619664311409,499.06732177734375,1058.215576171875,0.05684664100408554,484.7901916503906,992.672119140625,0.5436535477638245,491.8848571777344,959.9826049804688,0.09305766224861145,463.3670654296875,993.2052001953125,0.16733437776565552,367.00384521484375,916.00830078125,0.9944264888763428,221.9185333251953,906.6719970703125,0.9670509696006775,466.8199157714844,848.9169311523438,0.6393113732337952
1652,85.68897247314453,116.8253173828125,0.9996803998947144,996.6576538085938,82.41785430908203,0.9997944235801697,91.9206314086914,1028.806396484375,0.9996627569198608,1022.0726928710938,1022.2424926757812,0.9994624257087708,338.67840576171875,498.4748840332031,0.9988994598388672,331.9097595214844,610.8490600585938,0.9982603192329407,278.3399963378906,551.0648193359375,0.9989294409751892,387.1085205078125,559.8240356445312,0.9968055486679077,714.2591552734375,499.68316650390625,0.9989829659461975,754.88720703125,717.6903686523438,0.9999046325683594,694.53076171875,593.7070922851562,0.9977391958236694,782.0016479492188,559.7618408203125,0.9741439819335938,588.521484375,1060.85107421875,0.08827859908342361,480.2474365234375,1016.313232421875,0.3179604113101959,478.494873046875,1013.762451171875,0.16869382560253143,459.0476379394531,925.7847290039062,0.2930785119533539,556.0643920898438,1067.8531494140625,0.05592360720038414,481.93939208984375,994.53466796875,0.45693671703338623,451.95697021484375,882.2315063476562,0.14824537932872772,428.9728088378906,968.19775390625,0.7634234428405762,370.88043212890625,913.8943481445312,0.9971561431884766,212.89869689941406,905.1836547851562,0.9590463638305664,466.4371643066406,853.5973510742188,0.21326135098934174
1653,85.07992553710938,118.5325927734375,0.9998838901519775,996.0686645507812,82.31658935546875,0.9998517036437988,91.95750427246094,1029.8538818359375,0.9993276596069336,1021.928466796875,1022.20068359375,0.9994729161262512,338.1236572265625,498.3616943359375,0.9982271790504456,330.9332580566406,609.81298828125,0.9985974431037903,277.8864440917969,551.0477905273438,0.9991933703422546,386.1261291503906,558.7750854492188,0.9969723224639893,716.0977783203125,498.4322509765625,0.9989593029022217,754.7039184570312,717.5798950195312,0.9998495578765869,693.08935546875,592.572265625,0.9959307312965393,784.9580078125,555.9743041992188,0.9879235625267029,583.8230590820312,1056.45703125,0.17335401475429535,481.8095703125,1017.3649291992188,0.6988008618354797,548.7112426757812,1043.7926025390625,0.47506335377693176,473.5675048828125,928.7884521484375,0.7244225740432739,560.6543579101562,1067.8822021484375,0.18655294179916382,488.64208984375,991.5335083007812,0.4258117079734802,456.88983154296875,878.502685546875,0.08188772946596146,458.23004150390625,993.3861083984375,0.03084498457610607,372.12322998046875,914.4000244140625,0.9977700710296631,222.86077880859375,906.0330200195312,0.982727587223053,462.173095703125,853.027099609375,0.8116744160652161
1654,87.12178802490234,115.0045166015625,0.9995611310005188,997.03173828125,85.6002426147461,0.9998486042022705,90.76447296142578,1030.4764404296875,0.9989515542984009,1019.4806518554688,1021.689208984375,0.9990469813346863,336.18475341796875,498.6746826171875,0.9982386827468872,332.3394775390625,610.7213745117188,0.9988688826560974,277.7308654785156,551.683349609375,0.9992445707321167,386.9351501464844,558.3297729492188,0.9979526996612549,716.9413452148438,497.8855285644531,0.9989047050476074,753.9208374023438,718.0128784179688,0.9998458623886108,693.9630737304688,591.9246826171875,0.9950640797615051,784.6856689453125,563.03857421875,0.9772661328315735,588.8464965820312,1064.6395263671875,0.17202714085578918,480.0575256347656,1016.9678955078125,0.4947769045829773,553.1830444335938,1042.194580078125,0.3097604215145111,506.18865966796875,1023.8485717773438,0.021861132234334946,499.1308898925781,1058.88232421875,0.05754736810922623,483.83416748046875,994.7298583984375,0.35039111971855164,499.5866394042969,959.4385986328125,0.0222540982067585,555.68408203125,958.2853393554688,0.006808241363614798,371.2677001953125,914.3338012695312,0.9866189360618591,222.65859985351562,905.90380859375,0.9881077408790588,495.2182312011719,857.0974731445312,0.19439905881881714
1655,84.88435363769531,118.3328628540039,0.9997727274894714,996.8803100585938,82.64878845214844,0.9999158382415771,89.8826904296875,1030.12939453125,0.999704897403717,1022.6402587890625,1021.84375,0.9995167255401611,337.35638427734375,498.4363708496094,0.9988191723823547,332.03765869140625,610.9993896484375,0.9989675283432007,277.3773193359375,552.1211547851562,0.9993271827697754,387.7568359375,559.2423706054688,0.9984801411628723,717.7161254882812,499.24383544921875,0.9971359968185425,754.6632690429688,718.0643310546875,0.9998732805252075,693.8389282226562,592.5426025390625,0.9934172630310059,784.1148071289062,554.3336181640625,0.9472671151161194,588.8421020507812,1053.8262939453125,0.1423124074935913,498.3959655761719,1014.0410766601562,0.717283308506012,489.90032958984375,1007.6962890625,0.7016597986221313,459.56402587890625,927.6116943359375,0.6696316003799438,560.0640258789062,979.3058471679688,0.1419415920972824,475.8048095703125,997.83642578125,0.20765575766563416,485.97698974609375,892.152099609375,0.09589538723230362,421.62152099609375,966.8633422851562,0.8649094700813293,370.7908630371094,913.1837158203125,0.9974324107170105,220.77249145507812,905.6502075195312,0.9775521755218506,488.40869140625,846.2102661132812,0.0604013130068779
1656,86.4218521118164,115.36148834228516,0.9996885061264038,995.1946411132812,84.45875549316406,0.9997807145118713,91.07168579101562,1029.2891845703125,0.9991740584373474,1022.0457763671875,1022.07958984375,0.9991971850395203,337.5045166015625,498.9878845214844,0.9985508322715759,331.1946105957031,611.018310546875,0.9989774227142334,278.15924072265625,551.019775390625,0.9992638230323792,387.4305725097656,560.0899047851562,0.9982263445854187,716.315185546875,498.056640625,0.9973879456520081,754.4520874023438,717.8621826171875,0.9999001026153564,691.7483520507812,590.5104370117188,0.9963139891624451,785.6378784179688,555.0777587890625,0.9573189616203308,601.74169921875,1055.2430419921875,0.13871487975120544,499.67059326171875,1008.6512451171875,0.7660024762153625,487.5322570800781,998.0108642578125,0.34708860516548157,466.1290283203125,920.70849609375,0.8280228972434998,559.2691650390625,969.304443359375,0.39506441354751587,461.0070495605469,1020.6207885742188,0.20477436482906342,463.0036926269531,877.4163208007812,0.22317025065422058,428.4889831542969,959.6992797851562,0.4910946786403656,372.8166198730469,912.8527221679688,0.9964110255241394,221.70880126953125,905.3292846679688,0.97955322265625,95.9156723022461,1012.56396484375,0.061941079795360565
1657,87.37254333496094,117.90101623535156,0.999431312084198,996.0289306640625,85.07196044921875,0.9999063014984131,91.59747314453125,1029.2603759765625,0.9994357228279114,1021.7694702148438,1022.3056030273438,0.9988840222358704,336.48687744140625,498.652099609375,0.9980164766311646,333.00579833984375,611.0701293945312,0.9988380074501038,277.6647033691406,551.85986328125,0.9989411234855652,387.91229248046875,558.5330810546875,0.9974116683006287,712.7486572265625,498.3121337890625,0.9958659410476685,753.6869506835938,717.3966674804688,0.9999253749847412,691.9498901367188,591.158203125,0.996285080909729,783.116943359375,551.5975341796875,0.96258544921875,601.4881591796875,1055.88134765625,0.13799767196178436,497.30145263671875,1009.8419799804688,0.35287749767303467,557.6568603515625,1042.737060546875,0.34729188680648804,460.359130859375,924.7379760742188,0.13962410390377045,572.1976928710938,1071.924072265625,0.1405423879623413,479.9967346191406,993.4503173828125,0.37822920083999634,476.7850646972656,881.7990112304688,0.2314804196357727,414.4493713378906,966.5665283203125,0.6075314879417419,369.9553527832031,913.465576171875,0.9985045194625854,223.4086151123047,906.0983276367188,0.9660351872444153,497.782470703125,849.5338134765625,0.1968599259853363
1658,85.15386962890625,116.84661865234375,0.9997919201850891,995.4952392578125,83.7822265625,0.9999433755874634,91.6749496459961,1030.6485595703125,0.9983677268028259,1021.964599609375,1021.994140625,0.9989068508148193,336.58465576171875,498.9058837890625,0.9989482760429382,332.452880859375,610.5697631835938,0.9975847005844116,277.4237365722656,550.8495483398438,0.9993267059326172,387.6722412109375,558.2763061523438,0.9978321194648743,714.4771728515625,497.9540100097656,0.9889679551124573,753.4733276367188,716.9533081054688,0.9998812675476074,691.9646606445312,590.8340454101562,0.9896659851074219,785.0737915039062,556.5882568359375,0.944801390171051,599.9678955078125,1059.986572265625,0.16227948665618896,504.902099609375,1014.2791137695312,0.9705910682678223,484.4981384277344,1009.0033569335938,0.6058651208877563,466.66229248046875,920.813720703125,0.4488404095172882,558.3182373046875,970.5865478515625,0.3991955816745758,477.28497314453125,993.0740356445312,0.6266666650772095,482.3078308105469,883.8905029296875,0.331206738948822,429.5293273925781,967.5916748046875,0.6380652785301208,371.821044921875,912.3282470703125,0.9974653720855713,223.1775665283203,906.3416748046875,0.9322705864906311,497.2821044921875,849.0506591796875,0.19561070203781128
1659,86.87569427490234,117.24713134765625,0.9997463822364807,995.8060913085938,85.83926391601562,0.9999551773071289,93.18961334228516,1030.0477294921875,0.9980406165122986,1021.8806762695312,1020.5680541992188,0.9990867376327515,335.4789123535156,498.4249267578125,0.9986369013786316,332.14111328125,610.4661865234375,0.9980478286743164,276.951416015625,550.5624389648438,0.9995123147964478,387.56964111328125,558.999755859375,0.9974608421325684,712.04833984375,499.3100280761719,0.9965404272079468,754.6319580078125,716.5385131835938,0.9998487234115601,690.6475830078125,589.0856323242188,0.992302417755127,784.50146484375,550.900634765625,0.854199230670929,573.510009765625,1058.3426513671875,0.27823376655578613,499.47735595703125,1017.3801879882812,0.6802579164505005,485.6360168457031,1009.6011352539062,0.3827773332595825,468.27044677734375,926.30029296875,0.6372826099395752,559.61376953125,982.8216552734375,0.20236162841320038,493.2516174316406,981.6620483398438,0.34127938747406006,486.6098937988281,892.2968139648438,0.22417807579040527,426.08880615234375,967.8090209960938,0.8788934946060181,373.62554931640625,912.0751953125,0.9982742071151733,221.76380920410156,906.1679077148438,0.9599419236183167,100.03019714355469,1023.6689453125,0.09655363857746124
1660,86.69164276123047,117.98092651367188,0.99978107213974,993.6229248046875,85.0589370727539,0.9998962879180908,90.73970031738281,1028.7626953125,0.9997562766075134,1022.7018432617188,1021.9918823242188,0.9996622800827026,337.7005920410156,498.3539733886719,0.9990835189819336,332.5398254394531,610.4302368164062,0.9983893632888794,277.59149169921875,550.588134765625,0.999616265296936,387.30181884765625,559.5153198242188,0.9976872205734253,713.3886108398438,498.7810974121094,0.9950796365737915,754.7415771484375,716.0841064453125,0.999908447265625,691.7064208984375,591.0361938476562,0.9946497082710266,782.5467529296875,555.9214477539062,0.9557878971099854,582.950927734375,1084.2930908203125,0.039549827575683594,540.22119140625,1038.3370361328125,0.6478133797645569,481.74200439453125,1011.57373046875,0.31648683547973633,472.754150390625,930.0324096679688,0.32587730884552,553.1227416992188,981.2041625976562,0.482063889503479,462.0147705078125,1011.1124267578125,0.7999272346496582,454.1334533691406,874.6187133789062,0.12516151368618011,431.3545227050781,967.781494140625,0.4952716529369354,371.8777770996094,912.3739624023438,0.9976171851158142,223.0384979248047,906.3311767578125,0.9692249298095703,462.09686279296875,853.8284912109375,0.20492331683635712
1661,85.8169937133789,116.43253326416016,0.9999029636383057,994.3880004882812,82.15388488769531,0.9998887777328491,89.75823974609375,1029.6033935546875,0.9995731711387634,1024.0439453125,1022.1754150390625,0.9996289014816284,337.56451416015625,498.38507080078125,0.999290943145752,332.7496032714844,611.0327758789062,0.9982568621635437,277.9140625,551.4338989257812,0.9996340274810791,387.1599426269531,558.8746337890625,0.9980462789535522,712.3968505859375,499.1539001464844,0.9925907850265503,754.5267944335938,716.2222900390625,0.9999194145202637,691.0501098632812,592.5897827148438,0.9975433945655823,781.9652709960938,551.2813110351562,0.9729062914848328,569.0250854492188,1087.3687744140625,0.09856314957141876,485.4691162109375,1022.1538696289062,0.7006522417068481,503.5161437988281,1008.4890747070312,0.8492074012756348,461.7250061035156,928.2069091796875,0.48366793990135193,548.244384765625,960.72900390625,0.5947407484054565,474.30572509765625,1000.7127685546875,0.2812027335166931,488.7621765136719,894.3685913085938,0.17718563973903656,426.1030578613281,968.8868408203125,0.7352160811424255,371.0238952636719,912.7966918945312,0.9977376461029053,222.73631286621094,907.1300659179688,0.923197865486145,274.41253662109375,838.2943725585938,0.11211620271205902
1662,85.2412338256836,116.61788940429688,0.9999327659606934,998.090087890625,83.47432708740234,0.9999305009841919,90.76860046386719,1029.616943359375,0.999546468257904,1023.4312744140625,1021.3300170898438,0.9996047616004944,337.3158264160156,498.6283264160156,0.9991255402565002,332.6772766113281,610.5194091796875,0.9977524876594543,278.29241943359375,551.16748046875,0.9995502829551697,387.4665222167969,558.9784545898438,0.9969872832298279,718.7212524414062,498.47991943359375,0.9968646168708801,755.242431640625,716.6222534179688,0.9999148845672607,691.0571899414062,589.7597045898438,0.997032880783081,782.7786254882812,553.791015625,0.9833516478538513,569.19775390625,1087.89404296875,0.041223276406526566,488.6918640136719,1025.9559326171875,0.9702557325363159,500.2834167480469,1011.7048950195312,0.7801114916801453,464.8753356933594,927.0411376953125,0.7344505786895752,545.7978515625,959.2133178710938,0.7333598136901855,448.1943359375,1022.4343872070312,0.4475001096725464,489.3387145996094,880.7020263671875,0.20165424048900604,424.14263916015625,969.9428100585938,0.9791800379753113,370.5511779785156,913.5554809570312,0.9990430474281311,221.4709014892578,905.816162109375,0.9591733813285828,481.7609558105469,846.8065795898438,0.0637890100479126
1663,85.39322662353516,117.20191192626953,0.9999192953109741,995.4494018554688,84.48509216308594,0.9998718500137329,89.63551330566406,1030.611572265625,0.9996556043624878,1022.6275634765625,1021.7427368164062,0.9993394017219543,336.3831787109375,498.49176025390625,0.9989732503890991,331.5740051269531,609.1950073242188,0.998923122882843,277.8756103515625,550.5339965820312,0.9996392726898193,386.2979431152344,558.4580078125,0.9970940351486206,716.9721069335938,498.9126892089844,0.9928446412086487,754.46337890625,717.4636840820312,0.9998766183853149,692.023193359375,589.2695922851562,0.9959099292755127,783.861572265625,554.0711059570312,0.942792534828186,457.7706604003906,1022.499267578125,0.06840471923351288,483.5713195800781,1025.9676513671875,0.8855344653129578,482.26190185546875,1019.3321533203125,0.5098092555999756,467.5076599121094,925.1838989257812,0.42625734210014343,593.3834838867188,1052.8961181640625,0.22025518119335175,487.28472900390625,999.1791381835938,0.191489115357399,458.0641784667969,976.3333740234375,0.24088981747627258,425.5680236816406,961.7100830078125,0.8649508357048035,371.6566467285156,914.9885864257812,0.9993979930877686,217.63961791992188,907.1665649414062,0.9779861569404602,562.64208984375,952.5977783203125,0.07874782383441925
1664,86.56305694580078,117.09165954589844,0.9997989535331726,993.5454711914062,83.60780334472656,0.9997815489768982,91.32355499267578,1030.0322265625,0.9990377426147461,1023.8890991210938,1021.74609375,0.9992627501487732,335.64111328125,499.1817932128906,0.9992259740829468,331.52630615234375,608.584228515625,0.9981495141983032,277.30206298828125,552.3554077148438,0.9995438456535339,386.46185302734375,557.8287353515625,0.9974787831306458,716.181640625,500.4046325683594,0.9981381893157959,754.7685546875,717.1876831054688,0.9998400211334229,691.6832885742188,588.7608642578125,0.9958323836326599,783.6741943359375,554.0118408203125,0.9714974164962769,667.2352294921875,1009.8428955078125,0.005737741477787495,589.0439453125,1037.1895751953125,0.05444299429655075,586.7091674804688,1031.689208984375,0.3197157680988312,487.25250244140625,960.6099853515625,0.6598056554794312,599.3651123046875,988.823974609375,0.01156778447329998,492.405517578125,1041.5465087890625,0.9165363311767578,606.8975830078125,1057.886474609375,0.32581135630607605,420.68780517578125,972.6135864257812,0.8234769105911255,370.88519287109375,913.2169799804688,0.9985702037811279,223.05093383789062,913.1421508789062,0.96924889087677,129.27783203125,863.1049194335938,0.2618755102157593
1665,87.33614349365234,115.93589782714844,0.9998805522918701,996.0617065429688,84.0042495727539,0.999948263168335,88.78631591796875,1030.7025146484375,0.9969534873962402,1021.8523559570312,1021.4462890625,0.9993138313293457,336.2720642089844,498.94891357421875,0.9991912245750427,333.1059875488281,609.7139892578125,0.9985116124153137,277.2904357910156,552.0222778320312,0.9993417859077454,386.2873229980469,557.6614990234375,0.99777752161026,714.65380859375,500.4132080078125,0.9971643090248108,754.5076293945312,717.6114501953125,0.999879002571106,692.0021362304688,592.6227416992188,0.9949668049812317,784.390869140625,557.4486694335938,0.9438362717628479,557.7568359375,1089.1507568359375,0.09862692654132843,660.5910034179688,978.6346435546875,0.6168749332427979,644.6972045898438,989.0250244140625,0.3693682551383972,493.09124755859375,958.0574951171875,0.9769601821899414,584.6926879882812,958.338134765625,0.7520305514335632,656.8196411132812,1020.7904663085938,0.0769726112484932,479.1729736328125,892.9367065429688,0.6516863107681274,420.2518310546875,980.6708374023438,0.9945502877235413,375.8636169433594,916.3651733398438,0.9965502023696899,220.81163024902344,913.1906127929688,0.9679965972900391,780.8793334960938,996.569091796875,0.19505366683006287
1666,87.11939239501953,116.02943420410156,0.9993964433670044,994.3201293945312,84.29232025146484,0.9999210834503174,89.51382446289062,1030.0091552734375,0.9993543028831482,1020.5426635742188,1022.0095825195312,0.9991773962974548,337.20465087890625,498.8125915527344,0.9986507296562195,331.60882568359375,608.5136108398438,0.9984681010246277,277.7023010253906,551.0590209960938,0.9991694688796997,385.9256591796875,558.4349365234375,0.9979835748672485,714.4683837890625,500.48699951171875,0.9965235590934753,754.5569458007812,716.0994262695312,0.999902606010437,691.5213012695312,593.6681518554688,0.9940078258514404,783.145751953125,554.4376220703125,0.9664665460586548,740.0913696289062,946.0896606445312,0.0696779191493988,667.995849609375,960.7300415039062,0.3953339159488678,645.0101928710938,963.9267578125,0.7518669962882996,528.3119506835938,946.4813232421875,0.9995599389076233,608.051025390625,905.6189575195312,0.046334158629179,611.8728637695312,997.29541015625,0.3848299980163574,468.14508056640625,883.1174926757812,0.9945474863052368,447.2166442871094,984.0811157226562,0.8093402981758118,380.5181579589844,910.7821655273438,0.9902611374855042,214.7704315185547,908.3839721679688,0.8626999855041504,128.37864685058594,866.7648315429688,0.14450740814208984
1667,85.95360565185547,118.41191864013672,0.9998846054077148,994.6370239257812,84.66543579101562,0.9999525547027588,89.11402130126953,1030.187255859375,0.9991031885147095,1021.8856811523438,1020.6940307617188,0.9994515776634216,337.01904296875,498.4884033203125,0.9988516569137573,331.7658996582031,608.93603515625,0.9986586570739746,276.9732360839844,549.9136962890625,0.9995167255401611,386.1663818359375,557.9561767578125,0.9981234669685364,712.3192749023438,500.3160705566406,0.9968269467353821,754.564453125,716.1786499023438,0.9998672008514404,689.2945556640625,591.0740356445312,0.9946277737617493,782.86767578125,547.806396484375,0.9499229192733765,813.6959838867188,942.0350952148438,0.8261794447898865,738.5745239257812,944.04931640625,0.6416600346565247,700.5107421875,943.109619140625,0.856988787651062,551.5482788085938,934.166748046875,0.9901224970817566,662.0245361328125,903.812744140625,0.6316957473754883,656.8096923828125,981.0887451171875,0.9949772953987122,472.6430969238281,876.7706298828125,0.9956074357032776,475.1845397949219,976.0765380859375,0.9364581108093262,388.3159484863281,916.064697265625,0.9961304664611816,80.7619400024414,995.6842041015625,0.23490579426288605,222.77517700195312,908.5729370117188,0.9591749906539917
1668,86.45549774169922,118.86730194091797,0.9998549222946167,994.6102294921875,84.02251434326172,0.9999610185623169,88.5362319946289,1030.7117919921875,0.9994970560073853,1022.1283569335938,1021.9854736328125,0.9993347525596619,336.71533203125,498.6208190917969,0.9989328980445862,332.6423645019531,610.21484375,0.9989822506904602,277.6225280761719,550.825439453125,0.9992839694023132,387.0668640136719,558.2144775390625,0.9972364902496338,714.0958251953125,499.4198303222656,0.9962685108184814,753.8079833984375,715.7088012695312,0.9998642206192017,689.2698364257812,592.6940307617188,0.9928452372550964,783.6513671875,553.9620971679688,0.955763041973114,850.9204711914062,944.7537231445312,0.25133398175239563,798.4161376953125,932.8262939453125,0.8827502727508545,771.5790405273438,935.5536499023438,0.8608101010322571,576.9591064453125,931.154541015625,0.9588773250579834,703.1672973632812,884.7127075195312,0.5743120908737183,716.8001708984375,969.596923828125,0.9769565463066101,500.98602294921875,873.761962890625,0.8696982264518738,498.3713073730469,977.5868530273438,0.4542059600353241,399.4664611816406,924.478271484375,0.9376211762428284,285.5315246582031,921.65234375,0.33871620893478394,231.17599487304688,924.9927978515625,0.4358760118484497
1669,87.329345703125,117.36996459960938,0.9996347427368164,993.5941162109375,83.08039855957031,0.9999434947967529,90.31753540039062,1030.2200927734375,0.9997711777687073,1020.6207885742188,1020.9413452148438,0.9995806813240051,336.0579833984375,498.2835693359375,0.998314619064331,333.16748046875,610.787109375,0.9984126091003418,277.7833557128906,551.2210083007812,0.9991563558578491,385.7080993652344,558.2550659179688,0.9971591234207153,712.052001953125,501.54931640625,0.9927311539649963,755.02734375,715.7420654296875,0.9998466968536377,691.4266967773438,594.1956787109375,0.9985350370407104,783.2977905273438,557.1622314453125,0.9263753890991211,877.0955200195312,945.3480224609375,0.026577726006507874,836.4659423828125,936.0482788085938,0.9438839554786682,811.9583129882812,932.9892578125,0.8805301189422607,661.0486450195312,935.6366577148438,0.9725247025489807,778.9164428710938,881.6361694335938,0.02758198417723179,774.6320190429688,967.8674926757812,0.9843735694885254,552.7489013671875,903.42919921875,0.9931447505950928,564.8648071289062,998.593017578125,0.8917102217674255,482.4232177734375,947.5752563476562,0.9957916736602783,339.065185546875,938.4560546875,0.5842733979225159,229.3909454345703,940.8253784179688,0.9912711381912231
1670,87.02314758300781,118.06421661376953,0.9997614026069641,995.2575073242188,84.18919372558594,0.9999639987945557,90.00238800048828,1029.747314453125,0.9996395111083984,1018.4244995117188,1022.1368408203125,0.9994613528251648,336.4419250488281,498.70068359375,0.9986568689346313,331.3163146972656,610.0491333007812,0.9984400868415833,277.17852783203125,550.322998046875,0.9995593428611755,386.2957763671875,558.362060546875,0.9959676265716553,715.5733642578125,499.89801025390625,0.9957922697067261,754.362060546875,715.7200927734375,0.9998477697372437,692.3233032226562,592.18798828125,0.9955572485923767,783.1419067382812,556.3436889648438,0.9452435374259949,961.7842407226562,976.7880249023438,0.05457388237118721,864.4085083007812,951.6426391601562,0.8147550225257874,833.6018676757812,948.373779296875,0.7818628549575806,722.8941650390625,938.5791015625,0.9961473941802979,802.5234985351562,895.3975219726562,0.1502593457698822,794.71533203125,989.20751953125,0.9561211466789246,652.7191772460938,892.4683837890625,0.7531449794769287,804.5980224609375,899.1935424804688,0.6620615720748901,565.6849975585938,945.6217651367188,0.9474316239356995,461.5118103027344,952.5137939453125,0.27849942445755005,315.2848815917969,956.0677490234375,0.4182243347167969
1671,86.27608489990234,117.18047332763672,0.9999241828918457,997.16552734375,83.41992950439453,0.9999563694000244,90.02613067626953,1029.4912109375,0.9998151659965515,1018.3355102539062,1026.44970703125,0.8986960053443909,336.392578125,498.7425231933594,0.999153733253479,331.77740478515625,610.4379272460938,0.9985779523849487,276.8014831542969,550.5328979492188,0.9993740916252136,386.3484802246094,558.3282470703125,0.9965617060661316,714.2545776367188,499.9066467285156,0.9944881796836853,756.3512573242188,715.858642578125,0.9998924732208252,690.6923828125,589.6813354492188,0.9982594847679138,782.9291381835938,556.3699951171875,0.9379981160163879,1002.5447998046875,1011.8858642578125,0.3423987329006195,912.123291015625,967.9447631835938,0.735573410987854,888.5451049804688,956.48974609375,0.8893028497695923,774.4280395507812,938.3416748046875,0.9529412984848022,861.0468139648438,907.90087890625,0.012271679937839508,847.7289428710938,1001.0429077148438,0.048469506204128265,696.382080078125,884.1264038085938,0.9154595136642456,693.2611083984375,980.1234741210938,0.6667449474334717,612.5613403320312,932.957275390625,0.9964095950126648,501.796630859375,948.015625,0.8996012210845947,365.5105895996094,949.0637817382812,0.05387238785624504
1672,86.79237365722656,115.84698486328125,0.9997679591178894,993.6047973632812,84.37408447265625,0.999921441078186,89.03800201416016,1029.796630859375,0.9997431635856628,1058.5399169921875,1051.127685546875,0.4873977303504944,335.3929748535156,498.7181396484375,0.9991173148155212,331.7830505371094,610.664794921875,0.9985848665237427,276.3191833496094,550.8291625976562,0.9994686245918274,386.32958984375,558.2075805664062,0.9958350658416748,714.12841796875,499.3589782714844,0.9958617687225342,756.4789428710938,715.9547729492188,0.9998680353164673,691.2725219726562,593.4744873046875,0.9954715967178345,785.3330078125,566.8289794921875,0.8561195135116577,1066.7467041015625,1040.0113525390625,0.5149878859519958,950.7260131835938,984.1686401367188,0.9009426832199097,1047.214599609375,1026.0880126953125,0.8946110010147095,783.1378173828125,935.5344848632812,0.666454017162323,1073.3861083984375,995.8197631835938,0.042210888117551804,903.1915893554688,995.5382080078125,0.13406053185462952,725.974365234375,875.26953125,0.7750726342201233,708.4685668945312,973.3923950195312,0.9901983737945557,628.6708374023438,923.4237670898438,0.9879441261291504,490.7386474609375,935.3699340820312,0.9637879729270935,349.47015380859375,942.4321899414062,0.13141675293445587
1673,86.42008972167969,116.54276275634766,0.9998270869255066,994.3960571289062,82.79923248291016,0.9998481273651123,89.84532165527344,1030.2315673828125,0.9997329115867615,1083.51416015625,1061.5714111328125,0.01860719919204712,335.5880432128906,498.2780456542969,0.9990504384040833,331.7571105957031,609.9096069335938,0.9982732534408569,277.3192138671875,551.0536499023438,0.9995089769363403,387.0287170410156,557.4908447265625,0.9969235062599182,713.1698608398438,500.4571838378906,0.9904976487159729,756.8054809570312,715.986328125,0.9998995065689087,690.8133544921875,594.1597900390625,0.9939905405044556,784.3822631835938,567.2324829101562,0.7069031596183777,1080.2611083984375,1050.864990234375,0.009967794641852379,1000.890380859375,997.3200073242188,0.9788163900375366,985.02783203125,987.5972290039062,0.9902752637863159,819.8377075195312,936.1787719726562,0.6975952386856079,990.5906372070312,934.8488159179688,0.010499320924282074,928.3570556640625,1005.3455810546875,0.9101090431213379,745.8436279296875,873.8763427734375,0.9800946116447449,732.9624633789062,970.8008422851562,0.9720776081085205,664.2439575195312,926.1119995117188,0.999121367931366,548.5531616210938,930.2572021484375,0.7294575572013855,367.6986999511719,945.46337890625,0.25293898582458496
1674,86.90724182128906,113.69408416748047,0.9995276927947998,992.2255249023438,83.5552978515625,0.9997202754020691,89.39828491210938,1029.361572265625,0.9997627139091492,1015.5916137695312,916.6937255859375,0.012416311539709568,335.9998779296875,498.4501037597656,0.9991029500961304,332.1687927246094,610.1033325195312,0.9989569187164307,277.49835205078125,550.2462768554688,0.999626874923706,386.74951171875,556.800048828125,0.9973015189170837,714.58544921875,497.91485595703125,0.9971213936805725,754.2584838867188,714.96875,0.9999183416366577,689.4349365234375,591.7279663085938,0.9939218759536743,784.6507568359375,565.7718505859375,0.9017237424850464,1062.240234375,1067.5914306640625,0.11848656088113785,1022.81298828125,1011.8453369140625,0.9938721656799316,994.319091796875,989.55419921875,0.7751184701919556,870.0643920898438,936.423095703125,0.9955281615257263,1019.74658203125,939.762451171875,0.9009585380554199,943.7103881835938,1002.147705078125,0.925914466381073,764.4144897460938,876.7174682617188,0.9787166714668274,956.1337280273438,909.7166748046875,0.7114591002464294,690.0758666992188,935.718017578125,0.9899160265922546,538.0877685546875,931.4312133789062,0.4935339391231537,414.7870178222656,933.7424926757812,0.15917520225048065
1675,85.95326232910156,117.42240142822266,0.9999197721481323,994.7564697265625,84.95577239990234,0.9999308586120605,88.46632385253906,1030.7947998046875,0.9997214674949646,816.7294311523438,1022.987060546875,0.0185952577739954,335.8753356933594,498.1551818847656,0.9987379908561707,332.94580078125,609.8760375976562,0.9983921647071838,277.58721923828125,550.935546875,0.999461829662323,386.5329284667969,556.8026733398438,0.9977909326553345,712.5717163085938,499.3488464355469,0.9973741769790649,754.651611328125,716.4295654296875,0.9998961687088013,689.9913940429688,590.9058227539062,0.9927141070365906,783.1155395507812,557.1402587890625,0.929434061050415,1083.2440185546875,1068.008056640625,0.07503574341535568,1035.0284423828125,1025.667724609375,0.99908447265625,1021.062744140625,1018.2330322265625,0.8695628046989441,872.2520751953125,942.2783813476562,0.9892086386680603,1013.4927978515625,942.254150390625,0.9709193110466003,938.4229736328125,1004.553466796875,0.9662205576896667,825.201416015625,880.1165771484375,0.49406003952026367,827.9227905273438,1007.0575561523438,0.9477997422218323,726.2767333984375,957.5372314453125,0.9695688486099243,638.0108032226562,947.548583984375,0.9081138372421265,554.5925903320312,945.5348510742188,0.8992202281951904
1676,87.05314636230469,117.19001770019531,0.9997411370277405,993.444580078125,84.70392608642578,0.9999438524246216,90.06051635742188,1030.158935546875,0.9996954202651978,1013.693115234375,921.4196166992188,0.014148701913654804,336.66168212890625,498.4219970703125,0.9984153509140015,332.9594421386719,610.9511108398438,0.9988455772399902,277.6549377441406,551.297607421875,0.9994322657585144,387.8193054199219,558.5244750976562,0.9976586103439331,712.2305297851562,499.6561279296875,0.9975420236587524,755.22021484375,716.5125122070312,0.9998565912246704,689.99658203125,588.7421875,0.9885863661766052,784.2940673828125,565.5665283203125,0.8794941306114197,1057.718017578125,1069.898681640625,0.02621462009847164,1029.424560546875,1027.095458984375,0.9955989122390747,1008.2182006835938,1009.4592895507812,0.8890763521194458,876.4729614257812,946.1123657226562,0.972673773765564,1023.016845703125,950.0604858398438,0.5432095527648926,922.0450439453125,1014.491455078125,0.7698418498039246,807.498046875,879.1614990234375,0.6600226163864136,835.1663208007812,1009.7786865234375,0.8903933763504028,753.6689453125,966.5405883789062,0.9892213344573975,542.1768188476562,949.9020385742188,0.7693935632705688,458.9300231933594,943.354736328125,0.6243937611579895
1677,87.0764389038086,116.71845245361328,0.9998397827148438,996.19287109375,83.45550537109375,0.9998748302459717,88.28870391845703,1030.54052734375,0.9997169375419617,821.853515625,1025.1434326171875,0.366034597158432,335.85382080078125,498.8890686035156,0.9989951252937317,333.119873046875,611.1962890625,0.9991747736930847,277.5748291015625,552.3036499023438,0.9993619322776794,387.3670349121094,558.2969360351562,0.9973286390304565,714.1832885742188,499.28656005859375,0.9969112277030945,755.4612426757812,716.5565795898438,0.99982088804245,691.9393920898438,592.80419921875,0.9925605058670044,781.718017578125,557.3697509765625,0.9868389964103699,1069.7529296875,992.4900512695312,0.027846455574035645,1026.007080078125,1025.6082763671875,0.9817542433738708,1011.6405639648438,1017.517578125,0.8954101800918579,877.3963623046875,952.7301025390625,0.9742950201034546,1072.89697265625,986.7863159179688,0.11056379973888397,910.1261596679688,1019.7482299804688,0.4067879319190979,804.4088745117188,882.4712524414062,0.5833259224891663,828.000732421875,1009.281494140625,0.9746561050415039,756.8434448242188,966.8527221679688,0.9946784973144531,559.1010131835938,952.591064453125,0.8332797288894653,445.6537780761719,933.3370361328125,0.8249218463897705
1678,87.95660400390625,116.25690460205078,0.9997920393943787,993.96142578125,86.76329803466797,0.9998261332511902,87.99481964111328,1030.471923828125,0.9997977614402771,969.260986328125,1052.5997314453125,0.2154085487127304,337.6776428222656,499.0740966796875,0.9989293217658997,333.5328369140625,611.1926879882812,0.9989213943481445,277.611328125,552.5767211914062,0.9988988637924194,387.8380126953125,559.2836303710938,0.9973101615905762,712.5756225585938,500.7863464355469,0.9939849972724915,754.1223754882812,715.5369262695312,0.9997356534004211,691.5188598632812,593.5604248046875,0.9915865659713745,781.3282470703125,561.3364868164062,0.9861393570899963,1060.4334716796875,999.2443237304688,0.05706770345568657,1021.7151489257812,1023.655517578125,0.9791906476020813,999.959716796875,1015.6382446289062,0.9754736423492432,876.0784912109375,956.0794677734375,0.7756771445274353,1000.0964965820312,961.372314453125,0.19857124984264374,803.5158081054688,889.2753295898438,0.43652835488319397,909.6658325195312,1021.3208618164062,0.3319847881793976,828.8311157226562,1015.11328125,0.3701021373271942,750.8068237304688,967.3048706054688,0.9981058835983276,660.281982421875,961.3363037109375,0.7029405832290649,469.7265930175781,952.5162963867188,0.9480241537094116
1679,87.32212829589844,116.84585571289062,0.9996485710144043,994.3902587890625,83.46077728271484,0.9999203681945801,89.67183685302734,1031.17333984375,0.9996473789215088,818.2434692382812,1026.3419189453125,0.11451596766710281,338.4597473144531,498.8158874511719,0.9988237023353577,332.10791015625,610.19189453125,0.9987391829490662,277.5196533203125,550.152587890625,0.999116837978363,387.8020935058594,559.1837158203125,0.9966602325439453,714.7888793945312,499.0615234375,0.9932423233985901,754.555908203125,715.1980590820312,0.9998666048049927,691.8289184570312,590.8954467773438,0.995267391204834,783.20458984375,556.4229125976562,0.8714518547058105,748.528564453125,902.1985473632812,0.037772901356220245,1023.5449829101562,1024.485595703125,0.9022980332374573,1010.322998046875,1020.548583984375,0.9160364270210266,873.21533203125,955.5034790039062,0.9941039681434631,975.7422485351562,948.0628051757812,0.2067977786064148,900.8854370117188,1016.0839233398438,0.421721875667572,814.3107299804688,887.06298828125,0.6113059520721436,828.9476928710938,1006.1447143554688,0.8692617416381836,751.717529296875,970.23681640625,0.9948779344558716,646.48779296875,963.7199096679688,0.6531317234039307,467.9015197753906,948.4617309570312,0.7389861941337585
1680,86.7550277709961,117.21719360351562,0.9995766282081604,995.342041015625,81.50923156738281,0.9998639822006226,89.63336944580078,1031.2083740234375,0.9997772574424744,993.24560546875,69.9648208618164,0.015606919303536415,337.4680480957031,498.7958984375,0.9984239339828491,331.6067810058594,609.8954467773438,0.998056948184967,277.7886962890625,549.8773193359375,0.9990666508674622,386.6753845214844,559.1865844726562,0.9978364109992981,717.0525512695312,499.4332580566406,0.967041015625,753.0908203125,714.8314208984375,0.999903678894043,691.4527587890625,593.9580078125,0.9964332580566406,783.4575805664062,549.4498901367188,0.8927904963493347,1060.2913818359375,1001.912353515625,0.10209371149539948,1022.1021728515625,1026.59521484375,0.9447886943817139,996.36181640625,1015.3751220703125,0.9311739206314087,877.466552734375,955.7041625976562,0.9909043908119202,1020.5132446289062,955.0259399414062,0.21890059113502502,816.4109497070312,892.0757446289062,0.6000263094902039,818.8427124023438,888.4739379882812,0.08958426117897034,830.7388305664062,1015.61083984375,0.6320236325263977,752.7102661132812,969.7853393554688,0.9936122298240662,666.4139404296875,964.0447998046875,0.9585263133049011,457.44287109375,941.5655517578125,0.9100383520126343
1681,86.47320556640625,116.77901458740234,0.9997352957725525,997.7250366210938,84.32698059082031,0.9999277591705322,88.7743148803711,1030.5849609375,0.9997732043266296,1019.329833984375,933.4630737304688,0.022279445081949234,336.72723388671875,497.45428466796875,0.9977164268493652,332.88507080078125,610.7440795898438,0.9994080066680908,277.9661560058594,551.8370361328125,0.9985958933830261,386.4735107421875,558.9697265625,0.9971094727516174,709.8176879882812,500.9896545410156,0.998512327671051,755.8200073242188,715.9855346679688,0.9998123049736023,692.1845092773438,593.0186157226562,0.9959724545478821,781.2484741210938,561.334716796875,0.9778426289558411,1052.03515625,1006.9000244140625,0.17565912008285522,1009.64599609375,1026.86572265625,0.9553199410438538,1003.4349975585938,1026.5599365234375,0.926198422908783,849.8866577148438,956.3765258789062,0.018166815862059593,1081.5911865234375,975.7517700195312,0.19267944991588593,801.7156982421875,889.8516235351562,0.1451367884874344,807.9821166992188,892.8599853515625,0.3325694501399994,844.588134765625,1008.9158935546875,0.24142836034297943,752.3936767578125,972.8843994140625,0.9775949120521545,590.698974609375,962.10205078125,0.882774293422699,996.9927368164062,892.9315795898438,0.46132782101631165
1682,87.04383850097656,115.7159423828125,0.9997163414955139,998.9136962890625,81.36783599853516,0.9998072981834412,88.52577209472656,1030.7760009765625,0.99981290102005,815.557373046875,1025.148193359375,0.09227335453033447,337.3898010253906,497.8780517578125,0.9984404444694519,332.7174987792969,609.4674682617188,0.9983745813369751,278.3049011230469,551.051025390625,0.998088538646698,387.1899108886719,559.4285888671875,0.9973770380020142,710.4876708984375,501.2944030761719,0.9962833523750305,752.839111328125,716.904541015625,0.9998528957366943,692.7356567382812,590.7860107421875,0.9962844848632812,781.1892700195312,554.4483642578125,0.9237427115440369,766.45361328125,895.6406860351562,0.047064173966646194,1011.0687255859375,1031.3861083984375,0.9489167332649231,996.352294921875,1022.31298828125,0.9699931144714355,880.2969970703125,954.3822021484375,0.9949468970298767,1023.9598999023438,957.1659545898438,0.21750587224960327,816.6096801757812,891.7298583984375,0.4503829777240753,817.1896362304688,889.3480834960938,0.4213201403617859,834.1398315429688,1014.74658203125,0.9202820062637329,752.4306640625,971.886474609375,0.9913325905799866,629.2025146484375,966.1127319335938,0.5498110055923462,503.041748046875,948.7630004882812,0.5453436970710754
1683,86.947509765625,116.19849395751953,0.999559223651886,997.920166015625,82.51686096191406,0.9998095631599426,89.20861053466797,1029.955322265625,0.9997785687446594,817.7655029296875,1024.55908203125,0.0449068620800972,336.5331115722656,497.9858703613281,0.9979700446128845,332.9226379394531,610.7798461914062,0.9983319640159607,277.1889953613281,551.2362060546875,0.9985063672065735,386.6846008300781,558.4812622070312,0.9965928196907043,714.2061767578125,498.7289733886719,0.9942611455917358,754.2654418945312,717.5730590820312,0.9998557567596436,691.9468383789062,589.7664184570312,0.9951419830322266,782.7265625,558.8805541992188,0.9068445563316345,1084.1585693359375,981.8892211914062,0.027371754869818687,1021.8026733398438,1038.100341796875,0.6545928716659546,1007.9661254882812,1028.721923828125,0.9538915157318115,880.154296875,954.7159423828125,0.9985508322715759,1010.6778564453125,954.3687133789062,0.26930543780326843,943.8372802734375,1029.7767333984375,0.6971245408058167,813.5379028320312,890.5438232421875,0.4064633548259735,830.056396484375,1014.5941162109375,0.9617619514465332,752.5359497070312,971.77099609375,0.9919219017028809,630.9600830078125,966.31640625,0.7924241423606873,493.9935607910156,948.1159057617188,0.5219321250915527
1684,86.88219451904297,118.25116729736328,0.9993663430213928,994.2733154296875,85.99142456054688,0.9999116659164429,89.99560546875,1029.107666015625,0.9997369647026062,1013.9765625,930.35498046875,0.06951012462377548,337.2413330078125,498.1678161621094,0.9976168870925903,331.92694091796875,611.1475830078125,0.998931348323822,277.93463134765625,551.2027587890625,0.9987510442733765,387.72552490234375,559.3263549804688,0.9943453669548035,713.7551879882812,499.43804931640625,0.9874281287193298,754.5285034179688,717.6678466796875,0.9998300075531006,692.3850708007812,588.994384765625,0.9953160285949707,782.5750122070312,567.138671875,0.9057269096374512,1076.875732421875,988.3206787109375,0.12428615987300873,1008.1658325195312,1038.1378173828125,0.6956939697265625,995.0369262695312,1027.1759033203125,0.966882050037384,881.6796875,956.6300048828125,0.9858690500259399,1007.92138671875,953.32373046875,0.30838119983673096,919.0281372070312,1023.3202514648438,0.6185861229896545,915.5012817382812,1018.750244140625,0.21674999594688416,831.6312255859375,1011.829833984375,0.9243892431259155,748.6665649414062,971.9977416992188,0.9959911704063416,627.415771484375,966.114990234375,0.6411260962486267,792.1593627929688,426.66986083984375,0.6266898512840271
1685,87.79358673095703,115.65746307373047,0.9997120499610901,993.5328369140625,83.7176284790039,0.9997978806495667,90.14849090576172,1031.442138671875,0.9998134970664978,811.1575317382812,1026.0164794921875,0.09503357112407684,337.4339599609375,498.7909240722656,0.9986775517463684,332.387939453125,610.0637817382812,0.998677670955658,277.95867919921875,551.4873657226562,0.9990563988685608,387.8590087890625,559.4581909179688,0.9961344003677368,715.894287109375,498.6934509277344,0.9893485307693481,754.0614624023438,718.287841796875,0.9997943043708801,691.8904418945312,593.5465698242188,0.996370792388916,783.7255249023438,560.885498046875,0.9500418305397034,1075.915283203125,983.9266967773438,0.13229277729988098,1012.6513061523438,1040.100830078125,0.7311345338821411,995.9390258789062,1029.2716064453125,0.9486053586006165,874.7205810546875,957.7871704101562,0.9966527819633484,1005.6820678710938,952.9843139648438,0.727449893951416,929.4713134765625,1028.5284423828125,0.3853895664215088,811.34375,887.4320068359375,0.36745190620422363,828.79443359375,1013.108154296875,0.9794782400131226,750.3211669921875,974.28564453125,0.9810205698013306,621.4578857421875,967.3192138671875,0.2990715801715851,479.7966613769531,946.5847778320312,0.39717617630958557
1686,87.74185180664062,115.45565795898438,0.9997370839118958,995.6207885742188,83.26653289794922,0.999900221824646,88.62982177734375,1030.2576904296875,0.9997254014015198,808.7118530273438,1026.7596435546875,0.053302302956581116,336.86285400390625,499.3201904296875,0.9991324543952942,332.7613220214844,609.9659423828125,0.998314619064331,277.7561340332031,550.6644897460938,0.998955488204956,387.8857116699219,557.9485473632812,0.9937530159950256,715.3604125976562,499.1104431152344,0.9933198690414429,754.6914672851562,716.6803588867188,0.9998708963394165,691.5262451171875,591.0580444335938,0.9939390420913696,783.6915893554688,560.275634765625,0.9277223944664001,1077.1707763671875,984.6564331054688,0.22259414196014404,1005.0867919921875,1037.7529296875,0.6730515956878662,993.5172119140625,1029.95556640625,0.8886597156524658,875.3242797851562,957.3572998046875,0.9945835471153259,1006.8179931640625,955.066650390625,0.8366918563842773,927.2601928710938,1030.7579345703125,0.579485297203064,812.093017578125,886.7486572265625,0.7512374520301819,824.2427978515625,1013.1631469726562,0.902376651763916,750.9375610351562,973.6337280273438,0.9921050071716309,629.06982421875,968.0499877929688,0.8148577809333801,493.6123046875,950.203857421875,0.37671101093292236
1687,86.3919448852539,116.21282958984375,0.9997269511222839,995.0100708007812,81.80282592773438,0.9996731281280518,88.32899475097656,1031.43994140625,0.9997450709342957,1012.2803344726562,936.4440307617188,0.07362663745880127,337.0524597167969,499.0386657714844,0.9992135763168335,331.7253723144531,609.9925537109375,0.9983319640159607,278.0068359375,551.161376953125,0.9989381432533264,387.58514404296875,558.616455078125,0.9922366738319397,713.3314208984375,499.4973449707031,0.9937898516654968,754.4672241210938,717.5015258789062,0.9998629093170166,691.1595458984375,591.8820190429688,0.9896034002304077,782.0419311523438,556.107666015625,0.945648193359375,1068.0877685546875,1004.5526123046875,0.3045461177825928,1022.09375,1034.1070556640625,0.43479910492897034,1021.7875366210938,1039.4599609375,0.7880239486694336,880.7471923828125,961.1428833007812,0.9508424401283264,1035.7618408203125,1082.375,0.5450907349586487,975.4528198242188,1054.7274169921875,0.2077508121728897,819.3983154296875,890.6824951171875,0.7017923593521118,828.341064453125,1015.86083984375,0.8663787841796875,752.1172485351562,974.0106811523438,0.9912206530570984,620.5066528320312,966.9541015625,0.42912158370018005,480.1969909667969,946.047607421875,0.43037980794906616
1688,86.46038055419922,116.54522705078125,0.9997218251228333,995.4508666992188,83.79853820800781,0.9998630285263062,88.6325912475586,1030.9708251953125,0.9995850920677185,820.6404418945312,1027.181884765625,0.056944407522678375,336.4674072265625,498.3738708496094,0.9992014765739441,332.103271484375,610.2120971679688,0.9980717897415161,277.9263000488281,550.8901977539062,0.998833954334259,386.7531433105469,558.1571655273438,0.9958608746528625,715.2391967773438,500.2197265625,0.9859824776649475,754.5470581054688,716.8656616210938,0.9998563528060913,692.5623779296875,592.7828369140625,0.9954947233200073,783.0983276367188,557.8754272460938,0.9514988660812378,975.905517578125,1053.5784912109375,0.05580534785985947,1046.23779296875,1036.123779296875,0.8150743246078491,1031.0106201171875,1034.34423828125,0.9297882318496704,898.1677856445312,967.4674682617188,0.797173261642456,1031.60693359375,967.9530029296875,0.5631020665168762,955.5336303710938,1047.8572998046875,0.7621757388114929,818.4065551757812,897.3899536132812,0.8933101892471313,837.1249389648438,1011.8140258789062,0.9955263733863831,769.1234130859375,974.8944091796875,0.9548563957214355,601.7081298828125,963.51513671875,0.5189991593360901,425.07708740234375,494.53271484375,0.30242592096328735
1689,86.63948059082031,116.68047332763672,0.9996190071105957,996.7349243164062,84.41952514648438,0.9999399185180664,89.50788116455078,1030.092041015625,0.9996912479400635,1018.9865112304688,936.4555053710938,0.04626540094614029,335.69244384765625,499.2156982421875,0.9989431500434875,332.56024169921875,609.9620971679688,0.9979629516601562,277.9568786621094,551.8011474609375,0.9987121820449829,387.1722106933594,556.8314208984375,0.9966802597045898,716.8344116210938,498.6290283203125,0.9707813262939453,753.137451171875,717.6394653320312,0.9998577833175659,693.5046997070312,590.1844482421875,0.9958885312080383,785.2295532226562,558.8414916992188,0.9823423027992249,1086.16748046875,1090.0992431640625,0.06159016489982605,1062.478759765625,1057.652587890625,0.4941518306732178,1040.7451171875,1047.693359375,0.830893337726593,919.5746459960938,968.0095825195312,0.9677233099937439,1042.004638671875,999.551025390625,0.7509002089500427,968.2546997070312,1048.3719482421875,0.8364290595054626,857.1763916015625,894.0460815429688,0.8375235199928284,848.38134765625,1003.8651733398438,0.9640695452690125,786.307373046875,966.4198608398438,0.9985461235046387,531.9667358398438,951.3684692382812,0.3534778952598572,423.18548583984375,495.2803955078125,0.3398808240890503
1690,84.79680633544922,116.6778564453125,0.9999196529388428,994.3939208984375,85.83673095703125,0.9996755123138428,90.23085021972656,1029.236083984375,0.9998751878738403,1021.5350341796875,936.7587280273438,0.015384536236524582,337.60894775390625,498.6232604980469,0.9994267225265503,332.3539733886719,610.89990234375,0.9978413581848145,278.10577392578125,551.0677490234375,0.999309778213501,387.62164306640625,556.7252197265625,0.9967267513275146,717.1410522460938,500.71661376953125,0.9780879020690918,753.296875,716.5017700195312,0.9998891353607178,690.7503051757812,591.5096435546875,0.9934996366500854,782.6636352539062,555.4332885742188,0.9721378684043884,1081.677734375,1089.2760009765625,0.06173338368535042,1072.6910400390625,1075.3284912109375,0.40058648586273193,1045.566162109375,1056.4259033203125,0.44014421105384827,920.499267578125,966.729736328125,0.4585252106189728,1022.12939453125,996.9892578125,0.47948217391967773,955.9375,1026.2564697265625,0.2901577353477478,870.9130859375,895.5093383789062,0.7262246012687683,867.2444458007812,994.9306640625,0.930116593837738,805.7096557617188,952.477783203125,0.9961605072021484,706.0135498046875,953.580810546875,0.8733780980110168,788.5176391601562,444.7296142578125,0.5339490175247192
1691,87.23712921142578,115.7259292602539,0.9998428821563721,994.8446655273438,83.11585998535156,0.9997718930244446,90.42015075683594,1030.3671875,0.9997453093528748,870.9722290039062,1023.8163452148438,0.5109272599220276,337.034423828125,498.3768615722656,0.9992117881774902,332.0130920410156,610.9435424804688,0.9981594681739807,277.1661682128906,551.193115234375,0.9993234872817993,386.47515869140625,556.616943359375,0.9960821270942688,719.004150390625,497.7098388671875,0.9890387058258057,753.0571899414062,717.5436401367188,0.999870777130127,690.3643798828125,589.6820678710938,0.99588543176651,783.65673828125,559.3868408203125,0.98678058385849,1081.5771484375,1091.5413818359375,0.02410770021378994,1058.5010986328125,1064.015869140625,0.17135527729988098,1031.90771484375,1050.0460205078125,0.4186016619205475,931.9026489257812,968.4312133789062,0.9793410897254944,1037.7015380859375,963.6841430664062,0.025970255956053734,970.1712036132812,1043.4451904296875,0.867123544216156,937.6724853515625,895.5693359375,0.7818641662597656,888.317626953125,1004.5161743164062,0.9730511903762817,825.0562133789062,939.9642944335938,0.9808856844902039,605.6375732421875,933.5609130859375,0.9275615811347961,425.1558532714844,486.47332763671875,0.4871569573879242
1692,87.65258026123047,116.52245330810547,0.9998121857643127,996.9443359375,82.55183410644531,0.9998001456260681,90.77655029296875,1029.8094482421875,0.999887228012085,885.8636474609375,1022.8921508789062,0.24221906065940857,336.7059020996094,498.1462707519531,0.9993029832839966,331.89599609375,610.9125366210938,0.9983384609222412,277.3314514160156,551.0159912109375,0.9993882179260254,386.9493713378906,557.1788940429688,0.9940298795700073,717.837890625,498.20660400390625,0.9938649535179138,752.8068237304688,717.3817138671875,0.9998589754104614,691.5529174804688,588.7952880859375,0.9959100484848022,783.1891479492188,553.8077392578125,0.9330562949180603,1084.5869140625,1093.5660400390625,0.011169680394232273,1070.5567626953125,1076.7415771484375,0.13464370369911194,1055.479736328125,1056.21044921875,0.4010847806930542,938.650390625,961.6952514648438,0.9762014150619507,1018.2845458984375,950.279052734375,0.9261925220489502,966.6614379882812,1023.5997924804688,0.21027961373329163,877.2340087890625,896.128173828125,0.7034149169921875,878.9659423828125,997.9360961914062,0.9823649525642395,826.521484375,935.9732055664062,0.9952049255371094,613.0255126953125,935.8930053710938,0.278059720993042,426.38714599609375,493.5506896972656,0.2997635304927826
1693,87.39537048339844,114.61857604980469,0.9997723698616028,995.5132446289062,83.9896011352539,0.999893069267273,90.39601135253906,1029.650146484375,0.9998476505279541,893.342529296875,1021.0130004882812,0.9213955402374268,336.28472900390625,497.78955078125,0.998741090297699,331.79949951171875,611.8237915039062,0.998375415802002,277.1432800292969,551.4591064453125,0.999261200428009,386.9107360839844,557.2725830078125,0.9928856492042542,723.7197875976562,496.4630432128906,0.9944829344749451,753.339111328125,717.7269287109375,0.9998140931129456,689.869873046875,588.04345703125,0.9907776117324829,785.919677734375,559.1876831054688,0.9566640257835388,1069.4178466796875,1087.658935546875,0.01599397324025631,1035.2962646484375,1047.476318359375,0.477008581161499,1033.66943359375,1046.3206787109375,0.8235911726951599,937.6162109375,953.2365112304688,0.9730095267295837,1015.7034912109375,943.95654296875,0.5178531408309937,995.3389282226562,1020.1994018554688,0.8020740151405334,920.4957275390625,896.421875,0.433782160282135,890.2403564453125,989.1181030273438,0.9180307388305664,824.472900390625,932.9278564453125,0.9959558844566345,683.2587890625,932.1766357421875,0.9507086277008057,530.57763671875,926.6896362304688,0.21405979990959167
1694,86.41390228271484,117.91679382324219,0.9997754693031311,997.1783447265625,85.37096405029297,0.9998972415924072,89.20999908447266,1029.0394287109375,0.9997307658195496,885.7606811523438,1022.5751342773438,0.29738739132881165,336.5904235839844,498.1280517578125,0.9987554550170898,332.6514892578125,611.1643676757812,0.9974105954170227,277.81939697265625,551.089111328125,0.9990849494934082,386.82989501953125,557.2080688476562,0.9958316683769226,716.7333374023438,498.36151123046875,0.9882146120071411,753.9592895507812,718.1593627929688,0.9998351335525513,689.7492065429688,591.0149536132812,0.9930384755134583,786.1243286132812,554.0755004882812,0.880116879940033,1079.283935546875,1077.178955078125,0.0277349054813385,1033.6231689453125,1040.52197265625,0.41352424025535583,1027.1318359375,1037.6798095703125,0.8551371097564697,932.4867553710938,951.9398193359375,0.9927332401275635,1012.1304931640625,936.826416015625,0.6391804218292236,990.21630859375,1024.7708740234375,0.6542813777923584,929.6658935546875,893.7051391601562,0.9027658700942993,883.8118896484375,994.3793334960938,0.9772493839263916,822.9652099609375,931.0818481445312,0.995912492275238,725.7229614257812,930.1353759765625,0.6816955804824829,424.7115478515625,488.00726318359375,0.4590778350830078
1695,86.0140609741211,115.18598937988281,0.9998940229415894,996.8050537109375,85.06210327148438,0.9998725652694702,90.18695831298828,1028.759765625,0.9997649788856506,886.8035278320312,1022.8064575195312,0.06527828425168991,337.26409912109375,497.3755187988281,0.9992361068725586,331.92901611328125,610.9569702148438,0.9980096220970154,277.5406494140625,551.3411254882812,0.9991784691810608,386.379638671875,556.7410278320312,0.9950300455093384,718.625,497.8985290527344,0.9898081421852112,753.91162109375,717.8560791015625,0.9997945427894592,691.2752685546875,590.3961181640625,0.9951834082603455,785.3311157226562,553.8784790039062,0.9914335012435913,1085.0479736328125,988.3306274414062,0.05033865198493004,1025.6719970703125,964.9811401367188,0.19023917615413666,1027.2071533203125,1038.173583984375,0.8110330104827881,933.3223876953125,949.01953125,0.9973080158233643,1011.3983764648438,943.9728393554688,0.9416998028755188,989.9429931640625,1054.5419921875,0.2608602046966553,885.0415649414062,889.8838500976562,0.9612345099449158,887.4130249023438,990.5750732421875,0.8791842460632324,823.0137329101562,931.78369140625,0.9960423707962036,724.28857421875,930.0451049804688,0.632118284702301,622.3482055664062,923.3963623046875,0.8768662214279175
1696,87.18104553222656,115.2863540649414,0.9998212456703186,994.9817504882812,85.56063842773438,0.9999178647994995,89.65565490722656,1029.3292236328125,0.9997350573539734,879.5980834960938,1021.8978271484375,0.15508799254894257,338.2659912109375,497.429443359375,0.9991044402122498,332.2237548828125,611.193359375,0.9980596899986267,278.06231689453125,550.6253662109375,0.9991612434387207,386.24603271484375,557.1563720703125,0.9967341423034668,713.4739379882812,499.1380310058594,0.9928573369979858,754.90087890625,717.9794921875,0.9998489618301392,687.714111328125,590.6644287109375,0.9914643168449402,785.5595092773438,558.2440185546875,0.9935512542724609,1067.88720703125,985.5419921875,0.2750649154186249,1020.3323974609375,1026.3590087890625,0.5943861603736877,1024.172607421875,1029.3148193359375,0.8733784556388855,931.9616088867188,952.2071533203125,0.9929417371749878,1015.1181030273438,945.1951293945312,0.4728411138057709,991.4736938476562,1009.0435791015625,0.10617607086896896,910.2133178710938,899.240234375,0.4740179181098938,882.5263671875,995.8595581054688,0.7553641200065613,821.5349731445312,930.5584106445312,0.9975382089614868,718.3008422851562,928.93701171875,0.4964806139469147,620.8660888671875,922.5770263671875,0.9432111978530884
1697,86.66320037841797,117.05040740966797,0.9998164772987366,997.02099609375,85.26317596435547,0.9998483657836914,89.88077545166016,1029.38671875,0.9996626377105713,874.2911376953125,1024.0125732421875,0.05079752951860428,337.38372802734375,497.54046630859375,0.999016284942627,331.52105712890625,611.7254028320312,0.9974601864814758,277.94219970703125,550.6078491210938,0.998981773853302,386.5213928222656,556.9360961914062,0.9971503615379333,711.5023193359375,498.2799987792969,0.9905334711074829,754.3694458007812,717.498046875,0.9998736381530762,691.4583740234375,592.59912109375,0.9953135251998901,783.853759765625,552.8912353515625,0.9837035536766052,1070.705078125,988.334716796875,0.0296320877969265,1024.37060546875,1025.8499755859375,0.7853471040725708,1020.80908203125,1027.368896484375,0.4595913290977478,926.3211059570312,948.767578125,0.9796633124351501,1012.9999389648438,946.80712890625,0.45463547110557556,979.4185180664062,1052.1619873046875,0.22278963029384613,876.8465576171875,892.138427734375,0.8540248870849609,876.5264892578125,994.6507568359375,0.923331618309021,818.7410278320312,930.3037719726562,0.9970545768737793,712.7654418945312,928.876220703125,0.8565311431884766,422.27276611328125,491.5912780761719,0.8933947682380676
1698,86.78398132324219,116.62396240234375,0.9998809099197388,992.8574829101562,84.90103912353516,0.9998862743377686,89.10421752929688,1030.33056640625,0.9998225569725037,881.2669067382812,1024.1156005859375,0.07326129823923111,338.3868713378906,497.3907470703125,0.9992313385009766,331.682861328125,611.1219482421875,0.9984226226806641,277.8855285644531,550.1821899414062,0.9995808005332947,387.6429443359375,558.0784301757812,0.9965726137161255,712.3599853515625,499.91168212890625,0.9864466190338135,753.9105834960938,717.977294921875,0.9998376369476318,690.8958740234375,592.5401000976562,0.9948180317878723,784.4194946289062,548.3416748046875,0.9475395083427429,1073.4034423828125,1065.9615478515625,0.012188137508928776,1023.7630004882812,1030.5855712890625,0.907431960105896,1011.5603637695312,1022.7396240234375,0.9208787679672241,931.9055786132812,952.40576171875,0.9516565799713135,1015.4194946289062,948.5083618164062,0.2716641128063202,980.4486694335938,1056.5548095703125,0.9717793464660645,878.5220947265625,897.8636474609375,0.6016818881034851,873.3575439453125,985.2261962890625,0.8798855543136597,817.7755126953125,931.0576782226562,0.9978927969932556,709.7013549804688,929.0780639648438,0.3240635395050049,543.1513671875,932.2864379882812,0.8438289165496826
1699,86.56539154052734,117.90575408935547,0.9998639822006226,996.5687255859375,82.99977111816406,0.9999719858169556,89.67012023925781,1031.5802001953125,0.99959796667099,1017.8784790039062,913.1986083984375,0.022853709757328033,338.5404052734375,497.39166259765625,0.9992467164993286,331.7084655761719,610.6096801757812,0.996221661567688,277.96661376953125,550.5775146484375,0.9996156692504883,387.6963806152344,557.6787719726562,0.9958608746528625,709.2056274414062,501.0331115722656,0.9957525730133057,753.0672607421875,716.9775390625,0.9998865127563477,688.0242919921875,592.4600830078125,0.9925302863121033,784.3380737304688,547.8172607421875,0.9709133505821228,1076.6396484375,1082.25732421875,0.02292797341942787,1065.302001953125,988.00634765625,0.15409569442272186,1045.353515625,1037.632568359375,0.5895565748214722,934.756591796875,950.95556640625,0.9766049981117249,1015.3029174804688,946.7716064453125,0.5553656220436096,964.7628784179688,1031.301513671875,0.38386106491088867,925.631103515625,890.4600830078125,0.33275628089904785,881.9140625,992.0001220703125,0.9772760272026062,821.217041015625,932.9902954101562,0.998238205909729,684.306396484375,927.5319213867188,0.6365806460380554,922.5941162109375,872.0598754882812,0.8656821250915527
1700,86.3427963256836,120.2919921875,0.9996963739395142,997.1509399414062,83.76441955566406,0.9999492168426514,88.34214782714844,1030.0498046875,0.9997236132621765,879.5076293945312,1022.9328002929688,0.09893161803483963,338.54876708984375,497.44598388671875,0.9993250370025635,331.51556396484375,610.9223022460938,0.9978209733963013,278.0012512207031,550.68994140625,0.9994933605194092,387.3291320800781,559.4159545898438,0.9947041869163513,714.9857177734375,499.2591857910156,0.9946738481521606,754.0654907226562,716.37890625,0.9999243021011353,690.8316040039062,594.1338500976562,0.9972963929176331,783.75830078125,550.7266845703125,0.972216784954071,1083.459228515625,1091.044921875,0.02862716093659401,1078.0885009765625,1075.8056640625,0.231052428483963,1046.5765380859375,1044.275634765625,0.5799456834793091,939.962890625,953.7388916015625,0.9980517625808716,1034.242431640625,949.4119262695312,0.9537415504455566,977.957275390625,1037.9071044921875,0.6782355904579163,924.2579956054688,887.7860717773438,0.786676287651062,878.9166870117188,994.768798828125,0.9730556011199951,818.6602172851562,929.6455078125,0.9966009855270386,682.8886108398438,927.863037109375,0.4988418221473694,425.7845764160156,488.35601806640625,0.460553914308548
1701,85.66802978515625,117.75147247314453,0.9999091625213623,996.3124389648438,83.13442993164062,0.9999034404754639,89.14107513427734,1030.649169921875,0.9998084902763367,892.6414184570312,1025.0545654296875,0.11382975429296494,338.36981201171875,497.15087890625,0.9992799162864685,331.97119140625,610.76611328125,0.9968306422233582,277.8635559082031,549.707763671875,0.9995676875114441,387.4051513671875,558.880615234375,0.9952582716941833,715.8048095703125,498.8506164550781,0.9965715408325195,752.9508666992188,715.7393188476562,0.9998548030853271,692.3956298828125,590.6329345703125,0.9963988065719604,784.299560546875,552.0202026367188,0.9737574458122253,1088.960205078125,1092.5389404296875,0.059797994792461395,1072.9681396484375,1064.7265625,0.9195865392684937,1048.866943359375,1047.5430908203125,0.8386203050613403,942.6828002929688,959.7581787109375,0.9905513525009155,1042.0101318359375,961.0626220703125,0.9761657118797302,984.1494750976562,1041.936279296875,0.9341452121734619,893.9554443359375,887.6243286132812,0.7310356497764587,879.4478149414062,985.8079223632812,0.9371014833450317,821.3079223632812,930.2540283203125,0.9983654618263245,696.6734008789062,929.6233520507812,0.49904078245162964,536.6025390625,937.8016357421875,0.7727243900299072
1702,88.97330474853516,117.45448303222656,0.9995934367179871,994.46142578125,84.04723358154297,0.9999496936798096,89.48721313476562,1030.3079833984375,0.9998108744621277,902.83203125,1024.562255859375,0.462472528219223,337.3849182128906,497.5366516113281,0.9993320107460022,332.05145263671875,610.6563110351562,0.9983555674552917,277.8846740722656,550.983154296875,0.9996017813682556,386.99053955078125,558.9308471679688,0.9972493052482605,714.0652465820312,500.22833251953125,0.9979560375213623,753.8274536132812,717.03564453125,0.9999064207077026,691.0501098632812,594.0140380859375,0.9981967806816101,782.951904296875,560.3775024414062,0.9964666366577148,1086.5130615234375,1092.4405517578125,0.05967869982123375,1071.9415283203125,1067.1015625,0.9533750414848328,1052.547119140625,1049.579345703125,0.8374599814414978,945.848876953125,952.4133911132812,0.9983893632888794,1059.432861328125,969.00341796875,0.6684940457344055,998.4650268554688,1049.43017578125,0.6387754082679749,901.4871826171875,883.0735473632812,0.8620970845222473,887.74365234375,986.548095703125,0.9150869846343994,829.4437255859375,930.5235595703125,0.9976937174797058,725.1973876953125,929.1468505859375,0.5221009254455566,570.4624633789062,933.53271484375,0.5902577042579651
1703,86.97638702392578,118.24986267089844,0.9999045133590698,996.8713989257812,84.4819107055664,0.9998753070831299,89.08039093017578,1029.995361328125,0.9998030066490173,908.1016235351562,1027.2469482421875,0.6714444756507874,336.03912353515625,498.1214294433594,0.9992885589599609,332.6214904785156,611.2687377929688,0.9975426197052002,277.5500793457031,552.2943725585938,0.99930739402771,386.4215393066406,557.7412719726562,0.9970734119415283,715.8775024414062,498.86309814453125,0.9830838441848755,754.1751098632812,716.3473510742188,0.99992835521698,691.5437622070312,592.6614990234375,0.996161699295044,784.3372802734375,556.7114868164062,0.9877855777740479,1088.6551513671875,1085.5992431640625,0.013375816866755486,1079.731201171875,1057.8646240234375,0.5216175317764282,1053.7650146484375,1035.156494140625,0.5491850972175598,951.0579833984375,954.6692504882812,0.9945841431617737,1055.751708984375,964.03955078125,0.7706818580627441,1001.4579467773438,1050.916259765625,0.8234260678291321,931.0599975585938,883.29248046875,0.9548162817955017,902.0018310546875,986.6069946289062,0.9957824945449829,835.2188720703125,924.3148803710938,0.998529314994812,700.16748046875,928.9108276367188,0.8509278297424316,543.667236328125,938.3773803710938,0.38196390867233276
1704,86.20597839355469,117.9264907836914,0.9998539686203003,996.7174682617188,82.37976837158203,0.9999001026153564,89.00750732421875,1029.1317138671875,0.9999097585678101,911.200439453125,1024.71826171875,0.8008626699447632,337.0714416503906,497.8026428222656,0.9990670084953308,331.877685546875,611.10791015625,0.9983173608779907,277.9726867675781,552.0640869140625,0.9991996884346008,385.93048095703125,558.5242309570312,0.9961872696876526,717.0907592773438,499.0350646972656,0.986639678478241,754.340087890625,716.4168090820312,0.9999157190322876,690.9264526367188,590.9476928710938,0.9969668984413147,784.145263671875,554.4453125,0.9736655950546265,1056.2244873046875,1023.9342651367188,0.02009071409702301,1089.93359375,1052.5126953125,0.09229832142591476,893.205322265625,925.0366821289062,0.16793088614940643,955.2255249023438,953.5068359375,0.9858038425445557,1068.6376953125,1079.7525634765625,0.13576087355613708,1015.2262573242188,1053.4039306640625,0.9026623368263245,941.5675048828125,883.2125854492188,0.7337765097618103,905.4644165039062,978.810302734375,0.913142204284668,831.7354736328125,922.416259765625,0.9966751337051392,620.7439575195312,923.2889404296875,0.6936579942703247,424.2584228515625,486.4261779785156,0.18510600924491882
1705,87.86817932128906,117.49008178710938,0.999646782875061,996.8242797851562,81.76017761230469,0.9999446868896484,89.65880584716797,1028.840087890625,0.9998888969421387,908.2698364257812,1026.287109375,0.9725221991539001,336.3329162597656,497.825927734375,0.999028205871582,331.43389892578125,610.9216918945312,0.9983060359954834,277.89447021484375,552.3750610351562,0.9995982050895691,386.29901123046875,559.5921020507812,0.9964554309844971,717.715576171875,499.538818359375,0.9838367104530334,754.4424438476562,717.5115356445312,0.999907374382019,690.3974609375,589.6504516601562,0.9955253005027771,786.0093383789062,558.8359375,0.9593100547790527,1046.3663330078125,982.5309448242188,0.03634631261229515,1067.9798583984375,986.940673828125,0.44360584020614624,1049.90478515625,989.1365356445312,0.3161975145339966,953.8377075195312,950.1280517578125,0.9941205382347107,1030.049072265625,936.6610717773438,0.7637010812759399,1027.808349609375,1054.6689453125,0.3281022310256958,938.524169921875,886.0106201171875,0.4957592785358429,912.340576171875,979.9798583984375,0.9047408699989319,829.6461791992188,919.9112548828125,0.9960556030273438,693.1691284179688,921.3884887695312,0.5324687957763672,613.2269897460938,921.1795043945312,0.37488263845443726
1706,86.65026092529297,116.3830795288086,0.9998306035995483,997.87890625,83.17074584960938,0.999771773815155,91.2817153930664,1029.4539794921875,0.9998514652252197,910.3777465820312,1028.206298828125,0.9324479699134827,335.6537170410156,497.6568908691406,0.9980334639549255,332.6101989746094,611.340087890625,0.9981112480163574,277.4587707519531,551.9148559570312,0.9993433356285095,386.164306640625,558.01806640625,0.9966846108436584,716.50537109375,499.5703430175781,0.9902452230453491,754.1918334960938,715.8297119140625,0.9999301433563232,693.13134765625,591.6964111328125,0.9953680038452148,783.837890625,560.2395629882812,0.9472213983535767,1088.8807373046875,928.541015625,0.033667709678411484,1071.87646484375,1074.40673828125,0.9129393696784973,1044.4842529296875,967.62548828125,0.7788152098655701,946.7674560546875,943.0740966796875,0.9999686479568481,1021.9840698242188,921.2568359375,0.8900991082191467,1042.155029296875,1057.4129638671875,0.6996220946311951,912.1142578125,875.17041015625,0.7345882058143616,900.1365966796875,982.8634033203125,0.9755454659461975,831.4351196289062,920.858154296875,0.9974780678749084,748.5525512695312,918.2615356445312,0.6244532465934753,533.898681640625,940.98828125,0.353132963180542
1707,86.81177520751953,118.39807891845703,0.9999088048934937,994.730224609375,85.18624877929688,0.9998780488967896,90.8598861694336,1029.534423828125,0.9998458623886108,914.0733032226562,1026.889892578125,0.8925830721855164,336.01007080078125,497.7523498535156,0.9990033507347107,333.1810302734375,611.1793212890625,0.997928261756897,277.1081848144531,551.875732421875,0.9990978240966797,386.7120666503906,556.6824951171875,0.9966492056846619,716.6539916992188,498.6952209472656,0.9881687760353088,754.9902954101562,716.7355346679688,0.9999370574951172,691.7595825195312,591.8602905273438,0.9940576553344727,783.7015991210938,556.3572998046875,0.9702975153923035,1087.826416015625,923.4158325195312,0.1611529439687729,1070.64208984375,1069.8331298828125,0.7773112058639526,1028.2828369140625,963.4276733398438,0.8314309120178223,943.7034301757812,943.6055908203125,0.9998466968536377,1018.2922973632812,921.366455078125,0.9611493945121765,1031.3140869140625,1047.2578125,0.6224101185798645,943.7696533203125,880.8108520507812,0.9453113675117493,897.2488403320312,981.049072265625,0.971644937992096,832.3794555664062,920.549072265625,0.998153030872345,705.38671875,916.7423706054688,0.8330764174461365,537.890380859375,939.4325561523438,0.6390627026557922
1708,87.77862548828125,116.0609359741211,0.9998840093612671,996.0767822265625,87.03004455566406,0.9999380111694336,89.08299255371094,1030.526611328125,0.9997430443763733,910.5467529296875,1027.2235107421875,0.9505048990249634,335.7247619628906,497.6484680175781,0.9980800151824951,332.9585266113281,611.58544921875,0.997831404209137,277.40765380859375,551.533203125,0.9994764924049377,387.01324462890625,557.8539428710938,0.9968956708908081,716.8238525390625,500.5013427734375,0.9840325713157654,754.4306640625,715.8911743164062,0.9999234676361084,692.6810913085938,591.3380737304688,0.997166097164154,784.8721313476562,555.5735473632812,0.9691008925437927,1084.668212890625,904.2416381835938,0.013948218896985054,1081.5751953125,929.8433837890625,0.019165189936757088,1059.127685546875,982.2442626953125,0.8654245138168335,937.9208984375,940.5065307617188,0.9982154369354248,1003.5935668945312,992.81640625,0.34457096457481384,1053.2381591796875,1056.32275390625,0.11754579842090607,944.4580078125,885.8073120117188,0.8424400687217712,898.9620361328125,980.05908203125,0.9965290427207947,831.8306274414062,921.1870727539062,0.9855020046234131,735.6320190429688,914.4539184570312,0.8226441144943237,636.7334594726562,911.8137817382812,0.5593125224113464
1709,85.86656951904297,116.83473205566406,0.9999525547027588,996.13916015625,83.62826538085938,0.9999656677246094,89.03556060791016,1029.9681396484375,0.9995912909507751,901.4796752929688,1025.6695556640625,0.17458464205265045,336.76495361328125,497.78460693359375,0.998201847076416,333.0894775390625,611.2177734375,0.997771680355072,278.0421142578125,550.423828125,0.9994367957115173,387.4907531738281,559.1318359375,0.9968230724334717,716.6329956054688,499.44061279296875,0.9914230704307556,753.6304931640625,716.666259765625,0.9999097585678101,693.6790161132812,591.3790283203125,0.9964984655380249,783.3727416992188,551.6695556640625,0.9616324305534363,1078.9434814453125,870.0355834960938,0.010818248614668846,1050.537109375,911.1932373046875,0.9330646991729736,1050.18359375,929.2319946289062,0.8276993632316589,939.6554565429688,955.4501953125,0.9896037578582764,997.0098876953125,915.3048095703125,0.9890797734260559,1048.5391845703125,1036.150146484375,0.4205303490161896,939.9998168945312,880.3494873046875,0.8499047756195068,885.410400390625,990.2628173828125,0.9804964661598206,833.4649658203125,921.3006591796875,0.9959267377853394,735.955322265625,906.23974609375,0.4858132302761078,629.4884643554688,910.57177734375,0.49393460154533386
1710,86.11934661865234,115.51708984375,0.9999066591262817,994.3524780273438,83.08904266357422,0.9995033740997314,88.6585693359375,1030.0335693359375,0.9997791647911072,895.2644653320312,1025.249755859375,0.15840749442577362,337.5919494628906,498.3977966308594,0.9986934065818787,332.57476806640625,610.6222534179688,0.9990189075469971,278.425537109375,550.4906616210938,0.9995217323303223,388.641845703125,559.7079467773438,0.996480405330658,717.14306640625,499.9317626953125,0.9921754002571106,753.540771484375,715.8863525390625,0.9998323917388916,693.2628784179688,590.9931640625,0.9937149882316589,786.0383911132812,555.632568359375,0.9623383283615112,1088.282958984375,847.5348510742188,0.020884176716208458,1049.30615234375,888.51416015625,0.9621748328208923,1038.4754638671875,910.408203125,0.8850080370903015,934.1179809570312,957.8197021484375,0.9972543120384216,997.8367309570312,923.9710083007812,0.9736329317092896,1061.34228515625,1012.62158203125,0.9267323613166809,938.3968505859375,889.215087890625,0.753346860408783,878.1350708007812,983.8712768554688,0.9618363976478577,825.7905883789062,921.1995239257812,0.9955028891563416,701.0882568359375,899.7711791992188,0.9136651158332825,422.71875,492.4974365234375,0.14767704904079437
1711,85.86656188964844,118.34716796875,0.9998875856399536,995.3705444335938,82.36903381347656,0.999962568283081,88.91424560546875,1031.4737548828125,0.9996427297592163,899.2001342773438,1024.5364990234375,0.06739509105682373,337.0915832519531,497.97314453125,0.9988040924072266,330.83563232421875,610.5158081054688,0.9977031350135803,277.7409973144531,550.6748657226562,0.9995622038841248,385.53515625,560.3905639648438,0.9977647066116333,715.6170043945312,499.33367919921875,0.9971453547477722,753.70263671875,716.8911743164062,0.9998615980148315,691.5598754882812,592.9026489257812,0.9957987666130066,783.1983642578125,562.5264892578125,0.9723197817802429,1017.954833984375,848.864501953125,0.010805826634168625,1049.64990234375,873.7103881835938,0.7261459827423096,1053.18212890625,900.2636108398438,0.4587320387363434,988.623779296875,964.5438842773438,0.7203482389450073,994.8343505859375,909.8961181640625,0.5991538166999817,1062.195556640625,998.0292358398438,0.5754755139350891,917.9793701171875,890.1175537109375,0.49728894233703613,908.8047485351562,994.4047241210938,0.8602743148803711,828.6945190429688,925.5443725585938,0.9978247880935669,685.8326416015625,897.2119750976562,0.5440102219581604,577.979736328125,925.7945556640625,0.1538890153169632
1712,87.16893768310547,117.26569366455078,0.9997088313102722,997.2362670898438,83.44133758544922,0.9999281167984009,91.53804779052734,1029.4720458984375,0.99983811378479,1028.823974609375,1023.6694946289062,0.7039452791213989,336.89569091796875,498.8819580078125,0.9991564750671387,332.1641540527344,611.1266479492188,0.998691976070404,277.6103515625,551.6228637695312,0.9993100166320801,386.65899658203125,560.16796875,0.9980816841125488,715.6429443359375,498.93377685546875,0.9882215857505798,754.359375,716.9197387695312,0.9998637437820435,692.6798095703125,591.015625,0.9958087205886841,783.6815795898438,550.52099609375,0.7258158922195435,967.9083251953125,1009.737548828125,0.02594400942325592,1048.5902099609375,841.1128540039062,0.9749148488044739,1037.173583984375,864.9008178710938,0.5304242968559265,963.8838500976562,948.17236328125,0.8096718788146973,982.23388671875,879.6067504882812,0.9875827431678772,1085.413818359375,959.6038818359375,0.4655907452106476,918.3755493164062,877.302490234375,0.9209365248680115,880.2301025390625,989.608154296875,0.8423841595649719,829.111572265625,926.1930541992188,0.9954767823219299,727.7675170898438,891.0918579101562,0.9048900604248047,618.5072021484375,910.8312377929688,0.4633522033691406
1713,87.33548736572266,119.7594223022461,0.9990620017051697,996.5335693359375,85.68170928955078,0.999029278755188,89.83240509033203,1029.38671875,0.9998059868812561,1024.314453125,1022.0875244140625,0.8963047862052917,336.45135498046875,498.4553527832031,0.998933732509613,333.50872802734375,611.5704345703125,0.9983464479446411,277.2137145996094,552.203857421875,0.9993439316749573,386.6427307128906,557.9371337890625,0.995263934135437,714.48291015625,498.5604248046875,0.9961509704589844,753.8300170898438,717.2275390625,0.999800980091095,690.708740234375,589.1871948242188,0.9968664050102234,781.9454345703125,557.3726196289062,0.8453415036201477,1090.5118408203125,780.9993286132812,0.036519989371299744,1021.408447265625,847.8378295898438,0.9013178944587708,1043.8692626953125,872.1864624023438,0.6837944984436035,985.6339721679688,941.3782958984375,0.8918848037719727,972.3850708007812,879.494873046875,0.6061870455741882,1067.6429443359375,954.2288208007812,0.33353957533836365,951.3770751953125,1021.6990356445312,0.619330644607544,877.882568359375,985.84814453125,0.8848127722740173,825.3656005859375,924.3150024414062,0.9980204105377197,702.9912719726562,886.1910400390625,0.3850783407688141,651.4876708984375,896.0082397460938,0.5623703598976135
1714,89.09601593017578,119.11968231201172,0.9986818432807922,994.676025390625,86.22675323486328,0.9998188614845276,88.84429931640625,1030.0885009765625,0.9997852444648743,1021.2730102539062,1020.0107421875,0.9533569812774658,336.8927307128906,498.4565734863281,0.9993433356285095,334.052734375,611.6948852539062,0.9984902143478394,277.76617431640625,552.0574340820312,0.9993570446968079,387.30206298828125,558.4693603515625,0.9964867830276489,714.778564453125,498.3519287109375,0.9950664043426514,752.3875732421875,716.035400390625,0.9997759461402893,690.6400756835938,590.0051879882812,0.9964642524719238,784.527099609375,554.0001220703125,0.9435137510299683,1012.1758422851562,813.9104614257812,0.010718059726059437,1034.9656982421875,846.740234375,0.9338363409042358,1035.9334716796875,874.1945190429688,0.36054930090904236,975.2447509765625,944.0374145507812,0.9684966802597046,969.2755737304688,858.6732788085938,0.9101553559303284,1057.457275390625,961.7294921875,0.9504818916320801,958.533935546875,1012.477294921875,0.48586246371269226,876.6260375976562,987.204833984375,0.5694450736045837,823.383056640625,922.3030395507812,0.9984976053237915,737.3419189453125,890.0791625976562,0.9299903512001038,652.2626953125,892.8873901367188,0.8227393627166748
1715,86.3482666015625,117.879150390625,0.999839186668396,994.65087890625,83.0299072265625,0.9998276233673096,89.4626235961914,1029.2646484375,0.999742329120636,1021.3009033203125,1024.5146484375,0.9108820557594299,337.3873596191406,498.3375549316406,0.9987927675247192,332.6676025390625,611.0237426757812,0.9985503554344177,277.8604736328125,552.1036376953125,0.9995471835136414,386.69677734375,558.8345947265625,0.9969359636306763,716.5482788085938,499.15887451171875,0.9952137470245361,754.0354614257812,716.8121337890625,0.9998805522918701,692.7061767578125,591.2867431640625,0.9937963485717773,784.2960815429688,556.4254150390625,0.8729122281074524,1039.00732421875,833.802734375,0.006543813738971949,1031.4300537109375,860.0289306640625,0.944762647151947,1021.9710083007812,882.0687866210938,0.08512967824935913,950.6893310546875,941.1424560546875,0.9169571995735168,972.0372314453125,869.9375610351562,0.9337965250015259,1056.883056640625,964.8944091796875,0.861968457698822,923.7371215820312,876.3654174804688,0.6304436922073364,879.5486450195312,986.2318115234375,0.5922113656997681,824.0869750976562,921.0350341796875,0.9974867105484009,726.6111450195312,891.9320068359375,0.8375712633132935,559.6498413085938,921.1676025390625,0.5074343085289001
1716,88.24346160888672,117.5008544921875,0.9996129870414734,994.4462890625,83.24711608886719,0.9998626708984375,89.58493041992188,1029.127197265625,0.9996566772460938,1025.7047119140625,1021.9590454101562,0.9260520339012146,337.5834045410156,498.7400817871094,0.9982263445854187,332.38348388671875,609.8235473632812,0.998027503490448,278.2389831542969,551.29248046875,0.9995384216308594,387.1406555175781,558.9921875,0.9952560067176819,717.4777221679688,498.0675964355469,0.9929292798042297,752.8488159179688,717.24169921875,0.9998550415039062,690.9182739257812,591.281005859375,0.9924281239509583,783.28076171875,551.842041015625,0.8662996292114258,716.9603881835938,508.15472412109375,0.005207218695431948,1027.7891845703125,864.6270141601562,0.9839931130409241,1019.0511474609375,883.1343994140625,0.5488009452819824,949.2408447265625,944.983154296875,0.8937376141548157,978.45458984375,866.548095703125,0.9451971054077148,1056.4847412109375,966.4617919921875,0.7204794883728027,918.6920166015625,872.0042724609375,0.9084497094154358,879.4743041992188,980.1928100585938,0.8700481057167053,830.571044921875,921.9114990234375,0.9906288981437683,726.3695678710938,890.1353149414062,0.7039035558700562,636.2913818359375,903.9464721679688,0.3721296787261963
1717,85.86991882324219,118.07564544677734,0.9997676014900208,994.38916015625,83.30879211425781,0.9998026490211487,88.4328384399414,1028.7772216796875,0.9997623562812805,1023.8004760742188,1025.9808349609375,0.9422866702079773,337.90594482421875,498.5099182128906,0.9990573525428772,332.0272521972656,609.7630004882812,0.9978724718093872,278.0182189941406,551.8219604492188,0.9994582533836365,385.93267822265625,557.9674072265625,0.9959368705749512,711.7457275390625,496.885009765625,0.9909084439277649,753.2982177734375,717.7546997070312,0.999862790107727,691.7868041992188,593.0875244140625,0.9895198345184326,782.3760375976562,552.8241577148438,0.887381374835968,1048.050537109375,872.5470581054688,0.01790292002260685,1037.6688232421875,885.7173461914062,0.04176386818289757,1041.0367431640625,909.3385009765625,0.7499883770942688,944.0267944335938,926.748046875,0.9369269013404846,1018.3475341796875,937.1302490234375,0.3456699848175049,1055.655029296875,975.6634521484375,0.7084009647369385,1050.35595703125,841.1026000976562,0.959549605846405,998.1760864257812,883.6184692382812,0.9903321862220764,831.106689453125,924.4905395507812,0.996831476688385,738.2351684570312,896.3538208007812,0.893420934677124,621.09423828125,907.0230712890625,0.16050763428211212
1718,85.2988052368164,117.71820831298828,0.9996442794799805,995.4794921875,83.78701782226562,0.9999195337295532,89.4090576171875,1030.295654296875,0.9996408224105835,972.2955932617188,1023.0147094726562,0.4308067262172699,337.8827209472656,498.18133544921875,0.9985259175300598,331.76324462890625,609.8821411132812,0.9982795715332031,277.7613220214844,551.7295532226562,0.9993776679039001,386.6684875488281,558.465576171875,0.99471515417099,711.600830078125,498.9853210449219,0.9917757511138916,753.3199462890625,716.3050537109375,0.9998792409896851,691.8287353515625,590.9779663085938,0.9973940849304199,782.549560546875,554.3261108398438,0.9342462420463562,1087.935302734375,983.3248291015625,0.006250588223338127,1087.2784423828125,953.366455078125,0.3279229700565338,1069.018798828125,939.3270874023438,0.4720427691936493,961.8040161132812,914.0455932617188,0.9993502497673035,1062.3349609375,986.06982421875,0.008951510302722454,1053.326171875,986.7678833007812,0.46605491638183594,913.9268798828125,859.4888305664062,0.8752878308296204,914.23486328125,973.1000366210938,0.9413151144981384,838.4757080078125,918.9918212890625,0.9985200762748718,738.189697265625,904.9281005859375,0.988828718662262,658.9531860351562,904.4693603515625,0.26863837242126465
1719,87.13335418701172,116.70382690429688,0.9998199343681335,996.2025146484375,82.75023651123047,0.9998672008514404,89.74259948730469,1029.984375,0.9993754029273987,1010.1902465820312,836.6571044921875,0.661386251449585,336.7668762207031,498.01239013671875,0.9984390139579773,333.7965393066406,610.286865234375,0.9976067543029785,277.49591064453125,551.7974243164062,0.9992914199829102,387.7580871582031,557.0384521484375,0.996278703212738,716.660888671875,498.4121398925781,0.9919509887695312,753.3076782226562,715.7569580078125,0.9998676776885986,691.8743896484375,591.0859375,0.9964864253997803,784.0838623046875,556.1874389648438,0.9413344860076904,1088.7010498046875,1014.625,0.050958938896656036,1076.7896728515625,974.5159912109375,0.7441531419754028,1049.5015869140625,955.9949340820312,0.8454219698905945,959.7146606445312,911.7589721679688,0.8210587501525879,1041.9713134765625,873.5702514648438,0.6313146948814392,1019.5576171875,985.1945190429688,0.7040046453475952,908.7098999023438,861.190185546875,0.5365444421768188,915.97509765625,966.16796875,0.9183725714683533,846.9785766601562,914.852294921875,0.996542751789093,730.1674194335938,911.2235717773438,0.9560433030128479,631.9902954101562,911.4302978515625,0.39479440450668335
1720,86.35669708251953,117.60482788085938,0.9997649788856506,994.8889770507812,84.37510681152344,0.9998216032981873,88.3592300415039,1030.23046875,0.9997633099555969,969.112060546875,1025.723388671875,0.7759621143341064,336.96270751953125,498.5143127441406,0.9989940524101257,333.82916259765625,610.6773071289062,0.9968327879905701,277.35430908203125,552.5907592773438,0.9993181228637695,387.5364685058594,557.4781494140625,0.9956766963005066,714.1301879882812,500.2927551269531,0.9937419295310974,753.2892456054688,716.1469116210938,0.9998476505279541,690.468505859375,591.8741455078125,0.9947199821472168,782.2344970703125,558.4072875976562,0.9159684777259827,1086.455810546875,1032.1331787109375,0.021159473806619644,1062.896240234375,985.0069580078125,0.9391591548919678,1053.1649169921875,973.8668212890625,0.9883427023887634,990.227783203125,912.8157348632812,0.7685920000076294,1083.6876220703125,888.7041015625,0.12204916775226593,1019.24169921875,998.6126708984375,0.6231419444084167,924.1095581054688,869.119873046875,0.435774564743042,935.0744018554688,958.1362915039062,0.17460736632347107,859.2005615234375,910.2794799804688,0.9750118255615234,715.5003051757812,912.5806884765625,0.9113468527793884,618.0440673828125,915.663330078125,0.889049768447876
1721,86.25167846679688,119.4525146484375,0.9995787739753723,998.9877319335938,83.96560668945312,0.9997759461402893,89.26246643066406,1030.6268310546875,0.9997320771217346,954.8434448242188,1027.64599609375,0.9880726337432861,336.86212158203125,498.5248107910156,0.9991463422775269,333.6594543457031,611.3849487304688,0.9985952973365784,276.9799499511719,552.565185546875,0.9992148876190186,387.5620422363281,558.280517578125,0.9965885877609253,710.437744140625,500.921875,0.9931801557540894,754.5669555664062,717.35302734375,0.9998142123222351,690.5803833007812,591.040771484375,0.997348427772522,782.365478515625,559.9121704101562,0.9735905528068542,1088.438232421875,1053.0087890625,0.048220597207546234,1072.7432861328125,1014.2654418945312,0.9982519745826721,1061.3035888671875,997.5733032226562,0.989094078540802,1002.6006469726562,917.5709228515625,0.9943470358848572,1088.5611572265625,924.4783935546875,0.4722210764884949,1011.2817993164062,1004.2562255859375,0.9837195873260498,1042.021728515625,871.6989135742188,0.8124288320541382,920.0401000976562,973.1122436523438,0.8934105634689331,865.6710205078125,912.0681762695312,0.9785207509994507,713.5645751953125,912.665283203125,0.9441221952438354,620.75927734375,913.756103515625,0.9513595700263977
1722,87.36909484863281,117.62825775146484,0.9998766183853149,995.254150390625,81.77590942382812,0.9998617172241211,89.69970703125,1030.6392822265625,0.9997329115867615,941.7938842773438,1031.8089599609375,0.9471074938774109,337.7475891113281,498.3304443359375,0.9990330934524536,332.91668701171875,611.245361328125,0.9987733960151672,277.4274597167969,551.298828125,0.9991649389266968,388.0503845214844,559.0834350585938,0.9961322546005249,711.6925659179688,500.88775634765625,0.9876613616943359,754.5206298828125,717.722412109375,0.9998807907104492,690.1248779296875,591.7974243164062,0.9966379404067993,783.366455078125,561.8157958984375,0.9486672282218933,1083.08544921875,1081.2393798828125,0.03721792995929718,1078.1995849609375,1058.6943359375,0.9923227429389954,1061.91015625,1037.3953857421875,0.9651471972465515,1010.7172241210938,934.5111083984375,0.9872602224349976,1083.5311279296875,989.6345825195312,0.37119531631469727,996.7972412109375,1020.3240356445312,0.9514243006706238,1050.672119140625,887.918701171875,0.873833179473877,931.6373291015625,971.2691040039062,0.8997012972831726,869.5629272460938,908.5060424804688,0.9645407199859619,723.1229248046875,910.5910034179688,0.4804871082305908,617.9277954101562,914.1720581054688,0.8460527658462524
1723,86.27967071533203,120.18064880371094,0.9994907379150391,996.6472778320312,85.14146423339844,0.9999676942825317,90.06465911865234,1030.3929443359375,0.9997597336769104,920.061279296875,1024.4473876953125,0.9911931157112122,337.3230895996094,498.429443359375,0.9992306232452393,332.7912292480469,610.7018432617188,0.9991732239723206,277.59771728515625,551.9679565429688,0.9992280006408691,388.3211669921875,559.134033203125,0.9967374205589294,718.208251953125,501.6058044433594,0.9899049401283264,754.738525390625,717.2452392578125,0.9999128580093384,689.8443603515625,591.1171875,0.997984766960144,784.97216796875,563.5446166992188,0.97871333360672,715.51318359375,510.7764587402344,0.005119008012115955,1047.56396484375,949.9979858398438,0.07932677119970322,1037.5045166015625,949.6167602539062,0.10040020197629929,982.3263549804688,935.4412231445312,0.8708136677742004,1059.2462158203125,907.342529296875,0.2279849350452423,1086.57177734375,963.6715698242188,0.07829310745000839,921.9815673828125,866.8357543945312,0.7561941742897034,930.2288818359375,968.9594116210938,0.9164240956306458,872.0502319335938,910.3029174804688,0.9660305976867676,708.7105712890625,911.5686645507812,0.9475433826446533,619.2821655273438,912.854248046875,0.9234046936035156
1724,87.17245483398438,116.52445983886719,0.9998000264167786,996.6947021484375,83.45359802246094,0.9998921155929565,90.23797607421875,1029.290771484375,0.9996613264083862,923.5859985351562,1025.5223388671875,0.9306425452232361,337.43621826171875,498.2555236816406,0.9993287324905396,330.9794006347656,610.6945190429688,0.9991926550865173,277.2014465332031,551.69775390625,0.9994745850563049,387.74993896484375,558.9131469726562,0.9972823858261108,715.074951171875,501.5776062011719,0.9919392466545105,754.2022094726562,716.32177734375,0.9999350309371948,690.2241821289062,591.9918823242188,0.997593343257904,785.545654296875,565.9634399414062,0.9523977637290955,1056.6527099609375,1074.1732177734375,0.015508909709751606,1075.637939453125,1052.102294921875,0.38572508096694946,1053.7838134765625,1043.5220947265625,0.3602215647697449,989.6156616210938,950.4927368164062,0.45515426993370056,1090.384033203125,992.50537109375,0.561480700969696,1011.2465209960938,1052.788330078125,0.5873911380767822,956.6153564453125,870.4285888671875,0.9331114888191223,939.8217163085938,984.6598510742188,0.9923353791236877,894.2174072265625,925.4951171875,0.8262458443641663,706.6096801757812,914.6978759765625,0.8104063868522644,620.5103759765625,914.6959838867188,0.9335018396377563
1725,87.09970092773438,116.8377685546875,0.9997956156730652,994.794921875,83.49015045166016,0.9998916387557983,90.32896423339844,1031.2735595703125,0.9997444748878479,935.9918212890625,1022.1197509765625,0.8774704933166504,338.1243896484375,498.203125,0.9993688464164734,331.2939147949219,609.98095703125,0.9991750121116638,277.5309753417969,550.8622436523438,0.9995936751365662,387.0701904296875,559.4755859375,0.9975858926773071,712.5950317382812,500.4843444824219,0.9869574308395386,755.2789306640625,717.0803833007812,0.9998856782913208,690.5130615234375,591.577880859375,0.996691107749939,784.6900024414062,558.4872436523438,0.9738441705703735,1082.7413330078125,1076.364501953125,0.013833205215632915,1073.3280029296875,1066.2701416015625,0.4222254157066345,1058.1998291015625,1049.2431640625,0.26369890570640564,1009.0159912109375,960.048828125,0.9833417534828186,1075.8253173828125,935.2877197265625,0.09709921479225159,1020.246826171875,1061.9903564453125,0.5632161498069763,947.103515625,884.0066528320312,0.8928190469741821,953.769775390625,980.3914184570312,0.9456169009208679,900.3851318359375,923.446533203125,0.9983550906181335,712.6708374023438,898.89306640625,0.8614339232444763,418.55694580078125,493.97235107421875,0.7475975751876831
1726,86.53962707519531,117.33816528320312,0.9998863935470581,995.4776000976562,82.85370635986328,0.9998526573181152,90.46092224121094,1029.7489013671875,0.9997894167900085,948.8019409179688,1021.5267333984375,0.9475198984146118,337.09027099609375,498.58062744140625,0.9993975162506104,332.7562255859375,611.2115478515625,0.9987583160400391,277.1589660644531,550.8842163085938,0.9995331764221191,388.40533447265625,558.5454711914062,0.9967087507247925,715.0717163085938,499.68060302734375,0.9961071610450745,754.4640502929688,717.9312744140625,0.999904990196228,690.1873168945312,590.6829833984375,0.996126115322113,788.03564453125,559.9187622070312,0.9679505825042725,1024.617919921875,1074.5726318359375,0.10865718126296997,1086.90576171875,1049.4486083984375,0.16483579576015472,1047.1103515625,1049.3590087890625,0.3849165439605713,1014.5680541992188,950.7874755859375,0.9751333594322205,1088.8470458984375,952.398681640625,0.18300217390060425,1024.927001953125,1026.9136962890625,0.29511579871177673,979.3974609375,876.9454956054688,0.8084658980369568,959.9249877929688,983.7708129882812,0.8983718156814575,914.8527221679688,920.5802001953125,0.9959360361099243,831.8023681640625,888.29296875,0.23510843515396118,831.9735717773438,887.5431518554688,0.8833191990852356
1727,87.72492218017578,116.63813018798828,0.99972003698349,993.7413330078125,82.87694549560547,0.9998788833618164,90.78865051269531,1029.3516845703125,0.9997571110725403,949.85693359375,1023.3796997070312,0.8858630061149597,335.9762878417969,498.4581604003906,0.9990189075469971,331.2891540527344,609.954345703125,0.9988375306129456,276.975830078125,551.4714965820312,0.9996379613876343,387.5051574707031,557.8467407226562,0.9964710474014282,715.4596557617188,499.8317565917969,0.9897475242614746,753.9251708984375,717.6932373046875,0.9998610019683838,692.9268798828125,593.249755859375,0.9968133568763733,785.6912231445312,560.9765625,0.986184298992157,1086.5782470703125,1073.6412353515625,0.04172324761748314,1070.71435546875,1030.6043701171875,0.742337703704834,1061.8233642578125,1021.8458862304688,0.46225398778915405,1013.8115844726562,957.1966552734375,0.9492304921150208,949.1322631835938,979.7538452148438,0.09836570173501968,1021.422607421875,1059.17822265625,0.2600755989551544,972.3803100585938,873.2413330078125,0.8486377596855164,955.9497680664062,986.398681640625,0.9729992747306824,913.6525268554688,922.5255737304688,0.9926204681396484,823.8834838867188,885.1114501953125,0.9585720896720886,685.8878173828125,885.8331298828125,0.3716990649700165
1728,88.15144348144531,116.65983581542969,0.9992080330848694,996.5126953125,81.51100158691406,0.9999483823776245,89.39283752441406,1029.4945068359375,0.9997667670249939,950.9847412109375,1025.1650390625,0.9585992097854614,335.6997985839844,498.5033264160156,0.9988886713981628,331.1694641113281,610.2250366210938,0.9988598823547363,276.9232482910156,552.765869140625,0.9995461106300354,387.2206115722656,557.2664184570312,0.9977009892463684,716.3617553710938,499.57989501953125,0.9868309497833252,751.4293212890625,717.3247680664062,0.9998561143875122,690.7921752929688,591.230712890625,0.9971526861190796,786.6209716796875,568.6448974609375,0.9826440215110779,1086.03466796875,1088.3480224609375,0.02736978605389595,1068.0938720703125,1032.712890625,0.7931520938873291,1057.529052734375,1023.931396484375,0.5684055089950562,1009.2703857421875,957.5928955078125,0.9746973514556885,1075.1131591796875,919.4067993164062,0.22941789031028748,983.1904296875,873.5165405273438,0.2969090938568115,977.0857543945312,877.4505004882812,0.959369957447052,956.8453369140625,983.770263671875,0.9576146006584167,914.9610595703125,922.3128051757812,0.9976645708084106,779.314208984375,872.6030883789062,0.9906798005104065,675.6157836914062,886.8497314453125,0.34481745958328247
1729,87.10692596435547,118.40611267089844,0.9995999932289124,994.1249389648438,79.72526550292969,0.9998433589935303,89.45697021484375,1030.0858154296875,0.9998509883880615,950.2228393554688,1025.128662109375,0.9973534345626831,334.3646545410156,498.62225341796875,0.9988666772842407,331.83062744140625,609.7816772460938,0.9988434314727783,276.9513244628906,553.5794067382812,0.9991661310195923,388.2520446777344,555.1543579101562,0.9953221678733826,716.6411743164062,498.7596130371094,0.9819613099098206,753.3907470703125,718.1424560546875,0.9997490048408508,691.6806030273438,592.908447265625,0.9961870312690735,784.9813232421875,567.0752563476562,0.9861737489700317,1033.378662109375,1082.28369140625,0.037973806262016296,1068.16845703125,1033.8292236328125,0.43810784816741943,1053.2847900390625,1041.64111328125,0.36466971039772034,1018.5536499023438,955.1595458984375,0.8754786849021912,959.5794677734375,981.1723022460938,0.21155840158462524,988.6571655273438,880.0140991210938,0.28822460770606995,986.4347534179688,878.4564819335938,0.95677649974823,963.1702880859375,983.31396484375,0.9790504574775696,921.1396484375,922.5314331054688,0.9982995390892029,789.0933837890625,880.2702026367188,0.792830765247345,670.391845703125,873.91748046875,0.5743634104728699
1730,85.38484191894531,118.04855346679688,0.9998300075531006,995.0240478515625,84.48603820800781,0.9999598264694214,88.75817108154297,1029.4493408203125,0.9998360872268677,949.8956909179688,1023.9771118164062,0.9766390919685364,334.4832763671875,498.1131591796875,0.9982948899269104,331.8932189941406,610.5909423828125,0.999091625213623,276.73883056640625,553.2391357421875,0.9992467164993286,388.7683410644531,557.0541381835938,0.9971289038658142,715.364501953125,499.5089416503906,0.982282280921936,753.7506713867188,718.2176513671875,0.9998276233673096,691.6905517578125,591.08056640625,0.9977678060531616,786.4970703125,560.574462890625,0.9556334614753723,1015.9769287109375,1079.692138671875,0.01082910317927599,1088.3433837890625,1068.786865234375,0.03412890434265137,1039.4951171875,1086.2066650390625,0.11126910150051117,1012.8750610351562,943.9662475585938,0.9393077492713928,1085.9381103515625,931.9042358398438,0.2521228492259979,1011.4291381835938,1076.234375,0.31442296504974365,970.9867553710938,875.671875,0.9296069145202637,961.1452026367188,981.6666259765625,0.9349013566970825,916.7395629882812,920.721435546875,0.9988190531730652,785.6973266601562,884.4329223632812,0.8639039993286133,685.2854614257812,886.0958862304688,0.3007962703704834
1731,87.10603332519531,115.47402954101562,0.9998080134391785,997.78662109375,85.57408905029297,0.9999074935913086,90.56550598144531,1029.303466796875,0.9996800422668457,948.26318359375,1024.9625244140625,0.8229161500930786,335.06927490234375,497.7225341796875,0.9990189075469971,332.4395751953125,610.2782592773438,0.9991284012794495,276.44976806640625,553.1146850585938,0.9991486072540283,387.07794189453125,556.3211669921875,0.9981912970542908,715.5564575195312,500.5331115722656,0.9615300297737122,753.7434692382812,718.1886596679688,0.9998675584793091,692.94775390625,593.6356201171875,0.998691737651825,785.3107299804688,559.4345703125,0.9722151756286621,1017.7488403320312,1076.126953125,0.03481542691588402,1026.9310302734375,1084.63671875,0.07936184853315353,1038.1614990234375,1079.9891357421875,0.2762315571308136,1006.6961669921875,942.9559936523438,0.9575948119163513,953.886474609375,982.6672973632812,0.533511221408844,1014.5458984375,1062.706787109375,0.45301082730293274,964.1378784179688,882.9352416992188,0.9481305480003357,958.9730224609375,983.7161865234375,0.9658222794532776,915.7484130859375,922.8136596679688,0.9884998202323914,780.6351318359375,886.3264770507812,0.8918720483779907,670.2118530273438,885.3370971679688,0.611433207988739
1732,85.44878387451172,116.34918212890625,0.9998716115951538,994.6918334960938,86.51028442382812,0.9999436140060425,90.68476867675781,1029.24462890625,0.9997782111167908,945.851318359375,1024.6236572265625,0.9845709204673767,335.3196716308594,497.97454833984375,0.9987900853157043,332.0388488769531,611.7760009765625,0.9984729886054993,276.621826171875,552.6415405273438,0.9990540146827698,386.7829284667969,558.6056518554688,0.9978175163269043,717.7150268554688,499.89886474609375,0.9762725234031677,753.9532470703125,717.4141845703125,0.9998635053634644,690.5380249023438,591.7133178710938,0.9976202845573425,785.6276245117188,563.737548828125,0.9896737337112427,1024.182373046875,1073.56640625,0.028624674305319786,1071.8720703125,1065.5211181640625,0.3037659227848053,1060.1607666015625,1041.9189453125,0.39389413595199585,1014.895263671875,942.3265991210938,0.9691559672355652,1080.39208984375,926.4699096679688,0.09191187471151352,1015.1793823242188,1073.0147705078125,0.3889959156513214,960.9429931640625,880.5064697265625,0.9558193683624268,964.5963134765625,974.8358764648438,0.5524222254753113,916.4114379882812,923.3193359375,0.9919142723083496,782.7252197265625,889.5355834960938,0.9619299173355103,698.5526733398438,882.6390380859375,0.40924733877182007
1733,86.51641082763672,114.9789810180664,0.9998917579650879,995.9819946289062,84.20845794677734,0.9999457597732544,89.44217681884766,1029.9403076171875,0.9997050166130066,946.3745727539062,1022.8689575195312,0.9666799902915955,335.107177734375,497.7767028808594,0.9987698197364807,332.3753662109375,610.8017578125,0.9982683658599854,276.97967529296875,552.2220458984375,0.9990707039833069,385.7969055175781,557.1756591796875,0.9957323670387268,714.140869140625,500.2072448730469,0.9818277955055237,753.3218994140625,717.0805053710938,0.9998792409896851,690.4816284179688,589.209228515625,0.9981803894042969,784.7985229492188,557.163330078125,0.9515730142593384,1024.83349609375,1076.5771484375,0.005834935698658228,1072.65283203125,1067.0523681640625,0.06795100122690201,1060.8792724609375,1039.7581787109375,0.28033244609832764,1011.5137939453125,946.5299682617188,0.984941840171814,1079.5218505859375,920.830810546875,0.1142393946647644,1005.5252685546875,1077.481689453125,0.20682238042354584,959.1043090820312,880.7738647460938,0.8775815367698669,966.2971801757812,974.9832153320312,0.8005338311195374,912.4904174804688,922.6561889648438,0.9917659163475037,771.5750122070312,888.0870971679688,0.9254562258720398,720.1808471679688,877.0223999023438,0.16900227963924408
1734,87.3760757446289,118.04134368896484,0.9997742772102356,996.6466674804688,83.09815979003906,0.9999662637710571,88.94657135009766,1029.7652587890625,0.9997621178627014,947.7587280273438,1022.955322265625,0.9957998394966125,336.5984191894531,498.11376953125,0.9988523721694946,332.1539001464844,610.1357421875,0.9985456466674805,276.8618469238281,551.4884033203125,0.9989726543426514,386.3945007324219,557.9263305664062,0.9975244402885437,716.863525390625,499.2904357910156,0.987873375415802,755.1785888671875,717.78662109375,0.9999388456344604,690.9046630859375,590.8370361328125,0.9981715679168701,785.0950927734375,567.50927734375,0.9825426340103149,1049.7681884765625,1013.4161376953125,0.02336701564490795,1085.689208984375,1069.1451416015625,0.14216811954975128,1074.5751953125,1051.352783203125,0.11187417060136795,1005.1862182617188,943.7745361328125,0.9705533385276794,959.3451538085938,978.0215454101562,0.2342136651277542,1017.0875244140625,1060.559326171875,0.27420997619628906,948.2770385742188,885.47509765625,0.9012397527694702,958.9991455078125,979.7473754882812,0.9438436031341553,911.6740112304688,923.8406982421875,0.9930887818336487,765.7254638671875,887.0702514648438,0.8087359666824341,719.818603515625,877.2762451171875,0.3081606924533844
1735,87.48357391357422,117.22273254394531,0.9996973276138306,994.7196044921875,83.92057800292969,0.999962329864502,88.74163818359375,1029.681396484375,0.99967360496521,948.05810546875,1025.0745849609375,0.9726325869560242,337.6956787109375,497.8109130859375,0.9990355968475342,332.3297119140625,610.2429809570312,0.9991083741188049,277.7804260253906,550.5487670898438,0.9992257356643677,386.4895324707031,558.5559692382812,0.9978001713752747,715.209228515625,499.4588928222656,0.9942751526832581,752.58056640625,717.3140258789062,0.9999357461929321,691.7579956054688,590.1176147460938,0.9977669715881348,784.2295532226562,560.993408203125,0.9808541536331177,1088.5472412109375,1045.5489501953125,0.014202836900949478,1088.7908935546875,1036.2872314453125,0.19332663714885712,1057.4910888671875,1002.504150390625,0.1430550068616867,1011.2776489257812,942.3541259765625,0.9768532514572144,1082.89404296875,924.7573852539062,0.2116214483976364,1066.183349609375,1083.0341796875,0.2605113387107849,962.6339721679688,879.9526977539062,0.8684905767440796,959.8592529296875,981.28466796875,0.8797701001167297,912.9181518554688,923.3338623046875,0.9902877807617188,774.6884155273438,892.4899291992188,0.873697817325592,718.6369018554688,875.9202270507812,0.18377333879470825
1736,87.09245300292969,117.1165542602539,0.999855637550354,997.3851928710938,84.2362060546875,0.9999123811721802,90.06951904296875,1028.52734375,0.999735414981842,949.6084594726562,1024.9892578125,0.9735711216926575,337.730712890625,497.8530578613281,0.9991160035133362,331.66644287109375,610.5221557617188,0.9989816546440125,277.1111145019531,550.465087890625,0.9993574023246765,386.440673828125,558.1012573242188,0.9973155856132507,717.646728515625,499.4216613769531,0.99146568775177,753.2019653320312,716.7683715820312,0.9999383687973022,691.9617919921875,590.37939453125,0.9982892870903015,783.2748413085938,560.8123779296875,0.9767172336578369,1080.852783203125,1032.1544189453125,0.07853642106056213,1090.7962646484375,1034.1090087890625,0.3532111644744873,1083.4417724609375,1030.349853515625,0.2235517054796219,1028.34375,956.3950805664062,0.8856484293937683,1093.99169921875,952.3746948242188,0.2711161971092224,1015.1348266601562,1054.8565673828125,0.197052001953125,961.0527954101562,882.0531616210938,0.9121055006980896,951.476318359375,979.8399047851562,0.9595804214477539,907.2289428710938,917.5345458984375,0.9965123534202576,764.4524536132812,886.4277954101562,0.8397290706634521,650.203369140625,889.004150390625,0.3461031913757324
1737,87.8387451171875,118.48031616210938,0.9998248219490051,994.7228393554688,84.51464080810547,0.9999784231185913,89.33952331542969,1029.837158203125,0.9996329545974731,949.202392578125,1025.426025390625,0.9409613013267517,337.98040771484375,498.5804443359375,0.9991167187690735,331.5032043457031,609.9970703125,0.998772919178009,277.5776062011719,550.6881103515625,0.9992731213569641,386.5155334472656,559.2241821289062,0.9973971843719482,714.1898193359375,499.3572082519531,0.9845128655433655,753.6937255859375,716.7969360351562,0.999897837638855,694.1981201171875,590.70654296875,0.9975175857543945,783.6522827148438,557.1353149414062,0.9824721813201904,1068.771728515625,984.1314697265625,0.013330364599823952,1092.724609375,1004.4337768554688,0.7510263323783875,1054.0152587890625,1077.175048828125,0.46681928634643555,1017.6043701171875,952.3772583007812,0.9846296906471252,950.2454833984375,980.1566162109375,0.7269078493118286,963.1874389648438,889.6199340820312,0.7008475065231323,967.476806640625,875.6145629882812,0.9567265510559082,952.294921875,971.1245727539062,0.9741763472557068,916.4401245117188,910.89013671875,0.9909148216247559,757.9020385742188,884.7188110351562,0.972284734249115,652.8211669921875,885.5180053710938,0.0736483708024025
1738,86.74830627441406,118.55597686767578,0.9997890591621399,995.8197631835938,83.5422592163086,0.9999656677246094,89.27520751953125,1029.853515625,0.9998472929000854,954.703857421875,1027.755126953125,0.9001827836036682,337.44775390625,497.9668884277344,0.9992420673370361,332.4533386230469,610.3681640625,0.9986613988876343,277.5404052734375,550.6045532226562,0.9990829229354858,386.19720458984375,558.703857421875,0.99737548828125,712.0988159179688,499.9976501464844,0.9795436263084412,753.8173828125,715.6556396484375,0.9998996257781982,692.1691284179688,590.7559204101562,0.9960654377937317,782.83203125,556.8674926757812,0.976567804813385,1053.6470947265625,1094.9422607421875,0.03272795304656029,919.0431518554688,901.5171508789062,0.8218106031417847,932.5410766601562,906.5242309570312,0.9685659408569336,1017.6243896484375,951.109619140625,0.9814913272857666,933.3475952148438,959.8389892578125,0.8900293111801147,958.791259765625,881.500732421875,0.9460359811782837,965.2901000976562,876.619140625,0.9615938067436218,939.73095703125,962.4063720703125,0.30566054582595825,1017.9839477539062,870.23388671875,0.5755921006202698,757.2874755859375,883.5404663085938,0.9891834259033203,819.155029296875,911.8588256835938,0.5630537867546082
1739,87.79664611816406,117.07695007324219,0.9998195767402649,995.3651123046875,83.1536865234375,0.9999264478683472,88.61053466796875,1029.364990234375,0.999591052532196,950.7781372070312,1026.76220703125,0.9127752184867859,337.5201721191406,497.99066162109375,0.9993256330490112,332.17413330078125,611.2032470703125,0.9992594122886658,277.4566955566406,551.0720825195312,0.9994187355041504,386.7843017578125,559.7517700195312,0.997407853603363,715.7655639648438,500.08282470703125,0.9882610440254211,753.687255859375,715.2014770507812,0.9998453855514526,692.9710083007812,591.438232421875,0.9976925849914551,784.1795043945312,562.1707763671875,0.9930069446563721,1089.0272216796875,871.8221435546875,0.06094210594892502,1045.87548828125,874.3880615234375,0.999298095703125,1027.026123046875,886.5634155273438,0.6347513794898987,994.0958251953125,939.2681884765625,0.6987719535827637,996.7291870117188,859.8472290039062,0.862662672996521,1066.3424072265625,1025.671875,0.03395892307162285,961.5045776367188,878.1720581054688,0.6944063305854797,934.9879150390625,961.3818969726562,0.8302170634269714,913.3628540039062,911.3687133789062,0.973635196685791,736.799560546875,877.55224609375,0.2958413362503052,729.2584228515625,873.9874877929688,0.8916326761245728
1740,86.78791046142578,115.43443298339844,0.9998493194580078,995.1807250976562,85.1187515258789,0.9999387264251709,88.9843521118164,1029.3270263671875,0.9996497631072998,947.1262817382812,1025.082275390625,0.42480313777923584,337.2932434082031,498.2649230957031,0.9989902377128601,332.06695556640625,611.4112548828125,0.9989619255065918,277.5543212890625,550.4738159179688,0.9989532232284546,386.99334716796875,559.4063720703125,0.9962906837463379,716.3460693359375,500.2728576660156,0.9934481978416443,754.4826049804688,715.284912109375,0.9998725652694702,692.7607421875,594.2129516601562,0.9976946711540222,785.470458984375,557.8278198242188,0.9826211333274841,939.1764526367188,942.9021606445312,0.012384035624563694,1081.463134765625,753.15283203125,0.040462344884872437,1057.217041015625,775.064208984375,0.07739782333374023,1042.2457275390625,892.591552734375,0.8489720821380615,1004.4583129882812,831.0166015625,0.8770411014556885,1059.2745361328125,995.7495727539062,0.012152916751801968,938.8464965820312,922.5147094726562,0.45392531156539917,1033.273681640625,1004.4390869140625,0.693690836429596,898.9246215820312,904.2617797851562,0.0330754853785038,748.1516723632812,873.3958740234375,0.809370756149292,822.5382690429688,850.5604248046875,0.5923508405685425
1741,88.52835083007812,115.09333038330078,0.9998466968536377,994.8450927734375,85.10099029541016,0.9999449253082275,89.81770324707031,1031.047607421875,0.9996976852416992,1017.2894287109375,1016.8131103515625,0.8184922337532043,337.77978515625,497.0388488769531,0.9980687499046326,331.17816162109375,609.998291015625,0.9971473813056946,276.7107238769531,549.0477294921875,0.9990196228027344,387.50921630859375,558.9840087890625,0.9922825694084167,713.1766967773438,499.8026123046875,0.9957557916641235,754.662841796875,715.98486328125,0.9998613595962524,686.7169799804688,590.7864990234375,0.989585816860199,784.8922729492188,564.07568359375,0.8810096383094788,1042.5521240234375,992.0985107421875,0.05626710131764412,997.5964965820312,713.0928344726562,0.04636329784989357,1010.4302978515625,756.837646484375,0.508448600769043,1001.2109375,861.0653076171875,0.9459601640701294,963.9474487304688,792.5355224609375,0.9454089403152466,1053.8587646484375,780.1497192382812,0.9569282531738281,931.7154541015625,917.8596801757812,0.9645240306854248,1058.85546875,932.2630615234375,0.16723568737506866,1009.4125366210938,1003.6519165039062,0.5806552767753601,845.3143920898438,858.33203125,0.9248827695846558,720.6453857421875,867.881103515625,0.16384357213974
1742,86.30130004882812,117.16263580322266,0.999752938747406,997.1678466796875,83.79998779296875,0.9999575614929199,91.31269836425781,1029.023681640625,0.9996989965438843,1023.8595581054688,1024.174560546875,0.9946302175521851,339.55450439453125,497.37335205078125,0.9992892742156982,331.59332275390625,609.0767211914062,0.9972236156463623,277.273681640625,549.8388671875,0.9991298317909241,387.4456787109375,558.2442016601562,0.9966861605644226,712.1050415039062,500.25775146484375,0.9943224191665649,754.0406494140625,716.83447265625,0.9998970031738281,691.670654296875,590.9789428710938,0.99581378698349,782.232666015625,553.1209716796875,0.9694762825965881,979.73583984375,606.8438110351562,0.07367345690727234,975.5826416015625,610.8638916015625,0.42204785346984863,981.99365234375,634.9776611328125,0.3678719103336334,979.5945434570312,826.2649536132812,0.8892381191253662,931.9879760742188,739.440673828125,0.8689094185829163,1022.260009765625,727.8092041015625,0.567675769329071,927.0296630859375,813.7274780273438,0.17843510210514069,1047.2113037109375,900.9560546875,0.514995813369751,849.3455200195312,876.3772583007812,0.24732299149036407,833.9519653320312,867.7377319335938,0.9353715777397156,767.8511352539062,857.879150390625,0.6656349897384644
1743,87.34976959228516,115.55390167236328,0.9997451901435852,995.6612548828125,86.2872543334961,0.9998898506164551,88.91545104980469,1029.7801513671875,0.9998028874397278,1020.4916381835938,1021.2085571289062,0.9993427395820618,340.9485168457031,497.9637145996094,0.999407172203064,330.0357971191406,610.5115356445312,0.9982444047927856,276.96197509765625,548.8701782226562,0.9991115927696228,387.7098693847656,561.1871337890625,0.9969152212142944,717.22265625,499.0439453125,0.9893425703048706,753.7007446289062,717.3494262695312,0.9998767375946045,689.896728515625,591.69189453125,0.9966513514518738,785.9017944335938,565.9766235351562,0.9310740828514099,957.1055908203125,532.2235717773438,0.17692908644676208,953.6184692382812,547.73046875,0.4557599425315857,954.90478515625,569.3839721679688,0.9496926069259644,963.3848876953125,779.9462890625,0.9493042826652527,902.63525390625,662.9944458007812,0.9699824452400208,991.208984375,656.4520874023438,0.45693618059158325,904.630126953125,836.0400390625,0.9121981859207153,901.717529296875,659.931396484375,0.34287890791893005,897.8697509765625,935.6322631835938,0.9969174861907959,826.916748046875,883.1622924804688,0.5295220613479614,734.3463134765625,863.189453125,0.5490292310714722
1744,86.85282135009766,115.58779907226562,0.9994422793388367,995.8317260742188,86.13810729980469,0.9998633861541748,88.12425231933594,1029.5616455078125,0.9998486042022705,1021.771240234375,1019.6202392578125,0.9995930790901184,339.27880859375,497.8165283203125,0.9986685514450073,329.39581298828125,609.6319580078125,0.9978662133216858,277.2403869628906,549.6451416015625,0.999464213848114,387.35601806640625,559.8971557617188,0.9978182315826416,716.27001953125,500.26812744140625,0.9968926906585693,753.4137573242188,716.719970703125,0.9998841285705566,691.4253540039062,592.2894287109375,0.9949433207511902,781.1710815429688,547.1492919921875,0.8711439967155457,941.8695068359375,461.49822998046875,0.9958847165107727,934.2613525390625,506.1167907714844,0.9619977474212646,930.8881225585938,532.838134765625,0.784337043762207,948.6107788085938,713.630126953125,0.9783124923706055,884.5029907226562,603.0143432617188,0.8838436007499695,973.9953002929688,586.5092163085938,0.8546921610832214,971.3777465820312,589.6611328125,0.9640216827392578,881.68603515625,593.8688354492188,0.9278693795204163,912.7027587890625,903.0287475585938,0.1775304675102234,832.5693359375,904.2189331054688,0.37262770533561707,812.14208984375,894.0931396484375,0.4419497847557068
1745,86.80687713623047,117.91150665283203,0.9997219443321228,997.4573974609375,84.10614013671875,0.9999198913574219,89.51176452636719,1030.07861328125,0.9997860789299011,1022.3909301757812,1021.1526489257812,0.9993835687637329,338.3177490234375,497.46417236328125,0.9990218877792358,331.4305725097656,610.0362548828125,0.9945005178451538,276.9136657714844,549.718017578125,0.9992762207984924,388.4659118652344,556.8478393554688,0.9961189031600952,715.388916015625,500.5220642089844,0.9943591952323914,753.9761962890625,717.4666137695312,0.9998847246170044,692.3809204101562,589.5095825195312,0.9938662648200989,779.9765625,543.8665771484375,0.8828989267349243,963.1715698242188,441.2954406738281,0.9906460046768188,938.5552978515625,494.6585693359375,0.9978426694869995,927.4234008789062,519.9860229492188,0.997965931892395,940.5685424804688,666.2276611328125,0.9818722605705261,873.8486328125,573.0106811523438,0.9166314601898193,982.848388671875,563.7577514648438,0.9994912147521973,885.8729858398438,727.2315063476562,0.9357044100761414,1006.308837890625,746.1163330078125,0.6144096851348877,842.3615112304688,483.96246337890625,0.14900922775268555,735.9166870117188,903.7633666992188,0.2002437561750412,682.323486328125,913.4622192382812,0.9261955618858337
1746,86.35822296142578,119.09681701660156,0.9998350143432617,997.3474731445312,85.18286895751953,0.9999008178710938,90.86881256103516,1029.56787109375,0.9997180104255676,1021.24658203125,1020.567138671875,0.998936116695404,337.6838073730469,497.4635009765625,0.9989818930625916,330.6773376464844,610.0375366210938,0.9970828890800476,276.9914855957031,550.026611328125,0.9992726445198059,387.9712219238281,556.6455688476562,0.9951763153076172,716.6380615234375,500.3228454589844,0.9887264370918274,753.0057373046875,716.7982788085938,0.9999252557754517,693.62353515625,591.8826904296875,0.9935846924781799,785.9485473632812,577.4368896484375,0.8343696594238281,998.6276245117188,448.6312255859375,0.9719998836517334,946.53759765625,497.5922546386719,0.990691065788269,915.9525756835938,525.1875,0.8467139005661011,931.2880859375,648.9949951171875,0.6635131239891052,869.4993896484375,557.8137817382812,0.4789312481880188,984.0357055664062,569.0498046875,0.9802936315536499,868.4581298828125,691.1121826171875,0.9688352942466736,864.177490234375,563.0995483398438,0.43812116980552673,907.94384765625,752.4696655273438,0.039773233234882355,857.6980590820312,451.6517333984375,0.044681888073682785,675.813232421875,922.6576538085938,0.011307355016469955
1747,86.8702163696289,117.61321258544922,0.9997681975364685,998.4515991210938,85.62792205810547,0.9998462200164795,88.97190856933594,1028.2647705078125,0.9998261332511902,1021.8338012695312,1020.92041015625,0.9995280504226685,337.2440490722656,497.6393127441406,0.9985094666481018,331.15277099609375,610.3377685546875,0.9979434609413147,277.21331787109375,550.1239013671875,0.9992955923080444,387.9363708496094,555.212158203125,0.9965368509292603,715.8016967773438,499.581787109375,0.9932110905647278,752.8388671875,717.3403930664062,0.9998832941055298,693.0186157226562,590.4513549804688,0.9956367611885071,786.7898559570312,580.4769287109375,0.9018968939781189,1003.5986938476562,556.3295288085938,0.08686923235654831,952.9293212890625,506.15765380859375,0.9878729581832886,1026.1181640625,468.3807373046875,0.9745970368385315,894.3881225585938,625.3729858398438,0.8672313094139099,862.6466064453125,566.6873168945312,0.8995436429977417,971.052734375,578.1124267578125,0.9984148740768433,829.4757080078125,641.028076171875,0.8855606913566589,931.0593872070312,691.9100952148438,0.802625834941864,853.8336791992188,720.998046875,0.9961001873016357,804.451904296875,820.8555297851562,0.4058052897453308,712.6117553710938,896.9136962890625,0.9443961381912231
1748,86.49580383300781,117.31526184082031,0.9998716115951538,996.4766235351562,84.20927429199219,0.9998806715011597,90.06841278076172,1028.684326171875,0.9997177720069885,1020.240234375,1020.6640625,0.9985654950141907,337.6611633300781,497.8199768066406,0.9976099729537964,330.9504089355469,610.1195678710938,0.9983232617378235,277.26055908203125,550.2372436523438,0.999153733253479,387.99615478515625,557.3143310546875,0.9970651268959045,715.1024169921875,498.36968994140625,0.9976018071174622,755.5607299804688,718.4719848632812,0.9999048709869385,694.7069091796875,591.5580444335938,0.9943865537643433,784.7532958984375,581.9109497070312,0.911243200302124,1062.9951171875,479.5465393066406,0.39694204926490784,970.5121459960938,523.5301513671875,0.943124532699585,948.83740234375,546.1384887695312,0.9477376341819763,881.0458374023438,622.1177368164062,0.9782359600067139,917.0408935546875,525.07470703125,0.5245591402053833,1000.5155029296875,586.9406127929688,0.8658323287963867,825.0330200195312,641.3992919921875,0.7262951731681824,852.0176391601562,563.2418823242188,0.7452220916748047,849.8421630859375,722.1970825195312,0.9975766539573669,799.3717651367188,816.8318481445312,0.2826691269874573,788.7581176757812,842.3697509765625,0.6971867084503174
1749,87.54061126708984,117.56839752197266,0.9998799562454224,997.05517578125,83.76223754882812,0.999875545501709,89.18607330322266,1030.0174560546875,0.9996668100357056,1021.8837280273438,1021.3355712890625,0.9990792274475098,339.26690673828125,497.81121826171875,0.9983927607536316,330.98870849609375,611.0505981445312,0.997907280921936,277.39044189453125,550.3088989257812,0.9992260932922363,388.20135498046875,558.2169189453125,0.994938850402832,718.443359375,498.47711181640625,0.9944948554039001,754.0260620117188,718.525146484375,0.9998369216918945,692.374755859375,591.1796875,0.9950069189071655,784.8965454101562,579.6111450195312,0.9219290018081665,1028.2239990234375,517.1516723632812,0.3538592755794525,970.231201171875,546.0084228515625,0.999553382396698,945.940185546875,564.36669921875,0.9910553693771362,875.5750122070312,619.309814453125,0.9516429305076599,913.1511840820312,530.7702026367188,0.9060243964195251,961.3573608398438,610.626953125,0.7193505764007568,843.2205810546875,658.0286254882812,0.38218390941619873,940.255615234375,659.71240234375,0.3098820447921753,847.9609985351562,702.9432373046875,0.9058964252471924,796.4630126953125,822.8146362304688,0.9076668620109558,710.0565795898438,891.1349487304688,0.39663875102996826
1750,86.20381164550781,116.61688995361328,0.9999321699142456,997.9223022460938,86.65796661376953,0.999600350856781,90.15229797363281,1029.047119140625,0.9997116923332214,1019.7034301757812,1020.4893188476562,0.9993440508842468,337.94970703125,498.0475769042969,0.9986255168914795,331.5433044433594,611.1643676757812,0.9988753199577332,277.29156494140625,549.7579956054688,0.9992706179618835,387.6722717285156,558.1336669921875,0.9936308264732361,721.8019409179688,500.8368835449219,0.9881459474563599,754.7622680664062,717.7735595703125,0.9998408555984497,692.4727172851562,591.8984985351562,0.9869604110717773,784.261962890625,573.873291015625,0.9354629516601562,1047.7899169921875,500.23089599609375,0.6082031726837158,963.1715698242188,548.8145141601562,0.9903111457824707,940.8734130859375,572.1842041015625,0.9231599569320679,889.204833984375,658.1165771484375,0.9568384885787964,907.4262084960938,539.6583251953125,0.912222146987915,1050.0433349609375,547.3208618164062,0.11195510625839233,830.5172119140625,636.7384643554688,0.7848020792007446,954.75634765625,658.7380981445312,0.8863513469696045,849.1731567382812,721.8248901367188,0.9985883831977844,801.6021118164062,813.8364868164062,0.9704962968826294,689.9768676757812,901.0491333007812,0.29599955677986145
1751,85.87040710449219,115.72808074951172,0.9999622106552124,997.758544921875,85.08899688720703,0.9998732805252075,90.55028533935547,1030.4166259765625,0.9997647404670715,1019.5618286132812,1019.28125,0.9990270137786865,339.7179870605469,498.06341552734375,0.99919193983078,331.9762268066406,610.4501342773438,0.9990092515945435,278.1852722167969,548.9242553710938,0.9992380142211914,388.44818115234375,559.0225830078125,0.9972198009490967,715.8306884765625,498.2494201660156,0.9977425336837769,754.0037231445312,717.9908447265625,0.9998855590820312,691.7449951171875,593.348388671875,0.9952054023742676,788.22412109375,581.60595703125,0.9107409119606018,1045.3636474609375,505.7703552246094,0.11755017191171646,963.82763671875,553.4757080078125,0.9935141801834106,947.9944458007812,566.9326782226562,0.9000613689422607,882.2269287109375,633.4579467773438,0.9565508961677551,915.5724487304688,553.35888671875,0.921218991279602,962.9308471679688,619.916015625,0.02813931182026863,882.7547607421875,560.6361083984375,0.3932318091392517,957.0957641601562,658.6880493164062,0.7655993700027466,849.3975219726562,719.5128784179688,0.9942846894264221,796.3161010742188,818.1226196289062,0.9417901635169983,690.1084594726562,896.1224365234375,0.33393341302871704
1752,86.28083038330078,117.994140625,0.999923825263977,997.657958984375,85.04602813720703,0.9999371767044067,90.64997100830078,1029.4771728515625,0.9997027516365051,1021.4546508789062,1019.1819458007812,0.9985960125923157,338.971923828125,497.573486328125,0.9988940358161926,332.32965087890625,610.288818359375,0.9991230368614197,277.70306396484375,549.1818237304688,0.9992396831512451,388.92669677734375,558.9080200195312,0.9949578642845154,715.4105834960938,498.5412902832031,0.995891809463501,754.6919555664062,716.9039916992188,0.9998645782470703,692.9221801757812,593.9511108398438,0.9944756627082825,786.374755859375,571.0680541992188,0.9022870659828186,1044.015625,510.495849609375,0.2936502993106842,961.9280395507812,558.0344848632812,0.9945576190948486,943.9104614257812,572.2950439453125,0.9192747473716736,884.6131591796875,656.6280517578125,0.7294130921363831,908.2913818359375,549.0369873046875,0.8694878220558167,1042.1612548828125,545.92431640625,0.5154210329055786,883.2095336914062,562.967041015625,0.5249685049057007,952.5097045898438,667.0065307617188,0.11267928779125214,848.0536499023438,713.5888671875,0.9211532473564148,799.2083129882812,812.95947265625,0.9666797518730164,884.4962768554688,867.87939453125,0.1642950177192688
1753,86.81257629394531,116.12655639648438,0.9999136924743652,996.7595825195312,84.06060791015625,0.9998788833618164,89.85322570800781,1029.691650390625,0.9998190999031067,1021.7495727539062,1019.5557861328125,0.9995397329330444,340.32470703125,498.06903076171875,0.999127209186554,331.7682800292969,611.067626953125,0.9991907477378845,277.9993896484375,548.6346435546875,0.9985426664352417,389.19915771484375,560.1328125,0.9979337453842163,712.0736083984375,500.1927490234375,0.9916808009147644,752.9920654296875,717.201416015625,0.9997718930244446,691.3195190429688,593.8908081054688,0.9942230582237244,784.4007568359375,571.9019165039062,0.8476537466049194,1044.998291015625,514.1863403320312,0.5121697187423706,956.9226684570312,558.2727661132812,0.9698612093925476,950.4146728515625,563.75634765625,0.9674859046936035,881.8295288085938,610.3526000976562,0.8073446750640869,1027.4521484375,564.5203857421875,0.7698071002960205,1041.37353515625,547.0540161132812,0.6485406756401062,881.6954345703125,562.39404296875,0.40747493505477905,889.6199340820312,557.7740478515625,0.46648356318473816,849.1262817382812,716.17919921875,0.9561377763748169,800.7047119140625,807.7743530273438,0.9688590168952942,719.2459106445312,885.080322265625,0.14683689177036285
1754,87.24247741699219,118.21708679199219,0.9998315572738647,996.364501953125,83.3831558227539,0.9999169111251831,90.46876525878906,1029.859375,0.9996780157089233,1020.2623901367188,1020.5276489257812,0.9978888630867004,339.4447326660156,497.9952392578125,0.9987500905990601,332.8253173828125,610.2579956054688,0.9991828799247742,277.7188415527344,549.2191162109375,0.9987468719482422,387.7489318847656,559.2501831054688,0.9978935122489929,713.08154296875,499.9502868652344,0.9964777827262878,753.7755737304688,717.55078125,0.9998562335968018,694.0684814453125,595.8206787109375,0.9972085356712341,784.0145263671875,580.1875610351562,0.8473875522613525,1040.06591796875,512.396484375,0.4741077721118927,956.5266723632812,557.2362060546875,0.9579418897628784,944.9366455078125,570.6771240234375,0.8811334371566772,885.9234619140625,659.4312744140625,0.9284690022468567,910.2869873046875,555.4995727539062,0.7620460987091064,1034.4947509765625,564.3277587890625,0.12586674094200134,844.821533203125,649.4578857421875,0.2571505308151245,954.2328491210938,662.162353515625,0.8697704672813416,847.8916625976562,723.4724731445312,0.985081136226654,794.8485107421875,819.473876953125,0.9839333295822144,294.697265625,263.8643493652344,0.638150691986084
1755,86.89349365234375,117.30797576904297,0.9999313354492188,998.6805419921875,84.06787872314453,0.9999375343322754,90.59735107421875,1031.1083984375,0.9996219873428345,1019.6782836914062,1019.5577392578125,0.997530996799469,338.8935852050781,498.1750183105469,0.9985828399658203,329.76953125,610.5248413085938,0.9988467693328857,277.7220153808594,549.3536376953125,0.9993707537651062,388.7261047363281,560.284912109375,0.9967448711395264,713.8662719726562,500.7864074707031,0.9977251887321472,753.1546020507812,717.328369140625,0.9997652173042297,693.0185546875,592.7817993164062,0.993252694606781,783.6448974609375,571.9993286132812,0.900151789188385,1046.29248046875,507.28143310546875,0.7864788770675659,957.7603149414062,555.69580078125,0.9797995686531067,943.7213134765625,569.958984375,0.7486287951469421,886.800537109375,658.9384155273438,0.9694458246231079,900.8467407226562,549.7332763671875,0.34361395239830017,984.8619995117188,617.842041015625,0.08933419734239578,846.3750610351562,652.3128662109375,0.4709383249282837,953.2610473632812,658.128173828125,0.5707747340202332,847.5110473632812,724.3037109375,0.9819285869598389,796.6415405273438,815.0903930664062,0.8335850238800049,700.8026733398438,893.2557373046875,0.2501872479915619
1756,87.75360107421875,117.94905853271484,0.999639630317688,994.49462890625,85.64480590820312,0.9998738765716553,90.33517456054688,1031.4512939453125,0.9995904564857483,1018.7734375,1021.1577758789062,0.9971578121185303,338.8225402832031,498.202392578125,0.9989112615585327,330.4856872558594,609.9645385742188,0.9985311031341553,277.23126220703125,549.1431884765625,0.9988478422164917,388.20025634765625,559.4207763671875,0.9958170056343079,715.1841430664062,499.30938720703125,0.99806147813797,753.272216796875,716.9750366210938,0.9998183846473694,693.0447998046875,590.307373046875,0.9818795323371887,782.465576171875,568.4767456054688,0.8420709371566772,1047.4002685546875,510.73419189453125,0.7962622046470642,956.814208984375,556.6953125,0.9793108105659485,942.67578125,569.5271606445312,0.9085392951965332,883.4410400390625,654.2839965820312,0.8634331822395325,905.8665161132812,548.1402587890625,0.6766097545623779,889.0013427734375,554.1449584960938,0.11344541609287262,844.1981201171875,656.3886108398438,0.45203065872192383,849.9262084960938,591.8461303710938,0.5753040909767151,845.6275634765625,725.4976806640625,0.9588167071342468,790.6168823242188,816.0164794921875,0.9627852439880371,886.7538452148438,870.6259765625,0.165068119764328
1757,86.44642639160156,118.05272674560547,0.9999134540557861,996.521728515625,83.6897964477539,0.9999011754989624,91.65414428710938,1030.0838623046875,0.9997286200523376,1020.078369140625,1019.4132690429688,0.9986572265625,339.66644287109375,498.1968994140625,0.9985742568969727,330.1087646484375,609.7562866210938,0.9983861446380615,276.8540954589844,548.6613159179688,0.9988430738449097,387.913818359375,559.92041015625,0.9947085380554199,715.4290771484375,500.98974609375,0.997265100479126,753.0352783203125,716.857421875,0.9998230338096619,694.0400390625,590.2980346679688,0.9869267344474792,784.82373046875,569.8900146484375,0.6703502535820007,1040.650146484375,513.9144287109375,0.5161635875701904,956.9983520507812,557.9066162109375,0.9499008655548096,943.5248413085938,569.3248291015625,0.8863745331764221,884.5411987304688,637.925537109375,0.9337793588638306,916.7466430664062,547.3680419921875,0.20582741498947144,1031.7889404296875,567.0508422851562,0.05883465334773064,845.69140625,654.048095703125,0.4791010320186615,947.7305297851562,669.1055297851562,0.9252399802207947,848.8330078125,722.533447265625,0.9951481223106384,791.7485961914062,814.00830078125,0.9767891764640808,887.9935913085938,868.9656372070312,0.347589373588562
1758,87.23961639404297,117.87760925292969,0.9998840093612671,997.1267700195312,83.53815460205078,0.9998409748077393,90.12879943847656,1029.671630859375,0.9996349811553955,1021.37890625,1019.9625854492188,0.9988813996315002,337.8890686035156,498.1291198730469,0.9984866380691528,330.4546203613281,609.3364868164062,0.9990155696868896,276.8590393066406,547.9224243164062,0.9989029169082642,387.2062072753906,558.8632202148438,0.9960405826568604,715.6040649414062,501.242919921875,0.997053861618042,753.1865234375,716.962158203125,0.9998961687088013,693.89111328125,587.1243896484375,0.9970778226852417,781.4730224609375,560.2005615234375,0.7474363446235657,1079.8590087890625,541.44873046875,0.370545357465744,958.0204467773438,558.6537475585938,0.9567276239395142,933.2434692382812,574.3873291015625,0.9589834213256836,886.8153076171875,658.285888671875,0.9904155731201172,913.5068359375,550.7630004882812,0.12352045625448227,1041.404541015625,552.1524658203125,0.13804298639297485,844.7826538085938,659.7237548828125,0.22860588133335114,898.4969482421875,709.3705444335938,0.5469843745231628,847.8692016601562,725.55517578125,0.9958561062812805,791.8028564453125,814.837158203125,0.9801105260848999,714.69287109375,884.8088989257812,0.08309449255466461
1759,87.09367370605469,117.66191864013672,0.9997900128364563,997.3077392578125,83.16683197021484,0.999873161315918,90.58062744140625,1030.504638671875,0.9995446801185608,1019.7854614257812,1018.420654296875,0.9992024302482605,338.2662353515625,497.7752380371094,0.9975613355636597,330.4914245605469,609.0946655273438,0.9986943602561951,277.3211975097656,549.0010375976562,0.9993565678596497,387.5375671386719,558.7799682617188,0.9966596364974976,715.4102783203125,500.975341796875,0.9885883331298828,752.8322143554688,717.10302734375,0.9998582601547241,692.639404296875,592.7512817382812,0.9951240420341492,783.171142578125,582.634033203125,0.7850868105888367,1080.376708984375,511.8509826660156,0.04836311191320419,974.1787719726562,560.0118408203125,0.9356382489204407,959.1936645507812,572.9351806640625,0.9712662696838379,884.57080078125,598.2083129882812,0.5157034993171692,936.393798828125,551.7045288085938,0.5767446756362915,1054.838134765625,565.1272583007812,0.23197034001350403,830.48486328125,621.196044921875,0.22661983966827393,950.0223999023438,659.7599487304688,0.678415060043335,848.2182006835938,727.1310424804688,0.9387632608413696,788.49560546875,818.7340698242188,0.9633373618125916,901.466064453125,533.9860229492188,0.11773672699928284
1760,86.4061508178711,118.51849365234375,0.9998371601104736,996.279541015625,84.77802276611328,0.9999253749847412,90.78919982910156,1029.2545166015625,0.9996552467346191,1019.5322265625,1019.4078979492188,0.9991456270217896,338.9822692871094,497.9166564941406,0.9980995059013367,329.5216979980469,609.0797119140625,0.9987260699272156,276.9267578125,549.3003540039062,0.9994497895240784,387.5005798339844,559.0930786132812,0.9968945980072021,717.4283447265625,499.9597473144531,0.9953501224517822,753.2998657226562,717.4822387695312,0.9998435974121094,693.349853515625,593.2300415039062,0.995568573474884,784.7545166015625,584.1362915039062,0.8165819644927979,1092.1805419921875,520.687744140625,0.012374450452625751,1009.389892578125,559.462646484375,0.9719530344009399,973.9339599609375,580.3278198242188,0.9688283205032349,887.9388427734375,595.2415161132812,0.3993058502674103,957.4749755859375,554.632568359375,0.15605083107948303,980.2542724609375,629.46484375,0.10749847441911697,948.7769165039062,554.574951171875,0.6043203473091125,853.2724609375,570.4896850585938,0.09779556095600128,855.974609375,704.4478759765625,0.9983048439025879,799.9415893554688,794.310302734375,0.9892385005950928,708.8683471679688,872.7527465820312,0.6784290075302124
1761,87.00157928466797,117.65161895751953,0.9996793270111084,994.95654296875,82.47461700439453,0.9998378753662109,90.0323257446289,1029.1446533203125,0.9997808337211609,1020.7136840820312,1018.651123046875,0.9984316229820251,338.6414489746094,497.7586364746094,0.9981537461280823,329.54193115234375,609.7349853515625,0.9991138577461243,277.3540954589844,550.077880859375,0.9994588494300842,387.9762268066406,560.3778076171875,0.9962857961654663,715.4952392578125,500.8442687988281,0.9918186664581299,754.3087158203125,718.2518310546875,0.9998385906219482,690.3133544921875,591.8242797851562,0.9960078001022339,786.2982177734375,580.2930297851562,0.8847784399986267,1087.0784912109375,525.1325073242188,0.030625343322753906,1022.3221435546875,563.5689697265625,0.8794242143630981,1000.3772583007812,582.214599609375,0.9541791677474976,913.8572387695312,609.4825439453125,0.9953834414482117,982.0531616210938,544.1882934570312,0.5322058796882629,990.9729614257812,646.96875,0.2083331197500229,840.6731567382812,605.5376586914062,0.6232191324234009,927.6651611328125,686.574951171875,0.06848201900720596,858.5088500976562,697.7107543945312,0.9937885403633118,802.0911254882812,777.5877075195312,0.9539339542388916,132.92930603027344,500.70587158203125,0.06671224534511566
1762,85.91220092773438,118.96749114990234,0.9998841285705566,994.9385375976562,81.92615509033203,0.9998038411140442,90.57386016845703,1029.2164306640625,0.9997887015342712,1023.0648193359375,1020.6853637695312,0.9991773962974548,337.4977722167969,497.8698425292969,0.9986302852630615,330.0961608886719,609.607177734375,0.9990085959434509,277.4254455566406,549.9014282226562,0.9992876648902893,387.38226318359375,558.5831909179688,0.9960544109344482,718.3465576171875,500.2165832519531,0.9942612648010254,753.747802734375,718.0914306640625,0.9996508359909058,690.16162109375,590.311279296875,0.994584858417511,784.3645629882812,569.5694580078125,0.8204813599586487,1076.6722412109375,520.3203125,0.07002055644989014,1037.895751953125,568.4165649414062,0.8704659342765808,1008.78466796875,581.97265625,0.7151761651039124,921.7256469726562,612.6475219726562,0.5798499584197998,990.2025146484375,539.8839721679688,0.41357332468032837,997.4998779296875,655.1005249023438,0.16549652814865112,845.459228515625,615.2947387695312,0.21054884791374207,936.3224487304688,681.9815673828125,0.4229424297809601,860.1375732421875,701.193115234375,0.9900798797607422,807.9188232421875,764.7449951171875,0.9966321587562561,736.9017333984375,848.884521484375,0.22703951597213745
1763,85.71438598632812,117.14507293701172,0.9998990297317505,996.2024536132812,84.73674774169922,0.9998778104782104,90.30879211425781,1028.2608642578125,0.999863862991333,1020.0967407226562,1020.1900024414062,0.9986553192138672,337.72576904296875,498.15045166015625,0.9980272650718689,330.7370300292969,610.9096069335938,0.9989379048347473,277.49658203125,549.6598510742188,0.9993804693222046,388.1269836425781,559.3712158203125,0.9955933690071106,717.326904296875,499.74761962890625,0.9938278794288635,754.7530517578125,717.7631225585938,0.9996029734611511,693.8231201171875,588.5097045898438,0.9954480528831482,782.6906127929688,546.9347534179688,0.6415056586265564,1084.9581298828125,539.7914428710938,0.03423278406262398,1041.0943603515625,586.0416259765625,0.9974601864814758,1014.31689453125,594.2271118164062,0.9880622625350952,934.4891357421875,620.5050048828125,0.7821235060691833,1007.6162109375,531.8287353515625,0.16708117723464966,1015.6432495117188,656.926025390625,0.9266899824142456,848.331298828125,613.85986328125,0.4714075028896332,968.7488403320312,669.6217651367188,0.1401681900024414,870.020263671875,699.7216796875,0.9833354949951172,813.4591674804688,764.0297241210938,0.9975080490112305,743.9601440429688,844.695068359375,0.18868409097194672
1764,85.6163101196289,117.53367614746094,0.9998918771743774,996.9909057617188,84.99888610839844,0.9998214840888977,90.76481628417969,1030.3353271484375,0.9998089671134949,1021.6671752929688,1020.2194213867188,0.9987205266952515,337.3772277832031,498.0274658203125,0.9978755712509155,330.88336181640625,610.2216796875,0.9993211030960083,277.9294738769531,550.8858642578125,0.9996304512023926,387.3478698730469,558.4671630859375,0.995429277420044,713.8026123046875,498.8840026855469,0.9974545836448669,753.6774291992188,717.3663940429688,0.999700665473938,691.946044921875,591.4378051757812,0.9973791837692261,782.4168090820312,570.1708984375,0.7570919990539551,1084.1278076171875,574.0635375976562,0.021256688982248306,1048.0450439453125,599.2578735351562,0.9798944592475891,1017.5191040039062,609.6478881835938,0.8471915125846863,933.916748046875,631.0252075195312,0.6869018077850342,983.9483032226562,623.4130249023438,0.06217221915721893,1020.1797485351562,664.6141357421875,0.6791772842407227,982.3858032226562,554.633056640625,0.6108930110931396,944.1707763671875,686.5090942382812,0.8073767423629761,869.1630249023438,700.508056640625,0.9891387820243835,811.3310546875,773.1055297851562,0.991317868232727,426.2463684082031,494.5478515625,0.08138978481292725
1765,86.7535171508789,115.8485336303711,0.9998495578765869,994.0945434570312,84.76954650878906,0.9999150037765503,90.41490936279297,1030.5032958984375,0.9997486472129822,1020.9884033203125,1020.2389526367188,0.9986152648925781,336.6109924316406,497.988037109375,0.9975396394729614,329.7641296386719,610.4302978515625,0.9994845390319824,277.7305603027344,550.6962280273438,0.9996798038482666,387.03643798828125,559.34326171875,0.9939203262329102,713.488037109375,499.68731689453125,0.9929868578910828,753.0780639648438,717.5848999023438,0.9997796416282654,692.4407958984375,589.5513305664062,0.9911825656890869,784.2526245117188,547.4063720703125,0.637236475944519,1080.484375,535.2600708007812,0.043532419949769974,1059.07177734375,609.9407348632812,0.9727786779403687,1041.2135009765625,621.272705078125,0.9493889212608337,970.0635375976562,638.1939086914062,0.7915083169937134,999.8209838867188,559.7960815429688,0.24468296766281128,1032.705810546875,664.6630859375,0.6893295645713806,884.5369262695312,610.5362548828125,0.5205039381980896,950.5468139648438,678.7806396484375,0.9453659057617188,871.1643676757812,700.18359375,0.9782698154449463,816.8060913085938,763.4193115234375,0.9962090253829956,847.1563720703125,610.4166259765625,0.4529953598976135
1766,86.67630767822266,115.3391342163086,0.9996117949485779,994.3004150390625,85.38900756835938,0.9999165534973145,91.89701080322266,1031.516845703125,0.9996553659439087,1021.9135131835938,1019.0906982421875,0.9993960857391357,337.3301086425781,498.13629150390625,0.9986034035682678,330.8203125,610.4476928710938,0.9989107847213745,277.7903137207031,550.138427734375,0.9996033310890198,386.5856628417969,558.185791015625,0.9955382943153381,715.9478149414062,498.6658630371094,0.9947555065155029,754.4064331054688,717.872314453125,0.9998217225074768,692.7764282226562,592.7645874023438,0.9960238933563232,782.1950073242188,557.2055053710938,0.6026601791381836,1084.9884033203125,591.0046997070312,0.01130661927163601,1065.79443359375,613.6455078125,0.4004407823085785,1040.55078125,620.8157958984375,0.8757234811782837,935.8130493164062,590.3573608398438,0.12022924423217773,999.8612670898438,546.6451416015625,0.17670954763889313,1015.365234375,667.6806640625,0.7917230129241943,863.2291870117188,611.6702270507812,0.4073430895805359,954.8922729492188,673.0641479492188,0.6529878377914429,877.6990966796875,693.7608642578125,0.9925565123558044,818.0523681640625,763.1489868164062,0.9955477714538574,849.6168823242188,599.9315185546875,0.2276996523141861
1767,86.94159698486328,116.93334197998047,0.9996005892753601,996.09912109375,84.46636199951172,0.9999074935913086,90.01465606689453,1029.9453125,0.9996622800827026,1021.819580078125,1020.6800537109375,0.999064028263092,337.9917907714844,497.9989929199219,0.9987026453018188,330.9053649902344,610.3541259765625,0.9988715052604675,277.75146484375,549.363525390625,0.9994614720344543,386.69427490234375,558.5191650390625,0.9954636693000793,712.60888671875,500.2781982421875,0.9833894371986389,754.71435546875,717.2453002929688,0.9998822212219238,692.298828125,591.9921264648438,0.991633415222168,784.4611206054688,568.8848266601562,0.6016936898231506,1088.701171875,518.625,0.010110735893249512,1071.77001953125,607.5108032226562,0.2946373224258423,1034.8468017578125,620.2566528320312,0.7532162666320801,960.3258056640625,622.8822631835938,0.6800534129142761,1005.1590576171875,544.9746704101562,0.20563851296901703,1028.9813232421875,664.1183471679688,0.47396552562713623,902.8339233398438,612.4342651367188,0.1376514583826065,954.3885498046875,667.2224731445312,0.5182318091392517,879.7216796875,693.8074340820312,0.9796707630157471,819.6353759765625,760.5078125,0.9981708526611328,722.5103149414062,864.3706665039062,0.7361013889312744
1768,87.43136596679688,115.8548583984375,0.9998227953910828,996.451416015625,84.12078857421875,0.9996699094772339,90.45684051513672,1030.09912109375,0.999879002571106,1022.2610473632812,1021.3065795898438,0.999345600605011,337.684814453125,498.0765075683594,0.9992256164550781,331.62957763671875,610.4957885742188,0.9981789588928223,278.0815734863281,550.3490600585938,0.9993125200271606,386.5466613769531,558.6770629882812,0.9966306090354919,712.0550537109375,501.0105285644531,0.978232204914093,754.607177734375,717.9434814453125,0.9996359348297119,691.4773559570312,592.81640625,0.9949371814727783,784.417236328125,567.5960693359375,0.5702319145202637,1088.5970458984375,513.2984008789062,0.010178128257393837,1060.14453125,595.0270385742188,0.9642224311828613,1033.2886962890625,605.3389282226562,0.801219642162323,951.7298583984375,627.7802124023438,0.9837856888771057,998.7428588867188,537.8505249023438,0.13313981890678406,1011.3392944335938,653.2622680664062,0.6146708130836487,866.1182250976562,602.7081298828125,0.5700817108154297,953.8887329101562,669.5746459960938,0.854960560798645,878.4066772460938,693.3465576171875,0.9935332536697388,819.054931640625,765.2296752929688,0.9894819259643555,717.657958984375,867.5096435546875,0.36005762219429016
1769,86.65986633300781,115.8397216796875,0.999896764755249,993.0191650390625,83.7257080078125,0.9997631907463074,89.60993194580078,1028.809326171875,0.9997959733009338,1020.6154174804688,1019.457275390625,0.9982916712760925,338.35455322265625,498.2208557128906,0.9991016387939453,330.2718505859375,609.641357421875,0.9973406195640564,277.6552734375,549.586181640625,0.9992719292640686,387.10736083984375,559.1226806640625,0.9956860542297363,714.3562622070312,500.067626953125,0.9914313554763794,754.2695922851562,717.5476684570312,0.999839186668396,694.0521850585938,593.0956420898438,0.9940609335899353,782.4307861328125,560.3966674804688,0.6796690225601196,1085.2637939453125,513.5640869140625,0.027806473895907402,1051.828369140625,593.6614379882812,0.954168975353241,1022.1622314453125,605.1234130859375,0.8215453624725342,947.3262939453125,626.5097045898438,0.9740643501281738,1001.483642578125,538.8582153320312,0.3510311543941498,1013.0725708007812,656.9491577148438,0.7069535851478577,872.2511596679688,604.3224487304688,0.20898650586605072,946.8870849609375,676.4122314453125,0.7529578804969788,875.1981201171875,696.4146728515625,0.9544731974601746,817.634521484375,766.8182373046875,0.98605877161026,726.3963012695312,863.3230590820312,0.4035816788673401
1770,86.2920150756836,116.91292572021484,0.9999630451202393,995.5269775390625,85.95511627197266,0.999946117401123,88.99639892578125,1029.3585205078125,0.9996873140335083,1017.5848388671875,1020.3831787109375,0.9985896944999695,339.3627624511719,498.4166259765625,0.9992891550064087,331.3394775390625,610.1279907226562,0.9976008534431458,278.29571533203125,549.3370361328125,0.9992997646331787,387.5966796875,558.3261108398438,0.9958414435386658,713.3038330078125,499.01947021484375,0.9935070276260376,753.3553466796875,718.180908203125,0.9998273253440857,693.2191162109375,594.9839477539062,0.9953664541244507,779.9202880859375,559.0674438476562,0.7877935171127319,1079.4930419921875,516.27392578125,0.1610247790813446,1048.9539794921875,589.8216552734375,0.6215451955795288,1026.6773681640625,602.9886474609375,0.7103994488716125,952.8654174804688,627.0003662109375,0.7607529163360596,1006.9641723632812,534.2777709960938,0.08576571941375732,1009.14990234375,646.9915161132812,0.583672046661377,855.450439453125,602.35107421875,0.7098938226699829,963.87255859375,665.2830200195312,0.6407438516616821,874.5665893554688,695.673095703125,0.9909135103225708,815.48095703125,771.300048828125,0.9917250871658325,852.19287109375,590.0504760742188,0.20261883735656738
1771,86.5441665649414,118.05213165283203,0.9997513890266418,993.9798583984375,84.54350280761719,0.9998815059661865,90.20610046386719,1029.567626953125,0.9998052716255188,1019.2839965820312,1020.7200927734375,0.9984996318817139,339.2746887207031,498.80963134765625,0.9992519021034241,332.0575866699219,611.4622802734375,0.9990259408950806,278.31842041015625,549.8482666015625,0.9994586110115051,387.15625,559.010986328125,0.9954347014427185,710.6222534179688,501.4496765136719,0.9970631003379822,754.067138671875,717.1075439453125,0.9999160766601562,691.3687744140625,594.8912353515625,0.9977593421936035,785.5062866210938,571.9762573242188,0.9058158993721008,1084.756103515625,569.3185424804688,0.0390198789536953,1046.992919921875,593.5158081054688,0.6694555878639221,1020.2234497070312,602.440185546875,0.7287698984146118,943.5463256835938,625.3232421875,0.8563838601112366,1003.8158569335938,541.9517211914062,0.11151780933141708,1010.1747436523438,647.4880981445312,0.7530108690261841,981.4208984375,550.4097290039062,0.4687044620513916,960.8157958984375,666.638427734375,0.6407784223556519,874.51904296875,697.6290283203125,0.9745082855224609,816.3257446289062,770.3448486328125,0.9799166917800903,724.4198608398438,865.6198120117188,0.8472427129745483
1772,85.68193817138672,118.65067291259766,0.9998206496238708,992.705810546875,82.6148910522461,0.999880313873291,91.0736083984375,1029.2899169921875,0.9997569918632507,1021.0134887695312,1019.637451171875,0.9990125894546509,337.0994873046875,498.33026123046875,0.9986380934715271,331.5758056640625,610.8939208984375,0.999119222164154,278.3010559082031,550.0848999023438,0.9993639588356018,386.7507019042969,558.8676147460938,0.9928556680679321,716.3250732421875,501.6664733886719,0.9873091578483582,754.2489624023438,717.4308471679688,0.9999264478683472,693.021240234375,592.5234985351562,0.9966471791267395,789.6908569335938,571.3035278320312,0.9356045722961426,1082.2227783203125,572.2491455078125,0.043393731117248535,1045.962646484375,591.879150390625,0.30646994709968567,1017.8262939453125,599.4462890625,0.8295232057571411,940.2828369140625,628.6242065429688,0.9569710493087769,1011.7364501953125,543.2850952148438,0.1290997713804245,1003.3228759765625,649.3047485351562,0.8902611136436462,878.7222290039062,613.3992309570312,0.6846509575843811,949.315185546875,673.4989013671875,0.9385824799537659,874.0254516601562,698.9691772460938,0.9947721362113953,814.23486328125,772.800048828125,0.9900707602500916,720.042236328125,867.96337890625,0.3810294270515442
1773,86.96973419189453,117.71260833740234,0.9996919631958008,994.7946166992188,83.47356414794922,0.9998738765716553,89.6994857788086,1029.9444580078125,0.9996892213821411,1022.6172485351562,1020.7835083007812,0.9988904595375061,336.1455383300781,498.56585693359375,0.9977288842201233,331.99603271484375,610.8325805664062,0.998988687992096,278.1309509277344,550.0540161132812,0.998788058757782,386.32574462890625,557.3287353515625,0.9944272041320801,714.4171142578125,500.0566101074219,0.9985803365707397,754.177490234375,717.420166015625,0.9998756647109985,693.8258666992188,591.0404663085938,0.9956183433532715,786.6834716796875,572.8485717773438,0.8956598043441772,1076.9210205078125,512.553955078125,0.054825615137815475,1044.3365478515625,593.4871215820312,0.8882464170455933,1013.558349609375,604.5198974609375,0.8156688213348389,941.5704956054688,631.6295166015625,0.9673615097999573,1005.0555419921875,531.4627075195312,0.07363062351942062,1009.7161865234375,656.2291870117188,0.7199459075927734,867.8829956054688,605.3836059570312,0.3140570819377899,950.1075439453125,678.128173828125,0.8895065188407898,871.571044921875,701.6165771484375,0.9944737553596497,812.635498046875,775.09912109375,0.9951144456863403,721.0521850585938,867.408935546875,0.3579859733581543
1774,87.5657958984375,116.41024017333984,0.9998608827590942,996.8238525390625,82.24054718017578,0.9997442364692688,89.95201110839844,1030.0999755859375,0.9997907280921936,1020.63427734375,1021.3722534179688,0.9987072944641113,337.5296936035156,498.2745666503906,0.9987809062004089,330.55596923828125,610.786376953125,0.9985203146934509,277.5350341796875,550.0836791992188,0.9995566010475159,386.23284912109375,558.547607421875,0.9934921860694885,712.6583251953125,499.7391662597656,0.9970523118972778,753.7821044921875,717.6776123046875,0.999895453453064,690.4088745117188,592.9671020507812,0.9978771209716797,786.45263671875,572.2312622070312,0.9679324626922607,1083.7396240234375,512.3212890625,0.05294526368379593,1044.9498291015625,593.1873779296875,0.7986233830451965,1021.6119995117188,602.8665771484375,0.5840842723846436,948.030517578125,629.980712890625,0.9836465716362,1005.185302734375,527.106689453125,0.19543012976646423,1009.9407348632812,644.3758544921875,0.8098919987678528,965.9044799804688,540.4153442382812,0.19698165357112885,948.643310546875,678.6243286132812,0.8961876034736633,871.444580078125,701.1979370117188,0.9892503023147583,813.3781127929688,770.982666015625,0.9796217679977417,718.8697509765625,871.5232543945312,0.7644050121307373
1775,86.2345962524414,116.673095703125,0.9998952150344849,997.0853271484375,80.99508666992188,0.9995649456977844,89.69882202148438,1029.04443359375,0.9996645450592041,1022.7876586914062,1019.3611450195312,0.9992571473121643,338.20391845703125,498.66656494140625,0.9991325736045837,329.46685791015625,609.5298461914062,0.9976746439933777,277.6641845703125,549.26611328125,0.9989005327224731,385.6138000488281,558.4348754882812,0.994149923324585,714.8989868164062,499.0391845703125,0.9947718977928162,754.1254272460938,716.5433349609375,0.9999576807022095,691.3391723632812,591.8046264648438,0.9967455863952637,786.6491088867188,572.6333618164062,0.9726201891899109,715.1424560546875,510.5521545410156,0.00437490688636899,1032.553955078125,577.4623413085938,0.27342161536216736,1019.730224609375,597.9523315429688,0.8669062852859497,942.4385375976562,631.1943969726562,0.9953305721282959,1020.6435546875,640.442626953125,0.5897054076194763,1026.5509033203125,644.1763916015625,0.0695595070719719,858.256591796875,605.3554077148438,0.5644840598106384,945.3026123046875,678.7135620117188,0.6583275198936462,874.9447021484375,701.1422729492188,0.9298296570777893,848.0096435546875,745.4845581054688,0.04062461107969284,817.2310791015625,795.7656860351562,0.057862672954797745
1776,88.80538177490234,117.15230560302734,0.9998157620429993,996.3400268554688,84.96422576904297,0.9996110796928406,89.95703125,1029.862548828125,0.9996613264083862,1022.5874633789062,1021.1228637695312,0.9989381432533264,337.5605773925781,498.0247802734375,0.9987903237342834,330.69769287109375,610.4613647460938,0.9988975524902344,277.652587890625,550.9789428710938,0.9994103908538818,386.27459716796875,558.1331787109375,0.9945845007896423,714.907470703125,499.65911865234375,0.9942986965179443,753.857666015625,717.115234375,0.9999481439590454,691.66259765625,591.3958129882812,0.9979599714279175,784.877685546875,566.701416015625,0.8315097689628601,1083.0958251953125,632.3892211914062,0.30246952176094055,1069.70751953125,626.6974487304688,0.6760165095329285,1040.0911865234375,606.5928955078125,0.5314839482307434,939.4441528320312,634.1649169921875,0.8023748993873596,1058.6959228515625,574.51318359375,0.40170085430145264,1009.7887573242188,630.9988403320312,0.8432119488716125,1032.5865478515625,465.2147521972656,0.5569787621498108,945.2948608398438,680.7239990234375,0.07229986041784286,876.7645263671875,713.1744384765625,0.998105525970459,818.5182495117188,813.75048828125,0.934169352054596,886.5953979492188,864.9411010742188,0.22525006532669067
1777,87.5145263671875,116.71358489990234,0.9997557997703552,1000.2077026367188,84.19217681884766,0.9998971223831177,89.53828430175781,1029.2960205078125,0.9996030926704407,1019.0048828125,1019.8944702148438,0.9979262351989746,337.8229675292969,498.0928955078125,0.9986791014671326,332.3349914550781,610.3082275390625,0.9977370500564575,277.8384704589844,549.69921875,0.9984207153320312,386.2001647949219,556.9510498046875,0.9939743876457214,713.3814086914062,499.5608215332031,0.9986795783042908,753.6431274414062,717.0657958984375,0.9999531507492065,691.9340209960938,590.9812622070312,0.9977377653121948,787.845703125,568.5534057617188,0.9274457097053528,1086.330078125,506.0871276855469,0.30097389221191406,1075.0244140625,523.6029663085938,0.7222633957862854,1043.679931640625,544.9511108398438,0.46049964427948,925.0546264648438,609.28173828125,0.5908366441726685,927.4544677734375,529.5216674804688,0.30404147505760193,1041.958740234375,579.4818115234375,0.9485594034194946,988.7890625,449.6080322265625,0.7953336238861084,960.9519653320312,678.7418823242188,0.10200122743844986,875.2421875,714.3876953125,0.9980356097221375,842.81396484375,793.1211547851562,0.2948321998119354,778.4849853515625,847.0651245117188,0.5279818177223206
1778,87.23536682128906,117.37501525878906,0.9998145699501038,997.60888671875,84.22101593017578,0.9999479055404663,89.41289520263672,1029.4517822265625,0.9996869564056396,1021.6304931640625,1018.72998046875,0.9989633560180664,337.7810974121094,498.22149658203125,0.9987390637397766,331.4978942871094,610.2853393554688,0.9979861974716187,277.1070861816406,550.0587158203125,0.9991015195846558,386.9620361328125,557.0930786132812,0.9958361387252808,714.0174560546875,499.7579650878906,0.998206377029419,753.02197265625,717.089599609375,0.9999324083328247,692.8544921875,590.067626953125,0.9966379404067993,785.9170532226562,572.711181640625,0.9215021133422852,1086.2213134765625,488.67864990234375,0.7273309826850891,915.0882568359375,396.69818115234375,0.8007577061653137,924.0682373046875,417.8458557128906,0.4523921012878418,925.7831420898438,659.1270141601562,0.5675266981124878,908.1630859375,522.8002319335938,0.9859536290168762,988.7271118164062,496.2796936035156,0.19558684527873993,848.5767822265625,625.88134765625,0.9500470757484436,972.1159057617188,663.0118408203125,0.8726398944854736,877.7323608398438,725.871826171875,0.9992382526397705,836.747314453125,830.7686157226562,0.9335811734199524,705.9241333007812,885.8468017578125,0.28630802035331726
1779,86.24466705322266,117.97949981689453,0.9999197721481323,997.8795166015625,84.87191772460938,0.9999536275863647,90.68672180175781,1030.17919921875,0.9996090531349182,1019.380615234375,1019.9888916015625,0.9984272718429565,338.830078125,498.7367248535156,0.9991036057472229,331.41973876953125,610.8385009765625,0.9987753033638,277.8487854003906,549.3173217773438,0.998863935470581,387.0290222167969,557.4811401367188,0.9962886571884155,716.607666015625,499.13580322265625,0.996236264705658,753.416259765625,716.5325927734375,0.9999428987503052,692.4699096679688,590.5109252929688,0.9974988102912903,788.3333129882812,571.6557006835938,0.9843273758888245,873.2284545898438,379.3287353515625,0.9871492981910706,876.6876220703125,392.0330505371094,0.9664290547370911,884.7235717773438,416.0417175292969,0.964104950428009,921.4046020507812,617.8273315429688,0.6638049483299255,880.57861328125,512.6817626953125,0.9733994007110596,931.0997314453125,434.427978515625,0.356295108795166,841.7777709960938,633.9661865234375,0.9641386866569519,965.6378173828125,670.6715698242188,0.961269736289978,872.8381958007812,723.4971313476562,0.9994396567344666,838.30908203125,831.3888549804688,0.7054969072341919,729.8189697265625,895.0718994140625,0.7795006632804871
1780,85.9273910522461,117.05968475341797,0.9999392032623291,995.6005859375,85.7092514038086,0.9998691082000732,89.56167602539062,1029.275146484375,0.9997319579124451,1020.26025390625,1019.8005981445312,0.9988366961479187,339.2203063964844,498.6309814453125,0.9994564652442932,331.9003601074219,610.6026611328125,0.9991196990013123,277.810302734375,549.6055297851562,0.9991474151611328,386.347412109375,557.5420532226562,0.9968848824501038,716.3056640625,497.732421875,0.9652539491653442,752.991943359375,716.411865234375,0.9999213218688965,689.9396362304688,589.949951171875,0.9974660873413086,795.969970703125,560.9913940429688,0.9791964888572693,845.1383666992188,392.3656005859375,0.8603419065475464,868.2457885742188,446.1172180175781,0.7349432110786438,872.4827880859375,465.8126525878906,0.8523627519607544,904.67529296875,586.3492431640625,0.6219273209571838,852.0617065429688,533.2747192382812,0.9632431268692017,951.3033447265625,510.7410583496094,0.33144405484199524,952.6594848632812,511.1488952636719,0.9772433638572693,964.6602172851562,654.7713623046875,0.5034946203231812,866.5032958984375,725.0711059570312,0.9996916055679321,836.720458984375,836.1346435546875,0.9326205849647522,701.8595581054688,895.6229248046875,0.3694117069244385
1781,87.44060516357422,117.53272247314453,0.999921441078186,996.9990234375,83.92395782470703,0.999921441078186,91.1639175415039,1030.5338134765625,0.999733030796051,1021.71533203125,1019.874755859375,0.9983659386634827,339.02740478515625,498.41375732421875,0.9990580677986145,332.4569091796875,610.8283081054688,0.9987751841545105,277.9097595214844,549.55029296875,0.9990468621253967,387.05743408203125,557.4600830078125,0.9961755275726318,712.3444213867188,500.47479248046875,0.9981544613838196,752.8500366210938,717.5753173828125,0.9998989105224609,690.111328125,589.2904663085938,0.9946187734603882,781.9630737304688,573.7920532226562,0.9579793810844421,755.6212768554688,415.012451171875,0.9677067995071411,804.7747802734375,419.0043029785156,0.8087497353553772,818.6964721679688,446.40643310546875,0.1958274245262146,900.2064208984375,574.8898315429688,0.9472700953483582,822.530517578125,519.34814453125,0.3558546304702759,866.6416625976562,462.7792053222656,0.5008351802825928,833.9069213867188,640.5823364257812,0.9835742712020874,959.9046020507812,663.6158447265625,0.9396114945411682,866.683837890625,725.5746459960938,0.999648928642273,836.1356811523438,832.7162475585938,0.8523547053337097,754.8541870117188,901.7579345703125,0.686397135257721
1782,85.96727752685547,115.3783950805664,0.9999330043792725,995.2789306640625,83.40357208251953,0.9999439716339111,91.21339416503906,1031.146728515625,0.9997801184654236,1021.6517944335938,1020.18115234375,0.9988929629325867,338.72930908203125,498.1299743652344,0.9991393089294434,330.99676513671875,610.0028076171875,0.9991395473480225,278.25054931640625,548.8294677734375,0.9991078972816467,387.53533935546875,557.382568359375,0.9964867830276489,706.9725952148438,502.9683532714844,0.9613807201385498,752.433349609375,716.1957397460938,0.9998763799667358,691.3087158203125,589.243896484375,0.9902753829956055,781.4705810546875,578.1015014648438,0.46099361777305603,711.1172485351562,440.86181640625,0.6492732763290405,764.3815307617188,457.8408203125,0.962610125541687,787.5040893554688,477.6836242675781,0.8365415930747986,888.3806762695312,574.702392578125,0.9805236458778381,802.7634887695312,550.75439453125,0.9983651041984558,856.605712890625,481.0675048828125,0.39298078417778015,834.430908203125,646.1328125,0.9900109171867371,962.09716796875,651.3709106445312,0.8435919284820557,875.6500854492188,721.235595703125,0.9996050000190735,839.4605102539062,819.4115600585938,0.8480368852615356,739.0242309570312,894.4895629882812,0.1241939514875412
1783,86.59180450439453,116.96871948242188,0.999853253364563,994.485595703125,83.0147705078125,0.9998754262924194,89.58177947998047,1031.43310546875,0.9997338652610779,1021.5692749023438,1020.382568359375,0.9991030693054199,337.3132629394531,498.31817626953125,0.9987164735794067,331.31231689453125,610.21435546875,0.9993002414703369,277.20709228515625,549.302001953125,0.999099612236023,387.162841796875,556.4679565429688,0.99576735496521,714.654052734375,562.2001953125,0.7005029320716858,750.9140625,715.0965576171875,0.9995343685150146,695.3255615234375,619.8258666992188,0.04243316501379013,765.0888671875,615.1123046875,0.6447897553443909,679.8993530273438,543.4488525390625,0.955146312713623,741.1492919921875,512.0885620117188,0.9745461940765381,769.9508056640625,517.4107666015625,0.9913318157196045,874.8773803710938,589.2401733398438,0.9887450337409973,778.729248046875,581.3048095703125,0.8354856967926025,821.1520385742188,490.7042236328125,0.948032557964325,829.382080078125,647.44482421875,0.987520694732666,960.8864135742188,637.2097778320312,0.7897518277168274,885.8021850585938,718.706298828125,0.9969025254249573,840.4812622070312,820.371337890625,0.7298757433891296,730.4774780273438,885.0991821289062,0.08537693321704865
1784,86.07742309570312,114.45012664794922,0.9998818635940552,995.9142456054688,83.64630126953125,0.9998925924301147,89.96516418457031,1029.3885498046875,0.9996504783630371,1022.3182983398438,1020.108154296875,0.9996151924133301,339.0499572753906,498.0815734863281,0.9991934895515442,331.00067138671875,610.0341186523438,0.9993034601211548,277.74261474609375,548.8353881835938,0.9990737438201904,387.3643798828125,559.0774536132812,0.9955784678459167,726.7302856445312,614.4035034179688,0.41895732283592224,750.4906616210938,717.0603637695312,0.9988663196563721,704.96630859375,678.4064331054688,0.8439719676971436,782.3709106445312,665.2266235351562,0.9956358075141907,666.6370239257812,565.0618896484375,0.9973799586296082,723.74853515625,544.1842041015625,0.9998695850372314,755.4361572265625,545.4576416015625,0.9984880685806274,865.2687377929688,589.3554077148438,0.9883955717086792,773.3871459960938,600.0429077148438,0.9561691880226135,787.711181640625,499.47900390625,0.984641969203949,834.1575927734375,663.9966430664062,0.999046266078949,949.8671264648438,621.8167724609375,0.07698497176170349,886.1253662109375,718.345703125,0.9991783499717712,847.7178344726562,815.0802612304688,0.9721527695655823,892.2989501953125,872.3265380859375,0.33524858951568604
1785,86.49432373046875,114.61454772949219,0.99985671043396,996.453125,85.20707702636719,0.9999656677246094,90.780029296875,1031.4833984375,0.9997057318687439,1021.9744873046875,1019.7967529296875,0.9989449381828308,339.7746276855469,498.5246887207031,0.9991036057472229,331.3273010253906,609.6256103515625,0.9992152452468872,278.3014831542969,549.2120971679688,0.9991961121559143,387.1139831542969,558.5562133789062,0.9950142502784729,736.5831298828125,625.7245483398438,0.06770043075084686,750.239013671875,717.850341796875,0.9984466433525085,710.159423828125,682.2838134765625,0.1293916404247284,782.0013427734375,666.0155029296875,0.7050101161003113,685.5484008789062,541.181640625,0.9728670120239258,722.9212646484375,545.569091796875,0.997358500957489,751.2728271484375,547.3630981445312,0.9977172613143921,856.39599609375,583.5452270507812,0.9063301086425781,769.087890625,606.468017578125,0.9748907089233398,787.999267578125,503.7088623046875,0.9979637861251831,836.5970458984375,662.5621337890625,0.9987412095069885,951.1047973632812,656.5806884765625,0.09992404282093048,889.70556640625,715.39404296875,0.9985643029212952,848.9989013671875,814.3123168945312,0.9605717658996582,889.5158081054688,873.6781616210938,0.1254730075597763
1786,85.79721069335938,115.64701080322266,0.9999005794525146,994.8948974609375,85.47444152832031,0.9999765157699585,89.49092102050781,1030.86572265625,0.9996294975280762,1021.2706298828125,1020.2252807617188,0.9996058344841003,338.1295166015625,498.0408935546875,0.99919193983078,332.9519958496094,609.871826171875,0.9993188381195068,278.1877746582031,549.8904418945312,0.9991040825843811,386.9230651855469,557.7321166992188,0.9967377781867981,690.6520385742188,548.2020263671875,0.26229530572891235,751.9638671875,715.8203125,0.9998155236244202,697.7102661132812,619.7471923828125,0.8968875408172607,788.6654663085938,661.68798828125,0.5834031701087952,695.8203735351562,541.2490844726562,0.9994169473648071,743.1322631835938,535.0125122070312,0.9993528723716736,769.2528686523438,539.649658203125,0.9985081553459167,882.6014404296875,593.3976440429688,0.9663210511207581,782.4273071289062,595.8840942382812,0.9910047054290771,806.576416015625,502.44146728515625,0.9957148432731628,838.1406860351562,658.479736328125,0.9988744854927063,955.4601440429688,643.4136962890625,0.9135431051254272,884.4376220703125,716.2357177734375,0.9988089799880981,848.5958862304688,814.380615234375,0.9781102538108826,732.7645263671875,900.3948974609375,0.25248101353645325
1787,86.98538208007812,116.48795318603516,0.99985671043396,997.2362060546875,84.24613952636719,0.9999344348907471,90.68724060058594,1030.139892578125,0.9997746348381042,1022.2753295898438,1020.7338256835938,0.9994402527809143,336.8732604980469,497.8337097167969,0.9988666772842407,332.8223571777344,610.2888793945312,0.9990682005882263,277.1532897949219,549.8776245117188,0.9995263814926147,387.08831787109375,557.868896484375,0.9961905479431152,747.0921020507812,590.5236206054688,0.009279797784984112,754.0176391601562,717.1327514648438,0.9998264908790588,697.2239990234375,616.246826171875,0.5405171513557434,787.488525390625,663.1761474609375,0.8185938596725464,707.0909423828125,536.6921997070312,0.9997407793998718,753.2039794921875,530.238037109375,0.9997287392616272,783.7149658203125,538.2908935546875,0.9977587461471558,884.2360229492188,588.4810791015625,0.998982846736908,793.6871948242188,592.6710205078125,0.9984453320503235,824.1011352539062,505.20550537109375,0.994658887386322,840.6831665039062,661.3460693359375,0.9890255331993103,957.330810546875,632.5146484375,0.2108333706855774,887.3514404296875,712.0827026367188,0.9998375177383423,850.281005859375,811.7327880859375,0.9739210605621338,797.2415771484375,863.4718627929688,0.5410188436508179
1788,87.06126403808594,118.1353988647461,0.999858021736145,995.7103271484375,84.50299835205078,0.9999430179595947,90.39452362060547,1029.752685546875,0.9997296929359436,1022.0081787109375,1020.2147827148438,0.9993292093276978,337.472900390625,497.92645263671875,0.9992697834968567,332.7540283203125,610.7261352539062,0.9993815422058105,277.1596374511719,550.1116333007812,0.9995408058166504,387.151611328125,558.1688842773438,0.9955756664276123,689.5017700195312,530.8511352539062,0.035512737929821014,753.3076782226562,715.0285034179688,0.999895453453064,696.9180908203125,609.3006591796875,0.9306054711341858,792.351318359375,659.2454223632812,0.05530395358800888,698.2279052734375,531.036865234375,0.9967701435089111,770.4329223632812,527.5716552734375,0.999219536781311,800.0953369140625,536.4292602539062,0.9618625044822693,895.794189453125,591.3446655273438,0.9803847074508667,803.80419921875,591.7686157226562,0.9948689937591553,840.4299926757812,507.08575439453125,0.98552006483078,848.5132446289062,659.9197387695312,0.952113687992096,971.5338134765625,637.9371948242188,0.8708093762397766,888.170166015625,706.782958984375,0.9963186979293823,851.3369140625,809.02099609375,0.9577292799949646,798.6981201171875,863.5704956054688,0.8298273086547852
1789,87.47755432128906,118.5263442993164,0.9997789263725281,994.240478515625,84.47319030761719,0.9999117851257324,89.94577026367188,1030.3680419921875,0.9997311234474182,1023.1047973632812,1020.300048828125,0.9996005892753601,335.85723876953125,497.7438659667969,0.9982001781463623,332.7174987792969,610.2294921875,0.998997151851654,276.6234436035156,549.7000122070312,0.9994680285453796,386.9811096191406,556.7373046875,0.9956983327865601,682.7998657226562,534.6559448242188,0.02467178739607334,753.01904296875,715.9888305664062,0.9998108744621277,694.8800659179688,613.6864013671875,0.8547406196594238,791.14697265625,651.840087890625,0.3179076611995697,688.1862182617188,531.8146362304688,0.9980648159980774,775.4191284179688,527.8124389648438,0.994870662689209,808.4749145507812,536.985595703125,0.6676508784294128,898.7745361328125,588.3654174804688,0.9942061901092529,811.5021362304688,595.9742431640625,0.9792616367340088,852.8479614257812,514.5274658203125,0.7030069828033447,844.8568725585938,654.6171875,0.9690195918083191,973.7664184570312,631.2074584960938,0.9480164647102356,889.9238891601562,707.14697265625,0.9487228989601135,851.14013671875,809.7125854492188,0.9121676087379456,798.9757080078125,864.4593505859375,0.5450283885002136
1790,86.62883758544922,117.46634674072266,0.9998737573623657,996.3018798828125,85.49925994873047,0.9999192953109741,90.171142578125,1030.2548828125,0.9996084570884705,1021.9081420898438,1019.4135131835938,0.9993622899055481,336.37005615234375,497.4441833496094,0.998606264591217,332.30694580078125,610.7088623046875,0.9985787868499756,276.5684814453125,550.5361328125,0.9994775652885437,387.6876220703125,556.7381591796875,0.99641352891922,692.3145751953125,535.06640625,0.004323883447796106,752.0753173828125,716.2881469726562,0.9996514320373535,692.1422729492188,600.2933349609375,0.5152096152305603,788.4569702148438,667.4281005859375,0.12181887775659561,690.4920654296875,524.72021484375,0.9547113180160522,774.860107421875,533.4439697265625,0.9785215854644775,816.1345825195312,543.9959716796875,0.8560895323753357,901.9196166992188,593.2718505859375,0.9968231916427612,814.3880004882812,608.8988647460938,0.981736421585083,854.6484375,514.4345703125,0.9876367449760437,852.7755737304688,656.0256958007812,0.9491686224937439,971.8549194335938,629.6676025390625,0.922455370426178,891.610595703125,708.1282348632812,0.9917599558830261,850.5704345703125,809.4165649414062,0.8380832076072693,801.096435546875,867.5985717773438,0.22956393659114838
1791,86.385009765625,118.37541198730469,0.999832034111023,993.9293212890625,85.35736846923828,0.9998512268066406,90.38839721679688,1030.634033203125,0.9997164607048035,1023.1805419921875,1020.2850341796875,0.9995092153549194,336.5127258300781,497.5274658203125,0.9989219903945923,331.5604553222656,609.9296264648438,0.999090313911438,277.05548095703125,550.2254028320312,0.9995037317276001,387.28387451171875,558.152587890625,0.9976223111152649,699.0924682617188,503.4965515136719,0.004499246831983328,750.571044921875,716.3128662109375,0.9996668100357056,692.1976928710938,602.3157348632812,0.10634254664182663,780.5201416015625,645.2975463867188,0.3787764608860016,716.1701049804688,502.54193115234375,0.9435984492301941,798.4712524414062,543.217529296875,0.9958498477935791,834.7466430664062,553.0245361328125,0.6772615313529968,906.20654296875,599.8881225585938,0.9958539009094238,824.1415405273438,611.8855590820312,0.9631257653236389,869.3850708007812,523.0109252929688,0.9923455119132996,855.3164672851562,655.743896484375,0.9838195443153381,968.5624389648438,637.099853515625,0.9834221005439758,894.1593627929688,707.545166015625,0.9985920786857605,851.6671752929688,809.8338623046875,0.8487206697463989,731.8873291015625,883.7027587890625,0.1298411637544632
1792,87.46588897705078,116.37594604492188,0.9998663663864136,996.7592163085938,83.37312316894531,0.9999593496322632,90.0951156616211,1030.4967041015625,0.9998032450675964,1019.0830078125,1018.433349609375,0.9993333220481873,337.21783447265625,497.2003479003906,0.9991016387939453,331.4237976074219,609.7120971679688,0.9988061189651489,277.7587585449219,550.4527587890625,0.9993247985839844,387.49615478515625,558.9404907226562,0.995732843875885,698.8137817382812,503.7506408691406,0.9726271629333496,750.21142578125,715.1068115234375,0.9996689558029175,679.7437133789062,592.7854614257812,0.4427083134651184,786.13671875,659.0885009765625,0.5290189385414124,787.1364135742188,591.1226806640625,0.7364395260810852,815.5100708007812,557.1209716796875,0.9444692730903625,844.97412109375,567.7689819335938,0.8182849287986755,908.4404296875,605.2728271484375,0.9981120824813843,837.4199829101562,618.103759765625,0.983299970626831,877.5576782226562,530.9403076171875,0.9460666179656982,867.7794189453125,651.90283203125,0.9581021666526794,964.6751098632812,631.1959838867188,0.9852343201637268,898.457275390625,709.4635009765625,0.9258953332901001,853.3009643554688,809.5167236328125,0.7664436101913452,744.2315063476562,894.4178466796875,0.10808239877223969
1793,86.39061737060547,115.16780090332031,0.9998723268508911,994.6769409179688,84.61264038085938,0.999822199344635,90.91064453125,1030.411376953125,0.999450147151947,1022.3338012695312,1019.1204223632812,0.999502420425415,338.1572265625,497.56622314453125,0.9988862872123718,330.6415710449219,609.3009033203125,0.9987066984176636,278.0358581542969,550.1615600585938,0.9994414448738098,387.4942626953125,559.3651123046875,0.9967896342277527,702.8264770507812,503.3876037597656,0.9922072291374207,751.4453125,716.1624755859375,0.9996381998062134,685.25439453125,594.9161987304688,0.9160974621772766,791.8369140625,644.21142578125,0.83632892370224,795.4505004882812,588.8851928710938,0.3425554633140564,832.9078369140625,563.9491577148438,0.9708446264266968,859.3614501953125,575.7285766601562,0.811120867729187,917.4732055664062,621.3457641601562,0.9979040622711182,851.7627563476562,624.2813110351562,0.9403918981552124,878.7614135742188,518.97216796875,0.7484128475189209,857.6622924804688,660.7387084960938,0.9511376619338989,963.9466552734375,654.7494506835938,0.9821933507919312,894.8529052734375,714.010986328125,0.9996059536933899,854.5728759765625,806.067138671875,0.9599578380584717,703.3171997070312,900.8289184570312,0.0521332323551178
1794,86.76207733154297,116.61105346679688,0.9998809099197388,994.8086547851562,83.44438171386719,0.9972002506256104,89.92153930664062,1031.704833984375,0.999627947807312,1020.1469116210938,1018.8399658203125,0.9979640245437622,337.9620056152344,497.95294189453125,0.999254047870636,330.37042236328125,608.7241821289062,0.9979750514030457,278.0230407714844,549.719482421875,0.999337375164032,386.91094970703125,559.4375610351562,0.9962071180343628,710.2639770507812,500.1397399902344,0.9907782077789307,753.0418701171875,717.2919921875,0.9998865127563477,691.7022094726562,593.818603515625,0.9945462942123413,773.8575439453125,534.3665771484375,0.12436480075120926,789.0997314453125,501.07012939453125,0.974963366985321,856.4512329101562,578.4518432617188,0.8907747864723206,855.4019775390625,590.564208984375,0.8443381786346436,916.5045776367188,648.2323608398438,0.9862641096115112,857.1669311523438,629.6068115234375,0.7674695253372192,875.6533813476562,515.6491088867188,0.7774861454963684,854.4318237304688,662.71826171875,0.8432460427284241,944.0452270507812,674.0083618164062,0.9500172734260559,893.06787109375,713.9057006835938,0.9994511008262634,854.0833129882812,808.0549926757812,0.92588871717453,701.4697875976562,898.8464965820312,0.08680180460214615
1795,87.90045928955078,116.20476531982422,0.9997383952140808,993.9898681640625,84.33888244628906,0.9999107122421265,89.31785583496094,1030.6168212890625,0.9996261596679688,1018.4269409179688,1019.1961669921875,0.9994341731071472,336.61212158203125,497.3338623046875,0.9987585544586182,331.0462341308594,609.187255859375,0.9987874627113342,277.9426574707031,548.8484497070312,0.9991945624351501,387.3476867675781,556.8905029296875,0.9959064722061157,711.869384765625,501.2746887207031,0.9943432807922363,753.5740966796875,718.2994384765625,0.9998481273651123,692.2398681640625,593.864990234375,0.9953086972236633,778.8366088867188,562.3840942382812,0.45800185203552246,805.3314208984375,549.8911743164062,0.664793848991394,876.0430908203125,581.8853149414062,0.7882983088493347,882.6171264648438,599.2599487304688,0.9324267506599426,911.5478515625,655.3138427734375,0.9293693900108337,864.0853881835938,630.2200927734375,0.25587642192840576,926.517822265625,576.9298095703125,0.16627193987369537,857.803466796875,671.7417602539062,0.683179497718811,943.7000122070312,668.7733154296875,0.6669255495071411,890.962890625,716.2858276367188,0.9982351064682007,852.8131713867188,810.3324584960938,0.8069543242454529,731.6383056640625,882.9649658203125,0.18015426397323608
1796,87.09101104736328,116.06241607666016,0.9999219179153442,994.7607421875,84.10540008544922,0.9999294281005859,88.76791381835938,1029.8643798828125,0.9998487234115601,1022.3232421875,1019.0889892578125,0.9996019005775452,337.6601867675781,497.8062438964844,0.9991863369941711,330.75250244140625,608.927001953125,0.9987347722053528,278.067626953125,548.9727172851562,0.9988273978233337,387.13067626953125,558.5270385742188,0.994191586971283,712.62060546875,499.6748046875,0.9967350363731384,753.4635009765625,717.1310424804688,0.9999104738235474,691.5092163085938,591.808349609375,0.9968589544296265,784.1288452148438,576.3387451171875,0.8894415497779846,869.9844970703125,510.9556579589844,0.4979003965854645,890.8857421875,581.4172973632812,0.7593703866004944,894.9160766601562,607.119873046875,0.9033859372138977,913.9402465820312,660.0545043945312,0.9982336759567261,860.6815185546875,625.0179443359375,0.3369620442390442,904.8204956054688,515.420654296875,0.44335073232650757,855.4577026367188,669.3850708007812,0.8861240744590759,947.7506103515625,672.2316284179688,0.7669014930725098,890.2864990234375,716.5541381835938,0.9991344809532166,852.3810424804688,810.4441528320312,0.7520582675933838,735.8700561523438,896.6555786132812,0.294985830783844
1797,86.44234466552734,116.3947525024414,0.9999045133590698,993.931396484375,83.63468933105469,0.9999005794525146,90.4803237915039,1029.8140869140625,0.9997766613960266,1022.45458984375,1019.8490600585938,0.999079704284668,338.0000915527344,497.52362060546875,0.9989244341850281,332.3055114746094,610.5767211914062,0.9988641738891602,278.1160583496094,549.7713012695312,0.9994789958000183,388.4503479003906,559.1869506835938,0.9961370825767517,712.1130981445312,500.3386535644531,0.9970359802246094,753.9873657226562,717.779296875,0.9999314546585083,692.8878784179688,591.7862548828125,0.9930157661437988,789.0572509765625,573.4262084960938,0.4957543611526489,875.9489135742188,503.9561767578125,0.9330960512161255,902.5029907226562,546.4656372070312,0.9529747366905212,912.2176513671875,592.4282836914062,0.3673549294471741,908.2288208007812,655.6976928710938,0.968108057975769,864.9469604492188,614.7842407226562,0.18924590945243835,943.0507202148438,606.7796630859375,0.31393298506736755,889.3638305664062,661.1947021484375,0.09928002953529358,940.4486694335938,677.1124267578125,0.021595003083348274,891.406494140625,713.8807983398438,0.9982967972755432,851.0712280273438,816.1112060546875,0.6852237582206726,730.4915161132812,897.3660888671875,0.8838224411010742
1798,85.6529541015625,117.17220306396484,0.999915361404419,995.3394775390625,81.49573516845703,0.9999200105667114,90.17060852050781,1030.71337890625,0.999717652797699,1018.4517211914062,1020.4251708984375,0.99883633852005,339.0489807128906,497.3802490234375,0.998656153678894,330.9712829589844,609.4865112304688,0.9986644983291626,277.889404296875,548.9052734375,0.9992274045944214,387.23931884765625,559.5165405273438,0.9966096878051758,711.7948608398438,499.0780029296875,0.9959469437599182,752.11279296875,717.1068725585938,0.9998973608016968,688.0950927734375,591.4376831054688,0.993094801902771,793.9434814453125,574.5826416015625,0.6060841083526611,876.832763671875,500.7580261230469,0.9841282963752747,899.9898071289062,534.1045532226562,0.982776403427124,906.0946655273438,551.9547119140625,0.8130375146865845,923.6537475585938,652.7146606445312,0.8051944971084595,879.7328491210938,613.3306274414062,0.3628362715244293,935.9314575195312,531.3814697265625,0.9319470524787903,941.3694458007812,535.1102294921875,0.03820401802659035,942.3311157226562,680.4470825195312,0.2690635025501251,890.7172241210938,712.8470458984375,0.9946186542510986,858.0123291015625,801.619140625,0.9744677543640137,800.7831420898438,868.716064453125,0.12426076829433441
1799,87.71975708007812,117.24806213378906,0.9995976090431213,994.3557739257812,83.44850158691406,0.9999136924743652,90.32796478271484,1030.415283203125,0.9994755387306213,1020.3587036132812,1020.0615844726562,0.9981548190116882,338.15283203125,497.52423095703125,0.9991286396980286,330.6965637207031,608.9346313476562,0.9991580247879028,277.9788513183594,549.4995727539062,0.9992928504943848,387.21954345703125,558.6942749023438,0.9974789023399353,710.8059692382812,500.1036376953125,0.9945945143699646,752.3404541015625,716.4680786132812,0.9998881816864014,692.0291748046875,590.5066528320312,0.9972180128097534,784.6572875976562,565.8345947265625,0.8757423162460327,882.0133666992188,500.328369140625,0.9561321139335632,900.9209594726562,531.5387573242188,0.9498774409294128,907.1192626953125,548.3488159179688,0.7824365496635437,916.2463989257812,661.3700561523438,0.9694110155105591,867.2689819335938,608.8976440429688,0.3157365322113037,934.329833984375,521.246826171875,0.9006692171096802,877.1957397460938,676.93994140625,0.20748703181743622,945.0994873046875,678.2348022460938,0.4428222179412842,891.2289428710938,715.234619140625,0.9977953433990479,856.1450805664062,807.1239013671875,0.9543519020080566,731.6649780273438,888.3926391601562,0.6360285878181458
1800,87.946044921875,116.42660522460938,0.9995328187942505,991.0567626953125,83.480224609375,0.9998726844787598,89.21577453613281,1030.922607421875,0.9997190833091736,1022.8031616210938,1020.4197998046875,0.9992769360542297,337.38934326171875,497.66546630859375,0.998980700969696,330.2118835449219,609.68115234375,0.9988148212432861,278.0953369140625,550.3450927734375,0.9989417195320129,387.36279296875,559.0836791992188,0.9974668025970459,712.0570068359375,500.34796142578125,0.9946616291999817,752.543701171875,716.1546630859375,0.9997500777244568,690.0896606445312,591.539306640625,0.9946334362030029,781.5891723632812,558.2211303710938,0.8937678337097168,886.58984375,499.01373291015625,0.712356686592102,909.3342895507812,540.5883178710938,0.9796507358551025,920.0579223632812,558.111083984375,0.9483793377876282,924.88525390625,650.9825439453125,0.488168865442276,876.0050048828125,590.5154418945312,0.14983440935611725,933.5729370117188,517.05859375,0.9814984202384949,950.11328125,650.2137451171875,0.2243732511997223,962.1438598632812,549.9572143554688,0.13674409687519073,890.4732666015625,713.8761596679688,0.9972443580627441,854.4310913085938,808.1296997070312,0.9817262291908264,735.8290405273438,892.2357788085938,0.266713410615921
1801,87.69609832763672,116.11190795898438,0.9995937943458557,994.4007568359375,85.84938049316406,0.9998650550842285,88.84871673583984,1030.4464111328125,0.9996799230575562,1014.3816528320312,1021.0463256835938,0.9989638328552246,338.31597900390625,498.1654357910156,0.9969407320022583,331.54876708984375,611.2127075195312,0.9986263513565063,276.8539733886719,550.0968017578125,0.9995456337928772,387.505859375,560.7186279296875,0.9940502047538757,714.46630859375,498.8956604003906,0.995693564414978,752.63720703125,715.3028564453125,0.9997542500495911,691.28857421875,594.021240234375,0.9961512684822083,784.3846435546875,573.0997924804688,0.9344252943992615,894.654296875,500.38775634765625,0.9353742003440857,911.5843505859375,547.9588623046875,0.9539117217063904,919.2688598632812,606.7738037109375,0.915987491607666,908.538818359375,656.2805786132812,0.07551463693380356,883.5083618164062,574.301513671875,0.6321057677268982,939.9895629882812,528.8579711914062,0.3647725284099579,952.1072998046875,622.9517211914062,0.035481009632349014,942.6416625976562,650.7859497070312,0.019407842308282852,886.776611328125,715.2880249023438,0.16856801509857178,851.6026000976562,815.3526611328125,0.7780513167381287,999.3819580078125,471.2415771484375,0.9923284649848938
1802,86.84392547607422,116.98051452636719,0.9996578693389893,994.154541015625,82.49961853027344,0.9997573494911194,89.92776489257812,1029.2236328125,0.9995632767677307,1019.7600708007812,1021.8056030273438,0.9961585402488708,337.7832946777344,498.24163818359375,0.9988327622413635,330.7351379394531,610.7933349609375,0.9975928664207458,276.65875244140625,550.0617065429688,0.9992013573646545,387.6863098144531,559.0802612304688,0.9948428273200989,715.0450439453125,500.24835205078125,0.993319034576416,752.9004516601562,716.2631225585938,0.9997923970222473,691.7894287109375,594.05419921875,0.9930094480514526,786.1268310546875,581.17822265625,0.7750659584999084,839.0863647460938,533.4248657226562,0.10947882384061813,922.2394409179688,603.05078125,0.92611163854599,917.666015625,623.5123291015625,0.7965606451034546,899.741455078125,658.9456176757812,0.8607351183891296,891.8822021484375,604.171630859375,0.5950198769569397,942.1287231445312,638.9853515625,0.22516970336437225,931.4063720703125,516.3580932617188,0.7688030004501343,955.32861328125,531.6268310546875,0.7923932671546936,890.0004272460938,718.2310791015625,0.9981290698051453,846.1203002929688,832.2208251953125,0.718391478061676,750.3922119140625,901.7817993164062,0.2884697914123535
1803,86.81609344482422,117.35652160644531,0.9996761083602905,997.0977783203125,83.0561752319336,0.9997809529304504,90.11648559570312,1030.39990234375,0.9994410872459412,1021.201171875,1020.648681640625,0.9983065128326416,336.7452697753906,497.75823974609375,0.9984006285667419,329.6695556640625,609.87841796875,0.9975053668022156,276.75244140625,550.8656616210938,0.9993659853935242,387.28363037109375,559.820068359375,0.9964860677719116,714.422607421875,499.5467529296875,0.992028534412384,752.16455078125,714.9968872070312,0.9998120665550232,692.3023071289062,595.720947265625,0.994195282459259,784.3021240234375,586.552734375,0.8899217247962952,825.1508178710938,570.182861328125,0.08331460505723953,926.6143798828125,621.5750122070312,0.4125634729862213,927.2495727539062,622.7959594726562,0.6827027201652527,869.9848022460938,641.6842651367188,0.5489344596862793,905.787353515625,606.65380859375,0.3724382221698761,909.3692016601562,610.890869140625,0.3921189308166504,888.3622436523438,523.8670043945312,0.6577093601226807,834.0075073242188,625.6714477539062,0.5578598380088806,887.6320190429688,719.346923828125,0.992203950881958,844.2769775390625,834.189208984375,0.7232591509819031,737.6543579101562,894.8570556640625,0.3498791754245758
1804,87.78321838378906,117.61007690429688,0.9997541308403015,997.1675415039062,83.2327651977539,0.9998701810836792,89.1568603515625,1031.3863525390625,0.9994274377822876,1018.601806640625,1019.8760375976562,0.9988755583763123,336.5596923828125,498.7337646484375,0.9978370070457458,331.5621032714844,611.2910766601562,0.9977431297302246,277.4132080078125,551.4510498046875,0.9990540146827698,386.63470458984375,556.9949951171875,0.9967911839485168,717.5277099609375,499.4464111328125,0.9963538646697998,751.2088623046875,713.407958984375,0.9997256398200989,692.9757690429688,594.439208984375,0.9926208257675171,784.3933715820312,572.7260131835938,0.7254003882408142,790.3370361328125,560.9503173828125,0.9514908790588379,902.9369506835938,598.1885375976562,0.6891053915023804,927.4515991210938,607.9307250976562,0.9215073585510254,961.1828002929688,629.4041137695312,0.40889832377433777,919.615234375,642.86865234375,0.4530523717403412,885.8864135742188,547.844482421875,0.6629077196121216,973.1688232421875,653.3335571289062,0.6379823088645935,961.203369140625,666.0762329101562,0.6841285824775696,887.9777221679688,715.5278930664062,0.9968960285186768,858.1472778320312,805.4021606445312,0.9557291865348816,812.2805786132812,862.1134643554688,0.5763527154922485
1805,87.33306121826172,115.28462219238281,0.9997519850730896,1000.1755981445312,82.76314544677734,0.999526858329773,89.13148498535156,1030.240234375,0.9997759461402893,1020.1451416015625,1020.9673461914062,0.9979743361473083,336.4093017578125,498.1008605957031,0.9981495141983032,329.96771240234375,610.60107421875,0.9967543482780457,277.86309814453125,550.2263793945312,0.9992305040359497,386.3665466308594,558.2367553710938,0.9962882995605469,711.790771484375,501.9898681640625,0.9929190278053284,750.4450073242188,716.1412963867188,0.9995658993721008,692.6945190429688,601.1741943359375,0.9864256381988525,773.1248168945312,592.6275024414062,0.9445331692695618,755.939453125,558.8451538085938,0.8253217935562134,881.268310546875,586.2872924804688,0.8427987098693848,913.2518920898438,594.1719970703125,0.4986397325992584,962.334228515625,606.9292602539062,0.7656694054603577,909.0523071289062,627.00927734375,0.6239908933639526,852.81396484375,540.0618286132812,0.9757459759712219,868.7069091796875,665.83349609375,0.8523203134536743,971.7075805664062,676.3859252929688,0.9498806595802307,894.4530029296875,713.978515625,0.9977297186851501,857.781982421875,811.3682250976562,0.8706320524215698,715.6410522460938,894.3152465820312,0.6962051391601562
1806,86.58564758300781,116.26799011230469,0.9999233484268188,997.7055053710938,82.67118072509766,0.9995463490486145,90.40384674072266,1031.2681884765625,0.9993523955345154,1020.9578857421875,1020.6204223632812,0.9979583024978638,335.4273681640625,497.856689453125,0.9977243542671204,330.5512390136719,611.1376953125,0.9976806640625,276.9609375,551.1727905273438,0.9994237422943115,386.6225891113281,559.3209838867188,0.9960229396820068,712.6165161132812,500.4782409667969,0.9938212633132935,749.9421997070312,717.250732421875,0.9989485144615173,689.706787109375,591.7817993164062,0.9391803741455078,756.588623046875,591.87548828125,0.8846530914306641,735.0498046875,539.69140625,0.41975414752960205,847.6401977539062,570.2274169921875,0.9879263639450073,887.5001831054688,577.3677368164062,0.9592421650886536,953.3843383789062,600.635986328125,0.9963145852088928,881.7945556640625,621.9473266601562,0.986481785774231,906.8609008789062,533.4395751953125,0.9577789306640625,879.6278686523438,644.17431640625,0.8422056436538696,993.560302734375,581.4959716796875,0.9691377282142639,897.7046508789062,711.818603515625,0.9974603652954102,860.1506958007812,804.656982421875,0.9761742353439331,724.2978515625,898.0994262695312,0.8752521276473999
1807,86.05027770996094,116.76920318603516,0.9998871088027954,995.7545166015625,82.1887435913086,0.9998906850814819,89.13545227050781,1030.247802734375,0.999705970287323,1018.7777099609375,1019.1875610351562,0.9988297820091248,335.7275085449219,497.6087341308594,0.9986534118652344,330.9449157714844,610.7218627929688,0.9980204105377197,277.3926696777344,551.5416870117188,0.9993680119514465,386.82672119140625,558.7861938476562,0.9933979511260986,701.0248413085938,501.2514343261719,0.8701351284980774,752.569091796875,716.4985961914062,0.9996092915534973,688.7064819335938,597.206787109375,0.982337236404419,793.0928955078125,664.9641723632812,0.6222207546234131,734.2328491210938,529.2830810546875,0.7745141386985779,752.4961547851562,526.4598388671875,0.3442035913467407,842.967529296875,560.9415283203125,0.14161337912082672,932.2511596679688,596.1892700195312,0.9974971413612366,861.314208984375,618.5563354492188,0.37614795565605164,866.4139404296875,639.7203369140625,0.022144895046949387,877.4129028320312,647.0830078125,0.8575323820114136,1001.1493530273438,624.1868896484375,0.8239921927452087,900.092529296875,714.5069580078125,0.9739104509353638,852.4274291992188,816.8355102539062,0.8881505131721497,722.8646850585938,894.89599609375,0.8055490255355835
1808,86.71382141113281,116.1795654296875,0.999785840511322,994.5867309570312,82.02183532714844,0.9998549222946167,89.5817642211914,1029.7098388671875,0.9998027682304382,1021.3531494140625,1020.522705078125,0.9976268410682678,336.954345703125,498.01788330078125,0.9987573623657227,331.6275329589844,610.148681640625,0.9986826777458191,277.76129150390625,551.2785034179688,0.9992600083351135,386.6391906738281,559.4619140625,0.9974766373634338,697.4097900390625,505.2102966308594,0.8736623525619507,752.1488037109375,717.8713989257812,0.9997521042823792,691.7774658203125,597.0631713867188,0.994416356086731,773.530029296875,578.4061279296875,0.9526326656341553,734.120849609375,499.4696044921875,0.8434250950813293,788.9800415039062,516.4524536132812,0.7311838269233704,819.74560546875,534.8642578125,0.8456531763076782,911.374755859375,590.5439453125,0.997647225856781,819.96728515625,601.3463745117188,0.8864166736602783,853.7677612304688,520.0535278320312,0.026649901643395424,852.8397216796875,650.1033325195312,0.9201569557189941,987.7344970703125,601.1925048828125,0.9787858724594116,906.0211181640625,714.7828979492188,0.9936321377754211,849.5787353515625,824.4860229492188,0.780633270740509,732.474365234375,900.2548828125,0.6800659894943237
1809,86.65798950195312,116.2210464477539,0.9998276233673096,994.947265625,83.0176773071289,0.9998629093170166,90.33967590332031,1030.8876953125,0.9994696974754333,1022.3692626953125,1020.9469604492188,0.9984865188598633,336.2555847167969,497.668212890625,0.9991865754127502,331.5977783203125,610.1763305664062,0.9979403614997864,277.3591613769531,551.4764404296875,0.9994638562202454,387.46356201171875,559.1798095703125,0.9958919286727905,708.6407470703125,504.449462890625,0.9925035238265991,753.1390991210938,716.990478515625,0.9998273253440857,693.3677978515625,598.4086303710938,0.9966514706611633,783.0761108398438,588.4064331054688,0.8836118578910828,753.7471923828125,471.3681335449219,0.6947656273841858,791.4579467773438,471.63055419921875,0.4329989552497864,806.5152587890625,483.4149475097656,0.02770346775650978,897.087158203125,575.5857543945312,0.9972414970397949,805.4396362304688,554.71484375,0.5569291114807129,858.9649047851562,653.1015625,0.11114916205406189,852.1367797851562,650.9329833984375,0.9916171431541443,984.7069702148438,606.1943359375,0.962192177772522,800.400634765625,473.5088806152344,0.9905681014060974,851.7819213867188,822.4657592773438,0.9236438274383545,722.5422973632812,886.985107421875,0.19542181491851807
1810,88.20469665527344,116.30339813232422,0.9997428059577942,995.07568359375,80.7142105102539,0.9998549222946167,90.56089782714844,1030.0809326171875,0.9997541308403015,1019.1590576171875,1019.8594360351562,0.9983254075050354,336.8421325683594,498.169677734375,0.9990286827087402,331.5498046875,609.8135375976562,0.9972379207611084,278.078125,550.5348510742188,0.9992700219154358,387.41326904296875,559.205810546875,0.9959523677825928,711.5986938476562,501.9583435058594,0.9962269067764282,753.7852172851562,717.6524047851562,0.9998364448547363,691.728515625,594.1332397460938,0.9918776750564575,791.6795654296875,592.4949340820312,0.8540647625923157,792.614990234375,417.5693664550781,0.1004004031419754,750.16162109375,557.0029907226562,0.001877733739092946,843.3511352539062,497.463623046875,0.002760830335319042,898.4954223632812,562.0643920898438,0.9923238754272461,815.3511962890625,535.0457763671875,0.08665572106838226,895.5768432617188,481.3547058105469,0.010701701045036316,856.5875244140625,641.0225219726562,0.9977530837059021,815.1405639648438,532.3616943359375,0.995458722114563,894.3460693359375,712.7444458007812,0.9924593567848206,849.5023193359375,816.7152099609375,0.8111727237701416,734.6891479492188,898.7032470703125,0.0875532478094101
1811,87.03528594970703,118.0994873046875,0.9997406601905823,996.1611938476562,83.48206329345703,0.9998375177383423,90.27723693847656,1030.45361328125,0.9997594952583313,1021.1356201171875,1020.2900390625,0.998515784740448,337.0405578613281,498.2076110839844,0.9987953901290894,331.75628662109375,610.218505859375,0.9973577857017517,278.1132507324219,550.3449096679688,0.9993021488189697,386.550048828125,558.1814575195312,0.9920387268066406,713.2072143554688,498.4906921386719,0.9951915740966797,754.89111328125,718.2130126953125,0.9998918771743774,689.615234375,583.0474853515625,0.9970089793205261,790.3025512695312,548.6588745117188,0.4949462413787842,779.426513671875,370.4107666015625,0.5062379240989685,804.34765625,386.1316833496094,0.003712357021868229,844.1244506835938,431.4363708496094,0.032024532556533813,901.9794921875,547.36767578125,0.9975501894950867,809.8323974609375,485.9554748535156,0.1756783276796341,883.8748168945312,421.84344482421875,0.03957473114132881,846.5916748046875,618.4056396484375,0.9992942810058594,972.8023071289062,603.5206298828125,0.9427813291549683,892.6927490234375,697.9718017578125,0.9961671233177185,838.6375732421875,819.69287109375,0.7475575804710388,836.1729736328125,816.2443237304688,0.06465339660644531
1812,86.6981201171875,115.4501724243164,0.9999001026153564,996.7047119140625,84.72103118896484,0.9998912811279297,89.70159912109375,1030.11865234375,0.99972003698349,1021.1870727539062,1019.90966796875,0.9988269209861755,337.5139465332031,497.52764892578125,0.9984086155891418,331.8653564453125,609.658203125,0.9978830218315125,278.1593322753906,550.0488891601562,0.9993352293968201,386.81756591796875,557.6561279296875,0.9930410385131836,714.5166625976562,497.60028076171875,0.9942864775657654,755.1365356445312,718.0151977539062,0.9999288320541382,692.8648071289062,591.9942626953125,0.9924174547195435,788.6553955078125,572.6444091796875,0.7445108890533447,737.7471313476562,319.2952880859375,0.9795907735824585,772.8008422851562,337.5751647949219,0.9960640072822571,792.9354248046875,356.44189453125,0.9176976084709167,885.1156616210938,498.087646484375,0.9988983869552612,794.6751098632812,435.51165771484375,0.8908872604370117,837.26171875,593.6011352539062,0.37984219193458557,839.0018310546875,588.8599243164062,0.9974810481071472,790.9481201171875,432.20123291015625,0.9515494704246521,887.5156860351562,687.576171875,0.9791306853294373,834.727783203125,823.7811279296875,0.9122592806816101,684.3302001953125,901.1444702148438,0.8905914425849915
1813,87.09480285644531,117.34664154052734,0.9997172951698303,996.6879272460938,86.45330810546875,0.9998534917831421,88.96885681152344,1029.766845703125,0.9998323917388916,1021.6358642578125,1019.9898071289062,0.9993312358856201,337.4351806640625,498.1366882324219,0.997432291507721,331.9348449707031,609.3958740234375,0.9975405931472778,277.7163391113281,549.6954956054688,0.9991139769554138,386.71734619140625,555.9967651367188,0.9932506680488586,714.1412963867188,497.7405700683594,0.9930468201637268,754.0364379882812,718.1651611328125,0.9999053478240967,690.05126953125,592.3976440429688,0.9958894848823547,787.841796875,567.962890625,0.9323673844337463,689.8043212890625,322.30035400390625,0.9202224612236023,739.5736694335938,323.0928649902344,0.9864133596420288,759.1263427734375,337.15850830078125,0.7562198638916016,877.1082153320312,472.9739990234375,0.994024932384491,760.1466064453125,401.8641052246094,0.9718354940414429,838.7139282226562,569.3064575195312,0.19796711206436157,842.7433471679688,562.1871948242188,0.9559360146522522,757.22802734375,397.0361633300781,0.8263998627662659,907.3579711914062,635.45068359375,0.99178546667099,873.8261108398438,757.4007568359375,0.8384993076324463,690.90673828125,897.8911743164062,0.7906296849250793
1814,87.29437255859375,117.69195556640625,0.999915361404419,996.6881103515625,83.39595031738281,0.9999570846557617,90.09103393554688,1030.1514892578125,0.9997184872627258,1022.3802490234375,1020.6400146484375,0.9990370273590088,338.51922607421875,498.4146423339844,0.9987228512763977,331.8404235839844,609.623779296875,0.9977738261222839,277.61395263671875,550.5812377929688,0.9987131357192993,386.9924011230469,558.2872314453125,0.9960013031959534,715.243896484375,496.78045654296875,0.9930657148361206,753.5930786132812,717.0053100585938,0.9999033212661743,691.0689697265625,590.9794921875,0.9937111139297485,790.73046875,559.7157592773438,0.9523230195045471,641.6776123046875,353.1494445800781,0.9979966282844543,700.6905517578125,337.1929626464844,0.9969249367713928,729.944580078125,346.452880859375,0.9825628995895386,859.0166015625,436.1595458984375,0.9103534817695618,744.8634033203125,415.12109375,0.9795534610748291,801.6490478515625,336.6403503417969,0.9871103763580322,835.240234375,533.288330078125,0.4341743588447571,942.5012817382812,457.3912658691406,0.874965488910675,831.4107055664062,557.9228515625,0.022224774584174156,871.4743041992188,760.427734375,0.029194235801696777,918.5026245117188,690.3155517578125,0.14083637297153473
1815,86.62674713134766,117.22765350341797,0.999950647354126,993.7117919921875,83.9326171875,0.9998156428337097,89.48918151855469,1029.8277587890625,0.9996974468231201,1023.3944702148438,1019.2531127929688,0.9990317821502686,338.7350769042969,498.7607421875,0.9988815188407898,332.4442138671875,609.5877685546875,0.9982990622520447,277.90386962890625,550.6537475585938,0.9983760118484497,387.16845703125,557.9314575195312,0.9935380816459656,713.2973022460938,496.24005126953125,0.9559715986251831,754.1245727539062,717.206298828125,0.9998804330825806,691.0846557617188,591.8348388671875,0.9961119294166565,788.6702270507812,578.1270141601562,0.7179847359657288,577.1241455078125,433.0967102050781,0.9241943359375,650.210205078125,381.55291748046875,0.95685213804245,684.6396484375,370.33233642578125,0.9175800085067749,816.255126953125,399.15972900390625,0.7474058270454407,700.9666748046875,419.7419738769531,0.9364025592803955,730.771240234375,328.91583251953125,0.8397216796875,844.2416381835938,484.43597412109375,0.7575032711029053,911.8040771484375,391.77069091796875,0.9776045680046082,932.4092407226562,486.8711242675781,0.6644703149795532,806.8596801757812,529.9957885742188,0.01310592982918024,706.4049682617188,490.4220275878906,0.18267418444156647
1816,86.68805694580078,116.85325622558594,0.9997190833091736,995.1187744140625,82.7475814819336,0.9998785257339478,90.06976318359375,1030.2802734375,0.9998683929443359,1021.5829467773438,1020.0807495117188,0.9981783628463745,337.08856201171875,498.2727355957031,0.9988089799880981,332.428466796875,610.5371704101562,0.9986335635185242,278.3511657714844,551.402099609375,0.9984803795814514,386.8338317871094,558.2430419921875,0.9923394918441772,715.9656372070312,489.7958984375,0.1640418916940689,753.458740234375,717.3734741210938,0.9998369216918945,692.2713012695312,590.28857421875,0.9954401254653931,784.8674926757812,580.01611328125,0.7666978240013123,535.84521484375,490.50213623046875,0.9851325750350952,610.4584350585938,438.8724365234375,0.9019558429718018,627.780029296875,426.21270751953125,0.795166552066803,794.2213745117188,395.7418518066406,0.9653919339179993,687.5057373046875,449.1169128417969,0.4669562876224518,655.188720703125,373.10723876953125,0.7257243990898132,657.30126953125,364.8772888183594,0.9153593182563782,883.6412963867188,379.62750244140625,0.969755232334137,925.8392333984375,456.1231689453125,0.9695731401443481,1015.918701171875,562.9984130859375,0.6690480709075928,1038.5277099609375,721.353515625,0.40942639112472534
1817,87.08513641357422,116.72544860839844,0.9998873472213745,995.3756713867188,83.50804901123047,0.9996989965438843,89.911865234375,1030.3345947265625,0.999813973903656,1022.4359741210938,1020.9439086914062,0.9990943670272827,336.40643310546875,498.6145935058594,0.9988942742347717,333.20733642578125,610.5120239257812,0.9985128045082092,278.0686340332031,551.9179077148438,0.9983824491500854,386.8740234375,555.9999389648438,0.9962687492370605,702.6566772460938,498.251708984375,0.8552430868148804,753.7982177734375,717.0464477539062,0.9999210834503174,693.1624145507812,590.3191528320312,0.9982572197914124,785.9546508789062,577.5341186523438,0.9593179225921631,492.1407165527344,549.0277709960938,0.7587291598320007,545.942138671875,502.2671203613281,0.9012895226478577,567.3055419921875,484.21563720703125,0.8769586086273193,766.2129516601562,409.4378356933594,0.9707294702529907,635.8753051757812,496.89605712890625,0.9912477731704712,569.523193359375,438.6481018066406,0.9368941187858582,807.876708984375,464.72540283203125,0.9876216053962708,834.01904296875,373.57080078125,0.8791747689247131,889.5274047851562,426.30224609375,0.9862165451049805,1040.5135498046875,591.3828735351562,0.9837024211883545,1022.6187133789062,747.5467529296875,0.20464129745960236
1818,87.2713623046875,116.79269409179688,0.9998899698257446,995.9545288085938,84.94879150390625,0.9999258518218994,88.15935516357422,1028.400146484375,0.9999041557312012,1021.8714599609375,1020.607421875,0.9985029697418213,336.0049133300781,498.47381591796875,0.9982799291610718,331.94891357421875,609.6690063476562,0.9992659687995911,277.81744384765625,550.8154907226562,0.9990060925483704,384.6041564941406,551.7937622070312,0.993278443813324,695.0724487304688,504.2752685546875,0.7897583842277527,753.9866943359375,718.2614135742188,0.9999210834503174,696.719482421875,588.95703125,0.990506112575531,782.9771118164062,571.0062255859375,0.926634669303894,439.3731994628906,552.311767578125,0.7907648086547852,511.5065612792969,521.2730102539062,0.9972055554389954,540.847412109375,506.97088623046875,0.9769996404647827,685.0848388671875,432.19989013671875,0.5168049931526184,605.67333984375,529.1832275390625,0.9979888200759888,548.5361328125,457.45794677734375,0.9808487892150879,758.509033203125,457.8748474121094,0.9873954653739929,725.1409301757812,360.70306396484375,0.26647984981536865,828.1309814453125,395.5478820800781,0.9859467148780823,1024.7559814453125,569.869384765625,0.8341773748397827,1025.044921875,659.0849609375,0.8631761074066162
1819,87.77747344970703,115.55860900878906,0.99981290102005,994.871337890625,83.89058685302734,0.9998958110809326,89.51513671875,1029.134033203125,0.9998899698257446,1020.6066284179688,1022.5760498046875,0.99928218126297,336.0909423828125,499.3663330078125,0.9989888072013855,331.86712646484375,609.1465454101562,0.9994369149208069,278.11346435546875,552.36083984375,0.9984872341156006,381.2663879394531,552.6546630859375,0.9900562763214111,723.2713623046875,496.767578125,0.45668867230415344,754.3646240234375,717.3920288085938,0.9999277591705322,696.1177368164062,598.2896118164062,0.9920772910118103,778.85107421875,568.0738525390625,0.7229626178741455,407.3041076660156,536.6619873046875,0.9507415890693665,485.27685546875,520.3882446289062,0.9996238946914673,515.8596801757812,507.1834411621094,0.9920853972434998,646.3390502929688,448.35186767578125,0.9517320394515991,579.3521118164062,539.358154296875,0.9974256157875061,528.2958374023438,460.4674377441406,0.9671129584312439,740.2434692382812,458.2915344238281,0.6710365414619446,671.6077270507812,368.5711975097656,0.7542508840560913,781.8618774414062,375.9656982421875,0.9814345836639404,1010.1798095703125,523.4315185546875,0.6602225303649902,1020.0673828125,598.8941040039062,0.6589336395263672
1820,86.4710693359375,117.35431671142578,0.9998695850372314,994.9041748046875,83.06700897216797,0.9998596906661987,89.23143005371094,1028.6331787109375,0.9998699426651001,1022.3974609375,1021.4189453125,0.998727023601532,334.1795349121094,499.287353515625,0.9971784353256226,331.18780517578125,609.5868530273438,0.9987939596176147,277.6141662597656,550.9910888671875,0.9984943866729736,379.95831298828125,551.6553344726562,0.9692743420600891,715.8508911132812,502.2908020019531,0.9982489347457886,752.8126220703125,716.8247680664062,0.9999126195907593,696.2748413085938,595.1817626953125,0.9898492097854614,780.01025390625,568.9507446289062,0.8484358191490173,383.4559631347656,533.240966796875,0.9879106283187866,467.4063720703125,514.7777099609375,0.9981535077095032,507.67779541015625,502.76947021484375,0.9877633452415466,612.1875,461.21600341796875,0.9965763688087463,550.0972900390625,545.6292114257812,0.9951490759849548,505.3755187988281,447.3916320800781,0.9874584674835205,692.7219848632812,484.7948303222656,0.9882825016975403,633.360595703125,394.66583251953125,0.19126471877098083,731.390625,392.2154846191406,0.9907621741294861,820.319091796875,347.1824645996094,0.4491358995437622,1005.4805297851562,466.2668151855469,0.9928514957427979
1821,86.55337524414062,115.863525390625,0.999828577041626,994.301513671875,84.0300521850586,0.9999271631240845,89.30506896972656,1029.5284423828125,0.9997777342796326,1019.6024169921875,1019.9302368164062,0.9972007274627686,331.2896728515625,503.1305236816406,0.95680171251297,330.2728271484375,610.0219116210938,0.9988536834716797,278.5861511230469,551.6033935546875,0.9989261031150818,382.3236389160156,565.9749145507812,0.9292311072349548,720.2667846679688,496.2557067871094,0.9562766551971436,753.400634765625,717.3607177734375,0.9998947381973267,696.3369140625,594.6968383789062,0.9951252341270447,784.2457275390625,581.7335815429688,0.8733561038970947,371.43841552734375,535.189208984375,0.8801309466362,442.0115661621094,510.2945861816406,0.9919052124023438,480.74639892578125,500.1191101074219,0.9789586067199707,587.2369995117188,473.5521545410156,0.9219301342964172,522.3419799804688,547.0328979492188,0.9684176445007324,498.8284912109375,442.5133361816406,0.9784501194953918,660.78564453125,499.6084899902344,0.9705460667610168,628.397216796875,403.1880187988281,0.5802189111709595,709.56298828125,408.83905029296875,0.9673667550086975,832.9138793945312,332.9927673339844,0.6444298624992371,993.6911010742188,389.7537536621094,0.26835912466049194
1822,85.76339721679688,117.77088928222656,0.9998890161514282,996.73193359375,84.7254638671875,0.9998763799667358,88.9136734008789,1030.0511474609375,0.9997530579566956,1021.5840454101562,1019.4588012695312,0.9989802241325378,325.20623779296875,507.74530029296875,0.7483100891113281,331.16925048828125,610.7280883789062,0.9964319467544556,277.87750244140625,555.326416015625,0.9968796968460083,384.077392578125,562.869873046875,0.8481367230415344,712.02734375,497.0136413574219,0.9454644918441772,753.5867919921875,717.0332641601562,0.9998942613601685,695.7723388671875,597.2027587890625,0.9948716163635254,785.3473510742188,579.3406982421875,0.7943200469017029,336.5913391113281,527.9710083007812,0.6185202598571777,364.2338562011719,515.0977172851562,0.9986163377761841,445.9111633300781,494.68658447265625,0.9580207467079163,562.22412109375,482.0514221191406,0.9875777363777161,469.79901123046875,553.950439453125,0.9871044158935547,470.0582275390625,457.73809814453125,0.9560681581497192,643.853515625,513.375732421875,0.33359479904174805,615.6162109375,415.9575500488281,0.8852807879447937,700.4342041015625,428.9120788574219,0.923980176448822,814.379150390625,348.7557678222656,0.5599019527435303,813.91259765625,354.5799560546875,0.7707403898239136
1823,86.3821792602539,118.23890686035156,0.9998329877853394,997.4696655273438,83.54763793945312,0.9999324083328247,90.13088989257812,1030.869873046875,0.9996345043182373,1021.1691284179688,1019.06640625,0.9983267188072205,316.3081970214844,525.2734985351562,0.06922189891338348,333.7328796386719,610.7381591796875,0.9954115748405457,278.7657775878906,567.0424194335938,0.999809205532074,388.5540466308594,558.1436157226562,0.9338841438293457,710.838134765625,497.1220397949219,0.924138069152832,753.6793212890625,716.784423828125,0.9998987913131714,696.807373046875,594.3098754882812,0.9968011379241943,785.208984375,579.5474853515625,0.8785176873207092,282.9696044921875,532.9207153320312,0.8323458433151245,361.379150390625,497.81634521484375,0.9957802295684814,396.3790588378906,494.1260681152344,0.9822680950164795,542.8198852539062,489.5108947753906,0.8431548476219177,430.44482421875,549.1756591796875,0.9544708132743835,418.986083984375,460.0268859863281,0.9968865513801575,627.1915893554688,525.1642456054688,0.9578109383583069,612.8759155273438,424.6803894042969,0.24639330804347992,683.265380859375,439.71270751953125,0.6764430403709412,965.3128662109375,386.5448303222656,0.6675406694412231,980.337646484375,397.7752685546875,0.7267110347747803
1824,86.12801361083984,116.35550689697266,0.999916672706604,994.3048706054688,84.55180358886719,0.9999314546585083,90.22643280029297,1030.85400390625,0.9996098875999451,1021.4891357421875,1019.6658325195312,0.9988231062889099,720.0245971679688,508.87176513671875,0.0025518187321722507,334.2131042480469,610.7344970703125,0.9937618374824524,277.84539794921875,569.083984375,0.9834752082824707,381.9287414550781,564.059814453125,0.7801340222358704,714.7360229492188,496.8703918457031,0.5779808759689331,753.775634765625,716.4168701171875,0.9998775720596313,696.15869140625,592.0132446289062,0.9965746402740479,784.7642822265625,578.3423461914062,0.886319100856781,268.5420837402344,536.9763793945312,0.9972946047782898,343.5545349121094,501.870849609375,0.9644024968147278,378.09307861328125,493.9905700683594,0.9731433987617493,526.8629150390625,490.246826171875,0.7820573449134827,418.44927978515625,548.9957885742188,0.982973575592041,404.2862854003906,452.804931640625,0.6473292708396912,617.980712890625,527.5635986328125,0.9935110211372375,595.5228881835938,422.6590576171875,0.8437111377716064,671.157470703125,449.2254943847656,0.99864262342453,828.547119140625,376.18914794921875,0.8060604333877563,999.3086547851562,469.19793701171875,0.9568875432014465
1825,85.90833282470703,117.23265075683594,0.9999090433120728,995.7745971679688,86.79841613769531,0.9998986721038818,90.39111328125,1029.7242431640625,0.9998103976249695,1019.510009765625,1019.97509765625,0.9991114735603333,315.5111999511719,521.8763427734375,0.0035034616012126207,335.0801086425781,612.5545043945312,0.9881892204284668,281.7523193359375,573.9490966796875,0.9450066685676575,385.7787780761719,562.9800415039062,0.8715343475341797,716.386962890625,493.9076232910156,0.21387122571468353,752.9989013671875,716.6112060546875,0.9998012185096741,695.2362060546875,594.39013671875,0.9959912896156311,779.3050537109375,544.5458374023438,0.9000723958015442,261.7687072753906,542.3192138671875,0.9996292591094971,344.14422607421875,503.0162048339844,0.9089977145195007,378.4925537109375,497.0660400390625,0.9471869468688965,522.7921142578125,486.0585021972656,0.9545725584030151,422.3316345214844,548.0161743164062,0.9399574398994446,404.500732421875,454.20330810546875,0.7012522220611572,408.8287658691406,446.9347839355469,0.970844030380249,425.8821105957031,543.6956176757812,0.9445471167564392,665.71630859375,448.73193359375,0.9929879307746887,843.0426025390625,390.435791015625,0.6659215092658997,967.6034545898438,434.5512390136719,0.9251423478126526
1826,84.62366485595703,116.84262084960938,0.9998928308486938,993.2571411132812,86.21099090576172,0.9999532699584961,89.3155288696289,1030.3157958984375,0.9996718168258667,1022.1884765625,1019.9984741210938,0.998806357383728,718.6064453125,506.9959716796875,0.001453277189284563,337.3326110839844,611.1686401367188,0.9935956597328186,298.6936340332031,576.1458740234375,0.9689570665359497,381.0214538574219,562.46240234375,0.7998211979866028,712.1912231445312,495.30859375,0.1979534775018692,752.5036010742188,716.7203369140625,0.9998948574066162,695.8895263671875,595.9214477539062,0.9957152009010315,778.5697021484375,543.6762084960938,0.819948136806488,275.16937255859375,546.5573120117188,0.9768442511558533,361.69317626953125,502.01873779296875,0.9965004920959473,398.95013427734375,494.78717041015625,0.9979215264320374,524.9993286132812,484.2196350097656,0.9773343205451965,435.0517883300781,548.9424438476562,0.9976401329040527,414.83447265625,450.9454650878906,0.9935088157653809,618.8580932617188,516.7079467773438,0.8046702742576599,596.3082275390625,422.68914794921875,0.957218587398529,668.494384765625,450.8367919921875,0.9984532594680786,983.0835571289062,438.8248291015625,0.558668315410614,983.6857299804688,447.1648864746094,0.670133650302887
1827,87.2625961303711,118.42664337158203,0.9992960691452026,994.7000732421875,83.56108093261719,0.9999277591705322,90.5000228881836,1030.7100830078125,0.9996466636657715,1022.153564453125,1019.1781005859375,0.9984476566314697,313.9661560058594,508.5545959472656,0.006879547610878944,335.8457336425781,611.4415893554688,0.9996964931488037,294.4872131347656,578.2227783203125,0.8805205225944519,382.47088623046875,568.5933227539062,0.6689146161079407,712.3225708007812,495.33599853515625,0.5423920154571533,752.7991943359375,717.2785034179688,0.9998940229415894,693.3549194335938,592.976806640625,0.9931071400642395,781.8544921875,543.7911987304688,0.9243764281272888,280.97698974609375,556.9783935546875,0.988692045211792,373.5989074707031,512.79345703125,0.9782006740570068,403.8974304199219,493.6432189941406,0.9955381751060486,539.8544921875,481.3206787109375,0.9507057070732117,455.2518005371094,543.5690307617188,0.9996786117553711,416.6584167480469,452.52703857421875,0.9954450130462646,614.4149780273438,515.8057861328125,0.7775517106056213,599.23876953125,419.8772888183594,0.9541195631027222,667.3523559570312,449.6571044921875,0.9986636638641357,848.9468994140625,395.9263916015625,0.44746020436286926,974.9452514648438,443.9522399902344,0.8024531602859497
1828,85.40150451660156,117.80818176269531,0.9998718500137329,994.0091552734375,84.89412689208984,0.9998505115509033,89.37702941894531,1029.75732421875,0.9996572732925415,1020.4215698242188,1019.3175048828125,0.9990652203559875,322.14813232421875,503.06927490234375,0.9803628325462341,335.4020690917969,609.466064453125,0.9995039701461792,288.25555419921875,540.113525390625,0.5656597018241882,381.6435241699219,569.0643310546875,0.8469831943511963,713.7842407226562,495.4541015625,0.6501353979110718,752.5840454101562,716.61181640625,0.9998268485069275,693.3494873046875,592.8964233398438,0.9825296401977539,780.3291015625,546.2977905273438,0.8672428727149963,294.97210693359375,565.9639892578125,0.3466862142086029,381.67376708984375,521.2113647460938,0.9947116374969482,416.56756591796875,498.5890808105469,0.9990910291671753,550.3576049804688,475.8292541503906,0.9130282998085022,467.80401611328125,536.0933837890625,0.9987554550170898,418.0810546875,453.2936096191406,0.9922176599502563,610.0932006835938,513.9718017578125,0.6872584223747253,596.2953491210938,419.19012451171875,0.9907900094985962,663.5192260742188,445.12799072265625,0.9967953562736511,903.4536743164062,403.1548767089844,0.8138379454612732,1004.4091186523438,465.0398254394531,0.35061293840408325
1829,86.5291748046875,117.57808685302734,0.9998691082000732,995.050537109375,84.67129516601562,0.9998533725738525,88.40067291259766,1029.2210693359375,0.99977046251297,1021.7001342773438,1019.1229858398438,0.9989425539970398,324.744873046875,503.85150146484375,0.9930663108825684,325.4906311035156,607.5590209960938,0.9470939636230469,278.9291687011719,549.67041015625,0.9871180057525635,366.87176513671875,571.1277465820312,0.8742830753326416,712.5360717773438,496.70379638671875,0.6962408423423767,754.0783081054688,716.5763549804688,0.9999165534973145,694.2503662109375,592.9732666015625,0.9850271940231323,783.4447631835938,567.5969848632812,0.8588466644287109,318.8067626953125,570.2854614257812,0.0799853652715683,390.74884033203125,523.256591796875,0.9937720894813538,425.0919494628906,504.0380859375,0.9965757727622986,551.019775390625,474.85137939453125,0.9648854732513428,476.3841552734375,535.0513916015625,0.9785178899765015,426.5220031738281,451.8721618652344,0.9834596514701843,617.1729736328125,506.99334716796875,0.9009973406791687,597.0460815429688,418.8809814453125,0.9884569644927979,662.3689575195312,448.208251953125,0.9985969662666321,853.697509765625,389.519775390625,0.6473013758659363,1004.644775390625,466.4837341308594,0.5096617937088013
1830,85.96061706542969,116.50405883789062,0.999946117401123,996.6907348632812,83.20013427734375,0.9998217225074768,89.21831512451172,1031.3118896484375,0.9996974468231201,1018.23583984375,1020.0482788085938,0.9992948770523071,327.3423767089844,504.0617980957031,0.9942039847373962,323.6874084472656,605.68212890625,0.8112719058990479,277.1671142578125,549.3324584960938,0.9980574250221252,357.85107421875,520.25830078125,0.017587728798389435,716.834716796875,494.8993225097656,0.6248189210891724,753.0455932617188,716.01904296875,0.9999377727508545,694.8085327148438,594.8572387695312,0.9935676455497742,784.5005493164062,571.9728393554688,0.8727313280105591,325.4258728027344,577.870849609375,0.48422878980636597,407.7637939453125,528.5167846679688,0.9981620907783508,441.145263671875,506.4411315917969,0.9978421926498413,549.107421875,473.5220642089844,0.9914553761482239,483.9563903808594,537.1165771484375,0.996059775352478,425.1435852050781,451.2546081542969,0.7151089310646057,617.3450317382812,506.3544616699219,0.9750810861587524,595.4627075195312,417.87884521484375,0.9643809795379639,662.7780151367188,449.396728515625,0.9970189332962036,864.5098266601562,388.8807678222656,0.8592649698257446,1007.0081176757812,468.7235412597656,0.7494791746139526
1831,87.75357055664062,116.24186706542969,0.9998792409896851,998.3787841796875,83.11603546142578,0.9995094537734985,89.17632293701172,1029.944580078125,0.9996950626373291,1019.2360229492188,1019.1904907226562,0.9994743466377258,329.1205749511719,503.49114990234375,0.9983722567558289,327.4627990722656,607.01806640625,0.9780935049057007,276.9637145996094,551.1666259765625,0.9988231062889099,367.80023193359375,533.26123046875,0.01145713496953249,713.9032592773438,493.5960388183594,0.876191258430481,752.1463623046875,717.1658325195312,0.9999017715454102,692.3256225585938,592.8264770507812,0.9907942414283752,782.884033203125,570.2337646484375,0.7711668610572815,334.0072937011719,583.5831298828125,0.9925884008407593,413.3086853027344,528.6058349609375,0.9975343942642212,443.6091613769531,505.3414001464844,0.9979034662246704,554.0237426757812,468.5348205566406,0.9946413040161133,488.83807373046875,534.1683349609375,0.9792770743370056,432.5126647949219,454.5180358886719,0.9831938743591309,613.4977416992188,505.2686462402344,0.9839603304862976,600.28857421875,418.7315368652344,0.9777736663818359,664.7240600585938,447.5576171875,0.9876518249511719,852.3905639648438,389.4687194824219,0.8578073382377625,1005.2526245117188,467.4570617675781,0.6612970232963562
1832,86.24060821533203,116.21893310546875,0.9999314546585083,995.9013061523438,82.11884307861328,0.9998432397842407,88.3499984741211,1030.46533203125,0.9997405409812927,1020.1476440429688,1019.28955078125,0.9984525442123413,330.4616394042969,502.58502197265625,0.9980409741401672,327.06011962890625,604.8986206054688,0.9335825443267822,277.5737609863281,549.8145751953125,0.9992676377296448,363.57843017578125,566.0205078125,0.007125124800950289,714.1979370117188,496.3842468261719,0.9152129888534546,753.0538330078125,717.2384643554688,0.9998729228973389,693.8836059570312,592.4931030273438,0.9948843121528625,781.1058959960938,569.6110229492188,0.9344842433929443,331.4111328125,582.4161987304688,0.9518389701843262,413.51104736328125,529.489501953125,0.9956569671630859,446.8570861816406,503.50677490234375,0.9975249171257019,558.3554077148438,467.34649658203125,0.993150532245636,492.2781982421875,536.2830200195312,0.9959688186645508,438.3135070800781,453.7491149902344,0.9930236339569092,612.0125732421875,510.5337219238281,0.9172935485839844,597.595458984375,411.0032043457031,0.9696556329727173,672.5545654296875,443.9276123046875,0.9937833547592163,972.35400390625,410.7517395019531,0.909737765789032,1004.9297485351562,472.0148010253906,0.8746709823608398
1833,86.66110229492188,116.66253662109375,0.9998290538787842,997.9668579101562,82.5539779663086,0.9998775720596313,88.099853515625,1028.6124267578125,0.9997909665107727,1017.7706298828125,1019.3081665039062,0.9991055130958557,327.458984375,504.0269775390625,0.9992239475250244,327.0929260253906,605.0613403320312,0.9785576462745667,277.8580017089844,550.4874877929688,0.9993829727172852,362.8675537109375,571.7250366210938,0.032184965908527374,717.6634521484375,496.8578796386719,0.5733209252357483,753.5670166015625,715.9832763671875,0.9998641014099121,692.5726318359375,591.4542236328125,0.9912942051887512,781.2219848632812,565.7861938476562,0.9403069615364075,332.48077392578125,576.929931640625,0.9497857093811035,407.310546875,528.2533569335938,0.9960389137268066,443.9755859375,507.20745849609375,0.985849142074585,558.1119995117188,472.3807678222656,0.9789470434188843,489.9747009277344,540.3185424804688,0.998485267162323,445.4801940917969,453.1075134277344,0.9977647066116333,626.959228515625,501.1116943359375,0.7143840789794922,607.2108764648438,415.49139404296875,0.8448585271835327,674.444580078125,444.2792053222656,0.994120180606842,972.867431640625,408.1019592285156,0.8493086695671082,1009.0986938476562,469.2325744628906,0.6871267557144165
1834,85.27037811279297,116.70396423339844,0.9999387264251709,996.1484375,83.14718627929688,0.9999316930770874,89.42414855957031,1030.295166015625,0.9996864795684814,1020.386474609375,1019.7778930664062,0.9985045194625854,327.7176208496094,505.34649658203125,0.999744713306427,329.1644592285156,608.11669921875,0.9962463974952698,277.2762756347656,552.5921630859375,0.9995711445808411,377.9063415527344,570.28271484375,0.947064220905304,712.7821044921875,496.4808349609375,0.5532485842704773,753.1359252929688,715.904052734375,0.9998975992202759,694.1713256835938,593.1322021484375,0.9964499473571777,782.4014282226562,570.2769775390625,0.9020388722419739,334.0485534667969,557.0599365234375,0.19248482584953308,413.7551574707031,516.1302490234375,0.9996323585510254,450.89483642578125,496.4227294921875,0.9974057078361511,560.696044921875,467.90191650390625,0.9951217770576477,487.243896484375,536.947265625,0.9976880550384521,454.3855285644531,443.25665283203125,0.9809314608573914,620.94140625,508.4618225097656,0.826326310634613,599.7164916992188,411.26788330078125,0.8199997544288635,672.8323364257812,443.4263916015625,0.9379607439041138,972.8851318359375,408.4328308105469,0.8161423206329346,1004.7603759765625,466.5203857421875,0.9761376976966858
1835,85.6652603149414,115.55640411376953,0.9999284744262695,995.2562866210938,83.66289520263672,0.9996945858001709,91.06866455078125,1030.0096435546875,0.9997469782829285,1020.9328002929688,1019.617919921875,0.998678982257843,321.126708984375,511.1888122558594,0.5126076936721802,328.7039489746094,609.45361328125,0.9958992600440979,277.2254943847656,555.732666015625,0.9985425472259521,381.2537841796875,565.2518310546875,0.9600258469581604,713.2696533203125,493.7771301269531,0.13994142413139343,753.9036865234375,716.8827514648438,0.9998040795326233,691.00439453125,591.028076171875,0.9914467334747314,783.9559936523438,569.306640625,0.8875068426132202,324.7056579589844,522.4536743164062,0.004640079103410244,415.4383850097656,509.40264892578125,0.9922440648078918,455.6764831542969,494.3389587402344,0.9877041578292847,558.3880615234375,471.6097412109375,0.9809288382530212,483.93292236328125,542.1270141601562,0.9933614730834961,456.0822448730469,443.49951171875,0.987646222114563,627.362060546875,508.97052001953125,0.9718499183654785,598.7169189453125,417.3337097167969,0.9673174619674683,671.6286010742188,452.4058532714844,0.9933791160583496,845.151123046875,389.2137451171875,0.6420235633850098,1004.7879638671875,462.0001220703125,0.9795140027999878
1836,86.46929931640625,117.78446197509766,0.999922513961792,997.3510131835938,82.13602447509766,0.9999121427536011,90.31326293945312,1030.35595703125,0.9998082518577576,1020.4298095703125,1019.4493408203125,0.9988144636154175,332.2453308105469,499.62750244140625,0.6864827275276184,329.3529052734375,609.6810302734375,0.9945600628852844,276.87469482421875,552.0330200195312,0.9990378618240356,384.44891357421875,551.9491577148438,0.3414433002471924,715.325927734375,497.0660095214844,0.1193201020359993,754.1187133789062,716.9736328125,0.999810516834259,692.4646606445312,593.640625,0.9976449608802795,786.6940307617188,569.8529663085938,0.8092597723007202,353.6568908691406,462.5191650390625,0.16077744960784912,343.87384033203125,437.9072265625,0.5599566698074341,413.9167175292969,474.64752197265625,0.41787856817245483,551.3713989257812,472.3211669921875,0.9453730583190918,436.72503662109375,523.5816040039062,0.9635406732559204,418.4150085449219,436.8335266113281,0.8437005877494812,618.80517578125,521.716796875,0.9368968605995178,602.9645385742188,417.0704650878906,0.9647660255432129,681.6071166992188,454.4682922363281,0.9314208626747131,820.348876953125,398.77978515625,0.845288097858429,1007.4323120117188,468.9466552734375,0.8064291477203369
1837,86.10882568359375,114.4996337890625,0.9999382495880127,994.5189819335938,85.10025024414062,0.9994199275970459,88.69825744628906,1028.64453125,0.9997044205665588,1016.796875,1019.4227905273438,0.99885094165802,335.2527770996094,496.9877014160156,0.9964949488639832,330.59674072265625,609.6906127929688,0.9944619536399841,276.9444885253906,550.0765991210938,0.9992376565933228,382.46630859375,557.7246704101562,0.8530333638191223,713.2567138671875,496.6942443847656,0.8068228960037231,753.2642822265625,715.9374389648438,0.9996278285980225,691.3114013671875,595.0062255859375,0.9978406429290771,784.6264038085938,576.3101806640625,0.9472315907478333,326.48773193359375,401.0064392089844,0.47646790742874146,373.5473327636719,411.75390625,0.9449673891067505,400.1759948730469,424.7902526855469,0.7830138802528381,545.8832397460938,467.37811279296875,0.9898972511291504,434.0572814941406,464.5370788574219,0.2323305308818817,450.7738037109375,412.60980224609375,0.9880254864692688,596.2820434570312,524.7633056640625,0.9979355335235596,600.28857421875,421.5045166015625,0.9890747666358948,415.674560546875,519.0473022460938,0.7214453816413879,742.9442138671875,442.9661560058594,0.9510120153427124,988.2020263671875,409.7615051269531,0.6048808693885803
1838,85.5825424194336,116.66319274902344,0.9998987913131714,995.3473510742188,84.29301452636719,0.9999061822891235,88.90093231201172,1029.9656982421875,0.9998219609260559,1019.8467407226562,1019.2423706054688,0.9989861845970154,337.6268615722656,498.9964904785156,0.9983161687850952,331.0345153808594,611.1185302734375,0.9967231154441833,277.4418640136719,550.0697631835938,0.9992569088935852,385.9684753417969,556.0394897460938,0.9856334328651428,716.8117065429688,495.2454528808594,0.8026987910270691,754.8882446289062,717.2278442382812,0.9998890161514282,694.0166015625,595.5975952148438,0.9970332384109497,784.100341796875,580.4174194335938,0.9029957056045532,345.1934509277344,370.8369140625,0.9944978356361389,371.856201171875,378.9810791015625,0.9364300966262817,392.9565734863281,394.59259033203125,0.7753956913948059,548.8985595703125,451.8985595703125,0.9799427390098572,418.11737060546875,471.72735595703125,0.9954168796539307,460.5242919921875,383.33343505859375,0.7888042330741882,584.2822265625,527.4495849609375,0.7532448768615723,626.4319458007812,422.34381103515625,0.9950699806213379,680.9359741210938,465.8636169433594,0.9352877736091614,749.850341796875,441.8379211425781,0.8375555276870728,1005.3632202148438,468.09149169921875,0.9345842003822327
1839,86.41995239257812,114.08470916748047,0.999849796295166,998.0219116210938,82.74150085449219,0.9997461438179016,88.88134765625,1029.69970703125,0.9998050332069397,1020.1842651367188,1019.0906372070312,0.9987837672233582,338.3685302734375,498.82421875,0.9993720650672913,331.0067138671875,611.2176513671875,0.9981400966644287,277.8689880371094,551.3707275390625,0.9993934631347656,386.79132080078125,558.544677734375,0.9906753301620483,712.9063110351562,491.3300476074219,0.24950988590717316,754.5768432617188,717.375732421875,0.9998600482940674,694.5546264648438,592.0892333984375,0.9952612519264221,785.2935791015625,571.0120239257812,0.8965528011322021,319.2016906738281,310.73309326171875,0.9456058144569397,350.8333740234375,333.09649658203125,0.9543081521987915,376.8511657714844,345.4262390136719,0.8236512541770935,528.9378051757812,427.3332824707031,0.9972708821296692,413.47625732421875,423.5421447753906,0.8688439130783081,425.3808898925781,329.66717529296875,0.9567001461982727,565.4478759765625,521.58056640625,0.9362545609474182,611.565185546875,415.35430908203125,0.9327601790428162,662.3400268554688,465.49078369140625,0.9961540102958679,746.9160766601562,454.1765441894531,0.6754555702209473,841.7229614257812,427.63916015625,0.9787970781326294
1840,86.99323272705078,116.09719848632812,0.9999046325683594,994.8956298828125,86.96708679199219,0.9996709823608398,88.92447662353516,1029.32470703125,0.9998505115509033,1017.62841796875,1019.7667236328125,0.9994375109672546,338.1967468261719,497.7441101074219,0.9978567957878113,330.04412841796875,611.4632568359375,0.9973299503326416,276.6307678222656,551.5270385742188,0.9993927478790283,387.5587463378906,559.7052612304688,0.9937194585800171,706.3480224609375,497.39044189453125,0.9808761477470398,754.18017578125,717.7262573242188,0.9998288154602051,690.3128051757812,593.6197509765625,0.9960544109344482,787.0316162109375,581.4802856445312,0.7781720757484436,263.40948486328125,259.99029541015625,0.987246036529541,297.1746520996094,277.4830322265625,0.9239764213562012,614.6593017578125,458.3861389160156,0.7687515616416931,501.19439697265625,399.23388671875,0.9979923963546753,351.69757080078125,367.3429260253906,0.20226962864398956,544.8123168945312,499.621826171875,0.805432140827179,547.6401977539062,496.6632995605469,0.985183596611023,591.965087890625,400.8146057128906,0.9851356148719788,640.35791015625,457.5400695800781,0.5593459606170654,735.181884765625,465.3941955566406,0.500945508480072,795.4036865234375,466.8426818847656,0.8793238401412964
1841,87.22198486328125,114.52911376953125,0.9998772144317627,996.9815063476562,82.55847930908203,0.9998764991760254,90.13104248046875,1030.4879150390625,0.999783456325531,1019.2579345703125,1018.9867553710938,0.9988278746604919,337.97479248046875,498.2438659667969,0.9988376498222351,330.6638488769531,611.80126953125,0.9979738593101501,276.80072021484375,550.7987060546875,0.999302864074707,386.9604187011719,560.1991577148438,0.9956706762313843,716.722412109375,504.8075866699219,0.9849183559417725,753.6288452148438,716.4446411132812,0.9998143315315247,691.4371337890625,591.6036987304688,0.9970411658287048,787.6010131835938,579.4894409179688,0.9613451957702637,209.5881805419922,210.6219940185547,0.9945976734161377,252.33456420898438,240.47769165039062,0.9725995659828186,276.3341369628906,254.0299072265625,0.8867047429084778,442.3588562011719,355.81170654296875,0.9992781281471252,339.5601501464844,346.03485107421875,0.4933738112449646,475.44500732421875,448.125732421875,0.8369484543800354,466.39251708984375,442.6059875488281,0.9681808948516846,537.886962890625,363.7716369628906,0.9976475834846497,569.7157592773438,430.2533874511719,0.9995326995849609,669.6035766601562,457.4547119140625,0.9864636659622192,752.2037353515625,466.5228271484375,0.9535998106002808
1842,86.20289611816406,117.69496154785156,0.9998218417167664,994.5452880859375,86.33615112304688,0.9999115467071533,90.43293762207031,1030.4036865234375,0.9997609257698059,1021.9752807617188,1020.7330322265625,0.9988884329795837,336.516845703125,497.66571044921875,0.9986578226089478,330.8363037109375,611.3350219726562,0.998234748840332,277.216064453125,551.615966796875,0.9994599223136902,386.76251220703125,560.3878173828125,0.995845377445221,703.0519409179688,505.736083984375,0.9975269436836243,754.2432250976562,717.1270141601562,0.9998726844787598,690.46142578125,593.031494140625,0.9980277419090271,783.8562622070312,575.5161743164062,0.7362015247344971,180.1626434326172,178.40931701660156,0.9979234933853149,218.62820434570312,201.35446166992188,0.870652437210083,248.4150390625,226.271728515625,0.919496476650238,375.2526550292969,296.65185546875,0.9983200430870056,469.822998046875,305.7423400878906,0.5927180647850037,376.16522216796875,386.9352111816406,0.5342882871627808,374.78021240234375,383.5203857421875,0.8343443274497986,464.3745422363281,302.0232238769531,0.6796849370002747,509.3823547363281,405.5616455078125,0.9916625022888184,577.59521484375,440.0142822265625,0.3187924027442932,666.4705200195312,498.7752685546875,0.07672011852264404
1843,86.73722076416016,117.55242919921875,0.999909520149231,996.3562622070312,84.83970642089844,0.9999452829360962,90.50531005859375,1030.1051025390625,0.9997978806495667,1018.9779663085938,1019.4691162109375,0.9988711476325989,337.157958984375,498.29864501953125,0.9988983869552612,331.3736572265625,611.4314575195312,0.9984763264656067,277.4067077636719,551.183837890625,0.9992809891700745,386.9985046386719,560.39453125,0.995270311832428,720.5797729492188,496.8139343261719,0.9992688298225403,753.7949829101562,715.3345336914062,0.9998733997344971,688.0732421875,590.0314331054688,0.985954225063324,784.0394287109375,571.9664916992188,0.8633081316947937,146.74700927734375,124.75737762451172,0.9989748001098633,193.500732421875,166.21881103515625,0.9858394861221313,220.22889709472656,192.58580017089844,0.9897183179855347,329.18988037109375,267.6688537597656,0.9905229210853577,237.909423828125,262.74945068359375,0.8509575128555298,288.98309326171875,189.52244567871094,0.9372090697288513,327.9532775878906,349.39349365234375,0.9970216155052185,412.32421875,256.5080871582031,0.9841625690460205,452.78167724609375,372.20928955078125,0.9736720323562622,489.6326904296875,436.40106201171875,0.8643457889556885,550.531982421875,473.6228332519531,0.7518209218978882
1844,86.55204010009766,113.21736907958984,0.9957475066184998,996.1663818359375,83.39810180664062,0.9999502897262573,90.37198638916016,1030.5718994140625,0.9997491240501404,1021.2138061523438,1017.7595825195312,0.998900294303894,337.48046875,497.91357421875,0.9983626008033752,331.7740173339844,611.0095825195312,0.998323380947113,277.2769775390625,551.3220825195312,0.9992666840553284,387.7410888671875,559.9248657226562,0.9943753480911255,715.2162475585938,496.6970520019531,0.9958556294441223,753.3733520507812,716.2308959960938,0.9998846054077148,689.4600830078125,585.6039428710938,0.9523619413375854,786.1078491210938,580.249755859375,0.9097380638122559,133.28294372558594,67.66468811035156,0.9947150349617004,159.92254638671875,110.73865509033203,0.8379167318344116,215.45286560058594,171.52305603027344,0.8426769375801086,308.6933898925781,253.1611785888672,0.9968615770339966,208.4202117919922,229.1088104248047,0.6807699799537659,273.15496826171875,171.60792541503906,0.9883533120155334,313.0259094238281,331.3146057128906,0.9920965433120728,405.8363952636719,264.0464782714844,0.998210072517395,431.4499816894531,344.0482482910156,0.9711228609085083,518.0147094726562,496.21478271484375,0.9759333729743958,613.829833984375,568.6680297851562,0.35837748646736145
1845,87.2735595703125,116.73522186279297,0.9982984662055969,997.6563110351562,83.12871551513672,0.9998856782913208,91.02893829345703,1029.455810546875,0.999754011631012,1022.3522338867188,1019.3950805664062,0.9989367127418518,337.4959411621094,497.6122741699219,0.9987850785255432,331.4994201660156,611.3615112304688,0.9985463619232178,277.2729187011719,551.42626953125,0.9993103742599487,387.53277587890625,561.1222534179688,0.994537889957428,717.8751831054688,495.83355712890625,0.9954783320426941,754.068603515625,716.4774780273438,0.9999126195907593,685.8070678710938,589.0369262695312,0.9764292240142822,784.40380859375,577.081298828125,0.8622851967811584,133.1152801513672,42.542240142822266,0.9981399774551392,168.79446411132812,90.88442993164062,0.972582995891571,218.13888549804688,166.8369140625,0.9959932565689087,317.7720642089844,255.8363037109375,0.9708855152130127,251.00230407714844,250.47445678710938,0.9331018328666687,285.11798095703125,166.9518280029297,0.9971774816513062,311.09796142578125,323.796630859375,0.9727615118026733,385.29925537109375,247.4047088623047,0.9896237254142761,417.3020935058594,329.6944885253906,0.9774791598320007,495.61065673828125,426.9995422363281,0.9950537085533142,574.7297973632812,529.2805786132812,0.18700799345970154
1846,86.20488739013672,116.11428833007812,0.9998552799224854,995.320068359375,84.43009185791016,0.9999426603317261,89.4796142578125,1030.6519775390625,0.9997115731239319,1018.7268676757812,1018.7239379882812,0.9991775155067444,337.0100402832031,498.1867980957031,0.9989545345306396,330.5858459472656,609.8237915039062,0.9987155199050903,277.339111328125,550.6572265625,0.9993845224380493,386.78125,560.6797485351562,0.9960954785346985,715.0468139648438,497.76190185546875,0.9994978904724121,754.4617309570312,717.1573486328125,0.9998979568481445,685.6845092773438,593.8685913085938,0.9367057085037231,786.0194702148438,577.1868286132812,0.8072773814201355,174.571533203125,39.36625671386719,0.9407632350921631,201.20411682128906,121.54438018798828,0.8543769717216492,230.7572479248047,177.13485717773438,0.9190621376037598,320.1238098144531,263.56097412109375,0.9905195236206055,253.42970275878906,261.9488830566406,0.9204018712043762,299.36688232421875,181.64547729492188,0.9977217316627502,310.2539978027344,323.3240966796875,0.9800803661346436,379.7771911621094,240.8019256591797,0.9967922568321228,415.5177001953125,325.44775390625,0.9955742359161377,471.9380798339844,388.2765197753906,0.6418967247009277,527.8074340820312,449.71728515625,0.8622781038284302
1847,86.88379669189453,118.89414978027344,0.9998594522476196,995.277099609375,83.13159942626953,0.9999372959136963,89.20022583007812,1030.56787109375,0.9996675252914429,1021.46923828125,1020.3687133789062,0.9983242154121399,336.9433288574219,498.28228759765625,0.9992378950119019,331.6292419433594,610.9976196289062,0.9984771609306335,277.7447509765625,551.0565185546875,0.9989286065101624,387.28997802734375,561.0925903320312,0.9966453909873962,710.4959106445312,501.1383056640625,0.9953612685203552,752.2654418945312,716.8040161132812,0.9998854398727417,690.7256469726562,591.9224853515625,0.994702160358429,786.4160766601562,581.3601684570312,0.9033714532852173,205.3257293701172,2.4582982063293457,0.2913682758808136,220.8196563720703,116.49597930908203,0.9848147630691528,229.11546325683594,144.11058044433594,0.9402592182159424,311.7592468261719,245.7244873046875,0.6425731778144836,167.97630310058594,11.52002239227295,0.8771987557411194,308.8353576660156,168.56341552734375,0.9365286827087402,303.4622497558594,312.3458557128906,0.9892449378967285,383.5546569824219,239.07962036132812,0.9859405755996704,421.04864501953125,323.37420654296875,0.9996532201766968,485.8940734863281,381.9867248535156,0.8044198751449585,524.5399780273438,414.6119689941406,0.4418313503265381
1848,86.20673370361328,117.75856018066406,0.9999105930328369,996.745361328125,82.73775482177734,0.9999333620071411,90.33148193359375,1031.1961669921875,0.999733030796051,1022.2389526367188,1020.2332763671875,0.9992852807044983,336.5377197265625,498.4179992675781,0.9991886019706726,331.1189880371094,610.8348999023438,0.9986088871955872,277.388671875,551.3226928710938,0.9990505576133728,386.9332275390625,560.2844848632812,0.9965682029724121,711.1378173828125,502.61956787109375,0.9797533750534058,754.3399658203125,717.1622924804688,0.9998974800109863,693.366455078125,592.3583984375,0.9950470924377441,783.663818359375,577.5506591796875,0.9725374579429626,220.96641540527344,7.026419162750244,0.7467672824859619,244.26861572265625,105.03321075439453,0.9536487460136414,246.94744873046875,135.1767120361328,0.993372917175293,315.6261291503906,238.5540771484375,0.9693225026130676,208.19081115722656,150.5966339111328,0.9630243182182312,315.5285949707031,145.25424194335938,0.9375283718109131,308.0487060546875,306.7287292480469,0.749764084815979,379.5567626953125,233.00289916992188,0.986786961555481,412.2388610839844,318.48114013671875,0.9951093792915344,529.022705078125,405.0686950683594,0.9988573789596558,660.111083984375,498.0254211425781,0.8302155137062073
1849,86.88861083984375,117.17278289794922,0.9998378753662109,999.28369140625,82.02592468261719,0.9998944997787476,88.52079772949219,1029.6888427734375,0.9996355772018433,1021.113037109375,1020.4168090820312,0.9990321397781372,337.142333984375,497.99609375,0.9990288019180298,331.7027587890625,611.1306762695312,0.999167799949646,277.3888244628906,552.5819091796875,0.9990025162696838,387.06231689453125,561.0465698242188,0.9970610737800598,710.6211547851562,503.2987060546875,0.9748363494873047,753.4434814453125,717.3231201171875,0.9998657703399658,693.7886352539062,590.79150390625,0.9951593279838562,783.778076171875,577.9210815429688,0.9781770706176758,219.18104553222656,5.909591197967529,0.538910984992981,248.6265869140625,102.84608459472656,0.978783369064331,253.26243591308594,132.89500427246094,0.9966602325439453,316.2790832519531,232.651123046875,0.9793566465377808,220.1308135986328,158.84625244140625,0.8356522917747498,303.134765625,160.79420471191406,0.8930788040161133,297.6299743652344,299.34210205078125,0.5099031925201416,378.3747863769531,229.41685485839844,0.9869844913482666,405.6585388183594,318.822265625,0.978847324848175,538.175537109375,420.101318359375,0.9151709675788879,683.4274291992188,503.5997009277344,0.4829421043395996
1850,86.07965850830078,116.72039794921875,0.9998918771743774,997.262451171875,83.96617889404297,0.9999382495880127,88.68572235107422,1030.031494140625,0.9997860789299011,1019.4498291015625,1019.9701538085938,0.9988024234771729,337.6458435058594,498.37701416015625,0.9992456436157227,330.7091369628906,610.4779052734375,0.9988190531730652,277.5927429199219,551.1557006835938,0.9992586970329285,386.87518310546875,560.870361328125,0.9973462820053101,714.7269897460938,499.46759033203125,0.9959607720375061,753.6329345703125,717.1401977539062,0.9998281002044678,691.647705078125,592.593017578125,0.9958196878433228,783.6134643554688,573.33349609375,0.9601117968559265,210.39822387695312,5.443426609039307,0.3002258837223053,227.81997680664062,53.57218933105469,0.6449756622314453,260.9577331542969,129.49249267578125,0.9097870588302612,329.92572021484375,237.0656280517578,0.990301251411438,222.3219757080078,159.3508758544922,0.9005146026611328,321.53662109375,121.34207916259766,0.6238746047019958,299.38995361328125,297.189453125,0.9852083921432495,388.4003601074219,231.0184783935547,0.9882336854934692,402.0294189453125,323.56256103515625,0.9989927411079407,573.3014526367188,459.5567932128906,0.665069043636322,674.9263305664062,508.0691223144531,0.6076832413673401
1851,88.08183288574219,117.72756958007812,0.9996711015701294,997.6956787109375,83.94337463378906,0.9998131394386292,90.57035827636719,1029.2139892578125,0.9996304512023926,1018.9176025390625,1019.3887329101562,0.9989494681358337,338.0332946777344,498.3105163574219,0.9991806149482727,331.1922607421875,610.431884765625,0.9991466999053955,277.9762878417969,549.85302734375,0.999182403087616,387.062744140625,560.3662719726562,0.9952812790870667,720.0505981445312,494.85638427734375,0.9811868667602539,751.7702026367188,717.9840698242188,0.99980229139328,692.0618896484375,593.6459350585938,0.9959320425987244,783.82373046875,572.34716796875,0.9570266008377075,218.7921600341797,9.47311019897461,0.7835072875022888,244.37757873535156,111.83343505859375,0.674263060092926,257.94354248046875,139.46485900878906,0.888820230960846,333.49407958984375,235.42556762695312,0.9947768449783325,231.3313751220703,171.9544219970703,0.6659190058708191,326.329345703125,129.85272216796875,0.7843140959739685,304.9768981933594,299.6903991699219,0.9946664571762085,387.7566223144531,236.08673095703125,0.9015529155731201,400.25518798828125,322.4833984375,0.9986242055892944,561.5046997070312,453.5365905761719,0.8687851428985596,674.5480346679688,504.6100158691406,0.7061010599136353
1852,88.06439971923828,116.35955047607422,0.9997088313102722,994.5560913085938,82.88823699951172,0.9999356269836426,89.97222900390625,1031.1722412109375,0.999744713306427,1019.0260620117188,1021.4078979492188,0.9982353448867798,338.60015869140625,498.2594299316406,0.9993340373039246,331.6108093261719,609.629150390625,0.9991375207901001,277.94805908203125,550.7620849609375,0.9991794228553772,387.3500061035156,559.8555297851562,0.9970666766166687,717.8098754882812,494.1304931640625,0.9981752634048462,752.96484375,717.43798828125,0.9998738765716553,692.7643432617188,594.0744018554688,0.995834469795227,785.9119262695312,580.5162963867188,0.8626580238342285,216.3007049560547,11.16160774230957,0.9558101892471313,240.28871154785156,96.1745376586914,0.9577223658561707,254.73977661132812,143.61537170410156,0.9244620203971863,332.0079345703125,237.06161499023438,0.998213529586792,231.5788116455078,180.01324462890625,0.4089193046092987,328.970458984375,142.72105407714844,0.9284752011299133,311.9814453125,297.54083251953125,0.9650044441223145,388.5951843261719,229.9252166748047,0.8775944709777832,402.5075988769531,324.73785400390625,0.998367965221405,526.8742065429688,424.5926513671875,0.737500786781311,668.5504760742188,497.6469421386719,0.8045282959938049
1853,88.22808837890625,117.94207763671875,0.9997691512107849,994.0786743164062,81.79216766357422,0.999772846698761,89.1922607421875,1030.711669921875,0.9996880292892456,1018.9005126953125,1020.0748291015625,0.9978856444358826,338.0007629394531,498.5570068359375,0.9992495179176331,331.72894287109375,610.1142578125,0.9981410503387451,277.6734619140625,551.37353515625,0.9994418025016785,386.96270751953125,559.1383056640625,0.9940667152404785,716.9959106445312,493.87969970703125,0.99774169921875,751.9378662109375,716.478515625,0.9998015761375427,690.3935546875,590.6403198242188,0.9957608580589294,783.843017578125,570.4640502929688,0.9396467208862305,211.3461456298828,11.55176067352295,0.7242452502250671,236.43377685546875,88.66303253173828,0.712256669998169,255.767578125,148.04833984375,0.960189700126648,339.2162780761719,245.66798400878906,0.9583895206451416,232.5977325439453,182.38340759277344,0.6993126273155212,323.9062805175781,151.60910034179688,0.9366573691368103,302.98443603515625,302.3633728027344,0.9303197860717773,386.6364440917969,239.82608032226562,0.9917530417442322,403.1831359863281,326.6029968261719,0.998680055141449,573.8886108398438,455.6568603515625,0.8577245473861694,676.7532958984375,495.7412109375,0.7555807828903198
1854,88.0321273803711,115.9034652709961,0.9997119307518005,994.0066528320312,81.23222351074219,0.999858021736145,90.1728286743164,1032.1849365234375,0.9996256828308105,1019.8001708984375,1020.047607421875,0.9991104006767273,338.2946472167969,498.57794189453125,0.9989103078842163,331.5308532714844,609.9313354492188,0.9984533786773682,277.8272399902344,551.1936645507812,0.9992576241493225,387.30328369140625,560.3642578125,0.9937689900398254,715.4556884765625,493.7856140136719,0.9990647435188293,753.5980224609375,715.6848754882812,0.9998353719711304,692.5963134765625,591.8390502929688,0.9955646991729736,784.7517700195312,571.7777099609375,0.9418662190437317,215.6811981201172,13.318443298339844,0.46700066328048706,236.11776733398438,89.38719177246094,0.7447846531867981,248.3350372314453,147.86192321777344,0.9085333347320557,335.8360595703125,246.55685424804688,0.9216433763504028,194.2532501220703,113.93733978271484,0.6102539300918579,326.635498046875,146.24697875976562,0.9765974879264832,307.837158203125,305.81829833984375,0.9664597511291504,385.3059997558594,238.87124633789062,0.9922077059745789,402.69573974609375,325.7851867675781,0.998955488204956,546.7902221679688,445.516357421875,0.7185664772987366,675.5067749023438,496.7195129394531,0.930415153503418
1855,87.08935546875,117.28453826904297,0.9998911619186401,994.4620971679688,82.87730407714844,0.9998658895492554,89.7814712524414,1030.8524169921875,0.9997819066047668,1020.7536010742188,1021.4896850585938,0.9984350800514221,338.81597900390625,498.64739990234375,0.9991962313652039,330.7860412597656,610.5262451171875,0.9987123012542725,278.2425537109375,551.0750732421875,0.9988359808921814,385.6015930175781,560.0753173828125,0.9948386549949646,717.361083984375,493.79302978515625,0.9990556836128235,753.2622680664062,716.944091796875,0.999800980091095,692.2267456054688,592.4395141601562,0.9933682084083557,783.9075927734375,570.4642333984375,0.9462978839874268,209.37753295898438,7.991146564483643,0.36001062393188477,236.10475158691406,84.93032836914062,0.37244468927383423,254.48223876953125,153.81297302246094,0.909878134727478,320.9712219238281,243.3505096435547,0.880470871925354,199.22457885742188,126.57330322265625,0.8197953701019287,322.18914794921875,155.87353515625,0.9576267004013062,301.9906311035156,305.01953125,0.9653798937797546,381.5691833496094,241.47805786132812,0.9920905828475952,402.51165771484375,327.3180236816406,0.9965582489967346,548.4119262695312,445.628662109375,0.8757618069648743,673.366943359375,495.7007751464844,0.9658419489860535
1856,86.99430847167969,117.373779296875,0.9995100498199463,994.9185791015625,82.15827941894531,0.9999221563339233,88.33560943603516,1030.26123046875,0.9997987151145935,1019.9619140625,1020.4501953125,0.9972892999649048,338.76483154296875,498.7723388671875,0.9990271329879761,330.7059326171875,610.2049560546875,0.9989160299301147,278.3902587890625,550.6237182617188,0.9989141225814819,386.07177734375,560.8788452148438,0.9970864653587341,716.4505615234375,493.76776123046875,0.9989572763442993,753.9757080078125,717.0161743164062,0.9998644590377808,692.449951171875,591.8363647460938,0.9932350516319275,785.7974853515625,570.78076171875,0.8619781732559204,218.97659301757812,12.781875610351562,0.7520362734794617,231.50836181640625,104.80394744873047,0.5422722101211548,254.909912109375,157.530029296875,0.9587807059288025,327.10693359375,247.49630737304688,0.9708065390586853,229.01290893554688,186.72634887695312,0.8096667528152466,283.4889221191406,95.12879943847656,0.9562190771102905,303.6968994140625,305.5926513671875,0.9682079553604126,382.5030517578125,240.55357360839844,0.9878081679344177,402.2753601074219,327.7621154785156,0.9972907900810242,552.9287719726562,449.9278259277344,0.728236973285675,674.8382568359375,498.8343505859375,0.8672806620597839
1857,87.51274871826172,117.8086166381836,0.9978094696998596,995.3154907226562,82.85932922363281,0.9999330043792725,88.52867889404297,1029.9832763671875,0.9998176693916321,1019.6065063476562,1020.5103149414062,0.9982884526252747,339.0459289550781,498.91656494140625,0.9991074204444885,330.1962585449219,609.0818481445312,0.9990850687026978,278.16900634765625,550.0777587890625,0.9989469647407532,386.2210998535156,560.1244506835938,0.9955289959907532,715.598388671875,495.0008850097656,0.9973592162132263,753.4859619140625,718.0899047851562,0.99983811378479,692.391845703125,593.17529296875,0.9910767078399658,784.8662109375,571.8292236328125,0.8816511034965515,173.49514770507812,56.836795806884766,0.7789849638938904,222.1957550048828,115.1915512084961,0.9922986626625061,242.069091796875,138.78799438476562,0.8066232204437256,327.5387878417969,240.3612060546875,0.9767001271247864,229.00831604003906,191.47483825683594,0.9809608459472656,325.96942138671875,146.24740600585938,0.9926585555076599,302.6637268066406,306.6956787109375,0.9679462313652039,383.48846435546875,239.7445831298828,0.9880974888801575,404.5912170410156,328.32220458984375,0.9962916374206543,550.1555786132812,445.6712646484375,0.9245413541793823,674.2789916992188,499.2948303222656,0.9000330567359924
1858,87.26165771484375,112.164794921875,0.7068139314651489,994.550048828125,84.09615325927734,0.9999169111251831,88.69319152832031,1031.177001953125,0.9997908473014832,1019.3862915039062,1019.473876953125,0.9982689619064331,339.09674072265625,498.7777099609375,0.9992142915725708,330.6844482421875,609.114501953125,0.9990944862365723,278.9080505371094,548.3921508789062,0.9979909658432007,386.15118408203125,560.9398803710938,0.9965226650238037,713.0547485351562,495.85845947265625,0.9988596439361572,754.2384643554688,718.1041870117188,0.9998008608818054,692.1858520507812,591.2094116210938,0.9893317222595215,780.5802612304688,569.0304565429688,0.7785647511482239,110.76753997802734,64.07009887695312,0.9351491928100586,188.03367614746094,132.07957458496094,0.41679948568344116,208.0909423828125,153.38372802734375,0.9110797047615051,327.0099792480469,224.8575439453125,0.9941761493682861,200.98385620117188,182.6803741455078,0.9747346043586731,283.9200744628906,128.73326110839844,0.9960427284240723,301.7291259765625,299.2909851074219,0.9981659054756165,384.5133361816406,229.97979736328125,0.9725610017776489,408.4254150390625,331.7871398925781,0.9882181286811829,556.33984375,447.3982849121094,0.9112148880958557,665.592041015625,500.0794677734375,0.9352362155914307
1859,80.78359985351562,75.55985260009766,0.6223601698875427,996.4092407226562,83.28813934326172,0.9999157190322876,89.8998794555664,1029.857666015625,0.9998486042022705,1021.3291625976562,1019.1763916015625,0.9984443783760071,340.06671142578125,498.8071594238281,0.9992504715919495,329.4794921875,609.7406616210938,0.9995118379592896,278.78460693359375,548.2572021484375,0.9979866743087769,386.6778869628906,561.1285400390625,0.997127115726471,714.8502197265625,494.0992431640625,0.998479425907135,753.9421997070312,717.3311157226562,0.9998601675033569,690.666015625,591.1792602539062,0.9911856055259705,781.6044921875,557.635498046875,0.7760462164878845,87.00697326660156,101.07484436035156,0.9913803935050964,125.0424575805664,116.09825134277344,0.9774652719497681,143.1655731201172,129.59617614746094,0.8890819549560547,312.48486328125,214.8821258544922,0.9933700561523438,140.27696228027344,156.56565856933594,0.47151079773902893,264.80889892578125,115.375,0.523852527141571,302.3918762207031,304.1949462890625,0.9918223023414612,381.9825744628906,236.78826904296875,0.9938462376594543,404.9820861816406,330.8748779296875,0.9989442229270935,548.9117431640625,445.97979736328125,0.9621173739433289,670.4424438476562,500.8048400878906,0.9561694264411926
1860,82.89330291748047,99.56188201904297,0.10021159797906876,995.5781860351562,83.1316909790039,0.9999619722366333,88.75543975830078,1030.8179931640625,0.9998176693916321,1022.48291015625,1020.3510131835938,0.9990654587745667,340.9854431152344,498.1556091308594,0.9982700347900391,330.0554504394531,608.9644775390625,0.9991233944892883,278.2840270996094,547.5126342773438,0.9983158111572266,386.51361083984375,562.678466796875,0.995886504650116,715.3361206054688,495.4454040527344,0.998221218585968,752.8738403320312,717.930908203125,0.9997770190238953,689.4869995117188,590.0260620117188,0.9866561889648438,780.1446533203125,570.7215576171875,0.8863400816917419,53.406158447265625,137.61822509765625,0.9998555183410645,160.31993103027344,161.66925048828125,0.8428824543952942,187.98977661132812,180.48570251464844,0.9092780351638794,317.87530517578125,242.26376342773438,0.8692370057106018,226.5426483154297,229.83836364746094,0.9901813864707947,273.86346435546875,145.18505859375,0.8941788077354431,298.7602233886719,310.4758605957031,0.9967907071113586,378.038818359375,239.81484985351562,0.9884568452835083,405.6037292480469,332.40130615234375,0.9971703886985779,543.6109008789062,442.15185546875,0.8249602317810059,671.6832885742188,496.0962829589844,0.9269729256629944
1861,82.77999877929688,118.82987976074219,0.793857991695404,994.92333984375,86.0079345703125,0.9999778270721436,88.95523834228516,1029.52490234375,0.9997767806053162,1014.9635009765625,1021.6307983398438,0.9989513158798218,339.9939880371094,497.4879455566406,0.9975237250328064,332.52825927734375,611.927490234375,0.9977891445159912,278.8806457519531,551.2454223632812,0.9993534684181213,386.1319580078125,561.156494140625,0.9940663576126099,715.48876953125,495.0799865722656,0.9977697134017944,753.6547241210938,717.2010498046875,0.9998795986175537,689.9346313476562,591.8278198242188,0.9795697331428528,781.577880859375,574.1858520507812,0.9128440618515015,40.9578742980957,161.63465881347656,0.999677300453186,132.75657653808594,170.0574951171875,0.956890344619751,158.1995391845703,185.9362335205078,0.9232605695724487,312.3874206542969,243.19569396972656,0.936163067817688,206.52809143066406,236.54779052734375,0.9026687145233154,220.60687255859375,143.8867645263672,0.7793212532997131,303.17840576171875,316.1261901855469,0.9913321733474731,383.93011474609375,242.95391845703125,0.9773139357566833,409.035888671875,332.66668701171875,0.996658444404602,526.8297729492188,426.6746520996094,0.8165761232376099,634.3573608398438,498.2419738769531,0.1577204167842865
1862,85.37244415283203,117.74266815185547,0.978985071182251,996.5928955078125,84.22219848632812,0.9999555349349976,89.65491485595703,1029.968017578125,0.9997046589851379,1020.4444580078125,1019.3919067382812,0.9985213875770569,338.2756042480469,497.248779296875,0.9988633394241333,331.6612243652344,611.15234375,0.9977268576622009,277.4934387207031,549.4197387695312,0.9992783665657043,386.2669372558594,559.0514526367188,0.9969191551208496,717.2940673828125,495.9473876953125,0.9973010420799255,753.0640869140625,717.904541015625,0.9998326301574707,692.1549072265625,592.7326049804688,0.9892716407775879,785.729248046875,582.94091796875,0.8375867605209351,8.17325210571289,168.1611328125,0.9969685673713684,138.5376739501953,198.4363555908203,0.9872629046440125,179.0648956298828,203.80316162109375,0.41228631138801575,314.06463623046875,249.78294372558594,0.9930497407913208,208.55984497070312,252.24029541015625,0.8502852916717529,290.9469909667969,180.12033081054688,0.8646001219749451,310.64959716796875,319.8917236328125,0.9935979843139648,388.2769470214844,243.82798767089844,0.9229029417037964,414.9960021972656,334.39654541015625,0.9942873120307922,533.7823486328125,429.26605224609375,0.9521615505218506,661.7216186523438,506.4884033203125,0.5521425008773804
1863,84.62876892089844,116.48454284667969,0.7875894904136658,995.2208862304688,83.66461944580078,0.9999386072158813,90.09349822998047,1030.033447265625,0.999783456325531,1020.9901733398438,1019.5264282226562,0.9979921579360962,338.8349609375,497.7050476074219,0.9989029169082642,332.20294189453125,611.1494750976562,0.9967505931854248,277.4736022949219,549.77783203125,0.9992706179618835,386.3377685546875,560.138427734375,0.9968865513801575,716.490966796875,497.4766540527344,0.994983434677124,754.0556030273438,718.1111450195312,0.999854564666748,692.7069091796875,591.1681518554688,0.985499382019043,781.5964965820312,571.308837890625,0.8831456899642944,0.18497037887573242,169.14572143554688,0.5733939409255981,114.7640151977539,198.96360778808594,0.9771236181259155,166.20816040039062,195.4398193359375,0.7029945254325867,302.4693298339844,254.83050537109375,0.9272238612174988,179.49513244628906,253.08517456054688,0.9426667094230652,272.2388000488281,177.889892578125,0.506144642829895,314.25579833984375,328.0191345214844,0.9921168684959412,388.41693115234375,248.2823486328125,0.9780259728431702,423.4864501953125,337.4615783691406,0.9842243194580078,538.3355712890625,430.5851135253906,0.9835559725761414,683.8425903320312,502.21142578125,0.1600809097290039
1864,84.5744857788086,116.78238677978516,0.9835931062698364,996.2842407226562,84.35227966308594,0.9999681711196899,88.71945190429688,1030.3018798828125,0.9997881054878235,1021.7271728515625,1019.989013671875,0.998847484588623,338.9847412109375,497.4542236328125,0.9991008043289185,331.3169860839844,611.6150512695312,0.9985523819923401,277.4635009765625,549.2068481445312,0.99964439868927,386.6022033691406,558.7234497070312,0.9960107803344727,712.1984252929688,499.35137939453125,0.9912643432617188,752.8915405273438,717.200927734375,0.9998276233673096,690.0819091796875,591.3489990234375,0.9789557456970215,779.071044921875,543.2759399414062,0.6391422748565674,-2.190826892852783,172.58230590820312,0.08256331831216812,81.54206085205078,195.34686279296875,0.9945175051689148,120.30333709716797,209.7291259765625,0.7872244119644165,281.21295166015625,247.1582489013672,0.9927155375480652,141.9450225830078,258.7832336425781,0.9912705421447754,173.13507080078125,176.68670654296875,0.980127215385437,315.1177673339844,329.7490234375,0.9778773188591003,394.7333068847656,259.9032897949219,0.9725500345230103,422.8128356933594,334.47430419921875,0.9938032627105713,541.5099487304688,429.8565368652344,0.736881673336029,668.4445190429688,508.1369323730469,0.7758620977401733
1865,81.43511199951172,118.76097106933594,0.9960441589355469,996.042724609375,85.29267883300781,0.9999713897705078,89.0976791381836,1029.9676513671875,0.9997937083244324,1022.8781127929688,1019.5065307617188,0.9989240765571594,337.81219482421875,498.34075927734375,0.9993778467178345,330.5589599609375,610.6898803710938,0.9981990456581116,277.2304382324219,549.0457153320312,0.9996212720870972,386.49615478515625,558.8351440429688,0.9974972605705261,714.7305297851562,499.0773010253906,0.9957787990570068,753.593505859375,717.0361938476562,0.9998291730880737,690.0155639648438,589.6578369140625,0.9921684861183167,780.8146362304688,567.389892578125,0.6599827408790588,-2.373255729675293,165.77203369140625,0.11866264790296555,68.70389556884766,194.43478393554688,0.9988195300102234,105.06453704833984,209.4602813720703,0.9791056513786316,289.0472106933594,258.226318359375,0.9939822554588318,137.51780700683594,255.8394012451172,0.979971706867218,162.35731506347656,180.49459838867188,0.9883783459663391,323.53167724609375,339.0843200683594,0.9437391757965088,388.4610595703125,256.6253967285156,0.9658169746398926,421.6001281738281,335.7994079589844,0.9975311160087585,540.1577758789062,428.72979736328125,0.9594118595123291,659.7972412109375,507.3511962890625,0.8396462202072144
1866,85.52006530761719,115.20661163330078,0.9994439482688904,995.3103637695312,83.79230499267578,0.9999799728393555,87.93742370605469,1030.3740234375,0.9997254014015198,1019.2128295898438,1018.8109130859375,0.9985072016716003,337.9605712890625,498.014892578125,0.9989951252937317,331.7396545410156,610.972412109375,0.9984244108200073,277.3500671386719,549.3700561523438,0.9995436072349548,386.35601806640625,557.5987548828125,0.9971012473106384,712.0704345703125,500.38775634765625,0.9782615900039673,754.2490234375,717.884521484375,0.9998931884765625,692.2720947265625,590.43798828125,0.9948704242706299,786.3884887695312,584.2039794921875,0.9078001379966736,-0.09267807006835938,185.20101928710938,0.027143707498908043,67.9903793334961,196.16690063476562,0.9961978793144226,105.6308822631836,210.91632080078125,0.8921903371810913,275.9257507324219,262.31353759765625,0.9549494385719299,122.32572937011719,268.9833679199219,0.7330155372619629,147.7481689453125,174.27149963378906,0.9754355549812317,305.3658752441406,334.5968017578125,0.9722121357917786,372.27972412109375,251.59036254882812,0.9597737789154053,405.0824279785156,330.23773193359375,0.9985529780387878,540.794921875,426.1427001953125,0.8048484921455383,660.649169921875,505.2336730957031,0.8301268815994263
1867,85.59757995605469,116.3673324584961,0.9967753291130066,994.1554565429688,85.5865478515625,0.9999152421951294,88.86234283447266,1029.4896240234375,0.9997839331626892,1018.2428588867188,1018.916748046875,0.9985585808753967,337.97515869140625,498.20733642578125,0.9992660880088806,331.8440856933594,611.29052734375,0.9986897110939026,277.9295959472656,550.1676025390625,0.9995391368865967,385.90576171875,558.7517700195312,0.9967560172080994,714.3081665039062,500.61456298828125,0.973987877368927,754.1410522460938,717.4058837890625,0.9998973608016968,691.2109985351562,590.9734497070312,0.9932938814163208,781.5323486328125,573.2274780273438,0.8273246884346008,19.94554901123047,172.46905517578125,0.25823283195495605,59.16474914550781,208.9202423095703,0.9383131861686707,92.30567169189453,216.57183837890625,0.9436021447181702,252.34249877929688,262.0420227050781,0.9956515431404114,149.608642578125,283.6773986816406,0.33193543553352356,129.54078674316406,190.09474182128906,0.7287319302558899,296.25787353515625,334.989990234375,0.979343056678772,336.8787841796875,231.63980102539062,0.9812017679214478,389.1262512207031,319.51849365234375,0.9985837936401367,515.3736572265625,406.4314880371094,0.7223460078239441,423.38262939453125,483.9383544921875,0.6493093371391296
1868,86.05065155029297,116.01100158691406,0.9833295345306396,997.61865234375,84.61201477050781,0.9999240636825562,89.75579071044922,1029.4346923828125,0.9997995495796204,1019.2069091796875,1019.0374145507812,0.9982184767723083,337.15130615234375,498.35821533203125,0.9988148212432861,332.3937683105469,610.9066772460938,0.9985947012901306,277.5130920410156,550.8665771484375,0.9992191791534424,385.3932800292969,558.8346557617188,0.9948630928993225,717.3338012695312,498.3654479980469,0.9921802282333374,753.9970703125,717.982421875,0.999897837638855,691.325927734375,589.1390991210938,0.9909249544143677,779.5331420898438,545.0404052734375,0.7444685101509094,1.2848029136657715,171.77426147460938,0.3446851670742035,46.558963775634766,214.1669158935547,0.9505282044410706,85.12285614013672,223.04335021972656,0.8459521532058716,229.962158203125,256.3172607421875,0.9918895363807678,118.14356994628906,283.49114990234375,0.47034507989883423,110.75987243652344,185.77911376953125,0.722558856010437,270.6729736328125,323.5771179199219,0.9844036102294922,304.27734375,238.0311737060547,0.13885733485221863,352.9982604980469,300.51129150390625,0.9977346658706665,527.3231201171875,411.973876953125,0.9669681191444397,655.161865234375,473.648681640625,0.9276676177978516
1869,80.1059799194336,395.0572509765625,0.9989355206489563,997.3438110351562,84.3244400024414,0.9999123811721802,88.83816528320312,1029.6114501953125,0.9998573064804077,1022.2282104492188,1020.483154296875,0.998512327671051,338.33428955078125,498.7819519042969,0.999382734298706,331.964111328125,611.2262573242188,0.9979124665260315,277.8624267578125,550.83154296875,0.9991530179977417,386.4774169921875,559.344482421875,0.996000349521637,719.46826171875,497.2661437988281,0.993918776512146,753.0469970703125,718.8861083984375,0.9998244643211365,690.845947265625,589.297607421875,0.988261878490448,788.1907348632812,579.9984741210938,0.5854339599609375,274.3421630859375,316.8689880371094,0.02844197489321232,2.279064655303955,197.72572326660156,0.8467026352882385,32.54484558105469,207.1389617919922,0.9580402374267578,127.50708770751953,224.5051727294922,0.9889141917228699,37.26703643798828,261.455810546875,0.9497345089912415,52.212608337402344,153.37518310546875,0.9934377074241638,132.99783325195312,291.3155212402344,0.8705735206604004,212.54762268066406,197.5596466064453,0.8893719911575317,278.0221862792969,251.5584716796875,0.8562514185905457,403.0859680175781,339.7512512207031,0.9823160767555237,520.4838256835938,410.68841552734375,0.9994511008262634
1870,79.54613494873047,392.609130859375,0.9900602102279663,994.9373779296875,82.2535400390625,0.9998753070831299,90.96118927001953,1030.919677734375,0.999733030796051,1022.4365234375,1019.8594970703125,0.9986299276351929,337.90472412109375,498.7823791503906,0.9990313053131104,332.50970458984375,612.5160522460938,0.9985213875770569,278.16497802734375,551.01220703125,0.9988483190536499,386.71417236328125,559.4691162109375,0.9957064986228943,716.9404907226562,498.0688781738281,0.9969275593757629,753.386962890625,717.7994384765625,0.9998747110366821,690.928466796875,587.0989990234375,0.9968360662460327,782.72802734375,570.0463256835938,0.8100290894508362,0.17998814582824707,133.77200317382812,0.2533217668533325,2.989675283432007,164.68148803710938,0.3329688012599945,15.990585327148438,201.56280517578125,0.4521912634372711,95.50799560546875,215.43373107910156,0.5534720420837402,9.899818420410156,240.26968383789062,0.40376660227775574,62.44567108154297,162.3813934326172,0.6835505962371826,102.89180755615234,287.1754150390625,0.2063543051481247,146.3995819091797,188.86181640625,0.9683982133865356,225.34890747070312,228.18898010253906,0.82856684923172,284.5217590332031,244.0953369140625,0.8573744297027588,421.44244384765625,480.97027587890625,0.7891889214515686
1871,82.3123779296875,115.16657257080078,0.9986114501953125,995.0049438476562,83.90326690673828,0.9999555349349976,89.273193359375,1030.3856201171875,0.9997718930244446,1019.9690551757812,1019.4183349609375,0.9983160495758057,337.6701965332031,498.0428161621094,0.9987396597862244,332.8790283203125,611.0026245117188,0.9986646175384521,278.2391357421875,550.2086791992188,0.9991557598114014,387.4110107421875,558.8558349609375,0.9912115931510925,718.0751953125,499.14642333984375,0.9975420236587524,753.0573120117188,717.231201171875,0.9999353885650635,692.9240112304688,589.8680419921875,0.9943728446960449,782.6647338867188,568.5283203125,0.6725892424583435,2.3258166313171387,127.07353210449219,0.043956782668828964,1.3539767265319824,186.2310028076172,0.590577244758606,18.591171264648438,205.51824951171875,0.9596161246299744,87.21920013427734,223.72772216796875,0.997791051864624,11.04841423034668,252.949951171875,0.48074692487716675,59.68909454345703,160.37652587890625,0.9389587044715881,112.654296875,287.8988952636719,0.8775947690010071,144.50315856933594,203.02159118652344,0.9983624815940857,189.03057861328125,232.19871520996094,0.6222060322761536,402.805908203125,261.3008117675781,0.9326797127723694,406.04010009765625,262.0108642578125,0.9469515085220337
1872,84.40400695800781,115.37720489501953,0.9451718330383301,996.2830200195312,83.73194885253906,0.9999450445175171,90.4923324584961,1031.2584228515625,0.9998006224632263,1021.25830078125,1020.9793701171875,0.9976252913475037,337.0487365722656,497.7657775878906,0.9990416169166565,333.70721435546875,611.5665893554688,0.9979804158210754,277.73492431640625,551.544677734375,0.9990692734718323,386.7054138183594,557.59716796875,0.9947697520256042,716.0881958007812,499.84014892578125,0.9942697286605835,754.6968383789062,718.4012451171875,0.9999089241027832,694.0994262695312,591.2276000976562,0.9935937523841858,781.781494140625,569.2432250976562,0.7362880110740662,1.2495324611663818,120.03550720214844,0.04253191873431206,1.6466636657714844,189.83932495117188,0.6684134006500244,24.591167449951172,203.5191192626953,0.9631166458129883,96.39409637451172,224.11065673828125,0.9992350339889526,19.1950626373291,266.8876647949219,0.8246005773544312,68.1038589477539,151.09153747558594,0.9329100847244263,115.47565460205078,289.3516540527344,0.9883793592453003,148.96420288085938,195.66209411621094,0.9935986995697021,188.89295959472656,242.5046844482422,0.9994743466377258,320.997802734375,254.0914306640625,0.987809419631958,493.4984436035156,281.3670349121094,0.9402465224266052
1873,85.99510955810547,117.41067504882812,0.7864238023757935,994.4602661132812,83.46782684326172,0.9999688863754272,89.20243072509766,1031.8948974609375,0.999816358089447,1019.0928344726562,1019.5145263671875,0.9990593791007996,336.5004577636719,497.78759765625,0.9981162548065186,332.5689697265625,611.4778442382812,0.9975060820579529,278.1316833496094,550.849609375,0.9994606375694275,386.57989501953125,557.592041015625,0.9958588480949402,718.061279296875,499.47039794921875,0.9943615198135376,753.42138671875,717.8992309570312,0.9998799562454224,693.1930541992188,591.0303955078125,0.9905648231506348,785.8479614257812,568.8812255859375,0.8959594964981079,25.007556915283203,138.98439025878906,0.04371951147913933,-0.14479780197143555,174.0452117919922,0.36327260732650757,8.970819473266602,193.62484741210938,0.8371001482009888,97.98963165283203,231.49798583984375,0.7775938510894775,29.286684036254883,263.3349914550781,0.5432970523834229,80.35711669921875,154.2747039794922,0.8033483624458313,112.40484619140625,280.7076416015625,0.5287014842033386,153.8419189453125,192.10385131835938,0.9864767789840698,196.7539520263672,237.26205444335938,0.992391049861908,343.35205078125,254.6122283935547,0.9711014032363892,495.90216064453125,280.895751953125,0.9740522503852844
1874,79.40808868408203,375.9642028808594,0.9502810835838318,994.4275512695312,82.69766235351562,0.9998534917831421,90.69740295410156,1029.5557861328125,0.9998502731323242,1019.7177124023438,1020.1844482421875,0.998636782169342,337.9981994628906,498.12042236328125,0.9993083477020264,333.49957275390625,611.2996215820312,0.9967175126075745,278.42608642578125,550.1400146484375,0.9989987015724182,388.24505615234375,557.696533203125,0.9961816072463989,716.9092407226562,498.8645324707031,0.9972196817398071,754.7217407226562,718.0806884765625,0.9999234676361084,693.9364013671875,590.92041015625,0.9930944442749023,786.6513061523438,572.1158447265625,0.848048985004425,81.00141906738281,121.16451263427734,0.16426655650138855,29.673961639404297,138.89390563964844,0.8101312518119812,51.68476867675781,152.66831970214844,0.9319949746131897,98.08110809326172,214.09422302246094,0.9878221154212952,25.90631866455078,177.24244689941406,0.8549747467041016,89.50640869140625,140.38189697265625,0.6789725422859192,125.177734375,278.4167785644531,0.9177932143211365,156.87620544433594,190.63653564453125,0.9826289415359497,206.07762145996094,239.33836364746094,0.9912864565849304,349.15960693359375,253.99127197265625,0.9912603497505188,497.59527587890625,283.8208923339844,0.97713303565979
1875,88.13907623291016,113.74449920654297,0.9154688119888306,995.7537841796875,83.31488800048828,0.9999618530273438,89.67509460449219,1030.7373046875,0.9997585415840149,1022.452392578125,1020.2223510742188,0.9977471232414246,338.41619873046875,498.27728271484375,0.9990569949150085,332.41522216796875,610.1279907226562,0.9971428513526917,278.22796630859375,549.7228393554688,0.9989824891090393,387.07183837890625,558.5349731445312,0.9964847564697266,715.8953857421875,498.7999267578125,0.9975659847259521,754.1690063476562,717.04736328125,0.9998931884765625,692.9573974609375,587.3436889648438,0.9951706528663635,786.1845092773438,571.7418823242188,0.833946168422699,81.46456909179688,123.11296081542969,0.0613446868956089,3.801762580871582,165.16526794433594,0.25496530532836914,13.025016784667969,179.5594940185547,0.8182027339935303,105.83497619628906,215.8801727294922,0.9823384881019592,36.899559020996094,248.8658905029297,0.9701693654060364,79.71490478515625,139.0861053466797,0.7737847566604614,128.76675415039062,278.9387512207031,0.9632507562637329,160.75234985351562,187.44549560546875,0.9791785478591919,205.63980102539062,236.1988983154297,0.9948811531066895,349.44757080078125,254.38143920898438,0.9901838898658752,487.64605712890625,275.6081237792969,0.9802709817886353
1876,79.62608337402344,365.2355651855469,0.9869749546051025,995.12548828125,82.40602111816406,0.9998729228973389,88.68839263916016,1030.758544921875,0.9997531771659851,1019.6610107421875,1018.348388671875,0.9994174242019653,338.1776428222656,498.35516357421875,0.99897301197052,331.1660461425781,611.3960571289062,0.9980074763298035,278.54803466796875,550.5352783203125,0.998928964138031,386.8229064941406,558.0687866210938,0.9936121106147766,717.4921264648438,498.3074645996094,0.9938297867774963,754.9624633789062,718.1492309570312,0.9998921155929565,692.5310668945312,589.400146484375,0.9900233149528503,786.2965087890625,581.5077514648438,0.9084483981132507,1.1820294857025146,132.98390197753906,0.15337632596492767,8.026052474975586,172.08641052246094,0.39321544766426086,29.259090423583984,180.79190063476562,0.6668347120285034,102.48867797851562,211.92617797851562,0.9923856258392334,34.18800735473633,241.69224548339844,0.8614860773086548,72.010986328125,140.3107452392578,0.8566847443580627,126.5632553100586,273.18145751953125,0.9805684089660645,153.14840698242188,186.921142578125,0.9734756350517273,207.95541381835938,233.61395263671875,0.988847017288208,347.0213317871094,253.91629028320312,0.9938129186630249,493.7345275878906,280.446044921875,0.9474449157714844
1877,79.4640884399414,365.409423828125,0.9902520179748535,997.1968994140625,84.05176544189453,0.9999022483825684,89.85911560058594,1031.89013671875,0.999649167060852,1022.3997192382812,1017.8359985351562,0.9983799457550049,338.027099609375,498.34619140625,0.998986542224884,331.94793701171875,610.6674194335938,0.9971327781677246,278.2880859375,550.68212890625,0.9987131357192993,387.4078063964844,558.3970947265625,0.9912296533584595,717.0805053710938,499.1339111328125,0.9976537823677063,754.4595947265625,718.6860961914062,0.9998700618743896,692.7991943359375,588.89990234375,0.9949313998222351,786.2905883789062,575.2579345703125,0.905270516872406,0.01664257049560547,117.81417083740234,0.07215084880590439,5.859935283660889,164.6204071044922,0.7311456799507141,24.76666259765625,175.23915100097656,0.8464604020118713,99.88021087646484,208.8347930908203,0.9971451163291931,23.83587074279785,235.49957275390625,0.935938835144043,68.67752838134766,142.60154724121094,0.8121001720428467,124.60335540771484,277.16845703125,0.9453805088996887,154.04881286621094,181.7575225830078,0.9766136407852173,210.33555603027344,232.59202575683594,0.9983318448066711,349.6839599609375,254.073486328125,0.9824284911155701,493.5480651855469,280.41015625,0.9832815527915955
1878,80.13445281982422,369.4034423828125,0.990611732006073,996.6229858398438,82.1333236694336,0.9999468326568604,89.3783950805664,1030.4071044921875,0.9998270869255066,1022.8778076171875,1019.187744140625,0.9993075132369995,339.10882568359375,498.8700866699219,0.9989883303642273,331.6572570800781,611.921875,0.9984525442123413,278.25799560546875,550.9802856445312,0.9987664222717285,387.1083068847656,559.0147705078125,0.9931014776229858,719.3688354492188,499.13177490234375,0.997884213924408,754.3768920898438,717.916259765625,0.9999103546142578,694.0326538085938,590.537353515625,0.9906747937202454,786.7003784179688,572.3778076171875,0.9361382722854614,1.4841740131378174,115.87367248535156,0.06331151723861694,1.947066307067871,161.2662811279297,0.5352762937545776,14.076260566711426,172.479248046875,0.7400421500205994,94.55021667480469,210.821533203125,0.9965729713439941,12.384857177734375,229.72303771972656,0.9529269933700562,51.73091125488281,131.37571716308594,0.9096922874450684,119.23818969726562,275.7432556152344,0.9370948672294617,144.09384155273438,177.49191284179688,0.9703466296195984,205.2572479248047,231.98895263671875,0.9955316781997681,340.4885559082031,253.48773193359375,0.9164120554924011,494.6891174316406,280.64141845703125,0.9692502617835999
1879,82.42222595214844,116.16790771484375,0.7731980681419373,995.5435791015625,84.03206634521484,0.9999618530273438,88.03593444824219,1029.240966796875,0.9997459053993225,1020.1890869140625,1019.4682006835938,0.9988290667533875,338.1122131347656,498.6764221191406,0.9985325336456299,331.93096923828125,612.3176879882812,0.9970640540122986,278.0078430175781,551.1344604492188,0.9990886449813843,387.81842041015625,558.8739624023438,0.9922856092453003,719.5419921875,499.361328125,0.997653067111969,754.5087280273438,717.987548828125,0.9999001026153564,693.1644287109375,590.157958984375,0.989945113658905,786.488037109375,572.594970703125,0.9496707320213318,1.6255712509155273,117.93917846679688,0.17769873142242432,7.083683490753174,138.6548309326172,0.6255558729171753,12.813997268676758,158.5625,0.5202436447143555,92.92951202392578,210.16636657714844,0.9868925213813782,4.306069374084473,229.4766387939453,0.60908043384552,61.46156692504883,142.47604370117188,0.5279368162155151,120.59642791748047,275.87359619140625,0.9797102212905884,142.19105529785156,178.40211486816406,0.9780157208442688,201.9722900390625,229.53662109375,0.9981070756912231,329.3476257324219,253.58819580078125,0.9490303993225098,488.9205627441406,280.234375,0.38820523023605347
1880,79.15908813476562,365.2377014160156,0.9866482615470886,995.4606323242188,84.15574645996094,0.9999631643295288,89.37210083007812,1030.5389404296875,0.9997734427452087,1021.94140625,1019.4237670898438,0.9986506104469299,338.038330078125,498.50439453125,0.9988303780555725,331.5070495605469,612.0809326171875,0.9976981282234192,277.80963134765625,551.4927368164062,0.9990659356117249,387.0779113769531,559.6514892578125,0.9940184354782104,717.69970703125,498.1417236328125,0.9970893263816833,753.3716430664062,717.8070068359375,0.9998658895492554,692.186279296875,590.0714721679688,0.9943682551383972,787.096923828125,576.3690795898438,0.9635663032531738,0.7002768516540527,113.2943344116211,0.1420873999595642,4.025172233581543,141.14341735839844,0.6446097493171692,9.673746109008789,164.01402282714844,0.6286060214042664,88.83198547363281,213.69900512695312,0.9976217150688171,0.22690343856811523,227.1992645263672,0.21499323844909668,62.12934494018555,139.59312438964844,0.9121852517127991,121.60527038574219,277.7779846191406,0.993194580078125,142.9902801513672,179.87648010253906,0.9803439378738403,194.6011199951172,230.27963256835938,0.9938487410545349,326.4302978515625,254.0768585205078,0.9878360629081726,488.9083557128906,282.0672912597656,0.5725787878036499
1881,78.25411987304688,362.0917053222656,0.9892494678497314,997.9053955078125,82.2625503540039,0.9998900890350342,89.5582275390625,1030.015380859375,0.9996131062507629,1023.243896484375,1019.126220703125,0.9987102746963501,338.1688232421875,498.30126953125,0.9982730150222778,331.71685791015625,611.4092407226562,0.9967029690742493,277.9000549316406,550.108154296875,0.9990494847297668,386.8510437011719,558.8768920898438,0.9936431646347046,717.7621459960938,498.6688537597656,0.9929850697517395,754.2066650390625,717.8487548828125,0.9998986721038818,692.6441040039062,591.0015258789062,0.9943947792053223,786.978759765625,576.3917846679688,0.9741517901420593,1.3063349723815918,101.84143829345703,0.10152983665466309,3.8439276218414307,119.88353729248047,0.4962349832057953,8.449811935424805,161.7430419921875,0.5626325607299805,90.25314331054688,213.684814453125,0.9989468455314636,3.5444209575653076,231.41619873046875,0.7957117557525635,34.56867599487305,115.62779235839844,0.830868124961853,120.0457763671875,275.86444091796875,0.9966709017753601,142.5437469482422,177.19723510742188,0.9906833171844482,192.71737670898438,228.97933959960938,0.9956106543540955,337.18121337890625,254.42684936523438,0.9902365803718567,485.6398620605469,282.98974609375,0.257436603307724
1882,77.64947509765625,359.57427978515625,0.9556120038032532,995.7009887695312,81.86967468261719,0.9999274015426636,89.31705474853516,1030.4068603515625,0.999816358089447,1022.0828857421875,1018.9873657226562,0.9991705417633057,336.7418518066406,498.2458190917969,0.9987673759460449,332.1717834472656,611.0237426757812,0.9986026883125305,277.9615783691406,550.6704711914062,0.9993129968643188,387.2825012207031,558.9299926757812,0.994297206401825,718.3670043945312,497.48956298828125,0.9965837001800537,754.0363159179688,718.3770751953125,0.9998239874839783,690.2147216796875,589.8705444335938,0.9933750033378601,788.1688232421875,579.5855712890625,0.9478053450584412,0.9634044170379639,137.4763946533203,0.02323651872575283,3.1940178871154785,125.18524169921875,0.2533172369003296,9.691164016723633,174.12315368652344,0.5883604288101196,92.81998443603516,207.29476928710938,0.9762394428253174,8.424116134643555,230.38706970214844,0.9774267673492432,67.46428680419922,140.86477661132812,0.6092480421066284,118.92140197753906,274.3730773925781,0.9927182197570801,141.08360290527344,172.5355682373047,0.9502455592155457,193.63482666015625,228.88270568847656,0.9935182929039001,338.5484619140625,255.7506866455078,0.9878498911857605,483.11883544921875,278.5767822265625,0.5387778878211975
1883,78.50131225585938,360.06512451171875,0.9723968505859375,995.6987915039062,82.5941390991211,0.9999555349349976,90.228515625,1030.745849609375,0.9998437166213989,1022.5311889648438,1019.2227172851562,0.9990411400794983,337.4493713378906,498.5194091796875,0.9989181756973267,331.46075439453125,611.8262329101562,0.9985837936401367,278.0949401855469,550.0362548828125,0.9994418025016785,387.3618469238281,559.990966796875,0.9947532415390015,715.8453979492188,499.368408203125,0.996416449546814,754.4329833984375,717.6484375,0.9998713731765747,691.1819458007812,591.247314453125,0.9947033524513245,785.0792846679688,569.7205200195312,0.8991619348526001,2.4261255264282227,101.6201171875,0.010203495621681213,2.3846163749694824,149.70005798339844,0.630286693572998,18.034351348876953,165.44139099121094,0.84939044713974,88.94815063476562,206.42588806152344,0.9938561320304871,8.889432907104492,224.30564880371094,0.9715377688407898,34.33984375,119.26915740966797,0.5890985727310181,116.54325866699219,269.4708251953125,0.9926124811172485,141.8209686279297,172.18409729003906,0.9890975952148438,192.51451110839844,228.17662048339844,0.9946198463439941,330.3194580078125,253.8904266357422,0.9609090089797974,492.8563232421875,281.3561096191406,0.8384214639663696
1884,78.89390563964844,360.50927734375,0.933397114276886,994.5106201171875,82.21125030517578,0.9998843669891357,89.27934265136719,1029.709716796875,0.9997937083244324,1020.5352172851562,1019.467041015625,0.9988330006599426,338.0769348144531,498.27978515625,0.9989099502563477,331.2484436035156,610.2815551757812,0.9986435770988464,278.1412048339844,549.4081420898438,0.9993529915809631,386.59661865234375,558.3842163085938,0.9948187470436096,715.9471435546875,499.73016357421875,0.9980968832969666,753.1097412109375,717.2891845703125,0.9998922348022461,690.0338745117188,588.4736328125,0.9948273301124573,782.4337158203125,570.416748046875,0.902681291103363,2.2210426330566406,99.63029479980469,0.09912800788879395,-0.07399892807006836,148.60044860839844,0.4487778842449188,11.930098533630371,168.71778869628906,0.6634347438812256,91.89787292480469,202.97723388671875,0.9967496395111084,10.91894817352295,223.90252685546875,0.8995620608329773,56.17848205566406,134.51585388183594,0.4763067662715912,121.00247192382812,269.90423583984375,0.9972072243690491,144.35667419433594,173.42315673828125,0.8508712649345398,194.63955688476562,228.75637817382812,0.998044490814209,335.60736083984375,256.24822998046875,0.9932088255882263,494.4144287109375,279.7652893066406,0.9550427198410034
1885,78.04134368896484,356.5603332519531,0.9593256115913391,997.1782836914062,84.9396743774414,0.9998538494110107,88.86748504638672,1030.8087158203125,0.9998602867126465,1020.2640380859375,1019.0899658203125,0.998953104019165,337.4124450683594,498.2568359375,0.9989840388298035,332.3399963378906,611.734375,0.9988790154457092,277.8358459472656,549.7483520507812,0.9992863535881042,385.8844909667969,557.136962890625,0.9968785047531128,715.0462036132812,500.0305480957031,0.98338782787323,753.37109375,718.0030517578125,0.9998156428337097,690.46435546875,590.2739868164062,0.9947746396064758,783.6808471679688,568.8528442382812,0.8533200621604919,2.4023516178131104,99.5720443725586,0.03347909078001976,1.996391773223877,148.28602600097656,0.6247398853302002,19.573822021484375,161.911865234375,0.8193919062614441,86.89228820800781,201.27540588378906,0.9505475759506226,12.805191993713379,225.84271240234375,0.9160274863243103,54.562129974365234,130.69874572753906,0.8793666362762451,120.65880584716797,267.33001708984375,0.9772863984107971,142.53079223632812,173.6467742919922,0.9668863415718079,196.70843505859375,229.01148986816406,0.9984543323516846,341.22113037109375,257.8083801269531,0.9963470101356506,424.6831970214844,483.50927734375,0.23816755414009094
1886,78.56083679199219,359.5378112792969,0.9830993413925171,994.9309692382812,83.04853820800781,0.9999282360076904,89.60812377929688,1030.7314453125,0.9997232556343079,1020.4672241210938,1020.5056762695312,0.9986407160758972,338.70281982421875,498.4264221191406,0.9990636706352234,331.3507385253906,611.6654052734375,0.9988357424736023,277.2408142089844,548.7772827148438,0.9993419051170349,387.0415954589844,558.3475952148438,0.995608389377594,714.4898681640625,498.29815673828125,0.9895231127738953,752.8037719726562,717.5942993164062,0.9998248219490051,692.5556640625,589.0861206054688,0.9966908693313599,786.4814453125,570.3045043945312,0.8885586857795715,1.30684494972229,102.16240692138672,0.10869097709655762,5.104837417602539,125.62039184570312,0.30040836334228516,9.999746322631836,154.7596893310547,0.36488962173461914,88.92815399169922,200.31277465820312,0.9966860413551331,13.116429328918457,230.51071166992188,0.8629171848297119,63.631988525390625,130.8492431640625,0.7483726739883423,117.39496612548828,269.0379333496094,0.9846245050430298,142.08621215820312,171.94117736816406,0.96488356590271,196.7819366455078,228.7273406982422,0.9982398748397827,344.03790283203125,257.9130554199219,0.9968909621238708,495.8420104980469,279.4939880371094,0.9876011610031128
1887,79.98641204833984,361.66961669921875,0.986829936504364,996.7329711914062,83.04907989501953,0.9997301697731018,89.76921844482422,1030.9356689453125,0.9997770190238953,1023.7681884765625,1020.4081420898438,0.998982846736908,337.8478698730469,498.8868713378906,0.999212384223938,331.0146179199219,611.05224609375,0.9984400868415833,277.5835266113281,549.772705078125,0.9994698166847229,387.5560607910156,556.9483642578125,0.9963082671165466,715.440673828125,499.1231689453125,0.9967993497848511,753.2294921875,718.0142822265625,0.9998955726623535,691.7328491210938,591.2025146484375,0.9963929057121277,785.273681640625,571.1435546875,0.9312828183174133,3.3487324714660645,115.14460754394531,0.04199054092168808,6.285219192504883,124.71709442138672,0.3984845280647278,10.994791030883789,168.5551300048828,0.7078065276145935,85.52330017089844,203.6982421875,0.9961475133895874,10.325939178466797,225.72862243652344,0.9005077481269836,64.58087921142578,137.77919006347656,0.4667752683162689,117.98322296142578,271.4353332519531,0.9846994280815125,135.82037353515625,172.31906127929688,0.9223591089248657,193.7350311279297,228.007568359375,0.9954968690872192,343.71966552734375,257.8594055175781,0.9855839014053345,496.6757507324219,280.43603515625,0.9856739640235901
1888,78.22744750976562,360.3858947753906,0.9786645770072937,996.0816040039062,83.09268951416016,0.9998900890350342,89.92723846435547,1030.9000244140625,0.9997459053993225,1022.10791015625,1019.1603393554688,0.9986311793327332,338.25244140625,498.4965515136719,0.9993764758110046,332.4380187988281,610.8211059570312,0.9983813762664795,277.5628967285156,549.6724853515625,0.999030351638794,387.8236389160156,556.97705078125,0.9946354031562805,715.9105834960938,499.6868896484375,0.9946721196174622,754.2360229492188,717.7166748046875,0.9999237060546875,690.415771484375,591.0352783203125,0.9972943663597107,783.6734008789062,569.7916259765625,0.9222881197929382,2.2539985179901123,114.3827896118164,0.034225523471832275,-0.9544878005981445,159.6059112548828,0.38320714235305786,15.102262496948242,171.18931579589844,0.7116213440895081,85.18315124511719,204.42051696777344,0.9796962738037109,10.818151473999023,223.67303466796875,0.963044285774231,33.19200897216797,124.96076965332031,0.6669837832450867,121.46980285644531,271.92535400390625,0.9893386363983154,142.39259338378906,176.3846435546875,0.9153645038604736,202.64947509765625,227.85084533691406,0.9976765513420105,342.463134765625,258.09246826171875,0.994148850440979,491.84356689453125,275.775146484375,0.9743245244026184
1889,78.62531280517578,356.9859924316406,0.982920229434967,993.8854370117188,83.82201385498047,0.9999089241027832,88.6517333984375,1031.3443603515625,0.9996144771575928,1022.3721313476562,1019.7431640625,0.9987033605575562,340.2744445800781,498.34478759765625,0.9993008375167847,331.3214111328125,610.3256225585938,0.9976394176483154,277.31103515625,547.5075073242188,0.9984643459320068,386.8669128417969,557.8031616210938,0.9955390095710754,713.7348022460938,498.8288269042969,0.997089684009552,754.0929565429688,717.30419921875,0.9998912811279297,691.206787109375,590.5888671875,0.9949378967285156,786.8207397460938,574.900146484375,0.8988577723503113,1.3384051322937012,114.41799926757812,0.0411958172917366,1.1538116931915283,145.8343505859375,0.5125700235366821,13.359000205993652,158.7967987060547,0.694074273109436,96.5965576171875,212.77952575683594,0.9963162541389465,9.04096508026123,215.58892822265625,0.7400078773498535,66.338623046875,131.3842010498047,0.3638838529586792,120.60581970214844,271.5294189453125,0.9875906705856323,147.0496826171875,177.92422485351562,0.9942607879638672,196.9010772705078,228.97508239746094,0.9972230195999146,342.91656494140625,258.2443542480469,0.9947492480278015,491.5389404296875,275.3365173339844,0.9868766069412231
1890,79.44770812988281,355.6228332519531,0.9617065191268921,995.9871215820312,83.0921859741211,0.9997685551643372,90.2978515625,1030.4686279296875,0.9997883439064026,1019.241455078125,1018.6329345703125,0.9987332224845886,339.68328857421875,497.8691101074219,0.9994907379150391,330.846435546875,610.1531372070312,0.9987180233001709,277.5393371582031,548.4539794921875,0.9992766976356506,387.5375671386719,559.9852294921875,0.9950012564659119,717.42626953125,500.0605163574219,0.9988033771514893,753.6627807617188,717.9940185546875,0.999853253364563,691.539794921875,594.0161743164062,0.9976588487625122,785.7892456054688,579.3801879882812,0.9584049582481384,1.7998878955841064,112.11762237548828,0.07437270879745483,2.225310802459717,133.33912658691406,0.3156493902206421,10.026966094970703,148.25181579589844,0.8120759129524231,83.67144012451172,198.9672088623047,0.6239270567893982,3.6465096473693848,216.42861938476562,0.3532307744026184,23.763378143310547,113.12915802001953,0.22973786294460297,119.66856384277344,262.2074890136719,0.8931033611297607,148.88601684570312,180.669677734375,0.9363882541656494,201.25595092773438,228.52847290039062,0.9961856007575989,338.7902526855469,257.3915710449219,0.9903466105461121,496.93121337890625,279.7928161621094,0.9853494763374329
1891,77.78138732910156,353.0303649902344,0.9915542006492615,995.6563110351562,81.63253784179688,0.9998051524162292,90.54768371582031,1030.1578369140625,0.9998196959495544,1016.5357055664062,1019.4312744140625,0.9986993074417114,337.6944274902344,498.2653503417969,0.9988518953323364,332.7645263671875,612.63818359375,0.9974464178085327,278.03759765625,549.8826904296875,0.9990779161453247,386.24444580078125,557.7755737304688,0.9949735403060913,718.9171752929688,499.4105529785156,0.9979665279388428,753.724609375,716.1831665039062,0.9998998641967773,690.3734741210938,591.4298095703125,0.9939075112342834,787.7879638671875,583.8206787109375,0.9807730913162231,22.545459747314453,106.71394348144531,0.41260194778442383,2.8910763263702393,117.14171600341797,0.4514624774456024,14.751468658447266,141.43759155273438,0.42631787061691284,86.82998657226562,197.69044494628906,0.9924112558364868,12.93015193939209,228.19593811035156,0.960328221321106,43.163612365722656,116.20791625976562,0.6488898992538452,112.74431610107422,262.9105224609375,0.9886918067932129,146.94065856933594,172.07485961914062,0.9876701831817627,198.95849609375,227.568115234375,0.9962342381477356,346.9951171875,258.5257568359375,0.993099570274353,498.31256103515625,278.19036865234375,0.99793940782547
1892,85.50408935546875,114.06356811523438,0.962926983833313,995.474609375,85.73960876464844,0.9997979998588562,90.59339141845703,1029.36767578125,0.9998480081558228,1018.3385009765625,1019.8875732421875,0.9989686012268066,338.419677734375,498.04876708984375,0.9991069436073303,331.21063232421875,610.392578125,0.9978106617927551,278.1116943359375,549.601318359375,0.9990726709365845,386.43035888671875,558.90087890625,0.9955801367759705,716.2587890625,498.8270568847656,0.9960107803344727,752.9813232421875,716.7108764648438,0.9998974800109863,690.9990234375,590.8043823242188,0.9915594458580017,786.36279296875,576.9602661132812,0.9369834065437317,18.179521560668945,101.38121795654297,0.3228863477706909,4.280214309692383,144.8477783203125,0.3512999713420868,11.305389404296875,140.3421630859375,0.6404899954795837,93.1321792602539,202.17893981933594,0.9767904281616211,15.531615257263184,230.9548797607422,0.9724738597869873,67.17513275146484,133.69735717773438,0.654573917388916,118.85902404785156,270.2454833984375,0.9560166001319885,144.82647705078125,170.80982971191406,0.9625982046127319,197.43099975585938,227.75389099121094,0.9982759952545166,343.0771484375,257.9272766113281,0.9921437501907349,496.9403991699219,278.700927734375,0.9781142473220825
1893,89.91618347167969,113.85637664794922,0.9377853274345398,995.7501220703125,84.47713470458984,0.9998773336410522,89.34882354736328,1030.16015625,0.9997528195381165,1020.0576782226562,1020.9791259765625,0.997986912727356,338.9495849609375,498.56207275390625,0.9991599321365356,330.9975891113281,610.6552734375,0.9983585476875305,277.90380859375,549.0160522460938,0.9993577599525452,387.17181396484375,558.702392578125,0.9959369897842407,716.9588623046875,498.154541015625,0.9961464405059814,753.8397216796875,716.7310791015625,0.9999104738235474,692.6304931640625,588.4632568359375,0.9949423670768738,787.53955078125,581.1552124023438,0.9409867525100708,39.14505386352539,100.90217590332031,0.011370458640158176,3.6371874809265137,116.71018981933594,0.25326526165008545,4.397994518280029,125.16939544677734,0.4439530372619629,87.51190185546875,193.13748168945312,0.971825361251831,11.846844673156738,210.8544921875,0.942707359790802,33.41880798339844,101.53379821777344,0.5897228717803955,115.59384155273438,261.1437072753906,0.9930768013000488,149.8549041748047,175.2399139404297,0.9846299290657043,199.62513732910156,227.3258514404297,0.9979707598686218,344.6917724609375,258.0335998535156,0.9970177412033081,494.6197814941406,276.41986083984375,0.9963682889938354
1894,80.14964294433594,347.5599060058594,0.8966549634933472,993.3988647460938,84.69388580322266,0.9999222755432129,92.38685607910156,1029.4991455078125,0.9996415376663208,1019.395263671875,1020.5740966796875,0.9988170862197876,338.0306396484375,498.1150817871094,0.9987826943397522,331.5043640136719,610.173828125,0.9981807470321655,277.3309326171875,548.2014770507812,0.9993904829025269,387.6825866699219,557.7640380859375,0.9949411153793335,715.826171875,499.92791748046875,0.9957472681999207,753.8652954101562,717.4196166992188,0.9998968839645386,692.9099731445312,589.9577026367188,0.9947521686553955,787.3046264648438,574.6505737304688,0.9504144787788391,3.4773952960968018,103.8326644897461,0.049076732248067856,10.534998893737793,112.53058624267578,0.6736887693405151,21.60941505432129,134.13717651367188,0.5439794659614563,89.21148681640625,202.53366088867188,0.9812417030334473,18.436182022094727,225.02125549316406,0.8089865446090698,74.359130859375,132.55641174316406,0.34733232855796814,119.51315307617188,266.16998291015625,0.9718371629714966,151.68763732910156,180.8143768310547,0.883277952671051,199.0200958251953,226.45797729492188,0.998727023601532,340.811279296875,254.9057159423828,0.9910434484481812,495.4349365234375,279.18841552734375,0.14676767587661743
1895,95.40715026855469,118.34344482421875,0.9080731272697449,996.4071655273438,84.34307861328125,0.9998699426651001,89.45791625976562,1030.67626953125,0.9996175765991211,1022.592529296875,1020.4951171875,0.9991217255592346,338.7560119628906,498.3294982910156,0.9992333650588989,331.4396667480469,610.4605712890625,0.9986348748207092,278.14678955078125,549.154541015625,0.9993492960929871,387.6940612792969,559.76025390625,0.9967300891876221,716.8162841796875,499.89556884765625,0.9965733289718628,753.8847045898438,718.1682739257812,0.9998258948326111,693.3185424804688,591.6448974609375,0.9964119791984558,784.9564208984375,575.9574584960938,0.8692088723182678,10.931686401367188,85.65065002441406,0.6463614106178284,12.038071632385254,114.4461441040039,0.7195577621459961,31.57530403137207,139.4658660888672,0.8428438305854797,97.45641326904297,205.1636505126953,0.9986242055892944,13.06314468383789,220.86068725585938,0.850516676902771,73.6944580078125,126.91448211669922,0.9694514274597168,117.4848403930664,262.7154846191406,0.995171844959259,157.39208984375,178.65492248535156,0.9844265580177307,208.39871215820312,229.24351501464844,0.9976143836975098,342.8781433105469,257.4815368652344,0.9977350234985352,495.6496887207031,276.34820556640625,0.9879191517829895
1896,83.2833480834961,337.2304382324219,0.563681960105896,994.0891723632812,82.39913940429688,0.9998999834060669,88.91866302490234,1029.8349609375,0.9998642206192017,1022.6644287109375,1020.9505615234375,0.9991059899330139,337.9446105957031,497.91888427734375,0.998857855796814,331.57269287109375,610.025390625,0.9987334609031677,278.1629333496094,549.5569458007812,0.9990637898445129,387.9073486328125,560.339599609375,0.9958600401878357,716.2124633789062,500.366455078125,0.9966212511062622,754.25439453125,717.5387573242188,0.9998087286949158,691.6963500976562,591.6181030273438,0.9929292798042297,784.50537109375,569.8223876953125,0.7733901739120483,5.4615159034729,68.60164642333984,0.4681699872016907,2.094167709350586,93.83797454833984,0.5027990937232971,15.418495178222656,125.86106872558594,0.6569042205810547,100.70011138916016,208.71780395507812,0.9802623987197876,10.668961524963379,210.03549194335938,0.42863333225250244,60.329307556152344,117.58231353759766,0.9703658223152161,121.38447570800781,268.626220703125,0.9941948056221008,153.9154510498047,175.9719696044922,0.990780770778656,210.59271240234375,229.4410858154297,0.9931743741035461,348.7971496582031,258.6634826660156,0.99727863073349,494.07177734375,273.9991760253906,0.9719279408454895
1897,82.61419677734375,325.5897216796875,0.26234307885169983,994.9384765625,83.06360626220703,0.9997988343238831,88.4363784790039,1029.596435546875,0.9998608827590942,1022.2482299804688,1020.1881713867188,0.9992972612380981,339.4840087890625,498.14544677734375,0.9983306527137756,331.28704833984375,611.2959594726562,0.9987221360206604,278.61553955078125,548.7297973632812,0.9989396929740906,387.5897521972656,560.325927734375,0.9955286383628845,714.4196166992188,500.8100891113281,0.9955276846885681,754.664306640625,717.8499755859375,0.9996364116668701,693.3591918945312,592.5066528320312,0.9958441853523254,781.962646484375,571.6203002929688,0.8003838062286377,8.070281982421875,155.8790740966797,0.08366936445236206,5.644688606262207,154.5547637939453,0.2672227919101715,27.595020294189453,143.06570434570312,0.222530797123909,97.65243530273438,202.50872802734375,0.6800002455711365,14.730646133422852,205.96351623535156,0.9570859670639038,48.63745880126953,107.3813247680664,0.7867251634597778,123.5290298461914,265.054931640625,0.8762442469596863,149.3677978515625,170.99334716796875,0.9499414563179016,205.14053344726562,230.2515411376953,0.98415607213974,344.8611755371094,257.3753967285156,0.9981845021247864,487.5281677246094,269.5601501464844,0.9509080052375793
1898,82.94071960449219,314.8821105957031,0.5624686479568481,994.6334838867188,82.00375366210938,0.9998321533203125,88.96455383300781,1030.608154296875,0.999729573726654,1022.3916625976562,1020.2085571289062,0.9989251494407654,337.9483947753906,498.0420227050781,0.9986818432807922,333.0657958984375,610.7899169921875,0.9984098672866821,277.6651916503906,549.7850952148438,0.99899822473526,387.4916076660156,557.9408569335938,0.9942020773887634,716.426513671875,500.1501159667969,0.996048629283905,754.4445190429688,716.9205322265625,0.9998279809951782,692.8953857421875,590.8211059570312,0.9900246858596802,784.03857421875,567.7510986328125,0.9547165036201477,3.6489219665527344,1.7776782512664795,0.06028009578585625,2.0382444858551025,11.62084674835205,0.45910149812698364,34.28042221069336,134.95599365234375,0.6594130992889404,103.17835235595703,192.67251586914062,0.9955394864082336,18.23839569091797,197.45497131347656,0.9353936314582825,56.73249816894531,94.35196685791016,0.8559707403182983,124.1051025390625,269.8957824707031,0.9572432637214661,149.06491088867188,168.2173309326172,0.9818392992019653,205.82032775878906,227.32749938964844,0.9978051781654358,345.940673828125,257.4521484375,0.9981824159622192,489.1465148925781,271.4038391113281,0.9540473222732544
1899,83.0014877319336,313.0210876464844,0.6311191320419312,991.6761474609375,82.21771240234375,0.9999037981033325,89.93657684326172,1031.0697021484375,0.9997146725654602,1023.0516967773438,1020.417236328125,0.9995310306549072,337.3492126464844,497.9934997558594,0.9988139867782593,331.42578125,610.0868530273438,0.9976014494895935,277.78924560546875,550.5895385742188,0.9996055960655212,387.328857421875,558.7906494140625,0.9951825737953186,717.8783569335938,500.48236083984375,0.9974676370620728,753.9518432617188,717.5723266601562,0.9998273253440857,694.6098022460938,592.011962890625,0.993691086769104,785.6156616210938,572.16650390625,0.9522075653076172,3.8804330825805664,1.707533359527588,0.09158827364444733,2.155550479888916,9.4198579788208,0.2959771454334259,25.88561248779297,127.54292297363281,0.3071949779987335,96.67615509033203,185.49368286132812,0.9860475063323975,10.33835220336914,196.34597778320312,0.9603596329689026,58.755462646484375,96.62010955810547,0.6395435929298401,117.2132568359375,263.1950988769531,0.9390941858291626,151.3601531982422,166.67098999023438,0.9509938359260559,202.83644104003906,225.4717559814453,0.9927483201026917,341.7264709472656,257.6741027832031,0.9984843134880066,490.4445495605469,273.35052490234375,0.9862120151519775
1900,84.7218017578125,314.7627868652344,0.6118534207344055,993.3094482421875,83.01673889160156,0.9995784163475037,89.8367691040039,1030.267333984375,0.9997921586036682,1022.3602294921875,1021.9193725585938,0.9985958933830261,338.7154235839844,498.7093811035156,0.998830258846283,331.8711853027344,609.6666259765625,0.9976354837417603,277.7919616699219,550.1597290039062,0.9994101524353027,387.0996398925781,558.5055541992188,0.9964866638183594,716.5963134765625,499.7331237792969,0.9894979000091553,752.4711303710938,716.4271850585938,0.9998515844345093,691.5814208984375,592.4100952148438,0.9921804666519165,784.5208740234375,571.0491333007812,0.9396777153015137,1.9910035133361816,2.835268497467041,0.038892168551683426,-0.3681011199951172,95.78845977783203,0.057452648878097534,22.751968383789062,110.58351135253906,0.4341663122177124,75.35525512695312,171.7900390625,0.8909751772880554,5.588784217834473,198.02609252929688,0.6184993982315063,53.862022399902344,88.21749114990234,0.6902307868003845,117.22502899169922,258.9678649902344,0.687488317489624,144.67022705078125,164.96897888183594,0.879932165145874,203.29588317871094,226.7892303466797,0.9952810406684875,339.60321044921875,257.3533020019531,0.9982737302780151,497.98443603515625,275.90625,0.976434588432312
1901,111.41629791259766,115.697021484375,0.5701956152915955,993.0485229492188,84.48210906982422,0.9994506239891052,89.21343231201172,1030.4893798828125,0.9998005032539368,1022.3720703125,1020.5730590820312,0.9993278980255127,338.10772705078125,497.951171875,0.9982041120529175,331.6107482910156,609.52587890625,0.9981492757797241,277.95159912109375,549.0042114257812,0.999006450176239,387.24365234375,557.7129516601562,0.9933753609657288,716.7853393554688,500.274169921875,0.9957098960876465,753.2191162109375,716.0401000976562,0.9999064207077026,691.8722534179688,592.15771484375,0.9943590760231018,783.7354125976562,573.2235717773438,0.9452196359634399,2.0316669940948486,2.2446229457855225,0.03914783522486687,-0.8430166244506836,115.76360321044922,0.2158966213464737,11.4263277053833,144.1387481689453,0.7936424612998962,94.55978393554688,194.9154052734375,0.9901784658432007,7.252011775970459,209.47398376464844,0.729572057723999,56.93272399902344,101.24612426757812,0.978923499584198,113.30195617675781,261.4788513183594,0.8903272151947021,148.26564025878906,166.0693359375,0.9972326159477234,203.39492797851562,227.26573181152344,0.9984982013702393,341.61883544921875,257.3026123046875,0.9939433932304382,499.5401916503906,277.0397644042969,0.9741384387016296
1902,80.00714111328125,355.4481201171875,0.9838300347328186,994.38720703125,85.98389434814453,0.9996705055236816,89.19281768798828,1030.4239501953125,0.999760091304779,1023.0122680664062,1019.6019897460938,0.9993599057197571,338.27593994140625,498.0903015136719,0.9990146160125732,332.03631591796875,610.2625122070312,0.9987442493438721,277.8937072753906,550.2047119140625,0.9994778037071228,388.37017822265625,558.7111206054688,0.9951163530349731,717.5479736328125,499.716064453125,0.9977540373802185,753.515380859375,715.2125244140625,0.9999257326126099,692.9833984375,592.917236328125,0.9944168329238892,784.5076904296875,571.7256469726562,0.9229831695556641,4.0047783851623535,90.21802520751953,0.08641630411148071,6.626527786254883,106.42417907714844,0.23275351524353027,37.64543533325195,137.14260864257812,0.37782612442970276,86.77166748046875,189.289306640625,0.9944052696228027,8.365859031677246,204.3201904296875,0.2780838906764984,67.98284912109375,116.36324310302734,0.9471580982208252,110.23831176757812,267.1820373535156,0.9818222522735596,145.4910125732422,165.22373962402344,0.9858099818229675,198.82598876953125,226.84207153320312,0.996955156326294,339.7889404296875,257.2751159667969,0.9925013184547424,497.1192626953125,277.4249267578125,0.7866771221160889
1903,86.1470947265625,110.12300872802734,0.3635424077510834,995.427978515625,85.54512023925781,0.9997206330299377,89.49578857421875,1030.2384033203125,0.9998297691345215,1022.1270141601562,1019.6597290039062,0.9992998838424683,336.83843994140625,497.56536865234375,0.9990143775939941,333.1159973144531,610.3411865234375,0.9987363219261169,278.0747985839844,549.8251342773438,0.9993879795074463,388.4322204589844,557.332275390625,0.9954519867897034,716.4892578125,500.4492492675781,0.9983670115470886,753.7940063476562,716.40283203125,0.9999274015426636,691.4578857421875,590.7793579101562,0.991184651851654,785.380126953125,568.8532104492188,0.8657609224319458,1.1292264461517334,84.6904525756836,0.08434344083070755,2.1905922889709473,101.44027709960938,0.43715083599090576,7.655341625213623,113.77688598632812,0.43529951572418213,90.78827667236328,198.99363708496094,0.5666683316230774,12.713703155517578,158.49160766601562,0.20799194276332855,49.71000289916992,121.610107421875,0.8499621748924255,118.02538299560547,265.3460998535156,0.9670325517654419,149.7910614013672,171.40650939941406,0.9615065455436707,208.0247802734375,227.466552734375,0.9974060654640198,343.28289794921875,257.8596496582031,0.9883162379264832,499.22454833984375,278.73681640625,0.4053761065006256
1904,88.01136016845703,112.92184448242188,0.887776792049408,995.409423828125,84.40054321289062,0.9998989105224609,89.95965576171875,1028.27783203125,0.9998701810836792,1022.1646728515625,1019.7437133789062,0.9991394281387329,338.9413146972656,498.5647888183594,0.9995191097259521,332.7555847167969,610.5580444335938,0.9984830021858215,277.9524841308594,549.807861328125,0.999245285987854,387.653564453125,557.6732788085938,0.9956194758415222,718.5596313476562,499.51690673828125,0.9969038367271423,753.6541748046875,716.5533447265625,0.999927282333374,692.3646240234375,591.7496337890625,0.9970242381095886,785.473388671875,568.3547973632812,0.7803541421890259,19.791175842285156,111.90904998779297,0.04904208704829216,8.080463409423828,120.2079849243164,0.7959948182106018,19.270259857177734,197.74960327148438,0.5948024988174438,97.56195831298828,200.31224060058594,0.9984196424484253,34.836463928222656,242.39105224609375,0.9793924689292908,75.7254409790039,131.14627075195312,0.6564425230026245,121.02680206298828,269.0044860839844,0.9563491344451904,144.91668701171875,174.1375732421875,0.9852838516235352,204.42813110351562,227.5421142578125,0.9961615800857544,337.9701232910156,257.5411682128906,0.9385257363319397,500.1730651855469,281.6253967285156,0.9763062596321106
1905,87.93824768066406,116.04560852050781,0.3155350387096405,996.007080078125,84.07720184326172,0.9999322891235352,88.64022064208984,1029.841552734375,0.9996477365493774,1022.0384521484375,1019.8914794921875,0.9988498687744141,339.16644287109375,498.32940673828125,0.9993959665298462,332.66241455078125,610.1996459960938,0.9985781908035278,278.19659423828125,548.5772705078125,0.9988853335380554,387.7438049316406,558.138671875,0.9964620471000671,717.9645385742188,499.728271484375,0.9978945851325989,753.297119140625,716.4662475585938,0.9998778104782104,692.6797485351562,593.1613159179688,0.997066080570221,785.3568115234375,575.58740234375,0.8968589901924133,4.960615158081055,191.17849731445312,0.015154622495174408,7.021243572235107,208.5668487548828,0.29214003682136536,38.61491775512695,205.46986389160156,0.9651064872741699,101.4405517578125,199.14877319335938,0.9989147186279297,68.20243072509766,251.0152587890625,0.9867238402366638,33.39772033691406,120.13838958740234,0.6752266883850098,127.30728912353516,266.7399597167969,0.8732461929321289,150.05271911621094,173.61642456054688,0.9948267340660095,207.60533142089844,227.9756317138672,0.9973076581954956,340.5271301269531,257.7522277832031,0.9677228927612305,496.08953857421875,275.6751403808594,0.9783209562301636
1906,87.02378845214844,115.46708679199219,0.9330112338066101,995.531494140625,85.04397583007812,0.9999513626098633,89.39849853515625,1029.9595947265625,0.9998167157173157,1019.1035766601562,1020.2191162109375,0.9988880753517151,339.2268371582031,498.79931640625,0.9995203018188477,330.97454833984375,609.6206665039062,0.9990777969360352,278.1454162597656,548.47412109375,0.9989759922027588,386.8863830566406,558.0191040039062,0.9961258769035339,717.24853515625,500.24566650390625,0.9960467219352722,753.3445434570312,716.135986328125,0.9998776912689209,691.6107177734375,590.70849609375,0.9965115189552307,784.1688842773438,568.87939453125,0.7445116639137268,24.463531494140625,139.23980712890625,0.045180998742580414,4.150244235992432,215.6424102783203,0.4086356461048126,41.51105499267578,217.14637756347656,0.9432660937309265,104.4997787475586,205.69700622558594,0.9970433115959167,50.98309326171875,259.4335021972656,0.9280230402946472,69.47772979736328,136.464599609375,0.3904949724674225,129.19403076171875,264.74017333984375,0.9782137870788574,154.73252868652344,177.3752899169922,0.993749737739563,206.66058349609375,228.4238739013672,0.9995561242103577,344.6533508300781,261.4993591308594,0.8181890845298767,498.90643310546875,279.1661376953125,0.9833232760429382
1907,82.00279235839844,112.96633911132812,0.8830043077468872,997.8396606445312,85.3843765258789,0.9998451471328735,90.47820281982422,1030.714111328125,0.9997485280036926,1019.7901000976562,1017.6475219726562,0.9986585378646851,338.1659851074219,498.8599548339844,0.9992407560348511,330.0916442871094,609.210205078125,0.998674750328064,277.92706298828125,549.5249633789062,0.9990748167037964,386.984375,558.338623046875,0.9965425133705139,716.3604736328125,500.2940673828125,0.9984153509140015,754.02783203125,717.21142578125,0.9999182224273682,692.1839599609375,591.0567626953125,0.992757260799408,782.933349609375,569.0805053710938,0.8465142250061035,1.537830114364624,298.30419921875,0.052365485578775406,5.57728385925293,256.3997497558594,0.30656641721725464,31.070701599121094,229.70176696777344,0.7035016417503357,97.2563705444336,204.33119201660156,0.994703471660614,61.25751495361328,260.1509094238281,0.6074193120002747,72.78855895996094,133.72219848632812,0.5234893560409546,128.18951416015625,272.8824768066406,0.9669000506401062,148.263916015625,173.7008514404297,0.9567482471466064,204.2926025390625,226.27371215820312,0.9983789920806885,346.6139831542969,261.9515380859375,0.9435956478118896,485.5000915527344,273.0213928222656,0.9639202952384949
1908,87.13423919677734,479.42559814453125,0.8165456056594849,995.30908203125,84.56321716308594,0.9999066591262817,89.35423278808594,1030.48291015625,0.9997338652610779,1019.767578125,1020.6749267578125,0.9983137845993042,338.3996887207031,498.6818542480469,0.9993886947631836,330.4118347167969,610.2119750976562,0.9981606602668762,278.102294921875,549.3594360351562,0.9992817044258118,387.69219970703125,558.3012084960938,0.9962747097015381,718.790771484375,499.5580139160156,0.9986605644226074,753.4852294921875,716.0670776367188,0.9998855590820312,692.5007934570312,592.7926025390625,0.9951272010803223,782.704345703125,566.9193725585938,0.889385998249054,1.727081298828125,324.383056640625,0.04153018072247505,22.914134979248047,271.7244873046875,0.523409366607666,34.722347259521484,248.0414276123047,0.9124687314033508,93.52506256103516,191.2812957763672,0.9810185432434082,70.64657592773438,256.76702880859375,0.7303330898284912,76.6223373413086,129.3838653564453,0.2411869615316391,135.6377410888672,262.3608093261719,0.592056393623352,157.5787811279297,169.48199462890625,0.9839545488357544,202.1323699951172,220.80551147460938,0.9879032969474792,344.51959228515625,261.3467102050781,0.9834059476852417,483.3432922363281,271.8087463378906,0.9818306565284729
1909,11.615484237670898,120.69174194335938,0.9199042916297913,993.402587890625,84.06488037109375,0.9996070265769958,90.28748321533203,1029.3984375,0.9998667240142822,1019.727294921875,1020.9341430664062,0.9988759160041809,340.5337829589844,499.6048583984375,0.9994692206382751,329.8266906738281,608.310791015625,0.9984758496284485,278.6429138183594,546.3092041015625,0.9975928664207458,388.0301208496094,558.7298583984375,0.9954321384429932,717.9671020507812,501.1763916015625,0.9976455569267273,753.741455078125,717.3385620117188,0.9999078512191772,693.0576171875,592.1098022460938,0.9957365989685059,781.5580444335938,567.4991455078125,0.933851420879364,192.6169891357422,212.8887176513672,0.06146519258618355,1.9050624370574951,359.45379638671875,0.0904480442404747,37.4919548034668,275.26513671875,0.2625889182090759,104.09980773925781,197.0763397216797,0.8645182251930237,75.24751281738281,286.1053161621094,0.660603940486908,31.69844627380371,246.66946411132812,0.30805131793022156,149.02273559570312,275.4825134277344,0.19009855389595032,154.14407348632812,160.10848999023438,0.46584516763687134,195.9423828125,212.83303833007812,0.9871886372566223,288.08416748046875,240.718505859375,0.6552258133888245,486.3052978515625,271.3804016113281,0.9865921139717102
1910,88.82321166992188,117.63695526123047,0.8872509598731995,994.7548828125,83.35601806640625,0.9997945427894592,89.6481704711914,1030.10205078125,0.9998579025268555,1021.1893920898438,1019.7718505859375,0.9985853433609009,339.466796875,499.28045654296875,0.999494194984436,329.7606201171875,609.6307373046875,0.998815655708313,277.79742431640625,547.6541137695312,0.9988992214202881,386.7439270019531,558.2633666992188,0.9969900846481323,715.6694946289062,501.3819274902344,0.996830403804779,753.8322143554688,716.5424194335938,0.9999080896377563,692.5457763671875,593.15673828125,0.9972938895225525,784.8557739257812,570.4151611328125,0.9204910397529602,7.521221160888672,419.78179931640625,0.16805151104927063,17.438827514648438,392.29876708984375,0.07595159858465195,67.89655303955078,171.7157745361328,0.22775593400001526,96.7255630493164,218.98196411132812,0.5405277013778687,80.81329345703125,345.3519592285156,0.6098538041114807,94.58216857910156,143.82998657226562,0.38319718837738037,162.6938934326172,278.8984375,0.8866788744926453,12.633594512939453,187.1380157470703,0.7625308632850647,201.72235107421875,208.17063903808594,0.8720579743385315,324.377197265625,251.5288543701172,0.9635322093963623,476.20135498046875,264.5092468261719,0.8102787733078003
1911,83.21664428710938,112.66495513916016,0.9993312358856201,994.7242431640625,83.12134552001953,0.9999145269393921,89.60211181640625,1030.287841796875,0.9998114705085754,1021.4043579101562,1019.8582763671875,0.9985939860343933,340.48284912109375,498.233154296875,0.9991143345832825,329.59356689453125,608.8220825195312,0.9972335696220398,277.68072509765625,549.6729125976562,0.9989404082298279,386.3092346191406,559.6098022460938,0.9968492388725281,717.1531982421875,501.0350036621094,0.9965948462486267,753.5704956054688,716.4089965820312,0.9999262094497681,691.7430419921875,593.3834838867188,0.9956215023994446,784.7334594726562,570.534912109375,0.943544864654541,19.044193267822266,506.6328125,0.19012115895748138,4.783161163330078,461.1043701171875,0.10593615472316742,19.815834045410156,441.4140319824219,0.14468400180339813,30.318681716918945,341.9972839355469,0.11683285236358643,73.14900207519531,426.426025390625,0.9477665424346924,111.72169494628906,178.1608428955078,0.15274333953857422,180.21405029296875,257.8459777832031,0.23490583896636963,34.7743034362793,222.78245544433594,0.1285395324230194,201.26451110839844,197.8424835205078,0.003994037862867117,317.7509460449219,240.96607971191406,0.7767484784126282,481.8624267578125,268.22021484375,0.7225211262702942
1912,82.76336669921875,118.3914794921875,0.9997912049293518,992.3370361328125,84.71611785888672,0.9999200105667114,90.86996459960938,1030.126953125,0.9998146891593933,1018.75341796875,1020.001708984375,0.9993756413459778,342.58953857421875,499.7010192871094,0.9988006353378296,330.2934265136719,608.4879150390625,0.9982662796974182,280.16876220703125,553.7725830078125,0.9978965520858765,385.64654541015625,561.350341796875,0.9972587823867798,717.9423828125,499.683349609375,0.9968591928482056,754.6798095703125,716.2416381835938,0.9999428987503052,691.98876953125,595.0101928710938,0.9951348900794983,786.2933959960938,567.8973388671875,0.9159138798713684,51.59563064575195,570.4848022460938,0.875069797039032,48.49409484863281,520.2810668945312,0.5603847503662109,63.98628616333008,450.31683349609375,0.40791717171669006,109.57329559326172,287.0780944824219,0.44166049361228943,112.49690246582031,455.7431945800781,0.684110164642334,21.44602394104004,423.8911437988281,0.020018020644783974,199.8484344482422,291.82989501953125,0.8769289255142212,53.365638732910156,254.86099243164062,0.5254691243171692,162.44708251953125,167.9139862060547,0.9571148157119751,321.3080749511719,243.34483337402344,0.9812694787979126,499.7828674316406,275.64434814453125,0.9514886140823364
1913,84.44486236572266,116.76622772216797,0.9983226656913757,994.5597534179688,84.25870513916016,0.9999617338180542,89.65338134765625,1029.5137939453125,0.9998108744621277,1020.2958984375,1019.931884765625,0.9986593723297119,345.7764587402344,499.7794494628906,0.9965266585350037,325.6942443847656,607.42333984375,0.9989336133003235,282.258056640625,546.4544677734375,0.9988003969192505,385.9072265625,563.7247924804688,0.9974552989006042,719.6588134765625,499.29400634765625,0.9948974251747131,754.7504272460938,716.660888671875,0.9999450445175171,692.970458984375,594.1199951171875,0.9978278279304504,786.5646362304688,572.6414794921875,0.8969188928604126,105.17155456542969,631.3867797851562,0.04143960401415825,88.69457244873047,531.3889770507812,0.7455024719238281,88.93070983886719,508.14385986328125,0.5107166767120361,122.72328186035156,339.2202453613281,0.7969529032707214,154.54510498046875,475.9762878417969,0.7895620465278625,54.62364959716797,460.4414367675781,0.9564831852912903,204.3114776611328,301.72869873046875,0.9873197078704834,78.0135498046875,253.33245849609375,0.5039128661155701,205.88162231445312,214.63124084472656,0.9957394599914551,335.9202880859375,242.2634735107422,0.9895110726356506,497.31793212890625,276.31787109375,0.9144614338874817
1914,85.52711486816406,114.61663055419922,0.997855007648468,996.5449829101562,83.28946685791016,0.9997747540473938,90.40861511230469,1029.6376953125,0.9997749924659729,1019.095703125,1020.232666015625,0.9986761212348938,341.2045593261719,499.4843444824219,0.9971911311149597,330.8861083984375,608.9639892578125,0.9990442395210266,280.08673095703125,550.0568237304688,0.9993016719818115,385.0130920410156,561.9127807617188,0.9967969059944153,721.3882446289062,497.9219665527344,0.9899105429649353,754.8048706054688,717.0291748046875,0.999904990196228,690.288330078125,593.2437744140625,0.9978996515274048,787.135498046875,576.0834350585938,0.9795859456062317,125.03104400634766,695.8883666992188,0.21857842803001404,120.19169616699219,607.1287841796875,0.9738003015518188,120.8592300415039,592.704345703125,0.7232860326766968,133.3186798095703,366.1287536621094,0.5106797218322754,177.8275604248047,530.8307495117188,0.9691172242164612,85.87584686279297,533.3544311523438,0.9910295009613037,208.4374542236328,323.8726501464844,0.8985036611557007,89.9465560913086,284.5980529785156,0.354771226644516,199.26528930664062,230.45448303222656,0.9741929769515991,346.6325988769531,237.05252075195312,0.9929403066635132,490.5280456542969,272.5768127441406,0.4176921248435974
1915,83.60899353027344,114.70799255371094,0.9993738532066345,995.4346313476562,82.37702178955078,0.9998736381530762,89.92807006835938,1030.6436767578125,0.9998358488082886,1017.6092529296875,1019.2014770507812,0.9988411068916321,339.9747314453125,498.8603210449219,0.9983421564102173,330.2310791015625,609.5760498046875,0.9981946349143982,279.69775390625,552.1358032226562,0.9986349940299988,385.624755859375,560.3357543945312,0.9960773587226868,717.4324951171875,499.80877685546875,0.9970892071723938,754.219970703125,717.3406372070312,0.9999281167984009,691.8321533203125,593.5496826171875,0.9979957342147827,785.1926879882812,575.7278442382812,0.9269800782203674,129.13575744628906,734.0925903320312,0.9801719784736633,129.9303436279297,649.60205078125,0.9642931818962097,130.66970825195312,638.4850463867188,0.9283143877983093,133.0471649169922,461.5613098144531,0.9201961159706116,187.80218505859375,576.23779296875,0.9842826724052429,94.3882064819336,582.0773315429688,0.9969733953475952,198.37843322753906,344.5423889160156,0.918918251991272,93.08234405517578,328.9966735839844,0.8243207931518555,167.61837768554688,273.7954406738281,0.9492664933204651,268.69268798828125,215.8329620361328,0.6630945801734924,410.2915344238281,244.84100341796875,0.458523154258728
1916,84.63031005859375,115.79393768310547,0.9997908473014832,995.1156005859375,82.12775421142578,0.9998652935028076,90.5205307006836,1029.3875732421875,0.9997023940086365,1019.8031005859375,1019.1359252929688,0.9991164803504944,338.3840026855469,499.1629333496094,0.9986988306045532,330.8238220214844,608.5291137695312,0.998097836971283,280.0730895996094,550.6992797851562,0.9989393353462219,386.7568054199219,560.7659912109375,0.995104193687439,718.8456420898438,499.8708190917969,0.9936284422874451,754.3474731445312,717.968994140625,0.999848484992981,693.3876953125,591.1795654296875,0.9962480664253235,783.0692138671875,572.427734375,0.87360018491745,115.74991607666016,795.7421264648438,0.6413334012031555,117.05860900878906,735.0419311523438,0.9919450879096985,118.96983337402344,724.8191528320312,0.7986253499984741,127.57752227783203,496.7762451171875,0.9468473196029663,186.31460571289062,625.3382568359375,0.7340459227561951,88.59668731689453,636.9108276367188,0.9736489653587341,185.22940063476562,411.3845520019531,0.06294704973697662,82.08027648925781,406.02362060546875,0.08644429594278336,142.76014709472656,337.8305969238281,0.9829045534133911,294.3758544921875,227.9976348876953,0.8663018941879272,463.1756896972656,236.19090270996094,0.4852873384952545
1917,85.5469741821289,117.2933120727539,0.9979630708694458,997.755615234375,82.18214416503906,0.9998002648353577,89.74534606933594,1030.8941650390625,0.9994789958000183,1021.5004272460938,1020.0252075195312,0.9990758895874023,336.9606018066406,498.9283142089844,0.9988859295845032,332.4739685058594,610.7894287109375,0.9986987113952637,279.22265625,554.2197265625,0.9965742826461792,387.6197204589844,559.529541015625,0.9967665672302246,719.635498046875,499.8733825683594,0.9939362406730652,753.968017578125,716.9776000976562,0.9999204874038696,692.8482055664062,589.6461791992188,0.99788898229599,781.7838745117188,571.0322875976562,0.8451748490333557,100.99787902832031,850.9373779296875,0.7615789771080017,113.31182098388672,775.51123046875,0.998246431350708,117.28718566894531,754.1454467773438,0.9565016031265259,127.94337463378906,590.1234130859375,0.9759206771850586,178.63380432128906,691.127197265625,0.7089326977729797,72.6133041381836,695.0186767578125,0.8778223395347595,189.81822204589844,520.2853393554688,0.9865388870239258,63.9256591796875,528.8109741210938,0.9632581472396851,149.3068084716797,368.296875,0.9442588686943054,242.415771484375,273.3108215332031,0.07720395177602768,384.86029052734375,208.0495147705078,0.996343195438385
1918,84.8440170288086,115.29761505126953,0.998898983001709,994.5560913085938,84.36416625976562,0.9999299049377441,89.62428283691406,1031.14306640625,0.9989826083183289,1020.264892578125,1019.5343627929688,0.9993268251419067,334.70953369140625,498.9939270019531,0.9989612102508545,335.016357421875,610.294921875,0.9988663196563721,278.6297607421875,555.188232421875,0.9989112615585327,386.6481018066406,557.599365234375,0.9973413348197937,718.6204223632812,498.8721008300781,0.9979625940322876,753.665771484375,717.6240844726562,0.9999128580093384,690.7296752929688,592.1236572265625,0.9962649941444397,780.9877319335938,550.57666015625,0.9075509905815125,91.84349822998047,899.1256103515625,0.4581924378871918,107.85128784179688,820.970458984375,0.973809003829956,109.90873718261719,806.524658203125,0.6229022145271301,119.0098648071289,642.1696166992188,0.9849299788475037,176.27059936523438,754.1065063476562,0.5355559587478638,78.5444564819336,746.2603759765625,0.9649477005004883,200.21311950683594,586.6107177734375,0.9917672276496887,70.82279968261719,576.3895874023438,0.9676140546798706,153.953369140625,494.0528869628906,0.9954065084457397,169.48602294921875,372.4430847167969,0.8032919764518738,269.1239013671875,211.58424377441406,0.06164441257715225
1919,84.88794708251953,116.03312683105469,0.9990899562835693,995.8125,82.24551391601562,0.9998224377632141,90.14583587646484,1029.1927490234375,0.9997745156288147,1022.150146484375,1019.2847290039062,0.9982315897941589,331.3609313964844,499.14263916015625,0.9990013241767883,335.74981689453125,609.8103637695312,0.9971122741699219,277.9461975097656,555.68603515625,0.9980133771896362,386.61407470703125,557.54736328125,0.9948747754096985,717.8455200195312,499.76446533203125,0.9963724613189697,754.472412109375,717.591552734375,0.9999226331710815,692.0828857421875,590.5953369140625,0.9958480596542358,781.00439453125,551.2833251953125,0.8710100650787354,101.34864807128906,996.2064208984375,0.1501981019973755,111.66812133789062,911.5888671875,0.8015552759170532,111.38285827636719,888.9592895507812,0.716034471988678,132.60647583007812,690.4191284179688,0.8532580137252808,174.98678588867188,853.3590087890625,0.8891555070877075,84.60108184814453,810.7979125976562,0.9158315062522888,203.09066772460938,596.6251220703125,0.7356939911842346,103.21512603759766,596.8203125,0.11410779505968094,162.80628967285156,534.020751953125,0.9989468455314636,163.6959686279297,409.373291015625,0.9435502290725708,245.3057403564453,251.14553833007812,0.03798110783100128
1920,85.30152130126953,116.17727661132812,0.9973847270011902,995.4414672851562,85.4140625,0.9999117851257324,164.3772430419922,1018.2185668945312,0.21703803539276123,1020.1488647460938,1018.9738159179688,0.9990301132202148,338.53631591796875,499.2623291015625,0.9989896416664124,331.7891540527344,609.8701782226562,0.998498797416687,279.5660400390625,548.3258056640625,0.9993957281112671,386.2864074707031,559.269775390625,0.9945281147956848,713.9071044921875,500.8047180175781,0.9955665469169617,754.2213134765625,717.871337890625,0.9998766183853149,689.7470703125,591.900146484375,0.995545506477356,782.3194580078125,571.6917114257812,0.8452476859092712,87.67890167236328,1043.61767578125,0.844186007976532,108.53247833251953,956.4099731445312,0.9978371262550354,112.60646057128906,934.4102172851562,0.996381402015686,132.84300231933594,763.5814208984375,0.951225757598877,174.8605499267578,884.718994140625,0.9375703930854797,84.2213134765625,880.240966796875,0.9932466745376587,210.1034393310547,665.148681640625,0.9824737906455994,102.04887390136719,639.2972412109375,0.9733855128288269,161.7304229736328,568.811767578125,0.9988446235656738,166.50039672851562,433.5243835449219,0.9200699329376221,197.15223693847656,333.6792907714844,0.3169482350349426
1921,84.3936767578125,117.45320129394531,0.9993688464164734,994.1953735351562,84.45063018798828,0.9998308420181274,172.023681640625,1023.5056762695312,0.930016279220581,1018.9677734375,1019.6452026367188,0.9994992017745972,335.4630432128906,497.9074401855469,0.9991987347602844,335.31781005859375,611.1966552734375,0.997713565826416,279.24200439453125,552.8411254882812,0.999359667301178,386.565185546875,556.5841674804688,0.9964021444320679,714.7950439453125,499.5573425292969,0.9900028705596924,754.2269897460938,716.226318359375,0.999901294708252,691.54296875,594.54248046875,0.9973798394203186,780.055908203125,562.156494140625,0.8913776278495789,70.63404083251953,1052.75244140625,0.8287327885627747,104.33541107177734,968.1803588867188,0.991102933883667,112.64900970458984,939.6930541992188,0.9951286315917969,123.23613739013672,791.8885498046875,0.9309654831886292,174.46067810058594,914.2916870117188,0.7574353218078613,71.0834732055664,900.4849243164062,0.9963891506195068,191.43226623535156,737.508056640625,0.683641791343689,89.76918029785156,695.2332763671875,0.10081741213798523,149.3636932373047,631.7662353515625,0.9991106390953064,178.5338897705078,518.1262817382812,0.29406529664993286,209.7647247314453,331.60400390625,0.9824140667915344
1922,83.9810562133789,116.92664337158203,0.9984868764877319,997.8787231445312,84.14923095703125,0.9998607635498047,190.1470184326172,1026.643798828125,0.9208608865737915,1021.1386108398438,1020.5490112304688,0.9979935884475708,335.2488708496094,497.8682861328125,0.9984251260757446,337.1534118652344,610.4158325195312,0.9973995685577393,277.9790344238281,555.6907348632812,0.996996283531189,388.4638671875,558.9749755859375,0.9935145378112793,715.1065063476562,499.5250244140625,0.9929524064064026,753.169189453125,717.2462768554688,0.9999018907546997,692.3500366210938,593.4426879882812,0.9927212595939636,781.3296508789062,567.736083984375,0.8753702044487,53.76443099975586,1071.8792724609375,0.8540181517601013,102.97794342041016,974.145751953125,0.9992735981941223,103.325439453125,942.9159545898438,0.9741328954696655,132.17987060546875,820.4210205078125,0.9986302852630615,171.88174438476562,944.578125,0.9516168236732483,66.6470718383789,892.8446044921875,0.9718642234802246,213.28858947753906,803.095703125,0.9864548444747925,73.15702819824219,791.12158203125,0.7882394790649414,159.22576904296875,701.4089965820312,0.9930496215820312,160.90472412109375,579.1019287109375,0.9903533458709717,182.53839111328125,398.1197509765625,0.4047545790672302
1923,83.32552337646484,114.83992767333984,0.9989036321640015,997.4666748046875,84.88138580322266,0.9997497200965881,203.43978881835938,1029.2032470703125,0.9976535439491272,1021.363037109375,1018.72802734375,0.9976813793182373,336.2325439453125,498.2480773925781,0.9989340901374817,335.4998779296875,610.4688110351562,0.997323215007782,277.7676086425781,552.5183715820312,0.9970632195472717,388.0956115722656,558.1947631835938,0.9945486187934875,713.0400390625,498.4871826171875,0.990698516368866,754.1961669921875,715.9468383789062,0.9999321699142456,692.4829711914062,591.9716796875,0.9918270111083984,778.750244140625,557.9227294921875,0.8691424131393433,35.05107498168945,1090.683837890625,0.325834721326828,94.36860656738281,995.9834594726562,0.6602691411972046,106.17835998535156,955.8507080078125,0.8441058993339539,149.34732055664062,832.5447387695312,0.9772982001304626,160.5242919921875,964.6468505859375,0.8005201816558838,54.71797561645508,951.116455078125,0.5528113842010498,223.66575622558594,831.8158569335938,0.7850309610366821,103.18875122070312,778.2609252929688,0.7520244121551514,166.37147521972656,725.6580200195312,0.9994977712631226,165.55130004882812,499.4324951171875,0.5257026553153992,180.88075256347656,403.7893981933594,0.8629481792449951
1924,84.1640853881836,115.20620727539062,0.999666690826416,996.4574584960938,86.60311126708984,0.9998854398727417,206.89163208007812,1031.048828125,0.9975882768630981,1021.5046997070312,1021.0858764648438,0.9982037544250488,335.6678771972656,498.2625732421875,0.9990719556808472,334.27301025390625,609.627685546875,0.9982628226280212,278.71563720703125,552.8306274414062,0.9980587363243103,387.3215637207031,557.8643188476562,0.9942763447761536,712.0447998046875,501.6231994628906,0.9912331700325012,753.91357421875,716.6341552734375,0.9999169111251831,694.62841796875,592.7846069335938,0.9956682920455933,778.200439453125,557.3862915039062,0.713829755783081,26.810470581054688,1079.5595703125,0.7683689594268799,76.41527557373047,1011.6385498046875,0.983403742313385,95.36409759521484,971.4871826171875,0.8083418011665344,149.4575653076172,851.0814819335938,0.9944589138031006,141.24073791503906,985.9674072265625,0.9309161305427551,50.202117919921875,954.771240234375,0.5904409885406494,221.31100463867188,847.9176635742188,0.8953489661216736,107.13235473632812,801.19482421875,0.978523850440979,160.2829132080078,745.3848266601562,0.9989493489265442,164.38796997070312,615.2123413085938,0.9588282108306885,179.90780639648438,406.86981201171875,0.9511896371841431
1925,84.21073913574219,115.92405700683594,0.999327540397644,997.939453125,82.42042541503906,0.9999411106109619,208.81297302246094,1025.3905029296875,0.9987624883651733,1020.8458862304688,1020.1450805664062,0.998441755771637,335.7935791015625,498.0506896972656,0.9994170665740967,334.78863525390625,609.6958618164062,0.9978234767913818,277.73138427734375,552.7222900390625,0.9986818432807922,387.37591552734375,556.8604125976562,0.9967384934425354,715.6557006835938,498.74871826171875,0.9958641529083252,754.5917358398438,716.2022094726562,0.9998611211776733,692.838623046875,589.6336059570312,0.9962922930717468,778.9404296875,557.8563232421875,0.7184093594551086,4.8883442878723145,1085.8065185546875,0.12934476137161255,68.66162872314453,1015.722900390625,0.7856111526489258,88.05757141113281,984.5186157226562,0.9368684887886047,145.7682647705078,864.7120971679688,0.9951871633529663,173.12759399414062,960.7034301757812,0.14060203731060028,70.0912857055664,910.93603515625,0.3226127624511719,222.7627716064453,853.1258544921875,0.8664208650588989,106.75435638427734,809.2579345703125,0.976277768611908,156.55702209472656,756.1182250976562,0.999384880065918,161.46177673339844,637.5888671875,0.8714073300361633,168.06338500976562,350.0413818359375,0.2517441511154175
1926,84.39376831054688,115.66244506835938,0.9998503923416138,995.8048706054688,83.49710845947266,0.9999262094497681,208.8866424560547,1027.759521484375,0.9956851005554199,1023.1810913085938,1019.8528442382812,0.9989699125289917,334.8662109375,498.33367919921875,0.9992899894714355,334.48876953125,609.4852294921875,0.9983988404273987,277.72174072265625,554.1624145507812,0.9983023405075073,387.2500305175781,558.4210205078125,0.9952775239944458,716.701416015625,499.0622253417969,0.9968560934066772,754.24169921875,716.0885620117188,0.9999157190322876,690.7471313476562,591.92431640625,0.9829275012016296,781.564697265625,571.7722778320312,0.7453809380531311,4.290380954742432,1088.41943359375,0.04708051308989525,60.28962326049805,1014.5892333984375,0.1487424075603485,79.30498504638672,978.1345825195312,0.9238420724868774,144.26622009277344,874.0137939453125,0.992649257183075,125.24163055419922,993.8865356445312,0.49565768241882324,56.36560821533203,918.7908935546875,0.6664182543754578,220.12037658691406,850.9302978515625,0.9804592132568359,109.1462631225586,812.9058227539062,0.9073843955993652,157.7613983154297,757.4296264648438,0.9991718530654907,159.7436065673828,643.724365234375,0.77490234375,180.43798828125,401.7789306640625,0.3259919583797455
1927,85.47338104248047,115.66101837158203,0.9999312162399292,996.0939331054688,83.7352294921875,0.9999303817749023,206.08787536621094,1027.158203125,0.998343825340271,1022.068603515625,1020.08154296875,0.9987500905990601,335.5308837890625,498.4114990234375,0.9989312291145325,335.1253356933594,609.8941040039062,0.9980629086494446,277.91461181640625,553.9109497070312,0.9988275170326233,387.0520324707031,558.2208862304688,0.9940955638885498,717.2313842773438,499.16973876953125,0.9986560344696045,753.9055786132812,716.9445190429688,0.9998620748519897,691.5193481445312,588.4761962890625,0.9953752160072327,778.1133422851562,558.6945190429688,0.7528125643730164,2.6229124069213867,1084.75927734375,0.08642661571502686,54.1511116027832,1016.9940795898438,0.4658697843551636,62.96033477783203,1005.4002075195312,0.9459502100944519,142.32688903808594,884.4278564453125,0.9036593437194824,116.20713806152344,1003.388671875,0.7290194034576416,13.733490943908691,998.0237426757812,0.7789960503578186,211.46804809570312,849.527587890625,0.973861038684845,109.95427703857422,810.9280395507812,0.7865804433822632,157.72927856445312,756.9010620117188,0.9996449947357178,163.3102264404297,630.3917236328125,0.8792768716812134,180.17861938476562,405.9721374511719,0.28502365946769714
1928,84.72235107421875,115.20308685302734,0.9997383952140808,995.68505859375,82.79080200195312,0.9999579191207886,207.47325134277344,1029.6199951171875,0.9956740736961365,1024.030029296875,1019.6051635742188,0.9990249872207642,335.2854919433594,498.5859069824219,0.9993336796760559,332.7550354003906,609.7535400390625,0.9987034797668457,278.4141845703125,554.6177978515625,0.9989548921585083,386.9172058105469,557.8994750976562,0.9910948276519775,715.652099609375,500.3663330078125,0.9983718991279602,754.1165161132812,717.2481689453125,0.9998631477355957,692.40673828125,591.6596069335938,0.993821382522583,780.6416015625,571.549072265625,0.6012694239616394,1.5813283920288086,1055.24853515625,0.022329235449433327,41.60343551635742,1022.484375,0.6750637888908386,51.00160217285156,1012.1763305664062,0.97193843126297,144.52980041503906,881.2818603515625,0.9848006963729858,117.97492218017578,985.3020629882812,0.8858503699302673,15.341432571411133,974.8070678710938,0.47941893339157104,211.80210876464844,840.2019653320312,0.983958899974823,111.93030548095703,820.6070556640625,0.8946837186813354,157.31353759765625,762.1767578125,0.9976779818534851,166.1167755126953,639.3656616210938,0.9422950148582458,180.16482543945312,408.1349182128906,0.9584873914718628
1929,84.98182678222656,117.48753356933594,0.9995481371879578,997.5305786132812,84.10833740234375,0.9999374151229858,206.27099609375,1028.40478515625,0.9827562570571899,1022.3792724609375,1019.4425048828125,0.9986881613731384,335.46527099609375,498.5641174316406,0.9992103576660156,333.3316650390625,610.6382446289062,0.9992623925209045,278.74871826171875,555.2979736328125,0.9990509152412415,387.0345458984375,559.9400634765625,0.9934211373329163,717.2854614257812,500.6044616699219,0.9979731440544128,753.55615234375,717.6439819335938,0.9998717308044434,692.2736206054688,591.3031005859375,0.995590090751648,779.3853149414062,559.59423828125,0.6464529633522034,2.1599204540252686,1053.9361572265625,0.050329506397247314,25.372817993164062,1022.471923828125,0.28148984909057617,48.27546310424805,1001.8865966796875,0.830390989780426,140.08352661132812,885.908935546875,0.988849401473999,131.842529296875,993.28955078125,0.5383221507072449,35.6740608215332,960.0945434570312,0.31851619482040405,215.24237060546875,850.6551513671875,0.9949154853820801,109.32928466796875,824.3984985351562,0.9457011818885803,158.5485382080078,766.9866943359375,0.9979503750801086,165.8214874267578,639.5786743164062,0.9834475517272949,180.6665496826172,412.35687255859375,0.9566720128059387
1930,84.96057891845703,117.11766815185547,0.9991286396980286,997.1882934570312,83.08834075927734,0.9999414682388306,203.62680053710938,1028.609375,0.9976608753204346,1021.9069213867188,1018.359375,0.9991216063499451,333.8135681152344,498.4064636230469,0.999481737613678,333.5429382324219,611.0181884765625,0.9982095956802368,278.1722717285156,556.7379760742188,0.9994671940803528,386.9190673828125,557.329833984375,0.9945124387741089,716.6314086914062,499.701416015625,0.998699426651001,754.392578125,716.9775390625,0.9999289512634277,689.8037109375,593.4765625,0.9938865303993225,786.73388671875,583.0499267578125,0.7615082263946533,0.5030970573425293,1052.030029296875,0.010543666779994965,1.642103910446167,1015.8113403320312,0.5085831880569458,16.603410720825195,1011.6915893554688,0.8565534949302673,140.4565887451172,905.117919921875,0.9476635456085205,81.62803649902344,1045.4132080078125,0.9256927371025085,27.832073211669922,959.4196166992188,0.9219261407852173,209.18807983398438,852.071533203125,0.9932015538215637,108.09062194824219,831.8366088867188,0.7797360420227051,158.5899658203125,773.80322265625,0.9993556141853333,169.02406311035156,641.3212280273438,0.984874427318573,181.18099975585938,409.71734619140625,0.9535641670227051
1931,84.72332763671875,114.05287170410156,0.9996151924133301,995.14453125,81.576416015625,0.999916672706604,195.83192443847656,1025.7625732421875,0.9933466911315918,1021.8223266601562,1020.5830688476562,0.998687207698822,336.0445251464844,498.5418701171875,0.9992247819900513,332.7151794433594,610.7784423828125,0.9987373948097229,278.5715026855469,557.1221313476562,0.9992614388465881,386.6791687011719,560.3512573242188,0.998211145401001,716.944580078125,498.8321228027344,0.9976636171340942,754.3058471679688,717.0463256835938,0.9997842907905579,690.3519897460938,590.67822265625,0.9963422417640686,785.8573608398438,570.4193115234375,0.7720124125480652,45.84306335449219,1090.23583984375,0.2252175360918045,5.4922776222229,998.9959716796875,0.2866099178791046,25.43578338623047,985.6171264648438,0.8279830813407898,131.9716339111328,909.10400390625,0.9787192940711975,84.69995880126953,1040.7476806640625,0.8393650650978088,11.280983924865723,952.6200561523438,0.8840346336364746,212.52511596679688,853.9379272460938,0.9764544367790222,104.18865966796875,833.530517578125,0.9667592644691467,159.06365966796875,777.9678955078125,0.9994387030601501,176.6488800048828,654.827392578125,0.8926674127578735,178.9558563232422,414.43695068359375,0.9676113724708557
1932,83.92527770996094,116.20984649658203,0.9995170831680298,995.1508178710938,83.61400604248047,0.9996999502182007,196.0421142578125,1023.6683349609375,0.9522108435630798,1022.2755737304688,1020.1932373046875,0.9989991784095764,335.0579528808594,498.68511962890625,0.9991340041160583,333.5108337402344,611.1246337890625,0.9988327622413635,279.044921875,556.4877319335938,0.999427080154419,387.2544860839844,560.1864013671875,0.9971433281898499,716.9774780273438,498.3512878417969,0.9979628324508667,754.9014892578125,717.6930541992188,0.9998039603233337,691.4867553710938,592.1976928710938,0.9955572485923767,787.6199951171875,580.5460205078125,0.7189423441886902,57.24005889892578,1088.8363037109375,0.04129908233880997,2.636050224304199,988.7581176757812,0.4769939184188843,22.506229400634766,985.265869140625,0.9586949944496155,134.5502166748047,904.7605590820312,0.9319207072257996,77.44257354736328,1030.2318115234375,0.9018781781196594,15.427038192749023,939.7118530273438,0.7889242768287659,212.340576171875,856.7294921875,0.9733577370643616,101.61528778076172,834.9567260742188,0.8783444762229919,158.24545288085938,776.836181640625,0.9990082383155823,183.26254272460938,577.4144897460938,0.9168872833251953,178.85997009277344,415.2886962890625,0.9051742553710938
1933,84.61029815673828,116.2409896850586,0.999843955039978,996.3865356445312,83.76883697509766,0.9999593496322632,192.2850341796875,1022.9449462890625,0.33975011110305786,1022.883544921875,1019.9227905273438,0.9994342923164368,336.47259521484375,498.8500061035156,0.9981497526168823,331.9864807128906,610.0621948242188,0.9978588223457336,278.2174377441406,554.4945678710938,0.9988532066345215,386.9279479980469,559.4524536132812,0.995807409286499,714.0726928710938,499.34674072265625,0.9981422424316406,753.0547485351562,717.2852783203125,0.999721109867096,690.4367065429688,591.66845703125,0.9897143244743347,779.5288696289062,544.8430786132812,0.8888688087463379,3.435218334197998,991.6653442382812,0.026014963164925575,1.8475165367126465,988.7548217773438,0.2733491361141205,24.893144607543945,988.0497436523438,0.4249482750892639,141.0747528076172,874.3494873046875,0.5177558064460754,20.354026794433594,1034.3638916015625,0.42051562666893005,5.224210262298584,948.4896850585938,0.23652124404907227,206.35289001464844,853.6764526367188,0.6285691261291504,101.93492889404297,834.1200561523438,0.8063995242118835,156.6264190673828,780.0029296875,0.9986769556999207,176.19056701660156,648.7875366210938,0.9519854187965393,179.99826049804688,415.334716796875,0.9839508533477783
1934,85.07816314697266,115.13683319091797,0.9995699524879456,995.40966796875,84.26531219482422,0.9999464750289917,194.43798828125,1026.7957763671875,0.972173810005188,1023.1044921875,1019.56103515625,0.996626615524292,336.51385498046875,499.02978515625,0.9984562397003174,332.5054931640625,611.0491943359375,0.9977042078971863,278.30938720703125,555.3818359375,0.99896240234375,386.6890869140625,559.4736328125,0.996132493019104,714.8588256835938,498.87457275390625,0.9981316924095154,754.0703125,717.71435546875,0.9998179078102112,691.0379638671875,591.7593994140625,0.9897592067718506,786.7840576171875,571.2764892578125,0.8751175999641418,60.834476470947266,1088.100341796875,0.07971912622451782,11.50889778137207,997.8928833007812,0.6423689126968384,39.031646728515625,981.4844360351562,0.9468182325363159,133.60662841796875,903.631591796875,0.9870684146881104,87.2523193359375,1027.199462890625,0.414137065410614,15.21668815612793,948.8739013671875,0.7542755603790283,209.70065307617188,852.2993774414062,0.971935510635376,105.7598876953125,828.9990234375,0.9303083419799805,157.10824584960938,772.8243408203125,0.9982333183288574,172.29959106445312,639.847412109375,0.9545152187347412,180.73475646972656,413.81488037109375,0.9416447281837463
1935,84.3416748046875,115.4931640625,0.9996731281280518,995.9022827148438,82.3438949584961,0.9999169111251831,196.06764221191406,1024.9835205078125,0.7693310976028442,1022.1390380859375,1019.6826782226562,0.9981901049613953,336.0707702636719,498.8459167480469,0.9990112781524658,332.34283447265625,610.2479248046875,0.9985471367835999,278.3218688964844,554.8764038085938,0.9992445707321167,386.3985595703125,560.1148071289062,0.9972033500671387,716.0765380859375,499.3286437988281,0.999291181564331,753.3490600585938,717.01953125,0.999869704246521,691.542236328125,592.8984985351562,0.9944131970405579,785.652587890625,568.0945434570312,0.8202998042106628,61.30276107788086,1087.7491455078125,0.028444059193134308,11.1148099899292,1009.2333374023438,0.2264399379491806,33.65507507324219,987.0810546875,0.9762659072875977,134.3330535888672,896.7153930664062,0.9879357814788818,89.79853057861328,1018.7772216796875,0.831710696220398,17.77271270751953,954.4379272460938,0.6564990878105164,208.75228881835938,852.839599609375,0.8526772260665894,107.88710021972656,825.5985107421875,0.9513203501701355,158.6707763671875,767.597900390625,0.9948762059211731,173.32615661621094,652.40771484375,0.9909375905990601,180.44100952148438,413.8935852050781,0.9840212464332581
1936,86.17304229736328,116.10065460205078,0.9992469549179077,997.0753173828125,84.50848388671875,0.9998897314071655,195.8214874267578,1026.819580078125,0.9756302237510681,1023.7450561523438,1019.6087036132812,0.9993547797203064,335.0128173828125,498.34454345703125,0.9989405274391174,332.8382568359375,608.9639282226562,0.9972419738769531,278.9805603027344,554.5218505859375,0.9995360374450684,385.7291564941406,559.2081298828125,0.9951691031455994,713.9130859375,499.6881408691406,0.9987508058547974,753.2749633789062,716.0302734375,0.9998923540115356,691.4890747070312,591.6156616210938,0.9928122162818909,782.670654296875,569.4677734375,0.8565376996994019,61.948333740234375,1084.658447265625,0.1316414773464203,6.983100891113281,998.2113647460938,0.6829709410667419,33.04258346557617,987.5916748046875,0.8784259557723999,138.12435913085938,896.9970092773438,0.9702560901641846,25.2416934967041,1049.4246826171875,0.8088829517364502,26.582204818725586,944.6152954101562,0.5267082452774048,208.087890625,850.3568115234375,0.9838968515396118,107.88008880615234,825.3395385742188,0.9825985431671143,160.06964111328125,763.5559692382812,0.9947336912155151,174.4735107421875,646.1292114257812,0.9794619679450989,179.70018005371094,410.6836242675781,0.9891818165779114
1937,84.84442901611328,115.59969329833984,0.9995635151863098,996.3683471679688,86.3304214477539,0.9999185800552368,197.30958557128906,1028.1595458984375,0.8377692103385925,1021.9296264648438,1019.6032104492188,0.998256504535675,335.544677734375,498.3651123046875,0.9991425275802612,332.2572326660156,609.953857421875,0.9984508752822876,278.92596435546875,555.2284545898438,0.9994667172431946,387.228271484375,559.5311279296875,0.9960265159606934,714.1364135742188,499.22406005859375,0.998754620552063,752.0785522460938,716.3771362304688,0.9998288154602051,691.3775024414062,591.1978149414062,0.9879316687583923,785.6873779296875,577.9083251953125,0.7521966099739075,61.28717803955078,1087.112060546875,0.039901237934827805,7.926885604858398,996.161865234375,0.49258673191070557,39.38627243041992,983.1800537109375,0.9317013025283813,139.8925323486328,894.2379150390625,0.8503433465957642,89.63395690917969,1017.4788818359375,0.8639844059944153,213.80087280273438,857.8231201171875,0.43659573793411255,212.9781951904297,852.2435302734375,0.955230176448822,112.49224853515625,823.404052734375,0.9728965759277344,158.76304626464844,767.1323852539062,0.9973434805870056,172.57408142089844,654.1693115234375,0.9917590022087097,181.17909240722656,413.522705078125,0.903134822845459
1938,83.80274963378906,114.98958587646484,0.9995500445365906,997.6336059570312,85.27558135986328,0.999836802482605,196.3449249267578,1026.6092529296875,0.9832643866539001,1021.0232543945312,1019.8553466796875,0.9980159997940063,335.74932861328125,498.20489501953125,0.9992552399635315,333.2591247558594,610.0689086914062,0.9990441203117371,278.87225341796875,555.357421875,0.9996289014816284,387.4628601074219,558.673828125,0.9962713718414307,713.5418090820312,498.99114990234375,0.9989701509475708,752.1533813476562,715.5783081054688,0.9998507499694824,692.3751831054688,591.3077392578125,0.9833955764770508,785.5003051757812,569.704345703125,0.8026050925254822,58.1106071472168,1088.5943603515625,0.02800295688211918,4.727290153503418,982.1422119140625,0.6048699617385864,42.072566986083984,980.637939453125,0.9048367738723755,135.69764709472656,893.1613159179688,0.9743815660476685,67.42511749267578,1026.092529296875,0.8759680390357971,17.27627182006836,945.8038330078125,0.3906733989715576,209.99742126464844,851.1052856445312,0.9884069561958313,107.46095275878906,823.7403564453125,0.9693824052810669,157.26437377929688,768.71484375,0.9980611205101013,172.6992645263672,648.4837036132812,0.9705514311790466,180.54464721679688,411.8041076660156,0.988640546798706
1939,84.39215850830078,116.06382751464844,0.9996830224990845,996.1028442382812,84.25421142578125,0.9998832941055298,196.81321716308594,1027.121337890625,0.985077977180481,1020.8120727539062,1019.3628540039062,0.999233603477478,335.5690002441406,498.0102844238281,0.9995087385177612,333.00152587890625,610.1866455078125,0.998581051826477,278.59466552734375,555.6736450195312,0.9995946288108826,387.4075012207031,558.93896484375,0.9953739047050476,712.51416015625,499.25958251953125,0.998690664768219,752.2280883789062,716.4097900390625,0.9998681545257568,689.6704711914062,595.325927734375,0.9926526546478271,786.3494873046875,569.8099365234375,0.8471949696540833,0.840684175491333,977.1740112304688,0.028324710205197334,57.211204528808594,1074.114501953125,0.276200532913208,52.9871711730957,1072.2130126953125,0.22187042236328125,129.21194458007812,905.3099365234375,0.9849730730056763,22.969511032104492,1049.30322265625,0.6553986072540283,11.950593948364258,947.4962158203125,0.40214091539382935,205.86447143554688,849.626220703125,0.910636842250824,110.52460479736328,819.16552734375,0.8953894376754761,155.83645629882812,768.939453125,0.9963406920433044,169.59449768066406,638.6723022460938,0.9647461771965027,181.47308349609375,414.5146179199219,0.9682186841964722
1940,84.41162109375,117.11849212646484,0.9995850920677185,998.1917114257812,82.97652435302734,0.9997974038124084,200.2806396484375,1024.6385498046875,0.9385194778442383,1021.22314453125,1018.5011596679688,0.998615026473999,334.7835388183594,497.9972229003906,0.999377965927124,333.0749816894531,611.9976806640625,0.9976508021354675,278.7010498046875,556.6841430664062,0.999572217464447,387.8869934082031,559.950439453125,0.996658444404602,714.459716796875,499.241455078125,0.9985989928245544,752.5641479492188,716.8570556640625,0.9998881816864014,691.0457153320312,591.2849731445312,0.988646388053894,780.7153930664062,552.789794921875,0.8725851774215698,64.57066345214844,1083.9713134765625,0.004557394422590733,22.520709991455078,991.3782958984375,0.4179407060146332,51.93296432495117,988.1914672851562,0.9924450516700745,133.04469299316406,907.45166015625,0.8521984815597534,99.38774108886719,1008.12548828125,0.5497082471847534,9.985565185546875,957.5061645507812,0.8537617325782776,208.5181427001953,852.90625,0.9049806594848633,107.63384246826172,824.9837036132812,0.9409662485122681,154.81065368652344,769.1825561523438,0.9979009628295898,169.79029846191406,641.9202270507812,0.8993039131164551,182.21392822265625,410.1732177734375,0.9634726047515869
1941,84.16031646728516,118.20443725585938,0.9996559619903564,998.1620483398438,83.5468978881836,0.9998983144760132,204.19400024414062,1025.546142578125,0.9416636228561401,1021.1979370117188,1020.2470092773438,0.9983622431755066,335.95526123046875,498.0322570800781,0.9992836117744446,332.424560546875,609.586669921875,0.9975370168685913,278.4627990722656,555.153564453125,0.9993171691894531,386.99029541015625,558.8072509765625,0.995934009552002,714.5794067382812,500.0677795410156,0.9972302317619324,752.0665893554688,717.106201171875,0.9998148083686829,692.6377563476562,591.1441040039062,0.9886153936386108,782.9616088867188,568.2619018554688,0.8920683264732361,4.808908462524414,1025.4779052734375,0.014401787891983986,19.469512939453125,995.2051391601562,0.0761280357837677,49.07765197753906,991.5953369140625,0.9823447465896606,137.13043212890625,902.053466796875,0.9835265278816223,55.570518493652344,1040.1575927734375,0.6179043054580688,13.700727462768555,951.1947631835938,0.9021478295326233,209.9121551513672,855.448486328125,0.9495295882225037,105.8285903930664,826.3209228515625,0.9702696800231934,155.720947265625,767.9694213867188,0.9964038133621216,170.7222137451172,637.443115234375,0.8581242561340332,180.81588745117188,411.1225280761719,0.99233478307724
1942,84.1697998046875,116.62451934814453,0.9994984865188599,996.49267578125,82.49517059326172,0.9999672174453735,204.45726013183594,1023.8753051757812,0.956459641456604,1021.940185546875,1019.3622436523438,0.999319314956665,335.6616516113281,498.12457275390625,0.9989051818847656,333.97857666015625,609.8265380859375,0.9988671541213989,279.4576416015625,554.857421875,0.9994874000549316,388.3408203125,557.970703125,0.9965554475784302,715.1072998046875,499.7169494628906,0.9964884519577026,752.6780395507812,716.3220825195312,0.9998711347579956,692.8902587890625,591.030517578125,0.9931085109710693,779.9364013671875,546.5479736328125,0.8627270460128784,5.914402961730957,1039.6451416015625,0.09862910211086273,38.1229248046875,1007.9257202148438,0.7708878517150879,68.73666381835938,987.4571533203125,0.9956353306770325,136.0113067626953,897.196044921875,0.9478089809417725,115.01316833496094,1007.0997314453125,0.43606147170066833,29.55056381225586,955.4503173828125,0.6914482116699219,208.19717407226562,853.6551513671875,0.886407732963562,110.966796875,823.4370727539062,0.9736397862434387,155.55938720703125,767.5833740234375,0.9961600303649902,171.0225067138672,635.6580810546875,0.8685734868049622,180.662353515625,411.583251953125,0.9857646822929382
1943,85.06488037109375,116.97047424316406,0.9982299208641052,996.5299072265625,83.1675033569336,0.9999195337295532,202.4961700439453,1026.798583984375,0.9875746369361877,1021.7576293945312,1019.9896850585938,0.9984819293022156,335.60614013671875,498.00018310546875,0.9987336993217468,333.3636779785156,609.3085327148438,0.9985988736152649,279.36138916015625,553.8505859375,0.9994315505027771,387.8070068359375,559.7199096679688,0.9966877102851868,716.4815673828125,499.6886291503906,0.9974161386489868,753.367431640625,717.28271484375,0.999874472618103,692.9515991210938,591.4674072265625,0.9920116066932678,781.4705810546875,550.64892578125,0.8524588942527771,28.233558654785156,1015.0267333984375,0.06096334382891655,46.25909423828125,1007.52734375,0.5232412815093994,66.323974609375,997.7145385742188,0.9897987842559814,142.4292755126953,896.0538330078125,0.9820349216461182,154.48878479003906,987.5320434570312,0.730144202709198,30.16544532775879,961.1808471679688,0.832301914691925,213.9318389892578,852.8855590820312,0.9926488995552063,104.44831848144531,832.1326293945312,0.9604999423027039,156.6716766357422,762.5131225585938,0.9955669045448303,170.7440185546875,639.381103515625,0.8845350742340088,181.10906982421875,411.0650329589844,0.9548570513725281
1944,84.56444549560547,117.51498413085938,0.9996681213378906,995.0739135742188,84.74659729003906,0.9999001026153564,202.86911010742188,1024.6297607421875,0.7705795168876648,1022.2899169921875,1019.7175903320312,0.9986978769302368,335.2604064941406,498.6045227050781,0.9994831085205078,334.0630798339844,608.8115234375,0.9988168478012085,279.63238525390625,553.5408325195312,0.9995393753051758,387.0680236816406,558.1373901367188,0.9970402121543884,716.29345703125,499.5253601074219,0.9976330995559692,752.3087768554688,717.243408203125,0.999866247177124,691.3089599609375,593.582275390625,0.9917564392089844,783.4793701171875,567.957763671875,0.8849780559539795,77.00160217285156,1066.3785400390625,0.023534249514341354,34.48503875732422,993.0814208984375,0.32016512751579285,63.554840087890625,987.2467651367188,0.986877977848053,143.9180908203125,894.1450805664062,0.9272958040237427,78.78404235839844,1031.1370849609375,0.38450300693511963,18.21535873413086,957.2796020507812,0.3463478684425354,214.16244506835938,855.5444946289062,0.9325178861618042,105.20561218261719,834.8661499023438,0.9116394519805908,157.7140350341797,770.8771362304688,0.9975201487541199,171.7880859375,636.0082397460938,0.95387202501297,179.18655395507812,413.5695495605469,0.9614309668540955
1945,85.47860717773438,116.22572326660156,0.9997963309288025,997.0888061523438,82.44975280761719,0.9998829364776611,203.69107055664062,1027.7166748046875,0.920502245426178,1020.9072265625,1019.3892211914062,0.9995875954627991,335.484375,497.96160888671875,0.9989309906959534,333.11151123046875,610.1195678710938,0.9983916878700256,279.9727783203125,553.5238037109375,0.9996578693389893,387.65374755859375,558.7706298828125,0.9953432083129883,715.1478271484375,499.4149475097656,0.9981878399848938,752.7559204101562,717.7237548828125,0.9998681545257568,690.132080078125,593.5180053710938,0.9863225221633911,783.4490356445312,567.5679931640625,0.7971763610839844,60.54098892211914,1071.1904296875,0.20559458434581757,11.018025398254395,993.2254638671875,0.23347263038158417,59.069549560546875,983.3356323242188,0.9013020992279053,148.717529296875,855.8624877929688,0.797855019569397,34.60306930541992,1039.739501953125,0.5679001808166504,14.13802719116211,961.8328247070312,0.5959506034851074,213.1885528564453,856.6393432617188,0.872653067111969,106.28367614746094,832.0933227539062,0.8323357105255127,159.42803955078125,769.507080078125,0.9979324340820312,173.86544799804688,636.3946533203125,0.8374583721160889,181.2878875732422,405.26715087890625,0.9228523373603821
1946,85.65679931640625,115.86829376220703,0.998773992061615,997.3200073242188,83.8688735961914,0.9998451471328735,203.37774658203125,1028.7470703125,0.9838554263114929,1022.3174438476562,1020.3856811523438,0.9987956285476685,333.4213562011719,497.775390625,0.9987890124320984,333.9401550292969,610.1689453125,0.9985330104827881,279.5356140136719,555.3065185546875,0.99906986951828,387.360107421875,558.666259765625,0.9934025406837463,715.4744873046875,498.6273498535156,0.9972328543663025,751.5681762695312,718.0440063476562,0.9998006224632263,690.5252685546875,591.6458740234375,0.9903197884559631,780.877197265625,551.3893432617188,0.6734736561775208,64.91436004638672,1088.5819091796875,0.12921683490276337,8.918194770812988,987.8114013671875,0.7204940915107727,70.1949462890625,970.0997924804688,0.8016196489334106,149.5981903076172,900.9992065429688,0.9876599907875061,103.37594604492188,1010.9085693359375,0.6511430144309998,76.90754699707031,909.2255859375,0.7638605237007141,213.58987426757812,857.5625610351562,0.8859356045722961,106.15758514404297,835.1968383789062,0.9570440649986267,159.35012817382812,777.4844970703125,0.999011754989624,172.22735595703125,643.9999389648438,0.8786178231239319,175.8013458251953,478.8583068847656,0.5982546210289001
1947,83.1979751586914,116.5594253540039,0.9980491399765015,995.5399169921875,85.25289154052734,0.9999485015869141,198.1737060546875,1027.5029296875,0.8891094326972961,1020.926513671875,1021.1876831054688,0.9981676340103149,332.5869445800781,497.9930725097656,0.9992446899414062,334.4545593261719,611.1807861328125,0.9985515475273132,278.825439453125,555.866943359375,0.9993626475334167,387.9791259765625,557.5858154296875,0.9959873557090759,713.9845581054688,500.3269958496094,0.9972948431968689,752.5811157226562,718.271728515625,0.9997908473014832,692.7371215820312,590.9835815429688,0.9878182411193848,780.9987182617188,544.5975341796875,0.6840714812278748,61.713951110839844,1088.70947265625,0.12696006894111633,4.492555141448975,975.8078002929688,0.7002498507499695,16.490394592285156,979.6417846679688,0.8738024830818176,141.06031799316406,925.455078125,0.9930306077003479,50.13393783569336,1020.2935791015625,0.509200930595398,32.84441375732422,940.0181274414062,0.4957965612411499,210.59181213378906,858.486328125,0.9567855596542358,105.32115173339844,831.6766967773438,0.7730143070220947,159.425537109375,777.5596313476562,0.9987711310386658,171.59642028808594,650.6978759765625,0.9536356329917908,180.9838104248047,411.31207275390625,0.6620619297027588
1948,83.86011505126953,116.04273986816406,0.9992020726203918,995.1937866210938,85.08038330078125,0.999955415725708,199.43939208984375,1027.4539794921875,0.8075286746025085,1022.2868041992188,1020.7724609375,0.9989151954650879,333.0079345703125,497.552490234375,0.9989988207817078,335.0162658691406,611.0968627929688,0.9990034699440002,279.026611328125,555.6100463867188,0.9995056390762329,388.4966735839844,558.2667236328125,0.9962745904922485,717.4412841796875,499.60003662109375,0.9961650371551514,752.7681274414062,717.4510498046875,0.9998773336410522,690.5674438476562,592.736572265625,0.9946439266204834,783.9736328125,568.732177734375,0.8242207169532776,75.57205963134766,1086.332763671875,0.06439506262540817,57.10783386230469,1068.09033203125,0.7549874782562256,54.79191589355469,1059.16796875,0.820110559463501,138.02392578125,909.3011474609375,0.9561131596565247,60.58335494995117,1004.1292724609375,0.352563738822937,30.40092658996582,933.6390380859375,0.7219173908233643,210.14576721191406,856.708984375,0.9305452704429626,104.54908752441406,830.9058227539062,0.9918587803840637,158.0113067626953,778.7635498046875,0.9987177848815918,170.85366821289062,648.33984375,0.7966099381446838,179.4624481201172,427.6246337890625,0.793560802936554
1949,85.23307800292969,115.51455688476562,0.9992489218711853,993.7503051757812,83.49406433105469,0.9999507665634155,197.1739959716797,1027.7852783203125,0.7671718001365662,1023.4849243164062,1019.2398681640625,0.9990683197975159,331.7144470214844,497.68487548828125,0.9991461038589478,335.2632141113281,610.7112426757812,0.999101996421814,279.56439208984375,556.1106567382812,0.9994083642959595,388.1968688964844,558.0429077148438,0.9958425164222717,716.6334228515625,499.3942565917969,0.9975833892822266,752.2405395507812,717.7893676757812,0.9998214840888977,693.3975219726562,590.5347290039062,0.983854353427887,781.6683959960938,547.9500122070312,0.846397876739502,64.21455383300781,1087.73583984375,0.10461243987083435,2.3054356575012207,979.0186767578125,0.37678271532058716,16.270957946777344,978.0109252929688,0.880486249923706,147.23243713378906,865.8839721679688,0.8822653293609619,27.116291046142578,1014.7515869140625,0.15591970086097717,29.455181121826172,939.60546875,0.6966050267219543,211.9354705810547,854.3378295898438,0.8179325461387634,112.0711441040039,822.4747924804688,0.9571068286895752,159.2824249267578,774.3768920898438,0.999333918094635,181.08827209472656,589.1644897460938,0.8161043524742126,178.5094451904297,412.9239501953125,0.9246149659156799
1950,83.14654541015625,115.35287475585938,0.9997676014900208,992.6740112304688,84.14530181884766,0.9994027614593506,196.57212829589844,1025.6610107421875,0.742134153842926,1023.527587890625,1020.03369140625,0.9994156360626221,331.60638427734375,497.93646240234375,0.9992780089378357,335.81951904296875,610.6768798828125,0.9985905289649963,279.966796875,556.8958129882812,0.9993094205856323,388.3769836425781,556.0963745117188,0.99554044008255,719.128662109375,498.7345886230469,0.9975284934043884,754.2783203125,717.4058227539062,0.9998574256896973,692.8984985351562,591.6817626953125,0.9906951189041138,786.8767700195312,577.1036987304688,0.8324216604232788,63.9810676574707,1087.05517578125,0.5553739666938782,60.14156723022461,1055.0089111328125,0.7478376626968384,32.611717224121094,962.4127807617188,0.7744837999343872,130.71023559570312,940.83203125,0.9316775798797607,90.86972045898438,1018.1441650390625,0.6999765038490295,75.36504364013672,926.2572631835938,0.8443524837493896,200.48057556152344,875.5411376953125,0.3641991913318634,108.0660629272461,833.4130859375,0.7953139543533325,159.9991912841797,777.0441284179688,0.9993265867233276,171.03292846679688,643.1688232421875,0.8556776642799377,177.81454467773438,420.0465087890625,0.8931369781494141
1951,85.2536392211914,117.56681823730469,0.9998804330825806,994.8880615234375,83.5105209350586,0.9998109936714172,195.1809844970703,1027.8133544921875,0.08213140815496445,1018.932861328125,1018.7080688476562,0.998932421207428,332.6566162109375,497.01654052734375,0.9983620047569275,335.5982666015625,611.097900390625,0.9979864358901978,278.5436706542969,556.080810546875,0.9986864924430847,388.54400634765625,556.12548828125,0.9955593347549438,717.1329956054688,496.943115234375,0.999330997467041,753.8150634765625,716.9251098632812,0.9998890161514282,691.7755737304688,588.6754760742188,0.9900859594345093,782.6555786132812,568.8553466796875,0.9214032292366028,38.91972732543945,1060.3956298828125,0.1688469499349594,17.881103515625,947.450439453125,0.8032746911048889,39.61149978637695,953.2264404296875,0.6789834499359131,143.88955688476562,919.9925537109375,0.8613504767417908,16.649072647094727,994.5494384765625,0.9481960535049438,61.5850830078125,911.45263671875,0.7209463119506836,207.7954864501953,841.3494873046875,0.34466126561164856,118.99444580078125,828.6880493164062,0.07869555056095123,163.46502685546875,771.981201171875,0.9927117824554443,172.16249084472656,643.3724975585938,0.7712299227714539,175.40469360351562,419.0805969238281,0.9380584359169006
1952,84.15031433105469,117.22660827636719,0.9998855590820312,997.3975219726562,87.24036407470703,0.9999316930770874,83.7424545288086,1033.1214599609375,0.06169792637228966,1023.0831298828125,1020.0570678710938,0.9990730285644531,333.564453125,497.8039855957031,0.9987928867340088,335.3140563964844,610.7568359375,0.998134970664978,278.5984802246094,556.70654296875,0.9994707703590393,387.6497497558594,557.9954833984375,0.9975321292877197,714.6598510742188,499.0699768066406,0.9969969987869263,753.2476806640625,716.9703369140625,0.9998772144317627,692.7810668945312,591.3876953125,0.9934908747673035,785.0391235351562,568.6848754882812,0.8388198614120483,40.75511169433594,1013.5845336914062,0.41324642300605774,15.672074317932129,928.6351928710938,0.8517589569091797,45.09124755859375,942.0382080078125,0.37005600333213806,142.32052612304688,907.5475463867188,0.9992284774780273,80.4636459350586,997.4769287109375,0.9985211491584778,68.52720642089844,885.428955078125,0.9561474919319153,214.54698181152344,857.2910766601562,0.4757390022277832,187.10707092285156,942.8186645507812,0.7566015720367432,168.4759979248047,778.3946533203125,0.9985772371292114,176.58889770507812,660.1616821289062,0.6052684187889099,175.70338439941406,421.1788330078125,0.9915333390235901
1953,83.45362091064453,115.8462905883789,0.9998317956924438,997.2034912109375,83.6703109741211,0.9999521970748901,82.64849090576172,1021.2842407226562,0.18464532494544983,1023.2841186523438,1020.675537109375,0.999320387840271,334.196533203125,497.4824523925781,0.9986771941184998,334.8025207519531,611.112060546875,0.998492956161499,279.63214111328125,556.3453979492188,0.9988811612129211,387.52838134765625,558.3866577148438,0.9972845315933228,715.9320678710938,498.89532470703125,0.9965987801551819,753.3894653320312,716.7407836914062,0.9998483657836914,693.929931640625,592.5953369140625,0.9938904047012329,784.4740600585938,567.67822265625,0.6933045387268066,91.31010437011719,1022.18212890625,0.07859428226947784,3.9425511360168457,1006.0228271484375,0.262855589389801,15.203582763671875,997.7903442382812,0.30667051672935486,135.76705932617188,902.0169067382812,0.9980728626251221,71.12120056152344,978.8532104492188,0.9801851511001587,65.4041519165039,881.6709594726562,0.7771410942077637,209.34962463378906,854.331298828125,0.798047661781311,115.87175750732422,822.5131225585938,0.9343629479408264,165.26202392578125,771.0739135742188,0.9948559999465942,176.12110900878906,626.6195678710938,0.7770150899887085,176.67124938964844,412.74676513671875,0.9930393099784851
1954,83.16940307617188,115.79380798339844,0.9995623230934143,995.0101928710938,84.76939392089844,0.9998998641967773,85.0361328125,1022.5553588867188,0.4229349195957184,1022.1099853515625,1019.6173095703125,0.999541163444519,332.3945007324219,497.7923889160156,0.9989945292472839,333.96270751953125,610.8896484375,0.9982165694236755,279.77410888671875,555.1340942382812,0.9990543723106384,387.71099853515625,558.3518676757812,0.996290922164917,716.8248901367188,499.06671142578125,0.9970418810844421,754.1554565429688,717.0621337890625,0.9998984336853027,693.0469970703125,593.566650390625,0.9936739206314087,785.2882690429688,567.0597534179688,0.8493914604187012,46.9871940612793,977.4751586914062,0.07436517626047134,0.7167646884918213,1007.88671875,0.283115416765213,156.81680297851562,839.0413818359375,0.7071941494941711,146.34130859375,902.9020385742188,0.9649762511253357,82.88236999511719,959.7571411132812,0.8420098423957825,210.110107421875,858.6107788085938,0.797156810760498,212.10629272460938,852.0433959960938,0.26249852776527405,113.90650939941406,812.8914184570312,0.7637278437614441,167.16575622558594,759.3211059570312,0.9486563801765442,187.7919921875,497.7503662109375,0.8173353672027588,175.58363342285156,407.38836669921875,0.9589365124702454
1955,84.27420806884766,116.30711364746094,0.9997113347053528,994.9724731445312,85.39739227294922,0.999963641166687,84.40882873535156,838.360595703125,0.2831370532512665,1020.488037109375,1018.9769897460938,0.9986860156059265,334.6269836425781,498.6504821777344,0.9991199374198914,334.1244201660156,611.0402221679688,0.9988162517547607,279.9954528808594,556.0250244140625,0.9988601207733154,387.88848876953125,558.7259521484375,0.9942763447761536,716.122314453125,498.7893981933594,0.9979173541069031,754.7156372070312,716.7947998046875,0.9998809099197388,692.8257446289062,595.8817749023438,0.9963515996932983,788.4166870117188,574.9675903320312,0.8960832357406616,3.7044613361358643,1012.214111328125,0.060843490064144135,3.670015811920166,912.3618774414062,0.7035250663757324,14.089666366577148,916.837890625,0.7972230315208435,144.25698852539062,902.5362548828125,0.9728367924690247,85.18827819824219,977.5531005859375,0.7812600135803223,212.69955444335938,857.1908569335938,0.881222128868103,215.03024291992188,855.3616333007812,0.5967697501182556,115.4314956665039,810.6368408203125,0.8519906401634216,169.62347412109375,756.37060546875,0.9839480519294739,184.00929260253906,615.408935546875,0.69120192527771,177.4828338623047,469.58154296875,0.6547688841819763
1956,83.44210052490234,115.84138488769531,0.9993079900741577,996.6168212890625,82.68919372558594,0.9999455213546753,85.31148529052734,836.4613037109375,0.3920443654060364,1022.4251708984375,1020.77685546875,0.9982512593269348,334.1176452636719,497.8276062011719,0.9991135001182556,333.68505859375,610.5618896484375,0.9982842803001404,279.55426025390625,555.27392578125,0.9992353916168213,387.1340026855469,559.0143432617188,0.9963750243186951,717.0465698242188,499.33782958984375,0.9987468719482422,754.8406372070312,716.9954833984375,0.9998295307159424,691.6936645507812,590.7596435546875,0.99406898021698,787.35546875,579.6226806640625,0.9408237934112549,84.97820281982422,1020.7693481445312,0.26219138503074646,14.289569854736328,926.7295532226562,0.875156819820404,41.33844757080078,926.4153442382812,0.9433187246322632,144.49436950683594,895.3316040039062,0.9888724684715271,93.05551147460938,961.969970703125,0.8905142545700073,218.11929321289062,869.310791015625,0.8800508975982666,218.15359497070312,857.4509887695312,0.5049573183059692,115.68214416503906,810.6031494140625,0.689340353012085,169.2165069580078,757.4622192382812,0.9875988364219666,179.35995483398438,621.1307983398438,0.875404953956604,175.35952758789062,404.5935974121094,0.9630606770515442
1957,84.59024047851562,117.8971176147461,0.9995431900024414,995.7633666992188,83.76939392089844,0.9999746084213257,85.5972671508789,835.9078369140625,0.5245449542999268,1022.8811645507812,1019.3338623046875,0.9992614388465881,333.49517822265625,497.8823547363281,0.9987132549285889,334.6666564941406,610.1109619140625,0.999231219291687,279.5126037597656,555.1658325195312,0.9990769624710083,387.7996520996094,558.3029174804688,0.9925629496574402,718.8946533203125,498.8124084472656,0.9965536594390869,753.0149536132812,717.1514282226562,0.9996198415756226,690.650390625,591.3035888671875,0.9954110980033875,783.8224487304688,564.208740234375,0.8264291286468506,43.9625129699707,908.0502319335938,0.03822166100144386,4.711151599884033,937.9717407226562,0.28865712881088257,153.84486389160156,823.9563598632812,0.614933431148529,148.25885009765625,880.0490112304688,0.8017884492874146,94.44725799560547,971.21533203125,0.3710975646972656,31.337505340576172,889.5546264648438,0.32107847929000854,215.6143035888672,859.6822509765625,0.47104284167289734,119.99472045898438,807.968017578125,0.3681946396827698,170.85089111328125,755.496826171875,0.9724632501602173,180.60360717773438,624.6109008789062,0.7988210320472717,174.41514587402344,404.8579406738281,0.9272063374519348
1958,83.91028594970703,116.6181411743164,0.9996073842048645,997.705322265625,84.7368392944336,0.9999558925628662,83.3125,836.9387817382812,0.21067935228347778,1021.0669555664062,1019.6180419921875,0.9981856942176819,335.1594543457031,497.6977233886719,0.999049723148346,333.6925354003906,610.8765258789062,0.9991912245750427,278.73388671875,554.1133422851562,0.9994670748710632,387.57373046875,559.9461059570312,0.9967145919799805,719.1331787109375,499.60308837890625,0.9968825578689575,753.2728881835938,716.49658203125,0.9998108744621277,692.8898315429688,592.0916137695312,0.9953900575637817,786.8461303710938,575.5336303710938,0.9077321887016296,0.4786820411682129,930.0968627929688,0.06662917137145996,22.318214416503906,937.9188232421875,0.6259738802909851,61.918678283691406,933.5537719726562,0.81331866979599,143.76742553710938,889.5026245117188,0.9997968077659607,98.40052032470703,983.3710327148438,0.9724613428115845,215.43006896972656,876.353759765625,0.9275802373886108,215.57106018066406,873.95166015625,0.15270450711250305,117.93096923828125,814.1439819335938,0.8551056981086731,170.94488525390625,759.0213623046875,0.9906963109970093,181.73486328125,604.5435791015625,0.9315663576126099,129.10174560546875,497.92071533203125,0.3687818944454193
1959,83.23216247558594,116.65341186523438,0.9997970461845398,996.9818115234375,83.1129379272461,0.9999059438705444,81.26419830322266,840.70849609375,0.2197418510913849,1022.083984375,1018.901123046875,0.9989491105079651,335.2383728027344,497.693359375,0.998537540435791,334.6380615234375,611.0982666015625,0.9993676543235779,278.7944030761719,553.5953369140625,0.9993718266487122,387.1915283203125,559.6287841796875,0.9979368448257446,720.1384887695312,498.79705810546875,0.9956444501876831,753.0126342773438,716.7683715820312,0.9997696280479431,690.3671875,592.5382690429688,0.9951411485671997,785.5092163085938,571.2713623046875,0.923409640789032,-1.3439092636108398,916.062744140625,0.08972091227769852,15.522592544555664,941.825439453125,0.536352813243866,48.638038635253906,938.1741943359375,0.9773180484771729,140.89369201660156,891.9486083984375,0.9992700219154358,98.34574890136719,981.60546875,0.9899237751960754,210.39129638671875,889.9236450195312,0.7787570953369141,215.41452026367188,855.6229858398438,0.41731005907058716,122.31867218017578,817.3673706054688,0.6866153478622437,170.86082458496094,757.8068237304688,0.988497257232666,182.2657470703125,595.7826538085938,0.8572756052017212,177.0348663330078,467.6592102050781,0.5351279973983765
1960,84.28776550292969,118.4912109375,0.9996789693832397,995.9043579101562,82.20772552490234,0.9998840093612671,-1.491002082824707,1025.7996826171875,0.13215304911136627,1021.5872192382812,1019.4632568359375,0.9994021654129028,335.3429870605469,498.997314453125,0.9992013573646545,334.47833251953125,610.8543090820312,0.9986943602561951,278.9775695800781,553.60205078125,0.9993836879730225,386.6734619140625,558.2973022460938,0.9951412677764893,717.0068969726562,499.13812255859375,0.9944007992744446,752.6073608398438,717.1571655273438,0.9997835755348206,689.5054321289062,590.3853149414062,0.994608998298645,785.5685424804688,575.4033813476562,0.9572070837020874,3.056260824203491,926.0859375,0.010677022859454155,8.237386703491211,956.4404907226562,0.6663055419921875,47.91779327392578,950.1730346679688,0.9519827961921692,149.73704528808594,883.9778442382812,0.9377853274345398,95.2921142578125,989.6552124023438,0.8672468066215515,33.13236618041992,898.5928344726562,0.8919299840927124,213.43898010253906,854.86767578125,0.43264636397361755,119.1337890625,820.86083984375,0.6740063428878784,166.6504364013672,755.45751953125,0.98691725730896,173.60556030273438,623.955810546875,0.9445230960845947,427.3177185058594,485.3634948730469,0.36221498250961304
1961,83.76903533935547,117.68196105957031,0.9996598958969116,995.2890014648438,82.95845031738281,0.9999674558639526,3.381455898284912,1084.203369140625,0.10221724957227707,1022.6485595703125,1019.593994140625,0.9995076656341553,336.6350402832031,498.9475402832031,0.9992212057113647,334.9959716796875,612.0377197265625,0.9986438155174255,278.97802734375,552.0776977539062,0.9991071820259094,387.97393798828125,558.2950439453125,0.9969956874847412,715.1862182617188,499.766357421875,0.9960896968841553,752.0654907226562,717.7576904296875,0.9998266100883484,692.5990600585938,591.4443969726562,0.9911474585533142,781.6578369140625,566.8455810546875,0.7991591095924377,6.503843307495117,1007.0950317382812,0.16211016476154327,47.09762191772461,971.1571655273438,0.21425461769104004,75.8316421508789,959.1492309570312,0.9944047927856445,151.3998260498047,879.7755126953125,0.9888416528701782,122.6743392944336,963.3653564453125,0.5851870179176331,79.26162719726562,879.8787231445312,0.9519791603088379,203.54217529296875,816.470703125,0.2584916651248932,114.45830535888672,816.0784912109375,0.7593961358070374,166.326416015625,756.1112670898438,0.9886753559112549,173.15948486328125,619.107177734375,0.7321835160255432,426.45733642578125,491.4919128417969,0.2755125164985657
1962,83.7175064086914,116.05645751953125,0.9995038509368896,996.2432250976562,84.71871185302734,0.9999295473098755,6.990259170532227,1083.7750244140625,0.03521022945642471,1021.570068359375,1019.8252563476562,0.9986196756362915,337.0303649902344,499.2447509765625,0.9989286065101624,333.4423828125,611.5777587890625,0.9979483485221863,279.3099060058594,550.8970947265625,0.9991342425346375,387.3675537109375,559.2398681640625,0.996812641620636,715.1061401367188,500.3487548828125,0.9960315823554993,753.21923828125,717.7816162109375,0.9998356103897095,690.5758666992188,592.0489501953125,0.9916937947273254,786.7759399414062,570.5072631835938,0.7898167967796326,-2.8964085578918457,932.8447265625,0.1415197104215622,7.559726715087891,942.903076171875,0.9765446186065674,32.27642059326172,957.08447265625,0.782551109790802,147.90335083007812,866.910888671875,0.9802857637405396,19.151248931884766,986.753662109375,0.985673189163208,49.74140167236328,911.4696044921875,0.8373204469680786,221.0540313720703,860.2439575195312,0.6481045484542847,114.63939666748047,815.8312377929688,0.6399071216583252,164.25682067871094,753.35107421875,0.997750461101532,161.2657012939453,648.3309936523438,0.9905175566673279,187.35537719726562,551.3616943359375,0.47951826453208923
1963,84.96522521972656,117.28275299072266,0.9996432065963745,994.9657592773438,83.31792449951172,0.9999610185623169,248.08966064453125,1028.4385986328125,0.9623451828956604,1021.5872192382812,1018.9310302734375,0.9988483190536499,336.7409362792969,498.9222717285156,0.9990875720977783,333.6739807128906,611.7953491210938,0.997503936290741,279.8654479980469,549.9309692382812,0.9986182451248169,385.9637145996094,558.3383178710938,0.9967876672744751,716.6710205078125,498.4554443359375,0.9952318072319031,753.3967895507812,716.2198486328125,0.9998617172241211,691.50244140625,590.8147583007812,0.9929270148277283,784.78857421875,571.6334838867188,0.936851978302002,29.04802894592285,991.0563354492188,0.6862392425537109,111.18209838867188,1018.8902587890625,0.7159184217453003,105.30362701416016,991.4774780273438,0.9546979069709778,155.58779907226562,869.3953857421875,0.992401123046875,155.03839111328125,985.4017944335938,0.24989955127239227,69.19660186767578,939.3242797851562,0.38935354351997375,216.99765014648438,829.4031372070312,0.4385794401168823,115.39706420898438,817.3634643554688,0.9242913722991943,162.68209838867188,753.3096313476562,0.9983566403388977,150.37843322753906,645.16357421875,0.9847437739372253,177.4181671142578,467.528564453125,0.39684438705444336
1964,84.31112670898438,115.78395080566406,0.9993972778320312,996.19677734375,82.78604888916016,0.9999752044677734,271.7055969238281,1026.88671875,0.9246989488601685,1020.0950927734375,1018.2290649414062,0.9976239800453186,337.6165771484375,498.72662353515625,0.9993732571601868,332.8135070800781,611.462890625,0.9960959553718567,279.0596008300781,548.1627807617188,0.9990932941436768,386.6496887207031,558.3353881835938,0.9958661794662476,716.5873413085938,498.4806213378906,0.9978183507919312,754.4780883789062,716.8447875976562,0.9998161196708679,692.8377685546875,591.0939331054688,0.9919705390930176,784.4235229492188,570.681640625,0.8760102987289429,164.5952606201172,1092.695556640625,0.037247832864522934,150.0880889892578,1050.8397216796875,0.32562190294265747,138.58555603027344,1014.0859985351562,0.5571406483650208,157.3451690673828,888.6394653320312,0.6168768405914307,207.48292541503906,1009.6771240234375,0.5619651079177856,87.56766510009766,1056.190673828125,0.3352513015270233,225.7748565673828,849.388427734375,0.9459342956542969,110.64875030517578,822.6972045898438,0.9849846363067627,159.89453125,755.7862548828125,0.9994615912437439,146.4300537109375,643.57373046875,0.8675099015235901,176.10385131835938,403.01397705078125,0.5314160585403442
1965,84.25541687011719,116.23268127441406,0.9998132586479187,996.6920166015625,83.0599136352539,0.9999313354492188,87.19709014892578,1042.1630859375,0.9340146780014038,1019.7572021484375,1019.3543090820312,0.9981022477149963,338.1141662597656,498.7377624511719,0.9994413256645203,332.8739929199219,610.874267578125,0.9986170530319214,279.6669616699219,547.7807006835938,0.9989494681358337,387.2217712402344,559.6513061523438,0.9980954527854919,716.1612548828125,499.3565368652344,0.9963499307632446,753.7374877929688,716.7998046875,0.9998373985290527,692.531005859375,590.970703125,0.9943239688873291,785.6632080078125,575.29443359375,0.9527201056480408,192.99220275878906,1094.378173828125,0.04276726767420769,186.4036102294922,1039.072021484375,0.8750271797180176,178.33204650878906,1010.8008422851562,0.9803562164306641,151.37136840820312,901.4660034179688,0.9454002380371094,226.15603637695312,996.857666015625,0.5201544165611267,113.97621154785156,1001.8347778320312,0.4472542703151703,224.95846557617188,845.8220825195312,0.9987040758132935,104.24748992919922,832.7634887695312,0.9441574811935425,158.88038635253906,758.230712890625,0.9995239973068237,143.45651245117188,644.8801879882812,0.9212658405303955,176.74002075195312,407.70428466796875,0.3536388874053955
1966,82.45152282714844,113.8715591430664,0.9996086955070496,993.1730346679688,82.35222625732422,0.9998111128807068,87.70709991455078,1034.056640625,0.9930629134178162,1021.3268432617188,1020.196533203125,0.9989714622497559,338.43426513671875,498.1158752441406,0.9990744590759277,331.6239318847656,610.4733276367188,0.9982911944389343,279.0619812011719,549.0586547851562,0.999504566192627,388.3099060058594,560.01806640625,0.9947500824928284,715.7896118164062,499.7667236328125,0.9960745573043823,753.7026977539062,716.959228515625,0.9998562335968018,690.7777709960938,591.1572875976562,0.9959748387336731,785.7678833007812,574.1127319335938,0.9586929082870483,158.13955688476562,1072.75830078125,0.11166396737098694,211.0034637451172,1028.817138671875,0.9891033172607422,198.64552307128906,1004.5870971679688,0.9883034229278564,164.15054321289062,892.3309936523438,0.9913451671600342,222.648681640625,974.3941650390625,0.9891282916069031,116.50406646728516,984.8948364257812,0.17045776546001434,226.5518035888672,844.9576416015625,0.9972103238105774,109.60069274902344,826.8402099609375,0.8465127944946289,158.6817626953125,758.439453125,0.9996111989021301,145.46456909179688,652.0984497070312,0.9945681095123291,173.9115447998047,422.1913146972656,0.7380519509315491
1967,84.69951629638672,116.59944152832031,0.9997379183769226,995.5950317382812,81.42530059814453,0.9999278783798218,87.54441833496094,1032.009765625,0.997688889503479,1020.614990234375,1019.0969848632812,0.9991733431816101,337.2543640136719,499.06976318359375,0.9990538954734802,331.3655700683594,610.3291015625,0.9981821775436401,279.0338439941406,549.6705932617188,0.9991662502288818,387.4311828613281,558.9550170898438,0.9941049218177795,715.0267944335938,500.3602294921875,0.998936116695404,752.6512451171875,715.94921875,0.9997816681861877,692.9185791015625,593.2444458007812,0.9938481450080872,785.7852783203125,580.5863647460938,0.8486897945404053,280.5704040527344,1061.469482421875,0.1972299963235855,229.96453857421875,1008.0128784179688,0.9722484350204468,205.56375122070312,987.8466796875,0.8829129338264465,160.69699096679688,877.8007202148438,0.9733425974845886,235.73709106445312,953.4119262695312,0.982437014579773,133.73184204101562,987.9457397460938,0.6471778750419617,221.9233856201172,828.3862915039062,0.9669017791748047,105.40586853027344,834.9989013671875,0.846185564994812,159.5379180908203,765.92431640625,0.9993696808815002,144.60044860839844,645.4225463867188,0.9942052960395813,169.3683319091797,411.9564208984375,0.9970307350158691
1968,83.94185638427734,116.91998291015625,0.9996155500411987,995.464111328125,83.08951568603516,0.9999548196792603,88.31367492675781,1031.770751953125,0.9989792108535767,1020.1206665039062,1019.4189453125,0.9985999464988708,338.0104064941406,498.354248046875,0.9990053772926331,329.8642883300781,609.8690795898438,0.9976426959037781,279.3101806640625,548.9315185546875,0.9994969367980957,388.4559326171875,560.2810668945312,0.9958856701850891,716.11962890625,500.00799560546875,0.9988038539886475,753.2613525390625,716.3156127929688,0.9998798370361328,693.7280883789062,593.3857421875,0.9964687824249268,782.703125,569.00439453125,0.9138273596763611,185.06251525878906,1085.9970703125,0.28470441699028015,325.04595947265625,1017.8381958007812,0.3099731504917145,320.8699645996094,1017.2608032226562,0.8380497097969055,162.92771911621094,892.6749267578125,0.5671857595443726,270.05853271484375,953.7931518554688,0.9865862131118774,175.59390258789062,1013.639892578125,0.9704115390777588,222.21170043945312,838.197509765625,0.9828113317489624,103.71441650390625,858.78564453125,0.9548176527023315,151.71629333496094,768.7936401367188,0.9999041557312012,138.11215209960938,649.604736328125,0.9550347328186035,168.796142578125,417.7720947265625,0.9891015887260437
1969,83.95394134521484,115.1527328491211,0.9997656941413879,994.8157958984375,84.02507781982422,0.9999141693115234,87.63904571533203,1031.0194091796875,0.9997408986091614,1019.9277954101562,1019.6192016601562,0.9985186457633972,336.9836120605469,498.1792907714844,0.9990398287773132,330.9458923339844,610.0228271484375,0.9988256096839905,277.9176940917969,549.97705078125,0.9990780353546143,387.1186828613281,558.5263671875,0.9924852252006531,713.6185302734375,501.0795593261719,0.9978074431419373,752.8619384765625,716.412841796875,0.999826967716217,692.2715454101562,594.0260620117188,0.9966666102409363,782.130859375,562.7747192382812,0.9569413065910339,366.78546142578125,983.3131713867188,0.02977604977786541,317.15875244140625,980.184326171875,0.9043757915496826,304.1227722167969,980.3675537109375,0.80326908826828,187.4317169189453,920.4915161132812,0.8668021559715271,256.8270568847656,923.0913696289062,0.4556710124015808,230.55787658691406,1010.892822265625,0.0439833402633667,209.5238494873047,837.7582397460938,0.9734227657318115,112.07701110839844,887.1077880859375,0.7231743335723877,143.89974975585938,781.8712158203125,0.9988422989845276,133.98635864257812,668.1427612304688,0.9956634640693665,192.89083862304688,463.7667541503906,0.4919881224632263
1970,84.29765319824219,115.07730102539062,0.9998388290405273,994.5322875976562,83.26272583007812,0.9999552965164185,88.1720962524414,1030.5394287109375,0.9997311234474182,1021.6964721679688,1019.5768432617188,0.9991217255592346,337.36273193359375,498.1151123046875,0.9994556307792664,330.5766296386719,609.4490966796875,0.99863201379776,278.3334045410156,548.1506958007812,0.9991894364356995,386.4397888183594,557.21240234375,0.9952006340026855,714.5555419921875,500.2002868652344,0.9979602098464966,753.498779296875,716.0438232421875,0.9998738765716553,691.814453125,594.4260864257812,0.9960881471633911,784.188232421875,571.5369873046875,0.9382936358451843,444.6408996582031,904.7286376953125,0.23635385930538177,417.3541564941406,923.5076293945312,0.5611337423324585,343.28045654296875,946.3798217773438,0.7622025609016418,213.49436950683594,919.7531127929688,0.9907289743423462,295.60113525390625,898.6465454101562,0.6939367055892944,370.0384826660156,982.275146484375,0.957955539226532,211.6111297607422,835.50634765625,0.9934432506561279,114.05096435546875,892.8338012695312,0.9228836297988892,142.6285858154297,791.4320068359375,0.9992795586585999,129.94627380371094,662.7526245117188,0.9897090792655945,176.46913146972656,424.37188720703125,0.3494182825088501
1971,83.48084259033203,115.56869506835938,0.9997655749320984,993.7196655273438,83.39178466796875,0.9998418092727661,87.57352447509766,1031.2120361328125,0.9996850490570068,1021.8805541992188,1019.3458862304688,0.9992207288742065,337.50347900390625,497.9211120605469,0.9992376565933228,331.06353759765625,608.9090576171875,0.9986110925674438,278.0841369628906,548.0806884765625,0.9988172054290771,387.3711242675781,557.5799560546875,0.9978677034378052,715.6849975585938,499.724609375,0.995542585849762,753.4577026367188,715.7274780273438,0.9998564720153809,690.7944946289062,592.2509155273438,0.995108425617218,782.1886596679688,569.8773803710938,0.9298002123832703,467.8452453613281,854.2050170898438,0.636546790599823,430.0540771484375,879.6322021484375,0.9561961889266968,397.095458984375,901.4716796875,0.9735761880874634,233.310302734375,913.1203002929688,0.998145341873169,329.1387634277344,872.462158203125,0.9594431519508362,359.98016357421875,954.2986450195312,0.9333549737930298,216.69715881347656,836.3101806640625,0.9965484738349915,122.4527816772461,894.8037719726562,0.7865973711013794,131.8454132080078,799.080322265625,0.9996148347854614,124.25569915771484,645.0574951171875,0.866234302520752,162.8450164794922,476.5430908203125,0.24406318366527557
1972,83.98303985595703,115.79322052001953,0.99965500831604,994.9566650390625,82.55049896240234,0.9998817443847656,88.75040435791016,1030.740478515625,0.9997236132621765,1018.9521484375,1020.417724609375,0.9991636276245117,336.2108154296875,497.7792663574219,0.9992349147796631,331.6704406738281,609.4312133789062,0.9989063739776611,277.8893737792969,547.3467407226562,0.9984133243560791,387.4134521484375,558.0460205078125,0.9950088262557983,714.28662109375,499.0556335449219,0.994491696357727,754.1761474609375,716.9229736328125,0.9998739957809448,693.0255126953125,591.8759765625,0.9939877986907959,784.5294189453125,582.5968017578125,0.8362403512001038,513.9366455078125,829.537841796875,0.2529137432575226,454.2626037597656,858.3890380859375,0.9633151292800903,427.76806640625,875.5055541992188,0.9529601335525513,256.2920227050781,902.30908203125,0.9792917370796204,366.51104736328125,849.5367431640625,0.7607604265213013,402.825927734375,921.3328857421875,0.8880757093429565,217.72613525390625,843.148681640625,0.7300462126731873,134.3777618408203,924.1790161132812,0.8932236433029175,122.36429595947266,807.1329345703125,0.9996126294136047,109.97636413574219,676.392822265625,0.9912639856338501,184.36680603027344,536.4597778320312,0.4256943166255951
1973,81.98595428466797,114.42079162597656,0.9997311234474182,996.0802612304688,83.8560791015625,0.9998955726623535,88.54508209228516,1031.32470703125,0.9997994303703308,1022.5598754882812,1018.617919921875,0.9984040856361389,336.7330627441406,498.1836242675781,0.9992713332176208,333.66680908203125,610.7097778320312,0.998374342918396,277.77191162109375,548.4808349609375,0.9978256821632385,388.0008850097656,558.0974731445312,0.9956322312355042,715.31884765625,500.19720458984375,0.9923948049545288,754.0247192382812,716.0630493164062,0.9998456239700317,692.4302368164062,591.5860595703125,0.9946182370185852,783.5014038085938,571.6385498046875,0.8121874928474426,540.6241455078125,838.2686767578125,0.9456709027290344,472.30926513671875,852.9228515625,0.9886451959609985,446.3033142089844,864.63134765625,0.9956550598144531,305.878173828125,895.1129150390625,0.9864018559455872,387.84393310546875,833.7296752929688,0.8398463726043701,437.85693359375,914.2802124023438,0.9883623719215393,229.74130249023438,848.3151245117188,0.9982890486717224,209.14883422851562,943.7748413085938,0.37971654534339905,147.5564422607422,842.5021362304688,0.8467889428138733,111.35477447509766,679.0398559570312,0.9001332521438599,131.7749481201172,497.3074645996094,0.7380751371383667
1974,83.39254760742188,114.40897369384766,0.9997430443763733,994.6310424804688,83.78492736816406,0.9998891353607178,88.52043914794922,1031.5589599609375,0.9996845722198486,1021.7828979492188,1019.4669189453125,0.9990984201431274,335.8587951660156,497.8889465332031,0.9989418387413025,333.6626281738281,610.38330078125,0.9990068078041077,277.9384460449219,548.3287353515625,0.998658299446106,387.765869140625,558.4234008789062,0.9954646229743958,715.6255493164062,500.5671081542969,0.9951731562614441,752.0833740234375,717.9629516601562,0.9998524188995361,694.5008544921875,592.4072265625,0.9862779974937439,781.8103637695312,551.09814453125,0.7643013596534729,546.0868530273438,862.505859375,0.36371317505836487,501.14556884765625,871.6197509765625,0.4592974781990051,464.96759033203125,871.5864868164062,0.8901358246803284,333.9659118652344,888.1675415039062,0.9933562278747559,420.8024597167969,827.0020751953125,0.08858149498701096,441.3212890625,920.0054321289062,0.9915900826454163,275.31842041015625,837.2737426757812,0.9980990290641785,227.0362091064453,937.1939697265625,0.7085290551185608,185.9876708984375,852.046630859375,0.5877390503883362,118.39678955078125,647.1180419921875,0.9722595810890198,134.98284912109375,498.7743835449219,0.17521706223487854
1975,84.40522003173828,116.65239715576172,0.9997825026512146,996.5232543945312,83.60226440429688,0.9998631477355957,87.55829620361328,1030.7100830078125,0.9998403787612915,1020.1900634765625,1018.6773071289062,0.9988407492637634,335.5589294433594,497.6684875488281,0.9990841150283813,334.86883544921875,611.2828979492188,0.9984464049339294,278.3628845214844,550.1235961914062,0.9980769157409668,387.6871032714844,556.65234375,0.9962785840034485,715.3643798828125,501.0582275390625,0.9947587847709656,752.302734375,717.1801147460938,0.9998581409454346,689.914794921875,591.6260375976562,0.9944103360176086,785.0599365234375,569.2684936523438,0.8886628150939941,217.2858123779297,851.7808837890625,0.430844783782959,493.797607421875,894.7378540039062,0.9038189649581909,458.1187438964844,886.16552734375,0.5495485663414001,352.27752685546875,879.1737060546875,0.9922800064086914,443.44873046875,823.6790771484375,0.9333788752555847,429.9248962402344,931.1056518554688,0.9990174770355225,305.7808837890625,820.7479858398438,0.9669486284255981,333.74603271484375,941.7433471679688,0.88924241065979,221.81150817871094,838.7753295898438,0.664876401424408,113.92798614501953,655.0795288085938,0.966429591178894,177.5652618408203,524.2589721679688,0.24518945813179016
1976,85.0159912109375,117.21119689941406,0.9997337460517883,998.1038208007812,82.47615814208984,0.9999300241470337,87.53114318847656,1031.127197265625,0.9998086094856262,1020.74951171875,1019.553466796875,0.9980109333992004,334.6366271972656,497.7179870605469,0.9992939233779907,338.0566711425781,610.3451538085938,0.9983807802200317,278.26202392578125,553.1708984375,0.9963435530662537,387.9906921386719,557.3648071289062,0.9977291226387024,713.5659790039062,500.81488037109375,0.994917631149292,754.2512817382812,717.5941162109375,0.9998794794082642,692.726318359375,591.182373046875,0.993615984916687,784.8102416992188,568.9873657226562,0.9498835802078247,505.97998046875,950.9947509765625,0.08563534170389175,496.3815612792969,947.525634765625,0.931580126285553,473.17425537109375,926.09765625,0.8707348108291626,377.8158874511719,874.3861694335938,0.9987673759460449,470.4853515625,864.44921875,0.27860912680625916,436.2661437988281,938.3754272460938,0.99179607629776,350.2382507324219,811.6603393554688,0.9776571393013,294.3695068359375,885.8365478515625,0.6757789850234985,251.73992919921875,812.1808471679688,0.6491730809211731,162.1434326171875,739.4824829101562,0.9688217639923096,135.52073669433594,496.0398254394531,0.3586720824241638
1977,84.7713851928711,115.47455596923828,0.9996256828308105,997.3973999023438,85.25920867919922,0.999627947807312,88.51026153564453,1029.6531982421875,0.9998810291290283,1021.1583251953125,1020.6746215820312,0.9976180195808411,334.0765686035156,498.24041748046875,0.9991022348403931,337.93634033203125,611.3770141601562,0.9982876181602478,277.8003845214844,556.0238647460938,0.9959256649017334,387.505615234375,558.9190673828125,0.9969775676727295,715.3021240234375,500.47320556640625,0.9893675446510315,754.1082763671875,717.2941284179688,0.9997197985649109,692.2269897460938,591.8823852539062,0.9946091175079346,783.0603637695312,570.2798461914062,0.9491477012634277,450.93798828125,1029.5159912109375,0.4494112432003021,435.62091064453125,969.2156982421875,0.6148205399513245,422.12060546875,935.924560546875,0.6828871965408325,355.61773681640625,871.4904174804688,0.8468942046165466,442.85107421875,877.7442626953125,0.26600632071495056,384.7648010253906,950.3204345703125,0.9519620537757874,380.1272277832031,832.0435180664062,0.6291966438293457,292.41693115234375,879.4459228515625,0.9643144607543945,264.06634521484375,812.0292358398438,0.9530330896377563,157.1928253173828,710.3833618164062,0.9617347121238708,135.5558624267578,499.9082946777344,0.9209985733032227
1978,83.42484283447266,117.11962127685547,0.9994476437568665,994.3516235351562,85.62025451660156,0.9997574687004089,89.54217529296875,1030.875732421875,0.9998779296875,1017.9991455078125,1018.5612182617188,0.9987547397613525,335.8251037597656,498.3603820800781,0.9987156391143799,340.18572998046875,610.1278076171875,0.9957579970359802,277.9953918457031,555.1500854492188,0.9958771467208862,388.2090148925781,557.663818359375,0.9946678876876831,714.7122802734375,500.65118408203125,0.9946188926696777,755.3143310546875,716.8597412109375,0.9999061822891235,692.2952880859375,594.7369384765625,0.9966781139373779,784.7366333007812,571.703125,0.9250385165214539,412.7950439453125,1060.44580078125,0.8343831896781921,405.1994934082031,999.7781982421875,0.5905368328094482,393.8255310058594,943.1196899414062,0.5875489711761475,368.5692443847656,895.717041015625,0.6317646503448486,464.91656494140625,979.1668701171875,0.15834833681583405,390.1047668457031,835.4429321289062,0.17279863357543945,385.5018310546875,834.5946044921875,0.9433118104934692,298.9458312988281,868.6721801757812,0.8412958383560181,272.8087158203125,812.3291625976562,0.9104192852973938,156.75668334960938,685.635498046875,0.8492177128791809,134.22605895996094,499.3215637207031,0.9848758578300476
1979,83.81990051269531,117.39867401123047,0.9995008707046509,993.4404296875,83.73942565917969,0.9993758797645569,88.08353424072266,1029.5216064453125,0.9998331069946289,1020.465087890625,1019.058837890625,0.9989593029022217,336.5071105957031,498.21343994140625,0.9987713694572449,339.7660217285156,610.278564453125,0.9952861666679382,277.8280944824219,558.6072387695312,0.9876781105995178,387.4132080078125,558.6806030273438,0.9967288970947266,715.8750610351562,499.95513916015625,0.9938969016075134,754.0093994140625,716.040771484375,0.9999251365661621,692.695556640625,592.5798950195312,0.9935088157653809,785.5502319335938,578.5852661132812,0.7892825603485107,383.7586975097656,1060.0291748046875,0.7627532482147217,380.8553466796875,999.9168090820312,0.9195131659507751,375.92596435546875,956.1337280273438,0.9574899673461914,367.6474304199219,896.0845336914062,0.8083622455596924,436.15289306640625,984.09375,0.11538591980934143,326.8431701660156,961.3049926757812,0.9654452800750732,390.47259521484375,839.2426147460938,0.3073427081108093,308.2077941894531,923.061767578125,0.07926984876394272,278.8160400390625,819.2119750976562,0.9459599256515503,144.5830535888672,669.2169189453125,0.7442615628242493,136.9561767578125,501.30511474609375,0.8730984926223755
1980,83.20276641845703,116.07073974609375,0.9997301697731018,994.59765625,84.44212341308594,0.9999432563781738,88.10681915283203,1029.5750732421875,0.9996703863143921,1019.2235717773438,1020.3485717773438,0.9989602565765381,334.2557373046875,498.001220703125,0.9983641505241394,342.0209655761719,610.2432250976562,0.9955097436904907,277.9403076171875,561.5280151367188,0.9916239380836487,387.4867248535156,558.6343994140625,0.996526300907135,715.7094116210938,500.80010986328125,0.9957228899002075,754.787353515625,715.8798217773438,0.999881386756897,690.8197021484375,591.2710571289062,0.9923235177993774,786.0262451171875,566.7133178710938,0.9187606573104858,366.42645263671875,1059.4403076171875,0.10293883830308914,363.4788818359375,985.8436889648438,0.9379752278327942,363.1056823730469,966.4188232421875,0.994916558265686,381.59259033203125,1035.59375,0.45452097058296204,414.1337585449219,959.7540893554688,0.5860771536827087,318.27520751953125,959.6199340820312,0.8816511034965515,412.43817138671875,885.994873046875,0.7402231097221375,292.2169494628906,870.9900512695312,0.21029093861579895,278.0540771484375,823.3536987304688,0.7496970295906067,143.35147094726562,669.4537963867188,0.38643181324005127,134.96212768554688,500.3768005371094,0.9809673428535461
1981,83.3641357421875,118.31275939941406,0.9995567202568054,996.2079467773438,84.66436004638672,0.9999192953109741,87.63790130615234,1029.7779541015625,0.9997785687446594,1016.1345825195312,1020.8975830078125,0.9988340735435486,334.85491943359375,498.2997741699219,0.9942652583122253,341.46856689453125,608.8848876953125,0.9964375495910645,278.30474853515625,560.6752319335938,0.9908797740936279,387.9505310058594,557.2401733398438,0.9945473670959473,711.337890625,499.222900390625,0.9991355538368225,752.7210693359375,717.0625,0.9997945427894592,689.4512329101562,591.4931640625,0.996941864490509,782.99853515625,571.8479614257812,0.9624937176704407,358.7042541503906,1077.370849609375,0.18244436383247375,345.88079833984375,973.8451538085938,0.6801519989967346,351.20660400390625,977.6652221679688,0.9779658913612366,363.778564453125,903.08203125,0.21144230663776398,317.66082763671875,990.3935546875,0.17174683511257172,349.86053466796875,950.0443725585938,0.23483966290950775,397.8648681640625,893.833740234375,0.27588269114494324,414.9544677734375,974.8980712890625,0.5032861828804016,427.94512939453125,1027.8155517578125,0.3681749701499939,160.12481689453125,698.5079956054688,0.7611935138702393,135.1882781982422,506.4253845214844,0.9729470014572144
1982,85.29423522949219,114.71925354003906,0.9991866946220398,997.807373046875,83.74168395996094,0.9998422861099243,87.38895416259766,1031.4102783203125,0.9997261166572571,1021.3076171875,1020.9779663085938,0.9969504475593567,334.4286804199219,497.8514099121094,0.9969863295555115,340.0517578125,608.5654296875,0.9969176054000854,277.3114318847656,557.6414184570312,0.9822079539299011,387.9957580566406,556.5473022460938,0.9960732460021973,715.5171508789062,497.1447448730469,0.9980258941650391,752.9884643554688,715.776123046875,0.9998773336410522,691.7357177734375,591.4127807617188,0.9959164261817932,783.8514404296875,565.8038940429688,0.8445510268211365,343.423828125,1087.6160888671875,0.2586175203323364,343.21917724609375,1010.6647338867188,0.9570919871330261,343.4619445800781,983.9304809570312,0.9735479354858398,356.5043640136719,899.56982421875,0.9973469972610474,408.84991455078125,957.6870727539062,0.35968247056007385,304.7629089355469,964.3948974609375,0.8991740942001343,373.4633483886719,832.8853759765625,0.8090665340423584,287.85528564453125,871.1820678710938,0.44229650497436523,268.555908203125,823.8440551757812,0.9741007685661316,168.46116638183594,713.1123657226562,0.7970507144927979,131.8565673828125,502.9009094238281,0.9779263138771057
1983,83.9005126953125,116.23922729492188,0.9994879961013794,994.73779296875,84.3031005859375,0.9999070167541504,87.98143768310547,1031.4095458984375,0.9997351765632629,1018.7288818359375,1020.7843017578125,0.9976008534431458,335.3813781738281,498.80133056640625,0.9976244568824768,338.607177734375,609.465087890625,0.9970134496688843,277.0979309082031,557.3399658203125,0.984764814376831,386.83001708984375,557.2354736328125,0.9951089024543762,716.8407592773438,498.1816711425781,0.9984748959541321,753.2905883789062,716.2835083007812,0.9998173117637634,691.3672485351562,591.430908203125,0.9945383667945862,782.721923828125,569.009033203125,0.9021110534667969,305.11480712890625,1038.113525390625,0.2257162183523178,332.2247314453125,1011.751953125,0.8778012990951538,337.47369384765625,977.7969360351562,0.9791657328605652,347.63140869140625,895.2919921875,0.9846130609512329,395.1348571777344,980.140380859375,0.6435831189155579,305.320068359375,962.4140625,0.8767239451408386,419.64630126953125,913.272216796875,0.5942383408546448,281.0339050292969,859.27294921875,0.7440933585166931,267.6834411621094,824.2862548828125,0.8331738710403442,145.54547119140625,674.1268920898438,0.7759762406349182,132.46559143066406,502.7716979980469,0.9807064533233643
1984,84.64066314697266,116.25920104980469,0.9997320771217346,995.9821166992188,84.58698272705078,0.9999394416809082,87.10865783691406,1031.199462890625,0.9997784495353699,1017.7289428710938,1019.8639526367188,0.998499870300293,333.27276611328125,499.1154479980469,0.998581051826477,337.1929016113281,610.0107421875,0.9946446418762207,276.9345397949219,558.0149536132812,0.9902397394180298,387.2258605957031,557.3547973632812,0.9969965219497681,713.5272827148438,499.0602111816406,0.9976455569267273,753.7222900390625,717.3191528320312,0.9998270869255066,690.1361083984375,590.3870849609375,0.9946909546852112,784.9724731445312,578.7477416992188,0.8593136072158813,282.6899719238281,836.4210815429688,0.02220357023179531,316.8344421386719,1050.3433837890625,0.9793463945388794,323.35980224609375,1019.6536254882812,0.9627126455307007,349.6194763183594,916.1956787109375,0.981652021408081,388.25750732421875,1051.227783203125,0.4690362215042114,290.2619323730469,987.4342651367188,0.8267062306404114,399.14984130859375,896.6276245117188,0.6673647165298462,275.744384765625,858.4826049804688,0.33574002981185913,270.86627197265625,827.3145751953125,0.9716622233390808,146.15966796875,678.7301025390625,0.9664821624755859,136.19784545898438,507.6847839355469,0.9828780889511108
1985,84.98001098632812,116.10672760009766,0.9998114705085754,994.892822265625,84.3879623413086,0.9999725818634033,88.66746520996094,1031.2138671875,0.9997192025184631,1017.9679565429688,1019.9749145507812,0.9982982277870178,333.1562194824219,498.91485595703125,0.9979326725006104,338.0369873046875,610.8695068359375,0.9951168298721313,277.39886474609375,556.9194946289062,0.9880852699279785,387.75531005859375,556.6390991210938,0.9965505599975586,712.9094848632812,499.41619873046875,0.9992368221282959,754.0504150390625,718.1622924804688,0.9998743534088135,688.768310546875,587.0047607421875,0.9922547340393066,781.939208984375,567.70166015625,0.8522858619689941,240.14601135253906,1075.319091796875,0.0077665927819907665,289.02899169921875,1061.9189453125,0.880427896976471,295.983154296875,1040.061279296875,0.8742504715919495,334.94952392578125,923.0266723632812,0.9929178357124329,382.5146484375,1025.0372314453125,0.1792125701904297,273.92987060546875,1014.1376342773438,0.657416045665741,372.8403015136719,847.5357055664062,0.6031712889671326,276.190673828125,856.3739013671875,0.44161882996559143,273.32208251953125,828.8539428710938,0.997204065322876,173.37574768066406,725.89306640625,0.5663186311721802,424.38818359375,481.806884765625,0.921764075756073
1986,85.74110412597656,115.27163696289062,0.9993347525596619,994.21875,84.96564483642578,0.9999487400054932,88.30937957763672,1031.757568359375,0.9996790885925293,1019.7732543945312,1018.8823852539062,0.9990649819374084,336.1601257324219,498.5863952636719,0.9986019730567932,337.22027587890625,610.5447998046875,0.9975722432136536,277.9221496582031,556.3799438476562,0.9879907965660095,387.3725280761719,558.1610107421875,0.9971400499343872,715.3953247070312,499.2417297363281,0.9992756247520447,754.3447875976562,718.7913208007812,0.9999030828475952,690.01513671875,585.9107055664062,0.9943603873252869,782.1434326171875,565.0100708007812,0.9219086170196533,272.4022521972656,847.601806640625,0.03158418461680412,249.79261779785156,1065.823486328125,0.5684770941734314,271.05426025390625,1041.5252685546875,0.8788971900939941,331.9078674316406,937.451171875,0.9983349442481995,356.9534606933594,1042.6788330078125,0.19252173602581024,248.67767333984375,1010.9771118164062,0.8489758372306824,372.1946716308594,845.296630859375,0.27362412214279175,280.7660827636719,857.2398071289062,0.6651481986045837,277.9638671875,829.4462280273438,0.9612037539482117,156.67286682128906,697.6744995117188,0.8969290852546692,133.15020751953125,503.997802734375,0.9214237928390503
1987,85.72157287597656,115.63721466064453,0.9995266199111938,995.1019287109375,86.0456771850586,0.9997223019599915,89.39571380615234,1032.88134765625,0.9997578263282776,1021.4132690429688,1020.2174682617188,0.9994625449180603,335.336669921875,498.2544860839844,0.998690664768219,336.99798583984375,610.0299682617188,0.9979298114776611,277.7328796386719,553.8526000976562,0.9956645369529724,388.1109924316406,557.3268432617188,0.9960781931877136,714.8429565429688,500.5101013183594,0.9984592199325562,753.9844360351562,716.9033813476562,0.9998968839645386,691.63427734375,590.845458984375,0.9913014769554138,783.4471435546875,567.1102905273438,0.895210325717926,184.0498809814453,1087.417724609375,0.009919554926455021,239.1127166748047,1068.2086181640625,0.23824986815452576,287.9477844238281,1031.2882080078125,0.4147394597530365,332.0016784667969,952.9824829101562,0.9510143995285034,339.7602233886719,1065.12451171875,0.1658061444759369,223.3856201171875,1025.0970458984375,0.787103533744812,234.34352111816406,1005.22900390625,0.25794517993927,402.354248046875,951.7301025390625,0.007446352858096361,306.4521484375,841.2352905273438,0.9094686508178711,229.5994415283203,757.3052978515625,0.7397646903991699,131.39866638183594,502.8372802734375,0.989936351776123
1988,84.84634399414062,113.56612396240234,0.9995748400688171,994.0013427734375,84.6483383178711,0.9999489784240723,89.560302734375,1031.5074462890625,0.9998573064804077,1020.4848022460938,1021.0518798828125,0.9985688924789429,337.85174560546875,498.7225341796875,0.9992311000823975,332.4116516113281,610.2542724609375,0.9968546628952026,277.4803466796875,549.9305419921875,0.9973775148391724,387.763916015625,559.1218872070312,0.9955388903617859,714.6002807617188,498.9065246582031,0.9978277087211609,753.46728515625,717.1603393554688,0.9998549222946167,690.2350463867188,589.8818969726562,0.9923645257949829,782.629150390625,548.5399169921875,0.8440936803817749,412.91943359375,1032.2899169921875,0.004265776369720697,188.56646728515625,1080.8880615234375,0.09553076326847076,211.70249938964844,1074.5399169921875,0.2763913571834564,308.8072814941406,990.8506469726562,0.9972495436668396,301.1475524902344,1090.2330322265625,0.0672609731554985,211.31497192382812,1033.3411865234375,0.752511203289032,367.5043029785156,938.6206665039062,0.8083456158638,390.3860168457031,958.6239624023438,0.3072209656238556,328.82080078125,898.8859252929688,0.16513130068778992,295.6607360839844,805.0900268554688,0.5081794857978821,430.3621826171875,488.0699462890625,0.17500461637973785
1989,84.1961898803711,113.77426147460938,0.9996329545974731,995.9701538085938,85.07771301269531,0.9998670816421509,89.04439544677734,1030.85595703125,0.9996328353881836,1022.7158813476562,1020.9757080078125,0.9990554451942444,337.3232116699219,498.5636901855469,0.9990413784980774,333.49053955078125,610.6467895507812,0.9970678687095642,277.7101135253906,551.4208374023438,0.9969648718833923,388.2241516113281,559.5172119140625,0.9946134686470032,713.7927856445312,499.7318420410156,0.9961572289466858,754.3850708007812,717.110595703125,0.9998905658721924,691.0269775390625,591.5205078125,0.990838348865509,784.8767700195312,567.595947265625,0.7722069025039673,288.9171447753906,893.9812622070312,0.15968482196331024,298.6864013671875,907.275146484375,0.10788871347904205,214.58984375,1070.03857421875,0.6123135089874268,287.93646240234375,1004.8936767578125,0.933384895324707,277.5854187011719,918.3584594726562,0.11802597343921661,200.21630859375,1026.9893798828125,0.6917999982833862,356.9903564453125,962.7374267578125,0.44341161847114563,365.9870910644531,959.0406494140625,0.049874886870384216,288.22021484375,791.340576171875,0.13357773423194885,427.2936096191406,492.5572814941406,0.07715722918510437,215.60195922851562,718.8759155273438,0.7509778141975403
1990,84.6910629272461,116.10286712646484,0.9998138546943665,994.4304809570312,85.0011978149414,0.9999170303344727,87.14098358154297,1031.40234375,0.9987407326698303,1019.0480346679688,1020.1827392578125,0.9986088871955872,338.0809020996094,498.5819396972656,0.998934805393219,332.22357177734375,610.387451171875,0.9983482360839844,278.23516845703125,550.0940551757812,0.9978609681129456,387.49365234375,558.8063354492188,0.9954919219017029,712.712158203125,498.1983642578125,0.9982768297195435,754.6660766601562,717.2295532226562,0.999864935874939,690.1408081054688,588.7560424804688,0.9943736791610718,784.4808349609375,565.86669921875,0.8885274529457092,106.67912292480469,1087.8712158203125,0.024426106363534927,134.74278259277344,1088.208740234375,0.26366758346557617,157.73475646972656,1070.4951171875,0.5636698603630066,258.6886291503906,1015.4918823242188,0.9752834439277649,271.0166015625,1090.464599609375,0.14205674827098846,163.222900390625,1037.5577392578125,0.7747839689254761,341.9110107421875,981.4409790039062,0.7441872358322144,349.453125,963.41748046875,0.06019393727183342,287.64691162109375,923.790283203125,0.3559611141681671,427.1317443847656,489.29254150390625,0.37127408385276794,279.66064453125,844.6953125,0.9249559640884399
1991,85.04411315917969,115.74899291992188,0.9997536540031433,996.2863159179688,83.0307846069336,0.999756395816803,87.9150161743164,1035.16552734375,0.3310393989086151,1021.8486328125,1020.8162231445312,0.9979820251464844,337.0555725097656,498.5463562011719,0.998977541923523,333.6564025878906,610.3629150390625,0.9979085922241211,277.82489013671875,550.2636108398438,0.996775209903717,388.36834716796875,557.9927978515625,0.9938855767250061,714.2332763671875,498.3685607910156,0.9980966448783875,753.8099975585938,717.8724365234375,0.999906063079834,693.3176879882812,588.302001953125,0.9960784316062927,783.725830078125,567.0054321289062,0.8903414011001587,98.50174713134766,1082.3778076171875,0.15613098442554474,120.45580291748047,1083.2698974609375,0.4859410524368286,145.78648376464844,1074.140380859375,0.5779458284378052,256.953369140625,995.6787109375,0.9999220371246338,266.1115417480469,1072.466796875,0.7785111665725708,137.78543090820312,1037.394287109375,0.8779318332672119,322.6600646972656,958.6001586914062,0.5087965726852417,331.12310791015625,961.2392578125,0.06890369206666946,272.839599609375,912.697265625,0.9891391396522522,266.6206359863281,737.7577514648438,0.5504351258277893,231.34751892089844,665.9075317382812,0.2833840548992157
1992,85.53834533691406,115.77054595947266,0.9987307190895081,994.1030883789062,83.41688537597656,0.9998134970664978,3.480165719985962,1083.0751953125,0.007055344991385937,1020.9989624023438,1019.9281005859375,0.9981796741485596,337.8125305175781,498.5843811035156,0.9990701079368591,332.5643310546875,611.05224609375,0.9982836246490479,277.4373474121094,550.37890625,0.9976619482040405,387.4150085449219,558.257080078125,0.9944497346878052,715.6458740234375,499.9258728027344,0.9987061023712158,754.6600952148438,717.9285888671875,0.999903678894043,692.5610961914062,588.747802734375,0.9970533847808838,783.4946899414062,569.5650024414062,0.935100793838501,365.55987548828125,997.5037841796875,0.24850349128246307,75.32464599609375,1078.05908203125,0.36338794231414795,100.4681167602539,1074.8250732421875,0.37505555152893066,239.97283935546875,997.1309204101562,0.9987146854400635,221.1688995361328,1085.96923828125,0.12793445587158203,114.60968780517578,1027.9951171875,0.7937732338905334,119.77583312988281,1017.3336181640625,0.5937445163726807,221.7795867919922,1085.6190185546875,0.10702195763587952,268.0587158203125,911.0535278320312,0.9821159839630127,274.18701171875,791.1857299804688,0.6180327534675598,797.6116333007812,530.0364990234375,0.10946954041719437
1993,84.80916595458984,117.24334716796875,0.9988723397254944,995.7753295898438,83.6365966796875,0.9999086856842041,85.72429656982422,990.61376953125,0.0082069868221879,1021.5930786132812,1019.8434448242188,0.9994819760322571,337.1612243652344,498.27557373046875,0.9985143542289734,333.30548095703125,611.5927734375,0.9992392063140869,277.6722717285156,550.6068725585938,0.9981245398521423,388.3321533203125,556.0439453125,0.995383083820343,712.3704833984375,500.2160339355469,0.9970337152481079,753.1928100585938,717.4666748046875,0.9998816251754761,691.5750732421875,589.2350463867188,0.9960007071495056,781.2625732421875,553.2825317382812,0.7388719916343689,348.9233093261719,990.7760620117188,0.28021758794784546,318.92803955078125,987.0009765625,0.5864925980567932,311.97845458984375,984.9765625,0.7157287001609802,221.52288818359375,995.2319946289062,0.9895405173301697,142.8524169921875,1089.912353515625,0.05629885196685791,94.04988861083984,1018.1774291992188,0.4096268117427826,277.1711120605469,956.8841552734375,0.14797386527061462,256.21234130859375,929.5565185546875,0.3268345594406128,260.50823974609375,907.627197265625,0.7984630465507507,265.09442138671875,732.300537109375,0.531150758266449,224.56600952148438,677.1575317382812,0.15950529277324677
1994,83.67362213134766,118.07514953613281,0.9989843964576721,996.0834350585938,82.34497833251953,0.9999051094055176,0.34965944290161133,1087.9178466796875,0.00606528390198946,1021.8829956054688,1020.24609375,0.9985301494598389,338.329345703125,498.0733337402344,0.9993553757667542,332.4721984863281,611.1732177734375,0.998848557472229,277.52471923828125,550.384765625,0.9984489679336548,387.4471435546875,557.9104614257812,0.9934306740760803,712.7774658203125,499.3635559082031,0.998676598072052,753.5930786132812,717.3197021484375,0.999903678894043,690.66357421875,588.8295288085938,0.9972055554389954,784.8495483398438,566.248779296875,0.8265840411186218,2.8913204669952393,1083.4520263671875,0.05803105980157852,49.48288345336914,1043.1968994140625,0.2244166135787964,70.06031799316406,1044.739013671875,0.1873021423816681,215.71258544921875,999.2994384765625,0.9203439354896545,54.39815902709961,1082.5694580078125,0.09013669192790985,85.64923858642578,1008.4132690429688,0.6405210494995117,279.741455078125,1044.858642578125,0.6356837749481201,291.2059020996094,970.6033325195312,0.13058604300022125,247.5400390625,913.1640014648438,0.9900727272033691,261.40771484375,726.3494262695312,0.9552441239356995,229.85191345214844,685.9524536132812,0.027105038985610008
1995,84.81394958496094,116.01866149902344,0.9995267391204834,994.4867553710938,85.63446044921875,0.9999161958694458,80.45057678222656,963.1390991210938,0.011213277466595173,1021.1346435546875,1018.6232299804688,0.9982051849365234,337.7100830078125,498.5837707519531,0.9991156458854675,332.4759521484375,611.562744140625,0.9985305070877075,277.61309814453125,550.4685668945312,0.9982642531394958,388.00616455078125,559.9332275390625,0.9903507828712463,716.6168212890625,498.45831298828125,0.9941436648368835,753.2789916992188,717.65380859375,0.999871015548706,691.3431396484375,589.9078979492188,0.9946170449256897,786.5454711914062,580.6240844726562,0.8575050234794617,4.821714401245117,1069.230712890625,0.07875986397266388,25.54441261291504,1040.92919921875,0.33718249201774597,53.58835220336914,1040.834228515625,0.6864578127861023,192.89707946777344,1001.1949462890625,0.9342533946037292,86.4505844116211,1081.5677490234375,0.21072198450565338,68.8386001586914,997.5801391601562,0.8885368704795837,278.90313720703125,973.5111083984375,0.14682108163833618,277.92889404296875,985.4993286132812,0.7082439064979553,241.3103485107422,908.6983642578125,0.9954944849014282,263.8582458496094,735.2666625976562,0.9164968132972717,265.6511535644531,729.1387329101562,0.05901394039392471
1996,83.78548431396484,113.55047607421875,0.9993732571601868,996.4168701171875,83.82455444335938,0.9999254941940308,261.5860290527344,1027.5621337890625,0.022055234760046005,1020.8389892578125,1019.0603637695312,0.9987131357192993,337.41912841796875,498.4184265136719,0.9991016387939453,332.0426025390625,610.767578125,0.9983118772506714,277.1388244628906,550.1392822265625,0.9983559250831604,388.93572998046875,556.3954467773438,0.9931638836860657,714.176025390625,498.65728759765625,0.9942808151245117,753.2686767578125,716.8233032226562,0.9998499155044556,691.7685546875,590.5988159179688,0.9926009774208069,785.0277099609375,575.3029174804688,0.902323842048645,3.9935874938964844,1050.6273193359375,0.02948196604847908,13.275079727172852,1027.12109375,0.7235925793647766,37.85737609863281,1032.455810546875,0.5746625065803528,165.3484344482422,1001.8201904296875,0.9600235223770142,67.97964477539062,1076.9039306640625,0.8026367425918579,55.85676574707031,987.3225708007812,0.9626936316490173,230.05941772460938,974.1630249023438,0.18834228813648224,213.99151611328125,925.5763549804688,0.27886295318603516,226.20236206054688,909.5814208984375,0.523123025894165,260.2366943359375,737.0005493164062,0.7186983227729797,260.54754638671875,720.2273559570312,0.3046709895133972
1997,84.44175720214844,116.98748779296875,0.9998136162757874,994.48193359375,84.12339782714844,0.9998608827590942,239.21665954589844,1028.2860107421875,0.9820845723152161,1021.3844604492188,1019.211669921875,0.9987733960151672,337.1441345214844,499.0430603027344,0.9993035793304443,333.8599548339844,610.89990234375,0.998880922794342,277.0897216796875,550.2150268554688,0.9966525435447693,388.1313171386719,555.978759765625,0.9963825941085815,712.29150390625,497.8186950683594,0.9961473941802979,752.3517456054688,717.3275146484375,0.9998537302017212,690.9447021484375,591.5753784179688,0.9924476146697998,784.8749389648438,569.2152099609375,0.9132292866706848,3.5372447967529297,1007.8154296875,0.08567066490650177,11.812541007995605,1017.4578857421875,0.4936612546443939,42.02509307861328,1020.4561157226562,0.7271484732627869,154.84523010253906,981.2810668945312,0.9999533891677856,72.39508056640625,1070.090087890625,0.607900083065033,69.135498046875,959.5860595703125,0.9864007234573364,214.11819458007812,977.3538208007812,0.9757336974143982,163.2462921142578,908.385986328125,0.3396315276622772,211.25433349609375,889.218994140625,0.8520543575286865,243.57601928710938,814.791015625,0.8218355774879456,128.25416564941406,500.3160095214844,0.12462465465068817
1998,83.6051025390625,117.90979766845703,0.9997734427452087,994.998291015625,84.20211029052734,0.9999258518218994,225.60491943359375,1025.830810546875,0.8190354704856873,1020.8338623046875,1019.5038452148438,0.999046266078949,337.0089416503906,498.7588195800781,0.9994780421257019,333.8682556152344,611.2569580078125,0.9986401200294495,276.7178955078125,550.7118530273438,0.9969135522842407,387.6875915527344,556.560546875,0.9974405765533447,713.5772705078125,497.4772644042969,0.9984411597251892,753.6183471679688,717.611328125,0.9998931884765625,691.6541748046875,591.9617309570312,0.9940882921218872,784.8758544921875,571.4695434570312,0.9616813659667969,6.144740581512451,1004.8678588867188,0.1937306970357895,48.89691925048828,989.9805908203125,0.3960949182510376,68.6897964477539,998.8950805664062,0.36133259534835815,162.26406860351562,959.927001953125,0.999060332775116,127.03787994384766,1051.0469970703125,0.6808009743690491,95.05559539794922,956.896728515625,0.707962155342102,212.1332550048828,940.4790649414062,0.7418608665466309,217.4881134033203,956.7866821289062,0.3242591321468353,212.57095336914062,861.1016845703125,0.9259591102600098,236.89588928222656,797.3253173828125,0.027784761041402817,287.7498474121094,676.4186401367188,0.11431362479925156
1999,84.35538482666016,117.46312713623047,0.9995459914207458,994.0191650390625,84.81533813476562,0.9999033212661743,222.9020233154297,1027.83154296875,0.8132546544075012,1020.47265625,1020.7030639648438,0.9984683394432068,336.3582458496094,498.3229675292969,0.9992890357971191,333.71942138671875,610.739501953125,0.9982208609580994,276.7769470214844,551.100341796875,0.9985774755477905,387.4142150878906,556.4678955078125,0.9960594177246094,711.5281372070312,499.3157958984375,0.9988051652908325,753.280517578125,716.53271484375,0.9999033212661743,690.5575561523438,591.2037963867188,0.9953472018241882,784.9546508789062,576.4356689453125,0.9215677380561829,25.094844818115234,1082.0709228515625,0.6021388173103333,40.5791015625,978.1278076171875,0.2226676195859909,75.77531433105469,993.1957397460938,0.9013187885284424,180.8585205078125,945.3341674804688,0.9964975714683533,86.85152435302734,936.055908203125,0.5585834980010986,96.9448013305664,940.7452392578125,0.9166314601898193,219.8599395751953,914.3482055664062,0.06141895055770874,231.2279815673828,957.88818359375,0.2710989713668823,216.4777374267578,874.1082153320312,0.9783728718757629,255.6678009033203,777.168212890625,0.42919281125068665,256.6828918457031,665.5687866210938,0.49958479404449463
2000,83.56185913085938,117.15531158447266,0.9996984004974365,997.029541015625,83.81876373291016,0.9999109506607056,222.11512756347656,1027.964599609375,0.8354335427284241,1019.3062744140625,1019.6148681640625,0.9987892508506775,336.0791320800781,498.3900146484375,0.9991471767425537,333.0318603515625,610.3007202148438,0.9987369179725647,276.6470947265625,551.0463256835938,0.9987934827804565,386.93768310546875,556.80078125,0.9960435628890991,715.60009765625,498.8392333984375,0.9971858859062195,753.5205688476562,717.763916015625,0.999923586845398,693.0065307617188,590.3563232421875,0.9938591122627258,784.8612060546875,575.1968383789062,0.9577016234397888,46.46955490112305,1040.968505859375,0.46257391571998596,41.906639099121094,1012.1614379882812,0.45824673771858215,110.03689575195312,988.7132568359375,0.8226245045661926,184.1206512451172,948.367431640625,0.9724516272544861,88.87247467041016,909.8065795898438,0.5207550525665283,106.87911987304688,922.98486328125,0.9337277412414551,228.2595672607422,942.5538940429688,0.2373502403497696,228.8912811279297,961.4933471679688,0.16230957210063934,219.9311065673828,870.0390625,0.9978814721107483,253.9425506591797,778.8272094726562,0.2897069454193115,272.18292236328125,674.7238159179688,0.5802524089813232
2001,83.44839477539062,116.44384002685547,0.9997774958610535,995.3177490234375,84.54258728027344,0.9999293088912964,218.04112243652344,1029.7857666015625,0.4187076985836029,1020.5431518554688,1019.5523071289062,0.9986717700958252,336.5398864746094,498.2181701660156,0.9989520311355591,331.1529846191406,609.6483154296875,0.9980705380439758,277.5368957519531,550.7896118164062,0.9982045888900757,386.9879455566406,558.0617065429688,0.9963984489440918,712.9703369140625,499.07965087890625,0.9983382225036621,753.3027954101562,717.178955078125,0.9998923540115356,691.6572875976562,588.8974609375,0.9928563833236694,780.2742919921875,551.9005126953125,0.9199621081352234,30.255517959594727,845.7889404296875,0.6677696704864502,82.52174377441406,938.8140258789062,0.8504258394241333,106.0822982788086,960.7718505859375,0.8458650708198547,192.0022430419922,946.7025146484375,0.664082407951355,14.595848083496094,955.9226684570312,0.7219621539115906,114.88858032226562,893.4757690429688,0.6960234045982361,225.93045043945312,937.7910766601562,0.37293803691864014,214.5034942626953,978.3326416015625,0.05937556177377701,232.44293212890625,875.1087646484375,0.95017409324646,243.90065002441406,817.6802978515625,0.31999942660331726,270.612548828125,751.5081176757812,0.8505293130874634
2002,84.27347564697266,116.7054443359375,0.9994722008705139,994.7169799804688,82.83255004882812,0.9999043941497803,227.58868408203125,1026.211669921875,0.9651035666465759,1022.38916015625,1018.6851196289062,0.9991414546966553,335.9039306640625,498.2248229980469,0.9993581175804138,332.2826232910156,610.7918090820312,0.9982686042785645,278.2822265625,551.1435546875,0.9990798234939575,386.2291564941406,557.2166137695312,0.9971081614494324,717.592041015625,499.92059326171875,0.9965607523918152,752.1953735351562,717.0745239257812,0.9998302459716797,690.9017944335938,590.264404296875,0.9930013418197632,782.1932373046875,568.6569213867188,0.9008117914199829,61.42702865600586,804.13916015625,0.9913305044174194,89.71969604492188,901.3212280273438,0.9749141931533813,95.44047546386719,919.0281982421875,0.5112298130989075,131.38601684570312,973.614990234375,0.7056592702865601,50.959171295166016,990.7616577148438,0.6769371032714844,143.15415954589844,913.4033203125,0.8440501093864441,164.6138458251953,1024.49755859375,0.9142267107963562,225.11148071289062,886.2518920898438,0.16425810754299164,235.08726501464844,884.7599487304688,0.15534041821956635,253.54656982421875,790.6822509765625,0.5048395395278931,299.23052978515625,682.3294677734375,0.22924800217151642
2003,84.89607238769531,113.9168701171875,0.9995973706245422,996.1543579101562,83.6634521484375,0.9998972415924072,91.0369644165039,1032.4405517578125,0.9911623001098633,1021.3384399414062,1018.8250122070312,0.9979845285415649,335.8921813964844,498.0377197265625,0.9994762539863586,332.78143310546875,609.6156005859375,0.9977444410324097,277.222900390625,551.26513671875,0.9980415105819702,387.25274658203125,557.6121826171875,0.9964888095855713,716.811767578125,498.17193603515625,0.9951861500740051,753.2714233398438,716.7798461914062,0.9998070597648621,692.1036376953125,590.1665649414062,0.9949426054954529,784.1914672851562,566.797607421875,0.9409733414649963,95.61076354980469,760.9522705078125,0.31542304158210754,92.09636688232422,780.3370971679688,0.6036527752876282,87.51364135742188,882.89404296875,0.5501229166984558,125.14878845214844,952.9634399414062,0.9366265535354614,38.2973518371582,927.9212646484375,0.6914198398590088,140.7341766357422,877.88525390625,0.9797923564910889,172.52687072753906,1019.7861938476562,0.8274642825126648,185.16024780273438,930.245849609375,0.45415323972702026,98.41948699951172,764.64013671875,0.12383192032575607,250.86526489257812,836.1054077148438,0.33349454402923584,271.6183166503906,750.92919921875,0.43018975853919983
2004,84.14181518554688,116.50050354003906,0.999358594417572,996.006103515625,84.09676361083984,0.9998799562454224,88.81129455566406,1033.2030029296875,0.9989956021308899,1019.3707275390625,1018.9329833984375,0.9988413453102112,337.1500549316406,498.4061584472656,0.9990574717521667,331.33746337890625,608.1858520507812,0.995441198348999,277.751708984375,550.227783203125,0.9977586269378662,386.5104064941406,558.4817504882812,0.9938960671424866,714.9581909179688,499.9208984375,0.9931331276893616,753.6980590820312,716.7296752929688,0.9998766183853149,692.6082763671875,589.8722534179688,0.9959031939506531,782.6442260742188,567.28515625,0.8069108128547668,135.90304565429688,721.6978149414062,0.9602088332176208,126.52178955078125,734.4639892578125,0.5925913453102112,119.8161849975586,759.6632690429688,0.6571611166000366,132.0712890625,918.8709106445312,0.9869063496589661,56.68915557861328,862.1282348632812,0.6194491982460022,167.33486938476562,834.6903686523438,0.9809678196907043,105.54576873779297,992.959716796875,0.3273659646511078,183.55496215820312,1017.1032104492188,0.35540467500686646,260.3348388671875,880.7984008789062,0.13012900948524475,270.98333740234375,772.3230590820312,0.029643550515174866,270.3161926269531,759.6729736328125,0.8954953551292419
2005,85.515869140625,113.61962127685547,0.9990310668945312,995.3467407226562,85.29893493652344,0.9996939897537231,90.43463897705078,1032.1680908203125,0.9997376799583435,1020.146728515625,1017.5398559570312,0.9984813332557678,335.5263671875,498.23681640625,0.9993754029273987,331.7149658203125,609.4332275390625,0.995591402053833,277.85015869140625,551.2155151367188,0.9985756874084473,385.78411865234375,557.2919921875,0.9967489242553711,714.2666625976562,500.0453186035156,0.984373927116394,754.06689453125,716.8995361328125,0.9997748732566833,692.9771118164062,588.4730224609375,0.9971900582313538,781.7720336914062,553.6346435546875,0.9377163648605347,183.66856384277344,664.0070190429688,0.956760048866272,166.27708435058594,684.1862182617188,0.9077141880989075,146.40292358398438,747.3099975585938,0.9079238176345825,156.65606689453125,900.048095703125,0.9618257880210876,92.377197265625,812.3693237304688,0.7452349662780762,188.50244140625,793.9434814453125,0.9855696558952332,104.72349548339844,944.497802734375,0.07861225306987762,248.81912231445312,929.5564575195312,0.801927924156189,263.1246032714844,923.58935546875,0.003429708071053028,428.0569152832031,491.1349182128906,0.003318518865853548,128.55416870117188,499.2854919433594,0.12794317305088043
2006,84.05572509765625,116.33299255371094,0.9997808337211609,995.8596801757812,85.63409423828125,0.9997962117195129,88.17011260986328,1030.8070068359375,0.9994940757751465,1018.88623046875,1019.5953979492188,0.9982511401176453,335.6198425292969,497.7561950683594,0.9993414282798767,332.1029357910156,611.5363159179688,0.9950813055038452,277.74822998046875,550.3937377929688,0.9993242025375366,385.3572082519531,557.6937255859375,0.9965888261795044,718.130859375,499.1712341308594,0.9903042912483215,753.06884765625,716.3753051757812,0.9998677968978882,693.3602294921875,590.4817504882812,0.9963722229003906,784.3196411132812,566.21875,0.8890910744667053,250.9268798828125,629.1180419921875,0.9584206342697144,193.09605407714844,671.51220703125,0.9167569875717163,169.7801971435547,699.3560791015625,0.9383212327957153,154.00819396972656,876.60546875,0.9292688965797424,232.94808959960938,870.78271484375,0.2621006369590759,207.53936767578125,754.8914794921875,0.9361576437950134,115.90049743652344,953.3978881835938,0.4510467052459717,104.96930694580078,746.659423828125,0.5558457374572754,155.97654724121094,1006.436767578125,0.15312537550926208,92.3050765991211,1024.3839111328125,0.015140742994844913,128.4923553466797,500.5013732910156,0.12019821256399155
2007,84.6693344116211,116.34550476074219,0.9998335838317871,996.9706420898438,87.57494354248047,0.9995095729827881,88.27233123779297,1031.5762939453125,0.9993459582328796,1020.7183837890625,1018.9459228515625,0.998724639415741,334.8396301269531,497.66302490234375,0.9993380904197693,334.8278503417969,610.7453002929688,0.9974014759063721,276.4809265136719,549.5396118164062,0.9982312321662903,385.66259765625,555.5072021484375,0.9979161620140076,715.759033203125,498.4561767578125,0.9961225390434265,752.468994140625,715.1403198242188,0.9999051094055176,693.88671875,590.9619140625,0.9950843453407288,781.7623901367188,553.606201171875,0.9533494114875793,269.588134765625,616.5678100585938,0.9118788838386536,214.83917236328125,667.606689453125,0.9335846304893494,185.13763427734375,691.9154663085938,0.9812881946563721,149.5616912841797,819.9877319335938,0.9982782602310181,194.54066467285156,917.02392578125,0.8077943325042725,210.89834594726562,757.4249877929688,0.9948140382766724,83.96125793457031,876.2307739257812,0.44858914613723755,123.12718963623047,709.1357421875,0.6604388952255249,159.5010528564453,993.6395263671875,0.0007990687154233456,428.33990478515625,493.0600891113281,0.00185904442332685,128.30137634277344,501.8488464355469,0.16576556861400604
2008,84.30210876464844,116.05326843261719,0.9997490048408508,995.0974731445312,83.4822998046875,0.9999244213104248,90.40341186523438,1031.1739501953125,0.9987353682518005,1021.4149780273438,1019.4799194335938,0.9993610978126526,336.1592712402344,498.50799560546875,0.9985709190368652,333.2789306640625,610.6608276367188,0.9945473670959473,276.9664001464844,549.5922241210938,0.9985068440437317,386.9139709472656,554.7882080078125,0.995353102684021,717.09033203125,499.6839294433594,0.9971454739570618,753.6432495117188,716.0760498046875,0.9998701810836792,694.3699340820312,591.7905883789062,0.9959230422973633,781.8656616210938,546.9027099609375,0.8670454025268555,275.5716857910156,607.5293579101562,0.9721387028694153,218.82974243164062,667.89990234375,0.9960634112358093,193.69166564941406,690.8795166015625,0.9953639507293701,147.58753967285156,795.217529296875,0.8836738467216492,143.0287322998047,688.3252563476562,0.8548389077186584,212.60215759277344,754.08544921875,0.9894818067550659,71.91533660888672,838.8670043945312,0.9876975417137146,207.89894104003906,853.9686889648438,0.6148664951324463,125.11734008789062,918.6754150390625,0.29935359954833984,93.3662109375,1024.3436279296875,0.07064905017614365,127.78038787841797,500.11968994140625,0.12398507446050644
2009,83.32616424560547,115.72484588623047,0.9997230172157288,995.7658081054688,86.51274871826172,0.9998534917831421,47.66459274291992,1066.23876953125,0.9711941480636597,1019.2510375976562,1019.54248046875,0.9986609220504761,336.53704833984375,497.1896667480469,0.9987874627113342,337.0718994140625,609.0430908203125,0.9960195422172546,280.1082458496094,546.9067993164062,0.9981659054756165,387.0812072753906,556.7723388671875,0.9960598349571228,717.9405517578125,498.7969970703125,0.9975300431251526,752.4603271484375,715.778076171875,0.9997759461402893,689.6127319335938,590.8995361328125,0.9966017007827759,782.7763061523438,568.4142456054688,0.8662269711494446,290.0383605957031,608.5013427734375,0.9572046995162964,222.34031677246094,660.1461791992188,0.9982923865318298,196.21060180664062,683.5195922851562,0.9487868547439575,148.3037109375,777.0580444335938,0.9668160080909729,145.8695526123047,680.876953125,0.23290669918060303,206.67018127441406,741.2304077148438,0.8138757348060608,82.48797607421875,821.718017578125,0.96977698802948,205.67613220214844,840.3157958984375,0.9164531230926514,126.8639907836914,903.1367797851562,0.8940151929855347,63.924598693847656,1064.8291015625,0.5038544535636902,148.06517028808594,1056.1539306640625,0.9661231637001038
2010,83.75482177734375,116.13518524169922,0.9998266100883484,994.8594970703125,84.73141479492188,0.9999498128890991,51.419952392578125,1063.390625,0.680666983127594,1018.5661010742188,1020.6688842773438,0.9986754059791565,339.52630615234375,499.07427978515625,0.9996065497398376,344.3062744140625,603.6416625976562,0.9833435416221619,283.6787109375,539.6791381835938,0.9826351404190063,385.66766357421875,556.8988037109375,0.9978797435760498,717.1508178710938,498.8021240234375,0.998742401599884,752.3109741210938,715.3392333984375,0.999795138835907,690.5755615234375,592.5521850585938,0.9949575066566467,785.7293701171875,571.0128784179688,0.9211539030075073,318.0302734375,597.6780395507812,0.48391100764274597,262.4322814941406,628.8036499023438,0.8455546498298645,246.8070526123047,651.2998657226562,0.6731002330780029,167.37229919433594,764.1661987304688,0.6710737943649292,204.2223663330078,634.6258544921875,0.3153041899204254,274.024169921875,691.144287109375,0.954838752746582,103.75415802001953,801.40185546875,0.9274635314941406,123.53190612792969,691.5206909179688,0.5839964151382446,135.590576171875,878.329345703125,0.9344391822814941,60.9816780090332,1064.3568115234375,0.65168297290802,115.6096420288086,1074.806884765625,0.4958908259868622
2011,84.50943756103516,117.79290008544922,0.9995038509368896,993.640380859375,83.22959899902344,0.9998823404312134,81.12943267822266,1021.4393920898438,0.9182683229446411,1016.366943359375,1020.7194213867188,0.9969786405563354,346.9242248535156,492.3962097167969,0.9983733892440796,324.3161926269531,569.3189697265625,0.7953134775161743,290.89892578125,533.5916748046875,0.9975952506065369,395.0444030761719,546.9511108398438,0.9946454763412476,718.5690307617188,499.1980285644531,0.9963198900222778,752.5048828125,716.8068237304688,0.9998793601989746,691.433837890625,590.279541015625,0.9958933591842651,785.6808471679688,574.300048828125,0.9494078755378723,352.50164794921875,541.192626953125,0.8703205585479736,352.0978698730469,593.365234375,0.9156498312950134,306.68292236328125,636.7828369140625,0.9329222440719604,199.6489715576172,712.7673950195312,0.9865998029708862,266.94171142578125,604.0821533203125,0.5312628149986267,321.2520446777344,673.706787109375,0.939605712890625,140.3146209716797,726.6131591796875,0.29200318455696106,223.528564453125,775.9175415039062,0.36856743693351746,147.63775634765625,844.2810668945312,0.9969967603683472,79.28366088867188,1019.1651000976562,0.4982522130012512,127.517333984375,497.8907470703125,0.05259312316775322
2012,83.89110565185547,115.18698120117188,0.999618411064148,997.0695190429688,83.89395904541016,0.9999345541000366,87.65319061279297,1032.32275390625,0.9936544895172119,1019.1451416015625,1018.9039306640625,0.9986066222190857,344.92401123046875,494.29180908203125,0.9995075464248657,343.4723815917969,576.7833251953125,0.49249133467674255,291.668701171875,535.5432739257812,0.9984537363052368,393.69488525390625,544.5181274414062,0.9991509914398193,717.3878784179688,500.1892395019531,0.9976052045822144,752.048583984375,717.046630859375,0.9998805522918701,692.1553344726562,590.5641479492188,0.997246503829956,786.0152587890625,569.3113403320312,0.8460984826087952,366.3898620605469,540.259033203125,0.48670557141304016,325.5085144042969,630.2573852539062,0.989641010761261,290.9407043457031,661.2069702148438,0.9914261102676392,208.80723571777344,747.3206176757812,0.9611262679100037,234.73716735839844,636.1312255859375,0.9860562086105347,308.8974609375,705.049560546875,0.9128437638282776,144.58316040039062,744.8313598632812,0.8384013772010803,245.81558227539062,780.0131225585938,0.8286896347999573,155.0901641845703,838.715576171875,0.998001754283905,105.94812774658203,961.5374755859375,0.8997647762298584,156.13658142089844,989.2639770507812,0.5244699120521545
2013,85.18862915039062,117.40918731689453,0.9995954632759094,997.2738647460938,85.1846694946289,0.9999111890792847,88.484619140625,1031.412353515625,0.9984123706817627,1023.0082397460938,1019.5416870117188,0.9989436268806458,342.8615417480469,495.6927185058594,0.9997103810310364,347.65655517578125,585.8952026367188,0.8841069340705872,286.3727722167969,537.8977661132812,0.9976266026496887,388.84130859375,549.0814208984375,0.9998475313186646,714.8601684570312,499.106201171875,0.9976542592048645,753.0513916015625,716.508056640625,0.9998990297317505,692.2796020507812,592.1272583007812,0.9957543611526489,785.2484741210938,570.6075439453125,0.8779939413070679,369.96905517578125,595.5208129882812,0.4477658271789551,307.612548828125,641.4296264648438,0.9959422945976257,279.677734375,671.4718627929688,0.9975603818893433,213.93626403808594,750.4000854492188,0.9976872205734253,241.1178436279297,629.6923828125,0.9874963760375977,321.287109375,711.5672607421875,0.9858611822128296,159.21018981933594,745.9700927734375,0.940676212310791,250.24520874023438,785.9424438476562,0.8792058825492859,156.33750915527344,833.69140625,0.9991865754127502,100.67990112304688,956.4851684570312,0.9762275218963623,199.1750030517578,1056.7412109375,0.8264334201812744
2014,84.61834716796875,115.83914947509766,0.999904990196228,998.11669921875,81.94116973876953,0.9998425245285034,89.9922103881836,1033.2642822265625,0.9945527911186218,1022.1370239257812,1020.4048461914062,0.9987325072288513,343.3657531738281,494.9317932128906,0.9991777539253235,363.34576416015625,595.38330078125,0.9682118892669678,288.05010986328125,536.8790283203125,0.9796674251556396,391.1402893066406,550.8024291992188,0.9996645450592041,711.6314086914062,498.40380859375,0.9989414811134338,752.8854370117188,717.5352783203125,0.9999082088470459,691.1166381835938,591.5724487304688,0.9953574538230896,780.0419921875,553.7634887695312,0.925659716129303,349.26837158203125,558.9909057617188,0.12131581455469131,282.7073974609375,661.6575927734375,0.9964534044265747,271.1991882324219,684.1688842773438,0.9839637875556946,211.9593048095703,760.3362426757812,0.9981825351715088,230.25393676757812,648.305419921875,0.815322995185852,352.8396911621094,627.7634887695312,0.9606924653053284,162.52403259277344,747.4505004882812,0.9018610119819641,251.51571655273438,791.79931640625,0.8139265775680542,158.75454711914062,833.0309448242188,0.9952285289764404,93.10651397705078,980.1672973632812,0.9635745286941528,265.25811767578125,1063.0438232421875,0.8281855583190918
2015,83.40399169921875,116.68423461914062,0.9997815489768982,995.1198120117188,85.76687622070312,0.9999269247055054,85.2874526977539,1037.9501953125,0.6872379183769226,1023.3995361328125,1019.5452880859375,0.9988841414451599,340.7980041503906,498.52020263671875,0.999500036239624,347.1369323730469,594.3114013671875,0.9394944906234741,289.59173583984375,542.3191528320312,0.9449474215507507,386.0855712890625,553.8683471679688,0.9975071549415588,713.0152587890625,499.72998046875,0.996340811252594,752.9842529296875,717.078369140625,0.9998539686203003,692.0443115234375,592.8186645507812,0.9973275661468506,781.1409301757812,551.17333984375,0.8976571559906006,294.5663146972656,643.1639404296875,0.10481548309326172,268.6192321777344,671.865234375,0.9930481910705566,256.103271484375,702.37353515625,0.9991519451141357,208.58233642578125,763.4401245117188,0.9960532188415527,214.76492309570312,664.5125122070312,0.9190066456794739,311.3402099609375,722.6581420898438,0.9605442881584167,157.8450164794922,750.046875,0.9724054336547852,248.1298828125,796.9733276367188,0.8823267817497253,155.08668518066406,834.596923828125,0.9990192651748657,81.55561828613281,971.1514892578125,0.8912737369537354,204.2078094482422,1059.1563720703125,0.9512134790420532
2016,84.01806640625,117.1460952758789,0.9994291663169861,994.5986938476562,82.2950439453125,0.9998704195022583,88.83113098144531,1036.95654296875,0.9511911273002625,1024.033935546875,1020.669921875,0.9990655779838562,339.0940856933594,497.9556884765625,0.9993533492088318,354.628173828125,601.1495361328125,0.9510847330093384,284.7330322265625,541.6755981445312,0.9449666738510132,387.9038391113281,551.8338012695312,0.9981697797775269,716.9754638671875,499.33526611328125,0.9968616962432861,753.8012084960938,717.6436767578125,0.9998267292976379,691.6365966796875,591.7200317382812,0.9965494871139526,780.71630859375,558.65673828125,0.9538242816925049,298.5745849609375,585.9658813476562,0.07213278859853745,243.62464904785156,690.047119140625,0.99960857629776,236.2206268310547,710.3966064453125,0.992152988910675,204.06320190429688,774.1229858398438,0.9986041188240051,186.8533935546875,690.6783447265625,0.9720696210861206,323.42010498046875,628.9151611328125,0.8092265725135803,154.6251220703125,758.3433837890625,0.9838258624076843,238.4557647705078,797.5277099609375,0.8439654111862183,152.58096313476562,836.4513549804688,0.9989433884620667,102.45626068115234,1033.1025390625,0.9555190801620483,199.9893035888672,1059.3232421875,0.9871841073036194
2017,84.90113830566406,117.72705078125,0.9991356730461121,994.8623046875,82.71277618408203,0.9998717308044434,86.44220733642578,1037.2222900390625,0.7698349356651306,1022.6970825195312,1019.4742431640625,0.9993270635604858,336.62884521484375,497.434814453125,0.9986255168914795,350.8812561035156,601.51806640625,0.9594913125038147,283.2879638671875,541.173095703125,0.9795677661895752,386.5351257324219,548.8652954101562,0.9989737272262573,716.5103759765625,498.7522277832031,0.9883557558059692,753.4521484375,717.2965087890625,0.999932050704956,690.0704345703125,590.29931640625,0.9972733855247498,781.279296875,558.0941772460938,0.9693987965583801,243.67562866210938,669.1371459960938,0.20363089442253113,236.76498413085938,691.9982299804688,0.992041289806366,229.01736450195312,713.6201782226562,0.9967414736747742,199.4451446533203,775.185791015625,0.990810751914978,174.9991455078125,699.0757446289062,0.7968541383743286,307.462646484375,623.268798828125,0.9410175681114197,156.79742431640625,762.543701171875,0.9353656768798828,238.55108642578125,797.96142578125,0.8816636204719543,156.33279418945312,840.5380249023438,0.9987550973892212,84.8108901977539,979.9632568359375,0.9685550928115845,200.23170471191406,1060.12939453125,0.9955323934555054
2018,85.1095199584961,118.52641296386719,0.99967360496521,994.919677734375,83.0416259765625,0.9999582767486572,85.07013702392578,1036.38134765625,0.9737160801887512,1021.1593017578125,1019.2874145507812,0.998286783695221,337.8309326171875,498.0201416015625,0.9990084767341614,352.7248840332031,602.7578125,0.9090093970298767,283.1835021972656,543.3994140625,0.95090651512146,385.2441101074219,550.7149658203125,0.9985700845718384,714.3924560546875,498.6722106933594,0.995940089225769,753.3906860351562,716.4688110351562,0.9999154806137085,691.0458984375,591.3872680664062,0.9901843070983887,782.3031005859375,558.8046264648438,0.949591875076294,284.6645202636719,589.026123046875,0.2542389929294586,239.1855010986328,688.0780639648438,0.9986112117767334,226.39590454101562,713.2438354492188,0.9968841671943665,202.3029327392578,775.8568115234375,0.9996802806854248,177.3126678466797,705.0545043945312,0.8779842853546143,307.81365966796875,622.7266235351562,0.8962060809135437,152.1068878173828,761.9777221679688,0.941188633441925,239.04624938964844,797.3171997070312,0.992352306842804,155.85076904296875,840.9111938476562,0.999359667301178,86.85377502441406,974.4661254882812,0.9789732098579407,199.98348999023438,1058.822509765625,0.9878453612327576
2019,83.42145538330078,112.80294036865234,0.9959499835968018,994.1618041992188,86.1686019897461,0.999904990196228,85.0583724975586,1037.1575927734375,0.9516217708587646,1024.2303466796875,1020.4408569335938,0.999427318572998,338.14166259765625,497.9616394042969,0.9987718462944031,347.85711669921875,595.7777709960938,0.9671182036399841,283.3674011230469,541.8133544921875,0.9695068001747131,385.79638671875,552.2978515625,0.9973829388618469,715.6452026367188,498.5657653808594,0.9975979924201965,752.6047973632812,717.1632080078125,0.9999096393585205,689.78857421875,586.5242919921875,0.9933140873908997,780.8264770507812,566.413330078125,0.805790364742279,274.66357421875,658.0135498046875,0.5985916256904602,242.0919952392578,698.0479736328125,0.9874958992004395,233.36009216308594,721.3170776367188,0.9939103126525879,204.94386291503906,776.2471923828125,0.9966816306114197,259.1370849609375,606.3120727539062,0.9127012491226196,314.8185729980469,624.8883666992188,0.9892052412033081,154.6586456298828,758.186279296875,0.9864020943641663,251.25653076171875,797.2467651367188,0.9065300226211548,157.8368377685547,839.5707397460938,0.9988414645195007,86.21175384521484,971.2559814453125,0.9499865174293518,239.84133911132812,1061.4442138671875,0.9950215816497803
2020,85.46631622314453,113.82405090332031,0.9998119473457336,994.44677734375,86.40567779541016,0.999948263168335,87.14923095703125,1039.8505859375,0.9163087606430054,1022.2637939453125,1019.702880859375,0.9989739656448364,340.7449645996094,498.2336120605469,0.998847246170044,342.4250183105469,598.7318725585938,0.9930952191352844,283.771728515625,542.1025390625,0.9878472089767456,386.0898742675781,554.6316528320312,0.9965477585792542,715.8746337890625,498.5962829589844,0.9979477524757385,753.3152465820312,717.4194946289062,0.9999359846115112,691.3566284179688,591.7152099609375,0.9958223104476929,783.6673583984375,568.4141235351562,0.7296227812767029,295.51092529296875,596.2798461914062,0.526573896408081,246.68728637695312,694.75341796875,0.999219536781311,236.79913330078125,719.4890747070312,0.9990156888961792,197.77186584472656,765.0330810546875,0.9686638712882996,191.23292541503906,682.1680908203125,0.8461301326751709,320.9171447753906,646.0250854492188,0.933274507522583,151.9847412109375,763.118896484375,0.9413814544677734,252.04348754882812,798.5888061523438,0.9407609105110168,155.52627563476562,839.9066162109375,0.998464822769165,85.90992736816406,974.4549560546875,0.9857580661773682,234.10301208496094,1059.448486328125,0.9714121222496033
2021,84.75243377685547,115.48616790771484,0.9997439980506897,995.2211303710938,86.02377319335938,0.9999282360076904,88.52886962890625,1039.0238037109375,0.9314100742340088,1022.0289916992188,1019.8828735351562,0.998615026473999,339.85650634765625,498.0844421386719,0.997565507888794,344.3675537109375,596.2794189453125,0.9896770119667053,283.23809814453125,542.2369384765625,0.9869148135185242,386.9864501953125,552.9335327148438,0.9978764057159424,716.1021118164062,498.5294494628906,0.9937760829925537,753.8742065429688,718.1958618164062,0.9998914003372192,692.2633666992188,590.7713623046875,0.9979008436203003,781.9005126953125,566.233154296875,0.6126996278762817,280.7627258300781,655.435302734375,0.37074288725852966,246.50526428222656,700.2890625,0.991523265838623,238.67222595214844,726.3844604492188,0.9993162155151367,199.44467163085938,781.6643676757812,0.9931554198265076,182.9251708984375,700.6148681640625,0.5108341574668884,325.07769775390625,652.4290771484375,0.977681040763855,150.1815185546875,766.2383422851562,0.978602409362793,235.8443603515625,812.4434814453125,0.9770037531852722,155.8993682861328,840.7332763671875,0.9982073307037354,85.84494018554688,965.1085815429688,0.9794053435325623,238.20135498046875,1060.459228515625,0.9730775952339172
2022,85.88525390625,114.44989013671875,0.9995710253715515,994.5220336914062,85.14093780517578,0.9998704195022583,86.69963073730469,1037.1142578125,0.866107702255249,1023.4196166992188,1020.2379150390625,0.9992406368255615,340.81878662109375,497.5007629394531,0.9985826015472412,342.0245361328125,599.9560546875,0.993750274181366,283.3738098144531,542.179443359375,0.9893654584884644,386.2135009765625,555.1112060546875,0.9974616765975952,716.567138671875,499.87200927734375,0.9960836172103882,752.7557983398438,717.8665161132812,0.9997592568397522,690.1737670898438,588.2459716796875,0.9979681372642517,784.8328857421875,574.3463134765625,0.9589636921882629,292.36309814453125,662.2833862304688,0.7983301877975464,254.4835968017578,702.4868774414062,0.9963255524635315,240.90890502929688,726.35107421875,0.9993712306022644,196.78631591796875,779.5607299804688,0.9967955946922302,205.27584838867188,679.6942138671875,0.4085398018360138,330.51947021484375,655.325927734375,0.6931906938552856,152.13040161132812,762.2457885742188,0.9882938861846924,232.93284606933594,813.48486328125,0.9739512205123901,156.18531799316406,841.341552734375,0.9991245865821838,86.89862823486328,966.2028198242188,0.9847254157066345,237.59095764160156,1061.2891845703125,0.9678032398223877
2023,83.9074935913086,117.02413940429688,0.9996359348297119,992.3869018554688,84.29723358154297,0.9994322657585144,84.10924530029297,1035.9864501953125,0.9913668036460876,1022.6754150390625,1020.3323974609375,0.9991955161094666,340.89892578125,497.980712890625,0.9984474778175354,340.5506896972656,600.1138916015625,0.9921402335166931,282.4676208496094,543.5699462890625,0.9899735450744629,386.1641540527344,555.106201171875,0.9972225427627563,716.1729736328125,498.1813049316406,0.994840681552887,753.4088745117188,717.150146484375,0.9999010562896729,690.5928955078125,588.663818359375,0.997450053691864,781.6282348632812,568.1967163085938,0.9153067469596863,314.0489807128906,646.5126342773438,0.44818583130836487,255.53025817871094,707.0233154296875,0.9987803101539612,243.26393127441406,731.5626220703125,0.9991170763969421,199.8332977294922,770.6782836914062,0.996793806552887,202.53805541992188,682.6669921875,0.9341779947280884,260.2420654296875,786.6049194335938,0.8468210697174072,154.17913818359375,760.955810546875,0.9785000085830688,231.72450256347656,810.1439819335938,0.9690561890602112,157.739990234375,841.0822143554688,0.9988387227058411,86.77442932128906,956.91552734375,0.9772242307662964,198.7213134765625,1057.5252685546875,0.9905676245689392
2024,84.8680191040039,115.75179290771484,0.9998476505279541,994.9984741210938,83.85724639892578,0.9999114274978638,89.20752716064453,1039.9261474609375,0.8949912786483765,1022.4036865234375,1021.8231201171875,0.997806966304779,341.0917663574219,497.7767333984375,0.9983943104743958,340.9864807128906,601.6359252929688,0.9960089921951294,282.43408203125,543.2152709960938,0.9715853929519653,386.9058837890625,557.0106811523438,0.9962651133537292,718.0177612304688,498.3558349609375,0.9953847527503967,753.6954956054688,715.920166015625,0.9999167919158936,691.736328125,592.5364379882812,0.994952917098999,784.1859741210938,572.5660400390625,0.9601782560348511,263.3417663574219,687.46923828125,0.4129994213581085,252.49432373046875,708.3829956054688,0.9876775145530701,244.72161865234375,735.5724487304688,0.993973433971405,197.81190490722656,776.5565185546875,0.9821338057518005,203.4971923828125,682.2716064453125,0.4887842833995819,240.5540313720703,639.8961791992188,0.6734574437141418,154.05596923828125,756.6563720703125,0.9789161086082458,241.8214569091797,803.7391357421875,0.9811212420463562,159.94354248046875,839.4378662109375,0.9980356097221375,93.73922729492188,1015.4520874023438,0.9679872989654541,201.93968200683594,1056.8377685546875,0.9880913496017456
2025,83.77230834960938,115.09544372558594,0.9993826150894165,995.6987915039062,85.40784454345703,0.9998409748077393,86.14198303222656,1036.6639404296875,0.9536018967628479,1022.009765625,1020.1171264648438,0.9993476271629333,341.3332214355469,497.7600402832031,0.9986914992332458,338.7145690917969,605.0137329101562,0.982380747795105,282.40216064453125,543.691650390625,0.9911648631095886,387.3883056640625,556.8555908203125,0.996801495552063,719.0689697265625,497.9463195800781,0.9975958466529846,753.4779052734375,717.949951171875,0.9999164342880249,690.3081665039062,588.7291259765625,0.9959557056427002,783.7574462890625,566.1806030273438,0.8626832962036133,307.48431396484375,664.87353515625,0.3515304923057556,251.5011444091797,717.9822387695312,0.9762704968452454,242.92724609375,742.7023315429688,0.9987720847129822,201.7230987548828,784.5892333984375,0.9961898326873779,246.23696899414062,639.681884765625,0.7614313364028931,263.67572021484375,790.9195556640625,0.7648746371269226,156.6151885986328,762.017822265625,0.9765475392341614,236.2220916748047,809.889892578125,0.9550608396530151,154.73524475097656,842.507568359375,0.9989045858383179,92.41979217529297,1014.5001220703125,0.9639711380004883,205.3623504638672,1057.82421875,0.9746685028076172
2026,83.17581939697266,116.93661499023438,0.9996583461761475,994.466552734375,84.21546173095703,0.9998043179512024,88.17825317382812,1042.9769287109375,0.8642136454582214,1024.7021484375,1018.723876953125,0.999398946762085,341.9156799316406,497.7460021972656,0.9989084005355835,339.0549621582031,605.913330078125,0.995415210723877,283.1839904785156,543.8680419921875,0.9900396466255188,387.5416259765625,557.7149658203125,0.9963788390159607,716.8248291015625,500.52117919921875,0.9961347579956055,753.011474609375,717.2183227539062,0.9998639822006226,690.4751586914062,591.1207885742188,0.9941125512123108,780.6219482421875,570.5982055664062,0.9009721875190735,309.9174499511719,662.634765625,0.4250343143939972,252.0796661376953,716.5606689453125,0.992678165435791,241.2784423828125,740.6494140625,0.9943423271179199,195.62022399902344,786.6102294921875,0.9994210004806519,205.24813842773438,686.1805419921875,0.7575942277908325,260.71246337890625,792.7435913085938,0.880776584148407,153.5583038330078,766.2991333007812,0.9454551935195923,235.4935302734375,822.14697265625,0.9535005688667297,152.31124877929688,842.6854248046875,0.9991069436073303,83.57772064208984,971.8233642578125,0.9544911980628967,198.69940185546875,1056.701171875,0.9937251210212708
2027,83.96340942382812,118.59640502929688,0.9992406368255615,995.5053100585938,82.94889068603516,0.999897837638855,85.43964385986328,1034.23828125,0.9922244548797607,1020.2764282226562,1019.5811767578125,0.9991356730461121,340.4752197265625,497.2394104003906,0.9991175532341003,341.2211608886719,605.7862548828125,0.9872610569000244,283.6185607910156,544.1962890625,0.9963666200637817,387.93536376953125,558.0393676757812,0.9980626702308655,717.5795288085938,499.10931396484375,0.9914303421974182,753.1499633789062,716.88623046875,0.9998555183410645,689.03466796875,591.1783447265625,0.9960953593254089,781.226806640625,553.4937133789062,0.8810880780220032,333.6396179199219,641.7610473632812,0.024611743167042732,248.82070922851562,712.8179931640625,0.9858582615852356,242.35659790039062,731.3914184570312,0.9937803149223328,195.50198364257812,786.8995971679688,0.9988370537757874,247.0706329345703,792.0838623046875,0.08009369671344757,263.5674743652344,795.4599609375,0.6523149609565735,154.6591033935547,759.66650390625,0.971359372138977,228.6425323486328,822.3477783203125,0.9116790890693665,149.45913696289062,841.96533203125,0.9982659220695496,83.18001556396484,974.7029418945312,0.9504759311676025,210.1534881591797,1055.4075927734375,0.9983962178230286
2028,83.86515808105469,115.2070083618164,0.9994186162948608,996.7608032226562,82.78163146972656,0.9998149275779724,90.95619201660156,1031.699462890625,0.9990344047546387,1021.6437377929688,1020.499755859375,0.9990115165710449,341.74737548828125,496.2872619628906,0.9986699819564819,341.0989990234375,607.1806030273438,0.9934811592102051,283.5547180175781,544.1292114257812,0.9937064051628113,390.1719055175781,557.0453491210938,0.9979645013809204,714.0606689453125,500.197265625,0.9940276145935059,752.8914184570312,717.5020141601562,0.9999109506607056,690.3697509765625,592.1954345703125,0.9954073429107666,780.9072875976562,549.41259765625,0.9014395475387573,161.1705780029297,726.7717895507812,0.026584437116980553,226.8672332763672,771.3668212890625,0.6468085646629333,225.07736206054688,734.4190063476562,0.964914858341217,194.53822326660156,796.8903198242188,0.7429589033126831,290.9397888183594,759.4320068359375,0.8466031551361084,296.02899169921875,752.2533569335938,0.1653406023979187,292.9962158203125,662.6925048828125,0.28778132796287537,228.217529296875,649.0953369140625,0.8038296699523926,154.2144775390625,833.9183349609375,0.9975456595420837,83.15868377685547,931.9801635742188,0.9880308508872986,212.40513610839844,1048.697998046875,0.9596448540687561
2029,86.48601531982422,115.06561279296875,0.9993858337402344,996.4585571289062,86.01271057128906,0.9994856119155884,87.3291244506836,1030.1573486328125,0.9988756775856018,1022.2288818359375,1020.2017211914062,0.9995226860046387,340.87237548828125,496.46514892578125,0.99893718957901,339.5067138671875,608.1048583984375,0.9960294961929321,282.3256530761719,543.73046875,0.9874059557914734,388.3549499511719,556.8612060546875,0.9983993172645569,715.5848388671875,500.34442138671875,0.9913448095321655,752.7709350585938,717.18994140625,0.9997875094413757,689.2822265625,591.129638671875,0.996134877204895,781.0160522460938,565.5432739257812,0.8687337636947632,247.75645446777344,819.605712890625,0.1124827042222023,211.57325744628906,788.4378662109375,0.9638907313346863,221.62908935546875,760.0154418945312,0.23213551938533783,207.44395446777344,692.1334838867188,0.3723973035812378,274.84844970703125,764.1796264648438,0.9426949620246887,165.5609893798828,740.4928588867188,0.12580648064613342,152.14849853515625,761.1619873046875,0.5871238112449646,268.01373291015625,777.250732421875,0.06180316582322121,156.30445861816406,831.3728637695312,0.9173310399055481,82.86674499511719,954.0968627929688,0.847215473651886,234.5314483642578,1030.1251220703125,0.8240517377853394
2030,84.4873046875,113.8574447631836,0.9997833371162415,995.379150390625,83.21664428710938,0.9998834133148193,87.7928695678711,1030.970703125,0.9995697140693665,1019.44677734375,1018.947021484375,0.9991996884346008,338.1375427246094,498.1623229980469,0.9994789958000183,333.4258117675781,610.3433227539062,0.9976825714111328,277.14422607421875,548.9386596679688,0.9985606074333191,386.84417724609375,558.1520385742188,0.9977280497550964,716.0556030273438,499.38330078125,0.9976917505264282,753.0586547851562,716.8475952148438,0.9998797178268433,691.1151733398438,590.5573120117188,0.9963087439537048,781.1764526367188,557.8300170898438,0.8349031805992126,264.3969421386719,632.0697021484375,0.04695048928260803,215.5100860595703,803.1785278320312,0.9711602330207825,218.73324584960938,793.829833984375,0.22493579983711243,203.431640625,746.4728393554688,0.016240006312727928,262.1654052734375,784.2791748046875,0.7542300224304199,259.43048095703125,642.4215087890625,0.13832508027553558,115.35676574707031,716.7782592773438,0.02223348803818226,252.51239013671875,653.4871826171875,0.08789648860692978,144.77615356445312,832.89990234375,0.9786365032196045,80.34596252441406,927.0094604492188,0.9443912506103516,192.7274627685547,1044.8765869140625,0.9022271037101746
2031,83.63087463378906,113.79808044433594,0.9989275336265564,995.3726806640625,84.27155303955078,0.9998987913131714,88.07418823242188,1032.392822265625,0.9995813965797424,1021.90966796875,1019.29638671875,0.9991855025291443,338.4582214355469,497.7890930175781,0.9994183778762817,331.8992004394531,609.2977294921875,0.9976166486740112,278.4786071777344,548.5936279296875,0.9991914629936218,386.80426025390625,557.219970703125,0.9974445104598999,717.1826171875,500.1225280761719,0.9972442388534546,753.5802612304688,716.5208129882812,0.9998629093170166,689.3189086914062,591.1679077148438,0.9962299466133118,781.8380126953125,572.058349609375,0.9057580828666687,29.388805389404297,719.905029296875,0.9887081384658813,75.03186798095703,734.6677856445312,0.815264105796814,127.2990951538086,752.454345703125,0.23833629488945007,197.73291015625,794.1928100585938,0.8696277141571045,130.1766357421875,790.1915283203125,0.25701001286506653,157.8489990234375,710.08740234375,0.4359200894832611,108.99440002441406,801.1927490234375,0.08743990957736969,187.3931427001953,828.0731811523438,0.18788830935955048,134.94448852539062,831.1312255859375,0.970246434211731,82.33932495117188,943.0115356445312,0.9212088584899902,225.76947021484375,1028.349609375,0.8071383833885193
2032,84.25150299072266,115.26270294189453,0.9996482133865356,997.041748046875,83.3669662475586,0.9999115467071533,89.25312042236328,1032.9658203125,0.9975523352622986,1021.4154663085938,1019.6484985351562,0.9989402890205383,338.85772705078125,498.0317687988281,0.9992541670799255,331.0844421386719,609.5612182617188,0.99592125415802,277.8995666503906,547.9317016601562,0.9984001517295837,386.9750671386719,559.0726928710938,0.9973737001419067,716.42333984375,501.1458740234375,0.9961091876029968,753.4266967773438,716.149658203125,0.9998908042907715,691.0823364257812,589.8715209960938,0.9952503442764282,783.2777099609375,582.345947265625,0.795023500919342,0.8855221271514893,745.3226928710938,0.2742280066013336,50.30143356323242,757.8196411132812,0.7894030213356018,80.83341217041016,762.9647216796875,0.8726051449775696,168.66537475585938,773.6438598632812,0.49161189794540405,106.62583923339844,803.0332641601562,0.8341773152351379,97.20480346679688,718.1841430664062,0.9916632175445557,233.21449279785156,820.7996215820312,0.4104822278022766,257.6205139160156,751.819091796875,0.8150573968887329,270.96734619140625,756.3216552734375,0.006632627919316292,81.87470245361328,939.80712890625,0.9272368550300598,193.4009552001953,1043.898193359375,0.636795699596405
2033,82.30110168457031,114.37109375,0.9998910427093506,996.0772094726562,83.75287628173828,0.9999485015869141,89.10218048095703,1033.094970703125,0.9980291724205017,1019.4713134765625,1019.0693359375,0.9991212487220764,338.4608154296875,498.20794677734375,0.9993788003921509,332.5915222167969,609.636962890625,0.998701810836792,277.619873046875,549.1889038085938,0.9983055591583252,386.67755126953125,558.2880859375,0.9975093603134155,720.0400390625,500.17913818359375,0.9967021346092224,752.64990234375,715.4951171875,0.9998849630355835,691.505615234375,588.549560546875,0.9966501593589783,783.8377075195312,569.4365844726562,0.9623538851737976,44.375465393066406,839.9408569335938,0.3437548279762268,22.831729888916016,784.7161865234375,0.1668340414762497,47.93472671508789,784.8692626953125,0.20978489518165588,176.4120635986328,777.1931762695312,0.9659758806228638,234.18142700195312,743.7012939453125,0.7533715963363647,30.305505752563477,715.5599365234375,0.5826683640480042,239.46060180664062,813.9864501953125,0.8143747448921204,240.68353271484375,746.834716796875,0.9772785305976868,105.99837493896484,881.3749389648438,0.018312927335500717,87.57182312011719,970.2863159179688,0.9349059462547302,188.934326171875,1040.119384765625,0.7553501129150391
2034,83.70948028564453,115.91751861572266,0.9995846152305603,995.9879760742188,83.95349884033203,0.9999656677246094,87.57614135742188,1033.4967041015625,0.9977020621299744,1022.2744140625,1019.4368286132812,0.9990910291671753,337.3147277832031,498.33209228515625,0.9993576407432556,330.9353332519531,608.0601806640625,0.9943475127220154,277.4077453613281,550.2111206054688,0.9988325238227844,387.17578125,557.4421997070312,0.9978988170623779,716.8108520507812,500.8625793457031,0.998594343662262,752.559326171875,717.328125,0.9998815059661865,691.7376708984375,591.46533203125,0.9860510230064392,783.9944458007812,569.7811889648438,0.8670979142189026,40.102752685546875,870.8080444335938,0.658105194568634,28.422958374023438,722.81103515625,0.6999457478523254,43.76101303100586,729.2587280273438,0.4419476389884949,176.26358032226562,778.923095703125,0.733561098575592,49.63383483886719,833.4965209960938,0.9788570404052734,81.06492614746094,720.6632690429688,0.9622293710708618,141.67813110351562,842.3928833007812,0.10787668079137802,234.27410888671875,746.39208984375,0.9711537957191467,99.14339447021484,895.7210693359375,0.008767846040427685,84.4916763305664,966.1183471679688,0.9607152342796326,170.3539581298828,1039.9608154296875,0.9402368664741516
2035,85.39229583740234,114.8282699584961,0.9996170997619629,996.0260620117188,85.93919372558594,0.9998868703842163,88.86738586425781,1032.819091796875,0.9953078627586365,1018.9228515625,1019.1617431640625,0.9988055229187012,337.3048400878906,498.4740905761719,0.9993971586227417,332.59979248046875,609.907958984375,0.9963885545730591,277.99798583984375,550.564697265625,0.99863201379776,386.9093322753906,558.1276245117188,0.9963515996932983,714.5606689453125,500.9601135253906,0.999183714389801,753.7313842773438,717.5927734375,0.9998985528945923,690.7987060546875,590.6505126953125,0.9748719334602356,780.659423828125,556.426025390625,0.8943628072738647,42.61113357543945,877.3385009765625,0.46289002895355225,16.777170181274414,726.4117431640625,0.8952250480651855,26.632461547851562,731.2080078125,0.9201911687850952,166.24378967285156,782.9482421875,0.9198054075241089,83.20303344726562,815.1856689453125,0.8757990002632141,82.76213836669922,728.6087646484375,0.7607601881027222,174.7738800048828,825.3333740234375,0.17835424840450287,220.06263732910156,752.7437133789062,0.8969018459320068,174.8769073486328,836.2501831054688,0.002672733971849084,86.14674377441406,971.2920532226562,0.9750024676322937,164.3347930908203,1041.268798828125,0.34413453936576843
2036,85.43961334228516,117.60179901123047,0.9997636675834656,997.7386474609375,83.28429412841797,0.9998712539672852,87.08586120605469,1033.06494140625,0.9980154037475586,1020.0531005859375,1019.5960083007812,0.9989838004112244,337.50042724609375,498.17022705078125,0.9991763234138489,332.7470703125,609.7874755859375,0.9974628686904907,277.7877502441406,550.6058959960938,0.9967588782310486,386.9208679199219,557.952880859375,0.9963139891624451,715.923583984375,499.9648742675781,0.998645007610321,753.6746215820312,717.5036010742188,0.9999175071716309,692.4013671875,592.0956420898438,0.9899880290031433,780.306884765625,554.180908203125,0.7629867792129517,1.805199146270752,708.8107299804688,0.12950457632541656,9.49056339263916,727.2385864257812,0.7027927041053772,16.2647705078125,731.0238647460938,0.2827675938606262,166.81829833984375,767.7437133789062,0.9806240200996399,56.698760986328125,836.302978515625,0.7514469027519226,82.96341705322266,729.6369018554688,0.7807103395462036,195.76795959472656,819.583251953125,0.26627057790756226,223.55352783203125,742.6092529296875,0.9322082996368408,236.029541015625,749.1268310546875,0.002627329435199499,85.96305084228516,967.7108764648438,0.9821016192436218,214.01010131835938,1038.06640625,0.4314509332180023
2037,85.68405151367188,114.99507904052734,0.9985523819923401,998.2737426757812,83.84242248535156,0.9998550415039062,87.85403442382812,1034.0831298828125,0.9972856044769287,1018.2051391601562,1020.2340087890625,0.9987744688987732,337.66864013671875,498.78314208984375,0.9995149374008179,334.77008056640625,609.781494140625,0.9962526559829712,277.89422607421875,551.794921875,0.9963235855102539,387.94830322265625,558.7203979492188,0.996956467628479,715.4074096679688,499.0880432128906,0.9987367987632751,754.0233764648438,715.8368530273438,0.9999233484268188,688.8782958984375,590.6203002929688,0.9929874539375305,782.8690185546875,556.2899169921875,0.9060904383659363,2.085824966430664,706.6483764648438,0.10262753814458847,12.182696342468262,721.703125,0.9331203103065491,19.471378326416016,729.2709350585938,0.9848259687423706,177.24826049804688,765.9896240234375,0.8685222268104553,97.1288070678711,809.7244873046875,0.7213156223297119,67.88148498535156,719.59375,0.6566766500473022,182.37660217285156,822.2529296875,0.4279758930206299,223.03013610839844,748.6705932617188,0.8897837400436401,183.77590942382812,825.0242309570312,0.0068925973027944565,86.66236877441406,971.2498779296875,0.991910994052887,147.88613891601562,877.9998168945312,0.5059109330177307
2038,85.90203857421875,116.2390365600586,0.9987253546714783,995.0227661132812,86.57550048828125,0.9999388456344604,87.31848907470703,1034.3033447265625,0.9990503191947937,1018.5357666015625,1018.6204223632812,0.9992534518241882,337.5652770996094,498.3038330078125,0.9993172883987427,333.7066650390625,610.310302734375,0.9954777359962463,277.57318115234375,551.3717041015625,0.9934312701225281,386.727783203125,557.2897338867188,0.9970930814743042,716.0192260742188,500.3876037597656,0.9986528158187866,754.928955078125,716.5781860351562,0.9998350143432617,690.0081176757812,591.5863037109375,0.9919983744621277,783.9085693359375,570.0119018554688,0.9186344742774963,2.4918432235717773,710.8888549804688,0.14309737086296082,16.717527389526367,721.522705078125,0.8166999816894531,30.394304275512695,726.269775390625,0.8074319362640381,184.3766326904297,747.9783325195312,0.7547340393066406,104.50679016113281,813.4808959960938,0.787830114364624,84.15011596679688,716.6846313476562,0.5764734745025635,193.33250427246094,809.1835327148438,0.6796958446502686,223.0275115966797,742.9092407226562,0.7518641948699951,121.46145629882812,892.315673828125,0.735474705696106,89.95174407958984,982.3375854492188,0.9737034440040588,153.27340698242188,1038.16162109375,0.8653081655502319
2039,83.64828491210938,115.4786376953125,0.9996234178543091,995.1082153320312,84.35398864746094,0.9999732971191406,85.94743347167969,1032.6280517578125,0.9977278113365173,1022.1857299804688,1020.5873413085938,0.9985894560813904,336.8076171875,498.6701965332031,0.9994173049926758,333.11126708984375,609.6480102539062,0.994537889957428,277.8455505371094,551.5257568359375,0.9966922998428345,386.967529296875,556.1864013671875,0.9976383447647095,716.6516723632812,499.7554931640625,0.9981502294540405,753.0104370117188,717.2057495117188,0.9999117851257324,689.8999633789062,595.1691284179688,0.9967987537384033,782.2352905273438,550.5816650390625,0.8458207249641418,1.9534037113189697,708.2108154296875,0.07526805251836777,26.533588409423828,713.6497192382812,0.8327772617340088,40.00806427001953,723.2926025390625,0.9420172572135925,178.87266540527344,749.8027954101562,0.9828218817710876,117.57752227783203,808.4967651367188,0.9827787280082703,86.41217041015625,710.7886352539062,0.6937047243118286,181.19540405273438,808.4239501953125,0.3137683868408203,220.31692504882812,737.0830688476562,0.9602909088134766,196.78041076660156,805.4402465820312,0.6461977362632751,89.00727844238281,978.8436279296875,0.9779385328292847,149.18902587890625,1037.2720947265625,0.6181403398513794
2040,83.71807861328125,115.66155242919922,0.9994837045669556,996.2476806640625,83.52937316894531,0.9999366998672485,86.08779907226562,1031.9295654296875,0.9976757168769836,1018.6275024414062,1019.423095703125,0.9991148114204407,336.2446594238281,498.51458740234375,0.9993076324462891,333.8161926269531,609.4685668945312,0.9927642941474915,277.62188720703125,551.0401611328125,0.9979165196418762,386.93817138671875,557.6015625,0.9980968832969666,716.710693359375,498.87139892578125,0.9985388517379761,753.2328491210938,717.2590942382812,0.9999209642410278,690.990234375,595.0867919921875,0.9964174032211304,781.5841674804688,556.298095703125,0.903910219669342,3.330814838409424,693.2899780273438,0.18142539262771606,45.39080047607422,701.0707397460938,0.7381646633148193,66.03388977050781,712.9032592773438,0.8353909254074097,174.7956085205078,755.0782470703125,0.9703850150108337,51.10730743408203,723.3746948242188,0.6293142437934875,96.34841918945312,708.214111328125,0.9124279618263245,200.10531616210938,795.5457153320312,0.37990686297416687,228.5055389404297,737.5890502929688,0.8616732358932495,195.1392364501953,819.577392578125,0.12620767951011658,88.9505844116211,981.23583984375,0.9583038687705994,163.6053924560547,884.1370239257812,0.5305449962615967
2041,83.6742172241211,119.40525817871094,0.9996606111526489,994.7991943359375,83.9560546875,0.9995537400245667,86.50945281982422,1030.6512451171875,0.9982876181602478,1018.5011596679688,1020.3333740234375,0.9984297156333923,336.0072326660156,496.6197814941406,0.9987632036209106,334.27130126953125,608.0888671875,0.9924556016921997,277.2187805175781,547.6403198242188,0.9990874528884888,387.5755615234375,554.820068359375,0.9911093711853027,716.1316528320312,501.0452575683594,0.9987199306488037,752.9432983398438,715.7799072265625,0.9998767375946045,693.7313232421875,600.4530639648438,0.9946137070655823,781.7920532226562,557.12451171875,0.8881696462631226,23.7723445892334,686.221435546875,0.15536394715309143,8.420106887817383,782.826171875,0.7920798659324646,80.66655731201172,714.8475952148438,0.8869695067405701,154.77928161621094,801.255859375,0.8331689834594727,192.34963989257812,843.0535888671875,0.29052430391311646,112.59222412109375,720.4705200195312,0.8559684157371521,216.07827758789062,782.4093627929688,0.1369422823190689,238.98782348632812,748.0501708984375,0.6225144863128662,170.4439697265625,895.0908203125,0.0019179866649210453,93.53382873535156,976.8091430664062,0.9156401753425598,176.1311798095703,895.7665405273438,0.7835997939109802
2042,83.61054992675781,117.29837799072266,0.999650239944458,996.5341186523438,84.59754943847656,0.9997535347938538,86.9940414428711,1034.1103515625,0.9970695972442627,1021.0172729492188,1021.0357666015625,0.9980864524841309,337.0134582519531,497.7042541503906,0.9988651275634766,331.0617370605469,607.7388916015625,0.9870690107345581,277.9144592285156,547.83203125,0.9984163045883179,386.6888427734375,557.0179443359375,0.9944729208946228,717.6054077148438,500.52801513671875,0.9980134963989258,754.5877075195312,717.23095703125,0.9998956918716431,693.2623901367188,596.2120361328125,0.9973082542419434,782.5911254882812,551.9288940429688,0.8356163501739502,197.96156311035156,829.6124267578125,0.4142133891582489,103.51603698730469,792.8762817382812,0.543112576007843,108.25904083251953,792.8070068359375,0.32757630944252014,195.57919311523438,760.3390502929688,0.3502669632434845,156.8268585205078,837.0608520507812,0.5384716391563416,78.58043670654297,750.600830078125,0.9695949554443359,248.03451538085938,792.7195434570312,0.28166094422340393,173.4785614013672,888.06005859375,0.1567695289850235,172.13192749023438,893.5021362304688,0.009318712167441845,94.77692413330078,979.7247924804688,0.8848292827606201,155.93190002441406,1037.9818115234375,0.2792230546474457
2043,84.35662841796875,117.77693939208984,0.9997226595878601,995.9967651367188,83.15895080566406,0.9999300241470337,86.18384552001953,1034.3118896484375,0.9973540306091309,1017.1189575195312,1019.745849609375,0.9986347556114197,338.4937438964844,497.6745300292969,0.9992133378982544,332.5444030761719,607.6763916015625,0.9901300072669983,278.0997619628906,548.4080810546875,0.9985707998275757,387.39599609375,557.3587646484375,0.9964393973350525,716.0029296875,500.6914978027344,0.9974289536476135,755.23583984375,716.8618774414062,0.9999171495437622,692.7890014648438,594.8084106445312,0.9917933344841003,783.3541259765625,568.3367919921875,0.8626270294189453,-0.10054302215576172,772.4730224609375,0.16470055282115936,105.57603454589844,795.4503784179688,0.9234485030174255,97.98343658447266,791.5316772460938,0.22802960872650146,194.27670288085938,757.4931640625,0.47377103567123413,172.7126922607422,796.2265625,0.347398579120636,90.17910766601562,753.247802734375,0.9140927195549011,114.42306518554688,872.921142578125,0.01616670750081539,176.3506622314453,886.0816650390625,0.829123318195343,167.88092041015625,892.2066650390625,0.6703747510910034,95.77420043945312,982.5933227539062,0.9136857986450195,229.43922424316406,1038.8680419921875,0.5470077395439148
2044,86.13028717041016,116.08963775634766,0.9994693398475647,995.8956298828125,85.73734283447266,0.9998266100883484,86.27283477783203,1032.7315673828125,0.9984690546989441,1021.548828125,1020.781494140625,0.9978591799736023,339.090087890625,497.58355712890625,0.9994103908538818,333.9125671386719,609.925048828125,0.9873374104499817,277.5163269042969,547.757568359375,0.9984883069992065,388.3848876953125,557.1129150390625,0.9954147338867188,717.4049682617188,499.71661376953125,0.9978070855140686,754.0927124023438,717.0750122070312,0.9999462366104126,690.8718872070312,589.1593017578125,0.9941604733467102,784.9693603515625,578.283203125,0.8613300323486328,64.47850036621094,684.0180053710938,0.28143346309661865,107.11299133300781,796.3047485351562,0.7941092252731323,108.38084411621094,716.7852172851562,0.42879658937454224,153.14422607421875,760.5471801757812,0.21661722660064697,168.904052734375,841.4462280273438,0.6887409090995789,87.38136291503906,755.8285522460938,0.7243775725364685,247.3475341796875,780.8236083984375,0.33492839336395264,180.0413818359375,884.8507690429688,0.9395926594734192,172.01040649414062,891.1884765625,0.593358039855957,94.36526489257812,979.7574462890625,0.968549907207489,229.70480346679688,1041.8580322265625,0.3450775742530823
2045,85.6122055053711,116.57443237304688,0.999756395816803,994.4408569335938,84.88662719726562,0.9999587535858154,84.40399932861328,1032.3916015625,0.9990676045417786,1021.8411254882812,1020.42333984375,0.9985927939414978,338.9206848144531,496.9964599609375,0.9992365837097168,332.1669006347656,609.5565185546875,0.9924112558364868,277.654052734375,547.8322143554688,0.9983155727386475,386.4327697753906,557.7362670898438,0.9972608089447021,715.2496337890625,500.6875915527344,0.9936773180961609,755.6389770507812,715.7382202148438,0.9999140501022339,690.2246704101562,593.8098754882812,0.992191731929779,786.121337890625,575.376708984375,0.9367428421974182,1.0409369468688965,779.0173950195312,0.1546994000673294,111.9604721069336,803.6898803710938,0.9023723006248474,123.82807159423828,818.210205078125,0.33202728629112244,191.9401397705078,767.8585815429688,0.1995089054107666,173.26089477539062,844.9793090820312,0.6251720786094666,94.33159637451172,755.0471801757812,0.961624026298523,210.0360565185547,779.8311767578125,0.040331777185201645,175.66683959960938,886.5520629882812,0.4492568373680115,168.996826171875,893.4082641601562,0.17873364686965942,92.84790802001953,978.6193237304688,0.9506587386131287,177.59812927246094,900.8676147460938,0.2693016827106476
2046,84.83292388916016,116.69054412841797,0.9997202754020691,995.6744384765625,84.28985595703125,0.9998452663421631,82.89318084716797,1032.81005859375,0.9991716146469116,1018.7134399414062,1020.997802734375,0.998468816280365,338.3998107910156,497.405029296875,0.9991718530654907,334.1518859863281,610.2276000976562,0.9973493814468384,277.8602600097656,549.2576904296875,0.9982837438583374,388.5069274902344,556.08642578125,0.9975537657737732,717.6790161132812,500.04241943359375,0.9905264377593994,753.8525390625,715.7694091796875,0.9999344348907471,692.7840576171875,592.4449462890625,0.9920375347137451,786.101806640625,567.2514038085938,0.8368960022926331,172.3141632080078,896.9609985351562,0.24833078682422638,102.5211181640625,794.1942749023438,0.8694292306900024,115.1319808959961,785.1202392578125,0.8113040328025818,206.75820922851562,766.8679809570312,0.338295578956604,166.25645446777344,851.1357421875,0.5141270756721497,85.61664581298828,759.5884399414062,0.6771634221076965,117.15204620361328,889.2426147460938,0.0192838404327631,172.1967010498047,887.7943115234375,0.2046850621700287,167.64810180664062,897.7785034179688,0.09225276112556458,90.40385437011719,979.5308837890625,0.9525953531265259,147.8159942626953,1038.762451171875,0.7921025156974792
2047,83.54927062988281,115.1372299194336,0.9997971653938293,997.0846557617188,83.19316864013672,0.999962329864502,84.01915740966797,1032.0703125,0.9714722037315369,1019.08349609375,1020.3436279296875,0.9983547329902649,338.0458679199219,497.372802734375,0.9993034601211548,332.503662109375,609.6590576171875,0.9947861433029175,277.5033264160156,549.4239501953125,0.9986634254455566,386.96612548828125,556.6028442382812,0.9970628619194031,718.8780517578125,499.741943359375,0.9921654462814331,754.1499633789062,715.7837524414062,0.9999428987503052,692.5310668945312,589.189208984375,0.9913240671157837,785.3887939453125,569.054931640625,0.8146126866340637,196.19142150878906,850.1826782226562,0.3758975565433502,106.12937927246094,808.1342163085938,0.8172597885131836,110.66451263427734,802.7418823242188,0.35975274443626404,203.3897247314453,770.7019653320312,0.5295208096504211,178.49026489257812,805.0562133789062,0.8131697773933411,98.76145935058594,763.5712890625,0.9190630912780762,242.97943115234375,794.4721069335938,0.14494623243808746,234.11228942871094,750.1185913085938,0.4922872483730316,167.65127563476562,898.9429321289062,0.04315265640616417,88.93287658691406,980.2122192382812,0.9198979139328003,145.99368286132812,1041.1827392578125,0.9268346428871155
2048,83.71949005126953,116.89226531982422,0.9997727274894714,996.6737060546875,82.71923065185547,0.9999043941497803,85.31559753417969,1034.1954345703125,0.995682954788208,1019.3729248046875,1018.6976318359375,0.9987126588821411,337.7590026855469,497.7547912597656,0.9990804195404053,332.69561767578125,609.978515625,0.9917729496955872,277.510986328125,549.9405517578125,0.9990181922912598,387.8089599609375,557.3759155273438,0.996679425239563,717.7979125976562,499.810791015625,0.9974084496498108,754.6565551757812,715.3929443359375,0.9999099969863892,693.0880126953125,591.4125366210938,0.9884155988693237,785.4075317382812,568.50634765625,0.8312621712684631,195.6109619140625,851.9181518554688,0.12367208302021027,14.030515670776367,787.81982421875,0.45666295289993286,125.31012725830078,737.6499633789062,0.4283859431743622,205.5368194580078,774.6539306640625,0.2640805244445801,178.48179626464844,809.6213989257812,0.8648107647895813,86.40277862548828,773.2843627929688,0.6317877769470215,237.67025756835938,794.1702880859375,0.022773796692490578,244.2860870361328,755.706298828125,0.3095102608203888,168.6436767578125,901.0374755859375,0.021838394924998283,88.30901336669922,979.5652465820312,0.8863369226455688,149.08657836914062,1035.91796875,0.3785894215106964
2049,86.32610321044922,114.86651611328125,0.9997511506080627,995.5599365234375,86.31935119628906,0.9999336004257202,84.45287322998047,1032.1416015625,0.9436212778091431,1019.0549926757812,1020.1764526367188,0.9957494735717773,338.16766357421875,497.31622314453125,0.999171257019043,333.6175231933594,610.1709594726562,0.9940738081932068,277.909423828125,549.2492065429688,0.9986202716827393,388.1656494140625,558.1617431640625,0.9968960285186768,718.562255859375,499.7908020019531,0.9977191090583801,752.9757690429688,715.8248901367188,0.9999407529830933,692.9599609375,587.878662109375,0.9806068539619446,781.862548828125,547.9714965820312,0.5221624970436096,192.95896911621094,858.3428344726562,0.27295222878456116,109.7950210571289,806.2487182617188,0.7058541178703308,131.5518035888672,741.1447143554688,0.17929910123348236,206.07440185546875,780.571533203125,0.6042869091033936,183.33494567871094,805.7979736328125,0.5205549597740173,82.11585998535156,770.142822265625,0.9288502335548401,240.70164489746094,777.2939453125,0.02191808819770813,176.02178955078125,890.79833984375,0.32424038648605347,166.2047882080078,900.340087890625,0.10117456316947937,87.5558853149414,977.5560302734375,0.8722866773605347,148.3813018798828,1038.7720947265625,0.9494026899337769
2050,85.29985046386719,114.3182601928711,0.9996494054794312,996.0252075195312,84.28174591064453,0.9999065399169922,85.0826416015625,1031.2216796875,0.9891936182975769,1021.7312622070312,1021.0894775390625,0.9982511401176453,338.76348876953125,497.6528015136719,0.9990094900131226,332.4439392089844,610.3145751953125,0.9938170313835144,277.75933837890625,549.1948852539062,0.9990239143371582,387.0483703613281,558.8919677734375,0.9938836097717285,718.8079833984375,498.7104187011719,0.9985451698303223,754.1926879882812,717.0861206054688,0.9999370574951172,690.4179077148438,587.691650390625,0.9906196594238281,781.6983032226562,553.0542602539062,0.8574170470237732,-0.3711528778076172,786.989990234375,0.19216610491275787,108.39990997314453,809.7128295898438,0.816691517829895,127.47660064697266,739.3463745117188,0.1937808096408844,196.27464294433594,775.98779296875,0.7539629340171814,180.28138732910156,812.0460205078125,0.48302409052848816,81.70330810546875,775.0108032226562,0.8175687789916992,234.62586975097656,792.0257568359375,0.1153973713517189,163.06993103027344,901.3638305664062,0.1750057339668274,161.4690399169922,903.2095947265625,0.1705770045518875,87.16755676269531,980.3480834960938,0.9273818135261536,134.5475311279297,1040.2625732421875,0.4808669090270996
2051,86.87998962402344,115.77958679199219,0.9996021389961243,996.4960327148438,81.71672058105469,0.9999532699584961,84.77286529541016,1031.9969482421875,0.9929779171943665,1019.632568359375,1020.6237182617188,0.9971110820770264,337.3518371582031,497.65203857421875,0.9989891648292542,333.4883117675781,609.9747314453125,0.9959010481834412,277.8056945800781,549.3363647460938,0.9989399313926697,388.06341552734375,557.1082153320312,0.9938613176345825,718.271728515625,500.0037841796875,0.998329222202301,753.990966796875,716.6436157226562,0.9999473094940186,692.0081787109375,591.3740844726562,0.9891519546508789,785.8146362304688,576.177978515625,0.8395029902458191,-0.015746116638183594,787.8572998046875,0.23448261618614197,114.2828598022461,809.8115844726562,0.6515762805938721,31.890748977661133,794.2545166015625,0.09571719169616699,196.56085205078125,781.42626953125,0.44291526079177856,179.02920532226562,810.02490234375,0.4232404828071594,80.27967834472656,775.887939453125,0.9816210865974426,246.273193359375,794.980224609375,0.41367098689079285,176.9249725341797,888.4931030273438,0.40675103664398193,163.73141479492188,901.2493896484375,0.36800506711006165,87.73567962646484,979.89794921875,0.8934767842292786,140.1435546875,1035.5816650390625,0.732864499092102
2052,85.01952362060547,115.00607299804688,0.9996235370635986,996.2890014648438,81.5197982788086,0.9999150037765503,84.0473403930664,1030.9320068359375,0.9925240874290466,1022.475341796875,1019.9148559570312,0.999091625213623,336.9726867675781,498.139892578125,0.9988515377044678,333.6829833984375,610.250244140625,0.996304988861084,277.1767578125,550.4346313476562,0.999271810054779,388.34228515625,556.1511840820312,0.9964190721511841,720.1419067382812,499.4092102050781,0.9954990744590759,753.4506225585938,717.7444458007812,0.9999247789382935,692.1004028320312,592.3290405273438,0.9944270849227905,785.7921142578125,569.57470703125,0.8993933796882629,123.89701080322266,714.6879272460938,0.7103217244148254,14.708724975585938,789.8140258789062,0.6392338275909424,132.8350067138672,781.8256225585938,0.20441189408302307,142.53564453125,772.9176025390625,0.2550709843635559,178.68093872070312,805.532958984375,0.865725576877594,86.3820571899414,771.2319946289062,0.8974342942237854,246.46839904785156,794.8571166992188,0.3953302800655365,170.7122802734375,890.1970825195312,0.34386762976646423,164.60337829589844,900.7806396484375,0.19127850234508514,87.83865356445312,975.6802978515625,0.9604305624961853,148.72360229492188,1033.2177734375,0.832335889339447
2053,85.59666442871094,115.35435485839844,0.9994018077850342,995.8313598632812,83.87979125976562,0.9999514818191528,82.02861022949219,1031.206298828125,0.9891835451126099,1022.2467651367188,1020.2288208007812,0.999064028263092,338.62274169921875,498.300048828125,0.9988272786140442,332.291259765625,608.7980346679688,0.9933890104293823,277.9557800292969,548.3899536132812,0.9986550807952881,387.477294921875,558.3042602539062,0.9929043650627136,717.7699584960938,498.9713134765625,0.9986553192138672,753.6961059570312,717.54052734375,0.9998559951782227,691.0965576171875,590.9896240234375,0.9919248223304749,785.8477172851562,576.796142578125,0.9111402630805969,-0.9021425247192383,787.198486328125,0.1169167160987854,24.37098503112793,790.5759887695312,0.5484928488731384,149.7255401611328,784.6835327148438,0.03335897624492645,185.96853637695312,788.2688598632812,0.9329254031181335,142.56813049316406,857.4334716796875,0.7153480648994446,79.72230529785156,779.1064453125,0.9775287508964539,248.16690063476562,792.2479248046875,0.34343221783638,127.24564361572266,727.8828125,0.8237155675888062,169.80982971191406,902.9304809570312,0.03369465842843056,88.54393768310547,981.2702026367188,0.9625451564788818,137.79119873046875,1040.583251953125,0.9422882199287415
2054,84.7433090209961,116.59446716308594,0.9996436834335327,996.0797119140625,83.89028930664062,0.9999746084213257,84.44947814941406,1033.10595703125,0.997142493724823,1021.807861328125,1020.4982299804688,0.9986314177513123,338.3218078613281,498.33331298828125,0.9991369843482971,332.092529296875,609.0001220703125,0.9973921775817871,277.9280700683594,548.8217163085938,0.9991975426673889,387.3706970214844,557.89306640625,0.9963619112968445,715.3377075195312,498.452880859375,0.9993298053741455,753.6378173828125,717.6884765625,0.9999148845672607,691.1498413085938,588.1266479492188,0.9916395545005798,782.624755859375,572.7969970703125,0.8220949769020081,9.550445556640625,768.233154296875,0.6097134947776794,61.16108703613281,781.3492431640625,0.8197585940361023,79.59183502197266,790.4095458984375,0.4475153982639313,180.47195434570312,789.2083129882812,0.837839663028717,155.11322021484375,728.9264526367188,0.2325795292854309,99.9135971069336,760.1756591796875,0.9806375503540039,253.06069946289062,803.6085205078125,0.3040686845779419,188.0836181640625,847.514404296875,0.822607159614563,167.14610290527344,902.6187744140625,0.3030238151550293,90.63209533691406,986.1721801757812,0.9247437119483948,230.06570434570312,1028.453369140625,0.7308281064033508
2055,84.8897705078125,115.16947174072266,0.9990947246551514,997.554931640625,85.8377685546875,0.999907374382019,84.87242126464844,1033.2685546875,0.9864999651908875,1020.6495971679688,1020.8452758789062,0.9984423518180847,338.9834289550781,498.25079345703125,0.999471127986908,332.0977478027344,609.1900024414062,0.9963577389717102,277.5950927734375,549.0450439453125,0.998783528804779,387.4261474609375,558.033447265625,0.9964838027954102,716.1438598632812,498.4949951171875,0.998521625995636,754.7408447265625,716.8426513671875,0.9999258518218994,691.1852416992188,589.4840698242188,0.9942969679832458,785.9234008789062,567.0633544921875,0.7192842364311218,192.37692260742188,733.069091796875,0.6493573188781738,201.20301818847656,745.631591796875,0.07987716048955917,151.33253479003906,827.5240478515625,0.23511800169944763,144.19418334960938,791.4013671875,0.9664970636367798,191.56887817382812,856.3898315429688,0.1772526502609253,232.07196044921875,785.0751342773438,0.033927660435438156,245.85313415527344,790.8382568359375,0.18787625432014465,192.88397216796875,854.3056030273438,0.8173845410346985,132.732666015625,862.8426513671875,0.28115150332450867,92.86331176757812,986.2496948242188,0.8315426707267761,139.86968994140625,1040.3314208984375,0.7818204164505005
2056,84.127197265625,114.71621704101562,0.9992262125015259,996.1002807617188,84.17305755615234,0.9999710321426392,81.61898803710938,1031.4241943359375,0.9955065250396729,1019.0108032226562,1019.8729248046875,0.9993896484375,337.2124328613281,498.5490417480469,0.9994471669197083,332.2868957519531,610.7612915039062,0.9973291158676147,277.44891357421875,551.0823974609375,0.9992038607597351,387.99212646484375,557.5210571289062,0.9968906044960022,714.6655883789062,497.39959716796875,0.9991575479507446,754.0617065429688,716.19970703125,0.9999563694000244,691.1461791992188,589.5775146484375,0.9931284189224243,782.108154296875,553.0548706054688,0.8003426194190979,228.38180541992188,729.4886474609375,0.3083179295063019,227.11953735351562,760.086669921875,0.568274199962616,210.68710327148438,778.7598876953125,0.26090574264526367,164.389404296875,779.7876586914062,0.95074063539505,215.7919158935547,740.077880859375,0.7764855623245239,248.8245391845703,795.511474609375,0.23897501826286316,102.38597106933594,800.08349609375,0.33941683173179626,219.36480712890625,841.9723510742188,0.901483416557312,180.0709991455078,861.4684448242188,0.22125674784183502,90.63085174560547,995.5388793945312,0.9281560778617859,140.3090362548828,1035.4039306640625,0.9245611429214478
2057,84.6019515991211,114.09931182861328,0.9996048808097839,996.9187622070312,81.66686248779297,0.9999006986618042,83.96086883544922,1031.8751220703125,0.9890841841697693,1021.5133666992188,1020.2714233398438,0.9991530179977417,338.03924560546875,498.46832275390625,0.9994588494300842,331.9983215332031,610.5582275390625,0.99576735496521,277.8118896484375,550.6675415039062,0.9986458420753479,388.4613037109375,556.8438110351562,0.9953022003173828,717.51953125,495.75439453125,0.9982946515083313,754.6248779296875,717.1874389648438,0.9999487400054932,692.8798828125,590.5013427734375,0.993286669254303,783.8589477539062,557.4779663085938,0.8912780284881592,279.775390625,723.178955078125,0.3537987768650055,260.7289123535156,736.7183227539062,0.7805910110473633,201.28367614746094,816.0057373046875,0.8160982728004456,198.8528289794922,780.96826171875,0.04177987575531006,224.05606079101562,737.772705078125,0.897635281085968,271.3037414550781,777.743896484375,0.9525728225708008,183.04515075683594,742.6961669921875,0.0667680948972702,234.3038787841797,741.5100708007812,0.34250161051750183,209.19786071777344,871.7611694335938,0.5341037511825562,90.18028259277344,987.2349853515625,0.9047627449035645,146.67225646972656,1038.5230712890625,0.8514877557754517
2058,85.61334228515625,115.8184585571289,0.9993359446525574,994.76171875,85.09129333496094,0.9999465942382812,83.51058959960938,1030.9647216796875,0.9952126741409302,1022.5614624023438,1019.8243408203125,0.9993464350700378,337.3721618652344,498.4459228515625,0.9993564486503601,332.8232727050781,610.8052978515625,0.9985771179199219,277.2076721191406,550.3284301757812,0.9985747337341309,387.41748046875,558.7462158203125,0.9948084950447083,716.2378540039062,500.1481018066406,0.9985887408256531,754.051025390625,716.2384643554688,0.9999454021453857,691.7040405273438,592.4691772460938,0.9962045550346375,784.0758056640625,568.3682861328125,0.864894449710846,320.24505615234375,684.6515502929688,0.8009942770004272,311.60107421875,698.2659301757812,0.831657886505127,294.6476135253906,719.6924438476562,0.881963849067688,213.69845581054688,789.1337890625,0.9216067790985107,240.45701599121094,722.114013671875,0.9521225094795227,294.5092468261719,763.5214233398438,0.6963358521461487,165.74098205566406,730.2845458984375,0.08767955005168915,192.08692932128906,855.168212890625,0.7860074639320374,186.796875,863.3504638671875,0.030778566375374794,87.39929962158203,987.2866821289062,0.9052243232727051,138.5958251953125,1036.10107421875,0.9768486618995667
2059,85.14012908935547,116.23503112792969,0.9991329312324524,994.0751953125,84.38157653808594,0.9999138116836548,82.7403793334961,1030.1800537109375,0.9819045662879944,1021.5418090820312,1018.9446411132812,0.999238133430481,337.2411193847656,498.3019104003906,0.9992225170135498,332.96893310546875,610.5772705078125,0.9958915710449219,277.273193359375,549.5551147460938,0.9990383386611938,387.393310546875,558.5045166015625,0.9967130422592163,721.1851196289062,498.99609375,0.9970695972442627,754.15380859375,716.7355346679688,0.9998993873596191,690.854248046875,591.6873168945312,0.9953600764274597,787.1743774414062,570.1380004882812,0.9775354266166687,369.06536865234375,661.8556518554688,0.9830410480499268,348.7881774902344,684.8439331054688,0.7735774517059326,325.9973449707031,700.5857543945312,0.8495214581489563,216.26544189453125,773.7573852539062,0.6773782968521118,269.3797302246094,690.49853515625,0.40716424584388733,300.4172058105469,768.86328125,0.925057590007782,119.81201934814453,797.8090209960938,0.2997484505176544,203.28724670410156,847.8106079101562,0.969219446182251,190.35606384277344,878.04150390625,0.028318017721176147,85.49437713623047,983.8679809570312,0.8864777684211731,137.8789520263672,1036.0240478515625,0.939246416091919
2060,85.95618438720703,116.32720184326172,0.999887228012085,994.0435180664062,83.451171875,0.9999192953109741,85.83216857910156,1032.241943359375,0.9745760560035706,1018.9478149414062,1019.1380615234375,0.9993664622306824,337.27960205078125,498.3267517089844,0.9994785189628601,333.00579833984375,610.3187255859375,0.998932421207428,277.24951171875,550.9857177734375,0.9989570379257202,386.8609619140625,559.5242309570312,0.9977987408638,718.4412231445312,500.04412841796875,0.9991807341575623,754.7512817382812,716.4671020507812,0.9999222755432129,689.9884643554688,590.3564453125,0.9936850666999817,784.4551391601562,573.5668334960938,0.9035537838935852,406.2960510253906,656.2914428710938,0.8823863863945007,340.9482727050781,701.9168090820312,0.950314462184906,307.3241882324219,724.4701538085938,0.980537474155426,213.85079956054688,768.92236328125,0.9995829463005066,250.95303344726562,698.8094482421875,0.6443328261375427,311.72308349609375,774.2023315429688,0.9929686188697815,149.71743774414062,735.3232421875,0.40700870752334595,214.33653259277344,843.227294921875,0.9313591122627258,121.02635192871094,788.439208984375,0.13579510152339935,81.29647827148438,988.4519653320312,0.8109748363494873,146.07943725585938,1037.036865234375,0.9019909501075745
2061,83.77154541015625,115.9102554321289,0.9996590614318848,993.6692504882812,85.1212387084961,0.9998735189437866,82.33341217041016,1031.1810302734375,0.9498079419136047,1020.859375,1019.9381713867188,0.9986989498138428,338.5299377441406,499.0643310546875,0.999542236328125,332.8652648925781,610.121826171875,0.9983083009719849,277.76123046875,550.6517944335938,0.9989494681358337,386.24365234375,558.9124145507812,0.9969308972358704,717.333984375,498.6250305175781,0.9980787038803101,754.2343139648438,716.7744140625,0.9999297857284546,688.1425170898438,589.3834838867188,0.9939550757408142,787.1722412109375,579.7848510742188,0.7735993266105652,411.50048828125,637.2388305664062,0.3567498028278351,366.3929443359375,694.7576904296875,0.9997721314430237,339.4728698730469,711.1768188476562,0.9964261651039124,242.427978515625,761.2816772460938,0.9356477856636047,285.15240478515625,676.9501342773438,0.9852487444877625,342.95294189453125,754.9912719726562,0.987728476524353,184.2261199951172,733.7881469726562,0.09272278845310211,248.21038818359375,832.8638916015625,0.7782639265060425,189.5917510986328,862.9228515625,0.5303047895431519,117.25782012939453,958.3870239257812,0.7706822156906128,144.95254516601562,1034.8604736328125,0.6778011322021484
2062,84.68638610839844,114.26983642578125,0.999334990978241,992.2510375976562,83.40336608886719,0.9999256134033203,82.66179656982422,1032.0347900390625,0.9312423467636108,1017.8880004882812,1018.5537719726562,0.9992232322692871,336.18865966796875,498.08477783203125,0.999118983745575,330.9048767089844,608.8145141601562,0.9953515529632568,277.96881103515625,551.0051879882812,0.9992903470993042,386.2565612792969,554.9292602539062,0.9991695880889893,716.9552001953125,498.1456298828125,0.9987700581550598,754.2373046875,716.3960571289062,0.9998981952667236,690.44140625,591.40234375,0.9916380047798157,786.96435546875,583.3538818359375,0.8224697113037109,395.5638732910156,629.7474365234375,0.3389541208744049,368.8865661621094,688.4277954101562,0.9979735016822815,342.9512023925781,709.6891479492188,0.9518167972564697,249.38479614257812,764.7332153320312,0.8582617044448853,288.39556884765625,673.7600708007812,0.9430299401283264,347.86444091796875,756.8245239257812,0.9093695878982544,153.76487731933594,797.566162109375,0.4076663851737976,264.55987548828125,825.1837158203125,0.9030408263206482,412.6773376464844,614.3651733398438,0.8602057695388794,113.83810424804688,950.015380859375,0.4538722336292267,158.15330505371094,1031.160400390625,0.8014960885047913
2063,85.15185546875,117.1164779663086,0.9996716976165771,995.2598266601562,84.7667465209961,0.9999542236328125,86.06786346435547,1034.558349609375,0.9660035967826843,1021.6704711914062,1020.0952758789062,0.9988120794296265,336.2361755371094,497.6369323730469,0.999460756778717,328.7808837890625,609.5545043945312,0.9957114458084106,278.1766662597656,549.9505615234375,0.9989851117134094,386.665283203125,553.4348754882812,0.9988266825675964,717.6390380859375,498.8983154296875,0.9959508180618286,754.4584350585938,715.3854370117188,0.9998862743377686,691.7035522460938,592.0904541015625,0.9967869520187378,787.9708862304688,581.4696655273438,0.7472594380378723,410.3875427246094,604.066650390625,0.8597195148468018,376.4216003417969,679.2275390625,0.9852778315544128,348.6302185058594,702.4422607421875,0.826260507106781,253.07139587402344,745.902587890625,0.6402872800827026,271.5982971191406,647.5630493164062,0.6702641844749451,362.0794982910156,737.0075073242188,0.6988300681114197,195.8258514404297,721.8305053710938,0.21717728674411774,261.6750793457031,822.1740112304688,0.34432175755500793,174.61631774902344,782.126220703125,0.5584043264389038,98.69869232177734,961.773681640625,0.6988863945007324,149.25799560546875,1035.1884765625,0.5142180919647217
2064,83.58772277832031,115.1244888305664,0.999548614025116,996.3743286132812,83.76641845703125,0.9998877048492432,83.57865905761719,1030.4158935546875,0.9846190810203552,1022.1484985351562,1020.3938598632812,0.9989461302757263,341.42913818359375,490.67791748046875,0.9995601773262024,335.9657897949219,599.3212890625,0.9528608918190002,280.6193542480469,544.2655029296875,0.996575653553009,385.556396484375,543.5339965820312,0.9997332692146301,715.8552856445312,499.8043518066406,0.9958276152610779,754.4835205078125,715.7785034179688,0.9999068975448608,693.1356811523438,591.506103515625,0.9932711720466614,783.9952392578125,569.0831909179688,0.7706845998764038,404.15838623046875,598.6167602539062,0.5867170095443726,365.1022644042969,666.961669921875,0.9487219452857971,344.27978515625,691.0349731445312,0.4389565885066986,251.8755645751953,736.616455078125,0.8538890480995178,273.2060241699219,636.91796875,0.7956324815750122,360.4512939453125,726.9227905273438,0.3962448537349701,183.96823120117188,712.1902465820312,0.6575556993484497,271.0934753417969,795.651611328125,0.5483716726303101,183.63217163085938,792.8634643554688,0.8388248085975647,99.53821563720703,955.4652099609375,0.7997203469276428,146.1153564453125,1038.97802734375,0.6172428131103516
2065,86.24574279785156,114.90526580810547,0.9993752837181091,997.6475830078125,83.63744354248047,0.999948263168335,84.50110626220703,1031.462890625,0.9969580173492432,1019.0297241210938,1018.4970092773438,0.9989169836044312,341.5823974609375,490.4200134277344,0.99934321641922,324.9649963378906,595.1676635742188,0.7919180393218994,281.9848327636719,543.8528442382812,0.9948703050613403,385.1338806152344,543.685302734375,0.9958105087280273,718.0704956054688,499.570068359375,0.9961112141609192,753.7444458007812,715.4517822265625,0.9997515082359314,692.0202026367188,592.3724365234375,0.9885860085487366,784.9056396484375,571.9712524414062,0.6181162595748901,356.5364685058594,541.61181640625,0.3099471628665924,370.19921875,642.4392700195312,0.9951463341712952,343.6271057128906,672.8784790039062,0.8991476893424988,262.4541320800781,727.764892578125,0.9250507354736328,279.2252502441406,625.807373046875,0.7887692451477051,369.1017761230469,709.2974243164062,0.7063462138175964,189.5475311279297,709.5570678710938,0.565924882888794,267.2854309082031,792.8504638671875,0.8299329876899719,196.43516540527344,814.7293701171875,0.9788445830345154,97.39578247070312,949.5437622070312,0.9705167412757874,140.45721435546875,1040.979736328125,0.9250659346580505
2066,84.88441467285156,114.25582885742188,0.9997664093971252,996.9786376953125,84.27505493164062,0.999961256980896,86.73493194580078,1030.0826416015625,0.9982779026031494,1022.4099731445312,1019.469970703125,0.9994922876358032,333.2400207519531,501.2403259277344,0.9996440410614014,314.7916564941406,578.1698608398438,0.9257688522338867,281.48175048828125,542.2936401367188,0.9941253662109375,371.55242919921875,534.613037109375,0.9211081862449646,718.2494506835938,499.9331970214844,0.9986213445663452,754.5645141601562,715.730712890625,0.9998884201049805,690.6085815429688,594.447021484375,0.9934518337249756,783.3484497070312,571.9093627929688,0.8673354387283325,409.4804992675781,518.6978759765625,0.913308322429657,401.5450439453125,540.0682983398438,0.6298483610153198,392.6317138671875,549.0208740234375,0.2894744873046875,283.1320495605469,697.0520629882812,0.8605592846870422,287.12835693359375,610.4960327148438,0.9702334403991699,401.1831970214844,610.8311767578125,0.9524559378623962,207.15907287597656,686.0230712890625,0.18304458260536194,285.66180419921875,771.9649658203125,0.9428063035011292,189.63592529296875,799.0015869140625,0.9676021933555603,92.93257904052734,957.9749145507812,0.8908109068870544,144.13954162597656,1038.5394287109375,0.8891862630844116
2067,83.2303466796875,115.72479248046875,0.9993382096290588,994.8881225585938,83.25100708007812,0.9999486207962036,88.61431121826172,1028.7396240234375,0.9972956776618958,1022.1153564453125,1020.6303100585938,0.9994862079620361,333.9398498535156,497.94317626953125,0.9986338019371033,313.0666198730469,555.1397705078125,0.04461773857474327,287.3463439941406,530.789794921875,0.940904438495636,362.3784484863281,520.280517578125,0.44468772411346436,717.1680908203125,499.6603698730469,0.9988285899162292,753.007568359375,715.6912231445312,0.9998729228973389,693.4903564453125,594.619873046875,0.9965067505836487,785.19580078125,568.8917236328125,0.7243043780326843,409.84820556640625,497.6222839355469,0.9742208123207092,374.5303039550781,557.7952270507812,0.9871015548706055,354.97943115234375,585.8519287109375,0.9784526228904724,289.1014404296875,673.4274291992188,0.8500590324401855,288.8317565917969,590.5133056640625,0.9678763151168823,374.2783508300781,649.220947265625,0.9937173128128052,193.8208465576172,698.9034423828125,0.44893887639045715,290.45965576171875,744.4027099609375,0.8003556728363037,191.18743896484375,794.3672485351562,0.9991377592086792,89.07734680175781,981.6488037109375,0.9532023668289185,144.66160583496094,1038.2257080078125,0.8965540528297424
2068,84.79585266113281,115.90433502197266,0.9998327493667603,995.2183837890625,85.36324310302734,0.9999620914459229,90.50613403320312,1031.990234375,0.9998713731765747,1020.4026489257812,1020.2379150390625,0.9982296824455261,340.14166259765625,498.7082824707031,0.8990247845649719,750.1306762695312,710.8787231445312,0.0028164763934910297,298.8327331542969,529.8634643554688,0.6324561238288879,784.16552734375,546.1187133789062,0.004000665619969368,717.1546020507812,500.5933837890625,0.9980621933937073,752.9503784179688,716.0032958984375,0.9998887777328491,692.2017211914062,592.6557006835938,0.9940024018287659,784.8541259765625,568.965087890625,0.7492302656173706,425.0664367675781,477.94793701171875,0.9990891218185425,410.446533203125,512.1102294921875,0.9177938103675842,363.89373779296875,567.5448608398438,0.8616315722465515,286.4121398925781,669.4443969726562,0.9438368082046509,291.6127624511719,581.578125,0.928799033164978,380.919189453125,636.6557006835938,0.9960432052612305,195.22244262695312,704.9837646484375,0.6631028652191162,291.7364196777344,742.7673950195312,0.8650631904602051,191.80078125,786.3333740234375,0.9957621693611145,133.85804748535156,883.3240356445312,0.9658863544464111,195.6791229248047,1041.9820556640625,0.688530683517456
2069,83.48397827148438,114.814453125,0.9995670914649963,994.4271240234375,84.29008483886719,0.999976634979248,90.75370788574219,1029.208740234375,0.9998812675476074,1020.0671997070312,1020.1719970703125,0.9981259703636169,347.21929931640625,490.45562744140625,0.9964227080345154,316.719482421875,558.8136596679688,0.18594907224178314,297.20391845703125,526.3795166015625,0.9931567311286926,387.1620788574219,523.240966796875,0.2872152328491211,715.8177490234375,499.9689025878906,0.9977654218673706,753.3997192382812,715.8927612304688,0.999885082244873,692.3208618164062,591.7361450195312,0.9929888844490051,784.3134765625,568.2559204101562,0.7344125509262085,434.4850158691406,492.22967529296875,0.9882906675338745,430.8247375488281,506.3297119140625,0.9839382767677307,359.6199951171875,586.6692504882812,0.9945977926254272,280.9312438964844,673.3461303710938,0.9972339272499084,290.6396179199219,590.4151611328125,0.9881860017776489,380.802001953125,644.7212524414062,0.9898039102554321,204.73385620117188,690.8300170898438,0.9207132458686829,299.5534362792969,739.5029907226562,0.9154872894287109,192.99465942382812,776.6220092773438,0.9975666999816895,129.09751892089844,883.7573852539062,0.6856163740158081,129.64439392089844,501.0296936035156,0.3911427855491638
2070,82.12223052978516,112.89280700683594,0.9997561573982239,993.6902465820312,85.8639907836914,0.9999339580535889,89.53987884521484,1029.8173828125,0.9997794032096863,1021.4639282226562,1020.4246215820312,0.9985210299491882,350.741943359375,488.5419616699219,0.9967895150184631,345.98590087890625,570.2997436523438,0.906145453453064,292.6709899902344,530.2544555664062,0.9974685907363892,395.88763427734375,537.5377197265625,0.9804101586341858,715.8899536132812,500.0701904296875,0.9961432814598083,752.8793334960938,716.2341918945312,0.9998821020126343,691.3308715820312,594.5120849609375,0.9966720342636108,786.9068603515625,578.5278930664062,0.7028229236602783,437.70196533203125,550.2070922851562,0.8840717077255249,378.03009033203125,590.54248046875,0.9481284022331238,363.252197265625,607.7588500976562,0.958952009677887,278.41876220703125,684.8299560546875,0.9928474426269531,289.20660400390625,600.3909912109375,0.9962064027786255,388.479736328125,651.9995727539062,0.9669299125671387,208.2182159423828,689.5254516601562,0.6284688115119934,292.8281555175781,742.3793334960938,0.9099792242050171,188.89430236816406,778.1710815429688,0.9672507643699646,140.33900451660156,861.9683837890625,0.5536924600601196,124.79161071777344,1014.7652587890625,0.433670312166214
2071,86.58474731445312,114.0745849609375,0.9996041655540466,993.9985961914062,85.1042709350586,0.999799907207489,89.17647552490234,1031.2877197265625,0.9994522929191589,1020.2780151367188,1019.9088745117188,0.9985672235488892,350.8514099121094,489.5246887207031,0.9948668479919434,316.75341796875,576.9692993164062,0.984681248664856,288.09503173828125,535.3479614257812,0.9912202954292297,399.0683288574219,540.7136840820312,0.9975918531417847,713.6689453125,499.68212890625,0.9975437521934509,754.3300170898438,715.9315185546875,0.9999107122421265,690.716796875,593.3679809570312,0.994378387928009,784.3213500976562,568.7988891601562,0.7714273929595947,429.45452880859375,593.2293701171875,0.8677692413330078,420.74737548828125,597.4803466796875,0.897554874420166,332.2110595703125,654.2749633789062,0.6524366140365601,262.802490234375,704.3110961914062,0.9956961870193481,296.5026550292969,606.483154296875,0.9388123750686646,363.5865783691406,689.5302734375,0.9888122081756592,201.361083984375,704.1642456054688,0.9857242703437805,282.3740539550781,748.1012573242188,0.8278040885925293,182.5930938720703,773.4299926757812,0.9958668947219849,87.49142456054688,952.7407836914062,0.7207950353622437,124.42279052734375,1012.7208862304688,0.3938325047492981
2072,85.22594451904297,115.34634399414062,0.9991963505744934,996.768310546875,83.31307220458984,0.9999526739120483,89.38294219970703,1030.5888671875,0.998940646648407,1020.3328247070312,1019.5534057617188,0.9974949359893799,351.3443298339844,489.9643249511719,0.996353268623352,358.86370849609375,589.702880859375,0.9692780375480652,288.3651123046875,537.989013671875,0.9962207674980164,400.11102294921875,542.9315795898438,0.9949359893798828,713.6600952148438,498.88665771484375,0.9984006285667419,752.84765625,715.6652221679688,0.9997757077217102,692.1329956054688,590.43701171875,0.9948825836181641,779.41650390625,545.151611328125,0.7437292337417603,341.1195068359375,590.3397827148438,0.3112778067588806,342.5694274902344,656.91552734375,0.9610381722450256,318.1147766113281,676.7182006835938,0.9673868417739868,251.07972717285156,719.830810546875,0.8170297145843506,284.97613525390625,625.1326904296875,0.6412321329116821,339.5487365722656,727.6260375976562,0.9988057613372803,207.53277587890625,690.0219116210938,0.745280921459198,271.7884826660156,758.6481323242188,0.996940016746521,178.74668884277344,771.41162109375,0.9937531352043152,124.34909057617188,862.923583984375,0.7355825304985046,125.4675064086914,1012.7234497070312,0.6042836308479309
2073,83.4786376953125,116.00212860107422,0.9997468590736389,996.0795288085938,82.47443389892578,0.999962329864502,88.6946029663086,1031.90380859375,0.9993752837181091,1022.215087890625,1019.9343872070312,0.9988429546356201,347.9259338378906,489.871337890625,0.9966241121292114,359.92779541015625,597.0258178710938,0.9963893890380859,288.977294921875,538.56787109375,0.9960281848907471,398.8667297363281,540.4190063476562,0.9931407570838928,713.9351196289062,498.5182189941406,0.9986163377761841,753.5460205078125,715.8425903320312,0.9998036026954651,694.1597900390625,595.6973876953125,0.9966678023338318,782.3362426757812,545.300048828125,0.7210516929626465,339.0085144042969,596.9708862304688,0.899539053440094,330.45513916015625,670.9634399414062,0.9871941208839417,306.087890625,692.0132446289062,0.9986448884010315,242.12664794921875,714.3929443359375,0.9834327697753906,276.74554443359375,638.3577270507812,0.8647262454032898,323.26031494140625,735.8489379882812,0.9881166219711304,214.18348693847656,677.0571899414062,0.5158278942108154,238.71151733398438,765.6748657226562,0.9245594143867493,176.84083557128906,756.5291748046875,0.9263172745704651,103.00228118896484,868.7376098632812,0.4102512300014496,426.2203369140625,487.93768310546875,0.5738361477851868
2074,83.22917175292969,114.01358032226562,0.9998229146003723,993.9699096679688,83.41687774658203,0.9999138116836548,88.72200775146484,1030.675048828125,0.9995540976524353,1018.9412841796875,1019.967529296875,0.9987970590591431,347.71478271484375,490.3631591796875,0.9953016042709351,355.48284912109375,597.8336791992188,0.9915374517440796,289.42431640625,538.6760864257812,0.9965018033981323,397.59234619140625,543.182861328125,0.9877809286117554,717.080810546875,498.6321105957031,0.9995760321617126,753.9130859375,717.404296875,0.9998821020126343,692.1627197265625,590.3182983398438,0.9941913485527039,786.3440551757812,574.9285278320312,0.8734909892082214,334.87115478515625,600.5441284179688,0.7477713823318481,325.5983581542969,682.630126953125,0.9906816482543945,301.2161865234375,698.7762451171875,0.9991389513015747,241.02487182617188,717.1048583984375,0.9658163785934448,269.0353698730469,643.5652465820312,0.7872293591499329,319.54962158203125,740.2115478515625,0.9951316118240356,212.68292236328125,677.2586669921875,0.5026869773864746,252.51063537597656,758.6275634765625,0.982819139957428,412.85321044921875,632.1441040039062,0.9976084232330322,93.09144592285156,881.921142578125,0.874975860118866,130.33328247070312,1011.0267333984375,0.5526323914527893
2075,84.22471618652344,114.9505844116211,0.9998303651809692,997.6002197265625,83.2657241821289,0.9999699592590332,88.42167663574219,1030.1199951171875,0.9991827607154846,1021.3201904296875,1020.18408203125,0.9976988434791565,341.8423767089844,498.49493408203125,0.9996697902679443,350.4580078125,603.1179809570312,0.9676221013069153,281.4685363769531,541.6904907226562,0.9984826445579529,388.9285583496094,549.0105590820312,0.9976429343223572,716.503173828125,498.7744445800781,0.999152421951294,755.0474243164062,715.8807983398438,0.9998389482498169,690.4654541015625,590.2791137695312,0.9935810565948486,783.2232055664062,569.692138671875,0.7328981161117554,327.21173095703125,603.3056030273438,0.23709996044635773,320.71929931640625,687.394287109375,0.9740817546844482,295.42205810546875,703.6808471679688,0.9895227551460266,235.722412109375,722.6860961914062,0.9836038947105408,266.043701171875,646.8771362304688,0.09221603721380234,318.11572265625,745.9322509765625,0.9515071511268616,199.2234344482422,690.2660522460938,0.8844970464706421,249.50172424316406,764.8798217773438,0.8380088806152344,414.4089660644531,659.099853515625,0.9866166114807129,95.01632690429688,882.0730590820312,0.9700334668159485,127.25778198242188,1006.0764770507812,0.7760177850723267
2076,84.20243835449219,116.29849243164062,0.9997590184211731,996.4602661132812,83.28089141845703,0.9999411106109619,89.03692626953125,1030.039306640625,0.9991851449012756,1022.0454711914062,1019.388427734375,0.9989056587219238,340.4222717285156,498.1075134277344,0.99959796667099,350.307861328125,601.5685424804688,0.9097850918769836,282.599853515625,542.4857788085938,0.9991099238395691,390.02362060546875,549.5985107421875,0.999123752117157,716.56396484375,498.5448303222656,0.9990866184234619,752.6837158203125,716.8014526367188,0.9998775720596313,691.6561279296875,589.4280395507812,0.9942392110824585,787.4386596679688,579.6180419921875,0.7688370943069458,411.232421875,640.6363525390625,0.8462264537811279,405.0631103515625,662.7739868164062,0.8331987857818604,287.5641174316406,713.0421752929688,0.6733485460281372,234.1421661376953,719.9024047851562,0.8879950642585754,255.28627014160156,637.549560546875,0.06754621118307114,375.0333557128906,704.6758422851562,0.8482851386070251,195.0253448486328,691.2612915039062,0.9933776259422302,238.51278686523438,767.0545043945312,0.9090795516967773,171.78855895996094,748.9600219726562,0.9042164087295532,94.33139038085938,878.9297485351562,0.892612099647522,127.00273895263672,1010.2222900390625,0.5635955333709717
2077,83.25521850585938,116.31269836425781,0.9998714923858643,994.7373046875,85.08013153076172,0.9998393058776855,88.84053039550781,1031.483154296875,0.9991219639778137,1019.4786987304688,1020.478271484375,0.9991089701652527,341.0323791503906,499.4544372558594,0.9995644688606262,350.7534484863281,603.53466796875,0.9613596796989441,283.3495178222656,540.9881591796875,0.9981314539909363,390.7276306152344,549.5316162109375,0.9986020922660828,718.2186279296875,499.451171875,0.9990648627281189,753.93994140625,716.51318359375,0.9998661279678345,691.822265625,591.3726196289062,0.9942784309387207,786.1243286132812,579.3035278320312,0.7248770594596863,403.4418029785156,700.6097412109375,0.9432013034820557,402.2802734375,703.1771240234375,0.9730829000473022,382.15606689453125,700.7615966796875,0.5106537938117981,231.58702087402344,716.7100219726562,0.9341645240783691,341.62530517578125,657.4183959960938,0.07384835183620453,377.9676513671875,730.7642211914062,0.7931273579597473,191.03515625,687.5294799804688,0.9153692722320557,234.41294860839844,762.8934936523438,0.2987271845340729,182.3489532470703,760.310302734375,0.5138988494873047,92.00521850585938,897.1043701171875,0.9893680214881897,427.2197570800781,488.89959716796875,0.71821528673172
2078,82.77513122558594,116.16942596435547,0.9997791647911072,994.697265625,82.0949478149414,0.9999457597732544,90.3194580078125,1031.1690673828125,0.9995285272598267,1021.1134033203125,1020.6115112304688,0.9984464049339294,336.70867919921875,498.4591064453125,0.9990841150283813,351.5869445800781,594.1517333984375,0.9706951975822449,278.5747375488281,542.2498168945312,0.9974787831306458,386.27667236328125,544.9798583984375,0.9990919828414917,716.32763671875,499.70050048828125,0.9972766041755676,754.2954711914062,717.6123657226562,0.9998781681060791,693.330078125,587.1123046875,0.9970894455909729,783.8569946289062,569.06005859375,0.807728111743927,410.85919189453125,741.9833374023438,0.8134022951126099,398.35302734375,739.4783935546875,0.9889994263648987,359.4052429199219,727.0454711914062,0.6112979054450989,278.6724548339844,722.0658569335938,0.9201911687850952,350.257568359375,681.2260131835938,0.8692587018013,297.17236328125,768.0819091796875,0.8435083627700806,202.44102478027344,680.3916625976562,0.9843148589134216,260.04534912109375,761.837158203125,0.9893605709075928,202.65975952148438,755.6248168945312,0.9934626817703247,94.86619567871094,888.3095703125,0.9687040448188782,431.7281494140625,496.60418701171875,0.07665149867534637
2079,83.71089935302734,115.81399536132812,0.999580442905426,994.95458984375,83.66014862060547,0.9999241828918457,89.55004119873047,1031.1890869140625,0.9996198415756226,1019.161865234375,1019.4319458007812,0.9990367889404297,342.63800048828125,495.4170837402344,0.9988993406295776,344.6083679199219,605.1248168945312,0.9902642965316772,282.9988098144531,547.6549682617188,0.993598461151123,391.4878234863281,547.0181274414062,0.9959263801574707,717.7149047851562,499.9156494140625,0.9983356595039368,754.232421875,716.2579345703125,0.9999369382858276,692.2592163085938,589.1262817382812,0.9972932934761047,784.7515869140625,577.9513549804688,0.9415572881698608,449.0733947753906,777.3286743164062,0.8750247955322266,428.51397705078125,774.8551025390625,0.9771522879600525,368.3240966796875,762.7255859375,0.5802663564682007,299.7281188964844,706.2813110351562,0.8628256320953369,376.99609375,704.35009765625,0.9910693168640137,310.1030578613281,784.5786743164062,0.9910861849784851,216.3295135498047,685.9042358398438,0.6608845591545105,258.0432434082031,764.640380859375,0.979768693447113,203.9761199951172,760.0852661132812,0.9100342988967896,96.733154296875,888.1378173828125,0.6052972078323364,428.0574951171875,495.6360778808594,0.5615655779838562
2080,83.9813003540039,115.58934783935547,0.999779999256134,994.1431884765625,85.22291564941406,0.9999586343765259,89.59317016601562,1031.1156005859375,0.9995840191841125,1018.835693359375,1020.0751342773438,0.9989449381828308,335.5571594238281,498.0038146972656,0.9988127946853638,332.32183837890625,610.2073364257812,0.9965845346450806,276.3388671875,550.1807861328125,0.9977452158927917,384.44830322265625,553.5223388671875,0.9988358616828918,716.427734375,501.5233459472656,0.9974753260612488,753.8113403320312,716.2657470703125,0.999908447265625,690.930419921875,590.144775390625,0.9957369565963745,784.77587890625,572.0271606445312,0.8634964227676392,480.322509765625,793.233642578125,0.7822044491767883,479.20306396484375,787.3419799804688,0.940028965473175,475.1668395996094,784.6616821289062,0.5780798196792603,296.9288635253906,709.67041015625,0.9597679376602173,397.3760681152344,715.1025390625,0.26935622096061707,344.61865234375,789.14013671875,0.9690042734146118,225.6321563720703,702.4487915039062,0.8088550567626953,266.5672302246094,778.0125122070312,0.9052602648735046,211.14154052734375,763.382080078125,0.9146373271942139,97.79540252685547,884.1150512695312,0.6101916432380676,424.7712097167969,497.0205383300781,0.1791166514158249
2081,84.73487854003906,116.08226013183594,0.9996955394744873,996.1072998046875,84.94827270507812,0.9998760223388672,90.60585021972656,1029.7545166015625,0.9992085099220276,1021.5057983398438,1020.4447631835938,0.9985799789428711,337.69219970703125,497.82769775390625,0.999055802822113,334.24517822265625,610.452880859375,0.9974029660224915,276.8382263183594,549.4127807617188,0.9981961846351624,387.0152893066406,555.8137817382812,0.9992990493774414,717.7601928710938,499.3226318359375,0.9968057870864868,753.8727416992188,715.9055786132812,0.9999167919158936,689.2997436523438,588.051513671875,0.9953212141990662,781.8310546875,568.052001953125,0.8105680346488953,508.4263000488281,801.3392333984375,0.049758996814489365,459.4774475097656,790.978271484375,0.8197920918464661,431.3918762207031,784.447998046875,0.951562225818634,332.2951965332031,740.7142944335938,0.9948623776435852,422.3617248535156,734.447509765625,0.4997459650039673,390.4462585449219,807.826416015625,0.9923815131187439,321.3282165527344,683.9024658203125,0.14709937572479248,266.0695495605469,782.602294921875,0.9754669666290283,216.76498413085938,759.6187133789062,0.9361157417297363,131.0406494140625,830.2131958007812,0.6018309593200684,426.6553955078125,493.5704345703125,0.12739698588848114
2082,83.6524429321289,116.55809783935547,0.9996523857116699,996.0148315429688,84.76695251464844,0.9999432563781738,89.9840316772461,1030.278564453125,0.9994685053825378,1020.7252197265625,1019.4593505859375,0.9983718991279602,336.7032165527344,497.91815185546875,0.9989712238311768,333.6878662109375,610.4807739257812,0.9965561628341675,276.8111877441406,549.3506469726562,0.9982072114944458,386.7790222167969,556.6600341796875,0.9989342093467712,718.2086791992188,499.7763977050781,0.9980102181434631,754.133056640625,716.0387573242188,0.9998953342437744,692.0861206054688,592.119873046875,0.9943434000015259,786.6229858398438,574.71630859375,0.9128009676933289,539.5287475585938,807.8546752929688,0.08194274455308914,470.51019287109375,793.8648071289062,0.9863986968994141,445.71051025390625,790.2254638671875,0.9293358325958252,338.0081481933594,739.1383666992188,0.997397780418396,432.593017578125,725.1947021484375,0.7696622610092163,404.5723876953125,807.009033203125,0.8868846297264099,323.9783020019531,674.3101196289062,0.4026687443256378,269.0780944824219,781.4747924804688,0.9985097050666809,210.73045349121094,767.4063110351562,0.7816798090934753,128.09596252441406,836.4104614257812,0.3890876770019531,424.8398132324219,486.6431884765625,0.6058545708656311
2083,85.70990753173828,115.06208801269531,0.9997033476829529,996.6483154296875,84.92201232910156,0.9999659061431885,90.46627807617188,1030.394775390625,0.9994534850120544,1019.0606689453125,1019.4996948242188,0.9980677962303162,336.5472106933594,497.89825439453125,0.9985122084617615,331.91552734375,609.74365234375,0.9973415732383728,276.6043395996094,548.533203125,0.9984133243560791,386.1420593261719,557.4767456054688,0.9983083009719849,716.64306640625,499.40802001953125,0.9969140291213989,754.215087890625,716.7998046875,0.9999032020568848,691.7301635742188,591.543701171875,0.9941827654838562,785.64208984375,575.2295532226562,0.7734969258308411,604.60302734375,811.1504516601562,0.331977516412735,516.0222778320312,793.0801391601562,0.8679072260856628,486.8479919433594,790.4251708984375,0.9775059223175049,354.01312255859375,739.6072998046875,0.9886741042137146,448.82080078125,727.5061645507812,0.2357003092765808,429.8061218261719,809.5589599609375,0.9790448546409607,340.4897155761719,674.03662109375,0.5589942932128906,285.4654846191406,783.3109130859375,0.9920266270637512,233.04098510742188,756.7185668945312,0.9597898125648499,129.79461669921875,832.0538940429688,0.6112108826637268,426.921630859375,484.8787841796875,0.07814870774745941
2084,85.91000366210938,115.05453491210938,0.9994731545448303,995.9759521484375,85.15361022949219,0.9999619722366333,89.73577880859375,1029.5892333984375,0.9996852874755859,1020.1441040039062,1019.9700927734375,0.9987731575965881,337.2023010253906,498.2133483886719,0.9991027116775513,332.41741943359375,608.0593872070312,0.9946857690811157,276.7381591796875,549.200927734375,0.9971197843551636,386.7415466308594,557.3302612304688,0.9988319277763367,719.0509643554688,498.5362854003906,0.9977084398269653,753.8947143554688,716.94677734375,0.9998655319213867,691.3250122070312,587.4175415039062,0.9940820336341858,784.8580322265625,571.0682373046875,0.8907784223556519,634.2384643554688,806.451904296875,0.9077157378196716,529.7225952148438,782.1795043945312,0.9690921306610107,493.78350830078125,775.08544921875,0.4981822669506073,384.5665588378906,742.0831298828125,0.9971919655799866,478.7160339355469,713.5570678710938,0.08691425621509552,449.13775634765625,806.458984375,0.1658029556274414,438.9828186035156,805.572265625,0.7228306531906128,287.7646179199219,770.9035034179688,0.9917423725128174,239.39306640625,741.9685668945312,0.8086996078491211,130.3270721435547,821.8291015625,0.7110716700553894,126.9595947265625,500.4371643066406,0.20955602824687958
2085,85.88365936279297,116.27776336669922,0.9997395873069763,995.6627807617188,84.79435729980469,0.999910831451416,88.93997192382812,1028.9833984375,0.9997155070304871,1021.289794921875,1020.154541015625,0.9985517859458923,338.3078918457031,498.7350769042969,0.9991672039031982,330.40521240234375,607.9639282226562,0.9956216216087341,276.83917236328125,548.109130859375,0.9992191791534424,386.2038879394531,557.610107421875,0.9984423518180847,717.421875,498.4236755371094,0.9979559183120728,754.4861450195312,716.55126953125,0.9998743534088135,691.9937133789062,588.4323120117188,0.9963363409042358,786.1710205078125,575.4818115234375,0.9282673597335815,633.0804443359375,801.6978149414062,0.8436965942382812,540.3349609375,772.345947265625,0.9947252869606018,515.0197143554688,771.3165893554688,0.9482755661010742,396.8877258300781,741.4739990234375,0.9972135424613953,500.75677490234375,709.6023559570312,0.9416648745536804,486.61859130859375,801.600830078125,0.9755488634109497,455.1544189453125,804.279541015625,0.21247515082359314,304.3070983886719,771.9832763671875,0.866826593875885,245.69801330566406,734.53466796875,0.529887855052948,137.0534210205078,814.3729248046875,0.24846982955932617,88.58226776123047,924.882568359375,0.0515199713408947
2086,83.51255798339844,115.51525115966797,0.9998631477355957,995.5498657226562,83.38072967529297,0.9999209642410278,88.7826919555664,1030.611328125,0.9995396137237549,1023.210205078125,1021.0335693359375,0.9992600083351135,339.6040954589844,498.52020263671875,0.9991056323051453,331.3158874511719,610.2935791015625,0.9964321851730347,277.1930236816406,549.7289428710938,0.9980132579803467,386.85504150390625,557.8450927734375,0.9978055357933044,718.2938842773438,499.38525390625,0.9987509250640869,753.5889892578125,717.3181762695312,0.999834418296814,692.6423950195312,594.1590576171875,0.9965952038764954,785.628662109375,571.7210693359375,0.9693670868873596,621.7978515625,805.5151977539062,0.8972831964492798,539.1325073242188,765.895751953125,0.9941802024841309,510.2724609375,759.6239624023438,0.9129602313041687,409.6911926269531,739.392333984375,0.9992015957832336,511.59490966796875,708.0420532226562,0.8529660701751709,470.30694580078125,803.0785522460938,0.9872944951057434,360.46002197265625,661.439208984375,0.679181694984436,337.1295471191406,781.7188720703125,0.38159623742103577,277.0191345214844,722.015625,0.9703558683395386,138.8092041015625,804.2182006835938,0.31639790534973145,82.62442779541016,925.40283203125,0.06120772659778595
2087,86.27104949951172,115.98269653320312,0.9994344115257263,995.5578002929688,81.11688232421875,0.9999473094940186,90.03388214111328,1029.2596435546875,0.999699592590332,1020.81494140625,1020.48291015625,0.9983249306678772,339.44891357421875,498.83489990234375,0.9990633130073547,331.7743225097656,609.3353881835938,0.9971495270729065,276.3560791015625,548.39013671875,0.9973781108856201,386.1559143066406,557.5198974609375,0.9971447587013245,718.0335693359375,498.5990905761719,0.9983354210853577,754.08740234375,716.4878540039062,0.9998965263366699,691.2996826171875,589.6917724609375,0.9931665062904358,784.5191040039062,571.6048583984375,0.9685044288635254,625.5103149414062,809.5750122070312,0.4220530688762665,529.6441040039062,768.6611328125,0.9334758520126343,495.5124206542969,755.3975830078125,0.6435651779174805,418.4861755371094,730.8746948242188,0.9996089339256287,501.93560791015625,693.260009765625,0.07265879213809967,472.52801513671875,801.5100708007812,0.987434446811676,387.2213134765625,671.9143676757812,0.9827797412872314,362.9563903808594,782.8339233398438,0.9689335227012634,284.6192626953125,723.4436645507812,0.16316372156143188,200.15867614746094,733.1864624023438,0.3708077073097229,124.9943618774414,821.0704956054688,0.40594208240509033
2088,86.0240707397461,116.05496215820312,0.9996071457862854,996.3668823242188,82.49309539794922,0.9999476671218872,89.42595672607422,1029.84326171875,0.9997859597206116,1021.1432495117188,1021.01123046875,0.9983713030815125,339.0143737792969,499.0673828125,0.9992768168449402,332.90325927734375,610.6531372070312,0.998511016368866,277.3175964355469,550.0000610351562,0.9955053329467773,386.3829650878906,557.5696411132812,0.9969647526741028,717.5883178710938,498.4203796386719,0.9991045594215393,752.6537475585938,715.6727905273438,0.9998856782913208,691.0570678710938,592.330078125,0.9957808256149292,785.2705688476562,576.8721313476562,0.9463719725608826,571.4354858398438,830.6351318359375,0.8785039782524109,556.3871459960938,804.0995483398438,0.9968532919883728,529.77783203125,779.5856323242188,0.9502488970756531,434.8507995605469,734.16748046875,0.4724549651145935,516.958251953125,715.1221313476562,0.9616376161575317,492.93951416015625,802.2228393554688,0.9994838237762451,399.7629699707031,677.3656005859375,0.5727546811103821,371.8726501464844,770.7817993164062,0.9945098161697388,327.96405029296875,730.1144409179688,0.986185610294342,236.38482666015625,730.0570678710938,0.3928655982017517,64.84233856201172,859.1940307617188,0.03812756389379501
2089,85.04965209960938,116.28477478027344,0.9996777772903442,995.081787109375,83.4215087890625,0.9999512434005737,90.28759765625,1030.01123046875,0.9997904896736145,1020.771240234375,1020.4710693359375,0.9985840320587158,339.5276184082031,499.6905212402344,0.9988263249397278,332.9858093261719,610.6281127929688,0.9982176423072815,277.24530029296875,548.9146728515625,0.9962711334228516,386.3597412109375,558.056640625,0.9920390844345093,717.876708984375,498.41668701171875,0.9986394047737122,753.5213623046875,716.2940063476562,0.9999200105667114,690.3287353515625,591.609130859375,0.9953239560127258,785.4436645507812,574.71337890625,0.9450140595436096,565.8046875,841.1748046875,0.7257216572761536,547.0006713867188,828.2914428710938,0.7913459539413452,495.4964294433594,775.5340576171875,0.793397843837738,428.3853759765625,735.58203125,0.829119086265564,514.9927978515625,733.3675537109375,0.9606463313102722,459.16778564453125,810.1943969726562,0.8636072278022766,444.58587646484375,700.3125610351562,0.7644003629684448,383.6880798339844,768.8975219726562,0.8853148818016052,338.24755859375,736.7957153320312,0.9587799906730652,233.85658264160156,727.8048706054688,0.6763195395469666,164.29269409179688,684.877685546875,0.04603603109717369
2090,85.41869354248047,113.93942260742188,0.9995806813240051,996.126220703125,83.48870086669922,0.9998643398284912,89.0345687866211,1028.7769775390625,0.9997324347496033,1020.9293212890625,1020.6484375,0.9988619089126587,339.412353515625,499.1877746582031,0.9990209341049194,332.84527587890625,610.4160766601562,0.9979767203330994,277.65045166015625,550.3609008789062,0.9985955357551575,386.6315612792969,557.8330688476562,0.9961851239204407,718.1389770507812,498.6446228027344,0.998624324798584,754.0956420898438,717.2083129882812,0.9998661279678345,690.4030151367188,591.081298828125,0.9900988936424255,785.6132202148438,571.804443359375,0.9402812123298645,559.2550048828125,835.0460205078125,0.9116513133049011,472.0694580078125,791.8502197265625,0.9537485837936401,462.369873046875,775.8533935546875,0.9771143794059753,427.0513610839844,730.1424560546875,0.9113826155662537,513.1744995117188,752.0411987304688,0.823142945766449,433.052490234375,810.5987548828125,0.4899855852127075,442.8685302734375,699.6831665039062,0.8202054500579834,383.3462829589844,768.2548828125,0.9921932816505432,343.5397644042969,734.9736938476562,0.9921057224273682,226.6073455810547,729.2352905273438,0.8889192342758179,121.21101379394531,826.5877075195312,0.04399477690458298
2091,85.4820327758789,115.70118713378906,0.9991787075996399,996.327392578125,84.4371109008789,0.9999161958694458,89.09696197509766,1028.99853515625,0.9997654557228088,1021.9309692382812,1019.0814208984375,0.9993017911911011,339.71673583984375,498.95672607421875,0.9988266825675964,331.7848205566406,609.8796997070312,0.9983320832252502,277.48345947265625,549.201171875,0.9981784820556641,386.9129333496094,559.1921997070312,0.9939485788345337,717.5055541992188,498.66436767578125,0.9986530542373657,753.3358154296875,716.681884765625,0.999859094619751,691.3704223632812,591.9918823242188,0.9956493973731995,787.531005859375,580.4273681640625,0.9405583739280701,555.8185424804688,834.6953125,0.6628586649894714,546.4384765625,835.4016723632812,0.9950245022773743,536.4703369140625,832.1746215820312,0.8771840333938599,421.1721496582031,735.9597778320312,0.5739383101463318,510.4804992675781,754.5924072265625,0.24286456406116486,513.3968505859375,751.8196411132812,0.5492135882377625,397.8875427246094,694.7320556640625,0.45362555980682373,380.805908203125,771.4054565429688,0.978158712387085,341.6661682128906,737.2293090820312,0.9540950655937195,237.11585998535156,727.11181640625,0.8279074430465698,114.96277618408203,828.422119140625,0.15711010992527008
2092,84.10142517089844,116.09588623046875,0.9989622831344604,996.9312744140625,82.98714447021484,0.9999481439590454,89.59524536132812,1030.6224365234375,0.9997369647026062,1023.2948608398438,1020.4769897460938,0.9993228912353516,338.9455261230469,498.3580627441406,0.9989911913871765,332.6114807128906,609.4451904296875,0.9992434978485107,278.1504821777344,550.5670166015625,0.9986444115638733,387.44256591796875,557.6483154296875,0.9985684156417847,717.9979858398438,499.5360107421875,0.9985583424568176,753.0145263671875,715.4911499023438,0.9997426867485046,693.0165405273438,594.476806640625,0.9960254430770874,787.27587890625,579.2476196289062,0.880885124206543,554.2166137695312,829.9295654296875,0.29588261246681213,530.436279296875,832.57421875,0.9324364066123962,527.961181640625,831.21533203125,0.2728828191757202,404.3498229980469,761.1312866210938,0.6980395317077637,499.4154968261719,750.7763061523438,0.15282422304153442,410.8059387207031,816.8790283203125,0.3820224702358246,414.09368896484375,701.5403442382812,0.6098390221595764,379.6870422363281,777.9502563476562,0.9754736423492432,342.664794921875,734.6148681640625,0.9978238344192505,219.99026489257812,729.3663330078125,0.9199579358100891,425.3335876464844,496.38201904296875,0.22731913626194
2093,84.08000183105469,115.21676635742188,0.9995809197425842,997.57373046875,82.13497161865234,0.999909520149231,89.46600341796875,1029.7890625,0.9996695518493652,1022.6195068359375,1020.247314453125,0.9994213581085205,339.1353454589844,499.13800048828125,0.9988842606544495,332.3425598144531,608.7635498046875,0.9993701577186584,277.4552001953125,550.3673095703125,0.9987649917602539,387.3292541503906,559.2667846679688,0.9979066848754883,716.7462768554688,499.2815856933594,0.9982301592826843,753.184814453125,715.6373291015625,0.999700665473938,694.8460693359375,594.7355346679688,0.9950954914093018,782.4300537109375,570.5067138671875,0.8924441337585449,529.326904296875,838.9950561523438,0.9819713234901428,456.4541015625,791.8378295898438,0.8861240148544312,449.1988525390625,778.7214965820312,0.926788866519928,431.423583984375,742.1148071289062,0.9024008512496948,500.6190185546875,755.6090698242188,0.703520655632019,412.56597900390625,810.6935424804688,0.7163188457489014,412.2015380859375,690.0530395507812,0.6828942894935608,382.3821716308594,777.5502319335938,0.9979693293571472,344.0522155761719,733.931396484375,0.9955470561981201,220.80772399902344,729.2738037109375,0.8985570669174194,428.8182678222656,494.4786071777344,0.5650908946990967
2094,83.34915161132812,115.1683578491211,0.9998189806938171,995.357177734375,82.58231353759766,0.9999309778213501,89.69588470458984,1029.4940185546875,0.9998574256896973,1021.8043212890625,1020.8612670898438,0.9988190531730652,338.0519714355469,499.1003112792969,0.998946487903595,333.072998046875,609.4180908203125,0.9992197751998901,277.4731750488281,550.3890380859375,0.9978116154670715,387.4107360839844,558.7971801757812,0.9979859590530396,717.146728515625,499.8039855957031,0.9980399012565613,752.06201171875,717.1513671875,0.999748170375824,694.3491821289062,592.6045532226562,0.9888865351676941,784.8036499023438,579.753173828125,0.7493754625320435,521.2526245117188,846.1251831054688,0.7827898859977722,443.0721130371094,795.628662109375,0.3138454258441925,436.07794189453125,785.908203125,0.9059305787086487,434.4573059082031,752.62646484375,0.7249627113342285,501.525390625,762.298828125,0.313342809677124,409.9260559082031,815.1182250976562,0.8406623601913452,502.1204833984375,744.8798828125,0.8882734179496765,379.2248840332031,768.2889404296875,0.9773231744766235,343.8059387207031,737.11181640625,0.9947947859764099,220.43551635742188,728.9715576171875,0.9479268193244934,429.6331787109375,492.364501953125,0.27148205041885376
2095,83.74383544921875,113.84452819824219,0.9997813105583191,997.447265625,82.468505859375,0.999901533126831,89.59378051757812,1028.989013671875,0.9997252821922302,1021.28759765625,1020.6414794921875,0.9990471005439758,336.5851135253906,498.86029052734375,0.9983275532722473,333.658935546875,611.0476684570312,0.9989211559295654,277.6629943847656,551.72802734375,0.9983811378479004,387.17352294921875,559.1382446289062,0.9972556233406067,714.0721435546875,499.9058837890625,0.9978243112564087,751.9732666015625,715.55419921875,0.9996204376220703,693.2406005859375,591.0751342773438,0.9939921498298645,786.401611328125,578.4957275390625,0.7614852786064148,494.033203125,841.3248901367188,0.7716953754425049,458.3976745605469,812.0664672851562,0.679519772529602,486.56298828125,817.2986450195312,0.6205412149429321,434.3643493652344,750.0016479492188,0.15829771757125854,495.7048034667969,765.3285522460938,0.2548544704914093,405.2085876464844,807.8671264648438,0.7152116298675537,492.7235412597656,755.5184936523438,0.5354341864585876,397.6655578613281,791.9691772460938,0.6666750311851501,344.9660339355469,737.9871215820312,0.9884358644485474,227.09751892089844,728.2070922851562,0.9164766669273376,425.680908203125,494.5212707519531,0.578754186630249
2096,84.4723129272461,113.1304931640625,0.9997431635856628,994.639892578125,82.87144470214844,0.9999221563339233,89.76596069335938,1030.3909912109375,0.9997614026069641,1019.8004150390625,1020.9073486328125,0.9987419247627258,338.5490417480469,498.5073547363281,0.999005138874054,332.3591003417969,609.529541015625,0.9990941286087036,277.90423583984375,549.113525390625,0.9979166388511658,386.53228759765625,558.861328125,0.9973462820053101,716.3699340820312,499.3014221191406,0.9989702701568604,752.0945434570312,715.10009765625,0.9998314380645752,693.450927734375,592.0866088867188,0.9971569776535034,786.547607421875,579.8552856445312,0.9258409738540649,474.4246826171875,871.0555419921875,0.868101954460144,439.9424133300781,820.0162353515625,0.8900963664054871,436.8088073730469,814.0809936523438,0.784904420375824,433.1763000488281,754.671875,0.942973256111145,509.170654296875,752.0568237304688,0.003029248910024762,390.3158874511719,810.9310302734375,0.6888797879219055,479.5788879394531,719.9769897460938,0.9808841943740845,386.636474609375,799.4601440429688,0.45738792419433594,341.0170593261719,736.1994018554688,0.6172316074371338,227.47610473632812,729.2706909179688,0.9871331453323364,128.2034149169922,500.5604248046875,0.12560024857521057
2097,84.78781127929688,116.33574676513672,0.9998282194137573,996.5611572265625,82.1699447631836,0.9999139308929443,89.69103240966797,1027.2564697265625,0.9997305274009705,1023.8712158203125,1019.7630615234375,0.9992517828941345,337.13555908203125,498.342529296875,0.9990915060043335,333.37005615234375,610.2874755859375,0.9988988637924194,277.06866455078125,551.1010131835938,0.9982529282569885,386.884033203125,558.3402709960938,0.9980337023735046,716.88916015625,498.63043212890625,0.996911346912384,752.639404296875,715.3558349609375,0.9998582601547241,690.3016357421875,591.1609497070312,0.9939760565757751,785.2280883789062,581.1452026367188,0.8225752115249634,465.769775390625,872.833740234375,0.9475537538528442,422.0619812011719,816.9769287109375,0.9794102907180786,419.3087463378906,805.354736328125,0.587902843952179,429.20947265625,746.5685424804688,0.5143485069274902,495.220947265625,747.4381713867188,0.5018041729927063,371.3100891113281,800.71826171875,0.5959703922271729,476.63800048828125,719.4798583984375,0.8453624248504639,381.1579895019531,754.0170288085938,0.21608351171016693,360.64141845703125,757.6611938476562,0.04495641216635704,231.50070190429688,729.1044921875,0.9900709986686707,422.14129638671875,496.2402038574219,0.1648123562335968
2098,85.17943572998047,116.08423614501953,0.9997273087501526,995.6221313476562,82.55264282226562,0.9998370409011841,90.3873519897461,1030.6041259765625,0.9997738003730774,1022.712158203125,1021.5540771484375,0.9988890290260315,338.8338623046875,498.733154296875,0.9987167119979858,331.5093688964844,610.0836791992188,0.9993544220924377,277.37384033203125,550.1139526367188,0.9979199767112732,387.1311340332031,558.5606079101562,0.9968011379241943,715.3409423828125,499.9688720703125,0.9974114298820496,753.2124633789062,715.6257934570312,0.9997773766517639,692.1969604492188,592.5803833007812,0.9908968806266785,785.771240234375,573.297607421875,0.8602353930473328,459.2873840332031,864.9635620117188,0.6339297890663147,412.4045104980469,818.25439453125,0.7280171513557434,442.5006103515625,852.5368041992188,0.09200859814882278,420.2169189453125,746.729248046875,0.07568588852882385,484.1546325683594,734.96826171875,0.5467490553855896,362.869873046875,812.427490234375,0.7643830180168152,411.98492431640625,762.3833618164062,0.4816553592681885,357.9111328125,770.1638793945312,0.4173334538936615,362.5362243652344,758.3070678710938,0.02765493094921112,223.6875457763672,729.3273315429688,0.9650874733924866,137.57676696777344,795.3682250976562,0.6585429310798645
2099,84.52812957763672,115.79476165771484,0.9998530149459839,997.5009155273438,84.85490417480469,0.999924898147583,89.84276580810547,1030.0948486328125,0.9996352195739746,1022.7747192382812,1021.3821411132812,0.9987143278121948,338.2701721191406,498.60089111328125,0.9994933605194092,332.0465087890625,610.2899780273438,0.9987984895706177,277.6680603027344,550.65283203125,0.9986054301261902,387.35235595703125,558.9752807617188,0.9968959093093872,713.7725219726562,499.3860778808594,0.9957112073898315,752.7788696289062,715.9468383789062,0.9998302459716797,690.4547729492188,590.7971801757812,0.9898948073387146,785.0408325195312,568.4896240234375,0.8450230360031128,537.4542236328125,834.6947021484375,0.8244990110397339,403.459228515625,819.3137817382812,0.8699296116828918,418.4310302734375,842.0883178710938,0.7058273553848267,415.09112548828125,767.34521484375,0.46952274441719055,487.8407287597656,748.3938598632812,0.24121734499931335,355.52978515625,813.8365478515625,0.7164089679718018,387.7498779296875,746.3270874023438,0.9179995059967041,379.8189392089844,735.7714233398438,0.4445728063583374,365.3794860839844,738.1383666992188,0.7550334930419922,221.8164520263672,735.7099609375,0.6443014144897461,135.09548950195312,794.9501953125,0.9627649784088135
2100,84.70441436767578,115.6056900024414,0.9985969662666321,996.958740234375,82.74179077148438,0.9997095465660095,89.8461685180664,1030.914794921875,0.9997316002845764,1021.5093994140625,1020.8261108398438,0.9985546469688416,338.1389465332031,498.434326171875,0.9989833235740662,332.5006408691406,610.3815307617188,0.9968260526657104,277.73431396484375,550.0985717773438,0.9986366629600525,387.4864807128906,557.9190673828125,0.9960094690322876,710.1414184570312,500.84375,0.9949118494987488,752.1751098632812,716.625732421875,0.9996799230575562,690.5281372070312,592.6163330078125,0.9914391040802002,776.8909301757812,546.60791015625,0.8746240735054016,514.0983276367188,824.769775390625,0.9649714827537537,389.1690979003906,811.1255493164062,0.49372994899749756,418.96392822265625,851.473388671875,0.4809494614601135,432.5380859375,729.5986328125,0.14343363046646118,465.6907653808594,826.7486572265625,0.12406012415885925,390.0220947265625,756.4716796875,0.34794291853904724,389.4097595214844,759.2317504882812,0.655190110206604,362.3012390136719,747.6376953125,0.054823312908411026,351.2060241699219,767.416015625,0.19490522146224976,229.94277954101562,739.045654296875,0.9937388896942139,130.0424041748047,797.6546020507812,0.9717954993247986
2101,85.53890228271484,116.39659881591797,0.9998268485069275,993.787109375,85.433349609375,0.9998072981834412,88.5366439819336,1029.21875,0.999687671661377,1016.8888549804688,1019.372314453125,0.9981449842453003,336.9148254394531,498.105224609375,0.9984952211380005,332.12152099609375,609.1263427734375,0.9981704950332642,276.469970703125,548.2977294921875,0.9996094107627869,386.5595397949219,556.1932373046875,0.9983585476875305,712.278564453125,502.2379455566406,0.9982258677482605,753.8042602539062,715.7330932617188,0.9998179078102112,689.3939208984375,591.2680053710938,0.9944806098937988,780.80810546875,572.8475341796875,0.8875110745429993,356.61376953125,811.5596923828125,0.5486718416213989,374.326416015625,794.397705078125,0.8991810083389282,444.6583251953125,856.21630859375,0.9550756216049194,420.6502685546875,751.7767944335938,0.7095906138420105,474.2135009765625,748.3618774414062,0.4507550001144409,368.4085693359375,739.9071655273438,0.8649300336837769,406.2636413574219,764.9815673828125,0.06420007348060608,428.71728515625,776.4417724609375,0.018384411931037903,263.49810791015625,749.9066162109375,0.07077838480472565,241.7481689453125,742.0299682617188,0.7373558282852173,169.1142120361328,691.1187744140625,0.3121385872364044
2102,83.77181243896484,115.74056243896484,0.9992344379425049,995.7928466796875,82.94483947753906,0.9998267292976379,88.46338653564453,1030.4473876953125,0.9997277855873108,1019.740478515625,1019.5828247070312,0.9988799691200256,336.13275146484375,498.3167419433594,0.9988769888877869,331.6811828613281,608.177490234375,0.998443067073822,276.50653076171875,549.1651611328125,0.9992973804473877,386.8230285644531,555.2119750976562,0.9986706972122192,715.6390991210938,500.16119384765625,0.9978849291801453,753.3824462890625,716.7242431640625,0.999908447265625,692.0187377929688,590.832275390625,0.9956834316253662,782.3468017578125,570.991943359375,0.9499056339263916,515.2178344726562,819.9547729492188,0.9605575799942017,384.93707275390625,811.451171875,0.7397158145904541,385.7255859375,791.7442016601562,0.6971028447151184,416.5084228515625,768.5857543945312,0.8894839286804199,477.4430236816406,756.000732421875,0.8396403193473816,362.9736328125,744.2120361328125,0.5318019390106201,378.6231994628906,750.1395874023438,0.40115153789520264,349.6448059082031,783.333740234375,0.06755588203668594,352.86041259765625,756.9890747070312,0.3648167848587036,240.1130828857422,739.0509033203125,0.9257256984710693,128.7144775390625,797.9353637695312,0.2633371353149414
2103,83.26578521728516,117.59833526611328,0.9998032450675964,996.1061401367188,83.53012084960938,0.9998019337654114,88.53729248046875,1030.6824951171875,0.9995854496955872,1020.3049926757812,1019.5809936523438,0.9989890456199646,336.17755126953125,497.8414611816406,0.9990173578262329,332.2341003417969,608.7935791015625,0.9978475570678711,276.3202209472656,549.6190185546875,0.9993103742599487,386.3868103027344,557.1737060546875,0.9990106821060181,716.685546875,500.213134765625,0.9965717792510986,753.3052368164062,716.2235107421875,0.9998915195465088,692.0374755859375,589.912109375,0.9966496825218201,781.8372192382812,580.9277954101562,0.8401579260826111,471.2225036621094,867.3446044921875,0.9798168540000916,467.5220031738281,849.9060668945312,0.917846143245697,393.9583435058594,791.8038940429688,0.5171827673912048,426.36102294921875,770.8341674804688,0.3515826165676117,476.4906921386719,751.3255004882812,0.8018183708190918,379.3179931640625,737.89208984375,0.34932616353034973,390.3017883300781,734.5391235351562,0.4006846249103546,350.2750244140625,763.6303100585938,0.02053309977054596,350.2129821777344,753.6868896484375,0.4606436789035797,235.5299072265625,739.1836547851562,0.9742305278778076,131.05355834960938,706.98681640625,0.3158388137817383
2104,85.14791107177734,116.06517791748047,0.9997383952140808,996.5499877929688,84.11687469482422,0.9999282360076904,88.9141845703125,1029.421142578125,0.9997244477272034,1020.3861083984375,1019.5726928710938,0.9984948635101318,338.3780517578125,498.1640625,0.9989700317382812,331.0144958496094,608.188232421875,0.9983495473861694,276.6807556152344,547.795166015625,0.9991711378097534,386.5744934082031,557.27685546875,0.9987159967422485,714.2272338867188,499.1060485839844,0.99724942445755,753.9854736328125,717.3799438476562,0.9998446702957153,690.2998046875,591.6018676757812,0.9909576177597046,784.236328125,576.5361328125,0.7926446199417114,515.6096801757812,792.1207885742188,0.207410991191864,513.7944946289062,797.3873291015625,0.07207893580198288,384.7279052734375,777.5408935546875,0.19761043787002563,438.8427429199219,790.1502075195312,0.9983940720558167,405.52679443359375,833.2361450195312,0.3882724642753601,470.1432189941406,848.7070922851562,0.5669180154800415,473.7362060546875,838.5675048828125,0.8364288210868835,469.6148681640625,744.7531127929688,0.7003059983253479,508.94439697265625,789.247314453125,0.6532975435256958,228.0868682861328,737.4577026367188,0.862703800201416,125.55658721923828,712.5484008789062,0.431464284658432
2105,84.49651336669922,114.2129898071289,0.9991897940635681,995.5350341796875,84.66399383544922,0.9999284744262695,89.3206787109375,1031.067138671875,0.9996292591094971,1019.3561401367188,1019.9255981445312,0.9974778294563293,339.2391662597656,498.6624755859375,0.9994968175888062,331.3281555175781,607.935791015625,0.9985910058021545,277.242919921875,549.8941650390625,0.998593270778656,386.5940856933594,558.0801391601562,0.9982775449752808,714.1619873046875,499.0237731933594,0.9942518472671509,753.2064208984375,716.669189453125,0.9998811483383179,690.164306640625,589.7095947265625,0.9940164089202881,784.0492553710938,571.8165283203125,0.8985608220100403,527.156494140625,725.7096557617188,0.8917480707168579,516.0012817382812,739.220947265625,0.34259817004203796,490.4423828125,739.939453125,0.30121180415153503,439.7421569824219,757.3471069335938,0.9983325600624084,463.55950927734375,807.32275390625,0.9798774123191833,494.9599609375,782.3087768554688,0.6928077936172485,493.98040771484375,784.1942749023438,0.9771501421928406,464.542724609375,716.0706787109375,0.9394259452819824,352.5975036621094,754.3858032226562,0.9647153615951538,232.23988342285156,737.10791015625,0.47606196999549866,132.87791442871094,791.4363403320312,0.9170017242431641
2106,84.15180206298828,114.38680267333984,0.9989584684371948,997.8779296875,84.77570343017578,0.9998971223831177,89.57295227050781,1029.7528076171875,0.9996916055679321,1020.9783325195312,1020.0502319335938,0.9983565211296082,337.3579406738281,498.4739685058594,0.9990979433059692,332.9839782714844,608.8735961914062,0.9984315037727356,277.12384033203125,551.5689697265625,0.9986067414283752,386.8582763671875,555.0131225585938,0.9978098273277283,715.9912719726562,499.06170654296875,0.9716410040855408,753.5874633789062,716.9439697265625,0.9999011754989624,691.2041015625,589.8472290039062,0.9920726418495178,786.3633422851562,572.6065063476562,0.9240069389343262,559.2501220703125,667.1178588867188,0.9009000062942505,545.2105712890625,673.8273315429688,0.934901237487793,518.4456787109375,691.4266967773438,0.969918429851532,439.8296203613281,741.5718383789062,0.998641312122345,503.01141357421875,795.0184936523438,0.8673806190490723,529.8151245117188,726.0973510742188,0.9799758791923523,398.15478515625,712.0482177734375,0.9294731616973877,430.2035827636719,802.2857666015625,0.8869052529335022,351.29107666015625,755.2603149414062,0.998590886592865,224.62220764160156,736.3175659179688,0.921815037727356,133.11953735351562,794.4317626953125,0.9096716642379761
2107,85.36312866210938,116.79871368408203,0.9995005130767822,995.0067749023438,82.91630554199219,0.9998645782470703,89.66905212402344,1029.767578125,0.9997889399528503,1020.6222534179688,1019.223876953125,0.9994494318962097,336.47674560546875,498.1718444824219,0.9985792636871338,332.2528991699219,609.2213745117188,0.998860239982605,277.907470703125,549.0974731445312,0.9992965459823608,386.922119140625,554.8853149414062,0.9975484013557434,715.3900146484375,500.2389221191406,0.9713347554206848,753.7159423828125,717.9796752929688,0.9999027252197266,690.6090698242188,589.5042724609375,0.9947147965431213,785.9616088867188,568.2941284179688,0.9122349619865417,614.2406005859375,624.2706909179688,0.996081531047821,560.6085205078125,648.1063842773438,0.9674400687217712,536.0453491210938,660.9688720703125,0.9855546951293945,437.3388977050781,740.6503295898438,0.986851155757904,466.7098693847656,666.5637817382812,0.8329029679298401,538.5499877929688,712.6865844726562,0.9947380423545837,381.79632568359375,723.11083984375,0.9724690914154053,435.8758544921875,814.9786987304688,0.014811617322266102,350.7705078125,756.86083984375,0.9963891506195068,226.0896453857422,736.3524169921875,0.9603644609451294,133.8314666748047,796.8759155273438,0.6729486584663391
2108,85.56412506103516,115.91878509521484,0.9997953772544861,995.7138061523438,83.00179290771484,0.9999246597290039,88.87327575683594,1029.17529296875,0.9997859597206116,1020.5693969726562,1020.2648315429688,0.9976626634597778,336.9013977050781,498.21923828125,0.9986427426338196,332.95440673828125,609.0433349609375,0.9988849759101868,277.8799743652344,549.0455322265625,0.9994592070579529,386.9574890136719,555.60693359375,0.998245120048523,715.693359375,499.7359313964844,0.9898215532302856,753.4495849609375,717.6204223632812,0.9999134540557861,690.99658203125,587.3247680664062,0.9861730933189392,785.5519409179688,568.2454833984375,0.7608775496482849,655.8602294921875,611.8364868164062,0.9907357096672058,590.5319213867188,636.63623046875,0.9748216271400452,560.1053466796875,653.6310424804688,0.8789780735969543,442.2532958984375,736.9934692382812,0.9811868667602539,464.8006591796875,809.4754028320312,0.8723874092102051,570.1810913085938,697.8116455078125,0.9958912134170532,377.7181396484375,715.429931640625,0.9711529016494751,425.5887451171875,805.1143798828125,0.07554716616868973,347.18682861328125,749.3816528320312,0.9937671422958374,227.750244140625,737.056640625,0.9967989921569824,421.66204833984375,495.0331726074219,0.8420068621635437
2109,83.691650390625,117.54240417480469,0.9995341300964355,995.4351806640625,85.95972442626953,0.9999105930328369,89.47416687011719,1029.34521484375,0.999772846698761,1019.5650634765625,1019.6723022460938,0.9986879229545593,337.7312316894531,498.7855529785156,0.9989905953407288,331.84771728515625,609.1719360351562,0.9985334873199463,276.97930908203125,548.404296875,0.999267041683197,386.7662353515625,557.5704345703125,0.9978577494621277,715.7733154296875,500.18829345703125,0.979158341884613,755.5526123046875,716.1858520507812,0.9997908473014832,688.4260864257812,580.5458984375,0.9823836088180542,784.6090698242188,568.4833984375,0.6596323847770691,672.6397094726562,617.0165405273438,0.9571149349212646,599.3710327148438,640.382568359375,0.9785950779914856,569.1070556640625,656.0590209960938,0.9745231866836548,467.2254638671875,730.4742431640625,0.9830885529518127,515.412109375,643.0153198242188,0.8185953497886658,573.9154052734375,712.0269775390625,0.9470353722572327,384.4765625,705.616455078125,0.9483880400657654,384.8586730957031,698.3587036132812,0.13127224147319794,346.06671142578125,749.4573364257812,0.8864741325378418,227.55311584472656,736.2328491210938,0.991137683391571,131.92315673828125,797.4150390625,0.8172589540481567
2110,85.50531768798828,116.68061828613281,0.99969482421875,994.8153076171875,83.47709655761719,0.9999330043792725,89.2542953491211,1029.769287109375,0.9996610879898071,1021.7236328125,1019.3088989257812,0.9987701773643494,338.8761901855469,497.9069519042969,0.9992870688438416,331.49658203125,609.0879516601562,0.9988918900489807,277.2116394042969,547.7401733398438,0.998897910118103,386.0487365722656,558.78955078125,0.9968222379684448,717.3858032226562,499.35760498046875,0.9880859851837158,754.7136840820312,716.96923828125,0.9996850490570068,693.0121459960938,579.6927490234375,0.9624418020248413,780.4686889648438,547.529541015625,0.9298011064529419,696.927001953125,618.4226684570312,0.9889299273490906,621.7508544921875,636.517578125,0.9964408278465271,595.8049926757812,651.2734375,0.9923622608184814,483.8039855957031,715.086669921875,0.9946056008338928,539.2023315429688,639.507568359375,0.8936828970909119,580.0760498046875,710.3594360351562,0.9929723739624023,386.7340393066406,700.2617797851562,0.9316155910491943,389.0198669433594,691.6363525390625,0.24003775417804718,351.7501525878906,750.3695678710938,0.2474820464849472,234.04507446289062,738.7279052734375,0.9775620102882385,131.780517578125,805.118896484375,0.9739950299263
2111,86.1631851196289,115.26532745361328,0.9987096786499023,995.9976806640625,85.74178314208984,0.9999226331710815,88.891357421875,1030.7164306640625,0.9997320771217346,1019.9033813476562,1019.4625244140625,0.9982061386108398,337.9747009277344,497.88311767578125,0.9991965889930725,332.1226501464844,609.3905029296875,0.9982112646102905,277.1438293457031,548.51708984375,0.9991457462310791,387.0240478515625,556.700439453125,0.998009979724884,716.0664672851562,500.7778015136719,0.98336261510849,755.4042358398438,717.0257568359375,0.999538779258728,694.8236083984375,572.5069580078125,0.7889240384101868,780.9876708984375,547.3165893554688,0.8855868577957153,696.50146484375,611.6344604492188,0.7632758021354675,630.4852905273438,639.1984252929688,0.998354434967041,602.4625244140625,656.6253051757812,0.9922918677330017,493.5372619628906,711.7835693359375,0.9885574579238892,547.1535034179688,643.0952758789062,0.9172277450561523,599.75390625,710.0738525390625,0.9941214919090271,397.8340148925781,692.5179443359375,0.9052886366844177,462.52020263671875,787.2572021484375,0.8808834552764893,364.8287353515625,755.5805053710938,0.97707599401474,241.61221313476562,738.0120239257812,0.6259706020355225,425.8645324707031,495.0502624511719,0.2154581993818283
2112,85.47410583496094,114.93436431884766,0.9995194673538208,996.4939575195312,84.72748565673828,0.9996445178985596,89.808349609375,1030.5440673828125,0.9996975660324097,1022.7066040039062,1020.1409301757812,0.997832715511322,336.46484375,498.02020263671875,0.9986984729766846,331.94384765625,609.5441284179688,0.9966159462928772,276.9421081542969,547.2670288085938,0.9992771744728088,386.5826416015625,556.495849609375,0.9983612895011902,716.4539184570312,501.4833679199219,0.9818779826164246,757.2753295898438,717.5491333007812,0.9992913007736206,681.2396850585938,556.1240234375,0.9297428131103516,780.7159423828125,544.7703857421875,0.8639991879463196,719.8768920898438,598.3898315429688,0.9967880249023438,654.043212890625,635.2617797851562,0.9965204000473022,623.7839965820312,653.9580688476562,0.9782114028930664,508.486083984375,714.0904541015625,0.9951500296592712,564.8152465820312,632.6649780273438,0.955119252204895,619.239990234375,703.44873046875,0.987459659576416,429.26715087890625,680.8507690429688,0.602439820766449,460.6997985839844,797.2177734375,0.09816715866327286,369.45623779296875,754.8927612304688,0.7620799541473389,244.30477905273438,732.8140869140625,0.9549944400787354,426.960693359375,493.77496337890625,0.2505775988101959
2113,87.15819549560547,116.0560302734375,0.9983768463134766,994.7056274414062,86.31519317626953,0.9999521970748901,89.27479553222656,1030.0693359375,0.9997445940971375,1019.5238037109375,1020.3997192382812,0.9986263513565063,336.6526794433594,497.5867004394531,0.9988178610801697,331.8660583496094,609.6114501953125,0.9976660013198853,277.0501403808594,547.5145874023438,0.999314546585083,386.8536682128906,556.275146484375,0.9982808828353882,729.7429809570312,498.4045104980469,0.9638679027557373,757.5187377929688,717.2247314453125,0.9922473430633545,676.1929931640625,539.8720092773438,0.669245719909668,774.9052124023438,542.3212280273438,0.9253743290901184,738.5903930664062,593.6875610351562,0.9996640682220459,671.8071899414062,630.8941040039062,0.9980136156082153,641.005615234375,647.8125,0.9838151335716248,528.6975708007812,713.1749267578125,0.9938593506813049,588.7046508789062,628.2670288085938,0.9508868455886841,633.3609619140625,702.4542846679688,0.9967111349105835,437.74420166015625,695.201171875,0.9423618316650391,502.71282958984375,796.390625,0.6556974053382874,390.9933166503906,761.102783203125,0.9793506264686584,312.57977294921875,761.0218505859375,0.31196340918540955,426.6768798828125,493.38427734375,0.0892685204744339
2114,84.58562469482422,115.91423034667969,0.9992051720619202,996.2937622070312,85.508544921875,0.9999383687973022,89.81507110595703,1029.8134765625,0.999756395816803,1022.7156372070312,1019.96728515625,0.9987003803253174,337.2635498046875,498.3302307128906,0.9986716508865356,332.2915344238281,609.91064453125,0.9976794123649597,277.0016784667969,549.1187744140625,0.9991512298583984,387.4670715332031,557.9714965820312,0.997171938419342,747.9667358398438,647.6122436523438,0.9239502549171448,720.1524658203125,584.660888671875,0.90785813331604,673.2498779296875,542.603515625,0.8405606746673584,772.4815673828125,538.8463134765625,0.9755753874778748,778.4240112304688,578.3307495117188,0.9564444422721863,709.2948608398438,623.12890625,0.9825507998466492,672.9472045898438,644.6763916015625,0.9865498542785645,553.016845703125,708.8302001953125,0.9274392127990723,611.5784301757812,625.32861328125,0.8803670406341553,664.044677734375,702.86962890625,0.9951209425926208,463.9838562011719,683.381591796875,0.9327492713928223,533.7757568359375,790.4586791992188,0.7851626873016357,406.72967529296875,764.1897583007812,0.983565628528595,253.31158447265625,753.6246948242188,0.9655895829200745,150.6489715576172,745.5657958984375,0.1976144164800644
2115,84.83673095703125,116.35541534423828,0.9989640712738037,995.4901123046875,84.96107482910156,0.9999312162399292,90.06367492675781,1029.798583984375,0.9997084736824036,1020.873779296875,1018.9561767578125,0.9982722997665405,337.3826599121094,498.75482177734375,0.9989787340164185,331.4206848144531,609.8673095703125,0.998375415802002,277.5428771972656,548.3128662109375,0.9993402361869812,386.9702453613281,556.6716918945312,0.9983432292938232,718.46533203125,498.8760070800781,0.9563145637512207,724.6366577148438,580.7902221679688,0.9575220942497253,671.2694702148438,551.1974487304688,0.8877356052398682,778.8966064453125,535.5446166992188,0.9749914407730103,808.3320922851562,588.5938720703125,0.9752588272094727,754.1537475585938,612.8046875,0.9912745356559753,716.0923461914062,631.6478271484375,0.94361412525177,602.4475708007812,699.147705078125,0.7062798142433167,659.413818359375,600.4359741210938,0.8569908738136292,699.0565795898438,697.0687255859375,0.9381282925605774,479.0921325683594,677.7662353515625,0.8916856646537781,557.3814086914062,787.4863891601562,0.8624560236930847,441.2991638183594,759.9740600585938,0.9930838346481323,336.2427673339844,765.339111328125,0.8213523626327515,190.3888702392578,744.469970703125,0.5256418585777283
2116,85.77400970458984,115.65095520019531,0.9994111061096191,996.015869140625,84.66416931152344,0.9999420642852783,88.06258392333984,1029.3497314453125,0.9996860027313232,1021.7575073242188,1020.0980834960938,0.9991074204444885,338.88189697265625,498.8761901855469,0.9989826083183289,331.8186950683594,609.2493286132812,0.9978079199790955,277.38031005859375,548.7123413085938,0.9985382556915283,386.72332763671875,556.8482666015625,0.9987201690673828,746.03662109375,490.75506591796875,0.7804238200187683,733.1599731445312,710.2017822265625,0.0393218994140625,684.0746459960938,537.9880981445312,0.910354495048523,793.1048583984375,538.2659301757812,0.9804979562759399,817.839111328125,580.9037475585938,0.9199895262718201,777.4489135742188,609.17822265625,0.9991389513015747,750.1158447265625,625.676025390625,0.9879305362701416,626.6154174804688,689.6275024414062,0.9516313076019287,685.608642578125,595.5819702148438,0.9981009364128113,725.96630859375,690.300537109375,0.9890627264976501,495.0501708984375,678.6849975585938,0.9029974341392517,572.722412109375,773.62548828125,0.43258121609687805,469.7099304199219,745.8544311523438,0.9972658157348633,305.6128845214844,750.6502075195312,0.7934439182281494,156.6416778564453,743.2847290039062,0.6243028044700623
2117,85.03946685791016,117.95453643798828,0.9997472167015076,995.5072631835938,83.6941146850586,0.999902606010437,89.18976593017578,1028.6597900390625,0.9995842576026917,1023.0136108398438,1020.9481811523438,0.9988724589347839,338.5363464355469,498.659423828125,0.9990346431732178,331.59136962890625,609.3948974609375,0.9975749850273132,277.3816223144531,548.1348876953125,0.9990506768226624,387.4354553222656,557.511962890625,0.9986365437507629,742.4413452148438,488.8058776855469,0.9155558943748474,748.3892822265625,711.8363037109375,0.02416253462433815,686.5661010742188,536.6806640625,0.9392918348312378,796.5571899414062,533.9519653320312,0.8164190649986267,820.0862426757812,594.3611450195312,0.9496657848358154,783.5848999023438,629.28125,0.9996771812438965,755.1687622070312,637.2432250976562,0.9947410821914673,629.1931762695312,688.8819580078125,0.9947863817214966,688.7686157226562,597.143310546875,0.9980117082595825,727.1859741210938,695.7369995117188,0.9942161440849304,518.9556274414062,666.5361938476562,0.9619017839431763,568.7319946289062,772.0478515625,0.768206000328064,470.64013671875,731.671142578125,0.998650848865509,360.6711120605469,754.329833984375,0.732604444026947,160.30563354492188,746.8289184570312,0.0877896174788475
2118,85.63658905029297,114.98743438720703,0.9998243451118469,994.3975219726562,83.30083465576172,0.9999136924743652,89.4931640625,1029.5400390625,0.9997360110282898,1021.2554321289062,1020.1922607421875,0.9987965822219849,338.78594970703125,498.3386535644531,0.9991914629936218,331.2379455566406,609.5950317382812,0.9978985786437988,277.1017761230469,548.2162475585938,0.9989299178123474,387.2203063964844,557.8639526367188,0.9971715807914734,742.0120239257812,490.0914001464844,0.925820529460907,751.1016845703125,610.9109497070312,0.24486468732357025,684.6431274414062,542.6092529296875,0.8972627520561218,795.2816772460938,546.4448852539062,0.5268250107765198,810.12744140625,596.9093017578125,0.8045209646224976,780.6896362304688,641.2994995117188,0.997528612613678,754.25830078125,654.7750244140625,0.9966750144958496,627.2901000976562,689.0618896484375,0.9970478415489197,674.6666870117188,608.6199340820312,0.9929438233375549,724.8921508789062,705.0715942382812,0.992267906665802,518.3884887695312,666.7154541015625,0.833838701248169,580.1813354492188,773.113525390625,0.9733589291572571,468.6231384277344,734.8240356445312,0.9947940707206726,356.6949768066406,752.5884399414062,0.5730356574058533,128.4720916748047,501.7134704589844,0.07589654624462128
2119,84.25555419921875,114.27484130859375,0.9998592138290405,993.390869140625,83.06900787353516,0.9998893737792969,89.85993194580078,1029.7772216796875,0.9998168349266052,1018.4752197265625,1019.5070190429688,0.9990600943565369,338.5643005371094,497.9568176269531,0.9989386200904846,331.6134338378906,609.8118896484375,0.9982519745826721,277.39202880859375,547.3928833007812,0.9990768432617188,387.3358459472656,558.312255859375,0.9955676198005676,741.0771484375,491.1207580566406,0.9623922109603882,748.4305419921875,620.7796020507812,0.252463698387146,682.955078125,548.3557739257812,0.9606858491897583,792.4830322265625,543.0536499023438,0.9416021108627319,780.4347534179688,620.9170532226562,0.9615243077278137,772.0687866210938,656.1469116210938,0.9995612502098083,749.3798828125,666.667236328125,0.9995112419128418,620.5885009765625,695.1876831054688,0.9970059990882874,667.8070678710938,616.8378295898438,0.9791635870933533,713.1434326171875,713.22607421875,0.9664258360862732,523.010498046875,670.2628173828125,0.8861430883407593,577.7576904296875,780.7116088867188,0.8508961200714111,468.8691711425781,736.4984130859375,0.9989691972732544,292.70135498046875,747.0838623046875,0.48964592814445496,163.41043090820312,745.15087890625,0.049561064690351486
2120,85.35112762451172,114.5006332397461,0.9998725652694702,995.5562744140625,82.62220764160156,0.9999362230300903,89.02701568603516,1030.121337890625,0.9995489716529846,1022.18701171875,1019.4573364257812,0.9991556406021118,338.8940734863281,497.6251220703125,0.9989885687828064,331.093017578125,609.0633544921875,0.998342752456665,277.9869079589844,547.5841064453125,0.9991080164909363,387.1260681152344,557.7649536132812,0.9965830445289612,743.2196044921875,491.7912902832031,0.9559988379478455,733.2149658203125,631.4623413085938,0.4811207056045532,685.7437744140625,546.00048828125,0.7907531261444092,791.8048095703125,548.6539306640625,0.7597136497497559,798.5460205078125,666.10986328125,0.8527664542198181,765.5233154296875,668.7806396484375,0.9941881895065308,736.7008056640625,676.9837036132812,0.9952125549316406,608.7520751953125,699.7675170898438,0.9965158700942993,669.882568359375,626.3745727539062,0.942891001701355,701.1361083984375,721.5722045898438,0.9990656971931458,515.7671508789062,668.164306640625,0.9921711683273315,668.0343017578125,630.8496704101562,0.7767821550369263,464.6499938964844,735.2134399414062,0.9979561567306519,330.05792236328125,752.9337158203125,0.8195968270301819,436.1908264160156,489.1836853027344,0.16234779357910156
2121,83.87970733642578,115.14614868164062,0.9995900988578796,992.3961791992188,83.81282806396484,0.9998822212219238,89.8096694946289,1028.5665283203125,0.9998363256454468,1018.880859375,1018.564208984375,0.99918133020401,339.1318054199219,498.5116271972656,0.9994916915893555,331.475341796875,610.3234252929688,0.998193085193634,277.74981689453125,547.478759765625,0.9989615678787231,386.9160461425781,558.6205444335938,0.9982654452323914,738.2337036132812,494.24456787109375,0.9812984466552734,744.1961669921875,640.6629638671875,0.873349666595459,682.2173461914062,557.9317016601562,0.3694731295108795,788.3950805664062,548.7832641601562,0.9262551069259644,781.0760498046875,650.6075439453125,0.743890106678009,758.763916015625,682.2296142578125,0.9888273477554321,723.3016967773438,683.9949951171875,0.8950465321540833,603.0338134765625,701.7550659179688,0.9932950139045715,665.3646850585938,627.9540405273438,0.9791330695152283,695.0820922851562,726.6085815429688,0.9993526339530945,511.61907958984375,668.2218017578125,0.9814260005950928,560.5494384765625,778.9405517578125,0.8473504781723022,468.46142578125,730.4160766601562,0.9992030262947083,344.6103515625,753.997802734375,0.5608490705490112,127.16996002197266,499.29547119140625,0.03403467312455177
2122,85.6744155883789,114.48416137695312,0.9993126392364502,995.8594970703125,85.18352508544922,0.9999608993530273,89.69082641601562,1030.1212158203125,0.9997739195823669,1021.10009765625,1019.4937744140625,0.9993489384651184,337.98162841796875,498.5545654296875,0.9991806149482727,330.1684265136719,608.720947265625,0.9986295700073242,277.1830139160156,547.5079956054688,0.9992794394493103,386.998046875,557.144775390625,0.9974341988563538,731.6572265625,494.9099426269531,0.9964931607246399,745.8319702148438,647.5791625976562,0.8571342825889587,683.5640258789062,555.3236083984375,0.1902245134115219,788.7698364257812,550.7318115234375,0.9134478569030762,824.5355224609375,687.6585083007812,0.997878909111023,754.3243408203125,693.7229614257812,0.990869402885437,723.3496704101562,690.2181396484375,0.9438270330429077,597.6017456054688,699.8660888671875,0.9963108897209167,665.7571411132812,628.7115478515625,0.7402249574661255,698.6133422851562,730.5245361328125,0.9967160224914551,511.012451171875,665.6156005859375,0.988502025604248,664.0917358398438,633.501220703125,0.8611541986465454,470.68341064453125,731.9364624023438,0.9983219504356384,343.0438232421875,754.6674194335938,0.6489425897598267,179.15167236328125,740.0979614257812,0.03384855017066002
2123,83.8416519165039,117.09162139892578,0.9997350573539734,995.005126953125,83.73456573486328,0.9999622106552124,89.55716705322266,1029.5572509765625,0.9997623562812805,1019.425537109375,1019.4830932617188,0.998323380947113,338.692138671875,498.4742126464844,0.9990524649620056,331.0841369628906,608.6981201171875,0.9969083666801453,277.0181884765625,548.2388305664062,0.9991994500160217,386.2345275878906,558.0352172851562,0.9968143105506897,725.2728881835938,499.84588623046875,0.9965457320213318,753.45166015625,644.0796508789062,0.9962288737297058,687.0220336914062,576.8330078125,0.9664665460586548,788.5963134765625,553.0841064453125,0.9449628591537476,844.7564697265625,685.9044189453125,0.9580768942832947,783.2260131835938,695.10107421875,0.9951671361923218,754.35693359375,694.5967407226562,0.9185017943382263,623.629150390625,695.1180419921875,0.9916707277297974,677.2653198242188,627.258544921875,0.9628204703330994,717.27734375,734.6670532226562,0.9908902049064636,539.8800048828125,653.1007080078125,0.9158700108528137,575.5003662109375,765.4580688476562,0.6272901296615601,474.4873046875,731.2159423828125,0.9894970655441284,350.17425537109375,754.5562744140625,0.4673495292663574,476.398193359375,1002.79638671875,0.19925469160079956
2124,84.51284790039062,116.37383270263672,0.9997515082359314,995.7552490234375,82.46422576904297,0.9999350309371948,88.39176940917969,1029.61083984375,0.9998487234115601,1020.1446533203125,1019.8370971679688,0.9987978935241699,337.97393798828125,498.39605712890625,0.9990192651748657,330.7593078613281,610.125732421875,0.9985278844833374,277.37371826171875,549.583251953125,0.9986187219619751,387.1071472167969,558.1109008789062,0.9953545331954956,721.9675903320312,500.0443420410156,0.9964136481285095,760.274658203125,639.0309448242188,0.9926400184631348,688.4654541015625,585.5426025390625,0.99400794506073,786.5928955078125,556.7750854492188,0.8921368718147278,873.759765625,682.4639282226562,0.8155421614646912,815.6254272460938,690.9523315429688,0.9696686267852783,785.64013671875,694.7577514648438,0.8920088410377502,631.7869262695312,694.832275390625,0.9864943027496338,737.4690551757812,643.8546142578125,0.9910522103309631,727.6324462890625,738.4144287109375,0.9995062351226807,544.5789184570312,650.6060180664062,0.8834999203681946,543.8457641601562,644.1443481445312,0.5697709321975708,483.4414367675781,724.64453125,0.9983536005020142,387.34332275390625,748.9454345703125,0.39810118079185486,507.9053955078125,431.3056945800781,0.5789883732795715
2125,83.66303253173828,116.5442886352539,0.999915599822998,994.8017578125,84.88204193115234,0.9999372959136963,88.72789001464844,1030.1024169921875,0.9997684359550476,1018.8359985351562,1020.2862548828125,0.99907386302948,338.34716796875,498.7615051269531,0.998897910118103,331.06768798828125,610.4116821289062,0.997793436050415,276.7916564941406,548.676025390625,0.9973989725112915,386.2066650390625,558.3366088867188,0.9963877201080322,722.9078369140625,502.034912109375,0.9964261651039124,760.2896728515625,632.2946166992188,0.9948921203613281,685.9600830078125,581.7965698242188,0.9930659532546997,786.4942626953125,554.4234619140625,0.9501947164535522,886.870849609375,679.5872192382812,0.35005006194114685,832.4401245117188,685.6078491210938,0.9939739108085632,805.6641845703125,690.59814453125,0.9800563454627991,659.1162719726562,695.026611328125,0.9883163571357727,744.0254516601562,648.579833984375,0.9983037710189819,752.6804809570312,736.5700073242188,0.9705513119697571,566.07568359375,652.0882568359375,0.5430721044540405,585.4039916992188,757.8942260742188,0.9570474624633789,497.7781066894531,716.3067016601562,0.9959678649902344,928.4003295898438,692.1215209960938,0.6450999975204468,248.3416290283203,705.4129028320312,0.40917840600013733
2126,84.962158203125,115.07455444335938,0.9998859167098999,994.9620971679688,84.812744140625,0.9999418258666992,90.1132583618164,1029.376708984375,0.9998008608818054,1021.5608520507812,1019.2442626953125,0.9985472559928894,338.9544982910156,498.3125,0.99924635887146,331.08209228515625,609.524169921875,0.997428834438324,277.18603515625,549.6078491210938,0.9979933500289917,387.1119689941406,559.0009155273438,0.9972370862960815,725.3677368164062,500.9441223144531,0.9972570538520813,766.7767333984375,638.4683837890625,0.9817950129508972,687.7601318359375,582.4099731445312,0.9911012053489685,789.6156005859375,552.1589965820312,0.9693701863288879,869.1106567382812,649.8886108398438,0.481157511472702,832.8253173828125,674.6900634765625,0.908508837223053,794.7416381835938,693.2239990234375,0.863141655921936,666.39794921875,706.0654907226562,0.9965298771858215,740.8997192382812,643.6306762695312,0.9984812140464783,758.116455078125,743.372802734375,0.9929609894752502,750.9610595703125,743.8937377929688,0.34627142548561096,606.533447265625,772.3681640625,0.5798976421356201,523.6690673828125,728.3546752929688,0.9965839385986328,410.2147216796875,734.3591918945312,0.8194087147712708,319.3564453125,732.28955078125,0.9279070496559143
2127,84.77416229248047,115.35215759277344,0.999782383441925,995.8031616210938,85.59402465820312,0.9999332427978516,89.69373321533203,1029.5916748046875,0.9997878670692444,1019.3399658203125,1018.2605590820312,0.9991889595985413,338.1124572753906,498.4791259765625,0.9991289973258972,331.6161193847656,609.4667358398438,0.9985747337341309,276.61651611328125,549.9979858398438,0.9982427358627319,387.2830810546875,557.8689575195312,0.9977918863296509,730.7203979492188,497.82666015625,0.9877712726593018,746.973388671875,624.6835327148438,0.8826932311058044,684.1956787109375,579.7769165039062,0.9934816360473633,791.13671875,549.8560180664062,0.9867260456085205,834.0814819335938,631.5219116210938,0.9550375938415527,821.0651245117188,640.6835327148438,0.9925994873046875,789.3397827148438,667.4381713867188,0.9762396812438965,671.2720336914062,707.1366577148438,0.9792405366897583,729.2175903320312,635.3323364257812,0.96066814661026,777.8663940429688,722.6082153320312,0.9980068802833557,601.0415649414062,663.2184448242188,0.6870003342628479,580.6984252929688,762.9320068359375,0.8800693154335022,536.497314453125,730.828125,0.9987393021583557,453.0680847167969,736.939453125,0.49035975337028503,238.7891082763672,691.368896484375,0.2044781893491745
2128,86.65206146240234,116.24496459960938,0.9998094439506531,993.226318359375,84.10928344726562,0.9999516010284424,89.20925903320312,1028.2879638671875,0.9998034834861755,1020.7554931640625,1019.3207397460938,0.9990947246551514,337.7782287597656,498.7135009765625,0.9993113279342651,331.9083251953125,609.3353881835938,0.9981729984283447,276.69140625,548.6148681640625,0.9983659386634827,387.1476745605469,556.620361328125,0.9968363046646118,728.0531005859375,497.2999267578125,0.9928082227706909,731.4115600585938,615.849609375,0.9180929660797119,678.4688110351562,570.6893920898438,0.9291967749595642,782.1101684570312,551.12109375,0.987815797328949,802.8690185546875,607.9603271484375,0.9755859375,795.6937866210938,623.52490234375,0.9569945931434631,778.6953125,642.5733642578125,0.9785388112068176,632.4540405273438,717.1792602539062,0.9885657429695129,730.9515991210938,615.5205688476562,0.7655333280563354,746.2413330078125,725.43896484375,0.9488059878349304,567.76806640625,689.512451171875,0.9501633048057556,582.3731079101562,763.1254272460938,0.876641571521759,533.3057861328125,728.7188110351562,0.9983997941017151,410.7281494140625,743.7091674804688,0.5671231150627136,248.72789001464844,703.5010375976562,0.5756036639213562
2129,85.8656005859375,115.68302917480469,0.9995576739311218,995.6829223632812,84.1055679321289,0.9999345541000366,90.66632843017578,1028.64990234375,0.9998424053192139,1022.0159912109375,1020.6002197265625,0.9994882345199585,337.9718322753906,498.6312255859375,0.9994516968727112,331.941650390625,609.6124877929688,0.9985791444778442,276.8020324707031,550.1553344726562,0.9983774423599243,387.4010925292969,556.7725219726562,0.9976275563240051,731.45263671875,497.4679870605469,0.9733970165252686,719.9802856445312,597.9915161132812,0.9736905694007874,676.733642578125,562.6002197265625,0.8821876049041748,774.5068359375,543.5819702148438,0.9494487047195435,779.1328125,587.3687744140625,0.9385936260223389,721.9779663085938,653.5945434570312,0.9971681237220764,690.673583984375,681.1093139648438,0.9976224303245544,626.4520263671875,725.356201171875,0.9762553572654724,717.8307495117188,604.5409545898438,0.7313974499702454,732.364013671875,731.0274658203125,0.9810956120491028,567.3621215820312,701.583251953125,0.8414366245269775,582.619873046875,760.3873901367188,0.7523883581161499,532.8200073242188,730.51708984375,0.9942145943641663,409.7408752441406,744.5930786132812,0.6513786315917969,271.8786926269531,721.8467407226562,0.1765841841697693
2130,86.03938293457031,114.7539291381836,0.9994718432426453,997.1370849609375,81.94737243652344,0.9999370574951172,88.63887786865234,1030.3336181640625,0.9997091889381409,1019.3853149414062,1019.8994140625,0.9993436932563782,337.80169677734375,498.259765625,0.9994025230407715,331.5804748535156,610.9470825195312,0.9983564019203186,276.6955871582031,550.1925048828125,0.9984062314033508,386.85015869140625,557.6321411132812,0.9942305088043213,730.0108642578125,496.98297119140625,0.9658316373825073,713.4356079101562,593.8560791015625,0.9581424593925476,677.306884765625,547.11767578125,0.5502544641494751,774.906982421875,534.6889038085938,0.9005181193351746,765.7086181640625,537.4874267578125,0.05056782811880112,698.3214111328125,653.5103149414062,0.993362307548523,767.0885620117188,592.7249755859375,0.9972935318946838,621.1588745117188,720.4645385742188,0.9914773106575012,725.5076904296875,589.8328857421875,0.9171013832092285,710.1995239257812,734.1492309570312,0.782782793045044,588.6842651367188,681.0426025390625,0.7744809985160828,609.4907836914062,767.7283935546875,0.9726300239562988,539.2384643554688,733.4091796875,0.7917712926864624,418.89373779296875,743.075439453125,0.6989960074424744,276.4385070800781,723.3687744140625,0.28344592452049255
2131,83.91358184814453,115.69755554199219,0.9997943043708801,996.9500732421875,85.62741088867188,0.9999264478683472,90.29147338867188,1030.04443359375,0.999805748462677,1021.268798828125,1019.2107543945312,0.9989207983016968,337.206787109375,497.9610900878906,0.9984311461448669,332.3354187011719,609.4241333007812,0.9990776777267456,276.8162841796875,550.2854614257812,0.9992257356643677,386.7869873046875,555.8141479492188,0.9979910850524902,725.7808227539062,497.9219970703125,0.9853919148445129,710.619873046875,589.4130249023438,0.764266312122345,676.6849365234375,545.4862670898438,0.7549089789390564,780.2012939453125,540.2734985351562,0.9453771114349365,772.9520874023438,584.5927734375,0.19808374345302582,690.7000122070312,661.6861572265625,0.9343547224998474,759.6849365234375,596.8941650390625,0.9927482008934021,623.780029296875,723.8822631835938,0.14219757914543152,728.2863159179688,587.2860717773438,0.9310119152069092,770.7064819335938,628.7592163085938,0.9646268486976624,575.087646484375,706.6016845703125,0.8336110711097717,623.836181640625,762.2706909179688,0.07818254828453064,546.1378784179688,743.1663818359375,0.6597418189048767,406.3614196777344,745.3789672851562,0.4199874699115753,245.35923767089844,709.9127807617188,0.8935930132865906
2132,83.14427947998047,115.16470336914062,0.9998317956924438,995.0411376953125,82.11892700195312,0.999910831451416,89.88150024414062,1029.4261474609375,0.9997593760490417,1022.225830078125,1019.1532592773438,0.9992552399635315,338.6854553222656,498.3781433105469,0.9990482926368713,331.2041931152344,609.630126953125,0.9986514449119568,276.90960693359375,548.75146484375,0.9994638562202454,387.3172912597656,557.8766479492188,0.9975647926330566,724.6675415039062,498.38427734375,0.9954934120178223,724.6074829101562,604.3261108398438,0.836506187915802,674.3240966796875,562.3684692382812,0.888619601726532,782.4810791015625,544.2833251953125,0.9727538228034973,773.7255859375,614.2681274414062,0.769387423992157,778.321533203125,617.0626220703125,0.9737599492073059,766.9751586914062,624.32275390625,0.9960439205169678,631.100341796875,714.2777709960938,0.8974083662033081,720.1495971679688,607.3377685546875,0.9684374332427979,687.9608764648438,740.2625122070312,0.9477944374084473,649.378173828125,667.8993530273438,0.07645554840564728,624.9810791015625,767.72314453125,0.8418383002281189,538.7669067382812,736.990234375,0.9677845239639282,446.3168640136719,742.9891357421875,0.37320512533187866,244.96524047851562,711.01220703125,0.8856224417686462
2133,86.43229675292969,115.67005157470703,0.9997426867485046,995.8743286132812,85.11656951904297,0.9998595714569092,90.83110046386719,1028.89599609375,0.9998928308486938,1023.3137817382812,1019.5977783203125,0.9996154308319092,337.58551025390625,498.2504577636719,0.9990941286087036,331.5340576171875,609.4391479492188,0.9988413453102112,276.8055419921875,548.677978515625,0.9992619156837463,387.5147399902344,557.9030151367188,0.997654378414154,723.1072998046875,498.4874267578125,0.9965187311172485,752.0078125,617.085693359375,0.9810442328453064,678.5967407226562,571.7132568359375,0.9910852313041687,784.319580078125,544.2467651367188,0.9689151644706726,797.5070190429688,662.7435913085938,0.13305991888046265,714.9069213867188,741.520263671875,0.6682273149490356,704.6152954101562,731.096923828125,0.43717148900032043,692.3170776367188,674.9576416015625,0.7572452425956726,738.7238159179688,625.2072143554688,0.8376246094703674,686.8086547851562,754.9271850585938,0.9271623492240906,639.1112670898438,659.7337646484375,0.31697380542755127,622.8807983398438,768.743896484375,0.15660607814788818,792.55029296875,672.205810546875,0.9754452705383301,424.8344421386719,745.1806030273438,0.38523927330970764,244.29766845703125,714.532470703125,0.36652085185050964
2134,85.83816528320312,115.7017822265625,0.9986671209335327,994.1538696289062,83.93669891357422,0.9998852014541626,90.84234619140625,1028.447021484375,0.999744713306427,1021.1834106445312,1020.3949584960938,0.9991994500160217,336.35906982421875,497.8878173828125,0.9989677667617798,332.6695251464844,609.8131713867188,0.9984739422798157,276.5211486816406,549.5848388671875,0.9991576671600342,386.6440734863281,555.1591186523438,0.9984753727912903,721.1910400390625,499.4824523925781,0.9973996877670288,757.0550537109375,637.1519775390625,0.995510458946228,687.5074462890625,582.0945434570312,0.9885842800140381,786.423828125,544.3999633789062,0.8745529055595398,830.32177734375,699.8421020507812,0.9484870433807373,813.4892578125,698.754150390625,0.997595489025116,742.6204223632812,725.5425415039062,0.9051005840301514,675.8602905273438,707.95751953125,0.6236321330070496,716.4798583984375,650.2224731445312,0.11302798986434937,710.2098999023438,770.4596557617188,0.9815464615821838,624.06298828125,678.8825073242188,0.05772462487220764,627.9314575195312,772.6519775390625,0.2978131175041199,539.528076171875,736.8763427734375,0.6094536781311035,456.27490234375,743.2539672851562,0.7122654914855957,235.03175354003906,711.6776733398438,0.5483014583587646
2135,84.861328125,118.40322875976562,0.9995470643043518,995.9913330078125,84.45594787597656,0.9999784231185913,89.88177490234375,1029.0477294921875,0.9995813965797424,1022.524169921875,1018.937255859375,0.9988116025924683,337.103271484375,497.5755920410156,0.9989935755729675,333.9657287597656,611.4189453125,0.9979763627052307,276.4281311035156,550.3146362304688,0.9990059733390808,387.6992492675781,556.0667114257812,0.9981129169464111,723.199951171875,500.4963684082031,0.9983189702033997,758.5804443359375,642.9058837890625,0.9991984963417053,688.324951171875,584.0077514648438,0.9917353391647339,788.2439575195312,555.016845703125,0.9177553653717041,876.3794555664062,705.2837524414062,0.5975428819656372,806.6134033203125,714.0037231445312,0.9786553382873535,783.0578002929688,722.4351806640625,0.9738804697990417,671.2589111328125,710.0630493164062,0.6651105284690857,715.8143920898438,660.9393310546875,0.4436468183994293,747.1663208007812,779.2393188476562,0.9585867524147034,621.171630859375,671.5130004882812,0.32256847620010376,621.004638671875,770.6552734375,0.6643248796463013,551.9232788085938,740.4456787109375,0.9082358479499817,453.6199035644531,742.2356567382812,0.9042090773582458,234.982421875,716.594970703125,0.3098278045654297
2136,85.64189910888672,115.72013092041016,0.9983041286468506,997.7649536132812,84.18282318115234,0.999882698059082,90.57127380371094,1029.4830322265625,0.9996848106384277,1019.8378295898438,1018.8892211914062,0.9988219141960144,337.187255859375,497.9171142578125,0.9992249011993408,332.2505798339844,610.6673583984375,0.9988572597503662,276.3865051269531,550.6323852539062,0.9990491271018982,387.3275451660156,557.7250366210938,0.9977262616157532,722.119384765625,500.81243896484375,0.9973562955856323,749.8729248046875,648.6295166015625,0.9233924746513367,686.9659423828125,583.3395385742188,0.9952298402786255,785.8366088867188,549.9452514648438,0.8873162269592285,911.7789916992188,731.3899536132812,0.32900312542915344,896.527099609375,734.0210571289062,0.5351352095603943,845.72509765625,724.9609985351562,0.6372683644294739,694.0365600585938,718.310791015625,0.6955434679985046,745.830810546875,667.2198486328125,0.9138045907020569,827.513427734375,767.5294799804688,0.9963425993919373,641.0670166015625,663.2776489257812,0.5040301084518433,642.7879638671875,778.0579833984375,0.3295498490333557,899.0932006835938,735.0746459960938,0.9658340811729431,447.54364013671875,742.7826538085938,0.9028211832046509,277.048583984375,723.548583984375,0.3392289876937866
2137,85.41265106201172,116.8147964477539,0.999671459197998,994.3077392578125,83.38399505615234,0.9999129772186279,90.16153717041016,1030.2811279296875,0.9995778203010559,1022.2403564453125,1020.0435180664062,0.9989172220230103,336.4416198730469,498.1511535644531,0.9987199306488037,332.26507568359375,610.7271118164062,0.9980338215827942,276.9475402832031,549.130126953125,0.999011754989624,387.20458984375,557.0991821289062,0.9975608587265015,723.1754760742188,499.97381591796875,0.997323215007782,763.6016845703125,668.4631958007812,0.9561609029769897,686.935791015625,590.6746215820312,0.987096905708313,788.575439453125,567.1226196289062,0.8296862244606018,953.28955078125,732.3489379882812,0.9517610669136047,935.1324462890625,739.20166015625,0.9266515970230103,830.485595703125,753.4561157226562,0.7455295920372009,693.0196533203125,725.1898193359375,0.7187288999557495,763.163818359375,682.8364868164062,0.8525057435035706,782.5219116210938,786.9507446289062,0.9402894377708435,669.5939331054688,683.2155151367188,0.47084084153175354,639.69921875,787.2859497070312,0.3509930670261383,561.5921630859375,744.4812622070312,0.9381293058395386,458.4894104003906,742.22705078125,0.6247938871383667,271.506591796875,721.3909301757812,0.48591548204421997
2138,84.20807647705078,117.00912475585938,0.9998834133148193,996.8226928710938,83.35140228271484,0.999927282333374,89.79370880126953,1029.216796875,0.9996521472930908,1022.517578125,1019.1746826171875,0.9982743263244629,335.91351318359375,497.8546142578125,0.9989857077598572,332.9570617675781,611.26611328125,0.9985125660896301,276.6483154296875,549.7760009765625,0.9993407130241394,387.53070068359375,556.224365234375,0.9974756836891174,722.3826904296875,500.3045959472656,0.9971274733543396,765.9784545898438,671.0215454101562,0.9673606157302856,692.10693359375,587.7354736328125,0.9813762903213501,786.7889404296875,548.9617919921875,0.8082793951034546,985.0855712890625,737.7150268554688,0.9917418956756592,906.2434692382812,747.3572387695312,0.9188581705093384,860.951904296875,746.6231689453125,0.9629634618759155,710.2381591796875,735.4869995117188,0.9676387310028076,801.5980834960938,692.2708129882812,0.9127285480499268,805.8259887695312,789.9671630859375,0.9052690863609314,805.0550537109375,788.7080688476562,0.9730779528617859,617.3220825195312,779.3526000976562,0.802272617816925,573.33642578125,736.4574584960938,0.9748936295509338,445.6702880859375,742.8399047851562,0.6388197541236877,270.0549011230469,712.5980834960938,0.8610782623291016
2139,85.92053985595703,115.6191177368164,0.999049961566925,995.0221557617188,83.24893951416016,0.9999334812164307,89.85104370117188,1030.005859375,0.9995980858802795,1021.4446411132812,1020.4072875976562,0.9975531697273254,336.14581298828125,497.98260498046875,0.9990683197975159,333.1429138183594,610.638671875,0.9978534579277039,276.89483642578125,550.9788208007812,0.9991206526756287,386.774658203125,555.4423217773438,0.9980871677398682,720.1881103515625,500.7436828613281,0.997424840927124,778.1624145507812,671.7811279296875,0.5972322225570679,693.179931640625,592.557373046875,0.9886600971221924,785.8610229492188,548.662353515625,0.9022008776664734,995.2327270507812,726.9935913085938,0.9982485771179199,909.796875,746.6223754882812,0.9257449507713318,875.3312377929688,750.0574951171875,0.8846763372421265,731.9954833984375,735.4951782226562,0.9994308352470398,820.1444702148438,695.4219970703125,0.5674471855163574,824.1299438476562,789.7086791992188,0.254785418510437,675.0696411132812,683.0618286132812,0.8664527535438538,643.1896362304688,781.7576293945312,0.6753629446029663,575.582275390625,730.339599609375,0.987389326095581,470.71875,739.414306640625,0.4210151731967926,244.8146209716797,705.895751953125,0.9248399138450623
2140,84.54000091552734,117.6463623046875,0.9996693134307861,995.6463623046875,83.7035140991211,0.9998629093170166,90.39115142822266,1030.19189453125,0.9996938705444336,1020.8619995117188,1019.7025756835938,0.9977428913116455,335.5641174316406,498.6470642089844,0.9990693926811218,332.13134765625,610.5534057617188,0.9987764954566956,276.86053466796875,549.782470703125,0.999568521976471,386.6022033691406,556.118896484375,0.997751772403717,716.1112060546875,500.3691101074219,0.9993401169776917,774.912109375,669.458984375,0.9120908379554749,692.8800048828125,591.0272827148438,0.9893448948860168,784.0994873046875,550.5947875976562,0.9240713715553284,1007.1848754882812,719.0240478515625,0.9722209572792053,927.4332275390625,743.726318359375,0.9215587377548218,888.82568359375,748.4766235351562,0.9948655962944031,739.0831909179688,738.9161987304688,0.998263418674469,829.7799682617188,694.3695068359375,0.689261257648468,850.216796875,788.3601684570312,0.9817885756492615,682.2098999023438,680.34130859375,0.8636490106582642,661.2188110351562,788.2886962890625,0.9206033945083618,597.5294799804688,737.576416015625,0.9930328130722046,484.9116516113281,741.6732177734375,0.9521849751472473,345.1597595214844,735.89501953125,0.13547609746456146
2141,84.65483093261719,115.57495880126953,0.9992126226425171,995.5050659179688,84.29088592529297,0.9999531507492065,90.11337280273438,1030.3538818359375,0.9997250437736511,1020.5642700195312,1019.7212524414062,0.9988565444946289,335.443603515625,498.89581298828125,0.9986914992332458,333.21038818359375,610.3399658203125,0.9977758526802063,277.1132507324219,550.6109619140625,0.9992738366127014,386.83966064453125,555.3179321289062,0.9975507855415344,717.3155517578125,499.31549072265625,0.9992651343345642,775.8524169921875,669.947998046875,0.8172667622566223,693.23486328125,591.6947631835938,0.9931402802467346,783.5736694335938,549.1290283203125,0.9410030841827393,1018.1071166992188,730.6248168945312,0.9984838366508484,938.911376953125,743.4962768554688,0.9991843104362488,911.1414794921875,749.3342895507812,0.9983540773391724,761.709228515625,749.6243286132812,0.9867410063743591,862.0281372070312,703.1927490234375,0.8852086663246155,885.8812255859375,782.35791015625,0.9976660013198853,709.5059204101562,688.2241821289062,0.7876974940299988,710.6337280273438,819.9530639648438,0.27491432428359985,616.4716186523438,751.2155151367188,0.4426978528499603,468.9771728515625,748.2798461914062,0.8078942894935608,265.8536682128906,713.4329223632812,0.6739509105682373
2142,85.0052261352539,116.70128631591797,0.9996253252029419,996.9964599609375,83.70570373535156,0.9999594688415527,89.17015838623047,1031.4871826171875,0.9996271133422852,1021.7387084960938,1019.8707275390625,0.9983599781990051,335.8393859863281,498.3287048339844,0.9986078143119812,333.60552978515625,610.0556640625,0.9979054927825928,277.12347412109375,550.1787719726562,0.9991922974586487,386.37567138671875,555.0396118164062,0.9967820644378662,714.8967895507812,501.5655517578125,0.9983214735984802,772.2372436523438,684.212890625,0.4551052749156952,693.630859375,593.16357421875,0.9972659349441528,785.8728637695312,565.0869750976562,0.7823558449745178,1032.056640625,761.6428833007812,0.9423807859420776,960.9205322265625,767.5751953125,0.8218353390693665,930.09814453125,765.03173828125,0.9788821339607239,798.255126953125,775.158203125,0.9856612682342529,894.4317016601562,717.5733642578125,0.6596735715866089,909.76220703125,805.1463012695312,0.9998772144317627,744.6449584960938,708.0966186523438,0.2303779423236847,734.8681640625,836.4884643554688,0.5641566514968872,663.1268310546875,798.017333984375,0.5005884170532227,364.11761474609375,740.2935180664062,0.4720694422721863,276.6484375,711.3833618164062,0.6411765813827515
2143,84.61740112304688,116.79107666015625,0.9992151260375977,996.8524169921875,83.91820526123047,0.9999300241470337,87.78649139404297,1029.818115234375,0.9995805621147156,1019.3240356445312,1018.2269287109375,0.999062716960907,335.76275634765625,498.31243896484375,0.9983887672424316,332.478759765625,609.7094116210938,0.9986469149589539,277.0076904296875,550.0380859375,0.9988952875137329,386.9184875488281,554.3800048828125,0.9958853125572205,717.7626953125,501.3945007324219,0.9963082671165466,774.9904174804688,695.6934204101562,0.23927591741085052,690.2904052734375,590.08642578125,0.9955742359161377,782.1806640625,550.5629272460938,0.8781723380088806,1074.8394775390625,808.9595947265625,0.8591005206108093,978.005126953125,794.7594604492188,0.9848682880401611,943.9713134765625,791.9706420898438,0.963070809841156,806.6446533203125,789.3129272460938,0.9326847791671753,907.1539306640625,742.7576293945312,0.9739819765090942,911.7433471679688,845.8502197265625,0.9977498650550842,796.4912109375,725.1007080078125,0.3909682333469391,780.487060546875,846.8173217773438,0.6770978569984436,703.5433959960938,806.7314453125,0.8998132348060608,624.7195434570312,805.7574462890625,0.6352664232254028,557.9511108398438,629.5390625,0.06575373560190201
2144,84.27959442138672,115.97811889648438,0.9991944432258606,996.0684814453125,84.04460906982422,0.9999473094940186,89.8866195678711,1029.954345703125,0.9996435642242432,1019.5853271484375,1020.340576171875,0.9968440532684326,336.5988464355469,498.7096252441406,0.998921275138855,331.9320983886719,610.0567626953125,0.998111367225647,276.79132080078125,550.4716796875,0.9991230368614197,386.7305908203125,556.6837158203125,0.9966657757759094,717.0015869140625,499.93951416015625,0.998347282409668,753.6929931640625,710.1754760742188,0.9983474016189575,693.8994750976562,592.4239501953125,0.9964902997016907,783.4877319335938,547.2290649414062,0.932392954826355,646.2257690429688,799.1251220703125,0.025483042001724243,1003.6712036132812,819.9916381835938,0.6748740673065186,952.885498046875,820.5457153320312,0.7833393812179565,829.2147827148438,797.0142211914062,0.9583678245544434,918.1367797851562,771.7246704101562,0.7326087951660156,913.7710571289062,858.951416015625,0.9482263922691345,909.7265014648438,860.54638671875,0.8603125214576721,917.8599853515625,773.9354248046875,0.3761495053768158,724.70947265625,808.0779418945312,0.9630368947982788,635.0615234375,797.155029296875,0.44848352670669556,540.5365600585938,791.0728759765625,0.1300215721130371
2145,85.8476333618164,116.87356567382812,0.9995009899139404,994.7862548828125,84.7496109008789,0.9998592138290405,88.640380859375,1030.0418701171875,0.999605119228363,1019.7032470703125,1019.211669921875,0.9978795051574707,336.4176025390625,499.0888366699219,0.9987982511520386,333.2862243652344,609.3773803710938,0.9986681938171387,276.8491516113281,550.5619506835938,0.9987564086914062,386.263916015625,554.2088012695312,0.9969916343688965,718.21923828125,500.5787048339844,0.9988368153572083,756.9679565429688,717.95654296875,0.996834933757782,694.1826171875,594.3261108398438,0.9960190653800964,783.7105712890625,556.2058715820312,0.8071547150611877,830.311279296875,845.619873046875,0.101905956864357,1032.7347412109375,846.8980102539062,0.13443657755851746,1031.249267578125,846.8067626953125,0.5551977753639221,889.5838623046875,815.5442504882812,0.6979499459266663,974.86865234375,858.9362182617188,0.3567033112049103,974.48095703125,867.0352172851562,0.7842870950698853,898.0693969726562,771.0836181640625,0.32682400941848755,831.8763427734375,841.4224853515625,0.22740691900253296,791.2074584960938,785.16552734375,0.995779275894165,726.0751953125,791.0181274414062,0.2383662462234497,618.9944458007812,784.3121948242188,0.755128800868988
2146,84.07324981689453,117.74909210205078,0.9990990161895752,994.8060302734375,85.04842376708984,0.9999594688415527,88.7721939086914,1029.1590576171875,0.9996377229690552,1022.9867553710938,1021.0128784179688,0.9980818033218384,337.3240661621094,499.114990234375,0.9986022114753723,333.0765686035156,610.2340698242188,0.9988391995429993,277.23468017578125,549.0534057617188,0.9986644983291626,386.9692687988281,555.4320068359375,0.9928056597709656,719.3203125,500.61431884765625,0.9969481825828552,755.7601928710938,718.7903442382812,0.9994140863418579,694.6624145507812,595.9364013671875,0.9979877471923828,783.2159423828125,556.9741821289062,0.8329781293869019,1083.118896484375,865.0785522460938,0.01162329874932766,1034.7618408203125,853.9218139648438,0.8211023807525635,1007.817626953125,851.0217895507812,0.9535555839538574,909.1787109375,810.90625,0.9814784526824951,990.250732421875,810.1723022460938,0.28769564628601074,905.5130004882812,884.859619140625,0.802087664604187,888.6321411132812,757.5509033203125,0.5940644145011902,854.88427734375,847.2230834960938,0.7810382843017578,788.5128784179688,780.9675903320312,0.9986295700073242,641.0878295898438,764.3283081054688,0.7188970446586609,524.30126953125,768.4893798828125,0.5895748138427734
2147,83.48577880859375,115.49435424804688,0.9993365406990051,996.4329223632812,82.64071655273438,0.9998624324798584,89.48118591308594,1029.74951171875,0.9997615218162537,1018.373291015625,1017.968017578125,0.9973955154418945,338.75616455078125,498.5277099609375,0.9988915324211121,332.1346740722656,609.793212890625,0.998414158821106,276.9625244140625,548.551025390625,0.9987236857414246,387.16424560546875,558.4083862304688,0.9975212216377258,719.2188110351562,500.2545166015625,0.9984738230705261,757.6390991210938,718.664306640625,0.9996687173843384,695.148681640625,596.1705322265625,0.9967648983001709,783.837646484375,550.0902099609375,0.804470419883728,928.8336791992188,894.8170776367188,0.010223635472357273,1023.5355224609375,852.8162231445312,0.06960653513669968,1019.1785278320312,855.18408203125,0.2530812919139862,905.67626953125,814.782470703125,0.2587258517742157,1063.0418701171875,894.1047973632812,0.2385111004114151,1062.39599609375,898.6148681640625,0.445800244808197,892.4253540039062,764.6500854492188,0.5628304481506348,848.8599243164062,855.2505493164062,0.22939911484718323,782.1446533203125,772.8067626953125,0.9820609092712402,653.3342895507812,763.2874755859375,0.4242933988571167,572.24755859375,771.0703125,0.12472791969776154
2148,84.1458969116211,115.8364486694336,0.9994106292724609,994.1773681640625,83.86920166015625,0.9998811483383179,88.66987609863281,1028.156494140625,0.9997379183769226,1022.4210205078125,1019.5166015625,0.9978747367858887,337.95355224609375,498.4234924316406,0.9987999200820923,331.4347839355469,609.6112670898438,0.9993399977684021,276.8029479980469,548.0674438476562,0.9986875653266907,386.3896179199219,556.94970703125,0.9959896206855774,718.6119384765625,501.1983337402344,0.9965569972991943,755.55859375,720.509033203125,0.9998435974121094,694.8429565429688,596.4240112304688,0.9974802136421204,785.41357421875,567.1674194335938,0.8264243602752686,1056.7879638671875,876.521484375,0.012726356275379658,1018.7278442382812,860.4765014648438,0.7533267140388489,990.5423583984375,856.3491821289062,0.6752961874008179,900.6394653320312,811.9628295898438,0.8893027901649475,966.6302490234375,877.250244140625,0.09168154746294022,902.614990234375,892.9869995117188,0.8162309527397156,890.6486206054688,763.4714965820312,0.8180279731750488,853.9862060546875,859.0767211914062,0.31405889987945557,781.9877319335938,773.23291015625,0.9985236525535583,651.09228515625,763.7642822265625,0.8042553663253784,432.0365905761719,491.4941101074219,0.23826569318771362
2149,83.6258316040039,114.72118377685547,0.9994072914123535,994.6307983398438,85.0318374633789,0.9998871088027954,89.85139465332031,1029.1522216796875,0.9997629523277283,1018.5159301757812,1019.0445556640625,0.9986099004745483,338.81256103515625,498.63525390625,0.9988396763801575,331.5172424316406,609.2372436523438,0.9986236095428467,277.0123291015625,548.4706420898438,0.9988594055175781,386.4886474609375,557.5720825195312,0.9960113763809204,715.2400512695312,500.2128601074219,0.9965835213661194,756.0109252929688,719.359130859375,0.9998927116394043,695.1068725585938,596.59326171875,0.9988657236099243,783.3663330078125,561.4841918945312,0.9236657619476318,925.1038818359375,896.8473510742188,0.181289941072464,994.9700927734375,860.8255615234375,0.8887141942977905,976.306884765625,860.8859252929688,0.878813624382019,898.2860717773438,804.828857421875,0.7048283219337463,961.7247924804688,839.8007202148438,0.17757923901081085,1067.072998046875,893.5070190429688,0.39726367592811584,893.7814331054688,764.5035400390625,0.7265496850013733,987.6668090820312,789.0541381835938,0.2759961485862732,783.8073120117188,770.6597900390625,0.9948034882545471,650.13525390625,757.1853637695312,0.6103265285491943,1020.84619140625,936.5676879882812,0.39884331822395325
2150,84.56155395507812,116.58204650878906,0.9976102113723755,995.9279174804688,83.7944107055664,0.9999667406082153,89.00751495361328,1028.703369140625,0.9994992017745972,1019.7637329101562,1019.94384765625,0.9963066577911377,340.1965637207031,498.4963073730469,0.999076247215271,331.15277099609375,608.9979858398438,0.9980700612068176,277.4925231933594,547.9942626953125,0.9979366064071655,386.3858947753906,557.36376953125,0.9975460171699524,717.6080322265625,500.7623596191406,0.9937145113945007,755.9172973632812,719.3384399414062,0.9996744394302368,696.9548950195312,594.998779296875,0.9984702467918396,783.1261596679688,569.924072265625,0.8350224494934082,1069.737548828125,891.8017578125,0.05370777100324631,987.1615600585938,864.0565795898438,0.5485805869102478,970.1482543945312,862.9686889648438,0.5944489240646362,889.1355590820312,803.9276123046875,0.7218614220619202,939.0020141601562,842.2317504882812,0.023664768785238266,882.7160034179688,876.1849365234375,0.6684061288833618,880.14697265625,873.7022705078125,0.5643727779388428,844.4407348632812,845.03173828125,0.31013551354408264,780.1397094726562,770.2933349609375,0.9964537620544434,670.78515625,753.6647338867188,0.862379789352417,576.382080078125,758.4048461914062,0.9127925038337708
2151,85.16258239746094,115.06178283691406,0.9997074007987976,995.9136352539062,84.59545135498047,0.9999333620071411,89.18829345703125,1029.41748046875,0.9996761083602905,1019.2910766601562,1018.332763671875,0.9980555772781372,339.8562316894531,498.3758544921875,0.9988828301429749,331.3445739746094,608.169921875,0.9988141059875488,277.79583740234375,547.8856201171875,0.9985734224319458,386.5589294433594,557.8834838867188,0.9977904558181763,719.016845703125,500.26312255859375,0.9954140186309814,755.9109497070312,718.5742797851562,0.9996765851974487,696.3847045898438,596.7735595703125,0.9973629117012024,784.70068359375,557.709228515625,0.8561355471611023,1063.3929443359375,899.6605834960938,0.2773244380950928,1051.0130615234375,888.569580078125,0.09005600214004517,988.21826171875,854.991943359375,0.14950571954250336,886.8125,805.2037353515625,0.9351744055747986,934.3271484375,845.0470581054688,0.03732244297862053,958.83349609375,908.1861572265625,0.4993163049221039,872.7352905273438,757.7750854492188,0.6073058843612671,844.9821166992188,846.6796264648438,0.2453605681657791,783.49169921875,772.03857421875,0.9959224462509155,677.2570190429688,751.5637817382812,0.6045218110084534,575.9994506835938,758.3854370117188,0.6638490557670593
2152,84.47099304199219,114.87471008300781,0.9996083378791809,994.98828125,82.0787353515625,0.9999438524246216,89.14139556884766,1030.6695556640625,0.9996815919876099,1016.8853149414062,1017.90869140625,0.9984145164489746,339.66998291015625,497.83709716796875,0.9988215565681458,331.32501220703125,609.2763671875,0.99866783618927,278.0784606933594,547.578369140625,0.9972857236862183,386.8489074707031,557.1920776367188,0.9970253109931946,720.0763549804688,501.35626220703125,0.9952632188796997,754.9443969726562,719.3531494140625,0.9990943670272827,693.2046508789062,592.3807373046875,0.9959459900856018,782.8643188476562,570.1358642578125,0.8878410458564758,1088.4532470703125,867.5244750976562,0.027870619669556618,1048.4378662109375,838.9666748046875,0.1007831022143364,916.1293334960938,885.9281616210938,0.17885544896125793,892.9771118164062,807.1032104492188,0.28562435507774353,1022.5130004882812,813.828857421875,0.5143442749977112,895.5789184570312,886.6626586914062,0.450704425573349,878.0887451171875,875.4149169921875,0.3078567087650299,1018.8890380859375,814.6677856445312,0.3085949122905731,780.8809814453125,771.9717407226562,0.9947393536567688,679.253662109375,754.0968017578125,0.866001307964325,576.7715454101562,760.843994140625,0.845529317855835
2153,84.85292053222656,116.42192077636719,0.99982750415802,995.0451049804688,83.3724594116211,0.999953031539917,88.67082977294922,1029.8428955078125,0.9997369647026062,1019.5270385742188,1017.8118286132812,0.9972022771835327,338.2152404785156,498.40435791015625,0.9989872574806213,332.3089294433594,608.7438354492188,0.9980102181434631,277.49542236328125,548.6609497070312,0.9984301924705505,386.1368713378906,556.3310546875,0.9988127946853638,716.8617553710938,500.48968505859375,0.9992129802703857,754.2294311523438,718.2767333984375,0.9978210926055908,695.0006103515625,595.0934448242188,0.9967779517173767,783.8523559570312,558.9476318359375,0.8169174790382385,882.8182983398438,908.367919921875,0.6699349284172058,1035.3668212890625,860.8073120117188,0.6285465359687805,943.1854248046875,877.6995849609375,0.8439395427703857,885.1920166015625,805.1478271484375,0.5647302865982056,1004.5328979492188,905.15087890625,0.23484529554843903,890.1094970703125,876.098388671875,0.2486685812473297,879.3347778320312,758.14208984375,0.6964409351348877,844.8035888671875,848.103759765625,0.2559746205806732,783.6261596679688,773.6799926757812,0.9956009387969971,654.6851806640625,757.4002075195312,0.8837041854858398,579.0114135742188,759.97607421875,0.6498542428016663
2154,83.9198226928711,115.73883056640625,0.9997561573982239,994.0281372070312,83.66866302490234,0.9998990297317505,89.34319305419922,1030.0281982421875,0.9997074007987976,1022.8262329101562,1023.5858154296875,0.9970489144325256,337.53887939453125,497.84075927734375,0.9989147186279297,332.59063720703125,609.054443359375,0.9986410737037659,277.4684753417969,549.444580078125,0.9992126226425171,386.8606872558594,556.6033325195312,0.9967251420021057,717.2728881835938,501.0293273925781,0.996268630027771,755.7843627929688,717.775390625,0.9991562366485596,695.957763671875,595.8098754882812,0.9965355396270752,781.5681762695312,559.1744384765625,0.6720308661460876,1077.3974609375,922.4617919921875,0.6430894732475281,935.01171875,895.776611328125,0.8430142402648926,926.0487060546875,868.2522583007812,0.896011471748352,901.9193725585938,805.5030517578125,0.934082567691803,1008.6250610351562,852.3878784179688,0.8113095164299011,888.534912109375,873.3963623046875,0.7146640419960022,893.8772583007812,761.5867919921875,0.8627249598503113,840.7503051757812,841.4148559570312,0.7631794810295105,786.695556640625,775.7789306640625,0.9869251251220703,647.1246948242188,759.889404296875,0.9121898412704468,823.876220703125,517.5967407226562,0.41859087347984314
2155,84.23361206054688,118.25518798828125,0.9995226860046387,993.85107421875,82.9244384765625,0.9998619556427002,89.309326171875,1029.1707763671875,0.999784529209137,1023.0808715820312,1022.541015625,0.9829314351081848,337.9072265625,498.2286071777344,0.9990429282188416,333.28369140625,610.5341796875,0.9981192946434021,277.1260986328125,549.9154052734375,0.9989752769470215,387.8802185058594,557.293212890625,0.9968816041946411,715.6629028320312,500.60614013671875,0.9979738593101501,755.3544921875,717.949951171875,0.9993116855621338,694.7449340820312,597.0299682617188,0.9984654188156128,783.374755859375,561.1830444335938,0.8275637030601501,1074.0760498046875,934.7533569335938,0.23401124775409698,933.5902709960938,926.1463012695312,0.8306463956832886,924.5150146484375,884.462890625,0.9387331604957581,924.610595703125,818.4865112304688,0.8552336692810059,990.3792724609375,950.9114379882812,0.7723208665847778,888.2243041992188,877.2686157226562,0.5630695819854736,895.3986206054688,762.5504150390625,0.6943090558052063,990.0316772460938,825.6435546875,0.6036863327026367,787.23193359375,766.2833862304688,0.9861366748809814,643.9378051757812,758.875732421875,0.9610363841056824,1007.5565185546875,705.5211181640625,0.29711607098579407
2156,84.43833923339844,115.22014617919922,0.9999239444732666,994.4176635742188,81.42540740966797,0.9997813105583191,88.94017028808594,1029.3846435546875,0.9997209906578064,1024.534423828125,1022.53759765625,0.9299381971359253,338.20977783203125,498.2998046875,0.9991185069084167,333.5848083496094,609.2306518554688,0.997015118598938,277.8551940917969,548.94775390625,0.9988523721694946,387.6905822753906,557.3402709960938,0.9973688125610352,717.3185424804688,501.3357238769531,0.9975020289421082,757.1749267578125,716.6782836914062,0.9990519881248474,695.9354248046875,596.9716796875,0.9970882534980774,782.4531860351562,556.0813598632812,0.8225637674331665,923.5908203125,1057.2862548828125,0.34522905945777893,912.9442138671875,953.1804809570312,0.9851508736610413,912.3157958984375,899.1399536132812,0.9969488978385925,919.3745727539062,811.9522094726562,0.9838316440582275,974.3582153320312,960.0519409179688,0.8362017869949341,875.0277709960938,895.2977905273438,0.9481562972068787,897.8628540039062,758.6917724609375,0.9331485629081726,840.02880859375,829.6756591796875,0.8129903078079224,784.6004638671875,767.607421875,0.9930058717727661,647.7561645507812,759.318603515625,0.9738193154335022,579.3706665039062,759.1593017578125,0.454370379447937
2157,84.16090393066406,115.5660171508789,0.9995854496955872,995.2509155273438,83.9501953125,0.9998770952224731,88.75114440917969,1029.892578125,0.9996132254600525,1004.8165283203125,1043.146240234375,0.3515672981739044,338.34661865234375,498.20086669921875,0.9992227554321289,332.0693054199219,609.5458374023438,0.9972467422485352,277.45098876953125,550.8272094726562,0.998573899269104,386.8922424316406,556.8406372070312,0.9969890713691711,718.3137817382812,501.4514465332031,0.992199718952179,755.8270874023438,718.5202026367188,0.9984571933746338,696.5939331054688,596.8260498046875,0.9954512715339661,780.8994750976562,548.9260864257812,0.7748739719390869,852.232666015625,946.701416015625,0.43408501148223877,899.941162109375,970.5294189453125,0.9290515184402466,910.2762451171875,965.891845703125,0.8562766909599304,908.9696655273438,815.0089111328125,0.9204847812652588,957.8946533203125,986.5601806640625,0.8737632632255554,869.2201538085938,901.9855346679688,0.3615119159221649,900.4021606445312,757.47216796875,0.9363551139831543,833.10107421875,830.4464111328125,0.4452897012233734,789.022216796875,764.615478515625,0.9963222742080688,644.2008666992188,759.4249267578125,0.9786280989646912,576.799560546875,758.7704467773438,0.23882728815078735
2158,84.31719207763672,115.74663543701172,0.9992208480834961,994.3934936523438,82.93773651123047,0.9998461008071899,89.76844024658203,1031.1981201171875,0.9997077584266663,1025.324462890625,1021.78466796875,0.9824129343032837,338.9417724609375,498.04315185546875,0.9987509250640869,332.51007080078125,610.4265747070312,0.998506486415863,278.3559265136719,549.988525390625,0.9988921284675598,386.5859375,557.1273193359375,0.995831310749054,717.618408203125,502.00555419921875,0.9974533915519714,756.5632934570312,717.0671997070312,0.9976382255554199,697.5106811523438,595.6614990234375,0.9918225407600403,783.2024536132812,550.3497924804688,0.8201997876167297,984.2950439453125,1054.0535888671875,0.46494579315185547,889.7518310546875,957.841064453125,0.8216373324394226,894.6325073242188,946.7610473632812,0.8074517846107483,884.681884765625,800.719970703125,0.9948431253433228,946.204833984375,1002.0191040039062,0.28715574741363525,859.6987915039062,913.8492431640625,0.5390007495880127,889.458251953125,749.6989135742188,0.8428935408592224,819.58642578125,820.6476440429688,0.29236119985580444,786.3624877929688,759.104736328125,0.9962171912193298,646.9866943359375,759.5882568359375,0.9786680340766907,578.5672607421875,757.576904296875,0.2851952910423279
2159,84.02828216552734,115.58023834228516,0.999629020690918,996.1007690429688,83.18040466308594,0.9999092817306519,89.08052825927734,1029.02783203125,0.9998471736907959,1021.1024169921875,1020.041015625,0.9957271814346313,338.21929931640625,498.23089599609375,0.9990635514259338,333.11920166015625,608.94873046875,0.9981953501701355,277.8395690917969,549.9019775390625,0.9989029169082642,386.22149658203125,557.0579223632812,0.9970670342445374,717.9192504882812,501.7603454589844,0.9975258708000183,755.8699951171875,717.8233642578125,0.9991589784622192,696.25390625,594.186279296875,0.9919207096099854,783.3507080078125,554.345458984375,0.88116055727005,869.2547607421875,1022.4384765625,0.7987157702445984,889.6251831054688,957.5726928710938,0.9713686108589172,899.4116821289062,939.2615356445312,0.9778023958206177,882.3030395507812,800.9569702148438,0.9936671853065491,946.5038452148438,979.129638671875,0.973528265953064,852.3590087890625,915.3292236328125,0.993078887462616,889.3262939453125,755.8473510742188,0.6753360033035278,814.665283203125,823.52490234375,0.8974011540412903,789.1168212890625,751.94384765625,0.9990418553352356,644.3950805664062,758.632568359375,0.9798492789268494,531.2974853515625,760.8626708984375,0.37034547328948975
2160,83.51490783691406,116.17507934570312,0.9996470212936401,993.23193359375,82.90840911865234,0.9997984766960144,88.33821105957031,1029.05712890625,0.9998304843902588,1022.3594970703125,1021.6106567382812,0.9939286708831787,338.66998291015625,498.1208190917969,0.9990239143371582,331.5484619140625,609.7705688476562,0.9986348748207092,278.177734375,549.7780151367188,0.9990345239639282,386.9174499511719,558.5659790039062,0.996600329875946,716.5325927734375,500.9299621582031,0.9963577389717102,755.4901123046875,717.195068359375,0.9991486072540283,696.7767944335938,593.8401489257812,0.9859579205513,780.5421752929688,549.0761108398438,0.6736186742782593,853.640869140625,982.5668334960938,0.23359951376914978,888.015380859375,921.6138305664062,0.9069477319717407,868.1450805664062,945.75244140625,0.7525131106376648,868.8246459960938,803.359130859375,0.5241593718528748,929.718505859375,985.1244506835938,0.578000009059906,836.4378662109375,860.1015625,0.6430880427360535,952.1969604492188,853.5374145507812,0.10916426032781601,811.3004150390625,813.6536254882812,0.8344927430152893,792.02978515625,757.871337890625,0.9688462615013123,642.9166870117188,752.5785522460938,0.9503119587898254,804.7409057617188,549.4462890625,0.2660936415195465
2161,82.17103576660156,113.24618530273438,0.999660849571228,997.2723999023438,83.61814880371094,0.9999028444290161,88.21063232421875,1027.9310302734375,0.9997358918190002,1019.5146484375,1020.0177612304688,0.9982207417488098,337.7902526855469,497.09173583984375,0.997234046459198,333.1019592285156,611.383544921875,0.9992561936378479,277.20745849609375,550.1776123046875,0.9980606436729431,388.07757568359375,556.9985961914062,0.9929531216621399,711.79736328125,503.45037841796875,0.9957634210586548,754.2338256835938,719.703125,0.9980149269104004,692.8895874023438,595.1395874023438,0.9967516660690308,780.17724609375,548.9873046875,0.7667457461357117,791.9959106445312,955.38037109375,0.11302496492862701,853.4628295898438,921.0665283203125,0.9282257556915283,874.1972045898438,915.5625610351562,0.9628934264183044,886.2359008789062,833.822265625,0.5267196893692017,900.20361328125,968.5528564453125,0.8749562501907349,830.068359375,885.44384765625,0.8732686042785645,829.276611328125,876.8988647460938,0.5474728345870972,914.1099243164062,801.4016723632812,0.30694860219955444,787.7763671875,764.62939453125,0.06921673566102982,689.4907836914062,747.8804931640625,0.9033592939376831,614.87939453125,746.8240356445312,0.8608121871948242
2162,83.67182159423828,118.02674865722656,0.9995416402816772,996.521484375,82.49755859375,0.9998804330825806,88.06744384765625,1028.2933349609375,0.9996436834335327,1020.884033203125,1019.172119140625,0.9986411929130554,338.03839111328125,497.62677001953125,0.9980722665786743,331.35357666015625,610.779296875,0.9991946816444397,277.6056823730469,549.52685546875,0.9981649518013,387.2696533203125,557.8256225585938,0.9942829608917236,715.550048828125,501.7212829589844,0.9949756860733032,755.6148071289062,717.8556518554688,0.998860239982605,694.1385498046875,596.7305297851562,0.9968557357788086,781.5983276367188,544.3648071289062,0.7146037220954895,714.0844116210938,943.1738891601562,0.5687742233276367,801.1878051757812,911.2789306640625,0.4119070768356323,810.1138305664062,911.9241333007812,0.8365879654884338,868.3861083984375,847.6453857421875,0.9690552949905396,904.1901245117188,921.828125,0.6048412322998047,914.3554077148438,904.481689453125,0.8872844576835632,800.8072509765625,866.1472778320312,0.10204296559095383,901.62646484375,800.988525390625,0.23598329722881317,795.1508178710938,796.6328125,0.024095972999930382,682.8790893554688,745.2026977539062,0.6542832851409912,602.376220703125,748.3512573242188,0.4838092625141144
2163,83.982666015625,117.04239654541016,0.9996447563171387,996.6103515625,82.54729461669922,0.9998985528945923,88.69689178466797,1030.400634765625,0.9995768666267395,1020.83447265625,1019.7230224609375,0.9992780089378357,337.98077392578125,498.2251892089844,0.9983797073364258,332.55169677734375,611.4237670898438,0.9991440773010254,277.2347106933594,550.6668090820312,0.9980939030647278,386.65478515625,556.62060546875,0.9954091906547546,712.9115600585938,500.4092712402344,0.9929435849189758,756.645263671875,717.7303466796875,0.9971850514411926,696.054931640625,595.7722778320312,0.9953023195266724,781.4817504882812,543.4623413085938,0.8104345798492432,684.2333984375,915.5382080078125,0.8979583382606506,766.4541625976562,894.402587890625,0.9569419026374817,800.7913818359375,886.093505859375,0.9816640615463257,833.232421875,806.0930786132812,0.4408789873123169,859.5447998046875,920.7971801757812,0.9147890210151672,746.309326171875,853.613037109375,0.8842637538909912,834.71435546875,744.9073486328125,0.3948543965816498,860.162841796875,924.6311645507812,0.9432312250137329,813.6061401367188,742.923828125,0.12183374166488647,680.8192138671875,744.0279541015625,0.39067935943603516,424.0758361816406,492.0543212890625,0.570480227470398
2164,84.61607360839844,117.09856414794922,0.9988088607788086,995.5828857421875,82.1370620727539,0.9998310804367065,89.55870056152344,1029.6044921875,0.9995678067207336,1018.47119140625,1019.3680419921875,0.9989896416664124,336.31317138671875,497.8522644042969,0.9976859092712402,333.1616516113281,610.4608154296875,0.9991827607154846,277.4026184082031,549.8250122070312,0.9966800212860107,386.4646911621094,556.3599853515625,0.9925200939178467,714.7197265625,500.3634948730469,0.9975722432136536,754.7034301757812,718.0226440429688,0.9982550740242004,695.048828125,594.47314453125,0.9937577247619629,782.9929809570312,556.3182983398438,0.8959071636199951,682.5755615234375,900.4976806640625,0.9863300919532776,738.3963623046875,876.3899536132812,0.874492883682251,850.0994873046875,836.88671875,0.7083090543746948,836.3438110351562,836.584228515625,0.5270771980285645,743.315673828125,922.8956909179688,0.8839754462242126,758.7529907226562,832.7354736328125,0.8519212603569031,770.4015502929688,833.0473022460938,0.490415096282959,842.22900390625,897.10107421875,0.08907882124185562,751.6267700195312,799.4644165039062,0.0016379357548430562,653.4660034179688,744.7026977539062,0.770412266254425,576.8546752929688,758.9275512695312,0.4857749044895172
2165,85.28715515136719,116.93428802490234,0.9992265701293945,995.6516723632812,83.2471694946289,0.9997656941413879,89.8846664428711,1029.3204345703125,0.99957674741745,1021.6520385742188,1018.971435546875,0.9972068667411804,336.1221008300781,498.15020751953125,0.9979313611984253,332.72991943359375,610.1132202148438,0.998798131942749,277.2124328613281,550.3405151367188,0.9981704950332642,386.95977783203125,556.1071166992188,0.9954426288604736,714.8665161132812,500.739990234375,0.9935651421546936,756.8678588867188,716.15625,0.9982006549835205,693.62646484375,593.7340698242188,0.9957862496376038,782.2559204101562,548.3638916015625,0.8924369215965271,677.4909057617188,888.6513061523438,0.9721634387969971,730.6758422851562,858.0109252929688,0.9128717184066772,757.5477905273438,859.2573852539062,0.8320605158805847,803.7570190429688,845.068603515625,0.9017331600189209,781.6460571289062,906.990234375,0.9880055785179138,736.6454467773438,822.8579711914062,0.740475058555603,758.3372192382812,798.9769287109375,0.8508330583572388,766.8162841796875,781.3707885742188,0.04777516424655914,777.0729370117188,738.6704711914062,0.00732723344117403,647.1727294921875,745.6795654296875,0.4853530824184418,566.8539428710938,752.783447265625,0.5470555424690247
2166,83.76416778564453,116.57756805419922,0.9997692704200745,996.044677734375,82.83112335205078,0.9996483325958252,89.748291015625,1029.763916015625,0.9996297359466553,1019.3045654296875,1019.2199096679688,0.998683512210846,338.47119140625,498.7585144042969,0.998314380645752,331.2373046875,610.9593505859375,0.9986507296562195,277.4972229003906,548.9605102539062,0.9983181953430176,387.4161682128906,558.7293701171875,0.9962834715843201,717.560546875,500.2387390136719,0.9977297186851501,754.9630737304688,717.4869995117188,0.9987635612487793,695.3533935546875,593.0803833007812,0.9956967830657959,782.6945190429688,548.8263549804688,0.8952302932739258,793.3931884765625,924.2825927734375,0.036319300532341,748.8988037109375,862.6998291015625,0.4054795503616333,827.0899047851562,828.4299926757812,0.3437710702419281,798.5982055664062,841.862060546875,0.9348353147506714,797.5712890625,893.6605834960938,0.9447124004364014,821.246337890625,794.03515625,0.43900609016418457,778.79638671875,811.39794921875,0.6648082733154297,855.7077026367188,812.851806640625,0.10124141722917557,825.8233642578125,771.4218139648438,0.004709804896265268,650.2078857421875,745.4794311523438,0.5878488421440125,527.9102783203125,761.518798828125,0.640446662902832
2167,83.13417053222656,117.62828063964844,0.9997209906578064,997.0587768554688,83.71906280517578,0.9995782971382141,89.91255950927734,1028.4332275390625,0.9998031258583069,1017.4108276367188,1019.4507446289062,0.9987579584121704,339.0723876953125,499.2058410644531,0.9976943135261536,330.08447265625,609.51318359375,0.9987688660621643,277.6297607421875,547.2498168945312,0.9982602000236511,386.3036804199219,559.358154296875,0.9959729313850403,718.821044921875,501.1495056152344,0.9963307976722717,753.9332885742188,717.69140625,0.9991059899330139,694.6535034179688,593.4649047851562,0.9922546148300171,782.644775390625,548.7667846679688,0.8724787831306458,676.9255981445312,881.1844482421875,0.43092080950737,718.2234497070312,844.9285278320312,0.20250798761844635,727.4326782226562,843.6156616210938,0.2896689474582672,804.7705078125,810.8319091796875,0.5224771499633789,768.3841552734375,900.29345703125,0.44948238134384155,729.4073486328125,842.2272338867188,0.2873324751853943,789.0529174804688,810.8377075195312,0.11569534987211227,802.417236328125,820.089599609375,0.8574759364128113,719.189453125,845.6665649414062,0.47663530707359314,661.8082275390625,743.19677734375,0.2007979303598404,871.713134765625,886.3781127929688,0.6132409572601318
2168,84.75447082519531,116.78596496582031,0.9996645450592041,996.3427124023438,84.34320831298828,0.9999076128005981,89.69070434570312,1029.0115966796875,0.999603807926178,1019.9935302734375,1019.5760498046875,0.9984298348426819,338.1683654785156,498.1388854980469,0.9985081553459167,330.3359375,609.208251953125,0.998853325843811,277.0236511230469,548.4786376953125,0.9990202188491821,386.1905212402344,558.107421875,0.9968541264533997,717.5300903320312,500.06298828125,0.9955600500106812,755.0205078125,717.2542724609375,0.9986591339111328,694.0533447265625,594.6966552734375,0.9956731200218201,783.2879028320312,549.8333129882812,0.8992413282394409,711.378173828125,866.05126953125,0.07923847436904907,856.5258178710938,855.7459106445312,0.6425260305404663,847.8015747070312,855.0222778320312,0.7473012804985046,793.6533813476562,834.2457885742188,0.9840741157531738,813.2911987304688,932.1480712890625,0.4070579409599304,818.7330322265625,919.4490356445312,0.4209658205509186,833.1696166992188,794.9411010742188,0.4488212466239929,835.1764526367188,807.6200561523438,0.9337963461875916,761.4360961914062,932.512451171875,0.017464259639382362,640.7183837890625,746.1642456054688,0.3322361707687378,567.4386596679688,750.8385620117188,0.5952873229980469
2169,85.7914810180664,116.62633514404297,0.9994367957115173,994.1551513671875,84.02735137939453,0.9998738765716553,89.58161926269531,1028.8687744140625,0.9998292922973633,1018.7035522460938,1019.2141723632812,0.9990612864494324,338.6773986816406,498.5583190917969,0.9985470175743103,329.5780029296875,609.6137084960938,0.9987093210220337,277.019775390625,547.9736938476562,0.9982919096946716,386.0043029785156,558.9312744140625,0.9967705011367798,715.6925659179688,500.55364990234375,0.9947882890701294,753.4000854492188,714.7545166015625,0.9967319965362549,694.1422729492188,592.369140625,0.991333544254303,782.78369140625,557.9559326171875,0.8126277327537537,837.6006469726562,936.7156372070312,0.0873199999332428,849.772705078125,896.8914794921875,0.024234037846326828,814.8243408203125,860.6136474609375,0.49992144107818604,800.0117797851562,816.937255859375,0.912030041217804,858.0977783203125,853.6965942382812,0.536527693271637,741.41259765625,892.8690185546875,0.1333005577325821,827.0130615234375,774.61572265625,0.32589539885520935,860.10400390625,843.3052368164062,0.8633295297622681,741.7615966796875,896.1638793945312,0.06670424342155457,662.60009765625,742.6890258789062,0.392078161239624,540.5327758789062,719.4530029296875,0.19028156995773315
2170,83.88841247558594,116.09129333496094,0.9998500347137451,997.1892700195312,83.96006774902344,0.9999032020568848,90.3731460571289,1029.3995361328125,0.9997897744178772,1018.8945922851562,1019.6871948242188,0.9987724423408508,337.9407653808594,497.7383117675781,0.9981179237365723,331.2264709472656,610.3746337890625,0.9991081357002258,277.3774719238281,548.768798828125,0.9982287287712097,387.9730529785156,557.836181640625,0.993381142616272,718.5570068359375,500.3130187988281,0.9975059628486633,755.5306396484375,715.5128784179688,0.9965291619300842,694.1467895507812,595.3278198242188,0.9967724680900574,784.6484985351562,560.3306884765625,0.9366227388381958,860.2672729492188,967.2200927734375,0.756376326084137,851.5713500976562,918.2247924804688,0.7031922340393066,832.898681640625,889.8284301757812,0.7825402617454529,806.65185546875,815.7713623046875,0.619680643081665,870.3452758789062,859.1157836914062,0.9497628211975098,751.373046875,898.5441284179688,0.8136520981788635,842.142578125,798.17529296875,0.29055672883987427,873.0238647460938,856.5275268554688,0.47442156076431274,754.1171264648438,914.52294921875,0.06557665020227432,663.6286010742188,742.108642578125,0.4799971580505371,529.3209228515625,763.0989990234375,0.5568675994873047
2171,84.2606430053711,116.62847900390625,0.9998098015785217,996.1873779296875,84.83504486083984,0.9999580383300781,89.78433990478516,1029.4342041015625,0.9998065829277039,1021.6788940429688,1019.4016723632812,0.9982701539993286,338.947021484375,498.30291748046875,0.9988526105880737,331.85430908203125,610.7237548828125,0.9984613656997681,277.5717468261719,548.587890625,0.9980738162994385,386.59368896484375,557.58642578125,0.9958679676055908,717.0477294921875,499.9293212890625,0.9959418177604675,758.4640502929688,713.3084106445312,0.9911045432090759,694.6343383789062,593.1156005859375,0.9916383624076843,783.7184448242188,548.7796020507812,0.9111036658287048,772.3831176757812,926.698974609375,0.08098377287387848,882.4888916015625,976.54150390625,0.25001418590545654,853.6937255859375,922.380859375,0.12193600833415985,819.2207641601562,848.4415283203125,0.8485129475593567,884.610595703125,870.1376342773438,0.8832623958587646,771.5477294921875,916.3151245117188,0.8796752691268921,821.3275756835938,761.1748046875,0.31543681025505066,751.2543334960938,820.449462890625,0.9037197828292847,781.2461547851562,917.9586181640625,0.08185332268476486,656.8118286132812,743.1072387695312,0.9338850975036621,566.8844604492188,756.665771484375,0.7024852633476257
2172,83.21192169189453,114.9786376953125,0.9998478889465332,998.2405395507812,84.68428039550781,0.999901533126831,89.33026123046875,1028.790283203125,0.9997050166130066,1019.2607421875,1018.9517822265625,0.9980168342590332,339.8115234375,497.99261474609375,0.9988330006599426,332.1150817871094,610.1253662109375,0.998623251914978,277.6908264160156,548.4839477539062,0.9976939558982849,387.059326171875,556.1484985351562,0.9955702424049377,718.1103515625,499.7448425292969,0.990997314453125,759.4352416992188,712.1541748046875,0.9902756214141846,695.001708984375,596.1194458007812,0.9941712021827698,783.1063232421875,545.6355590820312,0.8221228718757629,894.963134765625,1018.3379516601562,0.9375686645507812,882.5027465820312,956.2640380859375,0.8906453251838684,883.6091918945312,933.399658203125,0.581430196762085,833.455322265625,877.5021362304688,0.5219739675521851,903.4480590820312,888.05078125,0.23910562694072723,790.6209106445312,922.0952758789062,0.39265358448028564,787.9674682617188,915.6723022460938,0.7244057655334473,749.7974243164062,809.6063842773438,0.7519014477729797,795.3165283203125,930.4673461914062,0.4315059185028076,653.3704833984375,742.8297119140625,0.8147313594818115,566.4885864257812,754.9996948242188,0.41988033056259155
2173,84.45782470703125,117.60877227783203,0.9994552731513977,996.9681396484375,84.93083190917969,0.9999316930770874,89.28136444091797,1028.0816650390625,0.9997977614402771,1022.5916748046875,1020.9989013671875,0.9952256679534912,338.1474914550781,498.14862060546875,0.9982213377952576,332.1494445800781,609.6982421875,0.9985330104827881,278.0881042480469,547.8681640625,0.9970500469207764,387.7447509765625,555.5768432617188,0.9949795603752136,720.3836669921875,498.2405090332031,0.9928547739982605,758.7225341796875,713.8952026367188,0.9821804761886597,696.4378051757812,599.63330078125,0.9903939366340637,783.2490234375,549.7607421875,0.9494560956954956,916.0791625976562,1021.424072265625,0.615739107131958,892.4487915039062,954.0086669921875,0.5956594944000244,900.5700073242188,936.6930541992188,0.8450012803077698,835.7077026367188,843.3439331054688,0.9916728138923645,921.3475341796875,896.9134521484375,0.9772697687149048,801.0479125976562,936.037841796875,0.04488905146718025,846.42724609375,770.264892578125,0.4543539583683014,755.5960693359375,809.0867309570312,0.7880568504333496,795.0762329101562,913.733154296875,0.20672637224197388,655.3118896484375,743.4634399414062,0.8839186429977417,806.0930786132812,723.7323608398438,0.44495266675949097
2174,85.537109375,114.94965362548828,0.9995269775390625,995.6644287109375,83.25823974609375,0.9999626874923706,89.04827880859375,1028.9456787109375,0.99962317943573,1020.0214233398438,1018.2595825195312,0.9979793429374695,338.8886413574219,498.0924987792969,0.9986841082572937,331.136962890625,608.5521240234375,0.9987339377403259,277.9250793457031,547.1890258789062,0.9977422952651978,387.3156433105469,557.1405029296875,0.9962695837020874,715.4826049804688,499.4783935546875,0.9972630739212036,756.3544921875,714.1879272460938,0.9900924563407898,693.9617919921875,595.18310546875,0.9949612617492676,782.7149047851562,549.3190307617188,0.9177314639091492,924.6245727539062,992.3419189453125,0.40276873111724854,916.005126953125,968.1848754882812,0.2780318558216095,894.3966674804688,918.106201171875,0.26932230591773987,838.9442749023438,818.1255493164062,0.8884202837944031,920.2964477539062,885.2989501953125,0.9535279870033264,816.3176879882812,922.8709716796875,0.9187136292457581,862.8871459960938,770.6364135742188,0.18784019351005554,769.7842407226562,815.9067993164062,0.9386522769927979,821.2726440429688,741.8616333007812,0.9202209115028381,697.8112182617188,731.4620361328125,0.792565643787384,832.7726440429688,736.5169067382812,0.23251213133335114
2175,86.2567367553711,116.20641326904297,0.9991425275802612,997.706298828125,83.41387176513672,0.999964714050293,89.24527740478516,1029.224853515625,0.999649167060852,1021.5663452148438,1020.134765625,0.9954975843429565,339.3965148925781,497.96881103515625,0.9989193677902222,331.4105529785156,608.661865234375,0.9986703395843506,278.2666320800781,547.7491455078125,0.9981325268745422,387.44525146484375,558.0956420898438,0.9968128800392151,717.7842407226562,499.1929016113281,0.9979731440544128,759.0474243164062,713.2986450195312,0.9798736572265625,694.544189453125,596.2191772460938,0.9951179027557373,783.8263549804688,546.0538330078125,0.922838568687439,934.384033203125,987.6550903320312,0.6153654456138611,920.3480224609375,939.3367309570312,0.9836925268173218,919.8653564453125,919.3018188476562,0.8044701218605042,850.8516845703125,842.3262939453125,0.9166709184646606,938.355712890625,885.157470703125,0.9868436455726624,837.1853637695312,915.0048828125,0.46680518984794617,873.05859375,789.365234375,0.2908852994441986,814.6921997070312,885.2748413085938,0.9208597540855408,823.4256591796875,743.7413940429688,0.43558385968208313,645.5718994140625,742.1378173828125,0.7219128012657166,823.4887084960938,741.8016967773438,0.2247861623764038
2176,84.23863220214844,118.10852813720703,0.9994878768920898,994.8477172851562,86.04124450683594,0.999882698059082,89.92642974853516,1029.0203857421875,0.9997842907905579,1021.6165771484375,1019.5478515625,0.9941536784172058,338.43182373046875,497.84674072265625,0.998646080493927,332.39288330078125,608.3287353515625,0.9986599683761597,277.4478759765625,547.8629150390625,0.998738706111908,386.7603759765625,556.1261596679688,0.9971976280212402,717.1687622070312,499.42510986328125,0.998233437538147,757.1204223632812,712.22705078125,0.9898219108581543,694.8819580078125,595.5213012695312,0.9959853291511536,783.7113647460938,546.9939575195312,0.8935515284538269,955.7589721679688,976.102294921875,0.9921702742576599,942.6021118164062,928.5717163085938,0.9480997323989868,863.501953125,941.3770751953125,0.8584959506988525,867.5919189453125,856.5264282226562,0.9685579538345337,950.4046630859375,878.7766723632812,0.9970711469650269,838.4006958007812,924.8038940429688,0.8462414741516113,877.65087890625,782.9113159179688,0.37032008171081543,767.0358276367188,819.70654296875,0.6441858410835266,838.1261596679688,752.3218994140625,0.8204730749130249,700.4236450195312,729.0795288085938,0.8913222551345825,837.466064453125,740.247314453125,0.4737693667411804
2177,85.32048034667969,116.7272720336914,0.9994308352470398,997.3326416015625,84.15999603271484,0.9998573064804077,89.31327819824219,1028.8441162109375,0.9996984004974365,1019.3405151367188,1018.3311157226562,0.9876109957695007,339.0893859863281,498.4775390625,0.9989239573478699,330.9288635253906,608.7349243164062,0.9984641075134277,278.274658203125,548.1819458007812,0.9976315498352051,387.35748291015625,556.5438842773438,0.9953463673591614,719.6804809570312,500.0673522949219,0.9968655705451965,757.789794921875,710.1041259765625,0.9946509003639221,696.4132080078125,596.08203125,0.9948870539665222,784.0399169921875,555.1026000976562,0.8301917910575867,990.63427734375,979.5026245117188,0.6720346212387085,890.7944946289062,927.3222045898438,0.8874463438987732,882.6065673828125,922.3897705078125,0.7443841099739075,873.3638916015625,843.6041259765625,0.9581648707389832,934.2280883789062,952.085205078125,0.7124971151351929,854.3773803710938,915.4654541015625,0.6701703667640686,862.8497924804688,770.28564453125,0.7422265410423279,989.1871948242188,876.6117553710938,0.5215053558349609,849.5045776367188,754.6264038085938,0.6492778062820435,708.7371215820312,727.5234985351562,0.7251075506210327,642.0691528320312,742.8704223632812,0.6378440856933594
2178,84.88327026367188,115.13681030273438,0.9992203712463379,993.708251953125,84.88383483886719,0.9999347925186157,90.3499526977539,1028.3853759765625,0.9996787309646606,1022.5773315429688,1018.5840454101562,0.9171541333198547,338.3031005859375,498.2137756347656,0.9983413219451904,330.9135437011719,609.4815673828125,0.9991791844367981,278.39178466796875,548.89208984375,0.9981014132499695,386.8109130859375,557.9301147460938,0.9953593611717224,716.734375,501.4237060546875,0.9970731735229492,758.88720703125,711.7398071289062,0.9937354922294617,695.96435546875,594.08251953125,0.995420515537262,783.2860107421875,546.8101196289062,0.9002965688705444,1007.3604125976562,962.9647216796875,0.09726265072822571,965.6404418945312,896.9136962890625,0.7372869849205017,955.2454833984375,889.168701171875,0.8004892468452454,888.2897338867188,852.5242919921875,0.9780724048614502,965.365234375,855.3387451171875,0.6993100643157959,871.24365234375,906.90625,0.7699496150016785,858.9864501953125,785.000732421875,0.30311721563339233,1061.5250244140625,944.005615234375,0.4431513249874115,1011.9889526367188,993.5039672851562,0.9690793752670288,708.1036376953125,727.955322265625,0.7445014119148254,634.2136840820312,740.339111328125,0.8408060669898987
2179,85.08397674560547,115.08047485351562,0.9994727969169617,995.0562744140625,83.54317474365234,0.9998675584793091,89.52538299560547,1029.131103515625,0.9997811913490295,1011.7749633789062,1020.4119873046875,0.9662281274795532,338.0949401855469,498.0704650878906,0.9977542757987976,329.44012451171875,608.755126953125,0.9991098046302795,277.7825622558594,547.5617065429688,0.9981086254119873,386.8948059082031,559.0972900390625,0.9923801422119141,718.2332763671875,500.2594299316406,0.9966328740119934,758.9750366210938,712.1265869140625,0.9948528409004211,693.550048828125,594.9325561523438,0.9949753284454346,784.2108154296875,553.9669799804688,0.9121710658073425,1066.5791015625,972.9866943359375,0.7186179757118225,965.2021484375,888.1668701171875,0.8293794989585876,949.618408203125,877.9786376953125,0.9484984874725342,889.6909790039062,855.1951293945312,0.9822165966033936,976.1715698242188,853.4916381835938,0.774175226688385,892.246337890625,928.5315551757812,0.9011940360069275,931.8722534179688,951.3845825195312,0.04488614574074745,1076.4581298828125,932.8905029296875,0.09336935728788376,1083.827392578125,948.8219604492188,0.04728517681360245,703.4793701171875,728.3797607421875,0.763728678226471,634.398681640625,742.9364624023438,0.9549610614776611
2180,85.41914367675781,116.76517486572266,0.9993098974227905,995.0661010742188,82.7817153930664,0.9999479055404663,88.44465637207031,1030.034423828125,0.9996432065963745,1001.5746459960938,1018.6207275390625,0.902882993221283,338.229248046875,497.9081726074219,0.9980972409248352,330.2356262207031,608.2659301757812,0.9987887740135193,277.6153259277344,548.12939453125,0.998521625995636,387.59149169921875,558.904296875,0.9934307932853699,719.0796508789062,500.3618469238281,0.9916708469390869,759.54541015625,711.133544921875,0.9828360676765442,693.449462890625,593.1870727539062,0.994695246219635,784.4237670898438,549.1934814453125,0.883750855922699,1075.1409912109375,981.6964721679688,0.31993940472602844,991.8215942382812,900.04296875,0.888569712638855,978.0330810546875,893.0166625976562,0.9927928447723389,891.8974609375,856.9334106445312,0.9953399896621704,985.3910522460938,948.4246826171875,0.9218111038208008,911.5208129882812,933.0626220703125,0.5167136788368225,902.45458984375,807.6204833984375,0.734465479850769,815.21142578125,820.4681396484375,0.8021189570426941,821.1118774414062,772.9830322265625,0.16184982657432556,709.7719116210938,726.5633544921875,0.9213959574699402,632.934326171875,741.515869140625,0.9080591797828674
2181,85.25325012207031,115.35906982421875,0.9996829032897949,994.94677734375,82.57877349853516,0.9999068975448608,89.16484832763672,1029.849853515625,0.9997808337211609,994.6319580078125,1024.781005859375,0.6881273984909058,338.910400390625,498.0630187988281,0.9981716871261597,331.3603210449219,609.3583984375,0.9987412095069885,278.03887939453125,548.20263671875,0.9964228272438049,387.8456115722656,557.8396606445312,0.9953498840332031,718.294189453125,500.57867431640625,0.9888516068458557,758.6626586914062,712.1345825195312,0.9872038960456848,694.9832763671875,595.21533203125,0.9952865839004517,784.44189453125,555.811767578125,0.8270968198776245,1079.6153564453125,980.0086669921875,0.04020484536886215,1010.63232421875,911.2058715820312,0.9864370226860046,990.1231689453125,898.2374267578125,0.9508451819419861,900.503662109375,863.0968627929688,0.9202746152877808,996.3612670898438,855.5928344726562,0.5017653703689575,908.1537475585938,935.5360107421875,0.37277480959892273,899.6188354492188,808.236328125,0.8415567278862,817.767333984375,824.81494140625,0.8866322040557861,819.89208984375,785.8679809570312,0.4682902991771698,706.1135864257812,727.927001953125,0.8524929881095886,627.1949462890625,743.8005981445312,0.655928373336792
2182,83.64811706542969,116.19354248046875,0.999663233757019,995.1276245117188,83.97042083740234,0.9999338388442993,89.06251525878906,1029.716552734375,0.9998158812522888,993.3899536132812,1023.4119262695312,0.2620198428630829,338.81256103515625,498.08868408203125,0.9988579750061035,331.3756103515625,609.6585083007812,0.9985276460647583,278.2758483886719,547.3204956054688,0.9977546334266663,386.6705627441406,558.5027465820312,0.9943161606788635,718.1861572265625,500.76898193359375,0.9968673586845398,757.9981079101562,714.4087524414062,0.9977794289588928,696.689453125,596.9270629882812,0.990329384803772,784.2010498046875,553.60009765625,0.8922212719917297,1072.248779296875,1009.8921508789062,0.07667262852191925,1069.332275390625,997.0258178710938,0.16913053393363953,1029.7681884765625,928.4840087890625,0.34800732135772705,914.85400390625,864.9384155273438,0.338765025138855,989.6613159179688,955.0838012695312,0.9098561406135559,851.2137451171875,911.1842651367188,0.11031612753868103,845.9990844726562,899.6519775390625,0.13813039660453796,830.6722412109375,865.0235595703125,0.4909580945968628,822.3378295898438,793.8621215820312,0.18933631479740143,701.3592529296875,725.1849365234375,0.4127296805381775,626.3290405273438,744.0623779296875,0.9345493912696838
2183,83.41238403320312,115.56311798095703,0.9996100068092346,996.6455078125,82.24172973632812,0.9997413754463196,88.91822814941406,1030.3934326171875,0.9997442364692688,927.9677734375,1030.010986328125,0.7327330708503723,338.6567687988281,497.9229431152344,0.9985811710357666,331.24090576171875,609.4869384765625,0.9985546469688416,278.1669616699219,547.1561889648438,0.9978511333465576,387.4169616699219,558.1982421875,0.9947155117988586,719.1112670898438,500.53778076171875,0.9848753809928894,755.8214111328125,716.09130859375,0.9976907968521118,696.9984130859375,596.4208374023438,0.9938150644302368,784.3733520507812,548.1356201171875,0.7663056254386902,1027.0340576171875,1057.73974609375,0.843355655670166,1008.3432006835938,978.3574829101562,0.976891815662384,1002.4934692382812,962.9614868164062,0.9332824945449829,930.8929443359375,884.3717041015625,0.8830491900444031,1041.4100341796875,890.6453857421875,0.9252189993858337,941.6830444335938,943.5374145507812,0.6238730549812317,926.6290283203125,824.8060913085938,0.3286764919757843,851.1870727539062,868.5122680664062,0.15195131301879883,832.032958984375,803.3726806640625,0.8749380111694336,770.6361694335938,743.4060668945312,0.7446109056472778,622.2987670898438,739.4082641601562,0.5057786703109741
2184,85.95331573486328,116.00658416748047,0.9998922348022461,996.4453735351562,83.14871978759766,0.9997598528862,88.9795150756836,1029.8929443359375,0.9997907280921936,1039.0638427734375,1070.6220703125,0.34438368678092957,339.0356750488281,498.1681823730469,0.9989858269691467,332.0239562988281,609.0350341796875,0.9983483552932739,278.0792541503906,547.4857788085938,0.9975876808166504,386.61572265625,557.3963012695312,0.9972527623176575,717.4501953125,501.0870666503906,0.9936229586601257,757.2963256835938,715.8490600585938,0.9970869421958923,697.5599365234375,597.989501953125,0.9873360991477966,784.5511474609375,548.3475341796875,0.8808397054672241,996.834228515625,1090.4532470703125,0.2400408536195755,980.5306396484375,1015.3680419921875,0.8745254278182983,975.7970581054688,992.6123657226562,0.9182658195495605,960.177001953125,923.2981567382812,0.8730629682540894,1034.5489501953125,1008.891357421875,0.9673290848731995,928.584228515625,975.26806640625,0.7689270377159119,984.1546630859375,882.6964111328125,0.11157111078500748,846.6201171875,875.6930541992188,0.25588154792785645,853.228759765625,836.3349609375,0.881999135017395,801.0693969726562,780.2731323242188,0.6178972721099854,622.0029296875,746.1167602539062,0.8481131792068481
2185,85.68293762207031,117.4903335571289,0.9993969202041626,995.7315673828125,82.54261016845703,0.9997145533561707,88.30652618408203,1029.239501953125,0.999736487865448,855.8519287109375,1023.5443725585938,0.9909636974334717,337.63177490234375,498.38922119140625,0.9987860321998596,332.1342468261719,609.3057250976562,0.9984791874885559,278.2659606933594,548.4091796875,0.9990317821502686,386.33697509765625,556.0203247070312,0.997346043586731,720.5792236328125,500.7518005371094,0.9905633926391602,756.5296020507812,718.8699951171875,0.9980217218399048,695.0027465820312,595.9387817382812,0.994803249835968,785.2697143554688,557.071044921875,0.9161534905433655,951.7990112304688,1089.3746337890625,0.3082321584224701,951.8352661132812,1034.7030029296875,0.25702905654907227,948.39208984375,995.5850830078125,0.9408124089241028,934.0816650390625,924.8972778320312,0.9836421012878418,1012.4911499023438,1032.4832763671875,0.14468581974506378,909.2689819335938,985.2216796875,0.306026428937912,929.7067260742188,853.8224487304688,0.8493242859840393,843.7513427734375,896.3626098632812,0.6633700728416443,837.58642578125,852.0379638671875,0.0577954538166523,787.9813232421875,803.462646484375,0.9461069703102112,633.4140014648438,735.8587646484375,0.9611197710037231
2186,85.53253173828125,114.7201919555664,0.9981645941734314,995.1546020507812,83.71211242675781,0.9998868703842163,89.30203247070312,1029.82275390625,0.999674916267395,842.1948852539062,1023.904541015625,0.9131995439529419,338.6648864746094,498.11260986328125,0.9987492561340332,331.3341369628906,609.1019287109375,0.9987289309501648,278.5451354980469,547.4703369140625,0.9979459643363953,386.2939453125,558.1397094726562,0.9971839785575867,718.75537109375,500.3692932128906,0.9949471354484558,758.15087890625,717.9310913085938,0.999016284942627,695.1023559570312,595.2239379882812,0.9928897619247437,784.7100830078125,558.861328125,0.9169905781745911,927.1587524414062,1096.4078369140625,0.015639178454875946,933.1007080078125,1049.946533203125,0.9812677502632141,930.9396362304688,1027.040771484375,0.9920846223831177,921.7887573242188,920.48095703125,0.9538672566413879,993.3408203125,1037.4188232421875,0.11410143971443176,877.58642578125,1015.9305419921875,0.49007168412208557,934.5673217773438,859.5214233398438,0.4189227521419525,845.2865600585938,904.4136352539062,0.9721422791481018,835.177001953125,856.2225952148438,0.9674088358879089,772.0023193359375,786.8821411132812,0.9488074779510498,625.5372924804688,738.8123168945312,0.9663589000701904
2187,84.80184173583984,114.56484985351562,0.9990236759185791,996.6260375976562,83.60809326171875,0.9999150037765503,88.73872375488281,1030.6656494140625,0.9995542168617249,1024.4217529296875,1021.7535400390625,0.9849181771278381,339.4812316894531,498.1722106933594,0.9990409016609192,330.0373229980469,608.2393188476562,0.9982452392578125,278.3619689941406,546.3102416992188,0.9985226988792419,386.8699951171875,558.6436157226562,0.9948241710662842,718.086181640625,500.1646423339844,0.9968998432159424,759.2930297851562,719.045166015625,0.9993723034858704,696.3449096679688,597.2001953125,0.9942615032196045,784.3680419921875,561.2797241210938,0.9021168947219849,848.4563598632812,851.0364990234375,0.07437048107385635,905.668212890625,1060.68896484375,0.47772443294525146,911.8606567382812,1038.8485107421875,0.8738435506820679,920.228515625,932.3114624023438,0.9944071769714355,857.45703125,903.7096557617188,0.25826919078826904,856.7092895507812,1010.9556274414062,0.6510233879089355,940.530517578125,864.7785034179688,0.803475558757782,855.0177001953125,902.0407104492188,0.03687974438071251,854.3368530273438,850.0217895507812,0.2605113983154297,781.7379150390625,797.922607421875,0.8055121302604675,629.9144287109375,734.00634765625,0.726781964302063
2188,85.14442443847656,114.75387573242188,0.9992251396179199,995.3570556640625,86.10079956054688,0.999922513961792,89.2003173828125,1030.025634765625,0.9997147917747498,1024.37841796875,1021.6317749023438,0.9913622736930847,339.212890625,498.3759765625,0.9989539384841919,330.6155700683594,610.09375,0.9989377856254578,278.5157470703125,547.4750366210938,0.9974517226219177,386.8043212890625,559.5477905273438,0.9942477941513062,719.4628295898438,500.23052978515625,0.9964256882667542,756.214599609375,719.0444946289062,0.9984487295150757,697.0670776367188,598.4827270507812,0.9926126003265381,782.0610961914062,557.6200561523438,0.9390963912010193,834.4136352539062,1069.621337890625,0.015550895594060421,891.4409790039062,1049.7349853515625,0.4498974084854126,900.6619262695312,1033.2694091796875,0.6554778814315796,908.46533203125,955.4159545898438,0.9780314564704895,943.199951171875,1040.5577392578125,0.21531812846660614,847.4749145507812,1015.7704467773438,0.5728119015693665,972.990478515625,970.2664184570312,0.7813321948051453,858.2754516601562,903.990234375,0.3520667850971222,868.183837890625,859.9307861328125,0.6843406558036804,776.2003784179688,782.640380859375,0.981052041053772,624.3484497070312,741.3795776367188,0.9014098048210144
2189,84.24491119384766,115.61870574951172,0.9996523857116699,994.3357543945312,85.17559814453125,0.9999383687973022,90.20511627197266,1029.5615234375,0.9997546076774597,1024.4239501953125,1021.9674072265625,0.9967995882034302,338.8546142578125,498.1914367675781,0.9989357590675354,331.5948791503906,609.8294067382812,0.9982861876487732,278.2755432128906,548.76318359375,0.9977486729621887,387.393798828125,557.5465698242188,0.9913603663444519,719.3427734375,500.2514953613281,0.997586727142334,755.9269409179688,718.555419921875,0.9992614388465881,696.398193359375,596.4873046875,0.9947885274887085,789.208740234375,580.9218139648438,0.8386632204055786,693.2740478515625,606.601318359375,0.004877239000052214,844.7517700195312,1047.5528564453125,0.08549462258815765,877.3795776367188,1029.2861328125,0.7434161305427551,904.3145141601562,954.2344970703125,0.9973077774047852,908.4673461914062,1067.9228515625,0.8884546160697937,832.8442993164062,991.9960327148438,0.32271236181259155,836.0004272460938,978.334716796875,0.48711878061294556,858.9833984375,894.752685546875,0.335782915353775,868.1680297851562,862.3995361328125,0.9089625477790833,772.758056640625,779.0166625976562,0.9978209733963013,622.6829223632812,741.9283447265625,0.9535093307495117
2190,85.27513122558594,117.09575653076172,0.9997358918190002,996.62646484375,83.4813461303711,0.9999350309371948,88.73279571533203,1028.7923583984375,0.9997654557228088,1021.0765991210938,1021.2376098632812,0.981977105140686,340.54925537109375,498.129638671875,0.9989309906959534,330.64678955078125,607.3456420898438,0.9980478286743164,278.3757629394531,545.9816284179688,0.9989340901374817,386.5754699707031,559.6943969726562,0.9947803616523743,720.4105834960938,498.8473815917969,0.9979138970375061,756.6215209960938,718.8057250976562,0.9991828799247742,696.739013671875,596.4679565429688,0.9952743053436279,786.1177978515625,568.8470458984375,0.8645261526107788,822.6141357421875,1038.5538330078125,0.03512442857027054,861.773193359375,1023.2388305664062,0.2777479887008667,885.4109497070312,1011.803466796875,0.6192166209220886,897.90087890625,952.8518676757812,0.9379414916038513,901.758544921875,1049.7353515625,0.4336651861667633,834.6167602539062,968.128173828125,0.2843022644519806,837.9002685546875,957.3330688476562,0.49309250712394714,858.6217041015625,883.347900390625,0.1131964921951294,863.5416259765625,858.5425415039062,0.38191983103752136,774.1791381835938,778.6424560546875,0.9975425004959106,617.4138793945312,741.493896484375,0.8800774812698364
2191,84.98283386230469,116.40130615234375,0.9988486766815186,992.9826049804688,83.62716674804688,0.9999178647994995,89.1435775756836,1029.8907470703125,0.9993913173675537,1020.4111328125,1020.56689453125,0.98659348487854,338.9019775390625,498.7413330078125,0.9992659687995911,331.42193603515625,609.9130859375,0.9994507431983948,277.67181396484375,548.359375,0.9983276724815369,387.1924743652344,558.745361328125,0.9955293536186218,718.6593017578125,499.0656433105469,0.9984721541404724,756.4807739257812,718.412109375,0.9993725419044495,694.4137573242188,599.1762084960938,0.9932112097740173,788.0603637695312,568.6360473632812,0.9484382271766663,822.380859375,1034.19921875,0.4677957594394684,857.2300415039062,1013.8876342773438,0.6462213397026062,878.29736328125,1003.4310913085938,0.7771503329277039,895.6729125976562,952.993896484375,0.8660528063774109,896.6176147460938,1043.2939453125,0.43873175978660583,835.8139038085938,974.767578125,0.5236931443214417,910.68798828125,910.6556396484375,0.20033587515354156,935.8173828125,908.8767700195312,0.19470319151878357,857.7896118164062,857.8074951171875,0.043154116719961166,772.70849609375,774.7464599609375,0.9964148998260498,609.3001708984375,741.1571655273438,0.8328621983528137
2192,85.13871002197266,115.09147644042969,0.9996856451034546,996.5786743164062,82.89971923828125,0.9999498128890991,89.52349090576172,1028.8992919921875,0.9995214939117432,1020.510009765625,1020.0560302734375,0.9878817796707153,339.6773376464844,498.5510559082031,0.9990191459655762,330.91998291015625,609.2824096679688,0.9992604851722717,278.13031005859375,547.5233154296875,0.9985203146934509,386.8707275390625,558.095458984375,0.9955751895904541,720.0465698242188,499.0740661621094,0.9981979727745056,756.3108520507812,719.2794189453125,0.9988940358161926,697.1934814453125,599.2564086914062,0.9903311729431152,787.784423828125,568.1469116210938,0.9519432783126831,938.0153198242188,1052.3961181640625,0.00953003577888012,858.0480346679688,1014.0540771484375,0.9495580196380615,876.836669921875,998.458251953125,0.9945894479751587,901.190185546875,949.5545043945312,0.9997846484184265,918.5110473632812,1024.0902099609375,0.6518126130104065,830.4951171875,971.8949584960938,0.9029422402381897,916.1672973632812,898.9396362304688,0.3846856355667114,854.1438598632812,896.8438720703125,0.8318594694137573,862.6685791015625,863.0252075195312,0.7279375195503235,776.4996337890625,779.607177734375,0.987147867679596,601.9623413085938,745.2735595703125,0.9266456365585327
2193,85.97394561767578,115.9281997680664,0.9993398785591125,994.9172973632812,82.34319305419922,0.9999407529830933,89.23236846923828,1029.3231201171875,0.999565064907074,1021.5018310546875,1020.4599609375,0.9897088408470154,338.0072326660156,497.803466796875,0.9990058541297913,332.1908264160156,608.6489868164062,0.9982761144638062,277.9924621582031,546.4298706054688,0.9985038042068481,386.8061218261719,555.7947998046875,0.9958460927009583,718.9984741210938,498.8135986328125,0.9982317090034485,756.5531005859375,719.8687133789062,0.9993913173675537,696.0985107421875,598.791748046875,0.9932337403297424,786.81103515625,568.6470336914062,0.9378330111503601,841.7881469726562,1052.9293212890625,0.05788145214319229,870.809326171875,1010.3922119140625,0.7018045783042908,884.477783203125,994.9396362304688,0.9956759810447693,902.2086791992188,941.5050048828125,0.9933021068572998,929.1263427734375,1035.407958984375,0.18761931359767914,838.5027465820312,954.0090942382812,0.9094254970550537,917.3307495117188,900.1285400390625,0.5538797974586487,853.4467163085938,889.6149291992188,0.9837586283683777,861.1741333007812,863.603759765625,0.9394721388816833,775.0051879882812,779.6163330078125,0.9938714504241943,610.5786743164062,742.72998046875,0.9289589524269104
2194,84.61598205566406,117.05693054199219,0.9996809959411621,994.8773803710938,82.38983154296875,0.9996589422225952,89.16877746582031,1029.8470458984375,0.9996153116226196,1017.8067016601562,1021.1417236328125,0.98916095495224,337.5799560546875,498.2621765136719,0.9989211559295654,332.1562194824219,608.5565795898438,0.9983488321304321,276.9698791503906,548.7041015625,0.9983711838722229,386.3986511230469,557.9603271484375,0.9975816011428833,716.8516845703125,499.1952819824219,0.996450662612915,757.458984375,719.4996948242188,0.9995326995849609,695.3535766601562,598.26171875,0.9948902130126953,786.3941650390625,566.7512817382812,0.8700764179229736,822.6818237304688,1004.666015625,0.07978177815675735,867.421142578125,992.4541625976562,0.7171888947486877,910.3709716796875,1011.9519653320312,0.5756150484085083,948.2525024414062,981.2662353515625,0.2817160189151764,892.7559204101562,1047.1385498046875,0.9661701321601868,845.7557983398438,959.2454223632812,0.2370632439851761,928.6004638671875,926.6301879882812,0.36578696966171265,924.8228759765625,924.4830322265625,0.5654615759849548,944.20166015625,925.9005737304688,0.14411070942878723,776.5421142578125,785.864501953125,0.9818220138549805,630.8221435546875,733.97900390625,0.7467446327209473
2195,85.5630874633789,116.33954620361328,0.9997357726097107,996.8948364257812,83.4653549194336,0.9999370574951172,89.01245880126953,1029.54150390625,0.9995322227478027,1020.2125244140625,1020.769287109375,0.9922434687614441,338.8899230957031,497.77740478515625,0.9992414712905884,332.1639099121094,608.992431640625,0.9983329176902771,277.51702880859375,548.9094848632812,0.9988434314727783,387.1092529296875,557.793701171875,0.998429000377655,717.4439086914062,500.5247802734375,0.9900373220443726,758.2877807617188,719.192138671875,0.999567449092865,696.2656860351562,597.7861938476562,0.9926666617393494,784.7788696289062,550.841064453125,0.640992283821106,754.7822875976562,974.3658447265625,0.8081388473510742,844.613037109375,982.5122680664062,0.9791463017463684,876.5677490234375,990.2601318359375,0.9109359383583069,904.4926147460938,1025.2979736328125,0.25953567028045654,856.8259887695312,1033.114013671875,0.7992897033691406,805.466064453125,942.0416259765625,0.634870171546936,805.2445068359375,929.9494018554688,0.24257038533687592,820.5961303710938,893.5308837890625,0.6578477025032043,868.1289672851562,881.3876342773438,0.13463328778743744,771.709228515625,778.9623413085938,0.7948740720748901,622.4651489257812,738.6748046875,0.8630470037460327
2196,87.06391143798828,116.61504364013672,0.999582827091217,996.5932006835938,84.00397491455078,0.9999140501022339,88.01985931396484,1029.6607666015625,0.9996434450149536,1021.6558837890625,1020.4411010742188,0.9960477948188782,339.58575439453125,498.25933837890625,0.9990653395652771,331.2868957519531,608.8341064453125,0.9980887770652771,277.8506774902344,548.997314453125,0.9989476799964905,386.856201171875,558.7327880859375,0.9975234866142273,716.3306274414062,501.16754150390625,0.9962224960327148,758.4262084960938,720.098388671875,0.9993444085121155,694.9855346679688,596.0438232421875,0.9926028847694397,783.4298706054688,551.4002075195312,0.93751460313797,748.2313232421875,969.6442260742188,0.09939073026180267,794.7465209960938,971.7232055664062,0.9632651209831238,819.1270751953125,979.6272583007812,0.6431230902671814,903.2025756835938,959.6738891601562,0.6138115525245667,799.2841796875,1021.150634765625,0.9768054485321045,839.4832763671875,937.544189453125,0.868949294090271,943.9782104492188,952.2189331054688,0.5792508125305176,944.664306640625,961.6967163085938,0.3263728618621826,895.2744140625,861.2477416992188,0.017915993928909302,700.5719604492188,725.74560546875,0.5810086131095886,620.2205200195312,739.8701782226562,0.8518491387367249
2197,83.30008697509766,115.70512390136719,0.9996449947357178,996.965576171875,85.54316711425781,0.9997795224189758,88.46807098388672,1029.3397216796875,0.999624490737915,1017.8847045898438,1021.9996948242188,0.9956437349319458,339.29974365234375,498.0569763183594,0.9983691573143005,331.50299072265625,610.1974487304688,0.9982320666313171,278.0179138183594,548.9657592773438,0.9989094734191895,388.2560729980469,558.5100708007812,0.9967262744903564,719.6256713867188,499.96044921875,0.9932880997657776,757.5079345703125,720.10546875,0.9996209144592285,697.29443359375,596.8873901367188,0.9911319613456726,784.466796875,559.0264282226562,0.8886977434158325,657.4129638671875,916.7183837890625,0.9065942764282227,682.75146484375,918.1096801757812,0.12831945717334747,796.5059204101562,956.6121826171875,0.7893299460411072,862.702880859375,956.182373046875,0.8493359088897705,786.2827758789062,975.4210815429688,0.001642308197915554,814.6004028320312,928.0100708007812,0.12867371737957,879.816650390625,1021.889892578125,0.2603670060634613,928.2463989257812,936.8609008789062,0.8586314916610718,766.7545776367188,1027.9569091796875,0.6634839177131653,784.957763671875,770.1072998046875,0.809146523475647,879.894287109375,819.6649169921875,0.6423628330230713
2198,84.24735260009766,116.63873291015625,0.9997643828392029,996.3697509765625,85.2169418334961,0.9999431371688843,88.56501007080078,1029.194091796875,0.9997263550758362,1019.5980834960938,1019.9891357421875,0.9979052543640137,338.87152099609375,498.1624450683594,0.999241828918457,331.9248962402344,610.1351318359375,0.9983017444610596,277.7361755371094,548.8040161132812,0.9983183145523071,388.00103759765625,557.9080200195312,0.9982869029045105,718.7623901367188,500.8638916015625,0.9935280680656433,757.0689086914062,718.81201171875,0.9995439648628235,696.0062255859375,594.962646484375,0.9937083721160889,782.5880737304688,548.2168579101562,0.781100869178772,605.6151733398438,855.588134765625,0.09188396483659744,664.7142944335938,885.0572509765625,0.3397008776664734,718.4303588867188,905.8920288085938,0.4886401295661926,805.7137451171875,937.2662353515625,0.9877384901046753,705.4920654296875,957.668701171875,0.3529491722583771,744.862060546875,884.0626831054688,0.986375629901886,727.140625,978.471435546875,0.9461231827735901,846.4603271484375,891.3361206054688,0.7006301879882812,879.7581787109375,827.0867309570312,0.20765717327594757,789.3016357421875,769.1883544921875,0.75059974193573,879.7576904296875,822.2088623046875,0.7120270133018494
2199,84.39714050292969,115.0964126586914,0.9995703101158142,996.9703369140625,82.4942626953125,0.999920129776001,89.33882904052734,1029.781494140625,0.9996880292892456,1021.2199096679688,1020.8816528320312,0.9979062080383301,338.47454833984375,498.1474304199219,0.9990743398666382,331.7114562988281,609.8695678710938,0.9981862902641296,277.8667907714844,548.7080078125,0.9992246627807617,387.3161926269531,558.224609375,0.9978950023651123,717.2384643554688,500.7065124511719,0.9953687191009521,758.2468872070312,719.6636962890625,0.9996914863586426,695.3500366210938,593.769287109375,0.9943821430206299,785.1654052734375,568.08837890625,0.877051830291748,569.3969116210938,813.9347534179688,0.2718420922756195,615.2457275390625,850.138671875,0.1018604189157486,663.5029907226562,863.8414916992188,0.33962899446487427,783.4390258789062,911.623779296875,0.9550125002861023,664.9098510742188,912.0162963867188,0.7013463973999023,710.7888793945312,848.1422119140625,0.9519904851913452,711.6267700195312,843.319091796875,0.7667849063873291,693.7051391601562,931.0640869140625,0.2719528377056122,908.2005004882812,875.8058471679688,0.02630898542702198,797.5919799804688,768.6273803710938,0.7990801334381104,685.1571044921875,727.9165649414062,0.204057976603508
2200,84.71586608886719,113.5355453491211,0.9997660517692566,995.0905151367188,84.27291870117188,0.9998629093170166,88.36778259277344,1029.6201171875,0.9996401071548462,1019.8477172851562,1020.635498046875,0.9987779259681702,339.45208740234375,497.98834228515625,0.999126136302948,331.1370544433594,609.9038696289062,0.9987812638282776,277.17242431640625,549.4420776367188,0.9993640780448914,387.3593444824219,558.9038696289062,0.9980767965316772,715.9532470703125,500.66864013671875,0.9912729859352112,754.5443725585938,719.1414184570312,0.9993909597396851,692.7298583984375,593.0647583007812,0.9954659938812256,786.8224487304688,565.8327026367188,0.8989986777305603,517.8954467773438,765.9349975585938,0.8880673050880432,543.4013671875,773.9370727539062,0.909885048866272,559.6597900390625,781.0671997070312,0.44440555572509766,738.1209106445312,883.1934814453125,0.8229147791862488,630.2658081054688,882.7753295898438,0.4119728207588196,661.6815795898438,806.8671875,0.9245110154151917,797.9625244140625,963.9725952148438,0.8718858361244202,874.6276245117188,861.064208984375,0.3603695034980774,898.343994140625,879.3485717773438,0.05773066356778145,796.9153442382812,762.9950561523438,0.7659911513328552,692.2282104492188,728.2734375,0.9199187755584717
2201,84.17364501953125,114.51408386230469,0.9998975992202759,996.1566772460938,82.83747100830078,0.9999315738677979,88.47724914550781,1029.367919921875,0.9997251629829407,1021.5039672851562,1020.581787109375,0.9981306195259094,338.5325622558594,497.8710021972656,0.9992176294326782,330.3168640136719,609.3148193359375,0.9989867806434631,276.92327880859375,548.0233764648438,0.9986528158187866,385.9491271972656,558.6778564453125,0.9975334405899048,716.1013793945312,500.3302001953125,0.9888820052146912,760.5956420898438,718.3035278320312,0.9994288086891174,693.2711791992188,593.8167724609375,0.9970828890800476,786.75927734375,564.7905883789062,0.9114992618560791,489.68975830078125,707.5237426757812,0.9903727769851685,539.1238403320312,749.7142333984375,0.5079768300056458,569.4295654296875,767.7846069335938,0.9497833251953125,693.32080078125,850.9918823242188,0.6397410035133362,573.5310668945312,832.9149169921875,0.7419553399085999,625.0330810546875,757.9600219726562,0.547593355178833,746.9808959960938,938.124267578125,0.9854066371917725,804.278564453125,853.1681518554688,0.9036067724227905,886.5284423828125,792.2296752929688,0.09610738605260849,911.065673828125,860.3619995117188,0.869579017162323,882.3300170898438,794.2861328125,0.5542700886726379
2202,83.30597686767578,115.38585662841797,0.9995179176330566,996.5593872070312,83.97846221923828,0.9998393058776855,88.63175201416016,1028.653564453125,0.9997895359992981,1020.8634033203125,1020.5062255859375,0.9986166954040527,340.1731872558594,497.7425842285156,0.999160647392273,330.2214660644531,608.589599609375,0.9986565113067627,277.0501708984375,547.5861206054688,0.9987336993217468,386.029296875,559.0963745117188,0.997657060623169,718.16064453125,501.15643310546875,0.9909297823905945,757.9874267578125,719.54638671875,0.9992073178291321,694.1707153320312,597.7638549804688,0.9962549209594727,782.5451049804688,551.3719482421875,0.8744289875030518,447.72149658203125,671.8806762695312,0.9986999034881592,505.37371826171875,708.1936645507812,0.9346944689750671,532.1533813476562,729.0449829101562,0.9833444952964783,647.7338256835938,819.34375,0.9882683753967285,526.061767578125,790.7315673828125,0.9215317964553833,593.693603515625,726.5950927734375,0.4844542443752289,686.4258422851562,910.23779296875,0.8717111349105835,747.9638671875,825.4996948242188,0.9828769564628601,776.6843872070312,895.515380859375,0.5181077718734741,857.5856323242188,905.98583984375,0.36905789375305176,917.9529418945312,877.8472290039062,0.9226787686347961
2203,84.79371643066406,114.60594940185547,0.9987797141075134,996.8302001953125,84.41091918945312,0.9998478889465332,88.73812866210938,1029.5006103515625,0.999790608882904,1018.5670166015625,1020.8739624023438,0.9988952279090881,337.9734802246094,498.24810791015625,0.9990944862365723,332.26507568359375,609.697265625,0.997579038143158,277.263671875,549.1094360351562,0.9985670447349548,387.25335693359375,557.1806030273438,0.9961352348327637,718.2146606445312,500.30206298828125,0.9884903430938721,757.0870361328125,719.8015747070312,0.9992233514785767,697.162109375,597.0166625976562,0.9911835193634033,781.4676513671875,554.97607421875,0.8532935976982117,426.51593017578125,625.4950561523438,0.9898554086685181,439.3653869628906,640.6851196289062,0.5211626291275024,514.9136352539062,696.0864868164062,0.6949647665023804,593.1817626953125,777.0599365234375,0.9835484623908997,502.3980407714844,765.7996215820312,0.9652446508407593,594.7935791015625,853.696533203125,0.6710576415061951,577.6790161132812,702.553955078125,0.14615702629089355,676.799072265625,776.6304321289062,0.966787576675415,716.10205078125,856.19921875,0.9907206296920776,862.9336547851562,888.6986694335938,0.7841095924377441,925.2643432617188,874.5000610351562,0.8814643621444702
2204,82.71287536621094,114.14112854003906,0.9997170567512512,995.7557373046875,83.44635009765625,0.9999289512634277,89.68125915527344,1029.4534912109375,0.9997023940086365,1019.1792602539062,1020.3946533203125,0.9976782202720642,337.8192138671875,498.168212890625,0.9994292855262756,330.9847106933594,607.9933471679688,0.9984152317047119,277.2496337890625,548.822998046875,0.9990097284317017,383.51422119140625,555.079833984375,0.9988240599632263,715.8134155273438,500.1632385253906,0.9964132905006409,758.343994140625,719.7453002929688,0.9995415210723877,697.609375,597.1449584960938,0.9943140745162964,782.4334106445312,555.628662109375,0.8712401986122131,392.4786682128906,594.98828125,0.9942249655723572,466.2711486816406,643.3969116210938,0.9941728711128235,499.7254943847656,665.7337646484375,0.9784483909606934,577.038818359375,747.4995727539062,0.9812356233596802,487.1695861816406,728.3603515625,0.9849313497543335,545.1613159179688,654.4767456054688,0.9564042091369629,593.763671875,819.5147705078125,0.19069263339042664,664.0311889648438,760.9584350585938,0.9960158467292786,694.6734008789062,826.560546875,0.9953502416610718,802.3466186523438,871.7075805664062,0.9920042157173157,911.2948608398438,892.0697021484375,0.9843591451644897
2205,85.18445587158203,115.81241607666016,0.9996129870414734,995.249755859375,83.17037963867188,0.9999173879623413,88.76205444335938,1030.43212890625,0.9997335076332092,1020.013427734375,1019.3836669921875,0.9988086223602295,335.31268310546875,498.4858093261719,0.9988471269607544,330.0937805175781,607.6591186523438,0.9990755319595337,276.5376281738281,549.8895263671875,0.9980871677398682,380.0278625488281,549.5020141601562,0.9978306889533997,716.6786499023438,499.38092041015625,0.998201847076416,759.359130859375,719.1983642578125,0.9996405839920044,695.3649291992188,595.0110473632812,0.9981175661087036,783.7844848632812,559.4585571289062,0.9427244067192078,380.76312255859375,579.9102172851562,0.9984455704689026,465.0386962890625,628.3832397460938,0.9434747099876404,495.543212890625,645.5618286132812,0.933659553527832,577.70361328125,729.5428466796875,0.997785210609436,484.1029968261719,708.2345581054688,0.9914383888244629,548.7847290039062,639.6392822265625,0.7674404382705688,584.5359497070312,804.6844482421875,0.5374063849449158,660.2551879882812,751.7625732421875,0.9867019057273865,678.146484375,815.401611328125,0.9794626832008362,802.5048828125,868.15234375,0.8846195340156555,911.564453125,884.489990234375,0.5295671224594116
2206,84.74800109863281,116.48136138916016,0.9994242191314697,993.34033203125,82.34264373779297,0.9999080896377563,89.4732437133789,1030.219970703125,0.9997414946556091,1021.49658203125,1019.718994140625,0.998915433883667,336.1010437011719,498.4826354980469,0.9981511235237122,330.2774353027344,606.0100708007812,0.9996851682662964,277.57440185546875,549.716552734375,0.9983609318733215,378.2984924316406,542.8417358398438,0.9937595725059509,717.3024291992188,500.2243347167969,0.9965344667434692,759.2147216796875,719.207275390625,0.9995988011360168,693.7991333007812,592.2266235351562,0.9981042146682739,786.8082885742188,568.9625854492188,0.8759398460388184,376.9172668457031,573.6524658203125,0.9635879993438721,458.97442626953125,620.4666137695312,0.9508584141731262,497.08917236328125,633.623046875,0.9836950302124023,582.97119140625,722.0969848632812,0.9938872456550598,487.74005126953125,694.7381591796875,0.9720966815948486,543.2540893554688,629.0335693359375,0.5736547708511353,583.998046875,795.7575073242188,0.5413892865180969,662.298583984375,732.833740234375,0.9914783835411072,675.66552734375,802.9705810546875,0.9998480081558228,806.4802856445312,865.7374267578125,0.8947399258613586,910.8721313476562,883.895751953125,0.8295600414276123
2207,83.3451919555664,117.09745025634766,0.9995874762535095,992.2899169921875,83.80632019042969,0.9998145699501038,89.9957504272461,1029.9429931640625,0.9996765851974487,1018.7190551757812,1019.2180786132812,0.9983672499656677,334.7548828125,497.94537353515625,0.9979008436203003,330.0218200683594,605.9253540039062,0.9990043044090271,275.0062255859375,546.5,0.998262345790863,377.4239807128906,547.6678466796875,0.9997673630714417,715.03369140625,500.50042724609375,0.9974857568740845,758.2001953125,719.2915649414062,0.9997668862342834,694.7734375,594.9869384765625,0.9978678226470947,786.2340087890625,577.7505493164062,0.6940137147903442,373.3572998046875,588.493408203125,0.9765325784683228,473.2457275390625,632.1270751953125,0.9592591524124146,509.3894348144531,647.3323974609375,0.977418839931488,600.85400390625,727.4370727539062,0.9714056849479675,503.6173400878906,705.95361328125,0.9967370629310608,546.1785278320312,629.7794189453125,0.5207194089889526,576.7549438476562,794.0118408203125,0.9433209300041199,663.8380126953125,728.8367309570312,0.9696322679519653,673.2633666992188,803.3607177734375,0.9995964169502258,806.797119140625,868.5577392578125,0.9619003534317017,885.0084228515625,810.0486450195312,0.6583529114723206
2208,83.7118148803711,118.40515899658203,0.9993540644645691,995.9304809570312,83.69231414794922,0.9999334812164307,89.97623443603516,1028.9749755859375,0.9996746778488159,1017.9481201171875,1020.22412109375,0.9985665678977966,336.669189453125,498.1895446777344,0.9991005659103394,332.60894775390625,600.5301513671875,0.9956211447715759,277.31927490234375,549.774658203125,0.9969479441642761,385.8575439453125,550.369140625,0.9997159838676453,716.46337890625,500.33251953125,0.9982662796974182,758.597412109375,718.4650268554688,0.9998099207878113,695.8153686523438,594.1365966796875,0.9981385469436646,784.4544677734375,558.5894775390625,0.8758915662765503,352.01708984375,606.0088500976562,0.9931221604347229,373.9086608886719,609.9732666015625,0.7390601634979248,405.5601806640625,617.4754028320312,0.9972946047782898,584.6707763671875,709.8552856445312,0.9866742491722107,474.8794250488281,689.2385864257812,0.9763731956481934,533.5485229492188,621.3508911132812,0.9782375693321228,572.3928833007812,784.9346923828125,0.6523260474205017,661.49267578125,726.441162109375,0.976448655128479,663.5401611328125,795.73974609375,0.9993624091148376,803.8975219726562,868.2697143554688,0.9505025744438171,900.5967407226562,888.518310546875,0.9777266383171082
2209,86.25552368164062,116.69271087646484,0.997234046459198,996.5405883789062,85.94525146484375,0.999846339225769,88.58837127685547,1027.2718505859375,0.9996833801269531,1017.5419921875,1021.3280029296875,0.9972386360168457,335.0779113769531,497.80474853515625,0.9966860413551331,332.8934020996094,602.90234375,0.990807831287384,277.227783203125,551.0993041992188,0.9980779886245728,383.2350158691406,548.5682373046875,0.990958571434021,718.2813110351562,499.9085388183594,0.9980878233909607,758.805908203125,717.70556640625,0.9998077750205994,693.969970703125,593.989013671875,0.9976456761360168,784.6402587890625,560.3948364257812,0.923631489276886,356.25628662109375,612.9769287109375,0.9753844738006592,380.02093505859375,621.6251831054688,0.6230621337890625,441.2657470703125,643.7239379882812,0.6052994132041931,566.5012817382812,701.5088500976562,0.988097608089447,474.09820556640625,696.2664184570312,0.994594395160675,510.3121032714844,622.2506103515625,0.9792774319648743,574.0331420898438,772.8238525390625,0.972615659236908,658.6237182617188,703.018310546875,0.9250315427780151,667.2933349609375,797.1558227539062,0.9996103644371033,805.4769287109375,868.1162719726562,0.9348468780517578,905.3416748046875,889.54248046875,0.9556076526641846
2210,84.27894592285156,116.0561294555664,0.9997988343238831,997.5995483398438,83.17431640625,0.9995774626731873,88.08427429199219,1027.814453125,0.9997884631156921,1018.1646728515625,1019.973876953125,0.9988815188407898,335.85162353515625,497.7701110839844,0.9980668425559998,331.65728759765625,602.9044189453125,0.9898386001586914,277.53106689453125,549.5751953125,0.9967775940895081,383.9066162109375,548.8118286132812,0.9907608032226562,714.6954956054688,500.3203125,0.9984269142150879,759.2984619140625,717.8613891601562,0.9997243285179138,696.2186279296875,594.3673706054688,0.99852055311203,780.2257690429688,553.59912109375,0.7498355507850647,356.7724609375,598.6605834960938,0.2295764535665512,379.0906066894531,614.6895751953125,0.601738452911377,401.22015380859375,632.3372802734375,0.9235907196998596,563.472412109375,701.172607421875,0.9601357579231262,464.4903259277344,696.7288208007812,0.977571427822113,500.15374755859375,616.7554321289062,0.9381528496742249,568.0215454101562,782.6768188476562,0.7922646403312683,656.19580078125,713.02099609375,0.9924195408821106,670.4486694335938,793.6151733398438,0.9619101881980896,764.2761840820312,846.328125,0.8850602507591248,908.1508178710938,888.8335571289062,0.6278348565101624
2211,85.23391723632812,115.17218780517578,0.9996784925460815,996.0520629882812,82.97111511230469,0.9999245405197144,88.79019927978516,1028.997802734375,0.9997313618659973,1019.1808471679688,1019.9954833984375,0.9984556436538696,337.610107421875,497.6274719238281,0.9986881613731384,328.7608337402344,600.8407592773438,0.9984347224235535,277.46368408203125,547.6810302734375,0.9964553117752075,381.90325927734375,547.7015380859375,0.9926591515541077,716.9835205078125,499.9500427246094,0.9970182180404663,758.8621215820312,718.534912109375,0.9998546838760376,694.8268432617188,594.91259765625,0.9980393052101135,782.8623657226562,556.8086547851562,0.7962558269500732,361.6458740234375,605.8457641601562,0.7844024896621704,403.9769287109375,634.212646484375,0.34833988547325134,453.3981018066406,652.2758178710938,0.24125751852989197,560.5719604492188,701.2886962890625,0.9755544066429138,469.3504943847656,699.145263671875,0.9943870306015015,508.7579345703125,622.3934326171875,0.86613529920578,563.2578125,777.75146484375,0.816620945930481,644.404052734375,709.0343017578125,0.9938703775405884,655.59814453125,791.12353515625,0.9986670017242432,756.9842529296875,842.3004150390625,0.9746048450469971,819.7717895507812,871.987548828125,0.5069507360458374
2212,85.2939453125,116.2752685546875,0.9997355341911316,996.697021484375,84.36551666259766,0.9999493360519409,89.39448547363281,1029.6641845703125,0.9996944665908813,1018.3721923828125,1019.3614501953125,0.9990654587745667,337.17584228515625,495.4293212890625,0.9984930753707886,334.6650085449219,598.5742797851562,0.9925065636634827,278.0596923828125,548.3915405273438,0.9971233010292053,383.29583740234375,546.26806640625,0.9954013824462891,716.431396484375,500.03192138671875,0.99830162525177,756.55810546875,717.6781616210938,0.9999221563339233,694.9590454101562,596.6431274414062,0.9987345337867737,783.4942626953125,556.4921875,0.8989846110343933,354.903076171875,625.2842407226562,0.9931729435920715,381.24713134765625,634.3948364257812,0.8388013243675232,439.3269958496094,646.1974487304688,0.65999835729599,553.8926391601562,697.08154296875,0.9417635202407837,462.3315734863281,700.83251953125,0.9838485717773438,487.8843078613281,614.2484130859375,0.9885358214378357,564.2908325195312,772.5943603515625,0.9932489395141602,640.8270263671875,707.2200317382812,0.9935378432273865,645.4658813476562,789.69287109375,0.9988272786140442,812.0433959960938,865.159912109375,0.6419903039932251,928.8491821289062,891.7965087890625,0.12493341416120529
2213,86.04913330078125,115.17098999023438,0.9988119602203369,997.3555908203125,85.02787017822266,0.9998880624771118,89.0223159790039,1029.012939453125,0.9997662901878357,1018.7059326171875,1019.7705078125,0.9980779886245728,337.1090087890625,497.17169189453125,0.9988009929656982,333.7406921386719,597.0961303710938,0.9959288239479065,276.6622619628906,547.43896484375,0.9978614449501038,382.75921630859375,548.3543701171875,0.998433530330658,714.8773193359375,500.64251708984375,0.9969462752342224,758.4896850585938,718.3726196289062,0.9997962117195129,695.5881958007812,596.8609008789062,0.9973767995834351,783.6640014648438,551.064453125,0.9116724133491516,334.2040710449219,617.6832275390625,0.8984289765357971,401.66741943359375,648.9323120117188,0.3497900664806366,449.6256103515625,656.8150634765625,0.46134233474731445,555.4654541015625,700.3174438476562,0.8873052597045898,462.64923095703125,704.61669921875,0.9720022678375244,473.82440185546875,615.1316528320312,0.6695876717567444,561.4789428710938,778.7291870117188,0.9593474268913269,641.7359619140625,710.1787719726562,0.9539994597434998,637.520263671875,792.443603515625,0.9573695659637451,787.1931762695312,857.1270751953125,0.8262369632720947,424.8060302734375,489.4205322265625,0.21595707535743713
2214,84.11824798583984,115.21839904785156,0.9985874891281128,995.3571166992188,85.31684112548828,0.9999442100524902,89.32820892333984,1028.197265625,0.9997010827064514,1019.4205322265625,1019.797119140625,0.9986146688461304,338.88232421875,496.0445251464844,0.9981464147567749,327.4483642578125,601.1433715820312,0.999561607837677,276.5035095214844,545.7876586914062,0.9989272952079773,382.6968994140625,552.3570556640625,0.9770573377609253,715.9440307617188,498.8244323730469,0.9975557327270508,758.5106201171875,719.0917358398438,0.9997811913490295,695.416015625,595.6395263671875,0.9979830980300903,783.814453125,557.4954833984375,0.8501817584037781,327.8858337402344,632.1986083984375,0.8818875551223755,396.50897216796875,655.6307373046875,0.9954730868339539,437.19146728515625,662.211669921875,0.8838676810264587,559.8731689453125,707.5723266601562,0.9869547486305237,463.02972412109375,715.9235229492188,0.9879860281944275,486.5070495605469,630.8864135742188,0.9931504130363464,560.563232421875,783.7540283203125,0.9586294889450073,642.431396484375,712.3367919921875,0.9928911924362183,643.4901123046875,792.5296020507812,0.9990472197532654,800.3199462890625,864.2264404296875,0.7418632507324219,998.6854858398438,903.6844482421875,0.09108679741621017
2215,81.68504333496094,115.65629577636719,0.9983831644058228,994.3971557617188,85.71271514892578,0.9999328851699829,88.80901336669922,1029.917236328125,0.999774158000946,1018.5614013671875,1018.5848388671875,0.9991047978401184,337.55755615234375,495.4524841308594,0.9982858300209045,327.80926513671875,606.4083251953125,0.9985089898109436,276.51904296875,546.3551025390625,0.9989946484565735,382.80328369140625,550.8308715820312,0.9473932385444641,717.5081787109375,499.8565979003906,0.9930324554443359,757.944091796875,718.8290405273438,0.9998276233673096,696.6951904296875,597.5653076171875,0.994624674320221,783.5064697265625,551.2469482421875,0.7516773343086243,334.66748046875,678.6197509765625,0.9469060897827148,421.8992614746094,683.6309204101562,0.9911822080612183,464.5467529296875,685.1365966796875,0.990058958530426,563.2975463867188,721.5169067382812,0.9943647384643555,469.695068359375,738.4769287109375,0.969926118850708,499.9654235839844,642.7426147460938,0.9824672341346741,560.3869018554688,793.7799682617188,0.9885622262954712,630.4038696289062,706.5348510742188,0.9320557713508606,649.75390625,796.0114135742188,0.9993953704833984,808.161376953125,869.9818725585938,0.5533308982849121,819.8766479492188,877.57177734375,0.1302889883518219
2216,85.25472259521484,114.90337371826172,0.9994547963142395,994.8616333007812,84.98078918457031,0.9999614953994751,89.12461853027344,1030.3692626953125,0.9996021389961243,1020.0460815429688,1018.7406616210938,0.9979349374771118,338.5332336425781,495.6950988769531,0.9986633062362671,326.4646911621094,606.1280517578125,0.9989271759986877,276.1874694824219,545.9414672851562,0.9985139966011047,382.7796630859375,550.6140747070312,0.9802960753440857,715.9564819335938,500.2164001464844,0.9891371130943298,758.3728637695312,718.27197265625,0.99981290102005,695.7969360351562,596.3460693359375,0.9966214895248413,782.2826538085938,552.0040893554688,0.8308881521224976,356.39935302734375,733.4727172851562,0.9460321664810181,429.1994934082031,715.7369995117188,0.796794593334198,476.87664794921875,713.050537109375,0.997298538684845,583.832763671875,737.2017211914062,0.9675067663192749,501.1810302734375,754.2640991210938,0.8482987880706787,483.6358947753906,661.6495971679688,0.7728815078735352,572.9839477539062,800.2222900390625,0.8859525322914124,634.7208251953125,720.1273803710938,0.9408820271492004,659.9187622070312,803.1424560546875,0.9994747042655945,757.272216796875,856.1537475585938,0.7296953201293945,830.4990844726562,878.5693969726562,0.49152255058288574
2217,84.47575378417969,117.00012969970703,0.9994946718215942,995.933349609375,82.60852813720703,0.9998980760574341,88.77926635742188,1029.643798828125,0.9997747540473938,1021.0880737304688,1019.6364135742188,0.9978373646736145,337.6709899902344,497.98028564453125,0.9988211989402771,330.6681213378906,609.5609741210938,0.997848629951477,276.500244140625,547.8267822265625,0.9985364675521851,385.3983154296875,554.4890747070312,0.9992751479148865,718.3158569335938,500.4378356933594,0.9910249710083008,758.44287109375,718.4467163085938,0.9997901320457458,694.5928955078125,594.981689453125,0.9978395700454712,783.9511108398438,555.1342163085938,0.8880245089530945,374.4013977050781,794.6922607421875,0.47446465492248535,427.9613037109375,752.3033447265625,0.12519875168800354,495.76397705078125,743.4566650390625,0.7534613609313965,584.5170288085938,748.3425903320312,0.8852671980857849,489.01275634765625,793.6600952148438,0.5726678371429443,517.6096801757812,695.3427734375,0.7234417200088501,600.522705078125,799.8792114257812,0.7199808359146118,630.455078125,724.4859619140625,0.9687528014183044,666.8807983398438,810.6236572265625,0.9966841340065002,734.6196899414062,853.3367919921875,0.861845076084137,811.8693237304688,878.9666748046875,0.5846570134162903
2218,85.65357971191406,115.33207702636719,0.9992840886116028,994.3414916992188,86.16915893554688,0.9996041655540466,88.75924682617188,1029.5892333984375,0.9997615218162537,1020.3668212890625,1019.2422485351562,0.9982001781463623,336.70074462890625,498.09075927734375,0.9981536269187927,331.629638671875,609.7481689453125,0.9983782768249512,277.0229797363281,550.341064453125,0.9993519186973572,387.6802978515625,555.8501586914062,0.9955986738204956,712.5777587890625,502.12139892578125,0.9931946992874146,759.1636352539062,718.2072143554688,0.9997376799583435,693.7132568359375,593.4922485351562,0.9981877207756042,782.9673461914062,557.6878662109375,0.853100061416626,407.4735412597656,876.5645141601562,0.32571157813072205,453.45819091796875,817.4382934570312,0.06554248183965683,498.43341064453125,762.5340576171875,0.4298263490200043,584.2487182617188,755.393798828125,0.4980306923389435,510.2742614746094,821.3674926757812,0.8878404498100281,477.84515380859375,714.7589721679688,0.8077657222747803,572.3861083984375,793.937744140625,0.8991786241531372,635.2650756835938,726.811767578125,0.9137267470359802,665.4805908203125,809.40380859375,0.9885877370834351,745.6146850585938,865.2281494140625,0.5277554392814636,127.9454116821289,501.88232421875,0.28501659631729126
2219,84.17186737060547,118.0118179321289,0.9996951818466187,993.6814575195312,83.86714935302734,0.9997877478599548,89.3685073852539,1030.466796875,0.9995653033256531,1021.8373413085938,1020.928955078125,0.9981788396835327,336.9087219238281,498.1343994140625,0.9989134073257446,331.9483337402344,609.45556640625,0.9976397752761841,277.0415954589844,549.75537109375,0.9992766976356506,387.1094970703125,556.0729370117188,0.9968774318695068,714.6260375976562,501.6578674316406,0.9939642548561096,759.116943359375,717.619384765625,0.9998038411140442,694.22119140625,594.1691284179688,0.995915949344635,781.9677124023438,548.7030639648438,0.8887673020362854,418.1846008300781,919.8629150390625,0.8903547525405884,463.2073669433594,863.6097412109375,0.975463330745697,479.2476501464844,825.9246215820312,0.8257828950881958,570.0569458007812,758.8983154296875,0.39662039279937744,546.87939453125,839.4048461914062,0.661044180393219,480.05926513671875,770.8995971679688,0.08895332366228104,622.1937255859375,802.2772216796875,0.9264404773712158,626.1770629882812,718.1635131835938,0.9107300639152527,675.3215942382812,794.9844360351562,0.9730128049850464,739.1277465820312,855.8524780273438,0.6891517639160156,944.5068969726562,893.0033569335938,0.04240958020091057
2220,84.27881622314453,116.8814926147461,0.9997827410697937,993.48046875,82.38836669921875,0.9995179176330566,88.02373504638672,1028.14599609375,0.9998112320899963,1021.7825317382812,1020.6676025390625,0.9990835189819336,337.1832580566406,498.2761535644531,0.9980384707450867,331.8063659667969,609.8107299804688,0.9974508881568909,276.48919677734375,549.609619140625,0.9987748265266418,386.9884338378906,557.0166625976562,0.9971725344657898,716.7376708984375,502.18951416015625,0.989513635635376,760.5703125,717.1354370117188,0.999671459197998,694.3497924804688,595.3604736328125,0.9976887702941895,781.3267822265625,549.5028076171875,0.8776556253433228,590.8119506835938,713.5185546875,0.07165335863828659,479.4287109375,906.270263671875,0.5857433676719666,492.7503662109375,870.518310546875,0.4209500849246979,558.6731567382812,782.7146606445312,0.9855534434318542,549.4318237304688,892.7649536132812,0.9091174006462097,475.3149108886719,836.8108520507812,0.9306787848472595,636.6646118164062,804.5197143554688,0.8766648769378662,536.3389282226562,728.8818969726562,0.7106552124023438,442.58465576171875,998.0254516601562,0.9243979454040527,780.2354125976562,871.804443359375,0.7507480978965759,817.3462524414062,882.3408813476562,0.628884494304657
2221,83.3648910522461,119.03972625732422,0.9990919828414917,991.5093994140625,84.88495635986328,0.9998552799224854,88.43172454833984,1029.4239501953125,0.9998393058776855,1018.3792724609375,1020.111083984375,0.9989030361175537,337.0633544921875,497.2943115234375,0.9959591031074524,334.0227355957031,610.0616455078125,0.9979715943336487,276.68218994140625,550.8621826171875,0.9984772801399231,386.55364990234375,555.626220703125,0.9918668866157532,712.9595947265625,504.3916931152344,0.994459867477417,758.6218872070312,718.5153198242188,0.9995502829551697,693.2650756835938,596.887939453125,0.9958114624023438,783.131591796875,551.6082153320312,0.9268631339073181,444.2746887207031,1072.4388427734375,0.4879665672779083,481.4656066894531,983.9707641601562,0.8907158970832825,487.49908447265625,958.6781616210938,0.5842450261116028,561.748291015625,804.8558959960938,0.9966129660606384,549.92333984375,956.9193725585938,0.8543652296066284,477.67010498046875,889.1802978515625,0.870983898639679,645.88037109375,815.6250610351562,0.605225145816803,534.4069213867188,753.4803466796875,0.8393114805221558,594.9511108398438,694.2904663085938,0.11840275675058365,796.0479736328125,522.1868286132812,0.002978553529828787,882.6358642578125,837.7368774414062,0.9569959044456482
2222,86.07434844970703,115.14932250976562,0.9992853999137878,994.8984985351562,83.91812896728516,0.999823272228241,88.61729431152344,1030.4248046875,0.9997461438179016,1020.4895629882812,1020.45751953125,0.9971668124198914,340.1011962890625,497.6651306152344,0.9981129169464111,330.73480224609375,609.2666015625,0.9976590871810913,277.2411804199219,547.6588745117188,0.9987983703613281,385.9859313964844,556.7578735351562,0.9951789379119873,713.491455078125,501.1845703125,0.9954097867012024,757.1443481445312,718.104736328125,0.9993531107902527,695.4985961914062,597.2340087890625,0.9911500215530396,782.9953002929688,555.68310546875,0.7085610032081604,457.0267333984375,1081.378173828125,0.39220699667930603,498.58502197265625,989.9755249023438,0.9964001178741455,509.51202392578125,954.6566772460938,0.894683301448822,585.5855712890625,819.5410766601562,0.9906414151191711,584.250732421875,969.9386596679688,0.7017894387245178,498.02178955078125,909.7442626953125,0.951046884059906,653.0874633789062,848.2049560546875,0.8285622000694275,551.4611206054688,754.49169921875,0.756140947341919,666.9043579101562,770.3135986328125,0.3183538019657135,748.9630737304688,825.73876953125,0.9501988291740417,810.907958984375,872.94775390625,0.9643738865852356
2223,85.6740493774414,116.90776062011719,0.9985364675521851,994.7227172851562,84.91163635253906,0.9998588562011719,88.96128845214844,1029.6683349609375,0.9997046589851379,1020.6441040039062,1019.8596801757812,0.9981017708778381,339.873291015625,497.6777038574219,0.9984549283981323,330.52618408203125,608.9501342773438,0.9983140230178833,276.42584228515625,547.9085083007812,0.9984971284866333,386.6218566894531,557.4881591796875,0.9957152009010315,717.6043090820312,501.4874572753906,0.9964332580566406,757.9464111328125,718.076416015625,0.9995813965797424,696.3785400390625,595.25341796875,0.9950024485588074,782.4086303710938,554.05859375,0.8884156346321106,632.7512817382812,1008.1156616210938,0.025977838784456253,498.1060485839844,1021.2371215820312,0.26724672317504883,511.06793212890625,1002.0217895507812,0.3930273652076721,549.6124877929688,954.6979370117188,0.5199314951896667,549.2733154296875,1059.87060546875,0.5264960527420044,473.5371398925781,967.694580078125,0.2974970042705536,515.1486206054688,899.8943481445312,0.5409741997718811,638.3748168945312,907.96875,0.07058827579021454,750.4244384765625,835.969482421875,0.02354455552995205,800.9076538085938,865.5250854492188,0.8046917915344238,883.8300170898438,836.5032348632812,0.8811779618263245
2224,83.91727447509766,117.58690643310547,0.999757707118988,994.271240234375,83.05461120605469,0.9999432563781738,88.47618103027344,1029.5023193359375,0.9996647834777832,1020.325439453125,1020.599365234375,0.9991181492805481,338.30841064453125,497.9754943847656,0.9983692765235901,330.924072265625,608.85498046875,0.9973280429840088,276.8142395019531,547.8151245117188,0.9983215928077698,385.6084289550781,557.2854614257812,0.9975329637527466,714.5941162109375,501.96246337890625,0.9957569241523743,758.10546875,717.0601196289062,0.9997802376747131,694.4446411132812,595.4683837890625,0.9975778460502625,781.3359375,551.82568359375,0.9017249941825867,634.701171875,1020.9392700195312,0.012415486387908459,487.3985595703125,1085.2623291015625,0.14558173716068268,500.0916442871094,1026.144287109375,0.3420466482639313,557.6385498046875,923.7991943359375,0.5899607539176941,562.8604125976562,1034.9100341796875,0.48490777611732483,452.9241638183594,1033.2177734375,0.5536633133888245,625.4502563476562,933.2263793945312,0.1057567223906517,543.4636840820312,1053.82958984375,0.12664794921875,636.5031127929688,863.1389770507812,0.10527060925960541,749.0856323242188,845.8534545898438,0.9110720753669739,884.2899780273438,834.8778076171875,0.23786036670207977
2225,84.68900299072266,112.26898193359375,0.9982320666313171,994.3076782226562,83.16744232177734,0.9996678829193115,89.4495620727539,1030.30517578125,0.9997192025184631,1021.413330078125,1020.4649047851562,0.9978684186935425,338.1392822265625,497.8078918457031,0.998538613319397,331.1304626464844,608.3666381835938,0.9975014328956604,276.635009765625,547.4282836914062,0.9983136653900146,386.5525817871094,557.6650390625,0.9969815611839294,714.2208251953125,501.17755126953125,0.9910019040107727,756.3348999023438,716.5169677734375,0.9996999502182007,694.1004028320312,593.9601440429688,0.9955892562866211,781.8740234375,548.3890991210938,0.9314718246459961,620.4256591796875,847.693359375,0.060674719512462616,498.05902099609375,1062.930419921875,0.3534752428531647,501.202392578125,1036.029052734375,0.9332794547080994,561.4591064453125,939.3782958984375,0.6882601380348206,563.1602783203125,1042.1165771484375,0.6325458288192749,471.04132080078125,976.116943359375,0.04118802025914192,627.1005859375,942.51171875,0.8307834267616272,630.5574340820312,942.5274047851562,0.15379752218723297,442.65399169921875,1029.5455322265625,0.4685358703136444,879.2132568359375,880.4686889648438,0.023740703240036964,792.2959594726562,865.1591796875,0.4597280025482178
2226,83.09374237060547,113.93017578125,0.9992985725402832,997.4615478515625,84.64507293701172,0.9999290704727173,87.9020004272461,1030.272216796875,0.9997815489768982,1020.5067749023438,1020.204833984375,0.9970093369483948,338.1839599609375,498.0719299316406,0.9986465573310852,331.31854248046875,609.4397583007812,0.9974958300590515,276.3554992675781,547.677490234375,0.9973856806755066,386.5771179199219,556.1898803710938,0.9973288774490356,711.9346313476562,501.7864685058594,0.9977499842643738,757.1758422851562,717.6723022460938,0.9995328187942505,694.205810546875,593.8502807617188,0.9942477941513062,779.5855102539062,547.8521118164062,0.9077654480934143,431.7801208496094,1071.8385009765625,0.016335606575012207,494.203369140625,1071.2867431640625,0.09247958660125732,498.0870361328125,1056.9053955078125,0.3022710084915161,530.2986450195312,965.24658203125,0.2861839234828949,550.0,1054.3741455078125,0.09336713701486588,442.0603332519531,1006.6016235351562,0.16896574199199677,604.6233520507812,964.5668334960938,0.6023168563842773,445.2492370605469,1016.7947998046875,0.23830406367778778,639.126953125,890.1896362304688,0.4726376235485077,767.2395629882812,864.3453369140625,0.9488744139671326,722.0355834960938,868.8152465820312,0.8387792706489563
2227,85.71141052246094,113.86701202392578,0.9995933175086975,996.2286376953125,88.6051254272461,0.9997451901435852,88.26060485839844,1030.7266845703125,0.9996059536933899,1019.9326782226562,1019.697509765625,0.9971164464950562,338.67388916015625,498.2962951660156,0.9986082911491394,330.6781921386719,609.0308227539062,0.9976517558097839,276.6337890625,547.1873779296875,0.9981234669685364,385.93292236328125,557.8673706054688,0.9943175911903381,712.035888671875,501.2135314941406,0.9963489770889282,757.5549926757812,717.6564331054688,0.9996040463447571,694.5960083007812,593.8135986328125,0.9961243271827698,781.862548828125,549.9236450195312,0.9112623333930969,449.87713623046875,1084.7572021484375,0.04741430655121803,463.57745361328125,1065.482666015625,0.04704126715660095,504.6802062988281,1074.9339599609375,0.0495530441403389,532.5209350585938,963.0577392578125,0.3465999662876129,535.9705810546875,1064.8729248046875,0.16364990174770355,437.6188659667969,996.81982421875,0.1630539894104004,443.5087890625,986.900634765625,0.8157391548156738,582.9564208984375,984.3510131835938,0.2231377810239792,613.4034423828125,918.2435302734375,0.0603695847094059,782.3506469726562,872.1273193359375,0.7721390724182129,788.5985107421875,875.9295654296875,0.12784549593925476
2228,86.3541259765625,114.83612823486328,0.998273491859436,995.5657348632812,83.80413818359375,0.9999164342880249,88.8389892578125,1030.1533203125,0.9996761083602905,1020.6830444335938,1019.6646728515625,0.9983569979667664,339.2090759277344,498.39190673828125,0.9987014532089233,331.2791748046875,607.5537109375,0.9974595904350281,276.6462707519531,548.1074829101562,0.9980831146240234,386.5174255371094,557.8958740234375,0.9960152506828308,714.2745971679688,500.59820556640625,0.996950089931488,757.9811401367188,717.2362670898438,0.999506950378418,695.1348266601562,593.366455078125,0.9963502883911133,782.0681762695312,553.6060791015625,0.9174270629882812,440.3646240234375,1063.444091796875,0.0985426977276802,445.0509948730469,1057.9415283203125,0.12214542925357819,482.9483642578125,1037.2955322265625,0.2956940531730652,528.5802001953125,965.4358520507812,0.7566562294960022,530.6348876953125,1051.356201171875,0.65889972448349,432.97906494140625,1016.1863403320312,0.4098884165287018,582.2060546875,985.2030639648438,0.8776249885559082,556.978515625,906.4960327148438,0.04623846709728241,612.1389770507812,919.0858764648438,0.951321005821228,775.0237426757812,872.224365234375,0.8610868453979492,864.0524291992188,881.1232299804688,0.1291867345571518
2229,85.73880767822266,114.69515991210938,0.9997230172157288,996.7144165039062,84.99137878417969,0.9999251365661621,89.01554107666016,1030.966064453125,0.9996800422668457,1020.0258178710938,1020.4429321289062,0.9975962042808533,338.7845764160156,498.72467041015625,0.9990505576133728,331.4288330078125,608.6358032226562,0.9981513619422913,276.82769775390625,547.94091796875,0.9980791807174683,386.013427734375,556.742919921875,0.9966885447502136,715.1868286132812,501.5018615722656,0.9808805584907532,757.69189453125,718.514404296875,0.9991897940635681,696.4356689453125,594.744140625,0.9972510933876038,782.7407836914062,556.7401733398438,0.8797581791877747,411.931884765625,990.6514892578125,0.09325984865427017,419.427490234375,1049.23974609375,0.4662328064441681,416.8184814453125,1049.77197265625,0.6155127882957458,535.604248046875,962.4959106445312,0.41892316937446594,470.3803405761719,1076.1439208984375,0.8946087956428528,406.99127197265625,1019.19775390625,0.8741310238838196,581.89501953125,968.1781005859375,0.7077746987342834,574.0494384765625,984.9400634765625,0.08567800372838974,591.5592041015625,935.9259033203125,0.01446310244500637,772.6383056640625,872.1585693359375,0.6013019680976868,692.0686645507812,897.776123046875,0.4866301417350769
2230,84.56853485107422,114.41050720214844,0.9991995692253113,992.7608032226562,85.62068176269531,0.9998569488525391,89.0833511352539,1030.0787353515625,0.9997171759605408,1018.8444213867188,1018.3232421875,0.9988619089126587,339.5381774902344,498.36962890625,0.999116837978363,331.8571472167969,608.8247680664062,0.998751163482666,276.7074279785156,548.4501342773438,0.9986349940299988,385.807861328125,558.040771484375,0.993621289730072,717.183349609375,500.1093444824219,0.9934438467025757,755.8726806640625,718.7434692382812,0.9995808005332947,694.5364379882812,595.8513793945312,0.9941400289535522,782.4288330078125,554.205078125,0.9149100184440613,381.72760009765625,1064.9970703125,0.33570992946624756,390.7940368652344,1045.8045654296875,0.43487250804901123,389.49676513671875,1048.9676513671875,0.2796120047569275,522.7739868164062,960.75244140625,0.8691390752792358,515.9237670898438,1035.4205322265625,0.3707709312438965,421.52459716796875,976.577392578125,0.5643001794815063,564.5982666015625,999.4420166015625,0.13600829243659973,516.0162963867188,890.236083984375,0.1291201263666153,610.0078125,907.5100708007812,0.7078304886817932,769.4087524414062,867.7061767578125,0.9616812467575073,714.4217529296875,869.096923828125,0.6436316967010498
2231,85.17046356201172,115.60167694091797,0.997957706451416,995.5899047851562,84.21869659423828,0.9999514818191528,88.66007232666016,1029.4815673828125,0.9997591376304626,1021.6970825195312,1020.2794799804688,0.9978012442588806,339.7828674316406,498.0517272949219,0.9988301396369934,331.053955078125,608.5040283203125,0.9984171390533447,276.5947570800781,547.2171020507812,0.9987004995346069,386.0308837890625,555.3850708007812,0.9951581358909607,716.0680541992188,500.8099670410156,0.9943007230758667,757.3441772460938,717.6143798828125,0.9997804760932922,694.9110107421875,594.7284545898438,0.9972808361053467,782.0924682617188,550.788330078125,0.9059028625488281,361.415283203125,1048.340087890625,0.29545602202415466,386.49932861328125,1034.726806640625,0.3292192816734314,385.85260009765625,1036.730224609375,0.385088175535202,542.0513916015625,953.4042358398438,0.8060511946678162,438.8726501464844,1059.369873046875,0.9784391522407532,423.09564208984375,973.2097778320312,0.7202352285385132,581.4876098632812,967.8203735351562,0.529931366443634,596.7734985351562,950.5470581054688,0.0225446205586195,616.5283813476562,894.6893920898438,0.6776039004325867,782.31982421875,863.2420043945312,0.98334139585495,727.1119995117188,857.4513549804688,0.8032692074775696
2232,85.1607894897461,114.06143188476562,0.9994202852249146,997.1456298828125,82.0715560913086,0.999889612197876,89.90362548828125,1029.6766357421875,0.9996731281280518,1021.3922729492188,1020.0446166992188,0.9985271692276001,338.7843017578125,498.2289123535156,0.9990687966346741,331.72161865234375,608.2263793945312,0.9985139966011047,277.12762451171875,548.1029052734375,0.9991507530212402,386.18316650390625,556.92529296875,0.9942023158073425,717.5198364257812,501.2796630859375,0.9897867441177368,756.9420776367188,718.3486938476562,0.999804675579071,694.34521484375,594.7418212890625,0.9964537620544434,781.993408203125,550.234375,0.9052694439888,385.7161560058594,1009.2955932617188,0.0662105605006218,488.5579833984375,1031.6761474609375,0.7484143972396851,447.0416564941406,1054.029296875,0.08273900300264359,539.8175048828125,946.2813720703125,0.9339191317558289,530.1748657226562,1030.4483642578125,0.3394506275653839,385.9937438964844,999.55029296875,0.1935347616672516,447.0062561035156,961.990478515625,0.36324796080589294,382.19818115234375,1051.8704833984375,0.0984678789973259,367.5562438964844,1037.1572265625,0.7407062649726868,784.16015625,864.5758056640625,0.9882510304450989,712.1807861328125,855.9950561523438,0.9047819375991821
2233,84.59562683105469,117.68260955810547,0.9993294477462769,995.7836303710938,84.21329498291016,0.9997512698173523,89.00099182128906,1030.053955078125,0.9998026490211487,1021.384765625,1019.96923828125,0.9986843466758728,339.2602233886719,498.6268310546875,0.9985209107398987,331.3425598144531,609.4216918945312,0.998543381690979,277.41131591796875,546.5532836914062,0.99893718957901,386.01068115234375,557.5,0.9932475090026855,719.5386352539062,500.85357666015625,0.9917759895324707,756.5820922851562,718.6039428710938,0.999687671661377,692.1657104492188,596.6735229492188,0.9967693090438843,782.27490234375,550.7659912109375,0.9180812239646912,390.1513977050781,989.0916748046875,0.7055551409721375,426.4759216308594,979.1712646484375,0.8350818157196045,420.4584045410156,979.3726806640625,0.5867891311645508,532.4645385742188,955.89111328125,0.9129490852355957,425.1583251953125,1028.6722412109375,0.5574051737785339,475.3608703613281,931.6177978515625,0.2819574177265167,492.6099548339844,974.0570678710938,0.1469193398952484,523.1585083007812,1029.514404296875,0.04779379069805145,572.5916748046875,972.71875,0.4949886202812195,785.4420776367188,867.039306640625,0.9847004413604736,716.4315795898438,863.9254760742188,0.7568435072898865
2234,84.80853271484375,115.04573059082031,0.9989612102508545,994.7928466796875,83.97989654541016,0.9997158646583557,89.20972442626953,1029.256103515625,0.999670147895813,1022.6619873046875,1020.125244140625,0.998908519744873,338.6876220703125,498.2926025390625,0.9989249110221863,331.2636413574219,609.19482421875,0.9979865550994873,277.13055419921875,547.7435913085938,0.9991902709007263,386.7657165527344,556.732177734375,0.9950659275054932,717.477294921875,500.74237060546875,0.9923263788223267,758.5118408203125,718.5812377929688,0.9997847676277161,693.886962890625,596.2835693359375,0.9984650611877441,783.220947265625,556.2694702148438,0.8769350647926331,449.3925476074219,1085.78271484375,0.1931213140487671,409.99493408203125,952.5982666015625,0.0703243613243103,446.3412780761719,956.1240844726562,0.0755167007446289,529.76171875,970.2272338867188,0.9360471367835999,509.5521240234375,1030.444580078125,0.19385109841823578,386.31951904296875,957.7573852539062,0.9129065871238708,533.111328125,1024.0830078125,0.4188833236694336,515.6287841796875,1020.9368896484375,0.378947913646698,586.5397338867188,955.362548828125,0.4616134762763977,779.6519165039062,864.7057495117188,0.9633197784423828,718.9125366210938,874.342529296875,0.34772050380706787
2235,85.4060287475586,115.88912963867188,0.9996421337127686,993.1137084960938,83.93069458007812,0.9998224377632141,88.91510009765625,1029.4737548828125,0.9997228980064392,1022.9873046875,1019.54833984375,0.9990849494934082,336.9200744628906,498.17022705078125,0.9987001419067383,331.6343994140625,608.56494140625,0.9984667897224426,276.6986999511719,548.1032104492188,0.9990099668502808,387.16119384765625,554.629638671875,0.9943135976791382,717.005859375,501.1412353515625,0.9897846579551697,758.2880859375,718.171875,0.999737560749054,693.9046020507812,595.8214721679688,0.996293842792511,781.7056274414062,549.5634155273438,0.9297369122505188,378.5105895996094,1084.5042724609375,0.08760198205709457,411.2855224609375,1052.038330078125,0.9257938861846924,423.946044921875,1043.9228515625,0.9630669951438904,448.31854248046875,981.759033203125,0.47623613476753235,406.5610046386719,948.0978393554688,0.32620811462402344,423.9393615722656,1026.6461181640625,0.29865747690200806,524.0699462890625,1020.9314575195312,0.9774929285049438,497.3162841796875,1023.00244140625,0.7443775534629822,578.9270629882812,946.4595336914062,0.7620601654052734,788.728271484375,866.7349853515625,0.9814651608467102,723.854736328125,867.1253051757812,0.930544376373291
2236,83.6285171508789,115.77771759033203,0.9997895359992981,992.9143676757812,83.21734619140625,0.9998636245727539,89.84423065185547,1029.8817138671875,0.9996071457862854,1021.286865234375,1020.138916015625,0.9988204836845398,338.3288879394531,498.07379150390625,0.9989803433418274,330.6711120605469,610.0849609375,0.9971066117286682,276.5885314941406,548.185546875,0.9990556836128235,386.6912841796875,556.1469116210938,0.9968129992485046,718.1254272460938,501.42724609375,0.978715181350708,758.0490112304688,718.0166015625,0.9997766613960266,692.1571655273438,591.4003295898438,0.9926533699035645,783.39111328125,549.104248046875,0.8758448362350464,372.9057922363281,914.16259765625,0.7658007144927979,442.5028991699219,927.42431640625,0.7850937843322754,479.368896484375,942.3099975585938,0.8656798005104065,511.71875,964.1763916015625,0.9975704550743103,464.7198791503906,986.5647583007812,0.9651274681091309,491.53289794921875,907.6544189453125,0.9561636447906494,517.0890502929688,1028.4959716796875,0.9611577391624451,531.9222412109375,921.76220703125,0.8575395345687866,581.0025024414062,924.4810791015625,0.9906128644943237,788.3789672851562,866.5995483398438,0.9945993423461914,718.419189453125,866.6439208984375,0.9888290762901306
2237,83.90525817871094,115.84600830078125,0.9997672438621521,995.7159423828125,82.9479751586914,0.9999496936798096,87.90433502197266,1029.5535888671875,0.9996578693389893,1023.1405029296875,1018.538818359375,0.9990103244781494,337.6167907714844,498.3658447265625,0.9988914132118225,332.2146911621094,609.5010375976562,0.9973623156547546,276.0820007324219,548.2055053710938,0.9987009763717651,386.0106201171875,555.6494750976562,0.9966861605644226,713.7697143554688,500.6109924316406,0.9844598770141602,757.80712890625,718.9541625976562,0.9996131062507629,691.3673095703125,592.734130859375,0.9969195127487183,784.6033325195312,554.3243408203125,0.9405213594436646,353.6446533203125,879.2477416992188,0.9859311580657959,420.68505859375,899.8599243164062,0.8318943381309509,457.033203125,917.0549926757812,0.9312964677810669,486.8206481933594,955.8994140625,0.7403056025505066,461.1217956542969,959.390380859375,0.02035367861390114,489.0917663574219,866.177001953125,0.9075090289115906,537.3587646484375,905.364501953125,0.22292673587799072,561.828125,952.0444946289062,0.27565890550613403,402.40948486328125,996.5623779296875,0.7708322405815125,781.9593505859375,866.9071044921875,0.9662744402885437,864.8834228515625,888.8222045898438,0.09189052879810333
2238,85.10114288330078,116.70161437988281,0.999609649181366,995.6910400390625,82.30950927734375,0.9999004602432251,88.55622863769531,1030.450927734375,0.9996417760848999,1022.5755615234375,1020.7725219726562,0.9983847141265869,338.0993957519531,498.36407470703125,0.9990260601043701,331.5195617675781,609.8136596679688,0.9980167150497437,276.82904052734375,548.69287109375,0.9990583062171936,387.3929443359375,558.0296630859375,0.9968243837356567,715.8060913085938,500.270751953125,0.994492769241333,757.3402709960938,717.646484375,0.999768078327179,692.9465942382812,594.01904296875,0.9985727071762085,783.5121459960938,555.3801879882812,0.9164425134658813,313.3173522949219,858.0825805664062,0.44027671217918396,349.6972961425781,867.0630493164062,0.0787431001663208,436.7174377441406,887.7137451171875,0.5937701463699341,456.3481750488281,924.6771240234375,0.44565391540527344,406.7464904785156,941.3753051757812,0.1297353059053421,453.4266357421875,849.01123046875,0.8746005892753601,459.85211181640625,970.9242553710938,0.9378760457038879,525.4808349609375,860.659912109375,0.3108011484146118,577.7902221679688,903.8915405273438,0.9975938200950623,786.6526489257812,866.74169921875,0.9017671942710876,813.4524536132812,876.2493896484375,0.05069813132286072
2239,84.71688079833984,115.05571746826172,0.9990620017051697,997.41943359375,81.87001037597656,0.9999426603317261,88.12452697753906,1029.715576171875,0.9997121691703796,1022.5843505859375,1021.0634765625,0.9993746876716614,338.3277282714844,498.20428466796875,0.9990431666374207,330.5086975097656,608.1475219726562,0.9977268576622009,276.3564147949219,547.7903442382812,0.9986284971237183,387.0240173339844,558.3950805664062,0.9965117573738098,714.5951538085938,500.6973876953125,0.9879206418991089,758.9114379882812,717.6254272460938,0.9997757077217102,693.5015869140625,594.20654296875,0.9985764026641846,784.2904663085938,557.1514282226562,0.9297776222229004,274.4092102050781,842.6630249023438,0.9859234094619751,371.50433349609375,857.9976196289062,0.9456697702407837,401.93548583984375,869.7685546875,0.9949014186859131,474.75311279296875,903.1128540039062,0.9806578159332275,408.84014892578125,929.9287719726562,0.2756965458393097,432.1210021972656,848.2645874023438,0.9602279663085938,513.9237670898438,959.030517578125,0.5274240374565125,521.7176513671875,863.450439453125,0.9180961847305298,574.6646728515625,904.1944580078125,0.9980912804603577,780.8173217773438,864.7028198242188,0.9009379744529724,832.5274047851562,886.9295043945312,0.09104984998703003
2240,85.17494201660156,114.6938247680664,0.999437153339386,996.7855834960938,82.80799865722656,0.9999285936355591,88.97252655029297,1029.7586669921875,0.999738872051239,1022.5518188476562,1020.5264892578125,0.9978958368301392,337.4295654296875,498.18328857421875,0.9992307424545288,331.0655822753906,609.1253051757812,0.9978324770927429,276.25634765625,549.1328125,0.9990795850753784,386.76409912109375,558.1058959960938,0.9967543482780457,716.6992797851562,501.0606384277344,0.9932356476783752,757.6106567382812,717.4505004882812,0.9997960925102234,694.989501953125,596.979248046875,0.9981254935264587,783.48095703125,555.075927734375,0.9407696723937988,252.06602478027344,835.1920776367188,0.996397078037262,341.8199768066406,848.9271850585938,0.9913529753684998,376.84722900390625,854.3911743164062,0.9037909507751465,467.6204528808594,885.8046875,0.9908761382102966,388.1534729003906,920.27099609375,0.8412350416183472,412.2774963378906,828.31103515625,0.7156776189804077,470.8172607421875,946.17138671875,0.8572417497634888,530.1571655273438,850.1715698242188,0.9883687496185303,573.9352416992188,905.48828125,0.989538311958313,791.7493286132812,867.8834838867188,0.8687835931777954,878.1270141601562,820.6778564453125,0.05597345903515816
2241,83.6902847290039,115.60403442382812,0.999496340751648,996.7715454101562,82.6711654663086,0.9999736547470093,89.19486236572266,1029.3253173828125,0.9995765089988708,1024.04931640625,1020.2216186523438,0.999121367931366,338.8404846191406,498.0943298339844,0.9989578723907471,329.7657775878906,608.2215576171875,0.9975436329841614,276.3021240234375,547.0899658203125,0.9986535310745239,386.44537353515625,558.3651733398438,0.9953033924102783,717.3988647460938,500.8533630371094,0.9974148273468018,757.8351440429688,716.8036499023438,0.9997928738594055,695.8305053710938,595.4859619140625,0.9986494183540344,784.9840087890625,554.6417236328125,0.6525823473930359,239.6874237060547,854.0604858398438,0.8509702086448669,323.8120422363281,850.7738647460938,0.9970935583114624,356.73779296875,852.7535400390625,0.9814314842224121,465.6881408691406,876.1441040039062,0.8371095061302185,388.15338134765625,915.779296875,0.6221017837524414,392.6896667480469,825.4528198242188,0.8441721796989441,462.6331481933594,932.6531982421875,0.8877036571502686,531.228271484375,848.7494506835938,0.9966997504234314,574.0537719726562,904.36572265625,0.9985837936401367,786.146728515625,865.8704833984375,0.971129834651947,885.378662109375,884.8436889648438,0.060890667140483856
2242,84.74087524414062,116.04180145263672,0.9994803071022034,996.5204467773438,83.62899780273438,0.9999594688415527,90.23197937011719,1030.4398193359375,0.9995371103286743,1021.671875,1020.9549560546875,0.9989105463027954,338.5720520019531,498.3528747558594,0.9992700219154358,330.36761474609375,608.0392456054688,0.9981182813644409,277.18798828125,546.63427734375,0.9986690282821655,386.5894470214844,556.6023559570312,0.9955293536186218,716.5556640625,501.5812072753906,0.9975630044937134,758.8796997070312,716.841064453125,0.999626636505127,693.7758178710938,596.0977783203125,0.9969327449798584,783.9921264648438,554.7869262695312,0.8749471306800842,241.2676544189453,884.142333984375,0.9916380047798157,335.2014465332031,869.496826171875,0.9625082612037659,367.0051574707031,862.9398193359375,0.9278256297111511,472.1578674316406,875.137451171875,0.9642388224601746,393.4561462402344,925.9915771484375,0.8453220129013062,396.6682434082031,825.98583984375,0.7869179844856262,478.0567932128906,929.5265502929688,0.8092190027236938,527.4016723632812,846.3529052734375,0.9908469319343567,568.363037109375,907.3140258789062,0.9950072765350342,715.2113647460938,859.7630004882812,0.910536527633667,825.3790893554688,876.1439208984375,0.9957629442214966
2243,84.01066589355469,115.61579895019531,0.9997113347053528,996.7167358398438,84.36467742919922,0.9999402761459351,90.29573059082031,1029.607421875,0.999619722366333,1022.5215454101562,1021.211669921875,0.997878909111023,337.4972839355469,498.0361328125,0.9993983507156372,329.9546813964844,608.5556640625,0.9982432126998901,276.2030944824219,549.1465454101562,0.9968520998954773,385.69891357421875,554.750244140625,0.9953848719596863,717.1190185546875,501.2999572753906,0.9977243542671204,756.9420166015625,715.8724975585938,0.9997515082359314,693.8212890625,595.5587158203125,0.9984830021858215,783.5912475585938,553.9747924804688,0.9188821315765381,246.97866821289062,922.4481811523438,0.9559243321418762,334.97052001953125,902.2640991210938,0.9649887084960938,372.8849182128906,896.887451171875,0.913073718547821,468.64898681640625,885.125,0.8700873851776123,392.24639892578125,946.1768798828125,0.895960807800293,416.9462585449219,839.72705078125,0.1859336644411087,490.3642578125,942.6932983398438,0.945249080657959,523.7985229492188,850.81982421875,0.9835965633392334,565.3709716796875,913.1403198242188,0.9938667416572571,782.4561767578125,868.2403564453125,0.9849928617477417,129.4478759765625,499.2592468261719,0.07562514394521713
2244,85.0828628540039,116.08242797851562,0.9997571110725403,995.9275512695312,83.15030670166016,0.9999319314956665,89.35596466064453,1030.877685546875,0.999648928642273,1022.6173095703125,1021.2501831054688,0.9982000589370728,338.283447265625,497.9739074707031,0.9989332556724548,330.05584716796875,608.7255249023438,0.9990124702453613,276.26336669921875,548.4832763671875,0.9974234104156494,385.805908203125,554.6300048828125,0.9963645339012146,714.415283203125,500.854248046875,0.9978284239768982,757.1405639648438,714.8699951171875,0.9997958540916443,693.3590087890625,596.4165649414062,0.998573899269104,783.2831420898438,556.1448364257812,0.8985174298286438,270.167236328125,965.3729248046875,0.9182637333869934,341.8354797363281,925.16064453125,0.9168148040771484,372.8863525390625,929.7017211914062,0.9488236904144287,461.8948059082031,891.0380859375,0.5606039762496948,386.8462829589844,975.8037719726562,0.13381415605545044,383.63812255859375,862.4653930664062,0.06290888041257858,501.0011901855469,951.7679443359375,0.7805406451225281,525.2894897460938,854.1881103515625,0.3601386845111847,562.7064208984375,910.6143188476562,0.9990319013595581,653.4493408203125,895.203125,0.95160973072052,129.2965087890625,498.96429443359375,0.049201641231775284
2245,84.50227355957031,116.58092498779297,0.9998447895050049,997.5904541015625,84.67448425292969,0.9999431371688843,90.02969360351562,1029.1290283203125,0.9997017979621887,1019.4419555664062,1021.927734375,0.9984446167945862,338.09197998046875,497.8204040527344,0.9988804459571838,329.79156494140625,608.8017578125,0.9992740750312805,276.2154541015625,546.1691284179688,0.9950386881828308,384.9008483886719,555.24560546875,0.9978607296943665,714.1738891601562,500.6948547363281,0.9930461049079895,758.2616577148438,715.5877685546875,0.999750554561615,693.4271850585938,597.8623046875,0.998327910900116,782.3726806640625,559.6841430664062,0.9228453636169434,245.2454833984375,1005.8826904296875,0.33145418763160706,314.9576721191406,979.7898559570312,0.3995463252067566,350.3260803222656,977.0390014648438,0.9829502105712891,451.3305358886719,911.3529052734375,0.8833566904067993,357.78973388671875,1015.2348022460938,0.4257975220680237,294.446533203125,935.0440063476562,0.36252468824386597,506.6454772949219,964.8861694335938,0.7813565731048584,521.9237670898438,879.6806030273438,0.766146183013916,541.9650268554688,921.6630249023438,0.16548340022563934,652.6964111328125,898.0635375976562,0.7237141728401184,843.3923950195312,855.4804077148438,0.2555701434612274
2246,84.99717712402344,115.32763671875,0.9995194673538208,996.88916015625,82.78275299072266,0.9999451637268066,90.05587768554688,1030.0303955078125,0.9995543360710144,1019.8341674804688,1020.2892456054688,0.9984325766563416,338.1227111816406,497.8551940917969,0.9993230104446411,330.43450927734375,608.1769409179688,0.9985357522964478,276.3997802734375,547.1074829101562,0.9978542923927307,385.1141052246094,555.10791015625,0.997255265712738,717.0000610351562,501.1562194824219,0.9924842715263367,757.1134033203125,715.6207275390625,0.9998014569282532,693.7584228515625,598.5557861328125,0.9986563920974731,782.1494140625,556.0580444335938,0.8550974726676941,221.1243896484375,1029.28857421875,0.9536569714546204,319.5941467285156,984.102294921875,0.9900854825973511,351.0243225097656,966.5856323242188,0.9259791374206543,437.7215270996094,923.3411254882812,0.9827359914779663,399.5566101074219,1010.7579345703125,0.02141817845404148,352.9103088378906,910.8141479492188,0.34366750717163086,494.5201721191406,969.8251953125,0.8414211869239807,428.1053771972656,1004.7953491210938,0.5419670343399048,540.85693359375,907.4298095703125,0.9966938495635986,650.6148681640625,894.2908325195312,0.7929084897041321,812.5264282226562,846.8251342773438,0.43249860405921936
2247,85.52671813964844,115.81541442871094,0.9998248219490051,996.0535888671875,84.04047393798828,0.9999208450317383,89.47435760498047,1031.392578125,0.9993926286697388,1019.9498291015625,1020.849365234375,0.9982331991195679,339.3351135253906,498.0061340332031,0.9992838501930237,332.108154296875,609.3048095703125,0.998711109161377,276.9423522949219,546.9508056640625,0.9973638653755188,385.8758239746094,555.959716796875,0.9971166849136353,715.7064208984375,501.03387451171875,0.9951274394989014,756.7955322265625,716.1973876953125,0.9996805191040039,694.0191650390625,597.0205688476562,0.9984765648841858,782.5116577148438,557.6148071289062,0.9275092482566833,183.11778259277344,994.3995971679688,0.04558389261364937,279.6275939941406,992.281005859375,0.9936257600784302,309.7933349609375,981.0677490234375,0.9919710159301758,406.20440673828125,935.0661010742188,0.48574429750442505,214.09017944335938,1041.7950439453125,0.0898122563958168,296.5260314941406,922.0570068359375,0.906563401222229,474.0938720703125,971.4804077148438,0.9759351015090942,397.3190002441406,1006.9343872070312,0.864757239818573,522.5386352539062,910.4899291992188,0.997760534286499,648.61572265625,893.212646484375,0.9687962532043457,775.8336181640625,867.2538452148438,0.1136949211359024
2248,83.36911010742188,114.91947937011719,0.9993976354598999,994.758056640625,85.00201416015625,0.9998067021369934,89.32500457763672,1028.838623046875,0.9983009696006775,1018.72314453125,1020.8287963867188,0.9975289702415466,336.1344909667969,496.8542175292969,0.9980311989784241,332.8870544433594,610.2044067382812,0.9980437755584717,275.9266662597656,550.0435791015625,0.9983286261558533,386.551025390625,553.4848022460938,0.995884120464325,717.3112182617188,501.03741455078125,0.9974373579025269,757.193359375,716.158447265625,0.9997656941413879,694.4102783203125,596.6170043945312,0.9986526966094971,781.085205078125,550.9974365234375,0.6932781934738159,125.99925231933594,985.2723388671875,0.4840737581253052,227.26718139648438,974.4758911132812,0.911262035369873,256.6767883300781,967.868408203125,0.9826181530952454,378.838623046875,940.413330078125,0.1476023644208908,285.6778259277344,1011.3353271484375,0.27471908926963806,263.29888916015625,915.260009765625,0.9656770825386047,269.0704650878906,907.7000122070312,0.1983034759759903,470.04595947265625,982.014892578125,0.01171847339719534,493.94012451171875,911.95947265625,0.9703217148780823,633.7953491210938,895.4530639648438,0.6945530772209167,784.5791625976562,866.9901123046875,0.6830809712409973
2249,86.5155029296875,117.1834487915039,0.9996623992919922,996.0438842773438,82.814453125,0.9998036026954651,-0.40181589126586914,1049.8756103515625,0.026795489713549614,1019.3678588867188,1019.2686157226562,0.9981896281242371,337.61444091796875,497.72088623046875,0.9992285966873169,330.9248046875,609.50048828125,0.9986218214035034,275.9670104980469,549.6848754882812,0.9985584616661072,387.2192687988281,555.7620849609375,0.9981879591941833,718.9754028320312,501.6080322265625,0.9973211884498596,758.0115356445312,717.9318237304688,0.9997746348381042,693.8674926757812,595.8295288085938,0.9990733861923218,786.6004028320312,576.9641723632812,0.8139135241508484,18.245492935180664,1003.0128173828125,0.6896072030067444,168.36630249023438,983.6004028320312,0.7226144075393677,83.95865631103516,992.918701171875,0.8468940258026123,339.6142578125,927.760498046875,0.887087881565094,265.19451904296875,1007.4257202148438,0.18832287192344666,122.44146728515625,953.133056640625,0.8256401419639587,396.9711608886719,977.1283569335938,0.7020888328552246,378.91571044921875,861.7968139648438,0.07350769639015198,446.0135498046875,923.8005981445312,0.7377220392227173,540.2443237304688,912.2949829101562,0.8990845680236816,723.7366943359375,869.4404907226562,0.6762943863868713
2250,84.3899917602539,115.8200912475586,0.999458372592926,995.104248046875,85.16545867919922,0.9999415874481201,4.376673698425293,1040.141845703125,0.27090683579444885,1021.2819213867188,1019.0197143554688,0.9992471933364868,338.1144714355469,498.1419982910156,0.9989155530929565,331.1996765136719,609.25927734375,0.998563826084137,276.4972839355469,546.9930419921875,0.998795747756958,387.03875732421875,555.6627807617188,0.9954890608787537,717.1287841796875,502.6549377441406,0.995503842830658,756.0643310546875,717.1959228515625,0.9997928738594055,694.1389770507812,597.2249145507812,0.9984914064407349,784.9637451171875,568.9063720703125,0.8972169756889343,3.763395309448242,993.0239868164062,0.05454352870583534,75.71028900146484,981.0902099609375,0.9757704734802246,112.11212158203125,975.1217041015625,0.9485361576080322,230.61102294921875,933.1694946289062,0.7288098335266113,141.03814697265625,1016.8169555664062,0.8862825036048889,102.98954772949219,917.2669067382812,0.9844456315040588,245.2281036376953,990.692626953125,0.11604326218366623,282.79974365234375,887.1087036132812,0.09486521780490875,331.9861755371094,946.8096923828125,0.1667385846376419,330.8030700683594,949.65673828125,0.06602340936660767,405.2783508300781,968.6021118164062,0.6172046661376953
2251,83.69208526611328,116.9269790649414,0.999526858329773,995.89794921875,86.24034881591797,0.9997411370277405,61.97882080078125,1017.6886596679688,0.03579825907945633,1020.3383178710938,1022.2901611328125,0.9989871382713318,338.1364440917969,498.39154052734375,0.9991104006767273,331.92852783203125,609.37255859375,0.9989805817604065,276.68853759765625,547.7166748046875,0.9988687634468079,386.852783203125,555.1746826171875,0.9960185885429382,716.367919921875,500.6937561035156,0.9944986701011658,758.7982177734375,717.0867309570312,0.9996516704559326,691.8595581054688,595.7354736328125,0.9975922107696533,786.4175415039062,569.046875,0.9481713175773621,0.10506176948547363,907.0591430664062,0.03300521522760391,6.299797058105469,961.895263671875,0.471296489238739,35.649749755859375,957.1798095703125,0.8727837204933167,177.39309692382812,937.0460205078125,0.9569815993309021,55.633262634277344,996.5775756835938,0.9253711700439453,88.93656921386719,901.621826171875,0.3349105715751648,215.46726989746094,1017.8826293945312,0.6284006237983704,247.1417999267578,899.6917724609375,0.8610556125640869,267.72027587890625,956.0638427734375,0.2970832884311676,420.5389709472656,962.7893676757812,0.4004662334918976,420.1899719238281,960.7952880859375,0.8869591951370239
2252,83.86978912353516,117.35236358642578,0.9998811483383179,997.6842041015625,84.13410949707031,0.9998296499252319,38.1332893371582,1062.40625,0.062140755355358124,1023.82666015625,1022.4276733398438,0.9973268508911133,338.0290222167969,497.90338134765625,0.9993108510971069,332.0442199707031,608.92236328125,0.9990737438201904,276.8358459472656,547.3970947265625,0.9987181425094604,386.81622314453125,555.6468505859375,0.9942235350608826,716.434814453125,501.5042419433594,0.9961434602737427,757.3391723632812,717.0645751953125,0.9996457099914551,695.7911376953125,596.9647216796875,0.998082160949707,786.6513671875,570.2799072265625,0.9452325701713562,-0.34283924102783203,862.1293334960938,0.0097729517146945,3.8977413177490234,942.8739013671875,0.8443595170974731,36.27051544189453,933.840087890625,0.8551786541938782,137.3418731689453,919.5704345703125,0.994191586971283,65.36040496826172,973.1918334960938,0.9386114478111267,71.11312866210938,864.828125,0.9905706644058228,161.75387573242188,985.0113525390625,0.35899773240089417,188.6426544189453,878.4894409179688,0.968582272529602,234.30630493164062,924.4485473632812,0.2785673439502716,317.29827880859375,919.3998413085938,0.8837343454360962,402.8968200683594,900.1600952148438,0.881689190864563
2253,86.35710906982422,115.74063110351562,0.9997324347496033,995.926513671875,85.87000274658203,0.9999408721923828,85.72273254394531,1024.4012451171875,0.7351242303848267,1020.3784790039062,1021.1019897460938,0.9988706707954407,337.27484130859375,497.53961181640625,0.9986203908920288,333.26080322265625,609.6820068359375,0.9985970854759216,276.8753967285156,548.5220947265625,0.9970544576644897,387.0721435546875,556.56494140625,0.9962285757064819,718.0650634765625,501.13311767578125,0.9950584173202515,756.5523071289062,717.2799682617188,0.9998078942298889,695.5062866210938,596.309326171875,0.9985530972480774,787.4080200195312,577.2421264648438,0.8104650974273682,2.0990774631500244,856.291748046875,0.021232111379504204,8.986459732055664,931.5770874023438,0.689246416091919,58.01338195800781,901.7152099609375,0.4747607111930847,141.55203247070312,913.6193237304688,0.9955114126205444,74.20904541015625,952.3010864257812,0.7207520008087158,76.08244323730469,851.4535522460938,0.9654526710510254,182.690673828125,955.1096801757812,0.9222153425216675,185.7266082763672,866.4978637695312,0.973622739315033,239.98263549804688,905.4305419921875,0.9978410005569458,387.1354675292969,908.0662841796875,0.9520358443260193,578.62255859375,908.013671875,0.7822906374931335
2254,83.91511535644531,115.15251922607422,0.9996753931045532,993.6493530273438,86.64561462402344,0.9999576807022095,89.43719482421875,1023.80078125,0.6167858242988586,1019.1060180664062,1021.1182861328125,0.998976469039917,336.5517883300781,498.275146484375,0.9990190267562866,332.2117614746094,610.069580078125,0.9977343082427979,276.78387451171875,548.5099487304688,0.9980360865592957,387.0812072753906,556.6605834960938,0.9955816864967346,718.0339965820312,499.13006591796875,0.9974880218505859,756.0864868164062,717.618408203125,0.9998849630355835,694.486572265625,597.1792602539062,0.9985669255256653,785.7498168945312,566.7709350585938,0.8204551339149475,1.3888704776763916,835.962890625,0.03558135777711868,8.851542472839355,862.7832641601562,0.7092735767364502,31.8375301361084,924.46337890625,0.5270633101463318,155.94076538085938,889.2589721679688,0.9983108043670654,65.07132720947266,957.6159057617188,0.44142669439315796,69.4326171875,848.63427734375,0.9408880472183228,168.8036651611328,937.4249877929688,0.018513813614845276,195.16246032714844,848.7918090820312,0.9925267696380615,247.1922149658203,897.7545166015625,0.9972246885299683,400.9377746582031,899.7700805664062,0.8848604559898376,154.2291717529297,1016.13916015625,0.6830053329467773
2255,85.17720794677734,117.22471618652344,0.9989979863166809,995.4933471679688,85.39984130859375,0.9999192953109741,85.8953628540039,1024.7552490234375,0.45785707235336304,1022.6754150390625,1019.7215576171875,0.9995784163475037,336.8507995605469,497.8097839355469,0.9989442229270935,333.1996765136719,610.3489990234375,0.9975169897079468,276.8511047363281,548.942138671875,0.9986286163330078,386.5595397949219,555.2651977539062,0.9965360164642334,718.41064453125,500.1112976074219,0.9962953925132751,757.6592407226562,717.5137329101562,0.999864935874939,694.1390380859375,595.5667724609375,0.9974269270896912,785.2730712890625,568.7064208984375,0.9268726110458374,1.0963444709777832,834.16015625,0.10392124950885773,14.641446113586426,854.0667724609375,0.5030171275138855,23.318878173828125,922.11865234375,0.20462895929813385,157.8350067138672,899.8465576171875,0.9965489506721497,79.55338287353516,956.7195434570312,0.5142368674278259,80.36691284179688,844.4328002929688,0.9864649772644043,193.43093872070312,939.33447265625,0.48841750621795654,190.54930114746094,854.0853881835938,0.9478586912155151,251.36843872070312,898.2111206054688,0.9987828135490417,402.1281433105469,903.4853515625,0.830207884311676,579.3956298828125,913.5953979492188,0.5645608901977539
2256,83.6354751586914,117.39478302001953,0.9997678399085999,997.6183471679688,83.95964813232422,0.9999291896820068,94.613525390625,1026.6627197265625,0.22821936011314392,1021.3268432617188,1020.6259765625,0.9989603757858276,336.54833984375,497.8916015625,0.9991586208343506,333.73797607421875,610.4743041992188,0.9971509575843811,276.72784423828125,548.99755859375,0.998233437538147,385.81280517578125,555.8956909179688,0.9963235855102539,718.0198974609375,500.4081115722656,0.9983007311820984,757.5888061523438,717.1094360351562,0.9998792409896851,693.46533203125,595.032958984375,0.9972342848777771,785.4794311523438,568.9164428710938,0.9332330822944641,1.4132952690124512,854.3871459960938,0.02128507010638714,12.019505500793457,859.8072509765625,0.865838885307312,12.76071548461914,863.9779052734375,0.29310911893844604,154.8799591064453,907.8735961914062,0.9938867688179016,66.43792724609375,958.9367065429688,0.9519484639167786,80.64271545410156,852.9430541992188,0.9074912071228027,179.2762451171875,945.0460815429688,0.5907158255577087,182.81898498535156,849.7139892578125,0.9718242287635803,246.39739990234375,898.769287109375,0.9984992742538452,398.37786865234375,901.1002807617188,0.812404990196228,535.5413818359375,932.5570068359375,0.3964342176914215
2257,85.54964447021484,119.94496154785156,0.9987624883651733,997.468505859375,83.68990325927734,0.999874472618103,170.0367889404297,1024.8231201171875,0.1607273817062378,1019.3314208984375,1018.811279296875,0.9995330572128296,335.5228271484375,497.9005432128906,0.9994957447052002,332.3008728027344,609.7424926757812,0.9976500868797302,276.4346618652344,547.6753540039062,0.9986737966537476,385.8495788574219,553.8560180664062,0.9948839545249939,719.1506958007812,499.0873107910156,0.983231782913208,757.4717407226562,717.6115112304688,0.9998078942298889,689.2703247070312,592.4269409179688,0.996479332447052,787.891357421875,569.8359985351562,0.9797645807266235,1.4800219535827637,870.0669555664062,0.04400336369872093,31.629154205322266,887.2069702148438,0.5160840153694153,51.88153839111328,895.1576538085938,0.4808777868747711,157.1820526123047,912.2244873046875,0.174358069896698,12.421042442321777,1005.0491333007812,0.6647125482559204,84.11051177978516,869.0794067382812,0.9030691981315613,177.65650939941406,936.210693359375,0.17591972649097443,193.8363037109375,857.7550659179688,0.4107116460800171,240.7974090576172,903.132080078125,0.9941405653953552,401.49029541015625,901.6939086914062,0.8998266458511353,575.0164794921875,918.70654296875,0.7959126234054565
2258,83.31168365478516,115.36043548583984,0.9998499155044556,997.4227294921875,83.78534698486328,0.9999417066574097,2.533534526824951,1082.8916015625,0.04021482169628143,1021.6598510742188,1018.8419189453125,0.9991242289543152,335.806640625,497.9231262207031,0.9987506866455078,332.0671691894531,609.3231201171875,0.9977132081985474,276.1746520996094,547.2383422851562,0.9986156225204468,386.10565185546875,553.6995239257812,0.9951080679893494,719.5101928710938,500.25311279296875,0.9919418096542358,756.8524780273438,717.2747802734375,0.9998502731323242,692.1995239257812,593.2904663085938,0.9967273473739624,787.260498046875,571.1015625,0.968326985836029,1.1935529708862305,922.6129760742188,0.014776388183236122,25.132213592529297,908.3216552734375,0.40766850113868713,36.17123794555664,921.7819213867188,0.6574800610542297,145.7833709716797,923.8678588867188,0.9897541403770447,70.044189453125,974.4657592773438,0.3950473964214325,86.09038543701172,871.4411010742188,0.7397634983062744,183.6970672607422,956.6592407226562,0.8887372612953186,183.92723083496094,864.2069702148438,0.8866940140724182,244.4389190673828,906.8569946289062,0.998730480670929,426.68780517578125,912.0697631835938,0.9441520571708679,578.5711669921875,919.028564453125,0.5480135083198547
2259,83.51163482666016,115.79338836669922,0.9998403787612915,995.16796875,84.6336669921875,0.9998652935028076,2.255908727645874,1084.4200439453125,0.04015122354030609,1020.8106079101562,1019.6150512695312,0.9987851977348328,336.4335021972656,497.71978759765625,0.9989573955535889,332.26025390625,609.593017578125,0.9974370002746582,276.44207763671875,547.324462890625,0.9983243346214294,385.5264587402344,555.9544677734375,0.9955062866210938,720.743408203125,500.9979553222656,0.996056318283081,758.9822998046875,717.592041015625,0.9998395442962646,692.7218017578125,591.2277221679688,0.9950969815254211,786.8727416992188,575.284912109375,0.9607632160186768,-1.027895450592041,1069.138671875,0.05628490820527077,43.353355407714844,916.7803344726562,0.04941200464963913,88.41053009033203,897.4308471679688,0.461579829454422,157.0142822265625,911.1162109375,0.9728076457977295,74.69842529296875,967.1443481445312,0.20686911046504974,104.92277526855469,872.251708984375,0.9413888454437256,188.466796875,966.19677734375,0.6758654117584229,190.46617126464844,867.8132934570312,0.9870311617851257,239.0087890625,911.9961547851562,0.9982423782348633,369.90618896484375,910.7728881835938,0.6770856976509094,426.390625,489.2555236816406,0.2818610668182373
2260,84.23566436767578,118.4936294555664,0.9998494386672974,998.03271484375,84.19832611083984,0.9999103546142578,192.95933532714844,1026.322998046875,0.7999172210693359,1021.0009765625,1019.833740234375,0.9993653893470764,336.82464599609375,497.8079528808594,0.9984778761863708,332.1988830566406,608.8206787109375,0.9980846643447876,276.9634094238281,548.3974609375,0.999022364616394,386.8962707519531,556.0044555664062,0.9936912059783936,721.024658203125,500.4711608886719,0.9933345317840576,759.619873046875,717.2272338867188,0.9998314380645752,694.0048828125,597.3642578125,0.9977924823760986,788.047119140625,573.7120361328125,0.9542917609214783,6.797258377075195,1071.518798828125,0.06255318969488144,4.44462776184082,1043.5147705078125,0.014550791122019291,48.77653884887695,1033.557373046875,0.15674671530723572,136.99949645996094,921.941162109375,0.8634241223335266,13.795219421386719,1084.270263671875,0.2345280796289444,3.6553988456726074,978.9061889648438,0.2459963709115982,180.09083557128906,957.8013305664062,0.89925616979599,187.9174041748047,871.5142211914062,0.8012555241584778,236.5484619140625,910.4674072265625,0.9959539175033569,434.1546630859375,917.6484375,0.9841046929359436,424.3791198730469,489.7830505371094,0.37957248091697693
2261,83.82183074951172,117.1631088256836,0.9997422099113464,995.7532348632812,84.2551040649414,0.9999517202377319,204.5733642578125,1028.11865234375,0.9769445657730103,1021.467041015625,1019.7425537109375,0.9988351464271545,337.5039978027344,497.50091552734375,0.9982768297195435,331.8271484375,608.626220703125,0.9979627132415771,277.0092468261719,547.7139282226562,0.9990457892417908,386.4808044433594,557.4856567382812,0.994527280330658,716.8823852539062,502.22271728515625,0.9979739785194397,758.77197265625,716.0180053710938,0.9998692274093628,692.7493896484375,592.8899536132812,0.9952746629714966,785.47607421875,574.0075073242188,0.9642007350921631,103.81449127197266,1076.7174072265625,0.08207910507917404,59.740928649902344,1045.17041015625,0.7493780255317688,75.6109390258789,1002.9308471679688,0.9857096672058105,119.4461669921875,928.6177368164062,0.988237202167511,114.04783630371094,1032.6580810546875,0.9030579924583435,2.8265109062194824,993.2791137695312,0.7075841426849365,178.4004669189453,954.1281127929688,0.9926695823669434,127.46711730957031,857.4165649414062,0.9107351899147034,216.1705780029297,910.048095703125,0.9722945094108582,439.1650695800781,921.6099853515625,0.8103746771812439,427.2264404296875,492.13812255859375,0.1908593475818634
2262,85.7642822265625,115.28964233398438,0.9997052550315857,997.051513671875,83.67037963867188,0.9999092817306519,204.3942108154297,1025.572021484375,0.5328781008720398,1021.1941528320312,1019.4110107421875,0.9981221556663513,335.94110107421875,497.0296630859375,0.9980130195617676,332.2176818847656,608.2661743164062,0.9977155923843384,276.8754577636719,548.35400390625,0.9990065693855286,386.2698059082031,557.7764892578125,0.994929313659668,719.59423828125,501.1856384277344,0.9954270124435425,758.3135986328125,717.41650390625,0.999835729598999,692.8566284179688,594.218017578125,0.9973189234733582,786.489990234375,582.212890625,0.9684907793998718,130.4701385498047,875.91650390625,0.09284470975399017,27.02886390686035,1042.1749267578125,0.10757910460233688,71.86447143554688,1006.694091796875,0.36533331871032715,110.4968490600586,947.4041748046875,0.9409698843955994,105.78854370117188,1043.5599365234375,0.8689446449279785,31.097900390625,943.212890625,0.2354017198085785,169.2899627685547,963.0593872070312,0.9369359612464905,121.99562072753906,871.4517211914062,0.6412757635116577,211.36854553222656,922.4595336914062,0.9918835163116455,336.9233093261719,920.3369140625,0.6738514304161072,447.3727722167969,927.0429077148438,0.3614743947982788
2263,85.48493957519531,114.57477569580078,0.9994379878044128,993.9442138671875,84.30772399902344,0.9999592304229736,192.0760955810547,1025.9005126953125,0.8812442421913147,1020.0568237304688,1020.7219848632812,0.9991611242294312,337.8231506347656,498.3056640625,0.9991466999053955,331.042236328125,608.8831176757812,0.9975308775901794,277.20220947265625,547.548095703125,0.9992377758026123,386.0857849121094,558.1251831054688,0.9971379041671753,720.8486328125,500.7059020996094,0.9963617920875549,758.467529296875,718.4760131835938,0.9997585415840149,694.9089965820312,595.1110229492188,0.9974913597106934,785.7033081054688,580.635986328125,0.9222207069396973,180.20639038085938,944.1414794921875,0.033005788922309875,50.71999740600586,1064.431640625,0.016551468521356583,25.445430755615234,1020.9049682617188,0.05951043590903282,105.22005462646484,954.6489868164062,0.9939287900924683,76.07421875,1039.5335693359375,0.9412669539451599,1.1067023277282715,987.1167602539062,0.271263062953949,160.99493408203125,976.7929077148438,0.9587867856025696,162.28907775878906,898.2962036132812,0.16985580325126648,199.09121704101562,935.3244018554688,0.9989911913871765,372.20623779296875,918.7435913085938,0.47376200556755066,493.1736755371094,929.3605346679688,0.6709349751472473
2264,84.75028228759766,116.7198486328125,0.9993249177932739,993.160888671875,84.77365112304688,0.9999172687530518,192.72537231445312,1024.8212890625,0.9927646517753601,1021.7498168945312,1019.9745483398438,0.9980471134185791,338.1718444824219,497.64599609375,0.9988546371459961,330.10888671875,607.7129516601562,0.9977940320968628,276.97589111328125,546.7451171875,0.9990647435188293,385.99420166015625,558.2677001953125,0.9950006604194641,719.4899291992188,501.4029541015625,0.9960190653800964,758.4169921875,718.6061401367188,0.9997962117195129,695.885498046875,594.5782470703125,0.9974639415740967,783.3916015625,556.1572875976562,0.7007941603660583,122.6072006225586,853.2454223632812,0.08780048787593842,16.25035858154297,1006.143798828125,0.07219536602497101,49.58731460571289,1034.598876953125,0.15747056901454926,109.0600357055664,953.4000244140625,0.9935092329978943,89.74441528320312,1052.68701171875,0.7499563694000244,6.521651268005371,968.2858276367188,0.14896908402442932,163.30685424804688,971.8338012695312,0.9860678315162659,120.4901351928711,874.8523559570312,0.21787157654762268,204.79652404785156,925.3807983398438,0.927370548248291,310.48834228515625,921.7477416992188,0.7550128698348999,416.388671875,914.9885864257812,0.8786429166793823
2265,83.95809173583984,116.05130767822266,0.9997642636299133,996.97265625,83.85397338867188,0.9999257326126099,189.62477111816406,1025.1259765625,0.9877634644508362,1022.5930786132812,1020.4522705078125,0.9985602498054504,337.58489990234375,498.1552429199219,0.9993259906768799,330.48687744140625,607.5094604492188,0.996193528175354,277.4369812011719,547.2552490234375,0.9991238713264465,386.21832275390625,556.89306640625,0.9973172545433044,720.8916015625,500.7524719238281,0.9962192177772522,759.6060180664062,717.6082153320312,0.999768078327179,696.4212646484375,594.653564453125,0.9961804151535034,788.3871459960938,580.8030395507812,0.8915150165557861,124.24297332763672,865.357421875,0.09120577573776245,42.017356872558594,1066.361328125,0.05018164590001106,18.88349151611328,1042.4383544921875,0.3790544867515564,115.06095123291016,948.736328125,0.9955077171325684,81.33344268798828,1051.7255859375,0.9811033010482788,24.28260612487793,957.1981201171875,0.17474201321601868,165.40890502929688,968.6906127929688,0.9761784672737122,115.85222625732422,869.0459594726562,0.3413877785205841,211.04811096191406,920.1242065429688,0.9902125000953674,307.02349853515625,922.5545043945312,0.9407614469528198,408.9053955078125,912.8460083007812,0.9716535806655884
2266,82.6811294555664,116.06451416015625,0.9995661377906799,997.3829345703125,87.02183532714844,0.9999070167541504,190.52703857421875,1024.750732421875,0.9837117791175842,1021.3521118164062,1019.8798217773438,0.9987970590591431,338.7756652832031,497.58233642578125,0.9990099668502808,331.7770080566406,608.0097045898438,0.9980059266090393,276.8879699707031,547.8732299804688,0.999445378780365,387.44293212890625,555.8409423828125,0.9970183372497559,720.7033081054688,502.0198669433594,0.9895825386047363,759.7205810546875,718.4383544921875,0.9997751116752625,692.2314453125,593.079833984375,0.9984594583511353,785.3789672851562,571.3713989257812,0.9179653525352478,42.47434997558594,1071.084228515625,0.06072605773806572,22.643505096435547,1043.401123046875,0.09287017583847046,70.47547912597656,1023.33984375,0.7175706624984741,111.10584259033203,941.533203125,0.9763018488883972,85.07424926757812,1046.0474853515625,0.20895127952098846,1.673475980758667,981.6929931640625,0.2244734764099121,169.53408813476562,964.6245727539062,0.9799115061759949,115.07857513427734,863.25244140625,0.33529239892959595,212.75074768066406,919.0841064453125,0.9927269220352173,403.87200927734375,916.3973999023438,0.47918155789375305,407.84686279296875,914.6226806640625,0.8419026136398315
2267,83.83731079101562,115.63153839111328,0.9993616938591003,995.0658569335938,83.2376708984375,0.9999622106552124,189.73789978027344,1023.7827758789062,0.960622251033783,1021.2638549804688,1020.1947021484375,0.997718095779419,338.93072509765625,497.76116943359375,0.9992204904556274,331.5291748046875,608.9910278320312,0.9977413415908813,276.83123779296875,547.4373779296875,0.9990255832672119,387.7791748046875,556.9661254882812,0.9970910549163818,719.2266235351562,500.7775573730469,0.9976435303688049,760.0938110351562,716.4705200195312,0.9998584985733032,694.1373291015625,597.2096557617188,0.998961329460144,785.1947631835938,571.5537719726562,0.8853380084037781,206.21685791015625,919.4984130859375,0.14075729250907898,28.780418395996094,1043.44384765625,0.13750356435775757,62.95819854736328,1042.14404296875,0.7310910224914551,116.43607330322266,948.9957275390625,0.9750459790229797,103.27499389648438,1052.2025146484375,0.6879363656044006,29.60219955444336,974.1612548828125,0.17945942282676697,173.88291931152344,964.9896850585938,0.9743477702140808,117.87224578857422,868.4769287109375,0.8484636545181274,209.1676788330078,919.7177734375,0.9679405093193054,296.3279113769531,922.1312866210938,0.9448392391204834,408.7026062011719,913.5444946289062,0.9475492238998413
2268,83.68196868896484,115.29901123046875,0.9998633861541748,995.46728515625,85.85298156738281,0.999955415725708,195.05691528320312,1026.28271484375,0.9956822395324707,1022.2537231445312,1020.5885009765625,0.9987623691558838,338.6238098144531,498.0474548339844,0.9990863800048828,331.3329772949219,608.4647216796875,0.998565137386322,276.8968200683594,548.1539306640625,0.998848557472229,387.17169189453125,557.5140991210938,0.9966354966163635,716.6868286132812,499.9161376953125,0.9977377653121948,760.2493896484375,717.1290283203125,0.9998007416725159,691.5549926757812,594.7503051757812,0.9970179796218872,784.8977661132812,575.1328125,0.9313114285469055,4.768661975860596,1085.0665283203125,0.022883042693138123,61.93498992919922,1080.927978515625,0.034015920013189316,64.8678207397461,1040.419189453125,0.4181292653083801,108.43024444580078,960.843017578125,0.9951104521751404,106.58674621582031,1054.374267578125,0.9590705037117004,45.801666259765625,1082.7193603515625,0.10087587684392929,168.58468627929688,972.6571655273438,0.9475839138031006,116.2846450805664,870.6777954101562,0.5544272661209106,211.63589477539062,922.116943359375,0.9924306273460388,309.3484191894531,918.903076171875,0.577896237373352,407.2952575683594,913.0115966796875,0.8287618160247803
2269,84.56991577148438,117.39361572265625,0.9989851117134094,995.415283203125,84.34940338134766,0.9999463558197021,201.43801879882812,1023.0350952148438,0.9770316481590271,1020.5103149414062,1020.1011352539062,0.9990816116333008,339.5015869140625,498.0749206542969,0.9989006519317627,331.7389831542969,609.307861328125,0.998288094997406,276.9273376464844,547.13232421875,0.9979525804519653,387.6627502441406,558.0643310546875,0.9972447156906128,714.116943359375,501.67633056640625,0.9962149262428284,758.935791015625,717.8743286132812,0.9997270703315735,691.742431640625,594.6287231445312,0.9969603419303894,785.0504760742188,568.494384765625,0.8883876800537109,198.76731872558594,924.416748046875,0.12303921580314636,64.00226593017578,1077.84619140625,0.7180076241493225,67.2066650390625,1036.1173095703125,0.734259307384491,99.750244140625,962.5763549804688,0.982646107673645,99.41734313964844,1056.69873046875,0.37785086035728455,4.60663366317749,1023.2423706054688,0.36555176973342896,177.25198364257812,967.067626953125,0.8796805143356323,188.5904083251953,907.3086547851562,0.5897176265716553,207.43414306640625,922.7352905273438,0.9275500774383545,297.9004821777344,923.1444702148438,0.8379747271537781,409.27276611328125,913.3724975585938,0.9418430328369141
2270,84.34126281738281,116.69324493408203,0.9996668100357056,995.3067626953125,84.26152801513672,0.9999779462814331,201.60235595703125,1026.3709716796875,0.9926753640174866,1020.9659423828125,1020.285400390625,0.9985007047653198,337.49493408203125,498.2177734375,0.9992332458496094,332.0979919433594,609.1829833984375,0.99796462059021,276.74066162109375,548.406494140625,0.9991546869277954,387.7177734375,557.9305419921875,0.9983249306678772,716.7984008789062,500.6559753417969,0.9985358715057373,757.7877197265625,718.445068359375,0.9997677206993103,694.5170288085938,596.6321411132812,0.9991034865379333,785.35205078125,569.4558715820312,0.9232875108718872,117.13448333740234,861.1395263671875,0.15252487361431122,5.538661956787109,1052.4512939453125,0.0428946278989315,75.80561828613281,1040.3782958984375,0.8914973735809326,113.4117202758789,964.951171875,0.9680714011192322,88.55755615234375,1068.010986328125,0.7624009847640991,4.900321960449219,1021.1653442382812,0.46097737550735474,175.03439331054688,971.3882446289062,0.9205574989318848,180.17710876464844,903.7788696289062,0.9014296531677246,213.01348876953125,926.5620727539062,0.990687906742096,310.53338623046875,922.9014892578125,0.7630211710929871,518.7818603515625,932.0032348632812,0.9714266061782837
2271,84.6311264038086,116.65567016601562,0.9992927312850952,995.61865234375,85.07247161865234,0.9999613761901855,203.67225646972656,1026.236083984375,0.9921448826789856,1021.5357666015625,1020.8715209960938,0.9985198378562927,338.6695861816406,497.76422119140625,0.9991760849952698,330.6339416503906,608.6357421875,0.9973318576812744,276.6378479003906,548.1438598632812,0.9991810917854309,387.5911865234375,558.3890380859375,0.9958332777023315,715.302490234375,501.25701904296875,0.9987974166870117,758.688232421875,717.948486328125,0.9998536109924316,692.075439453125,593.2218627929688,0.9982909560203552,781.8287963867188,556.740478515625,0.8635653257369995,118.61335754394531,873.2457885742188,0.04895239695906639,60.461936950683594,1069.55712890625,0.12537480890750885,72.68931579589844,1044.492919921875,0.9645132422447205,110.74542236328125,970.4515991210938,0.9573805928230286,109.40130615234375,1061.318603515625,0.7696215510368347,11.417963027954102,1020.846923828125,0.40900734066963196,175.7289276123047,966.9393310546875,0.8379738926887512,178.83050537109375,903.9700927734375,0.8997870087623596,214.965087890625,926.7057495117188,0.9514453411102295,309.4151916503906,922.9556274414062,0.9770780801773071,529.6354370117188,930.6821899414062,0.9590424299240112
2272,84.88311767578125,116.25537109375,0.9995998740196228,993.3251953125,85.29237365722656,0.9999548196792603,201.50669860839844,1026.1092529296875,0.9956400394439697,1019.4808959960938,1018.7030639648438,0.9985254406929016,337.8147277832031,497.8348388671875,0.998623251914978,329.4897766113281,608.9706420898438,0.9982661604881287,276.59100341796875,547.9108276367188,0.9987080097198486,386.8741455078125,557.787841796875,0.993591845035553,713.9658813476562,501.0389099121094,0.9984044432640076,758.077880859375,719.0299682617188,0.9998962879180908,692.4537963867188,593.7050170898438,0.9981303811073303,786.4755859375,567.0479736328125,0.9254443645477295,38.457969665527344,1077.509033203125,0.02936500683426857,1.0667636394500732,1047.423828125,0.04592590779066086,59.579498291015625,1074.159423828125,0.31461626291275024,107.49365997314453,963.59521484375,0.9307271838188171,99.6210708618164,1070.82568359375,0.29477909207344055,27.14815330505371,1006.6406860351562,0.6289717555046082,172.980224609375,971.1704711914062,0.9326723217964172,113.85758972167969,871.2858276367188,0.8463029265403748,208.86900329589844,921.9821166992188,0.9864029884338379,316.1455993652344,921.4993896484375,0.8071718811988831,413.1088562011719,916.0150756835938,0.8706137537956238
2273,84.96515655517578,115.79391479492188,0.9996107220649719,997.2235107421875,87.49890899658203,0.9998319149017334,201.8054962158203,1026.9112548828125,0.9924511313438416,1019.84375,1019.7579345703125,0.9982205033302307,337.3526916503906,498.1311950683594,0.9991037249565125,331.4930114746094,607.9866333007812,0.99825519323349,276.1600341796875,548.158203125,0.9990596175193787,387.35400390625,555.59912109375,0.9980134963989258,715.7247924804688,502.4753723144531,0.9959194660186768,758.7623291015625,718.298095703125,0.9998965263366699,693.9195556640625,594.1788940429688,0.9983959794044495,785.2928466796875,565.81298828125,0.7807208895683289,119.73872375488281,854.0693969726562,0.13374102115631104,2.179840564727783,1053.2335205078125,0.055899087339639664,79.97859191894531,1040.32958984375,0.8681593537330627,109.03018951416016,966.8988037109375,0.9670168161392212,108.59654235839844,1056.0870361328125,0.7484220862388611,22.233055114746094,991.3800048828125,0.21479783952236176,173.28512573242188,972.016845703125,0.8552353978157043,114.19538116455078,870.2125244140625,0.7920509576797485,209.79833984375,921.1468505859375,0.663837730884552,308.2127685546875,917.4192504882812,0.5283781290054321,412.6729736328125,916.5137329101562,0.09296173602342606
2274,85.84992218017578,116.68025970458984,0.9994841814041138,997.8150024414062,83.43994903564453,0.999822199344635,207.6533203125,1016.6273803710938,0.9822293519973755,1021.7421875,1020.3294067382812,0.997319757938385,339.4150695800781,498.09332275390625,0.9991095662117004,330.50323486328125,608.3295288085938,0.9987138509750366,276.88433837890625,547.1820068359375,0.9989809393882751,387.35394287109375,557.4723510742188,0.9955909252166748,713.8756713867188,501.4713134765625,0.9988812804222107,758.8281860351562,717.896484375,0.9998959302902222,691.4781494140625,595.2860107421875,0.9984317421913147,787.900634765625,566.5947265625,0.9121081233024597,205.71533203125,915.1315307617188,0.05036764591932297,94.71424865722656,1049.061767578125,0.3056418299674988,92.97071838378906,1027.8983154296875,0.8687679767608643,112.76361846923828,950.9715576171875,0.9968963861465454,136.36724853515625,1033.2872314453125,0.8893765807151794,178.70352172851562,963.2799682617188,0.49543339014053345,179.42933654785156,960.6174926757812,0.9910247325897217,115.54488372802734,873.68896484375,0.8194498419761658,210.74069213867188,917.0650024414062,0.9885923266410828,313.211181640625,915.8737182617188,0.9360559582710266,409.1777038574219,913.7586059570312,0.5452442169189453
2275,83.34395599365234,116.64112091064453,0.999360978603363,996.3943481445312,84.14015197753906,0.9999395608901978,208.46055603027344,1010.8470458984375,0.1359594315290451,1021.2861328125,1021.5125122070312,0.9988901019096375,337.69793701171875,497.9502258300781,0.9988841414451599,330.5984802246094,609.1065673828125,0.9986950755119324,276.2644348144531,548.9974365234375,0.9992325305938721,387.4454345703125,557.237060546875,0.9955488443374634,713.4053955078125,500.90753173828125,0.9984943866729736,757.7850952148438,717.4664916992188,0.9999219179153442,691.9019165039062,592.0381469726562,0.9951921701431274,783.1614990234375,550.434326171875,0.8965451717376709,129.51229858398438,1090.6541748046875,0.04190802946686745,120.20924377441406,1054.7337646484375,0.8738447427749634,110.59716033935547,1044.8499755859375,0.6645835041999817,103.258056640625,955.6281127929688,0.9846146702766418,110.66226959228516,876.8670043945312,0.7323036193847656,28.069067001342773,1041.2774658203125,0.15848848223686218,185.28233337402344,957.4939575195312,0.9646803736686707,176.0321044921875,890.4434814453125,0.4352549612522125,205.8988037109375,912.25146484375,0.9057029485702515,326.53240966796875,915.9573364257812,0.8762593865394592,409.8082580566406,914.5830688476562,0.4377080500125885
2276,84.8488540649414,113.14767456054688,0.9995751976966858,995.7691040039062,83.43766784667969,0.9998888969421387,32.3974723815918,1079.352783203125,0.3785008192062378,1021.5868530273438,1019.994873046875,0.9991325736045837,338.5093078613281,498.12872314453125,0.9993264675140381,331.10888671875,608.2948608398438,0.9986403584480286,276.5513610839844,548.5377807617188,0.9992095232009888,386.68646240234375,557.0245971679688,0.9975005984306335,712.8208618164062,501.2021484375,0.9984837174415588,757.73828125,717.0106201171875,0.9998346567153931,692.4801635742188,595.579833984375,0.9984082579612732,781.98486328125,555.816650390625,0.8143124580383301,65.11515045166016,1090.359375,0.06836508959531784,143.26988220214844,1056.318115234375,0.7473385334014893,132.78607177734375,1029.473388671875,0.9758047461509705,111.5627670288086,952.0926513671875,0.9994294047355652,113.6832504272461,876.4910888671875,0.7536180019378662,180.64405822753906,928.007080078125,0.5546781420707703,189.33985900878906,926.9044799804688,0.9898768067359924,120.15153503417969,875.8997802734375,0.48065024614334106,226.8150177001953,897.925537109375,0.934722363948822,361.0586242675781,914.3397216796875,0.7949093580245972,521.7125244140625,931.6359252929688,0.1706593930721283
2277,85.03192901611328,114.73346710205078,0.9991136193275452,996.9823608398438,85.7236328125,0.9998708963394165,60.22813034057617,1077.9580078125,0.6385718584060669,1020.3074951171875,1020.4130249023438,0.998155415058136,338.756103515625,497.4732360839844,0.9989861845970154,331.0920104980469,609.24462890625,0.9982388019561768,276.4518737792969,548.5260009765625,0.9992157220840454,387.9951477050781,557.29931640625,0.994844913482666,711.4221801757812,501.15576171875,0.9961200952529907,758.79052734375,718.4564208984375,0.9996824264526367,691.3519287109375,593.2984008789062,0.9959476590156555,781.4675903320312,554.9556884765625,0.9386224746704102,168.5198211669922,1091.247802734375,0.075783871114254,146.82569885253906,1047.1693115234375,0.986076295375824,139.98167419433594,1025.7242431640625,0.8889760375022888,123.48597717285156,947.2236938476562,0.9995229244232178,170.05398559570312,1002.5150146484375,0.9959805011749268,65.86177062988281,1042.3572998046875,0.9621219038963318,201.85545349121094,929.1906127929688,0.9980565905570984,123.50731658935547,874.63134765625,0.4080914855003357,229.32322692871094,892.999267578125,0.7822655439376831,454.91888427734375,924.8441162109375,0.911491870880127,406.20806884765625,917.3009033203125,0.6287955641746521
2278,84.29948425292969,117.01819610595703,0.9995865225791931,995.6275024414062,83.78795623779297,0.999915361404419,68.2155532836914,1082.9056396484375,0.9074390530586243,1021.5887451171875,1019.893310546875,0.9984754920005798,336.6543273925781,497.27191162109375,0.9986347556114197,331.71148681640625,608.8082275390625,0.9992921352386475,276.40435791015625,549.0660400390625,0.9994373917579651,387.0746154785156,554.579833984375,0.9965618252754211,712.4177856445312,501.5242919921875,0.9989393353462219,758.4671020507812,719.0385131835938,0.9997287392616272,693.3973388671875,598.3041381835938,0.9977284073829651,782.3019409179688,558.2732543945312,0.8854543566703796,154.2259521484375,1090.388916015625,0.10296297818422318,148.75975036621094,1046.181640625,0.9783339500427246,151.84335327148438,1033.4296875,0.9563825130462646,140.65774536132812,947.998291015625,0.9655360579490662,179.74630737304688,1004.61767578125,0.8295319676399231,94.94137573242188,1024.69580078125,0.31706422567367554,200.12518310546875,939.170166015625,0.2867937684059143,208.80169677734375,889.774658203125,0.1738942712545395,309.8485107421875,898.4448852539062,0.026320280507206917,357.1311340332031,910.24072265625,0.7506365180015564,523.4669189453125,929.9663696289062,0.38739013671875
2279,85.93626403808594,118.28787231445312,0.9994378685951233,997.0294799804688,83.89299774169922,0.9999110698699951,268.86932373046875,1025.78466796875,0.9382567405700684,1022.757568359375,1020.0548095703125,0.9980452060699463,337.8232116699219,497.4088134765625,0.9989311099052429,330.7540283203125,608.7874145507812,0.9988439083099365,276.81622314453125,548.7073364257812,0.9987999200820923,387.4684753417969,556.579345703125,0.9979605674743652,715.28515625,500.3782958984375,0.9978939890861511,759.017333984375,717.8963012695312,0.9997077584266663,693.4850463867188,596.286376953125,0.9953213334083557,782.646484375,560.154052734375,0.8705376386642456,218.54580688476562,873.7960815429688,0.06720242649316788,152.67750549316406,1037.306884765625,0.5786848664283752,147.4011993408203,1015.377197265625,0.9562698006629944,157.0122528076172,931.704345703125,0.9938629865646362,191.32510375976562,1001.1266479492188,0.6452249884605408,79.12200164794922,1081.2237548828125,0.17529524862766266,213.88461303710938,922.9448852539062,0.6399392485618591,94.56468200683594,953.3739013671875,0.015635699033737183,321.70849609375,901.7301635742188,0.031181838363409042,335.5745849609375,902.3386840820312,0.8193235397338867,505.4881286621094,931.4086303710938,0.3485005795955658
2280,84.95006561279297,117.11256408691406,0.999822199344635,998.080322265625,82.09532928466797,0.9999309778213501,261.429931640625,1030.3828125,0.8345305323600769,1017.9149780273438,1019.5868530273438,0.9977263808250427,336.27532958984375,497.21087646484375,0.997921884059906,332.31597900390625,609.624267578125,0.9976894855499268,276.6713562011719,549.9367065429688,0.9987508058547974,386.55731201171875,555.5911254882812,0.9982677698135376,715.2022094726562,500.8970031738281,0.9955536723136902,758.6544799804688,717.9777221679688,0.9998223185539246,693.6640625,595.45556640625,0.9957035183906555,782.6873168945312,556.6747436523438,0.8924638628959656,135.8584747314453,1090.125,0.018214527517557144,132.21978759765625,1068.1527099609375,0.05473601445555687,166.44276428222656,910.129638671875,0.2666746973991394,148.7886199951172,932.5848388671875,0.9675131440162659,174.82464599609375,1004.371337890625,0.327633261680603,114.4350814819336,885.5562133789062,0.2166368067264557,208.763671875,925.60888671875,0.9267204999923706,216.5875701904297,872.767578125,0.08302958309650421,350.4695739746094,910.5604858398438,0.003758806735277176,345.23309326171875,905.8922729492188,0.5247513651847839,466.6983337402344,928.4988403320312,0.6347830295562744
2281,84.79996490478516,119.38238525390625,0.9995452761650085,992.123291015625,85.92945098876953,0.9998430013656616,258.7386169433594,1029.0419921875,0.9833774566650391,1017.2039794921875,1019.9508056640625,0.9976130723953247,336.7752990722656,496.9068298339844,0.9976168870925903,332.2723083496094,609.8963012695312,0.9988526105880737,278.0903015136719,549.1425170898438,0.9982119798660278,386.05206298828125,554.8886108398438,0.9911256432533264,716.490966796875,501.8913879394531,0.9972969889640808,759.0426635742188,719.177734375,0.9995287656784058,691.7255249023438,596.1676635742188,0.9922627210617065,784.3059692382812,554.2593994140625,0.683538019657135,108.38917541503906,1075.6973876953125,0.18299029767513275,122.7855224609375,1048.087646484375,0.03676446154713631,166.9002227783203,914.8138427734375,0.24648070335388184,142.43370056152344,950.5670166015625,0.9565650820732117,164.72848510742188,1022.3201904296875,0.1768777072429657,103.63078308105469,906.104736328125,0.04977724701166153,203.68186950683594,937.300048828125,0.9169909954071045,212.8979949951172,869.7794799804688,0.6077299118041992,220.79519653320312,882.6066284179688,0.021695585921406746,334.70147705078125,904.5904541015625,0.9172435998916626,407.8094177246094,914.099609375,0.8099609613418579
2282,85.22013854980469,114.6474838256836,0.9994712471961975,995.8226928710938,84.01183319091797,0.999868631362915,242.14715576171875,1029.772705078125,0.997559666633606,1022.0142211914062,1019.2486572265625,0.9984110593795776,335.3628234863281,497.3198547363281,0.9986352324485779,331.69219970703125,609.29345703125,0.9971635937690735,276.99090576171875,549.6967163085938,0.997495174407959,386.1353454589844,553.9005126953125,0.9926204681396484,716.9048461914062,501.2604675292969,0.9985026121139526,758.53076171875,719.461669921875,0.9995352029800415,694.2202758789062,597.1109619140625,0.9972618818283081,782.5613403320312,558.5394287109375,0.8224061131477356,60.76603317260742,1074.396728515625,0.38720616698265076,79.86021423339844,1043.8311767578125,0.5580958127975464,106.68177795410156,1027.0574951171875,0.9767921566963196,151.58367919921875,964.3809814453125,0.982585072517395,155.17234802246094,1049.217529296875,0.4191420376300812,51.796817779541016,998.452392578125,0.5947762131690979,217.8331756591797,941.4342651367188,0.9267377853393555,220.50595092773438,875.718017578125,0.39585795998573303,229.69520568847656,882.550048828125,0.10975279659032822,327.5260314941406,900.373046875,0.9815473556518555,409.23345947265625,917.781005859375,0.6192031502723694
2283,85.62145233154297,117.35095977783203,0.999338686466217,994.3240966796875,83.44686126708984,0.9998906850814819,239.5865936279297,1030.642578125,0.9900338053703308,1020.577392578125,1019.373779296875,0.9987209439277649,335.6977233886719,498.0704650878906,0.9984703660011292,330.9450378417969,609.4613037109375,0.9984708428382874,276.9944763183594,549.1785278320312,0.9983336329460144,386.3188781738281,553.7980346679688,0.9963083863258362,715.9058837890625,502.1659240722656,0.9961975812911987,758.699951171875,720.218994140625,0.9994180202484131,692.8743286132812,596.5853881835938,0.9930629134178162,782.6323852539062,555.3787231445312,0.8854595422744751,41.949222564697266,1040.1402587890625,0.19519543647766113,69.55228424072266,1023.752197265625,0.9818615913391113,100.40007019042969,1023.6016235351562,0.9760573506355286,165.48851013183594,966.4873657226562,0.996269702911377,135.64669799804688,1069.014404296875,0.8601822257041931,80.6239242553711,975.17138671875,0.9426626563072205,224.2946014404297,942.2119140625,0.9398921728134155,212.2147979736328,876.0347290039062,0.8349317908287048,237.44451904296875,882.2784423828125,0.18468496203422546,331.4222106933594,901.898681640625,0.9758089780807495,424.16937255859375,493.2552490234375,0.39586877822875977
2284,84.87484741210938,116.85298156738281,0.9994416832923889,995.854736328125,83.58583068847656,0.9999473094940186,229.15528869628906,1026.290283203125,0.9663518071174622,1021.8818359375,1021.5624389648438,0.9975849390029907,336.617431640625,498.16461181640625,0.9988076686859131,331.33648681640625,610.2727661132812,0.998018741607666,276.43865966796875,549.3033447265625,0.9987095594406128,386.2458801269531,556.5771484375,0.9976237416267395,716.0882568359375,502.6134033203125,0.9957886338233948,759.8155517578125,719.75146484375,0.9992789626121521,692.8291015625,594.53759765625,0.9960973858833313,783.5277709960938,556.261474609375,0.6557072401046753,109.21994018554688,1082.7603759765625,0.16254538297653198,22.4041805267334,1019.616943359375,0.24396120011806488,25.420886993408203,1025.404052734375,0.7594360709190369,157.8240509033203,958.6936645507812,0.9882336854934692,145.1841278076172,1038.4410400390625,0.5618826746940613,80.7326431274414,953.5241088867188,0.8201904892921448,214.2943572998047,944.408203125,0.9752292633056641,207.35678100585938,879.0782470703125,0.3869343400001526,226.48202514648438,884.0853881835938,0.3881223201751709,327.26080322265625,900.9630737304688,0.9768734574317932,415.7890625,923.1085205078125,0.18973663449287415
2285,84.0432357788086,116.39813232421875,0.9998064637184143,996.5120239257812,86.80805206298828,0.9999332427978516,221.1275177001953,1024.144775390625,0.7346991300582886,1022.4071044921875,1020.4622802734375,0.9986056685447693,336.0103759765625,498.6645812988281,0.9983548521995544,330.06402587890625,610.0167236328125,0.9972549080848694,276.12823486328125,551.0767211914062,0.9978356957435608,387.5588073730469,557.8322143554688,0.9981620907783508,715.3904418945312,501.1128234863281,0.9947240948677063,759.375,720.5007934570312,0.9988080263137817,694.078125,595.9390258789062,0.9963757395744324,782.871826171875,553.7987060546875,0.6864829659461975,98.21656036376953,1086.2332763671875,0.04842736944556236,10.684133529663086,994.2890014648438,0.32426390051841736,13.47131633758545,995.17041015625,0.07031368464231491,153.1658172607422,954.109619140625,0.883115291595459,22.85991096496582,1061.654541015625,0.8497051000595093,31.96372413635254,966.2083740234375,0.6417150497436523,202.50704956054688,950.7780151367188,0.9696776866912842,127.10266876220703,853.51513671875,0.36035794019699097,222.13568115234375,876.2915649414062,0.7180109024047852,325.3398742675781,898.864501953125,0.987453043460846,416.8934326171875,923.7766723632812,0.11802270263433456
2286,85.25953674316406,116.21192169189453,0.9996528625488281,997.8630981445312,83.88441467285156,0.9999245405197144,213.13270568847656,1024.5965576171875,0.3067290782928467,1022.5380859375,1019.6242065429688,0.9980206489562988,335.8111572265625,498.6488342285156,0.998586893081665,330.8125305175781,609.9249267578125,0.9978204965591431,276.76708984375,551.5167236328125,0.9980185031890869,387.05242919921875,557.2319946289062,0.9976133108139038,716.2029418945312,500.5579833984375,0.9986112117767334,759.7843627929688,719.8040161132812,0.9993941783905029,694.33935546875,594.6858520507812,0.9965270161628723,781.9953002929688,557.1382446289062,0.715289831161499,3.2854576110839844,991.0819702148438,0.014255013316869736,10.408595085144043,995.3146362304688,0.8925811648368835,39.512908935546875,990.6661987304688,0.5950145125389099,141.8072052001953,966.3095703125,0.9494414925575256,94.24287414550781,1036.622314453125,0.8932233452796936,62.032875061035156,944.5970458984375,0.5689465403556824,199.0895233154297,957.1729125976562,0.9931179285049438,139.98623657226562,863.1632080078125,0.569617509841919,221.91604614257812,878.9641723632812,0.9480399489402771,324.6074523925781,897.2283935546875,0.9745211601257324,417.9080505371094,927.333740234375,0.486331969499588
2287,85.99661254882812,115.02653503417969,0.9986691474914551,995.1610107421875,84.90880584716797,0.9999641180038452,193.34996032714844,1024.431396484375,0.6984203457832336,1020.2356567382812,1019.7838745117188,0.9956417083740234,335.0163269042969,498.1494445800781,0.9980255365371704,331.7080078125,609.6683959960938,0.9978582262992859,277.2395324707031,550.5033569335938,0.9986458420753479,387.266845703125,556.5977172851562,0.9940336346626282,716.6002807617188,501.1438293457031,0.9971566200256348,758.5535888671875,720.1218872070312,0.9992876648902893,693.1426391601562,592.048095703125,0.9965752959251404,781.4767456054688,560.12548828125,0.8210259079933167,78.90404510498047,1029.6707763671875,0.07360018044710159,0.2852025032043457,967.167724609375,0.17859084904193878,15.749896049499512,972.6577758789062,0.3619406819343567,141.44149780273438,965.40478515625,0.7555775046348572,62.982425689697266,914.65576171875,0.3210507929325104,35.213279724121094,928.4519653320312,0.10699787735939026,189.60159301757812,945.1139526367188,0.42663463950157166,130.2783966064453,861.5615234375,0.17500606179237366,221.56455993652344,879.1624145507812,0.9667803645133972,321.59014892578125,893.181396484375,0.9939753413200378,415.9219055175781,924.6281127929688,0.9434253573417664
2288,84.4190673828125,115.19538116455078,0.9988962411880493,996.8950805664062,84.14543151855469,0.9999233484268188,105.20709228515625,1026.6563720703125,0.3268306851387024,1021.7024536132812,1019.7200927734375,0.9981727600097656,336.4968566894531,498.00439453125,0.997701108455658,331.14251708984375,609.5004272460938,0.996168315410614,277.1141052246094,550.9291381835938,0.9985222220420837,387.40728759765625,556.4535522460938,0.9965808987617493,716.2537231445312,500.9786682128906,0.998624324798584,758.6165771484375,719.8357543945312,0.9995325803756714,692.5335083007812,592.5986328125,0.9980778694152832,782.8125610351562,561.4689331054688,0.8560402393341064,0.041823387145996094,1060.31201171875,0.09505648165941238,1.963968276977539,1039.7237548828125,0.22688305377960205,3.610626220703125,1029.7955322265625,0.0710287094116211,140.33934020996094,929.6874389648438,0.8824893236160278,48.001243591308594,1034.0582275390625,0.7115869522094727,75.38330078125,923.2103881835938,0.8235843777656555,185.7138671875,944.8154907226562,0.8979315161705017,137.2639923095703,846.8231201171875,0.33645308017730713,223.0096435546875,889.1998291015625,0.8788513541221619,328.3961181640625,896.7131958007812,0.990147054195404,413.6916809082031,924.2251586914062,0.7856369614601135
2289,83.48181915283203,117.66691589355469,0.999642014503479,997.4078369140625,84.35379791259766,0.9999078512191772,94.30989837646484,1022.2874755859375,0.24084217846393585,1022.224853515625,1020.6061401367188,0.99813312292099,337.05584716796875,498.0333557128906,0.997886598110199,331.53558349609375,609.2399291992188,0.9972344040870667,276.4917297363281,550.7091674804688,0.9975515007972717,386.1542663574219,557.7299194335938,0.9959031939506531,715.5377197265625,500.595947265625,0.9970952272415161,759.8982543945312,719.519287109375,0.9992068409919739,694.6588134765625,593.0418701171875,0.9940153956413269,782.6392211914062,557.8859252929688,0.8423717021942139,3.83510160446167,872.8374633789062,0.06561106443405151,-0.5157909393310547,1015.1138305664062,0.05714220926165581,26.26611328125,923.357421875,0.17111894488334656,127.91342163085938,947.3411865234375,0.815946638584137,68.82032775878906,954.8507690429688,0.49012333154678345,83.66925811767578,933.9838256835938,0.4607790410518646,174.64512634277344,954.4674682617188,0.23733888566493988,180.34967041015625,856.6968383789062,0.06912388652563095,212.87034606933594,895.8543701171875,0.970038890838623,310.3729248046875,887.4441528320312,0.9799115061759949,399.5931396484375,925.5107421875,0.9924377799034119
2290,85.00668334960938,116.99262237548828,0.9993910789489746,995.164306640625,82.65912628173828,0.999816358089447,88.31629943847656,1025.4119873046875,0.5859338641166687,1018.8646850585938,1020.299560546875,0.9986483454704285,338.5606384277344,497.74169921875,0.9988634586334229,331.28753662109375,609.0350341796875,0.998083233833313,277.4210205078125,550.1458129882812,0.9987165927886963,387.0140686035156,558.843505859375,0.9947842955589294,717.5514526367188,501.1778869628906,0.9985033273696899,759.2804565429688,719.3914184570312,0.9994012117385864,692.3536987304688,593.2711181640625,0.9958479404449463,786.6051635742188,580.5698852539062,0.8432983160018921,0.11210393905639648,849.8787231445312,0.058165326714515686,30.646934509277344,899.093994140625,0.20490781962871552,41.901302337646484,919.77978515625,0.25581544637680054,144.1048126220703,908.2745971679688,0.20673151314258575,71.12372589111328,941.4024658203125,0.8601505756378174,91.8233871459961,909.8466186523438,0.9771772027015686,99.53426361083984,910.808349609375,0.1873849481344223,70.25367736816406,975.6832275390625,0.016573768109083176,208.7583770751953,900.7268676757812,0.9917987585067749,323.4408874511719,892.659423828125,0.9917287230491638,412.005859375,925.95751953125,0.9134505987167358
2291,85.0902099609375,116.36275482177734,0.9991220831871033,995.6754760742188,83.76306915283203,0.9998807907104492,91.3681411743164,1026.661376953125,0.7880017757415771,1020.5733642578125,1019.9373168945312,0.9985063672065735,337.6119384765625,498.1382141113281,0.9989997744560242,330.5791320800781,609.4185180664062,0.9977434873580933,277.11761474609375,550.4622192382812,0.998757004737854,386.2312316894531,555.7491455078125,0.9955209493637085,715.9109497070312,499.8459167480469,0.9988347887992859,759.7183837890625,719.4885864257812,0.9996066689491272,693.0987548828125,594.2913208007812,0.9958317875862122,783.4468994140625,558.1793823242188,0.821220338344574,2.818129062652588,803.8992919921875,0.4598427712917328,8.714461326599121,822.3893432617188,0.8919040560722351,20.486574172973633,841.1409301757812,0.8460487723350525,136.5797576904297,937.428955078125,0.9091328382492065,82.82115936279297,926.5419921875,0.7008543014526367,60.19963836669922,841.9271850585938,0.7537997961044312,120.6539535522461,912.49560546875,0.043780695647001266,80.2531967163086,974.3468627929688,0.03130444139242172,216.223388671875,895.1112670898438,0.9995881915092468,323.5101318359375,896.1365966796875,0.9937379360198975,407.1318054199219,924.4764404296875,0.9622113704681396
2292,84.28740692138672,115.89856719970703,0.9993278980255127,998.2702026367188,84.46686553955078,0.9998650550842285,89.82604217529297,1029.2095947265625,0.9992039799690247,1020.1570434570312,1019.4910888671875,0.9982097148895264,338.1695861816406,497.9395446777344,0.9985865354537964,330.5264892578125,609.1983642578125,0.9985822439193726,276.6661376953125,548.3499145507812,0.9987610578536987,387.4595031738281,557.870361328125,0.995088517665863,715.0907592773438,499.0522766113281,0.9977548718452454,759.3329467773438,719.49462890625,0.9996623992919922,692.1182861328125,594.7036743164062,0.9961913824081421,783.501953125,566.33740234375,0.8202903270721436,3.1732561588287354,785.6317138671875,0.1494850069284439,14.607807159423828,805.87646484375,0.8073940873146057,23.99392318725586,821.0762939453125,0.6378573179244995,136.82208251953125,915.1710815429688,0.8064061999320984,9.346445083618164,928.324951171875,0.7887815237045288,69.46089172363281,823.0685424804688,0.9712119102478027,67.08773040771484,957.22998046875,0.7222301363945007,175.21542358398438,859.3295288085938,0.20479440689086914,82.28726196289062,981.4133911132812,0.4475885033607483,322.5712585449219,895.9885864257812,0.9970585107803345,408.4728698730469,922.8800048828125,0.9886302947998047
2293,86.86395263671875,115.76359558105469,0.9973903298377991,998.3037109375,86.72565460205078,0.9999148845672607,89.98333740234375,1026.4410400390625,0.9994096755981445,1018.2036743164062,1019.8567504882812,0.9983503818511963,337.897216796875,498.326171875,0.9989615678787231,331.3147888183594,608.8822021484375,0.9986741542816162,276.8106689453125,549.32568359375,0.9991812109947205,386.2503662109375,557.9146118164062,0.9954553842544556,711.6743774414062,499.5201416015625,0.9974514842033386,758.6157836914062,719.054443359375,0.9994742274284363,691.2139892578125,597.5866088867188,0.9949033260345459,783.4833984375,562.922119140625,0.8027468323707581,21.326128005981445,809.6927490234375,0.10862363874912262,56.624916076660156,844.8526611328125,0.8804534077644348,82.73184204101562,852.82568359375,0.8789995908737183,131.52706909179688,893.0760498046875,0.5043942332267761,6.883961200714111,884.074951171875,0.5557683110237122,83.05746459960938,795.6336669921875,0.7059465050697327,48.50670623779297,909.9257202148438,0.28614291548728943,87.9015884399414,908.7645263671875,0.4781467318534851,64.56686401367188,916.644775390625,0.0371372252702713,323.4216613769531,896.1455078125,0.9957810640335083,415.429443359375,922.7048950195312,0.7347078919410706
2294,85.16319274902344,116.0703125,0.999544084072113,995.9095458984375,83.55205535888672,0.9999552965164185,89.25238800048828,1028.086669921875,0.9996801614761353,1020.086181640625,1019.1088256835938,0.9954347014427185,337.4171142578125,497.7700500488281,0.9991236329078674,331.38824462890625,609.7166748046875,0.9984922409057617,276.7761535644531,549.144775390625,0.9990503191947937,386.4859313964844,556.4959716796875,0.9968913197517395,715.9321899414062,500.2899475097656,0.9982746839523315,758.4422607421875,718.4818725585938,0.9997302889823914,692.8204956054688,595.5997924804688,0.997665524482727,784.0010986328125,555.728271484375,0.9202135801315308,16.647018432617188,724.768310546875,0.929803192615509,54.24769592285156,808.2312622070312,0.957278311252594,80.43798828125,816.2235717773438,0.8230939507484436,143.14039611816406,867.806884765625,0.9755833148956299,31.117244720458984,858.3446655273438,0.16501502692699432,116.3437271118164,791.9385375976562,0.931670069694519,168.18702697753906,898.5690307617188,0.7336062788963318,192.4445343017578,809.853271484375,0.9046154618263245,226.27574157714844,873.9153442382812,0.9992457628250122,330.26531982421875,899.0169067382812,0.9686409831047058,509.9749755859375,935.3455810546875,0.8672971129417419
2295,84.66229248046875,116.41592407226562,0.9995926022529602,996.6887817382812,83.08573150634766,0.9999035596847534,90.57784271240234,1029.6724853515625,0.9997645020484924,1019.3745727539062,1020.9194946289062,0.9970167875289917,337.9659729003906,498.04425048828125,0.9990518689155579,331.989501953125,609.7055053710938,0.9982169270515442,277.0469055175781,549.5865478515625,0.9991161227226257,386.5757751464844,557.2262573242188,0.998050332069397,715.0715942382812,500.9469909667969,0.9991493225097656,757.9894409179688,718.28466796875,0.9997757077217102,693.2623291015625,595.58447265625,0.9976171851158142,782.3562622070312,555.4420776367188,0.8664769530296326,12.410303115844727,692.3132934570312,0.759710967540741,52.74761199951172,774.3148803710938,0.9231746196746826,71.15579223632812,784.3719482421875,0.940001904964447,136.5303497314453,841.516845703125,0.8917732834815979,12.258073806762695,817.2813110351562,0.7476472854614258,117.11436462402344,772.2291259765625,0.8739438056945801,60.87753677368164,848.9954223632812,0.7402008175849915,200.88140869140625,789.4534912109375,0.41459473967552185,227.78382873535156,870.45947265625,0.9924754500389099,326.22955322265625,897.2109985351562,0.9843297600746155,424.97650146484375,923.1309814453125,0.7098073363304138
2296,86.07321166992188,115.8266372680664,0.9992399215698242,995.70556640625,84.20025634765625,0.9998825788497925,90.4006118774414,1029.1156005859375,0.99972003698349,1021.62353515625,1019.0101928710938,0.9987381100654602,336.4813232421875,497.4676818847656,0.9979107975959778,334.82049560546875,610.0983276367188,0.9974223375320435,277.0079040527344,550.2081298828125,0.9988497495651245,387.9289245605469,555.8594970703125,0.9963172674179077,715.156982421875,500.5563049316406,0.9979537725448608,757.6405029296875,718.6375732421875,0.999798595905304,693.2686767578125,595.7250366210938,0.9989510774612427,782.1141357421875,558.19970703125,0.9049234986305237,8.248149871826172,692.8915405273438,0.7295197248458862,56.8035888671875,754.1358642578125,0.9831123948097229,81.80830383300781,765.6112670898438,0.9973263740539551,149.01907348632812,822.9944458007812,0.9855388402938843,68.78671264648438,806.7900390625,0.9396957159042358,87.45890808105469,716.2604370117188,0.8779411911964417,143.15264892578125,875.3844604492188,0.05661686137318611,90.72488403320312,873.6286010742188,0.20715542137622833,229.16632080078125,861.817138671875,0.997627317905426,329.157958984375,898.481689453125,0.979115903377533,408.8846435546875,919.0804443359375,0.6787284016609192
2297,85.86392974853516,117.23246765136719,0.9988756775856018,994.060791015625,85.1996078491211,0.9999262094497681,90.9228286743164,1030.112548828125,0.999815046787262,1022.8309936523438,1019.3348388671875,0.9991965889930725,337.140869140625,497.70025634765625,0.9986608028411865,337.8822937011719,610.5005493164062,0.9986905455589294,276.9399108886719,552.5547485351562,0.9980974793434143,386.5574645996094,556.2294921875,0.9974545836448669,717.0073852539062,501.7071533203125,0.9987698197364807,759.2340087890625,718.8563842773438,0.9997101426124573,694.9296875,598.46923828125,0.9968395233154297,783.1093139648438,557.410400390625,0.8898032903671265,3.7854814529418945,666.0331420898438,0.975714385509491,40.454994201660156,723.3507690429688,0.9931678175926208,58.20978927612305,736.044189453125,0.9528452754020691,147.93077087402344,813.0635375976562,0.9965770840644836,52.46537780761719,809.5225219726562,0.8225831389427185,86.20323944091797,759.3050537109375,0.5798766613006592,165.5768585205078,750.21044921875,0.7844972014427185,198.01470947265625,773.7501831054688,0.685133159160614,231.554443359375,858.378173828125,0.9853264093399048,325.9006652832031,896.5811157226562,0.9969772100448608,478.0160217285156,924.0158081054688,0.6140862107276917
2298,85.47189331054688,115.8299789428711,0.9991742968559265,996.3135375976562,85.62996673583984,0.9999297857284546,89.59467315673828,1030.4029541015625,0.9997976422309875,1023.9657592773438,1020.32958984375,0.9988303780555725,336.4779968261719,497.7626647949219,0.9983195662498474,337.367919921875,610.208251953125,0.9986388087272644,276.9552917480469,552.8916625976562,0.998163640499115,385.6113586425781,555.4230346679688,0.9971938133239746,716.7750854492188,500.008544921875,0.9993532299995422,759.2640991210938,719.093017578125,0.9996745586395264,695.123291015625,596.207275390625,0.9967340230941772,790.2387084960938,577.4024658203125,0.8327364325523376,0.333620548248291,661.7099609375,0.13489483296871185,4.126426696777344,668.46435546875,0.17997632920742035,4.519169330596924,669.9931030273438,0.09885500371456146,152.01873779296875,804.4053955078125,0.9818407893180847,15.39471435546875,775.56787109375,0.524092972278595,46.136940002441406,677.7386474609375,0.20603366196155548,169.88465881347656,734.2620239257812,0.5029616951942444,198.93948364257812,774.18212890625,0.4865531921386719,232.47813415527344,855.1483154296875,0.9960391521453857,328.8642883300781,898.903076171875,0.986572265625,476.4938049316406,923.0650024414062,0.47487887740135193
2299,87.00917053222656,116.54129028320312,0.9990527033805847,994.4310302734375,85.23714447021484,0.9998551607131958,89.79243469238281,1028.85205078125,0.9998700618743896,1021.8723754882812,1019.6656494140625,0.9991890788078308,335.5832214355469,498.086181640625,0.9983048439025879,338.78460693359375,610.5053100585938,0.9983986020088196,276.8314208984375,553.922607421875,0.9972779154777527,386.4631652832031,555.729736328125,0.9976881742477417,715.9827270507812,500.0271911621094,0.9984219074249268,759.654296875,718.6284790039062,0.99958735704422,694.66943359375,595.3279418945312,0.9979457259178162,784.2637329101562,568.2293090820312,0.9405842423439026,68.82896423339844,812.9122314453125,0.050681568682193756,26.599729537963867,669.7985229492188,0.29165324568748474,107.41075897216797,728.2093505859375,0.356799840927124,141.68812561035156,786.7401123046875,0.9868698716163635,66.7820816040039,787.2178955078125,0.9626854658126831,69.18780517578125,674.469970703125,0.9099518656730652,144.28115844726562,843.3441772460938,0.6110711097717285,198.47767639160156,773.4379272460938,0.5637437701225281,219.9509735107422,844.2828979492188,0.9907811284065247,328.01617431640625,898.9848022460938,0.9758483171463013,546.247802734375,937.74560546875,0.9696337580680847
2300,86.18360137939453,114.0103530883789,0.9980008006095886,995.1127319335938,84.81688690185547,0.9999555349349976,88.73065185546875,1029.4483642578125,0.999646782875061,1023.1494750976562,1021.4503784179688,0.9984180927276611,335.6071472167969,498.05120849609375,0.9979259967803955,336.1943054199219,610.9830932617188,0.9962871074676514,276.5751647949219,553.655517578125,0.9967966675758362,386.23333740234375,554.4376831054688,0.9966303706169128,717.310546875,500.1582946777344,0.9976061582565308,758.94873046875,718.7714233398438,0.9995481371879578,694.2904052734375,595.2512817382812,0.9966073036193848,786.4732055664062,566.9920654296875,0.9359205365180969,5.035924911499023,659.5736694335938,0.12801769375801086,26.314456939697266,671.321044921875,0.9349838495254517,35.68009567260742,683.8942260742188,0.3248549997806549,147.1088409423828,772.78173828125,0.813363254070282,60.66006088256836,790.0684814453125,0.9745917916297913,89.30403900146484,684.6689453125,0.8389923572540283,148.7169647216797,830.2783813476562,0.7713912129402161,197.59747314453125,741.2938232421875,0.06750047206878662,216.2628631591797,840.5767822265625,0.9959716200828552,356.6413879394531,908.1098022460938,0.8072049021720886,481.3253479003906,926.5272827148438,0.6140627264976501
2301,84.20292663574219,115.71538543701172,0.9983996748924255,997.5653076171875,84.24468994140625,0.9999476671218872,88.58639526367188,1029.6639404296875,0.9997089505195618,1020.0204467773438,1019.9012451171875,0.9974505305290222,335.5809020996094,497.7983093261719,0.9974147081375122,336.45159912109375,610.292236328125,0.9948002099990845,276.3541259765625,553.8898315429688,0.9957705140113831,386.5147399902344,556.55908203125,0.9972240924835205,716.52490234375,501.1971740722656,0.9994283318519592,758.6019287109375,718.5823364257812,0.9996838569641113,694.4830932617188,597.0382690429688,0.9959661960601807,783.3692016601562,555.5714721679688,0.8926933407783508,41.915611267089844,821.6414794921875,0.02859687991440296,96.95073699951172,740.0835571289062,0.21576951444149017,103.62928771972656,739.5513305664062,0.9206558465957642,47.19405746459961,720.4031982421875,0.9029579162597656,84.1927490234375,784.9959716796875,0.7640801668167114,71.46060180664062,672.5425415039062,0.5030438899993896,155.86460876464844,817.0834350585938,0.14960035681724548,179.38706970214844,727.8447265625,0.7544638514518738,264.3860168457031,866.0831909179688,0.07488516718149185,326.1522216796875,897.4019165039062,0.9487622976303101,487.1011047363281,928.6428833007812,0.5178429484367371
2302,84.73420715332031,115.54776000976562,0.999354898929596,993.947021484375,84.39922332763672,0.9999691247940063,88.44847106933594,1027.8380126953125,0.9998759031295776,1022.1285400390625,1019.8832397460938,0.9990947246551514,334.67047119140625,497.3773193359375,0.9968987703323364,335.26904296875,609.8886108398438,0.9983250498771667,276.7515869140625,553.76611328125,0.9967664480209351,387.3111877441406,555.6383056640625,0.9970622658729553,717.53173828125,500.8938903808594,0.996347963809967,757.7978515625,717.4718627929688,0.9998205304145813,694.7067260742188,598.1364135742188,0.9956846237182617,784.4481811523438,562.0440063476562,0.8880877494812012,27.806316375732422,612.6210327148438,0.134826198220253,57.826454162597656,737.599609375,0.9397331476211548,79.39938354492188,749.4019165039062,0.9694003462791443,153.88999938964844,773.7388916015625,0.9514537453651428,19.54729652404785,790.1129760742188,0.8509480953216553,95.0273666381836,680.4866333007812,0.6727975606918335,162.02545166015625,813.765625,0.1128997877240181,200.09100341796875,791.47900390625,0.40368521213531494,259.1180419921875,855.6209716796875,0.02591589279472828,337.6022033691406,902.436767578125,0.6524552702903748,445.7373046875,927.145263671875,0.4386475384235382
2303,83.5975112915039,114.97795104980469,0.9986730813980103,995.4467163085938,84.44081115722656,0.9999555349349976,88.91119384765625,1028.8453369140625,0.9998425245285034,1022.44091796875,1019.5304565429688,0.9992735981941223,336.04052734375,497.392822265625,0.9979901313781738,331.9968566894531,609.48486328125,0.9983181953430176,275.8708801269531,550.326171875,0.9975976347923279,386.61865234375,555.197021484375,0.9961087107658386,716.57177734375,501.8404235839844,0.9972842931747437,758.7999267578125,718.0267333984375,0.9998242259025574,695.2637939453125,598.2297973632812,0.996187150478363,782.9439697265625,548.0618896484375,0.7744540572166443,51.66022491455078,598.0640869140625,0.5363271832466125,61.07306671142578,649.014404296875,0.9895403981208801,63.14214324951172,666.3147583007812,0.9239261150360107,144.9084930419922,766.5427856445312,0.9640266299247742,22.38139533996582,749.5332641601562,0.9650336503982544,138.17623901367188,678.0443115234375,0.9704180359840393,120.59623718261719,816.2743530273438,0.8324728012084961,201.8153533935547,790.11572265625,0.36346977949142456,196.944580078125,805.9674682617188,0.15335889160633087,305.31097412109375,894.1925048828125,0.724986732006073,378.4645080566406,921.1805419921875,0.12391424924135208
2304,83.91866302490234,116.904052734375,0.9996045231819153,993.5696411132812,84.84280395507812,0.9999457597732544,89.94290161132812,1029.9287109375,0.9998146891593933,1020.4252319335938,1020.5357055664062,0.9986257553100586,335.0323486328125,496.9860534667969,0.9978982210159302,333.6861877441406,610.046142578125,0.9970081448554993,277.0285339355469,550.9618530273438,0.9963371753692627,387.1498107910156,555.284423828125,0.9947202205657959,718.0386962890625,500.6844177246094,0.9958613514900208,759.0820922851562,718.3123779296875,0.9997879862785339,695.7725219726562,601.3387451171875,0.9941921830177307,783.3592529296875,549.7389526367188,0.776424765586853,86.20972442626953,583.1744995117188,0.5815449357032776,85.5256576538086,655.1218872070312,0.7541823983192444,114.85489654541016,695.2477416992188,0.5927869081497192,159.24307250976562,755.3635864257812,0.7468213438987732,55.86064147949219,717.5921630859375,0.9277263283729553,162.62448120117188,654.469970703125,0.8950349688529968,82.35137176513672,768.0333862304688,0.09845848381519318,204.4593505859375,792.4371948242188,0.17477549612522125,198.22227478027344,794.9027099609375,0.4984346926212311,301.04583740234375,894.5450439453125,0.9832755923271179,373.23931884765625,919.9990844726562,0.9804871678352356
2305,84.98107147216797,118.49220275878906,0.999035120010376,992.3838500976562,85.34972381591797,0.9999520778656006,89.32845306396484,1029.4615478515625,0.9997466206550598,1020.1917724609375,1020.0562744140625,0.9988541603088379,337.1217956542969,497.033447265625,0.9986671209335327,334.9721984863281,610.0852661132812,0.995274543762207,278.12786865234375,550.40283203125,0.9970746040344238,387.39495849609375,557.5999145507812,0.9925992488861084,717.985595703125,500.545166015625,0.9807147979736328,758.8756713867188,718.8068237304688,0.9997264742851257,696.9788818359375,599.9180297851562,0.996321439743042,783.4378051757812,550.4163818359375,0.7870883345603943,116.5123519897461,538.2418823242188,0.8519312143325806,32.920650482177734,608.775146484375,0.8866690397262573,120.2539291381836,656.3934936523438,0.8802783489227295,178.22532653808594,718.1946411132812,0.7656742930412292,56.08488082885742,664.25439453125,0.9106618165969849,177.22100830078125,636.0122680664062,0.9604435563087463,145.31915283203125,775.8385620117188,0.7060875296592712,236.39657592773438,708.1382446289062,0.49639758467674255,198.9266357421875,793.1467895507812,0.04701545089483261,296.7068176269531,892.2373657226562,0.9532834887504578,382.10272216796875,917.999267578125,0.9872948527336121
2306,84.63571166992188,115.84212493896484,0.999505877494812,995.3043212890625,83.45622253417969,0.9999004602432251,90.8990478515625,1027.7686767578125,0.9998213648796082,1021.15283203125,1018.9181518554688,0.9990715980529785,334.3490905761719,497.3677062988281,0.9987460374832153,336.5404357910156,609.8596801757812,0.9989120960235596,279.6496887207031,559.2066040039062,0.9946882724761963,387.33721923828125,553.7285766601562,0.9975780844688416,716.4485473632812,500.9604797363281,0.9895836114883423,760.0816040039062,718.7305297851562,0.9996521472930908,694.6814575195312,599.4742431640625,0.9974554181098938,782.59716796875,546.8424682617188,0.9415889978408813,125.12738800048828,520.041015625,0.9950700998306274,139.66624450683594,611.6027221679688,0.9442528486251831,163.47732543945312,638.8169555664062,0.7839515805244446,191.609619140625,722.8984375,0.9815858602523804,115.81614685058594,657.5712280273438,0.9727190136909485,214.34988403320312,610.3450317382812,0.9042607545852661,250.16371154785156,702.1296997070312,0.9338521361351013,245.5531463623047,730.0089721679688,0.7550892233848572,202.47872924804688,789.0253295898438,0.9984045624732971,299.63385009765625,896.1063232421875,0.9770582914352417,393.1927185058594,920.166015625,0.9249860644340515
2307,83.8712158203125,114.7130126953125,0.9990756511688232,996.169921875,84.83411407470703,0.9999525547027588,89.62413024902344,1028.962646484375,0.999855637550354,1023.9268798828125,1018.9534912109375,0.9993304014205933,335.4876708984375,497.6570739746094,0.9990769624710083,339.85882568359375,610.415771484375,0.9990689158439636,277.55584716796875,554.8838500976562,0.9892542362213135,388.51385498046875,554.5148315429688,0.9976511597633362,715.71142578125,502.2870788574219,0.996852695941925,758.5651245117188,718.8694458007812,0.9996997117996216,696.998291015625,598.66748046875,0.9968607425689697,783.6214599609375,548.1857299804688,0.8650478720664978,134.67489624023438,531.1958618164062,0.9980816841125488,155.13499450683594,589.5869140625,0.9442532658576965,172.59207153320312,645.7435913085938,0.8059108257293701,198.27349853515625,725.8096923828125,0.9949883222579956,130.14340209960938,668.09814453125,0.8885166049003601,225.9894561767578,598.3013305664062,0.7943548560142517,155.45216369628906,757.1943359375,0.466397762298584,246.98118591308594,743.2579956054688,0.5509864091873169,214.51687622070312,787.7267456054688,0.9015658497810364,304.954345703125,896.2384033203125,0.998084545135498,404.1486511230469,923.0048828125,0.9851856827735901
2308,85.06643676757812,115.43026733398438,0.9998630285263062,996.1356201171875,84.06698608398438,0.9999102354049683,90.02355194091797,1029.148681640625,0.9998738765716553,1020.3643798828125,1020.5336303710938,0.9976685643196106,331.72320556640625,497.9553527832031,0.9993471503257751,340.7887878417969,610.0224609375,0.9991500377655029,277.6497802734375,559.1714477539062,0.9947947859764099,387.7649841308594,552.570556640625,0.9992897510528564,717.4942016601562,501.3433532714844,0.9985724687576294,758.2826538085938,718.7112426757812,0.9997650980949402,696.5638427734375,597.5895385742188,0.9940992593765259,782.5701293945312,548.7241821289062,0.9188146591186523,150.65321350097656,561.8238525390625,0.9588620066642761,165.8502655029297,622.0267333984375,0.995261549949646,170.76768493652344,664.965576171875,0.9443844556808472,186.31948852539062,717.8505859375,0.911522626876831,138.2480926513672,673.0147094726562,0.5479061603546143,237.2565460205078,698.4786987304688,0.9366722106933594,249.31015014648438,709.8989868164062,0.3833751976490021,228.63502502441406,782.86669921875,0.21343044936656952,231.67098999023438,783.5625,0.8572773337364197,293.47576904296875,888.738525390625,0.9905481934547424,393.262939453125,922.0565185546875,0.9483500123023987
2309,85.83937072753906,115.43450927734375,0.9989780187606812,996.8021240234375,84.16860961914062,0.9998910427093506,90.5853500366211,1029.763916015625,0.9998637437820435,1022.462158203125,1019.7517700195312,0.998872697353363,329.17803955078125,497.0953369140625,0.9982286095619202,344.6869812011719,609.1959228515625,0.9995100498199463,276.40765380859375,566.4598388671875,0.9838729500770569,387.7477722167969,550.3929443359375,0.9992315769195557,719.6080322265625,501.5945129394531,0.9979372024536133,758.9866333007812,718.40771484375,0.9997028708457947,695.9302368164062,596.8857421875,0.9965745210647583,782.42333984375,548.9039306640625,0.9097575545310974,154.40286254882812,566.2131958007812,0.2951280176639557,172.21986389160156,630.7452392578125,0.9903784990310669,183.4004364013672,681.1743774414062,0.8461427688598633,213.12545776367188,716.1024169921875,0.9979117512702942,142.78309631347656,697.71044921875,0.7753775119781494,242.69923400878906,641.48193359375,0.5890759825706482,206.7160186767578,755.5036010742188,0.4781274199485779,268.6582336425781,710.2823486328125,0.8516517281532288,242.53778076171875,761.9957275390625,0.5803883671760559,293.7875671386719,880.550537109375,0.9937566518783569,388.46319580078125,924.4560546875,0.7743462920188904
2310,85.84356689453125,116.62303161621094,0.9995928406715393,997.0589599609375,83.58441162109375,0.9999309778213501,90.15241241455078,1029.4527587890625,0.9997518658638,1019.143798828125,1018.8457641601562,0.9993508458137512,329.620361328125,497.126953125,0.9985916018486023,342.5779113769531,609.324462890625,0.9996528625488281,275.76251220703125,565.7741088867188,0.9801281094551086,387.89276123046875,551.9172973632812,0.9988529682159424,721.4703979492188,501.57293701171875,0.9971741437911987,760.2555541992188,718.0150146484375,0.9998378753662109,695.614990234375,598.9970092773438,0.9984978437423706,784.2274169921875,566.5032958984375,0.8320712447166443,172.68800354003906,578.7096557617188,0.9418139457702637,186.02418518066406,630.1692504882812,0.9651390314102173,196.1131134033203,687.4659423828125,0.8323782086372375,212.80487060546875,720.9935302734375,0.9921258687973022,144.46209716796875,690.8524169921875,0.9355414509773254,251.36190795898438,663.5574340820312,0.3055320084095001,261.1239318847656,718.5433349609375,0.021911252290010452,249.0744171142578,738.6994018554688,0.6321834921836853,243.3004150390625,752.1881103515625,0.06825385242700577,287.4055480957031,867.6393432617188,0.9937397241592407,131.6105194091797,493.20281982421875,0.7656312584877014
2311,84.35713958740234,116.25225067138672,0.9995653033256531,992.410400390625,86.34586334228516,0.9999233484268188,90.47916412353516,1029.447021484375,0.9998729228973389,1021.5391845703125,1020.2144165039062,0.9990045428276062,335.2681579589844,497.24261474609375,0.9974911212921143,338.65087890625,608.9597778320312,0.9997037053108215,277.2178955078125,556.2731323242188,0.9527252912521362,387.8006591796875,553.7035522460938,0.9978163242340088,715.1793823242188,501.1514892578125,0.9946631193161011,758.5017700195312,717.1744384765625,0.9998332262039185,693.4441528320312,597.6573486328125,0.9988954067230225,784.2523803710938,565.8384399414062,0.9329100847244263,179.34375,590.9049072265625,0.10926847159862518,186.64334106445312,648.1022338867188,0.9912416934967041,185.07827758789062,631.1417846679688,0.9069995284080505,217.87733459472656,720.2411499023438,0.9806729555130005,169.9771270751953,716.5927124023438,0.32209140062332153,243.21681213378906,635.0618896484375,0.3271445333957672,189.510986328125,747.7085571289062,0.16906282305717468,240.26930236816406,741.9825439453125,0.5329616069793701,242.88314819335938,772.1383056640625,0.040292706340551376,284.00628662109375,849.4569702148438,0.9543617367744446,129.78831481933594,495.380615234375,0.3984224498271942
2312,86.30998992919922,116.3261947631836,0.9989808201789856,993.6372680664062,83.86526489257812,0.9999359846115112,90.5306625366211,1027.9267578125,0.9998679161071777,1022.3642578125,1019.9981689453125,0.9987269043922424,338.5707092285156,497.3082275390625,0.9990517497062683,334.517578125,609.9547729492188,0.9992241859436035,277.5295104980469,550.9373168945312,0.9877689480781555,388.0279541015625,555.771484375,0.9983939528465271,719.0045166015625,500.877197265625,0.9975106716156006,759.0853271484375,717.6557006835938,0.9998509883880615,693.5360717773438,595.2763671875,0.9969931840896606,783.9933471679688,550.6849365234375,0.9464415907859802,147.49327087402344,715.765625,0.3827318549156189,171.12835693359375,663.4008178710938,0.4442528486251831,170.5394744873047,662.9105834960938,0.2757264971733093,215.8444366455078,720.8302612304688,0.8393697738647461,178.0420684814453,704.4771118164062,0.5568863153457642,221.22500610351562,698.0333251953125,0.3652411699295044,137.0142364501953,627.420166015625,0.8878803253173828,260.10491943359375,724.596435546875,0.38913989067077637,246.8461151123047,770.5359497070312,0.37789422273635864,284.6383972167969,850.186279296875,0.9763403534889221,254.42518615722656,782.98388671875,0.09079555422067642
2313,85.16043853759766,115.57010650634766,0.9989070892333984,996.2810668945312,85.72570037841797,0.9998520612716675,90.38095092773438,1029.0137939453125,0.9998419284820557,1022.3499145507812,1019.6736450195312,0.9990447163581848,338.027099609375,497.64984130859375,0.9986973404884338,333.60723876953125,610.9652709960938,0.9979783892631531,277.0660705566406,548.796875,0.9968570470809937,387.4190673828125,554.5294799804688,0.9987479448318481,718.07470703125,501.30511474609375,0.9979568719863892,759.1472778320312,717.037109375,0.9998883008956909,694.7449340820312,595.3623046875,0.9987241625785828,782.765625,555.88330078125,0.9535903930664062,140.18850708007812,723.9223022460938,0.4552112817764282,219.4743194580078,719.0533447265625,0.021019579842686653,205.97415161132812,698.0740966796875,0.3616664707660675,213.2681121826172,708.394287109375,0.37198585271835327,195.291748046875,727.1607666015625,0.5846819877624512,250.43905639648438,656.0864868164062,0.4462551474571228,203.11767578125,716.628662109375,0.6464166045188904,270.78729248046875,698.0996704101562,0.10337430983781815,275.1018371582031,807.918212890625,0.05520836263895035,289.30029296875,864.5738525390625,0.9287005066871643,374.8394470214844,929.5806884765625,0.20284247398376465
2314,83.60419464111328,116.07485961914062,0.9995166063308716,997.2927856445312,83.44783782958984,0.999880313873291,89.3125228881836,1029.435546875,0.9998736381530762,1023.9878540039062,1019.9155883789062,0.9995477795600891,337.17437744140625,497.4247131347656,0.9989773035049438,333.4856872558594,608.8421630859375,0.9973338842391968,276.7094421386719,548.3273315429688,0.9988366961479187,387.516357421875,555.6804809570312,0.998918890953064,717.0875854492188,502.1668395996094,0.9988428354263306,758.4718627929688,717.8956298828125,0.9998019337654114,693.779541015625,591.4879150390625,0.9944407343864441,781.2998046875,544.44970703125,0.9524577856063843,77.197021484375,666.5252685546875,0.08287101984024048,180.42481994628906,705.548583984375,0.034287285059690475,193.22801208496094,716.7457885742188,0.4172176420688629,151.25648498535156,665.559814453125,0.8466847538948059,172.1688232421875,736.8106079101562,0.39067456126213074,130.7749481201172,726.0479125976562,0.3644236624240875,211.4187774658203,717.8112182617188,0.16574418544769287,264.2788391113281,672.2774047851562,0.3940044939517975,273.3761291503906,802.6975708007812,0.0333632193505764,290.6202392578125,865.70361328125,0.7416382431983948,271.72100830078125,804.0111083984375,0.6814709305763245
2315,83.8652572631836,114.00032043457031,0.999546468257904,995.9288330078125,82.68450927734375,0.9998602867126465,89.83634948730469,1030.0274658203125,0.9998571872711182,1023.27490234375,1020.8839111328125,0.9988168478012085,336.9925842285156,498.1050720214844,0.9989182949066162,333.6846008300781,608.130615234375,0.9960139989852905,276.9677429199219,549.848876953125,0.996597945690155,387.2774963378906,555.8247680664062,0.9988725781440735,717.6524658203125,501.5029296875,0.9987030029296875,758.97607421875,718.5093383789062,0.9997891783714294,694.1266479492188,592.159912109375,0.9921427965164185,782.7771606445312,554.022216796875,0.894947350025177,6.744185447692871,607.8306884765625,0.439799964427948,49.1943359375,643.7035522460938,0.48154300451278687,61.920326232910156,654.4312133789062,0.32810404896736145,210.880859375,692.2778930664062,0.6210992336273193,101.0926742553711,732.628662109375,0.5463480353355408,102.49857330322266,647.3621826171875,0.8596362471580505,205.6393280029297,732.1456909179688,0.17940357327461243,191.22850036621094,728.0521240234375,0.3355606496334076,272.2255554199219,801.7987060546875,0.2519022822380066,289.4295654296875,863.4407958984375,0.8537088632583618,336.7861022949219,921.9644775390625,0.8621760010719299
2316,82.54621887207031,112.16695404052734,0.9998553991317749,995.6674194335938,82.01736450195312,0.9998667240142822,90.47207641601562,1029.9697265625,0.9998053908348083,1022.2886352539062,1021.4384765625,0.9987949132919312,338.2541198730469,497.7729797363281,0.9988628625869751,331.5804443359375,609.0921020507812,0.9936095476150513,276.8589172363281,548.6910400390625,0.9975442290306091,387.9080505371094,557.6062622070312,0.9983572363853455,717.5796508789062,501.110595703125,0.9986727237701416,759.2999877929688,718.3012084960938,0.9997746348381042,695.2808227539062,592.1847534179688,0.9961484670639038,781.643798828125,548.88330078125,0.8919047117233276,-0.9210305213928223,630.2560424804688,0.11967881768941879,14.95068359375,640.9602661132812,0.5853442549705505,77.41508483886719,683.4816284179688,0.73978590965271,216.15159606933594,702.4229125976562,0.9440192580223083,44.265262603759766,688.1929931640625,0.5327092409133911,86.34549713134766,639.8379516601562,0.982833743095398,256.7320556640625,685.1280517578125,0.32466793060302734,170.72874450683594,736.09228515625,0.6239669322967529,261.76641845703125,779.6054077148438,0.6429764628410339,287.1684265136719,857.2032470703125,0.90329509973526,337.9457702636719,923.5404663085938,0.5601918697357178
2317,83.90564727783203,113.62352752685547,0.9995543360710144,993.3715209960938,83.1882553100586,0.9998146891593933,88.77469635009766,1030.3309326171875,0.999779999256134,1023.3807373046875,1020.9945068359375,0.999180257320404,337.3090515136719,497.28271484375,0.998049259185791,331.4701232910156,609.63916015625,0.9931558966636658,277.37347412109375,548.53125,0.9956949949264526,386.0962219238281,555.1507568359375,0.9982865452766418,716.0214233398438,500.0428466796875,0.9980278611183167,758.6962280273438,718.6826171875,0.9998493194580078,694.6124877929688,594.5668334960938,0.9961214661598206,783.5438232421875,547.6016845703125,0.8989579081535339,8.2387056350708,629.6739501953125,0.29273492097854614,22.648460388183594,636.7972412109375,0.3739026188850403,31.949926376342773,648.09375,0.6481671929359436,210.3656463623047,693.1427001953125,0.9901168942451477,42.84889602661133,683.0905151367188,0.8863544464111328,79.07565307617188,641.5423583984375,0.9855157732963562,94.85564422607422,644.2603149414062,0.24103505909442902,236.2375030517578,644.3677978515625,0.7444585561752319,247.28106689453125,752.3668823242188,0.6882351636886597,279.19378662109375,830.1304321289062,0.7796355485916138,339.06134033203125,925.439697265625,0.5627002120018005
2318,83.05064392089844,113.89852905273438,0.9997014403343201,996.2614135742188,82.10543823242188,0.9999023675918579,88.78893280029297,1029.0662841796875,0.9997485280036926,1020.8580932617188,1020.1700439453125,0.9985723495483398,336.88433837890625,497.72308349609375,0.9982023239135742,332.5655212402344,609.0668334960938,0.9962400197982788,276.82867431640625,550.4241333007812,0.9982597231864929,386.0865478515625,553.9051513671875,0.9987847208976746,715.2308959960938,499.7754211425781,0.9992986917495728,758.789794921875,718.4834594726562,0.9998130202293396,694.3790893554688,598.2135009765625,0.9954895377159119,783.7763671875,554.0169067382812,0.9084107279777527,72.78852844238281,751.7939453125,0.05243050307035446,49.76109313964844,624.7648315429688,0.45149075984954834,51.742183685302734,633.4088134765625,0.7392033338546753,195.18626403808594,681.5401000976562,0.903248131275177,40.43215560913086,661.767333984375,0.8865967392921448,99.81768035888672,632.9494018554688,0.7987769246101379,189.3018035888672,743.332763671875,0.3485638201236725,161.65777587890625,717.5653076171875,0.7709896564483643,227.77041625976562,744.901611328125,0.8608013987541199,284.56121826171875,848.6841430664062,0.9801065921783447,343.63067626953125,923.4024047851562,0.5240389704704285
2319,84.5519790649414,115.23246002197266,0.9994164705276489,996.242431640625,82.23063659667969,0.9999431371688843,90.20948028564453,1030.552490234375,0.9997174143791199,1021.6341552734375,1019.0546875,0.9984574317932129,338.869873046875,497.8892517089844,0.9988717436790466,330.44482421875,608.7084350585938,0.9939457774162292,277.1072082519531,545.5121459960938,0.9989070892333984,388.0075378417969,554.9688110351562,0.9989678859710693,716.201171875,500.0824279785156,0.9970777034759521,759.783447265625,719.4894409179688,0.9996844530105591,694.570068359375,594.7479248046875,0.9969779253005981,786.1993408203125,565.660888671875,0.8760707378387451,69.48637390136719,732.3763427734375,0.028411103412508965,148.79942321777344,720.0966796875,0.023310916498303413,95.17874145507812,714.9036865234375,0.11891349405050278,205.89382934570312,685.1372680664062,0.9323605298995972,165.29757690429688,750.5283203125,0.06933341920375824,70.78749084472656,707.7553100585938,0.3995499908924103,59.76947784423828,666.7781372070312,0.5377109050750732,165.975341796875,702.2380981445312,0.3269224464893341,86.75691223144531,726.6675415039062,0.19244985282421112,281.7004089355469,834.4451904296875,0.9576690196990967,343.3960266113281,920.7319946289062,0.7650676369667053
2320,83.2959213256836,115.05721282958984,0.9994799494743347,996.36181640625,84.33173370361328,0.9999245405197144,89.34780883789062,1029.3603515625,0.9997205138206482,1020.3318481445312,1020.1178588867188,0.997685432434082,338.6846618652344,497.0355529785156,0.9985392093658447,329.0592956542969,609.0708618164062,0.9979735016822815,277.0428771972656,545.830322265625,0.9968892931938171,388.59967041015625,554.1028442382812,0.9977982044219971,717.7435302734375,499.57098388671875,0.9987596273422241,759.4159545898438,719.2806396484375,0.9996597766876221,692.6429443359375,594.3065185546875,0.9982156753540039,784.9932861328125,571.0263671875,0.9638486504554749,91.07215118408203,723.1672973632812,0.008453712798655033,130.95277404785156,686.2810668945312,0.005239818245172501,137.6535186767578,687.250732421875,0.003575617214664817,176.8328094482422,675.4016723632812,0.7860812544822693,220.0437469482422,646.0636596679688,0.0658792033791542,90.6417007446289,721.2906494140625,0.16247592866420746,92.65758514404297,719.4815063476562,0.23128077387809753,79.24928283691406,686.9624633789062,0.3920903205871582,104.34758758544922,724.9902954101562,0.3750781714916229,284.87542724609375,837.0245971679688,0.6292112469673157,331.6340637207031,920.7884521484375,0.866760790348053
2321,85.22542572021484,114.9854965209961,0.9970242381095886,998.2496948242188,82.35647583007812,0.9996418952941895,89.6583251953125,1029.6087646484375,0.9998034834861755,1020.8803100585938,1019.687255859375,0.998571515083313,339.1831970214844,497.6332702636719,0.9988052845001221,333.7196350097656,609.4407348632812,0.9987422823905945,276.9693603515625,547.2357177734375,0.997281551361084,388.2101135253906,554.7907104492188,0.9975727200508118,717.3089599609375,502.3049621582031,0.9982092380523682,760.1973876953125,718.5704956054688,0.9997265934944153,694.61474609375,595.4216918945312,0.9980162382125854,785.5770263671875,567.212158203125,0.901671826839447,201.079345703125,758.647216796875,0.934381365776062,161.3525390625,704.733154296875,0.3171244263648987,166.77554321289062,692.6637573242188,0.442099392414093,181.52792358398438,662.6190185546875,0.10118868947029114,211.39059448242188,726.5596313476562,0.22970595955848694,236.48080444335938,651.4708251953125,0.48856931924819946,113.15174102783203,644.7149047851562,0.27966776490211487,198.04786682128906,731.8218994140625,0.02294967696070671,130.22311401367188,725.3162841796875,0.3458653688430786,295.6455078125,879.9466552734375,0.2723443806171417,286.421630859375,821.1752319335938,0.9978000521659851
2322,85.71692657470703,116.3289794921875,0.9991284012794495,997.3473510742188,83.88233947753906,0.9999505281448364,88.76532745361328,1030.2550048828125,0.9996795654296875,1022.593017578125,1020.1345825195312,0.998865008354187,337.2247619628906,497.4344482421875,0.9988211989402771,342.31561279296875,609.836181640625,0.9986514449119568,278.61273193359375,553.0281982421875,0.9765992760658264,391.1717529296875,553.5872802734375,0.9975824356079102,719.323974609375,502.2629699707031,0.9948126077651978,760.2948608398438,718.5765991210938,0.9995025396347046,695.8097534179688,594.4523315429688,0.9964712858200073,782.4854736328125,560.1436157226562,0.8554487824440002,142.60061645507812,698.4482421875,0.8939078450202942,202.91041564941406,681.3464965820312,0.6231417655944824,205.54949951171875,663.6652221679688,0.6819790601730347,209.15164184570312,639.0274047851562,0.11804305762052536,269.2473449707031,676.1029052734375,0.5857552289962769,280.18621826171875,636.5735473632812,0.6751522421836853,146.20909118652344,628.859619140625,0.4906430244445801,184.99290466308594,573.796142578125,0.05570489913225174,278.7779541015625,797.563232421875,0.4299216568470001,290.9529724121094,872.070068359375,0.47022441029548645,336.7618103027344,921.4695434570312,0.8398910760879517
2323,85.25072479248047,115.30989074707031,0.9997749924659729,996.9359130859375,83.6670150756836,0.9997072815895081,89.16650390625,1029.98681640625,0.9998106360435486,1021.4847412109375,1019.22802734375,0.9992066025733948,337.9438171386719,496.97686767578125,0.9978691339492798,344.78399658203125,609.5752563476562,0.9998924732208252,280.0860900878906,554.111572265625,0.9474833011627197,391.23931884765625,552.9854125976562,0.9971309304237366,718.0701293945312,502.2666320800781,0.9956034421920776,758.3890380859375,718.08984375,0.9997395873069763,695.2844848632812,596.4725341796875,0.9928168058395386,784.5662231445312,566.591064453125,0.8463512063026428,241.6202850341797,535.802001953125,0.6469281911849976,231.1008758544922,552.0569458007812,0.9470922350883484,229.3927459716797,569.5950317382812,0.8992069363594055,208.53872680664062,662.7681884765625,0.9764125347137451,203.65567016601562,575.4537963867188,0.974647045135498,257.4119873046875,583.8410034179688,0.8520841002464294,140.52532958984375,691.72216796875,0.3854881525039673,140.3001251220703,680.99609375,0.04146993160247803,242.25181579589844,720.5303344726562,0.007114513777196407,284.1649169921875,833.186279296875,0.887391984462738,267.3732604980469,766.7246704101562,0.4990619122982025
2324,85.197998046875,114.23799896240234,0.9997171759605408,995.1370239257812,82.45245361328125,0.9999138116836548,89.224853515625,1029.18212890625,0.9997565150260925,1021.9348754882812,1020.1146240234375,0.9973171353340149,337.9872741699219,497.6524658203125,0.9984906911849976,351.923583984375,602.6600952148438,0.9991070628166199,291.7978820800781,547.1486206054688,0.6806373596191406,390.4157409667969,551.6924438476562,0.9995574355125427,717.281005859375,502.46551513671875,0.9966211318969727,759.4847412109375,717.2677612304688,0.9997081160545349,695.3599853515625,594.5443115234375,0.9952520132064819,781.6331787109375,555.4547119140625,0.8766053915023804,256.2516784667969,509.5730895996094,0.9550100564956665,248.96083068847656,517.9603271484375,0.9790446162223816,246.3748016357422,531.1005249023438,0.8793661594390869,224.00196838378906,605.0818481445312,0.9806929230690002,218.37750244140625,532.407470703125,0.8655297756195068,283.9918518066406,603.6759643554688,0.8808801174163818,169.60821533203125,592.4769287109375,0.5790294408798218,248.3092803955078,704.7447509765625,0.8331307768821716,238.32147216796875,736.892822265625,0.10337341576814651,285.06732177734375,841.4234619140625,0.922316312789917,269.3157043457031,759.8416748046875,0.9253513813018799
2325,84.2975082397461,116.35321807861328,0.9998326301574707,996.4556884765625,85.5859146118164,0.9998725652694702,89.20848846435547,1030.2982177734375,0.9997287392616272,1022.625244140625,1020.5964965820312,0.9974080920219421,343.1551513671875,500.6723327636719,0.9948714971542358,355.3616027832031,603.7061767578125,0.9921993613243103,315.47918701171875,558.0551147460938,0.30825725197792053,392.07830810546875,553.8054809570312,0.9991559982299805,717.0148315429688,502.7555847167969,0.9974834322929382,760.0130615234375,717.3614501953125,0.9997503161430359,695.20361328125,596.3673095703125,0.997563362121582,782.9693603515625,556.5821533203125,0.8892204761505127,265.6962585449219,460.07977294921875,0.9983254075050354,237.92189025878906,548.3204956054688,0.9997629523277283,233.11895751953125,583.0501708984375,0.9855705499649048,224.6225128173828,669.4855346679688,0.943209171295166,189.17535400390625,593.6637573242188,0.9871864318847656,288.29901123046875,588.7987670898438,0.9938939213752747,168.08169555664062,697.2421264648438,0.7377947568893433,283.0493469238281,698.5245361328125,0.9661810398101807,248.72789001464844,742.3630981445312,0.04388778656721115,285.54705810546875,846.8602905273438,0.9543439745903015,339.3852844238281,927.4800415039062,0.8059797883033752
2326,84.97657775878906,116.06429290771484,0.9997053742408752,995.1695556640625,85.63252258300781,0.9999072551727295,89.06529998779297,1029.7415771484375,0.9997896552085876,1021.6392822265625,1021.5819091796875,0.9976907968521118,342.5685119628906,501.6975402832031,0.9799525141716003,356.90325927734375,605.14990234375,0.996945321559906,314.6403503417969,561.853759765625,0.013520237989723682,389.640625,552.7308959960938,0.9993320107460022,716.1119995117188,503.1513671875,0.9860513210296631,758.8712768554688,718.3082275390625,0.9997352957725525,695.0556030273438,594.5073852539062,0.9972797632217407,782.102783203125,554.32275390625,0.8818587064743042,265.11785888671875,428.5663757324219,0.9666749238967896,266.2073059082031,448.70513916015625,0.9594701528549194,262.8917541503906,471.84722900390625,0.8712173700332642,226.4332733154297,657.9351196289062,0.9972378015518188,193.87680053710938,591.8755493164062,0.5337778329849243,293.0691223144531,604.5771484375,0.785605251789093,285.6401672363281,604.7474975585938,0.9130148887634277,274.8299865722656,700.2684326171875,0.9399960041046143,226.23609924316406,739.6580200195312,0.0696215108036995,285.7754211425781,840.9866333007812,0.9816086888313293,341.8990783691406,929.1654663085938,0.1778527796268463
2327,84.22076416015625,116.68775177001953,0.9998188614845276,994.6396484375,85.31043243408203,0.9999475479125977,90.11505126953125,1029.2147216796875,0.9998204112052917,1021.6052856445312,1019.9104614257812,0.9987947940826416,340.3121643066406,501.39263916015625,0.9973689317703247,354.2479248046875,605.6931762695312,0.998503565788269,305.08489990234375,549.2763061523438,0.12541164457798004,389.50054931640625,550.7069702148438,0.9993011951446533,714.7793579101562,501.8553161621094,0.994096040725708,758.82470703125,717.7177734375,0.9997283816337585,693.8557739257812,595.611572265625,0.9961590766906738,781.5159301757812,550.3284301757812,0.7973212599754333,260.5318298339844,453.84442138671875,0.9904158115386963,245.41319274902344,544.888671875,0.9686708450317383,242.77438354492188,575.5604248046875,0.9019159078598022,232.5718231201172,669.1881713867188,0.9812977313995361,197.47508239746094,594.5918579101562,0.9585319757461548,291.785888671875,592.7723388671875,0.9860771894454956,175.2051239013672,692.302490234375,0.8759111166000366,279.003173828125,698.9839477539062,0.6278235912322998,178.0531463623047,710.5921630859375,0.19067105650901794,284.3968811035156,842.0567016601562,0.9732898473739624,338.9873046875,929.5203857421875,0.6028684973716736
2328,82.12805938720703,116.68223571777344,0.9998200535774231,998.9410400390625,82.82928466796875,0.9998652935028076,90.17640686035156,1029.8858642578125,0.9998082518577576,1022.8338623046875,1020.74951171875,0.9980226755142212,336.62310791015625,497.5261535644531,0.9965581297874451,353.8217468261719,608.615966796875,0.9957441687583923,302.060302734375,551.87744140625,0.3792806565761566,388.2098083496094,553.2470092773438,0.9984379410743713,715.6751708984375,501.159912109375,0.9960294961929321,759.8015747070312,718.0016479492188,0.9995144605636597,695.2991943359375,595.2634887695312,0.9939666986465454,781.9248046875,555.574462890625,0.8639594316482544,276.40008544921875,498.36907958984375,0.9987778067588806,233.55322265625,557.0438232421875,0.7898786664009094,224.36795043945312,580.5175170898438,0.9254624247550964,220.79483032226562,669.7705078125,0.957598090171814,182.2262725830078,593.8307495117188,0.9536775946617126,288.7632751464844,617.3200073242188,0.9671909809112549,201.82041931152344,718.6691284179688,0.26112741231918335,299.21435546875,685.999267578125,0.23429004848003387,243.5127410888672,737.9924926757812,0.022419478744268417,285.43768310546875,850.0277709960938,0.9106295108795166,340.141357421875,932.1346435546875,0.49081629514694214
2329,84.22900390625,116.36412811279297,0.9997928738594055,996.2525024414062,84.40357971191406,0.9999678134918213,89.81627655029297,1029.6964111328125,0.9998226761817932,1020.2630004882812,1020.6422119140625,0.9986434578895569,334.0999755859375,498.73590087890625,0.9990684390068054,355.29998779296875,607.5601196289062,0.9981984496116638,297.7655029296875,580.7740478515625,0.8408136963844299,386.73626708984375,552.7869873046875,0.99888676404953,713.5407104492188,502.2435607910156,0.9910962581634521,759.5111083984375,718.4636840820312,0.9995052814483643,694.9208374023438,595.7313232421875,0.9935905933380127,781.4017333984375,552.6480712890625,0.6990478038787842,286.6908874511719,511.2470703125,0.9999538660049438,240.4151153564453,547.8133544921875,0.9978100657463074,224.9475860595703,567.2376098632812,0.9965665340423584,198.805908203125,660.0717163085938,0.9989114999771118,172.068603515625,580.4667358398438,0.8134474754333496,255.15765380859375,619.045654296875,0.8202514052391052,175.8273162841797,720.4676513671875,0.039768293499946594,164.01637268066406,583.0775756835938,0.236542209982872,289.74920654296875,842.9284057617188,0.002998058218508959,285.3821716308594,849.9011840820312,0.9801642298698425,256.0239562988281,766.2813720703125,0.4394301772117615
2330,82.8785171508789,116.93051147460938,0.9997726082801819,996.612548828125,84.36982727050781,0.9999239444732666,90.0941162109375,1029.923095703125,0.999812662601471,1019.5750122070312,1019.3692016601562,0.9989537000656128,337.1502380371094,498.0299072265625,0.999963641166687,349.01702880859375,607.447998046875,0.9977990984916687,298.1067810058594,581.335205078125,0.4518797993659973,385.5080261230469,552.780517578125,0.9994590878486633,715.4332275390625,501.384765625,0.9946139454841614,758.7090454101562,717.6401977539062,0.9996757507324219,693.4693603515625,595.207763671875,0.9933438301086426,781.2002563476562,555.3890380859375,0.86183762550354,303.71807861328125,523.2568359375,0.99784255027771,242.24232482910156,549.8568115234375,0.9996205568313599,224.33851623535156,566.7482299804688,0.9984821677207947,195.45989990234375,655.7883911132812,0.9987137317657471,174.805908203125,573.5902709960938,0.8131263256072998,272.4916076660156,612.1779174804688,0.7145115733146667,183.10546875,723.382080078125,0.1119052842259407,271.59613037109375,697.76806640625,0.6367992758750916,239.8481903076172,755.5499267578125,0.3500418961048126,285.3811950683594,848.4658813476562,0.9758808016777039,339.5802001953125,931.1498413085938,0.1513822078704834
2331,84.21182250976562,115.66024017333984,0.9995490908622742,995.1829833984375,84.21582794189453,0.9999109506607056,89.8031005859375,1030.2154541015625,0.9998200535774231,1019.5430297851562,1019.7654418945312,0.998170018196106,342.18829345703125,497.5582580566406,0.9998063445091248,350.316650390625,608.619873046875,0.957312285900116,312.40972900390625,579.625732421875,0.4908081293106079,385.3143615722656,554.8933715820312,0.9996428489685059,716.9033813476562,501.0177917480469,0.9948017597198486,757.9114990234375,717.5254516601562,0.9998416900634766,692.774658203125,595.38037109375,0.99430251121521,780.8118896484375,555.562744140625,0.8190250992774963,337.3079528808594,529.9434814453125,0.9937583208084106,267.8536376953125,547.1903686523438,0.9905219078063965,245.2659149169922,562.3464965820312,0.9780862927436829,200.9049835205078,647.2722778320312,0.9994115829467773,194.11277770996094,558.5929565429688,0.9802098870277405,276.4454040527344,616.8755493164062,0.8671032190322876,141.69862365722656,684.9387817382812,0.5674665570259094,261.17962646484375,693.5177612304688,0.9841603636741638,232.1903076171875,751.7928466796875,0.4448683261871338,285.8813171386719,843.426513671875,0.9866257905960083,347.47662353515625,932.3705444335938,0.2753186821937561
2332,84.8987808227539,117.12096405029297,0.9997993111610413,997.2192993164062,82.4328842163086,0.9999184608459473,90.1801986694336,1030.1873779296875,0.9997702240943909,1021.1165771484375,1019.707275390625,0.9988835453987122,344.74310302734375,499.3070068359375,0.9962189793586731,347.06866455078125,611.009521484375,0.8108817338943481,319.4701843261719,576.7218017578125,0.5083523988723755,387.6116638183594,558.3777465820312,0.9989761114120483,719.7025146484375,501.7418518066406,0.997214138507843,757.20068359375,718.6414184570312,0.999848484992981,692.9874877929688,594.6825561523438,0.9960218071937561,782.0357055664062,558.2017822265625,0.8335607051849365,345.4758605957031,528.2266845703125,0.9981069564819336,279.0475769042969,552.9159545898438,0.9945428371429443,252.432861328125,570.1814575195312,0.9931656718254089,199.1651611328125,635.1640625,0.9959249496459961,208.47230529785156,547.32275390625,0.9875882267951965,277.9380798339844,629.50732421875,0.9608654379844666,144.31744384765625,620.9014282226562,0.4003586769104004,204.0564727783203,549.0932006835938,0.6879357099533081,150.94203186035156,715.282470703125,0.00992271676659584,284.63623046875,844.1426391601562,0.988353431224823,342.79156494140625,929.59619140625,0.5721340179443359
2333,83.28946685791016,117.55194854736328,0.998849630355835,994.0294799804688,82.33365631103516,0.9999303817749023,89.16676330566406,1029.537841796875,0.9998090863227844,1022.1845092773438,1020.0773315429688,0.998234748840332,329.2059020996094,496.2046203613281,0.09764844179153442,350.1286315917969,611.1639404296875,0.8251647353172302,325.0683898925781,579.7540893554688,0.1712830364704132,389.1363220214844,563.4576416015625,0.8715255856513977,719.7647094726562,502.8431091308594,0.9944167137145996,758.7587890625,717.5739135742188,0.9997647404670715,693.4027709960938,594.244140625,0.9970121383666992,783.1427001953125,544.2521362304688,0.7929478287696838,367.3042907714844,517.94921875,0.9959553480148315,293.35748291015625,543.7749633789062,0.9984751343727112,264.5950622558594,562.1517944335938,0.9985702037811279,205.8017120361328,633.9292602539062,0.9925274848937988,220.2600555419922,544.5052490234375,0.9453510046005249,283.76080322265625,619.0181884765625,0.9959173798561096,136.398681640625,665.4795532226562,0.4730939269065857,245.71975708007812,692.6730346679688,0.996435284614563,229.2301025390625,749.6338500976562,0.40190061926841736,285.1604309082031,838.79736328125,0.9914234280586243,348.9709777832031,929.6253051757812,0.6390911936759949
2334,83.68061065673828,116.6475830078125,0.999646782875061,995.6369018554688,83.87294006347656,0.9999358654022217,89.8365707397461,1029.39599609375,0.9996808767318726,1019.7506713867188,1020.1350708007812,0.9976269602775574,367.2745056152344,525.5174560546875,0.06487493962049484,350.6451721191406,610.7136840820312,0.6946820616722107,321.15985107421875,590.4276733398438,0.017667042091488838,391.2451477050781,563.2174072265625,0.7659274935722351,716.9020385742188,502.7449951171875,0.9958788156509399,757.8908081054688,718.867919921875,0.9997562766075134,692.7589111328125,594.931884765625,0.9971669316291809,782.0391845703125,557.142578125,0.8895187377929688,367.71221923828125,500.9149169921875,0.9747965931892395,290.71112060546875,539.2297973632812,0.9501210451126099,264.3481750488281,557.312744140625,0.9918426275253296,204.2013397216797,637.1295166015625,0.9914759993553162,211.5299835205078,547.5534057617188,0.9284912943840027,285.17327880859375,611.8563842773438,0.9845200777053833,137.014404296875,668.5223388671875,0.34013456106185913,242.00302124023438,693.5311279296875,0.9702592492103577,210.92140197753906,743.3457641601562,0.03703830763697624,284.20556640625,839.7354125976562,0.9909912347793579,342.3757019042969,931.14208984375,0.4970000982284546
2335,83.81668853759766,118.74700927734375,0.9991757273674011,994.9346923828125,83.8354263305664,0.9999722242355347,89.7244644165039,1028.58251953125,0.9998784065246582,1020.6253662109375,1020.0283203125,0.9985625147819519,355.213623046875,522.31396484375,0.9061907529830933,354.71685791015625,606.1805419921875,0.8297314047813416,317.9800720214844,583.099853515625,0.5909723043441772,392.4530334472656,558.9937133789062,0.9963474869728088,717.3013305664062,501.99224853515625,0.9964897036552429,758.59619140625,719.7528076171875,0.9994882345199585,693.4761962890625,594.9983520507812,0.996403694152832,783.5327758789062,565.94580078125,0.8684132695198059,346.3962707519531,489.291748046875,0.9418039321899414,270.1738586425781,537.40234375,0.9397969841957092,246.8545379638672,556.7285766601562,0.9664268493652344,199.10447692871094,640.6632690429688,0.9997398257255554,200.87596130371094,555.375732421875,0.5890264511108398,279.9454040527344,624.6249389648438,0.8417064547538757,140.2013397216797,667.431396484375,0.84524005651474,232.57223510742188,694.7593383789062,0.9599881768226624,209.47381591796875,741.5177001953125,0.06145249679684639,284.0851135253906,837.6851806640625,0.9951333403587341,225.05897521972656,750.8997802734375,0.37593284249305725
2336,84.59358215332031,117.09452056884766,0.9997294545173645,994.166748046875,85.27024841308594,0.9999051094055176,90.01451873779297,1027.7603759765625,0.999875545501709,1021.4635009765625,1019.932373046875,0.9987561702728271,345.0831298828125,498.8785400390625,0.9959859251976013,352.652099609375,607.9036865234375,0.9935396313667297,305.864990234375,575.623779296875,0.816341757774353,391.97100830078125,552.7175903320312,0.9955199956893921,718.4188842773438,501.98638916015625,0.9957072138786316,758.655517578125,718.6768798828125,0.9997809529304504,693.6909790039062,593.9244384765625,0.9966768026351929,785.0546264648438,566.3485107421875,0.8291153907775879,300.2428283691406,475.7031555175781,0.9672218561172485,243.1861114501953,529.171142578125,0.7832803130149841,227.62600708007812,552.3309936523438,0.9719579219818115,196.21063232421875,653.0989990234375,0.9990062117576599,215.5153045654297,529.8980102539062,0.8967956900596619,280.27728271484375,602.3145141601562,0.9856885671615601,141.76544189453125,685.418701171875,0.7992900013923645,249.4922637939453,684.165283203125,0.9297801852226257,217.6038360595703,742.4491577148438,0.7055343985557556,283.13165283203125,835.0841064453125,0.9970492720603943,341.64312744140625,930.6980590820312,0.40701767802238464
2337,82.82635498046875,116.03815460205078,0.9995321035385132,996.7274780273438,84.58878326416016,0.9999526739120483,89.11652374267578,1029.1812744140625,0.9998207688331604,1020.0155639648438,1019.96533203125,0.9977383613586426,333.8332824707031,499.9455261230469,0.9963567852973938,351.7276306152344,608.7932739257812,0.9965704679489136,287.167724609375,571.7357788085938,0.9929256439208984,391.22027587890625,548.2728881835938,0.9984667897224426,715.7418823242188,501.461181640625,0.9970929622650146,759.86279296875,718.2476196289062,0.9996969699859619,694.4697265625,594.800537109375,0.9963605999946594,782.9522094726562,556.9151611328125,0.8125852346420288,260.3663330078125,479.4512634277344,0.9236841201782227,216.96983337402344,530.3773803710938,0.8732869029045105,206.2462615966797,549.780517578125,0.5773656368255615,189.28207397460938,649.732421875,0.9947353005409241,178.06285095214844,551.5337524414062,0.9528489708900452,261.4774169921875,601.7868041992188,0.996215283870697,140.9580535888672,687.4482421875,0.5510805249214172,240.35211181640625,685.1383666992188,0.9298639893531799,215.22314453125,736.5548706054688,0.7972922325134277,282.8665466308594,833.943115234375,0.9971538782119751,338.40496826171875,929.5791015625,0.5159241557121277
2338,85.0825424194336,117.77044677734375,0.9996699094772339,995.5520629882812,84.79710388183594,0.9999619722366333,90.16062927246094,1028.598388671875,0.9998182654380798,1020.6517944335938,1020.2399291992188,0.9979764819145203,330.48846435546875,498.3912353515625,0.9894160628318787,350.0733642578125,606.2156372070312,0.999631404876709,286.9549255371094,573.2998046875,0.9622853398323059,390.5885925292969,549.3505859375,0.9995737671852112,717.0157470703125,502.62518310546875,0.9960209727287292,759.3458862304688,718.447509765625,0.9997147917747498,692.392578125,594.0953979492188,0.9966189861297607,780.2732543945312,557.7577514648438,0.8619327545166016,198.35488891601562,505.48309326171875,0.8177684545516968,178.51524353027344,574.468505859375,0.43524986505508423,173.8180694580078,579.7443237304688,0.7733249068260193,184.28939819335938,666.1917724609375,0.8402714729309082,145.91905212402344,604.1384887695312,0.8827309608459473,241.8785400390625,684.8311157226562,0.3556642234325409,133.82009887695312,667.6912841796875,0.6726465821266174,237.0111846923828,689.0660400390625,0.8690133690834045,226.2082061767578,737.5905151367188,0.2749137580394745,282.46185302734375,835.7614135742188,0.9946531057357788,337.1485900878906,929.751953125,0.5831840634346008
2339,84.40107727050781,115.79377746582031,0.999776303768158,996.2589721679688,83.47708892822266,0.9999188184738159,89.85057067871094,1028.2227783203125,0.9998490810394287,1020.8831176757812,1019.6295166015625,0.9979325532913208,343.8111572265625,495.42230224609375,0.9946618676185608,342.40826416015625,608.7894287109375,0.9992325305938721,280.99853515625,557.5377197265625,0.8781383633613586,391.57861328125,554.8395385742188,0.9952521324157715,717.184814453125,501.9954528808594,0.9960307478904724,759.2452392578125,719.265869140625,0.9997591376304626,692.297119140625,595.0018920898438,0.9969503283500671,781.9386596679688,551.3887329101562,0.6997703909873962,144.1257781982422,683.2459716796875,0.02756853960454464,168.33082580566406,680.27587890625,0.09078677743673325,146.3014373779297,649.5570678710938,0.05112635716795921,175.67471313476562,624.4099731445312,0.11701138317584991,132.0810546875,630.98486328125,0.21471673250198364,225.15293884277344,602.330322265625,0.9068023562431335,231.24351501464844,654.07763671875,0.44535231590270996,124.00413513183594,631.5038452148438,0.20919491350650787,227.4652099609375,743.9718627929688,0.9987170696258545,282.3501892089844,837.0687255859375,0.995307981967926,340.62091064453125,927.2362670898438,0.18173322081565857
2340,83.61968231201172,114.47914123535156,0.9996848106384277,993.8934936523438,82.54192352294922,0.9997755885124207,89.18113708496094,1028.8236083984375,0.9998974800109863,1017.7235107421875,1019.8855590820312,0.9982471466064453,339.2482604980469,499.41436767578125,0.9984991550445557,334.3390197753906,611.681884765625,0.9993112087249756,278.6810302734375,551.6486206054688,0.9825899004936218,388.186279296875,554.42529296875,0.9981133937835693,712.9057006835938,500.6099548339844,0.9955963492393494,759.3442993164062,719.0882568359375,0.9996540546417236,692.9762573242188,596.5661010742188,0.9977239966392517,786.8860473632812,579.3128662109375,0.7043331265449524,59.16878890991211,631.4280395507812,0.0684799998998642,85.1756820678711,594.7412109375,0.17383331060409546,77.4037857055664,615.5119018554688,0.10371492803096771,163.39883422851562,633.087158203125,0.3662310540676117,54.12907409667969,600.9441528320312,0.06838037073612213,218.7399444580078,593.8029174804688,0.1078835055232048,133.18116760253906,675.6292114257812,0.8018068075180054,189.61477661132812,582.8723754882812,0.4408895671367645,223.77967834472656,733.750732421875,0.2898372411727905,284.2637634277344,838.4725341796875,0.995227575302124,239.2586669921875,752.69970703125,0.7529314160346985
2341,87.19910430908203,117.2553939819336,0.998965859413147,995.825439453125,84.65550994873047,0.9999580383300781,89.5041732788086,1029.7274169921875,0.9998555183410645,1021.8483276367188,1020.814208984375,0.9991856217384338,340.4560241699219,498.6224670410156,0.9990752935409546,332.39361572265625,609.5671997070312,0.998688280582428,277.8099670410156,550.6499633789062,0.9985170960426331,387.6048583984375,559.1663818359375,0.9987707734107971,715.1983642578125,501.1960754394531,0.9907700419425964,759.0912475585938,719.3754272460938,0.9997653365135193,695.01806640625,596.1988525390625,0.9953108429908752,785.466796875,565.258544921875,0.7077136039733887,32.75217056274414,546.7080688476562,0.6707504987716675,36.85227966308594,547.2380981445312,0.12840025126934052,64.35823822021484,629.109619140625,0.7088232636451721,165.1929168701172,631.3916015625,0.03402096405625343,23.5351505279541,583.2449951171875,0.6020623445510864,79.502197265625,543.9508056640625,0.05811354145407677,186.5454559326172,700.0062255859375,0.41963744163513184,181.9990997314453,693.484619140625,0.1082300916314125,224.259765625,724.3729858398438,0.13010163605213165,280.81353759765625,829.0476684570312,0.6580505967140198,288.5577087402344,870.8972778320312,0.8928048610687256
2342,85.02876281738281,114.72644805908203,0.9981744289398193,997.1021118164062,85.05757141113281,0.9999523162841797,89.90998840332031,1029.641357421875,0.9998028874397278,1023.0274047851562,1021.130859375,0.9988032579421997,338.3541259765625,498.4213562011719,0.9992766976356506,333.5614318847656,611.4169921875,0.9975677132606506,277.3221435546875,549.588134765625,0.9988160133361816,388.1522216796875,557.4552001953125,0.999207079410553,718.4291381835938,499.7001037597656,0.9935644268989563,756.8634033203125,719.0197143554688,0.9997590184211731,693.7489013671875,593.4676513671875,0.9921916127204895,786.1194458007812,567.7349853515625,0.9079285860061646,0.17221283912658691,540.9352416992188,0.3749699890613556,14.30270767211914,576.15625,0.8596020340919495,56.974544525146484,625.6888427734375,0.5839550495147705,180.70361328125,658.4578247070312,0.9341555833816528,79.03614807128906,664.708984375,0.9551366567611694,78.54495239257812,567.5939331054688,0.9698348641395569,164.93228149414062,713.6719360351562,0.9327843189239502,257.1351013183594,657.1439208984375,0.13046744465827942,214.55348205566406,728.31396484375,0.8780450820922852,282.16595458984375,828.8469848632812,0.7886090278625488,291.39337158203125,874.6221923828125,0.9501591920852661
2343,85.34663391113281,118.12063598632812,0.9997774958610535,998.4954223632812,84.13908386230469,0.9999091625213623,89.78021240234375,1028.86669921875,0.9997816681861877,1020.6104125976562,1020.8977661132812,0.9977287650108337,337.0681457519531,497.9775390625,0.9990845918655396,336.18145751953125,610.0091552734375,0.9984320998191833,276.99957275390625,550.544189453125,0.9972334504127502,387.51458740234375,554.9595947265625,0.9984986782073975,717.8997192382812,500.27716064453125,0.9978896975517273,759.7095336914062,719.6505126953125,0.9996953010559082,695.2257080078125,592.1500854492188,0.9925156235694885,786.6180419921875,564.3848266601562,0.8865723013877869,18.637908935546875,685.4195556640625,0.1560756415128708,1.6957647800445557,599.4613037109375,0.1917007565498352,6.390494346618652,592.8159790039062,0.3150221109390259,160.15869140625,666.5430908203125,0.8777926564216614,51.32358932495117,669.1804809570312,0.988552451133728,20.24007225036621,545.8690795898438,0.6956896185874939,110.67001342773438,579.5631713867188,0.7728177905082703,226.34530639648438,626.6243896484375,0.3148210942745209,87.73583984375,557.6235961914062,0.49612531065940857,280.65997314453125,832.7557373046875,0.4414548873901367,428.00830078125,494.7486267089844,0.5542004108428955
2344,83.96041870117188,116.0369644165039,0.9999198913574219,995.077392578125,83.37010192871094,0.9999001026153564,89.25458526611328,1031.37646484375,0.9996808767318726,1020.5886840820312,1019.9828491210938,0.9984232187271118,336.0992431640625,498.17193603515625,0.9989452958106995,333.2835693359375,612.1450805664062,0.9983105659484863,277.2066345214844,548.7139892578125,0.9985529780387878,388.68280029296875,554.76171875,0.9969461560249329,712.990234375,500.99884033203125,0.9895852208137512,756.9512939453125,718.284912109375,0.9997461438179016,695.4822998046875,592.2445678710938,0.9929919242858887,783.4114379882812,549.9794921875,0.7086295485496521,0.8026456832885742,534.5822143554688,0.08779989182949066,28.79902458190918,550.5984497070312,0.9413299560546875,43.8139533996582,562.5761108398438,0.5912869572639465,130.44451904296875,643.0758056640625,0.7622563242912292,38.90706253051758,676.2532958984375,0.7427607774734497,70.32240295410156,561.2762451171875,0.9395463466644287,131.99679565429688,705.3130493164062,0.3039281666278839,197.5111083984375,601.2955322265625,0.4287277162075043,213.2772216796875,717.9252319335938,0.8285437822341919,258.7337341308594,776.5445556640625,0.9277782440185547,292.998291015625,871.4649047851562,0.4203910231590271
2345,85.80227661132812,115.34732055664062,0.9996604919433594,997.5159301757812,85.1280517578125,0.9998924732208252,89.5765151977539,1031.69287109375,0.999528169631958,1021.6909790039062,1020.466552734375,0.9972683191299438,335.6882629394531,497.713134765625,0.998913049697876,337.86572265625,610.1438598632812,0.9962926506996155,276.3133850097656,549.5587768554688,0.9938389658927917,387.2115783691406,553.8472900390625,0.9979074001312256,715.3338623046875,500.45880126953125,0.9958053827285767,757.2914428710938,717.3963012695312,0.9998601675033569,696.6052856445312,592.090087890625,0.9914195537567139,787.8623657226562,563.9363403320312,0.809035062789917,1.7051482200622559,534.302978515625,0.19534191489219666,21.623353958129883,549.79638671875,0.9757305383682251,34.50358963012695,568.595947265625,0.8456282019615173,147.00930786132812,634.7855834960938,0.9367085099220276,36.47997283935547,679.292724609375,0.9267787337303162,70.9128646850586,569.8182983398438,0.9957699179649353,162.64077758789062,694.7364501953125,0.5878024697303772,212.631591796875,625.97900390625,0.49502554535865784,220.89779663085938,720.443359375,0.9766138195991516,258.9756774902344,773.8573608398438,0.8505080938339233,291.243408203125,869.0421752929688,0.22603857517242432
2346,83.8497543334961,114.89743041992188,0.9997915625572205,995.3352661132812,84.5102767944336,0.9999549388885498,89.7820816040039,1030.2635498046875,0.9996809959411621,1019.113037109375,1019.3046875,0.9986465573310852,332.7689208984375,498.898193359375,0.9957231283187866,340.9648742675781,609.5106201171875,0.9980835914611816,276.827392578125,556.5404663085938,0.9929443001747131,387.63177490234375,554.1739501953125,0.9977095127105713,714.5391845703125,502.03839111328125,0.993821382522583,757.6439208984375,718.0230102539062,0.9998472929000854,695.6661987304688,592.0855102539062,0.9940727353096008,783.0938110351562,546.9677124023438,0.8848592042922974,1.522674560546875,531.6685180664062,0.1143268346786499,15.192169189453125,544.847900390625,0.9358001351356506,23.56876564025879,558.9041137695312,0.8297097086906433,136.57716369628906,634.42578125,0.87037193775177,19.076021194458008,679.185302734375,0.9579254984855652,67.65479278564453,564.5499267578125,0.9895820617675781,140.75062561035156,692.9341430664062,0.7997487783432007,200.0060272216797,601.6671142578125,0.46626436710357666,224.44046020507812,716.5596923828125,0.9981765747070312,262.74920654296875,771.8668212890625,0.7106961011886597,426.325439453125,494.5409851074219,0.412601113319397
2347,84.27882385253906,116.6982421875,0.9996252059936523,995.3720703125,86.49069213867188,0.9999605417251587,88.65215301513672,1029.80615234375,0.9996064305305481,1021.5260620117188,1018.9216918945312,0.9992345571517944,333.7923278808594,498.32757568359375,0.9962766766548157,340.4001159667969,610.1390991210938,0.9975136518478394,278.03857421875,560.0602416992188,0.9953725934028625,388.0890197753906,555.115966796875,0.9972471594810486,714.5299682617188,501.6651916503906,0.9967796206474304,758.3980102539062,718.2137451171875,0.9998024106025696,695.71044921875,594.015380859375,0.9948081374168396,782.6520385742188,549.2902221679688,0.9420668482780457,1.7366888523101807,531.4276123046875,0.11313759535551071,34.30506134033203,580.0299072265625,0.41967442631721497,58.37591552734375,597.9346313476562,0.6709210276603699,133.38967895507812,623.094482421875,0.6644080877304077,24.625810623168945,634.5997924804688,0.26413026452064514,74.49314880371094,562.360595703125,0.9824095964431763,140.81478881835938,681.9454956054688,0.32258835434913635,204.13304138183594,626.6063842773438,0.7672805786132812,225.9544677734375,712.8317260742188,0.9952921867370605,263.78662109375,772.70361328125,0.819789707660675,295.0116882324219,875.7152709960938,0.8084484338760376
2348,83.20314025878906,116.47452545166016,0.9997128844261169,995.752197265625,83.76296997070312,0.9999414682388306,88.93892669677734,1029.0267333984375,0.9997276663780212,1022.2279663085938,1019.169189453125,0.9990642666816711,333.65399169921875,498.4433288574219,0.9972346425056458,341.85833740234375,609.0001831054688,0.998382568359375,277.80047607421875,560.7898559570312,0.9981708526611328,387.6034851074219,553.7286376953125,0.9980873465538025,715.5052490234375,500.73712158203125,0.9984105825424194,758.4892578125,717.7760620117188,0.9998801946640015,694.9603881835938,594.9010620117188,0.9930641055107117,782.579345703125,554.8701782226562,0.8802791833877563,2.746997594833374,529.9476928710938,0.05545271560549736,12.433476448059082,545.531982421875,0.822490930557251,21.493003845214844,558.4412231445312,0.526498019695282,146.696044921875,631.6215209960938,0.9396141171455383,23.022388458251953,657.4116821289062,0.41474953293800354,80.52873992919922,559.8148803710938,0.9769815802574158,147.51156616210938,684.0142822265625,0.9606752991676331,212.26841735839844,612.7411499023438,0.3457753658294678,216.66543579101562,700.524169921875,0.9992160797119141,262.9584655761719,768.5780029296875,0.9825181365013123,291.3242492675781,872.1688842773438,0.5782791972160339
2349,84.93011474609375,116.17814636230469,0.9993459582328796,994.7944946289062,83.7477798461914,0.9999110698699951,88.82035827636719,1029.5465087890625,0.9998160004615784,1022.2097778320312,1019.8048706054688,0.9985077977180481,333.6348571777344,498.16693115234375,0.9959949254989624,342.6688537597656,608.4124755859375,0.9978283047676086,278.31854248046875,560.973876953125,0.9944700002670288,387.33013916015625,553.4068603515625,0.9981759786605835,716.3734741210938,501.4623107910156,0.9968036413192749,757.4109497070312,718.2589111328125,0.9997751116752625,695.6611328125,592.1221313476562,0.9925562739372253,780.6402587890625,554.0521240234375,0.9029591679573059,3.905466318130493,529.6766357421875,0.1838277131319046,17.43534278869629,546.0121459960938,0.9242035150527954,21.96484375,554.7123413085938,0.571895956993103,154.40101623535156,626.2039794921875,0.9747610092163086,39.7823486328125,661.4866333007812,0.9412657022476196,72.92217254638672,556.7882080078125,0.9156099557876587,151.7848663330078,680.83837890625,0.9848858714103699,205.9224853515625,605.3344116210938,0.6833087205886841,224.4462432861328,700.436767578125,0.9973128437995911,267.4754943847656,771.9520874023438,0.9535630941390991,610.4088134765625,765.823974609375,0.24577662348747253
2350,86.14742279052734,115.80793762207031,0.998236894607544,996.2805786132812,83.77409362792969,0.9998573064804077,88.93656158447266,1028.1375732421875,0.9997730851173401,1019.1932983398438,1019.8334350585938,0.998698353767395,334.8260498046875,499.107177734375,0.9976505637168884,339.94677734375,608.435302734375,0.9972549080848694,276.52301025390625,555.2396240234375,0.995120108127594,386.27020263671875,553.8876953125,0.9984351992607117,717.9808349609375,499.8836669921875,0.9970351457595825,758.5798950195312,718.4198608398438,0.9998003840446472,695.1414794921875,597.6676025390625,0.9971351623535156,781.9859619140625,552.0337524414062,0.8551340699195862,15.299373626708984,675.825439453125,0.5369037389755249,19.504194259643555,535.1199340820312,0.9912994503974915,34.107421875,545.8832397460938,0.7567090392112732,151.59375,626.20751953125,0.9933021068572998,50.78279495239258,638.0354614257812,0.2249492108821869,71.96955108642578,550.0335693359375,0.9894296526908875,159.71836853027344,672.9374389648438,0.6918497085571289,194.0869140625,587.8009643554688,0.4962714910507202,217.6291961669922,693.8609008789062,0.9903382658958435,272.1488952636719,772.8939208984375,0.965853214263916,283.8441467285156,865.4130249023438,0.9765543937683105
2351,87.26606750488281,117.28589630126953,0.9985437393188477,995.4522705078125,85.22679901123047,0.9999276399612427,89.52550506591797,1029.90869140625,0.9997636675834656,1019.6300659179688,1019.6198120117188,0.9983453750610352,332.4440612792969,498.18157958984375,0.9948118925094604,340.6517028808594,609.21337890625,0.9989961981773376,276.9518737792969,555.167724609375,0.9899299740791321,387.4273681640625,554.5359497070312,0.9989463686943054,717.3231811523438,500.15557861328125,0.9975761771202087,758.8975830078125,718.1821899414062,0.9998052716255188,696.4198608398438,599.271240234375,0.9954460859298706,782.3654174804688,554.6895141601562,0.9048526883125305,31.599376678466797,681.536865234375,0.9787228107452393,19.697011947631836,522.0767822265625,0.9614913463592529,35.465763092041016,532.0889282226562,0.5887324810028076,148.70501708984375,627.7042236328125,0.9308624863624573,57.07390213012695,642.0466918945312,0.7884984612464905,75.67820739746094,539.6653442382812,0.8746485114097595,137.75900268554688,664.1139526367188,0.07484430074691772,191.86778259277344,576.5594482421875,0.15417855978012085,218.49375915527344,695.488037109375,0.9640442728996277,279.48760986328125,786.7435913085938,0.8173367381095886,298.1092224121094,889.7667846679688,0.46205130219459534
2352,87.15637969970703,117.59626770019531,0.9995924830436707,999.6371459960938,85.66947937011719,0.9998437166213989,89.51732635498047,1029.238037109375,0.9997443556785583,1021.5201416015625,1021.3381958007812,0.9983713030815125,330.3309020996094,498.3104553222656,0.9903388619422913,341.8182067871094,609.5384521484375,0.9995811581611633,277.799560546875,560.5974731445312,0.9954403638839722,387.8145446777344,553.9015502929688,0.9987775683403015,715.1630859375,500.47528076171875,0.9972124695777893,758.5650634765625,717.970458984375,0.9997478127479553,694.1605224609375,597.7572631835938,0.9966907501220703,784.2698364257812,564.7295532226562,0.8579819798469543,31.59442138671875,662.1090087890625,0.11340819299221039,35.03346633911133,576.1605224609375,0.9139180779457092,48.18251037597656,585.6740112304688,0.6878385543823242,167.2454833984375,616.9248657226562,0.875996470451355,13.214094161987305,617.2306518554688,0.7567713856697083,82.12159729003906,538.0594482421875,0.4540870487689972,205.95651245117188,587.4531860351562,0.06048120930790901,207.4552001953125,584.58984375,0.06567326933145523,223.30047607421875,693.4769897460938,0.9721091389656067,278.1469421386719,786.8306884765625,0.6027002334594727,291.40850830078125,883.4306640625,0.7495008111000061
2353,86.96043395996094,117.23880004882812,0.9993734955787659,995.43115234375,84.3675537109375,0.9999227523803711,88.98307037353516,1029.369873046875,0.9997331500053406,1020.3197631835938,1019.8925170898438,0.9986164569854736,332.0539245605469,497.82586669921875,0.9947316646575928,340.0283508300781,609.8142700195312,0.9988576173782349,276.92962646484375,557.3229370117188,0.9978705644607544,388.676513671875,553.9247436523438,0.9982554316520691,715.625,499.8777160644531,0.9970082640647888,758.3338623046875,718.5230712890625,0.999669075012207,695.3522338867188,596.1919555664062,0.9976391792297363,781.2365112304688,556.5676879882812,0.9477733373641968,31.13404655456543,533.0254516601562,0.7286521792411804,48.265132904052734,573.9915161132812,0.8439764976501465,89.02156829833984,594.2130737304688,0.8191564083099365,157.75379943847656,640.8587646484375,0.9979503750801086,66.10208129882812,638.10498046875,0.7500884532928467,124.94225311279297,582.0741577148438,0.5096259713172913,124.94830322265625,678.030517578125,0.6394022703170776,207.15249633789062,649.4678344726562,0.4917026162147522,213.6560516357422,686.9210205078125,0.36047065258026123,277.7309265136719,772.1134033203125,0.9227702617645264,286.34375,876.419677734375,0.07873985171318054
2354,85.35762023925781,116.95577239990234,0.9996697902679443,995.4908447265625,83.55764770507812,0.9999103546142578,88.84371185302734,1029.1954345703125,0.9997292160987854,1020.1331787109375,1019.1085815429688,0.9980851411819458,329.2110900878906,498.44720458984375,0.9976039528846741,341.76214599609375,609.3656616210938,0.9993682503700256,277.62982177734375,559.5897827148438,0.9991243481636047,388.8824157714844,553.8193359375,0.9983697533607483,714.4278564453125,501.21783447265625,0.998544454574585,758.7117309570312,718.012939453125,0.9997550845146179,695.1317749023438,595.6759643554688,0.9959530830383301,781.9695434570312,555.6748046875,0.9246127009391785,57.93352508544922,572.61083984375,0.2010326087474823,57.46600341796875,576.5843505859375,0.6265588402748108,146.61993408203125,610.8441772460938,0.568353533744812,170.7356414794922,638.3641967773438,0.9745789170265198,65.13054656982422,627.8751220703125,0.4767357409000397,84.83168029785156,527.1442260742188,0.19457466900348663,147.9962158203125,680.45458984375,0.7461430430412292,213.9894561767578,579.2023315429688,0.19964049756526947,208.11448669433594,692.6481323242188,0.8441224098205566,275.26177978515625,769.98779296875,0.7049230933189392,210.63546752929688,568.1837158203125,0.09137701243162155
2355,85.80001068115234,115.49874877929688,0.9995998740196228,996.1943969726562,84.06649017333984,0.9999537467956543,90.52345275878906,1029.3341064453125,0.9998586177825928,1020.3511962890625,1020.0448608398438,0.997519314289093,330.9817199707031,498.5781555175781,0.9961547255516052,340.38128662109375,609.9512939453125,0.9989610910415649,277.2503967285156,557.285888671875,0.9994924068450928,389.0222473144531,554.8784790039062,0.9983561635017395,715.6714477539062,499.84014892578125,0.998852014541626,758.6444091796875,717.164794921875,0.9997593760490417,694.1669921875,593.4251098632812,0.9958183169364929,782.3316040039062,557.9000854492188,0.9088550806045532,28.201763153076172,527.2430419921875,0.12878943979740143,7.166294097900391,565.9779052734375,0.215140700340271,145.35055541992188,610.2105712890625,0.7106757760047913,174.50914001464844,633.8538208007812,0.9885033965110779,31.065587997436523,606.2708740234375,0.8761492967605591,126.72303771972656,546.7109985351562,0.5106732249259949,140.3326873779297,672.0700073242188,0.592759907245636,207.4694061279297,645.7123413085938,0.12985996901988983,196.2750701904297,684.59228515625,0.856853723526001,271.73822021484375,769.25048828125,0.5117724537849426,289.6089782714844,876.7002563476562,0.44475284218788147
2356,84.35713958740234,115.11653137207031,0.9996821880340576,992.7401123046875,85.59957885742188,0.9997397065162659,90.31317901611328,1029.0780029296875,0.9998382329940796,1021.2505493164062,1020.1112670898438,0.9990851879119873,331.27752685546875,498.9456481933594,0.9982695579528809,342.659423828125,608.5756225585938,0.9983317255973816,277.1332092285156,558.9478759765625,0.9992351531982422,388.5190124511719,550.9520874023438,0.9993948936462402,715.6295166015625,501.0623779296875,0.9983378648757935,759.5347900390625,717.6734619140625,0.999721109867096,694.3038330078125,593.5692138671875,0.997351884841919,782.2556762695312,557.1700439453125,0.8930481672286987,30.704833984375,506.4162902832031,0.9531277418136597,47.80110549926758,524.021240234375,0.26323580741882324,141.59426879882812,597.2660522460938,0.5488168001174927,170.46502685546875,623.940673828125,0.9922703504562378,77.44306945800781,624.2222900390625,0.8745231628417969,103.79966735839844,531.407958984375,0.9613125920295715,139.06082153320312,663.8135375976562,0.7891045808792114,206.42022705078125,558.5213623046875,0.06410009413957596,195.35243225097656,679.1781616210938,0.9965524673461914,260.68841552734375,765.6635131835938,0.969953179359436,285.9795227050781,861.2232055664062,0.947311282157898
2357,83.91802978515625,116.97249603271484,0.9994590878486633,994.0990600585938,82.91504669189453,0.9999253749847412,89.32416534423828,1028.59619140625,0.9998268485069275,1020.982666015625,1020.5203857421875,0.997222900390625,334.1233825683594,498.58111572265625,0.9987056255340576,341.2281494140625,608.816162109375,0.9976810216903687,276.24249267578125,557.73388671875,0.9991036057472229,388.96343994140625,552.0635986328125,0.9992837309837341,716.4517211914062,499.9388732910156,0.9991174340248108,759.1235961914062,719.5420532226562,0.9998058676719666,693.8543701171875,591.7467041015625,0.9928950667381287,782.431396484375,550.0098876953125,0.8071175217628479,59.59315490722656,626.1285400390625,0.01605585403740406,4.884100914001465,561.6875,0.7517000436782837,22.91056251525879,561.4151000976562,0.9679743647575378,179.4432373046875,619.0047607421875,0.9979456067085266,96.49939727783203,613.1838989257812,0.8121216297149658,22.22946548461914,529.5087280273438,0.7176156640052795,225.84805297851562,598.9475708007812,0.30679455399513245,204.99276733398438,646.8324584960938,0.157417893409729,184.807373046875,677.53759765625,0.8809863328933716,256.993896484375,760.7011108398438,0.9816625714302063,286.05450439453125,865.639404296875,0.9839627146720886
2358,84.4884262084961,116.04386138916016,0.9996505975723267,994.4034423828125,83.56813049316406,0.9999129772186279,89.23411560058594,1029.197021484375,0.9997463822364807,1020.7578735351562,1021.1524658203125,0.9978500604629517,335.1588134765625,499.2454833984375,0.9991198182106018,339.3967590332031,608.5653686523438,0.9989081621170044,275.74371337890625,554.3939208984375,0.9978020787239075,389.1677551269531,554.89990234375,0.9989956021308899,717.8605346679688,499.5888671875,0.9981316924095154,758.3975830078125,718.3062133789062,0.999822199344635,696.6881103515625,597.292724609375,0.998230516910553,783.839599609375,550.94873046875,0.9275146126747131,120.74027252197266,483.6406555175781,0.12887395918369293,17.41967010498047,553.2559204101562,0.7483419179916382,39.279449462890625,554.901123046875,0.8528183698654175,166.39190673828125,607.0432739257812,0.9490609169006348,65.50157165527344,596.5399169921875,0.9390793442726135,148.27259826660156,534.647705078125,0.8800539970397949,230.568359375,586.7394409179688,0.6889939904212952,229.0455780029297,597.675537109375,0.6660024523735046,181.46182250976562,665.2805786132812,0.9780610799789429,256.8039245605469,761.8500366210938,0.9892794489860535,288.6658935546875,865.2586059570312,0.9358721971511841
2359,84.41036987304688,114.90249633789062,0.9994882345199585,995.851806640625,85.68431854248047,0.9999328851699829,89.99593353271484,1028.8953857421875,0.9997338652610779,1020.731689453125,1020.2764282226562,0.998381495475769,339.0826416015625,499.6477966308594,0.9992411136627197,337.6119384765625,608.8292846679688,0.9985994696617126,276.200439453125,548.6259765625,0.9993728995323181,389.85443115234375,555.6487426757812,0.9987332224845886,717.53076171875,498.9163818359375,0.9970822930335999,759.1058349609375,718.7416381835938,0.9997593760490417,693.9129638671875,593.3374633789062,0.9964555501937866,782.0453491210938,547.9664306640625,0.8738263249397278,21.57376480102539,528.0792846679688,0.9146557450294495,123.7037582397461,553.1678466796875,0.9392554759979248,142.6953582763672,589.72705078125,0.9627714157104492,161.20849609375,616.3035888671875,0.8602801561355591,88.53934478759766,599.3919067382812,0.8816074728965759,103.14036560058594,497.4947509765625,0.872079610824585,141.16754150390625,640.8723754882812,0.3980661928653717,216.13523864746094,620.65869140625,0.5605461597442627,184.67552185058594,657.0189819335938,0.9079339504241943,250.5294952392578,754.662353515625,0.9847129583358765,289.0989990234375,863.1304931640625,0.9242938160896301
2360,85.59701538085938,115.88246154785156,0.9994760155677795,993.9202880859375,83.61861419677734,0.999947190284729,89.86304473876953,1029.7183837890625,0.9997604489326477,1020.2747192382812,1019.3837890625,0.9984477758407593,333.4599914550781,500.51751708984375,0.9996108412742615,342.4492492675781,609.6145629882812,0.999072790145874,275.7561950683594,558.4124145507812,0.996780276298523,388.16864013671875,551.1381225585938,0.9997323155403137,718.5220336914062,499.8389892578125,0.9968857169151306,756.9324951171875,718.9115600585938,0.9998254179954529,695.6316528320312,595.624755859375,0.9942435622215271,783.9647827148438,550.5587158203125,0.8747161030769348,182.05758666992188,481.00836181640625,0.9661439061164856,148.2470245361328,554.1668701171875,0.8056210279464722,150.0621337890625,576.4387817382812,0.8972598314285278,182.93202209472656,617.0333251953125,0.7542443871498108,71.3541259765625,540.3766479492188,0.6092211008071899,221.3831787109375,565.141357421875,0.7785298824310303,222.6489715576172,623.7362060546875,0.016231399029493332,220.54393005371094,620.9869995117188,0.4443473517894745,185.80299377441406,660.7523803710938,0.9768276214599609,252.43276977539062,754.4260864257812,0.9742522239685059,290.0958557128906,860.885986328125,0.969810426235199
2361,83.45301818847656,116.25515747070312,0.999711811542511,995.3440551757812,82.8453140258789,0.9999573230743408,89.73782348632812,1029.9775390625,0.9997455477714539,1020.203125,1019.86865234375,0.9984045624732971,334.3812255859375,499.56951904296875,0.9988434314727783,346.4008483886719,609.7205200195312,0.9989712238311768,276.8208923339844,564.6080322265625,0.9932570457458496,387.3822326660156,551.1455688476562,0.9998509883880615,716.2384033203125,499.6011047363281,0.9980334639549255,758.9483642578125,719.048583984375,0.9997574687004089,694.2971801757812,597.691162109375,0.9962307810783386,783.224365234375,549.2266235351562,0.902748703956604,193.0143280029297,492.427734375,0.758612334728241,171.3269500732422,545.0106201171875,0.6903992891311646,165.08355712890625,573.7732543945312,0.9174950122833252,165.72593688964844,604.4305419921875,0.744218111038208,120.5525894165039,578.8296508789062,0.43545305728912354,213.72702026367188,514.6683959960938,0.28815266489982605,226.2576446533203,605.5556030273438,0.025853173807263374,223.3531951904297,608.0428466796875,0.23052334785461426,183.1961212158203,654.651611328125,0.9871205687522888,257.3345642089844,756.729248046875,0.9867544770240784,288.4653015136719,862.73974609375,0.5948014855384827
2362,84.45719909667969,115.34752655029297,0.999647855758667,994.72412109375,85.20179748535156,0.9999338388442993,89.3357162475586,1030.774169921875,0.999666690826416,1020.3302001953125,1020.4912109375,0.9986554384231567,334.2887268066406,500.3453369140625,0.9982938170433044,342.6913146972656,610.2191772460938,0.99954754114151,277.53131103515625,562.4310913085938,0.9986577033996582,387.5333251953125,551.123291015625,0.9998561143875122,717.7869873046875,499.87908935546875,0.9984385371208191,758.648193359375,718.7119140625,0.9998692274093628,694.5399780273438,597.6378784179688,0.9973932504653931,785.5439453125,580.0023193359375,0.8974589705467224,175.88357543945312,461.4441223144531,0.2932332754135132,161.89149475097656,548.2030029296875,0.7710304260253906,164.76083374023438,568.298828125,0.7777612209320068,168.59535217285156,600.1519775390625,0.09600996226072311,169.3115692138672,481.1504821777344,0.288155198097229,220.05783081054688,500.2541198730469,0.5654512047767639,195.0665740966797,644.6134033203125,0.013137873262166977,193.8585205078125,649.1832275390625,0.026299485936760902,185.324951171875,647.6207885742188,0.03535555675625801,262.63555908203125,755.9542846679688,0.9774100184440613,293.4780578613281,869.3211059570312,0.5095953941345215
2363,84.60761260986328,115.0280532836914,0.9994082450866699,995.9491577148438,82.6597900390625,0.999840259552002,89.07821655273438,1030.2623291015625,0.9998226761817932,1021.8004150390625,1020.1592407226562,0.9983381032943726,330.5602722167969,500.6584167480469,0.9988418221473694,347.0045166015625,609.5506591796875,0.99769127368927,276.54193115234375,569.4054565429688,0.9983243346214294,387.5362243652344,549.9412841796875,0.9999148845672607,716.8784790039062,499.8470458984375,0.999091386795044,758.7993774414062,718.448486328125,0.999727189540863,696.062744140625,597.3751220703125,0.9972198009490967,781.9337768554688,547.43212890625,0.7139094471931458,197.0914306640625,481.5265197753906,0.05035155639052391,175.01588439941406,530.3333129882812,0.7609735131263733,190.4878387451172,573.6882934570312,0.800983726978302,169.05029296875,580.53515625,0.982746958732605,173.558837890625,468.1890563964844,0.0668041929602623,225.15655517578125,526.7364501953125,0.7723710536956787,237.80857849121094,612.2879028320312,0.03477591276168823,130.0167999267578,604.8797607421875,0.11312716454267502,184.7200469970703,630.7361450195312,0.6665807366371155,264.0023193359375,753.1481323242188,0.9841299057006836,291.0670471191406,862.6156005859375,0.5686051845550537
2364,85.08023071289062,117.79938507080078,0.9997357726097107,994.6974487304688,83.26908874511719,0.9999436140060425,89.48208618164062,1029.2244873046875,0.9997729659080505,1021.74462890625,1019.4505004882812,0.9975971579551697,333.3945007324219,500.8203430175781,0.9963359832763672,346.08062744140625,609.130126953125,0.9983691573143005,276.9465026855469,565.5824584960938,0.9987768530845642,387.7498474121094,551.856689453125,0.9997658133506775,716.6803588867188,501.2460021972656,0.9988253712654114,757.5682983398438,717.804443359375,0.9998021721839905,696.760498046875,597.66162109375,0.9984128475189209,786.4572143554688,577.1747436523438,0.765121340751648,246.27560424804688,421.9058837890625,0.05612225458025932,232.1751251220703,428.43841552734375,0.44842666387557983,221.4731903076172,449.1791076660156,0.8691926002502441,189.1846923828125,512.4545288085938,0.9110261797904968,195.94607543945312,430.65557861328125,0.34245535731315613,252.16893005371094,458.9124450683594,0.6311178207397461,239.38992309570312,582.6392211914062,0.439493864774704,229.79136657714844,567.2295532226562,0.23974186182022095,211.54922485351562,631.6641235351562,0.40578460693359375,258.76104736328125,740.3411254882812,0.9370723366737366,292.26910400390625,863.3609619140625,0.8562176823616028
2365,83.66736602783203,116.83332061767578,0.9998502731323242,994.406005859375,83.27263641357422,0.9999018907546997,88.79205322265625,1028.98681640625,0.9996287822723389,1022.3394775390625,1020.6588134765625,0.9979700446128845,335.0864562988281,501.6754150390625,0.9918543100357056,347.2026672363281,609.336669921875,0.9977165460586548,278.9025573730469,566.8068237304688,0.9981158971786499,388.1248779296875,556.9136352539062,0.9993082284927368,712.4761352539062,501.2795104980469,0.9974023103713989,758.03076171875,718.9754638671875,0.9995012283325195,696.77001953125,599.0420532226562,0.9982234835624695,780.5609741210938,551.2890625,0.8548803329467773,201.30567932128906,439.1329345703125,0.10074085742235184,222.63818359375,482.4949645996094,0.7945395708084106,221.01588439941406,494.940673828125,0.992533802986145,187.8652801513672,538.5565795898438,0.6188379526138306,249.93238830566406,403.6663818359375,0.15994945168495178,287.88189697265625,460.1164855957031,0.3200710713863373,161.64300537109375,568.6082153320312,0.1371116191148758,246.02490234375,398.4158020019531,0.073427714407444,196.91592407226562,610.1718139648438,0.39035162329673767,251.7551727294922,715.8594360351562,0.9133715629577637,291.04345703125,863.1961669921875,0.5598099827766418
2366,83.54973602294922,117.02898406982422,0.9996781349182129,996.5341796875,82.48108673095703,0.9999098777770996,88.7065200805664,1028.939453125,0.9997851252555847,1021.1069946289062,1019.2991943359375,0.9983966946601868,332.3951721191406,500.779541015625,0.9807142615318298,344.7686767578125,609.784423828125,0.9947341680526733,275.5857849121094,565.2537231445312,0.9996242523193359,387.67645263671875,557.8118896484375,0.9972631931304932,715.4541015625,499.44439697265625,0.9979402422904968,757.4955444335938,718.63427734375,0.9998169541358948,694.0076293945312,597.89794921875,0.9985313415527344,786.525390625,581.4566650390625,0.9215770363807678,343.6590576171875,437.96868896484375,0.8918067216873169,237.06703186035156,466.97149658203125,0.9973030090332031,223.45672607421875,486.2843017578125,0.9919195175170898,193.3855438232422,533.9501953125,0.9020226001739502,198.26588439941406,433.53436279296875,0.21582087874412537,311.9360046386719,469.0020446777344,0.8304568529129028,145.14273071289062,526.8284912109375,0.49609678983688354,195.78970336914062,427.98907470703125,0.8469139337539673,215.87417602539062,619.4373168945312,0.9867814183235168,254.7555389404297,727.228515625,0.918876051902771,289.3697204589844,862.0546875,0.8740062713623047
2367,84.52230072021484,116.84505462646484,0.9997254014015198,995.8178100585938,82.3359375,0.9999499320983887,89.60211181640625,1029.651123046875,0.9997796416282654,1023.195068359375,1020.2941284179688,0.9987660646438599,332.4238586425781,501.7907409667969,0.9573997259140015,344.6857604980469,609.8050537109375,0.9973480701446533,277.4942321777344,567.6384887695312,0.9991720914840698,388.2298278808594,555.306884765625,0.9946432113647461,713.3638305664062,501.3152770996094,0.9983198046684265,758.9413452148438,718.1854248046875,0.9996280670166016,694.107421875,598.8607788085938,0.9978037476539612,782.638427734375,552.3857421875,0.8538204431533813,368.2395324707031,451.7533264160156,0.9964935183525085,278.8004150390625,463.1636047363281,0.9824516177177429,259.6360168457031,476.00079345703125,0.927617073059082,191.12315368652344,511.8114013671875,0.94184410572052,229.21246337890625,428.6398620605469,0.8772854804992676,279.8211669921875,504.6408386230469,0.47659870982170105,148.94009399414062,479.314208984375,0.7637312412261963,226.68807983398438,568.0383911132812,0.3695571720600128,212.7283477783203,615.3549194335938,0.9605445861816406,250.69656372070312,715.6495971679688,0.836114227771759,290.1514587402344,861.3140869140625,0.8817456364631653
2368,85.40492248535156,118.86387634277344,0.9995237588882446,996.18603515625,82.65845489501953,0.9998892545700073,89.71814727783203,1028.783935546875,0.999663233757019,1021.65185546875,1020.1929321289062,0.9994158744812012,334.90435791015625,507.85687255859375,0.752534031867981,345.2537536621094,608.371337890625,0.9977360963821411,278.4828796386719,571.6773681640625,0.9938244819641113,388.8510437011719,553.540283203125,0.9908583760261536,715.5242309570312,502.3536682128906,0.9974769949913025,757.2890014648438,719.0186157226562,0.9998874664306641,693.0338134765625,597.0252075195312,0.9979649782180786,782.3599853515625,554.5654907226562,0.9121758341789246,386.020263671875,454.1329040527344,0.9708762764930725,296.5231628417969,463.69647216796875,0.9904519319534302,267.18072509765625,471.5203857421875,0.9795833230018616,191.84730529785156,502.0909729003906,0.9874241948127747,236.18643188476562,431.9229736328125,0.8964353203773499,254.15179443359375,486.2735900878906,0.020357295870780945,144.5172119140625,474.8131408691406,0.7060324549674988,220.35183715820312,564.8305053710938,0.7986335754394531,214.90957641601562,615.1552734375,0.4870213568210602,249.32485961914062,716.4921875,0.9234587550163269,291.523193359375,859.60888671875,0.8731223940849304
2369,84.46101379394531,117.2369613647461,0.9998030066490173,995.2069702148438,82.82715606689453,0.9999773502349854,89.16724395751953,1029.9295654296875,0.9997327923774719,1022.5433959960938,1019.4884643554688,0.9989911913871765,338.5464782714844,506.1807861328125,0.598437488079071,344.687744140625,608.7526245117188,0.9934356212615967,278.2010192871094,570.2734985351562,0.9994837045669556,387.9643249511719,553.8042602539062,0.9745385050773621,713.0988159179688,501.7293395996094,0.9974398612976074,757.8219604492188,718.1301879882812,0.9998691082000732,692.9306030273438,593.1094360351562,0.9970704317092896,781.6484985351562,565.3999633789062,0.819612443447113,383.5965881347656,474.2804260253906,0.990397572517395,301.3326721191406,462.46917724609375,0.9797517657279968,273.475830078125,466.66912841796875,0.9585248827934265,198.7902374267578,495.792236328125,0.9957435727119446,240.05323791503906,428.87445068359375,0.7819365859031677,259.9267578125,483.1653137207031,0.07931120693683624,124.84060668945312,524.8062744140625,0.6975327730178833,235.36297607421875,555.1729125976562,0.668043851852417,213.0561981201172,614.2930908203125,0.9875051975250244,249.00244140625,711.372314453125,0.9928633570671082,291.66943359375,867.7160034179688,0.7690886855125427
2370,83.35247039794922,115.21827697753906,0.999599039554596,994.3814697265625,82.65193939208984,0.999931812286377,89.56172943115234,1028.7066650390625,0.9998399019241333,1019.9069213867188,1020.0491943359375,0.9990347623825073,338.4299621582031,507.184326171875,0.6728556156158447,343.38421630859375,609.3378295898438,0.998085618019104,278.8995056152344,569.9653930664062,0.9987095594406128,388.6385803222656,555.7567749023438,0.9755420684814453,715.060302734375,501.18511962890625,0.9986817240715027,757.564697265625,718.2987060546875,0.9998179078102112,693.9370727539062,593.66650390625,0.9987359642982483,780.1093139648438,558.7820434570312,0.8497613072395325,380.8955993652344,472.1495361328125,0.9937663078308105,303.09454345703125,463.31634521484375,0.9908279180526733,270.8489990234375,467.2955627441406,0.9747065305709839,195.58367919921875,496.219482421875,0.9943259358406067,244.4779510498047,428.65374755859375,0.8608372807502747,265.3407897949219,524.1611938476562,0.037871986627578735,126.66696166992188,522.0293579101562,0.7690035700798035,219.55218505859375,556.980224609375,0.36015674471855164,216.54376220703125,617.0587768554688,0.9663037061691284,249.25697326660156,711.5540161132812,0.9674981832504272,301.125,874.8510131835938,0.8348052501678467
2371,84.15188598632812,118.333740234375,0.9998537302017212,994.118896484375,86.03730010986328,0.9998719692230225,90.30414581298828,1029.4263916015625,0.9996650218963623,1016.9879150390625,1020.4378662109375,0.998779833316803,331.08074951171875,505.9047546386719,0.9556959867477417,344.4323425292969,609.388671875,0.9970274567604065,278.592529296875,568.7747802734375,0.997025191783905,388.30615234375,554.3809204101562,0.9904658794403076,714.410888671875,501.7174072265625,0.9979516863822937,758.5849609375,718.2400512695312,0.9996920824050903,693.1759643554688,597.0513916015625,0.9989824891090393,785.6271362304688,565.3369140625,0.969994306564331,371.63751220703125,465.26165771484375,0.9677302241325378,278.59808349609375,462.29217529296875,0.9953061938285828,247.67507934570312,475.0274658203125,0.9250730872154236,183.0067138671875,500.6289978027344,0.9948128461837769,225.79977416992188,439.2894592285156,0.5336136221885681,280.8410949707031,500.8938903808594,0.0481744222342968,142.64479064941406,471.59722900390625,0.731708288192749,224.83877563476562,552.7465209960938,0.3244972825050354,221.77203369140625,608.9307861328125,0.5508589744567871,247.96278381347656,711.560546875,0.7955667972564697,293.083251953125,865.1705932617188,0.9124881029129028
2372,84.58628845214844,117.03663635253906,0.9983646273612976,995.44140625,82.13680267333984,0.9999724626541138,89.20081329345703,1028.3348388671875,0.9995474219322205,1020.196533203125,1019.9815673828125,0.9981464147567749,336.0299987792969,503.4163513183594,0.9848617315292358,338.97576904296875,608.4650268554688,0.9980317950248718,278.3206787109375,565.4918823242188,0.9986023306846619,388.00823974609375,559.0867919921875,0.9941303133964539,714.2479248046875,501.07659912109375,0.9988716244697571,758.218017578125,718.6332397460938,0.99982750415802,693.4688110351562,594.7438354492188,0.9984052777290344,784.1096801757812,565.296142578125,0.9598932862281799,341.69195556640625,458.6880798339844,0.25112205743789673,310.2359619140625,446.7571716308594,0.9107131361961365,228.17706298828125,468.27239990234375,0.9535816311836243,182.11550903320312,506.3995056152344,0.9907779693603516,194.0006561279297,437.41156005859375,0.7639670968055725,190.28472900390625,440.75677490234375,0.921896755695343,127.6309585571289,514.9132080078125,0.24621684849262238,222.10325622558594,547.1555786132812,0.24823060631752014,219.48045349121094,611.9712524414062,0.9711342453956604,250.56573486328125,723.4973754882812,0.7762097120285034,291.3069152832031,864.0384521484375,0.9552091956138611
2373,86.06612396240234,116.39620971679688,0.9994751811027527,996.0353393554688,84.25611114501953,0.9998941421508789,89.31519317626953,1029.377197265625,0.9997966885566711,1022.5733642578125,1020.0447998046875,0.9988020658493042,327.13165283203125,500.4269104003906,0.9715438485145569,341.6958312988281,608.0108642578125,0.9975078105926514,278.3416748046875,563.2548217773438,0.9962759017944336,387.21917724609375,555.87939453125,0.9979583024978638,716.1465454101562,500.9090576171875,0.9974532723426819,756.227294921875,718.2240600585938,0.9998613595962524,692.8233642578125,595.8685913085938,0.9988504648208618,783.7379150390625,570.2193603515625,0.9449008703231812,299.31561279296875,432.7169494628906,0.02301197685301304,279.2649230957031,425.8413391113281,0.14780858159065247,222.9260711669922,463.6636657714844,0.6883047223091125,217.30862426757812,466.7747802734375,0.8931843638420105,189.59829711914062,434.674560546875,0.5892213582992554,290.5665588378906,457.0113525390625,0.7927149534225464,291.97674560546875,448.42291259765625,0.7615442872047424,196.42584228515625,421.9520263671875,0.8264755606651306,214.3034210205078,608.50390625,0.9674915075302124,249.1536102294922,715.6581420898438,0.8988310694694519,289.60675048828125,860.0280151367188,0.8499356508255005
2374,84.23374938964844,118.98963928222656,0.9997960925102234,999.0740356445312,86.25875854492188,0.9996551275253296,89.46212768554688,1028.5784912109375,0.999723494052887,1020.9111938476562,1019.1987915039062,0.9984278678894043,317.5226135253906,498.8194274902344,0.994652271270752,344.6287841796875,608.4234619140625,0.9967430233955383,278.3946228027344,567.9849853515625,0.9990198612213135,386.4895324707031,551.1885986328125,0.9993429780006409,717.8471069335938,499.5806884765625,0.9987471103668213,758.500244140625,717.5629272460938,0.9997751116752625,691.1424560546875,596.1210327148438,0.9986647367477417,786.5389404296875,573.6991577148438,0.9712816476821899,253.1555633544922,410.0154724121094,0.0545327328145504,227.86073303222656,427.4886474609375,0.8002357482910156,191.01763916015625,460.46966552734375,0.9383859038352966,187.19497680664062,475.5986328125,0.2144872397184372,161.5007781982422,426.08856201171875,0.5097779631614685,254.0185546875,470.01153564453125,0.6926632523536682,134.0749969482422,509.853515625,0.28512847423553467,159.99024963378906,421.5061950683594,0.12483270466327667,215.5004425048828,602.509765625,0.8530198931694031,247.60545349121094,711.717529296875,0.7139461040496826,289.9360046386719,863.32568359375,0.9212429523468018
2375,85.10313415527344,115.4792251586914,0.9995879530906677,995.6395263671875,84.80607604980469,0.9999244213104248,90.1907958984375,1029.786865234375,0.9997389912605286,1023.1564331054688,1019.345458984375,0.99856036901474,319.2516174316406,497.840087890625,0.9988454580307007,343.9996643066406,607.990234375,0.9984230995178223,277.3213195800781,561.9290771484375,0.9989711046218872,386.2116394042969,550.6023559570312,0.9995130300521851,717.18359375,500.10650634765625,0.9969447255134583,757.8162231445312,718.7564086914062,0.9998176693916321,692.403076171875,593.1632080078125,0.9985731840133667,782.8037109375,555.7408447265625,0.973607063293457,147.9156494140625,419.4779357910156,0.09869160503149033,172.5787353515625,451.69732666015625,0.8197115063667297,175.4573974609375,452.996337890625,0.9440827965736389,201.77455139160156,516.3809814453125,0.9259241223335266,139.96217346191406,494.50286865234375,0.28635361790657043,241.99346923828125,464.6562194824219,0.4931854009628296,150.8329315185547,521.1510620117188,0.35867470502853394,246.01104736328125,538.2758178710938,0.08584984391927719,216.83717346191406,611.8411254882812,0.9455227851867676,248.69094848632812,721.1607666015625,0.9469044804573059,295.6084289550781,860.2233276367188,0.9559260010719299
2376,83.47865295410156,114.77584075927734,0.9998414516448975,997.2573852539062,85.7052001953125,0.9998366832733154,90.18948364257812,1029.7225341796875,0.9998086094856262,1022.0015869140625,1020.027099609375,0.9980888962745667,321.2591857910156,495.96368408203125,0.9984057545661926,341.6912841796875,607.9910278320312,0.9989632368087769,275.258544921875,557.9902954101562,0.9982960820198059,385.7787780761719,551.31103515625,0.9990646243095398,718.6688842773438,500.3003845214844,0.9958972930908203,757.7345581054688,718.295166015625,0.9997625946998596,695.038818359375,596.904296875,0.997512698173523,783.8259887695312,562.03564453125,0.964433491230011,144.2972412109375,422.2236328125,0.3246985673904419,168.99000549316406,433.22076416015625,0.6664840579032898,166.8570098876953,452.7524108886719,0.2668783962726593,200.7073211669922,513.6375122070312,0.9774326086044312,137.12762451171875,477.99755859375,0.27608561515808105,234.114501953125,462.3338928222656,0.9452300667762756,160.42697143554688,534.7980346679688,0.10512150824069977,246.60476684570312,539.8613891601562,0.17567628622055054,215.50314331054688,603.3659057617188,0.9727149605751038,246.38320922851562,710.8709106445312,0.9189919233322144,296.0128479003906,858.9091796875,0.9564723968505859
2377,86.26055145263672,115.88223266601562,0.9997146725654602,996.44287109375,85.4819564819336,0.9999614953994751,89.69712829589844,1030.3404541015625,0.9996944665908813,1023.6109619140625,1019.407470703125,0.9997130036354065,319.8836975097656,497.48760986328125,0.9973556995391846,344.8587951660156,607.3614501953125,0.998016357421875,276.9956359863281,564.3597412109375,0.9994786381721497,384.41796875,549.5347900390625,0.9992812275886536,716.413330078125,499.58343505859375,0.9966211318969727,757.2465209960938,717.9172973632812,0.9998154044151306,691.6720581054688,597.69482421875,0.9958309531211853,785.498046875,577.323486328125,0.9151449203491211,243.45399475097656,382.3529052734375,0.43421852588653564,180.64321899414062,440.8382873535156,0.8704594373703003,181.1815185546875,441.3377990722656,0.8941460251808167,204.08200073242188,405.5622863769531,0.26331067085266113,239.15684509277344,450.852294921875,0.7470511198043823,246.28973388671875,454.6433410644531,0.7554113268852234,239.1782684326172,557.4807739257812,0.12780271470546722,243.4438934326172,535.1087036132812,0.2815205156803131,221.89889526367188,609.1514282226562,0.6764010190963745,243.26622009277344,710.0568237304688,0.8761128783226013,293.278076171875,857.2416381835938,0.977773129940033
2378,84.68975067138672,116.29268646240234,0.999686598777771,997.5328979492188,83.91622161865234,0.99989914894104,89.28443908691406,1030.062255859375,0.9996709823608398,1024.6480712890625,1020.1828002929688,0.999527096748352,326.5868835449219,495.9140930175781,0.9787632822990417,345.2926330566406,607.9459838867188,0.9974547028541565,276.1358337402344,566.516845703125,0.9984033703804016,386.29876708984375,552.974609375,0.9986629486083984,717.2806396484375,500.0622863769531,0.9940831065177917,758.811767578125,718.8223266601562,0.999777615070343,694.609619140625,594.3906860351562,0.9983231425285339,783.3130493164062,560.1275024414062,0.9259656667709351,278.8680725097656,362.90362548828125,0.8377150297164917,207.14207458496094,407.0486145019531,0.7080518007278442,194.3843231201172,423.7336120605469,0.835886538028717,202.2185821533203,511.6930236816406,0.35836225748062134,165.5733184814453,438.7530212402344,0.7774841785430908,252.47691345214844,449.37774658203125,0.708379864692688,145.53660583496094,510.7669372558594,0.75074303150177,229.55743408203125,473.6626281738281,0.36896374821662903,214.83961486816406,605.8497924804688,0.9225468635559082,243.95346069335938,715.7235107421875,0.8949253559112549,295.4715881347656,859.6175537109375,0.9862926006317139
2379,84.97410583496094,115.53890228271484,0.9992827773094177,996.7652587890625,84.36653900146484,0.999921441078186,89.21589660644531,1030.3905029296875,0.9997656941413879,1021.2184448242188,1019.3987426757812,0.999146580696106,330.8868103027344,496.57568359375,0.9943270087242126,344.6808776855469,608.574462890625,0.9988223910331726,277.424560546875,563.5806274414062,0.9976634979248047,386.3285217285156,550.32373046875,0.9992251396179199,716.2002563476562,501.3445739746094,0.9986754059791565,758.49609375,718.1490478515625,0.9998679161071777,694.5471801757812,595.1876220703125,0.9981908202171326,782.62548828125,558.02978515625,0.9243160486221313,311.8376770019531,336.6244201660156,0.9512398838996887,231.21530151367188,387.11956787109375,0.9599384069442749,229.35328674316406,402.642333984375,0.4676187038421631,204.14048767089844,500.739013671875,0.9685049653053284,181.8564453125,416.5510559082031,0.9536445140838623,287.8692321777344,422.52642822265625,0.2581979036331177,162.67710876464844,539.1766357421875,0.7379404902458191,245.8759765625,540.5267333984375,0.3283517360687256,211.96351623535156,604.8504028320312,0.9970122575759888,244.38522338867188,715.692138671875,0.9605281949043274,295.3124694824219,863.3109741210938,0.9927504062652588
2380,84.5290298461914,116.07360076904297,0.9981381893157959,995.9820556640625,83.59217071533203,0.9999091625213623,88.1664810180664,1031.592529296875,0.9995819926261902,1021.2592163085938,1019.1681518554688,0.9991303086280823,335.6094665527344,497.5072021484375,0.9939733147621155,343.80670166015625,608.1520385742188,0.99357670545578,276.9545593261719,560.4730224609375,0.9979349374771118,385.03912353515625,556.2518310546875,0.9975422620773315,716.216796875,501.5614318847656,0.9992414712905884,757.0488891601562,718.309814453125,0.9998248219490051,695.7443237304688,594.6984252929688,0.9974182844161987,782.4432373046875,559.4493408203125,0.8550816178321838,332.91839599609375,305.53021240234375,0.9973128437995911,303.6553955078125,332.3993835449219,0.8000804781913757,255.58609008789062,375.5510559082031,0.40470871329307556,209.7401123046875,480.7845764160156,0.9974527955055237,217.32554626464844,389.3109436035156,0.7646893262863159,289.5118713378906,452.43829345703125,0.05837482959032059,155.3483123779297,518.1803588867188,0.923154890537262,200.35348510742188,403.08575439453125,0.11133833974599838,212.58724975585938,604.020751953125,0.5134071707725525,244.74424743652344,716.147216796875,0.983415961265564,214.43643188476562,612.4374389648438,0.9876044988632202
2381,84.6972427368164,118.5257339477539,0.9996054768562317,994.7860107421875,85.93317413330078,0.9999573230743408,88.87452697753906,1029.679931640625,0.9996259212493896,1022.410888671875,1018.9850463867188,0.9983275532722473,335.87811279296875,496.9285583496094,0.9982788562774658,345.1118469238281,609.5916137695312,0.9975190162658691,277.85302734375,557.4600830078125,0.9995633959770203,386.8119201660156,555.1435546875,0.9975302815437317,716.5912475585938,502.3245544433594,0.9964626431465149,758.3952026367188,719.0643920898438,0.9998462200164795,695.6710205078125,594.9390258789062,0.9986515641212463,782.5022583007812,557.88818359375,0.8922775983810425,352.4326171875,291.1936950683594,0.9970473647117615,297.1011047363281,333.53546142578125,0.9942671656608582,278.097412109375,352.79388427734375,0.9965550899505615,224.23382568359375,457.95550537109375,0.9954960346221924,246.36758422851562,357.5020751953125,0.5657960772514343,305.71923828125,420.917724609375,0.9353104829788208,155.06292724609375,502.65283203125,0.8809996247291565,267.37200927734375,570.914794921875,0.04180656746029854,211.9322509765625,601.4049072265625,0.9879904389381409,245.90391540527344,720.4935302734375,0.9962463974952698,294.126708984375,859.1573486328125,0.9828091263771057
2382,85.55396270751953,115.40040588378906,0.9998437166213989,997.2576904296875,84.73065185546875,0.9999366998672485,89.43157196044922,1029.036376953125,0.9997920393943787,1020.2666015625,1018.3336791992188,0.9988441467285156,342.5494079589844,494.8807373046875,0.993994414806366,343.4489440917969,609.404296875,0.9991683959960938,276.58331298828125,562.4505004882812,0.998753547668457,386.3011474609375,557.531494140625,0.9971863627433777,716.0429077148438,501.8230285644531,0.9979146122932434,759.5677490234375,717.60009765625,0.9997590184211731,697.0529174804688,595.4359741210938,0.995928943157196,786.0716552734375,567.4805297851562,0.7836180925369263,355.866455078125,276.66619873046875,0.9998490810394287,311.42669677734375,315.7024230957031,0.9959631562232971,292.960205078125,334.9788818359375,0.9988862872123718,227.9518280029297,446.76446533203125,0.9437090158462524,246.78897094726562,349.7268981933594,0.6500337719917297,316.7528381347656,402.02362060546875,0.9928471446037292,146.91246032714844,505.0705261230469,0.9190587997436523,270.5901184082031,509.523193359375,0.1479664295911789,207.22723388671875,599.5682373046875,0.7197656631469727,247.31845092773438,721.9065551757812,0.9777628779411316,294.7566223144531,858.1090698242188,0.9896897077560425
2383,86.03731536865234,115.60745239257812,0.9997608065605164,995.3526000976562,84.43240356445312,0.9995772242546082,89.37227630615234,1029.5257568359375,0.9998760223388672,1021.15087890625,1019.2001953125,0.9992896318435669,344.86114501953125,497.3837890625,0.9921674132347107,341.11676025390625,609.70361328125,0.9996885061264038,275.4472961425781,558.9769897460938,0.9970723390579224,386.98779296875,559.280029296875,0.9967536330223083,716.3712768554688,501.20159912109375,0.9969772100448608,758.292236328125,717.61181640625,0.9998397827148438,697.1843872070312,597.8096313476562,0.9954730868339539,782.58056640625,545.9873046875,0.7376381754875183,365.3772888183594,262.5439147949219,0.9984887838363647,327.5025634765625,297.52056884765625,0.9898626804351807,307.4919738769531,315.87384033203125,0.9749444127082825,227.7326202392578,442.78143310546875,0.892135739326477,256.6170654296875,338.6767883300781,0.9680124521255493,322.101318359375,382.64923095703125,0.9886112809181213,149.2538604736328,463.1553955078125,0.42854493856430054,255.1073760986328,338.6823425292969,0.2176898568868637,201.09805297851562,584.8826904296875,0.15977706015110016,239.57437133789062,726.3846435546875,0.8658381700515747,241.64930725097656,719.4288330078125,0.5162224769592285
2384,84.64181518554688,115.47887420654297,0.9993732571601868,994.3317260742188,82.28366088867188,0.9998825788497925,89.84053802490234,1029.9072265625,0.9998445510864258,1022.1221313476562,1019.8359985351562,0.9981367588043213,346.149169921875,497.0684814453125,0.9954856038093567,333.59613037109375,610.5046997070312,0.999270498752594,277.376220703125,552.0032958984375,0.9967562556266785,386.7712097167969,561.4050903320312,0.9977524876594543,717.53515625,502.7298583984375,0.9983077049255371,758.052978515625,717.8900146484375,0.9998453855514526,695.6992797851562,594.9970703125,0.997692346572876,782.6820678710938,546.918212890625,0.8056398630142212,390.67596435546875,201.45530700683594,0.9967237114906311,367.67181396484375,232.275390625,0.9416742920875549,352.6549377441406,253.71128845214844,0.8354767560958862,232.0272674560547,426.42462158203125,0.7556238174438477,302.45135498046875,268.3885498046875,0.861750066280365,348.80938720703125,344.4878845214844,0.7893387079238892,151.9861602783203,471.0218505859375,0.8987123370170593,266.5826721191406,509.4374084472656,0.8723048567771912,188.3722381591797,566.7332153320312,0.8085653781890869,187.3403778076172,654.7003173828125,0.01823272556066513,256.3287353515625,780.4076538085938,0.3288331627845764
2385,85.11927032470703,115.98768615722656,0.999695897102356,994.2320556640625,83.2741470336914,0.9999130964279175,89.25360107421875,1030.2003173828125,0.9997050166130066,1022.35791015625,1020.6746215820312,0.9985623955726624,342.3476867675781,498.6568603515625,0.9949199557304382,334.3904113769531,610.2964477539062,0.9992673993110657,277.76483154296875,551.3685302734375,0.9991347193717957,387.0479431152344,558.9393920898438,0.9967549443244934,715.7495727539062,501.16448974609375,0.9968615770339966,757.5676879882812,717.8302612304688,0.9998486042022705,695.4065551757812,592.7544555664062,0.994788646697998,780.971435546875,547.8208618164062,0.8961060047149658,422.9290466308594,135.4727325439453,0.9929591417312622,404.1548156738281,165.1417999267578,0.9972213506698608,386.5370178222656,188.4588165283203,0.9959967136383057,274.98907470703125,355.29656982421875,0.9819279909133911,340.2710876464844,206.50350952148438,0.8745291829109192,383.2964782714844,278.0518798828125,0.39733371138572693,189.61109924316406,406.3036804199219,0.8782860040664673,282.3510437011719,476.4613037109375,0.927915632724762,174.77609252929688,530.7603149414062,0.9733127951622009,142.58114624023438,690.228759765625,0.11737355589866638,146.90048217773438,690.5140380859375,0.3851451873779297
2386,85.21778106689453,114.1790542602539,0.9998447895050049,994.8115234375,82.1236801147461,0.9998860359191895,89.6643295288086,1028.92822265625,0.9998558759689331,1021.2511596679688,1018.9650268554688,0.9985265731811523,345.5763854980469,498.96820068359375,0.9969227910041809,333.7419738769531,609.6140747070312,0.998946487903595,277.89422607421875,552.3455810546875,0.9984851479530334,387.2048645019531,559.5426025390625,0.9973727464675903,718.3652954101562,500.33319091796875,0.9973605275154114,757.7190551757812,718.435791015625,0.999790608882904,694.075439453125,595.6832885742188,0.9949513673782349,788.0977172851562,578.996337890625,0.8415653109550476,416.95526123046875,89.14321899414062,0.9995958209037781,392.4737243652344,157.40530395507812,0.999543309211731,378.6272888183594,176.3629608154297,0.986578643321991,299.7586364746094,292.0336608886719,0.9897583723068237,321.8305358886719,202.26339721679688,0.8309727907180786,395.1855163574219,246.31588745117188,0.997391939163208,215.9539794921875,332.0039367675781,0.7071914672851562,290.7797546386719,410.0806579589844,0.13608163595199585,181.8927001953125,456.8036193847656,0.7658668160438538,160.57608032226562,526.8023071289062,0.004956863354891539,293.4972229003906,483.3591613769531,0.25193342566490173
2387,84.77119445800781,116.0263900756836,0.9994291663169861,993.419189453125,83.45575714111328,0.9998507499694824,90.07587432861328,1028.34130859375,0.9997738003730774,1023.4071044921875,1019.3878173828125,0.9989637136459351,338.5506896972656,499.4659729003906,0.9980822801589966,333.5400390625,608.785888671875,0.9984191656112671,277.8528747558594,555.36865234375,0.988976240158081,386.96441650390625,558.783935546875,0.9974472522735596,718.50146484375,501.5931396484375,0.9971916079521179,757.30859375,719.5064697265625,0.9997618794441223,694.8243408203125,594.9757690429688,0.9970197081565857,782.1365356445312,550.6381225585938,0.7400148510932922,407.2869567871094,52.800540924072266,0.9990033507347107,385.9244384765625,128.9036102294922,0.9992571473121643,369.8005676269531,154.90574645996094,0.9865849018096924,307.5100402832031,245.481689453125,0.9968852400779724,310.4033203125,157.72796630859375,0.9885700345039368,401.2802734375,212.90679931640625,0.9984545707702637,233.8477783203125,256.5117492675781,0.9085654020309448,327.700927734375,340.18280029296875,0.9869602918624878,232.18370056152344,353.3972473144531,0.9132391214370728,426.01153564453125,493.94158935546875,0.006116826552897692,425.79315185546875,493.4208679199219,0.2908746600151062
2388,85.07545471191406,115.20916748046875,0.9990830421447754,995.102783203125,82.37062072753906,0.999903678894043,90.32132720947266,1029.302734375,0.9998770952224731,1023.061279296875,1020.2537231445312,0.9991733431816101,342.91778564453125,499.356201171875,0.9973927736282349,331.1355285644531,607.9387817382812,0.9970313310623169,277.1844482421875,545.1275024414062,0.9929141998291016,386.34869384765625,558.5303955078125,0.9974966645240784,717.2573852539062,500.7992248535156,0.9915277361869812,756.6673583984375,719.0167236328125,0.9997602105140686,696.131103515625,594.3753662109375,0.9971889853477478,788.0474853515625,578.647705078125,0.5682809948921204,396.07940673828125,6.917567253112793,0.9103967547416687,372.99365234375,104.3199234008789,0.9689289331436157,361.8058166503906,134.17071533203125,0.9878098964691162,309.8664245605469,230.0238800048828,0.9548383355140686,305.80841064453125,134.1293182373047,0.9802990555763245,411.1001892089844,160.14791870117188,0.8689911365509033,249.98365783691406,247.79966735839844,0.9755426049232483,336.8605651855469,279.51165771484375,0.750652551651001,242.9674835205078,331.1066589355469,0.9722374081611633,73.81866455078125,506.5069580078125,0.7966779470443726,56.58136749267578,580.110107421875,0.9898812174797058
2389,84.25504302978516,116.69795989990234,0.9996628761291504,998.0831909179688,85.04427337646484,0.9998038411140442,90.61022186279297,1030.32763671875,0.9998177886009216,1021.986328125,1019.6417846679688,0.9993035793304443,345.5957336425781,500.2690734863281,0.9868349432945251,331.24658203125,608.1907958984375,0.9954900145530701,277.549560546875,541.924072265625,0.9740750789642334,385.5443115234375,559.0565185546875,0.9975593090057373,716.8624267578125,500.9425964355469,0.9946843981742859,756.7027587890625,719.5263061523438,0.9996843338012695,694.4140625,593.6000366210938,0.9973658919334412,782.1906127929688,552.9856567382812,0.7440643310546875,385.2718505859375,1.78584885597229,0.6869978308677673,353.81707763671875,92.29129791259766,0.9967825412750244,339.5083312988281,119.59526062011719,0.957012951374054,311.6937255859375,215.3003387451172,0.9710810780525208,301.7960205078125,116.21928405761719,0.983034074306488,398.2820739746094,161.4151153564453,0.9246547818183899,252.04026794433594,241.19778442382812,0.9372610449790955,347.5193786621094,258.91326904296875,0.7515204548835754,254.5289306640625,318.98162841796875,0.9932975172996521,72.21394348144531,521.9545288085938,0.8817075490951538,263.49285888671875,403.41253662109375,0.21412904560565948
2390,84.83236694335938,116.71887969970703,0.9998175501823425,993.2911376953125,83.9837875366211,0.9998897314071655,90.40740966796875,1029.5147705078125,0.999817430973053,1022.0169677734375,1020.5674438476562,0.9989602565765381,345.2585754394531,500.08380126953125,0.984926700592041,330.84759521484375,608.1630249023438,0.9979894161224365,278.13580322265625,544.0397338867188,0.9816464781761169,385.7753601074219,562.572265625,0.9988285899162292,718.5457763671875,500.9674377441406,0.9916308522224426,756.6044921875,717.53369140625,0.9998335838317871,694.5472412109375,594.2429809570312,0.9971862435340881,782.03955078125,550.85302734375,0.851337730884552,375.4167785644531,-1.0487260818481445,0.20014066994190216,343.31805419921875,81.0484619140625,0.9911805987358093,332.2206726074219,111.40338134765625,0.9262464046478271,317.1530456542969,227.64207458496094,0.8754388093948364,296.5630187988281,113.53118133544922,0.044721104204654694,392.7176513671875,141.8951416015625,0.9934090375900269,253.7703094482422,229.46986389160156,0.8081798553466797,266.231689453125,161.63357543945312,0.9188698530197144,263.08782958984375,306.9169616699219,0.9755301475524902,185.3518829345703,372.19140625,0.5888615846633911,264.2127990722656,405.2300720214844,0.23758366703987122
2391,83.51751708984375,113.66620635986328,0.9997959733009338,996.1028442382812,83.69837188720703,0.9999487400054932,91.58297729492188,1029.1201171875,0.9998741149902344,1022.0953979492188,1020.12255859375,0.9987481832504272,346.2194519042969,500.3934020996094,0.9865962862968445,327.8785400390625,606.8765869140625,0.9967965483665466,277.6177673339844,541.6629028320312,0.9809039235115051,385.467041015625,561.4860229492188,0.9978907704353333,717.3660888671875,500.38006591796875,0.9924617409706116,756.478271484375,718.25732421875,0.9998621940612793,694.4067993164062,593.9244995117188,0.9981964230537415,787.7921142578125,579.3473510742188,0.8822227716445923,363.2010498046875,-1.983537197113037,0.3216228485107422,332.8857727050781,76.41632843017578,0.9675729870796204,322.60833740234375,109.45722961425781,0.8856052756309509,314.5632629394531,217.77259826660156,0.9965322017669678,282.8565673828125,107.94860076904297,0.6010429859161377,392.9464416503906,135.93280029296875,0.833946943283081,254.82025146484375,230.61891174316406,0.9063752293586731,367.628173828125,256.13690185546875,0.7115784883499146,257.47491455078125,298.44586181640625,0.9677426218986511,183.8414306640625,379.8058166503906,0.5523122549057007,98.34468078613281,532.3674926757812,0.7215585708618164
2392,83.576904296875,117.55868530273438,0.9995937943458557,991.8764038085938,83.99540710449219,0.9999204874038696,88.90050506591797,1028.9296875,0.9998130202293396,1021.201416015625,1021.7435913085938,0.998264729976654,349.8336486816406,500.8736267089844,0.9916159510612488,329.711669921875,607.96630859375,0.9979566335678101,277.5657653808594,541.5687255859375,0.9752183556556702,385.684814453125,561.7172241210938,0.9972379207611084,717.1024169921875,500.8437194824219,0.9941273927688599,757.39208984375,718.374755859375,0.9998167157173157,692.7743530273438,594.5,0.9969720840454102,783.9232788085938,551.0354614257812,0.6867432594299316,352.98028564453125,-1.1543679237365723,0.17891161143779755,323.5829162597656,77.94435119628906,0.9884477257728577,316.2954406738281,99.75928497314453,0.9822515249252319,310.32879638671875,206.04171752929688,0.9165474772453308,286.0814208984375,109.61421966552734,0.768892228603363,384.90093994140625,135.79249572753906,0.4890926480293274,261.6635437011719,226.89224243164062,0.8576143980026245,369.64068603515625,217.91957092285156,0.3071919083595276,270.6257629394531,289.10992431640625,0.295357882976532,198.1590118408203,353.9337158203125,0.4069055914878845,147.58815002441406,525.3768920898438,0.4452710747718811
2393,84.45632934570312,118.11302947998047,0.9996365308761597,994.8296508789062,83.48404693603516,0.9999260902404785,89.47358703613281,1029.8580322265625,0.9997753500938416,1021.1567993164062,1020.0370483398438,0.9984654188156128,347.9853515625,500.7156066894531,0.9911614656448364,330.7470703125,607.4984741210938,0.9969884753227234,278.1072998046875,542.3409423828125,0.9687318801879883,387.0870361328125,560.2124633789062,0.9970158338546753,717.5052490234375,501.9606628417969,0.997236967086792,756.6988525390625,717.5506591796875,0.9998292922973633,695.1318969726562,595.651123046875,0.9948868155479431,784.0773315429688,560.500244140625,0.8435472846031189,353.529052734375,1.0565335750579834,0.09674564003944397,323.22100830078125,84.28221130371094,0.952359139919281,317.8722229003906,107.16985321044922,0.9031333923339844,322.5364990234375,212.2241668701172,0.9827418923377991,280.00341796875,101.92079162597656,0.45711785554885864,385.0127868652344,152.51683044433594,0.39900341629981995,262.75653076171875,216.7633819580078,0.8830541968345642,368.6934509277344,252.55795288085938,0.1913175731897354,270.4795837402344,285.60943603515625,0.9548288583755493,198.5332489013672,351.7679748535156,0.6963680386543274,266.5085754394531,399.1849670410156,0.5600229501724243
2394,83.63291931152344,115.22937774658203,0.9997099041938782,994.3643798828125,83.1382827758789,0.999854564666748,89.65477752685547,1029.8193359375,0.9997149109840393,1019.5103759765625,1020.2669677734375,0.998573899269104,347.5549621582031,501.026123046875,0.9918214678764343,328.0594482421875,607.4622802734375,0.9977903366088867,278.22869873046875,538.535888671875,0.9757764935493469,386.0512390136719,561.7838745117188,0.9966920614242554,719.1261596679688,501.1335754394531,0.994404673576355,757.43896484375,716.6558227539062,0.9998871088027954,694.2738647460938,593.6759643554688,0.9972270131111145,785.2671508789062,561.333984375,0.8817110061645508,272.2611999511719,89.05358123779297,0.2737845182418823,324.83831787109375,101.14826965332031,0.9811082482337952,322.6474914550781,131.21463012695312,0.832581639289856,316.2966613769531,214.7400360107422,0.9645180106163025,325.5586853027344,20.774473190307617,0.6718880534172058,386.9232482910156,48.14247131347656,0.7519629597663879,262.082275390625,218.44093322753906,0.8120654821395874,366.8401794433594,256.7423400878906,0.24035583436489105,269.1184387207031,288.5991516113281,0.9834996461868286,197.26675415039062,356.1169738769531,0.41634535789489746,96.16690826416016,533.7570190429688,0.6731414198875427
2395,84.06697082519531,116.09740447998047,0.9997225403785706,995.314453125,84.3743896484375,0.9998883008956909,88.46698760986328,1029.9390869140625,0.9996916055679321,1019.7305908203125,1020.2052612304688,0.999028205871582,348.62139892578125,501.1418151855469,0.9880285263061523,328.88031005859375,608.7578125,0.9983128309249878,277.7708435058594,539.5338134765625,0.9729248881340027,387.4154052734375,561.7744140625,0.9967306852340698,718.7380981445312,502.6361999511719,0.9915024042129517,757.0313110351562,717.2048950195312,0.9998860359191895,692.8954467773438,594.0765991210938,0.9975799322128296,787.9573364257812,576.699462890625,0.7571059465408325,401.3631896972656,29.746889114379883,0.23239023983478546,330.08447265625,100.46305084228516,0.8028551340103149,324.47540283203125,129.56507873535156,0.800973117351532,305.6925048828125,214.60079956054688,0.9923170804977417,283.36669921875,111.71685791015625,0.912673830986023,391.113037109375,25.655902862548828,0.7193004488945007,259.4997863769531,223.58657836914062,0.7421836853027344,358.4760437011719,239.51402282714844,0.2014954388141632,268.5299377441406,291.7637023925781,0.9970189332962036,151.5386199951172,409.55938720703125,0.5120635628700256,94.1534423828125,534.4763793945312,0.2305639237165451
2396,84.43464660644531,115.1518325805664,0.9997212290763855,992.513427734375,83.76624298095703,0.9998801946640015,89.46742248535156,1029.5810546875,0.999852180480957,1022.5036010742188,1019.5843505859375,0.9989031553268433,345.83367919921875,500.65179443359375,0.9905585050582886,330.3128967285156,609.8085327148438,0.9988002777099609,278.2784118652344,544.3748779296875,0.9817000031471252,387.2968444824219,562.1849975585938,0.9974567294120789,716.24658203125,501.1920471191406,0.987079918384552,757.5081176757812,718.764404296875,0.9998393058776855,695.6373291015625,594.88916015625,0.9979027509689331,785.2040405273438,564.7284545898438,0.8131228685379028,416.3195495605469,66.54647064208984,0.22486594319343567,341.529296875,102.2242431640625,0.38563889265060425,333.29510498046875,127.13375091552734,0.7899724245071411,296.2958984375,218.93434143066406,0.8474324941635132,291.07476806640625,104.43592834472656,0.9541134238243103,372.6712646484375,184.92556762695312,0.7718953490257263,263.06524658203125,223.0809783935547,0.16331364214420319,339.5340270996094,207.51014709472656,0.5075273513793945,264.5228271484375,293.8647155761719,0.9828890562057495,160.57162475585938,404.26678466796875,0.6797307133674622,138.73336791992188,515.7689819335938,0.4947143495082855
2397,83.27555084228516,115.28491973876953,0.9996589422225952,996.789794921875,83.61129760742188,0.9998989105224609,89.76058197021484,1030.9117431640625,0.9996674060821533,1019.7930297851562,1019.4281005859375,0.9981776475906372,347.01641845703125,500.81988525390625,0.9874725341796875,328.95855712890625,607.8543701171875,0.9981594681739807,278.0904846191406,542.66552734375,0.9737008213996887,387.18157958984375,563.65869140625,0.9970574378967285,717.6260375976562,501.4332580566406,0.9916041493415833,757.1602783203125,717.2988891601562,0.9998557567596436,693.009765625,593.9633178710938,0.996735155582428,783.1134033203125,549.9259033203125,0.7256304621696472,333.487060546875,84.9724349975586,0.0677131935954094,384.5308837890625,119.22076416015625,0.7911103367805481,332.14404296875,166.56875610351562,0.8555680513381958,332.1502990722656,236.88327026367188,0.917467474937439,294.9120178222656,126.98155975341797,0.6941768527030945,382.5193786621094,197.59388732910156,0.9798881411552429,265.75628662109375,215.45787048339844,0.7808977365493774,332.2703857421875,224.029541015625,0.11500328034162521,264.4675598144531,291.5412902832031,0.939716100692749,155.78369140625,422.3921203613281,0.718511164188385,143.89024353027344,518.5671997070312,0.4333428740501404
2398,82.96549987792969,116.83267211914062,0.9995693564414978,994.4203491210938,84.38455200195312,0.9998282194137573,89.40768432617188,1030.5428466796875,0.99974125623703,1019.2954711914062,1018.5753173828125,0.9991693496704102,348.82525634765625,501.3779296875,0.9847416281700134,327.8333740234375,608.2426147460938,0.9972315430641174,278.16607666015625,540.2317504882812,0.9754462838172913,386.32489013671875,564.3218383789062,0.9971191883087158,717.4915771484375,500.7253723144531,0.9953263998031616,758.5497436523438,719.4200439453125,0.9997716546058655,693.4174194335938,594.58251953125,0.9978054165840149,786.939697265625,577.498291015625,0.8615612983703613,442.4932861328125,130.40750122070312,0.2885825037956238,415.2013244628906,132.71600341796875,0.9221288561820984,327.75799560546875,190.75303649902344,0.9660183787345886,332.92083740234375,149.9161834716797,0.29804423451423645,303.8233947753906,214.22592163085938,0.25501179695129395,400.5236511230469,168.7136993408203,0.5549812912940979,362.73211669921875,277.0325927734375,0.04682620242238045,307.6721496582031,126.12931823730469,0.12169454991817474,265.2593688964844,289.1774597167969,0.9062036275863647,161.43028259277344,421.57269287109375,0.7623791694641113,108.64175415039062,514.9996948242188,0.6964073777198792
2399,83.26560974121094,115.65592956542969,0.9997162222862244,995.2423706054688,83.98280334472656,0.9999161958694458,89.13520050048828,1030.21484375,0.9997269511222839,1020.6534423828125,1018.4290771484375,0.9981878399848938,345.82257080078125,500.4344787597656,0.9835261702537537,329.4775695800781,607.8860473632812,0.9982534050941467,277.40826416015625,545.1151733398438,0.9790431261062622,385.74755859375,562.5,0.9978631138801575,717.0828247070312,502.2995910644531,0.998572587966919,757.8309326171875,719.1469116210938,0.9998241066932678,693.9854736328125,595.9915771484375,0.9978576302528381,782.8017578125,556.3372802734375,0.7917358875274658,468.4299621582031,153.9176483154297,0.17619825899600983,392.6070861816406,147.8850555419922,0.5835060477256775,349.13653564453125,184.7457275390625,0.9453631639480591,339.9866027832031,188.95309448242188,0.800351083278656,401.16033935546875,225.65963745117188,0.4519921839237213,431.3658447265625,183.45504760742188,0.980533242225647,439.3228759765625,176.34230041503906,0.8950895071029663,363.0797424316406,278.0860595703125,0.39978253841400146,254.33660888671875,296.1473693847656,0.5441365242004395,169.19674682617188,419.21441650390625,0.7963555455207825,112.0827407836914,512.2512817382812,0.5805925130844116
2400,83.72813415527344,115.96749877929688,0.9997890591621399,996.0140380859375,83.5771484375,0.9999158382415771,88.69200134277344,1028.99951171875,0.9998844861984253,1016.8831787109375,1019.6309204101562,0.9980483055114746,345.4212646484375,499.9849853515625,0.9934356212615967,330.4973449707031,609.1132202148438,0.997610330581665,277.1684265136719,545.98828125,0.9927605390548706,387.4169006347656,560.3613891601562,0.9974629878997803,717.6463623046875,501.696533203125,0.9977994561195374,758.1718139648438,718.6180419921875,0.9998044371604919,694.8473510742188,597.9967651367188,0.9976097345352173,782.9310913085938,563.3150024414062,0.9815799593925476,534.44677734375,231.4578399658203,0.7295029759407043,512.5868530273438,198.23976135253906,0.9472261071205139,384.4127197265625,181.52195739746094,0.956725537776947,313.12176513671875,225.0110626220703,0.912274956703186,466.925537109375,150.43637084960938,0.0701097846031189,422.69012451171875,149.47244262695312,0.6627188920974731,271.6836853027344,214.17660522460938,0.8928118348121643,340.24267578125,287.7431335449219,0.6809890270233154,257.3077087402344,293.4933166503906,0.20842406153678894,170.59022521972656,420.6377868652344,0.9514994025230408,109.35871887207031,511.8821105957031,0.5463857650756836
2401,84.55162811279297,117.35838317871094,0.9998877048492432,998.3932495117188,86.61492919921875,0.9991616010665894,88.15830993652344,1028.8482666015625,0.999751627445221,1019.2114868164062,1019.5675048828125,0.9987016916275024,340.1850891113281,498.80096435546875,0.9967003464698792,331.3166809082031,608.5655517578125,0.99860018491745,278.4124450683594,551.239501953125,0.9979329109191895,386.9784240722656,559.6566162109375,0.9984174966812134,714.8309936523438,501.0806579589844,0.996647298336029,757.1381225585938,718.6051635742188,0.9996157884597778,693.9642944335938,595.5048828125,0.9940703511238098,780.2198486328125,555.1702270507812,0.9234994053840637,551.0005493164062,221.65530395507812,0.9223237037658691,449.0920715332031,202.0702667236328,0.9838517308235168,427.227294921875,201.97537231445312,0.8410905599594116,341.5781555175781,212.83544921875,0.9952811598777771,387.74383544921875,161.8671875,0.597322404384613,422.6194763183594,256.04266357421875,0.4663147032260895,281.15478515625,199.3354949951172,0.7869852781295776,333.65667724609375,280.48394775390625,0.9698050618171692,288.0688781738281,285.1795349121094,0.2958618700504303,189.2591094970703,404.11383056640625,0.7505883574485779,99.33956909179688,516.6823120117188,0.9309815168380737
2402,84.82296752929688,116.5017318725586,0.9994726777076721,997.621337890625,86.22456359863281,0.9998462200164795,88.56290435791016,1028.5960693359375,0.9997175335884094,1022.68017578125,1020.3345336914062,0.9985522627830505,343.15191650390625,499.4399719238281,0.9986530542373657,329.6669616699219,609.1573486328125,0.9976029992103577,277.85333251953125,549.19384765625,0.9972152709960938,386.5575256347656,560.7642211914062,0.998155415058136,714.9390258789062,500.1105651855469,0.9981219172477722,757.6355590820312,717.851806640625,0.9996734857559204,695.3704223632812,592.1319580078125,0.9795961380004883,783.4080810546875,550.5108642578125,0.8854115009307861,586.9043579101562,254.7298126220703,0.9804891347885132,505.8981628417969,229.26409912109375,0.99430251121521,478.0604248046875,223.64755249023438,0.7635372281074524,367.30084228515625,216.6178436279297,0.9931996464729309,434.97869873046875,180.74940490722656,0.9065645933151245,443.1324768066406,272.3824157714844,0.8077155351638794,288.3365173339844,188.06741333007812,0.8139628171920776,337.9739990234375,285.71356201171875,0.9995742440223694,260.9810485839844,286.2193603515625,0.9800082445144653,181.64027404785156,410.04681396484375,0.4161359369754791,99.8056411743164,520.4344482421875,0.8286237120628357
2403,84.42143249511719,116.19105529785156,0.9997814297676086,996.2595825195312,87.42559814453125,0.9997166991233826,90.13689422607422,1029.400146484375,0.9997406601905823,1022.6250610351562,1020.3656005859375,0.9972572922706604,343.2379455566406,499.22821044921875,0.9979315996170044,329.9028015136719,607.6834106445312,0.9963710308074951,278.09307861328125,549.2943725585938,0.9971792697906494,386.19598388671875,560.6991577148438,0.9972502589225769,715.7313842773438,500.768310546875,0.9979567527770996,757.6107177734375,718.4374389648438,0.9996912479400635,692.5958862304688,592.1895141601562,0.9965205192565918,782.0546264648438,549.0431518554688,0.8707001209259033,584.8803100585938,276.90826416015625,0.7040388584136963,579.0023193359375,280.3700866699219,0.9544810056686401,478.08770751953125,242.46299743652344,0.9118406772613525,378.8013916015625,220.10751342773438,0.98842853307724,450.3467712402344,186.813720703125,0.0617079921066761,444.6507873535156,284.0244445800781,0.9961469173431396,326.24200439453125,167.09495544433594,0.7293225526809692,342.67205810546875,288.8491516113281,0.9990293979644775,260.9566345214844,281.25250244140625,0.8825391530990601,167.34243774414062,422.9541320800781,0.28894081711769104,102.33048248291016,519.3073120117188,0.8736597895622253
2404,86.32363891601562,115.39014434814453,0.9987059831619263,996.0951538085938,84.94758605957031,0.9998183846473694,89.75775146484375,1028.515625,0.9995935559272766,1022.03076171875,1019.7174072265625,0.9964079260826111,345.7991638183594,500.32684326171875,0.9976556301116943,329.9172058105469,608.2664184570312,0.9972862005233765,278.3558044433594,547.6050415039062,0.9908820390701294,386.2904357910156,559.3365478515625,0.9974122643470764,718.70849609375,500.9027099609375,0.9949368238449097,756.27978515625,718.345947265625,0.9996180534362793,691.463134765625,593.4306640625,0.9932209253311157,783.4171142578125,556.5638427734375,0.9004155397415161,544.0369262695312,351.37451171875,0.9925872683525085,522.793701171875,299.578857421875,0.9929953217506409,504.3930358886719,279.3353271484375,0.9962177872657776,388.8855285644531,218.3343963623047,0.9998053908348083,490.095947265625,223.1438751220703,0.8654045462608337,442.9783020019531,294.66650390625,0.997490644454956,331.70733642578125,172.4308319091797,0.4723469614982605,352.8205871582031,284.8601379394531,0.9982921481132507,269.9552307128906,267.9807434082031,0.9788060784339905,197.40992736816406,380.5173645019531,0.5789932608604431,351.9203796386719,301.7012634277344,0.6441295742988586
2405,82.75121307373047,115.40364837646484,0.9995670914649963,997.1995849609375,83.77876281738281,0.999947190284729,90.66740417480469,1029.51171875,0.999833345413208,1020.9818725585938,1020.8045043945312,0.9981028437614441,338.2947082519531,499.4957580566406,0.9993717074394226,332.51495361328125,608.8203735351562,0.9992534518241882,278.11065673828125,551.2648315429688,0.9971224665641785,385.7073059082031,557.0106201171875,0.9979404807090759,714.2316284179688,500.7413330078125,0.9982215762138367,757.5697021484375,717.96044921875,0.9996426105499268,692.1732177734375,595.6481323242188,0.9978955984115601,783.0400390625,548.4354858398438,0.9389126300811768,549.4468383789062,418.99835205078125,0.997552216053009,517.7445678710938,347.69256591796875,0.9937700629234314,500.6454772949219,327.9685974121094,0.9953969120979309,403.6956787109375,233.90565490722656,0.998892605304718,499.21942138671875,253.94432067871094,0.8761551976203918,444.74188232421875,322.8279113769531,0.9872296452522278,388.6607666015625,163.2598876953125,0.8682599067687988,346.8748779296875,274.3409729003906,0.9850769639015198,278.75775146484375,240.63145446777344,0.9810479879379272,207.38014221191406,332.24066162109375,0.040307968854904175,433.18536376953125,485.781005859375,0.5988057851791382
2406,82.89110565185547,114.1611099243164,0.9988433122634888,994.8941040039062,84.60533142089844,0.9999521970748901,90.69001007080078,1028.8948974609375,0.9997568726539612,1021.162841796875,1020.5266723632812,0.9958640336990356,339.34075927734375,498.9466857910156,0.9994460940361023,332.8417053222656,608.2916870117188,0.9988646507263184,277.87420654296875,551.6337890625,0.9966855645179749,385.547119140625,554.7006225585938,0.9979978203773499,715.8497924804688,500.2056579589844,0.9993763566017151,758.34619140625,718.5503540039062,0.9997888207435608,692.4011840820312,594.8128051757812,0.9976106882095337,781.8519287109375,554.312255859375,0.9196494221687317,535.5401000976562,454.3927917480469,0.9592385292053223,502.66827392578125,373.299560546875,0.9962695837020874,493.1744689941406,354.30694580078125,0.878385603427887,415.7235107421875,248.46875,0.9966013431549072,515.2368774414062,305.61669921875,0.547036349773407,439.32830810546875,344.9779357910156,0.9951609969139099,405.9441833496094,173.02772521972656,0.9537755846977234,350.6682434082031,274.0535888671875,0.9949394464492798,293.298095703125,217.83335876464844,0.9900991320610046,177.74851989746094,330.7220153808594,0.38723519444465637,126.10894012451172,503.4296569824219,0.9303579926490784
2407,84.16648864746094,115.00108337402344,0.998898983001709,994.3784790039062,83.11779022216797,0.9999270439147949,91.167724609375,1030.5899658203125,0.9997698664665222,1020.46044921875,1020.5922241210938,0.9977649450302124,342.2433166503906,499.2105712890625,0.9994671940803528,331.8670654296875,608.7655639648438,0.9989049434661865,277.802001953125,551.6712036132812,0.9968993663787842,385.7328796386719,555.1241455078125,0.9958603978157043,716.3612060546875,500.1838073730469,0.9987928867340088,757.8037109375,718.989501953125,0.9997212290763855,691.5269775390625,591.3516845703125,0.9952217936515808,782.7501220703125,559.0543212890625,0.9300100803375244,466.273681640625,531.7805786132812,0.7570083737373352,479.099365234375,408.66748046875,0.9931386113166809,474.6592102050781,388.9796142578125,0.9173702597618103,427.9560241699219,274.86590576171875,0.9883856773376465,514.7372436523438,351.7745361328125,0.9919320940971375,438.0535888671875,375.3101501464844,0.9813960194587708,414.6461181640625,184.4346923828125,0.9408304691314697,359.4685974121094,285.8492736816406,0.9914770722389221,308.2267761230469,224.0127410888672,0.9980134963989258,181.99737548828125,321.09033203125,0.5026017427444458,134.9082794189453,432.7766418457031,0.9770517945289612
2408,84.11363220214844,115.86408233642578,0.9992616772651672,996.4360961914062,84.09394073486328,0.9998452663421631,90.44414520263672,1029.6793212890625,0.9998025298118591,1022.3883666992188,1019.9934692382812,0.9963117241859436,338.9297180175781,499.1504211425781,0.9991868138313293,331.7555236816406,608.605712890625,0.9981364011764526,277.4386901855469,552.7390747070312,0.9970906972885132,384.0951232910156,553.2454833984375,0.9974834322929382,715.0899047851562,499.1230163574219,0.9989233613014221,758.172607421875,718.2333984375,0.999695897102356,691.78955078125,594.76416015625,0.9959433674812317,783.5178833007812,556.1294555664062,0.966362714767456,420.83465576171875,514.71435546875,0.6545833945274353,460.3081359863281,431.802001953125,0.9987621307373047,462.51983642578125,404.4355163574219,0.9985305070877075,422.4544982910156,297.1839294433594,0.9894899725914001,502.0226135253906,368.1063232421875,0.9973668456077576,401.9256896972656,390.3764953613281,0.998155415058136,428.5268859863281,215.54434204101562,0.9942955374717712,348.1723327636719,307.6290588378906,0.9880332946777344,322.402587890625,234.7752227783203,0.7432197332382202,228.3334197998047,268.94775390625,0.9819923639297485,132.35162353515625,434.1497802734375,0.6988551020622253
2409,82.5185546875,114.16860961914062,0.9986037611961365,996.5641479492188,83.15769958496094,0.9996464252471924,90.71038055419922,1029.127685546875,0.9998263716697693,1021.943359375,1019.90673828125,0.996451735496521,340.66522216796875,499.0511474609375,0.9997132420539856,331.81793212890625,608.3948364257812,0.998231828212738,277.797607421875,551.6973266601562,0.9948948621749878,382.2444152832031,553.9432983398438,0.9988119602203369,716.5823974609375,498.44976806640625,0.9969095587730408,758.7163696289062,718.6160278320312,0.9996485710144043,692.8645629882812,595.5248413085938,0.9974710941314697,784.0479736328125,557.379638671875,0.9256404042243958,404.0332336425781,524.3458251953125,0.9996092915534973,437.6185607910156,456.91839599609375,0.9919816851615906,444.8551940917969,430.3686218261719,0.9994974136352539,419.9991455078125,333.3003234863281,0.9974431991577148,494.1697082519531,422.74365234375,0.9941564798355103,381.2804870605469,415.5452575683594,0.9990556836128235,434.1841735839844,254.5920867919922,0.0922430232167244,342.7625732421875,325.8564453125,0.9836527109146118,330.0848693847656,249.4954833984375,0.9775694012641907,219.30560302734375,267.1187744140625,0.500771164894104,136.65919494628906,504.8077697753906,0.9121641516685486
2410,83.64198303222656,115.53694152832031,0.9996021389961243,997.045654296875,81.9521484375,0.9998595714569092,90.64403533935547,1029.3099365234375,0.9997640252113342,1020.13818359375,1020.3729248046875,0.9987844824790955,339.22259521484375,498.5905456542969,0.9997565150260925,331.6825866699219,607.591064453125,0.9978620409965515,277.5113220214844,551.7691040039062,0.9956021308898926,381.512939453125,551.1630249023438,0.9948358535766602,715.349853515625,499.45611572265625,0.9974954724311829,758.7642211914062,718.7786865234375,0.9995371103286743,693.4791870117188,595.4906616210938,0.9962204098701477,784.17138671875,558.4631958007812,0.8704266548156738,396.30841064453125,534.642822265625,0.9945542812347412,430.27557373046875,465.3157653808594,0.9953992962837219,434.66436767578125,437.30426025390625,0.9993109703063965,410.537353515625,337.52081298828125,0.9870743751525879,480.9857482910156,427.0089416503906,0.987395167350769,364.9901428222656,420.0643005371094,0.9968945980072021,454.81756591796875,285.2807312011719,0.8594887852668762,343.1782531738281,316.5102233886719,0.9639713764190674,331.6837158203125,251.24838256835938,0.8947874307632446,184.24322509765625,271.0749206542969,0.6299558877944946,136.88978576660156,499.7076721191406,0.5957196950912476
2411,84.74695587158203,116.93492126464844,0.9994934797286987,995.994140625,82.11518859863281,0.999884843826294,90.02335357666016,1029.4962158203125,0.9997814297676086,1020.0870361328125,1020.0629272460938,0.998835027217865,332.19110107421875,506.7547302246094,0.9944742321968079,329.0906677246094,608.1831665039062,0.9975305199623108,276.72259521484375,551.4207153320312,0.9931313395500183,379.3988342285156,558.3153686523438,0.9276896119117737,715.4388427734375,499.93182373046875,0.9936168193817139,757.9304809570312,718.3682861328125,0.9996188879013062,692.7095336914062,595.2754516601562,0.9946495890617371,781.85791015625,554.7813110351562,0.8502265214920044,381.1734924316406,544.6422729492188,0.9932944178581238,415.3919982910156,464.934814453125,0.9913992881774902,419.91546630859375,437.3315734863281,0.992672324180603,407.58349609375,344.89111328125,0.9972430467605591,475.4438171386719,430.74908447265625,0.9943652153015137,360.5220947265625,426.34490966796875,0.9539715647697449,440.8568420410156,296.7572021484375,0.9067713618278503,350.2112121582031,332.2431945800781,0.9864656329154968,354.6511535644531,262.6056213378906,0.9970399737358093,267.2424011230469,234.59054565429688,0.5161896347999573,151.47805786132812,352.6271057128906,0.8914715051651001
2412,82.69648742675781,114.63473510742188,0.9997739195823669,997.1829223632812,83.92919921875,0.9998331069946289,89.61363220214844,1030.443359375,0.9998451471328735,1020.4152221679688,1020.7617797851562,0.9984838366508484,337.18743896484375,504.22607421875,0.9975132942199707,328.70281982421875,609.3977661132812,0.9991772770881653,276.3614196777344,551.380615234375,0.9978679418563843,381.0140075683594,559.4761962890625,0.9784949421882629,715.8251342773438,500.61224365234375,0.9922186136245728,758.3084106445312,716.990478515625,0.9995317459106445,694.7257080078125,594.3898315429688,0.9917157292366028,782.3065185546875,549.722412109375,0.8855428099632263,382.516357421875,524.6984252929688,0.9763777256011963,407.74920654296875,443.8825988769531,0.9969239830970764,413.13970947265625,413.5286865234375,0.9876512289047241,411.6866149902344,339.3900146484375,0.9989581108093262,474.2373046875,419.6351013183594,0.9971629977226257,365.51641845703125,408.63800048828125,0.944151759147644,448.920654296875,296.29998779296875,0.9363982677459717,360.8117370605469,326.0519104003906,0.9901605844497681,373.14849853515625,272.93389892578125,0.9900686144828796,260.9716796875,239.0369415283203,0.9447256326675415,152.50631713867188,348.85595703125,0.9024927616119385
2413,84.4775161743164,117.56022644042969,0.9994744658470154,996.4351196289062,82.57736206054688,0.9997321963310242,89.58123016357422,1029.4476318359375,0.9998236298561096,1020.1224975585938,1021.1615600585938,0.9986814856529236,341.424560546875,501.8229675292969,0.9972767233848572,329.4317932128906,610.1380615234375,0.9992087483406067,277.5196533203125,551.6895141601562,0.9974750876426697,382.6118469238281,561.8427124023438,0.995884358882904,715.0471801757812,500.7984924316406,0.9942731261253357,758.4656982421875,718.6587524414062,0.9994704127311707,694.604736328125,594.0972900390625,0.9885949492454529,782.781005859375,560.4337768554688,0.9010584354400635,399.25421142578125,515.3286743164062,0.996059775352478,408.72576904296875,427.2698974609375,0.9979550838470459,410.25103759765625,399.2013854980469,0.9991596937179565,411.86444091796875,333.5433654785156,0.9995137453079224,467.2899475097656,405.2818298339844,0.9777155518531799,371.6498718261719,404.9935607910156,0.9884999394416809,443.9730529785156,299.44927978515625,0.9127873778343201,367.78021240234375,319.3013610839844,0.9945027828216553,375.47491455078125,273.04876708984375,0.9398052096366882,281.33526611328125,237.6943817138672,0.9450598359107971,150.3178253173828,344.555908203125,0.9738724231719971
2414,85.1482925415039,116.31253051757812,0.9997348189353943,993.9609375,86.49984741210938,0.9997910857200623,90.14459228515625,1029.168701171875,0.999810516834259,1022.9248657226562,1020.3943481445312,0.9992637038230896,342.8148498535156,500.9338684082031,0.9975782036781311,330.492431640625,609.3353881835938,0.9987910389900208,277.1972351074219,550.82958984375,0.997857391834259,383.3554382324219,562.4901123046875,0.9965319633483887,716.8381958007812,500.3156433105469,0.994247317314148,759.550537109375,717.8972778320312,0.9995911717414856,694.9152221679688,595.6183471679688,0.9942253232002258,786.3857421875,566.9093627929688,0.6849229335784912,385.65447998046875,503.1228332519531,0.9938437938690186,405.98040771484375,419.68414306640625,0.9947346448898315,405.14276123046875,389.78277587890625,0.9992660880088806,413.4022521972656,331.7728271484375,0.9964346885681152,464.37432861328125,401.24114990234375,0.9956768155097961,363.6287536621094,394.49664306640625,0.99348384141922,449.0794677734375,306.4484558105469,0.7588585615158081,368.2253723144531,317.03741455078125,0.9954603314399719,381.301025390625,278.6901550292969,0.9886500835418701,284.00604248046875,234.8583984375,0.8915397524833679,152.4541778564453,349.7669982910156,0.9170346260070801
2415,84.58382415771484,115.29136657714844,0.9994692206382751,997.14208984375,83.49938201904297,0.9997368454933167,90.63954162597656,1028.637939453125,0.9998843669891357,1020.5842895507812,1019.8309326171875,0.9979857206344604,339.49310302734375,502.5861511230469,0.9927834272384644,330.6263122558594,609.1213989257812,0.9991318583488464,276.9984436035156,551.58203125,0.9970821738243103,383.08984375,562.1257934570312,0.9907746911048889,714.3568725585938,500.82391357421875,0.9940154552459717,758.170654296875,719.0643920898438,0.9996610879898071,694.318115234375,595.545654296875,0.9941852688789368,782.140625,556.4769287109375,0.8741589784622192,385.285888671875,496.16876220703125,0.9305515885353088,409.025634765625,401.7471618652344,0.9970321655273438,408.641845703125,378.69464111328125,0.9993017911911011,420.50042724609375,325.73297119140625,0.9981203675270081,463.8780517578125,391.4573974609375,0.9826045632362366,363.3185119628906,387.88885498046875,0.9670045971870422,443.7382507324219,291.30645751953125,0.9479315876960754,369.69805908203125,313.2418212890625,0.9962091445922852,378.99017333984375,272.6297302246094,0.9821174740791321,282.6078186035156,235.6330108642578,0.8664902448654175,150.5657958984375,345.1202697753906,0.8952853679656982
2416,83.55913543701172,115.33447265625,0.9997768998146057,996.3937377929688,85.30756378173828,0.9999337196350098,90.5041275024414,1029.670654296875,0.9997811913490295,1018.5324096679688,1021.8203735351562,0.9990047812461853,333.94427490234375,500.8214111328125,0.9828641414642334,330.71051025390625,608.3440551757812,0.9978293776512146,276.8210144042969,552.2105712890625,0.9978772401809692,383.1787109375,561.23193359375,0.9922967553138733,716.2020874023438,501.0067138671875,0.9935287833213806,758.6763916015625,718.7733764648438,0.9997652173042297,693.4589233398438,593.9583740234375,0.9960130453109741,786.5219116210938,565.7362060546875,0.7848467230796814,369.14910888671875,485.22998046875,0.9372193217277527,409.16021728515625,403.203125,0.989971399307251,409.20794677734375,383.32403564453125,0.9985811710357666,418.14642333984375,327.5188903808594,0.9985153079032898,465.49853515625,388.8507080078125,0.9904237389564514,364.24755859375,383.950439453125,0.9770839810371399,443.8694152832031,294.5550231933594,0.6555386185646057,367.087158203125,319.6602478027344,0.9993426203727722,385.7886657714844,272.7427673339844,0.9985890984535217,284.28472900390625,234.20396423339844,0.9450604319572449,151.9020538330078,349.8639221191406,0.9614335894584656
2417,85.29075622558594,115.04612731933594,0.9993951320648193,997.3171997070312,85.0236587524414,0.9998162388801575,89.31551361083984,1028.564453125,0.9998281002044678,1021.6005859375,1020.8712768554688,0.9986827969551086,333.34716796875,501.7725524902344,0.954532265663147,329.8738098144531,608.3965454101562,0.99860018491745,277.4197692871094,551.1934204101562,0.9981750249862671,382.5179138183594,561.2120971679688,0.9918268918991089,715.6373291015625,501.0421142578125,0.9972124695777893,758.4937744140625,718.104248046875,0.9998334646224976,695.0892333984375,595.0145874023438,0.9930591583251953,783.3212280273438,547.9287719726562,0.8805328011512756,354.86932373046875,469.11419677734375,0.9569584727287292,392.3641052246094,411.92254638671875,0.8361511826515198,406.7449035644531,383.7576904296875,0.9986269474029541,422.5585021972656,330.323486328125,0.9988033771514893,462.4457092285156,391.7537841796875,0.9992891550064087,361.8960876464844,381.9281921386719,0.9913113117218018,445.1633605957031,295.10919189453125,0.8651772141456604,368.8194885253906,314.59033203125,0.9988992214202881,386.40142822265625,272.9787292480469,0.9966930150985718,276.28839111328125,234.6841278076172,0.9552029967308044,152.52659606933594,349.6183166503906,0.4620451033115387
2418,83.40884399414062,116.69343566894531,0.9997836947441101,994.8193969726562,85.34487915039062,0.999937891960144,90.0769271850586,1028.8115234375,0.9997856020927429,1018.1119995117188,1020.6366577148438,0.99784255027771,339.73321533203125,502.8073425292969,0.9894492626190186,329.7000427246094,609.1090087890625,0.9980164766311646,277.1926574707031,551.0585327148438,0.9976924657821655,381.26934814453125,562.643798828125,0.9969260096549988,715.505126953125,500.9593505859375,0.9949833154678345,759.0139770507812,718.9498291015625,0.9997279047966003,693.9443359375,595.5361938476562,0.9961722493171692,785.1776123046875,568.0043334960938,0.8811708092689514,344.3426818847656,462.72796630859375,0.9945065379142761,390.87786865234375,402.2085876464844,0.9985972046852112,400.2243347167969,379.8481750488281,0.9996367692947388,422.47418212890625,329.88360595703125,0.9987105131149292,460.07696533203125,408.6097717285156,0.9905768632888794,356.5335693359375,368.212890625,0.9866395592689514,443.1078796386719,294.19830322265625,0.8641372323036194,364.8402099609375,309.2596740722656,0.9984776377677917,386.0444030761719,273.1926574707031,0.9986035227775574,275.05999755859375,233.94467163085938,0.8960013389587402,149.1916961669922,354.0360412597656,0.3831162750720978
2419,84.59127044677734,114.7317123413086,0.9995928406715393,996.8012084960938,85.4697265625,0.9999139308929443,89.90827941894531,1028.9368896484375,0.9998499155044556,1021.0586547851562,1020.1990356445312,0.9982142448425293,338.5035705566406,505.44708251953125,0.9803131222724915,330.70355224609375,608.8458251953125,0.9977557063102722,276.85052490234375,551.72314453125,0.9973244667053223,381.6535949707031,561.6087646484375,0.9962925314903259,713.8756103515625,502.3961181640625,0.9931318163871765,758.3741455078125,716.8980102539062,0.9998214840888977,694.5440063476562,595.1755981445312,0.9975438714027405,785.1800537109375,566.9000244140625,0.8875921964645386,335.04974365234375,451.37158203125,0.9899640679359436,387.5689697265625,396.54669189453125,0.9239189028739929,396.41552734375,374.5771484375,0.9987360835075378,420.53759765625,324.669677734375,0.999747097492218,455.9913330078125,392.1095275878906,0.9995061159133911,357.1583557128906,356.5648193359375,0.9613811373710632,437.8862609863281,291.4354248046875,0.670315682888031,368.8751220703125,306.93145751953125,0.9863569736480713,386.03411865234375,273.65582275390625,0.9955434203147888,267.1612548828125,234.60008239746094,0.815102756023407,150.0382080078125,352.1135559082031,0.6917505264282227
2420,83.79615020751953,115.86962127685547,0.9996460676193237,995.4600830078125,83.08883666992188,0.9999581575393677,89.0217056274414,1029.1385498046875,0.9998176693916321,1020.0859375,1020.8381958007812,0.9979451298713684,337.7774658203125,504.1354675292969,0.9783575534820557,331.0040588378906,608.53515625,0.9973058700561523,276.2242431640625,551.3284301757812,0.9965406060218811,381.9876708984375,562.6419677734375,0.9967654943466187,712.7642211914062,503.0116882324219,0.9960713386535645,759.5172729492188,716.0675659179688,0.9996606111526489,694.9815063476562,595.020263671875,0.9963244795799255,782.2631225585938,554.3327026367188,0.9376858472824097,330.0331115722656,455.2166442871094,0.9867411255836487,381.93798828125,394.95501708984375,0.9546604156494141,393.9530334472656,369.4500427246094,0.9984750151634216,422.90850830078125,324.1889953613281,0.9990000128746033,454.9376525878906,388.80340576171875,0.9922412633895874,350.2296142578125,357.179931640625,0.9784933924674988,440.1040954589844,289.7569274902344,0.879793107509613,364.4446716308594,307.19049072265625,0.9091439247131348,383.09735107421875,272.5014953613281,0.9973216652870178,186.89019775390625,264.0430603027344,0.8196882009506226,150.61721801757812,362.1527404785156,0.897066056728363
2421,85.04417419433594,115.72087860107422,0.9994423985481262,996.9478759765625,83.0960922241211,0.9999314546585083,89.48490905761719,1029.3397216796875,0.9998534917831421,1019.520751953125,1020.5199584960938,0.9976929426193237,337.86297607421875,507.23876953125,0.9659014940261841,329.7091064453125,608.0266723632812,0.9979498982429504,276.4400329589844,551.3557739257812,0.9952862858772278,382.19573974609375,564.9912109375,0.9924598336219788,710.915771484375,501.2109069824219,0.9970225691795349,758.24072265625,717.4793090820312,0.9998189806938171,694.3807373046875,595.7890014648438,0.9964302182197571,782.3524169921875,549.2263793945312,0.9156578183174133,330.141845703125,449.571533203125,0.9897799491882324,372.51129150390625,400.5028991699219,0.9780334830284119,392.5396423339844,372.18194580078125,0.998836100101471,422.9267272949219,326.1087951660156,0.9997518658638,451.4246520996094,388.14459228515625,0.998314619064331,351.0545959472656,350.8437805175781,0.9738924503326416,440.5401611328125,290.9706115722656,0.9585339426994324,359.57330322265625,311.9428405761719,0.9689253568649292,381.7062072753906,271.29498291015625,0.9958915710449219,191.17703247070312,261.1859436035156,0.8290358185768127,150.3324737548828,358.7023010253906,0.4852263033390045
2422,83.3869857788086,114.8973617553711,0.99946528673172,994.7954711914062,84.01763153076172,0.999932050704956,91.3036880493164,1028.84765625,0.999763548374176,1018.4212646484375,1020.7237548828125,0.9988798499107361,338.68170166015625,504.8735656738281,0.9200127124786377,331.1327819824219,608.8137817382812,0.9957578778266907,276.3429870605469,551.98583984375,0.9982330799102783,381.6507873535156,564.6102294921875,0.9840116500854492,711.2386474609375,500.2537841796875,0.9966970682144165,758.2303466796875,718.3768310546875,0.9997088313102722,694.4096069335938,597.4141845703125,0.9982585310935974,782.7275390625,558.02880859375,0.9299343824386597,331.59661865234375,435.6761474609375,0.9622561931610107,381.0881042480469,390.3374938964844,0.9708120226860046,394.12213134765625,367.1101379394531,0.9701787829399109,423.13720703125,325.1079406738281,0.9997451901435852,451.4442443847656,388.2596740722656,0.9975069165229797,349.6148681640625,342.33697509765625,0.8864230513572693,439.4137878417969,289.2829895019531,0.9376503229141235,363.4833984375,305.3174133300781,0.9945067763328552,383.8260192871094,266.7539367675781,0.9953008890151978,189.10397338867188,261.71124267578125,0.6574852466583252,150.46571350097656,356.4120178222656,0.5329359173774719
2423,84.25601196289062,116.26367950439453,0.9965147376060486,994.3311767578125,83.30695343017578,0.9998706579208374,90.5169906616211,1031.2447509765625,0.9997826218605042,1020.7411499023438,1019.9222412109375,0.9979625940322876,334.1612243652344,501.7408752441406,0.9296267628669739,330.11932373046875,609.123046875,0.9970096349716187,276.2683410644531,552.134765625,0.9971938133239746,382.6073303222656,564.4165649414062,0.9945794343948364,712.2217407226562,498.50030517578125,0.993372917175293,759.1017456054688,719.3206787109375,0.9997945427894592,696.147216796875,598.744384765625,0.99788898229599,780.2786865234375,544.2743530273438,0.8327926397323608,348.39422607421875,444.5579833984375,0.2316068708896637,383.5268249511719,391.4326477050781,0.8843675255775452,394.3312072753906,373.9765319824219,0.9704167246818542,420.5939025878906,330.3185729980469,0.9994582533836365,452.06781005859375,390.92333984375,0.9998036026954651,354.6349792480469,364.5343933105469,0.9502936601638794,437.073486328125,290.6321105957031,0.5592330694198608,370.5291442871094,309.3367614746094,0.991414487361908,383.1466064453125,272.7457275390625,0.9968332648277283,186.40707397460938,264.1341857910156,0.86937415599823,150.3779754638672,363.33746337890625,0.9528362154960632
2424,84.01914978027344,116.71047973632812,0.9995325803756714,995.0645751953125,81.75550842285156,0.9998321533203125,90.11388397216797,1028.80029296875,0.9998654127120972,1019.89697265625,1019.7484130859375,0.9985345602035522,339.31854248046875,505.1028137207031,0.9915384650230408,331.1145324707031,607.9985961914062,0.9974938631057739,276.5097961425781,551.5685424804688,0.9970000386238098,382.9701232910156,560.9473266601562,0.999037504196167,712.508544921875,499.36822509765625,0.9925766587257385,758.7361450195312,719.7058715820312,0.9997939467430115,697.2966918945312,596.8179931640625,0.9959110021591187,781.4332885742188,559.616943359375,0.9484208822250366,365.39154052734375,332.3697814941406,0.03830038383603096,401.99774169921875,396.4992370605469,0.018933163955807686,408.09771728515625,383.62420654296875,0.5900067687034607,406.4547424316406,353.7286682128906,0.9825159311294556,462.7020568847656,398.30157470703125,0.7447810769081116,468.8763427734375,363.2687683105469,0.90754634141922,364.0672912597656,387.634521484375,0.9276728630065918,365.2672424316406,321.2073059082031,0.973646342754364,382.284423828125,272.6800842285156,0.9901187419891357,187.82498168945312,265.1088562011719,0.829124391078949,150.40711975097656,360.0383605957031,0.9362038373947144
2425,83.65689849853516,114.87177276611328,0.9995335340499878,992.9817504882812,83.55261993408203,0.9999103546142578,90.68415069580078,1029.265380859375,0.9998577833175659,1018.7835083007812,1019.684814453125,0.9988672733306885,337.9486083984375,504.99395751953125,0.9512304067611694,332.2433776855469,609.3209838867188,0.9972224235534668,276.4440612792969,551.7530517578125,0.9964950680732727,383.577392578125,557.3208618164062,0.9935552477836609,710.8417358398438,498.83685302734375,0.9950902462005615,759.1712646484375,719.4979858398438,0.9996758699417114,695.0151977539062,596.6522216796875,0.9992606043815613,780.4852294921875,542.5952758789062,0.9021552801132202,431.6331787109375,493.122802734375,0.6385613679885864,429.1320495605469,480.7470703125,0.19268983602523804,420.09564208984375,363.07965087890625,0.8022295832633972,423.9031982421875,412.3543395996094,0.9813095331192017,462.01153564453125,438.9764709472656,0.3540821373462677,476.0083923339844,359.738037109375,0.6319645047187805,453.7188720703125,308.9371337890625,0.902778148651123,368.3822326660156,320.6712341308594,0.9207520484924316,382.0242919921875,271.17022705078125,0.9404339790344238,188.39486694335938,263.74993896484375,0.8849554061889648,150.69215393066406,358.20953369140625,0.9792246222496033
2426,83.55658721923828,115.6545639038086,0.9997416138648987,993.8025512695312,83.06036376953125,0.9998027682304382,90.01455688476562,1029.74462890625,0.999808132648468,1021.4561767578125,1020.0923461914062,0.9990403056144714,340.5196838378906,499.7529602050781,0.9988881945610046,333.4756164550781,609.6688232421875,0.9987234473228455,276.4598388671875,551.339599609375,0.9966164231300354,385.4569396972656,556.1835327148438,0.997330904006958,713.708251953125,498.9141540527344,0.9889522194862366,759.5524291992188,719.2093505859375,0.9995997548103333,695.9080200195312,596.465576171875,0.9993937015533447,781.1207275390625,554.981201171875,0.8725568652153015,451.3764343261719,545.683837890625,0.9730716943740845,445.3490905761719,480.09808349609375,0.7979788780212402,439.0696105957031,440.43212890625,0.34850794076919556,431.2121887207031,370.101806640625,0.9939363598823547,483.1846618652344,413.1853942871094,0.7419981360435486,392.0668640136719,441.98980712890625,0.9334874153137207,464.1937255859375,310.02874755859375,0.9910025000572205,366.24462890625,326.321044921875,0.987695574760437,385.05389404296875,275.7814025878906,0.9951936602592468,268.2213134765625,234.1884002685547,0.8658144474029541,152.15028381347656,354.69549560546875,0.8265617489814758
2427,83.76976776123047,116.1805648803711,0.999643087387085,994.3052368164062,82.23184967041016,0.99993896484375,89.85567474365234,1029.675537109375,0.9998487234115601,1021.403076171875,1020.2212524414062,0.998702883720398,339.6488037109375,498.7047424316406,0.9973587393760681,332.4527282714844,609.7195434570312,0.9993506073951721,276.7496032714844,551.8600463867188,0.9961929321289062,384.1781311035156,555.962158203125,0.998329222202301,712.5316162109375,499.9199523925781,0.9971580505371094,758.3710327148438,716.8840942382812,0.9998548030853271,694.0907592773438,595.0745849609375,0.9983599781990051,781.6398315429688,557.4293212890625,0.7656728029251099,480.7471923828125,583.5020141601562,0.9983747005462646,470.3971252441406,549.6972045898438,0.9286888837814331,469.1004333496094,535.7088623046875,0.9751120209693909,437.06219482421875,397.2955322265625,0.9869391918182373,497.7265625,483.5931396484375,0.9864038228988647,416.7509460449219,495.61749267578125,0.8833994269371033,462.8125305175781,312.1396789550781,0.9914352297782898,366.98291015625,334.1955871582031,0.9756220579147339,399.3631286621094,288.2490234375,0.6064873337745667,201.2437286376953,253.4767608642578,0.7126438021659851,151.58741760253906,355.6297912597656,0.9824103116989136
2428,83.33929443359375,117.76463317871094,0.9996616840362549,996.0883178710938,84.3609848022461,0.9999598264694214,88.61186218261719,1029.6845703125,0.99972003698349,1019.3563232421875,1021.6673583984375,0.9980928301811218,338.7196960449219,499.1748352050781,0.9980438947677612,332.3731384277344,609.5830078125,0.9991437196731567,276.9866943359375,552.0276489257812,0.9961867928504944,386.7475280761719,553.5353393554688,0.9974683523178101,715.8357543945312,500.814208984375,0.9969390630722046,757.1187744140625,718.3230590820312,0.9998421669006348,695.0772705078125,597.6309204101562,0.9974963068962097,785.369873046875,566.5050659179688,0.8834260106086731,505.24810791015625,613.1578369140625,0.9948853850364685,487.5534973144531,560.8753662109375,0.8817434906959534,468.38763427734375,504.16217041015625,0.7649256587028503,437.7806091308594,383.7615051269531,0.9980789422988892,499.6991271972656,449.9894714355469,0.9606043100357056,412.7007751464844,474.3312683105469,0.9597200751304626,469.44464111328125,311.8389892578125,0.8252316117286682,368.35247802734375,338.3458251953125,0.9831530451774597,402.8261413574219,279.4786682128906,0.8841710090637207,268.5068054199219,233.95034790039062,0.546608567237854,151.4822235107422,360.2246398925781,0.7488277554512024
2429,83.88514709472656,116.43537139892578,0.9995538592338562,997.41259765625,86.14754486083984,0.9998577833175659,90.14285278320312,1030.1265869140625,0.999836802482605,1020.901611328125,1020.6669311523438,0.9978073239326477,338.19854736328125,499.14910888671875,0.9976108074188232,332.7921447753906,609.7809448242188,0.9993274211883545,276.8089599609375,551.6851196289062,0.9945330619812012,386.8260803222656,554.4072875976562,0.9965370893478394,714.516845703125,499.4227294921875,0.9966953992843628,758.2214965820312,717.79345703125,0.9997989535331726,694.41748046875,599.1039428710938,0.9985688924789429,782.241455078125,559.0076293945312,0.8058181405067444,524.71484375,623.3474731445312,0.9960363507270813,514.7758178710938,584.8696899414062,0.9781984090805054,504.0992431640625,563.8733520507812,0.9755131006240845,443.5546875,398.9523620605469,0.99136883020401,513.5191650390625,476.43365478515625,0.7273972034454346,465.12615966796875,556.7708129882812,0.9491599202156067,475.5141296386719,310.5839538574219,0.9922053217887878,370.34228515625,341.83270263671875,0.9883657693862915,393.9833679199219,267.63848876953125,0.9810513257980347,289.52801513671875,226.23138427734375,0.5878477692604065,156.49244689941406,353.09246826171875,0.2404632270336151
2430,83.5625228881836,117.55146789550781,0.9998055100440979,994.4609375,85.36318969726562,0.99991774559021,88.91999816894531,1029.1767578125,0.9996960163116455,1019.5282592773438,1019.0247192382812,0.9992768168449402,339.0205993652344,499.3363952636719,0.9975503087043762,332.7503967285156,609.477783203125,0.9990724325180054,276.93060302734375,552.6053466796875,0.9956262111663818,387.2759094238281,553.1622924804688,0.9974468946456909,716.6509399414062,500.5664978027344,0.998026430606842,757.7787475585938,716.4749145507812,0.9998258948326111,692.056884765625,598.38720703125,0.9981841444969177,781.804931640625,548.4864501953125,0.9651265740394592,549.9456787109375,648.8191528320312,0.9958593249320984,532.6106567382812,596.6668701171875,0.997358500957489,522.7341918945312,580.78466796875,0.9981811046600342,453.0749206542969,416.8659973144531,0.9934588074684143,530.4832153320312,499.0045471191406,0.9799376130104065,472.6373596191406,562.6452026367188,0.9817232489585876,485.0917663574219,333.5498962402344,0.9991928935050964,379.39801025390625,359.19366455078125,0.9864214658737183,403.30181884765625,265.70013427734375,0.6245365142822266,254.05455017089844,209.20948791503906,0.3310052454471588,176.45730590820312,295.9026794433594,0.841571569442749
2431,83.64669799804688,117.30050659179688,0.9994745850563049,994.4994506835938,82.4463882446289,0.9999428987503052,89.89437103271484,1028.748779296875,0.9996827840805054,1019.4234008789062,1019.9873657226562,0.9991441965103149,337.0183410644531,498.7282409667969,0.9974725842475891,331.8757019042969,609.5586547851562,0.9990197420120239,277.2522888183594,550.9937133789062,0.9967036843299866,386.46356201171875,554.8556518554688,0.9933557510375977,717.9862060546875,499.4840393066406,0.996573805809021,758.0633544921875,715.8142700195312,0.999832272529602,690.9636840820312,595.54052734375,0.9988681077957153,782.9232177734375,558.2354125976562,0.9282981753349304,583.2633666992188,705.0618286132812,0.9969557523727417,554.5542602539062,627.6105346679688,0.9990957975387573,541.6947631835938,610.3486328125,0.9935187697410583,480.6833801269531,469.3617858886719,0.9949535727500916,556.8353881835938,545.844970703125,0.9921162724494934,491.6413269042969,599.4193725585938,0.9623705744743347,496.34759521484375,352.0289001464844,0.9979148507118225,398.61102294921875,373.8218688964844,0.8530990481376648,410.5268249511719,271.1839294433594,0.9992523789405823,328.48468017578125,183.9253692626953,0.9330024123191833,190.83035278320312,282.36859130859375,0.5448501706123352
2432,84.49612426757812,113.89097595214844,0.9997257590293884,994.2142333984375,85.87608337402344,0.9999581575393677,90.64291381835938,1029.071533203125,0.9998279809951782,1019.7866821289062,1019.9596557617188,0.9987967014312744,337.443115234375,498.61102294921875,0.9988945126533508,331.370849609375,608.5475463867188,0.9989451766014099,277.2049865722656,550.1930541992188,0.9973602890968323,386.3588562011719,554.603759765625,0.9973100423812866,714.8568725585938,500.26226806640625,0.9958876967430115,759.5762939453125,716.530517578125,0.9997071623802185,694.8857421875,597.3087158203125,0.9973897337913513,781.5218505859375,553.309326171875,0.980046808719635,618.769775390625,735.080078125,0.9968107342720032,602.0325927734375,704.0307006835938,0.8880655169487,562.1863403320312,647.2949829101562,0.6907753348350525,501.6283874511719,499.76898193359375,0.996288537979126,582.54150390625,589.2749633789062,0.8595722913742065,509.88519287109375,628.7308349609375,0.9987778067588806,504.970458984375,375.0915222167969,0.4783238172531128,414.4081726074219,404.86712646484375,0.9459530711174011,444.45166015625,316.1363220214844,0.8518663048744202,385.154296875,217.3673553466797,0.5646628141403198,216.38014221191406,201.6182403564453,0.4780881404876709
2433,83.3956298828125,115.94986724853516,0.9998111128807068,997.2525024414062,84.93901824951172,0.99992835521698,89.04508209228516,1030.0328369140625,0.9997363686561584,1021.7885131835938,1019.5953979492188,0.9987505674362183,337.1787414550781,498.8553466796875,0.9973769187927246,331.9103088378906,608.9190063476562,0.9988445043563843,277.6714172363281,550.2635498046875,0.9955536723136902,387.06597900390625,553.949462890625,0.9966044425964355,712.9775390625,500.1917724609375,0.9973911046981812,758.6250610351562,717.4207153320312,0.9998242259025574,692.8564453125,599.5891723632812,0.9945259094238281,781.7632446289062,549.04541015625,0.9421834945678711,659.5608520507812,738.3295288085938,0.9145090579986572,603.6968383789062,683.626708984375,0.9992364645004272,586.9031982421875,660.5236206054688,0.995586633682251,530.5515747070312,535.9518432617188,0.999442994594574,611.535400390625,594.40869140625,0.9990315437316895,523.8016967773438,647.0175170898438,0.9894335865974426,564.5013427734375,457.05316162109375,0.983504056930542,438.59747314453125,482.4425048828125,0.9766969680786133,482.9179382324219,368.49444580078125,0.9447715878486633,447.63836669921875,279.7427978515625,0.1984761655330658,373.49249267578125,201.98348999023438,0.6302892565727234
2434,83.62632751464844,116.04259490966797,0.999818742275238,994.4637451171875,83.49274444580078,0.9996709823608398,88.63907623291016,1030.91943359375,0.9997660517692566,1018.3955688476562,1019.3741455078125,0.9992469549179077,337.4736022949219,498.8587341308594,0.9989420771598816,332.4723815917969,610.5296020507812,0.9989904761314392,277.0238037109375,552.53515625,0.9969803690910339,386.96539306640625,555.4680786132812,0.995797872543335,716.2887573242188,500.7644348144531,0.9933769106864929,758.52587890625,716.74853515625,0.9997650980949402,691.8135986328125,599.91796875,0.9875548481941223,786.0310668945312,566.2451782226562,0.8784088492393494,683.8902587890625,740.3204345703125,0.9917261600494385,629.6998901367188,690.4912109375,0.9953345656394958,612.7158203125,671.0377197265625,0.9946838021278381,552.302001953125,565.5701293945312,0.9981179237365723,633.2503051757812,612.2193603515625,0.998333752155304,553.53857421875,675.6818237304688,0.9952612519264221,573.6635131835938,487.5321960449219,0.989069402217865,468.7866516113281,526.1577758789062,0.8824968934059143,505.3636474609375,425.9589538574219,0.9880605936050415,492.20013427734375,336.1924743652344,0.17727652192115784,473.5345764160156,276.94384765625,0.8597350120544434
2435,83.65070343017578,116.95655822753906,0.9998345375061035,998.2265625,83.3325424194336,0.9998983144760132,89.0013427734375,1029.888427734375,0.9997032284736633,1020.1917114257812,1019.9942626953125,0.9981491565704346,338.59344482421875,498.5782165527344,0.9989516735076904,331.5485534667969,609.1023559570312,0.9990276098251343,277.373046875,552.3324584960938,0.9967306852340698,386.8902893066406,556.2305297851562,0.9966313242912292,714.7775268554688,500.794677734375,0.996760904788971,755.3424072265625,715.4573974609375,0.9996129870414734,694.1923217773438,598.6322631835938,0.9952718615531921,780.838134765625,547.8616943359375,0.9039971232414246,697.92724609375,737.0094604492188,0.9906328916549683,651.9168701171875,689.6956176757812,0.9589780569076538,628.7899169921875,667.4884033203125,0.8293818235397339,551.0869140625,570.2394409179688,0.962712824344635,640.5311889648438,614.35595703125,0.9731137156486511,572.576904296875,684.215576171875,0.9577885270118713,579.7850341796875,504.8977966308594,0.9704359173774719,477.3665771484375,530.8056640625,0.8471429944038391,507.368408203125,443.614013671875,0.8475522994995117,511.4547119140625,326.42523193359375,0.9836000204086304,483.0994567871094,229.88555908203125,0.96516352891922
2436,84.09127044677734,117.54451751708984,0.9996352195739746,993.8136596679688,83.21333312988281,0.9998612403869629,90.45271301269531,1030.1575927734375,0.9994654059410095,1021.8963012695312,1019.242431640625,0.9989344477653503,339.0413818359375,498.5699462890625,0.99907386302948,331.4774169921875,609.9780883789062,0.9993509650230408,277.2861022949219,552.0393676757812,0.9964103102684021,387.2695617675781,555.7320556640625,0.9930177927017212,714.3851928710938,501.7022399902344,0.9965968728065491,757.5213623046875,717.1533813476562,0.9995335340499878,692.8778686523438,599.135498046875,0.9933191537857056,781.1749877929688,550.5422973632812,0.9560260772705078,689.478271484375,723.0135498046875,0.9705345630645752,672.8035888671875,709.3616333007812,0.9913973808288574,619.0447998046875,650.5224609375,0.8869534730911255,551.2191772460938,566.5955810546875,0.9965168237686157,639.5595092773438,595.7374877929688,0.9891535639762878,568.061279296875,678.5831909179688,0.6096792817115784,576.634521484375,502.9103698730469,0.97259122133255,478.2310791015625,535.3584594726562,0.7824636101722717,505.96728515625,450.9736328125,0.9850264191627502,501.54034423828125,323.86334228515625,0.89913010597229,463.1864929199219,194.4171142578125,0.38783299922943115
2437,84.85778045654297,116.93876647949219,0.9998390674591064,995.8834838867188,84.90123748779297,0.9999452829360962,91.18119812011719,1030.1605224609375,0.9997856020927429,1018.2828369140625,1018.9493408203125,0.999320387840271,338.2900695800781,498.5837707519531,0.9987630844116211,332.0398254394531,610.30810546875,0.9992720484733582,277.6793518066406,552.6483764648438,0.9964359998703003,386.8956604003906,557.2119140625,0.9950810670852661,714.038330078125,501.05517578125,0.9939257502555847,759.4391479492188,717.1281127929688,0.9997854828834534,693.7548217773438,597.8784790039062,0.9906914830207825,782.2891845703125,548.5669555664062,0.9637117981910706,672.3096923828125,730.4220581054688,0.9937207698822021,657.1683349609375,710.5562744140625,0.9944236874580383,654.5718383789062,702.380859375,0.9946159720420837,562.9423828125,578.4078369140625,0.9248310327529907,658.4558715820312,625.9963989257812,0.7908773422241211,575.7927856445312,677.0514526367188,0.36460521817207336,579.8993530273438,513.64111328125,0.9727945923805237,485.19378662109375,534.9510498046875,0.8029467463493347,507.1454162597656,466.0608825683594,0.733302116394043,491.78582763671875,324.2257995605469,0.7899947762489319,482.6125793457031,252.2869110107422,0.6456226110458374
2438,85.15099334716797,115.93417358398438,0.999864935874939,996.1276245117188,83.19538116455078,0.999942421913147,89.3047866821289,1030.6922607421875,0.9997765421867371,1019.8972778320312,1019.4142456054688,0.9981788396835327,338.4122009277344,498.45654296875,0.9991815686225891,331.03509521484375,609.4271240234375,0.9991217255592346,276.98358154296875,552.1460571289062,0.9984951019287109,386.331787109375,556.753662109375,0.9968621730804443,713.092041015625,501.2688903808594,0.9962833523750305,757.3209838867188,719.063232421875,0.9997946619987488,690.8095092773438,594.723876953125,0.9947027564048767,783.9942626953125,549.7719116210938,0.814799427986145,650.9525146484375,726.1499633789062,0.5429506897926331,638.4703979492188,712.4872436523438,0.959130048751831,630.11767578125,688.7222900390625,0.8727768063545227,565.554931640625,582.6122436523438,0.9837533235549927,644.858154296875,609.47705078125,0.9747301936149597,565.1306762695312,672.3995361328125,0.6097915172576904,583.85595703125,510.687744140625,0.9954031705856323,488.619873046875,542.2839965820312,0.7545111775398254,508.92913818359375,457.6021728515625,0.9709485173225403,483.9368591308594,320.73651123046875,0.8717013001441956,456.3805236816406,209.37245178222656,0.7973549365997314
2439,84.70482635498047,114.66548156738281,0.9992813467979431,995.6370239257812,83.00540924072266,0.9999281167984009,88.20380401611328,1030.4398193359375,0.9997472167015076,1020.7527465820312,1019.8972778320312,0.9982068538665771,338.6833190917969,498.5238952636719,0.9991742968559265,330.8777770996094,608.9777221679688,0.9989246726036072,276.843505859375,551.4995727539062,0.9981387853622437,387.15911865234375,556.8367919921875,0.9969835877418518,713.6459350585938,501.7274475097656,0.995521068572998,759.1226196289062,720.1113891601562,0.9995926022529602,692.1786499023438,597.3219604492188,0.9979925155639648,783.9391479492188,551.2233276367188,0.9095870852470398,683.2157592773438,730.7166137695312,0.16429242491722107,617.190673828125,698.4679565429688,0.973222553730011,609.9427490234375,675.56640625,0.9412947297096252,556.6347045898438,582.0676879882812,0.9795637726783752,619.6094970703125,604.2494506835938,0.9501172304153442,548.9921264648438,666.446044921875,0.9752309322357178,585.0595092773438,523.7001342773438,0.9845750331878662,489.15478515625,544.0223999023438,0.5995555520057678,513.5240478515625,465.38409423828125,0.9931372404098511,486.0169677734375,311.69488525390625,0.9150381088256836,460.1601867675781,211.5859375,0.34194761514663696
2440,83.4469985961914,116.48703002929688,0.9998447895050049,994.936767578125,84.52020263671875,0.9998881816864014,89.09329986572266,1030.102783203125,0.9997435212135315,1022.7593994140625,1020.2201538085938,0.9994137287139893,336.84930419921875,498.85064697265625,0.9987090826034546,331.7302551269531,609.4755859375,0.9992465972900391,277.2403259277344,552.1668701171875,0.9982298016548157,387.3270263671875,555.4721069335938,0.9956527948379517,714.3222045898438,500.40142822265625,0.99730384349823,757.6199951171875,719.3489990234375,0.9996178150177002,690.9735717773438,594.8419189453125,0.9962998032569885,785.9556884765625,564.1842041015625,0.9142122864723206,587.14501953125,708.4407958984375,0.8299935460090637,568.3639526367188,640.3977661132812,0.7076737284660339,568.456298828125,624.916748046875,0.9333357810974121,552.4894409179688,579.1263427734375,0.8355826139450073,629.2925415039062,616.7630004882812,0.14429347217082977,529.2493286132812,649.372314453125,0.7715705037117004,593.2974243164062,536.1240844726562,0.7325839400291443,490.85601806640625,549.0679931640625,0.9544358253479004,512.1774291992188,468.5234375,0.9969871640205383,488.2097473144531,322.896728515625,0.9945530891418457,453.8180847167969,206.7060089111328,0.9636236429214478
2441,83.09414672851562,116.91352081298828,0.9995104074478149,996.1849975585938,83.59700012207031,0.9999325275421143,88.93183898925781,1030.712646484375,0.9997183680534363,1021.7068481445312,1021.3193969726562,0.9981953501701355,338.40966796875,499.1358947753906,0.9988895058631897,330.8681335449219,609.3746948242188,0.998783528804779,277.34002685546875,552.237060546875,0.9961274266242981,386.9640197753906,557.3303833007812,0.9943144917488098,714.1008911132812,500.3448181152344,0.9958207607269287,758.4297485351562,719.7809448242188,0.9994601607322693,692.8984985351562,596.854248046875,0.9984058737754822,783.7428588867188,549.5838012695312,0.9577030539512634,615.59814453125,711.3906860351562,0.9243375062942505,623.197998046875,693.2388305664062,0.8396938443183899,565.0128784179688,630.5156860351562,0.7715006470680237,550.3491821289062,576.2286376953125,0.9850056767463684,535.6055297851562,648.0496826171875,0.07525590062141418,527.4652099609375,651.7635498046875,0.9653032422065735,585.1260986328125,533.2319946289062,0.9979537725448608,623.48876953125,588.236328125,0.9976410865783691,512.4585571289062,466.8158264160156,0.9994767308235168,489.6565246582031,328.5139465332031,0.9895702600479126,454.9677734375,212.29818725585938,0.8192019462585449
2442,83.66619110107422,115.7537841796875,0.9997331500053406,996.6204833984375,85.9399185180664,0.9998432397842407,89.87237548828125,1029.5477294921875,0.9998037219047546,1022.4412231445312,1019.237060546875,0.9985175728797913,338.2217712402344,499.1697082519531,0.9990702271461487,331.0960693359375,608.8903198242188,0.998485267162323,277.382080078125,552.4586181640625,0.9974283576011658,386.98602294921875,558.3938598632812,0.994624674320221,717.3247680664062,499.92047119140625,0.9978960752487183,758.520263671875,719.9879760742188,0.9993614554405212,696.2489013671875,597.0792846679688,0.9990673661231995,785.0972290039062,549.5476684570312,0.8932761549949646,599.0631103515625,709.6846313476562,0.2935436964035034,600.9025268554688,685.3399658203125,0.8657971620559692,600.7615966796875,670.507080078125,0.15982651710510254,549.26611328125,581.85595703125,0.9421430230140686,613.4719848632812,585.3572998046875,0.7700780630111694,511.5727233886719,651.86328125,0.5952221155166626,576.921142578125,531.1776733398438,0.9846439361572266,612.154541015625,586.2930297851562,0.40757307410240173,512.3302001953125,463.164794921875,0.9985540509223938,485.6001281738281,343.07928466796875,0.9666734933853149,454.26983642578125,208.8289031982422,0.9304359555244446
2443,83.59687805175781,116.53621673583984,0.9998441934585571,997.15576171875,82.63047790527344,0.99991774559021,88.66183471679688,1029.6243896484375,0.9997417330741882,1019.9998779296875,1019.1963500976562,0.9992489218711853,337.16021728515625,498.7572326660156,0.9988975524902344,331.21240234375,608.88427734375,0.9986022114753723,277.085693359375,552.0706176757812,0.9968324303627014,385.88690185546875,556.1840209960938,0.99510657787323,718.4819946289062,499.4627380371094,0.9938651919364929,759.1160888671875,719.0809936523438,0.9995311498641968,696.5529174804688,599.550048828125,0.9978252649307251,783.1475830078125,564.4520263671875,0.7384844422340393,501.3460693359375,651.7807006835938,0.4441494345664978,568.3499145507812,677.2990112304688,0.811404824256897,579.528564453125,656.0360717773438,0.44635260105133057,510.36175537109375,543.6419677734375,0.833624541759491,584.32568359375,564.7737426757812,0.9303714632987976,498.1806335449219,632.9447021484375,0.9520675539970398,554.664306640625,513.4623413085938,0.9702045917510986,486.3567199707031,508.4066162109375,0.753790557384491,510.6145324707031,462.1725158691406,0.995445728302002,483.9054870605469,338.9483947753906,0.9623939990997314,454.0589904785156,209.33966064453125,0.939841091632843
2444,84.9337387084961,116.58131408691406,0.999859094619751,997.6192626953125,84.17250061035156,0.9999097585678101,88.22227478027344,1027.516357421875,0.999531626701355,1019.8176879882812,1019.3262939453125,0.9991393089294434,338.1213073730469,498.9526062011719,0.9988200068473816,330.2257995605469,608.30859375,0.998791515827179,276.9130859375,551.7720947265625,0.9969870448112488,385.5609436035156,557.8890991210938,0.9947302341461182,720.5094604492188,499.2667236328125,0.9934253692626953,758.9404907226562,718.8384399414062,0.9996871948242188,696.5955200195312,594.9793090820312,0.998273491859436,786.3154907226562,564.37109375,0.7549216151237488,528.4973754882812,689.56591796875,0.47861987352371216,550.3167114257812,655.5418090820312,0.5781304240226746,560.460693359375,635.0675659179688,0.703522264957428,510.54534912109375,542.5062255859375,0.9637503027915955,594.5361938476562,569.947265625,0.925667405128479,558.6655883789062,525.0853881835938,0.31859415769577026,555.0170288085938,511.9941101074219,0.9926282167434692,466.52734375,518.4071655273438,0.9671872854232788,511.68804931640625,462.7521667480469,0.998519241809845,483.446044921875,340.780029296875,0.9892751574516296,458.1954650878906,216.59393310546875,0.763349711894989
2445,84.40514373779297,116.13493347167969,0.9997829794883728,995.802978515625,83.10943603515625,0.9999328851699829,89.63272094726562,1027.9920654296875,0.9996770620346069,1018.3311767578125,1019.3973999023438,0.9987099170684814,339.3918151855469,498.8922119140625,0.9985529780387878,331.03369140625,609.2229614257812,0.9989925026893616,277.5001525878906,552.57373046875,0.9969173669815063,385.46484375,557.3458862304688,0.991192638874054,717.0968627929688,501.3233947753906,0.9942522644996643,758.646728515625,719.0863647460938,0.9997214674949646,696.4261474609375,594.7982177734375,0.9965751767158508,783.076416015625,557.194091796875,0.9064444899559021,508.98583984375,688.4774780273438,0.9762114882469177,495.05657958984375,586.5784301757812,0.9811519980430603,507.44317626953125,559.2474365234375,0.9878543019294739,514.9159545898438,527.4501342773438,0.7779281139373779,574.4171752929688,612.3667602539062,0.9862225651741028,561.5844116210938,519.4346313476562,0.9608429074287415,558.568603515625,509.9869079589844,0.9629440307617188,476.19769287109375,513.5853271484375,0.8905438780784607,507.63165283203125,457.22625732421875,0.9984195232391357,481.6871032714844,325.90887451171875,0.9786204099655151,465.2744445800781,221.82798767089844,0.8096991777420044
2446,85.01271057128906,117.50891876220703,0.9997361302375793,994.6869506835938,85.76971435546875,0.999834418296814,88.933349609375,1028.4044189453125,0.9998088479042053,1018.8969116210938,1019.4765014648438,0.999113142490387,338.0464782714844,499.4099426269531,0.9983166456222534,332.21295166015625,609.3124389648438,0.999126136302948,277.2235107421875,553.4605102539062,0.998316764831543,385.7706298828125,555.9598388671875,0.9911354780197144,719.440673828125,499.9808044433594,0.9933964014053345,758.09716796875,719.6621704101562,0.9998151659965515,698.5901489257812,598.229736328125,0.9981086254119873,783.6014404296875,567.1146240234375,0.8401607871055603,482.12713623046875,688.9130249023438,0.5373310446739197,468.3397216796875,619.3521118164062,0.29154321551322937,505.7119445800781,544.18212890625,0.7560851573944092,498.7412109375,583.8530883789062,0.9681364297866821,561.634521484375,616.5657958984375,0.6119034886360168,449.7338562011719,567.4876708984375,0.35458454489707947,555.662841796875,508.0272216796875,0.6984517574310303,484.0777282714844,510.6846618652344,0.41176238656044006,504.8047180175781,456.1673583984375,0.8344874382019043,478.74859619140625,319.5231628417969,0.9858694076538086,455.12554931640625,206.58033752441406,0.8054848909378052
2447,85.15533447265625,116.2290267944336,0.9996351003646851,997.1323852539062,84.16734313964844,0.9999274015426636,90.6350326538086,1028.0947265625,0.9998857975006104,1022.1865234375,1019.2276000976562,0.998670220375061,339.1114807128906,499.2523193359375,0.9989714622497559,330.9645690917969,609.0527954101562,0.999043881893158,277.8570251464844,551.5897827148438,0.9977627992630005,384.97808837890625,557.3749389648438,0.9919630289077759,718.1502075195312,498.6293029785156,0.987302303314209,758.4080810546875,720.0968627929688,0.9996826648712158,698.879638671875,596.6104125976562,0.9982424974441528,784.3369140625,557.3472290039062,0.9027007222175598,464.3311462402344,711.7294311523438,0.09059543162584305,481.99041748046875,655.057861328125,0.17093396186828613,484.93463134765625,635.1985473632812,0.5929540991783142,518.2188110351562,569.2825927734375,0.970331609249115,532.2683715820312,669.9905395507812,0.91356360912323,446.38092041015625,605.2732543945312,0.9545121788978577,581.7715454101562,529.8456420898438,0.9812054634094238,482.2435607910156,521.3988647460938,0.9437557458877563,509.5904235839844,461.70135498046875,0.9656596183776855,476.2722473144531,311.4938049316406,0.9906694889068604,453.8961181640625,198.4671173095703,0.968695878982544
2448,84.4151840209961,115.13465118408203,0.9999220371246338,995.6736450195312,84.25958251953125,0.9999363422393799,90.14575958251953,1029.571044921875,0.9998399019241333,1021.5609130859375,1020.3560180664062,0.9980707764625549,339.0902404785156,499.3250732421875,0.9985962510108948,332.6047058105469,609.7067260742188,0.998839795589447,278.0133056640625,551.1359252929688,0.9968499541282654,386.04022216796875,557.3139038085938,0.9921038150787354,717.3074340820312,499.2331237792969,0.9972869157791138,758.0675659179688,719.19580078125,0.9997276663780212,698.7244873046875,597.5657348632812,0.9982128143310547,783.572509765625,559.2423706054688,0.9503440260887146,470.6750793457031,773.4253540039062,0.9043493270874023,479.67645263671875,703.1541748046875,0.9901170134544373,485.50347900390625,681.2764892578125,0.9200228452682495,518.912841796875,578.6878662109375,0.9996544122695923,538.6494140625,684.7161865234375,0.7754301428794861,454.8634948730469,638.248779296875,0.9479482173919678,590.21240234375,530.8806762695312,0.9072068333625793,470.1550598144531,532.311279296875,0.9981132745742798,512.961669921875,466.773193359375,0.9378172159194946,476.2254943847656,303.51080322265625,0.9922095537185669,453.36419677734375,195.1712646484375,0.30739882588386536
2449,83.10445404052734,113.68864440917969,0.9996564388275146,994.83837890625,84.6645278930664,0.9999316930770874,89.98226928710938,1029.5655517578125,0.9998650550842285,1022.9088134765625,1021.2606201171875,0.9987536668777466,337.5141296386719,498.9706115722656,0.9989752769470215,332.8870849609375,609.4191284179688,0.9985396862030029,277.592529296875,553.6516723632812,0.9969810843467712,385.8010559082031,555.0648803710938,0.9917991161346436,719.9780883789062,499.2507629394531,0.990516722202301,758.9978637695312,718.8519897460938,0.9993963241577148,699.3900146484375,602.2887573242188,0.9967998266220093,784.0103759765625,555.9918823242188,0.8991764783859253,477.2042236328125,831.3151245117188,0.951131284236908,487.8428039550781,731.43359375,0.9972792267799377,486.2347106933594,706.6199951171875,0.9728672504425049,513.3967895507812,584.2090454101562,0.9995248317718506,552.5654907226562,678.0294799804688,0.9803265333175659,594.1587524414062,553.962890625,0.9487911462783813,462.01202392578125,640.8598022460938,0.13109439611434937,471.5362243652344,533.9339599609375,0.9785280823707581,511.73236083984375,493.421142578125,0.6301328539848328,477.1134033203125,307.19683837890625,0.9954166412353516,453.2390441894531,200.7752227783203,0.6242996454238892
2450,85.03173065185547,116.40908813476562,0.9996020197868347,993.902099609375,83.70232391357422,0.9999544620513916,90.07819366455078,1029.008056640625,0.9998494386672974,1020.6090698242188,1020.309814453125,0.9977880716323853,337.1678466796875,498.97357177734375,0.999047577381134,333.3426208496094,609.3728637695312,0.9991075396537781,277.1429443359375,552.5060424804688,0.9978308081626892,386.5561828613281,555.07568359375,0.9922041893005371,718.1321411132812,499.1490783691406,0.9952520132064819,760.1513061523438,718.3672485351562,0.9996278285980225,698.4737548828125,599.282958984375,0.9973766803741455,784.5814819335938,567.06787109375,0.9836826920509338,497.5596923828125,863.5884399414062,0.9653202891349792,497.4815368652344,762.8082275390625,0.9981396198272705,493.3795471191406,737.3544921875,0.9256818890571594,514.0274658203125,599.2249755859375,0.9988594055175781,553.1132202148438,698.6663208007812,0.9963145852088928,462.0395812988281,706.4293823242188,0.9273970723152161,588.2658081054688,537.4161987304688,0.9605839848518372,469.3128356933594,542.6672973632812,0.9824819564819336,508.5007019042969,479.2298889160156,0.7972761392593384,478.7944030761719,309.8100891113281,0.9481081962585449,456.23297119140625,205.17181396484375,0.8945039510726929
2451,84.70098114013672,114.5605239868164,0.9998804330825806,995.479248046875,83.57422637939453,0.9999489784240723,90.06660461425781,1028.87353515625,0.9998501539230347,1021.708251953125,1019.3858032226562,0.9979707598686218,337.35040283203125,498.9248962402344,0.9990372657775879,332.74896240234375,609.9981689453125,0.999142050743103,276.9489440917969,553.1032104492188,0.9974773526191711,386.2816467285156,556.1443481445312,0.9938262104988098,715.9708862304688,500.1447448730469,0.9961596727371216,759.29638671875,718.712158203125,0.9996689558029175,696.1442260742188,596.017333984375,0.9969995617866516,784.0684204101562,555.4556274414062,0.9608564972877502,516.178466796875,866.480712890625,0.9957897067070007,510.79376220703125,771.3643188476562,0.9973593354225159,507.6475524902344,744.2810668945312,0.9455412030220032,522.292236328125,607.2330932617188,0.9980816841125488,560.8872680664062,712.9530029296875,0.9751517176628113,472.9794921875,712.89453125,0.9653947949409485,597.8050537109375,546.1112060546875,0.9942470788955688,470.160400390625,557.2781372070312,0.9847127199172974,513.0316772460938,480.49786376953125,0.9859927892684937,477.60198974609375,309.9909973144531,0.832734227180481,458.6830139160156,203.14605712890625,0.9456154704093933
2452,84.58467864990234,116.43479919433594,0.999914288520813,996.1761474609375,84.91900634765625,0.9999566078186035,88.94319915771484,1029.5096435546875,0.9997859597206116,1018.91015625,1019.8421020507812,0.9990031123161316,337.7743225097656,499.03302001953125,0.9986347556114197,332.04132080078125,609.922119140625,0.9986672401428223,277.3446044921875,552.4629516601562,0.9976650476455688,385.73443603515625,557.673583984375,0.9953652620315552,717.1834716796875,499.71234130859375,0.9979445338249207,758.6168823242188,718.5463256835938,0.9997918009757996,694.3638916015625,598.2343139648438,0.9979706406593323,784.7755126953125,554.3890380859375,0.9248800873756409,524.0960083007812,842.03857421875,0.9985678195953369,530.0867919921875,763.8712768554688,0.9995852112770081,529.8145751953125,740.6386108398438,0.9985076785087585,532.139892578125,612.2056274414062,0.9961835741996765,583.7827758789062,724.6725463867188,0.9922617673873901,489.92193603515625,713.2567138671875,0.9882864356040955,593.1827392578125,561.7449951171875,0.9964808821678162,477.30810546875,563.0843505859375,0.7262503504753113,536.7843017578125,498.5699768066406,0.45308658480644226,473.4189758300781,369.2498779296875,0.7874135375022888,458.2031555175781,211.76380920410156,0.836179256439209
2453,84.80500793457031,116.3749771118164,0.9997188448905945,997.1911010742188,85.38477325439453,0.9999516010284424,88.59585571289062,1029.9793701171875,0.9997096657752991,1019.5191650390625,1020.2005004882812,0.9982067346572876,337.91796875,498.61932373046875,0.9988855719566345,332.8445129394531,609.439208984375,0.9986326098442078,277.035400390625,552.912353515625,0.9970279335975647,386.08880615234375,557.3358154296875,0.9899750351905823,714.1311645507812,499.9790954589844,0.9978455305099487,759.673828125,717.4179077148438,0.9995736479759216,695.1383056640625,596.1312866210938,0.9982048273086548,782.8255004882812,556.0430908203125,0.8959147334098816,540.744140625,846.6240844726562,0.9551511406898499,555.86669921875,752.3614501953125,0.9941481351852417,555.0575561523438,730.5343017578125,0.9662744402885437,550.9033203125,626.4848022460938,0.9985942244529724,605.08740234375,714.8035888671875,0.9904318451881409,504.7635803222656,707.2999877929688,0.9594578146934509,600.018798828125,575.1151733398438,0.997113823890686,486.62896728515625,584.6058959960938,0.9204424619674683,528.3405151367188,497.1207275390625,0.9899954795837402,483.207763671875,366.0831604003906,0.9578486084938049,421.51806640625,485.2611083984375,0.174804225564003
2454,83.13036346435547,116.70128631591797,0.9999351501464844,993.68994140625,83.66986846923828,0.9999189376831055,89.0503921508789,1031.384033203125,0.9995922446250916,1022.6289672851562,1020.3941040039062,0.998660683631897,337.8143615722656,498.6422424316406,0.9986749291419983,332.6370544433594,609.168701171875,0.9988560676574707,277.57159423828125,552.5399169921875,0.9979270696640015,386.1793212890625,556.7291259765625,0.9949080348014832,715.2625122070312,500.6378173828125,0.9937331080436707,759.5433349609375,718.1151123046875,0.9996100068092346,693.4073486328125,596.3226928710938,0.9944382905960083,782.672119140625,546.7113037109375,0.898282527923584,569.3695068359375,809.5165405273438,0.427560955286026,572.2709350585938,748.0087890625,0.9937746524810791,565.2376708984375,724.3782958984375,0.9901062846183777,570.977783203125,629.9624633789062,0.9943004846572876,621.7981567382812,712.560791015625,0.9789074063301086,519.3128051757812,720.1517944335938,0.98333340883255,612.9107055664062,581.06689453125,0.9777913689613342,499.0688781738281,593.8079223632812,0.5486552715301514,546.987060546875,525.6590576171875,0.9590268731117249,501.67681884765625,410.7886047363281,0.9673987627029419,477.6261291503906,311.4505615234375,0.7386220097541809
2455,84.2750473022461,115.97359466552734,0.9997233748435974,995.8323364257812,84.59711456298828,0.99974125623703,89.33033752441406,1028.418701171875,0.9997978806495667,1021.7899169921875,1020.0834350585938,0.9992589354515076,337.9588317871094,498.8210144042969,0.9990094900131226,332.0402526855469,608.778564453125,0.9989780187606812,277.88690185546875,551.947998046875,0.9978925585746765,386.6440734863281,557.5745849609375,0.9960976839065552,715.4487915039062,500.9996032714844,0.9958221912384033,758.7459716796875,716.8623657226562,0.9996703863143921,693.3175048828125,595.9148559570312,0.9979754090309143,782.2426147460938,554.0595703125,0.9155135154724121,569.3804931640625,827.9749755859375,0.5807221531867981,571.67333984375,751.8342895507812,0.996055006980896,566.611328125,727.6439208984375,0.9526261687278748,567.9995727539062,626.8296508789062,0.9945977926254272,613.23388671875,717.9462890625,0.9781286120414734,519.4000854492188,706.7926025390625,0.7445899248123169,610.8910522460938,590.5463256835938,0.9184412360191345,511.88751220703125,602.2058715820312,0.9734203815460205,544.4495849609375,549.916748046875,0.9666679501533508,498.7742614746094,401.8268737792969,0.8706992268562317,480.7115783691406,288.8866271972656,0.30516213178634644
2456,83.73239135742188,117.39220428466797,0.9996873140335083,996.5989990234375,83.61229705810547,0.9998842477798462,89.0858383178711,1029.591796875,0.9997585415840149,1022.60693359375,1021.07080078125,0.9978653788566589,337.6393737792969,499.1074523925781,0.9991397857666016,331.2019958496094,609.2708740234375,0.9985077977180481,277.80029296875,552.75,0.9964396357536316,386.2463073730469,558.0733032226562,0.996056079864502,714.8182373046875,500.23565673828125,0.9987370371818542,759.9000244140625,717.27783203125,0.9995785355567932,692.6742553710938,597.2410888671875,0.9991975426673889,781.2364501953125,555.6427612304688,0.9667346477508545,567.804443359375,842.9136352539062,0.9713583588600159,572.2137451171875,754.2724609375,0.9879760146141052,564.2935791015625,725.7494506835938,0.9896754622459412,553.8958129882812,636.1328735351562,0.9918864369392395,603.0255126953125,715.9373779296875,0.993391752243042,515.8671264648438,714.74658203125,0.6637049317359924,605.0868530273438,611.6204223632812,0.9042753577232361,510.62091064453125,607.4037475585938,0.9748433828353882,541.235595703125,550.8256225585938,0.9860601425170898,498.0606384277344,400.5417175292969,0.8392964005470276,478.2015075683594,310.1321105957031,0.7413769960403442
2457,83.54405212402344,116.09642028808594,0.9998688697814941,996.9596557617188,83.20820617675781,0.9999203681945801,88.7744369506836,1028.7962646484375,0.9998037219047546,1021.07958984375,1020.0770874023438,0.9985548853874207,338.1164245605469,498.9519958496094,0.9987668991088867,330.836669921875,609.4786376953125,0.9985606074333191,277.8128356933594,552.5029296875,0.997543215751648,385.7936706542969,558.8982543945312,0.9952186942100525,715.17041015625,500.46185302734375,0.9976320266723633,761.7262573242188,716.708740234375,0.9994066953659058,695.5953979492188,600.48828125,0.9982351064682007,781.7824096679688,554.9764404296875,0.936093807220459,571.520751953125,839.005859375,0.9581611752510071,572.4933471679688,755.2816162109375,0.9894202947616577,563.9739990234375,726.5736083984375,0.9968288540840149,555.9320068359375,637.051025390625,0.994847297668457,602.6769409179688,719.974609375,0.9934479594230652,513.27685546875,723.3781127929688,0.9420967102050781,605.883056640625,620.8496704101562,0.9970685839653015,509.4767150878906,614.2560424804688,0.9422127604484558,544.1359252929688,558.6973266601562,0.988565981388092,510.20849609375,443.67791748046875,0.946607232093811,480.391845703125,288.4134521484375,0.6289613842964172
2458,83.33546447753906,115.7585678100586,0.999853253364563,996.6456298828125,84.7907485961914,0.9999572038650513,89.41940307617188,1028.5010986328125,0.9998453855514526,1018.9395141601562,1020.32568359375,0.9990898370742798,338.5575866699219,498.6832580566406,0.9984625577926636,332.21630859375,610.18701171875,0.9993218183517456,277.84051513671875,551.8909301757812,0.9969956874847412,386.878662109375,557.8981323242188,0.994388997554779,714.6264038085938,500.3784484863281,0.9969801306724548,758.3921508789062,719.3464965820312,0.9994964599609375,693.4625244140625,594.8007202148438,0.9977846741676331,780.5719604492188,548.1012573242188,0.9762092232704163,583.7925415039062,844.4680786132812,0.9084286093711853,572.845947265625,752.5281982421875,0.9590926766395569,561.2560424804688,724.8672485351562,0.9731930494308472,553.2245483398438,640.1688842773438,0.9643589854240417,601.2058715820312,719.0965576171875,0.9813574552536011,513.6195068359375,763.0122680664062,0.26989445090293884,603.5779418945312,623.1430053710938,0.992391049861908,508.1236572265625,617.5997924804688,0.9636609554290771,540.9191284179688,560.5440673828125,0.9896954298019409,510.9917907714844,443.8397521972656,0.9849645495414734,479.52593994140625,316.1645202636719,0.6483386158943176
2459,83.7127456665039,115.5787124633789,0.999881386756897,995.7733764648438,83.53738403320312,0.9999470710754395,90.66796112060547,1030.1326904296875,0.9998235106468201,1020.9715576171875,1019.529296875,0.9982219338417053,337.972412109375,499.2050476074219,0.9985237717628479,331.43316650390625,608.9886474609375,0.9993797540664673,277.44378662109375,551.35595703125,0.9954469799995422,386.42596435546875,558.1224365234375,0.9956484436988831,714.7223510742188,500.3743591308594,0.9972034692764282,757.89892578125,720.2394409179688,0.9993081092834473,693.234619140625,595.2332153320312,0.9984909296035767,781.6356201171875,553.0802612304688,0.9011588096618652,572.9725341796875,858.5556030273438,0.864068865776062,566.4528198242188,785.1810913085938,0.9535306692123413,561.505859375,757.78955078125,0.9648329615592957,559.5347290039062,669.845703125,0.8733678460121155,611.1486206054688,736.0634155273438,0.8048663139343262,508.0523986816406,758.148193359375,0.7602112889289856,610.87353515625,627.1278686523438,0.9933144450187683,505.0757751464844,629.680908203125,0.8081859350204468,541.5607299804688,564.9266357421875,0.9923321008682251,510.93914794921875,445.0955505371094,0.9921218156814575,481.3891906738281,320.5229187011719,0.6479300856590271
2460,83.84514617919922,115.40145111083984,0.9995205402374268,998.3506469726562,84.37454986572266,0.9998669624328613,88.95083618164062,1029.28955078125,0.9998204112052917,1018.9423217773438,1019.5900268554688,0.998869001865387,337.61029052734375,498.9480895996094,0.9988071918487549,332.2997131347656,608.6571044921875,0.9993020296096802,277.502685546875,552.9982299804688,0.9958245754241943,386.9049072265625,557.5051879882812,0.9955145716667175,710.9925537109375,500.4816589355469,0.9980096220970154,757.3667602539062,719.6033325195312,0.9993423819541931,692.2379760742188,597.0972290039062,0.9983627200126648,782.5328979492188,555.1205444335938,0.8127367496490479,535.0438232421875,837.8626098632812,0.9364959597587585,552.3273315429688,770.6495361328125,0.8461030125617981,549.0206909179688,721.1261596679688,0.990006685256958,561.3103637695312,652.591552734375,0.9944869875907898,600.2228393554688,730.3638305664062,0.9613850712776184,501.4766540527344,715.4994506835938,0.6974040269851685,620.66259765625,648.7567749023438,0.6406655311584473,512.1278686523438,623.0650024414062,0.9177723526954651,544.3416137695312,568.4085083007812,0.9506505727767944,511.33270263671875,447.3336181640625,0.9823783040046692,476.3908386230469,315.3009948730469,0.5402428507804871
2461,86.43214416503906,115.62947082519531,0.9995813965797424,995.61328125,86.36799621582031,0.9999388456344604,89.83596801757812,1027.333984375,0.9998950958251953,1016.9851684570312,1019.9970092773438,0.9976648092269897,340.1304931640625,498.9500732421875,0.9982388019561768,330.9468688964844,610.0949096679688,0.9989325404167175,277.0827941894531,553.224365234375,0.9975444674491882,388.110107421875,561.3382568359375,0.9881904125213623,712.779296875,501.7862243652344,0.997940719127655,760.3177490234375,718.91162109375,0.999188244342804,693.0108642578125,599.8456420898438,0.9960622191429138,781.9036865234375,561.8671875,0.85357666015625,541.519775390625,858.9190673828125,0.6080920696258545,546.8964233398438,768.336669921875,0.9780168533325195,542.9223022460938,734.267822265625,0.9514027833938599,556.322265625,659.8335571289062,0.9871659874916077,592.1810913085938,730.5416259765625,0.9153245687484741,507.1958923339844,713.8409423828125,0.6620492935180664,590.9144897460938,638.8882446289062,0.5355432629585266,498.7577819824219,649.890380859375,0.23974043130874634,561.4600830078125,576.3409423828125,0.0847032368183136,502.2716369628906,414.9202575683594,0.5541058778762817,565.7161254882812,577.69140625,0.9243157505989075
2462,85.68739318847656,115.6592788696289,0.999457061290741,996.9129638671875,83.73250579833984,0.9999607801437378,90.73934173583984,1027.87646484375,0.9996156692504883,1020.6478271484375,1019.59814453125,0.9982576966285706,338.40325927734375,499.2888488769531,0.9985939860343933,331.22412109375,609.158935546875,0.9977224469184875,276.7744140625,552.5916748046875,0.9962795376777649,387.156982421875,558.6168212890625,0.9965053796768188,715.9246826171875,499.30047607421875,0.9975448250770569,759.418701171875,718.6620483398438,0.9992218017578125,692.6403198242188,594.4125366210938,0.9988061189651489,785.0986938476562,567.5637817382812,0.8846345543861389,493.6647644042969,841.1809692382812,0.6740076541900635,532.3208618164062,777.4182739257812,0.9791828989982605,536.0249633789062,748.2865600585938,0.9542600512504578,552.109375,654.7948608398438,0.9936050772666931,583.7529907226562,744.3959350585938,0.8338087797164917,483.8132019042969,744.8445434570312,0.7609919309616089,613.4769897460938,644.044921875,0.6694662570953369,507.7170715332031,612.0303955078125,0.8093808889389038,548.7101440429688,567.2411499023438,0.8868449926376343,510.2776184082031,443.26434326171875,0.8390420079231262,484.34735107421875,333.1769104003906,0.326040655374527
2463,83.80427551269531,115.1775131225586,0.999270498752594,994.9103393554688,83.88320922851562,0.9999325275421143,89.92303466796875,1028.910400390625,0.9996609687805176,1021.1539916992188,1019.649169921875,0.9986324906349182,337.27130126953125,498.8537292480469,0.9987531900405884,332.0283508300781,609.6155395507812,0.9978204965591431,276.7549133300781,553.9010620117188,0.995698094367981,387.89642333984375,558.5199584960938,0.9938144683837891,715.9619140625,499.75885009765625,0.9963076114654541,760.4766845703125,719.09521484375,0.9990084767341614,693.2073974609375,598.3473510742188,0.9977279305458069,783.2145385742188,558.7071533203125,0.8251253366470337,492.093505859375,822.1395874023438,0.8956407308578491,521.4380493164062,761.0241088867188,0.9640406966209412,529.0723266601562,733.7205200195312,0.8348669409751892,545.5042724609375,656.9274291992188,0.9783161282539368,577.1166381835938,735.0804443359375,0.6483055353164673,469.3067321777344,722.2398071289062,0.6713716983795166,611.675537109375,648.5341186523438,0.9738107323646545,505.935791015625,612.2420654296875,0.8626666069030762,549.6630249023438,568.0792236328125,0.9743203520774841,511.8647766113281,447.7592468261719,0.9373089671134949,485.1050109863281,333.79193115234375,0.8890117406845093
2464,84.06564331054688,115.92570495605469,0.999701201915741,994.7433471679688,85.53746032714844,0.9997965693473816,88.86686706542969,1030.4891357421875,0.9993877410888672,1021.9237670898438,1020.23193359375,0.9989295601844788,335.27001953125,498.8730163574219,0.9973457455635071,333.16888427734375,608.6575317382812,0.9965313076972961,277.04058837890625,554.3070068359375,0.9968565702438354,386.971435546875,554.7852172851562,0.9949996471405029,715.2540283203125,500.9757080078125,0.9956324696540833,758.33349609375,720.2774047851562,0.9992762207984924,692.4533081054688,599.0244140625,0.9990905523300171,782.637451171875,569.6648559570312,0.9432342052459717,458.0041809082031,804.5560302734375,0.8444873094558716,509.1795959472656,749.5350341796875,0.6432154774665833,518.0698852539062,735.6716918945312,0.9735555052757263,542.447509765625,665.4484252929688,0.5379346013069153,564.1199951171875,744.656982421875,0.7632482647895813,460.0325927734375,707.0308227539062,0.8750306367874146,460.55914306640625,702.5747680664062,0.709627628326416,502.7795104980469,613.9391479492188,0.5458278059959412,458.6898193359375,799.081298828125,0.5665912628173828,502.0621032714844,403.3026123046875,0.5848343372344971,481.8106689453125,318.011474609375,0.6174094080924988
2465,84.05384063720703,118.23368835449219,0.9986652135848999,995.1473999023438,85.58890533447266,0.9996426105499268,89.72766876220703,1029.7313232421875,0.9995893836021423,1022.382568359375,1020.5657348632812,0.9983629584312439,336.3666687011719,498.9647521972656,0.998874843120575,333.2140197753906,609.4364624023438,0.9973371624946594,276.4197998046875,553.8087768554688,0.9981484413146973,386.3785400390625,555.4437866210938,0.9960283041000366,714.412353515625,500.9805603027344,0.9941300749778748,757.4340209960938,720.4306030273438,0.9988829493522644,691.6778564453125,598.0068359375,0.9968236684799194,786.3622436523438,579.96533203125,0.752208411693573,449.987548828125,805.1328735351562,0.7885072231292725,497.16497802734375,746.42529296875,0.803159236907959,501.2057189941406,726.5,0.9798853993415833,530.6753540039062,661.5284423828125,0.9928029179573059,563.3184204101562,750.1787719726562,0.9702383279800415,456.94610595703125,700.6435546875,0.5916526913642883,459.5968933105469,684.6867065429688,0.7356080412864685,496.9119567871094,622.3864135742188,0.54695725440979,551.3888549804688,581.9164428710938,0.5338174700737,502.5340270996094,403.83489990234375,0.8096203207969666,482.63006591796875,325.7989807128906,0.7878962755203247
2466,85.7264175415039,115.37126922607422,0.9985129237174988,993.8641967773438,83.85234832763672,0.9998427629470825,90.3431625366211,1028.9288330078125,0.9996922016143799,1022.0824584960938,1019.9144287109375,0.9986913800239563,334.1357116699219,499.4657897949219,0.9980024695396423,334.84332275390625,609.142578125,0.9982156753540039,277.0270080566406,554.0008544921875,0.9976022839546204,386.91827392578125,553.2777099609375,0.9965229034423828,715.5623168945312,500.871826171875,0.9956032037734985,759.030517578125,719.216552734375,0.9994537234306335,691.5432739257812,596.0989379882812,0.9990697503089905,785.2256469726562,569.7691040039062,0.8938712477684021,432.19647216796875,783.4885864257812,0.7341405749320984,489.3030090332031,742.118408203125,0.9412634968757629,505.3175964355469,715.1546020507812,0.96518474817276,526.3856201171875,656.0894165039062,0.847000241279602,560.17822265625,745.2144165039062,0.9381434917449951,455.0178527832031,699.3021240234375,0.8842101693153381,591.1187133789062,716.4707641601562,0.7742536067962646,495.53619384765625,627.5111694335938,0.33408311009407043,548.4072265625,580.7879028320312,0.8542048931121826,527.1539306640625,472.6851806640625,0.8633211851119995,480.96746826171875,320.5762634277344,0.8577752709388733
2467,84.44229888916016,116.28817749023438,0.9937617182731628,992.960205078125,83.8576889038086,0.9998534917831421,87.83535766601562,1028.186767578125,0.9993882179260254,1020.2446899414062,1019.3570556640625,0.9989588260650635,334.98248291015625,499.1493835449219,0.9978437423706055,335.53466796875,610.04736328125,0.9986491799354553,277.4718933105469,553.1903686523438,0.9983831644058228,386.7347412109375,555.21044921875,0.9955633878707886,712.24560546875,502.86810302734375,0.9954121708869934,760.3255615234375,720.0718383789062,0.9985906481742859,690.8982543945312,594.2423095703125,0.9989597797393799,785.1011352539062,572.7059936523438,0.8847651481628418,444.1538391113281,834.888671875,0.2685306668281555,492.8768005371094,726.4178466796875,0.805404007434845,509.9293212890625,702.7965087890625,0.9943525791168213,543.0825805664062,653.5977783203125,0.8036139011383057,562.947998046875,745.639892578125,0.9815580248832703,460.8582763671875,686.6756591796875,0.8337026834487915,435.5831298828125,746.6600952148438,0.24455437064170837,502.9013366699219,630.1676025390625,0.4465758204460144,552.3697509765625,581.9356079101562,0.9045381546020508,512.4067993164062,431.9042663574219,0.6303796768188477,482.00439453125,327.7536926269531,0.8802213668823242
2468,84.20392608642578,115.20508575439453,0.9982802867889404,994.6971435546875,82.7986068725586,0.9998107552528381,88.91292572021484,1029.238037109375,0.9995404481887817,1022.0017700195312,1019.691162109375,0.998396098613739,335.322021484375,499.41162109375,0.9979782700538635,334.7158508300781,609.812255859375,0.9985290765762329,277.1604919433594,553.0991821289062,0.9977235198020935,387.1933898925781,555.3616943359375,0.994206428527832,713.1778564453125,500.9092712402344,0.9904465675354004,759.5880737304688,719.7250366210938,0.9989504814147949,693.3389892578125,594.7515258789062,0.9984647035598755,780.2206420898438,558.8338623046875,0.7457285523414612,431.8332214355469,819.4962158203125,0.9600164890289307,493.927001953125,747.39599609375,0.9938821792602539,509.26226806640625,716.330078125,0.9980344176292419,547.3038940429688,662.2047729492188,0.9822397232055664,568.4088745117188,751.0875244140625,0.9041301608085632,465.614501953125,701.6415405273438,0.9857791662216187,598.7144775390625,673.5973510742188,0.2745984196662903,509.29217529296875,628.73193359375,0.7345497608184814,553.9435424804688,583.57080078125,0.9845108985900879,514.7117919921875,434.2143249511719,0.7073701620101929,480.4464416503906,321.5055236816406,0.9525479674339294
2469,84.26557159423828,116.9850082397461,0.999017596244812,993.2894897460938,84.92698669433594,0.9997088313102722,88.89866638183594,1028.3101806640625,0.9997228980064392,1021.8668823242188,1019.7836303710938,0.998623251914978,337.2221984863281,498.82537841796875,0.998814582824707,333.4365539550781,610.3475952148438,0.9978175163269043,276.785400390625,553.221923828125,0.9966946840286255,386.9997863769531,556.7594604492188,0.9969039559364319,715.63232421875,500.2819519042969,0.9911893606185913,758.6915283203125,718.7576904296875,0.9995461106300354,692.6119384765625,595.8499145507812,0.9987956285476685,783.9053955078125,555.6796264648438,0.947588324546814,439.3822326660156,807.0064697265625,0.8948188424110413,500.22528076171875,750.8240356445312,0.9953338503837585,513.1112670898438,719.1821899414062,0.9816206097602844,539.9253540039062,663.0388793945312,0.9718368649482727,564.298583984375,746.6749877929688,0.9867189526557922,461.81243896484375,706.2609252929688,0.9350029230117798,595.4263916015625,671.0380249023438,0.22579501569271088,500.1693115234375,628.2462768554688,0.9553631544113159,553.1220092773438,583.4849853515625,0.991019070148468,529.6416625976562,472.0208740234375,0.8241007328033447,477.1185607910156,316.7755126953125,0.926580548286438
2470,84.70774841308594,116.90374755859375,0.9994462132453918,994.7813110351562,83.67455291748047,0.9999170303344727,90.89105224609375,1030.17626953125,0.9996906518936157,1021.3116455078125,1019.8914184570312,0.9984910488128662,335.1687927246094,499.44537353515625,0.9964041709899902,335.11328125,610.4652099609375,0.9987843632698059,277.0252380371094,553.7867431640625,0.999014139175415,387.6526184082031,557.207275390625,0.997723400592804,713.2554321289062,500.8128662109375,0.9918256998062134,759.9039306640625,719.8042602539062,0.999360978603363,693.5238647460938,594.4550170898438,0.9980288147926331,782.90966796875,555.1712646484375,0.944468080997467,451.48583984375,807.5404052734375,0.7950383424758911,508.3671569824219,747.5604858398438,0.9976860284805298,520.2249755859375,725.6297607421875,0.9996286630630493,536.5347290039062,665.3642578125,0.9651806354522705,568.9943237304688,747.3143310546875,0.9721171855926514,465.13079833984375,716.1094360351562,0.9937292337417603,598.045654296875,696.36279296875,0.3532722592353821,505.0469970703125,635.3811645507812,0.806098222732544,552.1273803710938,580.3971557617188,0.973282516002655,532.2838745117188,478.3583679199219,0.7807336449623108,476.4675598144531,324.67791748046875,0.9621394276618958
2471,83.8223648071289,115.54243469238281,0.9995377063751221,993.761474609375,84.3975830078125,0.9998321533203125,88.6790771484375,1028.7418212890625,0.9997244477272034,1022.5374755859375,1018.9163208007812,0.9987314343452454,336.45440673828125,499.4394226074219,0.9982775449752808,332.57220458984375,610.1764526367188,0.9985443353652954,276.75848388671875,553.0028076171875,0.9970676302909851,387.1769104003906,556.0899658203125,0.9947226047515869,714.3895263671875,501.2035217285156,0.9960404634475708,757.4046020507812,719.611572265625,0.9997430443763733,691.8998413085938,590.3153076171875,0.9951580166816711,781.5936279296875,557.2179565429688,0.9399138689041138,488.6408996582031,835.0233764648438,0.7315028309822083,523.239990234375,747.1572265625,0.9941340088844299,523.2293701171875,721.671142578125,0.9995392560958862,538.4326171875,661.3544311523438,0.9863124489784241,581.6253662109375,742.6873168945312,0.9330532550811768,464.62750244140625,718.3484497070312,0.9482274651527405,599.80224609375,682.8114013671875,0.23958350718021393,509.1602783203125,630.2971801757812,0.816819429397583,551.5882568359375,584.6437377929688,0.9791219830513,533.4573974609375,481.3337707519531,0.837252676486969,478.261474609375,325.78680419921875,0.9169374704360962
2472,83.97637939453125,115.35627746582031,0.999824583530426,994.7467651367188,86.1539077758789,0.9999175071716309,89.29054260253906,1030.5809326171875,0.9996137022972107,1022.252197265625,1019.113525390625,0.9985731840133667,337.1977844238281,499.4652404785156,0.9988484382629395,331.1063232421875,609.5985717773438,0.9990748167037964,276.7294921875,552.1690673828125,0.9982116222381592,387.191162109375,557.6443481445312,0.9966920614242554,712.3113403320312,501.8066711425781,0.9934574961662292,758.9151000976562,719.2971801757812,0.9996863603591919,691.8088989257812,594.349853515625,0.9971528053283691,781.002685546875,547.9521484375,0.9147678017616272,494.19891357421875,886.6065063476562,0.6856207847595215,517.8036499023438,795.359619140625,0.9523164629936218,526.2437744140625,752.0668334960938,0.747298538684845,537.0048217773438,685.3713989257812,0.9502002000808716,581.1281127929688,771.9698486328125,0.958723247051239,466.608642578125,762.9107666015625,0.5949850678443909,599.3753662109375,684.096923828125,0.71816486120224,492.93719482421875,654.0826416015625,0.9005243182182312,549.6375732421875,584.3656005859375,0.9824134111404419,507.6281433105469,417.6685485839844,0.8587992787361145,427.8693542480469,480.0215148925781,0.5862408876419067
2473,83.8645248413086,116.91468048095703,0.999893069267273,996.8046875,86.10292053222656,0.9999524354934692,88.39923095703125,1031.3455810546875,0.9996222257614136,1019.49755859375,1020.8074340820312,0.9989808201789856,337.5685119628906,499.240478515625,0.9980722665786743,331.0946044921875,610.2876586914062,0.9990573525428772,276.549072265625,552.239013671875,0.9977103471755981,386.0281066894531,558.1976928710938,0.9951186180114746,714.8712768554688,501.36932373046875,0.9941080808639526,758.0282592773438,719.2553100585938,0.9996304512023926,691.9046630859375,593.852783203125,0.9976504445075989,781.7833251953125,555.5670776367188,0.9526793956756592,513.6002807617188,943.5965576171875,0.9796835780143738,519.2130126953125,857.8377685546875,0.9576063752174377,529.5126953125,789.5244750976562,0.9190070629119873,540.419921875,695.7129516601562,0.9720715284347534,587.7446899414062,793.4808349609375,0.9901575446128845,474.0748291015625,780.2117919921875,0.9104278087615967,600.1572875976562,680.9513549804688,0.5959853529930115,485.6844787597656,668.1676025390625,0.9707523584365845,551.7562866210938,589.7084350585938,0.8684728741645813,514.0018920898438,433.68255615234375,0.44456467032432556,424.66339111328125,485.9472351074219,0.7497604489326477
2474,83.30435943603516,115.47460174560547,0.9998452663421631,996.2597045898438,84.7165298461914,0.999958872795105,89.2220458984375,1028.5650634765625,0.9995918869972229,1023.160888671875,1020.99609375,0.998744010925293,337.4051818847656,499.5886535644531,0.9988824725151062,331.0624084472656,610.2369384765625,0.9989092350006104,276.0801086425781,553.0567016601562,0.9972835779190063,386.5079345703125,558.7811279296875,0.9966024160385132,714.8594360351562,501.8832092285156,0.9950843453407288,759.9180908203125,720.1707153320312,0.9994232654571533,693.0311279296875,593.1851806640625,0.9932339787483215,782.2245483398438,558.3170776367188,0.9397473931312561,528.900634765625,981.635009765625,0.4240914583206177,537.957763671875,899.0447387695312,0.9174838662147522,541.3555297851562,838.7960205078125,0.8975004553794861,543.6928100585938,723.6065673828125,0.9885063171386719,593.9783325195312,820.1277465820312,0.9224687814712524,485.7088623046875,801.7040405273438,0.9871806502342224,598.8634643554688,682.7081909179688,0.9081824421882629,492.9583435058594,671.8831787109375,0.9110186696052551,555.3115844726562,591.4193725585938,0.8430641293525696,537.1539306640625,488.1067199707031,0.7650659680366516,479.3043212890625,325.1013488769531,0.9124497771263123
2475,83.94581604003906,117.64404296875,0.9997233748435974,996.0057983398438,84.06070709228516,0.9999241828918457,89.13520050048828,1028.6300048828125,0.9997913241386414,1023.3812255859375,1021.6219482421875,0.9992842078208923,336.251953125,499.2763671875,0.998256266117096,333.2768859863281,609.7626342773438,0.9985339641571045,276.801513671875,554.06005859375,0.9972715973854065,386.9178771972656,555.9523315429688,0.9959514141082764,715.5438232421875,502.0823974609375,0.9963492155075073,759.1843872070312,719.6380615234375,0.9995513558387756,692.8016967773438,595.091064453125,0.9953076243400574,782.0377807617188,556.2889404296875,0.9461039304733276,564.1219482421875,1022.1213989257812,0.2696864902973175,559.4752807617188,896.6497192382812,0.9823074340820312,553.7589111328125,862.7964477539062,0.7254830598831177,548.0573120117188,732.44677734375,0.9709304571151733,604.100341796875,843.83447265625,0.9296525120735168,500.1728210449219,824.075439453125,0.9822492599487305,607.4827270507812,687.9577026367188,0.989407479763031,495.5228576660156,676.8632202148438,0.8991572856903076,561.5259399414062,614.9132080078125,0.9530201554298401,507.8277893066406,417.5790710449219,0.6430853009223938,426.5512390136719,485.5423889160156,0.6256505846977234
2476,82.22534942626953,116.7317886352539,0.9995662569999695,998.4584350585938,84.73993682861328,0.999839186668396,90.0065689086914,1030.3089599609375,0.9998563528060913,1021.5537109375,1019.943603515625,0.9992675185203552,336.9908142089844,500.3629150390625,0.9989414811134338,332.4924011230469,610.0363159179688,0.9991177916526794,278.16400146484375,553.982177734375,0.9982671737670898,386.5984802246094,558.7761840820312,0.9966854453086853,715.6592407226562,501.5721740722656,0.9947581887245178,760.2667846679688,719.2742309570312,0.999596893787384,692.841064453125,594.1312255859375,0.9960833787918091,783.0824584960938,557.1963500976562,0.9000099301338196,581.2288818359375,1053.7752685546875,0.5920968651771545,578.52197265625,934.7486572265625,0.9773232936859131,570.310546875,910.0099487304688,0.9508143663406372,552.7571411132812,750.332763671875,0.8815932273864746,612.0715942382812,849.3841552734375,0.8248822689056396,519.9984741210938,862.9912719726562,0.7372666597366333,609.4439086914062,701.39111328125,0.8501763343811035,501.0567626953125,698.1556396484375,0.7493302822113037,553.3261108398438,588.2577514648438,0.8031109571456909,541.0021362304688,495.1329650878906,0.7277199029922485,501.7682800292969,396.5035400390625,0.33111849427223206
2477,82.34510803222656,116.11640167236328,0.9994563460350037,995.2059326171875,85.2405014038086,0.9999252557754517,89.70287322998047,1029.5859375,0.9998218417167664,1021.5950317382812,1019.2914428710938,0.9990505576133728,337.26483154296875,500.0736083984375,0.9985779523849487,332.0887451171875,608.9905395507812,0.9987595081329346,277.6304016113281,554.1226806640625,0.9966527819633484,387.53070068359375,555.8362426757812,0.9978476762771606,716.63916015625,502.4241027832031,0.9923263788223267,758.5643310546875,718.9639282226562,0.999718964099884,694.5697631835938,596.8648071289062,0.9921878576278687,782.9608764648438,557.078857421875,0.9003503322601318,600.1832885742188,1076.655029296875,0.4858032763004303,595.4509887695312,987.1661376953125,0.9896550178527832,585.6605834960938,950.1298217773438,0.9610934257507324,560.9849243164062,799.2914428710938,0.6682552099227905,634.339599609375,934.9473876953125,0.9123163223266602,533.313720703125,911.5828247070312,0.9464660286903381,607.1163330078125,724.84130859375,0.9864371418952942,486.2348327636719,703.58251953125,0.9455862641334534,546.6966552734375,626.4068603515625,0.9321333169937134,543.91748046875,517.973388671875,0.9774051308631897,519.6024780273438,435.9896240234375,0.36404332518577576
2478,83.5925521850586,118.39049530029297,0.999398946762085,994.8223876953125,84.19830322265625,0.999854564666748,90.68944549560547,1030.0689697265625,0.9997827410697937,1022.1817016601562,1020.6791381835938,0.9993001222610474,335.7029724121094,499.53277587890625,0.9991212487220764,332.05657958984375,609.4594116210938,0.9987255930900574,276.8214111328125,553.2901000976562,0.9985186457633972,386.6307678222656,557.3359375,0.9965757727622986,716.9482421875,500.05474853515625,0.990179181098938,758.9811401367188,719.0621337890625,0.9998078942298889,694.3372192382812,595.395263671875,0.9979324340820312,782.770751953125,557.5957641601562,0.8694445490837097,626.9733276367188,1076.2623291015625,0.1954955756664276,598.4539184570312,1015.4796142578125,0.9941285848617554,590.6109008789062,990.540771484375,0.9848470687866211,555.4627685546875,833.8197021484375,0.8457798957824707,633.8646850585938,965.6441650390625,0.831638753414154,534.1288452148438,950.2109985351562,0.78802090883255,606.6165771484375,766.629150390625,0.848936140537262,497.2169494628906,755.8707275390625,0.6608386635780334,531.8511352539062,663.5263671875,0.7343677878379822,547.0018920898438,531.3902587890625,0.9903996586799622,525.513427734375,431.7035217285156,0.26769694685935974
2479,83.10144805908203,116.73764038085938,0.9996384382247925,998.1234741210938,83.86415100097656,0.9999115467071533,88.6504135131836,1027.2452392578125,0.9997537732124329,1019.3817138671875,1020.223388671875,0.9993072748184204,336.7049865722656,499.56201171875,0.9992592930793762,331.2303466796875,609.9728393554688,0.998539924621582,276.98406982421875,552.8804321289062,0.9985260367393494,388.0785217285156,559.981201171875,0.9941640496253967,716.0928955078125,500.0665283203125,0.9936237335205078,758.8289794921875,719.0,0.9996740818023682,695.5159301757812,600.0772094726562,0.9980674386024475,782.9417114257812,557.362548828125,0.9162588119506836,609.6277465820312,1091.2037353515625,0.12062849849462509,605.6078491210938,1048.09521484375,0.6870903968811035,595.5131225585938,1022.7473754882812,0.8407549262046814,563.7993774414062,884.1852416992188,0.8623483180999756,642.39697265625,999.5132446289062,0.6767777800559998,535.0516967773438,1016.616455078125,0.9520997405052185,593.0103759765625,775.4216918945312,0.9094504117965698,504.7588806152344,803.7901611328125,0.5276843309402466,528.3552856445312,700.4696655273438,0.7972149848937988,545.7071533203125,539.3588256835938,0.7443006038665771,528.1566162109375,433.4842224121094,0.08129637688398361
2480,82.73711395263672,116.96878814697266,0.9999057054519653,996.7349243164062,83.75496673583984,0.9998950958251953,88.7227554321289,1029.8916015625,0.9997298121452332,1021.3309326171875,1020.8345947265625,0.9991006851196289,336.4122314453125,500.0386047363281,0.9992274045944214,332.4378662109375,610.1132202148438,0.9988699555397034,277.64642333984375,553.3436889648438,0.9971203804016113,387.0343017578125,558.9241333007812,0.9938352108001709,712.5077514648438,501.42242431640625,0.9950103759765625,758.5885009765625,718.6326904296875,0.9998156428337097,694.9827880859375,598.01953125,0.998842716217041,782.8163452148438,562.5987548828125,0.8822498321533203,630.3981323242188,1094.05712890625,0.02259575016796589,626.538330078125,1059.716796875,0.5791136026382446,616.2197265625,1036.2830810546875,0.8236678242683411,572.5900268554688,915.198486328125,0.6853887438774109,654.3037719726562,1006.008056640625,0.9632558822631836,538.1360473632812,1033.313232421875,0.7865691781044006,628.8195190429688,861.8667602539062,0.669108510017395,523.5547485351562,849.4175415039062,0.33494728803634644,549.1629638671875,727.0859985351562,0.031511396169662476,546.2677612304688,614.806884765625,0.9858018755912781,540.5986938476562,505.70684814453125,0.833270788192749
2481,84.5533447265625,118.44586944580078,0.9997175335884094,996.9105224609375,84.78203582763672,0.9999148845672607,89.68643188476562,1029.7237548828125,0.9998207688331604,1020.4136352539062,1019.873779296875,0.9986874461174011,338.7431335449219,499.9723205566406,0.9991481304168701,330.8216552734375,609.241943359375,0.9975653886795044,277.4261779785156,550.3771362304688,0.9967772364616394,386.6794738769531,559.8399658203125,0.9939448237419128,715.818115234375,500.81268310546875,0.9948215484619141,759.21630859375,719.1492919921875,0.9997261166572571,695.5818481445312,600.4859619140625,0.9982485771179199,783.44384765625,555.7705688476562,0.8076622486114502,591.2271728515625,796.3408813476562,0.00595561508089304,649.6197509765625,1087.173583984375,0.17026999592781067,596.2999877929688,851.0068359375,0.32641908526420593,592.8746948242188,954.9295043945312,0.8696935176849365,676.5763549804688,1045.044921875,0.9175482988357544,627.356201171875,885.5308227539062,0.6181293725967407,549.3568725585938,1030.6781005859375,0.206213116645813,670.0028076171875,947.0496215820312,0.06513070315122604,558.7269287109375,624.4366455078125,0.002682110294699669,585.4064331054688,767.0247802734375,0.01654038205742836,560.3346557617188,624.9817504882812,0.45706942677497864
2482,84.20816802978516,115.3277816772461,0.9994997978210449,996.3985595703125,83.37265014648438,0.9999634027481079,89.52607727050781,1028.8455810546875,0.999761164188385,1018.061767578125,1019.21875,0.9987912774085999,336.12188720703125,499.89666748046875,0.9987902045249939,333.3553771972656,609.5459594726562,0.9979460835456848,277.089111328125,552.6597290039062,0.9977082014083862,387.809814453125,558.1605834960938,0.995750904083252,714.8209838867188,500.44647216796875,0.995094895362854,759.0809326171875,718.0525512695312,0.9997425675392151,691.961669921875,597.15087890625,0.9983213543891907,783.363037109375,558.0106201171875,0.866851270198822,598.8250732421875,1085.3731689453125,0.010254847817122936,602.3222045898438,916.2366943359375,0.12604321539402008,675.7589721679688,1059.530029296875,0.1341947317123413,630.9376220703125,1018.461181640625,0.8478599786758423,683.2356567382812,1004.5411987304688,0.07778406888246536,669.4778442382812,970.6515502929688,0.5418872237205505,658.4807739257812,964.2408447265625,0.553961992263794,683.1901245117188,1001.1500244140625,0.04786531999707222,594.3787841796875,1080.7724609375,0.07935532927513123,425.5138854980469,493.8814392089844,0.004775539040565491,530.7661743164062,580.3312377929688,0.5916568040847778
2483,83.86536407470703,115.74298095703125,0.999819815158844,996.0455322265625,84.08007049560547,0.9999518394470215,90.14952087402344,1029.5443115234375,0.9998471736907959,1019.42724609375,1019.9411010742188,0.9976294636726379,336.54119873046875,500.403076171875,0.9991379976272583,332.4664611816406,609.8184814453125,0.9986369013786316,276.84442138671875,553.8131713867188,0.9975355863571167,386.61956787109375,558.8632202148438,0.99396812915802,714.7869262695312,500.35308837890625,0.9966404438018799,759.8359985351562,717.7250366210938,0.9996210336685181,694.0986328125,598.7796630859375,0.9972215890884399,785.9304809570312,568.884521484375,0.9216938614845276,735.005615234375,1074.58740234375,0.011095868423581123,729.2238159179688,1070.763671875,0.3777158260345459,640.0769653320312,1072.025634765625,0.5226125717163086,659.9888305664062,1004.817138671875,0.7317408323287964,736.6858520507812,1036.82861328125,0.5337037444114685,614.7048950195312,1071.4029541015625,0.6737013459205627,698.9570922851562,959.278564453125,0.8735889196395874,599.9227905273438,954.8013305664062,0.4986608326435089,606.6763916015625,919.62744140625,0.9947962164878845,575.0906982421875,757.5280151367188,0.9442911744117737,573.94287109375,662.1424560546875,0.7557967305183411
2484,83.62181091308594,115.62760162353516,0.9998729228973389,996.564697265625,83.05438232421875,0.9998843669891357,89.91236877441406,1029.569091796875,0.9998773336410522,1021.39990234375,1019.3712768554688,0.998714804649353,338.5647277832031,500.2642517089844,0.9991053938865662,331.54443359375,609.4542236328125,0.99893718957901,277.0993957519531,552.9634399414062,0.9971030354499817,385.9380187988281,559.4757080078125,0.9960909485816956,715.9328002929688,500.7679748535156,0.9952418804168701,759.640380859375,717.6693115234375,0.9998168349266052,696.1112670898438,599.3981323242188,0.9977147579193115,784.5271606445312,567.29833984375,0.7686208486557007,759.1651611328125,1074.861083984375,0.027822567149996758,747.1209716796875,1070.605224609375,0.6152310967445374,716.885986328125,1045.456298828125,0.44254347681999207,677.2390747070312,999.2311401367188,0.95196133852005,756.9382934570312,1031.85009765625,0.7370244264602661,643.1820068359375,1052.4219970703125,0.46312472224235535,698.9808959960938,944.400634765625,0.552951991558075,619.68603515625,921.1422119140625,0.06939517706632614,609.2899780273438,913.5921020507812,0.6785527467727661,577.0111694335938,764.2600708007812,0.8589439392089844,569.8291625976562,648.247314453125,0.9236037731170654
2485,84.40624237060547,117.36600494384766,0.9997383952140808,996.4483642578125,84.60668182373047,0.9999600648880005,88.80686950683594,1029.07763671875,0.9998676776885986,1021.455322265625,1019.4656982421875,0.9993725419044495,337.3212890625,500.17218017578125,0.9986769556999207,332.5364990234375,609.6878051757812,0.9979302883148193,276.68865966796875,553.5725708007812,0.9969980716705322,385.8091125488281,558.190185546875,0.9959112405776978,716.8546752929688,501.0135803222656,0.9959623217582703,757.1331176757812,717.7788696289062,0.9997320771217346,692.20556640625,597.9393920898438,0.9982163310050964,785.6773681640625,567.2876586914062,0.7605646252632141,805.2743530273438,1072.1612548828125,0.13782456517219543,804.9752197265625,1070.153076171875,0.15303172171115875,759.3396606445312,1024.2264404296875,0.011031229048967361,680.652587890625,990.18603515625,0.8537851572036743,796.4464721679688,1000.2929077148438,0.22404344379901886,668.3508911132812,929.9801025390625,0.010786881670355797,676.1309814453125,926.0167236328125,0.9341316819190979,748.6268920898438,970.3802490234375,0.14410953223705292,609.7243041992188,889.9713134765625,0.045266639441251755,575.914794921875,794.81640625,0.7600100636482239,571.7142944335938,695.8649291992188,0.8431507349014282
2486,83.56517791748047,115.01445770263672,0.9997171759605408,995.6480712890625,83.35266876220703,0.9999196529388428,89.572509765625,1028.197265625,0.9998542070388794,1017.747314453125,1019.3637084960938,0.9975887537002563,336.6276550292969,500.3121032714844,0.9989714622497559,332.1214599609375,610.0996704101562,0.9984095692634583,276.63067626953125,554.1857299804688,0.998068630695343,386.894775390625,559.733154296875,0.9966868758201599,716.7969360351562,500.74853515625,0.9987449645996094,757.8464965820312,717.1917114257812,0.9998698234558105,695.3641357421875,597.0293579101562,0.9977189898490906,783.8851318359375,558.0198974609375,0.8186151385307312,627.053466796875,939.7559204101562,0.00938638485968113,622.2549438476562,914.5275268554688,0.20810656249523163,849.81591796875,1048.8358154296875,0.5678903460502625,741.5849609375,995.1976928710938,0.9212944507598877,930.2664794921875,1040.55859375,0.15749497711658478,794.4342651367188,1056.4498291015625,0.29352954030036926,706.807373046875,938.3184204101562,0.9234336614608765,652.3812866210938,1030.3538818359375,0.2580447196960449,613.16455078125,889.1077270507812,0.2764626741409302,581.4974975585938,804.6326293945312,0.7012665271759033,570.6941528320312,705.800537109375,0.2489585280418396
2487,83.92549133300781,115.56766510009766,0.9993873834609985,996.354248046875,84.32267761230469,0.9999479055404663,90.06635284423828,1029.3199462890625,0.9998108744621277,1034.80419921875,1025.001708984375,0.8522663712501526,337.11492919921875,500.03179931640625,0.9988502264022827,330.5480041503906,609.0765991210938,0.9987772107124329,276.9108581542969,552.6254272460938,0.9984610080718994,386.2478332519531,559.2513427734375,0.9926944971084595,715.2470092773438,499.0419006347656,0.998487114906311,757.6962890625,718.1390991210938,0.9998689889907837,694.0255737304688,592.7093505859375,0.9970003962516785,781.54638671875,549.707275390625,0.8708328008651733,977.4741821289062,1061.9818115234375,0.6712578535079956,957.5855712890625,1040.27880859375,0.4456239938735962,927.6445922851562,1027.1400146484375,0.8493537902832031,755.0114135742188,978.1432495117188,0.8428961634635925,1013.179931640625,990.1194458007812,0.3297284245491028,852.9263305664062,1032.663818359375,0.9908375144004822,730.0928955078125,924.0030517578125,0.9618964195251465,686.6107177734375,1027.09912109375,0.8499087691307068,641.905029296875,911.5755615234375,0.9750461578369141,574.2010498046875,732.0573120117188,0.05089661478996277,600.0638427734375,810.8396606445312,0.4304395020008087
2488,83.57954406738281,119.78621673583984,0.9985436201095581,994.6649780273438,85.14652252197266,0.9998798370361328,89.49129486083984,1028.821533203125,0.9998464584350586,1052.97900390625,1049.782958984375,0.42605555057525635,337.18170166015625,499.6272277832031,0.9988800883293152,330.5260925292969,609.4197998046875,0.9982159733772278,276.89990234375,552.5914916992188,0.9988324046134949,385.39166259765625,560.0396728515625,0.9952229857444763,716.373779296875,499.2043151855469,0.998665452003479,758.374267578125,718.3788452148438,0.9998276233673096,693.6712646484375,594.4187622070312,0.9977340698242188,782.6468505859375,555.4051513671875,0.9256253242492676,1060.4176025390625,1025.7099609375,0.899422824382782,1045.974853515625,1008.6158447265625,0.22534295916557312,1031.7171630859375,1007.3819580078125,0.5144529342651367,820.1826171875,959.1217651367188,0.9527539610862732,989.4453735351562,954.0742797851562,0.97161465883255,940.5681762695312,1032.2120361328125,0.8666898608207703,770.7537231445312,909.9452514648438,0.6248190402984619,881.3696899414062,921.9652709960938,0.9196346998214722,933.7293701171875,975.977294921875,0.06316316872835159,568.4749145507812,725.811767578125,0.9260676503181458,613.5902709960938,812.8516845703125,0.14768511056900024
2489,84.05802917480469,117.45805358886719,0.9998449087142944,993.7543334960938,85.58744812011719,0.9999346733093262,88.67487335205078,1028.2967529296875,0.9998039603233337,1084.7174072265625,1017.8506469726562,0.05864337459206581,336.6611022949219,499.7351989746094,0.999334990978241,331.11773681640625,609.4666748046875,0.9990350008010864,277.2995910644531,553.4583129882812,0.9987553358078003,386.44024658203125,558.9832153320312,0.9940229058265686,716.2532348632812,500.0877685546875,0.9985232949256897,759.3038940429688,717.751708984375,0.9995089769363403,696.056640625,592.0693969726562,0.9968240261077881,783.0122680664062,556.5933837890625,0.9409085512161255,1061.41064453125,1001.3959350585938,0.9427738189697266,984.9956665039062,959.8673706054688,0.9915454983711243,960.3565063476562,950.0848999023438,0.8655310869216919,854.83984375,925.1721801757812,0.39073097705841064,1014.0919799804688,928.7124633789062,0.05701166018843651,908.7008056640625,984.818359375,0.9903872609138489,813.6461791992188,861.1580810546875,0.9951489567756653,919.6282958984375,893.84326171875,0.6186148524284363,710.8522338867188,874.4574584960938,0.9395246505737305,598.3214111328125,796.1741333007812,0.7990187406539917,557.4708251953125,696.1803588867188,0.5155017971992493
2490,84.8439712524414,117.65154266357422,0.999871015548706,995.5472412109375,86.2579345703125,0.9999527931213379,89.95169830322266,1030.18798828125,0.9997625946998596,932.2384643554688,1026.6280517578125,0.22278931736946106,336.8436279296875,499.6760559082031,0.999138355255127,332.2839660644531,609.9337158203125,0.9989880919456482,277.130126953125,553.3555908203125,0.9988023042678833,386.6410827636719,558.8906860351562,0.9937054514884949,714.5192260742188,499.61956787109375,0.9983566403388977,759.507568359375,718.2064819335938,0.9994051456451416,693.6689453125,598.18798828125,0.9977154731750488,786.1243896484375,566.9061889648438,0.950545608997345,1072.3172607421875,1006.1347045898438,0.9577410817146301,985.9306640625,952.9282836914062,0.9963803887367249,959.9320068359375,937.6143798828125,0.9979149699211121,864.4927978515625,914.6221313476562,0.9770298004150391,963.7008056640625,891.0784912109375,0.585314154624939,930.3685913085938,980.3323974609375,0.997702419757843,829.6217651367188,850.5023193359375,0.9442548155784607,766.292236328125,962.8607788085938,0.14510470628738403,723.970947265625,879.7743530273438,0.9990184307098389,607.5462646484375,801.910400390625,0.8100870847702026,567.6910400390625,756.062255859375,0.4336397349834442
2491,86.05175018310547,116.36863708496094,0.9991055130958557,994.745361328125,84.05726623535156,0.9999573230743408,90.12661743164062,1030.1142578125,0.999606192111969,942.3284301757812,1025.068603515625,0.4533391296863556,337.7713928222656,499.27935791015625,0.9991102814674377,331.5162353515625,609.118408203125,0.9993236064910889,277.28363037109375,553.0875854492188,0.998738706111908,386.6310729980469,557.5037841796875,0.996940016746521,718.5800170898438,499.40826416015625,0.9985085129737854,757.5901489257812,717.3118896484375,0.9998260140419006,694.6281127929688,595.5189208984375,0.9951844811439514,782.5740356445312,561.2820434570312,0.9373865127563477,1066.7840576171875,996.81201171875,0.7886669039726257,988.3281860351562,952.4205932617188,0.9980278611183167,962.6361694335938,939.9766235351562,0.9974959492683411,872.5928344726562,904.3757934570312,0.9811164140701294,965.4135131835938,891.4314575195312,0.2725192904472351,930.1053466796875,972.722900390625,0.9983183145523071,853.7930908203125,841.7346801757812,0.9529102444648743,803.8527221679688,950.1986694335938,0.7949100732803345,741.9065551757812,873.4557495117188,0.9952801465988159,594.4256591796875,790.2402954101562,0.9263869524002075,528.5271606445312,666.4100341796875,0.5582057237625122
2492,85.04586029052734,115.56797790527344,0.9997997879981995,995.0805053710938,84.42369842529297,0.9999289512634277,88.2922592163086,1029.628662109375,0.9996670484542847,997.759521484375,1025.689697265625,0.24709580838680267,337.8180847167969,498.6862487792969,0.9990204572677612,331.22808837890625,608.520751953125,0.9991866946220398,277.1126708984375,552.5064697265625,0.9978289008140564,386.412109375,558.301513671875,0.9969316720962524,716.140625,499.3087158203125,0.9987439513206482,759.507080078125,718.1289672851562,0.9997335076332092,693.9368896484375,597.2869262695312,0.9972774386405945,781.523681640625,553.83203125,0.9552064538002014,1014.9612426757812,1072.068603515625,0.09384500980377197,991.7744140625,949.70947265625,0.9911848902702332,961.99560546875,936.4614868164062,0.9963626265525818,872.9796752929688,900.6866455078125,0.9867926836013794,968.1752319335938,901.2778930664062,0.8401928544044495,930.7914428710938,967.3271484375,0.9768906831741333,860.0164184570312,837.5015869140625,0.9335453510284424,824.7652587890625,970.6657104492188,0.13660123944282532,751.438232421875,859.6829223632812,0.9889366626739502,606.8308715820312,801.164306640625,0.7421872019767761,529.254638671875,668.8225708007812,0.515140175819397
2493,84.17359161376953,117.5005874633789,0.999529242515564,996.2885131835938,84.36280059814453,0.9999344348907471,89.58592224121094,1028.2662353515625,0.9998099207878113,999.9822387695312,1025.246337890625,0.12776368856430054,336.2909851074219,499.26702880859375,0.9988677501678467,330.66485595703125,608.291748046875,0.9986735582351685,277.0383605957031,553.16650390625,0.9966778755187988,385.6320495605469,558.796142578125,0.9957168698310852,716.0581665039062,499.8191223144531,0.9974231719970703,759.3392944335938,717.8584594726562,0.9996761083602905,694.489501953125,598.0081176757812,0.9973168969154358,783.4713745117188,557.7446899414062,0.910699725151062,1044.0062255859375,962.655517578125,0.20071367919445038,982.1780395507812,925.6038208007812,0.6271659731864929,961.9298095703125,912.1917114257812,0.9978803396224976,883.5320434570312,886.9127197265625,0.995060384273529,968.4232177734375,873.8495483398438,0.7645066976547241,911.6161499023438,955.1847534179688,0.5156793594360352,885.8845825195312,835.1320190429688,0.5222019553184509,900.240966796875,836.84912109375,0.3395489752292633,754.4618530273438,850.2275390625,0.991649866104126,610.49755859375,803.4246826171875,0.7705315947532654,541.1146240234375,682.9760131835938,0.7354216575622559
2494,84.90418243408203,115.0859375,0.9996616840362549,996.0,86.2489242553711,0.9998586177825928,89.43994140625,1028.8160400390625,0.9998499155044556,1044.8121337890625,1045.964599609375,0.5946505069732666,337.0597839355469,499.1691589355469,0.9986032843589783,331.28240966796875,609.3806762695312,0.9985998272895813,276.99713134765625,552.90576171875,0.9982457160949707,386.3721008300781,558.310791015625,0.9950627684593201,715.7208862304688,501.7232360839844,0.9964381456375122,758.564453125,717.6513671875,0.9998345375061035,696.1796264648438,600.141845703125,0.9956138134002686,783.765625,562.1058349609375,0.959047257900238,1069.106201171875,975.3319702148438,0.9515681266784668,979.9457397460938,916.9129028320312,0.8949938416481018,954.9472045898438,905.11328125,0.9366534948348999,877.8158569335938,877.2429809570312,0.997417688369751,956.2537231445312,869.9375610351562,0.47802749276161194,900.0482788085938,941.664794921875,0.21082863211631775,881.298583984375,827.5795288085938,0.5155816078186035,814.814453125,924.5405883789062,0.9801536798477173,762.1456909179688,855.0465087890625,0.9919949769973755,610.9324951171875,801.447265625,0.9572775959968567,542.6130981445312,680.65234375,0.1519068032503128
2495,83.49274444580078,115.23140716552734,0.9998536109924316,996.5943603515625,85.79207611083984,0.9999675750732422,89.6275863647461,1029.1033935546875,0.9998520612716675,1027.8511962890625,1019.4165649414062,0.4561527967453003,338.4011535644531,499.02215576171875,0.999103844165802,330.1344909667969,608.9904174804688,0.9985678195953369,277.32647705078125,553.0277709960938,0.9982739686965942,386.761962890625,557.8676147460938,0.9951876401901245,716.8062133789062,499.932373046875,0.9969388246536255,758.38818359375,717.5252075195312,0.9997958540916443,695.2510375976562,597.5947875976562,0.9971700310707092,785.2659912109375,561.39501953125,0.9568582773208618,1051.1005859375,981.3723754882812,0.9893632531166077,1020.4102783203125,953.5321655273438,0.5585256218910217,972.161865234375,919.4825439453125,0.8378705978393555,871.905517578125,882.58154296875,0.9977280497550964,962.923095703125,873.1002197265625,0.43704164028167725,999.8665771484375,886.2689819335938,0.7521893382072449,858.980712890625,822.4003295898438,0.8983983993530273,818.139892578125,927.7530517578125,0.8181440830230713,760.3229370117188,855.360595703125,0.9971475005149841,613.3648071289062,803.0392456054688,0.860832691192627,543.8244018554688,688.8422241210938,0.3221631646156311
2496,82.94121551513672,112.98406982421875,0.999772846698761,995.9874267578125,84.950927734375,0.9999016523361206,90.6364517211914,1029.31103515625,0.9998138546943665,1050.8597412109375,1018.8822631835938,0.5549443960189819,337.9381408691406,498.7369079589844,0.998684823513031,330.23211669921875,608.895263671875,0.9985445737838745,277.0976867675781,552.4932250976562,0.9978546500205994,387.5465393066406,556.4725341796875,0.9958691000938416,716.3538818359375,499.5416259765625,0.99261075258255,758.2515258789062,717.5557861328125,0.9998041987419128,695.6677856445312,598.6295776367188,0.9959677457809448,787.0919799804688,566.5604858398438,0.9364036321640015,1023.624267578125,1000.919189453125,0.6736187934875488,966.2466430664062,938.2319946289062,0.648040771484375,954.4178466796875,925.84130859375,0.7908464670181274,866.7776489257812,882.8993530273438,0.9987805485725403,1013.2874755859375,911.7000732421875,0.95653235912323,1009.26513671875,915.4949951171875,0.6908842921257019,857.3969116210938,827.1204833984375,0.7359686493873596,814.8233032226562,930.1338500976562,0.959097683429718,764.6151733398438,856.9378662109375,0.9972805976867676,608.9254150390625,802.0042114257812,0.9305630326271057,544.8370971679688,688.3427734375,0.9841600060462952
2497,82.83467102050781,116.0842514038086,0.999823272228241,994.2221069335938,86.92552947998047,0.9998921155929565,91.00700378417969,1029.7447509765625,0.9998908042907715,915.905029296875,1024.5045166015625,0.9002193808555603,336.7279968261719,498.7940368652344,0.9987242817878723,330.7256774902344,610.0617065429688,0.9969407916069031,276.9114074707031,552.6327514648438,0.997771143913269,386.54278564453125,556.8421020507812,0.9889642000198364,713.390625,500.2801208496094,0.9747486710548401,758.7410888671875,717.7919311523438,0.9998432397842407,694.5247192382812,598.6254272460938,0.9970064759254456,786.4542846679688,569.6935424804688,0.9409170746803284,1031.57275390625,1023.2948608398438,0.8512136340141296,987.9515380859375,979.2883911132812,0.832051694393158,945.834228515625,928.6344604492188,0.829717755317688,861.1279907226562,874.7532348632812,0.8871323466300964,973.602783203125,1023.6212768554688,0.23479866981506348,944.8960571289062,878.410888671875,0.059394653886556625,848.7273559570312,932.3681640625,0.7169630527496338,819.2939453125,923.6629638671875,0.6163082718849182,764.749755859375,856.5042724609375,0.9970532655715942,611.2933959960938,802.6430053710938,0.9655219316482544,543.1160888671875,692.7511596679688,0.30752307176589966
2498,83.2165298461914,115.73111724853516,0.9998685121536255,993.1710205078125,84.59806823730469,0.9998923540115356,90.61865234375,1029.1939697265625,0.9998557567596436,1044.3905029296875,1034.265380859375,0.6986347436904907,337.5912780761719,498.6718444824219,0.9988492727279663,331.077392578125,609.7486572265625,0.998150110244751,276.9861145019531,553.52392578125,0.9959871172904968,387.389404296875,557.4962768554688,0.9955272078514099,715.4505615234375,500.2172546386719,0.9968485236167908,758.1238403320312,719.5809326171875,0.9996962547302246,695.2655029296875,597.2022094726562,0.9958937168121338,787.1962890625,566.783203125,0.9050348401069641,1013.9554443359375,1041.8704833984375,0.472601056098938,989.919677734375,979.3492431640625,0.8679871559143066,936.5143432617188,924.8177490234375,0.9500817656517029,857.8598022460938,885.3860473632812,0.9996734857559204,1010.1103515625,939.9841918945312,0.1291656196117401,893.6349487304688,953.4900512695312,0.34742772579193115,856.1127319335938,822.9191284179688,0.798323392868042,814.773193359375,928.577880859375,0.9709407687187195,765.7173461914062,855.9756469726562,0.998185932636261,613.4716186523438,802.6010131835938,0.8757984638214111,543.8876953125,687.1363525390625,0.8834413886070251
2499,83.70157623291016,116.24908447265625,0.9997523427009583,995.0899658203125,85.16659545898438,0.9999686479568481,89.55207824707031,1028.9222412109375,0.9997978806495667,919.0996704101562,1022.1714477539062,0.7010826468467712,337.4708557128906,498.7276611328125,0.9989243149757385,332.3155822753906,609.8217163085938,0.9985026121139526,276.8766174316406,553.4349975585938,0.9966489672660828,387.4448547363281,556.2666625976562,0.9949265718460083,716.3490600585938,500.16693115234375,0.995438277721405,758.5587158203125,718.2770385742188,0.999815046787262,696.2803955078125,596.0087280273438,0.9970958232879639,787.2683715820312,566.6212158203125,0.9530124664306641,1019.1773681640625,1039.61767578125,0.5966573357582092,947.5660400390625,938.8133544921875,0.7939613461494446,928.289306640625,922.8543701171875,0.9604225158691406,854.8900146484375,879.9014892578125,0.9998828172683716,987.2100830078125,1040.3238525390625,0.2141578197479248,859.84814453125,950.7286987304688,0.798382043838501,851.5452270507812,828.074951171875,0.7154659628868103,811.6107177734375,923.6146850585938,0.8855277299880981,766.7744750976562,855.6218872070312,0.9988075494766235,615.059814453125,804.0880737304688,0.8767375349998474,543.3558959960938,685.1869506835938,0.7492338418960571
2500,83.5232925415039,116.01332092285156,0.9998062252998352,995.2886352539062,83.76821899414062,0.9996228218078613,88.69396209716797,1030.2391357421875,0.9997887015342712,911.9305419921875,1024.278564453125,0.47276005148887634,337.5534362792969,498.27606201171875,0.9989036321640015,331.5335388183594,609.4146118164062,0.9979509711265564,277.0268249511719,552.9336547851562,0.9968559741973877,386.45989990234375,559.1270751953125,0.9888463616371155,716.8443603515625,500.64910888671875,0.9979010820388794,757.7776489257812,718.0289306640625,0.9998549222946167,693.4131469726562,595.5025024414062,0.9980720281600952,786.2536010742188,566.8643798828125,0.9558069109916687,1015.97265625,1042.521240234375,0.392743319272995,942.68408203125,940.159912109375,0.6879017949104309,933.9187622070312,929.491455078125,0.9287763833999634,854.6971435546875,874.6552124023438,0.9994450211524963,1003.2564697265625,948.2430419921875,0.051501985639333725,855.4087524414062,949.4434204101562,0.13633987307548523,846.0159912109375,938.8773193359375,0.7484536170959473,812.3345947265625,919.6776123046875,0.8890838027000427,764.5953979492188,854.7127685546875,0.9988825917243958,612.522705078125,802.8657836914062,0.902965784072876,829.2244262695312,817.985595703125,0.7552727460861206
2501,84.9687271118164,114.960205078125,0.9993316531181335,996.3423461914062,83.13306427001953,0.9999376535415649,91.12977600097656,1030.2276611328125,0.9998831748962402,891.2890625,1024.8116455078125,0.7852612137794495,337.9637451171875,498.794677734375,0.9989323019981384,332.2323913574219,610.1306762695312,0.9979902505874634,277.0373840332031,552.67333984375,0.9969679713249207,386.8641052246094,556.3676147460938,0.9939244389533997,716.4099731445312,500.9106140136719,0.998855710029602,759.4893188476562,717.9226684570312,0.9996750354766846,694.7681884765625,599.1006469726562,0.9965014457702637,786.1860961914062,565.7083129882812,0.9542537331581116,982.5075073242188,1060.6671142578125,0.44991251826286316,961.2129516601562,987.3196411132812,0.9776690602302551,945.1329956054688,945.1607666015625,0.9826828241348267,870.26708984375,875.90625,0.998434841632843,1026.349609375,995.8300170898438,0.6931368112564087,903.6990966796875,961.4505615234375,0.934252142906189,864.7101440429688,823.8831176757812,0.7794057726860046,810.6527709960938,919.4674072265625,0.9933978319168091,766.5859375,851.4974975585938,0.9992601275444031,610.65087890625,801.4070434570312,0.9126271605491638,560.8275756835938,735.3952026367188,0.23462560772895813
2502,84.3919448852539,115.43222045898438,0.9995445609092712,997.5557861328125,83.74016571044922,0.9999539852142334,89.7603988647461,1029.4066162109375,0.9998542070388794,1026.8516845703125,1031.7559814453125,0.7329050302505493,338.0627136230469,499.21514892578125,0.9990125894546509,332.37103271484375,609.9771118164062,0.9987333416938782,277.6971130371094,553.8519287109375,0.9953677654266357,386.3668518066406,557.0121459960938,0.9936449527740479,716.4857177734375,500.86883544921875,0.9992554783821106,761.4387817382812,717.603759765625,0.9996166229248047,694.5732421875,597.63427734375,0.9983147382736206,785.5076904296875,567.2517700195312,0.9755141139030457,935.6925048828125,1075.0640869140625,0.057242974638938904,947.3258666992188,1019.5130615234375,0.8942322731018066,942.2030029296875,981.9490356445312,0.9626517295837402,888.8167724609375,890.483154296875,0.9513567090034485,1009.0509033203125,1019.3809814453125,0.0942772924900055,898.7095336914062,962.5255126953125,0.36041921377182007,887.4612426757812,834.1278076171875,0.2112003117799759,818.1036376953125,916.00341796875,0.47785308957099915,778.3220825195312,855.7548217773438,0.9979658126831055,654.1710205078125,814.0010375976562,0.3264029622077942,890.8216552734375,822.7332763671875,0.6130650639533997
2503,84.70716857910156,115.44154357910156,0.9997678399085999,996.4876708984375,85.6364974975586,0.9999637603759766,89.1184310913086,1028.249267578125,0.9997760653495789,1022.583251953125,1020.9253540039062,0.9903072118759155,338.60980224609375,499.6357116699219,0.9991735816001892,332.4331970214844,609.3878173828125,0.9980499744415283,277.4167175292969,553.76171875,0.9967454671859741,386.7569580078125,556.5147094726562,0.9944578409194946,714.7691650390625,502.086181640625,0.9978687763214111,760.6270751953125,718.6158447265625,0.9995430707931519,694.6067504882812,601.7228393554688,0.9966897964477539,787.1143188476562,569.2643432617188,0.926162838935852,928.9989013671875,1087.323486328125,0.5503845810890198,930.3226928710938,1044.154052734375,0.8436450958251953,923.82958984375,1025.7340087890625,0.9155225157737732,904.060791015625,932.2120971679688,0.9805923700332642,973.6328735351562,996.034423828125,0.133600652217865,869.3654174804688,1015.2636108398438,0.6575854420661926,886.9558715820312,845.1787109375,0.6907185316085815,818.1663818359375,914.5740356445312,0.508312463760376,785.0578002929688,856.225341796875,0.9920578598976135,642.9131469726562,810.40576171875,0.5570031404495239,566.736572265625,755.062255859375,0.5430022478103638
2504,85.00811004638672,114.989990234375,0.9997853636741638,995.5072021484375,84.85384368896484,0.9999297857284546,88.90433502197266,1028.4814453125,0.9997397065162659,1024.0882568359375,1021.6951904296875,0.9971799850463867,339.36590576171875,499.3397521972656,0.9991301894187927,330.84222412109375,609.6404418945312,0.9991015195846558,277.3915100097656,552.25244140625,0.9972071051597595,386.7291259765625,557.0618896484375,0.993629515171051,712.4840087890625,501.13824462890625,0.9972777962684631,760.0803833007812,718.6417236328125,0.9995085000991821,694.688720703125,597.4874877929688,0.9961596727371216,782.6937255859375,557.3833618164062,0.8717684745788574,905.358642578125,1072.0238037109375,0.0035161664709448814,908.1344604492188,1068.789306640625,0.03589987754821777,895.0776977539062,1052.3988037109375,0.03467310965061188,899.5416870117188,973.9112548828125,0.3876640498638153,954.7520751953125,1063.41162109375,0.01313794031739235,830.4310913085938,1026.62353515625,0.045717790722846985,960.5789184570312,957.1355590820312,0.6839557886123657,829.902587890625,920.311279296875,0.7006497979164124,808.6282958984375,861.2574462890625,0.1801050901412964,767.1207885742188,842.9688720703125,0.6508206129074097,676.6708374023438,816.1842041015625,0.995186984539032
2505,85.10646057128906,116.25270080566406,0.9998457431793213,999.0319213867188,84.87975311279297,0.9997929930686951,89.77005767822266,1028.5050048828125,0.9997606873512268,1023.3328857421875,1021.3601684570312,0.9651579856872559,338.2778625488281,499.55712890625,0.9991391897201538,331.424072265625,609.6262817382812,0.9987455606460571,276.98541259765625,553.3355712890625,0.9975013136863708,386.57025146484375,556.0888061523438,0.9925211071968079,716.1446533203125,500.30450439453125,0.9967358708381653,759.717529296875,718.6038818359375,0.9993805885314941,696.2507934570312,596.587158203125,0.9947736859321594,782.4004516601562,556.2625122070312,0.9102154970169067,1018.5098876953125,1022.8135375976562,0.019730841740965843,966.6464233398438,1060.414794921875,0.03631485253572464,958.4140014648438,1049.1630859375,0.5644131898880005,880.8477172851562,1035.9876708984375,0.8546212315559387,870.7655639648438,960.3670043945312,0.021971333771944046,945.6182861328125,1005.3319091796875,0.16729636490345,874.851318359375,970.0958251953125,0.41167107224464417,953.5386962890625,1004.315673828125,0.2376483976840973,804.0609741210938,1032.14453125,0.08417468518018723,813.9819946289062,876.9866943359375,0.0133071793243289,624.1712036132812,995.377197265625,0.7153803706169128
2506,84.25352478027344,115.38092041015625,0.9997114539146423,995.7445678710938,83.46226501464844,0.9998182654380798,88.82093811035156,1029.70166015625,0.9998669624328613,1022.7435302734375,1019.9500122070312,0.9699521660804749,338.24676513671875,499.434326171875,0.9992850422859192,331.6968078613281,609.6607055664062,0.998336672782898,277.18927001953125,552.3286743164062,0.9967053532600403,387.3567199707031,556.0966186523438,0.9940776824951172,715.7765502929688,498.3500671386719,0.9989619255065918,758.7628784179688,717.8594970703125,0.9996765851974487,696.8716430664062,598.2207641601562,0.9963370561599731,783.2894897460938,554.8786010742188,0.8660408854484558,1018.5039672851562,1060.8232421875,0.025571610778570175,893.6590576171875,1056.7567138671875,0.21061600744724274,893.1751098632812,1046.216796875,0.2691833972930908,877.4417114257812,1029.2037353515625,0.20650480687618256,818.9374389648438,1050.9002685546875,0.013907138258218765,822.0140380859375,1030.521240234375,0.24192357063293457,964.658935546875,1043.7584228515625,0.15650838613510132,937.1071166992188,991.1971435546875,0.408332884311676,981.7371826171875,1026.0067138671875,0.26194655895233154,811.0135498046875,885.511962890625,0.14173755049705505,949.4884033203125,959.6089477539062,0.44490286707878113
2507,84.86138153076172,116.1186294555664,0.9994631409645081,995.2040405273438,84.27608489990234,0.999955415725708,88.87262725830078,1030.1312255859375,0.999760091304779,1021.0181884765625,1021.2921752929688,0.9922089576721191,336.48077392578125,499.3719177246094,0.9991915822029114,331.5267333984375,609.3430786132812,0.9976872205734253,276.65667724609375,553.5631713867188,0.997037410736084,386.7685852050781,556.8456420898438,0.9914019703865051,716.3610229492188,500.9035339355469,0.9977370500564575,758.9832763671875,718.6683959960938,0.9995763897895813,696.3172607421875,598.3013916015625,0.9972405433654785,783.7559814453125,549.6077880859375,0.8100934028625488,880.510498046875,1073.8155517578125,0.018501341342926025,931.2288818359375,1070.9520263671875,0.21172215044498444,917.28515625,1063.5201416015625,0.16651397943496704,881.0667114257812,1024.466552734375,0.8283852338790894,963.9865112304688,1049.9029541015625,0.24310803413391113,876.173828125,1085.08349609375,0.13683894276618958,820.1585083007812,969.3295288085938,0.18258564174175262,934.98486328125,983.4210205078125,0.3146481215953827,790.2003173828125,1030.454833984375,0.019467120990157127,959.547119140625,996.205322265625,0.017562560737133026,422.0978088378906,488.36431884765625,0.03726102039217949
2508,83.9833984375,117.66808319091797,0.9996848106384277,996.614990234375,83.62494659423828,0.9999606609344482,88.76753234863281,1031.1142578125,0.9996777772903442,1023.1500244140625,1019.9344482421875,0.998210072517395,337.1060485839844,499.2703857421875,0.9991697072982788,331.5311279296875,609.5889282226562,0.9983364939689636,276.2606506347656,553.6830444335938,0.994738757610321,387.3857116699219,557.0952758789062,0.992999792098999,711.872314453125,501.3541259765625,0.9954767823219299,759.1407470703125,718.7062377929688,0.9995313882827759,695.93017578125,595.9173583984375,0.9958673715591431,783.4515991210938,549.6029663085938,0.8152823448181152,979.4905395507812,1095.428955078125,0.01059757824987173,961.0118408203125,1077.527099609375,0.9771199226379395,949.8270874023438,1058.8773193359375,0.9463348388671875,871.8385009765625,995.4808959960938,0.9908905625343323,982.11767578125,1035.657470703125,0.886669933795929,889.85107421875,1060.4849853515625,0.5307456254959106,929.9588623046875,965.86572265625,0.08474338799715042,924.2228393554688,955.7711181640625,0.041168808937072754,781.3131713867188,989.2466430664062,0.009608899243175983,808.7178344726562,557.7109985351562,0.0038025574758648872,797.4298095703125,540.3623657226562,0.006643671076744795
2509,83.92572784423828,117.86640167236328,0.9992094039916992,996.283935546875,84.90455627441406,0.9999783039093018,88.74629211425781,1030.4234619140625,0.9993777275085449,1015.3524169921875,1086.128173828125,0.2850494086742401,337.84771728515625,498.83306884765625,0.9992818236351013,329.92828369140625,609.1674194335938,0.99772709608078,276.655029296875,551.9029541015625,0.9980936646461487,385.5968933105469,559.6243286132812,0.9960275888442993,714.6163940429688,501.6717834472656,0.9911824464797974,759.4132690429688,718.8949584960938,0.9994068145751953,696.4080810546875,595.6625366210938,0.9977269768714905,783.1026000976562,552.062255859375,0.7424934506416321,979.5148315429688,1096.8585205078125,0.23152057826519012,950.4744873046875,1055.52001953125,0.9723682403564453,944.2060546875,1041.8375244140625,0.9788883328437805,856.2085571289062,971.217529296875,0.8061819076538086,967.2841186523438,1017.176025390625,0.6552634835243225,845.3126831054688,1035.62890625,0.5646506547927856,869.8163452148438,917.184814453125,0.36806726455688477,913.51513671875,947.3899536132812,0.045578133314847946,778.8126831054688,938.9873046875,0.0018683269154280424,799.0645751953125,537.8720703125,0.005511526484042406,420.309326171875,482.6890869140625,0.051406338810920715
2510,82.79318237304688,117.93958282470703,0.9994924068450928,994.2836303710938,84.81500244140625,0.9999771118164062,88.55030822753906,1029.5965576171875,0.9995812773704529,1021.015869140625,1023.58642578125,0.9913737177848816,337.28399658203125,498.9252014160156,0.9992719292640686,330.8631896972656,609.1929321289062,0.9991517066955566,276.97857666015625,553.2471923828125,0.9969465136528015,386.0244445800781,558.5398559570312,0.9959949254989624,715.552001953125,501.3240661621094,0.9965258240699768,758.4151000976562,718.641845703125,0.9995397329330444,695.6793212890625,594.5797119140625,0.9967225193977356,782.9971923828125,548.255859375,0.8621599674224854,964.5567626953125,1096.2049560546875,0.424875944852829,940.6710815429688,1030.708984375,0.9844328165054321,927.2760009765625,1004.4867553710938,0.9461033940315247,840.5440673828125,939.2681274414062,0.9791619777679443,952.0877685546875,981.3078002929688,0.8094043731689453,832.7119750976562,1019.9774169921875,0.9424615502357483,847.4808959960938,875.7093505859375,0.9579964876174927,786.5733032226562,974.577392578125,0.06687916070222855,767.3668823242188,995.90087890625,0.08497786521911621,843.0422973632812,786.9512329101562,0.008709107525646687,327.1363220214844,181.40281677246094,0.020888715982437134
2511,84.26535034179688,117.54608154296875,0.9997424483299255,995.3739013671875,83.43783569335938,0.9999362230300903,89.54278564453125,1030.7969970703125,0.9996781349182129,1019.3201904296875,1020.3182983398438,0.9980602860450745,338.2117004394531,498.59490966796875,0.9992166757583618,331.4560852050781,609.6019287109375,0.9992879033088684,276.9742431640625,552.096923828125,0.9969608187675476,386.5482177734375,558.7715454101562,0.9952998161315918,714.3599853515625,501.6283874511719,0.9962238073348999,756.8297119140625,717.7481079101562,0.9994974136352539,695.2339477539062,596.2759399414062,0.9973389506340027,781.92578125,546.3775024414062,0.9130486249923706,959.409912109375,1088.8067626953125,0.7657346129417419,925.56591796875,1011.0596923828125,0.9857215881347656,913.5114135742188,988.7914428710938,0.9301596879959106,831.7614135742188,918.8841552734375,0.9789857864379883,920.934326171875,947.7440185546875,0.9726797342300415,829.5454711914062,994.6809692382812,0.6511496901512146,836.8604125976562,859.8760375976562,0.6929991245269775,760.626220703125,896.0505981445312,0.41472485661506653,768.7357788085938,837.8973999023438,0.9658561944961548,797.8148193359375,535.8896484375,0.015699582174420357,749.0724487304688,945.2634887695312,0.08676271885633469
2512,84.95228576660156,118.83158111572266,0.9998496770858765,994.2061767578125,84.85955810546875,0.9998641014099121,89.74583435058594,1028.24658203125,0.9996322393417358,1019.2421875,1019.9116821289062,0.9780474305152893,338.01348876953125,499.1309814453125,0.999497652053833,330.748046875,609.3950805664062,0.9991486072540283,276.6012268066406,553.44580078125,0.9966450333595276,386.5481262207031,559.02392578125,0.9954200983047485,717.5011596679688,499.29168701171875,0.9934294819831848,756.8516845703125,717.7540283203125,0.9992002844810486,695.1084594726562,594.9970092773438,0.9969027638435364,784.0148315429688,553.8423461914062,0.8345215916633606,830.6884155273438,1033.0679931640625,0.033268917351961136,914.796875,992.716796875,0.2049434632062912,913.5467529296875,986.9057006835938,0.3244336247444153,825.580810546875,912.0662231445312,0.9801258444786072,922.2892456054688,949.1467895507812,0.23582196235656738,830.21240234375,969.8729248046875,0.7182201743125916,844.430908203125,864.9935913085938,0.7603699564933777,755.7186889648438,889.80419921875,0.663503885269165,766.3956298828125,835.3425903320312,0.9812086820602417,769.52783203125,758.8506469726562,0.8989991545677185,766.9408569335938,759.6312866210938,0.46023815870285034
2513,84.32713317871094,116.42213439941406,0.9997854828834534,995.8687133789062,82.98451232910156,0.999953031539917,89.22442626953125,1029.6649169921875,0.999643087387085,1021.3013305664062,1020.725830078125,0.9912817478179932,339.5785827636719,499.1246337890625,0.9990930557250977,329.732666015625,608.7693481445312,0.9988962411880493,277.5586242675781,552.9949340820312,0.9974344372749329,386.3265686035156,559.4761352539062,0.9960355162620544,716.03466796875,501.360595703125,0.9938912391662598,756.0875854492188,718.5482177734375,0.9994276165962219,696.1411743164062,596.5728759765625,0.9962014555931091,782.6779174804688,552.2970581054688,0.8886504769325256,841.2999267578125,1035.388427734375,0.03330959752202034,912.1171875,1012.4197998046875,0.7687196135520935,916.1921997070312,990.4282836914062,0.9051945209503174,826.6351928710938,911.2478637695312,0.7957509756088257,953.3782348632812,1033.73486328125,0.31494319438934326,839.033447265625,970.8410034179688,0.4299730062484741,806.1183471679688,969.86572265625,0.8627263307571411,762.341064453125,891.9813232421875,0.7825071215629578,771.8158569335938,835.1597900390625,0.9992390871047974,775.4276733398438,761.362548828125,0.8963021039962769,770.237060546875,759.94775390625,0.4598541557788849
2514,83.68660736083984,114.86091613769531,0.9995730519294739,994.0702514648438,84.5019760131836,0.9998939037322998,89.65520477294922,1029.7603759765625,0.9998084902763367,1019.4832153320312,1021.42822265625,0.9606791138648987,337.5949401855469,499.0226135253906,0.9992856383323669,331.941650390625,610.1459350585938,0.999051034450531,277.52392578125,553.8147583007812,0.9971530437469482,386.115478515625,558.515380859375,0.9966136813163757,716.2886962890625,501.3588562011719,0.9953497648239136,757.9335327148438,718.0054321289062,0.9996088147163391,696.6559448242188,594.5176391601562,0.9972363114356995,783.1614990234375,555.2282104492188,0.9096317887306213,911.6162109375,1090.7584228515625,0.011260471306741238,902.33984375,1023.1814575195312,0.2820417881011963,910.6189575195312,1004.0463256835938,0.9076890349388123,841.9872436523438,920.236083984375,0.9316109418869019,939.2159423828125,969.3870849609375,0.06060697138309479,842.6144409179688,985.2890014648438,0.5138009190559387,804.331298828125,970.5381469726562,0.5814488530158997,763.8011474609375,890.2352905273438,0.5747294425964355,775.127685546875,836.6160278320312,0.9986228942871094,776.0370483398438,759.1942749023438,0.7739025950431824,733.3319091796875,937.939208984375,0.2272365242242813
2515,83.58346557617188,116.87220001220703,0.9996008276939392,995.3053588867188,84.9168701171875,0.9999401569366455,89.85699462890625,1029.7322998046875,0.9997826218605042,1018.3319091796875,1020.9646606445312,0.9785239696502686,337.7783203125,498.6920166015625,0.9992807507514954,331.206298828125,610.5426025390625,0.9989235997200012,277.62030029296875,554.1240234375,0.9977344274520874,385.8036804199219,559.8071899414062,0.9970663189888,715.7021484375,500.23333740234375,0.9952507019042969,758.4993286132812,719.2445068359375,0.9992949962615967,695.5139770507812,595.5980834960938,0.9969985485076904,782.4380493164062,543.4058837890625,0.842839241027832,803.423095703125,1018.57568359375,0.018483970314264297,899.8754272460938,1015.4757080078125,0.4548247754573822,895.8269653320312,986.3256225585938,0.6278546452522278,837.0820922851562,916.1588134765625,0.9315401911735535,773.310791015625,892.2289428710938,0.09527440369129181,846.3682861328125,975.8638305664062,0.6469906568527222,820.32080078125,858.5272216796875,0.8833546042442322,768.8541870117188,890.6070556640625,0.7434008717536926,775.8394165039062,835.1341552734375,0.9926521182060242,817.2011108398438,757.4840698242188,0.6118021011352539,801.3648681640625,647.1223754882812,0.1681998372077942
2516,83.48076629638672,117.77677154541016,0.9999046325683594,995.334228515625,82.9593505859375,0.9999237060546875,90.24522399902344,1029.756591796875,0.999883770942688,1016.7155151367188,1021.0885009765625,0.9741696715354919,338.52911376953125,498.9627990722656,0.9994329810142517,331.2503356933594,609.6393432617188,0.9988150596618652,277.2417297363281,553.9527587890625,0.9959828853607178,386.2528076171875,560.0087890625,0.989522397518158,715.8787231445312,498.98944091796875,0.9946594834327698,758.3971557617188,717.1076049804688,0.999804675579071,695.310546875,595.740478515625,0.9979967474937439,782.922119140625,542.984619140625,0.745343029499054,768.2109375,976.4515380859375,0.005652369931340218,899.710693359375,1018.9918823242188,0.20409820973873138,907.7345581054688,1008.550048828125,0.9142295122146606,835.133056640625,917.9304809570312,0.8690921664237976,770.8140258789062,911.43896484375,0.11181626468896866,830.8997802734375,974.435546875,0.6841999888420105,812.190185546875,972.5994262695312,0.6092449426651001,769.0674438476562,898.88232421875,0.5153169631958008,782.3045043945312,836.6785888671875,0.9838179349899292,779.1409912109375,758.7080078125,0.823693573474884,856.9058227539062,864.3912963867188,0.08673810958862305
2517,85.63328552246094,117.4964599609375,0.9993854761123657,997.8552856445312,82.67700958251953,0.9998452663421631,89.17986297607422,1029.011962890625,0.9995672106742859,1019.2815551757812,1020.2258911132812,0.9922681450843811,337.831787109375,499.32818603515625,0.9993939399719238,332.25750732421875,609.222900390625,0.9992160797119141,277.445556640625,554.833984375,0.9945318698883057,385.83953857421875,559.2691040039062,0.9942610263824463,714.8308715820312,500.68548583984375,0.9906544089317322,758.821044921875,716.1131591796875,0.9997419714927673,696.2294921875,597.2766723632812,0.9977783560752869,782.9050903320312,553.0870361328125,0.8231415748596191,780.086669921875,982.8858642578125,0.008262515999376774,885.513671875,1016.6880493164062,0.6501427888870239,903.580810546875,1002.7164916992188,0.9707453846931458,838.3330078125,919.9285888671875,0.9928487539291382,926.2734375,974.2360229492188,0.17244760692119598,828.5610961914062,975.853271484375,0.8010825514793396,815.1567993164062,968.7138671875,0.46706631779670715,775.38037109375,902.9177856445312,0.33336421847343445,787.8314819335938,843.0230712890625,0.9858438968658447,775.1555786132812,760.1690063476562,0.8869855403900146,873.8992309570312,882.5520629882812,0.09937375038862228
2518,83.8944091796875,115.15035247802734,0.9996954202651978,995.3482666015625,81.71125030517578,0.999866247177124,90.20195770263672,1030.671142578125,0.9998056292533875,1014.5997924804688,1021.09814453125,0.9951317310333252,338.75390625,499.453369140625,0.9989933371543884,333.1023254394531,610.27685546875,0.9993107318878174,277.5120849609375,553.7220458984375,0.9945163130760193,386.05792236328125,558.9804077148438,0.994082510471344,717.546142578125,500.43505859375,0.9952999353408813,758.4534301757812,718.32568359375,0.9995840191841125,695.2195434570312,596.5560302734375,0.9979212880134583,783.290771484375,554.5310668945312,0.9075402021408081,937.2424926757812,1015.3263549804688,0.0693657249212265,887.6089477539062,1006.2786254882812,0.8113964796066284,892.5670776367188,990.974609375,0.8865188360214233,842.605712890625,913.765869140625,0.9573830962181091,925.360595703125,978.8963623046875,0.7721232771873474,826.8825073242188,973.4824829101562,0.17852717638015747,801.0557250976562,976.6840209960938,0.7634694576263428,775.0442504882812,911.5361938476562,0.2851346433162689,786.3099975585938,838.0997924804688,0.9734382629394531,773.2213134765625,763.4682006835938,0.9414627552032471,771.07470703125,918.8508911132812,0.11731290072202682
2519,82.93157958984375,115.10279083251953,0.9998651742935181,995.864501953125,84.06021881103516,0.9998977184295654,89.97220611572266,1029.358642578125,0.9997684359550476,1018.6673583984375,1019.6088256835938,0.9973912239074707,337.02545166015625,499.1782531738281,0.9990028738975525,332.704833984375,609.5632934570312,0.9985160231590271,277.6164245605469,554.126220703125,0.9973008036613464,387.3475646972656,556.20849609375,0.9950904846191406,718.1801147460938,500.48187255859375,0.9975433349609375,757.5997314453125,716.7819213867188,0.9999029636383057,695.2484741210938,597.8540649414062,0.9983691573143005,782.83056640625,549.7054443359375,0.8628111481666565,933.373291015625,1010.07763671875,0.2430546134710312,884.0801391601562,984.9451904296875,0.6637968420982361,880.3255615234375,960.4485473632812,0.6359656453132629,834.332275390625,916.8779907226562,0.9943689703941345,862.7029418945312,1020.8157348632812,0.1966223567724228,832.1665649414062,962.2063598632812,0.36675211787223816,847.1998291015625,865.3095703125,0.1919943392276764,771.528076171875,903.89013671875,0.572394847869873,787.8656005859375,835.9953002929688,0.9799255728721619,772.4874877929688,769.1323852539062,0.9309042096138,772.8280639648438,771.0084838867188,0.1254260540008545
2520,84.12508392333984,114.59095001220703,0.9997808337211609,995.6547241210938,83.937255859375,0.9999405145645142,89.81647491455078,1029.5423583984375,0.9996964931488037,1016.9097290039062,1018.8465576171875,0.9980752468109131,336.6175231933594,499.1568298339844,0.9988320469856262,334.25091552734375,611.3430786132812,0.9994227886199951,277.77276611328125,554.2728881835938,0.9961786270141602,388.24554443359375,555.9369506835938,0.993698239326477,716.9641723632812,500.4637145996094,0.9986580610275269,756.1674194335938,715.6116333007812,0.9998828172683716,694.419921875,599.9102783203125,0.9965639710426331,784.1950073242188,557.1739501953125,0.8342241644859314,931.696533203125,1010.7769775390625,0.04883944243192673,894.4325561523438,992.8375244140625,0.17661108076572418,907.5366821289062,989.4832763671875,0.11863670498132706,833.6266479492188,920.26904296875,0.965339720249176,930.3663330078125,975.9689331054688,0.41681820154190063,826.2092895507812,978.6939697265625,0.12095726281404495,845.12646484375,873.6636352539062,0.8084635138511658,783.3993530273438,893.5847778320312,0.2073352038860321,791.8422241210938,838.7105102539062,0.9966784715652466,773.5918579101562,774.5066528320312,0.9841788411140442,866.5929565429688,785.3939819335938,0.48777174949645996
2521,85.65547180175781,117.3776626586914,0.9975213408470154,993.2739868164062,86.73038482666016,0.9998946189880371,87.86084747314453,1030.1287841796875,0.9994847774505615,1016.0760498046875,1020.053955078125,0.9926106333732605,338.0594787597656,498.26239013671875,0.9991132616996765,333.3920593261719,611.8997192382812,0.99831223487854,277.0041809082031,552.0957641601562,0.998512327671051,386.98077392578125,560.4456787109375,0.9968871474266052,715.2636108398438,498.61993408203125,0.998145580291748,756.8262939453125,715.8993530273438,0.9998134970664978,691.432373046875,599.0225830078125,0.9972819089889526,783.6812133789062,556.1708374023438,0.9747524857521057,928.1414184570312,1022.2110595703125,0.08856336027383804,885.5375366210938,1004.4627075195312,0.2179400771856308,896.052734375,995.40087890625,0.1812407374382019,837.665771484375,927.030029296875,0.3392906188964844,867.3698120117188,990.284423828125,0.3395707607269287,809.4584350585938,1005.0963745117188,0.08746742457151413,863.6442260742188,885.75634765625,0.5502706170082092,903.2611083984375,915.40478515625,0.6119518876075745,795.423095703125,833.0589599609375,0.9762652516365051,769.5684814453125,787.5965576171875,0.24844811856746674,739.3615112304688,941.1341552734375,0.20392493903636932
2522,84.30644989013672,114.97979736328125,0.9995483756065369,997.5201416015625,86.29256439208984,0.9996322393417358,88.89897155761719,1029.1280517578125,0.9995107650756836,1018.8713989257812,1020.2012939453125,0.9945694804191589,337.0540466308594,498.7814025878906,0.9986722469329834,334.3277587890625,610.448486328125,0.9986212253570557,277.5540771484375,553.6998901367188,0.9973686933517456,386.55523681640625,558.9248657226562,0.9952322840690613,714.2454833984375,499.7012023925781,0.9976268410682678,755.6785888671875,716.7459716796875,0.9998165965080261,694.3916625976562,597.5293579101562,0.9976558685302734,782.224365234375,555.1153564453125,0.962119460105896,910.5164794921875,1037.1712646484375,0.00855481531471014,887.7766723632812,996.6373291015625,0.6366308927536011,905.0054931640625,990.9286499023438,0.41181081533432007,834.6194458007812,909.7859497070312,0.9975730776786804,924.6983642578125,956.0709228515625,0.41644367575645447,830.5619506835938,975.4248657226562,0.0819019079208374,847.0133666992188,864.4737548828125,0.7849727869033813,781.3109741210938,891.4560546875,0.6619983911514282,794.4114990234375,830.4120483398438,0.9929855465888977,775.0874633789062,772.8519897460938,0.7602905035018921,420.3061218261719,494.0693664550781,0.10959618538618088
2523,84.73873901367188,115.35563659667969,0.9987101554870605,993.75439453125,83.45126342773438,0.9999198913574219,88.97827911376953,1028.9854736328125,0.9997265934944153,1018.3333740234375,1018.9876708984375,0.993683934211731,337.5311279296875,498.4451599121094,0.9990457892417908,334.1053466796875,611.7083129882812,0.9991121888160706,277.47808837890625,552.5289306640625,0.9978390336036682,389.0371398925781,559.8295288085938,0.9956067204475403,715.0223999023438,499.54022216796875,0.9958925247192383,755.5638427734375,716.6871948242188,0.9998288154602051,694.7615966796875,595.9172973632812,0.997619092464447,783.1900634765625,553.399658203125,0.9484108686447144,796.4833984375,1018.8358764648438,0.03305383026599884,886.2973022460938,1009.771484375,0.9921676516532898,877.4219970703125,962.9195556640625,0.7749747037887573,837.11376953125,920.5223388671875,0.9890071153640747,929.4962158203125,970.3704223632812,0.2549964487552643,847.8480224609375,980.9594116210938,0.24425841867923737,856.7601318359375,873.8118286132812,0.5289028882980347,785.3091430664062,875.92919921875,0.2980104386806488,797.2752075195312,830.212646484375,0.9955825209617615,779.5214233398438,769.962890625,0.9015167355537415,892.4308471679688,784.99951171875,0.07136035710573196
2524,84.96772003173828,114.86455535888672,0.9994121789932251,995.035400390625,85.27394104003906,0.9995875954627991,89.36418151855469,1028.9150390625,0.9997090697288513,1016.3267211914062,1018.2421264648438,0.998108983039856,338.294677734375,498.2820129394531,0.998855471611023,333.1476745605469,610.3165893554688,0.9977089166641235,277.1642761230469,552.9384155273438,0.9949647188186646,387.9635925292969,559.6573486328125,0.9939122200012207,715.9930419921875,499.17962646484375,0.9981538653373718,757.6756591796875,716.3800659179688,0.999823272228241,691.5418090820312,592.2965087890625,0.9940184354782104,783.3508911132812,557.6543579101562,0.9631800055503845,896.1260375976562,1037.4969482421875,0.03513909876346588,896.6844482421875,1019.935546875,0.987395167350769,891.4158935546875,1014.1196899414062,0.830046534538269,835.5550537109375,921.0322875976562,0.9689768552780151,925.2415161132812,972.8444213867188,0.9939606189727783,825.46533203125,994.4100341796875,0.23829419910907745,857.4176025390625,874.8062744140625,0.9039182066917419,778.3182373046875,910.69287109375,0.3312123417854309,799.0936889648438,833.3479614257812,0.9925544857978821,780.9248046875,770.8053588867188,0.9735836386680603,824.7691650390625,519.0726928710938,0.22368662059307098
2525,85.44760131835938,114.68533325195312,0.9988399147987366,995.4942016601562,83.31133270263672,0.9997867941856384,89.04161834716797,1027.6075439453125,0.9997774958610535,1020.0067749023438,1018.7621459960938,0.9986200332641602,336.6563415527344,498.8906555175781,0.9980954527854919,335.5072326660156,609.9400024414062,0.9991888403892517,276.9418029785156,555.1766357421875,0.995266318321228,387.4742126464844,559.0211181640625,0.9948194622993469,716.4432373046875,497.6890563964844,0.9975806474685669,756.77197265625,717.725341796875,0.9998196959495544,693.7659301757812,594.5974731445312,0.9956381916999817,784.6171264648438,552.8279418945312,0.8009915351867676,955.3638305664062,1057.3319091796875,0.0736474096775055,915.8897705078125,1032.472900390625,0.9900751709938049,908.338134765625,1013.7777709960938,0.9065163731575012,843.6668090820312,935.1018676757812,0.9597868323326111,935.5234985351562,980.342529296875,0.991031289100647,836.4447021484375,1017.4415283203125,0.2547493577003479,862.9613037109375,876.91357421875,0.9295413494110107,765.4818115234375,918.4089965820312,0.5404559373855591,799.8523559570312,836.9178466796875,0.993175208568573,782.3290405273438,769.1211547851562,0.9651458859443665,804.9065551757812,636.22998046875,0.10494286566972733
2526,84.32837677001953,116.43341827392578,0.9989845156669617,997.0457153320312,82.67434692382812,0.999875545501709,89.00208282470703,1029.2244873046875,0.9997275471687317,1019.6552124023438,1021.6473999023438,0.9987090826034546,337.5297546386719,499.0628967285156,0.99882572889328,334.601806640625,610.2894897460938,0.9986251592636108,277.4794921875,553.1909790039062,0.9968124032020569,386.41131591796875,559.399658203125,0.9929747581481934,716.1498413085938,498.99273681640625,0.997814416885376,758.0011596679688,717.4385986328125,0.9999024868011475,693.6337280273438,593.6246948242188,0.9945645332336426,783.7461547851562,548.545166015625,0.7697846293449402,970.971923828125,1058.66064453125,0.0539029985666275,944.174072265625,1026.80126953125,0.8365193605422974,932.2211303710938,1011.51318359375,0.8616777658462524,849.935302734375,943.5960693359375,0.8748487830162048,944.8135375976562,973.4600830078125,0.9838789701461792,846.5451049804688,1024.89013671875,0.9144583344459534,872.4849243164062,889.9049072265625,0.793743371963501,770.20751953125,930.2936401367188,0.6896507143974304,799.8701782226562,837.9775390625,0.9947346448898315,783.0645751953125,766.060791015625,0.9194790720939636,801.2734985351562,643.5070190429688,0.37381511926651
2527,85.27727508544922,115.3553237915039,0.9992608428001404,995.1637573242188,84.53882598876953,0.9998217225074768,88.41505432128906,1031.036865234375,0.9995050430297852,1020.2516479492188,1022.6695556640625,0.9389199018478394,338.29046630859375,499.2692565917969,0.9988419413566589,334.88372802734375,610.27685546875,0.9994292855262756,277.7660217285156,554.599365234375,0.995214581489563,387.24383544921875,559.8223266601562,0.9972518086433411,717.4397583007812,498.5885314941406,0.9976158142089844,756.7764282226562,718.3200073242188,0.9999091625213623,694.8743286132812,597.2971801757812,0.9975333213806152,783.6798706054688,547.07373046875,0.897265613079071,986.3306274414062,1073.80322265625,0.3174462616443634,944.2183227539062,1020.0050048828125,0.6760920882225037,925.5437622070312,1005.7052612304688,0.42906221747398376,853.09716796875,942.8860473632812,0.9707390069961548,943.61865234375,972.9908447265625,0.9883092641830444,854.7726440429688,1017.8717041015625,0.7469138503074646,865.6550903320312,881.612548828125,0.80849689245224,772.219482421875,933.2138671875,0.16532184183597565,799.7538452148438,839.2770385742188,0.995682954788208,783.8164672851562,767.5558471679688,0.8782504200935364,901.021484375,790.7129516601562,0.2054370492696762
2528,85.40420532226562,115.40581512451172,0.9994903802871704,996.9722900390625,82.70553588867188,0.9999266862869263,89.57859802246094,1028.6395263671875,0.999775230884552,814.8121337890625,1027.010498046875,0.7640397548675537,337.293212890625,499.6251220703125,0.9989715814590454,333.50860595703125,609.737548828125,0.9988412261009216,277.67352294921875,553.7449340820312,0.995572566986084,388.30572509765625,558.930419921875,0.9965490102767944,716.3015747070312,498.6039123535156,0.9980617165565491,756.0980834960938,717.8893432617188,0.9998394250869751,692.5165405273438,593.2214965820312,0.9984263181686401,783.2489013671875,554.0696411132812,0.9232690930366516,981.2137451171875,1074.2423095703125,0.050473809242248535,966.6180419921875,1025.7186279296875,0.9372518062591553,944.88671875,1005.156494140625,0.6636512875556946,866.602783203125,938.8655395507812,0.9634667038917542,951.0494384765625,968.302490234375,0.96878582239151,876.603759765625,1026.320068359375,0.8796627521514893,885.2327880859375,893.1766967773438,0.9296600222587585,793.9559326171875,970.0236206054688,0.16539686918258667,806.526123046875,844.9678344726562,0.9966375827789307,783.1915893554688,771.8215942382812,0.9699235558509827,877.1958618164062,767.7678833007812,0.3381005823612213
2529,85.6318588256836,114.29740142822266,0.9985942244529724,997.8045043945312,82.18479919433594,0.9998195767402649,89.29962921142578,1028.6920166015625,0.9997661709785461,814.7627563476562,1025.8524169921875,0.5546501874923706,337.4837951660156,499.19964599609375,0.9992715716362,332.7336730957031,609.4151000976562,0.9987443685531616,278.0032653808594,553.6658935546875,0.9974420070648193,387.01080322265625,558.7007446289062,0.9956839084625244,718.8496704101562,497.83660888671875,0.9957192540168762,757.4995727539062,717.45947265625,0.9999005794525146,694.2505493164062,591.797119140625,0.9959678649902344,784.0392456054688,552.4733276367188,0.9260674715042114,1053.6773681640625,1069.8646240234375,0.5515595078468323,1001.033935546875,1014.2576904296875,0.9210795164108276,919.5047607421875,1011.1373901367188,0.7295641303062439,856.2664794921875,937.4680786132812,0.9244070053100586,1060.6494140625,997.1201782226562,0.7073090672492981,888.1803588867188,1018.8253784179688,0.9601173996925354,889.491943359375,890.5679321289062,0.968535304069519,777.2683715820312,917.4158325195312,0.9085835218429565,811.6653442382812,846.6746215820312,0.9886541366577148,781.4135131835938,775.9269409179688,0.9802209138870239,854.5018310546875,740.6135864257812,0.19085800647735596
2530,82.86603546142578,114.19194030761719,0.99940025806427,997.9833984375,85.08731842041016,0.999885082244873,89.4077377319336,1029.0166015625,0.999653697013855,819.0628662109375,1025.7254638671875,0.4892309904098511,337.5318298339844,498.6916198730469,0.9990078806877136,333.991943359375,609.1823120117188,0.9984415173530579,277.4978332519531,554.6121826171875,0.9964029788970947,386.9344787597656,558.5128784179688,0.9946395754814148,717.2798461914062,500.1042785644531,0.9977462887763977,757.2193603515625,718.2686157226562,0.9999051094055176,694.2088012695312,595.3828125,0.9940760135650635,783.3861694335938,555.5135498046875,0.9042239785194397,1084.24658203125,1050.32373046875,0.44327205419540405,1014.2163696289062,990.7738647460938,0.6734644174575806,995.8221435546875,983.7650146484375,0.6844123601913452,864.8187866210938,941.8704833984375,0.8914207220077515,982.5648193359375,950.4002685546875,0.999075174331665,908.8533935546875,1020.0254516601562,0.7399221658706665,864.6259765625,891.2118530273438,0.7730125188827515,975.7423706054688,951.0220336914062,0.41428813338279724,817.3526611328125,863.2908325195312,0.39945104718208313,780.4754028320312,793.3135375976562,0.8322002291679382,447.6620788574219,1001.2821044921875,0.21308816969394684
2531,83.3068618774414,117.59989166259766,0.9997716546058655,997.4613037109375,85.26581573486328,0.999885082244873,89.83602142333984,1029.78662109375,0.9997387528419495,840.5042724609375,1024.473388671875,0.49319931864738464,340.61602783203125,499.61077880859375,0.9991738200187683,332.2847595214844,608.445068359375,0.9980877041816711,277.535400390625,552.337158203125,0.9949297308921814,386.3634033203125,558.7738647460938,0.9964174032211304,714.9298095703125,499.99139404296875,0.9991139769554138,757.2904663085938,717.5718383789062,0.9999028444290161,693.7982788085938,597.9450073242188,0.9983108043670654,782.8850708007812,549.8737182617188,0.8060380220413208,1079.9581298828125,1026.4544677734375,0.6516854166984558,1017.2383422851562,1072.5765380859375,0.7338505983352661,1008.7362060546875,1067.6934814453125,0.5890414118766785,897.5934448242188,942.0490112304688,0.9840394854545593,997.3275146484375,940.9304809570312,0.9625436067581177,958.0463256835938,1022.6840209960938,0.7644553780555725,890.6154174804688,884.3501586914062,0.3059922754764557,978.743896484375,934.4149169921875,0.5469562411308289,957.8358154296875,1020.9248046875,0.7937160730361938,782.259521484375,771.0204467773438,0.05312841013073921,784.700439453125,761.0646362304688,0.5050934553146362
2532,83.68180847167969,115.6328353881836,0.9997788071632385,997.488525390625,83.5173110961914,0.9996954202651978,88.76327514648438,1028.98486328125,0.9998639822006226,855.0087280273438,1025.4349365234375,0.538982629776001,338.7667541503906,499.7457580566406,0.9992390871047974,332.7947692871094,608.7103271484375,0.997365415096283,277.4510803222656,552.763671875,0.9934158325195312,386.3668518066406,558.7123413085938,0.9942947030067444,714.7760620117188,499.7454833984375,0.9990202188491821,757.9961547851562,716.0669555664062,0.9998949766159058,692.8328857421875,598.611083984375,0.9987070560455322,785.5517578125,550.4730224609375,0.863166093826294,1018.9910888671875,1086.4134521484375,0.21269139647483826,1004.9404907226562,971.79736328125,0.8994392156600952,988.4813232421875,963.4334106445312,0.9587563276290894,905.3623046875,942.1242065429688,0.980985164642334,993.0718994140625,938.2462158203125,0.9874719977378845,965.8169555664062,1022.4229736328125,0.7115275859832764,896.12158203125,872.9912719726562,0.07959860563278198,824.6327514648438,882.058837890625,0.7621225118637085,1009.1566772460938,917.0671997070312,0.23623327910900116,785.2595825195312,772.63818359375,0.03711240738630295,789.0769653320312,766.5906982421875,0.9695765972137451
2533,83.83484649658203,117.12001037597656,0.9998432397842407,993.5732421875,81.700439453125,0.9998606443405151,88.33136749267578,1030.8966064453125,0.9996579885482788,850.592041015625,1024.8543701171875,0.9098318815231323,337.52288818359375,499.36773681640625,0.9982835054397583,333.6803283691406,608.8601684570312,0.9980485439300537,277.06292724609375,553.1940307617188,0.9933244585990906,386.5474548339844,557.864990234375,0.9958544969558716,712.438232421875,499.5372314453125,0.9981557726860046,756.4681396484375,715.91748046875,0.9998718500137329,695.1122436523438,600.8704223632812,0.998389720916748,784.1312866210938,558.0023193359375,0.8436059951782227,1070.9036865234375,1038.212890625,0.1553216278553009,1005.5936889648438,1070.64453125,0.46439889073371887,1002.5753784179688,1063.143798828125,0.20706018805503845,911.3394165039062,939.1599731445312,0.9978627562522888,1003.2605590820312,1025.4859619140625,0.43097439408302307,914.9462280273438,1009.4837646484375,0.06017157435417175,915.7623901367188,880.9613037109375,0.6574174761772156,988.1104125976562,945.1998901367188,0.5656512379646301,928.5806274414062,1009.7645263671875,0.548865556716919,804.7636108398438,589.5068969726562,0.04155736416578293,802.0247192382812,638.9288330078125,0.15171873569488525
2534,83.3238754272461,115.70901489257812,0.9998134970664978,996.6967163085938,82.11358642578125,0.9999520778656006,88.79141235351562,1031.63916015625,0.9996551275253296,852.7116088867188,1023.173583984375,0.9339521527290344,339.3252868652344,499.5575256347656,0.9986520409584045,331.7143249511719,609.2960815429688,0.9981087446212769,277.1285095214844,552.6095581054688,0.9976256489753723,386.9260559082031,559.6737060546875,0.9959371089935303,714.30908203125,499.79974365234375,0.9992075562477112,758.6702880859375,717.0366821289062,0.9998210072517395,693.30078125,600.1599731445312,0.9981437921524048,788.2644653320312,578.12744140625,0.6636561751365662,1039.8680419921875,1049.99365234375,0.02527806907892227,1025.1328125,1035.531494140625,0.6095023155212402,1039.374755859375,1039.8167724609375,0.36761152744293213,914.0851440429688,941.98046875,0.9521142244338989,1037.847412109375,1069.1644287109375,0.10262501239776611,951.4959106445312,1027.440673828125,0.9316614270210266,912.0857543945312,879.4671020507812,0.6734374761581421,860.5076904296875,881.1344604492188,0.5502946376800537,854.3797607421875,809.2947387695312,0.07670789211988449,803.1466674804688,590.386962890625,0.02970319427549839,852.1461181640625,807.6654663085938,0.21171270310878754
2535,83.84982299804688,117.2575912475586,0.9998273253440857,996.0424194335938,82.59418487548828,0.9999688863754272,88.71015167236328,1029.8333740234375,0.9996966123580933,854.0599975585938,1023.7659301757812,0.9600348472595215,338.4681701660156,499.28302001953125,0.998866081237793,331.5369567871094,608.7792358398438,0.9985237717628479,277.1775817871094,553.19091796875,0.9976629018783569,386.7518005371094,559.0462036132812,0.9922756552696228,713.0780639648438,500.5292053222656,0.9990917444229126,756.4009399414062,716.0108032226562,0.9998251795768738,693.5571899414062,598.5201416015625,0.9988588094711304,784.2652587890625,554.01513671875,0.8449780344963074,1005.8892211914062,1090.0272216796875,0.3494497835636139,995.4794311523438,1041.0980224609375,0.910455048084259,1048.6591796875,977.9979248046875,0.6174141764640808,920.68017578125,950.2469482421875,0.9989456534385681,1027.1829833984375,957.4650268554688,0.6859769821166992,924.91796875,1018.224853515625,0.858847439289093,932.889892578125,893.4965209960938,0.939020037651062,861.525390625,883.5908813476562,0.7233377695083618,886.0995483398438,867.4938354492188,0.985109806060791,838.2182006835938,786.2827758789062,0.8941759467124939,838.2921752929688,784.0615234375,0.5635744333267212
2536,85.16839599609375,117.77781677246094,0.9997848868370056,998.2506103515625,82.7240982055664,0.9998424053192139,87.86922454833984,1028.255615234375,0.9997660517692566,851.116455078125,1024.887939453125,0.7707401514053345,339.18218994140625,499.4249572753906,0.9988852143287659,331.3234558105469,608.7433471679688,0.997784435749054,276.8162841796875,551.132568359375,0.9983094930648804,386.7156982421875,560.6414794921875,0.9954845905303955,714.5711059570312,499.9560852050781,0.9988704323768616,753.8963012695312,715.031494140625,0.9997683167457581,694.9711303710938,598.65087890625,0.9985156655311584,783.7246704101562,548.7642211914062,0.7269572019577026,1079.0731201171875,982.78955078125,0.24977628886699677,1043.9354248046875,994.8526000976562,0.935772180557251,959.739990234375,1016.7285766601562,0.8676374554634094,926.443603515625,949.4374389648438,0.9749293327331543,1017.045166015625,975.6124877929688,0.9927080273628235,916.8457641601562,1007.816650390625,0.8426089882850647,840.1123657226562,958.1241455078125,0.28111934661865234,867.068115234375,885.5811157226562,0.35190609097480774,884.2371826171875,866.4697265625,0.9979537725448608,840.8399658203125,784.9992065429688,0.9410988688468933,879.8473510742188,868.0065307617188,0.09073082357645035
2537,83.12415313720703,118.20015716552734,0.9993657469749451,996.197509765625,82.23793029785156,0.9998934268951416,88.45711517333984,1029.4481201171875,0.999800980091095,1053.2315673828125,1084.5726318359375,0.441398948431015,337.8439025878906,499.0619812011719,0.9988217949867249,331.6583557128906,608.1796875,0.9981756210327148,276.541748046875,552.6778564453125,0.9984117746353149,387.00958251953125,558.7996215820312,0.9947876930236816,711.9805297851562,500.8223876953125,0.9972513318061829,756.7949829101562,717.8094482421875,0.9997336268424988,694.551025390625,598.72265625,0.9978308081626892,784.2125854492188,555.20556640625,0.9014540910720825,1022.9752197265625,1031.879638671875,0.709721028804779,948.9674072265625,1056.389404296875,0.19696149230003357,947.7670288085938,1026.8629150390625,0.8591381907463074,915.9404296875,948.410400390625,0.9957083463668823,1010.5541381835938,990.520263671875,0.8755719661712646,914.3477172851562,1007.9680786132812,0.9672549962997437,954.3850708007812,906.6732788085938,0.8419392108917236,847.9271240234375,919.2796630859375,0.819270670413971,880.3984375,863.0988159179688,0.9947850108146667,844.7664184570312,779.2764892578125,0.8843967914581299,824.09423828125,754.6773681640625,0.03714689612388611
2538,82.68787384033203,115.04649353027344,0.9996892213821411,994.4420166015625,84.44746398925781,0.9999165534973145,89.37548828125,1030.49072265625,0.9996140599250793,1033.0831298828125,1084.8970947265625,0.385423868894577,339.26031494140625,499.3097839355469,0.9989485144615173,330.41973876953125,608.4221801757812,0.9980124235153198,276.9863586425781,551.3396606445312,0.9961010217666626,386.8668518066406,559.0565795898438,0.9926829934120178,715.6719970703125,500.08050537109375,0.9972054362297058,757.881103515625,718.0189819335938,0.9998701810836792,693.6864624023438,599.0152587890625,0.998704195022583,782.6212158203125,555.4384765625,0.8962430357933044,1020.0228881835938,1068.9354248046875,0.040176644921302795,936.7467651367188,1040.884521484375,0.48640528321266174,931.9498291015625,1020.2766723632812,0.9624146223068237,919.63037109375,947.582275390625,0.999144434928894,1000.1575927734375,1031.459716796875,0.34415483474731445,893.1658935546875,1019.5517578125,0.9187913537025452,961.099609375,908.9317016601562,0.9167615175247192,847.099365234375,921.6265258789062,0.9308269619941711,879.4440307617188,863.26416015625,0.9953566193580627,842.5870971679688,772.558349609375,0.9508123993873596,837.4246826171875,772.0433959960938,0.19370444118976593
2539,83.53804779052734,117.56183624267578,0.9998050332069397,992.8623657226562,87.81468963623047,0.9995447993278503,89.19835662841797,1030.9490966796875,0.9995922446250916,1023.827880859375,1021.1302490234375,0.9480641484260559,339.1476745605469,499.3359680175781,0.998761773109436,331.488037109375,607.9957275390625,0.9978659749031067,276.96417236328125,551.3717651367188,0.9973478317260742,387.1602478027344,558.2962036132812,0.9921859502792358,714.6783447265625,499.3137512207031,0.9931788444519043,757.3317260742188,717.6214599609375,0.9998522996902466,692.0037841796875,599.8341064453125,0.9980788230895996,781.6897583007812,554.4264526367188,0.898563802242279,1003.597412109375,1086.2117919921875,0.12297836691141129,945.4925537109375,1069.16552734375,0.25647032260894775,930.8401489257812,1031.603271484375,0.7296148538589478,920.57080078125,958.2474975585938,0.9929301142692566,980.7095947265625,1035.3106689453125,0.6174314022064209,884.353515625,1036.267578125,0.19786421954631805,941.7371215820312,903.7063598632812,0.903982400894165,846.2425537109375,912.848876953125,0.8922306299209595,879.7639770507812,870.4974365234375,0.9870330095291138,841.2789306640625,770.8973999023438,0.9868153929710388,835.6215209960938,764.090576171875,0.873944878578186
2540,83.3787841796875,117.79383087158203,0.9995658993721008,995.6258544921875,87.0300521850586,0.9997808337211609,90.46172332763672,1028.83740234375,0.9997979998588562,1026.47705078125,1020.3137817382812,0.9947799444198608,338.37066650390625,499.48211669921875,0.9988308548927307,331.44110107421875,608.139892578125,0.9986623525619507,277.06622314453125,551.9395141601562,0.9966526627540588,386.6451721191406,557.6395874023438,0.9945951104164124,714.2931518554688,499.6410217285156,0.9967676401138306,757.072509765625,716.1708984375,0.9999121427536011,694.2799072265625,600.7003173828125,0.9977030158042908,782.5369873046875,554.9097290039062,0.883846640586853,863.3942260742188,1040.9981689453125,0.20738613605499268,900.029296875,1028.9874267578125,0.4341420531272888,909.793212890625,1018.1071166992188,0.9807944893836975,912.8557739257812,954.4490966796875,0.995096743106842,982.9683227539062,1027.3824462890625,0.51458340883255,860.2470703125,1016.4737548828125,0.9438134431838989,973.0064086914062,941.3865966796875,0.5356144309043884,841.5380249023438,923.5872802734375,0.8728141188621521,872.5089721679688,872.0861206054688,0.980803906917572,843.5064697265625,773.8525390625,0.9767009615898132,835.9298095703125,763.7786254882812,0.6575592160224915
2541,84.71099090576172,118.75918579101562,0.9996304512023926,997.5582275390625,84.13345336914062,0.9998194575309753,89.55302429199219,1031.9820556640625,0.9996498823165894,1024.184326171875,1020.6893920898438,0.9993973970413208,337.4422912597656,499.08782958984375,0.999045193195343,332.66290283203125,608.6713256835938,0.9987090826034546,277.40277099609375,553.3264770507812,0.9955291152000427,386.6853332519531,557.3941040039062,0.9945566654205322,713.9021606445312,498.62310791015625,0.9857991933822632,757.1671752929688,716.9907836914062,0.9999009370803833,693.9369506835938,599.6544189453125,0.9973342418670654,781.316650390625,554.2507934570312,0.8850947022438049,863.3648681640625,1043.7601318359375,0.010162272490561008,895.407958984375,1027.71630859375,0.9564659595489502,909.5658569335938,1016.1719970703125,0.9993891716003418,917.4263305664062,960.4099731445312,0.9979816675186157,956.847412109375,1042.7374267578125,0.8394988775253296,846.2767333984375,1013.58203125,0.8099115490913391,910.6087036132812,898.4437255859375,0.5830538272857666,848.3258666992188,921.9329833984375,0.3482820391654968,870.3613891601562,875.9209594726562,0.9924342632293701,851.3382568359375,771.939208984375,0.9254885911941528,841.2846069335938,745.8397827148438,0.7616946697235107
2542,84.55119323730469,118.48546600341797,0.9997391104698181,996.4713745117188,85.08230590820312,0.999871015548706,89.71035766601562,1030.3765869140625,0.9997958540916443,1020.059326171875,1021.3526611328125,0.9968564510345459,338.80755615234375,499.2305603027344,0.9990591406822205,331.1531677246094,609.4046020507812,0.99783855676651,276.86163330078125,550.9616088867188,0.9973160624504089,386.25994873046875,560.086181640625,0.9928277134895325,718.5499877929688,499.4761657714844,0.9882491827011108,755.3471069335938,715.9312744140625,0.9999396800994873,694.9390258789062,598.3570556640625,0.991973876953125,782.9693603515625,545.845947265625,0.7423385977745056,851.0730590820312,1047.1204833984375,0.18778561055660248,889.8702392578125,1036.5401611328125,0.1321067065000534,906.1525268554688,1024.1607666015625,0.9769517779350281,888.0802001953125,949.717529296875,0.7410937547683716,939.6273193359375,1049.5509033203125,0.6262118220329285,855.9522094726562,1012.031982421875,0.43575921654701233,924.1224365234375,933.341552734375,0.705337405204773,860.1614990234375,992.3836669921875,0.0333438478410244,865.0140380859375,880.7366333007812,0.9975290894508362,846.6182250976562,764.150634765625,0.33250412344932556,831.5523681640625,727.1964721679688,0.9688211679458618
2543,84.12090301513672,115.94677734375,0.9998689889907837,997.7928466796875,84.05339813232422,0.9999526739120483,90.24235534667969,1030.1234130859375,0.9997053742408752,1019.6424560546875,1024.21142578125,0.9884387850761414,338.76251220703125,499.6756591796875,0.9991378784179688,330.6528625488281,608.7664794921875,0.9990991353988647,277.51318359375,550.9662475585938,0.996928870677948,386.26123046875,557.83642578125,0.990361213684082,715.8198852539062,500.955078125,0.987467348575592,756.9630737304688,716.6715698242188,0.9998997449874878,695.1885375976562,599.9098510742188,0.997272789478302,783.3999633789062,550.5050048828125,0.8017874956130981,819.9508666992188,1045.2276611328125,0.035329669713974,857.1852416992188,1036.2506103515625,0.1939733922481537,879.0824584960938,1026.5345458984375,0.7852700352668762,877.8899536132812,975.1847534179688,0.968838632106781,901.9038696289062,1060.1204833984375,0.22701482474803925,836.5045166015625,1027.142578125,0.056061916053295135,912.13232421875,934.2586669921875,0.7437984943389893,932.6396484375,987.5562133789062,0.1165255755186081,861.6033935546875,884.5715942382812,0.9963687658309937,847.1594848632812,761.9415893554688,0.62996906042099,842.2030639648438,745.2135009765625,0.6460580825805664
2544,84.26144409179688,117.15226745605469,0.9997125267982483,995.9736328125,82.81642150878906,0.9999208450317383,89.18099975585938,1030.8123779296875,0.9997528195381165,1019.9115600585938,1024.033203125,0.9950012564659119,339.5993957519531,499.5015869140625,0.9989443421363831,330.6132507324219,609.7509155273438,0.9989570379257202,276.7914733886719,551.80517578125,0.9963617920875549,386.9814758300781,559.0765380859375,0.9933382272720337,715.3116455078125,500.33477783203125,0.997471809387207,756.287353515625,718.0955200195312,0.9999072551727295,694.5578002929688,599.6669921875,0.9975231289863586,783.4114379882812,554.8758544921875,0.787537157535553,755.4867553710938,1020.5154418945312,0.0031122704967856407,822.6404418945312,1042.765380859375,0.09881064295768738,847.254150390625,1029.137939453125,0.9609309434890747,874.8013305664062,979.6716918945312,0.9958701729774475,874.7794799804688,1057.161376953125,0.7235426902770996,785.1712036132812,1007.0367431640625,0.1106523647904396,904.8969116210938,938.5287475585938,0.8609607219696045,799.2902221679688,928.7948608398438,0.7204774618148804,857.3456420898438,890.5302734375,0.996619462966919,848.4271240234375,765.87255859375,0.20891869068145752,835.7506103515625,713.2163696289062,0.6925044655799866
2545,84.86238098144531,115.76432800292969,0.9996774196624756,993.2525024414062,84.93982696533203,0.9998230338096619,89.22640991210938,1028.3719482421875,0.9998168349266052,1019.7875366210938,1023.4114379882812,0.9981568455696106,337.1406555175781,499.6475830078125,0.9985265731811523,330.7021789550781,609.02099609375,0.9986962676048279,276.836669921875,551.3833618164062,0.9973747730255127,386.1266784667969,558.6166381835938,0.9929472208023071,717.071044921875,501.01904296875,0.9917781352996826,755.7833862304688,718.00439453125,0.9997718930244446,693.4482421875,600.1160888671875,0.9981529116630554,784.0891723632812,555.2424926757812,0.7475214600563049,812.9365234375,1084.446533203125,0.010379073210060596,796.0452880859375,1038.638671875,0.046156637370586395,827.3203735351562,1028.4393310546875,0.9813342690467834,854.8391723632812,974.196044921875,0.9911655783653259,831.18310546875,1067.6639404296875,0.9724587202072144,763.3641967773438,987.0337524414062,0.09502853453159332,764.3289794921875,980.8883666992188,0.2327646017074585,816.182861328125,915.24267578125,0.21227708458900452,850.7626342773438,882.4136352539062,0.9988433122634888,849.40869140625,769.71826171875,0.33537307381629944,843.9365844726562,756.1255493164062,0.762333869934082
2546,83.7916030883789,115.32667541503906,0.9996533393859863,997.1187133789062,84.12654876708984,0.9999614953994751,90.32141876220703,1029.5638427734375,0.9997643828392029,1020.6085815429688,1021.3999633789062,0.9977505803108215,338.11212158203125,500.0824279785156,0.9991162419319153,331.3116760253906,608.921142578125,0.9986625909805298,276.77703857421875,551.8526000976562,0.9973669648170471,386.7137756347656,556.9774780273438,0.9926347136497498,714.5330810546875,500.6028137207031,0.9921851754188538,755.8944091796875,718.51123046875,0.9998539686203003,695.4630126953125,599.2102661132812,0.998690664768219,783.8028564453125,555.563720703125,0.8656861782073975,737.4848022460938,1037.417724609375,0.05380278825759888,756.8446044921875,1037.1634521484375,0.6367025375366211,796.126708984375,1026.2113037109375,0.9455686211585999,849.6834106445312,975.38134765625,0.9637613892555237,837.1346435546875,1058.362060546875,0.8045127987861633,758.9977416992188,992.64013671875,0.843790590763092,890.0738525390625,940.2828369140625,0.43697401881217957,839.9583129882812,892.952392578125,0.054991766810417175,851.0706787109375,883.2416381835938,0.9965443015098572,850.8803100585938,772.7645263671875,0.06169534847140312,845.8869018554688,760.6127319335938,0.6525894403457642
2547,85.17532348632812,116.42021942138672,0.9995436072349548,996.2642822265625,82.9238052368164,0.9999624490737915,90.20903778076172,1027.3988037109375,0.9998999834060669,1022.0645751953125,1022.1984252929688,0.996840238571167,338.3984680175781,499.4941101074219,0.9991816878318787,331.43707275390625,609.2644653320312,0.9990418553352356,277.1142272949219,552.8785400390625,0.9963208436965942,387.2503356933594,558.1669311523438,0.9949058294296265,714.7161865234375,499.7720642089844,0.9951196908950806,756.3323364257812,719.1072387695312,0.9998427629470825,694.6383056640625,599.267822265625,0.9984263181686401,782.8807373046875,549.0091552734375,0.7157841324806213,717.7842407226562,1037.874755859375,0.0070871920324862,756.371826171875,1020.0029907226562,0.21881556510925293,772.975341796875,1014.15869140625,0.500573456287384,838.8919067382812,989.32470703125,0.991524338722229,806.4652099609375,1067.022216796875,0.9409244656562805,755.198974609375,977.6510009765625,0.9556314945220947,881.7727661132812,949.1205444335938,0.6385390162467957,889.2122802734375,1002.9703369140625,0.09690157324075699,845.8234252929688,895.5541381835938,0.9554573893547058,855.9688720703125,803.4065551757812,0.34730133414268494,847.8606567382812,758.0044555664062,0.5434060096740723
2548,85.56444549560547,115.70586395263672,0.9994718432426453,995.1729736328125,87.48828125,0.9998866319656372,90.17981719970703,1028.769287109375,0.9998531341552734,1022.21142578125,1022.648193359375,0.9988085031509399,338.0814514160156,499.3609924316406,0.9990805387496948,332.0846862792969,609.799072265625,0.9987815022468567,277.0049133300781,552.234375,0.9975322484970093,386.61383056640625,557.1852416992188,0.9958095550537109,715.1672973632812,500.12652587890625,0.9934988021850586,758.0530395507812,717.6557006835938,0.999840259552002,691.9716186523438,594.6852416992188,0.9985381364822388,783.1588745117188,554.957763671875,0.9470993876457214,703.0232543945312,1036.7301025390625,0.1243315041065216,741.3313598632812,1010.1680297851562,0.93736732006073,763.514892578125,1010.1757202148438,0.8751944303512573,828.236083984375,968.3622436523438,0.9520878195762634,793.772216796875,1053.56689453125,0.957335889339447,763.7626953125,966.1471557617188,0.9395962357521057,862.9619750976562,939.1021728515625,0.19353939592838287,791.1552124023438,914.5308837890625,0.7384127378463745,840.83544921875,883.58642578125,0.9931833148002625,855.0657958984375,790.3916015625,0.12874555587768555,838.8778686523438,731.6923217773438,0.8294467329978943
2549,82.05416870117188,114.70928192138672,0.9984201192855835,998.885986328125,82.77862548828125,0.9998445510864258,89.52865600585938,1029.17724609375,0.9997765421867371,1022.4324340820312,1021.9910888671875,0.9982172846794128,338.08905029296875,499.3347473144531,0.9990900754928589,331.87841796875,610.3486328125,0.9987102746963501,276.63763427734375,551.8875732421875,0.9934185743331909,386.9377136230469,557.772705078125,0.9942964911460876,715.4060668945312,499.53997802734375,0.9631145000457764,757.5470581054688,718.74462890625,0.9998745918273926,691.7674560546875,596.9762573242188,0.9990909099578857,783.072021484375,555.5514526367188,0.8655253648757935,658.9013061523438,1022.9251708984375,0.6863619089126587,745.9476318359375,1010.5421752929688,0.99905925989151,764.1184692382812,1005.2122802734375,0.9979923963546753,815.522705078125,956.168212890625,0.9799455404281616,831.9443969726562,1025.1995849609375,0.2702373266220093,724.6878662109375,964.900634765625,0.9090990424156189,866.9403076171875,966.4592895507812,0.10467823594808578,772.326416015625,906.1405029296875,0.31511983275413513,840.5609741210938,878.1351318359375,0.9978041052818298,858.4988403320312,783.0930786132812,0.7028036713600159,923.4877319335938,673.893798828125,0.4045335650444031
2550,83.62838745117188,114.01603698730469,0.9993139505386353,997.5269775390625,86.1375503540039,0.9998310804367065,89.9241714477539,1029.372314453125,0.9998316764831543,1020.7240600585938,1023.7127685546875,0.9988303780555725,339.5857849121094,499.21783447265625,0.9988549947738647,331.1157531738281,610.5792846679688,0.9987547397613525,276.73358154296875,552.5307006835938,0.9970822930335999,386.5901794433594,560.3486328125,0.9939663410186768,712.2335205078125,501.7939758300781,0.986939549446106,756.9888305664062,717.6785278320312,0.9999417066574097,693.1441040039062,599.6949462890625,0.9972091317176819,783.1470336914062,554.1000366210938,0.621892511844635,636.0094604492188,984.3170776367188,0.7978634834289551,685.3518676757812,993.32666015625,0.9128494262695312,729.1378173828125,992.4839477539062,0.9320113062858582,786.650634765625,952.2003784179688,0.4531465768814087,698.4035034179688,1038.92822265625,0.46700817346572876,710.6360473632812,947.6500854492188,0.5204133987426758,707.1344604492188,947.7924194335938,0.09565868973731995,702.0292358398438,1035.2677001953125,0.026925787329673767,840.2412719726562,870.2909545898438,0.9848928451538086,860.8184814453125,786.1541748046875,0.38223621249198914,860.9509887695312,764.4285888671875,0.128915935754776
2551,83.80548858642578,117.9974594116211,0.9995355606079102,994.9185180664062,84.2635726928711,0.9999297857284546,89.37989807128906,1030.052978515625,0.999790370464325,1021.1264038085938,1022.8773193359375,0.9993382096290588,339.5805358886719,499.6575012207031,0.9991939663887024,330.73431396484375,609.819580078125,0.9992212057113647,277.70623779296875,552.2205810546875,0.9981961846351624,386.8173522949219,558.0235595703125,0.9929354786872864,716.583251953125,499.3836364746094,0.9959455132484436,756.9360961914062,717.8318481445312,0.9998584985733032,691.3880004882812,594.2577514648438,0.9943361878395081,784.52099609375,565.5256958007812,0.930109441280365,568.142822265625,951.6201782226562,0.7761170268058777,599.950927734375,946.6427001953125,0.9864111542701721,612.124755859375,947.1334838867188,0.7780502438545227,777.55908203125,947.3900146484375,0.39713311195373535,633.2356567382812,993.1189575195312,0.05463451147079468,698.828857421875,929.8287353515625,0.07949862629175186,680.9396362304688,920.623779296875,0.8643501400947571,841.9220581054688,952.280029296875,0.09839349240064621,839.8085327148438,872.6551513671875,0.998904824256897,863.373046875,784.6358642578125,0.7417421340942383,858.133056640625,763.6106567382812,0.16893185675144196
2552,85.54734802246094,115.66812133789062,0.9995274543762207,995.5803833007812,85.05748748779297,0.9999145269393921,89.92476654052734,1028.9337158203125,0.999808132648468,1022.776123046875,1022.4800415039062,0.998314380645752,339.46307373046875,499.6599426269531,0.9992648959159851,330.9634704589844,610.100830078125,0.9989444613456726,277.2383728027344,552.3615112304688,0.9974326491355896,386.9252014160156,557.9829711914062,0.9943457245826721,717.0176391601562,499.06170654296875,0.9876773953437805,757.0336303710938,717.878662109375,0.9998958110809326,695.4201049804688,598.6454467773438,0.9962813258171082,785.4042358398438,569.5498657226562,0.8890240788459778,527.7736206054688,911.1072387695312,0.8610557913780212,627.6936645507812,925.7677612304688,0.4988160729408264,657.6920166015625,923.56787109375,0.41938069462776184,743.4700927734375,945.66943359375,0.8878124952316284,647.1359252929688,1029.08740234375,0.005621723365038633,674.7721557617188,888.2479248046875,0.9696043729782104,819.6031494140625,959.3419189453125,0.9686276316642761,748.7013549804688,877.5910034179688,0.21418936550617218,837.08544921875,878.1841430664062,0.9984021782875061,864.7703247070312,784.7998657226562,0.7358633279800415,859.0170288085938,763.9064331054688,0.3645242750644684
2553,85.01904296875,116.27301025390625,0.9995075464248657,996.1921997070312,84.57028198242188,0.9999617338180542,90.23455047607422,1030.0552978515625,0.9997252821922302,1022.5803833007812,1022.4109497070312,0.9987688660621643,336.81817626953125,499.2329406738281,0.9990793466567993,332.2672119140625,609.9639892578125,0.9985548853874207,277.09832763671875,553.6967163085938,0.9936652183532715,387.16461181640625,556.1005859375,0.9887973666191101,710.8955688476562,500.9884033203125,0.9951217770576477,757.11962890625,716.952392578125,0.999861478805542,694.80419921875,596.2045288085938,0.9957911968231201,783.7420654296875,556.4986572265625,0.8018125891685486,504.40008544921875,899.7197875976562,0.9962494969367981,596.23779296875,908.8728637695312,0.866151750087738,626.4403076171875,909.596435546875,0.9593726992607117,735.4287109375,929.81005859375,0.930381715297699,751.7338256835938,863.6985473632812,0.005438248626887798,653.92919921875,876.1549682617188,0.9877325296401978,664.506103515625,881.7246704101562,0.8108790516853333,763.3616333007812,870.7808227539062,0.7087889313697815,831.1371459960938,878.61474609375,0.9980904459953308,863.0818481445312,788.946533203125,0.10163767635822296,860.2677612304688,766.279541015625,0.19243192672729492
2554,84.12969970703125,116.53658294677734,0.9997828602790833,994.1390991210938,82.1703109741211,0.9998412132263184,88.7934341430664,1028.7744140625,0.9997192025184631,1018.3809814453125,1022.6435546875,0.9988755583763123,338.9776611328125,499.197021484375,0.9991102814674377,330.73590087890625,609.6587524414062,0.999098539352417,277.1123962402344,551.1100463867188,0.9975866079330444,386.6908874511719,557.8489990234375,0.9951861500740051,714.3777465820312,500.8677673339844,0.9969306588172913,758.3506469726562,716.7953491210938,0.99986732006073,695.7337036132812,596.4199829101562,0.9890284538269043,784.414306640625,566.3264770507812,0.9394775032997131,482.95733642578125,897.8372802734375,0.999772846698761,571.97607421875,894.3551635742188,0.9602014422416687,599.5353393554688,895.0697021484375,0.9289113283157349,708.53857421875,918.681640625,0.9712786078453064,601.8245239257812,955.0789794921875,0.5335145592689514,629.0506591796875,862.9143676757812,0.9047876000404358,745.7255859375,967.8261108398438,0.9249603748321533,750.0396118164062,865.9110717773438,0.9352765083312988,826.9390258789062,874.0155639648438,0.9825668931007385,856.6936645507812,795.6965942382812,0.566723644733429,883.7020874023438,739.522216796875,0.07038138806819916
2555,84.08042907714844,115.27840423583984,0.9986960291862488,996.8738403320312,84.70499420166016,0.9999393224716187,89.9403076171875,1030.482421875,0.9994813799858093,1021.3685302734375,1022.0838623046875,0.9991648197174072,338.1708679199219,499.27978515625,0.9992365837097168,332.1197204589844,610.0033569335938,0.9988161325454712,277.189697265625,551.5665893554688,0.9963177442550659,387.36785888671875,557.5158081054688,0.9899381399154663,712.072265625,501.35040283203125,0.9953693747520447,756.4445190429688,715.75341796875,0.9998874664306641,695.240478515625,595.8748779296875,0.9923668503761292,783.3173828125,566.1943359375,0.8007553219795227,468.4816589355469,916.1840209960938,0.9950424432754517,537.9583740234375,888.8346557617188,0.9743250012397766,579.094970703125,887.2070922851562,0.9765340089797974,683.4442138671875,908.6732177734375,0.9489437937736511,587.4161987304688,943.9786987304688,0.9982684850692749,601.7918090820312,851.3915405273438,0.9909403324127197,721.58837890625,962.2845458984375,0.7418676614761353,745.1304321289062,859.4854736328125,0.841378390789032,819.5731811523438,881.4074096679688,0.8127323985099792,854.474853515625,794.4085083007812,0.01077289879322052,853.5555419921875,782.4871215820312,0.3697931170463562
2556,82.57624816894531,112.62073516845703,0.9996354579925537,996.3911743164062,81.53313446044922,0.9999256134033203,89.71949768066406,1029.8739013671875,0.9996336698532104,1019.3822631835938,1022.6732788085938,0.9988992214202881,338.79547119140625,499.308349609375,0.9990363121032715,331.5152282714844,609.495849609375,0.998557984828949,277.2247619628906,552.1555786132812,0.9954079985618591,387.4476318359375,558.1636352539062,0.9940980672836304,716.7218627929688,500.8630676269531,0.9960869550704956,757.1293334960938,715.8466796875,0.9998779296875,696.7299194335938,596.6596069335938,0.9955429434776306,784.0208740234375,565.8892211914062,0.8118578195571899,441.6948547363281,942.234130859375,0.9840227365493774,502.9305725097656,909.187255859375,0.9773763418197632,529.273681640625,899.3806762695312,0.9953422546386719,665.3268432617188,904.2314453125,0.9556612372398376,560.032470703125,947.5547485351562,0.9857112765312195,537.953857421875,863.6986694335938,0.8584749698638916,733.6666870117188,958.8903198242188,0.8569393754005432,732.5879516601562,855.5680541992188,0.8810228705406189,816.716552734375,866.953369140625,0.20376883447170258,840.7518920898438,902.6939086914062,0.011509684845805168,858.7403564453125,658.1664428710938,0.5098801255226135
2557,84.10921478271484,116.93038940429688,0.9994243383407593,994.7821044921875,83.33161926269531,0.9998992681503296,88.72225189208984,1028.367919921875,0.9996022582054138,1017.8621826171875,1023.5763549804688,0.9982545971870422,338.48773193359375,499.2438659667969,0.9994986057281494,331.8339538574219,610.2217407226562,0.9980949759483337,276.86370849609375,552.0455932617188,0.9942277669906616,387.28533935546875,558.8489990234375,0.9943580031394958,715.5036010742188,501.61627197265625,0.995080828666687,757.9407958984375,717.194580078125,0.9997662901878357,692.4986572265625,592.702392578125,0.9948815107345581,784.5418090820312,556.0333251953125,0.7852141261100769,435.98291015625,961.5093994140625,0.9984914064407349,502.6722717285156,920.5689697265625,0.9992153644561768,525.0210571289062,912.311279296875,0.9918199777603149,650.5213012695312,902.7113647460938,0.9795029163360596,560.444091796875,961.5003662109375,0.9961265921592712,549.2723999023438,862.9367065429688,0.9461280703544617,702.1420288085938,951.6636962890625,0.9592402577400208,707.2655639648438,849.9840698242188,0.9866788983345032,767.1502685546875,886.2122802734375,0.9974772334098816,849.9613037109375,765.1697998046875,0.24828551709651947,847.4694213867188,743.3330688476562,0.8127302527427673
2558,83.05621337890625,116.19589233398438,0.9997932314872742,998.3591918945312,81.36882019042969,0.9998182654380798,88.94784545898438,1029.024658203125,0.9997124075889587,1020.5051879882812,1022.7549438476562,0.9982131719589233,338.5630187988281,499.4212951660156,0.9993140697479248,332.0236511230469,609.7957763671875,0.9989765882492065,276.5713806152344,552.9450073242188,0.9974483251571655,387.13079833984375,558.801513671875,0.9969497323036194,715.80224609375,502.2671203613281,0.9978565573692322,757.8641967773438,717.850341796875,0.9997949004173279,694.266357421875,593.9996948242188,0.9959188103675842,785.2921142578125,567.31884765625,0.9551674127578735,444.2103576660156,975.630126953125,0.9901096820831299,500.2491149902344,927.9271850585938,0.9783299565315247,525.8982543945312,916.0678100585938,0.9945161938667297,619.514892578125,898.3775634765625,0.9905022382736206,559.8180541992188,967.385986328125,0.9471887946128845,527.7736206054688,858.7196655273438,0.40087708830833435,675.5503540039062,943.4522094726562,0.9955894947052002,668.8778686523438,835.2988891601562,0.993471622467041,723.3038330078125,873.8194580078125,0.9982138872146606,817.9178466796875,843.033935546875,0.9483901858329773,850.2432250976562,664.6591186523438,0.3014942705631256
2559,84.0277328491211,115.66397857666016,0.9997492432594299,996.49853515625,82.93421936035156,0.9998201727867126,89.5494155883789,1029.7347412109375,0.9996877908706665,1018.5032958984375,1023.1129150390625,0.9987241625785828,337.9630126953125,499.3623962402344,0.9991886019706726,332.86553955078125,609.9497680664062,0.9988027811050415,276.7388000488281,553.2692260742188,0.9963124394416809,387.29827880859375,557.9149780273438,0.9951543807983398,715.720947265625,501.975830078125,0.9977346658706665,758.1383056640625,717.5078125,0.99982088804245,695.7027587890625,596.1409912109375,0.9965764880180359,783.6864013671875,549.685546875,0.821120023727417,468.460693359375,1009.5091552734375,0.929649829864502,479.4568176269531,989.6829833984375,0.29262369871139526,511.9892578125,946.3285522460938,0.1590064913034439,595.6512451171875,887.8185424804688,0.9923357367515564,556.642578125,973.0935668945312,0.7374138832092285,509.3429870605469,874.548583984375,0.5866559743881226,664.8663330078125,923.323486328125,0.8882046341896057,561.119384765625,968.5557861328125,0.26610153913497925,476.4617919921875,994.1831665039062,0.3366031348705292,784.9049072265625,847.8684692382812,0.1486838012933731,826.1463623046875,828.15966796875,0.20761804282665253
2560,83.92083740234375,116.86262512207031,0.9996229410171509,995.3092651367188,83.42274475097656,0.9999301433563232,90.60420989990234,1028.6524658203125,0.9998818635940552,1019.9349365234375,1023.2019653320312,0.9993014335632324,338.1114196777344,499.5826110839844,0.9992560744285583,332.8624572753906,609.6738891601562,0.9992332458496094,276.59722900390625,553.6255493164062,0.9972399473190308,387.3426513671875,558.4547119140625,0.9964476823806763,716.814208984375,501.2991638183594,0.9978840947151184,758.080078125,716.6016235351562,0.999701201915741,694.8010864257812,593.7249755859375,0.9970581531524658,785.0371704101562,565.9526977539062,0.9112257957458496,505.4075012207031,1060.2493896484375,0.36863234639167786,508.7806396484375,1029.163330078125,0.6647551655769348,511.65533447265625,1006.5838623046875,0.8072099089622498,585.4510498046875,887.6666259765625,0.8557940721511841,591.7516479492188,956.034423828125,0.8247624635696411,479.3106994628906,958.5654296875,0.5975126624107361,658.8902587890625,920.0260009765625,0.8649062514305115,617.0916137695312,830.7764282226562,0.338268518447876,692.2455444335938,844.9080200195312,0.999022364616394,788.7757568359375,828.8701782226562,0.4424290955066681,870.0452270507812,763.8225708007812,0.6020783185958862
2561,83.89982604980469,114.590576171875,0.9998477697372437,993.8746337890625,83.77584838867188,0.9998273849487305,89.34639739990234,1030.6126708984375,0.9996923208236694,1018.8447265625,1023.2306518554688,0.999278724193573,338.887451171875,499.4520568847656,0.9992055296897888,332.9833068847656,610.07080078125,0.99901282787323,277.02813720703125,552.7723999023438,0.9970254302024841,387.3131103515625,557.0072021484375,0.9943490624427795,715.9146118164062,500.3865661621094,0.994283139705658,760.4528198242188,717.7252807617188,0.9995656609535217,695.1743774414062,594.8820190429688,0.9981048107147217,782.6976318359375,553.4044189453125,0.8743169903755188,544.0026245117188,1074.4564208984375,0.07130741328001022,537.6904296875,1021.3682861328125,0.7922160029411316,539.576171875,1001.9989013671875,0.7476599812507629,597.9959106445312,887.0679321289062,0.6567657589912415,595.2037353515625,984.8199462890625,0.24721983075141907,475.7501220703125,1066.0146484375,0.06384280323982239,661.9442749023438,919.4378051757812,0.9919382929801941,559.2269287109375,838.7577514648438,0.16424892842769623,685.5072021484375,845.9692993164062,0.9989878535270691,803.3851928710938,823.385498046875,0.752065896987915,871.0531616210938,755.0451049804688,0.8193400502204895
2562,82.20789337158203,115.68560028076172,0.9998524188995361,999.0222778320312,84.34689331054688,0.9999161958694458,90.88219451904297,1028.8406982421875,0.999885082244873,1021.421630859375,1022.1103515625,0.9988163709640503,338.76422119140625,499.22491455078125,0.9991614818572998,332.8701171875,610.406982421875,0.9988290667533875,276.4459533691406,552.7875366210938,0.9946961402893066,386.39208984375,559.3148193359375,0.9955540299415588,715.3997802734375,500.092529296875,0.9964779019355774,759.66650390625,718.14208984375,0.9997395873069763,696.67138671875,596.3082885742188,0.9957882761955261,781.7810668945312,548.9794921875,0.8697715401649475,624.7330932617188,1038.0223388671875,0.008837312459945679,549.2889404296875,1064.4129638671875,0.03686315193772316,544.6087646484375,1024.9183349609375,0.03994033858180046,583.0040893554688,903.787353515625,0.11770463734865189,602.189208984375,1001.396240234375,0.29596006870269775,482.40997314453125,980.2907104492188,0.013854296877980232,645.60498046875,917.8527221679688,0.825284481048584,642.6956176757812,938.635009765625,0.14511655271053314,650.6893920898438,841.5842895507812,0.9894710779190063,739.2186279296875,829.41552734375,0.7718242406845093,829.279541015625,810.3717041015625,0.8807245492935181
2563,83.06627655029297,117.34980010986328,0.9996984004974365,997.6906127929688,82.15901947021484,0.999951958656311,89.17718505859375,1029.897216796875,0.9997311234474182,1021.7014770507812,1022.4376831054688,0.998788058757782,339.0439147949219,499.1258850097656,0.9986550807952881,332.5513610839844,609.7275390625,0.9989639520645142,276.88763427734375,550.3826904296875,0.9969889521598816,386.1193542480469,557.8525390625,0.9930863380432129,715.471923828125,499.35882568359375,0.9973539113998413,759.390380859375,717.6884155273438,0.9997459053993225,696.8927612304688,595.2389526367188,0.9916489124298096,781.3727416992188,555.231201171875,0.8052884340286255,601.211669921875,1087.6767578125,0.0022771432995796204,552.308837890625,1090.73046875,0.011233019642531872,547.9542236328125,1080.8748779296875,0.05592028424143791,570.5001220703125,951.5968627929688,0.145671084523201,476.35028076171875,1032.315673828125,0.04951877519488335,477.5159912109375,1033.9794921875,0.039486706256866455,635.404541015625,937.182373046875,0.5566312670707703,635.0534057617188,945.7407836914062,0.28988462686538696,497.19268798828125,1054.3851318359375,0.009548872709274292,426.00347900390625,494.21588134765625,0.0019141830271109939,857.7425537109375,665.7202758789062,0.12012489885091782
2564,83.08625793457031,117.48725891113281,0.9996930360794067,998.7683715820312,83.05131530761719,0.9998636245727539,89.77517700195312,1029.8526611328125,0.9996973276138306,1021.642333984375,1022.92919921875,0.9991937279701233,339.3569030761719,499.3308410644531,0.9989429116249084,331.9223327636719,609.610107421875,0.9987940788269043,276.9849548339844,550.6597290039062,0.998228132724762,386.74200439453125,558.8490600585938,0.9954071044921875,716.1177978515625,499.7696533203125,0.9917900562286377,757.7232055664062,717.1567993164062,0.9998546838760376,695.662841796875,594.2140502929688,0.9905555844306946,780.986083984375,547.9276123046875,0.8729524612426758,782.8106689453125,643.2347412109375,0.0020917351357638836,458.7038269042969,1015.4324340820312,0.0028786601033061743,462.3528137207031,1034.202392578125,0.02092244289815426,560.7354736328125,1022.169677734375,0.31284263730049133,630.7200317382812,1066.7943115234375,0.03355077654123306,466.51763916015625,1037.513916015625,0.009804172441363335,500.1466979980469,972.606201171875,0.21381868422031403,463.9688720703125,1043.1612548828125,0.021180633455514908,468.6336669921875,1012.5469360351562,0.0066343373619019985,795.1157836914062,537.3815307617188,0.0036078121047466993,756.5333251953125,855.1929931640625,0.538081705570221
2565,83.46012115478516,117.4102783203125,0.9998527765274048,996.9782104492188,83.79373931884766,0.9999698400497437,90.43557739257812,1030.250732421875,0.9997912049293518,1020.2139282226562,1022.0314331054688,0.9989462494850159,339.9916687011719,499.2726135253906,0.9989394545555115,331.2247009277344,609.7142333984375,0.998833954334259,277.0826416015625,550.785888671875,0.9969444870948792,387.201904296875,558.229736328125,0.9945105314254761,717.6776123046875,499.87115478515625,0.9966681599617004,756.8357543945312,716.4514770507812,0.999796450138092,695.8727416992188,593.9755859375,0.9954097867012024,780.3427734375,548.9185180664062,0.8005403876304626,717.1907348632812,509.509765625,0.0016881757183000445,585.5836181640625,1073.0799560546875,0.000771321530919522,477.9615478515625,1050.3638916015625,0.0519229918718338,548.1226806640625,1031.985107421875,0.9850373864173889,462.9512939453125,1063.14697265625,0.09292378276586533,464.0765380859375,1054.3111572265625,0.0043893493711948395,641.8082885742188,1036.3717041015625,0.37206438183784485,619.3103637695312,985.281982421875,0.6785405278205872,605.6810302734375,977.0863647460938,0.6735444664955139,668.3961181640625,927.2960205078125,0.00260730879381299,865.2415161132812,269.42987060546875,0.08496721088886261
2566,82.85149383544922,115.62229919433594,0.9998569488525391,997.3131713867188,83.08099365234375,0.9999579191207886,89.1119613647461,1028.632080078125,0.9995819926261902,1018.9711303710938,1024.0738525390625,0.9990338087081909,338.19720458984375,498.9900207519531,0.9986687898635864,332.7161560058594,609.8687744140625,0.9991900324821472,276.772216796875,552.0167846679688,0.9955329895019531,386.3832702636719,558.5462036132812,0.9955984354019165,715.8239135742188,501.2859191894531,0.9906540513038635,757.765869140625,716.9104614257812,0.9997792840003967,692.2872924804688,592.2944946289062,0.994540274143219,782.5067138671875,555.9749755859375,0.9161211252212524,585.2357788085938,1091.109619140625,0.005106422584503889,532.6126098632812,1090.1329345703125,0.19984154403209686,530.73388671875,1066.8985595703125,0.7573733329772949,545.3101806640625,1030.7464599609375,0.7887202501296997,587.5254516601562,1085.7457275390625,0.09082908183336258,495.6998291015625,1072.385009765625,0.36752110719680786,629.6697998046875,966.7125244140625,0.06994317471981049,614.24169921875,978.382568359375,0.1668250858783722,640.0419921875,983.4601440429688,0.011593099683523178,772.5247192382812,859.4528198242188,0.07808078825473785,692.2798461914062,894.8034057617188,0.08356322348117828
2567,83.59932708740234,115.96795654296875,0.9999113082885742,997.9429321289062,82.5269775390625,0.9999090433120728,89.2110595703125,1029.6190185546875,0.9998227953910828,1019.9417114257812,1024.1844482421875,0.9993922710418701,339.04669189453125,499.0219421386719,0.9989087581634521,330.083740234375,608.6572875976562,0.9985947012901306,277.3683166503906,552.5592651367188,0.997499406337738,387.69915771484375,559.0234375,0.99538654088974,716.8397827148438,500.53729248046875,0.9970526695251465,757.1554565429688,716.3973388671875,0.9997745156288147,693.6913452148438,593.7062377929688,0.9967997074127197,783.9024047851562,560.3662109375,0.9436547160148621,426.0830383300781,1088.9493408203125,0.007564773317426443,511.0342712402344,1085.7530517578125,0.026235107332468033,498.50054931640625,1069.79443359375,0.6455752849578857,563.3311157226562,979.83984375,0.42161062359809875,571.3512573242188,1082.51904296875,0.8588935732841492,466.00018310546875,1024.0361328125,0.02789735607802868,614.6298828125,964.3087768554688,0.6002209782600403,623.5175170898438,959.8308715820312,0.2990642786026001,449.8173522949219,1041.4310302734375,0.011570047587156296,418.8059997558594,982.4852294921875,0.05665740743279457,883.7883911132812,745.988037109375,0.6894540190696716
2568,84.74420166015625,115.65451049804688,0.9990450739860535,995.0724487304688,85.21825408935547,0.9999276399612427,89.7415542602539,1030.7904052734375,0.9996206760406494,1018.8594970703125,1021.8682861328125,0.9990843534469604,339.1162109375,498.88336181640625,0.999110996723175,331.0860595703125,608.8036499023438,0.9981682300567627,276.74267578125,552.4326171875,0.9974472522735596,386.52825927734375,558.6051635742188,0.9950101375579834,715.6172485351562,500.6902160644531,0.9986812472343445,758.1010131835938,718.20263671875,0.9995161294937134,692.413330078125,594.6126098632812,0.9963514804840088,783.7947998046875,557.5133666992188,0.8855825662612915,437.6820983886719,1077.343017578125,0.013756882399320602,473.65667724609375,1060.8409423828125,0.35184288024902344,491.677978515625,1033.215087890625,0.8828969597816467,552.704833984375,967.777587890625,0.9768378734588623,567.4390869140625,1042.85986328125,0.5466872453689575,482.16937255859375,977.435546875,0.4341220557689667,584.6923828125,926.795166015625,0.9513906240463257,495.707763671875,927.6045532226562,0.6980770230293274,585.9114379882812,867.7763671875,0.03879772126674652,713.2772216796875,881.3147583007812,0.9359403848648071,803.0645751953125,832.5245971679688,0.4643673598766327
2569,83.01220703125,117.88456726074219,0.9998679161071777,995.7351684570312,84.63056182861328,0.9999610185623169,88.39639282226562,1029.4468994140625,0.9998003840446472,1017.8850708007812,1023.7803955078125,0.9990479350090027,338.5811767578125,499.3509216308594,0.9989222288131714,331.9592590332031,608.5601196289062,0.9966260194778442,277.1587219238281,552.97802734375,0.9978669881820679,386.19366455078125,558.981689453125,0.9941779375076294,716.2243041992188,501.0281677246094,0.9805096387863159,755.5859985351562,717.346435546875,0.9995980858802795,691.4583129882812,592.2763061523438,0.9948242902755737,780.9494018554688,554.5465698242188,0.8879584074020386,366.6830139160156,1077.0435791015625,0.045888546854257584,413.9127502441406,1063.390380859375,0.2643361985683441,418.9873962402344,1055.5831298828125,0.55064457654953,527.5887451171875,969.9717407226562,0.9927962422370911,491.2073059082031,1070.45751953125,0.4174436926841736,402.59857177734375,1020.760986328125,0.298410564661026,563.0263671875,896.0759887695312,0.1812528669834137,472.5340576171875,914.5667724609375,0.49445509910583496,711.8765258789062,880.8062744140625,0.02637847699224949,712.2793579101562,878.75830078125,0.9738473296165466,814.7349853515625,817.27490234375,0.8827587962150574
2570,85.19524383544922,116.27261352539062,0.9997780919075012,996.634521484375,83.22756958007812,0.9999697208404541,89.23471069335938,1032.0963134765625,0.9994827508926392,1021.3659057617188,1023.1157836914062,0.9986143112182617,339.12188720703125,499.0724182128906,0.9989474415779114,330.8074951171875,608.0279541015625,0.9974954724311829,276.7452087402344,552.4882202148438,0.9972885847091675,385.94146728515625,559.1856689453125,0.9964589476585388,721.6796264648438,501.4910888671875,0.9913894534111023,757.3992309570312,717.2512817382812,0.9996539354324341,694.4929809570312,594.3355712890625,0.9970495700836182,782.9672241210938,556.9217529296875,0.8389884233474731,345.5054626464844,1090.06298828125,0.41523659229278564,389.024658203125,1022.6907348632812,0.9823077917098999,407.5393371582031,998.2102661132812,0.7997455596923828,517.75634765625,930.9194946289062,0.9974442720413208,494.1254577636719,1027.1326904296875,0.5160326957702637,419.3115539550781,954.0133666992188,0.7494681477546692,597.7435302734375,968.3550415039062,0.5212887525558472,601.559326171875,904.8484497070312,0.49287092685699463,623.6470947265625,837.9744873046875,0.0020921879913657904,858.808349609375,800.5864868164062,0.036077436059713364,864.748046875,780.5485229492188,0.4038144052028656
2571,83.2015380859375,115.19454956054688,0.9995531439781189,996.27490234375,83.6586685180664,0.9999376535415649,89.26007080078125,1029.934814453125,0.999751627445221,1020.4551391601562,1022.6939086914062,0.999445378780365,339.73822021484375,499.2724609375,0.9985015392303467,330.64105224609375,608.5379028320312,0.9978638291358948,276.51544189453125,551.8511962890625,0.9969900846481323,386.6961669921875,559.3262329101562,0.9938942790031433,717.5606689453125,501.2823181152344,0.9953566193580627,756.3636474609375,717.7972412109375,0.9996702671051025,694.5758666992188,594.128662109375,0.998235821723938,782.613037109375,556.4557495117188,0.9241788387298584,324.7521667480469,1078.7469482421875,0.8426684141159058,374.38336181640625,1004.7774658203125,0.9805132150650024,394.4107666015625,980.7412109375,0.6392826437950134,487.9988708496094,911.63232421875,0.9961162805557251,474.23577880859375,1015.0951538085938,0.8286462426185608,397.45562744140625,951.8736572265625,0.13475318253040314,577.6847534179688,935.309326171875,0.9735086560249329,446.0035705566406,854.6668701171875,0.2255735844373703,586.1932983398438,852.8711547851562,0.31539013981819153,656.8863525390625,840.0694580078125,0.9439998269081116,745.9600219726562,877.473388671875,0.3287801444530487
2572,84.83523559570312,115.36885070800781,0.9993001222610474,997.5301513671875,85.6540756225586,0.9999502897262573,89.65724182128906,1031.6876220703125,0.9997325539588928,1020.9423828125,1023.0667724609375,0.9992386102676392,340.2153015136719,499.2607727050781,0.998835027217865,330.7777099609375,609.2552490234375,0.9986775517463684,276.8592224121094,552.1411743164062,0.997742772102356,386.0422058105469,559.717041015625,0.9948004484176636,715.3515014648438,503.1070861816406,0.9961572289466858,758.5309448242188,717.7481079101562,0.9997598528862,694.7927856445312,595.2291259765625,0.9971442818641663,781.654296875,556.4841918945312,0.9197984933853149,297.40576171875,1053.462158203125,0.9405239224433899,359.70989990234375,989.9104614257812,0.9942708015441895,376.6094055175781,968.3572998046875,0.864626407623291,476.63336181640625,907.2567749023438,0.9938026666641235,445.0320739746094,1006.0504760742188,0.8863735198974609,387.9877014160156,916.76953125,0.6600621342658997,555.71630859375,884.3773193359375,0.9616586565971375,443.2590637207031,846.1087036132812,0.37340760231018066,581.199462890625,850.5621337890625,0.009310077875852585,646.8150634765625,841.2435302734375,0.6740374565124512,748.1978759765625,877.740966796875,0.7513182759284973
2573,84.37789154052734,117.43659973144531,0.9998125433921814,997.5069580078125,86.42754364013672,0.9999555349349976,90.31771087646484,1028.8045654296875,0.9998452663421631,1021.762451171875,1022.5985107421875,0.9992745518684387,339.5487365722656,498.5763854980469,0.9988746047019958,330.0574951171875,608.6632080078125,0.9987340569496155,277.1008605957031,551.2265014648438,0.9965104460716248,386.17340087890625,559.5933837890625,0.9942336678504944,719.6098022460938,503.0247802734375,0.9948947429656982,757.771728515625,716.7353515625,0.9996416568756104,694.8081665039062,592.9404296875,0.9967710375785828,782.2213745117188,557.1954345703125,0.9055584669113159,279.91802978515625,1009.150390625,0.9372847676277161,339.1224365234375,980.9947509765625,0.9964537620544434,366.4335632324219,964.6704711914062,0.8835031390190125,471.3543395996094,900.7136840820312,0.9994208812713623,433.42108154296875,993.7874755859375,0.9146788120269775,377.0370178222656,908.7626342773438,0.9592548608779907,385.78564453125,895.59130859375,0.8376378417015076,507.55926513671875,836.5684814453125,0.4161783456802368,571.2817993164062,850.9434204101562,0.999595582485199,664.485595703125,849.6685180664062,0.91239333152771,753.3621826171875,878.8355712890625,0.6890652775764465
2574,84.2320556640625,118.45064544677734,0.9997780919075012,996.5361938476562,84.49646759033203,0.9999333620071411,89.08574676513672,1029.546630859375,0.9997867941856384,1019.3948974609375,1021.9362182617188,0.9990298748016357,338.3478088378906,498.7030334472656,0.998625636100769,332.49359130859375,609.7564697265625,0.9990745782852173,277.25250244140625,553.1270141601562,0.9954319000244141,386.4148254394531,558.7374267578125,0.9934167861938477,719.9400634765625,501.01171875,0.9923492670059204,757.972412109375,716.6312255859375,0.9996521472930908,693.261962890625,593.2481079101562,0.9965664148330688,783.6734008789062,560.997802734375,0.8730016350746155,274.97308349609375,984.2606201171875,0.9944841265678406,345.08001708984375,952.5260009765625,0.9584423899650574,377.47149658203125,938.4999389648438,0.9780614376068115,471.1954345703125,896.51416015625,0.995618999004364,418.62200927734375,977.940673828125,0.7073663473129272,379.31243896484375,884.628662109375,0.9954936504364014,544.1388549804688,932.829833984375,0.7478156089782715,513.2705078125,833.562744140625,0.49409428238868713,570.2939453125,857.657470703125,0.9951478838920593,655.2049560546875,852.2766723632812,0.6704031825065613,742.2478637695312,874.5109252929688,0.25272393226623535
2575,83.18638610839844,115.88846588134766,0.9993165731430054,996.013427734375,83.85169219970703,0.9999457597732544,88.48087310791016,1030.1597900390625,0.9997523427009583,1020.622314453125,1022.0635375976562,0.9992368221282959,339.4866027832031,499.1948547363281,0.9985658526420593,331.2043151855469,609.7432250976562,0.9991717338562012,277.19207763671875,553.73681640625,0.9958027005195618,386.494873046875,560.214111328125,0.9968050718307495,715.6953735351562,501.8167419433594,0.9969755411148071,758.8284301757812,717.5106811523438,0.9994476437568665,693.0950927734375,593.032958984375,0.9939403533935547,782.3131103515625,556.0239868164062,0.8453848958015442,286.9462585449219,961.9144897460938,0.9974725842475891,360.9519348144531,943.2227172851562,0.961337149143219,392.8238220214844,931.9777221679688,0.9972406625747681,467.2691955566406,889.9332275390625,0.9968321919441223,413.4013366699219,975.5404663085938,0.9772760272026062,394.0937194824219,877.7529907226562,0.9888184666633606,521.1256713867188,932.8603515625,0.8658875823020935,513.69140625,830.5774536132812,0.9530006647109985,564.536376953125,863.3651123046875,0.9995481371879578,652.3323974609375,852.4913330078125,0.8398241400718689,739.1646118164062,874.1021728515625,0.44245198369026184
2576,82.40223693847656,116.93575286865234,0.9997026324272156,996.533203125,84.6740951538086,0.9999405145645142,89.6950454711914,1030.932861328125,0.9997698664665222,1020.8292236328125,1022.2310791015625,0.9980073571205139,339.5849609375,499.1072692871094,0.9991422891616821,332.1943664550781,610.5430908203125,0.9994089603424072,277.45361328125,552.9952392578125,0.9972520470619202,386.71044921875,558.8936157226562,0.9950231313705444,715.9131469726562,501.14605712890625,0.994439959526062,760.0414428710938,717.9630126953125,0.9996850490570068,692.59228515625,593.06103515625,0.9966936111450195,781.9088134765625,552.5787353515625,0.8933694958686829,294.3030090332031,961.0975952148438,0.996077835559845,372.1358947753906,931.725830078125,0.9674856066703796,400.0382385253906,922.8872680664062,0.9706013798713684,474.5220947265625,888.6758422851562,0.9921942949295044,421.5544128417969,964.445068359375,0.32950425148010254,407.17401123046875,868.5853881835938,0.6811045408248901,523.6100463867188,934.1641845703125,0.41280093789100647,513.4498901367188,838.089111328125,0.9267035126686096,564.1452026367188,864.1997680664062,0.9993492960929871,648.579833984375,850.593994140625,0.833377480506897,750.8190307617188,876.6598510742188,0.5967870950698853
2577,83.83297729492188,116.54871368408203,0.9996699094772339,995.6245727539062,84.65543365478516,0.9999693632125854,88.88433837890625,1029.6800537109375,0.9998310804367065,1021.0975952148438,1022.2982788085938,0.9992339611053467,337.39520263671875,499.51708984375,0.9987871050834656,333.2142333984375,609.5830688476562,0.9987053871154785,277.1160583496094,554.1552734375,0.9968981742858887,386.88604736328125,556.26025390625,0.9921517372131348,718.7853393554688,501.62615966796875,0.9967496395111084,759.2767944335938,718.1456909179688,0.9995943903923035,693.26806640625,592.3606567382812,0.995378851890564,781.697509765625,555.8216552734375,0.855095624923706,301.31298828125,961.3831176757812,0.9871267676353455,369.2530517578125,937.7305908203125,0.9830892086029053,404.26800537109375,928.5309448242188,0.9465794563293457,478.19769287109375,896.3895263671875,0.9742564558982849,423.108642578125,965.4209594726562,0.1392260640859604,414.2188720703125,865.7718505859375,0.10868419706821442,530.6834106445312,931.5966186523438,0.6707689166069031,517.0570678710938,841.4600830078125,0.980570375919342,565.4810791015625,866.410888671875,0.9994102716445923,640.9170532226562,851.0308837890625,0.8100189566612244,743.6400756835938,874.1259155273438,0.1732422113418579
2578,83.55976104736328,117.30142211914062,0.999920129776001,996.064697265625,86.3798828125,0.9999148845672607,88.54459381103516,1029.48486328125,0.9998227953910828,1020.4992065429688,1022.2747192382812,0.9993754029273987,338.63568115234375,499.3931884765625,0.9990358352661133,331.8011779785156,610.481201171875,0.99891197681427,277.4126892089844,552.7455444335938,0.9972440004348755,386.9009704589844,559.3319091796875,0.995639443397522,715.3849487304688,501.4820556640625,0.9956159591674805,757.8229370117188,718.705810546875,0.9995869994163513,694.72998046875,594.0503540039062,0.9915210008621216,782.2353515625,555.570068359375,0.8654606342315674,308.1011962890625,956.0892944335938,0.9973432421684265,353.8338317871094,938.0178833007812,0.9596075415611267,416.6310119628906,923.12744140625,0.5055990815162659,480.01318359375,891.7202758789062,0.9743669629096985,390.3675231933594,975.1526489257812,0.6201128959655762,367.60211181640625,906.2879028320312,0.026769965887069702,533.801513671875,930.1055297851562,0.7635305523872375,524.6472778320312,844.64208984375,0.8273214101791382,567.59619140625,869.2998657226562,0.9993857145309448,642.322509765625,850.546630859375,0.8111717104911804,742.0096435546875,873.5204467773438,0.9106470942497253
2579,84.00662994384766,116.9455795288086,0.9998387098312378,994.6563110351562,84.64120483398438,0.9999539852142334,89.75761413574219,1030.996337890625,0.9996544122695923,1023.1213989257812,1022.8619384765625,0.9994651675224304,339.21710205078125,499.4637145996094,0.9992941617965698,331.8514404296875,609.7694702148438,0.9990780353546143,277.5169372558594,552.170654296875,0.9978528022766113,386.62420654296875,559.15625,0.9952634572982788,716.3895874023438,501.353271484375,0.9911572933197021,756.7064819335938,718.4848022460938,0.9994365572929382,694.4568481445312,596.3186645507812,0.9917963743209839,782.5400390625,548.217041015625,0.8485606908798218,310.8243103027344,957.593505859375,0.9898884892463684,355.05755615234375,943.2146606445312,0.9417557120323181,418.67047119140625,925.8856201171875,0.9334948658943176,480.7881164550781,890.4747314453125,0.974047839641571,396.7702941894531,973.0824584960938,0.7178471088409424,360.94189453125,904.8446655273438,0.11229784786701202,456.849853515625,834.0942993164062,0.36777228116989136,520.6703491210938,841.579345703125,0.9323762655258179,568.4962768554688,869.5042724609375,0.9990105628967285,642.1593627929688,848.8525390625,0.1759701371192932,737.87646484375,873.9801025390625,0.4891878068447113
2580,84.26075744628906,116.92459106445312,0.9993144273757935,995.1304931640625,84.53343963623047,0.9999184608459473,89.26982879638672,1030.64404296875,0.9997155070304871,1022.6692504882812,1023.3214721679688,0.9996293783187866,339.38092041015625,499.3245544433594,0.9994176626205444,332.2853698730469,610.1966552734375,0.9987860321998596,277.6673583984375,553.198486328125,0.995668888092041,387.10540771484375,560.2664184570312,0.9972283244132996,713.355224609375,501.6429443359375,0.9908000826835632,757.3169555664062,717.42431640625,0.9997504353523254,694.510986328125,598.424560546875,0.995474636554718,781.1632690429688,548.771728515625,0.8549503684043884,314.9248962402344,959.6693115234375,0.9852542281150818,394.01141357421875,934.0888671875,0.9031150937080383,420.87164306640625,920.7742919921875,0.9659515023231506,486.44891357421875,896.6118774414062,0.9777196645736694,432.1040954589844,972.3602905273438,0.13814106583595276,429.9265441894531,855.9478149414062,0.1908050775527954,451.0762634277344,836.5148315429688,0.47118932008743286,524.1492919921875,843.9371948242188,0.982734739780426,563.759033203125,870.5532836914062,0.998847484588623,640.7228393554688,848.3410034179688,0.7496278882026672,734.2171630859375,872.6826782226562,0.7852751016616821
2581,84.85017395019531,113.93941497802734,0.9996660947799683,992.7418212890625,83.7881851196289,0.9996581077575684,88.99472045898438,1029.2066650390625,0.9996551275253296,1019.47216796875,1023.3253784179688,0.9986730813980103,337.21380615234375,499.40399169921875,0.9984343647956848,333.85247802734375,610.37548828125,0.9979471564292908,276.8690490722656,551.733642578125,0.996507465839386,387.8752746582031,557.5928955078125,0.9911122918128967,714.1696166992188,500.2008972167969,0.9924644231796265,756.6748657226562,716.745849609375,0.9997208714485168,693.3065185546875,599.9326782226562,0.9915482401847839,782.4285888671875,571.8992919921875,0.9373188614845276,312.7882385253906,959.4855346679688,0.7948037385940552,387.6213073730469,933.467529296875,0.7946630716323853,416.1332702636719,931.5140380859375,0.8917641043663025,483.3674011230469,897.0224609375,0.9947517514228821,392.1041259765625,976.8941650390625,0.016060102730989456,422.1614074707031,874.1488647460938,0.2683939039707184,532.526611328125,939.1530151367188,0.28918686509132385,525.165771484375,843.9024658203125,0.9956721067428589,564.2216186523438,869.363037109375,0.9895604848861694,626.641357421875,844.2753295898438,0.18162675201892853,364.90728759765625,1017.7014770507812,0.16020967066287994
2582,83.0197982788086,116.0689926147461,0.9997830986976624,992.119140625,84.26014709472656,0.9994401335716248,89.78743743896484,1028.742919921875,0.9998596906661987,1023.5480346679688,1022.4700317382812,0.9989846348762512,338.8607482910156,498.9600830078125,0.9993675351142883,331.90216064453125,609.3997802734375,0.9989303946495056,276.4117126464844,551.7316284179688,0.9921504259109497,388.8175964355469,557.9612426757812,0.994621992111206,715.4617919921875,500.9145812988281,0.9693174362182617,758.1256103515625,718.026611328125,0.9994106292724609,694.3192138671875,595.2556762695312,0.9948427081108093,782.0787963867188,547.357666015625,0.9214436411857605,308.1337585449219,961.7216186523438,0.9534745216369629,354.8563232421875,940.9033813476562,0.685178279876709,418.1612548828125,925.4646606445312,0.9661113023757935,484.2883605957031,895.04638671875,0.8173576593399048,441.6449890136719,966.6671142578125,0.7118146419525146,369.4981994628906,900.1514282226562,0.2564191222190857,533.496337890625,940.0173950195312,0.8225064277648926,519.5283813476562,839.1592407226562,0.9886500835418701,568.2062377929688,870.953369140625,0.9941068887710571,650.8770751953125,855.9281005859375,0.11854571849107742,736.1287231445312,869.6656494140625,0.12677614390850067
2583,85.10326385498047,115.02751159667969,0.9997251629829407,995.3185424804688,84.3800048828125,0.9999421834945679,89.4109878540039,1028.996337890625,0.9998059868812561,1021.8995971679688,1022.51171875,0.9991461038589478,338.1106872558594,499.03759765625,0.9989548921585083,333.1205139160156,609.9772338867188,0.9991300702095032,276.2928161621094,553.0294799804688,0.9957389831542969,388.9154357910156,558.0382690429688,0.9933075904846191,714.9612426757812,501.7374267578125,0.9901830554008484,758.3853759765625,716.9603271484375,0.9995176792144775,695.0088500976562,596.01806640625,0.990327775478363,781.5638427734375,555.8153686523438,0.8555303812026978,311.0223083496094,950.8416748046875,0.9818779826164246,365.6726379394531,934.5034790039062,0.9247345924377441,408.9322814941406,923.8164672851562,0.805357813835144,483.2969055175781,890.3956298828125,0.9275944828987122,395.5145263671875,973.2398681640625,0.44762787222862244,387.52484130859375,980.5409545898438,0.06621392071247101,528.5446166992188,944.3276977539062,0.5993577837944031,521.2544555664062,840.826904296875,0.8408981561660767,568.21044921875,872.993896484375,0.9893430471420288,673.9668579101562,856.261962890625,0.27811047434806824,690.3624877929688,858.9041137695312,0.38874295353889465
2584,85.64006042480469,117.32079315185547,0.9995569586753845,996.4219970703125,84.98896789550781,0.9999228715896606,89.53382873535156,1030.509765625,0.9997155070304871,1021.682861328125,1022.6569213867188,0.9990966320037842,338.3766174316406,499.3279113769531,0.9993481040000916,332.416748046875,609.7760620117188,0.9986242055892944,276.563232421875,552.705322265625,0.9961423277854919,386.9507751464844,558.3003540039062,0.994787335395813,713.54052734375,500.397705078125,0.9910041093826294,758.2059326171875,716.9600219726562,0.9996236562728882,693.3999633789062,594.3067016601562,0.9936378598213196,782.7535400390625,568.005126953125,0.8015982508659363,323.73406982421875,966.2443237304688,0.9108144044876099,372.7745666503906,941.1146850585938,0.9467030763626099,408.61834716796875,927.3208618164062,0.8296582102775574,488.17041015625,895.1632080078125,0.984660804271698,413.69244384765625,961.231689453125,0.25451838970184326,421.8203125,857.3433837890625,0.383073091506958,410.4748229980469,965.2506103515625,0.38609787821769714,520.6437377929688,841.8939208984375,0.8412696123123169,567.25244140625,874.7616577148438,0.9954653382301331,633.28125,848.4346313476562,0.07238081842660904,690.91552734375,858.7002563476562,0.7941638231277466
2585,84.1220703125,116.68984985351562,0.999167799949646,995.6318969726562,85.09847259521484,0.9999526739120483,89.64241790771484,1030.2755126953125,0.9997784495353699,1021.0833129882812,1022.4072875976562,0.9995110034942627,337.7236633300781,498.9129638671875,0.9986732006072998,332.63616943359375,609.661376953125,0.9979115128517151,276.2965087890625,552.1705322265625,0.9953553676605225,387.9880676269531,558.3079833984375,0.9957852959632874,715.9195556640625,500.611083984375,0.9825687408447266,757.4745483398438,716.1643676757812,0.999488115310669,693.5834350585938,594.7435302734375,0.9971885085105896,781.5742797851562,556.2250366210938,0.859838604927063,330.9062805175781,990.009033203125,0.9066966772079468,394.60284423828125,943.04638671875,0.8458092212677002,419.0631103515625,926.5814208984375,0.9843127131462097,482.0365905761719,894.6362915039062,0.9574765563011169,466.4208984375,959.4993896484375,0.8912720680236816,404.89105224609375,868.5130004882812,0.664655864238739,527.5333862304688,936.9471435546875,0.94423508644104,519.060546875,841.4570922851562,0.9882344007492065,567.4818115234375,876.5008544921875,0.9942525029182434,675.7171020507812,851.3284301757812,0.16957087814807892,689.763427734375,853.4397583007812,0.3178233206272125
2586,85.09111785888672,116.91592407226562,0.9998434782028198,994.3831787109375,85.1279525756836,0.9998518228530884,89.38990783691406,1030.68896484375,0.9997158646583557,1020.7415161132812,1022.5310668945312,0.9985231757164001,337.84588623046875,499.42626953125,0.9992682337760925,331.87677001953125,607.84033203125,0.9975438714027405,276.4667053222656,551.634765625,0.9969292283058167,387.30279541015625,558.657470703125,0.9928734302520752,716.0237426757812,500.7961730957031,0.9946852922439575,756.4815673828125,715.8604125976562,0.9994214773178101,692.4843139648438,591.15869140625,0.9947053790092468,782.01416015625,554.2005615234375,0.9144246578216553,345.0611267089844,1007.0488891601562,0.7771892547607422,369.0625915527344,992.8556518554688,0.5303608775138855,421.31903076171875,944.6627197265625,0.8069876432418823,476.5736083984375,895.7086791992188,0.947578489780426,451.0664978027344,980.8418579101562,0.6492019891738892,350.6156921386719,936.7958374023438,0.17561891674995422,529.109130859375,933.7286987304688,0.8686801791191101,520.5457153320312,840.7314453125,0.9364737868309021,566.4874267578125,876.0097045898438,0.9853878617286682,680.6752319335938,857.5341796875,0.033080119639635086,690.9390258789062,858.1340942382812,0.8739654421806335
2587,84.85545349121094,116.59000396728516,0.9996812343597412,993.8853149414062,84.41426086425781,0.999968409538269,89.67462158203125,1029.60498046875,0.9997765421867371,1020.3309936523438,1022.2669677734375,0.9988330006599426,338.9441833496094,498.8287048339844,0.9990678429603577,331.3183288574219,608.1573486328125,0.9972760081291199,276.4492492675781,551.4447021484375,0.9940727353096008,387.7131652832031,558.2667236328125,0.9919428825378418,721.0578002929688,501.35736083984375,0.9932651519775391,757.19189453125,717.3421630859375,0.9995512366294861,692.2620849609375,596.0355834960938,0.9961191415786743,782.6439208984375,553.01806640625,0.7718585133552551,491.29315185546875,973.8384399414062,0.03417041897773743,467.19146728515625,952.496826171875,0.4131559729576111,457.7192687988281,942.8904418945312,0.28446999192237854,486.961181640625,881.7405395507812,0.6138520240783691,438.3073425292969,881.3712768554688,0.5197935104370117,470.11328125,978.086181640625,0.2278331220149994,530.7056274414062,938.8788452148438,0.5958518385887146,528.6818237304688,841.8463745117188,0.9789342284202576,566.4610595703125,875.6466674804688,0.9918455481529236,682.4252319335938,857.1001586914062,0.0610278844833374,696.6773071289062,860.0899047851562,0.5907001495361328
2588,85.3787841796875,116.89479064941406,0.9995946288108826,995.4056396484375,84.62647247314453,0.999944806098938,89.48932647705078,1029.8997802734375,0.9997913241386414,1021.2761840820312,1021.9965209960938,0.9984796643257141,337.3786315917969,499.2900695800781,0.9990604519844055,331.4673156738281,608.7550048828125,0.9984427094459534,277.0541687011719,551.3397827148438,0.9950029253959656,386.58526611328125,557.8848266601562,0.9925506114959717,715.535400390625,501.7873229980469,0.9938313961029053,757.2611083984375,717.6398315429688,0.9996458292007446,693.1671752929688,596.0391235351562,0.9984819293022156,782.9487915039062,554.0835571289062,0.8698393702507019,493.9742126464844,1024.264404296875,0.11677471548318863,414.1507263183594,958.042236328125,0.15158946812152863,441.7830505371094,939.5481567382812,0.7792510390281677,478.1962890625,893.0694580078125,0.5902993083000183,482.7568359375,979.1118774414062,0.4248661398887634,372.04071044921875,927.0143432617188,0.479613333940506,529.3242797851562,936.9175415039062,0.9603888988494873,512.7800903320312,837.8853149414062,0.29537421464920044,567.5896606445312,875.25439453125,0.9902599453926086,679.8987426757812,858.9891967773438,0.5023216009140015,742.4393920898438,873.99365234375,0.810552716255188
2589,85.49664306640625,116.01331329345703,0.99969482421875,995.4729614257812,83.58208465576172,0.9999356269836426,88.57556915283203,1029.9169921875,0.9998410940170288,1022.3384399414062,1022.125244140625,0.9992619156837463,337.7349853515625,498.7146301269531,0.9986287355422974,332.7862854003906,608.8838500976562,0.9979373216629028,276.8196105957031,551.215576171875,0.9934378266334534,387.61480712890625,557.0608520507812,0.9940996170043945,717.748046875,498.0520935058594,0.9689164161682129,756.6940307617188,716.4186401367188,0.9996490478515625,690.73095703125,593.35595703125,0.9955762624740601,781.9998779296875,551.0543212890625,0.8701748847961426,516.1824340820312,1025.1268310546875,0.15590837597846985,432.3538513183594,989.6439819335938,0.2845289409160614,440.73779296875,967.3279418945312,0.9622370004653931,479.5443115234375,904.6480102539062,0.823277473449707,500.183837890625,976.0695190429688,0.8188233971595764,375.4026184082031,1038.292724609375,0.6012584567070007,534.5761108398438,935.1185302734375,0.9601234197616577,449.7919616699219,836.0418090820312,0.48998576402664185,567.1026611328125,881.8709106445312,0.9713653326034546,646.405517578125,858.3365478515625,0.5621414184570312,742.7976684570312,875.1722412109375,0.7377085089683533
2590,83.67700958251953,116.99397277832031,0.9995037317276001,995.4903564453125,84.2686538696289,0.9998701810836792,88.49751281738281,1028.88232421875,0.9998509883880615,1021.1550903320312,1021.1203002929688,0.9981275200843811,338.1966552734375,498.6851501464844,0.9987634420394897,331.9110107421875,609.7299194335938,0.9982954859733582,277.7816162109375,552.102294921875,0.9949900507926941,386.7119140625,559.0220947265625,0.9924605488777161,713.9651489257812,501.4914245605469,0.980682373046875,758.1433715820312,716.3798828125,0.9997161030769348,691.8531494140625,596.0390014648438,0.9988388419151306,780.2977905273438,549.324462890625,0.9460845589637756,391.19244384765625,1096.1632080078125,0.1568610966205597,422.62139892578125,1026.205322265625,0.9858022332191467,431.63330078125,989.8836059570312,0.9707770943641663,473.8634338378906,900.2526245117188,0.736181914806366,484.5434875488281,992.9977416992188,0.5826973915100098,372.7500915527344,948.4563598632812,0.46073582768440247,369.134521484375,949.6529541015625,0.5672560334205627,505.35589599609375,840.7510986328125,0.5699037313461304,566.0805053710938,893.0032348632812,0.9919865131378174,641.2761840820312,871.0978393554688,0.9845661520957947,829.88232421875,816.930908203125,0.34912848472595215
2591,83.64847564697266,115.53764343261719,0.9996553659439087,995.38427734375,84.57327270507812,0.9999428987503052,89.65132904052734,1029.6578369140625,0.9998196959495544,1021.1835327148438,1021.45263671875,0.9988316893577576,338.39215087890625,498.9659118652344,0.9991156458854675,331.076904296875,610.3727416992188,0.9988512992858887,277.78912353515625,552.8596801757812,0.9954759478569031,387.9825439453125,558.9602661132812,0.9957977533340454,713.3190307617188,500.8797607421875,0.9821670055389404,756.3073120117188,715.2807006835938,0.9995772242546082,693.9290771484375,594.716064453125,0.9970988035202026,781.2310180664062,548.9075317382812,0.9462584853172302,351.66485595703125,1006.2951049804688,0.057595428079366684,408.0417785644531,1047.0360107421875,0.9807794094085693,424.3130798339844,1007.3255615234375,0.9873407483100891,473.35540771484375,916.6564331054688,0.5855237245559692,473.76129150390625,1009.380615234375,0.731414258480072,381.5240783691406,955.7335815429688,0.7888349890708923,525.0648193359375,948.65283203125,0.9506869912147522,458.9751892089844,842.2171020507812,0.0684627965092659,564.92529296875,893.6019897460938,0.9776265621185303,623.3455200195312,882.860595703125,0.4548400640487671,826.4655151367188,823.747314453125,0.7333815693855286
2592,84.27008056640625,116.12364196777344,0.9996787309646606,995.079345703125,84.68096160888672,0.9998188614845276,89.64250946044922,1029.4261474609375,0.9998575448989868,1023.2850952148438,1021.4359130859375,0.9993374943733215,338.6165771484375,498.70245361328125,0.9988435506820679,331.3392028808594,609.3992309570312,0.9976205229759216,277.62847900390625,552.0266723632812,0.995411217212677,387.5465087890625,558.5023193359375,0.9948765635490417,716.6749877929688,500.63543701171875,0.9704667925834656,757.6009521484375,716.4735107421875,0.9996753931045532,693.7896728515625,596.7077026367188,0.9982479810714722,783.630859375,549.5249633789062,0.9008470773696899,346.2240295410156,1087.9730224609375,0.09185731410980225,402.90655517578125,1039.8016357421875,0.9282816052436829,418.3934020996094,1003.6144409179688,0.9794553518295288,474.9078369140625,924.5504760742188,0.46664533019065857,468.89666748046875,1011.53076171875,0.8867365717887878,375.2223205566406,956.8798828125,0.8354332447052002,522.1989135742188,960.91357421875,0.9146111011505127,430.4058837890625,878.7464599609375,0.03998982906341553,570.711181640625,891.7673950195312,0.9929961562156677,670.9741821289062,875.9473266601562,0.7133119106292725,823.0194091796875,828.5441284179688,0.8951400518417358
2593,85.06941223144531,116.00140380859375,0.9998447895050049,992.9901733398438,86.60102081298828,0.9997312426567078,89.64205169677734,1031.8477783203125,0.9997093081474304,1019.818359375,1022.2936401367188,0.9992038607597351,337.7265319824219,498.5072326660156,0.9980630278587341,331.8216552734375,609.3179931640625,0.9984996318817139,277.6483154296875,553.1474609375,0.9949674010276794,387.2236022949219,558.7556762695312,0.9927928447723389,716.7058715820312,500.6971130371094,0.9761536717414856,756.769775390625,716.5610961914062,0.9994906187057495,693.5245971679688,596.6580200195312,0.9974159002304077,782.5376586914062,547.6148071289062,0.9420579671859741,360.82977294921875,1088.867431640625,0.12931981682777405,401.3143615722656,1025.0238037109375,0.9770947694778442,414.9161071777344,997.2459716796875,0.9975228905677795,471.77569580078125,916.1648559570312,0.8401418328285217,465.6743469238281,1006.3653564453125,0.9446958303451538,373.966796875,957.607666015625,0.6166263818740845,525.044921875,942.687255859375,0.47560080885887146,501.0048522949219,861.8403930664062,0.15132801234722137,557.6929931640625,901.5897827148438,0.7925217151641846,614.3032836914062,883.9488525390625,0.710683286190033,419.921875,485.07244873046875,0.3513506352901459
2594,83.68936920166016,115.05776977539062,0.9998723268508911,994.8353271484375,83.79747772216797,0.9999254941940308,90.94021606445312,1030.703125,0.9997884631156921,1021.1807250976562,1022.172607421875,0.9987121820449829,339.5293884277344,498.613037109375,0.9987071752548218,331.3972473144531,608.8540649414062,0.997349739074707,277.1769104003906,551.5858154296875,0.9975937008857727,387.1845397949219,559.142578125,0.9926353096961975,716.7560424804688,500.4012145996094,0.9923738837242126,756.3494873046875,717.0780029296875,0.9995359182357788,694.0901489257812,595.9849853515625,0.9971520900726318,782.8822021484375,550.5953369140625,0.8501847386360168,363.3078918457031,1091.201171875,0.2026388943195343,403.16180419921875,1024.8212890625,0.9558754563331604,417.1272277832031,989.9624633789062,0.9888625741004944,477.3276062011719,908.6201171875,0.9939061999320984,464.80438232421875,1007.4428100585938,0.9099417328834534,370.40435791015625,950.03076171875,0.7147974967956543,514.7855834960938,961.0042114257812,0.5213289260864258,475.2574768066406,841.4429931640625,0.11628571897745132,566.1717529296875,891.5947265625,0.9926037192344666,672.458740234375,875.6681518554688,0.8462538719177246,419.03460693359375,484.6219177246094,0.20700281858444214
2595,84.99095916748047,116.40392303466797,0.9998807907104492,994.433837890625,83.63066864013672,0.9998451471328735,89.86572265625,1030.0927734375,0.9998674392700195,1021.003173828125,1023.2596435546875,0.9989282488822937,338.2087707519531,498.5696716308594,0.998923122882843,331.8837585449219,609.7553100585938,0.9983009696006775,277.1754455566406,553.5072021484375,0.9942504167556763,386.9749755859375,557.3978881835938,0.9926980137825012,717.5628662109375,500.96405029296875,0.9972174167633057,756.4906616210938,717.260986328125,0.9992344379425049,693.6530151367188,596.5256958007812,0.9965837001800537,782.8634643554688,553.36376953125,0.8799793124198914,365.88330078125,1095.4866943359375,0.07864855229854584,405.7371520996094,1025.8740234375,0.9278444051742554,420.8211669921875,986.4066162109375,0.9031108021736145,474.7666015625,909.1016235351562,0.9818376898765564,469.42779541015625,1004.7304077148438,0.6883785128593445,371.65826416015625,948.482421875,0.6898180246353149,518.8321533203125,956.03515625,0.8057488799095154,501.6692199707031,855.809814453125,0.1980171799659729,565.2276000976562,892.1952514648438,0.9943088889122009,671.040283203125,875.2843017578125,0.9144291281700134,824.4227294921875,822.7047729492188,0.44547897577285767
2596,82.84693908691406,116.00071716308594,0.9997826218605042,994.8726806640625,83.71778106689453,0.9999597072601318,89.39692687988281,1029.726318359375,0.9998137354850769,1021.0206909179688,1022.9952392578125,0.9994385838508606,338.7227478027344,498.4981689453125,0.999222993850708,330.30889892578125,610.4112548828125,0.9985607266426086,277.01336669921875,553.4872436523438,0.9935219883918762,387.713623046875,559.1422729492188,0.9876371622085571,714.7918701171875,501.9820556640625,0.9867846369743347,757.5164184570312,717.1904296875,0.9997485280036926,692.5184936523438,595.4581298828125,0.9969750642776489,781.9400024414062,550.1509399414062,0.770779550075531,361.9745788574219,1087.8736572265625,0.36292701959609985,410.8517761230469,1020.5513916015625,0.9073858261108398,425.03265380859375,985.4330444335938,0.9579874873161316,480.6717224121094,909.9793090820312,0.8946579098701477,466.72802734375,1003.7434692382812,0.7189346551895142,378.4807434082031,946.8262329101562,0.8269059658050537,514.578369140625,960.986572265625,0.4375374913215637,503.124755859375,857.9830932617188,0.42736920714378357,566.3873901367188,893.2037353515625,0.9842000007629395,672.7904663085938,872.7052001953125,0.9301349520683289,786.3501586914062,862.3450317382812,0.21426503360271454
2597,83.65523529052734,113.9544448852539,0.9997830986976624,995.7944946289062,83.02599334716797,0.9999576807022095,89.09105682373047,1029.5465087890625,0.9998301267623901,1020.7360229492188,1022.9573364257812,0.9986526966094971,339.1586608886719,498.57147216796875,0.9989137649536133,331.3199768066406,609.180908203125,0.9985468983650208,276.77020263671875,551.1162719726562,0.9961058497428894,387.01812744140625,557.822265625,0.9934853911399841,714.6817626953125,500.93975830078125,0.994955837726593,757.3745727539062,717.3181762695312,0.9997373223304749,689.2516479492188,591.7593383789062,0.9939940571784973,782.7733764648438,554.7918701171875,0.8912639021873474,377.9592590332031,1091.7244873046875,0.19805097579956055,409.62652587890625,1030.725830078125,0.88407301902771,425.55474853515625,986.2780151367188,0.8792126178741455,485.79791259765625,908.1492309570312,0.9570794701576233,472.0815734863281,995.4166259765625,0.5898751020431519,360.6204528808594,963.8276977539062,0.5828390717506409,521.1273803710938,959.4303588867188,0.6238799691200256,503.94927978515625,854.509765625,0.2689581513404846,562.9649047851562,895.508544921875,0.9949654936790466,672.2586669921875,873.6371459960938,0.891562283039093,780.4118041992188,855.06005859375,0.21987394988536835
2598,85.08519744873047,113.95433044433594,0.9998383522033691,994.9295043945312,83.4307632446289,0.9999376535415649,90.8664321899414,1028.3199462890625,0.9998217225074768,1021.7242431640625,1021.7261962890625,0.9984387755393982,339.8288269042969,498.634765625,0.9990231990814209,330.0279235839844,609.717529296875,0.9978336691856384,276.9345397949219,551.9627075195312,0.9952349066734314,386.8876953125,557.3577880859375,0.9919586181640625,716.1074829101562,500.4411315917969,0.9816938042640686,757.7783203125,717.658935546875,0.999497652053833,690.6871948242188,592.6978759765625,0.9954095482826233,783.264892578125,553.286865234375,0.9041267037391663,378.4675598144531,1092.641357421875,0.018305372446775436,410.0873718261719,1035.4818115234375,0.1595061868429184,430.8572692871094,984.5535278320312,0.30885955691337585,487.2539978027344,909.8484497070312,0.8646645545959473,451.819091796875,1047.988525390625,0.1728345900774002,389.8261413574219,930.9494018554688,0.3134993314743042,531.6768188476562,941.2455444335938,0.7861243486404419,505.3917236328125,851.7654418945312,0.24374832212924957,566.111083984375,893.26025390625,0.9952734112739563,679.7838745117188,876.29345703125,0.6231692433357239,820.2970581054688,825.6400756835938,0.7785502672195435
2599,83.21500396728516,115.99700164794922,0.9998544454574585,995.3519897460938,84.879638671875,0.9998868703842163,88.92040252685547,1029.77197265625,0.999860405921936,1020.4877319335938,1022.8560791015625,0.9995718598365784,340.4046936035156,498.9966735839844,0.9991449117660522,331.20025634765625,609.8130493164062,0.9969286322593689,276.7792663574219,551.4293823242188,0.996512234210968,386.77044677734375,558.7821655273438,0.9936323761940002,715.7760620117188,500.92730712890625,0.9915090799331665,756.7535400390625,717.747802734375,0.9995926022529602,691.7239379882812,594.3168334960938,0.9976109266281128,784.598388671875,553.4110107421875,0.8331049680709839,398.93328857421875,1041.9969482421875,0.0318344347178936,366.578369140625,1071.696533203125,0.0631575733423233,368.78424072265625,1069.8055419921875,0.3130958676338196,404.8241882324219,1007.1212158203125,0.7540610432624817,432.71893310546875,1064.429443359375,0.8697689175605774,358.9024353027344,1031.7474365234375,0.5786954164505005,361.1561584472656,1025.9117431640625,0.5688967704772949,419.6339111328125,1066.7135009765625,0.15677711367607117,563.471435546875,897.9013671875,0.9983112812042236,671.3350830078125,877.2437744140625,0.7488835453987122,818.2518920898438,828.0597534179688,0.24442459642887115
2600,83.12483215332031,115.87992095947266,0.9998822212219238,993.2925415039062,84.86457824707031,0.9999524354934692,90.04722595214844,1029.2100830078125,0.9998799562454224,1021.7171020507812,1021.7255249023438,0.9989045858383179,339.658447265625,498.7999572753906,0.9992534518241882,331.2165832519531,610.1873779296875,0.9982824325561523,276.6284484863281,552.0267944335938,0.996407687664032,386.7795715332031,557.8555297851562,0.9947584271430969,716.78173828125,501.2385559082031,0.9914740324020386,757.1665649414062,717.3576049804688,0.9996581077575684,692.1885375976562,591.9415283203125,0.9950780868530273,783.146728515625,551.7807006835938,0.8894397616386414,430.57635498046875,1089.1722412109375,0.06528302282094955,425.8759460449219,1071.868896484375,0.8269092440605164,418.06646728515625,1075.9432373046875,0.19293835759162903,429.4500427246094,976.9990844726562,0.8140667676925659,436.4037780761719,1040.394775390625,0.7632462978363037,408.10235595703125,923.9811401367188,0.24664071202278137,524.8502807617188,945.712158203125,0.889087975025177,512.611328125,857.429443359375,0.09888426214456558,566.4566650390625,896.3690185546875,0.9992818236351013,671.9088134765625,876.73388671875,0.8730683326721191,824.94970703125,824.32177734375,0.7992774844169617
2601,83.44280242919922,114.98042297363281,0.9998406171798706,995.4677734375,84.23575592041016,0.999964714050293,88.7630615234375,1029.530029296875,0.999758780002594,1021.2452392578125,1021.5510864257812,0.9984051585197449,338.5705261230469,498.9384460449219,0.9988810420036316,331.68304443359375,608.9006958007812,0.998505711555481,276.5970153808594,551.7600708007812,0.9953104853630066,386.4032897949219,557.0364379882812,0.9958005547523499,717.35595703125,500.9748840332031,0.9911918044090271,757.61962890625,716.4494018554688,0.9995347261428833,692.872802734375,594.534423828125,0.9935676455497742,782.5120239257812,548.027099609375,0.8791128993034363,415.484619140625,1089.999755859375,0.06989255547523499,419.8174133300781,1060.5736083984375,0.8822804689407349,417.3251037597656,1050.38623046875,0.2708228826522827,488.11328125,900.4129638671875,0.8519518971443176,449.2591552734375,1015.5454711914062,0.6951351761817932,471.3945007324219,998.095458984375,0.13413017988204956,515.501953125,962.1793212890625,0.5327808856964111,513.4327392578125,857.11279296875,0.5165947675704956,566.0198974609375,898.9326782226562,0.9990811347961426,672.8021240234375,876.8417358398438,0.8944794535636902,328.3587341308594,182.83445739746094,0.11690756678581238
2602,83.29923248291016,116.49639892578125,0.999678373336792,996.3171997070312,85.79064178466797,0.9999359846115112,89.08517456054688,1030.8009033203125,0.9998493194580078,1022.1148681640625,1021.505126953125,0.9985765218734741,340.4652099609375,499.0738830566406,0.9990848302841187,330.7903747558594,608.49462890625,0.9978824257850647,276.7027587890625,549.8731689453125,0.9968684315681458,386.7817687988281,558.9532470703125,0.9944672584533691,719.4898681640625,500.77880859375,0.9962683916091919,755.7984008789062,715.953857421875,0.9998132586479187,695.6394653320312,596.26318359375,0.9944767355918884,783.3596801757812,552.2333984375,0.7651796340942383,410.7059326171875,1082.8177490234375,0.6633316278457642,413.019775390625,1047.11572265625,0.17170657217502594,455.5186462402344,960.3223266601562,0.5778681635856628,481.7001953125,930.0355834960938,0.5047725439071655,454.1580505371094,997.6971435546875,0.35021981596946716,437.7878723144531,902.9063720703125,0.2163393795490265,501.4452819824219,978.1514282226562,0.49410486221313477,467.4925537109375,991.5175170898438,0.35348963737487793,566.3045043945312,897.853271484375,0.9965317845344543,672.1702270507812,876.5220947265625,0.9643847346305847,821.1776123046875,821.8509521484375,0.2247435748577118
2603,85.31407165527344,117.5815200805664,0.9997114539146423,999.8934326171875,82.10792541503906,0.9992691874504089,89.0098876953125,1029.9755859375,0.9997888207435608,1021.1079711914062,1022.189697265625,0.9993429780006409,340.8223571777344,499.27294921875,0.9985873699188232,330.5362854003906,608.5262451171875,0.9986042380332947,276.500732421875,549.7928466796875,0.9974556565284729,387.1075744628906,560.0977783203125,0.9965428709983826,720.1524047851562,501.412109375,0.9909013509750366,756.730224609375,716.8178100585938,0.9997879862785339,694.6696166992188,595.9859619140625,0.9938331842422485,781.7879028320312,555.2997436523438,0.8954482078552246,322.7752685546875,934.3463134765625,0.970583438873291,391.3645324707031,928.1911010742188,0.5247742533683777,422.62200927734375,940.7157592773438,0.9904728531837463,479.10125732421875,928.8829956054688,0.368308961391449,429.1436462402344,976.9287719726562,0.6457417011260986,435.99957275390625,887.0309448242188,0.9135817289352417,476.9998779296875,998.5450439453125,0.6121300458908081,457.326904296875,984.2633056640625,0.5251233577728271,569.32177734375,896.1629028320312,0.9897685050964355,678.2196044921875,871.2843627929688,0.44564399123191833,821.1741333007812,820.298583984375,0.35256507992744446
2604,83.86247253417969,117.56452941894531,0.9997705817222595,995.5828857421875,82.90288543701172,0.9998243451118469,88.85265350341797,1028.755615234375,0.9997652173042297,1021.1459350585938,1022.44140625,0.9994181394577026,339.80224609375,499.4106140136719,0.9989506006240845,330.3351745605469,608.584228515625,0.9984678626060486,276.4583435058594,550.3109130859375,0.9980446100234985,386.341796875,558.7279663085938,0.9945831894874573,718.0108032226562,501.7767639160156,0.9948129653930664,756.522705078125,715.9491577148438,0.9996967315673828,694.6253051757812,594.5464477539062,0.9942276477813721,780.7742309570312,556.1141967773438,0.9105139970779419,328.3726501464844,919.8834838867188,0.8205346465110779,383.8565673828125,898.6903686523438,0.3154151141643524,420.9703674316406,912.4891967773438,0.5461466908454895,485.5185241699219,923.8448486328125,0.23105451464653015,429.7679748535156,970.3992919921875,0.7160851955413818,462.7778015136719,970.6596069335938,0.21071554720401764,451.59527587890625,931.17919921875,0.033131979405879974,432.75054931640625,972.8324584960938,0.008503780700266361,556.7711791992188,895.0414428710938,0.9587816596031189,654.3088989257812,870.4098510742188,0.9278850555419922,790.2238159179688,861.4337158203125,0.4233357608318329
2605,84.4758071899414,116.27617645263672,0.999548614025116,997.6555786132812,84.42416381835938,0.9998376369476318,88.49920654296875,1029.4443359375,0.9996316432952881,1018.8062744140625,1022.8584594726562,0.9990845918655396,338.4938659667969,498.9072265625,0.9980169534683228,331.0086975097656,609.6755981445312,0.9989269375801086,276.70660400390625,552.635498046875,0.9960681200027466,386.9179382324219,558.47607421875,0.9912007451057434,718.6869506835938,501.43853759765625,0.9921284914016724,756.1503295898438,715.7255859375,0.9997137188911438,693.39501953125,591.5001831054688,0.9924337863922119,781.9176025390625,555.66748046875,0.9624475240707397,351.3442687988281,908.6837158203125,0.7943000793457031,395.79498291015625,898.3828125,0.6886488795280457,404.2696533203125,899.6948852539062,0.4454566538333893,414.0561828613281,925.0007934570312,0.02888968214392662,431.6891784667969,954.3846435546875,0.4662887454032898,445.2830505371094,961.568359375,0.24235020577907562,472.6582336425781,931.4932250976562,0.05100249871611595,466.6343078613281,867.2337646484375,0.2849944233894348,557.8560791015625,901.4625854492188,0.9559789299964905,652.3404541015625,872.593017578125,0.8372268080711365,728.0743408203125,872.0925903320312,0.7114522457122803
2606,84.70870971679688,116.76038360595703,0.9995262622833252,994.6790161132812,83.32783508300781,0.9996863603591919,88.64618682861328,1030.531005859375,0.9997739195823669,1022.5285034179688,1022.0628051757812,0.9977808594703674,340.2597961425781,498.8028259277344,0.9989020824432373,330.1028137207031,609.1235961914062,0.9991374015808105,276.5316162109375,551.4398193359375,0.9979402422904968,388.2006530761719,559.7033081054688,0.9962402582168579,717.9552001953125,500.872802734375,0.9937084913253784,756.8765869140625,716.7682495117188,0.9997242093086243,693.5661010742188,594.3524780273438,0.9941853880882263,783.6909790039062,559.0299682617188,0.9198926687240601,359.7998962402344,904.0540771484375,0.12220717966556549,394.1721496582031,893.5449829101562,0.3123836815357208,417.054931640625,898.8132934570312,0.9837009310722351,495.36846923828125,919.5701904296875,0.2315777689218521,442.7434997558594,947.5269165039062,0.6078612804412842,450.3199768066406,869.3910522460938,0.5741458535194397,513.0149536132812,961.9749755859375,0.16519175469875336,487.58123779296875,863.6705322265625,0.4506717920303345,563.67431640625,894.713134765625,0.9957089424133301,667.7538452148438,868.3466796875,0.9406988024711609,826.3867797851562,816.0474243164062,0.7979335784912109
2607,83.60257720947266,114.12144470214844,0.9978914856910706,996.17724609375,83.36544036865234,0.999808132648468,89.0197982788086,1029.0184326171875,0.9997588992118835,1020.2634887695312,1021.7224731445312,0.9985880255699158,338.978515625,498.8775939941406,0.9992103576660156,331.62738037109375,609.4786376953125,0.9992464780807495,276.8607177734375,552.0145263671875,0.9974351525306702,388.6370849609375,557.9064331054688,0.9951087832450867,715.229248046875,500.5711364746094,0.9925623536109924,756.088623046875,715.0991821289062,0.9997515082359314,695.0609130859375,591.9188842773438,0.9914084076881409,782.05859375,553.167724609375,0.9479436278343201,496.57012939453125,965.527587890625,0.5206581950187683,476.7354736328125,951.4878540039062,0.2208043485879898,447.3280944824219,909.878173828125,0.0183425210416317,419.87652587890625,917.2138061523438,0.48513180017471313,488.2338562011719,922.0914306640625,0.02000543288886547,485.8544921875,893.5408325195312,0.03152558207511902,389.62835693359375,907.2761840820312,0.11113547533750534,493.3035583496094,870.688720703125,0.7880594730377197,563.7603149414062,901.6610717773438,0.9422727823257446,667.3638305664062,867.676513671875,0.8257778286933899,824.560302734375,819.3011474609375,0.8096145391464233
2608,83.73330688476562,115.5757064819336,0.9997143149375916,995.853271484375,83.1063003540039,0.999954104423523,88.97154235839844,1028.725830078125,0.9998189806938171,1020.2152709960938,1021.9562377929688,0.9985150694847107,339.18853759765625,499.0711669921875,0.9989659786224365,330.9544677734375,610.6576538085938,0.9992222785949707,276.70904541015625,551.7875366210938,0.9959828853607178,387.9953918457031,558.66455078125,0.9960792660713196,717.30810546875,499.8356018066406,0.9945408701896667,755.9860229492188,717.7489624023438,0.9997531771659851,694.7136840820312,592.8800048828125,0.9881734251976013,781.4774169921875,548.4873046875,0.8943324685096741,499.9989318847656,963.6536254882812,0.5733120441436768,439.154052734375,877.0571899414062,0.5210264325141907,447.8797302246094,883.4840087890625,0.4961076080799103,438.07281494140625,909.6293334960938,0.09290622174739838,414.78338623046875,875.8402099609375,0.24194763600826263,397.4770812988281,944.4111938476562,0.2551147937774658,447.7120056152344,959.6826782226562,0.12272649258375168,499.449951171875,863.9329833984375,0.13485494256019592,566.9916381835938,891.7363891601562,0.946358323097229,667.5265502929688,867.25537109375,0.987967848777771,734.7972412109375,873.7405395507812,0.09347709268331528
2609,84.97627258300781,115.6436767578125,0.9996134638786316,995.6278076171875,84.16910552978516,0.9999520778656006,88.94959259033203,1029.3385009765625,0.9998584985733032,1019.607177734375,1021.865234375,0.99811851978302,338.7837829589844,499.19268798828125,0.9992669224739075,330.70770263671875,609.52294921875,0.9986043572425842,276.858642578125,550.6626586914062,0.9981116056442261,387.4197692871094,558.0626831054688,0.9966785907745361,717.68896484375,500.7247009277344,0.9889411330223083,757.1051635742188,716.0057373046875,0.9997009038925171,695.6195068359375,593.6831665039062,0.9918075203895569,780.2930908203125,548.3504028320312,0.9248490929603577,400.95794677734375,864.210205078125,0.13572433590888977,458.0865173339844,902.0287475585938,0.3387511074542999,476.0856018066406,946.5828857421875,0.30240678787231445,443.744140625,881.9650268554688,0.15784907341003418,404.333251953125,876.65869140625,0.3465328514575958,407.6478576660156,858.92041015625,0.20219507813453674,453.1947326660156,844.5496215820312,0.23756469786167145,491.6597900390625,861.6253051757812,0.49089235067367554,541.6932373046875,876.1217651367188,0.9020739197731018,666.1975708007812,868.856689453125,0.9040020108222961,732.6812744140625,872.3921508789062,0.03491385653614998
2610,84.60027313232422,116.15364837646484,0.99955815076828,994.9365844726562,84.78768157958984,0.9999412298202515,88.97917175292969,1030.3502197265625,0.9997918009757996,1018.2853393554688,1023.0292358398438,0.9988961219787598,340.08441162109375,499.4373474121094,0.9991706609725952,330.5242614746094,609.5641479492188,0.9988240599632263,276.91156005859375,550.4777221679688,0.9964985847473145,387.2367858886719,559.9500122070312,0.994246780872345,715.1638793945312,500.5084533691406,0.993759036064148,757.9017944335938,717.1817016601562,0.9998154044151306,697.0332641601562,596.3728637695312,0.9881020784378052,781.0028686523438,548.1001586914062,0.8741956949234009,396.08270263671875,847.1045532226562,0.6458192467689514,451.6741638183594,886.9124145507812,0.8694930672645569,462.3125915527344,885.0840454101562,0.3622240722179413,478.8919372558594,937.7191772460938,0.33550506830215454,462.0041809082031,952.5252075195312,0.22001461684703827,497.07952880859375,911.6881103515625,0.7108875513076782,525.1898803710938,940.9671020507812,0.07817313820123672,495.7657470703125,858.012939453125,0.9261722564697266,568.9690551757812,889.7500610351562,0.912642240524292,669.1548461914062,869.7402954101562,0.9826511740684509,816.4701538085938,834.8428344726562,0.2581300437450409
2611,83.92487335205078,116.19901275634766,0.9997963309288025,995.2529907226562,84.37667083740234,0.9999501705169678,89.43672180175781,1030.39599609375,0.9997552037239075,1020.0538940429688,1022.4486694335938,0.9990493655204773,339.01568603515625,499.4846496582031,0.9985916018486023,332.1377868652344,609.5762329101562,0.999306321144104,276.9944152832031,552.8803100585938,0.9948752522468567,386.7627258300781,560.552978515625,0.9978103041648865,715.256591796875,500.8619384765625,0.990180492401123,756.9243774414062,719.0420532226562,0.9998288154602051,693.5619506835938,596.6458740234375,0.998763918876648,782.6909790039062,568.9285888671875,0.9214319586753845,383.1393127441406,837.0310668945312,0.93947434425354,445.5662841796875,875.9136352539062,0.9265552759170532,460.0978698730469,901.0853271484375,0.6959836483001709,486.2803039550781,918.2218627929688,0.495342880487442,400.69049072265625,885.9584350585938,0.6612119674682617,499.66778564453125,895.04345703125,0.20421290397644043,483.5110778808594,962.2276000976562,0.08545424044132233,484.3257141113281,941.5845947265625,0.564321756362915,567.594482421875,896.4735717773438,0.24378560483455658,652.0414428710938,871.9908447265625,0.8419906497001648,569.0106201171875,901.4400634765625,0.3433719575405121
2612,83.31913757324219,115.21591186523438,0.9992559552192688,996.5061645507812,83.75241088867188,0.9991390705108643,89.7386245727539,1030.8016357421875,0.9997311234474182,1021.0092163085938,1022.8865966796875,0.9990711212158203,338.20013427734375,499.3602600097656,0.9991564750671387,332.7041320800781,610.1729125976562,0.9991718530654907,277.44512939453125,552.6727294921875,0.9966797828674316,386.017578125,557.9122314453125,0.9971821308135986,716.5689086914062,501.1185302734375,0.9946200847625732,756.7481079101562,718.722900390625,0.9997010827064514,695.0154418945312,596.0965576171875,0.998335063457489,782.3245239257812,558.127685546875,0.877211332321167,354.20184326171875,827.8557739257812,0.9628474116325378,420.65576171875,854.2913208007812,0.9931621551513672,444.6919250488281,880.8821411132812,0.9312445521354675,482.177490234375,925.1461181640625,0.6467872858047485,413.8985595703125,906.0531616210938,0.3430386483669281,502.8949279785156,850.2130737304688,0.4003807604312897,443.26226806640625,962.2166137695312,0.915993869304657,516.46337890625,860.3092651367188,0.9715009927749634,486.9284973144531,984.9449462890625,0.256966769695282,664.6243896484375,869.6077880859375,0.9671640992164612,787.139404296875,649.0524291992188,0.0628989189863205
2613,85.57149505615234,119.47542572021484,0.997685432434082,995.1123046875,83.52938842773438,0.9998800754547119,88.8553466796875,1029.3006591796875,0.9997792840003967,1022.1607666015625,1023.0911254882812,0.99858558177948,338.7366638183594,499.3069152832031,0.9993380904197693,331.8185729980469,609.9720458984375,0.9987560510635376,277.7283020019531,552.083740234375,0.9958190321922302,386.64300537109375,558.906494140625,0.9957660436630249,717.9376831054688,501.3522033691406,0.9929199814796448,757.43603515625,719.1351928710938,0.9996497631072998,695.8243408203125,594.7097778320312,0.997282862663269,783.0272216796875,556.6734619140625,0.8618371486663818,319.3372497558594,823.1444091796875,0.9291208982467651,406.2153625488281,851.5567016601562,0.879444420337677,435.458251953125,871.8899536132812,0.9287397861480713,489.82293701171875,903.9945068359375,0.963344931602478,409.846435546875,915.2380981445312,0.44641798734664917,460.5675354003906,842.801513671875,0.8316229581832886,448.55316162109375,948.6293334960938,0.9527116417884827,522.875244140625,863.7913208007812,0.9933829307556152,564.3775634765625,892.578125,0.9672605991363525,664.47216796875,871.0993041992188,0.7879324555397034,826.1835327148438,819.197265625,0.15693509578704834
2614,85.24817657470703,117.06214904785156,0.9883698225021362,995.1763916015625,85.19681549072266,0.9998631477355957,89.91508483886719,1030.59814453125,0.999736487865448,1021.240478515625,1022.7675170898438,0.9990298748016357,337.5324401855469,499.4696044921875,0.9993218183517456,333.6937561035156,610.5795288085938,0.9992188215255737,278.3158874511719,553.85888671875,0.9953032732009888,386.36822509765625,557.668701171875,0.9955636262893677,718.4537963867188,500.4493408203125,0.9967173933982849,758.97021484375,718.474609375,0.9997391104698181,694.7364501953125,594.642822265625,0.9984311461448669,783.5888671875,566.3483276367188,0.9349142909049988,266.0817565917969,816.0448608398438,0.9889316558837891,337.88006591796875,824.102294921875,0.9563254714012146,374.30450439453125,842.0408935546875,0.9686573147773743,465.17266845703125,884.4232788085938,0.9848335385322571,379.1709289550781,894.2993774414062,0.6862679123878479,418.3261413574219,824.4917602539062,0.9390043020248413,443.84100341796875,949.245849609375,0.962034285068512,532.6502685546875,876.9569091796875,0.9142072200775146,576.4301147460938,886.2808837890625,0.15151368081569672,665.7973022460938,867.3164672851562,0.9644485712051392,823.5397338867188,818.1573486328125,0.5659749507904053
2615,84.33711242675781,116.71414184570312,0.9992419481277466,994.3438110351562,83.84039306640625,0.9998743534088135,88.9903793334961,1028.0389404296875,0.9998555183410645,1022.235595703125,1021.9890747070312,0.9988346695899963,338.0581359863281,499.4997863769531,0.9992648959159851,332.7604675292969,609.9253540039062,0.9990278482437134,277.3367004394531,553.7805786132812,0.993396520614624,386.9002990722656,559.3917236328125,0.9972653388977051,715.392333984375,500.70513916015625,0.9964864253997803,758.2589111328125,718.2298583984375,0.9996819496154785,694.5849609375,594.3004150390625,0.9965893030166626,781.6430053710938,550.0938110351562,0.8640232086181641,214.0804901123047,831.3560180664062,0.9492776393890381,289.6917419433594,823.3659057617188,0.9769450426101685,322.63677978515625,830.8375854492188,0.9651597738265991,437.26715087890625,870.0948486328125,0.998506486415863,349.2612609863281,888.4357299804688,0.915982723236084,372.3276062011719,809.7364501953125,0.6757775545120239,378.348876953125,805.007080078125,0.31996744871139526,514.8657836914062,845.5086669921875,0.9974147081375122,561.4454345703125,893.9405517578125,0.9823540449142456,664.6068115234375,869.6516723632812,0.9612901210784912,823.4612426757812,817.3621826171875,0.12630701065063477
2616,83.13346099853516,116.13404083251953,0.9998151659965515,994.595947265625,82.5048828125,0.9998130202293396,89.60037994384766,1029.61962890625,0.9997987151145935,1022.7666015625,1022.657470703125,0.9991955161094666,337.9643249511719,498.9601135253906,0.9989882111549377,331.8287353515625,610.3271484375,0.998816728591919,277.06231689453125,551.8806762695312,0.9944644570350647,386.5131530761719,558.98046875,0.994940996170044,716.0170288085938,500.7159423828125,0.9917769432067871,757.9923095703125,717.3568115234375,0.9996907711029053,693.4345703125,592.3504638671875,0.997178316116333,782.9052124023438,550.7540893554688,0.9134235382080078,168.1360626220703,840.9351806640625,0.3364240229129791,236.0913543701172,835.64599609375,0.9937146306037903,261.63275146484375,834.992431640625,0.9825168251991272,427.5580749511719,865.613037109375,0.965638279914856,318.3466796875,887.0008544921875,0.7946892976760864,375.8251953125,802.46875,0.14555031061172485,333.20330810546875,802.8950805664062,0.8186086416244507,504.8381652832031,835.264404296875,0.9908760786056519,549.7094116210938,887.4342651367188,0.9931806325912476,668.9828491210938,868.4359130859375,0.861980140209198,821.2037963867188,812.352783203125,0.06810589879751205
2617,84.94092559814453,117.36886596679688,0.9993102550506592,995.4166870117188,85.0047836303711,0.999958872795105,88.93978118896484,1031.28955078125,0.9996476173400879,1022.006103515625,1022.6279907226562,0.9989116191864014,336.9310607910156,498.6993713378906,0.9989062547683716,333.5452880859375,610.4912719726562,0.9988195300102234,276.96783447265625,553.8854370117188,0.9932176470756531,387.6255798339844,557.284423828125,0.9948906898498535,720.131591796875,498.5145568847656,0.975346028804779,760.1785278320312,718.3682861328125,0.9994630217552185,696.3333740234375,595.322021484375,0.9971398115158081,783.4142456054688,558.7588500976562,0.8308930397033691,115.82128143310547,856.8461303710938,0.9564897418022156,187.2222442626953,845.1661376953125,0.8348603844642639,215.05226135253906,839.5858154296875,0.5514573454856873,397.31256103515625,863.1923828125,0.9413039684295654,284.0023498535156,891.8897705078125,0.6090561151504517,341.9881286621094,803.2745361328125,0.26723402738571167,282.2186584472656,802.1768798828125,0.8558327555656433,480.5328674316406,836.8958740234375,0.9539125561714172,523.0690307617188,896.8884887695312,0.9783565402030945,747.837646484375,864.9134521484375,0.48402610421180725,827.2735595703125,820.9603881835938,0.8223403096199036
2618,83.80593872070312,116.62063598632812,0.9997780919075012,996.6317749023438,83.91234588623047,0.9998725652694702,88.63939666748047,1028.9349365234375,0.9998383522033691,1021.129638671875,1021.8583374023438,0.9989810585975647,338.2532958984375,499.24578857421875,0.9993292093276978,330.3497619628906,610.5631713867188,0.9989086389541626,277.1888122558594,553.4850463867188,0.9952776432037354,387.5948486328125,558.3618774414062,0.9954730868339539,718.2421264648438,500.384765625,0.9967989921569824,759.386962890625,718.2977294921875,0.9996606111526489,694.9473876953125,592.730224609375,0.9947240948677063,782.9908447265625,550.47119140625,0.6960764527320862,53.27621841430664,873.1472778320312,0.9987086057662964,144.8601837158203,857.8954467773438,0.9930660724639893,170.81964111328125,859.1195678710938,0.9765183329582214,338.27337646484375,864.4354858398438,0.9973545074462891,245.08221435546875,910.6458129882812,0.37302371859550476,227.90704345703125,816.36474609375,0.36364930868148804,382.89849853515625,932.142333984375,0.9747768640518188,251.57614135742188,906.673828125,0.3736365735530853,461.3089904785156,891.5009155273438,0.9818856120109558,647.6068115234375,869.9521484375,0.7596277594566345,819.7620849609375,810.32275390625,0.9449660181999207
2619,84.35318756103516,114.89647674560547,0.9998352527618408,994.9664306640625,84.08887481689453,0.9998886585235596,88.03108978271484,1029.4627685546875,0.9996790885925293,1021.4276123046875,1024.0281982421875,0.9993335604667664,337.4452209472656,499.3089294433594,0.9992515444755554,330.9952087402344,610.6887817382812,0.9986363053321838,277.36474609375,552.8350219726562,0.9971076846122742,388.88275146484375,558.4795532226562,0.9964537620544434,717.4263305664062,499.5586242675781,0.997374415397644,758.4507446289062,717.4193725585938,0.9998212456703186,695.11962890625,592.8464965820312,0.9926514029502869,781.919189453125,553.3206787109375,0.9274293780326843,29.196144104003906,904.5256958007812,0.9447802305221558,115.35480499267578,889.1768798828125,0.9952554106712341,152.3106231689453,882.3593139648438,0.8350781202316284,279.1485595703125,866.5760498046875,0.9984638690948486,3.677513599395752,908.336181640625,0.021953584626317024,118.73702239990234,847.7147827148438,0.23561324179172516,332.127685546875,931.98388671875,0.9960266351699829,224.15953063964844,930.5786743164062,0.9974589943885803,393.4276123046875,872.1173706054688,0.9956172704696655,575.4085083007812,872.9637451171875,0.23796892166137695,327.65606689453125,184.67938232421875,0.2098761349916458
2620,84.82128143310547,115.60490417480469,0.9998061060905457,995.02783203125,82.6238784790039,0.999932050704956,88.36260986328125,1028.136962890625,0.9971477389335632,1021.2286376953125,1022.54150390625,0.9994807839393616,338.17535400390625,499.5396728515625,0.9992048144340515,332.75482177734375,611.1986694335938,0.9990447163581848,277.12969970703125,553.87548828125,0.9979252815246582,387.1763000488281,558.5872192382812,0.9961354732513428,716.7300415039062,500.5785217285156,0.9976609945297241,758.0928344726562,717.1558227539062,0.9998712539672852,694.1917114257812,592.4556274414062,0.9956889748573303,783.3779296875,557.1436157226562,0.8368183970451355,3.4717442989349365,921.284423828125,0.32859867811203003,89.27262115478516,901.950927734375,0.7922619581222534,131.93064880371094,892.8170166015625,0.6846724152565002,246.34552001953125,876.7949829101562,0.9270175695419312,176.89988708496094,933.320556640625,0.7774840593338013,96.29627990722656,854.618408203125,0.03146406263113022,307.20172119140625,922.1798095703125,0.9200292825698853,306.7002258300781,826.6929931640625,0.47675222158432007,372.2523498535156,870.3528442382812,0.9681793451309204,533.8977661132812,876.5115966796875,0.4960566759109497,662.685791015625,862.9116821289062,0.05377699062228203
2621,86.04032897949219,116.79979705810547,0.9997519850730896,996.836181640625,82.8873062133789,0.999962568283081,89.11893463134766,1027.5421142578125,0.9972156286239624,1020.32666015625,1023.854736328125,0.9994943141937256,338.197265625,499.320068359375,0.9993757605552673,333.3239440917969,610.8279418945312,0.9988088607788086,276.99737548828125,553.6385498046875,0.9974542260169983,387.23992919921875,558.4369506835938,0.9949599504470825,715.496826171875,500.47113037109375,0.9969927072525024,757.4498291015625,717.33349609375,0.9998223185539246,694.2981567382812,591.7578735351562,0.9897997379302979,782.3578491210938,555.8705444335938,0.8131255507469177,1.1962769031524658,860.1953125,0.19830146431922913,61.37403869628906,909.3960571289062,0.4710175693035126,102.61522674560547,899.7832641601562,0.2800024747848511,227.5507049560547,871.2864379882812,0.981357753276825,13.616678237915039,940.7257690429688,0.04628261551260948,91.88835906982422,841.1183471679688,0.8207759261131287,288.0499572753906,913.6171875,0.9639676213264465,274.5969543457031,811.0565185546875,0.9627900719642639,348.1026611328125,863.8124389648438,0.9872764945030212,581.9205322265625,874.0109252929688,0.145356684923172,662.6194458007812,867.804931640625,0.24849770963191986
2622,83.37763977050781,118.25069427490234,0.9996705055236816,995.1063842773438,84.1583480834961,0.9999446868896484,91.04784393310547,1027.786376953125,0.9986024498939514,1022.0870361328125,1023.8135986328125,0.9992048144340515,339.7881164550781,499.3200378417969,0.9995608925819397,330.99078369140625,609.9522705078125,0.9993420243263245,276.9394836425781,551.9641723632812,0.9970076680183411,387.5017395019531,559.7083740234375,0.9955428242683411,716.9896240234375,501.0252990722656,0.9982621073722839,756.7843017578125,717.476806640625,0.9998015761375427,694.2408447265625,593.3585815429688,0.9941604733467102,782.9384765625,553.455078125,0.7981173992156982,0.01931595802307129,843.3887329101562,0.12925265729427338,50.93746566772461,899.331787109375,0.6238337755203247,113.90392303466797,881.5426635742188,0.7156850695610046,234.44482421875,860.9703369140625,0.9910945892333984,6.974753379821777,949.5299072265625,0.1808980256319046,153.94564819335938,837.678466796875,0.4848421514034271,285.19940185546875,910.5989379882812,0.8352832794189453,266.71295166015625,800.8092651367188,0.9550811648368835,353.6905822753906,864.4420776367188,0.9804845452308655,512.017822265625,872.9536743164062,0.6182946562767029,660.391845703125,872.2508544921875,0.0726652517914772
2623,84.13372802734375,117.59949493408203,0.9998297691345215,994.029052734375,87.58563232421875,0.9998300075531006,90.018798828125,1027.7381591796875,0.998872697353363,1020.877197265625,1024.2008056640625,0.999276340007782,339.4688415527344,499.3392333984375,0.9993613362312317,331.3865966796875,610.1258544921875,0.9992468357086182,276.9733581542969,552.7540283203125,0.9968578815460205,388.2397155761719,560.025390625,0.994587779045105,717.8989868164062,499.3518981933594,0.9989857077598572,757.3095703125,717.9656372070312,0.9998162388801575,693.6083374023438,592.5570678710938,0.9930897355079651,782.6689453125,555.6233520507812,0.7749131917953491,-0.2727813720703125,843.7633666992188,0.033892806619405746,45.336814880371094,894.267333984375,0.15136459469795227,84.8653564453125,888.3837280273438,0.600386381149292,228.57269287109375,863.3856811523438,0.9426111578941345,16.021974563598633,929.2028198242188,0.26486095786094666,87.5247802734375,827.5272216796875,0.7609697580337524,276.7508239746094,908.5144653320312,0.5889548063278198,257.38958740234375,803.7920532226562,0.9167993664741516,352.3929138183594,861.8318481445312,0.9824786186218262,506.57904052734375,872.0782470703125,0.7662531137466431,656.9221801757812,874.107421875,0.020444825291633606
2624,83.74463653564453,113.82223510742188,0.9997730851173401,994.7572021484375,84.959228515625,0.9999517202377319,89.42698669433594,1028.7010498046875,0.9991036057472229,1022.4708862304688,1023.4567260742188,0.9993566870689392,338.9278564453125,499.0523986816406,0.9992631077766418,331.5762634277344,609.67578125,0.9986274242401123,277.06060791015625,552.0487670898438,0.9966756105422974,386.8258361816406,559.1287231445312,0.9953861832618713,718.0193481445312,500.02392578125,0.9970313310623169,757.7271728515625,717.5285034179688,0.9998745918273926,694.8560791015625,593.33740234375,0.9965799450874329,779.9601440429688,551.3550415039062,0.8504919409751892,-0.4097728729248047,832.0859985351562,0.03196489065885544,7.832788467407227,898.7504272460938,0.42557570338249207,19.21710205078125,898.3030395507812,0.712119996547699,226.5139923095703,861.8361206054688,0.985049307346344,18.66119384765625,929.729248046875,0.4066310226917267,136.77151489257812,823.4444580078125,0.22023972868919373,277.47711181640625,908.8280029296875,0.9723772406578064,263.39666748046875,799.2989501953125,0.950131893157959,350.794189453125,862.8023071289062,0.994949460029602,497.6947937011719,870.8031005859375,0.9836534261703491,598.8040161132812,875.5035400390625,0.05619638413190842
2625,84.56057739257812,115.497802734375,0.9999375343322754,995.0799560546875,83.79241943359375,0.9999600648880005,89.03254699707031,1027.593994140625,0.9990906715393066,1022.3076782226562,1023.2151489257812,0.9991012811660767,338.08453369140625,498.8446960449219,0.9989683628082275,331.64410400390625,610.2049560546875,0.9986226558685303,276.9944763183594,553.183349609375,0.9961003065109253,387.1288146972656,559.284423828125,0.9950271248817444,718.4669799804688,500.0650939941406,0.9985167384147644,757.73291015625,716.657958984375,0.9998003840446472,695.1602783203125,592.937255859375,0.9904054999351501,782.1534423828125,549.5750732421875,0.8206695318222046,2.7448625564575195,881.571044921875,0.049463510513305664,6.667990684509277,873.199951171875,0.15880177915096283,14.723645210266113,886.495849609375,0.32164812088012695,226.26834106445312,860.7788696289062,0.9905097484588623,61.555477142333984,923.103759765625,0.7854890823364258,101.14433288574219,818.1254272460938,0.4970908463001251,281.3457946777344,905.3145751953125,0.4570508897304535,271.86224365234375,799.8984985351562,0.9010593891143799,359.1314392089844,865.2631225585938,0.997643768787384,505.64447021484375,871.0764770507812,0.9419954419136047,655.573974609375,874.7435913085938,0.054985176771879196
2626,83.22264099121094,116.10591888427734,0.9997476935386658,994.742919921875,82.89864349365234,0.9998297691345215,88.70079040527344,1028.7650146484375,0.999496579170227,1020.551513671875,1022.259521484375,0.9992446899414062,337.8511657714844,498.98516845703125,0.9995197057723999,332.02252197265625,610.549072265625,0.9990272521972656,277.18865966796875,553.61572265625,0.997208297252655,386.57928466796875,557.5255737304688,0.9952849745750427,716.1298828125,500.3726501464844,0.9986031651496887,757.939453125,717.4105224609375,0.9998000264167786,695.390869140625,594.9586791992188,0.9965954422950745,781.0932006835938,556.50439453125,0.8567211031913757,2.5115396976470947,915.2789306640625,0.038322992622852325,14.920498847961426,906.9589233398438,0.6449702382087708,25.59298324584961,795.9284057617188,0.4955480694770813,230.7457733154297,852.4688720703125,0.9882941246032715,58.883182525634766,902.9282836914062,0.6469091176986694,70.36628723144531,789.4728393554688,0.31604716181755066,274.4064636230469,913.9580688476562,0.850022554397583,272.82965087890625,796.8843994140625,0.9587728977203369,352.8896484375,869.0247192382812,0.9960439205169678,494.06500244140625,869.6032104492188,0.8754653930664062,646.5025024414062,870.6091918945312,0.4628572463989258
2627,84.41813659667969,115.38802337646484,0.9997696280479431,996.8579711914062,81.75778198242188,0.9998531341552734,88.27191925048828,1028.816162109375,0.9995006322860718,1020.79296875,1024.0386962890625,0.9987367987632751,337.5708312988281,499.19622802734375,0.9993605017662048,331.9472351074219,610.3316650390625,0.9990088939666748,277.4134216308594,552.9217529296875,0.9969497323036194,386.2884826660156,556.8555297851562,0.9954776167869568,718.3623046875,498.22589111328125,0.9957524538040161,759.407470703125,718.1434326171875,0.9998044371604919,695.2902221679688,596.6492309570312,0.9972499012947083,782.98046875,562.0840454101562,0.8030818700790405,1.701261043548584,908.19287109375,0.04293190687894821,30.77846908569336,831.6134643554688,0.18664032220840454,44.055450439453125,826.6536865234375,0.9019796252250671,235.0096893310547,849.3502807617188,0.9976344108581543,97.7667007446289,873.4440307617188,0.9821938276290894,57.005836486816406,785.1046752929688,0.7657853960990906,187.79928588867188,791.0455932617188,0.8931059241294861,278.1932678222656,803.1055908203125,0.8214771151542664,346.07440185546875,869.4992065429688,0.997947633266449,497.2697448730469,870.9790649414062,0.9745988249778748,644.5695190429688,868.3325805664062,0.14945536851882935
2628,84.25065612792969,115.30204772949219,0.999749481678009,994.8756713867188,81.83323669433594,0.9998985528945923,87.87039947509766,1028.3111572265625,0.9996703863143921,1022.0733642578125,1022.0771484375,0.9985672235488892,338.2349548339844,499.19683837890625,0.9992560744285583,330.92181396484375,609.703125,0.9986757636070251,277.5449523925781,551.9300537109375,0.9963752627372742,385.46142578125,557.452880859375,0.9941664934158325,718.074951171875,500.62255859375,0.9979346990585327,758.9541015625,715.419677734375,0.999901533126831,694.8109741210938,598.9087524414062,0.9981216788291931,781.7767944335938,558.802001953125,0.78053879737854,-1.9203681945800781,782.1087036132812,0.13524280488491058,30.778179168701172,817.81640625,0.9888955354690552,54.411102294921875,825.7764282226562,0.9853495955467224,221.89683532714844,850.3868408203125,0.8931441307067871,95.0782699584961,863.0676879882812,0.6308272480964661,72.89726257324219,782.3585205078125,0.9791799187660217,233.773681640625,788.2843017578125,0.436545193195343,266.8466796875,799.379150390625,0.5217227339744568,324.9985046386719,872.2211303710938,0.9776893854141235,431.7893371582031,873.2745361328125,0.8004423975944519,601.3853759765625,865.8489990234375,0.0329301618039608
2629,84.3204574584961,118.50607299804688,0.9994756579399109,994.1427001953125,81.57318878173828,0.9995914101600647,88.82331848144531,1029.8695068359375,0.999643087387085,1020.43994140625,1022.9603881835938,0.9986024498939514,337.0699157714844,499.1343688964844,0.9989713430404663,332.8695373535156,610.12548828125,0.9986514449119568,278.2049560546875,554.110595703125,0.9942183494567871,387.4635314941406,555.7846069335938,0.9930129647254944,717.677001953125,500.7339782714844,0.9964871406555176,757.2467651367188,715.5577392578125,0.9998570680618286,694.8842163085938,598.8974609375,0.9958095550537109,781.5330200195312,558.5975952148438,0.9010965824127197,-0.31333208084106445,774.3020629882812,0.1622975617647171,35.50556564331055,809.8793334960938,0.78328937292099,159.6031494140625,837.535888671875,0.6862810850143433,225.08045959472656,841.6766357421875,0.5953059196472168,81.983154296875,782.3876953125,0.8225798010826111,74.3438491821289,777.6429443359375,0.7349390983581543,231.93470764160156,795.4396362304688,0.17565231025218964,259.9024353027344,802.6214599609375,0.2101949006319046,304.2135009765625,881.404052734375,0.9972949624061584,429.5698547363281,880.8807983398438,0.9090973138809204,593.6577758789062,871.3578491210938,0.1046856939792633
2630,85.69144439697266,117.32722473144531,0.9993689656257629,997.286376953125,82.58045196533203,0.9997994303703308,89.31612396240234,1027.87939453125,0.9998530149459839,1020.0869750976562,1022.6361083984375,0.9988957643508911,338.0401306152344,499.26788330078125,0.9990672469139099,332.08319091796875,610.0407104492188,0.9982892870903015,277.5872802734375,553.717529296875,0.9922178983688354,386.7528381347656,557.2940673828125,0.995438277721405,717.789306640625,499.88427734375,0.9981890320777893,758.0537109375,717.20458984375,0.9999085664749146,694.9288940429688,595.5547485351562,0.9959831237792969,783.8883056640625,567.3930053710938,0.8315380811691284,0.7926054000854492,775.7429809570312,0.284052312374115,31.898029327392578,802.4371948242188,0.8848302364349365,46.74674987792969,809.614990234375,0.41042253375053406,196.71737670898438,847.1991577148438,0.9991273283958435,63.75507354736328,859.4588623046875,0.9519899487495422,85.32115173339844,784.0626220703125,0.2852376103401184,219.76028442382812,899.27880859375,0.45876023173332214,242.95164489746094,792.4210205078125,0.9684271812438965,285.4479675292969,868.5349731445312,0.9950803518295288,418.0595703125,881.696044921875,0.994461178779602,589.4630126953125,862.1767578125,0.05951400101184845
2631,84.20111083984375,114.72679138183594,0.9997116923332214,995.3439331054688,81.85409545898438,0.9998249411582947,88.394775390625,1030.0137939453125,0.9997209906578064,1020.6680297851562,1022.9467163085938,0.998997151851654,339.1527099609375,499.0586242675781,0.9992351531982422,332.0359191894531,609.6915893554688,0.998699426651001,277.71160888671875,552.6661376953125,0.9940324425697327,386.236572265625,559.0860595703125,0.9949511289596558,718.830078125,500.3273010253906,0.99406498670578,756.89453125,717.0166625976562,0.9999005794525146,693.93212890625,595.2103881835938,0.9954404830932617,781.8505859375,555.4679565429688,0.89131098985672,42.52552032470703,881.8915405273438,0.1892978549003601,13.273694038391113,760.9786376953125,0.8812196254730225,68.2342300415039,808.2186889648438,0.29956507682800293,175.69557189941406,844.8157958984375,0.9835547804832458,185.33126831054688,778.8795776367188,0.4560832977294922,114.51836395263672,774.6044921875,0.8583932518959045,213.00108337402344,889.4810791015625,0.8907452821731567,223.3463897705078,791.8875122070312,0.8963574767112732,272.6616516113281,850.2593994140625,0.9958345890045166,423.88836669921875,880.975830078125,0.7475199699401855,543.8854370117188,612.2403564453125,0.05465972423553467
2632,84.52444458007812,114.60601043701172,0.998897910118103,996.4702758789062,84.89341735839844,0.9999501705169678,90.07060241699219,1028.7486572265625,0.999757707118988,1020.323974609375,1022.2361450195312,0.9992320537567139,336.9071044921875,499.0738220214844,0.9987744688987732,337.01611328125,610.5479125976562,0.9989292025566101,278.5906677246094,554.7484741210938,0.9924197793006897,386.7603759765625,557.9052124023438,0.9959985017776489,716.085205078125,500.13751220703125,0.9981100559234619,757.7374877929688,717.1779174804688,0.9999027252197266,694.2153930664062,594.0655517578125,0.99676114320755,784.989501953125,569.025390625,0.8539109826087952,176.64564514160156,712.546142578125,0.4742452800273895,53.80735397338867,773.4307250976562,0.9170917272567749,75.03268432617188,772.9756469726562,0.9638758897781372,168.3604736328125,815.9987182617188,0.9862902760505676,58.10702133178711,837.4010009765625,0.6121070981025696,114.67936706542969,755.3094482421875,0.7944485545158386,190.89584350585938,872.4209594726562,0.7960715293884277,219.10910034179688,775.4970092773438,0.66727614402771,269.47113037109375,844.9100341796875,0.9833269715309143,417.52032470703125,881.6971435546875,0.4245484173297882,492.8279724121094,872.797119140625,0.9130631685256958
2633,84.03470611572266,113.90415954589844,0.99978107213974,998.2293090820312,83.77503204345703,0.9997066855430603,89.83586120605469,1029.2728271484375,0.9999144077301025,1021.1834106445312,1022.4963989257812,0.9987793564796448,338.76123046875,498.9012756347656,0.9990636706352234,337.1119384765625,610.1724243164062,0.9984667301177979,278.48248291015625,556.2550048828125,0.9947293400764465,387.6827087402344,558.7146606445312,0.996436357498169,716.544921875,500.4270324707031,0.9981753826141357,758.1901245117188,718.2220458984375,0.9998514652252197,693.0759887695312,594.0108032226562,0.995481014251709,783.7510986328125,551.5014038085938,0.7286402583122253,10.885040283203125,646.9501953125,0.07995908707380295,51.025386810302734,714.4737548828125,0.37123242020606995,86.03158569335938,744.6360473632812,0.6086866855621338,166.13311767578125,793.4089965820312,0.9332965016365051,18.243541717529297,701.7786254882812,0.362496554851532,134.1847381591797,712.9371337890625,0.9546201229095459,170.6101531982422,843.2166748046875,0.2675711214542389,221.92372131347656,760.3056030273438,0.7273322343826294,261.6233215332031,832.4539184570312,0.9985324144363403,357.4344482421875,867.5101928710938,0.8207873106002808,491.5577392578125,873.54345703125,0.7627737522125244
2634,83.65757751464844,115.42488098144531,0.9994134902954102,997.5811767578125,84.38565826416016,0.9998784065246582,90.47544860839844,1029.836669921875,0.9999344348907471,1021.4512939453125,1022.181640625,0.9981630444526672,337.1101989746094,498.7038269042969,0.9992443323135376,333.07855224609375,609.0370483398438,0.9978289008140564,277.5536804199219,552.619384765625,0.9965282082557678,386.2483825683594,557.0297241210938,0.9954293966293335,715.858154296875,499.4107666015625,0.9961382746696472,758.0111694335938,718.6246337890625,0.999810516834259,693.938720703125,595.5592651367188,0.9986653327941895,784.1622314453125,550.7963256835938,0.7838377356529236,56.676666259765625,590.6714477539062,0.4996439516544342,84.90501403808594,663.4282836914062,0.8695342540740967,92.95099639892578,700.5478515625,0.7950944304466248,167.13951110839844,787.1851196289062,0.8835480809211731,37.24953079223633,733.0087280273438,0.9549729824066162,147.51466369628906,692.1066284179688,0.954404354095459,175.7931365966797,844.9451293945312,0.82475346326828,224.63522338867188,753.593505859375,0.9761168956756592,257.481201171875,827.2672729492188,0.9990317821502686,365.4474182128906,870.0877075195312,0.6431588530540466,490.7466125488281,871.733642578125,0.824341893196106
2635,83.04466247558594,114.74998474121094,0.9997711777687073,995.7469482421875,82.94998931884766,0.9999605417251587,89.67407989501953,1031.2142333984375,0.9997897744178772,1020.7330322265625,1021.9853515625,0.9982752799987793,336.6973876953125,498.666015625,0.998852014541626,338.574951171875,608.7532958984375,0.9955600500106812,277.02020263671875,553.7072143554688,0.9944120049476624,386.9118957519531,556.35302734375,0.9975466132164001,715.2350463867188,499.9561767578125,0.9958439469337463,759.2752685546875,718.760986328125,0.9996846914291382,693.0328369140625,596.7255859375,0.994466245174408,782.9364624023438,551.4306640625,0.7663494348526001,105.43022918701172,562.3480834960938,0.9833779335021973,111.74532318115234,629.9601440429688,0.7580098509788513,116.81778717041016,666.5309448242188,0.9089835286140442,165.64881896972656,770.44873046875,0.9774746298789978,63.5961799621582,701.5186767578125,0.9032465815544128,158.80763244628906,663.7552490234375,0.9938598871231079,175.55970764160156,836.9606323242188,0.24743562936782837,223.22254943847656,743.454833984375,0.8391073942184448,266.1731262207031,818.0181884765625,0.9981105327606201,359.49285888671875,865.5333251953125,0.8543688058853149,529.3141479492188,877.8614501953125,0.46654707193374634
2636,84.53965759277344,113.65934753417969,0.9995458722114563,997.2074584960938,83.33625030517578,0.9999288320541382,90.19852447509766,1029.914794921875,0.9998759031295776,1021.076171875,1022.3738403320312,0.998399555683136,336.20574951171875,499.24603271484375,0.9990322589874268,334.5175476074219,609.0565795898438,0.9971082806587219,277.8588562011719,551.184326171875,0.9986233711242676,386.9898376464844,556.00732421875,0.9965243935585022,713.8551025390625,501.0375671386719,0.9867985844612122,758.8758544921875,717.7705078125,0.999839186668396,692.9497680664062,593.6384887695312,0.9965314269065857,782.8336791992188,555.380126953125,0.9174772500991821,127.40072631835938,529.6160278320312,0.9991581439971924,135.2232666015625,610.8322143554688,0.9715291261672974,138.52122497558594,647.66015625,0.9625134468078613,161.42352294921875,769.8668823242188,0.9801780581474304,72.93875885009766,683.2075805664062,0.8770743012428284,188.53933715820312,654.224365234375,0.9869974851608276,126.24156188964844,822.3519897460938,0.08462421596050262,223.69212341308594,738.9423828125,0.45155754685401917,242.6571502685547,808.678466796875,0.968070387840271,372.64068603515625,861.247802734375,0.9555790424346924,529.8966064453125,876.2453002929688,0.6840130686759949
2637,83.43816375732422,116.24824523925781,0.999850869178772,995.6021728515625,83.21722412109375,0.9999579191207886,90.22647094726562,1030.436767578125,0.9998730421066284,1022.245849609375,1022.2892456054688,0.9986577033996582,336.72869873046875,498.5906066894531,0.9992246627807617,335.35089111328125,608.3323364257812,0.9980800151824951,278.4654541015625,556.6170043945312,0.9901305437088013,387.1432189941406,557.168212890625,0.9957382678985596,716.3978881835938,500.05242919921875,0.9915243983268738,759.3525390625,718.03271484375,0.9997720122337341,694.5930786132812,593.2520751953125,0.9966069459915161,781.5277709960938,549.1024169921875,0.916124165058136,133.78399658203125,519.1980590820312,0.9991549253463745,144.85198974609375,592.75048828125,0.9489582777023315,145.8455810546875,628.47802734375,0.9746719002723694,162.8773956298828,745.7279052734375,0.9782146215438843,82.51873779296875,659.384765625,0.9259490966796875,190.89967346191406,647.5029296875,0.9850194454193115,227.04812622070312,737.5429077148438,0.11394570767879486,224.7261962890625,720.9517211914062,0.295818567276001,236.1031951904297,709.7589111328125,0.024005316197872162,350.3670959472656,850.1569213867188,0.9656205177307129,526.8868408203125,877.0664672851562,0.6473081707954407
2638,84.13897705078125,115.8796157836914,0.9997588992118835,994.63427734375,85.09396362304688,0.9999160766601562,89.81834411621094,1029.6309814453125,0.9997792840003967,1020.97607421875,1022.8244018554688,0.9989448189735413,331.7248229980469,498.8929138183594,0.9990909099578857,336.82281494140625,609.3422241210938,0.9988304972648621,278.6733703613281,560.0760498046875,0.9991888403892517,387.3994445800781,556.8445434570312,0.994594395160675,714.7776489257812,500.1328125,0.983585000038147,758.83203125,717.485595703125,0.9997847676277161,690.7483520507812,594.7733764648438,0.9968312382698059,782.4938354492188,553.9636840820312,0.845038890838623,129.6324462890625,497.50665283203125,0.9981650710105896,140.49343872070312,569.2401733398438,0.9548681974411011,138.5602569580078,602.3530883789062,0.9557299613952637,162.28671264648438,718.8111572265625,0.48209095001220703,85.78313446044922,644.7835083007812,0.9886372685432434,185.39007568359375,622.148681640625,0.9798792600631714,228.1898956298828,725.7054443359375,0.12516285479068756,238.22467041015625,685.6080932617188,0.35305774211883545,248.94253540039062,681.7929077148438,0.016461340710520744,334.03619384765625,839.1387329101562,0.9786635637283325,425.3765869140625,875.8663330078125,0.9582783579826355
2639,83.24494171142578,115.02787780761719,0.9996906518936157,993.8346557617188,82.9111099243164,0.9999498128890991,89.77223205566406,1028.9822998046875,0.9998756647109985,1021.6253662109375,1022.4118041992188,0.9982465505599976,335.10369873046875,499.0291748046875,0.9985774755477905,332.1872253417969,611.0045776367188,0.9963794350624084,276.927001953125,558.330078125,0.9954537153244019,388.1011047363281,556.2963256835938,0.9951390027999878,714.416259765625,499.95782470703125,0.9894735217094421,758.4542236328125,717.6910400390625,0.9998530149459839,693.6981811523438,594.8206787109375,0.9975026249885559,782.4605102539062,557.5157470703125,0.9263114333152771,123.20315551757812,489.81439208984375,0.98854660987854,144.67117309570312,545.690185546875,0.9957963228225708,162.4742431640625,574.4521484375,0.9640341997146606,177.43106079101562,680.450927734375,0.9137958288192749,103.8185806274414,628.213623046875,0.9635843634605408,216.0986328125,604.6041870117188,0.5898576974868774,137.92642211914062,730.8820190429688,0.7216675877571106,239.28872680664062,627.7720336914062,0.632470428943634,226.36355590820312,760.8615112304688,0.9722353219985962,339.10467529296875,845.0867309570312,0.983274519443512,423.3562316894531,875.25634765625,0.9713791608810425
2640,82.12421417236328,119.0059814453125,0.9994643330574036,994.9937744140625,85.14891052246094,0.9999265670776367,88.55593872070312,1029.496826171875,0.9997132420539856,1020.9718627929688,1022.8671264648438,0.9985305070877075,325.22320556640625,499.6601867675781,0.9974398612976074,339.80682373046875,609.1964111328125,0.9991757273674011,279.1605224609375,576.1445922851562,0.9936382174491882,388.53057861328125,556.9805908203125,0.9955592155456543,719.4307861328125,499.173095703125,0.9833517670631409,759.699462890625,718.0028076171875,0.9996833801269531,693.7096557617188,595.1638793945312,0.9975429773330688,783.2357788085938,557.8273315429688,0.8760465979576111,101.42536926269531,477.1707763671875,0.9906551241874695,139.42079162597656,533.9890747070312,0.9615951776504517,153.40908813476562,561.4776611328125,0.7721940279006958,184.79159545898438,676.5424194335938,0.9872481226921082,119.64520263671875,613.0029296875,0.8921852707862854,207.7325897216797,572.4229125976562,0.8233144283294678,139.12867736816406,718.71533203125,0.47252747416496277,255.5222625732422,694.909423828125,0.7168241739273071,224.63438415527344,745.48828125,0.6895152926445007,330.7938232421875,840.5619506835938,0.9432485103607178,481.5208435058594,870.9722290039062,0.46431395411491394
2641,83.65880584716797,116.15445709228516,0.9996786117553711,995.767333984375,87.14852142333984,0.9999788999557495,89.41100311279297,1029.0186767578125,0.9996522665023804,1020.32666015625,1022.8851928710938,0.9990266561508179,327.9136657714844,499.2601013183594,0.9977980852127075,336.1911926269531,610.3524780273438,0.9969621300697327,278.70703125,567.7916259765625,0.99580979347229,387.6798095703125,556.286376953125,0.9960511326789856,714.6019897460938,498.77557373046875,0.9971207976341248,754.9223022460938,718.7484741210938,0.9990212917327881,692.3067016601562,599.0791625976562,0.9957796335220337,779.9292602539062,547.5985107421875,0.8839772343635559,76.13896179199219,485.3828430175781,0.9715671539306641,128.2227783203125,548.2251586914062,0.9945683479309082,149.12466430664062,565.7536010742188,0.977931797504425,190.19149780273438,646.6620483398438,0.98915696144104,113.0702133178711,604.4556884765625,0.9613207578659058,193.7376708984375,558.3355102539062,0.9471359848976135,176.18585205078125,715.4773559570312,0.617713212966919,261.50433349609375,630.1226196289062,0.8007179498672485,228.0131378173828,726.8875732421875,0.6489201784133911,297.0907287597656,818.1860961914062,0.962050199508667,478.3138122558594,870.0048828125,0.1502438485622406
2642,84.10987854003906,117.47152709960938,0.9992683529853821,996.510498046875,82.98765563964844,0.999909520149231,89.82626342773438,1029.29296875,0.9996731281280518,1021.5963745117188,1022.7872314453125,0.9986396431922913,332.330810546875,499.31756591796875,0.9986392855644226,335.8716735839844,610.2136840820312,0.9965280890464783,276.8485412597656,567.1981201171875,0.9929404258728027,386.9456787109375,557.4410400390625,0.9961297512054443,715.2120361328125,499.36431884765625,0.9965584874153137,755.4950561523438,719.1483154296875,0.9986164569854736,696.1097412109375,598.0699462890625,0.9968081116676331,781.3330688476562,555.5902709960938,0.9131959676742554,18.521953582763672,479.6448059082031,0.9764878749847412,85.42696380615234,537.7801513671875,0.6633031368255615,109.8816146850586,559.6422119140625,0.6862283945083618,177.86434936523438,629.9088745117188,0.9861699342727661,97.45072937011719,612.0325927734375,0.3943479061126709,105.94536590576172,497.8101501464844,0.7465213537216187,158.35874938964844,705.063720703125,0.9741136431694031,261.22076416015625,639.9436645507812,0.8306735157966614,225.2829132080078,719.1602172851562,0.9940935969352722,297.8390808105469,817.9520263671875,0.9947750568389893,475.5381164550781,869.4581298828125,0.6483498215675354
2643,85.3785400390625,118.52596282958984,0.9990255832672119,993.9254760742188,85.07381439208984,0.9999758005142212,89.14437866210938,1029.0357666015625,0.9996080994606018,1020.7786254882812,1024.02294921875,0.9992806315422058,338.6856689453125,498.3579406738281,0.9991046786308289,335.5705261230469,609.791015625,0.992994487285614,278.1340026855469,557.1858520507812,0.9729480147361755,387.19256591796875,558.1636352539062,0.9963079690933228,718.42919921875,498.37310791015625,0.9977524876594543,755.80322265625,718.9984741210938,0.9990761280059814,693.918212890625,597.6043701171875,0.9974750876426697,782.1077880859375,552.466064453125,0.8958407640457153,4.9378437995910645,475.5409851074219,0.758281946182251,76.9000015258789,555.6572265625,0.8927560448646545,99.78851318359375,570.3873291015625,0.7714198231697083,173.04541015625,628.8582763671875,0.9896515011787415,82.03620910644531,605.802978515625,0.4283212721347809,142.7667236328125,536.16015625,0.9222952127456665,157.6342010498047,695.656494140625,0.9898792505264282,107.31254577636719,651.316650390625,0.9092029333114624,224.3575439453125,714.7709350585938,0.9534127712249756,294.20166015625,816.777099609375,0.9962136149406433,482.1300964355469,870.6046752929688,0.550379753112793
2644,85.99590301513672,115.9616928100586,0.9975332021713257,996.6253662109375,84.15451049804688,0.9999575614929199,90.4381332397461,1029.3101806640625,0.9998576641082764,1020.3939819335938,1024.1533203125,0.9996067881584167,336.9434814453125,498.9553527832031,0.9992656111717224,336.0313720703125,609.6280517578125,0.9959282279014587,277.77545166015625,553.3533935546875,0.9775552749633789,387.7157287597656,559.6047973632812,0.9948073029518127,714.4456787109375,500.59515380859375,0.995238184928894,755.5904541015625,716.88916015625,0.9996114373207092,694.2001342773438,596.8402099609375,0.9986227750778198,782.2879028320312,561.686279296875,0.9729429483413696,44.162086486816406,590.875732421875,0.35441508889198303,49.46896743774414,583.1878051757812,0.738104522228241,9.263307571411133,495.17529296875,0.2623542249202728,171.7151336669922,628.9087524414062,0.9170414209365845,75.52627563476562,636.1399536132812,0.5219777822494507,32.579376220703125,478.7460632324219,0.5837296843528748,156.03379821777344,692.656005859375,0.9550780653953552,92.4923095703125,661.9010620117188,0.34675896167755127,208.58570861816406,695.9532470703125,0.7874011993408203,288.4019775390625,813.7048950195312,0.9933195114135742,360.6530456542969,859.6090087890625,0.9978109002113342
2645,83.79026794433594,116.22676849365234,0.9995598196983337,995.2239379882812,83.27664947509766,0.9999746084213257,90.08301544189453,1027.95458984375,0.9998325109481812,1020.418212890625,1024.075439453125,0.999570906162262,339.4844970703125,499.25628662109375,0.9990776777267456,331.2647705078125,609.0991821289062,0.9971058964729309,278.5177001953125,552.260498046875,0.9988119602203369,388.3157653808594,559.0897216796875,0.9965588450431824,714.146728515625,499.83233642578125,0.9980568289756775,756.37646484375,715.8534545898438,0.9994695782661438,694.9129028320312,594.758056640625,0.9990800619125366,782.5296020507812,557.3441162109375,0.967535138130188,22.725467681884766,536.8982543945312,0.8564534783363342,41.39884567260742,554.1439819335938,0.7206454277038574,63.98033142089844,567.1988525390625,0.28445759415626526,148.18411254882812,634.3442993164062,0.8789882659912109,56.05126953125,615.943359375,0.9010744094848633,133.26736450195312,542.9739379882812,0.39982733130455017,217.3148956298828,628.5795288085938,0.7662851810455322,220.6482391357422,633.2407836914062,0.38593026995658875,195.31642150878906,694.5053100585938,0.16680069267749786,277.588134765625,798.4029541015625,0.973311722278595,359.2974853515625,859.8414916992188,0.9993847608566284
2646,84.81756591796875,115.10792541503906,0.9995517134666443,996.6444091796875,83.03980255126953,0.9999645948410034,90.74909973144531,1029.4063720703125,0.999711811542511,1020.5484619140625,1024.5572509765625,0.9995519518852234,334.7987060546875,499.5137939453125,0.9987865090370178,337.5889587402344,608.9562377929688,0.9980524778366089,277.25982666015625,553.6199951171875,0.9956092238426208,387.7564697265625,557.4813842773438,0.9947165846824646,716.9645385742188,500.6861877441406,0.9968275427818298,757.0948486328125,714.4302978515625,0.9997037053108215,694.6085205078125,596.8433227539062,0.9987432360649109,782.2285766601562,558.8563842773438,0.9261696338653564,18.572525024414062,510.89617919921875,0.5323038101196289,59.57065963745117,552.3444213867188,0.7703039646148682,88.43468475341797,575.671630859375,0.31839892268180847,147.463134765625,615.6275634765625,0.8051948547363281,70.93999481201172,625.0850219726562,0.8972163796424866,141.15464782714844,547.27734375,0.9477160573005676,200.2989501953125,644.1287841796875,0.9445666670799255,207.4120330810547,637.3023071289062,0.9603333473205566,241.68714904785156,746.0906982421875,0.011358790099620819,273.908447265625,792.594970703125,0.955618143081665,360.7274169921875,860.485107421875,0.9963124394416809
2647,84.86973571777344,114.52146911621094,0.9996862411499023,996.618896484375,83.22102355957031,0.9999308586120605,88.31056213378906,1030.0516357421875,0.9996563196182251,1018.1806030273438,1025.0013427734375,0.9993707537651062,333.771240234375,499.12628173828125,0.9987887740135193,337.7952575683594,608.7957153320312,0.9975482821464539,276.0748596191406,553.5436401367188,0.9938024282455444,387.9256591796875,554.7328491210938,0.9953460097312927,718.874755859375,500.100341796875,0.9967325925827026,756.4519653320312,716.7014770507812,0.9998639822006226,693.4819946289062,596.8853759765625,0.9983837604522705,781.8516845703125,557.9467163085938,0.9357580542564392,21.937881469726562,471.2479248046875,0.2976744472980499,18.848690032958984,490.8334045410156,0.8897361755371094,32.33842468261719,504.5765075683594,0.5902234315872192,150.95860290527344,605.8180541992188,0.8015185594558716,35.507694244384766,545.914794921875,0.9816550016403198,81.09548950195312,471.9788818359375,0.429251492023468,219.4548797607422,605.413818359375,0.3273310363292694,103.31698608398438,653.2555541992188,0.06185217574238777,183.72914123535156,679.9440307617188,0.0775686502456665,283.5807189941406,805.9033203125,0.9587103128433228,360.5635070800781,861.418701171875,0.9955009818077087
2648,84.58877563476562,114.87725067138672,0.9993938207626343,996.81298828125,83.76370239257812,0.9999737739562988,88.5385971069336,1029.5245361328125,0.9996558427810669,1017.985107421875,1021.845703125,0.9991374015808105,334.8641357421875,498.78729248046875,0.9988756775856018,335.980224609375,608.9583740234375,0.9976195693016052,277.42303466796875,556.0662841796875,0.9964906573295593,387.7279357910156,557.0770874023438,0.9949169158935547,717.6793212890625,499.55078125,0.998374342918396,754.8607177734375,715.8951416015625,0.9998774528503418,692.640625,597.0464477539062,0.9941196441650391,781.6259765625,549.9791259765625,0.9306784868240356,784.5079956054688,641.664306640625,0.30850139260292053,109.45637512207031,533.0473022460938,0.9436013102531433,132.9719696044922,559.08837890625,0.9950201511383057,161.2258758544922,617.6072387695312,0.9978340268135071,46.58383560180664,525.3130493164062,0.9623655080795288,189.1234130859375,533.9204711914062,0.7740018963813782,218.65899658203125,579.5805053710938,0.6782003045082092,218.78334045410156,614.9181518554688,0.48110586404800415,202.19386291503906,678.1652221679688,0.9411054849624634,285.8108825683594,804.02392578125,0.97377610206604,360.2534484863281,862.293212890625,0.9968231916427612
2649,83.0875473022461,117.01988220214844,0.9994890689849854,996.9840087890625,83.04692077636719,0.999913215637207,89.37254333496094,1028.4842529296875,0.999754011631012,1020.543212890625,1022.7150268554688,0.9988565444946289,336.10821533203125,498.9032897949219,0.9991289973258972,333.2699279785156,608.5133666992188,0.9981012940406799,279.3031311035156,554.1152954101562,0.9938269257545471,388.5008850097656,556.5825805664062,0.993847668170929,717.9783935546875,500.9206237792969,0.9962590932846069,756.0258178710938,717.1982421875,0.9998018145561218,693.3274536132812,597.8939208984375,0.9980124235153198,782.1612548828125,551.2483520507812,0.8240181803703308,86.61817932128906,441.171142578125,0.8180909156799316,106.37602233886719,507.1807556152344,0.9867393970489502,125.74453735351562,543.9893798828125,0.9917389154434204,161.09515380859375,609.4921264648438,0.9984539747238159,83.96104431152344,569.8723754882812,0.9934870004653931,170.9278106689453,534.20263671875,0.7206717133522034,124.05125427246094,649.8997802734375,0.7487606406211853,222.6568145751953,605.8600463867188,0.5933092832565308,194.77113342285156,673.6903686523438,0.9879669547080994,274.1799011230469,788.5670166015625,0.7350617051124573,359.606201171875,861.4619750976562,0.9981995820999146
2650,82.17110443115234,115.26683044433594,0.9993509650230408,994.5869750976562,84.42870330810547,0.999886155128479,89.09396362304688,1029.05712890625,0.9997296929359436,1018.975341796875,1022.1723022460938,0.9979075193405151,336.1376647949219,497.9831237792969,0.9994650483131409,332.91650390625,608.1588745117188,0.9978323578834534,279.6666259765625,553.0736083984375,0.9987329840660095,388.3022766113281,556.7259521484375,0.9959157109260559,715.345703125,501.2684020996094,0.9980554580688477,757.1748046875,717.2648315429688,0.999846339225769,694.3463745117188,596.0432739257812,0.9983293414115906,782.106201171875,557.7456665039062,0.8826185464859009,111.59268188476562,419.2447204589844,0.769333004951477,111.22555541992188,472.79595947265625,0.9182978868484497,125.00872802734375,530.20947265625,0.963252067565918,158.99403381347656,598.2998657226562,0.9978983402252197,81.90706634521484,553.0794677734375,0.9491737484931946,173.6775665283203,505.98114013671875,0.6608034372329712,130.21502685546875,641.5343017578125,0.9563561081886292,220.61781311035156,594.212158203125,0.826654851436615,190.6755828857422,665.4521484375,0.9930351972579956,260.8589172363281,770.0095825195312,0.7741872072219849,359.9429931640625,862.017578125,0.9841650724411011
2651,84.42774200439453,116.91565704345703,0.9996644258499146,996.3613891601562,84.46725463867188,0.9999326467514038,89.57428741455078,1028.4749755859375,0.9998575448989868,1018.9308471679688,1022.9677124023438,0.9993575215339661,339.4211120605469,498.6216125488281,0.9996200799942017,333.4711608886719,609.0230102539062,0.9983705878257751,279.58868408203125,550.8433227539062,0.9961051940917969,387.1741638183594,557.8869018554688,0.9957504272460938,715.6433715820312,500.7253723144531,0.9968830943107605,759.2147827148438,718.4213256835938,0.9995819926261902,693.592529296875,596.3634033203125,0.9988862872123718,781.39404296875,551.987060546875,0.775630533695221,124.43024444580078,400.8271179199219,0.970610499382019,119.24903869628906,484.0075378417969,0.6518291234970093,129.37310791015625,513.1741333007812,0.920854926109314,159.77774047851562,591.3139038085938,0.9948636889457703,73.03265380859375,528.932861328125,0.6402164101600647,194.16880798339844,505.5614929199219,0.8194679021835327,129.456298828125,637.6445922851562,0.9173940420150757,223.20396423339844,592.2774658203125,0.7244009971618652,193.8623504638672,663.7152709960938,0.9897466897964478,262.82916259765625,769.2547607421875,0.7766229510307312,364.93560791015625,864.4021606445312,0.964914083480835
2652,84.344970703125,116.34407806396484,0.99953293800354,995.9432373046875,83.86470031738281,0.9998900890350342,89.68978118896484,1028.249267578125,0.9998169541358948,1019.99072265625,1023.2406616210938,0.9990183115005493,337.0137939453125,498.82672119140625,0.9992874264717102,332.8929443359375,609.6346435546875,0.9985331296920776,279.28997802734375,551.205078125,0.997603714466095,387.1346435546875,558.38818359375,0.9953502416610718,719.27783203125,498.45794677734375,0.9944661259651184,760.2223510742188,718.9505615234375,0.9996331930160522,693.535400390625,594.619873046875,0.9981788396835327,782.4164428710938,556.0289306640625,0.8410174250602722,139.28382873535156,395.68133544921875,0.9573333859443665,132.12008666992188,457.955322265625,0.9596062302589417,133.2235107421875,502.3835144042969,0.8266711235046387,158.9454803466797,586.6373291015625,0.9959884285926819,84.88373565673828,480.61492919921875,0.5582994818687439,191.92327880859375,515.9052124023438,0.9796754121780396,133.02291870117188,637.382568359375,0.964588463306427,220.6101837158203,587.5164794921875,0.5934313535690308,183.20408630371094,654.6972045898438,0.9980021119117737,289.9613037109375,805.65185546875,0.8154186010360718,366.13250732421875,865.2800903320312,0.9586684703826904
2653,84.97193145751953,116.42694091796875,0.9997110962867737,995.3493041992188,82.01874542236328,0.9997969269752502,89.55455780029297,1028.5845947265625,0.9998831748962402,1019.9827880859375,1024.205078125,0.999553382396698,337.4509582519531,498.69049072265625,0.9982908368110657,334.4095764160156,609.857666015625,0.9989228844642639,279.161865234375,559.1200561523438,0.9912360906600952,387.2032775878906,558.1777954101562,0.9953476786613464,716.4215698242188,500.1676940917969,0.9979988932609558,760.4701538085938,718.9552001953125,0.9995205402374268,693.5606689453125,597.0929565429688,0.9984666109085083,781.53173828125,560.1502685546875,0.9365217685699463,114.38468170166016,420.1739501953125,0.2080697864294052,126.67179107666016,460.718994140625,0.9393787384033203,143.56100463867188,524.2591552734375,0.8673110008239746,155.3415985107422,579.4892578125,0.9835888147354126,91.61197662353516,493.9891357421875,0.9072356224060059,187.55783081054688,524.8170776367188,0.9726832509040833,150.18527221679688,635.0717163085938,0.3893815875053406,209.42822265625,587.6058349609375,0.19617414474487305,179.7583465576172,649.6982421875,0.8792475461959839,294.64739990234375,808.160888671875,0.8571838140487671,363.82232666015625,864.7742309570312,0.9809881448745728
2654,84.61363983154297,116.80256652832031,0.9997480511665344,995.2797241210938,82.6412124633789,0.9998290538787842,89.7785873413086,1029.88134765625,0.999789297580719,1019.854248046875,1023.0875244140625,0.9988570213317871,339.4532165527344,498.7290344238281,0.9993791580200195,333.69879150390625,610.6388549804688,0.9989632368087769,280.4421081542969,552.8494873046875,0.9970355033874512,388.0342712402344,558.2151489257812,0.9974059462547302,716.0856323242188,500.5054016113281,0.9980410933494568,758.9759521484375,718.5989379882812,0.9996138215065002,693.5799560546875,595.1594848632812,0.9983906745910645,783.0437622070312,559.69091796875,0.585608959197998,88.84953308105469,409.4794616699219,0.30631372332572937,103.6246109008789,464.4959716796875,0.4093323349952698,123.34423828125,507.164794921875,0.7131929397583008,162.4410858154297,583.0746459960938,0.999357283115387,82.9050064086914,538.2283935546875,0.9441020488739014,181.38763427734375,475.77154541015625,0.6854862570762634,134.43853759765625,626.9756469726562,0.9237253665924072,221.54347229003906,575.9730834960938,0.41741129755973816,173.6780242919922,645.8353881835938,0.9608041644096375,246.27671813964844,742.8421020507812,0.9190744161605835,360.380615234375,861.5426635742188,0.9891018271446228
2655,84.17407989501953,115.34140014648438,0.9997236132621765,997.3960571289062,84.5305404663086,0.9999088048934937,89.72514343261719,1029.7532958984375,0.9998080134391785,1019.7164916992188,1023.7224731445312,0.9992115497589111,339.3515319824219,498.5129699707031,0.9994939565658569,331.0863037109375,609.6135864257812,0.9985359907150269,280.0412902832031,550.5676879882812,0.996297299861908,387.57135009765625,558.1599731445312,0.9958998560905457,714.5772094726562,500.0600280761719,0.9977079629898071,758.8359985351562,717.5193481445312,0.9997692704200745,694.7012939453125,596.3547973632812,0.9993497729301453,782.2440185546875,555.4503784179688,0.8093164563179016,62.890594482421875,393.5401306152344,0.9905874133110046,87.58565521240234,454.4584655761719,0.7605657577514648,113.31988525390625,491.87835693359375,0.8451909422874451,164.080810546875,568.933837890625,0.9918762445449829,69.5377426147461,507.896728515625,0.7472423315048218,178.81698608398438,474.99774169921875,0.5691222548484802,131.12503051757812,622.5103759765625,0.8534672260284424,222.0314483642578,583.1161499023438,0.12275730818510056,176.55979919433594,642.3729858398438,0.9933733940124512,246.81521606445312,742.8274536132812,0.8724254369735718,360.5155029296875,861.5772094726562,0.9915075302124023
2656,84.968994140625,116.09844207763672,0.9994914531707764,996.454345703125,85.56661987304688,0.9999401569366455,89.5867919921875,1030.410888671875,0.9998425245285034,1018.780517578125,1022.360107421875,0.9991387128829956,338.19287109375,499.0370788574219,0.9992432594299316,333.748779296875,609.4910278320312,0.9990002512931824,280.17218017578125,552.2824096679688,0.9941866397857666,387.91912841796875,556.4461669921875,0.9967972636222839,714.5137939453125,500.8526306152344,0.9978340268135071,757.0553588867188,717.513671875,0.9996918439865112,693.1104736328125,596.5615844726562,0.9987720847129822,783.4043579101562,556.2981567382812,0.8488890528678894,50.667659759521484,401.66278076171875,0.9900763630867004,80.31295776367188,449.62957763671875,0.6379084587097168,101.68297576904297,493.5368957519531,0.6836774945259094,153.83975219726562,565.2680053710938,0.996667206287384,71.85508728027344,511.61553955078125,0.5391953587532043,134.75413513183594,499.3779602050781,0.9402115345001221,135.77603149414062,620.9181518554688,0.642825722694397,101.61127471923828,597.4165649414062,0.19897505640983582,170.00125122070312,634.58984375,0.636910080909729,291.04107666015625,806.8724975585938,0.9564558863639832,362.11431884765625,859.899169921875,0.9798051714897156
2657,84.0595703125,116.43700408935547,0.9995970129966736,997.7496337890625,82.91259765625,0.9998432397842407,90.2027587890625,1029.8516845703125,0.9998645782470703,1019.535888671875,1022.5433959960938,0.9989075660705566,338.9986877441406,499.3639221191406,0.9992733597755432,331.7148132324219,609.7027587890625,0.9988282322883606,279.0142822265625,549.4517211914062,0.9908450245857239,387.2781677246094,557.7915649414062,0.9949937462806702,717.90185546875,500.9512939453125,0.998391330242157,757.4842529296875,716.8114624023438,0.9996826648712158,693.8515625,595.1664428710938,0.9978195428848267,780.9795532226562,552.681396484375,0.8509852290153503,29.621795654296875,414.5069580078125,0.9261878132820129,65.30955505371094,437.1712341308594,0.8384280800819397,127.92496490478516,550.0621948242188,0.058095891028642654,162.12020874023438,556.9429321289062,0.9942407608032227,83.29891204833984,552.275634765625,0.2645833492279053,128.980224609375,496.4211120605469,0.19704313576221466,220.6369171142578,580.5150756835938,0.16507588326931,79.0297622680664,545.09228515625,0.6219183802604675,173.28427124023438,637.3189697265625,0.29927292466163635,243.58985900878906,750.9461669921875,0.6244096755981445,358.925048828125,857.0350341796875,0.8976249694824219
2658,84.90812683105469,115.30420684814453,0.999839186668396,996.7142333984375,81.88323974609375,0.9998748302459717,89.06688690185547,1028.719970703125,0.999824583530426,1020.8974609375,1022.5264892578125,0.9987420439720154,339.3319091796875,499.424560546875,0.9994053840637207,331.0482482910156,609.2797241210938,0.9979718327522278,279.1203308105469,551.67041015625,0.9771979451179504,386.8551330566406,557.5023803710938,0.9943027496337891,714.5907592773438,500.20855712890625,0.9968279004096985,759.20703125,717.2684326171875,0.9997261166572571,694.9589233398438,598.0204467773438,0.9990003705024719,781.4430541992188,549.5502319335938,0.9037581086158752,7.735713481903076,420.6666259765625,0.39741989970207214,38.109073638916016,431.50543212890625,0.841237485408783,91.47279357910156,458.61029052734375,0.41626420617103577,169.2463836669922,566.7709350585938,0.9948074221611023,91.83786010742188,518.9479370117188,0.29745596647262573,96.17221069335938,419.9305725097656,0.7864950299263,120.66351318359375,609.451416015625,0.9706158638000488,229.54922485351562,579.3881225585938,0.604210376739502,173.7415008544922,638.3382568359375,0.9978380799293518,242.319580078125,754.0177612304688,0.9881466627120972,358.10272216796875,858.0394287109375,0.8375622630119324
2659,85.33390808105469,115.70812225341797,0.9995543360710144,992.4251708984375,84.96122741699219,0.9997023940086365,90.07440185546875,1028.6112060546875,0.9998359680175781,1019.7728881835938,1023.0010375976562,0.9990276098251343,338.9079284667969,499.402099609375,0.9993333220481873,330.9039611816406,610.322265625,0.9981178045272827,279.21795654296875,553.7990112304688,0.9847506284713745,386.89007568359375,559.2428588867188,0.9965348243713379,714.3409423828125,500.9276123046875,0.9985916018486023,758.9482421875,716.4736328125,0.9995958209037781,694.3024291992188,597.1597290039062,0.9991334080696106,782.4727172851562,558.303466796875,0.9419929385185242,27.559837341308594,422.0015563964844,0.3764532804489136,27.052623748779297,434.0475158691406,0.627426028251648,159.7721405029297,519.9713134765625,0.7295149564743042,177.3498077392578,569.5105590820312,0.9944644570350647,116.58808898925781,537.7705688476562,0.10626888275146484,192.18780517578125,507.14959716796875,0.8139643669128418,152.79983520507812,615.6919555664062,0.4547129273414612,229.33021545410156,578.1027221679688,0.5049809813499451,175.44488525390625,630.1632080078125,0.915640652179718,198.14492797851562,717.2694091796875,0.9459120035171509,295.37347412109375,810.6580200195312,0.9871926307678223
2660,84.60369873046875,116.43563079833984,0.9992204904556274,995.3722534179688,83.57740783691406,0.9999276399612427,88.97699737548828,1028.98388671875,0.9996747970581055,1021.2350463867188,1022.808837890625,0.9987244009971619,339.0196533203125,499.438720703125,0.999359667301178,330.58636474609375,609.9976806640625,0.9973179697990417,278.4394226074219,553.2782592773438,0.9753044247627258,386.92059326171875,559.1324462890625,0.9959660768508911,715.874755859375,500.5172424316406,0.9982012510299683,757.2179565429688,716.8783569335938,0.9997703433036804,695.3868408203125,596.1566162109375,0.9980827569961548,781.9296875,556.2032470703125,0.9545367360115051,-0.7184333801269531,414.0987548828125,0.18360882997512817,31.3540096282959,430.6008605957031,0.9540013074874878,135.16519165039062,485.9170227050781,0.6962540745735168,168.09750366210938,566.4832763671875,0.9908528923988342,99.0058364868164,511.5374450683594,0.2758439779281616,183.4766082763672,484.10284423828125,0.7576006054878235,119.93070983886719,613.4345703125,0.6013758182525635,226.65306091308594,583.1285400390625,0.6382408142089844,173.4628448486328,642.3951416015625,0.9954419136047363,202.08810424804688,737.2926025390625,0.8542819619178772,354.3432922363281,854.053466796875,0.9349481463432312
2661,85.6298599243164,114.6476058959961,0.9989709854125977,995.8790893554688,84.02254486083984,0.9998517036437988,89.49837493896484,1029.1810302734375,0.9998086094856262,1021.4619140625,1024.0657958984375,0.9980803728103638,337.9613342285156,499.2099914550781,0.9987788796424866,331.7008056640625,609.6271362304688,0.9974374771118164,279.3797912597656,554.6495971679688,0.9761315584182739,387.16552734375,557.2084350585938,0.9945046305656433,717.064453125,499.3263854980469,0.9969443678855896,759.3218383789062,716.3853759765625,0.9994956254959106,693.546875,595.390869140625,0.9980584979057312,781.114990234375,553.852783203125,0.9405372738838196,0.8026795387268066,420.484130859375,0.33817002177238464,21.709766387939453,428.61981201171875,0.7758268117904663,30.479419708251953,429.82208251953125,0.7484328746795654,173.5856170654297,565.1321411132812,0.9988762736320496,96.08724975585938,545.9354858398438,0.21371854841709137,175.5253448486328,492.5695495605469,0.33033961057662964,145.8509063720703,620.8541259765625,0.6955848932266235,206.46380615234375,511.88330078125,0.6427006125450134,177.7754669189453,643.1135864257812,0.9564678072929382,191.62704467773438,729.6204833984375,0.9195245504379272,275.74462890625,802.1370239257812,0.9966352581977844
2662,83.91493225097656,117.27960205078125,0.9998032450675964,996.7855224609375,85.00437927246094,0.9998828172683716,88.50371551513672,1028.3143310546875,0.9997395873069763,1020.315673828125,1023.5885009765625,0.9989036321640015,339.840576171875,499.0804138183594,0.9994890689849854,330.9763488769531,609.4758911132812,0.9979962706565857,278.8285827636719,553.7407836914062,0.9793104529380798,386.8079833984375,558.917236328125,0.9962102174758911,716.0468139648438,499.87738037109375,0.9972099661827087,759.712646484375,716.4925537109375,0.9997283816337585,694.6920166015625,596.4891967773438,0.9969850182533264,783.3292236328125,556.33447265625,0.9286434650421143,0.3500235080718994,417.1409912109375,0.09555879980325699,18.161724090576172,436.2554016113281,0.7825841307640076,29.08828353881836,443.8334045410156,0.8660236597061157,164.189208984375,559.6162109375,0.9974628686904907,36.13059616088867,470.0,0.9660080075263977,148.8485565185547,495.7259216308594,0.339155912399292,121.77682495117188,610.322265625,0.46046966314315796,92.5242691040039,540.6384887695312,0.36659467220306396,169.07972717285156,647.2156982421875,0.9973875880241394,213.38966369628906,762.3110961914062,0.8772496581077576,280.31793212890625,810.8768920898438,0.9766029119491577
2663,83.34146118164062,113.80323791503906,0.999822199344635,995.668212890625,84.4347152709961,0.9998594522476196,89.20626831054688,1028.767822265625,0.9998589754104614,1022.0814208984375,1022.5427856445312,0.9990717172622681,338.8953857421875,498.64532470703125,0.9993256330490112,330.6905822753906,608.9158325195312,0.9968888163566589,278.92724609375,552.9962158203125,0.9275271892547607,386.7979736328125,558.15283203125,0.9929475784301758,716.7848510742188,501.1395263671875,0.9951254725456238,759.1689453125,717.1985473632812,0.9996179342269897,695.95947265625,598.2582397460938,0.9985004663467407,782.9116821289062,557.1015625,0.9200491309165955,-0.14055299758911133,418.5754699707031,0.35743460059165955,17.10071563720703,427.5087890625,0.7263614535331726,28.31110954284668,441.9577941894531,0.8470282554626465,167.54881286621094,572.4254150390625,0.9910075068473816,34.77788543701172,468.3999938964844,0.8264926671981812,82.12200927734375,403.7596130371094,0.7624260783195496,134.77862548828125,618.607666015625,0.8136826157569885,225.57028198242188,595.26708984375,0.5668097138404846,171.21783447265625,646.9459838867188,0.9911811351776123,180.6564178466797,723.111083984375,0.9879235625267029,259.8709411621094,802.4301147460938,0.8411275744438171
2664,86.02630615234375,115.12351989746094,0.9987266659736633,996.125244140625,84.54359436035156,0.9999266862869263,90.73424530029297,1029.77978515625,0.9998176693916321,1020.791015625,1023.28173828125,0.9991856217384338,337.439453125,498.8049621582031,0.9991409778594971,332.9560241699219,609.6531982421875,0.9973564147949219,278.8633117675781,556.0069580078125,0.9058874249458313,386.9462585449219,557.74560546875,0.9948654770851135,714.1610717773438,501.6235046386719,0.997603714466095,758.1505126953125,716.7734375,0.9997981190681458,696.0802001953125,598.6190795898438,0.997100293636322,780.751708984375,549.373291015625,0.9392915368080139,114.05796813964844,394.5182189941406,0.8567373752593994,111.25886535644531,429.9410400390625,0.14136534929275513,93.16438293457031,515.9192504882812,0.5222401022911072,159.21893310546875,568.0291137695312,0.9801670908927917,78.59269714355469,547.8872680664062,0.6186599135398865,145.58433532714844,494.8229064941406,0.7489629983901978,120.48751068115234,616.2540893554688,0.8790335059165955,211.80270385742188,527.3430786132812,0.7736459374427795,166.55288696289062,646.2882690429688,0.9705809354782104,181.7216033935547,725.728271484375,0.9798275232315063,270.3001403808594,816.1487426757812,0.9451640844345093
2665,85.08301544189453,115.28073120117188,0.9997767806053162,995.9546508789062,85.16252136230469,0.9999589920043945,88.95343780517578,1029.7200927734375,0.9998794794082642,1020.447509765625,1022.2227172851562,0.9989701509475708,338.62982177734375,498.8813781738281,0.9992400407791138,331.6311950683594,609.5855102539062,0.9973725080490112,279.4187927246094,552.4161987304688,0.9902867078781128,386.8708801269531,558.8756103515625,0.9900538921356201,714.0874633789062,501.5940856933594,0.9961357712745667,758.3753662109375,716.5712280273438,0.999698281288147,693.5946655273438,599.4575805664062,0.9965020418167114,783.080322265625,556.7564086914062,0.8906149864196777,146.06492614746094,370.5118103027344,0.8967755436897278,126.96928405761719,419.5299377441406,0.373037725687027,141.6848907470703,402.6471862792969,0.6930190920829773,149.5400848388672,561.9962158203125,0.9445464015007019,81.95557403564453,445.0018310546875,0.24936898052692413,159.9700927734375,483.6422424316406,0.939520537853241,111.39117431640625,615.467041015625,0.9048768281936646,83.54446411132812,527.0892333984375,0.553225576877594,168.72669982910156,651.24267578125,0.9991747736930847,194.8672637939453,751.1943969726562,0.8830596208572388,277.8428039550781,825.71875,0.9886232018470764
2666,85.25460052490234,115.93452453613281,0.9995577931404114,996.3797607421875,83.08618927001953,0.9999163150787354,88.79898071289062,1029.40869140625,0.9998012185096741,1021.2340698242188,1022.6298828125,0.9984521865844727,339.2322692871094,499.0535583496094,0.9994674324989319,331.2860107421875,610.47802734375,0.9986886382102966,278.5754089355469,553.8074340820312,0.9955244064331055,388.4374084472656,557.711669921875,0.9941898584365845,717.5663452148438,500.0223388671875,0.9957596659660339,757.3255004882812,716.5365600585938,0.9997298121452332,694.2737426757812,599.054443359375,0.9974270462989807,783.7433471679688,553.1464233398438,0.8837886452674866,175.9273223876953,346.8780517578125,0.9738161563873291,163.5565643310547,406.8576354980469,0.24496705830097198,166.46493530273438,387.3590087890625,0.3863741159439087,148.7283172607422,550.86865234375,0.9985596537590027,160.27951049804688,358.0500793457031,0.18787576258182526,179.98822021484375,480.5095520019531,0.9950128197669983,95.08894348144531,594.5140991210938,0.9889692068099976,224.07351684570312,566.1611938476562,0.8448651432991028,163.6304931640625,652.6626586914062,0.9990555644035339,191.99807739257812,749.1649780273438,0.779395580291748,280.1376953125,823.883056640625,0.5706892609596252
2667,85.75933837890625,115.8553237915039,0.9997568726539612,994.9791259765625,84.59142303466797,0.9999270439147949,89.59855651855469,1029.9554443359375,0.9998587369918823,1021.84814453125,1022.9105224609375,0.9985253214836121,341.21929931640625,499.4945068359375,0.9993579983711243,330.1536560058594,609.4961547851562,0.9969066977500916,279.2013244628906,552.450439453125,0.9770638346672058,386.9038391113281,558.7112426757812,0.9947015643119812,721.0599365234375,499.5636291503906,0.994168758392334,758.5564575195312,717.8352661132812,0.9997790455818176,695.2233276367188,599.5858764648438,0.9975845813751221,783.2349853515625,557.8582153320312,0.8755887746810913,192.44627380371094,337.39056396484375,0.9916883111000061,177.75146484375,394.6512756347656,0.4614720642566681,114.4014892578125,447.1035461425781,0.6672915816307068,140.45986938476562,541.257568359375,0.9742242693901062,81.74238586425781,489.42608642578125,0.8425658941268921,181.64126586914062,474.003173828125,0.9982782602310181,104.10181427001953,600.1243286132812,0.6329684257507324,196.52891540527344,581.9557495117188,0.518652617931366,160.14625549316406,631.82275390625,0.5925776958465576,290.61468505859375,823.0757446289062,0.06705252826213837,354.6417236328125,858.1971435546875,0.7325011491775513
2668,83.8875503540039,114.37139892578125,0.9998186230659485,994.8646850585938,82.8866195678711,0.9999470710754395,89.32791137695312,1030.968505859375,0.999725878238678,1022.2203979492188,1022.4454345703125,0.9987624883651733,338.1930236816406,499.27001953125,0.9988608360290527,339.0504150390625,610.0737915039062,0.9992266893386841,279.74713134765625,567.2213745117188,0.9711276888847351,387.4370422363281,557.3952026367188,0.9970460534095764,720.474365234375,499.8869323730469,0.9942678213119507,756.536865234375,718.7341918945312,0.9997443556785583,695.2568969726562,594.9843139648438,0.9956371188163757,783.6007080078125,553.34814453125,0.824836254119873,183.1492156982422,343.4140930175781,0.8675975203514099,158.74473571777344,400.3225402832031,0.7206391096115112,157.95208740234375,409.8210754394531,0.5547405481338501,146.3909912109375,532.131591796875,0.9964622855186462,104.45689392089844,415.6902770996094,0.09719882160425186,182.43881225585938,468.86749267578125,0.9983518123626709,116.35287475585938,578.0508422851562,0.6970347762107849,229.48443603515625,519.0668334960938,0.9394165873527527,178.18490600585938,610.749755859375,0.9871991276741028,224.95167541503906,726.40234375,0.9907808899879456,349.23431396484375,857.9976806640625,0.41595524549484253
2669,84.53730010986328,116.0395278930664,0.9999194145202637,996.3496704101562,84.52206420898438,0.9999330043792725,88.63805389404297,1030.1492919921875,0.9997722506523132,1021.4818725585938,1021.9515380859375,0.9985059499740601,337.85357666015625,498.9476623535156,0.9970679879188538,337.0091552734375,609.8931274414062,0.9980778694152832,277.7699279785156,563.51416015625,0.9846192002296448,386.7830810546875,556.7410888671875,0.9943485856056213,721.2272338867188,499.3734130859375,0.9977960586547852,756.6333618164062,717.7200927734375,0.9997197985649109,695.7078247070312,597.3035278320312,0.9935304522514343,783.1879272460938,550.4998168945312,0.9180680513381958,193.7051239013672,340.6470947265625,0.8908634185791016,181.72897338867188,377.37554931640625,0.5395525097846985,161.66180419921875,407.1143798828125,0.4773155152797699,151.38768005371094,507.8263244628906,0.6721335649490356,121.60709381103516,394.0229187011719,0.3313957154750824,192.69264221191406,462.6162414550781,0.7374629974365234,114.91442108154297,543.2705078125,0.9914835095405579,101.70897674560547,489.65716552734375,0.46102458238601685,174.2953643798828,580.3279418945312,0.9923545122146606,220.4392547607422,717.2354125976562,0.9456442594528198,353.3332214355469,857.5975341796875,0.4664527475833893
2670,84.86023712158203,114.97876739501953,0.9997010231018066,995.13720703125,84.44645690917969,0.9998462200164795,89.23818969726562,1030.2347412109375,0.9997872710227966,1018.6063842773438,1022.925537109375,0.998685896396637,339.93463134765625,498.63482666015625,0.9969283938407898,335.5889587402344,609.5621337890625,0.9977645874023438,278.56927490234375,559.6853637695312,0.9873619079589844,385.99444580078125,558.6854248046875,0.9961755275726318,717.1842041015625,501.0083312988281,0.9913622736930847,756.1610107421875,719.0200805664062,0.9995972514152527,695.0291137695312,598.3368530273438,0.9952195286750793,784.5189819335938,554.3123168945312,0.8013617396354675,193.5873565673828,326.3516845703125,0.989658534526825,181.80078125,385.8771667480469,0.7888144850730896,179.44369506835938,423.10009765625,0.92390376329422,170.51431274414062,501.2679138183594,0.9946298599243164,137.46185302734375,443.1696472167969,0.8099567890167236,214.35491943359375,452.1954345703125,0.993449866771698,126.78250122070312,529.97265625,0.8854442834854126,232.1360321044922,506.86651611328125,0.1475224792957306,180.0361328125,571.9964599609375,0.9000868797302246,241.3201904296875,761.3545532226562,0.9839471578598022,294.5118103027344,817.1034545898438,0.9102112650871277
2671,84.93045043945312,115.93518829345703,0.9998528957366943,996.412841796875,86.33013916015625,0.999880313873291,89.47847747802734,1029.6422119140625,0.9998220801353455,1019.52783203125,1024.0196533203125,0.9987888932228088,336.7802429199219,498.444580078125,0.9978285431861877,335.1485900878906,610.7698364257812,0.9981947541236877,278.34417724609375,562.5210571289062,0.9968990087509155,385.3100280761719,559.4375,0.994931161403656,719.3253784179688,500.398681640625,0.9979786276817322,756.4248046875,716.89697265625,0.9998694658279419,693.6851806640625,596.390869140625,0.9929054975509644,782.2460327148438,550.8922119140625,0.9474974274635315,196.3140869140625,312.0447692871094,0.9972453117370605,192.2967071533203,361.2908020019531,0.9662848711013794,182.5592041015625,407.8915710449219,0.7315614819526672,178.16798400878906,495.01361083984375,0.9932645559310913,149.26612854003906,375.37603759765625,0.7542107701301575,212.6987762451172,433.5550842285156,0.9893029928207397,183.33731079101562,548.8507690429688,0.6241796612739563,250.9737091064453,495.2735900878906,0.8613383769989014,195.47190856933594,563.958740234375,0.07174409925937653,197.9589080810547,672.450927734375,0.6702094078063965,251.29672241210938,769.9684448242188,0.6512200832366943
2672,83.95862579345703,117.67135620117188,0.9999336004257202,994.2371215820312,86.44551086425781,0.9999496936798096,90.15414428710938,1029.2025146484375,0.9997734427452087,1021.88720703125,1022.3026733398438,0.998691976070404,338.6772155761719,499.0071105957031,0.9950491786003113,332.85198974609375,609.0345458984375,0.9971204996109009,277.48291015625,560.2968139648438,0.9746321439743042,385.04107666015625,561.3499755859375,0.9969520568847656,716.9612426757812,500.2937316894531,0.998921275138855,757.5971069335938,716.5621948242188,0.9997732043266296,693.335205078125,598.7872314453125,0.9942389726638794,782.917236328125,555.5714111328125,0.9064982533454895,199.36538696289062,314.6321716308594,0.9945088028907776,194.61477661132812,359.4968566894531,0.8262100219726562,182.4051513671875,399.74102783203125,0.5901196002960205,177.84344482421875,486.2403259277344,0.9940893650054932,144.6067352294922,400.3786315917969,0.614710807800293,221.45965576171875,432.4364929199219,0.7054823040962219,132.06039428710938,522.124267578125,0.8183732628822327,253.1334991455078,480.02960205078125,0.8250595331192017,186.8485870361328,578.1171875,0.9940045475959778,200.70680236816406,688.7965698242188,0.8389036059379578,256.8357238769531,777.3180541992188,0.41627585887908936
2673,85.42192077636719,116.9749526977539,0.9998937845230103,994.837158203125,81.75271606445312,0.9999018907546997,88.92806243896484,1028.1298828125,0.9998468160629272,1021.648681640625,1021.861572265625,0.999004065990448,334.82965087890625,498.4975280761719,0.9907962083816528,333.2586364746094,609.5979614257812,0.9955534338951111,277.3081359863281,560.3590698242188,0.9847191572189331,385.1879577636719,560.3883666992188,0.9941480159759521,718.3237915039062,500.048095703125,0.998708963394165,758.4910278320312,717.1351318359375,0.9998797178268433,694.4784545898438,599.304931640625,0.9970386028289795,782.3119506835938,550.3295288085938,0.8586798310279846,192.6119842529297,318.8216857910156,0.7985404133796692,183.8300323486328,360.6099548339844,0.5512433648109436,175.63511657714844,368.16534423828125,0.25127384066581726,174.58737182617188,488.64190673828125,0.9858609437942505,135.17332458496094,430.96331787109375,0.4246006906032562,202.78184509277344,431.6781005859375,0.7719644904136658,135.68954467773438,530.4744262695312,0.7254379391670227,253.82858276367188,470.2170715332031,0.8463904857635498,185.7783203125,573.9847412109375,0.9704018831253052,192.64527893066406,677.72021484375,0.9716129302978516,264.6094055175781,788.5458984375,0.7023840546607971
2674,83.34172821044922,116.29052734375,0.9997677206993103,997.5587158203125,82.62413024902344,0.999950647354126,89.07410430908203,1030.9979248046875,0.9997629523277283,1020.7077026367188,1022.4287719726562,0.9994730353355408,337.0676574707031,498.2854309082031,0.9950474500656128,335.6103210449219,609.25048828125,0.9981243014335632,278.88885498046875,561.3858032226562,0.9744880795478821,385.84515380859375,560.0282592773438,0.9952186942100525,718.335693359375,500.1705017089844,0.9950348138809204,755.9354248046875,718.11669921875,0.9998306035995483,695.132080078125,598.4287719726562,0.9912573099136353,783.3045654296875,557.7571411132812,0.8174394965171814,174.6616668701172,325.81256103515625,0.9274164438247681,173.41064453125,360.799560546875,0.8891052007675171,173.33717346191406,366.1266784667969,0.24074864387512207,176.4505615234375,485.5645446777344,0.991200864315033,252.74574279785156,460.74261474609375,0.5770862698554993,210.26333618164062,429.410400390625,0.6899706721305847,132.1331024169922,526.1729736328125,0.7173670530319214,260.61151123046875,465.14337158203125,0.9689190983772278,186.98770141601562,578.7935180664062,0.998740017414093,193.3223419189453,697.4390869140625,0.9824594259262085,256.41192626953125,803.9046020507812,0.9696811437606812
2675,84.90988159179688,115.36397552490234,0.9996110796928406,997.0079956054688,86.94847869873047,0.9996383190155029,89.75792694091797,1029.174560546875,0.9998493194580078,1020.5737915039062,1023.2042846679688,0.999091625213623,336.7085876464844,498.4976501464844,0.9943351149559021,334.4788818359375,609.69140625,0.9983110427856445,278.4727783203125,560.5992431640625,0.9876125454902649,385.6744689941406,559.8099975585938,0.9957838654518127,718.4835815429688,499.96087646484375,0.9981696605682373,757.7965087890625,717.31103515625,0.9997708201408386,694.922119140625,595.6456298828125,0.9945899248123169,783.6526489257812,555.8912353515625,0.9186019897460938,148.93075561523438,377.3861999511719,0.4960463345050812,161.1586151123047,382.858642578125,0.15766148269176483,166.48980712890625,427.5250244140625,0.20267930626869202,177.74496459960938,488.43695068359375,0.9924808740615845,130.62890625,434.35797119140625,0.5523281097412109,213.58828735351562,437.8177185058594,0.3744101822376251,133.73599243164062,532.5560913085938,0.8422295451164246,260.5322570800781,463.12310791015625,0.9223021268844604,187.9819793701172,580.288818359375,0.9992018342018127,190.93148803710938,703.3607788085938,0.965238094329834,237.3394012451172,788.7857666015625,0.9348090291023254
2676,85.29953002929688,114.33677673339844,0.9995890259742737,995.0056762695312,85.18247985839844,0.999103307723999,89.98983764648438,1030.747802734375,0.9997883439064026,1018.571533203125,1023.690185546875,0.9993333220481873,336.8865661621094,499.0377197265625,0.9946436882019043,333.7570495605469,609.5748291015625,0.9980072379112244,279.0347900390625,560.4710083007812,0.9684236645698547,385.8565673828125,560.6400756835938,0.9968122839927673,716.2022705078125,499.6064147949219,0.9968245029449463,756.9478759765625,716.145263671875,0.999800980091095,694.1204833984375,596.653076171875,0.9912949204444885,783.0101928710938,559.6983642578125,0.9240151643753052,159.90240478515625,341.1991882324219,0.6269142627716064,153.17556762695312,372.4376525878906,0.621600329875946,155.0049285888672,401.9801940917969,0.34049832820892334,177.30386352539062,486.3472595214844,0.9967045187950134,133.45187377929688,403.2469177246094,0.232461616396904,195.6964111328125,431.2619934082031,0.2991630434989929,131.6476287841797,530.9895629882812,0.8840232491493225,258.0014953613281,461.640869140625,0.7566983699798584,188.01116943359375,581.1529541015625,0.9984295964241028,191.08714294433594,701.7293701171875,0.9807513952255249,236.13735961914062,789.9734497070312,0.5511330962181091
2677,85.43277740478516,114.51074981689453,0.9992861151695251,994.6423950195312,85.33412170410156,0.9997108578681946,88.8877944946289,1030.4873046875,0.9997504353523254,1016.3202514648438,1022.5630493164062,0.9985179305076599,335.26763916015625,499.10137939453125,0.9939972162246704,334.84051513671875,610.69091796875,0.9982263445854187,279.4880065917969,562.2953491210938,0.9798872470855713,386.01898193359375,560.2789306640625,0.9971938133239746,719.3021240234375,499.27789306640625,0.9968632459640503,756.7109375,717.6060180664062,0.9997346997261047,694.8695068359375,598.1115112304688,0.9900986552238464,783.3513793945312,562.7319946289062,0.9490870833396912,275.5504455566406,490.6741638183594,0.017595723271369934,259.20074462890625,493.1313171386719,0.007521416060626507,142.4115753173828,432.61370849609375,0.035603128373622894,171.95550537109375,486.4176025390625,0.991862416267395,232.4202880859375,449.3734130859375,0.05180731788277626,217.38818359375,446.1407165527344,0.5522512197494507,129.54124450683594,528.273681640625,0.9432622194290161,247.33355712890625,456.9793395996094,0.7695552110671997,186.48880004882812,580.8342895507812,0.9989871382713318,191.8621826171875,700.0786743164062,0.9019746780395508,237.48741149902344,792.1922607421875,0.9207776188850403
2678,83.12052917480469,115.93687438964844,0.9986887574195862,995.2313842773438,83.21968841552734,0.9995191097259521,88.89202117919922,1029.7823486328125,0.9995403289794922,1020.2020263671875,1023.0034790039062,0.9991488456726074,335.42742919921875,498.4356384277344,0.992682158946991,334.0162658691406,610.63427734375,0.9986758828163147,277.9643249511719,560.724609375,0.9825855493545532,386.7134094238281,559.7352905273438,0.9967079162597656,717.0087890625,497.63677978515625,0.9992081522941589,757.6582641601562,717.4766845703125,0.9997770190238953,693.489990234375,595.6632080078125,0.9957744479179382,784.3171997070312,566.70556640625,0.910258948802948,276.8815612792969,490.60125732421875,0.0642092227935791,266.3853454589844,476.63909912109375,0.18563790619373322,141.2516326904297,450.68341064453125,0.008702198043465614,172.2759246826172,489.2850341796875,0.9843131303787231,237.3114471435547,452.50885009765625,0.21258950233459473,192.12416076660156,443.7013854980469,0.4854370057582855,133.3512725830078,531.97021484375,0.927937388420105,243.77328491210938,456.18927001953125,0.6009604930877686,186.31094360351562,581.4374389648438,0.9986220598220825,184.23477172851562,695.7294921875,0.9567130208015442,300.6280517578125,839.2535400390625,0.40289780497550964
2679,85.08495330810547,116.17823791503906,0.9995085000991821,996.6348266601562,82.8536148071289,0.9999003410339355,89.79345703125,1030.3829345703125,0.9997333884239197,1021.6016235351562,1022.6394653320312,0.9990181922912598,336.9588623046875,497.8653869628906,0.9945307374000549,334.6199035644531,610.5293579101562,0.9985312223434448,276.9993896484375,558.1585693359375,0.9762824177742004,386.1331787109375,559.695068359375,0.9969011545181274,716.1207275390625,499.6280822753906,0.9970331192016602,756.3410034179688,716.42724609375,0.9997938275337219,694.5106811523438,597.6543579101562,0.9977099895477295,783.868896484375,567.4480590820312,0.9423078298568726,143.31784057617188,394.8335876464844,0.060188133269548416,163.8694610595703,373.25567626953125,0.12356273829936981,152.4382781982422,396.0128479003906,0.014739219099283218,171.9882354736328,490.2685546875,0.9842608571052551,251.14410400390625,470.99853515625,0.015351755544543266,192.19393920898438,439.6659851074219,0.6166137456893921,193.84951782226562,434.4875183105469,0.8964481949806213,254.6519775390625,469.214599609375,0.8396784663200378,186.68023681640625,581.007568359375,0.9991071820259094,184.0220947265625,699.12109375,0.972478449344635,299.07513427734375,838.3659057617188,0.48732173442840576
2680,84.17637634277344,115.32237243652344,0.9998183846473694,996.7748413085938,81.62052917480469,0.9999109506607056,89.5579833984375,1028.6181640625,0.9998857975006104,1018.7686157226562,1023.8185424804688,0.9985164999961853,337.300048828125,498.40655517578125,0.9932956099510193,334.04150390625,610.16796875,0.9977346658706665,275.6817321777344,557.000732421875,0.9925861954689026,386.6868591308594,559.6266479492188,0.9968279004096985,716.197265625,500.16168212890625,0.9984169006347656,756.0950317382812,715.1861572265625,0.9997649788856506,693.318115234375,596.4441528320312,0.9966055154800415,782.41015625,559.2169799804688,0.89682936668396,165.84597778320312,393.1900329589844,0.23430229723453522,177.44932556152344,374.11492919921875,0.11938456445932388,185.24069213867188,378.5475158691406,0.022571906447410583,174.18768310546875,488.02825927734375,0.9864342212677002,252.94723510742188,462.8362121582031,0.29529869556427,206.8060760498047,444.22052001953125,0.055810753256082535,132.533447265625,527.5439453125,0.7922443747520447,122.30367279052734,445.446044921875,0.881290078163147,186.228271484375,581.6165161132812,0.9990660548210144,182.74392700195312,694.61474609375,0.9931000471115112,286.3563232421875,829.56640625,0.925623893737793
2681,84.99099731445312,114.63082885742188,0.9998561143875122,995.9258422851562,85.59468078613281,0.9998704195022583,90.07476043701172,1029.5347900390625,0.9997977614402771,1020.3457641601562,1023.5234985351562,0.9993485808372498,337.9543151855469,498.53045654296875,0.991218626499176,334.1456298828125,610.6514282226562,0.9987280964851379,276.4779052734375,557.2728271484375,0.9872717261314392,385.4547424316406,560.709228515625,0.9973516464233398,716.0894165039062,500.51348876953125,0.9982079267501831,757.9093627929688,715.9889526367188,0.999680757522583,693.1783447265625,595.8333740234375,0.9974864721298218,782.6408081054688,557.1057739257812,0.9157409071922302,176.33767700195312,326.3929443359375,0.45296165347099304,172.07147216796875,379.489013671875,0.506767988204956,174.20384216308594,402.6561584472656,0.4948251247406006,174.24534606933594,486.2060241699219,0.9736653566360474,249.9017333984375,462.3455505371094,0.2737489342689514,208.0734405517578,439.32379150390625,0.39063918590545654,135.84469604492188,526.4176635742188,0.9083467721939087,244.90744018554688,462.55072021484375,0.7187832593917847,187.95486450195312,579.59326171875,0.9989832043647766,180.4661865234375,692.3681640625,0.9918839931488037,291.4374694824219,842.382080078125,0.3428467810153961
2682,85.0916519165039,117.85626220703125,0.9997641444206238,997.2491455078125,85.6977767944336,0.9998213648796082,90.6156005859375,1029.9730224609375,0.9998489618301392,1020.7392578125,1022.2376708984375,0.9991200566291809,338.0284423828125,498.39453125,0.9892337322235107,333.47802734375,610.3292846679688,0.9984185695648193,276.5270690917969,556.4923706054688,0.9938371777534485,385.8244934082031,560.947998046875,0.9960871934890747,715.2332763671875,500.22918701171875,0.997379720211029,756.7114868164062,716.27294921875,0.9998268485069275,693.5623779296875,596.9946899414062,0.9977437257766724,783.6381225585938,558.1427612304688,0.9409418106079102,171.41104125976562,310.9984130859375,0.9898293614387512,170.1109161376953,377.3030700683594,0.8843603730201721,175.06427001953125,403.52978515625,0.9462205171585083,178.57254028320312,491.0948486328125,0.9926595091819763,138.0804443359375,428.7798767089844,0.7258725166320801,230.43374633789062,406.42724609375,0.8006209135055542,134.58779907226562,528.4796752929688,0.8488622903823853,265.09814453125,473.83685302734375,0.5983157157897949,188.028076171875,578.5651245117188,0.9992013573646545,178.9415740966797,689.5311279296875,0.9834752082824707,287.1024475097656,835.8017578125,0.3184843361377716
2683,84.48772430419922,118.64018249511719,0.9994202852249146,994.5044555664062,85.07474517822266,0.9998117089271545,89.27017974853516,1029.989990234375,0.9998218417167664,1019.5008544921875,1022.5327758789062,0.9985498785972595,336.83380126953125,497.438232421875,0.9953201413154602,334.4654541015625,610.9052734375,0.998928964138031,278.3838806152344,561.1403198242188,0.9893553853034973,386.0387878417969,560.1041259765625,0.9951015114784241,715.7659301757812,500.1206359863281,0.9939755797386169,756.4947509765625,716.6197509765625,0.9998270869255066,694.0560913085938,596.2642822265625,0.9977966547012329,785.001953125,559.2039184570312,0.9408599734306335,173.99868774414062,308.3414306640625,0.861962080001831,170.32713317871094,339.8785400390625,0.7546790242195129,170.5303955078125,343.9308776855469,0.17258253693580627,179.7707977294922,484.00927734375,0.9964801669120789,143.1455078125,423.4195861816406,0.07631462812423706,233.52584838867188,441.0159912109375,0.42026716470718384,131.8423614501953,521.1499633789062,0.9171718955039978,267.0807800292969,460.5770263671875,0.7502502202987671,186.9355926513672,578.36279296875,0.9992309808731079,180.54010009765625,693.3292846679688,0.9852306246757507,283.1204833984375,831.3759765625,0.9919165968894958
2684,84.45713806152344,117.90882873535156,0.9995924830436707,996.8616943359375,84.68085479736328,0.9999094009399414,89.58529663085938,1030.020751953125,0.9997819066047668,1020.3590698242188,1022.4608154296875,0.9990697503089905,335.1103210449219,497.6607360839844,0.9949192404747009,335.4002990722656,610.3880615234375,0.9988173842430115,278.0300598144531,561.5220336914062,0.9888554215431213,385.7757873535156,559.0096435546875,0.994753360748291,715.1591186523438,500.6445007324219,0.992366373538971,756.5784912109375,716.2338256835938,0.9998111128807068,694.5942993164062,599.0966796875,0.9986030459403992,785.0342407226562,556.0660400390625,0.9457497000694275,165.55482482910156,321.7223815917969,0.7044469714164734,164.71897888183594,359.5435485839844,0.9222300052642822,168.17401123046875,401.0477294921875,0.3105751872062683,179.43092346191406,481.14495849609375,0.9761427640914917,141.12112426757812,420.25115966796875,0.8212428689002991,226.66819763183594,434.4947204589844,0.804594874382019,137.15957641601562,525.1133422851562,0.6664532423019409,264.61285400390625,462.91876220703125,0.9444351196289062,190.65399169921875,575.3031005859375,0.9966005682945251,179.72325134277344,684.2407836914062,0.9276009798049927,234.08526611328125,807.8317260742188,0.9965659976005554
2685,83.77265167236328,116.47986602783203,0.9996658563613892,995.77880859375,83.91000366210938,0.9999431371688843,89.79898834228516,1030.8267822265625,0.9997079968452454,1021.5523071289062,1022.7941284179688,0.9993269443511963,336.2770690917969,498.4105224609375,0.9934957027435303,334.4422912597656,610.3321533203125,0.9985766410827637,278.1420593261719,560.5620727539062,0.9929773211479187,386.2177734375,561.4265747070312,0.9967984557151794,715.8649291992188,501.423095703125,0.9949101805686951,757.41259765625,716.8756103515625,0.9998503923416138,694.4017944335938,594.36279296875,0.9968165755271912,783.1421508789062,554.5650024414062,0.8027345538139343,159.9528350830078,327.98736572265625,0.17415384948253632,146.29354858398438,367.13494873046875,0.014020365662872791,173.82821655273438,413.6358337402344,0.044517695903778076,176.43930053710938,484.5950622558594,0.9888808727264404,143.17623901367188,419.55438232421875,0.10180625319480896,207.65469360351562,440.9710998535156,0.325545072555542,139.15370178222656,526.8241577148438,0.8182845711708069,260.7975769042969,467.0052795410156,0.5950873494148254,191.79684448242188,575.1383056640625,0.9983828067779541,179.3326416015625,678.2700805664062,0.9544435143470764,230.80517578125,817.9750366210938,0.9452086687088013
2686,84.35216522216797,117.09915924072266,0.9998382329940796,999.2395629882812,87.71210479736328,0.9998461008071899,88.95014953613281,1029.11083984375,0.9997426867485046,1018.9417114257812,1022.1672973632812,0.9984622001647949,332.7038269042969,497.9096984863281,0.9946308135986328,335.8328857421875,609.8678588867188,0.9991279244422913,278.232177734375,561.914794921875,0.9907084703445435,385.871337890625,559.2766723632812,0.9948284029960632,717.6022338867188,501.0282897949219,0.9910047054290771,755.4317626953125,715.7989501953125,0.9999117851257324,694.6598510742188,596.2103271484375,0.9923615455627441,782.2435302734375,550.5016479492188,0.8432770371437073,177.8287811279297,496.889404296875,0.0033236881718039513,176.12863159179688,488.5505676269531,0.0013206001603975892,192.29588317871094,492.67999267578125,0.006975088734179735,173.1825408935547,493.83160400390625,0.9940301179885864,125.13666534423828,459.1999206542969,0.009041313081979752,206.16029357910156,457.39239501953125,0.0326327420771122,201.47006225585938,449.50494384765625,0.8154838681221008,254.99903869628906,461.88031005859375,0.9704046845436096,190.8765411376953,575.3245239257812,0.9983144998550415,178.5215606689453,678.0082397460938,0.9634689092636108,277.5274353027344,867.671142578125,0.9949677586555481
2687,83.74977111816406,119.07276916503906,0.9994174242019653,997.90869140625,85.85531616210938,0.9999427795410156,89.09477996826172,1030.48583984375,0.9996790885925293,1022.1128540039062,1022.3497924804688,0.9989867806434631,337.48577880859375,498.7712097167969,0.9937993884086609,332.91357421875,609.564697265625,0.9988582134246826,276.9031066894531,556.461181640625,0.9894998669624329,385.9125061035156,560.500244140625,0.9947625994682312,716.450439453125,502.30877685546875,0.9964996576309204,757.4508666992188,716.8518676757812,0.9998267292976379,694.4423828125,594.7435913085938,0.9963304400444031,782.7855834960938,550.5032348632812,0.6586986184120178,160.64694213867188,378.8553771972656,0.2158253937959671,158.75967407226562,380.7296447753906,0.04502692073583603,168.84405517578125,410.3556213378906,0.019853420555591583,169.94493103027344,487.58856201171875,0.9891439080238342,224.61366271972656,458.8755187988281,0.01802140660583973,209.42662048339844,456.4276428222656,0.16102483868598938,135.2671661376953,529.6605224609375,0.7066649794578552,242.60890197753906,460.1878967285156,0.6661450862884521,188.14816284179688,577.8001708984375,0.997725784778595,179.88072204589844,689.2907104492188,0.9701658487319946,274.623779296875,862.2186279296875,0.9975153207778931
2688,83.03714752197266,117.18972778320312,0.9998342990875244,997.9348754882812,86.93806457519531,0.9998379945755005,89.28343200683594,1030.2252197265625,0.9996685981750488,1020.29345703125,1022.1892700195312,0.9990247488021851,336.6971740722656,498.1728210449219,0.9925974607467651,333.0932922363281,609.6036987304688,0.9991316199302673,276.0267028808594,555.857666015625,0.9936536550521851,385.80438232421875,560.4537963867188,0.996580183506012,713.4829711914062,503.6039733886719,0.9924455285072327,755.8134155273438,715.8260498046875,0.9999054670333862,693.8740844726562,597.3799438476562,0.995598316192627,782.4169921875,547.7179565429688,0.9152476191520691,161.744873046875,330.00872802734375,0.855210542678833,159.35374450683594,366.1236267089844,0.3603072464466095,163.68972778320312,402.63623046875,0.9189213514328003,172.81097412109375,488.2008972167969,0.9888655543327332,137.3492889404297,403.71502685546875,0.5349112153053284,211.74330139160156,444.67572021484375,0.6790786981582642,133.1522979736328,526.525390625,0.9505718946456909,252.91983032226562,459.0666198730469,0.7326825261116028,188.3207244873047,579.0631103515625,0.9990585446357727,179.92124938964844,685.2314453125,0.9631302356719971,273.9511413574219,863.1294555664062,0.9989076852798462
2689,83.46891021728516,119.03408813476562,0.9998857975006104,995.6377563476562,85.09467315673828,0.9999774694442749,89.71537780761719,1030.6795654296875,0.9998185038566589,1020.0235595703125,1023.2276611328125,0.9995672106742859,338.6450500488281,498.6108093261719,0.9932923316955566,330.8871154785156,608.676513671875,0.9985027313232422,279.280029296875,556.13427734375,0.9813056588172913,385.59771728515625,561.3831176757812,0.9960609078407288,713.6770629882812,503.51324462890625,0.9907702803611755,758.197509765625,717.055419921875,0.9998582601547241,693.56591796875,598.961669921875,0.9973211884498596,784.5928344726562,544.8206787109375,0.7366639971733093,179.21932983398438,311.3167724609375,0.8765040040016174,172.25526428222656,341.39727783203125,0.7632530331611633,178.40945434570312,345.9900207519531,0.8970344662666321,168.20599365234375,478.10931396484375,0.9775090217590332,130.75970458984375,421.8077392578125,0.3416481912136078,194.11236572265625,424.49725341796875,0.3669576644897461,132.27938842773438,521.508544921875,0.8137772679328918,254.4598846435547,459.3027038574219,0.8795607089996338,186.9700164794922,578.4481811523438,0.9972015619277954,178.80856323242188,678.1437377929688,0.9675410389900208,271.8110656738281,861.7288818359375,0.9989645481109619
2690,83.91962432861328,117.7757339477539,0.9998409748077393,997.239013671875,84.96940612792969,0.99986732006073,89.52301025390625,1029.6199951171875,0.9998735189437866,1018.871337890625,1022.318359375,0.999247670173645,337.61297607421875,497.5469665527344,0.9891151189804077,331.9520263671875,608.8878173828125,0.9990026354789734,276.8365173339844,557.5689697265625,0.9834871292114258,384.9105529785156,560.3436889648438,0.9986481070518494,716.552978515625,500.9427185058594,0.9975146055221558,757.5013427734375,716.6253051757812,0.9998283386230469,693.599853515625,596.8120727539062,0.998360812664032,783.0135498046875,549.8225708007812,0.8627617955207825,215.3735809326172,285.800537109375,0.9960667490959167,190.5940399169922,346.6351623535156,0.8553017377853394,183.03060913085938,383.4199523925781,0.9586040377616882,170.8213348388672,473.05645751953125,0.9908801317214966,139.72767639160156,401.7000427246094,0.9542623162269592,235.19686889648438,403.78143310546875,0.9910503625869751,131.15777587890625,520.267333984375,0.7592856884002686,262.0448303222656,480.0024108886719,0.4652535617351532,187.78395080566406,574.3159790039062,0.9967118501663208,179.79498291015625,678.0986938476562,0.958187997341156,230.7509002685547,811.3511962890625,0.8713385462760925
2691,83.06360626220703,118.53366088867188,0.9997797608375549,994.7832641601562,88.68067932128906,0.9998315572738647,89.79452514648438,1030.9892578125,0.9997703433036804,1021.629638671875,1022.4273071289062,0.9991660118103027,335.2593994140625,499.021728515625,0.9918881058692932,335.28515625,609.7930908203125,0.9990240335464478,278.1558532714844,561.5092163085938,0.9734430909156799,386.34442138671875,559.6729125976562,0.9981775283813477,717.2635498046875,502.3772888183594,0.9888312816619873,756.8809204101562,716.6307983398438,0.9996742010116577,694.8220825195312,598.2618408203125,0.9977426528930664,783.274169921875,555.1659545898438,0.7138336896896362,247.91160583496094,250.93014526367188,0.9939793348312378,220.078857421875,320.7811584472656,0.9918239712715149,205.1759033203125,356.7423400878906,0.6469072699546814,182.20350646972656,459.2904357910156,0.9991735816001892,149.862548828125,400.0986328125,0.02861073426902294,246.47689819335938,392.77996826171875,0.9713804125785828,125.74465942382812,506.80877685546875,0.9581124782562256,143.99220275878906,396.5975341796875,0.8721994161605835,186.54763793945312,570.1427001953125,0.9952318072319031,179.150390625,674.0421142578125,0.9939654469490051,213.99851989746094,787.79443359375,0.9890117645263672
2692,83.64879608154297,115.56058502197266,0.999859094619751,996.6294555664062,82.006591796875,0.9996638298034668,89.65115356445312,1030.0771484375,0.9997922778129578,1020.4091186523438,1022.8706665039062,0.9991812109947205,341.8836975097656,498.5548400878906,0.9945443868637085,333.56787109375,610.1480712890625,0.9989866614341736,278.755859375,553.9952392578125,0.9881166219711304,386.19873046875,560.6080932617188,0.9975626468658447,716.2548217773438,500.37786865234375,0.9952282905578613,756.4452514648438,716.4869995117188,0.9997509121894836,694.6630249023438,597.6016235351562,0.997918426990509,785.7015380859375,557.884521484375,0.7114965319633484,263.857666015625,230.1410369873047,0.9991394281387329,237.90113830566406,309.0987243652344,0.9993669390678406,227.7320556640625,336.70208740234375,0.9263469576835632,187.99363708496094,445.21942138671875,0.9628567099571228,187.98410034179688,355.66455078125,0.9965984225273132,266.96875,383.0037536621094,0.9799273014068604,123.17316436767578,495.0225830078125,0.644474983215332,185.1272735595703,361.5763854980469,0.4304150342941284,181.7304229736328,559.6055908203125,0.997126042842865,181.06385803222656,672.272705078125,0.989682674407959,222.19358825683594,793.08544921875,0.9893438816070557
2693,83.90907287597656,117.5006332397461,0.9992462396621704,996.9899291992188,82.91065216064453,0.999864935874939,89.63179779052734,1030.07666015625,0.999803364276886,1021.1466064453125,1022.5184326171875,0.9990886449813843,340.1196594238281,498.5501708984375,0.985516369342804,334.7611389160156,610.1868286132812,0.9988659620285034,277.8996887207031,555.5424194335938,0.9913761019706726,387.15618896484375,560.3450927734375,0.996975302696228,714.3126831054688,500.8011779785156,0.9962419271469116,755.7409057617188,716.8305053710938,0.9997729659080505,693.5941772460938,596.2652587890625,0.9982663989067078,782.7465209960938,553.9037475585938,0.8684123754501343,254.4107208251953,203.71615600585938,0.9923624992370605,237.28465270996094,286.84661865234375,0.9829948544502258,226.4539337158203,316.261962890625,0.9832989573478699,205.44503784179688,426.74908447265625,0.995019793510437,177.38182067871094,341.517822265625,0.9810532927513123,271.5506591796875,352.9812316894531,0.9980923533439636,137.0655517578125,463.7718811035156,0.9695359468460083,259.02935791015625,487.3409423828125,0.8116868138313293,188.36903381347656,549.2841796875,0.9851027727127075,181.0958709716797,664.0658569335938,0.9818993806838989,222.3088836669922,796.155029296875,0.975440502166748
2694,83.75273895263672,116.92298126220703,0.9989609718322754,997.1315307617188,84.93771362304688,0.9999325275421143,90.902099609375,1030.06884765625,0.9997592568397522,1021.1952514648438,1021.3802490234375,0.9989339709281921,337.1065368652344,498.4239501953125,0.9975236058235168,335.16632080078125,609.6712036132812,0.9987597465515137,277.9493713378906,555.42236328125,0.997654914855957,387.38116455078125,558.3914184570312,0.9978563189506531,713.7127685546875,501.9102783203125,0.9919871091842651,757.108642578125,717.265625,0.999744713306427,694.6911010742188,596.9126586914062,0.9985129237174988,781.7880859375,553.648193359375,0.86324542760849,219.2567596435547,192.8365936279297,0.14396433532238007,222.5353546142578,244.6077117919922,0.6444482207298279,213.0508270263672,279.11572265625,0.985637366771698,195.63720703125,403.4222412109375,0.9856672883033752,179.1580352783203,291.56268310546875,0.13807308673858643,256.660888671875,307.6489562988281,0.9331548810005188,146.5206298828125,449.975830078125,0.9686533808708191,268.95880126953125,448.9928894042969,0.9807800650596619,190.42677307128906,515.5648193359375,0.984982430934906,181.744140625,658.8070068359375,0.9774733781814575,209.62306213378906,773.6842041015625,0.2656157612800598
2695,75.98338317871094,109.46744537353516,0.26283347606658936,995.8091430664062,87.3471908569336,0.9996604919433594,90.9514389038086,1028.6199951171875,0.9997281432151794,1019.162353515625,1023.2381591796875,0.9994539618492126,336.96966552734375,498.5943603515625,0.9988151788711548,335.44512939453125,610.6968994140625,0.9993627667427063,279.4180908203125,556.25048828125,0.9922890067100525,387.8681945800781,557.2847290039062,0.9943879246711731,713.662109375,500.6744079589844,0.9956128597259521,754.9937744140625,716.84765625,0.9997791647911072,693.927978515625,598.5435180664062,0.9991851449012756,784.36865234375,554.8236083984375,0.9099633097648621,108.21434783935547,39.3590202331543,0.10431334376335144,108.09387969970703,45.121368408203125,0.5684916973114014,122.5229721069336,62.498146057128906,0.4112134575843811,173.96141052246094,324.24322509765625,0.5915437936782837,93.09510803222656,79.4708480834961,0.7421715259552002,187.28099060058594,127.8303451538086,0.42847371101379395,143.46542358398438,379.12445068359375,0.048526324331760406,231.52003479003906,359.4307861328125,0.7460898160934448,181.83517456054688,435.8681335449219,0.41537418961524963,178.55523681640625,573.2713012695312,0.5404713153839111,186.14395141601562,666.691162109375,0.9885080456733704
2696,200.91555786132812,101.12307739257812,0.08659626543521881,996.8729248046875,83.56073760986328,0.9999157190322876,90.15460205078125,1029.78759765625,0.9997500777244568,1019.6583862304688,1022.5248413085938,0.9991931319236755,338.5307312011719,498.6484375,0.9992653727531433,333.8495178222656,609.9923706054688,0.9991057515144348,277.7929992675781,552.974853515625,0.9919642210006714,387.8845520019531,556.4273681640625,0.9961370825767517,716.6757202148438,499.7484436035156,0.9984972476959229,757.3955078125,717.3778686523438,0.9998365640640259,695.3770751953125,599.3782348632812,0.9976667165756226,783.4228515625,556.1636352539062,0.857011079788208,99.92106628417969,1.724355936050415,0.6356903314590454,102.7571792602539,31.722009658813477,0.13448566198349,107.05146026611328,61.830543518066406,0.3910503089427948,166.30337524414062,257.32440185546875,0.3411894738674164,74.08798217773438,124.85417175292969,0.6672567129135132,165.08103942871094,99.99243927001953,0.9589575529098511,130.10708618164062,322.3680114746094,0.8671090602874756,251.45187377929688,271.8460998535156,0.2594905197620392,194.55056762695312,390.6272277832031,0.2491597831249237,195.4151153564453,464.1976623535156,0.9687774181365967,195.71206665039062,531.966064453125,0.780413031578064
2697,33.46385955810547,2.0375123023986816,0.01958230510354042,998.3964233398438,84.53263854980469,0.9998838901519775,91.05269622802734,1030.139892578125,0.9996623992919922,1020.6382446289062,1022.2637329101562,0.9988654851913452,338.3662109375,498.5812683105469,0.9973543882369995,333.86700439453125,610.1297607421875,0.99887615442276,275.8851318359375,554.9263916015625,0.9768732786178589,387.21820068359375,558.2677612304688,0.9975572824478149,713.5772705078125,500.5414733886719,0.9978128671646118,756.06103515625,717.1495361328125,0.9999023675918579,693.1024169921875,599.3302612304688,0.9988899827003479,784.8261108398438,553.4103393554688,0.7747607827186584,85.48371887207031,-2.404344081878662,0.08645229786634445,97.99373626708984,31.30933380126953,0.7978127002716064,102.91484832763672,57.037628173828125,0.7188858389854431,161.08006286621094,205.90829467773438,0.6064640283584595,61.01044845581055,104.7552261352539,0.6862557530403137,164.39736938476562,70.3129653930664,0.43203064799308777,136.9268341064453,259.8520202636719,0.677557110786438,218.34410095214844,212.4771270751953,0.48349326848983765,197.7131805419922,324.1222229003906,0.7636059522628784,189.79539489746094,428.51116943359375,0.008914719335734844,195.91268920898438,428.8764953613281,0.6833267211914062
2698,333.6082458496094,130.5712127685547,0.2518559694290161,997.2481689453125,84.52544403076172,0.999840497970581,90.38396453857422,1031.246337890625,0.9997521042823792,1019.9999389648438,1021.8507080078125,0.9988648891448975,337.7308654785156,498.4729309082031,0.9979780316352844,334.1369323730469,609.8693237304688,0.9991355538368225,276.4721374511719,555.5540771484375,0.9927129149436951,387.46636962890625,558.4190673828125,0.9963628649711609,713.9827270507812,500.6907958984375,0.9954030513763428,755.6685180664062,715.9853515625,0.9999121427536011,693.80859375,600.2894287109375,0.9971779584884644,785.209716796875,550.9182739257812,0.7932305932044983,231.39617919921875,1.4632673263549805,0.037222959101200104,95.56465148925781,7.887104511260986,0.939358115196228,104.43158721923828,29.054460525512695,0.897776186466217,144.808349609375,124.9212417602539,0.8072464466094971,70.87992858886719,56.76504898071289,0.8032900094985962,180.63031005859375,28.139694213867188,0.554923951625824,101.09129333496094,144.94277954101562,0.005508957896381617,89.9184799194336,147.3492431640625,0.11821041256189346,194.5135498046875,406.2297058105469,0.014843798242509365,191.8146514892578,480.2962951660156,0.4556405246257782,193.94638061523438,404.6280212402344,0.9885768294334412
2699,83.9571304321289,117.10551452636719,0.6322604417800903,995.96826171875,85.44365692138672,0.9999713897705078,91.0222396850586,1029.01708984375,0.9997156262397766,1018.8565673828125,1022.5390625,0.9992167949676514,337.6754150390625,498.8915710449219,0.9992827773094177,333.3931884765625,609.8280029296875,0.9993482232093811,275.5704040527344,556.877685546875,0.9619060754776001,388.2156677246094,558.9750366210938,0.9954591989517212,715.59423828125,499.8484802246094,0.9958947896957397,757.446044921875,717.1294555664062,0.9998965263366699,694.9595947265625,598.3701782226562,0.997739315032959,784.8489379882812,565.3825073242188,0.8010677695274353,108.02478790283203,1.6927180290222168,0.05259048566222191,118.21490478515625,19.35584831237793,0.6871026158332825,131.04408264160156,43.82905578613281,0.44063225388526917,191.4642791748047,127.87622833251953,0.4896760880947113,105.35932159423828,78.51770782470703,0.6276548504829407,174.85739135742188,5.435697555541992,0.0323106124997139,181.2328643798828,210.32284545898438,0.24746884405612946,193.26687622070312,220.0854949951172,0.29240262508392334,196.68446350097656,221.0807342529297,0.5240533351898193,216.30926513671875,396.1177062988281,0.09065363556146622,191.29888916015625,466.78704833984375,0.9958536624908447
2700,85.71051788330078,113.7068862915039,0.7704629302024841,997.0125732421875,83.6295166015625,0.9999020099639893,89.82852935791016,1030.451904296875,0.9997779726982117,1020.9113159179688,1021.75439453125,0.9988481998443604,337.47161865234375,499.0198059082031,0.9993554949760437,331.9505920410156,608.678955078125,0.9984918832778931,276.9322509765625,553.9039916992188,0.9880721569061279,387.1053466796875,559.64599609375,0.9927496910095215,715.9976806640625,499.7901306152344,0.9971062541007996,758.1716918945312,717.59033203125,0.9998881816864014,695.0477294921875,597.4961547851562,0.9964796900749207,782.9532470703125,550.7702026367188,0.8933333158493042,120.02332305908203,7.350647449493408,0.30464327335357666,241.83815002441406,12.237374305725098,0.8413074612617493,140.4855499267578,63.818687438964844,0.8920884132385254,214.3677978515625,136.6111297607422,0.9649512767791748,131.15896606445312,97.3661880493164,0.937879204750061,215.37490844726562,70.2269515991211,0.25502991676330566,186.32357788085938,180.26686096191406,0.3067290484905243,108.52484130859375,119.14828491210938,0.037894122302532196,209.33067321777344,228.99087524414062,0.03762984275817871,209.50645446777344,345.4919128417969,0.02350796014070511,212.9237060546875,348.802978515625,0.9490044116973877
2701,79.9144058227539,109.48737335205078,0.9868721961975098,993.5665893554688,85.16809844970703,0.9999277591705322,88.67684936523438,1029.30517578125,0.9998049139976501,1021.5428466796875,1023.3861083984375,0.9994719624519348,338.2494812011719,498.970947265625,0.9991298317909241,331.8660583496094,609.4578247070312,0.9991337656974792,278.3681640625,550.576904296875,0.9992091059684753,388.0826110839844,560.1503295898438,0.996522068977356,715.8695678710938,499.80615234375,0.9984094500541687,759.5054931640625,716.3917236328125,0.9996597766876221,693.95556640625,598.666259765625,0.9959557056427002,783.4007568359375,556.7069702148438,0.9735533595085144,138.08450317382812,7.988807201385498,0.47861191630363464,151.66062927246094,37.662899017333984,0.7510003447532654,150.90911865234375,59.52169418334961,0.593001127243042,209.37745666503906,142.15408325195312,0.7673144936561584,137.5755157470703,101.11256408691406,0.988673746585846,237.5137481689453,70.3317642211914,0.49061569571495056,223.99913024902344,174.39508056640625,0.0041110459715127945,265.26190185546875,181.86856079101562,0.03579583391547203,123.97400665283203,97.2023696899414,0.0020927516743540764,209.03712463378906,342.7813415527344,0.024833790957927704,212.3108673095703,247.73947143554688,0.9906333684921265
2702,82.05744171142578,113.30595397949219,0.9796521067619324,993.6502075195312,83.67887115478516,0.9998018145561218,88.79029846191406,1029.6068115234375,0.9998565912246704,1021.1531372070312,1022.659912109375,0.9988862872123718,337.66143798828125,498.6473083496094,0.9992803931236267,332.82574462890625,609.2894897460938,0.9990763664245605,277.8497009277344,552.7968139648438,0.9991971850395203,386.8834228515625,558.32470703125,0.9967969059944153,719.5641479492188,499.1673278808594,0.9977273344993591,756.4436645507812,717.0411376953125,0.9997715353965759,694.9714965820312,598.2852783203125,0.9922946691513062,785.7086181640625,555.9356689453125,0.9406880140304565,299.5608825683594,0.4627039432525635,0.14477792382240295,163.6856689453125,45.37483215332031,0.5989430546760559,169.6348114013672,70.3590087890625,0.9233221411705017,217.77566528320312,156.1803436279297,0.8812260031700134,138.50733947753906,104.7525405883789,0.9804051518440247,246.9384307861328,74.827392578125,0.9829946756362915,197.5513458251953,204.91900634765625,0.15114620327949524,287.554443359375,160.24530029296875,0.7175721526145935,211.25515747070312,237.38816833496094,0.8746689558029175,204.23561096191406,349.52850341796875,0.8333892822265625,191.5537567138672,441.8520202636719,0.7560570240020752
2703,83.37454986572266,114.49040985107422,0.9871708750724792,996.058349609375,84.34522247314453,0.9999316930770874,89.88554382324219,1030.459716796875,0.9996935129165649,1021.3572998046875,1023.3634643554688,0.9987348914146423,337.672119140625,498.4924621582031,0.9990764856338501,333.9886779785156,610.0570068359375,0.9991176724433899,277.77685546875,552.3369140625,0.999009370803833,386.36895751953125,558.5558471679688,0.9975118637084961,717.863037109375,499.32330322265625,0.9962857961654663,756.9224853515625,717.3626098632812,0.9997746348381042,695.1729736328125,598.3645629882812,0.9916877150535583,783.8551025390625,549.205078125,0.7582254409790039,322.0359802246094,-0.6248459815979004,0.34160470962524414,185.04513549804688,43.741477966308594,0.8563995361328125,181.11508178710938,71.39006805419922,0.9935786724090576,221.70655822753906,157.2632598876953,0.9551416635513306,143.30738830566406,99.04918670654297,0.8731253743171692,254.01785278320312,77.41143798828125,0.9930167198181152,194.70387268066406,200.7209930419922,0.18283838033676147,284.9620666503906,178.33978271484375,0.7780620455741882,215.0894775390625,243.60716247558594,0.9322541952133179,209.10211181640625,342.11614990234375,0.29766637086868286,205.2048797607422,405.4331359863281,0.572594165802002
2704,84.16680908203125,114.3015365600586,0.9982876181602478,996.0196533203125,86.72872161865234,0.9996635913848877,89.94060516357422,1029.4295654296875,0.9997963309288025,1020.6621704101562,1021.5450439453125,0.9983271956443787,339.6656188964844,497.9986267089844,0.9993628859519958,335.29547119140625,609.7769165039062,0.9992994070053101,278.3895263671875,553.5068969726562,0.9976389408111572,387.5148620605469,558.632080078125,0.9969934225082397,719.4655151367188,500.24139404296875,0.993526816368103,757.5128173828125,717.6397705078125,0.9996187686920166,695.6458129882812,599.7620849609375,0.9902405738830566,784.20654296875,547.7197265625,0.8843024373054504,142.718017578125,41.58136749267578,0.06628531962633133,202.09226989746094,42.63235855102539,0.47319766879081726,201.78640747070312,62.043731689453125,0.9297982454299927,222.92367553710938,158.73765563964844,0.610602080821991,150.52609252929688,110.26058959960938,0.7259745597839355,261.43109130859375,84.30206298828125,0.9965026378631592,176.3683624267578,187.6256103515625,0.04302863031625748,288.746337890625,183.69602966308594,0.23921939730644226,215.62425231933594,251.45986938476562,0.39369145035743713,203.55838012695312,350.21710205078125,0.7220580577850342,191.71058654785156,406.6477966308594,0.4767757058143616
2705,83.79330444335938,114.33151245117188,0.9980930685997009,992.9715576171875,83.80083465576172,0.9996131062507629,89.0154800415039,1030.879638671875,0.9996421337127686,1020.7620849609375,1022.3095092773438,0.9989354014396667,339.47979736328125,498.6228332519531,0.9990365505218506,335.3692321777344,609.4266967773438,0.9987595081329346,278.0830993652344,552.703857421875,0.9975322484970093,388.26055908203125,558.769775390625,0.9950087070465088,717.51416015625,500.1567077636719,0.9966852068901062,758.7215576171875,717.84228515625,0.9993399977684021,696.4718017578125,598.2958374023438,0.9961645603179932,784.1093139648438,548.6746826171875,0.8216461539268494,314.1676940917969,5.034206867218018,0.04439340531826019,260.7421569824219,31.887779235839844,0.4115094542503357,239.7299346923828,64.22047424316406,0.8399081826210022,222.59243774414062,155.62416076660156,0.8187859058380127,181.02365112304688,21.16641616821289,0.6541025638580322,284.3142395019531,94.69281768798828,0.9938417673110962,173.22882080078125,180.15072631835938,0.8588055968284607,276.2243957519531,175.43948364257812,0.8482794761657715,213.09829711914062,234.711181640625,0.78467857837677,204.0108642578125,352.52569580078125,0.3460337817668915,725.3324584960938,996.5314331054688,0.4266042709350586
2706,83.11865997314453,113.54534912109375,0.9996944665908813,996.3029174804688,83.63167572021484,0.9999388456344604,90.4522476196289,1029.1915283203125,0.9997785687446594,1021.7754516601562,1021.6234130859375,0.998672604560852,337.725830078125,498.5865478515625,0.9992555975914001,334.654052734375,610.1863403320312,0.9991351962089539,277.5915832519531,553.241943359375,0.998038113117218,387.7638244628906,558.1234130859375,0.994438886642456,719.8069458007812,500.72015380859375,0.9952374696731567,757.0653686523438,717.6183471679688,0.9997914433479309,696.1655883789062,597.3569946289062,0.9966616630554199,784.6573486328125,548.5089111328125,0.8458413481712341,220.3169708251953,1.316502571105957,0.03489934280514717,270.7579345703125,50.68510818481445,0.9368211030960083,255.27334594726562,80.26310729980469,0.946799099445343,222.81594848632812,152.5311737060547,0.8298305869102478,180.784912109375,82.75358581542969,0.9215360283851624,306.1657409667969,102.6845703125,0.9687557220458984,194.75592041015625,192.5360107421875,0.23123575747013092,274.2778625488281,183.88052368164062,0.9855824708938599,219.87449645996094,219.6495819091797,0.15384793281555176,203.99917602539062,357.8835144042969,0.3241150379180908,181.9260711669922,446.3143005371094,0.6336008310317993
2707,83.61015319824219,114.83358001708984,0.9995489716529846,995.2459106445312,84.2541732788086,0.9999605417251587,89.47850036621094,1030.634765625,0.999722421169281,1019.560546875,1023.8599243164062,0.9990782737731934,338.378662109375,498.5623474121094,0.9991833567619324,334.5559997558594,610.4277954101562,0.9988977909088135,277.8476867675781,552.9439697265625,0.9977031350135803,388.2330627441406,558.0274658203125,0.9926995635032654,720.1022338867188,500.2501525878906,0.9970130920410156,757.1897583007812,717.4647827148438,0.9997256398200989,695.169189453125,596.099609375,0.9928531050682068,783.4205932617188,549.21484375,0.8634169101715088,299.9191589355469,4.651259422302246,0.14893671870231628,287.613525390625,53.68509292602539,0.9918809533119202,276.1025085449219,75.10604858398438,0.9925933480262756,228.5517120361328,154.17196655273438,0.9386952519416809,219.91189575195312,59.640159606933594,0.8033461570739746,312.1645202636719,107.72515106201172,0.9638833999633789,292.53472900390625,169.86512756347656,0.07232076674699783,279.0627136230469,180.0159454345703,0.9276647567749023,222.5163116455078,231.96621704101562,0.8203501105308533,204.02447509765625,357.5194091796875,0.43771612644195557,192.22842407226562,418.8106689453125,0.3335637152194977
2708,83.63638305664062,115.2541732788086,0.9997596144676208,994.0985717773438,83.96725463867188,0.9999383687973022,89.75638580322266,1030.1905517578125,0.9997703433036804,1022.3463745117188,1022.7767944335938,0.9991022348403931,339.54571533203125,498.5582580566406,0.9994926452636719,333.8600158691406,609.5133666992188,0.9986317753791809,278.0411682128906,552.2232055664062,0.99578458070755,386.8758544921875,559.2431030273438,0.9950697422027588,717.7056884765625,499.6955261230469,0.9978857636451721,757.3135986328125,717.9937744140625,0.9997230172157288,694.4418334960938,597.4454956054688,0.9958804845809937,783.1806030273438,549.1014404296875,0.8941114544868469,314.68634033203125,4.023961544036865,0.08814237266778946,310.89422607421875,63.599308013916016,0.9444223642349243,296.18804931640625,87.43159484863281,0.9949178695678711,227.46365356445312,142.12152099609375,0.7541075348854065,246.87208557128906,27.512388229370117,0.8675944805145264,331.1216125488281,118.60340881347656,0.9924420118331909,184.2733917236328,106.76766967773438,0.09290049225091934,283.6788635253906,185.5058135986328,0.9633274078369141,225.1400146484375,236.46974182128906,0.773625910282135,203.72409057617188,361.3690185546875,0.6532053351402283,189.47494506835938,456.8263854980469,0.49365636706352234
2709,83.45677947998047,115.3793716430664,0.9993160963058472,995.4923706054688,83.61315155029297,0.9999668598175049,90.1588134765625,1030.307861328125,0.9998162388801575,1022.7379150390625,1023.397705078125,0.9993220567703247,338.4093933105469,498.8925476074219,0.999504566192627,334.6040344238281,608.814697265625,0.998711347579956,277.7294006347656,554.28125,0.9964775443077087,387.87176513671875,557.408935546875,0.9938594698905945,717.5753173828125,499.6663513183594,0.9960561990737915,757.845947265625,718.1388549804688,0.9996501207351685,693.84326171875,595.1591796875,0.9979352951049805,783.445556640625,553.3212890625,0.945593535900116,456.11614990234375,67.55193328857422,0.6089571714401245,339.52789306640625,75.02440643310547,0.9676361680030823,318.1604309082031,83.22652435302734,0.9912990927696228,241.4075927734375,118.470458984375,0.7209351062774658,247.4286346435547,39.73794174194336,0.8438531160354614,343.5598449707031,127.28909301757812,0.9862798452377319,193.8874969482422,93.36087799072266,0.7738040685653687,277.5421142578125,193.16848754882812,0.7569661736488342,223.98721313476562,228.95484924316406,0.9738489389419556,205.1588592529297,352.05572509765625,0.4616869390010834,194.98724365234375,404.52874755859375,0.6837606430053711
2710,82.87781524658203,115.6710433959961,0.999356210231781,995.6635131835938,85.60684204101562,0.999970555305481,88.79671478271484,1029.86181640625,0.9997348189353943,1021.5872802734375,1022.4208374023438,0.9988266825675964,338.4302062988281,498.9627990722656,0.9994422793388367,333.3219909667969,609.54638671875,0.9991936087608337,277.7827453613281,553.736328125,0.9985767602920532,387.733154296875,557.9740600585938,0.9942775368690491,716.5369262695312,499.299560546875,0.9938123226165771,757.9181518554688,718.3968505859375,0.9995668530464172,693.4842529296875,596.2134399414062,0.9977815747261047,782.865234375,549.2184448242188,0.9344107508659363,472.95489501953125,109.67028045654297,0.03181672468781471,381.1338195800781,90.84068298339844,0.9563081860542297,347.11883544921875,96.58185577392578,0.9933049082756042,289.05718994140625,82.29096984863281,0.31126639246940613,312.8585205078125,45.44049835205078,0.37643975019454956,371.4703369140625,146.354248046875,0.5077561736106873,228.3277130126953,70.97197723388672,0.41434386372566223,278.2958068847656,197.39285278320312,0.11654192954301834,227.56533813476562,211.7298583984375,0.6042776107788086,204.144287109375,358.796875,0.33371055126190186,193.9564208984375,450.1053161621094,0.7660207748413086
2711,83.5693588256836,114.11444854736328,0.9998109936714172,996.6685791015625,82.24899291992188,0.9999033212661743,89.9540023803711,1029.3369140625,0.9997485280036926,1020.7754516601562,1022.9740600585938,0.9993316531181335,339.8316955566406,498.9190979003906,0.9993688464164734,332.3516540527344,609.5162963867188,0.9989031553268433,277.56878662109375,553.9425659179688,0.9951689839363098,387.75567626953125,560.112548828125,0.9963000416755676,715.9736938476562,499.3767395019531,0.9953996539115906,757.4808349609375,717.7197265625,0.9996323585510254,693.531494140625,595.6593627929688,0.9979550838470459,783.98193359375,554.5086669921875,0.7979681491851807,542.1077270507812,172.11154174804688,0.3357793092727661,421.2972106933594,122.83538055419922,0.9034642577171326,384.61407470703125,117.71028137207031,0.956184446811676,292.42816162109375,118.272705078125,0.9592978358268738,352.9286804199219,72.89022064208984,0.29884347319602966,360.6576843261719,165.93328857421875,0.2987646162509918,246.08953857421875,80.79840087890625,0.3743271827697754,289.06561279296875,203.51760864257812,0.7375131845474243,241.254150390625,232.6148223876953,0.6582856774330139,204.03591918945312,354.5996398925781,0.8689766526222229,186.453369140625,435.5528869628906,0.8028680086135864
2712,84.12383270263672,115.43255615234375,0.999829888343811,995.3263549804688,84.03048706054688,0.9999234676361084,89.76117706298828,1028.6611328125,0.9997652173042297,1021.9990234375,1022.3081665039062,0.9984654188156128,339.76177978515625,498.7696838378906,0.9990887641906738,332.6041259765625,609.928955078125,0.9988452196121216,277.77197265625,553.0394287109375,0.9956412315368652,387.2178039550781,559.6508178710938,0.9970934391021729,718.555908203125,500.646484375,0.9989925026893616,758.3118896484375,717.1401977539062,0.9995952248573303,694.0565185546875,593.9589233398438,0.9973155856132507,783.3053588867188,557.2906494140625,0.8159691691398621,549.8589477539062,183.0218963623047,0.998336136341095,501.4917297363281,167.1412353515625,0.8834536671638489,459.21246337890625,157.87826538085938,0.9163498878479004,343.0276794433594,142.59701538085938,0.9893927574157715,441.7410583496094,123.19721984863281,0.9689069986343384,413.8537292480469,194.1405029296875,0.7088227868080139,246.84364318847656,206.87086486816406,0.4308464527130127,308.5149841308594,230.63284301757812,0.9969810843467712,239.78611755371094,232.8134002685547,0.3573715090751648,209.127197265625,335.84716796875,0.8669026494026184,192.66677856445312,411.9903259277344,0.9807871580123901
2713,83.98102569580078,116.09227752685547,0.9997352957725525,994.13525390625,83.54083251953125,0.9999443292617798,88.83772277832031,1028.5928955078125,0.999384880065918,1017.6367797851562,1025.099365234375,0.9985734224319458,340.9040222167969,498.50689697265625,0.9971700310707092,332.1363830566406,609.5125122070312,0.998542070388794,277.1036682128906,554.279296875,0.9926080703735352,387.5084533691406,560.8095703125,0.9982151985168457,716.91015625,500.0031433105469,0.997795820236206,757.2444458007812,716.9051513671875,0.9998515844345093,694.1741943359375,597.619384765625,0.9956299066543579,782.308837890625,556.552734375,0.8365424275398254,591.9285888671875,214.5908966064453,0.9939437508583069,528.850341796875,198.5512237548828,0.997832715511322,500.24761962890625,191.90383911132812,0.9953757524490356,366.47271728515625,170.62503051757812,0.9811550974845886,465.0101318359375,150.2913055419922,0.8418140411376953,457.4586181640625,234.11627197265625,0.9949565529823303,286.6224060058594,122.1486587524414,0.791305422782898,325.989501953125,240.47190856933594,0.9985822439193726,246.1911163330078,228.83082580566406,0.8345370888710022,206.96368408203125,336.1968078613281,0.8255935311317444,195.08482360839844,414.5158386230469,0.8885601758956909
2714,82.51285552978516,114.27888488769531,0.9998496770858765,993.1883544921875,83.19621276855469,0.9999426603317261,89.16924285888672,1029.58154296875,0.9996724128723145,1022.3473510742188,1022.1390991210938,0.9987455606460571,341.2893371582031,498.8343200683594,0.9969612956047058,331.5624084472656,609.0806274414062,0.9991949200630188,277.27056884765625,552.4267578125,0.9890913367271423,386.19000244140625,562.0272827148438,0.9965835809707642,717.1243286132812,500.7796630859375,0.9989226460456848,757.2837524414062,718.2611694335938,0.9998059868812561,694.3345336914062,596.7396240234375,0.9964134097099304,782.9584350585938,554.3941040039062,0.9474566578865051,618.77490234375,251.1613006591797,0.9995707869529724,547.1736450195312,219.95164489746094,0.9985234141349792,523.0972900390625,213.3558807373047,0.9822449088096619,404.44488525390625,191.37957763671875,0.9877651929855347,499.2960205078125,166.7600555419922,0.6551454663276672,476.43707275390625,256.2713928222656,0.9665643572807312,477.1028137207031,253.3909149169922,0.7253095507621765,339.1158752441406,248.90554809570312,0.9964902997016907,260.10272216796875,209.1410369873047,0.9439232349395752,209.4814453125,307.39630126953125,0.9868701100349426,195.87791442871094,408.7164306640625,0.9994540810585022
2715,83.9654769897461,114.65608215332031,0.9999183416366577,994.2857055664062,83.3331298828125,0.9999544620513916,88.72660827636719,1029.3179931640625,0.9998724460601807,1021.9354248046875,1022.5687866210938,0.9990770816802979,339.889892578125,498.51318359375,0.9982592463493347,333.00445556640625,610.0791015625,0.9990111589431763,277.587890625,554.6688232421875,0.9856656193733215,387.4259338378906,558.944091796875,0.9959057569503784,715.2720947265625,499.18536376953125,0.9981223940849304,757.5662841796875,718.095458984375,0.9997789263725281,695.1730346679688,595.3703002929688,0.9961361289024353,782.7496948242188,554.7131958007812,0.9586918950080872,632.2015991210938,276.7970275878906,0.9779396653175354,564.0420532226562,240.19009399414062,0.9984853863716125,532.6936645507812,232.31594848632812,0.894761860370636,422.947998046875,207.71633911132812,0.9959653615951538,537.9136352539062,200.55178833007812,0.43895477056503296,492.6750793457031,276.77618408203125,0.9987298846244812,350.66741943359375,148.76947021484375,0.9871333837509155,356.95318603515625,259.3668212890625,0.9831893444061279,284.3800964355469,205.33612060546875,0.9861537218093872,210.98976135253906,301.776611328125,0.8387293815612793,193.6962432861328,397.1458435058594,0.9988178610801697
2716,81.97976684570312,115.44298553466797,0.9998137354850769,993.4918823242188,83.88106536865234,0.9998849630355835,88.79888153076172,1030.583984375,0.9997486472129822,1020.3280639648438,1022.9779052734375,0.9988719820976257,337.3592834472656,499.0018615722656,0.9986199140548706,334.6781921386719,609.8478393554688,0.9981527924537659,278.2878723144531,557.32080078125,0.9951196908950806,387.2996520996094,556.216064453125,0.9945815205574036,714.9413452148438,499.64398193359375,0.9970279335975647,757.8622436523438,718.5795288085938,0.9995997548103333,695.3239135742188,596.6157836914062,0.9983658194541931,783.55224609375,564.966552734375,0.9124427437782288,657.4662475585938,302.21435546875,0.9960886240005493,591.999267578125,266.2542724609375,0.9867410063743591,567.7163696289062,251.77359008789062,0.9926942586898804,453.4247741699219,214.2581024169922,0.9972979426383972,561.5444946289062,208.74755859375,0.8878769278526306,510.0332946777344,290.1358642578125,0.9980791807174683,406.4048156738281,155.53639221191406,0.7449078559875488,384.4689636230469,260.9259033203125,0.9077602624893188,317.2777099609375,206.7113037109375,0.9914966821670532,228.64306640625,271.18896484375,0.8498030304908752,192.19947814941406,392.4306640625,0.9955447912216187
2717,82.21045684814453,114.01482391357422,0.9997946619987488,994.5575561523438,84.22478485107422,0.9998773336410522,88.99674224853516,1029.53173828125,0.9998112320899963,1021.3855590820312,1023.0435791015625,0.9988802075386047,338.0344543457031,498.6065673828125,0.9989628791809082,332.48516845703125,609.046875,0.9975626468658447,277.5441589355469,554.7646484375,0.9875766038894653,387.1196594238281,558.3104858398438,0.9976682066917419,716.130126953125,499.2767639160156,0.9982187151908875,759.0889892578125,718.8356323242188,0.999607503414154,694.2218627929688,595.9889526367188,0.9970055222511292,782.3529663085938,554.7754516601562,0.8842792510986328,668.0096435546875,313.91015625,0.988815426826477,606.980712890625,275.1426696777344,0.9982815980911255,578.11962890625,265.70867919921875,0.992456316947937,481.1960754394531,223.97499084472656,0.9988368153572083,583.5130615234375,212.7096405029297,0.9918273687362671,529.813720703125,307.2541198730469,0.9986386895179749,451.82684326171875,165.04782104492188,0.8929020166397095,411.8050842285156,273.17572021484375,0.9979104399681091,347.3188781738281,212.7346954345703,0.997124969959259,212.56011962890625,294.86669921875,0.5906599164009094,191.3466796875,403.4306640625,0.945766806602478
2718,81.70503234863281,114.35721588134766,0.9998492002487183,996.5138549804688,85.90313720703125,0.9999624490737915,89.84813690185547,1029.688720703125,0.9998387098312378,1020.1304321289062,1024.2861328125,0.9993903636932373,339.6789855957031,498.74505615234375,0.9991680383682251,332.3480224609375,608.7476806640625,0.9987707734107971,277.73687744140625,555.8304443359375,0.9958688020706177,386.2682189941406,559.4733276367188,0.9971408843994141,716.664794921875,498.9892272949219,0.9988948702812195,759.4252319335938,717.165771484375,0.9993365406990051,694.2526245117188,594.4954223632812,0.9953163862228394,782.5466918945312,552.2357788085938,0.894153356552124,664.90283203125,314.638916015625,0.9984791874885559,607.506591796875,277.6493835449219,0.996885359287262,578.630615234375,265.09722900390625,0.9915805459022522,491.9139099121094,243.4962921142578,0.9894860982894897,586.3431396484375,227.53173828125,0.8236973285675049,538.5829467773438,317.0285949707031,0.9886455535888672,453.6817626953125,189.55006408691406,0.984472930431366,452.1571350097656,307.1971130371094,0.9460882544517517,383.9542236328125,242.43057250976562,0.995561957359314,289.4796142578125,250.48728942871094,0.513024628162384,190.6869659423828,399.3476257324219,0.9898111820220947
2719,83.14685821533203,114.67300415039062,0.9998136162757874,994.89794921875,86.17967987060547,0.9999568462371826,89.77444458007812,1029.9788818359375,0.9998842477798462,1021.1673583984375,1024.1580810546875,0.9991182684898376,337.81280517578125,499.1618957519531,0.9992908239364624,331.1902770996094,607.5154418945312,0.9990519881248474,277.95452880859375,555.7398681640625,0.9971156120300293,385.62103271484375,557.8495483398438,0.996928870677948,717.337890625,498.64599609375,0.9991171956062317,756.6737670898438,717.208984375,0.9997499585151672,693.0321655273438,595.206787109375,0.9974748492240906,783.8306884765625,556.6079711914062,0.8372295498847961,670.3997802734375,321.5967712402344,0.9990136623382568,591.9295043945312,281.8475036621094,0.9997782111167908,568.3209228515625,273.2848815917969,0.9964610934257507,493.2026062011719,263.45147705078125,0.9882160425186157,570.6458129882812,238.9049835205078,0.955707848072052,545.9475708007812,337.71484375,0.9863371253013611,460.8714904785156,217.37896728515625,0.8675983548164368,457.1179504394531,318.4894104003906,0.8110489845275879,396.7442932128906,266.3003845214844,0.9543684124946594,304.4354248046875,250.6524658203125,0.6555370092391968,192.0809326171875,396.4691467285156,0.9912047982215881
2720,82.37171936035156,114.60904693603516,0.9998601675033569,995.8037719726562,83.42723083496094,0.9999649524688721,90.59463500976562,1029.197265625,0.9999043941497803,1021.9644775390625,1022.2271118164062,0.9992197751998901,338.2843017578125,498.8601989746094,0.9992996454238892,331.6412658691406,608.1425170898438,0.9992938041687012,277.86114501953125,555.5299072265625,0.9927619099617004,386.4240417480469,557.6112060546875,0.9966028928756714,714.9755859375,500.2588806152344,0.9984295964241028,756.7200317382812,715.6304931640625,0.9998782873153687,691.956787109375,594.3173828125,0.9969127178192139,783.5017700195312,556.6884155273438,0.903157114982605,662.627685546875,325.9100341796875,0.9962714910507202,578.6492309570312,284.53192138671875,0.999671220779419,556.91650390625,280.5799560546875,0.9990208148956299,486.0755310058594,266.681884765625,0.9988734126091003,557.4426879882812,242.3626251220703,0.9459215998649597,549.0064086914062,347.41229248046875,0.8792701363563538,458.9429016113281,221.52267456054688,0.988484799861908,447.09832763671875,318.696533203125,0.8431308269500732,402.5378112792969,267.02215576171875,0.9992665648460388,300.9615478515625,250.47091674804688,0.7665104866027832,194.6288299560547,406.0642395019531,0.994269847869873
2721,82.42515563964844,113.32521057128906,0.9997280240058899,996.026123046875,85.97681427001953,0.9999016523361206,90.0070571899414,1029.852294921875,0.9997829794883728,1020.2232666015625,1022.6356811523438,0.9990400671958923,338.171630859375,498.5977783203125,0.9992988109588623,333.010498046875,609.1632690429688,0.9984862804412842,278.4255065917969,556.0584716796875,0.991517961025238,387.2124938964844,557.231689453125,0.9961289167404175,715.7294311523438,499.6806335449219,0.9983921647071838,756.2959594726562,715.7847290039062,0.9998440742492676,694.787353515625,598.6004638671875,0.9978493452072144,783.0549926757812,549.61376953125,0.8315768241882324,659.7000732421875,327.84783935546875,0.8954865336418152,572.6343994140625,289.2908630371094,0.9997040629386902,545.6141357421875,282.684326171875,0.9985427856445312,487.5770263671875,269.92083740234375,0.9995384216308594,550.7212524414062,251.5598602294922,0.9951263666152954,531.4669799804688,343.7107849121094,0.829913318157196,477.7727355957031,225.82412719726562,0.9309049844741821,451.1102600097656,327.04473876953125,0.7820353507995605,405.7806091308594,263.9595031738281,0.9977752566337585,301.39105224609375,249.68304443359375,0.7825967669487,193.33258056640625,406.3374938964844,0.9836174249649048
2722,82.4087142944336,114.25524139404297,0.9998251795768738,997.0144653320312,84.73057556152344,0.9998970031738281,89.09317016601562,1029.8121337890625,0.9997578263282776,1020.1494140625,1023.2935180664062,0.9996452331542969,336.9485778808594,498.502197265625,0.9992380142211914,332.8687438964844,609.6774291992188,0.9991440773010254,277.6820373535156,555.38818359375,0.9959548711776733,386.97222900390625,557.4530639648438,0.9975816011428833,714.058349609375,500.12786865234375,0.9921825528144836,756.5576782226562,716.2071533203125,0.9997754693031311,692.2312622070312,597.1705932617188,0.9989540576934814,782.4833374023438,551.7135620117188,0.8207972049713135,660.6372680664062,343.31756591796875,0.8602257370948792,564.817138671875,299.0762634277344,0.9990919828414917,542.12646484375,289.2679138183594,0.9972163438796997,484.317626953125,277.4711608886719,0.9998579025268555,547.6517333984375,257.098388671875,0.6836445927619934,523.2748413085938,355.8638610839844,0.7494800090789795,480.4750671386719,231.9526824951172,0.9882766604423523,448.2569274902344,326.83056640625,0.9303196668624878,411.6591491699219,260.03564453125,0.9989215135574341,292.0162658691406,249.27000427246094,0.6920325756072998,192.36097717285156,402.5244445800781,0.9885764718055725
2723,83.36052703857422,113.86864471435547,0.9998652935028076,994.7540893554688,86.3367691040039,0.9998700618743896,89.41862487792969,1029.13818359375,0.9997754693031311,1022.7435913085938,1022.7654418945312,0.999200165271759,339.1802978515625,498.2552185058594,0.9993801116943359,331.4906921386719,609.6390380859375,0.998755693435669,277.711181640625,554.0988159179688,0.9955790638923645,386.0732727050781,559.264404296875,0.9975425004959106,712.4658203125,501.5942687988281,0.9972440004348755,757.49072265625,716.4291381835938,0.9997890591621399,693.3421020507812,596.952880859375,0.996161937713623,781.999267578125,550.5479125976562,0.8266034126281738,648.9121704101562,347.4700012207031,0.9628402590751648,565.207275390625,300.93145751953125,0.9979547262191772,537.9848022460938,293.7300720214844,0.957619309425354,481.59521484375,278.0732421875,0.9995560050010681,540.5380859375,261.0347900390625,0.9559939503669739,523.1484985351562,358.7248840332031,0.7335078716278076,478.6657409667969,238.97178649902344,0.975524365901947,429.7045593261719,305.4993896484375,0.9537418484687805,411.0462341308594,257.4302673339844,0.9502754807472229,292.93853759765625,243.3924560546875,0.318400114774704,191.79542541503906,358.3904724121094,0.9318211674690247
2724,82.11334228515625,115.24867248535156,0.9997486472129822,997.1033325195312,83.9548110961914,0.9999278783798218,90.07148742675781,1030.5164794921875,0.9996646642684937,1022.1695556640625,1022.5487060546875,0.9993428587913513,339.5992736816406,498.3913269042969,0.9991306662559509,331.6846618652344,609.6151123046875,0.998497486114502,277.3520812988281,552.4232788085938,0.993071973323822,385.9339294433594,559.3661499023438,0.9970081448554993,712.9777221679688,501.40521240234375,0.9976921081542969,757.1558227539062,716.4908447265625,0.9998431205749512,693.3866577148438,597.0313110351562,0.9976629018783569,782.4675903320312,555.3060302734375,0.8386135101318359,632.1659545898438,322.3163757324219,0.9438837170600891,623.7891235351562,323.9128723144531,0.9175207018852234,542.61376953125,285.8564758300781,0.5552235245704651,494.49560546875,282.67474365234375,0.9864684343338013,566.0142822265625,251.40658569335938,0.4731234312057495,532.1704711914062,340.6935729980469,0.6867278814315796,522.4822998046875,236.01698303222656,0.6807542443275452,444.9429931640625,327.4148864746094,0.9095989465713501,406.8611755371094,267.8871154785156,0.9899473786354065,292.670166015625,246.11917114257812,0.9231760501861572,190.921875,376.90057373046875,0.8947413563728333
2725,82.36690521240234,114.33196258544922,0.9997304081916809,996.6738891601562,84.1959457397461,0.9999576807022095,88.01055908203125,1031.2344970703125,0.9992843270301819,1018.9248046875,1023.6090087890625,0.9994070529937744,339.4754333496094,498.34564208984375,0.999237060546875,332.49041748046875,610.1149291992188,0.9984763264656067,278.04425048828125,553.2075805664062,0.9919455647468567,387.10638427734375,558.5756225585938,0.9966757297515869,713.684814453125,500.3674011230469,0.9977352619171143,757.8689575195312,716.74853515625,0.9998779296875,692.3618774414062,596.9934692382812,0.9969711303710938,780.2169189453125,548.9812622070312,0.9147444367408752,629.6732788085938,283.9971618652344,0.9259735941886902,616.2605590820312,288.38311767578125,0.9624064564704895,518.560791015625,284.8351135253906,0.9765288233757019,493.31298828125,302.9757995605469,0.243332177400589,531.6192626953125,243.22149658203125,0.4808691740036011,528.9838256835938,333.2456359863281,0.8153684735298157,492.16119384765625,244.24916076660156,0.5207153558731079,494.3382873535156,352.1883239746094,0.6948279142379761,414.5283203125,281.80902099609375,0.9837230443954468,303.3594665527344,244.41883850097656,0.44214722514152527,193.44525146484375,379.4990539550781,0.9270333647727966
2726,83.31946563720703,115.9493637084961,0.9998726844787598,995.9042358398438,84.09761810302734,0.9999310970306396,88.53150939941406,1030.535400390625,0.9997575879096985,1018.8137817382812,1021.5872802734375,0.9989063739776611,338.2160949707031,498.24725341796875,0.9991416931152344,333.2828674316406,610.0093994140625,0.9980795383453369,277.2125549316406,555.8465576171875,0.9939159750938416,387.4537353515625,558.64892578125,0.9955969452857971,713.476318359375,500.1920166015625,0.998349666595459,757.5614013671875,716.4193725585938,0.9998362064361572,693.29638671875,598.982177734375,0.9978121519088745,781.3438720703125,557.2230834960938,0.938041627407074,656.0577392578125,245.92483520507812,0.9967625141143799,549.2554931640625,262.9964599609375,0.9579879641532898,613.5455932617188,267.52606201171875,0.9773728251457214,484.42364501953125,293.265380859375,0.911471426486969,518.201171875,243.36000061035156,0.5179102420806885,529.261474609375,320.7648010253906,0.44331684708595276,479.6111145019531,241.0356903076172,0.9838189482688904,490.17218017578125,341.943359375,0.15867449343204498,410.6302490234375,277.3165283203125,0.9985843896865845,324.0440979003906,245.158203125,0.5578751564025879,191.45541381835938,367.2711181640625,0.9723718166351318
2727,81.43343353271484,114.53563690185547,0.9996755123138428,997.7811889648438,85.07988739013672,0.9999008178710938,88.48677825927734,1030.4267578125,0.9996479749679565,1020.1301879882812,1021.69384765625,0.9989123344421387,339.4468994140625,498.6091613769531,0.9993300437927246,332.9324645996094,609.3660278320312,0.9985558390617371,276.80413818359375,554.9407958984375,0.9930818676948547,387.20831298828125,559.3872680664062,0.9962671399116516,711.1006469726562,499.12359619140625,0.9986209869384766,756.929443359375,716.95751953125,0.9998037219047546,693.8648071289062,594.9432983398438,0.9974785447120667,780.8857421875,557.4375,0.9509407877922058,674.7423706054688,256.7709655761719,0.9673736691474915,585.6553344726562,248.7802734375,0.9936491847038269,557.3499755859375,259.7899169921875,0.952613115310669,489.80694580078125,281.2785339355469,0.975378692150116,531.543212890625,238.4505615234375,0.8650893568992615,593.5602416992188,312.0953369140625,0.8437316417694092,478.4410095214844,243.80979919433594,0.8437626957893372,472.94866943359375,339.72607421875,0.7456166744232178,414.35113525390625,278.0793151855469,0.999417781829834,304.4504089355469,244.52671813964844,0.8270318508148193,191.11061096191406,376.60711669921875,0.987000048160553
2728,80.49365997314453,113.24490356445312,0.9997484087944031,995.4330444335938,84.78207397460938,0.999883770942688,89.94283294677734,1028.7734375,0.9998763799667358,1019.7337646484375,1022.624267578125,0.9993851184844971,338.0902404785156,498.2515563964844,0.9992914199829102,334.1410827636719,609.722412109375,0.9983915686607361,277.5214538574219,556.1358032226562,0.9942449927330017,387.56329345703125,558.4268188476562,0.993837296962738,713.5078735351562,498.3687438964844,0.9923381209373474,757.2470092773438,718.3204956054688,0.9997760653495789,693.7852172851562,596.25830078125,0.9979022741317749,783.4774169921875,566.5833129882812,0.9293279051780701,725.0308837890625,250.9552764892578,0.999247670173645,650.1774291992188,246.73614501953125,0.9912847280502319,615.6914672851562,251.0536346435547,0.9538629055023193,518.8081665039062,277.8748474121094,0.9995222091674805,591.9476928710938,220.46066284179688,0.9578990340232849,622.6444702148438,302.4585266113281,0.9722601175308228,464.43890380859375,241.84884643554688,0.9894905686378479,484.2532958984375,343.4674987792969,0.9732900857925415,418.49371337890625,278.2523498535156,0.9997782111167908,302.13653564453125,243.71768188476562,0.9546071290969849,190.85684204101562,376.86376953125,0.9710767865180969
2729,82.55950927734375,115.38604736328125,0.9998687505722046,997.1439819335938,84.37096405029297,0.9999632835388184,90.40351867675781,1029.6427001953125,0.9999058246612549,1020.7379760742188,1022.2891845703125,0.9991689920425415,339.8350524902344,498.7007141113281,0.9981313347816467,331.7536315917969,609.9589233398438,0.9984130859375,277.58770751953125,556.3070068359375,0.989072322845459,386.0601501464844,561.4136962890625,0.993682861328125,717.2380981445312,499.2864685058594,0.9939873218536377,756.4938354492188,718.539794921875,0.9996702671051025,694.1881713867188,595.43017578125,0.9965279698371887,783.8829345703125,555.8604736328125,0.9133305549621582,766.7721557617188,250.46484375,0.9997032284736633,699.8907470703125,246.1370086669922,0.9485321640968323,663.320556640625,252.858154296875,0.971095085144043,543.6823120117188,273.4284362792969,0.9959936141967773,621.3584594726562,223.847412109375,0.9113026857376099,630.7528076171875,306.8348388671875,0.7400575876235962,467.7718505859375,235.55873107910156,0.9826987981796265,485.7771911621094,344.4287109375,0.7859190106391907,411.7960205078125,274.2279052734375,0.9990634322166443,302.3877258300781,243.4918670654297,0.9971956014633179,191.6832733154297,380.4232177734375,0.9815899729728699
2730,81.09929656982422,113.73867797851562,0.999788224697113,996.0098266601562,81.89891052246094,0.9998714923858643,89.49481964111328,1029.14013671875,0.9998020529747009,1020.5836791992188,1022.4004516601562,0.9993746876716614,340.12408447265625,498.5586853027344,0.9990569949150085,332.9627380371094,609.7766723632812,0.9988320469856262,277.7757873535156,554.6121215820312,0.9931796789169312,386.2352294921875,559.4002075195312,0.9943286776542664,716.8274536132812,501.1250305175781,0.9961819648742676,755.4592895507812,719.0894775390625,0.9998036026954651,693.3589477539062,592.7041625976562,0.9964566826820374,783.2708740234375,559.3059692382812,0.9602121114730835,822.7498168945312,245.0334014892578,0.9970598816871643,757.05029296875,240.618408203125,0.9391697645187378,723.7718505859375,247.9841766357422,0.9867830276489258,584.2688598632812,269.90167236328125,0.8708670735359192,664.9666748046875,218.35011291503906,0.7518603205680847,685.3475341796875,293.42657470703125,0.950210452079773,488.216064453125,229.2145233154297,0.9385248422622681,514.9849853515625,342.1636657714844,0.9066582322120667,414.5238952636719,280.6088562011719,0.99770587682724,302.9898681640625,243.23443603515625,0.9689009785652161,191.32928466796875,383.17767333984375,0.9939479827880859
2731,84.51593780517578,115.3564682006836,0.9982820749282837,994.36669921875,85.87445831298828,0.9999639987945557,88.5221176147461,1029.133544921875,0.9998108744621277,1019.833984375,1023.1050415039062,0.9985402822494507,339.1946105957031,497.96728515625,0.998389482498169,333.1452331542969,610.1100463867188,0.9991918206214905,278.0630798339844,554.8092041015625,0.9976215958595276,386.0490417480469,560.681884765625,0.9957621693611145,713.5219116210938,500.84796142578125,0.9977572560310364,757.1895751953125,717.3536376953125,0.999854326248169,693.2286376953125,593.3685302734375,0.9938108325004578,783.42626953125,554.6353149414062,0.8741098642349243,859.361083984375,215.80450439453125,0.864871621131897,805.1055908203125,225.7615966796875,0.9709994792938232,775.6163940429688,234.12083435058594,0.9905100464820862,611.973876953125,259.54168701171875,0.9933367967605591,703.3115844726562,213.57798767089844,0.9121196269989014,731.099609375,290.7278137207031,0.9686506986618042,524.3603515625,217.06964111328125,0.97632896900177,523.3406372070312,326.62579345703125,0.9430474638938904,454.4721984863281,278.2312316894531,0.9977738261222839,358.04852294921875,269.72064208984375,0.9130663275718689,360.8697509765625,272.275634765625,0.3533390462398529
2732,83.34986877441406,114.58906555175781,0.9997218251228333,995.2146606445312,83.41188049316406,0.9998670816421509,88.46817016601562,1028.720947265625,0.999875545501709,1022.1255493164062,1022.9673461914062,0.9988933205604553,337.3694763183594,498.5690612792969,0.9988283514976501,332.8430480957031,609.9788208007812,0.9991990923881531,277.924072265625,555.0180053710938,0.9972822666168213,388.4617614746094,559.21337890625,0.9946159720420837,713.4675903320312,500.7180480957031,0.9948011636734009,757.4561767578125,717.4702758789062,0.9998117089271545,693.3834838867188,594.9686889648438,0.9930289387702942,781.6297607421875,553.9267578125,0.943626880645752,926.5636596679688,165.5135955810547,0.9965161085128784,855.1743774414062,202.60690307617188,0.9616870880126953,818.6317138671875,216.1239776611328,0.9938384890556335,666.2951049804688,242.01101684570312,0.9985376596450806,756.5068359375,192.86241149902344,0.8834854960441589,777.9691772460938,275.57525634765625,0.9992910623550415,566.3731689453125,211.41412353515625,0.9687322378158569,588.3423461914062,307.29248046875,0.8717333674430847,499.4617004394531,268.1958923339844,0.9535413980484009,372.91412353515625,281.2843322753906,0.14745523035526276,366.2341003417969,280.46826171875,0.978694498538971
2733,82.77252960205078,113.2621078491211,0.9997988343238831,996.703857421875,85.76809692382812,0.9998295307159424,89.1274642944336,1029.6273193359375,0.9997867941856384,1021.0875244140625,1023.4642333984375,0.9988048076629639,339.4229431152344,498.2231140136719,0.9992030262947083,333.37109375,609.4520263671875,0.9988131523132324,277.5946350097656,556.2140502929688,0.9952619075775146,388.48681640625,558.6840209960938,0.9976860284805298,715.7454833984375,499.0682067871094,0.9935431480407715,756.217041015625,718.4624633789062,0.9998027682304382,693.0711669921875,595.978759765625,0.9961766004562378,782.3790283203125,551.0032958984375,0.8768529295921326,973.2340087890625,135.83692932128906,0.7153506278991699,875.3548583984375,178.16441345214844,0.9954700469970703,846.3826904296875,191.80238342285156,0.9894243478775024,720.5010986328125,225.3248748779297,0.9997426867485046,805.132568359375,165.6960906982422,0.9291792511940002,823.752685546875,254.7646484375,0.9985503554344177,643.8344116210938,183.03030395507812,0.9915429353713989,666.2221069335938,301.9674072265625,0.9996471405029297,582.981689453125,257.98651123046875,0.9995850920677185,450.81280517578125,277.4127502441406,0.9166123270988464,371.5401916503906,277.0448913574219,0.3390868902206421
2734,84.18122100830078,114.27567291259766,0.9997236132621765,990.658935546875,85.91844177246094,0.999545156955719,88.6905288696289,1029.927001953125,0.9997761845588684,1019.5574951171875,1022.4909057617188,0.9975631237030029,339.0162048339844,498.44635009765625,0.9991410970687866,332.5217590332031,609.5628051757812,0.9983891248703003,277.51678466796875,553.6583862304688,0.9973921775817871,386.98406982421875,559.0233154296875,0.997175931930542,717.845458984375,501.4939270019531,0.9823641777038574,756.5618896484375,716.796142578125,0.9998501539230347,692.8320922851562,595.13916015625,0.9951984286308289,783.8515014648438,556.4636840820312,0.8178093433380127,1006.8019409179688,134.12611389160156,0.332192063331604,902.2086791992188,154.67111206054688,0.988663375377655,872.75048828125,168.66970825195312,0.9549068212509155,769.588623046875,211.24781799316406,0.9977523684501648,844.8724365234375,144.9909210205078,0.5424150824546814,904.3775634765625,207.8797607421875,0.10501358658075333,854.6009521484375,234.79519653320312,0.9366838335990906,718.4041748046875,286.5419006347656,0.9967189431190491,615.6903686523438,252.30514526367188,0.9983950257301331,496.1254577636719,268.4041748046875,0.7839370965957642,385.9423522949219,277.3255615234375,0.6659889817237854
2735,82.73397064208984,114.91141510009766,0.9997270703315735,1069.789794921875,76.49298095703125,0.9093361496925354,89.21643829345703,1029.8519287109375,0.9997691512107849,1021.2058715820312,1023.4496459960938,0.9988885521888733,339.0074768066406,498.07952880859375,0.9993622899055481,333.6297607421875,610.2776489257812,0.9989577531814575,277.47979736328125,554.8289794921875,0.9913431406021118,388.39422607421875,558.58642578125,0.9952774047851562,713.3125,501.3512268066406,0.9753883481025696,755.2491455078125,715.9566650390625,0.9998241066932678,693.0676879882812,596.2680053710938,0.9970611929893494,780.9288940429688,549.943359375,0.9595280885696411,1059.3350830078125,90.47689056396484,0.8161592483520508,953.9338989257812,121.4018325805664,0.9873096346855164,918.7555541992188,138.783935546875,0.9949817061424255,802.5581665039062,195.47561645507812,0.9955678582191467,893.9806518554688,117.6138916015625,0.8991686701774597,946.8656616210938,182.27459716796875,0.9279136061668396,712.138427734375,175.4885711669922,0.9841619729995728,752.8961181640625,277.941162109375,0.9929718375205994,651.7654418945312,240.55453491210938,0.9937723278999329,528.1485595703125,266.7457275390625,0.9798911213874817,398.8798828125,275.32904052734375,0.9116158485412598
2736,82.31146240234375,112.9394302368164,0.9998531341552734,1000.4124145507812,252.5831756591797,0.6737911701202393,90.10816955566406,1029.12060546875,0.9998350143432617,1021.1417846679688,1022.2061767578125,0.9985950589179993,340.1191101074219,497.90234375,0.9982536435127258,332.23455810546875,610.7506103515625,0.9988082647323608,277.2005615234375,554.6135864257812,0.9934819340705872,387.74493408203125,560.1336669921875,0.9972803592681885,715.3734130859375,501.4410095214844,0.9935470223426819,754.9711303710938,716.1167602539062,0.9997316002845764,692.3595581054688,596.8936767578125,0.9974840879440308,780.3717041015625,553.8660888671875,0.9574002623558044,1073.174072265625,74.82508850097656,0.8662506937980652,966.04638671875,112.4406967163086,0.9032996892929077,929.2350463867188,134.2942352294922,0.9838690161705017,826.048095703125,180.00289916992188,0.9971441626548767,888.2103881835938,111.11637878417969,0.9954119324684143,926.9215087890625,190.6544189453125,0.5544521808624268,732.0809936523438,170.86402893066406,0.9970506429672241,771.6574096679688,265.5554504394531,0.9841246008872986,674.6295776367188,230.8354949951172,0.9990479350090027,541.460693359375,265.02630615234375,0.9809005856513977,396.3670959472656,273.89886474609375,0.7853372693061829
2737,82.99405670166016,114.6820297241211,0.9998661279678345,1078.3333740234375,59.14317321777344,0.23486937582492828,89.24431610107422,1030.491943359375,0.999797523021698,1019.8831787109375,1023.6261596679688,0.9992827773094177,340.1054992675781,498.4648742675781,0.9977338314056396,332.27777099609375,609.1583251953125,0.9991258978843689,277.99810791015625,555.3377685546875,0.9876432418823242,387.3224182128906,559.8013305664062,0.996199905872345,714.1060791015625,499.7731018066406,0.9978305697441101,756.0654296875,716.4691772460938,0.9996390342712402,692.7490844726562,598.944091796875,0.9966182112693787,780.2809448242188,549.2952880859375,0.9515349268913269,1075.5316162109375,67.61058044433594,0.875311017036438,973.0571899414062,106.28716278076172,0.9973898530006409,945.6854858398438,114.5935287475586,0.9947646856307983,847.2425537109375,172.7273712158203,0.9967722296714783,894.4243774414062,99.3137435913086,0.9963698387145996,936.413330078125,173.590576171875,0.8128034472465515,740.37060546875,175.2087860107422,0.9590470194816589,789.3541870117188,261.1820373535156,0.9401815533638,676.817626953125,230.37161254882812,0.9946625828742981,546.4071044921875,262.6098327636719,0.9279816746711731,400.7382507324219,276.5372009277344,0.7940742373466492
2738,83.94153594970703,117.30904388427734,0.9997352957725525,999.832275390625,253.72593688964844,0.675879180431366,89.6125259399414,1028.914306640625,0.9998427629470825,1021.2619018554688,1022.7940673828125,0.9988597631454468,341.0614318847656,498.6514587402344,0.9974729418754578,331.4076843261719,609.4986572265625,0.9990113973617554,277.4251708984375,553.6995239257812,0.9885416030883789,386.9537353515625,560.1070556640625,0.9946964979171753,715.2057495117188,500.66510009765625,0.9938361048698425,757.5223388671875,717.4407958984375,0.9997621178627014,695.3442993164062,600.060302734375,0.996311366558075,781.594482421875,550.6314086914062,0.9512106776237488,1076.9384765625,68.95660400390625,0.882156491279602,971.43212890625,107.37646484375,0.9862257242202759,934.2153930664062,126.9085693359375,0.98127281665802,834.4996337890625,169.4351348876953,0.9980719089508057,886.8663330078125,102.53350067138672,0.9945681095123291,934.447021484375,171.4582977294922,0.6601440906524658,738.6829223632812,162.12384033203125,0.9819791316986084,778.4139404296875,259.0007629394531,0.9711908102035522,671.0792846679688,233.33238220214844,0.9921305775642395,549.5448608398438,263.0357971191406,0.9729917049407959,400.773193359375,276.9338684082031,0.9768432378768921
2739,82.4819107055664,114.88404083251953,0.999868631362915,996.184326171875,258.81646728515625,0.6397628784179688,89.94512939453125,1029.5152587890625,0.9997770190238953,1020.6844482421875,1023.45751953125,0.9991347193717957,340.27764892578125,499.2774963378906,0.999049961566925,332.98345947265625,610.3389282226562,0.9990379810333252,277.2406921386719,554.8329467773438,0.9919843077659607,386.8157653808594,559.6588134765625,0.9965270161628723,716.91015625,499.1815185546875,0.9965949654579163,757.7135620117188,718.0205688476562,0.9997863173484802,694.8850708007812,598.035400390625,0.9985404014587402,781.7819213867188,554.57275390625,0.9463164806365967,1084.5460205078125,80.37557983398438,0.0984766036272049,970.5532836914062,106.05510711669922,0.9784694910049438,928.2525634765625,130.10498046875,0.9935821294784546,823.7152099609375,174.43878173828125,0.994123637676239,878.5810546875,104.73931884765625,0.9968736171722412,923.2178955078125,169.28591918945312,0.6794772744178772,736.6079711914062,162.2757568359375,0.9070620536804199,775.6015625,258.81390380859375,0.9706273674964905,675.7269287109375,229.83901977539062,0.954732358455658,538.193359375,264.5979309082031,0.9304124712944031,405.18841552734375,277.3075866699219,0.9960471987724304
2740,82.88484954833984,116.0111312866211,0.9998364448547363,998.5787963867188,259.9017639160156,0.9159075021743774,88.39537048339844,1029.5128173828125,0.9997732043266296,1019.6166381835938,1023.7471313476562,0.9992287158966064,338.401611328125,498.22857666015625,0.9984121322631836,332.4339904785156,609.6150512695312,0.9987799525260925,277.2247619628906,555.7531127929688,0.9951260685920715,386.27789306640625,558.7029418945312,0.9960991144180298,716.923095703125,499.07470703125,0.9956032037734985,758.9705810546875,718.434326171875,0.9997668862342834,694.2372436523438,595.157958984375,0.9963575005531311,782.9494018554688,549.4088745117188,0.82865309715271,1079.1265869140625,97.71147918701172,0.16926057636737823,962.2348022460938,118.69310760498047,0.9884154796600342,930.3017578125,133.66058349609375,0.9971278309822083,825.0182495117188,174.58534240722656,0.9929084777832031,891.112060546875,102.8942642211914,0.9918884634971619,917.788818359375,181.93418884277344,0.9937904477119446,757.7341918945312,146.4141082763672,0.4607400894165039,770.88427734375,258.09716796875,0.828742265701294,680.2389526367188,229.3590850830078,0.9431845545768738,538.2180786132812,265.16845703125,0.9271607398986816,399.80975341796875,276.73236083984375,0.9917717576026917
2741,83.88116455078125,113.930908203125,0.9996880292892456,996.739501953125,271.4739685058594,0.9561147093772888,89.59992218017578,1028.6173095703125,0.9998722076416016,1021.1695556640625,1023.5453491210938,0.9992707371711731,338.2545166015625,498.2644348144531,0.999301552772522,333.4306640625,609.960205078125,0.9993076324462891,277.6854248046875,555.727294921875,0.9963198900222778,386.1807556152344,558.392822265625,0.9971222281455994,714.2921142578125,499.3824768066406,0.9948514103889465,757.1796264648438,718.1569213867188,0.9995697140693665,694.1317749023438,597.5628662109375,0.9970036149024963,781.6322021484375,560.1979370117188,0.9386496543884277,1079.1197509765625,127.80720520019531,0.07491247355937958,966.0565185546875,127.36299133300781,0.9941149950027466,931.6485595703125,137.71945190429688,0.95977783203125,820.85498046875,175.0952606201172,0.9979037046432495,883.2615966796875,109.92009735107422,0.9771003723144531,1049.87890625,163.10629272460938,0.6285728812217712,732.1458740234375,163.127197265625,0.934190034866333,774.5297241210938,259.2765808105469,0.9704360365867615,673.6309204101562,230.9365234375,0.9628843665122986,538.7014770507812,265.3211669921875,0.9067357778549194,401.2391357421875,276.3839416503906,0.9797393679618835
2742,82.53379821777344,114.99478912353516,0.999861478805542,994.4957275390625,82.5394058227539,0.9682034850120544,89.14488220214844,1029.745361328125,0.9998279809951782,1020.3497924804688,1023.2747802734375,0.9991322159767151,337.5993347167969,498.580078125,0.9992656111717224,334.52362060546875,609.9053344726562,0.9988419413566589,277.50921630859375,556.4849853515625,0.9969068169593811,387.6929626464844,557.77294921875,0.9952644109725952,715.5997314453125,499.8211364746094,0.9934787750244141,757.65673828125,719.08447265625,0.9997411370277405,694.510498046875,596.0575561523438,0.995681881904602,782.6651000976562,558.7100219726562,0.9544877409934998,1066.768310546875,162.23245239257812,0.024909190833568573,964.77978515625,144.11317443847656,0.9946854114532471,933.2201538085938,150.3288116455078,0.9979208111763,823.5779418945312,174.93844604492188,0.9893236756324768,892.6041259765625,109.6108627319336,0.9915084838867188,934.8955078125,193.40333557128906,0.7148763537406921,730.3870849609375,159.19952392578125,0.8363437652587891,774.2282104492188,265.15460205078125,0.9724171161651611,669.9291381835938,234.24380493164062,0.9743189215660095,535.0982055664062,266.97821044921875,0.920250415802002,394.3848571777344,276.80291748046875,0.9801583886146545
2743,82.44207763671875,114.31788635253906,0.9998633861541748,990.546875,85.14872741699219,0.9934484362602234,88.47108459472656,1029.7781982421875,0.9996640682220459,1019.3877563476562,1023.7710571289062,0.9996477365493774,337.68572998046875,498.8445129394531,0.9994744658470154,334.3827819824219,610.9968872070312,0.9990656971931458,277.5614013671875,556.8292846679688,0.9969900846481323,387.3872375488281,557.5798950195312,0.994260311126709,715.443359375,499.7495422363281,0.9931008815765381,758.55126953125,718.920166015625,0.9996670484542847,694.7937622070312,593.6273193359375,0.9933149218559265,782.5380249023438,558.1155395507812,0.9049374461174011,1076.292236328125,222.24046325683594,0.6644250154495239,1076.029541015625,212.1912841796875,0.6389638185501099,945.4138793945312,166.1561737060547,0.7267649173736572,830.606689453125,174.4506378173828,0.9398397207260132,876.8075561523438,115.798583984375,0.8619123101234436,1016.072021484375,134.29832458496094,0.46837085485458374,725.8020629882812,164.83837890625,0.5679329633712769,773.2108764648438,259.7879943847656,0.9961347579956055,677.6006469726562,232.59649658203125,0.937363862991333,535.8480224609375,272.6838684082031,0.9277119636535645,396.52728271484375,278.90093994140625,0.9608082175254822
2744,82.84260559082031,113.96711730957031,0.99989914894104,995.1522216796875,83.80701446533203,0.9998787641525269,88.75923156738281,1029.566162109375,0.9997759461402893,1021.3817138671875,1022.7691040039062,0.999484658241272,336.6162414550781,498.2884826660156,0.9993857145309448,334.7328796386719,609.4105834960938,0.9987462759017944,277.3973388671875,557.7243041992188,0.9979532957077026,386.84429931640625,556.1905517578125,0.9962369203567505,712.9127197265625,500.0943908691406,0.9930410385131836,757.669189453125,717.0870971679688,0.999716579914093,694.50341796875,596.2713012695312,0.9944426417350769,781.97021484375,555.3807983398438,0.9285386800765991,1064.546875,255.02210998535156,0.5553883910179138,985.5485229492188,208.7128143310547,0.7405276298522949,961.8200073242188,193.80227661132812,0.6983593702316284,849.7247314453125,175.706787109375,0.9150750041007996,946.8113403320312,136.5251922607422,0.7990970015525818,939.8999633789062,236.936279296875,0.5568053126335144,743.9939575195312,155.8409881591797,0.3921370804309845,773.1119995117188,260.76007080078125,0.9751601815223694,678.9722900390625,227.44100952148438,0.6716713309288025,527.759765625,269.6688232421875,0.8090400695800781,394.3106384277344,278.7354431152344,0.8908560872077942
2745,83.7685317993164,114.27224731445312,0.9997120499610901,993.6085815429688,83.6751937866211,0.9999492168426514,88.40198516845703,1029.1304931640625,0.9998130202293396,1019.657958984375,1023.5615844726562,0.999602735042572,337.32855224609375,498.7250671386719,0.9992103576660156,334.4925537109375,609.7947387695312,0.9980321526527405,277.1140441894531,556.7505493164062,0.9958872199058533,387.3622741699219,558.9686279296875,0.9930291771888733,714.9313354492188,499.47357177734375,0.9793493151664734,756.4403076171875,717.5870361328125,0.9997424483299255,693.9951782226562,596.4854125976562,0.9954268932342529,781.0598754882812,552.8937377929688,0.9784932732582092,1060.2674560546875,274.447509765625,0.7217551469802856,985.318115234375,226.34466552734375,0.9019836187362671,957.8030395507812,215.1257781982422,0.6804479360580444,843.2400512695312,185.6301727294922,0.8797328472137451,955.3579711914062,163.1172637939453,0.7467665672302246,917.3386840820312,245.08949279785156,0.9825379252433777,802.7612915039062,142.6921844482422,0.667611837387085,768.579833984375,263.78167724609375,0.9155529141426086,685.8180541992188,225.1645965576172,0.12177946418523788,528.3617553710938,265.8348388671875,0.6442484855651855,390.637939453125,275.833984375,0.8579742312431335
2746,83.64263153076172,115.25038146972656,0.9998383522033691,996.3646240234375,82.58723449707031,0.9998836517333984,88.23319244384766,1030.002197265625,0.9996775388717651,1019.8936157226562,1023.99755859375,0.9994756579399109,336.9618225097656,498.3545837402344,0.9991697072982788,334.9324035644531,610.3624877929688,0.9991500377655029,277.62200927734375,557.0372924804688,0.9975347518920898,387.0977478027344,558.1886596679688,0.9949316382408142,712.1823120117188,499.3009948730469,0.9959394931793213,758.05859375,718.394775390625,0.9998306035995483,694.9603881835938,600.5801391601562,0.9949803948402405,783.068603515625,554.58544921875,0.8864659667015076,1049.5732421875,275.9699401855469,0.9349889755249023,1032.7236328125,259.2376403808594,0.28570616245269775,935.8673706054688,215.91009521484375,0.6659796833992004,830.934326171875,195.45343017578125,0.9838411211967468,940.03076171875,169.54229736328125,0.4539462924003601,895.85107421875,251.05616760253906,0.9824553728103638,782.6377563476562,154.93397521972656,0.978350043296814,901.4132690429688,158.03546142578125,0.9033281803131104,685.0322265625,221.72389221191406,0.9973223805427551,545.0182495117188,261.9630432128906,0.9579688906669617,403.1249084472656,252.26931762695312,0.8641716837882996
2747,83.52133178710938,115.85940551757812,0.9998534917831421,994.1884765625,82.3088607788086,0.9998899698257446,90.27391815185547,1031.1221923828125,0.9997894167900085,1020.7654418945312,1022.9092407226562,0.9994516968727112,336.38519287109375,498.5719299316406,0.9992807507514954,334.23345947265625,610.3357543945312,0.9985587000846863,277.0949401855469,556.9286499023438,0.9964562058448792,387.3290710449219,557.26904296875,0.9937986731529236,710.7113037109375,498.78515625,0.995698094367981,758.485107421875,717.8568115234375,0.9996765851974487,693.934814453125,599.6953735351562,0.9980753660202026,780.3169555664062,548.5281982421875,0.9420481324195862,1030.5946044921875,263.5119323730469,0.9921486377716064,952.2777099609375,236.89784240722656,0.9314692616462708,918.1826782226562,225.90408325195312,0.92051762342453,820.2199096679688,193.67611694335938,0.9884182810783386,907.0987548828125,163.8263702392578,0.836723804473877,878.2005004882812,258.60931396484375,0.9651910066604614,768.0689697265625,148.5354766845703,0.8900476098060608,757.6930541992188,271.53497314453125,0.9688183665275574,675.9241333007812,212.6986846923828,0.999158501625061,554.9484252929688,245.37657165527344,0.9113553762435913,706.6670532226562,137.9959716796875,0.5103874802589417
2748,84.11360931396484,114.99230194091797,0.9997807145118713,993.556640625,82.63398742675781,0.9998407363891602,90.18572998046875,1029.3887939453125,0.9997768998146057,1021.5123291015625,1022.0203857421875,0.99837327003479,337.263671875,498.7799072265625,0.999322772026062,333.5781555175781,610.7782592773438,0.9983065128326416,277.699951171875,556.5919799804688,0.9962444305419922,386.8489990234375,559.156005859375,0.994146466255188,713.4634399414062,497.5265808105469,0.9973553419113159,757.3901977539062,718.0559692382812,0.9998587369918823,693.1596069335938,597.5645751953125,0.9979883432388306,781.090087890625,554.022216796875,0.9474478960037231,1016.9449462890625,245.57815551757812,0.9809368252754211,949.5304565429688,225.76275634765625,0.9866596460342407,920.6998901367188,221.06491088867188,0.9778286218643188,818.0474243164062,202.850341796875,0.9320505857467651,903.4681396484375,167.57159423828125,0.6927960515022278,889.552490234375,265.1899719238281,0.9798079133033752,772.1757202148438,147.1900634765625,0.6721457839012146,753.9441528320312,273.8360290527344,0.9660469889640808,679.7252197265625,215.9482421875,0.9989842772483826,531.8955688476562,232.9781494140625,0.9349535703659058,338.8629150390625,222.83740234375,0.9771549105644226
2749,82.71636962890625,115.85421752929688,0.9998235106468201,992.5940551757812,81.94122314453125,0.9996908903121948,89.55378723144531,1028.5435791015625,0.9998893737792969,1019.127197265625,1023.3974609375,0.999254047870636,337.5701599121094,498.8841857910156,0.9993138313293457,334.1768493652344,611.5491333007812,0.99915611743927,278.15838623046875,557.8566284179688,0.9957959651947021,386.8733825683594,559.7587890625,0.9935584664344788,714.0093383789062,496.78851318359375,0.9961879849433899,757.199462890625,717.4885864257812,0.9998620748519897,694.1336059570312,600.54638671875,0.9974472522735596,781.0818481445312,548.3109130859375,0.9375024437904358,1005.2069702148438,221.3511962890625,0.9994673132896423,957.3373413085938,217.22438049316406,0.7995848059654236,922.7610473632812,219.26519775390625,0.9753835797309875,801.316162109375,203.82492065429688,0.9654239416122437,894.1934814453125,172.8622589111328,0.5045769214630127,886.4588012695312,271.68511962890625,0.9937445521354675,737.5225830078125,158.74530029296875,0.5677220225334167,754.3411865234375,268.5710144042969,0.9650542736053467,675.2865600585938,213.27024841308594,0.9997609257698059,504.70648193359375,224.65548706054688,0.8108516931533813,320.1028137207031,211.57217407226562,0.813652515411377
2750,82.23757934570312,114.7818374633789,0.9998598098754883,995.1929931640625,82.37001037597656,0.9998780488967896,90.64431762695312,1031.186767578125,0.999686598777771,1020.0513305664062,1022.7958374023438,0.9986515641212463,338.5029602050781,499.2401428222656,0.9995286464691162,333.71795654296875,610.295166015625,0.9987702965736389,277.9832458496094,557.4088134765625,0.994202196598053,387.2127990722656,559.9746704101562,0.9951146841049194,714.2930297851562,498.20037841796875,0.9975506663322449,756.4815063476562,717.1660766601562,0.9998596906661987,693.7941284179688,599.2738037109375,0.9979898929595947,781.650146484375,554.94970703125,0.9307904839515686,988.836669921875,198.23922729492188,0.9675955176353455,954.818115234375,204.23959350585938,0.9908583760261536,927.646484375,209.94956970214844,0.9957400560379028,810.6156005859375,208.71945190429688,0.9568232297897339,892.4160766601562,163.94296264648438,0.6556817889213562,892.8809204101562,270.323486328125,0.9935459494590759,735.6253662109375,155.1217041015625,0.8501994609832764,753.5563354492188,277.6217041015625,0.9830553531646729,674.3318481445312,210.74220275878906,0.9996477365493774,513.4608154296875,219.28848266601562,0.5383092761039734,303.3919677734375,205.89410400390625,0.9203250408172607
2751,82.1447525024414,114.64043426513672,0.9998107552528381,994.7529907226562,81.94830322265625,0.9999649524688721,89.80291748046875,1028.74267578125,0.9998286962509155,1019.8027954101562,1023.521240234375,0.9996662139892578,338.05224609375,498.80963134765625,0.9992977380752563,334.5768127441406,610.2621459960938,0.9991087317466736,277.77752685546875,556.3543701171875,0.991775631904602,387.4352111816406,559.0236206054688,0.9937594532966614,715.892822265625,497.3909912109375,0.9981454610824585,755.9247436523438,718.5245971679688,0.9998012185096741,694.7828979492188,598.979248046875,0.9980244636535645,782.277099609375,554.3054809570312,0.928277313709259,986.401611328125,178.5854949951172,0.5941359400749207,955.0445556640625,191.84434509277344,0.9931662678718567,931.0131225585938,204.87176513671875,0.9902909398078918,808.7147827148438,210.0438232421875,0.9950631260871887,890.427978515625,165.649169921875,0.9902689456939697,905.2884521484375,263.9186096191406,0.9994378685951233,734.8359985351562,157.5951385498047,0.9774772524833679,748.8564453125,279.908203125,0.9902412295341492,672.302978515625,212.82232666015625,0.9998384714126587,516.2320556640625,220.0589141845703,0.8696255683898926,343.5704345703125,201.99435424804688,0.9840850830078125
2752,82.08148193359375,113.43820190429688,0.999761164188385,994.2245483398438,83.5295639038086,0.9999454021453857,89.77167510986328,1029.56298828125,0.9997109770774841,1019.3718872070312,1022.2870483398438,0.9988793730735779,338.1367492675781,498.9571838378906,0.9994465708732605,333.9966735839844,610.5729370117188,0.9985816478729248,277.3058166503906,555.8064575195312,0.9918944239616394,387.3669128417969,559.3201904296875,0.9970604777336121,718.4132690429688,497.6152648925781,0.9954980611801147,756.5778198242188,717.4757690429688,0.9998329877853394,692.9961547851562,596.3121948242188,0.9981143474578857,781.4483032226562,554.7501220703125,0.9546481370925903,976.7098388671875,156.00851440429688,0.723346471786499,953.8311767578125,185.9400634765625,0.9782198667526245,929.84521484375,196.55517578125,0.991912841796875,810.9839477539062,214.32984924316406,0.994566798210144,882.3182983398438,157.46749877929688,0.9204293489456177,906.4900512695312,258.3742370605469,0.9985253214836121,731.7410888671875,163.06077575683594,0.7322587370872498,752.0899047851562,286.6820373535156,0.9417428374290466,671.2191162109375,218.47952270507812,0.9922623634338379,513.1663208007812,224.90858459472656,0.8447187542915344,353.6548156738281,198.7119140625,0.4827238917350769
2753,84.65869140625,114.95296478271484,0.9999343156814575,995.47607421875,83.26486206054688,0.9996538162231445,90.00477600097656,1027.9072265625,0.9998360872268677,1021.1052856445312,1022.5242309570312,0.9989770650863647,338.3757629394531,498.6509704589844,0.9994932413101196,333.08447265625,609.9680786132812,0.9989311099052429,277.48040771484375,556.3652954101562,0.9946156144142151,386.8187561035156,559.2174682617188,0.996950089931488,716.2279052734375,498.9775695800781,0.9882851839065552,758.121826171875,717.1773071289062,0.9997825026512146,693.9347534179688,601.0476684570312,0.9979017972946167,782.508544921875,554.8436279296875,0.9076611399650574,968.9749145507812,132.64193725585938,0.9667325615882874,950.5101928710938,164.5838165283203,0.9902614951133728,929.3818969726562,177.6097869873047,0.9775313138961792,803.6976928710938,212.19107055664062,0.9992757439613342,875.999755859375,153.37367248535156,0.5583810806274414,906.5531005859375,252.7683868408203,0.9981502294540405,729.6613159179688,166.6507568359375,0.9366954565048218,743.9356079101562,286.6839904785156,0.9959291815757751,672.7276000976562,222.2982635498047,0.9984265565872192,501.94720458984375,235.77174377441406,0.8669964671134949,496.0569152832031,238.27806091308594,0.950167179107666
2754,83.06261444091797,115.97185516357422,0.9998924732208252,994.3240966796875,84.51702880859375,0.999800980091095,90.24937438964844,1028.7979736328125,0.999843955039978,1020.0340576171875,1022.168701171875,0.9990897178649902,337.4239501953125,498.7225036621094,0.9992352724075317,333.21038818359375,608.9544067382812,0.9992308616638184,277.93402099609375,556.4071044921875,0.9966764450073242,385.9649658203125,558.2199096679688,0.9969183206558228,720.4700927734375,498.489990234375,0.9931683540344238,758.8038330078125,718.5028076171875,0.9997425675392151,694.3820190429688,596.3740234375,0.9974896907806396,782.7767333984375,559.7998657226562,0.9102329611778259,942.5518188476562,131.77052307128906,0.8762874007225037,936.6780395507812,154.3219451904297,0.9960730075836182,916.6859130859375,173.9987335205078,0.9611707329750061,796.4288330078125,216.793212890625,0.9948583841323853,865.3648681640625,152.56820678710938,0.9281705021858215,910.7572021484375,241.15151977539062,0.9972857236862183,721.2722778320312,171.489501953125,0.9880384802818298,742.9624633789062,290.9645080566406,0.9982840418815613,660.2872314453125,227.60269165039062,0.9976502060890198,527.804443359375,244.13861083984375,0.9692562818527222,391.5059509277344,210.37184143066406,0.36977189779281616
2755,82.41747283935547,113.94961547851562,0.9997196793556213,997.4955444335938,85.13422393798828,0.9992691874504089,89.83431243896484,1028.9332275390625,0.9998036026954651,1020.42041015625,1023.2681274414062,0.9994850158691406,337.6679992675781,498.5057373046875,0.9994801878929138,333.21356201171875,609.5567626953125,0.9993995428085327,277.7093505859375,556.1890869140625,0.9974863529205322,386.8946533203125,558.3085327148438,0.9967480897903442,717.4427490234375,500.41400146484375,0.9885148406028748,758.428466796875,717.7433471679688,0.9996507167816162,693.3466796875,598.9135131835938,0.9990936517715454,782.9900512695312,556.3989868164062,0.8774825930595398,935.8854370117188,81.52632141113281,0.9982038736343384,920.6996459960938,136.58924865722656,0.9997339844703674,901.6929321289062,151.93484497070312,0.9634267687797546,791.06103515625,215.6231231689453,0.9989640712738037,850.1210327148438,141.12095642089844,0.9978002905845642,903.2716064453125,231.1846466064453,0.9841929078102112,717.455322265625,174.69613647460938,0.980250358581543,747.7914428710938,292.13494873046875,0.9705843329429626,650.1466064453125,229.45152282714844,0.9995125532150269,540.3883056640625,249.38941955566406,0.911015510559082,338.8536376953125,187.25413513183594,0.205652117729187
2756,82.41865539550781,113.1973876953125,0.9997772574424744,997.9829711914062,89.05023193359375,0.9334341883659363,90.4989242553711,1028.7022705078125,0.9998281002044678,1021.4205932617188,1022.2146606445312,0.9973008036613464,336.4366455078125,498.76214599609375,0.9994290471076965,333.3581848144531,609.4102172851562,0.9995081424713135,277.3794860839844,556.7174072265625,0.997448742389679,385.64056396484375,558.3767700195312,0.9958602786064148,718.9210815429688,499.0484619140625,0.9761427044868469,757.5414428710938,717.8402709960938,0.9998101592063904,694.86572265625,597.7578125,0.9980182647705078,783.1231079101562,556.0501708984375,0.9462928771972656,933.8497314453125,51.80559158325195,0.9785955548286438,905.4178466796875,128.0545196533203,0.9989262223243713,887.8656616210938,147.77236938476562,0.8349411487579346,794.8847045898438,205.25318908691406,0.9985608458518982,840.828369140625,127.42305755615234,0.9879180788993835,900.6195678710938,215.30859375,0.9891002774238586,714.5350952148438,171.12844848632812,0.9926462173461914,759.89697265625,288.68817138671875,0.9951593279838562,657.8056030273438,233.15725708007812,0.999283492565155,520.4049072265625,254.96693420410156,0.9215055704116821,382.2538757324219,212.77352905273438,0.17325061559677124
2757,82.53804779052734,114.8824234008789,0.9997314810752869,997.3232421875,83.64167022705078,0.9990593791007996,91.0874252319336,1030.078857421875,0.999661922454834,1021.030029296875,1022.310302734375,0.998504638671875,337.8612060546875,498.8246154785156,0.9993922710418701,333.7459716796875,609.8553466796875,0.9992009997367859,277.713134765625,556.7083129882812,0.9929384589195251,386.5698547363281,558.94482421875,0.9968157410621643,718.5811157226562,499.3077697753906,0.9879627823829651,756.7734985351562,717.6118774414062,0.9998130202293396,693.9039916992188,599.4089965820312,0.9978493452072144,783.62060546875,559.7225341796875,0.8512190580368042,927.6219482421875,30.11227798461914,0.9893187880516052,901.2496948242188,110.02825164794922,0.9974746108055115,882.771728515625,134.64706420898438,0.9268772602081299,792.4722900390625,190.4043731689453,0.9940551519393921,823.8178100585938,110.73971557617188,0.9946857690811157,892.982177734375,190.71946716308594,0.9591038227081299,710.3006591796875,176.28521728515625,0.9993417859077454,773.1610717773438,274.72869873046875,0.9744787216186523,660.7796020507812,236.77374267578125,0.999652624130249,535.6631469726562,256.20977783203125,0.7134868502616882,387.0021667480469,215.9486541748047,0.3352956771850586
2758,81.90808868408203,114.70634460449219,0.9997645020484924,996.909423828125,83.15879821777344,0.997844934463501,90.08428192138672,1029.6871337890625,0.9998505115509033,1019.3221435546875,1022.986083984375,0.9968120455741882,337.3609619140625,498.86181640625,0.9993977546691895,332.767822265625,609.5531616210938,0.9991777539253235,277.819091796875,555.6408081054688,0.995747983455658,386.4938659667969,558.4368896484375,0.9964190721511841,716.0872802734375,498.440673828125,0.9888279438018799,758.6484375,717.4141845703125,0.9997366070747375,694.8910522460938,595.9063720703125,0.9977819323539734,784.3516845703125,568.0429077148438,0.9816429018974304,932.3506469726562,7.611581802368164,0.8366497755050659,896.6150512695312,98.48081970214844,0.9879217743873596,876.7152709960938,127.48896789550781,0.9403903484344482,794.37890625,185.34886169433594,0.9972419738769531,817.2671508789062,97.5530014038086,0.9991450309753418,892.3403930664062,182.96282958984375,0.9087697267532349,713.5374145507812,180.31336975097656,0.9965276122093201,773.771484375,259.09149169921875,0.9563643932342529,659.4036254882812,244.16896057128906,0.9993293285369873,493.29034423828125,259.1407775878906,0.9757298231124878,364.76318359375,213.18283081054688,0.6655190587043762
2759,83.5945053100586,115.52057647705078,0.9998509883880615,996.6360473632812,84.48345184326172,0.999110758304596,89.42012786865234,1029.6068115234375,0.9997319579124451,1021.1524658203125,1023.1912841796875,0.9989023208618164,340.0166931152344,498.97607421875,0.9994914531707764,331.0976867675781,608.9586181640625,0.9991044402122498,278.01611328125,554.9390869140625,0.9971539974212646,387.271484375,560.7901611328125,0.9958290457725525,715.3190307617188,499.1964416503906,0.9967881441116333,757.2208862304688,717.66455078125,0.9997764229774475,694.6467895507812,597.9727172851562,0.9975800514221191,782.3801879882812,556.1058959960938,0.8054671287536621,928.7304077148438,6.649226188659668,0.7202790379524231,893.9577026367188,91.66944122314453,0.9825840592384338,874.2296142578125,121.80226135253906,0.73746258020401,796.5061645507812,180.2642822265625,0.9958795309066772,813.10107421875,97.52471160888672,0.9970636963844299,891.5689697265625,176.10354614257812,0.6311025619506836,721.1742553710938,175.06201171875,0.9916028380393982,787.274658203125,263.2976379394531,0.940407931804657,670.8771362304688,239.9247283935547,0.9979588985443115,498.1379699707031,265.5105895996094,0.9774972796440125,335.2320251464844,197.36288452148438,0.40629810094833374
2760,82.40801239013672,115.846923828125,0.999812662601471,996.8320922851562,82.74059295654297,0.9985966086387634,89.47903442382812,1029.1182861328125,0.9999047517776489,1020.8234252929688,1024.04345703125,0.9992305040359497,339.246826171875,498.34381103515625,0.9993767142295837,334.62445068359375,610.3778076171875,0.999064028263092,277.9017639160156,556.110107421875,0.9964053630828857,387.568359375,559.0819702148438,0.9976769089698792,714.4502563476562,499.91680908203125,0.9966915845870972,758.581298828125,716.5739135742188,0.9998440742492676,692.8412475585938,597.352294921875,0.9990904331207275,781.3848876953125,552.8416137695312,0.8950434923171997,912.6104736328125,0.8682496547698975,0.22278547286987305,884.07080078125,96.72416687011719,0.9874256253242493,864.485595703125,122.8878402709961,0.9378387928009033,792.5379028320312,184.52281188964844,0.9988693594932556,810.3568725585938,101.03215789794922,0.9994847774505615,870.5535888671875,188.93069458007812,0.9237412810325623,720.1452026367188,176.8275909423828,0.9773095846176147,789.2538452148438,261.45709228515625,0.9427351355552673,666.6232299804688,243.92799377441406,0.9888778328895569,472.2549133300781,262.9463195800781,0.8363336324691772,335.1620788574219,197.9942626953125,0.7190895080566406
2761,83.61898040771484,115.32734680175781,0.9992477893829346,997.56494140625,83.09803771972656,0.9992020726203918,88.55722045898438,1029.3370361328125,0.999847412109375,1018.653076171875,1025.5467529296875,0.9991739392280579,338.0124206542969,498.1727600097656,0.9980691075325012,332.7509460449219,610.7748413085938,0.9995129108428955,277.4738464355469,554.6119384765625,0.9958588480949402,385.9444885253906,559.837890625,0.9972971081733704,711.9287719726562,502.34136962890625,0.9777594208717346,758.8202514648438,720.3622436523438,0.999083399772644,695.6134643554688,597.649169921875,0.9950509667396545,781.9627075195312,562.01318359375,0.9319751858711243,917.34619140625,72.24115753173828,0.02576478384435177,880.4573974609375,82.74726867675781,0.9953829646110535,857.071044921875,111.20438385009766,0.9824016690254211,789.86328125,176.221923828125,0.9948726296424866,799.457275390625,106.83150482177734,0.9994925260543823,885.7533569335938,151.23785400390625,0.9963573813438416,724.6113891601562,163.36253356933594,0.9919278621673584,805.3590087890625,239.10427856445312,0.9735572338104248,669.2577514648438,239.98133850097656,0.9727661609649658,522.2326049804688,268.2978210449219,0.8234387636184692,358.9446716308594,211.0381622314453,0.29807719588279724
2762,82.64965057373047,114.0030288696289,0.9996793270111084,997.983642578125,83.87850189208984,0.9979076385498047,89.48381042480469,1029.22607421875,0.9998601675033569,1018.7537231445312,1024.1785888671875,0.9990787506103516,339.1780090332031,498.6643981933594,0.998708963394165,331.93865966796875,610.26318359375,0.9992039799690247,277.9620361328125,553.5460205078125,0.9970768690109253,386.783447265625,559.5736083984375,0.9971370697021484,713.5023193359375,502.0624694824219,0.9928603768348694,758.161865234375,719.9369506835938,0.9990768432617188,695.7017822265625,596.48876953125,0.9959335923194885,783.1703491210938,552.250732421875,0.870886504650116,909.9244995117188,2.490133285522461,0.26459571719169617,884.4234619140625,58.19333267211914,0.9957154393196106,864.9290771484375,81.13484954833984,0.8857960104942322,790.026611328125,176.96351623535156,0.5862323045730591,797.0186157226562,83.4873275756836,0.8822352886199951,880.6126708984375,139.50799560546875,0.6579950451850891,707.9669799804688,169.17715454101562,0.9161567687988281,814.3978881835938,244.20828247070312,0.7722252011299133,672.3330078125,235.38829040527344,0.996645987033844,529.9732666015625,267.9166564941406,0.5510841012001038,421.7167053222656,240.4541473388672,0.72939532995224
2763,83.50640869140625,114.8486099243164,0.9996812343597412,997.6659545898438,82.21721649169922,0.9990021586418152,89.73645782470703,1029.407958984375,0.9998660087585449,1020.2838134765625,1022.9573364257812,0.9989264607429504,338.0055847167969,499.1304931640625,0.9994437098503113,335.04779052734375,609.5712280273438,0.9992498755455017,277.6923522949219,555.0604858398438,0.9963783621788025,386.29608154296875,557.2551879882812,0.9965343475341797,715.6194458007812,501.95355224609375,0.9892361760139465,757.6319580078125,720.4419555664062,0.999072790145874,694.19189453125,593.75439453125,0.9975177049636841,784.3728637695312,555.7854614257812,0.8684438467025757,935.4649047851562,2.6361870765686035,0.05918693542480469,881.5011596679688,43.75434875488281,0.9430168271064758,866.4335327148438,66.7471694946289,0.9649014472961426,796.1948852539062,166.79635620117188,0.9794674515724182,809.1442260742188,57.16082000732422,0.8210152387619019,908.4937744140625,96.17188262939453,0.7000646591186523,719.660888671875,165.69383239746094,0.9817460775375366,824.32080078125,239.37466430664062,0.27983638644218445,685.6846923828125,231.06861877441406,0.9772486686706543,601.1727294921875,256.59075927734375,0.8697121739387512,433.0858154296875,247.53298950195312,0.22282762825489044
2764,83.2833251953125,113.71060943603516,0.9998393058776855,997.6087036132812,81.96224212646484,0.9967472553253174,89.8117446899414,1030.6004638671875,0.9998107552528381,1020.8967895507812,1022.2545166015625,0.9992839694023132,336.61505126953125,499.13055419921875,0.999552309513092,333.1716003417969,610.0225219726562,0.9993009567260742,276.7045593261719,556.1659545898438,0.9969649910926819,386.95361328125,558.572998046875,0.9927412271499634,714.3272705078125,502.68988037109375,0.986315131187439,758.0029296875,719.3980102539062,0.9995132684707642,694.5910034179688,592.7344970703125,0.9977346658706665,786.3262329101562,564.9711303710938,0.8394271731376648,954.9271240234375,1.7745270729064941,0.027829840779304504,889.874755859375,28.46181297302246,0.7743602991104126,875.4083862304688,45.570743560791016,0.5858802199363708,805.2811889648438,161.12319946289062,0.9763829708099365,805.539794921875,36.86613464355469,0.8656833171844482,893.9468383789062,94.18891906738281,0.3453322947025299,751.8970336914062,143.88919067382812,0.5138972401618958,811.4050903320312,222.36767578125,0.5311466455459595,703.2644653320312,227.68942260742188,0.9750435948371887,614.7619018554688,252.98788452148438,0.9569785594940186,457.1815490722656,260.4198303222656,0.737418532371521
2765,82.73827362060547,116.09207153320312,0.9999001026153564,996.9505004882812,81.87220001220703,0.9852096438407898,89.57269287109375,1030.1776123046875,0.9998306035995483,1021.1276245117188,1023.375244140625,0.9992676377296448,335.9760437011719,499.1099548339844,0.9994127750396729,332.1746520996094,609.0011596679688,0.9992321729660034,276.9262390136719,555.5906372070312,0.9964699745178223,385.9000549316406,557.5009155273438,0.9913569688796997,715.4559936523438,501.4407958984375,0.9674944281578064,758.6051025390625,719.2022705078125,0.9991918206214905,693.5213623046875,594.8991088867188,0.9980880618095398,783.8568115234375,551.1590576171875,0.6523669362068176,941.049560546875,0.7578651905059814,0.21519066393375397,904.855712890625,17.136045455932617,0.963688313961029,886.0033569335938,36.800392150878906,0.6895797252655029,816.1492919921875,137.2423553466797,0.8312152624130249,807.78515625,37.98506546020508,0.8614014983177185,900.1305541992188,80.60601043701172,0.6218311786651611,730.783447265625,152.995361328125,0.8892002701759338,790.9611206054688,227.0251007080078,0.5948353409767151,702.0110473632812,228.11203002929688,0.9834191799163818,613.9655151367188,254.9155731201172,0.9743582606315613,456.942138671875,260.5697021484375,0.9941946864128113
2766,83.60624694824219,113.73735046386719,0.9999295473098755,997.5482788085938,81.47198486328125,0.9656345248222351,89.63726043701172,1029.4447021484375,0.9998300075531006,1019.0628051757812,1022.8460693359375,0.9988774657249451,336.5870666503906,499.0507507324219,0.9992344379425049,331.2645263671875,609.654296875,0.9984993934631348,277.36041259765625,555.9129638671875,0.9956761002540588,386.6702575683594,557.8641967773438,0.9961554408073425,712.3587646484375,501.6911926269531,0.9806217551231384,756.6380004882812,719.0196533203125,0.9995841383934021,695.0487060546875,595.3063354492188,0.995396077632904,783.5945434570312,551.5991821289062,0.811728298664093,969.5067138671875,1.716780185699463,0.18593350052833557,915.11083984375,19.94938850402832,0.6601500511169434,885.6136474609375,50.82267379760742,0.657820463180542,812.7705078125,139.82855224609375,0.9576600790023804,816.737548828125,41.69679641723633,0.9727885723114014,915.3291015625,84.58015441894531,0.9098910689353943,736.993408203125,149.5314483642578,0.9867371916770935,807.4344482421875,222.8371124267578,0.477090984582901,706.10107421875,228.33682250976562,0.9856157302856445,610.09765625,254.48294067382812,0.7942152619361877,460.8123474121094,262.0854187011719,0.9587587714195251
2767,82.85574340820312,115.25740051269531,0.9998581409454346,991.4791870117188,82.4882583618164,0.3724916875362396,89.3385238647461,1031.2030029296875,0.9997623562812805,1020.3851928710938,1023.02734375,0.9990897178649902,336.4808654785156,498.8853454589844,0.9992167949676514,331.23370361328125,609.5034790039062,0.9984108209609985,277.7129211425781,555.4388427734375,0.9961413741111755,386.5492858886719,556.9969482421875,0.9957143664360046,713.1885375976562,501.5480041503906,0.985047459602356,757.9254150390625,718.5335083007812,0.9995077848434448,693.5321044921875,598.6889038085938,0.9962789416313171,785.3442993164062,566.7870483398438,0.9036500453948975,1021.1997680664062,1.172116994857788,0.10068662464618683,950.564697265625,10.252363204956055,0.9339455962181091,925.255126953125,25.70869255065918,0.4836588501930237,816.947021484375,140.67514038085938,0.9585639834403992,828.6273803710938,42.39239501953125,0.9182966947555542,933.845947265625,83.88876342773438,0.625910222530365,746.5252075195312,153.5190887451172,0.5520870089530945,832.8541259765625,205.8036346435547,0.776591420173645,705.8256225585938,229.82606506347656,0.9673523902893066,607.2330932617188,261.0713195800781,0.7737811803817749,457.9319152832031,261.4563293457031,0.9444290995597839
2768,82.89351654052734,113.78326416015625,0.9997472167015076,987.7835083007812,205.68116760253906,0.9695017337799072,89.63352966308594,1030.2059326171875,0.9997308850288391,1020.5213623046875,1022.2610473632812,0.9993035793304443,337.03729248046875,499.48284912109375,0.9994562268257141,332.12872314453125,609.4755249023438,0.9994346499443054,277.7335205078125,555.3643798828125,0.9968541264533997,384.8500061035156,558.168212890625,0.9957772493362427,716.2461547851562,500.34185791015625,0.9888074994087219,757.9323120117188,718.4605712890625,0.9995483756065369,693.247802734375,592.8001098632812,0.9981670379638672,783.6934814453125,552.0584716796875,0.8720749020576477,1081.2099609375,3.9888737201690674,0.04898124188184738,967.359619140625,18.58677101135254,0.7108851075172424,947.3352661132812,32.246368408203125,0.9122592806816101,829.38134765625,132.5831756591797,0.9249550700187683,882.9769897460938,12.32496452331543,0.7855976819992065,929.4187622070312,99.87599182128906,0.29095393419265747,758.9398193359375,138.1429443359375,0.8888975381851196,827.4317626953125,217.76400756835938,0.6599981188774109,720.3041381835938,220.74420166015625,0.9991554021835327,607.5203857421875,260.0045166015625,0.8311651945114136,461.9743347167969,262.3473815917969,0.984711229801178
2769,82.20683288574219,114.11054229736328,0.9997077584266663,996.2675170898438,225.58204650878906,0.997717022895813,89.17475891113281,1029.528564453125,0.9998316764831543,1021.240478515625,1023.4242553710938,0.9989227652549744,337.90228271484375,499.0550231933594,0.9995961785316467,332.6784362792969,609.4413452148438,0.998799204826355,277.5552673339844,555.1448974609375,0.9963575005531311,385.2935791015625,557.8500366210938,0.996218740940094,712.7947387695312,501.7964782714844,0.9852858185768127,757.14306640625,718.4771118164062,0.9996340274810791,695.8673706054688,597.2634887695312,0.9966950416564941,783.3700561523438,552.4378051757812,0.7640359401702881,735.5747680664062,217.86854553222656,0.027385760098695755,1075.1561279296875,2.6014814376831055,0.2534704804420471,1005.5039672851562,26.350175857543945,0.8188852667808533,847.2471923828125,135.56634521484375,0.9869109392166138,905.248046875,15.835283279418945,0.9657033085823059,941.711181640625,75.18407440185547,0.883500337600708,767.83984375,147.61793518066406,0.9144841432571411,824.66796875,213.33900451660156,0.7342391014099121,731.3804321289062,215.4720001220703,0.9990546107292175,624.2279663085938,254.2467041015625,0.8933615684509277,462.05938720703125,264.444091796875,0.974679708480835
2770,82.87249755859375,112.88848114013672,0.9995613694190979,997.4843139648438,229.4619903564453,0.9993844032287598,88.93276977539062,1028.653564453125,0.9998242259025574,1019.4544677734375,1023.431640625,0.9991517066955566,336.79052734375,499.2332763671875,0.9990112781524658,333.5343322753906,609.5235595703125,0.9985668063163757,277.7763366699219,556.4063720703125,0.9974305033683777,386.22406005859375,556.8478393554688,0.9952687621116638,716.52685546875,500.580810546875,0.9926838278770447,756.625244140625,717.2389526367188,0.9996908903121948,692.7427368164062,592.9389038085938,0.9969377517700195,781.4791870117188,549.546142578125,0.8663751482963562,1087.2752685546875,6.317625045776367,0.031505949795246124,1018.6159057617188,29.19183349609375,0.7732223272323608,1002.305419921875,40.71095657348633,0.8271569609642029,880.375732421875,118.70318603515625,0.87012779712677,926.5472412109375,19.703676223754883,0.916236937046051,983.1705322265625,108.73125457763672,0.39070531725883484,780.724853515625,143.62855529785156,0.9431213736534119,831.5880737304688,213.83908081054688,0.969998836517334,736.7880249023438,211.1798553466797,0.998745322227478,620.1982421875,253.82855224609375,0.907151997089386,452.6239929199219,257.5043029785156,0.5941935181617737
2771,82.18194580078125,114.07951354980469,0.9998694658279419,998.688232421875,234.2579803466797,0.9948874115943909,89.61341857910156,1030.109375,0.9998745918273926,1019.9429931640625,1022.0596923828125,0.9987913966178894,338.9179382324219,498.98876953125,0.9992445707321167,331.56634521484375,609.3662109375,0.9991540908813477,277.343505859375,553.4639892578125,0.9972776770591736,386.5946044921875,559.0547485351562,0.9980936646461487,714.1727294921875,499.4546203613281,0.9957276582717896,756.8201904296875,717.3965454101562,0.9997230172157288,694.5399780273438,599.8809814453125,0.9985656142234802,782.3375244140625,547.4010620117188,0.7134124636650085,1087.163818359375,11.76270580291748,0.04494362324476242,1026.2940673828125,30.381793975830078,0.8513891696929932,1000.8491821289062,42.6995849609375,0.98216313123703,889.7455444335938,116.044921875,0.887503445148468,931.838623046875,19.89640235900879,0.9621986746788025,990.2867431640625,99.44876098632812,0.8357261419296265,783.9735717773438,149.48892211914062,0.9812204837799072,840.5816650390625,215.48789978027344,0.7798272967338562,737.4807739257812,215.0771942138672,0.9996225833892822,622.0099487304688,257.17718505859375,0.9947044253349304,457.6429138183594,258.6494140625,0.49459290504455566
2772,83.71061706542969,113.36962890625,0.9998314380645752,998.6323852539062,241.2744598388672,0.9965534210205078,88.97203826904297,1030.6517333984375,0.9995898604393005,1020.081787109375,1021.8110961914062,0.9991031885147095,337.96875,499.3716125488281,0.9993336796760559,333.50006103515625,609.6815795898438,0.9991000890731812,277.73809814453125,555.0848388671875,0.9946152567863464,386.48040771484375,556.4981079101562,0.9972597360610962,716.876708984375,499.94451904296875,0.9984322190284729,758.2334594726562,717.2657470703125,0.9995719790458679,693.3035278320312,595.6878051757812,0.9986574649810791,782.240478515625,556.626708984375,0.9065970182418823,1086.5623779296875,43.103023529052734,0.03594833239912987,1026.521484375,35.64278793334961,0.5513499975204468,1007.2761840820312,47.68846893310547,0.987709641456604,894.9755859375,120.17413330078125,0.9214104413986206,946.2838745117188,20.112884521484375,0.9377314448356628,996.6106567382812,119.4516830444336,0.9035378694534302,788.7180786132812,148.4481658935547,0.9780938029289246,850.3914794921875,211.86155700683594,0.8226856589317322,742.8424682617188,215.9873504638672,0.9976726174354553,623.6077270507812,256.2524719238281,0.9638722538948059,514.3997802734375,271.2477111816406,0.6272982358932495
2773,82.49240112304688,117.0221939086914,0.9999313354492188,997.032470703125,249.2768096923828,0.9995201826095581,89.43353271484375,1028.063720703125,0.9997089505195618,1018.1403198242188,1022.35009765625,0.999342143535614,341.5368347167969,499.5360412597656,0.9983878135681152,331.1581726074219,609.4613647460938,0.9990395903587341,277.7383728027344,552.3092041015625,0.9959436058998108,386.18304443359375,559.7930908203125,0.9985184073448181,715.8679809570312,499.0035705566406,0.9955747127532959,757.4793090820312,716.7452392578125,0.9996650218963623,692.4287109375,599.8303833007812,0.997725784778595,782.9214477539062,557.7388916015625,0.8646033406257629,1088.236572265625,12.023209571838379,0.19392922520637512,1022.3040161132812,43.831729888916016,0.9165008068084717,1007.9395751953125,54.69979476928711,0.9986035227775574,889.004150390625,131.06170654296875,0.9607966542243958,960.3970336914062,29.27743911743164,0.8841701149940491,1005.7990112304688,115.29035949707031,0.8801580667495728,800.389404296875,139.43312072753906,0.9822756052017212,852.878173828125,207.9541015625,0.7480441331863403,753.1753540039062,208.5449981689453,0.9990032315254211,626.3900756835938,254.7298126220703,0.9097023010253906,509.30615234375,276.17095947265625,0.551934003829956
2774,82.61864471435547,115.85039520263672,0.9999213218688965,998.7819213867188,253.0153045654297,0.9990724325180054,89.1990737915039,1030.0452880859375,0.9997231364250183,1019.0517578125,1022.548095703125,0.999157190322876,338.9504089355469,498.656494140625,0.9986240863800049,332.3467102050781,610.2071533203125,0.9993321299552917,277.57586669921875,553.4224853515625,0.9951372742652893,385.96234130859375,559.47265625,0.9977443218231201,716.0908203125,500.093017578125,0.9976012110710144,757.531982421875,717.37109375,0.9997244477272034,692.0658569335938,597.817626953125,0.9972625970840454,783.591552734375,553.0394897460938,0.8960214257240295,1087.7325439453125,48.995994567871094,0.0463336743414402,1039.788330078125,44.130226135253906,0.9560174942016602,1015.7069091796875,55.72603225708008,0.9643895030021667,892.9148559570312,133.795654296875,0.9387569427490234,943.4995727539062,36.54363250732422,0.8953476548194885,989.1632080078125,114.17425537109375,0.6412351727485657,797.58349609375,143.5511016845703,0.9398177266120911,845.4124755859375,215.2294921875,0.9594801068305969,757.3677978515625,209.687744140625,0.9980575442314148,657.7745971679688,255.30967712402344,0.9687992334365845,532.6346435546875,273.19317626953125,0.3524948060512543
2775,83.27462768554688,115.16313171386719,0.9999350309371948,999.5953979492188,265.1195983886719,0.9968222379684448,89.11998748779297,1029.911865234375,0.9998108744621277,1019.5844116210938,1022.0595092773438,0.9991600513458252,339.3654479980469,498.8321533203125,0.9989306330680847,331.89984130859375,609.6591186523438,0.9990904331207275,277.5164794921875,555.3531494140625,0.9978475570678711,385.9855651855469,559.1289672851562,0.9974946975708008,715.720458984375,499.73883056640625,0.998502254486084,758.35205078125,717.8206176757812,0.9997130036354065,693.1025390625,597.8865966796875,0.9974530339241028,786.2981567382812,579.0696411132812,0.7017488479614258,1070.2786865234375,16.530553817749023,0.09912323951721191,1030.60693359375,61.244258880615234,0.9913920164108276,1004.3348999023438,78.51029205322266,0.9526396989822388,894.1821899414062,132.66867065429688,0.9068393707275391,952.772216796875,34.716636657714844,0.9871849417686462,1024.4520263671875,127.98167419433594,0.6744822859764099,802.6383056640625,135.69508361816406,0.9571071863174438,847.16650390625,208.99130249023438,0.7521762251853943,765.8690795898438,189.8377685546875,0.9982044696807861,633.98388671875,260.1169738769531,0.9365450739860535,506.472412109375,274.9539794921875,0.49800267815589905
2776,83.63468933105469,113.038818359375,0.9998468160629272,1001.0348510742188,275.37890625,0.9986668825149536,90.01513671875,1030.978515625,0.9996232986450195,1019.802734375,1021.6887817382812,0.9991531372070312,338.6966552734375,498.9576721191406,0.9992984533309937,330.54534912109375,609.07861328125,0.9989528656005859,277.71478271484375,555.648193359375,0.9988052845001221,386.4932861328125,559.318359375,0.9962324500083923,713.7109375,499.27520751953125,0.9973479509353638,757.843994140625,717.59814453125,0.9997298121452332,692.6779174804688,594.1712646484375,0.9971106052398682,782.2535400390625,552.2805786132812,0.7402737140655518,991.307861328125,22.122825622558594,0.024323998019099236,1028.775634765625,81.11370849609375,0.9812949895858765,1000.4112548828125,91.82538604736328,0.9494742751121521,897.2027587890625,132.97445678710938,0.9797329902648926,949.8403930664062,43.87887191772461,0.48505112528800964,985.04296875,150.33956909179688,0.8853512406349182,826.4407958984375,118.54621124267578,0.8079442381858826,847.8571166992188,205.08963012695312,0.9736981391906738,768.8055419921875,171.3894805908203,0.9954774975776672,639.6766967773438,235.87527465820312,0.975409984588623,508.72698974609375,272.7764892578125,0.40157651901245117
2777,83.76868438720703,114.16358947753906,0.9999442100524902,1002.0452880859375,276.8298034667969,0.9976282715797424,88.27117919921875,1029.4014892578125,0.9996042847633362,1020.638427734375,1022.0650634765625,0.9991242289543152,339.6542053222656,499.2407531738281,0.9989948868751526,331.07781982421875,608.93408203125,0.9985463619232178,278.3393249511719,553.9359130859375,0.9978770017623901,386.7602233886719,560.090576171875,0.9969935417175293,714.0613403320312,500.763427734375,0.9925054907798767,757.2700805664062,717.9207763671875,0.9997760653495789,692.57568359375,594.8814086914062,0.9990552067756653,783.1022338867188,552.7355346679688,0.8428599834442139,1082.146240234375,7.904148101806641,0.025843698531389236,1028.59814453125,80.66596221923828,0.9956541061401367,1002.98681640625,87.75863647460938,0.888302743434906,895.4923706054688,138.42062377929688,0.9945796728134155,969.2553100585938,46.2763557434082,0.7715790867805481,984.57421875,151.1622314453125,0.9934183359146118,823.470947265625,122.1875,0.9409144520759583,851.8717041015625,205.45758056640625,0.9866366982460022,769.6561279296875,168.88357543945312,0.9995059967041016,641.0582275390625,234.3909149169922,0.993229866027832,505.17120361328125,272.8660888671875,0.7806636691093445
2778,82.66011047363281,113.65306854248047,0.9998645782470703,1002.0947265625,272.76214599609375,0.9993778467178345,89.232177734375,1029.3275146484375,0.9997219443321228,1020.3550415039062,1023.1150512695312,0.9988788962364197,339.83721923828125,499.04156494140625,0.9995455145835876,330.9302673339844,610.033203125,0.9990585446357727,278.47637939453125,554.6939086914062,0.9956411123275757,386.82513427734375,560.1192016601562,0.9964788556098938,715.0084228515625,500.588134765625,0.9977326393127441,756.9161987304688,716.4773559570312,0.9998200535774231,694.3196411132812,594.459228515625,0.9974082112312317,782.3018798828125,555.9710693359375,0.893854558467865,1076.2989501953125,7.726180076599121,0.04195001721382141,1032.4661865234375,66.8486328125,0.9308224320411682,1019.9842529296875,71.53125,0.8492524027824402,904.63232421875,134.3175506591797,0.9939252734184265,962.2447509765625,54.238372802734375,0.7852182388305664,980.6373291015625,150.6786651611328,0.8762945532798767,839.6743774414062,117.44268035888672,0.9732879400253296,858.75927734375,207.50289916992188,0.9834967851638794,777.724853515625,169.04925537109375,0.9994912147521973,638.1206665039062,236.57919311523438,0.9888687133789062,536.8656005859375,271.9091491699219,0.350675493478775
2779,82.8312759399414,113.20925903320312,0.9999094009399414,1001.4688110351562,268.8682556152344,0.9983324408531189,89.96186828613281,1029.4051513671875,0.9998620748519897,1018.9530029296875,1023.7608032226562,0.9991674423217773,339.27581787109375,499.12890625,0.999595582485199,330.6505126953125,609.712646484375,0.9992971420288086,278.470947265625,553.8990478515625,0.9961063265800476,385.0724792480469,559.7879028320312,0.9965221881866455,715.6023559570312,500.3522644042969,0.997760534286499,757.339111328125,718.0202026367188,0.9998185038566589,692.907958984375,593.722412109375,0.9978283047676086,781.9273681640625,556.2976684570312,0.8632189631462097,1089.270263671875,44.01647186279297,0.039857372641563416,1027.234619140625,61.308815002441406,0.9816212058067322,1005.7320556640625,68.79426574707031,0.8737426400184631,899.83544921875,131.75054931640625,0.9787978529930115,972.4152221679688,48.20045471191406,0.8443162441253662,998.5315551757812,128.53221130371094,0.7888603210449219,842.0274658203125,116.87744903564453,0.9636542201042175,861.716552734375,198.6478729248047,0.9840415716171265,789.8798828125,164.2022247314453,0.999377429485321,657.95166015625,227.85647583007812,0.8738473653793335,522.3685302734375,272.9142761230469,0.8405329585075378
2780,82.12760925292969,114.42658996582031,0.9999361038208008,1001.4532470703125,273.0555725097656,0.9945124387741089,88.920166015625,1028.447021484375,0.9996953010559082,1020.1571044921875,1022.8128662109375,0.9993863105773926,339.0785827636719,498.809814453125,0.9995879530906677,330.6967468261719,610.0751953125,0.9994227886199951,278.4097595214844,555.0646362304688,0.9953579306602478,387.3711853027344,559.2391967773438,0.99689781665802,714.555908203125,500.3581848144531,0.9987090826034546,757.0737915039062,717.5653076171875,0.9997832179069519,693.556396484375,596.0585327148438,0.9979833364486694,781.2257690429688,554.6043701171875,0.8991320729255676,1072.6033935546875,6.314266204833984,0.13949178159236908,1044.6170654296875,42.73664093017578,0.917164146900177,1025.1751708984375,53.207923889160156,0.7145070433616638,924.0382080078125,123.67745208740234,0.889585018157959,990.28173828125,27.72832489013672,0.8515897393226624,1031.801025390625,141.2982177734375,0.843937873840332,854.353515625,105.43683624267578,0.7741698026657104,869.208740234375,187.4012908935547,0.9833164811134338,802.9308471679688,148.35362243652344,0.9992571473121643,655.9630126953125,226.2444610595703,0.9313005805015564,545.0000610351562,274.0269775390625,0.30605411529541016
2781,82.50569152832031,113.76506042480469,0.9998587369918823,995.093017578125,252.4504852294922,0.6589919328689575,89.32219696044922,1029.5560302734375,0.999760091304779,1018.2737426757812,1022.3910522460938,0.9977422952651978,339.5098571777344,498.9461975097656,0.9994152784347534,331.4503173828125,610.1834106445312,0.9985628724098206,278.3403015136719,553.3303833007812,0.9940944314002991,385.94195556640625,560.1914672851562,0.9969334602355957,713.5054931640625,499.05218505859375,0.9979057312011719,757.2796630859375,716.8380737304688,0.99983811378479,692.3423461914062,595.8486938476562,0.9981687068939209,781.462646484375,565.9719848632812,0.7494673728942871,1084.2568359375,157.03631591796875,0.445734441280365,1077.705810546875,12.016568183898926,0.595110297203064,1053.59375,135.4232177734375,0.6725292801856995,955.1688232421875,98.73599243164062,0.8062781095504761,982.2324829101562,23.875259399414062,0.8933700323104858,1048.802001953125,98.84134674072266,0.7356248497962952,855.71728515625,99.13426971435547,0.8724232912063599,879.9057006835938,180.59783935546875,0.966914176940918,795.4819946289062,144.61888122558594,0.9858463406562805,623.240966796875,233.6646270751953,0.5903885364532471,553.3190307617188,267.79071044921875,0.7245286703109741
2782,82.41808319091797,115.0972900390625,0.9998881816864014,997.2112426757812,243.2859344482422,0.9897032380104065,88.74044036865234,1030.7545166015625,0.9998413324356079,1019.7833862304688,1022.2994384765625,0.9990063309669495,337.9207763671875,498.5265808105469,0.9994564652442932,333.19287109375,610.06201171875,0.9994301199913025,278.21630859375,555.7343139648438,0.9978837370872498,385.651611328125,558.2686157226562,0.9957796335220337,714.9078979492188,499.7572937011719,0.9966862797737122,756.5867309570312,716.162109375,0.9998785257339478,695.94140625,594.108642578125,0.9879167675971985,782.1182250976562,550.9636840820312,0.7709894180297852,1087.24658203125,149.45970153808594,0.09280037879943848,1073.4324951171875,124.99584197998047,0.4920700788497925,1068.63330078125,117.82553100585938,0.9061727523803711,955.0,93.2901611328125,0.7329196333885193,1016.2998657226562,14.778080940246582,0.8190590739250183,1045.4996337890625,128.15370178222656,0.9764308333396912,870.9715576171875,99.68074035644531,0.0325007289648056,893.0205078125,176.46319580078125,0.7656541466712952,821.3272094726562,132.4837188720703,0.946060836315155,682.420654296875,184.41390991210938,0.7295078039169312,691.0651245117188,179.5928192138672,0.1102667823433876
2783,81.81226348876953,114.17265319824219,0.9998812675476074,999.00439453125,242.16500854492188,0.9863590598106384,89.39402770996094,1029.572509765625,0.999869704246521,1019.818115234375,1023.089599609375,0.9993243217468262,336.8268737792969,498.91424560546875,0.9993237257003784,332.9927978515625,610.0152587890625,0.9993313550949097,277.9121398925781,556.5828247070312,0.9965643286705017,386.9887390136719,556.9511108398438,0.9958440661430359,716.099853515625,499.605712890625,0.9933356046676636,756.8126220703125,715.996826171875,0.999891996383667,695.4019775390625,595.9287719726562,0.9962444305419922,782.6514282226562,553.2752075195312,0.8519110679626465,1088.1044921875,160.3033447265625,0.4784054458141327,1080.64990234375,128.51136779785156,0.8458746075630188,1072.2998046875,119.98139190673828,0.9742757678031921,962.1898803710938,91.79351806640625,0.8938686847686768,991.5391845703125,14.348607063293457,0.42050302028656006,1048.7850341796875,119.674560546875,0.9471677541732788,883.972900390625,91.44666290283203,0.6207982897758484,951.4251708984375,178.8133087158203,0.17836874723434448,853.6212158203125,138.65951538085938,0.9618029594421387,779.4850463867188,176.34271240234375,0.19291017949581146,371.82928466796875,419.1386413574219,0.47342002391815186
2784,81.03929901123047,114.80607604980469,0.9998757839202881,999.1845703125,246.14047241210938,0.9685390591621399,90.049560546875,1029.9420166015625,0.9998156428337097,1020.72900390625,1022.5285034179688,0.9992511868476868,338.5377197265625,498.90826416015625,0.9995480179786682,332.6511535644531,610.066162109375,0.9995205402374268,277.8515319824219,556.4325561523438,0.9967407584190369,386.461669921875,558.7149047851562,0.9959084987640381,713.7562255859375,499.8143005371094,0.9961246848106384,756.9614868164062,717.285400390625,0.9998359680175781,693.7205200195312,595.5177001953125,0.992299497127533,783.97802734375,549.8594970703125,0.6105117201805115,1085.1435546875,4.719358921051025,0.01159778330475092,1053.2996826171875,2.8165435791015625,0.11926603317260742,1051.146484375,93.51019287109375,0.4626120924949646,959.5419921875,98.13235473632812,0.9623484015464783,985.0029296875,10.132363319396973,0.4387062191963196,1043.8123779296875,116.88548278808594,0.943554162979126,880.1387939453125,110.02413940429688,0.8410255908966064,920.3321533203125,170.9654541015625,0.7661299109458923,851.5044555664062,153.25172424316406,0.998445451259613,706.8992919921875,209.44683837890625,0.6160628199577332,617.3699340820312,233.54823303222656,0.6579684615135193
2785,82.65677642822266,115.36001586914062,0.9998942613601685,998.4036254882812,240.1382598876953,0.9158570170402527,89.83991241455078,1030.341552734375,0.9998084902763367,1019.173828125,1024.541748046875,0.9996263980865479,337.15673828125,498.44464111328125,0.9992703795433044,333.5343322753906,609.6040649414062,0.9993301630020142,277.3570861816406,556.2581787109375,0.996561586856842,387.0940856933594,556.3169555664062,0.9933292865753174,714.7133178710938,499.1097106933594,0.9849923849105835,756.6959228515625,717.9288940429688,0.9998084902763367,692.8052978515625,593.4664306640625,0.991773784160614,782.0594482421875,546.3512573242188,0.8587918877601624,1080.2891845703125,71.68508911132812,0.02220303937792778,1085.8067626953125,73.89064025878906,0.19578909873962402,1066.0594482421875,67.15618896484375,0.6948277354240417,963.5435180664062,97.64737701416016,0.9515572190284729,970.8472290039062,13.128079414367676,0.8059688806533813,1057.973876953125,105.57178497314453,0.9512612819671631,888.1759033203125,106.13121795654297,0.5106539726257324,974.099365234375,158.86727905273438,0.2528780400753021,843.8062744140625,155.56895446777344,0.9834786653518677,739.4581298828125,201.15467834472656,0.8802405595779419,622.9566040039062,230.1990509033203,0.8880033493041992
2786,82.48528289794922,113.76599884033203,0.9998855590820312,996.737060546875,246.3060760498047,0.10354363173246384,89.8463134765625,1027.8211669921875,0.9998213648796082,1022.9381713867188,1022.5963134765625,0.9989720582962036,338.6438293457031,498.475341796875,0.9991563558578491,332.8104248046875,609.4126586914062,0.9991292357444763,277.3669128417969,555.6173095703125,0.995728075504303,386.5549011230469,556.4994506835938,0.995850682258606,713.0755615234375,501.2092590332031,0.993744432926178,756.7083740234375,717.7945556640625,0.9998131394386292,695.5408935546875,595.15234375,0.9953190684318542,779.7864379882812,548.5910034179688,0.8081659078598022,1079.654296875,83.4800033569336,0.007282572332769632,1068.578125,5.800683498382568,0.030362779274582863,990.6233520507812,1.904040813446045,0.20496313273906708,957.9474487304688,97.08335876464844,0.7856387495994568,965.7013549804688,12.3484468460083,0.8290539979934692,1055.986328125,102.57915496826172,0.8609015345573425,866.3928833007812,112.01708984375,0.7610164284706116,907.792724609375,172.66334533691406,0.9743501543998718,843.343994140625,161.3748779296875,0.998672366142273,745.932861328125,198.310546875,0.831484854221344,634.49853515625,229.86505126953125,0.37972718477249146
2787,82.4659652709961,114.29015350341797,0.9998291730880737,1000.3770751953125,219.1866455078125,0.060962989926338196,90.76299285888672,1030.3172607421875,0.9998028874397278,1020.2630004882812,1022.8294067382812,0.9985376596450806,339.3690490722656,498.77581787109375,0.9994741082191467,330.6195983886719,608.7662963867188,0.9993220567703247,277.03912353515625,555.4166259765625,0.9967793822288513,386.45904541015625,558.8280639648438,0.9946236610412598,713.9200439453125,502.561279296875,0.9893803596496582,756.4905395507812,718.7330932617188,0.9996988773345947,695.0265502929688,596.2867431640625,0.991567075252533,782.0665893554688,551.3250732421875,0.9320027232170105,1080.1712646484375,76.77268981933594,0.0170594472438097,999.650634765625,0.1752147674560547,0.1329219937324524,1076.5517578125,77.80083465576172,0.31272682547569275,954.447509765625,97.20132446289062,0.963712215423584,971.4216918945312,9.643310546875,0.8969313502311707,1056.1107177734375,100.55783081054688,0.8433189988136292,871.7268676757812,106.81024932861328,0.794350802898407,909.0949096679688,173.31475830078125,0.8070743680000305,843.3800659179688,160.12413024902344,0.9966264963150024,713.96923828125,209.32989501953125,0.9798062443733215,638.148193359375,225.21543884277344,0.8436106443405151
2788,82.5866928100586,114.14827728271484,0.9998286962509155,1070.062744140625,207.08802795410156,0.08714756369590759,88.85295104980469,1029.618408203125,0.9996881484985352,1019.875244140625,1021.9129638671875,0.998765230178833,338.83905029296875,498.6574401855469,0.9991771578788757,332.7637023925781,609.9707641601562,0.9989538192749023,276.8818359375,556.1968994140625,0.9934247732162476,386.5553283691406,559.0546875,0.9963579773902893,714.14697265625,501.49493408203125,0.9926791191101074,756.8199462890625,719.0995483398438,0.9997267127037048,695.2833251953125,594.9719848632812,0.997246503829956,782.1824340820312,552.7713623046875,0.905936598777771,1088.9471435546875,74.8645248413086,0.012074625119566917,1081.575927734375,61.54856491088867,0.11349772661924362,1052.3951416015625,62.97870635986328,0.8393087387084961,954.9974975585938,89.06672668457031,0.9638183116912842,1055.7718505859375,15.688116073608398,0.4027057886123657,1042.9007568359375,89.77863311767578,0.970529317855835,891.8035888671875,90.68659210205078,0.5879234075546265,946.903564453125,165.03561401367188,0.6140750646591187,837.2303466796875,156.96585083007812,0.9969011545181274,703.9819946289062,212.9136962890625,0.8830613493919373,641.3225708007812,221.625,0.8026772141456604
2789,82.42606353759766,114.59444427490234,0.9998565912246704,1002.9264526367188,254.1386260986328,0.13823798298835754,88.60587310791016,1029.84228515625,0.9998012185096741,1019.826904296875,1022.848876953125,0.9993405938148499,339.33392333984375,498.7799072265625,0.9993058443069458,330.9208679199219,608.8607788085938,0.998579740524292,277.0570983886719,554.6814575195312,0.9957563281059265,387.02166748046875,561.2455444335938,0.9972653388977051,716.3385009765625,500.6672668457031,0.9972469806671143,756.5938720703125,718.0625610351562,0.9998434782028198,694.3218994140625,592.9944458007812,0.9923772811889648,781.5864868164062,557.6036376953125,0.8940430879592896,1090.51953125,58.47319030761719,0.009887242689728737,1058.48583984375,8.814308166503906,0.29998448491096497,1038.3292236328125,19.039018630981445,0.9538056254386902,963.502685546875,81.11848449707031,0.9262329936027527,986.9646606445312,8.326010704040527,0.6151208877563477,1058.7083740234375,69.23695373535156,0.9608860015869141,883.5386962890625,92.8587417602539,0.8453441858291626,915.2223510742188,170.26698303222656,0.783162534236908,838.9346923828125,154.14712524414062,0.9961497783660889,705.2741088867188,210.99205017089844,0.7661401629447937,620.3305053710938,237.9509735107422,0.5059313178062439
2790,81.87413787841797,114.65887451171875,0.9998732805252075,991.7884521484375,241.18736267089844,0.20161166787147522,88.33065795898438,1029.1427001953125,0.9997527003288269,1018.612060546875,1023.4231567382812,0.999538779258728,339.8399353027344,498.6284484863281,0.9989978671073914,332.2752990722656,609.1690673828125,0.9987813830375671,277.97271728515625,553.7755737304688,0.9958400726318359,387.8289794921875,559.4402465820312,0.9958422780036926,716.8538208007812,501.59906005859375,0.9976734519004822,757.2078857421875,718.6530151367188,0.9998365640640259,694.6595458984375,597.9839477539062,0.9947380423545837,780.8595581054688,556.134033203125,0.9019256830215454,1087.6748046875,62.1431884765625,0.018422096967697144,1055.5697021484375,44.05372619628906,0.1365479677915573,1046.556640625,45.49284362792969,0.9666627049446106,956.291748046875,90.87230682373047,0.9943360686302185,979.702880859375,16.210552215576172,0.9087817668914795,1050.480712890625,84.38599395751953,0.9869460463523865,888.0068969726562,95.43789672851562,0.6706923842430115,901.8198852539062,164.93527221679688,0.09733005613088608,836.27001953125,153.98731994628906,0.9946354031562805,707.9091796875,213.10244750976562,0.867418110370636,615.830322265625,237.33245849609375,0.501279890537262
2791,82.9322738647461,113.2802734375,0.999914288520813,990.8479614257812,215.863525390625,0.9151845574378967,90.42923736572266,1029.765625,0.9997177720069885,1017.9086303710938,1024.4759521484375,0.9994514584541321,338.9941711425781,498.6584777832031,0.9991441965103149,332.4373779296875,609.591552734375,0.9990352392196655,278.2613220214844,552.2325439453125,0.9975512623786926,386.3241271972656,559.4339599609375,0.993959903717041,720.5158081054688,500.11749267578125,0.9967369437217712,756.1998291015625,715.4791870117188,0.9999103546142578,691.675048828125,594.42041015625,0.9957636594772339,783.7218627929688,559.963134765625,0.9473763108253479,1088.5338134765625,60.577537536621094,0.00360551243647933,1001.7964477539062,1.2822680473327637,0.27204960584640503,1050.415283203125,26.948091506958008,0.36555275321006775,955.22900390625,96.36808776855469,0.9873054027557373,977.91552734375,17.127445220947266,0.9873892068862915,1055.934326171875,81.58390808105469,0.980830729007721,880.0839233398438,98.15980529785156,0.7154397964477539,911.0596313476562,171.8334197998047,0.7607463598251343,837.7659301757812,159.4749298095703,0.9987443685531616,731.8971557617188,201.6014862060547,0.821887195110321,641.9382934570312,226.67822265625,0.9811728596687317
2792,81.80628967285156,114.81227111816406,0.9998918771743774,999.89697265625,224.3483123779297,0.903652012348175,90.64956665039062,1029.09130859375,0.9998818635940552,1018.8697509765625,1023.3870849609375,0.9992603659629822,339.55108642578125,498.84814453125,0.9991886019706726,333.00921630859375,610.6556396484375,0.9988565444946289,278.015625,554.8013305664062,0.9946611523628235,387.3249816894531,558.798583984375,0.9950957894325256,716.8736572265625,501.866943359375,0.9936469197273254,756.6660766601562,716.670654296875,0.9998965263366699,691.7820434570312,594.6515502929688,0.994927167892456,780.4108276367188,552.710205078125,0.9174310564994812,1085.3089599609375,58.8714485168457,0.009541752748191357,996.2156372070312,0.3777322769165039,0.4238797724246979,990.5797729492188,9.386917114257812,0.8942779302597046,959.4019165039062,86.99636840820312,0.9267626404762268,950.687744140625,11.868792533874512,0.9849719405174255,1053.759521484375,73.79507446289062,0.9059751629829407,879.6744995117188,95.60088348388672,0.47896668314933777,913.3054809570312,169.1669921875,0.2570156157016754,838.6226196289062,155.3881072998047,0.9992243051528931,745.9219970703125,194.85072326660156,0.6968775391578674,647.7709350585938,225.52151489257812,0.9937503933906555
2793,81.84952545166016,114.50334167480469,0.9999195337295532,999.3043212890625,215.1832733154297,0.8735390901565552,89.8655776977539,1029.884765625,0.9998179078102112,1020.7435913085938,1021.487060546875,0.9982587695121765,338.57513427734375,498.5633850097656,0.9994993209838867,333.17279052734375,609.6988525390625,0.9980499744415283,278.1891784667969,554.6561279296875,0.9951226115226746,387.47467041015625,557.761962890625,0.995654821395874,716.5545043945312,501.3067932128906,0.9853475093841553,757.0818481445312,716.5113525390625,0.9998499155044556,694.2117309570312,593.2818603515625,0.9978066086769104,781.8297119140625,547.6586303710938,0.9432517886161804,1085.47900390625,59.40525436401367,0.03749845549464226,1080.041259765625,43.08338165283203,0.39717525243759155,1051.5189208984375,33.24519348144531,0.7488378882408142,955.496826171875,89.82588195800781,0.9708482027053833,943.5379638671875,14.96436882019043,0.8887017965316772,1043.270263671875,78.90750122070312,0.9589016437530518,885.7564086914062,89.1422348022461,0.7480090856552124,897.584228515625,170.80160522460938,0.8479062914848328,837.1240844726562,155.27328491210938,0.9997640252113342,744.49365234375,195.692626953125,0.897936999797821,646.4449462890625,221.240234375,0.9982730150222778
2794,81.36843872070312,113.7847900390625,0.9996591806411743,995.5125732421875,225.75033569335938,0.9989253878593445,89.42155456542969,1030.5631103515625,0.9998493194580078,1020.3440551757812,1022.2852783203125,0.9992309808731079,338.0300598144531,498.7584533691406,0.9996160268783569,332.9890441894531,610.3694458007812,0.9987713694572449,277.8524169921875,555.04443359375,0.9956499934196472,387.4134826660156,559.2350463867188,0.9932354092597961,715.9359741210938,501.9271545410156,0.9869019985198975,757.1784057617188,717.0654907226562,0.9998080134391785,693.4297485351562,593.9612426757812,0.9966760873794556,783.5462036132812,548.19775390625,0.9495427012443542,1082.1263427734375,67.4252700805664,0.011644331738352776,984.3650512695312,1.6662559509277344,0.2082654982805252,1074.108154296875,56.06396484375,0.28387272357940674,944.85986328125,109.76661682128906,0.9069576263427734,950.552001953125,11.64842414855957,0.9814149737358093,1046.9058837890625,84.95443725585938,0.8009605407714844,890.749755859375,88.29063415527344,0.911959171295166,902.3208618164062,171.2322540283203,0.14819218218326569,836.3639526367188,158.08837890625,0.9994144439697266,740.160888671875,200.57778930664062,0.8832522630691528,654.4315185546875,217.24365234375,0.9931218028068542
2795,82.69640350341797,114.70024871826172,0.9999310970306396,998.9235229492188,229.1831512451172,0.9987603425979614,89.71704864501953,1029.823486328125,0.999804675579071,1021.100341796875,1022.7222900390625,0.9988458156585693,337.93035888671875,498.62396240234375,0.999288022518158,331.2948303222656,609.8252563476562,0.9989336133003235,277.5942077636719,555.3987426757812,0.9961546063423157,387.3436279296875,559.494384765625,0.996695876121521,714.7711181640625,500.5243835449219,0.9966503977775574,757.9891967773438,718.3427124023438,0.9994789958000183,693.8517456054688,597.3295288085938,0.9953430891036987,784.2996826171875,555.3436279296875,0.8654018044471741,1084.0032958984375,72.2418212890625,0.03654460981488228,1086.1578369140625,58.71128845214844,0.5502125024795532,1066.4876708984375,64.21021270751953,0.6036484837532043,951.0514526367188,95.96153259277344,0.9973369240760803,951.58837890625,13.841043472290039,0.9230152368545532,1035.767333984375,93.78998565673828,0.8371008634567261,873.656005859375,102.67240142822266,0.517721951007843,913.4590454101562,174.11343383789062,0.8035074472427368,835.489013671875,160.3970184326172,0.998507559299469,703.9108276367188,210.91708374023438,0.8077302575111389,637.6399536132812,221.07557678222656,0.7238828539848328
2796,83.87274169921875,113.7197036743164,0.9998773336410522,997.6168823242188,232.04290771484375,0.9968069791793823,90.41243743896484,1030.737060546875,0.9998756647109985,1020.9067993164062,1023.4031982421875,0.9994729161262512,337.6841735839844,498.48876953125,0.9992188215255737,331.3760681152344,609.4081420898438,0.9986667633056641,277.5005798339844,555.390380859375,0.996300458908081,386.0054626464844,558.7135009765625,0.9955434203147888,715.4158325195312,502.7776794433594,0.9932491779327393,757.8167724609375,717.689453125,0.9993508458137512,693.7024536132812,596.7191772460938,0.9954142570495605,783.8306274414062,550.38720703125,0.8106995820999146,1088.1484375,76.27234649658203,0.01340013463050127,1086.143310546875,71.90186309814453,0.25272002816200256,1049.969970703125,77.79290008544922,0.6479578614234924,955.6915283203125,95.42853546142578,0.993293285369873,949.11962890625,15.204682350158691,0.9357154965400696,1040.8287353515625,99.17481994628906,0.9719300866127014,888.786865234375,91.52647399902344,0.9844458699226379,924.9495849609375,174.45706176757812,0.6538046598434448,837.2017822265625,160.1686553955078,0.9990517497062683,734.5897216796875,204.48858642578125,0.7022033333778381,640.8489379882812,222.7723388671875,0.9959795475006104
2797,82.18243408203125,113.63980102539062,0.999955415725708,998.2451171875,235.4984130859375,0.9951800107955933,88.90293884277344,1029.7064208984375,0.9996727705001831,1019.564208984375,1021.7351684570312,0.9990590214729309,337.99383544921875,497.7631530761719,0.9986196756362915,332.11077880859375,610.4498291015625,0.9990334510803223,277.3224792480469,554.8147583007812,0.9963042736053467,387.488525390625,557.6766967773438,0.9951581358909607,716.1419677734375,500.3403015136719,0.997027575969696,757.7670288085938,716.10498046875,0.9993273019790649,692.2630004882812,595.6837768554688,0.9957387447357178,783.071533203125,548.3597412109375,0.8979450464248657,1085.634765625,77.96498107910156,0.05785821005702019,1082.281005859375,71.27203369140625,0.5386374592781067,1069.112548828125,75.21622467041016,0.6900204420089722,948.2337646484375,103.3910903930664,0.9977121353149414,951.2555541992188,21.674894332885742,0.9753902554512024,1034.735595703125,98.52415466308594,0.8604247570037842,890.327392578125,91.7382583618164,0.6444301605224609,923.760498046875,173.2984619140625,0.6526772379875183,839.3351440429688,159.80316162109375,0.9921615719795227,735.5283813476562,206.10379028320312,0.931908905506134,650.1342163085938,216.60333251953125,0.9905959367752075
2798,82.03274536132812,116.01129913330078,0.9998210072517395,999.0076904296875,239.9911651611328,0.9919100403785706,89.82661437988281,1030.0595703125,0.9996737241744995,1020.015380859375,1023.2880859375,0.9992647767066956,338.0020751953125,498.014892578125,0.9991514682769775,331.11395263671875,609.8434448242188,0.998808741569519,277.4771423339844,554.4625244140625,0.9962390661239624,386.763671875,557.9266357421875,0.9958493709564209,717.2996826171875,500.1256103515625,0.9948278069496155,756.6660766601562,716.5218505859375,0.9997257590293884,692.6258544921875,594.7283325195312,0.9952278137207031,782.9656372070312,548.8194580078125,0.7962467670440674,1003.3408203125,5.003636837005615,0.004791106563061476,1087.7060546875,62.0894775390625,0.16692472994327545,1070.84814453125,75.14868927001953,0.7521532773971558,951.4574584960938,108.31122589111328,0.9718936085700989,951.8380126953125,19.305438995361328,0.952024519443512,1044.57373046875,102.48847961425781,0.9148083925247192,888.9857177734375,99.12486267089844,0.9832942485809326,928.3341674804688,177.48336791992188,0.44116973876953125,839.7477416992188,157.8079071044922,0.9996185302734375,731.9168701171875,207.74514770507812,0.9553819298744202,636.3914184570312,224.45831298828125,0.9203336238861084
2799,82.51538848876953,114.95844268798828,0.9997805953025818,999.3501586914062,241.158203125,0.9921801090240479,90.16671752929688,1030.069580078125,0.9998062252998352,1020.8578491210938,1022.7167358398438,0.9989076852798462,337.9555358886719,498.3908386230469,0.9989031553268433,331.8595275878906,609.7022705078125,0.9988068342208862,277.49176025390625,555.9285278320312,0.9953742623329163,387.4201965332031,557.8661499023438,0.9926441311836243,717.9854736328125,500.4472961425781,0.9931888580322266,757.6299438476562,717.90234375,0.9997299313545227,694.1137084960938,596.34423828125,0.9949742555618286,783.15087890625,547.0213012695312,0.8742404580116272,1087.70654296875,4.461643695831299,0.003954717889428139,1082.1212158203125,80.25370788574219,0.2026413232088089,1057.6025390625,76.05008697509766,0.8344904780387878,959.0031127929688,104.14112091064453,0.9939126372337341,947.3715209960938,19.387866973876953,0.8422662615776062,1041.78466796875,106.6175765991211,0.9923686385154724,891.52099609375,102.12622833251953,0.8813799619674683,916.31103515625,181.0087890625,0.702637255191803,843.6908569335938,162.12306213378906,0.9992376565933228,713.44873046875,211.2467803955078,0.87239009141922,622.2665405273438,227.10150146484375,0.8554980754852295
2800,82.53749084472656,114.96406555175781,0.999903678894043,995.7363891601562,245.78553771972656,0.9591735601425171,88.91278839111328,1028.271484375,0.9997968077659607,1019.5792236328125,1022.6724243164062,0.9994076490402222,337.0585021972656,498.3319396972656,0.9991135001182556,331.978759765625,609.7696533203125,0.9986044764518738,278.0660400390625,556.444580078125,0.995471715927124,386.8677978515625,556.871826171875,0.9960200190544128,718.2156372070312,500.140625,0.9791635870933533,756.6366577148438,716.6686401367188,0.9998433589935303,695.1021118164062,597.9618530273438,0.9971959590911865,783.9364624023438,555.4692993164062,0.8297533988952637,1019.3082275390625,1.6097750663757324,0.00439829146489501,1084.72607421875,84.38856506347656,0.7221196889877319,1070.9735107421875,78.19940948486328,0.9363376498222351,964.3447265625,105.4144515991211,0.9823026061058044,975.6862182617188,18.26970672607422,0.5394342541694641,1047.619140625,107.05043029785156,0.9362912774085999,901.7467651367188,101.91595458984375,0.9310302734375,938.3968505859375,185.13836669921875,0.9436109662055969,849.5552978515625,161.527587890625,0.999640703201294,714.6348266601562,209.2397918701172,0.8576515316963196,644.4193725585938,221.86788940429688,0.9102696180343628
2801,81.81488037109375,114.69380950927734,0.9998741149902344,998.3087768554688,243.01744079589844,0.9899124503135681,89.58198547363281,1029.10205078125,0.9998236298561096,1021.8409423828125,1022.0484008789062,0.9991278052330017,338.6134338378906,498.53192138671875,0.9990295171737671,330.5638122558594,609.9403686523438,0.9976707100868225,277.1873779296875,556.1027221679688,0.9906842708587646,386.90936279296875,558.8140258789062,0.9942902326583862,719.5772094726562,500.26483154296875,0.9932377338409424,756.903564453125,718.1718139648438,0.9997619986534119,694.2135009765625,596.4647216796875,0.9961352348327637,784.0153198242188,549.3587646484375,0.8397538065910339,1022.14990234375,1.8185341358184814,0.009781405329704285,1086.1173095703125,82.47016143798828,0.5078325867652893,1065.177978515625,69.67877960205078,0.9015424251556396,973.8114013671875,105.07061004638672,0.9879379868507385,959.7664184570312,19.760313034057617,0.5715605616569519,1047.611328125,113.92945861816406,0.9964821338653564,899.6585693359375,112.87834167480469,0.5057553052902222,948.128173828125,187.34878540039062,0.7974766492843628,861.5033569335938,158.77772521972656,0.9864978790283203,789.0811157226562,179.83212280273438,0.9218101501464844,786.6994018554688,645.7694702148438,0.5044956207275391
2802,81.8335189819336,114.49971008300781,0.9999078512191772,997.72216796875,248.91514587402344,0.7868294715881348,91.31584930419922,1027.663330078125,0.9997681975364685,1020.4306030273438,1023.6177978515625,0.9991593360900879,338.4540100097656,498.5162353515625,0.9993632435798645,331.6294860839844,610.4951782226562,0.9985382556915283,277.5765380859375,556.3292846679688,0.9934529066085815,387.36444091796875,557.6036376953125,0.9957417249679565,717.3811645507812,500.97235107421875,0.9898825287818909,756.1323852539062,718.2903442382812,0.9998294115066528,695.009521484375,597.7918090820312,0.9965487122535706,783.1617431640625,550.1787719726562,0.7907496690750122,958.9305419921875,0.3903238773345947,0.009714245796203613,1085.70849609375,87.91702270507812,0.7163297533988953,1069.706298828125,82.54147338867188,0.9643503427505493,976.27587890625,110.250732421875,0.9834239482879639,983.8704223632812,24.649490356445312,0.9000794291496277,1049.633056640625,122.29843139648438,0.9331369400024414,907.380859375,100.3056411743164,0.7121596336364746,931.751953125,180.8753204345703,0.19589248299598694,863.8954467773438,158.7235870361328,0.9980536699295044,780.3820190429688,185.7938995361328,0.9650552868843079,786.7906494140625,643.8086547851562,0.9414018392562866
2803,79.6925277709961,112.14015197753906,0.9995705485343933,923.0731201171875,79.61216735839844,0.7983773946762085,89.3765869140625,1029.184814453125,0.9998310804367065,1020.0595703125,1023.2001953125,0.9990301132202148,339.6877136230469,499.1073303222656,0.9991724491119385,331.18780517578125,609.3447265625,0.9987170696258545,277.67242431640625,555.0204467773438,0.9946277737617493,387.68658447265625,559.1849975585938,0.9933186769485474,716.370361328125,500.9925537109375,0.985846221446991,758.6677856445312,719.0128784179688,0.9997386336326599,694.5354614257812,598.8760375976562,0.9950906038284302,782.4401245117188,557.6507568359375,0.5757920145988464,1072.2994384765625,94.1369400024414,0.029769835993647575,1083.3497314453125,80.51111602783203,0.8053886294364929,1064.726318359375,82.935791015625,0.987541139125824,974.766357421875,114.8909912109375,0.7306890487670898,982.7626342773438,22.312881469726562,0.5027408003807068,1053.304931640625,130.38470458984375,0.7976953387260437,893.6143188476562,126.70797729492188,0.6544257402420044,899.35302734375,173.09854125976562,0.2837899923324585,869.7705688476562,162.70436096191406,0.9881606101989746,787.8468017578125,183.2540283203125,0.993704617023468,662.7012329101562,224.2513427734375,0.9678314924240112
2804,81.36936950683594,113.43885803222656,0.9998528957366943,995.4066162109375,249.96726989746094,0.35998931527137756,89.59142303466797,1029.1326904296875,0.999855637550354,1021.7317504882812,1023.0936279296875,0.9992730021476746,336.9914855957031,499.2591247558594,0.999218225479126,331.5481872558594,609.3812866210938,0.9988611936569214,277.35565185546875,557.301025390625,0.9942412376403809,387.66668701171875,557.9447631835938,0.9953445792198181,716.9365844726562,500.5094299316406,0.9936890602111816,758.9407348632812,719.235595703125,0.9998019337654114,694.7973022460938,598.591064453125,0.9980145692825317,783.0787963867188,554.0568237304688,0.6638365983963013,1086.4622802734375,4.8995184898376465,0.011464353650808334,1082.273681640625,90.12342834472656,0.9463585019111633,1064.5281982421875,83.72307586669922,0.9618186354637146,977.0260620117188,113.3284912109375,0.9979277849197388,987.2440795898438,28.658966064453125,0.7620750069618225,1048.310302734375,107.8026351928711,0.9407622814178467,921.3094482421875,95.66979217529297,0.21609702706336975,965.1941528320312,193.88140869140625,0.6769546866416931,869.6973266601562,160.87112426757812,0.967971682548523,778.9276733398438,186.49545288085938,0.9708383083343506,590.9548950195312,244.27830505371094,0.7401757836341858
2805,81.35377502441406,113.91353607177734,0.9996378421783447,995.4669799804688,248.77120971679688,0.6048035025596619,89.93505096435547,1030.498291015625,0.9998087286949158,1020.3748168945312,1023.4420776367188,0.999288022518158,339.3816223144531,499.4301452636719,0.9990071654319763,331.4515686035156,610.1720581054688,0.9992534518241882,277.7786560058594,555.2027587890625,0.992197573184967,387.50408935546875,559.47021484375,0.9969120025634766,717.6742553710938,499.1698913574219,0.9967760443687439,756.52685546875,717.4736938476562,0.9998639822006226,695.2554321289062,600.97998046875,0.9982041120529175,783.959716796875,555.0877075195312,0.7172685265541077,1088.3006591796875,26.785255432128906,0.006813595071434975,1078.9266357421875,90.34973907470703,0.986174464225769,1062.225830078125,90.80659484863281,0.9898958206176758,973.5335083007812,118.6941909790039,0.9981136322021484,986.936279296875,33.18906784057617,0.5695032477378845,1054.2064208984375,130.32583618164062,0.8426549434661865,916.8610229492188,96.07225036621094,0.3650418519973755,956.4652709960938,184.9286651611328,0.6477322578430176,877.4541625976562,159.7107696533203,0.9967823028564453,782.0230712890625,184.52598571777344,0.9928320646286011,669.769287109375,221.97909545898438,0.9766272306442261
2806,82.64470672607422,114.59637451171875,0.9998118281364441,993.5888061523438,252.6912078857422,0.9116988778114319,88.61259460449219,1031.5950927734375,0.999721109867096,1021.1607055664062,1022.8087768554688,0.9991452693939209,338.2686767578125,499.013427734375,0.9993743300437927,332.6729431152344,609.7933349609375,0.999447762966156,277.91949462890625,554.871826171875,0.9955429434776306,386.3929443359375,558.948974609375,0.9956346154212952,716.6688232421875,500.7315673828125,0.9951226115226746,757.92041015625,719.1068115234375,0.9997078776359558,692.9261474609375,597.5810546875,0.9988897442817688,780.670654296875,555.8353881835938,0.8880186676979065,1005.876220703125,2.1207313537597656,0.02382422238588333,1084.4166259765625,96.79353332519531,0.9040586352348328,1070.184326171875,95.27261352539062,0.990846574306488,967.5112915039062,116.37276458740234,0.9639526605606079,986.2486572265625,32.612518310546875,0.7895876169204712,1047.2052001953125,131.80519104003906,0.9154122471809387,910.21728515625,105.19742584228516,0.7061572074890137,939.3624877929688,178.0207977294922,0.6716707348823547,873.3600463867188,162.24923706054688,0.9964160919189453,795.3214111328125,179.85809326171875,0.9373890161514282,667.4122314453125,222.54971313476562,0.9268066883087158
2807,83.09721374511719,115.1645278930664,0.9998855590820312,992.7714233398438,253.12744140625,0.4125710725784302,89.53173065185547,1029.33251953125,0.9997474551200867,1019.5386962890625,1023.535888671875,0.9993294477462769,338.91546630859375,499.2907409667969,0.9992658495903015,332.0809631347656,610.5462646484375,0.9994263648986816,278.30755615234375,555.6130981445312,0.9960618615150452,386.38427734375,559.5405883789062,0.9959797859191895,713.0562744140625,501.2545166015625,0.9924761652946472,758.4125366210938,719.2625732421875,0.9997569918632507,692.8480834960938,597.0499877929688,0.9990336894989014,780.3721313476562,550.50390625,0.9410058856010437,989.4036254882812,4.673901081085205,0.015750247985124588,1082.8641357421875,108.46337127685547,0.8837976455688477,1064.9002685546875,100.29972839355469,0.9987552165985107,976.4898071289062,108.6934814453125,0.9473711848258972,971.7559814453125,22.31652069091797,0.8087071776390076,1043.2032470703125,134.09054565429688,0.9490846395492554,911.2274169921875,104.19178009033203,0.2552385926246643,933.1350708007812,184.1466827392578,0.13542993366718292,855.5730590820312,164.88607788085938,0.9971576929092407,755.4483642578125,192.25335693359375,0.9768624305725098,666.7587280273438,221.88352966308594,0.9055470824241638
2808,82.26885986328125,115.44501495361328,0.9999380111694336,997.7037353515625,258.8272705078125,0.7707374095916748,89.1091537475586,1029.0181884765625,0.9997963309288025,1021.3230590820312,1022.7698974609375,0.999262273311615,339.853759765625,498.8482360839844,0.9990354776382446,330.3115539550781,608.9066162109375,0.9992996454238892,277.0799255371094,555.4030151367188,0.9965683221817017,386.0519714355469,560.99560546875,0.9974634647369385,714.656005859375,499.97991943359375,0.991944432258606,757.803955078125,719.9187622070312,0.9996439218521118,693.6087036132812,594.8886108398438,0.9964985847473145,781.9639282226562,549.6962280273438,0.9587689638137817,1009.1873168945312,43.52053451538086,0.020525099709630013,1086.8612060546875,100.34203338623047,0.18678617477416992,1071.65576171875,98.95932006835938,0.9728497266769409,971.958251953125,116.70756530761719,0.8960144519805908,974.3220825195312,34.1217041015625,0.9447647929191589,1052.77734375,127.78392791748047,0.9794100522994995,916.9400024414062,97.69607543945312,0.7008256912231445,960.194580078125,195.81993103027344,0.49998903274536133,859.48291015625,162.79147338867188,0.9933526515960693,751.396728515625,194.93585205078125,0.9847162961959839,662.0777587890625,219.7739715576172,0.9457419514656067
2809,82.68099212646484,114.07846069335938,0.999936580657959,922.7828979492188,80.48546600341797,0.9173228144645691,88.59642028808594,1029.32177734375,0.9998276233673096,1016.4816284179688,1023.5966796875,0.9985799789428711,338.5531005859375,498.05364990234375,0.9986684322357178,331.7066345214844,610.7676391601562,0.9993506073951721,277.1526184082031,555.5843505859375,0.9983100891113281,386.09228515625,561.0586547851562,0.9982165694236755,713.5463256835938,501.1414489746094,0.9949552416801453,759.3499145507812,718.5932006835938,0.9996374845504761,692.9216918945312,597.1126098632812,0.9947673082351685,782.1140747070312,553.6019287109375,0.8946570754051208,989.5105590820312,3.029221534729004,0.041909608989953995,1064.295166015625,5.922006130218506,0.1397639960050583,1071.4544677734375,113.93753814697266,0.8791900277137756,966.4429931640625,122.7466049194336,0.8972036242485046,991.5321044921875,44.781471252441406,0.8773817420005798,1029.6312255859375,127.32574462890625,0.7606970071792603,892.2933349609375,134.25765991210938,0.20325416326522827,898.254150390625,173.07896423339844,0.10952666401863098,862.76513671875,161.19786071777344,0.9894400238990784,770.72509765625,186.65823364257812,0.5582361817359924,669.1569213867188,220.10885620117188,0.9918836355209351
2810,82.33976745605469,113.1210708618164,0.999925971031189,1001.2816162109375,267.48919677734375,0.3897426426410675,89.44915008544922,1029.603759765625,0.9997219443321228,1020.3178100585938,1022.8221435546875,0.9978088736534119,339.38763427734375,498.7276916503906,0.9988335967063904,332.19635009765625,610.4102783203125,0.999377429485321,277.69207763671875,554.7057495117188,0.9969475865364075,386.5855712890625,560.0706176757812,0.9983423948287964,711.5564575195312,502.6163024902344,0.9923892617225647,758.833984375,718.9098510742188,0.9996836185455322,692.686767578125,593.6835327148438,0.9957492351531982,779.8568115234375,547.0932006835938,0.9144138097763062,1086.79150390625,3.974414110183716,0.01679249480366707,1061.197021484375,29.94584846496582,0.8679717183113098,1047.125,34.35091781616211,0.9101394414901733,978.22802734375,117.70110321044922,0.9921494722366333,975.2092895507812,22.23210906982422,0.5515274405479431,1053.19091796875,93.35282135009766,0.7354868054389954,920.0098876953125,103.9905776977539,0.18299923837184906,948.253173828125,185.48907470703125,0.4529569745063782,864.510498046875,169.51425170898438,0.9963061809539795,715.6929321289062,208.5044403076172,0.7995707988739014,636.3298950195312,225.36599731445312,0.6749816536903381
2811,84.13188934326172,114.39757537841797,0.9999493360519409,925.8633422851562,82.43413543701172,0.18661272525787354,89.13628387451172,1027.75048828125,0.9998394250869751,1020.9871215820312,1023.4711303710938,0.9987605810165405,338.68743896484375,498.89227294921875,0.9990664124488831,332.2138977050781,610.3582763671875,0.9993448853492737,278.533203125,554.9967041015625,0.9972467422485352,386.9901123046875,559.4171752929688,0.9962354302406311,711.7188110351562,501.63946533203125,0.9950696229934692,757.7509765625,717.613037109375,0.9997782111167908,693.0809326171875,595.3049926757812,0.9978001713752747,781.351318359375,547.3804931640625,0.8505620956420898,1086.182373046875,14.706851959228516,0.10026881843805313,1054.8463134765625,57.93342208862305,0.9326630234718323,1048.3494873046875,69.74124908447266,0.9882163405418396,973.3829956054688,126.52940368652344,0.9841458201408386,980.826904296875,38.878089904785156,0.6240949034690857,1044.635986328125,127.4992446899414,0.5915075540542603,905.165771484375,112.3194808959961,0.24674808979034424,928.331298828125,195.07969665527344,0.9445770382881165,867.0197143554688,171.36557006835938,0.9992474317550659,787.3087158203125,213.6871337890625,0.997978150844574,708.6654052734375,225.11700439453125,0.881805956363678
2812,82.5514144897461,113.55609130859375,0.9998773336410522,909.7855834960938,83.14224243164062,0.5729606747627258,87.79134368896484,1029.3848876953125,0.9996352195739746,1020.883056640625,1022.8724365234375,0.9992107152938843,340.1282653808594,498.9877624511719,0.9989659786224365,332.0344543457031,611.0634765625,0.9994027614593506,278.52978515625,554.9762573242188,0.9969890713691711,386.4100036621094,561.7001342773438,0.9959781169891357,715.1482543945312,501.2462158203125,0.995235025882721,758.6517333984375,718.4700927734375,0.9997183680534363,694.485595703125,596.2960815429688,0.9981018900871277,781.6246337890625,551.3970336914062,0.864844799041748,1079.7989501953125,100.35584259033203,0.01854068413376808,1085.9759521484375,124.64929962158203,0.7754836082458496,1044.345703125,99.11764526367188,0.8513997197151184,953.6983642578125,140.88755798339844,0.8974987268447876,976.0889282226562,30.643848419189453,0.5210852026939392,1057.0968017578125,151.74105834960938,0.7011258602142334,900.1605834960938,105.99292755126953,0.5380863547325134,928.9732666015625,190.17584228515625,0.32969024777412415,861.3273315429688,169.9310760498047,0.99179607629776,788.6124877929688,210.7621612548828,0.4343343675136566,721.8264770507812,237.11300659179688,0.9660744667053223
2813,82.64070892333984,115.29046630859375,0.9999517202377319,1062.730712890625,7.153519153594971,0.842748761177063,88.75299835205078,1029.285400390625,0.9996953010559082,1020.9888916015625,1023.161376953125,0.9992617964744568,338.0487060546875,498.9681701660156,0.9993243217468262,333.5494079589844,610.4606323242188,0.999339759349823,278.1213073730469,555.2478637695312,0.997489333152771,387.5079040527344,557.6116943359375,0.996311604976654,716.1691284179688,501.38861083984375,0.9955885410308838,758.09619140625,718.6404418945312,0.9997511506080627,695.8580932617188,595.65380859375,0.9987009763717651,781.9390258789062,555.5431518554688,0.7565045952796936,1053.90869140625,206.8540802001953,0.028668232262134552,1074.3048095703125,201.0888671875,0.17566263675689697,1026.980224609375,100.67074584960938,0.5406999588012695,948.512451171875,122.71324920654297,0.9882819056510925,1080.077392578125,26.050556182861328,0.14529140293598175,1009.1229858398438,166.55337524414062,0.28623926639556885,897.554443359375,101.89429473876953,0.7600713968276978,927.7006225585938,190.62957763671875,0.9077548384666443,847.4515380859375,160.8175811767578,0.9958162903785706,735.5018310546875,237.7817840576172,0.3426573574542999,623.1710205078125,219.59027099609375,0.94172602891922
2814,82.25955963134766,113.76496887207031,0.999947190284729,1020.037109375,26.71219253540039,0.9263012409210205,89.09154510498047,1030.1097412109375,0.9997363686561584,1020.2530517578125,1023.2980346679688,0.9991724491119385,338.5631408691406,498.8269958496094,0.9992839694023132,333.14501953125,610.6663818359375,0.9994396567344666,278.02496337890625,555.19482421875,0.9969791173934937,387.772705078125,556.9766845703125,0.9962020516395569,713.6296997070312,501.04986572265625,0.9915655851364136,758.3892822265625,717.9944458007812,0.9996103644371033,694.2642211914062,596.4108276367188,0.9970952272415161,780.87548828125,555.7335815429688,0.899452805519104,1014.3310546875,307.3855895996094,0.5302597284317017,1029.74169921875,216.9207000732422,0.9665281772613525,1027.296630859375,195.53579711914062,0.816450834274292,995.2821044921875,105.02555084228516,0.9826935529708862,1078.84375,177.51345825195312,0.4927949607372284,991.856689453125,190.30935668945312,0.49876466393470764,907.3803100585938,74.31721496582031,0.392985463142395,932.4430541992188,129.8185272216797,0.388724148273468,850.6558227539062,154.20704650878906,0.8034580945968628,718.8458862304688,239.8258056640625,0.7733645439147949,723.6006469726562,244.66934204101562,0.6585466861724854
2815,82.42635345458984,114.62457275390625,0.9999483823776245,1017.8472290039062,47.66107177734375,0.9823549389839172,89.21228790283203,1028.59033203125,0.9995263814926147,1020.2706298828125,1023.2154541015625,0.9992225170135498,337.7737731933594,498.9025573730469,0.9994219541549683,333.4543762207031,610.2947387695312,0.9993240833282471,277.7307434082031,554.4417724609375,0.9977741837501526,387.0180358886719,557.1600952148438,0.9957644939422607,717.3637084960938,500.8293151855469,0.9913081526756287,756.5648803710938,717.8359375,0.9997484087944031,694.78369140625,595.1437377929688,0.9962214231491089,782.2156372070312,555.9955444335938,0.8614839911460876,966.64111328125,356.0511779785156,0.9457113146781921,984.3042602539062,287.1251525878906,0.9965337514877319,986.73583984375,271.80828857421875,0.9701554179191589,989.0379638671875,135.41134643554688,0.9697574973106384,1045.17333984375,228.48008728027344,0.8227280974388123,950.9759521484375,240.29144287109375,0.8801040649414062,999.5064086914062,67.80068969726562,0.07893989235162735,913.3649291992188,152.35208129882812,0.99693763256073,843.5770263671875,139.38729858398438,0.19670774042606354,714.2802124023438,239.58477783203125,0.8989301919937134,712.364013671875,241.5792694091797,0.797107994556427
2816,81.44265747070312,113.07335662841797,0.999915599822998,1037.06005859375,92.43203735351562,0.9860601425170898,89.33191680908203,1029.5211181640625,0.9997610449790955,1020.50537109375,1023.078125,0.9990501999855042,338.0090026855469,498.81170654296875,0.9993170499801636,332.8358154296875,610.8629150390625,0.9993917942047119,277.687744140625,554.0902099609375,0.9979177117347717,387.7259216308594,557.39013671875,0.9978023171424866,715.1484985351562,501.514892578125,0.9948305487632751,757.0711669921875,717.2258911132812,0.999815046787262,695.1473388671875,595.876708984375,0.9970948696136475,783.3170776367188,557.8699340820312,0.8532570600509644,912.7453002929688,422.8005065917969,0.8998540639877319,936.2489013671875,343.9985656738281,0.9670497179031372,942.9464721679688,322.50897216796875,0.9488635063171387,965.0381469726562,176.2351531982422,0.8510245680809021,999.141357421875,297.7110290527344,0.9176760315895081,916.0969848632812,279.7834777832031,0.9871345162391663,1001.0927124023438,102.50919342041016,0.1270032525062561,897.875244140625,191.35626220703125,0.9973862767219543,846.1458740234375,125.49880981445312,0.0766325518488884,726.7177734375,241.00425720214844,0.9657756090164185,615.24609375,222.3358917236328,0.18758156895637512
2817,82.56715393066406,114.60099029541016,0.999969482421875,994.566162109375,85.42927551269531,0.9932604432106018,89.06779479980469,1029.0299072265625,0.9997909665107727,1020.4302978515625,1022.6561889648438,0.9992738366127014,337.24395751953125,498.9749755859375,0.9992140531539917,333.3320617675781,610.2246704101562,0.999125063419342,277.4931945800781,554.0606079101562,0.9983296990394592,387.188720703125,556.783203125,0.9953963160514832,717.9160766601562,500.0088195800781,0.9921633005142212,757.1053466796875,717.4849853515625,0.9997788071632385,695.3742065429688,596.4010009765625,0.9967837333679199,780.8973388671875,558.0425415039062,0.9681736826896667,885.5924682617188,471.5339660644531,0.9952943921089172,919.7551879882812,408.2604675292969,0.9935235977172852,924.1726684570312,387.5616149902344,0.9054867029190063,945.4848022460938,208.62307739257812,0.9908639788627625,979.2345581054688,360.1899719238281,0.9329043626785278,898.05078125,323.7690124511719,0.9865986108779907,966.6026000976562,104.2491226196289,0.20883479714393616,865.023193359375,191.36004638671875,0.9954032897949219,841.3932495117188,102.83525848388672,0.6739072799682617,749.7154541015625,192.04603576660156,0.6115761399269104,680.1148071289062,223.96560668945312,0.9165114164352417
2818,83.28355407714844,114.12606811523438,0.9999340772628784,994.4610595703125,85.10721588134766,0.9998724460601807,87.75057220458984,1029.7410888671875,0.999778687953949,1020.4719848632812,1022.6608276367188,0.9994428753852844,338.2962951660156,498.36248779296875,0.999165415763855,333.2419738769531,611.2040405273438,0.998877227306366,277.9951171875,555.1435546875,0.9980176687240601,387.6868896484375,558.5225830078125,0.9952855706214905,713.7706909179688,501.5910339355469,0.9864643812179565,758.0455322265625,716.8430786132812,0.9997861981391907,695.7138671875,594.787353515625,0.9913859367370605,782.80615234375,552.3597412109375,0.9330580234527588,871.7171020507812,510.013671875,0.9642653465270996,901.0090942382812,451.7168273925781,0.9961745738983154,905.839599609375,433.2992248535156,0.9640553593635559,934.4541625976562,254.8701171875,0.9958775043487549,968.7119750976562,391.6426696777344,0.9703734517097473,874.0020141601562,373.55645751953125,0.9911004900932312,961.2755737304688,148.03334045410156,0.09487259387969971,862.6114501953125,215.41317749023438,0.9784353971481323,860.4797973632812,112.52294158935547,0.7809536457061768,808.9214477539062,536.4656982421875,0.17022152245044708,737.0171508789062,127.55319213867188,0.7943938970565796
2819,82.3286361694336,115.58525848388672,0.9999384880065918,996.94482421875,86.39494323730469,0.9995743632316589,89.20286560058594,1029.063720703125,0.9998313188552856,1020.3193359375,1023.2055053710938,0.9994764924049377,338.2002868652344,498.39642333984375,0.9992465972900391,332.6054382324219,610.51708984375,0.9991590976715088,277.765380859375,555.4301147460938,0.9979738593101501,387.4356384277344,558.9386596679688,0.9967171549797058,711.58056640625,501.8834533691406,0.9955779314041138,758.4020385742188,717.35546875,0.9996840953826904,695.9046020507812,598.9492797851562,0.994572103023529,781.3507080078125,565.0912475585938,0.6892784833908081,804.98681640625,534.551513671875,0.9049873948097229,873.1351928710938,479.5849609375,0.9790012240409851,887.068115234375,459.769287109375,0.9724979996681213,922.4960327148438,313.64007568359375,0.9005052447319031,939.52978515625,441.2936096191406,0.9890981912612915,846.9297485351562,404.1756591796875,0.9270549416542053,976.8909912109375,216.63780212402344,0.9245147109031677,857.922607421875,243.6538543701172,0.9950504899024963,872.28662109375,156.2088623046875,0.9897462129592896,719.35888671875,125.61101531982422,0.5153939723968506,669.1807250976562,133.38088989257812,0.9515092968940735
2820,82.29873657226562,115.05448913574219,0.9998505115509033,992.7365112304688,84.8943862915039,0.999882698059082,89.13538360595703,1029.39404296875,0.9996647834777832,1020.1775512695312,1023.229248046875,0.9995941519737244,338.0826110839844,498.6585388183594,0.9991346001625061,333.1436462402344,610.9970703125,0.9989542961120605,277.4139709472656,554.4680786132812,0.998175859451294,387.0780944824219,559.1893920898438,0.9965314269065857,706.1091918945312,503.3553771972656,0.9909626841545105,757.69384765625,718.388916015625,0.9993877410888672,691.5772705078125,596.57421875,0.9958458542823792,772.441650390625,585.2744750976562,0.32479938864707947,783.1296997070312,533.6614990234375,0.9824939370155334,832.1964111328125,494.9483642578125,0.9433788657188416,843.7431640625,474.4193115234375,0.7944329380989075,905.8700561523438,355.62646484375,0.8998451828956604,912.58837890625,458.2326354980469,0.9906856417655945,821.2681274414062,413.0711669921875,0.9696263670921326,976.6036376953125,291.3631286621094,0.9441064596176147,865.7571411132812,283.01727294921875,0.9095333814620972,900.381591796875,190.57809448242188,0.8180980682373047,821.0819091796875,134.1057891845703,0.8960411548614502,688.0472412109375,131.162353515625,0.907738447189331
2821,83.04295349121094,115.43515014648438,0.9998712539672852,997.0708618164062,83.986572265625,0.9999483823776245,88.3650131225586,1030.9173583984375,0.9996139407157898,1018.504638671875,1023.0471801757812,0.9985523819923401,338.64996337890625,498.47509765625,0.9984203577041626,332.16375732421875,610.6755981445312,0.9991287589073181,277.43780517578125,553.7105102539062,0.9970807433128357,386.742919921875,558.8487548828125,0.9955547451972961,696.2067260742188,505.57110595703125,0.9975643157958984,756.9684448242188,716.6790161132812,0.9997449517250061,681.6065673828125,596.48974609375,0.9926602840423584,769.8489990234375,593.0134887695312,0.6712387800216675,768.9119873046875,532.2994384765625,0.99959796667099,814.0516967773438,486.03741455078125,0.9581418037414551,830.3162841796875,465.0130920410156,0.973244309425354,888.6319580078125,359.8699035644531,0.807549238204956,890.2410278320312,467.3482360839844,0.7726238965988159,803.9109497070312,409.0088806152344,0.9807300567626953,802.6259155273438,401.31951904296875,0.6855108737945557,855.9271850585938,292.2316589355469,0.5767052173614502,921.489990234375,234.73336791992188,0.4913616180419922,929.718994140625,187.7942352294922,0.5675665140151978,883.3112182617188,147.20684814453125,0.23813174664974213
2822,82.95577239990234,115.7553482055664,0.9996323585510254,995.626953125,85.3226547241211,0.9997612833976746,90.25591278076172,1029.1495361328125,0.9998548030853271,1021.9146728515625,1022.18017578125,0.9981231093406677,338.9833068847656,498.4996032714844,0.9993858337402344,331.60009765625,609.5048217773438,0.9982183575630188,277.6714172363281,554.6647338867188,0.995721697807312,386.5278625488281,559.9210205078125,0.9939888715744019,700.4107666015625,505.7922058105469,0.9920543432235718,756.01953125,717.3416137695312,0.9993607401847839,680.03759765625,594.1532592773438,0.9964428544044495,773.7332153320312,590.0672607421875,0.574563205242157,750.0853271484375,532.9423217773438,0.9735822081565857,802.3372802734375,488.9483947753906,0.9935249090194702,817.9786376953125,464.4757080078125,0.9832354784011841,885.4968872070312,347.2051696777344,0.9726505279541016,883.7112426757812,465.7282409667969,0.7974901795387268,795.9841918945312,406.8104248046875,0.9963991641998291,955.634521484375,317.9024658203125,0.9080623984336853,838.7698974609375,298.5596923828125,0.9626409411430359,913.7918090820312,240.91099548339844,0.9259212613105774,894.3807373046875,121.00779724121094,0.8859183192253113,743.1810913085938,99.49937438964844,0.16863034665584564
2823,83.67090606689453,113.48992156982422,0.9997914433479309,996.7965087890625,85.60723114013672,0.9999277591705322,90.20066833496094,1029.6649169921875,0.9997342228889465,1021.312744140625,1022.361328125,0.9984496831893921,338.63775634765625,498.835205078125,0.9991683959960938,332.47210693359375,609.404052734375,0.9979647397994995,277.33453369140625,554.6142578125,0.9979701638221741,387.6015625,557.8948974609375,0.9946203231811523,696.4529418945312,505.4936828613281,0.995374858379364,757.2136840820312,717.5096435546875,0.9995957016944885,680.3729858398438,595.4412231445312,0.9696133732795715,781.1856079101562,602.1267700195312,0.8110103607177734,745.8021850585938,533.05078125,0.8377600908279419,797.8999633789062,488.9391784667969,0.9919679760932922,816.7498168945312,463.3241271972656,0.9722041487693787,880.5595703125,346.3970947265625,0.9293006062507629,877.7473754882812,473.20855712890625,0.9115130305290222,793.2965698242188,410.7220764160156,0.9971008896827698,952.5936889648438,333.34600830078125,0.7780008316040039,839.6018676757812,300.2364501953125,0.9071042537689209,914.3636474609375,241.2403106689453,0.9636886715888977,905.2351684570312,140.41607666015625,0.9622243046760559,753.2979125976562,96.48773193359375,0.12322425097227097
2824,82.70956420898438,113.94020080566406,0.9998288154602051,994.9485473632812,82.29246520996094,0.9998399019241333,89.51289367675781,1030.0555419921875,0.9997439980506897,1021.5816650390625,1022.7268676757812,0.999060332775116,336.8624267578125,498.0514221191406,0.9989342093467712,334.2653503417969,610.3701782226562,0.9992097616195679,276.5668029785156,556.4581298828125,0.9926342368125916,388.2778625488281,559.937255859375,0.9975900650024414,694.9721069335938,505.6495361328125,0.995119571685791,757.2772216796875,716.1348266601562,0.9996874332427979,680.6553344726562,597.9112548828125,0.9879088997840881,779.7462158203125,593.192626953125,0.7383794784545898,746.2833251953125,530.4327392578125,0.9903501272201538,799.9293212890625,483.4448547363281,0.98682701587677,817.3024291992188,460.216552734375,0.9733249545097351,879.2899169921875,349.18218994140625,0.9560245871543884,880.2757568359375,463.9023132324219,0.8699982762336731,793.2073364257812,409.4739685058594,0.9964063763618469,950.1573486328125,342.7385559082031,0.9297254681587219,842.9960327148438,300.9552307128906,0.9534544944763184,918.2933349609375,235.3791961669922,0.9972583055496216,896.4306640625,128.01296997070312,0.9660913348197937,753.1062622070312,95.07428741455078,0.9962272644042969
2825,82.80836486816406,113.93461608886719,0.9997593760490417,997.44580078125,81.81222534179688,0.9998321533203125,89.35789489746094,1028.3648681640625,0.9998195767402649,1021.8352661132812,1022.6904296875,0.9987106323242188,336.9393310546875,497.9099426269531,0.9989768266677856,332.62030029296875,609.6754760742188,0.9986912608146667,276.15338134765625,555.8759155273438,0.9953874945640564,387.17242431640625,559.3751831054688,0.997241735458374,693.2661743164062,505.77374267578125,0.9886237382888794,756.3796997070312,714.98583984375,0.9997757077217102,681.623779296875,599.4000244140625,0.9841054081916809,781.629638671875,595.4060668945312,0.15516309440135956,738.843505859375,532.1737670898438,0.7446673512458801,799.9285278320312,484.1480712890625,0.9983096122741699,817.69873046875,460.455078125,0.9782266020774841,878.1828002929688,346.80609130859375,0.9457973837852478,877.4667358398438,467.5296325683594,0.8443082571029663,791.556884765625,406.8463134765625,0.9969455599784851,953.3157348632812,341.0957336425781,0.9870791435241699,846.1490478515625,298.92425537109375,0.8832436203956604,921.975830078125,234.7332305908203,0.9956647753715515,890.58349609375,122.2724838256836,0.992531955242157,747.5953369140625,99.04885864257812,0.9779175519943237
2826,82.10591125488281,114.94169616699219,0.9997901320457458,995.6204833984375,83.33148956298828,0.9998610019683838,90.15717315673828,1030.01953125,0.9997819066047668,1021.780029296875,1021.6503295898438,0.9990792274475098,338.3314208984375,497.9764099121094,0.9992732405662537,332.71209716796875,609.6470947265625,0.9989344477653503,275.39697265625,555.2283935546875,0.9954066276550293,387.582275390625,559.3873901367188,0.9964693784713745,696.6239624023438,505.013671875,0.9961254000663757,756.0120849609375,713.4213256835938,0.9995597004890442,683.64404296875,596.8757934570312,0.9825981259346008,770.1278076171875,584.599853515625,0.1556146889925003,754.5403442382812,532.9466552734375,0.7917821407318115,804.7739868164062,479.8744812011719,0.9977372884750366,819.749755859375,451.41796875,0.9898428320884705,872.8607788085938,349.02703857421875,0.9840735197067261,879.8431396484375,461.6646728515625,0.9068953394889832,790.3295288085938,407.4263916015625,0.998618483543396,949.9365844726562,339.97979736328125,0.975360095500946,833.6073608398438,301.91357421875,0.9245855212211609,920.2991333007812,236.2597198486328,0.9956910014152527,892.9213256835938,126.59369659423828,0.9802519679069519,748.0986328125,95.65863800048828,0.9959903359413147
2827,82.75920867919922,115.4932632446289,0.9999246597290039,997.0519409179688,82.93302917480469,0.9998747110366821,89.13893127441406,1029.6639404296875,0.9997329115867615,1019.0559692382812,1024.1583251953125,0.9990338087081909,338.9617614746094,498.07684326171875,0.9989282488822937,332.37884521484375,610.3082275390625,0.9994162321090698,276.2232360839844,554.4547729492188,0.9960171580314636,387.6511535644531,560.3578491210938,0.9948877692222595,696.689208984375,505.8397521972656,0.993313729763031,756.2732543945312,713.4193725585938,0.9995865225791931,682.8628540039062,595.3071899414062,0.986824095249176,769.9662475585938,578.7342529296875,0.397289901971817,798.693603515625,540.3948974609375,0.9907644987106323,820.4649047851562,491.7593078613281,0.7667571306228638,832.8126220703125,464.72637939453125,0.8293454647064209,873.1367797851562,349.01904296875,0.9670253992080688,886.5699462890625,465.5234680175781,0.8968743085861206,793.8616333007812,414.30194091796875,0.9463322758674622,953.1732788085938,337.8360290527344,0.9534990191459656,837.004638671875,303.03631591796875,0.8259247541427612,914.942626953125,240.77001953125,0.9976669549942017,890.8605346679688,123.37718963623047,0.9894967079162598,747.4528198242188,98.86508178710938,0.9842948913574219
2828,83.24684143066406,115.13999938964844,0.9999442100524902,997.014892578125,81.30506134033203,0.9998019337654114,89.53211975097656,1029.7388916015625,0.9997982382774353,1020.4381103515625,1023.3504028320312,0.9990881681442261,338.8544921875,498.3457946777344,0.9992591738700867,332.99853515625,609.7469482421875,0.9992656111717224,276.5201416015625,554.0883178710938,0.996675968170166,386.74139404296875,559.400634765625,0.9955547451972961,696.6769409179688,506.3482971191406,0.9977265000343323,756.42041015625,715.1072387695312,0.9997856020927429,684.1019287109375,596.6163330078125,0.9926062822341919,770.8157958984375,579.88427734375,0.9599990248680115,803.909423828125,537.1134033203125,0.8247787952423096,798.2927856445312,479.85943603515625,0.7944583892822266,845.6575927734375,471.42230224609375,0.8626675009727478,882.5890502929688,338.18975830078125,0.9927634596824646,885.5997924804688,463.9957580566406,0.877822995185852,794.3214111328125,407.21240234375,0.987785816192627,957.1143798828125,331.6362609863281,0.8846380114555359,832.4928588867188,302.7588195800781,0.76734459400177,923.955078125,235.81239318847656,0.99854576587677,896.939453125,128.15350341796875,0.996231734752655,747.0053100585938,96.96774291992188,0.9228781461715698
2829,83.75481414794922,115.47059631347656,0.9999107122421265,998.1578979492188,80.8586196899414,0.9997084736824036,89.08228302001953,1028.3975830078125,0.9997983574867249,1021.376953125,1022.212646484375,0.9993182420730591,337.6417541503906,498.856201171875,0.9993324875831604,333.0511779785156,609.1748046875,0.9992345571517944,276.95281982421875,554.7340087890625,0.9970270991325378,387.00726318359375,558.651123046875,0.9965938925743103,698.3945922851562,505.3601379394531,0.9966992735862732,755.8133544921875,715.7454223632812,0.9998196959495544,684.1318969726562,594.6334838867188,0.9945249557495117,772.4684448242188,570.8287353515625,0.9653226137161255,792.0570068359375,534.3923950195312,0.7611965537071228,803.9573974609375,478.331787109375,0.7532665133476257,852.9298095703125,462.411376953125,0.46111470460891724,888.6823120117188,334.7781982421875,0.9947510361671448,887.5491943359375,465.68475341796875,0.46662721037864685,803.8578491210938,402.32818603515625,0.9726626873016357,964.131103515625,320.11187744140625,0.9406064748764038,837.6251220703125,291.0077819824219,0.9956684112548828,931.319580078125,230.75204467773438,0.9978316426277161,907.0206909179688,140.0770263671875,0.9860849380493164,744.3424682617188,97.24120330810547,0.9875590205192566
2830,83.13203430175781,114.74614715576172,0.9999006986618042,997.4217529296875,83.58165740966797,0.9997835755348206,89.8447036743164,1029.2183837890625,0.9998030066490173,1019.4228515625,1022.9383544921875,0.9995393753051758,338.4256286621094,499.06005859375,0.9995529055595398,332.9118347167969,609.530517578125,0.9990185499191284,277.7513427734375,554.4146118164062,0.9972701668739319,386.4732666015625,558.0978393554688,0.995590329170227,701.8652954101562,502.59088134765625,0.9939312934875488,757.960693359375,716.40576171875,0.9997914433479309,685.849853515625,595.12939453125,0.9929307699203491,779.0259399414062,573.4736938476562,0.948586642742157,805.7437744140625,524.6819458007812,0.21478289365768433,849.52783203125,487.3619689941406,0.8127254247665405,864.0242309570312,460.7275390625,0.9946757555007935,885.6329345703125,339.02459716796875,0.9902322292327881,905.6627197265625,445.1734313964844,0.8580000400543213,810.638916015625,414.9869384765625,0.9772970676422119,960.728515625,317.60748291015625,0.8631129860877991,833.9437255859375,293.45196533203125,0.9738277792930603,929.6602172851562,233.28549194335938,0.9784637093544006,898.7391967773438,129.84512329101562,0.9725050926208496,749.2732543945312,99.31183624267578,0.8870949745178223
2831,83.64986419677734,114.11756896972656,0.999950647354126,997.9287109375,84.13249206542969,0.9999206066131592,90.16372680664062,1027.877685546875,0.99986732006073,1021.4002075195312,1022.0582885742188,0.9984925985336304,337.1694641113281,498.3106384277344,0.9993436932563782,333.7623596191406,610.0455932617188,0.9993124008178711,277.1789855957031,555.0227661132812,0.9971210360527039,386.0129089355469,558.2778930664062,0.9945546388626099,701.5498046875,503.96478271484375,0.9885753989219666,756.9542236328125,717.1941528320312,0.9998797178268433,689.212158203125,599.7113037109375,0.995092511177063,775.1842041015625,577.0803833007812,0.9596772789955139,824.3421020507812,542.0028686523438,0.9684006571769714,856.3098754882812,499.2781982421875,0.819529116153717,863.069091796875,471.90228271484375,0.9970719814300537,880.6698608398438,343.6873779296875,0.9867773652076721,908.1713256835938,450.6805725097656,0.9702041149139404,802.421875,423.5199890136719,0.9898626804351807,956.9197387695312,323.7772521972656,0.7735468149185181,835.5265502929688,295.14776611328125,0.9768522381782532,927.3280029296875,238.16908264160156,0.9965993762016296,908.4907836914062,138.840576171875,0.9827473759651184,762.582763671875,93.55824279785156,0.1827709972858429
2832,83.56440734863281,114.14445495605469,0.9999499320983887,997.82275390625,84.59671783447266,0.9999098777770996,90.09407806396484,1028.6524658203125,0.9998936653137207,1022.2891235351562,1022.7882080078125,0.9989810585975647,338.8984680175781,498.38482666015625,0.999423623085022,332.3211975097656,609.9248046875,0.9992790818214417,277.4587707519531,553.6769409179688,0.9968109726905823,385.54071044921875,559.2954711914062,0.9965469241142273,703.38427734375,504.0532531738281,0.9823653101921082,755.671142578125,718.5113525390625,0.9998360872268677,688.4366455078125,596.8427124023438,0.9929367899894714,778.769287109375,570.725830078125,0.7790460586547852,821.4066162109375,560.6434326171875,0.9969018697738647,854.3017578125,508.1849060058594,0.9903815388679504,865.513916015625,481.6086730957031,0.9999349117279053,878.1021118164062,355.3239440917969,0.9763708114624023,910.3775024414062,461.25225830078125,0.9944100975990295,802.4476928710938,435.2045593261719,0.9912760257720947,952.39501953125,318.783447265625,0.6723141670227051,832.04296875,301.7271728515625,0.9712985157966614,926.7867431640625,241.2650909423828,0.9892550706863403,894.3804321289062,127.589599609375,0.901509702205658,762.6866455078125,95.19620513916016,0.9559783935546875
2833,83.35480499267578,112.34224700927734,0.99996018409729,999.4992065429688,84.1209716796875,0.9999176263809204,90.05480194091797,1028.6346435546875,0.999876856803894,1021.9713745117188,1022.0950927734375,0.9990394711494446,338.8387451171875,498.958740234375,0.9991200566291809,332.993408203125,609.4570922851562,0.9993864297866821,275.8834228515625,554.8383178710938,0.996422290802002,385.8781433105469,559.1746826171875,0.9940850734710693,704.9010009765625,502.8095703125,0.9953427314758301,753.9505004882812,717.71484375,0.9997959733009338,687.1387939453125,596.0714111328125,0.991309404373169,779.9175415039062,575.6123046875,0.915187656879425,819.9503784179688,573.9032592773438,0.7916324734687805,862.8174438476562,526.08203125,0.9483944773674011,871.1905517578125,502.65740966796875,0.9993689656257629,879.5405883789062,355.44757080078125,0.8809038996696472,914.6495971679688,469.71405029296875,0.9850059151649475,804.1683349609375,445.1978454589844,0.9805163741111755,954.2540283203125,329.14154052734375,0.7894353866577148,835.9609375,302.3210144042969,0.9457268118858337,921.5432739257812,243.69937133789062,0.9983806610107422,884.8576049804688,119.39385986328125,0.957194447517395,757.8623657226562,98.84480285644531,0.7722327709197998
2834,83.20780181884766,113.82051086425781,0.9999692440032959,998.4150390625,82.66047668457031,0.9999189376831055,90.21428680419922,1029.29150390625,0.9998917579650879,1022.3243408203125,1021.9911499023438,0.9984995126724243,337.1290588378906,498.5985107421875,0.9988853335380554,334.36053466796875,609.1492919921875,0.9992855191230774,276.3371276855469,556.008544921875,0.9970139265060425,385.5479431152344,557.980712890625,0.9939543604850769,705.9869384765625,501.51544189453125,0.9715534448623657,755.41064453125,718.1843872070312,0.9998527765274048,687.7981567382812,597.5238647460938,0.9944325089454651,781.7632446289062,564.5650024414062,0.4502413272857666,816.70361328125,561.491943359375,0.8168376088142395,871.9932250976562,535.5152587890625,0.9606110453605652,877.220703125,513.2265625,0.990018367767334,884.3223266601562,361.8491516113281,0.9075946807861328,919.8613891601562,480.94158935546875,0.9776113033294678,819.9913330078125,466.5362854003906,0.9703617095947266,955.2749633789062,327.9342956542969,0.9699457883834839,836.3638305664062,316.9481201171875,0.35208258032798767,928.565185546875,243.95640563964844,0.9963023662567139,900.2886962890625,133.75125122070312,0.9039020538330078,754.1337280273438,96.58432006835938,0.9468830227851868
2835,83.82894897460938,114.09268188476562,0.9999088048934937,998.6054077148438,83.94703674316406,0.9998365640640259,89.50944519042969,1029.1890869140625,0.9998536109924316,1020.9122924804688,1022.8831176757812,0.9993727803230286,337.0279235839844,498.6116943359375,0.9991440773010254,333.4389953613281,608.7704467773438,0.9991239905357361,276.9311828613281,555.535888671875,0.9962283372879028,385.8343200683594,558.0726318359375,0.9918709993362427,705.7039184570312,501.1883544921875,0.9699816703796387,756.2927856445312,717.3594970703125,0.9998314380645752,689.1688842773438,596.2013549804688,0.9970542192459106,781.121826171875,559.0853271484375,0.9587064981460571,852.4179077148438,579.504150390625,0.9907689690589905,873.2759399414062,538.865234375,0.9954473376274109,878.9207153320312,514.0697021484375,0.995391845703125,886.8277587890625,367.33355712890625,0.9942432045936584,920.7069091796875,479.79742431640625,0.9567906260490417,822.320068359375,475.4188232421875,0.9970282912254333,954.5684204101562,335.67364501953125,0.8817945122718811,836.68310546875,320.2426452636719,0.48199665546417236,930.466064453125,244.35464477539062,0.996780514717102,902.3989868164062,139.1611785888672,0.962213933467865,752.6654663085938,100.93046569824219,0.9940786361694336
2836,82.52410888671875,113.1646499633789,0.9999489784240723,999.3438110351562,83.49127197265625,0.9995226860046387,89.58950805664062,1030.1517333984375,0.999804675579071,1020.4224243164062,1023.1892700195312,0.9992786049842834,338.7227478027344,498.5787658691406,0.9994609951972961,333.6929626464844,610.5264892578125,0.9991187453269958,277.1625061035156,555.0550537109375,0.997183084487915,386.9892578125,560.1029663085938,0.9967886209487915,704.4714965820312,502.065673828125,0.9833672046661377,757.112548828125,718.2916259765625,0.999775230884552,689.0771484375,598.4160766601562,0.9972057938575745,783.232421875,566.820556640625,0.9930236339569092,894.7313232421875,594.6953735351562,0.9974465370178223,898.503662109375,550.9456176757812,0.9168463945388794,889.6409912109375,526.4586181640625,0.8083286285400391,887.3850708007812,381.0146789550781,0.9900693297386169,922.1405029296875,476.6898498535156,0.8370487689971924,826.1604614257812,487.6926574707031,0.9832993149757385,958.529052734375,340.6087341308594,0.986021101474762,850.8433227539062,303.22308349609375,0.9540241956710815,935.3995361328125,247.9805908203125,0.9945088028907776,899.3009643554688,139.52374267578125,0.7463241815567017,754.5119018554688,100.20337677001953,0.905123233795166
2837,82.12935638427734,114.88179779052734,0.9999445676803589,997.8836669921875,86.004638671875,0.9997895359992981,90.0926513671875,1030.5302734375,0.9997832179069519,1021.0948486328125,1023.9473266601562,0.9994261264801025,336.07855224609375,498.7471008300781,0.999221920967102,334.2273864746094,609.3630981445312,0.9991886019706726,276.744140625,555.7982788085938,0.9979233741760254,386.6181335449219,557.6480102539062,0.9929854273796082,706.2099609375,502.41534423828125,0.9732752442359924,756.8213500976562,717.9414672851562,0.9997982382774353,689.4197998046875,598.3596801757812,0.9974064230918884,781.9530639648438,562.2369384765625,0.9651376605033875,888.9737548828125,610.7384643554688,0.999883770942688,909.2744140625,563.958251953125,0.9282938241958618,907.6400146484375,544.1273803710938,0.9877821803092957,892.0562744140625,391.2995910644531,0.9648623466491699,941.2655029296875,504.1119689941406,0.7031532526016235,835.58642578125,496.4169006347656,0.5099582076072693,832.6309814453125,482.9172058105469,0.9937543272972107,854.0947875976562,306.5299072265625,0.8290421962738037,930.5554809570312,260.1824645996094,0.9976123571395874,914.657958984375,159.86424255371094,0.746234118938446,759.3749389648438,97.56314086914062,0.7842637300491333
2838,82.79335021972656,113.44670104980469,0.9999496936798096,997.0789794921875,86.884521484375,0.9999313354492188,90.08928680419922,1029.40087890625,0.9997938275337219,1020.9585571289062,1022.6991577148438,0.9991046786308289,336.9543762207031,498.5443420410156,0.9992929697036743,334.24658203125,609.7788696289062,0.9993871450424194,277.3961486816406,556.0137329101562,0.9974645376205444,387.8408203125,556.697021484375,0.9953258037567139,706.0323486328125,501.82806396484375,0.9955240488052368,756.1233520507812,718.40625,0.9998652935028076,688.0859985351562,597.6210327148438,0.9958757758140564,781.1629638671875,565.2166137695312,0.984038770198822,909.1986694335938,615.7394409179688,0.977674126625061,914.0211791992188,575.0439453125,0.8671634793281555,906.9345092773438,545.2644653320312,0.9579057693481445,897.9389038085938,400.4939270019531,0.9909778833389282,941.0342407226562,508.9628601074219,0.675041139125824,840.890869140625,501.47943115234375,0.7033379673957825,834.4462280273438,487.9666748046875,0.9829875230789185,860.2987060546875,312.8823547363281,0.5868024230003357,927.91015625,257.97503662109375,0.998069703578949,896.235595703125,146.0026397705078,0.9660003781318665,761.9874267578125,95.3838119506836,0.9848560690879822
2839,83.15692901611328,114.59828186035156,0.9999465942382812,997.6126098632812,85.23892974853516,0.9998263716697693,89.53691864013672,1030.2257080078125,0.9997397065162659,1019.9751586914062,1023.2892456054688,0.9990925788879395,336.61749267578125,498.8544616699219,0.9992103576660156,335.2649230957031,609.6630249023438,0.9993672966957092,277.0226135253906,556.56982421875,0.995568573474884,387.5923156738281,556.5955810546875,0.9964022636413574,706.9586181640625,502.4397888183594,0.9906313419342041,754.6685180664062,719.0873413085938,0.9997401833534241,688.89990234375,599.5090942382812,0.9976838827133179,780.3331298828125,567.9312744140625,0.9912980794906616,960.28173828125,632.0540161132812,0.8031893968582153,928.9920654296875,582.7847900390625,0.9134822487831116,920.6322021484375,554.6576538085938,0.9308241605758667,905.7333984375,422.09844970703125,0.9697460532188416,955.8114013671875,514.4132080078125,0.9727134704589844,841.1997680664062,514.5248413085938,0.10576117783784866,960.947021484375,348.7042236328125,0.9984229803085327,846.6609497070312,338.5061340332031,0.9029813408851624,925.0025634765625,275.05413818359375,0.9793500304222107,891.8890991210938,150.9474639892578,0.7500935792922974,755.9700927734375,97.30281066894531,0.9541422724723816
2840,82.84791564941406,115.54102325439453,0.9999707937240601,998.6173095703125,85.11796569824219,0.9998817443847656,89.59053039550781,1029.289306640625,0.9997546076774597,1020.39404296875,1022.8331909179688,0.9981415271759033,337.302490234375,498.70233154296875,0.9993734955787659,333.9132385253906,609.837890625,0.9992940425872803,277.1604919433594,556.5720825195312,0.9966705441474915,386.5488586425781,558.1111450195312,0.9970705509185791,707.4352416992188,502.3883972167969,0.9872504472732544,755.843017578125,719.8133544921875,0.9995310306549072,691.5499267578125,599.53173828125,0.9982471466064453,782.7343139648438,567.8744506835938,0.967067539691925,971.650146484375,633.887451171875,0.9918268918991089,951.246826171875,593.5545654296875,0.8534837365150452,937.293701171875,565.5387573242188,0.7830172777175903,911.751953125,425.2408447265625,0.9731917381286621,969.7802124023438,519.1004028320312,0.9907475709915161,953.57177734375,349.2423400878906,0.17211435735225677,953.7454223632812,346.9572448730469,0.9879742860794067,834.8126220703125,358.7882080078125,0.8535025715827942,903.8226928710938,223.39239501953125,0.5634233951568604,875.251708984375,141.27682495117188,0.9278150796890259,757.1153564453125,98.57398986816406,0.9212350845336914
2841,82.31758880615234,113.23460388183594,0.9999338388442993,995.80615234375,85.12958526611328,0.9996151924133301,89.94550323486328,1029.3326416015625,0.9997844099998474,1021.2613525390625,1023.2697143554688,0.9989804625511169,337.896728515625,499.2728576660156,0.9993724226951599,332.7356872558594,609.135009765625,0.998963475227356,277.3185119628906,555.1484375,0.9971960783004761,386.5021667480469,557.9717407226562,0.9956028461456299,708.139404296875,502.7104797363281,0.9748402833938599,756.9786987304688,719.4199829101562,0.9997053742408752,691.3182373046875,598.9255981445312,0.9974232912063599,780.3612060546875,570.512451171875,0.9702349901199341,977.6549072265625,643.9566040039062,0.9986442923545837,958.92724609375,596.1573486328125,0.9900986552238464,948.6691284179688,575.6407470703125,0.9464825987815857,922.9105834960938,454.82830810546875,0.9830744862556458,981.08349609375,521.456787109375,0.9888365268707275,885.4011840820312,536.8329467773438,0.4317053258419037,947.6696166992188,354.300537109375,0.998446524143219,840.2890625,363.2854309082031,0.9574072360992432,889.0752563476562,285.4867858886719,0.9995680451393127,871.2544555664062,150.0487060546875,0.9540892243385315,756.9714965820312,102.77751159667969,0.9425170421600342
2842,82.5594253540039,114.06681823730469,0.9999059438705444,996.7230834960938,85.30358123779297,0.999937891960144,90.09107208251953,1030.8831787109375,0.9997066855430603,1021.2360229492188,1022.6084594726562,0.9982767105102539,338.14068603515625,498.69500732421875,0.9994722008705139,332.0804443359375,610.9590454101562,0.9991880059242249,277.68017578125,554.3472290039062,0.9984899759292603,387.32452392578125,560.133056640625,0.996273398399353,706.3095703125,504.452392578125,0.9809432625770569,757.3685913085938,718.9834594726562,0.9998216032981873,689.2881469726562,598.1712646484375,0.9976221919059753,780.4996337890625,557.2830810546875,0.9231486916542053,967.0226440429688,642.30517578125,0.9964202642440796,952.5850219726562,597.253662109375,0.9936459064483643,945.980712890625,580.737548828125,0.9958500862121582,915.4373779296875,448.95513916015625,0.983314037322998,979.3889770507812,526.87451171875,0.9761068820953369,884.1093139648438,541.1021728515625,0.8781026005744934,940.8660278320312,355.311767578125,0.9945631623268127,837.2901611328125,391.083984375,0.914442777633667,879.5611572265625,292.5492858886719,0.9995290040969849,869.3375854492188,174.21121215820312,0.9781566858291626,757.4346313476562,99.9205093383789,0.9215112328529358
2843,82.26350402832031,115.39295196533203,0.999640703201294,998.7350463867188,85.4354248046875,0.9998435974121094,90.85249328613281,1029.5968017578125,0.9996333122253418,1021.6494140625,1022.3947143554688,0.9986869692802429,337.4068298339844,498.98431396484375,0.9990054965019226,332.79638671875,609.801025390625,0.9994680285453796,277.52166748046875,554.9700317382812,0.9979314804077148,387.7204895019531,558.5589599609375,0.9908518195152283,706.6765747070312,502.8142395019531,0.9795249700546265,755.9693603515625,719.048828125,0.9997480511665344,689.0477905273438,598.951904296875,0.997368574142456,780.5120239257812,562.6310424804688,0.9344505071640015,967.6177978515625,644.8294067382812,0.9992376565933228,951.9658203125,600.3310546875,0.9971768856048584,943.611572265625,582.3485107421875,0.9912979602813721,913.5834350585938,449.39129638671875,0.9309354424476624,974.0830688476562,531.0169677734375,0.9899550676345825,887.4108276367188,550.8674926757812,0.5823410153388977,944.43359375,361.7100524902344,0.9936944842338562,838.93310546875,372.7271423339844,0.9799355268478394,880.7734985351562,291.80584716796875,0.9995150566101074,865.8695068359375,170.01663208007812,0.9604557752609253,750.5390014648438,100.99784088134766,0.9987865090370178
2844,81.63479614257812,114.55804443359375,0.999946117401123,996.4513549804688,85.30103302001953,0.9999163150787354,89.70694732666016,1029.71337890625,0.9997263550758362,1020.7447509765625,1023.139892578125,0.9987378716468811,336.3841552734375,498.74114990234375,0.9991975426673889,334.1267395019531,610.6085205078125,0.9992170333862305,277.4018249511719,556.2097778320312,0.9972819089889526,386.7332763671875,557.457763671875,0.9934451580047607,707.4170532226562,501.73956298828125,0.9823012351989746,756.6817016601562,719.864013671875,0.9997958540916443,689.4977416992188,598.5114135742188,0.9984403252601624,781.880126953125,568.4714965820312,0.8430057168006897,965.2111206054688,642.8272094726562,0.9997437596321106,952.4346313476562,597.85009765625,0.9936512112617493,944.1805419921875,580.7593994140625,0.9906086921691895,914.0923461914062,450.85150146484375,0.9545443058013916,974.6083374023438,531.2632446289062,0.9880306124687195,887.190673828125,550.267822265625,0.35075142979621887,941.7481079101562,360.3575134277344,0.9955305457115173,838.9662475585938,378.3240966796875,0.9596385955810547,880.6583862304688,290.8961486816406,0.9996378421783447,864.729736328125,172.9709014892578,0.9580564498901367,748.1728515625,103.03690338134766,0.9143779873847961
2845,82.98527526855469,115.6993179321289,0.9998307228088379,998.2256469726562,85.65542602539062,0.9999105930328369,90.1294174194336,1030.309326171875,0.9998282194137573,1020.0241088867188,1022.2902221679688,0.998863935470581,337.4881896972656,498.94085693359375,0.9991565942764282,332.21014404296875,609.0201416015625,0.9994378685951233,277.33331298828125,554.0261840820312,0.9981303811073303,386.7392578125,558.524658203125,0.9965397119522095,705.766357421875,502.4706115722656,0.9916942715644836,756.7894287109375,719.4434814453125,0.9995465874671936,688.8416137695312,600.7327270507812,0.996914267539978,779.8351440429688,561.9622802734375,0.986112654209137,965.041259765625,636.0916748046875,0.9411466121673584,951.2906494140625,607.3270874023438,0.9918088316917419,947.5864868164062,592.4549560546875,0.9982640147209167,913.0638427734375,458.84503173828125,0.8383241891860962,972.0060424804688,531.0536499023438,0.9873592257499695,887.4321899414062,557.1881103515625,0.66145259141922,942.0775146484375,363.33343505859375,0.9903410077095032,841.3751220703125,378.3492736816406,0.9566425085067749,878.1222534179688,295.20208740234375,0.9996715784072876,858.227294921875,154.9701385498047,0.7977762818336487,690.691162109375,117.91082763671875,0.6642260551452637
2846,84.31986999511719,115.42474365234375,0.9998276233673096,998.1182250976562,85.10523223876953,0.9999274015426636,89.77207946777344,1029.668701171875,0.9998846054077148,1021.2135009765625,1022.3418579101562,0.9990671277046204,337.6183776855469,498.4276428222656,0.999383807182312,333.6045227050781,610.2389526367188,0.9991227984428406,277.3705749511719,555.5872192382812,0.9967605471611023,387.80767822265625,559.3980712890625,0.9964973330497742,707.9240112304688,502.9056701660156,0.9813034534454346,756.5259399414062,719.9089965820312,0.9996652603149414,689.8275756835938,599.0225219726562,0.9978329539299011,781.0562744140625,557.5755615234375,0.980911374092102,985.5525512695312,637.1185302734375,0.9945021867752075,955.7316284179688,610.3760986328125,0.9982630610466003,947.5259399414062,592.0653076171875,0.9955763816833496,907.3035888671875,450.1603698730469,0.9843764305114746,970.4801025390625,534.5348510742188,0.9894315004348755,867.4886474609375,549.0276489257812,0.671954870223999,948.5337524414062,373.6049499511719,0.9924184083938599,831.8675537109375,395.7629089355469,0.8909431099891663,880.0254516601562,296.3369445800781,0.9992037415504456,862.7508544921875,177.09803771972656,0.8483973145484924,748.0694580078125,104.02194213867188,0.9892579913139343
2847,83.91755676269531,113.74588012695312,0.9998964071273804,997.1126708984375,83.20246124267578,0.9998893737792969,90.0080795288086,1029.731689453125,0.9997609257698059,1020.1956176757812,1021.0426635742188,0.9990584254264832,336.8756103515625,498.7016296386719,0.999491810798645,334.4582214355469,610.713134765625,0.9993194341659546,276.8074951171875,557.3175048828125,0.9951359629631042,388.00335693359375,558.0335083007812,0.9961231350898743,705.7467651367188,501.8974609375,0.9617205858230591,757.7017211914062,719.3106079101562,0.9996161460876465,688.3380737304688,597.7288208007812,0.9971643090248108,781.92333984375,549.7839965820312,0.8548850417137146,979.9676513671875,630.3383178710938,0.9937252402305603,957.35400390625,609.1549682617188,0.9965189695358276,951.0313720703125,592.5774536132812,0.9883003234863281,907.4796752929688,454.2572021484375,0.929654598236084,974.1712036132812,535.2310180664062,0.9896719455718994,879.763916015625,572.1392822265625,0.5442276000976562,945.9843139648438,374.60406494140625,0.9977228045463562,836.1765747070312,379.11669921875,0.841354489326477,881.4952392578125,300.7391662597656,0.9974510073661804,860.3511962890625,181.1657257080078,0.9263696670532227,746.4892578125,104.33760070800781,0.9330736994743347
2848,82.66910552978516,114.7778549194336,0.9998750686645508,998.4384155273438,83.1242446899414,0.9998316764831543,88.82591247558594,1029.6126708984375,0.9993939399719238,1019.672607421875,1022.166748046875,0.9980523586273193,336.4402770996094,498.3879699707031,0.9994165897369385,334.6133117675781,609.9880981445312,0.9994611144065857,277.8920593261719,557.0324096679688,0.9982389211654663,388.2242126464844,555.7853393554688,0.9949960708618164,705.76953125,501.6708984375,0.9839194416999817,757.125732421875,720.256591796875,0.9996951818466187,689.7269287109375,594.966796875,0.9971798658370972,781.1832885742188,555.6241455078125,0.9456304311752319,984.6276245117188,632.5396728515625,0.9474478960037231,957.6357421875,608.989501953125,0.9971112012863159,948.8504638671875,593.0784301757812,0.9878091812133789,907.1197509765625,457.4813537597656,0.9581364393234253,973.6941528320312,530.1383056640625,0.9934840798377991,876.5955200195312,569.8277587890625,0.9283081293106079,946.5078735351562,383.8753967285156,0.9992356300354004,831.9178466796875,393.5472412109375,0.9751890897750854,881.664306640625,305.3148193359375,0.9979478716850281,859.7152709960938,181.50457763671875,0.9356779456138611,761.7071533203125,98.59571075439453,0.5750061869621277
2849,84.27230834960938,113.38214111328125,0.9998185038566589,997.0589599609375,87.49445343017578,0.9997817873954773,88.93386840820312,1029.7655029296875,0.9997319579124451,1020.2222290039062,1023.1409301757812,0.9985005855560303,335.30633544921875,498.7552795410156,0.9991540908813477,335.3100891113281,610.2548828125,0.9993477463722229,277.7796630859375,556.4961547851562,0.9986109733581543,388.3881530761719,554.514892578125,0.9954937696456909,709.6083984375,499.8945617675781,0.9808667898178101,758.3902587890625,719.2733154296875,0.9993244409561157,690.4981689453125,597.5542602539062,0.9972537159919739,783.90966796875,555.0481567382812,0.8861160278320312,988.2295532226562,637.65234375,0.9910078644752502,960.3546142578125,609.8301391601562,0.9988522529602051,952.6321411132812,593.2408447265625,0.9912627935409546,910.8253173828125,462.56402587890625,0.9604020714759827,979.467041015625,537.0872802734375,0.9934999346733093,878.6552734375,575.11865234375,0.9530717730522156,957.204833984375,384.1233215332031,0.9975422620773315,830.369873046875,398.7178039550781,0.9805563688278198,882.9152221679688,305.779541015625,0.9977053999900818,856.98681640625,179.29721069335938,0.749421238899231,756.461669921875,105.41035461425781,0.7259294390678406
2850,84.99016571044922,114.03601837158203,0.9998052716255188,996.5906372070312,84.66802978515625,0.9999501705169678,90.31255340576172,1031.655517578125,0.9995501637458801,1020.38134765625,1022.6072387695312,0.9988453388214111,334.9795837402344,498.2698669433594,0.9989066123962402,335.2054443359375,608.9758911132812,0.9991160035133362,277.6155090332031,557.0873413085938,0.9975537657737732,387.76171875,554.313720703125,0.9950788021087646,704.9549560546875,501.8970642089844,0.9759907126426697,757.7198486328125,718.143310546875,0.9996060729026794,686.66650390625,594.4087524414062,0.9902175068855286,782.3212280273438,555.8604736328125,0.8631119132041931,992.2891235351562,645.300048828125,0.9533330202102661,968.3009033203125,612.3876953125,0.9977434873580933,959.9613647460938,596.3681640625,0.9967895150184631,916.5249633789062,467.87335205078125,0.993910551071167,983.1513061523438,542.437255859375,0.9628859162330627,887.8461303710938,576.5767822265625,0.9532181024551392,965.526611328125,397.6757507324219,0.914402425289154,837.6450805664062,400.6424865722656,0.9964260458946228,887.717041015625,323.9656677246094,0.9951425790786743,861.1265869140625,205.72837829589844,0.9117275476455688,766.5701904296875,97.5872802734375,0.9951993823051453
2851,84.05364990234375,117.37327575683594,0.9998596906661987,1000.5650634765625,82.61724853515625,0.9997703433036804,90.30345153808594,1031.0667724609375,0.9996775388717651,1018.0844116210938,1025.392578125,0.9991625547409058,337.7965393066406,498.3149108886719,0.9992184638977051,332.92498779296875,609.9042358398438,0.9989081621170044,278.2341003417969,557.0302124023438,0.9980891346931458,387.039794921875,557.447998046875,0.990678071975708,707.7456665039062,500.8964538574219,0.9874671101570129,757.2376708984375,718.1524658203125,0.9998227953910828,688.3506469726562,595.3990478515625,0.9983854293823242,780.51220703125,566.1326293945312,0.7931373715400696,999.9846801757812,645.7771606445312,0.9670825004577637,973.86474609375,609.6611328125,0.9930070638656616,963.3358154296875,591.2438354492188,0.9833213090896606,927.6537475585938,471.8863220214844,0.9939665794372559,992.5265502929688,539.5472412109375,0.9635560512542725,897.0569458007812,575.100341796875,0.9653077125549316,958.55322265625,386.7560119628906,0.9895436763763428,838.8790283203125,418.4411315917969,0.9422211647033691,896.727294921875,333.8777160644531,0.9949104189872742,865.3443603515625,213.05296325683594,0.9932838678359985,756.0838012695312,97.06307220458984,0.8554859757423401
2852,83.12376403808594,115.59078216552734,0.9998549222946167,997.5308227539062,84.19149780273438,0.9999072551727295,90.03892517089844,1031.807373046875,0.9997385144233704,1019.8118286132812,1022.4776000976562,0.9993281364440918,337.24053955078125,498.43731689453125,0.9992191791534424,332.6761779785156,609.8720703125,0.9988131523132324,276.9817810058594,555.5595092773438,0.9972932934761047,386.9254455566406,557.52001953125,0.9942123293876648,707.3429565429688,500.9830322265625,0.9926244616508484,755.6270751953125,717.9756469726562,0.9998663663864136,687.407958984375,594.7839965820312,0.9987643957138062,779.5384521484375,564.9757080078125,0.9677839279174805,996.8958129882812,647.1727905273438,0.9707731604576111,978.7529296875,618.1892700195312,0.994766116142273,968.8836669921875,597.3326416015625,0.9733580350875854,935.1275634765625,466.6112060546875,0.9982736110687256,1001.0722045898438,546.447021484375,0.9860025644302368,908.090087890625,572.7163696289062,0.9349498152732849,970.5724487304688,388.78253173828125,0.9826837182044983,839.3823852539062,415.0738220214844,0.9829390048980713,899.3486328125,338.7413024902344,0.9966025352478027,867.4625854492188,204.81651306152344,0.8329992890357971,759.0076293945312,99.11353302001953,0.9850463271141052
2853,84.47930145263672,115.06700134277344,0.9998490810394287,998.4692993164062,85.57683563232422,0.9998809099197388,88.48301696777344,1030.2470703125,0.9996916055679321,1019.99462890625,1022.6061401367188,0.9992167949676514,339.0536193847656,498.39312744140625,0.9990265369415283,332.3302001953125,610.1495971679688,0.9992412328720093,277.49017333984375,555.1430053710938,0.9936487078666687,387.3589782714844,559.1963500976562,0.9961498975753784,707.46240234375,499.4897766113281,0.9795769453048706,757.830322265625,717.0969848632812,0.9998051524162292,687.83056640625,594.2935180664062,0.9983938336372375,783.6586303710938,562.1942749023438,0.9268129467964172,994.5244750976562,647.67236328125,0.9674232006072998,973.8024291992188,612.3690185546875,0.9955618381500244,967.8270874023438,594.3202514648438,0.9848056435585022,938.567626953125,466.9485168457031,0.9951319694519043,1002.7747802734375,542.8270874023438,0.9913074374198914,912.029296875,570.0718994140625,0.9331103563308716,977.3990478515625,386.5833740234375,0.9791850447654724,849.0646362304688,419.34130859375,0.9790713787078857,902.535888671875,337.6587219238281,0.9964248538017273,870.6965942382812,188.17742919921875,0.6458194255828857,764.5806884765625,95.4465560913086,0.9758288264274597
2854,84.43843841552734,115.5802993774414,0.9999334812164307,996.8612060546875,84.43038177490234,0.9998928308486938,88.55068969726562,1029.6435546875,0.9996664524078369,1021.5701904296875,1022.936279296875,0.9993786811828613,339.3796081542969,498.6575012207031,0.9992774128913879,332.62335205078125,610.4608764648438,0.9992104768753052,278.6788635253906,555.497802734375,0.9945713877677917,387.05316162109375,559.8628540039062,0.9972822666168213,707.3744506835938,502.00177001953125,0.9938656687736511,757.3743896484375,717.6630249023438,0.9998099207878113,687.5549926757812,593.641845703125,0.9978050589561462,780.1461791992188,558.7066040039062,0.9263458251953125,983.74169921875,642.6182861328125,0.9526368975639343,973.0354614257812,603.1841430664062,0.9878804087638855,966.117431640625,587.76171875,0.9904478788375854,939.7405395507812,463.1175842285156,0.9926532506942749,1007.9987182617188,535.5946044921875,0.9932875037193298,906.0352172851562,556.79345703125,0.9289370179176331,983.3512573242188,389.34344482421875,0.9452155232429504,851.470947265625,418.0501403808594,0.9587169885635376,906.6062622070312,337.3458557128906,0.9972285628318787,879.5635986328125,215.75753784179688,0.5620735883712769,767.9376220703125,93.06684112548828,0.976594865322113
2855,83.00698852539062,114.5008316040039,0.9998835325241089,995.6315307617188,84.2813491821289,0.9998675584793091,87.60584259033203,1029.8358154296875,0.9998185038566589,1022.2293701171875,1023.552978515625,0.9992659687995911,340.04608154296875,498.816162109375,0.9992876648902893,332.67388916015625,609.851318359375,0.9993705153465271,277.9234313964844,554.3983764648438,0.9953404664993286,387.767822265625,559.5615844726562,0.9964215755462646,707.4118041992188,501.4038391113281,0.9882420897483826,757.5029907226562,716.4322509765625,0.9998458623886108,686.9444580078125,593.9974365234375,0.9982591271400452,779.2929077148438,555.3712158203125,0.8732496500015259,992.7615966796875,639.0388793945312,0.7571415901184082,976.4810180664062,596.695068359375,0.9964601397514343,968.2973022460938,578.293212890625,0.9918351173400879,937.8206176757812,455.76251220703125,0.9969478249549866,1003.2267456054688,535.5018310546875,0.9948573112487793,902.5360717773438,549.3550415039062,0.8872019648551941,982.7740478515625,385.6836242675781,0.980819046497345,845.1702880859375,415.7081298828125,0.9808182716369629,904.4874267578125,338.0009460449219,0.9981856942176819,878.3478393554688,209.53700256347656,0.5590597987174988,768.362548828125,94.55204772949219,0.7481648921966553
2856,83.03559875488281,114.62391662597656,0.9999324083328247,998.1914672851562,83.4825668334961,0.9998468160629272,87.95215606689453,1029.7667236328125,0.9997438788414001,1021.6925659179688,1024.239990234375,0.999039351940155,340.17572021484375,498.4090881347656,0.9991514682769775,332.98748779296875,609.7413330078125,0.999263346195221,277.7601318359375,554.4465942382812,0.9949449896812439,386.51177978515625,558.655029296875,0.9944325089454651,707.2625732421875,502.7086486816406,0.9780339598655701,756.6904296875,717.5274047851562,0.9998453855514526,686.254638671875,594.725830078125,0.9966036081314087,780.9766845703125,556.70947265625,0.8893333077430725,984.14794921875,613.7801513671875,0.8252494931221008,972.7606811523438,590.95263671875,0.995513379573822,964.8685913085938,577.303955078125,0.9992475509643555,934.2866821289062,456.4638671875,0.9982301592826843,1003.3214721679688,532.854248046875,0.998339056968689,902.0814208984375,545.56640625,0.9055379033088684,976.9234619140625,381.21600341796875,0.9811463356018066,846.5663452148438,406.0418395996094,0.9893808364868164,903.9867553710938,334.6070251464844,0.997750461101532,872.4815063476562,219.00440979003906,0.9494118094444275,767.7498168945312,91.93643188476562,0.8461815118789673
2857,82.75981903076172,115.29254150390625,0.9999268054962158,996.1658325195312,83.38357543945312,0.9998586177825928,87.73528289794922,1030.052978515625,0.9998471736907959,1021.71533203125,1023.4396362304688,0.9986444115638733,339.6465148925781,499.2333984375,0.9994322657585144,332.8131408691406,609.9462890625,0.9993058443069458,278.5391540527344,554.6639404296875,0.9948607087135315,386.4155578613281,559.193359375,0.9914131164550781,706.2295532226562,501.8089904785156,0.9707432389259338,758.3646850585938,716.1070556640625,0.9997599720954895,685.7314453125,594.5948486328125,0.9939255118370056,780.6880493164062,555.7689208984375,0.6800922155380249,969.4202880859375,611.3699340820312,0.7764202952384949,970.649169921875,587.9620971679688,0.9884299039840698,963.1324462890625,575.2141723632812,0.9988996982574463,931.990966796875,452.8466491699219,0.9921634197235107,999.6580200195312,526.28662109375,0.9907534122467041,898.673095703125,545.1076049804688,0.9780734181404114,970.6857299804688,376.5534362792969,0.9506447315216064,845.8911743164062,406.5260925292969,0.9920080900192261,897.299560546875,339.8248596191406,0.9990177154541016,878.14892578125,227.20172119140625,0.9585030674934387,769.4190063476562,96.17097473144531,0.7917272448539734
2858,82.84892272949219,115.96598815917969,0.9999567270278931,995.9446411132812,83.68994140625,0.9998539686203003,88.47028350830078,1029.0159912109375,0.9998773336410522,1021.002685546875,1022.5231323242188,0.998955488204956,339.2051086425781,498.67657470703125,0.9992875456809998,333.9710693359375,609.9873046875,0.9991822838783264,277.80010986328125,555.4129028320312,0.9951081871986389,387.2306823730469,558.4332275390625,0.9942280054092407,709.5017700195312,501.6533203125,0.9842256307601929,756.8831176757812,715.9711303710938,0.9998981952667236,686.5236206054688,594.4534912109375,0.9982142448425293,781.13671875,566.2009887695312,0.6565603017807007,972.611572265625,618.9147338867188,0.937517523765564,966.3289184570312,587.5362548828125,0.9878684282302856,959.7843627929688,575.4929809570312,0.9918035268783569,933.34033203125,451.73162841796875,0.9987743496894836,997.2550659179688,527.9932861328125,0.9970400929450989,892.7254638671875,542.7720947265625,0.9668426513671875,973.3820190429688,378.6880187988281,0.9593430757522583,844.1744384765625,412.5902404785156,0.9943128824234009,901.2914428710938,335.18975830078125,0.9992221593856812,877.6795654296875,215.1612548828125,0.6082603931427002,764.4063110351562,93.85104370117188,0.9697141051292419
2859,82.58009338378906,114.06945037841797,0.999866247177124,996.8208618164062,83.46795654296875,0.9999347925186157,88.66889953613281,1029.4742431640625,0.9998117089271545,1021.56103515625,1023.412841796875,0.9991951584815979,338.8603210449219,498.9752502441406,0.9989933371543884,333.7337646484375,609.69189453125,0.9992456436157227,278.0929870605469,555.572021484375,0.9938836693763733,388.1319274902344,558.6699829101562,0.9943523406982422,709.2061157226562,502.35198974609375,0.9883949756622314,757.3893432617188,716.27783203125,0.9998781681060791,687.6054077148438,596.0368041992188,0.9984464049339294,779.3255004882812,549.1588134765625,0.9450845122337341,969.075927734375,620.5454711914062,0.8485296964645386,961.3203735351562,586.9425659179688,0.9949540495872498,958.2645874023438,576.8274536132812,0.9951990246772766,932.609375,452.5543212890625,0.9960353970527649,997.7494506835938,528.3536987304688,0.9923692941665649,893.3883666992188,541.41650390625,0.9527132511138916,977.890625,383.6836242675781,0.9675150513648987,841.2706909179688,404.8477783203125,0.9933578372001648,900.4144287109375,337.5220031738281,0.9989688396453857,878.1461181640625,215.1609649658203,0.7715505957603455,764.56884765625,93.1446533203125,0.9642630219459534
2860,82.12737274169922,115.41258239746094,0.9998568296432495,996.4207763671875,83.42206573486328,0.9999041557312012,89.87793731689453,1029.7110595703125,0.99983811378479,1019.7293090820312,1023.555908203125,0.9995096921920776,337.3021545410156,498.4285583496094,0.9979629516601562,334.0120544433594,610.3165893554688,0.9989719390869141,277.7320251464844,554.9273071289062,0.9952436089515686,387.753173828125,557.4888305664062,0.9961960315704346,708.7426147460938,501.74761962890625,0.9873440265655518,756.4852294921875,716.2745361328125,0.9998788833618164,687.2609252929688,594.7929077148438,0.9977644681930542,779.9228515625,550.1859741210938,0.9238094091415405,961.5267944335938,608.2316284179688,0.9459925889968872,957.360107421875,584.862060546875,0.9948431253433228,952.8213500976562,572.2315063476562,0.9980364441871643,930.046875,449.8691101074219,0.9966105818748474,994.8951416015625,528.7305297851562,0.944396436214447,891.6517333984375,533.5027465820312,0.8349459171295166,978.3423461914062,384.2123718261719,0.9900195598602295,845.6527709960938,400.62139892578125,0.9906891584396362,904.6889038085938,331.78961181640625,0.9992523789405823,871.5293579101562,197.28123474121094,0.7272318601608276,760.302001953125,92.84866333007812,0.9109945297241211
2861,83.35303497314453,115.34207916259766,0.999913215637207,997.4166870117188,84.1386489868164,0.9998893737792969,89.46650695800781,1029.9910888671875,0.9997323155403137,1023.730224609375,1022.9586791992188,0.9988111257553101,337.11187744140625,498.77081298828125,0.9986819624900818,334.1439514160156,609.65576171875,0.9992231130599976,278.5384216308594,556.00537109375,0.9965255856513977,389.4219665527344,557.1806640625,0.995309054851532,707.2705688476562,501.2033996582031,0.9885948896408081,756.7312622070312,718.2137451171875,0.9998351335525513,686.4525146484375,593.5376586914062,0.9968289732933044,778.6942138671875,548.3307495117188,0.9694627523422241,961.2153930664062,619.4786376953125,0.9960007071495056,955.2857055664062,588.7696533203125,0.9945567846298218,949.5771484375,573.4308471679688,0.9984979629516602,929.62060546875,450.1335144042969,0.9965935349464417,993.5859375,534.9595336914062,0.9864121675491333,888.4091186523438,544.2086181640625,0.9421743750572205,977.2532348632812,383.6734313964844,0.9568661451339722,844.574462890625,402.5685729980469,0.9923473596572876,904.6976318359375,331.0946350097656,0.9990993738174438,877.742919921875,213.94781494140625,0.8475894331932068,759.9312744140625,94.3115005493164,0.8194195032119751
2862,82.98509216308594,115.47412109375,0.9998427629470825,997.4403686523438,84.07860565185547,0.9999418258666992,88.89350128173828,1030.6893310546875,0.9993820190429688,1022.232666015625,1022.7393188476562,0.9979348182678223,337.02642822265625,498.79766845703125,0.9991325736045837,333.87347412109375,609.9273071289062,0.9994620680809021,278.2087707519531,557.4120483398438,0.9966153502464294,386.91229248046875,557.9454956054688,0.9945141077041626,707.4185791015625,500.9657287597656,0.9846100807189941,756.903564453125,717.465087890625,0.999817430973053,687.0178833007812,594.168212890625,0.9980922341346741,780.0929565429688,550.2982788085938,0.9464226961135864,959.0067138671875,621.6702270507812,0.9984604120254517,955.9535522460938,584.1028442382812,0.998150646686554,948.212646484375,571.3544311523438,0.998362123966217,929.02099609375,448.4009094238281,0.9979785084724426,987.3621215820312,529.0049438476562,0.9858036041259766,886.160888671875,542.6134033203125,0.9607486724853516,989.1885986328125,396.3437194824219,0.892601490020752,843.97265625,402.3092346191406,0.9956834316253662,905.1530151367188,333.0556335449219,0.9979922771453857,872.4442138671875,199.4993896484375,0.9806568026542664,757.8272094726562,96.55203247070312,0.9568236470222473
2863,82.42890930175781,114.88964080810547,0.9998525381088257,996.9082641601562,83.64442443847656,0.9998923540115356,87.6927719116211,1029.7406005859375,0.9994986057281494,1020.9199829101562,1023.2166748046875,0.9984763264656067,336.7229919433594,498.9051513671875,0.9990463852882385,333.7091369628906,609.7149047851562,0.9990535378456116,278.29541015625,556.7567749023438,0.9972770810127258,386.63482666015625,557.9609985351562,0.9956480860710144,707.4049072265625,500.91546630859375,0.9908210635185242,756.4276733398438,717.3101196289062,0.9997679591178894,685.8699340820312,592.2040405273438,0.9957684278488159,777.7161865234375,546.8804321289062,0.8987023234367371,954.90380859375,625.03466796875,0.999338686466217,950.8860473632812,587.7833862304688,0.9866481423377991,944.4254760742188,571.8104248046875,0.9931784868240356,929.64306640625,449.4374694824219,0.9960805773735046,985.2797241210938,531.3729248046875,0.9986382126808167,880.8598022460938,531.939208984375,0.9718511700630188,982.2076416015625,386.8858947753906,0.9605270028114319,847.0156860351562,397.8307189941406,0.9917318820953369,905.278564453125,335.0704040527344,0.9988135099411011,872.2723388671875,203.54483032226562,0.8475802540779114,766.1812133789062,92.78312683105469,0.5058374404907227
2864,83.41581726074219,114.07158660888672,0.9998854398727417,997.3889770507812,82.97855377197266,0.9998756647109985,89.4083251953125,1029.9000244140625,0.9998032450675964,1021.1766357421875,1023.6066284179688,0.999022364616394,337.76605224609375,498.72955322265625,0.9990372657775879,333.8299560546875,610.519775390625,0.9994574189186096,277.70660400390625,556.789794921875,0.9966262578964233,387.26702880859375,558.2357177734375,0.996561586856842,707.81689453125,500.53948974609375,0.9783931970596313,756.0407104492188,717.7503051757812,0.999728262424469,687.3421020507812,591.0320434570312,0.9941714406013489,779.772705078125,547.273681640625,0.9113844037055969,953.5713500976562,627.1470947265625,0.9992194175720215,949.4911499023438,582.937255859375,0.9915632009506226,941.7689819335938,566.2335815429688,0.9900671243667603,930.59228515625,450.77349853515625,0.9974058270454407,984.6249389648438,532.05517578125,0.999362051486969,882.7875366210938,542.9053955078125,0.9072949886322021,980.014892578125,387.5927734375,0.8787015676498413,844.9925537109375,402.6287841796875,0.9906139373779297,903.1758422851562,332.7132263183594,0.9996422529220581,876.5760498046875,205.50259399414062,0.6328843832015991,763.5375366210938,96.56305694580078,0.9821197390556335
2865,83.1874008178711,115.27461242675781,0.9998794794082642,998.4849853515625,82.47157287597656,0.9998199343681335,89.80581665039062,1030.5946044921875,0.999743640422821,1021.3118286132812,1024.8143310546875,0.9991251826286316,336.5103759765625,498.9550476074219,0.9988216757774353,334.4641418457031,609.7071533203125,0.9993525147438049,277.9471435546875,557.45556640625,0.9947720170021057,388.4098815917969,557.777587890625,0.9961680769920349,708.2744140625,500.3919372558594,0.9888811707496643,755.81982421875,717.3671875,0.9998431205749512,685.1919555664062,591.3504638671875,0.989544689655304,780.1807861328125,547.066162109375,0.868262529373169,953.4417724609375,622.8408813476562,0.9989160299301147,950.6494750976562,587.1005249023438,0.9853219985961914,938.857421875,562.7465209960938,0.9811857342720032,929.2989501953125,450.9930725097656,0.9966224431991577,987.2976684570312,528.7198486328125,0.9975392818450928,881.7650756835938,543.30517578125,0.9540691375732422,977.6533813476562,390.0057067871094,0.9707993268966675,844.5691528320312,403.37322998046875,0.9740040302276611,904.4431762695312,331.1252136230469,0.9984160661697388,871.9290771484375,211.23178100585938,0.5719018578529358,753.4049072265625,96.55320739746094,0.9703927636146545
2866,83.46533966064453,114.63148498535156,0.9996651411056519,998.4537963867188,84.06871795654297,0.9998902082443237,88.44316864013672,1029.12939453125,0.9998304843902588,1019.8563232421875,1023.7611694335938,0.9993033409118652,337.62091064453125,498.73236083984375,0.9993265867233276,334.5939636230469,610.686767578125,0.9992621541023254,277.8763732910156,557.2057495117188,0.997681736946106,387.86602783203125,558.3572387695312,0.9947576522827148,708.154052734375,501.0283508300781,0.9663892984390259,755.3170166015625,718.7388305664062,0.9996384382247925,688.2977905273438,591.899169921875,0.9948497414588928,778.9172973632812,550.9036254882812,0.9312559962272644,952.7239379882812,616.3764038085938,0.989236056804657,944.144287109375,578.8978881835938,0.9950266480445862,934.7672729492188,560.2183227539062,0.9927760362625122,928.7174072265625,448.3216552734375,0.9954009652137756,984.64453125,527.6846313476562,0.9942183494567871,874.9053955078125,535.774658203125,0.9472209811210632,976.0279541015625,384.9798278808594,0.9713184237480164,844.2408447265625,405.7824401855469,0.9722952842712402,904.4033203125,330.30035400390625,0.9979342222213745,872.6467895507812,198.90794372558594,0.8058000206947327,753.55908203125,93.22562408447266,0.8961496949195862
2867,82.38338470458984,114.38717651367188,0.9999247789382935,999.0869140625,83.62908935546875,0.999872088432312,88.39915466308594,1028.7379150390625,0.9997922778129578,1019.7394409179688,1022.933837890625,0.9986155033111572,337.6743469238281,498.78521728515625,0.9995519518852234,334.2966003417969,610.18115234375,0.9993520379066467,278.1100769042969,555.5453491210938,0.9943919777870178,388.2427978515625,557.0723266601562,0.997448205947876,706.9026489257812,501.85003662109375,0.9763805866241455,756.9781494140625,718.2490844726562,0.9996334314346313,687.8950805664062,594.9653930664062,0.9936376214027405,779.7316284179688,557.476806640625,0.7869660258293152,952.5420532226562,619.6709594726562,0.9986372590065002,946.1408081054688,578.2677001953125,0.9947016835212708,937.39453125,562.885498046875,0.9945802092552185,928.622314453125,447.80523681640625,0.9959672689437866,989.064208984375,527.8953247070312,0.9971086382865906,874.8436279296875,537.7314453125,0.9802236557006836,973.8526000976562,384.0862731933594,0.9693263173103333,842.2328491210938,406.4447937011719,0.9843563437461853,903.73583984375,331.3193664550781,0.9992238283157349,874.21142578125,205.85101318359375,0.8861719965934753,761.8192749023438,99.96328735351562,0.32593339681625366
2868,82.66580200195312,113.94054412841797,0.9998608827590942,997.968017578125,81.5958023071289,0.9998176693916321,88.62698364257812,1030.43603515625,0.9995372295379639,1020.173583984375,1022.8057861328125,0.9987766146659851,337.62872314453125,498.6291809082031,0.9993417859077454,334.4974365234375,610.956787109375,0.9991210103034973,277.5859680175781,555.1682739257812,0.9933584332466125,387.9623107910156,557.6065063476562,0.9959147572517395,708.4893188476562,503.7691345214844,0.8924549221992493,755.7276000976562,716.6011352539062,0.9997835755348206,688.511474609375,594.6257934570312,0.9968738555908203,780.5202026367188,553.9271240234375,0.9083384275436401,953.5044555664062,627.63671875,0.9973564147949219,946.7612915039062,578.1500854492188,0.9975104331970215,935.1369018554688,561.427001953125,0.9965967535972595,927.9964599609375,447.1239013671875,0.9967580437660217,988.1309204101562,529.9229125976562,0.9972387552261353,874.6549072265625,538.7611694335938,0.9709072709083557,977.514404296875,386.80987548828125,0.9068748950958252,846.2155151367188,404.0543212890625,0.9799472093582153,906.4470825195312,330.0783996582031,0.9979682564735413,872.2098999023438,209.51612854003906,0.7716533541679382,756.4342651367188,98.92327117919922,0.8909076452255249
2869,83.28932189941406,116.9142074584961,0.999607264995575,997.2080078125,85.15963745117188,0.999934196472168,88.8558578491211,1031.4500732421875,0.9997257590293884,1018.9481201171875,1022.305908203125,0.9990620017051697,338.05718994140625,498.5467529296875,0.9993510842323303,334.8714599609375,610.7626342773438,0.9990941286087036,277.7763671875,554.6115112304688,0.9935190081596375,387.6688232421875,556.816650390625,0.9930309653282166,705.5367431640625,501.9725036621094,0.9856969118118286,755.494140625,717.7343139648438,0.9997541308403015,688.1903686523438,593.685791015625,0.9967278242111206,780.363037109375,556.069091796875,0.9322753548622131,952.0595092773438,626.5157470703125,0.9926362037658691,946.3978271484375,579.6797485351562,0.9960487484931946,935.9545288085938,562.2508544921875,0.9978787899017334,927.900146484375,448.47998046875,0.9973986148834229,989.9512329101562,533.031494140625,0.9902952909469604,875.17724609375,535.3043212890625,0.9556298851966858,970.5961303710938,384.051513671875,0.9725766777992249,845.1180419921875,413.58111572265625,0.9715008735656738,904.8215942382812,332.8914794921875,0.9979414343833923,874.5806274414062,209.46180725097656,0.8974008560180664,755.7485961914062,105.42024230957031,0.8889232873916626
2870,82.23770904541016,114.39688110351562,0.9999384880065918,997.0560302734375,84.23798370361328,0.9999264478683472,90.35539245605469,1028.694580078125,0.9998050332069397,1018.6004028320312,1023.132080078125,0.9987905621528625,338.97210693359375,498.570556640625,0.9993417859077454,333.44891357421875,610.5791015625,0.9994328618049622,278.3096008300781,554.0458374023438,0.9959141612052917,387.7077941894531,557.810302734375,0.9967145919799805,708.6038208007812,502.8124084472656,0.9872982501983643,758.0466918945312,715.3554077148438,0.9997660517692566,689.97021484375,595.50244140625,0.9987155199050903,782.7680053710938,568.9669799804688,0.9202338457107544,951.5062866210938,626.90673828125,0.9996040463447571,947.9889526367188,578.8681030273438,0.9985178112983704,936.7685546875,559.8427734375,0.9937093257904053,929.0287475585938,447.4390563964844,0.9986121654510498,989.2955932617188,533.4457397460938,0.9961586594581604,873.49609375,534.3557739257812,0.9885573387145996,968.320068359375,381.84765625,0.9110365509986877,846.6434326171875,407.8287353515625,0.9840965270996094,904.3306884765625,332.1532897949219,0.9993784427642822,873.0685424804688,208.81118774414062,0.708757758140564,752.85693359375,99.17337799072266,0.9939075112342834
2871,82.71004486083984,113.49590301513672,0.9998887777328491,997.619384765625,84.55990600585938,0.9998589754104614,88.34150695800781,1029.7918701171875,0.9996646642684937,1019.5509033203125,1023.8375854492188,0.9991666078567505,339.9269714355469,498.87109375,0.9992392063140869,332.8924255371094,610.2522583007812,0.9992449283599854,278.1739196777344,553.9630126953125,0.9948599338531494,387.2199401855469,558.9939575195312,0.9964120984077454,707.5767822265625,503.2361755371094,0.9766305685043335,757.024658203125,718.197265625,0.9998044371604919,689.6956176757812,595.0791625976562,0.9971104860305786,780.4132080078125,556.9755249023438,0.8741141557693481,950.1411743164062,625.7034912109375,0.999537467956543,943.697509765625,579.9608154296875,0.9988237023353577,937.6279907226562,563.05029296875,0.9971616268157959,928.8487548828125,447.6656494140625,0.9983526468276978,988.7106323242188,533.3071899414062,0.997367799282074,879.7218017578125,536.2515258789062,0.9669933319091797,973.6009521484375,384.03173828125,0.9374086260795593,847.7664184570312,405.8197937011719,0.9832237958908081,903.2965087890625,328.46923828125,0.9969876408576965,871.259033203125,191.84124755859375,0.7666330337524414,759.1508178710938,92.81334686279297,0.9852566123008728
2872,82.4239273071289,115.09480285644531,0.9998201727867126,997.3035278320312,83.24091339111328,0.9997801184654236,88.69490814208984,1029.8958740234375,0.9996519088745117,1019.5681762695312,1023.4424438476562,0.9986552000045776,339.5033874511719,498.24395751953125,0.9990164041519165,332.814453125,611.1713256835938,0.9994248151779175,278.3167724609375,552.9798583984375,0.9971627593040466,387.51898193359375,560.1492309570312,0.9966285824775696,710.2974853515625,501.4717712402344,0.9874693155288696,757.0410766601562,718.6561279296875,0.9997267127037048,688.2493896484375,594.4098510742188,0.9976958632469177,783.4174194335938,568.825927734375,0.889358401298523,945.490234375,623.5833129882812,0.9995380640029907,943.1640625,577.8784790039062,0.9986520409584045,933.4697875976562,560.99169921875,0.9978557229042053,928.260498046875,448.7782287597656,0.9967852830886841,986.1878662109375,532.641845703125,0.9976108074188232,878.2097778320312,537.2650146484375,0.9454478621482849,973.984619140625,386.5624694824219,0.9318585991859436,841.8927612304688,407.972412109375,0.9805228114128113,904.803955078125,331.3289794921875,0.9989049434661865,872.272216796875,203.7845001220703,0.8922685384750366,762.8701782226562,94.39666748046875,0.9969775676727295
2873,82.71611785888672,115.0946044921875,0.9997509121894836,998.1091918945312,81.35108947753906,0.9998515844345093,89.71578979492188,1028.93212890625,0.999786913394928,1019.7276000976562,1022.6124877929688,0.9981985688209534,340.736083984375,498.7583312988281,0.9984683394432068,332.9795837402344,611.2031860351562,0.9995050430297852,278.6858215332031,552.8627319335938,0.9949343800544739,387.1750183105469,559.4530029296875,0.9971539974212646,708.797119140625,501.1476745605469,0.9947400689125061,757.1893310546875,719.150634765625,0.999739944934845,687.2835083007812,594.7169799804688,0.997220516204834,780.4052734375,557.8133544921875,0.9027263522148132,941.8032836914062,627.9444580078125,0.998570442199707,940.1748046875,580.2076416015625,0.9980428218841553,932.4480590820312,561.7247924804688,0.9983780384063721,927.5095825195312,449.6571350097656,0.9971889853477478,984.3457641601562,534.3642578125,0.9961308240890503,871.3551635742188,536.9322509765625,0.9878323078155518,973.498046875,386.0790710449219,0.9632671475410461,842.8673706054688,403.6273193359375,0.9818220138549805,905.4044799804688,330.7374572753906,0.9986730813980103,872.53955078125,204.32432556152344,0.7591869235038757,757.5973510742188,95.49849700927734,0.9925726652145386
2874,82.5888671875,114.37531280517578,0.9997124075889587,998.162353515625,82.30492401123047,0.9998486042022705,89.33773803710938,1028.9669189453125,0.9996321201324463,1019.8167114257812,1024.0333251953125,0.9986270666122437,339.2959899902344,499.012451171875,0.9989878535270691,332.7019348144531,610.0615234375,0.9996271133422852,277.7997131347656,554.93212890625,0.9944402575492859,387.2767028808594,559.4912109375,0.9959914088249207,711.3243408203125,500.4659423828125,0.9849206805229187,756.3665161132812,717.9056396484375,0.9998751878738403,690.1847534179688,592.4052124023438,0.9985256791114807,780.5424194335938,568.1221923828125,0.8526013493537903,941.783447265625,626.1151733398438,0.9999171495437622,940.3194580078125,581.5851440429688,0.9992173910140991,934.1561279296875,563.4511108398438,0.9991082549095154,925.2637329101562,448.8944091796875,0.9948635697364807,982.1107788085938,532.696044921875,0.997984766960144,872.15625,537.7950439453125,0.9926543235778809,972.0735473632812,387.1599426269531,0.9670029878616333,845.2413330078125,401.3954772949219,0.9850555658340454,906.2966918945312,330.9408874511719,0.9981223940849304,870.50048828125,198.91197204589844,0.9217197895050049,759.5865478515625,93.30807495117188,0.9978824257850647
2875,83.29723358154297,114.95668029785156,0.9999243021011353,997.4360961914062,84.07149505615234,0.9999133348464966,89.57825469970703,1030.132080078125,0.999777615070343,1019.7216186523438,1024.8974609375,0.999468982219696,338.93304443359375,498.9108581542969,0.9989660978317261,333.4919128417969,610.663330078125,0.9996929168701172,278.6392822265625,555.5247802734375,0.9953344464302063,386.8979797363281,559.0659790039062,0.9977364540100098,712.2088012695312,500.22052001953125,0.9841467142105103,755.3096923828125,718.0087280273438,0.9998334646224976,689.1526489257812,595.9701538085938,0.9925070405006409,779.7444458007812,550.2709350585938,0.701794445514679,940.1069946289062,628.1190795898438,0.9997245669364929,940.104248046875,582.8856811523438,0.9983075857162476,935.205078125,564.56689453125,0.99869304895401,925.4632568359375,449.63018798828125,0.9951359629631042,980.4666137695312,533.1962280273438,0.9986023306846619,871.4278564453125,536.2589111328125,0.9932385683059692,973.7681884765625,393.9843444824219,0.9096572399139404,852.3333740234375,402.28167724609375,0.9436895251274109,907.42529296875,330.6512451171875,0.997509241104126,872.8388671875,205.1169891357422,0.9090105891227722,759.6196899414062,93.48884582519531,0.9767884016036987
2876,82.71480560302734,115.22200775146484,0.9999219179153442,997.3457641601562,83.98942565917969,0.9999231100082397,89.11051940917969,1030.711181640625,0.9995322227478027,1020.2842407226562,1023.6807861328125,0.9988663196563721,339.661376953125,499.34014892578125,0.9995212554931641,332.37744140625,610.2528076171875,0.999483585357666,278.1054992675781,554.1621704101562,0.9967329502105713,387.5513916015625,559.5106811523438,0.9980300068855286,709.2848510742188,502.02593994140625,0.9895411133766174,756.1262817382812,717.8316040039062,0.9998188614845276,689.6014404296875,592.046875,0.997376561164856,780.6026611328125,550.5104370117188,0.9574258327484131,938.9973754882812,619.6657104492188,0.9996448755264282,938.6394653320312,578.104248046875,0.9983452558517456,929.5921630859375,560.3695068359375,0.9966063499450684,926.92919921875,449.2787170410156,0.9972780346870422,979.1074829101562,529.9426879882812,0.9987205266952515,870.4591674804688,535.3214721679688,0.9927061200141907,973.8844604492188,389.37420654296875,0.9350194931030273,849.403564453125,397.83203125,0.9807870388031006,906.3968505859375,330.4183349609375,0.9979799389839172,872.9065551757812,203.97705078125,0.76589435338974,753.6442260742188,97.39197540283203,0.9697667956352234
2877,82.90779113769531,114.12110900878906,0.9999105930328369,997.4485473632812,84.94042205810547,0.9999551773071289,88.82293701171875,1031.5992431640625,0.9996781349182129,1018.7437744140625,1023.0894165039062,0.9989997744560242,339.6918640136719,498.85693359375,0.9990465044975281,333.8301696777344,611.0465698242188,0.9993913173675537,277.47698974609375,553.84765625,0.9961456060409546,386.07037353515625,559.9537963867188,0.9971492886543274,710.4426879882812,502.0091552734375,0.9885177612304688,756.0394287109375,716.8972778320312,0.9998231530189514,689.4747314453125,592.923095703125,0.9972414970397949,782.0986328125,558.5186767578125,0.9085220098495483,936.4799194335938,619.2531127929688,0.9777017831802368,937.5801391601562,577.6508178710938,0.9981147050857544,928.57470703125,558.7843627929688,0.991266667842865,926.0069580078125,446.720947265625,0.9951198101043701,979.604248046875,529.7612915039062,0.9986827969551086,871.5193481445312,531.0902709960938,0.9637733697891235,973.7833251953125,384.4613952636719,0.9114298224449158,844.41259765625,401.4787292480469,0.9882679581642151,906.5015258789062,328.7842102050781,0.9981920123100281,872.9567260742188,205.78305053710938,0.8133261203765869,755.0149536132812,97.53174591064453,0.9839026927947998
2878,83.12638854980469,114.32225036621094,0.9999194145202637,998.2489624023438,85.42135620117188,0.9999545812606812,88.44416809082031,1029.5098876953125,0.9998124241828918,1018.665283203125,1023.0516357421875,0.9989510774612427,340.1828918457031,499.5124816894531,0.9995193481445312,333.4129943847656,611.0272827148438,0.9995611310005188,277.4697265625,553.8721923828125,0.997312605381012,385.6872253417969,559.7032470703125,0.9981400966644287,710.0595092773438,501.09539794921875,0.9948329925537109,757.9766235351562,717.1442260742188,0.999792754650116,688.6914672851562,591.2686157226562,0.995030403137207,779.4265747070312,560.2875366210938,0.7687658071517944,946.5125732421875,620.4285278320312,0.9998106360435486,937.4075317382812,579.0784912109375,0.9989504814147949,929.739013671875,560.6897583007812,0.9978705644607544,925.4494018554688,447.9643249511719,0.9954084753990173,981.0865478515625,529.9978637695312,0.9973158240318298,870.8609008789062,534.420166015625,0.9917435050010681,973.5990600585938,388.8309631347656,0.9597229361534119,844.992919921875,403.7778625488281,0.9899870753288269,904.6110229492188,328.99365234375,0.9982792139053345,873.5478515625,210.35360717773438,0.9851049780845642,761.9666748046875,94.37788391113281,0.9774993062019348
2879,82.31927490234375,114.46051788330078,0.9998995065689087,998.92919921875,84.30804443359375,0.9999285936355591,88.00140380859375,1030.9188232421875,0.9997729659080505,1019.7002563476562,1022.58837890625,0.9989556074142456,339.5146789550781,498.87701416015625,0.9993066787719727,334.1835021972656,610.7734375,0.9996340274810791,277.69512939453125,555.5374755859375,0.9959055185317993,386.313720703125,559.4234008789062,0.9983797073364258,711.6923828125,501.3041076660156,0.9951283931732178,757.1171264648438,717.167724609375,0.9997465014457703,688.229736328125,593.2203369140625,0.9967027306556702,779.2191772460938,561.0128173828125,0.9435503482818604,948.6324462890625,621.9444580078125,0.9998667240142822,941.113037109375,574.8795776367188,0.9981910586357117,932.290771484375,557.5350341796875,0.9990492463111877,926.1854858398438,447.8216857910156,0.9972084164619446,982.7416381835938,528.2902221679688,0.9955963492393494,871.7787475585938,534.0885009765625,0.9807455539703369,972.5475463867188,389.69451904296875,0.9412265419960022,844.4249267578125,399.92120361328125,0.9748822450637817,905.6517944335938,330.55535888671875,0.9993141889572144,875.237548828125,209.51995849609375,0.9016636610031128,765.0663452148438,97.48101806640625,0.8449126482009888
2880,82.97166442871094,113.65145874023438,0.9998927116394043,997.3233642578125,87.97765350341797,0.9998342990875244,88.18428802490234,1030.7537841796875,0.9995984435081482,1019.5186767578125,1022.24755859375,0.9986967444419861,341.39447021484375,498.6242370605469,0.9994433522224426,334.3688659667969,610.04443359375,0.999642014503479,277.6073303222656,553.6507568359375,0.9933880567550659,387.4620361328125,559.296142578125,0.9984773993492126,711.4967651367188,502.4150390625,0.9897055625915527,755.9312133789062,717.5667114257812,0.9997237324714661,689.2891845703125,592.7819213867188,0.9965986609458923,777.49658203125,552.9940185546875,0.9273260235786438,951.93701171875,618.8806762695312,0.9994051456451416,943.4215698242188,572.8124389648438,0.9964283108711243,934.5380249023438,553.334716796875,0.9982686042785645,924.3245849609375,447.34002685546875,0.9976152181625366,984.3973999023438,523.6912231445312,0.998856782913208,871.9992065429688,533.52294921875,0.9899306297302246,973.6932983398438,390.94989013671875,0.9804447889328003,846.4890747070312,400.294677734375,0.9694724678993225,904.1049194335938,332.3713073730469,0.9991262555122375,874.3124389648438,201.10244750976562,0.6775767803192139,757.8872680664062,90.28770446777344,0.9973471164703369
2881,84.17562866210938,113.013427734375,0.999916672706604,996.2269287109375,86.05416870117188,0.9998784065246582,89.8324203491211,1028.6396484375,0.9998403787612915,1020.1719360351562,1022.9954833984375,0.9986070990562439,339.1907043457031,498.50006103515625,0.9995074272155762,333.9060974121094,609.5324096679688,0.9992591738700867,277.47833251953125,553.4881591796875,0.9955722093582153,387.6623840332031,558.6377563476562,0.9956392049789429,708.68701171875,503.3314514160156,0.9850195646286011,755.9569702148438,716.8361206054688,0.9998282194137573,689.2168579101562,596.6358642578125,0.9976394176483154,779.3740234375,562.3934936523438,0.9259911775588989,953.5906982421875,619.7293090820312,0.9995972514152527,943.483642578125,572.82568359375,0.9962339997291565,934.7410888671875,553.17919921875,0.9995693564414978,926.8815307617188,440.1115417480469,0.9951684474945068,985.4330444335938,524.354736328125,0.9957629442214966,871.7758178710938,533.5986328125,0.9880993962287903,973.5694580078125,386.5334777832031,0.9826861619949341,854.7755737304688,394.2800598144531,0.914383590221405,904.1246337890625,333.9870300292969,0.9997202754020691,871.4871826171875,208.5878448486328,0.9334176778793335,822.0359497070312,98.12776184082031,0.8728362321853638
2882,82.61539459228516,114.31314849853516,0.9999278783798218,996.6907958984375,86.3106689453125,0.9999345541000366,89.2635726928711,1028.576904296875,0.9998549222946167,1021.4166870117188,1022.2373046875,0.9987797141075134,340.78564453125,499.1609802246094,0.9991527795791626,333.66021728515625,609.8854370117188,0.9994200468063354,277.5919494628906,553.7388305664062,0.996651828289032,388.1092224121094,559.829833984375,0.9978408813476562,709.46435546875,501.9663391113281,0.9876024127006531,755.5655517578125,716.8529052734375,0.9998373985290527,687.49755859375,590.79833984375,0.9945257902145386,776.509765625,556.6102294921875,0.8969848155975342,959.1341552734375,626.5579833984375,0.9980757236480713,944.1907348632812,570.0044555664062,0.9937881827354431,934.085693359375,547.3495483398438,0.9990299940109253,929.6776123046875,440.5006103515625,0.9974441528320312,984.1203002929688,520.6434936523438,0.9979559183120728,877.537841796875,536.5795288085938,0.964678168296814,975.3595581054688,384.7917785644531,0.9752807021141052,845.486572265625,406.89080810546875,0.9049482941627502,906.4357299804688,330.89154052734375,0.9990310668945312,872.845947265625,208.58682250976562,0.9564403295516968,758.6135864257812,94.29486846923828,0.9901748895645142
2883,82.71394348144531,113.838134765625,0.9998846054077148,997.1492919921875,84.59396362304688,0.9999363422393799,89.61715698242188,1030.2357177734375,0.9997546076774597,1019.7861328125,1023.6441040039062,0.9992893934249878,338.48175048828125,498.9080505371094,0.9991507530212402,334.05230712890625,609.9549560546875,0.9992468357086182,277.870361328125,554.7393188476562,0.9942861199378967,387.9198913574219,559.8369750976562,0.9965762495994568,710.2800903320312,501.350341796875,0.9907128214836121,756.5601196289062,718.3230590820312,0.9996914863586426,689.4949951171875,595.0079345703125,0.9949321150779724,778.1536865234375,566.24072265625,0.7809461355209351,960.5458984375,625.5173950195312,0.9993407130241394,943.58154296875,562.2477416992188,0.9859555959701538,932.8563232421875,541.915283203125,0.9994316697120667,929.4338989257812,439.36981201171875,0.9981774091720581,987.3275146484375,519.1588745117188,0.9932695031166077,879.2437133789062,537.17333984375,0.9951788187026978,975.3292846679688,385.31475830078125,0.9815696477890015,851.5079956054688,404.1314697265625,0.9428097009658813,907.54443359375,332.00140380859375,0.9992462396621704,874.0503540039062,206.0011749267578,0.9243466854095459,755.0980834960938,94.4993896484375,0.987919807434082
2884,82.08773803710938,114.89530181884766,0.9999057054519653,997.2311401367188,84.11392211914062,0.9998569488525391,88.89812469482422,1029.330078125,0.9998195767402649,1016.92626953125,1023.7969970703125,0.9989190101623535,337.9830322265625,498.7017822265625,0.9988095760345459,334.5879211425781,608.4397583007812,0.9991306662559509,278.2428894042969,554.06005859375,0.9981545805931091,388.9205322265625,557.8790893554688,0.9963485598564148,710.4879760742188,500.5013427734375,0.9895718097686768,755.54638671875,717.75927734375,0.9998286962509155,688.469482421875,592.4147338867188,0.996729850769043,776.15087890625,556.589111328125,0.5500108599662781,956.060791015625,621.5532836914062,0.9946013689041138,943.3836059570312,562.1678466796875,0.9959537982940674,932.580078125,541.8711547851562,0.9995052814483643,930.6720581054688,439.7432861328125,0.9986782670021057,988.0527954101562,515.45361328125,0.9958568215370178,875.91748046875,531.6580810546875,0.9919149875640869,975.2053833007812,386.1977844238281,0.979060709476471,850.3049926757812,411.75714111328125,0.8123225569725037,908.480224609375,328.9057922363281,0.9972736239433289,872.8349609375,205.55535888671875,0.9778019785881042,759.5415649414062,95.25022888183594,0.8910653591156006
2885,82.38970184326172,113.288330078125,0.9997656941413879,996.5546875,83.88436126708984,0.9999030828475952,89.14262390136719,1029.1981201171875,0.9998254179954529,1018.4669189453125,1022.9855346679688,0.9990910291671753,338.620361328125,498.6114807128906,0.9991539716720581,332.77752685546875,608.8027954101562,0.9989394545555115,278.139892578125,552.9620361328125,0.9976255297660828,387.9066467285156,559.2249145507812,0.9942849278450012,710.041015625,500.9662780761719,0.9914414882659912,757.4287109375,718.00537109375,0.9997395873069763,689.6782836914062,594.623046875,0.9985425472259521,776.7135620117188,556.8919067382812,0.8809719681739807,962.2742919921875,624.9893188476562,0.9990043044090271,944.2847900390625,563.1470336914062,0.9872807860374451,934.2218627929688,541.0656127929688,0.9990444779396057,930.07568359375,438.8783874511719,0.9987433552742004,988.9046630859375,516.37353515625,0.9952318072319031,877.9796142578125,533.3234252929688,0.993910551071167,980.982666015625,386.9929504394531,0.9759168028831482,844.2137451171875,403.5278015136719,0.9740626215934753,911.7631225585938,329.1419982910156,0.9981753826141357,872.16259765625,204.6334991455078,0.9520774483680725,758.3494873046875,91.65788269042969,0.9901382923126221
2886,81.01873779296875,113.36994171142578,0.9998718500137329,997.6832275390625,83.68018341064453,0.9999148845672607,88.84239196777344,1030.5338134765625,0.9997379183769226,1019.325439453125,1022.1870727539062,0.9986559152603149,338.05438232421875,498.5685729980469,0.9991427659988403,332.68804931640625,609.5700073242188,0.9990183115005493,278.32342529296875,554.14404296875,0.9969626069068909,388.70147705078125,558.0189819335938,0.9966435432434082,708.7228393554688,500.29840087890625,0.9960982799530029,758.013427734375,716.3961791992188,0.999687910079956,690.0674438476562,597.84375,0.9974952936172485,776.91650390625,556.3922729492188,0.8708370923995972,963.5418701171875,627.3773803710938,0.9992712140083313,944.9522705078125,563.2041625976562,0.9863446950912476,934.1787719726562,540.5738525390625,0.9988054037094116,928.1727294921875,440.4955749511719,0.9974985718727112,988.052734375,510.0025634765625,0.996166467666626,878.7395629882812,533.2468872070312,0.9953233599662781,978.939208984375,387.49822998046875,0.9748656749725342,845.3343505859375,401.6177978515625,0.9106263518333435,911.91845703125,330.0920104980469,0.9985948204994202,873.254150390625,206.0054473876953,0.9801552891731262,763.78369140625,91.41001892089844,0.9776597619056702
2887,81.90338134765625,113.82886505126953,0.9999257326126099,997.5068359375,83.73503875732422,0.9998773336410522,88.85918426513672,1029.67626953125,0.9997839331626892,1019.4271850585938,1023.7008666992188,0.998842716217041,338.1181945800781,498.066162109375,0.9991625547409058,332.75421142578125,609.584228515625,0.9979233741760254,278.7524108886719,553.1976928710938,0.9961323738098145,386.5608215332031,557.48583984375,0.9960427284240723,707.6417846679688,500.0364685058594,0.9951397180557251,757.887451171875,717.247802734375,0.9996240139007568,688.7889404296875,599.2191772460938,0.9961667656898499,776.415771484375,550.2200317382812,0.9338133931159973,963.2197265625,625.1144409179688,0.9988914132118225,943.7767333984375,565.59326171875,0.9809039235115051,932.3860473632812,542.9555053710938,0.9987706542015076,925.8861083984375,440.4317626953125,0.9981868863105774,988.0708618164062,517.6452026367188,0.9704537391662598,878.216552734375,531.748291015625,0.9963414072990417,978.261962890625,386.6316833496094,0.996715784072876,849.1602172851562,403.94488525390625,0.7298081517219543,909.7488403320312,329.8296203613281,0.9976957440376282,870.958251953125,199.82174682617188,0.9691420793533325,757.8037719726562,94.20128631591797,0.9629684686660767
2888,82.54109954833984,114.60954284667969,0.9999542236328125,996.767578125,84.0017318725586,0.9999260902404785,90.68799591064453,1029.72998046875,0.9998156428337097,1018.6483764648438,1022.6328735351562,0.999115526676178,338.53765869140625,498.3804931640625,0.9991164803504944,333.562744140625,608.9727172851562,0.9982748031616211,278.4425354003906,554.074462890625,0.9938815832138062,386.5789794921875,557.8034057617188,0.9961865544319153,709.7913208007812,500.8098449707031,0.996340811252594,755.4068603515625,717.3849487304688,0.9997598528862,689.535400390625,596.4547119140625,0.9970807433128357,776.9163208007812,562.6132202148438,0.958987832069397,962.0698852539062,622.6824340820312,0.9964595437049866,942.0050659179688,563.257568359375,0.9888866543769836,932.28759765625,542.7708129882812,0.9984482526779175,927.8064575195312,440.7961120605469,0.9980435371398926,984.8446655273438,513.1629638671875,0.9897359609603882,878.8359985351562,531.4666748046875,0.995273768901825,977.2291259765625,387.32427978515625,0.9682862758636475,847.1071166992188,404.6960144042969,0.9358462691307068,910.9092407226562,330.2685241699219,0.9972172975540161,871.582763671875,199.85488891601562,0.92415452003479,760.7993774414062,94.0586166381836,0.9813777804374695
2889,83.46363830566406,113.6234359741211,0.9998745918273926,998.1806640625,83.7549819946289,0.9999356269836426,89.71604919433594,1030.83056640625,0.9997902512550354,1019.80859375,1022.1058349609375,0.9979890584945679,339.6974792480469,498.5694274902344,0.9989823698997498,332.6583557128906,609.3859252929688,0.9981623291969299,278.28131103515625,553.4574584960938,0.9961167573928833,387.2999267578125,559.3502807617188,0.9966142773628235,709.9089965820312,502.0040283203125,0.9953199028968811,755.9573364257812,715.2014770507812,0.9998143315315247,688.5665283203125,595.8904418945312,0.9959794282913208,776.9246826171875,555.351318359375,0.9783552885055542,957.9017944335938,619.0802612304688,0.9963647723197937,942.2073974609375,562.0595092773438,0.9883379340171814,931.0626831054688,543.366943359375,0.9990611672401428,926.4909057617188,440.0816345214844,0.9975897073745728,983.600830078125,512.3646240234375,0.9911767244338989,874.1670532226562,532.1259765625,0.9962521195411682,976.2880249023438,385.45062255859375,0.9786421060562134,845.70654296875,400.0673828125,0.9601708054542542,910.6987915039062,328.67578125,0.9984440207481384,870.71484375,203.06488037109375,0.9902762174606323,754.119140625,96.81312561035156,0.9452082514762878
2890,82.61320495605469,113.90729522705078,0.9998631477355957,996.7127075195312,83.98805236816406,0.9999240636825562,89.94268035888672,1029.8651123046875,0.9995273351669312,1019.954345703125,1023.0184326171875,0.9989644289016724,339.38543701171875,498.53704833984375,0.9990224838256836,333.064208984375,609.84765625,0.9980393052101135,277.9195251464844,554.580810546875,0.9946175217628479,386.3069763183594,559.8399658203125,0.9970397353172302,706.27294921875,501.4165954589844,0.9960715770721436,757.0582275390625,716.9186401367188,0.9998192191123962,688.3231201171875,594.2911987304688,0.9953460097312927,777.5535278320312,559.4290771484375,0.9452071785926819,951.1904296875,614.3829345703125,0.999721109867096,938.3507690429688,562.4874267578125,0.9891828894615173,929.1913452148438,543.24658203125,0.9979408383369446,925.1785278320312,438.81201171875,0.9982383251190186,982.2061767578125,513.0091552734375,0.9923979640007019,870.9059448242188,529.8580932617188,0.9989105463027954,977.7903442382812,390.1880187988281,0.9882029891014099,849.3146362304688,396.49127197265625,0.9381976127624512,911.7914428710938,329.5057067871094,0.9985639452934265,870.781982421875,201.1580352783203,0.9797771573066711,756.3259887695312,92.29287719726562,0.840557873249054
2891,82.37796020507812,113.5678939819336,0.9999299049377441,996.5631713867188,82.08819580078125,0.9997716546058655,90.10691833496094,1029.2110595703125,0.9998171925544739,1020.998779296875,1022.754150390625,0.9986912608146667,339.408203125,498.6520080566406,0.9989356398582458,333.28436279296875,609.62939453125,0.9986432194709778,277.84320068359375,554.1796875,0.9938337802886963,387.4043884277344,558.9014892578125,0.9968016147613525,708.0433349609375,501.7158508300781,0.9731374979019165,756.9827270507812,716.13134765625,0.9998705387115479,689.49658203125,597.0015258789062,0.99708491563797,778.1869506835938,555.3690185546875,0.8811386227607727,951.1424560546875,615.077392578125,0.9991363883018494,937.3589477539062,562.1006469726562,0.960373044013977,928.138671875,542.8899536132812,0.9949085116386414,924.6992797851562,438.929443359375,0.9977732300758362,983.753662109375,510.38018798828125,0.9967314004898071,871.8778686523438,533.163818359375,0.9989210367202759,975.3629760742188,386.5970764160156,0.9543474316596985,845.0159301757812,394.28033447265625,0.9945626854896545,909.1641845703125,329.95391845703125,0.9989668130874634,871.4900512695312,204.0472412109375,0.8837833404541016,754.2565307617188,97.06591796875,0.12845847010612488
2892,82.08997344970703,115.46484375,0.9998505115509033,997.9539184570312,85.2936019897461,0.9999338388442993,89.48482513427734,1029.4071044921875,0.9997090697288513,1020.2542114257812,1022.065673828125,0.9982592463493347,338.7742614746094,498.470703125,0.9991006851196289,333.89105224609375,609.6154174804688,0.9990180730819702,277.7973327636719,554.5413818359375,0.9937859773635864,388.0435485839844,558.0379028320312,0.9970517158508301,710.1522827148438,500.4670104980469,0.9956493973731995,757.0706176757812,716.8612670898438,0.9998781681060791,688.7743530273438,597.78759765625,0.9967464208602905,778.8289794921875,557.5216674804688,0.9112353920936584,954.8193359375,618.9505004882812,0.9990054965019226,938.5478515625,562.8094482421875,0.9963591694831848,928.9459838867188,542.53515625,0.9983161687850952,926.034423828125,439.40081787109375,0.9950246214866638,981.9342651367188,517.1520385742188,0.9934919476509094,871.746337890625,534.9366455078125,0.9978370070457458,977.33154296875,387.83935546875,0.9388774633407593,845.0020141601562,399.2252197265625,0.9667952656745911,910.119384765625,329.265625,0.9986679553985596,871.3848266601562,202.9545440673828,0.9242249131202698,754.2236328125,99.05229187011719,0.9930319786071777
2893,82.29366302490234,114.71790313720703,0.9999505281448364,996.7747802734375,85.34651947021484,0.9999369382858276,89.66989135742188,1028.9686279296875,0.9997429251670837,1017.921142578125,1022.6688232421875,0.9983933568000793,338.8970642089844,498.7785949707031,0.9987347722053528,332.862060546875,611.07373046875,0.998077392578125,277.9268798828125,554.895751953125,0.9972209930419922,387.6915588378906,559.0980224609375,0.9965788722038269,711.7223510742188,500.1248779296875,0.9953266382217407,758.4100952148438,717.4352416992188,0.9999034404754639,688.9664916992188,592.8856811523438,0.9975741505622864,779.6749267578125,558.6326904296875,0.96062171459198,959.4905395507812,624.2532348632812,0.9997078776359558,939.3060913085938,561.1915893554688,0.9951336979866028,929.2398071289062,540.6314086914062,0.9986478686332703,921.7511596679688,439.82208251953125,0.9960489869117737,983.212158203125,512.7867431640625,0.9909093976020813,871.7745971679688,534.1395874023438,0.9985914826393127,981.3387451171875,395.3937683105469,0.9773104190826416,849.3648071289062,395.209716796875,0.9093911647796631,908.1882934570312,331.5910339355469,0.9977973699569702,869.8429565429688,196.5760498046875,0.8531351089477539,814.5885009765625,93.2121353149414,0.5185981392860413
2894,82.16060638427734,113.95892333984375,0.9999345541000366,998.8204345703125,85.50862884521484,0.999750554561615,88.64031982421875,1029.7711181640625,0.9997525811195374,1021.8294067382812,1022.45166015625,0.9987064599990845,337.44354248046875,498.2225341796875,0.998468816280365,332.7187194824219,609.467529296875,0.9979459643363953,277.9643859863281,556.289794921875,0.9982574582099915,388.5906677246094,557.2186889648438,0.9969095587730408,709.5909423828125,500.4855651855469,0.9950082302093506,757.0120239257812,717.6378784179688,0.9997637867927551,690.0249633789062,590.8943481445312,0.9913325905799866,779.243896484375,556.990966796875,0.9627138376235962,958.72900390625,624.7100830078125,0.9996974468231201,939.8366088867188,560.6140747070312,0.9881253242492676,930.8500366210938,540.7435913085938,0.998970627784729,923.1961669921875,439.188232421875,0.9985418319702148,984.4848022460938,511.3840637207031,0.9892451763153076,872.8872680664062,532.815673828125,0.9971857666969299,981.4445190429688,395.0581970214844,0.9779759049415588,849.44970703125,394.74505615234375,0.9886651039123535,909.589111328125,331.43353271484375,0.9986802935600281,870.5576782226562,203.6393585205078,0.9237973093986511,755.1205444335938,95.57012939453125,0.8234198689460754
2895,83.07315063476562,114.53054809570312,0.9999469518661499,998.8407592773438,83.40284729003906,0.9998618364334106,88.83209228515625,1029.343017578125,0.9994847774505615,1021.8947143554688,1022.7300415039062,0.9991071820259094,339.4352111816406,497.9666442871094,0.9980807304382324,333.3880920410156,610.29736328125,0.9992020726203918,277.4302062988281,554.5096435546875,0.9960617423057556,388.55743408203125,558.3623657226562,0.9954019784927368,710.5863647460938,499.4173278808594,0.997657060623169,756.4567260742188,717.2689819335938,0.9997789263725281,691.7075805664062,592.0902709960938,0.9968546032905579,778.5895385742188,565.8618774414062,0.9746273756027222,956.8905029296875,624.019775390625,0.9995759129524231,940.4441528320312,559.5567016601562,0.9905616641044617,930.58740234375,541.61376953125,0.9989997744560242,924.7446899414062,438.7958679199219,0.9976527094841003,986.4595336914062,507.8002624511719,0.9973612427711487,875.8751220703125,531.9849243164062,0.9938399195671082,978.3984375,395.5693664550781,0.9866347312927246,844.8211669921875,397.9013366699219,0.9914838671684265,904.89453125,333.54205322265625,0.9995694756507874,867.6972045898438,198.45982360839844,0.977377712726593,754.7161254882812,100.90255737304688,0.9820652604103088
2896,83.22372436523438,114.3999252319336,0.999923825263977,997.7655639648438,87.08123779296875,0.9997503161430359,88.47750854492188,1029.892578125,0.9997789263725281,1020.7839965820312,1024.23046875,0.9992524981498718,339.3760986328125,498.3625793457031,0.9980100989341736,332.79156494140625,609.642578125,0.9978487491607666,277.3594055175781,554.6026000976562,0.9976292252540588,388.3116149902344,558.080810546875,0.9955583810806274,711.7393798828125,499.9194030761719,0.9956358075141907,757.581298828125,716.9241333007812,0.9996893405914307,690.4114379882812,590.6078491210938,0.9924610257148743,779.8137817382812,567.248046875,0.9816494584083557,957.4913940429688,624.0460205078125,0.9993916749954224,940.2965087890625,561.5657348632812,0.9918709993362427,930.8599243164062,542.7877197265625,0.9993104934692383,923.6571655273438,440.05120849609375,0.9981867671012878,984.2175903320312,507.9681091308594,0.993708610534668,876.5980224609375,531.6778564453125,0.9897074699401855,980.1480102539062,396.048095703125,0.9876523017883301,847.9290771484375,397.446533203125,0.9702519178390503,903.8861083984375,335.5894470214844,0.9993017911911011,867.1041870117188,191.90756225585938,0.8867726922035217,820.0992431640625,99.6961441040039,0.9172894954681396
2897,82.33434295654297,115.14923095703125,0.9998227953910828,997.0847778320312,85.79959869384766,0.9996553659439087,89.99962615966797,1030.02978515625,0.9998114705085754,1023.7196044921875,1022.9306640625,0.9974621534347534,338.5868835449219,498.2630920410156,0.9989234805107117,333.5979919433594,608.9000244140625,0.99853515625,277.38232421875,554.5409545898438,0.9978963136672974,387.92449951171875,558.6451416015625,0.996190071105957,709.0526733398438,500.40142822265625,0.9957377910614014,757.2907104492188,716.7908935546875,0.9998164772987366,690.778564453125,592.7389526367188,0.9957618117332458,779.3567504882812,555.3613891601562,0.9409202337265015,954.4057006835938,627.0433349609375,0.9986435770988464,942.2083129882812,558.1271362304688,0.9947404265403748,931.344482421875,537.9552001953125,0.9995771050453186,923.71728515625,438.2637939453125,0.9992305040359497,987.5322265625,506.81658935546875,0.9888691902160645,878.2520751953125,535.55322265625,0.9941169023513794,980.0846557617188,388.2001037597656,0.9798934459686279,848.0592651367188,392.33563232421875,0.9945310950279236,908.839599609375,328.29034423828125,0.9987590312957764,867.4256591796875,198.87283325195312,0.9018331170082092,756.3486328125,97.37139129638672,0.9858989715576172
2898,82.53874206542969,114.37469482421875,0.9996659755706787,997.2559204101562,85.22474670410156,0.9998586177825928,88.84490203857422,1029.12158203125,0.9998064637184143,1021.3141479492188,1022.9090576171875,0.9988775849342346,338.083740234375,498.1343078613281,0.9992289543151855,334.2628173828125,609.6663818359375,0.99894779920578,277.23443603515625,555.5316772460938,0.997822642326355,387.9093017578125,558.408935546875,0.9967733025550842,713.11669921875,500.4964904785156,0.9949625730514526,758.1914672851562,716.8739624023438,0.9998548030853271,690.42822265625,593.3469848632812,0.9939249157905579,779.572021484375,558.2437744140625,0.981240451335907,957.1727905273438,625.0050048828125,0.9995524287223816,942.1544799804688,561.632080078125,0.9872389435768127,932.0388793945312,540.6647338867188,0.9993568062782288,924.4884033203125,438.23516845703125,0.9991685152053833,986.6043090820312,508.26885986328125,0.992294192314148,874.1295166015625,533.2239990234375,0.9924328327178955,976.8482055664062,387.07159423828125,0.9783461689949036,848.1533203125,394.65789794921875,0.9875664710998535,909.6336059570312,329.6574401855469,0.9987108707427979,869.0068969726562,198.5240020751953,0.9644540548324585,818.9010009765625,96.13572692871094,0.9706867337226868
2899,83.26648712158203,112.65664672851562,0.9996681213378906,997.12890625,83.58953857421875,0.9997866749763489,88.74681091308594,1028.36572265625,0.9997879862785339,1023.7630615234375,1023.331298828125,0.999273955821991,337.8412780761719,498.221435546875,0.9994410872459412,334.69818115234375,609.7109985351562,0.9992187023162842,277.0865783691406,555.6073608398438,0.997523844242096,387.9480285644531,557.738037109375,0.9960082769393921,711.1834716796875,501.2828063964844,0.9935084581375122,756.2535400390625,717.9188232421875,0.9998325109481812,691.2156982421875,595.7688598632812,0.9976487755775452,780.7803955078125,559.5021362304688,0.9724162220954895,958.649169921875,626.964599609375,0.999338686466217,940.4382934570312,561.3889770507812,0.9880768060684204,931.8538208007812,538.9202880859375,0.9993225336074829,921.834228515625,437.681884765625,0.9991523027420044,987.625244140625,509.7007751464844,0.9773733615875244,877.4258422851562,535.9661254882812,0.9959490299224854,974.9478759765625,388.1291198730469,0.9592111110687256,852.4796752929688,395.8124694824219,0.9927008152008057,907.6825561523438,331.0008239746094,0.9992202520370483,870.8594970703125,210.26869201660156,0.9431208372116089,803.372314453125,93.63200378417969,0.8754246830940247
2900,82.86079406738281,113.00955963134766,0.9997604489326477,1000.0237426757812,81.31198120117188,0.999326229095459,89.85025024414062,1030.92578125,0.9995934367179871,1023.4456176757812,1024.058837890625,0.9987151622772217,337.3488464355469,498.8063049316406,0.9992227554321289,335.47747802734375,610.2341918945312,0.9995162487030029,277.06951904296875,556.5090942382812,0.9980213642120361,388.50799560546875,558.0430297851562,0.996819257736206,712.1519165039062,501.528076171875,0.9841592311859131,756.8519897460938,716.3922729492188,0.9998749494552612,689.6406860351562,592.0470581054688,0.9961148500442505,783.307373046875,567.3886108398438,0.9560197591781616,954.4232788085938,628.125732421875,0.9991002082824707,938.2212524414062,559.2672729492188,0.9933039546012878,929.1017456054688,537.419677734375,0.998274564743042,923.6778564453125,437.72650146484375,0.9987195730209351,987.6945190429688,511.02655029296875,0.9821714162826538,871.8889770507812,529.7869262695312,0.9980502128601074,975.4212646484375,386.8338317871094,0.9651797413825989,850.1499633789062,397.6275939941406,0.9859635233879089,907.6228637695312,331.2184143066406,0.9991981387138367,869.9674682617188,209.57139587402344,0.9058334231376648,757.9313354492188,96.9742431640625,0.994175910949707
2901,83.77996063232422,114.22405242919922,0.999937891960144,998.1365966796875,83.09129333496094,0.9998687505722046,89.99989318847656,1029.4979248046875,0.9998012185096741,1023.14208984375,1023.6873779296875,0.9991914629936218,337.59344482421875,498.58477783203125,0.9993365406990051,334.4768371582031,610.1663818359375,0.9991633892059326,277.4696044921875,555.4437866210938,0.9963780045509338,388.4652099609375,556.9705810546875,0.9950024485588074,711.7914428710938,502.3739013671875,0.9711760878562927,758.205810546875,717.2029418945312,0.999909520149231,691.7816162109375,593.5946655273438,0.9977226853370667,783.1254272460938,558.5910034179688,0.9585162401199341,950.7916870117188,628.333740234375,0.9983404874801636,935.8936157226562,560.8956909179688,0.987694501876831,926.5972290039062,537.8568725585938,0.9966977834701538,924.451416015625,436.9203186035156,0.9980878233909607,983.3065795898438,509.9111022949219,0.9642564654350281,869.1654052734375,529.7042236328125,0.999112069606781,974.8530883789062,384.24932861328125,0.9836454391479492,848.45947265625,400.5303649902344,0.9586920142173767,910.143798828125,328.6846008300781,0.998664140701294,871.2144775390625,206.1619110107422,0.9617907404899597,759.770751953125,95.53487396240234,0.968958854675293
2902,83.36627197265625,112.74403381347656,0.9997705817222595,997.1802368164062,82.31244659423828,0.9999029636383057,90.35932922363281,1029.6905517578125,0.9997614026069641,1020.9215698242188,1022.7737426757812,0.9987266659736633,337.20013427734375,498.7195739746094,0.9994481205940247,335.2511291503906,609.8123168945312,0.9990230798721313,277.5196228027344,554.666748046875,0.9960683584213257,388.4700927734375,557.9189453125,0.996840238571167,711.8148193359375,501.690673828125,0.9760929346084595,757.83203125,717.3856201171875,0.9997981190681458,690.9598999023438,593.7889404296875,0.997539758682251,781.5850219726562,561.1985473632812,0.9293661713600159,939.4695434570312,627.9100952148438,0.9969808459281921,932.6536865234375,558.4783935546875,0.9763069748878479,925.8330688476562,534.8133544921875,0.9952459931373596,923.4258422851562,435.15374755859375,0.998840868473053,984.5203247070312,512.3056640625,0.9186738729476929,868.6151123046875,522.6658325195312,0.9961574673652649,968.6273803710938,384.4447021484375,0.9504377245903015,849.3092651367188,398.9488830566406,0.9640147686004639,907.7855834960938,328.93109130859375,0.9984329342842102,871.1376953125,209.49496459960938,0.7723386287689209,762.2904663085938,92.78502655029297,0.9868191480636597
2903,81.431640625,112.8640365600586,0.999634861946106,998.222900390625,84.70528411865234,0.9998007416725159,89.14539337158203,1028.9300537109375,0.999521017074585,1021.5473022460938,1024.275146484375,0.9992125034332275,337.37054443359375,498.4710388183594,0.9994497895240784,334.8506774902344,609.4186401367188,0.9992550015449524,277.5350341796875,555.128173828125,0.9959511756896973,388.4484558105469,557.4554443359375,0.996900200843811,712.2822265625,502.1233215332031,0.9839045405387878,758.1849365234375,717.9739379882812,0.9998555183410645,691.030029296875,594.1026611328125,0.9967424273490906,782.8731079101562,562.851318359375,0.8248009085655212,937.4805908203125,628.1530151367188,0.9973620772361755,934.4425659179688,553.242431640625,0.9812441468238831,928.0769653320312,529.8404541015625,0.9934412240982056,923.4892578125,431.45733642578125,0.9979705214500427,985.247802734375,503.58740234375,0.9834242463111877,866.67431640625,520.4448852539062,0.9979494214057922,976.3052368164062,389.26312255859375,0.9471601247787476,847.8759765625,395.0799255371094,0.9877212643623352,907.6176147460938,329.89398193359375,0.9995377063751221,870.9760131835938,211.58984375,0.7269321084022522,754.7377319335938,97.72095489501953,0.9979225993156433
2904,82.31517028808594,115.31460571289062,0.9999375343322754,997.8306274414062,86.1053695678711,0.999799907207489,89.32422637939453,1029.198486328125,0.9997542500495911,1020.8252563476562,1022.9808959960938,0.9990554451942444,337.85955810546875,498.7657470703125,0.999075174331665,334.6107177734375,609.5523071289062,0.9993057250976562,277.4744567871094,554.9353637695312,0.9971922039985657,388.4599304199219,557.7736206054688,0.9977436065673828,714.33349609375,501.7383728027344,0.9946692585945129,758.232421875,718.341552734375,0.9998623132705688,690.480224609375,592.3311157226562,0.996211051940918,779.88232421875,559.4654541015625,0.9350307583808899,933.4844970703125,639.0023803710938,0.9922860860824585,930.712646484375,555.1900024414062,0.9903565049171448,926.293212890625,532.9059448242188,0.9946755170822144,919.6611328125,432.22625732421875,0.999122679233551,977.8997802734375,506.5695495605469,0.9925053119659424,865.3325805664062,519.276123046875,0.9981460571289062,978.3147583007812,396.5372314453125,0.9782533049583435,852.6482543945312,394.25604248046875,0.9865512847900391,907.4743041992188,331.052978515625,0.9991463422775269,869.673583984375,200.86709594726562,0.7669028639793396,752.0133056640625,88.01510620117188,0.900750458240509
2905,82.5264663696289,115.3363037109375,0.9997929930686951,996.3057861328125,85.24882507324219,0.9997678399085999,89.1683120727539,1029.8709716796875,0.999459445476532,1019.4039306640625,1023.7003173828125,0.9991801381111145,337.38641357421875,498.0636901855469,0.9990398287773132,334.645751953125,609.7205810546875,0.9989898800849915,277.6028137207031,556.33984375,0.9975506663322449,388.3218078613281,558.0722045898438,0.9953757524490356,710.9695434570312,501.9236145019531,0.9932502508163452,757.7982788085938,717.7651977539062,0.9998722076416016,687.9782104492188,590.9041137695312,0.9945205450057983,779.913818359375,557.8771362304688,0.8384414911270142,931.287841796875,631.0907592773438,0.9982977509498596,928.3175048828125,554.90478515625,0.9788822531700134,924.2066650390625,531.5933837890625,0.9974960684776306,918.090576171875,431.46197509765625,0.9994692206382751,981.0216674804688,506.84417724609375,0.9609355330467224,864.6100463867188,517.5488891601562,0.9939708709716797,972.9491577148438,390.706787109375,0.9829066395759583,851.6473388671875,395.6369323730469,0.9894368648529053,909.6813354492188,329.60894775390625,0.998737633228302,871.94140625,205.8172607421875,0.9203155636787415,759.488525390625,92.74334716796875,0.9579340219497681
2906,83.01417541503906,115.6860122680664,0.9996695518493652,998.208251953125,82.67869567871094,0.9998397827148438,89.24018859863281,1029.253173828125,0.9998277425765991,1021.3760375976562,1022.8689575195312,0.998976469039917,337.5685119628906,498.3200988769531,0.9991518259048462,333.50714111328125,610.352294921875,0.9983336329460144,277.4462890625,556.8734741210938,0.997606635093689,388.2530517578125,558.4342651367188,0.9957159161567688,710.157470703125,501.74853515625,0.9946041703224182,756.7836303710938,718.4171752929688,0.9998486042022705,689.2428588867188,591.7122802734375,0.9935094714164734,777.8627319335938,558.1553344726562,0.9751752018928528,932.1624145507812,631.7648315429688,0.9966912269592285,926.6146240234375,552.58544921875,0.9775731563568115,923.1475219726562,528.3311157226562,0.997789740562439,918.57763671875,429.1982116699219,0.9986099004745483,979.8013305664062,508.6125793457031,0.9484033584594727,864.604248046875,516.8135375976562,0.9972986578941345,973.1410522460938,387.89837646484375,0.9870641231536865,847.9598999023438,397.5528564453125,0.9797036647796631,910.2446899414062,329.4743957519531,0.9991884827613831,870.9632568359375,199.1591339111328,0.9281624555587769,820.4234008789062,96.32202911376953,0.7255666255950928
2907,83.03258514404297,114.77201843261719,0.9995508790016174,1000.04248046875,84.4323959350586,0.9998520612716675,89.50914001464844,1030.467041015625,0.9995705485343933,1021.1280517578125,1023.9950561523438,0.9991937279701233,336.76361083984375,498.5703430175781,0.9988536834716797,334.4185485839844,610.2735595703125,0.9986635446548462,277.414794921875,557.6013793945312,0.9963955283164978,388.566162109375,558.2942504882812,0.9938669800758362,712.6619873046875,501.4892883300781,0.9954806566238403,757.2734375,717.863525390625,0.9998712539672852,689.026611328125,590.4857788085938,0.9949070811271667,780.9776611328125,561.34716796875,0.982348620891571,934.4685668945312,630.767822265625,0.9981557726860046,925.6546630859375,551.2096557617188,0.9894535541534424,921.7883911132812,527.8331909179688,0.9991507530212402,919.1608276367188,430.5411071777344,0.9988351464271545,978.3388061523438,505.8856201171875,0.9305306077003479,863.5502319335938,513.8447265625,0.9959224462509155,970.0158081054688,384.7408142089844,0.9675312042236328,849.7849731445312,394.8497009277344,0.9863112568855286,906.1538696289062,336.3097229003906,0.9993805885314941,870.2356567382812,197.03724670410156,0.9493303894996643,802.5704345703125,90.26459503173828,0.9708375334739685
2908,83.41798400878906,115.59027862548828,0.9997913241386414,998.2833862304688,82.86442565917969,0.9999010562896729,89.40514373779297,1030.642333984375,0.9996904134750366,1020.3948364257812,1023.1788330078125,0.9991820454597473,336.9706726074219,498.4732666015625,0.999062716960907,333.96197509765625,610.8291625976562,0.9983510971069336,276.5504455566406,557.2116088867188,0.9941641688346863,388.1927185058594,558.126708984375,0.9934505224227905,712.2279663085938,500.9004821777344,0.9922171831130981,756.5466918945312,716.7330932617188,0.9998165965080261,689.2429809570312,590.2831420898438,0.9909618496894836,779.0828247070312,557.3382568359375,0.949163556098938,934.5475463867188,629.7890625,0.9967435002326965,925.6123657226562,553.7230224609375,0.9925467371940613,921.6436157226562,530.359619140625,0.9992132186889648,919.9557495117188,429.3139953613281,0.9994640946388245,980.1736450195312,508.08612060546875,0.9755951166152954,862.7928466796875,514.0338745117188,0.9931420683860779,971.2637939453125,382.3701477050781,0.9687008261680603,854.3111572265625,397.419677734375,0.9939115047454834,907.58203125,330.1603088378906,0.996193528175354,870.9309692382812,197.70928955078125,0.974336564540863,758.8184204101562,99.5695571899414,0.5966759920120239
2909,82.25813293457031,115.245361328125,0.9998021721839905,998.593994140625,81.39537811279297,0.9999178647994995,89.913330078125,1030.3140869140625,0.9997846484184265,1020.6799926757812,1022.5676879882812,0.9991342425346375,337.8619689941406,498.5894470214844,0.9994309544563293,332.70556640625,610.09619140625,0.9982330799102783,277.6512756347656,556.38623046875,0.9980460405349731,387.96832275390625,557.6302490234375,0.9956009387969971,707.4271240234375,501.631103515625,0.9933736324310303,758.3687133789062,717.734375,0.9997270703315735,687.6323852539062,592.5269775390625,0.9958564639091492,778.8330078125,558.1360473632812,0.9045333862304688,935.5917358398438,622.629638671875,0.9991393089294434,930.4022216796875,544.6449584960938,0.9272657632827759,921.8251342773438,523.682861328125,0.9991148114204407,918.076171875,426.52117919921875,0.9994838237762451,980.2191162109375,494.62628173828125,0.9368776679039001,861.5496215820312,513.4174194335938,0.9966471791267395,972.1001586914062,384.0274658203125,0.9841839075088501,847.5087890625,395.1203918457031,0.9954835176467896,909.1688232421875,329.5491027832031,0.9987686276435852,871.0382690429688,200.0058135986328,0.8350174427032471,761.29296875,96.80178833007812,0.5751364827156067
2910,80.85860443115234,114.47074890136719,0.9995465874671936,999.9690551757812,83.2170181274414,0.9998775720596313,89.00443267822266,1029.864990234375,0.9997876286506653,1019.1024780273438,1023.4698486328125,0.9987156391143799,337.8655700683594,498.2501220703125,0.9994574189186096,332.5685119628906,610.3736572265625,0.997698962688446,278.1846923828125,555.9580078125,0.9967754483222961,387.3004150390625,557.7000122070312,0.9952868223190308,707.123046875,502.2025146484375,0.9845048189163208,757.4668579101562,718.6168823242188,0.9997363686561584,689.1387329101562,594.6199951171875,0.9988736510276794,781.1797485351562,557.171142578125,0.896237850189209,946.207763671875,626.0338134765625,0.9987459182739258,929.9163208007812,540.293212890625,0.9780492186546326,920.174560546875,521.158935546875,0.9989140033721924,919.42529296875,425.0116271972656,0.9996469020843506,980.2383422851562,491.813232421875,0.9367157220840454,862.1114501953125,510.23968505859375,0.9947439432144165,972.3316650390625,388.7857666015625,0.99710613489151,853.0560302734375,394.12506103515625,0.9659138321876526,910.6731567382812,329.01751708984375,0.9985626339912415,872.0302734375,208.2550048828125,0.8467841744422913,818.0916137695312,92.0386962890625,0.9563162326812744
2911,82.38819885253906,115.33534240722656,0.9997088313102722,998.2405395507812,86.2788314819336,0.9999246597290039,88.81449890136719,1027.928955078125,0.9996657371520996,1019.8560180664062,1022.7383422851562,0.9987748265266418,337.96636962890625,498.25732421875,0.998833954334259,331.33209228515625,610.2078857421875,0.9985920786857605,277.2873840332031,555.1992797851562,0.9986093044281006,387.5704345703125,559.7681884765625,0.9941760301589966,706.060302734375,501.6560363769531,0.989831805229187,756.4153442382812,715.6082153320312,0.9998676776885986,686.9758911132812,594.4390869140625,0.99647456407547,782.9072875976562,558.20751953125,0.961511492729187,955.0380859375,612.7175903320312,0.9773401021957397,930.14013671875,535.634765625,0.9655236005783081,922.0225219726562,515.5321655273438,0.9843180179595947,916.8854370117188,426.6797180175781,0.999610960483551,979.3734741210938,482.6896057128906,0.8538827896118164,866.2827758789062,510.505615234375,0.9741305112838745,969.4193725585938,391.6795959472656,0.98399817943573,856.8933715820312,398.3623352050781,0.7530871629714966,905.2108154296875,333.04315185546875,0.9994897842407227,868.4818725585938,210.7826690673828,0.9850358963012695,821.3191528320312,99.95878601074219,0.7788102030754089
2912,83.71607971191406,115.23652648925781,0.9997913241386414,998.7131958007812,85.68817901611328,0.9998056292533875,88.82595825195312,1029.469482421875,0.999553382396698,1020.804443359375,1022.05126953125,0.9982953667640686,338.23712158203125,498.55523681640625,0.9990701079368591,332.2630920410156,610.2158813476562,0.9984042048454285,278.185302734375,554.42919921875,0.9944883584976196,387.7115783691406,558.9271240234375,0.9958963394165039,707.4319458007812,501.45538330078125,0.9893378019332886,755.9119873046875,715.2973022460938,0.9998714923858643,687.6129150390625,594.7855834960938,0.9969314336776733,781.85400390625,562.7444458007812,0.9809664487838745,968.2220458984375,613.0528564453125,0.9774050116539001,934.0474853515625,531.4436645507812,0.8078678250312805,921.6126708984375,513.6551513671875,0.938856840133667,914.8486328125,419.68365478515625,0.999592125415802,981.0044555664062,475.9536437988281,0.9432926177978516,867.2930908203125,508.5406799316406,0.9923878908157349,969.0139770507812,388.0656433105469,0.9775453805923462,845.4354248046875,398.2106628417969,0.8997876048088074,909.1815795898438,330.8946533203125,0.9978669285774231,867.2654418945312,203.53317260742188,0.9339433312416077,756.3909912109375,92.0858383178711,0.6725646257400513
2913,84.0566635131836,114.46604919433594,0.9998493194580078,998.248046875,86.07044982910156,0.9998761415481567,89.6373062133789,1029.571044921875,0.9996540546417236,1021.6099243164062,1022.238037109375,0.9982171654701233,339.457275390625,498.5089111328125,0.998502254486084,330.76324462890625,609.299072265625,0.9989307522773743,277.699462890625,554.0674438476562,0.9979990124702454,387.95709228515625,560.4898071289062,0.997077465057373,707.05517578125,501.7255859375,0.988004207611084,755.9520874023438,715.7388916015625,0.9997767806053162,689.021484375,596.3873291015625,0.997342050075531,781.551513671875,556.596923828125,0.9688035249710083,980.1866455078125,611.2674560546875,0.9994977712631226,942.2274169921875,534.9490966796875,0.6423497200012207,922.2811279296875,513.36669921875,0.963707685470581,917.0550537109375,419.0255432128906,0.9985812902450562,982.5426635742188,477.6144104003906,0.5472326278686523,867.4310302734375,508.12457275390625,0.9898910522460938,967.1912231445312,380.2319641113281,0.9429098963737488,854.4584350585938,390.3085632324219,0.9836665391921997,908.81787109375,330.18975830078125,0.9979257583618164,868.0723266601562,202.33094787597656,0.905752420425415,812.2730102539062,93.34659576416016,0.7110302448272705
2914,82.1269302368164,114.79173278808594,0.9997263550758362,998.9191284179688,83.20979309082031,0.9999010562896729,89.69283294677734,1029.931640625,0.999320387840271,1020.2371215820312,1022.2064208984375,0.9990817308425903,338.75701904296875,498.73828125,0.998554527759552,333.8834228515625,609.8657836914062,0.9988052845001221,277.19073486328125,555.3248901367188,0.9949393272399902,386.64398193359375,559.1880493164062,0.9935610294342041,704.7028198242188,502.1006164550781,0.989111602306366,756.8088989257812,716.1663818359375,0.9996449947357178,685.5460815429688,589.551025390625,0.9887089133262634,781.819580078125,555.0596313476562,0.9659917950630188,982.6133422851562,613.6267700195312,0.9927846193313599,936.2394409179688,527.96533203125,0.5874036550521851,917.2323608398438,508.7869567871094,0.9139080047607422,913.8031616210938,417.8536071777344,0.994159460067749,978.8003540039062,460.3137512207031,0.9101787805557251,867.8067016601562,502.10943603515625,0.9808237552642822,963.9312744140625,381.0874328613281,0.9330935478210449,858.7152709960938,387.4263610839844,0.9565685987472534,908.1041870117188,333.0557861328125,0.9988037347793579,870.4906005859375,204.82264709472656,0.897443413734436,758.09619140625,94.78187561035156,0.7362549304962158
2915,83.35865020751953,113.91895294189453,0.9997382760047913,998.5631103515625,84.1778564453125,0.9998794794082642,89.37495422363281,1030.8231201171875,0.9991090893745422,1020.9042358398438,1021.9202880859375,0.9990012049674988,337.6119079589844,498.0858154296875,0.9984569549560547,334.0269775390625,609.3163452148438,0.9987471103668213,276.86932373046875,554.7346801757812,0.9925509691238403,386.01904296875,556.2784423828125,0.9952189326286316,707.3258666992188,501.12652587890625,0.9826971888542175,756.3448486328125,717.37744140625,0.999729335308075,690.2885131835938,594.2277221679688,0.996991753578186,783.03466796875,562.8162231445312,0.9538967609405518,991.2780151367188,611.3429565429688,0.9716697931289673,935.8646850585938,526.309814453125,0.9622981548309326,921.1491088867188,504.1927490234375,0.9938516616821289,911.693115234375,419.5302429199219,0.9978126287460327,979.9378051757812,460.9728698730469,0.9269689917564392,870.6319580078125,511.8048095703125,0.9974114298820496,962.0422973632812,378.8111572265625,0.9770677089691162,848.3334350585938,389.115966796875,0.9980175495147705,908.8533325195312,330.2539978027344,0.9991946816444397,869.7508544921875,210.46238708496094,0.985959529876709,758.5285034179688,90.01119995117188,0.6216550469398499
2916,82.85747528076172,114.07870483398438,0.9999114274978638,997.7277221679688,82.24282836914062,0.999850869178772,90.54025268554688,1029.6295166015625,0.9997703433036804,1019.4790649414062,1023.1245727539062,0.9994586110115051,337.7237243652344,498.67626953125,0.9994290471076965,333.26953125,609.4637451171875,0.9988179802894592,277.63671875,555.356201171875,0.9936866164207458,385.52301025390625,557.0629272460938,0.995935320854187,708.0819091796875,501.31964111328125,0.9780237078666687,757.0530395507812,717.7008666992188,0.9997758269309998,689.53662109375,594.1002197265625,0.9978440999984741,782.1685791015625,562.693603515625,0.9758685231208801,911.8148803710938,577.6510620117188,0.9890978336334229,935.659423828125,527.441162109375,0.9591522216796875,923.0462036132812,505.68853759765625,0.9861236810684204,912.479248046875,419.662841796875,0.9984700083732605,982.159912109375,462.2015380859375,0.9133925437927246,872.674560546875,510.4066162109375,0.9971530437469482,962.99462890625,376.66162109375,0.9465441107749939,849.5720825195312,386.7444152832031,0.9996311664581299,911.428466796875,330.2502136230469,0.9989405274391174,869.5470581054688,208.80345153808594,0.825023353099823,762.522705078125,91.7679443359375,0.9082438349723816
2917,83.5711441040039,114.80146789550781,0.999937891960144,998.1853637695312,83.53014373779297,0.999804675579071,89.98593139648438,1029.49853515625,0.9998113512992859,1018.1275634765625,1024.294189453125,0.9995083808898926,338.7148132324219,498.7361755371094,0.9993189573287964,331.80670166015625,609.0193481445312,0.9985916018486023,277.9341735839844,555.5370483398438,0.9922431111335754,385.857177734375,559.6612548828125,0.9964137673377991,706.9242553710938,500.90728759765625,0.9746342897415161,756.031005859375,717.6375732421875,0.999829888343811,683.46826171875,591.0419921875,0.9957400560379028,782.3468627929688,565.4483642578125,0.9627040028572083,993.6192016601562,604.9744873046875,0.9933429956436157,937.9313354492188,527.8004150390625,0.953386127948761,924.1077880859375,507.84600830078125,0.9875580072402954,912.9807739257812,421.3951721191406,0.9988027811050415,982.1702270507812,469.07781982421875,0.8613413572311401,871.7064819335938,512.2633666992188,0.9978333115577698,961.25390625,378.540771484375,0.8946266174316406,851.7398681640625,386.50823974609375,0.9989822506904602,910.12890625,331.9322204589844,0.9989843964576721,868.59375,201.54495239257812,0.5990995764732361,785.9778442382812,644.5267944335938,0.42059242725372314
2918,82.70235443115234,114.10614013671875,0.9997816681861877,996.199462890625,83.7576675415039,0.9999388456344604,91.1231689453125,1030.2506103515625,0.9997912049293518,1019.1184692382812,1023.1697387695312,0.9990584254264832,339.4268798828125,499.19232177734375,0.9993035793304443,331.802001953125,608.79638671875,0.9985082745552063,277.9599609375,556.3584594726562,0.9912739396095276,386.3013000488281,560.013671875,0.9962975382804871,709.5439453125,500.41815185546875,0.9912582039833069,756.8497924804688,717.5609130859375,0.999864935874939,687.1922607421875,592.8123779296875,0.9925339221954346,780.8687133789062,561.6630859375,0.932581901550293,992.6151733398438,605.8515014648438,0.9788468480110168,937.1707153320312,526.9823608398438,0.8748908042907715,922.901123046875,505.4845886230469,0.988628625869751,912.968505859375,420.4349365234375,0.9983586668968201,979.997314453125,461.6913757324219,0.8731122016906738,873.0189819335938,516.5714721679688,0.9971914887428284,962.6825561523438,377.52001953125,0.9664937257766724,850.3045043945312,389.9908752441406,0.9965544939041138,907.2098999023438,333.3567199707031,0.9994207620620728,870.4315185546875,210.20652770996094,0.8895490169525146,755.1317749023438,92.22998809814453,0.9853986501693726
2919,83.43434143066406,114.63801574707031,0.9997093081474304,998.1353149414062,84.58182525634766,0.9999022483825684,89.0251693725586,1029.9913330078125,0.9996010661125183,1020.727783203125,1023.3596801757812,0.9987674951553345,339.544677734375,499.11004638671875,0.9992237091064453,331.3912658691406,609.3047485351562,0.9984329342842102,278.0152587890625,555.7133178710938,0.9849162101745605,387.4394836425781,559.9452514648438,0.9968377351760864,706.81103515625,500.0700378417969,0.9865161180496216,756.8818969726562,717.60888671875,0.9997783303260803,688.8250122070312,591.1532592773438,0.9927543997764587,780.9171752929688,555.8677978515625,0.9522092342376709,992.2777099609375,607.0523681640625,0.9773356914520264,935.9718627929688,527.8977661132812,0.9072720408439636,921.2865600585938,503.86151123046875,0.9856394529342651,914.224365234375,420.24102783203125,0.9990366697311401,981.547119140625,468.56329345703125,0.8675864934921265,873.995361328125,517.6461181640625,0.9986581802368164,962.1585693359375,377.1645812988281,0.9745721220970154,853.01513671875,390.0574035644531,0.9951867461204529,909.9151000976562,330.22467041015625,0.9993185997009277,870.9185180664062,212.06460571289062,0.9404484033584595,816.69140625,96.63410949707031,0.739769697189331
2920,83.03453826904297,115.3987808227539,0.9999115467071533,997.4262084960938,84.25839233398438,0.9999336004257202,89.1859130859375,1030.43701171875,0.999645471572876,1020.183349609375,1023.2598876953125,0.9989000558853149,340.2606506347656,499.4207458496094,0.9991488456726074,331.4602966308594,608.4910888671875,0.9991993308067322,278.1274719238281,554.2089233398438,0.9946874380111694,387.42913818359375,560.2930908203125,0.9973611235618591,710.9014282226562,501.80999755859375,0.9782122373580933,757.796142578125,717.6251220703125,0.9996780157089233,690.7408447265625,593.5327758789062,0.9974587559700012,777.3228759765625,555.5619506835938,0.9618346095085144,990.5042724609375,611.0451049804688,0.9709643721580505,935.1743774414062,526.1419677734375,0.9214978814125061,922.0736694335938,504.75799560546875,0.9740458130836487,910.991455078125,422.17047119140625,0.9991629123687744,983.3782348632812,466.6861877441406,0.9144962430000305,872.6456909179688,513.3985595703125,0.9915832877159119,964.7078857421875,381.3755187988281,0.9782100319862366,848.5025024414062,390.85260009765625,0.9969893097877502,909.3650512695312,330.3262939453125,0.9991238713264465,872.0557250976562,211.0689239501953,0.9247845411300659,814.6902465820312,98.01258087158203,0.8258177638053894
2921,82.87470245361328,114.43602752685547,0.9998677968978882,997.6888427734375,85.33067321777344,0.9999309778213501,89.56819915771484,1029.245361328125,0.9997881054878235,1019.2161865234375,1022.252197265625,0.9989417195320129,338.69451904296875,499.19207763671875,0.9995297193527222,331.4268798828125,608.7318115234375,0.998955249786377,277.6245422363281,554.6302490234375,0.9955313801765442,388.1460266113281,558.1397705078125,0.996377170085907,710.1001586914062,501.00433349609375,0.990332305431366,756.9360961914062,718.6366577148438,0.9998001456260681,688.55419921875,594.4990234375,0.9977191090583801,780.0692749023438,557.8700561523438,0.9656816720962524,993.1753540039062,614.9803466796875,0.9602468609809875,933.743896484375,527.7041625976562,0.9317904114723206,921.5399780273438,503.33441162109375,0.9879607558250427,913.8911743164062,420.9631042480469,0.9975388050079346,980.7386474609375,473.48333740234375,0.8743195533752441,872.2978515625,512.73974609375,0.9980983138084412,965.7793579101562,380.1556701660156,0.8442615270614624,848.555419921875,388.1737976074219,0.9990890026092529,909.2765502929688,329.0741271972656,0.9986543655395508,872.8162231445312,211.8280487060547,0.8998580574989319,757.9766235351562,93.21871948242188,0.9942617416381836
2922,81.14260864257812,114.54122924804688,0.9998619556427002,998.4031372070312,82.69635009765625,0.999893307685852,90.69317626953125,1029.6573486328125,0.9998713731765747,1022.0548095703125,1022.80810546875,0.9989026784896851,339.583740234375,499.15374755859375,0.9995670914649963,331.8050537109375,609.6982421875,0.9990129470825195,277.5303649902344,553.7728271484375,0.9953241944313049,387.56658935546875,558.2256469726562,0.9978852868080139,711.1012573242188,500.5895690917969,0.9863850474357605,756.3309936523438,717.8269653320312,0.9998612403869629,687.8618774414062,594.527587890625,0.9966424703598022,778.6559448242188,562.35498046875,0.8918947577476501,987.7935791015625,614.0763549804688,0.9443944096565247,933.2238159179688,527.7720336914062,0.9682598114013672,921.6475830078125,502.7543640136719,0.9907399415969849,912.31396484375,419.22113037109375,0.9987491369247437,982.055419921875,474.6278381347656,0.9548110365867615,871.6686401367188,513.6241455078125,0.9988345503807068,965.6815185546875,379.86492919921875,0.9806330800056458,845.4970703125,390.3819274902344,0.9987886548042297,907.3055419921875,331.54119873046875,0.999414324760437,872.2627563476562,212.04525756835938,0.9242914915084839,760.7572021484375,94.85063934326172,0.6617761254310608
2923,82.75251770019531,115.68122100830078,0.9999161958694458,998.625732421875,84.40250396728516,0.9999181032180786,90.12872314453125,1028.686279296875,0.9998942613601685,1020.5901489257812,1022.8368530273438,0.9991017580032349,339.4854431152344,499.5472106933594,0.9993507266044617,332.8987731933594,609.9261474609375,0.9990842342376709,277.9596252441406,554.791015625,0.9939712882041931,388.20391845703125,560.0066528320312,0.9973568916320801,710.7291259765625,499.61114501953125,0.989095151424408,756.6406860351562,720.3306884765625,0.9996929168701172,687.9877319335938,592.6891479492188,0.995943009853363,778.575439453125,553.068359375,0.946551501750946,979.5970458984375,608.4129638671875,0.976111888885498,934.1514892578125,527.0916748046875,0.9684657454490662,921.2479858398438,503.8199462890625,0.9810804724693298,913.8846435546875,420.1764221191406,0.9983737468719482,983.5701293945312,475.8722839355469,0.9648854732513428,871.4816284179688,511.7393493652344,0.9883301258087158,967.9197387695312,382.68560791015625,0.9460894465446472,853.7503051757812,387.9733581542969,0.9991862177848816,909.5060424804688,328.6195068359375,0.997911274433136,872.510498046875,213.542236328125,0.9409649968147278,784.2423095703125,644.9718627929688,0.49775558710098267
2924,83.42848205566406,115.40681457519531,0.9999300241470337,997.1386108398438,86.78459930419922,0.9999288320541382,88.85790252685547,1030.2388916015625,0.999729335308075,1022.2880859375,1022.5087280273438,0.9992700219154358,338.8840637207031,499.4708557128906,0.9995911717414856,333.7913818359375,609.1630249023438,0.9988730549812317,277.9603271484375,555.3751831054688,0.9965674877166748,387.8040771484375,560.3496704101562,0.9967086315155029,708.768310546875,501.1082458496094,0.9920831918716431,757.4247436523438,718.8528442382812,0.9996461868286133,688.488037109375,595.0416870117188,0.9977210164070129,780.1363525390625,567.0481567382812,0.7725386023521423,984.9259643554688,611.3508911132812,0.9298932552337646,934.7338256835938,528.0866088867188,0.9754756689071655,920.5751953125,503.5618896484375,0.9922791719436646,913.6557006835938,419.7937927246094,0.9971731901168823,983.3193969726562,476.38726806640625,0.8601676821708679,870.9393310546875,513.01611328125,0.9970077872276306,966.0588989257812,382.08087158203125,0.7578656673431396,851.4375610351562,384.6546325683594,0.9992738366127014,907.9632568359375,330.4654846191406,0.999440610408783,872.9452514648438,218.5226287841797,0.9633024334907532,758.3994140625,94.53994750976562,0.9645276665687561
2925,84.2520751953125,115.84393310546875,0.9998087286949158,997.1151733398438,83.6990737915039,0.9998477697372437,90.69160461425781,1031.2579345703125,0.9998190999031067,1022.1041870117188,1022.2000732421875,0.9989156723022461,338.9944763183594,499.5536804199219,0.9995131492614746,334.0989990234375,609.6740112304688,0.9987786412239075,277.7747497558594,555.4935302734375,0.9959354400634766,388.3726806640625,560.9197387695312,0.997965931892395,710.872802734375,500.5841064453125,0.9872857928276062,756.4656372070312,720.1581420898438,0.999664306640625,687.757568359375,593.634765625,0.9979070425033569,779.9405517578125,553.718994140625,0.8031555414199829,988.651611328125,606.5576782226562,0.9786462187767029,934.1625366210938,531.439208984375,0.9585378766059875,921.3805541992188,505.69500732421875,0.9830600619316101,912.5300903320312,420.8814392089844,0.9977449178695679,983.368896484375,474.0603942871094,0.9744489192962646,871.5150756835938,512.348388671875,0.9934707880020142,966.2530517578125,380.0436706542969,0.938096284866333,845.7238159179688,389.58209228515625,0.9990516304969788,906.7453002929688,329.96490478515625,0.9994644522666931,871.0731811523438,210.5731964111328,0.9133110642433167,749.558349609375,97.49406433105469,0.9877347350120544
2926,82.25602722167969,114.16800689697266,0.9998108744621277,999.5077514648438,83.40806579589844,0.9998993873596191,89.32487487792969,1029.3004150390625,0.9997872710227966,1021.873291015625,1022.6279296875,0.9987815022468567,337.94573974609375,499.07275390625,0.9996793270111084,331.12384033203125,609.1583862304688,0.9993638396263123,277.8953857421875,553.3451538085938,0.9980711340904236,388.4013671875,558.9673461914062,0.9964575171470642,708.4058227539062,500.8887939453125,0.9876922965049744,755.8599243164062,717.1718139648438,0.9997957348823547,688.0870971679688,593.447021484375,0.9979183077812195,781.3181762695312,563.1436157226562,0.9037829637527466,980.5256958007812,602.989501953125,0.9868061542510986,935.7405395507812,532.5877685546875,0.9711215496063232,921.3883666992188,507.7290344238281,0.9359208345413208,912.6526489257812,419.95306396484375,0.9980766773223877,980.10986328125,473.3009948730469,0.920310378074646,873.2296752929688,519.4072875976562,0.9985829591751099,962.8328857421875,382.1236877441406,0.9165815114974976,845.8010864257812,390.9569396972656,0.9949057102203369,908.6445922851562,329.57366943359375,0.9992115497589111,870.4407348632812,206.73153686523438,0.9552991390228271,815.5438232421875,90.48741149902344,0.8121169805526733
2927,82.97010040283203,114.47723388671875,0.9998418092727661,998.0884399414062,83.79153442382812,0.9999412298202515,89.75146484375,1029.4559326171875,0.999830961227417,1021.3309936523438,1022.8660278320312,0.9986829161643982,338.2563781738281,499.100830078125,0.99953293800354,332.70721435546875,609.6331787109375,0.9992407560348511,277.3798828125,553.1913452148438,0.9963968396186829,386.75885009765625,558.9334716796875,0.9973478317260742,709.2168579101562,501.8028259277344,0.9825220108032227,755.2778930664062,719.0222778320312,0.9996963739395142,688.5435180664062,595.171875,0.9977691173553467,780.8848876953125,560.74658203125,0.9785158634185791,991.5196533203125,606.0875854492188,0.959865152835846,937.1188354492188,538.0631713867188,0.9874394536018372,923.3175659179688,515.8412475585938,0.9931895732879639,912.7388305664062,423.6197204589844,0.9959701299667358,979.3259887695312,477.6347961425781,0.9757876396179199,875.348388671875,524.4407348632812,0.9958297610282898,961.1044921875,379.0270080566406,0.688620388507843,843.8855590820312,388.79766845703125,0.997831404209137,909.4487915039062,329.3604736328125,0.9994484782218933,872.3214721679688,213.32687377929688,0.9798206090927124,754.0215454101562,93.06741333007812,0.9249897599220276
2928,82.87214660644531,115.3160629272461,0.9998281002044678,999.8367919921875,82.57151794433594,0.9997079968452454,89.39816284179688,1028.021484375,0.9998681545257568,1022.2734375,1022.2035522460938,0.9990288019180298,338.7364807128906,499.01416015625,0.9995323419570923,331.67474365234375,608.5082397460938,0.9989755153656006,277.95916748046875,553.5213012695312,0.9968780279159546,386.44317626953125,559.9561767578125,0.9973655343055725,710.7725830078125,501.7055358886719,0.9839158654212952,756.2081909179688,718.5455322265625,0.9997952580451965,689.6731567382812,595.8495483398438,0.9984796643257141,782.25830078125,557.0376586914062,0.8621717095375061,993.7582397460938,607.8291015625,0.9601287245750427,940.5928344726562,540.4867553710938,0.9527368545532227,923.0291748046875,517.2604370117188,0.9941810965538025,906.373779296875,423.3009338378906,0.9920834302902222,980.847412109375,478.7052001953125,0.9680624604225159,875.3919067382812,527.1415405273438,0.9965884685516357,962.8565673828125,380.9855041503906,0.941412627696991,844.1636352539062,389.57940673828125,0.9975621700286865,907.2548217773438,329.42242431640625,0.9995284080505371,870.425048828125,211.67042541503906,0.9318498969078064,756.5047607421875,94.32740783691406,0.8254825472831726
2929,82.34212493896484,114.29864501953125,0.9997547268867493,997.9507446289062,83.34309387207031,0.9999395608901978,89.8548812866211,1029.306884765625,0.9998397827148438,1021.9677124023438,1022.946533203125,0.9992228746414185,338.7704162597656,499.2315368652344,0.9994521737098694,331.1651611328125,607.8460083007812,0.9984636306762695,278.2762451171875,552.8275146484375,0.9965112805366516,386.729736328125,559.83154296875,0.9975249171257019,709.8909301757812,500.9414978027344,0.9926112294197083,756.0358276367188,718.3041381835938,0.999750554561615,687.9342651367188,596.8182983398438,0.9981120824813843,780.0734252929688,555.2140502929688,0.9711515307426453,991.6018676757812,602.5150756835938,0.9956375956535339,939.9658813476562,542.632080078125,0.9843012690544128,923.1704711914062,517.426025390625,0.9955594539642334,906.9683227539062,427.53802490234375,0.9968923926353455,984.375,490.7764587402344,0.9956177473068237,873.1982421875,529.000732421875,0.998668909072876,966.0088500976562,390.4543762207031,0.9430460929870605,846.063232421875,394.3987731933594,0.9970701932907104,907.23828125,330.1577453613281,0.9996379613876343,870.557373046875,209.99285888671875,0.9082716703414917,755.9281616210938,90.46427154541016,0.641747236251831
2930,82.59884643554688,113.68963623046875,0.9997798800468445,998.1066284179688,82.76061248779297,0.9999203681945801,90.00161743164062,1028.8485107421875,0.9998515844345093,1022.874267578125,1022.168212890625,0.9992755055427551,338.5005187988281,499.4516296386719,0.9995132684707642,331.76019287109375,608.5225830078125,0.9979332685470581,277.9035949707031,554.576416015625,0.994936466217041,386.86773681640625,558.3301391601562,0.9964193105697632,711.5264892578125,501.02978515625,0.9938196539878845,756.5277709960938,716.84423828125,0.9998179078102112,687.740234375,596.3720703125,0.9978538155555725,779.646240234375,560.5611572265625,0.9408931136131287,996.5635375976562,611.5050048828125,0.9895012974739075,941.5858154296875,544.7169799804688,0.9871523976325989,925.5726318359375,519.5377197265625,0.9968313574790955,911.5032958984375,427.9724426269531,0.9960386753082275,985.7557983398438,495.14385986328125,0.9967517852783203,876.4739990234375,526.62158203125,0.998885452747345,972.2749633789062,394.4559020996094,0.8368313312530518,846.3045654296875,390.6147766113281,0.9984461665153503,907.1278076171875,330.1776123046875,0.9995081424713135,870.1616821289062,209.61843872070312,0.9308151006698608,754.04931640625,101.21622467041016,0.5700743794441223
2931,81.73088836669922,114.33956909179688,0.9998182654380798,998.2904052734375,83.91856384277344,0.9999213218688965,91.26831817626953,1028.45654296875,0.9999045133590698,1020.9622192382812,1022.4985961914062,0.998880922794342,338.85430908203125,499.3564147949219,0.9994974136352539,332.6849365234375,608.3096923828125,0.9985219836235046,277.78912353515625,553.6566772460938,0.9958211183547974,386.75335693359375,558.3855590820312,0.9976081848144531,709.6133422851562,502.7366638183594,0.9932770133018494,755.8304443359375,717.195556640625,0.9997135996818542,688.7863159179688,595.31689453125,0.9983121156692505,781.6759643554688,566.3746948242188,0.9739863872528076,990.1881103515625,610.6736450195312,0.9962356686592102,938.435302734375,542.4733276367188,0.989570140838623,923.7697143554688,518.3994750976562,0.9973478317260742,910.8949584960938,430.6567687988281,0.9982247948646545,986.5670166015625,492.9108581542969,0.9958357810974121,876.1876831054688,526.969482421875,0.9991582632064819,964.2843627929688,387.1973571777344,0.8915985226631165,845.480224609375,391.9751281738281,0.9969878792762756,906.51318359375,328.3456115722656,0.9994633793830872,868.9556884765625,202.76327514648438,0.948549747467041,747.850341796875,96.79843139648438,0.9666553139686584
2932,82.59770965576172,114.4123306274414,0.9996668100357056,996.3739624023438,83.51008605957031,0.9999558925628662,90.35965728759766,1030.2864990234375,0.9997618794441223,1022.1053466796875,1022.9955444335938,0.9993764758110046,337.2492980957031,498.595703125,0.999040424823761,332.93646240234375,610.1721801757812,0.9983129501342773,277.6766357421875,553.9551391601562,0.9957802295684814,386.8183898925781,558.9387817382812,0.9963716268539429,710.3038940429688,502.2707214355469,0.9976645708084106,757.2897338867188,715.6224365234375,0.9998874664306641,691.056884765625,598.8134155273438,0.9989223480224609,781.2091064453125,564.0706787109375,0.9683522582054138,972.205078125,607.3779907226562,0.9940491914749146,943.2201538085938,549.25048828125,0.9549769163131714,929.5970458984375,529.5640869140625,0.9962809681892395,913.0845947265625,434.1213073730469,0.9988235831260681,983.1489868164062,501.1007385253906,0.9830005168914795,874.0925903320312,526.4285278320312,0.9963765740394592,966.0653076171875,383.73687744140625,0.9890860319137573,849.0564575195312,389.1656494140625,0.9969269633293152,907.0401000976562,329.9181213378906,0.9994572997093201,871.67626953125,212.31802368164062,0.8277477025985718,802.4521484375,90.14359283447266,0.702487051486969
2933,83.06820678710938,112.73636627197266,0.9996269941329956,995.9793090820312,84.09317779541016,0.9998835325241089,89.30758666992188,1029.5799560546875,0.9998584985733032,1022.2069702148438,1024.2332763671875,0.9995571970939636,336.78106689453125,498.4779052734375,0.9991241097450256,332.38665771484375,608.9082641601562,0.9988395571708679,277.8299560546875,554.1915283203125,0.9976800084114075,386.3350524902344,557.776123046875,0.9955655932426453,706.626220703125,501.4600830078125,0.9934473633766174,756.4266967773438,717.2823486328125,0.9998548030853271,690.1843872070312,596.9769897460938,0.9980937838554382,775.316162109375,565.3936767578125,0.9141632914543152,943.024169921875,615.3570556640625,0.9990129470825195,939.2445068359375,562.060546875,0.9954407215118408,929.8614501953125,542.5269165039062,0.9971646666526794,918.1565551757812,437.2879638671875,0.9991112351417542,977.751708984375,511.225341796875,0.9490619897842407,871.1389770507812,528.2914428710938,0.9972909092903137,967.9202270507812,377.82049560546875,0.9766273498535156,844.0759887695312,394.463623046875,0.9983273148536682,907.9285278320312,330.60809326171875,0.9996708631515503,869.4563598632812,203.54579162597656,0.975243330001831,754.7617797851562,104.75325775146484,0.7397648692131042
2934,82.09090423583984,114.25814819335938,0.999937891960144,998.4133911132812,82.3507308959961,0.9997617602348328,89.98299407958984,1029.764404296875,0.999882698059082,1021.6622314453125,1022.8018798828125,0.9990819692611694,337.8436584472656,499.0342102050781,0.9994298815727234,332.412109375,609.3521118164062,0.9988849759101868,276.8721008300781,554.2892456054688,0.9972100853919983,386.4610290527344,556.944580078125,0.9961777925491333,707.9351196289062,500.44573974609375,0.9942223429679871,757.669189453125,717.7054443359375,0.9997043013572693,688.9813232421875,596.4656982421875,0.9966723918914795,779.0474243164062,567.8362426757812,0.8270309567451477,923.3440551757812,614.5882568359375,0.9998629093170166,931.6893310546875,569.1785888671875,0.9948662519454956,929.64892578125,547.7506103515625,0.9968934059143066,923.9384155273438,436.32330322265625,0.9987657070159912,979.1748657226562,523.1712036132812,0.9767976403236389,870.971435546875,520.1705932617188,0.997905969619751,969.9981689453125,379.647216796875,0.9590920805931091,843.7894287109375,398.95513916015625,0.988366425037384,907.5887451171875,330.93316650390625,0.9996845722198486,868.9780883789062,201.81924438476562,0.981428861618042,804.1162109375,88.70902252197266,0.21243715286254883
2935,81.81782531738281,113.05643463134766,0.9993689656257629,998.462158203125,82.80416107177734,0.9997844099998474,88.45280456542969,1030.372314453125,0.9998125433921814,1022.6618041992188,1022.5847778320312,0.9987831711769104,337.2185974121094,498.8247375488281,0.9994043111801147,333.1959533691406,609.8764038085938,0.9989973902702332,277.8650207519531,553.4692993164062,0.996994137763977,386.93365478515625,556.853759765625,0.9931613206863403,706.8049926757812,502.2808532714844,0.9876219630241394,757.0090942382812,717.5573120117188,0.9998039603233337,690.2108764648438,596.7745361328125,0.9976668357849121,775.0970458984375,566.4620361328125,0.8806787729263306,913.8782348632812,616.6121215820312,0.9991080164909363,923.0775146484375,576.6781616210938,0.9806610345840454,923.1605834960938,554.0709228515625,0.9189763069152832,923.204345703125,437.7675476074219,0.9981064796447754,975.1181030273438,523.5856323242188,0.9941978454589844,867.4397583007812,523.0780639648438,0.993339478969574,979.5289916992188,393.8306579589844,0.9910179376602173,845.5297241210938,398.94287109375,0.990100085735321,905.1485595703125,335.3653564453125,0.9994346499443054,871.1213989257812,206.89183044433594,0.9798088669776917,820.6845703125,93.57682800292969,0.7705318331718445
2936,82.35774230957031,115.1468734741211,0.9995840191841125,998.4140014648438,82.14490509033203,0.9997878670692444,89.28202819824219,1029.1419677734375,0.9998229146003723,1023.1102905273438,1022.3589477539062,0.9990645051002502,336.74407958984375,498.5163269042969,0.9991914629936218,334.339111328125,610.1966552734375,0.9984449744224548,277.63836669921875,555.2335815429688,0.9973535537719727,388.0027770996094,555.1222534179688,0.9956177473068237,707.1220703125,500.637451171875,0.9974825978279114,758.48291015625,717.2373046875,0.999855637550354,690.4271240234375,597.0055541992188,0.9967969059944153,777.6592407226562,545.5948486328125,0.875347375869751,899.9837036132812,617.9901123046875,0.985431969165802,915.2921142578125,580.231201171875,0.9698725342750549,914.7903442382812,556.1486206054688,0.9771474003791809,922.291015625,436.3328857421875,0.998542308807373,967.67822265625,527.5596313476562,0.9953758716583252,862.31103515625,525.715576171875,0.9835875630378723,977.695556640625,390.3229675292969,0.9954740405082703,842.6090087890625,398.8175964355469,0.9977250695228577,908.9820556640625,327.2411193847656,0.999332845211029,871.8482055664062,205.55967712402344,0.9516772031784058,753.5623168945312,101.00492095947266,0.816885769367218
2937,82.9740982055664,114.21040344238281,0.9997439980506897,996.3480224609375,84.00609588623047,0.9998031258583069,89.48865509033203,1028.9246826171875,0.9998359680175781,1019.7675170898438,1022.5899658203125,0.9985113739967346,337.7573547363281,498.2256774902344,0.999325156211853,334.4857177734375,609.7213745117188,0.9987976551055908,277.5184020996094,554.2124633789062,0.9950802326202393,387.5862121582031,555.9017333984375,0.9961209893226624,708.4517822265625,500.8388366699219,0.9923017024993896,757.831787109375,718.6525268554688,0.9996802806854248,689.47900390625,595.8695678710938,0.998094379901886,779.9927978515625,558.0125122070312,0.9659661054611206,892.4091796875,619.5928344726562,0.9780162572860718,911.5581665039062,576.6892700195312,0.9414992928504944,911.8533325195312,553.1231079101562,0.951166570186615,920.5835571289062,439.6014099121094,0.9983172416687012,965.38818359375,527.1585083007812,0.9932470321655273,862.9030151367188,526.5556030273438,0.9847174286842346,973.456787109375,386.9889221191406,0.9773721098899841,846.8806762695312,399.2084655761719,0.9960758090019226,909.54833984375,328.0936584472656,0.9986293315887451,870.8390502929688,201.40335083007812,0.9722981452941895,796.2705688476562,88.5384750366211,0.6585479378700256
2938,82.51911926269531,117.0771255493164,0.9997342228889465,997.4696655273438,83.83526611328125,0.9999172687530518,89.13928985595703,1029.4447021484375,0.9997039437294006,1020.93701171875,1022.8490600585938,0.9987494945526123,335.97003173828125,498.53521728515625,0.9991427659988403,335.2261657714844,609.1253662109375,0.9992086291313171,277.6287841796875,556.4881591796875,0.9982106685638428,387.3692932128906,556.1686401367188,0.994046688079834,706.4237060546875,500.1200866699219,0.9909997582435608,757.8234252929688,717.379150390625,0.999862551689148,687.3092651367188,594.6265258789062,0.9976781010627747,779.965087890625,556.2010498046875,0.9707446098327637,897.340576171875,623.9984130859375,0.9134597778320312,912.0542602539062,581.7324829101562,0.9807860255241394,913.1237182617188,561.0668334960938,0.8671701550483704,918.4721069335938,443.04547119140625,0.9992067217826843,962.721435546875,534.2536010742188,0.9883161187171936,860.7628173828125,524.1140747070312,0.9766724109649658,977.1182250976562,395.1939392089844,0.9751176834106445,849.7692260742188,395.7353515625,0.996587872505188,907.1495971679688,328.4366760253906,0.998897910118103,869.5181884765625,203.04051208496094,0.9874207377433777,763.2069702148438,93.79695129394531,0.9945113658905029
2939,82.49862670898438,114.49169921875,0.9995960593223572,999.6641235351562,82.61052703857422,0.9998395442962646,88.8535385131836,1030.4130859375,0.9997202754020691,1023.6202392578125,1022.1637573242188,0.9991427659988403,337.38934326171875,498.7872009277344,0.9994812607765198,334.44622802734375,609.9813842773438,0.9991782307624817,277.8596496582031,556.3091430664062,0.9983522891998291,387.8861389160156,558.1974487304688,0.9945070147514343,707.1738891601562,499.28271484375,0.9887795448303223,756.760009765625,718.2964477539062,0.9997962117195129,687.5244750976562,596.1971435546875,0.998515784740448,781.7752075195312,558.883056640625,0.9067590832710266,892.0100708007812,626.5885620117188,0.9858995079994202,914.0418090820312,583.9033203125,0.9837141036987305,912.93017578125,564.6015625,0.8735042214393616,919.2423095703125,443.9077453613281,0.9995090961456299,964.9871215820312,540.2200927734375,0.9925588369369507,861.9560546875,529.5228271484375,0.9966411590576172,973.474853515625,391.79180908203125,0.9742859601974487,845.3726806640625,400.0694885253906,0.9957045912742615,908.0321655273438,328.9133605957031,0.9961621761322021,869.1707153320312,201.82615661621094,0.9062591791152954,750.6118774414062,105.66958618164062,0.7757018804550171
2940,82.99698638916016,113.80146789550781,0.9997889399528503,997.3424072265625,83.86856842041016,0.9999188184738159,88.78990936279297,1030.2052001953125,0.9996547698974609,1021.4287109375,1023.0880737304688,0.9992232322692871,336.9504699707031,498.956787109375,0.9989699125289917,335.2939147949219,609.9734497070312,0.999420166015625,278.6748352050781,556.4718017578125,0.9983478784561157,387.7191162109375,557.919677734375,0.9916091561317444,706.4017944335938,501.0940856933594,0.993270218372345,756.2223510742188,718.6942749023438,0.999704897403717,688.9693603515625,597.4869384765625,0.9981698989868164,781.803955078125,555.622802734375,0.741714358329773,887.2918701171875,656.80712890625,0.9647082686424255,904.951904296875,617.4928588867188,0.9246962666511536,908.2467651367188,592.24169921875,0.8652936220169067,922.90771484375,447.0546875,0.9985694885253906,961.8515014648438,561.5641479492188,0.935164213180542,865.60888671875,547.4910278320312,0.980430006980896,980.7769165039062,402.0622253417969,0.9883384108543396,847.501953125,403.8744201660156,0.9979506134986877,904.0238037109375,334.5457763671875,0.9990052580833435,869.7261962890625,202.61744689941406,0.9725896120071411,799.1406860351562,91.14237213134766,0.8752861618995667
2941,83.14239501953125,116.66358184814453,0.9998995065689087,996.3658447265625,84.9706039428711,0.9999184608459473,89.57221221923828,1029.3857421875,0.999799907207489,1020.77880859375,1023.2216796875,0.9992777705192566,337.3598937988281,498.6823425292969,0.9993120431900024,333.91845703125,611.1449584960938,0.9985686540603638,278.6344909667969,554.511474609375,0.9989625215530396,387.4521789550781,558.4695434570312,0.9937507510185242,709.955322265625,500.2086181640625,0.9940465688705444,756.946044921875,719.24609375,0.999742329120636,688.9108276367188,593.1394653320312,0.9975090026855469,784.3140258789062,567.2340087890625,0.8857586979866028,884.1556396484375,715.7797241210938,0.8021161556243896,905.6146850585938,653.8790283203125,0.8485996127128601,912.8421630859375,618.7787475585938,0.5392227172851562,923.4425659179688,481.070556640625,0.9851160645484924,960.5457763671875,588.4903564453125,0.7819583415985107,870.878173828125,580.6260375976562,0.9683319330215454,977.085693359375,415.6724548339844,0.9972534775733948,847.9089965820312,417.279052734375,0.9498680830001831,908.2505493164062,342.9444885253906,0.9949833154678345,868.6552124023438,208.18455505371094,0.9952604174613953,821.7213745117188,99.6554183959961,0.9587029814720154
2942,83.20306396484375,114.62401580810547,0.9997201561927795,997.4923706054688,84.68962860107422,0.9999204874038696,88.82612609863281,1028.65234375,0.9998495578765869,1022.6224365234375,1021.8142700195312,0.9988061189651489,336.1938171386719,498.34625244140625,0.9991133809089661,334.8276672363281,610.6512451171875,0.9984564781188965,277.69683837890625,556.5228271484375,0.9990112781524658,387.2590026855469,556.8478393554688,0.9924356341362,709.619384765625,500.48114013671875,0.9962542057037354,757.2196655273438,718.9988403320312,0.999767005443573,687.43359375,595.3455200195312,0.9988609552383423,781.5590209960938,558.3535766601562,0.958600640296936,885.2012329101562,784.8591918945312,0.994429886341095,898.7066040039062,736.2719116210938,0.9741792678833008,900.8789672851562,718.68408203125,0.8993209004402161,930.5421752929688,515.0299072265625,0.9548157453536987,942.4344482421875,678.1901245117188,0.7132437229156494,864.1005249023438,660.6047973632812,0.927848219871521,978.24755859375,426.0269470214844,0.9997162222862244,853.5028686523438,435.8887939453125,0.9383177757263184,921.9363403320312,360.6583251953125,0.8985846638679504,874.1322631835938,210.5695037841797,0.5851817727088928,822.831787109375,120.59534454345703,0.761920154094696
2943,82.16728210449219,115.36536407470703,0.9997597336769104,996.8359375,84.38200378417969,0.9999403953552246,90.13948059082031,1029.9300537109375,0.9998548030853271,1023.0875854492188,1022.6702880859375,0.9986349940299988,336.990478515625,499.0779724121094,0.9992664456367493,333.7397155761719,609.31689453125,0.9980372786521912,278.2266845703125,555.6001586914062,0.9979572296142578,387.5655517578125,558.2667236328125,0.9944403767585754,707.9135131835938,501.08758544921875,0.9900997281074524,759.0924072265625,720.1762084960938,0.9990737438201904,687.8976440429688,594.5936889648438,0.9981813430786133,783.1573486328125,563.0684814453125,0.9444558620452881,871.1873168945312,850.1145629882812,0.9796870946884155,889.9563598632812,796.8974609375,0.988620400428772,894.802490234375,769.0084838867188,0.9165012836456299,936.3695068359375,562.1546020507812,0.9225379228591919,935.2535400390625,745.1283569335938,0.896674633026123,857.3955078125,714.810546875,0.9726291298866272,980.0299072265625,456.9477233886719,0.9985347986221313,880.7804565429688,482.2677307128906,0.11790817230939865,939.71240234375,401.60772705078125,0.9962034821510315,903.0665283203125,257.1283874511719,0.9027169942855835,847.268798828125,147.8457489013672,0.7627610564231873
2944,82.51639556884766,114.36287689208984,0.9999256134033203,997.0176391601562,83.97824096679688,0.9997568726539612,89.07123565673828,1031.11962890625,0.9996623992919922,1020.384033203125,1023.4381103515625,0.998624324798584,337.53118896484375,498.9913330078125,0.9991827607154846,333.12652587890625,609.7392578125,0.9984183311462402,278.04144287109375,554.1015014648438,0.9986708164215088,387.213134765625,559.5309448242188,0.9961808919906616,711.7476806640625,500.19140625,0.9957635402679443,756.9486694335938,718.50048828125,0.9996107220649719,689.0641479492188,593.1792602539062,0.9982837438583374,784.3307495117188,562.2646484375,0.9303731322288513,862.9468383789062,907.0361938476562,0.9966288208961487,876.9950561523438,848.79443359375,0.9884194135665894,880.804443359375,831.7302856445312,0.8196473121643066,922.8042602539062,620.157470703125,0.9957303404808044,926.8972778320312,788.2935180664062,0.7656523585319519,851.1651000976562,755.6045532226562,0.9870374202728271,981.4913330078125,523.9581909179688,0.8316618800163269,881.3203125,529.8641357421875,0.7059665322303772,946.7136840820312,452.2124938964844,0.9991914629936218,928.6380004882812,287.6167297363281,0.7670519351959229,823.123046875,142.8438262939453,0.9979439377784729
2945,83.45195007324219,115.26061248779297,0.9998315572738647,995.4910888671875,82.61756896972656,0.9998769760131836,89.34957122802734,1030.122314453125,0.9996145963668823,1022.1947021484375,1022.7193603515625,0.9987566471099854,337.066162109375,498.9072265625,0.9994426369667053,334.1696472167969,609.213134765625,0.9990363121032715,278.2919921875,554.3626708984375,0.9974266886711121,386.9444885253906,558.4358520507812,0.997286319732666,708.030517578125,500.8028869628906,0.9973214268684387,761.0960693359375,719.2672729492188,0.9990449547767639,688.6824951171875,596.811279296875,0.9981735944747925,784.1845092773438,564.3638305664062,0.9618729948997498,871.1720581054688,940.8372192382812,0.8880826830863953,870.8561401367188,889.0230102539062,0.9106519818305969,872.9241943359375,866.83837890625,0.3710743188858032,908.909423828125,698.0819091796875,0.9148616790771484,927.4771728515625,803.8362426757812,0.3559599816799164,984.0729370117188,600.3894653320312,0.38486844301223755,982.8330078125,590.17138671875,0.8680784106254578,869.8893432617188,585.7723388671875,0.6753944158554077,931.6807250976562,518.5274047851562,0.9976194500923157,946.03759765625,346.221923828125,0.5960492491722107,901.6629638671875,228.83660888671875,0.7512462735176086
2946,85.1380386352539,114.41053009033203,0.9996196031570435,997.2974853515625,84.56578826904297,0.9998862743377686,89.32799530029297,1029.8037109375,0.9996926784515381,1020.2890625,1022.6690063476562,0.9991602897644043,335.77789306640625,498.6441955566406,0.9992320537567139,334.1252136230469,609.284912109375,0.9985265731811523,277.62841796875,555.653076171875,0.9975220561027527,386.4406433105469,557.7277221679688,0.9964033365249634,710.04248046875,500.5245361328125,0.9959653615951538,761.8917846679688,718.7286376953125,0.9988635778427124,689.5528564453125,596.1342163085938,0.998508870601654,780.1146850585938,550.9449462890625,0.9672442078590393,913.3224487304688,995.1253051757812,0.38496431708335876,880.634765625,941.1802978515625,0.9763677716255188,876.931396484375,925.7055053710938,0.8807259202003479,897.0040283203125,728.9365844726562,0.8703349232673645,913.53759765625,844.8809814453125,0.6678206920623779,842.1870727539062,902.745361328125,0.3006514012813568,817.687255859375,838.6382446289062,0.9464699029922485,856.6053466796875,642.01953125,0.9977263808250427,917.8348388671875,571.935546875,0.9935033917427063,927.35009765625,475.583251953125,0.827235996723175,937.855712890625,274.26251220703125,0.6500319838523865
2947,82.60879516601562,115.11043548583984,0.9999426603317261,996.1671752929688,84.57801818847656,0.9998420476913452,89.79315948486328,1030.9429931640625,0.9998086094856262,1019.7513427734375,1022.5914916992188,0.9994220733642578,336.6243591308594,498.6319580078125,0.9994213581085205,333.7522888183594,610.0669555664062,0.9986716508865356,277.8693542480469,555.6011352539062,0.9972323775291443,386.2753601074219,558.2130737304688,0.9962114095687866,710.012939453125,500.8612976074219,0.9786840081214905,759.5888061523438,719.0415649414062,0.9992881417274475,688.2391967773438,595.3298950195312,0.998145580291748,779.6336669921875,557.6500244140625,0.9875961542129517,899.4768676757812,967.3363647460938,0.6210664510726929,894.7442016601562,939.0328979492188,0.9522194862365723,889.0206909179688,911.66943359375,0.6575126051902771,887.2503051757812,749.6241455078125,0.9148759245872498,925.7391967773438,863.31103515625,0.877078652381897,829.9009399414062,873.1136474609375,0.9005879163742065,965.7128295898438,728.712890625,0.8549865484237671,844.2105102539062,678.7020874023438,0.9935716390609741,918.9669189453125,602.7976684570312,0.9507827758789062,928.2745971679688,367.97491455078125,0.9241044521331787,926.9262084960938,293.04132080078125,0.8123632669448853
2948,82.28827667236328,115.85880279541016,0.9998916387557983,997.6031494140625,84.71847534179688,0.9998366832733154,89.40821075439453,1030.317626953125,0.9998295307159424,1019.1760864257812,1023.1923217773438,0.9991881251335144,336.0337829589844,498.6892395019531,0.999137282371521,333.4521484375,609.8220825195312,0.9984575510025024,277.12518310546875,554.9535522460938,0.9982654452323914,386.5901794433594,558.271728515625,0.9978182315826416,710.0204467773438,502.1814880371094,0.9964447617530823,759.1563110351562,717.9834594726562,0.9996101260185242,687.8718872070312,594.8562622070312,0.997808039188385,778.5496826171875,555.2747802734375,0.9578664898872375,929.9370727539062,996.2754516601562,0.9489546418190002,906.889404296875,944.9281005859375,0.8683270215988159,900.544677734375,922.8978881835938,0.93543541431427,890.8121337890625,753.3428344726562,0.8912298083305359,935.0542602539062,866.9187622070312,0.8880212306976318,844.016357421875,878.2059326171875,0.9440938234329224,970.0947875976562,733.7080688476562,0.9640819430351257,844.1119995117188,694.1222534179688,0.9547762870788574,922.2720947265625,626.2615356445312,0.993064820766449,921.174072265625,491.69976806640625,0.7403523325920105,915.505615234375,303.3251647949219,0.14919313788414001
2949,82.4647216796875,115.22405242919922,0.9997588992118835,996.8684692382812,81.57469940185547,0.999901533126831,89.37632751464844,1030.1324462890625,0.999824583530426,1020.52587890625,1022.9525756835938,0.9982300400733948,337.390869140625,499.2281188964844,0.999491810798645,332.6849060058594,609.5315551757812,0.9989854693412781,277.4708251953125,554.87841796875,0.998340368270874,386.5666809082031,558.257568359375,0.9981209635734558,708.8395385742188,503.3960876464844,0.9934574961662292,759.3536376953125,717.4645385742188,0.9997202754020691,689.1029052734375,595.381103515625,0.9978920817375183,778.8635864257812,561.7869262695312,0.9694721698760986,929.8678588867188,997.4793090820312,0.7446268200874329,914.150390625,941.2509155273438,0.9923682808876038,905.7199096679688,920.6666870117188,0.9193352460861206,896.6094360351562,759.3514404296875,0.9768524169921875,940.4849853515625,871.1954345703125,0.5851470828056335,846.9119873046875,875.5629272460938,0.8474226593971252,973.0795288085938,724.9403686523438,0.9947836995124817,839.4436645507812,699.019775390625,0.9828218817710876,924.4198608398438,624.7311401367188,0.9961732029914856,922.5049438476562,435.4243469238281,0.8108528256416321,793.3772583007812,532.377197265625,0.7594462037086487
2950,82.24408721923828,115.46366119384766,0.9998434782028198,996.005615234375,84.26659393310547,0.9999336004257202,88.77849578857422,1030.685302734375,0.9997310042381287,1018.0164794921875,1022.9533081054688,0.9978558421134949,336.6200866699219,498.8223876953125,0.9994383454322815,333.839111328125,609.265625,0.9982506632804871,277.8678894042969,554.3086547851562,0.9983536005020142,387.3656005859375,557.25341796875,0.9968634843826294,707.0557861328125,501.99969482421875,0.994806706905365,759.6582641601562,718.8536987304688,0.9993663430213928,689.3565063476562,596.7393798828125,0.9991580247879028,777.5416870117188,554.5870361328125,0.976509690284729,916.2716674804688,993.2966918945312,0.24735254049301147,910.8298950195312,931.30615234375,0.9858545660972595,905.808837890625,909.9134521484375,0.9465194344520569,896.8409423828125,764.6861572265625,0.9948810338973999,945.0706176757812,867.6234130859375,0.6083140969276428,845.9456176757812,867.551025390625,0.9554873108863831,972.1251831054688,738.9849243164062,0.9704675674438477,836.4453125,701.886474609375,0.9837311506271362,923.8490600585938,626.9022827148438,0.998207688331604,922.2704467773438,496.841552734375,0.783944845199585,921.1231079101562,277.9903869628906,0.7474154829978943
2951,82.56958770751953,114.68087005615234,0.9999232292175293,996.3369140625,84.76473999023438,0.9999407529830933,89.2763671875,1030.8187255859375,0.9997332692146301,1020.4423217773438,1022.2338256835938,0.9984703660011292,336.0041198730469,498.9366149902344,0.9992648959159851,334.9359436035156,608.8909912109375,0.9988850951194763,277.4195251464844,555.1448364257812,0.9986380934715271,387.4442138671875,556.560791015625,0.9955630302429199,707.9553833007812,500.43896484375,0.9978017210960388,757.3489379882812,718.5115356445312,0.999643087387085,689.0779418945312,596.2286987304688,0.9982200264930725,777.4832763671875,553.8162231445312,0.9734137654304504,903.2902221679688,1004.9064331054688,0.20104917883872986,891.3221435546875,936.298828125,0.9902295470237732,891.0929565429688,907.0761108398438,0.982554018497467,903.544189453125,761.6560668945312,0.9918374419212341,937.5598754882812,873.9251098632812,0.919812798500061,840.7793579101562,868.0823974609375,0.961183488368988,974.7662353515625,735.1824340820312,0.9977454543113708,833.3174438476562,709.9476928710938,0.9969756603240967,924.195556640625,627.4444580078125,0.9989504218101501,926.7796020507812,503.3403015136719,0.6213870048522949,921.3042602539062,277.1943054199219,0.27851247787475586
2952,81.23645782470703,113.88418579101562,0.9997579455375671,995.89501953125,84.48686218261719,0.9999446868896484,89.26876068115234,1029.89111328125,0.9997939467430115,1020.5919799804688,1022.2151489257812,0.9978079199790955,337.2865295410156,499.31402587890625,0.9994667172431946,332.65325927734375,608.987548828125,0.9986322522163391,277.8920593261719,555.4140625,0.9979279041290283,386.2999572753906,558.1038818359375,0.9952837824821472,708.7708129882812,501.18450927734375,0.998364269733429,756.73388671875,717.2238159179688,0.9997994303703308,688.00537109375,595.4651489257812,0.998336672782898,776.1015625,551.9960327148438,0.9448186159133911,867.3890380859375,998.0762329101562,0.091440349817276,879.4520874023438,920.760498046875,0.9300488233566284,887.2197875976562,891.5180053710938,0.9767518043518066,910.64404296875,758.2914428710938,0.9977511763572693,933.8269653320312,869.0802001953125,0.4951193928718567,837.0592651367188,852.9871215820312,0.9498321413993835,975.6046752929688,730.8984375,0.9981232285499573,836.9451904296875,705.8001708984375,0.9968301653862,927.1140747070312,631.3206787109375,0.9980655312538147,927.8500366210938,509.5454406738281,0.8698199391365051,920.0137939453125,273.3447265625,0.89628666639328
2953,83.86772918701172,112.54562377929688,0.9998939037322998,997.1889038085938,84.20711517333984,0.9999582767486572,89.55998992919922,1029.024658203125,0.9996774196624756,1019.5059204101562,1023.20166015625,0.9991010427474976,335.8258972167969,498.8239440917969,0.9993746876716614,334.8226318359375,609.1666259765625,0.9982848763465881,278.0000915527344,557.016357421875,0.998964786529541,386.4095764160156,555.9171752929688,0.9955204725265503,710.6199951171875,500.8962707519531,0.9973347783088684,757.7047729492188,717.5282592773438,0.9997598528862,686.6978149414062,594.6814575195312,0.9973871111869812,782.1651000976562,558.4024047851562,0.9798007011413574,861.9772338867188,992.0493774414062,0.106722891330719,877.84375,912.4028930664062,0.9876420497894287,883.9879150390625,879.38232421875,0.9829014539718628,911.0032348632812,756.767822265625,0.9983575940132141,935.1146240234375,859.9508666992188,0.9414079785346985,840.98388671875,839.7028198242188,0.9843756556510925,976.8696899414062,732.829833984375,0.9952648878097534,837.5701904296875,708.2981567382812,0.9971201419830322,927.135498046875,639.5548095703125,0.996635377407074,932.7425537109375,502.64154052734375,0.8166131377220154,920.5311279296875,277.748779296875,0.7706615924835205
2954,83.58036041259766,114.84938049316406,0.9999046325683594,995.4548950195312,82.61833953857422,0.9999065399169922,90.13838958740234,1029.8211669921875,0.9998456239700317,1022.1317138671875,1022.8372192382812,0.9983469247817993,336.3362121582031,499.0254821777344,0.999014139175415,334.8636169433594,609.080322265625,0.9984844326972961,278.2436218261719,556.8605346679688,0.9994753003120422,386.5934143066406,558.1370239257812,0.9946198463439941,710.5321655273438,501.7043762207031,0.9981343150138855,757.1329345703125,717.5162353515625,0.999690055847168,686.966064453125,593.2936401367188,0.9986263513565063,782.9014892578125,561.1821899414062,0.9462963938713074,868.7237548828125,970.0761108398438,0.7568594217300415,878.1134643554688,899.0917358398438,0.9888297915458679,886.039794921875,871.3054809570312,0.9771229028701782,911.524658203125,753.2540283203125,0.9991723299026489,937.5289306640625,852.0690307617188,0.9061204791069031,838.4157104492188,832.2210083007812,0.9791896343231201,976.1190795898438,728.5912475585938,0.9949914813041687,839.8390502929688,703.7747802734375,0.9963293671607971,929.5508422851562,638.547119140625,0.9980514049530029,932.0223999023438,502.7735290527344,0.8354927897453308,920.094970703125,282.2515869140625,0.7114975452423096
2955,82.91923522949219,113.55518341064453,0.9997689127922058,998.73779296875,84.5159912109375,0.9999192953109741,90.11260986328125,1030.3663330078125,0.999729335308075,1020.8369140625,1022.5818481445312,0.9990977048873901,335.4993896484375,499.1175231933594,0.9989410042762756,334.0719299316406,609.6187133789062,0.9989217519760132,277.9410095214844,555.0827026367188,0.9982014894485474,385.9083251953125,557.1290283203125,0.9957029223442078,710.200927734375,500.62017822265625,0.9843268990516663,757.7576293945312,718.3894653320312,0.9997569918632507,688.4441528320312,594.298095703125,0.9976125955581665,781.0840454101562,558.6332397460938,0.9873139262199402,887.251220703125,934.318359375,0.07916826754808426,886.76904296875,886.009033203125,0.9805624485015869,879.4579467773438,861.1754760742188,0.9819915890693665,912.4876098632812,746.57666015625,0.9992996454238892,938.97216796875,829.8478393554688,0.804011344909668,836.6102294921875,831.7178955078125,0.9641238451004028,979.1455688476562,730.3021240234375,0.995603084564209,844.6416015625,698.67724609375,0.974656343460083,931.9696655273438,641.6596069335938,0.9974843263626099,939.3967895507812,513.4480590820312,0.9706939458847046,918.26953125,275.4605407714844,0.9538329839706421
2956,83.06686401367188,114.14079284667969,0.9999105930328369,996.0855102539062,85.80421447753906,0.9999439716339111,90.72647857666016,1028.5140380859375,0.9997082352638245,1020.2153930664062,1021.6197509765625,0.9980478286743164,336.7899169921875,498.58148193359375,0.9991784691810608,334.51239013671875,609.39404296875,0.9982062578201294,278.1958923339844,555.7542724609375,0.9990003705024719,387.1913757324219,557.909423828125,0.9963359832763672,711.7306518554688,500.5970764160156,0.9900572896003723,756.9998168945312,716.7098999023438,0.9998586177825928,687.2322387695312,593.9908447265625,0.9971935153007507,781.3324584960938,556.1690673828125,0.938819944858551,969.169921875,968.7384643554688,0.10096743702888489,896.4085083007812,876.3373413085938,0.9951475262641907,889.69677734375,858.8729248046875,0.9960798621177673,913.38818359375,746.142333984375,0.9974710941314697,944.9568481445312,836.9320678710938,0.9285019040107727,841.2198486328125,842.772705078125,0.9096063375473022,977.1755981445312,729.9967041015625,0.9928823709487915,858.2565307617188,704.479248046875,0.3737390339374542,934.1348876953125,636.8641357421875,0.9949938654899597,948.0907592773438,516.0324096679688,0.7886857390403748,921.546875,282.44403076171875,0.8991071581840515
2957,83.52638244628906,114.32798767089844,0.9997808337211609,996.7999267578125,83.55611419677734,0.9998595714569092,89.44328308105469,1029.741943359375,0.9995701909065247,1020.03369140625,1023.9017333984375,0.9988638162612915,337.8559265136719,498.7007751464844,0.9986885190010071,332.9953918457031,609.0167846679688,0.9988715052604675,277.5049743652344,553.3947143554688,0.9989848732948303,387.67816162109375,558.6385498046875,0.9944473505020142,710.353759765625,501.1438903808594,0.9977498650550842,756.0945434570312,715.5988159179688,0.9998094439506531,689.6648559570312,598.0031127929688,0.998336136341095,780.8047485351562,562.2133178710938,0.9751654267311096,914.0476684570312,903.0183715820312,0.05618485435843468,917.1371459960938,868.4096069335938,0.8093843460083008,905.3401489257812,845.0029296875,0.6362209916114807,914.8455200195312,736.7898559570312,0.9978219270706177,956.1741943359375,816.7581176757812,0.8993048071861267,850.5939331054688,846.1973266601562,0.854669988155365,965.5877075195312,706.9945068359375,0.9734269380569458,853.2798461914062,704.0187377929688,0.6194138526916504,922.714111328125,644.5115356445312,0.9829505085945129,941.9473266601562,446.04522705078125,0.8057626485824585,923.1607055664062,286.8374328613281,0.22596129775047302
2958,82.38160705566406,113.01860046386719,0.9999123811721802,998.8463745117188,83.67340087890625,0.9999309778213501,88.84026336669922,1028.6800537109375,0.9996867179870605,1020.1251220703125,1022.218017578125,0.9993459582328796,337.6805419921875,499.2716064453125,0.9992583394050598,332.9290771484375,608.843994140625,0.9986214637756348,277.346435546875,554.1034545898438,0.9986411929130554,387.18719482421875,559.0437622070312,0.995471715927124,708.3612670898438,502.2232360839844,0.9985836744308472,756.1119384765625,716.228271484375,0.999782383441925,688.55859375,594.3477783203125,0.9983336329460144,779.4817504882812,557.1362915039062,0.9792286157608032,998.0889282226562,895.8260498046875,0.46370065212249756,932.3152465820312,858.783935546875,0.901788592338562,923.6080322265625,841.956787109375,0.6661595702171326,914.8729248046875,732.934326171875,0.9957923889160156,964.7884521484375,807.162109375,0.41734135150909424,847.4578247070312,791.6261596679688,0.2616405487060547,967.1354370117188,708.0858764648438,0.9914671182632446,856.3358154296875,697.0288696289062,0.5900970101356506,925.2582397460938,643.2811279296875,0.966061532497406,942.1865844726562,445.3721923828125,0.8718151450157166,923.8850708007812,338.92919921875,0.20247729122638702
2959,81.33969116210938,114.83162689208984,0.9998408555984497,998.239013671875,86.12647247314453,0.9998218417167664,89.52871704101562,1030.1671142578125,0.9996904134750366,1018.6015014648438,1022.5668334960938,0.9993467926979065,338.0943298339844,499.6133728027344,0.998582124710083,332.96343994140625,608.9027709960938,0.998781144618988,276.7372741699219,552.9312133789062,0.9990987777709961,387.5315246582031,560.0919799804688,0.9932625889778137,707.174560546875,501.1408386230469,0.997328519821167,757.3731079101562,715.0897827148438,0.9998574256896973,687.7730712890625,595.954345703125,0.9977051615715027,780.5963134765625,557.5894165039062,0.969454824924469,1024.433837890625,885.20458984375,0.9862322211265564,937.973876953125,842.9896850585938,0.9828456044197083,912.5421142578125,820.8339233398438,0.915202796459198,917.6102905273438,732.4392700195312,0.9515754580497742,979.2212524414062,809.8804321289062,0.9292606711387634,858.8963012695312,809.9353637695312,0.20416581630706787,966.2609252929688,705.3309326171875,0.990259051322937,854.608154296875,708.6787109375,0.3940785527229309,928.874755859375,636.607666015625,0.9767867922782898,943.23095703125,464.9957275390625,0.46489936113357544,926.0779418945312,349.60186767578125,0.15783192217350006
2960,82.28736114501953,113.4582748413086,0.9999356269836426,996.5510864257812,85.36246490478516,0.9999161958694458,90.72381591796875,1030.42919921875,0.9998797178268433,1019.88818359375,1023.4880981445312,0.9992376565933228,338.14324951171875,499.4992370605469,0.9989792108535767,333.28839111328125,608.6383666992188,0.9989393353462219,277.439697265625,554.8424072265625,0.9985826015472412,387.8594970703125,559.7363891601562,0.9962899684906006,708.5465087890625,502.1795349121094,0.9974702596664429,757.3722534179688,716.310302734375,0.9998928308486938,688.4439086914062,596.5803833007812,0.9984002709388733,781.547607421875,562.4955444335938,0.9836668968200684,1034.740966796875,868.6287231445312,0.9756906628608704,934.0833129882812,834.2609252929688,0.9864040613174438,913.0467529296875,814.3381958007812,0.972727358341217,912.3897705078125,727.0211181640625,0.9504154324531555,979.8410034179688,795.8178100585938,0.3586752712726593,856.3860473632812,792.87353515625,0.19513162970542908,963.713134765625,702.588134765625,0.9947687387466431,845.8726196289062,709.5238647460938,0.6391794681549072,927.322509765625,637.8098754882812,0.9456737041473389,946.6141967773438,530.3259887695312,0.9680249691009521,924.4444580078125,337.9358825683594,0.19043540954589844
2961,83.11007690429688,114.03868103027344,0.9998341798782349,999.4701538085938,85.45709228515625,0.9997207522392273,90.044921875,1029.245849609375,0.9997795224189758,1020.5535888671875,1022.5089111328125,0.9994195699691772,336.85369873046875,499.18487548828125,0.9991360306739807,333.6093444824219,608.737060546875,0.9987879395484924,277.698974609375,554.8623046875,0.9977002739906311,386.718994140625,559.2536010742188,0.9959912896156311,708.0487670898438,501.7718811035156,0.9971469044685364,756.5220947265625,716.7977294921875,0.9998623132705688,689.1002197265625,598.285400390625,0.9981493949890137,780.8292846679688,563.7308959960938,0.9853890538215637,1034.398681640625,858.4488525390625,0.9882819056510925,934.7239379882812,823.97119140625,0.9292840361595154,901.9512939453125,801.5269165039062,0.9746419787406921,912.7083740234375,724.4263305664062,0.9775672554969788,971.7066650390625,787.4843139648438,0.9724306464195251,840.699951171875,774.4520874023438,0.7689290046691895,963.4906005859375,704.0166015625,0.9988839030265808,850.6240844726562,704.6410522460938,0.6821117997169495,926.8911743164062,644.6390991210938,0.9840499758720398,940.6265869140625,444.4590148925781,0.950001060962677,923.0225830078125,332.8919372558594,0.5135359168052673
2962,84.23786163330078,114.29499816894531,0.9998082518577576,998.066650390625,86.91184997558594,0.9998971223831177,89.95980834960938,1029.2281494140625,0.99983811378479,1020.0982666015625,1021.855712890625,0.9989798665046692,337.6098327636719,498.9546813964844,0.9994366765022278,332.65142822265625,608.6268920898438,0.9987820982933044,277.58038330078125,554.2017211914062,0.9983910918235779,387.03216552734375,559.5347290039062,0.9981416463851929,706.6446533203125,501.5260925292969,0.9990047812461853,757.2824096679688,716.3598022460938,0.9998729228973389,690.1446533203125,599.83984375,0.9985252022743225,779.117919921875,566.4544677734375,0.966883659362793,1043.8382568359375,852.749755859375,0.9942125678062439,1017.16552734375,842.515869140625,0.943889856338501,907.4537963867188,800.6168823242188,0.9827094078063965,911.0521240234375,723.3233642578125,0.9547992944717407,968.3355102539062,779.8793334960938,0.842492938041687,840.5828857421875,772.7152099609375,0.8933407664299011,962.3630981445312,707.0382690429688,0.9984304308891296,846.2012939453125,708.6925659179688,0.8334690928459167,928.5587158203125,640.8705444335938,0.9206629991531372,942.1896362304688,439.28076171875,0.8976808786392212,927.6170043945312,341.5757751464844,0.4798588454723358
2963,84.42048645019531,114.19279479980469,0.9995676875114441,998.36181640625,86.31131744384766,0.9999045133590698,90.5882339477539,1029.68212890625,0.999835729598999,1021.416748046875,1022.0875244140625,0.9990966320037842,337.5660400390625,498.632568359375,0.9994064569473267,333.6650695800781,608.728271484375,0.9988915324211121,277.8543395996094,554.1193237304688,0.9969227910041809,386.84210205078125,559.0747680664062,0.9981772899627686,707.969970703125,500.9449462890625,0.9983906745910645,756.51416015625,716.3334350585938,0.9998899698257446,688.5789794921875,597.2239379882812,0.9988332390785217,780.2435302734375,556.268798828125,0.9795998334884644,1045.1256103515625,853.8054809570312,0.9729011654853821,936.2162475585938,820.1575317382812,0.9464340209960938,909.658935546875,802.49951171875,0.9877195358276367,906.4370727539062,723.443603515625,0.9774914979934692,965.6873168945312,780.7367553710938,0.8791871666908264,841.5715942382812,779.544677734375,0.47507402300834656,968.6988525390625,716.560546875,0.9967592358589172,847.7326049804688,701.9060668945312,0.9500061869621277,925.5216064453125,643.4408569335938,0.9752684831619263,944.5311889648438,533.1997680664062,0.8840475678443909,920.303466796875,322.6927795410156,0.8216403722763062
2964,83.42274475097656,114.49514770507812,0.9994083642959595,998.2487182617188,82.77790832519531,0.9999192953109741,90.743896484375,1029.1865234375,0.9997643828392029,1020.58251953125,1023.4224853515625,0.9989557266235352,335.7223205566406,498.8967590332031,0.9993785619735718,334.9709167480469,608.994873046875,0.9990986585617065,277.9748229980469,555.0462036132812,0.9980904459953308,387.1001892089844,557.8665161132812,0.994422972202301,708.8279418945312,502.21990966796875,0.9984832406044006,756.4960327148438,717.5137939453125,0.9998927116394043,687.3292236328125,596.2789916992188,0.998790442943573,781.3069458007812,558.37890625,0.9801263213157654,1040.60009765625,857.09375,0.9770838618278503,1016.6458129882812,845.4739990234375,0.9247449040412903,909.1217651367188,804.745361328125,0.9720872044563293,905.5977172851562,722.7477416992188,0.9811038970947266,971.1906127929688,785.4205932617188,0.69419926404953,841.8416137695312,768.536865234375,0.19795724749565125,961.2298583984375,712.5068969726562,0.9959410429000854,843.4660034179688,704.1863403320312,0.9651570916175842,927.8551025390625,638.7059936523438,0.9853518605232239,939.9259643554688,440.1258544921875,0.7442026734352112,922.5704956054688,344.8770446777344,0.6425475478172302
2965,83.07148742675781,114.2511215209961,0.9999054670333862,996.96923828125,87.19055938720703,0.9998260140419006,89.1623306274414,1029.802734375,0.9997397065162659,1018.99462890625,1023.8845825195312,0.9990720748901367,336.541015625,499.5041809082031,0.9993776679039001,334.6794738769531,609.7587280273438,0.9994723200798035,278.41998291015625,556.2108154296875,0.9984226226806641,388.2696228027344,558.2369384765625,0.9936530590057373,709.60546875,501.2375793457031,0.9965425133705139,756.2559814453125,716.3603515625,0.9998332262039185,688.2864379882812,598.2554321289062,0.998676598072052,781.2203979492188,552.8526611328125,0.9372761845588684,1039.2384033203125,858.1910400390625,0.9816085696220398,1018.6043090820312,849.1808471679688,0.9536548256874084,904.3763427734375,805.2048950195312,0.973688542842865,907.0162353515625,723.0773315429688,0.9593113660812378,970.8980712890625,784.86767578125,0.18275441229343414,838.3152465820312,776.6239624023438,0.20609493553638458,963.5225219726562,713.2765502929688,0.995420515537262,845.5230712890625,705.3869018554688,0.9530550837516785,927.2297973632812,639.970703125,0.9604606032371521,943.6216430664062,532.0768432617188,0.7880327105522156,917.7691650390625,317.2564392089844,0.18045662343502045
2966,83.0456314086914,115.99773406982422,0.9998034834861755,997.602294921875,83.68840789794922,0.9999438524246216,90.62615203857422,1030.2906494140625,0.9998341798782349,1020.2366333007812,1022.9052734375,0.999401330947876,337.0076599121094,499.86279296875,0.9992027878761292,334.15240478515625,609.2443237304688,0.999242901802063,277.75,555.79833984375,0.997443675994873,386.8037414550781,557.9442138671875,0.9950687885284424,710.7493896484375,502.004150390625,0.996600329875946,758.3634033203125,717.2483520507812,0.9998446702957153,690.01171875,597.490478515625,0.9986408352851868,780.6826171875,561.1837768554688,0.9770848751068115,1043.85546875,840.9078979492188,0.9722263216972351,935.08056640625,825.6893920898438,0.9614185690879822,910.0200805664062,807.9740600585938,0.997204065322876,908.138916015625,725.80859375,0.9962514042854309,967.1973266601562,776.6466674804688,0.8073222041130066,833.488525390625,779.30859375,0.5144543051719666,964.655517578125,713.2147827148438,0.9962957501411438,846.5274658203125,698.8286743164062,0.9301870465278625,924.1007690429688,643.0716552734375,0.990262508392334,943.1765747070312,484.062255859375,0.7478519082069397,791.34521484375,528.5053100585938,0.23094739019870758
2967,82.9183578491211,116.96522521972656,0.9998074173927307,997.0203857421875,84.34817504882812,0.9999430179595947,90.54962158203125,1028.8857421875,0.99981290102005,1018.8877563476562,1023.43896484375,0.9989124536514282,337.5287170410156,499.6421813964844,0.9994379878044128,333.7376403808594,608.1963500976562,0.9990701079368591,278.2164001464844,555.7255859375,0.996156632900238,386.98162841796875,558.5717163085938,0.9959508180618286,708.71337890625,501.50592041015625,0.9977464079856873,758.143798828125,717.5770874023438,0.9998103976249695,688.8803100585938,598.4668579101562,0.9983813762664795,779.5517578125,559.6912231445312,0.9466353058815002,1059.245361328125,819.16064453125,0.9858733415603638,1020.3589477539062,819.81396484375,0.8808457851409912,912.22216796875,811.77099609375,0.9391551613807678,903.0357055664062,724.7236328125,0.9862717390060425,975.1322631835938,777.812744140625,0.30886179208755493,830.0718994140625,775.9515380859375,0.529760479927063,965.8592529296875,718.586669921875,0.9941821694374084,843.7523803710938,697.39208984375,0.9856107234954834,924.0418701171875,641.7686157226562,0.98759925365448,938.7053833007812,433.1764221191406,0.7956871390342712,919.2102661132812,332.0364074707031,0.5418259501457214
2968,82.29205322265625,116.13890075683594,0.9997467398643494,996.8761596679688,84.00450897216797,0.9999016523361206,89.86583709716797,1030.548095703125,0.999708354473114,1019.5281372070312,1023.9547119140625,0.99907386302948,336.592529296875,499.0141906738281,0.9988355040550232,335.4247131347656,609.2987670898438,0.9989043474197388,276.8376159667969,557.2484130859375,0.9982954859733582,386.8975524902344,557.8692626953125,0.9949919581413269,711.1411743164062,501.6341552734375,0.9978740215301514,759.1422729492188,716.91455078125,0.9997931122779846,689.9312133789062,596.2233276367188,0.9985429048538208,777.7711181640625,552.2788696289062,0.914925217628479,1058.4366455078125,811.2472534179688,0.9830759763717651,1019.9247436523438,810.1817016601562,0.7551651000976562,913.9652099609375,804.8161010742188,0.8317854404449463,899.9628295898438,717.549072265625,0.906496524810791,953.6539306640625,766.0242919921875,0.17981281876564026,826.5465087890625,774.5315551757812,0.46481576561927795,964.235107421875,723.5357055664062,0.9728823304176331,851.6467895507812,689.7785034179688,0.8647007346153259,924.8723754882812,637.3595581054688,0.9910233020782471,942.5186767578125,527.4901123046875,0.8484334945678711,927.034912109375,350.6263122558594,0.7211889624595642
2969,82.76947021484375,115.83658599853516,0.9996455907821655,997.7120361328125,84.83019256591797,0.9999312162399292,90.00544738769531,1030.1036376953125,0.9997434020042419,1021.1296997070312,1022.5642700195312,0.999150276184082,337.3448791503906,498.96893310546875,0.9993650317192078,333.3167419433594,609.854736328125,0.9977712631225586,277.30145263671875,556.67431640625,0.9982873797416687,387.3599548339844,558.5748291015625,0.9957140684127808,709.60400390625,501.9337158203125,0.996855616569519,758.7510986328125,716.0692749023438,0.9998778104782104,688.1181640625,598.4619750976562,0.9981101751327515,778.69873046875,554.1875610351562,0.9820730686187744,1062.197998046875,809.946533203125,0.8213825821876526,1021.3153686523438,807.8352661132812,0.8617376685142517,915.8773803710938,808.0304565429688,0.9301941394805908,897.27734375,712.078369140625,0.861711323261261,976.3490600585938,768.6641235351562,0.34242504835128784,823.5579223632812,770.6513061523438,0.626335620880127,964.3582153320312,718.177734375,0.9853954911231995,844.4248657226562,689.3327026367188,0.834183931350708,924.0101318359375,635.2500610351562,0.9954339861869812,943.1152954101562,521.7993774414062,0.729186475276947,927.2455444335938,360.23638916015625,0.6628283262252808
2970,82.72673797607422,114.2257080078125,0.999763548374176,995.7221069335938,83.92259979248047,0.9998589754104614,89.89305877685547,1030.1368408203125,0.9998514652252197,1019.637451171875,1022.5692138671875,0.9986445307731628,336.3988342285156,498.7599792480469,0.9992087483406067,334.4601135253906,609.19091796875,0.9972187280654907,276.7915954589844,555.381103515625,0.9991067051887512,387.0752868652344,557.6768188476562,0.9967575669288635,709.2787475585938,501.8797607421875,0.9960311055183411,759.1488037109375,716.3102416992188,0.9998070597648621,686.45751953125,599.8795166015625,0.9947097301483154,780.10595703125,560.0944213867188,0.9715386033058167,1059.75732421875,803.0748901367188,0.9147071242332458,1021.8242797851562,804.7501831054688,0.747733473777771,912.2536010742188,807.0567016601562,0.9821610450744629,904.509765625,718.0274047851562,0.7461181879043579,968.0526123046875,847.9677124023438,0.06600365042686462,819.288818359375,765.672607421875,0.7309656739234924,963.2609252929688,718.0554809570312,0.9901413321495056,844.0339965820312,693.1007690429688,0.8312123417854309,923.0269165039062,637.2030639648438,0.9941394329071045,942.30419921875,528.5781860351562,0.8892653584480286,928.5224609375,364.10894775390625,0.6862613558769226
2971,82.48463439941406,112.74440002441406,0.9999148845672607,995.1591796875,86.42860412597656,0.9999724626541138,88.58381652832031,1029.0225830078125,0.9997416138648987,1018.267578125,1023.80517578125,0.9981614947319031,337.2371520996094,499.6225891113281,0.9990816116333008,334.0036315917969,610.04150390625,0.9990566372871399,278.78338623046875,554.2705688476562,0.9980770349502563,385.8675231933594,557.8101806640625,0.9969537258148193,710.3892822265625,502.6408386230469,0.9933852553367615,756.591796875,717.2797241210938,0.9998201727867126,689.365478515625,601.3369140625,0.9975526928901672,777.9630126953125,565.2749633789062,0.9788049459457397,1057.9715576171875,801.8831787109375,0.9658822417259216,1013.1051025390625,801.8815307617188,0.9646989107131958,910.5001220703125,805.578369140625,0.9435150027275085,905.5867309570312,715.708251953125,0.8258834481239319,974.0380859375,770.43359375,0.22241489589214325,829.0006713867188,774.1026611328125,0.2623150944709778,958.4473876953125,721.1578979492188,0.27906885743141174,847.485595703125,695.4725952148438,0.9417974948883057,917.9869995117188,638.6783447265625,0.8347355127334595,942.6351318359375,513.8994750976562,0.9793688058853149,930.1665649414062,363.3513488769531,0.954103946685791
2972,84.197021484375,112.7521743774414,0.9997034668922424,996.8539428710938,85.33489227294922,0.9999099969863892,89.66253662109375,1029.1376953125,0.9997856020927429,1021.376708984375,1022.9401245117188,0.9993435740470886,337.85247802734375,499.32940673828125,0.999121367931366,334.639892578125,608.8037109375,0.9979164004325867,277.50189208984375,554.3345336914062,0.9957713484764099,386.12945556640625,557.5501098632812,0.9972065091133118,711.5963745117188,501.1717224121094,0.9952835440635681,756.517333984375,716.6356201171875,0.9996263980865479,689.7970581054688,599.3519287109375,0.9980216026306152,779.7314453125,562.5568237304688,0.9842108488082886,1050.5804443359375,800.7413940429688,0.7780351042747498,1012.4771728515625,804.0677490234375,0.6374050974845886,911.135498046875,803.356689453125,0.898826003074646,898.0289916992188,711.8364868164062,0.9703260064125061,930.2217407226562,758.5396118164062,0.32786422967910767,819.6962280273438,765.2982788085938,0.4048239588737488,959.60107421875,711.0806884765625,0.9320143461227417,847.3375244140625,687.0240478515625,0.8320060968399048,923.0440673828125,632.4600830078125,0.9944303631782532,942.9227294921875,518.4212036132812,0.7743290662765503,927.8558959960938,359.8031921386719,0.4020618200302124
2973,82.85234069824219,113.17051696777344,0.9999277591705322,994.9596557617188,86.81401824951172,0.9999536275863647,89.14796447753906,1030.041748046875,0.9997822642326355,1020.6298828125,1023.5343017578125,0.9988440275192261,338.3762512207031,499.1578063964844,0.9994142055511475,334.56756591796875,609.2584838867188,0.9986090064048767,277.0920715332031,553.9892578125,0.9952327609062195,386.5193786621094,559.0234375,0.9985718727111816,709.3788452148438,502.99346923828125,0.9940213561058044,757.2472534179688,716.645263671875,0.9997777342796326,689.8948364257812,599.3694458007812,0.9979314804077148,779.8942260742188,557.2140502929688,0.9644184112548828,1057.8175048828125,801.790771484375,0.9787880182266235,1009.8001708984375,802.4251708984375,0.9112517237663269,914.0661010742188,804.7166137695312,0.9181879162788391,896.9334716796875,710.3739013671875,0.8904801607131958,903.8378295898438,841.6943359375,0.039863716810941696,820.4243774414062,760.0374755859375,0.2559736967086792,960.126220703125,709.828125,0.8020943999290466,849.6209716796875,682.9939575195312,0.852213978767395,924.5673217773438,628.5079345703125,0.9932211637496948,942.1640625,505.6737060546875,0.7854000329971313,926.8649291992188,353.2135009765625,0.33495378494262695
2974,82.84847259521484,114.63835144042969,0.9998519420623779,997.3571166992188,84.68038940429688,0.9999479055404663,89.20515441894531,1031.6402587890625,0.9996127486228943,1020.1879272460938,1023.4169921875,0.9982373714447021,336.709716796875,499.6153869628906,0.9991347193717957,334.5685119628906,609.7855224609375,0.9988455772399902,277.81060791015625,554.9591674804688,0.9967443943023682,387.34259033203125,557.904541015625,0.9973018169403076,710.7802124023438,501.6950378417969,0.9935638308525085,757.9423217773438,716.5891723632812,0.9998868703842163,689.2346801757812,599.1654663085938,0.9970610737800598,781.5233154296875,560.3219604492188,0.9700199961662292,1064.2620849609375,801.0126953125,0.8867291212081909,1020.7257690429688,802.181640625,0.8272840976715088,905.0260009765625,804.0092163085938,0.9263167977333069,895.724853515625,711.9970703125,0.939138650894165,918.761474609375,758.7859497070312,0.3199231028556824,951.8484497070312,854.1942749023438,0.2267126590013504,962.1969604492188,720.3259887695312,0.8637279868125916,856.0655517578125,679.3764038085938,0.6399944424629211,923.2554321289062,630.6218872070312,0.9494699835777283,943.0023193359375,493.5611877441406,0.7625871300697327,928.8279418945312,358.4396667480469,0.9081276059150696
2975,82.9464111328125,114.52127075195312,0.9998086094856262,998.3109741210938,83.92595672607422,0.9997004270553589,87.88497924804688,1029.6400146484375,0.9996421337127686,1021.068603515625,1023.8927612304688,0.9992160797119141,336.01611328125,499.42510986328125,0.99907386302948,335.40264892578125,609.1600952148438,0.9980483055114746,278.14495849609375,555.0882568359375,0.993749737739563,387.6430969238281,559.115966796875,0.997593104839325,710.568359375,502.313720703125,0.9771816730499268,757.44921875,715.476318359375,0.9999226331710815,689.3125610351562,597.3711547851562,0.9981762170791626,780.780029296875,555.649169921875,0.9292287826538086,1056.3731689453125,812.2532348632812,0.880297839641571,1019.093505859375,806.6011352539062,0.750141441822052,1000.0223999023438,806.5420532226562,0.7658782005310059,897.5638427734375,711.833984375,0.9591461420059204,925.2606811523438,759.41748046875,0.3437038064002991,955.9075927734375,854.9984130859375,0.5696336030960083,959.7149658203125,713.2662353515625,0.8594114184379578,858.1943969726562,679.3411254882812,0.6550120115280151,923.60400390625,630.4541015625,0.9654653668403625,943.3743896484375,493.3585205078125,0.7717412114143372,927.84375,355.9569396972656,0.4573739469051361
2976,82.0236587524414,115.15748596191406,0.9998419284820557,998.3230590820312,82.45387268066406,0.999885082244873,89.23938751220703,1030.2081298828125,0.9997504353523254,1021.13330078125,1022.3033447265625,0.9990161657333374,336.98712158203125,499.39166259765625,0.9989288449287415,334.31280517578125,609.41748046875,0.9986423850059509,278.51593017578125,555.1300048828125,0.9965503215789795,386.8395690917969,558.8494262695312,0.995162308216095,708.5967407226562,502.0434875488281,0.9894446730613708,758.2947387695312,717.2700805664062,0.9998917579650879,687.2183227539062,598.1339721679688,0.9974290728569031,778.70751953125,554.6788330078125,0.9577573537826538,1055.1668701171875,816.5900268554688,0.9284451007843018,1018.9081420898438,814.18896484375,0.7369115352630615,922.774169921875,808.9492797851562,0.9204071164131165,898.31396484375,712.33642578125,0.9578690528869629,980.4225463867188,770.7338256835938,0.8346996307373047,952.4287109375,855.0048217773438,0.924756646156311,963.3587036132812,715.4807739257812,0.9913712739944458,857.3356323242188,679.428466796875,0.4825607240200043,922.0233764648438,635.65673828125,0.9792640805244446,943.6055908203125,498.6428527832031,0.7116526365280151,927.43212890625,355.5849914550781,0.3780885636806488
2977,83.5933837890625,114.17520141601562,0.9999386072158813,998.0333251953125,82.98983001708984,0.9999493360519409,89.05579376220703,1031.81591796875,0.9995518326759338,1021.0361938476562,1022.51513671875,0.999125063419342,336.3438720703125,499.56524658203125,0.998687207698822,335.44342041015625,609.6038818359375,0.9990239143371582,279.1231384277344,558.197021484375,0.9972854852676392,387.38812255859375,558.5020751953125,0.9971932768821716,709.0227661132812,502.95355224609375,0.9916783571243286,759.4518432617188,717.9774780273438,0.9998278617858887,688.2889404296875,599.814697265625,0.9967617988586426,784.4684448242188,566.9307861328125,0.9250487089157104,1055.376708984375,825.4127197265625,0.9653000235557556,1017.5215454101562,824.3217163085938,0.6379538178443909,937.0860595703125,826.1170043945312,0.8036733269691467,901.4913330078125,717.8386840820312,0.9785870909690857,975.5176391601562,788.136474609375,0.2582991123199463,821.0933227539062,764.4193725585938,0.3491567075252533,961.7672119140625,719.2362670898438,0.9951463341712952,849.4192504882812,688.29248046875,0.7634005546569824,921.604736328125,634.1023559570312,0.9895188212394714,943.7263793945312,498.9132080078125,0.7040902972221375,924.6548461914062,305.39154052734375,0.5605895519256592
2978,82.6380386352539,114.91484069824219,0.9998804330825806,997.5213623046875,83.84899139404297,0.9998544454574585,88.90731811523438,1030.759765625,0.9995692372322083,1021.9760131835938,1022.156005859375,0.9987101554870605,335.2588806152344,499.86077880859375,0.9985388517379761,334.87353515625,609.2835083007812,0.9987620115280151,278.7135314941406,557.5526733398438,0.9974683523178101,387.6484375,557.2625732421875,0.9960764050483704,707.8322143554688,502.2310485839844,0.9889950752258301,759.1865844726562,716.5964965820312,0.9998040795326233,687.96435546875,598.44287109375,0.9980074763298035,783.7179565429688,563.9088745117188,0.9250290989875793,1050.0045166015625,831.5789794921875,0.8918755054473877,1021.4156494140625,829.3955688476562,0.5680861473083496,914.3893432617188,816.9736328125,0.8929399251937866,897.7056274414062,721.2110595703125,0.8948474526405334,979.8160400390625,786.6814575195312,0.23788993060588837,939.94384765625,860.0661010742188,0.75715571641922,963.8973999023438,718.8330078125,0.9941596984863281,838.1066284179688,696.5653076171875,0.8390207290649414,921.1736450195312,635.1807861328125,0.9856064915657043,943.6799926757812,518.0872192382812,0.7346926331520081,921.1528930664062,318.5629577636719,0.36844995617866516
2979,81.87445068359375,113.67874908447266,0.9999006986618042,996.3402709960938,84.33082580566406,0.9998892545700073,88.5091552734375,1030.3746337890625,0.999738872051239,1020.871337890625,1022.05615234375,0.9988589286804199,336.5723571777344,499.19921875,0.9986652135848999,333.8477783203125,610.0422973632812,0.9980390667915344,278.1364440917969,555.9295654296875,0.9977871179580688,387.2731018066406,558.8060913085938,0.9968417882919312,708.95947265625,502.419677734375,0.9939455389976501,758.5914306640625,715.6466064453125,0.9998420476913452,688.2822265625,597.2041625976562,0.9967687129974365,780.0342407226562,554.1382446289062,0.8118353486061096,1044.201904296875,837.753173828125,0.9913690686225891,1015.3078002929688,834.4500732421875,0.8891885876655579,993.6713256835938,833.5691528320312,0.5993296504020691,898.2459106445312,719.1314086914062,0.865744411945343,961.2924194335938,783.7431640625,0.8027743101119995,953.9813842773438,863.1788940429688,0.6811001896858215,961.9879760742188,716.9302368164062,0.9964753985404968,842.4270629882812,690.5166625976562,0.7095664739608765,922.5911865234375,633.6055297851562,0.9929159879684448,943.7833862304688,518.9867553710938,0.7167928218841553,926.2850341796875,343.0882873535156,0.25552862882614136
2980,82.6097412109375,113.73934173583984,0.9998400211334229,996.163330078125,82.19125366210938,0.9998911619186401,89.17218780517578,1029.515380859375,0.999866247177124,1020.0872802734375,1022.095947265625,0.9987429976463318,336.8794250488281,499.44903564453125,0.9987088441848755,333.49169921875,608.9156494140625,0.9987215399742126,276.7276306152344,554.7424926757812,0.9965043067932129,386.852294921875,558.4929809570312,0.9951962828636169,709.0096435546875,501.5599060058594,0.9867685437202454,756.8870239257812,717.5171508789062,0.9998736381530762,687.1248168945312,598.5530395507812,0.9931459426879883,783.2229614257812,566.0255737304688,0.8737133145332336,1049.433837890625,843.2064819335938,0.9727790951728821,1028.3446044921875,842.3799438476562,0.9263251423835754,1013.149658203125,843.2800903320312,0.9647951126098633,909.3732299804688,723.320068359375,0.9224868416786194,888.8921508789062,841.9756469726562,0.4690419137477875,818.5785522460938,764.9844360351562,0.45732659101486206,962.063232421875,722.4517822265625,0.9982612729072571,846.727294921875,683.921875,0.7309972047805786,925.1712646484375,631.4225463867188,0.9976131916046143,942.8603515625,511.6239318847656,0.9174261689186096,925.7210083007812,356.240966796875,0.566844642162323
2981,81.90599822998047,113.5310287475586,0.99982088804245,996.5619506835938,83.67127990722656,0.9999196529388428,89.47737121582031,1030.136962890625,0.9997424483299255,1020.6397094726562,1023.4198608398438,0.9988800883293152,335.36761474609375,498.8476867675781,0.9985610842704773,335.3661193847656,609.2503662109375,0.9983806610107422,277.32586669921875,555.7022705078125,0.9972559809684753,387.1585998535156,557.5516967773438,0.9940557479858398,709.1749877929688,503.0801696777344,0.9927311539649963,757.8748779296875,717.2960205078125,0.9998483657836914,689.263916015625,596.1669311523438,0.997998058795929,780.4976806640625,555.64892578125,0.9130595922470093,1033.0255126953125,850.3494873046875,0.9817427396774292,911.4432983398438,823.7371215820312,0.9006839990615845,896.555419921875,808.9163208007812,0.9699301719665527,907.3077392578125,717.1553344726562,0.9403016567230225,974.901611328125,797.2887573242188,0.5261286497116089,952.1397705078125,863.7998046875,0.7398843765258789,959.5468139648438,717.0218505859375,0.9954922199249268,849.7388305664062,681.5565185546875,0.8937484622001648,924.1239013671875,633.985595703125,0.9968497157096863,942.3114013671875,518.8201293945312,0.8881334662437439,923.2579956054688,333.551513671875,0.19818896055221558
2982,82.8641586303711,113.19537353515625,0.9998599290847778,997.5616455078125,81.66138458251953,0.9996711015701294,89.82816314697266,1029.7645263671875,0.9997768998146057,1020.3782348632812,1023.6719970703125,0.9991825222969055,335.8290710449219,499.0434265136719,0.9988756775856018,334.7675476074219,609.3486328125,0.9980077147483826,276.98052978515625,556.4846801757812,0.9980092644691467,386.82012939453125,558.9150390625,0.9955571293830872,708.7738647460938,502.05853271484375,0.9945757389068604,756.9934692382812,717.3468627929688,0.9999074935913086,690.5318603515625,598.8084106445312,0.9962959885597229,780.300537109375,555.295654296875,0.7928292751312256,1027.9716796875,857.0557861328125,0.84541255235672,910.9203491210938,824.6909790039062,0.7953503727912903,891.1634521484375,804.526611328125,0.9085728526115417,897.5431518554688,716.3624267578125,0.9167255163192749,988.8887939453125,807.1116943359375,0.5307320356369019,819.6849365234375,759.2200927734375,0.20438717305660248,961.8175659179688,716.731201171875,0.997825026512146,843.6178588867188,689.8219604492188,0.9331100583076477,923.016357421875,636.5,0.9969448447227478,943.3732299804688,518.8529052734375,0.949097752571106,927.227783203125,344.3297119140625,0.3614841103553772
2983,84.25546264648438,113.49002075195312,0.9999395608901978,994.8351440429688,83.09898376464844,0.999931812286377,89.81371307373047,1031.6424560546875,0.9995549321174622,1019.0097045898438,1023.8494873046875,0.9986907839775085,336.65338134765625,499.509765625,0.9984738230705261,334.7271423339844,608.7006225585938,0.99788898229599,277.597900390625,556.1776733398438,0.9968023300170898,387.5477600097656,558.8555908203125,0.9946117401123047,705.8602294921875,502.4749755859375,0.9972957968711853,756.7390747070312,717.1212158203125,0.9998762607574463,689.8239135742188,597.0227661132812,0.9978882670402527,779.178466796875,554.8316650390625,0.9270070195198059,1019.6038208007812,867.4818725585938,0.8876461982727051,917.3126831054688,826.4443969726562,0.9455907344818115,896.2869873046875,802.6146850585938,0.9786736369132996,906.5471801757812,721.0536499023438,0.9511619210243225,973.0518188476562,804.7653198242188,0.039405032992362976,821.5597534179688,750.6507568359375,0.19790470600128174,961.3795776367188,722.3196411132812,0.9976372718811035,846.147705078125,688.0319213867188,0.9669257402420044,924.5607299804688,639.2771606445312,0.9861469864845276,942.1911010742188,514.5084838867188,0.8538976907730103,927.8084716796875,355.1548156738281,0.9254543781280518
2984,81.48976135253906,114.59058380126953,0.9998650550842285,996.7167358398438,82.50933074951172,0.9999209642410278,90.20748901367188,1029.871337890625,0.9997298121452332,1019.005615234375,1023.5208740234375,0.9990519881248474,334.87152099609375,499.2613220214844,0.9978234767913818,334.63568115234375,609.12646484375,0.9987040758132935,277.4596252441406,556.7315673828125,0.9980672001838684,386.666015625,557.7943725585938,0.9934259653091431,707.0818481445312,501.54473876953125,0.9967122077941895,757.9636840820312,717.1673583984375,0.9998912811279297,689.7411499023438,598.9628295898438,0.9965088963508606,778.8828125,549.5243530273438,0.9557168483734131,1013.7740478515625,870.7579956054688,0.7542518377304077,978.3936157226562,849.1697998046875,0.9607334136962891,865.7799682617188,776.5113525390625,0.9432557225227356,897.890869140625,719.8613891601562,0.9842908382415771,977.1489868164062,811.475830078125,0.5764455199241638,818.72998046875,751.1881103515625,0.33367401361465454,961.0847778320312,719.0115966796875,0.996940016746521,844.0408325195312,689.3699340820312,0.9628069996833801,923.7279052734375,639.3308715820312,0.9961460828781128,942.4567260742188,508.3442077636719,0.9073683619499207,927.0432739257812,354.4647216796875,0.43149641156196594
2985,82.60137176513672,112.98579406738281,0.9997695088386536,996.80859375,83.88282775878906,0.9998998641967773,90.3897933959961,1029.952392578125,0.9997082352638245,1020.6107788085938,1024.3565673828125,0.9990645051002502,334.3290710449219,498.63214111328125,0.998308539390564,335.46826171875,608.7858276367188,0.9987753033638,277.3695068359375,557.5021362304688,0.9980341792106628,387.2994384765625,557.5279541015625,0.994732141494751,709.7029418945312,502.0716247558594,0.9970065951347351,757.88671875,717.1464233398438,0.9998979568481445,689.613525390625,597.150634765625,0.9966423511505127,778.9395751953125,550.2178344726562,0.9310588240623474,997.1063842773438,869.0166625976562,0.8764136433601379,910.4769897460938,824.9693603515625,0.9179764986038208,863.5868530273438,780.22900390625,0.8826870918273926,900.806884765625,720.8523559570312,0.955335259437561,963.9146728515625,800.3735961914062,0.7867935299873352,819.4478149414062,751.902099609375,0.18169087171554565,961.1060180664062,716.62890625,0.999561607837677,849.58642578125,683.4081420898438,0.9197322130203247,925.5032348632812,637.9640502929688,0.9972763657569885,942.3750610351562,517.009521484375,0.8666267395019531,920.51123046875,349.3463134765625,0.31812262535095215
2986,84.25249481201172,114.51860809326172,0.999855637550354,998.4474487304688,84.15575408935547,0.9998056292533875,88.77619934082031,1029.3682861328125,0.9996057152748108,1019.9962768554688,1023.1954956054688,0.9995439648628235,334.5744323730469,499.1932067871094,0.9981290698051453,334.28955078125,609.141845703125,0.9984080195426941,277.0135192871094,556.0090942382812,0.9969131946563721,387.0199279785156,557.65673828125,0.9949972629547119,709.62451171875,501.7514953613281,0.9972604513168335,758.4592895507812,716.2510986328125,0.9998852014541626,691.0670776367188,598.258056640625,0.9972654581069946,779.9409790039062,557.1842651367188,0.9787139296531677,1000.1122436523438,877.965576171875,0.7430306673049927,972.3200073242188,859.31591796875,0.9754291772842407,960.6426391601562,852.9314575195312,0.9294701814651489,898.5105590820312,717.9067993164062,0.9701635241508484,883.7730712890625,781.602294921875,0.2373146265745163,819.925048828125,753.3969116210938,0.1466047316789627,961.3532104492188,717.1317138671875,0.9994090795516968,855.1637573242188,679.9118041992188,0.88186115026474,925.7542114257812,634.3587646484375,0.9902250170707703,942.72607421875,519.701904296875,0.9569962620735168,926.0103149414062,338.55548095703125,0.2501755356788635
2987,82.77196502685547,112.95014953613281,0.9997078776359558,998.4884643554688,87.55811309814453,0.9999209642410278,89.12039947509766,1031.2115478515625,0.9997304081916809,1020.3733520507812,1023.812744140625,0.9991297125816345,334.9511413574219,498.9640808105469,0.9981043338775635,334.80889892578125,609.2286376953125,0.9990050196647644,277.75946044921875,556.3014526367188,0.9976902008056641,386.9256286621094,558.80322265625,0.9942808151245117,709.00146484375,501.2767333984375,0.9976546168327332,759.0885620117188,717.1275634765625,0.9998964071273804,691.3840942382812,596.6887817382812,0.9979180693626404,778.9425659179688,549.2424926757812,0.9865698218345642,1003.7297973632812,877.3526000976562,0.7748541235923767,966.2539672851562,860.1948852539062,0.9777069091796875,864.7837524414062,780.5033569335938,0.9310961961746216,905.3735961914062,721.0067749023438,0.9437820911407471,961.7408447265625,802.1051025390625,0.9717350602149963,817.28369140625,756.478515625,0.32146355509757996,961.1476440429688,718.1636352539062,0.9987468719482422,861.1498413085938,675.8508911132812,0.9227756261825562,925.5732421875,636.01513671875,0.9948721528053284,942.9818725585938,508.48175048828125,0.897172749042511,920.6384887695312,319.0525817871094,0.10769191384315491
2988,84.07999420166016,114.2713623046875,0.9998553991317749,997.5745849609375,84.43494415283203,0.9999006986618042,89.99699401855469,1029.87158203125,0.999841570854187,1019.884765625,1024.090087890625,0.9991307854652405,334.89288330078125,498.76898193359375,0.9983363747596741,333.99017333984375,608.5036010742188,0.998971700668335,277.9310607910156,555.5699462890625,0.9980499744415283,387.0328063964844,556.9969482421875,0.9955293536186218,706.6761474609375,501.1551818847656,0.9970429539680481,759.1194458007812,715.5729370117188,0.9998764991760254,690.0907592773438,596.1419677734375,0.9984138011932373,779.1139526367188,550.5315551757812,0.9683519005775452,860.9156494140625,854.9945678710938,0.4247863292694092,956.5752563476562,860.4168090820312,0.8927825689315796,862.378173828125,782.310791015625,0.9292508959770203,902.6221923828125,716.2933959960938,0.957604169845581,959.660400390625,798.17724609375,0.8702260851860046,815.455322265625,753.0791625976562,0.6293607354164124,962.4121704101562,716.586669921875,0.9994310736656189,862.7085571289062,674.1138916015625,0.7628496289253235,927.2549438476562,634.241943359375,0.9951144456863403,942.8273315429688,502.70953369140625,0.8422400951385498,917.9862060546875,314.7799072265625,0.23406310379505157
2989,83.86643981933594,114.28270721435547,0.9997163414955139,996.0032958984375,83.91732788085938,0.9998676776885986,90.81558227539062,1030.9642333984375,0.9998212456703186,1021.48974609375,1023.59423828125,0.9991795420646667,334.67596435546875,499.01788330078125,0.9975442290306091,334.1011657714844,609.32470703125,0.999221682548523,277.1953125,554.7134399414062,0.9974931478500366,387.5190124511719,558.4866333007812,0.9941441416740417,709.3215942382812,501.0619812011719,0.9960164427757263,757.595458984375,716.1489868164062,0.9999130964279175,690.1165771484375,597.2172241210938,0.9964499473571777,779.510986328125,554.6041870117188,0.9767754077911377,987.3599243164062,884.1785278320312,0.743890643119812,955.5042724609375,861.0399780273438,0.925672173500061,863.697021484375,787.8154296875,0.9792671203613281,907.1426391601562,724.6403198242188,0.967254102230072,953.1063232421875,793.0143432617188,0.5185930132865906,816.3006591796875,754.298828125,0.4561188817024231,962.2803955078125,720.0697021484375,0.9992789626121521,860.5870971679688,676.6663208007812,0.7882406711578369,925.507568359375,634.466552734375,0.9856333136558533,944.04248046875,516.6849365234375,0.7088296413421631,921.1303100585938,335.1108093261719,0.25065678358078003
2990,84.47440338134766,114.14253997802734,0.9997108578681946,998.4786987304688,85.73714447021484,0.9998792409896851,89.8064956665039,1029.14892578125,0.9998972415924072,1021.7869262695312,1023.2510986328125,0.9988388419151306,335.92633056640625,499.5011901855469,0.9986956715583801,333.8883972167969,609.4729614257812,0.9988375306129456,277.3165283203125,555.4634399414062,0.9980996251106262,386.8628234863281,559.3694458007812,0.9970081448554993,709.3114624023438,500.6385498046875,0.9954442977905273,758.3480224609375,715.3269653320312,0.9999179840087891,688.515625,596.9431762695312,0.9982287287712097,781.2003173828125,555.6376953125,0.9741339087486267,980.1445922851562,884.7017211914062,0.5069676041603088,954.0780029296875,862.695068359375,0.9616137742996216,888.0455932617188,805.6968383789062,0.9346567392349243,904.5797119140625,724.5010986328125,0.9642667770385742,948.8582153320312,796.333251953125,0.9448111653327942,816.486328125,757.5884399414062,0.4416286051273346,961.3131713867188,721.210205078125,0.9968043565750122,861.7556762695312,676.1785278320312,0.4422253966331482,927.45166015625,632.4052734375,0.9962809681892395,942.5237426757812,505.6839294433594,0.7014568448066711,919.8053588867188,298.11248779296875,0.4114488363265991
2991,83.21907806396484,112.93576049804688,0.9998555183410645,997.0422973632812,82.8115463256836,0.9999350309371948,89.97575378417969,1031.4742431640625,0.999679684638977,1020.4141235351562,1024.0435791015625,0.9991641044616699,334.9866943359375,499.5562744140625,0.998514711856842,332.7567443847656,608.5105590820312,0.9987276196479797,276.6673278808594,555.6195068359375,0.9979082345962524,387.80596923828125,558.1898193359375,0.9976104497909546,707.6993408203125,501.0223693847656,0.9939127564430237,757.754638671875,716.4415893554688,0.9999364614486694,689.5311889648438,596.0216064453125,0.997603714466095,779.7515258789062,559.0459594726562,0.9847033619880676,967.6043701171875,890.1630859375,0.8350346088409424,892.8843383789062,827.2557373046875,0.8668970465660095,884.8948364257812,802.6527099609375,0.919185996055603,907.14501953125,725.3296508789062,0.9129745960235596,954.9606323242188,809.6060180664062,0.9554658532142639,818.4141845703125,756.369873046875,0.25899195671081543,961.6954345703125,716.7407836914062,0.998272180557251,850.8146362304688,680.1505126953125,0.8389385938644409,925.7012329101562,634.0322875976562,0.9961262345314026,942.8748779296875,518.0419921875,0.9095239639282227,916.256103515625,292.93072509765625,0.36548203229904175
2992,82.33370208740234,114.71969604492188,0.9993754029273987,996.3233032226562,84.01693725585938,0.9999266862869263,89.48848724365234,1030.72705078125,0.9996134638786316,1019.9178466796875,1023.9824829101562,0.999549925327301,336.1369323730469,499.06304931640625,0.9986445307731628,332.9098205566406,608.2588500976562,0.998974084854126,276.9385986328125,554.0113525390625,0.9975873231887817,387.2864685058594,559.1500244140625,0.9965630173683167,707.31787109375,502.5179138183594,0.9957457184791565,758.697998046875,716.4140014648438,0.9998825788497925,688.9462280273438,595.9097290039062,0.9980084300041199,778.0792236328125,556.4180297851562,0.9866837859153748,963.36181640625,892.6624755859375,0.9911501407623291,935.7872924804688,862.2431640625,0.830949604511261,853.86083984375,782.1189575195312,0.9784842133522034,901.3101806640625,720.4177856445312,0.966202437877655,946.59619140625,796.4812622070312,0.9613199830055237,818.3523559570312,748.1752319335938,0.4520218074321747,959.117919921875,717.9212036132812,0.9956638216972351,849.2731323242188,682.5069580078125,0.9470747113227844,924.8591918945312,637.2694091796875,0.9963441491127014,942.088623046875,479.2850341796875,0.8516923785209656,923.7234497070312,291.1698913574219,0.21109580993652344
2993,82.21141815185547,115.44428253173828,0.9998536109924316,997.39794921875,81.72044372558594,0.9997751116752625,89.98065948486328,1029.3419189453125,0.9999128580093384,1020.2904052734375,1023.2418823242188,0.9990831613540649,335.4580383300781,499.1836853027344,0.9987216591835022,334.7714538574219,609.5479736328125,0.9988194108009338,277.9771423339844,555.3435668945312,0.9985926747322083,387.3082275390625,557.6190795898438,0.9956653714179993,709.1593627929688,502.5345153808594,0.9968974590301514,757.6202392578125,716.5991821289062,0.99993896484375,691.6594848632812,599.1902465820312,0.9977578520774841,780.3471069335938,561.0321044921875,0.9681320786476135,958.8497314453125,899.492431640625,0.9808474779129028,900.3277587890625,835.7811279296875,0.7328448295593262,884.6822509765625,816.9259643554688,0.9682825207710266,899.8192138671875,724.1109008789062,0.9559592008590698,949.866943359375,814.260009765625,0.9853636622428894,817.1812744140625,752.2494506835938,0.12822391092777252,964.053466796875,725.410888671875,0.9973908066749573,846.8677368164062,682.839599609375,0.8693762421607971,926.5125122070312,634.1090087890625,0.9953972697257996,942.7649536132812,480.6166687011719,0.8138282299041748,792.5516357421875,534.248291015625,0.10321176797151566
2994,83.34271240234375,113.55215454101562,0.9997944235801697,997.4785766601562,85.54396057128906,0.9997901320457458,90.71666717529297,1030.1064453125,0.9998501539230347,1021.0850830078125,1022.3305053710938,0.9980009198188782,335.79937744140625,499.2702331542969,0.9988664388656616,334.552001953125,609.0316162109375,0.9988497495651245,277.7380676269531,554.8384399414062,0.9977172613143921,386.69403076171875,558.4985961914062,0.9953981041908264,709.3936157226562,501.91796875,0.9991344809532166,757.4309692382812,716.764404296875,0.9998449087142944,688.1260375976562,596.0127563476562,0.9950093030929565,777.8779907226562,552.7426147460938,0.9395543336868286,958.4655151367188,899.7967529296875,0.9718315601348877,874.6336059570312,823.7799682617188,0.9035688042640686,851.5577392578125,779.3417358398438,0.9242917895317078,906.06982421875,741.9617309570312,0.8883364200592041,947.4878540039062,811.8385009765625,0.9119130373001099,815.8674926757812,747.7987670898438,0.33966612815856934,961.3150024414062,727.5132446289062,0.9980494976043701,849.6787719726562,681.8485107421875,0.8804642558097839,925.9312744140625,634.4827880859375,0.9968135952949524,941.607177734375,518.126953125,0.8966918587684631,791.6529541015625,532.7781372070312,0.08375070244073868
2995,81.93560028076172,114.865478515625,0.999782145023346,996.7736206054688,83.84418487548828,0.9998880624771118,89.86357879638672,1029.16845703125,0.9999169111251831,1019.6812133789062,1025.4146728515625,0.9993728995323181,336.01483154296875,499.50390625,0.998961329460144,335.1097106933594,610.3340454101562,0.9988527297973633,277.3461608886719,555.4615478515625,0.9976106882095337,387.2797546386719,559.215087890625,0.9951574206352234,712.0695190429688,502.1170349121094,0.9951958060264587,758.8096923828125,716.7063598632812,0.9998656511306763,689.4370727539062,595.7266235351562,0.9967982172966003,780.8146362304688,557.8706665039062,0.9337869882583618,967.1466674804688,901.298828125,0.9788331389427185,893.4266967773438,834.8783569335938,0.6655773520469666,867.2753295898438,807.8109130859375,0.9699050784111023,900.8392333984375,722.960693359375,0.8898400664329529,946.9615478515625,811.9373168945312,0.7039136290550232,831.0874633789062,796.6854858398438,0.2947191596031189,961.7615356445312,733.1728515625,0.9942703247070312,849.3165893554688,681.7258911132812,0.838492214679718,925.552978515625,634.8698120117188,0.9919471144676208,942.8455200195312,518.6549682617188,0.78706955909729,926.2734375,352.16949462890625,0.12207072228193283
2996,83.39525604248047,113.75497436523438,0.9998067021369934,998.1253051757812,84.27545166015625,0.999880313873291,91.24208068847656,1030.4000244140625,0.9998878240585327,1021.1798095703125,1022.7006225585938,0.9993269443511963,335.3173828125,499.6637268066406,0.9989746809005737,335.12506103515625,609.4227905273438,0.9990546107292175,277.14398193359375,556.0297241210938,0.9981642365455627,387.2784118652344,557.8894653320312,0.9936292767524719,709.3480834960938,500.59307861328125,0.9960218071937561,758.0213012695312,715.9385375976562,0.9999033212661743,688.8220825195312,595.7120361328125,0.9962330460548401,781.1293334960938,565.1312255859375,0.9328472018241882,962.0813598632812,896.2559814453125,0.9943217039108276,884.1764526367188,832.1878051757812,0.42516380548477173,850.6317138671875,778.2615356445312,0.8334912657737732,902.1561889648438,732.0478515625,0.8996027112007141,946.4874267578125,814.0108032226562,0.8866957426071167,832.9822387695312,805.4129638671875,0.11256486922502518,961.2215576171875,727.8818969726562,0.9416912198066711,855.6547241210938,676.8045043945312,0.6983715295791626,926.578857421875,634.5864868164062,0.9943224191665649,942.8137817382812,507.6491394042969,0.856083333492279,925.9950561523438,351.2135925292969,0.39946651458740234
2997,83.80791473388672,113.87555694580078,0.9998440742492676,997.7213745117188,82.7483139038086,0.9999386072158813,90.15958404541016,1029.208740234375,0.9997816681861877,1019.4259033203125,1022.4550170898438,0.9992311000823975,335.1909484863281,499.7298583984375,0.9987528324127197,336.00555419921875,609.4220581054688,0.9990253448486328,277.1290283203125,556.8406982421875,0.9981845021247864,387.23828125,556.9998168945312,0.9946147799491882,713.1341552734375,500.9804992675781,0.9904593229293823,759.1228637695312,717.0855712890625,0.9998365640640259,689.0892944335938,596.59521484375,0.9948603510856628,780.141357421875,554.0482788085938,0.9340361952781677,966.7055053710938,895.8345947265625,0.9330315589904785,892.2230224609375,837.2432250976562,0.8991811871528625,850.3779907226562,788.156982421875,0.94818115234375,903.5256958007812,741.5614013671875,0.9715803265571594,949.6759033203125,819.1190795898438,0.9974911212921143,814.052734375,751.7382202148438,0.030712295323610306,960.5197143554688,722.6578369140625,0.9934799671173096,852.0741577148438,678.5318603515625,0.8678184151649475,925.5082397460938,633.7197265625,0.9970018267631531,942.7508544921875,493.86395263671875,0.7506453990936279,924.371337890625,288.0631408691406,0.2587086856365204
2998,83.66386413574219,115.4708251953125,0.9999401569366455,996.9998779296875,85.87133026123047,0.9999477863311768,89.09111022949219,1029.3978271484375,0.9998225569725037,1018.4285888671875,1023.1475219726562,0.9994196891784668,336.255615234375,500.0299987792969,0.9992358684539795,335.07415771484375,609.3817749023438,0.9984655380249023,278.8728942871094,555.11962890625,0.997159481048584,387.4032287597656,557.486328125,0.9944369792938232,711.4508056640625,500.9549255371094,0.9942948222160339,757.313720703125,715.718505859375,0.999925971031189,689.0173950195312,595.4237060546875,0.9967505931854248,779.3546142578125,550.6967163085938,0.9881866574287415,978.6458129882812,863.4108276367188,0.1622847467660904,965.0836791992188,857.9791259765625,0.7568178176879883,850.2943115234375,783.9041748046875,0.919570803642273,899.1021728515625,737.8297729492188,0.9622216820716858,949.2857055664062,799.8500366210938,0.7650860548019409,833.1600952148438,804.9014892578125,0.24615725874900818,960.606689453125,738.8952026367188,0.9921990036964417,892.6810913085938,662.7117919921875,0.5639872550964355,924.4296264648438,635.0401000976562,0.9876841306686401,942.3792114257812,508.62811279296875,0.8296250700950623,926.5331420898438,294.10064697265625,0.24374143779277802
2999,84.14622497558594,114.86556243896484,0.9999115467071533,995.74072265625,83.20703125,0.9999579191207886,90.00958251953125,1030.0281982421875,0.9998507499694824,1020.5142822265625,1023.9797973632812,0.9990410208702087,336.1816101074219,499.2237548828125,0.99906986951828,335.23492431640625,608.7636108398438,0.998975396156311,278.22784423828125,554.1138305664062,0.9976515173912048,387.0919494628906,556.39306640625,0.9976632595062256,709.260498046875,501.0341796875,0.9956197142601013,758.87158203125,715.3630981445312,0.9999008178710938,689.12744140625,595.9243774414062,0.9943211078643799,778.236572265625,547.588134765625,0.9730061292648315,857.3013305664062,860.4603881835938,0.4046173691749573,845.531494140625,795.1170654296875,0.6196439862251282,851.61962890625,785.0641479492188,0.9569238424301147,894.6262817382812,724.1724243164062,0.7708100080490112,944.5248413085938,784.4730834960938,0.7390955686569214,945.0205688476562,779.9530639648438,0.2571185231208801,959.2476196289062,737.9579467773438,0.8832064867019653,861.2036743164062,674.1538696289062,0.6287572979927063,924.9005126953125,634.5679931640625,0.9833706617355347,941.1665649414062,493.1823425292969,0.8281909823417664,921.4971313476562,294.1578369140625,0.1604534387588501
3000,82.51409149169922,113.61257934570312,0.9999160766601562,996.4168090820312,84.53008270263672,0.9999178647994995,90.09029388427734,1027.627197265625,0.9998181462287903,1019.0552368164062,1023.0980224609375,0.9990966320037842,336.6629638671875,498.8967590332031,0.9989751577377319,335.43243408203125,608.7861938476562,0.9988396763801575,277.98681640625,555.295654296875,0.9974632263183594,386.4498291015625,557.6853637695312,0.9972856044769287,709.1209106445312,501.5396728515625,0.996798574924469,757.7933349609375,715.5890502929688,0.9999257326126099,685.9240112304688,596.2333374023438,0.9908515810966492,779.4318237304688,560.2135620117188,0.9695032238960266,1023.0863647460938,810.4393920898438,0.8225160837173462,1005.1780395507812,809.0889282226562,0.8079171180725098,893.0786743164062,814.2135009765625,0.8742311596870422,896.134521484375,716.1612548828125,0.8108078837394714,984.2861938476562,784.7025146484375,0.18999552726745605,1001.5770874023438,836.7855834960938,0.3482796847820282,949.1232299804688,719.7157592773438,0.6729182600975037,883.7951049804688,659.9447021484375,0.9415207505226135,927.1583862304688,631.5181274414062,0.9930262565612793,942.7073974609375,510.0400085449219,0.7836316227912903,1010.8259887695312,612.3818969726562,0.4737846255302429
3001,82.416015625,114.55842590332031,0.9999569654464722,995.6688842773438,86.57940673828125,0.9999258518218994,89.50110626220703,1029.283935546875,0.9998446702957153,1017.7086181640625,1023.7969360351562,0.9989280104637146,337.3274230957031,499.1721496582031,0.9989159107208252,335.33795166015625,608.4979248046875,0.9994242191314697,278.54412841796875,555.8475341796875,0.9989288449287415,387.10162353515625,557.8106689453125,0.9951079487800598,709.1796264648438,501.73150634765625,0.9986488223075867,757.5838012695312,717.0142211914062,0.9998300075531006,689.4591064453125,600.1426391601562,0.9960300326347351,779.8492431640625,562.898193359375,0.9851555228233337,1022.455078125,801.6001586914062,0.8450613617897034,995.3341674804688,800.1322631835938,0.7126186490058899,897.9901123046875,809.378662109375,0.9273603558540344,892.4671020507812,714.1904907226562,0.896959662437439,914.5415649414062,751.72802734375,0.09729442745447159,937.252197265625,845.3763427734375,0.19799400866031647,952.146240234375,725.6505737304688,0.9217740297317505,886.6982421875,656.6627807617188,0.9476670026779175,927.4418334960938,630.4656372070312,0.9893022179603577,942.152587890625,483.8174743652344,0.7338424921035767,925.4224853515625,356.6781921386719,0.23016218841075897
3002,82.74993133544922,114.7469253540039,0.999805748462677,996.5468139648438,86.16817474365234,0.9999023675918579,89.19943237304688,1028.768310546875,0.9998005032539368,1019.0120239257812,1022.4401245117188,0.9976786971092224,337.2396545410156,499.1686096191406,0.9989401698112488,335.1857604980469,609.0183715820312,0.999174177646637,278.67352294921875,555.894287109375,0.9981246590614319,386.71380615234375,557.7073974609375,0.9935718774795532,712.9003295898438,500.46392822265625,0.9988549947738647,757.6665649414062,716.7464599609375,0.999866247177124,690.55078125,597.4143676757812,0.9965793490409851,780.70166015625,561.1243896484375,0.9704728126525879,1033.6123046875,791.6065673828125,0.8493479490280151,925.47314453125,801.739013671875,0.7595797181129456,903.37890625,800.4519653320312,0.9977999329566956,894.0160522460938,708.6043701171875,0.8282181024551392,955.9020385742188,755.6527099609375,0.7666536569595337,911.9264526367188,754.1466064453125,0.07611005753278732,952.5488891601562,720.1091918945312,0.9379942417144775,860.3806762695312,670.9144287109375,0.9722121357917786,925.9955444335938,634.6806030273438,0.9920905828475952,942.7990112304688,495.61865234375,0.9143608808517456,897.7235717773438,312.1882629394531,0.13989411294460297
3003,84.33819580078125,113.62413787841797,0.9997771382331848,998.3200073242188,83.68050384521484,0.9997050166130066,89.22147369384766,1028.4154052734375,0.9998370409011841,1022.01171875,1022.2333374023438,0.9982752799987793,337.5910339355469,499.04296875,0.9991111159324646,334.33502197265625,608.7803344726562,0.9992215633392334,278.5184020996094,555.2192993164062,0.9964890480041504,386.993896484375,557.0709228515625,0.9935742020606995,710.0181274414062,500.41436767578125,0.9984145164489746,757.59423828125,715.4777221679688,0.9998618364334106,689.5850830078125,600.499755859375,0.9944100975990295,779.4738159179688,555.4981079101562,0.9508888125419617,1029.6285400390625,783.9813232421875,0.8925758600234985,1002.0819091796875,788.26513671875,0.5689136385917664,900.37939453125,800.1118774414062,0.987300455570221,894.73876953125,707.8382568359375,0.884480893611908,941.8108520507812,841.9701538085938,0.11698496341705322,940.14453125,840.3341674804688,0.3345792591571808,958.9119262695312,728.3325805664062,0.5699190497398376,885.6969604492188,658.582763671875,0.955613911151886,924.7489624023438,634.764892578125,0.9883577227592468,944.3223876953125,516.4727172851562,0.78058260679245,927.9168090820312,286.388427734375,0.4187297523021698
3004,83.2298812866211,115.83656311035156,0.9998668432235718,996.6109619140625,83.57782745361328,0.9999738931655884,90.89022064208984,1030.0281982421875,0.9999053478240967,1020.1915893554688,1022.0867919921875,0.9990649819374084,337.2890319824219,499.130126953125,0.9992493987083435,333.2730712890625,609.651123046875,0.9995386600494385,278.3769226074219,556.2244262695312,0.998478353023529,386.0976867675781,559.3574829101562,0.9965659976005554,709.8019409179688,500.5171813964844,0.9982265830039978,758.5824584960938,716.5909423828125,0.9997450709342957,688.64404296875,597.5109252929688,0.9979056119918823,781.1392822265625,561.3062133789062,0.983200192451477,1038.840087890625,779.7877807617188,0.9901593327522278,1015.76708984375,781.5263671875,0.752524197101593,898.6683349609375,796.2614135742188,0.9510763883590698,894.412109375,709.3502197265625,0.6625590324401855,907.443603515625,750.8513793945312,0.0953899621963501,809.679931640625,759.6196899414062,0.25237706303596497,955.4228515625,729.0709228515625,0.44098740816116333,885.06787109375,657.7025756835938,0.8153571486473083,925.6112060546875,632.507080078125,0.9930631518363953,943.5830688476562,502.3191223144531,0.8171859383583069,923.58642578125,342.1411437988281,0.8032059073448181
3005,83.24725341796875,114.26985931396484,0.999691367149353,996.576904296875,83.94483947753906,0.9999525547027588,89.259521484375,1029.6583251953125,0.9997238516807556,1021.3102416992188,1022.3128662109375,0.9986359477043152,334.7505798339844,499.4219665527344,0.9989511966705322,334.54638671875,609.5494384765625,0.9983494281768799,277.2185974121094,556.5291137695312,0.9989197254180908,386.15008544921875,557.7679443359375,0.9934218525886536,709.8104248046875,500.8282470703125,0.9981796741485596,758.6821899414062,717.8076171875,0.9998196959495544,688.8289794921875,594.1683959960938,0.9968769550323486,780.087890625,552.5947875976562,0.9781481027603149,1036.0540771484375,782.5863037109375,0.9696826338768005,1001.146240234375,786.2010498046875,0.7357353568077087,899.53564453125,797.1904907226562,0.9383227229118347,894.9832763671875,709.5518188476562,0.9578824043273926,908.9210205078125,749.2159423828125,0.253479540348053,941.4685668945312,835.4197998046875,0.1305910050868988,957.607666015625,725.446044921875,0.7513190507888794,872.8252563476562,663.9866333007812,0.8908268213272095,924.499755859375,635.1749877929688,0.9975602626800537,942.9136352539062,501.62139892578125,0.8352372050285339,923.85791015625,343.75982666015625,0.6270876526832581
3006,83.52200317382812,113.79302978515625,0.9997257590293884,997.7503662109375,84.2145767211914,0.9998536109924316,89.87228393554688,1029.3460693359375,0.9997050166130066,1020.0130004882812,1023.2669067382812,0.9987849593162537,335.7128601074219,499.723876953125,0.9988800883293152,334.4501953125,609.7260131835938,0.9990772008895874,277.5291748046875,555.8245239257812,0.998770534992218,387.45745849609375,556.6843872070312,0.996225118637085,708.2377319335938,501.4461364746094,0.99664705991745,757.5740966796875,717.5872192382812,0.9998867511749268,686.7261962890625,595.6299438476562,0.9979451298713684,780.8023071289062,552.0098876953125,0.9911780953407288,1038.16943359375,790.8411254882812,0.6799641847610474,1004.1149291992188,794.1288452148438,0.647311806678772,898.5567626953125,799.6156005859375,0.9574134945869446,890.0233154296875,712.2056884765625,0.927180290222168,915.8020629882812,750.3338623046875,0.14444656670093536,885.6741943359375,844.2807006835938,0.31720638275146484,955.5052490234375,726.3220825195312,0.7641472220420837,856.6918334960938,672.8711547851562,0.9068996906280518,925.4063110351562,635.080810546875,0.9963988065719604,943.9991455078125,518.6695556640625,0.9182909727096558,925.0458374023438,279.74664306640625,0.7276613116264343
3007,83.98152160644531,115.63297271728516,0.999812662601471,996.0448608398438,83.47249603271484,0.9995457530021667,88.94510650634766,1029.467529296875,0.9997902512550354,1020.7750244140625,1022.4093627929688,0.999381422996521,333.62451171875,500.0349426269531,0.9987855553627014,335.2766418457031,610.6134033203125,0.9983914494514465,277.6446838378906,557.6318359375,0.9985314607620239,386.94488525390625,554.32177734375,0.995029628276825,708.6355590820312,501.21881103515625,0.993584930896759,757.065673828125,717.3569946289062,0.9998677968978882,688.1100463867188,596.8507080078125,0.9968708157539368,780.9180297851562,554.9053955078125,0.9899870753288269,1041.03857421875,800.2670288085938,0.9630736112594604,1022.9239501953125,798.7322998046875,0.36299818754196167,889.3912963867188,805.379150390625,0.8884847164154053,892.28271484375,714.026611328125,0.9287586808204651,988.61279296875,773.6295166015625,0.7665500640869141,883.1668701171875,843.1549072265625,0.556961178779602,952.873779296875,728.1720581054688,0.48062601685523987,859.2596435546875,673.6137084960938,0.8365639448165894,923.7021484375,634.2153930664062,0.9972944855690002,943.3233032226562,511.5672607421875,0.9436860084533691,928.1336059570312,346.0409851074219,0.4518880248069763
3008,83.19124603271484,116.43187713623047,0.9994897842407227,996.097412109375,84.5712661743164,0.9997908473014832,90.04401397705078,1029.80419921875,0.9998469352722168,1020.7531127929688,1022.6348266601562,0.9992388486862183,335.51629638671875,499.0539855957031,0.9988730549812317,335.93402099609375,610.1475830078125,0.9993903636932373,277.22210693359375,556.92333984375,0.997713565826416,386.88885498046875,556.4205932617188,0.9949893355369568,708.4284057617188,500.0344543457031,0.9980216026306152,756.3311767578125,716.4613037109375,0.9999070167541504,687.2274780273438,596.7654418945312,0.9971883893013,780.9012451171875,555.1593017578125,0.9891941547393799,1031.1334228515625,811.1309204101562,0.9521053433418274,999.97412109375,810.384521484375,0.904660165309906,980.4869995117188,811.264892578125,0.7326725125312805,892.7214965820312,712.61767578125,0.9760500192642212,949.6190185546875,770.6238403320312,0.19718427956104279,875.1226806640625,846.4541625976562,0.2583056688308716,951.4361572265625,725.1357421875,0.849900484085083,855.2393188476562,674.9188842773438,0.8381615877151489,924.1416625976562,634.326416015625,0.9970433115959167,943.3643188476562,517.0277099609375,0.890556812286377,923.0199584960938,325.6693420410156,0.3024948537349701
3009,82.31974792480469,114.73492431640625,0.9989198446273804,995.9741821289062,83.1169204711914,0.9998610019683838,89.73880004882812,1030.138427734375,0.9998550415039062,1020.9451904296875,1022.8742065429688,0.9988623857498169,334.9087219238281,499.59759521484375,0.9989612102508545,334.8333435058594,609.012939453125,0.9990309476852417,278.11541748046875,555.3784790039062,0.9986745119094849,387.80523681640625,556.6546630859375,0.993059515953064,705.4340209960938,501.1548156738281,0.9894629120826721,757.2262573242188,716.3824462890625,0.999910831451416,688.0653076171875,596.5151977539062,0.9975376129150391,781.9114990234375,556.260009765625,0.9584543108940125,1024.4810791015625,817.3636474609375,0.8702626824378967,997.2066040039062,814.431640625,0.46729776263237,885.617919921875,805.2344360351562,0.5890244245529175,889.5921630859375,717.166015625,0.9476456046104431,954.6007690429688,774.5546875,0.4224119484424591,869.4190063476562,848.7315063476562,0.6107305884361267,951.9811401367188,717.477294921875,0.9139379858970642,853.94580078125,674.3599243164062,0.7545150518417358,924.57470703125,634.624755859375,0.9970609545707703,942.4260864257812,512.6517944335938,0.9106448292732239,922.1573486328125,336.81610107421875,0.5905554294586182
3010,82.97052001953125,113.21356964111328,0.9996453523635864,998.4976806640625,84.46539306640625,0.9998897314071655,90.37560272216797,1030.4237060546875,0.9998040795326233,1021.9881591796875,1023.0822143554688,0.9990967512130737,335.7646789550781,499.23516845703125,0.9987397789955139,334.8308410644531,610.7372436523438,0.9988653659820557,278.57171630859375,555.9205322265625,0.998330295085907,388.0038146972656,555.65673828125,0.9954915642738342,706.418701171875,503.3732604980469,0.9843926429748535,758.4089965820312,716.7727661132812,0.9998873472213745,688.4006958007812,600.5714721679688,0.9971132278442383,780.0785522460938,559.4208374023438,0.934120237827301,1024.224365234375,820.5706787109375,0.7352196574211121,999.2973022460938,821.9011840820312,0.9167628884315491,982.2341918945312,818.9662475585938,0.7303702235221863,894.3505249023438,713.2037353515625,0.9784619808197021,956.3446044921875,776.6123657226562,0.6937308311462402,811.7477416992188,763.78125,0.18796122074127197,953.8201904296875,716.5301513671875,0.9571540355682373,856.1044311523438,672.5686645507812,0.8783309459686279,925.1823120117188,634.7059326171875,0.9984527826309204,943.2365112304688,517.7740478515625,0.8083375096321106,928.8794555664062,350.62298583984375,0.7729493975639343
3011,83.928955078125,112.71538543701172,0.9995220899581909,996.5813598632812,85.22511291503906,0.9999010562896729,89.2112045288086,1029.455078125,0.9998248219490051,1021.7750854492188,1023.0438232421875,0.9987378716468811,334.7570495605469,499.31884765625,0.9981643557548523,334.8553771972656,610.0228881835938,0.9990288019180298,277.4884338378906,556.2801513671875,0.99854576587677,386.81640625,555.2568359375,0.9926486611366272,707.8883666992188,502.31451416015625,0.9919995665550232,757.4586791992188,717.0641479492188,0.9998819828033447,687.649658203125,600.3565673828125,0.9943156838417053,779.3643798828125,556.3527221679688,0.9715635776519775,1012.4381713867188,831.1842651367188,0.8267369270324707,881.6533203125,818.2833251953125,0.3454633355140686,859.8466796875,793.982666015625,0.6549420952796936,895.5933837890625,716.1942749023438,0.956707775592804,945.1075439453125,783.5319213867188,0.7631428241729736,807.1387329101562,765.1768188476562,0.5899073481559753,952.0252685546875,718.18359375,0.9621386528015137,850.1588134765625,676.5565185546875,0.7358714938163757,925.7478637695312,632.6666259765625,0.9988705515861511,943.06787109375,504.05316162109375,0.8995324373245239,927.0275268554688,350.2225341796875,0.7039499282836914
3012,82.43609619140625,113.95475006103516,0.9995324611663818,996.8640747070312,84.70338439941406,0.9999675750732422,90.09542846679688,1029.864501953125,0.9998200535774231,1021.9806518554688,1023.109619140625,0.9988492727279663,336.2607727050781,498.7282409667969,0.9986681938171387,333.04144287109375,609.9212036132812,0.9984830021858215,277.0168151855469,554.174072265625,0.9980136156082153,386.8190002441406,556.5016479492188,0.994669497013092,708.78662109375,501.4407043457031,0.9883608818054199,758.2120971679688,716.9412231445312,0.9996395111083984,688.9000854492188,599.122314453125,0.9977231621742249,782.5526733398438,560.477783203125,0.9794480204582214,1006.493896484375,835.2182006835938,0.17816977202892303,884.8807373046875,821.7255249023438,0.4816024899482727,852.7734375,791.5224609375,0.7960137128829956,894.8078002929688,718.5712890625,0.8989273309707642,949.0897827148438,785.1539306640625,0.29891055822372437,811.538818359375,767.1410522460938,0.4774167835712433,953.9508666992188,718.9649658203125,0.9560968279838562,854.6987915039062,675.5186767578125,0.574729323387146,925.1268920898438,634.6797485351562,0.9977218508720398,943.1047973632812,517.0972290039062,0.7965091466903687,925.0543823242188,352.6277770996094,0.3427344262599945
3013,84.1728286743164,114.56194305419922,0.9992490410804749,997.21875,84.88165283203125,0.999943733215332,90.63603210449219,1030.73291015625,0.999771773815155,1019.0142211914062,1022.6297607421875,0.9985374212265015,336.7881164550781,498.6840515136719,0.9991371035575867,334.63421630859375,609.72900390625,0.9988698363304138,278.18682861328125,554.386474609375,0.9988871216773987,387.4827575683594,557.1318359375,0.9944854378700256,708.2620849609375,502.25372314453125,0.9721521735191345,759.8114013671875,716.68701171875,0.9996141195297241,688.1728515625,598.2884521484375,0.9974433183670044,780.74658203125,559.7437744140625,0.9543782472610474,999.0035400390625,845.6671142578125,0.7464214563369751,901.9503173828125,826.6287841796875,0.8599112629890442,865.902099609375,800.6851806640625,0.8570226430892944,897.730712890625,721.2784423828125,0.9526857733726501,951.0054931640625,785.23095703125,0.963341236114502,813.6475219726562,779.1468505859375,0.7156632542610168,953.019287109375,718.150146484375,0.9451080560684204,857.4832153320312,675.1754150390625,0.5890291333198547,925.7681274414062,633.7883911132812,0.9965722560882568,942.9309692382812,507.80181884765625,0.8094765543937683,925.5744018554688,353.42901611328125,0.28319284319877625
3014,83.34402465820312,113.59436798095703,0.9998242259025574,997.5677490234375,84.12772369384766,0.9998371601104736,89.68376159667969,1028.900634765625,0.999901533126831,1020.5770874023438,1023.47998046875,0.9996063113212585,337.2372131347656,498.7148132324219,0.9992570281028748,333.7388916015625,610.1502685546875,0.9991207718849182,278.71966552734375,555.1282348632812,0.9983198046684265,387.7715148925781,556.1817016601562,0.9932369589805603,714.857666015625,501.4068298339844,0.9927859902381897,757.5735473632812,716.0896606445312,0.9998602867126465,689.022216796875,599.1310424804688,0.9984970092773438,781.4721069335938,554.674072265625,0.9719621539115906,997.858154296875,846.970458984375,0.35726436972618103,908.5397338867188,832.158203125,0.9131636619567871,849.343017578125,792.1063842773438,0.9468124508857727,892.7306518554688,720.7752075195312,0.9352655410766602,947.6130981445312,786.8833618164062,0.5976877808570862,807.0145263671875,762.7528686523438,0.35119932889938354,951.71728515625,715.8621215820312,0.9177741408348083,879.8530883789062,658.18994140625,0.7806221842765808,925.1838989257812,635.4114990234375,0.9974259734153748,942.869873046875,513.5319213867188,0.8738338351249695,926.2014770507812,353.4935302734375,0.45872244238853455
3015,82.7086181640625,113.32427978515625,0.9998936653137207,998.241455078125,82.5205078125,0.9998822212219238,89.88565063476562,1029.6455078125,0.9998979568481445,1021.0757446289062,1022.6581420898438,0.999091625213623,337.7331237792969,499.078125,0.9988528490066528,333.78607177734375,609.67822265625,0.9990284442901611,278.99676513671875,555.0697631835938,0.9983581900596619,387.9239501953125,557.8878173828125,0.9944174289703369,706.4014892578125,501.4563293457031,0.9872991442680359,757.7112426757812,716.4140014648438,0.9998694658279419,688.0592041015625,597.5851440429688,0.9971893429756165,779.3618774414062,555.2291259765625,0.9651315808296204,1009.1749267578125,841.7988891601562,0.31808367371559143,986.8756103515625,837.4281616210938,0.5640004873275757,977.53955078125,837.0828857421875,0.9458691477775574,892.474853515625,721.911376953125,0.9619653224945068,928.691162109375,782.5408325195312,0.650482177734375,810.7105102539062,764.6926879882812,0.17515547573566437,952.7900390625,720.1761474609375,0.9548449516296387,879.4424438476562,658.8199462890625,0.7020286321640015,925.0375366210938,635.10595703125,0.9980119466781616,943.8104858398438,517.844970703125,0.8139716386795044,928.0794677734375,348.23126220703125,0.2195478230714798
3016,83.27471160888672,115.04727935791016,0.9998397827148438,996.9010620117188,84.30828094482422,0.9996258020401001,89.34888458251953,1031.267578125,0.9997414946556091,1020.7808837890625,1022.5531616210938,0.9990566372871399,338.276611328125,499.88006591796875,0.9993031024932861,332.89605712890625,610.3931884765625,0.9993636012077332,278.2640075683594,556.7488403320312,0.9981344938278198,386.9234313964844,558.4152221679688,0.9949043989181519,706.2261352539062,501.5936279296875,0.997170627117157,758.489990234375,716.73876953125,0.9998266100883484,688.360595703125,597.4219970703125,0.997028648853302,779.4244995117188,554.6715087890625,0.9870238304138184,1008.9954833984375,841.03076171875,0.23697294294834137,971.1973876953125,835.2227783203125,0.6532476544380188,970.6497802734375,835.3215942382812,0.9709384441375732,892.6089477539062,725.5267333984375,0.9879640340805054,948.2821655273438,799.7979736328125,0.161374032497406,812.873046875,776.1828002929688,0.23860062658786774,949.8025512695312,723.7448120117188,0.9021021127700806,863.145263671875,671.2695922851562,0.8363937139511108,923.2282104492188,635.2919921875,0.9979762434959412,943.0985717773438,501.3919677734375,0.9199792146682739,924.3388061523438,348.61407470703125,0.895097553730011
3017,84.02141571044922,116.54461669921875,0.9997788071632385,997.8839111328125,83.83406829833984,0.9999762773513794,90.62714385986328,1030.6527099609375,0.9997621178627014,1021.0015258789062,1022.9430541992188,0.9992803931236267,338.2048645019531,498.981201171875,0.9990424513816833,332.6805419921875,610.3892822265625,0.9993823766708374,278.1476745605469,554.6240844726562,0.9981901049613953,387.2564392089844,558.7058715820312,0.9954541921615601,709.8119506835938,502.5467529296875,0.9937333464622498,757.7648315429688,716.2525024414062,0.9998935461044312,687.6923217773438,597.0189208984375,0.9977343082427979,780.1678466796875,557.7380981445312,0.988175630569458,843.164794921875,834.0564575195312,0.5324752926826477,902.1029663085938,831.6487426757812,0.601607084274292,970.7366333007812,835.6273803710938,0.8116521239280701,890.6441650390625,722.2838134765625,0.9741212129592896,948.9735107421875,792.1849365234375,0.826723575592041,821.8964233398438,778.8779907226562,0.25838130712509155,950.10888671875,723.1172485351562,0.9428138732910156,850.810791015625,675.9188232421875,0.8819035887718201,923.1966552734375,636.4387817382812,0.9983344674110413,942.4020385742188,518.1211547851562,0.8289619088172913,925.1572265625,352.7948913574219,0.7207443714141846
3018,84.05120086669922,115.29097747802734,0.9997853636741638,996.6506958007812,83.9774169921875,0.9999393224716187,89.5328369140625,1028.7587890625,0.999840497970581,1020.2000732421875,1023.1074829101562,0.9987008571624756,337.3304138183594,498.51470947265625,0.9993236064910889,333.28570556640625,609.9374389648438,0.9994521737098694,277.3914794921875,556.271728515625,0.9981276392936707,387.63482666015625,557.8438110351562,0.9950065612792969,708.70849609375,501.4740295410156,0.997256338596344,758.9865112304688,716.5469970703125,0.9998488426208496,688.2318115234375,597.0203247070312,0.9976083040237427,780.1237182617188,560.22900390625,0.9867326617240906,1004.270751953125,848.7357788085938,0.3865514099597931,977.1024780273438,838.5719604492188,0.5547457337379456,969.94287109375,838.945556640625,0.9584754705429077,891.7392578125,723.4031982421875,0.9311100840568542,948.341796875,795.2366333007812,0.49291273951530457,810.7745361328125,763.8532104492188,0.7411358952522278,949.1970825195312,723.4151611328125,0.8492910861968994,886.546875,657.6043090820312,0.9233880043029785,925.0524291992188,633.790283203125,0.9979702830314636,942.8101806640625,518.398681640625,0.8696681261062622,923.9462280273438,352.33197021484375,0.7199909090995789
3019,82.8277359008789,114.60884857177734,0.9995542168617249,997.619140625,84.10700988769531,0.9999676942825317,90.86569213867188,1028.74462890625,0.9998635053634644,1018.767578125,1024.4180908203125,0.9994852542877197,335.7726135253906,498.8160095214844,0.9993157386779785,333.31097412109375,608.8132934570312,0.9994240999221802,277.8620300292969,555.1817626953125,0.9962064027786255,387.5189208984375,555.9847412109375,0.9946653842926025,709.9263305664062,500.02734375,0.9967541098594666,757.941162109375,716.2557983398438,0.9998779296875,688.128173828125,595.8676147460938,0.9971677660942078,781.3824462890625,559.5662841796875,0.9814963936805725,1003.8257446289062,849.790771484375,0.23444263637065887,979.1649169921875,844.02880859375,0.8331933617591858,973.3499755859375,847.349609375,0.9619532823562622,889.4780883789062,727.291015625,0.9560186862945557,948.9168701171875,798.0875244140625,0.42631158232688904,808.6699829101562,762.17431640625,0.2853725552558899,951.147216796875,722.5521850585938,0.9717336297035217,888.0390625,656.95556640625,0.5830456018447876,925.690185546875,634.3154296875,0.9940755367279053,942.9697875976562,508.0848388671875,0.9582047462463379,923.5691528320312,354.0211181640625,0.9094352722167969
3020,83.79439544677734,116.38639831542969,0.9995506405830383,996.8383178710938,84.01834869384766,0.999962568283081,89.80980682373047,1027.9146728515625,0.9998728036880493,1020.6622314453125,1022.9600830078125,0.9989457726478577,336.3128662109375,498.888916015625,0.9991394281387329,334.2970275878906,608.7877807617188,0.998914361000061,277.8068542480469,553.8109741210938,0.9966758489608765,387.2271728515625,557.4663696289062,0.9957233667373657,709.41748046875,501.3996276855469,0.9949880838394165,757.8812866210938,715.3893432617188,0.9999271631240845,687.7142944335938,598.30078125,0.9981226325035095,781.4579467773438,557.1769409179688,0.9790388941764832,972.5285034179688,862.7152709960938,0.40572136640548706,964.3192138671875,852.9027709960938,0.907697319984436,879.7069091796875,806.6207885742188,0.9477797150611877,895.3013916015625,724.9017944335938,0.9763404726982117,949.991943359375,792.0602416992188,0.992275059223175,813.1187133789062,783.1278686523438,0.2172350138425827,956.739013671875,722.7410278320312,0.9562690258026123,835.4734497070312,692.1751098632812,0.4101492166519165,925.1614379882812,636.4882202148438,0.9976436495780945,942.1979370117188,504.9072570800781,0.8581503033638,919.7864379882812,319.27899169921875,0.2693452537059784
3021,82.2145004272461,114.98918151855469,0.9997790455818176,997.1497192382812,84.28675842285156,0.9999147653579712,89.12217712402344,1028.4427490234375,0.9998461008071899,1018.4445190429688,1023.424072265625,0.998801589012146,335.6539001464844,499.2618408203125,0.9990469813346863,333.8640441894531,608.489990234375,0.9987919926643372,277.6894226074219,555.7373046875,0.9977399110794067,387.02081298828125,556.9398193359375,0.9966048002243042,710.5691528320312,500.9682312011719,0.9950386881828308,757.4304809570312,715.53466796875,0.9998855590820312,687.1660766601562,598.997314453125,0.9970126152038574,781.2271728515625,560.0880126953125,0.9787498116493225,957.4551391601562,881.53955078125,0.9553344249725342,909.8080444335938,820.4411010742188,0.8878733515739441,899.2286376953125,800.3953247070312,0.9818936586380005,897.7036743164062,721.7971801757812,0.9757922887802124,948.9174194335938,789.7186279296875,0.9730227589607239,812.9713745117188,762.782470703125,0.29600128531455994,953.0609741210938,719.5996704101562,0.8749057054519653,883.9574584960938,656.81640625,0.6707776784896851,925.8203735351562,637.2823486328125,0.992897629737854,944.0120849609375,503.05291748046875,0.9677913188934326,923.732177734375,353.2155456542969,0.8144675493240356
3022,82.67224884033203,115.51011657714844,0.9997935891151428,997.7750244140625,83.92308044433594,0.9999226331710815,88.9394302368164,1029.86376953125,0.9997567534446716,1018.3795166015625,1023.0057983398438,0.9992350339889526,335.9136047363281,499.37506103515625,0.9988235831260681,336.6602783203125,609.7518920898438,0.99940025806427,278.6005554199219,558.1423950195312,0.9980796575546265,386.9913024902344,555.8345336914062,0.9956501126289368,712.4010009765625,499.2156677246094,0.9990620017051697,757.2880249023438,716.2482299804688,0.9998980760574341,688.22265625,599.0211791992188,0.9978446960449219,780.8985595703125,564.81787109375,0.9727174043655396,961.0450439453125,894.9598388671875,0.9899381399154663,901.5635375976562,825.6897583007812,0.9843270182609558,898.8641967773438,806.9653930664062,0.9772198796272278,899.963134765625,723.1207275390625,0.8010269403457642,950.270263671875,808.4120483398438,0.916500985622406,841.5924682617188,801.31201171875,0.3643091917037964,961.8095092773438,736.670654296875,0.9937326312065125,900.9443969726562,656.358154296875,0.9762082099914551,927.92431640625,639.7409057617188,0.9667627215385437,946.6618041992188,512.1591796875,0.9736122488975525,922.3751220703125,353.9306945800781,0.5895460844039917
3023,83.05706024169922,113.68750762939453,0.9997467398643494,998.0740356445312,84.87554931640625,0.9999532699584961,89.64299774169922,1028.949951171875,0.9998047947883606,1020.3067626953125,1023.71044921875,0.9720185995101929,335.0748291015625,499.34326171875,0.9987396597862244,335.9664611816406,609.3011474609375,0.9991210103034973,277.0064697265625,555.9801025390625,0.9988400340080261,386.81353759765625,556.1705322265625,0.9970213770866394,709.8907470703125,500.0496520996094,0.9992586970329285,757.8268432617188,716.6025390625,0.9999192953109741,684.4952392578125,597.4602661132812,0.9966558218002319,779.7013549804688,552.0383911132812,0.9790900945663452,965.4754028320312,896.6371459960938,0.4325920045375824,906.3015747070312,826.2080078125,0.9992747902870178,894.6891479492188,807.858642578125,0.9973478317260742,907.8569946289062,722.4293823242188,0.9557426571846008,953.0338745117188,801.8887939453125,0.9812886714935303,846.9121704101562,821.0386352539062,0.8315233588218689,960.9373779296875,727.5833740234375,0.985691249370575,887.7454833984375,661.5856323242188,0.7115403413772583,927.2510375976562,640.9403686523438,0.9982433319091797,946.048828125,509.3500061035156,0.9135854244232178,925.4260864257812,357.0549621582031,0.8567956686019897
3024,82.66801452636719,112.78890228271484,0.9997026324272156,996.9622192382812,84.72126770019531,0.9999488592147827,89.01758575439453,1029.332763671875,0.9998010993003845,1022.9967041015625,1029.586669921875,0.15399006009101868,336.6678771972656,498.90875244140625,0.9992341995239258,334.9588928222656,609.3480224609375,0.9993570446968079,277.494873046875,555.6270141601562,0.9987824559211731,386.60394287109375,557.3253784179688,0.9952523708343506,711.619873046875,500.798583984375,0.9994423985481262,753.8639526367188,709.159423828125,0.9994376301765442,687.3717041015625,597.6192016601562,0.9971850514411926,779.3939819335938,551.6906127929688,0.9856508374214172,1014.0932006835938,1046.7584228515625,0.025830283761024475,986.9226684570312,1041.111083984375,0.3824712932109833,884.4351806640625,734.1629028320312,0.6278699636459351,925.6505737304688,804.5123901367188,0.3058182895183563,1002.6050415039062,981.9199829101562,0.32707372307777405,841.9441528320312,718.0109252929688,0.20356935262680054,963.1995849609375,733.2362060546875,0.9600747227668762,897.204833984375,656.7611694335938,0.46575379371643066,927.5421142578125,639.683837890625,0.9949575066566467,939.4152221679688,446.4539794921875,0.7574397921562195,923.87646484375,350.7305908203125,0.963986873626709
3025,83.13445281982422,115.1317138671875,0.999922513961792,996.9591674804688,85.857421875,0.9999769926071167,89.90221405029297,1029.9825439453125,0.9998118281364441,1085.519287109375,1052.849365234375,0.15147919952869415,337.0868835449219,499.5152282714844,0.9991965889930725,334.8808288574219,608.6116943359375,0.9994055032730103,278.453125,556.3694458007812,0.9991165995597839,387.6018371582031,559.2619018554688,0.9968709349632263,712.1041870117188,499.89654541015625,0.9993676543235779,751.858642578125,634.1387939453125,0.7651757597923279,679.1163330078125,582.7578735351562,0.9993244409561157,778.1727294921875,548.5079956054688,0.9943593144416809,1080.1917724609375,1046.4190673828125,0.1320062279701233,755.1435546875,1003.9844360351562,0.3443756401538849,783.0541381835938,993.3277587890625,0.6471362113952637,906.8323974609375,959.5244140625,0.9886733889579773,1002.2548828125,905.0641479492188,0.9174486398696899,769.4456787109375,648.083251953125,0.6466977596282959,959.1370849609375,744.1724243164062,0.33743220567703247,1017.3370361328125,916.1052856445312,0.5597988963127136,933.0390625,639.1085205078125,0.9985138773918152,947.8765258789062,505.48748779296875,0.9367617964744568,925.545166015625,358.3777160644531,0.9303461313247681
3026,83.44824981689453,114.84925842285156,0.9999518394470215,996.346435546875,84.91923522949219,0.9999589920043945,89.26864624023438,1029.3543701171875,0.9997449517250061,1086.9691162109375,1052.8216552734375,0.014620339497923851,336.2061462402344,500.02581787109375,0.9989041090011597,335.312255859375,608.668212890625,0.999381422996521,278.0381164550781,558.2935180664062,0.999523401260376,387.212158203125,557.5615234375,0.9964244961738586,715.50634765625,499.4424743652344,0.9970555305480957,725.5468139648438,610.5559692382812,0.69353187084198,675.0288696289062,568.3610229492188,0.9941278696060181,773.4556884765625,535.281005859375,0.9924170970916748,790.69921875,559.7105712890625,0.01727444864809513,1086.3299560546875,1032.651611328125,0.013020680285990238,1058.0208740234375,976.651611328125,0.03161975368857384,969.8896484375,922.3773193359375,0.5701785683631897,993.8070678710938,809.4221801757812,0.0627925768494606,990.2894897460938,808.8739624023438,0.4257350265979767,1039.5001220703125,840.3789672851562,0.9375994205474854,947.2192993164062,613.3914794921875,0.29939302802085876,823.085205078125,1021.4830322265625,0.33773717284202576,948.760498046875,492.77410888671875,0.9913638830184937,923.8372802734375,349.462890625,0.8709123134613037
3027,83.4374008178711,114.2016830444336,0.9998286962509155,997.1683349609375,86.86276245117188,0.9999250173568726,89.38822174072266,1029.524169921875,0.9996159076690674,1084.8580322265625,1054.02490234375,0.029631702229380608,335.5411376953125,500.21722412109375,0.998722493648529,335.5010681152344,609.3092651367188,0.9995747208595276,278.1174011230469,558.4593505859375,0.9991682767868042,387.1888427734375,557.244140625,0.9973042011260986,711.2003173828125,500.6478576660156,0.9991507530212402,735.5673217773438,627.4037475585938,0.25315722823143005,679.3253173828125,588.2271728515625,0.9946763515472412,772.3519287109375,555.2802124023438,0.9072484374046326,871.8291015625,1041.4061279296875,0.02783191204071045,895.7896728515625,728.6165161132812,0.0033527410123497248,988.34228515625,793.8365478515625,0.05628569424152374,874.8338623046875,612.0227661132812,0.2799983322620392,866.4280395507812,836.7102661132812,0.08406287431716919,929.0714721679688,758.1970825195312,0.12411419302225113,1037.031005859375,761.6546020507812,0.6846599578857422,1043.4791259765625,756.2754516601562,0.24934297800064087,860.8623046875,1028.5303955078125,0.09878973662853241,945.699951171875,484.3561096191406,0.9751735925674438,925.3797607421875,336.3750305175781,0.6241100430488586
3028,82.98518371582031,113.64757537841797,0.9999475479125977,997.8605346679688,84.83164978027344,0.9996870756149292,88.75897216796875,1028.8026123046875,0.9997017979621887,1002.1929321289062,637.324951171875,0.0640958771109581,336.9276123046875,499.5935363769531,0.9989901185035706,336.6138000488281,608.7879028320312,0.99857497215271,278.3601989746094,558.0538940429688,0.998640239238739,386.6347961425781,556.0195922851562,0.9965001344680786,707.7012329101562,500.2205505371094,0.9987418055534363,752.6376953125,718.6830444335938,0.7427599430084229,685.7808227539062,595.0950927734375,0.9908265471458435,777.9454956054688,559.9857177734375,0.8960857391357422,871.2864379882812,1041.36279296875,0.017205076292157173,884.7990112304688,1020.4344482421875,0.019753167405724525,896.7288818359375,1010.8610229492188,0.1279454231262207,931.1510620117188,1022.508544921875,0.0251271091401577,893.2224731445312,795.074462890625,0.28650596737861633,882.3447265625,945.20068359375,0.25872695446014404,880.0654296875,947.6098022460938,0.27213165163993835,893.6477661132812,793.8479614257812,0.0177921112626791,1007.0972290039062,602.33740234375,0.08854661136865616,945.7682495117188,479.8802795410156,0.9962596893310547,927.7562255859375,393.4739685058594,0.8872717618942261
3029,82.83828735351562,114.44756317138672,0.9998747110366821,997.5884399414062,83.42041778564453,0.9999175071716309,89.13426971435547,1029.3851318359375,0.9997946619987488,832.8713989257812,1022.133056640625,0.26708540320396423,334.4835205078125,500.6155090332031,0.999092698097229,336.5631408691406,607.7206420898438,0.9982689619064331,278.5015563964844,560.1119995117188,0.9992545247077942,386.67620849609375,554.3155517578125,0.9958347082138062,707.5303344726562,501.5710144042969,0.998868465423584,867.1251220703125,948.6053466796875,0.7894909381866455,687.4884643554688,597.521240234375,0.9980857372283936,776.5146484375,547.8880615234375,0.8426623940467834,860.4585571289062,812.0161743164062,0.7182295322418213,865.7664184570312,850.431396484375,0.41232600808143616,991.771728515625,704.8385009765625,0.043893299996852875,1018.3129272460938,725.448974609375,0.006038305349647999,912.83984375,743.9485473632812,0.09059994667768478,887.6716918945312,952.8563842773438,0.0660400390625,1069.6923828125,685.746826171875,0.1507507562637329,910.07568359375,744.3278198242188,0.2723350524902344,948.9325561523438,559.6314697265625,0.150172621011734,945.9744262695312,476.9578857421875,0.9955476522445679,939.6730346679688,654.0783081054688,0.6626183390617371
3030,82.81083679199219,114.84812927246094,0.9999599456787109,996.2067260742188,83.05823516845703,0.9997913241386414,88.55943298339844,1029.0467529296875,0.9997232556343079,1084.8504638671875,1054.8760986328125,0.07088485360145569,333.3819580078125,500.0696105957031,0.9989805817604065,337.74859619140625,607.0525512695312,0.9946396946907043,278.2513427734375,559.8233032226562,0.9977298378944397,386.72998046875,552.8126220703125,0.9963556528091431,708.945556640625,500.7576904296875,0.9987818598747253,760.2802734375,653.309814453125,0.37151649594306946,690.2085571289062,599.865478515625,0.9947326183319092,781.9878540039062,550.0081176757812,0.9356493353843689,873.6183471679688,808.1510009765625,0.2103210985660553,860.276123046875,840.19482421875,0.3581567406654358,1023.427978515625,698.5313110351562,0.027104349806904793,963.0372314453125,947.9144287109375,0.02512708492577076,915.9141845703125,726.216552734375,0.08496011048555374,885.6748046875,815.2930297851562,0.2616778612136841,874.3583374023438,965.3045043945312,0.8532771468162537,965.0867309570312,596.4244995117188,0.04311918839812279,950.947998046875,582.3560791015625,0.9339109659194946,951.5621948242188,500.5857238769531,0.9970080256462097,924.4300537109375,346.64453125,0.7971357703208923
3031,82.45759582519531,116.27495574951172,0.999458372592926,996.3450317382812,84.14078521728516,0.9999535083770752,90.42233276367188,1028.0374755859375,0.9997285008430481,1010.9501953125,635.3493041992188,0.21522411704063416,336.2523193359375,499.589111328125,0.9991260170936584,336.2438659667969,607.1911010742188,0.9968067407608032,279.4869384765625,557.3272705078125,0.9973636269569397,387.76336669921875,557.2362670898438,0.9958810806274414,708.4470825195312,501.8499450683594,0.9991803765296936,759.05615234375,674.00732421875,0.07148834317922592,688.2530517578125,594.6487426757812,0.9981468915939331,782.978271484375,564.658203125,0.9109570384025574,855.7321166992188,823.0839233398438,0.712090253829956,852.2842407226562,827.2291259765625,0.7075098752975464,926.3131103515625,983.3051147460938,0.21448175609111786,864.42431640625,859.344970703125,0.003726688912138343,905.443603515625,745.0711669921875,0.20837731659412384,890.5707397460938,954.006103515625,0.08160272985696793,880.6216430664062,953.0866088867188,0.4535151422023773,906.759765625,740.9817504882812,0.10547205805778503,951.0230102539062,591.9874267578125,0.09668032079935074,954.328125,512.1637573242188,0.676145613193512,929.96875,418.1742248535156,0.7677000761032104
3032,82.33193969726562,114.9757308959961,0.9998787641525269,995.8422241210938,85.26618194580078,0.9998103976249695,91.29942321777344,1030.5189208984375,0.9998020529747009,1011.6997680664062,649.6451416015625,0.11066998541355133,336.0505065917969,500.0696105957031,0.9991016387939453,333.9673156738281,607.3382568359375,0.996845006942749,277.79949951171875,555.650390625,0.9968088269233704,387.1861572265625,556.1649169921875,0.9962140917778015,713.042724609375,501.2789611816406,0.9989527463912964,755.3363037109375,718.5450439453125,0.8415869474411011,687.7188110351562,599.4517211914062,0.9966719150543213,783.183837890625,563.0068969726562,0.8677064776420593,818.9052734375,856.668701171875,0.927355945110321,853.7392578125,872.3343505859375,0.3319235146045685,871.3257446289062,879.8798828125,0.028632616624236107,956.289794921875,1018.9264526367188,0.029928160831332207,912.5458984375,742.29052734375,0.15602801740169525,849.6432495117188,997.4440307617188,0.038440026342868805,863.0029907226562,952.2662963867188,0.7303403615951538,908.9248046875,740.6172485351562,0.15157727897167206,1012.983642578125,657.4595336914062,0.9711129665374756,955.7557373046875,514.4461669921875,0.9615945816040039,922.197998046875,358.3468322753906,0.8919360041618347
3033,85.04679107666016,113.73896026611328,0.9993743300437927,995.68798828125,82.89962005615234,0.9999415874481201,89.731689453125,1029.08642578125,0.9997976422309875,627.6530151367188,1032.5955810546875,0.0752403736114502,335.62371826171875,499.4244384765625,0.9988213181495667,333.993408203125,606.3095703125,0.996716320514679,277.876953125,556.054931640625,0.9985288381576538,386.5343933105469,554.7855224609375,0.9954786896705627,708.7044067382812,501.1514892578125,0.9995923638343811,756.9033813476562,716.3286743164062,0.9349217414855957,687.085205078125,597.0150756835938,0.9964631199836731,780.17333984375,549.2926025390625,0.906324028968811,818.80419921875,1011.2734985351562,0.14569596946239471,843.1973876953125,1001.2901611328125,0.7548964023590088,857.222412109375,987.6854248046875,0.66423499584198,991.7652587890625,752.071533203125,0.01930602267384529,919.710205078125,1025.1585693359375,0.05735054239630699,859.7486572265625,962.6460571289062,0.06492075324058533,863.4343872070312,900.9599609375,0.04913502559065819,937.0286254882812,729.9569091796875,0.10912828147411346,1006.579345703125,656.7975463867188,0.9585617780685425,927.8922119140625,363.07879638671875,0.595369815826416,913.3309936523438,288.70880126953125,0.7049326300621033
3034,84.83572387695312,115.1591796875,0.9996460676193237,996.5101318359375,84.4213638305664,0.9999114274978638,89.70122528076172,1030.109375,0.9996829032897949,629.362060546875,1031.587158203125,0.09625104069709778,332.9030456542969,500.2200927734375,0.9988046884536743,336.55810546875,606.71728515625,0.9921981692314148,278.1548156738281,557.09228515625,0.9974045157432556,387.511474609375,552.394775390625,0.9940028786659241,711.2758178710938,500.2745666503906,0.9995173215866089,754.5078125,717.6328125,0.99874347448349,686.9178466796875,597.0625,0.9975985884666443,780.0296630859375,553.1940307617188,0.9476140141487122,830.7591552734375,1063.3084716796875,0.08370929211378098,939.455322265625,648.1238403320312,0.8252604007720947,942.7607421875,657.0738525390625,0.8687050938606262,875.34130859375,1015.1824951171875,0.06402192264795303,933.7836303710938,980.3718872070312,0.9200088977813721,1010.2902221679688,664.6539306640625,0.10064880549907684,869.3007202148438,893.0661010742188,0.10358811914920807,968.0336303710938,653.5618896484375,0.03403090313076973,953.5261840820312,641.4429931640625,0.3065725862979889,964.4403076171875,533.87060546875,0.8907756209373474,920.302001953125,367.62567138671875,0.7783721685409546
3035,84.08264923095703,113.6878890991211,0.9987132549285889,995.2006225585938,84.51879119873047,0.9999581575393677,89.12382507324219,1026.6812744140625,0.99981290102005,82.07666015625,1025.7691650390625,0.008644022047519684,335.8237609863281,501.11212158203125,0.9979494214057922,335.57269287109375,608.1143188476562,0.9902751445770264,277.87982177734375,556.5758056640625,0.9947458505630493,387.5311279296875,556.653076171875,0.9974730610847473,706.384521484375,501.60150146484375,0.9992167949676514,758.195068359375,719.237548828125,0.9993208646774292,688.4315185546875,598.0198974609375,0.9946946501731873,781.3086547851562,550.2439575195312,0.9662744402885437,846.841796875,1059.125244140625,0.45917704701423645,853.3775634765625,988.0529174804688,0.6981814503669739,943.6072387695312,676.0350341796875,0.6133544445037842,978.0794677734375,725.5054321289062,0.07336818426847458,932.4369506835938,701.2437133789062,0.6192854642868042,907.0036010742188,1036.43408203125,0.1961691528558731,997.7290649414062,698.1428833007812,0.13654394447803497,923.6533203125,658.006591796875,0.055127907544374466,952.1346435546875,631.8247680664062,0.98235023021698,952.5784912109375,500.52349853515625,0.5836666226387024,898.8070678710938,320.0202941894531,0.9936261177062988
