"","l_Insular.Cortex","r_Insular.Cortex","l_Amygdal.Area","r_Amygdal.Area","l_Bed.Nucleus.of.the.Stria.Terminalis","r_Bed.Nucleus.of.the.Stria.Terminalis","l_Hippocampus","r_Hippocampus","l_Orbitofrontal.cortex","r_Orbitofrontal.cortex","l_Entorhinal.Cortex","r_Entorhinal.Cortex","l_Frontal.Association.Cortex","r_Frontal.Association.Cortex","l_Globus.Pallidus","r_Globus.Pallidus","l_Glomerular.Layer.of.the.Accessory.Olfactory.Bulb","r_Glomerular.Layer.of.the.Accessory.Olfactory.Bulb","l_Glomerular.Layer.of.the.Olfactory.Bulb","r_Glomerular.Layer.of.the.Olfactory.Bulb","l_Granule.Cell.Level.of.the.Cerebellum","r_Granule.Cell.Level.of.the.Cerebellum","l_Hypothalamic.Region","r_Hypothalamic.Region","l_Entorhinal.Cortex","r_Entorhinal.Cortex","l_Vermix.Molecular.Layer.of.the.Cerebellum","r_Vermix.Molecular.Layer.of.the.Cerebellum","l_Lateral.Molecular.Layer.of.the.Cerebellum","r_Lateral.Molecular.Layer.of.the.Cerebellum","l_Anterior.Olfactory.Bulb","r_Anterior.Olfactory.Bulb","l_Posterior.Olfactory.Bulb","r_Posterior.Olfactory.Bulb","l_Subiculum","r_Subiculum","l_Perirhinal.Area","r_Perirhinal.Area","l_PreLimbic.System","r_PreLimbic.System","l_Primary.Cingular.Cortex","r_Primary.Cingular.Cortex","l_Primary.Motor.Cortex","r_Primary.Motor.Cortex","l_Retrosplenial.Cortex","r_Retrosplenial.Cortex","l_Secondary.Cingular.Cortex","r_Secondary.Cingular.Cortex","l_Secondary.Motor.Cortex","r_Secondary.Motor.Cortex","l_Striatum","r_Striatum","l_Ventral.Tegmental.Area","r_Ventral.Tegmental.Area","l_Substantia.Nigra","r_Substantia.Nigra","l_Thalamus","r_Thalamus"
"1",1,0.209821800516865,0.188021724117044,-0.205624630095882,0.00981351357781564,-0.0200363657422034,0.185977667164278,-0.073974013452804,0.256239977826376,0.396274330862578,0.347528090977665,-0.184340446852426,0.157373966243765,-0.183282300650203,0.0390959584056709,0.0605270425971484,0.363196594616085,0.152285411190911,-0.318218660871958,-0.164074740694455,0.139889952637667,0.177861040894956,-0.0382924737031789,-0.173339342543926,-0.0176111464827132,0.10871311295086,0.0751027133027509,0.286323861712282,0.249768163668856,0.00741564505558762,-0.211410918370824,-0.0797015640056205,0.481268938266275,0.307782662846019,-0.0727255875887019,-0.0661518133724232,0.170714646183911,0.0284037039261855,0.417955179488529,0.249584477883301,0.213905542201203,0.0387016994359579,0.141774086912042,0.124421274802933,0.0716247377843444,0.0446227347285027,0.401316452814234,0.254525165177327,0.212253708672665,-0.0880347160661903,0.343036423634079,-0.0846108231061897,-0.0451633807879254,0.0345994873879679,-0.00908756307271483,0.116812210796063,0.0380695811804552,0.0793160365554426
"2",0.209821800516865,1,-0.155307611483348,0.0649898049592813,0.0845145390740403,0.183039729820755,-0.0716393540115105,-0.00096414244367639,-0.2278651225687,0.204215010368586,-0.106896823058723,0.417727226391982,-0.00714271962430212,0.274452176382246,0.0981723976342365,0.0483853392418685,-0.229304671205611,-0.0624071680979009,-0.396039245143545,-0.277921520368869,-0.058196000349353,0.0770767768638281,0.0968404142958629,0.0150350804096212,0.122290926009946,0.00268644469146689,0.0993007383357168,0.0550767908073378,0.0507878549831281,0.00949816497049157,0.0198304243757456,-0.289048163207963,-0.111726586956103,-0.0754035253108081,0.137568656291374,-0.045163991473527,-0.0558747728541921,-0.0208371919466638,0.115754113904979,0.197657897080151,0.341228794713868,0.243077622261872,0.062092811661827,0.104203192452131,-0.142549600852942,-0.119388509653997,0.406526383409564,0.360904946908949,0.165062132445993,0.233103925698546,0.240233817067815,0.39004675162609,-0.0956753548661088,0.219351327354655,-0.0426214367763598,-0.117758105961537,-0.0905580258594953,-0.0518195289061871
"3",0.188021724117044,-0.155307611483348,1,-0.438399018870823,-0.0278399598282728,0.152219026881102,0.133495030916395,-0.218874549564086,-0.0807520301390848,0.337060588004888,0.313874207262518,-0.369496426830946,-0.217574786022055,-0.139793169691053,-0.168440789313115,0.268659176209335,0.0499289355995413,0.0612680240775559,-0.219498916614956,-0.0923030808579767,-0.0527406870291501,0.229612895092751,0.0923636049143146,0.301318917130811,0.267711468895054,-0.0340322760418641,0.102031432016897,0.208845668081522,0.230333851971901,0.232088233218687,-0.2675932267357,-0.177891686045192,0.0988789335802752,-0.00298063364893812,0.0170179045049407,0.103229894353275,0.282970617240498,-0.0786343369456585,0.272609021273749,0.0942241055671897,0.19751902984404,0.168168004627641,-0.142324541849335,0.325587833393985,-0.0228140678191034,0.307521721989508,0.285375815393963,0.207142326809997,-0.0583617061592259,0.130392978139293,0.0228831384026608,-0.139125558043956,-0.229095936538762,-0.0321241075308015,-0.0692745261706122,0.0327253394641206,0.117650170776993,-0.041371112106244
"4",-0.205624630095883,0.0649898049592813,-0.438399018870823,1,0.113875490692739,-0.105811097971757,0.2597703573316,0.485003874030844,-0.0272878484164943,-0.226821059685068,0.129047569626929,0.339582053582427,0.0489822171349707,-0.00660710873735859,0.133530491908965,-0.384989918121427,-0.10887967782435,-0.0597705422247413,-0.0247618018386234,-0.0375301720647903,0.271269714316909,-0.113924920805827,-0.042392930932288,-0.047285359939649,0.121958742301804,-0.116656504693447,0.00176772430574544,-0.0454717998998092,-0.0668376259241133,0.160870982702534,0.0230817001121936,0.0208644604973401,-0.150849459313693,-0.0562287968951716,0.230686861548563,0.209801639422384,-0.0450966524745202,0.428187305542467,-0.353256686778305,0.135252498090796,-0.0172537468419148,0.0990272326849195,0.0795103147627329,0.133626512799985,0.125424061543146,0.0917962146635643,-0.0926308743599042,-0.124379579786994,0.108489911104682,-0.0055933427589431,0.0218159679226824,0.0581938647157288,-0.00268551834274916,-0.0633532724276969,-0.0240856063535516,-0.19054778299121,0.0177427355245847,0.276898839319995
"5",0.00981351357781564,0.0845145390740403,-0.0278399598282728,0.113875490692739,1,0.104487930159571,0.0964983327477707,0.0819710879664589,-0.222794196172734,0.0410019160713862,0.0353113694107679,0.0302600171759693,-0.0938810996835083,-0.025523244282478,0.0291055945952156,0.0612063871965933,0.0245521286324198,-0.01248088210904,-0.063969713652471,-0.150709923464009,-0.0820779983657959,0.0221949997557471,0.029937555601945,-0.0224236925422749,0.152132936891748,0.0312279350464322,0.0514307152662467,0.0380703735418749,0.103389701846403,0.129021829694074,0.228065738405239,-0.15637728029136,-0.108809141968572,-0.167702670812284,0.0995503194064256,0.00329296791751611,0.0909841923366267,0.0809514848022948,0.0164553224166986,0.106866099518415,0.0969411503696312,0.190538294768094,-0.109936843144718,0.103502153474503,0.00106211870382518,0.0328576249950723,0.0621192387702315,0.169712893280732,0.0496523891261522,0.0177639659404134,0.152119990542076,0.0602545801723434,-0.0168480067576329,0.0528635646282358,-0.0584362621929397,-0.104907799454856,0.197212828509862,0.018825618658101
"6",-0.0200363657422034,0.183039729820755,0.152219026881102,-0.105811097971757,0.104487930159571,1,-0.00584415363121886,-0.114477242901588,-0.256826434041246,0.0202010328686027,-0.0102584743896777,0.146520914422725,-0.235802072016028,0.205401971880521,-0.00773227529507275,0.101576480042083,-0.257238239099578,-0.0778007787002139,-0.168196481971995,-0.16733866409139,-0.171540340005338,0.0691071710518928,0.0457047283597546,0.448027609648656,0.166972476667892,-0.123861081017248,-0.0598676569489212,0.0712615151789016,0.0666632916268412,0.232364986350394,-0.00614949604301424,-0.183875112523754,-0.148061483905047,-0.206530970230445,0.0226769118570306,-0.114282454176827,0.0432906061132601,-0.286753197315539,-0.140606866919696,-0.160081920866656,0.00837026126867689,0.0892221425821774,-0.0351785660332516,0.0793495506734477,-0.185174297347887,-0.0629741504726989,0.181240386298689,0.0768365272207266,-0.00702183788146013,0.214989842257088,0.0448765745571334,0.231798965018316,-0.15083852437202,0.083024756247124,-0.0890881079003027,-0.126130533435266,0.184042323068986,-0.0674497078068575
"7",0.185977667164278,-0.0716393540115105,0.133495030916395,0.2597703573316,0.0964983327477707,-0.00584415363121886,1,0.397967982593145,-0.248426171627935,-0.0820206770005354,0.270816168468652,-0.198639246219124,-0.129684367658732,-0.0958825944668796,-0.0629818429668206,-0.244815026552291,-0.0259463594280583,0.00931135102681595,-0.0159167123183097,-0.0790682151547665,0.152087446557159,0.0439672239680434,0.334701086720801,0.23921827155489,0.332224545158026,-0.120847050190997,0.243993412959663,0.339928606852107,0.167780706183181,0.459192165799811,0.0698860945434707,-0.0378821929393518,-0.0211570675907329,-0.14781428300023,0.477297297652669,0.403297969014672,0.312296832453612,0.429568272393092,-0.12146956785253,0.117587296609218,0.125098088799669,0.0954164567008862,-0.0417498768023083,0.131842257037933,0.27930635977799,0.452388857480811,0.0263864631639719,-0.0488141366480861,0.0227546283249965,0.0479801833276694,0.222353691684835,-0.0439395572749534,0.0239179903145085,-0.0238089834645053,0.0556948998429416,-0.0684478057159163,0.404429335307896,0.477327297239382
"8",-0.073974013452804,-0.00096414244367639,-0.218874549564086,0.485003874030844,0.0819710879664589,-0.114477242901588,0.397967982593145,1,0.251351459379737,-0.185169848300929,-0.0187497670648629,0.290822947094009,0.238765941220779,-0.160196014233943,-0.0329610858297959,-0.338645581632754,0.134026863612055,0.0705235191659075,0.0668831618190694,0.18854699548514,0.176676460135237,-0.0853562687873776,0.00733093654494857,-0.125204493169375,0.0652633311090959,-0.0490674956250475,0.20697764133619,0.0745073214065393,0.220257604648812,0.186551083961059,-0.0515895159829071,0.200334385611705,0.0444947442325857,0.20889643908739,0.626604510741008,0.612655058552674,0.206186738015914,0.468829284306046,0.00748454610911859,0.0914491403163203,-0.0761216817724062,-0.158017091785842,0.0898314236132279,-0.072964118130826,0.469818429715462,0.326515222572081,-0.180037590042213,-0.146106623860708,0.180657489584782,-0.240980258669896,0.0195868699566346,-0.0698487111168185,-0.0554332581370449,-0.118999839600161,0.068972470203939,0.0643718404828042,0.0569360643205331,0.24816911167009
"9",0.256239977826376,-0.2278651225687,-0.0807520301390848,-0.0272878484164943,-0.222794196172734,-0.256826434041246,-0.248426171627935,0.251351459379737,1,0.172472531632641,-0.055101549349867,-0.00158047983354818,0.643444013660067,-0.344425841285725,-0.0799795808558892,-0.0900489638283629,0.557115663188914,0.16730791401254,0.176136062739058,0.424506045150621,0.157873943257479,-0.0499778796732536,-0.340838421849706,-0.404449658790547,-0.428511827033577,0.226250061336883,0.0597989247088868,-0.0194294136791832,0.206197104450649,-0.252600078787655,-0.253421127086097,0.386162043163073,0.611271685969907,0.643150566678709,0.00239813361944746,0.108754288758467,0.0269346729136435,-0.0149593274801636,0.422860146619965,0.0351769953485941,-0.175669263819023,-0.356816180989975,0.298838818982149,-0.232469882667831,0.447312359015991,0.0585010029988625,-0.168283278780494,-0.194774871940737,0.340932269746581,-0.429715736270702,-0.040337404092978,-0.336955895247208,0.0408743564047095,-0.0384960893662093,-0.0116387550190014,0.16822387149597,-0.210803774312577,-0.0268660064438201
"10",0.396274330862578,0.204215010368586,0.337060588004888,-0.226821059685068,0.0410019160713862,0.0202010328686027,-0.0820206770005355,-0.185169848300929,0.172472531632641,1,0.0756462931187985,-0.160164595941914,0.193327852377082,-0.0302952711897463,-0.00447978953774586,0.105227930550161,0.152396260746137,0.0413346848319537,-0.308305087496123,-0.361358805053331,-0.00556704209469526,0.109620122020527,-0.0585732589119829,-0.0579443420994945,0.00212415723578149,0.0723292886670773,0.127824974053077,0.222416860808916,0.198994385911699,0.0324863042245556,-0.195957767376576,-0.424584210708426,0.321104904417629,0.261385936227895,-0.202402158729378,-0.0715389423284698,0.0966619344976428,-0.0432590686447367,0.366964156556405,0.198654159213127,0.34748417461385,0.398809373871133,-0.0830576647486675,0.372986873035177,-0.076420311673625,0.0909359379959633,0.461592650449851,0.303312266441317,0.138656525855295,0.212240892589644,0.0709380868039178,-0.0652324476552747,-0.0408700066336221,0.153244192701825,-0.0403509631102131,0.126187818920287,-0.0340281839267431,-0.00026895035934676
"11",0.347528090977665,-0.106896823058723,0.313874207262518,0.129047569626929,0.0353113694107679,-0.0102584743896777,0.270816168468652,-0.0187497670648629,-0.055101549349867,0.0756462931187985,1,-0.299086749572015,-0.0915221588029606,-0.123906337146297,0.0672710164587525,-0.106139424675536,0.102632603559742,0.0186332275000695,-0.23720277618138,-0.145733583696348,0.0787483284244504,0.121440385692468,0.0936056471084827,0.00766697825801695,0.0723541608856333,-0.0690710492519798,0.0942470667608773,0.0881006977319733,0.0901127119532194,0.268428473445088,-0.190764297538708,-0.0437579403097119,0.103743099461188,0.00888334805840609,-0.161055403162959,0.206157647034472,0.0663014779054197,0.278853316622256,0.0494690360885741,0.452557487378572,0.175118184724041,0.263131611040569,0.0807194420694531,0.316261428149227,-0.024725677181665,0.154748929237615,0.322220901835355,0.225749406249412,0.0649391839838917,0.0936157502486861,0.247167581407955,-0.0559787444455028,-0.209103234144349,-0.0645687287655733,-0.0317788508922447,0.0570193933329401,-0.103603764782118,0.402609692029252
"12",-0.184340446852426,0.417727226391982,-0.369496426830947,0.339582053582427,0.0302600171759693,0.146520914422725,-0.198639246219124,0.290822947094009,-0.00158047983354818,-0.160164595941914,-0.299086749572015,1,0.0774599398085086,0.302869774444065,0.0442031906048168,-0.0235966885971952,-0.113304723395338,0.162665485301947,-0.111962316617238,-0.0427959625401544,0.0241547257642874,-0.0799225777205438,-0.0092961936421108,-0.011265320986758,0.148934216261299,0.0459345154723132,-0.203037899269747,-0.069905337113186,-0.117678279737402,0.00351704404080168,0.0291311604999963,-0.0894005373970431,-0.21223781144539,-0.104499167812927,0.295097667503224,-0.0145937110849051,0.0141350169414143,-0.0280996883299347,-0.101411293193854,0.0911918119293886,0.00439559294208563,-0.0559222411021938,0.166770134754746,-0.0621310591754408,0.0345553475549501,-0.191853317178679,0.0226735578262222,0.0311271954350371,0.186513237919621,0.0629939048827629,0.113005001641893,0.365525636974315,-0.0440882701920726,0.0152062410594087,0.00923307939884951,-0.159360483194101,-0.00663111894097924,-0.177104360054384
"13",0.157373966243765,-0.00714271962430212,-0.217574786022055,0.0489822171349707,-0.0938810996835083,-0.235802072016028,-0.129684367658732,0.238765941220779,0.643444013660067,0.193327852377082,-0.0915221588029606,0.0774599398085087,1,0.0257336996108759,-0.0351530787355886,0.00780975763808031,0.41891823253556,0.276687960599743,0.0804297637885705,0.33815310639741,0.038372238848718,-0.193815744325499,-0.0824972501501318,-0.391508216825386,-0.449369177452998,0.198459837753382,0.0353032606030981,-0.19337079280719,0.211922877417134,-0.34258296662032,-0.052387294899353,0.278932018759746,0.520652221667971,0.43772043922126,0.0701995320646481,0.142310725982614,-0.0484319675837512,0.0266790198738437,0.33757268108445,0.087871874681583,-0.0571345140676896,-0.253200227322056,0.209354345692875,-0.327730863062362,0.251044750315559,0.0124083762217578,-0.117325846243707,-0.0375597302627279,0.650242289232131,-0.22076015584009,0.103035093824593,-0.207365788442002,0.14987439788699,-0.0335826049269182,0.0199946929914269,0.104590701151682,-0.144086546322138,0.0205165155166856
"14",-0.183282300650203,0.274452176382246,-0.139793169691053,-0.00660710873735859,-0.025523244282478,0.205401971880521,-0.0958825944668796,-0.160196014233943,-0.344425841285725,-0.0302952711897464,-0.123906337146297,0.302869774444065,0.0257336996108759,1,0.148910970607633,0.140567892240747,-0.268559895852581,0.265013636754793,-0.0316077899901783,-0.0543950468959688,-0.135489385414991,-0.222288545679296,0.39492335030025,0.244469957834432,0.178109879335833,-0.0903776792405272,-0.346721374624752,-0.235351850715264,-0.238931082097561,0.0325397442846692,0.26854979675983,-0.070613754409533,-0.0893684367198514,-0.179762332591311,-0.0592602317136378,-0.0680020106652928,-0.0540837486017085,-0.111088490780901,-0.0937819573965366,0.115328656183918,0.0075968266173097,0.148462861567898,0.0493884873038026,0.0526355481995308,-0.29158352294086,-0.307511004049712,-0.0897038784165634,0.0009449525837394,0.324156513879407,0.718109295031433,0.153347552933575,0.188217972334546,0.142698126911627,0.0187863289642775,0.121933477498619,-0.0633772202417036,0.0346491465841914,-0.101136851551417
"15",0.0390959584056709,0.0981723976342365,-0.168440789313115,0.133530491908965,0.0291055945952156,-0.00773227529507276,-0.0629818429668206,-0.0329610858297959,-0.0799795808558892,-0.00447978953774586,0.0672710164587525,0.0442031906048168,-0.0351530787355886,0.148910970607633,1,-0.148613054785508,-0.0592642354016896,-0.00626012925334972,0.03344354134711,-0.0244658236886066,0.0532964983737469,0.129761438946398,-0.0998617048704361,-0.154615349277806,-0.0437293955258022,-0.110550821953655,0.0148862589695283,-0.0464211814770564,0.11847185052423,-0.00284854780382246,0.0497278954179164,-0.0327476190536777,-0.0418501875922779,0.0989286112503437,-0.113521175840647,-0.00152642759369333,-0.107956382754562,0.0444531961344364,-0.069588656364101,0.204493470851454,0.0848553475721438,0.076198933471041,0.0727880034607484,0.0265307481047904,0.0178232640174532,0.104712054711157,0.045281545585021,0.0837187822992152,0.0930878939056612,0.0306201991283446,0.228746934258608,0.0246980313174261,0.033248329404023,0.0541436283908543,-0.181495130204364,-0.0946049011350858,0.0162735892738896,0.181345188123306
"16",0.0605270425971484,0.0483853392418685,0.268659176209335,-0.384989918121427,0.0612063871965933,0.101576480042083,-0.244815026552291,-0.338645581632754,-0.0900489638283629,0.105227930550161,-0.106139424675536,-0.0235966885971952,0.00780975763808031,0.140567892240747,-0.148613054785508,1,0.10613000527525,0.165179617788867,-0.0780629834866569,-0.0917597403282271,-0.0496843930019664,-0.0577764440865542,0.130788366431093,0.286180282578788,0.0495863846097683,0.132580581015686,-0.0888403855649766,0.00270651822243345,0.0890435511482673,-0.0367897648440459,-0.0553345845565542,-0.133412319073765,-0.0248473112026322,-0.106340327326929,-0.0488400571456457,-0.291815326034532,0.171515242971395,-0.389575475340266,0.0982570249271878,-0.155210151858763,0.0244003071555325,-0.00841927554894455,-0.0532813300081214,-0.0670072421123472,-0.167915264340754,-0.0392279901391495,0.0390492489928522,0.109384741469962,0.0647250767049955,0.147919294215638,-0.0166200936667875,0.169346253880283,-0.059775815571406,-0.0662399328075622,-0.138492194423176,0.185610781726409,0.164466077914916,-0.35210782241547
"17",0.363196594616085,-0.229304671205611,0.0499289355995413,-0.10887967782435,0.0245521286324198,-0.257238239099578,-0.0259463594280583,0.134026863612055,0.557115663188914,0.152396260746137,0.102632603559742,-0.113304723395338,0.41891823253556,-0.268559895852581,-0.0592642354016896,0.10613000527525,1,0.431215458657396,0.221554391446526,0.364369472705677,0.159908825570532,0.0924119603354844,-0.00473574115483558,-0.240993814714273,-0.251024590496287,0.11005616680932,0.0508523173634958,0.0627832926164814,0.214714009052298,-0.13813309616861,0.0590652450237765,0.428843064770138,0.578821283542287,0.424593466976376,0.0385519229978169,0.0804814344398095,0.14242389183959,-0.00077440327555941,0.353432646513943,0.0751685439458377,-0.327164294499522,-0.387441482341755,0.199179189174978,-0.213121643169108,0.188257411166923,-0.021817410490503,-0.0644971441264542,-0.119792019507859,0.156194869833523,-0.382597588783981,0.213608171011043,-0.265691017588561,-0.0299945213366129,-0.0813748276786661,0.0488249817641397,0.267597088329497,-0.0488623084800775,-0.0383057587938411
"18",0.152285411190911,-0.0624071680979009,0.0612680240775559,-0.0597705422247413,-0.01248088210904,-0.0778007787002139,0.00931135102681595,0.0705235191659075,0.16730791401254,0.0413346848319537,0.0186332275000695,0.162665485301947,0.276687960599743,0.265013636754793,-0.00626012925334972,0.165179617788867,0.431215458657395,1,0.120304949466365,0.110270306841205,0.0458572207019763,-0.100767613505954,0.23790219352027,0.00611443946418248,-0.0423186299333493,0.164306339865781,-0.0625092639684516,-0.115882256916538,0.208047991781262,-0.131350846472128,-0.00766782748218569,0.177052801929629,0.400563681440864,0.20999375097045,0.202019956653465,0.0957277665838123,0.133637057022295,-0.0683242741341839,0.171476159200126,0.0409520227879534,-0.25008175369555,-0.105349954278973,0.168165117801802,0.0324710628094408,0.0607696818539256,-0.00275953829650056,0.0341354371062108,0.0893490757111092,0.263577918414879,0.11122145663177,0.1961991600258,-0.171362335631726,0.0279717469203104,-0.136111176941192,0.113600096979711,0.0129412248626233,-0.00545017064434594,-0.138322035555494
"19",-0.318218660871958,-0.396039245143545,-0.219498916614956,-0.0247618018386234,-0.063969713652471,-0.168196481971995,-0.0159167123183097,0.0668831618190694,0.176136062739058,-0.308305087496123,-0.23720277618138,-0.111962316617238,0.0804297637885705,-0.0316077899901783,0.03344354134711,-0.0780629834866569,0.221554391446525,0.120304949466365,1,0.628322268882812,0.148434687813249,-0.0393407876379211,-0.0051388954571111,-0.116227400046477,-0.280244246892731,0.109421956138121,0.0307003765701968,-0.120661503419885,0.0935543375593583,-0.0414394495122241,0.544246738143952,0.61655356669546,0.0530790007317399,0.193051886367269,0.0773195764165744,0.062677558667543,-0.0255261781882921,-0.0233589392293542,-0.108916485587056,-0.139568301808766,-0.359141568992295,-0.395275051304949,0.0564709944889617,-0.362801510006156,0.254991209119301,-0.00579153785140324,-0.521877094204528,-0.478491976620518,-0.155210417308356,-0.29404737058708,-0.0321128584222441,-0.173059133405032,0.266786233585394,0.0382173148803782,0.0446570543117109,0.112466414528029,-0.0197944298595816,0.0755499515224357
"20",-0.164074740694455,-0.27792152036887,-0.0923030808579767,-0.0375301720647903,-0.150709923464009,-0.16733866409139,-0.0790682151547665,0.18854699548514,0.424506045150621,-0.361358805053331,-0.145733583696348,-0.0427959625401544,0.33815310639741,-0.0543950468959688,-0.0244658236886066,-0.0917597403282271,0.364369472705677,0.110270306841205,0.628322268882812,1,-0.0177779231502364,-0.0603351316267407,-0.047293642611842,-0.194840242177656,-0.332950874951704,0.0363512146595285,0.00971270656509748,-0.203481387815472,0.135466662730241,-0.257503794541153,0.217007174806893,0.85869189342802,0.234747316959986,0.24688625431234,0.108617945584362,0.105033976695247,-0.0158537246081635,-0.011756464181306,0.0900905348419547,0.00628591086698669,-0.44698868923358,-0.52618522511838,0.179810127384922,-0.467529447172222,0.282968593121473,-0.043347702397233,-0.533416822702012,-0.483251381884646,0.0911445956755187,-0.385580452684247,0.0916940522988164,-0.20945018737455,0.18564462592972,0.0714270658026408,0.0113013754688989,0.0772267637747792,-0.0742741269353571,0.0360528590831182
"21",0.139889952637667,-0.058196000349353,-0.0527406870291501,0.271269714316909,-0.0820779983657959,-0.171540340005338,0.152087446557159,0.176676460135237,0.157873943257479,-0.00556704209469526,0.0787483284244504,0.0241547257642874,0.038372238848718,-0.135489385414991,0.0532964983737469,-0.0496843930019664,0.159908825570532,0.0458572207019763,0.148434687813249,-0.0177779231502364,1,0.157486197663939,-0.0525590306412846,-0.021654350454067,-0.00339103748342259,0.161156037653862,0.039094532867504,0.0781683319503407,0.240000541210418,0.0214554305858122,0.0232195493000729,0.0755960544292162,0.196242791556714,0.178488119966651,0.179466873062684,0.141691954107365,0.154732393653854,0.198697513847744,0.0323443386334194,0.0468150701995768,0.051820343832504,0.0182291063335779,0.0509657120443858,-0.0459054063447067,0.25012159961151,0.172150194512131,-0.0455225869012645,-0.0723641258898977,-0.00652998821742752,-0.126206139132881,0.12670035772272,-0.00569109344979276,0.0275643982125315,-0.0287279060124389,-0.0366679251089323,-0.00976109811628092,0.0464505378766079,0.115183250662262
"22",0.177861040894956,0.0770767768638281,0.229612895092751,-0.113924920805827,0.0221949997557471,0.0691071710518928,0.0439672239680434,-0.0853562687873776,-0.0499778796732536,0.109620122020527,0.121440385692468,-0.0799225777205438,-0.193815744325499,-0.222288545679296,0.129761438946398,-0.0577764440865542,0.0924119603354844,-0.100767613505954,-0.0393407876379211,-0.0603351316267407,0.157486197663939,1,-0.153447472613277,0.190132931874756,0.0374689292358784,0.126627501991665,0.200773904514517,0.228511297561104,0.226107085910567,0.144614865932705,0.0590006290843452,0.0693898992316301,-0.0154872026224651,-0.0025945187182024,0.0401194655429031,0.00999977465742578,0.241292218753946,-0.112028026625208,0.0730098219201069,0.022275613900874,0.137571626533721,0.0829685895858626,-0.0180572819390599,0.163733529093477,0.0701862737598021,0.0954367204330611,0.186926043111305,0.0722009495014444,-0.137838564939427,-0.111143633510133,0.191042006616896,-0.0705417727158662,0.00752440045527775,0.064839743197977,-0.0938166780197313,0.10791342110055,0.0730968022694786,-0.0180859235708304
"23",-0.0382924737031789,0.0968404142958629,0.0923636049143146,-0.042392930932288,0.029937555601945,0.0457047283597546,0.334701086720801,0.00733093654494857,-0.340838421849706,-0.0585732589119829,0.0936056471084827,-0.0092961936421108,-0.0824972501501318,0.39492335030025,-0.0998617048704361,0.130788366431093,-0.00473574115483558,0.23790219352027,-0.0051388954571111,-0.047293642611842,-0.0525590306412846,-0.153447472613277,1,0.287162180108203,0.240515206395369,-0.0504440916064269,-0.142239366232806,-0.0353741853600602,-0.100533260788042,0.302418129520855,0.118307546864632,-0.00331894101081802,-0.127800043256537,-0.306385492734786,0.101572426974033,0.0179385241539774,0.132698106063925,-0.0509153977189625,-0.131518510006016,0.0712212638137047,0.0137714227098152,0.0735634543228897,0.0959914868079789,0.136263006089244,-0.161131732961589,0.0127107723549958,0.0101919956810922,0.0811661228623096,0.115842306848035,0.341524678659419,0.233875987036924,0.0597863998350786,0.0185082477127472,0.0450944579377953,0.231497094222597,0.0123740890902545,0.296013409905697,0.122788779862774
"24",-0.173339342543926,0.0150350804096212,0.301318917130811,-0.047285359939649,-0.0224236925422749,0.448027609648656,0.23921827155489,-0.125204493169375,-0.404449658790547,-0.0579443420994945,0.00766697825801695,-0.011265320986758,-0.391508216825386,0.244469957834432,-0.154615349277806,0.286180282578788,-0.240993814714273,0.00611443946418248,-0.116227400046477,-0.194840242177656,-0.021654350454067,0.190132931874756,0.287162180108203,1,0.419179828206084,-0.144689818718747,-0.0823567805405639,0.114187827286973,-0.110522043216983,0.406033636662941,0.00331021973943205,-0.185499186101831,-0.280718035986402,-0.316439522383039,0.191442729681617,0.0312102871229945,0.273987755369828,-0.192082940419727,-0.26341321201263,-0.21758365342666,-0.0609768947935513,0.177842105382578,0.00603944392352859,0.197297841318387,-0.0482708031362413,0.0258481190142401,0.0900043976611953,-0.0415586677840538,-0.121414109506731,0.389780348447131,-0.0605956698789468,0.130425677417115,-0.0429095095098068,-0.0388655327056543,-0.0145171412260617,0.0162026570628402,0.393104339367337,-0.0782616909882974
"25",-0.0176111464827132,0.122290926009946,0.267711468895054,0.121958742301804,0.152132936891748,0.166972476667892,0.332224545158026,0.0652633311090959,-0.428511827033577,0.00212415723578149,0.0723541608856333,0.148934216261299,-0.449369177452998,0.178109879335833,-0.0437293955258022,0.0495863846097683,-0.251024590496287,-0.0423186299333493,-0.280244246892731,-0.332950874951704,-0.00339103748342259,0.0374689292358784,0.240515206395369,0.419179828206084,1,-0.251621888631789,0.0456136323219238,0.37029651484589,0.0242539762984582,0.465812538042267,-0.137465684376228,-0.398930490070819,-0.27493917314892,-0.286369745912259,0.252482757592416,0.106304986595176,0.266504438697561,0.0500621151407832,-0.0724374682827243,0.0739350380220243,0.189189253079641,0.440830556531466,0.0614317236659806,0.517308492729157,-0.0620583691688766,0.212305201430825,0.177955391636243,0.141924631736081,-0.0912911944098493,0.454237731153554,0.0445932832931555,0.101943878868401,-0.118225679638469,-0.0193539476276805,-0.0497431684114487,-0.0927669454673976,0.277797614644949,-0.0701032444721632
"26",0.10871311295086,0.00268644469146689,-0.0340322760418641,-0.116656504693447,0.0312279350464322,-0.123861081017248,-0.120847050190997,-0.0490674956250475,0.226250061336883,0.0723292886670773,-0.0690710492519798,0.0459345154723132,0.198459837753382,-0.0903776792405272,-0.110550821953655,0.132580581015686,0.11005616680932,0.164306339865781,0.109421956138121,0.0363512146595285,0.161156037653862,0.126627501991665,-0.0504440916064269,-0.144689818718747,-0.251621888631789,1,-0.0306288624890566,-0.0918005732075197,0.282298335557116,-0.325991791095856,-0.0571386205849053,0.0869874240187575,0.317378957656984,0.125637689899675,0.0980885428228682,-0.0422554949075909,0.214626031854192,0.0545787291734908,0.186296198193109,0.00136686407886291,0.132342394352067,-0.073883596901591,-0.0805763396324862,-0.132423332637362,0.0971974182548801,-0.032270090842521,-0.0366155452652077,0.176295687592019,0.175498342530096,-0.205024164912367,0.0188868461726141,-0.131256477784752,0.210320665929461,-0.00498242310207967,0.00724767635223387,0.0337485756285058,-0.160450011019705,-0.12264744393588
"27",0.0751027133027509,0.0993007383357168,0.102031432016897,0.00176772430574544,0.0514307152662467,-0.0598676569489212,0.243993412959663,0.20697764133619,0.0597989247088868,0.127824974053077,0.0942470667608773,-0.203037899269747,0.0353032606030981,-0.346721374624752,0.0148862589695283,-0.0888403855649766,0.0508523173634958,-0.0625092639684516,0.0307003765701968,0.00971270656509748,0.039094532867504,0.200773904514517,-0.142239366232806,-0.0823567805405639,0.0456136323219238,-0.0306288624890566,1,0.508527040698207,0.454056732718427,0.0412854854315516,0.015963010649895,-0.0581714215406424,0.0989283093795074,0.105053120385681,0.270136811228333,0.214861529654108,0.120050508534862,0.118458107131321,0.207901873572913,0.105995175619408,0.16952406394607,0.0914807825815598,-0.0637948895990127,0.126190722282887,0.33089280554664,0.360552751333682,0.228360985646483,0.0811833414026627,-0.0320551484976246,-0.137926211280531,0.0955104303193336,-0.132253098425396,-0.140748870358442,0.133472518474711,-0.305631709907944,0.0109204884779107,-0.064373141887551,0.170294670270773
"28",0.286323861712282,0.0550767908073378,0.208845668081522,-0.0454717998998092,0.0380703735418749,0.0712615151789016,0.339928606852107,0.0745073214065393,-0.0194294136791832,0.222416860808916,0.0881006977319733,-0.069905337113186,-0.19337079280719,-0.235351850715264,-0.0464211814770564,0.00270651822243345,0.0627832926164814,-0.115882256916538,-0.120661503419885,-0.203481387815472,0.0781683319503407,0.228511297561104,-0.0353741853600602,0.114187827286973,0.37029651484589,-0.0918005732075197,0.508527040698207,1,0.213407493135491,0.337343093213016,-0.0281110693803019,-0.263325597192076,0.0516509012436653,-0.00162581362191015,0.227499856095343,0.0578079197055169,0.357519331486862,-0.0693897754351681,0.0686359542571451,0.0237869400629778,0.225751900295111,0.196754110244185,0.12509102433819,0.247025771268286,0.262434493333934,0.159118176442448,0.243893591428082,0.0375919888955703,-0.149593598902226,0.00888723039240984,0.181224120377671,0.110899421821284,-0.214189845985657,0.120050067731063,-0.167693961821818,-0.00783615556513282,0.306000056060568,0.134151527405312
"29",0.249768163668856,0.0507878549831281,0.230333851971901,-0.0668376259241133,0.103389701846403,0.0666632916268412,0.167780706183181,0.220257604648812,0.206197104450649,0.198994385911699,0.0901127119532194,-0.117678279737402,0.211922877417134,-0.238931082097561,0.11847185052423,0.0890435511482673,0.214714009052298,0.208047991781262,0.0935543375593583,0.135466662730241,0.240000541210418,0.226107085910567,-0.100533260788042,-0.110522043216983,0.0242539762984582,0.282298335557116,0.454056732718427,0.213407493135491,1,-0.0602020018270862,-0.0511922815883123,0.0576149323754917,0.342938646039761,0.262455809768573,0.317581101875236,0.217216374661527,0.221069763806913,0.0670975448716956,0.395833471989839,0.165648552297547,0.159143830991301,0.0368337403475687,-0.10571494072339,0.0725786110590484,0.349315459546655,0.388940957976916,0.170577850611895,0.200851022187211,0.132721946740261,-0.200242558787694,0.255589121998947,-0.174323238120083,0.0699942951665389,0.138482910941344,-0.100420794887868,-0.0651414671992658,0.0896237035908442,0.0980945241714882
"30",0.00741564505558762,0.00949816497049157,0.232088233218687,0.160870982702534,0.129021829694074,0.232364986350393,0.459192165799811,0.186551083961059,-0.252600078787655,0.0324863042245556,0.268428473445088,0.00351704404080168,-0.34258296662032,0.0325397442846692,-0.00284854780382246,-0.0367897648440459,-0.13813309616861,-0.131350846472128,-0.0414394495122241,-0.257503794541153,0.0214554305858122,0.144614865932705,0.302418129520855,0.406033636662941,0.465812538042267,-0.325991791095856,0.0412854854315516,0.337343093213016,-0.0602020018270862,1,-0.022093884617014,-0.24292320128416,-0.241330863303866,-0.167069352648656,0.148529440799331,0.225910239520911,0.21797762269209,-0.00677809355849799,-0.196053096671498,0.169490184952042,0.127094251356852,0.269143454313647,0.0550737423418949,0.362378224897208,0.160693487875148,0.305218268104897,0.133198250350012,0.0251869838273888,-0.0959371313353816,0.269526833344664,0.145730207090589,0.146645961377033,-0.231574192965908,-0.105968553249581,-0.048176486805167,0.0294459656088835,0.316121240045039,0.162246459107663
"31",-0.211410918370824,0.0198304243757456,-0.2675932267357,0.0230817001121936,0.228065738405239,-0.00614949604301424,0.0698860945434707,-0.0515895159829071,-0.253421127086097,-0.195957767376576,-0.190764297538708,0.0291311604999963,-0.052387294899353,0.26854979675983,0.0497278954179164,-0.0553345845565542,0.0590652450237765,-0.00766782748218569,0.544246738143952,0.217007174806893,0.0232195493000729,0.0590006290843452,0.118307546864632,0.00331021973943205,-0.137465684376228,-0.0571386205849053,0.015963010649895,-0.0281110693803018,-0.0511922815883123,-0.022093884617014,1,0.322147343898194,-0.106109547302974,-0.105763998103271,0.0278997795708641,-0.0283533118500067,-0.0582890814328904,0.0336566348753241,-0.189830533716293,-0.0700305069278104,-0.0409658332129011,-0.230244368647894,-0.0608656713094276,-0.29517573030714,0.0810029427771422,-0.109146532282303,-0.265475899811818,-0.257632202009904,-0.0385431328735484,-0.0288489524667812,0.126914638824464,0.0581797092777459,0.20272093530815,0.106391826751149,0.0768751301976012,-0.157242930418711,0.10383471843791,0.15123128022848
"32",-0.0797015640056205,-0.289048163207963,-0.177891686045192,0.0208644604973401,-0.15637728029136,-0.183875112523754,-0.0378821929393518,0.200334385611705,0.386162043163073,-0.424584210708426,-0.0437579403097119,-0.0894005373970431,0.278932018759746,-0.070613754409533,-0.0327476190536777,-0.133412319073765,0.428843064770138,0.177052801929629,0.61655356669546,0.85869189342802,0.0755960544292162,0.0693898992316301,-0.00331894101081802,-0.185499186101831,-0.398930490070819,0.0869874240187575,-0.0581714215406424,-0.263325597192076,0.0576149323754917,-0.24292320128416,0.322147343898194,1,0.233170231335811,0.246105848865235,0.0626373829561279,0.0731375844470717,-0.0771132748269878,0.0358072887427565,-0.0112733889246346,-0.065386537232805,-0.443702103844589,-0.541499290680301,0.147851013655624,-0.447602996477662,0.258719583701784,-0.0492468033768398,-0.578719843813142,-0.461376281818956,0.0747073589216029,-0.400858593489836,0.117264220913508,-0.25550407479047,0.214437511245678,0.0184341654917939,0.125718274212044,0.157859807146555,-0.0789674380600707,0.0850143887384467
"33",0.481268938266275,-0.111726586956103,0.0988789335802752,-0.150849459313693,-0.108809141968572,-0.148061483905047,-0.0211570675907329,0.0444947442325857,0.611271685969906,0.321104904417629,0.103743099461188,-0.21223781144539,0.520652221667971,-0.0893684367198514,-0.0418501875922779,-0.0248473112026322,0.578821283542287,0.400563681440865,0.0530790007317399,0.234747316959986,0.196242791556714,-0.0154872026224651,-0.127800043256537,-0.280718035986402,-0.27493917314892,0.317378957656984,0.0989283093795074,0.0516509012436653,0.342938646039761,-0.241330863303866,-0.106109547302974,0.233170231335811,1,0.519027721768358,0.0193161644312933,0.0971415675018825,0.157778193921913,0.0514374078764468,0.597931918254081,0.164486928141576,-0.0505012468911526,-0.146075116078618,0.202389759775841,-0.105941375510671,0.262920400063392,0.0376079068942212,0.0319128642518263,0.0627340644962897,0.428023507608165,-0.145431348200617,0.18790858693236,-0.381018591342945,0.123146750362449,0.0749084222921827,-0.0617890835129805,0.0773654257232094,-0.168687981330072,0.0262703148052883
"34",0.307782662846019,-0.0754035253108081,-0.00298063364893812,-0.0562287968951716,-0.167702670812284,-0.206530970230445,-0.14781428300023,0.20889643908739,0.643150566678709,0.261385936227895,0.00888334805840609,-0.104499167812927,0.43772043922126,-0.179762332591311,0.0989286112503437,-0.106340327326929,0.424593466976376,0.20999375097045,0.193051886367269,0.24688625431234,0.178488119966651,-0.0025945187182024,-0.306385492734786,-0.316439522383039,-0.286369745912259,0.125637689899675,0.105053120385681,-0.00162581362191015,0.262455809768573,-0.167069352648656,-0.105763998103271,0.246105848865235,0.519027721768358,1,-0.0295297704785357,0.202306288088682,-0.0628063979696559,0.0943857923885983,0.436330008886636,0.216882808609573,-0.0322826331340897,-0.118219358078757,0.139956912388797,-0.0387693507755101,0.327028172101952,0.0984800843223144,-0.0568353123687143,-0.0676315962709921,0.198331676384104,-0.16130996405523,-0.0780835053287894,-0.271846692270901,-0.0340440861793079,-0.152941900938379,-0.00962089712611589,0.197512548554521,-0.102760902977097,-0.0208851479098963
"35",-0.0727255875887019,0.137568656291374,0.0170179045049407,0.230686861548563,0.0995503194064257,0.0226769118570306,0.477297297652669,0.626604510741008,0.00239813361944746,-0.202402158729378,-0.161055403162959,0.295097667503224,0.0701995320646481,-0.0592602317136378,-0.113521175840647,-0.0488400571456457,0.0385519229978169,0.202019956653465,0.0773195764165744,0.108617945584362,0.179466873062683,0.0401194655429031,0.101572426974033,0.191442729681617,0.252482757592416,0.0980885428228682,0.270136811228333,0.227499856095343,0.317581101875236,0.148529440799331,0.0278997795708641,0.0626373829561278,0.0193161644312933,-0.0295297704785357,1,0.507211820750104,0.468930945889828,0.324481446573536,-0.0350028755644763,-0.0125849858457783,0.0176082815562239,-0.0734220924377186,0.0842184736934582,-0.0761054260859651,0.439405800982625,0.375809529714114,-0.0774914772118771,-0.0431366408008765,0.146839219777371,-0.114969204551355,0.107280047397894,0.0524902965693362,0.0175958252848548,0.0478267452931534,-0.0722733769649507,-0.0417678236311673,0.209876316599483,-0.00770111895071086
