"","l_Insular.Cortex","r_Insular.Cortex","l_Amygdal.Area","r_Amygdal.Area","l_Bed.Nucleus.of.the.Stria.Terminalis","r_Bed.Nucleus.of.the.Stria.Terminalis","l_Hippocampus","r_Hippocampus","l_Orbitofrontal.cortex","r_Orbitofrontal.cortex","l_Entorhinal.Cortex","r_Entorhinal.Cortex","l_Frontal.Association.Cortex","r_Frontal.Association.Cortex","l_Globus.Pallidus","r_Globus.Pallidus","l_Glomerular.Layer.of.the.Accessory.Olfactory.Bulb","r_Glomerular.Layer.of.the.Accessory.Olfactory.Bulb","l_Glomerular.Layer.of.the.Olfactory.Bulb","r_Glomerular.Layer.of.the.Olfactory.Bulb","l_Granule.Cell.Level.of.the.Cerebellum","r_Granule.Cell.Level.of.the.Cerebellum","l_Hypothalamic.Region","r_Hypothalamic.Region","l_Entorhinal.Cortex","r_Entorhinal.Cortex","l_Vermix.Molecular.Layer.of.the.Cerebellum","r_Vermix.Molecular.Layer.of.the.Cerebellum","l_Lateral.Molecular.Layer.of.the.Cerebellum","r_Lateral.Molecular.Layer.of.the.Cerebellum","l_Anterior.Olfactory.Bulb","r_Anterior.Olfactory.Bulb","l_Posterior.Olfactory.Bulb","r_Posterior.Olfactory.Bulb","l_Subiculum","r_Subiculum","l_Perirhinal.Area","r_Perirhinal.Area","l_PreLimbic.System","r_PreLimbic.System","l_Primary.Cingular.Cortex","r_Primary.Cingular.Cortex","l_Primary.Motor.Cortex","r_Primary.Motor.Cortex","l_Retrosplenial.Cortex","r_Retrosplenial.Cortex","l_Secondary.Cingular.Cortex","r_Secondary.Cingular.Cortex","l_Secondary.Motor.Cortex","r_Secondary.Motor.Cortex","l_Striatum","r_Striatum","l_Ventral.Tegmental.Area","r_Ventral.Tegmental.Area","l_Substantia.Nigra","r_Substantia.Nigra","l_Thalamus","r_Thalamus"
"1",1,0.226037528948709,0.0526303104506497,-0.0610929005596918,0.0617870130944027,-0.13112854083411,-0.0690188459682343,0.0581099998469546,-0.0765335236047863,0.199298088825135,0.0507084110214021,0.056225559070118,0.0191644809782051,0.133480121060648,0.110214668737705,0.0735475489578849,0.139463963875661,0.156714424427055,-0.0365269518383888,0.0952225594771438,-0.0191811143082495,0.116076949558837,0.051083072462227,0.0892696517612188,-0.0549026038754361,0.0644695829367452,0.0134354994187525,-0.113697270174902,-0.0712642059259948,-0.0707692009663453,0.059252726106572,-0.00335299701702704,-0.00955793177919387,0.00615261224535948,-0.0301763057873585,0.0518408070392029,-0.0704166737637198,-0.0601090185519106,0.112802328986502,0.0146076348936624,-0.163072554518235,-0.0942977704145537,0.0195861290252759,-0.277892723329096,-0.0332088806899206,-0.165627168272175,-0.192699801658857,-0.114078079316574,0.124363965420659,0.00231739455323352,0.227184273253511,0.107918928787862,-0.00901336288732217,0.0100211044015707,0.0861978778980237,-0.109456431400743,-7.71369716391071e-05,0.0577649377693498
"2",0.226037528948709,1,0.146496923740892,-0.13916912122453,-0.135224964809781,0.0187208306197428,-0.116430864267913,0.217238173284085,-0.219489535751845,0.220234572560836,0.136959049537552,0.212151762453717,0.129069874149919,-0.0722435240591331,0.0572097530686848,-0.0699189604692942,0.13502413355008,-0.0447289821378256,0.0876628165875348,-0.0499875406623067,-0.176428325131599,0.11769012403677,-0.0748256710743527,0.0969227760941047,-0.116507305564989,-0.140489121038291,-0.056465837875476,0.00887272813597005,-0.118132178393243,-0.0992348621169287,-0.169735952555753,-0.116988398282912,-0.135030779279539,-0.219078387282052,-0.0631066405647923,-0.0714129147121603,-0.0169768536076514,-0.121763596761997,-0.0894032598171944,0.0232785782990109,-0.178557726269441,0.0130842730993298,-0.0826229185637413,-0.0946196520381229,-0.0166521688384163,-0.167889704396667,-0.0506648896703219,0.0149747694710284,0.0300110291950698,-0.0487547639032077,-0.108746271358394,0.0114516713073953,-0.196458652810442,-0.0551909561775637,0.0318898857297275,0.114092194028969,0.0085476986804325,0.0594446917586818
"3",0.0526303104506497,0.146496923740892,1,-0.0322094427858861,-0.192365435752939,-0.00647312282060402,0.0477564787018228,0.0467488284072874,-0.0577379406024658,-0.00169905437547593,0.174973831071912,0.182526353779017,-0.0444969590019997,0.0352808745778327,0.212655760491394,0.0943404440087072,0.0664268863200308,-0.145495885986818,-0.128784895630795,0.141868906533541,-0.109422762670613,-0.0988936528820329,-0.0198630168161424,0.0823165350595263,0.012956912216969,0.161867023192922,-0.196355985701105,0.0515354390081354,-0.0888961031769894,-0.00167128471489395,-0.128524238589013,-0.0202469330994979,-0.103249579266784,-0.145071384410544,0.0767159371421612,-0.150155259144988,-0.00418856018156309,-0.106909758193856,0.00443954430969318,-0.0313373695834995,-0.154464750046017,0.0536912122951384,-0.22941527924723,0.164665519707778,-0.0676391280509088,0.116394828302658,-0.0938425878907536,-0.304455562079384,-0.0258565797606505,0.0595192625885836,0.0186004183977242,0.0762659832192375,0.0750525097136577,0.209267663857356,-0.099170893261459,-0.0607536720841993,0.0940501589711455,0.163753408731549
"4",-0.0610929005596918,-0.13916912122453,-0.0322094427858861,1,0.0378307551465457,0.076426747608996,0.103457244340857,-0.126944437549656,0.0669823533722095,-0.144651488875871,-0.0413638226636495,0.187247527304576,0.102709558776951,0.0682389678049767,-0.0253458962398413,-0.130681876500071,0.116863088468345,0.166132876536173,0.192252319423148,-0.00960773919818658,0.0350505304798088,-0.0570845892661056,0.0643937240264141,0.0616378875236823,0.124251323851074,0.104166750792708,-0.0199120107368081,-0.0305278947423509,0.0850961029378859,-0.132513517072117,0.0826664589744473,-0.00405762454792927,-0.127803571069925,0.150397714179853,0.113970331719011,-0.00217490109039976,0.0587329446605585,-0.0221307329463635,-0.0814580613638079,-0.0194201952952343,0.0988262626078286,0.00759600337498187,-0.00689151659050226,0.114708698635782,0.00685735542723609,-0.0602794614332727,0.134471145895258,0.129462730268977,0.0700798861816932,-0.194673457922023,0.0834236112458013,-0.0384881161280662,0.187322001301704,0.101162536300175,-0.144649207779662,0.132975633902428,0.152964661384745,0.108289951324376
"5",0.0617870130944027,-0.135224964809781,-0.192365435752939,0.0378307551465457,1,-0.0521598355279461,-0.0436154163420838,-0.00591137533450654,-0.234644225765721,-0.14288569437722,0.103239403278872,-0.0944514988163608,-0.0285550324477453,-0.076931344548159,0.169805184029515,-0.0879898211118377,0.24528455424878,-0.0089539622303042,0.088072807760798,0.0403880603082453,0.248321725021289,-0.108330168793423,0.203609997638598,0.0308741015825479,0.0543628434564016,0.00123702593265167,-0.0108218904776804,0.107987527078635,0.0426368211159387,-0.195314700741107,0.0905402451642854,-0.184281483647885,0.0702700536210452,0.0859679288407615,-0.171546067337987,0.00513459731322086,-0.0252561807138202,0.0477908337603926,0.194069436869824,0.0381442101754724,-0.0210368489836981,0.11631701155256,0.0100342799615226,-0.122328208912513,-0.0363357569442943,-0.0824899141152557,-0.0787795842629079,0.0580412302953528,0.00096563081042664,-0.0701083972441657,0.111317650192723,-0.00075730429515535,0.205592134165431,-0.00602300975316987,0.121326326413841,-0.0553588690153935,0.0153008295173896,-0.0736036087146983
"6",-0.13112854083411,0.0187208306197428,-0.00647312282060402,0.076426747608996,-0.0521598355279461,1,-0.0461496431193658,0.132917210518692,-0.0618359717629045,-0.0566403285503449,0.0756875936453611,0.0184358434712854,0.0775916473490356,-0.0136779388021496,0.099586611066643,0.0773853629207877,0.0183432867049261,0.0115773783824877,-0.0832221166399278,-0.048455476263559,-0.0376486530144994,-0.0117269604031569,0.0653512623387446,0.0290577982788627,-0.0975299754274157,0.195758576891269,0.160254516324849,0.020091128305296,-0.157801713853671,0.092368121668501,-0.142792748551194,-0.142193705415108,-0.0826148186643169,0.0380631268956653,0.112873448522198,0.0669824309418579,0.0672824981612141,-0.0117828678071855,0.114114964278629,-0.0282226778200044,0.0695920796309285,-0.0458591121817218,-0.120619614343072,0.114684195734603,-0.0737832084616871,-0.0484740540309631,-0.143541830371451,-0.0351000002177524,-0.075323885523154,0.0600342066698816,-0.0237079938377104,0.0618757282736099,-0.127731019181503,0.0288076918809489,0.0264097610324891,0.0146610458163058,0.0774414548295721,0.2639107651139
"7",-0.0690188459682343,-0.116430864267913,0.0477564787018228,0.103457244340857,-0.0436154163420838,-0.0461496431193658,1,-0.193120570189416,0.0607910463874567,-0.191109407487118,-0.0191820450215101,0.15700876954126,-0.116671481678446,-0.123994252401247,0.0166471597580359,-0.0431773390592331,-0.0590931223256906,-0.0612605846165427,0.0675578105833526,-0.0506725967799167,0.0721854928506921,0.0778971953684849,-0.147023056530158,-0.140087492060975,0.00089060367363582,0.152039771810882,0.0239845625759972,-0.0612569433437576,0.101539445797157,-0.065797436106677,0.142312346547399,0.0770477402085874,0.0906775653567428,0.0907902478237117,0.127870531240708,-0.0380393445733592,0.14444613808319,0.0953544817163598,0.0565469670052011,0.00038335255753409,0.138729776853856,-0.0907988494038425,0.123977935459611,0.146971027847575,0.0439411715371511,-0.0127834967593485,-0.00261701978657228,-0.0760755876619161,0.145476795297269,-0.0140959922466854,0.106863216917156,0.0862408440817304,0.0451443451284384,0.19170724313374,0.113392613763274,0.22498931979843,0.0271051399353892,0.0663155448750405
"8",0.0581099998469546,0.217238173284085,0.0467488284072874,-0.126944437549657,-0.00591137533450654,0.132917210518692,-0.193120570189416,1,-0.102318663864587,0.264992426926964,0.153949389825315,0.149308435556143,-0.0483067816577901,-0.0315575416207233,9.35514714226179e-05,0.0769801982280434,0.146337804757903,0.0608719994191326,0.0101674887815077,-0.230871715572486,-0.142453056896595,0.0418575636029808,-0.028891148492079,-0.0101552361742942,0.0256553964201041,0.0885255276754599,-0.146755019425243,-0.033577800163865,-0.114473080803298,0.1126053582641,-0.0760835190980756,-0.213501354362341,-0.165213044461417,-0.130498911349989,-0.0551175913796854,0.249328121344909,-0.0470802201938839,-0.0031368397672842,-0.0714131092242187,0.00791700300947586,0.0160658314244074,0.119112180759185,-0.0735864711503603,-0.0209295663732475,0.127644008177748,0.029395257964995,0.0441977523251593,-0.0545765242949994,-0.00574858553569255,0.175077276677724,-0.024831084051685,-0.212091949747764,-0.0527203839787362,0.12311155799084,-0.122949063684451,0.0210086691941423,0.0481773703814427,0.0786051752167061
"9",-0.0765335236047863,-0.219489535751845,-0.0577379406024658,0.0669823533722095,-0.234644225765721,-0.0618359717629045,0.0607910463874567,-0.102318663864587,1,-0.105706407107719,-0.256526212260367,-0.0347422548455247,-0.104372715428563,-0.00699717234355496,-0.0415410854930856,-0.0447890033244681,-0.0527503403904376,-0.0205535972033976,-0.130086450761949,0.0238514314065925,-0.0173915073914103,0.0223384558447474,-0.246412886783127,0.0497232293953411,-0.114548442032763,-0.0504427630929322,0.0519927556278411,-0.193100561372208,0.21284503785159,-0.00606669860278193,-0.0481218849781287,0.0494052094321431,-0.197168949373876,0.0728744708989183,0.141880297414284,-0.130146324668675,-0.11978733802846,-0.145802947410681,-0.104593707796011,-0.298761830693209,-0.0400782824335984,-0.0458073711080314,0.130417305892785,0.0675995596018947,0.0922096760540668,0.160600981027216,0.0891678359711727,0.0862151109499326,-0.00924306194820702,-0.0416426569568837,-0.106898276189496,-0.0700572089316348,-0.0794605234581253,0.0439562759928745,-0.0130742720225123,0.0960166623201478,0.0539582760171648,-0.00839470035767649
"10",0.199298088825135,0.220234572560836,-0.00169905437547593,-0.144651488875871,-0.14288569437722,-0.0566403285503449,-0.191109407487118,0.264992426926964,-0.105706407107719,1,0.0534297591408813,0.186497295165997,0.168142550210225,0.0100996516733676,-0.268744811982885,0.047526031380627,0.00311563892238422,-0.100041927300772,0.123987979924553,0.0521950444663313,-0.112771798054123,0.00747692676163984,-0.0490001246299813,0.142107952006774,-0.0241639756878838,-0.00347414177103959,-0.00976465230568572,0.137200480106167,-0.0751431121818992,-0.0957944151304989,0.118466540591974,0.00244142570220368,-0.108616585546296,-0.117260754004215,-0.0004567100749691,0.155980343928157,-0.0570177255159656,0.0786125234879055,0.0288757977391133,0.108777843799446,-0.144018509818241,0.0888801097668484,-0.222175849351984,-0.0225139151659791,-0.043796618011057,-0.120617435825165,-0.0963981005610233,0.0562998354783781,0.132878958087796,0.0055737148902416,-0.150208183970254,0.00764049835794519,-0.0509099883196541,0.0861691792339307,-0.102456358478958,0.00038035519832674,-0.0567799478839043,0.0617423856957083
"11",0.0507084110214021,0.136959049537552,0.174973831071912,-0.0413638226636495,0.103239403278872,0.0756875936453611,-0.0191820450215101,0.153949389825315,-0.256526212260367,0.0534297591408813,1,0.232438365456908,0.141674183041928,0.0198072376630708,0.176971182018184,0.0972671159628952,-0.0129111853142946,0.0712320238411287,0.0988750679445025,0.196544264461033,0.170867551245817,-0.0799298915877867,0.144781928300803,-0.0466812180404542,0.0286243071811774,0.129755396627721,0.0107487976152522,-0.0136132630741432,-0.068875167240982,0.0563728298982111,-0.189598517759582,-0.0760468356462785,0.0765493760188743,-0.0102595124264825,-0.118183540286382,-0.199206242839409,0.195782469434526,-0.0883816991087466,0.00483329961233767,-0.118132784551631,0.15203711920144,0.0835588361258332,-0.123795807243255,-0.192638172015743,-0.247595987617926,-0.111606667347516,0.0482584369793583,0.0213069885341482,-0.0363470415195598,0.119034786155634,0.232735661733199,0.231742672227797,-0.213292974945439,-0.0190338377947705,0.0680476174452863,0.0714974124819337,0.0996598042662743,-0.00729159103878051
"12",0.056225559070118,0.212151762453717,0.182526353779017,0.187247527304576,-0.0944514988163608,0.0184358434712854,0.15700876954126,0.149308435556143,-0.0347422548455247,0.186497295165997,0.232438365456908,1,0.0589945166414036,-0.0773917122547852,-0.0393615035790218,0.0905572125049864,-0.0199584101021488,-0.0224917036726355,0.138512727684463,0.237071630730083,-0.131740235715304,-0.0493567569557817,-0.0174767080110579,0.0211214618757076,-0.0523617690134238,-0.060163729596081,-0.0851506400856353,-0.041717749104034,0.0237995160851831,-0.128031155613896,-0.114813099724521,0.0792549556723747,0.0893149789505174,-0.0570375160802501,0.00022020705237581,0.116728997131641,-0.0282568392915634,-0.0321353873668316,0.0473603965602923,0.0116526226179006,0.0143109854429957,0.0920681813870695,0.0791391102557196,-0.0397931565690875,-0.146985111442588,-0.0584739099716447,0.141143734314828,0.114382348057966,0.109968820392767,-0.038973804729123,0.0599963312737509,0.0712748831890053,0.016517874661539,0.253242636945156,-0.0839882977720332,0.0425696466148784,-0.0186623667870814,0.167825662951948
"13",0.0191644809782051,0.129069874149919,-0.0444969590019997,0.102709558776951,-0.0285550324477453,0.0775916473490356,-0.116671481678446,-0.0483067816577901,-0.104372715428563,0.168142550210225,0.141674183041928,0.0589945166414036,1,0.0159717329241451,-0.0352019209608693,0.0323277836346842,0.029542496808628,0.114449729533806,-0.0384190346629965,-0.00678170171945401,0.0257487244966229,-0.0480490454453328,0.256195077339328,0.0468077597388303,-0.0309547073055954,-0.0951288956995937,-0.15345843199658,-0.0486203413364715,-0.122308079825829,0.0532687958748633,0.0567081839754623,0.131126733835886,0.00378121808653833,-0.20639249542736,-0.035738066708848,0.0379815902782149,-0.0376185819683928,-0.113121839266695,-0.0838948207583362,-0.0864861529116601,-0.050447541942451,-0.0340215077168345,0.11265402834401,-0.0895163139892564,-0.105740656460803,-0.0917174099672323,-0.0070581130776083,0.0369943693078418,0.306233404053152,-0.0846248661952583,0.0776852897556213,-0.00552501814432839,-0.0336473591158736,0.0726513726367396,-0.106312974613258,0.158853909082165,-0.0277360259878834,-0.0325098083809294
"14",0.133480121060648,-0.0722435240591331,0.0352808745778327,0.0682389678049767,-0.076931344548159,-0.0136779388021496,-0.123994252401247,-0.0315575416207233,-0.00699717234355496,0.0100996516733676,0.0198072376630708,-0.0773917122547852,0.0159717329241451,1,0.201956497105308,0.152803546683184,0.192161242764792,0.517173708277875,-0.0157564501580001,0.113150903529305,-0.0457441276436797,0.0391925712963578,-0.0354396499805108,0.141579950277776,0.0830713561750658,0.0432375379457837,0.154386184882843,-0.0765982351781838,0.0435361780756803,0.0618842265878078,0.0316620477617332,-0.0281508367191477,-0.0828781495592196,0.0674316188829543,-0.0811461314377929,0.0915310202165919,0.160327471195379,0.0741539946124045,0.105657073937758,-0.00644160737286315,0.0921685012889843,-0.117952366146817,0.130498706023814,-0.0440644372820428,-0.220934226925019,-0.120621244032149,-0.139155049932406,0.0180248280608049,0.1172119887529,0.495463933507329,0.226356217862029,-0.0989687001097409,-0.119570110018295,0.06054644472186,-0.0464713727786696,-0.0692647768603765,-0.0382459346486324,0.0951477661792806
"15",0.110214668737705,0.0572097530686848,0.212655760491394,-0.0253458962398413,0.169805184029515,0.099586611066643,0.0166471597580359,9.35514714226179e-05,-0.0415410854930856,-0.268744811982885,0.176971182018184,-0.0393615035790218,-0.0352019209608693,0.201956497105308,1,0.0116426950208353,0.0847378199139051,0.0262414218733912,-0.0201929357414627,0.149234207097259,-0.109466519536126,-0.00894157114757746,0.148516506860484,-0.0291441637298788,0.320944256717693,0.116782745124774,0.128661314545254,-0.0882862542785576,-0.244496537492741,-0.0564561718330083,-0.113540554311844,-0.221937233116482,-0.057833462741222,0.00217146892537097,-0.0565586736744269,0.0580617893855148,0.156333480405316,-0.125840089833141,0.25799730648046,0.00824967522300497,0.191025451491817,-0.0240581691761898,0.0552705371417061,-0.0971970436463998,-0.150919145981103,-0.13139721638883,-0.0614623609675327,0.0400311503071556,0.114399833458346,0.0988032123144965,0.355124016851359,0.0404286224965154,0.0565231202946411,-0.0661950677906102,-0.00563163359007373,-0.00204144577470697,0.189513604687636,-0.00812140901958225
"16",0.0735475489578849,-0.0699189604692942,0.0943404440087072,-0.130681876500071,-0.0879898211118376,0.0773853629207877,-0.0431773390592331,0.0769801982280434,-0.0447890033244681,0.047526031380627,0.0972671159628952,0.0905572125049864,0.0323277836346842,0.152803546683184,0.0116426950208353,1,0.113201776009481,0.100989179101615,0.0882362177465487,0.158557304811504,0.0661606405903393,0.0568499657238668,0.0597298286392908,0.065553182410967,-0.134126609378356,0.1322492626422,-0.161903161148657,-0.0276002769454535,-0.0497793187544343,-0.148188649628489,0.096657263617336,0.00383550317579304,0.0513419539330579,0.205578056769481,-0.0661203562180884,0.20689454552807,0.186913227640376,-0.0253123285890837,0.0847729027165795,-0.0259766360755988,-0.0459206287537502,0.024247229440611,0.113937473731391,-0.026687153965841,-0.137602768798209,-0.0602102919579451,0.017608391528751,0.0573965867698408,0.191174301802902,0.240638820843208,0.289418462672331,0.115832810319779,-0.0228795858555464,-0.0577305891394062,-0.0987948255120321,0.168053763581813,-0.0466821022690103,-0.108790417472565
"17",0.139463963875661,0.13502413355008,0.0664268863200308,0.116863088468345,0.24528455424878,0.0183432867049261,-0.0590931223256906,0.146337804757903,-0.0527503403904376,0.00311563892238422,-0.0129111853142946,-0.0199584101021488,0.029542496808628,0.192161242764792,0.0847378199139051,0.113201776009481,1,0.160434143085662,-0.272717502705817,-0.239482136104538,0.147120279749004,-0.19834140013405,0.225250644164084,0.165146676925615,0.037436579831039,0.0155403672774638,-0.0679452128211328,0.013805147294844,-0.0303345027606945,-0.110079481068897,-0.069821608674978,-0.156200887902234,0.028334841619807,-0.0178913984910012,0.0465992584450837,0.140177623810002,0.0664014859210415,-0.092192298828001,0.281083167325542,0.0907562839800836,-0.187241527833599,-0.0789277215233601,0.0550707334470232,-0.144171898330543,-0.130105728480496,-0.0865479022370154,-0.0508733387963762,0.0695348933682063,0.180281928322522,0.0289736667994466,0.216643285076685,0.0140864768695346,0.129232501957007,0.0294444299133309,0.0415620650907625,-0.160555183911836,0.0174585353873715,-0.0977592640169716
"18",0.156714424427055,-0.0447289821378256,-0.145495885986818,0.166132876536173,-0.0089539622303042,0.0115773783824877,-0.0612605846165427,0.0608719994191326,-0.0205535972033976,-0.100041927300772,0.0712320238411287,-0.0224917036726355,0.114449729533806,0.517173708277875,0.0262414218733912,0.100989179101615,0.160434143085662,1,0.0703082783553619,0.12229873974248,-0.0363528780068993,0.027323620555255,0.0773637305692561,0.164251586988062,0.0651288004204231,0.0935192753098064,0.101273615004985,-0.190773888736373,0.0946669021939254,0.1688471608965,0.0180444150064534,0.00923741901244532,-0.095492419360038,0.0508370584467725,0.0901662451671738,0.00164520094269273,0.0963217985910859,-0.0475169930423572,0.0111466216609868,0.0145520911900006,0.120291633138435,-0.0274461159406896,0.261254469014297,-0.206889399596505,-0.0984719593266753,-0.0907326644339724,0.0470538384994927,-0.00481837050565275,0.210595879877747,0.336631642663885,0.262835124209831,0.0159438964797681,-0.244202919028305,-0.0280673759998028,-0.239916165009284,-0.0879927932673136,-0.00470708879129505,0.110253182101449
"19",-0.0365269518383888,0.0876628165875348,-0.128784895630795,0.192252319423148,0.088072807760798,-0.0832221166399278,0.0675578105833526,0.0101674887815077,-0.130086450761949,0.123987979924553,0.0988750679445025,0.138512727684463,-0.0384190346629965,-0.0157564501580001,-0.0201929357414627,0.0882362177465487,-0.272717502705817,0.0703082783553619,1,0.154448729347798,-0.0468808662904565,0.12802576278702,-0.15421960568678,-0.148379382568937,0.0159427186400485,-0.0516503970338405,0.00054333517935307,0.0687540206867649,-0.0802555274242329,-0.119296665736532,0.386651181647516,0.13499934542774,-0.113049855218477,0.241975799183535,0.0264332042137886,-0.00635994382860917,0.190665892103574,0.101208239330514,-0.129691300895306,0.103402095209126,0.0435340002402623,0.104562846860585,-0.0738094764760845,0.0929464798961133,-0.00141588855664624,-0.295976075439938,-0.0744810432579408,0.0263959365282977,0.0219353352468657,0.0702992488048712,0.142881707605275,0.124122627366648,-0.0728480175245383,-0.146871215472558,-0.0105567175609245,0.140945299131841,0.0582429609724326,-0.00052500616955956
"20",0.0952225594771438,-0.0499875406623067,0.141868906533541,-0.00960773919818658,0.0403880603082453,-0.048455476263559,-0.0506725967799167,-0.230871715572486,0.0238514314065925,0.0521950444663313,0.196544264461033,0.237071630730083,-0.00678170171945401,0.113150903529305,0.149234207097259,0.158557304811504,-0.239482136104538,0.12229873974248,0.154448729347798,1,0.051720517910214,0.0493371650236914,0.0894017894370097,-0.0123722219181068,-0.114982229155072,-0.0383088413383714,-0.00404035457752172,0.0950142521070405,0.0811115958411834,0.0114883766705204,-0.102887236542911,0.30714380128286,0.115687309993026,0.0845058718682858,-0.0155624329103577,0.0001860988156692,0.0173558089177721,0.00359923242960646,-0.0292610548328504,-0.00961780190007858,-0.0396260943752458,0.00098895902962865,0.125349403508317,-0.160252622440834,-0.224850863663267,-0.109951085643268,0.0385926146418954,0.128012397377581,0.0759477099319912,0.0662540055769063,0.16610421481724,0.0896975923867034,-0.0354970741541005,0.0250385988417093,-0.0381721529942553,-0.0496579715027408,-0.0271851021910213,-0.00500896186771829
"21",-0.0191811143082495,-0.176428325131599,-0.109422762670613,0.0350505304798088,0.248321725021289,-0.0376486530144994,0.0721854928506921,-0.142453056896595,-0.0173915073914103,-0.112771798054123,0.170867551245817,-0.131740235715304,0.0257487244966229,-0.0457441276436797,-0.109466519536126,0.0661606405903393,0.147120279749004,-0.0363528780068993,-0.0468808662904565,0.051720517910214,1,-0.14309128094881,0.113757931902464,-0.0305725068288696,-0.0442750325481288,0.0816786223728184,-0.152267010942433,0.0731480859391378,0.0884282442333571,-0.165587749950677,0.193771935304546,0.111089772978112,0.0819072585476375,0.0310022826337058,-0.0805284569455339,-0.104266036111128,0.178654585064193,0.0794557054143161,-0.0837986575467203,0.113778466679018,-0.0465135466424833,0.175996514653074,0.0162198040274908,0.01578801887493,0.00852064684595005,0.0247937708523693,0.151556259826458,0.0539698225520306,-0.0630886568964504,-0.0524949012048949,0.191651576933514,0.101970822850071,-0.0130527188222091,-0.095058130955972,0.107147581020913,-0.0312549414334014,0.0199434117747235,-0.312049638847794
"22",0.116076949558837,0.11769012403677,-0.0988936528820329,-0.0570845892661056,-0.108330168793423,-0.0117269604031569,0.0778971953684849,0.0418575636029808,0.0223384558447474,0.00747692676163984,-0.0799298915877867,-0.0493567569557817,-0.0480490454453328,0.0391925712963578,-0.00894157114757746,0.0568499657238668,-0.198341400134049,0.027323620555255,0.12802576278702,0.0493371650236914,-0.14309128094881,1,0.0478878536978046,0.0186280999674871,0.0366818006640186,-0.00569419955797097,0.113325234653386,-0.0249991049211397,-0.0685072834277951,0.101730358496796,0.0602104338603498,0.138289857332139,-0.125284650070348,0.0509923330577181,-0.0191322794958231,-0.0175358133672341,0.122192472905754,0.0611770308254518,-0.0916020821030262,-0.00322351813331505,0.101110672093792,0.0208319375804933,-0.00046953698213214,0.063073875363639,0.133618043577972,0.00245482297779662,0.130359330441612,0.00565689259335718,-0.00258146675285421,0.189181684063848,0.115993615896156,-0.0811715784869444,-0.129919428951767,0.0419827757514892,-0.091912440063819,0.122138944033035,0.0207979074977316,0.0331443226292271
"23",0.051083072462227,-0.0748256710743527,-0.0198630168161424,0.0643937240264141,0.203609997638598,0.0653512623387446,-0.147023056530158,-0.028891148492079,-0.246412886783127,-0.0490001246299813,0.144781928300803,-0.0174767080110579,0.256195077339328,-0.0354396499805108,0.148516506860484,0.0597298286392908,0.225250644164084,0.0773637305692561,-0.15421960568678,0.0894017894370097,0.113757931902464,0.0478878536978046,1,0.230494075740843,0.117446873268297,-0.00065209253043845,-0.0122684715368847,-0.100701074080231,-0.114832122550436,-0.157063451244757,-0.094618679184705,-0.0884277714248915,0.224015332318471,-0.0415813274084413,-0.0562789119979792,-0.0800809777119878,0.0658500460137841,-0.137616975047761,0.00578132103947177,0.0277008184565255,-0.0217929034067016,-0.0886962293357114,0.141597324594805,-0.230005223562517,-0.254559040810016,-0.117926547535523,0.0243029958980556,-0.0558509900889496,0.118806469455031,-0.204075494469722,0.2756841881006,0.105223295119876,0.142181792696202,0.163560140890942,-0.0146205998359225,0.0141080366420399,-0.207034007756112,-0.156030653544591
"24",0.0892696517612188,0.0969227760941047,0.0823165350595263,0.0616378875236823,0.0308741015825479,0.0290577982788627,-0.140087492060975,-0.0101552361742942,0.0497232293953411,0.142107952006774,-0.0466812180404542,0.0211214618757076,0.0468077597388303,0.141579950277776,-0.0291441637298788,0.065553182410967,0.165146676925615,0.164251586988062,-0.148379382568937,-0.0123722219181068,-0.0305725068288696,0.0186280999674871,0.230494075740843,1,-0.105576391619186,0.03077990997302,0.0696147914167094,-0.0174962273900424,-0.020813861283206,-0.221551695526588,-0.190961175662557,-0.0381741538690317,-0.0895354745324631,0.0413307246553476,-0.0223664548326639,-0.126335315854778,0.0738110257149548,0.0710358011897874,0.0687520201710596,0.0170280167741532,-0.064454360809099,0.115464919785833,-0.0648728154451742,-0.124038551725784,-0.319394424753807,-0.128460188785088,0.111909563328484,0.144821602341534,-0.0909239993322743,-0.00847439623107406,-0.00891606967232618,0.0224088149082082,-0.0567434967642866,0.0376063476665503,-0.122176664481177,-0.341545460961516,-0.0576390290627756,-0.0976488607091296
"25",-0.0549026038754361,-0.116507305564989,0.012956912216969,0.124251323851074,0.0543628434564016,-0.0975299754274157,0.00089060367363582,0.0256553964201041,-0.114548442032763,-0.0241639756878838,0.0286243071811774,-0.0523617690134238,-0.0309547073055954,0.0830713561750658,0.320944256717693,-0.134126609378356,0.037436579831039,0.0651288004204231,0.0159427186400485,-0.114982229155072,-0.0442750325481288,0.0366818006640186,0.117446873268296,-0.105576391619186,1,-0.0232038706472911,0.211718496453611,-0.0831855318441292,-0.0513453195798554,0.0969975624008866,0.106895187691749,-0.0378424425073956,-0.0417398252277305,-0.0203588687151315,0.0932977271706236,0.0671929987016926,0.0841591407308742,-0.0584566155556408,0.0322962768553114,0.0309329447345402,0.184443179035899,-0.136796104214084,-0.0240298301114317,-0.0956625893097449,-0.013393299436809,0.00247738715275085,0.0137733690948338,0.0954222437264382,0.191203280766831,0.0787181934689759,0.138076897284975,-0.020357141729765,0.108693723249789,-0.0153051383661786,-0.16268245156576,0.0593796339495026,0.0566040132963052,-0.0391678171017503
"26",0.0644695829367452,-0.140489121038291,0.161867023192922,0.104166750792708,0.00123702593265167,0.195758576891269,0.152039771810882,0.0885255276754599,-0.0504427630929322,-0.00347414177103959,0.129755396627721,-0.060163729596081,-0.0951288956995937,0.0432375379457837,0.116782745124774,0.1322492626422,0.0155403672774638,0.0935192753098064,-0.0516503970338405,-0.0383088413383714,0.0816786223728184,-0.00569419955797097,-0.00065209253043845,0.03077990997302,-0.0232038706472911,1,0.107413518627611,0.0856786164793147,0.0113165254077143,-0.0333071619716817,0.0661617797684121,-0.253165210128588,-0.0845743901162076,-0.0681842461976317,0.0439749752552005,-0.00851500732292046,0.0942574109657856,-0.00822373854659442,0.0309000266370546,0.11019923470665,-0.00635063945046259,0.0199984119081483,0.0627266395404207,0.217089978097434,0.0142132882265382,0.0586617979593675,-0.117802791070207,-0.0552187748203518,-0.105943819669543,0.0249291584798271,0.0843041211632303,-0.0166391680743626,-0.111513078032365,0.170931377506221,-0.101619231194489,0.0111836624739028,0.217719494797447,0.0127349676227162
"27",0.0134354994187525,-0.056465837875476,-0.196355985701105,-0.0199120107368081,-0.0108218904776804,0.160254516324849,0.0239845625759972,-0.146755019425243,0.0519927556278411,-0.00976465230568572,0.0107487976152522,-0.0851506400856353,-0.15345843199658,0.154386184882843,0.128661314545254,-0.161903161148657,-0.0679452128211328,0.101273615004985,0.00054333517935307,-0.00404035457752172,-0.152267010942433,0.113325234653386,-0.0122684715368847,0.0696147914167094,0.211718496453611,0.107413518627611,1,0.050186597426933,-0.0605051412603061,0.100780936078338,-0.0347441631825638,-0.106994061517295,0.00428718138812737,0.0559216195394607,0.139693614716845,0.0204658089931046,0.10145857195503,0.0836060989950407,-0.0259680469051157,-0.0547343191294111,0.0147743075014547,-0.168825730051794,0.0911539312694235,-0.035754859943351,-0.178918786263379,-0.122397249770887,-0.0805725743356483,0.0571007082787318,-0.156128297146643,0.0711363204688191,0.113534411180591,-0.0743332038512893,-0.319218212413729,-0.160671165891548,0.0400545808376421,-0.129021478798672,-0.0147658723521936,0.119205644478237
"28",-0.113697270174902,0.00887272813597005,0.0515354390081354,-0.0305278947423509,0.107987527078635,0.020091128305296,-0.0612569433437576,-0.033577800163865,-0.193100561372208,0.137200480106167,-0.0136132630741432,-0.041717749104034,-0.0486203413364715,-0.0765982351781838,-0.0882862542785576,-0.0276002769454535,0.013805147294844,-0.190773888736373,0.0687540206867649,0.0950142521070405,0.0731480859391378,-0.0249991049211397,-0.100701074080231,-0.0174962273900424,-0.0831855318441292,0.0856786164793147,0.050186597426933,1,-0.018070507569437,-0.032645936082287,0.0193662588744473,0.158149547851932,0.0321987664317248,0.0310946425479048,-0.137597083346505,-0.00064429678824388,-0.0975136690001319,0.138832714625451,-0.134142811876812,0.156235482159539,-0.0233717932482511,0.145394115035946,-0.253920724198094,0.20618342357291,0.0213496726120335,0.0549709837181551,0.132487634903865,0.0547843668752821,-0.066375047994054,-0.0423643768375271,-0.136356095972031,-0.00754303402429118,-0.0485996768947929,-0.0116444717749788,0.0811668611280368,-0.104148802499753,-0.129080277680935,-0.0236476119202475
"29",-0.0712642059259948,-0.118132178393243,-0.0888961031769894,0.0850961029378859,0.0426368211159387,-0.157801713853671,0.101539445797157,-0.114473080803298,0.21284503785159,-0.0751431121818992,-0.068875167240982,0.0237995160851831,-0.122308079825829,0.0435361780756803,-0.244496537492741,-0.0497793187544343,-0.0303345027606945,0.0946669021939254,-0.0802555274242328,0.0811115958411834,0.0884282442333571,-0.0685072834277951,-0.114832122550436,-0.020813861283206,-0.0513453195798554,0.0113165254077143,-0.0605051412603061,-0.018070507569437,1,0.0104635944796714,0.0242005823873517,0.179966239277722,0.0848459742280418,0.151034017110006,-0.0231912554826193,-0.162096682680713,-0.113573443065366,0.0704293175030282,-0.0370636990452189,-0.114209975239187,0.0899330066820397,0.0879888268533342,0.130224711121434,-0.0376292991170081,0.0210722331691158,0.178696302579586,0.129102693668206,0.222251626402548,-0.015599050926559,0.0729995316437805,-0.148803949194094,-0.11915214623124,-0.15305749686968,-0.152055314468139,-0.112574568992979,0.21724104366497,-0.0822771151504454,-0.110021190243807
"30",-0.0707692009663453,-0.0992348621169287,-0.00167128471489395,-0.132513517072117,-0.195314700741107,0.092368121668501,-0.065797436106677,0.1126053582641,-0.00606669860278193,-0.0957944151304989,0.0563728298982111,-0.128031155613896,0.0532687958748633,0.0618842265878078,-0.0564561718330083,-0.148188649628489,-0.110079481068897,0.1688471608965,-0.119296665736532,0.0114883766705204,-0.165587749950677,0.101730358496796,-0.157063451244757,-0.221551695526588,0.0969975624008866,-0.0333071619716817,0.100780936078338,-0.032645936082287,0.0104635944796714,1,-0.0461307365974363,0.0516345295964305,0.063245731267513,-0.0364129325656592,0.142132731328981,0.0773895097684663,0.0435562034232291,0.178003530029744,0.126410816640894,0.0531890797163362,0.0168093881426824,-0.00381240225228922,-0.113190816398142,0.0738517306751678,0.282654462242389,0.113333760070029,0.0970947554631988,-0.0563011165792633,-0.126383323870933,0.251939720961504,-0.122107875025929,-0.195677723915296,-0.0744354374982521,0.0278764060104516,-0.0420838645077967,-0.0250014957141049,-0.0293724061477185,-0.0501353435234439
"31",0.059252726106572,-0.169735952555753,-0.128524238589013,0.0826664589744473,0.0905402451642854,-0.142792748551194,0.142312346547399,-0.0760835190980756,-0.0481218849781287,0.118466540591974,-0.189598517759582,-0.114813099724521,0.0567081839754623,0.0316620477617332,-0.113540554311844,0.096657263617336,-0.069821608674978,0.0180444150064534,0.386651181647516,-0.102887236542911,0.193771935304546,0.0602104338603498,-0.094618679184705,-0.190961175662557,0.106895187691749,0.0661617797684121,-0.0347441631825638,0.0193662588744473,0.0242005823873517,-0.0461307365974363,1,0.0358575354909107,0.0889148137243888,-0.0450152689793075,0.0813060236651228,0.0381755374491662,0.113725688441443,0.0199264021476818,-0.0499453141379484,0.170050324295245,-0.0191484185273421,0.113482330173918,-0.0750248865676264,0.185128234232797,0.0596218967282656,-0.128518672838528,-0.0382453517993308,0.0467551271521849,-0.0114788294498648,0.130064408333796,0.118071799845591,0.155647068923482,0.0353257841400549,-0.151393520278264,-0.103077906699878,0.158617308794373,0.0692206310157258,-0.107326109975825
"32",-0.00335299701702704,-0.116988398282912,-0.0202469330994979,-0.00405762454792927,-0.184281483647885,-0.142193705415108,0.0770477402085874,-0.213501354362341,0.0494052094321431,0.00244142570220368,-0.0760468356462785,0.0792549556723747,0.131126733835886,-0.0281508367191477,-0.221937233116482,0.00383550317579304,-0.156200887902234,0.00923741901244532,0.13499934542774,0.30714380128286,0.111089772978112,0.138289857332139,-0.0884277714248915,-0.0381741538690317,-0.0378424425073956,-0.253165210128588,-0.106994061517295,0.158149547851932,0.179966239277722,0.0516345295964305,0.0358575354909107,1,0.0363843681792918,0.156750569437987,0.0484628761261731,-0.0261715048779474,-0.0486706469792302,0.0405462903953372,-0.260488840174825,-0.0941840744861988,0.0158051927516314,0.0573516891151025,-0.0282801251390246,0.029616894321504,-0.0469468532303065,0.104635287644292,0.110275897635918,0.0166584168225286,0.0803637258637969,-0.0420992874854072,-0.00900427860692452,0.111698912487471,0.018927647114602,-0.125145899897282,0.019469224624921,-0.0515074082135003,-0.0349909220138617,-0.201921352281081
"33",-0.00955793177919387,-0.135030779279539,-0.103249579266784,-0.127803571069925,0.0702700536210452,-0.0826148186643169,0.0906775653567428,-0.165213044461417,-0.197168949373876,-0.108616585546296,0.0765493760188743,0.0893149789505174,0.00378121808653832,-0.0828781495592196,-0.057833462741222,0.0513419539330579,0.028334841619807,-0.0954924193600379,-0.113049855218477,0.115687309993026,0.0819072585476374,-0.125284650070348,0.224015332318471,-0.0895354745324632,-0.0417398252277305,-0.0845743901162076,0.00428718138812737,0.0321987664317248,0.0848459742280418,0.063245731267513,0.0889148137243888,0.0363843681792918,1,0.0534929822823139,0.0488753731395748,-0.0230761002835094,0.0389130590984687,-0.0646588997160194,0.16093781034161,-0.113270224490186,-0.0396254223609894,-0.145411657834616,0.0729389858035433,-0.184470296280885,-0.116910769484656,-0.161347065465201,0.0751141881799157,0.0938272479948882,-0.101381245801236,-0.107301304369293,0.109979529813913,0.238336388121835,0.0726375708792383,0.0714031045812444,0.0695252560082848,-0.145525505610489,-0.101611254976454,-0.223346719284981
"34",0.00615261224535948,-0.219078387282052,-0.145071384410544,0.150397714179853,0.0859679288407615,0.0380631268956653,0.0907902478237117,-0.130498911349989,0.0728744708989183,-0.117260754004215,-0.0102595124264825,-0.0570375160802501,-0.20639249542736,0.0674316188829543,0.00217146892537097,0.205578056769481,-0.0178913984910012,0.0508370584467726,0.241975799183535,0.0845058718682858,0.0310022826337058,0.0509923330577181,-0.0415813274084413,0.0413307246553476,-0.0203588687151315,-0.0681842461976317,0.0559216195394606,0.0310946425479048,0.151034017110006,-0.0364129325656592,-0.0450152689793075,0.156750569437987,0.0534929822823139,1,-0.0118351636677106,-0.0819376257548482,0.225733060109501,0.0859291390037075,0.0198046232351341,-0.0255010362213884,-0.0633386845487739,-0.165850436076119,-0.0987975940160569,0.0957527234107189,-0.0621639491691907,-0.0197892085385661,0.0188834611763001,-0.0675738536098394,-0.134176023764376,0.0455388194808106,0.181260069910753,0.0163912583692233,-0.0416946892384622,-0.233611342353864,0.209154546303654,0.0413155291643034,0.0147397223636764,-0.0831765769719684
"35",-0.0301763057873585,-0.0631066405647923,0.0767159371421612,0.113970331719011,-0.171546067337987,0.112873448522198,0.127870531240708,-0.0551175913796854,0.141880297414284,-0.0004567100749691,-0.118183540286382,0.00022020705237581,-0.035738066708848,-0.0811461314377929,-0.0565586736744269,-0.0661203562180884,0.0465992584450837,0.0901662451671738,0.0264332042137886,-0.0155624329103577,-0.0805284569455339,-0.0191322794958231,-0.0562789119979792,-0.0223664548326639,0.0932977271706236,0.0439749752552005,0.139693614716845,-0.137597083346505,-0.0231912554826193,0.142132731328981,0.0813060236651228,0.0484628761261731,0.0488753731395748,-0.0118351636677106,1,0.0128775759992668,0.139827854496832,0.0778712681012554,0.00197721875539706,0.0659926813148208,-0.0970204595581105,-0.212428944662256,0.0992984675929665,-0.0258295532058153,0.0821525227070933,-0.00987072967440738,-0.0128869992557852,0.0192630896060783,-0.176003806044945,-0.0782990918075779,0.0460634864932427,0.0476448763964049,0.0614953614976445,0.0558417320081539,-0.0400414503139977,0.0704197937255834,0.0757635142922626,-0.00751684913215506
