"","l_Insular.Cortex","r_Insular.Cortex","l_Amygdal.Area","r_Amygdal.Area","l_Bed.Nucleus.of.the.Stria.Terminalis","r_Bed.Nucleus.of.the.Stria.Terminalis","l_Hippocampus","r_Hippocampus","l_Orbitofrontal.cortex","r_Orbitofrontal.cortex","l_Entorhinal.Cortex","r_Entorhinal.Cortex","l_Frontal.Association.Cortex","r_Frontal.Association.Cortex","l_Globus.Pallidus","r_Globus.Pallidus","l_Glomerular.Layer.of.the.Accessory.Olfactory.Bulb","r_Glomerular.Layer.of.the.Accessory.Olfactory.Bulb","l_Glomerular.Layer.of.the.Olfactory.Bulb","r_Glomerular.Layer.of.the.Olfactory.Bulb","l_Granule.Cell.Level.of.the.Cerebellum","r_Granule.Cell.Level.of.the.Cerebellum","l_Hypothalamic.Region","r_Hypothalamic.Region","l_Entorhinal.Cortex","r_Entorhinal.Cortex","l_Vermix.Molecular.Layer.of.the.Cerebellum","r_Vermix.Molecular.Layer.of.the.Cerebellum","l_Lateral.Molecular.Layer.of.the.Cerebellum","r_Lateral.Molecular.Layer.of.the.Cerebellum","l_Anterior.Olfactory.Bulb","r_Anterior.Olfactory.Bulb","l_Posterior.Olfactory.Bulb","r_Posterior.Olfactory.Bulb","l_Subiculum","r_Subiculum","l_Perirhinal.Area","r_Perirhinal.Area","l_PreLimbic.System","r_PreLimbic.System","l_Primary.Cingular.Cortex","r_Primary.Cingular.Cortex","l_Primary.Motor.Cortex","r_Primary.Motor.Cortex","l_Retrosplenial.Cortex","r_Retrosplenial.Cortex","l_Secondary.Cingular.Cortex","r_Secondary.Cingular.Cortex","l_Secondary.Motor.Cortex","r_Secondary.Motor.Cortex","l_Striatum","r_Striatum","l_Ventral.Tegmental.Area","r_Ventral.Tegmental.Area","l_Substantia.Nigra","r_Substantia.Nigra","l_Thalamus","r_Thalamus"
"1",1,0.32466190573159,0.0671841142533048,0.0207458916778683,0.138142195053164,0.110574792961596,-0.0650740715668413,-0.202346912202076,0.220268696571115,0.175086385142471,0.0019028075032693,0.126042821684993,-0.172864810346521,-0.177802661256304,-0.0641242947619862,0.0781083584578696,-0.0825250192715711,-0.298304979724499,0.148214700863997,-0.245263983058392,0.077404968290463,-0.0288224887454403,-0.0147601972362816,0.0158577627828583,-0.145266038230356,-0.00703103981446369,0.0333464398383828,-0.125926484424124,-0.0507466028046535,-0.0232890073231562,0.198398653347225,-0.0737113186991743,-0.0416313504091513,-0.24432595425563,-0.0127541673603428,-0.138494790786455,-0.115838242268338,0.00709521115194835,-0.174178882322143,-0.113269404522921,-0.0373725309615214,-0.0705456148686932,0.149448432538185,-0.0828927766808473,-0.052749096896881,0.218775879228089,-0.188042283097612,-0.030530778659519,-0.0251980888268401,-0.217148894189798,-0.0130334213264352,0.0307462131473883,-0.0260337598571679,0.211099516865837,-0.0283544590109865,0.060141027253308,-0.105640976976692,0.0997676640359559
"2",0.32466190573159,1,0.143788609086294,0.148105600282036,0.15915112071841,-0.109472274384333,-0.0104916088422722,-0.174308568504627,0.0474938527497712,0.383877425640197,-0.186386773965838,0.00768731293263112,-0.0455303910611278,-0.149112100364098,-0.085090370548696,0.0975963190828235,-0.0385185356531488,-0.152204555292066,0.162425965761745,-0.168173323996324,0.103616911626462,-0.127355283040973,-0.083343474480871,-0.0269118684004623,-0.0103656258348228,-0.136189438983156,0.0174218459853732,-0.112753282074333,0.0495900271866536,0.0601752258282598,0.136601018399526,-0.0967314637233181,-0.260453005052936,-0.220377537284855,0.105590830242531,-0.0374558099453703,-0.13533112982689,-0.267068503374289,-0.0589033061212065,-0.111300574526656,-0.187486586829673,-0.0466895439109741,0.083727858538722,-0.0242162795177962,-0.116621790717095,-0.151619499154697,-0.165180659036041,0.0840717618317181,-0.141971948854907,-0.186452246727679,-0.0573211901347096,0.0343584912348886,0.00032021331376294,0.020884908757641,-0.0762378874309006,0.134087433475629,0.0108334588719343,0.0316436226267909
"3",0.0671841142533048,0.143788609086294,1,0.261107024442038,-0.0839769016041114,-0.0686458652517563,-0.128018436421236,-0.033437035711851,-0.123348092216997,0.0465458335176119,-0.0328739753093236,-0.0853758667321932,-0.00378195349634704,-0.0547728816984,0.0039267248708721,-0.147895029865521,0.0982382373163862,0.0306875698796758,0.062871367652497,-0.120560981433148,0.0522805416408949,-0.0771086116526633,0.0188397005915277,0.0536285443156675,0.00560775345225941,0.0238046947775557,0.0334509396773448,0.159078407441163,-0.212772368727419,-0.0176408605919794,-0.0146212612805816,0.0191622213975547,-0.210422863467906,0.0473924820185097,0.0496548689320344,0.176201312930617,-0.0856387365633419,0.0900738467824775,-0.106071089755511,-0.247134669380706,0.143372482842545,0.0427910089535188,0.00641992168953763,0.0185024091547476,0.159527472885516,-0.0426618206954475,0.186950721350415,0.110355660290761,0.0984357392653716,0.0234840623595503,0.0700734245310264,0.057106544513259,0.148450751099267,0.15538612715426,-0.00400234949209757,0.0418893940761971,-0.0313237849291784,-0.0408808265085546
"4",0.0207458916778683,0.148105600282036,0.261107024442038,1,0.0297203331703281,-0.0604808037624376,-0.0878128611422722,-0.0662355581484846,-0.109995245980136,0.0701487921069772,-0.0695520492925152,0.213373430942197,-0.0266715551536543,-0.0458918541962193,0.00271064819706574,-0.0320328116527991,0.146593868967407,-0.0771641886099772,0.134287135176907,0.112296978498008,0.0128236802120485,0.110280571631115,0.158583850685568,0.091687648683347,-0.115935808770733,-0.114687566612762,-0.0330208684915758,0.103820643111178,-0.161660141805181,-0.153361451823994,0.015495859201617,0.0976769879125059,-0.227345636262171,0.0959654312983884,-0.201794637066978,0.0138721978929457,-0.131032916348563,-0.0603996809918733,0.0402784001451787,0.00208560259157309,0.0821059486928798,0.2771515250712,-0.0056246477833987,-0.123039298550305,-0.0498918611566207,0.0647799481971073,0.116238006339353,0.138706949552019,0.173734451156415,0.104419231980461,0.143590714362145,0.107438723803214,0.161242735135019,0.0779324581958292,-0.143399828129926,-0.0739923528547721,-0.0516035549306218,-0.102004792826722
"5",0.138142195053164,0.15915112071841,-0.0839769016041114,0.0297203331703281,1,-0.0207304019252401,0.0406407126498813,0.14377764338304,0.0329789516471448,-0.111453666324558,-0.113419007108203,0.184632084497755,-0.0575211720908868,0.0391204908321933,-0.0213601334448367,-0.0491304857170595,0.0494478922535259,-0.0134609121611829,0.126380899203459,-0.0454333357981716,-0.0199421513740288,-0.107729080775238,0.0728350336969098,-0.148029827098634,-0.0854612915531199,-0.0553517557258868,-0.146344393846725,-0.0388269309738186,0.0486933106899881,-0.174898404935712,0.124571985565027,-0.137653799356093,0.0798022874397878,-0.108101120732003,0.141467667121315,0.0551709376848314,0.19563748820139,-0.176904373218866,-0.0448607923041456,0.0600132455647393,-0.118535575756736,0.0454291428572952,-0.0866378673966604,-0.0364945408814319,0.0692298685116867,-0.017605776542953,-0.057924693458871,-0.0672955131825878,0.0842968218088692,0.122158134753303,0.179970588261446,0.0156547572431493,0.0158582474635067,-0.00691362512901071,-0.0152609144090101,0.0297583609537183,0.0127584941213001,-0.110601193020622
"6",0.110574792961596,-0.109472274384333,-0.0686458652517563,-0.0604808037624376,-0.0207304019252401,1,-0.0458186217756131,0.176835485937095,-0.061788455542832,-0.0848598991374596,0.0746198889585098,0.0352364838560537,0.114973055379205,0.201097175810921,0.136326294467308,0.176085213282401,-0.039519921623336,0.178469886178781,-0.156760355581672,-0.0767480922625252,-0.105817991496784,-0.0833658094901308,0.0463236498724491,-0.105472703568067,-0.00125458163571179,0.110301245777121,0.267319568134948,-0.0565970857866478,-0.0692416714839711,0.0470887981484944,-0.0369607350473549,0.0991422517670467,0.173340855463198,-0.0710670142701563,0.0600635684112782,0.0364637585728774,-0.022387329757548,-0.0231828797259036,0.0295362932077568,-0.0717825921045216,-0.220128269582266,-0.14342864349747,-0.0503843574080288,-0.0385183291563411,0.108080097145208,0.141864639582449,-0.0198698538973362,0.0366102763299873,-0.100662715219058,0.0433920404816567,-0.101057833300538,-0.264360542266262,-0.0607139446398396,-0.0391104500254944,0.0562320754515261,0.146964670221015,-0.163064315847922,0.185885895218777
"7",-0.0650740715668413,-0.0104916088422722,-0.128018436421236,-0.0878128611422722,0.0406407126498813,-0.0458186217756131,1,0.190125104611104,0.0413474383663283,0.0150831571490654,0.10970977175445,-0.0440693767614958,0.210281942613267,-0.0329877924621138,-0.140725129827712,0.0305096284447689,-0.0289995351419447,0.119110643749082,-0.00957535978923237,-0.0769112475972939,0.0984746101721772,0.127891085198873,-0.216391519046184,0.0831394546207757,-0.00850030018648571,-0.00858528911245854,-0.218463956502388,0.152396096419329,-0.130531721610341,-0.0746171048313167,-0.121936042200931,-0.102826861698356,0.00300623443618741,-0.0124323709449442,0.357151475140554,0.0399101277226294,0.0309141834575537,-0.0055738365577001,0.0838523604682444,0.0719949450724586,0.0196877029034464,0.123349475973967,0.0139969602078214,-0.173544571671349,0.163857177811799,0.0611151958118653,-0.030421706660694,0.130719064391614,0.00438466613874975,-0.0196014135952348,-0.168725237868201,0.0883978906359966,-0.00839560392457178,-0.160119915434271,-0.0094236277972203,-0.0414308329091437,0.0491020530080055,-0.0641197824183111
"8",-0.202346912202076,-0.174308568504627,-0.033437035711851,-0.0662355581484846,0.14377764338304,0.176835485937095,0.190125104611104,1,-0.141143215774088,-0.0780531108112511,0.104476266204491,-0.0344065720975766,0.102398135483333,0.0971769850337919,-0.17532098540236,0.108635965254754,0.0600492773487912,0.1081354121145,-0.0396866193013991,-0.0255944115885619,-0.100119571907149,0.0394694027075188,-0.143523406787783,-0.0729221567934373,0.132937344243464,-0.123707980510655,-0.0365464161063029,0.0282241185060027,0.0400871958781017,-0.179228845800512,0.0663692238851616,-0.0543860606411197,0.179695847816651,0.133340888054084,0.0801732206994006,0.159104647279773,0.119677485218385,0.0549825911753258,0.0762250688983051,0.124858822059061,-0.0614843617666976,0.0789629271500404,-0.235801796153864,-0.146233081867979,0.142941960738095,-0.149305353873964,0.00134537479949185,0.0457980849427688,0.0621646272015425,-0.00862811489012902,0.0573739748061014,0.0355923342854653,-0.0919832194173702,-0.202099743683223,0.159699847450171,-0.0841672704956806,0.202317963272237,0.0491400672754097
"9",0.220268696571115,0.0474938527497712,-0.123348092216997,-0.109995245980136,0.0329789516471448,-0.061788455542832,0.0413474383663283,-0.141143215774088,1,0.167803340395698,0.068633528189803,-0.0428430279557888,0.0414756697084207,-0.0801089807149586,-0.0391372522934653,-0.00860191632158532,0.00583572421318488,0.0297627242205131,-0.0325882782340835,-0.0203086356809471,-0.205428828990057,0.0112578374918313,0.0325792951723098,-0.0561532744796168,-0.127314535046873,-0.0582602929496958,-0.0495012349991479,0.0996664711934933,0.118776136147406,-0.0172954227280292,0.0934577149286166,-0.0980408295760816,-0.130024999722141,-0.16013985670865,0.041453194892998,-0.143621676778373,-0.0636112017832838,-0.0814969680662732,-0.198879032800704,-0.172817417617835,-0.127657044387883,-0.156327394047597,0.11848459525739,-0.0720532954685486,-0.0735080585278524,0.0745777547482318,-0.181510339597057,-0.193432063499349,1.93235336692282e-05,0.0494475892576301,-0.00149629404670941,-0.00165250130764301,-0.0698411742571244,0.120499250124455,-0.00256618407769743,0.256613039889725,0.0947889930723543,0.0154927678771325
"10",0.175086385142471,0.383877425640197,0.0465458335176119,0.0701487921069772,-0.111453666324558,-0.0848598991374596,0.0150831571490654,-0.0780531108112511,0.167803340395698,1,-0.22524466537939,0.0487016698317223,0.121767774628265,-0.0959029753400783,0.104519751931205,0.0251521916534104,-0.324097848696462,-0.220991596389669,0.140244362470257,0.0437188117939425,0.024168601036708,0.123463107276387,-0.0138998465964243,-0.066990713495119,0.0603058437419671,-0.135132236056998,-0.0158552567407883,-0.112156511284131,0.0553923334261812,0.119405009281061,0.105171540293779,-0.201023526098294,-0.224977469121071,-0.155105195560757,0.0555359600978177,-0.0692737896821341,-0.287923304312838,-0.135173676850757,-0.148750532067283,-0.114119858302484,-0.00174960165667827,-0.239033871209341,0.147486353128201,0.00110552136950164,0.0923127820579306,-0.0707444679182073,-0.058122925274892,-0.0328016173892811,-0.0980922200186811,-0.300574939573498,-0.218389023525633,-0.0273185810919284,-0.0139186254242931,0.100001888667662,-0.00309993043313905,-0.0364010638516724,0.133891450058057,0.00312256014577618
"11",0.0019028075032693,-0.186386773965838,-0.0328739753093236,-0.0695520492925152,-0.113419007108203,0.0746198889585099,0.10970977175445,0.104476266204491,0.068633528189803,-0.22524466537939,1,-0.0307927821383144,-0.0151072986172969,-0.0397591079303767,-0.0551474855119758,-0.0559842065006085,0.0421943188436846,0.25578458605146,-0.078890633432145,0.0866349576407298,0.245019641613484,-0.0169991566242464,0.0477836863383685,0.0804687448624812,0.0263001356789734,0.0973297763659587,-0.0522272028973833,-0.00092540237665744,0.0444613295836903,0.00360757476304287,-0.0479550016465138,-0.0585185539646404,0.184492159737532,0.0849560343239311,0.0863395551380493,-0.0774347731166009,0.16575439456712,0.165033193575134,0.0410836247219829,-0.0674521082143835,0.0434239118984691,-0.0985175149445391,-0.0667264175848169,0.0483668297342209,0.0585593154873941,-0.0509336427224417,-0.0630941331744931,0.084902048026567,-0.0736183386922943,0.0915301877684324,0.071836142628122,0.0456978429603256,0.0277084450279234,-0.105344762411275,0.100887530294078,0.116828142255966,0.0174893037728778,0.125228053928051
"12",0.126042821684993,0.00768731293263112,-0.0853758667321932,0.213373430942197,0.184632084497755,0.0352364838560537,-0.0440693767614958,-0.0344065720975766,-0.0428430279557888,0.0487016698317223,-0.0307927821383144,1,-0.0711706135780334,0.11551947923953,0.254079426714038,-0.0739654592654315,-0.0536962145759119,-0.00951878732237235,0.157424277673123,0.206633757166393,-0.00898025194493916,-0.00462141022493988,-0.00816323087009421,-0.146347342672922,0.0282224577666257,-0.0658454039306371,-0.129498814237777,-0.27865673260194,-0.0201066433123302,-0.125816500959856,0.0303459856216478,0.0515498601328348,0.179602770095327,-0.0530132742703437,-0.0616135768516611,0.0183578955947677,0.178404393330575,-0.138734186407364,0.326733359666898,0.135273104681181,0.0042610361477169,0.0463071840956773,-0.278767565333389,-0.262898283473127,-0.00124704956314582,0.00010580845371408,0.0205489862189691,-0.0551533672085247,-0.111084794638958,-0.00276436541613943,0.226446411498518,-0.0950470080300166,0.218152535470513,0.116083759053503,-0.0737152904793625,-0.0518745180882332,-0.0173076401624848,0.130121089041461
"13",-0.172864810346521,-0.0455303910611278,-0.00378195349634704,-0.0266715551536543,-0.0575211720908868,0.114973055379205,0.210281942613267,0.102398135483333,0.0414756697084207,0.121767774628265,-0.0151072986172969,-0.0711706135780334,1,0.046858128358746,-0.00983839730336142,0.0139817336653966,0.0412963906399377,0.0688550810093787,-0.162577123002435,0.0160993551023088,0.0117114113132163,0.118640798030682,-0.102319976217104,0.0947235777734636,-0.179775873083332,-0.0894928254601626,-0.0316611187718288,-0.0595184261633613,-0.196516524774425,0.129712278723668,-0.126248809022426,-0.174519039816263,-0.0327320061996354,0.0706265707414946,0.0611793634353078,-0.0253257116185901,-0.0167354618691807,-0.0196537369113428,0.00988465067042248,0.0943656309247066,-0.00687782540478148,-0.0954739711928357,0.0886050939845418,0.0112471735050675,-0.0854227904488806,-0.106939841230681,0.145317682774576,0.187457294500335,0.368785232277882,-0.153989802441196,-0.163690206860096,0.0595021484731759,0.0227890208757987,0.012641404470824,0.0279265718006367,-0.059852093942502,0.217187403066995,-0.227822323533212
"14",-0.177802661256304,-0.149112100364098,-0.0547728816984,-0.0458918541962193,0.0391204908321933,0.201097175810921,-0.0329877924621138,0.0971769850337919,-0.0801089807149586,-0.0959029753400783,-0.0397591079303767,0.11551947923953,0.046858128358746,1,0.229771332897499,0.0721356783135806,0.0739031822450732,0.387850047073168,0.0879352200269274,-0.0208005398464185,-0.0542873351530215,-0.0411192141593565,0.132176851354263,-0.0457545486026975,0.00192472914689003,-0.196232335360891,-0.0118467010456753,0.00158210395633312,-0.0761147303919285,-0.0625490404098109,0.0221856196766157,0.270849865711738,0.190492568256835,0.154604900682671,-0.0515254451897086,0.088936100152502,0.0887438055553821,-0.145478283395858,0.208616350985464,0.091724514528087,0.183393534778536,0.00805564260327938,-0.137740183045967,-0.0668569649630191,-0.0547847674511976,-0.0953387802315477,-0.102617445892159,-0.0182649414069381,0.209261769322137,0.418017576080796,-0.0363788828421297,-0.204840485684832,-0.010160859314137,0.0113576903345429,0.30544074532512,0.165338161844024,0.156962111999734,-9.3918433465157e-05
"15",-0.0641242947619862,-0.085090370548696,0.0039267248708721,0.00271064819706574,-0.0213601334448367,0.136326294467308,-0.140725129827712,-0.17532098540236,-0.0391372522934653,0.104519751931205,-0.0551474855119758,0.254079426714038,-0.00983839730336142,0.229771332897499,1,-0.116831527066576,-0.0202209939303124,0.00670943454956316,-0.158617127255533,0.394875369085395,0.0283293799897688,0.00678068991912379,-0.00873554007557311,-0.268077401814535,0.0693791595158219,0.0540916147674102,0.0341887484824719,0.0149416768730428,0.128084602637147,0.0630573381342496,0.0801367088494575,0.0383624948518689,0.0118564287136839,0.0567558456739677,-0.0952566218571967,-0.112001995851812,-0.0268494930716744,0.010708546224503,0.220944430941117,0.107864605701805,0.103830349451567,-0.0742616379292574,-0.12627626743525,-0.00968343702976905,0.0541090486862875,0.0956945791429427,0.0516279731286193,0.0756427318457305,0.0509986845997693,0.00443001057028787,0.0436925849933915,-0.0812281930265779,-0.00039801794769663,-0.137754423987288,-0.0263380444956152,0.0739428236804169,0.118337332226667,-0.0867440536854974
"16",0.0781083584578696,0.0975963190828235,-0.147895029865521,-0.0320328116527991,-0.0491304857170595,0.176085213282401,0.0305096284447689,0.108635965254754,-0.00860191632158532,0.0251521916534104,-0.0559842065006085,-0.0739654592654315,0.0139817336653966,0.0721356783135806,-0.116831527066576,1,-0.0108883308510418,0.0758017289301742,-0.073754015854419,-0.127595937381387,0.0405799194964595,-0.216669235846301,-0.130087116129224,0.222069090030503,-0.0829753178146218,0.0106173408243823,-0.0541839211361613,-0.0957341062953092,0.112102872283478,0.0853949018121873,0.0318066449937742,0.126081839075395,0.00315680635992366,0.0366941167269684,-0.0804248251520847,0.0496566089243423,-0.149514471731866,-0.117556057866617,0.0168811062586621,0.0531628039262606,-0.158158192522114,0.140956838857036,0.0317759259792051,0.0701233804038515,0.00366749737942107,0.103975835284377,-0.0985090888688918,-0.0384358990525349,-0.0938261428325873,0.069414454592116,-0.0449826998445706,0.117110931151922,-0.132283306380254,0.0831668374730142,0.0835438102616452,0.0331755253569113,-0.140111237431299,0.12897593345969
"17",-0.0825250192715711,-0.0385185356531488,0.0982382373163862,0.146593868967407,0.0494478922535259,-0.039519921623336,-0.0289995351419447,0.0600492773487912,0.00583572421318488,-0.324097848696462,0.0421943188436846,-0.0536962145759119,0.0412963906399376,0.0739031822450732,-0.0202209939303124,-0.0108883308510418,1,0.0469657875972472,0.18798865760858,-0.0155586921615264,-0.0750573355946268,-0.277971048183323,0.0839843615780968,0.0898535763989472,0.093713967204073,-0.0466478554760625,0.0935079287430959,0.0985363354057708,-0.0359525033494912,-0.168411141045826,0.120891229127778,0.241859745855724,0.0588048690819651,-0.067475372362473,0.0754124515393382,0.045162615094266,0.0621769136493436,0.1545332455841,-0.0875349280816446,-0.0084624646169426,-0.0310327847350939,0.106348175282567,-0.0021801193890849,-0.157541242235679,-0.0801602195336214,0.0865436755216992,0.024520131115317,-0.0211609425507481,0.276145447552673,0.100805424045425,0.184292126637781,0.101206304792265,0.155755248317847,0.08975802716631,-0.0010894216595928,-0.0433923596449203,-0.103228586786488,0.0431418490465755
"18",-0.298304979724499,-0.152204555292066,0.0306875698796758,-0.0771641886099772,-0.0134609121611829,0.178469886178781,0.119110643749082,0.1081354121145,0.0297627242205131,-0.220991596389669,0.25578458605146,-0.00951878732237235,0.0688550810093787,0.387850047073168,0.00670943454956316,0.0758017289301742,0.0469657875972472,1,-0.0379453854106862,-0.0147145550112563,-0.0970481322372807,-0.111070065016664,0.123251707593209,-0.0572190907173274,0.0395524977047884,0.0182460716243915,-0.0341650092666193,0.16942548231865,0.0118883671613021,-0.0679589395681733,-0.0927289174907899,0.232887749553265,0.169489131463804,0.239785530093416,-0.0516006842511658,0.222729719789268,0.0901277762615201,-0.190189483779674,0.100704402722342,0.034044375819889,-0.0711764965144489,-0.0658479380945109,-0.16764660840355,0.0552708946093511,0.0945611626933956,-0.0315130427344106,-0.0847990939666672,0.0360349802899889,-0.0678100626398883,0.500886359336794,0.0920571751651102,-0.0183461384402354,0.0664778604291776,-0.120891422729837,0.158194299478816,-0.00155451427880493,0.0749975634543395,-0.0716821117651144
"19",0.148214700863997,0.162425965761745,0.062871367652497,0.134287135176907,0.126380899203459,-0.156760355581672,-0.00957535978923237,-0.0396866193013991,-0.0325882782340835,0.140244362470257,-0.078890633432145,0.157424277673123,-0.162577123002435,0.0879352200269274,-0.158617127255533,-0.073754015854419,0.18798865760858,-0.0379453854106862,1,0.0538447462588698,0.072292833265869,-0.114394807992885,0.162882731113447,0.00021869521972443,-0.010803434408538,0.0712105613055324,0.0599274910401034,-0.0770406166873506,0.0387971807401555,-0.230152506247159,0.240479908226027,0.0388274727232955,0.0240570399592792,-0.142378810438399,0.0796629566678898,0.0224842042892735,0.204756386458453,0.105649477651464,-0.00281917514632542,0.144305779470613,-0.0397392773938834,-0.00610585886270654,-0.0156296601845881,-0.153796945828112,0.106059613515909,0.0984258467504447,-0.131421713414592,-0.160627122920103,-0.0132204469410431,0.0681609262126484,0.0189091982206894,-0.069639753346876,0.209727332985362,0.109545030955471,-0.0204176151726127,-0.133638831934892,-0.00050145680245652,-0.131491126181003
"20",-0.245263983058392,-0.168173323996324,-0.120560981433148,0.112296978498008,-0.0454333357981716,-0.0767480922625252,-0.0769112475972939,-0.0255944115885619,-0.0203086356809471,0.0437188117939425,0.0866349576407298,0.206633757166393,0.0160993551023088,-0.0208005398464185,0.394875369085395,-0.127595937381387,-0.0155586921615264,-0.0147145550112563,0.0538447462588698,1,-0.0895939659883645,0.0467734763434694,0.0821926296034018,-0.10568352757704,-0.0672944792945752,-0.0431138814841309,0.0291410909901569,0.0158342385922332,0.141443015509991,0.070226092717488,0.0664224306444337,0.0659627915425193,-0.0969868588513155,0.0698880305589455,-0.22335429467881,-0.0903629888481019,0.0796988417224462,0.0312886441403557,0.191619210447233,0.225670300415244,-0.106255811975752,0.0257674826799573,-0.0855844890322585,-0.0742863751654116,0.0946533004078096,-0.0705072243681877,-0.103817464079872,-0.0622180302280359,-0.0200862138616043,-0.0603324123176146,0.0505963966312903,-0.0533711368392484,0.130163146326007,-0.226838562526303,0.0762928668712692,-0.0312372684475046,0.12609746074372,-0.051853261976956
"21",0.077404968290463,0.103616911626462,0.052280541640895,0.0128236802120485,-0.0199421513740288,-0.105817991496784,0.0984746101721772,-0.100119571907149,-0.205428828990057,0.024168601036708,0.245019641613484,-0.00898025194493916,0.0117114113132163,-0.0542873351530215,0.0283293799897688,0.0405799194964595,-0.0750573355946268,-0.0970481322372807,0.072292833265869,-0.0895939659883645,1,-0.102136903435036,-0.130366390538725,0.118208035851996,-0.106285498638243,0.0425211271377179,0.0296378002443834,-0.0527804227223718,0.0480861340464891,0.0894957064873406,-0.0788132410077819,-0.164762794195984,0.103866369083934,0.147302739124002,0.129297624432776,-0.105039989664222,0.0611478959283636,0.178585258287258,0.0674021409025957,0.0867089606486876,0.162251821449555,0.0793757059181299,0.0989538762394918,-0.0571031300052875,-0.0435832701780108,0.00326990916607822,0.0658273878091633,0.322387333523492,-0.0197835283329392,-0.142583306072171,-0.0917086292513966,-0.041388498103634,-0.0813536639603077,-0.0265585565061893,0.0602290997334603,-0.0959246777347964,-0.109132802011651,0.12833015095112
"22",-0.0288224887454403,-0.127355283040973,-0.0771086116526633,0.110280571631115,-0.107729080775238,-0.0833658094901308,0.127891085198873,0.0394694027075188,0.0112578374918313,0.123463107276387,-0.0169991566242464,-0.00462141022493988,0.118640798030682,-0.0411192141593565,0.00678068991912379,-0.216669235846301,-0.277971048183323,-0.111070065016664,-0.114394807992885,0.0467734763434694,-0.102136903435036,1,-0.0978740382687757,-0.0531974045874552,0.168999661489405,0.0481015953789428,-0.11950110324565,0.0971371211434236,-0.167433236850682,0.013207900099499,0.0299253819837338,-0.122005065475557,-0.0427657632212287,0.10889070932662,0.061264508861171,-0.0205462909548496,-0.0727927204836375,0.0655314101154724,0.0905263460076747,0.226745316958125,0.328766597154373,0.00274824933711747,0.0504927818915669,0.186173232812045,-0.162352040076953,-0.111580328997239,0.12386092181598,-0.00421061083438201,0.146390831705946,-0.0921541151479551,-0.0120861779281208,0.0864058759265356,-0.0709126380954838,-0.110891619156348,0.0198183962260708,-0.18933615956664,0.135140693087867,-0.132240964661308
"23",-0.0147601972362816,-0.083343474480871,0.0188397005915277,0.158583850685568,0.0728350336969098,0.0463236498724491,-0.216391519046184,-0.143523406787783,0.0325792951723098,-0.0138998465964243,0.0477836863383685,-0.00816323087009421,-0.102319976217104,0.132176851354263,-0.00873554007557311,-0.130087116129224,0.0839843615780968,0.123251707593209,0.162882731113447,0.0821926296034018,-0.130366390538725,-0.0978740382687757,1,0.134960205439437,-0.104233114674194,0.132063898259071,0.0511916302638013,-0.077841659113878,0.110234094452672,-0.229922651232764,0.0674462618176725,0.0198551753684928,0.00189148789536201,-0.182663710186777,-0.166120771382002,0.0709739614773745,0.120984034863878,-0.0333486696144566,-0.11064174055185,-0.0869680724915076,-0.0428795968554549,-0.156567933989802,-0.0399540175060327,0.106173698025171,0.170534186303204,0.126182982576819,0.0699557863865819,0.0209123747993518,-0.076172582694144,0.110575705057038,-0.0576009389047591,-0.0818920230009554,0.172696839992236,0.102566565841633,0.0806660073140786,0.019797268802891,-0.142142259801639,0.0325538782419154
"24",0.0158577627828583,-0.0269118684004623,0.0536285443156675,0.091687648683347,-0.148029827098634,-0.105472703568067,0.0831394546207757,-0.0729221567934373,-0.0561532744796168,-0.066990713495119,0.0804687448624812,-0.146347342672922,0.0947235777734636,-0.0457545486026975,-0.268077401814535,0.222069090030503,0.0898535763989472,-0.0572190907173274,0.00021869521972443,-0.10568352757704,0.118208035851996,-0.0531974045874552,0.134960205439437,1,0.0743134498852278,-0.101096987031924,0.0945257488558945,0.0374558419473474,0.00473277135014221,0.0026050860386099,-0.097466796012952,0.0925970671988066,-0.0340191493022735,-0.043880668311081,-0.0253381011598105,0.145079026219439,0.0472000301036748,0.174946868162631,0.0263635701819326,-0.0943639322396416,0.100945332504364,0.00883783094051275,0.109835592477591,-0.0335359137156912,0.0259347000042317,-0.0285973633029241,0.237139151700515,0.0686070222699125,-0.0178739179781232,-0.0354050145797894,0.0292848541179025,0.150338124657907,0.0312358480026064,0.0747856081712223,0.06760873267781,0.0311133358832324,0.0113253385384825,0.0126880178493276
"25",-0.145266038230356,-0.0103656258348228,0.00560775345225941,-0.115935808770733,-0.0854612915531199,-0.00125458163571179,-0.0085003001864857,0.132937344243464,-0.127314535046873,0.0603058437419671,0.0263001356789734,0.0282224577666257,-0.179775873083332,0.00192472914689004,0.0693791595158218,-0.0829753178146218,0.093713967204073,0.0395524977047884,-0.010803434408538,-0.0672944792945752,-0.106285498638243,0.168999661489405,-0.104233114674194,0.0743134498852278,1,0.00797326441909399,0.0487515713842217,-0.0461644766258098,0.0276979168109995,-0.101279113058504,-0.0874653087358412,-0.141560863589097,-0.0181957637468992,0.128829261112071,0.0214023255156199,0.139105033251028,0.0643843784870277,0.0411418959198461,0.140724148753185,0.165271542103485,0.0113133516989271,-0.0531071241532457,-0.12956252017179,-0.0456125169061034,-0.0754114278706254,-0.0760061515354902,0.149910465279994,0.0766880610317858,-0.211205945546203,0.0243802618772563,0.101854401908174,0.0373007979045476,-0.159370234669599,-0.0768557641339412,-0.140580303529672,-0.102168154487537,0.0564463075563186,0.175597622282864
"26",-0.00703103981446369,-0.136189438983156,0.0238046947775557,-0.114687566612762,-0.0553517557258868,0.110301245777121,-0.00858528911245854,-0.123707980510655,-0.0582602929496958,-0.135132236056998,0.0973297763659587,-0.0658454039306371,-0.0894928254601626,-0.196232335360891,0.0540916147674102,0.0106173408243823,-0.0466478554760625,0.0182460716243915,0.0712105613055324,-0.0431138814841309,0.0425211271377179,0.0481015953789428,0.132063898259071,-0.101096987031924,0.00797326441909399,1,-0.0318405619045364,0.121946028726512,0.0522010076882048,0.0653519779675479,-0.19000365369398,-0.0833852757823225,0.190237306512715,-0.197927868231464,0.0332916874845546,0.106337952633548,0.0126563712220846,0.0341424968427742,0.0435461837880866,-0.0125152367491281,-0.0335860315206866,-0.0581403280659199,-0.00769093886678016,0.0221926078056469,0.0607722057019928,0.111742165907962,0.0553185199657302,0.171263187039293,-0.141688436996331,-0.047047361246942,0.134926570030753,-0.0349487094402127,-0.115482940727631,-0.0800519190104816,0.014597159914565,-0.0432799313645447,-0.063602026701892,-0.00728063196923975
"27",0.0333464398383828,0.0174218459853732,0.0334509396773448,-0.0330208684915758,-0.146344393846725,0.267319568134948,-0.218463956502388,-0.0365464161063029,-0.0495012349991479,-0.0158552567407883,-0.0522272028973833,-0.129498814237777,-0.0316611187718288,-0.0118467010456753,0.0341887484824719,-0.0541839211361613,0.0935079287430959,-0.0341650092666193,0.0599274910401034,0.0291410909901569,0.0296378002443834,-0.11950110324565,0.0511916302638013,0.0945257488558945,0.0487515713842217,-0.0318405619045364,1,-0.0171390867073123,0.0654903609162034,0.0514341524482019,0.0299058136193532,0.116131284940523,0.103388080651188,0.108949092950897,-0.0736445317411923,-0.122705686150094,0.149476028162328,0.102365356613326,-0.144514936926154,-0.0779103968809343,-0.152719580952236,-0.139917128643385,0.0340071669648844,-0.0630955363746633,0.0331072878016884,0.0279541819547807,0.151903630906783,0.0158063967239067,-0.0205789039765178,-0.0974320852362267,-0.00675453997743989,-0.160046952288293,0.199242017134741,0.0908306691516847,0.0688626596590452,-0.087955494359238,0.097449269598711,0.0845566503378785
"28",-0.125926484424124,-0.112753282074333,0.159078407441163,0.103820643111178,-0.0388269309738186,-0.0565970857866478,0.152396096419329,0.0282241185060027,0.0996664711934933,-0.112156511284131,-0.00092540237665744,-0.27865673260194,-0.0595184261633613,0.00158210395633312,0.0149416768730428,-0.0957341062953092,0.0985363354057708,0.16942548231865,-0.0770406166873506,0.0158342385922332,-0.0527804227223718,0.0971371211434236,-0.077841659113878,0.0374558419473474,-0.0461644766258098,0.121946028726512,-0.0171390867073123,1,-0.0828698937277398,0.0101370946495583,-0.120830187963075,0.134279995543572,0.0547420003363977,0.173506483177121,0.148774744394769,0.0809533084215043,0.0124358624675145,-0.0979203635659913,0.0515384648156968,-0.010334358279542,0.0488307271023237,0.0455829533227563,0.118855846331762,-0.0929660297379113,-0.0282550240487343,0.141121859554903,0.0314628965386004,0.022828250346253,0.109428511354155,-0.074245996912314,0.0617231485801891,0.0593089207650083,-0.0400351891885171,-0.11278988621528,0.030677266140886,0.00324507857419011,0.0820233297850307,-0.174463422382163
"29",-0.0507466028046535,0.0495900271866536,-0.212772368727419,-0.161660141805181,0.0486933106899881,-0.0692416714839711,-0.130531721610341,0.0400871958781017,0.118776136147406,0.0553923334261812,0.0444613295836903,-0.0201066433123302,-0.196516524774425,-0.0761147303919285,0.128084602637147,0.112102872283478,-0.0359525033494912,0.0118883671613021,0.0387971807401555,0.141443015509991,0.0480861340464891,-0.167433236850682,0.110234094452672,0.00473277135014221,0.0276979168109995,0.0522010076882048,0.0654903609162034,-0.0828698937277398,1,0.152680404536133,-0.0984281636839371,-0.0701260558317215,0.154975676461446,-0.11284308183497,-0.0958212956527619,-0.0602815707652471,0.121430534553784,0.023490645476491,0.0580092770727309,-0.150386835727472,-0.207698748234014,-0.0646355664295773,-0.0893840574879097,-0.00276993030648731,0.0933096847644435,0.00181487522620646,-0.0715446468200307,-0.112034494744308,-0.0528855053262055,0.112056834298669,0.0455679120441855,0.0258844652098549,-0.0381777532943532,-0.168350740255377,0.145321971232239,0.121672546211256,-0.0465857239880391,-0.0262969166998551
"30",-0.0232890073231562,0.0601752258282598,-0.0176408605919794,-0.153361451823994,-0.174898404935712,0.0470887981484944,-0.0746171048313168,-0.179228845800512,-0.0172954227280292,0.119405009281061,0.00360757476304287,-0.125816500959856,0.129712278723668,-0.0625490404098109,0.0630573381342496,0.0853949018121873,-0.168411141045826,-0.0679589395681733,-0.230152506247159,0.070226092717488,0.0894957064873406,0.013207900099499,-0.229922651232764,0.0026050860386099,-0.101279113058504,0.0653519779675479,0.0514341524482019,0.0101370946495583,0.152680404536133,1,-0.30698511972068,-0.211638964448115,0.0187882628952871,-0.0294519334669812,-0.0664687947710606,-0.0812429433927249,-0.326260572045735,-0.0858486045468309,-0.0885392901460485,-0.0749965992818239,-0.0322417629542342,-0.00780617381864529,0.136707247810138,0.0128973719389752,-0.141908879055411,-0.180707509107741,0.100662401383567,0.0199146420372959,0.00325978393542024,-0.101644795060543,-0.0694901830889303,0.0459991880372253,-0.0982315284182164,-0.186325487571155,-0.0277579192824713,0.0532128164263316,0.0336835932393414,-0.100748474202962
"31",0.198398653347225,0.136601018399526,-0.0146212612805816,0.015495859201617,0.124571985565027,-0.0369607350473549,-0.121936042200931,0.0663692238851616,0.0934577149286167,0.105171540293779,-0.0479550016465138,0.0303459856216478,-0.126248809022426,0.0221856196766157,0.0801367088494575,0.0318066449937742,0.120891229127778,-0.0927289174907899,0.240479908226027,0.0664224306444337,-0.0788132410077819,0.0299253819837338,0.0674462618176725,-0.097466796012952,-0.0874653087358412,-0.19000365369398,0.0299058136193532,-0.120830187963075,-0.0984281636839371,-0.30698511972068,1,-0.0551814588868128,-0.0628317684643929,-0.109131661190066,0.126900448176268,-0.101045102523083,0.113122421826238,0.159939367640861,-0.0297922797825933,0.0580618471614156,0.0957560722524374,-0.0861998289233916,0.0930982309688351,-0.108417787558861,-0.0615252379756739,0.0557606592490201,-0.205334786931501,0.00448501220009065,-0.00467950572667544,-0.12645292270256,0.0309821437771916,0.0700881324139276,0.0947777108978174,0.00057960751702258,0.0566160313740968,0.0142336957114693,0.0594818218740625,0.0386878092185684
"32",-0.0737113186991744,-0.096731463723318,0.0191622213975547,0.0976769879125059,-0.137653799356093,0.0991422517670467,-0.102826861698356,-0.0543860606411197,-0.0980408295760816,-0.201023526098294,-0.0585185539646404,0.0515498601328348,-0.174519039816263,0.270849865711738,0.0383624948518689,0.126081839075395,0.241859745855724,0.232887749553265,0.0388274727232955,0.0659627915425193,-0.164762794195984,-0.122005065475557,0.0198551753684928,0.0925970671988066,-0.141560863589097,-0.0833852757823225,0.116131284940523,0.134279995543572,-0.0701260558317215,-0.211638964448115,-0.0551814588868128,1,0.0894494369138782,-0.0244242580045942,-0.0503349469343158,0.198438727868729,-0.0391708240047794,0.0640605132413222,0.0206573551397342,-0.0231741315981958,-0.00994772582492027,0.104123702760956,-0.159268434382012,0.0386955404615066,0.0388116476923877,0.0997829263732578,-0.0942728709171724,-0.241062347683433,0.0498101053434755,0.19992084707776,-0.0316321007541326,-0.164156100351903,0.22816029558189,0.174114964676486,0.143277491561007,0.0804424027881607,-0.0821802057424924,-0.0614716755386348
"33",-0.0416313504091513,-0.260453005052936,-0.210422863467906,-0.227345636262171,0.0798022874397878,0.173340855463198,0.0030062344361874,0.179695847816651,-0.130024999722141,-0.224977469121071,0.184492159737532,0.179602770095327,-0.0327320061996354,0.190492568256835,0.0118564287136839,0.00315680635992366,0.0588048690819651,0.169489131463804,0.0240570399592792,-0.0969868588513154,0.103866369083934,-0.0427657632212287,0.00189148789536201,-0.0340191493022735,-0.0181957637468992,0.190237306512715,0.103388080651188,0.0547420003363977,0.154975676461446,0.0187882628952871,-0.0628317684643929,0.0894494369138782,1,0.109617089369205,0.172866567669094,0.0953333472027809,0.200627632544537,0.113889979627676,0.212198976699417,0.163309754443748,0.0252704864952712,0.00195285433855434,-0.0695125446797956,-0.093412988855063,-0.0320229067333699,0.0682671730876136,-0.00157329275465512,0.0287902702070965,-0.0223915073983525,0.0692211687538268,0.085239124955543,-0.241341119127495,0.0174464538024953,0.00730373664668423,0.204765900505635,-0.127930494984034,-0.00564588468103084,0.0492018947860605
"34",-0.24432595425563,-0.220377537284855,0.0473924820185097,0.0959654312983884,-0.108101120732003,-0.0710670142701563,-0.0124323709449442,0.133340888054084,-0.16013985670865,-0.155105195560757,0.0849560343239311,-0.0530132742703437,0.0706265707414946,0.154604900682671,0.0567558456739677,0.0366941167269684,-0.067475372362473,0.239785530093416,-0.142378810438399,0.0698880305589455,0.147302739124002,0.10889070932662,-0.182663710186777,-0.043880668311081,0.128829261112071,-0.197927868231464,0.108949092950897,0.173506483177121,-0.11284308183497,-0.0294519334669812,-0.109131661190066,-0.0244242580045942,0.109617089369205,1,-0.106844175877475,0.0628411846509238,0.0589995416940964,0.139480013305596,0.25606879002222,0.341855673239256,0.0299150992629702,0.0610529500165771,-0.0711548984716422,-0.0343767227409858,-0.0514697385345287,-0.0252905518864582,0.151765278622229,0.185134674654562,0.15253944953325,0.110220960767117,0.0907133810391738,0.0871364569455131,-0.00622720970718833,-0.0188407533120582,-0.00836174796050045,-0.138735868128987,0.204966205035425,-0.0232072867566828
"35",-0.0127541673603428,0.105590830242531,0.0496548689320344,-0.201794637066978,0.141467667121315,0.0600635684112782,0.357151475140554,0.0801732206994006,0.041453194892998,0.0555359600978177,0.0863395551380493,-0.0616135768516611,0.0611793634353078,-0.0515254451897086,-0.0952566218571967,-0.0804248251520847,0.0754124515393382,-0.0516006842511658,0.0796629566678898,-0.22335429467881,0.129297624432776,0.061264508861171,-0.166120771382002,-0.0253381011598105,0.0214023255156199,0.0332916874845546,-0.0736445317411923,0.148774744394769,-0.0958212956527619,-0.0664687947710606,0.126900448176268,-0.0503349469343158,0.172866567669094,-0.106844175877475,1,-0.00695731984069584,0.0700227614490199,0.0749937289572678,0.0412001266170731,0.0716212945963479,0.14310894733869,-0.063857419337936,0.157950671657014,-0.0790477289459253,0.193787649801397,0.106646965369799,-0.115319406914028,-0.0275547954059276,-0.0220186949414324,-0.0910550950408559,-0.0943056822590297,-0.0723595322353231,0.00657869843886126,-0.0107154875516985,-0.0448652555283527,0.193192013476337,0.0105160582348405,-0.0528283661491989
