"","l_Insular.Cortex","r_Insular.Cortex","l_Amygdal.Area","r_Amygdal.Area","l_Bed.Nucleus.of.the.Stria.Terminalis","r_Bed.Nucleus.of.the.Stria.Terminalis","l_Hippocampus","r_Hippocampus","l_Orbitofrontal.cortex","r_Orbitofrontal.cortex","l_Entorhinal.Cortex","r_Entorhinal.Cortex","l_Frontal.Association.Cortex","r_Frontal.Association.Cortex","l_Globus.Pallidus","r_Globus.Pallidus","l_Glomerular.Layer.of.the.Accessory.Olfactory.Bulb","r_Glomerular.Layer.of.the.Accessory.Olfactory.Bulb","l_Glomerular.Layer.of.the.Olfactory.Bulb","r_Glomerular.Layer.of.the.Olfactory.Bulb","l_Granule.Cell.Level.of.the.Cerebellum","r_Granule.Cell.Level.of.the.Cerebellum","l_Hypothalamic.Region","r_Hypothalamic.Region","l_Entorhinal.Cortex","r_Entorhinal.Cortex","l_Vermix.Molecular.Layer.of.the.Cerebellum","r_Vermix.Molecular.Layer.of.the.Cerebellum","l_Lateral.Molecular.Layer.of.the.Cerebellum","r_Lateral.Molecular.Layer.of.the.Cerebellum","l_Anterior.Olfactory.Bulb","r_Anterior.Olfactory.Bulb","l_Posterior.Olfactory.Bulb","r_Posterior.Olfactory.Bulb","l_Subiculum","r_Subiculum","l_Perirhinal.Area","r_Perirhinal.Area","l_PreLimbic.System","r_PreLimbic.System","l_Primary.Cingular.Cortex","r_Primary.Cingular.Cortex","l_Primary.Motor.Cortex","r_Primary.Motor.Cortex","l_Retrosplenial.Cortex","r_Retrosplenial.Cortex","l_Secondary.Cingular.Cortex","r_Secondary.Cingular.Cortex","l_Secondary.Motor.Cortex","r_Secondary.Motor.Cortex","l_Striatum","r_Striatum","l_Ventral.Tegmental.Area","r_Ventral.Tegmental.Area","l_Substantia.Nigra","r_Substantia.Nigra","l_Thalamus","r_Thalamus"
"1",1,0.0669646798783754,-0.00280665841939659,0.105358489277739,0.118880142830935,-0.0306136613257018,-0.149957037117175,-0.157057703108749,0.342974944039132,0.278080360198922,0.0896978254000529,0.146524559112313,-0.141294409510981,0.0934171312621683,-0.0622972452899871,0.116447710390805,-0.0712319992635145,0.11817567249243,-0.0253841945522802,0.191625151094432,0.0754857398725513,0.00491573404256794,0.170135032355021,0.0963833099695092,0.092844750502226,0.0128548832770907,0.0965330436710718,0.0281021901875926,0.153191173386533,-0.00110067598898695,0.0453557644853293,0.169533572587129,0.0493234698510159,-0.078551345927115,-0.0886916038201077,-0.261581086706193,-0.0183608507773457,-0.0713943915743233,0.146631277552755,0.0938647395006699,-0.117371378947929,-0.134387386044037,0.10752573436241,0.320429205036646,0.036892168932338,-0.0369205717693148,-0.059708108518375,0.0286357069303435,-0.00513032247503878,0.166305899380797,0.239210644613284,0.0641131742989442,-0.0427404388194586,0.063849390010076,-0.10428313375443,-0.0645566869629438,0.0270735243026328,0.158953174630908
"2",0.0669646798783754,1,0.0521529190556322,-0.0202512183200618,0.0524630322923606,0.0861260206342215,-0.211057073345777,-0.274695200331306,-0.0906262374524876,0.255535966837444,0.278208114270065,0.137106528034267,-0.0305625293207852,0.0683455540209101,0.0338417286323905,0.0951394952377108,-0.00587210118976908,0.0852498825115671,-0.305402379439,0.0637581332926272,0.0515329537746241,0.0367985529890575,0.0844135229085424,0.201816017800165,-0.0482803142176944,0.0429796088348063,0.291307258474385,0.0397938788106062,-0.161609923456885,0.00653347044276758,0.0249760423277342,-0.0146104690659976,0.130446880030627,-0.00024157758229567,-0.229530683907118,-0.313225305037029,0.112396413960986,0.0610792905305051,0.0837605110246898,0.0541736760631207,-0.0534508562840574,-0.139552515169655,0.0195323744211736,0.0318816343809789,-0.30922842365401,-0.189707072026452,-0.0198391244679792,0.0593005049494608,0.0319426360393128,-0.0511009409925941,0.00720252045340292,0.122733936639033,0.0128886699799792,0.0712330692698696,0.079085557419387,0.00529228915600779,0.0283848206427696,-0.0983622237954758
"3",-0.00280665841939659,0.0521529190556322,1,0.0643277006065607,-0.0105098062013118,0.0775117885961214,0.0459918809518063,-0.0699577265513336,0.19890228379204,-0.0517783877459128,0.189557367865712,0.10135506160628,0.0374202125240563,-0.0096225537714658,-0.0721962524816405,-0.185700930783889,-0.0467922864688766,-0.00314940816889398,0.00991613839982891,-0.0904469210161418,0.0456575415776574,-0.0810834909944751,-0.0765405073869536,-0.00286064015299861,0.0715567181936956,0.0716362873681838,-0.135621701963812,-0.00367247566241344,-0.0223133598201312,-0.0297409164910105,0.166372433651207,-0.0669995958542863,0.0592544325472837,0.0968591744642731,0.0945033522183799,0.00183932794395333,-0.115251159987317,0.0956308844850806,0.190247956746994,0.12784699069827,-0.136424406415307,-0.321829252107722,0.0239991102534611,0.222442693602365,-0.0042618846103307,0.135604746743868,-0.171268795800724,-0.0201507634252494,-0.00489823528270701,-0.0395557411702564,0.0419949120133411,-0.051802348934727,-0.132103704375709,-0.0358369575631529,-0.0132206364676957,0.137722569736932,0.0125990863578905,0.094793808758972
"4",0.105358489277739,-0.0202512183200618,0.0643277006065607,1,0.028858709873086,0.0784550468505955,0.0932091051258704,-0.0957455283451607,-0.00364602885713492,0.0737185845010819,0.0832869909967552,0.0325931391590443,0.0556975770312853,0.157090168008781,-0.0987319059535754,-0.110434196047576,-0.0428155615983085,0.019152950760526,-0.0423381477829306,0.177973525902986,0.0728893527536921,-0.0908313776186817,0.0136243408011943,-0.0214831286929404,0.236834422543666,0.144288961267692,0.10107613607075,0.0560854294271478,0.181343335373096,0.110412493521058,-0.0233080944608816,0.100113617263967,-0.0286299409800219,-0.166907275758099,0.0629527120330783,0.183123129453602,-0.120604312055782,0.0399117265764007,-0.0216927305058233,0.0210058781656772,-0.00665576523055812,-0.155882646190631,0.0507358118914954,0.153300313159482,-0.0582586757675917,0.138649096439172,-0.193376842184342,-0.0372254700861356,-0.196161354338601,0.0956368320239876,0.0293284850105001,-0.220528882761623,0.0298111919787672,-0.0643568112402822,0.0765877624536315,0.0743206828663213,-0.0976599399831236,-0.105430154047706
"5",0.118880142830935,0.0524630322923606,-0.0105098062013118,0.028858709873086,1,0.0938001189879356,0.0806709877843283,-0.0847408059110712,0.0167471501808747,0.0214702277589226,-0.0844488797786715,0.235087891530025,-0.0057631070349092,0.00713458379186127,0.175284452367172,0.0227529374116126,-0.0968263734961008,-0.0965323997098326,-0.0461662984246194,0.255759448246534,0.0439852158994295,0.0410013799142181,0.0253465217559251,0.0851399893733847,0.224874467482813,0.107988741954042,-0.034746074229201,-0.139205912087144,0.0166348032292304,0.0875291195446046,-0.053500070595144,0.346833107464618,0.139097733135299,-0.177296684784507,-0.217470490804155,-0.109028691156798,0.0378144269736252,0.054494327292095,0.149093422688341,0.114749072738011,0.0423725654639025,0.14516411611304,0.0400810800983718,0.0289215645845325,-0.0196082983145705,0.0106544627360032,0.0685229264667975,0.133520996650289,-0.0293738450740456,-0.0367770334152859,0.171136665172128,0.159133151148793,-0.099468725710804,0.212785853222222,0.00363002196113531,0.0934657601048652,0.120855816268353,-0.0946627632238507
"6",-0.0306136613257018,0.0861260206342215,0.0775117885961214,0.0784550468505955,0.0938001189879356,1,0.105451533523207,0.0899086829802527,0.0465788576006796,-0.0384786281750959,0.147233139234488,0.109105875538085,-0.0689556568250464,-0.0751740039670264,0.210111855213932,0.192605719916714,0.0928435761076461,-0.0741772750630909,-0.116954910601412,0.0160096784733775,0.186445965253379,-0.0725225663665885,-0.099749516980265,0.0920011448088962,0.0533056708748782,0.0204580461191097,-0.0532505245391431,-0.130052970334607,-0.0546010738510856,0.102376055619265,0.0821640987981247,0.13077222639605,0.0497311758244224,0.0580985391405135,0.0264166137166712,-0.114684042169353,0.00697764256942229,-0.128610766140944,-0.156774234160725,0.123859306741823,-0.0452171950422877,-0.11046479665378,0.118267801083433,0.0597526106452807,-0.194237144153882,-0.0812799080155409,-0.137953433679231,0.0191354720217365,-0.0645647283748971,-0.0908368686230236,0.202409088338792,0.104623439837434,0.155098090045343,-0.0121031407992928,-0.121596080720244,0.129347881855295,-0.0811625043834745,0.259434262170666
"7",-0.149957037117175,-0.211057073345777,0.0459918809518063,0.0932091051258704,0.0806709877843283,0.105451533523207,1,0.364994543091331,0.078314615869316,-0.193980550683393,-0.157384368851243,0.0333649345295786,0.117847132095846,0.00148629154708072,0.123200772238386,-0.113292522039613,0.0634556201414578,0.116069855088184,-0.1042921530023,-0.0129092513275078,-0.0105251407644074,-0.0944763469035273,0.0184229639995679,0.117603810276653,0.234089131839272,-0.0389697119885235,-0.127409854014606,0.0474282188340862,0.216827684125191,0.229267090156114,0.0838804117942624,0.0407065189368865,-0.106127100457606,-0.0515829819938618,0.29096961048912,0.103306036678671,-0.0341434797155924,0.243746232576596,-0.205123805648323,0.0493006604640832,0.178027332858643,-0.00667385892285347,-0.0481257560583185,-0.135327773461748,0.189038496968527,-0.0490862258087635,-0.0193074635286358,-0.0849742178472275,-0.133194456724397,-0.106762483621285,-0.104192602702227,0.023583619302178,0.0827517715340875,-0.113297607141107,-0.0584956459457985,-0.0214444382906123,0.154834750224163,-0.0792102083996972
"8",-0.157057703108749,-0.274695200331306,-0.0699577265513336,-0.0957455283451607,-0.0847408059110712,0.0899086829802527,0.364994543091331,1,0.0235151820641638,-0.0840563279514037,0.0259264744321966,-0.17649513693285,0.0999616248704179,0.0278655337958406,-0.108506879988964,0.056878435570569,0.0902902066750481,-0.0358175897757482,0.277720809545121,-0.0810928610595572,0.14419166835341,0.0729314698817938,0.154934012457699,0.0501760929467656,0.105600807991263,-0.133904334435021,-0.124644905112804,0.0930101537804025,0.105592864722624,0.116385459236378,0.149605558188948,0.144633157120222,-0.0825632377082373,-0.20148570457954,0.0960921495053916,0.259775097484749,0.181377283183843,0.0565002187189371,-0.233659972021717,0.094344704758534,0.0577033612358971,0.0615148906776266,-0.316582054520673,-0.0198339952493817,-0.0285705124828409,0.0797528754810404,-0.0488696115221363,-0.0652120832823208,-0.251084473521874,-0.0749937386582232,-0.0807390211829556,-0.0318365586342349,0.177520274383182,-0.0144153383549592,0.165128171521701,-0.179889735446525,0.247496116622187,0.138306503869643
"9",0.342974944039132,-0.0906262374524876,0.19890228379204,-0.00364602885713492,0.0167471501808747,0.0465788576006796,0.078314615869316,0.0235151820641638,1,0.195766350432773,-0.00224684919118862,0.118205546619528,-0.0530966367389641,-0.0704270304109769,0.0273227651810499,-0.0460025834149399,-0.139209143218485,-0.0204717680930063,-0.00346106495860836,-0.097141340978136,0.0326266284226352,-0.193288053890619,0.0692109769818149,0.0596289975233911,0.00299844002303628,-0.0260212574200329,-0.0616780361468142,0.139568879745088,-0.0071802998444395,0.0649410888732202,0.125181146567497,-0.127949490659221,-0.056519175983968,0.0547717250065681,0.183072425033561,-0.00065223370989637,-0.0734956763166316,0.217811271624511,0.0996996186454782,0.162603425685744,-0.212204977121876,-0.232697101176742,0.218554758643122,0.17243615421143,0.0408418882813848,0.0232861478358659,-0.142717968603693,-0.0660737544566384,0.0150536880269234,0.124236049597808,0.202198093363659,-0.0133728060336739,0.116305724368821,0.130754987632281,0.222560669576557,-0.0184413160547634,-0.0758547851163738,0.0340601590368564
"10",0.278080360198922,0.255535966837444,-0.0517783877459128,0.0737185845010819,0.0214702277589226,-0.0384786281750959,-0.193980550683393,-0.0840563279514037,0.195766350432773,1,0.151715686541159,0.100656384893803,-0.173138357042819,-0.00259498685693953,0.0486083714160702,0.0745071825124663,-0.193659003203298,-0.171749754270127,-0.172123657439034,-0.0997553133803851,0.0304887941898809,0.200538825528378,0.184193873661121,0.152647878395353,0.0387597750412233,0.12602318838389,0.155569804695351,0.0776926371083514,-0.00593371256015283,-0.0160008981802483,-0.117225223042658,-0.126671363052892,-0.00860353695204225,0.00672098392780768,-0.159141994783848,-0.1265587743058,0.154452933301147,-0.153605449622132,0.0198886141592179,0.0659025192955547,-0.288982316327808,-0.0869407567955568,0.0964185979913792,0.187282378535891,-0.197607171962603,-0.14878405207399,0.00538345514936212,-0.0581428778585709,-0.0876296562273137,0.0818506725430044,0.169756912315585,-0.165646413953159,0.0365666843181199,0.184342962907124,0.207908065645517,-0.0244601664567817,0.0704473216416079,0.0501979955323127
"11",0.0896978254000529,0.278208114270065,0.189557367865712,0.0832869909967552,-0.0844488797786715,0.147233139234488,-0.157384368851243,0.0259264744321966,-0.00224684919118862,0.151715686541159,1,-0.0347022174369969,-0.0697729073807882,-0.0123963302374123,0.00291680327057054,0.136071096010741,0.0524420956322404,-0.0474799823173433,0.194021725420333,-0.0930968036169024,0.0850782114602936,0.0889913671061678,-0.0291593078705797,0.0708386574096076,0.0543301496922774,0.0495167755217816,0.227459224723584,0.117518903621879,0.0269262247354886,0.0669728977918004,0.140681522143036,0.185800986087045,0.224075732871339,-0.0290097283835204,-0.0829241608459371,-0.0432190811458909,-0.129890521388686,-0.0138345166984113,0.0530609388910081,-0.0350191458299084,0.0317159575046022,-0.221553963341112,-0.103914675524875,0.159860821659193,-0.227139235762732,-0.136624886014916,-0.143077813453366,0.0594879155916054,0.0843876499196416,-0.0572146593022652,0.0406572227171985,0.0550550325112691,0.146203226654974,-0.107328691466946,0.0985070311954174,-0.113392428986275,-0.00061919504386006,-0.00716637760103028
"12",0.146524559112313,0.137106528034267,0.10135506160628,0.0325931391590443,0.235087891530025,0.109105875538085,0.0333649345295787,-0.17649513693285,0.118205546619528,0.100656384893803,-0.0347022174369969,1,0.0981998449722457,0.00711011920422879,0.0248583698489028,-0.0856647036381142,-0.255859141383472,-0.0223827908696602,-0.161147816894127,0.26319017000482,0.0326493377441222,-0.0043850894270743,0.00355547224578907,0.0565161643777871,-0.0364041774796515,0.0772264197305074,0.0982791414282326,-0.0821129440883262,0.0400512715563428,0.0494613843983334,0.192455911382926,0.0899191048338287,0.193047667240596,0.0852285068578413,0.0587479161464798,-0.223918090029211,-0.13163545946557,0.0560252955945722,0.044871050370693,0.0588988047208843,0.036383345155877,0.072984744874755,0.140041824640226,0.0984180542482602,0.0446999998683867,-0.0695208414455733,0.024066935759957,-0.00648099971316316,0.0584111072425144,0.0878561498075971,0.0834616482302523,0.0109810773626407,-0.0307322729148883,0.0781552132174187,0.0882302405624722,0.17827315393896,-0.107684066644547,-0.15861969698793
"13",-0.141294409510981,-0.0305625293207852,0.0374202125240563,0.0556975770312853,-0.0057631070349092,-0.0689556568250464,0.117847132095846,0.0999616248704179,-0.0530966367389641,-0.173138357042819,-0.0697729073807882,0.0981998449722457,1,0.114295679446775,0.00678524128301162,-0.110867220128092,0.232994047830972,0.0858959246918538,-0.126134482155012,0.0543355429554402,0.171523298911536,-0.0751532684457681,-0.0360947519184317,-0.0230925223454239,0.163738539567466,-0.0241653939786006,-0.0465137785147464,0.0417199481355203,-0.20240408016088,-0.0228575621713694,0.0398212827505065,-0.0205301742627802,0.112671789600924,0.179382524877473,0.12147219272412,-0.00306056520644804,-0.154601186628194,0.0985567785846476,-0.00513662053179484,0.0257956336116337,0.0361324975495991,-0.0747114866387885,-0.0192723534973211,-0.0554683495975166,-0.0161586113396727,-0.0478447795126287,0.0875438225169707,-0.0846613367387414,0.346426808303425,0.101195084527149,0.084021515339207,0.175758734909447,-0.0230230823364658,-0.0629411664656263,0.0797601737918891,0.0585191770737336,-0.0112758511294547,0.0172399654081589
"14",0.0934171312621683,0.06834555402091,-0.0096225537714658,0.157090168008781,0.00713458379186127,-0.0751740039670264,0.00148629154708072,0.0278655337958406,-0.0704270304109769,-0.00259498685693953,-0.0123963302374123,0.00711011920422879,0.114295679446775,1,-0.247167364589466,-0.228405568900246,0.177196543089674,0.427432049590327,-0.128288043032963,0.0430344001005337,0.0949278073233186,0.0563711165721945,0.0448530918001001,0.187970996257909,-0.0302054396802015,-0.0191203390125779,-0.0664516365266429,0.125316714480465,0.026934157618235,0.122234372603588,0.00451266246357822,0.0772320059253148,0.0229407265548686,0.0323225042834274,0.0536455462296178,-0.00123609122184266,0.17301526811752,0.020926748835672,-0.0191903489680202,0.135783542702754,-0.0527964877400199,-0.0129850776649183,0.0338425717720064,0.126087344842555,-0.0216534113508173,-0.0860943129352704,-0.1764350607656,-0.0201533426814777,0.0712479970245891,0.497414297836244,-0.153363484438594,0.00399285381576061,0.0967841402928172,-0.170894716469734,-0.00042260536426348,-0.133126900140521,0.118434168411073,-0.0521182275315627
"15",-0.0622972452899871,0.0338417286323905,-0.0721962524816405,-0.0987319059535753,0.175284452367172,0.210111855213932,0.123200772238386,-0.108506879988964,0.0273227651810499,0.0486083714160702,0.00291680327057054,0.0248583698489028,0.00678524128301162,-0.247167364589466,1,0.107182545773152,-0.0523502409773202,-0.202645358757318,-0.0570874110841769,0.0926045791706743,-0.0283930363845881,0.0422478873963534,-0.131686288919533,0.0354462097391239,0.131827059022903,0.0354909416510884,0.0944320745678244,-0.00421702942316958,0.0403431374182158,0.12987801999251,-0.0514325118827856,0.03291547110769,0.0553006400288579,0.0163717085227547,0.144111249671953,-0.0012551502057677,0.111409563804557,0.100377727367164,-0.0439682885662962,-0.088134972948985,0.0137496968379686,0.0931077831501437,0.056516747981483,0.0224095281438095,-0.0250777299463354,-0.204337543590395,0.0637792228283415,0.0712008297427723,-0.100453492813127,-0.124313261833316,0.280788104110766,0.0853575795174807,0.101904763862863,0.0585517029757415,-0.228222790168762,0.121146274501776,-0.0764585769353613,0.199803266726463
"16",0.116447710390805,0.0951394952377108,-0.185700930783889,-0.110434196047576,0.0227529374116126,0.192605719916714,-0.113292522039613,0.056878435570569,-0.0460025834149399,0.0745071825124663,0.136071096010741,-0.0856647036381142,-0.110867220128092,-0.228405568900246,0.107182545773152,1,-0.116026052569843,-0.218426606760246,0.0481347130986297,0.0207009760471664,-0.105930372597394,-0.0550523138600669,0.18839380053426,-0.117891769626348,0.0576403859142708,-0.129074651209762,0.0270001981579185,-0.0572172854115761,0.0241139228016275,0.151665686686083,-0.00837523930059603,0.150699438903489,0.0660729751986193,0.0141518819654168,-0.128774862178108,-0.0635242779497244,-0.126242847652766,0.056408621374338,0.0933834882098882,0.00288325714272607,-0.0515117411586797,0.0342148546385106,-0.0990624719189972,-0.125687547283143,-0.230229092657523,0.0585564637971074,0.0816495078849003,-0.0262381840475336,-0.134864139044942,-0.163313046618384,0.127901118448738,0.156794472575757,0.0103996048234036,0.129107119673592,-0.0560241904052562,-0.0430705625584217,0.127889952927224,0.133757583079876
"17",-0.0712319992635145,-0.00587210118976908,-0.0467922864688766,-0.0428155615983085,-0.0968263734961008,0.0928435761076461,0.0634556201414578,0.0902902066750481,-0.139209143218485,-0.193659003203298,0.0524420956322404,-0.255859141383472,0.232994047830972,0.177196543089674,-0.0523502409773203,-0.116026052569843,1,0.245254406631023,0.0448316581602713,-0.0825007450927892,0.228444408463199,0.0830682495774861,-0.144362109203376,0.00273668896576869,0.157861926051213,-0.134864109110944,0.0961339859187489,0.0458031456575586,-0.219180260674513,-0.0365931129096178,0.065775185072441,0.0479126036547646,0.182756425912117,0.162274968516102,0.0747405801856644,0.0285777750167166,0.14469674981399,-0.106772346096929,0.0194986379382697,0.103224466605916,0.193690940725599,-0.00377118254062254,0.00992607041365498,-0.147345199602987,-0.072567268165135,0.0282119910196709,-0.0415906329496698,0.0661187935296941,0.326299723990512,0.209785109910241,0.0119045308077544,0.118512093795118,-0.0233716612586084,-0.195292207057839,-0.0784586611447582,-0.0145447159163067,0.149685300591089,0.0346862196934234
"18",0.11817567249243,0.085249882511567,-0.00314940816889398,0.019152950760526,-0.0965323997098326,-0.0741772750630909,0.116069855088184,-0.0358175897757482,-0.0204717680930063,-0.171749754270127,-0.0474799823173433,-0.0223827908696602,0.0858959246918538,0.427432049590327,-0.202645358757318,-0.218426606760246,0.245254406631023,1,-0.147010283190805,-0.0455477366591376,0.0164546032392433,-0.0001388178986522,-0.00291989728082238,0.0438880520076351,-0.142223914802241,-0.0680800460301209,0.0983813327239907,0.0924903772439136,-0.0670852656022207,0.0244055100156184,-0.0180672565851895,0.177709790359294,0.0796590334473863,0.116446535245056,0.0714881255523306,0.0427859295441094,-0.0308108604415591,0.0591335805723023,-0.00972427865071587,0.2000389120171,0.0949901750045959,0.0708022119467078,-0.00619731328345022,-0.103887698335278,0.081620994786987,-0.0318554047778839,-0.0437803176166548,0.0892436051753521,0.171464496494234,0.389011968696374,-0.153665881449687,0.107828621755684,0.0216351121684347,-0.0683165730460588,-0.139888635593106,-0.245599463147433,0.0146789132440099,-0.114669543921157
"19",-0.0253841945522802,-0.305402379439,0.00991613839982891,-0.0423381477829306,-0.0461662984246194,-0.116954910601412,-0.1042921530023,0.277720809545121,-0.00346106495860836,-0.172123657439034,0.194021725420333,-0.161147816894127,-0.126134482155012,-0.128288043032963,-0.0570874110841769,0.0481347130986297,0.0448316581602713,-0.147010283190805,1,0.114294122443979,-0.0946469689620856,0.17665588129116,0.162895443741135,-0.139985473609003,-0.0207317017132303,-0.127215096883278,-0.0414450414509095,-0.00601985451078572,-0.102499274277771,0.104209753952786,0.252147166279036,0.112495187551574,0.101180803095194,-0.0948322959969346,0.145342115447433,0.280849498553939,0.0411735232518555,0.0419741145542275,-0.0926848925810807,-0.199551685335,-0.0430075101885759,0.0401102037659778,-0.330148440421063,-0.0887521592544262,-0.0347422746220024,0.147520448279066,-0.0192243518962738,-0.0801564141782025,-0.0913957413339693,-0.14765406477238,-0.0480400268022433,-0.126956499525453,-0.0278687960344607,-0.0473682322971231,0.124762130844334,-0.00557022533740188,-0.0883550537377272,0.0205805310991412
"20",0.191625151094432,0.0637581332926272,-0.0904469210161418,0.177973525902986,0.255759448246534,0.0160096784733775,-0.0129092513275078,-0.0810928610595572,-0.097141340978136,-0.0997553133803851,-0.0930968036169024,0.26319017000482,0.0543355429554402,0.0430344001005337,0.0926045791706743,0.0207009760471664,-0.0825007450927892,-0.0455477366591376,0.114294122443979,1,0.085464926704468,0.01072361432157,0.167910486239937,0.0968248882776788,-0.0290564394171705,0.0156668628161808,-0.0145001551187182,-0.0604217885474773,0.131005533726518,0.0672842749364596,-0.0256704791134768,0.343805981718078,-0.111326478109961,-0.0825677828708849,-0.00716896306506082,-0.0785888730795519,0.0967746261735116,0.140346548953977,-0.0493762120473369,-0.0824045334332525,0.0653792347377337,0.161338027461403,0.00534651523718065,-0.043319202933147,0.0408513592967288,0.0334090371149386,-0.04467780998598,-0.0636298545786558,-0.0443813100658579,0.044239063689899,-0.0787713904952895,0.0929423911460054,-0.171821350565022,0.104322246372807,-0.00432163744746274,0.16235683534787,-0.178547843960675,-0.0224032280876676
"21",0.0754857398725513,0.0515329537746241,0.0456575415776574,0.0728893527536921,0.0439852158994295,0.186445965253379,-0.0105251407644074,0.14419166835341,0.0326266284226352,0.0304887941898809,0.0850782114602936,0.0326493377441222,0.171523298911536,0.0949278073233186,-0.0283930363845881,-0.105930372597394,0.228444408463199,0.0164546032392433,-0.0946469689620856,0.085464926704468,1,-0.100367524713279,-0.300212130733263,0.02114831438771,0.23766181042902,-0.056498213973647,-0.0820352816925239,0.0669388718409888,0.0466648015593314,0.0418553230190392,0.0142854302335011,0.244650325716931,0.041225098309947,0.100641408255581,-0.00748279901873302,-0.0322190982873548,-0.0184728346414889,-0.00313493010467162,-0.136257692511834,0.135947098355388,-0.0332203558767534,0.0727146582691554,-0.0101401616121557,0.120531836377201,-0.0612903935086465,0.174662151880752,0.0107691349357227,0.0557149551316297,0.0492901681398997,0.0206420258071212,0.0833282882468638,0.0956526426556982,-0.0905355467293069,-0.0289006858348404,-0.0806578188231813,-0.188904881807858,-0.0578763389124195,0.12394554331397
"22",0.00491573404256794,0.0367985529890575,-0.0810834909944751,-0.0908313776186817,0.0410013799142181,-0.0725225663665885,-0.0944763469035273,0.0729314698817938,-0.193288053890619,0.200538825528378,0.0889913671061678,-0.0043850894270743,-0.0751532684457681,0.0563711165721945,0.0422478873963534,-0.0550523138600669,0.0830682495774861,-0.0001388178986522,0.17665588129116,0.01072361432157,-0.100367524713279,1,0.138602956794808,0.0232327877776562,0.0335837548265472,0.183719884359975,-0.0329810786606821,-0.177748502260897,-0.00416446711092381,0.0572891892885122,0.159868619487865,0.047110908957618,0.0655459689641935,0.0448307417771861,0.00148472767674445,-0.0370292445962336,0.254761985489481,-0.0905442394989217,-0.21403935279488,-0.0174148554252848,0.107955413328774,0.0656299388285449,-0.173240852719542,0.030514095242275,-0.194078731623567,-0.248361225186553,0.00423447037519597,-0.0346878228412988,0.0197751634605244,0.0756596381618552,0.0667791254781838,0.114586413545931,-0.0230086575045883,0.0645611317993923,0.0249476596659258,0.0985804429523294,0.154948507084108,-0.0439205387072733
"23",0.170135032355021,0.0844135229085424,-0.0765405073869536,0.0136243408011943,0.0253465217559251,-0.099749516980265,0.0184229639995679,0.154934012457699,0.0692109769818149,0.184193873661121,-0.0291593078705797,0.00355547224578907,-0.0360947519184317,0.0448530918001001,-0.131686288919533,0.18839380053426,-0.144362109203376,-0.00291989728082238,0.162895443741135,0.167910486239937,-0.300212130733263,0.138602956794808,1,0.0522665365554548,-0.200171785750779,0.0518888873691945,-0.0560151419191925,0.0834722641319226,0.00090498102040124,0.138697129765111,0.0458258688190833,0.0799310136791508,-0.0502227443165353,-0.130030536352428,-0.0874169927266042,-0.0145878647064886,0.140751454108957,0.0976441174321488,0.0445653574897617,-0.127615290556118,-0.0768384676102367,0.138535952632367,-0.0880487426316319,0.0655288972280681,-0.221768590409712,-0.0565945996970049,0.0590313331183754,-0.0273417702424725,0.0258542143179766,-0.0187879588765277,0.00840265449484101,0.0728793836330489,-0.0676961434764905,-0.114484065070055,0.171412791416014,-0.0735305777784031,0.0422624044433136,-0.01633391021158
"24",0.0963833099695092,0.201816017800165,-0.00286064015299861,-0.0214831286929404,0.0851399893733847,0.0920011448088962,0.117603810276653,0.0501760929467656,0.0596289975233911,0.152647878395353,0.0708386574096076,0.0565161643777871,-0.0230925223454239,0.187970996257909,0.0354462097391239,-0.117891769626348,0.00273668896576869,0.0438880520076351,-0.139985473609003,0.0968248882776788,0.02114831438771,0.0232327877776562,0.0522665365554548,1,-0.0384871398227353,-0.00298276999405525,0.0581674126913643,0.0197097990707679,0.019500012306235,0.055042707453948,0.0311810908494171,-0.00917482680889686,0.131890397300343,0.0419418364400199,-0.059508658033864,0.00534278338820398,0.234256844701833,-0.0125970999009986,0.0745650059949485,0.14061686362611,-0.035210319422038,0.0846433105326427,0.0466953907567668,0.0655327859975009,-0.00426736941559362,-0.0916195606950318,0.0654469373931332,-0.017420319248169,-0.00237057087736794,0.1269164832719,0.123433142103541,-0.0193817526250401,0.0863011190324343,-0.154552542067352,0.0837769337919034,0.0380097698259789,0.166480644666495,0.0740825963564616
"25",0.092844750502226,-0.0482803142176944,0.0715567181936956,0.236834422543666,0.224874467482813,0.0533056708748782,0.234089131839272,0.105600807991263,0.00299844002303628,0.0387597750412233,0.0543301496922774,-0.0364041774796515,0.163738539567466,-0.0302054396802015,0.131827059022903,0.0576403859142708,0.157861926051213,-0.142223914802241,-0.0207317017132303,-0.0290564394171705,0.23766181042902,0.0335837548265472,-0.200171785750779,-0.0384871398227353,1,0.095394432717734,0.0697338485192868,0.0245467710290574,0.0196362358951358,0.172251467731939,0.0244175104781112,-0.00808449859127647,0.165752011836564,-0.111333814096196,0.00503541056232255,0.127727740280119,0.0337766961308821,0.123327798542016,-0.0342498705423154,0.154962114929228,-0.00427329133253379,-0.0938038253779465,-0.0096685347584724,0.118433825699282,-0.0761142075024767,-0.0733250664807939,-0.104811322147545,-0.0108739460244581,-0.050302089956441,-0.104278180159519,0.0252774721167412,0.0695551728882518,-0.121333284540624,-0.0900179719719248,-0.0705436412132015,0.101423918721084,0.0656122247302411,0.0940801583542792
"26",0.0128548832770907,0.0429796088348063,0.0716362873681838,0.144288961267692,0.107988741954042,0.0204580461191097,-0.0389697119885235,-0.133904334435021,-0.0260212574200329,0.12602318838389,0.0495167755217816,0.0772264197305074,-0.0241653939786006,-0.0191203390125779,0.0354909416510884,-0.129074651209762,-0.134864109110944,-0.0680800460301209,-0.127215096883278,0.0156668628161808,-0.056498213973647,0.183719884359975,0.0518888873691945,-0.00298276999405525,0.095394432717734,1,-0.183641735668866,0.0467871296110525,0.173141578612012,0.0624017829778132,-0.0598513053656179,-0.107642861876512,-0.0422014073909118,-0.0237114955218297,-0.0409288173650496,0.0418715704512675,0.1156593705912,0.0417691860748759,-0.0327417537471598,0.078661591680329,-0.0399872865421457,-0.166904780921023,-0.0390409718010512,0.0123133458780306,-0.110497326763427,-0.173528263617767,-0.118873592382374,0.165453024900518,-0.138988193164473,0.00393950768131868,0.153982080346866,0.055321141828849,-0.10936367302242,0.00842773260669226,-0.0542961996551464,0.161207185820547,0.0648970402581921,-0.0283187283743533
"27",0.0965330436710718,0.291307258474385,-0.135621701963812,0.10107613607075,-0.034746074229201,-0.0532505245391431,-0.127409854014606,-0.124644905112804,-0.0616780361468142,0.155569804695351,0.227459224723584,0.0982791414282326,-0.0465137785147464,-0.0664516365266429,0.0944320745678244,0.0270001981579185,0.0961339859187489,0.0983813327239907,-0.0414450414509095,-0.0145001551187182,-0.0820352816925239,-0.0329810786606821,-0.0560151419191925,0.0581674126913643,0.0697338485192868,-0.183641735668866,1,0.19590058356044,-0.0250824792628654,0.0152405796087413,0.065212356677468,0.00996769999105613,0.100397574039496,0.0571817238061786,-0.170732729824126,-0.22465853485558,-0.040746453135786,-0.238123096969696,0.0614781195115156,-0.0319849431804164,-0.156406134890657,-0.106387664659182,-0.0310376771154117,-0.100344046425168,-0.21719981141394,-0.0381191978882515,-0.0124631081164003,-0.107175318048699,-0.0207005161404576,-0.0240246814035269,-0.0103075485957165,-0.105346145201004,-0.00366486870598009,-0.096042388876533,-0.0627255250233827,-0.0670646109992643,-0.237271659350186,-0.10990897958969
"28",0.0281021901875926,0.0397938788106062,-0.00367247566241344,0.0560854294271478,-0.139205912087144,-0.130052970334607,0.0474282188340862,0.0930101537804025,0.139568879745088,0.0776926371083514,0.117518903621879,-0.0821129440883262,0.0417199481355203,0.125316714480465,-0.00421702942316958,-0.0572172854115761,0.0458031456575586,0.0924903772439136,-0.00601985451078572,-0.0604217885474773,0.0669388718409888,-0.177748502260897,0.0834722641319226,0.0197097990707679,0.0245467710290574,0.0467871296110525,0.19590058356044,1,0.105246083532556,0.0582351402450289,-0.0949361226751322,-0.00712068287778218,-0.0549409445481199,0.236036093141263,-0.0269043351431864,0.0806890564032043,-0.00053509077272392,-0.0614340793855521,-0.0780862565060143,-0.088482147526856,-0.258049227909809,-0.0509130350586639,-0.0530628702874631,-0.0341728615419768,-0.0757336215467523,0.254224142662714,0.093050724623689,0.116795580670511,-0.130771935419262,0.139165466814198,0.04297909255513,-0.127874165603577,-0.0891942726485882,-0.129681110383946,0.268886411142218,0.0600006728508983,-0.150201057248269,-0.129960839804488
"29",0.153191173386533,-0.161609923456885,-0.0223133598201312,0.181343335373096,0.0166348032292304,-0.0546010738510856,0.216827684125191,0.105592864722624,-0.0071802998444395,-0.00593371256015283,0.0269262247354886,0.0400512715563428,-0.20240408016088,0.026934157618235,0.0403431374182158,0.0241139228016275,-0.219180260674513,-0.0670852656022207,-0.102499274277771,0.131005533726518,0.0466648015593314,-0.00416446711092381,0.00090498102040124,0.019500012306235,0.0196362358951358,0.173141578612012,-0.0250824792628654,0.105246083532556,1,0.052687872899222,-0.0433646851902445,0.156849471983184,-0.172764477057155,0.0405444141416456,-0.184357122125799,-0.0336924883164001,-0.223937512053339,-0.0929595095109142,-0.117742191838126,0.178656910496186,-0.0378070872140501,-0.0920682951146061,-0.0236029568649322,0.113909040178498,0.193665479730204,-0.0194609502862552,-0.0308303468499838,0.0758391374656191,-0.193469328168207,-0.0133188588742781,0.0632807755050705,-0.0549731862083037,-0.0488341636508736,-0.0780781254367371,-0.188849209652736,-0.158493564546151,0.183878724918135,-0.0635120641487535
"30",-0.00110067598898696,0.00653347044276758,-0.0297409164910105,0.110412493521058,0.0875291195446046,0.102376055619265,0.229267090156114,0.116385459236378,0.0649410888732201,-0.0160008981802483,0.0669728977918004,0.0494613843983334,-0.0228575621713694,0.122234372603588,0.12987801999251,0.151665686686083,-0.0365931129096178,0.0244055100156184,0.104209753952786,0.0672842749364596,0.0418553230190392,0.0572891892885122,0.138697129765111,0.055042707453948,0.172251467731939,0.0624017829778132,0.0152405796087413,0.0582351402450289,0.052687872899222,1,0.240513650389941,0.0411902173806558,0.137638083623009,-0.123585029225447,0.0275740658377826,-0.043630202635688,0.0704232484259035,0.0999203535030348,-0.0151768385705584,-0.093779578193527,-0.0524240579182292,0.121726104671637,-0.018853795193359,0.155656646601996,-0.12308720269617,0.0152271405703168,0.00878552607084499,0.0339189032764151,0.00280002300866461,0.046854139371746,0.0197288573981158,-0.014900748160752,0.084109772394912,-0.140382635078701,0.140965236114897,-0.123708959241536,-0.0780756182920797,0.0164132797298404
"31",0.0453557644853293,0.0249760423277342,0.166372433651207,-0.0233080944608816,-0.053500070595144,0.0821640987981247,0.0838804117942624,0.149605558188948,0.125181146567497,-0.117225223042658,0.140681522143036,0.192455911382926,0.0398212827505065,0.00451266246357822,-0.0514325118827856,-0.00837523930059603,0.065775185072441,-0.0180672565851895,0.252147166279036,-0.0256704791134768,0.0142854302335011,0.159868619487865,0.0458258688190833,0.0311810908494171,0.0244175104781112,-0.0598513053656179,0.065212356677468,-0.0949361226751322,-0.0433646851902445,0.240513650389941,1,0.139941405972648,0.217797437685229,0.0166661109866976,0.209457947742553,0.0481713148100452,0.0343565671777915,0.0534227510708896,-0.0434438986310018,0.010214612238724,-0.00990762539572979,-0.0502275787705028,-0.148404653529833,0.108906948134258,-0.0636901099431494,-0.0927773375751832,-0.0511107079631642,-0.120152172552044,-0.058569067816378,0.00924676052156211,0.0739287612997803,0.0253602487417189,0.0926396595035211,-0.0465481558401252,0.108390684962387,0.129226573317488,-0.056231718457091,0.0878757360268452
"32",0.169533572587129,-0.0146104690659976,-0.0669995958542863,0.100113617263967,0.346833107464618,0.13077222639605,0.0407065189368865,0.144633157120222,-0.127949490659221,-0.126671363052892,0.185800986087045,0.0899191048338287,-0.0205301742627802,0.0772320059253148,0.03291547110769,0.150699438903489,0.0479126036547646,0.177709790359294,0.112495187551574,0.343805981718078,0.244650325716931,0.047110908957618,0.0799310136791508,-0.00917482680889686,-0.00808449859127647,-0.107642861876512,0.00996769999105613,-0.00712068287778217,0.156849471983184,0.0411902173806558,0.139941405972648,1,0.126363412511897,0.0255455106094879,-0.0123885278233848,0.00195509534397548,0.0220439200880728,-0.146198004795889,0.020405049675785,0.0890634852106672,0.176380088297056,0.141594845150943,-0.0658590436159622,0.0476009090272572,-0.0906188474984951,-0.0621529323765175,0.0157772273028064,0.0770662553221992,-0.0118463885375904,-0.0198254599168614,0.151106519932741,0.171560408946608,-0.062979312920683,0.015189182857639,-0.0134714106126388,-0.107502555271979,0.0575549603083352,-0.0340719469589692
"33",0.0493234698510159,0.130446880030627,0.0592544325472837,-0.0286299409800219,0.139097733135299,0.0497311758244224,-0.106127100457606,-0.0825632377082373,-0.056519175983968,-0.00860353695204225,0.224075732871339,0.193047667240596,0.112671789600924,0.0229407265548686,0.0553006400288579,0.0660729751986193,0.182756425912117,0.0796590334473863,0.101180803095194,-0.111326478109961,0.041225098309947,0.0655459689641935,-0.0502227443165353,0.131890397300343,0.165752011836564,-0.0422014073909118,0.100397574039496,-0.0549409445481199,-0.172764477057155,0.137638083623009,0.217797437685229,0.126363412511897,1,0.196189435921956,0.0622551578120767,0.0845473247727676,-0.0658876991449329,0.00197924729316115,0.287843938258395,0.180368678643719,0.027704632955546,-0.0946069800501526,-0.171384687613807,0.0657590392150786,-0.13426523544467,-0.16259598079204,0.171284325354269,0.0958047567635193,0.132754833489284,0.0386267746487773,0.207618162607558,0.110487626428226,-0.130483873475408,0.00474951512070981,0.0564513489600189,-0.0659977823895683,0.0807428027259132,-0.0726188230556959
"34",-0.078551345927115,-0.00024157758229567,0.0968591744642731,-0.166907275758099,-0.177296684784507,0.0580985391405135,-0.0515829819938618,-0.20148570457954,0.0547717250065681,0.00672098392780768,-0.0290097283835204,0.0852285068578413,0.179382524877473,0.0323225042834274,0.0163717085227547,0.0141518819654168,0.162274968516102,0.116446535245056,-0.0948322959969346,-0.0825677828708849,0.100641408255581,0.0448307417771861,-0.130030536352428,0.0419418364400199,-0.111333814096196,-0.0237114955218297,0.0571817238061786,0.236036093141263,0.0405444141416456,-0.123585029225447,0.0166661109866976,0.0255455106094879,0.196189435921956,1,0.125466967979076,-0.197101985633124,-0.121074903300182,-0.210176171949599,-0.04794799619083,0.202845592267719,-0.052374721727344,-0.143326855247174,-0.0666123854778294,-0.0826010840470435,-0.0579988316121788,-0.106413775715462,0.183492327596862,-0.0312325297950313,0.146369936678615,0.153838304263076,0.235128919453658,0.100741853972379,-0.0455509009421163,0.0327794747591786,-0.0151870339289279,0.0416286738764487,-0.0631294842503574,-0.0416611941533918
"35",-0.0886916038201077,-0.229530683907118,0.0945033522183799,0.0629527120330783,-0.217470490804155,0.0264166137166712,0.29096961048912,0.0960921495053916,0.183072425033561,-0.159141994783848,-0.0829241608459371,0.0587479161464798,0.12147219272412,0.0536455462296178,0.144111249671953,-0.128774862178108,0.0747405801856644,0.0714881255523306,0.145342115447433,-0.00716896306506082,-0.00748279901873301,0.00148472767674445,-0.0874169927266042,-0.059508658033864,0.00503541056232255,-0.0409288173650496,-0.170732729824126,-0.0269043351431864,-0.184357122125799,0.0275740658377826,0.209457947742553,-0.0123885278233848,0.0622551578120767,0.125466967979076,1,0.166679404204729,0.0606663631551216,0.204765598914756,-0.0666655241565702,-0.0831434611958976,0.156523874192089,-0.0129110512260991,0.0150707708795712,-0.0887958603695257,0.163078214355595,0.00487306179272832,-0.0245790061444973,0.0699832996829654,0.064749103961609,0.208542831119949,0.0538684255310001,0.0224693187304867,0.174947495628327,0.0436734360725988,0.0515795166822541,0.071801991160572,0.0119624131928558,-0.0273670953735947
