"","l_Insular.Cortex","r_Insular.Cortex","l_Amygdal.Area","r_Amygdal.Area","l_Bed.Nucleus.of.the.Stria.Terminalis","r_Bed.Nucleus.of.the.Stria.Terminalis","l_Hippocampus","r_Hippocampus","l_Orbitofrontal.cortex","r_Orbitofrontal.cortex","l_Entorhinal.Cortex","r_Entorhinal.Cortex","l_Frontal.Association.Cortex","r_Frontal.Association.Cortex","l_Globus.Pallidus","r_Globus.Pallidus","l_Glomerular.Layer.of.the.Accessory.Olfactory.Bulb","r_Glomerular.Layer.of.the.Accessory.Olfactory.Bulb","l_Glomerular.Layer.of.the.Olfactory.Bulb","r_Glomerular.Layer.of.the.Olfactory.Bulb","l_Granule.Cell.Level.of.the.Cerebellum","r_Granule.Cell.Level.of.the.Cerebellum","l_Hypothalamic.Region","r_Hypothalamic.Region","l_Entorhinal.Cortex","r_Entorhinal.Cortex","l_Vermix.Molecular.Layer.of.the.Cerebellum","r_Vermix.Molecular.Layer.of.the.Cerebellum","l_Lateral.Molecular.Layer.of.the.Cerebellum","r_Lateral.Molecular.Layer.of.the.Cerebellum","l_Anterior.Olfactory.Bulb","r_Anterior.Olfactory.Bulb","l_Posterior.Olfactory.Bulb","r_Posterior.Olfactory.Bulb","l_Subiculum","r_Subiculum","l_Perirhinal.Area","r_Perirhinal.Area","l_PreLimbic.System","r_PreLimbic.System","l_Primary.Cingular.Cortex","r_Primary.Cingular.Cortex","l_Primary.Motor.Cortex","r_Primary.Motor.Cortex","l_Retrosplenial.Cortex","r_Retrosplenial.Cortex","l_Secondary.Cingular.Cortex","r_Secondary.Cingular.Cortex","l_Secondary.Motor.Cortex","r_Secondary.Motor.Cortex","l_Striatum","r_Striatum","l_Ventral.Tegmental.Area","r_Ventral.Tegmental.Area","l_Substantia.Nigra","r_Substantia.Nigra","l_Thalamus","r_Thalamus"
"1",1,-0.210615389764205,0.10441971100817,-0.139959828515021,0.0913364961608228,0.052015624568389,0.0493052344287812,0.0397555498178102,0.107397492267496,0.139095187594687,0.2187379947953,-0.0891561380799376,0.0165685615980764,0.0137288079857155,0.0994805142812853,0.103842070964454,-0.00517908621151493,0.277401378404835,-0.00366746227206604,-0.141791364125212,-0.0304139815868279,0.236347117596554,-0.01232197391064,0.193910870495053,-0.167884964815076,0.147126197038663,0.0176724860643,0.0268241788939732,-0.0429083912332187,0.106857204725609,-0.00963570415273278,-0.136662202414991,0.204238860729209,0.0440300464654504,-0.0508741894795273,0.0916811410556363,-0.113487214608369,-0.129801964377028,0.11667667345572,-0.0287034569755488,-0.00694249443393653,0.069420402111826,-0.106092600106628,-0.0359597724421051,0.00029054021320855,-0.0803453177099521,0.129521750138424,0.0102001123699835,-0.105018735419527,-0.020527860657063,0.163540432926187,-0.221439019888833,-0.232877167186702,-0.0606092053704282,-0.159308562289814,0.066895828648511,-0.122676511594132,0.0955359549927545
"2",-0.210615389764205,1,-0.322121092989666,0.0634141346208537,0.0484614323779271,0.0824406803733866,-0.0524261891432457,0.107107797567525,0.130222055732115,-0.0716633258154391,-0.170832579080135,0.19510753150119,0.172328915604323,0.141379875506568,0.0174543471907029,-0.244436036376683,-0.0275117042897153,-0.243683609010638,0.00778086993707711,0.134086431126718,0.215713178399127,-0.056232839049021,0.0659600487300288,0.0311015279698192,0.225916967938588,-0.305008790595483,0.00136086593296977,0.160235272645174,-0.0779490788244613,0.129663951852024,0.217786843000195,0.158498877226785,-0.0873821564771875,0.12743329671881,-0.0805194725109691,0.0213705067613986,0.162361738346559,0.182269230502682,-0.07120080093739,0.271537262115465,0.155492296296055,0.0834243960178345,0.429880933566578,0.144043360665814,0.126020299992584,0.0545475139429762,-0.165939449759535,-0.0552956198970655,0.216781930381191,0.0665875369184188,-0.139566832031367,0.211933917949801,0.122214706094803,0.121131977253411,-0.0287446888718346,0.0673001976987211,0.110201324016998,-0.00567826207603357
"3",0.10441971100817,-0.322121092989666,1,-0.103396708454801,-0.0397919446166375,-0.0394134668507335,-0.0588886493171939,-0.132414989211967,-0.269572988417898,0.0226444668358238,0.238781472969016,-0.186163385917017,-0.313190582579346,-0.214164007059326,-0.0575298033329464,0.0850748551052911,-0.00150005899946137,0.139961512125414,-0.111887587272334,-0.0434900925059723,-0.113725143878326,0.0103113457362457,-0.0490634650590227,0.0606999930669914,-0.114829150651194,0.24688058526726,-0.207848184309319,-0.209870016040194,-0.0862821340572012,-0.159309066741561,-0.0925536179047489,-0.264524466969251,-0.0276796736415085,-0.260586647058117,0.172545400102525,0.123623420973587,0.0762257331987038,0.0168863457867626,0.00334371433696924,-0.226068553716883,-0.319933536157695,-0.109183242232447,-0.0924644449026529,-0.0285538877088005,-0.0250244865044865,0.109127646959537,0.122587732980728,0.00500631376809319,-0.242706499203717,-0.0457788244112127,0.249201112887626,-0.130606446683772,-0.117676993871773,0.0758329304561225,-0.0399407737787701,0.0647536213313286,-0.269936898727831,0.00681697868670984
"4",-0.139959828515021,0.0634141346208537,-0.103396708454801,1,0.151194828539077,0.118940986580328,-0.0380513699863236,0.093279060071025,-0.0877054235018484,-0.289818261055873,-0.208054749933316,0.328327238124847,-0.145920962778336,-0.0196281211603854,0.0442244235163517,-0.248981337745103,-0.152488362097644,0.0154479294698658,0.00040288455413118,-0.192346886560649,0.073999754742404,-0.187803813704132,0.15190809309716,-0.0505842164919307,0.238864087096728,-0.0743853445209067,-0.0878926772156612,0.0104916664770433,0.00220322373328697,-0.10195681519205,-0.111808308090766,-0.124365444333487,0.0697479152394089,0.102869093812028,-0.123939374031584,-0.112518182367481,0.113617370177537,0.0815568578341942,0.0568506837757713,-0.00986952068903981,0.11184080047656,0.0995483890546576,0.142132479405859,-0.098049589116187,-0.130177289637357,0.0258792588761149,0.219833346828217,0.0923991569722164,-0.00718029472488399,-0.108261718715854,0.0236884743675594,0.195318714588494,0.127502126599588,0.0280543165783419,0.132766736350624,-0.118428749721719,0.108134979204726,0.0552223524613025
"5",0.0913364961608228,0.0484614323779271,-0.0397919446166375,0.151194828539077,1,0.221906822690903,0.124314320025639,0.152857973714995,-0.00831699370231426,-0.0101512087814019,0.0576425351295895,0.0512839886980733,-0.0641184428838786,-0.0259536188044137,0.103947748173822,-0.0746465012524605,0.0969269052086868,-0.0576974728792995,0.0878431046797786,-0.063478928901413,0.131818060833872,0.0037779193105996,-0.00530599289739358,0.0638329138270206,0.137941288880663,0.0413647182888666,-0.00101239195773292,-0.0533641901428464,0.0340893195644108,0.0170472496224151,0.0598607296600926,-0.171458574392061,-0.0206000526807899,0.176139263677693,-0.268870937167743,-0.0525192694113434,0.176714487711641,0.0286495643416619,0.151500077461738,0.11105483674428,0.0265281425791481,0.0505512927517797,0.107132772938323,0.0177301231528742,-0.00341681832684153,-0.0423902468158669,0.11144923549606,0.0561574411167487,0.00269107495927575,-0.0105160031785045,0.133465822508122,0.0462563189211342,-0.0353861018832451,-0.130310269003474,0.0430391901209543,-0.125254725733968,0.218870826913605,-0.0584078738610828
"6",0.052015624568389,0.0824406803733866,-0.0394134668507335,0.118940986580328,0.221906822690903,1,-0.0942450334205752,0.0350207031899218,0.149302830649317,-0.156364241323195,-0.154995224976461,0.124402256278589,0.0380746958376263,0.0325932167987482,-0.0938523980335334,-0.00144357504532494,-0.0105279503705363,0.0493260304422144,0.201665456839936,0.0769612527052376,0.126450158369788,0.0665281471839279,0.185652058081763,0.198734143221566,0.22117696050514,-0.0877092483039388,-0.0681388776697228,-0.0478270097004951,-0.18850922351336,0.00347183702808134,0.0397031843488146,-0.130449292543168,0.122868611117852,0.0503480733965476,-0.147745790712788,0.0502666427758982,0.0569597592941682,-0.214864778092657,0.0781325334125695,0.088293787891605,-0.00199090892313099,0.0746079444657249,-0.0171963774100884,0.0510984287232329,-0.0213323939162121,0.0880741031559043,0.161470018472851,0.0922982083629905,0.0717153496125192,0.128973753868255,-0.0837644018412095,-0.0261304964168163,0.0631735605650467,0.0297635109686443,0.0271270106466215,0.0903990688327004,0.143162638269848,-0.0614497058269519
"7",0.0493052344287812,-0.0524261891432457,-0.0588886493171939,-0.0380513699863236,0.124314320025639,-0.0942450334205752,1,0.0876987477004296,0.057322505058649,0.0279466490229588,-0.0951311440027056,0.0589037681124757,-0.0355186177670399,-0.0133480856823868,-0.0125804917619219,-0.0689110937114669,0.0805943976375982,0.00556123554162935,-0.0228904943755183,-0.0277373689170236,-0.0555175637861793,0.048944897655969,0.0515530916846998,-0.0984598218571239,0.0306127117001004,0.0468801251973509,0.0175246848110327,-0.0388602752537866,-0.0739524071530135,0.0833082113518689,-0.144052817718744,-0.0200681391255538,-0.0626171793976763,0.0304692094698053,0.199870905564622,0.0491047160694141,0.136723482630128,0.115655885032059,0.162423188262394,-0.0174372968331239,0.0100846764439024,0.0454247828402749,-0.0432488246666107,-0.0351181136155176,0.0759024312861708,0.214351557769378,0.0917650249159272,0.184721291109516,-0.0131581675508443,-0.0262658320480787,-0.0597292671223267,-0.17943197366647,-0.237996294667549,-0.20537898467108,-0.118491524075291,0.0586875096176409,0.0263580664266648,-0.0318595457707197
"8",0.0397555498178102,0.107107797567525,-0.132414989211967,0.093279060071025,0.152857973714995,0.0350207031899218,0.0876987477004296,1,0.0613280689686315,0.111586361436165,-0.197142557758062,0.0824674661789727,-0.0976234934719162,0.0594726186272461,-0.00346843063846848,-0.0883714876131558,0.0283087219865264,-0.101457890915905,-0.125528868086453,-0.120628571364098,0.0566747634694749,-0.0376126741207432,0.0724457601941208,0.0128073840973363,0.284021864407696,-0.151791365599342,0.0468730580256994,0.0269078313762486,0.153128249778756,0.0779785454239558,-0.0769412721698978,0.117865741149185,-0.105261399893101,0.185552013550071,-0.0694387327542146,0.14063510175161,0.129524967494293,0.24339903050393,-0.0605936383996938,-0.173194608683082,0.123900072672121,-0.0190281950977927,0.0649457813804045,0.180940004691996,0.162341650550093,0.153593018048718,-0.00600990420308547,-0.0502599351274227,-0.0647697679955578,-0.0629753579294562,-0.321524387172738,0.0551052749824452,0.0337960593152173,0.214168701706611,0.08054141680086,0.0999838314168499,0.187313224140361,0.0290267390343922
"9",0.107397492267496,0.130222055732115,-0.269572988417898,-0.0877054235018484,-0.00831699370231426,0.149302830649317,0.057322505058649,0.0613280689686314,1,-0.0148889873896174,0.152183799364927,-0.0647325499161804,0.508522294671534,0.165374742631537,-0.0773017244801782,-0.18474596783144,0.291204467374624,-0.0220286302913065,0.46013871526484,0.169829012583069,0.185816746220308,-0.0661293693214903,-0.14191070278774,-0.0628206315816411,-0.045030528723194,-0.384543630182363,0.0924267392852434,0.0693478056945772,-0.0715797363387288,-0.00448072029036297,0.273715816439455,0.0235124419526279,0.216962413416111,0.316994904325299,0.0104386701378305,-0.173238531572389,-0.0482592989180576,-0.133191925916536,0.0543914398943103,0.132709414257122,0.198244261757654,0.0224052129707463,0.262352032259596,0.285682451591903,0.241955037599235,-0.130453661537736,-0.142580083739718,0.0243490814372629,0.342544651009009,0.0696653248778386,-0.29363966781914,-0.194567257872203,-0.020045026407032,0.015210119719734,-0.11730059677053,0.0331443239226307,0.160734067164164,-0.195702501553036
"10",0.139095187594687,-0.0716633258154391,0.0226444668358238,-0.289818261055873,-0.0101512087814019,-0.156364241323195,0.0279466490229588,0.111586361436165,-0.0148889873896174,1,0.248774063127295,-0.15360807553247,0.294848076138771,0.0647102345400966,-0.00424422859117128,0.0931774884796542,0.167647106905763,0.0651167721809763,-0.0743674413019025,-0.072056270476319,-0.0290444860738843,0.196312855586341,-0.0564446665624256,-0.0388878116657887,-0.245756219412441,0.397309829395392,0.114369194902628,0.22068061553844,0.148355446700116,0.119818084774476,0.17703340379536,0.219646743667132,0.00311899106609046,0.011352596899785,0.0735373475057508,0.235921554721788,-0.102337948429182,-0.0921517474044874,-0.102452875201641,-0.160930348692454,-0.206604140707474,-0.0712230832911848,-0.10467497917612,0.210997159245699,0.213809153452976,0.104798591376013,-0.20420945675451,-0.131849669841473,0.0831552166949497,0.0369911926921362,-0.0137373420845454,-0.239408993717014,0.0348312833707115,0.135819296657375,0.0209352591622077,0.14420490842008,-0.0861485520375677,0.0571036214650034
"11",0.2187379947953,-0.170832579080135,0.238781472969016,-0.208054749933316,0.0576425351295895,-0.154995224976461,-0.0951311440027056,-0.197142557758062,0.152183799364927,0.248774063127295,1,-0.261249124129061,0.0463928391843851,-0.0148791393889631,0.032621429063653,0.105763656934327,0.198728471717242,0.25571304346045,0.0458429802782863,0.0286317545006737,-0.0306508428057296,0.178209934735046,-0.192071105707579,-0.0335093990611162,-0.438648787237819,0.22164710956789,-0.124253073357949,0.0547770861409562,0.00207625793448669,0.0566079168878255,0.0826011749279563,-0.0375642191154122,0.08247887693182,0.0357690816952715,-0.081721049728535,0.020558497760303,-0.0845957915229764,-0.0271300695141535,0.10888476221447,0.0286171656082067,-0.0163375582004948,0.0681060724996873,-0.0743269117831584,0.130731688459126,-0.071562588364928,-0.334900385357314,-0.0345866763393505,-0.0122313767766588,0.00836698878255771,0.0386559255311913,0.262686175437022,-0.264115627994972,-0.180692049455515,-0.0347854581822374,-0.0710164102542215,-0.154318057017513,0.0741157739636306,0.150900932458101
"12",-0.0891561380799376,0.19510753150119,-0.186163385917017,0.328327238124847,0.0512839886980733,0.124402256278589,0.0589037681124757,0.0824674661789727,-0.0647325499161803,-0.15360807553247,-0.261249124129061,1,-0.0806290250306733,0.0466008192406989,0.0111974671743721,-0.063736809283673,-0.24121071385931,-0.0881501321449711,-0.180788210115021,-0.184116717515421,0.114489042716283,-0.0684978002769811,0.208001691888319,0.0895487058088722,0.191155937331495,-0.105021454449853,-0.03194030482005,-0.0250852144344648,0.166750905035184,0.162851723159175,-0.196412183264402,-0.166069342812348,-0.0127444340510377,0.0124324174050869,0.0261104895228626,0.206400856351293,0.193958023560234,0.0985486571304546,0.0807890119164808,0.0809342449454202,0.0277656002473327,0.113306359507614,0.0286143049905452,-0.0133853380286246,0.0351989998929935,0.261375875916903,0.130978641505569,0.140495404925875,-0.169442871959829,-0.0155481645412126,-0.115257650888505,0.264989728499768,0.100971754742339,0.114830048992461,-0.151006886862735,0.0311134981173244,0.0883848612357627,-0.187929749837781
"13",0.0165685615980764,0.172328915604323,-0.313190582579346,-0.145920962778336,-0.0641184428838786,0.0380746958376263,-0.0355186177670399,-0.0976234934719162,0.508522294671534,0.294848076138771,0.0463928391843851,-0.0806290250306733,1,0.191076509907638,0.154584726108066,-0.0177661228960233,0.162215586804849,-0.0922585111313628,0.401928374020279,0.0178760957891064,0.189644161268668,0.0114331857657668,-0.0763069069980292,0.00857466399751126,-0.151408991144991,-0.110412108285461,0.24745729156897,0.277935377601741,-0.00617229196620869,0.146668144267052,0.298807911685062,0.144238761833645,0.219247857573019,0.178715345462543,0.0455180885770865,-0.136273420213833,-0.0760806598897297,-0.178677626350681,-0.0746460980086602,0.0401939413488363,0.163360599500208,0.0622610867970098,0.149532298240341,0.293431590901067,0.30632472349126,-0.0604928510391461,-0.15913300542705,-0.0779860070402142,0.491650065515514,0.0500545992555777,-0.198146039750808,-0.263721859973518,0.163946184625976,0.177383905361149,0.0146745383949663,0.159589753392811,-0.10198613941415,-0.107221300984471
"14",0.0137288079857155,0.141379875506568,-0.214164007059326,-0.0196281211603854,-0.0259536188044137,0.0325932167987482,-0.0133480856823868,0.0594726186272461,0.165374742631537,0.0647102345400966,-0.0148791393889631,0.0466008192406989,0.191076509907638,1,0.0163558500159175,-0.015274174229215,-0.0570367433853867,0.242538956344232,0.232562072349882,0.0628959614281551,0.25714166016444,0.105861808306203,-0.0152777752513976,0.0753515507055056,0.196165377702807,-0.227897903153259,0.0951905466286492,0.237351743680167,0.0981794595797067,0.348889344347328,0.215533655678241,0.121557452613541,0.0522677354099141,0.0717084869988098,-0.0791572459673106,-0.191069620483161,0.0856038310618766,0.00463805838848067,0.197175856853115,0.323942652876413,0.0452521721128771,0.0874776648058472,0.122780112937508,0.228282483023528,0.26303842056872,0.163614039348532,0.0637524536800969,0.078125900475629,0.272719660027812,0.744850122259866,-0.138869942074465,0.0221270359207059,0.217511941809534,0.097186247983223,0.0745360610314726,0.240717380071125,-0.0722654797177226,-0.121817421556957
"15",0.0994805142812853,0.0174543471907029,-0.0575298033329464,0.0442244235163517,0.103947748173822,-0.0938523980335334,-0.0125804917619219,-0.00346843063846848,-0.0773017244801783,-0.00424422859117128,0.032621429063653,0.0111974671743721,0.154584726108066,0.0163558500159175,1,-0.153592473240726,-0.0608658929863493,-0.12887924194295,0.123846046935523,-0.0833444709772005,0.247285607729826,0.0449728714613871,-0.178138753721965,-0.0393629100631387,-0.0152325619250472,0.0935660886211659,0.140246985972908,0.164011384017533,0.0718245638372234,0.0106491434441456,0.00959106795173158,-0.0670463711807555,0.0186996878784082,0.0634997640080545,-0.114241999359476,-0.125391174915577,0.051083422902638,0.0961491714961372,-0.126921214738944,-0.0562676097693507,0.15104916279088,-0.0443429229037405,-0.0158229340227673,-0.0198060795088246,-0.0105047969714168,-0.0812995265902575,-0.127996413936487,-0.119098261627286,-0.0881080403451069,-0.134989569801193,0.109685825726758,-0.060530074688381,0.0494342134038247,-0.0140780520162645,0.21530297959827,0.0603125534014757,0.0182362750033432,0.163867409677127
"16",0.103842070964454,-0.244436036376683,0.0850748551052911,-0.248981337745103,-0.0746465012524605,-0.00144357504532494,-0.0689110937114669,-0.0883714876131558,-0.18474596783144,0.0931774884796542,0.105763656934327,-0.063736809283673,-0.0177661228960233,-0.015274174229215,-0.153592473240726,1,-0.248826355670262,-0.0280722692244014,-0.119737509392542,-0.0848627787511354,-0.13235379494243,-0.0913230261344996,0.0980596917392141,0.0578353744162024,-0.290469075695322,0.240065879140407,-0.0146342960831594,-0.11586621488173,0.0215229851016093,-0.0618807822767193,-0.0312604088430168,-0.0167330477202203,-0.0958779408445574,-0.252117441274016,0.136961571420312,0.0648199900534684,-0.0884162774157663,-0.0781582356084919,0.0634435083440918,-0.0294163157725018,-0.124554562860432,-0.0906749279679417,-0.229836059691485,-0.141943960881049,-0.071555188913321,-0.031623921620869,0.0798412210127203,-0.113249560187569,-0.0891896494293266,-0.0229622939525123,0.172052444617515,-0.0557109387272839,-0.144054492987318,-0.0455446292677698,0.0445538279715806,0.0351526210075939,-0.0928340327440122,0.180024534314419
"17",-0.00517908621151493,-0.0275117042897153,-0.00150005899946137,-0.152488362097644,0.0969269052086868,-0.0105279503705363,0.0805943976375982,0.0283087219865264,0.291204467374624,0.167647106905763,0.198728471717242,-0.24121071385931,0.162215586804849,-0.0570367433853867,-0.0608658929863493,-0.248826355670262,1,0.121134756583629,0.166480807424181,0.103171652711622,0.070302150940132,0.295319632051087,-0.184621406358715,-0.203353775007256,-0.171158554131176,-0.00263051135741936,0.0690435813115092,0.217766396400147,0.124130778360124,0.0243419996085032,0.402489346309919,0.179949329280658,0.101863803789192,0.193084188574215,-0.0807070478172351,0.0459135923076175,-0.0558883702220769,-0.192337240948667,-0.0714771518017877,-0.0137203726802985,0.234373548612802,0.014779824252936,0.073286639775843,0.199855142482958,0.227393004192297,0.0471834835710432,-0.0420282272421764,-0.0723949472425352,0.328792670482944,-0.109980202395142,-0.107156793087141,-0.137444937480104,-0.0154084342006189,-0.099033213298922,0.0276587322418393,0.00249217485935588,-0.0444898775629106,-0.165929079813805
"18",0.277401378404835,-0.243683609010638,0.139961512125414,0.0154479294698658,-0.0576974728792995,0.0493260304422144,0.00556123554162935,-0.101457890915905,-0.0220286302913065,0.0651167721809763,0.25571304346045,-0.0881501321449711,-0.0922585111313628,0.242538956344232,-0.12887924194295,-0.0280722692244014,0.121134756583629,1,0.0956903794613862,0.010692002668469,-0.149788386257371,0.275788020777888,-0.0356543285506342,0.0319532444703941,-0.0516877927868564,0.0353755113624077,-0.126254559834491,-0.021647331682899,0.0585623247214536,0.0636125731995105,0.0611633071957877,0.0779511417074529,0.189699015258129,0.0434260267592029,-0.23323059800035,-0.186007583251646,-0.149016913596094,-0.19531554387751,0.205594996394027,0.0594098183453568,0.0583321080800863,0.0881922434960657,-0.0701385616840983,0.0651796959367901,0.0826030629060289,-0.0353586522545572,0.0987490783409159,-0.00090715760083602,0.0510082338067056,0.315619172395372,0.205220202479391,-0.0188354172964326,0.00413854458176491,-0.02582288934753,-0.115099185884774,0.0313713221639398,-0.0785025112833403,-0.0211258878814259
"19",-0.00366746227206604,0.00778086993707711,-0.111887587272334,0.00040288455413118,0.0878431046797786,0.201665456839936,-0.0228904943755183,-0.125528868086453,0.46013871526484,-0.0743674413019025,0.0458429802782863,-0.180788210115021,0.401928374020279,0.232562072349882,0.123846046935523,-0.119737509392542,0.166480807424181,0.0956903794613862,1,0.258788985221943,0.162649351917708,0.00262811365249856,-0.0943661103769434,-0.0983372964797734,0.0418801872042623,-0.261512160012856,0.050594677401076,0.17611156706653,-0.0750117975171144,0.0872512937260834,0.440812334437839,0.104099441697518,0.138198888974567,0.0867759917069223,-0.238262991503433,-0.319513136173598,-0.215966825096323,-0.20724205245965,-0.0886258715843107,0.0734312671078022,0.0876061692904088,-0.0346799728698108,0.293713025847566,0.21306396540951,0.120443200854577,-0.0791608764663044,0.0185216572966651,0.0367912748287747,0.327362225704193,0.157887232785048,-0.150499351833279,-0.151705994094992,0.0154786078025461,-0.0001409484808977,0.158592076443967,0.0866205556639072,0.00990973514292315,0.00014394078815647
"20",-0.141791364125212,0.134086431126718,-0.0434900925059723,-0.192346886560649,-0.063478928901413,0.0769612527052376,-0.0277373689170237,-0.120628571364098,0.169829012583069,-0.072056270476319,0.0286317545006737,-0.184116717515421,0.0178760957891064,0.0628959614281551,-0.0833444709772005,-0.0848627787511354,0.103171652711622,0.010692002668469,0.258788985221943,1,-0.0325976424045701,-0.0395672565688261,0.00797957456880463,-0.162891022910114,-0.0844039313735935,-0.169195012494008,-0.184071599397863,-0.0546177884593179,-0.254855389982011,-0.039659658272781,0.176241968480044,0.19831441466692,-0.0411437884854138,0.00093098383977724,-0.053689452364471,-0.0207652277121625,-0.162049437912567,-0.0780222793006252,-0.0483049517064361,0.0353310253384951,0.0424381532030075,-0.06489459595098,0.142168527869432,0.262059161239954,-3.0860708349037e-05,0.0176738259147739,-0.139897583332219,0.0228360432167747,0.0758108683379005,0.286247881118298,-0.151892731799304,-0.0350979604195754,-0.0582151623937838,0.186219193575994,-0.0318347337617485,0.132175471489708,0.0342867921285469,-0.103231821671237
"21",-0.0304139815868279,0.215713178399126,-0.113725143878326,0.073999754742404,0.131818060833872,0.126450158369788,-0.0555175637861793,0.0566747634694749,0.185816746220308,-0.0290444860738843,-0.0306508428057296,0.114489042716283,0.189644161268668,0.25714166016444,0.247285607729826,-0.13235379494243,0.070302150940132,-0.149788386257371,0.162649351917708,-0.0325976424045701,1,0.0738409077004284,0.15025087860096,-0.148396636310674,0.135975415181184,-0.0813491091170398,0.105610811480277,0.22208401055791,0.107348847586305,0.139104233408339,0.0736057154147652,-0.0371494814725987,0.0520135156492897,0.136637658936363,-0.0921728109722292,-0.109700968945727,0.151799384075329,0.0380268425659442,0.0850424866823372,0.28209445166658,0.0869620086859401,0.0360479405442909,0.0715675885554757,0.0213245941567484,0.0644228177849858,-0.0167537622915958,0.131977825103058,-0.0207113724669197,0.162705086182569,0.162485355412487,-0.0997800554950642,0.109266954688629,0.0524656279629238,-0.0385449700030206,0.070997043273354,0.0644818669454313,0.0526594921561745,-0.188503479333287
"22",0.236347117596554,-0.056232839049021,0.0103113457362457,-0.187803813704132,0.0037779193105996,0.0665281471839279,0.048944897655969,-0.0376126741207432,-0.0661293693214903,0.196312855586341,0.178209934735046,-0.0684978002769811,0.0114331857657668,0.105861808306203,0.0449728714613871,-0.0913230261344996,0.295319632051087,0.275788020777888,0.00262811365249856,-0.0395672565688261,0.0738409077004284,1,-0.152309266489004,-0.0350707514285018,-0.0538496249384088,0.0910531792889212,0.164842853588142,0.253047975817656,0.140535171617242,0.277818359704039,0.114355715978003,0.099374897481651,0.285999698683709,0.0393377983250779,-0.146942429230517,-0.0248004182190181,-0.078641192325146,-0.180403929404833,0.0504662711286437,-0.016107906105363,0.064986598214656,-0.0619562886073649,-0.113370018082815,0.0488026524234198,0.0784344261382963,0.110854673753913,0.124251135921063,-0.121149961487745,0.0754606780665383,0.0635380175989958,0.145812632029504,-0.196973267735845,-0.102022270967466,-0.0669497722117821,-0.100101960284217,0.0627533643600713,-0.0902221777000287,-0.0237404247722368
"23",-0.01232197391064,0.0659600487300288,-0.0490634650590227,0.15190809309716,-0.00530599289739358,0.185652058081763,0.0515530916846998,0.0724457601941208,-0.14191070278774,-0.0564446665624256,-0.192071105707579,0.208001691888319,-0.0763069069980292,-0.0152777752513976,-0.178138753721965,0.0980596917392141,-0.184621406358715,-0.0356543285506342,-0.0943661103769434,0.00797957456880463,0.15025087860096,-0.152309266489004,1,0.190873255520375,0.0639053922131444,-0.0592580443551355,0.00914478608334852,-0.0698158055083869,-0.224209822861049,-0.0313409381444104,-0.285664911293666,-0.126019255727266,-0.0180116685500852,-0.241520145868383,0.0427479062536596,0.206552709605568,-0.0732550861165954,-0.0126037006782804,-0.0186855782220342,-0.00205231553585106,-0.074900375077499,0.23521044297106,-0.00589728731313658,-0.0359110449089454,-0.0252640403806559,0.112296904088517,0.0819145996253979,0.101295607002117,0.0349040949922733,0.0401688115951932,0.101217322515488,0.161332540581336,0.0573455177016085,0.0606557112480831,-0.101378294675758,0.0534407570787128,0.111050769637175,-0.0448613036197802
"24",0.193910870495053,0.0311015279698192,0.0606999930669914,-0.0505842164919307,0.0638329138270207,0.198734143221566,-0.0984598218571238,0.0128073840973363,-0.0628206315816411,-0.0388878116657887,-0.0335093990611162,0.0895487058088722,0.00857466399751126,0.0753515507055056,-0.0393629100631387,0.0578353744162024,-0.203353775007256,0.0319532444703941,-0.0983372964797734,-0.162891022910114,-0.148396636310674,-0.0350707514285018,0.190873255520375,1,0.0903218516793139,-0.15689908033947,-0.00646349438088477,-0.234186184892016,-0.0383615001813008,-0.0995504155908749,-0.149834748415268,-0.170359971604501,-0.113205194244498,0.0734157399244789,-0.17343834296831,0.103628713915363,0.0603325661554279,0.0503336656173508,0.0716235122800267,0.0983350224046344,-0.222226188645288,0.0310877412072608,0.00708558801959147,-0.130022002885346,-0.0517356950760336,0.00414523483445572,0.0248004822146157,0.0962006475179604,-0.079103089309337,0.0610468009634572,0.158410200025914,0.118626796087864,-0.0835107273810428,0.0655097566143435,-0.11550645722787,0.0898483943784344,0.0948965664568048,-0.054381329979419
"25",-0.167884964815076,0.225916967938588,-0.114829150651194,0.238864087096728,0.137941288880663,0.22117696050514,0.0306127117001004,0.284021864407696,-0.045030528723194,-0.245756219412441,-0.438648787237819,0.191155937331495,-0.151408991144991,0.196165377702807,-0.0152325619250472,-0.290469075695322,-0.171158554131176,-0.0516877927868564,0.0418801872042623,-0.0844039313735935,0.135975415181184,-0.0538496249384088,0.0639053922131444,0.0903218516793139,1,-0.298712799868755,0.114673631331722,0.0841698693089495,0.0293536851651109,0.132569891544695,-0.147388472515027,-0.11233327052411,-0.118767597004078,0.106692971103801,-0.106435572801838,-0.248082737663727,0.113429891128664,0.226801091606514,0.0245100642559788,0.145636441505726,0.101263802910046,0.0704552122992994,0.0893762214546884,0.0140043048106059,-0.0140513342225562,0.173442641341323,0.219254713448519,0.184236760560617,-0.0851490855293804,0.110407467185598,-0.14433394116467,0.273397960136154,0.195632369541139,-0.0133888453589846,0.151708226527127,0.00218886147656885,0.238385086778063,-0.120257917784214
"26",0.147126197038663,-0.305008790595483,0.24688058526726,-0.0743853445209067,0.0413647182888666,-0.0877092483039388,0.0468801251973509,-0.151791365599342,-0.384543630182363,0.397309829395392,0.22164710956789,-0.105021454449853,-0.110412108285461,-0.227897903153259,0.0935660886211659,0.240065879140407,-0.00263051135741936,0.0353755113624077,-0.261512160012856,-0.169195012494008,-0.0813491091170398,0.0910531792889212,-0.0592580443551355,-0.15689908033947,-0.298712799868755,1,0.0184115330174544,0.0349562741948986,0.0109836485289245,-0.159928669116295,-0.0590501510768363,-0.04241472126888,0.199624020540376,-0.154357478504955,0.216153888231682,0.238440180552682,0.029761282133782,-0.0793478569122039,-0.00926669760051234,-0.249723458589834,-0.105088426618711,0.0192973420978915,-0.274647389148226,-0.0694055323810154,-0.0950425828504956,0.0045424359974338,-0.0329025570364488,-0.0995894591487654,-0.296547381347111,-0.147883944234436,0.228919803286601,-0.110826555386339,0.0311015030804504,-0.0335622767000053,-0.039328747666234,-0.0549635241002564,-0.169088678091986,0.177663108646412
"27",0.0176724860643,0.00136086593296977,-0.207848184309319,-0.0878926772156612,-0.00101239195773292,-0.0681388776697228,0.0175246848110327,0.0468730580256994,0.0924267392852434,0.114369194902628,-0.124253073357949,-0.03194030482005,0.24745729156897,0.0951905466286492,0.140246985972908,-0.0146342960831594,0.0690435813115092,-0.126254559834491,0.050594677401076,-0.184071599397863,0.105610811480277,0.164842853588142,0.00914478608334852,-0.00646349438088477,0.114673631331722,0.0184115330174544,1,0.457435622948776,0.11771223437319,0.257725408526588,0.104356331031199,0.0670523150122081,0.146588235128652,0.00959952743558513,-0.0252132674222787,-0.0370967294869465,0.104399088453646,0.0200359451667342,-0.0386915349664878,0.0769539608472898,0.182541924528646,0.128186991103802,0.00272627760954222,0.0336845911174517,0.172326443503951,0.238144706281895,-0.0196089122061809,0.00562929529839469,0.0690514705745965,0.0621381532841858,-0.119505514561292,-0.143012527139555,0.254159277857685,0.0324071344629245,0.148359235555357,0.129762037189795,-0.0718815745103742,-0.0420948033909158
"28",0.0268241788939732,0.160235272645174,-0.209870016040194,0.0104916664770433,-0.0533641901428464,-0.0478270097004951,-0.0388602752537866,0.0269078313762486,0.0693478056945772,0.22068061553844,0.0547770861409562,-0.0250852144344648,0.277935377601741,0.237351743680167,0.164011384017533,-0.11586621488173,0.217766396400147,-0.021647331682899,0.17611156706653,-0.0546177884593179,0.22208401055791,0.253047975817656,-0.0698158055083869,-0.234186184892016,0.0841698693089495,0.0349562741948986,0.457435622948776,1,0.334057479667638,0.468151020063981,0.330703240005017,0.150613736350188,0.163449547767249,0.117274754835363,-0.0492072406426897,-0.0125613844799662,-0.065711235628181,-0.0959381186562675,-0.155558605817395,-0.0216996684949717,0.124902468023873,0.1601860379453,0.0233588836674851,0.140904961903242,0.344271591045101,0.294050560277662,-0.0478904416634026,-0.0659509374216248,0.144285715169852,0.095107669757398,-0.173815611798115,-0.218861700355488,0.0887846366622723,0.0732890327858527,0.159681941700069,0.12323150732905,-0.227097021043398,0.088269177495303
"29",-0.0429083912332187,-0.0779490788244613,-0.0862821340572012,0.00220322373328698,0.0340893195644108,-0.18850922351336,-0.0739524071530135,0.153128249778756,-0.0715797363387288,0.148355446700116,0.00207625793448669,0.166750905035184,-0.00617229196620869,0.0981794595797067,0.0718245638372234,0.0215229851016093,0.124130778360124,0.0585623247214536,-0.0750117975171144,-0.254855389982011,0.107348847586305,0.140535171617242,-0.224209822861049,-0.0383615001813008,0.0293536851651109,0.0109836485289245,0.11771223437319,0.334057479667637,1,0.390611594263054,0.0259657633669939,0.111231269654082,-0.0557368291569637,0.151158838756361,-0.0242820803444779,-0.0871233421638574,0.0712554076745023,0.00908953728870068,-0.0380513246779057,0.0226906677466047,0.0376845186146808,-0.174966041148753,0.0071314415830634,-0.0242474923635071,0.344003614548402,0.143323446182212,0.0581045311705,-0.0645591691317867,0.00552686658742564,-0.100967999993259,-0.0991796479906848,0.0132113187310752,-0.100655945169489,-0.080388060386019,0.0762573142759326,0.0707011154947515,-0.14541293748624,-0.0477638386284813
"30",0.106857204725609,0.129663951852024,-0.159309066741561,-0.10195681519205,0.0170472496224151,0.00347183702808134,0.0833082113518689,0.0779785454239558,-0.00448072029036297,0.119818084774476,0.0566079168878255,0.162851723159175,0.146668144267052,0.348889344347328,0.0106491434441456,-0.0618807822767193,0.0243419996085032,0.0636125731995105,0.0872512937260834,-0.039659658272781,0.139104233408339,0.277818359704039,-0.0313409381444104,-0.0995504155908749,0.132569891544695,-0.159928669116295,0.257725408526588,0.468151020063981,0.390611594263054,1,0.116137668316461,-0.0177680581458899,-0.0701369743981089,-0.0215257281367361,-0.0958861471183446,-0.133457277152312,0.0308981074040901,0.064889194776197,0.00558286409641171,0.0665463236601252,0.117049782175134,-0.0369270682390785,-0.00862651008473594,0.199835042063586,0.401965507351729,0.253843372661709,0.188946417246142,0.00673005541447849,0.0449314565190535,0.254507454051883,-0.238731093238996,-0.133906828961598,-0.0538290637319272,-0.0533479919523552,0.135432928447551,0.186773041420602,-0.145901367774509,-0.119748674633642
"31",-0.00963570415273278,0.217786843000195,-0.0925536179047489,-0.111808308090766,0.0598607296600926,0.0397031843488146,-0.144052817718744,-0.0769412721698978,0.273715816439455,0.17703340379536,0.0826011749279563,-0.196412183264402,0.298807911685062,0.215533655678241,0.00959106795173158,-0.0312604088430168,0.402489346309919,0.0611633071957877,0.440812334437839,0.176241968480044,0.0736057154147652,0.114355715978003,-0.285664911293666,-0.149834748415268,-0.147388472515027,-0.0590501510768363,0.104356331031199,0.330703240005016,0.0259657633669939,0.116137668316461,1,0.345644540896098,0.0868688259697783,0.106726857932225,-0.125528993817875,-0.0565672758328506,-0.161099472683543,-0.265603653541286,-0.020448054705573,0.100609778557921,0.158566748857002,-0.0815562696261301,0.31139695637164,0.322439502333822,0.284028280420198,0.182126338991752,-0.240152254089986,-0.169879143420267,0.331220794285494,0.222651171174501,-0.176810559571406,-0.217272563217818,0.0360444800900177,0.0473468525670045,0.110272448838635,0.00633382037324827,-0.128838073457319,0.0634482627133295
"32",-0.136662202414991,0.158498877226785,-0.264524466969251,-0.124365444333487,-0.171458574392061,-0.130449292543168,-0.0200681391255538,0.117865741149185,0.0235124419526279,0.219646743667132,-0.0375642191154122,-0.166069342812348,0.144238761833645,0.121557452613541,-0.0670463711807555,-0.0167330477202203,0.179949329280658,0.0779511417074529,0.104099441697518,0.19831441466692,-0.0371494814725987,0.099374897481651,-0.126019255727266,-0.170359971604501,-0.11233327052411,-0.04241472126888,0.0670523150122081,0.150613736350188,0.111231269654082,-0.0177680581458899,0.345644540896098,1,-0.0574873282690768,0.115653512223338,-0.10306731074791,-0.109723859466003,-0.261257941101597,-0.0448114888265414,-0.116267276949284,0.0379891427717529,0.131789965573621,-0.0596284516815298,0.187378201898091,0.144506040104316,0.0573156294981752,-0.00971932018910952,-0.224456770706107,-0.215184856127371,0.326871948324839,0.0700022004451893,-0.0515050860613707,-0.0998199709287947,0.0745068704859597,0.0883906083425795,0.0291259640541168,0.0510147361605637,-0.0109899743656665,0.153685494831465
"33",0.204238860729209,-0.0873821564771875,-0.0276796736415085,0.0697479152394089,-0.0206000526807899,0.122868611117852,-0.0626171793976763,-0.105261399893101,0.216962413416111,0.00311899106609046,0.08247887693182,-0.0127444340510377,0.219247857573019,0.0522677354099141,0.0186996878784082,-0.0958779408445574,0.101863803789192,0.189699015258129,0.138198888974567,-0.0411437884854138,0.0520135156492897,0.285999698683709,-0.0180116685500852,-0.113205194244498,-0.118767597004078,0.199624020540376,0.146588235128652,0.163449547767249,-0.0557368291569637,-0.0701369743981089,0.0868688259697783,-0.0574873282690768,1,0.120531693648696,0.114462575695189,0.0513833350761393,-0.130596313071697,-0.164212959952525,0.129443188660589,-0.00632651993601897,0.337514585230009,0.259325727595644,0.10179917083106,0.179218745007151,-0.0192073237507034,-0.0554119936335557,0.100405942128777,0.0435746508444603,0.198414479113911,0.0925523509201173,-0.0440708054166594,-0.0797038106401877,0.097400988250685,0.121808826613777,-0.0136641956316104,0.140217093244407,-0.0867932359370171,0.00560197038690381
"34",0.0440300464654504,0.12743329671881,-0.260586647058117,0.102869093812028,0.176139263677693,0.0503480733965476,0.0304692094698053,0.185552013550071,0.316994904325299,0.011352596899785,0.0357690816952715,0.0124324174050869,0.178715345462543,0.0717084869988098,0.0634997640080545,-0.252117441274016,0.193084188574215,0.0434260267592029,0.0867759917069223,0.00093098383977724,0.136637658936363,0.0393377983250779,-0.241520145868383,0.073415739924479,0.106692971103801,-0.154357478504955,0.00959952743558513,0.117274754835363,0.151158838756361,-0.0215257281367361,0.106726857932225,0.115653512223338,0.120531693648696,1,-0.22371515500916,-0.14689296369836,0.0777525683765245,-0.00677967727981129,-0.035911064784972,0.192630518607143,0.26759337583143,0.0566225574042924,0.0178366459154734,0.115429971007937,0.116592472557949,-0.191561625353375,-0.0382892456477673,0.00972634131568172,0.121574602983406,0.0194358592672634,-0.158643471124103,-0.0197179978157116,0.046138226500618,-0.0216526808714827,-0.00729558841168512,0.0352746460576964,0.205517756079127,0.0221917019656271
"35",-0.0508741894795273,-0.0805194725109691,0.172545400102525,-0.123939374031584,-0.268870937167743,-0.147745790712788,0.199870905564622,-0.0694387327542146,0.0104386701378305,0.0735373475057508,-0.081721049728535,0.0261104895228626,0.0455180885770865,-0.0791572459673106,-0.114241999359476,0.136961571420312,-0.0807070478172351,-0.23323059800035,-0.238262991503433,-0.053689452364471,-0.0921728109722292,-0.146942429230517,0.0427479062536596,-0.17343834296831,-0.106435572801838,0.216153888231682,-0.0252132674222787,-0.0492072406426897,-0.0242820803444779,-0.0958861471183446,-0.125528993817875,-0.10306731074791,0.114462575695189,-0.22371515500916,1,0.279601489225935,0.248560494691304,0.166616366416468,-0.00669939648080998,-0.163103969519114,-0.105810388597876,0.076361906942947,-0.139594253046978,0.0473723824036337,-0.105385633690773,0.180749476767463,0.034345980928243,0.143126982375049,-0.0920794170595682,-0.0389156326790169,0.0332015516565963,-0.0919912019787202,-0.0239076095621075,-0.00572651627321317,-0.126531422147765,-0.066370887178606,-0.1961177503996,-0.126822112337046
