"","l_Insular.Cortex","r_Insular.Cortex","l_Amygdal.Area","r_Amygdal.Area","l_Bed.Nucleus.of.the.Stria.Terminalis","r_Bed.Nucleus.of.the.Stria.Terminalis","l_Hippocampus","r_Hippocampus","l_Orbitofrontal.cortex","r_Orbitofrontal.cortex","l_Entorhinal.Cortex","r_Entorhinal.Cortex","l_Frontal.Association.Cortex","r_Frontal.Association.Cortex","l_Globus.Pallidus","r_Globus.Pallidus","l_Glomerular.Layer.of.the.Accessory.Olfactory.Bulb","r_Glomerular.Layer.of.the.Accessory.Olfactory.Bulb","l_Glomerular.Layer.of.the.Olfactory.Bulb","r_Glomerular.Layer.of.the.Olfactory.Bulb","l_Granule.Cell.Level.of.the.Cerebellum","r_Granule.Cell.Level.of.the.Cerebellum","l_Hypothalamic.Region","r_Hypothalamic.Region","l_Entorhinal.Cortex","r_Entorhinal.Cortex","l_Vermix.Molecular.Layer.of.the.Cerebellum","r_Vermix.Molecular.Layer.of.the.Cerebellum","l_Lateral.Molecular.Layer.of.the.Cerebellum","r_Lateral.Molecular.Layer.of.the.Cerebellum","l_Anterior.Olfactory.Bulb","r_Anterior.Olfactory.Bulb","l_Posterior.Olfactory.Bulb","r_Posterior.Olfactory.Bulb","l_Subiculum","r_Subiculum","l_Perirhinal.Area","r_Perirhinal.Area","l_PreLimbic.System","r_PreLimbic.System","l_Primary.Cingular.Cortex","r_Primary.Cingular.Cortex","l_Primary.Motor.Cortex","r_Primary.Motor.Cortex","l_Retrosplenial.Cortex","r_Retrosplenial.Cortex","l_Secondary.Cingular.Cortex","r_Secondary.Cingular.Cortex","l_Secondary.Motor.Cortex","r_Secondary.Motor.Cortex","l_Striatum","r_Striatum","l_Ventral.Tegmental.Area","r_Ventral.Tegmental.Area","l_Substantia.Nigra","r_Substantia.Nigra","l_Thalamus","r_Thalamus"
"1",1,0.161355870626028,-0.101107722419544,0.0563029982237107,0.237136625175055,0.240613556915757,-0.305769341600254,0.183656600233626,0.155972998969563,-0.0389717684114944,0.147618102406545,-0.0527567657924089,-0.106823289435028,-0.192902204037502,-0.0440268289991307,-0.0829919272341268,-0.145473134690179,-0.168385796685267,-0.0349918119033824,-0.0562368014624826,-0.0211562583477678,-0.0335003369188391,-0.147704039525823,0.00943259917049949,0.156084128914382,0.236133562636911,0.0650777214410519,0.074762685383476,0.171272924547023,0.00412667892924923,-0.0169061238514308,-0.129628381807246,-0.0704643343304325,-0.145265690194696,-0.126133193753713,0.0955325005679662,-0.0195448988615576,0.0143003728300689,-0.168875674048925,-0.0576202519847199,0.0333334193105419,-0.0702963871509346,-0.167349799338489,-0.205794321106757,-0.0586194292048495,-0.0570666156384038,0.129673886717343,0.155141154177356,-0.0780355389756952,-0.229027912281965,0.0680281869171307,-0.0586335724363733,0.0644094673899154,0.00662280332613577,0.00828584457599452,0.0702228093349115,-0.115186499087474,-0.0204009337322532
"2",0.161355870626028,1,-0.090016095714014,0.026634499015193,0.019287713886533,-0.0367526295914836,-0.151637828454166,-0.0170424045682326,0.171386697164826,0.160567705881217,0.114579182013341,-0.137910083839967,-0.298435208957646,-0.160149059158641,-0.148399785400628,-0.0535218087267382,-0.141546161005404,-0.113330066710761,0.238755151843102,-0.0283347924581046,0.204552800943886,-0.0819790060268595,-0.0393116580782603,0.111724894024543,0.0932512549760034,0.0873592736261314,-0.039804547474299,-0.0397440224268316,0.241572382990043,0.0903430554422182,-0.00533658941760638,0.0218195568050378,-0.0107341577738894,-0.0059996110415834,-0.247447318220083,0.102976995720006,-0.0280588669428306,-0.105137690960806,-0.205999877464636,0.218597522417343,-0.152704069004716,-0.204218586485263,-0.169548028064794,-0.160775046802589,-0.141548492558194,-0.0184805409643043,-0.0747903555607804,-0.0954460831649392,-0.182641318146503,-0.105649518634857,-0.11825011366298,0.100217600134441,-0.0372145060240945,-0.0645114556326199,0.0145347915200113,0.0519184434815805,0.137741500878918,-0.0538792931416225
"3",-0.101107722419544,-0.0900160957140139,1,0.111418369680892,-0.0339931300637608,-0.0566140095544939,0.0945956913411468,-0.192376718188211,-0.171131738094782,0.0844067226834191,0.0547779099640735,0.224315314679817,0.118410438053235,0.180725963834942,-0.00328952195215068,-0.0707828663291407,0.0433805045903323,0.0480991997609105,-0.070627090809528,-0.239333899421937,0.0968452115904238,0.107950659540131,0.0036746451596448,-0.0225937325417389,0.109918594697078,-0.08292584840907,0.160954912759506,-0.161989047437615,-0.208177648400128,-0.0191250046759963,-0.0693275069425435,-0.00912477323937086,-0.028077435314822,-0.167432215319794,0.132459579842391,-0.0878121178598384,0.166810288537561,0.200639926937169,-0.0690654105900606,-0.0964554807863564,0.0343530130618065,-0.0404335855680113,-0.225650228824054,0.108394030942038,-0.0631128312889506,0.0197145546531793,-0.20280515508715,0.0584821234902061,-0.028277065581399,0.0164156594252762,0.0476066821310545,-0.0455662040283234,0.0809040379143032,-0.123584413152458,0.045965360129611,-0.152593885894062,0.0964642408283032,0.0375558256546536
"4",0.0563029982237107,0.026634499015193,0.111418369680892,1,0.0772586601139535,0.0338532644712747,-0.0226146554351664,-0.0153850495887206,-0.0438135036635314,-0.0759315403642478,-0.0842407241159143,0.136095477854456,0.0949364470763667,0.00671938625692531,0.0354179115682721,0.0222487015617481,0.038910582554728,0.0498414202280562,-0.0308594612303622,-0.192405293548959,-0.0630204077924098,-0.117199717156329,-0.105033714590445,-0.186766561928321,-0.016878188469739,0.00296469680667755,0.150648394160879,-0.0790339166057859,0.144612898832513,-0.117703065082357,-0.039826690578114,-0.126475443642023,0.0731609559022525,-0.0312306208494649,-0.122410024559141,-0.0834204321876153,0.0546682636907046,-0.0986944113191274,0.0982330467903418,0.139284073283279,0.02318763900404,-0.0810186580687434,0.00309559215569498,-0.10703878271556,-0.0459095863113021,-0.0187462217014237,0.0956119719869348,0.124243661980992,0.0390893821280273,-0.0742024851063451,-0.00698376538118881,-0.00513615884746351,0.238934487050645,0.112673221554568,-0.0515654896777035,-0.0311775683824001,0.161406810628018,0.177883479608049
"5",0.237136625175055,0.019287713886533,-0.0339931300637608,0.0772586601139536,1,0.124452603834672,-0.0890885346668396,0.0768298054803487,0.0793830670649667,-0.0835090785147819,0.17137003672881,0.068802538108992,0.031888425568284,-0.102232682139758,0.00174271719449087,-0.0120312852124386,-0.0384150502739541,-0.0568098912484068,-0.0403688153289201,-0.0477774417953091,0.192239736523414,-0.181374142405009,-0.0310501803850199,0.151884004152185,0.193093562396803,0.0419697083020398,-0.167060011245086,-0.133400442918037,0.0808676350403496,-0.0154998006851632,0.0589092362605807,-0.0837046574131872,0.0102700345775549,0.0401077032292031,-0.125778195800084,0.0358455662962194,-0.0457968290693079,-0.14910313081902,-0.158820476205608,-0.116469359071853,-0.0421329891656247,-0.239610267287467,0.063378635855715,-0.182603708414563,-0.210519365486406,-0.0382211233887185,0.108669294678814,-0.0231255306521857,0.0333688318160455,-0.0590430613100401,0.194214084061042,0.0265613492259142,-0.0288432378779375,-0.016738625395594,0.0810764595660277,0.0319310033816153,-0.0274137172620018,0.185135905302454
"6",0.240613556915757,-0.0367526295914836,-0.0566140095544939,0.0338532644712747,0.124452603834672,1,-0.182213926648716,-0.0151411942681841,-0.0066343947800159,0.0569040757187367,0.0394334193800548,0.0349041937326142,0.0432519178514102,-0.0438910831681507,0.0699671890501636,0.0649153358281935,-0.133634085361014,-0.091656199330541,0.0887777204218598,-0.08577703581201,0.0364676467653388,-0.137463917473641,-0.046443605517848,0.0554965717489323,0.0391015555363007,0.187237391925199,0.0718115225886476,-0.15983790974172,0.202616507263622,0.0472677972577667,0.275311236486928,-0.150193959065577,0.0461114305304266,-0.0539741931714397,-0.0535496568686276,0.042657988775848,-0.0618717846661752,-0.00611811382748264,-0.0604863730119106,-0.0545702938563328,-0.145578981857117,-0.00424597193400896,-0.0622229826031041,0.00498396154616438,-0.057208185999576,0.0452248465485846,-0.0805719757844996,0.147457866125044,-0.0947198973262012,-0.0467376116678456,-0.0199715559077277,-0.0509970943721865,-0.139281178013555,-0.0604693163270949,-0.0484413936760655,-0.0499202595729345,-0.0980569256769948,0.0589760737962177
"7",-0.305769341600254,-0.151637828454166,0.0945956913411468,-0.0226146554351664,-0.0890885346668395,-0.182213926648716,1,-0.166981587050165,-0.203483653271647,0.289991544873256,-0.24083645980541,0.0846254078252703,0.118328827332949,0.193102724806051,0.0479300232997312,-0.0781710165166832,-0.0237634839772109,0.0391330108914971,-0.141976585921623,0.055704383913954,-0.0501581853592628,0.170653337527277,0.0838958751966203,0.0577391446438959,-0.176834543638642,-0.29728211153563,0.0592335678177722,-0.0158885514479856,-0.254011028484504,-0.0829437284140179,-0.0809883283048505,0.094105927634189,0.100035254323226,0.0791519839349839,0.350413398960637,-0.218254216149685,-0.189758897517296,0.0862235266487469,-0.0176395984297942,-0.21105029044189,0.0503193798826357,0.0393621092844176,-0.0456658145720409,0.265779229069127,0.053001694678538,0.117812858358843,0.0287028405719105,-0.0593676886536977,0.0243610632708244,0.309103915743931,-0.152180999746661,-0.0432034916038394,0.131574788014319,-0.0812524501280838,0.155265192583109,0.0352916985347154,0.0630020278279747,-0.0472576846803751
"8",0.183656600233626,-0.0170424045682326,-0.192376718188211,-0.0153850495887206,0.0768298054803487,-0.0151411942681841,-0.166981587050165,1,0.134384730783743,0.0199353615085473,0.2709371095274,-0.194774556917435,-0.0698754642299732,0.0214153124122495,0.0583007255199294,-0.0394324207281481,-0.0506739307408057,0.02802287531864,0.0109679136989871,-0.103253838419658,0.0182351918512719,-0.277678626042046,-0.0077531452106858,0.126645872364162,0.280111820223305,0.2337246602812,-0.184069169375826,0.14715667933683,-0.0959376801278371,-0.0349402551750142,0.0470014560944717,0.0744795456186019,0.0812906805343487,0.152414184008364,-0.203886459044007,0.572663022849938,0.187620365893266,-0.254092976186821,-0.0355467864458106,0.277227819981626,-0.0392453367593111,-0.165657632166771,0.111907630484329,-0.188863245582296,0.133655955384096,-0.17528546873912,-0.0865740355304965,-0.17813188418947,0.0779499482743124,-0.113659352784324,0.0542017079288051,0.126922886151581,0.114632282611247,0.0393215926988421,-0.0201419242101755,0.126278243719944,-0.173254716816979,-0.0318499100258145
"9",0.155972998969563,0.171386697164826,-0.171131738094782,-0.0438135036635314,0.0793830670649667,-0.0066343947800159,-0.203483653271647,0.134384730783743,1,0.0155018274717633,-0.0527061547099066,-0.373730253834803,0.0773171284502063,-0.133755087522695,-0.16386866816409,0.0633613911492533,-0.0582321216417303,-0.049051914017693,0.119128784014946,0.180835204336649,0.0518686934775685,0.0400179784572305,0.0780932277879355,0.105815841233797,0.331741742922809,0.23434486611496,-0.167924494194448,0.236239342441816,0.127139276677393,0.119462652027937,0.0626061097297362,-0.0837887040169252,0.0249553201743579,-0.0360440797436936,-0.303017301088909,0.244473796142739,0.0189053339325382,-0.177955447819428,0.139338854978225,0.0964686109993151,-0.0777144838796651,-0.0387111981126866,0.126640125125603,-0.247601227757716,0.0699231209060154,-0.169625695793502,0.0739421832385841,0.0529966632829115,0.102005170019299,0.0226768039630179,0.0181059756053721,-0.182852689414933,-0.263923007764395,-0.248172543091487,-0.14319659802517,-0.133467808594584,0.0683461947922946,0.240351610695689
"10",-0.0389717684114944,0.160567705881217,0.0844067226834191,-0.0759315403642478,-0.0835090785147819,0.0569040757187367,0.289991544873257,0.0199353615085473,0.0155018274717633,1,0.0593695389142882,-0.00250743272031566,-0.0953173807883771,0.0383752622143168,0.0379759884605921,-0.0836913393951445,-0.177931318434965,0.080822317816349,0.0714428189622981,-0.253995755219229,0.130252245754461,0.0588544914430736,0.0499422227356679,-0.126019746212579,-0.0013706042375413,0.0294616993658924,-0.0506633555638398,-0.225803360567146,-0.195158790304751,-0.0543979844920976,0.104506537238931,0.118850370673743,0.0462265312619233,-0.0278580562780584,0.133782376207038,-0.00922200892246956,-0.0982014933369281,-0.201773279875351,-0.00573924092267911,0.0816028480981142,0.0104273557587593,-0.124435352598966,-0.0489697016079601,0.0967477341844354,-0.1243531875019,0.160329126601929,-0.179580051824713,-0.0743547759483668,0.00879137989925227,0.130268901976253,-0.0223650550799647,-0.0857881202188625,0.0292162364612401,-0.0756258340828743,0.150973636642838,0.102690638079873,-0.0201208660282448,0.110357126706972
"11",0.147618102406545,0.114579182013341,0.0547779099640735,-0.0842407241159143,0.17137003672881,0.0394334193800548,-0.24083645980541,0.2709371095274,-0.0527061547099066,0.0593695389142882,1,-0.0244966655985217,-0.210311247398903,-0.0500333734278803,0.113786801866316,-0.0776158843992849,-0.231774662202503,0.121224661906774,0.0283887548881881,0.0139033746153229,0.209933934136941,-0.173510653652716,0.0852317450126291,-0.134972843670801,0.227001497834481,0.320249970708804,-0.00413590964388169,0.0830360663941005,-0.139428894674802,0.111455918136158,0.00555553223775119,0.0475525482689905,-0.201297770482503,-0.0159266328781402,-0.154278344130031,0.231422067044995,0.18760548367235,-0.142517096655826,-0.173648829557172,0.151898979466545,0.0438737662763573,-0.138032044294989,0.0668038901138169,0.0247412739986772,-0.026887893899071,-0.234793641757248,-0.215413469175658,0.0261712803353852,-0.0586798054340246,-0.139951425574126,0.146040931014937,-0.0149997159647861,0.152196286995856,0.0596687061565611,-0.0814661284330788,0.0235885249111666,0.0525270675385598,0.0850182671930442
"12",-0.0527567657924089,-0.137910083839967,0.224315314679817,0.136095477854455,0.068802538108992,0.0349041937326142,0.0846254078252703,-0.194774556917435,-0.373730253834803,-0.00250743272031566,-0.0244966655985217,1,-0.0190673644405472,-0.0857395668817485,-0.151666247149513,-0.00454159588559234,-0.0428906983983522,-0.0691377512259955,-0.022997605547299,-0.215698109832737,0.0496231269455436,0.0550054255496751,-0.134067187830357,-0.225140951401095,-0.140331125682241,-0.133025624074427,0.126936030529972,-0.0311432002939307,-0.198335323214571,-0.167579524606274,-0.226467983579996,0.0727660746624651,-0.0369363268745295,-0.00088992000935244,0.252630721737854,-0.287397873661226,-0.0516258784831719,0.133804707147435,0.0453300140611924,-0.155376718682995,0.175866477829228,0.00731700849757966,-0.0553103169051005,0.0702354088162291,-0.181763954781769,0.0319801788141909,-0.0746336306275922,0.047947007974281,0.0359749861290663,-0.0909843282781472,0.091379124925533,0.0608832228023959,0.137536103794002,0.179101188795274,0.0441492171848769,0.095408210402564,0.107212160640356,-0.0144181736071751
"13",-0.106823289435028,-0.298435208957646,0.118410438053235,0.0949364470763666,0.031888425568284,0.0432519178514102,0.118328827332949,-0.0698754642299732,0.0773171284502063,-0.0953173807883771,-0.210311247398903,-0.0190673644405472,1,0.0558540854679931,0.158122573814823,0.0322907623567445,0.0723449553186513,0.0138972149498336,-0.0708487359315412,0.0325051021073271,-0.221631479620643,0.129273124737981,0.0117034016502701,0.00162721261001013,-0.0603255369139724,-0.0458967981400091,-0.0330931155377447,-0.112431929304771,-0.176593282663606,0.0894382383743453,0.00593035861023123,-0.0182835574016241,0.117462851686512,-0.0541427520063021,0.0779391469010246,0.121575655756904,0.149926650254364,0.0874585903693668,0.0883961682113503,-0.079514182665112,0.102496276911389,0.118927374823633,-0.0111521745616563,0.0276561232867391,-0.0142280205098667,-0.10771586821998,0.0363559088754852,0.0258846994728471,0.442413240369393,0.102209847223774,0.0280439687846769,-0.0974772778053458,0.0271783405093848,-0.0862613976559548,0.0082968447582014,0.0216590585585358,0.0638889495995258,0.141031699642934
"14",-0.192902204037502,-0.160149059158641,0.180725963834942,0.00671938625692531,-0.102232682139758,-0.0438910831681507,0.193102724806051,0.0214153124122495,-0.133755087522695,0.0383752622143168,-0.0500333734278803,-0.0857395668817486,0.0558540854679931,1,0.133636717829977,0.00890284733392626,0.149440062011974,0.371724395672199,0.0910513633978752,0.019984458002072,0.146959238523174,-0.0690275057477183,0.014893753971036,-0.0122248558764074,0.0826185623731211,0.0456856866242163,-0.0111081951695919,-0.106917813580388,-0.114005999032558,0.0319117405858359,0.136485559242893,0.205090084037477,0.0291034949540538,-0.0841296997673311,0.0670937127396406,-0.0366658376238404,0.167380706248009,0.170555322450305,-0.142577130684185,0.0762268781388491,0.135965633573738,0.00269435323234421,0.0141238246079694,0.221401937453086,0.125412565611659,0.0732326361645486,0.124991405213662,0.0988940179623421,0.033451083444429,0.578133353650796,-0.21716942907388,-0.115713153265681,0.0220875359708054,-0.0766620558885826,0.205181005013169,-0.106327306997815,-0.231807081395529,0.00709756370669265
"15",-0.0440268289991307,-0.148399785400628,-0.00328952195215068,0.0354179115682721,0.00174271719449087,0.0699671890501636,0.0479300232997312,0.0583007255199294,-0.16386866816409,0.0379759884605921,0.113786801866316,-0.151666247149513,0.158122573814823,0.133636717829977,1,0.0371324516688425,0.149749654449779,0.147083659745269,-0.0345311965087335,-0.0259669733029995,-0.0775783523994994,0.0814690740597635,0.0185491250872984,-0.050945579740739,-0.118059289874978,-0.128935624874459,0.0367161973832012,-0.204598156355275,-0.163582010723969,0.0154637974769485,0.214735495805355,-0.0586621742708233,0.344225002389918,0.118734035723941,-0.0289785263125382,0.0922272377443113,0.071804533371918,-0.116885859172779,-0.193826195664686,-0.0210426960538337,0.0546783561292046,-0.117604982554329,0.138299604044871,0.109501220640623,0.0571791929761304,0.0718234701223596,-0.160708722221144,-0.149403927868704,0.121956695080905,0.0556664077967294,0.107599161764519,-0.0483145560728305,-0.0127709355054045,-0.116415240257011,-0.0397970189677444,0.00583160331539592,0.00589863681141909,0.0526227307122574
"16",-0.0829919272341268,-0.0535218087267382,-0.0707828663291407,0.0222487015617481,-0.0120312852124386,0.0649153358281935,-0.0781710165166832,-0.0394324207281481,0.0633613911492533,-0.0836913393951445,-0.0776158843992849,-0.00454159588559234,0.0322907623567444,0.00890284733392626,0.0371324516688425,1,0.027544766703038,-0.0494893255436204,-0.0359981643042202,0.14810688404587,-0.0357260694332858,0.132721057398783,0.00582715604898652,-0.119863898894576,-0.0101672338497952,0.0826747971368308,-0.0218834738015088,0.0456754481907942,0.0804368437613566,0.0812881986800398,-0.166890966297834,0.0174125042554568,-0.106559068970686,0.0513148131058789,0.042807791137342,0.0613116508896685,-0.0781251986213958,0.176844025857892,-0.0760458146235647,-0.143844701414033,-0.0969342014168552,-0.0184871308511046,0.131741014241909,0.10392601099364,0.0517131269363505,0.113146690501177,0.0691151608093819,0.0457652591516436,-0.0361816979248811,0.058536360182864,-0.140917377593956,0.0347542453886248,-0.0904150712648426,0.0123979236480932,-0.00399975596284231,-0.0440341531305889,-0.159458599172965,0.0451417648361685
"17",-0.145473134690179,-0.141546161005404,0.0433805045903323,0.038910582554728,-0.0384150502739541,-0.133634085361014,-0.0237634839772109,-0.0506739307408057,-0.0582321216417303,-0.177931318434965,-0.231774662202503,-0.0428906983983522,0.0723449553186513,0.149440062011974,0.149749654449779,0.027544766703038,1,0.20139511684853,-0.00827506789548483,0.114524603824875,-0.106300475976305,0.203029640284966,-0.0107103363013052,-0.0480244975165074,-0.202209744919689,-0.124469388039722,0.123696137414535,-0.147550469112142,0.0804830511052983,0.106810760605843,0.199250810374811,0.0877922798574451,0.0503839801178512,0.174000394144978,-0.0339741397540792,-0.0621704966622216,-0.00342283334619253,0.0756442626230652,0.0472080378499845,-0.0511842691060349,0.0687387249757749,0.122981859271018,-0.0786450748486573,-0.00955687843755279,0.0535665810945158,0.10314979201914,0.0442018707263179,-0.107445130152811,-0.00865161795347639,0.112961301792882,-0.0821232197665732,-0.0694804376122543,-0.117778030530596,0.0861252270547288,0.123507018987159,0.167272254517073,-0.0270945227999778,0.158213369312072
"18",-0.168385796685267,-0.113330066710761,0.0480991997609105,0.0498414202280562,-0.0568098912484068,-0.0916561993305409,0.0391330108914972,0.02802287531864,-0.049051914017693,0.080822317816349,0.121224661906774,-0.0691377512259955,0.0138972149498336,0.371724395672199,0.147083659745269,-0.0494893255436204,0.20139511684853,1,-0.0471249041117233,-0.017414984242017,0.100547292174357,-0.1060123391991,-0.0449724544931834,-0.132964298788352,-0.0821066530605986,-0.136570904961314,0.174288905342846,-0.0824777615021006,-0.163628963696318,-0.0691004058629556,0.118633388004148,0.144867908192292,0.29475059093517,0.192165843127409,-0.0664084145057754,-0.181753565795802,0.024640728031809,0.0885571099532444,0.180454720818793,0.106911034311005,0.00942329435845586,0.0138576889741456,0.0898720429173781,0.177371466723115,0.193890853910093,0.12347261090738,-0.148795700642525,-0.135866196921254,0.047063992193688,0.369601600221674,-0.120205717922403,-0.204947974520172,0.043346383084793,-0.0890303430535641,0.0321160180860523,-0.156033730031897,0.0727843718909154,0.0617062778027276
"19",-0.0349918119033824,0.238755151843102,-0.070627090809528,-0.0308594612303622,-0.0403688153289201,0.0887777204218598,-0.141976585921623,0.0109679136989871,0.119128784014946,0.0714428189622981,0.0283887548881881,-0.022997605547299,-0.0708487359315412,0.0910513633978752,-0.0345311965087335,-0.0359981643042202,-0.00827506789548483,-0.0471249041117233,1,-0.00174385408999472,0.2165944708529,-0.0137245083402103,-0.041382683636883,0.175836268868383,0.0154315493771438,0.129960719051361,-0.163256713792671,-0.0387126906036056,0.00606168544388571,0.235997974537537,0.342366567436512,0.0950675016405841,0.0275329282859766,-0.0976062065654209,-0.0500126969031448,0.00612563407363153,0.00637447232273329,-0.0399284189371859,-0.145689314611125,-0.0549883623284702,-0.108026946317288,-0.0664617864012539,-0.0329726541225054,0.0412714905239552,-0.117975246375912,-0.0418041768964467,0.0390357335962073,0.0824148986417517,-0.171261200094067,0.120271929196768,0.0141098824530786,0.00664169592778683,-0.229805208195681,-0.0983934171488542,-0.143303971823557,-0.120668829295026,-0.109594120941389,0.0735917070152913
"20",-0.0562368014624826,-0.0283347924581046,-0.239333899421937,-0.192405293548959,-0.0477774417953091,-0.08577703581201,0.055704383913954,-0.103253838419658,0.180835204336649,-0.253995755219229,0.0139033746153229,-0.215698109832737,0.0325051021073271,0.019984458002072,-0.0259669733029995,0.14810688404587,0.114524603824875,-0.017414984242017,-0.00174385408999472,1,0.144616864364232,0.0890108197836495,0.181811971775297,0.210581982647637,0.0780353154658541,0.081556722908808,-0.119472934599464,0.122521477164771,-0.0112634656457319,0.0366792307214081,0.0190363894898961,0.212202786693469,-0.12473981695615,-0.0769558763528919,-0.146678334573692,0.0352293802457702,0.0541403594431795,0.0920825398887842,-0.0349984160493859,-0.105530614395099,0.118446127849819,0.00658743993252328,-0.00263760305193681,-0.0885634390870525,0.00549157957170198,-0.260989731564464,0.248200163485283,0.0136183914179846,0.0663406806967036,0.0863224421208698,-0.102519233639428,-0.136751352828745,-0.085075413008591,-0.101227489334578,-0.126497688623957,-0.0177941533160276,-0.079216604876025,0.0316355752188892
"21",-0.0211562583477678,0.204552800943886,0.0968452115904238,-0.0630204077924098,0.192239736523414,0.0364676467653388,-0.0501581853592628,0.0182351918512719,0.0518686934775685,0.130252245754461,0.209933934136941,0.0496231269455436,-0.221631479620643,0.146959238523174,-0.0775783523994994,-0.0357260694332858,-0.106300475976305,0.100547292174357,0.2165944708529,0.144616864364232,1,-0.282983395753363,-0.100836663205162,0.105427374404548,0.16626293846296,0.0759566996626736,-0.0886670298160214,-0.106423037348459,0.0221059084700722,-0.0848528985923112,0.10151764217164,0.233662672904883,-0.0765159761957364,0.0100032605796781,-0.179198853751477,-0.00694913028313216,-0.0917725948019819,-0.0674011107222306,-0.151564792271317,0.0691610889023777,0.115823232807598,-0.0795849339568175,-0.160175518423895,0.0791203395218378,0.00926467541339009,-0.0186019699385104,-0.0825632381555548,0.117619688055593,0.0237353934141017,0.128384140413762,0.00208550455664533,0.12340634040327,-0.0275257639653836,-0.136556341273741,-0.0310826888293647,-0.0569224082838081,0.00077123229319795,0.138384149026113
"22",-0.0335003369188391,-0.0819790060268595,0.107950659540131,-0.117199717156329,-0.181374142405009,-0.137463917473641,0.170653337527277,-0.277678626042046,0.0400179784572305,0.0588544914430736,-0.173510653652717,0.0550054255496751,0.129273124737981,-0.0690275057477183,0.0814690740597635,0.132721057398783,0.203029640284966,-0.1060123391991,-0.0137245083402103,0.0890108197836495,-0.282983395753363,1,0.129895130949858,-0.134355933746919,-0.0914907370613745,-0.0466997854698194,-0.0334008397048007,-0.017108005050247,-0.152452637230846,0.139988535235445,-0.0382445125542545,-0.139156327531195,-0.037098707901429,0.0173205099077217,0.11776216537252,-0.104752653901015,-0.0137554484124907,0.0742791615397985,0.045952278755674,-0.397077987340234,-0.00822187830037335,-0.0758339548124305,-0.0377794466816804,0.130418927797208,0.0193504572825928,0.201394019119525,-0.031123403574472,-0.167051849276438,0.134925688988599,0.0629107567501601,0.0375621164570903,-0.334736454362839,-0.0460527177587048,-0.0909120598523889,0.156179159714644,-0.0357872505958474,0.07665333130655,-0.00768253057333231
"23",-0.147704039525823,-0.0393116580782603,0.0036746451596448,-0.105033714590445,-0.0310501803850199,-0.046443605517848,0.0838958751966203,-0.0077531452106858,0.0780932277879355,0.0499422227356679,0.0852317450126291,-0.134067187830357,0.0117034016502701,0.014893753971036,0.0185491250872984,0.00582715604898652,-0.0107103363013052,-0.0449724544931834,-0.041382683636883,0.181811971775297,-0.100836663205162,0.129895130949858,1,0.232291111905908,0.129981811830984,-0.0463484732396832,-0.24748621569069,-0.00462700331464646,-0.200648520358321,0.162017572674841,0.133916283104971,-0.173942127711416,-0.0704601840773667,-0.00311014711160917,-0.0966312303080771,0.103490758353615,0.0663358605796816,0.0970833302747731,-0.0784956959598664,0.0163484777977325,-0.191243478094041,-0.197987676482586,0.0696550168121642,-8.41169443286601e-05,-0.00133888790055312,0.0205561740741669,0.00025016472947391,-0.0819292003996478,-0.210307895615312,-0.00697875301661283,-0.232799437052454,-0.0940900574802081,0.115880248375798,-0.125035737399888,-0.0163129937285419,-0.197196134770612,-0.0702392310357263,0.0852439803846375
"24",0.00943259917049949,0.111724894024543,-0.0225937325417389,-0.186766561928321,0.151884004152185,0.0554965717489323,0.0577391446438959,0.126645872364162,0.105815841233797,-0.126019746212579,-0.134972843670801,-0.225140951401096,0.00162721261001013,-0.0122248558764074,-0.050945579740739,-0.119863898894576,-0.0480244975165074,-0.132964298788352,0.175836268868383,0.210581982647637,0.105427374404548,-0.134355933746919,0.232291111905908,1,0.119661647238672,0.0683298840538291,-0.140906821302293,-0.0745469251905782,-0.00886435061180989,0.080968170161415,0.12968148662027,-0.0790431176884401,-0.0251015054693717,-0.157600072805773,-0.0887454559971708,0.188136452685081,-0.124442621509294,0.0382572703967224,-0.126180068903968,-0.0344059953936752,-0.169588884041278,-0.199580646652892,-0.0847444463700749,-0.195260867291825,0.0993138243905342,-0.116878318892852,0.174580515552199,-0.0498164163335132,-0.0932014015363728,-0.0810725590089225,-0.223341389349383,0.0847437758534523,-0.123895113943263,-0.291102530112808,0.115288456515884,-0.00475765249330062,-0.0238817185696364,-0.0218008319393971
"25",0.156084128914382,0.0932512549760034,0.109918594697078,-0.016878188469739,0.193093562396803,0.0391015555363007,-0.176834543638642,0.280111820223305,0.331741742922809,-0.0013706042375413,0.227001497834481,-0.140331125682241,-0.0603255369139724,0.0826185623731211,-0.118059289874978,-0.0101672338497952,-0.202209744919689,-0.0821066530605986,0.0154315493771438,0.0780353154658541,0.16626293846296,-0.0914907370613745,0.129981811830984,0.119661647238672,1,0.383173744407984,-0.143187554701361,0.203427380232674,-0.0153545772250755,0.0637586000194887,0.0409033474222188,0.0879502659410046,-0.197824221832814,-0.118983687142104,-0.140787604291733,0.392046762555411,0.192349390279204,-0.16900614639165,-0.0496358027371677,0.150467336882184,0.0137250532435588,-0.200467253746797,0.0502332995280187,-0.102890420996515,-0.137324891485857,-0.241367758511736,-0.0406968557267457,0.0461163244242352,0.0401376638452603,-0.146548365204214,0.0101022121216761,-0.064453083387402,-0.125335677508436,-0.00703123560986551,-0.0671606358047286,0.00657880245767401,-0.154893351814363,0.0477538033397423
"26",0.236133562636911,0.0873592736261315,-0.08292584840907,0.00296469680667755,0.0419697083020398,0.187237391925199,-0.29728211153563,0.2337246602812,0.23434486611496,0.0294616993658924,0.320249970708804,-0.133025624074427,-0.0458967981400091,0.0456856866242163,-0.128935624874459,0.0826747971368308,-0.124469388039722,-0.136570904961314,0.129960719051361,0.081556722908808,0.0759566996626736,-0.0466997854698194,-0.0463484732396832,0.0683298840538291,0.383173744407984,1,-0.142747392169031,0.221414975846915,-0.0915034772272118,0.120524416596839,0.105161803021384,0.023099635026629,-0.219625682460793,-0.241310689184117,-0.301424379440603,0.362568574886119,0.148053001217281,-0.135362929785405,-0.12624143476115,0.0978778203529834,0.0713589705390205,-0.184231777635144,0.0455326159123373,-0.0525943395751797,0.118727023418573,-0.0698733342121981,0.021234795572934,0.00500846616460379,-0.0585526218173044,-0.141494970700156,-0.0322045140532874,-0.0257597117716588,-0.0552373594100306,0.0431505279564016,-0.00806189388128889,0.16598089065825,-0.101510761921658,0.0804005966090329
"27",0.0650777214410519,-0.039804547474299,0.160954912759506,0.150648394160879,-0.167060011245086,0.0718115225886476,0.0592335678177722,-0.184069169375826,-0.167924494194448,-0.0506633555638398,-0.00413590964388169,0.126936030529972,-0.0330931155377447,-0.0111081951695919,0.0367161973832012,-0.0218834738015088,0.123696137414535,0.174288905342846,-0.163256713792671,-0.119472934599464,-0.0886670298160214,-0.0334008397048007,-0.24748621569069,-0.140906821302293,-0.143187554701361,-0.142747392169031,1,-0.0258933532809619,0.242400101049328,0.0398774235489514,-0.0870987651619231,-0.169358528768304,0.0563470637920574,0.008222565166836,0.121575753730178,-0.107859687509215,-0.16533785605733,0.151199489156231,0.0572607709981738,-0.0896837873658498,0.0854751700728792,0.068329417517038,-0.159686658003277,0.070044144184332,0.119318060292248,-0.02379200458948,-0.172205255564703,-0.0294884950242069,0.00134869984769994,-0.00567770227060662,-0.104880242790309,-0.242935708112873,0.0377611062758617,0.0224056242226777,0.187158304320387,0.0580464740502,0.15494280671665,-0.0678733436587328
"28",0.0747626853834761,-0.0397440224268316,-0.161989047437615,-0.0790339166057859,-0.133400442918037,-0.15983790974172,-0.0158885514479856,0.14715667933683,0.236239342441816,-0.225803360567146,0.0830360663941005,-0.0311432002939307,-0.112431929304771,-0.106917813580388,-0.204598156355275,0.0456754481907942,-0.147550469112142,-0.0824777615021006,-0.0387126906036056,0.122521477164771,-0.106423037348459,-0.017108005050247,-0.00462700331464646,-0.0745469251905782,0.203427380232674,0.221414975846915,-0.0258933532809619,1,0.0602716331037858,0.0131408586150319,-0.133604018353004,0.0432261246265794,-0.142517133370233,-0.0915663571547592,-0.15918190593433,0.245942685513034,-0.00943633801143222,-0.0553955496561,0.0472808811538758,0.0585415037319163,-0.19520265944042,0.0317329070328087,0.0461259173524536,-0.0631243660755572,0.108555007967173,0.0462783218200466,0.0111001234564924,-0.0117683563996997,-0.1125635171884,-0.115240793031602,-0.0989933825458165,-0.0961530386502257,-0.0731403819263337,-0.0730734441356505,-0.250450755789937,-0.188193446388236,-0.109857677410308,-0.0983527549859097
"29",0.171272924547023,0.241572382990043,-0.208177648400128,0.144612898832513,0.0808676350403496,0.202616507263622,-0.254011028484504,-0.0959376801278371,0.127139276677393,-0.195158790304751,-0.139428894674802,-0.198335323214571,-0.176593282663606,-0.114005999032558,-0.163582010723969,0.0804368437613566,0.0804830511052983,-0.163628963696318,0.00606168544388571,-0.0112634656457319,0.0221059084700722,-0.152452637230846,-0.200648520358321,-0.00886435061180989,-0.0153545772250755,-0.0915034772272118,0.242400101049328,0.0602716331037858,1,0.0816081215071922,-0.0527622833112862,-0.189810845279828,-0.0157559075786236,0.106536902659096,-0.238464360083608,0.0248006207987044,-0.108106916181298,-0.0757882737679659,0.0052019587878412,-0.024625041019226,-0.0622299655765202,0.0594812737120435,-0.102155738947306,-0.049895119876909,-0.0334453895134418,-0.0267226057040634,0.229306308875868,0.104194768868811,-0.102754661054187,-0.132998368597719,-0.0749302873083956,-0.0738152898887199,-0.22049398737845,0.0326174170945926,0.0164865413205205,-0.0740381467779311,-0.0361535868647023,0.0296770890704751
"30",0.00412667892924923,0.0903430554422182,-0.0191250046759963,-0.117703065082357,-0.0154998006851632,0.0472677972577667,-0.0829437284140179,-0.0349402551750142,0.119462652027937,-0.0543979844920976,0.111455918136158,-0.167579524606274,0.0894382383743453,0.0319117405858359,0.0154637974769485,0.0812881986800398,0.106810760605843,-0.0691004058629556,0.235997974537537,0.0366792307214081,-0.0848528985923112,0.139988535235445,0.162017572674841,0.080968170161415,0.0637586000194887,0.120524416596839,0.0398774235489514,0.0131408586150319,0.0816081215071922,1,0.111413765212818,-0.0740244860229677,-0.157658115819335,0.0209661942330824,-0.0918056073778183,0.19205445616248,-0.0871619661791518,0.0576304305553596,-0.0895994054811916,0.0468502670896078,-0.228955601510302,-0.112748345055471,0.0104323602321672,0.0335351704004585,0.024030047987642,0.0635342962913817,-0.109682859276561,-0.0322835820948254,-0.112919930631727,0.0673993612675402,-0.0664672774665097,-0.0444651209656685,-0.148866282461915,-0.0779596602411214,-0.0408958489057252,-0.106653661950985,-0.11352106642506,0.196284288717074
"31",-0.0169061238514308,-0.00533658941760638,-0.0693275069425435,-0.039826690578114,0.0589092362605807,0.275311236486928,-0.0809883283048505,0.0470014560944717,0.0626061097297362,0.104506537238931,0.00555553223775119,-0.226467983579996,0.00593035861023123,0.136485559242893,0.214735495805355,-0.166890966297834,0.199250810374811,0.118633388004148,0.342366567436512,0.0190363894898961,0.10151764217164,-0.0382445125542545,0.133916283104971,0.12968148662027,0.0409033474222188,0.105161803021384,-0.0870987651619231,-0.133604018353004,-0.0527622833112862,0.111413765212818,1,7.48102353238854e-05,0.304607177381776,0.0126708241432446,0.0177410574150093,0.058986666578443,-0.118108919887657,2.85756473538038e-05,-0.0362505885262656,-0.0188918965276117,-0.119546949537112,-0.103540693672726,0.0070676549841258,-0.0099756914445672,0.106554693554098,-0.136572051711763,-0.0557920503655726,-0.0360229363965109,-0.176922081687694,0.00023959995103423,-0.137028171984002,-0.100076060932062,-0.203376179849475,-0.12131720376748,-0.0597984586514147,-0.107926115622781,-0.00149675640003217,0.0550220315866981
"32",-0.129628381807246,0.0218195568050378,-0.00912477323937086,-0.126475443642023,-0.0837046574131872,-0.150193959065577,0.094105927634189,0.0744795456186019,-0.0837887040169252,0.118850370673743,0.0475525482689905,0.0727660746624651,-0.0182835574016241,0.205090084037477,-0.0586621742708233,0.0174125042554568,0.0877922798574451,0.144867908192292,0.0950675016405841,0.212202786693469,0.233662672904883,-0.139156327531195,-0.173942127711416,-0.0790431176884401,0.0879502659410046,0.023099635026629,-0.169358528768304,0.0432261246265794,-0.189810845279828,-0.0740244860229677,7.48102353238854e-05,1,-0.103927766195901,-0.00354117000616189,0.0342434736971575,-0.0323688266561294,0.0919692536871855,-0.0791772151433382,-0.0756017191816225,0.217805700338875,0.0510780392766262,0.15724738541802,-0.189652567797891,-0.0548103951107112,-0.151995275005219,-0.030606101053461,-0.0906401150770903,0.0873754538884182,-0.0564729394131587,0.198209982118469,0.0142938795516808,0.212832565196103,0.0180658354809052,0.150291188471924,0.0762813561206743,0.0689933577111995,-0.144718496891079,-0.123942477505402
"33",-0.0704643343304325,-0.0107341577738894,-0.028077435314822,0.0731609559022525,0.0102700345775549,0.0461114305304266,0.100035254323226,0.0812906805343487,0.0249553201743579,0.0462265312619233,-0.201297770482503,-0.0369363268745295,0.117462851686512,0.0291034949540538,0.344225002389918,-0.106559068970686,0.0503839801178511,0.29475059093517,0.0275329282859766,-0.12473981695615,-0.0765159761957364,-0.037098707901429,-0.0704601840773667,-0.0251015054693717,-0.197824221832814,-0.219625682460793,0.0563470637920574,-0.142517133370233,-0.0157559075786236,-0.157658115819335,0.304607177381776,-0.103927766195901,1,0.226820834804112,-0.00679231597185272,-0.015559615657673,0.0638848274033998,0.023793456588241,0.209795548547904,-0.0228587595514918,0.0512776245187891,-0.0270071399832484,0.0941837163237842,0.0520076683264643,0.00681205609921615,-0.0858433147659902,-0.0318546488822469,-0.26331107580382,0.0199898106317957,0.0601022392976487,-0.0254551374939057,-0.0246832386056623,-0.0787723677761754,-0.12063349409871,-0.095633564165645,-0.0321259534241331,0.166603471749386,-0.115490985129612
"34",-0.145265690194696,-0.0059996110415834,-0.167432215319794,-0.0312306208494649,0.0401077032292031,-0.0539741931714397,0.0791519839349839,0.152414184008364,-0.0360440797436936,-0.0278580562780584,-0.0159266328781402,-0.00088992000935244,-0.0541427520063021,-0.0841296997673311,0.118734035723941,0.0513148131058789,0.174000394144978,0.192165843127409,-0.0976062065654209,-0.0769558763528918,0.0100032605796781,0.0173205099077217,-0.00311014711160917,-0.157600072805773,-0.118983687142104,-0.241310689184117,0.008222565166836,-0.0915663571547592,0.106536902659096,0.0209661942330824,0.0126708241432446,-0.00354117000616189,0.226820834804112,1,-0.0808302965461507,0.062308413654153,-0.0742481485626603,-0.158377268281607,0.0366606304533819,-0.0365960581734698,-0.062439865096025,-0.0423364372405172,0.136077073187893,-0.0202337771175162,0.0131323232711686,0.0936774261635659,-0.217653302309095,-0.184417142019976,0.00326844238516224,0.0109759228583145,-0.0501825854316577,-0.00979008800680413,0.159769010321235,-0.0646797278746844,-0.0171190022945307,0.067207983965234,0.118053060171787,-0.0256963732267439
"35",-0.126133193753713,-0.247447318220083,0.132459579842391,-0.122410024559141,-0.125778195800084,-0.0535496568686276,0.350413398960637,-0.203886459044007,-0.303017301088909,0.133782376207038,-0.154278344130031,0.252630721737854,0.0779391469010246,0.0670937127396406,-0.0289785263125382,0.042807791137342,-0.0339741397540792,-0.0664084145057754,-0.0500126969031448,-0.146678334573692,-0.179198853751477,0.11776216537252,-0.0966312303080771,-0.0887454559971708,-0.140787604291733,-0.301424379440603,0.121575753730178,-0.15918190593433,-0.238464360083608,-0.0918056073778183,0.0177410574150093,0.0342434736971575,-0.00679231597185272,-0.0808302965461507,1,-0.266969364790832,-0.0447140161568334,0.12921214681018,0.11344385190074,-0.182423210300915,-0.0221903482591383,0.0815440791827507,-0.0970856705675811,0.138440590963564,-0.0100673460735361,0.0852532464461373,-0.141919603707947,0.0240916360985827,-0.0162275026822105,0.0567075475059052,-0.165941390603482,0.137860137323283,-0.00719121499362137,0.164524443161411,0.137699131613042,0.0242205818107787,0.0676523935973731,-0.244880778762779
