"","l_Insular.Cortex","r_Insular.Cortex","l_Amygdal.Area","r_Amygdal.Area","l_Bed.Nucleus.of.the.Stria.Terminalis","r_Bed.Nucleus.of.the.Stria.Terminalis","l_Hippocampus","r_Hippocampus","l_Orbitofrontal.cortex","r_Orbitofrontal.cortex","l_Entorhinal.Cortex","r_Entorhinal.Cortex","l_Frontal.Association.Cortex","r_Frontal.Association.Cortex","l_Globus.Pallidus","r_Globus.Pallidus","l_Glomerular.Layer.of.the.Accessory.Olfactory.Bulb","r_Glomerular.Layer.of.the.Accessory.Olfactory.Bulb","l_Glomerular.Layer.of.the.Olfactory.Bulb","r_Glomerular.Layer.of.the.Olfactory.Bulb","l_Granule.Cell.Level.of.the.Cerebellum","r_Granule.Cell.Level.of.the.Cerebellum","l_Hypothalamic.Region","r_Hypothalamic.Region","l_Entorhinal.Cortex","r_Entorhinal.Cortex","l_Vermix.Molecular.Layer.of.the.Cerebellum","r_Vermix.Molecular.Layer.of.the.Cerebellum","l_Lateral.Molecular.Layer.of.the.Cerebellum","r_Lateral.Molecular.Layer.of.the.Cerebellum","l_Anterior.Olfactory.Bulb","r_Anterior.Olfactory.Bulb","l_Posterior.Olfactory.Bulb","r_Posterior.Olfactory.Bulb","l_Subiculum","r_Subiculum","l_Perirhinal.Area","r_Perirhinal.Area","l_PreLimbic.System","r_PreLimbic.System","l_Primary.Cingular.Cortex","r_Primary.Cingular.Cortex","l_Primary.Motor.Cortex","r_Primary.Motor.Cortex","l_Retrosplenial.Cortex","r_Retrosplenial.Cortex","l_Secondary.Cingular.Cortex","r_Secondary.Cingular.Cortex","l_Secondary.Motor.Cortex","r_Secondary.Motor.Cortex","l_Striatum","r_Striatum","l_Ventral.Tegmental.Area","r_Ventral.Tegmental.Area","l_Substantia.Nigra","r_Substantia.Nigra","l_Thalamus","r_Thalamus"
"1",1,0.241166751608576,0.08609397372554,0.00712525576801378,0.106982917898289,0.221391193187564,0.107588085361584,-0.177441527226369,0.259789146013859,0.0918091286028518,0.298379485583161,-0.0127477312929218,-0.0710593193988012,-0.109889537319031,0.0750507189587288,0.0525298767687973,-0.121462081014613,-0.0110181729690587,0.0301580208977769,0.125211112157751,-0.180687275212522,-0.0727748993533939,-0.00974741041734691,-0.0783426609111417,0.00972280926349721,0.0199887741625875,0.0329902172400519,0.161901700631875,-0.113922331022377,-0.0302059704448546,-0.0333809980613504,0.00885838938015934,0.220883751604858,-0.0104747491767896,0.0674432413466305,-0.0273679530282349,0.0358779412554452,0.0123342276286959,-0.046708060483064,0.0991393353478145,-0.119873799116172,-0.0454819396338481,-0.169629379198942,-0.109079890493409,0.129526758100463,-0.155745630016148,0.071982964569527,0.155817990792661,-0.219189425225538,-0.0770603241179395,0.15350770663659,0.148487877773162,-0.0890928797675805,0.0183430323448582,-0.0630300276690503,-0.0451454835805618,0.0513078855125991,-0.0057620813536389
"2",0.241166751608576,1,0.0154184578635515,-0.00065903868792951,-0.0920159086808118,0.0213538435962285,-0.134350928173808,0.0763955793711016,0.0317894478355262,0.18854446781337,-0.00062498796346017,0.00710052403160626,-0.133125727189492,-0.0547527675228316,0.0430329980654412,-0.00268206000964049,-0.0988397334954829,-0.0876047790791894,-0.0816259213798864,0.0457677835968266,-0.0692166615205705,-0.142061563855117,-0.0757639788830307,0.0313774806993109,0.081717737178005,-0.0702334699263774,0.197866191025225,0.0273359289366626,0.0090894532596724,0.00140515813647713,-0.194598216764897,0.0917817150644007,0.0230665765443396,0.12197593943986,-0.0729737456436944,-0.0231810326525342,-0.0969221048161529,0.0782270072271841,0.0777283412176218,0.0058318414224521,-0.131977069760885,0.0174314255961039,-0.0872713121666525,0.0129410835824175,-0.00183448396162556,0.0047057639221103,0.0402577799127046,0.0474983433301093,-0.179505161028131,-0.0137336644717243,0.0825977039830524,0.188906222479328,-0.231743391162248,0.252291341084178,0.0209201008514866,-0.098851009001749,-0.0427403808320339,-0.0272227071136106
"3",0.08609397372554,0.0154184578635515,1,0.0837764699642102,0.113639169564657,0.0511513186066485,-0.0359907857291527,-0.0336532877849705,0.0781869028621496,-0.0675599064259549,0.110547107048359,-0.0572453425240812,-0.115748087283362,0.0760927826651635,-0.136226711995945,-0.108919381016391,0.116273635481274,0.0345099814151807,-0.00195180778508645,0.0472145990239237,-0.128268329731765,0.0048040270388516,0.0870761265217795,-0.00633458781859009,0.0121881498154427,-0.176559867697399,-0.0349335788282864,-0.139328443857606,-0.0877931764565098,-0.0853647392839857,0.0916426974899896,0.0312529124028418,0.0426689821808804,-0.0693229039842099,0.117568633140393,-0.220517824174666,0.172061800501134,-0.117746116639013,0.197023144837438,-0.156780586758925,0.00907590836009781,0.0645491364316468,-0.211562164722178,-0.157956207955417,-0.00210835447043684,-0.00773274535456756,-0.181981153788321,-0.199507753318956,-0.116739290346659,-0.146175178577404,0.0116678196493808,-0.0263674270338128,0.0667951505662514,0.166726135135067,-0.0422121269787891,-0.0466072921035728,0.00165800076938145,-0.0434526220240117
"4",0.00712525576801378,-0.00065903868792951,0.0837764699642102,1,-0.0612333024914083,0.0251142482076577,-0.116320476694518,0.0180627060434038,0.00109296706152486,-0.109563416096588,0.0424941076711928,0.0749852004897954,-0.0999293696521908,-0.0297411246054405,0.0931311871757268,-0.168408117761955,0.1802250112395,-0.0262493784110434,-0.0179579702994791,-0.0390501109255124,0.0236396697878,-0.156750572743944,0.13632177302726,-0.0277123711053986,-0.136789922071204,0.0984997270221997,0.0749322051520441,-0.140948730622548,-0.16910844591334,0.0127958324656374,-0.0170138899606634,0.0934299205091471,-0.231275306595168,0.0163394209059049,-0.0356083675638457,0.134988744964497,0.0267450223634674,-0.0218754182917766,0.0403795182738436,-0.182147980245566,0.0810663133062443,0.0760341915995937,0.0276734601178569,0.0909521839965639,0.0733493466365751,0.0192456985071331,-0.00071862092339182,0.053619182695112,0.142435749277521,0.0723327637138836,-0.022828210562237,-0.149478723376678,0.0606753789110324,-0.0176517577700941,-0.189003222199503,-0.0962301182146906,-0.0234866129401412,0.327999416236508
"5",0.106982917898289,-0.0920159086808118,0.113639169564657,-0.0612333024914083,1,0.042186661149718,0.146328631507766,0.0554429574162386,-0.00862009731010855,-0.17533881924135,0.0233368840142113,-0.219423092647245,0.0873490801098886,0.0974598711542767,0.0633984411719094,-0.00132999447772687,0.00232754294381774,-0.0152872361796907,0.0886269418892396,-0.0164967776908899,-0.0643176188397686,0.0105795658888992,0.0064077317844165,0.0970876211316752,0.0577736224957377,0.0982109153746855,-0.0136980295377135,0.04059879674929,0.0918395737714387,-0.0824025764160689,0.0522729659984046,-0.144782965089569,0.0874920887626797,-0.127001668690377,0.111107001014828,-0.231364970877422,-0.0956563593346718,0.00833824384180369,-0.0429606917112798,-0.0394738174661528,-0.0290322213020769,0.106852415294181,0.0572260009900468,0.0534949780676144,-0.0832022157253419,-0.017916468811119,-0.081739793401457,-0.108823833927442,-0.146692416136332,0.114710674023102,0.0429313392853843,0.102732192655723,-0.0481666827602913,0.00734222457827349,-0.156697311072301,-0.118123771259549,0.192716956661759,0.0676239026689236
"6",0.221391193187564,0.0213538435962285,0.0511513186066485,0.0251142482076577,0.042186661149718,1,-0.0478566954414947,-0.101267162068598,0.143618800669839,-0.00602661834783307,0.0690536048927347,-0.0160375640508969,0.0240685585424083,0.168561050776446,0.0267353525340112,-0.0895059792570898,-0.0752192426685696,0.00764078787417625,0.249752323189709,0.00064620270241517,0.0474383016560736,0.043256617177909,0.206172567967909,0.0354661271644621,0.205753882710922,0.0366783763728944,-0.128764211827273,0.0193487958801051,0.106722616532128,0.0320870057048805,0.0542473336454861,-0.0528879828544434,0.0762878837269824,-0.151631429356359,0.0656043350479221,-0.0565490678004354,0.0511547417182387,-0.0126070274210879,-0.0613234716683901,0.0519916395505952,-0.0382867967169696,-0.0353155487111142,-0.230716746276505,0.0653339786910718,0.18204567058007,-0.093366144821173,0.0265965229539927,0.0160543963708105,-0.196312451202782,0.19950712175226,0.0284353566340783,0.0248360759664631,0.0550469349276121,-0.0512552274814518,0.0387986127682543,0.0567323693923224,0.0560991397248874,0.175650458807066
"7",0.107588085361584,-0.134350928173808,-0.0359907857291527,-0.116320476694518,0.146328631507766,-0.0478566954414948,1,0.10307714552755,-0.218936731152752,-0.0727563066778866,0.133793544041133,0.115420836751936,0.0960978570637788,-0.0674938944090407,0.0779094809310949,0.00922178981384471,0.236811194972351,-0.0523611014555311,0.0193327842551703,0.0686377106051899,-0.0846487966351838,-0.0499296159563776,0.103060062710176,0.224146479645588,0.0842180279916816,0.176666711141542,-0.174761429498745,-0.0745968447473147,-0.149532039646761,-0.0447566466016005,-0.127406494143979,0.0923830010006315,0.0918029201913377,0.08859847271144,0.230135831055731,0.0731322344536915,0.0983847042578145,0.132238602976612,-0.0719925418046465,-0.222236076123182,-0.0303658918637084,-0.080788418692981,0.0903914695264445,-0.111376288544287,-0.00018543603684756,-0.198097709435527,-0.0613576088063615,-0.167751183555043,-0.00502434184955206,0.0138445996274117,0.219993233601399,0.0384924653250778,-0.0910463042028928,0.0772533639949927,-0.0279724413236707,-0.0405097373927182,0.02392146398394,0.0686652330907771
"8",-0.177441527226369,0.0763955793711016,-0.0336532877849705,0.0180627060434038,0.0554429574162386,-0.101267162068598,0.10307714552755,1,-0.189155877635584,-0.0341704723606615,-0.115179990909092,-0.218541738064339,0.042998137564326,-0.184234166555691,0.18363683176598,0.122935489451597,-0.0040526734564519,-0.226292376868015,-0.0588554898122694,0.122925521891269,-0.104496510715369,-0.219128553308616,-0.13329951044747,0.180195178693914,-0.0366476338637744,0.0825720287898102,-0.0593373189409909,-0.106434208939325,-0.00393984255165692,-0.0148916110912343,-0.120374577734893,-0.0823653454593474,-0.0974695236623398,-0.0638916435598044,-0.0614931099813841,0.0897470619746674,-0.136108376580282,-0.0756847380761042,0.0231641358022257,-0.0773691111982424,0.186347965256737,0.0849771626846251,0.0382021003355049,0.18003603066107,-0.0442687254788241,0.102506863029432,0.163827470007799,-0.00315003580326878,0.12164128504842,-0.0434171241711845,-0.00744178152349121,-0.31082052596421,-0.0317995572090271,0.106349344357512,0.0630704141286707,0.174049196257063,-0.0297445751017458,0.169105033770725
"9",0.259789146013859,0.0317894478355262,0.0781869028621496,0.00109296706152486,-0.00862009731010855,0.143618800669839,-0.218936731152752,-0.189155877635584,1,-0.0663687989744153,-0.0505293831299166,-0.0468577708583908,0.0732352854469393,0.102462110114462,0.0894656496418087,-0.234008247016397,-0.113217487062117,0.0943380951473321,-0.021578339894132,-0.00658307920164003,0.0256343355085186,0.035913696208353,-0.155568895044366,-0.0525559420369468,-0.0132361827208708,0.0475144026814897,0.141113478598985,0.0597802273681554,0.0325491881907927,0.171296186998755,0.0519292215393969,0.141246160640628,-0.0849424095657682,-0.0314531863459102,0.0534353898581161,-0.156723785391884,0.0186567143166656,0.073768888630894,-0.0861776378641767,-0.0944182272463271,0.0330142824265906,0.232340121264339,-0.0613296594864389,0.0649415120801456,-0.0454474360931116,-0.0163721563852848,-0.107771750952835,0.0436886681548297,0.0049476238391838,-0.0231827462045206,-0.072289516628664,0.0365655088657215,-0.0506841932252678,0.0912954409902054,-0.146237579640567,0.159989005384491,0.0343218965627454,-0.094867662454315
"10",0.0918091286028518,0.18854446781337,-0.0675599064259549,-0.109563416096588,-0.17533881924135,-0.00602661834783307,-0.0727563066778866,-0.0341704723606615,-0.0663687989744153,1,0.216491759483493,0.0572253174717874,0.0145299591513919,0.191503302553919,0.0163413084018347,0.203881797517838,-0.0762475727480675,0.0873992666961136,-0.103616559454796,0.102395126524515,-0.194512536173244,-0.175219753708118,-0.121742620133839,-0.00149428441777882,-0.0228225899454099,-0.0259945562225283,0.0448691207549225,-0.131398828651543,0.185963709705042,0.0636425230219766,-0.0874273104891726,0.0201930321104557,-0.0957538046038755,0.106356200556489,-0.283558306933906,0.109190962282848,-0.203772040901678,-0.0975330626491052,0.0596107399742396,0.217975425330588,0.105994848418792,-0.126348400280222,-0.147552507395781,-0.0565096090597272,-0.0348301637804745,-0.245874486935166,-0.0389241571782186,0.15619423981702,-0.128376816138771,-0.0206149197049798,-0.00836997933901312,0.263626593129262,0.00153640063293471,0.0409066117254454,0.138463222717706,-0.0561657167489673,-0.11052218303013,-0.0646654235972255
"11",0.298379485583161,-0.00062498796346017,0.110547107048359,0.0424941076711928,0.0233368840142113,0.0690536048927347,0.133793544041133,-0.115179990909092,-0.0505293831299166,0.216491759483493,1,-0.00773218567717854,-0.0363100926875325,0.0878263609897907,0.158357437088164,0.118205834825319,0.0547497520922475,0.0320795133399105,0.0372850195717144,0.0251897320503627,-0.0261055103231494,-0.207337576664077,0.195191828961685,-0.080964104510636,0.051575201544895,0.0166115472599317,-0.0615068754652578,-0.180845255610334,0.0465194326938762,0.102249856900267,-0.148736635387554,0.224269901225138,0.179810750010507,-0.132729106828461,0.0798980050513235,0.00817576110803163,0.0573100171379988,0.0694194848464407,-0.0123249454339815,-0.045377068620615,0.118814464692689,-0.0779348262526849,0.062630776443996,-0.195622914347867,0.128016406172985,-0.0443995087890936,0.0359631590654559,0.195003258889293,-0.00526569019177064,-0.0481343771860218,0.167204826261925,0.157034245759377,0.115503787511904,0.0764771781088751,-0.0727295021624089,-0.170214930176497,0.031535633194176,0.13628318297681
"12",-0.0127477312929218,0.00710052403160626,-0.0572453425240812,0.0749852004897954,-0.219423092647245,-0.0160375640508969,0.115420836751936,-0.218541738064339,-0.0468577708583908,0.0572253174717874,-0.00773218567717854,1,-0.131311897854034,-0.0537027797717739,-0.107547954373438,0.13605896839515,0.117489880933693,0.0828475909169655,0.184585239632011,-0.1761713821437,-0.1439066288895,0.0905712955633223,0.0616590006724663,0.0627685939028242,0.00185001165490422,-0.00729416643201012,-0.0858306592373985,-0.0168453247700273,-0.0583027358238589,0.133521752311877,0.15392020191098,-0.00159759987806841,-0.0310368406079364,0.0376694778944718,-0.0411815073064469,0.0541320928947851,-0.00587977035458225,0.189137256507854,0.048152130220655,0.0149680266357975,-0.0770028255275597,-0.242217818663416,-0.0929502930702383,-0.0556551094571199,-0.0165548207059692,-0.0827079187551811,0.0263300301450018,0.0245323446173758,-0.0430924987637423,-0.0747793960760802,0.212282033757739,0.133675832807151,-0.13187784307111,0.00044722213668,-0.0876812802680865,0.160792673598044,-0.100587776009773,0.14375772246615
"13",-0.0710593193988012,-0.133125727189492,-0.115748087283362,-0.0999293696521908,0.0873490801098886,0.0240685585424083,0.0960978570637788,0.042998137564326,0.0732352854469392,0.0145299591513919,-0.0363100926875325,-0.131311897854034,1,0.108910270181113,0.00326134180930569,0.00327488527335412,0.191441211435278,-0.0364637208551636,-0.0811284379837387,-0.0253923447387105,0.112333838973215,0.0637982965022152,-0.086352287426948,0.0357962713577236,-0.0836603081257777,-0.144819045905872,0.00932145393092653,-0.0977907535285839,0.0509822301427059,0.0719702844200537,0.0389284600497671,-0.0137357091715869,0.105678984987354,-0.0129642881059016,-0.0531597859364784,0.0795429649275565,-0.227705771629084,-0.00048746069810542,-0.0113645369460436,-0.00563383927425125,-0.025280671359946,0.0454183009857237,-0.030050660781198,0.0184638258338386,-0.179498365224855,-0.0398078394361406,0.0290808731248162,-0.127193975366218,0.439249017044501,0.0937424994515648,0.125421656145773,0.0588399060045498,0.0506913744264102,0.0267585135731401,0.0364267171419501,-0.0377662186743338,-0.130423586811285,-0.0140205445815443
"14",-0.109889537319031,-0.0547527675228316,0.0760927826651635,-0.0297411246054405,0.0974598711542767,0.168561050776447,-0.0674938944090407,-0.184234166555691,0.102462110114462,0.191503302553919,0.0878263609897907,-0.0537027797717739,0.108910270181113,1,-0.0576706765982301,-0.251369683530584,0.0598741923856208,0.285538632680689,-0.100149123508091,-0.00216399639907117,0.0554843759650194,-0.00798801439282428,0.0681262260659232,0.0299569723309896,0.00379030135471482,-0.0400412585921172,-0.211170366207727,-0.101452536932209,0.0850618947016,0.13391608831357,-0.0748076270859624,0.208290984766357,-0.00040110450723334,-0.0373150855234102,-0.133016822284428,-0.343260603856555,-0.0918851373730071,-0.178771349963146,-0.0850389919675038,0.19724704256285,0.0352308597473655,0.149185359747981,-0.171776739788145,0.0548636003817283,-0.243716629889264,-0.282462379405844,-0.266875995450334,-0.114268336153482,-0.0657293050961829,0.51433627403308,-0.0229208699598003,0.218962869780382,-0.102735550996897,0.0731750258313389,0.0778624264128638,-0.10969990385082,-0.128129027368789,-0.0700458929355797
"15",0.0750507189587288,0.0430329980654412,-0.136226711995945,0.0931311871757268,0.0633984411719094,0.0267353525340112,0.0779094809310949,0.18363683176598,0.0894656496418087,0.0163413084018347,0.158357437088164,-0.107547954373438,0.00326134180930569,-0.0576706765982301,1,-0.12407491366511,0.0718648779750766,-0.072146614608712,-0.0980973153294279,0.0120296008473686,-0.170425397782621,-0.124003651173725,0.058748479754012,0.00303440078928149,-0.00521882987317838,0.103380310113809,0.0504204757288848,-0.0157558844206255,0.0804241046553244,-0.0698616572192829,-0.0866191366399338,-0.0999759254310458,0.135507113797276,0.0265805699909825,0.0690790425923421,0.020849570813396,-0.168937353698235,0.155360003529622,-0.0457705243972966,-0.146085205508067,0.0727859915562312,-0.0960622705505118,0.145084422685042,-0.0300714402353194,-0.034828085055762,-0.0112042037245766,0.0558134302155395,0.176628751494303,0.109922416654682,-0.0202487569732684,0.0923850634123816,0.104444745181614,0.0506323940510425,0.0034987352201816,-0.201999747821947,-0.112349983528061,0.0592708060111712,0.139333254538008
"16",0.0525298767687973,-0.00268206000964049,-0.108919381016391,-0.168408117761955,-0.00132999447772687,-0.0895059792570898,0.00922178981384471,0.122935489451597,-0.234008247016397,0.203881797517838,0.118205834825319,0.13605896839515,0.00327488527335412,-0.251369683530584,-0.12407491366511,1,-0.0458410130438655,-0.11565326140589,0.0997277751002495,-0.0193641038231002,-0.145187160059938,-0.0669913832560197,-0.057545033808462,-0.0053100287097344,0.0244122210209648,-0.0692854351009129,0.0158034695558098,0.0754131653271915,0.0983288846310627,-0.0881527041443787,0.0841284487895891,-0.106644296161461,-0.142519459936146,-0.00154759380645397,-0.134526780092592,0.242691432265497,0.107781196250032,0.0843206524830886,0.108087507104984,0.117399119179533,0.0856256689566658,-0.108337244191026,0.101983417260702,-0.0503591701746775,0.0306793461242651,0.00803472344119466,0.147419529610578,-0.0212825414260772,-0.0458093692880121,-0.0102719127202679,0.0787794059699831,-0.00794862494160951,0.0417610541751956,-0.0228329744374948,-0.158042426808855,0.265023622106895,0.0933445997041038,0.198811487275787
"17",-0.121462081014613,-0.0988397334954829,0.116273635481274,0.1802250112395,0.00232754294381774,-0.0752192426685696,0.236811194972351,-0.0040526734564519,-0.113217487062117,-0.0762475727480675,0.0547497520922475,0.117489880933693,0.191441211435278,0.0598741923856208,0.0718648779750766,-0.0458410130438655,1,0.0649549910838945,-0.0859113474864615,-0.105576540669476,-0.203183590355359,0.031804335564148,0.0981144463887064,0.301709624696194,0.00421627791748179,-0.057595889459684,0.0568305973280766,-0.21575099967884,-0.198507971993696,-0.142043440128083,0.0782405112753258,0.0512855988401998,0.201337508300903,0.32924843875424,-0.0171147594787173,-0.00721838202659106,0.0404864964746809,-0.00317736940203694,0.131600671247089,0.00855190436668167,-0.00142681042483669,-0.0957675508184629,-0.139119636757418,-0.214088801949988,-0.251570823410035,-0.152202984151115,1.20812519494898e-05,-0.0879818173596865,0.18484997567357,-0.154482787256593,0.089671480289037,-0.00208732293597293,0.112884110432044,0.162143817578809,-0.0250918143705258,0.125309866087567,-0.112007410120108,0.0126395649053251
"18",-0.0110181729690587,-0.0876047790791894,0.0345099814151807,-0.0262493784110434,-0.0152872361796907,0.00764078787417625,-0.0523611014555311,-0.226292376868015,0.0943380951473321,0.0873992666961136,0.0320795133399105,0.0828475909169655,-0.0364637208551636,0.285538632680689,-0.072146614608712,-0.11565326140589,0.0649549910838945,1,-0.394021290209766,-0.0248205361325906,0.147196680266124,-0.143436841555598,-0.152834112478788,0.0382954594936945,0.102255305130121,0.086367318424309,0.221590944801623,0.0890863984156397,0.237833472484368,-0.0243945012640832,0.0247504507993372,0.0300982900240674,0.0124890895686612,0.0578961897036125,0.048749442846764,-0.191432454169103,-0.0946531180875126,-0.0816914359269528,0.0666486517908417,0.283455655249845,-0.169154483249274,-0.0237776385688835,-0.143973698955085,0.0271954554892256,-0.254244123357244,-0.237696030298415,-0.0529265528452653,-0.0188795938768938,-0.0908108097682897,0.178694457702258,0.0229602946416039,-0.0138411233581374,0.0938342929064369,-0.0951001027441598,0.0810213163898872,-0.0149810062472766,-0.196159299363413,-0.173593365561732
"19",0.0301580208977769,-0.0816259213798864,-0.00195180778508645,-0.0179579702994791,0.0886269418892395,0.249752323189709,0.0193327842551703,-0.0588554898122693,-0.021578339894132,-0.103616559454796,0.0372850195717144,0.184585239632011,-0.0811284379837387,-0.100149123508091,-0.0980973153294279,0.0997277751002495,-0.0859113474864615,-0.394021290209766,1,-0.0992868367675978,0.0394839605330691,0.188199698481286,0.093126262180755,-0.0433222708979957,0.152415515799218,-0.193854419772133,-0.00802712851846672,0.0839469084888285,0.0459342423745638,0.103935841067512,0.383017990976185,-0.0165929416842164,0.0343477194720641,-0.145642427398394,-0.00356697635324003,0.0689954277274669,0.178274037238443,0.245784331537332,-0.125909879336135,-0.10689949371325,0.0879530830707449,-0.089352024713344,0.0556918623039354,0.0264773298159411,0.231994924113431,-0.0328902185332193,0.118560046806133,0.149746930349312,0.0462116491148906,0.0726389508853199,0.026225678134581,0.120497204714299,0.0450301799044497,-0.00086686521885037,-0.0862939820103285,-0.0790928331259056,-0.0218266765963003,0.15678813076988
"20",0.125211112157751,0.0457677835968266,0.0472145990239237,-0.0390501109255124,-0.0164967776908899,0.00064620270241517,0.0686377106051899,0.122925521891269,-0.00658307920164003,0.102395126524515,0.0251897320503627,-0.1761713821437,-0.0253923447387105,-0.00216399639907117,0.0120296008473686,-0.0193641038231002,-0.105576540669476,-0.0248205361325906,-0.0992868367675978,1,-0.0344193599204526,-0.0724291670048721,-0.0618423219870587,-0.0686623726875371,0.0429662127724195,0.195545414397551,0.0490869688762301,0.053399247921901,0.0793639836870906,0.0454474413624292,-0.150467586409212,0.28628311812597,0.00027675159945521,-0.023504150453488,-0.00214783875005925,-0.0941293854381236,-0.071922646597005,-0.0028741606347752,-0.0379900369465433,-0.0484627323724955,0.113801843311969,0.0302376229009512,0.00257520302505947,0.121867671748632,0.179790764749611,-0.0124100311475525,-0.103876036509917,-0.106317018022762,0.0504907214587665,0.124080256226222,-0.0636208663955295,-0.021035706347125,-0.0642233925224683,0.218525432389843,0.00030752283332834,-0.114503022339564,0.0634922063243909,0.060886460273971
"21",-0.180687275212522,-0.0692166615205705,-0.128268329731765,0.0236396697878,-0.0643176188397686,0.0474383016560736,-0.0846487966351838,-0.104496510715369,0.0256343355085186,-0.194512536173244,-0.0261055103231494,-0.1439066288895,0.112333838973215,0.0554843759650194,-0.170425397782621,-0.145187160059938,-0.203183590355359,0.147196680266124,0.0394839605330691,-0.0344193599204526,1,0.0856652488260777,0.0401015099009314,0.0946751284468776,0.0651947478706989,-0.0133907862705836,0.133385151685155,0.103522744559384,0.108362163961745,-0.0566893296054986,0.152421219665157,0.121504502373963,0.087928633224333,0.0704114214548128,0.00564937282939434,0.0399338898234375,0.0673550539939155,-0.0234303858413084,-0.0540160515357756,0.0793089140101026,-0.112603093254403,0.0292635195808755,0.102447042336654,0.285624440624998,0.0139808176856786,-0.0339715578960986,-0.0826284516534364,-0.0109045168778401,0.112196605959181,0.22787097980407,0.0446972479499304,0.0475626443618534,0.113304016260648,-0.0985225776999508,0.0448575201050208,0.0625262810381765,-0.0389158609151255,-0.150465021375582
"22",-0.0727748993533939,-0.142061563855117,0.0048040270388516,-0.156750572743944,0.0105795658888992,0.043256617177909,-0.0499296159563776,-0.219128553308616,0.035913696208353,-0.175219753708118,-0.207337576664077,0.0905712955633223,0.0637982965022152,-0.00798801439282428,-0.124003651173725,-0.0669913832560197,0.031804335564148,-0.143436841555598,0.188199698481286,-0.0724291670048721,0.0856652488260777,1,0.14184356198167,0.0725412450276611,-0.0337973462792106,-0.152568613308099,-0.103378710698076,-0.024840612844761,-0.1027850516719,0.240083782707733,0.133734795758444,-0.0843959698074546,0.087900490965359,-0.0940638992842355,0.100785057627611,-0.0494799934014516,0.0267257404871369,-0.0190910818382349,0.00793076223150797,-0.0441063554313205,0.0547187079880359,-0.140720410388466,0.096553681743661,0.051379908230712,-0.06791431790153,0.0199467445192904,-0.0248760121194021,-0.0997730015772695,0.177966201603239,0.0233695630631622,0.00655813572709675,-0.0505152331702435,-0.0642020635019683,-0.0715448154691634,0.0654998102502714,-0.0283939941263759,-0.0431626778256539,0.0678123264548204
"23",-0.00974741041734691,-0.0757639788830307,0.0870761265217795,0.13632177302726,0.0064077317844165,0.206172567967909,0.103060062710176,-0.13329951044747,-0.155568895044366,-0.121742620133839,0.195191828961685,0.0616590006724663,-0.086352287426948,0.0681262260659232,0.058748479754012,-0.057545033808462,0.0981144463887064,-0.152834112478788,0.093126262180755,-0.0618423219870587,0.0401015099009314,0.14184356198167,1,0.0957044667573488,0.0748765024284653,-0.144781827189366,-0.286682555758235,-0.187821079492682,-0.173874429974937,-0.122371571021222,-0.163780020573672,-0.0279165182146566,0.0472326399100755,0.0570475906934863,0.0398140082385579,-0.0473257446942726,-0.0445027202669815,-0.00682578240990343,0.140049879355369,-0.0294289626985754,-0.0838091088676918,-0.252041933189699,-0.234026415918415,-0.217245280790235,0.0220456273363946,-0.0322740593434431,-0.0117006895347937,-0.0354423128394476,-0.158097966205657,-0.136394115267136,0.171588861325948,0.0513994877390245,0.0787674541044649,-0.0543997128347445,-0.139860012535466,-0.0650303857969188,0.0779837490819054,0.0536314643665328
"24",-0.0783426609111417,0.0313774806993109,-0.00633458781859009,-0.0277123711053986,0.0970876211316752,0.0354661271644621,0.224146479645588,0.180195178693914,-0.0525559420369468,-0.00149428441777882,-0.080964104510636,0.0627685939028242,0.0357962713577236,0.0299569723309896,0.00303440078928149,-0.00531002870973439,0.301709624696194,0.0382954594936945,-0.0433222708979957,-0.0686623726875371,0.0946751284468776,0.0725412450276611,0.0957044667573488,1,0.0384039567761819,-0.030542216312073,0.0905600004219355,-0.254862508611585,-0.0628874442196304,-0.189658905234099,0.0199460281769298,0.0820609496076701,0.151716980926281,0.212450157733087,-0.0107638309886735,0.0795115572934858,0.0727757476444428,-0.138714250247357,0.0421737200281777,-0.0689238074632565,-0.0770007318173614,-0.0161595224753228,-0.0512740341267183,-0.0045837324513649,-0.0910875994200501,-0.166165724091009,-0.0742416353813672,-0.0886406098038866,0.0736337643176116,0.0768081201568165,0.239941256649108,0.059247467357578,-0.0168184431453458,-0.0226140236631752,0.0674366746861597,0.308011839154925,-0.0830456801907859,0.0214883955810263
"25",0.00972280926349721,0.081717737178005,0.0121881498154427,-0.136789922071204,0.0577736224957377,0.205753882710922,0.0842180279916816,-0.0366476338637744,-0.0132361827208708,-0.0228225899454099,0.051575201544895,0.00185001165490422,-0.0836603081257777,0.00379030135471482,-0.00521882987317838,0.0244122210209648,0.00421627791748179,0.102255305130121,0.152415515799218,0.0429662127724195,0.0651947478706989,-0.0337973462792106,0.0748765024284653,0.0384039567761819,1,0.0410432356987373,0.116786607449797,0.0563255399034919,0.171114588149056,-0.0260624684335108,0.0936454838234144,0.0784864175995273,0.173810084507515,-0.125769812879924,0.265693177056951,-0.052522061500417,0.11799628081198,0.109596744002264,0.0738426503641342,0.0553189733944144,0.0439075650901287,0.132771964162344,-0.00096598962827433,-0.188254482486997,0.018278359331517,-0.0582307297184468,0.120729157437985,0.119659506361033,-0.132124823699849,0.0405609962280123,-0.0425861114669672,0.00056526382858767,0.133220540079349,0.205932099147307,-0.107408366207717,0.0596934377893406,-0.0440604523229491,-0.0101374729218921
"26",0.0199887741625875,-0.0702334699263774,-0.176559867697399,0.0984997270221997,0.0982109153746855,0.0366783763728944,0.176666711141542,0.0825720287898102,0.0475144026814897,-0.0259945562225283,0.0166115472599317,-0.00729416643201012,-0.144819045905872,-0.0400412585921172,0.103380310113809,-0.0692854351009129,-0.057595889459684,0.086367318424309,-0.193854419772133,0.195545414397551,-0.0133907862705836,-0.152568613308099,-0.144781827189366,-0.030542216312073,0.0410432356987373,1,-0.0663950427047645,0.0193384912467011,-0.0335608105725457,0.174598676263066,-0.0617900669389687,0.0173306405173422,-0.125256155772369,-0.188590517139484,0.0425715488245464,0.00184141495772965,0.0318043484267392,-0.0200463394051664,-0.0533795635880549,0.0338496913995523,0.288600463410139,0.272137300131172,0.0997030243161543,0.0913524749259717,0.13257390298014,0.0461099168113707,0.0493374829227242,0.0884807886342652,-0.0226929907861318,0.138707657868754,-0.198791848927187,-0.0696039403976889,-0.0564615275525709,-0.172533318659343,-0.0105027344102524,0.110015972649505,0.269673332254914,0.16251673971341
"27",0.0329902172400519,0.197866191025225,-0.0349335788282864,0.0749322051520441,-0.0136980295377135,-0.128764211827273,-0.174761429498745,-0.0593373189409909,0.141113478598985,0.0448691207549225,-0.0615068754652578,-0.0858306592373985,0.00932145393092653,-0.211170366207727,0.0504204757288848,0.0158034695558098,0.0568305973280766,0.221590944801623,-0.00802712851846672,0.0490869688762301,0.133385151685155,-0.103378710698076,-0.286682555758235,0.0905600004219355,0.116786607449797,-0.0663950427047645,1,0.234703617123462,0.273021522366601,-0.0162870338614911,0.216985936557191,0.21713201888079,0.0332729881297918,0.194758664560353,0.0540608005348717,0.0887248425297541,0.0118668519808647,-0.0624104564127535,0.0190937885057966,-0.0966924614477151,-0.200608886162845,-0.120473427487655,0.16488019380181,-0.0347541469083265,0.124158437680141,0.0284767763840847,-0.0688239719382209,-0.044264459529756,0.0958369897545315,-0.113771148132332,0.0828500747066877,0.0311588725667007,0.317127492477639,0.0899047292699228,-0.0960078746140344,0.0677893531815012,-0.161717385293365,-0.0745163616996825
"28",0.161901700631875,0.0273359289366626,-0.139328443857606,-0.140948730622548,0.04059879674929,0.0193487958801051,-0.0745968447473147,-0.106434208939325,0.0597802273681554,-0.131398828651543,-0.180845255610334,-0.0168453247700273,-0.0977907535285839,-0.101452536932209,-0.0157558844206255,0.0754131653271915,-0.21575099967884,0.0890863984156397,0.0839469084888285,0.053399247921901,0.103522744559384,-0.024840612844761,-0.187821079492682,-0.254862508611585,0.0563255399034919,0.0193384912467011,0.234703617123462,1,0.30226466570925,0.02485051251351,0.105856592277642,-0.0027910168181347,0.0342263778036964,0.0586496212936239,-0.0258661815198683,-0.043496715096706,0.0321450162175365,0.0475251943636991,-0.080802734259242,0.132298230489045,-0.189645658607237,0.0333817053199716,0.0952182484227989,0.242489489854401,0.0796945814068393,0.0847478572321487,0.0515707092777958,-0.0259209051054872,-0.092944258131713,0.0642504525951284,-0.0308046967832888,0.0356704709618572,-0.0324118832211018,-0.00593069726107674,0.0115331136721904,-0.0919867678710754,-0.0990428931402979,-0.0942969386653269
"29",-0.113922331022377,0.0090894532596724,-0.0877931764565098,-0.16910844591334,0.0918395737714387,0.106722616532128,-0.149532039646761,-0.00393984255165692,0.0325491881907927,0.185963709705042,0.0465194326938762,-0.0583027358238588,0.0509822301427059,0.0850618947016,0.0804241046553244,0.0983288846310627,-0.198507971993696,0.237833472484368,0.0459342423745638,0.0793639836870906,0.108362163961745,-0.1027850516719,-0.173874429974937,-0.0628874442196304,0.171114588149056,-0.0335608105725457,0.273021522366601,0.30226466570925,1,-0.0252786588133073,0.126431936759345,0.0472579506526208,0.034854666872886,-0.143502870100231,-0.0675668279632317,0.162321567246398,-0.130433214375954,0.0200422739460309,0.0344301105755078,0.147475821701312,0.0271423763025943,0.00148756280521438,0.166476024894986,0.249459940125477,-0.0235271822009578,-0.151926987291328,-0.0424577333394231,0.0892506180398659,-0.00680359516452411,0.213983784807851,-0.00265805791397249,0.127623158595558,0.0507261292245982,0.11008831662872,-0.0905875363268638,-0.0469180591329055,-0.12777381024497,-0.0473490959401778
"30",-0.0302059704448545,0.00140515813647713,-0.0853647392839857,0.0127958324656374,-0.0824025764160689,0.0320870057048805,-0.0447566466016005,-0.0148916110912343,0.171296186998755,0.0636425230219766,0.102249856900267,0.133521752311877,0.0719702844200537,0.13391608831357,-0.0698616572192829,-0.0881527041443787,-0.142043440128083,-0.0243945012640832,0.103935841067512,0.0454474413624292,-0.0566893296054986,0.240083782707733,-0.122371571021222,-0.189658905234099,-0.0260624684335108,0.174598676263066,-0.0162870338614911,0.02485051251351,-0.0252786588133073,1,-0.00484143887430644,0.183262399015175,-0.0404219541503388,-0.131459147292564,-0.0255178250264509,-0.0329539431200858,-0.107494153503904,0.128599443767053,-0.0278192833802018,-0.0774320302952953,0.10885861605644,0.13423339431182,0.0904444180814216,0.0128974236241194,0.0617667487809112,0.0333193712052862,-0.0884291264650467,-0.00352235584376786,0.165379107355885,0.107840565413205,-0.207761988760607,-0.170023364416089,-0.0836274248858635,-0.0613150977526062,-0.00211014688779451,-0.286893800432218,-0.150614276813315,0.171923799335689
"31",-0.0333809980613504,-0.194598216764897,0.0916426974899896,-0.0170138899606634,0.0522729659984046,0.0542473336454861,-0.127406494143979,-0.120374577734893,0.0519292215393969,-0.0874273104891726,-0.148736635387554,0.15392020191098,0.0389284600497671,-0.0748076270859624,-0.0866191366399338,0.0841284487895891,0.0782405112753258,0.0247504507993372,0.383017990976185,-0.150467586409212,0.152421219665157,0.133734795758444,-0.163780020573672,0.0199460281769298,0.0936454838234144,-0.0617900669389687,0.216985936557191,0.105856592277642,0.126431936759345,-0.00484143887430644,1,-0.0625972788004198,0.19707309119344,0.0502622210035072,-0.154305246162631,0.0759014159821257,0.120188385767471,-0.0510300352059989,0.140548932064363,0.178423845998424,-0.0521548431462688,0.0367738012896345,-0.029929570781472,0.0713559431447354,-0.154082672143306,-0.0319345404386572,-0.012191085948667,0.122881873737275,0.0160527468409619,0.0933872758423329,-0.0471430273848816,0.13773278767834,0.129741439020833,-0.0514667539459895,0.0399272830990303,0.0614240313358238,-0.0791804697113901,0.021270460872516
"32",0.00885838938015934,0.0917817150644007,0.0312529124028418,0.0934299205091471,-0.144782965089569,-0.0528879828544434,0.0923830010006315,-0.0823653454593474,0.141246160640628,0.0201930321104557,0.224269901225138,-0.00159759987806841,-0.0137357091715869,0.208290984766357,-0.0999759254310458,-0.106644296161461,0.0512855988401998,0.0300982900240674,-0.0165929416842164,0.28628311812597,0.121504502373963,-0.0843959698074546,-0.0279165182146566,0.0820609496076701,0.0784864175995273,0.0173306405173423,0.21713201888079,-0.0027910168181347,0.0472579506526208,0.183262399015175,-0.0625972788004198,1,0.0493466275862681,0.209156720522088,-0.108722497516771,-0.0635522402799224,0.0141095741665463,-0.0788043243805526,0.0319222345293925,-0.111474927388488,0.0466010548380877,0.0713456186223711,-0.0552907012499604,0.00103553899091673,0.125295675802966,-0.0486167090040567,-0.117148032040111,0.0283734052913209,0.157056540494577,0.160366821460943,0.0800949974072154,0.00600864689797388,0.0789560234424019,0.156488229151643,-0.0853833428860161,-0.0711622024734724,-0.190071895196251,0.0432902781982908
"33",0.220883751604858,0.0230665765443396,0.0426689821808804,-0.231275306595168,0.0874920887626797,0.0762878837269824,0.0918029201913377,-0.0974695236623398,-0.0849424095657682,-0.0957538046038755,0.179810750010507,-0.0310368406079364,0.105678984987354,-0.00040110450723334,0.135507113797276,-0.142519459936146,0.201337508300903,0.0124890895686612,0.0343477194720641,0.00027675159945521,0.087928633224333,0.087900490965359,0.0472326399100755,0.151716980926281,0.173810084507515,-0.125256155772369,0.0332729881297918,0.0342263778036964,0.034854666872886,-0.0404219541503388,0.19707309119344,0.0493466275862681,1,0.0393869946638177,-0.0347177585909463,-0.147897833025981,-0.0714288045046101,-0.117039830956098,0.151005084244268,0.0766744797723355,-0.271339518223884,-0.0490124683861502,-0.072236309817544,-0.114079009831279,-0.0488586050752965,-0.22393819017355,-0.0361684250580421,0.0880080945106539,0.0742802941817504,0.0416780719424598,0.281246332827092,0.200763096477815,0.0724416985492034,0.137489896894743,0.230134309279391,-0.126630107439817,-0.0544802604012586,-0.136298046247442
"34",-0.0104747491767896,0.12197593943986,-0.0693229039842099,0.0163394209059049,-0.127001668690377,-0.151631429356359,0.08859847271144,-0.0638916435598044,-0.0314531863459102,0.106356200556489,-0.132729106828461,0.0376694778944718,-0.0129642881059016,-0.0373150855234102,0.0265805699909825,-0.00154759380645397,0.32924843875424,0.0578961897036125,-0.145642427398394,-0.023504150453488,0.0704114214548129,-0.0940638992842355,0.0570475906934863,0.212450157733087,-0.125769812879924,-0.188590517139484,0.194758664560353,0.0586496212936239,-0.143502870100231,-0.131459147292564,0.0502622210035071,0.209156720522088,0.0393869946638177,1,-0.180238913228182,0.0615050048216949,-0.00850253423107111,0.0915210560097622,0.157452717643926,0.0835756146892842,-0.241652648397295,-0.29373384003496,-0.196193454576584,-0.216266326734734,-0.148394115778011,-0.189710882600747,-0.140575420336743,-0.110467692940664,0.0239338551844634,-0.289862039870889,0.157853363498579,0.0406124421970088,0.0211263739495215,0.0577636857764906,-0.0508551417666252,0.0262614759318909,-0.134360973417335,-0.128916381981877
"35",0.0674432413466305,-0.0729737456436944,0.117568633140394,-0.0356083675638457,0.111107001014828,0.0656043350479221,0.230135831055731,-0.0614931099813841,0.053435389858116,-0.283558306933906,0.0798980050513235,-0.0411815073064469,-0.0531597859364784,-0.133016822284428,0.0690790425923421,-0.134526780092592,-0.0171147594787173,0.048749442846764,-0.00356697635324003,-0.00214783875005925,0.00564937282939434,0.100785057627611,0.039814008238558,-0.0107638309886735,0.265693177056951,0.0425715488245464,0.0540608005348717,-0.0258661815198683,-0.0675668279632317,-0.0255178250264509,-0.154305246162631,-0.108722497516771,-0.0347177585909463,-0.180238913228182,1,0.121155493968546,0.307170490534473,0.216298254627981,-0.0789170348335103,-0.260598869321414,0.110174453501821,0.0324997759539341,0.0923686998389834,-0.0499740567557526,0.253842219697245,0.149823265953009,0.16753830617141,-0.0662085203576575,0.0543049288260879,-0.0570998053581507,0.0709521611129616,-0.130081145982242,0.143464801072215,0.0644829549320257,-0.102352389309139,-0.0723330352777058,0.0902404346128648,0.103429642126536
