"","l_Insular.Cortex","r_Insular.Cortex","l_Amygdal.Area","r_Amygdal.Area","l_Bed.Nucleus.of.the.Stria.Terminalis","r_Bed.Nucleus.of.the.Stria.Terminalis","l_Hippocampus","r_Hippocampus","l_Orbitofrontal.cortex","r_Orbitofrontal.cortex","l_Entorhinal.Cortex","r_Entorhinal.Cortex","l_Frontal.Association.Cortex","r_Frontal.Association.Cortex","l_Globus.Pallidus","r_Globus.Pallidus","l_Glomerular.Layer.of.the.Accessory.Olfactory.Bulb","r_Glomerular.Layer.of.the.Accessory.Olfactory.Bulb","l_Glomerular.Layer.of.the.Olfactory.Bulb","r_Glomerular.Layer.of.the.Olfactory.Bulb","l_Granule.Cell.Level.of.the.Cerebellum","r_Granule.Cell.Level.of.the.Cerebellum","l_Hypothalamic.Region","r_Hypothalamic.Region","l_Entorhinal.Cortex","r_Entorhinal.Cortex","l_Vermix.Molecular.Layer.of.the.Cerebellum","r_Vermix.Molecular.Layer.of.the.Cerebellum","l_Lateral.Molecular.Layer.of.the.Cerebellum","r_Lateral.Molecular.Layer.of.the.Cerebellum","l_Anterior.Olfactory.Bulb","r_Anterior.Olfactory.Bulb","l_Posterior.Olfactory.Bulb","r_Posterior.Olfactory.Bulb","l_Subiculum","r_Subiculum","l_Perirhinal.Area","r_Perirhinal.Area","l_PreLimbic.System","r_PreLimbic.System","l_Primary.Cingular.Cortex","r_Primary.Cingular.Cortex","l_Primary.Motor.Cortex","r_Primary.Motor.Cortex","l_Retrosplenial.Cortex","r_Retrosplenial.Cortex","l_Secondary.Cingular.Cortex","r_Secondary.Cingular.Cortex","l_Secondary.Motor.Cortex","r_Secondary.Motor.Cortex","l_Striatum","r_Striatum","l_Ventral.Tegmental.Area","r_Ventral.Tegmental.Area","l_Substantia.Nigra","r_Substantia.Nigra","l_Thalamus","r_Thalamus"
"1",1,0.191149484083501,0.234538324210049,-0.158264209040565,0.0592291607492485,0.134952944137764,0.010145413444726,0.0154363822890422,-0.00780624097522659,0.0493365907345627,0.188884040725384,-0.0732389636856489,-0.0006785415250869,-0.0383122949503469,0.229450454886136,0.0808279994540738,-0.00119887177590477,-0.0823520046977847,-0.0397428335274002,-0.0155874643201015,-0.0573977383892074,0.156695273384264,-0.0471458301917311,0.015094551332067,0.0886389685967528,-0.210720910670571,0.0907878790902632,0.252794385717668,0.0741076658371083,0.262907130342265,-0.145231093201043,0.0585492588737497,0.0200762096291656,-0.14221116189173,0.0462689863140588,-0.0884339184166306,0.0988188333576145,-0.00832195982032324,-0.138458013151174,-0.153066944937413,-0.00379008341246838,-0.122083805631462,-0.0228513364780032,0.013625963063224,-0.188600790288118,-0.105750270164018,0.0163463109568105,0.0706538490229709,-0.192483611389787,-0.115907477797033,0.118674543505643,0.102393128700903,-0.050560733681682,0.0445870690345438,0.183835331761332,0.0165746027361319,-0.0130969339161166,0.0904853570175386
"2",0.191149484083501,1,-0.0725539098024211,0.0958324420964802,0.0532933682815588,-0.00349184914279761,-0.156074856399012,0.187344184077691,-0.240217371495282,0.168414732777681,-0.019636271156845,0.170246213734131,-0.115969344890532,0.0066046782771877,0.0254780413263139,-0.0185256440412299,0.0262853541283026,-0.103987950156104,0.0076290228300478,-0.231499370683912,0.146045561041547,0.241695994063745,0.0360263607239638,-0.026650214811393,0.201723523596375,-0.134567886175617,-0.108195867652359,0.208292266166729,0.0887545809247186,0.115705259908333,-0.0828250557728679,-0.181096921944351,0.0580909051197723,0.0988363626873796,-0.203810003319768,-0.0246441073926141,0.0507687178098443,-0.294018164796025,-0.0493033616737688,-0.0647504490383291,0.00876213797876228,-0.0231536098931962,0.117906567939152,0.107615860803867,-0.0434943484175607,-0.112531813061352,0.18642660340999,0.0889795059595605,-0.154834630386927,0.133783367391619,-0.288830099169864,0.157364644261736,-0.18406379932483,-0.132918577707883,-0.0058163186887975,-0.0627403873405625,0.281216913776902,-0.286886331112901
"3",0.234538324210049,-0.0725539098024211,1,-0.244781583675596,0.0525871549436521,-0.00554379679778226,0.105571608928881,-0.0694320502241396,-0.0252480580529776,-0.153703956322941,0.20498697724976,0.00756482418212476,-0.152574016143639,-0.155572903144459,0.0555995810269174,-0.0291814697304269,-0.0793056812191057,-0.112782144745013,0.209128459260623,-0.00420419408901867,0.00438791890201067,-0.0913560827922001,0.259580316974464,0.0912835275255799,0.211776972738508,0.00928497666426202,-0.00372411869443018,-0.0126388168741482,-0.00978035893595533,0.0727909923739982,0.062184058662063,-0.0191260756278678,0.0477954041890591,-0.156365751375662,0.185729893430923,-0.0730585255333598,0.0673852099401255,0.146303549900407,0.0717760866244014,0.00070495245430116,-0.0244678142293951,0.0438595241476337,0.0706657923914983,-0.0787734218906212,0.0397396263606248,0.00238837547562517,0.117812176222948,0.0817307561223284,-0.17075735910963,-0.209433020488438,0.103985201997094,0.0390462907211061,-0.0694087053241502,0.018149256610026,-0.00479444757311408,0.17070970454608,0.0462661797527008,0.0510957095728142
"4",-0.158264209040565,0.0958324420964802,-0.244781583675596,1,-0.0101944654881923,0.0855163816617019,-0.0322106461430311,-0.0860881873680914,-0.00424493709568309,0.0710136520874711,-0.070095993544514,0.114027483573087,-0.120392652628209,0.0727326460733937,-0.183080667484722,-0.0804123642622475,0.0485144299096777,-0.0735633069523935,-0.174451183768599,0.00051572266549079,0.0825215174887189,0.192917454226841,-0.0981085942778445,0.119783115660796,0.00065708511499509,0.0460436603692765,-0.0366401289198763,0.0883889669418468,0.148581669010678,0.0539922297948619,0.0566955055764828,-0.0463516795178917,-0.0126092066704343,-0.0649348575564218,-0.0172603812421097,-0.0110167904901161,-0.0181992955594042,-0.147319618947878,-0.0018620014319504,-0.170131324123629,-0.204547421542441,-0.0158767519662097,0.101135737258091,-0.0111905873482109,0.0735990932910379,0.168756157687097,-0.158669781242736,-0.106741746964606,-0.0330101272769997,-0.064038334882548,-0.309886134402787,0.0882536547746634,0.0715884332403616,0.0138060758728464,0.0153786460337241,-0.135463530375169,-0.0654527805084438,-0.0180177365216387
"5",0.0592291607492486,0.0532933682815588,0.0525871549436521,-0.0101944654881923,1,-0.0541466982498949,0.00320784686464194,-0.0850604622396739,-0.200261360364683,-0.0252228868374158,0.0667916135367463,-0.070688223018856,-0.0997682809303977,-0.110044614182884,0.050537924634177,0.0968225120044452,-0.119728381712951,0.00515674271965218,0.126276696448695,-0.0827743441028647,-0.184170879287689,0.174915618309904,-0.0355243608702511,0.18310679276199,0.0130912716197203,-0.0716062278340543,-0.00695254779077273,-0.00670253675148466,0.0892529001126945,0.0718254478167636,-0.0155824490706138,-0.00634034734567161,0.191869651277685,-0.101045821402714,-0.0606253171461019,-0.0908327341688981,0.130445279704848,-0.254062226849759,0.0671215138727405,0.0803120846640762,-0.0101590823821569,-0.0603185512557264,-0.0955655934432008,-0.127567235360828,0.11780709263623,-0.021420590665654,0.0580479507292616,0.0520677218931212,-0.0528663002555839,-0.08115175382048,-0.0719737847338786,0.0577017182012307,-0.127045420899455,-0.0361041226832069,-0.256908588390103,0.0190847709499584,-0.0147426135210342,0.0100077266244404
"6",0.134952944137764,-0.00349184914279761,-0.00554379679778226,0.0855163816617019,-0.0541466982498949,1,0.141976888743888,0.0002352152513237,-0.0808843199316267,-0.122025430156808,-0.0640592794088573,0.0916016912813632,-0.0298586711066762,-0.0146703648836345,0.0672736588908138,0.0724902236720926,0.170002029301919,-0.246742578151585,0.0395519346275023,-0.0170188295494372,-0.185781772298988,-0.0269944139127102,-0.0918340496824586,-0.0948313432197762,-0.0641640003600434,-0.0492936278648732,-0.0451515287031928,-0.00099402642225511,-0.0667540439400241,-0.0208044227963939,0.0369284853031879,-0.00438444584247095,-0.0422824089119576,-0.0245582492929566,0.0126944964302585,0.00210339253950275,0.173358817260166,0.151990329096478,0.0176080194812626,-0.119613582095114,0.00728190168618896,0.00269634341624988,-0.0940828021299974,-0.0647119614417461,0.0377122716527347,-0.0860632733405952,0.102553453161363,-0.0144568956843915,-0.0675742187395123,-0.0428297540207142,0.0131059941771173,-0.0845280912978726,0.0882734277224194,0.00493785688652937,-0.0688219039963248,-0.0652723473835479,-0.0675543310062536,0.0176346416849615
"7",0.0101454134447261,-0.156074856399012,0.105571608928881,-0.0322106461430311,0.00320784686464194,0.141976888743888,1,-0.00730488829298733,0.095890990712563,-0.0112084324248517,-0.0155576246034088,-0.0398513567875666,0.00377676439003978,-0.240725995642449,-0.162953617984706,0.0421723234639778,0.22339434532717,-0.198799140693257,-0.0932930845421939,-0.155276171822196,-0.00957962527771653,0.0592824362922673,-0.0107074935209007,-0.0327526657819562,0.0397450282996319,0.168020223952281,0.0998092771593197,0.0993716964478471,0.0291701771744688,-0.00985265455807916,-0.0598585629317246,-0.051207831578325,-0.156890796512462,-0.165615274698035,0.417734449359158,0.100126720726629,0.287353378676436,0.127546545751921,-0.0880709489276199,-0.142866859762749,0.152660930252602,0.132074509723439,0.0541292138846841,-0.00530592958493752,-0.141705176903541,-0.0741657894078658,0.114776137203234,0.0222323464568349,0.104524943526587,-0.181375192672412,-0.0506205484188397,-0.142664490839984,0.108353703011475,0.102932829977521,0.115410262139675,-0.0480836332189379,-0.0668470931634797,0.0794840472439495
"8",0.0154363822890422,0.187344184077691,-0.0694320502241396,-0.0860881873680914,-0.0850604622396739,0.0002352152513237,-0.00730488829298733,1,0.00360996957616755,0.216555892700568,-0.0390467414062955,0.0560565405747823,0.0199476488990575,-0.0028509531630637,0.0997072060161421,-0.186062477641868,0.11884460597553,0.13957448362357,-0.111156956437645,-0.0354683313521246,0.13621149210318,0.0427270948610965,-0.175379664300848,-0.0363130492942845,0.11406571632745,-0.0611679168677651,0.00221796484519972,0.0741303384558207,0.171504081873234,0.103611664271269,-0.150929975115403,0.0692655317682116,0.0206087692068207,-0.0660242365194728,-0.0270138564131517,0.112597293137891,-0.0154400573620541,0.0304697903039824,-0.017427101953762,-0.0610510149225433,0.249545128571659,0.295110902870616,0.103570842368801,0.191766746861665,-0.0920194404417881,0.221589208672979,0.172545683765923,0.159101453555275,0.00153957759420735,0.265235897360017,-0.0747214860588168,0.216279994501047,-0.176037971907995,-0.252558565733216,-0.153648719626842,-0.0780072816318906,0.146707320168737,0.125115155138263
"9",-0.00780624097522659,-0.240217371495282,-0.0252480580529776,-0.00424493709568309,-0.200261360364683,-0.0808843199316267,0.095890990712563,0.00360996957616755,1,0.182799902793673,-0.00561007082050683,-0.150478024006979,0.13691071052564,0.152991742097455,0.148348871302872,-0.0204814311747839,-0.171963034467089,0.0493049122048352,-0.130740392445492,0.124509100513584,0.142730795132185,0.160677231150012,0.112666960340943,0.0325387642379597,0.00502988098688052,0.244568439523752,0.0871512680788269,0.0721773618981517,-0.0851398071353433,-0.107891470544499,-0.025565751480791,-0.0317343329120559,-0.00722862273462088,0.0855793520787968,0.162406577367132,-0.072951876551802,-0.155912159431943,0.112341110972654,-0.0624728176710402,0.0100823643432592,-0.0297235094420829,0.0584396978202475,0.209238355746917,0.0300247082863095,0.0365861831966271,0.125296868610312,-0.00870317865905288,0.0522219094639277,0.14317637665975,0.0562645935246909,0.218015974166054,0.0871893503779426,-0.0181052612131321,0.0352614591013173,0.0294303940877017,0.00173119461911845,-0.113348402718399,-0.00835729079821557
"10",0.0493365907345627,0.168414732777681,-0.153703956322941,0.0710136520874711,-0.0252228868374158,-0.122025430156808,-0.0112084324248517,0.216555892700568,0.182799902793673,1,-0.178608985011448,0.21824238511912,-0.0633550719581717,0.317986808002506,0.0529373635176668,0.0556637486051646,-0.0217807038326192,0.26646588500002,0.0035522231243195,-0.14007706814666,0.0934970379689949,0.256301277693681,-0.0119788230903725,-0.0998720169065657,-0.065969412151354,0.144660743641799,-0.0500355034005826,0.195968293993799,-0.025736284031001,0.0722134190460553,-0.00394409438002739,-0.0650477292049456,0.185588062245851,0.0665775090556517,0.110271004980321,-0.095987924396072,-0.130877699328025,-0.0379135657971691,-0.0782237673590025,0.07329326630668,0.160723168317374,0.221837406089144,0.247034576595825,0.395995501806001,-0.0876967777874341,-0.0971477495958344,0.0142313428930986,0.0629824286232053,0.113168742257785,0.451312889333121,-0.0233412670248191,0.201242844158562,0.0386461013211994,-0.209746047751601,-0.0128564694294596,0.0199079173153833,0.28241284601206,0.0101175432096347
"11",0.188884040725384,-0.019636271156845,0.20498697724976,-0.070095993544514,0.0667916135367463,-0.0640592794088573,-0.0155576246034088,-0.0390467414062955,-0.00561007082050683,-0.178608985011448,1,-0.258699006365831,-0.0822209274033973,-0.0778026779658761,0.239748959615329,-0.0448585607044902,-0.0439413123725879,0.0107080899877547,-0.146906398298673,-0.060149876480748,-0.142286951943789,0.0845531092922405,0.123138914584825,-0.124637003715886,-0.0509614426179965,-0.0830216537318346,0.198845011186925,0.0557504388330772,-0.258975744892981,-0.14147363933636,-0.0671316032067092,-0.0952259026713492,-0.0261123619481258,-0.120330726887339,-0.0292872025075565,-0.10006677047767,0.0256683454415839,-0.0586637533754811,-0.0734733881818731,0.171578679753463,0.0357068024022348,-0.0437437859593581,-0.101085870663697,-0.167285659745435,0.0148783083887288,-0.250207091568707,0.0951026985845246,0.0568310199564234,-0.0557183631278707,-0.145903518662138,0.0937643080413039,0.00294211230835776,-0.179484952477419,-0.0391984687943171,-0.102575154756806,-0.00131885905507264,-0.0137775336921295,0.00827853361965737
"12",-0.0732389636856489,0.170246213734131,0.00756482418212476,0.114027483573087,-0.070688223018856,0.0916016912813632,-0.0398513567875666,0.0560565405747823,-0.150478024006979,0.21824238511912,-0.258699006365831,1,-0.077520782891737,0.028650767272901,-0.147188601204044,0.116061399877261,0.134575771880927,0.0157672513753535,0.0886578014959265,-0.0366376779002371,0.300459691150838,-0.233873534315649,0.0664167679236256,0.0293952330999055,0.0473342049539226,-0.154730855214099,0.0746887809796687,-0.0395563559469639,0.0592587445302101,-0.0327392501989824,0.153244296115477,0.00846319504261337,0.165665218643808,0.0890659207873042,-0.0446073373463122,-0.0247874820630442,-0.0369470227221156,0.0464720999921279,0.182888905209058,-0.141993846335911,-0.0879029216425189,0.0475966870943395,0.026150989575084,0.137780182332293,0.0409130553882153,0.00310785121251618,0.110238693822595,0.124251806251834,0.00698087923247717,-0.0167552399924901,-0.033049896467276,0.0173918096385242,0.00580869991868969,0.0398353214067862,0.0402213466499847,0.157806702034671,0.186063594544124,-0.114193455690773
"13",-0.0006785415250869,-0.115969344890532,-0.152574016143639,-0.120392652628209,-0.0997682809303977,-0.0298586711066762,0.00377676439003978,0.0199476488990575,0.13691071052564,-0.0633550719581717,-0.0822209274033973,-0.077520782891737,1,0.0885601054949686,-0.156091186833865,-0.133035590985152,0.195662565312315,-0.00015184380948868,-0.132521940273075,-0.0191152461226976,-0.152264828199067,-0.0286923710570576,-0.14633844391376,-0.115029928355676,-0.225435807655592,0.11926739607098,0.0824656247044986,-0.0149291380254171,-0.127257715359877,-0.201792217730024,-0.276699224369416,0.0769264008482414,-0.0163900740551017,0.29754811325399,0.0150246373394244,0.26045063547007,-0.0514574394308699,0.14474430024469,-0.104007011918771,0.0373657759916164,0.0460095973860552,0.0111432606815711,-0.240653160252285,-0.0350777745362986,-0.146974263043641,0.0400065183245497,-0.0495037995897357,-0.0684945394418405,0.447274906380325,-0.0171554180869348,0.0717778473270664,-0.0555103646266929,0.228714815113181,0.0450186325427272,0.264311325050776,0.0383067749843349,-0.127143203769618,0.0690988587144277
"14",-0.0383122949503469,0.0066046782771877,-0.155572903144459,0.0727326460733937,-0.110044614182884,-0.0146703648836345,-0.240725995642449,-0.0028509531630637,0.152991742097455,0.317986808002506,-0.0778026779658761,0.028650767272901,0.0885601054949686,1,0.122913087311472,0.131107895710506,-0.153350253135916,0.499694419406665,0.140736377085552,0.102267404954394,-0.00202261713742581,0.0114267103355782,-0.108062377169574,-0.035741707788396,-0.168538646821106,0.0516793299365551,-0.12235662859925,-0.0766627789199517,-0.204659150714449,-0.0539946400423792,0.0547245355475649,0.158115328779387,0.140220818587439,0.147757625377248,-0.215022302009068,-0.014596640533026,-0.234233653524984,-0.0940229658442904,-0.00559829397114936,0.154927180471902,0.00626770274204523,0.0520124983626702,-0.111162853383154,0.19185124749634,0.0782865941944709,-0.0244571484009217,0.0157087161936154,0.0939119837674501,0.117801274874424,0.576221579862925,-0.012439244899295,0.122088134151579,0.0524825422585789,-0.138324729080624,0.12841480273762,-0.0863254917571912,0.0766572850711739,0.0764446052456815
"15",0.229450454886136,0.0254780413263139,0.0555995810269174,-0.183080667484722,0.050537924634177,0.0672736588908138,-0.162953617984706,0.0997072060161421,0.148348871302872,0.0529373635176668,0.239748959615329,-0.147188601204044,-0.156091186833865,0.122913087311472,1,-0.0428448929255856,-0.101026872007271,0.179045445887525,0.0448959428313635,0.0878775904273234,-0.201223862720233,0.158254611349909,0.132353668952047,-0.0227669280236681,0.119099091407732,0.00219698400315837,-0.110697303065519,-0.0625469159159661,-0.103760702061629,0.0560281535120315,0.0507325056430723,0.0871893172917734,0.131981589394688,-0.0107573690064519,0.0232208345769601,-0.167158647111006,0.0669104298434306,0.0235445747456617,-0.130405966066437,0.0525001021268654,0.0165060145961455,-0.0386322693104442,-0.0423277571035031,-0.0681491010337058,0.0269204855414971,-0.0663813692534646,0.0695131383440408,0.104660597080292,-0.137074965858527,0.0810518738529541,0.132135153017802,0.157318960280781,-0.244298506135314,-0.159142949318838,-0.105190693839803,-0.119325496633808,0.0729885033236859,-0.133823796701488
"16",0.0808279994540738,-0.0185256440412299,-0.0291814697304269,-0.0804123642622475,0.0968225120044452,0.0724902236720926,0.0421723234639779,-0.186062477641868,-0.0204814311747839,0.0556637486051646,-0.0448585607044902,0.116061399877261,-0.133035590985152,0.131107895710506,-0.0428448929255856,1,-0.0303737353441088,0.11802501679033,0.0773704849637815,0.0478707244425211,0.0016929158823943,-0.124748417271161,0.0317813542019897,0.184328605506324,-0.0763158918515441,-0.220178780940947,-0.0598810722174205,0.066298838545151,-0.0807530766854445,-0.0244045642130836,0.139564623821773,-0.111003012665523,0.0235918152544802,-0.129497306353987,0.0938317015803401,-0.0585241895351214,0.139673313981741,0.0787545827677999,0.23046068036676,0.106837452945802,0.118906325435365,0.035512322294177,0.185722150211512,0.127129144124274,0.0408431970409499,-0.103615565381138,0.169338444211345,0.149087518411448,0.0174239830515474,0.232885812978158,0.0900595753651621,-0.00938889357851328,0.0709420648595112,0.0681769959533862,0.0468617081830104,-0.138154082831715,-0.0562977778482748,0.0274496538722486
"17",-0.00119887177590477,0.0262853541283026,-0.0793056812191057,0.0485144299096777,-0.119728381712951,0.170002029301919,0.22339434532717,0.11884460597553,-0.171963034467089,-0.0217807038326192,-0.0439413123725879,0.134575771880927,0.195662565312315,-0.153350253135916,-0.101026872007271,-0.0303737353441088,1,0.0538016500471762,0.133615125668787,-0.0306129908655388,0.00642000090308769,-0.0946018957141204,-0.190599977106036,0.111876804225242,-0.135425995702089,-0.148481048312606,-0.0315880355905269,0.0587303774293063,-0.117118691373254,-0.0617238685417846,0.137339084622192,0.200232208914666,0.0492007006907674,0.0239890843870082,-0.0290431863023098,-0.00365120834612428,0.0761992670873609,0.0863748210638771,0.145082040484662,-0.104614884771533,0.0319814760478931,0.12475681494983,-0.0459129371034211,-0.00204516466555871,-0.0775558327018263,0.0349738750378562,0.0189727017292225,-0.00481209728290943,0.270130981418189,0.0699182972491788,-0.0647157313565678,-0.198662448784981,0.0303783161238558,-0.0510564865969369,-0.125195754835727,0.0263408441468649,0.0259818098565527,-0.0972616386336317
"18",-0.0823520046977847,-0.103987950156104,-0.112782144745013,-0.0735633069523935,0.00515674271965218,-0.246742578151585,-0.198799140693257,0.13957448362357,0.0493049122048352,0.26646588500002,0.0107080899877547,0.0157672513753535,-0.00015184380948868,0.499694419406665,0.179045445887525,0.11802501679033,0.0538016500471762,1,0.219203339638443,0.226216157230716,0.029434640316036,-0.0564491336639889,-0.0680913706781862,0.204194054318418,-0.222953681349226,-0.154903849922188,-0.187742300689466,-0.0545487213657128,-0.160588083654765,-0.0023983970844075,0.266243851754197,0.348184757007278,0.142625687912314,0.0335185525674274,-0.0693610442644574,-0.119169147657466,-0.106005337562314,-0.122451336924226,0.0299561566525133,0.168106746322285,0.0726518314931119,0.0355838320851643,0.0828789314963212,0.160648435364913,0.0752851622658076,0.137326881319979,0.162665909258724,0.185847326782118,0.115015151193107,0.518478387956176,0.0325133119605692,0.155895277708584,-0.141067542597844,-0.0707142737095165,-0.185687442295019,-0.124350671040985,0.155924379064322,-0.0258993425797134
"19",-0.0397428335274002,0.0076290228300478,0.209128459260623,-0.174451183768599,0.126276696448695,0.0395519346275023,-0.0932930845421939,-0.111156956437645,-0.130740392445492,0.0035522231243195,-0.146906398298673,0.0886578014959265,-0.132521940273075,0.140736377085552,0.0448959428313635,0.0773704849637815,0.133615125668787,0.219203339638443,1,0.345999518517444,0.0300414753307135,-0.168904104901899,0.0975330455937244,0.243174106201711,-0.113378923500304,-0.22584872287581,-0.175006690759042,-0.221398096777011,-0.0352697565340084,-0.0139846739358894,0.680843688414157,0.428279985570677,0.229440602772817,0.202056405687682,-0.211770333271297,-0.221441023493221,0.017778132227413,-0.146628086616368,0.125115168414347,0.141541954514248,-0.0677629392701311,-0.0870167045351159,0.127827462606962,0.0962992258008116,0.25938800701115,0.133276409928672,0.0753790744191416,0.0895626902434166,-0.0762699576236427,0.1500784932636,0.0806499363842831,-0.0174168097365788,-0.130228987073175,-0.0762755757012059,-0.198982208172016,-0.070415378658689,0.0142471086842564,0.011653239765074
"20",-0.0155874643201015,-0.231499370683912,-0.00420419408901867,0.00051572266549079,-0.0827743441028647,-0.0170188295494372,-0.155276171822196,-0.0354683313521246,0.124509100513584,-0.14007706814666,-0.060149876480748,-0.0366376779002371,-0.0191152461226976,0.102267404954394,0.0878775904273234,0.0478707244425211,-0.0306129908655388,0.226216157230716,0.345999518517444,1,0.0992518135548133,-0.323364172338942,0.0283542293478545,0.132920394809472,-0.370191445358243,-0.121390467825198,-0.162061716042023,-0.312618508602654,-0.00165165670879177,0.0512366357349065,0.437934032003899,0.676643600561467,0.257815378013378,0.146342935986052,-0.17625786147799,-0.278474742565625,-0.12555214558566,-0.0738482054018745,0.261258396997945,0.244201419049312,-0.0741972531144439,-0.114804876798074,-0.1461890847636,-0.200839662589125,0.231836679253408,0.219005740245882,-0.0761737273206406,0.123883423005555,-0.134857613619832,-0.138938071274751,-0.00270862538783115,0.0088799516250282,-0.144381969357798,-0.0633310884057962,0.0193508636638927,-0.0480995018863973,-0.217251815570199,0.144362971460748
"21",-0.0573977383892074,0.146045561041547,0.00438791890201067,0.0825215174887189,-0.184170879287689,-0.185781772298988,-0.00957962527771652,0.13621149210318,0.142730795132185,0.0934970379689949,-0.142286951943789,0.300459691150838,-0.152264828199067,-0.00202261713742581,-0.201223862720233,0.0016929158823943,0.00642000090308769,0.029434640316036,0.0300414753307135,0.0992518135548133,1,-0.0249305356367919,0.076202308500978,0.170827089354677,0.0059862866315663,-0.093170636192446,-0.0996685979131261,-0.0828894395782489,0.204748884314286,0.0516279710108006,0.114693515934121,0.0155542410639526,0.0726329032154208,-0.00288464096495018,-0.111072029575561,0.0164007180777587,-0.320390003758717,-0.123998721124309,-0.0484755358055068,-0.133284176504571,-0.0356363547438873,0.0624975102619924,0.0618317837067211,0.0188636586896934,0.171325581982606,0.141691112444837,0.0906882524465518,0.0894309018329128,-0.223440962939485,-0.0880273311048077,-0.0849077563702975,0.139301651595412,-0.0141191803805768,0.052738385698449,0.0241073143125051,0.0288015816812283,0.157306445551694,-0.247660656989838
"22",0.156695273384264,0.241695994063745,-0.0913560827922001,0.192917454226841,0.174915618309904,-0.0269944139127102,0.0592824362922673,0.0427270948610965,0.160677231150012,0.256301277693681,0.0845531092922405,-0.233873534315649,-0.0286923710570576,0.0114267103355782,0.158254611349909,-0.124748417271161,-0.0946018957141204,-0.0564491336639889,-0.168904104901899,-0.323364172338942,-0.0249305356367919,1,0.0687659411644957,-0.0692551941817462,0.300390752361279,0.178429231553701,-0.141538590939972,0.281878718185899,0.0475221150154421,0.181453227612378,-0.34621500672914,-0.134589527580163,-0.0332297907908944,-0.0252139111717542,0.167826641351271,-0.179460632563565,-0.0427455937606868,-0.1173646253852,-0.230436339276506,-0.139595463869011,-0.0491808578789955,0.0593864705359648,0.129654497597459,0.159042763155282,-0.169148222407648,-0.11011359586358,-0.187718216752367,-0.107440288076536,-0.0468580463983881,0.0382659137905599,-0.136807901420915,0.180155541674207,-0.0331821523327637,0.0372601876900918,0.135389490213763,0.0468829738455979,0.0716302101809965,-0.0561587884691495
"23",-0.0471458301917311,0.0360263607239638,0.259580316974464,-0.0981085942778445,-0.0355243608702511,-0.0918340496824586,-0.0107074935209007,-0.175379664300848,0.112666960340943,-0.0119788230903725,0.123138914584825,0.0664167679236256,-0.14633844391376,-0.108062377169574,0.132353668952047,0.0317813542019897,-0.190599977106036,-0.0680913706781862,0.0975330455937244,0.0283542293478545,0.0762023085009779,0.0687659411644957,1,0.190043569270645,-0.00898670243302181,-0.0547814780869764,0.0832910552058915,0.0458189331215452,-0.0392528981803857,0.0217042321917803,0.122513383120249,0.00286280504398562,-0.00253954720246487,-0.151053697648712,0.221138353967638,-0.253666861230514,-0.094588130391438,0.111322671313531,0.0177130617016638,-0.0393138546950415,0.0672934753274237,0.0882157899910005,0.034711269537857,-0.0746102781392856,0.114412632457833,0.19730484768858,-0.0490384827433416,-0.0281829189613282,-0.134430409530855,-0.0824855663764932,-0.106173306308523,-0.19506560604509,-0.0269946378783074,0.22144485278803,-0.00522198936793496,0.0482700898497573,0.102406695304473,-0.123026660210782
"24",0.015094551332067,-0.026650214811393,0.0912835275255799,0.119783115660796,0.18310679276199,-0.0948313432197762,-0.0327526657819562,-0.0363130492942845,0.0325387642379597,-0.0998720169065657,-0.124637003715886,0.0293952330999055,-0.115029928355676,-0.035741707788396,-0.0227669280236681,0.184328605506324,0.111876804225242,0.204194054318418,0.243174106201711,0.132920394809472,0.170827089354677,-0.0692551941817462,0.190043569270645,1,-0.0553877964834385,-0.116897653006826,-0.13826769508922,0.0120328367323317,0.199737176204648,0.186158705247798,0.187821137820503,0.124036372932741,0.0370671689147556,-0.082671085352234,0.0521588207275228,-0.11547719421194,-0.141111180745988,-0.0216074147252644,0.201870698347838,-0.0404967588432053,0.107387709533762,0.155621398794674,0.12354799307211,0.177992673312268,0.054825641641165,0.315247231452089,0.113118333198049,0.0532178924304722,-0.0718888817428191,0.0771922882961496,-0.0512674103817355,0.0432418883368737,-0.00496815786137801,0.0196803387324733,-0.192955535395802,-0.125071135842169,0.062853300961465,0.034070731106648
"25",0.0886389685967528,0.201723523596375,0.211776972738508,0.00065708511499509,0.0130912716197203,-0.0641640003600434,0.0397450282996319,0.11406571632745,0.00502988098688052,-0.065969412151354,-0.0509614426179965,0.0473342049539226,-0.225435807655592,-0.168538646821106,0.119099091407732,-0.0763158918515441,-0.135425995702089,-0.222953681349226,-0.113378923500304,-0.370191445358243,0.0059862866315663,0.300390752361279,-0.00898670243302181,-0.0553877964834385,1,0.0322940583759201,-0.0526491435570124,0.220664682276388,0.262245433204603,0.13351077544763,-0.314712786381593,-0.274547648454321,-0.290137965290104,-0.170372036420626,0.250419099158553,0.0207839873736278,0.0179420118629001,0.0601540844446028,-0.191937787179842,-0.271152256329699,-0.0479094815720848,0.0463361282368448,0.181464128588708,0.158132298577292,-0.123816753357977,0.0196838040877019,0.0863206288404448,-0.040599524659819,-0.106483140669529,0.027469807102842,0.119417781683425,0.179814029929927,-0.0177306547226636,0.134988907906074,0.112883683852176,0.0548763316923017,0.00645307896582852,-0.0163159531512559
"26",-0.210720910670571,-0.134567886175617,0.00928497666426202,0.0460436603692765,-0.0716062278340543,-0.0492936278648732,0.168020223952281,-0.0611679168677651,0.244568439523752,0.144660743641799,-0.0830216537318346,-0.154730855214099,0.11926739607098,0.0516793299365551,0.00219698400315837,-0.220178780940947,-0.148481048312606,-0.154903849922188,-0.22584872287581,-0.121390467825198,-0.093170636192446,0.178429231553701,-0.0547814780869764,-0.116897653006826,0.0322940583759201,1,-0.0405535721780784,-0.0221814186296338,-0.174856516248099,-0.0964132353410507,-0.198617560685093,-0.200647626726548,-0.204154121887893,0.128634053429342,0.169656770002262,0.0965571321823691,-0.100963152269427,0.00703150927469132,-0.00849182386560695,0.0834905150319417,0.14724888175304,0.0366952828992467,-0.0887476509212091,0.12032285455917,0.0324476557852223,-0.080657143365458,-0.0997433910605543,-0.125032835849056,0.122378101894274,0.043333820029046,-0.00667958175375477,0.0235476068034176,0.276101759374596,0.106707949058075,0.264888850548412,0.0362064162792039,-0.0771901130160451,-0.0152385866529173
"27",0.0907878790902632,-0.108195867652359,-0.00372411869443018,-0.0366401289198764,-0.00695254779077273,-0.0451515287031928,0.0998092771593197,0.00221796484519972,0.0871512680788269,-0.0500355034005826,0.198845011186925,0.0746887809796687,0.0824656247044986,-0.12235662859925,-0.110697303065519,-0.0598810722174205,-0.0315880355905269,-0.187742300689466,-0.175006690759042,-0.162061716042023,-0.0996685979131261,-0.141538590939972,0.0832910552058915,-0.13826769508922,-0.0526491435570124,-0.0405535721780784,1,0.190368297085186,-0.0336219851861247,-0.00764599456292925,-0.133674615312496,-0.200965305512339,-0.0093637135222976,0.0386421032746388,0.223776491305975,0.0270561894430186,0.103198601970425,0.154744662774463,-0.0692165817169388,0.00904946150401432,0.0697459037051781,-0.0886955852415196,-0.0915972266176251,-0.150988126815426,-0.00721015549622384,-0.0940656240625499,0.0845888785775868,0.0202929851449631,-0.0194751302976658,-0.131000310936559,-0.0597932312481931,-0.0523823680572263,0.0760287101064076,0.0811832857090476,-0.121163495141158,0.0267645694816739,-0.0248665671868096,0.0789237466452283
"28",0.252794385717668,0.208292266166729,-0.0126388168741482,0.0883889669418468,-0.00670253675148466,-0.00099402642225511,0.0993716964478471,0.0741303384558207,0.0721773618981517,0.195968293993799,0.0557504388330772,-0.0395563559469639,-0.0149291380254171,-0.0766627789199517,-0.0625469159159661,0.066298838545151,0.0587303774293063,-0.0545487213657128,-0.221398096777011,-0.312618508602654,-0.0828894395782489,0.281878718185899,0.0458189331215452,0.0120328367323317,0.220664682276388,-0.0221814186296338,0.190368297085186,1,0.0659786060892101,0.227419330729533,-0.278553807005842,-0.171394602225674,-0.200485387764684,-0.112052814374331,0.178444738739993,-0.288771898645947,0.0048910088485538,0.0321883175814952,-0.11098516381161,-0.034404093967748,0.00510366210626068,0.0994815598211647,0.141286137367889,0.219942685422771,-0.173293311902235,-0.0381695586391443,-0.0726312222003774,-0.145781432955547,0.0623853239111124,0.084210459065331,-0.0088600725353318,0.0871000075750916,0.0211498153017851,0.174734963546759,0.057365618557038,0.17722058452478,-0.0164599261940717,0.0850134502920831
"29",0.0741076658371083,0.0887545809247185,-0.00978035893595533,0.148581669010678,0.0892529001126945,-0.0667540439400241,0.0291701771744688,0.171504081873234,-0.0851398071353433,-0.025736284031001,-0.258975744892981,0.0592587445302101,-0.127257715359877,-0.204659150714449,-0.103760702061629,-0.0807530766854445,-0.117118691373254,-0.160588083654765,-0.0352697565340084,-0.00165165670879177,0.204748884314286,0.0475221150154421,-0.0392528981803857,0.199737176204648,0.262245433204603,-0.174856516248099,-0.0336219851861247,0.0659786060892101,1,0.568961709987537,-0.188257302774661,-0.0196193518724207,-0.15431093406441,-0.108901400064301,0.0606722053435851,0.0795403500054745,0.0651020694843756,-0.0487007287878068,-0.26568642424222,-0.328032304272076,-0.159681413552523,-0.0446960924329452,0.0688350108176287,0.0534363928508021,-0.0589583834259316,0.337090258077187,-0.146594785120907,-0.146213437062994,-0.16409847340655,-0.227595673756611,0.0159711302486576,0.242595124869444,0.0370112344086591,-0.0513970660148511,0.0101293661110971,0.0131174572505046,-0.0182895214899196,0.0767752854765807
"30",0.262907130342265,0.115705259908333,0.0727909923739982,0.0539922297948619,0.0718254478167636,-0.0208044227963939,-0.00985265455807916,0.103611664271269,-0.107891470544499,0.0722134190460553,-0.14147363933636,-0.0327392501989824,-0.201792217730024,-0.0539946400423792,0.0560281535120315,-0.0244045642130836,-0.0617238685417846,-0.0023983970844075,-0.0139846739358894,0.0512366357349065,0.0516279710108006,0.181453227612378,0.0217042321917803,0.186158705247798,0.13351077544763,-0.0964132353410507,-0.00764599456292925,0.227419330729533,0.568961709987537,1,-0.12350123861974,0.110642074595746,-0.0103495005193468,-0.223366888471595,-0.00290545269358374,-0.18833891459907,-0.00137005319800977,-0.00833748789391487,-0.179878665423289,-0.254598327858823,-0.0203780077926634,0.0215403139181763,0.0162505140069398,0.158845994721211,-0.151545224960514,0.118490334256188,-0.135024200979727,-0.0530037226993457,-0.166265561979395,-0.0570229976637274,-0.147815873284658,0.124436547930753,0.0323081348408285,0.0596145203608685,0.105563128519591,0.126509224767179,-0.00383866902321183,0.141644000597959
"31",-0.145231093201043,-0.0828250557728679,0.0621840586620631,0.0566955055764828,-0.0155824490706138,0.036928485303188,-0.0598585629317246,-0.150929975115403,-0.025565751480791,-0.00394409438002739,-0.0671316032067092,0.153244296115477,-0.276699224369416,0.0547245355475649,0.0507325056430723,0.139564623821773,0.137339084622192,0.266243851754197,0.680843688414157,0.437934032003899,0.114693515934121,-0.34621500672914,0.122513383120249,0.187821137820503,-0.314712786381593,-0.198617560685093,-0.133674615312496,-0.278553807005842,-0.188257302774661,-0.12350123861974,1,0.368247001970701,0.357768360822079,0.164569099559134,-0.211871378250925,-0.168084579251837,0.0276640264037685,-0.180788040196659,0.259922262183487,0.127566916234501,-0.00662041414514048,-0.121175616437463,0.14633468582341,-0.0784959418862925,0.33030429129136,0.165904229481422,0.122969682478948,0.1192909115821,-0.109663784523504,0.0250397306774778,-0.0110924740259778,-0.0440966317656092,-0.18460355699136,-0.143603249746023,-0.245844581634897,-0.104471498674489,0.00523620092851844,-0.131544613707293
"32",0.0585492588737497,-0.181096921944351,-0.0191260756278678,-0.0463516795178917,-0.00634034734567161,-0.00438444584247095,-0.051207831578325,0.0692655317682116,-0.0317343329120559,-0.0650477292049456,-0.0952259026713492,0.00846319504261337,0.0769264008482414,0.158115328779387,0.0871893172917734,-0.111003012665523,0.200232208914666,0.348184757007278,0.428279985570677,0.676643600561467,0.0155542410639526,-0.134589527580163,0.00286280504398562,0.124036372932741,-0.274547648454321,-0.200647626726548,-0.200965305512339,-0.171394602225674,-0.0196193518724207,0.110642074595746,0.368247001970701,1,0.165443886131757,0.143103340416607,-0.105161077320416,-0.229354170745926,-0.0845089626608441,-0.117522134788514,0.0735895589864484,0.117444841117859,-0.094856182677927,-0.0436037710118987,-0.243453203304227,-0.0166143638547251,0.160861826323552,0.271538631681987,-0.0588156336682387,0.17312449247212,-0.0463386216503453,0.0458370531034239,0.0809588757047655,-0.0429456989373163,-0.0906806617612658,-0.0946199312954682,-0.00180020404020063,-0.0190027754840552,-0.0192934651673092,0.125438872555765
"33",0.0200762096291656,0.0580909051197723,0.0477954041890591,-0.0126092066704343,0.191869651277685,-0.0422824089119576,-0.156890796512462,0.0206087692068207,-0.00722862273462088,0.185588062245851,-0.0261123619481258,0.165665218643808,-0.0163900740551017,0.140220818587439,0.131981589394688,0.0235918152544802,0.0492007006907674,0.142625687912314,0.229440602772817,0.257815378013378,0.0726329032154208,-0.0332297907908944,-0.00253954720246487,0.0370671689147556,-0.290137965290104,-0.204154121887893,-0.0093637135222976,-0.200485387764684,-0.15431093406441,-0.0103495005193468,0.357768360822079,0.165443886131757,1,0.219379163017077,-0.221438734510676,-0.144628506771299,-0.167804729805449,-0.103525923224687,0.249022525276863,0.2052437525638,-0.136255332838848,-0.113478599010417,-0.0917920030897265,-0.150524954634581,0.143210177121975,-0.0782101078420737,-0.0707410465781178,0.198450980837409,-0.0790593718812366,-0.058140517661974,-0.192050795932466,0.0119213685459954,-0.273943773549179,-0.303075708114552,-0.180826777743695,0.0432908031930652,-0.0715933479848254,-0.173145780803114
"34",-0.14221116189173,0.0988363626873796,-0.156365751375662,-0.0649348575564218,-0.101045821402714,-0.0245582492929566,-0.165615274698035,-0.0660242365194729,0.0855793520787968,0.0665775090556517,-0.120330726887339,0.0890659207873042,0.29754811325399,0.147757625377248,-0.0107573690064519,-0.129497306353987,0.0239890843870082,0.0335185525674274,0.202056405687682,0.146342935986052,-0.00288464096495018,-0.0252139111717543,-0.151053697648712,-0.082671085352234,-0.170372036420626,0.128634053429342,0.0386421032746388,-0.112052814374331,-0.108901400064301,-0.223366888471595,0.164569099559134,0.143103340416607,0.219379163017077,1,-0.149236786913939,0.0380060753794986,-0.150170685289602,-0.193937757789677,0.0526944860364793,0.265902012507727,0.0547881690630663,-0.0330818483115215,-0.141179664355103,0.0719754175667473,0.154039833367297,-0.0726668930104707,0.123696184791502,0.143917134929318,0.132719363742319,0.0243991509265557,0.0390718223086515,0.069525180163752,-0.0250060959320025,-0.0623490696109646,0.0670794370873486,-0.0293939044213692,0.056741073097218,-0.131779868369283
"35",0.0462689863140588,-0.203810003319768,0.185729893430923,-0.0172603812421097,-0.0606253171461019,0.0126944964302585,0.417734449359158,-0.0270138564131517,0.162406577367132,0.110271004980321,-0.0292872025075565,-0.0446073373463122,0.0150246373394244,-0.215022302009068,0.0232208345769601,0.0938317015803401,-0.0290431863023098,-0.0693610442644574,-0.211770333271297,-0.17625786147799,-0.111072029575561,0.167826641351271,0.221138353967638,0.0521588207275228,0.250419099158553,0.169656770002262,0.223776491305975,0.178444738739993,0.0606722053435851,-0.00290545269358374,-0.211871378250925,-0.105161077320416,-0.221438734510676,-0.149236786913939,1,0.0507544797444959,0.331731903188858,0.305646389815062,-0.191552399916034,-0.00049618081019014,0.0675631061913692,0.0337479111484319,0.157274856618619,0.071352742570072,-0.0432407694213626,0.115446657979765,0.00324761204348016,-0.149418200103313,0.112931702775691,-0.0599687819441015,0.0754044099568965,-0.014198509931409,0.173477088492933,0.174249518798558,0.172367028613813,0.0396049932974008,-0.0312280798351749,-0.0325038591585868
