"","l_Insular.Cortex","r_Insular.Cortex","l_Amygdal.Area","r_Amygdal.Area","l_Bed.Nucleus.of.the.Stria.Terminalis","r_Bed.Nucleus.of.the.Stria.Terminalis","l_Hippocampus","r_Hippocampus","l_Orbitofrontal.cortex","r_Orbitofrontal.cortex","l_Entorhinal.Cortex","r_Entorhinal.Cortex","l_Frontal.Association.Cortex","r_Frontal.Association.Cortex","l_Globus.Pallidus","r_Globus.Pallidus","l_Glomerular.Layer.of.the.Accessory.Olfactory.Bulb","r_Glomerular.Layer.of.the.Accessory.Olfactory.Bulb","l_Glomerular.Layer.of.the.Olfactory.Bulb","r_Glomerular.Layer.of.the.Olfactory.Bulb","l_Granule.Cell.Level.of.the.Cerebellum","r_Granule.Cell.Level.of.the.Cerebellum","l_Hypothalamic.Region","r_Hypothalamic.Region","l_Entorhinal.Cortex","r_Entorhinal.Cortex","l_Vermix.Molecular.Layer.of.the.Cerebellum","r_Vermix.Molecular.Layer.of.the.Cerebellum","l_Lateral.Molecular.Layer.of.the.Cerebellum","r_Lateral.Molecular.Layer.of.the.Cerebellum","l_Anterior.Olfactory.Bulb","r_Anterior.Olfactory.Bulb","l_Posterior.Olfactory.Bulb","r_Posterior.Olfactory.Bulb","l_Subiculum","r_Subiculum","l_Perirhinal.Area","r_Perirhinal.Area","l_PreLimbic.System","r_PreLimbic.System","l_Primary.Cingular.Cortex","r_Primary.Cingular.Cortex","l_Primary.Motor.Cortex","r_Primary.Motor.Cortex","l_Retrosplenial.Cortex","r_Retrosplenial.Cortex","l_Secondary.Cingular.Cortex","r_Secondary.Cingular.Cortex","l_Secondary.Motor.Cortex","r_Secondary.Motor.Cortex","l_Striatum","r_Striatum","l_Ventral.Tegmental.Area","r_Ventral.Tegmental.Area","l_Substantia.Nigra","r_Substantia.Nigra","l_Thalamus","r_Thalamus"
"1",1,0.142569011061659,0.0922551647708089,0.157287920558546,-0.0326315927020295,0.190282072302371,0.143337929667779,-0.020729011827098,0.0752680104964394,0.142834713206426,0.119578837511789,0.00724400193584677,0.0616819146318265,0.172082689662874,0.151579274831823,0.0566031568944659,-0.0691438130472748,0.195664041820471,0.067695983820098,0.134534559100008,0.02129017756033,-0.0897701832146133,0.0688515051085843,0.0875967802104465,-0.221780616532298,-0.198277439255404,0.173553311409867,-0.137913887612977,0.053721742627482,0.129972638541049,0.150222946436747,0.0703648725912394,0.101610546796181,0.122113032103942,0.119861992326525,0.0311269364382383,0.117701500370205,0.083677462380681,-0.080123541377338,0.115508495636632,0.0393006733692332,0.00918001867185913,-0.00403776841366377,0.175964465299366,0.0463678963099518,-0.0932801868944776,0.014012453474978,-0.0001530520307839,0.0411619060996124,0.0701149403546875,0.207524784260988,-0.262330626864541,0.104594797292995,0.0657726749151663,0.00175343137267134,-0.0905334224806353,-0.0373929150145412,0.17254650426199
"2",0.142569011061659,1,0.0904128391632345,-0.145976791138018,0.100603523870855,0.0309586150729909,-0.0547386725024889,0.0487761224698838,0.17352922202449,0.0845465732788044,-0.0051635407148131,-0.14047454425673,0.0393560278751116,-0.0156991873992499,-0.0334973408871143,-0.0732827906230049,-0.152594463350216,0.0886766707363928,0.118361133327905,0.206781187352546,0.0195392743225013,0.271239890031845,0.232714052665382,0.268180421693663,-0.0606459963996134,-0.0583507764605218,0.0066472649632435,0.0983323835180054,-0.0313312188557004,-0.0189649990842218,0.177935232139013,0.0959663709592723,-0.0648536570751252,0.0311936535038964,-0.0180531599922514,-0.113221362282726,0.165832842742287,-0.126083854503959,-0.140504315700661,0.0605086661428623,-0.0527060077312834,0.113150024975092,-0.00994881067034166,0.0554493808043929,-0.0335424984313482,0.221483570569653,-0.132161011439944,-0.0972561547324362,0.0581256783692539,0.139929113504684,-0.142561765952885,0.0544804693568051,-0.103787681683383,-0.124180492835385,-0.0630375786887086,0.167912355475603,-0.064516857700503,0.144616373338615
"3",0.0922551647708089,0.0904128391632345,1,-0.299332935344407,0.170979439578695,0.0208022375509023,0.185825536862322,0.12360116684372,0.238889469006297,-0.0763303893315986,0.0268715932230251,0.180916478645399,-0.00065589201028404,-0.0976763470964353,0.033041288683054,-0.0187383415561267,0.00971960646249461,0.00557663270550998,-0.0312707284766096,0.0582435416430377,-0.0071155948528061,0.0235841970803187,-0.0306824794322193,-0.089476455323163,-0.0253714474368711,0.00560262491097597,0.0651408092811084,-0.0658024716199707,-0.162861257715553,0.0215708714242302,0.0333742360440384,-0.0004058955640094,0.130411221344574,-0.0519040285358328,0.154502469192493,-0.0363283469111999,-0.0791106701705138,0.206540693868671,-0.0913312065038176,0.00555405145365833,-0.0824652585125376,0.0957406058236654,0.0118688379650031,0.011000372679655,-0.0474263642573572,-0.109619743551951,0.193488888128482,0.112466775389188,-0.135712083934671,-0.222946201085157,-0.026113909976331,0.00195318394769351,0.155478468528179,0.057207127712183,0.112172404199002,-0.166375015760132,-0.0616680255166519,-0.0662969026681079
"4",0.157287920558546,-0.145976791138018,-0.299332935344407,1,-0.231088028776241,0.094109133719587,-0.137217041032214,-0.157072141692043,-0.11570575664522,-0.0123555445667869,0.222252946867698,0.0823949897056289,-0.0727944580044533,0.135785893483956,0.120677221932104,-0.0417336552564982,0.0185476799736603,0.0599454433740516,-0.137406026783738,-0.156342402868845,0.0633752643593053,-0.21819464475767,-0.0706550873274693,-0.0922044015006755,-0.127065628255789,-0.0172860974197854,-0.173995599918444,-0.0855386650059607,0.0058252990101554,-0.126955425434301,-0.109445034099539,-0.177817729231417,-0.157050658746535,0.0822564552977865,-0.0107597236745172,0.00422682820476992,-0.00852703588230192,-0.0397320707211666,0.0121879389844112,-0.0649998097086431,-0.160469076475797,-0.135909071611639,-0.125330619936624,-0.0239991220995382,0.0808052574728303,0.00453927840940006,-0.173904408363697,-0.0292808003954952,-0.0479715782571387,0.0828098249231042,0.0751493066025806,-0.146758224965576,-0.0709712077610007,-0.0893625777079228,-0.108342888262778,-0.0632647596786786,-0.232137096220797,0.132939319362019
"5",-0.0326315927020295,0.100603523870855,0.170979439578695,-0.231088028776241,1,0.0912747772140003,0.0322286538530916,-0.0230752619014357,0.0618970067486143,0.0643193065899186,-0.0295402663296315,0.00365644491754139,0.00831195728985906,0.0138333622118628,-0.0708677827756901,0.109026672265379,-0.165065312299563,-0.183500538870826,0.055898918387052,0.17348020222543,0.035922882917479,0.137473417526296,0.0711038690057837,0.0254326408194126,0.105402116991639,-0.192221431758892,0.192414042968585,0.221455675844552,0.159526981681067,0.0269386542295758,0.269379416492267,-0.0290817247718551,-0.108526110400994,-0.00709915095364317,-0.00277118224793182,-0.161281510579992,-0.142482221835694,-0.175627009450789,-0.0740888561865739,-0.093122889772306,-0.183353844009796,-0.0318458231187368,0.0705471398193747,0.106677218016859,-0.0869436788898394,-0.169669150334014,-0.101745855595741,0.00552668357211441,-0.132781139865299,-0.146010598172403,-0.120008935173327,0.0182522743246614,0.0212670347039361,0.0553790360395371,-0.119025927927895,-0.0181720018490523,0.232594060393927,-0.118417978595066
"6",0.190282072302371,0.0309586150729909,0.0208022375509023,0.094109133719587,0.0912747772140003,1,0.0340917485731134,-0.177468579254759,0.00968983466731292,-0.0404181192031478,0.194775627012143,0.095648369118533,0.00127540227768186,0.250102938683026,0.181371594812925,0.113935263101368,-0.0395733533196172,0.177481575686133,-0.0426833240157402,0.153108708675376,0.0829768439853464,-0.0416464681189649,0.00516569371617411,0.0339890796530427,-0.0556542122282417,-0.0938057427666278,-0.0491644980768028,0.0226258512861805,0.017498714536008,-0.148653894631136,0.127855109394659,-0.0473204646403328,-0.0768281405927737,-0.020884586207634,0.111972370304285,-0.0455153948788639,-0.0369669403572987,-0.0718454712588029,0.114576207673492,0.0318549323399955,0.0581562489753437,0.0358392809090743,-0.026206467346321,0.0220889910600751,0.0121946635320597,-0.13187923756979,-0.0281101247168879,0.0437192817409142,-0.0356305995624347,0.0262860611029084,0.214705496618884,0.0853841863386339,0.0405626752034615,-0.0999920333640268,-0.0179737869653763,-0.109499366258552,0.203259268557651,0.331667702414145
"7",0.143337929667779,-0.0547386725024889,0.185825536862322,-0.137217041032214,0.0322286538530915,0.0340917485731134,1,0.197986161995503,0.0241747875380003,-0.0900350472687829,0.278834392474397,0.110156208910235,-0.039083134485448,0.145315796932536,-0.150665423653556,0.0823250815421223,0.0927038710697716,0.125821963387141,0.169766010471479,0.0882573951792003,-0.231402252085799,0.13760897802067,0.0430371426399112,-0.109235921560128,-0.0240925101133086,0.114290427289795,0.181433344017298,0.115901596500743,0.0927436399998288,0.0370455459085451,-0.049754791481629,0.183661073830613,-0.0183947499221107,-0.0327998977062813,0.402029323991402,0.0253757978674614,0.167805727726637,0.306609970897045,-0.0517253668547019,0.127264805884456,-0.0146861043150455,0.144367326359576,0.243735166264224,0.127728792537906,0.0394578739321503,-0.175455874538513,-0.076589634652125,-0.187697851373357,-0.0651763829092408,0.0574581382208195,0.0367870343064505,0.0995098958759761,0.0332147612610392,0.0683541498989475,0.102440726816435,0.102560379738598,0.11262105084731,0.019944158245728
"8",-0.020729011827098,0.0487761224698838,0.12360116684372,-0.157072141692043,-0.0230752619014357,-0.177468579254759,0.197986161995503,1,0.0496389070642814,0.114103892289498,-0.00289078155303883,-0.114125418681442,0.0642998026615956,-0.00460396611126242,-0.0245625519787768,-0.123996089757663,0.0040324587519924,-0.0845115108874701,-0.108759768567963,-0.0498819170773493,-0.320450490852274,0.120925919050256,-0.192399746669197,-0.105450349616569,0.180254502192623,0.226742039144796,-0.116234266798257,0.06143065293707,0.0868851950393207,-0.0152901429773433,0.120955727313514,-0.0458655065608219,0.135986592771041,0.0501847230633889,0.171877184118684,0.452084408363104,0.0832511696682845,0.220529918462165,0.074591529263536,0.201844345149881,0.153275503301458,0.072962293318927,0.150452866785874,-0.00441899825193835,0.00401908696392593,-0.0728393744970695,0.10221077420147,-0.0235204312596156,0.0949614670502879,-0.00103835121995908,-0.0758331864171241,-0.17588502238391,0.192859042708632,0.101731855757051,0.0934777772491478,0.0649227030747387,0.0882123183549411,0.030299712452917
"9",0.0752680104964394,0.17352922202449,0.238889469006297,-0.11570575664522,0.0618970067486143,0.00968983466731292,0.0241747875380003,0.0496389070642814,1,0.0238372586314948,-0.0555562938623719,0.0306542444563315,0.150642882278344,0.0101540393836483,-0.062453285435749,-0.00070623528529817,0.109231930410466,0.0804785407738008,0.00795211620758593,0.0734402411580511,0.132558252488591,0.198766573388383,0.0144701012132563,0.170142431358474,-0.0708995394021601,0.117066674340656,0.0831184188711763,0.0443682729125252,0.0825477328937275,0.0837369020433551,0.230916216986663,0.205643374585661,0.128421414508556,-0.0297058560121661,0.114145593961931,-0.106785327376935,0.0846223737565285,0.166677883953399,0.142444570972498,0.216950552858983,-0.0207922795430544,-0.0365857433833904,0.0738439814056399,-0.0381536620721086,-0.159983095723438,-0.0239604401140824,0.124999437684384,0.0806832295828462,-0.00457568426138202,0.0512734765984562,-0.0809709698527388,0.040686596544694,0.0518600343864513,0.0653145644664168,-0.0369896902132628,-0.0681203274445036,-0.183458467298852,-0.0382284494354767
"10",0.142834713206426,0.0845465732788044,-0.0763303893315986,-0.0123555445667869,0.0643193065899186,-0.0404181192031478,-0.0900350472687829,0.114103892289498,0.0238372586314948,1,-0.167330549315834,0.0495685912246163,0.02464115970918,0.145110576019334,0.0956502700424795,-0.0041590337424959,-0.0564393335628846,0.110194997286811,-0.114931708326922,0.101700489483836,-0.0267289863252373,-0.18583157427674,-0.120200812218227,-0.0289159555394506,0.0397232716857255,-0.0608794251514772,-0.0167194399434,0.132174087930263,0.158568632233458,0.0660639691174251,0.251454081049684,0.202713812413265,0.216302846223088,0.0463796611113694,0.0813835347869489,0.0973693697255114,-0.0786726451633866,0.0335733461605512,0.0179854623691736,0.0445245134253968,-0.00019735978537871,0.17137514376462,0.169225417476436,-0.0430855813799571,-0.0363488871337501,-0.0461740720519568,0.0333335765743752,0.10101418955809,0.200630724348514,0.108995327276999,0.0862951317997006,0.0492708799052562,0.128318466616459,0.0583221044394989,0.0980786171752997,0.124977094996385,-0.0802576397197622,0.0106280108118092
"11",0.119578837511789,-0.0051635407148131,0.0268715932230251,0.222252946867698,-0.0295402663296315,0.194775627012143,0.278834392474397,-0.00289078155303883,-0.0555562938623719,-0.167330549315834,1,0.189672696747284,0.00572179043254074,0.146269175950799,0.0556507490784479,-0.00974139332195658,-0.017024295222743,0.0699685988607683,0.063668028117146,-0.0956802480963999,-0.11274791560524,-0.0207464817594546,-0.00949250293670509,-0.163625936166113,0.048327903234937,-0.0328882636466812,0.101760690011841,0.049365777625385,0.00931257223354687,0.0871901585400147,-0.121677190755746,-0.0597307798348685,-0.0509492914557224,-0.021004012638514,0.319129744498398,-0.136686278847292,0.0189902696294054,-0.0114738359264453,-0.0467623394016506,-0.00201321733844821,-0.053400728386842,0.0788871523695923,0.0329067432614198,0.0484253568952542,-0.104308806213097,-0.0337856041402284,-0.306302627190687,-0.144243795219744,-0.0990316109604503,-0.0285866990719177,0.0494974626268199,0.136114357108975,0.0567078815443977,0.0687684860843296,-0.058196096097246,0.0191821455989538,-0.00355634278310246,0.174565374697606
"12",0.00724400193584677,-0.14047454425673,0.180916478645399,0.0823949897056289,0.00365644491754139,0.095648369118533,0.110156208910235,-0.114125418681442,0.0306542444563315,0.0495685912246163,0.189672696747284,1,0.0392689512930237,-0.0991202901090078,0.0123079870425916,-0.12241211147537,0.0904590171424393,0.184744705174287,-0.221153886606518,-0.0211641942698441,-0.121009385575635,-0.109620341497166,0.0519105941333292,-0.242202784953676,-0.00950404447959704,0.0969476268008985,-0.116585960981829,0.274640178482435,0.0637665490305847,-0.108540833258828,0.0530264099881056,0.00303335913159743,0.0792930086490244,0.0232069502910672,0.128399213452027,-0.219295731355577,-0.0944639704733854,0.0546409017101406,0.0016960581700274,0.00649080029926127,-0.099163916556856,-0.0143853319157669,-0.0149606698659806,-0.0950491230233762,-0.128826702493467,-0.279852618179331,0.054367873884593,0.197528231083942,0.0348860168257896,-0.129378547495937,0.0150671293668228,0.146663414823372,0.119757936166658,0.174268902645681,0.182408380927909,0.00584292847208017,-0.093066856561578,-0.0717082392205609
"13",0.0616819146318265,0.0393560278751117,-0.00065589201028404,-0.0727944580044533,0.00831195728985906,0.00127540227768186,-0.039083134485448,0.0642998026615956,0.150642882278345,0.02464115970918,0.00572179043254074,0.0392689512930237,1,-0.101088855753143,-0.0233217467999061,0.0301404757748917,0.162411606600334,0.135324360555354,0.0620592240538329,0.0627736075712781,-0.0686889668824405,-0.0619503875863583,-0.01114520958085,0.00945455576558193,-0.0243011639121218,0.0760782959332393,0.0493209090378076,0.0235697322482958,-0.169193564078989,0.162015606536447,0.20799043375455,0.0424355277263058,0.0424617015426555,0.0695752932786053,-0.0311548221446587,0.181173368423528,0.165488043063368,-0.0961330994318288,0.124000274917032,0.0768164085068184,0.191694485514186,0.0699006853961724,0.150914725279611,-0.13379915559586,0.0706587652041411,0.0666172067679894,0.186801903628257,0.140240587128709,0.477975164967841,0.00961363069877314,0.124978072444877,-0.0556043611411489,-0.0144019560470988,-0.16069457623459,-0.140444054138239,-0.121324654909985,-0.0816954694076041,-0.00725907514833646
"14",0.172082689662874,-0.0156991873992499,-0.0976763470964353,0.135785893483956,0.0138333622118628,0.250102938683026,0.145315796932536,-0.00460396611126242,0.0101540393836483,0.145110576019334,0.146269175950799,-0.0991202901090078,-0.101088855753143,1,-0.0414682217767678,0.191638344683883,0.138966888232272,0.0584145276492755,0.027376650639958,0.130156264513419,0.10771325324503,-0.0454570115988858,-0.0313301851524967,-0.153279015860264,0.0555663615283849,0.0245271781609731,0.159686812137473,-0.011859499218549,-0.0172405683379311,0.057340858217602,0.167065140387131,0.0361768291030304,0.017512015647922,-0.0421369413296143,0.21963992649264,0.01800334052883,0.056812485171158,0.0171545088658312,0.0803846429374789,0.165210028727756,-0.0349533147542089,0.0480771929978578,-0.125267041511269,-0.0689061961593586,-0.125208913792082,-0.110415590404481,-0.101151011284585,0.00525563924602303,-0.0652741432008193,0.535522151347929,0.144316734410227,0.0896131618223359,0.0204098012692836,-0.0398599545912255,-0.0513346380375317,-0.0819159458485095,-0.00552380424092695,0.05046988171057
"15",0.151579274831823,-0.0334973408871143,0.033041288683054,0.120677221932104,-0.0708677827756901,0.181371594812925,-0.150665423653556,-0.0245625519787768,-0.062453285435749,0.0956502700424795,0.0556507490784479,0.0123079870425916,-0.0233217467999061,-0.0414682217767678,1,-0.0939177109534793,-0.15282375233217,0.166967590019511,-0.130337980673378,-0.122481529014417,0.14565302794025,-0.141919664550419,0.0217117141359187,-0.0988383441255255,-0.154842891077259,-0.0970305488630669,0.0197449665284439,-0.0523432777006956,-0.012178182759699,-0.0538706765053098,0.0318854500301936,0.108127942719555,0.182596566619951,0.0238547328473197,-0.0388243589481108,-0.0429784207988759,0.0422057701639017,-0.00648609326836266,-0.121378569837325,0.0683782666995771,-0.0960535587438359,0.142110910415954,0.0181307630847731,-0.090002713693248,0.0538619870606495,0.00133922103560328,-0.0175743221537509,0.0333797941947101,-0.0340970361910266,-0.0579475438851676,0.00079213502137931,0.0205821301339198,0.0979144406303691,0.1249212425344,-0.185261124643055,0.161270922094302,-0.0505439703873312,0.00238628996164634
"16",0.0566031568944659,-0.0732827906230049,-0.0187383415561267,-0.0417336552564982,0.109026672265379,0.113935263101368,0.0823250815421223,-0.123996089757663,-0.00070623528529817,-0.0041590337424959,-0.00974139332195658,-0.12241211147537,0.0301404757748917,0.191638344683883,-0.0939177109534793,1,0.222289319047882,0.06273130662596,-0.0476478476983625,0.165940310964044,-0.0145979842055999,-0.0330913256980604,0.099754135322676,0.101176531357599,0.0164173186091188,-0.130973419551341,-0.0235492196924711,0.13182582781623,-0.163317545714443,-0.198760899492701,-0.0515779621346915,-0.0500139268569928,0.10927723408369,-0.121513911578843,0.112442582282038,-0.165255499420344,-0.112740098069464,-0.0740056684265605,0.0345406025432704,0.163459361169601,0.0482934521972768,0.160956869851074,-0.120100743502364,-0.12695503859406,0.135395657594712,-0.114286317585579,0.0208929244370136,-0.0145464609271422,0.00371504803920826,0.0624532981550204,-0.235334393018185,0.126167383761168,0.0157990168898642,0.0543191463451743,0.0649158554736551,-0.0526152064419928,0.0503062297550396,2.70230636924459e-05
"17",-0.0691438130472748,-0.152594463350216,0.00971960646249461,0.0185476799736603,-0.165065312299563,-0.0395733533196172,0.0927038710697716,0.0040324587519924,0.109231930410466,-0.0564393335628846,-0.017024295222743,0.0904590171424393,0.162411606600334,0.138966888232272,-0.15282375233217,0.222289319047882,1,0.0187613930742633,-0.143982613387733,0.0467846581550642,-0.0600795676353975,-0.0149401927417651,-0.0874711528659775,-0.110928383477413,-0.231742037355598,0.0563616735319424,0.0465335022178314,0.155303295667076,-0.202901381937725,-0.108481549832219,-0.0831787336538381,-0.0905868545637143,0.0343935590997728,-0.0383419421504568,0.0488625874032723,0.0353662258477882,0.0115755078699037,-0.0117394279057545,0.159740916465579,0.0795386631274341,0.00428930240058439,-0.0627224658390334,-0.0416155357991482,-0.0345833898239888,0.0643730651873331,0.0124682822148429,0.141137050524066,0.00622547462155365,0.165549753739792,0.0603140802567581,0.014368276831673,0.0340964443014212,-0.0586416806875446,0.102709360399213,-0.0723893977445818,-0.220515181187781,-0.0789910861128686,-0.0109387091640635
"18",0.195664041820471,0.0886766707363928,0.00557663270550998,0.0599454433740516,-0.183500538870826,0.177481575686133,0.125821963387141,-0.0845115108874701,0.0804785407738008,0.110194997286811,0.0699685988607683,0.184744705174287,0.135324360555354,0.0584145276492755,0.166967590019511,0.06273130662596,0.0187613930742633,1,-0.0764373489161428,0.00097278010176381,-0.0760082705930954,-0.0964214340253644,0.258036333966475,0.0526683363059347,-0.16882559274476,0.118771023566391,-0.0716747603158022,0.102301727582417,-0.0865166121462115,-0.193215301471222,0.0940029956526172,0.145189780158914,0.0654557917100516,-0.0320443830653041,0.0912308871505291,-0.0429153467027739,0.0867982025216909,-0.0682416064071632,0.140627940835507,0.0949045232795908,-0.00798191238447849,0.0835039349266299,0.0325766145768347,-0.127468155735872,-0.0692733337040853,-0.0593266415550105,0.0310530273877296,-0.0292926206881565,0.118199280222587,0.0969268521119552,0.102625347920349,-0.00948521034482432,0.0463786333074793,0.0907387890485011,0.00168523223792098,0.0724754635477586,-0.0992092905542482,0.156255849499425
"19",0.067695983820098,0.118361133327905,-0.0312707284766096,-0.137406026783738,0.055898918387052,-0.0426833240157402,0.169766010471479,-0.108759768567963,0.00795211620758593,-0.114931708326922,0.063668028117146,-0.221153886606518,0.0620592240538329,0.027376650639958,-0.130337980673378,-0.0476478476983625,-0.143982613387733,-0.0764373489161428,1,0.195347885690873,0.136554703545737,0.00048730523385493,0.294776924476649,0.19216302679543,-0.00362389054606281,0.0775684908383509,0.180106154261889,-0.0214186749543647,0.22493284784429,0.3544162484761,0.377207684403263,0.309366659911294,-0.0795695513031975,-0.00063989247423457,-0.0343647262455176,0.00516222198495438,0.175943574933954,-0.0947415959738397,-0.130050277287058,-0.109041929352998,0.00595696867218362,0.0181672445245005,0.137966179792025,0.0371366184684869,-0.0908825118177314,0.0377332421233726,0.114939762864248,0.00478677285639937,0.0139980129143637,-0.0225898255124724,0.177187600737633,0.0687355591105561,0.0213881639653578,0.00893834523481011,-0.0660491497878588,-0.0629233702492671,0.0785910009404989,0.117067914482185
"20",0.134534559100008,0.206781187352546,0.0582435416430377,-0.156342402868845,0.17348020222543,0.153108708675376,0.0882573951792003,-0.0498819170773493,0.0734402411580512,0.101700489483836,-0.0956802480963999,-0.0211641942698441,0.0627736075712781,0.130156264513419,-0.122481529014417,0.165940310964044,0.0467846581550642,0.00097278010176381,0.195347885690873,1,-0.0418314864907992,0.146003993604129,0.222170894044141,0.173331827354445,0.00212475890644311,0.0171008695812572,0.0849151500157381,0.228122138017857,0.103084450666378,0.0568335109038097,0.132166050959225,0.380057435143086,-0.0612248944129525,-0.100559717803943,0.145875396049955,-0.00676893319055393,0.195279062776132,-0.0345017100585574,0.0133867421357677,0.132072271158851,0.208742702096343,0.204382131280253,0.200875400363527,-0.0387441469257034,-0.0864467768855529,0.057482961174776,0.217453394174825,0.229110624669526,0.177164470269876,0.0130456582408225,0.169670584578264,0.0710621434572632,-0.040688878757336,-0.0371263807453766,0.10130932039926,0.0766688520127973,0.149058073894306,0.0901074390279568
"21",0.02129017756033,0.0195392743225013,-0.0071155948528061,0.0633752643593053,0.035922882917479,0.0829768439853464,-0.231402252085799,-0.320450490852274,0.132558252488591,-0.0267289863252373,-0.11274791560524,-0.121009385575635,-0.0686889668824405,0.10771325324503,0.14565302794025,-0.0145979842055999,-0.0600795676353975,-0.0760082705930954,0.136554703545737,-0.0418314864907992,1,0.110373626437872,0.0276318919771556,0.133008728195696,-0.158876710494261,-0.0628730381825978,0.16779409542035,-0.0495794878370924,-0.0374018006521544,0.221782253499901,0.144720055218553,0.00599247957278528,-0.0139074465489338,-0.0247597261873771,-0.133405193438465,-0.0928457961181288,0.080695152587599,-0.0388003003400248,-0.0522155395693446,-0.0598518946937846,-0.0681831200797197,0.0733420598418582,-0.175967210558395,0.0930192552862928,-0.135813851552503,-0.0427530286517213,0.138634647254585,0.167867934980256,-0.0142916084729006,0.200409611832557,-0.127405316342324,0.0876628247151441,-0.212388660769456,-0.156363293502212,-0.186936463349507,-0.159486913977076,0.0190870918059232,0.0873874317420608
"22",-0.0897701832146133,0.271239890031844,0.0235841970803187,-0.21819464475767,0.137473417526296,-0.0416464681189649,0.13760897802067,0.120925919050256,0.198766573388383,-0.18583157427674,-0.0207464817594546,-0.109620341497166,-0.0619503875863583,-0.0454570115988858,-0.141919664550419,-0.0330913256980604,-0.0149401927417651,-0.0964214340253644,0.00048730523385493,0.146003993604129,0.110373626437872,1,0.183804601053002,0.124021343557741,-0.0556841859994514,0.106691105021515,0.0744417218307369,0.173696550221761,-0.0690350468028668,0.0602597226764692,-0.020093739050003,0.020388527736571,-0.205664931595635,-0.0246588767202567,0.00733357471849269,-0.0353943446864339,0.230468165593361,0.0215864219742334,-0.0870500656352462,0.0877745721869718,0.00506560017272102,0.00505326601849771,0.264147676964905,0.0680676654203071,-0.0280992753231162,-0.0447905585212307,0.0321492816791744,-0.0852156206381659,0.0391688725805494,0.0870858617341758,-0.0229623009011412,-0.0141241660712638,0.0468071376217329,-0.104542242136051,-0.00451647667429703,-0.0425024912638533,0.0538214486764548,0.0283616468798912
"23",0.0688515051085843,0.232714052665382,-0.0306824794322193,-0.0706550873274693,0.0711038690057837,0.00516569371617411,0.0430371426399112,-0.192399746669197,0.0144701012132563,-0.120200812218227,-0.00949250293670509,0.0519105941333292,-0.01114520958085,-0.0313301851524967,0.0217117141359187,0.099754135322676,-0.0874711528659775,0.258036333966475,0.294776924476649,0.222170894044141,0.0276318919771556,0.183804601053002,1,0.410818872583203,-0.0876472077934349,0.195939933036811,0.164360359076694,0.270232483772765,0.201342942822979,0.0615145373440717,0.208712947616015,0.210916246906984,-0.0436506992269198,-0.0313188124067247,-0.0012066494869492,-0.16780174902829,0.194752424121657,-0.0787426577986971,0.0273842684063214,-0.0247782317056846,-0.0664083438121934,-0.00534639867962732,0.0290364058030675,0.0868517504419587,-0.053898081901039,0.028601680330592,0.129114760797045,-0.0551233729850276,0.105137993024629,0.11378379636729,0.110825542593448,0.111429000888199,-0.0739419882957355,0.0477860221025924,0.0407414291805663,-0.019806845040813,0.0429831476290878,0.216067262725491
"24",0.0875967802104465,0.268180421693663,-0.0894764553231631,-0.0922044015006755,0.0254326408194126,0.0339890796530427,-0.109235921560128,-0.105450349616569,0.170142431358474,-0.0289159555394506,-0.163625936166113,-0.242202784953676,0.00945455576558193,-0.153279015860265,-0.0988383441255255,0.101176531357599,-0.110928383477413,0.0526683363059347,0.19216302679543,0.173331827354445,0.133008728195696,0.124021343557741,0.410818872583203,1,-0.106476544891694,-0.01204936915665,-0.0169849027614676,0.141611779415687,0.063429853577935,0.235920034216406,0.211466313968606,0.0904358849323667,-0.0466520399814635,0.0361157367440582,-0.125535400119309,0.017141729530094,0.147647016144314,-0.156531184461828,-0.0303335882210621,-0.0463665032104116,0.00317030131962834,0.129925904149909,-0.0216450228167367,0.206634172398385,-0.0158161995948242,0.155365978877474,0.198391350260432,-0.0025187893455403,0.0704589056233616,0.0578902043872206,-0.134269988015427,0.0420882273272395,-0.185726666791055,-0.0940782949082079,-0.109012219254657,0.125840821006546,-0.00681835530954692,0.15784790861646
"25",-0.221780616532298,-0.0606459963996134,-0.0253714474368711,-0.127065628255789,0.105402116991639,-0.0556542122282417,-0.0240925101133086,0.180254502192623,-0.0708995394021601,0.0397232716857255,0.048327903234937,-0.00950404447959704,-0.0243011639121218,0.0555663615283849,-0.154842891077259,0.0164173186091188,-0.231742037355598,-0.168825592744761,-0.00362389054606281,0.00212475890644311,-0.158876710494261,-0.0556841859994514,-0.0876472077934349,-0.106476544891694,1,0.0993943041826214,0.0349224574944453,0.141555439158046,-0.00868241948839124,0.0631297282790404,0.0889935116950034,0.156810147311175,0.0955188169994533,0.102938638015362,-0.016400402699367,0.0734383586110153,-0.241241602289361,0.0405540642024855,0.0724512310559943,0.159283881552229,0.0388238353037195,0.121608662296952,0.0383646869788958,-0.0244772981876576,-0.0495167098087418,0.10860192038798,-0.117192493015816,0.0481073881151624,0.0763320701805379,0.0752286483493967,0.00373122675886723,-0.0755514854567447,-0.0489188101558272,-0.0637198327513838,0.0337888242212491,0.0514154202883975,0.050386272186246,-0.0175769110579415
"26",-0.198277439255404,-0.0583507764605218,0.00560262491097597,-0.0172860974197854,-0.192221431758892,-0.0938057427666279,0.114290427289795,0.226742039144796,0.117066674340656,-0.0608794251514773,-0.0328882636466812,0.0969476268008985,0.0760782959332393,0.0245271781609731,-0.0970305488630669,-0.130973419551341,0.0563616735319424,0.118771023566391,0.0775684908383509,0.0171008695812572,-0.0628730381825978,0.106691105021516,0.195939933036811,-0.01204936915665,0.0993943041826214,1,-0.107469843020109,0.0553076643304596,0.0525535056508312,-0.0522894673133455,0.120234379493024,0.0923903046990648,0.15442567281397,0.0740681301019486,-0.00662755891356841,0.133118872816915,-0.051480912125317,0.249135856444195,0.173234651523823,-0.0317157788604979,0.00323097652119137,-0.0797074159517223,0.0267523016809914,-0.180969864054338,-0.171855988785501,-0.103330899560949,0.236807007484337,-0.0152644382137896,0.101263401100065,0.0908670797999841,0.152003051238025,-0.00113830742546135,0.137192604382608,-0.0104711282104039,-0.0184400501794738,-0.105734795090664,-0.0278355119021167,-0.0658926228118868
"27",0.173553311409867,0.0066472649632435,0.0651408092811084,-0.173995599918444,0.192414042968585,-0.0491644980768028,0.181433344017298,-0.116234266798257,0.0831184188711763,-0.0167194399434,0.101760690011841,-0.116585960981829,0.0493209090378076,0.159686812137473,0.0197449665284439,-0.0235492196924711,0.0465335022178314,-0.0716747603158022,0.180106154261889,0.0849151500157381,0.16779409542035,0.0744417218307369,0.164360359076694,-0.0169849027614676,0.0349224574944453,-0.107469843020109,1,0.153523787051935,0.0828343729630429,0.344168581107259,0.146273557556571,0.0713626018708134,0.0275870447402801,0.191953562105597,-0.0309934833974477,-0.197663220946628,0.160120966947046,0.0337900075023808,-0.136208354801469,-0.0246220136030417,-0.142141211595672,-0.0616105023667151,-0.0331211636882478,0.036516727298573,-0.172857536987111,0.102623160831801,-0.0924524517591931,-0.014943667937827,-0.0271241093896798,0.126245725073709,-0.0352492611139323,-0.108970235587013,-0.0141547856303441,0.020164865065088,-0.00677501904888503,0.0157099787809232,0.0880911879459929,-0.0977120464113062
"28",-0.137913887612977,0.0983323835180054,-0.0658024716199707,-0.0855386650059607,0.221455675844552,0.0226258512861805,0.115901596500743,0.06143065293707,0.0443682729125252,0.132174087930263,0.049365777625385,0.274640178482435,0.0235697322482958,-0.011859499218549,-0.0523432777006956,0.13182582781623,0.155303295667076,0.102301727582417,-0.0214186749543647,0.228122138017857,-0.0495794878370924,0.173696550221761,0.270232483772765,0.141611779415687,0.141555439158046,0.0553076643304596,0.153523787051935,1,0.147329977971052,0.092626572057778,0.149847327104142,0.143651286208927,0.0330724982487422,0.109827608889774,-0.00707653153149597,0.0326072092336624,0.0099913303242824,-0.0949796585461826,0.166544174790044,0.165783252539984,0.0461548390218651,0.121169410850663,0.186890378270453,-0.0311214230698196,-0.153621752805894,-0.111445473875478,-0.0326752176850078,-0.0708701264374286,0.204916756600624,0.117156486031343,-0.18078774918651,0.212733968131644,0.0697969388022471,0.0399134669353447,0.104258174077506,0.1867197531515,0.055180547508448,0.0112267731042275
"29",0.053721742627482,-0.0313312188557004,-0.162861257715553,0.0058252990101554,0.159526981681067,0.017498714536008,0.0927436399998288,0.0868851950393207,0.0825477328937275,0.158568632233458,0.00931257223354687,0.0637665490305847,-0.169193564078989,-0.0172405683379311,-0.012178182759699,-0.163317545714443,-0.202901381937726,-0.0865166121462115,0.22493284784429,0.103084450666378,-0.0374018006521544,-0.0690350468028668,0.201342942822979,0.063429853577935,-0.00868241948839124,0.0525535056508313,0.0828343729630429,0.147329977971052,1,0.0990977020952883,0.124323999551105,0.140513307730366,-0.080591093027539,0.106086054403382,-0.0798725802724641,-0.0503782276982047,-0.0558846465658272,-0.00733900835535646,0.197215742170209,0.126599677090225,0.0103133724140008,-0.0285746343874112,0.119039640644684,0.225102869430212,-0.0972859080033478,-0.155300763733366,-0.0299730988008072,0.0311903740558173,-0.125461770158982,0.0729149753289864,0.129964797614389,0.0718151867231098,0.0957150357332697,0.104455347726972,0.0976282610605401,0.0604281078555729,0.180572890464003,0.0123919242195404
"30",0.129972638541049,-0.0189649990842218,0.0215708714242302,-0.126955425434301,0.0269386542295758,-0.148653894631136,0.0370455459085451,-0.0152901429773433,0.0837369020433551,0.0660639691174251,0.0871901585400147,-0.108540833258828,0.162015606536447,0.057340858217602,-0.0538706765053098,-0.198760899492701,-0.108481549832219,-0.193215301471222,0.3544162484761,0.0568335109038097,0.221782253499901,0.0602597226764692,0.0615145373440717,0.235920034216406,0.0631297282790404,-0.0522894673133455,0.344168581107259,0.092626572057778,0.0990977020952883,1,0.254924396808164,0.109531127291491,0.256932227604281,0.110234355705382,0.012869101301054,0.192620991606259,0.13805572843396,-0.0590195733071658,0.0508604653444346,0.0394169856901595,0.127220908711887,0.0638541785902469,0.255682862350315,0.136339197638689,0.00238386894838012,0.131530282259614,0.0341398356228319,0.0194907746668093,0.191676740136025,0.00944921853086717,0.12388146917162,-0.0192898126839584,0.00323581777337081,0.0266076447700161,-0.0413016203149033,-0.0209811053097042,-0.00993932604457683,0.0826344943804898
"31",0.150222946436747,0.177935232139013,0.0333742360440384,-0.109445034099539,0.269379416492267,0.127855109394659,-0.049754791481629,0.120955727313514,0.230916216986663,0.251454081049684,-0.121677190755746,0.0530264099881056,0.20799043375455,0.167065140387131,0.0318854500301936,-0.0515779621346915,-0.0831787336538381,0.0940029956526172,0.377207684403263,0.132166050959225,0.144720055218553,-0.020093739050003,0.208712947616015,0.211466313968606,0.0889935116950034,0.120234379493024,0.146273557556571,0.149847327104142,0.124323999551105,0.254924396808164,1,0.268176082043141,0.118307166164544,0.154779631928259,0.00189493525636292,-0.00810343639192896,0.173444280458516,-0.0484758475862018,-0.0627097386221699,-0.0236737013186114,-0.108326799110534,0.142443374649451,0.077550391499313,0.0455824648051612,-0.127529085782304,-0.0136265922163832,0.148844992169691,-0.014933210925584,0.0762810960643761,0.0914190103251609,-0.0055719729171614,0.0215341927721146,0.0252796222732559,0.137407715196221,-0.105673329250157,-0.126464578925571,-0.163323372693381,0.21365556591769
"32",0.0703648725912394,0.0959663709592723,-0.0004058955640094,-0.177817729231417,-0.0290817247718551,-0.0473204646403328,0.183661073830613,-0.0458655065608219,0.205643374585661,0.202713812413265,-0.0597307798348685,0.00303335913159743,0.0424355277263058,0.0361768291030304,0.108127942719555,-0.0500139268569928,-0.0905868545637143,0.145189780158914,0.309366659911294,0.380057435143086,0.00599247957278528,0.020388527736571,0.210916246906984,0.0904358849323667,0.156810147311175,0.0923903046990648,0.0713626018708134,0.143651286208927,0.140513307730366,0.109531127291491,0.268176082043141,1,0.0697403240081102,0.0587336111011189,0.194144058908815,0.0361381306687512,0.186807006536118,0.22022359412884,-0.0506681010881782,0.307670637167329,0.142302595422372,0.267828292871238,0.236899419327048,-0.00940853852330354,-0.083182803538279,0.0854453047508095,0.134055972283007,0.171512562084383,0.203645361329886,0.0501547659443635,0.205176240069649,0.179214943095887,-0.113154203923791,0.0798672649704594,0.108083897182718,0.119446921433664,-0.0170137025129495,0.0948054606973749
"33",0.101610546796181,-0.0648536570751252,0.130411221344574,-0.157050658746535,-0.108526110400994,-0.0768281405927737,-0.0183947499221107,0.135986592771041,0.128421414508556,0.216302846223088,-0.0509492914557224,0.0792930086490244,0.0424617015426555,0.017512015647922,0.182596566619951,0.10927723408369,0.0343935590997728,0.0654557917100516,-0.0795695513031975,-0.0612248944129525,-0.0139074465489338,-0.205664931595635,-0.0436506992269198,-0.0466520399814635,0.0955188169994533,0.15442567281397,0.0275870447402801,0.0330724982487422,-0.080591093027539,0.256932227604281,0.118307166164544,0.0697403240081102,1,0.185361839538485,0.0197021340203981,0.103252357351053,-0.0352047860070464,0.125569549338127,0.0608212258967888,-0.0258414956787818,0.00321749255990744,0.132750458323847,-0.0740887389740542,-0.0978442785430768,0.0226951191129709,0.0900188603135077,0.0427193638626316,0.0395851725266912,0.0837444326057232,-0.072110896195839,-0.0442109911909177,0.0700594532285117,0.0801731755144196,0.177946135150918,0.151427294295283,-0.0124394911033822,-0.0130039243990331,0.0538934532283533
"34",0.122113032103942,0.0311936535038964,-0.0519040285358328,0.0822564552977865,-0.00709915095364317,-0.020884586207634,-0.0327998977062813,0.0501847230633889,-0.0297058560121661,0.0463796611113694,-0.021004012638514,0.0232069502910672,0.0695752932786053,-0.0421369413296143,0.0238547328473197,-0.121513911578843,-0.0383419421504568,-0.0320443830653041,-0.00063989247423457,-0.100559717803943,-0.0247597261873771,-0.0246588767202567,-0.0313188124067247,0.0361157367440582,0.102938638015362,0.0740681301019486,0.191953562105597,0.109827608889774,0.106086054403382,0.110234355705382,0.154779631928259,0.0587336111011189,0.185361839538485,1,-0.112858628490647,0.0879653603372501,0.0467595289187175,-0.0472206575311515,-0.0137587407024815,0.0151400320082892,-0.0308623259860486,0.0846975091669782,0.15928094311819,0.109270086647611,-0.108836693593264,0.127551080771773,-0.0602964199361238,-0.0141984070333875,0.19110073261124,0.0571128281822612,-0.085363468017013,-0.167151964086303,-0.148795327870019,-0.0887416923792307,0.150488578314033,-0.120379818922645,-0.08474230418695,-0.0169984009764915
"35",0.119861992326525,-0.0180531599922514,0.154502469192493,-0.0107597236745172,-0.00277118224793182,0.111972370304285,0.402029323991402,0.171877184118684,0.114145593961931,0.0813835347869489,0.319129744498398,0.128399213452027,-0.0311548221446587,0.21963992649264,-0.0388243589481108,0.112442582282038,0.0488625874032723,0.0912308871505291,-0.0343647262455176,0.145875396049955,-0.133405193438465,0.00733357471849269,-0.0012066494869492,-0.125535400119309,-0.0164004026993669,-0.00662755891356841,-0.0309934833974477,-0.00707653153149597,-0.0798725802724641,0.012869101301054,0.00189493525636292,0.194144058908815,0.0197021340203981,-0.112858628490647,1,0.105666001533138,0.0866114380176401,0.219869527922972,-0.0300871962566921,0.255273422759497,0.156222219448366,0.268405090404153,0.101347307969412,0.0993166071042943,0.0807372545061992,-0.0357194083623695,0.00869317545913716,0.0885689858615412,0.126880017183698,0.0772405470664876,-0.0315111800095418,0.00113979329657136,0.0303091120928043,0.12375850230045,0.118250232515256,0.00447889599050499,0.164012672185121,0.184005184106747
