"","l_Insular.Cortex","r_Insular.Cortex","l_Amygdal.Area","r_Amygdal.Area","l_Bed.Nucleus.of.the.Stria.Terminalis","r_Bed.Nucleus.of.the.Stria.Terminalis","l_Hippocampus","r_Hippocampus","l_Orbitofrontal.cortex","r_Orbitofrontal.cortex","l_Entorhinal.Cortex","r_Entorhinal.Cortex","l_Frontal.Association.Cortex","r_Frontal.Association.Cortex","l_Globus.Pallidus","r_Globus.Pallidus","l_Glomerular.Layer.of.the.Accessory.Olfactory.Bulb","r_Glomerular.Layer.of.the.Accessory.Olfactory.Bulb","l_Glomerular.Layer.of.the.Olfactory.Bulb","r_Glomerular.Layer.of.the.Olfactory.Bulb","l_Granule.Cell.Level.of.the.Cerebellum","r_Granule.Cell.Level.of.the.Cerebellum","l_Hypothalamic.Region","r_Hypothalamic.Region","l_Entorhinal.Cortex","r_Entorhinal.Cortex","l_Vermix.Molecular.Layer.of.the.Cerebellum","r_Vermix.Molecular.Layer.of.the.Cerebellum","l_Lateral.Molecular.Layer.of.the.Cerebellum","r_Lateral.Molecular.Layer.of.the.Cerebellum","l_Anterior.Olfactory.Bulb","r_Anterior.Olfactory.Bulb","l_Posterior.Olfactory.Bulb","r_Posterior.Olfactory.Bulb","l_Subiculum","r_Subiculum","l_Perirhinal.Area","r_Perirhinal.Area","l_PreLimbic.System","r_PreLimbic.System","l_Primary.Cingular.Cortex","r_Primary.Cingular.Cortex","l_Primary.Motor.Cortex","r_Primary.Motor.Cortex","l_Retrosplenial.Cortex","r_Retrosplenial.Cortex","l_Secondary.Cingular.Cortex","r_Secondary.Cingular.Cortex","l_Secondary.Motor.Cortex","r_Secondary.Motor.Cortex","l_Striatum","r_Striatum","l_Ventral.Tegmental.Area","r_Ventral.Tegmental.Area","l_Substantia.Nigra","r_Substantia.Nigra","l_Thalamus","r_Thalamus"
"1",1,0.250944460512892,0.0936899625388886,-0.0746424574941626,-0.0311111596540118,-0.100447191743225,0.0642073707838365,-0.114161053676606,0.212171332254484,0.279249716791101,0.210218047851257,0.097129764190797,-0.0267008042788939,-0.10141770624547,0.0294353610445667,0.0549771890459978,-0.0562470315910533,-0.0667706589323259,-0.0853612138374607,0.0236932145078667,-0.00790144360659291,-0.0293421250593079,0.00790844191569824,0.021416765417835,0.0495831089072487,-0.116309380756659,0.126426923595239,-0.0101148872404128,-0.0587672647830214,0.10238165373618,-0.0302189456586443,-0.00181911888514051,0.018237483302374,-0.0380317322004171,0.0283590460408782,0.0710307738445201,0.0265862769527923,0.124835806856405,0.0379586041006658,-0.11315814501687,-0.11929885986091,0.00929513062189055,0.170316094241756,0.0127332231402622,-0.00989155096520587,-0.00944511651597812,-0.010543020244803,-0.0979507144959502,-0.127411499676972,-0.0586643289231999,0.176012414067722,0.00554908708539895,-0.172944006413462,0.119931602875472,-0.0670418279958706,-0.185192745745157,0.00819557948915108,-0.0113617259429352
"2",0.250944460512892,1,-0.0520133035623025,-0.00534534153310838,0.0784193297746353,-0.156542738457019,-0.239812816535406,0.102595950244816,0.157846658652599,-0.123425330988195,0.243245636709692,0.235051794180337,-0.129401910476616,-0.168921646152885,-0.135861333609551,0.0470413560202756,0.0813761005381592,-0.276345111769902,-0.045059449686626,0.0160241507747252,0.00841949297377111,-0.204120801378532,-0.031302873573597,-0.0854880752136263,-0.120173001120164,0.227364020294428,-0.0101693723385068,0.069499869965997,-0.0301424233285259,-0.110171321728849,-0.0516649319880642,-0.132383563374632,0.116277154024815,0.110265623265866,-0.0785727836927642,-0.0518100262602509,-0.182435083787929,-0.00201115392478311,0.0874589216643786,-0.0904666979180975,-0.139482758974762,-0.236501169761041,0.0931604309331807,0.0961917365752491,-0.104847005713394,-0.204973387859812,-0.103637065784426,-0.0471048952212238,-0.0665003510433184,-0.232233938391093,0.050295318607616,0.0510828455756805,-0.172402590154013,-0.0864439015066506,0.105293759587715,-0.0419430058577099,-0.210606131687735,0.00670037951842864
"3",0.0936899625388886,-0.0520133035623025,1,-0.127276825601605,0.00797622340811422,-0.0418070027718212,0.18979201549365,-0.322088653099017,-0.116793249789618,0.135384082608173,0.0854799582095252,0.0163702499366036,-0.0770841750387024,0.0729407004703558,-0.102053458727608,0.251229856575965,0.079948917039059,0.129925124920987,-0.0417215793341688,0.100048965993895,0.0579410237524205,0.107941135854845,-0.0913031943673179,-0.225245174254423,0.257902659160727,-0.20926452439024,-0.0509300886051588,0.0704423975686889,0.00865954895635516,-0.0400329257103491,0.144617630087666,0.093977750966713,-0.0879005994154536,-0.023824316227182,0.18397797472271,-0.240539525127149,0.305723655661239,-0.0309175787683953,0.0386352553213137,-0.0355677607919607,-0.017305385111969,-0.0347941969859158,-0.0908844401108552,-0.0231028577593478,-0.0684126091262313,0.17853954784416,-0.0400074592604397,-0.140476308241058,-0.14857820154629,0.0129360889965705,0.127515949110092,0.182100816848591,0.0235518367325806,0.0824932109307322,0.0919829620007916,0.0259378954707565,0.159452077996742,-0.00747249437679966
"4",-0.0746424574941626,-0.00534534153310838,-0.127276825601605,1,-0.0135498632082452,0.122281595289049,-0.250100475895357,0.0693759763005655,0.0861683629949055,-0.047304101574573,-0.0502785030011145,0.225546816890803,0.138612639697891,-0.0947438201773286,0.0865131534362359,0.0109649944394572,-0.135935935621134,-0.144518223528038,0.087103345256123,0.0623682797319627,0.02911781110471,-0.17780862100648,0.266112190595696,0.116736828559336,-0.2392337356951,0.276283758275938,-0.0555037045264549,0.198422966000718,0.11988896385742,0.0973729116812942,-0.176109800187287,-0.0265116637803684,-0.0948067187469313,0.0903572922442366,-0.118498450648777,0.0496698883880445,-0.187051984563775,0.0776629758196855,0.062639333136739,-0.0726002896406493,-0.0775750456346922,-0.207955118627541,-0.0182423057766506,-0.19456081361317,0.0335346134262587,-0.271216972757954,0.0417736662158402,0.00960887664851282,0.0203621229237528,-0.171063237297166,0.00189784142197561,0.149862694839422,0.209785666090563,-0.0328034005715083,-0.00697506065897211,-0.0744903194712148,0.026890963950638,0.0147309740056218
"5",-0.0311111596540118,0.0784193297746353,0.00797622340811422,-0.0135498632082452,1,-0.143357892135951,0.067477077089414,-0.00906796871365148,0.0255792535317546,-0.0336553884224681,-0.0684752795315357,-0.0378482511328306,-0.185658575362107,0.00095438130962086,-0.0501260433016758,0.270785452881182,-0.0751850959492094,-0.0431933847429442,-0.0139590662989712,-0.115593757262988,0.21261421570102,-0.107297578304855,0.0460656352996342,0.223379597484778,-0.0378501534968324,0.226382855623519,0.106520811559287,-0.0498389662020434,0.067461894223745,0.0869122673021243,-0.0686885142238087,-0.122296210351009,0.169829270536041,0.00183189675552655,-0.322327365816383,-0.0692504997028401,0.0111471387327075,-0.119641586084123,0.150858967008064,-0.00354951063627745,0.0129239587003527,0.0414460337004229,0.0192495346544795,0.0537483424790191,-0.0966008570013091,0.0851595832777532,-0.0518584782855561,-0.0980854615682982,-0.155397645250722,-0.0794476821250945,0.187799347206209,0.191331605288993,0.166604667607915,-0.0384212163507092,0.0369040857055319,0.191978846310645,0.199699850635782,-0.10808476794126
"6",-0.100447191743225,-0.156542738457019,-0.0418070027718212,0.122281595289049,-0.143357892135951,1,-0.137646806327739,-0.11254000812526,0.0556793617818811,-0.029033682388713,-0.10381060187347,-0.0639127064787622,-0.0979822012034733,-0.0450916570128202,0.129658608614821,-0.0330547975390801,0.124418513525098,0.0108286203665983,-0.0396865353799302,0.0394018043242965,0.025982896921447,0.0511724597676431,0.121693316405672,0.0894894261462863,-0.0448364341114117,-0.151658700105565,-0.15674929994265,0.00105242291422717,0.0364252389898308,0.0561790751105841,0.0805846704489747,-0.0269001454040565,0.0809470853964498,0.00849485564759853,0.0703356648010251,-0.0994575793374344,-0.0628474133760317,-0.0260765905133194,0.0959046854979454,0.0880689326208132,-0.11199355505091,-0.0126396011515864,-0.074516193623704,0.0429258843957478,0.188841967900062,-0.0721918927245709,0.107936554885278,0.167358251186248,-0.0845249288041921,-0.0394953087108376,0.174122420367682,0.169805023414731,0.16954241175,0.0505053237663574,-0.0691099437978661,-0.0895352878870951,-0.0267614878782432,0.146425907200214
"7",0.0642073707838365,-0.239812816535406,0.18979201549365,-0.250100475895357,0.067477077089414,-0.137646806327739,1,-0.114780571713732,-0.0668048527450702,0.184646041065018,-0.0196068835685282,-0.109601899518148,-0.01891356661729,0.181138731706058,0.0697380381106993,0.0149669815213433,0.00192546606145662,0.29102846144165,0.0550092152888243,-0.00013890052216662,0.1280061755642,0.139323515923672,-0.201517910899192,0.0630651230245596,0.288990007941945,-0.305698421611977,0.172623806430282,0.0540427948881302,0.0635325878370682,-0.0241104775451063,-0.0535313696698749,-0.0202398325327537,-0.0756355459518912,0.0683871613339488,0.266919008338379,-0.178677971710119,0.321204740007532,0.0853354872434055,-0.03360772004849,0.120802522956228,0.0884196288986966,0.250748656660809,-0.106369115983475,0.072849726327078,0.00624963306636667,0.107259163706915,-0.033154780156025,0.00554764527028793,-0.101652547829231,0.137555017014314,0.113749329250617,0.0580528639230267,0.039829773779894,0.192903532231566,0.00706512279954604,0.0357354646515542,0.162938489915661,-0.15948419536719
"8",-0.114161053676606,0.102595950244816,-0.322088653099017,0.0693759763005655,-0.00906796871365148,-0.11254000812526,-0.114780571713732,1,-0.129297503540715,-0.181231523083455,-0.210696069545752,0.0810540067618855,0.00676546126910555,-0.0615664358666676,0.174182685133271,-0.0778258160827687,-0.0649619286545446,-0.0438572928212779,0.0789852388816609,0.127998296926019,-0.0589939233855438,-0.0276621979265531,0.0463624923714862,-0.099444895767327,-0.127501797361033,0.336972227442018,0.057234866674608,-0.105195417027714,0.035271700231061,-0.0313885008120568,-0.101152852728748,-0.151718597598052,-0.063130078530422,0.112383611873753,0.0452065817113928,0.494778595216781,-0.162184841894048,0.219059263369294,0.0095197253207415,0.0909390913095465,0.0133340269061666,0.0124481976180385,-0.109063973440141,-0.0904457133360855,0.0295521576718615,-0.152746145152632,-0.0213630813696445,-0.119790616604016,-0.0915827498802731,-0.157672585745877,-0.0577272551565403,-0.0704376357505521,0.00647502863265594,-0.0320571238353348,-0.00617800109733367,0.0149469703366208,-0.0645107311398627,0.141832259683442
"9",0.212171332254484,0.157846658652599,-0.116793249789618,0.0861683629949055,0.0255792535317546,0.0556793617818811,-0.0668048527450702,-0.129297503540715,1,0.209955047432669,0.0589340133553771,-0.0058585921837648,0.0512234840898984,-0.12065481570671,-0.115813934742103,0.0061839550710735,-0.06022937038237,-0.231199217981867,-0.159275759992548,-0.185465288076596,-0.116166847694397,0.0127110550348,0.116874141038534,0.143493900728421,-0.153870203228535,0.0809525385500831,-0.00550380165702147,-0.0817133526790322,-0.0212870960134066,-0.0170040598108274,-0.137777220111991,-0.068352086321352,-0.0208172769029426,-0.0733522924999026,-0.150381556164226,-0.0145490919804822,-0.159754171728499,-0.124735957232086,-0.154279174333236,-0.291394878383102,-0.173577162435015,-0.153485490990818,0.250314514482898,0.051089428745508,0.111554201065779,0.0911203565204956,0.0307968364338082,0.0513575266181599,-0.0301781823137331,-0.086843509673913,0.107960201441218,-0.127810536424439,-0.00806901721955619,0.118608471269196,-0.0142636519995135,-0.0133025478316321,-0.0632054214196942,-0.0319192015676813
"10",0.279249716791101,-0.123425330988195,0.135384082608173,-0.047304101574573,-0.0336553884224681,-0.029033682388713,0.184646041065018,-0.181231523083455,0.209955047432669,1,-0.0905371844694035,-0.0617765138696845,0.132937244228864,-0.0357549288014839,-0.0223394268688004,-0.0617618222163275,-0.188957203796995,-0.17774431439346,0.0863071908862909,0.0198358127893178,0.0442320512488958,0.159617323826057,0.0290009099830989,-0.0127990452618813,0.086610467339799,-0.0138804169172276,0.0661131367019238,-0.0187724787165225,0.0230374882273583,-0.109162154705893,-0.0272756211286103,-0.102550988736318,0.170222553242496,-0.112182529707436,0.132736589344639,0.0212835120077083,0.110986202122448,-0.0777403951844748,-0.0180457605648677,-0.12182668090009,-0.0699884919299308,-0.0401965515388789,-0.167716672467661,0.176659403735485,0.0218908351634967,0.181069341025335,-0.175604986746136,-0.169079066706721,-0.0722130790936537,0.0431388292570466,0.189686133101522,-0.0914933501997564,-0.0565618369724924,0.0651629339428134,-0.134569012353887,-0.0614165022581546,0.0558203241176386,-0.00056406016883482
"11",0.210218047851257,0.243245636709692,0.0854799582095252,-0.0502785030011145,-0.0684752795315357,-0.10381060187347,-0.0196068835685282,-0.210696069545752,0.0589340133553771,-0.0905371844694035,1,0.165131927784934,-0.0117880904051041,-0.0504184021783075,-0.0997894834643535,0.0693136611496484,0.0885357679613083,-0.115788849411904,-0.109850265064313,0.0290824816176733,0.031911673480954,0.0731896347237496,0.0230805091250783,-0.00386101864807529,-0.0206041401082995,-0.11794326938058,0.0679654453874612,-0.00536647720858926,-0.0100119061836025,-0.110781097673144,-0.0292680906642447,0.0625890648228649,0.0504332924823259,-0.090368212014851,-0.0185332099620059,-0.160954714550918,0.176836362594395,-0.0657239276659466,0.105356086721997,0.00381764469339557,-0.00182059276947195,0.0439957506683525,0.170977679382464,0.021777105095358,-0.199532869007368,-0.112935238347249,0.148475287681647,0.0447934005135682,-0.141816755303341,-0.109914516119744,0.205338044433576,0.157772236490072,-0.0910314581544138,-0.182872047327708,-0.115370731231744,0.0170961869091352,-0.0824727044283956,-0.0598459781445772
"12",0.097129764190797,0.235051794180337,0.0163702499366036,0.225546816890803,-0.0378482511328306,-0.0639127064787622,-0.109601899518148,0.0810540067618855,-0.0058585921837648,-0.0617765138696845,0.165131927784934,1,0.0291927905868836,0.0396386101819519,0.0464268453155686,-0.0173463353985367,-0.022322445964994,0.0600706571683411,0.136927749387188,0.0950858701101817,-0.068154992968858,0.0308650811208757,-0.12572230562234,-0.106715331160166,-0.209155339831071,0.150221064345498,0.0762583440346056,0.145841373035286,-0.0002578985244574,0.107289776589731,-0.0667705694095959,0.1393668413669,0.0688313669137304,0.0576360899175847,0.0244796280053544,-0.202791964675737,-0.0830577189798737,0.108428000989692,-0.0394792515386924,0.0343525310532232,-0.0395903615108665,-0.0538358269009871,-0.00200474277669469,0.0590013598638294,-0.231672921760292,-0.14993293695956,0.0450813587442098,0.112148471735625,-0.119421143709621,0.11527744454619,0.0249674266139181,-0.029528479364079,-0.0533475866508744,0.136763356231778,-0.129450908607668,0.138618393628791,-0.085956986575453,0.0932738058641616
"13",-0.0267008042788939,-0.129401910476616,-0.0770841750387024,0.138612639697891,-0.185658575362107,-0.0979822012034733,-0.01891356661729,0.00676546126910555,0.0512234840898984,0.132937244228864,-0.0117880904051041,0.0291927905868836,1,-0.0346212516907282,-0.00251052666568763,-0.211896551981908,-0.0563136936727826,0.0305734837381263,0.178614177769158,0.0308894042327159,-0.0243466764646586,0.0533208422716811,0.192666956186494,-0.00321835749425367,-0.202923262194,0.113379675546765,0.045084298683189,0.225894338029214,0.0363251804109782,0.0408260806812504,0.00804135815324748,0.095755286412334,-0.0619970532178161,0.0963402631670924,0.00275809254656402,0.112066397514321,-0.0208512072402288,0.135527234422589,0.0312887786867913,-0.0949651956168573,0.0163950460775392,-0.0323254758007726,0.191932248906412,-0.117806657936394,0.126455873074237,0.0995570555843262,-0.0478962377735632,-0.0280356728561509,0.328366410113065,-0.0364260065730511,-0.11396321792217,0.115349243128731,-0.0132451431296984,-0.186999504638424,-0.14411695039041,-0.14347347810593,-0.2377142634737,-0.0562001503775638
"14",-0.10141770624547,-0.168921646152885,0.0729407004703559,-0.0947438201773286,0.00095438130962086,-0.0450916570128202,0.181138731706058,-0.0615664358666676,-0.12065481570671,-0.0357549288014839,-0.0504184021783075,0.0396386101819519,-0.0346212516907282,1,0.0353350969966471,0.171889313419085,0.0916632700946676,0.451572153606392,-0.074459323272167,0.0524867864680415,0.0749097979442933,0.138191881574361,-0.072060257174902,0.0111676152295205,0.24420866778294,-0.194212529238501,-0.0999646923084172,-0.159563850806678,0.0208435454990985,0.0388149619237701,0.147103560740656,0.181870646224406,-0.0286998149648171,-0.0925834136135944,0.0698290975872991,-0.0107548774046512,0.179265573060094,0.0155640200025744,-0.0902778369132341,0.0419860137462439,0.0786409124610296,0.200017704656318,-0.0834274480518208,0.0472007710548065,0.0319079641666742,0.235582524639737,-0.0247448861529279,0.0780498317028792,0.185190215855544,0.569778158144364,-0.132079568923064,-0.0934366369795532,-0.0508453034798736,0.113221445677994,-0.018337186136755,-0.0582116797092457,0.0678873606682925,0.00497924313803571
"15",0.0294353610445667,-0.135861333609551,-0.102053458727608,0.0865131534362359,-0.0501260433016758,0.129658608614821,0.0697380381106992,0.174182685133271,-0.115813934742103,-0.0223394268688004,-0.0997894834643535,0.0464268453155686,-0.00251052666568763,0.0353350969966471,1,-0.165360040797814,-0.0769043969765863,0.164185107286102,0.133198400371868,0.0695147001537049,0.104733863308138,0.117233759448704,0.0236663434415291,-0.0114695190824442,0.00178600869921151,-0.189320254362563,0.185409468419469,0.174497479849526,0.0319650280003386,0.0271416895022789,0.00506098093497056,-0.17489870239916,-0.0862023849581968,0.0995737959883347,0.123975191817592,0.0327132467023542,0.00991045671971594,0.0114787455509883,-0.0283794264925897,0.0824800121183032,-0.134041379724317,-0.0857675780026356,0.0266315790542498,-0.112917999236966,0.253992122669269,0.188646908406404,-0.103757524888561,-0.0513340528293755,0.0659220416477178,-0.0161906724291907,0.0158427450378488,-0.0838522421896286,0.129227333370207,0.225729888850668,0.160136050509429,-0.0674334971949164,0.00362392496196482,0.00154439331727326
"16",0.0549771890459978,0.0470413560202756,0.251229856575965,0.0109649944394572,0.270785452881182,-0.0330547975390801,0.0149669815213433,-0.0778258160827687,0.0061839550710735,-0.0617618222163275,0.0693136611496484,-0.0173463353985367,-0.211896551981908,0.171889313419085,-0.165360040797814,1,0.0367928053673024,0.0274792757996953,0.09635189930245,-0.0102781305931827,-0.00876064677720711,0.0323947848627586,-0.00430674599139904,-0.0097651691236626,0.139210064690799,0.0436563750299901,-0.0974313697628519,0.102296980920589,0.0310037770452733,0.132200409813552,0.0747863402489193,0.112370699199618,0.0399148455005275,-0.05255652559942,-0.0269700137791443,-0.0600335801631527,0.0850026694774555,-0.109386669913424,0.102893620728567,0.045273221309975,-0.026718190105642,0.0910107384986318,-0.211097243316103,-0.11459074326846,-0.030438214404476,-0.0328670646658731,-0.0213238868401932,0.0161600929196445,-0.168606573109464,0.0939475779011878,0.151271495079805,0.197993374415606,0.144445954807079,-0.0262655554874528,-0.0228125612050325,0.00519204157941565,0.0036356884603432,0.0414354064839127
"17",-0.0562470315910533,0.0813761005381592,0.079948917039059,-0.135935935621134,-0.0751850959492094,0.124418513525098,0.00192546606145662,-0.0649619286545447,-0.06022937038237,-0.188957203796995,0.0885357679613083,-0.022322445964994,-0.0563136936727826,0.0916632700946676,-0.0769043969765863,0.0367928053673024,1,0.111380390125283,-0.175573751963669,0.0361317796110415,0.0296920473487197,0.0494594218171099,-0.0026441141668366,-0.192872273228083,0.0671040748993373,-0.265612159874528,-0.0117604645680126,0.00764895537011491,-0.0333843428362281,-0.146905013732557,0.270022816051572,0.171567704546691,-0.0855129673630352,-0.105581626361838,0.0416864283527785,-0.0533245879395184,0.0104139179670842,-0.0103318647634238,0.0169078278231365,0.061533230395042,0.0224026915696848,0.0179051497946312,-0.00745163846189711,0.0510072247493341,0.0307795736927895,0.0398362422945982,0.00186808967264398,0.175493583075381,0.179766357481859,0.0726942577848112,-0.138599633793431,-0.106402176447447,-0.124001128284855,0.027141026574835,-0.0710955954286679,-0.00415407456751523,-0.0210731800196985,0.159986652893478
"18",-0.0667706589323259,-0.276345111769902,0.129925124920987,-0.144518223528038,-0.0431933847429442,0.0108286203665983,0.29102846144165,-0.0438572928212779,-0.231199217981867,-0.17774431439346,-0.115788849411904,0.0600706571683411,0.0305734837381263,0.451572153606393,0.164185107286102,0.0274792757996953,0.111380390125283,1,0.0242673261058235,0.0316852399293704,0.122510948023911,0.128082008513449,-0.0316651672541594,-0.141439101514849,0.282007170571605,-0.150598837973927,0.00983650039903196,0.0406187905576715,-0.0264566074751773,0.133753713831989,0.0113488380937381,0.225664269580261,0.014306561978304,0.200390348738485,0.143475532839864,0.0340634354458358,0.200440441141124,0.16614984567733,-0.0580208608804871,0.16996230169181,0.130464740579211,0.211420204214109,-0.0908691574764621,-0.120389584687391,0.0240637638312432,0.135230616567844,0.0128814827750359,0.0250764745628241,0.160649180736906,0.494402682395863,-0.19472535492372,0.0260724331706603,0.0196864804203364,0.0838770072722686,-0.0808346272494806,-0.0885790361468945,0.0924184599080333,-0.00654811107501961
"19",-0.0853612138374607,-0.045059449686626,-0.0417215793341688,0.087103345256123,-0.0139590662989712,-0.0396865353799302,0.0550092152888243,0.0789852388816609,-0.159275759992548,0.0863071908862909,-0.109850265064313,0.136927749387188,0.178614177769158,-0.074459323272167,0.133198400371868,0.09635189930245,-0.175573751963669,0.0242673261058235,1,0.0911950405061541,0.0755425429570608,-0.103391905527645,-0.0993440554900406,-0.195745060891207,-0.0830710442572975,0.160159964478659,0.0628889268146466,0.111397141282968,0.137206082991461,0.0477087915548769,0.249205212167803,0.0421725373148222,0.00867655899270779,0.168964998859964,0.0969107787375287,0.0242333349892828,0.0138640010373797,-0.0170008889287782,0.0556509125328948,0.163421050872453,-0.118500386916412,0.131970511139115,-0.0535691304519056,-0.16243986763805,-0.0145527838361047,-0.106881355181798,-0.161736378692054,0.0191484044519489,0.0776298079812603,0.00444755850177877,0.0555030970894778,0.0576592358010569,0.17063089174361,0.0359546692502346,-0.0540745849922389,-0.0917756736404486,0.0297407605378082,-0.03052494599838
"20",0.0236932145078667,0.0160241507747252,0.100048965993895,0.0623682797319627,-0.115593757262988,0.0394018043242965,-0.00013890052216662,0.127998296926019,-0.185465288076596,0.0198358127893178,0.0290824816176733,0.0950858701101817,0.0308894042327159,0.0524867864680415,0.0695147001537049,-0.0102781305931827,0.0361317796110415,0.0316852399293704,0.0911950405061542,1,0.0742535922783195,-0.0711088808781554,0.0683975973875543,-0.120069045626349,0.008709494954484,0.00591928812863898,0.126706748160983,-0.0513873464920237,0.0802551752218091,0.0467027189534563,0.0402098420462355,0.133641581075416,0.027177460584584,0.00534334245557226,0.101102159949815,0.073866745839058,0.136139984595864,0.12696992191418,-0.0682080603840639,0.129991208968107,0.0157431070433661,-0.0641457866049392,-0.0977546642686286,-0.250648509340046,-0.0843629179274401,-0.244445614704278,-0.134650483245691,-0.0623422891384755,-0.0656599784364786,-0.0521537454785055,-0.0977618809525665,-0.0589775455812179,-0.0110929274222795,-0.127897219183851,0.0143311455866138,-0.274106188060991,0.00203774363939438,0.048539179307197
"21",-0.00790144360659291,0.00841949297377111,0.0579410237524205,0.02911781110471,0.21261421570102,0.025982896921447,0.1280061755642,-0.0589939233855438,-0.116166847694397,0.0442320512488958,0.031911673480954,-0.068154992968858,-0.0243466764646586,0.0749097979442933,0.104733863308138,-0.00876064677720711,0.0296920473487197,0.122510948023911,0.0755425429570608,0.0742535922783195,1,-0.152401299327829,0.094819979261291,0.062399091127589,0.0637529557589747,0.0672192348634109,0.151342806186714,0.0180177774510542,0.0579562516931199,-0.144051686995446,0.215908744223663,0.0433203551350333,0.148233486488898,0.10738123778685,-0.0108138275354609,-0.0798169279972536,0.149674002745125,0.05406517355698,0.193570744688382,0.166820214562932,-0.11510638574516,0.0904314540859064,0.0515279223977047,0.0815740939134822,0.0258084267909394,0.0420392766296401,-0.0243092292871992,0.0890225079835466,0.0463996608866747,-0.0241898562684216,0.0531598589291706,0.129603385099884,0.0613838027290492,0.0968942676190908,-0.208843334431334,0.0554955993604341,0.174319368957628,0.00787259817543516
"22",-0.0293421250593079,-0.204120801378532,0.107941135854845,-0.17780862100648,-0.107297578304855,0.0511724597676431,0.139323515923672,-0.0276621979265531,0.0127110550348,0.159617323826057,0.0731896347237496,0.0308650811208757,0.0533208422716811,0.138191881574361,0.117233759448704,0.0323947848627586,0.0494594218171099,0.128082008513449,-0.103391905527645,-0.0711088808781554,-0.152401299327829,1,0.0320405271027401,-0.025980063554281,0.0610590126381465,-0.0933133929770058,0.00061171798963437,-0.0562987342474531,0.0121262665478377,0.0781322455963462,0.225136236132028,-0.140554622760069,-0.0775551756649375,0.0139990187374826,0.0814530804798828,-0.0264584989622132,0.136215262242381,-0.195738672302906,-0.17904852678447,-0.112821839968561,0.0304284962262819,-0.08487592715291,0.0219661667599563,0.0905765857230392,-0.098359453957066,0.128930233926296,-0.0224252794652007,-0.157645840170973,0.125155561669281,0.196832627183618,0.0663696236002068,-0.0765571663409486,-0.105414430255298,-0.0170972162212951,0.0317568920573318,0.0468489632791441,-0.0328570344581991,-0.0345232204636415
"23",0.00790844191569824,-0.031302873573597,-0.0913031943673179,0.266112190595696,0.0460656352996342,0.121693316405672,-0.201517910899192,0.0463624923714862,0.116874141038534,0.0290009099830989,0.0230805091250783,-0.12572230562234,0.192666956186494,-0.072060257174902,0.0236663434415291,-0.00430674599139904,-0.0026441141668366,-0.0316651672541594,-0.0993440554900406,0.0683975973875543,0.094819979261291,0.0320405271027401,1,0.377474647921436,-0.251469965995285,0.0523614739935914,0.0322945497755105,0.0763460631320189,0.159929707085971,0.0683057939136417,-0.09917134372979,0.0111856619485331,-0.0227636553517423,-0.104946798587967,-0.142687027697817,0.0301941107275402,-0.0683035987477679,-0.117541266132285,0.26283975943727,0.0960402277771823,0.0290870445189832,-0.175108609715369,0.110116509541803,-0.0923876718764456,0.161709133993657,0.0173025146584394,0.0535296725695625,-0.154612265883794,-0.0537321999815271,-0.121801000956202,0.1104781551711,0.190133728978695,-0.0672890913807974,-0.147077325118872,-0.0172734666947532,-0.183626234081088,-0.128739951907254,0.10082905739669
"24",0.021416765417835,-0.0854880752136263,-0.225245174254423,0.116736828559336,0.223379597484778,0.0894894261462862,0.0630651230245596,-0.099444895767327,0.143493900728421,-0.0127990452618813,-0.00386101864807529,-0.106715331160166,-0.00321835749425367,0.0111676152295205,-0.0114695190824442,-0.0097651691236626,-0.192872273228083,-0.141439101514849,-0.195745060891207,-0.120069045626349,0.062399091127589,-0.025980063554281,0.377474647921436,1,-0.112347977577102,-0.0727639058553285,-0.00157142741502933,0.00419239769724301,0.0842046827193095,0.0731644111305705,-0.21365167661205,-0.0254717966478389,-0.019243194478474,-0.29525278639287,-0.0956403576476258,-0.168227855476433,-0.0335075782174218,-0.0861500262878055,0.0900523366379662,0.0268162470034654,0.102114751929315,0.080919377333548,0.233684756709004,0.0654835004864138,0.145820964535625,0.0459634200143954,0.140748952268836,0.0599221704292502,-0.0629931030841847,-0.0595627465373442,0.0935594211140013,0.0619266710880493,0.112565294062848,-0.0343450277020317,0.0281683707589722,0.106645275626049,-0.0351302697798182,-0.2003706999832
"25",0.0495831089072487,-0.120173001120164,0.257902659160727,-0.2392337356951,-0.0378501534968324,-0.0448364341114117,0.288990007941945,-0.127501797361033,-0.153870203228535,0.086610467339799,-0.0206041401082995,-0.209155339831071,-0.202923262194,0.24420866778294,0.00178600869921151,0.139210064690799,0.0671040748993373,0.282007170571604,-0.0830710442572975,0.008709494954484,0.0637529557589747,0.0610590126381465,-0.251469965995285,-0.112347977577102,1,-0.326356098740089,-0.147412331992787,-0.0894630128707812,-0.04604652666879,-0.075968281325157,0.0477923354166657,0.0794589968367768,0.0624499065169031,0.0395266658894004,0.238123528637389,-0.101446960135689,0.480364838712542,0.00674205240428765,-0.0714853689973271,0.0440615267587307,0.163572478483927,0.175510729326052,-0.197326280145712,0.111865650553804,-0.0344833351601677,0.0691606016287464,0.0221216017373264,0.0940023950528764,0.0368057733601906,0.233916698192464,-0.0174184754709432,-0.100473050736997,0.0209211943967294,0.010418261834798,-0.0258858291134242,-0.0126413910653231,0.104062509299329,-0.0424777344878132
"26",-0.116309380756659,0.227364020294428,-0.20926452439024,0.276283758275938,0.226382855623519,-0.151658700105565,-0.305698421611977,0.336972227442018,0.0809525385500831,-0.0138804169172276,-0.11794326938058,0.150221064345498,0.113379675546765,-0.194212529238501,-0.189320254362563,0.0436563750299901,-0.265612159874528,-0.150598837973927,0.160159964478659,0.00591928812863898,0.0672192348634109,-0.0933133929770058,0.0523614739935914,-0.0727639058553285,-0.326356098740089,1,-0.0124376208540277,0.0587630982138434,-0.0106649543345428,-0.0448530878934255,-0.0511470873639734,-0.170647053488156,0.205800528825426,0.163017523236917,-0.199002506417311,0.144329536228996,-0.246789939805104,0.0151623550664822,-0.0220597079593193,-0.0100136616124928,-0.146711035869568,-0.203869158770005,-0.0291237132681038,0.0466746596650635,-0.225393472235437,-0.106806567499277,-0.0399107487720496,-0.147787659229195,-0.103357535853354,-0.165092912354933,0.0431151587213293,0.00903504737290929,-0.104743743071326,-0.293565098084789,-0.0548009461072081,0.0567650036197826,-0.0842018802713681,-0.00479127593793829
"27",0.126426923595239,-0.0101693723385068,-0.0509300886051588,-0.0555037045264549,0.106520811559287,-0.15674929994265,0.172623806430282,0.057234866674608,-0.00550380165702147,0.0661131367019238,0.0679654453874612,0.0762583440346056,0.045084298683189,-0.0999646923084172,0.185409468419469,-0.0974313697628519,-0.0117604645680126,0.00983650039903196,0.0628889268146466,0.126706748160983,0.151342806186714,0.00061171798963437,0.0322945497755105,-0.00157142741502933,-0.147412331992787,-0.0124376208540277,1,0.102920074094769,0.175635202805533,0.145043372096176,-0.0156784778727287,-0.100477520995812,-0.0828053762447994,-0.0162209033393144,-0.0839702331670469,-0.0471325479234805,-0.00278371356230855,-0.116487113281578,0.0848474165998541,-0.00082795640072575,-0.150377391045415,-0.0461279310802849,-0.0425511745622254,-0.034795711658929,0.0742128899411071,0.0761361534488135,-0.179778028008416,-0.0316624651853812,-0.0259229684795795,-0.105594020722829,0.00073091254383264,-0.108291784356681,-0.144767933664439,0.0242445546257086,0.0412800150273755,0.0777594545415966,0.101728743349123,0.0252412081979945
"28",-0.0101148872404128,0.069499869965997,0.0704423975686889,0.198422966000718,-0.0498389662020434,0.00105242291422717,0.0540427948881302,-0.105195417027714,-0.0817133526790322,-0.0187724787165225,-0.00536647720858926,0.145841373035286,0.225894338029214,-0.159563850806678,0.174497479849526,0.102296980920589,0.00764895537011491,0.0406187905576715,0.111397141282968,-0.0513873464920237,0.0180177774510542,-0.0562987342474531,0.0763460631320189,0.00419239769724301,-0.0894630128707812,0.0587630982138434,0.102920074094769,1,0.138909973412813,0.0316765897196786,0.022344043345135,0.101266720985186,-0.128783787691201,0.12979207727304,0.139794792402664,-0.00038734809358804,-0.0137919344317994,0.112308002152285,0.0342191304489451,-0.15313108640676,-0.131815472497353,-0.151444472906395,0.0678816807888331,-0.00265903777155369,0.135440578311818,-0.0994215358156988,-0.0546642795579299,-0.101312131891832,0.0475393233948593,-0.189641023445184,0.0852870206352574,-0.0270607748598179,-0.00477427678405198,-0.148413458140264,-0.0758252112084418,-0.0128873478664382,-0.067219411607346,-0.190106028593906
"29",-0.0587672647830214,-0.0301424233285259,0.00865954895635516,0.11988896385742,0.067461894223745,0.0364252389898308,0.0635325878370682,0.035271700231061,-0.0212870960134066,0.0230374882273583,-0.0100119061836025,-0.0002578985244574,0.0363251804109782,0.0208435454990985,0.0319650280003386,0.0310037770452733,-0.0333843428362281,-0.0264566074751773,0.137206082991461,0.0802551752218091,0.0579562516931199,0.0121262665478377,0.159929707085971,0.0842046827193095,-0.04604652666879,-0.0106649543345428,0.175635202805533,0.138909973412813,1,-0.0035615176889966,0.0202685369509451,-0.0976962808520787,-0.0378086145503271,0.256476209875494,-0.11117341247536,0.130332793611006,-0.00233765043285265,-0.113000067107057,0.21235817037627,0.158423660929889,-0.0330625707504479,0.0171056144451356,0.0052076826360426,-0.104880851844458,0.136919136213774,-0.00245800265587319,-0.0486730884451264,-0.0466087411304933,0.0431603378865635,0.0602520197808117,0.0170867663954767,-0.152714016429685,0.275534170624716,0.0395910286298712,-0.0364068630948903,-0.198743084373484,0.117978679354687,-0.0567492396566239
"30",0.10238165373618,-0.110171321728849,-0.0400329257103491,0.0973729116812942,0.0869122673021243,0.0561790751105841,-0.0241104775451063,-0.0313885008120568,-0.0170040598108274,-0.109162154705893,-0.110781097673144,0.107289776589731,0.0408260806812504,0.0388149619237701,0.0271416895022789,0.132200409813552,-0.146905013732557,0.133753713831989,0.0477087915548769,0.0467027189534563,-0.144051686995446,0.0781322455963462,0.0683057939136417,0.0731644111305705,-0.075968281325157,-0.0448530878934255,0.145043372096176,0.0316765897196786,-0.0035615176889966,1,0.0101364992201298,0.0659321241089295,-0.0428608632566736,0.135990329220551,0.0428349573465302,0.06822246762291,-0.0159449862747252,0.0921993846972996,-0.0677872962861479,-0.0870137406666433,0.258834443399009,0.0922747194376419,0.117633644117694,-0.155081263443021,0.123696822493131,0.0303476730918553,0.0491238042126337,-0.0206400474452022,0.156648041205002,0.0683671136853747,-0.0464527235153529,-0.0874416127289323,0.109101785493524,0.0631825362753753,0.21049987925498,-0.0747967637280722,0.117824821234091,0.045027457858072
"31",-0.0302189456586443,-0.0516649319880642,0.144617630087666,-0.176109800187287,-0.0686885142238087,0.0805846704489747,-0.0535313696698749,-0.101152852728748,-0.137777220111991,-0.0272756211286103,-0.0292680906642447,-0.0667705694095959,0.00804135815324748,0.147103560740656,0.00506098093497056,0.0747863402489193,0.270022816051572,0.0113488380937381,0.249205212167803,0.0402098420462355,0.215908744223663,0.225136236132028,-0.09917134372979,-0.21365167661205,0.0477923354166657,-0.0511470873639733,-0.0156784778727287,0.022344043345135,0.0202685369509451,0.0101364992201298,1,0.250268256966482,-0.0414460519916895,0.0185452996001593,0.0766999289757105,-0.040272296398755,0.0388110520095741,-0.257676482276378,-0.0693512562167912,-0.0028786431184266,-0.123487800690823,-0.0442418207179557,0.0940428714875113,0.0138842970188971,-0.00206548477100373,0.0528724940696412,-0.0422273912277246,0.0132213616750683,0.118320960429248,0.0818286924025109,0.0193678484543619,0.00419245538823024,-0.0488529157880176,-0.00167094195407817,-0.10410520702146,-0.139159029549703,0.144705192026739,0.0519090471848332
"32",-0.00181911888514051,-0.132383563374632,0.093977750966713,-0.0265116637803684,-0.122296210351009,-0.0269001454040565,-0.0202398325327537,-0.151718597598052,-0.0683520863213521,-0.102550988736318,0.0625890648228649,0.1393668413669,0.095755286412334,0.181870646224406,-0.17489870239916,0.112370699199618,0.171567704546691,0.225664269580261,0.0421725373148222,0.133641581075416,0.0433203551350333,-0.140554622760069,0.0111856619485331,-0.0254717966478389,0.0794589968367768,-0.170647053488156,-0.100477520995812,0.101266720985186,-0.0976962808520787,0.0659321241089295,0.250268256966482,1,-0.035351136523066,-0.112920339934209,0.0469961773798548,-0.184383360553543,0.137673892643445,0.0426169839234036,-0.0860737120885358,-0.0264820134694579,0.091441871067789,0.128110184949047,0.079378784343269,-0.117183582248227,0.0300596278184635,-0.108582093089785,0.0364310862630563,0.225396278869023,0.0660667020711431,0.074561971713236,-0.00583498669413026,0.0467854709276518,-0.0146173085233146,-0.0100354917981734,-0.133598883807942,-0.108950168189942,0.0259957470910376,-0.0284090564750239
"33",0.018237483302374,0.116277154024815,-0.0879005994154536,-0.0948067187469313,0.169829270536041,0.0809470853964498,-0.0756355459518912,-0.063130078530422,-0.0208172769029426,0.170222553242496,0.0504332924823259,0.0688313669137304,-0.0619970532178161,-0.0286998149648171,-0.0862023849581968,0.0399148455005275,-0.0855129673630352,0.014306561978304,0.00867655899270779,0.027177460584584,0.148233486488898,-0.0775551756649375,-0.0227636553517423,-0.019243194478474,0.0624499065169031,0.205800528825426,-0.0828053762447994,-0.128783787691201,-0.0378086145503271,-0.0428608632566736,-0.0414460519916895,-0.035351136523066,1,0.037614266786738,0.0220136207996501,-0.0517613356826216,0.0664169236553973,0.0678528080002301,-0.00865169750066036,0.218009815435239,0.0257893170661173,0.133525862653817,-0.164050609170753,0.167628078476989,-0.230558096848547,-0.0220456641962969,0.017019236037785,0.0818415795037284,-0.263634216742112,0.0460904742203622,0.120415645347799,0.0569595342786488,-0.223406410573723,-0.201750977265448,-0.270697068011857,-0.0869949358118348,-0.118374847265773,-0.0252632835294221
"34",-0.0380317322004171,0.110265623265866,-0.023824316227182,0.0903572922442366,0.00183189675552655,0.00849485564759853,0.0683871613339488,0.112383611873753,-0.0733522924999026,-0.112182529707436,-0.090368212014851,0.0576360899175847,0.0963402631670924,-0.0925834136135944,0.0995737959883347,-0.05255652559942,-0.105581626361838,0.200390348738485,0.168964998859964,0.00534334245557226,0.10738123778685,0.0139990187374826,-0.104946798587967,-0.29525278639287,0.0395266658894004,0.163017523236917,-0.0162209033393144,0.12979207727304,0.256476209875494,0.135990329220551,0.0185452996001593,-0.112920339934209,0.037614266786738,1,-0.116901026130564,0.194895996333059,-0.082067648592408,0.215177113776332,0.152567478073464,0.0474455385256936,0.0765396965810372,-0.00925195378441991,0.00526312898192525,-0.00456389847775298,0.0299451343891335,0.00969047197224024,-0.0371833696382639,-0.0818749305540262,0.090911624052748,0.104229635589208,-0.201457884553612,0.0138352708682979,0.0649011674485986,-0.037733502565337,0.0459388344163212,-0.0522525272008518,0.103448933285325,0.0801946657176874
"35",0.0283590460408782,-0.0785727836927642,0.18397797472271,-0.118498450648777,-0.322327365816383,0.0703356648010251,0.266919008338379,0.0452065817113928,-0.150381556164226,0.132736589344639,-0.0185332099620059,0.0244796280053544,0.00275809254656402,0.0698290975872991,0.123975191817592,-0.0269700137791443,0.0416864283527785,0.143475532839864,0.0969107787375288,0.101102159949815,-0.0108138275354609,0.0814530804798828,-0.142687027697817,-0.0956403576476258,0.238123528637389,-0.199002506417311,-0.0839702331670469,0.139794792402664,-0.11117341247536,0.0428349573465302,0.0766999289757105,0.0469961773798548,0.0220136207996501,-0.116901026130564,1,0.076654470769776,0.406467541258847,0.116916049789448,-0.317443597619497,0.00636628021346483,0.049025809506444,0.187185794691838,-0.0675739748927644,-0.0592872309981291,0.256110206220026,-0.00410883803649894,0.0446429705686308,0.0243069743820133,0.0402917081081469,0.116946641076134,-0.0248925640734477,-0.173734068552364,-0.0284484540452681,0.136444400510664,0.0153124940016209,0.134778499200122,-0.12707079498713,-0.0269609211862488
