"","l_Insular.Cortex","r_Insular.Cortex","l_Amygdal.Area","r_Amygdal.Area","l_Bed.Nucleus.of.the.Stria.Terminalis","r_Bed.Nucleus.of.the.Stria.Terminalis","l_Hippocampus","r_Hippocampus","l_Orbitofrontal.cortex","r_Orbitofrontal.cortex","l_Entorhinal.Cortex","r_Entorhinal.Cortex","l_Frontal.Association.Cortex","r_Frontal.Association.Cortex","l_Globus.Pallidus","r_Globus.Pallidus","l_Glomerular.Layer.of.the.Accessory.Olfactory.Bulb","r_Glomerular.Layer.of.the.Accessory.Olfactory.Bulb","l_Glomerular.Layer.of.the.Olfactory.Bulb","r_Glomerular.Layer.of.the.Olfactory.Bulb","l_Granule.Cell.Level.of.the.Cerebellum","r_Granule.Cell.Level.of.the.Cerebellum","l_Hypothalamic.Region","r_Hypothalamic.Region","l_Entorhinal.Cortex","r_Entorhinal.Cortex","l_Vermix.Molecular.Layer.of.the.Cerebellum","r_Vermix.Molecular.Layer.of.the.Cerebellum","l_Lateral.Molecular.Layer.of.the.Cerebellum","r_Lateral.Molecular.Layer.of.the.Cerebellum","l_Anterior.Olfactory.Bulb","r_Anterior.Olfactory.Bulb","l_Posterior.Olfactory.Bulb","r_Posterior.Olfactory.Bulb","l_Subiculum","r_Subiculum","l_Perirhinal.Area","r_Perirhinal.Area","l_PreLimbic.System","r_PreLimbic.System","l_Primary.Cingular.Cortex","r_Primary.Cingular.Cortex","l_Primary.Motor.Cortex","r_Primary.Motor.Cortex","l_Retrosplenial.Cortex","r_Retrosplenial.Cortex","l_Secondary.Cingular.Cortex","r_Secondary.Cingular.Cortex","l_Secondary.Motor.Cortex","r_Secondary.Motor.Cortex","l_Striatum","r_Striatum","l_Ventral.Tegmental.Area","r_Ventral.Tegmental.Area","l_Substantia.Nigra","r_Substantia.Nigra","l_Thalamus","r_Thalamus"
"1",1,0.24597291774516,0.129229060464861,-0.0469103710393574,-0.0396510574343932,0.0734256022413948,0.23116755757387,0.0976909023804426,0.253462485721742,0.0953725669125165,0.104009455697054,0.103408975175411,-0.0175032363832074,0.00369561750397908,0.0783512250349772,0.106286524550508,-0.136523224893704,0.0350570127408896,-0.15620323800694,-0.076237251980881,0.0820312687959774,-0.0842600528284864,0.0498212802059706,0.0146513188525157,0.118452034342974,-0.152070445593395,0.0393775757524833,0.0346027051990561,-0.0730063569227402,-0.16948335739664,-0.128387269488028,-0.0911134641621748,0.0175819050929067,-0.0401969460519745,-0.0463675995153491,0.0738819718116691,-0.088615545333467,0.1549976100129,0.183963634824316,0.155992142678339,0.174475330469431,0.0154624461106695,0.190364865953649,-0.0401033031071584,-0.0269432148203724,-0.0516647533970875,0.0780776719287564,0.103184381801483,0.128768078311013,0.080443767108228,0.195685499650107,0.0970456015459283,-0.0585869393255152,-0.166131526892514,0.0282990229787999,0.0491668207690583,0.0465054803471929,0.00468210565293826
"2",0.24597291774516,1,0.158773976457731,0.202565791178092,0.182184235143422,-0.150971890520999,0.128715962663302,-0.058848849638969,0.356033721516324,0.34991485377099,0.00982714398878307,0.299999474176055,0.0629277670141347,0.167249327665196,0.131482834039009,-0.00906444653955258,-0.127792970280535,-0.0226055877204057,0.069082403600801,0.018612165196229,0.0187983393491329,-0.147196225028898,0.00693413401746389,-0.0670894471408118,0.0289018794931338,-0.0545502268307742,-0.0866983374916447,0.127104894383532,0.0922693188868674,-0.0649232660511685,0.0688537262861256,-0.0144495473174949,0.0499670380974108,0.200746648904815,-0.0462165346475184,0.176414833537713,-0.0379731177154458,-0.150273778928172,-0.0795244285898155,0.105366828776147,0.0676531898128698,-0.0251679793381144,0.126326201481566,0.0357210201504838,-0.0152534386835748,0.0253818119843389,0.091325924047561,-0.120058616426395,0.214374566717271,0.115460927417292,0.170771181764977,0.287148858014459,-0.0475676049380666,-0.118357393636105,0.0178896403306427,0.036952379685069,0.189625607255472,-0.0477113746056133
"3",0.129229060464861,0.158773976457731,1,0.0177765945727075,-0.0208355369355744,-0.142592226936299,-0.172569188113561,-0.0989483513096567,0.0799886424450856,0.117488468912822,0.28132944084308,0.0461571492245581,0.131521459126785,0.161429880734494,0.0130812529699956,0.00520644431901849,-0.253449052258277,-0.052593884744253,-0.0772978084238961,-0.163649347689551,-0.0611925405631752,-0.0821636530653459,-0.0470930765930534,-0.0279554922590067,-0.0478793943197417,0.00727765883105089,-0.0327880713412504,-0.0360266438062433,-0.1029558282377,-0.20603255957419,-0.00684201439622013,-0.0523506636103546,-0.171393664220673,0.0830430182364633,-0.103035117740196,-0.136034618241507,-0.0422968151304963,-0.0959058001346882,0.0613844475915961,-0.0993716062171595,-0.0451752784856854,-0.158408684560733,0.0787004135033673,-0.157242429725142,-0.265450893965306,-0.198238992133365,-0.0367590045597673,-0.175546387215257,0.00476775665629606,-0.0506245847914015,0.192887659721811,0.260259483128852,0.114972241021956,-0.0535106603175196,-0.0312364884510279,0.036378339811843,-0.00451425400504597,-0.304519526513831
"4",-0.0469103710393574,0.202565791178092,0.0177765945727075,1,0.147937960580985,-0.189831973953448,0.0106928139532714,-0.205019619037902,0.17435727368005,0.157141660235773,0.045177385998919,0.145920480688141,-0.0687960641775879,0.158257769318686,-0.0496565130202668,0.0722712252473532,-0.250318443704437,-0.0198874362913169,-0.126850686681865,-0.00904223116908044,-0.118380517423758,-0.0982937526133412,-0.0560189058994448,-0.0197908742258979,0.0990042599594593,-0.115730212540805,-0.0365051046555214,0.103439251629829,-0.0983327632616204,-0.0218887023768486,-0.0265226974874989,0.0220813693622535,-0.0702651453409566,-0.0313301068464695,-0.0134635960914516,-0.173701143050708,0.0418503384509248,-0.0298612351350681,-0.00468928311985182,0.128927636992501,0.101040512890943,0.144620560319593,0.198810594436886,-0.0424802320189495,0.016656595330541,0.0167511873323021,0.135546899914229,0.152927634971264,0.0383366071710481,0.0776977263418454,0.0873867918905269,0.0346924395528203,-0.0609260071321696,-0.0864084140377728,0.0129069731187665,-0.0166299427315393,0.208511805600984,0.0182377677935255
"5",-0.0396510574343932,0.182184235143422,-0.0208355369355744,0.147937960580985,1,-0.033527644659657,-0.0615944866125751,-0.114904732972322,0.13331552194493,0.037922076061847,0.131669073431316,0.107001510877573,0.0378658639530642,0.132237272875868,0.0640645469529543,0.0187913794631455,-0.104883672407837,-0.0380609891348545,0.12642879742926,0.116920702725377,-0.107491566334764,-0.196867419961494,0.0642014852584373,-0.139582289577658,0.120759142808657,0.120034320524636,-0.055709036930681,-0.067111003710636,-0.0758103670600577,0.0450325910575517,-0.017523484473365,-0.0385828139377086,0.00014818653760391,0.106309673438425,0.0626911940184264,-0.0377121200022782,0.0150928238098622,-0.0696521495728387,-0.0293901668240484,-0.219233437108111,0.0721692868629447,-0.0908844520576789,0.0307552718912577,-0.0142465245128527,0.0590263277518638,0.0302493598181518,0.144153357368487,-0.0448223454446451,0.046006052762218,0.0118895992420091,0.0524975803262517,0.0198316659368228,0.14785076958594,0.216088136992222,0.0501134710311508,0.0244104201974259,0.145296336282237,0.183383152831072
"6",0.0734256022413949,-0.150971890520999,-0.142592226936299,-0.189831973953448,-0.033527644659657,1,0.167101713418133,0.0753196255000398,-0.0479390758255989,-0.00147745719957526,-0.0445579866956911,0.0172284951309366,0.237279510179497,0.177326849436017,-0.0800643621170591,-0.0312768443159292,-0.0874459766186518,0.159672706232126,0.0384443446738146,0.126265348025024,-0.0205761468836335,0.12595232735125,-0.00467074188410983,-0.068295090603259,0.103049811568681,-0.0436555609660466,-0.0460570273125683,-0.00078103065402641,-0.0520392790083286,0.0686151224624895,-0.0111691129420006,0.104510728758621,0.0380639665471675,0.0135910825539916,0.131198649211003,0.0220949712818639,-0.124109654644122,-0.0314550842057758,0.0436519251567737,0.0666223503498858,-0.0557782170575121,-0.0719645968918114,-0.00798961291362886,0.129326473950062,0.0819424183524192,-0.0477408029401914,-0.041314513669403,0.0427125820253208,0.0487992519575085,0.224939525888827,-0.0325965952965311,-0.0929010727592135,0.0499124373790557,-0.085273985433378,-0.0647449313910759,0.00374369456538873,-0.204156050187034,0.18534176701861
"7",0.23116755757387,0.128715962663302,-0.172569188113561,0.0106928139532714,-0.0615944866125751,0.167101713418133,1,0.0463050111209919,0.116280063749666,0.0927199313612965,-0.00829480706022549,0.126001288663454,0.176558930387045,0.0365785941027143,0.0810507072682266,-0.0969630590446142,-0.061887730225806,0.045962279341095,0.156100545146866,-0.00470901706525102,-0.011375034924445,0.160057232047686,0.0196439882094473,0.0973843297016942,0.154369366412041,0.0267150829637246,-0.149837734580648,0.0964175908382485,-0.0391227880423171,0.0028105395190641,0.0784193685718414,0.0948960580697222,0.0675680114621098,0.0477304530447623,0.233911386833736,0.122870639155236,-0.109355269059638,0.0530525331663505,-0.00635163336962713,0.147425499264665,-0.0335606183285782,0.061002395905103,-0.108668166513294,0.164217474354773,0.145345638010465,-0.0339998391579962,0.179086055253407,0.132820406842094,-0.0174841570338042,0.11968627023907,-0.0456530387246774,-0.013111925886737,0.119215150050928,0.00787984951493354,0.13878307483596,-0.123747222964271,0.12697841354311,0.112943089241993
"8",0.0976909023804426,-0.058848849638969,-0.0989483513096567,-0.205019619037902,-0.114904732972322,0.0753196255000398,0.0463050111209919,1,-0.122296953600688,-0.0923888986997179,-0.0158621024707642,0.00597616829281813,-0.0729069601581448,-0.170417773350608,0.147268877896294,0.011996577044041,0.262020493790326,0.0812485236726792,0.213527818637478,0.0327786042228349,-0.0759155768954734,0.0648097701400569,0.189445705623538,0.131658587331671,0.125885560847435,-0.0885488976113077,0.187122049788912,-0.11269847062507,-0.103038389616475,0.0300605637686095,0.028806928416239,0.0452740015459868,0.0509030670518086,-0.0246011365271869,0.0790524309168372,0.372402596868354,0.101701596126244,0.128739101284723,-0.0282463003822194,-0.133545557437549,0.0610324845163117,0.0847821381014374,0.115792398736633,0.163603786096908,0.0594180831805365,0.020824255263347,-0.192596046858072,-0.113181892360847,0.151400582880809,0.0847736394905312,0.00639467147047597,0.0209289603114938,-0.0420575723717751,-0.0705206367829835,0.0644871424434766,0.0114718715352932,-0.0633047534729516,0.110590110464763
"9",0.253462485721742,0.356033721516323,0.0799886424450856,0.17435727368005,0.13331552194493,-0.0479390758255989,0.116280063749666,-0.122296953600689,1,0.207285152058659,0.0184403226330368,0.164530225359937,0.217996326503917,0.285952492125502,0.124859346737148,0.0115010666853204,-0.0885046207640788,0.0255456971237348,0.0759128411610289,0.0211718274677577,0.0416533406786302,-0.105565960756537,0.0827577665217816,0.00658508369719425,0.128321791634898,0.00275004927281248,-0.173629261174983,0.101869265027229,-0.0887434908917545,-0.0912081412592463,-0.0265495721643003,0.0649578888441795,0.189164101061951,0.312224371929807,-0.03339978886675,-0.0337481637512938,-0.110820897889423,-0.0657182742219675,0.11195012797029,0.188911379447712,0.176124424043421,-0.0735135528125667,0.287245884473871,-0.160119391742051,-0.0758736679135948,-0.126587933707482,-0.0234471882695248,-0.0814863352595055,0.23190673483309,0.128906814881163,0.185675837519761,0.195845109546384,0.0647362025976115,-0.236457099610364,0.0584252394550079,-0.0104172356468211,0.0831541568757781,-0.0682074058289039
"10",0.0953725669125165,0.34991485377099,0.117488468912822,0.157141660235773,0.037922076061847,-0.00147745719957526,0.0927199313612965,-0.092388898699718,0.207285152058659,1,0.00647329175260448,0.24339602960241,0.227508733943351,0.283688566649345,-0.0920998110238771,0.168519965988444,-0.115047729882483,0.299060005889043,-0.00745405309581845,0.147938198112344,-0.152557127888131,-0.0649072683747179,0.195207585507729,0.173928053295965,-0.0298686625224814,0.0554091597602499,-0.0569877120837231,0.019258224890989,-0.13812813916683,0.162151100939524,0.00031179965840847,0.0622794228831776,0.0885541827924826,0.103448994156066,-0.0947864311661358,0.122398592420114,0.0371511654833149,-0.146589140980651,-0.0485553212544396,0.150503791722646,0.0610973655475622,0.0463741833931028,-0.152240336731733,-0.00592102290845956,0.264275525474121,0.147902277902197,0.010301418997418,-0.109442189591165,0.169931142359025,0.323907861441388,0.163606142213608,0.283346187157389,0.151630455311094,-0.208155545607632,0.173942990225101,-0.194920337331591,-0.0624046345044276,-0.180904381966256
"11",0.104009455697054,0.00982714398878307,0.28132944084308,0.045177385998919,0.131669073431316,-0.0445579866956911,-0.00829480706022549,-0.0158621024707642,0.0184403226330368,0.00647329175260448,1,0.148994441924275,0.0158662293778713,0.232773476402798,0.310258560515473,0.0488873417857126,-0.211695110493663,0.012722241017481,-0.0735333223672689,-0.181275685052402,0.0368551450860358,-0.00810190184420817,-0.063035758885341,-0.144961152276316,0.191706119334328,0.0184868631341445,0.0169177016303745,-0.0635600999373774,0.153052892803701,0.0474361187974632,-0.168486334194128,-0.104406504249167,-0.146617949097399,0.0147487472972574,0.081867342413311,-0.0176368167172958,0.0658640897037957,0.0530253907074497,0.142549441877203,0.0220838784879165,0.0963238833370065,-0.101421822673465,-0.092796954551486,-0.158580860526965,-0.0735900647087765,-0.0974385943379966,0.071947747583015,0.0542993621367016,0.0465245983136343,0.0899925789022624,0.376080817417247,0.17051293985863,0.0603617384258462,0.09778016272338,0.108148137418114,0.214444812110119,-0.0747942076076079,-0.0458259629800963
"12",0.103408975175411,0.299999474176055,0.0461571492245581,0.145920480688141,0.107001510877573,0.0172284951309366,0.126001288663454,0.00597616829281813,0.164530225359937,0.24339602960241,0.148994441924275,1,7.24442428350065e-05,0.0204794234158708,0.0831994286966439,0.182920522877558,-0.00402261198811082,-0.226499094035601,-0.10892983395528,-0.112184283273714,0.0717509046064027,0.035002301413924,0.0603443419799741,-0.0824400423971757,0.192247807082128,-0.00784166441657097,-0.166234650521117,0.0333739509039129,-0.207514976286747,0.0438234786588563,0.00362626982445121,-0.133961031886163,0.0787404972223076,0.0354956303833378,-0.177778691639965,-0.0611359384925584,0.0852196042844233,-0.0892489493452416,-0.0714572025449556,-0.0305237809310706,-0.0616826361708913,-0.209276486023025,-0.14346465112081,-0.0779299981608867,-0.0454158262658396,-0.0240329209997275,0.0113812552259749,-0.0700192141218806,-0.0230896761195891,-0.0714740626832196,0.239254050241355,0.201074614432257,-0.196192158252412,-0.153274688525135,0.093866974769738,0.0278177332076254,0.143376072722068,0.233779933608347
"13",-0.0175032363832074,0.0629277670141347,0.131521459126785,-0.0687960641775879,0.0378658639530642,0.237279510179497,0.176558930387045,-0.0729069601581448,0.217996326503917,0.227508733943351,0.0158662293778713,7.24442428350065e-05,1,0.149315373624297,-0.109881780700802,0.0841376014877753,-0.0913902975311283,0.260213173727318,-0.0307840976024089,0.158721250267578,0.124516563487374,0.0800382246637031,-0.0665672691910865,0.0331781800327669,0.0415563274881302,-0.0854821360128532,-0.130603418385102,0.065835188589964,0.0468167391026229,-0.118830081754941,-0.0383272260861033,0.213695340938588,-0.0893758785737751,0.280849537625415,-0.136193903326269,0.00852662944471029,0.0489160940437918,0.127889322789018,0.132759739249036,0.0580135708775481,-0.12518938811014,-0.120148245387349,0.0548445569388815,-0.0315624727555883,0.0253189015660954,-0.173502308063365,0.0143942916621034,-0.0850266732848698,0.348998496178293,0.256497275105485,0.179851235165211,0.152771134649073,0.185883084595308,-0.0466771105461699,-0.147428907820791,-0.110871309380294,0.0624272853049537,-0.113435366714256
"14",0.00369561750397908,0.167249327665196,0.161429880734494,0.158257769318686,0.132237272875868,0.177326849436017,0.0365785941027143,-0.170417773350608,0.285952492125502,0.283688566649345,0.232773476402798,0.0204794234158708,0.149315373624297,1,-0.0375854663550386,-0.071985696973883,-0.240726389039062,0.32394881229162,0.0546305051558553,0.0728638300179294,-0.225753098210616,0.130514858383137,0.0270588153808175,-0.162188608600864,0.140436974304849,0.117026241693689,-0.042630488491513,-0.0756996818707719,-0.0228640284458157,0.0928912916187662,0.0212914542395321,0.00890844102844463,-0.0684580427477209,0.17575454788191,-0.0839718757673016,0.0459153613987601,-0.165338255868773,-0.168403815730367,-0.02369030935539,0.219535009128862,0.0629908601030093,-0.0723157385336982,-0.0348600477157152,-0.218899692761194,-0.0623680904570397,0.0257146605944391,0.140484086968951,-0.0933503233584661,0.0483115823108946,0.546235418599377,0.0655666170759743,0.182640538180539,0.0291369376819463,-0.0958565564720107,-0.143679924272707,-0.00295155127304666,-0.137032501151555,-0.106767496431526
"15",0.0783512250349772,0.131482834039009,0.0130812529699956,-0.0496565130202668,0.0640645469529543,-0.0800643621170591,0.0810507072682266,0.147268877896294,0.124859346737148,-0.0920998110238771,0.310258560515473,0.0831994286966439,-0.109881780700802,-0.0375854663550386,1,-0.0726024403866968,-0.0862291445752082,-0.115138738001782,-0.0392705709857233,-0.230733308403979,0.0549173115999943,0.0594015643938499,-0.182391543094688,-0.0602278577144407,0.168681837047121,-0.110029465211801,-0.174219926883688,-0.027006987145381,0.00466262669915908,0.153202416736545,0.00265709472956012,-0.0890644687969566,-0.0951319286304822,-0.10078479245984,-0.0485667823072737,-0.0575863553301737,0.132029695446238,0.143274215885347,0.0522163201773342,0.00108530052370765,0.171231259836794,-0.163039050579614,0.116042434346165,0.146701746697931,-0.180522936495151,-0.0671702882000717,0.0694384622378474,-0.032288727732306,0.0504268714001113,-0.070722767951371,0.328892363023831,0.20873756187077,-0.135009511350056,0.0511243922632381,0.0172947859703946,0.162064090112037,-0.0368874172846024,0.180306968340145
"16",0.106286524550508,-0.00906444653955258,0.00520644431901849,0.0722712252473532,0.0187913794631455,-0.0312768443159292,-0.0969630590446142,0.011996577044041,0.0115010666853204,0.168519965988444,0.0488873417857126,0.182920522877558,0.0841376014877753,-0.071985696973883,-0.0726024403866968,1,0.131391083095642,0.0206856097433156,-0.238007674816573,-0.0203996881230982,0.0294083434566813,-0.0697473944630648,0.136337289006095,-0.00111340789867636,0.102107187669518,-0.0909274392048374,-0.0487938600682941,-0.144004197807858,-0.313685105898326,0.0159741371279977,-0.190134389687531,-0.0852639505452445,-0.126577125309209,-0.183996266711627,-0.101693175759458,-0.116526388965909,-0.0924096050397248,-0.0520893056806338,0.155025373037004,-0.14074870831738,-0.0612615343527508,0.154553569233585,-0.0306374100117937,0.245182725702454,0.166130327243926,0.186351844348427,0.125140483199729,0.1378353829632,0.071651978949092,0.120950985329095,0.113842166842172,0.199145044420949,-0.0674605261090835,-0.15807519725341,0.0861191720861671,0.00916693393208841,-0.163570584596987,0.138315842679194
"17",-0.136523224893704,-0.127792970280535,-0.253449052258277,-0.250318443704437,-0.104883672407837,-0.0874459766186518,-0.061887730225806,0.262020493790326,-0.0885046207640789,-0.115047729882483,-0.211695110493663,-0.00402261198811082,-0.0913902975311283,-0.240726389039062,-0.0862291445752082,0.131391083095642,1,0.044653517030397,-0.0602445884633557,0.24949907238708,-0.0451688734844932,0.142785250270732,0.094722711905886,0.0770966005015681,0.0753332376314108,0.142399416533921,0.0458322770568117,-0.0358745950971794,0.065605680580103,0.238960571071684,0.086118451087512,-0.0528485605378271,-0.0444263891143471,-0.0555883067726246,-0.0746967226862476,0.0287722204102095,0.0998369810642351,-0.0871418435822669,0.0346496486645748,-0.0232867523079093,-0.00975031668546069,0.0514776775326866,0.0314463029693053,0.0935899475292788,0.156905261753584,0.072977816706256,0.083593615461759,0.00439005816013096,0.199382640586387,-0.0714157935376883,-0.159462981096216,-0.00732409778620266,0.0344653528243987,-0.0366654159411844,0.0979849315291839,-0.194699269009201,0.0129110941155021,0.140133581441201
"18",0.0350570127408896,-0.0226055877204057,-0.052593884744253,-0.0198874362913169,-0.0380609891348545,0.159672706232126,0.045962279341095,0.0812485236726792,0.0255456971237348,0.299060005889043,0.012722241017481,-0.226499094035601,0.260213173727318,0.32394881229162,-0.115138738001782,0.0206856097433156,0.044653517030397,1,-0.0309730156821604,0.194600799963543,-0.199962568731967,0.153531128340817,0.146255239351022,0.182817160442576,0.139913378528022,0.0659161726841555,0.00114704911993771,0.105876938956939,-0.05442730028548,0.125724350328093,-0.023734935916888,0.214036337336319,0.0117550402016359,0.236422610490215,0.0272176598055371,0.0386994257196802,-0.0421731773447002,-0.0794089638613248,0.135957797029842,0.220861809541383,0.0102624918499582,0.00474972592908318,0.00254522483265323,0.158745014194121,-0.0187424621723633,-0.133864382148012,-0.0309597064123298,-0.0482485326339427,0.194775268806049,0.504772265641237,0.0134977434835474,0.139081805660069,0.0217427648570107,-0.134180079284172,-0.0237470298886261,-0.0399417423104544,-0.219071837816231,-0.0445086676217389
"19",-0.15620323800694,0.069082403600801,-0.0772978084238961,-0.126850686681865,0.12642879742926,0.0384443446738145,0.156100545146866,0.213527818637478,0.0759128411610288,-0.00745405309581845,-0.0735333223672689,-0.10892983395528,-0.0307840976024089,0.0546305051558553,-0.0392705709857233,-0.238007674816573,-0.0602445884633557,-0.0309730156821604,1,0.178140013950703,-0.0330467874679499,-0.279523332250656,-0.107226461135456,-0.0873858011537574,-0.102738746377397,-0.0599028157401649,-0.00197094664681469,0.123424475785435,0.0916796016093308,-0.0462599644364334,0.353778534552983,0.123029161699105,0.176403727585343,0.323143342594102,0.124492323725347,0.349530213877674,-0.103238689550346,0.0641556854447527,-0.266205090874325,-0.234867330489202,-0.0811766279648134,0.0365132166626949,-0.25063364696675,-0.0586191928316625,0.00257932523351318,0.0296310679058013,-0.150492759679465,-0.135390782242326,-0.0731529071289851,-0.0243041348900838,-0.207140521768965,-0.0836466202146442,0.179040599520471,0.120916626600536,-0.0138034029434445,0.130494853134358,-0.0116454877104466,-0.0709260127355865
"20",-0.076237251980881,0.018612165196229,-0.163649347689551,-0.00904223116908044,0.116920702725377,0.126265348025024,-0.00470901706525102,0.0327786042228349,0.0211718274677577,0.147938198112344,-0.181275685052402,-0.112184283273714,0.158721250267578,0.0728638300179294,-0.230733308403979,-0.0203996881230982,0.24949907238708,0.194600799963543,0.178140013950703,1,-0.0729167467274452,-0.0716982945753911,-0.0556605043727437,-0.0279165156784374,0.127694777186154,0.165064638386066,0.132653010990097,0.273237799358969,0.0543087947783773,0.144203683431982,0.109092043848511,0.440711227088944,0.0479050420770525,0.0822728938265112,-0.039176004648081,0.146022435505301,-0.0306136257525821,-0.0574325255824605,-0.135088316277524,-0.0477795884793321,0.022072853668302,0.191268807433792,-0.140839345135839,-0.0719242151415606,0.259371082467645,0.00039230530831571,0.0667694815146347,0.124039525751156,0.0831716422685924,0.136837409745433,-0.117999129524018,0.0420392843548306,0.142762404245322,0.0141092925618731,-0.0880727063071325,-0.0995340445748239,0.0769217526194513,-0.0540251563205085
"21",0.0820312687959774,0.0187983393491329,-0.0611925405631752,-0.118380517423758,-0.107491566334764,-0.0205761468836335,-0.011375034924445,-0.0759155768954734,0.0416533406786302,-0.152557127888131,0.0368551450860357,0.0717509046064027,0.124516563487374,-0.225753098210616,0.0549173115999943,0.0294083434566813,-0.0451688734844932,-0.199962568731967,-0.0330467874679499,-0.0729167467274452,1,0.0461124369208375,-0.0921300751921417,0.0522899430075745,-0.117208977278347,-0.15403526136336,0.111224807561326,0.10382742497678,0.179064270347437,-0.0304030336617388,-0.0805283145357225,0.00674247974550424,0.154608705510605,0.0313373725650606,0.0553042320186224,-0.0929928365083556,0.0861303830029527,0.18124169362849,0.0545702562938812,0.0151409062721337,-0.0402584730869662,-0.0538473522386185,0.175772226942976,0.0831883760411464,-0.0679035808192269,-0.204261667219851,0.0215401384815987,-0.0209500765557064,0.138133732654781,0.0259304995812506,0.0973609196453071,0.00475164990496546,-0.169438473455918,-0.135216575492845,-0.0814157195006566,0.186212539028928,-0.00058332917211396,0.00124633423990126
"22",-0.0842600528284864,-0.147196225028898,-0.0821636530653459,-0.0982937526133412,-0.196867419961494,0.12595232735125,0.160057232047686,0.0648097701400569,-0.105565960756537,-0.0649072683747179,-0.00810190184420817,0.035002301413924,0.0800382246637031,0.130514858383137,0.0594015643938499,-0.0697473944630648,0.142785250270732,0.153531128340817,-0.279523332250656,-0.0716982945753911,0.0461124369208375,1,0.0635770637486292,0.169990967044708,0.236894030357094,0.00562550914072975,-0.025219434224104,0.0240768217486985,0.00594637237000177,0.0643170075707652,-0.0162363209623579,0.0603216453595484,-0.144518990633394,-0.0378657224582422,0.0130505208908739,-0.0135313501087324,-0.0777418358449347,0.083478081721845,0.0832885917036592,0.148071227199718,-0.0384511693180539,-0.152253689663329,0.164837777780085,0.188445587113447,0.110500880861185,0.0679716202304785,-0.0136485058837919,0.0259447059247732,0.033703987771658,0.190345072501294,-0.10932454648989,-0.0484579785829199,-0.0955887274239195,0.0491627497043412,0.0674280245312322,-0.0627333103873689,-0.11335613537885,0.127674407644701
"23",0.0498212802059706,0.00693413401746389,-0.0470930765930534,-0.0560189058994448,0.0642014852584373,-0.00467074188410983,0.0196439882094473,0.189445705623538,0.0827577665217816,0.195207585507729,-0.063035758885341,0.0603443419799741,-0.0665672691910865,0.0270588153808175,-0.182391543094688,0.136337289006095,0.094722711905886,0.146255239351022,-0.107226461135456,-0.0556605043727437,-0.0921300751921417,0.0635770637486292,1,0.220445198328039,-0.0140282457661291,0.0112971190380983,-0.0330419027025339,-0.088677018227747,-0.0824252603808616,-0.00035804992882387,-0.0601020704405573,0.0861211621967192,0.0512008782964459,0.0112754505516198,0.0428102536999601,0.00844894983709406,0.00318112059382098,-0.0992287734683968,-0.0316985904933925,-0.0181284297455281,-0.0158873739857401,0.0388767221352261,0.0713031689636554,-0.021265917154649,0.093129274618156,0.0279404550571865,-0.10859526757621,-0.033455162035239,0.116660280181848,0.177019923423826,0.042221064654445,0.128901904398992,0.118741258375715,-0.014662062937945,0.0900249282970829,-0.0976881881367757,-0.0586459959055532,0.129530904504478
"24",0.0146513188525157,-0.0670894471408118,-0.0279554922590067,-0.0197908742258979,-0.139582289577658,-0.068295090603259,0.0973843297016942,0.131658587331671,0.00658508369719425,0.173928053295965,-0.144961152276316,-0.0824400423971757,0.0331781800327669,-0.162188608600864,-0.0602278577144407,-0.00111340789867636,0.0770966005015681,0.182817160442576,-0.0873858011537574,-0.0279165156784374,0.0522899430075745,0.169990967044708,0.220445198328039,1,-0.102153669829199,-0.0701012390164811,0.0874706378329453,0.0356976813322597,-0.28405130604705,-0.0559530339862225,-0.31512482125549,0.134498632283861,-0.0142494808177365,-0.0474193337244137,0.0560175769631415,-0.00588306039680118,0.105040120750267,-0.0309027291494058,0.0329865922836645,-0.0643970274837039,0.110914908847632,-0.0240087531385425,0.117051730695941,0.0921867839432126,0.180556157446701,0.0254663924826042,-0.162447700385927,-0.134729185014447,0.0323756163389532,-0.0234878801640978,-0.0650459184120666,0.00270164948195093,0.0719890467914708,-0.00638836413959941,0.235006912143243,-0.00175403438181123,0.218720608492894,0.0110022772208964
"25",0.118452034342974,0.0289018794931338,-0.0478793943197417,0.0990042599594593,0.120759142808657,0.103049811568681,0.154369366412041,0.125885560847435,0.128321791634898,-0.0298686625224814,0.191706119334328,0.192247807082128,0.0415563274881302,0.140436974304849,0.168681837047121,0.102107187669518,0.0753332376314108,0.139913378528022,-0.102738746377397,0.127694777186154,-0.117208977278347,0.236894030357094,-0.0140282457661291,-0.102153669829199,1,-0.00096502845775298,-0.0601303763016676,0.140190621364716,-0.1270598827428,-0.0499914178269953,-0.166591843550211,0.0954651301793376,-0.107371151720486,-0.0940800869625552,0.117065186378368,0.00417492855974635,0.117007491834396,-0.0254534705747156,0.058986782852797,0.0301048600833831,-0.0307537709294658,-0.127961639113726,0.0418194209237894,0.208277142004097,0.0820780544228693,-0.0103433396903621,0.0854564374540175,0.183540263907357,0.0805306455739596,0.143707381653542,0.0830889155507442,0.175028008748105,-0.152289984870778,-0.145268013006811,-0.0177664556127544,0.143969582476656,0.0633638679392163,-0.0277398759709289
"26",-0.152070445593395,-0.0545502268307742,0.00727765883105089,-0.115730212540805,0.120034320524636,-0.0436555609660466,0.0267150829637246,-0.0885488976113077,0.00275004927281248,0.0554091597602499,0.0184868631341445,-0.00784166441657097,-0.0854821360128532,0.117026241693689,-0.110029465211801,-0.0909274392048374,0.142399416533921,0.0659161726841555,-0.0599028157401649,0.165064638386066,-0.15403526136336,0.00562550914072975,0.0112971190380983,-0.0701012390164811,-0.00096502845775298,1,0.106290147207914,0.0138527487821808,0.0278141038032109,0.0796468762272561,0.115970098108405,-0.0691659177299818,0.133672721885039,-0.0437251224988452,-0.068761288738414,-0.0323250387765749,-0.201531669440627,-0.281343866373178,0.158324765365793,0.116576520549444,0.0977719405392763,0.111225630209876,-0.171515133451359,-0.170577611021779,0.0392670740999472,0.0163096680936369,0.16280346178614,0.130494413824249,-0.0718779988954499,-0.0210313074783663,0.0174449555954266,0.0851689336115327,0.0529536458178318,-0.0726152159416375,-0.155990148635781,-0.184919829701684,-0.0135145285206336,-0.174676708566235
"27",0.0393775757524833,-0.0866983374916447,-0.0327880713412504,-0.0365051046555214,-0.055709036930681,-0.0460570273125683,-0.149837734580648,0.187122049788912,-0.173629261174983,-0.0569877120837231,0.0169177016303745,-0.166234650521117,-0.130603418385102,-0.042630488491513,-0.174219926883688,-0.0487938600682941,0.0458322770568117,0.00114704911993771,-0.00197094664681469,0.132653010990097,0.111224807561326,-0.025219434224104,-0.0330419027025339,0.0874706378329452,-0.0601303763016676,0.106290147207914,1,-0.00300240112775073,0.0924641917777822,-0.0111474572909293,-0.108461380922317,-0.113175358392516,0.0281021056616979,-0.113180071328323,0.0227364744387318,0.0757512866509406,0.0410013199725142,-0.119869916136256,0.0700609937343164,-0.110595161167598,0.154597922748036,0.14767494725095,0.0169144143563166,-0.0847418124676407,0.158616670951031,0.0847447738329451,0.00329568652588502,0.0933428103133129,0.0524682137255959,0.0495055964852152,-0.0877049757863028,-0.00160834368465306,-0.121255613212567,-0.0677435483614691,-0.0202515022427339,-0.12177353543157,0.0417102484661702,-0.145452080752178
"28",0.0346027051990561,0.127104894383532,-0.0360266438062433,0.103439251629829,-0.067111003710636,-0.00078103065402641,0.0964175908382485,-0.11269847062507,0.101869265027229,0.019258224890989,-0.0635600999373774,0.0333739509039129,0.065835188589964,-0.0756996818707719,-0.027006987145381,-0.144004197807858,-0.0358745950971794,0.105876938956939,0.123424475785435,0.273237799358969,0.10382742497678,0.0240768217486985,-0.088677018227747,0.0356976813322597,0.140190621364716,0.0138527487821808,-0.00300240112775073,1,0.151044729664454,-0.00155065077155755,0.108089426606868,0.158621829609507,0.0529395894315815,0.0879205453069244,0.0419097008583206,-0.161844442912161,0.00789568091268417,-0.0249624539000085,-0.0441088802149948,-0.0251137217297536,-0.193254709845471,-0.185814310470506,-0.056039884023209,-0.0724678693636134,0.0508304558840217,-0.0676656397104616,-0.0268706186373199,0.0295200464324137,-0.124724838462028,-0.0206482634833604,0.0899613622428259,0.105429190690982,-0.0740882226200928,-0.107185824290032,-0.220645288252217,0.107932489369996,0.0741806843074135,-0.105634545534791
"29",-0.0730063569227402,0.0922693188868674,-0.1029558282377,-0.0983327632616204,-0.0758103670600577,-0.0520392790083286,-0.0391227880423171,-0.103038389616475,-0.0887434908917545,-0.13812813916683,0.153052892803701,-0.207514976286747,0.0468167391026229,-0.0228640284458157,0.00466262669915908,-0.313685105898326,0.065605680580103,-0.05442730028548,0.0916796016093308,0.0543087947783773,0.179064270347437,0.00594637237000177,-0.0824252603808616,-0.28405130604705,-0.1270598827428,0.0278141038032109,0.0924641917777822,0.151044729664454,1,0.0532205279064698,0.251020683598199,0.0217803088678717,0.0707657474430282,0.187435765650141,0.0746543927707989,0.176425582237533,-0.0513961228385014,0.066459816004081,-0.0536841395640497,0.0499604187986231,-0.121898346818478,-0.0849980643396207,-0.0091219432806883,-0.155818985553866,-0.0467286334279775,-0.0584406400648287,-0.0634564889852201,-0.0364067113922868,-0.00040491341804602,-0.0117951905240174,-0.0309905446117832,-0.0406449348945142,0.236688659102145,0.226187623652486,-0.168005572029163,0.0250897847884288,-0.0355097059919557,0.0190986079083345
"30",-0.16948335739664,-0.0649232660511685,-0.20603255957419,-0.0218887023768486,0.0450325910575517,0.0686151224624895,0.0028105395190641,0.0300605637686095,-0.0912081412592463,0.162151100939524,0.0474361187974632,0.0438234786588563,-0.118830081754941,0.0928912916187662,0.153202416736545,0.0159741371279977,0.238960571071684,0.125724350328094,-0.0462599644364334,0.144203683431982,-0.0304030336617388,0.0643170075707652,-0.00035804992882387,-0.0559530339862225,-0.0499914178269953,0.0796468762272561,-0.0111474572909293,-0.00155065077155754,0.0532205279064698,1,-0.00404450480352843,0.0246182941661913,0.0269402415388245,-0.0119982281253328,0.0407906367066657,0.0132170413130968,0.0687184637368404,-0.0497497676777448,-0.048508176378639,-0.0268996166041748,-0.0452243826363736,0.00204126937125073,-0.0936717325477427,0.0981067935561257,0.166947419444196,0.107518008256216,-0.0385674742692656,-0.222137006341341,0.0562749872705322,0.150748329967268,0.0480216545679784,0.116377409905166,0.0403363636601903,0.135964817464124,-0.0312399433568867,-0.106675512993718,-0.239838225483259,0.121131662765077
"31",-0.128387269488028,0.0688537262861256,-0.00684201439622013,-0.0265226974874989,-0.017523484473365,-0.0111691129420006,0.0784193685718414,0.028806928416239,-0.0265495721643003,0.00031179965840847,-0.168486334194128,0.00362626982445121,-0.0383272260861033,0.0212914542395321,0.00265709472956012,-0.190134389687531,0.086118451087512,-0.023734935916888,0.353778534552983,0.109092043848511,-0.0805283145357225,-0.0162363209623579,-0.0601020704405573,-0.31512482125549,-0.166591843550211,0.115970098108405,-0.108461380922317,0.108089426606868,0.251020683598199,-0.00404450480352843,1,0.0589391533365514,0.247196406358994,0.178341211018003,-0.148046208874598,0.1892475724898,-0.216837994104769,-0.0559630189342127,-0.0862027754474319,0.0835601670667005,-0.194004989488081,0.0471568376743467,-0.149097366479175,-0.139354888843604,0.0301455201269311,0.0855538148093356,-0.089704551524533,-0.019343918959189,-0.192616349375783,-0.00432145319208268,-0.0989225179088036,-0.129428005861087,0.263561061806077,0.107637426690122,-0.193074552464387,-0.0368828875980258,-0.180624769255494,-0.0658608334234702
"32",-0.0911134641621748,-0.0144495473174949,-0.0523506636103546,0.0220813693622535,-0.0385828139377086,0.104510728758621,0.0948960580697222,0.0452740015459868,0.0649578888441795,0.0622794228831776,-0.104406504249167,-0.133961031886163,0.213695340938588,0.00890844102844463,-0.0890644687969566,-0.0852639505452445,-0.0528485605378271,0.214036337336319,0.123029161699105,0.440711227088944,0.00674247974550424,0.0603216453595484,0.0861211621967192,0.134498632283861,0.0954651301793376,-0.0691659177299818,-0.113175358392516,0.158621829609507,0.0217803088678717,0.0246182941661913,0.0589391533365514,1,0.0064610350818247,0.255169668265951,0.110136349137227,0.126535346041378,0.0172497964632113,0.161258065567942,0.00128198104024072,0.0466432951144112,0.0421778346046457,0.132405057575437,0.026422293252478,0.0898342507255718,0.12467706382886,-0.0769171692229433,-0.00137243494319833,-0.0238276117710765,-0.0106230116819579,0.139383291980105,-0.0650822750465934,-0.211596118914579,0.300386063687134,0.144660282853585,-0.114038995744609,-0.0788303132963025,-0.0701886277789658,-0.0265726554379571
"33",0.0175819050929067,0.0499670380974108,-0.171393664220673,-0.0702651453409566,0.00014818653760391,0.0380639665471675,0.0675680114621098,0.0509030670518086,0.189164101061951,0.0885541827924826,-0.146617949097399,0.0787404972223076,-0.0893758785737751,-0.0684580427477209,-0.0951319286304822,-0.126577125309209,-0.0444263891143471,0.0117550402016359,0.176403727585343,0.0479050420770525,0.154608705510605,-0.144518990633394,0.0512008782964459,-0.0142494808177365,-0.107371151720486,0.133672721885039,0.0281021056616979,0.0529395894315815,0.0707657474430282,0.0269402415388245,0.247196406358994,0.0064610350818247,1,0.184623272565957,0.0429279839254322,0.0538889683753169,-0.0539763779697671,-0.072408489388762,0.0390147995664214,0.0919649652801513,0.00488741236734107,0.105920210006765,-0.0787728693558366,0.0527965316586476,0.0517922457579265,-0.0758378173450999,-0.100892040283569,0.0881118856296159,-0.108701924253941,0.0511603627692259,-0.0670550601905763,-0.233075074144264,0.028369456470852,-0.0730714857338942,0.0311286664632898,0.0396630841529586,-0.135699828387463,-0.036918845370798
"34",-0.0401969460519745,0.200746648904815,0.0830430182364633,-0.0313301068464695,0.106309673438425,0.0135910825539916,0.0477304530447623,-0.0246011365271869,0.312224371929807,0.103448994156066,0.0147487472972574,0.0354956303833378,0.280849537625415,0.17575454788191,-0.10078479245984,-0.183996266711627,-0.0555883067726246,0.236422610490215,0.323143342594102,0.0822728938265112,0.0313373725650606,-0.0378657224582422,0.0112754505516198,-0.0474193337244137,-0.0940800869625552,-0.0437251224988452,-0.113180071328323,0.0879205453069244,0.187435765650141,-0.0119982281253328,0.178341211018003,0.255169668265951,0.184623272565957,1,-0.0519573150960225,0.184803296511158,0.00715414238547275,0.00265339573060559,-0.019281177205089,0.0249700427152366,-0.0115029017404458,-0.0940271895820886,0.0825452571817933,-0.0860825127227662,-0.105794013911756,-0.108422248051555,-0.0594814614535599,-0.219861726764984,0.0975629743132908,0.105410014352611,-0.0561669404368242,-0.0539033926156929,0.202412676989544,0.0282710982923905,0.0191951417370638,0.0583559380829963,-0.0868187653366499,-0.132407249722898
"35",-0.0463675995153491,-0.0462165346475184,-0.103035117740196,-0.0134635960914516,0.0626911940184264,0.131198649211003,0.233911386833736,0.0790524309168372,-0.03339978886675,-0.0947864311661358,0.081867342413311,-0.177778691639965,-0.136193903326269,-0.0839718757673016,-0.0485667823072736,-0.101693175759458,-0.0746967226862476,0.0272176598055371,0.124492323725347,-0.039176004648081,0.0553042320186224,0.0130505208908739,0.0428102536999601,0.0560175769631415,0.117065186378368,-0.068761288738414,0.0227364744387318,0.0419097008583206,0.0746543927707989,0.0407906367066657,-0.148046208874598,0.110136349137227,0.0429279839254322,-0.0519573150960225,1,0.166308325847438,0.0295424499877685,0.12106758596836,0.00099791955927019,0.0165919699118372,-0.112482713845486,-0.0207276351259898,0.101144400623753,0.159978472194481,0.216650975160543,0.00556288064093651,0.0595857536213869,0.00288121475284017,-0.0593506261417806,-0.121327270621768,-0.0501630867261991,-0.0981070318457612,0.0423564476957711,-0.0567782145335881,0.0214424296838351,0.0940741507751574,0.0131671826375311,0.0151107774638678
