"","l_Insular.Cortex","r_Insular.Cortex","l_Amygdal.Area","r_Amygdal.Area","l_Bed.Nucleus.of.the.Stria.Terminalis","r_Bed.Nucleus.of.the.Stria.Terminalis","l_Hippocampus","r_Hippocampus","l_Orbitofrontal.cortex","r_Orbitofrontal.cortex","l_Entorhinal.Cortex","r_Entorhinal.Cortex","l_Frontal.Association.Cortex","r_Frontal.Association.Cortex","l_Globus.Pallidus","r_Globus.Pallidus","l_Glomerular.Layer.of.the.Accessory.Olfactory.Bulb","r_Glomerular.Layer.of.the.Accessory.Olfactory.Bulb","l_Glomerular.Layer.of.the.Olfactory.Bulb","r_Glomerular.Layer.of.the.Olfactory.Bulb","l_Granule.Cell.Level.of.the.Cerebellum","r_Granule.Cell.Level.of.the.Cerebellum","l_Hypothalamic.Region","r_Hypothalamic.Region","l_Entorhinal.Cortex","r_Entorhinal.Cortex","l_Vermix.Molecular.Layer.of.the.Cerebellum","r_Vermix.Molecular.Layer.of.the.Cerebellum","l_Lateral.Molecular.Layer.of.the.Cerebellum","r_Lateral.Molecular.Layer.of.the.Cerebellum","l_Anterior.Olfactory.Bulb","r_Anterior.Olfactory.Bulb","l_Posterior.Olfactory.Bulb","r_Posterior.Olfactory.Bulb","l_Subiculum","r_Subiculum","l_Perirhinal.Area","r_Perirhinal.Area","l_PreLimbic.System","r_PreLimbic.System","l_Primary.Cingular.Cortex","r_Primary.Cingular.Cortex","l_Primary.Motor.Cortex","r_Primary.Motor.Cortex","l_Retrosplenial.Cortex","r_Retrosplenial.Cortex","l_Secondary.Cingular.Cortex","r_Secondary.Cingular.Cortex","l_Secondary.Motor.Cortex","r_Secondary.Motor.Cortex","l_Striatum","r_Striatum","l_Ventral.Tegmental.Area","r_Ventral.Tegmental.Area","l_Substantia.Nigra","r_Substantia.Nigra","l_Thalamus","r_Thalamus"
"1",1,-0.00124734422714359,0.0281191276002597,0.118219663266638,-0.0512644718095644,0.0437653234781231,-0.105482283557021,0.0714986459393053,0.2369383731894,0.241448302715037,0.165338372740768,-0.176573818101395,-0.0743077248944766,0.0157441306285928,-0.0877663239254969,0.0390380238929147,0.0324446469328702,-0.123604488480913,-0.114899162571193,-0.153343579159159,-0.143873695507451,-0.00566520674826322,0.00038271516722813,0.0853472343123705,-0.189630393631856,0.193276429936313,-0.0206026507916289,0.0381166327577578,0.0606685493341172,-0.0343137782815593,-0.0535209007064612,-0.0223692773102738,-0.0152087529874374,-0.113348767751093,-0.211498753720415,0.0790875830761753,-0.211350073511788,0.151764514106423,-0.0486209222745816,-0.116222269489511,-0.126153887230387,-0.0404878274055301,0.0920030688399712,0.0587738202664774,0.128000046434518,0.0233968704188962,-0.0557678920364704,-0.0492881860569213,0.0215730041593417,0.0637896289611186,0.166000474038035,-0.0533561654609809,-0.0297805120558555,-0.00548447330200873,0.00154289868211087,-0.0319327317613553,0.104659592509442,-0.0518525961347617
"2",-0.0012473442271436,1,0.0529419961641858,-0.181050221559747,0.142276941666283,0.120385631332852,-0.103160194634996,-0.0643695185577131,0.142965741777386,0.313299686652646,0.0161713601521037,0.193764497682498,0.0359818614184356,-0.0535506947855677,-0.123476678543161,0.126445104671208,-0.117615576573754,-0.027220511202635,-0.367794264585533,0.199776557117389,-0.0329946055139731,-0.163490712583468,-0.0646484189209252,-0.152659152322914,-0.0128363901145384,0.0758862517238684,0.0530806830889113,0.0420235026224686,-0.105103884160127,-0.0764373362126257,-0.0827010676835605,-0.204870452339731,-0.0361073289631551,-0.00798501371660236,-0.110959406693068,0.14108855437393,0.0679423161179049,-0.129977987818572,0.0371462114685455,0.104119705330405,-0.0641883427139747,-0.195933790385726,0.153703199001003,0.0169598482055019,-0.201832996277028,-0.305450148447081,-0.079140601386356,-0.290005301539329,0.0283241584567184,-0.0440260555182311,0.110267197317174,0.196559960951713,-0.19955289964986,0.058721847336077,0.0750720147786994,-0.12351001287813,-0.0110664241367297,-0.0195741778320381
"3",0.0281191276002597,0.0529419961641858,1,0.00681308493816212,-0.0917984332419002,-0.160216382522717,-0.0554512111770293,-0.00970890868519538,0.0532954376383482,0.0668858769707358,0.277044888113459,0.113296188997109,-0.106321206943883,-0.24558265318217,0.0263376408611706,-0.0853198329311843,-0.0796594594949648,-0.139350448593848,0.0223515727230382,-0.00032496576331416,-0.0695413917107438,-0.157593972968487,0.10056149272308,-0.13494485327458,-0.180272300542503,0.205799081398174,-0.107479895688191,-0.213727655032451,-0.0847454994519019,-0.182980924773688,0.156200786048442,0.0042723648066434,0.187932753196071,-0.148471060069843,-0.0672832411587971,-0.0687225944878839,-0.0189413110576239,0.1819986022595,0.137718524128653,0.039838896791459,-0.0219586548257889,-0.0844005451094484,0.0381647812543675,-0.0299357894902411,-0.0489740507611031,0.0725859115366934,-0.135814134219288,0.0561079644002651,0.00474350050119874,-0.202831950982848,-0.026391132424198,-0.0342466125981933,0.0563588752928721,0.00636821748370745,-0.0179827693161622,-0.111855735503107,0.0965497433418675,0.0365360734553497
"4",0.118219663266638,-0.181050221559747,0.00681308493816212,1,-0.00517891377774938,-0.0506410402713514,0.165866758107727,0.100829598798783,-0.0546390413305582,0.03853310816815,-0.0659276875262853,0.0912383021366595,-0.0274001483674109,-0.0195058087538452,0.145659274481378,0.0671859863757842,0.0140537502139555,0.00436947104132374,0.199932722274546,0.00879006870603736,0.157142648523937,0.0460610369303462,0.0523182577353968,0.0253022587786227,0.161867122611924,0.307028605064605,0.15999198055275,-0.102742082157467,-0.0957451003971345,0.234593844909359,0.00526090603794863,-0.123412803880765,0.122702375418586,0.0823546458069137,-0.0592035835469118,-0.175220289621876,-0.244174806905751,-0.092701490647644,0.171677674770283,0.00481828543955667,-0.100569100175975,0.00457345085857046,-0.13564738926752,-0.0583413707429129,-0.28100693196879,-0.195914851388592,0.0281329914991666,0.0969875039034338,0.0011171382897718,0.0659655016992797,-0.121434330672509,0.148393622089395,0.11581485970903,-0.192431985281582,0.017102546077118,0.183687054107592,0.0171273255829755,-0.00597005875469441
"5",-0.0512644718095644,0.142276941666283,-0.0917984332419002,-0.00517891377774938,1,-0.0268917777196633,-0.111101869635951,0.0653180518215187,-0.0254879490332146,-0.16681329072586,-0.012941704701509,0.0503158915644968,0.0449705163486475,0.0879253754464373,0.101781456536037,0.0242964670616559,-0.146060907503802,0.151279340569923,-0.0724884389580973,0.152202831113519,0.0863798948668685,0.031159890674599,-0.13113034657688,-0.102358625996054,0.182076303791556,-0.025480459913941,-0.0813780669978911,-0.0907754768752217,0.0829969896487899,-0.0112165427926999,-0.125574373910729,0.00719212897863644,-0.286577725625938,0.12197145772192,-0.0131975231287775,0.047904771442959,-0.159440380250878,-0.205264036051439,-0.0314507876897932,0.0652777311980098,-0.00974770767940609,-0.0699573317677857,0.0537068484634845,-0.102943283147816,-0.0585381632594903,0.00975579495374928,-0.0767001859446232,-0.0600704717560009,-0.0719069219436275,0.035739962134646,0.186328923716978,0.023932560629525,-0.0504295828964659,0.150211188242691,-0.0940253083118228,0.00043057990898541,0.202660447926326,-0.171509226606804
"6",0.0437653234781232,0.120385631332852,-0.160216382522717,-0.0506410402713514,-0.0268917777196633,1,0.0367752513962218,-0.0796851415778005,0.062794377861171,-0.00013862602261525,-0.0559295482559356,0.00448974617345375,0.00839823876271943,0.0619891608920636,-0.0208136271301226,-0.0668864861827957,0.0677011251028216,-0.0610278074290972,0.00783502432457064,0.112396302674303,-0.0617672989195688,-0.176556671502437,-0.0509763672546798,0.00466845805803373,0.213724510195341,0.0538838714749009,-0.0991330950200748,0.140670742252404,0.0854801260996913,-0.0481064154828293,0.132433405027977,0.142565941904336,-0.0504034792959676,0.0189519796551185,-0.0840371078562241,-0.00211210450586769,-0.107930285974521,0.0419404177517456,-0.119291757471267,-0.0131232946955423,-0.0610165614326749,-0.18600097659776,0.101715481064122,-0.148817520999724,-0.0488692894519995,-0.120331870741925,-0.10217856509356,-0.00592489832091052,0.137999132526836,-0.132106030779236,-0.126705003820298,-0.0402408961429944,-0.230012386736678,-0.14684474287926,-0.0135013396999466,0.0361945327034645,-0.0686299105444877,0.12720639448056
"7",-0.105482283557021,-0.103160194634996,-0.0554512111770293,0.165866758107727,-0.111101869635951,0.0367752513962218,1,0.146727269708291,-0.0230192281566809,-0.196892182038357,-0.100163798433138,0.0334566848248666,0.00507901196114362,-0.0552618673031799,0.0835986793806364,-0.0325255112746099,0.125831289084921,0.0651557016644893,0.289117035695735,0.0443601895991522,-0.00216170377546383,-0.080984287503173,0.0219225099654995,-0.0760571648533907,0.146651688956088,-0.0142473537160462,0.024891135432883,0.0979247418342452,-0.0321402436432568,0.195757796888164,0.116555576509205,0.0609960130117234,-0.0360556745615156,0.223582822632644,0.314360339299413,0.0115551431537796,-0.0127935253516945,-0.0986431410834794,-0.00157278178680857,0.0145531972036304,-0.00612600322429267,-0.100574241266169,0.104451244616084,-0.163359505832851,-0.105210655192362,-0.296658272893423,-0.0964949725004356,-0.0700262463546895,0.0187007280632779,-0.111646058188067,-0.10493876981854,0.0403267886684757,-0.0105454812296765,-0.120351376527829,0.0174318368418405,0.0703721215890491,0.0385836151253231,0.0885135354475372
"8",0.0714986459393053,-0.0643695185577131,-0.00970890868519538,0.100829598798783,0.0653180518215187,-0.0796851415778005,0.146727269708291,1,-0.0353633090445031,-0.114975988832485,-0.0809521711406516,-0.078765617715366,0.143552793792484,0.147751663663542,0.0342461325442309,0.0676896746955885,0.199145774454033,0.133780947869992,0.092596467650929,-0.0916760328364836,0.0380982305246066,-0.0786761722619244,-0.00301566893738405,-0.011863589548956,0.107205498389159,-0.049898128160132,0.0490494161326207,-0.0463846729712809,0.0998075574636529,-0.0229194739411864,0.0870469553594975,0.00893355046500543,0.0302998395857366,-0.209806366911988,0.101541181769695,0.180152961891933,0.0841589395533445,-0.0510050546839219,-0.0514226283809423,-0.0862006038562694,-0.0392006869934447,0.230470644988531,0.0255477037818727,-0.192493092172062,0.0773756212237368,-0.00589133345856849,-0.137175873992876,0.122257612661269,0.0829109653976429,0.0908968669175218,-0.0573055782052554,-0.035284555700637,0.089399610842188,0.147678753459028,-0.00126919651434964,0.0468974100406609,0.066337565530537,0.242336694254804
"9",0.2369383731894,0.142965741777386,0.0532954376383482,-0.0546390413305582,-0.0254879490332146,0.062794377861171,-0.0230192281566809,-0.0353633090445031,1,0.181248222536994,0.173481416619536,-0.0302904276037545,0.21738379553039,-0.18619718294501,0.0607636623030626,-0.165016116545367,0.0316057750793124,-0.278545970953379,-0.252061311910032,-0.295855749550688,0.172311905484471,-0.00017843650207315,0.340864128093899,-0.0314797567480505,-0.00880577055826639,0.138661356691,0.0656945182913026,-0.108933390732361,0.0265835705114314,-0.149890489782177,0.109316964056887,-0.144534970033133,-0.0183118307315187,-0.0420469696091427,0.00233615587852732,0.0275227859484603,0.0202484916480593,-0.00876429999795648,0.0975959383260229,-0.207089885642584,0.018574676960092,-0.174243181690188,0.321760996894277,0.0664368711564334,-0.242245865984722,-0.339598862264279,-0.204697103612172,-0.195204659792828,0.274016357484542,-0.123100178317597,-0.110532552528595,-0.0575020194413784,-0.171412594428046,-0.0320689368002341,0.0696382912515005,-0.00421339814936505,0.193890874996616,0.140576523493676
"10",0.241448302715037,0.313299686652646,0.0668858769707358,0.03853310816815,-0.16681329072586,-0.00013862602261525,-0.196892182038357,-0.114975988832485,0.181248222536994,1,0.068983344299079,0.14060667647758,-0.0581251789604587,0.0541672259882581,-0.132228676595308,0.302447087964974,-0.118326524024188,-0.0667915927229506,-0.243890696322663,0.0463445977390207,0.0494552500811682,-0.0943002393640878,0.00570008293118929,-0.122652586689485,-0.0164633787035726,0.197276469793592,0.152428322427281,0.0269463889907581,-0.134981078147617,0.0996663372955251,-0.103211327415466,-0.0641137203693671,0.0670443975784556,-0.052155779076259,-0.105220196218587,0.0460233918821759,-0.0278984184263181,-0.019575101074861,-0.0967412232638729,0.107363902188491,-0.186648492584705,-0.0650379810599112,0.0613021334571246,0.232155405952369,-0.116812526918707,-0.0463307725240589,0.0951524904213474,-0.0901227808713808,0.0155741074250848,0.171935886829661,-0.0386057551951946,0.0731087549580496,-0.0227505743595589,0.0912538918305999,0.045779708545333,-0.0318293226478288,-0.034829846989153,0.124596363820683
"11",0.165338372740768,0.0161713601521037,0.277044888113459,-0.0659276875262853,-0.012941704701509,-0.0559295482559356,-0.100163798433138,-0.0809521711406516,0.173481416619536,0.068983344299079,1,0.0573320004474186,0.18320884958039,0.00043005191607454,-0.0522128650240153,0.0464741422813992,0.224743302871092,-0.189986098489914,-0.0103662031232201,-0.0245452698545586,-0.0745566358965102,0.0931893311604864,-0.0500522539385048,-0.147231982299577,-0.203606118263733,0.253738484519148,0.0907246390311665,-0.100572651750282,0.0944701697859979,-0.163624262489737,0.0521734049418557,-0.131709533081461,0.0956249327513964,-0.168125643078508,-0.153921584112419,0.214248387955596,-0.109949160286804,0.126182872450235,0.199620226127822,-0.203734578151694,-0.124680654607802,-0.184028029534547,-0.0199465723936087,0.156027127861408,0.0117329207292808,0.00924916235851508,-0.10100855620943,-0.113493437723823,0.16710333211862,0.0846224179068761,-0.130125047653582,-0.0110236552693826,0.138488454125059,0.0367278055638844,0.0261484147299775,0.0615015784592073,0.125919109111584,0.120762138551223
"12",-0.176573818101395,0.193764497682498,0.113296188997109,0.0912383021366595,0.0503158915644968,0.00448974617345375,0.0334566848248666,-0.078765617715366,-0.0302904276037545,0.14060667647758,0.0573320004474186,1,-0.008298291950308,-0.0113410458784329,0.15369600576363,0.219466582447349,0.128152630545766,0.0628934496315053,-0.0858072265385986,0.0882328684177046,0.223822395078648,-0.161519324061896,-0.214876676529194,0.0819856832194828,-0.0382636966171493,0.0191622659375262,0.0948052680919981,-0.0914298260318174,0.0122687536551442,0.0758329449565701,-0.0848542846271853,-0.0599680583238291,0.0658658509060479,-0.0091062243574384,0.111971738524502,0.0248224731781115,0.130745172654557,-0.100128635121585,0.0343542925222259,-0.0251206614560087,0.0243306211012046,-0.0341012069384903,0.0353030877959598,-0.168435932998936,-0.303783188311629,-0.0556041211563616,-0.18890017578394,-0.124781783057977,0.109273241107677,0.0175015234469315,-0.113093349534269,0.190520029642131,0.0493200796759976,0.212799204881965,0.0332765115869157,-0.139655728396087,-0.0386982779822654,0.0706716762386684
"13",-0.0743077248944766,0.0359818614184356,-0.106321206943883,-0.0274001483674109,0.0449705163486475,0.00839823876271942,0.00507901196114361,0.143552793792484,0.21738379553039,-0.0581251789604587,0.18320884958039,-0.008298291950308,1,-0.0205068903762912,0.162692482394349,0.0423244315935039,0.356350171291789,-0.0366531549637781,-0.0396255743224592,-0.0121785128856003,0.0500328135999112,-0.153762036150541,0.157147258160594,0.0590907247132284,-0.0834550993528657,0.0177062929993209,0.106811468503497,-0.0939961526778052,-0.0190538404220757,0.0270885768270134,-0.00179967863304148,0.0596632343220454,0.0303771618004689,-0.0634090254903011,0.0403025255219458,0.0157416207350435,0.168413569103379,-0.0550506432853511,0.137923090683422,-0.138134995827033,-0.156767589493623,0.06632393465814,-0.014466627048229,-0.0525922931469558,-0.0733899962299153,-0.188323537917507,-0.13258842304073,-0.143529321533535,0.382815437486863,0.00564425154971464,-0.206577071368175,0.0657153933941407,-0.00761146223260547,0.0325405759771595,-0.148358879003509,0.224690382905185,0.148001038002411,0.0612039478065327
"14",0.0157441306285928,-0.0535506947855677,-0.24558265318217,-0.0195058087538452,0.0879253754464373,0.0619891608920636,-0.0552618673031799,0.147751663663542,-0.18619718294501,0.0541672259882581,0.00043005191607454,-0.0113410458784329,-0.0205068903762912,1,-0.0544744534919778,0.139391110151687,0.00268149269243897,0.156598005741302,0.013692905144233,0.0128509103958359,-0.0276143156144079,-0.0972571117694815,-0.0405992322002533,0.104490872989142,0.102541367632482,-0.0659670010166261,0.0393447299825571,0.24741347348251,0.0540565815843381,0.0732867332640465,-0.133762243025889,0.0300779344887296,0.069498974917468,-0.0699479974206475,-0.195134617225776,-0.0139762096391406,0.0769518361821421,0.124217777649528,0.0127502782578351,0.284670484521379,-0.182634141739715,0.0923071819522149,-0.115855301942933,0.0556800492729043,0.0177892495714397,0.146030356966553,-0.0720948397680113,0.023232872378679,0.0146553417148771,0.450291429060321,-0.0002541732994539,-0.0380096438259995,0.258542352383263,0.2082499907533,0.0660958293403234,-0.0457780846808353,-0.108726433236237,-0.115629467917439
"15",-0.0877663239254969,-0.123476678543161,0.0263376408611706,0.145659274481378,0.101781456536037,-0.0208136271301226,0.0835986793806365,0.0342461325442309,0.0607636623030626,-0.132228676595308,-0.0522128650240153,0.15369600576363,0.162692482394349,-0.0544744534919778,1,-0.130091337680205,0.0889009069221847,-0.0070822721538217,0.0740698178379691,0.0437025866320645,0.0741387292549607,-0.0358146232360443,0.020884716825862,0.17424433736311,0.00683959160760834,-0.015797666026632,-0.0428231301862838,-0.133979520471416,0.0432545288135604,-0.0102301887578295,0.0114516831753238,0.0316355332715456,0.205728675931271,0.241649720388046,0.310314810290166,-0.0793681271035036,-0.111625104376308,-0.0120972588975172,0.245374044426283,0.204814699157941,0.0676812175383728,-0.114000083951879,0.0176057771934429,-0.0929052214907967,-0.142193339136993,-0.0631113851398427,-0.11580368128406,-0.0757752487256242,0.0740577863288116,-0.146599667176128,0.00835604855793516,0.0285451713552738,-0.0756305233909047,0.16832507341642,0.0130578605770756,0.0636958314939621,0.170546535951332,-0.019935184817761
"16",0.0390380238929147,0.126445104671208,-0.0853198329311843,0.0671859863757842,0.0242964670616559,-0.0668864861827957,-0.0325255112746099,0.0676896746955885,-0.165016116545367,0.302447087964974,0.0464741422813992,0.219466582447349,0.0423244315935039,0.139391110151687,-0.130091337680205,1,0.170835356790149,0.0650903476948569,-0.125782208553017,0.19648708429225,-0.123498872681671,-0.124879665538919,-0.221307066973375,-0.0643745633687417,0.0824422825694921,0.0817072662653574,0.108613965931987,0.0012875824229597,-0.0411250573227018,0.138535599975929,-0.149282433130026,-0.0150294816236216,-0.0460078778834882,0.0207104686884258,-0.11931744598062,-0.0657982478403659,-0.0215443168429472,-0.0377065767712362,0.0855881613689908,0.050250056590358,-0.0250885190362326,0.103971606812766,-0.00997779320908305,-0.00814606858280921,-0.168714444379022,-0.0855351038495853,0.12757839324263,0.0061925439639148,-0.0611478957347397,0.249785581941582,-0.0275945733398854,0.346509906405745,0.170116238835975,0.0542692673857779,0.116035456263625,0.0917270878327352,-0.0351400319436245,0.00356616992502092
"17",0.0324446469328702,-0.117615576573754,-0.0796594594949648,0.0140537502139555,-0.146060907503802,0.0677011251028217,0.125831289084921,0.199145774454033,0.0316057750793124,-0.118326524024188,0.224743302871092,0.128152630545766,0.356350171291789,0.00268149269243897,0.0889009069221847,0.170835356790149,1,0.0269736362889042,0.0779830215476656,0.0457629500863657,-0.0886036720543673,-0.151443712022417,-0.182907451440355,0.156594654117496,-0.0170462768469462,0.116676023358389,0.0510795961008549,-0.0128154563342576,0.0101662612624696,0.112054300536077,0.0519705016680906,0.0444269730534353,0.0596133789139012,-0.0806520966468081,-0.0725900580591711,-0.0324485662114861,0.196284864457098,-0.00334405882875443,0.125734265549401,-0.22760529625516,-0.170366651285866,-0.18825926820981,0.0191649878473304,-0.00522613415298144,-0.136079213209382,-0.134168857378695,-0.279484583244298,-0.00360821335956441,0.357656481192538,-0.0113656034789534,-0.0860808749365139,0.0866373414116644,0.206616286444089,0.00417460717182178,0.0192230337901328,0.177902145024996,0.127800831710067,0.00948785896588456
"18",-0.123604488480913,-0.027220511202635,-0.139350448593848,0.00436947104132374,0.151279340569923,-0.0610278074290972,0.0651557016644893,0.133780947869992,-0.278545970953379,-0.0667915927229506,-0.189986098489914,0.0628934496315053,-0.0366531549637781,0.156598005741302,-0.0070822721538217,0.0650903476948569,0.0269736362889042,1,0.0463014038561165,0.167108634661668,-0.0391117301253721,0.0634805795824204,-0.211769581581718,0.0888465484840068,0.0286148308386434,-0.0658054037830269,-0.0250239950620879,0.116405698678851,0.18182489424558,0.156952992845009,-0.111273486962069,0.0751205109337816,-0.0426422236376198,0.0576704346176809,0.0174871640532994,0.0103390264037542,0.093952657540419,-0.0910598827817865,-0.174323981195244,0.162868191239353,0.00798558530154849,0.0617399127461001,-0.147468368229797,-0.131093366839302,-0.0635742036184723,0.193699161805298,0.102675919970732,-0.0891417823707842,-0.128880233631541,0.263858658665517,0.0472140528162282,-0.041443271365171,-0.0786397891604369,0.0417914449483836,0.0571178804488757,0.0900116379228718,-0.119775907253731,0.0965915382686279
"19",-0.114899162571193,-0.367794264585533,0.0223515727230382,0.199932722274546,-0.0724884389580973,0.00783502432457064,0.289117035695735,0.092596467650929,-0.252061311910032,-0.243890696322663,-0.0103662031232201,-0.0858072265385986,-0.0396255743224592,0.013692905144233,0.0740698178379691,-0.125782208553017,0.0779830215476656,0.0463014038561165,1,0.115638555294879,-0.048176650689787,0.208904887062643,0.0482340652460864,-0.0541052805172789,0.0200987255666179,-0.174857901097597,0.0296820121181489,-0.0509724247211024,0.0656556964033003,0.0657299567887493,0.383944383868966,0.149600611668857,-0.0117239518765809,0.0717969006488426,0.192345418934843,-0.177680070358132,0.0317243777746326,0.0587107401016089,-0.00237476023433226,0.115434493141675,0.171117778011266,0.0842454204443853,-0.132071141545274,-0.157132147789868,0.0745581074361592,0.159065676533089,-0.0109580133217103,0.215520333716438,-0.0129632878881664,-0.100546547747361,-0.134301131357071,0.0144134451230675,0.264513282579768,0.00546487885596386,0.0304519103033984,0.018909586138842,-0.074640581642277,-0.0822914162577575
"20",-0.153343579159159,0.199776557117389,-0.00032496576331416,0.00879006870603736,0.152202831113519,0.112396302674303,0.0443601895991522,-0.0916760328364836,-0.295855749550688,0.0463445977390207,-0.0245452698545586,0.0882328684177046,-0.0121785128856003,0.0128509103958359,0.0437025866320645,0.19648708429225,0.0457629500863657,0.167108634661668,0.115638555294879,1,-0.0402453365222434,-0.0876921681011161,-0.134283620704608,-0.0558506942476238,0.0475278300946544,-0.0363723885589807,-0.0516724542082033,0.0867694080038887,-0.0129145962439259,0.0683913847789167,-0.0353843532350571,0.250185080334182,-0.209567679285465,0.0643341814262717,0.0816824519637725,-0.0292784255727514,-0.0195548655016899,-0.0197143706600341,-0.147504845757723,0.0499892752120926,-0.198109891842108,-0.235840599922016,0.0621521793262532,-0.216391443625322,0.00811532021882751,0.0187145331874622,-0.0564879922035024,-0.114703882859343,-0.210562701136204,-0.0732431529837907,0.0618472368633373,0.157062274384723,-0.0792048761226869,-0.0473463726837928,0.0357750032289763,-0.00113680710011462,-0.0355671562679885,-0.0657876978875053
"21",-0.143873695507451,-0.0329946055139731,-0.0695413917107438,0.157142648523937,0.0863798948668685,-0.0617672989195688,-0.00216170377546383,0.0380982305246066,0.172311905484471,0.0494552500811682,-0.0745566358965102,0.223822395078648,0.0500328135999112,-0.0276143156144079,0.0741387292549607,-0.123498872681671,-0.0886036720543673,-0.0391117301253721,-0.048176650689787,-0.0402453365222434,1,-0.0390308958422608,0.13352033309075,0.13993736647541,0.26493081044629,0.0870429361395042,0.18390886002187,0.0180849094597223,-0.0444427053370606,-0.0338564179621505,-0.120835614793314,0.0470738936543946,-0.0540167860007658,0.215411473240157,0.0470059410749602,0.106393690904807,0.153323329366523,-0.0192897099508249,-0.071638569244045,-0.17580626012468,0.128411621303162,0.0842607792073981,0.0441379545915454,0.0860136437199891,-0.143847759119585,-0.114422602081648,0.131702770845527,-0.0248330348128084,0.0611569658651269,0.108577336335152,-0.0413466084467669,0.0423303624153803,-0.121224541403295,0.0274082754902165,0.12661593467847,-0.023331483651546,0.0428919114156486,0.115251346023403
"22",-0.00566520674826322,-0.163490712583468,-0.157593972968487,0.0460610369303462,0.031159890674599,-0.176556671502437,-0.080984287503173,-0.0786761722619244,-0.00017843650207315,-0.0943002393640878,0.0931893311604864,-0.161519324061896,-0.153762036150541,-0.0972571117694815,-0.0358146232360443,-0.124879665538919,-0.151443712022417,0.0634805795824204,0.208904887062643,-0.0876921681011161,-0.0390308958422608,1,0.0538923522849478,0.0142011543124101,-0.0468673572546519,0.149270536894886,-0.0526182680970842,-0.109287750173761,0.0818910340513793,0.101850156827899,0.0129382968097305,-0.217845692997701,-0.0204636554530896,0.13697427342681,-0.00490709963531539,-0.0162415109573086,-0.0805782955180688,0.119190950204117,0.0920059361474741,0.0349015849075561,0.0699029831991041,0.0246564641143581,-0.211844211998335,0.168332859099507,0.131881644969023,0.174676162371357,0.183314249299832,0.0461177532216368,-0.0871258306073619,0.0869768926136289,0.00303918312118537,0.00990109308400782,0.0764500519984647,-0.183385662252966,0.0782702455098415,-0.0863479908392465,-0.0741098637828055,-0.0526987580786498
"23",0.00038271516722813,-0.0646484189209252,0.10056149272308,0.0523182577353968,-0.13113034657688,-0.0509763672546798,0.0219225099654995,-0.00301566893738405,0.340864128093899,0.00570008293118929,-0.0500522539385048,-0.214876676529194,0.157147258160594,-0.0405992322002533,0.020884716825862,-0.221307066973375,-0.182907451440355,-0.211769581581718,0.0482340652460864,-0.134283620704608,0.13352033309075,0.0538923522849478,1,0.113505474469172,0.0308938363329057,0.0189936459118554,-0.0243236186993398,-0.0906928903688534,0.00414591128022527,-0.191930710354043,0.0664674074927341,-0.101396845975128,-0.0371764403832996,-0.0183091048112594,0.127280417312081,0.0697440828958221,0.0335338993702445,0.136261301401272,0.100217754904994,-0.0897570645262659,0.122762521110054,0.147288848818702,0.125799016008369,0.0176626740486035,0.00035263903647077,-0.251876643052963,0.0869703584648356,0.106731356961538,0.142770392955376,-0.0284964325596305,-0.195219739680415,-0.141224899960305,-0.0185741541876913,-0.0834235459472115,-0.0547101668192187,0.0838702616258572,0.154268022476947,0.00400351631238337
"24",0.0853472343123705,-0.152659152322914,-0.13494485327458,0.0253022587786227,-0.102358625996054,0.00466845805803373,-0.0760571648533907,-0.011863589548956,-0.0314797567480505,-0.122652586689485,-0.147231982299577,0.0819856832194828,0.0590907247132284,0.104490872989142,0.17424433736311,-0.0643745633687417,0.156594654117496,0.0888465484840068,-0.0541052805172789,-0.0558506942476238,0.13993736647541,0.0142011543124101,0.113505474469172,1,-0.00831467342946839,0.0339059396679489,0.0521217473862648,0.00034927157167575,-0.0131242089963227,-0.00614329237551993,-0.0481018311101187,0.0933316661792745,0.189220818324255,0.0450662391417263,0.104990008426438,-0.0705359742406,0.290290960197764,-0.0383773635926025,0.033328018568985,-0.0662315416277477,0.032058114026491,0.16255329013039,-0.08502662794178,0.0964427422655297,-0.0483125670621534,-1.16646238423333e-05,-0.0618413885487651,-0.00194172814629803,0.0791788983950976,0.0139580449398902,-0.170151030701781,-0.0857125932049361,0.219066401828807,0.0329957753534207,-0.0899399819600775,0.120816344459472,-0.00604338135783573,-0.0792292716920653
"25",-0.189630393631856,-0.0128363901145384,-0.180272300542503,0.161867122611924,0.182076303791556,0.213724510195341,0.146651688956088,0.107205498389159,-0.00880577055826639,-0.0164633787035726,-0.203606118263733,-0.0382636966171493,-0.0834550993528657,0.102541367632482,0.00683959160760834,0.0824422825694921,-0.0170462768469462,0.0286148308386434,0.0200987255666179,0.0475278300946544,0.26493081044629,-0.0468673572546519,0.0308938363329057,-0.00831467342946839,1,0.0813587035149191,0.117370392747993,0.158814123766416,0.0431831773225509,-0.0275121666644896,-0.0393784535702628,-0.0178800254872135,-0.122905413865581,0.0890032434378059,0.0463014283872943,0.137420495539078,0.0355753331319447,-0.141062052690848,0.0834686462477649,0.0296238443128818,0.082147417029782,-0.0596282370200093,-0.0108932959084106,-0.297199431980072,-0.0762487518381003,-0.131574173635399,0.107489817290463,0.0759577647828261,0.0193890220293464,-0.0671108077065502,-0.111189990204435,-0.0022866805979697,-0.0345523905866916,-0.0132543567378476,-0.088000325717923,0.00328825685371775,-0.0872249324661689,0.144259698700154
"26",0.193276429936313,0.0758862517238684,0.205799081398174,0.307028605064605,-0.025480459913941,0.0538838714749009,-0.0142473537160462,-0.049898128160132,0.138661356691,0.197276469793592,0.253738484519148,0.0191622659375262,0.0177062929993209,-0.0659670010166261,-0.015797666026632,0.0817072662653574,0.116676023358389,-0.0658054037830269,-0.174857901097597,-0.0363723885589807,0.0870429361395042,0.149270536894886,0.0189936459118554,0.0339059396679489,0.081358703514919,1,0.155712503211384,-0.130861892083309,-0.151252139345868,-0.043796983937347,-0.10282560455913,-0.12512948505989,-0.13011104749301,0.0644863443106946,-0.259746903255877,-0.021887306205635,-0.0498229694922876,0.0363808172279615,0.107406614455732,0.0104033526469837,-0.158357828401765,-0.152164244815429,-0.0551987856943918,0.249642610427175,-0.274785945559132,-0.194654118022816,-0.0193781526653712,-0.12731948254577,0.100873559042235,0.138040821105571,-0.0167011484885351,0.0845171377259391,-0.12381316681809,-0.130843936145992,-0.119954723049469,0.0764485667614617,0.124013144913627,-0.0547275624139805
"27",-0.0206026507916289,0.0530806830889112,-0.107479895688191,0.15999198055275,-0.0813780669978911,-0.0991330950200748,0.024891135432883,0.0490494161326207,0.0656945182913026,0.15242832242728,0.0907246390311665,0.0948052680919981,0.106811468503497,0.0393447299825571,-0.0428231301862838,0.108613965931987,0.0510795961008549,-0.0250239950620879,0.0296820121181489,-0.0516724542082033,0.18390886002187,-0.0526182680970842,-0.0243236186993398,0.0521217473862648,0.117370392747993,0.155712503211384,1,-0.169522926251759,-0.127852921044298,0.0395380753723948,0.0804509391514141,0.00591073638948716,0.0828362291438662,0.0327066113960546,-0.164678052692044,0.0451899960103511,0.108697079651097,-0.104563412483675,0.167767535265083,0.0586991567482588,0.0277463568909296,0.145059696505074,-0.114709153306393,0.0905695349436967,-0.259812790884434,-0.261094502125762,-0.0145573782239534,-0.0237858619014783,-0.0859380898604662,0.0606876033670647,-0.0638494982158923,0.226242258507309,0.00569087966011209,0.0885003551348501,0.14233029059185,0.0268751635283384,0.1238281278181,0.16727059103847
"28",0.0381166327577578,0.0420235026224686,-0.213727655032451,-0.102742082157467,-0.0907754768752217,0.140670742252404,0.0979247418342452,-0.0463846729712809,-0.108933390732361,0.0269463889907581,-0.100572651750282,-0.0914298260318174,-0.0939961526778052,0.24741347348251,-0.133979520471416,0.0012875824229597,-0.0128154563342576,0.116405698678851,-0.0509724247211024,0.0867694080038887,0.0180849094597223,-0.109287750173761,-0.0906928903688534,0.00034927157167575,0.158814123766416,-0.130861892083309,-0.169522926251759,1,0.065998692412012,-0.10545109283464,-0.0844642148365294,-0.0658404981494486,-0.0232308380826532,-0.0595921000386614,0.0219834682739683,0.0388103497790255,0.0350691642093686,-0.0416748366930705,-0.0812825318546834,0.0185136563920019,-0.0582182512561535,0.135333105734027,-0.044925782954454,-0.0746212136154476,-0.00329957715050946,0.118434906303057,-0.139632921148091,-0.19467289947056,0.0645225121167063,0.163497615188394,0.0348646983717229,-0.0831073985227661,0.0123351341781283,0.0250670615950421,-0.0541658800030142,0.0738170442323988,-0.143947165286417,-0.00595151039848258
"29",0.0606685493341172,-0.105103884160127,-0.0847454994519019,-0.0957451003971345,0.0829969896487899,0.0854801260996913,-0.0321402436432568,0.0998075574636529,0.0265835705114314,-0.134981078147617,0.0944701697859979,0.0122687536551442,-0.0190538404220757,0.0540565815843381,0.0432545288135604,-0.0411250573227018,0.0101662612624696,0.18182489424558,0.0656556964033003,-0.0129145962439259,-0.0444427053370606,0.0818910340513793,0.00414591128022527,-0.0131242089963227,0.0431831773225509,-0.151252139345868,-0.127852921044298,0.065998692412012,1,-0.217988108527201,-0.148089006353121,0.061585921237282,0.0391575916047338,0.0276733155055442,-0.0910131933984444,0.137732073825418,-0.155681012207034,-0.0536364518045489,-0.0525079023150188,0.0578324891168641,-0.138015742626072,0.00267239988016461,0.0210122848490961,-0.148670983858471,0.0187755571038848,0.113223816436297,-0.127648808278191,-0.00096595587860474,0.0390884339125635,0.0525381032283112,0.00182150389694226,-0.138811682907738,0.0276738369571198,0.167774728308046,0.143994106490615,0.0245514536335759,-0.047706196303728,0.0240721028992338
"30",-0.0343137782815593,-0.0764373362126257,-0.182980924773688,0.234593844909359,-0.0112165427926999,-0.0481064154828293,0.195757796888164,-0.0229194739411864,-0.149890489782177,0.0996663372955251,-0.163624262489737,0.0758329449565701,0.0270885768270134,0.0732867332640465,-0.0102301887578295,0.138535599975929,0.112054300536077,0.156952992845009,0.0657299567887493,0.0683913847789167,-0.0338564179621505,0.101850156827899,-0.191930710354043,-0.00614329237551993,-0.0275121666644896,-0.043796983937347,0.0395380753723948,-0.10545109283464,-0.217988108527201,1,0.0102088839784289,0.0753572554462197,0.188133909679026,0.235192206730838,0.0496409857977415,-0.210971138643602,-0.155335476223359,-0.0471426992843557,-0.086452014096318,0.0933305659525465,-0.064962260062165,-0.113918266716094,-0.0977902903324214,-0.0118187196739093,-0.0718659592897319,-0.173326978001044,0.082028984688941,0.0982022191643958,-0.0636674389036252,-0.0151841259088868,-0.143018414859752,0.11525380017762,0.156114906054349,-0.158988568929288,-0.0035574248452171,0.0291230249014739,0.0386712812928229,0.119996931373514
"31",-0.0535209007064612,-0.0827010676835605,0.156200786048442,0.00526090603794863,-0.125574373910729,0.132433405027977,0.116555576509205,0.0870469553594975,0.109316964056887,-0.103211327415466,0.0521734049418557,-0.0848542846271853,-0.00179967863304148,-0.133762243025889,0.0114516831753238,-0.149282433130026,0.0519705016680906,-0.111273486962069,0.383944383868966,-0.0353843532350571,-0.120835614793314,0.0129382968097305,0.0664674074927341,-0.0481018311101187,-0.0393784535702628,-0.10282560455913,0.0804509391514141,-0.0844642148365294,-0.148089006353121,0.0102088839784289,1,0.0855746365019,0.0900965275898901,-0.0933473885291079,0.123972153402368,-0.0841980144209213,0.0563385977859718,0.0341952410537555,-0.0317226766697512,-0.0245107438437758,0.0929621482454315,-0.0803506325236857,0.157841201618804,-0.108752377578004,0.0815085404524728,-0.0204266372191469,-0.150857402495416,0.0247819706055836,0.105839445993877,-0.316053792917056,-0.0444431828616174,0.0187861034745341,0.103142153344649,-0.113018443632256,-0.0237812736450621,-0.102805300111902,-0.113909595571614,-0.0380466364876699
"32",-0.0223692773102738,-0.204870452339731,0.0042723648066434,-0.123412803880765,0.00719212897863644,0.142565941904336,0.0609960130117234,0.00893355046500543,-0.144534970033133,-0.0641137203693671,-0.131709533081461,-0.0599680583238291,0.0596632343220454,0.0300779344887296,0.0316355332715456,-0.0150294816236216,0.0444269730534353,0.0751205109337816,0.149600611668857,0.250185080334182,0.0470738936543946,-0.217845692997701,-0.101396845975128,0.0933316661792745,-0.0178800254872135,-0.12512948505989,0.00591073638948716,-0.0658404981494485,0.061585921237282,0.0753572554462197,0.0855746365019,1,-0.108653013558076,0.0697363085149161,0.140419673211075,-0.0428978406077081,-0.0751280514157275,-0.0242906574674365,-0.212018532403128,-0.0216500036515807,-0.106745371338553,-0.0256072419793166,0.154092018827293,-0.176517708983269,0.0458211186949493,0.0875360576095399,-0.0225129275985671,0.0855523833140613,0.0176956306609445,-0.139608387278988,0.071479389403677,-0.0154654014389337,0.0538433197433172,0.0481833383567123,-0.0556791475944753,0.0680143109360968,-0.0799649144427171,0.0498949456511766
"33",-0.0152087529874374,-0.0361073289631551,0.187932753196071,0.122702375418586,-0.286577725625938,-0.0504034792959676,-0.0360556745615156,0.0302998395857366,-0.0183118307315187,0.0670443975784556,0.0956249327513964,0.0658658509060479,0.0303771618004689,0.069498974917468,0.205728675931271,-0.0460078778834882,0.0596133789139012,-0.0426422236376198,-0.0117239518765809,-0.209567679285465,-0.0540167860007658,-0.0204636554530896,-0.0371764403832996,0.189220818324255,-0.122905413865581,-0.13011104749301,0.0828362291438662,-0.0232308380826532,0.0391575916047338,0.188133909679026,0.0900965275898901,-0.108653013558076,1,0.0518216082419767,0.036856161324302,-0.090115153216616,-0.0115025147773636,0.00594706111484207,0.165022759536905,0.0983500214512423,-0.128196403490804,0.0110348559362401,-0.0948129536116659,0.100415930534358,0.0100535408438176,0.0245215347323655,-0.0731159654998825,0.0175458033927262,-0.0736828994050595,-0.0540050004965951,-0.291022594720444,0.16264522475442,0.197358660650782,0.0191252485645508,0.183711881568198,-0.0655610139821277,-0.0181950981260444,0.264779086333889
"34",-0.113348767751093,-0.00798501371660236,-0.148471060069843,0.0823546458069137,0.12197145772192,0.0189519796551185,0.223582822632644,-0.209806366911988,-0.0420469696091427,-0.052155779076259,-0.168125643078508,-0.0091062243574384,-0.0634090254903011,-0.0699479974206475,0.241649720388046,0.0207104686884258,-0.0806520966468081,0.0576704346176809,0.0717969006488426,0.0643341814262717,0.215411473240157,0.13697427342681,-0.0183091048112594,0.0450662391417263,0.0890032434378059,0.0644863443106946,0.0327066113960546,-0.0595921000386614,0.0276733155055442,0.235192206730838,-0.0933473885291079,0.0697363085149161,0.0518216082419767,1,0.133124896701298,-0.0832785700113863,-0.00061048783067865,-0.0807518593989,0.0310246872458745,0.172628403606051,0.10462758029449,-0.114597552973869,-0.131552885670826,0.0904359947224771,-0.108904643497787,-0.11814560612092,0.289143624044392,0.0463829397048937,-0.237719992346089,-0.129266601590105,0.0323860946999213,0.153917711629737,-0.049807811530423,-0.0336309316249341,0.205465769521269,0.0757047655192402,0.0233003204822329,-0.0198153856937895
"35",-0.211498753720415,-0.110959406693068,-0.0672832411587971,-0.0592035835469118,-0.0131975231287775,-0.0840371078562241,0.314360339299413,0.101541181769695,0.00233615587852732,-0.105220196218587,-0.153921584112419,0.111971738524501,0.0403025255219458,-0.195134617225776,0.310314810290166,-0.11931744598062,-0.0725900580591711,0.0174871640532994,0.192345418934843,0.0816824519637725,0.0470059410749602,-0.00490709963531539,0.127280417312081,0.104990008426439,0.0463014283872943,-0.259746903255877,-0.164678052692044,0.0219834682739683,-0.0910131933984445,0.0496409857977416,0.123972153402368,0.140419673211075,0.036856161324302,0.133124896701298,1,0.0587151425739873,0.0865502853434205,-0.0195075562316892,-0.111280921246044,-0.130335629955344,0.166728560378386,-0.0405791652303232,0.0952610571754066,-0.230941788103033,0.188953974387416,0.0397007042539729,-0.101719820794879,-0.0736690785863765,-0.0955135149810055,-0.254938367281165,-0.147893273970726,-0.0531549749174545,0.0277836872768742,0.0252987210948462,-0.00180509777479101,-0.033885793814215,0.018466694400284,-0.029346154046535
