"","l_Insular.Cortex","r_Insular.Cortex","l_Amygdal.Area","r_Amygdal.Area","l_Bed.Nucleus.of.the.Stria.Terminalis","r_Bed.Nucleus.of.the.Stria.Terminalis","l_Hippocampus","r_Hippocampus","l_Orbitofrontal.cortex","r_Orbitofrontal.cortex","l_Entorhinal.Cortex","r_Entorhinal.Cortex","l_Frontal.Association.Cortex","r_Frontal.Association.Cortex","l_Globus.Pallidus","r_Globus.Pallidus","l_Glomerular.Layer.of.the.Accessory.Olfactory.Bulb","r_Glomerular.Layer.of.the.Accessory.Olfactory.Bulb","l_Glomerular.Layer.of.the.Olfactory.Bulb","r_Glomerular.Layer.of.the.Olfactory.Bulb","l_Granule.Cell.Level.of.the.Cerebellum","r_Granule.Cell.Level.of.the.Cerebellum","l_Hypothalamic.Region","r_Hypothalamic.Region","l_Entorhinal.Cortex","r_Entorhinal.Cortex","l_Vermix.Molecular.Layer.of.the.Cerebellum","r_Vermix.Molecular.Layer.of.the.Cerebellum","l_Lateral.Molecular.Layer.of.the.Cerebellum","r_Lateral.Molecular.Layer.of.the.Cerebellum","l_Anterior.Olfactory.Bulb","r_Anterior.Olfactory.Bulb","l_Posterior.Olfactory.Bulb","r_Posterior.Olfactory.Bulb","l_Subiculum","r_Subiculum","l_Perirhinal.Area","r_Perirhinal.Area","l_PreLimbic.System","r_PreLimbic.System","l_Primary.Cingular.Cortex","r_Primary.Cingular.Cortex","l_Primary.Motor.Cortex","r_Primary.Motor.Cortex","l_Retrosplenial.Cortex","r_Retrosplenial.Cortex","l_Secondary.Cingular.Cortex","r_Secondary.Cingular.Cortex","l_Secondary.Motor.Cortex","r_Secondary.Motor.Cortex","l_Striatum","r_Striatum","l_Ventral.Tegmental.Area","r_Ventral.Tegmental.Area","l_Substantia.Nigra","r_Substantia.Nigra","l_Thalamus","r_Thalamus"
"1",1,0.130447941502102,-0.146900921265127,0.0672305074055915,-0.150669640441061,-0.0418552266487313,-0.0768497752012072,0.0470194784167384,0.127146292755399,-0.00494717081820736,0.0123205400784165,0.140310712348619,-0.2401646243457,0.0510931977688918,-0.211574285632612,-0.00407921982500856,-0.0548842553711652,0.0789695335536628,-0.0128574858690317,-0.0706387868386188,-0.101603356634726,0.127342584429755,-0.025923957674678,0.00448999166098369,0.169604963297175,-0.0233605806718482,-0.182290512550604,-0.0818708903910774,-0.0933484510199852,0.0127675283101591,0.0288265481059101,-0.0333525397041899,0.00748440949690587,-0.290301015778019,0.224416377985637,0.036221295083492,-0.0291029195547341,-0.0179096531893975,0.0788796918218966,-0.247906504339473,0.0513397643402403,-0.122505026221973,-0.0604423642576213,-0.190074885860037,-0.0531037829568301,0.0831570061525115,-0.015645746411663,-0.00426639858178079,-0.0831354558703938,-0.169222636550105,-0.136057624252047,0.174770074029265,0.0232842560735131,0.0261538923992726,-0.0465360006988619,0.07548452070427,0.0909527305964488,0.0258300479693379
"2",0.130447941502102,1,0.0286786297615081,0.131020007877989,0.182590166462409,-0.110618459829894,-0.170013801287508,-0.062448617563294,0.0956572844245634,0.201740122457728,-0.0277775230098828,0.0661674547088449,0.0312360549967431,0.0745209846378003,0.0548716525375382,-0.145357021955947,-0.0780470152408298,0.00343336142344956,-0.0202506839622579,-0.124712410377752,0.112081515111302,-0.0629972963826863,-0.167813418365412,-0.020729146413775,0.0254258646114882,-0.0123563920032869,0.0306621546180599,-0.0615620238029734,-0.101959957048616,-0.0452087365802635,-0.0444999064944501,-0.0353848622938707,-0.0767560038637271,0.0126846968842583,0.0426192672965226,-0.177921291479131,-0.13632140408265,-0.00161070588802023,-0.0246086185801741,0.0229554376621865,0.0741767104315703,-0.0257318244097965,0.0198214032944761,-0.0858257393226504,0.134950850462622,-0.11491514488611,-0.132345675048931,-0.0549521543354869,-0.0316539655119617,-0.0565614889534925,-0.109148105447625,0.080694266856223,0.00627735543385292,0.155074443942409,0.0880492190742325,-0.109463660426874,-0.127024947824784,-0.200341112396099
"3",-0.146900921265127,0.0286786297615081,1,-0.0323019478547135,0.153688626070881,-0.141198086355894,0.145746156204741,-0.0856535881568078,0.0989997459297323,-0.0742088441495092,-0.1108666199901,0.0157669765974485,-0.073434532380942,-0.131087817941811,-0.019632588860679,-0.0933880625548227,0.00127514428307609,0.0488618517701783,0.0625423867781168,-0.136249558539687,-0.156735265783354,0.0248574122613269,-0.0754564247761106,0.0739163619731866,0.174198300274415,0.242221598520961,0.0531317449979182,-0.0315019802031656,-0.111971798438966,0.173221407321622,-0.0804149289163202,-0.184120175544736,-0.148821814912289,-0.0260864126369279,0.075124738820904,0.0427300371062784,-0.0341593434953711,0.111352294497072,-0.0283491952906118,-0.0189185889270602,0.0182125672372256,-0.00775413139790946,-0.00753931415875942,0.0800168824126662,0.144188840348796,-0.138061056525507,-0.162744032406925,-0.120990480849242,-0.145946138459012,-0.0287963217152701,0.0267641416005795,-0.123259910807941,-0.0490574663020901,-0.0927795430510376,-0.114999560821959,-0.0236520044664888,0.0647080010618781,-0.0412625742331109
"4",0.0672305074055915,0.131020007877989,-0.0323019478547135,1,0.00597017888290995,-0.13634629119156,-0.12634066353649,-0.0901429120740044,-0.0139826512458325,-0.0963445184369776,0.122021404208429,-0.0325508902197649,-0.224041377845277,-0.0219601392943648,-0.204213452672297,-0.0378038642545161,0.0276338015628689,0.135905548487468,-0.141361660779806,-0.0859517343650951,0.135644288667006,-0.0100865185651808,0.00571119514436778,0.006316128352196,0.111675645918416,-0.0329682742248048,0.0958824737702072,0.107276694307259,-0.0582599960830901,0.07763693736937,-0.0861075435021077,0.00254179770094158,0.0619474736249177,-0.0749190190212229,0.135690537043379,-0.0842585031095514,0.0406123009432833,0.0294544175454468,0.0287361411348303,-0.0188099208012162,-0.019785014562054,-0.144701746174743,0.0114732401587672,0.0325968223656931,0.110392071078072,-0.118277624366112,-0.168204294645453,-0.0481660091951081,-0.0702645831270287,0.0792058728576076,-0.0215566373099286,-0.0313470464465639,0.0612116349021452,0.0257830002096523,0.164823574234356,-0.0319880467477513,0.0312386892670182,0.073116972662618
"5",-0.150669640441061,0.182590166462409,0.153688626070881,0.00597017888290995,1,0.115660152997379,-0.0201807386835283,-0.0720184799193504,0.175696702114477,0.00452040629099197,-0.0999735815511409,-0.00111400698800204,0.0145611012694327,0.179415473541348,0.148996175161343,0.0678122133552341,0.123255397316287,0.0993680960850946,0.0405030939628694,-0.0516761082849477,0.0777083902062818,-0.172108670517235,-0.1298864569265,0.0227453085449335,0.0643498108052999,0.141641805438378,0.09671114958341,0.00915226255122397,0.179612120146728,0.0375474096729919,-0.0753702004849907,0.0588463445141734,-0.0369725900253448,0.036555987179254,-0.00473967010791424,-0.0839354590579889,0.0395615960049903,-0.0244714869650545,0.00447935986034834,0.0963486542827838,-0.0966839630774229,-0.021612376196291,-0.15181893490179,0.0135422586187314,-0.0697612353297008,-0.0496596694999423,-0.188277239423616,0.0528912697221846,-0.127500542895382,0.163848402699431,0.0943215485973239,-0.0292220177370461,0.0589055680110347,0.239210375879063,-0.0336535371516389,-0.0361475949738023,0.151277236820885,-0.0739611105367605
"6",-0.0418552266487313,-0.110618459829894,-0.141198086355894,-0.13634629119156,0.115660152997379,1,-0.0420176298249133,-0.0795119330030859,0.0623427298572099,-0.0487018046483527,0.0929082775157012,-0.112316707394043,0.205844025209722,0.0859877552771731,0.0673256597546261,-0.0604729869397788,0.0862419339491862,0.0242446248779371,0.0113660822031935,0.201036676646701,0.0281844437599957,-0.00911147086175935,0.0669545979015911,-0.182332459903873,0.0551414663321229,0.169923028948089,0.0860547048748112,0.0220696981544408,0.14423829512607,-0.0220390889747027,0.136259959084083,0.253665556727934,-0.0361286084214054,0.0908567920521428,-0.302185106203764,0.088847078986439,0.148966307823618,-0.00194713772157471,-0.0284239070799848,0.0695567703395628,-0.0437899167999386,0.0232872494794966,-0.0775664709213954,-0.123826793247888,-0.0662421124665611,0.101685869960756,-0.0463351231373509,0.00559472767687214,-0.0226951760553393,0.111492566340436,0.0230660530555275,0.0884942625824809,-0.0405758195275865,0.0246226145058969,-0.0479540932468914,0.123935977970556,0.0424623786248077,0.171730312480303
"7",-0.0768497752012072,-0.170013801287508,0.145746156204741,-0.12634066353649,-0.0201807386835283,-0.0420176298249133,1,-0.0323110962355335,-0.0909840587369264,-0.0185576832497117,0.103348921518698,-0.152714557269618,0.0874060430332101,-0.00846948782082817,-0.147421001309164,-0.253040665993182,0.160436287329174,-0.013273823905672,-0.116365544259609,0.0786794512272704,-0.0106529443670255,0.240489397886939,0.0449574918355481,0.104165187389686,-0.0602951775356949,0.134001788239822,-0.0280592501352117,-0.0248503626910002,-0.00275013611655112,0.0422863108216506,-0.107223986807402,0.00295298002917233,-0.233620837195597,0.0875342358817048,0.113804310360434,0.165558943182406,0.102883835290317,0.0658233899644653,-0.0628651968788363,0.0963805256947521,-0.0343321648648494,-0.0759046422225665,-0.038522821879033,-0.118137196871306,-0.0953458487281189,0.00375946346820147,0.0255387524301413,0.0540208324122053,-0.0852272313686045,-0.117394827945161,-0.205880814459364,0.073539997100464,-0.132465276770601,-0.210563452348651,-0.146233492481695,0.0391991762045881,0.0215477721704059,0.0761609291803265
"8",0.0470194784167385,-0.062448617563294,-0.0856535881568077,-0.0901429120740044,-0.0720184799193504,-0.0795119330030859,-0.0323110962355335,1,-0.149597675954267,-0.110661058356171,-0.0546939158933699,0.0623205243962906,0.0348418717102989,0.0394437922991755,0.151866545817148,0.0132693375902884,-0.0500387409670139,-0.0920279329441922,0.0839802340089774,0.0436218138564795,-0.133780373362214,0.224930326852686,-0.0679683785388325,-0.0698054891769813,-0.0686412992749571,0.0702491348831038,-0.0803554618620853,-0.22517579233383,-0.203211193456531,-0.318686343727557,-0.112221906175015,-0.0859496632026458,0.155098149571054,0.0113907413351936,-0.0619085827938796,0.291907548750768,-0.0132917178223131,-0.0553686154127007,-0.0562722255158051,-0.16982342981453,-0.0753501004752455,0.176660420799149,-0.0508259340324465,0.227466878983926,-0.11421528254279,0.113975495305978,0.00855484893748871,0.231788329263718,0.0110007090959466,0.152546989091766,-0.20175105583035,-0.121004950362104,0.0732618690895234,-0.00445660767737242,-0.0113145189497565,0.00532337117742073,-0.00588242301739432,0.08834216275174
"9",0.127146292755399,0.0956572844245634,0.0989997459297322,-0.0139826512458325,0.175696702114477,0.0623427298572099,-0.0909840587369264,-0.149597675954267,1,-0.0206506572187496,-0.166323250524621,0.0887222166125157,0.181577412706608,0.21434792278168,-0.0947629638854984,0.019313474838422,0.0726674971728069,-0.031038526221426,-0.00707851755243927,-0.184100397310563,-0.0504237346801746,0.0138936374340848,-0.111631946300506,0.142941256158993,0.0607333765055126,-0.111212373576782,0.0919471147133549,0.0660216291538047,-0.0305512259274033,0.0895503399924264,-0.0188543637201841,-0.192047546088102,-0.263132795169872,0.0296634494284402,-0.0305798451287941,-0.0137194018809033,0.0827784748986995,-0.17291413545179,0.195039734886082,0.0401186279933691,-0.0335028183560475,-0.0503788098812013,-0.199060828192706,0.0210008881692407,0.0255602912368783,0.0597352699143632,-0.105429723329188,-0.0631857092664184,-0.084785660382319,0.0035484435100776,0.11230976537268,0.0528240204912614,-0.0321210062725075,0.171831052346855,0.0133202859452522,0.075623633234994,-0.0938582183030109,0.0574140548944167
"10",-0.00494717081820736,0.201740122457728,-0.0742088441495092,-0.0963445184369776,0.00452040629099197,-0.0487018046483527,-0.0185576832497117,-0.110661058356171,-0.0206506572187496,1,-0.00084970606023526,-0.0464557068835007,0.194022467818122,0.13122844636232,0.156198339491984,0.0302420287075008,0.094034379966531,0.017452029610703,0.0926913104924762,0.0339877964798568,0.0596943472103235,-0.0454304308449754,-0.126872322621483,-0.0203114997104857,0.0829098522143809,-0.0352046086536461,0.0824583572495739,0.118074801069763,0.0344525802620205,0.0405007591289703,-0.0606241162184989,-0.0797927603357017,-0.144746812602366,-0.0831223107862792,0.0369019928132604,-0.0828146620965325,0.0280846240488259,0.116508723942201,0.139351705955178,0.162031195049759,-0.0302295666932485,0.0652602294380679,0.00224656045958727,0.0836597563395169,-0.229841977748391,-0.167477549199742,0.0779115366683009,0.117314809291305,0.100509765681378,0.146324754144679,-0.0392722785479692,0.0151490578761008,-0.171326658428512,-0.114878481088297,0.0854518836882947,-0.0539889910454543,0.0110561303943414,-0.109511895130218
"11",0.0123205400784165,-0.0277775230098828,-0.1108666199901,0.122021404208429,-0.0999735815511409,0.0929082775157012,0.103348921518698,-0.0546939158933699,-0.166323250524621,-0.00084970606023526,1,-0.134043228465086,-0.102131427148368,-0.179741059871565,0.0103744134889729,-0.0565908276966722,0.044454426448602,0.0554436458393811,-0.108706078906738,-0.0188441043155462,-0.00700347043022052,0.092451821761539,0.0739447065208789,-0.101279181829924,0.00464003918175606,-0.0300574754001522,-0.101690483746927,0.0238040288045759,-0.277729975835036,0.138751674141932,-0.087661263223107,0.0116862113426377,0.0403906528860518,0.0159594112154844,0.0985862492998476,0.00451535427879093,0.0452831270457277,0.0865307720320431,0.0471581239670092,-0.145651064199804,-0.0932781225787081,-0.0309376831166126,0.066422148563359,-0.04745098285063,-0.151073572734152,-0.0407636477147818,-0.0266041937207681,-0.0177524437362353,-0.0659781245710305,-0.0896359693954551,-0.0874683982274741,-0.0862262035751854,-0.108740570064682,-0.108505959970555,-0.0693779773617569,0.00309872157987434,0.0513222964114731,0.0126981355402754
"12",0.140310712348619,0.0661674547088449,0.0157669765974485,-0.0325508902197649,-0.00111400698800204,-0.112316707394043,-0.152714557269618,0.0623205243962906,0.0887222166125157,-0.0464557068835007,-0.134043228465086,1,-0.226277292547221,0.0828968621240492,0.110268789091763,0.161626090307835,-0.0124891643957119,-0.204226292806553,-0.0631417009198348,-0.115780687834701,-0.0863434671925844,-0.0127651276440815,-0.0982229203112593,0.140721837241364,0.106744431719989,-0.185288535607437,-0.0266693805693806,0.131623161364031,0.0322514495231903,0.0782064789507418,-0.0990365940653269,-0.244418845432956,0.0396810755468275,-0.0949559465034474,-0.0228733730896979,-0.0829963472014045,-0.243351972187207,-0.262342611298106,-0.150959949058896,0.0217069532552341,0.0307884137168308,-0.0281870616207876,0.0379173201928761,-0.00980665675123106,-0.0874874855745533,-0.0987938270155301,-0.0150754066886107,-0.124211374379883,0.15712084565973,-0.121051150942464,0.0810572370780757,0.0500309530328879,-0.127150575313053,-0.108209847906368,0.12551892446374,-0.119264001958816,-0.180252299032483,0.0325822423126304
"13",-0.2401646243457,0.0312360549967431,-0.073434532380942,-0.224041377845277,0.0145611012694327,0.205844025209722,0.0874060430332101,0.0348418717102989,0.181577412706608,0.194022467818122,-0.102131427148368,-0.226277292547221,1,0.185603401366314,0.0908046376874104,-0.0469608069034563,0.103288577436688,0.102910195332751,0.0796492208618046,0.130083730286702,0.0675283858856912,-0.0473042590851997,-0.184134596900771,-0.0975552796021976,-0.119696488747389,0.0181268775041119,0.0522181122903463,-0.0500007539065675,-0.141131661815063,-0.112349633143788,-0.0389268002900489,0.0765265305829649,0.0320837196030964,0.0825337059202532,-0.0912874353187501,0.0451322504722292,0.140338737558782,-0.109935384249699,0.114914013832552,0.173296027085102,0.020602494162999,-0.0435356091887679,0.0629366704184652,-0.0164423041089491,-0.209634887725426,0.110513352013259,0.0858906879987913,0.0699084442582483,0.323209701019151,0.0695867398619982,-0.0944282794498198,-0.151537114199551,0.100145843939567,-0.0250084232775614,0.0766877044901533,0.0262162505788955,0.0847334983759186,0.213283407634478
"14",0.0510931977688918,0.0745209846378003,-0.131087817941811,-0.0219601392943648,0.179415473541348,0.0859877552771731,-0.00846948782082817,0.0394437922991755,0.21434792278168,0.13122844636232,-0.179741059871565,0.0828968621240492,0.185603401366314,1,0.0510789120594541,0.0362350311725252,0.0902558279159169,0.290556691518153,0.0262988435338363,0.127214886014894,0.0806649526692127,-0.103055606478863,-0.0940045506754081,0.116261580792568,0.0795242286653337,-0.0580239585332349,0.211449556979507,-0.0955237455977432,0.24785816165208,0.0873312774365573,0.00534121923638728,0.0464129142351586,-0.100778046246742,0.00656973026099698,-0.175348480651878,-0.130227116458036,-0.0483402945098211,-0.194641287160775,0.321902621759561,0.175919364414035,-0.0738324281703275,-0.0328518730617214,0.0270937046020219,-0.0514795509752816,-0.147528705727136,0.0223366321493396,-0.0180723927996768,0.228979601955845,0.0450982771898629,0.479889683899191,-0.153110333245058,0.12272001118701,-0.0323319252102762,-0.0333221230858227,0.137497954259021,0.0217892519704695,0.00179276618938417,0.131691348369476
"15",-0.211574285632612,0.0548716525375382,-0.019632588860679,-0.204213452672297,0.148996175161343,0.0673256597546261,-0.147421001309164,0.151866545817148,-0.0947629638854984,0.156198339491984,0.0103744134889729,0.110268789091763,0.0908046376874104,0.0510789120594542,1,-0.00868611842758401,-0.178070867432614,-0.0289353292573239,0.317129046703858,0.114978276986891,0.174473228447331,-0.152776019489198,0.0138573634381933,-0.0482079582485207,-0.0762926268741679,-0.00512618814031799,0.0526843954384919,0.136086286806756,0.150569915877088,-0.0775037694749353,0.118925746680569,-0.11568537223492,0.0226161553929173,0.125392659818199,-0.276216106055741,-0.14209426637133,0.0225532762679938,-0.225107894456047,0.00598411170216193,0.0891923529704041,-0.0706105743111507,0.13084059335807,-0.0102888472162227,0.11730072649984,-0.0301169593795564,0.130710947985847,-0.0357919729169355,0.125281167377643,-0.0812396539041879,0.0851238858721259,-0.096415699814979,-0.14454558976342,-0.0155099776678974,-0.139921600066444,0.114145051485953,-0.0261663989227132,0.0376566131736308,0.0447342202067944
"16",-0.00407921982500856,-0.145357021955947,-0.0933880625548227,-0.0378038642545161,0.0678122133552341,-0.0604729869397788,-0.253040665993182,0.0132693375902884,0.019313474838422,0.0302420287075008,-0.0565908276966722,0.161626090307835,-0.0469608069034563,0.0362350311725252,-0.00868611842758401,1,-0.142488878272895,-0.0362696615028184,0.15214025852379,0.00066808080070487,-0.0233073084106198,-0.145238337114385,-0.024535890126174,-0.100601939696042,-0.112213947033801,0.0187781341558415,-0.0293798194321541,-0.0741347291311048,0.00365449236058712,0.0178854092640058,0.0226173667526887,-0.0130042325267738,0.0777330783453186,0.0899980164576316,-0.021025324936502,-0.258161929011348,-0.0375856187032686,-0.0837000637632688,-0.0834274759363784,-0.00082493951133914,-0.102390439672463,0.0692336007816679,-0.0717988530645791,0.0291288996581406,-0.0733057684771902,-0.162102116377307,0.0931110598734242,-0.0104076289965123,-0.0134173000373537,0.183726485759982,0.189532732296113,0.0267096656143846,0.0351067953443626,0.117341146310222,0.237418487709775,-0.0120808494249722,0.161938105812689,-0.214222300305863
"17",-0.0548842553711652,-0.0780470152408298,0.00127514428307609,0.0276338015628689,0.123255397316287,0.0862419339491862,0.160436287329174,-0.0500387409670139,0.0726674971728069,0.094034379966531,0.044454426448602,-0.0124891643957119,0.103288577436688,0.0902558279159169,-0.178070867432614,-0.142488878272895,1,-0.113254988760539,-0.0884673822061667,-0.050391351772578,-0.0668494688474602,-0.0207298700405951,-0.270308652989342,0.0494158188777995,-0.023524125639222,0.168287540165445,0.0914779429075266,0.199673566193847,-0.0006075478397435,0.137588926664123,0.0631484079835587,0.166201720465985,0.0118879333020869,-0.169925412798751,0.0720127843352751,0.164590556994058,0.0195655336983379,0.0675292912075695,0.100351477265765,-0.0345965711163884,0.0900197448544934,-0.015503915016088,-0.0526665209900488,-0.102842017467399,-0.0678780118176295,-0.0853746311159652,-0.0985907025564922,-0.0744940270176117,0.245876953551757,0.00641074247570506,0.0135055956407009,-0.123254922922594,0.0012325726732452,0.108970345194917,0.0280814241172135,0.0132607112579966,0.207156708924837,0.148550661772926
"18",0.0789695335536628,0.00343336142344956,0.0488618517701783,0.135905548487468,0.0993680960850946,0.0242446248779371,-0.013273823905672,-0.0920279329441922,-0.031038526221426,0.017452029610703,0.0554436458393811,-0.204226292806553,0.102910195332751,0.290556691518153,-0.0289353292573239,-0.0362696615028184,-0.113254988760539,1,0.0286921770051008,-0.029130870246639,0.162474120693042,0.199687282211499,0.0324640455819832,-0.0484713782557403,-0.0171185139172419,0.103207573452253,0.0213069762125502,-0.232675076728362,-0.0183285092721896,-0.119019572312349,0.0927644052952957,0.224751828190919,0.0182687733592033,0.0756570104038951,0.117271988046806,-0.0857756057962711,0.262172542212614,-0.0699456850872723,0.126801351403124,-0.0573171109678521,0.0120449696813754,-0.211845885062844,-0.111974761109724,0.0993322213116966,0.00211371264096352,0.125960992102575,0.152517138362251,-0.0627709727841448,-0.223464791609205,0.3770612145527,0.0137818346285482,-0.0512976321980116,0.0802428159506067,0.0829554454030507,-0.15310974850561,-0.0744461184227617,0.122029348516973,0.110801415708576
"19",-0.0128574858690317,-0.0202506839622579,0.0625423867781168,-0.141361660779806,0.0405030939628694,0.0113660822031935,-0.116365544259609,0.0839802340089774,-0.00707851755243927,0.0926913104924762,-0.108706078906738,-0.0631417009198348,0.0796492208618046,0.0262988435338363,0.317129046703858,0.15214025852379,-0.0884673822061667,0.0286921770051008,1,-0.0436358027841173,0.188081326829226,-0.126945094155428,0.112694739221823,0.0249873849569504,-0.00421206009859211,0.025773614275239,0.0334144744298828,0.023449918476624,0.155908903456455,-0.0222566861941868,0.289170641746678,0.0321201368694235,0.126709766998265,-0.0285864770904381,0.00709104009978555,-0.101826328402052,0.19563935113001,-0.023148742371146,-0.0188668835908767,-0.0699337648407922,-0.038049849903712,0.099123301054458,-0.314493851597862,0.0168071604607156,0.0498546569036062,0.0205193604902308,0.0848493924563333,-0.0379156913345622,-0.0534672006556043,0.0734023505758361,0.270420077328646,-0.0918219972399722,0.0137313040855743,-0.0268034785693766,-0.0350543581188931,-0.0362926213787159,0.0880517772591443,-0.1665836983599
"20",-0.0706387868386188,-0.124712410377752,-0.136249558539687,-0.0859517343650951,-0.0516761082849477,0.201036676646701,0.0786794512272704,0.0436218138564795,-0.184100397310563,0.0339877964798568,-0.0188441043155462,-0.115780687834701,0.130083730286702,0.127214886014894,0.114978276986891,0.00066808080070487,-0.050391351772578,-0.029130870246639,-0.0436358027841173,1,0.090270287772961,-0.131401196762853,0.0293791982131453,0.17388372287324,-0.0496099311219951,0.126012556137963,0.0310990297192837,-0.287784868788896,0.312982001189356,-0.106316134204536,0.0789342938417675,0.311657008507793,-0.072598005761796,0.00784981755993149,-0.0126347534196125,-0.109528044748399,0.229926984509639,-0.141402071700485,-0.0571152921091637,-0.0164121698638661,-0.0340586729426668,0.00720205372270404,0.0532990243147484,-0.0657226880026835,0.0903843747930137,0.0128570730893554,-0.00353035250745557,0.0567304762672206,0.0763977022720633,0.0563059634378189,-0.159685238865511,-0.0789670499443412,0.0927192411959926,0.0668085507704383,0.111852084560223,0.142744147170114,0.0539865223167671,-0.0554813472082343
"21",-0.101603356634726,0.112081515111302,-0.156735265783354,0.135644288667005,0.0777083902062818,0.0281844437599957,-0.0106529443670255,-0.133780373362214,-0.0504237346801746,0.0596943472103235,-0.00700347043022052,-0.0863434671925844,0.0675283858856912,0.0806649526692127,0.174473228447331,-0.0233073084106198,-0.0668494688474602,0.162474120693042,0.188081326829226,0.090270287772961,1,-0.220223513547319,0.108584042127507,-0.144565999035942,-0.166555451141176,0.0624452982439336,0.0676224934235708,0.060897952377555,0.153397814548228,-0.0532464442411983,0.0587533095702764,0.0989183615719728,-0.0460667081136023,0.0456257366938648,0.226608977721691,-0.00840587831931638,0.125135129138898,-0.0264774162266612,0.0330957137290397,0.12970805193744,0.150461336955725,-0.047738383676905,-0.0444186290169559,-0.0686730037149113,0.168756384584337,-0.0015764704708002,0.147387650081498,0.0795471006586274,0.13159120274491,0.0993464600835698,0.286187524776846,0.04205113360602,-0.0901589902895202,-0.0363510339931235,0.0464256276339709,-0.00981970454919552,0.0686704446021246,-0.116493646202486
"22",0.127342584429755,-0.0629972963826863,0.0248574122613269,-0.0100865185651808,-0.172108670517235,-0.00911147086175935,0.240489397886939,0.224930326852686,0.0138936374340848,-0.0454304308449754,0.092451821761539,-0.0127651276440815,-0.0473042590851997,-0.103055606478863,-0.152776019489198,-0.145238337114385,-0.0207298700405951,0.199687282211499,-0.126945094155428,-0.131401196762853,-0.220223513547319,1,0.071188090304703,-0.00296926012044888,-0.0707281906306506,-0.0346914758446558,-0.162147149200857,-0.146300917743143,-0.187852183143947,-0.034964572380767,-0.0640138547355394,-0.0337012279225086,-0.00246207151910206,-0.00312959607715245,0.0223646722356459,0.129733952977119,0.0581208512273882,-0.00629640794897099,-0.0643285629296499,-0.144269557760065,0.00517326672786451,-0.125806747607853,-0.171186124531366,0.101179136847856,-0.0777891127286177,0.196367674455057,-0.0319011710576623,-0.0443051047535936,-0.00313471816288485,-0.0638243139880796,-0.142689750411898,0.121117953350636,-0.0741417334259298,-0.0936042904252264,-0.106040088230141,-0.11628377098303,0.012965693354739,0.221222412748381
"23",-0.025923957674678,-0.167813418365412,-0.0754564247761106,0.00571119514436778,-0.1298864569265,0.0669545979015911,0.0449574918355481,-0.0679683785388325,-0.111631946300506,-0.126872322621483,0.0739447065208789,-0.0982229203112593,-0.184134596900771,-0.0940045506754081,0.0138573634381933,-0.024535890126174,-0.270308652989342,0.0324640455819832,0.112694739221823,0.0293791982131453,0.108584042127507,0.071188090304703,1,0.0607802732919066,0.08148635431417,-0.17301209642721,-0.0794186024603412,0.0846422013076652,0.00268857491323082,-0.15921030274178,0.141258240608377,0.0240569085582546,-0.0460836426236763,-0.100458985009284,0.0965154172982563,0.073889427076304,0.060718589195985,0.00400824969394548,-0.169104173153511,-0.198147864454657,-0.0591764333347555,-0.0420265574771662,-0.0845949266347837,0.00929500205907558,0.0707749469747899,-0.0774585423831226,0.0955929014131173,-0.12388783390917,-0.0539502627865242,-0.110208331519739,0.0650478264840162,0.12150929248953,-0.101527452283811,-0.0101533854436574,-0.086603364305655,-0.021611154922327,-0.0708190589536842,-0.0920231449075301
"24",0.00448999166098369,-0.020729146413775,0.0739163619731866,0.006316128352196,0.0227453085449335,-0.182332459903873,0.104165187389686,-0.0698054891769813,0.142941256158993,-0.0203114997104857,-0.101279181829924,0.140721837241364,-0.0975552796021976,0.116261580792568,-0.0482079582485207,-0.100601939696042,0.0494158188777995,-0.0484713782557403,0.0249873849569504,0.17388372287324,-0.144565999035942,-0.00296926012044888,0.0607802732919066,1,0.0304102549928966,-0.103605752033074,0.0213357674459206,-0.0405049046488176,0.24493852020386,0.078557485274128,-0.0864725250786392,-0.157499970888798,-0.176759721793995,-0.112165795488097,-0.170411719364501,-0.18780683796493,-0.134239886129489,-0.0679925197905461,-0.0909552523783463,-0.0422561051481245,-0.0313554472431894,-0.199595949555494,0.0911566228810458,0.0730658029113391,0.0464023278851893,-0.120592458035224,-0.0220476783193343,0.13727785025447,0.056323527218301,0.0389557067216355,-0.00329176337201605,-0.159537287142521,-0.0557987298237421,0.178844743653366,-0.0605636572843292,0.0182897291642819,-0.0301261096480625,-0.0114287747599834
"25",0.169604963297175,0.0254258646114882,0.174198300274415,0.111675645918416,0.0643498108052999,0.0551414663321229,-0.0602951775356949,-0.0686412992749571,0.0607333765055126,0.0829098522143809,0.00464003918175606,0.106744431719989,-0.119696488747388,0.0795242286653337,-0.0762926268741679,-0.112213947033801,-0.023524125639222,-0.0171185139172419,-0.00421206009859211,-0.0496099311219951,-0.166555451141176,-0.0707281906306506,0.08148635431417,0.0304102549928966,1,-0.116354798262544,-0.0284333748891244,-0.0179980387431816,0.0105497490656948,-0.15579708228106,0.0046774490159576,0.0783572769454604,0.0397873590952757,-0.00212041865452681,0.0164908374408996,0.108273890274683,0.0303725466496703,0.0584023665884096,-0.105315947829192,0.071209680465655,-0.218253338749899,-0.0169338549038769,-0.104863944186785,0.0162841983595084,-0.202762230101414,-0.0498632677936201,-0.296439958341404,-0.0519319330922943,-0.0399150686302616,-0.0519566050711829,0.0209351402831458,0.023117670433212,0.0434279769138852,-0.109209562610539,0.0564827900476866,0.109217165329433,-0.215665584497994,-0.0182738930300561
"26",-0.0233605806718482,-0.0123563920032869,0.242221598520961,-0.0329682742248048,0.141641805438379,0.169923028948089,0.134001788239822,0.0702491348831038,-0.111212373576782,-0.0352046086536461,-0.0300574754001522,-0.185288535607437,0.0181268775041119,-0.0580239585332349,-0.00512618814031799,0.0187781341558415,0.168287540165446,0.103207573452253,0.025773614275239,0.126012556137963,0.0624452982439336,-0.0346914758446558,-0.17301209642721,-0.103605752033074,-0.116354798262544,1,-0.103533746029251,0.0198483248507356,0.0132766681085367,0.00036881352165691,0.017067965933753,0.175527430444891,0.101361148074891,-0.108667268062916,0.0310584602038778,0.0657128315556783,0.117133898925557,-0.0619903093007226,0.0889554002763846,-0.233976236631572,-0.0480184637198175,0.0508005414480858,-0.0119257499366919,-0.182043981808909,0.153300457859115,-0.0730583566779056,-0.103365986165668,-0.0586805432010016,-0.175286917534321,0.102491388638674,-0.0115531258712685,-0.0342509145967585,0.0685241418317287,0.107274295557629,-0.0367617262856696,0.179285317384386,0.183672372869976,0.105414327620966
"27",-0.182290512550604,0.0306621546180599,0.0531317449979182,0.0958824737702072,0.09671114958341,0.0860547048748112,-0.0280592501352117,-0.0803554618620853,0.0919471147133549,0.0824583572495739,-0.101690483746927,-0.0266693805693806,0.0522181122903463,0.211449556979507,0.0526843954384919,-0.0293798194321541,0.0914779429075266,0.0213069762125502,0.0334144744298828,0.0310990297192837,0.0676224934235707,-0.162147149200857,-0.0794186024603412,0.0213357674459206,-0.0284333748891244,-0.103533746029251,1,-0.0735416273513164,0.173666475381323,-0.166369078129248,-0.0111546480075719,-0.0746799427880534,-0.0288935253695717,-0.0122319102507581,-0.149883357921766,-0.0993069264025964,0.0060837517004229,0.055605856256998,0.167912122292734,0.0451262742779962,0.0480381622725291,0.048709477629996,-0.0730553804310403,-0.0588463569823533,-0.0469371870901728,-0.15377029499986,-0.141589621750431,0.0106789377049769,-0.0968695972439046,0.177923195823771,-0.00114038764858058,-0.0911487121290821,0.00535064208181289,0.0255169096272761,0.0582266728012932,0.0482286074153009,-0.0107666830451354,-0.0473123588884784
"28",-0.0818708903910774,-0.0615620238029734,-0.0315019802031656,0.107276694307259,0.00915226255122396,0.0220696981544408,-0.0248503626910002,-0.22517579233383,0.0660216291538047,0.118074801069763,0.0238040288045759,0.131623161364031,-0.0500007539065675,-0.0955237455977432,0.136086286806756,-0.0741347291311048,0.199673566193847,-0.232675076728362,0.023449918476624,-0.287784868788896,0.060897952377555,-0.146300917743143,0.0846422013076652,-0.0405049046488176,-0.0179980387431816,0.0198483248507356,-0.0735416273513164,1,0.0737197055123911,0.266029163871762,0.0937854318703129,-0.0624007631227046,-0.124955514688474,-0.0824353581907847,-0.0295242626145359,-0.0157284032013866,-0.0802927663560605,-0.0548997514388921,0.112054667366276,-0.00960748644150925,-0.092602933961181,-0.0644724005255877,-0.0526455304569996,-0.00481821657987372,-0.00770219801290796,-0.0441997311100678,-0.201620805952146,-0.127382896595876,-0.122842711677931,-0.247371063037597,0.153718047411167,0.0173410574464898,-0.106043849642084,-0.211410481876197,-0.0273787071099929,0.0273398747975874,-0.0481410282117305,0.00223938714096181
"29",-0.0933484510199852,-0.101959957048616,-0.111971798438966,-0.0582599960830901,0.179612120146728,0.14423829512607,-0.00275013611655112,-0.203211193456531,-0.0305512259274033,0.0344525802620205,-0.277729975835036,0.0322514495231903,-0.141131661815063,0.24785816165208,0.150569915877088,0.00365449236058712,-0.0006075478397435,-0.0183285092721896,0.155908903456455,0.312982001189356,0.153397814548228,-0.187852183143947,0.00268857491323082,0.24493852020386,0.0105497490656948,0.0132766681085367,0.173666475381323,0.0737197055123911,1,-0.0656024933902493,0.0994497189613169,0.0181667402331723,0.0419821371578143,-0.0728907978075373,-0.130611783897784,-0.236278630747601,0.122578763585121,-0.102467958877334,0.0618514442008686,0.0436472825238682,-0.240004486087364,-0.146042712136599,-0.110811154178042,-0.0905149231178154,0.0849694377563285,0.0235335072615736,0.0380086568348448,0.0593284107929212,-0.126541229501281,0.0477197120724733,0.0912112581911506,0.113642899627735,0.151122439209377,0.00433465295098728,0.00841280806510745,0.0568242393418251,0.0393194836841538,-0.152096513806487
"30",0.0127675283101591,-0.0452087365802635,0.173221407321622,0.07763693736937,0.0375474096729919,-0.0220390889747027,0.0422863108216506,-0.318686343727557,0.0895503399924264,0.0405007591289703,0.138751674141932,0.0782064789507418,-0.112349633143788,0.0873312774365573,-0.0775037694749353,0.0178854092640058,0.137588926664123,-0.119019572312349,-0.0222566861941868,-0.106316134204536,-0.0532464442411983,-0.034964572380767,-0.15921030274178,0.078557485274128,-0.15579708228106,0.00036881352165691,-0.166369078129248,0.266029163871762,-0.0656024933902493,1,-0.0710273593514567,-0.121933621675317,-0.0953617968389859,-0.121249254004286,0.063191836372357,-0.144368927539504,-0.134124619429138,0.0194677144526886,0.263429345426265,0.123766205433085,0.0210555521398791,-0.027023370321229,0.084712143006253,-0.217797015052053,0.0321681413212285,-0.0877272820175228,-0.106024250975385,0.0501415291197594,-0.0768183258808623,-0.0835923772063015,0.0584156795405301,0.166154446535921,-0.356907768191845,-0.143924458849906,-0.0183789188758858,0.108567123038344,0.0832658699981049,-0.106808707551744
"31",0.0288265481059101,-0.0444999064944501,-0.0804149289163202,-0.0861075435021077,-0.0753702004849907,0.136259959084083,-0.107223986807402,-0.112221906175015,-0.0188543637201841,-0.0606241162184989,-0.087661263223107,-0.099036594065327,-0.0389268002900489,0.00534121923638728,0.118925746680569,0.0226173667526887,0.0631484079835587,0.0927644052952957,0.289170641746678,0.0789342938417675,0.0587533095702764,-0.0640138547355394,0.141258240608377,-0.0864725250786392,0.0046774490159576,0.017067965933753,-0.0111546480075719,0.0937854318703129,0.0994497189613169,-0.0710273593514567,1,0.0560621096574544,0.0405445683130969,0.0722292332831629,-0.13306368739658,-0.0544979614595323,0.162638126360788,0.00583817605627413,-0.0203870943787006,-0.133749757925176,0.115912512049896,0.0794857004775911,-0.102322829425143,0.0768840389020738,0.0292065642424575,-0.0464527089633381,-0.017004834272147,-0.102078133290485,-0.0838729143692636,-0.0179169671085459,0.243236995209977,-0.13373774860732,0.151040604430801,-0.00703052816660569,-0.123926012388758,0.033729770069379,0.0475852378216327,0.0493276149236074
"32",-0.0333525397041899,-0.0353848622938707,-0.184120175544736,0.00254179770094158,0.0588463445141734,0.253665556727934,0.00295298002917233,-0.0859496632026458,-0.192047546088102,-0.0797927603357017,0.0116862113426377,-0.244418845432956,0.0765265305829649,0.0464129142351586,-0.11568537223492,-0.0130042325267738,0.166201720465985,0.224751828190919,0.0321201368694235,0.311657008507793,0.0989183615719728,-0.0337012279225086,0.0240569085582546,-0.157499970888798,0.0783572769454604,0.175527430444891,-0.0746799427880534,-0.0624007631227046,0.0181667402331723,-0.121933621675317,0.0560621096574544,1,0.0085618049468385,0.111400285242598,0.0698738407161732,0.0224567591875805,0.191332034423266,0.0138749867027739,-0.00332016214751658,-0.0753759055179856,-0.0434324769196302,-0.0801748633538785,-0.035004788114601,-0.115174341210543,0.0518353936836465,0.142726987007746,0.00596268129787328,-0.112020662295052,0.102560252487373,0.0277032759312019,-0.0597704589057246,0.0579235825203768,0.028010809462431,0.154414197635564,0.131184763270392,0.14195052800821,-0.0521266048951374,-0.0347921494990365
"33",0.00748440949690587,-0.076756003863727,-0.148821814912289,0.0619474736249177,-0.0369725900253448,-0.0361286084214054,-0.233620837195597,0.155098149571054,-0.263132795169872,-0.144746812602366,0.0403906528860518,0.0396810755468275,0.0320837196030964,-0.100778046246742,0.0226161553929173,0.0777330783453186,0.0118879333020869,0.0182687733592033,0.126709766998265,-0.072598005761796,-0.0460667081136023,-0.00246207151910206,-0.0460836426236763,-0.176759721793995,0.0397873590952757,0.101361148074891,-0.0288935253695717,-0.124955514688474,0.0419821371578143,-0.0953617968389859,0.0405445683130969,0.0085618049468385,1,-0.164171540269127,0.0401237666812029,-0.00988041815542619,0.192182203259288,-0.0479867756675164,-0.046398153823703,-0.125903298244912,0.0374522754704055,0.016509339778721,-0.0738324286914625,-0.175712192490851,-0.01003393900793,0.135609580059365,0.099321572585885,-0.108901684142806,0.190897188181915,0.0189581293902742,0.0513693700092999,-0.196847097944704,0.085133671331455,-0.0292895109170902,-0.0729983536833578,0.00369752704050214,-0.096765729456682,0.108761943475792
"34",-0.290301015778019,0.0126846968842583,-0.0260864126369279,-0.0749190190212229,0.036555987179254,0.0908567920521428,0.0875342358817048,0.0113907413351936,0.0296634494284402,-0.0831223107862792,0.0159594112154844,-0.0949559465034474,0.0825337059202532,0.00656973026099698,0.125392659818199,0.0899980164576316,-0.169925412798751,0.0756570104038951,-0.0285864770904381,0.00784981755993149,0.0456257366938648,-0.00312959607715245,-0.100458985009284,-0.112165795488097,-0.00212041865452681,-0.108667268062916,-0.0122319102507581,-0.0824353581907847,-0.0728907978075373,-0.121249254004286,0.0722292332831629,0.111400285242598,-0.164171540269127,1,-0.227842966548848,0.0204350501105837,-0.00073347813125588,0.127950846018872,-0.0107725627927047,0.308051469494501,-0.0303579222482827,0.0861992411898109,0.0126211866109953,0.136258373060947,0.0841915373873837,-0.00232383379420913,0.128215336062285,0.223998054443716,0.0171044002867012,0.139671490155363,-0.0805060110688344,-0.07941200783095,-0.00433588450927889,0.00801488500676596,-0.104263171106506,-0.217545150629517,-0.135584285042117,0.0714135451614854
"35",0.224416377985637,0.0426192672965226,0.075124738820904,0.135690537043379,-0.00473967010791424,-0.302185106203764,0.113804310360434,-0.0619085827938796,-0.0305798451287941,0.0369019928132604,0.0985862492998476,-0.0228733730896979,-0.0912874353187501,-0.175348480651878,-0.276216106055741,-0.021025324936502,0.0720127843352751,0.117271988046806,0.00709104009978555,-0.0126347534196125,0.226608977721691,0.0223646722356459,0.0965154172982563,-0.170411719364501,0.0164908374408996,0.0310584602038778,-0.149883357921766,-0.0295242626145359,-0.130611783897784,0.063191836372357,-0.13306368739658,0.0698738407161732,0.0401237666812029,-0.227842966548848,1,0.187289761974178,0.19252920813349,-0.0358751073379296,0.0734663487504452,-0.0341938496255806,0.128429576237438,-0.0229287498682176,-0.0630773653533238,-0.107763841169696,-0.0136704865944157,0.0493346979705368,0.208206717632654,-0.104213084966511,-0.00084734725428334,-0.0911487169900175,0.0988007667425895,0.0707221691166414,-0.0606659195721377,-0.00156529343344251,-0.07962699574828,-0.0986977404100822,0.100957166503013,-0.20887250569905
