"","l_Insular.Cortex","r_Insular.Cortex","l_Amygdal.Area","r_Amygdal.Area","l_Bed.Nucleus.of.the.Stria.Terminalis","r_Bed.Nucleus.of.the.Stria.Terminalis","l_Hippocampus","r_Hippocampus","l_Orbitofrontal.cortex","r_Orbitofrontal.cortex","l_Entorhinal.Cortex","r_Entorhinal.Cortex","l_Frontal.Association.Cortex","r_Frontal.Association.Cortex","l_Globus.Pallidus","r_Globus.Pallidus","l_Glomerular.Layer.of.the.Accessory.Olfactory.Bulb","r_Glomerular.Layer.of.the.Accessory.Olfactory.Bulb","l_Glomerular.Layer.of.the.Olfactory.Bulb","r_Glomerular.Layer.of.the.Olfactory.Bulb","l_Granule.Cell.Level.of.the.Cerebellum","r_Granule.Cell.Level.of.the.Cerebellum","l_Hypothalamic.Region","r_Hypothalamic.Region","l_Entorhinal.Cortex","r_Entorhinal.Cortex","l_Vermix.Molecular.Layer.of.the.Cerebellum","r_Vermix.Molecular.Layer.of.the.Cerebellum","l_Lateral.Molecular.Layer.of.the.Cerebellum","r_Lateral.Molecular.Layer.of.the.Cerebellum","l_Anterior.Olfactory.Bulb","r_Anterior.Olfactory.Bulb","l_Posterior.Olfactory.Bulb","r_Posterior.Olfactory.Bulb","l_Subiculum","r_Subiculum","l_Perirhinal.Area","r_Perirhinal.Area","l_PreLimbic.System","r_PreLimbic.System","l_Primary.Cingular.Cortex","r_Primary.Cingular.Cortex","l_Primary.Motor.Cortex","r_Primary.Motor.Cortex","l_Retrosplenial.Cortex","r_Retrosplenial.Cortex","l_Secondary.Cingular.Cortex","r_Secondary.Cingular.Cortex","l_Secondary.Motor.Cortex","r_Secondary.Motor.Cortex","l_Striatum","r_Striatum","l_Ventral.Tegmental.Area","r_Ventral.Tegmental.Area","l_Substantia.Nigra","r_Substantia.Nigra","l_Thalamus","r_Thalamus"
"1",1,0.090494032484373,0.180666234886582,0.0975503259944717,0.0444094307275828,-0.0225732047048611,-0.0250759686616167,0.197650449843178,0.0711085155643564,-0.00619236047728307,0.270920298969561,0.1004241122947,0.0139770941996416,-0.127633018716426,0.167635502714017,-0.185964648069898,-0.119867335622882,-0.0291461744871257,-0.143760820980392,-0.133918971925273,0.0348945595164974,0.0980725121291985,0.0222063275804087,-0.0287517436417462,0.0513776810117036,0.0358375134930132,-0.0223917182376222,-0.0299596789661862,0.198622231348037,0.0749771999555572,-0.239317718227367,-0.307261991101785,-0.063504929182222,0.0751588031640703,-0.00335995914678702,-0.0456868169670651,0.160850967954318,0.15700944173698,-0.0482992115342787,0.0360813671333747,0.0767903055227234,0.131992315834156,-0.0147828350835469,-0.102924407850955,0.0389203161512909,-0.209196644042124,0.0856525397369599,0.0975399537271742,0.0402694150413572,0.0149634661446864,0.108738952132602,0.235686209900295,-0.154571953019498,-0.089476196392988,-0.150943134508541,0.181444384318707,0.0109159026617075,-0.0324218045812919
"2",0.090494032484373,1,-0.064002698440407,0.0227809997699276,0.110395332686022,-0.104043333116601,-0.242596934451419,0.0769289138189596,-0.0495978766328455,0.132811863561261,0.121808785554868,0.201837601478046,0.0770954750017628,-0.0962766366797194,0.0871891513830241,0.13114341661972,-0.301921685122901,0.116309228357045,-0.0599244341209196,0.0546897423292505,0.0910060559823426,0.0322102639160677,0.0447741511058779,-0.0487521617088349,0.00541958901174595,0.181455447998965,0.0514015767801422,-0.180051456827525,-0.00423803605459047,0.0904756139367631,-0.0108713927882389,-0.0350040738149359,0.0824970368597966,0.0416026224037531,-0.0832114827343186,-0.18284258348278,0.00034297379537315,0.055849456117694,-0.0621210523290405,0.0077613321266756,-0.181798485128689,0.00648204032750313,-0.193155123516692,-0.0826721399814486,0.12620836464916,0.138688076906115,-0.127220057608602,0.00867506300248021,-0.141394180237555,-0.0716800177663108,0.121837140619971,0.0491079005578465,0.0496409464401541,-0.0252886013773998,0.165446241910112,0.0430720576217245,-0.063429036081559,0.134572460818661
"3",0.180666234886582,-0.064002698440407,1,-0.0328437717134072,-0.0480778032561394,-0.0380723486896149,0.0973012345231143,0.0634746223670639,-0.173431395434055,-0.0421051206571693,0.0598787036967782,-0.0259618726276157,-0.218202066709938,0.0032678909608391,0.107041719637415,-0.134734079356313,-0.0593559686129343,-0.193967733032588,0.0873481809959683,-0.050961068191855,-0.0492488670255262,-0.0363329757778872,0.0228752590289884,-0.119521454065105,0.287583662873553,-0.102543821027324,0.147937478968181,0.0272689015066999,-0.0330658023249105,-0.122833154852564,0.0120756432470527,-0.0332826781803306,-0.136130132281718,-0.126122152072139,0.158255726729597,-0.0715870384915409,0.00937582257200408,0.0141256186890244,-0.178788614213522,0.0890909508157087,0.0163430393323322,-0.0697535548894201,-0.214063420940652,-0.139191079455348,-0.20101346968885,-0.0319575266353737,0.0238551434555596,0.114220861567785,-0.0747558219117967,-0.0193953613604029,-0.0518564655327174,0.198774787175869,-0.0306082587052974,0.027211703015592,-0.132137097654377,0.12703838818123,0.0588236429887154,-0.0575887423921118
"4",0.0975503259944717,0.0227809997699276,-0.0328437717134072,1,-0.00610667561258544,0.0422852242334221,-0.103514990138463,0.0921235960914583,0.105892570483152,0.258731692917505,0.100214313147176,0.040176571223454,0.0823533529980713,0.0446107116645576,-0.185245382535313,-0.122246528419752,-0.141875313837218,-0.13426803444996,-0.152629971694,-0.0176033902222595,0.211606130404188,-0.174686880362799,-0.224467560700819,0.111559405077668,-0.0538744719890735,0.0652543185388875,-0.128253705326703,0.0612053129106217,-0.0520036442011958,-0.0534799694036823,-0.132698134704595,-0.130499975891445,-0.00427189772530145,0.149275790293796,-0.122150467641586,-0.0571171223463173,0.159188117168583,0.00121525384749538,0.0407031824439412,0.101438847259525,-0.164102455952325,-0.108525124389884,0.0183818280321691,0.123107532690783,0.100479702200141,0.0471391525271952,-0.0867583020232512,-0.104188082844392,-0.0289144341778491,-0.0584300306711946,-0.157579683511425,-0.0525763241736951,-0.0401640189771591,-0.010868360767017,0.0386623447262836,-0.0383231877478338,-0.211162764282001,-0.115627419947154
"5",0.0444094307275828,0.110395332686022,-0.0480778032561394,-0.00610667561258545,1,0.0750262101824803,-0.130691502979913,-0.077488710746636,-0.0269361428613078,-0.099496298257526,-0.0300218138545759,-0.0769566083209582,0.153473762246244,-0.0387075207257928,0.0207448072109499,0.114736902672239,-0.119219670891223,-0.0930312209574123,0.138432268132992,0.0959717884797784,0.0758113405948534,-0.0109251473342584,0.131228641227752,0.0608899448357078,-0.0802654447212371,0.0537145917472952,-0.0215081920942645,0.121036417503468,-0.221657582020341,-0.116378771394764,-0.060291315759782,-0.0797508694717958,0.00626977644140016,-0.0641768767341425,0.0850490327194549,0.122016792971904,-0.0120679130118101,-0.0905135355969679,0.00222926264569697,0.00572704177561597,-0.0984035425160604,0.0362422265776183,0.00797316383589189,0.00163152502838253,0.0394988858818999,0.031457784395703,0.189684748893181,0.0467741293099522,0.068650918284307,0.191794198511939,0.100556113412059,0.0270582887470111,-0.153115358555152,-0.133086733363815,-0.182656373213585,0.0149625253455989,0.0985479304643369,-0.0377603093333527
"6",-0.0225732047048611,-0.104043333116601,-0.0380723486896149,0.0422852242334221,0.0750262101824803,1,-0.146681730910783,-0.23324090210148,-0.142455484468642,-0.0369594776045409,0.0605998192347278,-0.0106911137659872,-0.113587584383579,0.159693890283624,0.0252557433919515,-0.0476693604508208,0.155001421448518,0.0545879908870274,0.165792683639721,0.0387914814159664,0.0572760154821098,-0.0882709366376666,-0.0979867693595629,-0.112774056150545,0.270903470088892,-0.020215483576477,0.0916010163562054,-0.00194664932758802,-0.135918948622358,-0.00091744392150402,0.125461193316394,-0.0723610191630529,0.0494632311927592,0.0522457562646799,0.0829594280208146,0.0836877224898282,-0.0881549826256048,-0.00308597179016115,0.056972913455046,0.197838719628825,0.0922630612429858,-0.0229287401806007,-0.0403179175458211,0.037381842679064,0.0508067335206112,-0.0283079573348792,0.0977074150849458,-0.226918518891695,-0.0831581983980752,0.139471549901302,0.034027343720474,0.0344463746857943,-0.0416931351816913,-0.0765962897915978,0.0817594727364932,-0.0268517848286372,-0.0575124695486054,0.0163355929050261
"7",-0.0250759686616167,-0.242596934451419,0.0973012345231143,-0.103514990138463,-0.130691502979913,-0.146681730910783,1,-0.0539759686267505,-0.169156418509372,-0.00013660822571439,0.0268720581038115,-0.163667500948057,-0.123950062549337,-0.275740052583686,-0.0973332755898432,0.00257243588316771,0.204005564391277,-0.113006755376156,-0.030619764821588,-0.109790415992418,-0.163873222506352,-0.196780361598713,-0.0575960457417478,-0.167097245143271,-0.0267151430242453,-0.148574572289561,-0.0801672954571013,0.133831684083044,0.12764034018101,-0.129784114035679,-0.166893985207697,-0.132850268861498,-0.222419679384776,-0.180706164746818,0.362636728351473,0.0909679771885067,0.0159932021306813,0.00293635075002136,-0.0825817949334279,-0.168367817775941,-0.0368597634745246,-0.00768469905880401,0.14468722650255,0.119807657601263,-0.181132201511102,-0.189914553603409,-0.0270980113268292,0.133717082939244,-0.00703498372241031,-0.121371299936502,-0.010871627842945,-0.106317212604735,-0.0471788950257266,0.108001219365878,-0.0315482620261694,0.0774214108491167,0.0855816814178438,0.0958986310356164
"8",0.197650449843178,0.0769289138189596,0.0634746223670639,0.0921235960914583,-0.077488710746636,-0.23324090210148,-0.0539759686267505,1,0.038169478862423,0.215951415146488,0.0433573838585296,0.149046697376343,-0.0785018688263386,-0.130891301195117,-0.0854985518504434,-0.0101926823911791,-0.100651214498151,-0.0390424548096112,-0.155901630055908,0.121466914514797,0.0419271358958233,0.151404708760745,0.0435896896996643,0.0248425403368232,-0.0452969393673847,0.123875535767467,-0.0735654097679872,-0.13265576157688,0.0524443584836258,0.0855345736896556,-0.0759467902858143,-0.0690991741718954,-0.142615457316982,0.103570156512053,0.0051588621734919,0.0754757262227518,0.206166945892135,0.203406765430837,0.0564425180918085,-0.205000273639369,0.136062109327724,-0.0383093180642114,0.114424886511319,0.10620624701749,0.0201040795435732,-0.120819460580624,0.0450406961671401,0.0641956612367322,0.0991055789179986,-0.0322814088423145,-0.133804866510975,-0.0273924571819425,-0.0510222708049718,-0.0474511599594729,0.0778354332788215,0.13496840053948,-0.0313511966485131,-0.0727617443730831
"9",0.0711085155643564,-0.0495978766328455,-0.173431395434055,0.105892570483152,-0.0269361428613078,-0.142455484468642,-0.169156418509372,0.038169478862423,1,0.173326476621303,-0.0458946223058858,0.0738618721421238,0.24233716140955,0.127548078719433,-0.0589108615270284,-0.0372458286694013,0.138424263672467,0.0110355890820114,-0.093948137280108,0.077295534610917,-0.0600363921381681,-0.0682744333756412,0.202490024249365,0.263207553294516,-0.0875427619742059,0.0768164720378829,0.0700607052417151,-0.0415871493037617,0.18284013380581,-0.181302136888334,0.0108776248559,0.101948731024756,-0.0286722740157136,0.180048397535249,-0.175013620049017,0.0670638132897809,0.0588343081216958,0.0681097401294977,-0.00566208667073777,-0.0996081483729126,-0.0661453346430898,-0.00839672312454942,0.0777884995508206,-0.161601586753978,0.0533406442062947,0.00383739232493821,-0.0349356380277505,-0.054255366012489,0.0611739729184174,0.147587591158536,-0.163450320896662,-0.0804385441499053,-0.118221040336661,-0.0386807004142401,0.0563478427048102,-0.0283722921561492,-0.0875861316405194,-0.219279876625783
"10",-0.00619236047728307,0.132811863561261,-0.0421051206571693,0.258731692917505,-0.099496298257526,-0.0369594776045409,-0.00013660822571439,0.215951415146488,0.173326476621303,1,-0.0852574490641202,0.0645927927123088,0.00458586344466867,0.20359377307477,-0.218355271983338,0.146043987853602,-0.067020369675181,0.0358113915145924,-0.0428031750296706,-0.128094032113136,-0.124002446057839,0.00946393126463559,-0.0652862059462581,0.017746404499479,-0.0544447721764199,0.222651312176293,-0.0621212311018251,-0.28930598955017,-0.109920065414254,-0.00035959981992194,-0.0680795495341966,0.116196387306335,-0.0261284709552867,0.0725025306020863,-0.0250363498798438,-0.0464276365841248,-0.0124329643026341,0.0684067423481307,0.0652331974188304,0.0423639553390684,0.092349271307653,-0.029194055748532,0.12558042386198,0.408851868611298,0.084561124103055,0.0459720755099943,-0.0348415964789292,-0.0429660023540676,0.108208575417523,0.20712570836904,-0.184340952924198,-0.0870948591935392,-0.0450504427841362,0.0604323469216033,0.122373705983101,-0.0887263369052443,-0.24093805569941,0.107839308751658
"11",0.270920298969561,0.121808785554868,0.0598787036967782,0.100214313147176,-0.0300218138545759,0.0605998192347278,0.0268720581038115,0.0433573838585296,-0.0458946223058858,-0.0852574490641202,1,0.0942343824249589,0.0882080980492825,-0.190979069225562,-0.0157714838392285,-0.170665345262685,-0.0914158776682965,-0.00763704837966118,-0.0970482118179521,1.32154892917358e-05,-0.0185467962413603,-0.0107653367735692,0.0847748860233662,0.224813260628382,-0.169038943912178,-0.11167091738576,-0.138551387059518,0.0124566161497363,0.188668494747865,0.0605335248914101,-0.103440183019399,-0.21929860490343,0.132076411026608,0.0803281991215805,-0.0259830773850437,-0.170692570530494,0.0231162637376412,0.17467580459938,0.029348445897247,-0.17402679039985,-0.238197522787144,-0.186472286470893,-0.149158613270858,-0.0787819489875809,-0.0764393997185036,-0.00901041566239192,-0.0254716032550995,-0.0270631870038435,-0.129491371258346,-0.0811210355971224,-0.0629507143563267,0.0211610461103327,-0.204572047889922,-0.0569941095473408,-0.0400452380184883,0.0297529475252784,0.0298816714816431,-0.0906828622326662
"12",0.1004241122947,0.201837601478046,-0.0259618726276157,0.040176571223454,-0.0769566083209582,-0.0106911137659872,-0.163667500948058,0.149046697376343,0.0738618721421238,0.0645927927123088,0.0942343824249589,1,-0.0938034863657689,-0.20820690731595,0.0577980704091252,0.045954735367484,0.0345127507804644,-0.0600370389301711,-0.122395881312579,-0.122265019903897,0.0468529696820646,0.0746851352681408,0.0311809800134265,-0.131932395676111,0.163009415525086,0.176411826666559,-0.0302323758679627,0.00905848496194883,0.121202616252014,-0.0352590572670723,-0.0773418169025887,-0.101176122429047,-0.0608772282351858,0.105130033468634,-0.190479985017032,-0.0785219618890701,0.117797381769805,0.0956799342206576,-0.0224635440826274,-0.137639935827776,-0.089885793755171,-0.106915550271643,-0.0408443976168006,-0.120370979268967,-0.176229183674336,-0.0379499748563628,0.0734325541019935,0.117459388801601,-0.061757097132239,-0.180271455091727,0.00835568849502525,0.00854863088572044,-0.0344673915656425,0.0162074752909055,-0.0355271938120839,-0.142321716645295,0.0123491948697803,0.190071756136902
"13",0.0139770941996416,0.0770954750017627,-0.218202066709938,0.0823533529980713,0.153473762246244,-0.113587584383579,-0.123950062549337,-0.0785018688263386,0.24233716140955,0.00458586344466867,0.0882080980492825,-0.0938034863657689,1,0.113088331728036,-0.217907312179125,-0.00307204775841328,0.0487759072010229,0.194739110396929,-0.0995210700180094,-0.144420819026525,0.117167857797012,0.0264706282548486,0.294383258082861,0.330778903240092,-0.0966468499965406,-0.0310557064026159,-0.0370980094549584,0.0621582288275417,0.0542102227521612,-0.193047841130452,-0.072784956564463,0.0159839692893477,0.141466227041741,0.0384145225897175,-0.0552896579243537,-0.13590192629343,-0.0458881475896859,-0.0333357445942917,0.0860148681215525,-0.0431728699799247,-0.0479341615838275,-0.0141789206794152,0.237931770309964,-0.0428394803813807,0.0473021530464447,0.191277745650534,-0.221069556337062,-0.017797377335705,0.298178308512128,0.0688095384648117,0.0123684027223681,-0.0721567911062888,0.051135943048107,-0.0418225805674608,0.130339741732916,-0.0668016656301401,-0.136524683288714,-0.33993436917069
"14",-0.127633018716426,-0.0962766366797194,0.00326789096083911,0.0446107116645576,-0.0387075207257928,0.159693890283624,-0.275740052583686,-0.130891301195117,0.127548078719433,0.20359377307477,-0.190979069225562,-0.20820690731595,0.113088331728036,1,-0.197119555011921,0.0859205002606766,0.0546028650792161,0.206250549687957,0.0204189813057461,-0.142633281721205,-0.0632216502814725,-0.0473000337392801,-0.161793687610312,0.104531865517712,-0.0230162723288072,-0.150996698428411,-0.0267991578121962,-0.0866100582847715,-0.135467838786618,0.0251985686938927,0.0709940201484235,0.214750011108071,0.0418620906769974,0.165113179359804,0.0108716606745998,-0.0857004334870497,-0.203612662651672,-0.0847547401072602,0.0310555227089379,0.0318476122779007,0.0560825745339865,0.185024661181298,0.0371648440382278,0.0954161745681122,0.00445895021446198,0.101676525915976,0.0609450943921521,-0.153003597281942,0.0263439033783964,0.486861876001458,-0.0662384832546227,0.0193899148970839,0.0818919041775689,-0.040296822979731,-0.0671557729130653,-0.00907053133696604,-0.0785958777336689,0.059994457213075
"15",0.167635502714017,0.0871891513830241,0.107041719637415,-0.185245382535313,0.0207448072109499,0.0252557433919515,-0.0973332755898432,-0.0854985518504434,-0.0589108615270284,-0.218355271983338,-0.0157714838392285,0.0577980704091252,-0.217907312179125,-0.197119555011921,1,-9.79056943914135e-05,-0.0912183524580981,0.0165967673754369,0.141240150743654,0.0353729811276694,-0.0301430120435447,-0.0754485328994329,-0.0479847522919318,0.00301916407791521,0.0840155778841904,-0.0477497244719042,0.0136280023904381,-0.0937396081869824,-0.0600128431233508,-0.0320025299518579,0.217901495693379,-0.00597635608190116,-0.0794873098584757,-0.0836355577752694,0.0108817027973006,-0.0102704459728364,-0.0428423537409144,-0.0525084837036128,-0.0325029043434358,0.0831911682704927,0.0140650021423007,0.0303254076647879,-0.120654032116728,-0.0315926682548186,0.107315776392337,-0.154226884760923,0.106290797584187,0.0291960677011584,-0.124227528516616,-0.130859166593343,0.259641897855738,0.101694125151763,-0.0146367003559045,0.0185378002659311,-0.00536503324041364,0.00572426154279489,0.313369885234705,-0.00389405831824022
"16",-0.185964648069898,0.13114341661972,-0.134734079356313,-0.122246528419752,0.114736902672239,-0.0476693604508208,0.00257243588316771,-0.0101926823911791,-0.0372458286694013,0.146043987853602,-0.170665345262685,0.045954735367484,-0.00307204775841328,0.0859205002606766,-9.79056943914135e-05,1,-0.0319093313841236,0.0012253169279862,0.0685388935196077,0.0778313535842125,0.172890175580424,0.0589597614342989,0.0788580955197365,-0.0579806055747613,-0.0236099026438745,-0.0545380180508706,-0.0358325061717237,-0.0858618348224724,-0.0786301043147337,-0.0807825114782741,0.0283448615813847,0.118893954778224,0.183418337272888,-0.109838567551545,0.126045315401708,0.0442431131571066,0.0427036079090533,-0.087897134224582,-0.0697538291019161,-0.131846876083239,-0.0839225031680287,0.0801431934574029,0.196290041493077,-0.0382746289923168,-0.133855503079717,0.017575283231714,-0.0411921639318271,-0.0531748616628578,-0.0616604640166728,0.111971179725834,0.0465219441253941,-0.150129301452441,0.0335005771524083,0.165443599723941,0.134451012238832,-0.166075755451442,-0.0885670384558174,0.0731582357370197
"17",-0.119867335622881,-0.301921685122901,-0.0593559686129343,-0.141875313837218,-0.119219670891223,0.155001421448518,0.204005564391277,-0.100651214498151,0.138424263672467,-0.067020369675181,-0.0914158776682965,0.0345127507804644,0.0487759072010229,0.0546028650792161,-0.0912183524580981,-0.0319093313841236,1,-0.016527255468738,0.0445909186891487,-0.168524990039547,0.0178400681342738,-0.143661323199123,0.0941407891310203,-0.0120031488750171,0.0382106303437437,-0.0478473828950114,-0.0555820283592156,0.0187302099752279,0.0348558661572862,-0.271663472183486,0.108111213828461,-0.0665844484471437,-0.0457206956346043,-0.069867158825094,-0.0486064690346685,-0.0962543211972818,-0.0158377559392183,-0.024482526342798,0.169541537144814,-0.0445781466691244,0.113809811970919,-0.0768830193050609,0.287974476649874,-0.0882806277735995,-0.13832620438859,-0.00448225080252301,-0.0253683710381844,-0.160834488744541,0.316169645477163,-0.0516679755312066,0.0199306744662605,-0.149759926162574,-0.0142828195196696,0.0256190468980398,0.192215444360059,-0.15999849510808,0.0580675669229553,0.100441761040751
"18",-0.0291461744871257,0.116309228357045,-0.193967733032588,-0.13426803444996,-0.0930312209574123,0.0545879908870274,-0.113006755376156,-0.0390424548096112,0.0110355890820114,0.0358113915145924,-0.00763704837966118,-0.0600370389301711,0.194739110396929,0.206250549687957,0.0165967673754369,0.0012253169279862,-0.016527255468738,1,0.0335376637529025,-0.131311659759317,0.0160710791816923,-0.0890304784044821,-0.0419174215563152,0.0188225949354341,-0.109255610936052,0.191090505002265,0.208853458137138,0.120872701324133,-0.0708681160802463,-0.0228152379796888,0.0521879984212519,0.222287756552022,0.174818806772375,0.207550207118272,0.0361823633362691,-0.0692218142597617,-0.142586901634682,0.0667364836876137,-0.0466060652067751,-0.0550211552839512,0.0405611518947843,0.0498022443062235,-0.0300139359169735,0.0750738807995175,0.0298802057319998,0.130935404078203,-0.0683436512533732,0.0167858815338148,-0.0216422598835215,0.302985741511814,0.118864361489528,0.0730016836379689,0.186778177157051,0.0122482691929345,0.0948401996387582,-0.0542517938181999,0.0106790745863381,0.0591400686225312
"19",-0.143760820980393,-0.0599244341209196,0.0873481809959684,-0.152629971694,0.138432268132992,0.165792683639721,-0.030619764821588,-0.155901630055908,-0.093948137280108,-0.0428031750296706,-0.0970482118179521,-0.122395881312579,-0.0995210700180094,0.0204189813057461,0.141240150743654,0.0685388935196077,0.0445909186891487,0.0335376637529025,1,0.181918106372062,0.118099778379077,0.119605675251764,-0.0111697773401892,-0.0316330857408484,-0.126782114520128,0.108727509882265,0.044356195576153,-0.0479633230219533,-0.163890333164958,0.091977021905281,0.386257074238079,0.36751367939642,-0.0150105584269952,0.0812860919494558,0.0312228053629379,0.013569605910354,-0.154645831151927,0.0908780129726099,-5.46029667527031e-05,0.048200209580598,0.0112665346194284,-0.216728581702962,0.0378313074531356,0.104319279527011,-0.0558507299765961,0.201237832673649,0.112032247016868,-0.144472173084964,0.0589702039158832,0.0720722869625904,-0.0165940855284409,-0.0742607040250969,-0.19236210128681,-0.18588203156587,-0.166829624369649,-0.0775376269792583,0.0278589089692383,-0.0625909202160438
"20",-0.133918971925273,0.0546897423292505,-0.050961068191855,-0.0176033902222595,0.0959717884797784,0.0387914814159664,-0.109790415992418,0.121466914514797,0.077295534610917,-0.128094032113136,1.32154892917358e-05,-0.122265019903897,-0.144420819026525,-0.142633281721205,0.0353729811276694,0.0778313535842125,-0.168524990039547,-0.131311659759317,0.181918106372062,1,0.145998096795604,0.0998603622628911,0.0386840671409081,0.127079779957827,-0.128884889511307,-0.191622277593447,0.127899495459427,0.174698818528713,-0.0411987242688047,0.102425989044796,0.151585823326717,0.120628816673903,-0.0443071760500865,-0.0379529970889274,-0.0831030185842615,0.206711464180479,0.208492862069932,0.0713477910108318,0.0250409078174082,-0.024270140328882,-0.110178711550796,-0.151187898702648,-0.0432737318004706,-0.222171957383044,0.0649733565747674,-0.00569928576595642,0.052819607131757,0.0403453055222662,0.0171573534927148,-0.0377161080560183,-0.147040583801623,-0.0685394299160143,-0.285609322224486,-0.126721705367681,-0.0837059651853461,0.0133785299421713,-0.0867415159185152,-0.143920396723572
"21",0.0348945595164974,0.0910060559823426,-0.0492488670255262,0.211606130404188,0.0758113405948533,0.0572760154821098,-0.163873222506352,0.0419271358958233,-0.0600363921381681,-0.124002446057839,-0.0185467962413603,0.0468529696820646,0.117167857797012,-0.0632216502814725,-0.0301430120435447,0.172890175580424,0.0178400681342738,0.0160710791816923,0.118099778379077,0.145998096795604,1,-0.0947258819041595,0.0484666583570652,0.0724675531270901,0.0301357856583995,-0.089467639461438,0.0190103116578758,0.0751368707620607,0.0417524072664604,-0.155414175069838,0.0634828751004058,0.0871896575034425,0.121622231057674,0.043766411158137,-0.108422178336761,0.11369574710233,0.094420400360312,-0.0214245106545998,0.152046620400278,-0.00278288250130877,-0.181451581663677,-0.0185999527719352,0.116370232557127,-0.119100410739072,0.0366150287073791,0.00888199812049843,0.0525152945127834,-0.11720351220758,0.0280956550527573,-0.125106855803919,-0.0357029717746184,-0.103124973239214,-0.0775082007444822,0.0388400091585668,0.030436630938069,-0.106344220435919,-0.141579302335798,-0.150563284799014
"22",0.0980725121291985,0.0322102639160677,-0.0363329757778872,-0.174686880362799,-0.0109251473342584,-0.0882709366376666,-0.196780361598713,0.151404708760745,-0.0682744333756412,0.00946393126463559,-0.0107653367735692,0.0746851352681408,0.0264706282548486,-0.0473000337392801,-0.075448532899433,0.0589597614342989,-0.143661323199123,-0.0890304784044821,0.119605675251764,0.0998603622628911,-0.0947258819041595,1,0.091323731968618,-0.0075943331130042,-0.129122838575722,0.0728741223205143,-0.116737120508188,-0.0388293191851017,-0.0368070586406666,0.27270958647448,0.092234707487877,-0.0967931783074414,0.173182912879955,0.0633179563803068,-0.0850545719690416,-0.136774376760644,0.0475527774774196,-0.038286058067384,-0.0351639124326407,-0.0807001803685802,0.0938672969332891,0.0749010391705653,0.109530450761671,-0.0293662879943726,-0.0896679315239775,0.139595977595399,-0.0328290704405259,0.043363239392058,0.0427463549891227,0.0153430158381773,-0.0480536913982035,0.0770100645137489,-0.085453552361587,-0.0368209310545441,-0.0339070606362632,-0.0819734242004921,-0.0922702147994488,0.0710674712105496
"23",0.0222063275804087,0.0447741511058779,0.0228752590289884,-0.224467560700819,0.131228641227752,-0.0979867693595629,-0.0575960457417478,0.0435896896996643,0.202490024249365,-0.0652862059462581,0.0847748860233662,0.0311809800134265,0.294383258082861,-0.161793687610312,-0.0479847522919318,0.0788580955197365,0.0941407891310203,-0.0419174215563152,-0.0111697773401892,0.0386840671409081,0.0484666583570652,0.091323731968618,1,0.388468159327697,-0.0634629855463454,0.104074084854444,0.172015388422562,0.0538679614036325,0.103801628623957,-0.155730476291132,-0.023806655724197,-0.0300246634865659,0.183665521017749,-0.0445286974345345,-0.118942566860838,-0.0930684139144729,0.124405376810105,0.0857634302366371,-0.0544325982550691,0.0077921081173594,-0.129211112243443,-0.0506266933541528,0.191288068439583,-0.25971382838663,-0.035214829043871,0.118684067208632,0.168531984866287,0.00676893405439632,-0.0334255002507677,-0.0585067409604476,-0.123630054201038,-0.0426335563898651,-0.00918759434629037,-0.0374945854354602,0.107180790478764,-0.0259717571553084,-0.0536422600610465,-0.120205050189718
"24",-0.0287517436417462,-0.0487521617088349,-0.119521454065105,0.111559405077668,0.0608899448357078,-0.112774056150545,-0.167097245143271,0.0248425403368232,0.263207553294517,0.017746404499479,0.224813260628382,-0.131932395676111,0.330778903240092,0.104531865517712,0.00301916407791521,-0.0579806055747613,-0.0120031488750171,0.0188225949354341,-0.0316330857408484,0.127079779957827,0.0724675531270901,-0.0075943331130042,0.388468159327697,1,-0.184012937711526,-0.0205777126799392,0.160063276344315,0.247356046464096,0.108366804236745,-0.0771292053717465,-0.0211390691726314,0.0738760937213871,0.160651779126653,0.0502509064647954,-0.173786932423645,-0.0472066413447764,-0.0587769689131914,0.003838038664853,0.0206876871798159,-0.0629631265593094,-0.0904908209178636,-0.131368034919392,0.0147947440355183,-0.128792993521021,-0.0295822589103403,-0.0104085343745198,0.104649342641788,-0.174561038299926,0.0923247736821433,-0.0134734555905003,-0.126945633492994,-0.0312501078077898,-0.0630249004746486,0.0114582383711217,0.139648631025576,0.0542408485717437,-0.204765984393415,-0.222096097445154
"25",0.0513776810117036,0.00541958901174595,0.287583662873553,-0.0538744719890735,-0.0802654447212371,0.270903470088892,-0.0267151430242453,-0.0452969393673847,-0.0875427619742059,-0.0544447721764199,-0.169038943912177,0.163009415525086,-0.0966468499965406,-0.0230162723288072,0.0840155778841904,-0.0236099026438745,0.0382106303437437,-0.109255610936052,-0.126782114520128,-0.128884889511307,0.0301357856583995,-0.129122838575722,-0.0634629855463454,-0.184012937711526,1,-0.0525114653581666,0.0602599455110792,-0.120557960154199,-0.0571376003225505,0.044250435524877,-0.328261864200529,-0.062056696372497,-0.202114020694111,-0.0756543614909928,0.0888701285329127,0.0390693438073606,0.0987810292725771,-0.00593807271924449,0.0258587807379477,0.203141384934142,0.135861876134342,0.00559068801769536,-0.047186733524808,-0.0380675544334964,0.176688772988241,-0.112755689915728,-0.0772308309612228,0.0653830267661318,-0.0973947135488748,-0.156491495825207,-0.012198421492355,-0.00071712069445008,0.173552879583054,0.102168117653948,-0.0456355409711242,0.217346875061602,0.112176855708725,0.16983835003132
"26",0.0358375134930132,0.181455447998965,-0.102543821027324,0.0652543185388875,0.0537145917472952,-0.020215483576477,-0.148574572289561,0.123875535767467,0.0768164720378829,0.222651312176293,-0.11167091738576,0.176411826666559,-0.0310557064026159,-0.150996698428411,-0.0477497244719042,-0.0545380180508706,-0.0478473828950114,0.191090505002265,0.108727509882265,-0.191622277593447,-0.089467639461438,0.0728741223205143,0.104074084854444,-0.0205777126799393,-0.0525114653581667,1,0.0937012811632776,-0.0614876610300346,-0.0443379794407873,0.157091057480261,0.0770168626307152,0.0789913948750461,0.134176886856161,0.124688959986905,-0.0847334483137654,-0.107873024845049,0.0153239040479989,0.23160486924417,-0.0958164338651916,-0.100277915854113,-0.0094382023334592,0.0476395099879056,-0.0938664329718373,0.129646493532126,0.106131638464897,0.129564032650878,0.00169626031928342,0.0283638513021942,-0.204961222524626,0.0984283447998004,0.102807154053359,-0.110659087792388,0.120283372084737,0.0135693230489303,-0.0111170533989647,0.0779290076757827,0.0711816960156791,0.0490806276353339
"27",-0.0223917182376222,0.0514015767801422,0.147937478968181,-0.128253705326703,-0.0215081920942645,0.0916010163562054,-0.0801672954571013,-0.0735654097679872,0.0700607052417151,-0.0621212311018251,-0.138551387059518,-0.0302323758679627,-0.0370980094549584,-0.0267991578121962,0.0136280023904381,-0.0358325061717237,-0.0555820283592155,0.208853458137138,0.0443561955761531,0.127899495459427,0.0190103116578758,-0.116737120508188,0.172015388422562,0.160063276344315,0.0602599455110792,0.0937012811632776,1,0.15259744813426,0.0845351562671501,-0.103261955221961,0.136335644581887,0.248246021536799,0.0705906094023572,0.141573284584345,0.0058880076461324,0.172788091150836,-0.0529187679359312,-0.0619354523869773,-0.104891071792819,0.0395478178297601,0.126537090381921,-0.0209940364190376,-0.275483831930695,-0.0935647350466581,-0.0842374434401307,-0.0540817097344058,0.0844199811727798,0.0726946618310765,0.0346599738656016,0.0132853650631721,0.0209525434522227,0.108809058376122,0.0772976002403559,-0.0218874731148295,0.13542397702006,-0.00986453826815815,-0.029011502906414,-0.138478127805135
"28",-0.0299596789661862,-0.180051456827525,0.0272689015066999,0.0612053129106217,0.121036417503468,-0.00194664932758802,0.133831684083044,-0.13265576157688,-0.0415871493037617,-0.28930598955017,0.0124566161497363,0.00905848496194883,0.0621582288275417,-0.0866100582847715,-0.0937396081869824,-0.0858618348224724,0.0187302099752279,0.120872701324133,-0.0479633230219533,0.174698818528713,0.0751368707620607,-0.0388293191851017,0.0538679614036325,0.247356046464096,-0.120557960154199,-0.0614876610300346,0.15259744813426,1,0.0521690594236168,-0.118378556095249,-0.020620724972262,0.0703907943139103,0.0646946833155066,0.0261965794744005,0.0882770289169608,0.00987927204934504,-0.103107013792518,-0.0678007898007655,-0.114911233520688,0.0447036323888166,0.0178686134350655,0.0401841139463916,-0.0909506803332549,-0.330722788331184,-0.108556181941478,-0.0641573344170228,-0.00256912885958478,0.227253885101878,0.183944632488497,-0.0161215911095511,-0.141148522180816,0.103425934576808,-0.0167388688289375,-0.135771576360737,-0.217622570199968,-0.140368305906563,-0.0971252274412803,-0.0751800982908822
"29",0.198622231348037,-0.00423803605459047,-0.0330658023249105,-0.0520036442011958,-0.221657582020341,-0.135918948622358,0.12764034018101,0.0524443584836258,0.18284013380581,-0.109920065414254,0.188668494747865,0.121202616252014,0.0542102227521612,-0.135467838786618,-0.0600128431233508,-0.0786301043147337,0.0348558661572862,-0.0708681160802463,-0.163890333164958,-0.0411987242688047,0.0417524072664604,-0.0368070586406666,0.103801628623957,0.108366804236745,-0.0571376003225505,-0.0443379794407873,0.0845351562671501,0.0521690594236168,1,-0.0400645314105672,0.0165661271792844,0.0316730498236623,0.0789285548376555,0.157488898830375,-0.00301592076081486,0.0405325616316775,0.0231076737143604,0.179693341353252,-0.0173241708877003,-0.104994532395653,-0.111402845812564,0.00484543466045188,-0.0455929081478915,-0.128709535551492,-0.141839429807244,-0.309025518956065,-0.222643601804915,-0.149599970129316,0.102370021236667,-0.0580008335559686,0.150871319314102,0.0807719698863579,-0.0903138234225839,0.0408027687080861,-0.118343141063757,0.0641449693135277,-0.115326975216684,-0.166483485898204
"30",0.0749771999555572,0.0904756139367631,-0.122833154852564,-0.0534799694036823,-0.116378771394764,-0.00091744392150402,-0.129784114035679,0.0855345736896556,-0.181302136888334,-0.00035959981992194,0.0605335248914101,-0.0352590572670723,-0.193047841130452,0.0251985686938927,-0.0320025299518579,-0.0807825114782741,-0.271663472183486,-0.0228152379796888,0.091977021905281,0.102425989044796,-0.155414175069838,0.27270958647448,-0.155730476291132,-0.0771292053717465,0.044250435524877,0.157091057480261,-0.103261955221961,-0.118378556095249,-0.0400645314105672,1,-0.00614681746000185,0.113385799241283,0.0386342239726183,0.13895339333532,0.0387927092110979,0.0874230378582299,-0.0580512094307422,0.202007626669402,0.0960350324511828,-0.0187469336828963,0.093110590016125,0.223835542959269,-0.181125309346255,0.0753308188375835,0.0769367089107199,0.144145526993044,0.0565161911277227,0.0124868683444548,-0.0534737048130301,-0.0564845131846002,-0.11397373624022,-0.0299042486472655,-0.121137765135418,-0.139341847677311,-0.198821038091209,0.122256491284694,-0.0864875310249216,0.170057667155708
"31",-0.239317718227367,-0.0108713927882389,0.0120756432470527,-0.132698134704595,-0.060291315759782,0.125461193316394,-0.166893985207697,-0.0759467902858143,0.0108776248559,-0.0680795495341966,-0.103440183019399,-0.0773418169025887,-0.072784956564463,0.0709940201484235,0.217901495693379,0.0283448615813847,0.108111213828461,0.0521879984212519,0.386257074238079,0.151585823326717,0.0634828751004058,0.092234707487877,-0.023806655724197,-0.0211390691726314,-0.328261864200529,0.0770168626307152,0.136335644581887,-0.020620724972262,0.0165661271792844,-0.00614681746000185,1,0.330165660263969,0.166373767284433,0.0911263509276553,-0.0117963414084685,-0.0270634277708906,-0.0914867553242289,0.0736094151104334,0.0766075497853527,-0.0169057330492064,-0.0542589163101962,0.0486388917102983,-0.164585543045587,0.0284102610689161,-0.156979403305373,0.197744838126787,-0.0683599115242008,-0.225918944145102,-0.0475353217442155,0.0718009253063265,0.125185318364676,0.0631691524636593,-0.150222487208614,-0.19800160960094,-0.00639080661651073,-0.152366884495509,0.155682032599975,-0.166689278357477
"32",-0.307261991101785,-0.0350040738149359,-0.0332826781803306,-0.130499975891445,-0.0797508694717958,-0.0723610191630529,-0.132850268861498,-0.0690991741718954,0.101948731024756,0.116196387306335,-0.21929860490343,-0.101176122429047,0.0159839692893477,0.214750011108071,-0.00597635608190116,0.118893954778224,-0.0665844484471437,0.222287756552022,0.36751367939642,0.120628816673903,0.0871896575034425,-0.0967931783074414,-0.0300246634865659,0.0738760937213871,-0.062056696372497,0.0789913948750461,0.248246021536799,0.0703907943139103,0.0316730498236623,0.113385799241283,0.330165660263969,1,0.102370740140344,0.14332182355286,0.0362123731835703,-0.0201570016740447,-0.192783777757578,0.135399561499613,0.0430460062820158,0.0457018039998839,0.0416591023620433,0.00264536376090727,-0.0419737119093478,0.0691022462800048,-0.125463713835989,0.191019709802252,-0.045067238848842,-0.0656724337128693,0.0974779309727047,0.127333462472694,-0.123012916378575,-0.114438066558908,0.0415371101253682,-0.11279991356448,-0.158777473969992,-0.0904950358191609,-0.0412361274251836,-0.0578618190804176
"33",-0.063504929182222,0.0824970368597966,-0.136130132281718,-0.00427189772530145,0.00626977644140016,0.0494632311927592,-0.222419679384776,-0.142615457316982,-0.0286722740157136,-0.0261284709552867,0.132076411026608,-0.0608772282351858,0.141466227041741,0.0418620906769974,-0.0794873098584757,0.183418337272888,-0.0457206956346043,0.174818806772375,-0.0150105584269952,-0.0443071760500865,0.121622231057674,0.173182912879955,0.183665521017749,0.160651779126653,-0.202114020694111,0.134176886856161,0.0705906094023572,0.0646946833155066,0.0789285548376555,0.0386342239726183,0.166373767284433,0.102370740140344,1,0.138863120674384,-0.0836254168922249,-0.288275568894732,-0.0735008570183369,0.124410069260976,-0.0992670280288474,0.0344685360969034,-0.00932170481766649,0.0940887428370504,0.0108645810672634,0.0624648773820861,0.00782016342346228,0.0197724210493404,-0.0558476264215028,-0.124615290493274,0.0978904926784469,0.041144420451618,0.0887376633781323,0.0233688328398592,0.0990106044108805,-0.0507924432049772,0.131211332963416,-0.053609249121234,-0.202202387104879,-0.159431656584338
"34",0.0751588031640703,0.0416026224037531,-0.126122152072139,0.149275790293796,-0.0641768767341425,0.0522457562646798,-0.180706164746818,0.103570156512053,0.180048397535249,0.0725025306020863,0.0803281991215805,0.105130033468634,0.0384145225897175,0.165113179359804,-0.0836355577752694,-0.109838567551545,-0.0698671588250939,0.207550207118272,0.0812860919494558,-0.0379529970889274,0.043766411158137,0.0633179563803068,-0.0445286974345345,0.0502509064647954,-0.0756543614909928,0.124688959986905,0.141573284584345,0.0261965794744005,0.157488898830375,0.13895339333532,0.0911263509276553,0.14332182355286,0.138863120674384,1,-0.0143020018390143,-0.0346102069173867,0.010620140613559,0.00376346752277868,0.105709398355058,0.104039901004782,-0.0160523826559902,0.00805822839491493,-0.0163251173860357,0.111202148917119,-0.113808470663432,0.0282794822532016,-0.0313225332468771,-0.0485613133779515,-0.0237039518057331,0.204314516634771,-0.078966735532449,0.046960786901473,0.0480299757645549,0.0891567715774821,-0.0123096160097269,0.0140050385144234,-0.0601544258663721,0.028200174296654
"35",-0.00335995914678701,-0.0832114827343186,0.158255726729597,-0.122150467641586,0.0850490327194549,0.0829594280208146,0.362636728351473,0.0051588621734919,-0.175013620049017,-0.0250363498798438,-0.0259830773850437,-0.190479985017032,-0.0552896579243537,0.0108716606745998,0.0108817027973006,0.126045315401708,-0.0486064690346685,0.0361823633362691,0.0312228053629379,-0.0831030185842615,-0.108422178336761,-0.0850545719690416,-0.118942566860838,-0.173786932423645,0.0888701285329127,-0.0847334483137654,0.0058880076461324,0.0882770289169608,-0.00301592076081486,0.0387927092110979,-0.0117963414084685,0.0362123731835703,-0.0836254168922249,-0.0143020018390143,1,0.203355558638033,0.0243445936506963,-0.104194156733687,-0.226322351318228,-0.0244557363975247,0.00534944917969343,0.0666876191153494,-0.037641072033045,-0.114947791603876,-0.145527431708853,-0.0459665355218508,-0.113153596108867,0.229074083140726,0.00736664206171516,-0.00209511373885049,0.00626226310911758,-0.109033028420578,0.0685928015956541,0.095015120156177,-0.0888521307772976,0.164682182544607,0.119500937647724,-0.00621247504260602
