"","l_Insular.Cortex","r_Insular.Cortex","l_Amygdal.Area","r_Amygdal.Area","l_Bed.Nucleus.of.the.Stria.Terminalis","r_Bed.Nucleus.of.the.Stria.Terminalis","l_Hippocampus","r_Hippocampus","l_Orbitofrontal.cortex","r_Orbitofrontal.cortex","l_Entorhinal.Cortex","r_Entorhinal.Cortex","l_Frontal.Association.Cortex","r_Frontal.Association.Cortex","l_Globus.Pallidus","r_Globus.Pallidus","l_Glomerular.Layer.of.the.Accessory.Olfactory.Bulb","r_Glomerular.Layer.of.the.Accessory.Olfactory.Bulb","l_Glomerular.Layer.of.the.Olfactory.Bulb","r_Glomerular.Layer.of.the.Olfactory.Bulb","l_Granule.Cell.Level.of.the.Cerebellum","r_Granule.Cell.Level.of.the.Cerebellum","l_Hypothalamic.Region","r_Hypothalamic.Region","l_Entorhinal.Cortex","r_Entorhinal.Cortex","l_Vermix.Molecular.Layer.of.the.Cerebellum","r_Vermix.Molecular.Layer.of.the.Cerebellum","l_Lateral.Molecular.Layer.of.the.Cerebellum","r_Lateral.Molecular.Layer.of.the.Cerebellum","l_Anterior.Olfactory.Bulb","r_Anterior.Olfactory.Bulb","l_Posterior.Olfactory.Bulb","r_Posterior.Olfactory.Bulb","l_Subiculum","r_Subiculum","l_Perirhinal.Area","r_Perirhinal.Area","l_PreLimbic.System","r_PreLimbic.System","l_Primary.Cingular.Cortex","r_Primary.Cingular.Cortex","l_Primary.Motor.Cortex","r_Primary.Motor.Cortex","l_Retrosplenial.Cortex","r_Retrosplenial.Cortex","l_Secondary.Cingular.Cortex","r_Secondary.Cingular.Cortex","l_Secondary.Motor.Cortex","r_Secondary.Motor.Cortex","l_Striatum","r_Striatum","l_Ventral.Tegmental.Area","r_Ventral.Tegmental.Area","l_Substantia.Nigra","r_Substantia.Nigra","l_Thalamus","r_Thalamus"
"1",1,0.51417898985094,-0.0216280662979826,0.212707061041801,-0.121302755971354,0.0763264753102173,0.125309539431057,0.145332331466196,0.410459678873144,0.319781719151652,0.207983449636735,0.220263776413324,-0.0364520308270255,0.145482434428779,-0.114959656016234,0.110820865512377,-0.199658987696328,-0.246067008137299,-0.219899136252202,0.068921348684892,0.0391004135190513,0.0530941402615553,-0.0301619856540916,0.129267239536938,0.0535699865929391,-0.141921706449423,0.135394913032752,0.0729716299523901,0.0723510325038534,0.319727340683358,-0.0759866217674006,0.00729525072702996,0.341676163084304,0.153647353102307,0.0984466644745024,0.238510350864192,0.0768247349533267,0.254941184689553,0.136173893077203,0.11790051675065,-0.0101403036415263,-0.1340896277276,0.205075829506504,0.340757937608304,0.0838197997070213,0.0462669962836469,0.153210495210607,-0.0269521351780982,-0.0992292146958601,0.0195491059320703,0.0747763110650443,0.296929679040855,-0.00132070277817546,-0.00387483827497851,0.117088876025925,0.0415326884152152,0.0783597080103721,-0.0986419644724447
"2",0.51417898985094,1,-0.0826857841565646,0.218166431283981,-0.0352062723726881,0.16234076920287,0.160048737939244,0.239049245785497,0.427623548567514,0.560867353703131,0.106264091447717,0.398123262910263,0.0589611954896313,0.208243399153719,-0.0039437451187299,0.0338085532238989,0.0340886169464264,-0.260283116742707,-0.25611746984162,0.0132778594539846,0.0946469369413406,-0.0345298457623331,-0.032830233549285,-0.0272487502396144,0.0190749161983187,-0.08111717537076,0.15719528083414,0.116220304561574,0.171178733309994,0.219946869835199,-0.146521567856359,-0.061113375022715,0.19539430698116,0.0167340607726848,0.0613954665784401,0.180447643384226,-0.0134045103683858,0.287593048430955,0.119281444927837,0.170045324266483,0.0702226210886402,-0.0142854595373329,0.188232768424491,0.27351805908391,-0.101323904477648,0.147952069387338,0.141051797566104,-0.10078159696738,0.00147054644792169,0.030168963610278,0.10413833149716,0.32466465698144,0.0973267918284948,0.0575947745593332,0.0938223606268146,0.0264272107046162,0.20659312655631,0.15583530292614
"3",-0.0216280662979826,-0.0826857841565646,1,-0.00986403058788993,0.0631901966661828,-0.0756762708749588,-0.0789780528241782,-0.0375963267168581,-0.0114996340541915,-0.052122951104233,0.190494293945828,0.140841514451501,0.0284112084218817,-0.0585809181697153,0.0465646830677215,0.153772046411574,0.00017000153183882,-0.00671268896200126,-0.0887117358152791,-0.0756691119036208,0.051330129227815,0.120360411005398,-0.106677976568754,-0.158164614694942,0.231854260252238,-0.0395064968015719,-0.0469581252910572,-0.0539583953412953,0.0290919241715568,0.0170413793214364,-0.00995913323761452,0.0208707720919186,0.103210239084473,0.0371920979714233,-0.123934442236098,-0.082710309953152,-0.169393086127029,-0.0924700284438432,0.116303270996638,0.0864984635692908,0.0200764864339013,-0.0659542600544908,0.00642213384125068,-0.0796923742935871,0.0262541779498815,-0.0460389015913829,0.0419030570783548,0.0272511251850632,0.151054715034728,0.0855152802979464,0.0627660055507388,-0.0952671447748244,-0.0482943399517611,-0.0218326508940215,0.109584383715975,-0.0563770076020728,-0.0468756210254437,0.112177876776826
"4",0.212707061041801,0.218166431283981,-0.00986403058788993,1,-0.0734325052537223,0.121769421794024,0.0118472743643949,0.140513777186747,0.213149963256295,0.0395468772904168,0.01845893304901,0.226972315912411,0.190533153035458,-0.122673359780071,0.0280897793289825,0.123494294551059,0.0156096621443188,-0.110191112038055,-0.0159568897753899,-0.0794596835170011,0.170399660395037,0.0711499682926564,0.055515779336781,-0.0876971857163996,0.0832862010521871,0.290249080321515,0.0934474918406467,-0.159709144812726,0.111311375214476,-0.0746580379832986,-0.0767253157929754,0.0283275400872703,0.0321545519714045,0.120357900199329,0.0087587344467562,0.0564427355161896,-0.110686069231677,0.062120738737461,0.200125295283893,0.233667002537459,0.00978599078027933,0.128913488043619,-0.0664313293664581,-0.0454212698320768,-0.00687353567374013,-0.0536252540917407,-0.13152905792255,0.167636904225966,0.0684040649566418,0.0605291119190798,0.0850944874191731,0.0608172073347418,0.0532132870451228,-0.121887006948242,0.0322114741891464,-0.00469120615703471,-0.0134104754654225,0.00519456407846005
"5",-0.121302755971354,-0.0352062723726881,0.0631901966661828,-0.0734325052537223,1,-0.0297386769551858,0.157110848169562,0.0297457918815356,0.0657392850972351,-0.101098735888975,-0.00884356812129479,0.0236187201584581,0.0386566245662833,-0.0747742989267842,0.0992614401052207,0.112419628570746,0.158891588698648,-0.135978968945506,0.105479009551579,-0.0663767326720472,0.13769341201393,0.127375847591188,-0.00478442092381774,-0.0215148599242576,0.0178996488482791,-0.0785142972507952,-0.266370163924006,0.0652754699281313,0.0687645798426471,-0.0704683388626905,0.0504565810523516,0.0472973482502264,0.0368752980417199,0.122566091267316,-0.0417678022803957,0.0476296782899477,-0.0704684693852305,-0.0812150776456108,0.0273610671519054,0.0550902931818947,-0.102802816431216,0.0240204468996466,-0.0973072443262163,-0.0474742607887765,0.0287748313203415,0.0365605050035755,-0.0606667869481542,-0.0344087658931188,-0.144906347031053,-0.00409438770623603,0.0309573900261957,0.0159332005731691,0.15793440573846,-0.136336792226048,-0.0775534730049513,-0.0817873904259082,0.0890914286947406,-0.0987335137986516
"6",0.0763264753102173,0.16234076920287,-0.0756762708749588,0.121769421794024,-0.0297386769551858,1,0.11815060895035,0.00425324228228005,-0.00419855948640229,0.123316432646094,0.0452842765728111,-0.0285730695792994,0.0871062908320721,0.0616768031933169,-0.0512047697724432,-0.0113458203677978,0.0653506712674386,-0.103476913506247,0.0260417483204195,0.0570814712548481,0.184977989289539,0.0349281151437147,-0.0456129756349972,-0.155152107785919,0.0668201952278358,0.144094586400153,0.158404627367697,0.112217220643145,0.1300851759756,-0.0329139466482795,-0.099120993960757,-0.156730948454418,0.0081052093936293,-0.12317934025965,-0.0945783909441462,-0.076776869916287,-0.0930428693392142,0.0362824203485708,0.0656707556219372,0.0608168076922729,0.0757932799518404,-0.0188407314784448,-0.00136947996732082,-0.0209835822667956,-0.0414056552607196,-0.097232771169372,-0.110285525658346,0.0126059468347756,0.0989499083582635,0.0739831849672666,-0.017491358918167,0.12748634189502,0.105519282520812,-0.0865127829674955,0.0038279317428025,-0.112159009582611,0.179120598715571,0.0366154188175876
"7",0.125309539431057,0.160048737939244,-0.0789780528241782,0.0118472743643949,0.157110848169562,0.11815060895035,1,0.0406622568555079,-0.00712053885333451,0.198811964342844,0.127303381732549,0.0138627640392797,-0.0717474935487386,0.120258457683756,0.091765494814386,0.0869078161401515,0.00414623400209439,-0.110668299433992,-0.0713382392604981,0.141318788868936,-0.205714307271921,0.16004384509212,0.0510786165768731,0.0817404615398295,0.0148671947692156,0.0940122749818818,0.00614878878541481,0.00870413686907135,-0.115186516400023,0.190631832355523,-0.143338849196912,0.0460612619503612,0.126480718923285,0.0382405270666892,0.254324691657117,0.0902898003863492,0.104760093537635,0.0028285392798668,0.0174470365801421,0.104438159886134,0.0963187710511974,0.0178144933436844,0.071272728236889,-0.0186315014776157,0.120666980132345,0.0521847105515185,0.076601205865913,-0.108653272653763,-0.128226249658827,0.0522627678217236,0.0194453550729727,0.0757183750429232,0.153935361438705,0.0142722528908563,-0.101306160824965,-0.0634984783112588,0.175697708658389,0.0832372281753551
"8",0.145332331466196,0.239049245785497,-0.0375963267168581,0.140513777186747,0.0297457918815356,0.00425324228228005,0.0406622568555079,1,0.178197568294863,0.165244701562266,0.00167176357275454,0.066768189828768,-0.0986847184074768,-0.134182421842919,0.0638173060113691,-0.0142391067826758,-0.10260658960805,-0.273173607257955,-0.141133410910534,0.166859290570742,0.188447776768095,0.134480548954916,-0.200672461261127,-0.0143866856437725,-0.0179992502626969,0.0597552910709938,0.0651217815531674,-0.00081012893070482,0.115431764490614,0.131599802233787,-0.121872451318616,0.101426673926545,0.172184663297211,0.198835133815083,0.0426637346542875,0.17629004329279,0.018425724387654,0.186820373964681,0.204532411943112,0.20935844058472,0.138899896127519,0.223172657881435,0.00019462971840384,0.122818862688924,-0.049794857578226,0.127611061060741,0.144698573695431,0.0557536015705222,-0.0360508613157837,-0.0134124954584883,0.0843756609028775,0.0850074815854347,0.010430911552928,0.0571682888445003,-0.0109688253440886,-0.0103512748408051,0.0979301689851509,0.145912286836586
"9",0.410459678873144,0.427623548567514,-0.0114996340541915,0.213149963256295,0.0657392850972352,-0.00419855948640229,-0.00712053885333451,0.178197568294863,1,0.412589890228644,0.0987046641588197,0.234597402373122,-0.0615612789419659,0.0578896697753652,-0.010378004913406,-0.0562443800052324,-0.0782428304659998,-0.263188320104106,-0.0565733931096736,0.0543038637871805,0.290817891963451,0.0546096745794365,-0.052642754059964,0.0287772802127932,0.0946849685757947,-0.192776332750679,0.0809209658251543,0.194355685672766,0.0362694801141436,0.104263366123621,-0.0245699859509328,0.0684778245873922,0.16035120727797,0.0660797786837901,0.0343544028723076,0.159501020200774,-0.0521593707363441,0.141430069695349,0.155155715080266,0.136429908745001,0.0259737579011895,0.0244263469973922,0.271966491050126,0.205237669269252,-0.00579374247574665,0.0883839920128492,0.0800386238684077,-0.0911040927301869,0.0408320639981559,0.167055363221766,-0.0134175632160876,0.184705310578485,0.00928842341834785,0.173375279948558,0.0217806221643875,-0.184779291023749,0.0414793473268436,-0.00488758257641998
"10",0.319781719151652,0.560867353703132,-0.052122951104233,0.0395468772904168,-0.101098735888975,0.123316432646094,0.198811964342844,0.165244701562266,0.412589890228644,1,0.0313758491806689,0.160205886140931,-0.00853106192814329,0.210417452060928,-0.0509656575613686,0.0707121444877968,-0.0108300512435048,-0.190715260319339,-0.226069426900935,-0.0402993729704883,-0.0761065421956442,-0.0714948021345034,-0.187846907008837,0.165280209524671,0.120440282448968,-0.186462561018152,0.272182851264639,0.162277311917439,-0.0898898065948629,0.227182247531341,-0.0979675920296327,-0.0816720306846728,0.150125708331894,-0.122766912919274,-0.0166865954480277,0.103138050178017,0.0303757345039984,0.159980037996177,0.11197333480796,0.195878294314305,-0.0341372670593087,-0.0649093779143703,0.15288103228226,0.405071514768445,-0.0747136835334993,0.184841421079256,0.177201508613875,0.0155345241301805,-0.0148284643621879,-0.0280481069902081,0.103120337494629,0.253161808835092,0.0636755066048764,0.116144082468347,0.12578905289329,-0.0692834940263892,0.105587427815162,0.253727912567035
"11",0.207983449636735,0.106264091447717,0.190494293945828,0.01845893304901,-0.00884356812129479,0.0452842765728111,0.127303381732549,0.00167176357275454,0.0987046641588197,0.0313758491806689,1,0.1743117130324,-0.0140984743832951,-0.00817187988063194,0.0568388813095411,0.0927355701066066,-0.0395763842831453,0.0108745053934434,-0.0191351222867027,0.00852187769981125,0.0432296265553138,0.094448030343311,-0.1747812218462,-0.0521537946043987,-0.0482428523321534,0.00076543759109462,0.0524748610593783,0.0188616595883875,0.0881132008086583,0.0933663560585295,-0.0381961588888403,-0.0578825141995324,0.163429717763009,0.14078856130146,0.069539898072954,-0.185777291884893,-0.049549469802581,-0.0251852233044978,0.0433257829896987,0.0560834243812521,0.099483880801348,-0.0532794562644286,0.0783002581687699,0.0648230789791699,0.05498160315108,0.0424837284583298,0.206599983520215,0.0431079618137767,-0.0506891286714596,0.0638478276367464,0.138182605362927,0.203003937724358,0.0435134994683175,0.0816308288354934,-0.00411934483345615,-0.035472347873026,0.0274338269996986,-0.0150072515724494
"12",0.220263776413324,0.398123262910263,0.140841514451501,0.226972315912411,0.0236187201584581,-0.0285730695792994,0.0138627640392797,0.066768189828768,0.234597402373122,0.160205886140931,0.1743117130324,1,0.196718106283886,-0.0147575205576407,0.0790682985377675,0.0928424749281137,0.130354776974493,-0.225208809846465,-0.0538236659869522,-0.0751430068150764,0.116648590396163,0.113690883772559,0.03584467284119,-0.199059864974659,0.0347694866000088,-0.0478269425800319,-0.0175114059817729,0.00367481388305636,0.337793549823862,0.161708932461837,0.106269406611076,0.121933311986721,0.157105853870639,0.32928838186629,0.0364973035323051,-0.0238420981250328,-0.125118641408611,-0.0487195797094319,0.0741841355820024,0.0946763740982794,0.0384356621499763,-0.0236062473342234,0.104474588738035,0.140315166782597,-0.0190343437020251,-0.0385844640259118,-0.0211639353534833,-0.156399030781251,0.0860539141847524,-0.016590767241422,0.130800514169075,0.171951668769674,0.0483849546161627,0.109049117580726,0.0705793309253876,0.110505122167146,0.0757915405860314,0.086354148172409
"13",-0.0364520308270255,0.0589611954896313,0.0284112084218817,0.190533153035458,0.0386566245662833,0.0871062908320721,-0.0717474935487386,-0.0986847184074769,-0.0615612789419659,-0.00853106192814329,-0.0140984743832951,0.196718106283886,1,0.0477789247187466,-0.0634360145532073,0.160440380951965,0.204177927429616,0.00064148509711335,0.11801282459594,-0.246164911612735,0.0342132492998369,-0.0482819288916352,0.162948984021841,-0.133292635083745,0.081463993397784,0.00834818443846588,0.121144147389795,-0.0206947534324376,0.0704807476481278,0.0308544292690769,-0.0577294036733383,0.0074467900770432,-0.0262925605760566,0.105032135318758,-0.116931383000563,0.0494025527071756,0.135673985285651,0.0683470869139356,0.22565756706103,0.300597153418253,0.179915200666995,0.266505989250893,0.00531822998734447,0.0101904198071275,-0.149198999893717,0.0175017597971635,0.0136575224630225,0.147783465312093,0.445637237694399,0.179918604316694,0.0766573038835131,0.0622640788070658,0.0823555869233395,-0.153741870107311,0.202536471844157,0.0197671550199192,0.0129874945102134,-0.0238321901613895
"14",0.145482434428779,0.208243399153719,-0.0585809181697153,-0.122673359780071,-0.0747742989267842,0.0616768031933169,0.120258457683756,-0.134182421842919,0.0578896697753652,0.210417452060928,-0.00817187988063194,-0.0147575205576407,0.0477789247187466,1,-0.110498866129844,0.134296427125419,-0.0782940000890269,0.245569529940158,-0.0410426734261234,-0.00846742956232384,-0.125006199370383,-0.0943501754199475,0.194732120622251,0.0658848769088197,-0.048404419743716,-0.100345492779011,0.108059225513048,0.138057019770744,0.0113740962212519,-0.0156569108295249,-0.0392920071956068,-0.00023762643737151,0.239599628905579,-0.0476367313366004,-0.0648112565072863,0.0615430322102589,0.0569173048968682,0.0663020759079265,0.0829331533185962,0.0348958057652259,-0.091513778848399,0.00696679430812294,-0.0900190246578536,0.0454001740338849,0.0070267480887929,-0.0089210802584994,0.0923212702936724,-0.129184516743372,0.0658991634857387,0.514457553700535,-0.0520827373408213,-0.0229730677188367,0.0455348593445176,-0.00038591204056733,0.0766014216782516,-0.0704699499113852,0.0516944359365596,0.071802979200287
"15",-0.114959656016234,-0.0039437451187299,0.0465646830677215,0.0280897793289825,0.0992614401052207,-0.0512047697724432,0.091765494814386,0.0638173060113691,-0.010378004913406,-0.0509656575613686,0.0568388813095411,0.0790682985377675,-0.0634360145532073,-0.110498866129844,1,-0.0628583444719289,0.152233083085169,0.0200440352491229,0.0521361955364176,-0.0758648768369635,0.00680734193146461,0.0943255168063529,0.233781222742124,0.126290135988053,0.0685805167737503,0.0513047074860093,0.0237425885437183,-0.122196270307824,0.0437225147548808,-0.0146462379931372,0.065074834657212,-0.154249948925357,-0.0548328433866493,-0.0630908769153896,0.0990050997186944,0.0740328542162707,-0.061520218391575,-0.0213417589588215,0.0529700214045118,-0.0932555845381591,-0.0640281113897746,-0.0140870554113854,-0.0803471623110863,-0.0191772617371345,0.0823480818621753,0.100693322841975,0.0732397640705345,0.0497560066501113,0.0199965828726164,-0.0978191377407094,0.0188302533824375,-0.0176504567267033,0.0324776429641844,-0.0314442274518945,-0.168046909249215,-0.0391066203217838,0.0507757442693739,-0.0140569651992859
"16",0.110820865512377,0.0338085532238989,0.153772046411574,0.123494294551059,0.112419628570746,-0.0113458203677978,0.0869078161401515,-0.0142391067826758,-0.0562443800052324,0.0707121444877968,0.0927355701066066,0.0928424749281137,0.160440380951965,0.134296427125419,-0.0628583444719289,1,0.197655349503698,0.0786677799618551,0.00963159030834545,-0.0599959940351872,-0.187669152215137,0.0153737030682308,-0.00260346768905329,0.0037399090563036,0.0723080633812642,0.0427273457989082,-0.037502079434994,0.0685686651051566,-0.00498961880679829,0.0995089741904648,0.062331171140062,-0.0370765581242917,0.0321937371340067,0.193077761272365,-0.0435340067532027,0.156846133920241,-0.111070135185918,0.085978037052831,0.0338479097134355,0.075411206759864,-0.0236612739951819,0.197541214962245,-0.0174840882355054,0.0784248697653584,0.0472080269034691,0.0212018794845772,-0.043257722830214,0.0093902782864293,0.0220629877429199,0.161473902779528,0.192983316051479,0.248430377813408,-0.00812758245902193,0.0689696982102976,0.141216817255675,-0.0940022582739039,0.0376871951013321,0.12818970687116
"17",-0.199658987696328,0.0340886169464264,0.00017000153183882,0.0156096621443188,0.158891588698648,0.0653506712674386,0.00414623400209439,-0.10260658960805,-0.0782428304659998,-0.0108300512435048,-0.0395763842831453,0.130354776974493,0.204177927429616,-0.0782940000890269,0.152233083085169,0.197655349503698,1,0.143638894662483,-0.168756412792254,-0.298000961365842,0.00529988598945092,-0.0353479447726496,0.128412731311579,-0.168763637560676,0.246833709390587,0.252702909020758,-0.223248361618855,-0.00368124247051229,-0.184898378195237,0.0591168244183868,0.00631685578938575,-0.287202251012752,-0.078300364968369,-0.0829808362461067,-0.0169226242335155,-0.207194762555993,-0.018023405221845,-0.037277166012114,-0.0228487930751342,0.0114516465054426,0.0163481551178199,0.055054048493623,-0.00609707372369079,-0.104142203919553,-0.104315349796056,0.0405367247263482,-0.003191901583198,0.00653886481523866,0.275587647119754,0.050212916018003,-0.0361533067109734,-0.11145534519405,-0.195283359295862,-0.12143978981429,0.0387540986859763,0.0198221382283171,0.0324723074613895,-0.0750129008150783
"18",-0.246067008137299,-0.260283116742707,-0.00671268896200126,-0.110191112038055,-0.135978968945506,-0.103476913506247,-0.110668299433992,-0.273173607257955,-0.263188320104106,-0.190715260319339,0.0108745053934434,-0.225208809846465,0.00064148509711335,0.245569529940158,0.0200440352491229,0.0786677799618551,0.143638894662483,1,-0.0335476770708397,-0.222664971440201,-0.130395478155807,-0.10314994975705,0.204757407184139,-0.0951180376217016,0.0130731586836512,0.144481269737871,-0.0868395027568288,0.00818186039807097,-0.0639391212059278,-0.279484920486982,-0.00593521751415365,-0.0999610422804029,-0.117309410903621,-0.344835833088804,-0.0505914868091048,-0.175457466132408,-0.00549461559084722,-0.146896521136733,-0.227560975374048,-0.267597717811311,-0.180863552899324,-0.0850114147311665,-0.187237768475065,-0.103467585666469,-0.0885921277288579,0.0674050025372169,-0.00964619915572252,0.11970921146552,-0.0429627848118224,0.249732628814478,0.0106357895700409,-0.116523139413872,-0.0363879614706436,-0.142280689604453,0.019677952155223,0.0862822019870869,-0.00386777681319387,0.184995414682022
"19",-0.219899136252202,-0.25611746984162,-0.0887117358152791,-0.0159568897753899,0.105479009551579,0.0260417483204195,-0.0713382392604981,-0.141133410910534,-0.0565733931096736,-0.226069426900935,-0.0191351222867027,-0.0538236659869522,0.11801282459594,-0.0410426734261234,0.0521361955364176,0.00963159030834545,-0.168756412792254,-0.0335476770708397,1,0.128331541051254,-0.00057379057443245,0.116845011732373,-0.0257817474728688,0.100513607905913,-0.0756385578448469,0.0942631928034745,-0.0748347595575529,0.0364850486114022,0.230366594557295,-0.219898245400704,0.495633229171418,0.214270466717607,-0.062604953025731,0.300123182612825,-0.15010257939709,0.0774745574195947,0.112922851711317,-0.199943251153258,-0.085618774577429,-0.0627627047806832,-0.0976831577193544,-0.0300651631467018,-0.0951720488054806,-0.0397256910415726,0.00074855623411162,-0.0610569345147882,-0.132809083309884,0.0766822328251159,-0.00997618016689155,-0.0529221328376113,-0.122100866750469,-0.0423943708927609,0.0842286059306135,-0.0916207602192902,-0.164115458584653,-0.0668925463620545,-0.111823657659091,-0.109737901629521
"20",0.068921348684892,0.0132778594539846,-0.0756691119036208,-0.0794596835170011,-0.0663767326720472,0.0570814712548481,0.141318788868936,0.166859290570742,0.0543038637871805,-0.0402993729704883,0.00852187769981125,-0.0751430068150764,-0.246164911612735,-0.00846742956232384,-0.0758648768369635,-0.0599959940351872,-0.298000961365842,-0.222664971440201,0.128331541051254,1,-0.00214998192309597,0.169269006728804,-0.245107948765918,0.0376390943924949,-0.171844453254886,-0.186944148589943,-0.163598691227193,0.00729571691707847,-0.061366231904397,0.00524634248547359,0.0371461606107637,0.420326728090888,0.053991890890694,0.248674058953956,0.17898938192127,0.217195633546583,0.051263174163445,-0.017195788296459,0.0479611808941772,-0.228267951420504,0.205686613528648,0.186944571180885,0.151066058407527,0.0105437161851655,0.0814457846746465,-0.0129265664945226,0.0854552678533264,0.00515466580893658,-0.0602160371487149,0.0219483505148439,0.087181664113853,0.00718364663503384,-0.0819832791367008,0.0317964403236547,-0.200635448203422,-0.0938630919854986,-0.0381410757511076,0.18737390785323
"21",0.0391004135190513,0.0946469369413405,0.051330129227815,0.170399660395037,0.13769341201393,0.184977989289539,-0.205714307271921,0.188447776768095,0.290817891963451,-0.0761065421956442,0.0432296265553138,0.116648590396163,0.034213249299837,-0.125006199370383,0.00680734193146461,-0.187669152215137,0.00529988598945092,-0.130395478155807,-0.00057379057443245,-0.00214998192309597,1,-0.135281114673892,-0.141469557553573,-0.288381186432979,0.233272565132464,-0.125351407163432,-0.00423401028249626,0.212348467729652,0.197759725813072,0.0405735131952607,-0.162720473252455,0.0992373759585326,0.095346032300378,0.172504081381777,-0.0422581481097885,-0.0429338826813492,-0.0157965744734307,0.230205753054914,0.0768982254597387,0.0792401499194784,0.188889127004286,0.125683030125692,0.157204498123296,-0.0548969908383885,-0.0412731939884076,-0.0948660978358699,-0.0914733813598865,0.0465011227714934,0.150802609791994,0.0534420251830353,-0.0423579564325466,0.00412904633937954,0.00090047526574061,0.039051986530796,0.0511021561904271,0.0026871425511849,-0.141454593393025,-0.0672034898447088
"22",0.0530941402615553,-0.0345298457623331,0.120360411005398,0.0711499682926564,0.127375847591188,0.0349281151437147,0.16004384509212,0.134480548954916,0.0546096745794365,-0.0714948021345034,0.0944480303433109,0.113690883772559,-0.0482819288916352,-0.0943501754199475,0.0943255168063529,0.0153737030682308,-0.0353479447726496,-0.10314994975705,0.116845011732373,0.169269006728804,-0.135281114673892,1,0.019284504777465,-0.120215960193753,-0.0801432134773384,0.142317714999656,-0.0302369943306235,0.110059557177267,0.154900484056658,0.061719397154463,0.04840002038325,0.119720317815205,0.320393999761028,0.108623757692148,-0.116873828235216,-0.166984412163838,-0.055511058354262,-0.152294694739086,0.239472711589264,0.046061456836019,0.0834704667583229,0.0654987407497211,0.0164514524156948,-0.0840409690262057,0.018504639534923,0.0470031896446485,-0.0169778314855773,-0.0144266160127063,0.0944245511731272,0.122550595031701,0.127720557046778,0.0244460497775155,0.0838733192960633,0.0370093076768153,0.0313864017651595,-0.107405715656785,0.020278986775265,0.0529834170813054
"23",-0.0301619856540916,-0.032830233549285,-0.106677976568754,0.055515779336781,-0.00478442092381774,-0.0456129756349972,0.0510786165768731,-0.200672461261127,-0.052642754059964,-0.187846907008837,-0.1747812218462,0.03584467284119,0.162948984021841,0.194732120622251,0.233781222742124,-0.00260346768905329,0.128412731311579,0.204757407184139,-0.0257817474728688,-0.245107948765918,-0.141469557553573,0.019284504777465,1,0.0899923196513147,-0.0567305094385329,0.106598055572392,0.0140133526542577,-0.0350692732899031,0.107824169893059,-0.00117566986694789,-0.0806039488727484,-0.173422609599531,0.00848424334456431,-0.101362170159869,-0.0431302641121924,-0.0891582509348992,-0.0630045608339386,-0.158404967445617,0.0936830347304448,0.0538252760316574,0.0718132793432798,-0.059445992954915,-0.0746902757846487,-0.0314350674122712,-0.0823278894761163,-0.206899598086999,0.0607298850330407,-0.0930352900586144,0.227015967832494,0.177326391392128,0.00156583154267708,-0.0478529356776094,-0.0626088464362702,-0.0766560863654348,0.0709951288204501,0.0527372963871361,0.0572995064557999,0.0348418245494214
"24",0.129267239536938,-0.0272487502396144,-0.158164614694942,-0.0876971857163996,-0.0215148599242576,-0.155152107785919,0.0817404615398295,-0.0143866856437725,0.0287772802127932,0.165280209524671,-0.0521537946043987,-0.199059864974659,-0.133292635083745,0.0658848769088197,0.126290135988053,0.0037399090563036,-0.168763637560676,-0.0951180376217016,0.100513607905913,0.0376390943924949,-0.288381186432979,-0.120215960193753,0.0899923196513147,1,-0.141416942822868,-0.0907603676532518,0.207029973389728,-0.107850718920934,-0.0954816710652387,-0.00861134842003995,0.148535136419527,0.0214897928861126,0.0663791163371722,-0.0632840086611546,0.0194018800863719,0.175158124807688,0.110891346962971,0.0631209953625783,0.0211209778470336,-0.0412666700894643,-0.102802333965095,0.0205418535101514,0.00356988787164544,0.20950792803827,0.122211490106401,0.139466880302498,0.137011069829584,-0.0295442099691078,-0.130208534968824,-0.0887051115322405,-0.161309535598358,-0.139847465312348,-0.0599405498950489,-0.0166458568912795,-0.0798535088987307,-0.105999473661349,-0.00374141180985627,-0.0392466155051987
"25",0.0535699865929391,0.0190749161983187,0.231854260252238,0.0832862010521871,0.0178996488482791,0.0668201952278359,0.0148671947692156,-0.0179992502626969,0.0946849685757947,0.120440282448968,-0.0482428523321534,0.0347694866000088,0.081463993397784,-0.048404419743716,0.0685805167737503,0.0723080633812642,0.246833709390587,0.0130731586836512,-0.0756385578448469,-0.171844453254886,0.233272565132464,-0.0801432134773384,-0.0567305094385329,-0.141416942822868,1,0.144520125370639,-0.100930251499458,0.0155725157046179,-0.00741839957456152,0.182602129086714,0.00916732858932632,-0.0706446773590795,-0.157444968570372,-0.0628319044218178,0.00191103363194106,0.0285614362002955,0.0879038375612488,-0.0220779428951327,-0.0143800747657484,0.110551273691065,0.0222249917324288,-0.0805307211477286,0.240908207937674,0.0326577620771236,-0.101102813075386,0.0984147721868057,-0.0498757212922012,0.0712493881523726,0.124762465291898,-0.018564629912855,-0.00024157897380551,0.0470281890706975,-0.0560481105154969,-0.135796232199414,0.0287520402952095,0.109113114103917,0.0455688217885912,-0.0350525148859259
"26",-0.141921706449423,-0.08111717537076,-0.0395064968015719,0.290249080321515,-0.0785142972507951,0.144094586400153,0.0940122749818818,0.0597552910709938,-0.192776332750679,-0.186462561018152,0.00076543759109462,-0.0478269425800319,0.00834818443846588,-0.100345492779011,0.0513047074860093,0.0427273457989082,0.252702909020758,0.144481269737871,0.0942631928034745,-0.186944148589943,-0.125351407163432,0.142317714999656,0.106598055572392,-0.0907603676532519,0.144520125370639,1,-0.114407414996978,-0.0341520472595457,0.0899675894142345,-0.056754912993944,0.0518886054678874,-0.139451475612005,-0.0193961211477508,-0.0462633784810354,-0.0440883533675933,-0.163545762097302,-0.0310836226867353,-0.0807850621729763,0.144536265376689,0.175328153531862,0.0856890559337771,0.179666584267325,-0.155424107303199,-0.051282515581039,-0.00640859892454261,-0.0647651671723292,-0.116726251905823,0.154156386607415,0.114969016997286,0.0562998621611977,0.100010723362193,0.0547301699210364,-0.0860309442438638,-0.047480441472687,-0.0009431043509669,0.095711688831752,-0.0154939295442821,-0.155035416633243
"27",0.135394913032752,0.15719528083414,-0.0469581252910572,0.0934474918406467,-0.266370163924006,0.158404627367697,0.00614878878541481,0.0651217815531674,0.0809209658251543,0.272182851264639,0.0524748610593783,-0.0175114059817729,0.121144147389795,0.108059225513048,0.0237425885437183,-0.037502079434994,-0.223248361618855,-0.0868395027568288,-0.0748347595575529,-0.163598691227193,-0.00423401028249626,-0.0302369943306235,0.0140133526542577,0.207029973389729,-0.100930251499458,-0.114407414996978,1,0.273853486476328,0.160289946347048,-0.0220697651837001,-0.21459094867534,-0.160970503034887,0.156322281897032,-0.106805607479657,0.135992453211261,0.14686524263784,0.166552126517751,0.172654532430284,0.145265698403744,0.182329385211935,0.103252824332558,0.165718727572667,-0.00847891842025022,0.0050240735454526,-0.0635998192755381,0.116264764540983,0.114345616350405,0.15837046197908,0.219404500234236,0.104189797286733,-0.00426128641743063,0.123653902753847,-0.0229934200653361,0.0624187400807161,0.216840828573398,-0.0352531639988923,0.124124471490149,0.00508888511845223
"28",0.0729716299523901,0.116220304561574,-0.0539583953412953,-0.159709144812726,0.0652754699281313,0.112217220643145,0.00870413686907135,-0.00081012893070482,0.194355685672766,0.162277311917439,0.0188616595883875,0.00367481388305636,-0.0206947534324376,0.138057019770744,-0.122196270307824,0.0685686651051566,-0.00368124247051229,0.00818186039807097,0.0364850486114022,0.00729571691707847,0.212348467729652,0.110059557177267,-0.0350692732899031,-0.107850718920934,0.0155725157046179,-0.0341520472595457,0.273853486476328,1,0.125085597962971,0.0662564403845009,0.0580068738491734,0.0759503309763453,0.146209869918527,0.079944040064413,0.0292309302753887,-0.0536782784285575,0.14718583357575,0.0444726531506072,0.0110658736230708,0.0642685335592923,0.0465536120530265,0.135441664492159,0.0919939363304586,0.0516968049136049,-0.00301313052428544,0.124899862243254,-0.0415551390372273,0.193044251965357,0.0932480506623777,0.0644225943401314,0.108315670160775,0.189529857516589,-0.238446664143426,-0.0595006786323891,0.0662994123688879,-0.220435962733636,0.0226265678685615,0.0120242043677189
"29",0.0723510325038534,0.171178733309994,0.0290919241715568,0.111311375214476,0.0687645798426471,0.1300851759756,-0.115186516400023,0.115431764490614,0.0362694801141436,-0.0898898065948629,0.0881132008086583,0.337793549823862,0.0704807476481278,0.0113740962212519,0.0437225147548808,-0.00498961880679829,-0.184898378195237,-0.0639391212059278,0.230366594557295,-0.061366231904397,0.197759725813072,0.154900484056658,0.107824169893059,-0.0954816710652388,-0.00741839957456152,0.0899675894142345,0.160289946347048,0.125085597962971,1,0.0234311485305253,0.13904419740918,0.0198231743536456,0.158883022089884,-0.0312421696995989,-0.14552603024376,-0.131884607114957,-0.0843138902153244,-0.0702080568750355,0.108311434325025,0.106867445933004,0.143774948192973,0.0216710160240559,0.168271014678633,0.125593708190139,0.00094633555966126,0.131587734029986,0.00194972912061387,0.136674820155905,0.0964670594462221,0.0433401705575624,0.217011466573095,0.187363388375051,0.176781453521316,0.0828375036284476,-0.00190042114697436,0.0296844062472732,0.144896347673395,-0.0575526261451741
"30",0.319727340683358,0.219946869835199,0.0170413793214364,-0.0746580379832986,-0.0704683388626905,-0.0329139466482795,0.190631832355523,0.131599802233787,0.104263366123621,0.227182247531341,0.0933663560585296,0.161708932461837,0.0308544292690769,-0.0156569108295249,-0.0146462379931372,0.0995089741904648,0.0591168244183869,-0.279484920486982,-0.219898245400704,0.00524634248547359,0.0405735131952607,0.061719397154463,-0.00117566986694789,-0.00861134842003995,0.182602129086714,-0.056754912993944,-0.0220697651837001,0.0662564403845009,0.0234311485305253,1,-0.144294090602577,-0.0948191214559798,0.246044584256095,0.0376154699170155,0.00838921856509895,0.0746263639033367,-0.00645780510044378,0.334687355756685,0.171546268907924,0.222244236616941,0.229633962895442,0.0771582231325179,0.246551692324199,0.207409481596211,-0.00013507987152141,0.0518888454029198,0.17556846427007,-0.113894682280532,0.137868148426333,-0.0594635924088104,-0.0172448486596203,0.159096027899779,-0.14693799911443,0.0320969114076047,-0.009732066284782,-0.0434972387993068,0.0521276585518191,-0.0245508624901257
"31",-0.0759866217674006,-0.146521567856359,-0.00995913323761452,-0.0767253157929754,0.0504565810523516,-0.099120993960757,-0.143338849196912,-0.121872451318616,-0.0245699859509328,-0.0979675920296327,-0.0381961588888403,0.106269406611076,-0.0577294036733383,-0.0392920071956068,0.065074834657212,0.062331171140062,0.00631685578938575,-0.00593521751415365,0.495633229171418,0.0371461606107637,-0.162720473252455,0.04840002038325,-0.0806039488727484,0.148535136419527,0.00916732858932632,0.0518886054678874,-0.21459094867534,0.0580068738491734,0.13904419740918,-0.144294090602577,1,0.132062692716331,0.0710113591072493,0.171500192756582,0.0642839528922121,0.0446560354198078,0.0677832348713679,-0.233380437317493,-0.0669098509864153,-0.123055873106953,-0.0381930927647991,0.0288603906874371,0.0698290122778033,0.1232940432512,0.0674956141081539,0.041925265225496,0.0166392122180609,0.014109511908063,0.040264499086402,-0.176509447713442,-0.0337114219231494,-0.0216632060825934,0.0249384318657164,-0.0883304075013532,-0.0937331060658574,0.0914892736274538,0.0116217746138031,0.0791259305742943
"32",0.00729525072702996,-0.061113375022715,0.0208707720919186,0.0283275400872703,0.0472973482502264,-0.156730948454418,0.0460612619503612,0.101426673926545,0.0684778245873922,-0.0816720306846728,-0.0578825141995324,0.121933311986721,0.0074467900770432,-0.00023762643737151,-0.154249948925357,-0.0370765581242917,-0.287202251012752,-0.0999610422804029,0.214270466717607,0.420326728090888,0.0992373759585326,0.119720317815205,-0.173422609599531,0.0214897928861126,-0.0706446773590795,-0.139451475612005,-0.160970503034887,0.0759503309763453,0.0198231743536456,-0.0948191214559798,0.132062692716331,1,0.0566575529436849,0.259971891723241,-0.0579953344859082,0.0825822054185822,-0.140910767336201,-0.259397731471211,0.0166405062589252,-0.0131689860698933,-0.112202824204862,0.124120359987145,0.11687777818155,0.0346374532141298,-0.0686798238671598,-0.15472703905608,-0.0466357128099603,0.060060007098845,-0.0757836915744033,-0.0909120639082197,0.152360887581208,0.0498204094796103,0.0479391471283588,-0.0759556162901742,-0.122958604455148,-0.0548664840521936,0.0507869171403408,0.038279940686875
"33",0.341676163084304,0.19539430698116,0.103210239084473,0.0321545519714045,0.0368752980417199,0.0081052093936293,0.126480718923285,0.172184663297211,0.16035120727797,0.150125708331894,0.163429717763009,0.157105853870639,-0.0262925605760566,0.239599628905579,-0.0548328433866493,0.0321937371340067,-0.078300364968369,-0.117309410903621,-0.062604953025731,0.053991890890694,0.095346032300378,0.320393999761028,0.00848424334456431,0.0663791163371722,-0.157444968570372,-0.0193961211477508,0.156322281897032,0.146209869918527,0.158883022089884,0.246044584256095,0.0710113591072493,0.0566575529436849,1,0.13848737209765,0.0479124766475454,-0.0210907672928847,-0.00831385359461772,0.175430810795671,0.41302761371816,0.330770655393505,0.220227117960793,0.167325082937939,-0.0467140145021749,0.0554474252696118,0.0281401442217654,-0.0396679437357102,0.241962398662561,-0.0595010016660857,0.17252924255158,0.21659319563251,-0.025142033273707,0.0429570277461831,0.0675960423155217,0.0610693643190808,0.129572349374298,0.031854111534771,-0.0949031555833453,-0.0700205665700147
"34",0.153647353102307,0.0167340607726848,0.0371920979714233,0.120357900199329,0.122566091267316,-0.12317934025965,0.0382405270666892,0.198835133815083,0.0660797786837901,-0.122766912919274,0.14078856130146,0.32928838186629,0.105032135318758,-0.0476367313366004,-0.0630908769153896,0.193077761272365,-0.0829808362461067,-0.344835833088804,0.300123182612825,0.248674058953956,0.172504081381777,0.108623757692148,-0.101362170159869,-0.0632840086611546,-0.0628319044218178,-0.0462633784810354,-0.106805607479657,0.079944040064413,-0.0312421696995989,0.0376154699170155,0.171500192756582,0.259971891723241,0.13848737209765,1,0.0520599597804346,0.106163483294733,-0.025716570881835,-0.0554050904534971,0.101300280815995,0.147405055350405,0.0791414566072184,0.0440073614674622,-0.137909478902819,-0.101520669119932,-0.0439318175624663,-0.261185657080609,-0.0630054226203945,-0.119336065240116,0.0371500616480483,0.0416200625677063,0.0529088607477883,0.0524457676398652,-0.0563986421747613,0.113560785577352,0.0125164695763739,0.0833462576286338,-0.223937385855552,-0.0836409153684298
"35",0.0984466644745024,0.0613954665784401,-0.123934442236097,0.0087587344467562,-0.0417678022803957,-0.0945783909441462,0.254324691657117,0.0426637346542875,0.0343544028723076,-0.0166865954480277,0.069539898072954,0.0364973035323051,-0.116931383000563,-0.0648112565072863,0.0990050997186944,-0.0435340067532027,-0.0169226242335155,-0.0505914868091048,-0.15010257939709,0.178989381921269,-0.0422581481097885,-0.116873828235216,-0.0431302641121924,0.0194018800863719,0.00191103363194106,-0.0440883533675933,0.135992453211261,0.0292309302753887,-0.14552603024376,0.00838921856509895,0.0642839528922121,-0.0579953344859082,0.0479124766475454,0.0520599597804346,1,0.316554577430919,0.353490653815315,0.158737940289668,-0.0726425198487897,-0.0817408815645846,0.0776467456649173,0.180164606236162,-0.0336386031323824,-0.0539990724439781,0.0805416427000437,0.074841298779395,0.151959416592258,0.102810477338097,-0.048953305362375,-0.0721019294186226,-0.190566228517238,-0.152500940632017,-0.0551204993656876,0.035565662607916,0.0904068845580355,0.0149230053431035,-0.0937950588030912,-0.0162471336176703
