"","l_Insular.Cortex","r_Insular.Cortex","l_Amygdal.Area","r_Amygdal.Area","l_Bed.Nucleus.of.the.Stria.Terminalis","r_Bed.Nucleus.of.the.Stria.Terminalis","l_Hippocampus","r_Hippocampus","l_Orbitofrontal.cortex","r_Orbitofrontal.cortex","l_Entorhinal.Cortex","r_Entorhinal.Cortex","l_Frontal.Association.Cortex","r_Frontal.Association.Cortex","l_Globus.Pallidus","r_Globus.Pallidus","l_Glomerular.Layer.of.the.Accessory.Olfactory.Bulb","r_Glomerular.Layer.of.the.Accessory.Olfactory.Bulb","l_Glomerular.Layer.of.the.Olfactory.Bulb","r_Glomerular.Layer.of.the.Olfactory.Bulb","l_Granule.Cell.Level.of.the.Cerebellum","r_Granule.Cell.Level.of.the.Cerebellum","l_Hypothalamic.Region","r_Hypothalamic.Region","l_Entorhinal.Cortex","r_Entorhinal.Cortex","l_Vermix.Molecular.Layer.of.the.Cerebellum","r_Vermix.Molecular.Layer.of.the.Cerebellum","l_Lateral.Molecular.Layer.of.the.Cerebellum","r_Lateral.Molecular.Layer.of.the.Cerebellum","l_Anterior.Olfactory.Bulb","r_Anterior.Olfactory.Bulb","l_Posterior.Olfactory.Bulb","r_Posterior.Olfactory.Bulb","l_Subiculum","r_Subiculum","l_Perirhinal.Area","r_Perirhinal.Area","l_PreLimbic.System","r_PreLimbic.System","l_Primary.Cingular.Cortex","r_Primary.Cingular.Cortex","l_Primary.Motor.Cortex","r_Primary.Motor.Cortex","l_Retrosplenial.Cortex","r_Retrosplenial.Cortex","l_Secondary.Cingular.Cortex","r_Secondary.Cingular.Cortex","l_Secondary.Motor.Cortex","r_Secondary.Motor.Cortex","l_Striatum","r_Striatum","l_Ventral.Tegmental.Area","r_Ventral.Tegmental.Area","l_Substantia.Nigra","r_Substantia.Nigra","l_Thalamus","r_Thalamus"
"1",1,0.0192151314793864,0.0173733065630349,-0.0434492808630215,0.244204537368815,-0.0471004737757383,-0.0736955547556523,0.0861741519083835,0.143915783381389,-0.0184770904187027,0.283907311475562,-0.168426980957379,0.12289639793037,0.226553231284952,-0.0742070693313399,-0.0659822680358606,0.211646633931033,0.256306579531455,-0.117250258483101,-0.0172905804012371,-0.160180555795125,-0.14642268228191,-0.0116734652794164,0.115890877441408,0.0427124742063116,-0.172201193790123,-0.204463605678253,0.00262808274075022,0.174623686804217,-0.0404802848874013,0.0631219707196032,0.0773819156561987,0.0805017907845618,0.0220263031251484,-0.217347864900329,-0.0441873572202048,0.0638312650581573,-0.0144153615030633,-0.199711431998661,0.00135634121020535,-0.10336149354258,-0.0328677244217525,-0.0784834124400099,0.133754720981138,-0.119773899903162,-0.211359319006212,-0.229221304207292,-0.0175777149028214,0.142268813080606,-0.0117985070100935,0.250423121943384,0.218436835247872,0.185381990165627,0.135072744839439,-0.0952338702941889,0.118700786017704,-0.131039659131452,-0.00042906609450923
"2",0.0192151314793864,1,0.228448353529993,0.0344732982827997,0.105250619625993,-0.0464988086877018,-0.0320204462960236,-0.273415218891819,-0.116715570538172,0.242878241195193,0.08685172068973,0.0688834472272852,0.12031555766642,0.148156076722229,0.0484162940559319,0.160342830140902,0.134660505501352,0.122600349864449,-0.0768297421951302,0.151642661563189,0.143267508028738,-0.0586331470264424,0.0427663232172428,-0.0141480958806784,0.0451847123752129,0.174904488384708,-0.0204232552681756,0.00385982303283408,-0.0678760997112081,0.0348369687996509,0.0357949503594605,0.0607666132351263,-0.0283031055279819,-0.227356836736089,0.0383515733922996,0.0484055834036913,-0.0560182163187093,0.0900408922926168,-0.142858052510649,-0.124679458956206,-0.201739018476594,-0.0774748401941793,-0.0385174727766909,0.10002049135736,0.0566050258847004,-0.0156051073326896,-0.165354024547336,0.0580357526759883,-0.0176220482016298,-0.0536641176796094,-0.00417887159550179,-0.0294109967456169,0.164032772713457,-0.0373935845077294,0.0549983366259749,0.00417181745601531,0.0182209362236164,0.014672965025294
"3",0.0173733065630349,0.228448353529993,1,0.10620124777498,0.134170495903067,-0.181526086149462,-0.034706805111743,-0.112102991947714,-0.00187337133281961,0.264353094306306,0.151225927091596,0.041455909738922,0.080395473072175,0.10487241653994,-0.0563524525302644,0.18410281438924,0.0851743987681026,0.0727882438079362,-0.00516197357197325,-0.122497668922555,0.0421983252559189,-0.162748709919949,-0.0108204339542662,0.00970376851580542,0.186979555006384,-0.0560421838814947,0.041157668101139,0.0966634230859049,0.0729672705243272,-0.0350240846375641,0.108626866737243,0.0281961953599083,-0.150175542985913,-0.153834674843994,0.130770587985624,0.00752546484965612,0.0268419469523284,0.329979199605907,-0.0962556925786669,-0.150204737524527,-0.132558919657446,-0.0881089522137634,0.00696014290712042,0.0228400446341595,-0.0081794880319639,0.120288402766392,-0.0264686440629332,0.0805400211682494,-0.109873153842202,-0.0308492728977996,0.110136816564574,0.0302682158176816,0.186681702186188,0.0330251359414089,0.189891287268089,-0.0118948301546388,0.17438946736481,0.0393814984818514
"4",-0.0434492808630215,0.0344732982827997,0.10620124777498,1,0.119838323855626,-0.00713927780745016,0.0294548006026502,-0.0801523168247109,0.0872171860757989,0.0553969470451628,0.0689215928843977,0.209599055413891,0.0286301167123275,-0.11284839430235,0.0336387035832928,-0.0523504733309354,0.00490708153692302,0.128304645577802,0.116196681992543,-0.109776259132716,0.0799887465622944,-0.108385593220147,0.209926230811688,0.0908289620428154,-0.0117882788884438,0.0918972313785995,0.0129391424068037,0.148974229077921,-0.0191235278565019,0.00901935109298549,0.10531337334727,-0.00133574891710635,0.131749005096968,0.0194260969685764,0.017727633216914,0.0317114505530345,-0.0399430030261972,0.0937711900713721,-0.0455126813220176,-0.0456663570757656,-0.202820503118955,-0.0382154673196215,-0.0979551923131299,0.096092792051106,-0.145325230939126,0.147194539441362,-0.142237542923764,-0.0155492739385665,-0.0963699038702523,-0.119727950976743,0.0773470464425663,0.0180727857800797,-0.061315922200596,0.115420671445897,0.0446423219556645,-0.127552037185604,-0.0462117915970597,-0.116874831715313
"5",0.244204537368815,0.105250619625993,0.134170495903067,0.119838323855626,1,-0.113999335461363,-0.163849060938728,0.0468183501817189,-0.148242343909677,0.150756158749903,-0.00431116559603701,-0.0625471693638685,-0.020156188748229,0.123803210257946,0.0819606544482848,-0.218303941844794,-0.158606199551131,0.0514155492792903,-0.10216236669633,-0.0846737110690395,-0.0416030183979305,-0.213390985045574,-0.0602783143257841,0.21204710403647,-0.0211577196508482,-0.107959346996575,-0.0423622454903683,0.208038766461891,0.113327563487318,0.0360583468429557,0.0547044213962089,0.0744000400229147,0.00705351728434628,-0.0144326499005761,0.00200168509163349,0.106640883169437,0.147892597652869,0.190521380584648,-0.1037833962445,0.0173067981980201,0.0180974057285215,0.149070085764712,-0.0739073126315858,0.118629452900309,-0.0646114920923185,0.0561919175147761,-0.107730042763934,0.101621335415144,-0.146552545877904,0.157103417035338,0.134593105763459,0.111436168043819,0.00694172977429499,-0.148146077542446,0.13684286559515,0.142095450710129,0.0332835391211791,0.00922028954641408
"6",-0.0471004737757383,-0.0464988086877018,-0.181526086149462,-0.00713927780745016,-0.113999335461363,1,-0.0483610441595891,-0.074427969795148,0.143926774576989,-0.247304711288516,0.0826707788769271,0.0107824349224786,-0.118750111655618,0.114779822408892,-0.00251277027749673,0.162374755725982,0.00087794724034873,0.230470157985697,-0.0683144989637782,0.182683810407741,0.192169675746067,-0.0063420802706444,-0.0122610823793282,0.199008495060351,0.0534635757966239,0.0093606981540587,0.0574725636497013,-0.153911741546896,0.0136022032073416,-0.202000438280788,-0.0405987420864202,0.163683873463345,-0.154397435214158,-0.00167135818793515,-0.0293109214246186,-0.0913712206883522,-0.0133149953240657,0.0111050943203597,0.135920437826289,0.129753564560812,0.0698316606262177,0.0471538103210006,-0.051996933612077,0.12446150787621,-0.220130828285006,0.00324901278032867,0.188194716530974,0.160851824653316,-0.0827804009491763,0.23459885961545,0.00829259686520739,0.0559639225179884,-0.0945176281456052,-0.0837691086652208,-0.110320490046495,-0.00813993940196871,-0.325347944198192,0.256233051798656
"7",-0.0736955547556523,-0.0320204462960236,-0.034706805111743,0.0294548006026502,-0.163849060938728,-0.0483610441595891,1,-0.075201747525042,0.133523309865972,-0.0025588037942034,-0.0312017594720864,0.18546826429378,0.0616878841028602,-0.238474207682479,-0.012805747405771,0.0727314693388648,0.0820330308414115,-0.0368744273178439,0.00381347381978076,-0.0116784536585994,0.0615699712731294,-0.0785134157508633,0.0523372809597837,0.0408928950285187,-0.0512859283610662,0.257136020388385,0.0807723629563225,0.050268649288779,-0.0377435007114036,-0.00700223968951532,0.0500929516927648,0.0936393411155418,0.00655893129762646,-0.137019312455688,0.0600710784261629,-0.144187865962958,0.00574739957410354,-0.210702028707243,0.242047193861988,0.0858920635692537,-0.0217758651793918,0.0170910162849366,-0.0309388584379015,-0.10575104476173,0.0310532594498459,0.0292526217867213,0.00472519617146594,-0.040028151803247,0.0164012786979701,-0.124122957532173,0.144136415355721,-0.0530967620645242,-0.130434112740919,0.0992635802668817,-0.0777933505091845,-0.0140663711677766,0.113795283489104,-0.0812244184386494
"8",0.0861741519083835,-0.273415218891819,-0.112102991947714,-0.0801523168247109,0.0468183501817189,-0.074427969795148,-0.0752017475250419,1,0.0980742061034874,0.0403242925226307,0.086131277211254,-0.341536135337156,-0.0299601505533673,0.0781251400186731,-0.0564893974050934,0.0521599321967937,-0.050583280986736,0.0393556087726042,0.109723142396405,-0.121564326600212,-0.183485725419829,0.350288376245209,0.0336119687612679,0.00816668442285938,-0.00137263613131656,-0.0469357013283377,0.00099591318799114,-0.030648407011602,-0.0131266745870378,0.0257553679349123,-0.0761945816726099,-0.0747033759651278,0.00858053539307876,-0.0483194722449551,-0.0327552858935889,0.110250507552239,-0.033367188647905,0.0797047033358998,-0.197658633429989,0.127503692532308,0.140935331551964,0.181498300436884,0.0964319487775683,0.221603089496093,-0.0621301645460677,0.114120491096815,0.11202141195452,0.0686736497959979,-0.0550238048902851,0.0885680143422284,-0.163313223297496,-0.159628669005714,-0.0210948909398262,0.0281633628188713,-0.0228916406447134,-0.0676453674063346,-0.028621923831756,-0.197835220858411
"9",0.143915783381389,-0.116715570538172,-0.00187337133281961,0.0872171860757989,-0.148242343909677,0.143926774576989,0.133523309865972,0.0980742061034874,1,-0.0259535191923611,0.173497097117704,0.0225579852060601,-0.0734241838250321,0.140877403269147,0.0636929197509957,0.00425749372835106,0.0699416085047818,0.177385533784387,0.0610338944648566,0.0781058020325597,0.0183231797100372,-0.0049137672715633,-0.0320479520360291,0.0767191774304018,0.110516748463447,-0.0346478699691643,-0.0177385840218682,-0.117862486025878,0.13381999372547,0.0179900534611451,0.156925630015378,0.052684111526329,0.154519800314308,-0.131563632199538,-0.00988853249059839,-0.141073744935159,0.162300888328012,-0.140690316000627,-0.187676578977595,-0.314332833774831,-0.0601333146757118,-0.161608482102613,0.25660714520415,-0.00313124279659698,-0.00266917683685555,-0.100198485022572,-0.171622858718706,0.0214275519389205,0.0847862693426171,-0.0149635233895799,-0.0651943290683255,0.0565527115320301,-0.156395354656157,-0.0744736225393427,-0.0998740227019347,-0.144654070576568,0.0170358700742422,0.0931494282902955
"10",-0.0184770904187027,0.242878241195193,0.264353094306306,0.0553969470451628,0.150756158749903,-0.247304711288516,-0.0025588037942034,0.0403242925226307,-0.0259535191923611,1,0.0444911767939412,-0.0936268936153937,0.0952997164572987,0.145015208121707,-0.0121162222445089,0.0177286746424785,0.112015623157952,0.0179057029740486,0.152599413861234,-0.0209116716745947,0.104854656684272,-0.0674539520577086,-0.0983140435320185,0.0450042158964263,0.0324892345612139,0.0587586508610905,0.0732925091567819,0.0107826940320063,0.0379607028797032,-0.138879407492623,-0.00988062189234351,-0.0545753361063405,0.0523158226770857,0.0791909574854041,-0.0296831435723647,-0.0116610098502598,-0.0951390659265845,0.135132840587796,-0.0783672000786161,0.11044571283285,-0.0950109945937961,-0.0223162691545518,-0.0940103920206395,-0.0552594448696647,0.0356244839387563,0.141967841417041,0.0178150866449373,-0.0977860727862903,-0.0335969055916312,-0.00997504185562418,0.0675107492689759,0.0701998340186958,0.181232974981999,-0.0107027463334679,0.181537276284547,0.163842874215872,0.00987591091740533,-0.142082450232008
"11",0.283907311475562,0.08685172068973,0.151225927091596,0.0689215928843977,-0.00431116559603701,0.0826707788769271,-0.0312017594720864,0.086131277211254,0.173497097117704,0.0444911767939412,1,-0.15030120324468,0.00372258504564111,0.0657992863141528,0.111900733476725,-0.04845839035773,0.30610869802339,0.313768518702352,-0.172482859951482,-0.0660610695714823,0.0929148251122131,-0.0203428867628833,-0.0233529399016719,0.262482258746059,0.190534348873668,-0.00596553987268317,-0.0120388390906409,-0.0309172784267373,0.15404139407985,-0.153599082376681,-0.0295537295934007,-0.0020222440830875,-0.153910832865711,0.0202268825792785,-0.10412146537902,0.0895075927320352,0.066081017068951,0.140477806188768,-0.280584869047485,-0.0316010399606564,-0.0455465348062544,0.0287440248423264,0.0558387057931833,0.00736755663284891,0.122049319387562,0.0203792104334616,-0.0605057486615233,0.114996617809824,0.0093082249084611,-0.0987635532713353,-0.0277567622674402,0.249980460689368,0.136434091982864,0.101981655183435,-0.020351560557901,0.105695216370395,-0.182745362051335,-0.022079637864284
"12",-0.168426980957379,0.0688834472272852,0.041455909738922,0.209599055413891,-0.0625471693638685,0.0107824349224786,0.18546826429378,-0.341536135337156,0.0225579852060601,-0.0936268936153937,-0.15030120324468,1,0.168572030476855,0.00054889248243788,0.0212183897253993,-0.0672224885580139,0.221131144413803,0.0662676553961982,-0.142029204182057,0.0796811734671636,0.0937438161359686,-0.0977985267630352,0.124220959750005,0.226438621860695,-0.233468741781413,-0.0415034364591086,-0.00454558698689686,0.0965058987974318,-0.190863437380148,0.0827542982048159,0.0490431466289014,0.237009142411626,0.0837798752185889,0.0155454141755491,0.128770953946759,-0.133256019040264,0.133891644929917,0.071975759711781,-0.0211167521999873,-0.0201159647942694,-0.136667289617507,-0.149970032600269,-0.09542846657445,-0.0418209013008798,0.0215653393911444,-0.027462737296027,0.0228954182609873,0.149195773240203,0.126574021519511,-0.0235807540236471,0.107846282778222,-0.0077973481377901,-0.112446296710807,0.0347861361345935,-0.144154835438669,-0.039763344038621,0.167910166328901,-0.107048924021138
"13",0.12289639793037,0.12031555766642,0.080395473072175,0.0286301167123275,-0.020156188748229,-0.118750111655618,0.0616878841028602,-0.0299601505533673,-0.0734241838250321,0.0952997164572987,0.00372258504564111,0.168572030476856,1,-0.0490242932252547,-0.0219382566845062,-0.0336608384733575,0.13661473690547,-0.00761398944182413,-0.141874810050862,-0.125848581446109,-0.0111771993206066,-0.00511665890041659,0.163324321661972,0.0165459923839449,-0.0254990949828499,0.0245933372011147,-0.0769532605063545,0.012752876084404,-0.0287746204760225,0.0878066406681543,0.0183255285208619,-0.0559859953879356,0.0438073342574844,-0.0592725414864207,0.163845538473709,0.0230131867027447,0.0523800299644647,0.050255024353674,-0.0579170885981646,0.123986267691115,0.110544276273329,0.186650754002455,0.0742666441755504,-0.0969196596467353,-0.00968929574373227,-0.0705386467450487,0.0762413698589415,0.0780695379910275,0.445708103698506,-0.143788994342945,0.162262171645297,-0.147002936714165,0.0975100196549473,0.164235891945339,0.0489593513054598,0.0300812128218322,-0.0347077818056329,-0.101419773950083
"14",0.226553231284952,0.148156076722229,0.10487241653994,-0.11284839430235,0.123803210257946,0.114779822408892,-0.238474207682479,0.0781251400186731,0.140877403269147,0.145015208121707,0.0657992863141528,0.00054889248243788,-0.0490242932252547,1,0.00560839107157944,0.0732214787985203,0.161297386410489,0.466681023168841,-0.0294664542182611,0.168082406719401,-0.0404551770262596,-0.0405731057548324,-0.0926165121025418,0.094127615294706,0.0301323739161127,-0.108331118263903,-0.0902704086002124,-0.0183240875365704,0.0806239149795199,0.0268244896710177,0.0427017044964935,0.0768522176157716,0.119292614154036,-0.082921607634732,0.0156111926722089,-0.104029800247922,0.001710790030657,0.100803310530298,-0.123155724001627,0.0289862718996006,-0.0879750778864713,0.0339840801692051,-0.221500828354225,0.196371793554806,-0.104252505496873,-0.233794058051501,-0.0229870147842872,0.138782865827103,-0.109019617794613,0.571813789273378,0.121681185761939,0.148109293413877,0.139833472891055,-0.136385040517986,-0.0330788447100154,0.212827456867221,-0.218114121912993,0.129763552971746
"15",-0.0742070693313399,0.0484162940559319,-0.0563524525302644,0.0336387035832928,0.0819606544482848,-0.00251277027749673,-0.012805747405771,-0.0564893974050934,0.0636929197509957,-0.0121162222445089,0.111900733476725,0.0212183897253993,-0.0219382566845062,0.00560839107157944,1,0.01974636695372,0.00694120186570663,0.218714764716147,-0.00989750812647951,0.00058064698019877,0.0259496044498326,-0.00873188285306081,-0.0366827428581388,-0.116277085279307,0.0629389757444727,0.211896995228481,0.012369854628006,-0.0406683080879677,0.108734384661176,-0.014022898801669,-0.202334248991143,-0.085716860335409,-0.0542358509089607,0.0898089407307763,-0.00431421589584821,-0.1127911075629,-0.120515055894726,0.0470990986699233,-0.171979111116771,0.0421168337800232,0.00377380362780153,0.10546083673388,-0.0413746214262178,0.0477265667736577,0.222737601480172,-0.121456899663163,0.0375311847464909,0.105060199044185,-0.156154356669467,-0.115076686077775,0.0464025835717674,-0.0286623006972626,-0.0235916664470777,0.0537499059558526,-0.0525399392632881,-0.0292640517078393,-0.0617503708907373,-0.0650294009713376
"16",-0.0659822680358606,0.160342830140902,0.18410281438924,-0.0523504733309354,-0.218303941844794,0.162374755725982,0.0727314693388648,0.0521599321967937,0.00425749372835106,0.0177286746424785,-0.04845839035773,-0.0672224885580139,-0.0336608384733575,0.0732214787985203,0.01974636695372,1,0.183100366903812,0.167076972010106,0.110431454259512,-0.0226272068975598,0.0098151604508297,0.0198127671815086,-0.0392464507731836,-0.0873441785225076,0.0339769450567266,-0.020923864767029,-0.0724730552061569,-0.11163930281639,0.0140159122331372,-0.103351722367209,-0.0965817448353176,-0.135241013652434,-0.0908625230754604,-0.224138539314479,0.166734425822499,0.0244644663662458,-0.232595496807142,0.0656517660283637,0.00979972608545119,-0.0659252184496756,0.0516431017236559,0.119268739874826,-0.0879767565161482,0.0332371311301984,0.0806280674672132,0.0172736983776501,0.125491619229231,0.165066739213167,0.0625965455296277,0.0312492388997015,0.0545889067498584,0.0612993430701642,0.106464936094624,0.0840593013635124,0.0988489569227653,-0.0427412106166711,-0.222730918324295,-0.0939887437457983
"17",0.211646633931033,0.134660505501352,0.0851743987681026,0.00490708153692302,-0.158606199551131,0.00087794724034873,0.0820330308414115,-0.050583280986736,0.0699416085047818,0.112015623157952,0.30610869802339,0.221131144413803,0.13661473690547,0.161297386410489,0.00694120186570663,0.183100366903812,1,0.311965803282826,-0.0386650369267347,0.0169538214802248,-0.017592311340719,0.00738418869894143,-0.0310253829217601,0.142510523568215,-0.00916543799963606,-0.0189986650921632,-0.119133584473258,-0.070984234767736,0.104407732035143,0.0567943993702889,0.0101549449621332,-0.0745251976101999,-0.156888812978261,-0.0172563427246233,-0.0428673110204358,-0.269168379903824,-0.125281567594563,-0.0466201205896906,-0.0594270847389648,0.0738669160615551,-0.0299010179654832,0.0363438553476537,-0.0209666521661053,-0.0699355497156568,0.0366860322311082,-0.0251173073870605,0.0904772721487136,0.181015542288041,0.168699180878396,-0.0485170979871382,0.0693467113954269,0.208558568096013,0.178180403233923,0.173098818159499,-0.0346157849375321,0.0864619698078759,-0.0949918899910533,-0.170589591154378
"18",0.256306579531454,0.122600349864449,0.0727882438079362,0.128304645577802,0.0514155492792903,0.230470157985697,-0.0368744273178439,0.0393556087726042,0.177385533784387,0.0179057029740486,0.313768518702352,0.0662676553961982,-0.00761398944182413,0.466681023168841,0.218714764716147,0.167076972010106,0.311965803282826,1,-0.124185218475806,-0.0172558957913629,-0.018415524599453,-0.154333150318749,-0.018833476460791,0.0755743917769213,0.150740637262605,0.0745951763173786,-0.152613424979421,-0.118766185970062,0.210311405796504,0.0721287272053261,-0.145397716240429,0.0150521825130056,-0.164598789079039,-0.0952642783570999,-0.0879496078283031,-0.222157782570112,-0.0102244827025483,-0.0214778577127549,-0.0841029100713719,0.0919355016293045,-0.0304128075539278,0.073301272271124,-0.0722545654783257,0.113556174011192,-0.129236895506156,-0.30587955148476,-0.0825424083109106,0.164825236613012,0.00188712044367948,0.0528577117461529,0.0733325307995555,0.15566435692115,0.154107496324382,0.0775271326711973,-0.0512215309979974,0.1037019858531,-0.278123465857726,-0.0487244640776113
"19",-0.117250258483101,-0.0768297421951302,-0.00516197357197325,0.116196681992543,-0.10216236669633,-0.0683144989637782,0.00381347381978076,0.109723142396405,0.0610338944648566,0.152599413861234,-0.172482859951482,-0.142029204182057,-0.141874810050862,-0.0294664542182611,-0.00989750812647952,0.110431454259512,-0.0386650369267347,-0.124185218475806,1,0.0967872302977724,0.131451622450718,0.15474018316926,-0.0561397004224192,-0.212956978824287,-0.0574766716293397,0.0826654977413467,0.0833856011986652,-0.0656412019409933,-0.162316635642381,0.00590342767484744,0.239524343641981,0.025576984685707,0.00478581993337304,0.00214126611273577,-0.141498999613591,-0.0207575665777369,-0.149866004540096,0.038123830815581,-0.047875994038784,-0.12713970052686,-0.0886613827303834,-0.106437691446445,0.0595114466808584,0.161546251430349,0.0544187674432187,0.152966289340483,0.163611967085672,-0.0401403726387793,-0.10720459067014,-0.042044002145502,-0.111998746449368,-0.0579982596874148,-0.0313331536360182,-0.0133085230666243,0.148323125585787,-0.141540101731745,0.0637668282781707,-0.117302432291373
"20",-0.0172905804012371,0.151642661563189,-0.122497668922555,-0.109776259132716,-0.0846737110690395,0.182683810407741,-0.0116784536585994,-0.121564326600212,0.0781058020325597,-0.0209116716745947,-0.0660610695714823,0.0796811734671636,-0.125848581446109,0.168082406719401,0.00058064698019877,-0.0226272068975598,0.0169538214802248,-0.0172558957913629,0.0967872302977724,1,0.186235888251062,0.122789547734156,-0.0535484383445596,-0.118585053656323,-0.0775116019480065,-0.00920560053868981,-0.045352422099177,-0.0368367198647834,0.0278116615906832,0.0460422275037154,0.0663230469606353,0.252670101406305,0.114851206481535,0.0309000554666064,-0.140349994003555,-0.226289418070132,0.0871138802486908,-0.0198106629651905,-0.0156369071239286,-0.0769345311885116,-0.326796696048719,-0.298937218073295,-0.21274069367922,-0.250427626808878,0.0408728845366659,0.0346382326991193,-0.103073500535053,-0.0274962855211649,-0.121058623300921,0.0132938649279108,-0.127607059503009,0.076382563083918,0.038202793583991,0.00388931169761083,-0.0458643127296898,0.128366247602043,-0.067352755644303,0.110608195890371
"21",-0.160180555795125,0.143267508028738,0.0421983252559189,0.0799887465622944,-0.0416030183979305,0.192169675746067,0.0615699712731294,-0.183485725419829,0.0183231797100372,0.104854656684272,0.0929148251122131,0.0937438161359686,-0.0111771993206066,-0.0404551770262596,0.0259496044498326,0.0098151604508297,-0.017592311340719,-0.018415524599453,0.131451622450718,0.186235888251062,1,-0.00491937407346816,-0.0722868769073397,-0.0112331226532966,0.0199284799794384,0.229502487803629,0.161016838507125,0.00620614403386571,0.0068944670372927,-0.259158912398404,-0.0613145214008669,0.0938321446561732,0.0994048257646352,0.0014214696378299,-0.147217975876553,-0.159470210290279,-0.0600197601763907,-0.0572019607136857,0.114620327954679,-0.0949016309184282,-0.194877502090705,-0.139681935643229,-0.0945620203958798,-0.0396390333619883,-0.0118227670906757,-0.182354859959251,-0.024388197178728,-0.13843231059201,-0.0342454653638137,-0.0615884188162601,0.0371456080736544,0.0603127975577161,-0.185344219430714,-0.145628324792599,0.0694133570652348,-0.13081800467408,0.0435995814295581,-0.0219732607527518
"22",-0.14642268228191,-0.0586331470264424,-0.162748709919949,-0.108385593220147,-0.213390985045574,-0.0063420802706444,-0.0785134157508633,0.350288376245209,-0.0049137672715633,-0.0674539520577086,-0.0203428867628833,-0.0977985267630353,-0.00511665890041659,-0.0405731057548324,-0.00873188285306081,0.0198127671815086,0.00738418869894143,-0.154333150318749,0.15474018316926,0.122789547734156,-0.00491937407346816,1,-0.0139084336037627,-0.045885250156722,-0.090104938179715,0.00300835162644915,0.183216560534441,0.120726694829839,-0.0831445054708595,0.0978778493249958,0.0459765628491586,-0.00097905564702675,0.0581963211903253,0.016991800116818,0.0891057127570857,0.0179288572545458,-0.202279491112871,-0.0661077857495941,-0.129334237755989,0.0392518104898924,0.0109094541942351,0.105788060204377,0.081728704480579,-0.0147208955246945,0.0544178433902621,0.0921526281893187,0.111666573347251,-0.0267291951899854,-0.120022391664283,-0.012546452608437,-0.204858997042539,-0.082441577676564,0.0512882229904284,-0.0590411965957994,-0.0617266046212461,-0.123626747356698,0.0919831373124512,-0.177976318224077
"23",-0.0116734652794164,0.0427663232172428,-0.0108204339542661,0.209926230811688,-0.0602783143257841,-0.0122610823793282,0.0523372809597837,0.0336119687612679,-0.0320479520360291,-0.0983140435320185,-0.0233529399016719,0.124220959750005,0.163324321661972,-0.0926165121025418,-0.0366827428581388,-0.0392464507731836,-0.0310253829217601,-0.018833476460791,-0.0561397004224192,-0.0535484383445596,-0.0722868769073397,-0.0139084336037627,1,0.0867893983908479,-0.0688368598094213,0.0539169218636606,-0.0947110495405316,0.00467160710312569,0.0489269135897458,-0.104386024439807,-0.0872670736416134,-0.0656699875817744,0.0511137689610865,-0.0391400872441684,-0.0779396277086508,0.00854053247651122,0.0176500286673133,-0.0320187486208903,-0.176402844905997,-0.00077665681919153,-0.13836021734608,-0.0961503299497458,0.0377366629310853,0.120417752894278,0.0188107117817432,-0.00925221233792988,-0.0520950778889144,-0.102186246179428,-0.058828692365368,-0.0807478627864211,0.0428329690477871,-0.272245117947928,-0.0757652919508085,0.179054145834767,-0.0798457998281226,-0.209750000946572,0.104694234762854,-0.150114875236925
"24",0.115890877441408,-0.0141480958806784,0.00970376851580542,0.0908289620428154,0.21204710403647,0.199008495060351,0.0408928950285187,0.00816668442285938,0.0767191774304018,0.0450042158964263,0.262482258746059,0.226438621860695,0.0165459923839449,0.094127615294706,-0.116277085279307,-0.0873441785225076,0.142510523568215,0.0755743917769213,-0.212956978824287,-0.118585053656323,-0.0112331226532966,-0.045885250156722,0.0867893983908479,1,0.106778095344649,-0.0636225494357556,0.0361297646394474,0.189081903477885,-0.14525539159337,-0.124276475546304,-0.00245217024237109,0.159821471003108,-0.0631281123159652,0.0558153845347432,0.212900081420466,0.0660083765448276,0.180229083106664,0.088784650081952,-0.0257170131367918,-0.0394601289951947,-0.00563324547701356,0.0538449479260424,0.00867074125081891,0.0190970117383969,-0.120445649586261,0.0252752575858656,0.0747274483300164,0.0616633791317583,0.0904408000830628,0.036694932926518,0.124615189592121,0.0729992929877478,-0.0857255976992288,-0.2095399595425,-0.0108234831620024,0.0745653633211107,-0.00539218390188968,0.0180854503085873
"25",0.0427124742063116,0.0451847123752129,0.186979555006384,-0.0117882788884438,-0.0211577196508482,0.0534635757966239,-0.0512859283610662,-0.00137263613131656,0.110516748463447,0.0324892345612139,0.190534348873668,-0.233468741781413,-0.0254990949828499,0.0301323739161127,0.0629389757444727,0.0339769450567266,-0.00916543799963606,0.150740637262605,-0.0574766716293397,-0.0775116019480065,0.0199284799794384,-0.090104938179715,-0.0688368598094213,0.106778095344649,1,0.216511538079514,0.0867179302351839,0.106207090488904,0.00362114390471136,-0.0739330146238247,-0.135350303613612,-0.0662756243818692,-0.280569739122469,-0.17136753021844,0.170255575315436,0.00888631018904046,0.0708847929717071,0.114539479970378,0.0784033176035576,-0.117740793499388,0.135847878331036,0.0477502906597429,-0.0326471514849459,-0.0307082660857239,-0.0666947290384845,-0.191990270307838,0.0802679294934196,0.0302285512099742,0.105112223335776,0.025117900596774,-0.0497262046134848,-0.122227620623231,0.0889448423642876,-0.0818163432994845,0.196493647874465,-0.148220683427865,-0.0729733730106387,0.212733924110737
"26",-0.172201193790123,0.174904488384708,-0.0560421838814947,0.0918972313785995,-0.107959346996575,0.0093606981540587,0.257136020388385,-0.0469357013283377,-0.0346478699691643,0.0587586508610905,-0.00596553987268317,-0.0415034364591086,0.0245933372011147,-0.108331118263903,0.211896995228481,-0.020923864767029,-0.0189986650921632,0.0745951763173786,0.0826654977413467,-0.00920560053868982,0.229502487803629,0.00300835162644915,0.0539169218636606,-0.0636225494357556,0.216511538079514,1,0.0105453046273303,0.00274854913141319,0.047108316513181,-0.0902189118366123,-0.0520730608282505,0.0656638509843061,-0.127560326866908,-0.0510517363678763,-0.058693986689263,-0.194515086970344,-0.0785957577098926,-0.0903549271899237,0.0227602257457699,0.111265462931032,0.124482330751698,0.041755637419753,0.0786103195322718,0.0191592027915299,-0.0666058440983476,-0.198016025935813,0.0315725816802753,0.0543318933249486,-0.0366391078979735,-0.0931999074792716,0.0668888625691998,-0.0910105092332353,-0.0736430281197301,0.0649180650716835,0.0972192823350391,-0.194380752214169,-0.0395364024305403,0.0157615949471372
"27",-0.204463605678253,-0.0204232552681756,0.041157668101139,0.0129391424068037,-0.0423622454903683,0.0574725636497013,0.0807723629563225,0.00099591318799114,-0.0177385840218682,0.0732925091567819,-0.0120388390906409,-0.00454558698689686,-0.0769532605063545,-0.0902704086002124,0.012369854628006,-0.0724730552061569,-0.119133584473258,-0.152613424979421,0.0833856011986652,-0.045352422099177,0.161016838507125,0.183216560534441,-0.0947110495405316,0.0361297646394474,0.0867179302351839,0.0105453046273303,1,0.0628573742771377,-0.0958984864489958,-0.17916452618311,-0.0146897049559422,0.00219001072218429,-0.0291812769833399,0.0153160592611438,0.0519590223402784,-0.00277304091122137,-0.173730058887634,0.0911446071022622,0.119655165859143,-0.0475816477759088,0.0798229033274053,0.055776148288738,-0.126335758413334,0.0306360588575956,-0.154408854619511,0.0645751920513069,0.248319664481065,0.0630445306504347,-0.101140231521432,0.0560463467989469,0.0294492163981176,0.0192064675274236,-0.0167198626835449,-0.140896814179363,-0.0983531367311295,0.0460462774315012,0.0500685437229314,0.091720869738805
"28",0.00262808274075022,0.00385982303283408,0.0966634230859048,0.148974229077921,0.208038766461891,-0.153911741546896,0.050268649288779,-0.030648407011602,-0.117862486025878,0.0107826940320063,-0.0309172784267373,0.0965058987974318,0.012752876084404,-0.0183240875365704,-0.0406683080879677,-0.11163930281639,-0.070984234767736,-0.118766185970062,-0.0656412019409933,-0.0368367198647834,0.0062061440338657,0.120726694829839,0.00467160710312569,0.189081903477885,0.106207090488904,0.00274854913141319,0.0628573742771377,1,-0.136401552253566,0.057980277146961,0.0909388327007529,-0.0169483765168341,0.231338614351269,-0.00677307048949866,0.245610207655751,0.0173516823719296,-0.0624420843620652,0.15651290364703,-0.00274421621250624,0.0329454387201426,0.0286810594270648,-0.0270902554405388,0.0513755115812563,-0.0522130720292964,-0.0304950243205742,0.042790577368363,0.012128229385234,-0.127409444731184,0.0537919095124094,0.0729183300497002,0.064699662903675,-0.0960892288642783,0.0987069073354563,-0.0497671268128007,0.0963544217525925,-0.033932122379835,0.0387401719305987,-0.0145123070758127
"29",0.174623686804217,-0.0678760997112081,0.0729672705243272,-0.0191235278565019,0.113327563487318,0.0136022032073416,-0.0377435007114036,-0.0131266745870378,0.13381999372547,0.0379607028797032,0.15404139407985,-0.190863437380148,-0.0287746204760225,0.0806239149795199,0.108734384661176,0.0140159122331372,0.104407732035143,0.210311405796504,-0.162316635642381,0.0278116615906832,0.0068944670372927,-0.0831445054708595,0.0489269135897458,-0.14525539159337,0.00362114390471136,0.047108316513181,-0.0958984864489958,-0.136401552253566,1,0.0228050355171019,-0.184283828912249,-0.0358928964157088,-0.004632630668764,0.0754379424916821,-0.109366863821631,-0.213316370463431,0.0628831458688958,-0.131984760588928,-0.118771399527104,0.061262134403998,0.0125553544903941,0.12216849486137,-0.0155060024384493,-0.0827713110016523,-0.0202275321422199,-0.132602141282422,-0.0751149180628589,-0.156688656133705,-0.0514616516142342,-0.0259382391774952,0.0767636621987208,0.312202241727294,0.061630146794181,0.143189254047105,-0.142948373093097,-0.0317795489917457,-0.0510342431922791,-0.0295351090254937
"30",-0.0404802848874013,0.0348369687996509,-0.0350240846375641,0.00901935109298549,0.0360583468429557,-0.202000438280788,-0.00700223968951532,0.0257553679349123,0.0179900534611451,-0.138879407492623,-0.153599082376681,0.0827542982048159,0.0878066406681543,0.0268244896710177,-0.014022898801669,-0.103351722367209,0.0567943993702889,0.0721287272053261,0.00590342767484744,0.0460422275037154,-0.259158912398404,0.0978778493249958,-0.104386024439807,-0.124276475546304,-0.0739330146238247,-0.0902189118366123,-0.17916452618311,0.057980277146961,0.0228050355171019,1,0.163497822323407,-0.0895830534530351,-0.00010787128293251,0.089598056249575,0.131257450472874,-0.061090176790029,0.149914483216237,0.056710929630784,0.147302369736215,-0.109141202279898,-0.0802878911520622,-0.0338369972791061,0.0147972812547641,0.0771517547824921,-0.120876109491677,-0.148705007048383,-0.222149308053661,-0.068921775618783,0.0511563245578126,-0.0745923555156503,-0.0529920094108521,-0.0666845954290048,0.126224280228127,0.0352097812582067,-0.145376182003909,0.0976538869004168,0.201555321901923,-0.148803657942792
"31",0.0631219707196032,0.0357949503594605,0.108626866737243,0.10531337334727,0.0547044213962089,-0.0405987420864202,0.0500929516927648,-0.0761945816726099,0.156925630015378,-0.00988062189234351,-0.0295537295934007,0.0490431466289014,0.0183255285208619,0.0427017044964935,-0.202334248991143,-0.0965817448353176,0.0101549449621332,-0.145397716240429,0.239524343641981,0.0663230469606353,-0.0613145214008669,0.0459765628491586,-0.0872670736416134,-0.00245217024237109,-0.135350303613612,-0.0520730608282505,-0.0146897049559422,0.0909388327007529,-0.184283828912249,0.163497822323407,1,0.170018387472984,0.101391112828463,0.116161218883242,0.0965120101823798,-0.0712531779634501,0.24040829678416,0.0247539111500809,-0.00854452187562493,-0.157428780307091,-0.196322863749588,-0.366988536814772,0.0443277453373258,0.0600318096789273,0.0484853898617798,0.0682712910306699,-0.0680682634288336,0.0362581077315971,0.0737220953608391,0.0258309439567971,0.0507174066334539,0.0979257520313214,-0.0972305494482603,-0.080670959133216,0.0123865792776674,0.113913195211378,0.0594533481916051,0.166182946437813
"32",0.0773819156561987,0.0607666132351263,0.0281961953599083,-0.00133574891710635,0.0744000400229147,0.163683873463345,0.0936393411155418,-0.0747033759651278,0.052684111526329,-0.0545753361063405,-0.0020222440830875,0.237009142411626,-0.0559859953879356,0.0768522176157716,-0.0857168603354089,-0.135241013652434,-0.0745251976101999,0.0150521825130056,0.025576984685707,0.252670101406305,0.0938321446561732,-0.00097905564702675,-0.0656699875817744,0.159821471003108,-0.0662756243818692,0.0656638509843061,0.00219001072218429,-0.0169483765168341,-0.0358928964157088,-0.0895830534530351,0.170018387472984,1,0.0672204183877509,0.0175681351104604,0.0765377517671942,0.0783308587746016,0.259083475913045,0.0337096787732698,0.00691022549866651,0.080168282660142,-0.126046837664212,-0.231930377980136,-0.0806341159215915,0.0929449823686057,-0.12151859425189,0.12745873929544,0.0411385121362785,0.0712275649312877,-0.128280907423609,0.0603417443171776,0.0279043504794627,0.0804446433775503,-0.0206182839523082,0.0258591608599186,-0.0769885308101523,-0.100479298747683,0.112319179313824,0.00855584822577286
"33",0.0805017907845618,-0.0283031055279819,-0.150175542985913,0.131749005096968,0.00705351728434628,-0.154397435214158,0.00655893129762646,0.00858053539307876,0.154519800314308,0.0523158226770857,-0.153910832865711,0.0837798752185889,0.0438073342574844,0.119292614154036,-0.0542358509089607,-0.0908625230754604,-0.156888812978261,-0.164598789079039,0.00478581993337304,0.114851206481535,0.0994048257646352,0.0581963211903253,0.0511137689610865,-0.0631281123159652,-0.280569739122469,-0.127560326866908,-0.0291812769833399,0.231338614351269,-0.004632630668764,-0.00010787128293251,0.101391112828463,0.0672204183877509,1,-0.00125897346626584,-0.133068547638736,-0.0225659643856017,-0.204013368724669,0.0173565923052766,-0.042695976653786,0.116168292874537,-0.180100539404545,-0.0868219860928153,-0.110682231933078,0.123712773056647,-0.0023524015079509,0.0468708668750434,-0.169792795462896,-0.189532495942129,-0.035356910861966,0.0144505346705526,0.116556874076685,0.0664554198334595,0.050742226828073,-0.0978015966910443,-0.173983341692846,0.0255014430755363,-0.0823809786959897,-0.07651344356878
"34",0.0220263031251484,-0.227356836736089,-0.153834674843994,0.0194260969685764,-0.0144326499005761,-0.00167135818793515,-0.137019312455688,-0.0483194722449551,-0.131563632199538,0.0791909574854041,0.0202268825792785,0.0155454141755491,-0.0592725414864207,-0.082921607634732,0.0898089407307763,-0.224138539314479,-0.0172563427246233,-0.0952642783570998,0.00214126611273577,0.0309000554666064,0.0014214696378299,0.016991800116818,-0.0391400872441684,0.0558153845347432,-0.17136753021844,-0.0510517363678763,0.0153160592611438,-0.00677307048949866,0.0754379424916821,0.089598056249575,0.116161218883242,0.0175681351104604,-0.00125897346626584,1,-0.0324130543397696,-0.118952051158701,-0.0112106059430785,-0.0423727700529195,0.011195019286231,0.0535607789888349,-0.127827159231179,-0.05034027163873,0.00612389724725562,-0.0309902141913862,-0.060532263838487,-0.0736236823411884,0.00105164839822423,-0.189888892495462,0.0105100517857219,-0.0625873706929396,0.0729594080459523,0.0932006845357176,0.0518262701863174,-0.0784671479988981,-0.178666676837611,-0.0247172934966669,0.141789349448704,0.0490568422331735
"35",-0.217347864900329,0.0383515733922996,0.130770587985624,0.017727633216914,0.00200168509163349,-0.0293109214246186,0.0600710784261629,-0.0327552858935889,-0.00988853249059839,-0.0296831435723647,-0.10412146537902,0.128770953946759,0.163845538473709,0.0156111926722089,-0.00431421589584821,0.166734425822499,-0.0428673110204358,-0.0879496078283031,-0.141498999613591,-0.140349994003555,-0.147217975876553,0.0891057127570857,-0.0779396277086508,0.212900081420466,0.170255575315436,-0.058693986689263,0.0519590223402784,0.245610207655751,-0.109366863821631,0.131257450472873,0.0965120101823798,0.0765377517671942,-0.133068547638736,-0.0324130543397696,1,0.329397514484429,0.10464876528294,0.0753608916749955,0.110986948933242,-0.0900400522346641,0.0794825465619679,0.125486326324904,0.00612670869516964,0.0200783732510743,0.104626634426172,0.203484314038364,0.0345529501941896,0.114460422393295,0.0686421910387888,0.0692295051661207,0.0498122755590221,-0.188056505657562,0.107250424041469,-0.16909464757058,0.133711102815079,0.013933992353937,-0.0115201343284783,-0.0195243924715684
