"","l_Insular.Cortex","r_Insular.Cortex","l_Amygdal.Area","r_Amygdal.Area","l_Bed.Nucleus.of.the.Stria.Terminalis","r_Bed.Nucleus.of.the.Stria.Terminalis","l_Hippocampus","r_Hippocampus","l_Orbitofrontal.cortex","r_Orbitofrontal.cortex","l_Entorhinal.Cortex","r_Entorhinal.Cortex","l_Frontal.Association.Cortex","r_Frontal.Association.Cortex","l_Globus.Pallidus","r_Globus.Pallidus","l_Glomerular.Layer.of.the.Accessory.Olfactory.Bulb","r_Glomerular.Layer.of.the.Accessory.Olfactory.Bulb","l_Glomerular.Layer.of.the.Olfactory.Bulb","r_Glomerular.Layer.of.the.Olfactory.Bulb","l_Granule.Cell.Level.of.the.Cerebellum","r_Granule.Cell.Level.of.the.Cerebellum","l_Hypothalamic.Region","r_Hypothalamic.Region","l_Entorhinal.Cortex","r_Entorhinal.Cortex","l_Vermix.Molecular.Layer.of.the.Cerebellum","r_Vermix.Molecular.Layer.of.the.Cerebellum","l_Lateral.Molecular.Layer.of.the.Cerebellum","r_Lateral.Molecular.Layer.of.the.Cerebellum","l_Anterior.Olfactory.Bulb","r_Anterior.Olfactory.Bulb","l_Posterior.Olfactory.Bulb","r_Posterior.Olfactory.Bulb","l_Subiculum","r_Subiculum","l_Perirhinal.Area","r_Perirhinal.Area","l_PreLimbic.System","r_PreLimbic.System","l_Primary.Cingular.Cortex","r_Primary.Cingular.Cortex","l_Primary.Motor.Cortex","r_Primary.Motor.Cortex","l_Retrosplenial.Cortex","r_Retrosplenial.Cortex","l_Secondary.Cingular.Cortex","r_Secondary.Cingular.Cortex","l_Secondary.Motor.Cortex","r_Secondary.Motor.Cortex","l_Striatum","r_Striatum","l_Ventral.Tegmental.Area","r_Ventral.Tegmental.Area","l_Substantia.Nigra","r_Substantia.Nigra","l_Thalamus","r_Thalamus"
"1",1,0.34648297530356,0.0706857593290782,-0.0788525986813329,0.00381920637670533,-0.0885892346487056,0.143182370516707,-0.0100620077057144,0.30414126509022,0.254694479523206,0.204203227214759,0.203386766548077,0.00992509604037071,0.103701813191564,0.193025355029991,-0.0808284372269378,-0.415432881471458,-0.0277221751421778,0.0635990886091761,-0.0824590811598979,0.0318971350552043,-0.102342378523503,-0.0794084412282011,-0.0640110816065649,-0.0280278000774586,-0.133184041348902,0.0419665144301352,0.0684778984554592,0.275299255625175,0.0697525334023338,-0.0430376393031116,-0.00197617829166334,0.184601813432865,0.004587469198869,-0.0459359880667652,0.184484266744042,-0.0436247439745946,-0.0721267669163879,-0.195461496098825,0.0506220923678921,-0.290162277119031,-0.206700816678028,0.106615919122999,-0.0332172557367163,-0.10493861512908,0.0545727631552334,-0.0118823944108099,0.0536017240074103,-0.127221511781115,-0.0401868007782369,0.193798970321303,0.0203808506601217,0.0218492301637957,-0.119668836977846,0.00101963066300998,0.0677553958753254,-0.0447928284683214,0.145168222162576
"2",0.34648297530356,1,0.10545062445063,-0.130941182437495,0.1765239856304,0.0692964672458783,0.0535136709067856,0.0676030739430352,0.139093024013302,0.298221660155221,0.048231046711376,0.274051892815052,-0.0756080662806514,0.0211266779207551,0.197375825696002,0.126358219475634,-0.204874948885573,-0.0765863302697852,-0.0683801860412653,-0.00533607586045425,-0.141084905951161,-0.0510090021819897,-0.00882821503084835,0.0799666175137018,0.134546611179247,-0.176218450918177,0.0511543223183537,-0.0927153382557918,-0.00759804170656527,0.047922255024213,-0.072844549424633,0.0903956386476674,0.248086489569096,0.178432866727762,-0.158485945621169,0.129070245966325,-0.0990082437112186,-0.062959396217048,-0.0251104388463981,-0.093474603012411,-0.16862172664605,-0.142547888976059,-0.0170287970694731,0.0318186865296102,-0.0567804976377578,0.0523544383439262,0.116279856286216,-0.109668066085951,0.0410041518296389,-0.114765131071926,0.178247515075111,0.423084088792158,0.143871634776014,-0.163797547599671,0.0130762810465952,0.0662789537795008,-0.0530866983360528,0.107232252234287
"3",0.0706857593290783,0.10545062445063,1,-0.0620467491422789,0.0487717849478183,-0.0601694090193078,-0.00545808172684192,-0.0816098346511114,0.229596327443059,0.102061954039859,0.101919492655118,0.30289868121512,0.0611517658448938,-0.00985716946100321,-0.0637758842162625,-0.0479748288882661,0.146220801393875,-0.0227567410997585,-0.127932111071264,0.0302594903185549,-0.0712358381802115,0.068925462980995,0.0914021754766621,0.0864896944730606,0.0688745945839046,0.0899534420553248,-0.0796494151908957,-0.113533077091844,0.102089395548982,0.00669134175929821,0.0107247512203637,0.048371262939347,-0.0577957290419588,0.201350174239864,0.041912736203155,0.0993489931938581,-0.0405795061656961,0.111101644393508,0.102885730100371,0.0739403048249208,-0.136065872685588,-0.165933860444568,-0.0554425365139897,-0.0440452007741719,-0.0728975355430998,-0.233177694645782,-0.0107095652518015,0.0361101211973787,0.285873359510208,-0.210318975123117,0.0670694835129734,-0.014356475845772,0.0348061862932412,0.171064863511857,0.26701231469507,-0.0391456407864771,-0.003606739356568,0.0112462487565419
"4",-0.0788525986813329,-0.130941182437495,-0.0620467491422789,1,-0.222815041540128,-0.0137894421321807,-0.0353285675958007,-0.115712511779066,-0.198119507477913,-0.202764592030796,-0.226587599241418,0.16809927758805,0.0836615210732394,0.0747763242206503,-0.100894217890819,0.148124860848881,0.160277339933763,-0.0142959417663351,-0.0756650586448154,-0.0629573523378965,0.153805759612057,-0.0657644400710453,-0.0163704011126607,0.0698657690502591,-0.035526925094226,0.148883286696261,-0.107842323206068,-0.0500568126440875,-0.138859348510378,-0.00398134548234226,-0.0760595272883105,-0.0614413907830499,-0.069056613347431,-0.146732379219509,0.142127034245927,-0.0417170149570395,0.130902883559714,0.181836128003081,0.0685623424351187,-0.0498713250882631,-0.129936208730764,0.103467732919044,-0.109366498044645,-0.20431943743489,-0.160286848679832,0.0482408278550077,0.0887198331166365,0.124994947849164,0.0245739588771278,0.0379505653796264,-0.199870849644607,-0.0960638986620617,0.106083732730668,-0.0774682686597369,0.0917531022239119,0.0771203941623411,0.147098016611823,-0.243078996711262
"5",0.00381920637670533,0.1765239856304,0.0487717849478183,-0.222815041540128,1,0.047393768227789,0.00570296052901816,0.189793818786893,-0.0668565992823163,0.07142284376513,0.13684598710179,-0.0179740753403844,-0.0389499330285048,0.138786319468479,0.0755095049947541,-0.02745368283634,-0.0564777678479082,-0.058991687848554,0.069605896130282,-0.129864244320926,-0.0426874815920648,0.0705347456726182,-0.0224422875273781,-0.0602725693714613,0.230577796959079,-0.0197603540417956,-0.0620540933292108,0.0310065497828933,-0.135532308338737,0.187992419097562,0.0184429169611071,-0.120434392752873,0.224298897495029,0.147945754435766,0.0274653636305912,0.0983650137070425,-0.00526659165363542,0.0845828964635238,0.0317049495564212,0.0153235608476727,-0.0661733336349689,-0.00502013053577219,-0.124950551636024,0.0131599849424918,-0.174483715977888,0.0388486500232191,0.163489902294798,-0.0981389073881907,-0.114203130893804,0.0290050637281999,0.0825198309777322,0.0804480270585397,0.0947896780947789,-0.134056898006646,0.050828751896967,0.028787452504754,0.0834236626567748,0.0777388824205108
"6",-0.0885892346487056,0.0692964672458783,-0.0601694090193078,-0.0137894421321807,0.047393768227789,1,0.0554773394568147,-0.055076043219231,-0.023141120029293,0.015549205489267,0.0792133900478275,0.134695477140754,-0.0997951498203582,0.0473707047622776,0.0502778430761225,0.0549851978634353,0.0792442129892402,-0.0582547704166956,-0.147325510755098,-0.00612628644064435,0.0879451163789034,-0.108661479038571,-0.0312984712994909,0.0531394491380944,0.159132642465386,-0.0382149169553923,-0.0462669132080422,0.0444868231127018,-0.0779797959455333,0.0490312101170161,0.095981231795513,-0.00642029332921831,0.177289921375398,0.265485156815028,-0.313333799902333,0.0990577044799328,0.0243914224347639,0.0778575620136569,0.0211085949117883,0.0787046642287651,0.00378113172679322,-0.113364624475243,-0.0204891662071093,0.011251869265467,-0.00419543891574321,-0.128631319993312,0.174403241406957,-0.0522013382647723,-0.187184017550619,-0.109405293021501,0.0876954626424124,0.138372329379344,0.0754506555480903,-0.189369196229139,-0.0272102704751675,-0.00748577713759144,0.055070458900752,0.0392142823041427
"7",0.143182370516707,0.0535136709067856,-0.00545808172684192,-0.0353285675958007,0.00570296052901816,0.0554773394568147,1,0.062409213090586,-0.157504321965103,0.100593953080135,0.0827631936045254,0.0757770940264775,0.145422962190353,-0.0728040930197089,0.14492179287855,-0.0139118148801044,-0.0479360529033922,-0.189883515057785,0.0033164539957656,0.0694541229984317,0.0691645375379056,0.0449461228945647,-0.267693707191007,-0.169062972217378,0.2784084563749,-0.0399298262906222,-0.0913393744828917,-0.0379257436319957,0.136273360207613,-0.0379723889807631,0.0505217379033827,0.149394775092851,-0.0686523886228489,-0.102892241689492,0.0925865750910358,-0.0922727926522829,0.140274425373542,0.281895183764851,-0.210242348533892,-0.263894734660414,-0.147769519967871,-0.0776796702543777,0.0977406835712712,-0.0888621017788755,-0.0883600385848452,-0.0117286099685942,-0.0146589035250766,0.181818746887151,-0.0287928707323825,-0.145883549439157,-0.045140470622503,0.0141071085236204,-0.0147723791441444,-0.103518912371352,-0.0377674331985402,0.0292577233410231,0.131606689117853,0.0420599687459945
"8",-0.0100620077057143,0.0676030739430352,-0.0816098346511114,-0.115712511779066,0.189793818786893,-0.055076043219231,0.062409213090586,1,0.0177846161941503,0.0691726800488071,-0.0662053672447521,-0.0865755648482135,-0.0659556564264145,0.171835643255193,-0.0685146859743708,-0.114479033964188,-0.00630315801414501,0.0136492597493155,0.0825850477905037,0.0555453289202307,-0.0995068647231105,-0.0442627102749387,0.111895539802586,0.00180357063635506,0.134345791606494,0.0666467967653279,-0.131084041848955,0.18554584463027,0.041884043380819,0.103096091507223,-0.0445442886132787,0.220310151636894,-0.114837144940753,-0.154325324491238,-0.0139387243487042,0.254245733724157,0.102177924963435,0.0600913262274506,-0.0938523545940461,0.0111408920986155,-0.052819125441338,-0.00341432035882087,0.00584241256239751,0.175351162626174,-0.0289440947771819,0.0309960135025602,-0.0355191926616249,-0.184095068224861,-0.0350333818614873,0.132131075904009,-0.0381095102105162,-0.0835018700542295,0.0628904458259227,-0.124815066960362,0.0419253139260854,-0.0333232330773508,0.117303430796928,0.167411636046256
"9",0.30414126509022,0.139093024013302,0.229596327443059,-0.198119507477913,-0.0668565992823163,-0.0231411200292929,-0.157504321965103,0.0177846161941503,1,0.384366752360682,0.137706179483819,0.125392578714552,0.119929691231521,0.167674887961192,0.0710978300237641,-0.0714189857369383,-0.00621518978457719,0.121733206023954,-0.129835265275723,0.0602460792772136,-0.101463407118207,-0.0380420136929721,0.132151586034942,0.173769932271257,-0.0910010049906757,-0.066672257845055,-0.025355914700785,0.142952437049088,0.126673171718175,0.0212392162575057,-0.0332511300582885,0.0797891678360605,0.0869989518659471,0.024686662350731,-0.09119795172763,0.0519551789866733,-0.0412841749571798,-0.0504784627300481,-0.0413197798553475,0.178116704266976,-0.195813958862113,-0.135918546818489,0.255764987626229,0.176417242853602,0.00457801248054189,-0.0987815164452683,0.0189400814408491,-0.0731364524632718,0.0654572722779936,0.109337408566305,0.0753994931585704,-0.0725823069654564,0.245204113225872,0.127123199722139,0.00298131661497672,-0.0626832261578698,-0.171622432756619,0.0822764244913912
"10",0.254694479523206,0.298221660155221,0.102061954039859,-0.202764592030796,0.07142284376513,0.015549205489267,0.100593953080135,0.0691726800488071,0.384366752360682,1,0.0858388826542161,0.0474624870159573,-0.0288400515798745,-0.0449495637895763,0.211053925401442,-0.0241417121633742,-0.235697064557736,-0.0107723990508532,-0.082163606190742,-0.061547782652301,0.0400264231270674,-0.00941580553029148,0.10817052399051,0.0687939865957568,0.0478708982625939,0.0250898050719853,-0.0864915160372037,-0.0382309022426961,0.104180778818364,0.00771150500713195,-0.116018968685354,0.0319731341100743,0.0536392932150468,0.184922338765888,0.057157531188997,0.130154995769525,0.0172184953241601,-0.222862239612105,-0.0391221727357962,0.0931547993952308,-0.163928842101221,-0.111883370205828,0.135203580089409,0.217994365450751,-0.064446629915049,0.0339569730372557,0.0538471648770163,-0.0185404511521665,-0.0644367447496443,-0.0480570583638775,0.270454943246551,0.0848920970991414,-0.0210542010849602,-0.0169498447112566,0.00415208287052,-0.0264004735207977,-0.180087741553535,0.296140028017807
"11",0.204203227214759,0.048231046711376,0.101919492655118,-0.226587599241418,0.13684598710179,0.0792133900478275,0.0827631936045254,-0.0662053672447521,0.137706179483819,0.0858388826542161,1,0.0501118418656737,0.028198610029983,-0.0905227822639789,0.0617894538598176,-0.0236970740822895,-0.00936339890885047,-0.203847165121727,-0.018655394960967,-0.208145386093328,-0.0829637245782928,0.0147050516231027,0.111179165335777,-0.127435843985535,0.0948182578939851,-0.0601105408907957,-0.0630865665007707,-0.0571422955237589,0.156025990004908,0.0272219047253864,-0.11631210769493,-0.307186444868764,0.186553784571924,0.219086192680971,-0.050415850232788,0.16611761664439,0.025769461413232,-0.053535344016618,-0.0282832501942552,0.162445117402423,-0.0868501098549202,-0.249843849765671,-0.0759114286205866,-0.0549381051022626,-0.0527939765847054,-0.211683803571496,-0.127657612989517,0.0817660365889743,-0.11971327866245,-0.11916706202127,0.0699485171268391,-0.113943241205789,0.146504499150266,0.0784232021057735,-0.0804954743281361,0.0176626601113628,-0.0282977882469658,-0.0219805511530086
"12",0.203386766548077,0.274051892815052,0.30289868121512,0.16809927758805,-0.0179740753403844,0.134695477140754,0.0757770940264775,-0.0865755648482135,0.125392578714552,0.0474624870159573,0.0501118418656737,1,0.125590075457398,0.115695102203303,-0.0445620470873576,0.030927900078778,0.0478583498523653,-0.0935775241062808,-0.118094907777125,-0.0788188052176212,-0.0406934466585598,0.00617273953081143,0.0702195054764598,-0.0998542471936414,0.0116337545305269,0.0878451980296376,0.0220279888722916,-0.0784117730824554,0.132551761088491,0.0403149337109396,-0.0530439269094413,-0.0258574923132667,0.0899016815801394,0.0728195051554606,-0.106916052463279,-0.0238634943096387,-0.0980606369478335,0.14788892161512,0.120633653216219,0.138431633257477,-0.12499323741788,-0.126909266954403,-0.111671252872795,-0.0513357721445392,-0.197373812157707,-0.0726840639156806,0.0871487089836861,0.177113880057945,0.161109157428714,-0.0583487827596484,0.00277478986264953,0.199219916649324,0.0447411840122235,-0.0818431252384186,0.123804674204101,-0.128024700600894,0.0809943535597043,0.0892749883837007
"13",0.00992509604037071,-0.0756080662806514,0.0611517658448938,0.0836615210732394,-0.0389499330285048,-0.0997951498203582,0.145422962190354,-0.0659556564264145,0.119929691231521,-0.0288400515798745,0.028198610029983,0.125590075457398,1,0.0242283106720702,0.0858392084832711,0.13650634380719,0.161510927860597,0.0771217002292203,-0.00291878130409868,0.211327464744784,-0.177298928142991,-0.0743071709371787,0.168701239725488,0.0774612570185853,-0.0329353487941859,0.0159731279033655,-0.0673545959281526,0.0566158468247102,0.0219022616920837,-0.0343614306338093,-0.00140567693263124,0.0587037989149977,0.0222797046634543,0.00961990749800793,0.197147952664583,-0.0801699116268246,-0.0505712036211366,0.219478601960045,-0.120915630496149,0.12199202220414,0.00767284471464922,-0.021640053312476,-0.00020695698199422,-0.0660246077194771,-0.119429226391287,-0.091932566737629,-0.130973509589499,-0.0163686850794542,0.422023772960528,-0.07474861934379,-0.067198454359784,0.116239295874282,0.0509867284634196,-0.042569778358361,0.276943703381024,0.0306358682757241,0.00585889765834985,-0.02400313817081
"14",0.103701813191564,0.0211266779207551,-0.00985716946100321,0.0747763242206504,0.138786319468479,0.0473707047622776,-0.0728040930197089,0.171835643255193,0.167674887961192,-0.0449495637895763,-0.0905227822639789,0.115695102203303,0.0242283106720702,1,-0.0663729220128662,0.0262662568742695,0.0356721124098329,0.305686012906551,-0.0039107875851858,0.0278330327588589,-0.0834614398871273,-0.0877366559125803,-0.140269055595604,-0.0148646108947047,0.0870619355747067,0.0232891666639219,0.168336266581721,0.129091184758741,0.024475803560381,0.157190548412978,-0.0884485438701532,0.0030798427078978,0.031434589331222,-0.0068244620635505,0.00348125997182554,-0.0961367809184909,-0.074039388172086,-0.0384233244409415,-0.134642103026892,0.0646715270699208,-0.103109762425636,-0.0261495286016,0.0887198480885567,0.0412372702511072,0.118533482447934,0.0914575729725961,0.193349843576829,-0.0375529573710157,0.00214109451839902,0.443852107285321,-0.177966612403147,0.117976893878946,-0.0324856973852807,0.0244336821938121,0.122431753362021,-0.0863832016117608,0.0880154339246514,0.113515745411558
"15",0.193025355029991,0.197375825696003,-0.0637758842162625,-0.100894217890819,0.0755095049947541,0.0502778430761224,0.14492179287855,-0.0685146859743708,0.0710978300237641,0.211053925401442,0.0617894538598176,-0.0445620470873576,0.0858392084832711,-0.0663729220128662,1,-0.0949033543171879,-0.128295881152861,0.0719766789043078,-0.0144761452663431,-0.0675657618789711,-0.0815887445278193,-0.0346395770404054,0.0497502247649572,0.0858769812507465,0.120171563313934,0.00011464205957365,-0.0504233558186206,0.149380938801336,0.148458834286165,0.0820784072429163,-0.0177027867240291,0.0230789746635428,0.0241061003718725,0.123975906051776,0.0580179177786187,0.140901501633946,-0.0106928260303706,0.0524420835369479,0.0550914374901111,0.0752054478648012,-0.00854033029792773,-0.149492903076128,0.0249246891149798,-0.00686001565732896,-0.103102948641629,-0.0644224262340044,-0.157450341430252,-0.01724755968518,-0.0249446993400639,-0.027563586134326,0.276409652356789,0.0957346661045771,0.0691652034683274,0.0269223465813826,-0.0749020255130662,0.168353048024307,0.14569244741024,0.0247382141340421
"16",-0.0808284372269377,0.126358219475634,-0.0479748288882661,0.148124860848881,-0.02745368283634,0.0549851978634353,-0.0139118148801044,-0.114479033964188,-0.0714189857369383,-0.0241417121633742,-0.0236970740822895,0.030927900078778,0.13650634380719,0.0262662568742695,-0.0949033543171879,1,0.0518490855660373,-0.0596040306828693,-0.168757298136722,0.0553118506638692,-0.192312620846474,0.0203551493164663,-0.0147211040258222,0.0690214546295554,-0.00206243399047795,0.0424527508539324,-0.0339669421816618,-0.147626876485439,0.0375228258104132,-0.0171841133305,0.0316739901069712,0.0077017314548135,0.127225227078183,0.0629034759784476,-0.0646542582043916,-0.215010854522291,-0.180722550225609,-0.0882833709103286,0.0916428377508817,0.105668695232089,-0.150261586831352,0.0468726599501776,0.0594966437664358,-0.0212441268188071,0.0307892347794101,-0.0294428125620639,0.0320016076167909,-0.0851298134132416,0.137511796922706,-0.175893378691814,0.0994038552523634,0.44194479498119,-0.0578449388106079,-0.0629671975080738,0.0639495202452978,0.0137928014476895,-0.132696539676992,-0.280826981983167
"17",-0.415432881471458,-0.204874948885573,0.146220801393875,0.160277339933763,-0.0564777678479082,0.0792442129892402,-0.0479360529033922,-0.00630315801414501,-0.00621518978457719,-0.235697064557736,-0.00936339890885047,0.0478583498523653,0.161510927860597,0.0356721124098329,-0.128295881152861,0.0518490855660373,1,0.0189971159045795,-0.080120185995481,0.0489627166855706,-0.0258673822199063,0.163776530856386,-0.0773510773744514,-0.0397562726717417,-0.0607854352510618,0.00079430595591702,-0.0898861994145867,0.03532103261187,-0.145989894888123,0.00028678717232637,0.071425806770558,0.0699783821555881,-0.104380739445823,-0.0788956423559924,0.00490129206205758,-0.0913452302577158,-0.169753702435282,0.29429161279921,0.19416467651978,-0.0375961811375341,0.0207561288068878,0.103462605771806,-0.0793843390375925,-0.0497607589180947,0.119174433419473,-0.155417306372713,-0.0185165692633564,-0.0956635937492562,0.30351946156224,0.00652533151409027,-0.258303272603541,-0.0169275470145443,0.0902966482930515,0.136267661657667,-0.00528596068993382,-0.0329173009043631,0.0336175050847429,-0.207523174032397
"18",-0.0277221751421778,-0.0765863302697852,-0.0227567410997585,-0.0142959417663351,-0.058991687848554,-0.0582547704166956,-0.189883515057785,0.0136492597493155,0.121733206023954,-0.0107723990508532,-0.203847165121727,-0.0935775241062808,0.0771217002292203,0.305686012906551,0.0719766789043078,-0.0596040306828693,0.0189971159045795,1,-0.0733583846163306,0.152290597933237,-0.0125378523949362,0.0624503178622261,-0.151169896661246,0.0612413476700697,-0.180728054121653,0.0263755622807558,0.0930741398337033,0.09264079986324,0.0223309859096772,0.0267179704781987,-0.0368033083828706,0.142152292316212,-0.031444082966013,0.0925066626100504,0.185296709008583,-0.0514046281696774,-0.0737080153967539,-0.0527542738801572,0.0720077667816174,0.0305951748959812,0.176112474665616,0.194466465950436,0.0589551250146949,-0.0764654055958356,0.172702983956154,0.237567859541708,0.0956474661250493,-0.084058901892481,0.0034027774475225,0.423990834152399,-0.209985468985294,-0.100990999809911,0.023026082078315,0.0772826022524449,-0.0180159827521543,0.185932084257424,-0.0588132685218931,0.0589055587433773
"19",0.0635990886091761,-0.0683801860412653,-0.127932111071264,-0.0756650586448154,0.069605896130282,-0.147325510755098,0.0033164539957656,0.0825850477905037,-0.129835265275723,-0.082163606190742,-0.018655394960967,-0.118094907777125,-0.00291878130409868,-0.0039107875851858,-0.014476145266343,-0.168757298136722,-0.080120185995481,-0.0733583846163306,1,-0.0852907639679481,0.070323353146114,-0.11914631138228,-0.0783126492036338,-0.020808927600454,0.0181640948249564,-0.156183404462172,0.0460778457889054,0.00203996184655452,-0.0541514063690229,-0.0243451629758717,0.220596726121035,-0.077060444975886,-0.098058864095053,-0.0706733350982055,-0.0873892596822566,0.138801236537722,0.0417958946709975,-0.120881872608728,-0.209539948948013,-0.164280244292046,0.0890981661987734,0.0932844216098913,0.0549736579887076,0.131591054243816,-0.0169943573154538,0.0828180791045971,-0.0389707129686035,0.137777377398039,-0.0293006136567396,0.0782042652778262,-0.0505856474238735,0.0193140459926092,-0.0785272958816022,-0.0558746832896848,0.130548503759249,-0.0634050014654922,-0.0526946169683617,0.0197275925091087
"20",-0.0824590811598979,-0.00533607586045425,0.0302594903185549,-0.0629573523378965,-0.129864244320926,-0.00612628644064435,0.0694541229984317,0.0555453289202307,0.0602460792772136,-0.061547782652301,-0.208145386093328,-0.0788188052176212,0.211327464744784,0.0278330327588589,-0.0675657618789711,0.0553118506638692,0.0489627166855706,0.152290597933237,-0.0852907639679481,1,-0.0753912523147285,-0.0195355170880692,-0.10282721197539,0.0126458168719586,-0.0743069057849618,0.0104948212298895,-0.166026369117195,0.126017638288537,0.125833798801509,-0.109242395957297,0.102480179259907,0.305279944924053,-0.0970190937819088,-0.165702410119399,0.141356079047968,-0.0723509235949402,-0.0130239633625119,0.153789459110681,0.161296563664916,0.00745477042558635,0.105972832717435,0.124849993104021,0.287603894543961,-0.120672772135709,-0.00585133226519636,-0.00323081711543947,-0.0139512112352802,-0.00586339230636488,0.392322916242271,0.0397299685984785,0.0568496397499947,0.108522083499759,-0.127423298328315,-0.177301791136724,-0.00321110107427988,-0.0001313139309772,-0.0214497633998321,-0.065592190631965
"21",0.0318971350552043,-0.141084905951161,-0.0712358381802114,0.153805759612057,-0.0426874815920648,0.0879451163789034,0.0691645375379056,-0.0995068647231105,-0.101463407118207,0.0400264231270674,-0.0829637245782928,-0.0406934466585598,-0.177298928142991,-0.0834614398871273,-0.0815887445278193,-0.192312620846474,-0.0258673822199063,-0.0125378523949362,0.070323353146114,-0.0753912523147285,1,-0.0699897334585757,-0.0627605284907458,-0.114142773846113,-0.00231662360709678,-0.018099228532651,-0.126711674893009,0.0537717444483259,-0.0632201439020061,-0.0617840637308307,-0.0259764746408488,0.0369707869498819,0.0153268366615693,-0.129677610631716,0.0797273886183778,0.0111608803638972,0.0908047357307759,-0.160962643525826,-0.0664920678688834,-0.136116916574791,0.00455594235278879,4.93017787704581e-05,0.147818654347513,0.0700390387239032,-0.0506161401484376,0.183405533903345,0.102509210789402,0.0439251472864702,-0.201110567571273,-0.124903747815911,-0.0460034790118773,-0.102395443148558,-0.113792471051261,-0.19132074580039,0.0251165298418792,0.0683738640933782,0.076163557515888,0.0712557189818652
"22",-0.102342378523503,-0.0510090021819897,0.068925462980995,-0.0657644400710453,0.0705347456726182,-0.108661479038571,0.0449461228945647,-0.0442627102749387,-0.0380420136929721,-0.00941580553029148,0.0147050516231027,0.00617273953081143,-0.0743071709371786,-0.0877366559125803,-0.0346395770404054,0.0203551493164663,0.163776530856386,0.0624503178622261,-0.11914631138228,-0.0195355170880692,-0.0699897334585757,1,-0.0338579880988296,-0.0389975808372877,-0.159485711182316,-0.216276901595214,0.0613215688484086,0.0651681922299686,0.0625724574645771,-0.0745575732454737,0.0567873218292069,-0.133477010184291,0.0555821676600788,0.0843677272996933,0.161090166677137,-0.0601282451681656,0.0333813099058548,0.110534951139528,0.0968958013356284,0.00231735972282255,0.0311842788274537,-0.0138615961414121,-0.00375213029592155,-0.0867971728845992,0.200681842951758,0.0978539910438146,-0.0497354179869705,-0.127237937087289,0.094712631381031,0.094255094343755,-0.187769940689193,-0.0526237284447205,-0.0743290582810933,0.0205054010354969,-0.0486743116482351,0.224780427844395,-0.0934643566321026,-0.0541385997389633
"23",-0.0794084412282011,-0.00882821503084835,0.0914021754766621,-0.0163704011126607,-0.0224422875273781,-0.0312984712994909,-0.267693707191007,0.111895539802586,0.132151586034942,0.10817052399051,0.111179165335777,0.0702195054764598,0.168701239725488,-0.140269055595604,0.0497502247649572,-0.0147211040258222,-0.0773510773744514,-0.151169896661246,-0.0783126492036338,-0.10282721197539,-0.0627605284907458,-0.0338579880988296,1,0.228526709565964,0.0356895702236303,0.161863229637736,-0.0562416336331999,-0.140568964605016,-0.097760034758058,-0.0849037837702264,-0.178036391150103,-0.153410248005908,-0.0737066729262019,0.0022629471748746,0.0476877679587679,0.140846060389699,0.029303244052572,-0.13056935432185,0.0464545285698552,0.295383769350127,0.00765114532865988,-0.206191141658587,-0.131437437811194,0.00978237330840881,-0.165681354540636,-0.192976417559744,-0.20646343955578,-0.0539608616539623,0.0987279150427362,-0.120649382281144,0.156390389485886,-0.0336441341065028,0.00910967019141443,-0.0256276910427198,0.0569628518374499,-0.0237888309078124,-0.0311763235014244,0.104564553269823
"24",-0.0640110816065649,0.0799666175137018,0.0864896944730606,0.0698657690502591,-0.0602725693714613,0.0531394491380944,-0.169062972217378,0.00180357063635506,0.173769932271257,0.0687939865957568,-0.127435843985535,-0.0998542471936414,0.0774612570185853,-0.0148646108947047,0.0858769812507465,0.0690214546295554,-0.0397562726717417,0.0612413476700697,-0.020808927600454,0.0126458168719586,-0.114142773846113,-0.0389975808372877,0.228526709565964,1,0.1446665061652,0.20327203775641,-0.0812553943353285,0.0560441518624609,-0.0453786060517285,-0.0936290374865566,0.0745309862391639,-0.144073949704087,0.0760659547131531,-0.140345580745151,-0.0586644955648502,0.0984959346483429,-0.0553121650472236,0.025644754867652,0.0798715325741512,0.0935824025975896,-0.0473115877274852,0.0597359106367401,0.0279487630511257,0.0904542647122849,-0.0072112050043807,-0.0229286994371562,-0.103609474743974,-0.0438622139777635,0.173764265132936,0.115745257680216,0.0597127507441891,-0.00732618064774092,0.128023892528683,0.0390425648751679,0.0351495680683867,-0.203226192554789,0.0532223231012779,0.103314512918343
"25",-0.0280278000774586,0.134546611179247,0.0688745945839046,-0.035526925094226,0.230577796959079,0.159132642465386,0.2784084563749,0.134345791606494,-0.0910010049906757,0.0478708982625939,0.0948182578939851,0.0116337545305269,-0.0329353487941859,0.0870619355747067,0.120171563313934,-0.00206243399047795,-0.0607854352510618,-0.180728054121653,0.0181640948249564,-0.0743069057849618,-0.00231662360709678,-0.159485711182316,0.0356895702236303,0.1446665061652,1,0.116812390805056,-0.0709614904053743,-0.0372319500054329,-0.0408616044824079,0.116382749207549,0.1223439417808,0.0746867727184802,0.0185161974003893,-0.0931971156662618,-0.18369227261237,-0.00750866510097767,0.0777384257146183,0.0839942063012323,-0.138116961420671,-0.157875797706957,-0.209973971763338,-0.145223474500453,0.0399793114514812,0.136678971441876,-0.148351765789429,-0.119133232245248,-0.15743613074853,0.145401174088051,-0.0300777188967983,-0.0280154140406859,0.215905350463649,0.108416530588317,0.00879281706386121,-0.0721452564780395,-0.00959533992746987,-0.0524976283444446,0.249477076926994,0.06441173892332
"26",-0.133184041348902,-0.176218450918177,0.0899534420553248,0.148883286696261,-0.0197603540417956,-0.0382149169553923,-0.0399298262906222,0.0666467967653279,-0.066672257845055,0.0250898050719853,-0.0601105408907957,0.0878451980296376,0.0159731279033655,0.0232891666639219,0.00011464205957365,0.0424527508539324,0.00079430595591702,0.0263755622807558,-0.156183404462172,0.0104948212298895,-0.018099228532651,-0.216276901595214,0.161863229637736,0.20327203775641,0.116812390805056,1,-0.305601623382152,0.0814106583645952,-0.0645193504202003,0.0313915423833194,0.044921851256426,0.0320802273553155,-0.152092411453341,-0.199796480761393,0.161207168747427,0.0429657191625157,0.197996908434956,0.148490264598101,0.128898201371399,0.0586090122257622,0.107476294689584,0.0333705296983878,-0.190560656924313,-0.110853082298204,-0.114021129026561,-0.26726199289466,0.11988011668532,-0.0869123168826046,0.0541594138525485,-0.0116706370388546,0.0423890634349026,-0.203929513767934,0.175478522565665,0.139469465574651,0.024008972066672,-0.0435739301276485,0.144962369794627,0.0269538574388582
"27",0.0419665144301352,0.0511543223183537,-0.0796494151908957,-0.107842323206068,-0.0620540933292108,-0.0462669132080422,-0.0913393744828917,-0.131084041848955,-0.025355914700785,-0.0864915160372037,-0.0630865665007707,0.0220279888722916,-0.0673545959281526,0.168336266581721,-0.0504233558186206,-0.0339669421816618,-0.0898861994145867,0.0930741398337033,0.0460778457889054,-0.166026369117195,-0.126711674893009,0.0613215688484086,-0.0562416336331999,-0.0812553943353285,-0.0709614904053743,-0.305601623382152,1,-0.0404863726552906,0.180153315188382,-0.0311130394797759,-0.0285586383127231,-0.0780785840359135,-0.0645300977354697,-0.0212421377082337,-0.230550417298667,-0.087416509293249,-0.231823153869057,-0.136630814192663,-0.230626104494718,-0.165444036655392,-0.104313848574516,0.0103866245215845,-0.0793924473262887,0.162294674734338,0.351597224332079,0.230005045236161,-0.00586759121632357,0.104375353301225,-0.08499836681728,0.106651193492938,-0.133016056704761,-0.00900445738208132,-0.114848470998354,0.149537025153536,-0.0582664907963059,-0.183335547856556,0.0926828485248692,0.11574965034095
"28",0.0684778984554592,-0.0927153382557918,-0.113533077091844,-0.0500568126440875,0.0310065497828933,0.0444868231127018,-0.0379257436319957,0.18554584463027,0.142952437049088,-0.0382309022426961,-0.0571422955237589,-0.0784117730824554,0.0566158468247102,0.129091184758741,0.149380938801336,-0.147626876485439,0.03532103261187,0.09264079986324,0.00203996184655452,0.126017638288537,0.0537717444483259,0.0651681922299686,-0.140568964605016,0.0560441518624609,-0.0372319500054329,0.0814106583645952,-0.0404863726552906,1,0.0901496903082462,0.270584375855147,0.0039003427252331,0.071322126212304,-0.110883339916774,-0.144049631407618,0.0464450353604287,0.110024832118606,0.054829414968015,0.148284504758502,-0.0619283725258814,-0.0405268224726324,-0.0323690520882534,0.0268192506904706,0.227592078212816,0.0350890245631843,0.0962366384738637,0.0563172274392094,0.0386839344347501,-0.0902482489100608,0.0234471203335387,0.134167652631312,-0.00585863203147134,-0.166044751405083,0.248293065084855,0.0523485057117487,-0.00837957457913362,0.169924669825687,0.0379471611505588,0.156533590152785
"29",0.275299255625175,-0.00759804170656527,0.102089395548982,-0.138859348510378,-0.135532308338737,-0.0779797959455333,0.136273360207613,0.041884043380819,0.126673171718175,0.104180778818364,0.156025990004908,0.132551761088491,0.0219022616920837,0.024475803560381,0.148458834286165,0.0375228258104132,-0.145989894888123,0.0223309859096772,-0.0541514063690229,0.125833798801509,-0.0632201439020061,0.0625724574645771,-0.097760034758058,-0.0453786060517285,-0.0408616044824079,-0.0645193504202003,0.180153315188382,0.0901496903082461,1,-0.0494403106285529,0.0384816821904197,-0.109703684854447,-0.00324328119805261,-0.0322483288914398,-0.0265715232412043,0.0433556850499198,-0.00554814062307089,-0.117625169315995,0.00078607176995726,0.087505497878559,-0.158545443426539,-0.0605223505442114,0.285153573501307,0.201231461479046,0.00325128460800476,-0.0135750612426862,-0.163564513765106,0.0220012426100923,0.0700862893034973,0.124746957692398,0.0730899661079811,-0.0503616345090587,-0.19307133264266,0.0579521035221539,-0.0780559353983547,-0.154334109395346,0.012454411360087,0.185446373914086
"30",0.0697525334023338,0.047922255024213,0.00669134175929821,-0.00398134548234226,0.187992419097562,0.0490312101170161,-0.0379723889807631,0.103096091507223,0.0212392162575057,0.00771150500713195,0.0272219047253864,0.0403149337109396,-0.0343614306338093,0.157190548412978,0.0820784072429162,-0.0171841133305,0.00028678717232637,0.0267179704781987,-0.0243451629758717,-0.109242395957297,-0.0617840637308307,-0.0745575732454736,-0.0849037837702265,-0.0936290374865566,0.116382749207549,0.0313915423833194,-0.0311130394797759,0.270584375855147,-0.0494403106285529,1,-0.00116296176274813,0.240904764099645,0.00878603832399863,0.216204251342957,0.0080916358090495,0.118552597779601,0.188015897899724,0.177652932574129,0.00059458831540696,-0.062914166393107,-0.0865982930579314,0.00806849961398808,-0.0414391263629687,0.252482194973239,0.0280502513331494,0.0185923215892461,0.0402520369427189,-0.0389740044305831,-0.0545580982972513,0.166671964190277,-0.0316507975905436,0.177410289088561,0.266581807096701,0.168541997076455,0.0963258243084349,0.163146950060229,0.107069035409987,0.0477202560572602
"31",-0.0430376393031117,-0.072844549424633,0.0107247512203637,-0.0760595272883105,0.0184429169611071,0.095981231795513,0.0505217379033827,-0.0445442886132787,-0.0332511300582885,-0.116018968685354,-0.11631210769493,-0.0530439269094413,-0.00140567693263124,-0.0884485438701533,-0.0177027867240291,0.0316739901069712,0.0714258067705581,-0.0368033083828706,0.220596726121035,0.102480179259907,-0.0259764746408488,0.0567873218292069,-0.178036391150103,0.0745309862391639,0.1223439417808,0.044921851256426,-0.0285586383127231,0.0039003427252331,0.0384816821904197,-0.00116296176274813,1,0.00245216316777188,-0.00271327046442188,-0.0393551211698398,-0.125517320861002,-0.0252444672715132,0.121074105943044,0.0895036037410545,0.0547861349110823,0.0662588651047319,-0.0266489777919858,0.00977494212712464,0.0896004632403799,0.0127934738521155,-0.102523285510867,-0.0715143969010668,-0.16898370173012,-0.020511716346577,0.182346964318506,0.114946279325699,0.00635163245643135,-0.0272761312296918,0.0794981518045738,0.0582808298195622,0.060406437434783,-0.00820516794851799,0.232439789379845,-0.0257623071492496
"32",-0.00197617829166334,0.0903956386476674,0.048371262939347,-0.0614413907830499,-0.120434392752873,-0.00642029332921831,0.149394775092851,0.220310151636894,0.0797891678360605,0.0319731341100743,-0.307186444868764,-0.0258574923132667,0.0587037989149977,0.0030798427078978,0.0230789746635428,0.0077017314548135,0.0699783821555881,0.142152292316212,-0.077060444975886,0.305279944924053,0.0369707869498819,-0.133477010184291,-0.153410248005908,-0.144073949704087,0.0746867727184802,0.0320802273553155,-0.0780785840359135,0.071322126212304,-0.109703684854447,0.240904764099645,0.00245216316777188,1,-0.260903359896438,-0.0148935974961105,-0.062710480792831,-0.0186781329016325,0.0457889931874918,0.0881267534817557,0.172229029813163,-0.129028717827052,-0.0120969131953812,0.16068557544891,0.105063090992993,0.227512464245617,-0.0417243813476268,-0.14517371564449,0.0608817247178783,-0.0847751127572031,0.0593621483541908,-0.0312864100076589,0.04318574227134,0.0620655853375584,-0.118218191084049,-0.0199892963676818,-0.063995833324453,0.0507572170138973,0.0648428232180076,-0.153355884545659
"33",0.184601813432865,0.248086489569096,-0.0577957290419588,-0.069056613347431,0.224298897495029,0.177289921375398,-0.0686523886228489,-0.114837144940753,0.0869989518659471,0.0536392932150468,0.186553784571924,0.0899016815801394,0.0222797046634543,0.031434589331222,0.0241061003718725,0.127225227078183,-0.104380739445823,-0.031444082966013,-0.098058864095053,-0.0970190937819088,0.0153268366615693,0.0555821676600788,-0.0737066729262019,0.0760659547131531,0.0185161974003893,-0.152092411453341,-0.0645300977354697,-0.110883339916774,-0.00324328119805261,0.00878603832399863,-0.00271327046442188,-0.260903359896438,1,0.12977171509,-0.126680738693978,0.0202534818960303,-0.0881793932563586,-0.180687710947427,-0.0162890885531277,0.167153587714181,0.0153679159927025,-0.0664680478138086,-0.0532073121786037,-0.153089460839694,-0.00311380274862335,-0.00244658301730307,0.00650789260631257,0.0435559307636341,-0.0102717510463058,0.141575741506342,0.0456019958708945,0.266273104120434,-0.00753167600540925,-0.317264652628401,0.0318771831943857,-0.0249603920120113,-0.183483535162122,0.0513387411547303
"34",0.004587469198869,0.178432866727762,0.201350174239864,-0.146732379219509,0.147945754435766,0.265485156815028,-0.102892241689492,-0.154325324491238,0.024686662350731,0.184922338765888,0.219086192680971,0.0728195051554606,0.00961990749800793,-0.0068244620635505,0.123975906051776,0.0629034759784476,-0.0788956423559924,0.0925066626100505,-0.0706733350982055,-0.165702410119399,-0.129677610631716,0.0843677272996933,0.0022629471748746,-0.140345580745151,-0.0931971156662618,-0.199796480761393,-0.0212421377082337,-0.144049631407618,-0.0322483288914398,0.216204251342957,-0.0393551211698398,-0.0148935974961105,0.12977171509,1,-0.0734986465748601,0.203033062224039,0.0639011486105484,-0.114807729102573,0.197654018426488,0.177205812295764,0.0833321574562147,-0.13559856549156,-0.216240088259538,-0.0206924395542222,0.0932773399491619,-0.0968494638486649,0.141711147570095,-0.0393536033206614,-0.167559969645489,-0.0907415602161507,0.0503970489050204,0.208247811917754,0.0984916903404179,0.0297954432851073,0.0616222195075727,0.0844783952922969,-0.130457708278037,-0.071209657422593
"35",-0.0459359880667652,-0.158485945621169,0.041912736203155,0.142127034245927,0.0274653636305912,-0.313333799902333,0.0925865750910358,-0.0139387243487042,-0.09119795172763,0.057157531188997,-0.0504158502327881,-0.106916052463279,0.197147952664583,0.00348125997182554,0.0580179177786187,-0.0646542582043916,0.00490129206205758,0.185296709008583,-0.0873892596822566,0.141356079047968,0.0797273886183778,0.161090166677137,0.0476877679587679,-0.0586644955648502,-0.18369227261237,0.161207168747427,-0.230550417298667,0.0464450353604287,-0.0265715232412043,0.0080916358090495,-0.125517320861002,-0.062710480792831,-0.126680738693978,-0.0734986465748602,1,0.0880230091426883,0.139501295179375,0.173369915386307,-0.0122050586715924,-0.0474048163444864,-0.0313123879292621,0.0382818619447213,-0.0123210158261603,-0.188282605037352,-0.133321383270944,0.1110053154207,-0.088162408697559,-0.0804489717796035,0.106331039007862,-0.0292198444759319,-0.0519634018513022,-0.221255904705643,-0.0340613414799459,0.0980902961540703,0.0432282392331875,0.211308374707506,-0.0219922153841315,-0.0807966750875192
