"","l_Insular.Cortex","r_Insular.Cortex","l_Amygdal.Area","r_Amygdal.Area","l_Bed.Nucleus.of.the.Stria.Terminalis","r_Bed.Nucleus.of.the.Stria.Terminalis","l_Hippocampus","r_Hippocampus","l_Orbitofrontal.cortex","r_Orbitofrontal.cortex","l_Entorhinal.Cortex","r_Entorhinal.Cortex","l_Frontal.Association.Cortex","r_Frontal.Association.Cortex","l_Globus.Pallidus","r_Globus.Pallidus","l_Glomerular.Layer.of.the.Accessory.Olfactory.Bulb","r_Glomerular.Layer.of.the.Accessory.Olfactory.Bulb","l_Glomerular.Layer.of.the.Olfactory.Bulb","r_Glomerular.Layer.of.the.Olfactory.Bulb","l_Granule.Cell.Level.of.the.Cerebellum","r_Granule.Cell.Level.of.the.Cerebellum","l_Hypothalamic.Region","r_Hypothalamic.Region","l_Entorhinal.Cortex","r_Entorhinal.Cortex","l_Vermix.Molecular.Layer.of.the.Cerebellum","r_Vermix.Molecular.Layer.of.the.Cerebellum","l_Lateral.Molecular.Layer.of.the.Cerebellum","r_Lateral.Molecular.Layer.of.the.Cerebellum","l_Anterior.Olfactory.Bulb","r_Anterior.Olfactory.Bulb","l_Posterior.Olfactory.Bulb","r_Posterior.Olfactory.Bulb","l_Subiculum","r_Subiculum","l_Perirhinal.Area","r_Perirhinal.Area","l_PreLimbic.System","r_PreLimbic.System","l_Primary.Cingular.Cortex","r_Primary.Cingular.Cortex","l_Primary.Motor.Cortex","r_Primary.Motor.Cortex","l_Retrosplenial.Cortex","r_Retrosplenial.Cortex","l_Secondary.Cingular.Cortex","r_Secondary.Cingular.Cortex","l_Secondary.Motor.Cortex","r_Secondary.Motor.Cortex","l_Striatum","r_Striatum","l_Ventral.Tegmental.Area","r_Ventral.Tegmental.Area","l_Substantia.Nigra","r_Substantia.Nigra","l_Thalamus","r_Thalamus"
"1",1,0.57124551483237,0.0557973167430603,0.00339133239656681,-0.0139672772714455,-0.0523669268846953,-0.0754001692708203,0.156791726929783,0.300717798366204,0.299444592489157,0.209337936947619,0.255974118592473,0.0549659299912377,-0.0151424931579972,0.259554069832456,0.0245971711850675,0.279857852405681,-0.0885654239452897,-0.1649108012966,-0.0711089829861305,-0.0555940277908666,-0.00232500119377381,-0.00756232187516442,0.0591935397087761,-0.105970649622832,0.127793376618279,0.130187282267685,-0.0135673207419299,0.0972180863584319,0.0554798133009558,-0.076902139037559,0.030512754880985,0.316484804322059,0.173019652984185,-0.0840497458827945,-0.108357450136598,0.114691133043592,0.238636982664303,0.251908470806987,0.232829679157011,0.117683283485829,0.165955439689618,-0.27676555881646,-0.157242432636782,0.0632029364555707,0.00835991151407155,0.073016081692392,0.110286248969222,0.0890906871044612,0.00042304204540294,0.0659798070030989,0.255660733803655,0.0234645411066822,0.0207932940203304,0.0964295324987916,0.202821750428563,0.00416492338594888,-0.0223083918172432
"2",0.57124551483237,1,0.0565867066468589,0.0931490197597418,-0.0404369894734651,0.227286257837184,-0.0659666898941217,0.284185341042928,0.413977162745419,0.467858012792388,0.163587399034374,0.309187507194743,0.00725538966134414,0.100465908070832,0.181532007178097,0.125112151985471,0.220656527944904,-0.256053521955187,-0.00425126659759459,-0.124559282418518,0.00044972705386714,0.0301183005846351,-0.109982060438092,-0.112453894379933,0.10211549922294,0.184594877952842,0.22516247926131,0.151717114847577,0.122681888995875,0.126493630348725,0.0353954865137294,0.105008558637108,0.36482711287513,0.249569054661316,-0.0226768129236012,-0.0217760772446483,0.195175467608084,0.340039042064611,0.275671694260605,0.172053165089265,0.194891269473852,0.142198047784786,-0.19250199100286,-0.155419763082268,0.157546166059206,0.105979905323905,0.164945509402,0.079699856260358,0.0619882042581332,0.143547753537327,0.176391869065756,0.427726042804762,-0.0486030482759395,-0.0366724054415433,0.0447257513660122,0.112732520954085,-0.192517586611365,-0.00792842646737944
"3",0.0557973167430603,0.0565867066468589,1,0.0334984861607404,0.0426757532649002,0.112681862523087,0.117550458507373,0.0462223329914014,0.0829386937495371,-0.00999156162896821,0.242279902264031,0.12723289445005,-0.0200443853926821,0.0133125706075136,0.0473782418851183,0.0699461251690654,-0.0260854913294968,-0.0534728612473374,-0.0570531347031701,-0.0190304340514737,-0.120677063178906,0.0371219646656472,-0.106650528859123,-0.0342487085917836,0.0714603746095547,0.311771896015572,-0.0688405875035044,0.0167701045692668,-0.252963199208256,0.138576354554485,0.0406951106080022,-0.0476614573221459,0.0822549265169549,0.0721386620626471,0.00709557092350558,0.0417644234200776,0.0711245363717901,0.119891694413649,0.0814936235689543,0.0697641802147546,0.102126889361977,0.0315142937087798,0.0220761090894304,-0.184173018938814,0.188658690711828,0.0816545236855657,0.0587083894446698,-0.0306841911979049,-0.0289301673079164,-0.0628725600221665,0.106711870396392,-0.00043785176266322,0.0536664015089102,-0.0991948384343415,0.114578261100744,-0.144304508879936,0.0336754818241683,0.0617818870806299
"4",0.00339133239656681,0.0931490197597418,0.0334984861607404,1,-0.0806280916371451,0.129181491647928,0.156824197022778,0.103538431486618,0.1779172971644,0.18145264606532,-0.0616027685212522,0.193624530557722,-0.0758277149879932,-0.0605929685354864,0.0297746591323708,-0.0999284414931013,0.118541029564971,-0.171357620473209,-0.11313819877081,-0.0419582921021767,0.146657680510745,0.134018449655337,-0.0519547405061011,-0.0687625538220561,0.108711404573576,0.303808393548052,0.111371089279036,-0.0117715856753423,-0.0143514348819841,0.110542057427325,0.0728657856438666,0.0747429482749714,-0.0388058891266386,-0.0752980644394206,0.0431111204902086,0.197888829265692,-0.0366089898103862,0.0446417835363347,0.108608165493534,0.00178059083445371,-0.0834456059864401,0.0458980570878909,0.040387969683548,0.0636881975034294,0.0771096908503824,0.114703200601441,-0.00402625995339869,-0.0730218455729295,0.0408550323503735,0.101649606132715,-0.0229585817894589,-0.0828892725864022,0.210747676537804,0.141429646809438,0.00805931951942801,-0.0542710448568886,-0.184135660637389,-0.232960021142193
"5",-0.0139672772714455,-0.0404369894734651,0.0426757532649002,-0.0806280916371451,1,0.084630432606926,0.16631232321192,-0.00146570233506306,0.162828630276434,-0.0494255060216579,0.126955372866595,0.0605337580988044,0.0780228157303242,-0.033691324520859,-0.00498710159592869,-0.114517835270527,-0.0280849155797379,-0.084696452331104,0.249588563514926,0.254705391139402,-0.0526073668682042,0.0071307630602334,0.103624087148614,-0.0189494341944072,0.0935009222901847,0.0561689934591626,0.0659348680786267,-0.074126744615799,0.0565449538335081,-0.0304186791021139,-0.0467124343684201,0.135067680535702,0.0567169580615675,0.130241697326804,-0.0661888548011736,0.0736175814156628,0.0552577106025556,0.136254800934135,0.226835446440901,-0.00335744166623083,-0.0795611414258639,-0.277097625438526,0.1464646612674,0.0182234565994526,-0.232306699763578,-0.0983374806872591,0.101801999243546,0.0817854490195157,0.0147713465528933,-0.113576182191744,-0.145248638667786,-0.106472213322037,0.0477236687123711,-0.127926683941675,-0.135417417533768,-0.130218120071221,0.260970909737911,0.281046498738066
"6",-0.0523669268846953,0.227286257837184,0.112681862523087,0.129181491647928,0.084630432606926,1,-0.0114465415562233,0.162571848425199,0.113991295924516,0.0535695223196639,-0.022823173602582,-0.0347556573852586,0.166812093668837,0.218142271905195,0.10156327256776,-0.0404508806398222,0.0571230504873232,-0.0669497534748826,0.0570876109857411,-0.0040079684295848,0.0419590456875946,-0.116117011742919,0.0449584637614443,-0.014411200234592,-0.0259326947965011,0.0795164395199572,0.0944620712958664,0.00569943092814268,-0.182199476591429,0.0681153459552901,0.036455460739911,0.0724929231973431,-0.0469439553363676,-0.0154502493886658,0.0305306656905509,0.147044470076681,0.071520746304504,0.117048694510602,0.0577772285191172,-0.0974239932448277,-0.0193693484374376,0.0919772415013131,2.52618142497279e-05,0.0490775359065179,-0.0134615708712659,0.200246855993495,0.0572452241412186,0.036936627822195,0.0403875725298345,0.181986102974034,-0.103836989460317,0.236350065763989,0.0313473629240477,0.0114846496301627,-0.109819689580193,-0.0437715726149293,0.139411426858145,0.289318420967726
"7",-0.0754001692708203,-0.0659666898941217,0.117550458507373,0.156824197022778,0.16631232321192,-0.0114465415562233,1,0.158421348836111,0.0725896737281076,0.239600407244705,-0.0442461495017795,0.106463121933511,0.0864267803698497,0.113555398180324,-0.0742657891398111,0.062644403265203,0.0732111235890017,-0.0258112159543768,0.0495047531771022,0.180503993117706,0.0484528489941017,0.0811190146453977,0.333423415974932,0.215229699221976,0.233953041480827,0.265870038967549,-0.00712016748875726,0.163943716624371,0.261877073897729,0.127382138755383,-0.0206305088652189,0.277086693410984,0.11710565365012,0.0913008701586016,0.39678098312833,0.0825378736379326,0.0342667527811098,0.0126110755480546,0.111612123359068,0.0614897698479255,-0.0121199808273837,-0.119772390857001,0.166516467914343,0.229749750962371,0.140631706118996,0.0874415763117502,-0.015402274164664,-0.134839230663867,0.152182203411507,0.108392039539678,-0.0552078235179471,-0.0277244731368666,0.26038552562784,0.0553030019405784,-0.00414013647690215,-0.0607943154994915,0.0687743110018183,0.132371320356019
"8",0.156791726929783,0.284185341042928,0.0462223329914014,0.103538431486618,-0.00146570233506306,0.162571848425199,0.158421348836111,1,0.136279055644702,0.237850305517921,0.127464904033806,0.186685753194081,0.155230536808981,0.1600029383543,0.0821506563798517,-0.131855959945989,0.184780654873018,0.07712907404249,0.259517741592645,-0.0184443733851349,0.0285725366303463,0.123390924498059,0.102365989543449,0.1592662497513,0.113296423247558,0.0687854271697199,0.126553944743775,0.125873012232701,0.0278701365959414,0.0785885985293524,-0.105272417514777,0.101473042414127,0.328087839942919,0.043858408473869,0.0419445912045141,0.143196684226418,0.0815423022202195,0.258489743049681,0.175784457150636,0.167762228224399,0.1047933852734,0.147850128871552,-0.0895485643965087,0.0925790853189847,-0.00347144516453851,0.140567919627378,0.144681954383562,-0.0508943321032716,0.0351261347929536,0.160552968149314,0.0699760708999215,0.153195860189891,0.0640157006714518,0.0177535070964197,-0.0442083084277358,0.09016592180485,0.128572057960572,0.110252663072464
"9",0.300717798366204,0.413977162745419,0.0829386937495372,0.1779172971644,0.162828630276433,0.113991295924516,0.0725896737281076,0.136279055644702,1,0.373289453896682,0.0645080909315563,0.286882774592919,0.018792694071213,0.0974280551351551,0.092889121331249,-0.0116013667954825,0.404553141716424,-0.236188342165749,0.0277361979742431,-0.0814571834342219,-0.0620306139776761,0.166322061637531,-0.0615834510762296,-0.198665310294143,0.0359598397193502,0.218312590985511,0.134364914984107,0.0205088028831986,0.157340759709518,0.0563542249721404,0.105548731990157,0.0730311854885007,0.201158338691406,0.150177137846615,0.0894526854363194,0.0687325355175351,0.114238704682718,0.29410171525418,0.281325764752908,0.176139123716927,0.156756513959706,0.0127556955548138,0.0299479704480911,0.113707105175856,0.154240550596448,-0.0239490494138792,0.108567005820707,0.0115869739139556,0.187017828406461,0.15040749738988,-0.0332731343072629,0.0906088147455559,0.0687618367993004,-0.138410170671118,0.00605688451722338,0.111819975163137,-0.0971988171273264,-0.00561760396115373
"10",0.299444592489157,0.467858012792388,-0.00999156162896821,0.18145264606532,-0.0494255060216579,0.0535695223196639,0.239600407244705,0.237850305517921,0.373289453896682,1,0.0161447943521839,0.291827614219466,0.0432428768848699,0.22198178409551,0.17175164016769,0.0935887875915168,0.192946138778741,-0.0666421395203628,0.00778634986334922,-0.0464393920366095,0.183804929313965,0.0819076302004656,0.0837924042329824,-0.0224401078606387,0.0547736529014038,0.294995712128913,0.237970574593004,0.271727154710408,0.282562070531186,0.212522138202899,0.122017570100569,0.293042717797834,0.239855167277131,0.128509351744851,0.226674478773593,-0.0629997948669113,0.0749524342198561,0.11587481424313,0.176129027331853,0.119837929993969,0.260386979873903,0.292179581628132,-0.0884060454962975,0.160878728647055,0.16446775385072,0.116772046730098,0.150954886640615,-0.018199959488744,0.198920663830131,0.415462987474237,0.111565572492062,0.272248628405549,0.174959597366729,0.182945762619688,-0.0148650848544468,0.152405748365569,-0.183063031074777,-0.100184824119565
"11",0.209337936947619,0.163587399034374,0.242279902264031,-0.0616027685212522,0.126955372866595,-0.022823173602582,-0.0442461495017795,0.127464904033806,0.0645080909315563,0.0161447943521839,1,0.231350781124884,0.0341066996062553,0.107480942324799,0.2088034305788,0.219311145717128,-0.00152752761327588,0.00140833396058258,-0.0430841086406892,0.123877835530702,-0.101370036836071,-0.0494557003220338,-0.0496107057805244,-0.00373319883763733,0.0108815535454097,-0.00654159193290926,0.089912298292941,-0.0479927087404878,-2.78716334415252e-05,-0.103939382673222,-0.0455003496882612,-0.111785174068747,0.131988795469321,0.00108444509109621,-0.0355965364130037,-0.158133689624324,0.120442394560314,0.121146957408811,0.0919513480174125,0.151922429497715,0.0716335005745296,0.0622427943065295,-0.107782153615609,-0.0930066525034593,0.0996411300463559,-0.0384491669484389,0.104249706945245,0.0294124081151051,-0.0449521141241551,0.0734684622832103,-0.00861766928299235,0.0474196128763995,-0.120625940578287,-0.0360176667465904,-0.0131869362288825,0.0216647508021333,0.0192086661591922,0.145955030072715
"12",0.255974118592473,0.309187507194743,0.12723289445005,0.193624530557722,0.0605337580988044,-0.0347556573852586,0.106463121933511,0.186685753194081,0.286882774592919,0.291827614219466,0.231350781124884,1,0.114207623018209,0.143528719312966,0.111094542190601,0.133036335228565,0.301471443181449,0.0596137474609697,0.0876946500656313,-0.184135062890005,0.115239033904367,0.117119100495153,-0.0731607562522915,-0.0649258002209306,0.0499722347660545,0.0941383630420336,0.181133354174125,0.143668768246947,0.10013782472052,0.103898460057836,0.152243180239859,0.0364170962579692,0.38763645731696,0.281145511457366,0.107239154773823,-0.0926178659698297,-0.0117915818750083,0.173016386029105,0.221345105387488,0.308751914049054,0.114680819759398,0.0123154804625665,-0.0238754925722216,0.178840736249928,0.0567501765872485,-0.152675045055401,0.0722227116469466,-0.0566290222970015,0.141549830214629,0.190150587135494,0.0256411350143219,0.279690127077609,-0.012502756356829,0.132832707615621,0.021997868117373,-0.0503280257435079,-0.00894774485834864,0.12096105461305
"13",0.0549659299912377,0.00725538966134414,-0.0200443853926821,-0.0758277149879932,0.0780228157303242,0.166812093668837,0.0864267803698497,0.155230536808981,0.018792694071213,0.0432428768848699,0.0341066996062553,0.114207623018209,1,0.221561022120562,0.136708733313907,-0.0622634785596332,0.312535510658509,0.0208794629492056,0.160149079935083,0.110189429462603,-0.0777188308105731,-0.00172416271815413,0.0659313443796403,0.140923644970482,-0.245907165528531,0.0261821189777154,0.396821275894936,0.198264441643644,0.0355877767032536,0.181639832823188,0.210082765577135,0.10799707843598,0.19314698271661,0.093810175353829,-0.00797796996881866,0.0434922487248149,-0.289129637005988,-0.24583357041066,-0.100841064549373,-0.0842369115515492,-0.00874459095758636,0.0063522331859231,0.171189608950615,0.212069273551079,0.116404665011979,0.18575638083383,0.103688471920012,-0.0741372401528633,0.665397006810511,0.285168208481731,0.142580732773737,0.100543656546869,-0.0499338989537195,0.0084427039832241,-0.091796906709623,0.00747626846885996,0.0460840612036907,0.254770826021465
"14",-0.0151424931579972,0.100465908070832,0.0133125706075136,-0.0605929685354864,-0.033691324520859,0.218142271905195,0.113555398180324,0.1600029383543,0.0974280551351551,0.22198178409551,0.107480942324799,0.143528719312966,0.221561022120562,1,0.045534275015203,0.0841013878749941,0.144826651108102,0.304221967156859,-0.0704862361274882,0.0493330490935383,0.00938269776971734,-0.0359257916657006,0.191393987779744,0.0417332600204627,-0.00792159310470064,-0.0178331415349254,0.224116657625968,0.192318681778365,0.0411132267891506,-0.050513032806764,-0.17232789499403,0.171986758318254,0.122790898464391,0.12446889353238,0.0962265760611235,0.0438638259359332,-0.172942698996559,-0.0580947583367435,0.0244191251441406,-0.125520519876815,-0.0236392106281518,0.166528067701379,-0.112056569084603,0.12260970723943,0.0794673964577599,0.219743214072296,-0.164688479629749,0.0234277449817057,0.127506320316612,0.70614611384851,-0.167664196735303,-0.0201062417313123,0.00428536433949399,0.0695633825717785,-0.207369283849512,0.114260980818497,-0.0703010027131538,0.143996327300881
"15",0.259554069832456,0.181532007178097,0.0473782418851183,0.0297746591323708,-0.00498710159592869,0.10156327256776,-0.0742657891398111,0.0821506563798517,0.092889121331249,0.17175164016769,0.2088034305788,0.111094542190601,0.136708733313907,0.045534275015203,1,0.221768513675744,0.096584335002708,0.101314263707783,0.107853964366977,-0.0138777683071879,-0.068904028018446,-0.0490243915829937,-0.0863723290496592,-0.00954611231367855,-0.0678130945686509,0.0441370657716135,0.149748762348122,0.0934787268525396,0.0117989776081485,-0.00481906447612699,0.0152143633313682,-0.0302242703672012,0.0403021319590592,0.0683259779522342,-0.18147112687626,-0.0660508918291232,-0.071434612410375,-0.0182450154348238,0.116428479786913,0.095475565430705,0.0761266970104794,0.0799712809710731,-0.0941687071600264,-0.0144125947042139,-0.130984349501409,-0.204265812638468,0.0950323403719016,0.0163966394541169,0.093277530621768,0.0987134234557757,0.144294916635904,0.190107251605804,-0.180848749384249,0.0231885893807953,0.0428417706256048,-0.165990182122184,0.121436797799795,-0.0533345868814588
"16",0.0245971711850675,0.125112151985471,0.0699461251690654,-0.0999284414931013,-0.114517835270527,-0.0404508806398222,0.062644403265203,-0.131855959945989,-0.0116013667954825,0.0935887875915168,0.219311145717128,0.133036335228565,-0.0622634785596332,0.0841013878749941,0.221768513675744,1,0.145588689595263,0.0430658327683497,-0.0677074299677595,-0.0204535710799868,-0.0325812045846954,0.0562249898102585,-0.128290817419921,-0.0200194024050553,0.199677105361274,0.106014948573464,-0.0320284461960786,-0.0155449921318595,0.101755188552146,0.0938784980372556,0.00506524321969778,-0.0438752611618331,0.128217778206723,-0.103985187969547,0.0173092814745072,-0.167726299574461,0.00105396460716877,-0.0282848871801104,-0.0120863281161641,0.184425108753231,0.107146608712669,0.00313812568568688,-0.0936676857985482,0.019870916015322,-0.100160147787495,-0.227218794318728,-0.166639173684518,-0.113594525375241,0.0130337198671805,0.0907283017026738,-0.0287620859696733,0.14638515134834,-0.129687227077825,0.0810462624990385,0.151038838389014,-0.0206984464268632,0.123309277218043,0.0208638153616912
"17",0.279857852405681,0.220656527944904,-0.0260854913294968,0.118541029564971,-0.0280849155797379,0.0571230504873232,0.0732111235890017,0.184780654873018,0.404553141716424,0.192946138778741,-0.00152752761327588,0.301471443181449,0.312535510658509,0.144826651108102,0.096584335002708,0.145588689595263,1,0.0168621677698468,-0.0445414472897963,-0.104031283774592,0.0510682954032771,0.0830889076529052,0.00321712347676442,0.134424176759831,-0.11777603612062,0.124185849174164,0.181980324929547,0.129633965503468,0.123833692276214,0.120274491015486,0.11980996091993,0.037030039755562,0.345256623440455,0.208793585401187,0.092777454929126,-0.0553330608881964,-0.12874516781781,-0.00107452800810601,0.325209791151795,0.245135720108359,-0.0152632515370658,0.0189482361626114,-0.0185104755145355,0.0806314247162098,-0.00348708731466792,-0.0465059670754505,-0.0730826636696613,-0.23397810584039,0.386755369684746,0.167307489085052,-0.077045902994975,0.0821324606970882,-0.115053684807045,0.0176554375586968,-0.0170546171185368,0.0741825134564962,-0.1823695236863,-0.00530970829855329
"18",-0.0885654239452897,-0.256053521955187,-0.0534728612473374,-0.171357620473209,-0.084696452331104,-0.0669497534748826,-0.0258112159543769,0.07712907404249,-0.236188342165749,-0.0666421395203628,0.00140833396058258,0.0596137474609697,0.0208794629492056,0.304221967156859,0.101314263707783,0.0430658327683497,0.0168621677698468,1,-0.0588945065219536,0.0791164794317724,0.0354347424984542,-0.0199990158162911,0.160589641255213,0.233373810509231,-0.0312293494169503,-0.148397666658709,-0.0551946112208494,-0.0648137065531727,-0.0885026437972877,-0.2019334316007,-0.110811278994766,0.0470625125611306,0.0447863214624791,0.0804862606930044,0.000686718189121,-0.0323052068745033,-0.129629234173747,-0.13280009254841,-0.0303655709614171,-8.2911126366791e-05,0.20545686046729,0.227301085906058,-0.0160322657567374,0.0286652444528444,-0.118545440375004,-0.0606927238091625,-0.113145062164496,0.0971575298729306,0.0543702871159621,0.213014400404573,-0.188372000849684,-0.0815705546608007,-0.186236269375798,0.0512789411475787,-0.102139348829292,0.052641303318748,0.0880909989809369,-0.0351484723040974
"19",-0.1649108012966,-0.00425126659759459,-0.0570531347031701,-0.11313819877081,0.249588563514926,0.0570876109857411,0.0495047531771022,0.259517741592645,0.0277361979742431,0.00778634986334922,-0.0430841086406892,0.0876946500656313,0.160149079935083,-0.0704862361274882,0.107853964366977,-0.0677074299677595,-0.0445414472897963,-0.0588945065219536,1,0.046739811051567,0.0224385853105991,0.0378343293127935,0.0404337307079016,0.100137798779693,0.114691320217688,-0.00559401424417108,0.114284465922011,0.0937432127916667,-0.0316584392842488,0.0992775508136339,0.394073335878004,0.18877629188926,0.243390890651601,0.200343600412268,-0.00987919840166056,-0.00506470225322444,0.07939070656723,0.0562874143163686,0.018453433601228,0.0375060602765732,-0.138605236877893,-0.180855606161068,0.151342320495942,0.0768681762760571,-0.309053506240003,-0.161829893799502,0.0659953874396086,-0.113208544569139,0.00700982132254265,0.0412720416129103,0.109343714984195,0.0542237687414424,0.104677495466692,0.00595710050143741,-0.0714571018575323,-0.060321983167379,0.245505661054401,0.155736858052357
"20",-0.0711089829861305,-0.124559282418517,-0.0190304340514737,-0.0419582921021767,0.254705391139402,-0.0040079684295848,0.180503993117706,-0.0184443733851349,-0.0814571834342219,-0.0464393920366095,0.123877835530702,-0.184135062890005,0.110189429462603,0.0493330490935383,-0.0138777683071879,-0.0204535710799868,-0.104031283774592,0.0791164794317724,0.046739811051567,1,-0.0542448867443932,-0.111620923062863,0.237057361860627,0.0927961060973906,0.0197736509448098,-0.193932339222303,0.146703575569154,-0.161634174857355,-0.0679036535464749,-0.143605242236973,-0.0574822499065143,0.268202238047812,-0.0528633291053371,0.0362118899495793,0.0817581457516309,-0.0508455204806503,-0.0278802690955736,-0.0646884506773679,-0.112429053961617,-0.0766869586422507,-0.12132543767667,-0.161534609038921,0.0218405367819285,-0.0327936762654643,0.0545263615317977,-0.0392486665222335,-0.1594753363997,-0.0135747284556326,-0.00702469792968782,-0.065829759201621,0.0435293441449875,-0.105201529058412,-0.0364247992849557,-0.162893440386781,-0.0725634982233136,0.201995666109278,0.0397162013627597,-0.0344252791363313
"21",-0.0555940277908666,0.00044972705386714,-0.120677063178906,0.146657680510745,-0.0526073668682041,0.0419590456875946,0.0484528489941017,0.0285725366303463,-0.0620306139776761,0.183804929313965,-0.101370036836071,0.115239033904367,-0.0777188308105731,0.00938269776971733,-0.068904028018446,-0.0325812045846954,0.0510682954032771,0.0354347424984542,0.0224385853105991,-0.0542448867443932,1,0.0382675725848081,0.00203323993549144,-0.047261124008135,-0.111019897435434,0.0568160494942479,0.0936558732957118,0.156777466486493,-0.0400118947125273,0.0844333207686464,0.018558040258324,0.146986957896525,-0.0691052432210748,-0.0533932494895321,0.139374417383623,0.0817710095651894,-0.105645743466645,0.00979509545392865,-0.0886636674936288,-0.11249708973183,-0.0202962840341431,0.184701977639067,0.0116311046625472,0.13825724083384,0.150356291106454,0.177335868933768,0.0287929702670281,0.0133092380174821,-0.0512240709341014,0.121646773135487,-0.264089252891149,-0.153670581147248,0.0490794532522705,0.149287019986547,-0.0782590664518365,-0.0855151963562918,-0.294620566062098,-0.223971991057074
"22",-0.00232500119377381,0.0301183005846351,0.0371219646656472,0.134018449655337,0.0071307630602334,-0.116117011742919,0.0811190146453977,0.123390924498059,0.166322061637531,0.0819076302004656,-0.0494557003220338,0.117119100495153,-0.00172416271815413,-0.0359257916657006,-0.0490243915829937,0.0562249898102585,0.0830889076529052,-0.0199990158162911,0.0378343293127935,-0.111620923062863,0.0382675725848081,1,-0.0569464083953963,0.0139120828670978,0.188429636157726,0.0754849728412148,-0.0307696557571692,0.0622748358116519,-0.064524905503997,0.213198892602299,0.229683846861938,0.0526134588055807,0.110865569988232,-0.00769317696034631,0.106595612970589,-0.0485676964670491,0.0138848594518387,0.0568749171786571,0.117313164629856,0.0619759482073136,-0.0216294930021085,0.030835725803065,-0.0178518874429447,0.0350201491205547,-0.0180217724008828,0.00122793187875839,-0.00033725874992928,0.0508150636423334,0.0564748133540056,-0.059621538733313,-0.0222436392361405,-0.061090285077679,-0.0351134819075306,-0.0635093758039095,0.038870309578551,-0.0158014544130848,-0.0160322317919978,0.0179849686898105
"23",-0.00756232187516442,-0.109982060438092,-0.106650528859123,-0.0519547405061011,0.103624087148614,0.0449584637614443,0.333423415974932,0.102365989543449,-0.0615834510762296,0.0837924042329824,-0.0496107057805244,-0.0731607562522915,0.0659313443796403,0.191393987779744,-0.0863723290496592,-0.128290817419921,0.00321712347676442,0.160589641255213,0.0404337307079016,0.237057361860627,0.00203323993549144,-0.0569464083953963,1,0.186113969295803,-0.0373356123948748,0.00549594320659107,0.146915331526399,-0.0270796471383289,0.275782098153037,-0.0563027948163676,-0.0136615582415708,0.268185744677202,-0.11590723378344,0.0424169952230186,0.181617131148015,0.0632683305469242,0.0610333241942919,0.0387259824858497,-0.0682236018088776,-0.0705342065996997,-0.0343120201749361,-0.0306112565294488,0.0335090610774698,0.0706289735096182,0.0967622171630345,0.107468506516818,0.100243084495069,0.137516010425791,0.0131978410655758,0.0733179576379499,-0.0150887543063706,-0.0532805731816738,0.223659645632936,-0.0223053583132093,0.0268636784247746,0.127306348311632,0.0964104397262869,0.00878319012594468
"24",0.0591935397087761,-0.112453894379933,-0.0342487085917836,-0.0687625538220561,-0.0189494341944072,-0.014411200234592,0.215229699221976,0.1592662497513,-0.198665310294143,-0.0224401078606387,-0.00373319883763733,-0.0649258002209306,0.140923644970482,0.0417332600204627,-0.00954611231367855,-0.0200194024050553,0.134424176759831,0.233373810509231,0.100137798779693,0.0927961060973905,-0.047261124008135,0.0139120828670978,0.186113969295803,1,-0.0683173080005962,0.0334177001619894,-0.0264389019291626,-0.0518427732101595,0.0318314347836431,0.0763933407234281,0.0580167155548066,-0.0389191797053079,0.120585245351206,-0.013039704001348,0.276135165364825,0.153247404947351,0.0864804855199038,-0.0131712678080059,0.146551112755831,0.211554422906938,-0.080005763952308,-0.0041746954467969,0.114457960255761,-0.0918246414740975,-0.0422665533933246,0.0458966805215504,-0.110013924170711,-0.0805784309903526,0.166335224704409,-0.0187879874391295,-0.0497735688237648,-0.14828678701681,-0.0122833342184919,0.0965982821212599,-0.0246833019099741,0.133251150655166,0.101536113489748,0.0651946759902145
"25",-0.105970649622832,0.10211549922294,0.0714603746095547,0.108711404573576,0.0935009222901847,-0.0259326947965011,0.233953041480827,0.113296423247558,0.0359598397193502,0.0547736529014038,0.0108815535454097,0.0499722347660545,-0.245907165528531,-0.00792159310470064,-0.0678130945686509,0.199677105361274,-0.11777603612062,-0.0312293494169503,0.114691320217688,0.0197736509448098,-0.111019897435434,0.188429636157726,-0.0373356123948749,-0.0683173080005962,1,0.130735817642753,-0.105006157354457,0.146157690817743,0.0233230473007563,-0.0216486558981211,-0.00098914322498713,0.00125811418219153,0.104264232558049,0.0867836498082575,-0.10663494837576,-0.0642912386348007,0.0252931132022064,-0.0649518160186184,0.16101196266069,0.195171053904082,0.0827427546643653,-0.0388158812327401,-0.00353490667753346,-0.125305202225537,0.0140572103681547,-0.0700618922884094,-0.119428842601001,-0.141459575134382,-0.124141703291706,-0.0640869976183541,-0.0965445253911749,0.00774016922926832,0.111756189724498,0.0931513087940228,0.126455619709313,-0.0778219097135268,0.163650681832704,0.0734979972315954
"26",0.127793376618279,0.184594877952842,0.311771896015572,0.303808393548052,0.0561689934591626,0.0795164395199572,0.265870038967549,0.0687854271697199,0.218312590985511,0.294995712128913,-0.00654159193290926,0.0941383630420336,0.0261821189777154,-0.0178331415349254,0.0441370657716135,0.106014948573464,0.124185849174164,-0.148397666658709,-0.00559401424417108,-0.193932339222303,0.0568160494942479,0.0754849728412148,0.00549594320659107,0.0334177001619894,0.130735817642753,1,0.0526134474635264,0.144593756283826,0.0934316170473802,0.280751908958113,0.0314939795614834,0.10886856928442,0.0520412456426989,-0.0304216521363457,0.143305900785409,0.205530268334066,0.147527239258525,0.180436920623299,0.0531296911635673,0.11797541259245,0.0614505414277525,0.0429584497660535,0.202569463352499,0.168402341181313,0.0917206589914573,0.0974259670403656,0.00855401223516412,0.00897686076912954,0.145645496679382,0.148254070071801,0.119699514571545,0.153762266914407,0.280729920335081,0.124918548391318,0.220349718184596,-0.06693135157828,0.0975940029377204,-0.0977187062152998
"27",0.130187282267685,0.22516247926131,-0.0688405875035044,0.111371089279036,0.0659348680786267,0.0944620712958665,-0.00712016748875726,0.126553944743775,0.134364914984107,0.237970574593004,0.089912298292941,0.181133354174125,0.396821275894936,0.224116657625968,0.149748762348122,-0.0320284461960786,0.181980324929547,-0.0551946112208494,0.114284465922011,0.146703575569154,0.0936558732957118,-0.0307696557571692,0.146915331526399,-0.0264389019291626,-0.105006157354457,0.0526134474635264,1,0.275401605238529,0.242733584308203,-0.0638802263518205,0.131469651811417,-0.0132277491296428,0.235907422180035,0.205971822016249,0.0716406771544617,0.180258932360205,-0.207354899802103,-0.0616090930421653,0.124653410757072,-0.00944198440420204,0.127697347361446,-0.0362106824656337,0.0797730149829736,0.174372516018372,0.139458080684027,0.19567736412498,0.103526240648323,0.0415908097536129,0.376620113283637,0.302389273636646,0.0206909177595112,0.103126130161777,-0.031704445898004,0.130388487786434,0.0502409770444606,0.0610211624152184,-0.108588044974527,0.0615096218157887
"28",-0.0135673207419299,0.151717114847577,0.0167701045692668,-0.0117715856753423,-0.074126744615799,0.00569943092814268,0.163943716624371,0.125873012232701,0.0205088028831986,0.271727154710408,-0.0479927087404878,0.143668768246947,0.198264441643644,0.192318681778365,0.0934787268525396,-0.0155449921318595,0.129633965503468,-0.0648137065531727,0.0937432127916667,-0.161634174857355,0.156777466486493,0.0622748358116519,-0.0270796471383289,-0.0518427732101595,0.146157690817743,0.144593756283826,0.275401605238529,1,0.10704044551549,0.0922332310401352,0.0489307694048182,-0.00558331566760531,0.141561396399307,0.20520024431526,0.0853044243799265,0.060745153990264,-0.162660170785022,-0.139850544777647,0.12221270213556,0.111753602336809,0.0766653204762394,0.0988072141814174,0.0849281770752223,0.102564983898325,0.0994630214631792,0.0920439509191757,0.171001684558673,-0.0255268109681236,0.276770850994531,0.249985775369346,0.045096082277384,0.0329236758581094,-0.0189711897410678,0.00766475587571937,0.118043456187745,-0.196046088018462,-0.174097834163152,-0.0719667014246425
"29",0.0972180863584319,0.122681888995875,-0.252963199208256,-0.0143514348819841,0.0565449538335081,-0.182199476591429,0.261877073897729,0.0278701365959414,0.157340759709518,0.282562070531186,-2.78716334415252e-05,0.10013782472052,0.0355877767032536,0.0411132267891506,0.0117989776081485,0.101755188552146,0.123833692276214,-0.0885026437972877,-0.0316584392842488,-0.0679036535464749,-0.0400118947125273,-0.064524905503997,0.275782098153037,0.0318314347836431,0.0233230473007563,0.0934316170473802,0.242733584308203,0.10704044551549,1,0.203049793087668,0.0889942249434781,0.175211480178071,0.157853519282929,0.0990452941523984,0.107420032018546,0.0557490978193526,-0.00672522146499218,-0.0131273366312649,0.0661207325326826,0.183382089464251,0.113405974108771,-0.11409463555262,-0.101513557140887,0.190495908994454,-0.0109954687728163,-0.0114287048899676,-0.0679679888557718,-0.122081121382565,0.0608012452804603,0.132656931620422,-0.0801806228812714,0.129478965638424,0.220178460511104,0.0721963490689901,-0.0103167245845391,0.046966164098205,-0.0515625285799583,0.0103304368394277
"30",0.0554798133009558,0.126493630348725,0.138576354554485,0.110542057427325,-0.0304186791021139,0.0681153459552901,0.127382138755383,0.0785885985293524,0.0563542249721404,0.212522138202899,-0.103939382673222,0.103898460057836,0.181639832823188,-0.0505130328067641,-0.00481906447612699,0.0938784980372556,0.120274491015486,-0.2019334316007,0.0992775508136339,-0.143605242236973,0.0844333207686464,0.213198892602299,-0.0563027948163676,0.0763933407234281,-0.0216486558981211,0.280751908958113,-0.0638802263518205,0.0922332310401352,0.203049793087668,1,0.177684718708888,0.0822109721580384,0.174373060425354,0.0338781537743744,0.0182550537898943,0.102960126315019,-0.0492013563332584,-0.00701845028248174,-0.00380699002682523,0.153725978185778,-0.0258489373065629,-0.067629354157951,0.0298330862803655,0.0707475308763493,0.108873544049508,0.089538713166455,0.0344831133823753,-0.165663055649677,0.0717024885223714,0.0809214667450491,0.0433053311910473,0.148231918605249,0.204746320546205,0.277497290228198,-0.111728255168131,0.0074273827144355,-0.0606425777991957,0.0344301870811409
"31",-0.0769021390375589,0.0353954865137294,0.0406951106080022,0.0728657856438666,-0.0467124343684201,0.036455460739911,-0.0206305088652189,-0.105272417514777,0.105548731990157,0.122017570100569,-0.0455003496882612,0.152243180239859,0.210082765577135,-0.17232789499403,0.0152143633313682,0.00506524321969778,0.11980996091993,-0.110811278994766,0.394073335878004,-0.0574822499065143,0.018558040258324,0.229683846861938,-0.0136615582415708,0.0580167155548066,-0.00098914322498713,0.0314939795614834,0.131469651811417,0.0489307694048182,0.0889942249434781,0.177684718708888,1,0.150871133255899,0.0859481804633195,0.0959934632021875,0.0927599579223154,-0.20925385915297,0.0728922186792434,-0.0974960250981056,0.0484367769183976,-0.0070423932301269,-0.0962496942697523,-0.0389741831251957,0.0376481549682536,-0.074893912824545,-0.0721756892210026,-0.11465426778853,-0.0126799580589731,-0.2019700219834,0.118167796449959,0.0302207785096428,0.0795860342764373,-0.0088913765123309,0.0311398379675923,0.0493995790283421,-0.0347947868278811,0.0454184524152113,-0.191116429050264,-0.0634451164685881
"32",0.030512754880985,0.105008558637108,-0.0476614573221459,0.0747429482749714,0.135067680535702,0.0724929231973431,0.277086693410984,0.101473042414127,0.0730311854885007,0.293042717797834,-0.111785174068747,0.0364170962579692,0.10799707843598,0.171986758318254,-0.0302242703672012,-0.0438752611618331,0.037030039755562,0.0470625125611306,0.18877629188926,0.268202238047812,0.146986957896525,0.0526134588055807,0.268185744677202,-0.0389191797053079,0.00125811418219153,0.10886856928442,-0.0132277491296428,-0.00558331566760531,0.175211480178071,0.0822109721580384,0.150871133255899,1,0.0997735165462554,0.105939443838968,0.152753751834283,-0.0930410617045882,-0.055336665656035,0.0635747614366642,-0.0402445356895409,-0.0648733988038804,-0.129997196465181,-0.0436884269476478,0.0472701569860213,0.127038273344415,0.012592286738361,0.082153077153803,-0.0607245447003014,-0.0149259051145296,0.0930263586340584,0.225894037271183,0.107512158957421,0.0667137630180358,0.15456701247474,-0.0709696873258493,-0.0907343790794519,0.0926290944082516,0.0258037309936124,-0.0821398256938333
"33",0.316484804322059,0.36482711287513,0.0822549265169549,-0.0388058891266386,0.0567169580615675,-0.0469439553363676,0.11710565365012,0.328087839942919,0.201158338691406,0.239855167277131,0.131988795469321,0.38763645731696,0.19314698271661,0.122790898464391,0.0403021319590592,0.128217778206723,0.345256623440455,0.0447863214624791,0.243390890651601,-0.0528633291053371,-0.0691052432210748,0.110865569988232,-0.11590723378344,0.120585245351206,0.104264232558049,0.0520412456426989,0.235907422180035,0.141561396399307,0.157853519282929,0.174373060425354,0.0859481804633195,0.0997735165462554,1,0.336245893533552,0.0378168446618882,0.0362908900616145,-0.153789747403261,0.152807634648025,0.373116295440376,0.35403609264298,0.182435257339203,0.100039707198378,-0.0443098553561179,-0.0084581620404599,-0.0279143628753725,-0.025648107915655,0.131564873137043,-0.123235556350397,0.137794979323303,0.183195623729859,-0.0495078240910073,0.223073252798467,-0.0105752871975451,0.00160766447953673,0.0189490556587901,0.105573328042536,0.0543210478663032,0.222097062314424
"34",0.173019652984185,0.249569054661316,0.0721386620626471,-0.0752980644394206,0.130241697326804,-0.0154502493886659,0.0913008701586016,0.0438584084738689,0.150177137846615,0.128509351744851,0.00108444509109621,0.281145511457366,0.093810175353829,0.12446889353238,0.0683259779522342,-0.103985187969547,0.208793585401187,0.0804862606930044,0.200343600412268,0.0362118899495793,-0.0533932494895321,-0.00769317696034631,0.0424169952230186,-0.013039704001348,0.0867836498082575,-0.0304216521363457,0.205971822016249,0.20520024431526,0.0990452941523984,0.0338781537743744,0.0959934632021874,0.105939443838968,0.336245893533552,1,-0.0660355048022534,-0.106691479530741,-0.0870256820939216,0.0307151056031775,0.318370600752337,0.4422893744143,0.0404864900465439,0.0208609368390963,-0.153745967668723,-0.0104407632082088,-0.115643455063337,-0.154954205025551,0.0423376200707592,0.0542942681459434,0.00983688592383847,0.175777932415618,-0.0794509313640248,0.196194988716207,0.0185716948711178,0.0830496061132997,-0.0910717669881075,-0.119793781987446,0.033405085599049,0.0601278636116822
"35",-0.0840497458827945,-0.0226768129236012,0.00709557092350558,0.0431111204902086,-0.0661888548011736,0.0305306656905509,0.39678098312833,0.0419445912045141,0.0894526854363194,0.226674478773593,-0.0355965364130037,0.107239154773823,-0.00797796996881866,0.0962265760611235,-0.18147112687626,0.0173092814745072,0.092777454929126,0.000686718189121,-0.00987919840166057,0.0817581457516309,0.139374417383623,0.106595612970589,0.181617131148015,0.276135165364825,-0.10663494837576,0.143305900785409,0.0716406771544617,0.0853044243799265,0.107420032018546,0.0182550537898943,0.0927599579223154,0.152753751834283,0.0378168446618882,-0.0660355048022534,1,0.135145035381006,0.0516823135704175,0.131874759911466,-0.00880765158463518,0.0765757590952971,0.0136913679146421,0.0234146699254446,0.227528270255397,0.266749364922393,0.254181579227191,0.184709712109013,-0.0035258330529719,-0.122178046396414,0.175488086822563,0.170549062905013,0.0487454760145522,-0.0328545627925076,0.0445327608744131,-0.0624608883709368,0.0599942578532387,0.156269044131265,-0.213359613599246,-0.00808292998462334
