"","l_Insular.Cortex","r_Insular.Cortex","l_Amygdal.Area","r_Amygdal.Area","l_Bed.Nucleus.of.the.Stria.Terminalis","r_Bed.Nucleus.of.the.Stria.Terminalis","l_Hippocampus","r_Hippocampus","l_Orbitofrontal.cortex","r_Orbitofrontal.cortex","l_Entorhinal.Cortex","r_Entorhinal.Cortex","l_Frontal.Association.Cortex","r_Frontal.Association.Cortex","l_Globus.Pallidus","r_Globus.Pallidus","l_Glomerular.Layer.of.the.Accessory.Olfactory.Bulb","r_Glomerular.Layer.of.the.Accessory.Olfactory.Bulb","l_Glomerular.Layer.of.the.Olfactory.Bulb","r_Glomerular.Layer.of.the.Olfactory.Bulb","l_Granule.Cell.Level.of.the.Cerebellum","r_Granule.Cell.Level.of.the.Cerebellum","l_Hypothalamic.Region","r_Hypothalamic.Region","l_Entorhinal.Cortex","r_Entorhinal.Cortex","l_Vermix.Molecular.Layer.of.the.Cerebellum","r_Vermix.Molecular.Layer.of.the.Cerebellum","l_Lateral.Molecular.Layer.of.the.Cerebellum","r_Lateral.Molecular.Layer.of.the.Cerebellum","l_Anterior.Olfactory.Bulb","r_Anterior.Olfactory.Bulb","l_Posterior.Olfactory.Bulb","r_Posterior.Olfactory.Bulb","l_Subiculum","r_Subiculum","l_Perirhinal.Area","r_Perirhinal.Area","l_PreLimbic.System","r_PreLimbic.System","l_Primary.Cingular.Cortex","r_Primary.Cingular.Cortex","l_Primary.Motor.Cortex","r_Primary.Motor.Cortex","l_Retrosplenial.Cortex","r_Retrosplenial.Cortex","l_Secondary.Cingular.Cortex","r_Secondary.Cingular.Cortex","l_Secondary.Motor.Cortex","r_Secondary.Motor.Cortex","l_Striatum","r_Striatum","l_Ventral.Tegmental.Area","r_Ventral.Tegmental.Area","l_Substantia.Nigra","r_Substantia.Nigra","l_Thalamus","r_Thalamus"
"1",1,0.408967739710186,0.174249795309737,0.0267634883148456,-0.098414845117952,0.0271282791551415,0.200380613500493,0.0421569346758486,0.35250550979994,0.285733710356564,0.465504006554692,0.247032422476681,-0.0297884125937606,-0.0748489549774179,0.225270135745687,0.0399344556546362,0.235901571346426,0.174924666302402,-0.0722272844784625,0.0958501820326888,0.20007401787334,0.151591733019521,-0.0554267851537289,0.0767805361208116,0.197795617146488,0.270286380474912,-0.0826551566479733,-0.0318338435765307,0.0495153213960332,-0.140474836180506,0.133981577687588,0.193265683423198,0.346443178005442,0.197474084589013,-0.133697781161389,-0.261361584907422,0.265134619303809,-0.131670403824748,0.305921846946519,0.112720243183291,0.120567039609868,0.0414093884138949,-0.30371049102421,-0.290598152332414,0.0122944273178708,-0.154951941222939,0.0870805267665019,-0.0293466730111759,0.0688226628686175,-0.120582373469522,0.0910394826980722,0.0975031819096,0.0817989315246502,-0.201442986327806,-0.137058980907726,0.108115311317982,-0.175934624873833,-0.240470963834993
"2",0.408967739710186,1,-0.0260073887521559,0.00011059945915899,-0.131560972992739,-0.0292146532248601,0.293288102481605,0.170731078746265,0.337829036864814,0.413012786950887,0.286426331597993,0.253430314393226,0.0936333992991067,-0.0949594417459168,-0.0456530286491871,0.199623532995537,0.28323517622283,-0.111455628419651,-0.154628694772596,-0.0236410511909651,0.0649521333931595,-0.197688484555816,0.0424933251241971,0.0383315703469174,0.242363855558773,0.192927000097096,-0.128136810529805,0.0322594748015669,-0.104176766547358,-0.0423541666198096,-0.0387013428082304,0.11229528099531,0.384014884621423,0.380873802609576,-0.0250021385192197,-0.0486048465417432,0.230127825878529,0.0708145507013534,0.437153307066642,0.215225184136428,0.018654490312228,0.148992468852436,-0.220103293223217,-0.226068865269424,0.018328722379703,-0.0281258055263911,-0.0709215442530794,0.0614763151605979,0.113719838270777,-0.0878730241598189,0.274603095791384,0.270758173523172,-0.0246498989568375,-0.0413656163134539,-0.0755117973433417,0.0316835644416011,-0.121924256304885,-0.238955551833221
"3",0.174249795309737,-0.0260073887521559,1,0.037243613368974,0.164233695098082,0.153564668217935,-0.139445096527021,-0.0651020538462696,0.0131478011793358,0.0161097225225268,0.3073278847421,0.0522071014836344,-0.0228544117078443,-0.00234950728785744,-0.111731153020494,-0.0376843025862773,-0.0161762856990865,-0.0258177595369295,-0.0511331680128196,0.0162290516372763,0.0979592988030685,0.117046912887849,-0.0556057119513099,0.0350047299215809,0.191602037564845,0.0664095964677594,0.0282092080841803,-0.119327875937151,0.120167148388342,0.111831291792788,-0.106980512699051,0.0244940889731896,0.145935089403521,0.0234214644526551,-0.0617355228849869,-0.105491522458266,0.0323500052136357,-0.23977371475534,0.0507167521072065,0.0893269180765679,-0.049084142596018,0.0262922044504394,-0.151721214845568,-0.119041070698169,0.046906475018124,-0.0530998113222611,0.129754113240709,0.0575558621937347,-0.0693809488905587,-0.0503307424199056,0.0799796909421561,0.0328120605102914,0.0304642736498526,-0.0261043988307317,-0.0978776235667426,-0.0851854148291634,-0.0632605848827737,-0.0146488262671173
"4",0.0267634883148456,0.00011059945915899,0.037243613368974,1,0.0305994051997255,0.0701024301312982,0.0538605542243737,-0.0167482998923201,-0.133065810610442,-0.0772382874092098,0.0307689674017007,0.164660285520624,-0.140687691092487,-0.268459907378737,0.0219369446604526,-0.12481550108357,-0.273197866092625,-0.0671067849703412,0.0920456158661225,0.14620268792808,0.133055631915914,-0.126256350158047,-0.0159787793708411,0.101179312517293,0.113777370182141,0.0150764146862604,0.0881816826084057,0.200427702644051,0.0509724329264594,0.0813804256255736,-0.0355065591729861,0.183789226092123,-0.19073294359041,-0.193144792580458,0.0394955769808426,0.081362207829507,-0.092709375168806,-0.0753789748577988,-0.293034278502866,-0.231618760873075,-0.165443935888022,-0.147064670831031,0.187535631221192,0.0482102843301686,0.0902530821198506,0.0252353263543538,-0.265442810580949,-0.135020179779796,-0.211510807855421,-0.245508202403262,-0.0191866014514943,-0.14119810079268,0.117582664720171,0.00858339944041996,0.0430976767120972,0.0528743959917178,0.0904134716047646,0.0214095998718503
"5",-0.098414845117952,-0.131560972992739,0.164233695098082,0.0305994051997255,1,-0.0587367047605921,-0.0532085894490761,-0.167604446264524,-0.0229986868377599,-0.190642305065454,-0.00134308949816921,-0.119337300063157,-0.0193272659049844,0.00730638499842724,0.0276432792620273,0.141140165260486,-0.0218970182748524,-0.160853467980582,-0.088754999460686,0.00462308836988988,0.151825881665503,-0.0561227059306659,0.174098755820799,0.118449059252136,-0.00359213869265174,-0.256188553716042,-0.128414913215486,-0.198530795864703,-0.0295569916713394,-0.114972195646932,0.00669913196024176,0.0283945820499734,0.018899773230968,0.0843075854530293,0.0502982315381929,0.0141299003582151,-0.00017843179810202,-0.127302072010715,0.0440983223335017,-0.0450869972944708,0.0895288704941228,-0.0299218980862231,0.0678227824431418,0.112564836778365,0.111081787760229,0.182223473384259,0.192335646013165,0.0845065562980002,0.0333187203502148,-0.0551406481561833,0.18822314279079,0.0251309225722703,-0.00197233403168447,0.119833163038111,-0.103147356993223,0.0517284900553211,0.0718168090364662,-0.140817381179532
"6",0.0271282791551415,-0.0292146532248601,0.153564668217935,0.0701024301312982,-0.0587367047605921,1,-0.226105486607326,-0.166589329253873,-0.21476213605477,-0.150600749561892,0.15507810453833,0.0618699094502253,0.085889693814093,-0.0673812891635833,0.0399298821197241,0.0079829054627355,0.0448386296669192,0.107917254100856,-0.117001493065204,0.062466580422534,0.00089192140097281,0.0396070271160096,-0.100587678819944,-0.0238441418708106,0.0222331009325957,-0.13706036198149,0.118989733415132,-0.0138910469074105,0.00563012222797661,0.00746996046057671,-0.0800730707087575,-0.0712689096401756,0.0559022691134687,-0.0508924111131705,-0.00585083108674143,-0.0741728944417958,-0.105890102053307,-0.147633912753621,-0.0469391744695303,0.129012534864137,-0.0743815814162792,-0.215391425328073,-0.133613243611325,-0.00528986692794211,-0.0336462518020698,-0.208171384312523,-0.209956349039354,-0.0156111934878519,-0.0578463055078276,-0.114576909169294,0.0431205425361718,0.043470149258732,0.0358177952833006,-0.0430590915641624,0.0206863937372019,0.124766512756193,-0.0779042152578501,0.0776174491893494
"7",0.200380613500493,0.293288102481605,-0.139445096527021,0.0538605542243737,-0.0532085894490761,-0.226105486607326,1,0.266651463484482,0.35350008681522,0.213127371200731,-0.0505057773071379,0.0206369326191348,0.0350808972831862,0.00070354603240485,0.0829848876933139,-0.110498145940825,-0.0159454453597845,0.0839989320748516,0.0809217566766606,0.179802099437093,-0.00756198702658757,-0.19635148553393,0.124361161713623,0.0182543979833917,0.020100374531268,0.185392966957362,-0.0593986301900451,0.132143396108255,0.104017417704109,-0.0491271219874675,-0.019082709837666,0.14248303319571,0.0789421697038619,0.110622384104078,0.23246315212238,0.0186121712245133,0.246077736381846,0.200613172421611,0.155717976375136,0.100953298551252,0.0174779777110856,0.130526598216526,0.0203532449484542,-0.170701454543434,0.0942573754082726,0.0167588006769119,0.120768859833245,0.022965286099897,0.0408258879927424,0.0099602960316232,0.0659925484833663,0.0689194885543876,0.00854422664536587,0.0648040000043405,0.195199560355114,0.0598968837558823,0.198345836714169,-0.019671346753589
"8",0.0421569346758486,0.170731078746265,-0.0651020538462696,-0.0167482998923201,-0.167604446264524,-0.166589329253873,0.266651463484482,1,0.277926631576429,0.277220375035171,-0.0485503194009037,0.0661225156819529,0.02603708017889,-0.0823508552219833,-0.138715340617382,-0.12593025339937,0.176190355720375,0.00330358849587906,-0.0371332268401852,0.0177170663670177,-0.0565030946627057,-0.0506598324667474,-0.11663601954618,-0.0356536405500022,0.0194337919482414,0.13995891118366,0.0996131870229252,0.144190989768348,-0.018524211680009,0.0774366295237468,-0.0550196837249716,0.0307814687843786,0.0570337897355287,0.0211351101179913,0.29922877531989,0.52239774979978,0.108084136129604,0.264100998708482,0.0586106037679982,-0.0516765775435697,0.180191543931619,0.0160136784779709,0.127056945015127,0.0960938543117443,0.296186669798024,0.189792901307015,0.00394657285277256,0.020926677754245,0.103148160974636,0.0623849566680902,-0.199379579016199,-0.111285671828989,0.0134975139130429,-0.123666929439031,0.00312390033272911,0.128993552977732,0.0732967164521304,-0.0198615391890531
"9",0.35250550979994,0.337829036864814,0.0131478011793358,-0.133065810610442,-0.0229986868377599,-0.21476213605477,0.35350008681522,0.277926631576429,1,0.327745916961608,0.173198012920466,0.219310192871424,0.0871996185988977,-0.0520288819949666,0.107341048839567,0.0280668683661006,0.356697655854081,-0.0144376153472233,0.0808900126615642,0.0774245908038055,-0.00837142514911468,-0.0191204852680037,-0.0318909712614815,0.163150007665708,0.0216711080062455,-0.0368387609115824,-0.130723494066596,-0.0176718935233833,-0.0706631430517837,0.0743999762123889,0.170678463096218,0.160699923679681,0.265138491690489,0.268331876628394,0.0846944424475182,-0.0329923244734623,0.0922623150160075,-0.00831605796535228,0.312802396272827,0.0772037499369849,0.182170359676919,0.0826361991782174,0.115054325341731,-0.170246216781563,0.142435512966974,-0.18263090683687,0.0775283226748347,-0.0580831940407631,0.302358175034329,0.0409043014425353,0.158854821937619,-0.0242707379622947,-0.0948125113388357,-0.0186500456325807,-0.0538630232924756,0.0359642687028886,-0.0291470204505392,-0.172432392626872
"10",0.285733710356564,0.413012786950887,0.0161097225225268,-0.0772382874092098,-0.190642305065454,-0.150600749561892,0.213127371200731,0.277220375035171,0.327745916961608,1,0.130314699192966,0.23113904872508,0.00173666266516886,0.00948498504546868,-0.0230281548265504,0.0906118977095769,0.347029107566477,-0.036333841805748,0.0455657613370036,-0.0646535007839003,0.011122712987536,-0.029962277743867,-0.0344562338660899,0.111358479483708,0.0171799224517021,0.142446938602953,-0.0553382958973879,0.253475618891989,-0.0217283718998117,0.169162839467056,0.110899542081347,-0.016946775686354,0.233489101837979,0.270226878485876,0.0596722609883506,0.167456196304085,0.068427182493638,0.146394506981018,0.227674974765334,0.179304030276263,0.300690701359656,0.277386471805217,-0.0302687716965384,0.0734950921461209,0.101229451783196,0.0160748556588256,0.213956110135599,0.105977644843207,0.201026611976795,0.147866587384346,-0.0346162166821714,0.125208250873992,0.0168927162721969,-0.0179846472005431,-0.0488577923627165,-0.031433592192038,-0.133251442043246,-0.174693533002939
"11",0.465504006554692,0.286426331597993,0.3073278847421,0.0307689674017007,-0.00134308949816921,0.15507810453833,-0.0505057773071379,-0.0485503194009037,0.173198012920467,0.130314699192966,1,0.177002627685509,-0.124183624554723,-0.0475515164684343,0.0225784781857777,0.162751722069452,0.205392050477448,0.11708479049409,-0.0148531793501156,-0.00529119079281448,0.106000583021155,0.0980568636742872,-0.0563839731626794,0.0808730196569444,0.23857921446313,0.157533579084762,-0.00360863093626709,-0.030107571631585,0.00215549726712693,0.157365405805421,0.023400712619309,0.0823367786634538,0.243852217823172,0.123641511133077,-0.302416741427351,-0.128390953441112,0.0154716438333744,-0.120117858108171,0.151381642209676,0.270947813966287,-0.0509655689809774,-0.0476746380708039,-0.176036130568713,-0.193244720433717,-0.14717554984057,-0.131279901885459,-0.0180612598526707,-0.0668373358838682,-0.0541952528011241,-0.124692335040236,0.045948906258262,0.081313266749808,0.171196879225595,-0.0493348634633309,0.0465916151103436,0.157764450389275,-0.0513397438696932,-0.25237656026231
"12",0.247032422476681,0.253430314393226,0.0522071014836344,0.164660285520624,-0.119337300063157,0.0618699094502253,0.0206369326191348,0.0661225156819529,0.219310192871424,0.23113904872508,0.177002627685509,1,-0.209631009692843,-0.126494888277001,0.1885679994982,0.0284959933445199,0.144767775537424,-0.0273179944968146,0.0676843414374587,0.0460699655546244,-0.0894537477057807,-0.0418220227812117,-0.152364935047796,0.0441266828035484,0.117281392866116,0.0910560520607039,-0.105378946396885,-0.0204634559324246,-0.0698803313027784,-0.134890834547221,0.110281405137243,0.0424125679686124,0.0893124004162948,0.19274098485312,-0.125809152131594,0.00107343127960478,-0.0843625432154992,-0.092036047959529,-0.0374604446522299,-0.0325053175478644,-0.0164604627844361,-0.0533242641782613,0.0207626883117917,-0.11052139143398,-0.116830774311732,-0.111945968672738,0.036847384504788,-0.0650274170824758,-0.0802955969450574,-0.176896528035587,0.129117907002703,0.135013406555692,-0.205673184760308,-0.0468097782886017,0.0311532547603968,0.0419324569751225,-0.0259554041157182,0.0862267830374026
"13",-0.0297884125937606,0.0936333992991067,-0.0228544117078443,-0.140687691092487,-0.0193272659049844,0.085889693814093,0.0350808972831862,0.02603708017889,0.0871996185988977,0.00173666266516886,-0.124183624554723,-0.209631009692843,1,0.19694453723932,0.144355877242427,-0.0384434026338252,0.0370171596145997,-0.218054230400172,-0.130871619263101,-0.0876501060000023,0.00912084586934759,0.0657568687518634,-0.0116708942678956,-0.0226342557349821,-0.114884966791057,-0.0350812448131178,-0.157552075809283,0.0580079352013706,0.015156018943469,0.209924337412725,-0.090167860215568,-0.0799224304808924,-0.0540174029284145,-0.0569892889140616,0.135466390368341,0.0516278385980734,-0.0373675051507062,-0.143114722812659,0.0228970675224445,-0.0724589835243359,-0.0567156826190242,-0.0229830064887619,0.0741098845131668,0.0674275988257989,-0.027066959765754,0.0334634985599182,-0.164487749023348,-0.0521805915149641,0.584383389997279,0.134331825085418,0.0665385887706119,0.180309248718519,-0.0290865712511134,0.0939612031643878,0.0556651391849272,-0.155779471541991,-0.010137328102758,-0.0301801272285764
"14",-0.0748489549774179,-0.0949594417459168,-0.00234950728785744,-0.268459907378737,0.00730638499842724,-0.0673812891635833,0.00070354603240485,-0.0823508552219834,-0.0520288819949666,0.00948498504546869,-0.0475515164684343,-0.126494888277001,0.19694453723932,1,0.0313904271960587,-0.0448525179540741,0.116032096513555,-0.090185898460468,-0.0726465872958838,-0.211234143845947,-0.0295844064150651,0.167071202844127,0.049055671576132,-0.154201097008965,-0.0614723870577238,0.027010052359979,-0.124583282467823,-0.0985434343820093,-0.115845101998888,0.0554557975178962,-0.0375952978729827,-0.196962601902967,0.0336170641033295,-0.0753537480220086,0.0183615208157498,0.0109250898817756,0.0864679565782452,0.211527225070633,-0.132516341537008,0.0369532602520292,0.133045670839007,0.210359211281863,0.0380941819495168,0.214253090927719,0.124962155568294,0.25961946631423,0.148065067052879,0.0558104232799007,0.2597660747323,0.725524181947722,0.097117646764055,0.163855661148639,-0.0171218861112773,-0.0107755160566788,-0.0917633065460278,-0.225785795700863,-0.0604623295853816,0.159915298562721
"15",0.225270135745687,-0.0456530286491871,-0.111731153020494,0.0219369446604526,0.0276432792620273,0.0399298821197241,0.0829848876933139,-0.138715340617382,0.107341048839567,-0.0230281548265504,0.0225784781857777,0.1885679994982,0.144355877242427,0.0313904271960587,1,0.125177683739122,-0.135882968291222,-0.146265225193907,-0.0594163379827497,0.0206320022199684,-0.00967989140540342,0.174607755620836,-0.0633255010240254,0.0353541641131521,-0.169091467105632,-0.032400324316594,-0.0122494364930374,0.0285766679260023,0.0261435979821573,-0.312156554081966,0.0694041257390292,-0.00630274830719676,-0.0233820621955558,-0.0266724757781842,-0.0176642963104958,-0.151900676772757,-0.00086295216187304,0.0334656932059715,0.0628680637932411,0.00855679085918173,0.115164420451715,0.0616493956830519,-0.115313810496779,-0.059767410988462,-0.129825715035669,-0.0822245652626282,0.140652269829852,0.126767678452288,0.00904201766428296,-0.0830579553896498,0.192998077423474,0.13883765462655,-0.0128933279894538,-0.127963233199185,0.108694684320721,0.0947697067543904,0.0656207950907953,-0.0321444852145437
"16",0.0399344556546362,0.199623532995537,-0.0376843025862773,-0.12481550108357,0.141140165260486,0.0079829054627355,-0.110498145940825,-0.12593025339937,0.0280668683661006,0.0906118977095769,0.162751722069452,0.0284959933445199,-0.0384434026338252,-0.0448525179540741,0.125177683739122,1,0.0233766162659354,-0.102990393008072,0.0318510941351816,-0.013958208727717,0.0313697826934531,-0.0257050186225678,-0.0148512298029526,-0.0226723197300156,-0.0876379355793202,-0.0265984338126047,-0.0807405311764298,-0.0438178716829581,0.0533960921715391,-0.0460673497016018,0.122718560143101,0.0238421717387684,0.0386005552556668,0.137007034157642,-0.0432583748881838,-0.104855682056519,0.0320173054324059,0.00602024388300602,0.0425423686930238,0.121243317786527,-0.0379463075243371,0.0498240947894595,0.0648315343591061,-0.00216355791302341,-0.080971036421761,-0.0890402963387613,0.0286734304801944,0.0492529266447327,0.103764369995513,0.015588563149912,0.200387809328829,0.315927586218648,0.0133317960827697,-0.0509594341194539,0.0163885475967176,-0.0650318207485367,-0.0739370942774966,-0.117220188444918
"17",0.235901571346427,0.28323517622283,-0.0161762856990865,-0.273197866092625,-0.0218970182748524,0.0448386296669192,-0.0159454453597845,0.176190355720375,0.35669765585408,0.347029107566477,0.205392050477448,0.144767775537424,0.0370171596145997,0.116032096513555,-0.135882968291222,0.0233766162659354,1,0.166429849011787,-0.111109361688829,-0.0167954358009495,-0.00041868726154101,0.0696973624942191,-0.116154378533769,-0.0244128290662565,-0.0114979623355475,-0.0533544888753756,-0.0657278206525719,0.0148443746910528,-0.23316601572667,0.0202225573631241,-0.0731260399061208,0.0373771920786737,0.282748604332775,0.249415774281793,-0.00993573258774919,-0.019744307305586,0.0578805688864831,-0.122291040042416,0.367674730784579,0.302293391419633,0.091510735727354,-0.107694276520558,-0.148436436677005,-0.117371953225175,-0.0403804578310977,-0.230497572240779,-0.0398369512761186,-0.110898229930532,0.232219580081772,0.0212408230644959,-0.00766263630418361,-0.00957568550970254,-0.1683096697489,-0.00307680433045986,-0.141393480765806,0.0152627514184337,-0.169955008337323,-0.220689530340349
"18",0.174924666302402,-0.111455628419651,-0.0258177595369295,-0.0671067849703412,-0.160853467980582,0.107917254100856,0.0839989320748516,0.00330358849587906,-0.0144376153472233,-0.036333841805748,0.11708479049409,-0.0273179944968146,-0.218054230400172,-0.090185898460468,-0.146265225193907,-0.102990393008072,0.166429849011787,1,0.296720046779455,0.294005194281444,0.041421631042576,0.16496856653102,0.0695040993570033,0.0356923732984896,0.102309918741279,0.179788248255696,0.178702859617797,0.169291428935092,0.0152568754417996,0.107667421037537,0.159792202427785,0.336902883453994,0.0488086984340188,0.0950170634354015,-0.10061574257683,-0.217299473938709,0.223973226669135,-0.0595266700582066,0.199150385829602,0.262302507439309,0.00713985141447436,-0.103615145666947,-0.0549172721005861,-0.227282108873797,-0.182895678153838,-0.266586800957827,-0.14661924237435,-0.183290826956414,-0.0267515010584266,-0.079920413205046,-0.248308041246783,-0.148956878333924,0.0189769493695682,0.0265830923252954,0.00688132762754462,0.117780868353511,-0.119588409482884,0.00722241239700922
"19",-0.0722272844784625,-0.154628694772596,-0.0511331680128196,0.0920456158661225,-0.0887549994606861,-0.117001493065204,0.0809217566766606,-0.0371332268401852,0.0808900126615642,0.0455657613370036,-0.0148531793501156,0.0676843414374587,-0.130871619263101,-0.0726465872958838,-0.0594163379827497,0.0318510941351816,-0.111109361688829,0.296720046779455,1,0.352784089929394,0.0183376096260455,0.0772777968090411,0.061667903929268,-0.0474999511128779,0.237041079711159,0.15082770426369,0.0321478217193282,0.187623896636937,0.203743873353244,0.0984563690360954,0.538491855315449,0.290690086861587,-0.0886970739607926,-0.0472094350757562,0.0295698613073584,-0.0286564296204246,0.0556035707539799,0.183350638164453,-0.200945286917167,-0.0448781217204235,0.077342014557332,0.0835406366620385,0.27812729439536,0.12096405056448,-0.0237559177994028,0.0449853848378605,-0.0954325096520068,-0.193593400180023,0.0331291790608037,0.0495725633892248,-0.142908295595117,-0.203332806243179,0.15735907931281,0.0989629476352954,0.0187123285903842,0.0898038215155718,-0.112588668452988,0.0901506844673655
"20",0.0958501820326888,-0.0236410511909651,0.0162290516372763,0.14620268792808,0.00462308836988988,0.062466580422534,0.179802099437093,0.0177170663670177,0.0774245908038055,-0.0646535007839003,-0.00529119079281448,0.0460699655546244,-0.0876501060000023,-0.211234143845947,0.0206320022199684,-0.013958208727717,-0.0167954358009495,0.294005194281444,0.352784089929394,1,0.261461590853465,-0.0275596949943303,-0.0378088961953065,-0.0327257768838142,0.186563374969285,-0.130018337069371,0.0573113703799271,0.0905172426882673,0.0392481331838356,0.143930718256719,0.271264391984736,0.449819684679635,0.0414949212965084,-0.0119429112533018,0.187949424355395,-0.0617498736603241,0.0782473648239138,-0.0189802299886249,-0.0704520035231567,-0.0106498796488153,-0.199617863894885,-0.2081637048351,0.064074810504197,0.104825316728804,-0.0988657283170588,-0.186387909124199,-0.208064349143129,-0.242562265033422,-0.107082696076358,-0.137229563480101,-0.133308041922595,-0.0704253940289979,0.244846826817446,0.165793306546621,0.125423627358713,0.16327357870041,-0.163378272545614,0.00788130307523021
"21",0.20007401787334,0.0649521333931595,0.0979592988030685,0.133055631915914,0.151825881665503,0.00089192140097281,-0.00756198702658757,-0.0565030946627057,-0.00837142514911468,0.011122712987536,0.106000583021155,-0.0894537477057807,0.00912084586934759,-0.0295844064150651,-0.00967989140540342,0.0313697826934531,-0.00041868726154101,0.041421631042576,0.0183376096260455,0.261461590853465,1,0.0889406480278368,0.108025247406828,0.128246548866762,0.302218758775555,-0.106104279877622,-0.0960951739017448,-0.141438602091807,0.0454741923791316,-0.00543465157335738,0.0970062718622898,0.118956768282407,0.187754674049289,0.0537743451248096,0.147241787707037,-0.0966627938365289,0.148946316311255,-0.0924003270562542,-0.069201211324523,0.0191447925162665,-0.139337365539766,-0.120082404731389,0.00029764065463139,0.0382529496886804,0.0332439334377177,0.0185247663355025,-0.247397446362333,-0.200940271014802,0.0132203973265569,-0.0204876980287844,-0.041376348872284,-0.031801091341764,0.114925206393723,-0.161020545128577,-0.058780498196419,0.194176784568413,-0.0615002642461477,-0.240002937033472
"22",0.151591733019521,-0.197688484555816,0.117046912887849,-0.126256350158047,-0.0561227059306659,0.0396070271160096,-0.19635148553393,-0.0506598324667474,-0.0191204852680037,-0.029962277743867,0.0980568636742872,-0.0418220227812117,0.0657568687518634,0.167071202844127,0.174607755620836,-0.0257050186225678,0.0696973624942191,0.16496856653102,0.0772777968090411,-0.0275596949943304,0.0889406480278368,1,-0.0139257781072983,0.171479997763306,0.0107866157590573,0.0724217064805386,0.0125217790799915,-0.0728733828689864,0.117090564229285,0.0124628264461936,0.0997693543884247,0.159913391366662,0.00795730153255877,-0.0869447632625084,-0.0460336088454647,-0.0413161540235974,0.0144477294152618,-0.0490077082501638,-0.0425167160085049,0.00485069563120792,0.126927293824421,0.00465449931739864,0.0568540707926843,0.111287964064218,0.050584846404667,0.0763452610668703,0.0401389061632674,-0.110335730787356,0.070384717359517,0.149938412816291,-0.113781736532104,0.0073828383460967,-0.043096262148087,-0.0425715713753626,-0.150398056278407,0.0188987783195269,-0.237549159585385,-0.151578290707628
"23",-0.0554267851537289,0.0424933251241971,-0.0556057119513099,-0.0159787793708411,0.174098755820799,-0.100587678819944,0.124361161713623,-0.11663601954618,-0.0318909712614815,-0.0344562338660899,-0.0563839731626794,-0.152364935047796,-0.0116708942678956,0.049055671576132,-0.0633255010240254,-0.0148512298029526,-0.116154378533769,0.0695040993570033,0.061667903929268,-0.0378088961953065,0.108025247406828,-0.0139257781072983,1,0.0890357940323179,-0.103764015380535,-0.0313749410645088,0.127289381318194,-0.0359904478207866,0.0995198430368639,-0.0795345619938851,0.0436920018952011,0.0589680784282682,-0.223804430227102,0.0831604628734813,0.0438435154751852,-0.0503099954494932,-0.0380110603973806,0.127780121926886,0.0110601572148069,0.0378953367675522,0.0331887289669553,0.0722129230131315,0.196183525418419,0.193540249197721,0.0418043757063969,0.0950378182033737,0.00116144928390464,0.103793754354765,0.101625888810352,0.173478066982525,-0.107860051086337,-0.101734271711551,0.0690031669631644,0.124398490106879,-0.0743732283728372,0.0708880407120492,0.126872830582737,-0.226733346177943
"24",0.0767805361208116,0.0383315703469174,0.0350047299215809,0.101179312517293,0.118449059252136,-0.0238441418708106,0.0182543979833917,-0.0356536405500022,0.163150007665708,0.111358479483708,0.0808730196569444,0.0441266828035484,-0.0226342557349821,-0.154201097008965,0.0353541641131521,-0.0226723197300156,-0.0244128290662565,0.0356923732984896,-0.0474999511128779,-0.0327257768838142,0.128246548866762,0.171479997763306,0.0890357940323179,1,-0.0806219838732423,0.0219437516839175,-0.122276151418465,-0.0600962227138677,0.1599604176043,3.37219775669289e-05,0.0731844508449064,0.139148376692628,-0.0692674030925537,0.0414277014665368,-0.203830279538139,-0.184051880195723,-0.108529180029561,-0.0215425713210147,0.0847628925389182,-0.00861340159973054,0.12378526112982,0.0411274834203225,-0.0516519070704368,-0.0913860885501156,0.0935762638233928,0.0838266545322297,0.0381730566045311,-0.147236993132096,0.0950954014203681,-0.191445536807002,-0.0414343140902855,-0.0445683669463437,0.0575722501268246,0.138973279425718,-0.152636735466185,-0.0169444794682073,0.105320573482515,-0.40343836864239
"25",0.197795617146488,0.242363855558773,0.191602037564845,0.113777370182141,-0.00359213869265174,0.0222331009325957,0.020100374531268,0.0194337919482414,0.0216711080062455,0.017179922451702,0.23857921446313,0.117281392866116,-0.114884966791057,-0.0614723870577238,-0.169091467105632,-0.0876379355793202,-0.0114979623355475,0.102309918741279,0.237041079711159,0.186563374969285,0.302218758775555,0.0107866157590573,-0.103764015380535,-0.0806219838732423,1,0.26028907748643,-0.0906239638678284,-0.0182326198433885,-0.0488973615076193,0.0625646585419841,0.11544145190599,0.194330524034583,0.273636622300901,0.0741882649785199,0.0455335830459353,-0.0324595332900601,0.227557606761443,-0.0605336934073826,0.0674530427199,0.0622589381472086,0.138221223582449,0.188894440643854,-0.0987947699239926,-0.0547163578937139,0.00041287843026321,0.0296948563971169,0.127550345708808,0.13267328356169,-0.143436326347706,-0.0251957921602409,0.185281052681412,-0.00728348605657904,0.0795442927815607,-0.173567093375805,-0.0568611874038259,0.0199578587674232,-0.077052855968958,0.0627632275805145
"26",0.270286380474912,0.192927000097096,0.0664095964677594,0.0150764146862604,-0.256188553716042,-0.13706036198149,0.185392966957362,0.13995891118366,-0.0368387609115824,0.142446938602953,0.157533579084762,0.0910560520607039,-0.0350812448131178,0.027010052359979,-0.032400324316594,-0.0265984338126047,-0.0533544888753756,0.179788248255696,0.15082770426369,-0.130018337069371,-0.106104279877622,0.0724217064805386,-0.0313749410645088,0.0219437516839175,0.26028907748643,1,0.156748132140234,0.147753321939117,0.184564054485871,-0.00676272604433225,0.128261756055961,0.118826704119389,0.0252217286096135,-0.0671729973978817,-0.0357942821963905,-0.0657982627020586,0.142619439135473,0.155826691274164,0.0676924037174378,-0.0605243620192889,0.216527514893418,0.204883556865164,-0.0986968181648331,-0.213493326920565,0.017138777543663,0.171665845056211,0.154854740997304,0.123840764111628,0.0465166215498142,-0.0725180875313746,0.0335439318849245,-0.12287413850625,0.0384552007240385,-0.179180413310604,0.0537325680163561,-0.066521892367233,0.020126287995137,0.062907001525491
"27",-0.0826551566479733,-0.128136810529805,0.0282092080841803,0.0881816826084057,-0.128414913215486,0.118989733415132,-0.0593986301900451,0.0996131870229252,-0.130723494066596,-0.0553382958973879,-0.00360863093626709,-0.105378946396885,-0.157552075809283,-0.124583282467823,-0.0122494364930374,-0.0807405311764298,-0.0657278206525719,0.178702859617797,0.0321478217193282,0.0573113703799271,-0.0960951739017448,0.0125217790799915,0.127289381318194,-0.122276151418465,-0.0906239638678284,0.156748132140234,1,0.206633813034463,0.0383217865221386,0.153329406178123,0.0239773690679226,0.119828206593807,-0.0279778190112799,-0.0137088660370498,0.0874292097868161,0.142504722927505,-0.0353553727267132,0.117487191141922,0.0795284262870714,-0.00438477008702561,-0.00533942543336691,-0.0348195280812775,0.0220534147130014,0.0942775543647176,0.128227140138618,0.122341364760804,-0.11787421730795,-0.0250689689255374,0.0301108441742149,-0.118975122283819,-0.0946997951680429,-0.231798657982879,0.178242414624756,0.00899990322033236,0.124864288582233,-0.0979450835123463,-0.0299588625987151,0.0746761027545537
"28",-0.0318338435765307,0.0322594748015669,-0.119327875937151,0.200427702644051,-0.198530795864703,-0.0138910469074105,0.132143396108255,0.144190989768348,-0.0176718935233833,0.253475618891989,-0.030107571631585,-0.0204634559324246,0.0580079352013706,-0.0985434343820093,0.0285766679260023,-0.0438178716829581,0.0148443746910528,0.169291428935092,0.187623896636937,0.0905172426882673,-0.141438602091807,-0.0728733828689864,-0.0359904478207866,-0.0600962227138677,-0.0182326198433885,0.147753321939117,0.206633813034463,1,0.0612573172115054,0.0780653321022214,0.181322882555897,0.185237648812705,-0.020029569039179,-0.0407758412856625,-0.0795902034986145,0.0826902064164513,-0.0319018264492978,0.085479610320866,-0.00725819408101619,0.00614348808516166,0.0287829387571768,-0.122327516568176,0.0673977354360561,0.0922971945385312,-0.0407526991305286,-0.066873229177594,-0.0544243721218826,0.00069509339457748,0.102518825741511,-0.108490865434005,-0.209876591368001,-0.0873302056850903,0.176186481221946,0.0255372482041524,0.182937113367164,0.0672710082881514,-0.120400483381281,0.0649107520474719
"29",0.0495153213960331,-0.104176766547358,0.120167148388342,0.0509724329264594,-0.0295569916713394,0.00563012222797661,0.104017417704109,-0.018524211680009,-0.0706631430517837,-0.0217283718998117,0.00215549726712693,-0.0698803313027784,0.015156018943469,-0.115845101998887,0.0261435979821573,0.0533960921715391,-0.23316601572667,0.0152568754417996,0.203743873353244,0.0392481331838356,0.0454741923791316,0.117090564229285,0.0995198430368639,0.1599604176043,-0.0488973615076193,0.184564054485871,0.0383217865221386,0.0612573172115053,1,-0.149133381815479,0.103625238846202,0.161270430408951,-0.177289506919171,-0.106882518636227,-0.0588031583231369,-0.194430178858295,0.133835250104931,-0.117499991820563,-0.230023847063838,-0.126601708884736,-0.00847356825740804,0.0562184134452165,0.130522558269337,0.245757115113024,0.104322974401954,-0.012799090638289,-0.0290148035727467,-0.176324012526997,0.112127486433544,0.0268682417221378,-0.0933532082368853,-0.0543235681388834,0.297205613229302,0.133124862466702,0.233723406022191,0.110293448592734,-0.0554293688919177,-0.250300994467874
"30",-0.140474836180506,-0.0423541666198096,0.111831291792788,0.0813804256255736,-0.114972195646932,0.00746996046057671,-0.0491271219874675,0.0774366295237468,0.0743999762123889,0.169162839467056,0.157365405805421,-0.134890834547221,0.209924337412725,0.0554557975178962,-0.312156554081966,-0.0460673497016018,0.0202225573631241,0.107667421037537,0.0984563690360954,0.143930718256719,-0.00543465157335738,0.0124628264461935,-0.0795345619938851,3.37219775669289e-05,0.0625646585419841,-0.00676272604433225,0.153329406178123,0.0780653321022214,-0.149133381815479,1,-0.0461259749981804,0.156262447263288,-0.0013554128387367,-0.0200624144345786,0.0322294581861158,0.111957291810469,-0.183252099677379,0.0104256142383798,-0.0438269145214166,0.0747609819142811,-0.202154316611954,-0.0923359535742175,0.167235686887453,0.092791950524481,-0.0774947691240138,-0.0360210756855408,-0.205637148126786,-0.178724376953915,0.0741425965829692,0.0142696103748763,-0.167724806335895,-0.174099338849626,0.113563197208488,0.0863470374441849,-0.065204663232513,-0.105642489053965,-0.0226985773430586,0.061027653339687
"31",0.133981577687588,-0.0387013428082304,-0.106980512699051,-0.0355065591729861,0.00669913196024176,-0.0800730707087575,-0.019082709837666,-0.0550196837249716,0.170678463096218,0.110899542081347,0.023400712619309,0.110281405137243,-0.090167860215568,-0.0375952978729827,0.0694041257390292,0.122718560143101,-0.0731260399061208,0.159792202427785,0.538491855315449,0.271264391984736,0.0970062718622898,0.0997693543884247,0.0436920018952011,0.0731844508449064,0.11544145190599,0.128261756055961,0.0239773690679226,0.181322882555897,0.103625238846202,-0.0461259749981804,1,0.296100957488186,0.119782335246997,0.132440877877373,0.10118482994774,-0.105722100796426,-0.0452525822600379,0.195272664684056,-0.127686863095926,-0.251255536032758,0.113372080992344,0.0416352065815554,0.127657233639669,0.127725479678853,-0.0589872161057947,-0.10429275781241,0.037444332419923,-0.144327763634432,0.126760689170199,0.0312749267197987,-0.0806327010131662,-0.131310873057051,0.215123621285298,0.111446605408919,-0.0571413140976393,0.132576819551023,-0.176679446129242,-0.0316220481832013
"32",0.193265683423198,0.11229528099531,0.0244940889731896,0.183789226092123,0.0283945820499734,-0.0712689096401756,0.14248303319571,0.0307814687843786,0.160699923679681,-0.016946775686354,0.0823367786634538,0.0424125679686124,-0.0799224304808924,-0.196962601902967,-0.00630274830719676,0.0238421717387684,0.0373771920786737,0.336902883453994,0.290690086861587,0.449819684679635,0.118956768282407,0.159913391366662,0.0589680784282682,0.139148376692628,0.194330524034583,0.118826704119389,0.119828206593808,0.185237648812705,0.161270430408951,0.156262447263288,0.296100957488186,1,0.0406874703914461,0.306312383428793,0.0908475398395123,-0.132159230678137,0.189708461676341,-0.031906155823659,0.0471495557060813,-0.0531430426162976,-0.114108214262379,-0.0675877145306956,0.155930091198796,0.114095016116424,0.0286259290035297,-0.105118222722814,-0.189560582875083,-0.307340849622579,0.00258577190002641,-0.163802090794175,0.0636939101926827,-0.0211641155024725,0.0934349126365086,0.0836773046104961,-0.151236736896094,-0.0111306067899107,-0.269690458893748,-0.118162745253649
"33",0.346443178005442,0.384014884621423,0.145935089403521,-0.19073294359041,0.018899773230968,0.0559022691134687,0.0789421697038619,0.0570337897355287,0.265138491690489,0.233489101837979,0.243852217823172,0.0893124004162948,-0.0540174029284145,0.0336170641033295,-0.0233820621955558,0.0386005552556668,0.282748604332775,0.0488086984340188,-0.0886970739607926,0.0414949212965084,0.187754674049289,0.00795730153255877,-0.223804430227102,-0.0692674030925537,0.273636622300901,0.0252217286096135,-0.0279778190112799,-0.020029569039179,-0.177289506919171,-0.0013554128387367,0.119782335246997,0.0406874703914461,1,0.373895558327268,-0.00364190196001443,-0.0694877885281696,0.168954536267549,-0.0376192521073501,0.387158148515644,0.219739602662497,-0.0468284312823833,-0.0891316289425784,-0.305995808093028,-0.284882031940908,-0.0232754335914346,-0.180364933133271,-0.0369711206189687,-0.050797200044546,-0.134728604124243,-0.0434073880094904,0.28337197809686,0.0954800412317158,-0.0394095281758255,-0.214383870834235,-0.168077933981276,0.130960053271854,-0.239759008435243,-0.126281507680334
"34",0.197474084589013,0.380873802609576,0.0234214644526551,-0.193144792580458,0.0843075854530293,-0.0508924111131705,0.110622384104078,0.0211351101179913,0.268331876628394,0.270226878485876,0.123641511133077,0.19274098485312,-0.0569892889140616,-0.0753537480220086,-0.0266724757781842,0.137007034157642,0.249415774281793,0.0950170634354015,-0.0472094350757562,-0.0119429112533018,0.0537743451248096,-0.0869447632625084,0.0831604628734813,0.0414277014665368,0.0741882649785199,-0.0671729973978817,-0.0137088660370498,-0.0407758412856625,-0.106882518636227,-0.0200624144345786,0.132440877877373,0.306312383428793,0.373895558327268,1,0.0102828736915836,-0.0625357871975434,0.0778016962432525,-0.070163186639258,0.314438473564663,0.346028336957597,0.00384226506019046,0.109927483780615,-0.0563549428083016,-0.0758002008737866,-0.0291704130502691,-0.178990448224163,0.028903601047716,-0.0453304734659307,0.0798087119505474,0.0326246195888567,0.256723121962394,0.225819099201407,-0.135194269723641,-0.0969236977171103,-0.337766330859517,0.0187217651550183,-0.202109777336359,-0.164476928807767
"35",-0.133697781161389,-0.0250021385192197,-0.0617355228849869,0.0394955769808426,0.0502982315381929,-0.00585083108674143,0.23246315212238,0.29922877531989,0.0846944424475182,0.0596722609883506,-0.302416741427351,-0.125809152131594,0.135466390368341,0.0183615208157498,-0.0176642963104958,-0.0432583748881838,-0.00993573258774919,-0.10061574257683,0.0295698613073584,0.187949424355395,0.147241787707037,-0.0460336088454647,0.0438435154751852,-0.203830279538139,0.0455335830459353,-0.0357942821963905,0.0874292097868161,-0.0795902034986145,-0.0588031583231369,0.0322294581861158,0.10118482994774,0.0908475398395123,-0.00364190196001443,0.0102828736915836,1,0.298658171045512,0.20032020301532,0.0988246151533594,-0.105869328590126,-0.136879462754635,0.0781337508254018,0.0157701874738673,0.209469594587045,0.202483211623443,0.419924556319733,0.110454726716985,-0.114651359010751,0.0105683908144761,0.229516405267609,0.125191032866874,0.0448248130763559,0.0201076343264655,-0.113379568397894,0.0601489142325626,-0.0732292828631908,0.0369579909778892,-0.10696210346293,0.00951393142418564
