"","l_Insular.Cortex","r_Insular.Cortex","l_Amygdal.Area","r_Amygdal.Area","l_Bed.Nucleus.of.the.Stria.Terminalis","r_Bed.Nucleus.of.the.Stria.Terminalis","l_Hippocampus","r_Hippocampus","l_Orbitofrontal.cortex","r_Orbitofrontal.cortex","l_Entorhinal.Cortex","r_Entorhinal.Cortex","l_Frontal.Association.Cortex","r_Frontal.Association.Cortex","l_Globus.Pallidus","r_Globus.Pallidus","l_Glomerular.Layer.of.the.Accessory.Olfactory.Bulb","r_Glomerular.Layer.of.the.Accessory.Olfactory.Bulb","l_Glomerular.Layer.of.the.Olfactory.Bulb","r_Glomerular.Layer.of.the.Olfactory.Bulb","l_Granule.Cell.Level.of.the.Cerebellum","r_Granule.Cell.Level.of.the.Cerebellum","l_Hypothalamic.Region","r_Hypothalamic.Region","l_Entorhinal.Cortex","r_Entorhinal.Cortex","l_Vermix.Molecular.Layer.of.the.Cerebellum","r_Vermix.Molecular.Layer.of.the.Cerebellum","l_Lateral.Molecular.Layer.of.the.Cerebellum","r_Lateral.Molecular.Layer.of.the.Cerebellum","l_Anterior.Olfactory.Bulb","r_Anterior.Olfactory.Bulb","l_Posterior.Olfactory.Bulb","r_Posterior.Olfactory.Bulb","l_Subiculum","r_Subiculum","l_Perirhinal.Area","r_Perirhinal.Area","l_PreLimbic.System","r_PreLimbic.System","l_Primary.Cingular.Cortex","r_Primary.Cingular.Cortex","l_Primary.Motor.Cortex","r_Primary.Motor.Cortex","l_Retrosplenial.Cortex","r_Retrosplenial.Cortex","l_Secondary.Cingular.Cortex","r_Secondary.Cingular.Cortex","l_Secondary.Motor.Cortex","r_Secondary.Motor.Cortex","l_Striatum","r_Striatum","l_Ventral.Tegmental.Area","r_Ventral.Tegmental.Area","l_Substantia.Nigra","r_Substantia.Nigra","l_Thalamus","r_Thalamus"
"1",1,0.238223242541899,0.0660663219615907,-0.0174015502623538,-0.101303108132036,0.0305790335142636,0.14763683720936,-0.0983011987527058,0.259126943471548,0.212565075406615,0.113562377743482,0.138973101318936,0.0567554698011683,-0.0208560803542506,-0.0223683831450072,-0.0367486501122632,0.110389673820911,-0.107477830980048,0.120139312613887,-0.139034521382262,0.0389535186124398,0.0458553156821181,-0.0331540434978114,-0.235292875740435,-0.106373281752966,-0.0109894781503361,-0.0429864787242731,0.0559277278769897,0.213199429445006,0.040542955961029,0.0572820109828217,0.0987199034655067,-0.0803601092765665,0.123682245716663,-0.0826327185538329,-0.0638550979451697,-0.0574410027202215,-0.123631351005855,-0.103875661727124,-0.0691160796389654,-0.252037902480039,-0.156614841742977,0.122727656144682,-0.0494475973795658,-0.222461005246121,-0.0983940393893824,-0.21286088712144,-0.0369630013061451,-0.0641993172142553,-0.185515319552935,0.00413771385941149,0.0332324120468537,-0.0754330197638434,-0.222609712878222,-0.0498411251693905,0.0518617829133178,-0.0944495955323108,-0.109618011420062
"2",0.238223242541899,1,-0.0852106140870994,0.0438470150553265,-0.274638352909262,0.019542196809932,0.212950303255608,-0.176706758794461,0.143088199234021,0.154158560334082,0.0968763233140888,0.283260594053481,0.0436377312131589,-0.146974562522033,0.148231355773142,0.242980662593427,-0.0176249001394992,-0.024485490266259,0.0255008737584029,-0.0421035705518375,0.0871745869508115,0.0814564793142761,-0.136584463353549,-0.059585918998246,-0.128926370157923,-0.0120031041487087,0.0418964110359693,0.109652439693761,-0.100227019109904,4.68987753493153e-05,-0.124083962262561,0.0554756260538213,0.0641098377952008,0.099846722236696,0.117068542138521,-0.158209657937354,-0.160367217739248,-0.149105546125337,0.135056994873329,0.17458829164048,-0.133154327058445,-0.0510093132182989,-0.00821386751186329,-0.122344310904326,-0.276418196290709,-0.240851040341501,-0.208263107228551,-0.237270434818753,-0.0910598425174395,-0.0780147887724144,0.211717485153818,0.241737006220462,0.0866887432638517,-0.092252986927467,0.084651922392107,-0.116226639270204,-0.00520884994024758,-0.0377843657619773
"3",0.0660663219615907,-0.0852106140870994,1,0.161974359474667,0.00042432035400749,-0.200640551151229,0.154595340416762,0.107791447604622,-0.029792919788721,-0.109487540103943,-0.0326751233707024,0.0724973728409417,0.119622426973794,0.0672897690792804,-0.0609972342762738,6.75360708885322e-06,-0.202267056025529,-0.0994322194597612,0.133870021190699,0.071750635781239,0.0158499200381126,0.137436561983645,-0.0875678428639144,-0.0878071065182003,-0.0526117176728463,0.107234297043455,0.0108064925010272,-0.0727648045309184,0.116642436702387,0.123900534490616,0.119925535302007,0.0815242084434182,-0.0822333361699506,-0.0272963903562582,0.0948106919877604,-0.00131468181885978,-0.0987377114850401,0.184775744912976,-0.0480817720292127,-0.136060622864264,0.0605066159906718,0.00683311059191823,0.0857227028491348,0.0303724608406301,-0.113979919834261,-0.192209110577808,0.0483573784356149,0.0960170572209486,0.0720700060037966,-0.00045170313264184,-0.118382126108335,0.00396598040678135,0.0751085544752255,0.229452076842213,-0.168638236175959,-0.136260296406604,0.014043044649286,0.0181134376891322
"4",-0.0174015502623538,0.0438470150553265,0.161974359474666,1,-0.100156707820534,-0.274334519465538,0.0802804343181952,0.149291931098167,-0.0455971753456118,-0.0426656385216804,-0.0372000706829039,0.158464065234796,-0.0187604917236927,-0.181583552908611,-0.229132521980257,-0.0148096371713905,-0.169480886136377,-0.134284942198058,0.0979220070180413,-0.127233357244835,-0.0784941961060471,-0.156570887881233,-0.0847120070275466,-0.07234695782813,0.136981306838792,0.137965015309558,0.0227827578315429,-0.0663852730132234,-0.113487541506779,-0.043818855848753,0.0236684378212855,0.19946899134126,-0.226262671785885,0.175197153894107,0.139616285697976,0.0121863386701965,0.137902385312106,-0.0509237348570229,-0.0506943033102921,-0.117768803985065,0.0760638703875653,-0.081456014033673,-0.225645679722131,-0.20811618186036,0.0726466135031735,0.0487177273210037,0.116879065228081,0.155611200242563,-0.0803120182457258,-0.247218782856481,-0.17633537732445,-0.185415423683781,0.165758522253411,0.170899300931456,0.0212869454820786,0.0206723288659063,0.0952532078734387,0.00866515063247775
"5",-0.101303108132036,-0.274638352909262,0.00042432035400749,-0.100156707820534,1,0.169032026894412,-0.115317094951052,0.122083145923915,-0.0511734085157432,-0.103736057612629,-0.017068028537087,-0.0859672553741883,0.00876108928517516,0.0720191955038047,0.0182395448158754,-0.0202106313416606,-0.084574133594232,-0.0162233538913373,0.0013716750597921,-0.0626205986304695,0.0163033557792567,-0.00765175697124128,0.140213909210619,0.118574105893508,0.0551608359618041,0.0137759056217287,-0.0708331192456401,0.0255271877315753,-0.122137339341919,0.0861413528305847,0.030690773689195,-0.190789268127996,0.117336226103115,-0.0849673014116928,-0.0336148457765696,-0.157967334668007,0.0363095847473505,-0.0276079488482571,0.0122871951366843,0.183753571813921,-0.070056910685502,-0.00159462339263735,-0.0257634226024206,0.13240759618338,-0.0357753264440564,-0.0178358174374784,-0.029578418080788,-0.0250644324692108,0.0107058345963066,-0.00656614439403525,0.0670213552477171,0.059900593193535,0.0481064520472139,0.076217405672013,-0.0955576361513835,0.129138014704019,0.0741104243192413,0.177748729427946
"6",0.0305790335142636,0.019542196809932,-0.200640551151229,-0.274334519465538,0.169032026894412,1,-0.0212648744063033,-0.0581200827841575,0.021911658772164,-0.0632117500611381,0.110350798275128,-0.00411680380685413,-0.122067337069417,0.106050926642162,0.0749261955200202,-0.0357710911313374,0.220086063711291,0.194146042673394,-0.0170966152256685,-0.128869141238528,-0.115870900266759,-0.0973687051626134,0.010030120448291,0.164002244592752,-0.0809157907739566,-0.133418380274656,0.0273442157406902,0.0919774154705684,-0.0112907578252946,0.021112753997805,-0.0899977170607066,0.00581058331457772,0.218780386249526,-0.142918957505436,0.0775229055160876,0.028399423649107,-0.00361908891888404,0.0552235805839931,0.00488731487435832,0.168931751421927,0.0278608863024009,-0.0226344596202546,-0.0431672561324473,-0.0247573061799294,0.0257154874539617,0.0528864382380996,0.0588037380539511,0.00463191083194234,-0.0711536135270135,0.103231359265923,-0.0416337608661101,0.0806880049019953,-0.0618594751247416,-0.152599525443547,0.319255467154407,-0.0274444317440564,-0.103664598144017,0.175903994062829
"7",0.14763683720936,0.212950303255608,0.154595340416762,0.0802804343181952,-0.115317094951052,-0.0212648744063033,1,-0.051627918833736,0.016847295024653,0.0354174584202914,0.204952950317067,0.136814296163205,0.170052196422047,-0.00521924439774279,-0.0931470297155879,0.0169217927051293,0.203199180603656,-0.00625435881864579,-0.0178656542351064,0.0260656051286413,-0.014874802912273,-0.0562657666105105,-0.105733033274032,-0.0825652990724338,-0.107698173024635,0.0716823057139153,-0.00605221005562512,0.113895885888831,0.10074438467363,0.0208266820502741,0.140494444397047,0.00715778870912515,-0.079468034377221,0.0252867174923638,0.239333260285188,-0.0388480738794239,0.0240753478703128,-0.0135876820083078,-0.0114920360259151,-0.0795112366399398,0.0970981320890911,0.0038902117057649,0.135517779401721,-0.0428701598552068,-0.074713845969854,-0.209353722519125,-0.0169359620936753,-0.111788017594701,0.178582144143089,0.0930004986527746,0.0147811897978697,0.0138889222420441,0.0304753511278387,0.0358344767058804,-0.0439229718624927,0.0429895396066181,-0.114133907759247,-0.125796406570075
"8",-0.0983011987527058,-0.176706758794461,0.107791447604622,0.149291931098167,0.122083145923915,-0.0581200827841575,-0.051627918833736,1,-0.0205856596822154,0.249595634194378,-0.114633710175879,-0.0633931841049359,0.25553085582534,-0.0356220671182917,-0.185904924512569,-0.115909698906272,-0.0807256903070904,0.211164513841536,0.0409027192941624,0.0122222735360343,-0.057285736131824,0.0915548319158909,0.006778504929311,0.0471265703699417,-0.00495458453005631,-0.0463631739761757,0.036307589114817,-0.0572693857212591,0.0281954060062015,0.0142808650726643,0.141314894574767,-0.127990450649455,0.101112564512967,0.0629407389368494,0.014207308394959,0.165016400527308,-0.0972304666667918,0.126820000636587,0.122819094974633,0.105025215803487,0.166742847065051,0.225620785211902,0.0116622556472014,0.220601421022201,0.181389860025542,-0.0189340660269017,0.0428085642657062,0.0856736319454272,0.112211018279004,0.151101583618478,-0.0126328615261492,0.0951015479270167,0.20945567277566,0.0638332007631201,0.0721015171786059,0.193549662191302,0.0307260181919804,-0.141570264399072
"9",0.259126943471548,0.143088199234021,-0.029792919788721,-0.0455971753456118,-0.0511734085157432,0.021911658772164,0.016847295024653,-0.0205856596822154,1,0.233949184233509,0.13283415070773,0.129589442623868,0.0943736040878054,-0.0791224914667543,0.160103149739784,0.146466133270545,0.0580360753067335,-0.140402417383315,0.117649947736539,-0.138137652673599,0.17265173122006,-0.164791670724415,0.0408566210083755,-0.112224668423511,-0.194444353485287,-0.148484852943909,0.141867029306802,-0.166602967509422,-0.021831802995492,0.021362953016819,0.0430796514316798,-0.0431000985850474,0.033766468705731,0.0392444398047652,0.0481411161649319,-0.0554628654633064,0.0970416366189188,-0.0112830735402778,0.016583656794133,0.0861600211325641,-0.164754156793855,-0.014828975420853,0.130508123915532,0.0168778251504907,-0.205583067450775,-0.123203504078066,-0.285868302202875,-0.145299958920994,0.0619913455031238,-0.159718234941966,0.210390014417439,0.0618665960873573,-0.00048237086703916,-0.069978831926372,0.17437505116016,0.0339084174642192,-0.169315487184097,0.0375014331239679
"10",0.212565075406615,0.154158560334082,-0.109487540103943,-0.0426656385216804,-0.103736057612629,-0.0632117500611381,0.0354174584202914,0.249595634194378,0.233949184233508,1,0.085436389793551,-0.041031686970918,0.0660022131976586,-0.031393805626792,-0.00664029718118379,-0.0772734281587019,0.170082774086833,-0.061113429797944,-0.166613528403659,-0.102562193933752,0.0130460337412536,0.0239449523395671,0.0459324599943849,-0.109793570974466,-0.138224832744344,-0.0861177348800854,0.0556952429929592,0.031875443364341,0.216570149262435,-0.0723927345670502,0.101910072838963,0.0375245280949611,-0.208118440117697,0.0259833276771912,0.178173848403254,0.181301765472918,-0.140798827131667,0.0137155699829887,-0.201433680362731,0.106614443385091,-0.184170863741328,0.0643868986124117,0.158559969730416,0.190065224021913,-0.0106321421888228,0.00402625370461004,-0.206548161749614,-0.00235014608218194,-0.059590392454801,-0.0150327553542877,-0.0756270175739285,-0.0104979235282338,-0.0547961440594725,-0.189785398457054,0.141796380082458,-0.0558110235107705,-0.155080298125186,-0.240860844284032
"11",0.113562377743482,0.0968763233140888,-0.0326751233707024,-0.0372000706829039,-0.017068028537087,0.110350798275128,0.204952950317067,-0.114633710175879,0.13283415070773,0.085436389793551,1,-0.0332471310897009,-0.0335060676260583,0.0190895085261343,0.0641787323079762,0.138850947824744,0.0521522786759493,0.0698762383787345,0.018936070655927,-0.216981150342242,0.0497617673340181,0.0533744508184866,-0.0673729687682924,-0.138951086976682,-0.114511647548338,-0.0594313948097411,-0.098370354815891,0.0877620076546925,-0.0109894970836,-0.054638806151647,0.0482232997806349,-0.0288477917195067,-0.14619816168539,-0.0337927599549528,-0.0518297891910685,-0.121141394431955,0.105392173485633,0.00478469582478818,0.124367194780879,0.00099892965407826,-0.0519661137695879,-0.0735722656864205,-0.0257873114398521,-0.139046122685083,-0.208604040151691,0.0162066649041665,-0.100921042656451,-0.0127433486935558,-0.0417891158622997,-0.0119872799897693,0.173630748268474,0.119052419776118,-0.0653149724723979,0.1548846262012,0.0319845192726805,-0.14372254570706,-0.173520612332514,0.222757950364968
"12",0.138973101318936,0.283260594053481,0.0724973728409417,0.158464065234796,-0.0859672553741883,-0.00411680380685413,0.136814296163205,-0.0633931841049359,0.129589442623868,-0.041031686970918,-0.0332471310897009,1,0.100674841595789,-0.151655115591012,0.0143382232284369,0.134751541620027,-0.0448487253547048,-0.10027876558319,0.0790861038474888,0.123380219194023,0.022232503076485,-0.109981966191318,-0.0873839940122363,-0.066129541700917,-0.17298705395743,0.0488438522518034,-0.0544690840983156,-0.053535948054053,-0.0236641935122079,-0.115342174275821,0.01377153395756,0.123687124235062,0.0476560236888811,0.0180080389587982,-0.00389206945987971,-0.180173172374756,-0.137211491381104,-0.0302251848950548,0.0332416055804492,-0.0548839164701234,-0.0948906381631691,-0.0693229356566391,0.00474665578209458,-0.0787595259343147,-0.18493196490234,-0.162626124245317,-0.244052777296315,0.054330855740258,0.102415535035775,-0.128357520751704,0.235364410553533,0.0994023779083738,0.236760752172894,0.116869459259254,-0.0159112037395461,-0.0690455095408321,0.222721298079625,0.0694887556340351
"13",0.0567554698011684,0.0436377312131589,0.119622426973794,-0.0187604917236927,0.00876108928517516,-0.122067337069417,0.170052196422047,0.25553085582534,0.0943736040878054,0.0660022131976586,-0.0335060676260583,0.100674841595789,1,-0.108444033164965,-0.0498763538459888,-0.0264926653196864,0.0619189731872123,0.0918099109600034,0.110392142496672,0.15602941271129,-0.182281268394313,0.176120180601548,-0.223068147257719,-0.101668419135967,-0.320574430046523,-0.0627295262960337,-0.010723410878197,0.144219276513743,0.145504033011876,0.0440904794253767,0.0807994189830423,-0.175336944830539,-0.00126475317617254,-0.0639067549914277,-0.107243314266383,-0.0747926581318157,-0.0835885674398102,-0.0891972779771669,-0.0212627822380685,-0.0404810399136059,0.100390469597228,0.172806320120314,0.25030918029968,0.0991984658260796,-0.140964821773866,-0.11663191910812,-0.137322057480186,-0.0826252689355514,0.623001599440767,0.182340998710853,0.0299305884556794,0.109115203213937,0.0475912974799223,-0.131390877800628,-0.0801977075955446,0.177270371048787,0.0441873146798191,-0.0945274114107719
"14",-0.0208560803542506,-0.146974562522033,0.0672897690792804,-0.181583552908611,0.0720191955038047,0.106050926642162,-0.00521924439774279,-0.0356220671182917,-0.0791224914667543,-0.031393805626792,0.0190895085261343,-0.151655115591012,-0.108444033164965,1,0.060863514594901,0.108718148547951,-0.0479393195249075,0.251235674222951,-0.0188107505963924,0.147005054532583,-0.0212058870042642,-0.00032545586255955,-0.123105327818438,-0.069858382848434,-0.148992079139166,-0.107095359811934,-0.119749760027268,0.130290309125393,-0.09437015605231,-0.0602201442725934,0.0657483479483177,-0.114464084425951,0.0184510063560398,-0.110164065147294,0.0350215614476079,-0.0309851609066234,-0.0172758043131451,0.116250984715754,-0.0182406402987875,-0.0131645907640683,-0.0553038785517224,-0.133684609817202,-0.122828007498839,-0.0563614696229391,0.152955633815745,0.113315461205424,0.114667545543901,-0.0939246914344211,-0.0825539889219387,0.487089686915909,-0.0115345341358664,-0.153406436400004,0.025968642609285,-0.0435055703556744,-0.0259881143965882,0.150343788415527,-0.0976096677960527,0.023071272942062
"15",-0.0223683831450072,0.148231355773142,-0.0609972342762738,-0.229132521980257,0.0182395448158754,0.0749261955200202,-0.0931470297155879,-0.185904924512569,0.160103149739784,-0.00664029718118379,0.0641787323079762,0.0143382232284369,-0.0498763538459888,0.060863514594901,1,0.0118427355983048,-0.0518785023992631,-0.0365967675826185,0.0604110559846719,-0.0415756317188782,0.113507552329431,0.0174982289278143,-0.00735691632035731,-0.0313674872730043,-0.143140629668556,0.0416568294000727,0.164667328947814,0.0472250400029421,0.0268909150101409,0.00020971495605199,0.00975064426939299,0.0107962776445973,0.123281876383462,0.0269035365681973,-0.00333812374844132,-0.118655997337962,-0.178116965955946,0.0676830893173687,0.0752600292546936,0.09788513780126,-0.122226441473673,-0.0856018650313259,-0.0035682461631291,0.0288818805019606,-0.0839074675663429,-0.114305550733134,-0.207920024805954,-0.231174753142667,-0.0491528030419619,0.0466129737992512,0.155431783333916,0.125026002357284,0.00256135272960973,-0.0652066743861113,0.0706497073795611,-0.141219213328463,-0.0764086704435913,0.0598636589511069
"16",-0.0367486501122632,0.242980662593427,6.75360708885322e-06,-0.0148096371713905,-0.0202106313416606,-0.0357710911313374,0.0169217927051293,-0.115909698906272,0.146466133270545,-0.0772734281587019,0.138850947824744,0.134751541620027,-0.0264926653196864,0.108718148547951,0.0118427355983048,1,0.0623892988402784,0.0934574918890508,-0.0983884010317649,-0.0245419632603352,0.15221980771812,-0.103258045912761,0.0799847148101588,-0.20773557159696,-0.0641198889539218,0.0488182215149358,-0.0651950085620789,-0.158293113312571,-0.0774293191463736,0.0385799866268033,-0.160879488986186,-0.0383588744538874,-0.0125426116115891,-0.0125558029787734,-0.0360568573212994,0.0237557454117844,-0.191126972350091,-0.0317341964121322,0.301852120182067,0.0711417888123894,0.0336847937625882,0.083165415829842,-0.112330152088723,-0.266260462850472,-0.242913005954289,-0.136492167149538,-0.209555733841349,-0.142340538780486,-0.0118927470621536,0.00333364482172962,0.292299270303805,0.241003737745806,0.0558489329672572,0.11019552868099,-0.0769824552450171,-0.146215959773584,0.0288764823426674,-0.0163303074165756
"17",0.110389673820911,-0.0176249001394992,-0.202267056025529,-0.169480886136377,-0.084574133594232,0.220086063711291,0.203199180603656,-0.0807256903070904,0.0580360753067335,0.170082774086833,0.0521522786759493,-0.0448487253547049,0.0619189731872123,-0.0479393195249075,-0.0518785023992631,0.0623892988402784,1,0.189991462299778,-0.0809430484493998,0.0411184514098921,-0.163880351997806,-0.107244959998451,-0.129274928147869,-0.0298080176225271,-0.0204415108109972,0.0342037446053296,0.118198053050546,0.125015433714902,0.237863508440008,0.11186063518517,0.043847674046529,-0.00264513547555494,0.0569952122390478,0.0499863557472078,0.0387295866983227,0.100501580495895,-0.00575882999954282,-0.0447062984100478,0.0491220807657914,0.04139048684266,0.160594862875278,0.230822537657758,0.00038593280276573,-0.186431252394122,-0.112436832714152,0.149760160142451,0.00887963701902042,0.0173661301752195,0.166723011708567,0.0426523207070312,-0.0722074745440702,-0.00257628209760477,-0.152041524453314,-0.15773583826738,0.143357658956537,0.060022875037783,-0.167344986553769,-0.179382925259494
"18",-0.107477830980048,-0.024485490266259,-0.0994322194597612,-0.134284942198058,-0.0162233538913373,0.194146042673394,-0.00625435881864579,0.211164513841536,-0.140402417383315,-0.061113429797944,0.0698762383787345,-0.10027876558319,0.0918099109600034,0.251235674222951,-0.0365967675826185,0.0934574918890508,0.189991462299778,1,-0.0669716027301314,0.0992284807436983,-0.158637871836069,-0.0135495863247393,-0.19263295506513,0.0193917736404398,-0.0032135739014823,-0.175070402373063,0.0195710261231522,0.0819045333990708,-0.0261160098396044,0.00969731169435652,-0.0910383243288064,-0.0597253358997765,0.255492787043447,-0.0842858273182333,-0.0536272749989966,0.00671508536709024,-0.0705431024873621,-0.0391710309847072,0.182192073120365,0.0745266762985296,0.0826929564939328,0.101590861082076,-0.0413077405498137,0.0151000982467669,-0.0365875059853057,-0.0643231536052969,0.0032397513736983,-0.0611447679386916,0.116608330001351,0.427071270201493,0.0300577176942986,0.0412487562955498,0.0144735311996386,-0.132018933083056,0.0752394055301878,-0.0485164443279803,0.0846102098272638,0.0632103404488864
"19",0.120139312613887,0.0255008737584029,0.133870021190699,0.0979220070180413,0.0013716750597921,-0.0170966152256685,-0.0178656542351064,0.0409027192941624,0.117649947736539,-0.166613528403659,0.018936070655927,0.0790861038474887,0.110392142496672,-0.0188107505963924,0.0604110559846719,-0.0983884010317649,-0.0809430484493998,-0.0669716027301314,1,0.112357456071207,-0.0469837931090318,0.0402904488849884,0.0860907678703725,-0.021223351382182,-0.0164856424333893,0.124578186726786,-0.189046971919584,-0.0688499331399768,-0.0180476748061557,-0.0683483213017448,0.334621306955564,0.00466286827679257,-0.00382402767302424,-0.0756819095269278,0.0839918630525845,-0.124695731930547,-0.00485500090694122,0.0512459051712591,-0.0305786061886321,-0.154291002645047,0.157259089100175,-0.00230332109508272,-0.0425155095370597,-0.160496835944644,0.0514600954986265,0.0722785993429095,0.0758085150211843,0.0924073666766155,0.184120173823082,-0.0809424052946274,0.0961828210133084,0.0584884855617245,-0.0161316376816238,0.132998589917295,0.0601354444889559,0.137357209210041,-0.0934314150233409,0.127114393052693
"20",-0.139034521382262,-0.0421035705518375,0.071750635781239,-0.127233357244835,-0.0626205986304695,-0.128869141238528,0.0260656051286413,0.0122222735360343,-0.138137652673599,-0.102562193933752,-0.216981150342242,0.123380219194023,0.15602941271129,0.147005054532583,-0.0415756317188782,-0.0245419632603352,0.0411184514098921,0.0992284807436983,0.112357456071207,1,-0.161695484255129,0.164672595106077,-0.0240163804468367,-0.0243995270296266,0.0406875661161611,0.0575947436638952,-0.248108624439361,-0.0977936856587097,0.114808039027773,0.0254305790280609,0.174178815348995,0.170461976387792,-0.0462341736269279,0.0181322975502581,0.0789979686590973,-0.045969943501305,-0.0393390361458412,0.0102711425787933,-0.022180611804659,-0.0977144625775401,0.0353075366745533,0.0534585204275396,0.10916329264245,0.0627238086066487,0.0134618527711391,0.113621149160242,0.0586832553050563,0.225498008813504,0.118053931431936,0.194485603584766,0.10654342245555,-0.139025302590967,0.0907293055378163,-0.0730780569784421,-0.190414610449224,0.170142273244391,0.281057058194461,-0.022888994283304
"21",0.0389535186124398,0.0871745869508115,0.0158499200381126,-0.0784941961060471,0.0163033557792567,-0.115870900266759,-0.014874802912273,-0.0572857361318241,0.17265173122006,0.0130460337412536,0.0497617673340181,0.022232503076485,-0.182281268394313,-0.0212058870042642,0.113507552329431,0.15221980771812,-0.163880351997806,-0.158637871836069,-0.0469837931090318,-0.161695484255129,1,-0.135726587568805,0.0873721172801939,-0.049310757249359,0.172121334125938,-0.0311727973839673,0.0440992364568632,-0.0214716089110783,0.031058023192004,0.0184880289413524,0.0447851087550432,0.0640639650592563,-0.0229477217288294,0.0505332926663393,-0.0544043982718282,-0.0336864566897248,0.0497389689382816,-0.0807966345293755,0.134071557042265,0.122440391737084,-0.119966371018235,0.0187501977438384,0.201105725280444,0.040041601420324,-0.0702427913767704,-0.162379061314039,-0.0883609771787704,-0.184495959057144,-0.104204452067907,-0.0192940809796465,0.168055407412292,0.111091426084169,-0.0366849290331197,0.0322847115873807,-0.0884898587944917,-0.201781744865143,-0.110627744383948,-0.0494911659209737
"22",0.0458553156821181,0.0814564793142761,0.137436561983645,-0.156570887881233,-0.00765175697124128,-0.0973687051626134,-0.0562657666105105,0.0915548319158909,-0.164791670724415,0.0239449523395671,0.0533744508184866,-0.109981966191318,0.176120180601548,-0.00032545586255955,0.0174982289278143,-0.103258045912761,-0.107244959998451,-0.0135495863247393,0.0402904488849884,0.164672595106077,-0.135726587568805,1,-0.0206092868697919,0.115909499906499,0.0284813866429448,-0.0429118978547413,-0.0068539801713501,0.120884111849517,0.109704891677903,0.0880447656238367,0.0561119956474752,-0.0852661367344262,0.104620160164386,-0.10761831653455,-0.0790256419679448,-0.0993408565268721,-0.138426296551575,0.0643338297914476,-0.023583465553494,-0.0300409258914694,-0.0428067636450184,0.0985238084000233,0.205053198815118,0.0565196489607957,-0.0960221668153044,-0.00202867630467004,-0.0458792319859031,0.201069876027309,0.218879836226608,-0.00230602055726424,0.0333889853906589,0.0550706506278761,-0.0833732698570974,-0.0606866573102164,-0.0412680413134829,-0.0440910648897299,0.00533720338199211,-0.133667204747653
"23",-0.0331540434978114,-0.136584463353549,-0.0875678428639144,-0.0847120070275466,0.140213909210619,0.010030120448291,-0.105733033274032,0.006778504929311,0.0408566210083755,0.0459324599943849,-0.0673729687682924,-0.0873839940122363,-0.223068147257719,-0.123105327818438,-0.00735691632035731,0.0799847148101588,-0.129274928147869,-0.19263295506513,0.0860907678703725,-0.0240163804468367,0.0873721172801939,-0.0206092868697919,1,-0.0118822154166702,0.0622195726013226,-0.00441308023903563,-0.17133601634702,-0.0678234403894756,-0.021728848551816,0.121357060158402,0.0417143384460135,-0.117235596336835,0.035938841379591,-0.121656717406292,0.0631737133248251,0.0400459433194898,0.0164996927489208,0.129950465252457,-0.0265766880221186,-0.0649559164959163,0.108583943478494,0.0152302730049482,-0.0195659939431893,0.122000896542915,0.192596528311505,0.0186301266296042,0.146118536878805,0.127730041934876,-0.0418890702248851,-0.306537884052158,0.0459086182733802,-0.0536568155806772,-0.0177992702650831,-0.00157679682753798,-0.0451348518150718,0.0158546096944926,0.0776552238878597,0.0604448909210296
"24",-0.235292875740435,-0.059585918998246,-0.0878071065182003,-0.07234695782813,0.118574105893508,0.164002244592752,-0.0825652990724338,0.0471265703699417,-0.112224668423511,-0.109793570974466,-0.138951086976682,-0.066129541700917,-0.101668419135967,-0.069858382848434,-0.0313674872730043,-0.20773557159696,-0.0298080176225271,0.0193917736404398,-0.021223351382182,-0.0243995270296266,-0.049310757249359,0.115909499906499,-0.0118822154166702,1,0.20293704234963,0.0144671900223879,-0.0721573075604095,0.0956361560596697,-0.112414131019061,0.0475956934527451,-0.268425625896294,-0.0752409873541874,0.0747789518904946,0.066242030146269,0.089829040091696,-0.30073224101915,0.0560284402115598,-0.144554041569384,-0.10158798594562,-0.0260336350068566,0.0251164282546994,0.0205885973861192,-0.0986611573097976,0.0812654925351282,-0.00995050268127325,-0.0135644254880806,0.132868983041699,0.072212934580468,-0.0368640550315001,0.0543606116494301,0.00150134359339379,0.073472468361223,0.048741138723417,0.152193415511614,0.0836217452217996,-0.118187748537111,-0.0660015515349235,0.108286920631631
"25",-0.106373281752966,-0.128926370157923,-0.0526117176728463,0.136981306838792,0.0551608359618041,-0.0809157907739566,-0.107698173024635,-0.00495458453005631,-0.194444353485287,-0.138224832744344,-0.114511647548338,-0.17298705395743,-0.320574430046523,-0.148992079139166,-0.143140629668556,-0.0641198889539218,-0.0204415108109972,-0.0032135739014823,-0.0164856424333893,0.0406875661161611,0.172121334125938,0.0284813866429448,0.0622195726013226,0.20293704234963,1,0.0984500478036308,-0.00198901743762989,-0.0857106271000379,0.033459442070153,0.0733389591865098,0.0669531370629786,0.0915434098794829,-0.0700749382649652,0.0820590088227077,0.0374492156278768,-0.0500834795305823,0.0502287489369437,-0.126148662302616,0.0983147087232515,0.00310370539941574,-0.00491873209152932,0.0544443500428581,-0.0982573823410514,-0.0748597553973584,-0.0410090561837156,0.18964116383608,0.15955240891942,0.0849737677411107,-0.166721658036164,-0.0659156743671399,-0.114499499599427,-0.0926551806751225,-0.00957093336319941,0.0755823628304319,0.0726845215911506,-0.0821272608092339,-0.02369256162621,-0.106237354773368
"26",-0.0109894781503361,-0.0120031041487087,0.107234297043455,0.137965015309558,0.0137759056217287,-0.133418380274656,0.0716823057139153,-0.0463631739761757,-0.148484852943909,-0.0861177348800854,-0.0594313948097411,0.0488438522518034,-0.0627295262960337,-0.107095359811934,0.0416568294000727,0.0488182215149358,0.0342037446053296,-0.175070402373063,0.124578186726786,0.0575947436638952,-0.0311727973839673,-0.0429118978547413,-0.00441308023903563,0.0144671900223879,0.0984500478036308,1,-0.209178516220919,-0.10505613415298,-0.141256621493866,0.136470416285689,0.111611766697385,0.166738183363512,5.14972962699057e-05,0.0325518445320901,0.0801120932088635,0.0913991423935247,-0.0735451260955808,0.0376121521809373,-0.0138671383962045,-0.076150314600181,0.109609581605491,0.0765037467551451,-0.159348079932966,-0.073806778191817,-0.0943434741446918,-0.0336349434906023,-0.0417181772152683,0.00295482885467039,-0.103630707787302,-0.189550311591935,-0.0147847963064515,-0.0793277995700721,-0.121685106500179,0.11585613269993,-0.0634839397669468,-0.0961800282112529,-0.0252262020234395,-0.130579794316697
"27",-0.0429864787242731,0.0418964110359693,0.0108064925010272,0.0227827578315429,-0.0708331192456401,0.0273442157406902,-0.00605221005562512,0.036307589114817,0.141867029306802,0.0556952429929592,-0.098370354815891,-0.0544690840983156,-0.010723410878197,-0.119749760027268,0.164667328947814,-0.0651950085620789,0.118198053050546,0.0195710261231521,-0.189046971919584,-0.248108624439361,0.0440992364568632,-0.0068539801713501,-0.17133601634702,-0.0721573075604095,-0.00198901743762989,-0.209178516220919,1,-0.00529805634757848,0.0693562793145027,-0.0443899801333791,0.0457852422506411,0.0292260344528573,-0.0887763174974146,-0.0929389299878659,0.0609279253467334,0.0880312030022147,0.0141420939555459,-0.02596212072894,-0.112622583867816,0.0599952805212245,-0.0851855710394769,0.0799680998658415,0.00381854618843828,-0.0527458080610813,-0.0439024657922018,-0.0851943424050247,-0.150694572497282,-0.145212157766794,-0.0711566223050904,-0.0928692490457286,-0.175936536291764,-0.00310937338704583,-0.035125036569254,-0.162897546778465,0.165455997687092,-0.0278126550065672,-0.157300383314673,-0.0449727264727695
"28",0.0559277278769897,0.109652439693761,-0.0727648045309184,-0.0663852730132234,0.0255271877315753,0.0919774154705684,0.113895885888831,-0.0572693857212591,-0.166602967509422,0.031875443364341,0.0877620076546925,-0.053535948054053,0.144219276513743,0.130290309125393,0.0472250400029421,-0.158293113312571,0.125015433714902,0.0819045333990708,-0.0688499331399768,-0.0977936856587097,-0.0214716089110783,0.120884111849517,-0.0678234403894756,0.0956361560596697,-0.0857106271000379,-0.10505613415298,-0.00529805634757848,1,0.19474130611827,-0.0708153871032424,-0.0192237982909335,-0.0526251341156102,0.0288636955214289,0.00317058599445269,0.0709513439406244,0.058803875530133,0.0910103922528269,0.0363910891701157,-0.138294597665202,-0.0149975541163933,0.0160378377622364,-0.0532259645480665,0.171476494892945,0.122314292631984,0.0238170192202456,0.0643313244516412,-0.05444850167044,-0.0790985148699661,0.0787224068525594,0.155273363373962,-0.278473017624887,-0.05796414879359,-0.0320310334336546,-0.00554087201376236,-0.156582009815584,0.133889471196898,-0.102149229893498,-0.0411828563782232
"29",0.213199429445006,-0.100227019109904,0.116642436702387,-0.113487541506779,-0.122137339341919,-0.0112907578252946,0.10074438467363,0.0281954060062015,-0.021831802995492,0.216570149262435,-0.0109894970836,-0.0236641935122079,0.145504033011876,-0.09437015605231,0.0268909150101409,-0.0774293191463736,0.237863508440008,-0.0261160098396044,-0.0180476748061557,0.114808039027773,0.031058023192004,0.109704891677903,-0.021728848551816,-0.112414131019061,0.033459442070153,-0.141256621493866,0.0693562793145027,0.19474130611827,1,0.240487306252105,0.138122501566266,0.108708966938774,-0.104417602794357,0.115037205979159,-0.227896975914168,0.0580141923234339,-0.102459566974521,-0.0537075558510228,-0.137133140776599,-0.111984042985419,-0.0172288795527826,0.0323169509905622,0.30087373915554,0.161186078142721,-0.063170483330206,0.110686071304882,-0.0905606378868514,0.0643175939124183,0.15714469937972,-0.0436557158559946,-0.11583105505323,0.0048400079757858,-0.111559897414022,-0.0230696187888929,0.00711094039335588,-0.00367548253888712,-0.0899980685085458,-0.0625505768321643
"30",0.040542955961029,4.68987753493153e-05,0.123900534490616,-0.043818855848753,0.0861413528305847,0.021112753997805,0.0208266820502741,0.0142808650726643,0.021362953016819,-0.0723927345670502,-0.054638806151647,-0.115342174275821,0.0440904794253767,-0.0602201442725934,0.00020971495605199,0.0385799866268033,0.11186063518517,0.00969731169435652,-0.0683483213017448,0.0254305790280609,0.0184880289413524,0.0880447656238367,0.121357060158402,0.0475956934527451,0.0733389591865098,0.136470416285689,-0.0443899801333791,-0.0708153871032424,0.240487306252105,1,-0.124122173422178,-0.216521355863803,0.141217305025191,-0.0237910169574508,-0.0478880856282088,-0.131099220977531,-0.0445461048666267,-0.0800473699876676,0.143569763040425,-0.00412539500586156,0.111886714657394,0.0365532339439603,-0.0516378557072484,0.151892743290501,-0.124748684937686,0.0303289281173142,0.144274946587997,0.0614128910803691,0.085839048036704,0.023033691524751,-0.0110769733525453,-0.0535763515088424,-0.050680993397916,-0.0608797384481674,0.0822452830918322,-0.048458579160653,-0.0498603909480719,0.0151237502357039
"31",0.0572820109828217,-0.124083962262561,0.119925535302007,0.0236684378212855,0.030690773689195,-0.0899977170607066,0.140494444397047,0.141314894574766,0.0430796514316798,0.101910072838963,0.0482232997806349,0.01377153395756,0.0807994189830423,0.0657483479483177,0.00975064426939299,-0.160879488986186,0.043847674046529,-0.0910383243288064,0.334621306955564,0.174178815348995,0.0447851087550432,0.0561119956474752,0.0417143384460135,-0.268425625896294,0.0669531370629786,0.111611766697385,0.0457852422506411,-0.0192237982909335,0.138122501566266,-0.124122173422178,1,0.0861950351499432,-0.073487493725457,-0.163136496599902,0.107085851881747,0.0911376479814738,0.0331206455976102,0.321038054378447,-0.0582935011544738,0.0253126936939503,-0.10151542969016,0.0909773735168926,0.123314454444603,0.0753621409539177,-0.012846237036693,0.00356002484928471,-0.0186583271792475,0.066559818803052,0.0226331444902575,0.0362970011482162,-0.159027913960158,-0.179333878964022,-0.044441806464494,-0.156753831309125,-0.00857369594706278,0.137399611467228,0.0740478803944485,-0.0407470403046786
"32",0.0987199034655067,0.0554756260538213,0.0815242084434182,0.19946899134126,-0.190789268127996,0.00581058331457772,0.00715778870912515,-0.127990450649455,-0.0431000985850474,0.0375245280949611,-0.0288477917195067,0.123687124235062,-0.175336944830539,-0.114464084425951,0.0107962776445973,-0.0383588744538874,-0.00264513547555494,-0.0597253358997765,0.00466286827679257,0.170461976387792,0.0640639650592563,-0.0852661367344262,-0.117235596336835,-0.0752409873541874,0.0915434098794829,0.166738183363512,0.0292260344528573,-0.0526251341156102,0.108708966938774,-0.216521355863803,0.0861950351499432,1,-0.215122918452218,0.074386960856416,-0.00102770102066325,-0.048955263831748,0.133491207861717,-0.0494848686417693,-0.123026030162814,-0.0835914415307002,-0.205231867229577,-0.0912586433849552,0.024160377405305,-0.0511207027004914,-0.0767208899010721,0.11232427503869,-0.0825972885074982,0.088245294573499,-0.263962848649576,-0.224419265682149,-0.049793568607729,-0.0173411780847041,-0.0659606488425891,0.126584057344697,-0.0772141309878466,-0.105955194319287,0.126006551572569,-0.09123622307549
"33",-0.0803601092765665,0.0641098377952008,-0.0822333361699506,-0.226262671785885,0.117336226103115,0.218780386249526,-0.079468034377221,0.101112564512967,0.033766468705731,-0.208118440117697,-0.14619816168539,0.0476560236888811,-0.00126475317617254,0.0184510063560397,0.123281876383462,-0.0125426116115891,0.0569952122390478,0.255492787043447,-0.00382402767302424,-0.0462341736269279,-0.0229477217288294,0.104620160164386,0.035938841379591,0.0747789518904946,-0.0700749382649652,5.14972962699057e-05,-0.0887763174974146,0.0288636955214289,-0.104417602794357,0.141217305025191,-0.073487493725457,-0.215122918452218,1,-0.0377252835207339,-0.0203640971975725,-0.0567628488469859,-0.0401390932337847,0.0456131505641452,0.233470951338452,0.347472012624179,0.0311302089335752,0.0531794762352019,-0.0391618262012542,0.0768206982664135,-0.0473705659259684,-0.117331599826861,-0.0278582116543057,-0.0268715303921726,0.152624218105905,0.21213076483484,-0.013347439507377,0.0696717755436979,0.0102328866851654,0.0331728727703992,0.0529397934324631,0.0633705414403696,0.0877417683854279,0.00304611216238192
"34",0.123682245716663,0.099846722236696,-0.0272963903562582,0.175197153894107,-0.0849673014116928,-0.142918957505436,0.0252867174923638,0.0629407389368494,0.0392444398047652,0.0259833276771912,-0.0337927599549528,0.0180080389587982,-0.0639067549914277,-0.110164065147294,0.0269035365681973,-0.0125558029787734,0.0499863557472078,-0.0842858273182333,-0.0756819095269278,0.0181322975502581,0.0505332926663393,-0.10761831653455,-0.121656717406292,0.066242030146269,0.0820590088227077,0.0325518445320902,-0.0929389299878659,0.00317058599445269,0.115037205979159,-0.0237910169574508,-0.163136496599902,0.074386960856416,-0.0377252835207339,1,-0.111561977449718,-0.0276051476034807,0.0186266163661804,-0.145996305311721,0.126522564505734,0.0432374939701205,0.0321225626300522,-0.0908296313423528,-0.0803987745622421,-0.0428814656980539,-0.115251267611187,-0.100951960820927,-0.0504871855175442,0.0243756118508192,-0.223186014966021,-0.170741932253879,0.0975249770484973,0.119884594761588,0.0760104279573049,0.10495909530113,-0.0215197796456203,-0.0332731261304008,0.055101461419281,-0.0968380494023858
"35",-0.0826327185538329,0.117068542138521,0.0948106919877604,0.139616285697976,-0.0336148457765696,0.0775229055160876,0.239333260285188,0.014207308394959,0.0481411161649319,0.178173848403254,-0.0518297891910685,-0.00389206945987971,-0.107243314266383,0.0350215614476079,-0.00333812374844132,-0.0360568573212994,0.0387295866983227,-0.0536272749989966,0.0839918630525845,0.0789979686590973,-0.0544043982718282,-0.0790256419679448,0.0631737133248251,0.089829040091696,0.0374492156278768,0.0801120932088635,0.0609279253467334,0.0709513439406244,-0.227896975914168,-0.0478880856282088,0.107085851881747,-0.00102770102066325,-0.0203640971975725,-0.111561977449718,1,0.108399206641474,-0.0340253407695574,-0.0428721659224437,-0.16897902900497,-0.0316347151572946,-0.00372834107153837,-0.110973931478192,-0.14099954086241,-0.0347879612857197,0.0574175403631823,-0.0985635641912498,-0.00840776922493509,-0.0718689320042661,-0.0969701790826593,0.0150341360194721,-0.104282915065735,-0.146996472992241,0.112458576609456,-0.027458989128758,0.139636804683021,0.0393347476615854,0.0202339735576261,-0.0727914524258168
