"","l_Insular.Cortex","r_Insular.Cortex","l_Amygdal.Area","r_Amygdal.Area","l_Bed.Nucleus.of.the.Stria.Terminalis","r_Bed.Nucleus.of.the.Stria.Terminalis","l_Hippocampus","r_Hippocampus","l_Orbitofrontal.cortex","r_Orbitofrontal.cortex","l_Entorhinal.Cortex","r_Entorhinal.Cortex","l_Frontal.Association.Cortex","r_Frontal.Association.Cortex","l_Globus.Pallidus","r_Globus.Pallidus","l_Glomerular.Layer.of.the.Accessory.Olfactory.Bulb","r_Glomerular.Layer.of.the.Accessory.Olfactory.Bulb","l_Glomerular.Layer.of.the.Olfactory.Bulb","r_Glomerular.Layer.of.the.Olfactory.Bulb","l_Granule.Cell.Level.of.the.Cerebellum","r_Granule.Cell.Level.of.the.Cerebellum","l_Hypothalamic.Region","r_Hypothalamic.Region","l_Entorhinal.Cortex","r_Entorhinal.Cortex","l_Vermix.Molecular.Layer.of.the.Cerebellum","r_Vermix.Molecular.Layer.of.the.Cerebellum","l_Lateral.Molecular.Layer.of.the.Cerebellum","r_Lateral.Molecular.Layer.of.the.Cerebellum","l_Anterior.Olfactory.Bulb","r_Anterior.Olfactory.Bulb","l_Posterior.Olfactory.Bulb","r_Posterior.Olfactory.Bulb","l_Subiculum","r_Subiculum","l_Perirhinal.Area","r_Perirhinal.Area","l_PreLimbic.System","r_PreLimbic.System","l_Primary.Cingular.Cortex","r_Primary.Cingular.Cortex","l_Primary.Motor.Cortex","r_Primary.Motor.Cortex","l_Retrosplenial.Cortex","r_Retrosplenial.Cortex","l_Secondary.Cingular.Cortex","r_Secondary.Cingular.Cortex","l_Secondary.Motor.Cortex","r_Secondary.Motor.Cortex","l_Striatum","r_Striatum","l_Ventral.Tegmental.Area","r_Ventral.Tegmental.Area","l_Substantia.Nigra","r_Substantia.Nigra","l_Thalamus","r_Thalamus"
"1",1,0.257658997933386,0.154443220017642,-0.020151546506042,0.111587761585265,-0.0743591871172209,-0.0983319623873691,-0.163047266853142,0.397749294063683,0.248842571155438,0.342744624524205,0.0217120389985231,-0.0650525478817796,0.0184566359525335,-0.069242124394464,0.185603757632862,-0.263105575783778,-0.158281096347489,0.00366987031274388,-0.0462602899148928,-0.0215531034397478,-0.114804546606722,0.0617630841754763,-0.162241756211715,0.0945319253727283,-0.0236856590856623,0.0503110250396824,-0.0199970079804596,-0.0784187457414508,-0.0605806840871173,-0.0383300223159225,0.0368774861487686,0.292716350859032,0.103358568184903,-0.00961377629075841,0.060960905701162,-0.0599608080994448,0.0276552570749362,0.342259531252061,0.170500764867596,0.0326228169495237,0.0972212264060417,0.191823378200767,0.199775626041108,0.0014363960734119,0.028129627935002,-0.0357350456458536,-0.0753271193876321,0.0379124099253146,0.0574286233117949,0.168923432920159,0.184555129109831,-0.142737767733692,-0.0792011429488935,0.0067405627497948,-0.00344801074302346,0.295179035871553,-0.0430081338112205
"2",0.257658997933386,1,-0.107885519734204,-0.00562520653441779,-0.0731900999507424,-0.0538115548353313,-0.0446322783270437,-0.263079415619048,0.0860401990058104,0.324625517911971,0.202507120215914,0.214968264150219,-0.060645824675481,0.16205784317656,0.045630568908237,0.12720510721122,-0.229501812077796,0.0360813417550414,-0.00464019205197129,-0.0179792928895143,-0.00401898411502444,-0.0450104516096014,0.0820513496336694,-0.0733238324913906,-0.0309055097357373,0.030204768523477,-0.0987319442865376,-0.0361499998297717,0.021103216719454,-0.185618222895872,0.0550385115147706,0.0645041766788421,0.122491002181135,0.0931013675115318,0.105702917635907,0.166973149136776,0.0956513666012613,0.131892090698677,0.176256370358524,0.142866256085403,0.132836315842301,0.107693686185331,-0.175756695519613,0.087218694506867,-0.133500906658537,0.0106318891939816,-0.0170850973014769,-0.00029457959483819,-0.107994810844815,0.186420903400944,-0.0161478714914065,0.278086140093119,0.0511181800108367,-0.00747767533846945,0.0296379417904235,0.021389108370666,0.0750852336621816,-0.217536371282778
"3",0.154443220017642,-0.107885519734204,1,0.0445122270441567,0.0205043560862565,0.0440526196390646,-0.0443508843730482,0.0467393946252773,-0.0340868809861861,-0.0560631869710495,0.242224886371444,-0.0554246683805459,-0.197773745573023,0.00219414874238943,-0.0384519636828657,0.0561941168118335,0.0500343952050649,-0.0112816071357302,-0.0252208399648457,0.00542179365100289,0.0789326769416009,-0.250976480907881,-0.0302339856334783,-0.0973165329426621,0.108907859755154,0.0612090710573363,-0.0447145624881912,-0.0557078125919501,0.0241491385879341,0.228097437561791,-0.146099015014838,0.115027918574463,-0.0720273119826408,-0.230793983006049,-0.0269065950735519,-0.165469441229902,-0.0697472712374806,0.0642347957273265,-0.128344375147748,-0.257978656000695,-0.0505992228849015,-0.0540346648215009,-0.0570639265492012,-0.172798966314443,-0.03587692397452,0.0856687063347029,0.0153923705423952,0.00193153534056898,-0.0831666512384966,-0.0817970320129884,-0.0317919232714125,0.0859516692487692,-0.154755797654699,-0.0799659543183216,0.0718063032911948,-0.147409948313421,0.0452713835530695,-0.0243526729325052
"4",-0.020151546506042,-0.00562520653441778,0.0445122270441567,1,0.182231692796407,-0.0205052211630926,-0.0870714268310679,0.237559533486125,0.0785512881494615,0.0118409385474511,-0.182446384966353,0.140796767212905,0.233476476725839,0.0788626268187186,0.0411335654730237,0.0501689092850554,0.0917354386463206,0.110020975732326,0.0153554841565777,-7.4701174083185e-05,-0.277256282444438,-0.0289469432705875,-0.119112113138194,0.0467535260415749,0.0297304351921341,0.0236084533220589,0.0724629942422884,0.191142248673523,0.0214757999726821,-0.0850607988684782,-0.0771519126261797,0.0782249314382715,-0.059115830036449,-0.085585107522664,0.0300979381727817,0.128080769039287,-0.149891774588265,-0.00892429636080636,-0.209828837595744,0.054539290354615,-0.0419468636809502,0.0309577486919482,0.139443146022415,0.157301345222789,0.0924608588680514,0.0234977535909538,-0.131855665046983,-0.0528727730507962,0.204183722612067,0.190792197850167,0.00030673431267712,0.0549905127310808,0.00672219678275384,-0.226316398450459,0.043313236669277,-0.053649200284299,-0.0505563720088912,0.0288991314270077
"5",0.111587761585265,-0.0731900999507424,0.0205043560862565,0.182231692796407,1,0.102847230370907,-0.0739942705209663,-0.108968348205621,-0.0182625867167841,0.0761829972034957,0.058666338950045,-0.0174764961431672,-0.00664616579807735,0.0045362558719328,0.0485077739205669,0.076515170957621,0.120992661505235,-0.141685238021165,-0.0707171753265703,-0.0647605655578687,-0.0302755201419463,-0.120048618018238,0.0686223639337284,0.054429256035259,0.153609451717886,0.045397402125735,0.0502124009975596,0.0361155736870696,0.20535444293465,0.254018954571047,-0.0121184991635649,-0.172822068649487,0.184313475602666,0.113099516288113,-0.0331456187200725,0.129253402488166,-0.0921581930736073,-0.150617379503106,0.0441441512809827,0.169385013010487,0.126143011106793,0.1956555449053,0.053402844603299,0.0341379077202696,-0.0708510266432857,6.91796609245778e-05,0.124181371674811,0.0409553474743652,0.113281096633403,0.0577633838660545,0.130308352841399,0.0810273699824175,0.0848843863195291,0.0982231129269224,0.162210918839027,0.0248991819431522,0.0855274381310901,-0.26335153862108
"6",-0.0743591871172209,-0.0538115548353313,0.0440526196390646,-0.0205052211630926,0.102847230370907,1,-0.136224051670178,-0.0278446006089935,-0.0218516924552296,-0.150765312645215,0.0428584096830862,0.0536452720859473,-0.0266620151014391,-0.330306269205747,-0.157790449127671,-0.105556584549798,0.275963486179301,0.0203985828536911,0.1140622064551,0.214333418650543,0.10817076413956,0.092925427026134,-0.0646594989147969,0.00381947133157595,0.19335511686417,-0.0631630879544087,0.0354788932937373,0.0648386735660111,0.0735580365807382,-0.0215219074301747,0.196340542697309,0.0739287315492888,-0.0058990030504437,-0.00859869824692594,0.101982889473053,0.0712851748691824,-0.0246437943054535,-0.0701788858611915,-0.0413764505516898,-0.0639273415139021,0.083167267672074,0.119191031394747,-0.183730642644733,-0.294963078330245,-0.0407372272581006,-0.00739766630847089,0.195030251822845,0.157470562565141,-0.0634069293874411,-0.310407364916782,-0.0105804377080094,-0.0331088799015338,-0.153639791514591,-0.0214372170449167,0.112080986882718,-0.07383705081662,-0.160860136476549,0.0341633680958139
"7",-0.0983319623873691,-0.0446322783270437,-0.0443508843730482,-0.0870714268310679,-0.0739942705209663,-0.136224051670178,1,0.155378611859478,0.0408966844094194,0.115501475223908,-0.019355215895914,-0.00987359710993942,-0.017812446005854,0.025713677330951,0.0328952669514399,0.0171068880040873,0.0426924799418672,0.0111281348133507,0.172205091346922,-0.00702196187845541,0.046026445272549,0.129156008004148,-0.0384351964369824,0.125270530636334,0.158856236643855,0.0661057508775494,0.154089802277959,0.1218917532647,0.00653362240783287,-0.037019817454762,0.187180584705911,0.0643475888446148,0.0703283502304802,0.0881561828924153,-0.0304092733541613,0.0780871311914882,0.0593119377514116,0.176288245639606,0.00109448136295881,-0.0232374726973956,-0.0758808771128859,-0.129700676070612,0.184014784262254,0.0817602762323519,0.0599645980258965,-0.0307681368256273,-0.0494585164503232,0.0914062109758828,0.0996231056692163,0.0495728381440231,0.0586516168876142,-0.204586718264485,0.00844430105311627,0.00979514961719204,-0.0707893588035009,0.179005567409083,0.145560337079703,-0.0319860128118852
"8",-0.163047266853142,-0.263079415619048,0.0467393946252773,0.237559533486125,-0.108968348205621,-0.0278446006089935,0.155378611859478,1,-0.00630938265734644,-0.149299137796031,-0.26869151891455,-0.172891069886489,0.108418227891458,0.0672854928160282,-0.0209262954508621,-0.122699854693866,0.0684381139836536,0.240480197259979,0.0269478847996201,0.0464786091300275,-0.0121090562562925,0.0915262884766289,-0.180029306427781,0.0886011166232935,0.0592482344121724,0.00872173853200686,0.00592429999508502,0.0396216800785359,0.0407592070392441,0.0565328910501432,-0.156001410508765,0.0478329277734404,-0.217674085474067,-0.0468597537268605,0.103877526460314,0.166053018851628,0.0936696529365198,0.00054871747857276,-0.150931846864259,-0.153055194889065,-0.127742931494071,-0.0933034284639749,0.146069629073745,0.1226640000637,0.0416453929188591,0.153054617037476,-0.00760513570953169,-0.102053404600719,0.153532852654056,0.0613249920699007,-0.0347151061333271,0.11939023873673,-0.0865539535731008,-0.216498468247366,-0.04791429851171,0.0041672118091087,-0.164536075894495,0.0699013128111644
"9",0.397749294063683,0.0860401990058104,-0.0340868809861861,0.0785512881494615,-0.0182625867167841,-0.0218516924552296,0.0408966844094194,-0.00630938265734644,1,0.354832285084438,0.205303187796665,-0.0561704386255461,0.257510178581843,-0.0174311231727491,-0.0197674896508429,0.202939182387187,0.017730852006281,-0.239550174469773,0.12470948007223,0.0330902392373208,-0.0838618113207189,0.118356184368769,-0.0441926673268588,0.117482763751191,0.0333541712367088,0.0907262581348669,-0.0220704719699557,0.129300941961301,-0.109287123500343,-0.0604522486868287,0.11480748679098,0.049423200220756,0.284186913622777,0.139947248470191,0.029551877274615,0.0449112420199818,0.013250523279393,0.0987381157380161,0.107733870265174,-0.0724357210186947,0.0822673939143706,0.0289220205233726,0.344242635123059,0.0740250444729238,0.039085091760875,-0.034976391306754,-0.160741101091627,-0.0818257231775246,0.148007232619517,-0.0173717370361814,0.0183330854549597,0.117525908685051,-0.13334144106057,-0.145607152100692,-0.191145776888019,-0.036254849555681,0.0420321581991394,0.00223082003901886
"10",0.248842571155438,0.324625517911971,-0.0560631869710495,0.0118409385474511,0.0761829972034957,-0.150765312645215,0.115501475223908,-0.149299137796031,0.354832285084438,1,0.202650393737008,-0.00817039311266121,0.237279393375153,0.139224229679927,0.0126353367730946,0.0590048325244968,-0.155214996385182,-0.137434696485072,-0.0255815789111857,-0.1597882474319,-0.0693433675339882,0.0641895280918545,0.188564669823084,-0.0194279844029365,0.0864788103597364,0.0279050759841306,0.03927696506863,-0.10809338105888,0.092326519101077,0.022894820963288,0.106560748677397,-0.0983327530711485,0.209053436131419,0.21750438990947,0.0711528317841203,0.1052505016282,0.205584315343928,0.280103765153738,0.091680002209849,-0.116782132597591,0.0131581335352669,-0.011278696287976,0.0435291585285715,0.212285351642592,0.138410397322736,0.0676821799596886,-0.0126205483043559,-0.20637501963606,0.0022625578028939,0.153929779808451,0.0124792018264552,0.0572261400052478,0.0101053018772753,0.115776937539655,-0.114102787686536,0.0581534131431588,0.131047984487784,-0.213628375694151
"11",0.342744624524205,0.202507120215914,0.242224886371444,-0.182446384966353,0.058666338950045,0.0428584096830862,-0.019355215895914,-0.26869151891455,0.205303187796665,0.202650393737008,1,0.241695833833064,-0.0938688435340568,-0.185848491782862,0.113026902692453,0.102047448377328,-0.0932471860253808,-0.322499502100832,-0.0584212228129234,-0.162900086084173,-0.0309493091384082,-0.0919415196647472,0.109165447725167,-0.27436345802624,-0.0058350950249953,0.167256306417556,-0.18166278403987,-0.0185885560119021,0.00645590183759273,-0.0712237933453899,0.109528693466528,0.00560294910089951,0.372108300583675,0.081005668477858,0.16116216868497,-0.123858410826361,0.0566752130259868,-0.0728376609216701,0.200939031910689,0.0274155231196284,0.0103368558601964,0.0702982989113967,-0.136459907344421,-0.0610031868632531,-0.103961078000533,-0.285498597426971,0.0132427548742649,-0.0942357358033833,-0.120473148523738,-0.165630782452461,0.241771516037688,0.157440615089683,0.108636084450639,0.0894075128943568,0.0968929285573813,0.134761315856499,0.189530556574251,-0.0845825586427709
"12",0.0217120389985231,0.214968264150219,-0.0554246683805459,0.140796767212905,-0.0174764961431672,0.0536452720859473,-0.00987359710993942,-0.172891069886489,-0.0561704386255461,-0.00817039311266121,0.241695833833064,1,-0.082495797755797,-0.00722922282320915,0.00952063872860847,0.081497247756434,-0.0914282677713561,-0.0275461263514611,0.0328674446936264,0.0904898805075042,-0.183542137836374,-0.0846265518775823,0.205557675384331,-0.0817943633422487,0.144344414905929,0.135923087007306,-0.142271505664517,-0.129804760608442,0.0894261584836097,-0.072850614530511,0.196305947935403,0.154871335724876,0.0818398167964098,-0.0316057236847201,0.115832006028318,0.19369329351284,-0.108959063781772,0.0576918374481823,0.0635373584058898,0.0685892160139636,-0.0342947738874231,0.123508804093279,-0.147992872599227,-0.109424629414953,-0.0377526800773551,0.0576851495766235,-0.0261114533546746,0.0454696131952142,-0.105513246313722,-0.00241235810121332,-0.0050264357511474,0.0332258235324003,0.0677324528150184,-0.170428765681399,0.232414419872956,-0.0244493009369247,0.0400760970536594,-0.0022701396587121
"13",-0.0650525478817796,-0.060645824675481,-0.197773745573023,0.233476476725839,-0.00664616579807735,-0.0266620151014391,-0.017812446005854,0.108418227891458,0.257510178581843,0.237279393375153,-0.0938688435340568,-0.082495797755797,1,0.189898778070035,0.0624021171506945,0.0427400441330028,0.156720608663236,0.132172456974329,0.189564983957833,0.0532365980368047,-0.116011766538885,0.0514261376030323,0.12345117875527,0.237110231198269,-0.00619307963744317,-0.0334578537247851,0.0766892108017213,-0.0582148046388162,0.0349778787214239,-0.00519323504059819,0.211656274205993,0.12055083758106,-0.0422007548041045,0.06240098223653,0.0440801180681133,-0.0301360254561133,0.141406035717271,0.2249308261233,-0.134796701588383,-0.24492480977323,0.0502727626967378,-0.16242995039778,0.286506426868606,0.28496957657772,0.133633699771901,0.0165194918084954,-0.212125560848881,-0.210505059535981,0.554271223832768,0.233848041254496,0.122315351277963,0.0305541194171561,0.00352694594592412,-0.0356983143972939,-0.237679507125479,0.0165141277290296,-0.137276887979247,-0.138398662015956
"14",0.0184566359525335,0.16205784317656,0.00219414874238943,0.0788626268187186,0.0045362558719328,-0.330306269205747,0.025713677330951,0.0672854928160282,-0.0174311231727491,0.139224229679927,-0.185848491782862,-0.00722922282320915,0.189898778070035,1,-0.0295486771409198,0.09533355725764,0.0184436865257354,0.26225629311106,-0.160541042718399,-0.256837205602872,0.0502299042245081,-0.147816724417722,-0.00137009444848609,-0.0428816652089581,0.149195250408592,-0.147844895724094,0.101282238295942,-0.106121302283383,-0.0847580537841983,0.108254537523585,-0.0389116653788738,-0.041147082777632,-0.125209383052303,-0.0492025982864163,-0.0829563538655447,0.126567900917373,-0.0452837059446987,0.0883340784806784,-0.203051526446192,-0.0893763631666457,0.117086918663329,0.158190986031443,0.156688250826685,0.333707612214637,0.154963117273867,0.0834102364243995,-0.232445668802878,-0.1477035381985,0.328355609447628,0.745518807725591,-0.169998993369537,-0.0575924190112613,-0.0599176370174166,-0.122511660991236,0.0466930469117463,-0.0848837342355652,-0.111749623591576,-0.186294426547392
"15",-0.069242124394464,0.045630568908237,-0.0384519636828657,0.0411335654730237,0.0485077739205669,-0.157790449127671,0.0328952669514399,-0.0209262954508621,-0.0197674896508429,0.0126353367730946,0.113026902692453,0.00952063872860847,0.0624021171506945,-0.0295486771409198,1,0.251203595632048,-0.158182508001829,-0.168103644583236,0.0726042350981434,-0.073681544068467,0.0369996215283332,-0.113818217203735,-0.108763546573903,-0.129600246765933,-0.198955612138195,0.282270960609637,0.0562723437112957,-0.0406844288962124,0.303534164362766,-0.045509765070021,0.129788289089271,-0.0173363631454768,0.014205312073984,-0.0310598662594209,0.0609113978350757,0.00362665427643639,-0.113398151876216,-0.226605826320034,0.0225956474584881,-0.0162203040263869,-0.256740814586459,-0.247847923119788,0.171608103152932,0.0485561517291581,-0.0723528835242085,-0.153379221688919,-0.211678368174541,0.0214399820237375,0.0700966127016098,-0.0922623119751417,0.231654519217172,0.0805722447876344,0.235618612740388,0.146137211638452,-0.0522625511871285,-0.0187747983654903,-0.0128378148750145,-0.0678597387558936
"16",0.185603757632862,0.12720510721122,0.0561941168118335,0.0501689092850554,0.0765151709576211,-0.105556584549798,0.0171068880040873,-0.122699854693866,0.202939182387187,0.0590048325244968,0.102047448377328,0.081497247756434,0.0427400441330028,0.09533355725764,0.251203595632048,1,-0.0448437356469911,-0.0117740689596219,0.0214245816906859,-0.067857628002072,0.00379174119978322,-0.14589619092891,-0.098325349571909,0.150270849576205,-0.031708245232812,-0.0115776764681442,0.111810319420211,0.00763813574036534,-0.0310430541912927,0.101257907667233,0.128694241789031,-0.05747314725177,-0.0191691151870792,0.119264060427398,0.0132912407296268,0.0252057911164121,-0.250300498042013,-0.0269386974859108,0.0484044168849953,-0.024644941747822,-0.329690166178669,-0.0269749103150023,0.177814894415675,0.120596213819623,-0.0953342474400946,-0.106065561942566,-0.337181443632783,0.100521796357946,-0.0273958547218766,0.20850243632635,0.113628684236824,0.338210516317777,-0.0933953941334719,-0.107725883082302,-0.161600209335688,-0.154456315848188,0.0196095407897439,0.050381955438831
"17",-0.263105575783778,-0.229501812077796,0.0500343952050649,0.0917354386463206,0.120992661505235,0.275963486179301,0.0426924799418672,0.0684381139836536,0.017730852006281,-0.155214996385182,-0.0932471860253808,-0.091428267771356,0.156720608663236,0.0184436865257354,-0.158182508001829,-0.0448437356469911,1,0.162880527410827,0.00213899469228037,-0.0361340647757547,0.0796940581829739,-0.060056385291243,-0.0264636867858796,0.109029491068894,-0.0725866310533981,-0.145644995768595,-0.187165415948543,0.0464430704018779,0.0942461024298102,0.0287656596674877,-0.0684956574195635,-0.0682326939801063,-0.196354084573424,-0.061571809916091,0.174307919461047,-0.108209211213411,0.012530888996424,0.00195494428173726,-0.192301019532299,-0.0525672142239788,0.0555825569444901,-0.0486830010850529,-0.0168341268439943,-0.0176898287406733,0.0114363800574068,0.0754648336994958,0.07502911430472,0.101389664990216,0.206224494925814,-0.00987629533644415,0.0684831721210233,-0.00661143078306732,-0.184497479568932,-0.0745739397205306,-0.0895184259668705,0.0550474770671274,-0.0343340783418514,-0.0352746554587135
"18",-0.158281096347489,0.0360813417550414,-0.0112816071357302,0.110020975732326,-0.141685238021165,0.0203985828536911,0.0111281348133507,0.240480197259979,-0.239550174469773,-0.137434696485072,-0.322499502100832,-0.0275461263514611,0.132172456974329,0.26225629311106,-0.168103644583236,-0.0117740689596219,0.162880527410827,1,0.0776371431583347,0.108768441503706,0.145280779281508,0.0536421309421598,-0.00366569064436101,0.0579505813088097,0.010930053388366,0.0115344276777392,0.00980149986535257,0.142779619418045,0.0132578688404025,-0.0394975255179623,-0.03648024732917,0.118026778476965,-0.351134608217243,-0.0863531403000248,0.0567103070021552,0.113473648950745,0.0356307259904785,0.219624405669949,-0.102522768218993,-0.0661846602036003,-0.00727103285190384,-0.191228705230932,-0.157579070374624,0.0712422428027513,-0.0875444296015301,0.220869298067156,0.17156492679735,0.0267984368553027,0.0598268085265771,0.252935168757688,0.0418483086472878,0.162695136716919,-0.20434746404819,-0.198149090515383,0.057414141236865,-0.191257364155374,-0.0831403079354108,-0.0409340664168321
"19",0.00366987031274388,-0.00464019205197129,-0.0252208399648457,0.0153554841565777,-0.0707171753265703,0.1140622064551,0.172205091346922,0.0269478847996201,0.12470948007223,-0.0255815789111857,-0.0584212228129234,0.0328674446936264,0.189564983957833,-0.160541042718399,0.0726042350981434,0.0214245816906859,0.00213899469228037,0.0776371431583347,1,0.29688052644816,0.0843365585048737,0.0469039102382443,0.162367444932156,0.323025206509443,0.0233539306936787,0.205081678400266,0.0925744160474075,-0.0390312016990266,-0.00609445431334255,-0.152675174842987,0.472746529294429,0.387448678679436,0.0846271430284154,0.0664577326261419,-0.0719248074314744,0.135734630056918,0.119393942200188,0.162128608231892,-0.0197770167781904,-0.0279202880692905,-0.111454066122938,-0.26227574452586,0.0317187406440656,-0.206924839602799,-0.00867682995139533,0.227220616638787,0.0148872585924162,0.00166395557398251,0.00262279033752898,-0.0931952997205273,0.016836003278405,-0.063845073024861,-0.135907941851637,0.110167769227497,-0.131944555961383,0.23595754931022,-0.0624725897071352,0.113327613188365
"20",-0.0462602899148928,-0.0179792928895143,0.00542179365100289,-7.4701174083185e-05,-0.0647605655578687,0.214333418650543,-0.00702196187845541,0.0464786091300275,0.0330902392373208,-0.1597882474319,-0.162900086084173,0.0904898805075042,0.0532365980368047,-0.256837205602872,-0.073681544068467,-0.067857628002072,-0.0361340647757547,0.108768441503706,0.29688052644816,1,0.0715565244002072,0.171114582047982,-0.0412888303108589,0.271406468088801,0.0362645708350931,0.0247960903121843,-0.12602011154408,-0.00447423631182997,0.0512486909323372,0.00406879557362398,0.179559027919179,0.505712541240135,0.0381241734213054,-0.182921746189778,0.00748697129481867,0.0392993154677102,-0.106125977014938,0.134691806422258,0.138143211018539,-0.027624052816362,0.0758830954458146,-0.00970055380305989,-0.0578538842840385,-0.271825978713288,-0.0985197332327179,0.0435677034474344,0.185481951468996,0.0687312351179192,0.100874870943773,-0.228981444442097,0.0197347227863011,0.00021935718488834,-0.22031978197654,0.0307263814307012,-0.00377885366685238,0.0214122837317665,0.0169771735225034,-0.0666520393469073
"21",-0.0215531034397478,-0.00401898411502444,0.0789326769416009,-0.277256282444438,-0.0302755201419463,0.10817076413956,0.046026445272549,-0.0121090562562925,-0.0838618113207189,-0.0693433675339882,-0.0309493091384082,-0.183542137836374,-0.116011766538885,0.0502299042245081,0.0369996215283332,0.00379174119978322,0.0796940581829739,0.145280779281508,0.0843365585048737,0.0715565244002072,1,-0.0196019123275086,-0.0655657985420052,0.0407245294260692,-0.0543098321971143,0.166432535097446,0.0358305541731679,0.054979976587561,0.0916407355500284,-0.0515979336556347,0.0727268367032533,-0.0925820258875546,-0.0470408990864409,0.0791259432930344,-0.0183776422465629,0.0271968971042435,-0.0770213621264699,-0.0224845939448472,0.0417402109205744,0.00965646298369213,-0.00862066386744738,-0.00919998538535135,-0.0805967187416202,0.0279047256416966,-0.190438764597059,-0.159812889065185,0.0794923640354954,0.0655028104688082,-0.0554292697161555,0.0215984233883806,0.0814075970996847,-0.0382402460204892,-0.204606250940951,0.0207971335290954,-0.0257657689826797,-0.00812127512967316,-0.0434568228450738,0.0228272694777497
"22",-0.114804546606722,-0.0450104516096014,-0.250976480907881,-0.0289469432705875,-0.120048618018238,0.092925427026134,0.129156008004148,0.0915262884766289,0.118356184368769,0.0641895280918545,-0.0919415196647472,-0.0846265518775823,0.0514261376030323,-0.147816724417722,-0.113818217203735,-0.14589619092891,-0.060056385291243,0.0536421309421598,0.0469039102382443,0.171114582047982,-0.0196019123275086,1,0.00586788050672589,-0.0424883326354694,0.0669070589208893,0.0826193025908242,0.024108410726974,0.205772876664364,0.0571926491126115,-0.0587121180228975,0.0148540558761261,0.0410423385651612,0.151320980336759,-0.143013611475055,0.0826297277491751,0.00274157495579985,-0.160668414076021,-0.00497133232670976,0.0651787489767982,-0.127536848724807,0.0422208553214922,-0.163297623968559,0.042221249895633,-0.00249955406797511,0.0380367929218755,-0.0689465677309375,0.0802907321376282,-0.0379046881798138,0.0355780582590096,-0.182722329492088,-0.12892749188522,-0.0811798020481671,-0.0338104880532803,0.0536585826277282,0.0420894727118451,-0.0788663142888396,-0.132265167975658,0.0140801764800672
"23",0.0617630841754763,0.0820513496336693,-0.0302339856334783,-0.119112113138194,0.0686223639337284,-0.0646594989147969,-0.0384351964369824,-0.180029306427781,-0.0441926673268589,0.188564669823084,0.109165447725167,0.205557675384331,0.12345117875527,-0.00137009444848609,-0.108763546573903,-0.098325349571909,-0.0264636867858796,-0.00366569064436101,0.162367444932156,-0.0412888303108589,-0.0655657985420052,0.00586788050672589,1,0.0937360193132146,-0.0595698464314995,0.148379443742904,-0.0176580414437564,-0.0871006647255635,0.102007952379139,0.0422454748667768,0.169379250112367,0.254796228066981,-0.0869544500372875,-0.0392190219391068,0.130396555041257,0.0997609974184064,0.144040009319775,0.0673121500269024,0.114519271735303,-0.00381311083159048,0.182675193860925,0.0687340408073582,0.0817408521629334,0.10976693245467,-0.0450111650206333,0.173715940386725,0.0290976799674357,-0.045888846762151,0.0860812380234638,0.0719682025206623,-0.138004682635912,-0.0779998909661527,0.0401664504912686,0.233909832924529,0.0589263887828424,0.137497906510547,0.0447424141172944,-0.066850601284872
"24",-0.162241756211715,-0.0733238324913906,-0.0973165329426621,0.0467535260415749,0.054429256035259,0.00381947133157595,0.125270530636334,0.0886011166232935,0.117482763751191,-0.0194279844029365,-0.27436345802624,-0.0817943633422487,0.237110231198269,-0.0428816652089581,-0.129600246765933,0.150270849576205,0.109029491068894,0.0579505813088097,0.323025206509443,0.271406468088801,0.0407245294260692,-0.0424883326354694,0.0937360193132146,1,0.0401774315307221,-0.0974469308144795,0.0892008294022752,0.0445782428283882,-0.0142267287773948,0.0216095010124702,0.229569593403581,0.242051568604019,0.0518787121149855,0.1669721308462,0.00030496611199006,-0.0402957900874897,0.0641818412583539,0.186842432566339,-0.0635356425108306,-0.0781977349458902,0.137666512087674,0.0150571025189414,0.158395574778233,-0.117855794139137,0.0525736633647328,0.131737702862696,0.00762557275182368,-0.027687315885121,0.159706518972689,0.0286845831224498,-0.0517616428676428,-0.0711789629254007,-0.142941173668166,0.0600413647070694,-0.350606466335679,-0.00262921321316452,0.0217703151569883,0.0726743610952874
"25",0.0945319253727283,-0.0309055097357373,0.108907859755154,0.0297304351921341,0.153609451717886,0.19335511686417,0.158856236643855,0.0592482344121724,0.0333541712367088,0.0864788103597364,-0.0058350950249953,0.144344414905929,-0.00619307963744317,0.149195250408592,-0.198955612138195,-0.031708245232812,-0.0725866310533981,0.010930053388366,0.0233539306936787,0.0362645708350931,-0.0543098321971143,0.0669070589208893,-0.0595698464314995,0.0401774315307221,1,-0.0469050574267455,0.0701846102026645,-0.0656403628484411,-0.0531919490602789,0.136988489995451,-0.076276841788428,-0.0142881007746197,0.0535067404228739,0.00214167327695662,-0.0811498373887976,0.018720118128281,0.0414225842465097,0.120631913414776,-0.0933582526311759,-0.241385671650637,0.00533119048190639,0.155579848743419,0.0307768462801323,-0.00911822619036671,-0.0482415441437033,-0.0123609982172273,-0.0744143349938001,-0.0709587666802054,0.0122551381349994,0.0608307465229388,-0.161229942417421,-0.0296674358702893,-0.165895931010213,-0.205672066495042,0.0955112428589729,0.0140200031902165,0.125071582073268,-0.0764285642441661
"26",-0.0236856590856623,0.030204768523477,0.0612090710573363,0.0236084533220589,0.045397402125735,-0.0631630879544087,0.0661057508775494,0.00872173853200686,0.0907262581348669,0.0279050759841306,0.167256306417556,0.135923087007306,-0.0334578537247851,-0.147844895724094,0.282270960609637,-0.0115776764681442,-0.145644995768595,0.0115344276777392,0.205081678400266,0.0247960903121843,0.166432535097446,0.0826193025908242,0.148379443742904,-0.0974469308144795,-0.0469050574267455,1,0.0133090503916701,0.0603004525151752,0.218593298844273,-0.109382153313303,0.18232522859496,0.0935913038729352,0.175938670174363,-0.00147176250930705,-0.0808385592904962,0.221248108626699,0.140422133086304,-0.0271207388924011,0.0259493876454296,-0.06041755866775,-0.0852172992951505,-0.0523739596743402,-0.099165603421939,-0.0106009346315917,-0.0666390294439177,0.0251916494806404,0.082413311222657,-0.0595757665578848,-0.236918764471606,-0.113477560259939,0.0220673698313686,-0.0460820124583511,0.159144518244982,0.186865881166335,-0.0728070161278828,0.03547865248715,0.0476105589209601,0.083306673195069
"27",0.0503110250396824,-0.0987319442865376,-0.0447145624881912,0.0724629942422884,0.0502124009975596,0.0354788932937373,0.154089802277959,0.00592429999508502,-0.0220704719699557,0.03927696506863,-0.18166278403987,-0.142271505664517,0.0766892108017213,0.101282238295942,0.0562723437112957,0.111810319420211,-0.187165415948543,0.00980149986535257,0.0925744160474075,-0.12602011154408,0.0358305541731679,0.024108410726974,-0.0176580414437564,0.0892008294022752,0.0701846102026645,0.0133090503916701,1,-0.0874057514674354,-0.219418506849848,-0.0058238794048262,0.17024381220134,0.126801426079239,0.00632555425033258,0.202493690575605,-0.0156646418297784,0.0355911847766245,-0.132461917681016,-0.11869446704918,0.054528998687011,0.0061234099898887,-0.176741072361442,-0.141548705943334,0.206296601602561,0.208628569440731,0.0826068280674593,-0.11180886104025,-0.19334527355716,-0.0488831315763877,0.0715671351309762,0.0874225949074448,0.00465657880793697,-0.0738533429109434,0.0154674118391992,0.0166434524091437,-0.0140152573591966,-0.121274885630561,-0.0275390566161321,0.0251985203776262
"28",-0.0199970079804596,-0.0361499998297717,-0.05570781259195,0.191142248673523,0.0361155736870696,0.0648386735660111,0.1218917532647,0.0396216800785359,0.129300941961301,-0.10809338105888,-0.0185885560119021,-0.129804760608442,-0.0582148046388162,-0.106121302283383,-0.0406844288962124,0.00763813574036534,0.0464430704018779,0.142779619418045,-0.0390312016990266,-0.00447423631182997,0.054979976587561,0.205772876664364,-0.0871006647255635,0.0445782428283882,-0.0656403628484411,0.0603004525151752,-0.0874057514674354,1,0.0731765795928921,-0.0561823667052078,-0.0930550259673321,-0.0365110702153323,-0.0355055594985012,-0.146297842489634,0.00680713355211159,-0.0371688239072374,-0.032033128561933,-0.100824015138199,0.014272969459344,0.127923066563633,0.11408389461601,0.0149781384515743,0.0995157679203691,-0.0333950648706143,0.0937202885165142,-0.0593586797934315,0.0876367126460868,0.0435059058319726,-0.0842561263556584,-0.059204096416464,0.00716173380763947,-0.150625583311351,-0.0590873079244869,0.0481546056848861,-0.145920331338073,0.0305322518722947,0.00673357891529999,-0.0552836958586305
"29",-0.0784187457414508,0.021103216719454,0.0241491385879341,0.0214757999726821,0.20535444293465,0.0735580365807382,0.00653362240783288,0.0407592070392441,-0.109287123500343,0.092326519101077,0.00645590183759273,0.0894261584836097,0.0349778787214239,-0.0847580537841983,0.303534164362766,-0.0310430541912927,0.0942461024298102,0.0132578688404025,-0.00609445431334255,0.0512486909323372,0.0916407355500284,0.0571926491126115,0.102007952379139,-0.0142267287773948,-0.0531919490602789,0.218593298844273,-0.219418506849848,0.0731765795928921,1,0.0700762753360613,-0.0357083705803115,-0.0834252816653003,0.113192875475443,-0.0385316176852214,0.112014519250413,0.019588670159715,0.0858183172387433,-0.0338404209882367,-0.0322772598880501,0.0755315455065991,-0.0305655855901437,-0.091809617930856,-0.0632861583179832,-0.0546113427077861,0.0386314045543565,0.0264038503965205,0.0443830300588775,-0.00740036830659688,0.00538408978681663,-0.112534904580294,0.150446204374567,0.0138133250068158,0.0503789571092611,0.0896616397227607,0.0645442339397518,0.050803139043249,0.00553498838620788,-0.146345617433832
"30",-0.0605806840871173,-0.185618222895872,0.228097437561791,-0.0850607988684782,0.254018954571046,-0.0215219074301747,-0.037019817454762,0.0565328910501432,-0.0604522486868287,0.022894820963288,-0.0712237933453899,-0.072850614530511,-0.00519323504059819,0.108254537523585,-0.045509765070021,0.101257907667233,0.0287656596674877,-0.0394975255179623,-0.152675174842987,0.00406879557362398,-0.0515979336556347,-0.0587121180228975,0.0422454748667768,0.0216095010124702,0.136988489995451,-0.109382153313303,-0.0058238794048262,-0.0561823667052078,0.0700762753360613,1,-0.0988087292633743,-0.114850648431391,-0.0986249406098607,-0.0462238457108765,-0.0172633030990374,-0.119324860518954,-0.145650761457593,0.00721975957603642,-0.127455477271969,-0.0872055613931673,-0.0809872743951759,0.00115989045095837,0.13334036449107,0.0314378758315476,0.00606094949981646,0.0627551604202706,-0.132939310355019,-0.181096033699614,-0.0102660993883735,0.0262533731416498,-0.0856176630137062,0.0618147038533868,0.103291251587439,-0.02541943713155,-0.0110076298038862,-0.0133582054589604,0.036403789753419,-0.129674454794156
"31",-0.0383300223159225,0.0550385115147706,-0.146099015014838,-0.0771519126261797,-0.0121184991635649,0.196340542697309,0.187180584705911,-0.156001410508765,0.11480748679098,0.106560748677397,0.109528693466528,0.196305947935403,0.211656274205993,-0.0389116653788738,0.129788289089271,0.128694241789031,-0.0684956574195635,-0.03648024732917,0.472746529294429,0.179559027919179,0.0727268367032533,0.0148540558761261,0.169379250112367,0.229569593403581,-0.076276841788428,0.18232522859496,0.17024381220134,-0.0930550259673321,-0.0357083705803115,-0.0988087292633743,1,0.33090144531997,0.129696588023018,0.13801871908648,0.0309471539856608,0.145995949536585,0.0846523583030801,0.109526474365535,0.108882712837655,-0.0445899705148358,0.0528534201039989,-0.114995439347861,0.11127668551956,0.0597634095958096,-0.0770582350142716,0.0178145085062768,-2.76937203024799e-05,-0.0828303907250257,0.0920093794873941,0.0761646841617778,-0.0187662205385978,-0.0561163596218281,0.0331268945531717,0.0357356268424816,-0.126565443458419,0.0298841797706477,0.0179814111287943,-0.0433947928744188
"32",0.0368774861487686,0.0645041766788421,0.115027918574463,0.0782249314382715,-0.172822068649487,0.0739287315492888,0.0643475888446148,0.0478329277734404,0.049423200220756,-0.0983327530711485,0.00560294910089951,0.154871335724876,0.12055083758106,-0.041147082777632,-0.0173363631454768,-0.05747314725177,-0.0682326939801063,0.118026778476965,0.387448678679436,0.505712541240135,-0.0925820258875546,0.0410423385651612,0.254796228066981,0.242051568604019,-0.0142881007746197,0.0935913038729352,0.126801426079239,-0.0365110702153323,-0.0834252816653003,-0.114850648431391,0.33090144531997,1,-0.0349641921853105,-0.0336120637520615,0.0940515288583728,0.11949218115663,-0.0545786417988918,-0.00193974524201077,0.101121317156586,-0.0697028961639653,0.156003299698618,-0.104130765686432,0.0622409231932231,-0.0324483954497054,0.0822574127989681,0.0964981347818438,0.034458775469192,-0.0583359956244824,0.147784647068184,-0.0277900202628111,-0.0934781383409881,-0.0815850126224209,-0.234035122630583,0.101345664640911,-0.134412846270593,0.0582287715752626,-0.076653526503784,-0.160211893253635
"33",0.292716350859032,0.122491002181135,-0.0720273119826408,-0.059115830036449,0.184313475602666,-0.0058990030504437,0.0703283502304802,-0.217674085474067,0.284186913622777,0.209053436131419,0.372108300583675,0.0818398167964098,-0.0422007548041045,-0.125209383052303,0.014205312073984,-0.0191691151870792,-0.196354084573424,-0.351134608217243,0.0846271430284154,0.0381241734213054,-0.0470408990864409,0.151320980336759,-0.0869544500372875,0.0518787121149855,0.0535067404228739,0.175938670174363,0.00632555425033258,-0.0355055594985012,0.113192875475443,-0.0986249406098607,0.129696588023018,-0.0349641921853105,1,0.234046253860637,0.0505199559597116,0.0822156191236859,0.0546731637188597,-0.0862229233452187,0.482954894536944,0.300135597502053,0.187756507069784,0.155242690744719,-0.106040581370717,-0.280772386238649,0.0807963191560195,-0.0996774481539126,0.152646841265149,-0.0744472126899202,-0.0868293130968395,-0.126031716867027,0.0793997543553174,-0.203757634333152,0.164665498201674,0.0836844944506736,0.0834476152982595,0.100127171310747,0.243143669786277,-0.16414365184561
"34",0.103358568184903,0.0931013675115318,-0.230793983006049,-0.085585107522664,0.113099516288113,-0.00859869824692593,0.0881561828924153,-0.0468597537268605,0.139947248470191,0.21750438990947,0.081005668477858,-0.0316057236847201,0.06240098223653,-0.0492025982864163,-0.0310598662594209,0.119264060427398,-0.061571809916091,-0.0863531403000248,0.0664577326261419,-0.182921746189778,0.0791259432930344,-0.143013611475055,-0.0392190219391068,0.1669721308462,0.00214167327695662,-0.00147176250930705,0.202493690575605,-0.146297842489634,-0.0385316176852214,-0.0462238457108765,0.13801871908648,-0.0336120637520615,0.234046253860637,1,0.0470461474033104,0.114711091420701,0.0797273833166531,0.0197959327840088,0.137796196114212,0.2105748226894,-0.134080151344983,-0.132959951722462,-0.0585939930916067,0.0523437845764272,-0.0373425130389882,-0.17343120798625,-0.0032566026837942,-0.0480084954085696,-0.132849149954454,0.00740782491316422,0.178904453160246,0.154937564489363,-0.0530828178818647,-0.077424066939301,-0.229419497518835,0.126922148599172,-0.0703105669804035,-0.0812104753865598
"35",-0.00961377629075841,0.105702917635906,-0.0269065950735519,0.0300979381727817,-0.0331456187200725,0.101982889473053,-0.0304092733541613,0.103877526460314,0.029551877274615,0.0711528317841203,0.16116216868497,0.115832006028318,0.0440801180681133,-0.0829563538655447,0.0609113978350757,0.0132912407296268,0.174307919461047,0.0567103070021552,-0.0719248074314744,0.00748697129481867,-0.0183776422465629,0.0826297277491751,0.130396555041257,0.00030496611199006,-0.0811498373887976,-0.0808385592904962,-0.0156646418297784,0.00680713355211159,0.112014519250413,-0.0172633030990374,0.0309471539856608,0.0940515288583728,0.0505199559597116,0.0470461474033104,1,0.0854137542986705,-0.0227746856747733,-0.176570718339511,0.0518056525181566,0.0340686438023104,0.212595696792096,-0.0841164311030581,0.0201731617989715,-0.0313312429276766,-0.0886939771161577,-0.140782810049855,0.0444443548378756,-0.0269544101510659,0.217358456940782,-0.0565483196501366,0.0780742651444762,0.225162658555314,0.109807220285964,-0.149749736789794,-0.111492059652524,0.0464539888781129,0.0441294755327933,-0.0653190757792325
