"","l_Insular.Cortex","r_Insular.Cortex","l_Amygdal.Area","r_Amygdal.Area","l_Bed.Nucleus.of.the.Stria.Terminalis","r_Bed.Nucleus.of.the.Stria.Terminalis","l_Hippocampus","r_Hippocampus","l_Orbitofrontal.cortex","r_Orbitofrontal.cortex","l_Entorhinal.Cortex","r_Entorhinal.Cortex","l_Frontal.Association.Cortex","r_Frontal.Association.Cortex","l_Globus.Pallidus","r_Globus.Pallidus","l_Glomerular.Layer.of.the.Accessory.Olfactory.Bulb","r_Glomerular.Layer.of.the.Accessory.Olfactory.Bulb","l_Glomerular.Layer.of.the.Olfactory.Bulb","r_Glomerular.Layer.of.the.Olfactory.Bulb","l_Granule.Cell.Level.of.the.Cerebellum","r_Granule.Cell.Level.of.the.Cerebellum","l_Hypothalamic.Region","r_Hypothalamic.Region","l_Entorhinal.Cortex","r_Entorhinal.Cortex","l_Vermix.Molecular.Layer.of.the.Cerebellum","r_Vermix.Molecular.Layer.of.the.Cerebellum","l_Lateral.Molecular.Layer.of.the.Cerebellum","r_Lateral.Molecular.Layer.of.the.Cerebellum","l_Anterior.Olfactory.Bulb","r_Anterior.Olfactory.Bulb","l_Posterior.Olfactory.Bulb","r_Posterior.Olfactory.Bulb","l_Subiculum","r_Subiculum","l_Perirhinal.Area","r_Perirhinal.Area","l_PreLimbic.System","r_PreLimbic.System","l_Primary.Cingular.Cortex","r_Primary.Cingular.Cortex","l_Primary.Motor.Cortex","r_Primary.Motor.Cortex","l_Retrosplenial.Cortex","r_Retrosplenial.Cortex","l_Secondary.Cingular.Cortex","r_Secondary.Cingular.Cortex","l_Secondary.Motor.Cortex","r_Secondary.Motor.Cortex","l_Striatum","r_Striatum","l_Ventral.Tegmental.Area","r_Ventral.Tegmental.Area","l_Substantia.Nigra","r_Substantia.Nigra","l_Thalamus","r_Thalamus"
"1",1,0.117230978105828,0.266940708088279,-0.0546447021966443,-0.0492611691256762,0.260250703159768,-0.101111013063358,0.41670709012642,-0.115538889753109,0.242320558867356,0.106773690737647,0.210397900272867,0.00774443656540361,0.0587867721896106,0.117805660689529,-0.0485679089036253,-0.0423446870343048,0.14108363757828,0.23921420178671,0.0529667815209185,0.15681038567647,-0.0865921129692182,0.121927430931504,-0.00292607436868002,-0.0961609289990038,0.040573676212379,-0.0243734142426923,0.0186572695382161,-0.291263486718591,0.0704623972960032,0.289829072634029,0.173748405340895,0.289369546131778,0.15362771413465,-0.170357276999234,0.0449043373465757,-0.00272796819273007,0.046696230370212,0.19642280488009,0.236588287812992,0.109599823617915,0.0976320449867367,-0.0431279551302534,-0.104583079474697,-0.0274479409748759,-0.208930180555608,0.00624229380862114,-0.00743934984643846,0.120418743967981,0.141120251937407,0.189731710561641,0.19926558762987,-0.0142740329997965,0.00044760789216676,-0.0396042117122985,0.0838588142542083,-0.0291313740851519,0.262909438516612
"2",0.117230978105828,1,-0.387763049144451,0.288436380132576,-0.146754447639221,-0.150673514138344,0.0469548745453862,-0.204719611424281,0.348759144631165,0.317998092815208,0.0450149663924354,-0.0466795667731617,0.0583486247498329,0.0144201018831954,0.0253210835979021,-0.0425718442213707,-0.066279805815147,0.0888205628292846,-0.0885634446673703,-0.279034147209589,0.0438248290526439,0.106718510174219,-0.0309599533251536,-0.0190376959219828,0.0894025984140636,-0.210572721190433,-0.0285702376524097,-0.133777878471025,-0.00888018157660903,0.0848815413651449,-0.116222036716595,-0.183434975320496,-0.113506780242154,0.0686964803357984,0.10869868875551,0.119511879879044,-0.149793373057696,-0.0983669197967218,0.103610590903856,-0.209105520362625,-0.256817212275912,-0.26430326581013,-0.094860381541203,0.274282262355999,0.117270229308222,-0.216252829112905,-0.0945083344717276,-0.0921789451895405,-0.0576295435022883,-0.0704777768833205,0.14312800454668,0.0942704909407486,0.0534537602743032,-0.0703126473859063,0.0346202055139688,-0.0864613962399224,0.267190144481132,-0.277286625761821
"3",0.266940708088279,-0.387763049144451,1,-0.232209390175926,0.207498755668877,0.180401917965086,-0.0329750421455708,0.456912421870592,-0.307123198619392,-0.0539660338614296,-0.0730447765692421,0.163074742221425,0.00984766776281929,0.205245473911395,0.0546483266408125,0.204786618078069,0.170747246388496,0.0477105371658991,0.0262051121841943,0.167519170637337,0.137518988982203,-0.375845813656642,-0.124936326661741,-0.0232894069979023,0.183224501667877,0.224439205416312,0.0294163859402191,0.00805620989581116,0.0084016163929156,0.0258325897684039,0.0723110726587148,-0.011555212024294,0.327284526201893,-0.251707134893187,-0.186879193652165,-0.184013899919609,0.0581947074037012,0.298412198490616,0.0152189455149191,0.241331192530342,0.137903252334116,0.146924159010269,0.102181933663968,-0.160228622205818,0.0143104795097836,-0.0563927638774133,0.175441491706355,0.110633653553659,0.100954791072613,0.202492531276167,-0.106601245303995,0.223915320830827,0.154931623412445,0.214699094242741,0.0366198294735494,0.244965194390465,-0.320746204975339,0.357935850168105
"4",-0.0546447021966443,0.288436380132576,-0.232209390175926,1,-0.114475539108863,-0.167403868355602,0.218303422924355,-0.18875937494049,0.0877633418386689,0.149500809166428,-0.125315245234169,0.118478826298156,0.0406997284352855,0.04313055520709,-0.030826575354617,-0.0536838052769537,0.202985340561392,-0.126889831487382,0.133316008142084,-0.0976791116319565,0.0110386530636231,0.173681215798927,0.03676399625278,-0.012207078716519,-0.0290864997066584,-0.0765988411775786,-0.0466016894278611,-0.112528801000093,-0.0365957868765289,-0.00591156532650675,0.0572827709912342,0.0744699685015386,-0.310099691710407,0.0811168987190235,0.256813650837146,0.228815189014776,-0.111699518223799,-0.153427063081818,0.0638851698603862,-0.119718548354919,0.0405505696644633,-0.0492865299202046,-0.156812493859029,0.23542551162635,0.0951572345081984,0.166938976357095,-0.122448270489235,-0.0652928463205242,-0.083639674795385,0.0234272492439105,-0.00025078054676002,-0.15632132948319,0.124130764790685,0.0332875316005117,0.0552419991121439,-0.0168979532700173,0.336376917855596,-0.224299147422188
"5",-0.0492611691256762,-0.146754447639221,0.207498755668877,-0.114475539108863,1,0.053448581988192,0.0956427873169482,0.0331467868040329,-0.114294185061312,-0.0207476058286896,-0.0826539398669038,-0.00550095583388288,0.114801622151271,-0.00424027091935616,-0.0824163090998483,0.163958319651542,0.116510511047424,0.0757884665832635,0.0533392738277995,0.31876955874965,0.0506928803619817,-0.121993767759167,0.0940459278125918,-0.133125622409216,-0.0237605437471383,-0.0370475852155673,0.0231295778891779,0.180447940659402,0.108804954333294,0.02894998421111,0.0464217065291052,0.206196952624732,0.237980276097356,-0.0174717338741071,-0.0686665936621952,-0.0396209748892058,-0.0750228146672307,0.0798989491601655,0.0178408786392786,-0.0605271923129901,0.0299765638984953,0.146428095645258,0.015067169008036,-0.0314451696913059,0.0490242240581739,-0.0486323276695511,0.11295242875846,0.117342060688049,0.139854110046462,0.244344014631098,-0.0352477165743535,-0.0691719935381599,0.00397695207053926,0.133624620155573,-0.102475015302102,0.059555887988833,0.128619474745965,0.0160977781132138
"6",0.260250703159768,-0.150673514138344,0.180401917965086,-0.167403868355602,0.053448581988192,1,-0.0944817459685783,0.108648305724697,-0.0530470643723295,-0.0374488733210279,-0.0199440123186509,0.0484310348684308,-0.141829992372601,0.0444810997575795,0.0500818722072762,0.0578100534959975,0.192527039991286,-0.00371420081369381,0.0690814174142816,0.237483172329924,0.0832391963241792,-0.175922009139407,0.0486988432838855,0.0646978715492492,0.0310150963445019,0.067811137761891,0.0676048242517159,0.21442525648599,0.0395079180479161,0.0139909590202828,0.185687846639783,0.173770342748904,0.436332223523082,0.09169875377729,0.0326213984068546,-0.0800303380443053,-0.201467891640924,0.0907195573895174,0.120331978769928,0.186600836368966,0.0529959059266296,0.0641347438943325,0.00559771197619032,-0.0947075053744445,-0.210810226325792,-0.219671027647744,-0.0573035117298436,-0.153004472239205,-0.0126350620045778,0.0771843062982026,-0.146205984350436,0.11412089341713,-0.131305223075036,-0.0458309992443653,-0.231070447111351,-0.0134426639389598,-0.00353448447876451,0.342942727313656
"7",-0.101111013063358,0.0469548745453862,-0.0329750421455708,0.218303422924355,0.0956427873169482,-0.0944817459685783,1,-0.0285892387111999,0.0401520330443334,0.0391672043313572,-0.119346385753155,0.0485951079703519,0.122856223294788,0.0020504273279824,-0.0749568344494779,0.0924904488530533,0.270405762184881,0.129144381266984,0.254767390439799,-0.00567603232258941,-0.0714789678593759,0.105336546951336,0.0703240050513688,-0.0923163001600273,-0.0493367801601081,-0.00891835395643448,-0.0778929035550327,-0.0257970569795633,0.12106552463836,-0.0697819250874676,0.228364840640859,0.152084807483844,-0.184156870510128,0.185660142694994,0.218680260908998,0.133902768206167,-0.0255747279770734,0.0381534938801523,-0.0238033320550675,-0.0188291808452028,0.0475045779463648,0.0898232409385621,-0.0139822274895953,0.136685912886465,0.142718384949444,-0.0652301276908581,0.143601764485539,-0.020513058294987,0.0519554194750578,0.0775766099453201,-0.0523384369941145,-0.224422336358255,0.225018154628492,0.105965031756804,-0.00431960598899325,-0.114217803160977,0.091467234057279,-0.11936595086197
"8",0.41670709012642,-0.204719611424281,0.456912421870592,-0.18875937494049,0.0331467868040329,0.108648305724697,-0.0285892387111999,1,-0.149728404669468,0.0517009111364563,-0.163679231456129,0.204725397661657,-0.151868067818168,-0.0163298727862363,0.00921119601254143,-0.00569333414817379,0.0207664795268595,0.100341603668821,0.0631070528539095,0.0734594569834539,0.0814160404245592,-0.242922416379236,-0.0872230146079528,0.0838222406485432,-0.0742040575430347,0.286552832999484,-0.100381788746468,-0.109142720192292,-0.161891787206919,0.0944542149508653,0.134368867288158,0.0924975214009477,0.293611934402508,-0.024896421220663,-0.28637708576655,0.0820195510784027,-0.126011094032578,0.244796984020167,-0.147065554125092,0.266659639141395,0.0719028314105143,0.17237997189349,0.111092176349259,-0.0897261274151808,0.0721322786160727,0.0576984635424651,0.107395605999278,0.12405050371337,0.121220872635769,0.0739243267094495,-0.113966253014632,0.0887697286872439,0.120472979597614,0.126241831060406,-0.0758222831125025,0.263543501369722,-0.0977883550548868,0.477622124082705
"9",-0.115538889753109,0.348759144631165,-0.307123198619392,0.0877633418386689,-0.114294185061312,-0.0530470643723295,0.0401520330443334,-0.149728404669468,1,0.346982512519815,-0.00369519270759138,-0.106440015610202,0.184200581328596,-0.0600183870022924,0.0155321996249052,-0.0502034263375077,-0.00662975215304052,-0.0443905055313624,-0.152341971355586,-0.135685541944975,-0.0329841463760536,0.0823804601795819,5.63200581563397e-05,0.193559627026995,0.0528955901316798,-0.199769295574956,-0.058270855400776,-0.220137849196299,0.0813387869169802,0.0139435418726473,0.0294511827825762,-0.0419282371060119,-0.15902990106924,-0.0132704118277842,-0.0487015872226301,0.00085794503758543,-0.275417658158326,-0.114805987876153,0.0627161326684072,-0.13317534936218,-0.242595257288747,-0.188734234502617,0.076026427693481,0.189966592456525,0.0334615523799816,-0.167484815377526,-0.130422613789448,-0.222159803217503,0.0759216211633783,-0.00142167146515888,-0.0531605382607193,-0.00622404672527963,0.0312888934347343,-0.065367093428982,0.0736283748297646,-0.0463478667797571,0.284551857945455,-0.0434833724580022
"10",0.242320558867356,0.317998092815208,-0.0539660338614296,0.149500809166428,-0.0207476058286896,-0.0374488733210279,0.0391672043313572,0.0517009111364563,0.346982512519815,1,-0.0128570588745966,0.152364415378818,0.0276203745668786,0.0903045063946044,0.104694336415284,0.0941312244621765,-0.0229086445078493,0.0129091394433304,0.0706681530466335,-0.192337355640962,0.0536209890145582,0.0160361292027071,-0.160995258058875,0.0786690212215516,0.00276300539630531,-0.185970961436228,0.129611989250348,-0.0695107631429604,0.107828519702263,0.0198437578150267,0.121034213168757,-0.104010894032172,-0.0389326114281722,0.0706088375595573,-0.156505286261866,-0.010073899612694,-0.160917180718327,-0.196659527425857,0.00951935561552509,0.0389799235031334,-0.145536780509541,-0.121514845111555,-0.0512334033663924,0.157870559345601,0.00674971760153942,-0.236277463353097,-0.146265902395324,-0.0883976550003225,-0.00512722241805599,0.168390511714148,-0.0259494787585108,-0.0471403306170784,-0.11327925439499,-0.158833244320924,-0.100910843176158,-0.00934440474213779,0.140754723471771,0.0183516371314818
"11",0.106773690737647,0.0450149663924354,-0.0730447765692421,-0.125315245234169,-0.0826539398669038,-0.0199440123186509,-0.119346385753155,-0.163679231456129,-0.00369519270759139,-0.0128570588745966,1,-0.0668830029136336,0.117356871707444,-0.0187156736154628,-0.104444693812712,0.0293393505716187,0.0461317004359547,-0.0266966735533798,0.0226350992592649,-0.142256090665856,-0.0282652689955963,0.0898073548755854,0.114644689103049,0.0880498233190256,-0.0102681535719715,0.0329797580857092,0.0315200235884075,-0.0641625958161766,-0.160488370284361,-0.06104917976041,-0.0106450134760657,-0.0591823686204419,0.0819360215669431,-0.0334737640291295,0.0327444966787697,0.0249079760697003,0.294336142187928,0.0101982806326688,0.242830853716752,0.244453970844313,0.0420018456022189,0.0643998858492153,-0.197826211347813,-0.126856331613671,-0.0540285678480357,0.00066933016656716,-0.08264233161613,-0.0503305664414881,0.0302700888117394,0.0440780374907063,0.106523756382577,0.141764006657454,-0.165602194148244,-0.068397522022835,0.0658192355388277,-0.193278930730298,-0.152330978173954,-0.168212628615466
"12",0.210397900272867,-0.0466795667731617,0.163074742221425,0.118478826298156,-0.00550095583388288,0.0484310348684308,0.0485951079703519,0.204725397661657,-0.106440015610202,0.152364415378818,-0.0668830029136336,1,-0.0803866998281267,0.0722199055035369,0.287118335064578,0.26628603097521,0.109716181055153,0.159205380337582,0.107908605760518,0.0269703637784339,-0.17350107486848,0.0502180555906583,-0.00873365790009792,0.0226986753657715,0.0738167118282444,0.195003891265594,-0.00831913547682454,0.171953324789962,-0.222352851643938,-0.0674974723129464,0.0392062885816749,-0.0292914444183581,0.260819657348457,0.0592897068846957,0.05153155970292,-0.144938810794571,0.185172459373341,-0.055394323081984,0.061856711687215,0.175670167013909,0.195181251741811,0.0180105575310258,-0.0299311237312456,0.0385861058298851,-0.0331754270936904,0.0161986878254065,0.056707827031237,-0.0932893868514191,0.0342341812812999,0.100037846395313,-0.124508832220452,0.162357185879689,-0.0653045177216552,-0.0988744463161946,-0.125356958313494,0.0920368596577064,0.0422097313071949,0.149809178137332
"13",0.00774443656540361,0.0583486247498329,0.00984766776281929,0.0406997284352855,0.114801622151271,-0.141829992372601,0.122856223294788,-0.151868067818168,0.184200581328596,0.0276203745668786,0.117356871707444,-0.0803866998281267,1,0.0890047117158117,0.095185887220656,0.0488346442369036,0.293148005177063,0.0324230985003059,0.0874548657487839,0.238034832726545,0.106978783593901,-0.0299925283609297,0.0620239493053482,0.090287608240838,0.110371904314075,-0.0966274103207473,0.136498327462292,-0.0730608485344244,0.0536322313618761,0.0199226029546427,0.133493243797227,-0.00361906758544854,-0.0687105530893598,-0.0367147442817518,0.106359290014472,-0.050705781711423,0.00396227012133592,0.0494723901117701,0.169120201817294,0.058700972053925,0.20673639400004,0.0849403286497284,0.0206480412208045,-0.0605160604266808,0.0286216893367151,-0.0354670348845636,0.0425285671952557,-0.0664905110949272,0.378594450004625,0.138358750626676,0.185598757185452,0.0613916729786246,0.126625924499172,0.0863202561340728,0.0604321720974666,-0.110880172625159,0.151961911990521,-0.0840314701208543
"14",0.0587867721896106,0.0144201018831954,0.205245473911395,0.04313055520709,-0.00424027091935616,0.0444810997575795,0.0020504273279824,-0.0163298727862363,-0.0600183870022924,0.0903045063946044,-0.0187156736154628,0.0722199055035369,0.0890047117158117,1,-0.0249500976891121,0.192666575947481,0.118857086174434,0.160144300792972,-0.0349462203302427,0.00694590897247191,-0.103679684946556,-0.178376084448442,-0.0450824068898722,0.143311659149972,0.0577002572732776,-0.0167759510161894,0.221303955871614,-0.0377316620847001,0.107146938793793,-0.108676730665027,-0.0963531709559915,-0.156416354520924,0.139343677016416,-0.0209093470153628,0.0738100452240071,0.00706371036361934,0.174815071953801,0.0262786954313435,0.0294522522608325,0.065126363330896,0.0722862686040066,0.0504243799837448,-0.026470767189627,-0.0594294833247259,-0.106616708108406,-0.0723967102943702,0.141460852198111,0.0991720124175312,-0.0239619939638499,0.512239998001021,0.0317295918652544,0.127785881420665,0.0626383011898436,0.00066515267938816,-0.0252913404137258,0.013252885100416,-0.103996594712423,0.0398237809605505
"15",0.117805660689529,0.0253210835979021,0.0546483266408125,-0.030826575354617,-0.0824163090998483,0.0500818722072762,-0.0749568344494779,0.00921119601254143,0.0155321996249052,0.104694336415284,-0.104444693812712,0.287118335064578,0.095185887220656,-0.0249500976891121,1,0.104873423952341,0.0280778868673757,-0.080387779364409,0.142880765810588,0.118270320355008,-0.0698700885541294,0.139366998601272,-0.0973389680671493,-0.113035831310438,-0.141664589721247,-0.112799143841886,0.109038184481173,0.0417044141638477,-0.108699104628439,0.0300840174877394,0.112399283713585,0.0465302869065138,0.100510195484985,0.237991709124785,0.00200927035420368,0.0806969156127661,-0.0451702464613828,-0.0501127451534482,0.152124945207934,-0.0550013787997104,0.00367201280064192,-0.119922688819492,-0.064132449327073,-0.098362509803304,-0.139248962199767,-0.0655777541707145,-0.0305234674694778,-0.087467420804513,-0.00834468025041369,-0.0412647390925983,0.174878851269869,0.157098389295313,0.116629743162472,0.0364403999566779,0.0968296254491316,-0.188560908740987,-0.00054835612285429,-0.0521158746078257
"16",-0.0485679089036253,-0.0425718442213707,0.204786618078069,-0.0536838052769537,0.163958319651542,0.0578100534959975,0.0924904488530533,-0.00569333414817379,-0.0502034263375077,0.0941312244621765,0.0293393505716187,0.26628603097521,0.0488346442369036,0.192666575947481,0.104873423952341,1,0.190001457944467,0.0829344342119303,-0.0298486014998643,0.0853276883607756,-0.0619888626875861,-0.175587587878673,-0.210659502447701,-0.039959728281384,0.123699053239903,-0.0119283693559473,-0.0207101718488026,-0.0204002882072144,-0.115699268546278,-0.126950913962533,-0.0205287495357909,-0.0485479360900234,0.202565919328367,0.0847065168523815,-0.0346971865733264,0.00105784367407846,0.0736975134067612,0.0723678689432501,0.133912700934371,0.182609805865274,-0.0351689621676645,-0.0318070624095643,-0.0220727200850482,-0.141449843348927,-0.005748201593654,-0.155548415606667,0.11345759078372,0.177414869437556,-0.106754168645211,0.0841757285282506,-0.0431420974525206,0.307697420741337,-0.118769883457121,-0.0833425179789033,-0.152027259182186,-0.00776367117964123,-0.117014837008842,0.207971972326872
"17",-0.0423446870343048,-0.066279805815147,0.170747246388496,0.202985340561392,0.116510511047424,0.192527039991286,0.270405762184881,0.0207664795268595,-0.00662975215304052,-0.0229086445078493,0.0461317004359547,0.109716181055153,0.293148005177063,0.118857086174434,0.0280778868673757,0.190001457944467,1,0.0625061121514141,0.192393110504084,0.0719851420858142,-0.108648666812655,-0.0386561365422639,0.013956792852122,0.106245574594445,-0.0593556829286495,0.152976686747915,0.095413186348814,0.043838618884481,0.0771194227844508,0.140414861106943,0.165703985382244,0.138454660535661,0.0140867513930487,0.0709634009196273,-0.0290123424937196,0.127746927540239,0.0384985120886666,0.0143643104062449,0.0419026247697561,0.14333215980746,0.150694462262601,0.0869803455726457,-0.0795468038898721,0.150573525295299,0.0440556042547675,0.0836576536051417,0.0500706794893525,-0.0645181226919836,0.119644741306226,0.121248321392669,-0.0637299548034501,-0.0621506030509594,0.110388237630333,0.0693361416619903,-0.0814533253910316,-0.103217566713505,0.0770298157365526,-0.0330922996036248
"18",0.14108363757828,0.0888205628292846,0.0477105371658991,-0.126889831487382,0.0757884665832635,-0.00371420081369381,0.129144381266984,0.100341603668821,-0.0443905055313624,0.0129091394433304,-0.0266966735533798,0.159205380337582,0.0324230985003059,0.160144300792972,-0.080387779364409,0.0829344342119303,0.0625061121514141,1,-0.0195295173249297,0.100704356712575,-0.025541037483251,-0.162095665309615,0.0616958081832729,-0.113859897390613,0.204894599297775,-0.0117580080369401,0.111482557908766,-0.0752660199414244,-0.0602040752324362,0.0724546307789106,0.0748206732347585,0.0165852162263937,0.178419121130592,0.0841588726675681,0.0995267364285724,-0.164415949977595,0.109173042110578,0.0413811027972869,0.0771745578406173,0.117378426553688,0.134843471908477,0.300982732522665,0.0155360570241051,-0.0660671674468771,0.0358421352768493,-0.147120475666089,0.136958291906721,0.105041450105279,0.0831180752252533,0.272767237804168,0.00175504816094997,0.0129199068753255,0.0753337286414451,0.0241023776203048,-0.0250091307810781,0.0724426240220796,0.0478389364559875,0.0949878483148998
"19",0.23921420178671,-0.0885634446673703,0.0262051121841943,0.133316008142084,0.0533392738277995,0.0690814174142816,0.254767390439799,0.0631070528539095,-0.152341971355586,0.0706681530466335,0.0226350992592649,0.107908605760518,0.0874548657487839,-0.0349462203302427,0.142880765810588,-0.0298486014998643,0.192393110504084,-0.0195295173249297,1,0.328765496407822,0.0302890378604241,-0.00253827796931408,0.090749889020925,0.155025095820607,-0.212175551841723,0.0865987251317165,0.0550910779703018,0.00914256228125395,0.0704152329256098,0.114572010253398,0.678189067633468,0.373872370812618,0.0143231534301444,0.372477600613761,-0.0716965268680882,0.234812041101668,0.0315005326335579,-0.150677462304006,0.173239225360929,0.115351328983374,0.110892325197634,0.0939145373326494,-0.138356907116619,0.0834370113667256,-0.129552449451906,-0.144649712138035,-0.128854046582962,-0.189054295532264,0.00048320205266758,0.117895614253179,0.255970361524608,-0.1812897419132,0.108944015125778,0.0165189824907974,-0.144930549788025,-0.302533103397526,0.166405169963341,-0.0377178554684688
"20",0.0529667815209185,-0.279034147209589,0.167519170637337,-0.0976791116319565,0.31876955874965,0.237483172329924,-0.00567603232258941,0.0734594569834539,-0.135685541944975,-0.192337355640962,-0.142256090665856,0.0269703637784339,0.238034832726545,0.00694590897247191,0.118270320355008,0.0853276883607756,0.0719851420858142,0.100704356712575,0.328765496407823,1,0.0837659876397919,-0.0874347001002693,0.230819602136359,0.116482522101438,0.00572524171424936,-0.0339860229285418,0.0153118930117688,0.0344861467526871,0.0760083969929135,0.0847746104221104,0.33850508285729,0.55797263723514,0.25899859769432,0.210883516932537,-0.028609287767646,0.0486349449658745,-0.177216233242126,0.183244832785722,0.188084701046393,0.136719284768597,0.197031542014869,0.15061100413816,-0.137857415116068,-0.114738420506072,-0.178195660629381,-0.0844362066212243,0.111701766935572,0.0179310942502263,0.0833291887513796,0.0921086445537095,0.068789806451825,0.014222148029497,0.194903121513433,0.204170461656028,-0.168011014797862,-0.00228478517931785,0.168721499591728,0.120897832855735
"21",0.15681038567647,0.0438248290526439,0.137518988982203,0.0110386530636231,0.0506928803619817,0.0832391963241792,-0.0714789678593759,0.0814160404245592,-0.0329841463760536,0.0536209890145582,-0.0282652689955963,-0.17350107486848,0.106978783593901,-0.103679684946556,-0.0698700885541294,-0.0619888626875861,-0.108648666812655,-0.025541037483251,0.0302890378604241,0.0837659876397919,1,-0.250253079289662,0.070210225817843,0.0994644144579358,-0.0460486721547588,-0.0842491914881206,0.0453105754900718,0.00995218219468649,0.109839868930123,0.0747057996899614,0.0286627985386137,0.062677200797665,-0.00696819006710578,-0.134189729479614,-0.141518609163426,0.0118030743767269,-0.160786207506479,-0.0449413621690705,0.00451162360526471,0.0133377338872381,0.105640863035045,0.0356490569440161,0.118240793077675,-0.121818537151352,-0.00461709019125201,-0.111916468377565,-0.072316325071894,-0.178468871204056,0.233630308076433,-0.0416775336436804,0.23253696852186,0.100441464182018,0.285946976400035,0.328629178633608,0.0210434557449104,0.0128430037807666,-0.0119237239738276,0.0988483189496965
"22",-0.0865921129692182,0.106718510174219,-0.375845813656642,0.173681215798927,-0.121993767759167,-0.175922009139407,0.105336546951336,-0.242922416379236,0.0823804601795819,0.0160361292027071,0.0898073548755854,0.0502180555906583,-0.0299925283609297,-0.178376084448442,0.139366998601272,-0.175587587878673,-0.0386561365422639,-0.162095665309615,-0.00253827796931408,-0.0874347001002693,-0.250253079289662,1,0.0984113735046914,0.107121812489147,-0.167908192117917,-0.0286564074378541,-0.100165281052371,-0.0622721022557859,-0.0575236253524814,0.0484879775569668,-0.0395457320263908,0.0623769197622593,-0.195679282594646,0.196595734297229,0.0450324531047629,0.0249016412360263,0.0959271276724528,-0.0945645630716047,0.0983586935112968,-0.0716783119236568,0.0506330106551036,-0.0306933672370436,-0.183658874447026,0.190780839416027,0.014196937525648,0.242442428685972,-0.0271334370528944,-0.0511594220587111,-0.0860956370369802,-0.170657088152703,0.102046416594131,-0.294698621009288,0.00437108428058328,-0.0714397517935507,0.0575750052447163,-0.158338538720615,-0.0567150435429034,-0.276103341972176
"23",0.121927430931504,-0.0309599533251536,-0.124936326661741,0.03676399625278,0.0940459278125918,0.0486988432838855,0.0703240050513688,-0.0872230146079528,5.63200581563397e-05,-0.160995258058875,0.114644689103049,-0.00873365790009792,0.0620239493053482,-0.0450824068898722,-0.0973389680671493,-0.210659502447701,0.013956792852122,0.0616958081832729,0.090749889020925,0.230819602136359,0.070210225817843,0.0984113735046915,1,0.039454552911361,0.0171335487805601,-0.0689688425926982,0.0884736850702857,-0.00198424991208472,0.00441966714208265,0.0179510187587462,0.127125055905021,0.175925766866436,0.141516057630544,-0.0161412641363424,0.0879167565273883,-0.0060178884061923,-0.0509060710770475,-0.0917332051175722,0.0435569839930744,-0.180627577347027,-0.0482504196108772,0.0167356091419102,-0.121711380306765,-0.0636974364274038,-0.0407806384621089,-0.0696252183573668,-0.0146956546960337,-0.0794259742049572,-0.0742172262435852,0.0752207093136032,-0.00101488377238635,-0.0946409623278711,0.0785130137642192,-0.000193660393695,0.0582594151659361,0.085479774017859,-0.0125062365155635,-0.0867245799375401
"24",-0.00292607436868002,-0.0190376959219828,-0.0232894069979023,-0.012207078716519,-0.133125622409216,0.0646978715492492,-0.0923163001600273,0.0838222406485432,0.193559627026995,0.0786690212215515,0.0880498233190256,0.0226986753657715,0.090287608240838,0.143311659149972,-0.113035831310438,-0.039959728281384,0.106245574594445,-0.113859897390613,0.155025095820607,0.116482522101438,0.0994644144579358,0.107121812489147,0.039454552911361,1,-0.153448093312492,0.0191124321460068,-0.033871457327949,-0.154560438881137,-0.0384343448934076,-0.0117730297235669,0.0720820883464674,0.0130469124880874,-0.0713705327657577,0.032959974791882,-0.157572551294931,0.243682661112703,-0.09982450530288,-0.0348684299386634,0.0884223718814525,0.067853170159106,0.0606694335757112,-0.13489557734035,-0.035006211077215,0.204347430197964,-0.13269296805895,0.132513137228629,-0.2446840445317,-0.28478375396141,-0.0120599047985068,0.0527887832654079,-0.0193692393582945,-0.0663486392932929,0.124190109206005,0.116858330066711,-0.133455109746247,-0.0944031672623822,0.0821690398701508,0.128121665267164
"25",-0.0961609289990038,0.0894025984140636,0.183224501667877,-0.0290864997066584,-0.0237605437471383,0.0310150963445019,-0.0493367801601081,-0.0742040575430347,0.0528955901316798,0.00276300539630531,-0.0102681535719714,0.0738167118282444,0.110371904314075,0.0577002572732776,-0.141664589721247,0.123699053239903,-0.0593556829286495,0.204894599297775,-0.212175551841723,0.00572524171424936,-0.0460486721547588,-0.167908192117917,0.0171335487805601,-0.153448093312492,1,0.147586502718087,-0.0414676795947594,-0.0789713280508574,0.102630829290586,-0.0533944080514344,-0.0558417498578348,-0.307796554257439,0.0903102881220272,-0.246346533027463,0.368155934527012,-0.2366823502899,0.00124852904666469,0.164655297916747,0.0502832370949814,-0.0064999675350299,-0.0853254337476434,-0.106580263171989,-0.0342056232658514,-0.0191369092036403,0.10320391509089,-0.23700795298108,-0.0428860664824338,-0.0198087534355398,-0.187152028432379,-0.00883066060266543,-0.230259581230753,0.0183602539040838,-0.191405379928364,-0.137473652449727,-0.137934993351041,0.192067158402163,0.00254265774221802,0.0397332746717438
"26",0.040573676212379,-0.210572721190433,0.224439205416312,-0.0765988411775786,-0.0370475852155673,0.067811137761891,-0.00891835395643448,0.286552832999484,-0.199769295574956,-0.185970961436228,0.0329797580857092,0.195003891265594,-0.0966274103207473,-0.0167759510161894,-0.112799143841886,-0.0119283693559473,0.152976686747915,-0.0117580080369401,0.0865987251317165,-0.0339860229285418,-0.0842491914881206,-0.0286564074378541,-0.0689688425926982,0.0191124321460068,0.147586502718087,1,-0.158969076535056,0.0926184621838272,-0.0327888038381483,-0.0982869267716722,0.0387020644505078,-0.146115550117801,0.00812004429150183,-0.185462031792029,-0.0318952421623418,0.0699358907827496,0.0456253814181587,0.0636474043857762,-0.150933348704809,0.145362314727083,-0.0132565580966826,0.062444943066369,0.12658688982059,0.190594386291092,0.17353266071308,0.061893810428545,0.0334359921565832,0.00256210599507383,-0.0160272415394442,0.0495782547590429,-0.0340737036356162,0.0781812052025422,-0.110973739790251,-0.0440570220835326,-0.12182814134355,0.203293253362994,-0.116221220121174,0.126606594871167
"27",-0.0243734142426923,-0.0285702376524097,0.0294163859402191,-0.0466016894278611,0.0231295778891779,0.0676048242517159,-0.0778929035550327,-0.100381788746468,-0.058270855400776,0.129611989250348,0.0315200235884075,-0.00831913547682454,0.136498327462292,0.221303955871614,0.109038184481173,-0.0207101718488026,0.095413186348814,0.111482557908766,0.0550910779703018,0.0153118930117688,0.0453105754900718,-0.100165281052371,0.0884736850702857,-0.033871457327949,-0.0414676795947594,-0.158969076535056,1,-0.0698018445091137,0.100279412264859,-0.0699852158460389,-0.0991165647729845,0.0656365008667342,0.136303840362335,-0.0177653054471969,-0.130493209417406,-0.13315868282048,-0.0817716932346827,-0.131124918382994,0.0660073375711118,-0.0230021128887815,-0.0400139887103933,0.0563972287131829,-0.0526815938672157,-0.163161449110961,-0.132685347487781,0.00202691758713892,-0.0919133689978888,0.0804094771677808,-0.00810830304847375,0.262060744016423,0.0177858318223436,-0.0899658273277381,-0.0694162179164054,-0.0553642432500268,-0.00390999244411453,-0.117627224624002,-0.0392307187945922,-0.073236603646007
"28",0.0186572695382161,-0.133777878471025,0.00805620989581116,-0.112528801000093,0.180447940659402,0.21442525648599,-0.0257970569795633,-0.109142720192292,-0.220137849196299,-0.0695107631429604,-0.0641625958161766,0.171953324789962,-0.0730608485344244,-0.0377316620847001,0.0417044141638477,-0.0204002882072144,0.043838618884481,-0.0752660199414244,0.00914256228125395,0.0344861467526871,0.00995218219468649,-0.0622721022557859,-0.00198424991208472,-0.154560438881137,-0.0789713280508574,0.0926184621838272,-0.0698018445091137,1,0.154321311272916,0.135832774122121,-0.00625067686218044,0.0801496306913861,0.0962518462669955,-0.0309545663600336,0.0153503399092124,-0.231858825741551,0.154989503192559,-0.214534245108587,-0.285311428381823,-0.00268934742167041,0.0357733736199088,-0.128104059120653,0.162128388629837,0.044795583389019,-0.00194386928582568,-0.0540105729721139,-0.0512973874445809,-0.147928826435949,0.237000207208539,-0.0917577239931124,-0.13043016828394,-0.0305166462445563,-0.0437733573492328,-0.0372057824787436,-0.0351795706435579,-0.0693777254744532,-0.018482102779242,0.0349651729040407
"29",-0.291263486718591,-0.00888018157660903,0.0084016163929156,-0.0365957868765289,0.108804954333294,0.0395079180479161,0.12106552463836,-0.161891787206919,0.0813387869169802,0.107828519702263,-0.160488370284361,-0.222352851643938,0.0536322313618762,0.107146938793793,-0.108699104628439,-0.115699268546278,0.0771194227844508,-0.0602040752324362,0.0704152329256098,0.0760083969929135,0.109839868930123,-0.0575236253524814,0.00441966714208265,-0.0384343448934075,0.102630829290586,-0.0327888038381483,0.100279412264859,0.154321311272916,1,0.0681482840405343,0.0238484600722231,-0.12144576429773,-0.0899637491831059,-0.035441190298563,0.0446415089718422,-0.0539515270091031,-0.0473168910341745,-0.0849090341023352,-0.148996904169543,-0.0470263081395193,-0.119176043883118,-0.0685107783127301,-0.0105278954089791,0.0193117229309809,0.0429146829711599,-0.17650186793096,-0.19477465276291,-0.0534091118138157,0.0521728876298121,0.00713985989885815,-0.0927515920695926,-0.16118646740837,0.195252363294941,0.190926945563434,-0.0750155896033541,-0.208650569022202,0.0507168131485582,-0.0754410869300529
"30",0.0704623972960032,0.0848815413651449,0.0258325897684039,-0.00591156532650675,0.02894998421111,0.0139909590202828,-0.0697819250874676,0.0944542149508653,0.0139435418726473,0.0198437578150267,-0.06104917976041,-0.0674974723129464,0.0199226029546427,-0.108676730665027,0.0300840174877394,-0.126950913962533,0.140414861106943,0.0724546307789106,0.114572010253398,0.0847746104221104,0.0747057996899614,0.0484879775569668,0.0179510187587462,-0.0117730297235669,-0.0533944080514344,-0.0982869267716722,-0.0699852158460389,0.135832774122121,0.0681482840405343,1,0.137312741917243,0.0935652694667007,-0.0752762205397434,0.0721960815515779,-0.200816022653371,-0.109208145500825,0.0601767641513921,-0.208577813887954,0.094385121133278,-0.0182799274719557,0.016074314329451,-0.0950578649866077,-0.046162139276424,0.0425234214556102,0.106555392873789,0.0257224632358313,-0.0482766628988287,0.0271446152618573,0.125140487959785,-0.135481334491644,0.194794964480078,-0.0366208287900213,0.116712717883665,0.122864670170695,-0.0400355161966019,-0.201007048161481,0.00637905514321805,-0.180008187004906
"31",0.289829072634029,-0.116222036716595,0.0723110726587148,0.0572827709912342,0.0464217065291052,0.185687846639783,0.228364840640859,0.134368867288158,0.0294511827825762,0.121034213168757,-0.0106450134760657,0.0392062885816749,0.133493243797227,-0.0963531709559915,0.112399283713585,-0.0205287495357909,0.165703985382244,0.0748206732347585,0.678189067633468,0.33850508285729,0.0286627985386137,-0.0395457320263908,0.127125055905021,0.0720820883464674,-0.0558417498578348,0.0387020644505078,-0.0991165647729845,-0.00625067686218044,0.0238484600722231,0.137312741917243,1,0.29618522645245,0.107258549678255,0.386409216837142,0.0228369447680548,0.171381337572674,-0.11273909037638,-0.109249981750094,0.27643142430988,0.231647542328048,0.0632526032232661,0.229545276134409,-0.182219011650563,0.126583947694913,-0.150854291915588,-0.224626628835307,-0.158429068572735,-0.0999902984097462,0.041129607833685,0.158258406314766,0.225871873742458,-0.185393554338975,0.135046986105979,0.114567238614609,-0.109621913631485,-0.16851372329044,0.215915420960377,-0.00908493977381279
"32",0.173748405340895,-0.183434975320496,-0.011555212024294,0.0744699685015386,0.206196952624732,0.173770342748904,0.152084807483844,0.0924975214009477,-0.0419282371060119,-0.104010894032172,-0.0591823686204419,-0.0292914444183581,-0.00361906758544854,-0.156416354520924,0.0465302869065138,-0.0485479360900234,0.138454660535661,0.0165852162263937,0.373872370812618,0.55797263723514,0.062677200797665,0.0623769197622593,0.175925766866436,0.0130469124880874,-0.307796554257439,-0.146115550117801,0.0656365008667342,0.0801496306913861,-0.12144576429773,0.0935652694667007,0.29618522645245,1,0.127888341642787,0.314564504899775,-0.212260629730193,0.164740672236502,-0.234791044365874,-0.00596121356606172,0.153393067257631,-0.0134701635874227,0.126975118783142,0.0412508710702114,-0.128795753405376,-0.0581776102269907,-0.165274583936814,0.00882844027726182,0.0725453376964767,-0.0418914619314096,0.0656435634090184,-0.0895986233408233,0.0506558890887994,-0.125341844307013,0.0740233130951566,0.111238275679749,-0.163756881848334,-0.107951887690946,0.175736534303114,0.0103236039555435
"33",0.289369546131778,-0.113506780242154,0.327284526201893,-0.310099691710407,0.237980276097356,0.436332223523082,-0.184156870510128,0.293611934402508,-0.15902990106924,-0.0389326114281722,0.0819360215669431,0.260819657348457,-0.0687105530893598,0.139343677016416,0.100510195484985,0.202565919328367,0.0140867513930487,0.178419121130592,0.0143231534301444,0.25899859769432,-0.00696819006710577,-0.195679282594646,0.141516057630544,-0.0713705327657577,0.0903102881220271,0.00812004429150183,0.136303840362335,0.0962518462669955,-0.0899637491831059,-0.0752762205397434,0.107258549678255,0.127888341642787,1,0.0292723222128507,-0.00859846686609738,-0.149765078343184,-0.0794583531408968,0.294687409762777,0.218866021365299,0.253345253617832,0.0523486601300378,0.157993042171507,0.109620653306143,-0.300594210519424,-0.130652846983502,-0.224494335385213,0.0217419818079793,0.0181322728493527,0.00419804226981506,0.213770791511459,-0.0679784374351091,0.113979729677419,-0.107640942044878,0.0190012940571823,-0.158373797840107,0.0488485562113835,-0.102276060114091,0.310080424223453
"34",0.15362771413465,0.0686964803357984,-0.251707134893187,0.0811168987190235,-0.0174717338741071,0.0916987537772901,0.185660142694994,-0.024896421220663,-0.0132704118277842,0.0706088375595573,-0.0334737640291295,0.0592897068846957,-0.0367147442817518,-0.0209093470153628,0.237991709124785,0.0847065168523815,0.0709634009196273,0.0841588726675681,0.372477600613761,0.210883516932536,-0.134189729479614,0.196595734297229,-0.0161412641363424,0.032959974791882,-0.246346533027463,-0.185462031792029,-0.0177653054471969,-0.0309545663600336,-0.035441190298563,0.0721960815515779,0.386409216837142,0.314564504899775,0.0292723222128507,1,-0.134584541904571,0.171413069247546,-0.088978838282319,-0.0557058050596872,0.220181534695074,0.233500773270414,0.0497163178635565,0.0218748081260141,-0.196219655129752,0.0301962269005365,-0.24990246273881,-0.135030047534288,-0.114208793136368,-0.0984858936791557,-0.0616176447630477,0.057308162747538,0.354955784670864,0.0858012687532586,0.135895944716682,0.115443163530484,-0.0286813185975885,-0.247970793647856,0.226898802800844,-0.144347277592221
"35",-0.170357276999234,0.10869868875551,-0.186879193652165,0.256813650837146,-0.0686665936621952,0.0326213984068546,0.218680260908998,-0.28637708576655,-0.0487015872226301,-0.156505286261866,0.0327444966787697,0.05153155970292,0.106359290014472,0.0738100452240071,0.00200927035420368,-0.0346971865733264,-0.0290123424937195,0.0995267364285724,-0.0716965268680882,-0.028609287767646,-0.141518609163426,0.0450324531047629,0.0879167565273883,-0.157572551294931,0.368155934527012,-0.0318952421623418,-0.130493209417406,0.0153503399092124,0.0446415089718422,-0.200816022653371,0.0228369447680548,-0.212260629730193,-0.00859846686609738,-0.134584541904571,1,0.0741660306829187,0.162304942904043,0.170800805787269,0.0647230672369665,-0.078366578092144,0.0160905220914664,-0.01239300330012,0.00121349958666226,0.0710182342504725,0.144487342454961,-0.0478045569827604,-0.1303314805469,-0.0798312870311747,-0.122255550386128,0.0228284076165478,-0.208484333400124,-0.217317168409341,-0.0288788048192163,-0.0266305163226654,-0.0305363695384737,-0.0103196415425797,0.18382772172512,-0.0696080625325971
