"","l_Insular.Cortex","r_Insular.Cortex","l_Amygdal.Area","r_Amygdal.Area","l_Bed.Nucleus.of.the.Stria.Terminalis","r_Bed.Nucleus.of.the.Stria.Terminalis","l_Hippocampus","r_Hippocampus","l_Orbitofrontal.cortex","r_Orbitofrontal.cortex","l_Entorhinal.Cortex","r_Entorhinal.Cortex","l_Frontal.Association.Cortex","r_Frontal.Association.Cortex","l_Globus.Pallidus","r_Globus.Pallidus","l_Glomerular.Layer.of.the.Accessory.Olfactory.Bulb","r_Glomerular.Layer.of.the.Accessory.Olfactory.Bulb","l_Glomerular.Layer.of.the.Olfactory.Bulb","r_Glomerular.Layer.of.the.Olfactory.Bulb","l_Granule.Cell.Level.of.the.Cerebellum","r_Granule.Cell.Level.of.the.Cerebellum","l_Hypothalamic.Region","r_Hypothalamic.Region","l_Entorhinal.Cortex","r_Entorhinal.Cortex","l_Vermix.Molecular.Layer.of.the.Cerebellum","r_Vermix.Molecular.Layer.of.the.Cerebellum","l_Lateral.Molecular.Layer.of.the.Cerebellum","r_Lateral.Molecular.Layer.of.the.Cerebellum","l_Anterior.Olfactory.Bulb","r_Anterior.Olfactory.Bulb","l_Posterior.Olfactory.Bulb","r_Posterior.Olfactory.Bulb","l_Subiculum","r_Subiculum","l_Perirhinal.Area","r_Perirhinal.Area","l_PreLimbic.System","r_PreLimbic.System","l_Primary.Cingular.Cortex","r_Primary.Cingular.Cortex","l_Primary.Motor.Cortex","r_Primary.Motor.Cortex","l_Retrosplenial.Cortex","r_Retrosplenial.Cortex","l_Secondary.Cingular.Cortex","r_Secondary.Cingular.Cortex","l_Secondary.Motor.Cortex","r_Secondary.Motor.Cortex","l_Striatum","r_Striatum","l_Ventral.Tegmental.Area","r_Ventral.Tegmental.Area","l_Substantia.Nigra","r_Substantia.Nigra","l_Thalamus","r_Thalamus"
"1",1,0.395253361655381,0.166639144350089,0.15794111559125,-0.0895565649590164,0.0182646369958737,0.137052943511879,-0.00083161960822567,0.273641924734206,0.0990357875003601,0.443421006635216,0.383866757811287,-0.0465654662825534,-0.197219749047286,0.183243715450164,0.0533388311737714,-0.130499403014532,-0.0789279118773008,0.161870293337655,0.194423017261223,-0.0888336279398453,-0.0300924550843525,0.0355644711759921,-0.0544938673160075,0.117741492450929,0.0974344415299273,0.0569978704543855,-0.0221126932765599,0.10093825839272,0.137313284878342,0.154554440581119,0.122508230955361,0.490357876334571,0.450395830294201,0.125050257136099,-0.0217096880307927,0.0210244360053906,-0.00203134369446453,0.388370350747733,0.237595431965359,-0.263038140769514,-0.182054658719395,-0.0310873387519985,-0.238964730053685,-0.182264092564106,-0.232807501705684,-0.0466823812795022,-0.112030196928547,-0.108419308928323,-0.115857354038572,0.181724551278744,0.117198562464652,0.161216864019668,-0.0488508960902454,-0.0412204917646111,-0.0625006520181871,0.0270372182883864,-0.069248528010097
"2",0.395253361655381,1,0.0981654767853207,0.00768345091360465,-0.182772262819531,0.0226639121929721,0.00709955555187794,-0.0618291029637858,0.221784168747225,0.206641448352929,0.162930914487908,0.30146637593308,0.0420182370459277,-0.174157672295831,0.0770479723483433,0.189109279180823,0.0666789769356019,-0.264360119101076,0.0333563772499347,0.115120319974628,-0.219041278798067,0.00827093905697598,0.0177555287124793,-0.131344758541671,-0.00014447929771039,0.144065276942122,0.0127693477394051,-0.0476368848067675,0.0780598852336603,0.0951761218073515,0.186371035738783,-0.0896622759909085,0.331239914432973,0.218042729400801,0.00015245073511189,-0.0337671602206994,-0.14286092014358,0.102897560083126,0.211032362524248,0.0890345704517172,-0.226381208602916,-0.188768127561932,-0.227438730266202,-0.10059765309491,-0.15835684869766,-0.0746172912263539,-0.234596464241064,-0.109606888666317,-0.0114940350783354,-0.0710874398846017,0.0914852509423874,0.246535702222422,0.0854883191545929,0.0652689863687758,-0.12105272866915,-0.17308224103645,0.0199429514277722,-0.267058293862604
"3",0.166639144350089,0.0981654767853207,1,-0.0265703280591083,0.0583979673537366,-0.0773195140002087,0.0397630929690508,0.041321142591759,0.20210062181602,0.123577096303993,0.356798269191988,0.168610550690342,0.0303613433636998,0.0952491374317088,-0.203366578148502,0.214825289798587,0.13674867159193,-0.18270641082992,0.201514126196094,-0.0537637737636176,-0.105753430244395,-0.0739671775260842,0.0379574218363787,0.0973891745654461,0.180804677485315,0.125893530546431,-0.0448892358967923,0.0482888906715066,-0.0964601797200194,-0.0326812472243372,-0.0199502887063466,0.0178331717508445,0.0868463558470573,0.0602063086209883,-0.070845177385171,-0.1498796993251,0.0750270562020604,-0.0413601022146241,0.0374236853492353,-0.115739157292306,-0.0369396976004684,-0.130870819434845,-0.0241706323637787,-0.150202257309629,-0.079132701601843,-0.150479141818027,-0.131010872996536,-0.103563396313901,-0.0299779035194207,-0.0573260932132657,-0.0209932174456914,0.0263890312960596,-0.0557005126747429,-0.0767336159853899,0.0781680360313466,0.0099747135952145,-0.032571070968449,-0.175855324124063
"4",0.15794111559125,0.00768345091360465,-0.0265703280591083,1,0.00125411122520239,0.0224318910236756,0.182071975811162,0.148667554795024,-0.0291888130153124,0.0553347872061275,0.244695217739716,0.217595750777064,0.103704556868086,0.0551464248484758,0.141134117674206,-0.11826285255476,0.0500230383881058,-0.104958049242162,-0.12927253583632,-0.0809247875342235,-0.0348774882888349,-0.139045139446049,-0.0394850268839553,-0.0216965325380123,-0.0237253432023315,0.14200251203521,0.006520267163449,-0.212370823869695,0.175921248885954,-0.0121677699665743,0.0113914276098353,0.0259751228171834,0.273681088410208,0.118680369213365,0.158231615034898,0.18088662363085,0.00664830993695389,-0.153918747283359,0.257862608113214,0.026025504222067,-0.172339890434769,0.102770843976208,-0.0848196996100415,-0.158641130184809,-0.228048678657973,-0.0313715934943556,-0.180841576261547,-0.231557554580286,-0.00677941970902914,0.0605019445761643,0.081210507301486,0.0901965780083151,0.191737210453915,0.0681514736756268,-0.112317704827705,-0.105756488765728,-0.0311092017578226,-0.0146763956820988
"5",-0.0895565649590164,-0.182772262819531,0.0583979673537366,0.00125411122520239,1,0.056582695646648,0.0855104176080324,0.220638766203369,-0.173359465338231,-0.0896915176074848,0.165092484974527,-0.0718968852950407,-0.161664979290347,-0.0448642595281157,-0.0244797211602719,-0.0290047911509945,-0.0697639726347871,-0.225317662971806,-0.173047649623965,0.0352148237292159,-0.089164825791289,-0.109064223338698,-0.0623347475118178,-0.139828426610322,0.00611971421012762,0.0691336710364382,0.0181002258931372,-0.00470376066417823,0.140119421240676,-0.16578087068962,-0.260901072073825,-0.0278904344912275,-0.0449806649564173,-0.069898935934489,-0.0110478213769705,-0.0334270434630786,-0.0573070131603673,-0.0878387356555391,0.100578322543014,0.0362739716983341,0.147093394086706,0.0113770325097219,-0.0923373453933811,-0.0697502832626259,0.00467613865782332,-0.0336633500003414,0.042786994177456,0.0926781211571661,-0.0926417329982582,-0.0612516822528993,0.322752806534113,0.205115672929043,-0.105749950287024,-0.126978805127224,0.0801449857726044,0.056187523723516,0.182767307729615,-0.00834978966032344
"6",0.0182646369958737,0.0226639121929721,-0.0773195140002087,0.0224318910236756,0.056582695646648,1,0.0544123348061452,0.199563915516814,0.0528666295353403,-0.050169219055225,0.0857068685360526,-0.0379108815621714,-0.154903852225244,-0.139996747737205,-0.0395078372625088,0.151885147328674,-0.0557105191509892,-0.0601445786425604,-0.0691109203540536,-0.114540065960316,-0.139006254586658,0.0339122105250613,0.0797950990098587,-0.0752847352493026,0.110116394683378,0.0537589889434401,0.111718816347837,0.0208465502636663,0.075887836231319,0.190077132734476,-0.0268033874480857,0.0444113428197255,0.0268821747990142,-0.0210595086080893,0.0654033249220176,-0.0387612546530683,-0.0502442635091901,0.117548583864953,0.161769256091774,0.106647678685624,-0.022161229035249,-0.0193507342502756,0.0573131290225459,0.136234184509673,-0.0841226614085892,-0.115042808005818,0.166365411576844,0.0880274433322525,-0.163644426004455,-0.135530078426723,0.098726942494525,0.172778813406114,-0.0886453389911276,-0.119477050792225,0.0417241776366793,-0.0698648925466185,0.0244410553630805,0.142801096307843
"7",0.137052943511879,0.00709955555187794,0.0397630929690508,0.182071975811162,0.0855104176080324,0.0544123348061452,1,0.201143860325427,-0.105612452164543,-0.0793989049906641,0.0994710157640056,0.141412397793711,0.0678813951830323,-0.00049388761705013,0.0147858592782182,-0.0911897613309642,-0.0925074792948475,0.0562756009807308,-0.0744697554689795,-0.0174919050201324,0.140318893490999,-0.130300488032694,0.0720519344166918,0.0271210993993432,0.0345173652356876,-0.0332226842062701,0.102799884058128,0.0705782177591208,-0.0435642756648035,0.0612338690933119,0.0962595813595955,0.0741734134658635,0.15585813201728,-0.0211660216133818,0.261041387409822,0.165040079718253,-0.0154676842476173,-0.095762037003177,0.111681282768739,-0.0544254435968039,0.0248461205161737,-0.0252512206600735,-0.124790766797385,-0.147509382175042,0.103656708966754,0.0933448937900525,-0.0112911230313039,-0.0913970621305592,-0.0441960711532724,0.0812740943873438,0.0263207042888287,-0.0307179283215598,0.0843268080210142,0.0341177275641894,0.0200474570570491,0.11363029464902,0.0244392142191927,0.0999897851967683
"8",-0.00083161960822567,-0.0618291029637858,0.041321142591759,0.148667554795024,0.220638766203369,0.199563915516814,0.201143860325427,1,-0.0584867980453215,0.0205741429677861,0.20161424976834,-0.0569635177442814,-0.0193385490257793,-0.0725185837809251,-0.0192895185812274,-0.0115497124375049,0.0262135984611373,-0.030101454403092,-0.12197294070155,-0.0933868735655523,-0.121683247962852,-0.14647488629629,0.0442985614537022,0.0707499255501193,0.053350653811528,0.114897103465051,-0.00961905662030311,-0.0943078697501233,0.0922542953230638,-0.0971286405866792,0.0775901954124452,-0.0869366115074368,0.00868507105738106,-0.0396322951369717,0.16033495263247,0.187876520498182,0.036600666260131,0.0302042118658554,0.0962247628283436,0.0519775779187235,-0.0372490397040863,0.181168881292996,0.0244181893608247,0.160092191515324,-0.0189627052361549,0.0244612518461054,-0.0653165847110214,-0.0796579238905066,-0.232078149727526,0.0131805286127129,0.0894892064363206,0.0657258205214762,-0.102637536765037,0.0449342088542413,0.151955704901511,0.132260376098558,0.0200552339759829,0.0249105349242397
"9",0.273641924734206,0.221784168747225,0.20210062181602,-0.0291888130153124,-0.173359465338231,0.0528666295353403,-0.105612452164543,-0.0584867980453215,1,0.547000864313155,0.0224219345083145,0.127384514456406,-0.110224880031496,0.180760726803562,-0.00387856566982683,0.15084283287168,0.114470758719533,-0.215378660369258,0.185763292513336,0.0537150849539831,0.0170286757426495,0.090567480634517,0.0661140934342514,-0.0876860220526448,-0.00225374171280213,0.156840787473605,-0.0666415120933615,0.110446562281559,-0.0265371598084173,0.296994311719648,0.106911325262517,-0.0606079458301164,0.120667395670525,0.0595967220906726,-0.111757556371984,-0.0977853971429246,-0.0413865967384758,0.111483610215306,0.0340596820756243,0.0672164536953151,-0.136266677820966,-0.217230017801922,0.0225517257106106,-0.152179935063527,-0.171846242859533,-0.220791951073666,-0.0746284385883178,-0.0371834071161711,-0.0462710781804234,0.0789336951242285,-0.12650613936151,0.016743470066147,0.124962512473932,-0.0232137804777128,0.0444220441281125,-0.0385164693013425,-0.204107139817377,-0.238514312618512
"10",0.0990357875003601,0.206641448352929,0.123577096303993,0.0553347872061275,-0.0896915176074848,-0.050169219055225,-0.0793989049906641,0.0205741429677861,0.547000864313155,1,-0.00830949491597589,-0.0177089163350265,-0.0884884947784303,0.179897675630774,-0.0215697522261417,0.142521201239462,0.0847855337923345,-0.193342566829926,0.147815596086576,-0.108417091132873,-0.0582989651275687,0.171742461828404,0.148658216524122,-0.119294744989701,0.0863771167292866,0.0379692766195601,0.0346297384509361,0.0128937646124819,0.0525670231379447,0.100169758184689,0.193144513692893,-0.119109231648866,-0.0961567147954697,-0.059762373790283,0.018297439069299,0.0339762722700957,-0.0432381768077234,0.0718455188355972,-0.0124149829834758,-0.0119400126494944,-0.174500239748929,-0.25827640236406,-0.152839458745234,0.00723708022591446,-0.157195443260686,-0.162437655266222,-0.138554659502488,-0.132645203723695,-0.121852904308619,0.0424893512766731,-0.134542516900472,-0.105143035552138,-0.0464687326452487,-0.0188729992841854,-0.115358681288782,-0.083825563817697,-0.0560197895927384,-0.124624792580362
"11",0.443421006635216,0.162930914487908,0.356798269191988,0.244695217739716,0.165092484974527,0.0857068685360526,0.0994710157640056,0.20161424976834,0.0224219345083145,-0.00830949491597589,1,0.4021172021898,0.0029832519303524,-0.136427202016875,-0.0300758174199249,0.172153079530549,0.164134493924349,-0.147075557734564,0.144990654878558,-0.0185623046319623,-0.131384832664651,0.0191489145906291,-9.0572527234075e-05,-0.0259905530391693,0.0711474057388952,0.0405613942287418,-0.0809513402987112,-0.223885821203517,0.148478774332735,-0.0555255693071357,0.090118838277078,0.0488058562434093,0.269200317745518,0.233393861323979,0.0758616001678674,-0.238813163261803,-0.0458503338666057,0.0115053863010281,0.21013910701915,0.16520099401576,-0.118950325590541,-0.0309016636421062,-0.14806699138279,-0.210957017698916,-0.117782046740682,-0.285998497142452,-0.136491271645945,-0.153447563119991,-0.144426094303608,-0.107694321915315,0.174490172804648,0.0294758181891321,0.0357206869237266,-0.110077787202786,-0.0169911261831192,0.0601137497356,-0.108315963046381,-0.00354255917850714
"12",0.383866757811287,0.30146637593308,0.168610550690342,0.217595750777064,-0.0718968852950407,-0.0379108815621714,0.141412397793711,-0.0569635177442814,0.127384514456406,-0.0177089163350265,0.4021172021898,1,-0.0753284822044814,-0.201708721939521,-0.0672382011286303,0.0192152511468141,0.105554461521809,-0.182538413345278,-0.0111315424654092,0.111612580789804,-0.00822836010062297,-0.00307388326777826,0.0241049553507727,-0.150728188085564,0.126263992249452,0.0640291358495396,-0.0414429689577454,-0.0408445590677128,0.0659714985029542,-0.0400166545887844,-0.145195512687353,0.0814704206567631,0.415531185554674,0.458618015986661,0.00861931925924456,-0.0814760299608378,0.107965736309111,0.0743505524007264,0.305621106186168,0.150517044699189,-0.0596907835046474,0.00455006001003473,-0.238213988986042,-0.227017491111614,-0.292800499705019,-0.292347984353717,-0.0677498499715448,-0.0075121177155878,-0.152934702684161,-0.225854648047154,-0.0184753183738847,0.0841430728865504,0.268998605831961,0.0902660894881477,-0.0463430701167201,0.00445407016794243,-0.073287585250144,-0.166256975676527
"13",-0.0465654662825534,0.0420182370459277,0.0303613433636998,0.103704556868086,-0.161664979290347,-0.154903852225244,0.0678813951830323,-0.0193385490257793,-0.110224880031496,-0.0884884947784302,0.0029832519303524,-0.0753284822044814,1,0.275270936384341,-0.0799186109987302,0.0562314234993962,0.2837425121308,0.172163543472528,0.227986893959212,0.0650881559569586,0.0961784189792935,-0.0109129780139593,0.197947921256062,-0.0225293304356468,-0.0218095992758894,-0.144415457601388,0.162229906326263,0.205119350600043,-0.0243115408457186,-0.00291429383764,0.35492311412251,0.23439441944909,-0.00590093410393359,-0.11342001360681,0.0875656099868933,0.168642060211319,0.262514424078323,0.0856062255304864,-0.0978909629027845,-0.149532585460783,-0.0571362788039014,0.080322998884456,-0.0509107425669135,-0.0159697490363897,0.17399787869488,0.233209271992771,-0.116435828959071,-0.150045694853678,0.612238856252968,0.378275763503283,-0.0923558255247776,-0.210486045139632,-0.0256278250458986,0.140012852201835,-0.0854757968034745,0.184245811338122,-0.00130331059268234,0.142880365190187
"14",-0.197219749047286,-0.174157672295831,0.0952491374317088,0.0551464248484759,-0.0448642595281157,-0.139996747737205,-0.00049388761705013,-0.0725185837809251,0.180760726803562,0.179897675630774,-0.136427202016875,-0.201708721939521,0.275270936384341,1,-0.105389812327333,0.0525884775496367,0.208855845942326,0.325237173672533,0.231706504300868,0.0062164527386531,0.207038186688228,0.185744154977233,0.0744016634361516,0.0735566523206881,-0.0625927833621983,-0.0180493878073505,0.0597587655966459,0.202235894536249,-0.366174624843923,-0.114596711044921,0.145894225743744,0.197633632052312,-0.225172879688504,-0.239193145114894,0.0690674730374857,0.0188153692025345,0.138493569814423,0.182977737631685,-0.236616619690708,-0.153599926888865,0.206517581809364,-0.0594458397985221,-0.207447909038349,0.130654170639454,0.164952770086991,0.276706995020425,0.139523790829187,0.145893586421667,0.302905573814165,0.728779440633363,-0.166704205814418,-0.251251713412611,0.135271352638292,0.191220002256204,-0.0503518073018084,0.046397112958003,-0.0841785090401542,-0.211386683618629
"15",0.183243715450164,0.0770479723483434,-0.203366578148502,0.141134117674206,-0.0244797211602719,-0.0395078372625088,0.0147858592782182,-0.0192895185812274,-0.00387856566982683,-0.0215697522261417,-0.0300758174199249,-0.0672382011286303,-0.0799186109987302,-0.105389812327333,1,0.117052258110044,-0.286298500569627,-0.0343032747236654,-0.0250078254509796,0.201275738563552,-0.151256856029204,-0.0658039334895864,-0.046844413259745,-0.0236769593560279,-0.145825190347952,-0.100391915601943,-0.0157483923110936,-0.012214621092504,-0.110471574604711,-0.0132977132428129,0.057185580570873,0.0400377395230953,0.0942023470560065,-0.0414171415154997,0.179432401962816,0.0433309227963639,-0.0273814937843979,-0.0853951770946347,0.14080414442477,0.129392252999734,-0.0865302082306233,-0.0436214266927374,0.0639954591053883,-0.084750869320489,-0.0225211481580811,-0.0126230451720326,-0.0834410622219341,0.00097125350168324,0.082559449988611,-0.168213293407207,0.106995395295837,0.0810403195335464,-0.0678825975246089,-0.285466347531463,-0.12159731475769,0.0260912445988698,0.151677154648074,0.0106874474317947
"16",0.0533388311737714,0.189109279180823,0.214825289798587,-0.11826285255476,-0.0290047911509945,0.151885147328674,-0.0911897613309642,-0.0115497124375049,0.15084283287168,0.142521201239462,0.172153079530549,0.0192152511468141,0.0562314234993962,0.0525884775496367,0.117052258110044,1,-0.0218714453771921,-0.0424281006180343,0.0331244894761816,0.159914157430545,-0.205270989707076,-0.0728584382732071,-0.0382402553009464,-0.0891751377534066,-0.0308637750310177,0.0712352031566317,-0.213036961896597,-0.0922875352077769,-0.173063446963202,0.067532656939063,0.0374307708125775,-0.00168663613063461,0.0446014466202538,-0.0431087266312665,-0.247388807973773,-0.123369839528731,-0.111834396068614,0.0599870848943113,0.107278469196891,0.0149768221431161,0.0569489414140304,-0.0891059080810031,-0.14364017424661,-0.00665600173443155,0.025410068642822,-0.270397056502207,-0.0609025625510638,0.0277825211688536,0.133807493705147,-0.047579347268323,0.0898973323821019,0.246134130384432,-0.142895552805982,-0.135606303977778,-0.141010627362203,-0.0879936270035471,-0.0307542966308135,-0.038398872320382
"17",-0.130499403014532,0.0666789769356019,0.13674867159193,0.0500230383881058,-0.0697639726347871,-0.0557105191509892,-0.0925074792948475,0.0262135984611373,0.114470758719532,0.0847855337923345,0.164134493924349,0.105554461521809,0.2837425121308,0.208855845942326,-0.286298500569627,-0.0218714453771921,1,0.00519201434737593,0.208111060824298,0.0808610978209291,0.101301602110179,0.109973294243209,0.0355084183282488,0.0232268552457778,0.117005266540024,-0.0842365156633146,0.0401702056215186,-0.00221762484572846,-0.042298640468153,-0.167976455086505,0.113590826867304,0.00399044747568536,0.0179879679820831,-0.11293720652242,-0.0713843025412038,-0.0539281903145568,0.122955770576878,0.183978306142192,-0.131663762246772,-0.119349674708938,-0.0565373413640218,-0.0036629999392506,-0.210660539799794,0.136016671216967,-0.166906680850647,-0.0556997611453022,-0.0175052946264528,-0.0021477414347758,0.09218560277829,0.220430168736917,0.0656574461380137,-0.155589877869832,0.06319678176193,0.237636746276966,0.126149637309657,0.195768133337772,-0.135410682728103,-0.101583743929355
"18",-0.0789279118773008,-0.264360119101076,-0.18270641082992,-0.104958049242162,-0.225317662971806,-0.0601445786425604,0.0562756009807308,-0.030101454403092,-0.215378660369258,-0.193342566829926,-0.147075557734564,-0.182538413345278,0.172163543472528,0.325237173672533,-0.0343032747236653,-0.0424281006180343,0.00519201434737593,1,0.146537269749833,0.0906734135586676,0.206525852150891,0.0469296136650213,-0.00279731956876004,0.106675534049186,-0.215077667553706,-0.174319534474621,0.132477554284077,0.182771138724827,-0.209378954245163,0.104561260278035,0.199905814895363,0.372680244920612,-0.0360495399845441,-0.00054035823574199,0.106706980698136,0.176599575753835,0.100755798256671,0.132378995508876,-0.0602539047919021,-0.130061764079347,0.117333932533496,0.0132773848416679,0.0600764558277828,0.151778577594799,0.268229190695187,0.175677422575986,0.113763946719333,0.0927650263994909,0.229205575284488,0.420273096987732,-0.157897206554959,-0.253258689622953,0.075999308002866,0.0530279577854454,0.0248017607130723,0.0723998131743219,0.0380506570637277,0.00230805185657948
"19",0.161870293337655,0.0333563772499348,0.201514126196094,-0.12927253583632,-0.173047649623965,-0.0691109203540535,-0.0744697554689795,-0.12197294070155,0.185763292513336,0.147815596086576,0.144990654878558,-0.0111315424654092,0.227986893959212,0.231706504300868,-0.0250078254509796,0.0331244894761816,0.208111060824298,0.146537269749833,1,0.183113121222418,0.139260439369842,0.151631193000438,0.164194021205953,-0.0473394176760179,-0.00022547367231988,-0.152077911713694,0.0818609338801784,0.100438349582016,-0.260341725596392,0.121565277727337,0.408090388727271,0.32875768902084,-0.0213122739180534,-0.0251330020682862,0.179928250584328,-0.0397477485745927,0.176938783669114,0.00955379677339671,-0.113533268001349,0.133995639356439,-0.142942263410026,-0.173762513997877,0.0474983442658109,-0.0123359838007404,0.126776685333338,0.0772733638814127,-0.0380652664464211,-0.138650950313238,0.205030362744915,0.21985867300306,-0.163448313274503,-0.240375853631124,0.113163324578118,0.097754301547491,0.131280157203188,0.0507300448123588,0.0731383882174108,-0.0316966848256946
"20",0.194423017261223,0.115120319974628,-0.0537637737636176,-0.0809247875342235,0.0352148237292159,-0.114540065960316,-0.0174919050201324,-0.0933868735655523,0.0537150849539831,-0.108417091132873,-0.0185623046319623,0.111612580789804,0.0650881559569586,0.0062164527386531,0.201275738563552,0.159914157430545,0.0808610978209291,0.0906734135586676,0.183113121222418,1,0.034330551820796,-0.0611925760083584,0.121947473846414,-0.0272989525133004,-0.0233648025785547,0.161765165277865,0.00689789658304173,0.233140260633908,-0.105632510510532,0.0633723589268312,0.0108148520567235,0.375431682645381,0.166303660497869,-0.00385429470645646,0.104670863435438,0.0311179577845545,-0.0428749926693108,0.130030168188338,0.0523788525699192,-0.143117508019941,-0.0226234037704213,-0.106700974696826,0.0457425232074433,-0.15646467992951,0.0401463842791268,0.0296859459970913,-0.0176203458251592,0.0020929464924143,0.180165318516384,-0.0653823601507243,0.0286414841266636,-0.00333668760281164,0.0508658703089564,-0.0969811670346406,-0.0371345121754043,0.0689676240494124,-0.093337383404743,-0.0407170893752427
"21",-0.0888336279398453,-0.219041278798067,-0.105753430244395,-0.0348774882888349,-0.089164825791289,-0.139006254586658,0.140318893490999,-0.121683247962852,0.0170286757426495,-0.0582989651275687,-0.131384832664651,-0.00822836010062297,0.0961784189792935,0.207038186688228,-0.151256856029204,-0.205270989707076,0.101301602110179,0.206525852150891,0.139260439369842,0.034330551820796,1,-0.126748805868279,0.114657379222824,0.123222308586933,-0.0964464729922475,-0.0181020542252904,0.0603158468355963,0.130372020400882,-0.171999289277841,-0.0428253204658198,-0.0436226046748471,0.232111084560037,-0.0821617805080731,-0.10182515376905,0.122990301527907,0.0269622486672896,0.0947417901626629,0.0151118237662368,-0.109944668209932,-0.112931645414484,0.0669890779472639,-0.0320445154213595,-0.017820688437687,0.0508728688854143,0.169544985787545,0.0336769656491549,0.146079984736144,-0.0609417455066021,0.0200034347302087,0.329867694427887,-0.144903999181857,-0.137992500660353,0.08571956482829,0.163221477884905,0.0180401459990912,-0.00297865368287638,-0.209199973698387,-0.0523407954723772
"22",-0.0300924550843525,0.00827093905697598,-0.0739671775260842,-0.139045139446049,-0.109064223338698,0.0339122105250613,-0.130300488032694,-0.14647488629629,0.090567480634517,0.171742461828404,0.0191489145906291,-0.00307388326777826,-0.0109129780139593,0.185744154977233,-0.0658039334895864,-0.0728584382732071,0.109973294243209,0.0469296136650213,0.151631193000438,-0.0611925760083584,-0.126748805868279,1,0.166796019409616,-0.136491069357013,0.0566732402849165,-0.136953017088919,0.10052372704515,-0.029946940835409,0.0229689859851697,0.0202808877466167,0.117393688782651,0.011372000794623,-0.0121483456092953,0.0720445168212877,-0.05023228043241,-0.285268666370037,0.00496190463964388,0.072762263175908,-0.105465474360115,0.222231263511415,0.0171904553137135,0.0425982685684634,0.0548207970103334,0.0557901640231078,-0.108014295443584,0.0584236686277243,-0.0434278638592106,0.133628697812694,0.0917094004401889,0.146145094462009,-0.247215108796914,-0.294822237538613,0.215212315609577,0.0563014069365437,0.0755085861486993,0.170893847304145,-0.120012158019383,-0.187421934248864
"23",0.0355644711759921,0.0177555287124793,0.0379574218363787,-0.0394850268839553,-0.0623347475118178,0.0797950990098587,0.0720519344166918,0.0442985614537022,0.0661140934342514,0.148658216524122,-9.0572527234075e-05,0.0241049553507727,0.197947921256062,0.0744016634361516,-0.046844413259745,-0.0382402553009464,0.0355084183282488,-0.00279731956876004,0.164194021205953,0.121947473846414,0.114657379222824,0.166796019409616,1,0.200377239355556,0.0922378987690983,0.0666703714390442,0.246156891953419,0.11575438103702,-0.0429767485254525,-0.0468622661767957,0.214380409176145,0.160194381576117,-0.166723242061915,-0.0536430863566539,0.159414810253934,0.0110634704064619,0.166553909669333,0.158369115626577,0.0914142403848126,-0.0084679447127636,-0.00876755151344158,0.0189261178846149,0.104234987809296,0.0864954254323854,-0.0451342108044021,0.0372872006364626,0.0701269062872336,-0.0714247771637942,0.193007732965851,0.193194679103084,-0.11535389893377,-0.106777929749759,-0.0540494573694165,-0.0161422479240431,-0.0412598148258738,0.069008856785544,-0.00918917507213364,0.130801927413835
"24",-0.0544938673160075,-0.131344758541671,0.0973891745654461,-0.0216965325380123,-0.139828426610322,-0.0752847352493026,0.0271210993993432,0.0707499255501193,-0.0876860220526448,-0.119294744989701,-0.0259905530391693,-0.150728188085564,-0.0225293304356468,0.0735566523206881,-0.0236769593560279,-0.0891751377534066,0.0232268552457778,0.106675534049186,-0.0473394176760179,-0.0272989525133004,0.123222308586933,-0.136491069357013,0.200377239355556,1,0.157875220042196,0.100095592125563,-0.0564806982579733,-0.0269945135898067,0.0177894160195609,-0.140968372993809,0.0963978690475379,-0.0911114839327762,-0.194830131682252,-0.252037511072031,0.143150408040156,0.146584219227462,0.00407102808480221,-0.0276660582149858,-0.051504204925257,-0.114250166384776,0.038405291960883,0.108597085001234,0.0926845142724897,0.0670559133698594,0.0533591730009073,0.162334236177481,0.0704494468851218,-0.0167041366976838,-0.0840792855836826,0.19016104772791,0.0062143477337141,-0.00049008473896937,-0.0121280064124497,-0.0216064008046187,0.0567054598033319,0.0111262061529095,0.0163381632479862,0.182247935727851
"25",0.117741492450929,-0.00014447929771039,0.180804677485315,-0.0237253432023315,0.00611971421012762,0.110116394683378,0.0345173652356876,0.053350653811528,-0.00225374171280213,0.0863771167292866,0.0711474057388952,0.126263992249452,-0.0218095992758894,-0.0625927833621983,-0.145825190347952,-0.0308637750310177,0.117005266540024,-0.215077667553706,-0.00022547367231988,-0.0233648025785547,-0.0964464729922475,0.0566732402849165,0.0922378987690983,0.157875220042196,1,0.0157063422144741,0.073377081040022,-0.103419418558973,0.0976433891056932,-0.215727638101051,0.0615969225072818,-0.108627082323815,-0.103031628523074,-0.0219012984148337,0.0513669947512299,-0.0217064620749361,0.290017316128966,0.0145248143666203,0.0658408507473168,-0.0096631928052901,0.0195569609677598,0.127490702552172,-0.0159731468563812,0.011873374569666,-0.107746325682653,0.1289559975495,0.090907500314439,0.108320294175114,-0.0641254563760328,-0.0913278119737988,0.0309731718967942,-0.0475075602853044,0.0220630025589249,0.110471282238059,0.191719271121243,0.163649410347215,0.0773811430903575,0.105342080778152
"26",0.0974344415299273,0.144065276942122,0.125893530546431,0.14200251203521,0.0691336710364382,0.0537589889434401,-0.0332226842062701,0.114897103465051,0.156840787473605,0.0379692766195601,0.0405613942287418,0.0640291358495396,-0.144415457601388,-0.0180493878073505,-0.100391915601943,0.0712352031566317,-0.0842365156633146,-0.174319534474621,-0.152077911713694,0.161765165277865,-0.0181020542252904,-0.136953017088919,0.0666703714390442,0.100095592125563,0.0157063422144741,1,0.0321051256795118,-0.0526629258697493,0.168122642076165,0.0855863738673349,-0.0667095667536554,-0.0538711065016219,0.0357256859030885,-0.022976446603595,-0.0239931597546188,0.0361866754739236,-0.186590937983915,-0.0498641361832241,-0.0438105386776517,0.0381457949416804,-0.100448578849541,-0.0851095752661382,0.0394233514269487,-0.13150150976735,-0.103745243895088,-0.119058662954622,-0.267510131078959,-0.268420416350803,-0.138224303558384,-0.0746742284179345,-0.0155534125550866,0.208498202174111,-0.112810279341799,-0.0192242988113818,0.155663600085302,-0.279029058066963,-0.0502300792293948,-0.217653768018281
"27",0.0569978704543856,0.0127693477394051,-0.0448892358967923,0.006520267163449,0.0181002258931372,0.111718816347837,0.102799884058128,-0.00961905662030311,-0.0666415120933615,0.0346297384509361,-0.0809513402987112,-0.0414429689577454,0.162229906326263,0.0597587655966459,-0.0157483923110936,-0.213036961896597,0.0401702056215186,0.132477554284077,0.0818609338801784,0.00689789658304173,0.0603158468355963,0.10052372704515,0.246156891953419,-0.0564806982579733,0.073377081040022,0.0321051256795118,1,0.112964588789835,0.0957112948678744,0.0590033833455448,0.125851148020996,0.303970206329815,0.0788446850126811,0.115782039413115,0.123782452691918,0.0152782789190191,0.103276858578122,-0.0840589405493692,0.125992596138685,0.072355012172287,-0.0860710763744244,-0.00532231072503881,0.0836130169582633,0.10522451656925,0.0445167783170897,0.164564602059509,0.082353074071047,-0.0103665023668523,0.111535787922726,0.0232429328216938,-0.0436741114548457,-0.109536917730053,0.0143949166790847,-0.0174407456407631,0.0283066186014345,0.0691749314093685,0.155633701446477,0.0105393403546614
"28",-0.0221126932765599,-0.0476368848067675,0.0482888906715066,-0.212370823869695,-0.00470376066417823,0.0208465502636663,0.0705782177591208,-0.0943078697501233,0.110446562281559,0.0128937646124819,-0.223885821203517,-0.0408445590677128,0.205119350600043,0.202235894536249,-0.012214621092504,-0.0922875352077769,-0.00221762484572846,0.182771138724827,0.100438349582016,0.233140260633908,0.130372020400882,-0.029946940835409,0.11575438103702,-0.0269945135898067,-0.103419418558973,-0.0526629258697493,0.112964588789835,1,-0.183154796582798,0.0740198685058684,0.161290789381162,0.265648402045708,0.0110295937114472,0.0316046546144755,-0.00039217301930319,0.169617613615994,0.0772566446140643,0.0919066147486001,-0.0855557910930551,-0.150008497909869,-0.00027377155233038,-0.039677006945463,0.0085954837736446,0.0053401818108024,0.218586881492298,0.244351057465207,0.0736159828889436,0.0859433648942769,0.210282399701838,0.150275347739886,-0.0652333764967992,-0.132353225719138,-0.137706317883251,-0.164290894546335,-0.021015805375162,0.0477594336443272,0.10339654813206,0.117781755762303
"29",0.10093825839272,0.0780598852336603,-0.0964601797200194,0.175921248885954,0.140119421240676,0.075887836231319,-0.0435642756648035,0.0922542953230638,-0.0265371598084173,0.0525670231379447,0.148478774332735,0.0659714985029542,-0.0243115408457186,-0.366174624843923,-0.110471574604711,-0.173063446963202,-0.042298640468153,-0.209378954245163,-0.260341725596392,-0.105632510510532,-0.171999289277841,0.0229689859851697,-0.0429767485254525,0.0177894160195609,0.0976433891056932,0.168122642076165,0.0957112948678744,-0.183154796582798,1,0.0501744198963312,0.0149215459196654,-0.182689150186015,0.194872256045392,0.194100626227825,-0.0184479533907337,-0.0637322863566465,-0.167193763206916,-0.0896206365276116,0.230756032047284,0.0833598285233205,-0.194686471525971,0.181172450448228,0.140355533202086,0.0732726824514619,-0.257260280106379,-0.111480122034629,-0.0997973426774385,-0.103768280239692,-0.0944909647295635,-0.114099047310472,0.132066128700825,0.0655055620766276,-0.0340613140728049,-0.0765930982807569,0.0752148172069434,0.0662301787009805,0.0674663302713293,0.214915271922109
"30",0.137313284878342,0.0951761218073515,-0.0326812472243372,-0.0121677699665743,-0.16578087068962,0.190077132734476,0.0612338690933119,-0.0971286405866792,0.296994311719648,0.100169758184689,-0.0555255693071357,-0.0400166545887844,-0.00291429383764,-0.114596711044921,-0.0132977132428129,0.067532656939063,-0.167976455086505,0.104561260278035,0.121565277727337,0.0633723589268312,-0.0428253204658198,0.0202808877466167,-0.0468622661767957,-0.140968372993809,-0.215727638101051,0.0855863738673349,0.0590033833455448,0.0740198685058684,0.0501744198963312,1,0.112587609395933,0.120423487708694,0.162109880764462,0.0564094951305362,-0.0459518639576461,0.0207328526422192,-0.260538785776598,0.0432531803846063,0.00387533140892641,-0.0341583131013746,-0.149085918964264,-0.230085707180525,0.12098060033947,-0.19894226666077,-0.130056207800256,-0.131581686890141,-0.0563109126365322,-0.0532528340453813,-0.0537301696296533,-0.111996367614309,-0.118122226515908,0.029515880185434,0.0350098413600525,0.0211358307171372,-0.0244866151163856,-0.102830447112443,-0.0925536588786324,-0.125682199716789
"31",0.154554440581119,0.186371035738783,-0.0199502887063466,0.0113914276098353,-0.260901072073825,-0.0268033874480857,0.0962595813595955,0.0775901954124452,0.106911325262517,0.193144513692893,0.090118838277078,-0.145195512687353,0.35492311412251,0.145894225743744,0.057185580570873,0.0374307708125775,0.113590826867304,0.199905814895363,0.408090388727271,0.0108148520567235,-0.0436226046748471,0.117393688782651,0.214380409176145,0.0963978690475379,0.0615969225072819,-0.0667095667536554,0.125851148020996,0.161290789381162,0.0149215459196654,0.112587609395933,1,0.245472249168129,0.0704016096187006,-0.0203277832315516,0.102520470661043,0.0912048514317554,0.109132037914782,0.110333672698639,-0.0497403014137541,0.0281695990841284,-0.209484663153785,-0.0379914438725243,-0.0885792519758882,0.0396598567649168,0.194675974815225,0.212026466513228,-0.136107907485806,-0.167566409444074,0.214025420893779,0.2019927233237,-0.0399454076070824,-0.217914194155368,0.109174052332675,0.0396233969424334,-0.0769016578799034,0.0541894508583909,0.0940317370634151,0.00675988953832716
"32",0.122508230955361,-0.0896622759909085,0.0178331717508445,0.0259751228171834,-0.0278904344912275,0.0444113428197255,0.0741734134658635,-0.0869366115074368,-0.0606079458301165,-0.119109231648866,0.0488058562434093,0.0814704206567631,0.23439441944909,0.197633632052312,0.0400377395230953,-0.00168663613063461,0.00399044747568536,0.372680244920612,0.32875768902084,0.375431682645381,0.232111084560037,0.011372000794623,0.160194381576117,-0.0911114839327762,-0.108627082323815,-0.0538711065016219,0.303970206329815,0.265648402045708,-0.182689150186015,0.120423487708694,0.245472249168129,1,0.112743850024678,0.162697548150792,0.111443388627212,0.0983390102629618,0.181668019313787,0.0695839032739147,0.00502604017482487,0.0466783011303837,-0.0887070601424618,-0.172119987586334,0.151748880281126,-0.0276232626456109,0.192553649606516,0.119302716997064,0.0263661278388296,-0.0398814058988475,0.130157818201795,0.105913034122591,-0.120783669389284,-0.160315527134968,-0.0394584822110018,-0.185274863626816,-0.0220553788470242,0.0864724765289115,0.0520428762300433,-0.0772366749187153
"33",0.490357876334571,0.331239914432973,0.0868463558470573,0.273681088410208,-0.0449806649564173,0.0268821747990142,0.15585813201728,0.00868507105738106,0.120667395670525,-0.0961567147954697,0.269200317745518,0.415531185554674,-0.00590093410393359,-0.225172879688504,0.0942023470560065,0.0446014466202538,0.0179879679820831,-0.0360495399845441,-0.0213122739180534,0.166303660497869,-0.0821617805080731,-0.0121483456092953,-0.166723242061915,-0.194830131682252,-0.103031628523074,0.0357256859030885,0.0788446850126811,0.0110295937114472,0.194872256045392,0.162109880764462,0.0704016096187006,0.112743850024679,1,0.552251522480934,0.051029266205865,-0.0820963071301961,-0.167684420441601,-0.0262427296354136,0.57377394172534,0.368193339476123,-0.259456214824778,-0.11842637068398,-0.109364014980943,-0.230251559117008,-0.355971100972187,-0.354997293019484,-0.137975536650288,-0.0263995467202517,-0.113957871677543,-0.207270385411513,0.247984559596241,0.233264256191482,0.222826556318601,0.0499392896445268,-0.0277767942240171,0.0145362321950159,4.89546014862518e-05,-0.218556261471767
"34",0.450395830294202,0.218042729400802,0.0602063086209883,0.118680369213365,-0.069898935934489,-0.0210595086080893,-0.0211660216133818,-0.0396322951369717,0.0595967220906726,-0.059762373790283,0.233393861323979,0.458618015986661,-0.11342001360681,-0.239193145114894,-0.0414171415154997,-0.0431087266312665,-0.11293720652242,-0.00054035823574199,-0.0251330020682862,-0.00385429470645646,-0.10182515376905,0.0720445168212877,-0.0536430863566539,-0.252037511072031,-0.0219012984148337,-0.022976446603595,0.115782039413115,0.0316046546144755,0.194100626227825,0.0564094951305362,-0.0203277832315516,0.162697548150792,0.552251522480934,1,-0.0405982871979866,-0.0587839940083642,0.00734997665091484,0.0699088342801788,0.380195526348979,0.396817349017842,-0.230101297848821,-0.10746546195766,0.0119946288338401,-0.0288646604939285,-0.223695937598155,-0.189310696785819,-0.0794456483979717,0.0190686000903478,-0.134021332366261,-0.261733821498745,0.0629619335435544,0.0880489453474994,0.280996089438345,0.00509097599985251,-0.00537829493585929,-0.0255551061237083,-0.0471726155610932,-0.216198073606614
"35",0.1250502571361,0.00015245073511189,-0.070845177385171,0.158231615034898,-0.0110478213769705,0.0654033249220176,0.261041387409822,0.16033495263247,-0.111757556371984,0.018297439069299,0.0758616001678674,0.00861931925924456,0.0875656099868933,0.0690674730374857,0.179432401962816,-0.247388807973773,-0.0713843025412038,0.106706980698136,0.179928250584328,0.104670863435438,0.122990301527907,-0.05023228043241,0.159414810253934,0.143150408040156,0.0513669947512299,-0.0239931597546188,0.123782452691918,-0.00039217301930319,-0.0184479533907337,-0.0459518639576461,0.102520470661043,0.111443388627212,0.051029266205865,-0.0405982871979866,1,0.399386649483438,0.327899196899008,0.129737911863534,0.0827296567763554,-0.07148083327949,-0.0782675690709885,-0.0923947106806791,-0.199588229724988,-0.149270185329173,0.205143856330476,0.141753037685973,0.104191674678427,-0.0824342891599617,-0.037528793666826,0.104054482959703,-0.092775449665768,-0.203459429491513,0.0820226964126152,0.16716381031771,-0.0103565869788714,0.0860050942418756,0.0953426637748697,-0.00193618190718812
