"","l_Insular.Cortex","r_Insular.Cortex","l_Amygdal.Area","r_Amygdal.Area","l_Bed.Nucleus.of.the.Stria.Terminalis","r_Bed.Nucleus.of.the.Stria.Terminalis","l_Hippocampus","r_Hippocampus","l_Orbitofrontal.cortex","r_Orbitofrontal.cortex","l_Entorhinal.Cortex","r_Entorhinal.Cortex","l_Frontal.Association.Cortex","r_Frontal.Association.Cortex","l_Globus.Pallidus","r_Globus.Pallidus","l_Glomerular.Layer.of.the.Accessory.Olfactory.Bulb","r_Glomerular.Layer.of.the.Accessory.Olfactory.Bulb","l_Glomerular.Layer.of.the.Olfactory.Bulb","r_Glomerular.Layer.of.the.Olfactory.Bulb","l_Granule.Cell.Level.of.the.Cerebellum","r_Granule.Cell.Level.of.the.Cerebellum","l_Hypothalamic.Region","r_Hypothalamic.Region","l_Entorhinal.Cortex","r_Entorhinal.Cortex","l_Vermix.Molecular.Layer.of.the.Cerebellum","r_Vermix.Molecular.Layer.of.the.Cerebellum","l_Lateral.Molecular.Layer.of.the.Cerebellum","r_Lateral.Molecular.Layer.of.the.Cerebellum","l_Anterior.Olfactory.Bulb","r_Anterior.Olfactory.Bulb","l_Posterior.Olfactory.Bulb","r_Posterior.Olfactory.Bulb","l_Subiculum","r_Subiculum","l_Perirhinal.Area","r_Perirhinal.Area","l_PreLimbic.System","r_PreLimbic.System","l_Primary.Cingular.Cortex","r_Primary.Cingular.Cortex","l_Primary.Motor.Cortex","r_Primary.Motor.Cortex","l_Retrosplenial.Cortex","r_Retrosplenial.Cortex","l_Secondary.Cingular.Cortex","r_Secondary.Cingular.Cortex","l_Secondary.Motor.Cortex","r_Secondary.Motor.Cortex","l_Striatum","r_Striatum","l_Ventral.Tegmental.Area","r_Ventral.Tegmental.Area","l_Substantia.Nigra","r_Substantia.Nigra","l_Thalamus","r_Thalamus"
"1",1,0.274505402111957,0.0113982646566486,0.0800268352641999,-0.103013960386864,-0.0397884517984827,0.160109336380807,0.15882794010201,0.184542113312777,0.238168312815352,0.115586196743671,-0.0286089269140848,0.240808422920121,0.0821118945171439,-0.0070853956853614,-0.0594641740439584,0.0183303637906017,0.16174997274081,-0.0392288770657709,0.147407088165435,-0.0405590928783018,0.124122601485956,0.0371959100181391,-0.110436873448336,-0.0652189932653158,0.0604124848652945,-0.0503745878888591,-0.11798334036239,0.126767213115588,-0.153876429982523,-0.0177185337670758,-0.105445092051707,0.243968712395413,0.19856940161665,0.0274901041308308,-0.102443452919528,-0.0642321624950168,0.0945838081856057,-0.0385393529702687,0.0673303012932583,0.10502857676527,0.0584779520130363,-0.164984043987778,-0.173579670131121,-0.0965755013007666,-0.00503478485421794,0.0437443926469721,0.0551377800355739,0.0123093874626392,-0.0165025159678386,0.0244029648661355,0.0712480124233827,0.0607729674905471,0.0055056620141391,-0.00823855982000008,0.011485819807994,0.197987104489563,-0.0376261784151824
"2",0.274505402111957,1,0.138356677427752,0.246656858296226,-0.161051373790566,-0.126924188898293,0.0330400599336148,0.0844515562031168,0.247309814084654,0.240940183284265,0.266315958835085,0.129696195698489,-0.133817562091102,-0.105055638962877,-0.0988432195916092,0.0301942948236225,-0.217368833830636,0.030455054604764,0.00284487578217495,0.031967420350648,0.0245745497456541,-0.025045955916573,-0.191586674937379,-0.248005490424215,0.0460992172227144,0.155251563202494,0.11446129977769,0.0123002310714907,0.0724230606501501,0.0920565701160685,0.129352453780092,-0.0260030438928495,0.1290516490543,-0.0725146818129192,-0.0684723140099967,-0.126809286898732,-0.0667458716465315,-0.0644624918018962,0.00139218414965132,0.0270589667203142,-0.143421879198354,-0.0312868566010955,-0.00541873986907493,0.0278513310533124,-0.0003787319064351,-0.0991746403959639,-0.0541567798836955,-0.102412790459038,0.0429056791069927,-0.0651909226423677,-0.255799388705132,-0.0992663770007347,-0.00097252045035749,-0.199076598971982,-0.078962540111484,-0.0380455152389758,-0.158296639535724,-0.0556080301417054
"3",0.0113982646566486,0.138356677427752,1,0.0186385478610348,-0.156764632259928,-0.105089081126338,0.122163009169728,0.0849190139881827,0.123301801604944,0.102086972838168,0.104163307680294,-0.220383447029869,0.00439682121489526,0.0981582332803189,-0.266892254932117,-0.0342064850704162,-0.229390558318615,-0.0190521621002893,0.19927959056603,0.00521188226358891,-0.00780772300940732,0.169069574068611,-0.114388816596814,0.103317063785397,0.12621183902657,0.0825140662724773,-0.0201257322145951,-0.189359959501938,0.00472216621377022,-0.0249054637277802,0.032810498210268,-0.0684792717919701,-0.117726520952012,-0.0182154053610885,0.0120946938735982,0.0896794016637921,-0.0216372105915784,-0.00558459730940599,-0.348893503562457,-0.11518572595107,-0.0345539225244575,-0.187945736339337,-0.0271153204511913,-0.0601759234853023,-0.00980496843109111,-0.0513800528522608,-0.121710456616716,-0.205264498778852,-0.031971201207786,-0.00275998962092859,-0.152290388552839,-0.273615093139094,-0.087124519889901,0.0665514714457542,0.0259859430199656,0.153533185947786,-0.106335147718105,-0.00951651345053773
"4",0.0800268352641999,0.246656858296226,0.0186385478610348,1,-0.178506769133162,-0.031119890587148,-0.171410468967517,-0.105741234562377,0.076670870610508,0.147337646329872,-0.0092715075512127,0.0621130684877489,-0.104656003944379,-0.0051492019902559,0.0548554949160543,-0.0720644354664726,-0.0671995157077202,0.051965279614061,0.0248787982180745,-0.0270395656674968,0.256552581603115,-0.140832158774846,0.0646563892405857,-0.0427850471202344,0.0749670388755147,0.36491663837929,0.00647427290445102,0.11271636240394,0.15810997403072,0.139483447620585,0.079038185199214,-0.0151357544010519,0.0954874096809696,-0.161438578892247,-0.0192966841234111,-0.0840913980723894,-0.0517619717321974,-0.141570926756112,-0.082443547001669,-0.110756550540098,-0.152088588481804,0.0745412767607923,0.0951765140366958,0.0919039009223398,-0.13479106658615,-0.121284133808707,-0.100657847918873,-0.087135232610079,0.170201450448571,0.212255754433121,0.00176873091470229,0.0883748464048314,0.0345098681563405,-0.108972731406118,-0.160095325441393,0.0462481162071922,0.125742741630379,-0.0471123311187237
"5",-0.103013960386864,-0.161051373790566,-0.156764632259928,-0.178506769133162,1,-0.0212322304733433,-0.150205211607268,-0.101463434014634,-0.100166474773766,-0.0558532055595283,-0.01638737093333,0.0300367775128887,-0.0182245709855764,0.0481065002767153,0.111711443517445,0.0763355296851357,0.123874385316063,-0.0320930765770544,-0.216147476204995,0.152119339172267,-0.0675970313974696,-0.135430053763355,-0.206962914237162,-0.023054966005922,0.0233957966944421,-0.0315834340263271,0.0038603687084883,0.0338831507092542,-0.0485381726582815,-0.0652161406960873,-0.114960563215354,0.0918778651807608,-0.109230333557204,-0.131459324010757,-0.0169318790871751,0.0291578747214553,-0.0792476661644373,0.0798847297882685,-0.0897237203102857,-0.107684941265634,-0.0157788910467484,-0.114330353875023,-0.131345452541263,0.00634100703208967,0.0914878562274716,0.0750947046438503,-0.0042631186603673,-0.0668995496097334,-0.168630772333508,-0.105266341052107,0.127495865590359,0.0735685827278574,-0.0970504002968839,0.0697885292591603,0.0376462116021302,-0.134562106392361,0.099826403574005,0.0692147223534244
"6",-0.0397884517984827,-0.126924188898293,-0.105089081126338,-0.031119890587148,-0.0212322304733433,1,0.0726023789033704,-0.0661231804295481,-0.0506120725213643,0.0343409178239677,-0.128754734310309,-0.0761664365390823,0.0515529049345815,0.0655708671174109,-0.0717968051524297,-0.234477615486969,0.095040197181476,0.164113302376316,-0.0328821542336236,0.0221955352000708,0.0837335993518426,0.11783871495061,-0.115924104354642,0.112929622858169,0.0137673999932562,-0.0250679011429601,-0.213003307600611,-0.221974418268481,0.0156541947846741,-0.0594501166708352,0.0108092535130358,0.0505427323910711,0.0412744791124024,0.15394708687862,0.0781103713978394,0.0484054049194017,-0.0141967842705808,0.0928958546150711,0.0314229240656159,0.0875791845267568,-0.117508160851384,-0.0750777943015079,-0.00963260943485186,-0.0308421971135157,-0.232198140544686,-0.154771722716623,0.113313736479092,0.165217286407281,0.0124335045035392,0.074593499644887,0.0486321624656951,0.0967526847758326,-0.0181312002703609,0.0169621818248706,-0.146536428800672,-0.046279006139366,0.0827020957702266,0.0655708190928614
"7",0.160109336380807,0.0330400599336148,0.122163009169728,-0.171410468967517,-0.150205211607268,0.0726023789033704,1,0.26490880992578,-0.0183235956201223,0.0129482633867594,-0.00351376479426043,0.0168222867964075,0.031705301135029,0.053073635482097,-0.137541246535303,-0.0120104011373344,-0.133943371897064,-0.0110762436589798,0.00372462081333646,0.118013281836345,-0.102055802031401,0.0151571639333434,-0.0207798527436313,-0.00678431399077463,-0.0623333644402215,-0.115118071784894,0.0828936556898302,0.0245357488273324,-0.0516028045197092,-0.153353733088054,0.112896623553764,0.111579394493847,-0.0707670980132001,0.0474143733031096,0.131202816655461,0.00208803832143175,-0.075903406301641,-0.0304849983723867,-0.0992411966707853,-0.0379774405096705,0.0787033789226498,-0.122767269628845,0.073574269010965,0.0433252075283721,0.0835901677249829,0.0740060519985357,0.0209201795047135,0.0675101280360356,-0.0296579713385701,-0.0192217636136764,-0.1430616198304,-0.0916639647654807,0.0727662831222058,-0.0405372156203572,-0.0406486693324843,0.0787775399335371,0.0754171660885391,0.051125789449432
"8",0.15882794010201,0.0844515562031168,0.0849190139881827,-0.105741234562377,-0.101463434014634,-0.0661231804295481,0.26490880992578,1,0.164611801440176,-0.0861936819936491,-0.0289647224807422,-0.0522413980857685,0.144207532310742,-0.00417827583653533,-0.0897384208312239,0.036801767800058,0.0381879945417015,-0.118200553656159,-0.0384362886364032,0.194285075817336,-0.185068051531944,-0.146398822894385,0.0769941392537698,0.120147661638954,-0.207393847368761,-0.0642329830105252,0.158945477776413,0.0862758481359691,-0.137840193930691,-0.103452206177893,0.0303231379605795,-0.0566775805618679,0.0566022783213776,0.015115994384909,-0.00524147227074937,0.0773923069387919,0.0205877089909705,-0.130355185405415,-0.0294169412075124,0.1030414930442,0.0489750724307932,-0.159608966767308,0.0498247339179128,-0.0485739421610869,0.0582933337898463,-0.0698639484831359,0.0901417322551546,0.0467951484330774,0.0329169666680229,-0.183648130757089,-0.186242378495256,-0.0925797364651671,0.017952207768082,0.00281508033752727,0.0838099852152455,0.0345215849972023,0.0440641349252289,0.053198049394846
"9",0.184542113312777,0.247309814084654,0.123301801604944,0.076670870610508,-0.100166474773766,-0.0506120725213643,-0.0183235956201223,0.164611801440176,1,0.444984805494116,0.0874829211015798,0.0245487944975459,0.0632842288526261,0.024444755852739,0.121352416000912,0.251949279202426,-0.11840077935646,0.116693954885839,0.146493925114927,0.031843581009736,-0.0242773025857396,0.150046317399437,0.00376283224724019,-0.00923061226165954,-0.0437170308074485,0.148290734687544,-0.0145540020204861,-0.0985872956328244,-0.100704579057136,-0.0103146072474794,-0.0662457914323288,-0.0810188230919599,0.0914446891888925,-0.125693944129366,0.15593396120284,0.227709944969838,0.073869024781328,0.0528742084655821,-0.216997144347971,-0.171351315856493,-0.21264603067026,-0.164701275713044,0.257545039553924,0.130658755260194,0.0700120479923211,0.00429119237319627,-0.0991980561385487,-0.176780473914548,-0.0285906510097678,-0.0494293137290096,-0.124265435062891,-0.255089817451339,-0.158949223139977,-0.126970284761565,-0.0629603860799273,0.135859142454798,-0.0430320870140013,-0.0173489018732028
"10",0.238168312815352,0.240940183284265,0.102086972838168,0.147337646329872,-0.0558532055595283,0.0343409178239677,0.0129482633867594,-0.0861936819936491,0.444984805494117,1,0.0799506283156003,0.0396216218112378,0.139501233028713,0.248406051174723,0.116004131597185,0.138667005639861,-0.135626647740089,0.346766649450955,0.0300433119427463,-0.0575932098810217,0.0414824082661327,0.134243441908855,-0.17555057467905,-0.00889188367263786,0.052260014548868,0.131620291905628,0.0827847784868827,-0.160844607142309,0.124118831342991,0.0108048844973664,-0.17942557291869,-0.107619537413938,0.0262571574066812,-0.0810706793445388,0.0305598113715244,0.0102024210653107,-0.0386330549087562,0.073253626649936,-0.260087527143177,-0.166846770923817,-0.236539644854858,-0.153157674082922,0.220705949654339,0.364234879047392,-0.0949736836076365,-0.0195683070912712,-0.142621112681634,-0.200956181431337,0.0968938114483958,0.162611493063234,-0.0975147256208241,-0.295213355409016,-0.0919406013891328,-0.191911334058888,0.087316544246065,0.0220140922926114,-0.0676895796561664,0.0477448795197811
"11",0.115586196743671,0.266315958835085,0.104163307680294,-0.0092715075512127,-0.01638737093333,-0.128754734310309,-0.00351376479426043,-0.0289647224807422,0.0874829211015798,0.0799506283156003,1,0.19434949953202,-0.0764898582572505,0.0553777939742676,-0.150786107353763,0.173434778998144,0.00850227521078154,0.0570864106796036,0.11218279767146,0.060800843180379,-0.0621952905632303,0.175832576258047,0.048316976008103,-0.0151743897746431,-0.121819644797007,0.0107286076786102,0.0820363843121427,-0.137853700386603,0.0942816954895758,-0.047412256120374,0.195264236680887,-0.122180729862345,0.101243132736472,0.0657989500962948,0.0305722696014002,-0.0195508701500089,0.0903008390143882,0.0292720260433843,0.0123622787145854,0.0404247883515396,0.0617457651732889,-0.0541146016517772,0.0709176980010577,0.0209817616416458,0.0440341565801127,0.059858378421297,0.121560164378161,0.0457141990748562,0.0240189062970292,-0.0229345856877891,-0.120838336935911,-0.0752882322076713,-0.0155959070258502,0.0602134996692194,0.178900819561278,0.130748758500313,-0.0863292307079875,-0.269484695855954
"12",-0.0286089269140848,0.129696195698489,-0.220383447029869,0.0621130684877489,0.0300367775128887,-0.0761664365390823,0.0168222867964075,-0.0522413980857685,0.0245487944975459,0.0396216218112378,0.19434949953202,1,-0.148439865720294,-0.00092755623847446,-0.055273574712311,0.245196661192745,-0.0615794655664021,0.117165777807416,0.107577516243563,0.0441865665158885,0.208494805588415,0.0769361722554177,0.177323107799197,-0.0954996641948618,-0.116815475476889,-0.0198986044621367,0.0580848133123797,0.146477722257884,-0.161655940471244,-0.0735992592851016,0.0702589593512378,-0.117909279178897,0.169575702209792,0.0970384831648538,-0.0473769084864016,-0.0446297451269902,0.0314360964898226,-0.112485582184887,0.138828565069332,0.105050780961185,-0.0986883046306162,-0.161934501394419,-0.0339365030827415,0.0608725092128763,-0.0516122708342568,0.0303766375031265,-0.074858226258366,0.10776603793926,0.0186964762743901,-0.0682894761635071,-0.024834091947145,-0.0169258648022301,0.0420927175302504,-0.0494348945411592,-0.00688917829690147,0.0103761687496569,-0.076469317057947,-0.164979035478587
"13",0.240808422920121,-0.133817562091102,0.00439682121489526,-0.104656003944379,-0.0182245709855764,0.0515529049345815,0.031705301135029,0.144207532310742,0.0632842288526261,0.139501233028713,-0.0764898582572505,-0.148439865720294,1,0.370202268043354,0.271105101199289,0.10451232377123,0.380461553442577,0.0645122987788739,-0.069566262360285,0.183948225175134,-0.0110670529310082,0.0759110019308413,-0.120236245464236,0.146707232649215,0.0862504377786002,0.0377082113545054,-0.00891233573525226,0.0371614557572051,-0.0919435962456526,-0.166241652398725,-0.080762254488326,-0.125460906864421,0.218382923604819,0.229058939042116,0.14409800777325,-0.0529174977999641,-0.0270992490168283,0.00950576282790012,-0.00592496103022964,0.153800727854185,0.195457736047039,0.134970479706039,-0.164120043711726,0.0574573246611001,-0.0554034240462494,-0.123317526639769,0.0558499828745705,0.0171202979875364,0.563831649839181,0.224932982129066,0.0466986788735023,0.0877819857079778,-0.0391218358462449,-0.0167829502193206,0.0724690075431875,-0.00626476556570852,0.0701671840348881,0.049603521449541
"14",0.0821118945171439,-0.105055638962877,0.0981582332803189,-0.00514920199025591,0.0481065002767153,0.0655708671174109,0.053073635482097,-0.00417827583653533,0.024444755852739,0.248406051174723,0.0553777939742676,-0.00092755623847446,0.370202268043354,1,0.160360663004894,0.0550753085525668,0.121041421334133,0.406373671293304,0.0620442138010374,0.0719452766037364,0.10318670970391,-0.0779933443941423,-0.142432246721845,0.121875433289067,0.0265195900560767,0.0224051606859379,-0.019096373801233,-0.0276148114712252,-0.0935715843042069,-0.0946048975070576,-0.243062770281225,-0.181437724706105,0.216787764811182,0.108931807178292,0.098119968820339,0.0531722440104569,0.0152495549654249,0.0663824134527316,-0.108704274955121,0.0498227312021129,0.00744660417994271,0.00847767095267381,0.0813578318334367,0.14243462362326,-0.175826216884197,-0.146764159648734,0.0538157482790021,0.00554249161109037,0.240960076553969,0.634530671924855,-0.0277163095966174,-0.0134295362444605,-0.0655780366423359,-0.00155765489366905,0.135983740021081,-0.0036297896935568,0.0579795621999199,-0.0705684494742474
"15",-0.0070853956853614,-0.0988432195916092,-0.266892254932117,0.0548554949160543,0.111711443517445,-0.0717968051524297,-0.137541246535303,-0.0897384208312239,0.121352416000912,0.116004131597185,-0.150786107353763,-0.055273574712311,0.271105101199289,0.160360663004894,1,0.18785074045992,0.273867032405885,0.161347110744398,0.0728002667151007,0.0910144911211406,0.01214254544416,-0.0732174598416334,0.0778758721609266,0.119509208598622,0.113962334450929,0.0289641097535644,0.0321576519974583,0.0406753200710324,0.0177771182023628,-0.099763810260967,0.0686737440971741,0.0756571152005573,0.0686792559987509,0.0941924405568275,0.0683158287669333,-0.134436226389963,0.185777079575216,0.214722787937244,0.152284947459097,-0.0397079809699329,0.0739029024637232,0.116341433119334,0.00402378218223538,-0.0648607305672917,0.0362980520896742,-0.205841476994442,-0.0635553776595487,-0.130087609892971,0.198641723033747,0.164803051458546,0.411092560477733,0.222282645185455,-0.0742273347510352,0.0209571517055373,0.0411309432693955,-0.0327085936707836,0.014790426226238,0.182918529711252
"16",-0.0594641740439584,0.0301942948236225,-0.0342064850704162,-0.0720644354664726,0.0763355296851357,-0.234477615486969,-0.0120104011373344,0.036801767800058,0.251949279202426,0.138667005639861,0.173434778998144,0.245196661192745,0.10451232377123,0.0550753085525668,0.18785074045992,1,0.0656384178586756,0.014319916574497,-0.0760194811847499,0.0270979862185744,0.039797940886768,0.133665275769732,0.0635864959458456,0.434843327500514,-0.210672190412007,0.0725868501206765,0.0620006963221192,0.115918769381365,-0.310482072303765,-0.0854378901006029,-0.135962331880503,-0.163073923371673,0.19574022908296,-0.0766752323017283,-0.119408577516479,0.0368887381629949,-0.107402389382518,-0.0588865709065973,-0.0644320377474054,-0.071789448441721,-0.130871156896833,-0.0903934750274192,0.127491936475384,0.0502510164615271,-0.0030354026680857,-0.255157224798119,-0.208095490738434,-0.158907784214278,0.171722114457775,0.117018101974822,-0.0028877340660057,0.0298468437071011,-0.078949933764319,-0.170094873009921,-0.00804903957208989,0.0246723982025648,-0.124373360543653,-0.0310488092057427
"17",0.0183303637906017,-0.217368833830636,-0.229390558318615,-0.0671995157077202,0.123874385316063,0.095040197181476,-0.133943371897064,0.0381879945417015,-0.11840077935646,-0.135626647740089,0.00850227521078154,-0.0615794655664021,0.380461553442577,0.121041421334133,0.273867032405885,0.0656384178586756,1,0.039002415015485,-0.203446797007116,0.120997719934105,-0.00555433332418894,0.107038619660662,0.107599706420251,0.131304006776854,-0.0560327749865932,-0.0150322691553733,-0.0651476424728195,-0.0697220678265052,-0.166962790717811,-0.157647612024265,0.0577985543086453,-0.142642773419036,0.262096983898475,0.071870138149412,0.0773188280214706,-0.0387678023979077,0.017981452170159,0.0522360375926879,0.241880539521274,0.0456087217280071,0.259576040397899,0.203181422716666,-0.260946881444162,-0.0539587616871143,-0.0304430194885516,-0.0294504200745574,0.158954563931343,0.160410564082117,0.321853968982885,0.0558979472972655,-0.0105216143838578,0.232352611272368,-0.089078470160105,0.112348795150921,0.012141354705622,-0.0160935545803941,0.284747198938691,-0.112345814701216
"18",0.16174997274081,0.030455054604764,-0.0190521621002893,0.051965279614061,-0.0320930765770544,0.164113302376316,-0.0110762436589798,-0.118200553656159,0.116693954885839,0.346766649450955,0.0570864106796036,0.117165777807416,0.0645122987788739,0.406373671293304,0.161347110744398,0.014319916574497,0.039002415015485,1,-0.00994662260075143,0.119552522187206,0.115507563489237,0.124109631858324,-0.100778800739519,0.059527885075866,0.0476631109995667,0.100191531171553,-0.0714858611456807,-0.0467385813267657,0.111561352241106,-0.0490546712884579,-0.216259954570877,0.024736248295166,0.233436296714343,0.203286184565,0.128768100322236,-0.108923587745433,0.118991199884576,0.141113748583255,-0.0445007692211659,0.0648900153443753,-0.0365963291157169,0.0462711570438558,0.0710907488559885,0.0874683326786501,-0.269027923226405,-0.0575996743257786,-0.0936259806087733,0.0210493403069981,-0.0754913104761829,0.40848037797907,0.137630355402696,0.073592140771454,-0.264060444917734,-0.106426173516753,-0.0640871406068509,-0.0144955803339114,0.205817778621693,-0.00962311751576639
"19",-0.0392288770657709,0.00284487578217495,0.19927959056603,0.0248787982180745,-0.216147476204995,-0.0328821542336236,0.00372462081333646,-0.0384362886364033,0.146493925114927,0.0300433119427463,0.11218279767146,0.107577516243563,-0.069566262360285,0.0620442138010374,0.0728002667151006,-0.0760194811847499,-0.203446797007116,-0.00994662260075143,1,-0.0183097354012936,0.053306694835326,0.151157070944262,0.130836049672101,0.0221314646490597,0.111971868008025,-0.0886130035209549,-0.0254000537208249,-0.0600877773399449,0.0852105581452062,0.00179332933348826,0.410183446163477,0.249501197669253,-0.0716418541513975,0.0187831505862448,0.0843021085964384,0.0430961826697837,0.242540065817904,0.183023493492427,0.0348006842952264,-0.059810961653646,-0.0641310982580709,-0.0897986813690427,0.184897366965795,-0.0270641629458051,0.0448921305597554,0.0779781636326257,-0.135821644199505,-0.169672754302999,0.0220849830556117,0.0639921901012851,0.0509021080018417,-0.0679355382220152,-3.03723879442909e-06,-0.0721174494746506,0.0736653882952542,0.258130807114501,-0.0554492323610516,-0.00099342593108238
"20",0.147407088165435,0.031967420350648,0.0052118822635889,-0.0270395656674968,0.152119339172267,0.0221955352000708,0.118013281836345,0.194285075817336,0.031843581009736,-0.0575932098810217,0.060800843180379,0.0441865665158885,0.183948225175134,0.0719452766037364,0.0910144911211406,0.0270979862185744,0.120997719934105,0.119552522187206,-0.0183097354012936,1,0.0547927505812059,0.0108120004637058,0.0144097469454371,0.026571310327433,0.011046981940173,0.0614372601372685,0.0417486658001383,-0.0167173162542411,0.0202861681712965,-0.233545799395186,0.131516928221132,0.181323700902991,0.0958927438853628,0.104333080610503,0.068191101361766,-0.158946534325167,0.0686748841305326,-0.0779186180730459,-0.00359397254998616,-0.0148970522588683,-0.0308544878537861,-0.179004329045182,0.0305072722470113,-0.0698264098865048,-0.0241329328754484,-0.056906875810069,-0.136635156054815,-0.148405432523217,-0.0313048222601812,-0.0621515916303046,0.0268300416985447,0.122263165978629,0.0303778668654362,0.0171362057291179,-0.148391368167098,-0.0107056416858858,0.142597671524363,0.0344933856159295
"21",-0.0405590928783018,0.0245745497456541,-0.00780772300940732,0.256552581603115,-0.0675970313974696,0.0837335993518426,-0.102055802031401,-0.185068051531944,-0.0242773025857396,0.0414824082661327,-0.0621952905632303,0.208494805588415,-0.0110670529310082,0.10318670970391,0.01214254544416,0.039797940886768,-0.00555433332418894,0.115507563489237,0.053306694835326,0.0547927505812059,1,0.058683854760207,0.0479191461177342,-0.00224795818170243,-0.0043880710496173,0.0320875629731545,0.0554726854507851,-0.00821764159019508,-0.0391845291512277,-0.125101046565542,0.00953933731474804,0.0855197717835656,0.150004055369983,-0.0273154611519071,-0.0524855306599634,-0.174039292385218,-0.123064984643772,-0.00952243001496011,-0.0735797620209303,-0.0817403197251568,-0.166227132074132,-0.0344812007702948,-0.0280888052269087,-0.105389359032117,-0.141214694026537,-0.0667981858296265,-0.368211527096773,-0.09959279534721,0.129708734154846,0.108287566615535,0.0695378818191638,0.0294294111084674,0.109041665980148,0.134037399221279,0.129801574834834,-0.0311111221386053,0.0635202557803589,-0.222230068958185
"22",0.124122601485956,-0.025045955916573,0.169069574068611,-0.140832158774846,-0.135430053763355,0.11783871495061,0.0151571639333434,-0.146398822894385,0.150046317399437,0.134243441908855,0.175832576258047,0.0769361722554177,0.0759110019308413,-0.0779933443941423,-0.0732174598416334,0.133665275769732,0.107038619660662,0.124109631858324,0.151157070944262,0.0108120004637058,0.058683854760207,1,-0.0918458667998749,0.12851536075856,0.267649937189197,-0.051982434546268,-0.0840290237831556,-0.253013464694316,0.0403492475371109,-0.178525815908453,0.0988834254465786,-0.14205646855585,0.090086775328369,0.0658001902059509,-0.0296781406938972,0.0752250791510835,0.0571684968008848,0.062612164241155,-0.0414574286302955,0.112843378329856,-0.00417515749238382,0.00819675225322233,-0.0308836686914317,0.00566295966336771,-0.09737229224487,-0.0847675210226432,-0.0605066717504094,-0.178766045381901,0.0336292894486229,0.0522744423507358,-0.0214588994900086,-0.0316508414146308,-0.0397793268602617,-0.0809083386701117,-0.0319054498486782,0.0249342172055015,-0.0358257416999481,-0.153202642808812
"23",0.0371959100181391,-0.191586674937379,-0.114388816596814,0.0646563892405857,-0.206962914237162,-0.115924104354642,-0.0207798527436313,0.0769941392537698,0.00376283224724019,-0.17555057467905,0.048316976008103,0.177323107799197,-0.120236245464236,-0.142432246721845,0.0778758721609266,0.0635864959458456,0.107599706420251,-0.100778800739519,0.130836049672101,0.0144097469454371,0.0479191461177342,-0.0918458667998749,1,0.15696751958005,-0.129304593061222,0.0630300336717658,-0.0908335422229253,0.0425435637857536,-0.116300316502738,-0.0440444580024768,0.0874222471732262,0.0987730574564519,-0.0330548297974764,-0.0146977747946224,-0.0521723565365981,-0.157301147362339,0.0980280603194794,-0.283729666283192,0.0887695762300417,-0.00892390764171014,0.0474148133847951,-0.0157248984336728,-0.0583101177760633,-0.165304101759329,0.0198141728017951,0.0299109945929659,0.029762743477741,0.106583027793502,0.0304307803048079,-0.0763592019397181,0.25094857335611,0.0808097375264473,0.239871533702045,0.149630207760666,0.0562790646530161,0.0857973356901848,0.0733703028004808,-0.019511274448815
"24",-0.110436873448336,-0.248005490424215,0.103317063785397,-0.0427850471202344,-0.023054966005922,0.112929622858169,-0.00678431399077463,0.120147661638954,-0.00923061226165954,-0.00889188367263786,-0.0151743897746431,-0.0954996641948618,0.146707232649215,0.121875433289067,0.119509208598622,0.434843327500514,0.131304006776854,0.059527885075866,0.0221314646490597,0.026571310327433,-0.00224795818170243,0.12851536075856,0.15696751958005,1,-0.155222167799137,0.0958639003595128,-0.102475596351661,0.129614018209194,-0.281800746701945,-0.092832077384616,-0.195532750036749,0.0199988968086535,-0.0116302186110135,0.083399184697832,0.061240437041776,0.189510876289454,0.0951155420937804,-0.0203011377391759,-0.110232619115598,-0.0287328853582342,-0.0887610644425118,-0.0437101794426887,-0.00473782208551002,-0.0673389561268353,-0.116718683153519,-0.319137408001366,-0.133701779571639,-0.0829534255658137,0.0356245659306374,0.157001888886965,0.0740226877429781,0.154900132592879,-0.0220648174873868,-0.0376921807547232,0.0474274637342277,0.166449817515137,0.0040620837590824,0.0470329876194501
"25",-0.0652189932653158,0.0460992172227144,0.12621183902657,0.0749670388755147,0.0233957966944421,0.0137673999932562,-0.0623333644402215,-0.207393847368761,-0.0437170308074485,0.052260014548868,-0.121819644797007,-0.116815475476889,0.0862504377786002,0.0265195900560767,0.113962334450929,-0.210672190412007,-0.0560327749865932,0.0476631109995667,0.111971868008025,0.011046981940173,-0.0043880710496173,0.267649937189197,-0.129304593061222,-0.155222167799137,1,0.0458042490641259,0.017851176008365,-0.116288672674754,-0.00091221752009085,-0.0427539655459567,0.0380187841116903,0.0389615199192288,0.047137817550772,-0.103672027913891,-0.00933840640741312,-0.126454793728051,0.15149254741231,0.109259449603983,-0.0315443449631594,0.0744195655609454,-0.0846055872613177,0.0805770027789545,-0.110121800608841,0.0831067376540381,-0.133032646748082,-0.118916607339114,-0.0368979988714688,-0.0688356904583177,-0.0302813804843679,0.0892461882511596,0.150301455448117,0.0448394295661243,-0.0181681410329488,-0.0241159692810753,-0.13221259014384,-0.140313636753321,-0.045526938979268,0.1060504047106
"26",0.0604124848652945,0.155251563202494,0.0825140662724773,0.36491663837929,-0.0315834340263271,-0.0250679011429601,-0.115118071784894,-0.0642329830105252,0.148290734687545,0.131620291905628,0.0107286076786102,-0.0198986044621367,0.0377082113545054,0.0224051606859379,0.0289641097535644,0.0725868501206765,-0.0150322691553733,0.100191531171553,-0.0886130035209549,0.0614372601372685,0.0320875629731545,-0.051982434546268,0.0630300336717658,0.0958639003595128,0.0458042490641259,1,0.109502487285455,-0.00156320640802879,0.0165462885145929,-0.128020238207879,-0.18215129194771,-0.0842827734896034,-0.0213711909880647,-0.193545451527482,0.257488576283756,0.0991248780159992,-0.0235789836837312,0.0489966606669679,-0.196302112115296,-0.0123867311233864,-0.164311539457236,-0.0935834084686478,0.0470171446158442,0.035312416375012,-0.022824209352477,-0.0885816811846801,-0.179233677616169,-0.0994347062469664,0.0521568012388162,0.149484614533279,0.0321157322432105,0.0479960377152034,-0.0891693698348996,0.0233259016830692,-0.251528799878307,-0.00606009665662394,-0.127181491842448,-0.0292966163158354
"27",-0.0503745878888591,0.11446129977769,-0.0201257322145951,0.00647427290445102,0.0038603687084883,-0.213003307600611,0.0828936556898302,0.158945477776413,-0.0145540020204861,0.0827847784868827,0.0820363843121427,0.0580848133123797,-0.00891233573525226,-0.019096373801233,0.0321576519974583,0.0620006963221192,-0.0651476424728195,-0.0714858611456807,-0.0254000537208249,0.0417486658001383,0.0554726854507851,-0.0840290237831556,-0.0908335422229253,-0.102475596351661,0.017851176008365,0.109502487285455,1,0.105917318009875,0.137882629849658,-0.13299067231542,-0.00278519930872699,-0.00612254564363807,0.0386249748189989,-0.176954175148831,-0.0170161818514184,0.00886725052502209,-0.0488941999097457,0.0990404162829854,-0.0484059141146154,-0.114454782730008,0.0214039293920631,-0.0438605845199366,0.0972327054073371,0.108093281369877,0.126387446394645,0.116042791925598,-0.0148210707775678,-0.00375847693189569,0.0542762092794995,-0.0550572056999454,-0.0439453824968309,0.022447147190823,-0.104742486731481,-0.157557947019978,0.0277802259450648,-0.114112683900333,-0.0607830614857795,-0.11310496052867
"28",-0.11798334036239,0.0123002310714907,-0.189359959501937,0.11271636240394,0.0338831507092542,-0.221974418268481,0.0245357488273324,0.0862758481359691,-0.0985872956328244,-0.160844607142309,-0.137853700386603,0.146477722257884,0.0371614557572051,-0.0276148114712252,0.0406753200710324,0.115918769381365,-0.0697220678265052,-0.0467385813267657,-0.0600877773399449,-0.0167173162542411,-0.00821764159019508,-0.253013464694316,0.0425435637857536,0.129614018209194,-0.116288672674754,-0.00156320640802879,0.105917318009875,1,-0.0680983545709566,0.019573097806693,-0.124076192725702,0.055692592285772,0.0306705828935708,0.0393457548790009,0.00486459924526767,0.05240875743602,-0.137400934456578,-0.301218026466052,0.167268813572676,-0.0287081938636383,-0.0077029804773314,0.0155667889670388,-0.0169502315506263,-0.0187161105356029,-0.0188478441845586,-0.07386897854604,-0.0687307390925556,0.0162959827831728,-0.0302253886114459,0.0131215751434639,0.105672517148656,0.0477873435170651,-0.010821992244632,-0.00393047656541145,0.00815863932580351,-0.0248891970295525,0.0588577737866462,0.0952643983653049
"29",0.126767213115588,0.0724230606501501,0.00472216621377022,0.15810997403072,-0.0485381726582815,0.0156541947846741,-0.0516028045197092,-0.137840193930691,-0.100704579057136,0.124118831342991,0.0942816954895758,-0.161655940471244,-0.0919435962456527,-0.0935715843042069,0.0177771182023628,-0.310482072303765,-0.166962790717811,0.111561352241106,0.0852105581452062,0.0202861681712965,-0.0391845291512277,0.0403492475371109,-0.116300316502738,-0.281800746701945,-0.00091221752009085,0.0165462885145929,0.137882629849658,-0.0680983545709566,1,0.0768018345815541,0.0747214398349718,0.0503215235424924,-0.241903363831951,0.0372079565405957,0.0305656175191576,-0.0658667927140144,0.142870085931268,0.143979904639399,0.0506609072265943,0.0184029186749792,0.108086178700737,0.125154406578342,0.11820554952907,0.132956577464394,0.0891483539533231,0.136168653116131,0.115386435292472,0.0381411774778632,0.0220873225503354,0.0681516323063878,0.19137750104445,0.122796964714041,-0.10613052426045,-0.038694355222456,-0.0153670760473029,-0.00695123852158948,-0.0132770049600494,-0.0663261797625813
"30",-0.153876429982524,0.0920565701160685,-0.0249054637277802,0.139483447620585,-0.0652161406960873,-0.0594501166708352,-0.153353733088054,-0.103452206177893,-0.0103146072474794,0.0108048844973664,-0.047412256120374,-0.0735992592851016,-0.166241652398725,-0.0946048975070576,-0.099763810260967,-0.0854378901006029,-0.157647612024265,-0.0490546712884579,0.00179332933348826,-0.233545799395186,-0.125101046565542,-0.178525815908453,-0.0440444580024767,-0.092832077384616,-0.0427539655459567,-0.128020238207879,-0.13299067231542,0.019573097806693,0.0768018345815541,1,0.0940013395410762,0.0637304331742864,-0.0800335220272641,-0.114711887476718,-0.0850311160019903,-0.0835891328883703,0.0398820509435319,-0.0677192398505501,0.0650553389210706,-0.019672961490412,-0.127081734991436,-0.0158763095477438,0.0299284015107681,0.0706218761519378,0.00299591953021871,0.0352814526791539,-0.0979334904434338,-0.0167098562383779,-0.0719019231639603,0.0196418985702249,-0.153288487083153,-0.138659193226996,0.148083747024145,-0.202920665346477,0.0422621404231123,0.133865032042584,-0.034204348690911,0.0352689835869428
"31",-0.0177185337670758,0.129352453780092,0.032810498210268,0.079038185199214,-0.114960563215354,0.0108092535130358,0.112896623553764,0.0303231379605795,-0.0662457914323288,-0.17942557291869,0.195264236680887,0.0702589593512378,-0.080762254488326,-0.243062770281225,0.0686737440971741,-0.135962331880503,0.0577985543086453,-0.216259954570877,0.410183446163477,0.131516928221132,0.00953933731474804,0.0988834254465786,0.0874222471732262,-0.195532750036749,0.0380187841116903,-0.18215129194771,-0.00278519930872699,-0.124076192725702,0.0747214398349718,0.0940013395410762,1,0.286403824782991,0.0420376390820973,0.113525699930675,0.107976616145027,-0.244336913765364,0.11585083770749,0.059722781565292,0.0622390010323941,-0.04132065454511,0.0413891721064416,-0.0713841778196813,-0.0184197310968103,-0.201762066082004,0.0616514564178211,0.0793686014561046,0.0930819141766079,0.0416200846063454,0.102736685219023,-0.269064337605757,0.0379384319108713,0.0981078315364283,-0.00314663384844022,-0.00953185399185222,0.00157771605615396,0.130100380522336,0.0820763447250033,-0.06162727722675
"32",-0.105445092051707,-0.0260030438928495,-0.0684792717919701,-0.0151357544010519,0.0918778651807608,0.0505427323910711,0.111579394493847,-0.0566775805618679,-0.08101882309196,-0.107619537413938,-0.122180729862345,-0.117909279178897,-0.125460906864421,-0.181437724706105,0.0756571152005573,-0.163073923371673,-0.142642773419036,0.024736248295166,0.249501197669253,0.181323700902991,0.0855197717835656,-0.14205646855585,0.0987730574564519,0.0199988968086535,0.0389615199192288,-0.0842827734896034,-0.00612254564363807,0.055692592285772,0.0503215235424924,0.0637304331742864,0.286403824782991,1,-0.0921815215549844,0.0322809113654455,0.119677601524142,-0.0247135859459763,0.0519479655557281,0.0236511054755731,-0.030426500194635,-0.1182431369046,-0.154992999615908,-0.137635767897113,0.00355359213349529,-0.170783880018469,0.149703546418109,0.239934342489426,-0.235337713895376,-0.169050252703127,-0.175435975960879,-0.128298226190231,0.136394510362824,0.106524320862481,0.0582572548900247,0.042718842821716,-0.133788084274093,-0.0302725305546356,0.103821184762031,0.288987104278307
"33",0.243968712395413,0.1290516490543,-0.117726520952012,0.0954874096809696,-0.109230333557204,0.0412744791124024,-0.0707670980132001,0.0566022783213776,0.0914446891888925,0.0262571574066812,0.101243132736472,0.169575702209792,0.218382923604819,0.216787764811182,0.0686792559987509,0.19574022908296,0.262096983898475,0.233436296714343,-0.0716418541513975,0.0958927438853628,0.150004055369983,0.090086775328369,-0.0330548297974764,-0.0116302186110135,0.047137817550772,-0.0213711909880647,0.0386249748189989,0.0306705828935708,-0.241903363831951,-0.0800335220272641,0.0420376390820973,-0.0921815215549844,1,0.0802428155649143,-0.0309408544701957,-0.0901415293011291,-0.0756681293357896,-0.013798778581135,0.261764470250192,0.302264242703694,0.0161685957135818,0.141414568086859,-0.155311444749378,-0.00271071775434716,-0.386039434925286,-0.148448153074135,0.00905189196589619,0.107293060840691,0.177699493181152,0.203048350414071,0.0239065721156148,0.0887234073167689,-0.151176143547999,-0.0714910103536357,-0.134095635963415,-0.0837882560334632,0.287216609421055,-0.0342180161391777
"34",0.19856940161665,-0.0725146818129192,-0.0182154053610885,-0.161438578892247,-0.131459324010757,0.15394708687862,0.0474143733031096,0.015115994384909,-0.125693944129366,-0.0810706793445388,0.0657989500962948,0.0970384831648538,0.229058939042116,0.108931807178292,0.0941924405568275,-0.0766752323017283,0.071870138149412,0.203286184565,0.0187831505862448,0.104333080610503,-0.0273154611519071,0.0658001902059509,-0.0146977747946224,0.083399184697832,-0.103672027913891,-0.193545451527482,-0.176954175148831,0.0393457548790009,0.0372079565405957,-0.114711887476718,0.113525699930675,0.0322809113654455,0.0802428155649143,1,0.0624870417158274,-0.126004273089715,0.0042827990615946,0.166172004175765,0.0980107414027928,0.242832214434053,-0.0308647780390525,3.98977857194618e-05,-0.224531510997628,-0.213005024385856,-0.130816818327207,-0.0646404705823386,0.0815541771389162,0.054533070550965,0.0718594682102187,0.0200161517104543,0.0191478164522611,0.0836545418213177,0.0205024960489908,0.115289186915411,0.0214457696485355,0.100064825643265,0.088649956969615,0.13911355852773
"35",0.0274901041308308,-0.0684723140099967,0.0120946938735982,-0.0192966841234111,-0.0169318790871751,0.0781103713978394,0.131202816655461,-0.00524147227074937,0.15593396120284,0.0305598113715244,0.0305722696014002,-0.0473769084864016,0.14409800777325,0.098119968820339,0.0683158287669332,-0.119408577516479,0.0773188280214706,0.128768100322236,0.0843021085964384,0.068191101361766,-0.0524855306599634,-0.0296781406938972,-0.0521723565365981,0.061240437041776,-0.00933840640741312,0.257488576283756,-0.0170161818514184,0.00486459924526767,0.0305656175191576,-0.0850311160019903,0.107976616145027,0.119677601524142,-0.0309408544701957,0.0624870417158274,1,0.267204755647468,0.22136469900669,0.278894333963467,-0.116028207583408,0.0111198937939084,-0.0644287173202234,-0.0601832639835612,0.113881945774541,0.050555447635565,0.213074963089765,0.106573522179319,0.0959770858795527,0.05637068209997,0.156456552990552,0.00251750822063424,0.0748873809147567,-0.0596396730302428,-0.205137118956631,0.0207548463023797,-0.118080236527918,0.267884744694482,0.0152456281559002,-0.133570699233847
