"","l_Insular.Cortex","r_Insular.Cortex","l_Amygdal.Area","r_Amygdal.Area","l_Bed.Nucleus.of.the.Stria.Terminalis","r_Bed.Nucleus.of.the.Stria.Terminalis","l_Hippocampus","r_Hippocampus","l_Orbitofrontal.cortex","r_Orbitofrontal.cortex","l_Entorhinal.Cortex","r_Entorhinal.Cortex","l_Frontal.Association.Cortex","r_Frontal.Association.Cortex","l_Globus.Pallidus","r_Globus.Pallidus","l_Glomerular.Layer.of.the.Accessory.Olfactory.Bulb","r_Glomerular.Layer.of.the.Accessory.Olfactory.Bulb","l_Glomerular.Layer.of.the.Olfactory.Bulb","r_Glomerular.Layer.of.the.Olfactory.Bulb","l_Granule.Cell.Level.of.the.Cerebellum","r_Granule.Cell.Level.of.the.Cerebellum","l_Hypothalamic.Region","r_Hypothalamic.Region","l_Entorhinal.Cortex","r_Entorhinal.Cortex","l_Vermix.Molecular.Layer.of.the.Cerebellum","r_Vermix.Molecular.Layer.of.the.Cerebellum","l_Lateral.Molecular.Layer.of.the.Cerebellum","r_Lateral.Molecular.Layer.of.the.Cerebellum","l_Anterior.Olfactory.Bulb","r_Anterior.Olfactory.Bulb","l_Posterior.Olfactory.Bulb","r_Posterior.Olfactory.Bulb","l_Subiculum","r_Subiculum","l_Perirhinal.Area","r_Perirhinal.Area","l_PreLimbic.System","r_PreLimbic.System","l_Primary.Cingular.Cortex","r_Primary.Cingular.Cortex","l_Primary.Motor.Cortex","r_Primary.Motor.Cortex","l_Retrosplenial.Cortex","r_Retrosplenial.Cortex","l_Secondary.Cingular.Cortex","r_Secondary.Cingular.Cortex","l_Secondary.Motor.Cortex","r_Secondary.Motor.Cortex","l_Striatum","r_Striatum","l_Ventral.Tegmental.Area","r_Ventral.Tegmental.Area","l_Substantia.Nigra","r_Substantia.Nigra","l_Thalamus","r_Thalamus"
"1",1,0.164577017270741,-0.0812868895954919,-0.121111925215229,0.0945223586009139,-0.183168865494621,0.0440265844097589,-0.0285840312371303,0.218600930832213,0.308433095756161,0.159962155688641,-0.119400993901528,0.0734472626778373,-0.166940074963073,0.159453144767345,0.214545110257596,-0.0131981970027146,-0.169286435178333,0.061430624361403,-0.167646861508869,0.0729463914125258,0.189058826611218,-0.128688753148434,-0.108259189965357,0.0316653728225656,-0.114991189204555,0.0589123313299111,-0.0623731976447821,0.0589326446368594,-0.165375855196248,0.171273707855621,0.0558883764606792,0.0640110050330156,-0.0465074028868001,-0.0472320906859008,0.0143440108088501,-0.0645879881104093,0.15805952809487,-0.175847516684092,-0.141078380276238,-0.0369556815256326,-0.00486900620529927,0.214047938059807,-0.1319528707849,0.0414304097846415,0.052776259806629,-0.173085316080581,-0.0283974573878237,0.0567312434595089,-0.209854992532343,0.119108324186105,0.00854077713250744,-0.090437138495569,-0.0114694350679002,0.0355784266681033,-0.0671752310865698,-0.0661244303066258,-0.0646930860412289
"2",0.164577017270741,1,0.0990375181639635,0.148936201892369,0.0846566900956005,0.126776055301229,0.0464524317132549,-0.0594845636343352,0.206324836824587,0.457005019341927,0.0287062134742191,0.0285753390650452,0.112839872489388,-0.0629692268483597,0.332106965548524,0.266521237058294,-0.0717089435724907,-0.236518898595547,0.0275535805668976,0.0186305583921415,0.0326892700060879,0.0974609326034944,-0.133226180349741,-0.131156238201872,-0.100765450572336,-0.0741575617843922,0.00512473378210424,0.0749019357620091,0.314867547302311,0.173762399682642,0.223890212338694,0.120384887497666,0.173840669084118,-0.0466653668591537,-0.160911646523995,-0.0833820746837493,-0.128382811604812,-0.23200958819909,-0.270743190950526,-0.171582875203946,-0.244077869493653,-0.104793493899735,-0.0163553031423721,0.180882759632818,0.0430950474616538,-0.0575520702257344,-0.164789471652482,-0.238548414566102,0.086530197399736,-0.0496896512266107,0.249281295182478,0.366627103413293,0.134437809649987,0.0671398192534064,0.113560975518799,-0.19144430352011,-0.0423475789309945,-0.0013404573463743
"3",-0.0812868895954919,0.0990375181639635,1,0.006543258486918,0.113615384569869,0.0243083009874967,0.162589772876899,0.0179167876051648,-0.0264962369496531,0.0305898350540799,0.09782407754406,0.0649717545921727,0.0105103980777359,-0.0250104169119884,-0.193436529584752,0.0128498180388602,0.0137921724720259,0.120823545895601,0.137927620531674,0.118131074472449,-0.00205353330858073,-0.00152571208934407,0.175840661861543,-0.0207138844875238,0.124667712627375,0.0117775276754261,0.173314465254149,-0.191609708008761,-0.00676535695297777,0.147302256811852,0.219363199362789,0.0652089472546789,-0.112823041895496,0.0388676706334465,0.111186811775387,0.0677204520229044,-0.0712093681849345,0.116224720799225,0.157681310042515,0.120663089627306,0.00322500860718933,-0.112226272728653,-0.050658873096894,-0.00762453724302325,0.0639124155622727,-0.155950336020752,-0.0626734103118142,-0.235689294853909,-0.00220440033556135,0.0404231624487155,0.0398398356546005,0.0953123817234374,0.019166254180912,-0.151040965357551,-0.068256031200145,0.0893369856797772,0.20883210216216,0.198903650000703
"4",-0.121111925215229,0.148936201892369,0.006543258486918,1,-0.0395210719510199,0.114587272827409,0.0120704318011547,-0.00228174011508864,-0.11625169912592,-0.0734548747465357,0.136812827211733,0.238424753582156,0.226066788811552,-0.00547746890161844,0.113463558400128,0.0634799159397226,0.0712120340541723,-0.00902596853029499,0.01121744732079,-0.0184885910930907,0.0585510163922304,-0.12789770486927,-0.245003626340512,-0.179662236198636,0.00364628938743062,0.337950229722785,-0.160596503025388,0.0316782884006849,-0.154728529813471,0.0804366074144718,0.151213023966827,0.0257677789258457,0.13967174512407,0.141671018026851,0.0675496827003656,0.0915168934059787,0.0583181523285749,-0.0633965422747106,0.131946385270234,0.0106043976668851,0.121847483056366,0.0202796050968135,-0.165761337318464,0.164920534618797,-0.0373109502130899,-0.12716207340641,0.036228331872254,0.0236252489603615,0.0249631856446212,-0.0876443240552426,-0.116290200290237,-0.0702478177844044,0.0299490387402717,-0.092742761271054,0.0985002784854825,-0.0425200015113757,0.174825256005534,0.0128232112651025
"5",0.0945223586009139,0.0846566900956005,0.113615384569869,-0.0395210719510199,1,-0.00841909031145423,0.0636856931350611,0.084110067560589,0.126563860751113,0.00388705169080985,0.102072771827531,-0.00084078828790285,-0.0105051919939137,0.16899810720328,-0.0321142062860895,0.153906481097216,0.0275647981796111,0.0875423934889177,-0.00458462894964145,-0.232561547972076,0.174533761450881,0.055147309337526,0.106920128654803,0.117661673284895,0.106957035886035,0.0419658707609509,0.313333927076607,-0.0946209232330538,0.0983602315183788,-0.134056680081619,0.0993908678785193,-0.040451672069529,-0.0506645419338135,0.0161850733634568,-0.0811041276215951,0.195518891982101,0.0281428932808844,0.0902810279901086,0.11853766417161,0.0989980988373521,0.0107824864806954,0.00868985818177946,-0.0470417840763256,0.0489499318224329,-0.0593121851606945,0.103764292560603,-0.0110610821830914,-0.149125529449352,0.0708933326649288,0.0812046219526938,-0.0789132008207272,-0.00399460307306158,-0.0435996009117906,-0.0609779561723022,-0.12686741579865,-0.173717112143183,0.09123264702698,0.149847742798807
"6",-0.183168865494621,0.126776055301229,0.0243083009874967,0.114587272827409,-0.00841909031145422,1,-0.00211577636903138,0.280551758077926,-0.250696065968196,-0.0250976353967896,-0.205217689232997,0.209057121371519,0.0139974353966443,0.0689954515883077,0.0184777739804812,-0.06757459894557,0.0250294021799129,-0.0146370162957336,-0.0570737810892522,0.0526368084781233,-0.0119753315996422,0.0121884918850508,0.0829749900455051,-0.0363619547500802,-0.0729951584299523,-0.0886544451682432,0.102349749954173,0.0704980616946588,0.0882561646953915,-0.0125150437789998,-0.114084179342118,0.0320773148421803,0.0399840592737102,-0.0608833031934968,-0.0108705845492238,-0.105116425671845,0.0998156379808792,0.0061673680612157,0.0841467100675271,0.00188499539744905,0.0909325865327409,0.0679127459289665,-0.118461738889872,0.147181600494449,0.196838494489697,0.0200663916920479,0.0170739145032821,-0.0818731206415592,0.0217011360765437,-0.0308244965182027,0.0163864453757561,-0.0042355274735796,-0.085180216299762,-0.0429328212334574,0.0139512868595064,-0.190739381552488,0.136942984793716,0.175905657318625
"7",0.0440265844097589,0.0464524317132549,0.162589772876899,0.0120704318011547,0.0636856931350611,-0.00211577636903138,1,0.0588360317229217,0.0780621462264656,0.0359382818052186,-0.0510044647306676,-0.225189622526653,-0.020796001757796,-0.078709013364284,-0.0533137227041708,-0.0347691495639731,-0.053286256175199,0.111417064053084,0.163059603818404,0.196588612575504,0.0467652288540018,-0.016861678557196,-0.101003723650064,-0.10574750327116,0.0713634152626273,-0.0850596834712772,0.110423385458167,-0.117880992712736,0.0417538259691174,0.0282812295688895,0.167380785108635,0.00893420429895042,-0.146445439412495,0.104670737355579,0.205868724503395,-0.00186873819902607,0.132846597141391,0.110190674698319,-0.148022081859906,-0.0898235716626502,-0.076319706118056,0.0772387395431664,-0.0236456544912466,-0.0226987255703597,0.240762990608711,0.0731713313353924,-0.117952333645252,-0.218794948322569,-0.0172478239844184,0.0307413009900485,-0.0452329935014361,0.12833775683568,0.129482592212289,0.0764038772267275,-0.0128540591268589,-0.190715904556356,-0.0354513587374024,0.0709802237127215
"8",-0.0285840312371303,-0.0594845636343352,0.0179167876051648,-0.00228174011508864,0.084110067560589,0.280551758077926,0.0588360317229217,1,0.00550055901673979,-0.061306067255543,-0.11210884092029,-0.0920056493623564,-0.00852121886965095,0.108575962894646,-0.0572167301327518,-0.212042918430754,0.15553808522976,-0.0398958148969959,-0.0819943507391247,0.0807348536966005,-0.0132156128728583,-0.0054510719784323,0.126076959153012,0.0957346351161357,-0.0802071190481821,0.00895815420728248,0.166009504156904,-0.0871799896990897,-0.0969236199332878,-0.108223118413825,0.0521981849792625,-0.101976547206959,-0.118504624901528,-0.0232625907676519,0.117208242359338,0.205625361522266,0.183891385044842,0.0608532729883855,0.258539540963432,0.0246432290343325,0.112256658145716,0.00699474154663471,0.00893753466638693,0.0090643854244704,0.125538222779266,-0.00747775195887095,-0.12953106236057,-0.189525123740522,-0.0133250369868514,0.116621229112529,-0.057206426814357,-0.0512173472691967,-0.151576847779633,0.0550048133688629,-0.0988691302179836,-0.252954421783311,0.108791053392738,0.230559776182271
"9",0.218600930832213,0.206324836824586,-0.0264962369496531,-0.11625169912592,0.126563860751113,-0.250696065968196,0.0780621462264656,0.00550055901673979,1,0.24950174771361,0.152551586678578,-0.23465148819728,0.0150228864779214,-0.033037303209557,0.200772076487634,0.0725411419666199,0.14359992407747,-0.152341250662504,0.033161443683954,0.23543758049017,0.0253918857915293,0.175620378801188,0.104013689357478,0.12446962760043,0.0557300050242777,-0.241195397472928,0.080103845873114,0.0363352496186365,0.0623345527786458,0.0821075577617086,0.203626263354665,0.222189561927271,-0.00016359889067184,0.0352490450453835,-0.165008170811653,-0.0249849980006525,-0.203390835768058,-0.0749542068851319,-0.1792769069389,-0.147993938901267,-0.212124181142652,0.00672722138979259,0.124198205724217,0.00952245832088739,-0.14426823114084,-0.104509337473687,-0.322023813145254,-0.0843245380107906,0.178857817831772,0.220986531629004,0.235517332343399,0.256628119046106,0.186790820357209,0.145322589243825,0.233301889712355,-0.195513970419017,-0.147832586000014,-0.170607814973727
"10",0.308433095756161,0.457005019341927,0.0305898350540799,-0.0734548747465357,0.00388705169080985,-0.0250976353967896,0.0359382818052186,-0.061306067255543,0.24950174771361,1,-0.0401031321988431,-0.1322922141532,0.211529516933144,-0.00771323172919648,0.175271337656608,0.109218563433282,0.0558039636212603,-0.0277444371283882,-0.00731472235296027,0.0765686233622951,0.0720396729390377,0.172714302311948,-0.0225113226808348,-0.0590233144000399,0.0140497051687458,-0.119011982024721,0.0850157693159285,0.0322079603179588,0.248286955276033,0.0743485372487189,0.206241562806036,0.190115364719927,0.0920805817065718,-0.0772313405758429,-0.127612871312727,-0.0208067567030113,-0.0582616488369056,-0.218309637075524,-0.408594489582394,-0.161949761970366,-0.26196053968695,-0.062346587724636,0.245490629796174,0.106788533188137,0.077480493513946,-0.217961833121703,-0.139726775526739,-0.136063326697857,0.220410697294975,0.0576636070280694,0.202423245075978,0.144146124777322,-0.0638879277527823,0.0616123972586216,0.153850433133102,-0.218934257393113,-0.163548471008529,-0.100331180320663
"11",0.159962155688641,0.0287062134742191,0.0978240775440599,0.136812827211733,0.102072771827531,-0.205217689232997,-0.0510044647306676,-0.11210884092029,0.152551586678578,-0.0401031321988431,1,0.103913240334623,0.123355414726315,0.00395918673238386,-0.0669422920022851,0.065711256664514,0.0331099362926324,0.0183925425323566,0.0551123673246333,-0.0835760854873909,0.0582758732248083,-0.028314427386728,0.0405727498662778,0.0579834673270412,0.0442826538902108,0.199773294732053,-0.0234862359001087,-0.0201655592069373,-0.194881201561437,0.078864485314277,0.171239460824189,-0.006922165266433,0.00636547554834896,0.0698596727281968,-0.0384784178314058,0.122891999221496,-0.113884796108268,-0.105525147576794,0.144547589285333,-0.156785006852143,-0.125756953054769,-0.132508785991369,0.120824264987689,-0.0282004899159584,0.0575268994823184,-0.0511768698192749,-0.289468117625685,-0.07771694518616,0.0757343939883236,-0.00208059238686133,-0.0309301495831446,-0.0711530421406116,-0.0371835264574108,-0.246992760163516,0.0493622088192266,-0.0636011111230073,0.235423656019219,0.0108306631849474
"12",-0.119400993901528,0.0285753390650452,0.0649717545921727,0.238424753582156,-0.00084078828790285,0.209057121371519,-0.225189622526652,-0.0920056493623564,-0.23465148819728,-0.1322922141532,0.103913240334623,1,0.0248449147099784,-0.00612057164748711,-0.0455524597927761,0.298906445731144,-0.159091615222966,0.0837257513110278,-0.129627646203697,-0.149617315486436,-0.123020325505184,-0.00803016726796986,0.170202917558822,-0.0801992939021242,0.147661949424261,0.182839156915204,-0.192043549887552,-0.0761765864004113,-0.100392533394508,-0.142791450726827,-0.0273272102008608,-0.0304714698051234,0.204095125833313,0.0975548714985332,0.115918430661649,0.042593519868265,0.052073495644144,0.0849850364942513,0.156404723633977,0.165915952089397,0.102205269065512,0.149336742622937,-0.152663138185926,-0.0553916246628985,-0.0365997550304939,-0.0125982263772898,0.0401670908489269,0.117436737110268,0.0484780927456306,-0.0627726620968741,-0.114321846393304,-0.135314007100472,-0.0423799034146474,-0.10958557034098,-0.00420097571493267,0.103827561946826,0.201481309585821,0.125906322254017
"13",0.0734472626778373,0.112839872489388,0.0105103980777359,0.226066788811552,-0.0105051919939137,0.0139974353966443,-0.020796001757796,-0.00852121886965095,0.0150228864779214,0.211529516933144,0.123355414726315,0.0248449147099784,1,0.0297389866867747,0.169107282401522,0.108072530308683,0.381270807540754,0.00985279012283353,0.291204477894346,-0.0418360141430184,-0.0865391834017337,0.094779593941763,-0.123669584937754,-0.195071635807787,0.0947772679504487,0.0795342189584723,0.158054506494204,-0.0424618428235887,0.115358089006342,-0.012740420921573,0.318798791601194,-0.0457292237551895,0.0941319231910332,0.128807435528622,-0.203090202655263,-0.0281242044316774,-0.0189365783739064,-0.085221235314551,0.0813917630991954,-0.00202907040725273,0.0676522275767636,-0.123813422428205,0.0182324395786268,-0.121984717509319,-0.0124490716598556,-0.207450905922672,-0.0405392980712356,-0.158434051118669,0.645893202963544,0.0430980155119016,-0.155082312989269,-0.100405980488907,0.00464344182177279,-0.0264678449363748,0.208085087404544,-0.037699212558439,0.0935466311394658,0.0893078004834191
"14",-0.166940074963073,-0.0629692268483597,-0.0250104169119884,-0.00547746890161844,0.16899810720328,0.0689954515883077,-0.078709013364284,0.108575962894646,-0.033037303209557,-0.00771323172919648,0.00395918673238386,-0.00612057164748711,0.0297389866867747,1,0.00884493971590242,-0.0844314528510495,0.086560122091042,0.282557500610865,-0.0371907288685522,-0.021018274956845,0.0847617232445953,-0.168879588660306,0.0786033995656656,0.138824540785324,0.0878372562806344,0.0988135381089157,0.0685365118311671,-0.136188725120873,-0.0356558348012129,-0.0334318263157454,0.0272108641944582,0.0782815317133258,0.0162782870387591,0.115597685119504,0.0386337151202544,0.20423313297114,0.099407966215005,-0.121260945821066,0.117554236968533,-0.0176817277578013,-0.027761381487299,0.0195403926674389,0.01711222745807,0.072767057959301,-0.100016862611313,-0.148207959093562,-0.0876170418124924,-0.0609238197004214,0.0820055109997846,0.601209082160088,-0.107551730933495,0.0171939886904482,-0.0604175433079686,-0.0510110891512435,-0.0457544694647872,-0.153294424397918,-0.244654805902204,0.209825672459366
"15",0.159453144767345,0.332106965548524,-0.193436529584752,0.113463558400128,-0.0321142062860895,0.0184777739804812,-0.0533137227041708,-0.0572167301327518,0.200772076487634,0.175271337656608,-0.0669422920022851,-0.0455524597927761,0.169107282401522,0.00884493971590242,1,0.274449444692191,-0.0295981698962714,-0.331420806439233,-0.0514798806544602,-0.0477312284606622,0.00490430195348311,0.170867944603744,-0.0833292123101571,0.0769266698957342,-0.0155813360176257,-0.141453494772653,0.00743943518286483,-0.0318518390496656,0.205152034633109,-0.053789883247091,0.180146670305474,-0.00218325706860339,0.148946421729231,-0.0708336345090391,-0.175473070081031,-0.1290912494286,-0.26632761623371,-0.215425042564583,-0.168386402436646,-0.244713444949846,-0.359940767550585,-0.0414487544547317,-0.00401274715068899,0.0314275074334433,-0.162645232708684,-0.0622051028765366,-0.0818617622126987,0.0146414636370759,0.0828191526158246,0.121840281294701,0.0929427209168723,0.283228064875378,0.0732315862382356,0.268873634535042,0.0430352496476544,0.0163862896323084,-0.201608436976388,-0.205404374670843
"16",0.214545110257596,0.266521237058294,0.0128498180388602,0.0634799159397226,0.153906481097216,-0.06757459894557,-0.0347691495639731,-0.212042918430754,0.0725411419666199,0.109218563433282,0.065711256664514,0.298906445731144,0.108072530308683,-0.0844314528510495,0.274449444692191,1,-0.253344032834427,-0.0974665740861856,0.0255386329086717,-0.0806472067392363,-0.11300676063462,0.106769072635847,-0.00976937373808204,-0.161757300897399,0.0267862152492085,0.00374953110029733,-0.0962467465768048,0.117613993832095,0.0783676151884267,0.0332398154282332,-0.046498671581751,-0.157484506063308,0.0175280802673637,0.0298412285660562,0.113306134808538,-0.0105932179249328,-0.0264277884489298,-0.0136126778286338,0.0296963813818966,-0.0371367970509656,-0.0796359567181759,-0.0848794643311552,0.00237635115755333,-0.076624519269277,-0.0589731871981148,0.0518846169082767,-0.0276155713595702,0.0154524478040307,0.0193779923670925,-0.0442312172748371,0.101474802745564,0.154835115039861,0.0120240820241468,0.118167975800841,-0.0386555636540539,0.0821841940068732,-0.110772624411716,-0.105085046578753
"17",-0.0131981970027146,-0.0717089435724907,0.0137921724720259,0.0712120340541723,0.0275647981796111,0.0250294021799129,-0.053286256175199,0.15553808522976,0.14359992407747,0.0558039636212603,0.0331099362926324,-0.159091615222966,0.381270807540754,0.086560122091042,-0.0295981698962714,-0.253344032834427,1,0.161615125341139,0.0665109124108641,0.116654079814431,0.122783012575834,0.0636334614637362,0.0606043640640775,0.248984884334942,-0.00135236428787494,-0.00645221510633062,0.176793205885915,0.0419354066920186,-0.0247595461894268,-0.0882845466568479,0.0663501576298994,0.0225560871769382,-0.00516457348744456,0.0140263974330095,-0.0389217942277312,0.161881991288971,-0.0689119726728444,-0.111797014355713,0.166984339980446,-0.126653668209829,0.233801206642856,0.0528145063852728,-0.0456486889707085,-0.0805396342230482,-0.0213220782924564,-0.146799507322969,-0.0498954635407423,-0.0972369451050207,0.483985285224743,-0.00015871426312876,0.0367137209816226,-0.180934248614801,0.00685610939949238,0.051796827131076,0.00205943751421644,-0.0100878347497549,0.184060045214275,0.131512471225933
"18",-0.169286435178333,-0.236518898595547,0.120823545895601,-0.00902596853029499,0.0875423934889177,-0.0146370162957336,0.111417064053084,-0.0398958148969959,-0.152341250662504,-0.0277444371283882,0.0183925425323566,0.0837257513110278,0.00985279012283353,0.282557500610865,-0.331420806439233,-0.0974665740861856,0.161615125341139,1,0.055426478110422,-0.0122278913472564,0.0921134637623402,0.11294999275339,0.278285199179494,-0.0269573860179202,0.0805816985798734,-0.0309700828932514,0.0331597104742498,-0.0843087910329332,-0.0501607069619524,-0.043573741148231,-0.0569635676354037,0.118953363783791,-0.0395694688752346,0.17701406430278,0.149361207846205,0.188155649454096,0.19064730682468,-0.056757528140861,0.0807628778317531,0.162300058196651,0.0651418205625086,0.120307306978641,-0.00238957453568083,-0.0675727266375394,-0.0207732788471451,0.0320561586671649,0.0253305059589429,0.0634742068488199,-0.091633482081386,0.196726114018325,-0.16142499609015,-0.157697375790491,-0.0825535246829563,-0.0232064363631498,0.0484725758386022,-0.154698606480676,0.0327679258017615,0.193574914324118
"19",0.061430624361403,0.0275535805668976,0.137927620531674,0.01121744732079,-0.00458462894964145,-0.0570737810892522,0.163059603818404,-0.0819943507391247,0.033161443683954,-0.00731472235296027,0.0551123673246333,-0.129627646203697,0.291204477894346,-0.0371907288685522,-0.0514798806544602,0.0255386329086717,0.0665109124108641,0.055426478110422,1,-0.0283007563069467,-0.143758459641487,0.163980499338,-0.0177614382220712,-0.16694472078498,-0.0232760272466249,-0.00308080857520759,0.309426119731683,-0.157988756250262,0.224783465294378,0.129464065409068,0.336164830538095,0.0992982847060611,0.283188336113194,0.281920841357723,-0.00098406461393976,-0.00826964793998891,-0.0900425956070494,0.116729989614288,0.130569090383061,0.114046016211837,0.00755454657971845,-0.13087000607518,-0.0160755687743704,0.0562923968482298,0.070645062560191,-0.0714678095947741,-0.0768829604883513,-0.256991225743942,0.201421550658186,-0.0189847177275513,-0.0508133453891353,-0.0347211527975575,0.110890686198712,0.0526499780585575,0.0838556992419459,-0.154150231626702,-0.0803323363487809,0.108370275968253
"20",-0.167646861508869,0.0186305583921415,0.118131074472449,-0.0184885910930907,-0.232561547972076,0.0526368084781233,0.196588612575504,0.0807348536966006,0.23543758049017,0.0765686233622951,-0.0835760854873909,-0.149617315486436,-0.0418360141430184,-0.021018274956845,-0.0477312284606622,-0.0806472067392364,0.116654079814431,-0.0122278913472564,-0.0283007563069467,1,0.0508018165065812,-0.0393750574635562,-0.0562229336638407,0.0868827234726735,0.0717091541176118,0.0193206996961509,-0.0532093708036872,0.105365199755156,-0.0138126799708816,0.0962405235708703,0.0198335194523773,0.338805824150807,-0.230367425357882,0.0326073668729399,0.140140638029307,0.150952053990249,0.0952997544654008,0.0783042067215605,-0.101782258522795,-0.085890415203032,-0.0919599508787516,-0.190275495998069,0.0254522863457962,0.101050454209832,0.146721651120283,-0.031615456760464,-0.08550973994384,-0.12603699233078,-0.037338242348554,0.0534842314012781,0.10136016136367,-0.013467532207222,0.291367942779607,0.101131994145354,0.190105248711426,0.0248801147291471,-0.0627118757666444,-0.0884141286986521
"21",0.0729463914125258,0.0326892700060879,-0.00205353330858073,0.0585510163922304,0.174533761450881,-0.0119753315996422,0.0467652288540018,-0.0132156128728583,0.0253918857915293,0.0720396729390378,0.0582758732248083,-0.123020325505184,-0.0865391834017337,0.0847617232445953,0.00490430195348311,-0.11300676063462,0.122783012575834,0.0921134637623402,-0.143758459641487,0.0508018165065812,1,-0.145617689062794,0.0143304529790344,0.15230517876454,-0.0244776628096828,0.143559330029169,0.12535987066128,0.0409524745178779,-0.0572560338445686,-0.280044770776527,0.0843048107028388,0.081482095129462,-0.00719160480788872,-0.180776954882733,0.0758985981076031,0.264052293697454,-0.0705726629787332,-0.103389380139682,0.078882310541401,0.0411652618032432,0.0958905563979444,0.118115209917056,-0.184498779426422,-0.052753446182566,-0.0969346071987125,-0.0695529633781557,0.137200383407469,-0.00979200598069416,-0.0468731356897752,0.0945827821130582,-0.081092859993796,-0.100650985054106,-0.0856416829371272,-0.0987236653615739,0.0219116072394922,-0.113338866127467,-0.119946526101181,0.0822698095187603
"22",0.189058826611218,0.0974609326034944,-0.00152571208934407,-0.12789770486927,0.055147309337526,0.0121884918850508,-0.016861678557196,-0.0054510719784323,0.175620378801188,0.172714302311948,-0.028314427386728,-0.00803016726796986,0.094779593941763,-0.168879588660306,0.170867944603744,0.106769072635847,0.0636334614637362,0.11294999275339,0.163980499338,-0.0393750574635562,-0.145617689062794,1,0.152589344867899,-0.127617687430726,0.120814980796661,-0.113320433998016,0.246205034130475,-0.0128188533564851,0.152353391595578,0.0999314960652783,0.105950254932061,0.173480477067936,0.0687482136723764,0.10402355183558,-0.0592520901943333,0.0822591220246359,-0.0168115022908781,0.020876153691111,-0.0154334401371423,-0.131293643944648,-0.158841904538784,0.108569337325977,0.180480373018268,-0.0093803178394716,-0.209717215503935,-0.0291958830643037,0.0474403364639251,0.0394634023270124,0.044626912886545,0.0434024046398995,0.117475198588491,0.0414949703275567,0.14446556790543,0.0924970909652369,-0.0613132419834284,-0.0201882840864363,-0.0665063710399339,0.0184138268969473
"23",-0.128688753148434,-0.133226180349741,0.175840661861543,-0.245003626340512,0.106920128654803,0.0829749900455051,-0.101003723650064,0.126076959153012,0.104013689357478,-0.0225113226808348,0.0405727498662778,0.170202917558822,-0.123669584937754,0.0786033995656656,-0.0833292123101571,-0.00976937373808204,0.0606043640640775,0.278285199179494,-0.0177614382220712,-0.0562229336638407,0.0143304529790344,0.152589344867899,1,0.238242757000483,0.00892720532671666,-0.101482183980467,0.190185351170312,0.0240785654300398,-0.140210104197119,-0.138420002227318,-0.00360190443762762,0.0488875482719542,0.103166555163251,-0.0960107888365114,-0.0224273258710323,0.00978121537745352,0.0302853329272522,-0.0261692875504819,0.110061832960939,0.0239929401951841,0.128070774913624,0.140697932531326,0.0619837542164468,0.0858840890514261,-0.104098552041817,0.0477863678917264,0.0982786000053552,0.00615529428175024,-0.061445612189607,0.0662868937674601,0.0257997667795988,-0.00850325884564496,-0.0273505319365828,-0.00414763397551513,-0.022902933860134,0.0392897448211888,0.0804904590597976,0.0609817478837039
"24",-0.108259189965357,-0.131156238201872,-0.0207138844875238,-0.179662236198636,0.117661673284895,-0.0363619547500802,-0.10574750327116,0.0957346351161357,0.12446962760043,-0.0590233144000399,0.0579834673270412,-0.0801992939021242,-0.195071635807787,0.138824540785324,0.0769266698957342,-0.161757300897399,0.248984884334942,-0.0269573860179202,-0.16694472078498,0.0868827234726735,0.15230517876454,-0.127617687430726,0.238242757000483,1,-0.0141669078573194,-0.0400744814630436,-0.0196511299925785,-0.0363059035290967,-0.0708758526833064,-0.166051323326256,-0.0953161784520863,0.0983312659213524,-0.115907328333783,-0.0148503882492358,0.0306594447132176,0.049418649495325,-0.0581714904602193,-0.0460016590941819,-0.0124372976212029,-0.153539109667868,-0.0664042838892455,-0.0725528946613684,0.0457104030828856,0.0117256523660949,-0.06044255889053,0.0857385886353049,-0.0432930951411051,-0.189566402692929,-0.101213285819279,0.0270400422582289,0.0884758006434102,-0.0743801610285539,-0.105887104864578,0.0699828569539781,-0.16910214650308,0.0925222579283778,0.0652122491387225,-0.0129522586819351
"25",0.0316653728225656,-0.100765450572336,0.124667712627375,0.00364628938743062,0.106957035886035,-0.0729951584299523,0.0713634152626273,-0.0802071190481821,0.0557300050242777,0.0140497051687458,0.0442826538902108,0.147661949424261,0.0947772679504487,0.0878372562806344,-0.0155813360176257,0.0267862152492085,-0.00135236428787494,0.0805816985798734,-0.0232760272466249,0.0717091541176118,-0.0244776628096828,0.120814980796661,0.00892720532671666,-0.0141669078573194,1,0.0843443063909969,-0.103253729593995,-0.168418907914033,-0.0688472226384043,-0.11382266176072,0.0843413544861301,0.0473372699418333,0.128068016648128,0.0593915222988685,0.0482605214584175,0.0388092283778527,0.0808691284479994,0.165275237671286,0.144479956929936,0.0680315156096816,-0.00531776978954913,-0.0847410064672766,0.0972507179847977,-0.133025239519778,-0.0191578813875923,-0.0274245753624641,-0.062219757641412,0.0504439582449748,0.221839407574141,0.114686508344207,-0.193509397718403,-0.122306034269993,0.182758291372399,-0.082294350580846,0.0246092860029727,0.0636050686235451,0.112412249950418,0.138152177862075
"26",-0.114991189204555,-0.0741575617843922,0.0117775276754261,0.337950229722785,0.0419658707609509,-0.0886544451682432,-0.0850596834712772,0.00895815420728248,-0.241195397472928,-0.119011982024721,0.199773294732053,0.182839156915204,0.0795342189584723,0.0988135381089157,-0.141453494772653,0.00374953110029733,-0.00645221510633062,-0.0309700828932514,-0.00308080857520759,0.0193206996961509,0.143559330029169,-0.113320433998016,-0.101482183980467,-0.0400744814630436,0.0843443063909969,1,-0.100936615435014,-0.129106567692593,-0.111786877013717,0.141193871387307,0.134603952338123,0.0580324112052062,0.0394031179230729,0.219903603447255,0.0867284728412422,0.234698786156006,0.21748893995267,0.135899149717851,0.306332052993579,0.179277114282817,0.0949168476227518,-0.114636251731985,-0.266865184413903,-0.0491682601122975,-0.124781594507669,-0.111811984438305,0.238183368426938,-0.0693240414581372,0.0143849969547947,-0.0863782350471887,-0.118545586426325,-0.253131424374033,-0.0337088022488601,-0.174834201801743,-0.0438421951587103,0.247577955467081,0.147801259216529,0.0359541042186171
"27",0.0589123313299111,0.00512473378210424,0.173314465254149,-0.160596503025388,0.313333927076607,0.102349749954173,0.110423385458167,0.166009504156904,0.080103845873114,0.0850157693159285,-0.0234862359001087,-0.192043549887552,0.158054506494204,0.0685365118311671,0.00743943518286482,-0.0962467465768048,0.176793205885915,0.0331597104742498,0.309426119731683,-0.0532093708036872,0.12535987066128,0.246205034130475,0.190185351170312,-0.0196511299925785,-0.103253729593995,-0.100936615435014,1,0.0963136119930331,0.191681751058797,-0.0781333765507567,0.194008069859028,0.106063011562179,0.15804357970551,-0.0406796089312886,-0.115132975796659,0.119243915341997,-0.0820253100378922,-0.00766977242252733,0.208036782298976,-0.0109715746458282,-0.00356288783782764,-0.0324463201517637,-0.0369185915424697,-0.0793500741709646,0.0135954931229275,-0.0794011346942252,-0.0390625989095394,-0.240342996722239,0.202632342732063,0.128733753741767,-0.0600822040899666,0.00130339039225569,0.0393436611335574,0.0636646562758656,-0.0255910222471366,-0.239829616792511,-0.07319575309934,0.136992904320172
"28",-0.0623731976447821,0.074901935762009,-0.191609708008761,0.0316782884006849,-0.0946209232330538,0.0704980616946588,-0.117880992712736,-0.0871799896990897,0.0363352496186365,0.0322079603179588,-0.0201655592069373,-0.0761765864004113,-0.0424618428235887,-0.136188725120873,-0.0318518390496656,0.117613993832095,0.0419354066920186,-0.0843087910329333,-0.157988756250262,0.105365199755156,0.0409524745178779,-0.0128188533564851,0.0240785654300398,-0.0363059035290967,-0.168418907914033,-0.129106567692593,0.0963136119930332,1,0.0357517639367204,0.05100910603349,-0.0411303272285488,-0.0858709116415874,0.0253913258858957,-0.0976566071559583,-0.0358233339842234,-0.174129294004512,0.0500708618348109,-0.0278960701243971,-0.127892945799911,-0.185471686812741,-0.115795230819347,0.0755450439842276,0.0651367957432331,-0.128311885414714,0.160597636846754,0.0360251675584818,-0.0589377947403992,-0.0376939710582215,0.00055599918447911,0.0146145042597067,0.149176538570191,0.108152467683033,-0.0262392505418641,-0.120036700103656,0.150620904405609,-0.143964090620733,-0.0542052452395423,-0.139875473819412
"29",0.0589326446368594,0.314867547302311,-0.00676535695297777,-0.154728529813471,0.0983602315183788,0.0882561646953915,0.0417538259691174,-0.0969236199332878,0.0623345527786458,0.248286955276033,-0.194881201561437,-0.100392533394508,0.115358089006342,-0.0356558348012129,0.205152034633109,0.0783676151884267,-0.0247595461894268,-0.0501607069619524,0.224783465294378,-0.0138126799708816,-0.0572560338445685,0.152353391595578,-0.140210104197119,-0.0708758526833064,-0.0688472226384043,-0.111786877013717,0.191681751058797,0.0357517639367204,1,0.0416177672411122,0.00265032092317219,0.0913319071130204,0.0195200705981763,0.0264079963935567,-0.165259901170465,-0.0321983770145681,-0.110666991307716,-0.0240670664310492,-0.180340248724808,0.0915232352208006,-0.227615748336492,-0.0835140521886655,-0.0366354495842976,-0.00183530896413364,-0.0101220592052933,0.0646765230155317,-0.168328583914762,-0.110422421503281,0.0430563500734991,0.0817624225332391,0.0542816792938274,0.190806715965787,0.164374276293775,0.174553493063298,0.154663358503885,-0.128972608738853,-0.157415328826618,-0.0275907832903888
"30",-0.165375855196248,0.173762399682642,0.147302256811852,0.0804366074144718,-0.134056680081619,-0.0125150437789998,0.0282812295688895,-0.108223118413825,0.0821075577617086,0.0743485372487189,0.078864485314277,-0.142791450726827,-0.012740420921573,-0.0334318263157454,-0.053789883247091,0.0332398154282332,-0.0882845466568479,-0.043573741148231,0.129464065409068,0.0962405235708703,-0.280044770776527,0.0999314960652783,-0.138420002227318,-0.166051323326256,-0.11382266176072,0.141193871387307,-0.0781333765507566,0.05100910603349,0.0416177672411122,1,0.0971056981866396,0.0435067138111737,0.0949863540631369,0.0942876240377708,-0.0916042326406026,-0.135617248612485,0.075891700725218,0.108208420357625,-0.177046026931983,-0.0290174312540925,-0.155506702134138,-0.032834143051582,0.158749051560239,0.0944287650408433,-0.174547345619159,-0.141582117265128,0.0615592509298918,-0.0226596976022253,0.0514940064624223,0.0884858167376811,0.258271572889721,0.225637796873761,0.105723130432598,-0.0718153094920981,0.0810454431784689,0.0722460657960779,0.118853733495433,-0.0586738072406054
"31",0.171273707855621,0.223890212338694,0.219363199362789,0.151213023966827,0.0993908678785193,-0.114084179342118,0.167380785108635,0.0521981849792625,0.203626263354665,0.206241562806036,0.171239460824189,-0.0273272102008608,0.318798791601194,0.0272108641944582,0.180146670305474,-0.046498671581751,0.0663501576298994,-0.0569635676354037,0.336164830538096,0.0198335194523773,0.0843048107028388,0.105950254932061,-0.00360190443762762,-0.0953161784520863,0.0843413544861301,0.134603952338123,0.194008069859028,-0.0411303272285488,0.00265032092317219,0.0971056981866396,1,0.182943133943442,0.224678186997254,4.7756819610034e-05,-0.101250246413303,-0.00649553119575362,-0.182104840364695,-0.0646198872024469,0.0383025894001024,-0.0330614271989952,-0.263264629217488,0.0211206150385752,-0.0476895063329849,-0.00928734582096431,-0.00615201678395628,-0.278112974559061,-0.0920360296841162,-0.241647215621404,0.219698220921206,0.188554684231408,0.0490663681641772,0.0792011219116433,0.0817148654419049,-0.101842859823123,0.0217131851125023,-0.203160511891018,0.0362374375124836,-0.0349188273134773
"32",0.0558883764606792,0.120384887497666,0.0652089472546789,0.0257677789258457,-0.040451672069529,0.0320773148421803,0.00893420429895042,-0.101976547206959,0.222189561927271,0.190115364719927,-0.006922165266433,-0.0304714698051234,-0.0457292237551895,0.0782815317133258,-0.00218325706860339,-0.157484506063308,0.0225560871769382,0.118953363783791,0.0992982847060611,0.338805824150807,0.081482095129462,0.173480477067936,0.0488875482719542,0.0983312659213524,0.0473372699418333,0.0580324112052062,0.106063011562179,-0.0858709116415874,0.0913319071130204,0.0435067138111737,0.182943133943442,1,0.0548956929472199,0.126978717419494,-0.086866609446632,0.116313585352642,0.0140611586893518,0.0567795761851465,-0.176399097692762,-0.0685677837550467,-0.263264689431964,-0.0719237497950256,0.0503987251814311,0.195178726128066,-0.0871969956463732,-0.217871999188428,-0.168706575090058,-0.0533461770764471,-0.0493760838924817,0.0807981020332352,0.204620428018513,-0.0191941883765482,0.110499221513438,0.0446398476795724,0.0751152703213361,-0.105282321667862,-0.103737110111885,-0.0967623990815398
"33",0.0640110050330156,0.173840669084118,-0.112823041895496,0.13967174512407,-0.0506645419338135,0.0399840592737102,-0.146445439412495,-0.118504624901528,-0.00016359889067184,0.0920805817065718,0.00636547554834896,0.204095125833313,0.0941319231910332,0.0162782870387591,0.148946421729231,0.0175280802673637,-0.00516457348744456,-0.0395694688752346,0.283188336113194,-0.230367425357882,-0.00719160480788872,0.0687482136723764,0.103166555163251,-0.115907328333783,0.128068016648128,0.0394031179230729,0.15804357970551,0.0253913258858957,0.0195200705981763,0.0949863540631369,0.224678186997254,0.0548956929472199,1,-0.0500461912099962,-0.152749425898857,-0.0843231416248435,-0.154491694551625,-0.139890912848408,0.0538282075021855,0.0869641844542015,-0.0141054994893275,0.0505638471613364,-0.00814676936704058,-0.0884185945547018,-0.122357035891991,-0.201362839887468,0.00632209123443734,-0.01379085042899,0.197038182859765,0.0818044963513619,-0.083360353245456,-0.0454067682754198,-0.0318731156626158,0.0447566031699123,0.107642801250651,-0.152011276663968,0.127757547868723,0.0596253727426325
"34",-0.0465074028868001,-0.0466653668591537,0.0388676706334465,0.141671018026851,0.0161850733634568,-0.0608833031934968,0.104670737355579,-0.0232625907676519,0.0352490450453835,-0.0772313405758429,0.0698596727281968,0.0975548714985332,0.128807435528622,0.115597685119504,-0.0708336345090391,0.0298412285660562,0.0140263974330095,0.17701406430278,0.281920841357723,0.0326073668729399,-0.180776954882733,0.10402355183558,-0.0960107888365114,-0.0148503882492358,0.0593915222988685,0.219903603447255,-0.0406796089312886,-0.0976566071559583,0.0264079963935567,0.0942876240377708,4.7756819610034e-05,0.126978717419494,-0.0500461912099962,1,0.216505406114455,0.115925215770282,0.243917418588979,0.191214568825975,0.096874705276781,0.317281931218329,0.001084978023613,0.0258156990958214,-0.07423870525565,0.145735779439284,-0.0212220350492912,0.0269231716057678,-0.0904872712892361,-0.0680354747068098,0.0885986565588809,0.013217807519273,-0.102443369763414,-0.162646061104871,0.168206820026854,-0.117092196754408,0.0177928837844916,-0.0737187433333168,-0.113907001113598,0.0312826893813775
"35",-0.0472320906859008,-0.160911646523995,0.111186811775387,0.0675496827003656,-0.0811041276215951,-0.0108705845492238,0.205868724503395,0.117208242359338,-0.165008170811653,-0.127612871312727,-0.0384784178314058,0.115918430661649,-0.203090202655263,0.0386337151202544,-0.175473070081031,0.113306134808538,-0.0389217942277312,0.149361207846205,-0.00098406461393976,0.140140638029307,0.0758985981076031,-0.0592520901943333,-0.0224273258710323,0.0306594447132176,0.0482605214584175,0.0867284728412422,-0.115132975796659,-0.0358233339842234,-0.165259901170465,-0.0916042326406026,-0.101250246413303,-0.086866609446632,-0.152749425898857,0.216505406114455,1,0.310801075774089,0.148900985439749,0.125679830405813,0.131910027352381,0.195760729898721,0.142599032230331,0.114868198642137,-0.072926407747259,0.0725775636305433,0.116637804373347,0.0935536047102954,0.140046917991961,-0.0670394290163639,-0.149792711098506,-0.0882662075770074,-0.0674996796421735,-0.105411358646055,-0.206465971805659,0.0768800666060857,-0.238601600222729,-0.00741353329623877,-0.00624564188064473,0.193257976014021
