"","l_Insular.Cortex","r_Insular.Cortex","l_Amygdal.Area","r_Amygdal.Area","l_Bed.Nucleus.of.the.Stria.Terminalis","r_Bed.Nucleus.of.the.Stria.Terminalis","l_Hippocampus","r_Hippocampus","l_Orbitofrontal.cortex","r_Orbitofrontal.cortex","l_Entorhinal.Cortex","r_Entorhinal.Cortex","l_Frontal.Association.Cortex","r_Frontal.Association.Cortex","l_Globus.Pallidus","r_Globus.Pallidus","l_Glomerular.Layer.of.the.Accessory.Olfactory.Bulb","r_Glomerular.Layer.of.the.Accessory.Olfactory.Bulb","l_Glomerular.Layer.of.the.Olfactory.Bulb","r_Glomerular.Layer.of.the.Olfactory.Bulb","l_Granule.Cell.Level.of.the.Cerebellum","r_Granule.Cell.Level.of.the.Cerebellum","l_Hypothalamic.Region","r_Hypothalamic.Region","l_Entorhinal.Cortex","r_Entorhinal.Cortex","l_Vermix.Molecular.Layer.of.the.Cerebellum","r_Vermix.Molecular.Layer.of.the.Cerebellum","l_Lateral.Molecular.Layer.of.the.Cerebellum","r_Lateral.Molecular.Layer.of.the.Cerebellum","l_Anterior.Olfactory.Bulb","r_Anterior.Olfactory.Bulb","l_Posterior.Olfactory.Bulb","r_Posterior.Olfactory.Bulb","l_Subiculum","r_Subiculum","l_Perirhinal.Area","r_Perirhinal.Area","l_PreLimbic.System","r_PreLimbic.System","l_Primary.Cingular.Cortex","r_Primary.Cingular.Cortex","l_Primary.Motor.Cortex","r_Primary.Motor.Cortex","l_Retrosplenial.Cortex","r_Retrosplenial.Cortex","l_Secondary.Cingular.Cortex","r_Secondary.Cingular.Cortex","l_Secondary.Motor.Cortex","r_Secondary.Motor.Cortex","l_Striatum","r_Striatum","l_Ventral.Tegmental.Area","r_Ventral.Tegmental.Area","l_Substantia.Nigra","r_Substantia.Nigra","l_Thalamus","r_Thalamus"
"1",1,0.326776009749364,0.165795335425782,0.0684549820376615,-0.147714847437864,0.098712842009347,-0.0556205295012756,-0.215702615093826,0.403915710059928,0.0896372023808535,0.244223139962522,0.0818356797677974,0.205841072794859,-0.130863757849176,0.104843724682206,0.162218247340881,-0.272660646816641,-0.0340722592467189,-0.0133428228258943,0.067345570679906,0.0197555536958568,-0.0973206572864785,-0.0829403945493928,-0.101664773894201,0.0656315594361991,-0.13159453833904,0.0451972492406469,-0.0285812115466832,-0.137074903198543,0.0736052774859679,0.140280834424999,-0.0306962938073321,0.243028782034048,0.156797571357713,0.0320062289812989,0.211983227934018,-0.0753161038107984,0.0627861379740732,0.056997205460923,0.147641963803116,-0.0814108287648607,-0.0199368155925721,0.00653115002663031,0.113411295892667,-0.0884637297433504,0.04132505700131,0.143348255837901,0.084812497892059,-0.0605471591738643,-0.0545271862266878,0.0115110793008055,0.115616800536676,0.184622504329021,-0.0600213383400083,-0.0589211930609706,-0.146337401665204,-0.0620474514815765,0.0220178983806859
"2",0.326776009749364,1,0.0964623825830258,0.100435567327554,-0.166116761571579,0.130757101764013,0.0076349097639446,0.0124601249607317,-0.00380828935889149,0.147802097029524,0.188743217584618,0.105424388392178,0.121254637752219,0.0499125073078202,-0.0189272640027256,0.332823690976103,-0.055029316660127,0.0501709569379832,-0.0943328908157859,-0.0579598931730059,0.081077989671495,-0.0892871243623386,-0.140544505894538,0.0228273555460927,-0.131013156212335,0.101976548526537,0.0190957114708686,-0.0245563386714428,0.164901334108062,0.0919997547749493,0.168779626394236,0.0454742853150203,0.250459439367133,0.123004731002024,0.0578938463311989,0.147227020822977,0.0947031504853757,0.074491784078526,0.0949991305700055,0.128971767778573,0.150889422979426,0.243259721643307,-0.152602939174507,-0.109625880508686,0.0263369022227006,0.0326175886978078,0.268672840065993,0.167886492770179,0.0581378730880694,0.202649417575578,-0.0347237494163023,0.0889076391272632,0.150621362378345,-0.144740996283868,0.0260447418145071,-0.0604745113704786,0.132698965972058,-0.0387701916841469
"3",0.165795335425782,0.0964623825830258,1,0.0895976382737435,-0.04591465319639,0.0531649812569926,0.21188194499175,0.303917223094689,0.256706674592738,0.127920214285257,0.271008755994735,-0.0921398877799728,-0.0202576149700796,-0.133603993123079,-0.119348249724388,0.136495173814414,-0.018637980483789,-0.0243150404196897,-0.0888177385221751,-0.0362230689398006,0.0123425935407442,0.0343234577916912,-0.0451463015486128,0.132072838706945,0.209836936028934,-0.041249651300555,-0.072753767585585,-0.00132668161702462,-0.0631539525499459,-0.0616810367408309,0.122883050050398,-0.0520435773677402,0.0584075884177681,0.113222263572125,0.184077314596115,0.264158476923673,0.0758012609260584,0.120906995702812,-0.149151293377874,-0.0269256129493276,-0.139697173016756,-0.125617455224348,-0.0210898893278117,-0.128625279132203,-0.00590013725900933,0.0920265991086128,-0.0851963267285536,-0.00423525244693524,-0.0334526473143183,-0.125565752282642,-0.116544836931291,0.0697730530448723,-0.103602320511738,0.0659804039666871,-0.0639559127579156,0.00325970465039307,-0.0112392594059317,0.0306883438869634
"4",0.0684549820376615,0.100435567327554,0.0895976382737435,1,-0.0787290786893991,0.0829564841580959,-0.134731452775992,-0.0021576450096669,0.136188869388091,0.039120362644838,-0.0326455665151193,-0.0158768525047776,-0.00304753262521285,-0.221567261669804,0.144747304114023,0.00362414525665551,0.142245377855608,0.051960903040902,0.0222836442595866,-0.150711817667755,-0.198040245181269,0.189926402234629,-0.0527132374233723,0.0771788440565403,-0.0464611180056079,-0.148574076304996,0.131267501514829,0.183790686199859,-0.00545676879855926,-0.126593689643402,0.0465448994388847,-0.144570512158339,-0.060427132014088,-0.0438521526766898,-0.0509046071769259,0.0543619580922619,-0.0178722361121507,-0.0569783293979923,-0.00971041109848655,-0.117663316474683,-0.0578463175464746,-0.0150389908174948,-0.0192301123155371,0.0135390899777833,-0.112458954080858,-0.107683138494578,0.0653052688293145,-0.149879348027018,-0.00334496481167973,-0.0519427738736612,-0.0598058091837283,0.00541328116915821,0.152582835690972,0.0215176671276116,0.0423308585188017,0.181746840826438,0.145760597870792,0.0615787623779571
"5",-0.147714847437864,-0.166116761571579,-0.04591465319639,-0.0787290786893991,1,-0.00629483993154103,0.0483650601701594,0.10402481301537,-0.00672335499210017,-0.0706914811191477,-0.0584673588901876,-0.0750596852247566,-0.0212810930736533,-0.00468857909236837,0.173175786927091,-0.107824737635424,0.208835259863516,0.048899360089607,0.107377844104741,0.0307114509895178,0.048965289633663,-0.0430097010798021,-0.135885131348523,-0.174334509334717,-0.123174200572671,0.0420665728881799,-0.0101988555986099,0.0220515868395145,-0.0937255752494572,-0.0337156394627867,0.0307355895330613,0.169059628076783,-0.120277230520589,-0.0398225071166607,0.0524305352384298,0.0200440702163314,-0.0269260404735931,-0.0325869499717606,-0.0521155467022348,-0.057722853027174,0.136615988996155,-0.0308548531562594,0.091842890934822,-0.040155097700951,-0.128003595664727,-0.196165641433996,-0.117959904559464,-0.119841274897902,0.106122490712322,0.045092312218467,0.0336965898655138,0.0547978946311065,-0.207710413315215,-0.0886907994365852,-0.0226575854605818,0.151536023983587,0.0267051389429269,-0.02037932395173
"6",0.098712842009347,0.130757101764013,0.0531649812569926,0.0829564841580959,-0.00629483993154103,1,-0.029911602458879,0.0391711900052106,0.195279544957146,-0.014242195077351,0.0123062376824812,0.0344725557106064,0.0603229765136923,0.169923701739465,0.0154352180043825,0.0713971883693094,-0.112214813820898,0.077854138399177,-0.116844143580427,-0.0570400274492613,0.112983228886407,-0.0773874267405621,-0.109880385108227,0.0410697607480008,-0.106005912952044,0.138949529620519,0.0150295284698813,0.0279485341839093,0.110195649339334,-0.0937874035532542,0.0956103657913014,0.0275816053774816,0.128523978839956,0.0917757191725019,0.175810052554664,0.118253757797543,-0.0576958412063906,0.0420099184728021,-0.0353894856119723,-0.0191765185070403,-0.175866253247111,-0.0407299095862714,-0.0588888601263376,-0.0497120602911068,0.092861497023982,0.0401721931090376,-0.0617184491174957,-0.0433291555627481,0.0822044583951217,0.099559093235685,-0.0874410147355339,0.184836680792931,-0.0636555558345323,0.0203693118496459,-0.186755023433625,0.0609947418030347,-0.0343160665011963,0.0563749953210557
"7",-0.0556205295012756,0.0076349097639446,0.21188194499175,-0.134731452775992,0.0483650601701594,-0.029911602458879,1,0.234565924746,-0.0181280283494671,0.176647554081995,-0.0373074433764308,0.022274946458826,-0.0277337003209043,0.0372757405414222,-0.0728423259780135,-0.0352482788418784,0.0608330647388479,0.214220817812087,0.139370140615854,-0.0923013074980504,-0.108753499114391,-0.10913773778433,-0.073327486790693,-0.0330359902264573,-0.0664571707808857,0.150195549438111,0.0567789656441596,-0.108442243386477,-2.16097523360143e-05,-0.0636478478182328,0.0231089473008973,-0.0110385913783649,-0.00197438363420639,-0.323032281734919,0.073819647393741,0.196196938819119,-0.0560963285211852,0.0407511253768887,-0.162110408195711,0.12709392012721,0.102553634753424,0.0317766127158292,-0.11611416490244,-0.23065967415337,-0.058901747879906,0.00928297836466967,-0.0672989768083326,0.020335871597895,0.0389247035254916,-0.00630636688279314,-0.0137014323641308,0.102995033072305,-0.155111408949404,-0.132903832685186,0.147837789065599,-0.0758165105820583,-0.0860459182444281,0.0593315498993641
"8",-0.215702615093826,0.0124601249607317,0.303917223094689,-0.0021576450096669,0.10402481301537,0.0391711900052106,0.234565924746,1,-0.134697223984641,0.00924431385186495,-0.0193913189083393,-0.159131493983873,-0.00775587895249415,-0.0838686714468459,-0.0173245087283643,0.0436446911589268,-0.0293857716148384,0.0309335733556887,0.102399857693958,-0.186517610567221,-0.146973992213769,-0.0125165925606591,0.182517439107655,-0.0295697848864239,0.0836873502874354,-0.124007762613793,-0.0642035083727037,0.217857942835832,0.109695422513447,0.105509302821698,0.0957299478832236,0.0265813324273115,-0.106454361359582,0.0587824321323407,0.337186304740347,0.0785613797710513,0.0464537265624852,-0.025877388731379,0.0343490035998885,0.136256467633131,-0.020538647652938,-0.0569493998352455,0.0314749234166221,-0.317878352554044,0.024757780741148,-0.0688966566485411,0.0680400466878945,0.112414284132935,-0.0366849565612563,-0.114737410010561,-0.0460799281385684,0.0950656007851276,-0.103368605945539,-0.00345293257388732,0.0697703461699267,0.00610844056717872,0.028637594518212,-0.0950647702700694
"9",0.403915710059928,-0.00380828935889149,0.256706674592738,0.136188869388091,-0.00672335499210017,0.195279544957146,-0.0181280283494671,-0.134697223984641,1,0.0128530302792524,0.179172323754571,-0.0313795523219554,0.178368694016335,-0.15355325763939,0.116506442185671,-0.0748759367601832,-0.0537092203543733,-0.056634971234053,-0.153583838869553,0.152948960937824,0.00032514529447582,0.0981870718153176,-0.0957777255664911,-0.0267230603273993,0.154336170502286,0.0166382928399562,0.18665146548839,-0.129923762079838,-0.0228262805361899,-0.170795500604927,0.23068988946821,-0.094675468433258,0.107899778076484,0.0781599999691997,0.0121451513651103,0.144756500888259,-0.113214702627538,0.00258103273785104,-0.00225907714479005,0.09473262142399,-0.07452303083025,-0.177532800159582,0.0281796281011943,0.218297922311913,-0.272641691676365,0.0395445204123425,-0.113659878412729,-0.0614445483939872,0.113340680070408,-0.0426379487900962,0.10865311534915,0.108414563677888,-0.0768445069560695,-0.0447573254393446,-0.152963590101081,0.056870823020971,-0.00445836524166825,0.161600229797615
"10",0.0896372023808535,0.147802097029524,0.127920214285257,0.039120362644838,-0.0706914811191477,-0.014242195077351,0.176647554081995,0.00924431385186495,0.0128530302792524,1,-0.0800854363567437,0.0102680784273949,-0.127423245524375,0.190966573933257,0.0287579377821773,-0.0501942183925691,0.0345506467557583,0.224081396194049,0.0814369385995039,-0.0494033463677844,-0.070088916522222,-0.0241082779759138,0.0361001736659603,0.0447231344919622,0.112047141392629,0.0065655983891977,-0.0447247621712479,-0.152182654013147,-0.131481396885891,0.00028587668023161,0.0757338040884158,0.080969752236731,0.0885954153409306,0.0122780819853052,-0.0863002271972835,0.158917157227813,-0.207956991297942,-0.057289106181142,-0.254239187820352,0.0551911423335153,-0.0962544699445033,0.117312109634961,-0.215509992511495,-0.115220345985012,0.0721722806996231,-0.0227829166479924,0.0688746080317397,0.0953300892702726,-0.182337716334803,0.0774364885384512,-0.226682516133961,-0.120131150532994,0.0657435081240896,-0.00848014971936181,0.0861297599685625,0.0468099094260388,0.33647089915119,-0.107668896221404
"11",0.244223139962522,0.188743217584618,0.271008755994735,-0.0326455665151193,-0.0584673588901876,0.0123062376824812,-0.0373074433764308,-0.0193913189083393,0.179172323754571,-0.0800854363567437,1,0.0962275409128352,0.0746028682026463,-0.108363507103765,-0.0537517827411217,0.0550042683990186,0.0117189204826785,-0.102743591162398,-0.0834278412250645,0.0827396184067689,0.0857593056330776,-0.0772003943836071,-0.0958248020400607,0.00587722653110939,0.0261571648834631,0.00405823865267287,0.0758989682926821,0.0870831914683865,-0.180903148055541,-0.125573287174858,0.246119474058178,0.175479684733323,0.0702275129390926,0.0791632265520552,0.251351934709005,0.111411538088137,0.058719548906939,0.0248554993125359,-0.0322844770955156,-0.113071553611808,0.146983855280591,-0.0652709456500981,0.00868481609069887,0.030335433251959,-0.0663269802002743,0.0371879287227872,0.0831906739856975,0.171397577304927,-0.00667444481693242,-0.0737489437720824,0.106231126219733,0.103280575963898,0.00269713936094536,0.184701367644922,-0.136942804264133,0.00562983210188081,-0.0648146750559003,-0.0900176685609743
"12",0.0818356797677974,0.105424388392178,-0.0921398877799728,-0.0158768525047776,-0.0750596852247566,0.0344725557106064,0.022274946458826,-0.159131493983873,-0.0313795523219554,0.0102680784273949,0.0962275409128352,1,0.0561111896992882,0.0313559855273054,-0.0402265095246966,0.2095592251812,-0.0359905978780816,-0.116818732622632,0.0109833169741525,-0.0964405596251695,0.1288988111506,0.0011385701641544,-0.00614120633757143,0.0369303141193479,-0.0527646392489799,-0.0648024116927509,-0.0209359844254761,-0.125481450271115,0.0402938311282121,-0.0513474974003124,0.0007652607396853,-0.170438943576903,0.00388206302925845,0.0239502342028263,-0.0133884616677946,-0.0328462431135885,0.025216243321367,-0.156976133723381,-0.202673165360382,-0.297143873072549,0.14243009693793,0.0692095474931569,0.0538211192724576,0.0304020539495406,-0.080580262940778,-0.130910397213223,0.163870456112477,-0.032131782070215,0.0517309954401962,0.0540382575708824,0.117155220598302,0.0253269669075354,0.223175420412719,0.163379327898109,-0.0652470146144363,-0.0355763893061243,0.112111388117816,0.0666360892513866
"13",0.205841072794859,0.121254637752219,-0.0202576149700796,-0.00304753262521285,-0.0212810930736533,0.0603229765136923,-0.0277337003209043,-0.00775587895249415,0.178368694016335,-0.127423245524375,0.0746028682026463,0.0561111896992882,1,0.0865878198891689,0.0713538806754781,-0.208544459725117,0.0595937375026599,0.007560692020105,-0.0222927743786901,0.0278540814319322,0.0526473439707573,-0.0393789810737268,0.100751800619153,0.152174275988522,0.00166286598890961,-0.0323693718461672,0.121810922200169,0.148526607468547,-0.104429458024818,-0.0174735421409018,0.256016236295142,-0.130604391248771,0.146643520545457,-0.0012361601788567,0.167355130430342,0.0502292405055255,-0.0954446527460174,0.125679271939024,0.144826356223564,0.022471040155835,0.27049111078849,0.033435027878268,0.0993791006901868,0.0424912909248494,-0.150306676594565,-0.164027272142715,0.104471704143218,0.0208260168894818,0.619154671273256,0.134540595407834,0.118171078957381,0.177163913081311,0.188799386372558,-0.0809988637525358,-0.15830635330699,-0.189692333794023,-0.00650291999544008,-0.114456967612349
"14",-0.130863757849176,0.0499125073078202,-0.133603993123079,-0.221567261669804,-0.00468857909236837,0.169923701739465,0.0372757405414222,-0.0838686714468459,-0.15355325763939,0.190966573933257,-0.108363507103765,0.0313559855273054,0.0865878198891689,1,0.034213911761008,-0.1049164195019,-0.0954995840816557,0.347757192617324,0.120518085133286,0.0220767758456681,0.152596525160578,-0.00845486794416555,0.0138013195500978,0.00198684826849241,-0.0115407482901857,-0.0749493546350384,-0.0272652937078086,-0.116487219126143,-0.0810507841852267,-0.0693121690456504,0.0159869967145697,0.246333040829071,0.0700400556799211,0.101829550967171,-0.0569024162622619,-0.0689052938706293,0.0280686979259364,0.0237511133219661,-0.0930699098527868,-0.0548877512399137,0.0276204350493684,0.127518307335291,-0.0508670813294665,-0.0303560942678624,0.0541302967123379,-0.19107137814255,-0.0353181901999087,-0.00527655531382801,-0.0247902367768925,0.604829519191249,-0.127769314260167,0.113124617208578,0.0320354953372352,-0.041516254059141,-0.183486649837017,0.064375852544949,0.112619789685938,0.0182168375849717
"15",0.104843724682206,-0.0189272640027256,-0.119348249724388,0.144747304114023,0.173175786927091,0.0154352180043825,-0.0728423259780135,-0.0173245087283643,0.116506442185671,0.0287579377821773,-0.0537517827411217,-0.0402265095246966,0.0713538806754781,0.034213911761008,1,-0.0631649386289602,0.0487749905826712,-0.0122514112294519,-0.0795658434384594,0.086485348980283,-0.224284192845667,0.0774741896346541,-0.15890602264013,-0.0790333766533093,-0.0349212577673422,-0.0739314030292401,-0.0520304138011018,-0.105937560279708,-0.107435734275044,-0.114139491872437,0.011252408081248,0.00625726552394796,0.108924618161221,0.0826743773629191,-0.0674753755777286,0.0789934276226772,0.0805027410516494,0.0871376555177576,0.0569493382257365,0.0179483002799625,-0.0180989808709791,0.0660860625728016,0.0567228012818733,-0.0415696871036172,-0.251308584029351,-0.0746106735918965,0.209381999117535,0.194721515892013,-0.162864086533241,0.0284919800216895,-0.00822565852399157,0.00308578498502994,-0.0445657846270266,-0.106210245205865,0.0255841667993777,0.199631845694364,0.127164993254465,-0.0682698396858273
"16",0.162218247340881,0.332823690976103,0.136495173814414,0.00362414525665551,-0.107824737635424,0.0713971883693094,-0.0352482788418784,0.0436446911589268,-0.0748759367601832,-0.0501942183925691,0.0550042683990186,0.2095592251812,-0.208544459725117,-0.1049164195019,-0.0631649386289602,1,-0.0600676956884565,0.00483059218386839,-0.137801894897012,-0.0272994113353969,0.187186672002807,-0.1221506433557,-0.0526383951032553,0.161941692294919,-0.072172600719972,0.0977371806214765,-0.0743937101272922,0.0967741790496898,0.224166784018641,0.111462954514194,-0.0994454342856322,0.088450106492202,0.103995712300933,0.0943022985219867,-0.210962693253023,-0.0404999290733522,0.196297838924602,0.083724825711477,-0.0978472114279134,-0.0684765106173932,-0.191920223273351,-0.0405890544581151,0.0732945923596195,0.0212548906680641,0.0696816350067403,0.128179661512131,-0.072553024562732,-0.0306680428007674,-0.149766834881519,-0.0146097193717984,0.165006325948148,0.101141572764296,0.0768439209267362,0.0488671715584261,-0.062859861350606,0.033708377501959,-0.0963845300872377,0.0193172174361398
"17",-0.272660646816641,-0.055029316660127,-0.018637980483789,0.142245377855608,0.208835259863516,-0.112214813820898,0.0608330647388479,-0.0293857716148384,-0.0537092203543733,0.0345506467557583,0.0117189204826785,-0.0359905978780816,0.0595937375026599,-0.0954995840816557,0.0487749905826712,-0.0600676956884565,1,0.12702178234382,0.023093207269439,0.0768511877247237,-0.0600892631044669,-0.00210218383231034,0.0229909426259914,-0.0621154783832495,-0.10965548425691,-0.0469729523840018,0.0243179631507851,-0.0364538767879416,-0.0986803957865788,-0.231764283796452,0.130547448420992,0.114109343577772,0.00298472379483963,-0.106452015138677,-0.10738980504201,0.0484435345808,-0.0943510215242903,0.0512704570061285,0.0788660834419441,-0.0810347368297636,0.0880742456251502,-0.0340508680326779,0.061889180132567,0.214335684541355,-0.130413914184488,0.00735724373895516,-0.0392674044478823,-0.0906792400179473,0.258577705449887,0.13192115052868,0.0643384787949684,0.134022567569214,-0.205184875344523,-0.0987613447912198,0.0800426735584784,0.215579604493355,0.0866690361756946,0.106149395710359
"18",-0.0340722592467189,0.0501709569379832,-0.0243150404196897,0.051960903040902,0.048899360089607,0.077854138399177,0.214220817812087,0.0309335733556887,-0.056634971234053,0.224081396194049,-0.102743591162398,-0.116818732622632,0.007560692020105,0.347757192617324,-0.0122514112294519,0.00483059218386839,0.12702178234382,1,0.300861334784292,0.127443976442474,-0.0315983364293706,0.0817093739456107,0.0360821314619337,0.0787927240951999,-0.00718328010328965,0.0099358001303003,0.0630292176856151,-0.138859168972583,-0.103272007624115,-0.142475393674418,0.117009282277352,0.375232129563345,0.0268369518383542,-0.0218642787582387,-0.122708290003453,0.171873669412667,0.0889803035382667,0.110939582751231,-0.232029887959986,0.0734982092653044,-0.123764855080163,0.0856620847963702,0.00748939974109955,-0.097036356951415,0.0200184640030518,0.0313648364586177,0.0181176726951815,0.0463387546924639,0.0167531271197965,0.306001527731025,-0.0830956101046693,0.141640938769181,0.0112903895626143,-0.00383290874416468,0.0516749040928731,0.104958856294924,0.222082700524194,-0.0276339240871628
"19",-0.0133428228258943,-0.0943328908157859,-0.0888177385221751,0.0222836442595866,0.107377844104741,-0.116844143580427,0.139370140615854,0.102399857693958,-0.153583838869553,0.0814369385995039,-0.0834278412250645,0.0109833169741525,-0.0222927743786901,0.120518085133286,-0.0795658434384594,-0.137801894897012,0.023093207269439,0.300861334784292,1,0.0730265101038448,-0.0212863459078705,0.0701663476781863,0.105324253663595,-0.0136276018045065,0.0144856876774995,0.0913996973305476,0.0384577408599077,-0.0278311592157064,-0.071307118035749,0.0494796972239129,0.223717348074508,0.190121144845486,-0.0866620245823597,-0.0264214976134346,-0.0109873463274464,0.244772611365467,0.0520033282743255,-0.0911907974742366,-0.162216736470102,-0.102955915356618,0.0362592936382661,0.00315903239403529,0.0482806459775369,0.0214944140353538,0.00131520428190463,-0.0670551986514655,0.0141852551879706,-0.0209978154628476,-0.049464070485874,0.087806554573223,-0.0579521207488018,-0.105961858866416,0.115877819059627,-0.120338540401186,0.0951466351825706,-0.121222936419399,0.0133867482601207,0.101583625459319
"20",0.067345570679906,-0.0579598931730059,-0.0362230689398006,-0.150711817667755,0.0307114509895178,-0.0570400274492613,-0.0923013074980504,-0.186517610567221,0.152948960937824,-0.0494033463677844,0.0827396184067689,-0.0964405596251695,0.0278540814319322,0.0220767758456681,0.086485348980283,-0.0272994113353969,0.0768511877247237,0.127443976442474,0.0730265101038448,1,0.221734390791155,-0.022780542464334,-0.0636001390078172,-0.0783962057164334,0.191613161434096,0.212854590519525,0.0948460003364493,-0.109702456193113,-0.0890245748457343,-0.0623667913050219,0.162807612808105,0.286249451780089,0.232113271185485,0.0159262442918133,-0.0254551921635351,0.0111332599669956,0.135093464196248,0.0432995624469081,0.145848681480444,0.0252691758860667,-0.102705903595683,-0.321627548060476,-0.0851008855868057,0.0789187282154745,0.0638709326537859,0.00777540512813383,-0.17399396946683,-0.0373966280749658,-0.0901145501964141,-0.0122039549653822,0.097890589877205,0.00778640818855739,-0.0275063682648098,0.0329516073337941,0.0458043291169282,-0.00471343408101874,-0.105011692604853,0.142091391916996
"21",0.0197555536958568,0.081077989671495,0.0123425935407442,-0.198040245181269,0.048965289633663,0.112983228886407,-0.108753499114391,-0.146973992213769,0.00032514529447582,-0.070088916522222,0.0857593056330776,0.1288988111506,0.0526473439707573,0.152596525160578,-0.224284192845667,0.187186672002807,-0.0600892631044669,-0.0315983364293706,-0.0212863459078705,0.221734390791155,1,0.0008640056765593,0.12882574725174,-0.0318078170006344,0.00141247743876694,0.0895156406213202,0.0346545658579862,-0.00822196474512522,0.00869521553151347,-0.00234132594466912,0.0616644624709396,0.0050561584215069,0.217984187251479,0.0271214587832367,-0.0819244764909932,-0.0419510259221755,0.0361023290113506,0.0703005843791313,0.0560188584874024,-0.0168070766399658,0.0626013479866508,-0.0168135571399579,-0.185328523806918,-0.00113747775760655,0.112075606380248,0.0404563414776342,-0.145932951316904,0.144288332674673,-0.0364417468963174,0.118951617046972,0.0345808855339571,-0.13125876823149,0.0952698609431173,0.0399658163973577,0.0732660252085674,-0.044944206277928,-0.157818530710641,0.0575815854133441
"22",-0.0973206572864785,-0.0892871243623386,0.0343234577916912,0.189926402234629,-0.0430097010798021,-0.0773874267405621,-0.10913773778433,-0.0125165925606591,0.0981870718153176,-0.0241082779759138,-0.0772003943836071,0.0011385701641544,-0.0393789810737268,-0.00845486794416555,0.0774741896346541,-0.1221506433557,-0.00210218383231034,0.0817093739456107,0.0701663476781863,-0.022780542464334,0.0008640056765593,1,0.198076410308379,-0.0234339338440639,0.197070500342177,-0.0513070358934986,-0.165772174506426,-0.0258980764678932,-0.204779192971104,0.0490844580632585,-0.0107435129202851,0.128595333987824,-0.22829185199403,-0.0111197937345985,-0.0534810668261762,-0.017288226960411,-0.0356677563585341,0.0922353914507612,-0.0363071987383568,-0.144196385670512,0.0830437002075445,0.0859825735980698,-0.0117412350106609,-0.140798559525181,0.0160879802503989,0.0223292482396706,0.164769513007207,0.0490538232463522,0.0244653651041586,-0.125248246352114,-0.246032346839366,-0.120022411502158,0.14981806422369,-0.0656231120902445,-0.00611715075881464,0.0857777276749859,-0.0767057074413726,0.00092426772185263
"23",-0.0829403945493928,-0.140544505894538,-0.0451463015486128,-0.0527132374233723,-0.135885131348523,-0.109880385108227,-0.073327486790693,0.182517439107655,-0.0957777255664911,0.0361001736659603,-0.0958248020400606,-0.00614120633757143,0.100751800619153,0.0138013195500978,-0.15890602264013,-0.0526383951032553,0.0229909426259914,0.0360821314619337,0.105324253663595,-0.0636001390078171,0.12882574725174,0.198076410308379,1,0.132558669952482,0.210756041565174,-0.110954904580014,-0.0669483742343553,0.0789550764811126,-0.0730153784700029,-0.055549644815729,-0.0351736578609858,-0.14618413954742,-0.0593999891538975,-0.095893393316708,-0.0537447457106658,-0.00527133275204741,-0.125406483405555,-0.0662516908305177,0.130269423221436,0.0431899106835823,-0.0215070014001996,0.0826618484037778,-0.221721923731265,-0.23932393890879,-0.0191384511812902,-0.126372310783137,0.143160263722458,0.155880882786261,0.097803666936995,-0.0224109448579117,-0.0593132800295381,-0.0560344758495966,0.206166334738309,0.261543230999621,-0.112199979496853,-0.018551074778226,0.0320970490789035,-0.0883837591924039
"24",-0.101664773894201,0.0228273555460927,0.132072838706945,0.0771788440565403,-0.174334509334717,0.0410697607480009,-0.0330359902264573,-0.0295697848864239,-0.0267230603273993,0.0447231344919622,0.00587722653110939,0.0369303141193479,0.152174275988522,0.00198684826849241,-0.0790333766533093,0.161941692294919,-0.0621154783832495,0.0787927240951999,-0.0136276018045065,-0.0783962057164334,-0.0318078170006344,-0.0234339338440639,0.132558669952482,1,0.0122696424255433,0.0883501996464685,-0.189862692201652,-0.00895917580106438,-0.047971321683085,0.0386000009122152,0.0517592558977576,-0.0229634531509562,0.0253364021906414,0.115181777290676,-0.0481020483193703,-0.116191814318183,0.100753602219557,0.119140117324446,-0.133143130717245,-0.145368922875468,-0.0629516824117837,0.063907109086514,0.0053970541817326,-0.075722991797565,0.0505649645515696,0.0157881048891521,-0.0619278055343443,-0.00644294513067756,-0.00758992654640149,0.057048477269078,-0.0514533386789036,0.0986559564299322,0.0858796353938137,-0.0276467537388545,-0.0198974874667941,0.0309213662522695,-0.0310430083976234,-0.154073651174331
"25",0.0656315594361991,-0.131013156212335,0.209836936028934,-0.046461118005608,-0.123174200572671,-0.106005912952044,-0.0664571707808857,0.0836873502874354,0.154336170502286,0.112047141392629,0.0261571648834631,-0.0527646392489799,0.00166286598890961,-0.0115407482901857,-0.0349212577673421,-0.072172600719972,-0.10965548425691,-0.00718328010328965,0.0144856876774995,0.191613161434096,0.00141247743876694,0.197070500342177,0.210756041565174,0.0122696424255433,1,-0.0709146378557435,-0.18840138016128,-0.0931664591285347,-0.0279461148385633,-0.0939616790449733,0.0643143595889392,-0.0701214309122499,0.0735007178967131,0.133959388376549,0.125755077348463,0.0788195618961774,0.16933913918383,0.150392595985065,-0.123408922244488,-0.024475946083175,-0.108833046089858,0.0272742014076674,-0.0293702655644943,0.0326693593156811,-0.0630237819116954,0.0718574529427513,-0.122254549978562,0.0967114326569379,-0.0309970400269736,-0.169396579953774,-0.124743610425401,-0.130159696611222,0.290477292435943,0.285564416713075,-0.0313811995207139,0.0193513215036522,-0.0333004602024609,0.0832186434818769
"26",-0.131594538339039,0.101976548526537,-0.041249651300555,-0.148574076304996,0.04206657288818,0.138949529620519,0.150195549438111,-0.124007762613793,0.0166382928399562,0.0065655983891977,0.00405823865267287,-0.0648024116927508,-0.0323693718461672,-0.0749493546350384,-0.0739314030292401,0.0977371806214765,-0.0469729523840018,0.0099358001303003,0.0913996973305476,0.212854590519525,0.0895156406213202,-0.0513070358934986,-0.110954904580014,0.0883501996464685,-0.0709146378557435,1,-0.0417923784266903,-0.150427736122725,0.154158663186495,0.0395457885241948,0.00907684826270806,0.154792233978717,0.177751889784887,-0.021708847189644,0.0621802933097598,0.0182792248018841,0.128592964702938,0.0714418755292906,-0.0310697826269928,-0.00924114808320016,0.0586344492640554,-0.132642267260662,-0.13929057715186,0.0540875089775759,-0.0618277683395639,-0.00554911888513827,-0.11579649807366,-0.040062899210405,-0.0199119559020269,0.033097643567901,-0.0780875943193816,0.0118270125177068,-0.0239300830582625,-0.00703779303550461,0.0284381248057946,0.00914503605221194,-0.0498934785753186,0.0201727201342479
"27",0.0451972492406469,0.0190957114708686,-0.072753767585585,0.131267501514829,-0.0101988555986099,0.0150295284698813,0.0567789656441596,-0.0642035083727037,0.18665146548839,-0.0447247621712479,0.0758989682926821,-0.0209359844254761,0.121810922200169,-0.0272652937078086,-0.0520304138011018,-0.0743937101272922,0.0243179631507851,0.0630292176856151,0.0384577408599077,0.0948460003364493,0.0346545658579862,-0.165772174506426,-0.0669483742343553,-0.189862692201652,-0.18840138016128,-0.0417923784266903,1,-0.0320383877349413,-0.0389259277800583,-0.0599316699185445,0.0982438859291322,0.0246167628893454,-0.0287656984969027,-0.115992562234235,0.0649015055451056,-0.00857466700887813,-0.183687015103026,-0.164821592877169,-0.0284184499838256,-0.00504168769623661,0.0886160147317774,-0.210459936610269,-0.0573807911407716,0.0676015651178379,0.0881866422864503,-0.030996833528597,-0.137281621193391,-0.180625780615275,0.105396627660626,0.0284190623334791,0.121344676415003,0.0456504154084375,-0.11444943501349,-0.110426837168273,-0.223277464496389,-0.104444228085143,-0.037090805522886,0.00833683438483105
"28",-0.0285812115466832,-0.0245563386714428,-0.00132668161702462,0.183790686199859,0.0220515868395145,0.0279485341839093,-0.108442243386477,0.217857942835832,-0.129923762079838,-0.152182654013147,0.0870831914683865,-0.125481450271115,0.148526607468547,-0.116487219126143,-0.105937560279708,0.0967741790496898,-0.0364538767879416,-0.138859168972583,-0.0278311592157064,-0.109702456193113,-0.00822196474512522,-0.0258980764678932,0.0789550764811126,-0.00895917580106438,-0.0931664591285347,-0.150427736122725,-0.0320383877349413,1,-0.0651275384498784,0.065709289165726,-0.0437413456398566,0.0166129040020183,-0.25701575095592,-0.093736080483801,8.58342499659969e-05,-0.0311860252892511,-0.20756453088456,-0.134325962887839,0.112089882010948,0.0607821473024958,0.158773966091363,-0.0321769459325646,0.126142413178513,0.0166640824291194,-0.0788266361950295,-0.135235954016764,0.0377299678587889,-0.0345809693159811,0.109207420032856,-0.0734510693445906,0.144034760151744,-0.0108943775671341,0.0408588505817959,-0.0715823604787308,-0.10096393632417,-0.180265135996938,-0.0137629448800141,-0.165190932578517
"29",-0.137074903198543,0.164901334108062,-0.0631539525499459,-0.00545676879855926,-0.0937255752494572,0.110195649339334,-2.16097523360143e-05,0.109695422513447,-0.0228262805361899,-0.131481396885891,-0.180903148055541,0.0402938311282121,-0.104429458024818,-0.0810507841852267,-0.107435734275044,0.224166784018641,-0.0986803957865788,-0.103272007624115,-0.071307118035749,-0.0890245748457343,0.00869521553151347,-0.204779192971104,-0.0730153784700029,-0.047971321683085,-0.0279461148385633,0.154158663186495,-0.0389259277800583,-0.0651275384498784,1,0.0756802423360222,0.054643440659541,-0.0509016207980935,0.0177978946088215,0.100171232824123,-0.0849615066909382,-0.0727383020063355,0.113967937099334,0.109603541154356,0.0403455946461654,0.0139964573494017,-0.0055645719510498,0.0164194249906465,0.12064669371241,0.0520010282343667,-0.0447674977358554,-0.0491744211274641,-0.0164699647952338,-0.106248412502344,-0.110716444059202,0.0185588713918124,0.107592800645388,0.00626083191133168,-0.0467637243640146,0.060413376262664,0.131701343010293,-0.131959848912086,0.00736141794963491,0.0406424104957795
"30",0.0736052774859679,0.0919997547749493,-0.0616810367408309,-0.126593689643402,-0.0337156394627867,-0.0937874035532542,-0.0636478478182328,0.105509302821698,-0.170795500604927,0.00028587668023161,-0.125573287174858,-0.0513474974003124,-0.0174735421409018,-0.0693121690456504,-0.114139491872437,0.111462954514194,-0.231764283796452,-0.142475393674418,0.0494796972239129,-0.0623667913050219,-0.00234132594466912,0.0490844580632585,-0.055549644815729,0.0386000009122152,-0.0939616790449733,0.0395457885241948,-0.0599316699185445,0.065709289165726,0.0756802423360222,1,-0.0935166476627526,-0.0421741235539512,0.0731154714095016,0.109475061509398,-0.0788110425325726,-0.291356694940021,-0.177433597617316,-0.0770325389958191,-0.0255472175381097,-0.0158325978143363,0.0155277003375838,0.0396615665162705,0.167308900882158,-0.0818141755544896,0.116742137223985,-0.0129076863217827,0.00257758930198607,-0.0243295924749431,-0.0370495961839951,-0.0177026848416624,-0.017226571814139,-0.106905822177939,-0.0916207137844271,-0.197871824414088,0.0280720218692635,-0.334378107672451,-0.0583720921803059,-0.237262189359836
"31",0.140280834424999,0.168779626394236,0.122883050050398,0.0465448994388847,0.0307355895330613,0.0956103657913014,0.0231089473008973,0.0957299478832236,0.23068988946821,0.0757338040884158,0.246119474058178,0.0007652607396853,0.256016236295142,0.0159869967145697,0.011252408081248,-0.0994454342856322,0.130547448420992,0.117009282277352,0.223717348074508,0.162807612808105,0.0616644624709396,-0.0107435129202851,-0.0351736578609858,0.0517592558977576,0.0643143595889392,0.00907684826270806,0.0982438859291322,-0.0437413456398566,0.054643440659541,-0.0935166476627526,1,0.191397229649144,0.0578746145096433,0.044787438562481,0.193695686355378,0.276756768438558,0.0171173079420297,0.0436605979549888,0.00905092136179617,-0.095053986134024,0.0388523356680867,-0.00095533740662181,0.0184524613427068,0.0555251980551875,-0.237453693881108,-0.00715996612271045,0.00032542366118496,-0.0108725794286395,0.188665887698883,0.225038734414139,0.101288666779559,0.0445621962805591,0.0663907935929075,0.0320007337031774,0.0843029162140983,0.0471533646917042,-0.00355271928711187,-0.171391897283078
"32",-0.0306962938073321,0.0454742853150203,-0.0520435773677402,-0.144570512158339,0.169059628076783,0.0275816053774816,-0.0110385913783649,0.0265813324273115,-0.094675468433258,0.080969752236731,0.175479684733323,-0.170438943576903,-0.130604391248771,0.246333040829071,0.00625726552394796,0.088450106492202,0.114109343577772,0.375232129563345,0.190121144845486,0.286249451780089,0.0050561584215069,0.128595333987824,-0.14618413954742,-0.0229634531509562,-0.0701214309122499,0.154792233978717,0.0246167628893454,0.0166129040020183,-0.0509016207980935,-0.0421741235539512,0.191397229649144,1,-0.146384757563445,0.148261829344923,-0.00795274581155005,0.0054641852178095,-2.13655937000497e-06,0.0935395653818248,-0.111162554850119,-0.0628712839067943,0.0383092213489717,-0.0732097278986411,0.0908962456421288,0.0577874367271718,0.0562655606821551,-0.0342304773378133,-0.128854331803708,-0.0897184277416149,-0.0590724685291674,0.20090643137362,-0.00509427314672187,0.114379903188726,-0.181159354769738,-0.124541579550582,-0.0844988843705574,-0.108548316803698,0.0422317331534419,-0.0238780692121451
"33",0.243028782034048,0.250459439367133,0.0584075884177681,-0.060427132014088,-0.120277230520589,0.128523978839956,-0.00197438363420639,-0.106454361359582,0.107899778076484,0.0885954153409306,0.0702275129390926,0.00388206302925845,0.146643520545457,0.0700400556799211,0.108924618161221,0.103995712300933,0.00298472379483963,0.0268369518383542,-0.0866620245823597,0.232113271185485,0.217984187251479,-0.22829185199403,-0.0593999891538975,0.0253364021906414,0.0735007178967131,0.177751889784887,-0.0287656984969027,-0.25701575095592,0.0177978946088215,0.0731154714095016,0.0578746145096433,-0.146384757563445,1,0.258614095792771,0.0430849436618656,0.0567684735573514,0.120605588845597,0.0651446023763825,0.114370287108724,0.149269969309021,-0.0914913611123095,-0.0266676664654428,-0.0165820312527606,0.143359011826452,-0.134037863408368,-0.012361430257859,0.127689548508305,0.192862502389811,-0.0539761968369514,0.20057080034627,0.00190865205503849,0.153166802391775,0.0775331075872195,0.0669941028224506,0.0853091953273633,0.113993387576787,-0.0577263968504628,0.0917654739737927
"34",0.156797571357713,0.123004731002024,0.113222263572125,-0.0438521526766898,-0.0398225071166607,0.0917757191725019,-0.323032281734919,0.0587824321323407,0.0781599999691997,0.0122780819853052,0.0791632265520552,0.0239502342028263,-0.0012361601788567,0.101829550967171,0.0826743773629191,0.0943022985219867,-0.106452015138677,-0.0218642787582387,-0.0264214976134346,0.0159262442918132,0.0271214587832367,-0.0111197937345985,-0.095893393316708,0.115181777290676,0.133959388376549,-0.021708847189644,-0.115992562234235,-0.093736080483801,0.100171232824123,0.109475061509398,0.044787438562481,0.148261829344923,0.258614095792771,1,-0.0130755646472972,-0.0389839327939771,-0.0322530553629842,0.118608306352581,-0.111591845812605,-0.0488467395842292,-0.120913679609086,0.100134568041264,0.161327477664674,0.154039230687928,-0.163936877195091,-0.0675992510380541,-0.148044606615751,0.121956000626677,-0.0886340522687254,0.161851155857072,-0.0643590753325562,0.180437851176416,-0.0366569953456838,0.0191778556969236,-0.0759775826271615,-0.0938469787534538,0.0530682734391566,-0.0885042587313142
"35",0.0320062289812989,0.0578938463311989,0.184077314596115,-0.0509046071769259,0.0524305352384298,0.175810052554664,0.073819647393741,0.337186304740347,0.0121451513651102,-0.0863002271972835,0.251351934709005,-0.0133884616677946,0.167355130430342,-0.0569024162622619,-0.0674753755777286,-0.210962693253023,-0.10738980504201,-0.122708290003453,-0.0109873463274464,-0.0254551921635351,-0.0819244764909932,-0.0534810668261762,-0.0537447457106658,-0.0481020483193703,0.125755077348463,0.0621802933097598,0.0649015055451056,8.58342499659969e-05,-0.0849615066909382,-0.0788110425325726,0.193695686355378,-0.00795274581155005,0.0430849436618656,-0.0130755646472972,1,0.173509083057326,0.29583406712467,0.0251957851499761,-0.0122205307253715,0.0111695337520709,-0.00696949592237669,-0.172260844347901,-0.0632050478824967,-0.0426098779215703,0.205281476558319,0.0650545311715926,0.0726703811216597,0.0738667792220975,0.102726416156498,-0.125461819712635,-0.0660466617751043,0.0839749600801913,-0.0211914164473152,-0.0227141256319277,0.0630809910697859,-0.0403495074090256,0.0180894406595926,0.0820424745022185
