"","l_Insular.Cortex","r_Insular.Cortex","l_Amygdal.Area","r_Amygdal.Area","l_Bed.Nucleus.of.the.Stria.Terminalis","r_Bed.Nucleus.of.the.Stria.Terminalis","l_Hippocampus","r_Hippocampus","l_Orbitofrontal.cortex","r_Orbitofrontal.cortex","l_Entorhinal.Cortex","r_Entorhinal.Cortex","l_Frontal.Association.Cortex","r_Frontal.Association.Cortex","l_Globus.Pallidus","r_Globus.Pallidus","l_Glomerular.Layer.of.the.Accessory.Olfactory.Bulb","r_Glomerular.Layer.of.the.Accessory.Olfactory.Bulb","l_Glomerular.Layer.of.the.Olfactory.Bulb","r_Glomerular.Layer.of.the.Olfactory.Bulb","l_Granule.Cell.Level.of.the.Cerebellum","r_Granule.Cell.Level.of.the.Cerebellum","l_Hypothalamic.Region","r_Hypothalamic.Region","l_Entorhinal.Cortex","r_Entorhinal.Cortex","l_Vermix.Molecular.Layer.of.the.Cerebellum","r_Vermix.Molecular.Layer.of.the.Cerebellum","l_Lateral.Molecular.Layer.of.the.Cerebellum","r_Lateral.Molecular.Layer.of.the.Cerebellum","l_Anterior.Olfactory.Bulb","r_Anterior.Olfactory.Bulb","l_Posterior.Olfactory.Bulb","r_Posterior.Olfactory.Bulb","l_Subiculum","r_Subiculum","l_Perirhinal.Area","r_Perirhinal.Area","l_PreLimbic.System","r_PreLimbic.System","l_Primary.Cingular.Cortex","r_Primary.Cingular.Cortex","l_Primary.Motor.Cortex","r_Primary.Motor.Cortex","l_Retrosplenial.Cortex","r_Retrosplenial.Cortex","l_Secondary.Cingular.Cortex","r_Secondary.Cingular.Cortex","l_Secondary.Motor.Cortex","r_Secondary.Motor.Cortex","l_Striatum","r_Striatum","l_Ventral.Tegmental.Area","r_Ventral.Tegmental.Area","l_Substantia.Nigra","r_Substantia.Nigra","l_Thalamus","r_Thalamus"
"1",1,0.255448726969954,0.149404509277409,0.144248298968932,-0.0890636283687223,-0.18195985017613,0.0202614752974279,-0.016567833018639,0.339442957745189,0.179522743492373,0.0608695005599049,0.0410533655997804,0.0953768335883697,0.0812792297806008,0.0176039559165116,0.179958898642469,0.0502527395108823,-0.0460253370981285,-0.0490678922119292,0.00534593985014218,0.0185194645299066,0.0536679212017804,0.0599611992151386,0.00104619843327419,0.0213628702822551,-0.00962372412668098,-0.058096304198658,0.00020080822973989,0.0937838607612705,-0.158922267375145,0.0594098336177914,0.133276661529658,-0.135138473590297,-0.124746958341603,0.0929344044956746,0.0756061713125093,0.0272451412691584,0.0205962912232914,-0.0302193022313995,0.0110807401074361,-0.0260901791318085,-0.0696566299709836,0.00662063556916836,-0.0196102115768455,0.0230555064697966,-0.0437078864239344,-0.0696037621361387,0.0600545851302161,0.0488065193578113,-0.0674216575777849,0.0802402117976403,0.167974591388295,-0.0554210749049131,-0.0773301025331035,0.0785175964024229,-0.0198568258627968,-0.159015519032254,0.0627878848604549
"2",0.255448726969954,1,0.0652946284802222,-0.0466566268026045,-0.0569704642166878,0.0266059487892541,-0.0272508586002496,-0.0961372408005098,0.182374209379278,0.188792517020502,0.168846558849373,0.264753864847176,0.118148987531826,-0.0475140946998874,-0.00849853727695285,0.0186397512348401,0.198820204880074,-0.0573342537050904,-0.215964986106223,0.119533187716798,-0.00036188794109122,0.0278730036338157,-0.128322887882007,-0.125613581822744,0.0349640443828358,0.026655570501532,0.0535515607021057,0.106552045565149,0.0786357821724814,0.183228997484219,0.0264238001302755,0.0364266951079475,0.120311418435113,0.068384181226098,0.0957375178963168,0.0406203947831261,0.103630043826198,-0.0251840331467707,-0.0598986930601158,-0.00497703441788471,-0.011584218070537,-0.112951243276475,0.127180122824014,0.0537339667423007,0.0109531151385318,0.0467263266066362,-0.142814076616526,-0.0671169311070133,0.00656803550551128,0.0493531900053594,0.126308018801388,-0.00847042025461103,-0.0136857395227545,-0.103693324482517,0.131789191835315,0.00769468210911348,-0.0683520616329837,-0.228334144137881
"3",0.149404509277409,0.0652946284802221,1,0.00273058279904628,-0.0669221233633564,-0.125767764014503,0.107677644947793,-0.0583644428831531,0.0367155266449797,-0.04578426850369,0.260740363706841,0.155629075229814,0.00386659841685026,0.174458842470747,-0.184014820176817,-0.0883407994660013,0.0378262044375523,-0.0596930733887241,-0.258166438946478,-0.0279282060227122,0.274277075351813,0.070120474319481,0.0443016436358463,0.0393400478451374,0.155228428350584,0.0232739966272239,-0.0665705404059871,-0.219814403991723,-0.098190104279508,0.143557794944147,0.0772577553321525,-0.0386521514090981,-0.137064816101629,0.0829873711725924,-0.0305452822941002,-0.033506119993526,0.151306692074936,0.04378221326396,-0.207264618088657,0.021672004071384,-0.107519764782664,0.0425183769599759,-0.00176650079928663,-0.0961115967052891,-0.0537066586085196,0.0526152909216218,-0.216369351765898,-0.135285643996736,-0.063666298226658,0.15011535476338,0.0305610628607295,0.130449476122146,-0.0637429250678053,0.0301151167893025,0.127282987286563,0.0906917150011487,0.0285580962362161,-0.0167597077066599
"4",0.144248298968932,-0.0466566268026045,0.00273058279904628,1,-0.0218016277647767,0.0945082177797547,0.18665795193082,0.0594782414732383,0.0245496240935462,-0.0934063089100204,-0.0116150506019764,0.119848071147131,0.166994101433613,-0.243598660511991,0.0523142854016711,0.166450062693117,0.22153688732072,-0.205206788944793,0.00723118800467532,0.039237414115011,-0.0552119126006964,-0.21474425980702,0.0628214808988309,0.0779315791146551,-0.0675445423241673,0.159155288312917,0.00771807620148678,-0.0200882925223696,-0.00755747841275133,-0.00194576281760297,-0.0725358598513364,0.0949911238434847,-0.0776189492419938,-0.109401522550754,0.0182091078078082,0.105107370933379,-0.134873209650278,0.0749413740492003,-0.156938367389864,-0.121328293845658,0.0919809616021961,-0.0453386885412009,-0.151573285671912,0.0845171914549868,-0.208849101025727,-0.0844156715186325,0.0300944070760068,-0.207685220790337,0.0449038134817423,-0.126238584995096,-0.0785551861145328,0.0689513588690345,-0.188402987681669,0.13717584726342,0.00221116720531137,0.00363008753621138,-0.0557278877963345,0.0951458467275366
"5",-0.0890636283687223,-0.0569704642166878,-0.0669221233633564,-0.0218016277647767,1,0.0127123447793334,-0.0248816569286083,0.221682399587793,0.0129615800489749,-0.0178618699704635,-0.0064262979806799,0.087529778483823,0.0907981436051894,-0.0386483678394932,0.0167283306532602,-0.200463052353186,0.0417842124317642,-0.107505965028069,0.0803247319190474,0.25664744015205,-0.109517876253713,-0.128020955301547,0.0766393856377538,0.011993109467342,0.120274895117626,-0.020933033191986,0.0540597441598333,0.126798078658785,-0.0948003937863141,-0.0279757546037558,-0.0498432194374087,-0.0386493726920698,0.118782480133642,0.0711743881372199,0.0961808134586187,-0.0652007329116957,0.144469814156013,-0.179324895371041,0.150200794362332,0.016423901562489,0.0560092209428371,-0.107371341035989,-0.0760840935357759,-0.0829638595324331,-0.0056669561883833,0.0133166598345723,0.0806495659442587,0.087593886062268,0.136754351834608,0.0208703227313216,0.0184054972846202,0.0624069577161188,-0.182593871017503,-0.116124521485484,-0.0974970410183368,-0.0340568162357693,0.357105814184818,0.0513299275392411
"6",-0.18195985017613,0.0266059487892541,-0.125767764014503,0.0945082177797547,0.0127123447793334,1,0.00920413300270226,0.103237641168072,0.044706065615383,0.0151617786173592,-0.0054638854270559,0.0594014821494013,0.0741366010135795,-0.0864792634932575,-0.0418310028200874,0.118571303557528,-0.17010953262711,0.0425305102054637,-0.00845377058016959,0.0649805566896467,-0.112745634314732,-0.141768775837902,-0.0157045671566053,-0.0681104926552353,-0.0442468803923781,0.0719071463284362,0.078660705978698,-0.138758485107717,0.00613057631893726,0.0215352111871526,0.0227080489007031,0.00542419132513468,0.0179958491330527,0.015878314353827,0.108170940824351,-0.0164393458215054,-0.0297796576919898,-0.033280038347305,-0.0558540144595886,-0.0338685734303567,0.142441292138004,-0.011738398190773,0.0127714224136932,0.0902336469170249,0.0341534970280357,-0.173443444345724,-0.0503164122692894,-0.0665604820375752,-0.0204881932876445,-0.0796218979694354,-0.0638425703304145,-0.0834992177870563,-0.291422150615503,-0.0100158072339918,-0.158654057873624,0.06243428242172,0.1031887477802,0.0949508704314993
"7",0.0202614752974279,-0.0272508586002496,0.107677644947793,0.18665795193082,-0.0248816569286083,0.00920413300270226,1,0.0830323819779062,0.138646846484623,-0.152673220238271,0.0567270917281196,0.320342321079014,-0.0801607769918643,-0.0366079855178961,-0.1841582575778,0.0458899957832731,0.0452040394128192,0.0396844506083428,0.117391567256672,0.0922724357041226,0.0539957067429156,0.0131024442445469,-0.024883653167678,-0.0503096229388854,0.0144327590389412,-0.0550031639907306,0.20200067238497,-0.202271535606852,-0.0493951156312077,0.13399098170066,-0.0745158533952336,0.142666558642961,-0.0990972898619736,0.187683405121659,0.129434279304305,-0.00577793459157286,0.0783588824722678,0.0163695077447788,-0.155443351265265,0.0251411684365644,-0.0209601529144936,0.127188685656529,-0.00588415892110591,-0.0615677293048533,0.0314347607377124,0.00167094854835698,0.0783072298369002,0.0244017140421822,0.00198355357565809,-0.0208517823118437,-0.0658194462498803,0.0961793673950231,-0.0642699243608665,-0.122198442404189,-0.0312636490122176,-0.0467073578189584,0.106461505359214,0.0286088955685286
"8",-0.016567833018639,-0.0961372408005098,-0.0583644428831531,0.0594782414732383,0.221682399587793,0.103237641168072,0.0830323819779062,1,0.0215256998870722,-0.0403332377875183,-0.142821450550147,-0.0201292078374157,0.0895865482226876,0.050472829309247,-0.219864094687268,-0.229531300204328,0.0422139919164831,-0.0296212903707688,0.101826381404932,-0.0834900450780224,-0.184262113820058,-0.116492035994702,0.0408391052525383,0.165211414015183,0.114264564043331,0.128985066574227,-0.160329434642847,-0.0835863672650493,0.0338940625422994,-0.0549534529674341,-0.166083812265304,-0.133995865704902,0.124602868315942,0.0394322419966931,0.130837928636181,0.113763605090484,0.203185795733582,0.0244105296349015,0.0169040477114866,-0.0689184117223224,0.178201595909379,0.0675635103959119,-0.225103897889969,-0.149310638514938,0.0820597143963785,0.0676303754213448,0.0503247923966442,-0.0384501127000072,-0.0206757318336516,0.0488545083343269,-0.188700156552679,-0.0701020882703156,0.0456730038083004,0.0262573560107027,-0.140281034975742,0.0133436926690255,0.368022720504888,0.2094877956461
"9",0.339442957745189,0.182374209379278,0.0367155266449797,0.0245496240935462,0.0129615800489749,0.044706065615383,0.138646846484623,0.0215256998870722,1,0.203539014239372,0.0568672815455922,0.176836271515228,0.139493284071976,0.0306827376666157,-0.0633794758039858,0.128534027492075,0.0190863721566153,-0.0438289679117468,-0.00150882640009102,0.089137661144681,0.0387913319852127,0.0876220593786649,-0.0252091996339625,-0.131852200652419,-0.0472267248945417,0.0599496062040781,-0.0167943514964533,-0.0952271887569905,0.0908134841333242,0.0632002738905396,-0.122815140952705,0.142095825960232,0.0421248426464985,-0.0538095416043524,0.00978305124249506,-0.0412966479305181,-0.0955281277816408,-0.203680850185576,-0.218283990864029,-0.159534023210085,-0.228797704646498,-0.30581246977396,-0.084880914635022,-0.0994195561989993,-0.0587079953129387,-0.0546758220957565,-0.0739590870220426,0.0226008833252985,-0.139748763371328,-0.189092704869869,-0.00189670925372365,0.192149569494423,0.0481980561427153,-0.142619177099203,0.063654696177531,-0.109899915399269,0.0398323251908878,0.0441896856860024
"10",0.179522743492373,0.188792517020502,-0.04578426850369,-0.0934063089100204,-0.0178618699704635,0.0151617786173592,-0.152673220238271,-0.0403332377875183,0.203539014239372,1,0.00748688379663878,0.0201674370893155,0.307453060264379,0.11225227412655,-0.0487145296635835,0.0187336200308607,-0.0293727262121068,-0.0556642689342728,0.0133049435031432,-0.0790187319718469,0.123301130036112,0.257241476290146,-0.0285585787626624,-0.200006694286845,-0.0808936743679247,-0.00341856470356641,-0.0681874566615637,0.0765049169397022,0.0374812845051586,0.040634072592935,0.0128122240139609,-0.0751056741731681,-0.0126193663291793,-0.17382804491528,-0.0890699745100328,0.081249162039907,-0.120931478771965,-0.0842338064150897,-0.0161799908176945,-0.0714230485424706,-0.296103983754126,-0.268271235267011,0.113487948780489,0.0119478563717252,0.124907898084972,-0.00480410816231435,-0.196395990903716,-0.151688506879128,0.01505688580269,-0.00687621236658362,-0.0172245731531287,-0.00362053927803764,-0.130603298690271,0.0369013639494544,-0.0214134549703253,0.0322647275915727,0.113191423180986,0.16153014015964
"11",0.0608695005599049,0.168846558849373,0.260740363706841,-0.0116150506019764,-0.0064262979806799,-0.0054638854270559,0.0567270917281196,-0.142821450550147,0.0568672815455922,0.00748688379663878,1,0.0304338404337045,0.0823711663721209,-0.0584064536778475,-0.0435995223216686,-0.00076331361429754,-0.0170422589515897,-0.112565255253456,-0.112809412602612,0.0526726123338272,-0.0129022532672845,0.065650206401775,0.0100187513707765,-0.0374912448482672,-0.0909307802614055,0.0409853509773845,0.00842576308198944,-0.101224711217997,0.0542339826144609,0.0717332250092522,-0.01766406044412,0.0182790914766946,0.0685432968995233,0.0227459584074793,0.0997144609840154,-0.0153442999223403,-0.0245852050285179,0.0645990431706464,-0.0298385991963655,-0.00457840694379474,-0.0682496024298495,0.0249152921528414,-0.00867882151798965,-0.0716192052014453,0.0309521287255506,0.0935557271841817,-0.0349225405995104,0.0680689806016925,-0.0849065282821856,-0.0187311661910027,-0.136623737807407,0.209288122531819,-0.0153289373350742,-0.148474595667162,0.0536699494740765,-0.0657969241888569,-0.1813332219468,-0.0864165744275638
"12",0.0410533655997804,0.264753864847176,0.155629075229814,0.119848071147131,0.087529778483823,0.0594014821494013,0.320342321079014,-0.0201292078374157,0.176836271515228,0.0201674370893155,0.0304338404337045,1,0.0222682554146643,-0.183355670048436,-0.00119371565361401,0.00399144005634481,0.154345600741834,0.0901133690063339,-0.0843804138982965,0.159660205141345,0.0880050602220276,0.0114407263309693,-0.222585195592445,0.022548314591725,0.173787505857108,0.0364045113633743,0.0750796335025585,-0.130501010324041,-0.00643014790990464,0.203598479877793,0.040150195320285,0.14333660424418,-0.162535138746817,0.106428952432569,0.248349277989784,0.0305515818299852,0.166444143803521,-0.0365818769473007,-0.0565557308288794,-0.178030143292864,-0.207291655221359,-0.135269116126418,-0.0062888510126017,0.0205384950203432,-0.12259844519702,0.0058059657700082,-0.184251678924554,-0.0365066816943605,-0.0410970004234201,0.0356571333498633,0.0540512700081356,0.215984339066892,-0.169356585292771,-0.184030170350817,-0.0101162956212978,-0.0248749872573614,0.0923104678658157,-0.118545411919843
"13",0.0953768335883697,0.118148987531826,0.00386659841685026,0.166994101433613,0.0907981436051894,0.0741366010135795,-0.0801607769918643,0.0895865482226876,0.139493284071976,0.307453060264379,0.0823711663721208,0.0222682554146643,1,0.165529828513595,-0.0577885688645973,0.0198377860339654,0.195730318822675,-0.123176198711126,-0.0382458599492308,0.101017374731144,0.136831561860772,-0.104164778833833,0.00190789849889109,-0.190030080622253,-0.0875211131863061,-0.0823504014375331,0.146456358213474,0.0833518033307871,0.199557382396201,0.0205498682147112,-0.0189584126936584,0.133639422262393,0.071508364459589,0.0365729430279357,0.0280478670380404,0.059995373722044,0.0633362881892306,-0.104159762358768,-0.221530142186268,0.0638719545019556,-0.107840610940043,-0.0793288762091247,0.056266716902491,0.0346625960063308,-0.0403729582453836,0.155648951524921,-0.219611654770949,-0.271302624451775,0.34846577013552,0.0357473618140915,-0.242925178647801,-0.0363213085153887,-0.257052212775441,-0.0764332180169399,-0.0114656682115642,-0.0505724464494135,-0.0108241169975003,0.04938920659251
"14",0.0812792297806008,-0.0475140946998874,0.174458842470747,-0.243598660511991,-0.0386483678394932,-0.0864792634932575,-0.0366079855178961,0.050472829309247,0.0306827376666157,0.11225227412655,-0.0584064536778475,-0.183355670048436,0.165529828513595,1,0.0284673687784978,-0.0635686386272439,-0.025689958532753,0.177191077044581,0.120484298069296,-0.0481920471221404,0.32189615226984,0.0797241259061129,-0.0216174374751687,-0.0946265482759999,0.0798321170102732,0.0441351037593852,-0.0367582999533104,0.0412553907683836,-0.00053902641139238,-0.075960438964611,0.162221860372652,-0.050689047197188,-0.044979838603186,0.0938981280685978,-0.068782699952442,-0.125840526147928,0.0882498847230931,0.0272625296874754,-0.241647166901492,0.047039870649813,-0.0989583578046561,0.0853500742922741,0.108907405687839,0.0599734258165348,-0.0131691214319169,0.028954023735866,-0.0560274391833185,-0.0183742715801528,-0.0412042616135521,0.462500369706189,-0.00847728595733926,-0.0862673872971939,-0.0441149411935101,-0.16939538577382,-0.0108584866346776,0.0464603972607927,0.0540852639682217,-0.111324396707671
"15",0.0176039559165116,-0.00849853727695285,-0.184014820176817,0.0523142854016711,0.0167283306532602,-0.0418310028200874,-0.1841582575778,-0.219864094687268,-0.0633794758039857,-0.0487145296635835,-0.0435995223216686,-0.00119371565361401,-0.0577885688645973,0.0284673687784978,1,0.117844911117344,-0.0464773057454643,0.0163337961431409,0.0828373158146289,0.0721968846391754,0.00701132111344411,-0.149881806080406,-0.0563140872600925,-0.114728108287992,-0.202872023760065,0.163089649383471,-0.00825126505864353,0.189567224094312,-0.0638337895525887,-0.147318300660737,0.129789295598042,0.15457089984766,0.0128658946976057,-0.00404339217166396,0.0466251924339545,0.0907224166744372,-0.132533386553379,-0.00764988592600061,0.0807364623429058,-0.108124254223686,0.0431797049855481,-0.155320628370932,-0.0242194396906548,0.243477131595001,-0.317549309119674,-0.269062610318948,-0.0511941324263458,-0.0766025660350763,-0.0226377053432623,0.0831083261642651,0.347346400783147,-0.0449480020348444,0.110862778929132,0.0292685989459785,-0.0443785458941075,-0.146647793631365,-0.0329902631369065,-0.122853263815987
"16",0.179958898642469,0.0186397512348401,-0.0883407994660013,0.166450062693117,-0.200463052353186,0.118571303557528,0.045889995783273,-0.229531300204328,0.128534027492075,0.0187336200308607,-0.00076331361429754,0.00399144005634481,0.0198377860339654,-0.0635686386272439,0.117844911117344,1,0.00015573800500939,-0.139605247022071,0.166353433137427,0.100284380764808,-0.0621919297887426,0.017364174560189,0.0456538242614491,-0.055650017386538,-0.130611981451291,0.0275689418845842,-0.112282237056538,0.0153399951395211,-0.0522425217476632,-0.0584137179798342,0.188830661009309,0.0374066100556335,-0.105202862516808,-0.0594371161449698,0.112525610657244,-0.0366095198732633,0.0479508733395016,0.0768047269538389,0.0458784208721884,-0.118583822562571,-0.111477190985586,-0.0558909460409726,0.0720242146656328,0.178295252016632,-0.0290132632659717,-0.232410231452231,0.0513250022538239,-0.150890316659733,-0.0231943583574825,-0.0253666373541409,-0.0628561142059468,0.0629586945077743,-0.00873662244443738,-0.00604903762655958,0.0925393718902538,-0.0899226233542595,-0.181186023406244,-0.0269996659591664
"17",0.0502527395108823,0.198820204880074,0.0378262044375523,0.22153688732072,0.0417842124317642,-0.17010953262711,0.0452040394128192,0.0422139919164831,0.0190863721566153,-0.0293727262121068,-0.0170422589515897,0.154345600741834,0.195730318822675,-0.025689958532753,-0.0464773057454643,0.00015573800500939,1,-0.00639195396112332,-0.14897019396376,0.054859443209375,-0.0839719084733909,-0.0502305044053239,-0.0178248185587514,0.0287323071069273,0.182785993230412,0.0443395206623155,0.117622139343974,0.112477885307028,0.0765078313308826,0.0764207255542031,-0.215865944764902,0.0294381349714356,0.128772447594794,0.0462790249378988,-0.0813922421207243,-0.0751311197688979,-0.117464366813048,-0.148198664598888,-0.0267479280523759,0.18560592091089,0.0711181073641386,0.0159382918934346,-0.156525777487484,-0.0195761531483093,-0.0654886295071634,0.00536866105990541,-0.0338333918613968,-0.170649259818075,0.205013213701939,0.0736350211641403,-0.0432633526234655,-0.0369684257716179,-0.0870773877981875,-0.142117479657181,-0.0136360189902416,-0.0251014881205913,-0.11251978059362,-0.142790794351605
"18",-0.0460253370981285,-0.0573342537050904,-0.0596930733887241,-0.205206788944793,-0.107505965028069,0.0425305102054637,0.0396844506083428,-0.0296212903707688,-0.0438289679117468,-0.0556642689342728,-0.112565255253456,0.0901133690063339,-0.123176198711126,0.177191077044581,0.0163337961431409,-0.139605247022071,-0.00639195396112332,1,0.0448313392499126,0.0889284538353848,0.0924808496646753,-0.0121840190054961,-0.103182931218731,0.112943815542305,0.16575623277486,-0.0102844835192199,0.194482275395516,0.00683572404117517,0.121303295651191,-0.039884117624406,0.031407084291636,0.0960841075241076,-0.0704578800395107,0.00867057418948493,0.0473344665556323,-0.0543639584982316,-0.042320904426349,-0.113425360575231,0.0195140309036306,0.0334986213315391,-0.0109206148077202,0.0421227667265366,0.127271207533446,0.171489775034134,0.0636935562544119,-0.102750706731602,-0.135270639544939,-0.0613585118772894,0.0696390808297409,0.176733006050772,0.104946686495188,0.0323908165820646,-0.0112438084193295,0.0319563877551465,-0.0486631753664699,0.0978187277257509,-0.152224209734497,-0.0512871393022713
"19",-0.0490678922119292,-0.215964986106223,-0.258166438946478,0.00723118800467532,0.0803247319190474,-0.00845377058016959,0.117391567256672,0.101826381404933,-0.00150882640009102,0.0133049435031432,-0.112809412602612,-0.0843804138982965,-0.0382458599492308,0.120484298069296,0.0828373158146289,0.166353433137427,-0.14897019396376,0.0448313392499126,1,0.0764581135396323,0.0347204268744536,0.0627656693840481,0.0345703101117011,0.0247236225325963,0.0046069223123492,0.0567691143840324,0.18987188341941,0.120611851294125,0.0389738995201928,0.0009846322072446,0.291947369196576,-0.0539827375993245,-0.0427446173597594,-0.0941757533993754,-0.0219899834930415,-0.109461782678787,0.0978166127650932,0.0360185773472177,-0.00308232113360659,-0.0186032600004308,0.0480829556822009,0.111747631262541,0.00586713392081496,-0.190229378384197,-0.0600781199389141,-0.0791371026003385,0.131967707424227,0.01674442715594,0.123408637791032,-0.0415363522576748,-0.11846876892705,-0.144688574425753,0.176091410953785,-0.0087498646880909,-0.0459665200328162,0.00446995660685006,0.0605533412935972,0.0318093132308315
"20",0.00534593985014218,0.119533187716798,-0.0279282060227122,0.039237414115011,0.25664744015205,0.0649805566896467,0.0922724357041226,-0.0834900450780224,0.089137661144681,-0.0790187319718469,0.0526726123338272,0.159660205141345,0.101017374731144,-0.0481920471221405,0.0721968846391754,0.100284380764808,0.054859443209375,0.0889284538353848,0.0764581135396323,1,0.285059019179724,-0.154348959473671,-0.0135425615652373,0.0162772218406463,-0.0751463608394924,0.0275096910740158,0.279325712887144,0.154333283775352,-0.0702531445327283,0.168282837043903,0.036979080025624,0.0898645874097779,-0.0475183536525532,0.0426980207374721,0.134254407496341,0.044995552967781,-0.04482827569465,-0.092599119795502,-0.0832097868830596,-0.0944787079724363,-0.338297034475801,-0.265052574029408,0.130097296386751,-0.0124236170848205,-0.139111647858514,-0.184440237587129,-0.125325998367985,-0.0606714116289131,-0.00364046510795279,0.0622015579392171,0.0810281814746867,0.0680935610591101,-0.132555303131125,-0.20008185197846,-0.0455610169762443,-0.133134204187885,-0.0292916113525502,-0.052576659806005
"21",0.0185194645299066,-0.00036188794109122,0.274277075351813,-0.0552119126006964,-0.109517876253713,-0.112745634314732,0.0539957067429156,-0.184262113820058,0.0387913319852127,0.123301130036112,-0.0129022532672845,0.0880050602220277,0.136831561860772,0.32189615226984,0.00701132111344411,-0.0621919297887426,-0.0839719084733909,0.0924808496646753,0.0347204268744536,0.285059019179724,1,-0.0202668868483912,0.102893254166429,-0.142840840801721,0.0667924936798363,0.0890572682145713,0.171833062515217,-0.0598669428056367,-0.0126867973305822,-0.0115557266100834,0.0410805838175858,-0.0634454181237623,-0.29480588576595,0.0687036872397946,-0.0375149515312269,0.0866862194361919,0.126515157848031,0.0183420385858055,-0.120266673309497,0.0732299639808209,-0.230328577707398,-0.0159787102732176,0.113942055065474,-0.0350817766735806,-0.189513391398951,-0.0704057333878287,-0.196373751676129,-0.11310471159381,0.0917141247017807,0.281707431168522,-0.0291818226442169,-0.111170338418414,-0.12987621549581,-0.209787955088342,0.108103972691752,0.0192863677099347,-0.00628095739088351,-0.143373588509649
"22",0.0536679212017804,0.0278730036338157,0.070120474319481,-0.21474425980702,-0.128020955301547,-0.141768775837902,0.0131024442445469,-0.116492035994702,0.0876220593786649,0.257241476290146,0.065650206401775,0.0114407263309693,-0.104164778833833,0.0797241259061129,-0.149881806080406,0.017364174560189,-0.0502305044053239,-0.0121840190054961,0.0627656693840481,-0.154348959473671,-0.0202668868483912,1,-0.1382715409179,-0.0778926717909369,-0.0292040836050558,0.00823070612374894,-0.104507808071527,-0.0212292562122145,-0.127765023927164,0.0326438990976585,-0.0146340524022924,-0.0115138929484036,0.00666237686662994,-0.0663391736866761,-0.166226439880297,-0.147487474067843,-0.103841860671305,-0.0355457665760768,0.0601131705088271,-0.0615964847599622,-0.14222339286396,-0.082123414985401,0.132724440532697,-0.0525385860072503,0.137006931153103,0.0865474863007943,-0.00847551270978562,0.0976791409525597,-0.0198822185670187,0.0287593442985664,-0.0428110714083634,0.050202479347982,0.0735852875067557,-0.0648528874354096,0.0245667636655594,0.0546134082626653,0.0654155125137825,0.005900347314786
"23",0.0599611992151386,-0.128322887882007,0.0443016436358463,0.0628214808988309,0.0766393856377537,-0.0157045671566053,-0.024883653167678,0.0408391052525383,-0.0252091996339625,-0.0285585787626624,0.0100187513707765,-0.222585195592445,0.00190789849889109,-0.0216174374751687,-0.0563140872600925,0.0456538242614491,-0.0178248185587514,-0.103182931218731,0.0345703101117011,-0.0135425615652373,0.102893254166429,-0.1382715409179,1,-0.139256431420863,0.107497166639517,0.0132980702937078,-0.132915778431223,-0.120482351198286,0.00979387159759825,-0.0274476263403928,-0.0579282740306779,-0.274863433190828,0.0811409039487364,-0.0674294888316606,-0.204988877078921,-0.164038674822528,-0.00514391085266718,-0.0303876972716528,-0.111449724167468,0.113612079451031,0.126255314318544,0.207825323112954,-0.104154446596725,-0.010348837135879,-0.033011126877174,-0.118766614876387,0.062341410383991,0.0706556047378387,0.0756976105577078,-0.0626459559288862,-0.0180130402860634,-0.0761802927225184,-0.170462209030111,0.0664175345661556,0.152220801883348,0.134233458255211,0.0423183076874474,0.082520703587983
"24",0.00104619843327419,-0.125613581822744,0.0393400478451374,0.0779315791146551,0.011993109467342,-0.0681104926552353,-0.0503096229388854,0.165211414015183,-0.131852200652419,-0.200006694286845,-0.0374912448482672,0.022548314591725,-0.190030080622253,-0.0946265482759999,-0.114728108287992,-0.055650017386538,0.0287323071069273,0.112943815542305,0.0247236225325963,0.0162772218406463,-0.142840840801721,-0.0778926717909368,-0.139256431420863,1,0.159436970579357,0.0114097212298361,-0.00322407519817608,0.100793955806456,0.0530282344120574,-0.142167223080594,0.172839380878219,-0.0259241324599383,-0.178198027241264,0.0949295668153805,-0.12038272003779,-0.0378344573929972,0.0623444213880399,0.149491970293956,0.0554252983914928,-0.0530143117593036,-0.0372918280715177,-0.035761250739081,0.0578044688278361,-0.0946748439648693,0.150303315179471,0.0709954464613097,0.0989596618809908,0.0315268074646075,-0.0320698771017459,0.0617195668163857,0.0811657198387821,0.12488432782878,-0.0462014023479327,0.110724685611585,0.0141939883366646,-0.00034998940133631,-0.0343036733760623,-0.067240448640727
"25",0.0213628702822551,0.0349640443828358,0.155228428350584,-0.0675445423241673,0.120274895117626,-0.0442468803923781,0.0144327590389412,0.114264564043331,-0.0472267248945417,-0.0808936743679247,-0.0909307802614055,0.173787505857108,-0.0875211131863061,0.0798321170102732,-0.202872023760065,-0.130611981451291,0.182785993230412,0.16575623277486,0.0046069223123492,-0.0751463608394924,0.0667924936798363,-0.0292040836050558,0.107497166639517,0.159436970579357,1,0.199013402149629,0.0702979406709038,-0.0648709465608765,0.00919590392696091,0.0932173419246509,0.00813738540258869,-0.115466755250835,-0.0232699168067573,0.00213903429747721,-0.013466329421791,0.0561801110990519,0.125390389963796,0.0267728563828196,-0.0238669476091512,0.16440483300918,0.142959427970874,0.182780245791381,-0.0314048910233022,-0.12082392635842,0.052622021722898,0.0748573001731329,0.0712252829198716,0.100520294262006,0.0496321275127599,0.120007006073212,0.0489127746362678,-0.217409332294037,-0.0426166564249981,-0.0891037999933918,0.081583448076162,-0.013091545720641,-0.0548515820633167,-0.083835667008386
"26",-0.00962372412668098,0.026655570501532,0.0232739966272239,0.159155288312917,-0.020933033191986,0.0719071463284362,-0.0550031639907306,0.128985066574227,0.0599496062040781,-0.00341856470356641,0.0409853509773846,0.0364045113633743,-0.0823504014375331,0.0441351037593852,0.163089649383471,0.0275689418845842,0.0443395206623155,-0.0102844835192199,0.0567691143840324,0.0275096910740158,0.0890572682145713,0.00823070612374894,0.0132980702937078,0.0114097212298361,0.199013402149629,1,-0.196464360526225,0.11425393526173,-0.0131295544256042,0.0404326116890385,0.0216738053503938,-0.0296977664380913,-0.014523634872945,-0.0291774124708031,-0.0132971222320242,0.16443537139729,0.0779377181665611,0.176269565818393,-0.00781053178828227,-0.0642117422279208,0.0141908992767255,-0.0547869995091892,-0.00389942215088477,0.0108151017613843,-0.160846576490954,-0.0273018887071522,-0.0906865796831625,-0.0304972395673895,-0.0621702928078895,0.0510025121303645,0.161238545891455,-0.0360701728075585,0.175751720161289,-0.0748410258112548,0.0753246165425923,0.0312147793926407,0.0682570321623011,-0.00184792615410884
"27",-0.058096304198658,0.0535515607021057,-0.0665705404059871,0.00771807620148678,0.0540597441598333,0.078660705978698,0.20200067238497,-0.160329434642847,-0.0167943514964533,-0.0681874566615637,0.00842576308198944,0.0750796335025585,0.146456358213474,-0.0367582999533104,-0.00825126505864353,-0.112282237056538,0.117622139343974,0.194482275395516,0.18987188341941,0.279325712887144,0.171833062515217,-0.104507808071527,-0.132915778431223,-0.00322407519817608,0.0702979406709038,-0.196464360526225,1,0.0976922918473442,0.131172730530776,0.0937566298186218,-0.0982822244223169,0.121845087074932,0.0487898733915391,0.181488642320837,-0.048015722755085,-0.0828194872726381,0.0289040114272252,-0.132939617752478,-0.0737318998988446,0.188196578998819,-0.0219064637229033,-0.0825234418956404,-0.0163871950159473,0.149335995541227,-0.106983123925999,-0.0194285664602653,0.0127639089019909,0.0322317563439229,-0.0303898150389792,-0.0466471639090234,-0.110357447620761,-0.110881086147901,-0.124442827292325,-0.18408600175128,0.00802484895737987,-0.133644398249326,-0.118711148242994,-0.175797817185584
"28",0.00020080822973989,0.106552045565149,-0.219814403991723,-0.0200882925223696,0.126798078658785,-0.138758485107717,-0.202271535606852,-0.0835863672650493,-0.0952271887569905,0.0765049169397023,-0.101224711217997,-0.130501010324041,0.0833518033307871,0.0412553907683836,0.189567224094312,0.0153399951395211,0.112477885307028,0.00683572404117517,0.120611851294125,0.154333283775352,-0.0598669428056367,-0.0212292562122145,-0.120482351198286,0.100793955806456,-0.0648709465608765,0.11425393526173,0.0976922918473441,1,0.0212043989325243,-0.0925198818473683,-0.0782684746738884,0.161943705912677,0.0584987577138049,0.0644194531188845,-0.149902300334643,-0.0668566935229458,-0.126709521217045,0.0422191506444761,0.0404218594393918,-0.0587984205984783,-0.0110439358789265,-0.00491662087966481,0.238499149549598,0.318410339154687,0.0794147913867219,0.0587606846083605,-0.200916629953307,-0.147812284139689,0.265667788937896,-0.00927170461739955,-0.0306496908748517,-0.126311056020416,0.177800976413247,-0.137499592902276,-0.00216035501591978,0.021162894708285,0.0684183802642075,0.0378453017961941
"29",0.0937838607612705,0.0786357821724814,-0.098190104279508,-0.00755747841275133,-0.0948003937863141,0.00613057631893726,-0.0493951156312077,0.0338940625422994,0.0908134841333242,0.0374812845051586,0.0542339826144609,-0.00643014790990464,0.199557382396201,-0.00053902641139238,-0.0638337895525887,-0.0522425217476632,0.0765078313308826,0.121303295651191,0.0389738995201928,-0.0702531445327283,-0.0126867973305822,-0.127765023927164,0.00979387159759825,0.0530282344120574,0.00919590392696091,-0.0131295544256042,0.131172730530776,0.0212043989325243,1,-0.0550506920737466,0.0156154804387035,0.181061627626778,0.0252954531333281,0.0503018831709808,-0.0781401365351857,-0.0852686497566698,0.13730381554626,0.0562712291135687,-0.111292483314264,-0.0311686209197176,-0.0883259876094459,-0.121223514655638,0.142218939703023,0.202327268475028,-0.0142976639817596,-0.0664870274040362,-0.246496596504236,-0.157145348230195,0.0485011487222735,-0.226391026490373,-0.00449946598932298,-0.173310479303619,0.0784970351330766,-0.145889479038831,-0.0365930597436414,0.0204883159442003,-0.217383844105494,0.051499551154449
"30",-0.158922267375145,0.183228997484219,0.143557794944147,-0.00194576281760297,-0.0279757546037558,0.0215352111871526,0.13399098170066,-0.0549534529674341,0.0632002738905396,0.040634072592935,0.0717332250092522,0.203598479877793,0.0205498682147112,-0.075960438964611,-0.147318300660737,-0.0584137179798342,0.0764207255542031,-0.039884117624406,0.0009846322072446,0.168282837043903,-0.0115557266100834,0.0326438990976585,-0.0274476263403928,-0.142167223080594,0.0932173419246509,0.0404326116890385,0.0937566298186218,-0.0925198818473683,-0.0550506920737466,1,-0.0423625777556049,0.0351603999967248,0.0675207925871544,0.0630911337092408,0.0660430258327672,-0.0840568895193616,-0.0555735667574118,0.175939314892218,-0.158570874517284,-0.0483836858662563,-0.15458290830421,-0.0561975149550632,0.142813853559566,-0.045499577097459,0.00276219183004549,-0.0547842976181605,-0.161824683005036,-0.209652695927423,0.135761748750732,-0.0138203893188526,0.0326660456869776,0.0724839369597749,0.0856897007015256,0.0314895782970653,-0.083582209190871,0.00030664665864275,-0.0221440819292533,0.0390072277777884
"31",0.0594098336177914,0.0264238001302755,0.0772577553321526,-0.0725358598513364,-0.0498432194374087,0.0227080489007031,-0.0745158533952336,-0.166083812265304,-0.122815140952705,0.0128122240139609,-0.01766406044412,0.040150195320285,-0.0189584126936584,0.162221860372652,0.129789295598042,0.188830661009309,-0.215865944764902,0.031407084291636,0.291947369196576,0.036979080025624,0.0410805838175858,-0.0146340524022924,-0.0579282740306779,0.172839380878219,0.00813738540258869,0.0216738053503938,-0.0982822244223169,-0.0782684746738884,0.0156154804387035,-0.0423625777556049,1,-0.162409939742855,-0.159225868490761,-0.0648853898022552,-0.0176872103698492,-0.0785694085971307,0.181539222658556,0.0514901071826159,-0.1150269432533,-0.171369442623075,-0.120954202268199,-0.0199992506605981,0.256921111055011,-0.159663702526389,0.0494107097076451,-0.0474498229936692,-0.0419597466419621,-0.0547672920890538,-0.0901625960152048,-0.0126143739083943,-0.0103097191939425,0.0114437767634613,-0.0480022873649214,0.135693325523653,-0.0294283203444837,0.173935171387687,-0.122745166418828,0.0017386115674601
"32",0.133276661529658,0.0364266951079475,-0.0386521514090981,0.0949911238434847,-0.0386493726920698,0.00542419132513468,0.142666558642961,-0.133995865704902,0.142095825960232,-0.0751056741731681,0.0182790914766946,0.14333660424418,0.133639422262393,-0.050689047197188,0.15457089984766,0.0374066100556335,0.0294381349714356,0.0960841075241076,-0.0539827375993245,0.089864587409778,-0.0634454181237623,-0.0115138929484036,-0.274863433190828,-0.0259241324599383,-0.115466755250835,-0.0296977664380913,0.121845087074932,0.161943705912677,0.181061627626778,0.0351603999967248,-0.162409939742855,1,-0.05499751643691,0.0549517454896454,0.186723877837424,-0.050066029311172,-0.0485990976822299,0.00781757454115387,-0.0743894434704176,-0.155274526030316,-0.11246796290781,-0.078302849092477,0.125786553610701,0.30964795146024,-0.0713923850034964,-0.121932247255688,-0.0955505228898799,-0.0958652267866049,0.0302032206923678,-0.0375146980301685,0.196947355978496,0.00117076464070408,0.0117037268998855,-0.25880890690376,-0.168452309909229,0.0363151853439888,-0.171557134073744,-0.148401060271919
"33",-0.135138473590297,0.120311418435113,-0.137064816101629,-0.0776189492419938,0.118782480133642,0.0179958491330527,-0.0990972898619736,0.124602868315942,0.0421248426464985,-0.0126193663291793,0.0685432968995233,-0.162535138746817,0.071508364459589,-0.044979838603186,0.0128658946976057,-0.105202862516808,0.128772447594794,-0.0704578800395107,-0.0427446173597594,-0.0475183536525532,-0.29480588576595,0.00666237686662994,0.0811409039487364,-0.178198027241264,-0.0232699168067573,-0.014523634872945,0.0487898733915391,0.0584987577138049,0.0252954531333281,0.0675207925871544,-0.159225868490761,-0.05499751643691,1,0.0845181422988173,-0.032324156298364,-0.175684774061347,-0.123255994213282,-0.2149286504843,0.126638398994875,0.167592269598044,0.165452357361347,-0.00727028554958559,-0.11013008237645,0.0425146388044225,-0.183278762248033,-0.044179692263614,0.0917279141038879,0.0693985218344281,0.0414792760517731,-0.0785473584591532,-0.0949374713880578,0.00896574277922084,0.114826033370207,-0.00185701233919355,-0.0436438124279477,-0.196976051133678,-0.0327630096082914,-0.00641076783057353
"34",-0.124746958341603,0.068384181226098,0.0829873711725924,-0.109401522550754,0.0711743881372199,0.015878314353827,0.187683405121659,0.0394322419966931,-0.0538095416043524,-0.17382804491528,0.0227459584074793,0.106428952432569,0.0365729430279357,0.0938981280685978,-0.00404339217166396,-0.0594371161449698,0.0462790249378988,0.00867057418948493,-0.0941757533993754,0.0426980207374721,0.0687036872397946,-0.0663391736866761,-0.0674294888316606,0.0949295668153805,0.00213903429747721,-0.0291774124708032,0.181488642320837,0.0644194531188845,0.0503018831709808,0.0630911337092408,-0.0648853898022552,0.0549517454896454,0.0845181422988173,1,0.164442443055344,0.0055228622139091,0.087712641179391,-0.0708357436938527,-0.0019931475501185,0.279315050125339,0.158669415735679,0.0621462457514919,0.0459592706812862,0.135328404873567,0.0336219016046908,0.152003153044097,0.107290307527726,0.0340104276971447,0.136327586812376,0.0707450953019142,-0.00526671612956334,0.0573216686123356,-0.113164213143924,-0.141782651171844,0.169534831476511,0.0148335293179201,-0.0354432567219833,-0.107613718327078
"35",0.0929344044956746,0.0957375178963168,-0.0305452822941002,0.0182091078078082,0.0961808134586187,0.108170940824351,0.129434279304305,0.130837928636181,0.00978305124249506,-0.0890699745100328,0.0997144609840154,0.248349277989784,0.0280478670380404,-0.068782699952442,0.0466251924339545,0.112525610657244,-0.0813922421207243,0.0473344665556323,-0.0219899834930415,0.134254407496341,-0.0375149515312269,-0.166226439880297,-0.204988877078921,-0.12038272003779,-0.013466329421791,-0.0132971222320242,-0.048015722755085,-0.149902300334643,-0.0781401365351857,0.0660430258327672,-0.0176872103698492,0.186723877837424,-0.032324156298364,0.164442443055344,1,0.175513261988636,0.207221763914476,0.00830035300725613,0.096646494247486,-0.133416420642743,-0.0131026460508176,0.0379960981534865,0.00626867975866887,-0.0637404440915245,0.0994892674149538,-0.0285675530917908,0.0648857591478452,-0.0585045102076273,-0.00272438626593758,0.193905444531357,0.0339037156705283,0.159728912975197,-0.106045305588728,-0.133717727226351,-0.0690854186151616,-0.0227732223023007,-0.0863645309471913,-0.0671627331605415
