"","l_Insular.Cortex","r_Insular.Cortex","l_Amygdal.Area","r_Amygdal.Area","l_Bed.Nucleus.of.the.Stria.Terminalis","r_Bed.Nucleus.of.the.Stria.Terminalis","l_Hippocampus","r_Hippocampus","l_Orbitofrontal.cortex","r_Orbitofrontal.cortex","l_Entorhinal.Cortex","r_Entorhinal.Cortex","l_Frontal.Association.Cortex","r_Frontal.Association.Cortex","l_Globus.Pallidus","r_Globus.Pallidus","l_Glomerular.Layer.of.the.Accessory.Olfactory.Bulb","r_Glomerular.Layer.of.the.Accessory.Olfactory.Bulb","l_Glomerular.Layer.of.the.Olfactory.Bulb","r_Glomerular.Layer.of.the.Olfactory.Bulb","l_Granule.Cell.Level.of.the.Cerebellum","r_Granule.Cell.Level.of.the.Cerebellum","l_Hypothalamic.Region","r_Hypothalamic.Region","l_Entorhinal.Cortex","r_Entorhinal.Cortex","l_Vermix.Molecular.Layer.of.the.Cerebellum","r_Vermix.Molecular.Layer.of.the.Cerebellum","l_Lateral.Molecular.Layer.of.the.Cerebellum","r_Lateral.Molecular.Layer.of.the.Cerebellum","l_Anterior.Olfactory.Bulb","r_Anterior.Olfactory.Bulb","l_Posterior.Olfactory.Bulb","r_Posterior.Olfactory.Bulb","l_Subiculum","r_Subiculum","l_Perirhinal.Area","r_Perirhinal.Area","l_PreLimbic.System","r_PreLimbic.System","l_Primary.Cingular.Cortex","r_Primary.Cingular.Cortex","l_Primary.Motor.Cortex","r_Primary.Motor.Cortex","l_Retrosplenial.Cortex","r_Retrosplenial.Cortex","l_Secondary.Cingular.Cortex","r_Secondary.Cingular.Cortex","l_Secondary.Motor.Cortex","r_Secondary.Motor.Cortex","l_Striatum","r_Striatum","l_Ventral.Tegmental.Area","r_Ventral.Tegmental.Area","l_Substantia.Nigra","r_Substantia.Nigra","l_Thalamus","r_Thalamus"
"1",1,0.158241433536194,-0.0426992817830685,0.0385800488466625,-0.157923778021412,0.120751468071536,-0.0855201687913812,-0.287379787355829,0.327570022733931,0.103617297034527,0.0912255834215451,0.119933311094397,-0.0278126809543786,-0.0455360414399471,0.193050678278017,0.108120055347292,0.0129010407379799,0.0723372529727714,0.0442453504291562,0.092263435533367,-0.0236795694619037,0.195441618387184,-0.0875686830546917,0.0655944430275607,0.019306950854127,-0.173321307791792,0.232957834980473,0.0291943694274744,-0.0933419075412507,-0.00181664704148196,-0.0557028750056427,0.112027239709937,-0.00602978836104663,-0.0994037292407282,-0.203377724743442,-0.0246666125164479,-0.0370507886775979,0.046751722535771,0.011696391142752,-0.0902461449538665,-0.119828246399295,-0.0886687459669759,0.190637495561164,0.00278234103299609,-0.195176165901422,0.0507635431879306,-0.157599506309401,-0.101826121448451,-0.210005566848384,-0.00627381693355437,0.316334764233293,0.303058228306568,0.0004770774892311,-0.143854090622323,0.0131013705285597,-0.0618683226044383,-0.119197710996904,-0.0578473133685489
"2",0.158241433536194,1,-0.0745814595329929,-0.0524394269789469,0.105763746343225,0.0274187338010209,0.013840672284878,-0.0586394614870142,0.09987474770408,0.305345353839448,0.171319386437645,0.141658963550767,0.0534506768516737,0.0988458886171511,0.0107675499022262,-0.0799087304981383,0.088249416673245,0.0826856696365452,0.0125322903387088,-0.196780233275975,0.132174424055938,0.0689926136328387,-0.0123562026227903,-0.0291306873997204,0.043118929543688,0.0918445641247145,0.0571737853247919,0.10158033009845,-0.0618723992119837,0.125028556038984,0.182715056021034,-0.181850761172471,0.033763846734381,-0.036668149849364,-0.192062344993294,0.0922024833142075,0.0849337682187038,0.222625701379777,-0.154490164353748,-0.0639634913274112,0.132365153771188,0.103130209641968,-0.0274168636194619,-0.129349182211025,-0.18428266294256,0.0207982424014994,0.0471674824120198,0.0591891388061957,0.0549455650311171,-0.0379566216457411,-0.0551703085494475,0.0419711913283951,-0.00909843445515837,-0.241545076147061,0.0276724914190652,-0.117522760687808,-0.0850507552678551,-0.0383097477812632
"3",-0.0426992817830685,-0.0745814595329929,1,-0.0780160093994661,-0.0596454642914613,0.0461693802644623,-0.274585630247499,0.125455948908702,-0.207752137165187,-0.179006109297495,0.016061964469835,-0.11157641048472,-0.0760494042534398,0.0260185731269508,-0.155674244340092,0.0513829461555916,0.0847441771510862,-0.0743854121899427,0.0156739024842669,0.169942048130716,0.0254474568740935,0.0256859107158997,-0.0637240337078078,0.00783391367657062,0.0577282957330321,-0.0853310373824622,0.0560372598822687,0.0371350223438805,0.19319346866974,0.0420934513067244,-0.0206609480137717,-0.0201336828879612,-0.0642295522765868,-0.00369584183767488,-0.0840178580214894,0.102464693199194,0.0914277038392326,-0.0192234133249549,0.108883439193165,-0.0387348149801057,0.15129660492195,-0.0442997892933817,-0.00050620911626006,-0.0872123664425576,0.231838827620704,0.0422157376887609,0.309511033065191,0.162760918450908,-0.0812465840215108,-0.0196002726363858,-0.00319519765774649,-0.114646725929147,-0.00410074832534082,-0.117360229860289,-0.00628565261496027,0.0450877343710868,0.102041709485418,0.124700355751722
"4",0.0385800488466625,-0.0524394269789469,-0.0780160093994661,1,-0.0799855741362567,0.0737643871559026,0.17296101991599,0.0438181081154595,0.00059983340002378,0.0301159285897522,0.201906029238434,0.113367282911166,-0.0394698681483478,0.20458297783174,-0.0406434568816617,-0.0231649753367571,0.245260849196869,-0.015892185288264,-0.132384092678257,-0.0989234391085715,-0.0904440491538113,-0.0877502664317523,-0.105742736836725,-0.0926891322830748,0.0156888720786147,0.0714684032250604,-0.0515691232076704,-0.283376815487121,-0.184590873042283,-0.116332089816587,-0.00902735514216766,-0.104163228010495,0.0876617023469624,-0.182501998478697,-0.133320904151763,-0.00118873266905047,0.059101527734626,0.0593717661198975,0.130228114498481,0.0450110089204475,-0.0272329097171146,0.00099574400632392,-0.0630831004251475,-0.0221018652087407,0.0502142126701167,-0.205128312478518,0.00369527621193985,0.031864815471445,-0.0336134298818057,0.13234725496875,-0.235023693212918,-0.212048708770957,-0.105700136742042,-0.199941532020761,0.084602727141169,-0.219425222998619,-0.203761193892874,0.0744972477542047
"5",-0.157923778021412,0.105763746343225,-0.0596454642914613,-0.0799855741362567,1,0.15130053787276,0.136087514414752,-0.0878236602533723,0.0548130740315621,-0.126662451685295,0.11309994514946,-0.013496363633286,-0.0545197764381785,0.0893698432789201,0.232051914515364,-0.014403619461218,-0.194171166851572,-0.10383151741214,0.0176657576388279,-0.0394690197942878,-0.0421818188808839,-0.143684411475932,-0.0296719147802057,-0.1923721884115,0.0607246385668725,0.0203463231260324,-0.0906342330512073,0.258421236924013,0.0687261553392669,-0.0347218384573092,0.133402146274674,0.0460805192691101,0.125575292401592,0.0784318675665169,-0.0578532797384988,-0.224860777477451,0.00238265194070787,0.234643796369145,-0.038598697847449,-0.0497215859844271,0.0542111985452478,0.105903205112265,0.0800554489510991,0.113990750230795,-0.0996063139028631,-0.052626368753316,0.0706305601866763,0.0733465422708369,0.0510800878114839,0.0290850226030386,0.173851294370048,-0.00120407845393742,-0.0456012186294068,0.0896347813772582,0.0626977055735451,-0.0429140668762717,0.188283625518188,-0.0212797702307678
"6",0.120751468071536,0.0274187338010209,0.0461693802644623,0.0737643871559026,0.15130053787276,1,0.0359668455359099,-0.1291344672019,-0.153244958219555,-0.0283755265562901,-0.0448533862633322,0.340575166357936,0.0658607555559951,0.217060291890604,0.0932647305380305,-0.0554652239048645,-0.0294737736603702,0.0264910242297983,-0.0264322485526366,-0.0199424800474998,-0.153551014781976,0.0452614347241013,-0.0964889048984804,0.044914833959123,-0.0261541441573621,-0.0919967113910177,-0.150823013643965,-0.0216256801231968,-0.113748697217335,-0.233351761422507,0.0812759814710971,0.0159822521552467,0.0485685785750491,0.237402151041836,-0.218901061125444,-0.088613767527275,-0.0529782375451002,-0.0296996410404283,0.0434318280752545,0.0909873026413593,-0.0355396449591987,-0.0318659710211607,-0.119661439769937,0.0837279239518105,-0.0315751658324362,0.137698899999556,0.130746068960867,-0.0139793742406733,-0.143931267909842,0.0440727461269767,0.299513966267663,0.188240690156922,-0.0287266450040696,-0.0941971447063168,0.0962467229854657,-0.0644975306854388,0.270062087840964,0.290902765206755
"7",-0.0855201687913812,0.013840672284878,-0.274585630247499,0.17296101991599,0.136087514414752,0.0359668455359099,1,0.0634974506392378,0.0807736760074461,0.0522641361039582,-0.110200197394953,-0.120720784952185,0.0151086070556396,0.0517228214416275,0.165990145870766,-0.20337281488174,0.00221318143406436,-0.0457989745876585,-0.0220714804890005,-0.128755669560574,-0.00939764117712006,-0.189938314979575,0.0176021868079712,-0.0716934628545588,0.117766070836577,0.00531324510309701,0.0254243310428404,0.0369817917254349,-0.09564028649171,-0.143621083291626,0.0258081190851352,-0.0416475853453242,0.100948825274507,0.151417500208245,0.154388062150676,0.0108153525451903,-0.0954280461952433,-0.0457209342157314,-0.100199576334768,0.0215992138077175,-0.0292844808764104,-0.0698826427959814,-0.0723655841047417,0.150786113688655,-0.0849403508446731,-0.0676677405323035,-0.108599071896022,-0.0356449951199211,0.0193663650456631,-0.0988761868960406,-0.101637512852749,-0.222262485382481,-0.0461080158136225,-0.0345961921903608,-0.0172775141449303,0.129443774480326,0.0613284721480009,0.22063974284352
"8",-0.287379787355829,-0.0586394614870142,0.125455948908702,0.0438181081154595,-0.0878236602533723,-0.1291344672019,0.0634974506392378,1,-0.0498955813647735,-0.0675678420987014,-0.220692533218794,-0.163639009791072,0.107413493945855,-0.0393053821297614,-0.143538213576791,-0.241168599413815,0.122226985907171,-0.0601927008769344,0.00075577104958991,0.00689607575989045,-0.123943550808379,0.0778376561015407,0.143220452952894,-0.010236576903477,0.026975375363679,-0.0264699476014978,0.0559942149527444,-0.163047235640568,0.0765963241673892,0.12891415131915,0.0597419909965194,0.0656968227565219,-0.0698422257332192,-0.0549422794911346,0.00014124308362061,0.082081427435836,-0.0505877746260539,-0.0923022416783759,0.012151070545615,0.0619183867989846,0.0134068620900074,-0.124348376799211,-0.0829156041144318,0.0120421023709449,-0.0676817982304133,-0.0594446835615646,0.0423907245128758,-0.0986526633212366,0.230539705327544,-0.0927977641727842,-0.297360787686537,-0.292946062491206,0.0417605409661176,-0.02481575638035,0.0411866177228691,-0.0241292289448215,-0.0174725424358074,0.169723760134968
"9",0.327570022733931,0.09987474770408,-0.207752137165187,0.00059983340002378,0.0548130740315621,-0.153244958219555,0.0807736760074461,-0.0498955813647735,1,0.562965787647309,0.0614926155969054,-0.0352701938395699,0.0697516190936605,0.141889637681354,-0.0462523763921099,-0.00287697647195563,-0.223851918229697,0.00297251265101146,-0.0876074520549983,0.0348784101959558,0.0448510031492429,0.0932800977642336,0.0992947933459768,-0.0790862127853896,0.027179146607036,-0.172635980583542,0.11018854554673,0.127651396496964,0.143837858546239,0.0319061944926974,-0.0716962016434615,0.142870376404209,-0.0738855709653328,-0.152382812162675,-0.127319624972932,-0.0775148527959236,0.041694672586653,-0.0071917901904192,-0.306654306891904,-0.27369171051041,-0.309553238151136,-0.292078241309009,0.457125317407912,0.164551991808498,-0.202239074446501,-0.00593061761257146,-0.388854773149702,-0.290736275365771,-0.0250532388064742,0.081221067928413,0.108470970822268,0.213726221219192,-0.0276334236057986,-0.0350246958808748,0.0204736336645495,-0.0573828275103903,-0.0592220719158431,-0.241314794680424
"10",0.103617297034527,0.305345353839448,-0.179006109297495,0.0301159285897522,-0.126662451685295,-0.0283755265562901,0.0522641361039582,-0.0675678420987014,0.562965787647309,1,-0.0121331126793817,-0.0335191536314879,0.185456651681951,0.202680860717119,-0.0110171092918822,0.0416563989837444,-0.104207587148759,0.117085619041236,-0.205734741035571,-0.118547608005914,0.0428053985290782,0.174635933192306,0.0890708386470608,-0.256795425035472,-0.100235581226205,-0.104966462999284,0.0577187937008235,-0.110943950224953,0.0748191437865842,-0.0907962822992038,-0.0192329623991303,-0.113395349121454,-0.0445251957561956,-0.00740014426909672,-0.291477180687527,0.0454784015424392,0.0304665394132869,0.14666346829956,-0.268863317959894,-0.116702107653709,-0.0747912509904763,-0.0754881544576019,0.257975934257271,0.215955464528006,0.0158167059839604,-0.0670514246063997,-0.112739811384739,-0.109848824437005,0.0226434474514651,0.192195508899959,-0.0494116091007751,0.235018959693443,-0.0918730450149346,-0.152280452543341,0.0142687317395404,-0.188017851316101,-0.0791208558495594,-0.110512447771879
"11",0.091225583421545,0.171319386437645,0.016061964469835,0.201906029238434,0.11309994514946,-0.0448533862633322,-0.110200197394953,-0.220692533218794,0.0614926155969054,-0.0121331126793817,1,0.202661995175367,-0.133446022551375,-0.028947007794027,0.0166447417157451,8.08751319997138e-05,0.034190203125396,-0.149468149183977,0.253332040997818,0.106985525353137,0.100945200022266,0.123494536174702,0.078699249599855,0.11744515703279,0.0810051145589484,-0.0411484934917677,-0.0602640659384113,-0.0487131100231967,-0.00102608147329004,0.0431627671442483,0.136776568730905,0.0101609406505038,-0.0630790947086521,-0.144014103407626,-0.0944444196730045,-0.131959181271377,0.0405849949860904,-0.0969560852598478,0.0337689127615001,0.0382851416344788,0.105513614839402,0.0565037571884046,-0.013853119665954,-0.125042656538906,-0.0692021772735644,-0.19950405363197,0.0620311851261934,0.0767889452321153,-0.026992537643814,0.110352501800104,0.133593955862308,-0.0185201233613819,0.16306662259201,0.0143651241356847,0.227087830402275,-0.041721068832698,-0.0607784093680814,-0.157837865993608
"12",0.119933311094397,0.141658963550767,-0.11157641048472,0.113367282911166,-0.013496363633286,0.340575166357936,-0.120720784952185,-0.163639009791072,-0.0352701938395699,-0.0335191536314879,0.202661995175367,1,-0.00344090306406943,-0.13019754787228,-0.0479042421432848,0.111348004799815,0.0661716564898175,-0.00957442897769502,0.12564864550272,-0.0592020733204165,0.106518090136144,0.0266830313320932,0.0781767895559622,0.218874719535546,0.00283527115474506,0.0417986325784341,-0.171668728995254,0.0178317661436848,-0.0217280554148824,-0.0635524414950632,0.0820928590660782,-0.104736781866803,0.0922050830683657,0.081409868587859,-0.132573187580545,-0.0408188036517037,-0.060678417773942,-0.0929643177997503,-0.00186683917609458,0.0916443380658686,0.0384621783526743,0.0885343409218548,-0.0421206771522312,-0.0866038383673719,-0.0315349949379407,-0.00272908547847326,0.204680195015816,-0.0230205823975341,-0.0526471904709299,-0.223084774480526,0.255165759847068,0.252257441523899,0.124004925103042,-0.0331759370797846,0.0921257901952859,-0.0615539264088432,-0.0670204153877967,0.16679138958242
"13",-0.0278126809543786,0.0534506768516737,-0.0760494042534398,-0.0394698681483478,-0.0545197764381785,0.0658607555559951,0.0151086070556396,0.107413493945855,0.0697516190936605,0.185456651681951,-0.133446022551375,-0.00344090306406943,1,0.196605121973961,-0.00349603770224539,-0.0758637201320331,0.108560418946768,-0.0363716270291698,-0.0916657980772424,-0.0493398988844658,-0.00668351224296332,0.115771950069251,-0.0389274071530983,0.0943305965180455,-0.155199853284333,0.115640166732026,-0.0504548312341627,-0.0481790119890614,-0.0159620174480316,-0.100838188635369,0.0544245950686921,-0.066136114205944,0.165911462522198,0.119046876423775,-0.0950436422980895,-0.0450268539843166,-0.166089588096372,0.0461016122594004,-0.0492108074878594,-0.11942577396721,-0.104907922305537,-0.0345152045927056,0.0825865713649791,0.135322684686024,0.0551072550390458,-0.0580745152702862,-0.0384388548769435,-0.184274433123592,0.545651995227371,0.209012660052597,-0.014000444969662,0.0323594733720542,-0.105780870554885,-0.0844159079584411,-0.0109783381824434,0.0711071568794563,0.0184082667667378,0.0865059097589068
"14",-0.0455360414399471,0.098845888617151,0.0260185731269508,0.20458297783174,0.0893698432789201,0.217060291890604,0.0517228214416275,-0.0393053821297614,0.141889637681354,0.202680860717119,-0.028947007794027,-0.13019754787228,0.196605121973961,1,-0.0446883879632937,-0.047249531252363,0.0303745616830955,0.24079227768092,-0.107337388350687,-0.0551255634491593,-0.0696143955191248,0.0490886967512131,-0.22144753324572,-0.13025148627948,-0.0517282980759716,0.168305819335679,-0.117969761220923,-0.0951609323544779,-0.177012524310822,-0.0698652914438374,0.078242765354785,0.0100706816196299,0.0361107229955892,0.0245753917442844,-0.154502439098861,-0.143931552937843,-0.0870532187185247,0.155576529978533,-0.0433603950909756,-0.0283007854944982,-0.0557257801537854,-0.125028772610339,-0.0543168305812257,0.0433557671569271,-0.0147010373068967,-0.0105456268812637,0.0113728663346539,0.0104304065450981,0.111928985462144,0.482981236797254,-0.202109459871259,-0.111904960034663,-0.0155937939603128,-0.110008235356101,0.178862566183244,-0.159395431824478,-0.020577860969248,-0.0173793955981909
"15",0.193050678278017,0.0107675499022262,-0.155674244340092,-0.0406434568816617,0.232051914515364,0.0932647305380305,0.165990145870766,-0.143538213576791,-0.0462523763921099,-0.0110171092918822,0.0166447417157451,-0.0479042421432848,-0.00349603770224539,-0.0446883879632937,1,0.100134409230167,-0.0448149090029697,-0.150619114779487,-0.0172192579629689,-0.0966672496894254,0.0140360097864705,-0.147061414613054,-0.190827883752088,-0.0277990648920004,-0.102927546679153,-0.0597907084302613,-0.0762022802436984,-0.00689156221870818,-0.112557086597124,-0.165290365926914,0.16420735587012,-0.0254161964217091,0.0220036373971132,0.179214619045947,-0.0647480563849929,-0.0517202278516085,-0.0852408911654834,0.268978678068639,0.043491909430322,0.0351039013936499,0.177201775683603,0.249167708835813,0.0201956065832587,0.142094566229522,-0.116476178425585,-0.0620626046820955,0.0744398783551676,0.18916139778984,-0.0592926088693558,0.0874404802181965,0.262349149742235,-0.00357078053756579,-0.173164954099753,-0.0521135940522393,0.127149778572343,0.0708735593413206,0.227324706281189,0.033643312349507
"16",0.108120055347292,-0.0799087304981383,0.0513829461555916,-0.0231649753367571,-0.014403619461218,-0.0554652239048645,-0.20337281488174,-0.241168599413814,-0.00287697647195563,0.0416563989837444,8.08751319997138e-05,0.111348004799815,-0.0758637201320331,-0.047249531252363,0.100134409230167,1,0.102071306795208,0.186495321342589,0.033526674883111,-0.112655993235362,0.115126854440327,-0.0699715717064244,-0.0546972467180788,-0.0876939540317269,-0.0619591528903625,0.0365567957215764,-0.0767013411217012,0.0472959559026613,0.0982351009183733,0.0492064696265773,-0.125721564773127,-0.227575790354164,-7.18186139411829e-05,-0.109423655185663,-0.0752434900563623,-0.0367289334347853,0.187098609342741,0.0734130530740086,0.0244317088961333,-0.0679165019985578,0.154139217338723,0.142512580283016,0.197461988537227,-0.0981712100843625,0.132618438359943,-0.0361098781023649,0.0197592451529665,0.175502132922128,0.0745224233739845,0.131810125855099,0.0721677044279377,0.202181220312016,-0.118675232463267,0.0655806584357164,-0.0409033495043184,0.0432956797221686,0.0212240814302583,-0.0488692653437895
"17",0.0129010407379799,0.088249416673245,0.0847441771510862,0.245260849196869,-0.194171166851572,-0.0294737736603702,0.00221318143406436,0.122226985907171,-0.223851918229697,-0.104207587148759,0.034190203125396,0.0661716564898175,0.108560418946768,0.0303745616830955,-0.0448149090029697,0.102071306795208,1,-0.0650250636785831,0.0993836599125369,-0.109012993822435,-0.0428588476906183,0.075283338350275,-0.0290905482738047,0.0351135634404219,-0.0363905798269712,0.197229095214128,-0.0251968611954943,-0.217227642286566,-0.167378645037683,0.111160425525188,0.032623517262538,-0.133723211123159,0.153897946977834,0.0967237768792599,-0.108418059739631,0.0514672074797471,0.028618725384946,0.0658354560827116,0.117320913143156,0.119333918222358,0.129949204803328,0.0604448090106593,-0.231081266475511,-0.0623874159028169,-0.00817573485593514,-0.092766439743698,-0.0345242305359273,-0.0296095956754392,0.2116413276794,0.0926541955262305,-0.0944936993031347,-0.127228067635543,0.141040786707161,-0.082019346765797,-0.0651627787141354,-0.142609166655484,-0.086114254509299,0.159180346647022
"18",0.0723372529727714,0.0826856696365452,-0.0743854121899427,-0.015892185288264,-0.10383151741214,0.0264910242297983,-0.0457989745876585,-0.0601927008769344,0.00297251265101146,0.117085619041236,-0.149468149183977,-0.00957442897769502,-0.0363716270291698,0.24079227768092,-0.150619114779487,0.186495321342589,-0.0650250636785831,1,-0.0810056412287133,0.0309275726686209,0.0902010983663285,0.0536819014855268,-0.0793546257271452,0.0193305038597969,-0.0922867358264059,0.207242448487586,-0.0003631614648973,-0.171608605027002,0.109163678066886,0.0918454840161276,-0.0372534433054922,-0.0196633843405241,0.0161302348823134,0.035882878671105,0.0889159373789554,-0.177374865305868,0.216222651010909,-0.0614771607191402,0.126191383177322,0.0466789551084973,0.0468965919655904,0.0471508928026786,-0.129679252774373,-0.0231031116661958,0.0628429724283503,0.0195437895064664,0.116669330244796,-0.00133606727646079,-0.0807940659266744,0.243532249636326,-0.0742060708820547,-0.00764678749318373,-0.109208735623029,0.0238756854515011,-0.14248328071303,-0.128392167387309,-0.156043732017365,-0.13094543716018
"19",0.0442453504291562,0.0125322903387088,0.0156739024842669,-0.132384092678257,0.0176657576388279,-0.0264322485526366,-0.0220714804890005,0.00075577104958991,-0.0876074520549983,-0.205734741035571,0.253332040997818,0.12564864550272,-0.0916657980772424,-0.107337388350687,-0.0172192579629689,0.033526674883111,0.0993836599125369,-0.0810056412287133,1,0.285284060174516,0.0221807778131869,0.129113089320617,0.154691829637013,0.161164477890094,0.189695301514266,0.109237527024339,-0.138672888877321,0.0410163170349813,-0.0195991419973013,0.117027709604087,0.560699427162833,0.279862785784321,-0.119301288305628,-0.258616014743363,0.0281485715122085,-0.0988834385645526,0.0388657113712345,-0.1842561634709,-0.06818765862764,-0.106747041180061,0.151582952466705,0.00395456833385,-0.329588324225339,-0.0709101714297135,-0.144268673469782,0.0705193011161871,-0.0448835891115793,-0.0192278629031188,-0.0572761319035252,-0.0870769791003334,0.115479977643904,0.0252827645296067,0.291079016824879,0.0892775427537834,0.209959974432614,0.210484998997867,0.0408574545269921,0.0133332066557918
"20",0.092263435533367,-0.196780233275975,0.169942048130716,-0.0989234391085715,-0.0394690197942878,-0.0199424800474998,-0.128755669560574,0.00689607575989045,0.0348784101959558,-0.118547608005914,0.106985525353137,-0.0592020733204165,-0.0493398988844657,-0.0551255634491593,-0.0966672496894254,-0.112655993235362,-0.109012993822435,0.0309275726686209,0.285284060174516,1,0.00904303232571538,0.0195479493497977,0.112736676733977,0.215193833745133,-0.109440490519089,-0.0533654462193103,0.116271815980951,0.0961848650190078,0.207441818891521,0.183004985967168,0.181939683076128,0.727938819740957,-0.171886214445169,-0.331064652054981,0.285859490133579,-0.13150477067022,0.166021010156542,-0.111451426791669,-0.125586039136367,-0.0971942143206558,-0.102041651306843,-0.182722139660435,-0.0552591237374448,0.0656792884059677,-0.056822492400373,0.0103068492554077,0.0346554378711519,-0.0486782573344472,0.0050259085397998,-0.0998684848040059,0.147828504942742,0.0457603524112769,0.0824490676725171,0.0741300209438664,0.112404536923205,0.0606728444059659,-0.112141280947809,-0.2059345506131
"21",-0.0236795694619037,0.132174424055938,0.0254474568740935,-0.0904440491538113,-0.0421818188808839,-0.153551014781976,-0.00939764117712006,-0.123943550808379,0.0448510031492429,0.0428053985290782,0.100945200022266,0.106518090136144,-0.00668351224296332,-0.0696143955191248,0.0140360097864705,0.115126854440327,-0.0428588476906183,0.0902010983663285,0.0221807778131869,0.00904303232571538,1,0.0972151693108686,0.00216293858296194,0.037508478930765,0.0167475215712398,-0.11018079905608,0.0524938474556959,-0.00102965432277225,-0.0211046051142784,-0.00174002115704302,0.0625213206235642,-0.137364057319618,0.161395206470446,0.0128105525035092,0.0955076335722772,0.0652722397063766,0.313495071340053,0.0242585662056905,-0.343766301286057,0.0295386906420079,0.0588821345740502,0.0738475841219531,0.0882187105256949,-0.00984554992773757,-0.0156603581481451,-0.0875860658144176,0.0256661369646888,0.0887208714038276,0.0184708320053991,0.0809229065525439,0.0615950975923607,0.0752399436717815,0.0795537873596825,-0.00926677568259732,-0.0505078667650306,0.129297745820254,0.133850939498184,-0.12483663375388
"22",0.195441618387184,0.0689926136328387,0.0256859107158997,-0.0877502664317523,-0.143684411475932,0.0452614347241013,-0.189938314979575,0.0778376561015407,0.0932800977642336,0.174635933192306,0.123494536174702,0.0266830313320932,0.11577195006925,0.0490886967512131,-0.147061414613054,-0.0699715717064244,0.075283338350275,0.0536819014855268,0.129113089320617,0.0195479493497977,0.0972151693108686,1,0.00922891323218516,-0.0143876213350432,0.105715903048281,0.0106330956958535,0.0833553942036489,0.0857663001134794,-0.0869590730159234,-0.0472080870249369,0.0773301377822401,0.00235093416902941,-0.0270719017707061,-0.0749068978414366,-0.147203918456165,0.0777933333977747,0.053114469168089,0.0854659179367295,-0.0334612811688612,-0.0393108181675312,0.0673089557425515,0.0279522784589547,-0.0811850506417683,-0.0960926018437301,0.0122265875433186,0.00497241876893132,-0.0563092286589291,-0.143643429908149,0.14430553434683,0.0841251720974426,-0.0807841680569735,0.10694611558176,0.135186752331509,-0.100815753697505,0.0982513518796104,0.00709232705362786,0.0775496699425821,-0.0808856034266218
"23",-0.0875686830546917,-0.0123562026227903,-0.0637240337078078,-0.105742736836725,-0.0296719147802057,-0.0964889048984804,0.0176021868079712,0.143220452952894,0.0992947933459768,0.0890708386470608,0.0786992495998549,0.0781767895559622,-0.0389274071530983,-0.22144753324572,-0.190827883752088,-0.0546972467180788,-0.0290905482738047,-0.0793546257271452,0.154691829637013,0.112736676733977,0.00216293858296194,0.00922891323218517,1,0.148199653877871,0.132355563837764,-0.0353885847571493,0.00220706372866756,0.185085992136595,0.101369799641853,0.072594728673403,-0.116982092195582,0.0800662489016728,-0.0625856529142894,-0.106835226997711,-0.136420666233699,-0.169096751977933,0.0236794897648678,-0.156533579740656,-0.101413457199411,-0.094723809717054,-0.0878016682164535,-0.0352929569348282,0.102372827502778,-0.0693835659565345,-0.0637612864366436,-0.00559855138005276,-0.00415922096246362,-0.0686213738298085,0.0828270548414466,-0.136466180041379,-0.0374076332869328,-0.117526757574545,0.274955731630297,0.252633850363437,0.213365144068454,-0.00203612979794945,-0.174136679913626,0.0275471405559663
"24",0.0655944430275607,-0.0291306873997204,0.00783391367657062,-0.0926891322830748,-0.1923721884115,0.044914833959123,-0.0716934628545589,-0.010236576903477,-0.0790862127853896,-0.256795425035472,0.11744515703279,0.218874719535546,0.0943305965180455,-0.13025148627948,-0.0277990648920004,-0.0876939540317269,0.0351135634404219,0.0193305038597969,0.161164477890094,0.215193833745133,0.037508478930765,-0.0143876213350432,0.148199653877871,1,-0.0388118103865237,-0.00559344712608041,0.048627087399457,0.0285934560902736,0.115648791632311,0.0504086083168608,0.0919225348028326,0.156313514506078,-0.158919160558145,-0.0727711432903435,0.191480607498427,-0.0496780171141125,0.0328753969192652,-0.257484201996387,-0.0741996357525025,-0.130844070525112,-0.109312284889739,-0.0431196969290907,-0.125922281965149,-0.186279680807702,0.00406798255718594,0.0515528320124692,0.0115662742887597,-0.207364418090612,0.041444497910317,-0.214284984264935,0.0167639778659865,0.0980235534171398,0.100456947236632,0.0155020664120572,-0.0766175417011215,0.0611129621738985,-0.229522303725481,-0.103040187188055
"25",0.019306950854127,0.043118929543688,0.0577282957330321,0.0156888720786147,0.0607246385668725,-0.0261541441573621,0.117766070836577,0.026975375363679,0.027179146607036,-0.100235581226205,0.0810051145589484,0.00283527115474506,-0.155199853284333,-0.0517282980759716,-0.102927546679153,-0.0619591528903625,-0.0363905798269712,-0.0922867358264059,0.189695301514266,-0.109440490519089,0.0167475215712398,0.105715903048281,0.132355563837764,-0.0388118103865237,1,0.0353116980580833,0.0803714536915399,0.132114604353823,0.111056612424106,-0.0682755554089388,0.162579293005162,0.014587965314755,0.0434522520905445,0.0385761839324344,-0.0630149656545819,-0.148970171416956,-0.0200194428129287,-0.187175356737306,0.0688070777289906,0.107061570702999,0.0800676788966733,0.0865786426256768,-0.0360089726477943,0.0291867317991191,-0.270840563717748,-0.0136404313805147,-0.128386166491916,0.0484774193551025,-0.106585214477513,0.0699693449051132,0.065761508695291,-0.158317895733969,0.296545947866578,0.28717367924914,0.100083744871171,-0.0253750814256243,0.0433427204189368,0.101215538151836
"26",-0.173321307791792,0.0918445641247145,-0.0853310373824622,0.0714684032250604,0.0203463231260324,-0.0919967113910177,0.00531324510309701,-0.0264699476014978,-0.172635980583542,-0.104966462999284,-0.0411484934917677,0.0417986325784341,0.115640166732026,0.168305819335679,-0.0597907084302613,0.0365567957215764,0.197229095214128,0.207242448487586,0.109237527024339,-0.0533654462193103,-0.11018079905608,0.0106330956958535,-0.0353885847571493,-0.00559344712608041,0.0353116980580833,1,-0.2276227265215,-0.060909399576507,-0.0748268495746576,0.0952484057235159,0.0825605745748625,-0.013044344235368,0.0253246731015901,-0.103195801923393,0.190918266106656,-0.11121768881202,-0.0901362781684113,0.0602931432217775,0.192078654742755,0.0555847563302685,0.267107296066325,0.168628254749086,-0.20827887625203,-0.14386223609979,0.0576995090136812,0.0228373659159525,0.161016902571869,-0.0267746820127525,0.169402764721915,0.159721341929227,-0.165515578683226,-0.222502589979967,0.079307364690195,0.113346527867914,0.0619734846074115,0.012777472078264,-0.0807146324639107,-0.0171709595803201
"27",0.232957834980473,0.0571737853247919,0.0560372598822687,-0.0515691232076704,-0.0906342330512073,-0.150823013643965,0.0254243310428404,0.0559942149527444,0.11018854554673,0.0577187937008235,-0.0602640659384113,-0.171668728995254,-0.0504548312341627,-0.117969761220923,-0.0762022802436983,-0.0767013411217012,-0.0251968611954943,-0.0003631614648973,-0.138672888877321,0.116271815980951,0.0524938474556959,0.0833553942036489,0.00220706372866756,0.048627087399457,0.0803714536915399,-0.2276227265215,1,0.0746771657805952,0.0462856950769485,-0.00543470178465246,-0.180019368920888,0.0966164236030848,-0.123524783792423,-0.0189444233918319,-0.0158536256218454,0.0949224736634727,-0.0130968441031291,-0.0488683834505762,-0.0671312251448405,-0.116476392602074,-0.280923851207744,-0.144965413753335,0.107729392148901,-0.0076544136393667,0.0925989165327798,0.102245166410287,-0.128665664759331,-0.086968134621562,-0.0905221297650063,-0.0134295326334436,-0.0759373455247368,-0.113880628927984,-0.0278545057134994,0.0454536659895535,0.0345997169745726,0.0152716854527851,-0.191847125451231,-0.126666899093541
"28",0.0291943694274744,0.10158033009845,0.0371350223438805,-0.283376815487121,0.258421236924013,-0.0216256801231968,0.0369817917254349,-0.163047235640568,0.127651396496964,-0.110943950224953,-0.0487131100231967,0.0178317661436848,-0.0481790119890614,-0.0951609323544779,-0.00689156221870818,0.0472959559026613,-0.217227642286566,-0.171608605027002,0.0410163170349813,0.0961848650190078,-0.00102965432277225,0.0857663001134794,0.185085992136595,0.0285934560902736,0.132114604353823,-0.060909399576507,0.0746771657805952,1,0.0504614476699086,0.159656870177405,-0.0590593220633611,0.120195233764516,-0.0432899710806992,-0.166790500393511,0.116395807763011,-0.0145592326305063,0.07001251173182,0.114177539678545,-0.0534604791051054,-0.237323964102876,-0.217610943359295,-0.159262397586613,-0.00812928855111091,-0.104024086656056,-0.0769157847006635,0.0923655044267165,-0.150572182021947,-0.0338402715098095,-0.0332902507294356,-0.259853712302504,0.116106084811885,0.106807862046021,0.0304610563271808,0.0538971535655823,0.027414996831299,0.324428698640278,0.0665980413518946,-0.158611047015982
"29",-0.0933419075412507,-0.0618723992119837,0.19319346866974,-0.184590873042283,0.0687261553392669,-0.113748697217335,-0.09564028649171,0.0765963241673892,0.143837858546239,0.0748191437865842,-0.00102608147329004,-0.0217280554148824,-0.0159620174480316,-0.177012524310822,-0.112557086597124,0.0982351009183733,-0.167378645037683,0.109163678066886,-0.0195991419973013,0.207441818891521,-0.0211046051142784,-0.0869590730159234,0.101369799641853,0.115648791632311,0.111056612424106,-0.0748268495746576,0.0462856950769485,0.0504614476699086,1,-0.0354118504044601,-0.0239567197943619,0.221558323252355,0.0323183957213694,-0.0743749734495885,0.034255071157046,-0.155873424080981,0.128921426854563,-0.192825129990051,-0.175952908682885,-0.181344109835687,-0.123469045397073,-0.0716889797771735,0.109392636426836,-0.0450370050484325,0.099463791358463,0.17630495493314,0.0117760247419616,-0.0212172603155562,-0.125581486521674,-0.0391042045930433,0.103045015212587,-0.0141782695573535,-0.00835900633268453,0.29373429777729,-0.030471668905767,0.132664990513795,0.0478433432488109,-0.0673532986882176
"30",-0.00181664704148196,0.125028556038984,0.0420934513067244,-0.116332089816587,-0.0347218384573092,-0.233351761422507,-0.143621083291626,0.12891415131915,0.0319061944926974,-0.0907962822992038,0.0431627671442483,-0.0635524414950632,-0.100838188635369,-0.0698652914438374,-0.165290365926914,0.0492064696265773,0.111160425525188,0.0918454840161276,0.117027709604087,0.183004985967168,-0.00174002115704302,-0.0472080870249369,0.072594728673403,0.0504086083168608,-0.0682755554089387,0.0952484057235159,-0.00543470178465246,0.159656870177405,-0.0354118504044601,1,-0.00694494829616148,0.215979139526177,-0.101032191119781,-0.156158393675566,0.137800079713199,-0.0633350978943963,0.201133864664535,0.00075987126630698,0.0489454286985809,-0.0107206347730181,-0.112830383481058,-0.0256926158780826,-0.0788723624648812,-0.0903479025349788,-0.00886243568797112,-0.0225615906868766,-0.124020351824037,0.0656996226747526,0.068496034093276,-0.0822030983691202,0.0456979648279352,-0.0405663168587136,-0.00692242645111602,-0.100231317345618,-0.058447032615643,-0.0504605273648791,-0.0756377695720491,-0.14276209373764
"31",-0.0557028750056428,0.182715056021034,-0.0206609480137717,-0.00902735514216766,0.133402146274674,0.0812759814710971,0.0258081190851352,0.0597419909965194,-0.0716962016434615,-0.0192329623991303,0.136776568730905,0.0820928590660782,0.0544245950686921,0.078242765354785,0.16420735587012,-0.125721564773127,0.032623517262538,-0.0372534433054922,0.560699427162833,0.181939683076128,0.0625213206235642,0.0773301377822401,-0.116982092195582,0.0919225348028326,0.162579293005162,0.0825605745748625,-0.180019368920888,-0.0590593220633611,-0.0239567197943619,-0.00694494829616148,1,0.2089939653852,0.00207855883359504,-0.0419370746099333,0.0710696856956869,-0.0268951359655705,0.105743876983769,-0.0468145763068512,-0.0202329361903199,0.014234258126115,0.0801832754345907,0.14824348416671,-0.36427266010752,0.0817888788515161,-0.338599692747364,0.0406151778196412,-0.0147624480775533,-0.0105938434337962,-0.00657901330268483,0.0778484013164149,0.0349400152837182,-0.046907483913446,0.279026097362149,0.0306278687454231,0.191130825065934,0.130237157690264,0.105373936308778,0.0771136232777047
"32",0.112027239709937,-0.181850761172471,-0.0201336828879612,-0.104163228010495,0.0460805192691101,0.0159822521552467,-0.0416475853453242,0.0656968227565219,0.142870376404209,-0.113395349121453,0.0101609406505038,-0.104736781866803,-0.066136114205944,0.0100706816196299,-0.0254161964217091,-0.227575790354164,-0.133723211123159,-0.0196633843405241,0.279862785784321,0.727938819740957,-0.137364057319618,0.00235093416902941,0.0800662489016728,0.156313514506078,0.0145879653147549,-0.013044344235368,0.0966164236030848,0.120195233764516,0.221558323252355,0.215979139526177,0.2089939653852,1,-0.0735066582494123,-0.219091442307558,0.290083603426687,-0.198290157967384,-0.047210458359518,-0.21721757678726,-0.228957813722293,-0.144787573408519,-0.264483739261553,-0.368462881183494,-0.0644384259816279,0.0520204340870213,-0.178026381338567,0.164514926605997,-0.195620684380073,-0.252320611674317,-0.0974838555891042,-0.131540649190664,0.108153249523432,-0.0453181053408017,0.0866852054614307,0.0958516779305094,0.209691140018821,0.0688562916528134,-0.146147033959096,-0.220067416739992
"33",-0.00602978836104663,0.033763846734381,-0.0642295522765868,0.0876617023469624,0.125575292401592,0.0485685785750491,0.100948825274507,-0.0698422257332192,-0.0738855709653328,-0.0445251957561956,-0.0630790947086521,0.0922050830683657,0.165911462522198,0.0361107229955892,0.0220036373971132,-7.18186139411829e-05,0.153897946977834,0.0161302348823134,-0.119301288305628,-0.171886214445169,0.161395206470446,-0.0270719017707061,-0.0625856529142894,-0.158919160558145,0.0434522520905445,0.0253246731015901,-0.123524783792423,-0.0432899710806992,0.0323183957213694,-0.101032191119781,0.00207855883359504,-0.0735066582494123,1,0.343952001194129,-0.129967833173837,-0.218488373501532,-0.00043655811227544,0.0318229065719567,-0.0153176678848182,0.0291553865025947,0.00439466311415655,-0.0650111157255993,-0.0907886092293897,0.0718195664143323,-0.106252030497307,0.0487727261942118,-0.0512589870846951,-0.0145845969763861,0.222226309301722,-0.0227185864211598,0.0612475597276289,-0.0717934126899474,0.12426566771516,0.0696367678206568,0.1081410073326,0.0223839042175602,0.0154116844463569,0.157549810990576
"34",-0.0994037292407282,-0.036668149849364,-0.00369584183767488,-0.182501998478697,0.0784318675665169,0.237402151041836,0.151417500208245,-0.0549422794911346,-0.152382812162675,-0.00740014426909672,-0.144014103407626,0.081409868587859,0.119046876423775,0.0245753917442844,0.179214619045947,-0.109423655185663,0.0967237768792599,0.035882878671105,-0.258616014743363,-0.331064652054981,0.0128105525035092,-0.0749068978414366,-0.106835226997711,-0.0727711432903435,0.0385761839324344,-0.103195801923393,-0.0189444233918319,-0.166790500393511,-0.0743749734495885,-0.156158393675566,-0.0419370746099333,-0.219091442307558,0.343952001194129,1,-0.120625555815533,0.113437561313538,-0.157519599263399,-0.011219892223045,0.023977985032651,0.193885830238316,-0.0386567503079479,0.0601107332797509,0.0137459378090018,0.172830783129243,-0.0219457848915607,0.0744783756395122,0.118413989192516,0.0101217379467366,0.0974120006757741,0.00669353900304587,0.171325084170602,-0.0425039579540806,-0.0686861642468193,0.0199726787285747,-0.114003650823381,-0.15345249254711,0.273830170224653,0.14408219413689
"35",-0.203377724743442,-0.192062344993294,-0.0840178580214894,-0.133320904151763,-0.0578532797384988,-0.218901061125444,0.154388062150676,0.00014124308362061,-0.127319624972932,-0.291477180687527,-0.0944444196730045,-0.132573187580545,-0.0950436422980895,-0.154502439098861,-0.0647480563849929,-0.0752434900563623,-0.108418059739631,0.0889159373789554,0.0281485715122085,0.285859490133579,0.0955076335722772,-0.147203918456165,-0.136420666233699,0.191480607498427,-0.0630149656545819,0.190918266106656,-0.0158536256218454,0.116395807763011,0.034255071157046,0.137800079713199,0.0710696856956869,0.290083603426687,-0.129967833173837,-0.120625555815533,1,0.174035220487765,0.0708882904394224,-0.121994512717484,-0.0676816707142077,-0.116068119203034,-0.0310945879269209,-0.0502721954940958,-0.118765613447826,-0.0610654369279639,0.117798701005491,0.0940280596720274,-0.0150374689685839,0.0224411882689014,-0.0422938785986448,-0.23271782655604,-0.0301471519561222,-0.147611883752641,0.0947157285440959,0.115059265411817,-0.079839658852947,0.167896684169365,0.00463813763651948,-0.100553453341887
