"","l_Insular.Cortex","r_Insular.Cortex","l_Amygdal.Area","r_Amygdal.Area","l_Bed.Nucleus.of.the.Stria.Terminalis","r_Bed.Nucleus.of.the.Stria.Terminalis","l_Hippocampus","r_Hippocampus","l_Orbitofrontal.cortex","r_Orbitofrontal.cortex","l_Entorhinal.Cortex","r_Entorhinal.Cortex","l_Frontal.Association.Cortex","r_Frontal.Association.Cortex","l_Globus.Pallidus","r_Globus.Pallidus","l_Glomerular.Layer.of.the.Accessory.Olfactory.Bulb","r_Glomerular.Layer.of.the.Accessory.Olfactory.Bulb","l_Glomerular.Layer.of.the.Olfactory.Bulb","r_Glomerular.Layer.of.the.Olfactory.Bulb","l_Granule.Cell.Level.of.the.Cerebellum","r_Granule.Cell.Level.of.the.Cerebellum","l_Hypothalamic.Region","r_Hypothalamic.Region","l_Entorhinal.Cortex","r_Entorhinal.Cortex","l_Vermix.Molecular.Layer.of.the.Cerebellum","r_Vermix.Molecular.Layer.of.the.Cerebellum","l_Lateral.Molecular.Layer.of.the.Cerebellum","r_Lateral.Molecular.Layer.of.the.Cerebellum","l_Anterior.Olfactory.Bulb","r_Anterior.Olfactory.Bulb","l_Posterior.Olfactory.Bulb","r_Posterior.Olfactory.Bulb","l_Subiculum","r_Subiculum","l_Perirhinal.Area","r_Perirhinal.Area","l_PreLimbic.System","r_PreLimbic.System","l_Primary.Cingular.Cortex","r_Primary.Cingular.Cortex","l_Primary.Motor.Cortex","r_Primary.Motor.Cortex","l_Retrosplenial.Cortex","r_Retrosplenial.Cortex","l_Secondary.Cingular.Cortex","r_Secondary.Cingular.Cortex","l_Secondary.Motor.Cortex","r_Secondary.Motor.Cortex","l_Striatum","r_Striatum","l_Ventral.Tegmental.Area","r_Ventral.Tegmental.Area","l_Substantia.Nigra","r_Substantia.Nigra","l_Thalamus","r_Thalamus"
"1",1,0.328058402057953,0.0369218205669134,-0.0759701193077072,0.0688100628525428,-0.00265371785589116,-0.0674074100492359,-0.0496688670105377,0.0640767880697947,-0.0377756306599059,0.168307747745559,0.0619318491148512,0.150288624196191,-0.0582332934851436,-0.0083562581399288,0.075788543854872,0.037126842862818,0.0767945007636511,-0.070742348936925,0.00971197728316311,0.109371502709435,0.214361922290044,0.106893226896174,-0.0456211714121169,0.204802652635119,0.0359949850622647,0.0431389299430904,0.0677712008159494,0.0736584752405352,0.00333043423083624,-0.00731270257434688,-0.00520031953584182,0.108312402905742,0.111112568245598,-0.0120518960740362,-0.0320196142667283,-0.0746491011262577,-0.214771205762229,0.17280001043874,-0.0223982533611489,0.195916259033546,0.199687781192823,-0.0130276654214883,-0.214596088125276,-0.109493029457423,-0.12622710626827,-0.029085714199882,0.0853268141233847,0.155201879263199,-0.0418789517011333,0.163235731774704,0.0705217324261399,-0.202264307859289,-0.11357109086381,-0.100199504826548,-0.0578388940036184,0.0206350814412315,-0.0535130709409948
"2",0.328058402057953,1,0.153089711704093,-0.0469226452119466,0.0080668637978674,0.12709782749089,0.0453216987666899,0.0906443421471031,-0.0992500517620677,0.0858417847315989,0.209466277429157,0.162388127159862,0.240742410834163,-0.0185054477414441,-0.059729628000913,-0.118023146984465,-0.0506480158413195,0.122705331637154,-0.175991221857053,0.0168556518778097,0.0789704321968652,0.0291051504873394,0.0789245313647101,0.115363291020875,0.307903083035438,0.0111786475436454,0.00387055834519695,0.151088504356313,-0.123774903809683,-0.0703256702694751,-0.08345599992058,-0.0803633160118934,0.135175451227969,0.144724833949975,0.0871147210386728,-0.0211807100201049,-0.0304928190293824,-0.0735643986369049,0.123909876423241,0.139740813420828,0.159157046084077,0.106665613036495,-0.126814131493036,0.0656067405449345,-0.117583078775566,-0.0118414077792909,-0.145812078009325,0.0492932187560673,0.185236072934601,0.0796434226768964,0.226906039482338,0.125931872740381,-0.0178409861458606,0.0329421147097732,0.056810385289433,-0.0428986348971536,0.0456773439933877,0.00735854956763459
"3",0.0369218205669134,0.153089711704093,1,0.0942161452361152,-0.153445218749787,0.0368117461002648,0.0537043904654124,-0.0118727994777322,-0.0537432670151839,-0.00608677079427175,0.29926305994019,-0.0331609324071281,-0.0869844163068635,0.0365100964777304,0.0858160626393895,-0.0544468021094007,0.145340341295311,-0.00954196757862271,-0.13497300289344,0.029021104295234,-0.0948063364717315,-0.0484596820235485,-0.0633640573655936,0.0777622174925919,0.160922992672215,-0.114579430087445,-0.0496182489682745,0.0613760292497161,-0.00977228082301948,0.00428569213209748,-0.0602801410495481,-0.0608611825636365,0.113332340679345,0.160522746744463,-0.106707713781554,-0.10241360037619,-0.128298096028424,0.00440201808790264,0.149076354189426,0.10253464445932,-0.0267338063799374,0.0673120211125964,-0.0101930764035635,-0.0224402612889144,-0.00726498900082642,-0.105409744333053,0.137639355361913,0.0726659973599245,-0.0537807351055988,-0.0202853076996885,0.0507214712251523,-0.0352796041438844,0.17783584961012,-0.0235823113174339,-0.0344124821379864,-0.0266185209596424,-0.183461239848192,-0.0359943724006064
"4",-0.0759701193077073,-0.0469226452119466,0.0942161452361152,1,-0.141668671168916,-0.0275327137803477,-0.180391627436015,-0.101382005821302,-0.159382832197756,-0.0806151407233829,0.119901626105937,-0.184432309308497,0.00771308610578116,0.0559493074330937,0.179093293509036,0.187521103140386,0.0947092836812295,0.00648961977181375,0.0609183347428252,0.0415936815881422,-0.0703055398885928,0.0855095914314531,-0.121374462890965,-0.107629228821293,0.110693192956586,0.149956993942775,0.0231858187684002,-0.189953448573371,0.117856441834174,0.134493091071186,-0.00533217119126416,0.0595788765939558,-0.0713031868998431,0.00758767483165825,-0.123183137465867,-0.133051461785588,0.0181086209309426,-0.0405094577774345,-0.1008272542957,-0.0170825180707136,0.0800743195762968,0.117595548827647,-0.102074213068065,-0.191799342824941,0.0178806152896957,0.0694931262314537,0.0484026428710977,-0.122304256336171,-0.0253234738560065,-0.016181993129483,-0.155569339764504,0.00221379667044592,-0.0813379048792308,-0.0482325279148316,0.0972718033607643,0.113922841246758,0.054145992891394,-0.0639601605592311
"5",0.0688100628525428,0.00806686379786741,-0.153445218749787,-0.141668671168916,1,-0.166609824162054,-0.130650547168663,0.0135228426001149,-0.0316021407888924,-0.109418946961426,-0.163725523945875,0.201864564119678,0.0746136807012115,0.0764996447838178,-0.0230963934137692,0.0143307025633519,0.153669304754616,0.155950247232769,-0.0352900723663022,0.0278565025433236,-0.123637810882179,0.0406310794953245,0.0454209318286451,0.00365040832510651,0.0693103749045179,0.0462781210539639,-0.0168860443510654,-0.222042680408327,-0.0814862189185777,-0.058049111504868,0.00530545721323049,0.113290190175664,0.0964127160885217,0.128041785384512,0.149253859136519,0.102693028920188,-0.0155946981332829,0.0969245757948134,0.103580927097325,0.124231109841754,0.0708541598168895,0.0683716335364132,-0.142993814005495,-0.311288580628854,-0.142898503401507,0.14027449249529,-0.0122772177496666,-0.00984760376087403,0.0453011123138327,0.0181242063009145,0.117467144449314,0.144021712745602,-0.0728328525930239,0.00384713714247119,0.0373873157014315,-0.016932001059277,0.117122828714584,-0.0678657069505234
"6",-0.00265371785589116,0.12709782749089,0.0368117461002648,-0.0275327137803477,-0.166609824162054,1,0.0402834684042495,0.0638892337181853,0.0398008323778758,0.0324865997948131,0.0119250903084138,-0.0648872663815893,-0.128428180373889,0.110633552580017,0.0881264866656097,0.13839264094759,-0.0868252044502902,0.0472878337123878,0.113565703515711,-0.199228673386724,-0.0412674414773916,-0.0999657591311072,0.129582759289737,0.17824755133414,-0.029255269532028,-0.0409886735556824,-0.204337590751912,0.15017610684188,-0.181858383869386,-0.0165164979862035,0.033570817279655,-0.151841798835093,0.0840776718610636,-0.0823809333680122,-0.00332610153023313,0.0949723728254896,-0.0621226478804178,-0.080492999629467,0.057516869274919,0.0708315106816574,0.0324223967899547,0.220465855895676,0.101614342073875,0.177809232854865,0.0809571389827239,0.0530215120898822,0.0664185858848494,0.115606178968692,0.00317478622339158,0.269782419147294,0.134849362539417,0.160461440902513,0.0477618341021637,-0.142686949935881,-0.0980834467196684,0.0184978758224515,-0.0896438135043067,0.242403122976288
"7",-0.0674074100492359,0.0453216987666899,0.0537043904654124,-0.180391627436015,-0.130650547168663,0.0402834684042495,1,0.165956084689068,0.259424555959088,0.072237853048615,0.146549077152842,0.169576657880804,-0.146147368167222,0.0301620518346632,0.0489970702380497,0.212124459651312,-0.043579299070831,0.147627160875418,0.0655625736277496,0.0154386968703315,0.0908223967597656,-0.0456190636181963,-0.0587212347100698,0.171974012578416,-0.0405398444516726,-0.0404229822816046,0.00752936601138386,0.0520023142045919,-0.00819639692422733,-0.015845380966186,0.0758597332790774,0.0788666594202414,0.150693440548824,0.0527923476084982,0.382985857572055,0.163337834082369,0.167635867392151,0.149125385733213,-0.151330340113695,-0.00783723378903363,-0.248509705197423,-0.114868703669977,0.191883741283976,0.349277777770802,0.105883054731027,0.0706754466707079,-0.18764628401619,-0.129546665359065,-0.0759072905594989,-0.00013517171585182,-0.0890091140786137,-0.183209119842478,0.0795780888097117,0.130349094663301,-0.0866217553728187,-0.0147052576319715,-0.196926314477754,0.0845812201466175
"8",-0.0496688670105377,0.0906443421471031,-0.0118727994777322,-0.101382005821302,0.0135228426001149,0.0638892337181853,0.165956084689068,1,0.139164026192519,0.0908344448053744,0.0295159456954986,0.0562568539510558,0.046786431933471,-0.097590320623417,-0.006582937340853,-0.107481603903528,0.0244402709100969,0.00828502305767851,0.0464649278100068,0.0677142805985597,0.0213630901563695,-0.0374827048679151,0.115846161215422,0.104022027594986,0.0881204162445069,-0.0105062595927096,-0.120268650704472,-0.116356950503383,-0.0710591493532217,-0.261613764799141,-0.0904688937353135,0.0668434971554983,0.108158329941269,0.0333686076661214,0.0312549533035404,0.290480540897001,0.0518234035683231,-0.152021554590882,-0.0837862537861676,-0.138124820359253,-0.123270496655558,-0.0699022687396243,0.224180740597227,-0.0977151435957782,0.155243084531099,0.176103515241381,-0.130080043579011,-0.108975461449654,0.186377153679347,-0.0112197174425212,0.13042338341282,0.114512146358565,0.128421894460289,0.115788504226919,0.0411171080071901,-0.0696376647235043,-0.0502324684719877,0.148823194374026
"9",0.0640767880697947,-0.0992500517620677,-0.0537432670151839,-0.159382832197756,-0.0316021407888924,0.0398008323778758,0.259424555959088,0.139164026192519,1,0.205959112580826,0.0666190358159334,-0.0505249689402354,0.0921490703467549,-0.176073368048553,-0.00511622384089096,0.12436782526201,-0.0302287804169852,-0.150049672531972,0.179307651279761,0.0239016995307732,0.0910247586829748,-0.0291599841704374,0.018560147597551,0.0127610788280774,-0.140454693810329,-0.015317856226756,-0.0113000696932452,0.0511058555601064,-0.186541982664641,0.0776578227595563,0.0983577047716915,0.01279500617247,-0.0412025693197991,-0.0461867115572273,-0.0280248416915007,0.0143674598990014,-0.104198240369441,0.0265188220670423,-0.205416134591002,-0.178370205831858,-0.0166034022820902,0.00982162019192844,0.305446735861884,0.311696852329664,0.0449369391668866,0.0536638015640374,-0.00034686795442024,-0.0312759243423952,0.0912605183831605,-0.058496097343452,-0.0707407297496709,-0.0270755886161546,-0.0670373202207973,0.0126131516714567,-0.320776195625919,0.0302683425544426,-0.0119364119990055,0.110832600899469
"10",-0.0377756306599059,0.0858417847315989,-0.00608677079427175,-0.0806151407233829,-0.109418946961426,0.0324865997948131,0.072237853048615,0.0908344448053744,0.205959112580826,1,0.104042147598073,0.0775011940776329,0.276233693983168,-0.0942514037583444,0.0422765398203742,-0.0417602691039011,0.277536384900755,0.0427050937265417,0.164265154667039,0.0012676547570344,0.0240688874455977,0.113087353122322,-0.112730512978742,-0.0849529214035157,0.066476272071636,-0.115484754653412,0.0175408575717339,0.0820645768867201,-0.143109961969726,-0.0467306707112194,0.118709681362324,0.229843772239696,-0.0466514458131774,-0.226702427856891,-0.0342664050939639,0.072465377853794,-0.0918721771639194,0.0869235389384977,-0.0760100700859399,-0.118292490183452,0.128271130252599,-0.0289163295731859,-0.0419023041973359,0.146689966229714,0.0274920848115217,-0.148512641181979,0.0798669164817385,-0.0966003518162811,0.325450968355669,0.0957824935630582,-0.00343168249591353,-0.0469008558105712,0.0529593591146875,-0.169633897612407,-0.172434266284012,-0.153094781449803,0.0487265223978946,0.0567189729506331
"11",0.168307747745559,0.209466277429157,0.29926305994019,0.119901626105937,-0.163725523945875,0.0119250903084138,0.146549077152842,0.0295159456954986,0.0666190358159334,0.104042147598073,1,0.170453288257568,0.208011303778579,0.298005570259267,0.174506651720562,0.0784691422573882,0.287326321878233,0.179250264623291,0.0292538086891769,0.00255335211199248,0.197093908536532,-0.0686033356078167,0.104374456283994,-0.00416854092891931,0.0320369175025142,-0.199762129307422,0.0568258386082642,-0.0509175738054791,-0.310122420457464,-0.0183880082791218,-0.0248778243951242,-0.0548332784655922,0.0642925970333956,0.155745686965847,-0.144210479473081,0.0179645026874877,-0.0256741071017741,0.0240984412460041,0.240624726026821,-0.011684018002496,-0.0351530271508486,0.104137524786036,0.0940823691086884,-0.0400326809905241,-0.0682137368367797,-0.0743732498694399,-0.0657646225922482,0.0107305668117351,0.19464406720537,0.091768704953355,0.191091868367061,0.171887589279273,0.114449157188313,-0.0538725825910854,-0.182731242934951,-0.111814427634447,0.0682728878369743,0.167271127271242
"12",0.0619318491148512,0.162388127159862,-0.0331609324071281,-0.184432309308497,0.201864564119678,-0.0648872663815893,0.169576657880804,0.0562568539510558,-0.0505249689402354,0.0775011940776329,0.170453288257568,1,0.163391317489174,0.0596636986030569,-0.0625191099522346,-0.109053914048311,0.0351498358182129,0.289169480733408,-0.289517851910108,-0.0727912938575797,0.0340239080803455,-0.0606004599761026,0.206253696528726,-0.015506867997611,0.177153430663302,0.0594605317849372,0.0144335604897236,-0.142040785695719,-0.147053198687984,-0.0262884974692907,0.0237672586303333,-0.044508436908698,0.292914924923338,0.0450718052312575,0.261230811128611,0.114695016272199,0.143614068764232,-0.0452965514692718,0.113683149219882,0.0817885066941967,-0.130160108249471,-0.116911965914085,0.137501809777124,-0.135258002171379,-0.156641975348778,-0.0659106300327806,-0.252782139420868,-0.168495838563541,0.0810729793690231,0.0738647826777437,0.178053275494434,0.0331829964189907,-0.0619530317913978,-0.0982581138706432,-0.0538977111814327,-0.184288688876783,0.0824056139146156,0.136267388870633
"13",0.150288624196191,0.240742410834163,-0.0869844163068635,0.00771308610578116,0.0746136807012115,-0.128428180373889,-0.146147368167222,0.046786431933471,0.0921490703467549,0.276233693983168,0.208011303778579,0.163391317489174,1,0.120060504898579,0.0177691321264537,-0.0499367037287235,0.281302951616722,0.160385871866299,-0.126585194742461,0.0021201355644177,0.138374117617431,0.0273820953149492,0.224119105433035,0.158920126024778,0.175512308291375,-0.10739969108787,0.135770761694194,0.0223644980146692,0.0349836380622341,-0.100374270124622,0.055430278998286,0.176663663007924,0.0221523603387988,0.0330058941330826,-0.0187261076413567,0.141090790590726,0.105545999737403,0.0738259852387404,-0.0575078696432445,-0.131495621866178,-0.0334132998297483,0.0224393991597362,-0.201930195416177,-0.129405245909504,-0.047610344350026,-0.0328910226317116,-0.159405002309226,-0.0906569075193125,0.539667917567156,0.115772043449146,0.0991455395091768,0.107708452364357,-0.112813584030733,-0.124342475523389,-0.0737923560044033,-0.0651127608009703,-0.00478376358958358,-0.0212313088372685
"14",-0.0582332934851436,-0.0185054477414441,0.0365100964777304,0.0559493074330937,0.0764996447838178,0.110633552580017,0.0301620518346632,-0.097590320623417,-0.176073368048553,-0.0942514037583444,0.298005570259267,0.0596636986030569,0.120060504898579,1,0.0755428987422408,0.151604003732945,0.191387462231981,0.249115293243026,0.00010807231258011,-0.0451683735407664,0.00902326871263493,-0.132329479420254,-0.077388902984614,-0.0918759013331871,0.023827122769725,-0.266548095252491,0.0841669691470933,0.100052516936631,-0.00598514125392047,-0.0898336462284906,0.120204870298394,-0.0116641425732394,-0.043368047964715,0.221737826857547,4.37684102080241e-06,0.0190622057118295,0.0671106542524696,0.231220665253094,0.152049062518449,0.0286641382934626,-0.140298899110664,0.156618957404944,-0.0594788123197168,-0.0415868512017517,-0.124001791285996,-0.138048761485281,0.061703362239407,0.137861148586182,0.0827867595848719,0.530204011508266,0.0122399375390949,-0.0414565550717849,0.0240700429142922,-0.0946637516014002,0.00935835314029114,-0.0141536651646115,0.00197937090880344,0.0445890768144242
"15",-0.0083562581399288,-0.059729628000913,0.0858160626393895,0.179093293509036,-0.0230963934137692,0.0881264866656097,0.0489970702380497,-0.006582937340853,-0.00511622384089096,0.0422765398203742,0.174506651720562,-0.0625191099522346,0.0177691321264537,0.0755428987422408,1,0.118877929111916,0.237501879980644,0.0617490693232263,0.203079604720358,0.01493468928968,0.153468542078441,-0.0426938459472692,-0.185492329874861,0.0924041759915564,0.0139052110143724,0.0430516651143782,-0.0960889961474428,-0.146345847260702,-0.0962023794291241,0.00384369741994366,0.0790282785294719,0.147462156523089,0.086103910330622,0.0485134711607187,-0.0142816790472045,-0.0754746574427081,0.135479076771786,0.174550900688454,-0.0348266899204355,0.137834652953529,0.00796799909825809,0.0676022792951037,0.0570346682224456,-0.07043538364768,0.0919800417695111,0.190567870788065,0.0103194341146631,0.0250725095329623,0.00605666773239139,0.0700730956142655,0.117785256633734,0.0227074137972831,0.0695917492804357,-0.0922173054055351,-0.0586885759811047,-0.0214595631131783,0.0520882367546917,0.0343132405913562
"16",0.075788543854872,-0.118023146984465,-0.0544468021094007,0.187521103140386,0.0143307025633519,0.13839264094759,0.212124459651312,-0.107481603903528,0.12436782526201,-0.0417602691039011,0.0784691422573882,-0.109053914048311,-0.0499367037287235,0.151604003732945,0.118877929111916,1,-0.0821752476197324,0.176218606653506,0.0438696856190943,-0.183716034672457,-0.0880014759372208,-0.164306966833633,0.0806796476423378,-0.0862140325736675,-0.0757672152931429,-0.0281242718575496,-0.104427379715127,-0.147736608615911,-0.110091172494302,0.0592450385152443,0.0849942900822411,-0.143339376990673,0.0469028472502901,0.0629819866663223,0.0122782221739237,0.0233563101341196,0.0948692679109563,0.0907662162973041,-0.137915606963718,-0.0252755591424146,-0.0711549317723451,0.122108853864995,-0.0864298895253429,0.0729128557826374,-0.0326461719396975,-0.00414610686500748,0.139182216786874,0.120227373130636,-0.170421324909591,0.0700479647517744,0.0376708470975245,0.125545589975925,-0.0351956905022345,-0.0901899121660221,-0.070932849261115,0.0159142932547404,-0.163764156274649,0.201798571698649
"17",0.037126842862818,-0.0506480158413195,0.145340341295311,0.0947092836812295,0.153669304754616,-0.0868252044502902,-0.043579299070831,0.0244402709100969,-0.0302287804169852,0.277536384900755,0.287326321878233,0.0351498358182129,0.281302951616722,0.191387462231981,0.237501879980644,-0.0821752476197324,1,0.110859997160989,0.0343579153788531,-0.00284359411104977,-0.0186507477930819,-0.033923352960597,0.041104872172806,0.00896981981355049,0.247353039469414,-0.0362188406766017,0.059499843826269,-0.0515042824088884,-0.126053758819734,-0.264538872274574,0.0465748486956295,0.175923309389805,0.142541216509932,0.213262091625767,-0.100784570715746,-0.0267451560409661,-0.0797859709695034,0.0490652395249171,0.283698696055962,0.136662208317429,0.0951410325376942,0.153986255969742,-0.187431784044326,-0.257446624747689,-0.14503049291323,-0.0673747391150214,0.257995578667136,0.117562589007881,0.355495520070833,0.191307069340274,-0.00864003318149898,0.019199064624764,-0.0390883697417203,-0.207272986583886,-0.0302129734383976,-0.167368744413533,0.0916280913681337,0.0787067637913981
"18",0.0767945007636511,0.122705331637154,-0.00954196757862272,0.00648961977181375,0.155950247232769,0.0472878337123878,0.147627160875418,0.00828502305767851,-0.150049672531972,0.0427050937265417,0.179250264623291,0.289169480733408,0.160385871866299,0.249115293243026,0.0617490693232263,0.176218606653506,0.110859997160989,1,-0.142534430711342,-0.0939828670461821,-0.0162839813168883,-0.0176919559136393,0.0440643539998667,-0.0536552968775596,0.272142946398637,-0.057291690787538,0.00680604514019038,0.0728469910075867,-0.0963062238071399,-0.132949021464862,-0.0163149603991582,0.140957580678994,0.0896921935748998,0.215002187861033,0.170576861530166,-0.00165614621754126,0.220847630751511,0.0481333427287103,-0.0570461506943135,0.013901802390488,-0.21182986930536,-0.177613403190776,0.120640778883958,-0.137859549779606,-0.00763790483062409,-0.0469535919502482,-0.294956816132734,-0.411538196194242,0.182382535548368,0.236450377741371,0.0432938863708022,0.052775825812562,-0.0256742806131068,-0.0903610275571612,-0.11616143146374,0.0515793575142127,0.0944832506070371,-0.0850449362413682
"19",-0.070742348936925,-0.175991221857053,-0.13497300289344,0.0609183347428252,-0.0352900723663022,0.113565703515711,0.0655625736277496,0.0464649278100068,0.179307651279761,0.164265154667039,0.0292538086891769,-0.289517851910108,-0.126585194742461,0.00010807231258011,0.203079604720358,0.0438696856190943,0.0343579153788531,-0.142534430711342,1,0.178322299456384,-0.0714509811567253,0.0229115047871764,-0.017289990232995,-0.0987091736214085,-0.035743649319994,0.157844042389116,-0.201123651094112,-0.138343134556696,-0.198008120385044,-0.0149368012772678,0.308766169866112,0.24615947794865,-0.274173789283577,-0.234253893760592,-0.0815539988744912,0.200752881121094,-0.0213866723252589,0.227040160505099,-0.0480540528823586,-0.0216986336952549,-0.0354108976455995,0.0611213532160575,0.190529722980591,0.0228561166732715,0.159558266613749,0.126577717919763,0.0710543675842987,-0.0363143213198769,-0.0388363531137675,0.0997603927333485,-0.157856870766683,-0.18582225615311,0.190297304176354,0.210886325902211,0.0306344129475931,0.138895602867641,0.070891953186365,-0.0405553114868857
"20",0.00971197728316311,0.0168556518778097,0.029021104295234,0.0415936815881422,0.0278565025433236,-0.199228673386724,0.0154386968703315,0.0677142805985597,0.0239016995307732,0.0012676547570344,0.00255335211199248,-0.0727912938575797,0.0021201355644177,-0.0451683735407664,0.01493468928968,-0.183716034672457,-0.00284359411104977,-0.0939828670461821,0.178322299456384,1,0.189466239632271,-0.0682690204842635,-0.00338933646847065,0.0462925416047806,0.0242548742806799,0.0157590684661802,0.0965824235317885,0.0628102424302584,0.226337581227432,-0.0399993334171495,0.101049686387358,0.277280002754267,-0.0819750733339459,0.026558264441528,-0.0567483025479844,-0.0667938746460295,0.0627028115576819,0.222768523102591,0.00309818691930292,-0.043809058917497,0.0789581353256036,0.0264577928635969,-0.0666431268618779,0.0243345009470288,-0.0109348492206031,-0.124239214755974,0.0641078757064116,-0.0136565769526562,-0.0787176874063758,-0.167523163815727,0.0999522670903008,-0.21219428319602,0.142912034297881,0.168766691606461,0.176713335089268,0.081157701162008,-0.0616244763294725,-0.102235863678545
"21",0.109371502709435,0.0789704321968652,-0.0948063364717315,-0.0703055398885928,-0.123637810882179,-0.0412674414773916,0.0908223967597656,0.0213630901563695,0.0910247586829748,0.0240688874455977,0.197093908536532,0.0340239080803455,0.138374117617431,0.00902326871263493,0.153468542078441,-0.0880014759372208,-0.0186507477930819,-0.0162839813168883,-0.0714509811567253,0.189466239632271,1,-0.00213859862146683,-0.0980535523351477,0.131554470767503,-0.118829197720546,-0.0483985774735428,0.12459062748849,0.087503424500432,0.0900498483284636,0.0364339020832227,-0.118040338558143,0.0170911051437757,-0.0918267686909263,-0.166473547733932,-0.0888088757621717,0.0240799004405595,0.0885495549019325,0.0247104466889846,0.0532767845868646,-0.146862948599998,0.0779249184874979,0.152707241895581,-0.0191442657606782,0.0509460518604394,0.0366823885753025,-0.0478600235282155,-0.0103675910424275,0.0858181434949863,0.0239775107786024,-0.0574447607871084,0.123959563288948,0.0752210328034177,-0.0317425422993746,0.00395371865383148,-0.0748733297136391,-0.142407017056493,0.0124020736420347,-0.138241643665863
"22",0.214361922290044,0.0291051504873394,-0.0484596820235485,0.0855095914314531,0.0406310794953245,-0.0999657591311072,-0.0456190636181963,-0.0374827048679151,-0.0291599841704374,0.113087353122322,-0.0686033356078167,-0.0606004599761026,0.0273820953149492,-0.132329479420254,-0.0426938459472692,-0.164306966833633,-0.033923352960597,-0.0176919559136393,0.0229115047871764,-0.0682690204842635,-0.00213859862146683,1,-0.124564651253464,-0.23455547794346,0.0268126666005733,0.0395207329413067,0.0416862124978607,0.0829533602727688,0.173020483016789,0.22056981428874,0.0830370203327555,0.11167598057784,-0.170200464735507,-0.129135687635542,0.0243782331855094,-0.0945777729515383,0.0689800253969361,-0.121280205312063,-0.0605435772271202,-0.0373959452736979,0.129069569601038,0.13598453849717,0.00727701504843917,-0.094178416473376,0.21331843979615,0.240072614299694,0.00278266662493207,-0.0215071729564361,0.0494162222385497,-0.122458812265849,-0.197327262960399,-0.0994098826401626,-0.0176200959847399,-0.240565365457444,-0.0400774540286105,-0.00882612042624391,-0.00728950507016678,-0.113939895790619
"23",0.106893226896174,0.0789245313647101,-0.0633640573655936,-0.121374462890965,0.0454209318286451,0.129582759289737,-0.0587212347100698,0.115846161215422,0.018560147597551,-0.112730512978742,0.104374456283994,0.206253696528726,0.224119105433035,-0.077388902984614,-0.185492329874861,0.0806796476423378,0.041104872172806,0.0440643539998667,-0.017289990232995,-0.00338933646847065,-0.0980535523351477,-0.124564651253464,1,0.148853494602419,0.146494624194904,-0.00828115427991305,-0.164871330285027,-0.168233024575673,-0.167252107277268,-0.0118805177635553,-0.0717552542371732,-0.224407626968613,0.234531660015848,0.017975642462195,-0.0121040675161264,0.187037276774676,-0.0300301411035983,-0.0881193724455042,0.105248760483227,0.0515696793058292,0.00936822284622455,0.00132906338071565,0.153943862803068,-0.152615747948989,-0.0892951808183834,0.00962933218429792,-0.0361976726149709,0.0122557344619321,0.263657933862717,-0.0138700361115593,0.267682531925929,0.194858164181585,0.0723130432392139,-0.0279340770326561,0.0438835040992262,-0.0697281234501299,-0.170912247213247,0.113236445552535
"24",-0.0456211714121169,0.115363291020875,0.077762217492592,-0.107629228821293,0.00365040832510651,0.17824755133414,0.171974012578416,0.104022027594986,0.0127610788280774,-0.0849529214035157,-0.00416854092891931,-0.015506867997611,0.158920126024778,-0.0918759013331872,0.0924041759915564,-0.0862140325736675,0.00896981981355049,-0.0536552968775596,-0.0987091736214085,0.0462925416047806,0.131554470767503,-0.23455547794346,0.148853494602419,1,-0.130889818879838,0.036876844827647,-0.106063273284991,-0.0282102976193495,-0.0596756376766361,-0.0553304528734757,-0.171815154067368,-0.15712252114742,0.180254202405921,-0.00772028357784473,0.0493368693207751,0.147048969398589,-0.0188362207938262,-0.00264596056593262,-0.117263110168276,-0.0185342595321967,-0.174067747263601,0.010505088412918,-0.00902565531047658,0.00971569278438061,0.074594448793802,0.0221666661568766,-0.170069867885082,-0.0787888544413337,0.0931492135010937,-0.170477630279855,0.0394740477721972,-0.0625823411708711,0.105099169747947,0.227139308322159,-0.0338168225871503,0.033688731213092,-0.110205430574739,-0.0808716941013042
"25",0.204802652635119,0.307903083035438,0.160922992672215,0.110693192956586,0.0693103749045179,-0.029255269532028,-0.0405398444516726,0.0881204162445069,-0.140454693810329,0.066476272071636,0.0320369175025142,0.177153430663302,0.175512308291375,0.023827122769725,0.0139052110143724,-0.0757672152931429,0.247353039469414,0.272142946398637,-0.035743649319994,0.0242548742806799,-0.118829197720546,0.0268126666005733,0.146494624194904,-0.130889818879838,1,0.134930792786358,-0.0488046536824398,0.0513951577848025,0.00423121251105647,-0.148273229350046,0.134774032782852,0.206517871307856,0.020009163579568,0.132148677937031,0.00088367339171077,0.042400155656214,0.125577367357972,-0.0579496895425258,0.132486912646613,0.0823737977661519,0.0502870179679333,-0.0682848993716687,-0.0439815131842739,-0.0815802292284551,-0.115735301555156,-0.17710120014916,-0.14125908746263,-0.141722349825273,0.146935834574556,0.0955123887656301,0.0706229778913432,-0.0617938395483991,-0.0361585027213084,-0.027354649926781,-0.0043626274954397,0.0519875603308984,0.127829421268151,0.137216853315842
"26",0.0359949850622647,0.0111786475436454,-0.114579430087445,0.149956993942775,0.0462781210539639,-0.0409886735556824,-0.0404229822816046,-0.0105062595927096,-0.015317856226756,-0.115484754653412,-0.199762129307422,0.0594605317849372,-0.10739969108787,-0.266548095252491,0.0430516651143782,-0.0281242718575496,-0.0362188406766017,-0.057291690787538,0.157844042389116,0.0157590684661802,-0.0483985774735428,0.0395207329413067,-0.00828115427991305,0.0368768448276469,0.134930792786358,1,-0.107738664220264,-0.106210923877794,-0.0309436247721271,0.04173588815266,0.213288936002975,0.0397788465674496,-0.0332089574049884,-0.120367492542242,0.0492863873813744,-0.150030122893398,-0.121570064182738,-0.0951321740717562,-0.0687975079206739,0.151315370958709,-0.0908293194225818,-0.103052802573529,0.0523065317800077,-0.0615685965599389,0.0794882922811931,0.161903741288054,-0.251326707698821,-0.130582163160618,-0.0872457145384903,-0.0986460666196253,-0.182779180075799,-0.207767616767899,-0.0395779371866119,0.131229191914672,0.0514611201960647,0.276224832084087,0.0530033424634265,0.0386908790144293
"27",0.0431389299430904,0.00387055834519695,-0.0496182489682745,0.0231858187684002,-0.0168860443510654,-0.204337590751912,0.00752936601138386,-0.120268650704472,-0.0113000696932452,0.0175408575717339,0.0568258386082642,0.0144335604897236,0.135770761694194,0.0841669691470933,-0.0960889961474428,-0.104427379715127,0.059499843826269,0.00680604514019038,-0.201123651094112,0.0965824235317885,0.12459062748849,0.0416862124978607,-0.164871330285027,-0.106063273284991,-0.0488046536824398,-0.107738664220264,1,0.210858469514608,0.233825360257979,-0.0378364102637158,0.026169235549752,0.0424595701853165,-0.0958176296791592,-0.133210569592763,-0.0259663408413881,0.00551514397392161,0.0642507670188476,0.0579433945249428,0.119283480623169,0.0185506440501384,0.0378563491749686,0.0585844470425627,-0.16191026823084,0.0637239640320599,-0.0519793152669996,-0.0272584401377004,0.0105591064965052,0.0686671164212346,-0.0402676867147385,-0.0262752053658492,-0.0345687124965725,-0.0872396206051466,-0.281389927523937,-0.136869729884816,0.140731621988965,-0.166964371255911,-0.109810907348223,-0.0285275418738904
"28",0.0677712008159494,0.151088504356313,0.0613760292497161,-0.189953448573371,-0.222042680408327,0.15017610684188,0.0520023142045919,-0.116356950503383,0.0511058555601064,0.0820645768867201,-0.0509175738054791,-0.142040785695719,0.0223644980146692,0.100052516936631,-0.146345847260702,-0.147736608615911,-0.0515042824088884,0.0728469910075867,-0.138343134556696,0.0628102424302584,0.087503424500432,0.0829533602727688,-0.168233024575673,-0.0282102976193495,0.0513951577848025,-0.106210923877794,0.210858469514608,1,0.0278779426035775,-0.0835761879562404,0.0290830591058538,0.0259614684695536,-0.110780341887636,0.00419314099992547,-0.00392397099876909,-0.113785720377818,-0.00498848351485945,-0.0255481412105216,-0.0672537803004087,-0.107569302527017,0.110999842907545,0.0836296821169954,-0.00470417805131417,0.296720447815466,0.0670706899143278,-0.0579133935939125,-0.041731852635655,0.0294449799432359,0.0388813647311819,0.156850921768128,-0.218112602991897,-0.256447687090186,-0.22980668213655,-0.134671872350804,-0.14362103553145,-0.0937149626165104,-0.0527542407145618,-0.0546180281487476
"29",0.0736584752405352,-0.123774903809683,-0.00977228082301948,0.117856441834174,-0.0814862189185777,-0.181858383869386,-0.00819639692422733,-0.0710591493532217,-0.186541982664641,-0.143109961969726,-0.310122420457464,-0.147053198687984,0.0349836380622341,-0.00598514125392047,-0.0962023794291241,-0.110091172494302,-0.126053758819734,-0.0963062238071399,-0.198008120385044,0.226337581227432,0.0900498483284636,0.173020483016789,-0.167252107277268,-0.0596756376766361,0.00423121251105647,-0.0309436247721271,0.233825360257979,0.0278779426035775,1,0.229131345344708,-0.0154618707275492,0.100666100914076,0.0160625003850787,0.0897348304845643,0.0504620254359551,-0.0166908766871411,0.0911638567894823,-0.0626668753082057,-0.0152315566046003,0.0637881378273119,0.118664998862097,0.0180927974233169,-0.168741554121706,-0.0194465168117502,0.00883554477793178,0.0155928855171046,0.0106593316832481,0.0131467915354378,0.0384989591302822,-0.0906640108534436,-0.128264914041265,-0.0332182344607012,-0.0726007168236686,-0.0491082349701687,0.219642079727167,0.049767628583798,-0.251798177502041,-0.137692072107037
"30",0.00333043423083624,-0.0703256702694751,0.00428569213209748,0.134493091071186,-0.058049111504868,-0.0165164979862035,-0.015845380966186,-0.261613764799141,0.0776578227595563,-0.0467306707112194,-0.0183880082791218,-0.0262884974692907,-0.100374270124622,-0.0898336462284906,0.00384369741994366,0.0592450385152443,-0.264538872274574,-0.132949021464862,-0.0149368012772678,-0.0399993334171495,0.0364339020832227,0.22056981428874,-0.0118805177635553,-0.0553304528734757,-0.148273229350046,0.04173588815266,-0.0378364102637158,-0.0835761879562404,0.229131345344708,1,-0.0546417607465555,-0.167349494905004,-0.16024221503734,-0.139294054534022,-0.0367759751765139,-0.0463494333780172,0.0865942956096446,-0.174144218863901,-0.149846295049931,0.0622694744242039,0.144318578192846,0.0744363886450347,0.203664221710049,0.188784522557571,0.0208772276964547,0.00537954895831972,-0.173723564388823,-0.164669724965844,-0.0296923992160679,-0.020357697383554,-0.108126323641549,-0.0949599937468269,0.133972811060233,-0.0662133803989036,0.0482589686718921,-0.0827522583321893,-0.173057514847092,-0.0495866141947064
"31",-0.00731270257434688,-0.08345599992058,-0.0602801410495481,-0.00533217119126416,0.00530545721323049,0.033570817279655,0.0758597332790774,-0.0904688937353135,0.0983577047716915,0.118709681362324,-0.0248778243951242,0.0237672586303333,0.055430278998286,0.120204870298394,0.0790282785294719,0.0849942900822411,0.0465748486956295,-0.0163149603991582,0.308766169866112,0.101049686387358,-0.118040338558143,0.0830370203327555,-0.0717552542371732,-0.171815154067368,0.134774032782852,0.213288936002975,0.026169235549752,0.0290830591058538,-0.0154618707275492,-0.0546417607465555,1,0.210690713500861,-0.0396459459178689,-0.0393601753252431,0.0715886470239097,-0.00925922110638253,0.190538529714998,0.175706790973152,-0.0171328000573391,-0.0607061863606077,0.0436582676742374,0.216540287112857,-0.18113422272917,0.100663519757329,0.0522344555725173,0.0720996465367289,0.0759180153947442,0.123125932027714,-0.115265565001674,0.121650323466138,-0.0561128761444072,-0.0403222221016411,-0.0498760268577441,0.0234419677828332,0.0175877913807037,0.233195601939102,-0.105162426998067,0.075402348029892
"32",-0.00520031953584182,-0.0803633160118934,-0.0608611825636365,0.0595788765939558,0.113290190175664,-0.151841798835093,0.0788666594202414,0.0668434971554983,0.01279500617247,0.229843772239696,-0.0548332784655922,-0.044508436908698,0.176663663007924,-0.0116641425732394,0.147462156523089,-0.143339376990673,0.175923309389805,0.140957580678994,0.24615947794865,0.277280002754267,0.0170911051437757,0.11167598057784,-0.224407626968613,-0.15712252114742,0.206517871307856,0.0397788465674496,0.0424595701853165,0.0259614684695536,0.100666100914076,-0.167349494905004,0.210690713500861,1,-0.00714947624914094,0.0762184931223727,0.152817987368408,0.124729160802897,0.165809930744347,0.3295174650655,-0.0724882512311911,-0.234191353284311,-0.102566463385058,-0.12977423793754,-0.169670407008309,-0.081903171937767,0.203288941374229,0.0901490026593822,-0.0270073643781585,-0.193763506850265,0.00108298612306624,0.0552201507150471,-0.0068768151927025,-0.185602364054288,0.0214874282527308,0.0650139531480714,-0.0315169585874552,0.105930222697065,0.088008180008794,-0.0387931278611066
"33",0.108312402905742,0.135175451227969,0.113332340679345,-0.0713031868998431,0.0964127160885217,0.0840776718610636,0.150693440548824,0.108158329941269,-0.0412025693197991,-0.0466514458131774,0.0642925970333956,0.292914924923338,0.0221523603387988,-0.043368047964715,0.086103910330622,0.0469028472502901,0.142541216509932,0.0896921935748998,-0.274173789283577,-0.0819750733339459,-0.0918267686909263,-0.170200464735507,0.234531660015848,0.180254202405921,0.020009163579568,-0.0332089574049884,-0.0958176296791592,-0.110780341887636,0.0160625003850787,-0.16024221503734,-0.0396459459178689,-0.00714947624914094,1,0.187808420166041,0.00696230763615274,-0.0119661576703694,-0.0936521617465775,-0.109147991546433,0.134392257129151,0.283507686962127,-0.0732778384960623,0.00668112037774572,0.00779622408288748,-0.17078761923877,-0.0762029489217494,0.00278073549153654,-0.071539203886503,0.0558473610114668,0.142300673925113,-0.0347118039693676,0.174994117960432,0.212937876388551,-0.0188636294671813,0.0383006132653984,0.0574171052229181,-0.0426279982066085,-0.0331568621754574,0.0659506476234376
"34",0.111112568245598,0.144724833949975,0.160522746744463,0.00758767483165825,0.128041785384512,-0.0823809333680121,0.0527923476084982,0.0333686076661214,-0.0461867115572273,-0.226702427856891,0.155745686965847,0.0450718052312575,0.0330058941330826,0.221737826857547,0.0485134711607187,0.0629819866663223,0.213262091625767,0.215002187861033,-0.234253893760592,0.026558264441528,-0.166473547733932,-0.129135687635542,0.017975642462195,-0.00772028357784473,0.132148677937031,-0.120367492542242,-0.133210569592763,0.00419314099992547,0.0897348304845643,-0.139294054534022,-0.0393601753252431,0.0762184931223727,0.187808420166041,1,-0.0198744410255637,-0.0507548449015467,-0.0282586800785722,-0.00318690964336309,0.151025820431309,0.140818233202054,0.0156854135074487,0.07171491423124,-0.105255095895986,-0.140778764457027,-0.19807933540932,-0.124055918947973,0.126562706269232,0.0848078583870307,0.0890586121113325,0.139244224948314,0.186102778332553,0.230866059996251,-0.0454045786702625,-0.0199158618055479,-0.0864716727005318,0.0873493837227158,0.0499375168091379,0.0665167855349649
"35",-0.0120518960740362,0.0871147210386728,-0.106707713781554,-0.123183137465867,0.149253859136519,-0.00332610153023313,0.382985857572055,0.0312549533035404,-0.0280248416915007,-0.034266405093964,-0.144210479473081,0.261230811128611,-0.0187261076413567,4.37684102080241e-06,-0.0142816790472045,0.0122782221739237,-0.100784570715746,0.170576861530166,-0.0815539988744912,-0.0567483025479844,-0.0888088757621717,0.0243782331855094,-0.0121040675161264,0.0493368693207751,0.00088367339171077,0.0492863873813744,-0.0259663408413881,-0.00392397099876909,0.0504620254359551,-0.036775975176514,0.0715886470239097,0.152817987368408,0.00696230763615274,-0.0198744410255637,1,0.0311345030029401,0.276669772018298,0.0666749848967349,-0.310320789098212,-0.200450812467459,-0.0769411920968607,-0.24091140664742,0.016243663412879,0.134090610364038,0.111822190616802,0.145655401871037,-0.307280929425866,-0.148990739340504,0.00492560502419375,-0.0332299134531304,0.0165740897408666,-0.0902298686133599,0.015015050621081,-0.00744484862618773,0.0413778116203004,0.0893168920815063,-0.112748225929885,-0.0188145559513217
