"","l_Insular.Cortex","r_Insular.Cortex","l_Amygdal.Area","r_Amygdal.Area","l_Bed.Nucleus.of.the.Stria.Terminalis","r_Bed.Nucleus.of.the.Stria.Terminalis","l_Hippocampus","r_Hippocampus","l_Orbitofrontal.cortex","r_Orbitofrontal.cortex","l_Entorhinal.Cortex","r_Entorhinal.Cortex","l_Frontal.Association.Cortex","r_Frontal.Association.Cortex","l_Globus.Pallidus","r_Globus.Pallidus","l_Glomerular.Layer.of.the.Accessory.Olfactory.Bulb","r_Glomerular.Layer.of.the.Accessory.Olfactory.Bulb","l_Glomerular.Layer.of.the.Olfactory.Bulb","r_Glomerular.Layer.of.the.Olfactory.Bulb","l_Granule.Cell.Level.of.the.Cerebellum","r_Granule.Cell.Level.of.the.Cerebellum","l_Hypothalamic.Region","r_Hypothalamic.Region","l_Entorhinal.Cortex","r_Entorhinal.Cortex","l_Vermix.Molecular.Layer.of.the.Cerebellum","r_Vermix.Molecular.Layer.of.the.Cerebellum","l_Lateral.Molecular.Layer.of.the.Cerebellum","r_Lateral.Molecular.Layer.of.the.Cerebellum","l_Anterior.Olfactory.Bulb","r_Anterior.Olfactory.Bulb","l_Posterior.Olfactory.Bulb","r_Posterior.Olfactory.Bulb","l_Subiculum","r_Subiculum","l_Perirhinal.Area","r_Perirhinal.Area","l_PreLimbic.System","r_PreLimbic.System","l_Primary.Cingular.Cortex","r_Primary.Cingular.Cortex","l_Primary.Motor.Cortex","r_Primary.Motor.Cortex","l_Retrosplenial.Cortex","r_Retrosplenial.Cortex","l_Secondary.Cingular.Cortex","r_Secondary.Cingular.Cortex","l_Secondary.Motor.Cortex","r_Secondary.Motor.Cortex","l_Striatum","r_Striatum","l_Ventral.Tegmental.Area","r_Ventral.Tegmental.Area","l_Substantia.Nigra","r_Substantia.Nigra","l_Thalamus","r_Thalamus"
"1",1,0.381361371780041,-0.0348155101965077,0.0688949065532882,0.138574483085626,0.0452380668890674,0.228191791282173,-0.041169519960488,0.326211863690385,0.191387476924318,0.146343596038277,0.32901747166729,0.0221188410394567,0.0640928593743656,0.242165582491915,0.299316503105959,0.0988474004378879,-0.0471292061320402,-0.174526253680088,-0.209099300866398,0.189737374399203,0.0471107452942408,-0.114358987484224,0.00980233467639951,-0.0595966215615025,0.121614828279574,0.165057189035434,0.0544633443655028,0.0226758761516104,0.272098317775981,-0.125551786135906,-0.117898266803399,0.144819922829665,0.129096720284032,0.0384411706507903,-0.0735180008955837,0.215019811163868,-0.178045732563907,0.107674207822649,-0.0348420192548362,0.047967601277275,0.0630853146310752,0.112867147177017,-0.0275739159183045,-0.00176738358212113,0.0209104685244955,0.0758364893638609,0.067036931245211,0.122721018560934,-0.119298201960668,0.249788111843182,0.381115038688171,-0.0804546094371545,-0.125953458494387,-0.0518787843821623,-0.23181871423253,-0.0162216270549249,0.0834138436083353
"2",0.381361371780041,1,0.112011985462057,0.0888590344295157,0.0668808143664501,-0.00542696942117294,0.262990164223843,0.0315533094220377,0.118399695432429,0.304237061494716,0.150903946908493,0.378003029142172,0.0949368292976344,0.0681504507530982,0.0946452047806149,0.191677207732387,0.0403947627890213,0.195658616402989,-0.123722947398269,-0.0126464811811217,-0.0748615174993537,0.137066533887033,-0.0665395017141129,0.162982514605091,0.0206286162983919,-0.0321900992885528,0.0478913919355158,0.0962506851615179,-0.00364339355292066,0.110509437922669,-0.109440417869,-0.0506549294619137,0.0704989943980336,0.112049491060252,0.238394453805144,-0.00915955116883672,0.077405285775024,-0.063447521156675,-0.00994328929482222,0.0399765599394373,0.0329051428834619,0.0187576077240661,-0.0480049887444439,0.028588040894102,0.0366594144580502,0.0881177957713639,0.0216960934758617,0.0256866562553991,0.0803550042100989,-0.00665881279533844,0.229057692336909,0.191847400451278,0.0163393058373312,-0.0272117057317157,-0.0335083875749232,-0.202798046918543,0.194159906882231,-0.0893987074702541
"3",-0.0348155101965077,0.112011985462057,1,-0.147729394167555,-0.0174215721665275,-0.0243763659167144,0.144742360426634,0.179712441080578,-0.139142924800627,0.111890075361719,0.181300958860836,0.013637200818864,0.172461055932513,-0.00916663071973519,-0.0401487383875011,0.0811961194759565,-0.123376080960636,0.0863701888334299,-0.186395152300007,-0.0297369603723739,0.0147979516734808,0.151323998884905,-0.154838846021047,0.217172686082909,0.12616466752402,-0.0250517363757775,-0.160573051659005,0.0420891043219733,-0.0374174754218765,-0.178340460309519,-0.172809655969147,-0.086713001137442,0.075246685317045,0.0558046159757333,0.0944931871663809,0.0690966132378396,0.0127583691859706,0.0430718151418542,0.100104377705715,-0.162559894733568,0.140581275642902,0.0723770859646056,0.0552689086970411,0.11649382075512,0.0802635123366718,0.096340403860916,0.101603796856364,0.0765051507540642,0.0247051043948259,0.0771868264611801,0.169645513301601,0.02596311617487,-0.0310233729329844,-0.111391567656331,-0.190165481312966,-0.125435415122972,-0.115392027857467,-0.0869859818163746
"4",0.0688949065532882,0.0888590344295157,-0.147729394167555,1,-0.0415440924524835,0.103601491320969,0.0373490593517444,0.0812142932074521,0.216084195068397,0.027481865883358,0.082272328641502,0.231923558556075,0.0696963514674917,-0.0598999006923692,-0.0704975849650099,0.0556048007487241,0.0800275079747648,0.0672608899846057,0.0261287736280863,-0.104746357653062,0.260913012090881,-0.104561973400004,0.0847416115281026,-0.0857218231085784,-0.0639573988786175,0.100404389701643,-0.108553617322024,0.209521531671939,0.0461675028933832,0.037690988249483,-0.103882948017313,0.0921298471249621,0.0725874787812643,0.0486068347821267,0.229448628734852,0.0671947407929175,-0.0455648046719351,-0.0526832314680711,0.0195043330392263,-0.0856461215324089,0.0174372136430988,-0.174984756381044,0.0572682465943956,0.0312659047162469,-0.0108705409885513,-0.0392208154986514,0.0439846703144929,-0.0285565795376869,0.173890747213324,-0.0275989122456206,-0.0282645889652685,0.0281043204056353,-0.106199409628338,-0.0022588932474793,0.00105836999285675,-0.0137510947064219,-0.00084960491380555,-0.0601011992253166
"5",0.138574483085626,0.0668808143664501,-0.0174215721665275,-0.0415440924524835,1,-0.0885114673773098,0.0159740965956288,0.323066781154519,0.147307948028645,-0.116827055370865,0.280568136359014,0.127933124547135,-0.0259261238543392,0.288677962888256,0.0305476350620168,0.0746213979640451,0.265136095345086,0.119283796965366,0.116186214409077,-0.00614705785264375,0.0031231401722349,-0.0489662109564568,0.130553703273427,0.021916595635506,0.120665281670449,0.197789598594975,0.0272752054930816,-0.00374400310148375,0.0316741423522831,-0.0407360235735813,0.0803826406025186,0.0415652572095619,0.0635050234592602,0.0126704694020931,0.0509864880935515,0.176916699822985,0.236875830872162,0.0744904747669823,0.0959842846203628,0.181586841580235,0.0371676268685628,-0.0808225166484904,-0.13837186404912,-0.023968972814247,0.0205287419063025,0.153371492757855,0.135543903302979,0.00660387738848971,0.0987026588986901,0.101480918668853,0.0172422027526515,0.0500858006812407,0.124865336604518,-0.146041315256701,-0.0125497319500417,-0.0738138701620654,0.110123998044967,0.107713422573946
"6",0.0452380668890674,-0.00542696942117294,-0.0243763659167144,0.103601491320969,-0.0885114673773098,1,-0.152181179018191,-0.0238338936700647,0.137614986273283,-0.0174989404045431,0.0166246125948086,-0.0251787739906845,0.047865177216101,0.0875871093947378,-0.0374573110334496,0.0353028230393427,-0.0570610932704966,-0.0826626389743003,0.075198086431853,0.0045988384300425,0.113304646503261,0.125843781963545,-0.0681352241179101,0.0384969972936525,-0.104689071999024,-0.0309716127043376,-0.16997280250377,0.172462788910835,0.0699067039524335,0.109594086613564,0.0346272743320005,0.203822645141162,0.00018519696011991,0.0565105489720141,-0.0917697997304231,-0.020581531177831,0.131591300344889,-0.0963999812447342,0.0377475249199294,-0.0671341534976148,-0.00825020166757174,0.0255263178680544,0.0445135562943142,0.0804056504588585,-0.0319007997613493,-0.0701103518096558,-0.0954196247809207,-0.145516746150137,0.175608221027325,-0.0513973037888946,-0.068540368510796,0.0625370329920987,-0.108077117798638,-0.0722175488612563,-0.0713204681671399,0.0476784915320649,0.0553557858953036,0.126324183540045
"7",0.228191791282173,0.262990164223843,0.144742360426634,0.0373490593517444,0.0159740965956288,-0.152181179018191,1,0.283763820036722,0.0191835094136715,-0.150905186573597,0.163856893854266,0.0934414249227048,0.113311840129273,0.0404618974444051,0.0259406525865671,0.145609026810963,0.0330247104552003,-0.0364852040499083,-0.108337895788426,0.0172686032279702,-0.0123183164053074,0.119957187738163,-0.0357721260487255,0.151170793370837,-0.0469749041855012,-0.0102268767443018,0.15595121399627,-0.00988619715569541,0.044140108911217,-0.00388337691505813,-0.113998601025892,-0.0646969758234891,-0.0159100404922915,0.125529055418364,0.308495674476351,0.301904745215899,0.139215641234524,0.161734113418841,0.012060677618878,0.132077874414791,-0.0826747179431108,0.127767110988223,0.0900568870185491,-0.107855073579191,0.116089202567222,0.0188621992498317,0.0525572109079318,0.148288610427265,-0.0147657557027704,0.0782336524374889,0.029141987121288,-0.0364334070732784,-0.0373293134484565,-0.075014697772281,-0.0638407817542254,-0.129900906345708,0.120830659511967,-0.0859740350329674
"8",-0.041169519960488,0.0315533094220377,0.179712441080578,0.0812142932074521,0.323066781154519,-0.0238338936700647,0.283763820036722,1,-0.190739565462518,-0.0726770758102814,0.278171155754679,0.0279688202211281,0.075071668802796,0.0525599494677803,-0.0788090061558408,0.0431367571531291,-0.0828023395954126,0.141327944061222,0.0689055359791978,0.0877786278837415,0.0679520304560451,0.0153060753392329,-0.022076437410364,0.169471228382645,0.139173428990876,0.141923124459745,-0.0840944171978716,-0.0298633046829518,0.0402291151467784,-0.0671091671579923,0.00364069155917991,-0.016983378256648,0.0612258280765746,0.1058361864453,0.138570170827427,0.409201260365944,0.0515388463950388,0.128315617113119,0.143901773397116,0.202448218318149,-0.0597372477116602,0.00214745162474762,-0.0823070542380793,-0.00389576110698833,0.218020599219136,0.0911445649907562,0.138911115055869,0.00638681503934708,-0.0326600746717581,0.219291898322256,0.0403825148303193,0.0667478052778577,0.0931369697066822,0.0959396229357976,-0.0265841359202529,-0.184645902856893,-0.00853651066149496,0.135711677179322
"9",0.326211863690385,0.118399695432429,-0.139142924800627,0.216084195068397,0.147307948028645,0.137614986273283,0.0191835094136715,-0.190739565462518,1,0.109112733379208,0.135396077134023,0.200289229388801,0.0108044711325144,0.118814260802881,0.136883298160637,0.0925279019328412,0.107313115035375,0.0154835353761507,0.00164859279022407,-0.257400485868081,-0.00072198879168647,0.00223004452235705,0.164306242507343,0.0232953138917312,-0.0721140200960267,-0.137731671428105,0.147344429221637,-0.0639019494021054,0.108484753067291,0.169402462277699,-0.112285044985349,-0.16170453054615,0.0951625139361991,0.194819335377847,0.0151490106920696,-0.0692284809665971,0.128037034910998,-0.107894845758958,0.0774373565990657,0.00359035135209417,-0.0340077224003045,-0.160960061785582,0.107380833164541,0.0154835739072207,-0.182640497427848,-0.173165269785425,-0.137690417803898,-0.139594025118465,0.144591221644124,-0.189815147008281,0.113754349389805,0.153604706914092,-0.0697447608519648,-0.151425327638222,-0.146914707232718,0.140049527574492,-0.0537708815275512,-0.0384655014570233
"10",0.191387476924318,0.304237061494716,0.111890075361719,0.027481865883358,-0.116827055370865,-0.0174989404045431,-0.150905186573597,-0.0726770758102814,0.109112733379208,1,-0.0433104064536533,0.16543608119791,-0.00682708579312604,-0.00298288241363246,0.226855786530497,0.162665977678154,-0.138954088392212,0.296504860786851,-0.0721718494537677,-0.153677839350832,0.0844772591935423,-0.00556480973281621,-0.105516573707999,-0.0668290122293703,-0.233557040582313,-0.00597766007814357,-0.127847451105075,0.00892722566544064,-0.00293057354706046,0.114654167730302,-0.180493816528994,-0.0897930583064508,0.0742491304352516,-0.0129551380968232,-0.0279409656606578,-0.14288795691392,-0.0831592856603674,-0.0302472749015991,-0.0922718138919718,-0.19720772293348,0.101220744142327,-0.0717297592629318,0.0306716750963171,0.095036110896659,-0.0674968202816104,0.0801424908081342,0.0354111467789366,-0.0583312469993245,-0.0607853870469699,0.0863554271432402,0.252951163374137,0.208422045298641,-0.102734992340705,-0.097268631794011,-0.156033613996166,0.0101837924930464,-0.0909216408910462,-0.215280557653984
"11",0.146343596038277,0.150903946908493,0.181300958860836,0.082272328641502,0.280568136359014,0.0166246125948086,0.163856893854266,0.278171155754679,0.135396077134023,-0.0433104064536533,1,0.0927411346345128,0.0687522782558735,-0.162093712518448,0.032835978060543,0.179791798530629,0.0492312198515977,0.0423591465674531,-0.221156033183282,-0.100536692410918,-0.0360181808932553,0.00311018920088802,0.0234788479253788,0.183006350865939,-0.0696345656556635,0.129478309255236,-0.064449955707249,-0.0243295213532079,-0.110843756286816,0.0546459876343096,-0.159564169981901,-0.137323083578107,0.329541868675651,0.206877167066498,0.248751602976328,0.219412520813478,0.242318358056391,0.125436844657537,0.236383679057393,0.10154017145688,0.257882900534844,0.0810908836806934,0.0156792293116626,-0.0311064563390246,0.137826249012871,-0.0445625779240992,0.198487793877705,0.0475566098899937,0.125135220271292,-0.0462604739907651,-0.0240971702425299,0.0698110740780133,-0.00835108429571564,-0.1201231330597,-0.0802948749320202,-0.192765968516774,0.0628232023792956,0.0659378634204223
"12",0.32901747166729,0.378003029142172,0.013637200818864,0.231923558556075,0.127933124547135,-0.0251787739906845,0.0934414249227047,0.0279688202211281,0.200289229388801,0.16543608119791,0.0927411346345128,1,0.0919413924181858,0.0912402328402479,0.143542411643465,0.258261968191739,0.202008232530957,0.283277647459877,-0.0379547247023952,-0.119494040958605,0.154182545105029,0.0444435934891715,-0.146820876688482,0.0774643385345156,-0.0797668460224396,0.115542751943399,0.111750120443947,0.0728881247181046,0.00798844750584631,0.187521073729641,-0.11661996516885,0.0204355940099854,0.0868026957799281,0.104835185938549,0.0155248411662915,0.0380256127887642,0.0548693922023917,1.48832919579474e-05,0.0928266479465985,-0.0544055228532322,0.104761054725057,0.00293067968000107,-0.0279933706056152,0.124577764791648,0.0153925766321508,0.00689659469455253,0.127956133058107,0.0936675903878983,0.0541012111462781,0.0656179938651236,0.260965764361982,0.0856056744117096,-0.0207158726921767,-0.0585462954814297,-0.216017224137923,-0.0677668208205734,-0.0297466186270913,-0.114945045100482
"13",0.0221188410394567,0.0949368292976344,0.172461055932513,0.0696963514674917,-0.0259261238543392,0.047865177216101,0.113311840129273,0.075071668802796,0.0108044711325144,-0.00682708579312604,0.0687522782558735,0.0919413924181858,1,0.00892551815820406,-0.145168853582477,-0.0329406604569715,0.211484445957786,0.160737674837181,-0.107839838981496,0.141694700837946,-0.0577803449924463,0.0850041322881708,-0.0614260538156977,-0.0424433623089205,-0.106277637332724,-0.1768144887188,-0.0818641701251908,0.0775036315171839,0.00419276900018556,-0.0372401110157022,-0.095286088133551,-0.037531368048208,0.00979195638221619,-0.0432106682539351,-0.0634638495576233,0.0148177537399285,0.0692979321734585,-0.0993131835169945,-0.0100609789401432,0.0542734673890247,-0.0950443523839822,0.0330852207009848,0.0103576073349283,-0.00694923400970281,-0.0205232300878314,-0.0180224236262338,-0.00180799259665409,0.0535064388399419,0.137872010838237,0.0363933228095787,0.106970307672452,-0.0240995582023585,0.0459200820313143,-0.0186656493901527,0.0931677885646688,-0.0149205770305685,-0.0386000854872671,-0.0577112881961703
"14",0.0640928593743655,0.0681504507530982,-0.00916663071973519,-0.0598999006923692,0.288677962888256,0.0875871093947378,0.0404618974444051,0.0525599494677803,0.118814260802881,-0.00298288241363246,-0.162093712518448,0.0912402328402479,0.00892551815820406,1,0.033373142634983,0.0903436528361788,0.162551436830316,0.27287335923911,0.171887087027672,0.0162094531151558,0.070144614050339,0.0453253897973835,-0.030313093151793,-0.104268703769,0.0640407445832869,-0.0870315229894909,-0.0286095550254129,0.0880868809759428,0.220550709063736,0.0214691711753622,0.135391934712619,0.127729806086529,-0.00327129469784318,-0.0896140266024519,-0.0719656915415043,0.0367167444654117,0.236933234422178,-0.00352114020765618,-0.0629738546850937,-0.0525773272304822,0.123699261571403,0.122615136975519,-0.127904145751536,0.0692650974614138,0.0247403207892322,0.00514179568210333,0.0406313119973073,-0.117998833994834,0.0229037876317712,0.428120303883395,0.0216089145506951,0.0422631000806009,0.0885803846350063,-0.0767851836034049,-0.225879631795687,0.0806989454627963,-0.0418316599718282,-0.101174764770349
"15",0.242165582491915,0.0946452047806149,-0.0401487383875011,-0.0704975849650099,0.0305476350620168,-0.0374573110334496,0.0259406525865671,-0.0788090061558408,0.136883298160637,0.226855786530497,0.0328359780605431,0.143542411643465,-0.145168853582477,0.033373142634983,1,0.222212487183877,-0.0709200924454358,0.0894332852159039,-0.0303674038158023,-0.104388707088496,-0.124578353345592,-0.0182239176032408,0.044812652134097,0.0814719459583873,0.109062354113199,0.152256988248022,0.101619690977761,-0.0126280656877998,-0.11186192517109,0.0228328505080659,-0.0738866708325354,-0.0576624707067111,0.149456325721487,0.00351838309124006,0.0659554774801755,-0.0317542538697659,0.0621951615692243,0.0966552501177924,0.0623781672532037,0.131683580055076,0.153552164383163,0.10091316582084,-0.22187931893323,-0.001960611632222,0.0242497139595939,-0.0707487095337737,0.0951982338354283,-0.0491327538896738,-0.197474435619636,0.00617694182347813,0.157036100576006,0.172079174424436,-0.0001550319235226,0.115212127304274,-0.105819593163312,0.0257647750198774,0.102781156333428,0.0968143743097725
"16",0.299316503105959,0.191677207732387,0.0811961194759565,0.0556048007487241,0.0746213979640451,0.0353028230393427,0.145609026810963,0.0431367571531291,0.0925279019328412,0.162665977678154,0.179791798530629,0.258261968191739,-0.0329406604569715,0.0903436528361788,0.222212487183877,1,-0.0500060283200952,0.0900438944686722,-0.105649081519977,-0.193349996838533,0.0837212109757123,0.0274082707842778,-0.10768036131797,0.123536733470762,-0.180475571250736,0.023657870524232,-0.0975210182488138,0.0169281621898022,0.0429396904915418,0.0894024394224219,-0.0870089975224977,-0.00087311165829436,0.170542602941718,0.135925517207803,-0.126980402223035,0.0924734377433968,0.118123451462865,0.0222450586310258,0.0948048869534943,0.00468475428484878,0.116350009267804,0.141007755094565,0.05670482814261,-0.0341089907815395,0.0467180620021787,0.0918195545801886,0.104503779325002,0.0672158904387844,0.0997208582697215,-0.0344852820179141,0.202580997093453,0.280449335453902,-0.04724910363341,0.0335500683364551,-0.171048370182155,-0.095857652895808,-0.0787081650656863,-0.136650848880781
"17",0.0988474004378879,0.0403947627890213,-0.123376080960636,0.0800275079747648,0.265136095345086,-0.0570610932704966,0.0330247104552003,-0.0828023395954126,0.107313115035375,-0.138954088392212,0.0492312198515977,0.202008232530957,0.211484445957786,0.162551436830316,-0.0709200924454358,-0.0500060283200952,1,0.0724462092654223,0.00369412893817992,0.0996629419643217,0.215025719217883,0.0332747958273302,-0.168127639516812,-0.117235123600556,-0.112539227903439,-0.104367656050185,-0.0467142575649241,0.0172847179781177,-0.173433295599904,0.125044036206346,0.183576799200992,0.109193232723527,0.159711194951427,-0.242922976993904,-0.0535491792070053,0.0992852564826865,0.113914099639077,0.0332297611091394,0.0128341524701457,-0.0706001479842307,-0.0599648623993615,-0.0430408831520862,-0.049063316248731,-0.0594648322610384,0.0859925397189098,0.0617937874977227,-0.105645497950201,0.0245000554138761,0.251087504421915,0.0281312535709556,-0.0204013041878873,-0.0807019805240211,0.0909652241838777,0.00450251353144268,0.0431430204105471,0.0853702368283242,-0.00483219419999213,-0.0579082195483683
"18",-0.0471292061320402,0.195658616402989,0.0863701888334299,0.0672608899846057,0.119283796965366,-0.0826626389743004,-0.0364852040499083,0.141327944061222,0.0154835353761507,0.296504860786851,0.0423591465674531,0.283277647459877,0.160737674837181,0.27287335923911,0.0894332852159039,0.0900438944686722,0.0724462092654223,1,0.17169405384356,0.0165372039907963,0.130264093828408,0.0261175857325388,0.117744518467693,0.0543509611751669,0.0926330476124727,0.111331752430692,-0.058657911949333,0.0867418753656937,0.211147443898001,-0.178846662055617,-0.0505961556938823,0.204529171875494,0.140830754914776,-0.00486748832989388,0.124659669070534,-0.00357598238073837,0.116817752453615,0.13693530518586,0.0282931970816895,0.0452357205793806,0.122582168188901,0.0672052645265069,-0.0944280150218452,0.01979471013325,0.090894939550047,0.0604025722566475,0.182598448432253,-0.0956064556102383,-0.0726347998707224,0.423096336115274,0.0779705486347735,0.0508490504747839,-0.00181106591415646,0.0810313260683685,-0.10202904269097,0.0951562666955404,-0.149559041168184,-0.197304250240622
"19",-0.174526253680088,-0.123722947398269,-0.186395152300007,0.0261287736280863,0.116186214409077,0.075198086431853,-0.108337895788426,0.0689055359791978,0.00164859279022407,-0.0721718494537677,-0.221156033183282,-0.0379547247023952,-0.107839838981496,0.171887087027672,-0.0303674038158023,-0.105649081519977,0.00369412893817992,0.17169405384356,1,0.373343194025309,0.0696874902954792,-0.0618126303021825,0.107357054863203,-0.10899682932148,0.136343393273351,0.129646802920022,0.106015724187053,0.175218116213418,0.314111971419396,-0.166264856284284,0.446488634252219,0.37794876407579,0.0216852500659163,-0.0548484747150315,-0.112394815608695,-0.0867972522521394,-0.0075317835834036,0.0296116390710897,-0.137485950934662,0.0150996125981423,-0.0611202081436571,-0.139811685457908,-0.151443449580182,-0.0681248264784225,-0.0103086611226837,0.058359405104006,-0.0146462683764438,-0.104317977432799,-0.15240274429899,0.0774376211747319,-0.172344435816999,-0.271123687146952,0.240827022253558,0.177694289867249,-0.0564421525279276,0.0368592194848083,0.0297156931600192,0.0240680491739741
"20",-0.209099300866398,-0.0126464811811217,-0.0297369603723739,-0.104746357653062,-0.00614705785264375,0.0045988384300425,0.0172686032279702,0.0877786278837415,-0.257400485868081,-0.153677839350832,-0.100536692410918,-0.119494040958605,0.141694700837946,0.0162094531151558,-0.104388707088496,-0.193349996838533,0.0996629419643217,0.0165372039907963,0.373343194025309,1,-0.00855689554427539,0.174740180510313,0.162997530237736,0.00376750336890186,-0.00213077667859493,-0.0138242954595064,0.0396428075591289,-0.0298178291073197,0.152519848434011,0.00274346388043427,0.270738365451186,0.29412867326006,-0.0536650394537462,-0.18715607777914,0.0127662757584257,-0.0491575637556644,-0.0603097213266539,-0.00875914210018157,-0.199963871109349,-0.179540276204159,-0.149541312166087,-0.084909699688513,-0.10628793338024,-0.155809548434713,0.0234448929070573,0.0907685277076526,-0.128348305539596,-0.031140740627756,-0.123232745084669,-0.0898426395194414,-0.142490108017237,-0.233326805319576,0.138015854818306,0.129585896295639,0.137594643555134,-0.0788276679551799,0.0610937488182007,0.0698339969977554
"21",0.189737374399203,-0.0748615174993537,0.0147979516734808,0.260913012090881,0.0031231401722349,0.113304646503261,-0.0123183164053074,0.0679520304560451,-0.00072198879168647,0.0844772591935423,-0.0360181808932553,0.154182545105029,-0.0577803449924464,0.070144614050339,-0.124578353345592,0.0837212109757123,0.215025719217883,0.130264093828408,0.0696874902954792,-0.00855689554427539,1,-0.0795770933622378,-0.0967222205629906,-0.035361477812809,-0.0496013760627831,0.0857137844522999,0.016867500684311,0.0697830914965143,0.158564539346673,0.0934632355735286,0.0591424051486255,0.120718167977388,0.0507783245472788,-0.0309813082838344,-0.186729007989001,0.0300390643298854,0.0554988529888378,-0.0996456049001813,0.0309981630625931,-0.210406929012506,0.0837392589309264,-0.163213151429083,-0.0236204900483969,-0.103038486482663,-0.0549415691357383,0.0381402253220894,0.0805134574925489,-0.0376164913464326,-0.0776222890812345,-0.00994659247459876,-0.0530181832229608,0.086149398188912,-0.0967823460099938,-0.0390064927797787,-0.111495058639931,-0.037204185869048,-0.229871219872583,-0.136119394208609
"22",0.0471107452942408,0.137066533887033,0.151323998884905,-0.104561973400004,-0.0489662109564568,0.125843781963545,0.119957187738163,0.0153060753392329,0.00223004452235705,-0.00556480973281621,0.00311018920088802,0.0444435934891715,0.0850041322881708,0.0453253897973835,-0.0182239176032408,0.0274082707842778,0.0332747958273302,0.0261175857325388,-0.0618126303021825,0.174740180510313,-0.0795770933622378,1,-0.10947355557355,-0.000927454543608,-0.0197447868250094,-0.0838907170625243,-0.0467768653869521,0.0598235265194225,-0.103089552744809,0.00664584764163681,0.0770048002436159,0.122125069322881,0.0636508550796813,-0.0579679525944051,0.0195694529464783,-0.0825150549756124,-0.0164734928119501,-0.131939413043084,0.0477900826901586,-0.0679972001406641,-0.0352618838932756,0.1446677789353,0.0417453126985747,0.0694854740180024,-0.132842209780456,0.00978820632281311,-0.0224620322902154,0.0785280580643754,0.0583939995351803,-0.00682023285056461,0.0203520451908712,-0.0172481976367457,0.0580058272577789,0.0117619631483285,-0.00970926157533535,-0.0190716099355413,-0.0954152509020251,-0.183455619806889
"23",-0.114358987484224,-0.0665395017141129,-0.154838846021047,0.0847416115281026,0.130553703273427,-0.0681352241179101,-0.0357721260487255,-0.022076437410364,0.164306242507343,-0.105516573707999,0.0234788479253788,-0.146820876688482,-0.0614260538156977,-0.030313093151793,0.044812652134097,-0.10768036131797,-0.168127639516812,0.117744518467693,0.107357054863203,0.162997530237736,-0.0967222205629906,-0.10947355557355,1,0.135395962558788,0.10477489703232,-0.0660933311327935,-0.0863739125552721,0.0384023792044364,0.391835392944262,0.00111478431560911,-0.0728587779131122,0.0330402396593739,-0.0915756747433579,0.0756304835023024,0.199121525570172,-0.0564182069821779,-0.0538088712825892,0.215833626616248,-0.0968139798980287,0.0342137250620808,-0.0249110624165131,-0.11546310230733,-0.173367545036145,-0.163506256637938,-0.0228516369413309,-0.0626197712208253,-0.0162004937276811,-0.206012320262329,-0.162721677468028,0.051219717928102,-0.113835629234295,-0.0502382760361637,-0.0258880303423125,-0.127831406496374,0.120913653328441,0.15550324988572,0.0887079183008022,0.0312846465147274
"24",0.00980233467639951,0.162982514605091,0.217172686082909,-0.0857218231085784,0.021916595635506,0.0384969972936525,0.151170793370837,0.169471228382645,0.0232953138917312,-0.0668290122293703,0.183006350865939,0.0774643385345156,-0.0424433623089205,-0.104268703769,0.0814719459583873,0.123536733470762,-0.117235123600556,0.0543509611751669,-0.10899682932148,0.00376750336890186,-0.035361477812809,-0.000927454543608,0.135395962558788,1,0.108460303911588,0.0670446395369508,-0.128056660036266,-0.0858285643600988,-0.0351032413790303,-0.0918528399661562,-0.038070415575231,-0.112699223073737,0.0149353035666667,-0.0242085299112712,0.0207068401340127,0.0850938705476597,0.194542598512645,0.15136423497025,0.125534513977903,0.103822389977176,0.0292992882387249,-0.00258641773622211,0.0348340310503931,-0.0008003799900048,-0.0380718612214358,-0.114323874210796,0.024853362033319,-0.0190144661505242,0.00168488713765111,0.0496886100615233,-0.0620264179447097,0.0590093620286226,-0.0599983433251128,-0.13487819119003,-0.0206696613968408,0.04454441721681,0.0755696953359597,0.111545788873542
"25",-0.0595966215615025,0.0206286162983919,0.12616466752402,-0.0639573988786175,0.120665281670449,-0.104689071999024,-0.0469749041855012,0.139173428990876,-0.0721140200960267,-0.233557040582313,-0.0696345656556635,-0.0797668460224395,-0.106277637332724,0.0640407445832869,0.109062354113199,-0.180475571250736,-0.112539227903439,0.0926330476124727,0.136343393273351,-0.00213077667859493,-0.0496013760627831,-0.0197447868250094,0.10477489703232,0.108460303911588,1,0.162163383366466,0.0968168216855285,0.0648736448233372,0.154316642065524,-0.170236216875001,0.102784496683897,0.105755369897822,-0.0564542962365582,0.0750872053552994,0.111858491087946,0.18282180753991,0.072364589010963,0.0574820414592025,0.247443913539071,0.169670883914555,0.134994610775959,0.0154872889146349,-0.0728386158897912,0.103524862658065,0.0549458425851529,0.0241332173250483,0.163860348237139,-0.0402502647332226,0.00164989952955248,0.0914227752834927,-0.0904189739142797,-0.0503829810907386,0.070566741510522,0.0772089616343612,-0.108274202981028,-0.193949538927732,0.0395173194798631,0.112109603368373
"26",0.121614828279574,-0.0321900992885528,-0.0250517363757775,0.100404389701643,0.197789598594975,-0.0309716127043376,-0.0102268767443018,0.141923124459745,-0.137731671428105,-0.00597766007814357,0.129478309255236,0.115542751943399,-0.1768144887188,-0.0870315229894909,0.152256988248022,0.023657870524232,-0.104367656050185,0.111331752430692,0.129646802920022,-0.0138242954595064,0.0857137844522999,-0.0838907170625243,-0.0660933311327935,0.0670446395369508,0.162163383366466,1,0.193525698352004,-0.0303933245738046,-0.0453270777373415,-0.158713048688941,0.04790938029622,0.13986791268615,0.128653367404258,0.00100050842780153,0.174517896603011,0.0715387747245639,0.054042042036104,0.212438971302058,-0.0453710162712625,-0.0403174621923466,0.220545113279953,0.0174651875230889,-0.0684117112866859,0.0808113158184438,-0.11284320855537,-0.04358297484565,0.16396237170549,0.148188015105233,-0.0818976904957702,-0.0140622484278962,-0.0968443189884721,0.152603446581036,-0.0542367034296824,-0.016374985230437,0.0168815097669052,0.0579187418194833,0.0183998891283701,0.00379079942885277
"27",0.165057189035434,0.0478913919355158,-0.160573051659005,-0.108553617322024,0.0272752054930816,-0.16997280250377,0.15595121399627,-0.0840944171978716,0.147344429221637,-0.127847451105075,-0.064449955707249,0.111750120443947,-0.0818641701251908,-0.0286095550254129,0.101619690977761,-0.0975210182488138,-0.0467142575649241,-0.058657911949333,0.106015724187053,0.0396428075591289,0.016867500684311,-0.0467768653869521,-0.0863739125552721,-0.128056660036266,0.0968168216855285,0.193525698352004,1,-0.0389793736065667,0.0364214878218504,0.0420531849970004,-0.00216660346184213,-0.0921255648154444,-0.0323161337148355,0.173489164466627,-0.0285710252475832,-0.100761354582039,0.122335791109249,-0.0152154479592694,-0.135784514779516,-0.023878966175071,-0.168988173143497,-0.140753622690472,-0.0210859648985461,-0.0384391592517955,-0.0241834566790378,-0.020437220322748,-0.0147786700141322,-0.0197259651308628,-0.137226307902209,-0.191947693095449,-0.037093788337342,0.0349754311427401,0.0168247878364741,0.0464993503689613,0.142492280635498,-0.0829346874179323,0.0462290930900237,0.0449669754538488
"28",0.0544633443655028,0.0962506851615179,0.0420891043219733,0.209521531671939,-0.00374400310148375,0.172462788910835,-0.00988619715569541,-0.0298633046829518,-0.0639019494021054,0.00892722566544064,-0.0243295213532079,0.0728881247181046,0.0775036315171839,0.0880868809759428,-0.0126280656877998,0.0169281621898022,0.0172847179781177,0.0867418753656937,0.175218116213418,-0.0298178291073197,0.0697830914965143,0.0598235265194225,0.0384023792044364,-0.0858285643600988,0.0648736448233372,-0.0303933245738046,-0.0389793736065667,1,0.114595591020456,-0.0872375150258785,0.110679023182282,0.285398165735184,0.111647067940075,0.00211788957221417,0.200875755015462,-0.0937964126962074,0.0729347768640418,0.154369591780981,-0.0849159457760203,-0.176656080823267,0.127944369441956,0.0533860826563422,0.0937993624496595,0.0593943623081741,0.0465529743121507,0.153193046844454,0.220101954969926,-0.0417403050781877,0.015085962319757,0.00105678936114177,-0.00640022631179285,-0.135838101065406,0.146419344228197,0.056116468061547,0.0860849138262096,-0.206598676044424,0.0698071277289456,-0.060556519809812
"29",0.0226758761516104,-0.00364339355292066,-0.0374174754218765,0.0461675028933832,0.0316741423522831,0.0699067039524335,0.0441401089112171,0.0402291151467784,0.108484753067291,-0.00293057354706046,-0.110843756286816,0.00798844750584631,0.00419276900018556,0.220550709063736,-0.11186192517109,0.0429396904915418,-0.173433295599904,0.211147443898001,0.314111971419396,0.152519848434011,0.158564539346673,-0.103089552744809,0.391835392944262,-0.0351032413790303,0.154316642065524,-0.0453270777373415,0.0364214878218504,0.114595591020456,1,0.113987090526348,0.0184086086981124,0.123705210695089,-0.11245724341764,0.228838331341624,-0.048984499734535,-0.104379695146743,0.00085239433144063,0.0388682606310437,0.0283879483640953,-0.0707737151278551,0.0334182267637111,0.031325011071562,-0.0210565555561341,-0.105232545683828,-0.047148997670646,0.0100252827033149,0.059329597813043,-0.183632295552515,-0.0861745443767244,0.0893936146411087,-0.03325745710394,-0.0923226936425213,-0.0172041697275373,0.0721633079468749,-0.0201979954835975,-0.0470772680013207,-0.0748614180693747,-0.136804919451987
"30",0.272098317775981,0.110509437922669,-0.178340460309519,0.037690988249483,-0.0407360235735813,0.109594086613564,-0.00388337691505813,-0.0671091671579924,0.169402462277699,0.114654167730302,0.0546459876343096,0.187521073729641,-0.0372401110157022,0.0214691711753622,0.0228328505080659,0.0894024394224219,0.125044036206346,-0.178846662055617,-0.166264856284284,0.00274346388043427,0.0934632355735286,0.00664584764163681,0.00111478431560911,-0.0918528399661563,-0.170236216875001,-0.158713048688941,0.0420531849970004,-0.0872375150258785,0.113987090526348,1,0.00584379171563368,-0.0163081491546576,-0.0197331537307416,-0.00291507122391502,-0.0134296642771435,-0.155733109418503,0.122199786000745,-0.162234089955631,0.0242412771256383,-0.101557305660065,-0.102881853594406,-0.0925045586783676,0.0111868701667809,0.00787510544515103,-0.0340749920609693,-0.162683640528142,-0.139055103280285,-0.146480716400956,0.0556382490052401,-0.136691583790984,0.0232261533161145,0.0502975131228822,-0.109454261640863,-0.0543139787721093,-0.0964392010206148,0.0108796114217352,-0.0882259704562839,-0.122121498225429
"31",-0.125551786135906,-0.109440417869,-0.172809655969147,-0.103882948017313,0.0803826406025186,0.0346272743320005,-0.113998601025892,0.00364069155917991,-0.112285044985349,-0.180493816528994,-0.159564169981901,-0.11661996516885,-0.095286088133551,0.135391934712619,-0.0738866708325354,-0.0870089975224977,0.183576799200992,-0.0505961556938823,0.446488634252219,0.270738365451186,0.0591424051486255,0.0770048002436159,-0.0728587779131122,-0.038070415575231,0.102784496683897,0.04790938029622,-0.00216660346184213,0.110679023182282,0.0184086086981124,0.00584379171563368,1,0.270121062276153,-0.103147150537672,0.0315122360939291,-0.115612069658345,-0.0315232414400663,-0.0404961584547076,0.0398128797783184,-0.05671338716724,-0.111985342360364,-0.176370343210792,0.0317695055115047,-0.209882130663039,-0.138948887555178,-0.0405674490125801,9.04119322822773e-05,-0.0679988914289458,-0.0112757396699382,-0.12324824513359,-0.0881642444131946,-0.167711737000026,-0.163817446419599,0.383072717644679,0.220445923453802,-0.00882902741068287,0.0265969829737904,-0.0491682417976022,-0.0229736629266555
"32",-0.117898266803399,-0.0506549294619137,-0.086713001137442,0.0921298471249621,0.0415652572095619,0.203822645141162,-0.0646969758234891,-0.016983378256648,-0.16170453054615,-0.0897930583064508,-0.137323083578107,0.0204355940099854,-0.037531368048208,0.127729806086529,-0.0576624707067111,-0.00087311165829436,0.109193232723527,0.204529171875494,0.37794876407579,0.29412867326006,0.120718167977388,0.122125069322881,0.0330402396593739,-0.112699223073737,0.105755369897822,0.13986791268615,-0.0921255648154444,0.285398165735184,0.123705210695089,-0.0163081491546576,0.270121062276153,1,0.211351829324201,-0.113831517746082,0.0633698905061689,0.0810987831913109,0.138963298917822,0.0199214684310714,-0.175691554456401,-0.279397595363274,-0.062057116713449,-0.130458350835515,-0.0616316541810834,0.0422429460410259,0.0587800581331457,0.0106374345868267,-0.08465257831071,-0.251187432320688,-0.015907617496092,0.0164387136099699,-0.238460191144221,-0.177682203008109,0.0669197648428217,0.111357610653662,-0.0999904010095302,0.101963777087039,-0.0275400495273974,-0.150849674245692
"33",0.144819922829665,0.0704989943980336,0.075246685317045,0.0725874787812643,0.0635050234592602,0.00018519696011991,-0.0159100404922915,0.0612258280765746,0.0951625139361991,0.0742491304352516,0.329541868675651,0.0868026957799281,0.00979195638221619,-0.00327129469784318,0.149456325721487,0.170542602941718,0.159711194951427,0.140830754914776,0.0216852500659163,-0.0536650394537462,0.0507783245472788,0.0636508550796813,-0.0915756747433579,0.0149353035666667,-0.0564542962365582,0.128653367404258,-0.0323161337148355,0.111647067940075,-0.11245724341764,-0.0197331537307416,-0.103147150537672,0.211351829324201,1,0.0295522729047457,0.075496223757968,0.0612536057191653,0.282461970796676,0.0635664610577928,0.129737667920343,0.0655151164351374,0.255787697401411,0.073218670657927,0.108364993882952,-0.113206927413655,-0.072994776766446,-0.187622854033541,0.122120898122754,-0.00831308574874442,0.150358484158287,0.122913616894238,0.0892268265765799,0.147613580289617,-0.0107470130416086,0.00721676798491023,0.024822106227188,-0.141926526293291,-0.0838045179455339,0.0792818684782697
"34",0.129096720284032,0.112049491060252,0.0558046159757333,0.0486068347821267,0.0126704694020931,0.0565105489720141,0.125529055418364,0.1058361864453,0.194819335377847,-0.0129551380968232,0.206877167066498,0.104835185938549,-0.0432106682539351,-0.0896140266024519,0.00351838309124006,0.135925517207803,-0.242922976993904,-0.00486748832989388,-0.0548484747150315,-0.18715607777914,-0.0309813082838344,-0.0579679525944051,0.0756304835023024,-0.0242085299112712,0.0750872053552994,0.00100050842780153,0.173489164466627,0.00211788957221417,0.228838331341624,-0.00291507122391502,0.0315122360939291,-0.113831517746082,0.0295522729047457,1,0.0651852180893528,0.0635480885839728,-0.0260613146881321,0.0899432725203945,0.140832258932622,0.0193671963910338,-0.00259676991450352,0.178080464808278,0.0588237028427888,-0.00606876129969627,-0.00240561994700626,-0.0946321289627375,0.228621649107157,0.0076884084464126,0.0425974528098821,-0.00585813292982333,0.0709868827812442,0.170819834231302,0.0703216044529877,0.0277331194641528,0.0240052062481106,-0.370341450261411,-0.115942727053188,-0.023868780559831
"35",0.0384411706507903,0.238394453805144,0.0944931871663809,0.229448628734852,0.0509864880935515,-0.0917697997304231,0.308495674476351,0.138570170827427,0.0151490106920696,-0.0279409656606578,0.248751602976328,0.0155248411662915,-0.0634638495576233,-0.0719656915415043,0.0659554774801756,-0.126980402223035,-0.0535491792070053,0.124659669070534,-0.112394815608695,0.0127662757584257,-0.186729007989001,0.0195694529464783,0.199121525570172,0.0207068401340127,0.111858491087946,0.174517896603011,-0.0285710252475832,0.200875755015462,-0.048984499734535,-0.0134296642771435,-0.115612069658345,0.0633698905061689,0.075496223757968,0.0651852180893528,1,0.188861891120397,0.191569462379155,0.365800386089311,0.0916171277977464,0.061187079706214,0.0429372848674864,0.10231887010373,-0.0116275140476533,0.125698483745523,0.183012658239296,0.18758764027103,0.139899610871538,0.0414429208797039,-0.051088028082441,0.0665658502795017,0.124261653907015,0.0475328264742068,-0.0203554716428092,-0.00624174686165475,0.0690871420174003,-0.0574074789566339,0.310014251206483,-0.0105580728062242
