"","l_Insular.Cortex","r_Insular.Cortex","l_Amygdal.Area","r_Amygdal.Area","l_Bed.Nucleus.of.the.Stria.Terminalis","r_Bed.Nucleus.of.the.Stria.Terminalis","l_Hippocampus","r_Hippocampus","l_Orbitofrontal.cortex","r_Orbitofrontal.cortex","l_Entorhinal.Cortex","r_Entorhinal.Cortex","l_Frontal.Association.Cortex","r_Frontal.Association.Cortex","l_Globus.Pallidus","r_Globus.Pallidus","l_Glomerular.Layer.of.the.Accessory.Olfactory.Bulb","r_Glomerular.Layer.of.the.Accessory.Olfactory.Bulb","l_Glomerular.Layer.of.the.Olfactory.Bulb","r_Glomerular.Layer.of.the.Olfactory.Bulb","l_Granule.Cell.Level.of.the.Cerebellum","r_Granule.Cell.Level.of.the.Cerebellum","l_Hypothalamic.Region","r_Hypothalamic.Region","l_Entorhinal.Cortex","r_Entorhinal.Cortex","l_Vermix.Molecular.Layer.of.the.Cerebellum","r_Vermix.Molecular.Layer.of.the.Cerebellum","l_Lateral.Molecular.Layer.of.the.Cerebellum","r_Lateral.Molecular.Layer.of.the.Cerebellum","l_Anterior.Olfactory.Bulb","r_Anterior.Olfactory.Bulb","l_Posterior.Olfactory.Bulb","r_Posterior.Olfactory.Bulb","l_Subiculum","r_Subiculum","l_Perirhinal.Area","r_Perirhinal.Area","l_PreLimbic.System","r_PreLimbic.System","l_Primary.Cingular.Cortex","r_Primary.Cingular.Cortex","l_Primary.Motor.Cortex","r_Primary.Motor.Cortex","l_Retrosplenial.Cortex","r_Retrosplenial.Cortex","l_Secondary.Cingular.Cortex","r_Secondary.Cingular.Cortex","l_Secondary.Motor.Cortex","r_Secondary.Motor.Cortex","l_Striatum","r_Striatum","l_Ventral.Tegmental.Area","r_Ventral.Tegmental.Area","l_Substantia.Nigra","r_Substantia.Nigra","l_Thalamus","r_Thalamus"
"1",1,0.0947987806939635,-0.192915213287809,0.125264014515311,-0.149268362634439,0.0754557497820574,0.125899315192968,-0.349105370410441,0.251619621714418,-0.0407569434293709,0.0225973832507507,0.135412739699117,-0.249661958942302,0.0732969280626953,0.0928084594321285,-0.111417293419124,-0.0768346916639566,0.1458146474323,0.0653378416020119,0.0159741982574527,0.152186846302966,-0.0464635065953102,0.0519384865872577,-0.0711469863360639,0.178366867872313,0.0273709202752877,-0.107893209489118,0.0871852627656285,0.0242093745537713,-0.126307400291692,-0.0221212265194111,0.0567883575679246,0.248813464660612,0.00756025837219708,-0.204207961984256,0.0718772033470646,0.133112413213442,-0.187995759434192,0.0309607642664167,0.21492125132017,0.145698366206238,0.0810293209577429,-0.148845012324151,0.0390677585562788,-0.177054248156807,0.0676492577028908,0.0908161665710089,-0.0660079994819946,-0.0757028405171065,0.138525304956477,0.0908965047282403,0.235947102060137,0.0364135775305873,0.13252845517408,0.0344618769067166,0.0320260925250721,-0.0739374066306282,-0.0164139434413643
"2",0.0947987806939635,1,0.0527262830944855,0.110263891282052,-0.0327125849672998,0.00851765504925669,-0.226772014505797,0.158027307352187,0.148025924790911,0.213381149903965,0.277309341027486,0.190417923456868,0.106894621798569,-0.127864994257719,-0.0659583970473045,0.0448431023684971,0.0325559095723847,-0.0307081084931114,0.157127068171314,-0.00226165691635415,-0.0426205737681276,0.168602582870257,0.147560944126059,0.0315768468928564,-0.0776876406423561,0.12560871852134,-0.10934418634329,-0.026983734568935,-0.118513266783643,-0.00564702569582298,0.317389467031494,0.0367163880777367,-0.0449935264514607,0.14659443480452,-0.0160419460527882,-0.152352481023883,0.0893910086111855,-0.0519563022690242,-0.153200396852288,0.0888020227001495,-0.0771137545268512,-0.255478192763933,0.236424576122704,-0.271300659896574,-0.0986248416519954,-0.0896841909557016,-0.145082175518689,-0.0379503718598871,-0.0263238717347461,-0.288101827517914,0.274167720299837,0.119619460842769,0.0234270087024262,0.132338000947452,-0.0132797254869339,0.0654488639679088,-0.0661072691639505,-0.174823608447804
"3",-0.192915213287809,0.0527262830944855,1,-0.386553561486127,0.00729523684729813,-0.0503055326754837,-0.133720704278126,0.0269088101066015,0.0217366087056405,0.196604117105172,0.14216711730057,-0.0139884138675746,0.151724813238589,0.0907166208672002,0.0483886630236221,0.0286715237157001,0.0613773759700797,0.0601362194111599,0.0814997461422417,-0.0870193357087384,-0.331446632208731,0.0564446081420312,-0.133605084647752,0.070810922865192,0.261100387263426,-0.102496271231575,0.0300243924936434,-0.161433961092812,0.11732330187348,-0.0653290348118081,-0.00866711805070455,-0.0447320932274377,0.00790841539515223,-0.141630580097061,0.184836252323567,-0.247708611003987,0.0723954311782479,0.0728323211157702,0.149541213242265,-0.150821112167083,-0.161227987251571,-0.0678815444086782,0.0215641934418436,-0.0223389615296296,-0.152730301422193,0.0759080048378109,-0.0379397366581637,-0.0281607686321304,-0.102955697403632,-0.0253433222301071,0.239963894020752,-0.184077841718253,-0.275825839374498,0.00092078659292342,0.128868913577485,0.0228561448592421,0.0139699240815353,0.0414231242264376
"4",0.125264014515311,0.110263891282052,-0.386553561486127,1,-0.196110341313703,0.134188928643133,0.0215663006992945,0.0334054079085883,0.0768342212578257,0.0345177114198315,0.0140117528788779,0.104956440926835,0.0200998567160561,-0.0957307459852387,-0.105421063655727,0.0261076352939021,-0.112347542466216,-0.19044475110769,-0.0584209955106915,-0.00746027783537131,0.0493638249559235,-0.259478047395966,-0.0275623684667654,-0.123801858282651,-0.172370063200698,0.365181997375119,0.00509411565133802,0.161034011315896,-0.0813618870411239,0.147427990014198,-0.0658861105848781,0.0335551473698221,0.068221527567243,0.0217985246326796,-0.259857587264416,0.106822038843824,-0.10036008922829,0.0145983323201599,-0.0639906107806711,0.127121087257567,0.148149904969834,0.0612190781482193,0.0718696995842917,0.20054853233157,0.0956956167774193,-0.145398205528471,0.0650872313572027,-0.133898963694687,0.0954040440382741,0.0697684063236211,-0.153224301559854,0.119541223231613,0.0442006020186559,-0.0447269663454618,-0.0480099355135722,-0.00770583446568102,0.0151987299278847,0.0518668700457535
"5",-0.149268362634439,-0.0327125849672998,0.00729523684729813,-0.196110341313704,1,-0.231750707134659,-0.0392558188216597,0.0566110548398472,-0.168455584872668,0.0560388429680824,-0.129551558462298,-0.0415539148623478,0.167065632722531,0.111591362487956,0.0237503288425566,0.151610065984891,0.0626686910887507,0.145417298258641,4.73587227580646e-05,-0.0398817066968071,-0.0645700661444868,0.185176139839097,0.102199302721653,0.0810364031715149,-0.114783448245092,-0.00909108874633667,0.013105833437105,-0.00467427186440012,-0.0143080778069583,0.0529699919134582,0.0134306154159547,-0.0159116505444617,-0.114076665406179,0.13064564407576,0.280737381403055,0.098709796193792,0.184210863733299,0.056036061076707,0.0990913392498436,0.0279209233854303,0.0459901915217348,-0.0406679542732615,0.0512420485591311,0.0233229325177044,0.00786496927439117,0.0643034866056475,0.133398673732676,0.0577514028946488,0.0201757525935733,0.0704100331753483,0.0799006401480339,-0.0159978954981457,-0.121561671274264,-0.0305272465153863,-0.0935424248855136,0.0893662938169398,0.277923794680187,-0.00341053307024242
"6",0.0754557497820574,0.00851765504925669,-0.0503055326754837,0.134188928643133,-0.231750707134659,1,-0.107314579395161,0.00107265834977304,0.0778830493748961,0.00812677864906901,0.0711108082015145,0.0750004952234113,0.0484248408293903,-0.0341060765293865,-0.127239277927899,-0.0858424319454323,-0.0858076512951778,-0.152217239897666,0.0084979507297501,-0.0241984920086549,0.0420418609986425,-0.0250811945810098,-0.0564690071950446,0.0365340080288215,0.0338676161299131,0.124644947196014,0.0998774987143013,0.0227588212506513,0.103477476579027,0.0104939142922936,-0.0799136015497479,0.056505429402093,0.0851799719532088,0.122089620642952,-0.117026275129682,-0.0575367183226146,-0.0908776574216999,0.0131627657868939,0.118947987007337,-0.12141266959812,0.0520825199337175,0.136014385570358,-0.101706742861963,-0.11805953405199,-0.123177841243398,0.00622899574533584,-0.0519245629143198,-0.048097274708089,-0.0747426685014355,-0.10458178249764,-0.0826876867785808,0.050589120948021,0.146519200627115,0.0951208730159207,0.0591274811580978,0.0455206192525271,-0.0839965855043253,0.13009892799914
"7",0.125899315192968,-0.226772014505797,-0.133720704278126,0.0215663006992945,-0.0392558188216597,-0.107314579395161,1,-0.357942694305821,0.079950656022971,-0.150973885467944,-0.0958603735187399,-0.10001214301218,-0.303957462822012,0.282713333089814,0.0497444324065883,0.0267563360936233,-0.0942512435695587,0.225930592272816,0.136280719521201,-0.00245430978011678,0.137440364976579,-0.215660682278997,0.0824702497936453,-0.0754604903159591,0.264174676291399,-0.143140957991006,0.110806105668913,0.0730961025386091,0.245899413269641,0.0545531324005131,-0.00760047447762694,-0.0182747204108038,-0.0345600966825427,-0.302085224220424,0.0696570058275038,0.223320090846073,0.070728297949986,-0.263744642310135,0.0408813281307549,-0.0816053750102662,-0.114347405452685,0.0308922495586435,-0.190018363896587,0.174668779751447,-0.169931964357737,0.032231477065888,-0.00444178490344003,-0.11705107990729,-0.0462612319593217,0.284897337088666,-0.227108918205142,-0.159105099561479,-0.123858688747501,-0.12517250675413,0.0341923226994605,-0.0450797598334464,-0.0199294650610668,0.181654947524715
"8",-0.349105370410441,0.158027307352187,0.0269088101066015,0.0334054079085883,0.0566110548398472,0.00107265834977304,-0.357942694305821,1,-0.225189277338571,0.178913964923739,0.122466064675522,0.0370395730041171,0.348039504060321,-0.0635204732927844,0.0245759619722937,0.184787357043794,0.0595743227509758,-0.185067502894085,-0.0340085726899547,-0.0834013853240207,-0.211436068942421,0.101406076262852,0.0149314950583344,0.0770771250314331,-0.385986307840271,0.20968255054315,-0.0522619697988837,-0.0408623018065049,-0.171631353265826,0.00867973249702312,0.0918157654187934,0.0404030956179198,-0.0868413720903272,0.418079100841714,-0.0139583716453526,-0.0726648726247501,-0.0168130645267053,0.237979850060172,0.130986759511264,0.139389052228634,0.238714330772281,0.0151978908769754,0.210597933106766,-0.16850346682531,0.267705839995128,0.0512776001341445,0.0779115976322743,0.0524545261406968,0.21465949532968,-0.13635576974374,0.0443495054425798,-0.0871621039281737,0.0959251102510053,0.0220191479046015,-0.13219401055105,0.00637281867596834,0.263322134723454,-0.0202383747977594
"9",0.251619621714418,0.148025924790911,0.0217366087056405,0.0768342212578257,-0.168455584872668,0.0778830493748961,0.079950656022971,-0.225189277338571,1,0.123733276252632,-0.019562539088008,-0.0291092336584233,-0.0909664425487333,0.0575091488674974,0.0326787964651666,0.0288320942113463,-0.0443200588506413,0.0458201303755481,0.0707360409695034,-0.113665764197625,-0.0651432513081085,0.106587460113833,0.161652696367808,0.0454829792433273,0.00683064404244488,0.0661792832863298,-0.00937167567583146,0.00250743632946343,0.143270473214365,-0.0422755434853463,0.201952361381031,-0.151959347093189,0.0458786618477328,-0.25647836611407,0.115654359316257,-0.0572845738792285,0.0605693160525517,-0.104742767024262,-0.0498713457218059,0.0318050484759369,-0.162778395551395,-0.0608708180171206,0.171651138053767,0.120857919634634,-0.147808446298456,-0.161642586798157,-0.121157525493476,-0.107623493657901,-0.0722548098182967,0.144588356999535,-0.0451348299302952,-0.0116640185954385,-0.0609531874823022,0.0277960804628651,0.186517399988096,0.094443152695966,-0.148588625240724,-0.0235693069422138
"10",-0.0407569434293709,0.213381149903965,0.196604117105172,0.0345177114198315,0.0560388429680824,0.00812677864906901,-0.150973885467944,0.178913964923739,0.123733276252632,1,0.0828984099222913,0.0545636590505765,0.129089409851214,0.0281370211467091,0.158509981547649,0.0597463921097647,0.181094800871257,-0.146469653805943,-0.0517639404727677,-0.116721011409792,-0.257879730201364,0.154605777120888,0.0697471292535072,0.106149615029125,-0.137496205591097,-0.0327893023832065,0.0145312680581563,0.186453565135117,0.105470978919498,-0.0528271378747006,-0.0363453832397387,0.0679443622945514,0.0878622701204231,0.00579257235381601,-0.0754212348853657,-0.15815125529408,0.00216118170752455,0.0163249719554419,-0.0908146321527635,-0.0947849542761575,0.0689571119205437,-0.186744011354129,0.260502973347134,0.0776465244049864,0.0907408832525809,0.0239741678421484,-0.0754934572579766,-0.0939961281608957,0.17107592572019,-0.0325227147721409,0.107544032198305,-0.170194166935844,-0.0720165659287419,0.03091096049421,-0.0211128375112671,0.00626865982009909,0.0751535062801089,-0.176042611690021
"11",0.0225973832507507,0.277309341027486,0.14216711730057,0.0140117528788778,-0.129551558462298,0.0711108082015145,-0.09586037351874,0.122466064675522,-0.019562539088008,0.0828984099222913,1,0.0910852016163662,0.181479239650247,0.113888028934616,0.17839677169181,0.0142949561927064,0.0649325842809082,0.0883018872782391,0.317913167100562,0.0715649594155126,-0.0878805498978536,0.0963981806369516,0.102163844387792,0.196629660216939,-0.062330126489836,0.0560020250072467,-0.0652505496416829,0.125745223540298,-0.0842576223786177,0.261777405406987,0.219238271694048,0.192414028829111,0.00491658346173135,0.0770172324923469,0.113911169903065,0.112850779361245,0.139765295676782,0.0733290734487291,-0.0973689037829126,0.0616202496703195,0.12094765606704,-0.0774333026643242,-0.0142470545463426,-0.179195190070017,0.0372410977630644,0.100619038719741,-0.0522458604774986,-0.0329603614032419,0.107957226543526,-0.0126919454035048,0.134399828659047,0.18384794995275,0.0392934938468534,0.0895714166320185,0.0793859567445025,-0.127345957354942,0.0782561725422356,-0.164198735293153
"12",0.135412739699117,0.190417923456868,-0.0139884138675746,0.104956440926835,-0.0415539148623478,0.0750004952234113,-0.10001214301218,0.0370395730041171,-0.0291092336584233,0.0545636590505765,0.0910852016163661,1,0.0995396232950026,-0.173076280371998,0.0205385587691415,0.255207523057236,0.181424927495676,-0.0736610553291927,-0.125763690033449,0.0876500274659726,-0.166196062005103,0.101426462503492,-0.00395615484902768,0.132251514346038,0.0280529115158328,0.0787403375400688,-0.106104143856483,-0.0881199292607539,-0.0554064711529981,-0.01549125182041,-0.0996688233260538,-0.0848299893294806,0.289270346220603,0.0457622121223116,-0.203795799458887,-0.150565799117768,-0.0348327341677765,-0.0499973880676698,0.104713837991199,0.199581428966366,0.0370570517666362,0.0810192776148844,-0.194631038773677,-0.171699348910004,-0.255519842679604,-0.0218556834421528,-0.0788008887708411,-0.0272909717002804,-0.0423429846029152,-0.143045830603831,0.147730029469261,0.0938986903816313,0.0258142787244863,0.114691689051528,0.00387183983088672,0.11609750103683,-0.0140161603629646,0.14912425236297
"13",-0.249661958942302,0.106894621798569,0.151724813238589,0.0200998567160561,0.167065632722531,0.0484248408293903,-0.303957462822012,0.348039504060321,-0.0909664425487333,0.129089409851214,0.181479239650247,0.0995396232950026,1,0.116270326868009,0.203311163153608,0.102594021096072,0.303568022585262,0.0208573261153838,-0.0175587785026498,-0.0827853257324463,-0.274284733768212,0.135667540113552,-0.109504991048171,0.102812290288098,-0.349280713928572,0.26989045891314,-0.209592650425228,-0.0561731703421727,-0.196805730821289,0.115991437066221,0.0803390260722857,0.0669355789362993,-0.0908124254809318,0.210475847795241,0.088105382719466,-0.165406650737646,-0.00812185878508647,0.11890147633716,0.0391767509799869,0.0363920489536561,0.115357448130171,0.0237955629323028,0.119407468657681,-0.176740653300516,0.205605724677712,0.0547933889671653,0.0620060723778187,0.05362069016755,0.376410670153446,-0.0586812026288035,0.149407635682047,0.182384206414288,-0.132343365809607,-0.119846059111592,-0.0307743545676098,0.115871955203275,0.0917177759858299,-0.0466184196283606
"14",0.0732969280626954,-0.127864994257719,0.0907166208672002,-0.0957307459852387,0.111591362487956,-0.0341060765293865,0.282713333089814,-0.0635204732927844,0.0575091488674974,0.0281370211467091,0.113888028934616,-0.173076280371998,0.116270326868009,1,0.0550511750216465,-0.010594961560266,0.0148102625912692,0.604594511051612,0.160408854777364,-0.122069040177431,0.043526934574315,-0.147381589312504,-0.00884705480022977,0.114031189136003,0.193331198402885,-0.0671263337578257,-0.0645832697378811,-0.113990221878166,0.0728896143191014,0.0295572156661947,0.0268459544297389,0.0374686171732054,-0.00116560536959778,-0.16312438095768,0.238725246818692,0.119501343616253,0.192912451993115,-0.0801132075677319,0.00419261130438242,-0.128792084242928,-0.0131229499097221,0.0398579384861963,-0.0875174859585042,0.099238766943741,0.00856103123393608,0.184811661625235,0.0979593357260966,0.0977068303953401,0.0409809935202575,0.599574476740932,-0.049774216826904,-0.15476407303756,-0.199759172155572,-0.0320442283324609,0.0401171337510225,0.11852971000019,-0.035020788214204,0.00087480296791089
"15",0.0928084594321285,-0.0659583970473045,0.0483886630236221,-0.105421063655727,0.0237503288425566,-0.127239277927899,0.0497444324065883,0.0245759619722937,0.0326787964651666,0.158509981547649,0.17839677169181,0.0205385587691415,0.203311163153608,0.0550511750216465,1,0.00115071575706098,0.0692312650819771,0.043554624003883,0.211208779800926,0.277541694312672,0.0574036556580899,-0.119622728046638,0.0262111130184462,0.274371599051641,-0.0287845546883311,0.0266192261058673,-0.106940202785826,0.0042861814050702,-0.119072944116534,-0.0393567306779729,0.0374626134386475,0.195464472230051,-0.0815351969605826,0.0367431738045285,-0.0579527867511236,0.126734613156514,0.153077471647721,0.0705340916608716,-0.137971005842368,0.0237814757757661,-0.00274414878284119,-0.021291667005939,-0.0137535814811613,-0.172962666676421,0.102412221778329,0.0214622502545039,0.0534893562402275,-0.190115754260671,0.153259421006309,0.105141646995162,0.01123064846105,0.0979431228445761,-0.124029819371934,-0.123747965783635,0.00746001571912459,-0.0223763059031752,0.160992553383377,-0.147226904302525
"16",-0.111417293419124,0.0448431023684971,0.0286715237157001,0.0261076352939021,0.151610065984891,-0.0858424319454322,0.0267563360936233,0.184787357043794,0.0288320942113463,0.0597463921097647,0.0142949561927064,0.255207523057236,0.102594021096072,-0.010594961560266,0.00115071575706098,1,0.0463320230077389,0.0527478509417714,-0.0324588347269708,-0.24201411980345,-0.221160277408117,0.126838083081711,-0.0779367635621423,0.217981162505965,-0.140984255902949,0.0653007421064522,-0.149033531020654,-0.0234713929085053,0.104918731758552,0.163473236642874,-0.0535512489541696,-0.0670456820060749,0.113287871841465,-0.098871401397606,0.157121187754027,-0.0611387869025439,0.00422391341638589,-0.0518043573856821,0.103529598843086,0.00052523136614892,0.13101922593631,0.0186293328783718,-0.10438674221944,0.0740960932871914,0.0107033437824125,0.141492987228952,0.00498091049816474,0.0168489059781519,-0.0701651337878502,-0.043544378997744,0.0724464811906728,0.138518437904968,-0.0182607240665699,-0.0626318741309494,-0.0424329816656096,0.0745368755589039,0.210046337332348,0.0140337227753765
"17",-0.0768346916639566,0.0325559095723847,0.0613773759700797,-0.112347542466216,0.0626686910887507,-0.0858076512951778,-0.0942512435695587,0.0595743227509759,-0.0443200588506413,0.181094800871257,0.0649325842809082,0.181424927495676,0.303568022585262,0.0148102625912692,0.0692312650819771,0.0463320230077389,1,-0.0193791791074956,-0.0372105553775596,0.0188345343970985,-0.165514844964343,0.154377214455268,-0.0427832574318628,0.0176635060343689,-0.0282514289409158,0.00148988897188003,-0.00770798635493716,0.128131326031892,0.131256050382979,-0.119034469164354,0.0466931256207844,0.0834684840889161,-0.0620209216478739,0.0812549126678402,0.11451981919326,-0.209234752025045,0.0470093133611683,0.0396479796644669,0.0821177395042809,0.164134137681539,0.00741711605301448,0.110338936460258,-0.0340479200452091,0.00111193617719375,0.0914122664966945,0.186020327890661,0.0536823663065738,0.111284087582455,0.127351130242196,-0.107634095953114,-0.00279841184825348,0.032385487604037,-0.0398646516507934,-0.0873083425422699,-0.136279664841811,0.0718963729813094,-0.137708992012448,-0.0825865143018413
"18",0.1458146474323,-0.0307081084931114,0.0601362194111599,-0.19044475110769,0.145417298258641,-0.152217239897666,0.225930592272816,-0.185067502894085,0.0458201303755481,-0.146469653805943,0.0883018872782391,-0.0736610553291927,0.0208573261153838,0.604594511051612,0.043554624003883,0.0527478509417714,-0.0193791791074956,1,0.0858217207381726,-0.0496354211614718,-0.0224630653814708,-0.00065478655202867,-0.0967787457758722,0.170278119357574,0.271727332214492,-0.0775820085269642,-0.111017771601503,-0.110302892399106,-0.0116663976418717,-0.0133085643232978,-0.010802863025847,0.0362718818071267,0.119521371025402,-0.147962489640843,0.356632673210976,-0.051521811415937,0.264139325395711,0.00433916071670075,0.0920624170095768,-0.127320142598846,-0.1244608227254,-0.0556590199394442,-0.139807243323412,-0.0322546300762084,-0.147783335377571,0.0442084623154523,0.116672193690174,0.126370788273995,-0.135229833793062,0.330994599050501,-0.0625216554057093,-0.0852232989308078,-0.0485156185847651,0.0712981549559121,-0.0871511420377229,0.14428578445935,0.0572805884264999,-0.0613603737707906
"19",0.0653378416020119,0.157127068171314,0.0814997461422417,-0.0584209955106915,4.73587227580646e-05,0.0084979507297501,0.136280719521201,-0.0340085726899547,0.0707360409695034,-0.0517639404727677,0.317913167100562,-0.125763690033449,-0.0175587785026498,0.160408854777364,0.211208779800926,-0.0324588347269708,-0.0372105553775596,0.0858217207381726,1,0.00451173825994049,-0.120840208545343,-0.123215856892781,0.0255409332740181,0.0697999497760751,0.053922491356255,0.106041737038641,-0.153133948100599,-0.0138905239756333,-0.106036874847313,-0.0394019058519371,0.480283608304961,0.394900869748875,-0.0591027714461243,0.0569797475258152,0.190320162379455,-0.0161472141407573,0.15056532478934,-0.0626619040158363,-0.0807398318671479,0.0473022756367964,-0.0907994037550072,-0.188158517345111,0.00096667182136538,-0.024380452345387,-0.100082689267542,-0.1064633517567,0.0482500276839468,-0.0100774397130292,0.0705779541827909,-0.0717837121658884,-0.01511959219397,-0.0547728969129843,-0.110927143907489,-0.0406511778278354,-0.0849189773201413,0.150583056696283,0.0332346327491342,-0.0826439594775969
"20",0.0159741982574527,-0.00226165691635415,-0.0870193357087384,-0.00746027783537131,-0.0398817066968071,-0.0241984920086549,-0.00245430978011678,-0.0834013853240207,-0.113665764197625,-0.116721011409792,0.0715649594155126,0.0876500274659726,-0.0827853257324463,-0.122069040177431,0.277541694312672,-0.24201411980345,0.0188345343970985,-0.0496354211614718,0.00451173825994049,1,0.209793640199207,-0.166464711937571,0.0194623400163114,-0.146079243005806,0.057073074143073,0.0226083158920901,-0.0902311264291257,0.170688774393604,-0.101453035303413,-0.0462409743649635,-0.0468960954033325,0.470081027218856,0.0879815869179053,0.116176307336371,-0.170057298774775,0.226460360713118,-0.110163056984047,0.0125299609517675,-0.179841723061492,0.103551981224217,-0.201338669114269,-0.146726681005977,-0.0733357293809491,-0.11513069119921,0.0419798714485015,0.0337437495710914,-0.0368207642001282,0.0837447453599319,-0.0211785948857819,-0.013268699284188,-0.225561512772803,0.0938503170490202,0.0309932589390754,0.0374689476999689,0.213895144621326,-0.0469230439801268,-0.0790200353964364,0.145822135607894
"21",0.152186846302966,-0.0426205737681276,-0.331446632208731,0.0493638249559235,-0.0645700661444868,0.0420418609986425,0.137440364976579,-0.211436068942421,-0.0651432513081084,-0.257879730201364,-0.0878805498978536,-0.166196062005103,-0.274284733768212,0.043526934574315,0.0574036556580899,-0.221160277408117,-0.165514844964343,-0.0224630653814708,-0.120840208545343,0.209793640199207,1,-0.15284839723271,0.125011951355664,-0.0821032880423183,-0.00887939383648498,-0.281034611238384,0.253297139751104,0.144321753971082,0.0184924370035786,-0.00049594838686668,-0.0727779459764466,-0.0102368503206146,-0.084441892490931,0.130373262162793,-0.121110936365715,0.339256780546575,0.020568975309686,-0.0379677796473376,-0.107386462189501,0.070848585950796,-0.0430786243808442,0.0360503798451511,-0.190460751524316,-0.090079027293187,0.139655570898709,0.0907665326097716,0.042378704172039,0.0559211635349421,-0.0828177898814613,0.00733592876791637,-0.193590402230048,0.187778638756851,0.00915859625824713,-0.0516088722845059,0.0435138710451393,-0.101370818527032,-0.0129259066417671,0.0728367972312695
"22",-0.0464635065953102,0.168602582870257,0.0564446081420312,-0.259478047395966,0.185176139839097,-0.0250811945810098,-0.215660682278997,0.101406076262852,0.106587460113833,0.154605777120888,0.0963981806369516,0.101426462503492,0.135667540113552,-0.147381589312504,-0.119622728046638,0.126838083081711,0.154377214455268,-0.00065478655202867,-0.123215856892781,-0.166464711937571,-0.15284839723271,1,0.115752087285766,0.164725856317629,-0.146810697614879,-0.0930031262096737,0.0530992699361975,0.1087668626063,0.0982810714743763,0.072407414984472,0.175272669900202,-0.203277594844751,-0.0214887679603861,0.09192961070257,0.0814340522825312,-0.246763613096281,-0.0624997687542313,-0.0432858001571611,0.0202887256499982,0.0788316942973454,-0.103742897064135,0.0292005500422605,0.234649110314976,-0.043585487282567,0.13895221223627,0.200949081257917,-0.181671555034275,0.067383883154751,-0.0153650513051942,-0.1158827017312,0.128485906174566,-0.071868403430765,0.0541039805553545,0.164098780514328,0.0657982257242289,0.0977353731399523,-0.028463531224545,-0.113778207307711
"23",0.0519384865872577,0.147560944126059,-0.133605084647752,-0.0275623684667654,0.102199302721653,-0.0564690071950446,0.0824702497936453,0.0149314950583344,0.161652696367808,0.0697471292535072,0.102163844387792,-0.00395615484902768,-0.109504991048171,-0.00884705480022977,0.0262111130184462,-0.0779367635621423,-0.0427832574318628,-0.0967787457758722,0.0255409332740181,0.0194623400163114,0.125011951355664,0.115752087285766,1,0.119007969889332,0.0350876681032013,-0.0636191152162761,-0.0816289521620804,0.107532169715241,-0.0327456325394501,0.116490785237972,0.198405718567759,-0.213436725894923,-0.140530001479459,0.00878844211665428,-0.153321553651669,0.114884504973657,0.0461272779549625,0.00032081173809074,-0.0913207395458515,-0.0336600187374128,-0.119212620405952,-0.140173456165961,0.199261614265966,0.0836724703108389,0.102136617692181,0.108159619578279,-0.163773335275877,-0.00607605558021235,0.17956083126616,0.0506021872675379,-0.10752538519914,0.0585197509721639,-0.085283764614568,-0.116767356387386,0.0964159442112894,-0.202435836896236,0.0582701044373198,0.0462961270833731
"24",-0.0711469863360639,0.0315768468928564,0.070810922865192,-0.123801858282651,0.0810364031715149,0.0365340080288215,-0.0754604903159591,0.0770771250314331,0.0454829792433273,0.106149615029125,0.196629660216939,0.132251514346038,0.102812290288098,0.114031189136003,0.274371599051641,0.217981162505965,0.0176635060343689,0.170278119357574,0.0697999497760751,-0.146079243005806,-0.0821032880423183,0.164725856317629,0.119007969889332,1,0.0187399729750093,-0.0661312167593229,0.133067493354471,-0.0224728458177412,-0.0157819286360013,-0.142326656932597,-0.102693945950011,0.0347766009603526,0.00288077203123183,-0.046885190787315,0.107839765434964,-0.0926667686181478,-0.00349583697239264,0.00482338727724804,0.156773931171881,-0.058033041006549,0.0121833561026995,0.0389093619561225,-0.0794029945688615,-0.0491138468587529,-0.0662201311611967,0.0214510141749302,-0.0433201438031393,-0.0371775887656426,-0.169720232090388,-0.0673294386694883,0.218549969318658,-0.0493773668887885,0.0778033783521997,-0.0345321544007201,-0.0261925287907222,0.0738575640763086,-0.0542480159596224,-0.192439651483716
"25",0.178366867872313,-0.0776876406423561,0.261100387263426,-0.172370063200698,-0.114783448245092,0.0338676161299131,0.264174676291399,-0.385986307840271,0.00683064404244488,-0.137496205591097,-0.062330126489836,0.0280529115158328,-0.349280713928572,0.193331198402885,-0.0287845546883311,-0.140984255902949,-0.0282514289409158,0.271727332214492,0.053922491356255,0.057073074143073,-0.00887939383648498,-0.146810697614879,0.0350876681032013,0.0187399729750093,1,-0.194754900513417,0.0988712343058122,-0.0821965929967804,0.224770554226788,-0.0612088348201234,-0.0555210543578091,-0.0303471941691526,0.153222342711123,-0.411740455858856,0.0516692186333181,-0.125018403363011,0.169211025431381,-0.110726804912254,-0.0274860509126246,-0.227805352127333,-0.313257570866009,-0.0858006287003098,-0.307555939749859,0.00247133138427802,-0.308363513506824,-0.0236246685774307,-0.179036697233886,-0.129383376402079,-0.26397195293878,0.107209155856217,-0.0898043165001496,-0.198372067468482,-0.182442111670701,0.0187763838837341,0.0294399553677002,0.116140923585778,-0.237969233922219,0.170374315706373
"26",0.0273709202752877,0.12560871852134,-0.102496271231575,0.365181997375119,-0.00909108874633667,0.124644947196014,-0.143140957991006,0.20968255054315,0.0661792832863298,-0.0327893023832065,0.0560020250072467,0.0787403375400688,0.26989045891314,-0.0671263337578257,0.0266192261058673,0.0653007421064522,0.00148988897188003,-0.0775820085269642,0.106041737038641,0.0226083158920901,-0.281034611238384,-0.0930031262096737,-0.0636191152162761,-0.0661312167593229,-0.194754900513417,1,-0.157300954063969,-0.124736841524345,-0.209759421517432,-0.0884789235005981,0.124175176253548,0.226096757147668,0.12920275840516,0.148316721806212,-0.091820761858058,-0.13129297679525,-0.05502340018768,0.0290761489253592,-0.0814997940557017,0.135776264556241,0.280305931086548,0.00760935908084232,0.16378119811561,0.0772287743763311,0.170146912172556,-0.195975172459826,0.157522723689016,0.067294642587975,0.210600820084048,0.082435879457722,-0.0451635792406935,0.13176889055444,0.141785333384554,0.0376312375259063,-0.0142592297168902,-0.0524570746063147,0.1480679296847,-0.0388612145449834
"27",-0.107893209489118,-0.10934418634329,0.0300243924936434,0.00509411565133802,0.013105833437105,0.0998774987143013,0.110806105668913,-0.0522619697988837,-0.00937167567583147,0.0145312680581563,-0.0652505496416829,-0.106104143856483,-0.209592650425228,-0.0645832697378811,-0.106940202785826,-0.149033531020654,-0.00770798635493715,-0.111017771601503,-0.153133948100599,-0.0902311264291257,0.253297139751104,0.0530992699361975,-0.0816289521620804,0.133067493354471,0.0988712343058122,-0.157300954063969,1,0.0910454149450773,0.195920188899412,-0.0722934558331085,-0.14675464959027,-0.0510253487438746,-0.0819730818479148,-0.116490076659551,0.00063348176797187,0.103907653894467,-0.0762183984057655,-0.0251537451161566,0.135589292685087,-0.101719286163223,-0.0745954686084208,0.0148320594900026,0.107217739647599,0.0976642524273368,0.0344945887647043,-0.0631263225360009,0.025615378491478,-0.118755003715603,-0.211218239709781,-0.0591825595961964,-0.116429633864154,-0.21581887701297,0.0766555433006396,0.0958855137999444,0.0598831153702159,-0.129435149007303,-0.222764920453219,0.0241360566698788
"28",0.0871852627656285,-0.026983734568935,-0.161433961092812,0.161034011315896,-0.00467427186440012,0.0227588212506513,0.0730961025386091,-0.0408623018065049,0.00250743632946343,0.186453565135117,0.125745223540298,-0.0881199292607539,-0.0561731703421727,-0.113990221878166,0.0042861814050702,-0.0234713929085053,0.128131326031892,-0.110302892399106,-0.0138905239756333,0.170688774393604,0.144321753971082,0.1087668626063,0.107532169715241,-0.0224728458177412,-0.0821965929967804,-0.124736841524345,0.0910454149450773,1,-0.025486716731992,0.139226181648698,0.0836005166056546,0.057566856079751,-0.0305043245513641,-0.00318484573205643,-0.0211974119044836,0.201661514447849,0.00066548922086182,0.00369325198372102,-0.268393103954279,0.0270924811425883,0.106506738769786,-0.0116590662501644,0.109751462621851,0.0854790615185543,0.174389871577197,0.0499032991725252,-0.100810368637283,-0.0585157505986641,0.138290471887749,-0.0210677568525274,-0.125935283398269,0.0273158135232001,0.0163172541107048,0.028450319489938,-0.116422781369671,-0.114850495513473,-0.0571752596576499,-0.0961268550431433
"29",0.0242093745537713,-0.118513266783643,0.11732330187348,-0.0813618870411239,-0.0143080778069583,0.103477476579027,0.245899413269641,-0.171631353265826,0.143270473214365,0.105470978919498,-0.0842576223786177,-0.0554064711529981,-0.196805730821289,0.0728896143191014,-0.119072944116534,0.104918731758552,0.131256050382979,-0.0116663976418717,-0.106036874847313,-0.101453035303413,0.0184924370035786,0.0982810714743763,-0.0327456325394501,-0.0157819286360013,0.224770554226788,-0.209759421517432,0.195920188899412,-0.025486716731992,1,0.00974442710812143,-0.213538593318001,-0.0213859626052328,-0.0426619946181078,-0.188514539934972,0.0922738525498353,-0.115259962514127,-0.0542489386458314,-0.194914457653269,0.273403499348441,-0.0364799908735278,-0.178429542304528,-0.0186191154489106,-0.129078016021611,0.101298969286286,-0.136093491711751,0.141936673224297,-0.0959823667732142,-0.194396980894704,-0.22645725158655,0.0426418810246991,-0.111263550321067,-0.243344704645701,0.0256588684939723,0.0852365398812962,0.0178467009170227,-0.0305339952125841,-0.161483663213852,0.025048033183659
"30",-0.126307400291692,-0.00564702569582298,-0.0653290348118081,0.147427990014198,0.0529699919134582,0.0104939142922936,0.0545531324005131,0.00867973249702312,-0.0422755434853463,-0.0528271378747006,0.261777405406987,-0.01549125182041,0.115991437066221,0.0295572156661947,-0.0393567306779729,0.163473236642874,-0.119034469164354,-0.0133085643232978,-0.0394019058519372,-0.0462409743649635,-0.00049594838686668,0.072407414984472,0.116490785237972,-0.142326656932597,-0.0612088348201234,-0.0884789235005981,-0.0722934558331085,0.139226181648698,0.00974442710812143,1,0.121149899820674,-0.207820467911832,-0.18631831760167,-0.047112988735833,0.0550345090438992,0.25830766650603,0.0543739427221324,-0.0811349055994263,-0.162839336794708,-0.0130750766486448,-0.00578431851829236,-0.0738478707781645,0.090925947618475,0.051378353246816,0.161199739306075,0.175608467284288,-0.173271550184051,-0.126155887277043,0.148821948449418,0.101672855525764,-0.214575936641722,0.0161862455015528,0.0521475931735097,0.0540382732785637,0.248198314928977,-0.147113843191101,0.106187451536876,0.0173817735030758
"31",-0.0221212265194111,0.317389467031494,-0.00866711805070455,-0.0658861105848781,0.0134306154159547,-0.0799136015497479,-0.00760047447762694,0.0918157654187934,0.201952361381031,-0.0363453832397387,0.219238271694048,-0.0996688233260538,0.0803390260722857,0.0268459544297389,0.0374626134386475,-0.0535512489541696,0.0466931256207844,-0.010802863025847,0.480283608304961,-0.0468960954033325,-0.0727779459764466,0.175272669900202,0.198405718567759,-0.102693945950011,-0.0555210543578091,0.124175176253548,-0.14675464959027,0.0836005166056546,-0.213538593318001,0.121149899820674,1,-0.0769024449388103,-0.0109481786472608,-0.0122136633330516,0.0729782908758648,0.173916295267925,0.223168944336259,-0.0520059249637149,-0.164455184785175,0.0828062951264012,-0.146270296896944,-0.151910544218354,0.227170310536761,-0.074350314667139,-0.0800077745537849,-0.0603475905575453,-0.148204357335642,0.0241832070708389,0.149742503556369,0.00547138793568716,-0.0199325506856026,-0.0167614442154719,-0.186359968383043,-0.0947841481711653,0.0561116518209072,0.0679590554421328,0.022921067272737,-0.0245634696988823
"32",0.0567883575679246,0.0367163880777367,-0.0447320932274377,0.0335551473698221,-0.0159116505444617,0.0565054294020929,-0.0182747204108038,0.0404030956179198,-0.151959347093189,0.0679443622945514,0.192414028829111,-0.0848299893294806,0.0669355789362993,0.0374686171732054,0.195464472230051,-0.0670456820060749,0.0834684840889161,0.0362718818071267,0.394900869748875,0.470081027218856,-0.0102368503206146,-0.203277594844751,-0.213436725894923,0.0347766009603526,-0.0303471941691526,0.226096757147668,-0.0510253487438746,0.057566856079751,-0.0213859626052328,-0.207820467911832,-0.0769024449388103,1,0.0549387879931086,0.223285007128119,-0.0922565580069026,0.0178111872553833,-0.0901930332373062,0.0724746076375716,-0.0738829047133256,0.124500970526172,-0.028688300330065,-0.206024682292482,-0.0394579885986847,-0.103141811786538,0.0513051854381659,-0.158027878658127,0.101640684035141,-0.0218871462474065,0.0456780628892902,-0.115223091900684,-0.0821800942071786,0.0437706670287621,0.152932745314021,0.11762170910024,-0.0361988117861764,0.102242181900619,0.0155877947979254,-0.115354292556293
"33",0.248813464660612,-0.0449935264514607,0.00790841539515223,0.068221527567243,-0.114076665406179,0.0851799719532088,-0.0345600966825427,-0.0868413720903272,0.0458786618477328,0.0878622701204231,0.00491658346173135,0.289270346220603,-0.0908124254809318,-0.00116560536959778,-0.0815351969605826,0.113287871841465,-0.0620209216478739,0.119521371025402,-0.0591027714461243,0.0879815869179053,-0.084441892490931,-0.0214887679603861,-0.140530001479459,0.00288077203123183,0.153222342711123,0.12920275840516,-0.0819730818479148,-0.0305043245513641,-0.0426619946181078,-0.18631831760167,-0.0109481786472608,0.0549387879931086,1,0.00529036219254297,-0.104940273260737,0.0236518850552068,-0.0859767032437426,0.0608297974242673,0.134959520187155,-0.0573273361468067,0.157383590336537,0.0593555212174366,-0.230913031244335,0.128115577402463,-0.321673420828305,0.0337806172457537,0.0789890242601103,0.0503291369319478,-0.0916706910781608,0.0873959008110676,0.1511772794033,0.0523383990171085,-0.0168701165010694,0.0579532250615855,0.0364038641517525,0.125818965734482,-0.0297222390471236,0.104284079521858
"34",0.00756025837219708,0.14659443480452,-0.141630580097061,0.0217985246326796,0.13064564407576,0.122089620642952,-0.302085224220424,0.418079100841714,-0.25647836611407,0.00579257235381601,0.0770172324923469,0.0457622121223116,0.210475847795241,-0.16312438095768,0.0367431738045285,-0.098871401397606,0.0812549126678402,-0.147962489640843,0.0569797475258152,0.116176307336371,0.130373262162793,0.09192961070257,0.00878844211665428,-0.046885190787315,-0.411740455858856,0.148316721806212,-0.116490076659551,-0.00318484573205643,-0.188514539934972,-0.047112988735833,-0.0122136633330516,0.223285007128119,0.00529036219254297,1,-0.110920810685215,-0.053583320766167,-0.034084890397224,0.153513772475496,0.142754619802736,0.33466488387857,0.169357450828879,0.122185474290505,0.0956389084106136,-0.115589064424632,0.237741807733964,0.0223083295826647,0.14658515008045,0.144677502514069,0.0201257582592841,-0.117429194986151,0.0780455970986059,0.0191940747908445,0.171758501709833,-0.0306691489552349,-0.124732425011199,-0.0224534725110468,0.212695762643467,-0.0505994873122502
"35",-0.204207961984256,-0.0160419460527882,0.184836252323567,-0.259857587264416,0.280737381403055,-0.117026275129682,0.0696570058275038,-0.0139583716453526,0.115654359316257,-0.0754212348853657,0.113911169903065,-0.203795799458887,0.088105382719466,0.238725246818692,-0.0579527867511236,0.157121187754027,0.11451981919326,0.356632673210976,0.190320162379455,-0.170057298774775,-0.121110936365715,0.0814340522825312,-0.153321553651669,0.107839765434964,0.0516692186333181,-0.091820761858058,0.00063348176797187,-0.0211974119044836,0.0922738525498353,0.0550345090438992,0.0729782908758648,-0.0922565580069026,-0.104940273260737,-0.110920810685215,1,-0.0790493257853467,0.154947894508114,-0.0193014571587824,0.0871092052747775,-0.0512030123935061,0.0784875555076086,0.0489883133868397,-0.0660708115844078,0.0121148207330518,-0.0869099711780514,0.204645427453942,0.137451742733972,0.16504832117877,-0.0271701425327948,-0.0323954895784582,-0.072608921298298,-0.154193717317406,-0.234197570080706,-0.142168152541229,0.0605957736201594,0.218276147621125,0.0114467590159217,-0.0648191535199757
