"","l_Insular.Cortex","r_Insular.Cortex","l_Amygdal.Area","r_Amygdal.Area","l_Bed.Nucleus.of.the.Stria.Terminalis","r_Bed.Nucleus.of.the.Stria.Terminalis","l_Hippocampus","r_Hippocampus","l_Orbitofrontal.cortex","r_Orbitofrontal.cortex","l_Entorhinal.Cortex","r_Entorhinal.Cortex","l_Frontal.Association.Cortex","r_Frontal.Association.Cortex","l_Globus.Pallidus","r_Globus.Pallidus","l_Glomerular.Layer.of.the.Accessory.Olfactory.Bulb","r_Glomerular.Layer.of.the.Accessory.Olfactory.Bulb","l_Glomerular.Layer.of.the.Olfactory.Bulb","r_Glomerular.Layer.of.the.Olfactory.Bulb","l_Granule.Cell.Level.of.the.Cerebellum","r_Granule.Cell.Level.of.the.Cerebellum","l_Hypothalamic.Region","r_Hypothalamic.Region","l_Entorhinal.Cortex","r_Entorhinal.Cortex","l_Vermix.Molecular.Layer.of.the.Cerebellum","r_Vermix.Molecular.Layer.of.the.Cerebellum","l_Lateral.Molecular.Layer.of.the.Cerebellum","r_Lateral.Molecular.Layer.of.the.Cerebellum","l_Anterior.Olfactory.Bulb","r_Anterior.Olfactory.Bulb","l_Posterior.Olfactory.Bulb","r_Posterior.Olfactory.Bulb","l_Subiculum","r_Subiculum","l_Perirhinal.Area","r_Perirhinal.Area","l_PreLimbic.System","r_PreLimbic.System","l_Primary.Cingular.Cortex","r_Primary.Cingular.Cortex","l_Primary.Motor.Cortex","r_Primary.Motor.Cortex","l_Retrosplenial.Cortex","r_Retrosplenial.Cortex","l_Secondary.Cingular.Cortex","r_Secondary.Cingular.Cortex","l_Secondary.Motor.Cortex","r_Secondary.Motor.Cortex","l_Striatum","r_Striatum","l_Ventral.Tegmental.Area","r_Ventral.Tegmental.Area","l_Substantia.Nigra","r_Substantia.Nigra","l_Thalamus","r_Thalamus"
"1",1,0.316106326679548,-0.0589757506919476,0.0302967240827359,0.132390008286492,-0.0546000940077044,0.0609284329788614,-0.0560018594108646,0.267931931464124,0.214798965529188,0.0415285452730018,0.143727780297664,-0.22340792132556,0.0785533637796889,0.05529396748954,0.072367725636058,-0.118796120067965,-0.0453245173048256,-0.0510836110545908,0.072447798882329,-0.0391212546206479,-0.235286710471548,0.118670701452238,-0.0706496132411134,-0.0994730126870228,0.13532568581421,0.207709929911868,0.175561584567018,0.107644608173239,-0.16103732405851,-0.0703830684423599,0.117612138174045,-0.0121729861261869,-0.0124981043837507,-0.0478295438999152,-0.0900092629424055,-0.041188481599118,0.0149667168620809,0.00368384390153112,0.0102505668365894,-0.115013295937437,-0.0989145165267345,0.11096274894533,-0.0197970291408909,-0.0964554642613692,-0.1610598191553,-0.241033041806922,0.0865039398144444,-0.309171768026244,-0.00197801652807631,0.166646830139872,-0.0544048844120715,0.26678076749818,0.124383424554635,-0.0274732908180887,0.100839576620378,0.13528899446934,0.139490432898552
"2",0.316106326679548,1,-0.0849870781623436,0.0833215923969828,-0.0236366507341273,0.0700557989354589,-0.15567834377577,-0.0246162117963259,0.185574286952343,0.124052030329909,-0.0171145589470037,0.162994012549256,-0.348687445562368,-0.0504864549348789,0.120650973197764,0.0760679910469865,-0.107932526139261,-0.0321390563990463,0.0619053002788386,0.0152675407281389,0.109439074136096,-0.187667506743959,0.131180432678351,-0.0584141044556748,-0.0838542796032386,-0.00152007107314283,0.214910395840036,0.143975371171844,0.297940631069008,-0.0423470106047728,-0.0252912487904661,0.0954959159796318,0.0966658914165935,0.131289656953453,-0.00065459387706986,-0.0924130777669908,0.0807815387379166,-0.0899528888104166,-0.0625866217896079,0.0244387414993385,-0.0407966379535404,-0.163762102733091,0.232416813535164,-0.1087003115346,-0.0470778883314228,-0.0817041047451799,-0.0130560534887999,0.0326923978675526,-0.172632422603374,-0.114927623980325,-0.0283128933682754,0.105928521675315,0.00227863669590863,0.171127068733132,-0.117332188195281,-0.0658935841855529,-0.0177813054409412,-0.0941350358267607
"3",-0.0589757506919476,-0.0849870781623436,1,0.0411410679702483,-0.0230376622849353,-0.0591508179711678,-0.0876274752213557,-0.0362993024627073,-0.152937742716985,-0.123441593617507,-0.0871775070454277,-0.0182782465137803,-0.0181351045735809,0.0752033360410641,0.0340592046299636,0.0388741724946167,0.0154372492914044,-0.0377154909883154,-0.0647063896842364,0.117718637680426,0.163057379342722,-0.117053009528332,-0.0188310865941058,-0.0682688613793559,-0.135646155362441,0.0686135770247917,-0.087025963765162,0.0734928665144739,0.0425398108812823,0.0737713542360514,-0.133983745084781,-0.0564401978314377,-0.0780657610959063,0.0303598013862095,-0.0326380435370784,-0.075928622671452,0.177666086759818,-0.0456989969844052,-0.0987447644325752,0.0968363275707818,0.200771900628933,0.0881742274245455,-0.0204414034087271,-0.0382729426975445,-0.0318504784518926,-0.125912555131778,-0.169280220899873,-0.0333235775102499,0.142367284425408,0.0251768273339469,0.0394726353549983,-0.0324057179226062,0.0082888582978853,-0.182830623604153,0.0524680358896921,0.0420138696646778,0.0358351774580647,0.0528688917369788
"4",0.0302967240827359,0.0833215923969828,0.0411410679702483,1,-0.0981032621648252,-0.0453243168459182,0.0747561830328322,-0.107957673083808,-0.0767817047609419,-0.0138084082526239,-0.0184297457712919,0.11727286033529,-0.151938908435497,-0.109494257814301,0.0172876874330286,0.0250136512175443,-0.14929243104931,-0.136111899663235,-0.0695743663897231,0.0405089279001323,-0.0078193467232382,-0.11650438454588,0.201799740835966,0.0126773251724188,-0.00955384017258702,-0.028564728364512,0.124244640386078,-0.144018477931093,-0.200753573572995,0.211326362367824,-0.109053231810254,0.0847516466086062,-0.114811916198662,-0.0792441837982883,0.0466729466919288,-0.0233432589522088,0.157497172779352,0.0624278439718661,-0.0759945102809994,-0.175069591914025,0.0351512057443119,-0.0246590068238609,0.0383821356604519,-0.0685930403912097,0.12128467412568,0.046612933099402,0.0441600522140223,-0.0752163371109347,-0.0300756362790769,-0.0371478854991033,-0.0200183022350749,-0.041843996340568,0.0761468213258702,-0.0141634183840156,0.0674720989541375,-0.0609336389658222,0.0398228907215154,0.0891394741787906
"5",0.132390008286492,-0.0236366507341273,-0.0230376622849353,-0.0981032621648252,1,-0.151967669214315,-0.0935078041246732,-0.134554070546554,0.0215297776767028,-0.0400629938365293,0.0912214129296657,0.137465587095456,-0.112349589080337,0.118282032730672,0.13167382088569,-0.0260015885882196,0.0453038243144803,0.0471671834923904,-0.00250137670486572,-0.160848560971703,-0.0775451839772971,0.101870738485597,0.153723720276572,0.042262587178942,-0.00812192330425079,0.0604890587303539,0.114215316180137,0.085365843855374,-0.144261853413396,0.0250447771984271,0.162022494421317,-0.110887064753829,0.00217567526059994,0.0394211092385105,-0.131092452117024,0.0165370112075193,-0.235885170886725,-0.00845538102433155,0.182540949477566,-0.0517069416360008,-0.00185946994166676,0.0347021782802292,0.00191117256400996,-0.0425215548749923,0.0692363819149979,0.148501105441799,-0.0625209045257306,0.144390067936974,0.0189729958417443,0.102548134999791,-0.0333237819865919,0.0298764894256595,-0.0456927751996358,0.176177074517777,-0.0555006776952854,-0.0020712893980244,-0.0426463668637276,-0.108874388927977
"6",-0.0546000940077044,0.0700557989354589,-0.0591508179711678,-0.0453243168459182,-0.151967669214315,1,0.0996381815849309,0.0203000704829107,-0.0319682861711178,0.0198159587806372,-0.0777592400545895,0.0169603429128265,0.109092326776034,-0.123954469944071,-0.160020503878354,-0.0402417293510773,0.111657171191122,0.0556904705404791,0.0946829628464312,-0.182929519191833,0.0820624332836577,-0.155626481556941,-0.0154408034271446,-0.167081423181135,0.0943458719737196,0.0317346838490417,-0.0613762576177749,-0.0611650075940796,-0.014180415984986,-0.0804781758004999,0.076286135289967,-0.0217252156479884,0.0292186172858375,0.143380937764321,-0.0273620238933787,-0.144804181329065,0.0274194383059139,0.101357241992551,0.0115401193635225,0.06592974594502,-0.0415227435100136,0.00855461778109009,-0.0453566874047812,0.0246289006978935,0.0575525378112624,-0.124610760632973,-0.0177562923511682,-0.212473203758373,0.107233414752102,-0.0192676518563719,-0.018736652615934,0.00060737155840874,-0.0169269777685346,-0.0290422382735761,0.126734918949214,0.0861947628175439,-0.0013554820067577,0.0590855968003034
"7",0.0609284329788614,-0.15567834377577,-0.0876274752213557,0.0747561830328322,-0.0935078041246732,0.0996381815849309,1,0.164117471312813,-0.0630584393982022,-0.11075171987918,0.244669901357495,0.129160712990456,0.0221738393681168,-0.022699153051734,-0.117341920010668,-0.00746304599096778,0.0573676024008421,0.0519473827261361,-0.0636773650367708,0.0626323080594573,-0.0391583795195979,0.0259948704561697,-0.101465032373077,0.0911421493120866,0.100589313233492,0.0612301178641797,-0.0943474819997867,0.15307997403139,-0.170199907466831,-0.108873186471438,-0.0269182895704693,0.113486667899731,0.08436814672483,0.273568769404187,0.203716196105058,-0.0028297500960939,0.0877158642575481,0.0430054636040819,0.107980526181152,0.207824665646109,0.117189883767821,0.147984544138746,-0.127957291943181,-0.117712737803387,-0.0949436109135727,-0.0154628048330583,-0.123073135274045,0.079425821720292,0.0698350954097549,0.199296604231636,0.1202656256584,0.0839077091632361,-0.102899812258454,-0.232462882725836,-0.0962068330139418,-0.0629186744318896,0.0481025353609728,0.0379685196894537
"8",-0.0560018594108646,-0.0246162117963259,-0.0362993024627073,-0.107957673083808,-0.134554070546554,0.0203000704829107,0.164117471312813,1,0.210875694292079,-0.02223035208039,0.00163930935433435,-0.1295261836361,0.0919080935259977,-0.0569509761251227,-0.085684813669308,0.0748782590140353,0.083903585234632,0.248887976854838,0.0148033511767835,-0.166272055387369,0.0402142649405596,-0.0547359871295206,-0.0251607027639002,0.0839887978905742,0.0768161788600323,-0.150336038958561,-0.162501256929147,0.0241916143955011,-0.0204440331648738,-0.192166136881028,0.00921540625526017,-0.0120073618421016,0.00368208213673849,-0.0788491276201885,-0.0511246271705085,0.159205758128301,-0.0352827769805222,0.0987211075280218,-0.00339472339857443,0.118047886098049,0.0900343315011093,-0.024015389286541,-0.038609120222373,0.0562120782906615,-0.0282808111337448,-0.0444506984585581,-0.0180849843312018,0.0848563966214668,0.069272298739031,0.0128372479389492,0.0321642893906475,-0.0415936745381345,0.0129459098810546,-0.176186786073781,-0.0505795135115788,0.0746818751102393,-0.132878703564418,0.0216019665310127
"9",0.267931931464124,0.185574286952343,-0.152937742716985,-0.0767817047609419,0.0215297776767028,-0.0319682861711178,-0.0630584393982022,0.210875694292079,1,0.460934279131925,-0.109758077503583,-0.115424503208856,-0.137902725663978,0.0261755952233607,-0.0668360553945115,0.0939672098948702,-0.0731341829513973,0.0166249385009356,-0.0180800301409606,0.0344228773242384,0.0874532898701203,-0.10048781127873,0.108338653184673,0.0381299966287698,-0.0120015165371231,-0.181948646308891,0.0368045664237674,0.0710261059425688,0.0969355783430645,-0.0743444167370717,-0.0467392084796904,0.0767577640636914,0.041318484286542,-0.114960339881634,-0.160672322728731,-0.222677395284256,-0.057931246689158,-0.123952436413872,-0.0697206765580409,-0.114354674232416,-0.239529190830631,-0.277020523465975,0.181782646689629,0.230124121973451,0.0870952691351474,-0.0123074468130025,-0.169081887158076,-0.0231664675918942,-0.197549064488659,-0.0461895316825952,-0.179386579428566,-0.107205968444461,0.303584365979179,0.159010634380748,0.248527205936313,-0.0661628074413658,0.0232882679656377,0.121684750194368
"10",0.214798965529188,0.124052030329909,-0.123441593617507,-0.0138084082526239,-0.0400629938365293,0.0198159587806372,-0.11075171987918,-0.02223035208039,0.460934279131925,1,-0.0748320144613101,-0.0219554612747785,-0.0140071932009664,0.0407090856601252,-0.117461961923211,-0.071926701812012,-0.161526297719572,0.0202311639941058,0.0345714512761861,-0.0909900145854713,0.0133233007175351,-0.0289595468288869,0.081900588815817,-0.04410631623751,-0.0864057572173649,-0.0978416323352502,0.0871836676200748,-0.0432881550169899,0.177481530487331,-0.0135978505318003,0.0979930376432029,0.0509810706372077,0.0609053246765236,-0.0835810215690787,-0.0637712428110369,-0.064377009872872,-0.0675372469473602,0.00039595893735847,-0.118614587718688,-0.220840703628539,-0.277775676827268,-0.28104753150386,0.212453730199074,0.325076395161448,0.0585457561711627,-0.0292023669082936,-0.125258345185807,-0.157266625807109,-0.102793678700723,0.039697615455047,-0.070594038178619,-0.177883400317101,0.279424004449529,0.275231476920262,0.108275559260785,0.00932402535609561,0.0366277433984122,0.16763539666862
"11",0.0415285452730018,-0.0171145589470037,-0.0871775070454277,-0.0184297457712919,0.0912214129296657,-0.0777592400545895,0.244669901357495,0.00163930935433435,-0.109758077503583,-0.0748320144613101,1,0.0743363035774969,-0.0943106661791878,0.0519058253690924,0.0151698685591741,0.0767849208040204,0.0692841347116607,-0.135475469391168,-0.0186966158582055,0.141635672520476,0.00253357149944223,0.0788978225381851,-0.136811359064403,0.0211100410884723,0.210367976445206,0.0823688516893423,-0.097220208002213,0.156800963547311,-0.0855114576519764,0.237845503558143,0.0103942606056266,0.0774955503650493,0.092785740155806,0.100567452839017,0.145013734989621,0.107540095315906,0.190399836569024,0.252483077464539,0.196364587064414,0.181037929881688,0.0285896519840944,0.196344248657737,0.0398900628246904,-0.16828149258922,-0.124230480401387,-0.0582002617022813,-0.0253684313439745,-0.0347084180294537,-0.0928551230817483,-0.0896357255950249,-0.00317004944228108,0.136451463471388,-0.116198679293574,-0.0906871125802973,-0.0551184270113109,0.0120885372986246,0.0282075411707419,0.0456349895570604
"12",0.143727780297664,0.162994012549256,-0.0182782465137803,0.11727286033529,0.137465587095456,0.0169603429128265,0.129160712990456,-0.1295261836361,-0.115424503208856,-0.0219554612747785,0.0743363035774969,1,0.00292794197736542,-0.112916438812877,0.00638271669397313,0.0129532688156708,-0.0296153801988913,-0.0414593860914723,0.105907140379035,0.146859514551901,0.126893931760935,-0.0586788510128846,-0.0303054810697673,-0.118632392728931,0.105272353876564,0.0389851756109044,-0.00807579145391566,-0.128268373971715,0.0649372900614338,-0.108872362660961,0.0894634350268966,0.0518476608465387,0.0160285975484238,0.257916641508424,0.10931035088429,0.146760377564829,0.041090738136296,-0.00880480597095773,0.136518641988225,0.0371997265578159,0.141043286690104,0.0566135443819282,0.017775638081685,-0.20228620063915,-0.0594779289821189,-0.00752004998715307,0.141474971709501,0.203163894909902,-0.0920784355866235,0.127908289409161,0.282745676827938,0.14340715338105,-0.0533061900849338,0.123526496549687,-0.0276881841897338,0.0227674040282578,-0.0825941756391732,-0.205894355777558
"13",-0.22340792132556,-0.348687445562368,-0.0181351045735809,-0.151938908435497,-0.112349589080337,0.109092326776034,0.0221738393681168,0.0919080935259977,-0.137902725663978,-0.0140071932009664,-0.0943106661791878,0.00292794197736542,1,0.0129851330585852,0.00590085307178289,0.0559918175308722,0.140895112847096,0.314852742891034,0.0320275758564207,-0.119373717560095,0.0439999129080179,0.0491455209341737,0.0234441516614114,0.0486845299118284,-0.0109986887746762,-0.0265627448662108,-0.0974291033910513,0.0228390344542868,-0.117201716285649,-0.0382281003843342,0.0612802910813819,0.105584822227645,0.16688329627176,0.0396689250967501,0.0229856528963257,0.118525209090554,0.0754822200317733,0.167345775205788,0.194988410954509,0.0049632727894094,0.292045581822469,0.109307712487633,-0.193468201814252,0.145514460082311,0.137276526462873,-0.113613833058631,0.219360553337468,0.0692060827939038,0.314462224075854,0.178783885791393,0.0779737608318083,-0.00993169278617567,-0.140376945875143,-0.0717405914288951,-0.186095358353221,-0.0446910221541701,-0.0223616781012743,0.00432782443915924
"14",0.0785533637796889,-0.0504864549348789,0.0752033360410641,-0.109494257814301,0.118282032730672,-0.123954469944071,-0.022699153051734,-0.0569509761251227,0.0261755952233607,0.0407090856601252,0.0519058253690924,-0.112916438812877,0.0129851330585852,1,-0.0106784182164182,-0.0068447708725413,0.075121296641693,0.196733382762805,0.0513657940128799,0.119436283681292,-0.0643579898177361,0.116866393597128,0.0214649547290971,0.151584743908915,-0.00350398719455006,0.236365058522641,0.169984846436665,0.0751801124112489,0.0857569607413769,0.0717579799324291,-0.0942845181927743,-0.0738828435654177,0.0703629208150247,-0.101000461337237,-0.0405730007517579,0.0585026440461413,-0.043862326388529,0.198032076368313,0.188818391660352,0.0102254503811895,0.116007537981157,0.266680562930907,-0.0909666662395611,0.0575733367949015,0.123455710970486,0.0720086826239109,-0.118435176072599,0.0799050240852577,0.0353952386251032,0.536462218010107,0.0533073234866405,0.186754683433121,0.108887920151568,0.163522140948449,0.014454183760977,-0.0330498092441582,0.0118192612340138,0.12152881486054
"15",0.05529396748954,0.120650973197764,0.0340592046299636,0.0172876874330286,0.13167382088569,-0.160020503878354,-0.117341920010668,-0.085684813669308,-0.0668360553945115,-0.117461961923211,0.0151698685591741,0.00638271669397313,0.00590085307178289,-0.0106784182164182,1,0.0290622488736969,0.0533931332318375,0.114010496538962,-0.042641927265467,0.154622900540446,-0.0797207756733615,-0.0209891956083052,0.0987687381672705,0.00694450794094163,0.0426832757249227,-0.0880196879526491,0.165695237090544,0.126687458584298,0.0943420061664751,0.188836785479245,0.0694357366478429,-0.013083906824271,-0.0775781714284471,0.0846999933401159,-0.0243145839238785,0.0553518289268924,-0.154218328272086,-0.0060723564513214,0.115490980852726,-0.0149010773861925,-0.0762003911536438,-0.0207284970828113,0.108147223032657,-0.0258181208334831,-0.00296161406669174,0.0164801251430277,-0.0969801659304572,0.0531486043447144,-0.0752515150573544,0.0187967238250154,0.0326010932076388,0.071657925956811,0.0884725091382228,0.135854289522791,-0.134540934114475,-0.0229488475021064,-0.123924268789667,0.109486053753738
"16",0.072367725636058,0.0760679910469865,0.0388741724946167,0.0250136512175443,-0.0260015885882196,-0.0402417293510773,-0.00746304599096778,0.0748782590140353,0.0939672098948702,-0.071926701812012,0.0767849208040203,0.0129532688156708,0.0559918175308721,-0.0068447708725413,0.0290622488736969,1,-0.144568787736132,0.0801207117609782,0.00917901213134991,0.0879760992372508,-0.0260967521151852,-0.111514059729302,-0.0780622667106691,-0.185439958361245,-0.0464981686294864,0.0406980309033247,-0.248503894198831,-0.115410979459101,0.0101103387897408,0.0861703876256519,0.0202234654899549,0.0375668721297243,0.0578807391410638,0.05423742158415,-0.0363541335730502,-0.0229960234876026,0.200613086435401,0.00818651090252907,-0.0173591528782531,0.152459680255437,0.00822575310922879,0.0873881595923839,-0.00152443515199678,0.0491420168834975,-0.113859337323968,-0.0844333599735251,0.0082549357668944,0.0195745478939049,-0.0558935084781059,0.0900042381895126,-0.160576596530234,-0.0095903614799011,0.120280269308406,0.0911698625181559,0.0443966343285595,0.0462735491593459,0.0185179116029546,0.169295303297142
"17",-0.118796120067965,-0.107932526139261,0.0154372492914044,-0.149292431049309,0.0453038243144803,0.111657171191122,0.0573676024008421,0.083903585234632,-0.0731341829513973,-0.161526297719572,0.0692841347116607,-0.0296153801988913,0.140895112847096,0.075121296641693,0.0533931332318375,-0.144568787736132,1,0.26190394575697,-0.00186220356458634,-0.0919608255473326,0.305784772266321,0.0487284883553262,0.0511053642255256,0.113772359622112,0.183822173974605,-0.0724653804311289,0.148333325981981,0.337956044279004,0.0594931848064872,0.0930999485619608,0.166892455976528,-0.107625764252005,0.0854498782703167,0.0873074622407627,-0.0902619951442567,0.0931365518290025,0.0265777821908154,0.133138317979954,0.311789648031755,0.302164458667891,0.17898500535646,0.312800137375825,-0.138946384304389,-0.0705151295885215,0.102422178582195,0.154455315335877,0.0684773716681941,0.072716649837986,0.445914704492839,0.206138305847642,0.0775060617118568,0.173728384133332,-0.16176610073441,-0.137745202761141,-0.0646808484638212,-0.0321590071759393,0.0425288637198151,0.120572928328978
"18",-0.0453245173048256,-0.0321390563990463,-0.0377154909883154,-0.136111899663235,0.0471671834923904,0.0556904705404791,0.0519473827261361,0.248887976854838,0.0166249385009356,0.0202311639941058,-0.135475469391168,-0.0414593860914723,0.314852742891034,0.196733382762805,0.114010496538962,0.0801207117609782,0.26190394575697,1,0.147499616064311,-0.105272722870789,0.14031134187164,0.152670239761098,0.181235362281416,0.0846900874556679,-0.0365688131371239,-0.16718709225303,-0.0307312905184896,0.0975955767499818,-0.0962691932526084,0.0420293326247495,0.0735283076009136,0.0774457844821046,0.115719274385337,0.153493244552484,-0.0376344400736906,0.100572732090659,0.0444695861333374,0.0252532170686121,0.293138015031389,0.268086137019602,0.265557422666526,0.132265292192702,-0.0116207718310115,0.232111713222403,0.0977732649816069,-0.00674881929646105,0.131959727729361,0.164980823172246,0.145945606919073,0.454460995787622,0.0728477035112146,0.0254237718591841,0.0101657746419151,0.0404655531088331,-0.064539201375294,-0.0540802414640346,-0.153196580899674,0.11584626126482
"19",-0.0510836110545908,0.0619053002788386,-0.0647063896842364,-0.0695743663897231,-0.00250137670486572,0.0946829628464312,-0.0636773650367708,0.0148033511767835,-0.0180800301409606,0.0345714512761861,-0.0186966158582055,0.105907140379035,0.0320275758564207,0.0513657940128798,-0.042641927265467,0.00917901213134991,-0.00186220356458634,0.147499616064311,1,0.00672825833575367,-0.127672786028888,0.0316744043321397,0.130984422876462,0.226519648727394,-0.113902615559553,-0.0805659493625607,-0.00385226480707259,0.0567748668543579,0.00265995814707759,0.195342026356135,0.301617839870297,0.0843844793622761,0.169945800833235,0.171692875584465,0.0871540852067892,0.0403794801763475,0.134864910827479,-0.186134061363233,0.116808835881149,0.141784240204,0.19377249239671,-0.00919600347434549,0.25974367995646,0.099527507407074,0.00851789237687859,-0.141162136540415,0.0230965380954647,-0.108261501938582,0.141910974384198,0.0517655376163125,0.131475771195397,0.0315770002087181,-0.143440153246867,0.0912939070422566,0.0306944244280126,-0.104721456156917,-0.0703667268268242,0.0210061596442313
"20",0.072447798882329,0.0152675407281389,0.117718637680426,0.0405089279001323,-0.160848560971703,-0.182929519191833,0.0626323080594573,-0.166272055387369,0.0344228773242384,-0.0909900145854713,0.141635672520476,0.146859514551901,-0.119373717560095,0.119436283681292,0.154622900540446,0.0879760992372508,-0.0919608255473326,-0.105272722870789,0.00672825833575367,1,0.134536479196389,0.0847212037235511,-0.0287930481121799,0.0987770372346546,-0.0247007047722716,0.131765537458479,0.0207241280366037,0.10360808369711,0.0889733203270171,0.105328225855607,-0.0640616774332163,0.200273023772107,0.0274263120691496,-0.00523564720802468,0.173216646390672,0.0361036483711129,0.254417063091807,-0.127893592046027,0.0389324257112876,0.0917168717138713,-0.0527792764863667,0.0020436732665232,0.00960694450225016,0.036698039162614,-0.174599033268495,-0.0873070895345862,-0.00166810629051688,0.100316835881714,-0.0832582664395445,0.0156057290905422,-0.00361881174764854,0.0159724762909403,0.126014735862886,0.119496152431076,0.136873237397299,-0.0379491707081571,0.131652313037573,0.0630603978374077
"21",-0.0391212546206479,0.109439074136096,0.163057379342722,-0.0078193467232382,-0.077545183977297,0.0820624332836577,-0.0391583795195979,0.0402142649405596,0.0874532898701203,0.0133233007175351,0.00253357149944223,0.126893931760935,0.0439999129080179,-0.0643579898177361,-0.0797207756733615,-0.0260967521151852,0.305784772266321,0.14031134187164,-0.127672786028888,0.134536479196389,1,0.143309826380501,0.108451589165538,0.0993402304745886,0.105397095378416,0.00349145355378618,0.0900631598022228,0.172910463781075,0.00381547342192481,-0.158536211087846,-0.0606942441194775,0.00052974479290863,-0.18085294551593,0.100645181218688,-0.151863745997517,-0.0314777224849652,0.0152641278928161,0.0718699508931588,0.0951628158199782,0.146846531990816,0.20088044188428,-0.0121683177191983,-0.103449736365448,-0.0803268791901517,0.0769642257509049,-0.0024534966730363,0.171433404441547,0.143499143552862,0.156622019733495,0.0330744530881348,-0.105296493598399,0.0344405262625336,0.0553380600106343,-0.157124196619074,0.0647374017058166,0.0818434518586368,0.0199475350543085,-0.126401539473621
"22",-0.235286710471548,-0.187667506743959,-0.117053009528332,-0.11650438454588,0.101870738485597,-0.155626481556941,0.0259948704561697,-0.0547359871295206,-0.10048781127873,-0.0289595468288869,0.0788978225381851,-0.0586788510128846,0.0491455209341737,0.116866393597128,-0.0209891956083052,-0.111514059729302,0.0487284883553262,0.152670239761098,0.0316744043321397,0.0847212037235511,0.143309826380501,1,0.00560303993139234,0.138058707800962,0.0819060103333121,0.0905090039257227,-0.0217614743078809,-0.0206303595191599,-0.0964194617521163,0.0740861165062819,-0.153014450010963,-0.0399646510928226,-0.180608791212106,-0.0496625417888094,0.124476040650187,0.00743948700652723,-0.171017796136036,0.144283942483564,-0.0915647639318882,-0.114246314740651,0.133689568942519,0.0578108435637647,-0.0648618563008548,0.179758753404867,0.156879452151675,0.164567093180544,0.107583923695641,-0.0594698474866479,0.16082389553737,0.10539208457992,-0.148637110105222,0.111886338965231,-0.096936849817522,-0.111531967264513,-0.0141273747685618,-0.00082671430287588,-0.0437819167403734,-0.00982649983763111
"23",0.118670701452238,0.131180432678351,-0.0188310865941058,0.201799740835966,0.153723720276572,-0.0154408034271446,-0.101465032373077,-0.0251607027639002,0.108338653184673,0.081900588815817,-0.136811359064403,-0.0303054810697673,0.0234441516614114,0.0214649547290971,0.0987687381672705,-0.0780622667106691,0.0511053642255256,0.181235362281416,0.130984422876462,-0.0287930481121799,0.108451589165538,0.00560303993139234,1,0.166619238456842,-0.175022007382148,-0.185126179835761,0.126441743543431,0.187362553833036,-0.161953508886385,-0.0269228650606517,0.0346895180157794,0.123415520898097,0.0585480542356957,0.0663267320908089,-0.0880796028884411,-0.0557193000782105,0.200365009733141,-0.0923565543651275,0.148388997483702,0.0736875467547765,0.0496208722195462,-0.119585652760185,0.0717098242694677,0.0365144353504254,-0.0022412010339444,0.0240975338510101,-0.0379221074932437,-0.130855420162013,0.0594484729773091,0.0241566724741154,0.0300836419397953,-0.0842205169877061,0.145244244196549,0.216850257549806,-0.118646991190975,-0.0225059727988391,0.054024085395139,-0.0156945158108278
"24",-0.0706496132411134,-0.0584141044556748,-0.0682688613793559,0.0126773251724188,0.042262587178942,-0.167081423181135,0.0911421493120866,0.0839887978905742,0.0381299966287698,-0.04410631623751,0.0211100410884723,-0.118632392728931,0.0486845299118284,0.151584743908915,0.00694450794094163,-0.185439958361245,0.113772359622112,0.0846900874556679,0.226519648727394,0.0987770372346546,0.0993402304745886,0.138058707800962,0.166619238456842,1,0.0412220700058667,0.143644157433498,0.090659340925888,0.309861242947398,-0.162404715083582,0.0961958861732668,0.0750064530056333,-0.0415012654652532,-0.0281349245395507,0.0482037249058329,0.179771295324722,0.101050996291787,0.0611877836925382,-0.00667968256578339,0.233870242338032,0.0907856595690238,0.230957243044016,0.0523767986930812,-0.0391180361770126,-0.0152740302658385,0.203658933946205,0.0987432382237794,0.238664295476756,0.151402449535288,0.216158610114035,0.0836205903121722,0.0415946572639784,0.0003672703994481,-0.112504948999776,-0.0155913749637838,-0.0680493520927809,0.181328501159842,-0.00935781339184618,0.0575150723831605
"25",-0.0994730126870228,-0.0838542796032386,-0.135646155362441,-0.00955384017258702,-0.00812192330425079,0.0943458719737196,0.100589313233492,0.0768161788600323,-0.0120015165371231,-0.0864057572173649,0.210367976445206,0.105272353876564,-0.0109986887746762,-0.00350398719455006,0.0426832757249227,-0.0464981686294864,0.183822173974605,-0.0365688131371239,-0.113902615559553,-0.0247007047722716,0.105397095378416,0.0819060103333121,-0.175022007382148,0.0412220700058667,1,0.0438508202937239,-0.00333888868048405,-0.02411766861992,0.0514367409774019,0.120752966579267,0.0135649140629975,0.10471361896918,-0.0006996328015315,0.0243421484360719,0.0333762377661537,0.122638480933179,0.0408760198350787,0.123055536264962,0.120929608814661,0.119510205445015,0.0739148537030837,0.0908512495509,-0.107901958483108,-0.101189595500646,0.119794380013774,-0.00383537361318158,0.0927794250332016,0.168907020806939,0.0500523731548918,0.011921567511933,-0.0176924362413285,0.0574387242952271,-0.219962570075837,-0.118479367622378,-0.121620305442701,0.0278617536466903,0.00689225012682675,0.027863175820753
"26",0.13532568581421,-0.00152007107314283,0.0686135770247917,-0.028564728364512,0.0604890587303539,0.0317346838490417,0.0612301178641797,-0.150336038958561,-0.181948646308891,-0.0978416323352502,0.0823688516893423,0.0389851756109044,-0.0265627448662108,0.236365058522641,-0.0880196879526491,0.0406980309033247,-0.0724653804311289,-0.16718709225303,-0.0805659493625607,0.131765537458479,0.00349145355378618,0.0905090039257227,-0.185126179835761,0.143644157433499,0.0438508202937239,1,-0.0162533398996183,0.0342573007271183,-0.00517551230719529,-0.0272753413909023,-0.112895385301465,-0.109102888351822,0.213194163413586,0.130643751553137,0.0476123567981819,0.132281658724111,-0.00168562378405488,0.122414061640561,0.0316596660968978,-0.0252998426519771,0.0756103383657402,0.0749672383064328,-0.0310785780001823,-0.114386220106933,0.0700385742099524,0.204775122168542,0.0403842465431421,0.0208444900615814,0.0660276132269342,0.138582166097592,0.166151765126152,0.0441514132672886,0.0290028898486961,-0.0311336238035246,-0.0352834605255189,0.0760871217223512,0.170082693968209,-0.00135357705846036
"27",0.207709929911868,0.214910395840036,-0.087025963765162,0.124244640386078,0.114215316180137,-0.0613762576177749,-0.0943474819997867,-0.162501256929147,0.0368045664237674,0.0871836676200748,-0.097220208002213,-0.00807579145391566,-0.0974291033910513,0.169984846436665,0.165695237090544,-0.248503894198831,0.148333325981981,-0.0307312905184896,-0.00385226480707259,0.0207241280366037,0.0900631598022228,-0.0217614743078809,0.126441743543431,0.090659340925888,-0.00333888868048405,-0.0162533398996183,1,0.220173251305214,0.0649792306947753,-0.0527502085449787,0.0867467920566009,0.135905726619022,-0.0265593623606071,0.141492799092071,-0.0441524496285327,-0.059833018794911,-0.253286057819288,0.095672222249866,0.0619986427419654,-0.120021811337393,0.0330119167083103,-0.027347680759506,0.0980367940824286,0.00847945788328691,-0.0725357474214943,0.0287707097387595,-0.172838296799647,-0.0461881400461696,0.019428796778414,0.0883184029572664,0.0533745920469001,-0.0741467835557133,0.122456729366864,0.0624709755506072,0.167325627330628,-0.174118113485665,-0.0660486351779642,0.0791134599962259
"28",0.175561584567018,0.143975371171844,0.0734928665144739,-0.144018477931093,0.085365843855374,-0.0611650075940796,0.15307997403139,0.0241916143955011,0.0710261059425688,-0.0432881550169899,0.156800963547311,-0.128268373971715,0.0228390344542868,0.0751801124112489,0.126687458584298,-0.115410979459101,0.337956044279004,0.0975955767499818,0.0567748668543579,0.10360808369711,0.172910463781075,-0.0206303595191599,0.187362553833036,0.309861242947398,-0.02411766861992,0.0342573007271183,0.220173251305214,1,0.0911195156358668,0.132141767040019,0.0134800813389924,0.0475891518177312,0.151894159336027,0.244574621849564,0.0742489869558165,-0.0424983561296708,0.108363719765994,0.0244377740005085,0.173912361123986,0.265709497679907,-0.0495358280209216,-0.0907636947114109,0.167612464969736,-0.100195541155815,-0.0294554185512361,-0.118417887106545,-0.184679731843608,0.022831706489574,0.102414444628999,0.0649318593978741,0.329578544381301,0.00232431709763037,-0.0733352950735952,-0.0384124080979627,-0.056496362180449,-0.0687964933040876,0.177368378998637,-0.0525194624817683
"29",0.107644608173239,0.297940631069008,0.0425398108812823,-0.200753573572995,-0.144261853413396,-0.014180415984986,-0.170199907466831,-0.0204440331648738,0.0969355783430645,0.177481530487331,-0.0855114576519764,0.0649372900614338,-0.117201716285649,0.0857569607413769,0.0943420061664751,0.0101103387897408,0.0594931848064872,-0.0962691932526084,0.00265995814707759,0.0889733203270171,0.00381547342192481,-0.0964194617521163,-0.161953508886385,-0.162404715083582,0.0514367409774019,-0.00517551230719529,0.0649792306947753,0.0911195156358668,1,0.0692608909808029,0.0464553064384684,-0.039374535834611,0.0128862357110225,-0.0808794476895836,-0.0558433284038679,-0.0813901816228582,-0.105920773144723,-0.0511776606613875,-0.143877960887701,-0.0629113607287232,-0.0392295156061383,-0.026311229209785,0.181897510072518,0.0978572684899755,0.0293423380054128,-0.0110498064630285,-0.116748489232156,0.134491604215503,0.0215406421211158,0.0595177219605451,0.107457508613209,0.230222085062358,0.0737571480804249,0.229619559818495,0.0526087750076437,0.0804545722081651,0.110110297194338,0.00386828670357097
"30",-0.16103732405851,-0.0423470106047728,0.0737713542360514,0.211326362367824,0.0250447771984271,-0.0804781758004999,-0.108873186471438,-0.192166136881028,-0.0743444167370717,-0.0135978505318003,0.237845503558143,-0.10887236266096,-0.0382281003843342,0.0717579799324291,0.188836785479245,0.0861703876256519,0.0930999485619608,0.0420293326247495,0.195342026356135,0.105328225855607,-0.158536211087846,0.074086116506282,-0.0269228650606517,0.0961958861732668,0.120752966579267,-0.0272753413909023,-0.0527502085449787,0.132141767040019,0.0692608909808029,1,0.0611597861800701,-0.0671145486549147,0.104239146046992,0.0412013967616644,0.147145957738617,-0.0571482911992807,0.0892203021464868,-0.0744731942910685,0.130437081349315,0.0790204737857041,0.0236083211523167,-0.0326826658284042,0.0832636818781885,0.163428335846055,0.101603361885538,-0.0200384721373822,0.143230431949316,0.0610054513953908,-0.00506126885680231,-0.0637959844208142,0.0866960556176177,-0.0391125614269457,-0.155304299590445,0.0122562852479253,0.00607477705001711,-0.12763130746859,0.0714442900736614,0.197303177086414
"31",-0.0703830684423599,-0.0252912487904661,-0.133983745084781,-0.109053231810254,0.162022494421317,0.076286135289967,-0.0269182895704693,0.00921540625526017,-0.0467392084796904,0.0979930376432029,0.0103942606056266,0.0894634350268966,0.0612802910813819,-0.0942845181927743,0.0694357366478429,0.0202234654899549,0.166892455976528,0.0735283076009136,0.301617839870297,-0.0640616774332163,-0.0606942441194775,-0.153014450010963,0.0346895180157794,0.0750064530056333,0.0135649140629975,-0.112895385301465,0.0867467920566009,0.0134800813389924,0.0464553064384684,0.0611597861800701,1,-0.0190805419366844,0.161231793432505,0.0317436454912322,0.0862601139206009,0.0426226538626659,0.0965306008034011,0.0955460348604606,0.292614928903351,0.175085240265195,0.0820588609980466,0.105321469949662,-0.100226520285338,-0.0354146320231292,-0.0665687101948942,-0.0102729916559908,-0.0429376435245659,0.119287839349052,0.104980098031589,0.0532971868175843,0.0325387028582121,-0.0218308806548826,-0.0785473025228712,0.0499985413425447,-0.0196174342387896,0.0487743794927128,0.0989956835857614,0.024950133441628
"32",0.117612138174045,0.0954959159796318,-0.0564401978314377,0.0847516466086062,-0.110887064753829,-0.0217252156479884,0.113486667899731,-0.0120073618421016,0.0767577640636914,0.0509810706372077,0.0774955503650493,0.0518476608465387,0.105584822227645,-0.0738828435654177,-0.013083906824271,0.0375668721297243,-0.107625764252005,0.0774457844821046,0.0843844793622761,0.200273023772107,0.00052974479290863,-0.0399646510928226,0.123415520898097,-0.0415012654652532,0.10471361896918,-0.109102888351822,0.135905726619022,0.0475891518177312,-0.039374535834611,-0.0671145486549147,-0.0190805419366844,1,-0.00050387926110048,0.0450614062366771,0.0484487292341244,0.218842913472045,0.128304228595553,-0.0956556286648796,-0.0110692035222908,0.0348985692567157,-0.0129982256899891,0.0858667095087746,0.0860225319147301,0.0319959179716479,0.0760083306434814,-0.104705748774911,-0.0168296558823161,0.0138523956470008,-0.0560007539176051,-0.135923796795806,-0.0641803663777614,-0.188627850009457,-0.0833654567160466,-0.0648317112257595,-0.120331973082023,-0.0274063546079752,0.0637283183729511,-0.0503518422989541
"33",-0.0121729861261869,0.0966658914165936,-0.0780657610959063,-0.114811916198662,0.00217567526059994,0.0292186172858374,0.08436814672483,0.00368208213673849,0.0413184842865421,0.0609053246765236,0.092785740155806,0.0160285975484238,0.16688329627176,0.0703629208150247,-0.0775781714284471,0.0578807391410638,0.0854498782703167,0.115719274385337,0.169945800833235,0.0274263120691496,-0.18085294551593,-0.180608791212106,0.0585480542356957,-0.0281349245395507,-0.0006996328015315,0.213194163413586,-0.0265593623606071,0.151894159336027,0.0128862357110225,0.104239146046992,0.161231793432505,-0.00050387926110048,1,0.307803529100964,0.135740006940104,0.215412774395935,0.184880924459907,0.00967478154141618,0.276266609508834,0.318413126200621,0.0519171074844025,-0.0512418680949456,-0.0916146740855854,-0.0520549297953259,-0.0551218950313606,0.0190592729383632,0.0538758484027543,-0.0212999096220394,0.120865118530382,0.112962460397488,0.279102505472384,-0.0113570854282713,-0.0275243977276094,0.153494201883525,-0.0471524327832967,-0.184536816907365,0.0427430111630178,-0.121974344739785
"34",-0.0124981043837507,0.131289656953453,0.0303598013862095,-0.0792441837982883,0.0394211092385105,0.143380937764321,0.273568769404187,-0.0788491276201885,-0.114960339881634,-0.0835810215690787,0.100567452839017,0.257916641508424,0.0396689250967501,-0.101000461337237,0.0846999933401159,0.05423742158415,0.0873074622407627,0.153493244552484,0.171692875584465,-0.00523564720802468,0.100645181218688,-0.0496625417888094,0.0663267320908089,0.0482037249058329,0.0243421484360719,0.130643751553137,0.141492799092071,0.244574621849564,-0.0808794476895836,0.0412013967616644,0.0317436454912322,0.0450614062366771,0.307803529100964,1,0.142034169667164,0.00619416395009221,0.190600546760151,-0.0379394379124661,0.320419096520007,0.376153264096381,0.216655788465645,0.0780649051428806,0.0361487475153957,-0.119589188402384,-0.0531295269377287,-0.128293867479033,0.152919524072429,0.0721254497583093,0.110409968350363,0.12902921041379,0.194670542865476,0.0465895851101496,0.0135345187208791,0.0185000483914459,-0.00789008449057914,0.0133629134580499,-0.149199423057309,-0.259913563260565
"35",-0.0478295438999152,-0.00065459387706986,-0.0326380435370784,0.0466729466919288,-0.131092452117024,-0.0273620238933787,0.203716196105058,-0.0511246271705085,-0.160672322728731,-0.0637712428110369,0.145013734989621,0.10931035088429,0.0229856528963257,-0.0405730007517579,-0.0243145839238785,-0.0363541335730502,-0.0902619951442567,-0.0376344400736906,0.0871540852067892,0.173216646390672,-0.151863745997517,0.124476040650187,-0.0880796028884411,0.179771295324722,0.0333762377661537,0.0476123567981819,-0.0441524496285327,0.0742489869558166,-0.0558433284038679,0.147145957738618,0.0862601139206009,0.0484487292341244,0.135740006940104,0.142034169667164,1,0.240368045753895,0.229852640305854,0.0206258898867972,-0.0210144679565577,0.0574746515283051,0.0739113121258746,0.0745572767906647,-0.0167123000035618,-0.0304901995937465,-0.26716304006141,-0.0219728880364435,0.0815968139889607,-0.019226356817942,-0.0154917961556122,0.157446342041203,0.187223163474503,0.0936703823584115,-0.025282245585133,-0.0406260583539182,-0.0623633389152964,0.0918599730234709,0.0421185173746122,0.0611417770990808
