"","l_Insular.Cortex","r_Insular.Cortex","l_Amygdal.Area","r_Amygdal.Area","l_Bed.Nucleus.of.the.Stria.Terminalis","r_Bed.Nucleus.of.the.Stria.Terminalis","l_Hippocampus","r_Hippocampus","l_Orbitofrontal.cortex","r_Orbitofrontal.cortex","l_Entorhinal.Cortex","r_Entorhinal.Cortex","l_Frontal.Association.Cortex","r_Frontal.Association.Cortex","l_Globus.Pallidus","r_Globus.Pallidus","l_Glomerular.Layer.of.the.Accessory.Olfactory.Bulb","r_Glomerular.Layer.of.the.Accessory.Olfactory.Bulb","l_Glomerular.Layer.of.the.Olfactory.Bulb","r_Glomerular.Layer.of.the.Olfactory.Bulb","l_Granule.Cell.Level.of.the.Cerebellum","r_Granule.Cell.Level.of.the.Cerebellum","l_Hypothalamic.Region","r_Hypothalamic.Region","l_Entorhinal.Cortex","r_Entorhinal.Cortex","l_Vermix.Molecular.Layer.of.the.Cerebellum","r_Vermix.Molecular.Layer.of.the.Cerebellum","l_Lateral.Molecular.Layer.of.the.Cerebellum","r_Lateral.Molecular.Layer.of.the.Cerebellum","l_Anterior.Olfactory.Bulb","r_Anterior.Olfactory.Bulb","l_Posterior.Olfactory.Bulb","r_Posterior.Olfactory.Bulb","l_Subiculum","r_Subiculum","l_Perirhinal.Area","r_Perirhinal.Area","l_PreLimbic.System","r_PreLimbic.System","l_Primary.Cingular.Cortex","r_Primary.Cingular.Cortex","l_Primary.Motor.Cortex","r_Primary.Motor.Cortex","l_Retrosplenial.Cortex","r_Retrosplenial.Cortex","l_Secondary.Cingular.Cortex","r_Secondary.Cingular.Cortex","l_Secondary.Motor.Cortex","r_Secondary.Motor.Cortex","l_Striatum","r_Striatum","l_Ventral.Tegmental.Area","r_Ventral.Tegmental.Area","l_Substantia.Nigra","r_Substantia.Nigra","l_Thalamus","r_Thalamus"
"1",1,0.362829054187642,-0.116619951904232,0.0318217154468351,-0.0588038402951736,-0.00082489029751288,-0.0714606394108344,-0.156298123541521,0.320426106281519,0.206068316823161,0.0396370328860595,0.133090864076914,-0.120911213662863,-0.0489035887789403,0.0660653068926328,0.121866606398088,0.128664654787713,0.0223307704812815,-0.0236351294960622,0.00786968410128651,0.0327911057781415,0.010293200188823,0.0714730343371414,-0.0592896470291686,0.0679006181427288,0.124730178737643,-0.170567306511275,0.0807074702502407,0.13411557930442,-0.0421353872140777,0.175753677022209,0.0348908703704405,0.0478762946179041,0.0890809961312227,-0.0935763027472286,-0.0127753628332193,-0.0970475899488725,0.135300194888988,0.115946564311449,0.185651354903047,0.012193855970709,-0.0720703945610786,0.104903754936106,-0.101857447345255,-0.0102336005559382,-0.0294234008563392,-0.0871630293142563,0.0644234222170733,0.0269603169862414,-0.101586334020653,0.178262636219927,0.107385051522175,0.1482220224829,0.0773484134721417,-0.0546811332820882,-0.0878799268881513,0.0104363855378621,-0.0516873463165952
"2",0.362829054187642,1,0.00657622020080413,0.211006802925021,0.160019061996855,0.104463552177247,-0.0463279169109862,0.0273008415739859,0.345542533036439,0.320966642521111,-0.0661214423047391,0.293544877509344,-0.122453639957975,0.0417997885136848,0.0471716368837925,0.146837162492919,0.166348905341011,0.0847817794910369,0.0523809104427581,0.0343441446072362,0.053385153912618,0.0420811758571283,0.0934236862326802,0.0151977199980772,-0.0694330681821104,0.132400191303368,0.00126263095795077,0.121678469109447,0.0270225974618061,0.151567766575568,0.29478277445135,0.0870452808839617,0.234603890126202,0.230589147163222,-0.0788343981212531,0.0556159607752137,-0.151197457913751,0.0687052443118901,0.0857625969437006,0.232221282223585,0.146235377652385,0.0647638832246448,0.00838557364267345,-0.132293862744489,-0.124952947226752,-0.248297323020862,0.010750460374427,-0.0993648830670126,0.0658676451779647,0.022973257632404,-0.00417767435084183,0.0850772995651425,-0.015581211998096,-0.0031134494030856,0.099168601108506,-0.0440205836613452,-0.0658630805335925,-0.0137158556823748
"3",-0.116619951904232,0.00657622020080413,1,-0.0298196058732727,0.0310771691270679,0.00798416605601135,-0.104845933156593,-0.0736681315064114,-0.0200801843904342,-0.191823923037283,0.0603788497418845,-0.00632371000161901,-0.0414693950035613,-0.137177605283729,0.0836713617243653,-0.0817483667430007,0.00872532446745655,-0.0471894862050305,0.0587520512938091,-0.0691879276950693,0.0504221544646132,-0.239011688141629,-0.156729672410092,-0.0803019231252332,-0.0068190981713763,-0.0500209914903663,-0.0332665721835316,0.0095664041249006,-0.2582854279764,-0.0474423695977223,-0.169543656287736,-0.0803667217038362,0.1261070930622,-0.0426034395781437,0.0329562807371279,-0.0769355554166069,-0.0033526303222774,-0.139157387609542,0.114806063491933,0.123257364704606,0.327742968427329,0.03872662967025,-0.00099240634757745,-0.158775083345467,0.00863234545626006,-0.0573326855842637,-0.00716376251888071,-0.0879703932296634,0.117315284835467,-0.0171295683370313,0.079233301082084,0.0198005450763707,-0.178316687173232,-0.0482563052108398,-0.0170145724637255,0.244928325983551,-0.104844365177574,0.160075388043138
"4",0.0318217154468351,0.211006802925021,-0.0298196058732728,1,0.0805745904974406,0.125395102079363,-0.0623261145892346,0.0700432910775422,0.401035481113366,0.0746551086116002,0.164154019737024,0.225413556994355,-0.0869397794195937,-0.0106483161181268,0.0335156288086212,0.185117250184508,0.178956167521857,-0.0254393061402984,0.153425757790623,-0.0784888308274297,-0.0583868715821484,0.0686325468207087,0.0463548213370791,0.145441795207905,0.221013146040297,0.0820947363799549,0.292637591339237,-0.0810946537683232,0.0175017363985405,0.18058090598743,0.263700950635812,0.0678195624069783,0.159260537580672,0.0064494932297817,0.0621490717523576,0.135845816634295,0.0847729313336502,0.182213809372944,-0.129138616619413,-0.0512459616592079,-0.0142381789450081,-0.0146530886480639,0.0696750416037648,0.0470032578124894,0.0871651230446274,-0.14794387125104,-0.25085750926578,-0.106036127141998,0.0581844340542502,-0.0869827947162084,0.0145680540938499,0.256409108914763,-0.0968702001862557,0.0487994489742867,0.334720204091442,-0.159550166420956,-0.0772092577525582,0.035166058619512
"5",-0.0588038402951736,0.160019061996855,0.0310771691270679,0.0805745904974407,1,0.0943500438941561,-0.0328305947570126,-0.0140578997944841,-0.150254796946185,-0.152107857095834,0.148352741743546,0.102267782158023,0.0804909581457686,0.0751057996535597,-0.138048584144286,0.0251017529336438,0.0743550000028077,0.0682323009646695,0.144738948273923,0.024341305887507,-0.184248550892562,0.114691650022067,-0.03373320941248,-0.0979459519142415,0.0272449563620081,0.11818419038084,0.057457472066868,0.13858688489613,0.0910896256258681,-0.0487748963070963,0.00959998044599675,0.0803417939534217,0.0341107785178267,0.0782381631252678,-0.106055995710777,0.164191427910065,-0.0149006878243828,-0.0329439029089734,0.1402803218021,0.190315488348715,0.0111674192123424,0.108528706664452,-0.049288168184778,-0.0735482350629183,-0.0827640830120711,-0.129556848992929,0.0354405193502129,0.126843466359268,0.101949543608535,0.0204471337024712,0.0233538381189822,0.0884262103822925,-0.103769632866683,-0.0254562152749949,0.180654209340865,0.104163826204475,0.078693837145145,0.129142658937953
"6",-0.00082489029751288,0.104463552177247,0.00798416605601135,0.125395102079363,0.0943500438941561,1,-0.185360599067088,0.0790003535689273,0.109455634576299,0.145775256370215,0.0262160156752128,0.144032875539046,0.0434641098752632,0.258809274901183,0.189012415080933,-0.0702413167228723,0.160409625569605,-0.00096824945450556,0.11886476551783,0.0592049012459488,-0.0229516727963826,0.134508437577417,-0.074516446215079,-0.0677185188026896,-0.152692504476038,-0.0386812915723908,0.0361170722958489,-0.143233359071755,0.0857830818772176,-0.0570401762384329,0.0191213057357673,0.0168951616082289,0.14365093499898,0.0279190517602967,-0.151765279099047,0.0674934867537906,-0.129503500094948,-0.129240175808595,-0.15195815748424,-0.004317254215111,-0.0550533675539562,-0.0494819714775179,0.0925118609770343,0.163116294239493,-0.0433731230586967,-0.00793948875389452,-0.130996812083103,-0.0416460326597882,0.021849311093852,-0.0433980706632507,0.066416662998633,0.247447330088386,-0.129401077118144,0.129017081029048,-0.023881761752336,-0.103309915458342,-0.0177126470474417,0.182987398828148
"7",-0.0714606394108344,-0.0463279169109862,-0.104845933156593,-0.0623261145892346,-0.0328305947570126,-0.185360599067088,1,0.175221207753011,-0.169837533192391,-0.00267580067348512,0.0148013865588806,0.102500671146414,-0.032425264531219,0.106647002665372,0.0032265887928682,0.0476360797540175,0.0965709381099472,0.22518844712888,-0.0982184819290695,-0.0424044911217688,0.110970434399524,0.207739030823728,0.157056171848305,0.0831227470825734,-0.079553494136559,-0.123682657369126,-0.01862409720094,0.089139270409447,-0.0433320808154841,0.0974473255520236,0.0317161686458401,0.0490777429316155,-0.0487743514328119,0.0517365161774738,0.331405360315669,0.18673342164553,0.111358196751382,0.163384458528544,0.00372833669209942,0.0116647480496107,-0.0783048817867134,0.184749083244425,0.083566584515712,-0.0390907180128039,-0.0221634729437515,0.0648410717366064,0.0436685194499542,-0.100014941464906,0.0202869851485964,0.257028868145305,0.0569596353893811,-0.0865898250747374,0.0634665727638898,0.0240801885229171,0.0586908722436879,-0.0385758613665593,-0.061076043221176,-0.0692989985466713
"8",-0.156298123541521,0.0273008415739859,-0.0736681315064114,0.0700432910775422,-0.0140578997944841,0.0790003535689272,0.175221207753011,1,-0.138007099046471,0.0385058449918236,-0.0460261003717686,-0.00107866859119198,-0.0302504577887219,0.143660103496466,0.0546324000922244,0.0999434888648714,-0.0245069092277559,0.200125419081616,0.191603607558187,0.0803307621044737,-0.0949351525172333,-0.0465936231845111,-0.120709469822478,0.0529764970753622,-0.177404706065716,-0.0495218292775945,0.0864786062544177,-0.114229791296293,0.0290945063725596,0.108013434946823,-0.0232985193471392,0.0175705067115179,-0.0307695747649811,-0.0466184603038246,0.0599869784737493,0.361914923093382,0.0586509297105621,0.184898485165319,-0.0960651211598394,-0.165928128673416,1.39160456471237e-06,0.0666661609553783,-0.0296747230302026,0.213930164299748,0.0366444524622226,0.0668322705521228,0.0949672198682186,-0.0793417921017376,0.0464726402052103,0.11610253203843,-0.166465986408919,0.0162270626090043,0.117153054445068,0.143074058032822,0.185827722245122,0.041086712875725,-0.101967670854188,0.190037313786857
"9",0.320426106281519,0.345542533036439,-0.0200801843904342,0.401035481113366,-0.150254796946185,0.109455634576299,-0.169837533192391,-0.138007099046471,1,0.352740203667764,0.0516871206838184,0.128671549724452,0.081988308454456,-0.0230931711993356,0.00139515173560777,0.158100359013754,0.152102064078168,-0.0824368312205036,-0.288260963406041,-0.0291445104792543,0.210861967431326,0.0149964511903712,-0.00114161828567852,0.0358227390079898,-0.0696409804361643,0.217976841521536,0.0207018064671406,-0.144347167487715,0.137388601218139,0.123599960367715,0.243124179824148,-0.125575164730543,0.234928385083111,0.0827079255307404,0.0371149947256483,0.0691194992494669,-0.10071499609364,0.0990703093802052,-0.0749037852686014,-0.0363281083757282,0.025194872136868,-0.0831565103003426,0.261404115630548,0.0258341212366658,0.0312917435236889,-0.114747420095649,-0.148149088895273,-0.0411415718841377,-0.0220371591554894,-0.0785858575068084,0.0678118763188423,0.283137095359656,0.0288094412707814,0.141368671376081,-0.0639642584653338,-0.0798760495109048,0.0236940507171238,-0.0847736987966267
"10",0.206068316823161,0.320966642521111,-0.191823923037283,0.0746551086116002,-0.152107857095834,0.145775256370215,-0.00267580067348513,0.0385058449918236,0.352740203667764,1,-0.137746547095785,0.148446541483795,-0.0107905318713578,0.0574441960621441,0.213417794075479,0.0521409689956315,0.219183033003626,0.284282119705095,-0.010199670207862,-0.00592549925427785,0.0151246899000385,0.19103521929,-0.0669004928750221,-0.0243618486797069,-0.287067804280881,0.21737402447425,-0.0183932078952402,-0.0572235610244579,-0.0362581852180078,0.0731106199684548,0.24826637926703,0.132984503115521,0.105413955590262,0.166574405426243,-0.111995218952283,-0.0688511214180396,-0.0377741539941086,0.0475261681246264,-0.12300291627434,-0.0419499430030525,-0.0323296917675003,0.0826618150896038,0.260836736530888,0.157828223972499,-0.089821354732789,0.08397403677051,0.0940777750213234,-0.138660670117846,0.101623093148447,0.229487768972191,-0.0160278606462735,0.130298874423547,-0.0310950798501871,-0.0730670179930883,0.139056022955389,0.106147640587138,-0.145751083177183,-0.0937324193718436
"11",0.0396370328860595,-0.0661214423047391,0.0603788497418845,0.164154019737024,0.148352741743546,0.0262160156752128,0.0148013865588806,-0.0460261003717686,0.0516871206838184,-0.137746547095785,1,0.190192727510547,-0.11992028436382,0.0780431377625593,0.328288760155369,-0.0251079337916055,0.0657132093638121,0.046330298656015,-0.0996415509397214,0.0463365077319833,0.0226871765980412,0.0839340233510724,-0.0478779343668724,-0.00034640871827074,0.00877514461335464,-0.199957505752855,-0.0884955565569951,-0.0608453776342934,0.0716773758946265,0.0134363889217352,-0.0916016537048123,0.146770111098105,0.1629495239869,-0.0502905140737993,-0.103412147203877,0.182050346481663,-0.0247303856924113,0.163960614681701,0.248039809495318,0.192785956580731,-0.0893673126844498,0.138771201423897,-0.0700431364230643,0.00540942221273151,-0.197936200946344,-0.165622543033943,-0.168896753400729,-0.181408921043859,-0.0241744452413846,-0.0817598756673137,0.306001732421167,0.279899748719207,-0.0604697107482178,-0.0734729473920312,0.0426489579503829,0.102744106319181,-0.102415449582164,0.157592170638744
"12",0.133090864076914,0.293544877509344,-0.00632371000161902,0.225413556994355,0.102267782158023,0.144032875539046,0.102500671146414,-0.00107866859119198,0.128671549724452,0.148446541483795,0.190192727510547,1,-0.102378203649043,0.0684181637667107,0.257732689064116,0.092921426405886,-0.00017944665064342,0.088807016461358,-0.0314626406128402,0.045001995888261,0.0746549133708893,0.160480174789029,0.00343661666237646,-0.104300492257907,-0.081173087064936,-0.0681519518769936,0.154440085499021,0.0614091111238728,-0.145510725024338,0.1327225480377,0.220253573524982,0.128941979079603,0.215589781654075,0.0433787310415836,0.0686001469437597,0.27300950905148,0.148470239495787,0.141538501153621,0.0611082385302162,0.059992173403744,0.066091341109256,0.169624021617363,-0.0208952958122359,0.152238732852546,-0.0373885516949544,-0.0466484425494411,0.00574900288854453,-0.112570727148737,-0.0533771636801793,0.131943974719611,0.19124154949784,0.203484264565364,0.138826535328795,0.0506589215970972,0.158455972186097,0.13951284098079,-0.138819448664806,0.176529143979906
"13",-0.120911213662863,-0.122453639957975,-0.0414693950035613,-0.0869397794195937,0.0804909581457686,0.0434641098752632,-0.032425264531219,-0.0302504577887219,0.081988308454456,-0.0107905318713578,-0.11992028436382,-0.102378203649043,1,0.119483641707733,-0.218185730673692,-0.035532944504971,0.0997657438154636,0.00427238524366987,0.0635783138632815,0.0290329883015286,0.0109922665288762,-0.10763048402178,-0.293022415558191,-0.184823674007993,-0.0498603310776708,0.0557400212311464,-0.0620853140436009,-0.077342465101861,-0.0311808276813629,-0.095412957314175,0.119013837045437,0.018980248213292,0.0551209352145984,0.157952292911837,0.0122805796419316,0.139550104162393,0.0611859295085242,-0.00792710232788531,0.0081125553688847,0.0237292539228589,-0.0151084815819508,-0.0618630978772392,-0.113116975837581,0.137535904495158,0.0503787257183111,0.0627976878573354,-0.123592830117775,0.00246645454520175,0.192086540939792,0.138825914777261,0.0235213492344729,0.13585717780262,0.0788385307000036,0.0330836529366979,0.0512616201437512,-0.0670062915983079,0.105517470842307,-0.0113273272231925
"14",-0.0489035887789403,0.0417997885136848,-0.137177605283729,-0.0106483161181268,0.0751057996535597,0.258809274901183,0.106647002665372,0.143660103496466,-0.0230931711993356,0.0574441960621441,0.0780431377625593,0.0684181637667108,0.119483641707733,1,0.0333705381618661,0.110040212654692,0.111375078781783,0.0879417695301629,0.0738540078519796,0.113654970525252,-0.121898202208344,0.0879445606540387,-0.0287219115911355,-0.116339839210463,-0.169820434250799,-0.0489879179000912,-0.111079441008507,0.00617111017035434,-0.0725793619511585,-0.00937339347805653,0.150013887960675,-0.0197493526711257,0.0617634696415756,0.046884585487813,0.106497798063434,0.114890712045717,0.126161130969268,0.0254867035859571,-0.0213642934631517,0.193701155576502,0.0311628325958855,0.0990011190335996,-0.105518992489417,0.0507291990237279,-0.04507011450323,-0.0395705436132177,0.0739393390038184,-0.0380170616948327,0.116765905630949,0.437841897987226,-0.0624533996516738,0.100362698520667,0.0667803731815159,0.0830827648972795,0.0662521941146998,-0.211497195506152,0.117904137739819,0.00747728404223608
"15",0.0660653068926328,0.0471716368837925,0.0836713617243653,0.0335156288086212,-0.138048584144286,0.189012415080933,0.0032265887928682,0.0546324000922244,0.00139515173560777,0.213417794075479,0.328288760155369,0.257732689064116,-0.218185730673692,0.0333705381618661,1,-0.117068689059061,0.0762234713090113,0.245102680788361,0.0418944005257315,0.0282206950016281,0.119249285141464,-0.0423771675044553,-0.0336537696145469,0.0467419267878425,-0.0992639793412916,-0.299710339446118,-0.0149383707637388,-0.00945249090246892,-0.0100022430370647,0.141622151566854,0.115267443715841,0.298961725482073,0.284304557044934,0.0798200101391397,-0.0691030630004276,-0.0347753370946498,0.0905762439461465,0.145021196803965,0.231947470852591,0.114826774411264,-0.00323299669947892,0.18648603400082,-0.0911998345036789,0.161321488600289,-0.172027419711682,-0.0401403928775462,-0.125944845021304,-0.208817394863965,-0.0570817785815383,0.141055158787586,0.168686974180658,0.0941034654965891,-0.226014506199818,-0.0217844794822718,0.00709230065012728,0.0123209220218453,-0.148592670458649,0.141725456474851
"16",0.121866606398088,0.146837162492919,-0.0817483667430007,0.185117250184508,0.0251017529336438,-0.0702413167228723,0.0476360797540175,0.0999434888648714,0.158100359013754,0.0521409689956315,-0.0251079337916055,0.092921426405886,-0.035532944504971,0.110040212654692,-0.117068689059061,1,0.113444212361755,-0.116686231636656,-0.0444743111475082,-0.177095256315713,-0.113923404453388,-0.111128290256356,0.132811641022827,-0.0231415369368057,-0.090528108176137,-0.0624619286189933,-0.0895955725168743,-0.130634123297992,0.054287679774908,0.183582494416895,0.0735967227401811,-0.0528507353182674,0.0475377301314003,-0.0134871170330337,0.122534689746596,0.0612536960455308,-0.0316602284215285,0.0106700869295256,-0.0685755105207951,-0.0114810167306279,0.0266789022662687,-0.1241598745074,-0.123695579359037,-0.0567431049885243,0.00990717482553419,0.0251829248062428,-0.0560604443588,-0.0305785086350547,0.143917831684297,-0.0218285301107352,0.150743146612206,0.133325719912528,0.164593301181812,0.0804326545335054,0.195601836357359,-0.191494816607041,0.0788975361648239,0.0167611999742116
"17",0.128664654787713,0.166348905341011,0.00872532446745655,0.178956167521857,0.0743550000028077,0.160409625569605,0.0965709381099472,-0.0245069092277559,0.152102064078168,0.219183033003625,0.0657132093638121,-0.00017944665064342,0.0997657438154636,0.111375078781783,0.0762234713090113,0.113444212361755,1,0.356188464686002,0.0420634783577315,-0.0871479838417241,-0.0709596248660571,0.111999857753091,0.004703537161077,-0.0924093121374004,-0.0752939596678077,0.0163054336267446,-0.0450527712571775,-0.0349802537384969,0.0584277116179645,0.045543072872793,0.375999092134575,0.0144144327625372,0.201847948410031,0.381040971642831,-0.0843940688764322,-0.0885323524888183,-0.211292720550696,-0.00967879239033336,0.153937719873242,0.235465387581347,0.0931442587394248,0.130903460581421,0.00501236127805778,0.116321606144762,-0.142030780595153,-0.0962589985717811,-0.136666435555963,-0.14615616001026,0.319638271610587,0.159905198852451,0.114723754686231,0.277824112786678,0.0236175935420336,-0.0427518466152748,0.145841663424945,-0.0982273835565628,0.104405343902119,0.0521040261259121
"18",0.0223307704812815,0.0847817794910369,-0.0471894862050305,-0.0254393061402984,0.0682323009646695,-0.00096824945450556,0.22518844712888,0.200125419081616,-0.0824368312205036,0.284282119705095,0.046330298656015,0.088807016461358,0.00427238524366987,0.0879417695301629,0.245102680788361,-0.116686231636656,0.356188464686002,1,0.177580934960583,-0.0517110673726616,0.112506679502748,0.342459383710088,-0.166521547562183,-0.125973563750449,-0.084564919550541,-0.1732492508202,-0.0952040517859039,-0.0287528464267121,0.0705474533159533,0.00052808066750068,0.225922565308972,0.0962172377473514,0.167426623449208,0.258879325179391,0.0128270234349785,0.0298408879520172,-0.0364983564809679,0.0568279771838542,0.200068894275914,0.2430197558186,0.0832408665811775,0.299669709582365,0.13377675208635,0.0750160400416607,-0.0495775327513688,0.0203517549298024,0.0388468655920066,-0.0766005560654055,0.216814577354301,0.470640778476715,-0.0867490370727905,-0.0210534134155208,-0.11297643727743,-0.142342270526453,0.187308178794878,-0.0236786035911599,-0.0609704892971177,-0.0531999765504195
"19",-0.0236351294960622,0.0523809104427581,0.0587520512938091,0.153425757790623,0.144738948273923,0.11886476551783,-0.0982184819290695,0.191603607558187,-0.288260963406041,-0.010199670207862,-0.0996415509397214,-0.0314626406128402,0.0635783138632815,0.0738540078519796,0.0418944005257315,-0.0444743111475082,0.0420634783577315,0.177580934960583,1,0.0960308068450766,-0.0919827872240583,-0.0713656163659391,-0.228816822018176,-0.108590280836121,0.0708894146722128,0.00425222362319261,0.073499594489769,-0.136936097031983,-0.0754363713808442,-0.0269711133801752,0.254338034728385,0.185838568688278,-0.090793892253469,-0.00403883101743573,0.034541245745557,0.23331782819694,0.0512239730860836,-0.0228432407554484,0.0376611494540791,-0.00089205290461352,0.137344681061905,0.0626806233293561,-0.0249572783129841,0.114016401951715,0.129939763819034,-0.00291418146132609,-0.00248537968839425,0.0481508358687816,0.181769713871512,0.143203513370159,-0.0756141872314612,-0.0101081937464571,-0.152653310258354,0.0493014393440423,0.101678614649164,-0.0710042315365495,-0.0631695721148595,0.197925016966585
"20",0.00786968410128651,0.0343441446072362,-0.0691879276950693,-0.0784888308274297,0.024341305887507,0.0592049012459488,-0.0424044911217688,0.0803307621044737,-0.0291445104792543,-0.00592549925427785,0.0463365077319833,0.045001995888261,0.0290329883015286,0.113654970525252,0.0282206950016281,-0.177095256315713,-0.0871479838417241,-0.0517110673726616,0.0960308068450766,1,0.0159364173637728,0.0902636359675335,-0.181675239455217,-0.0124155129250105,-0.13418889651855,-0.0305181507202076,0.0142367201085413,-0.0451141984824666,-0.0825360664942082,-0.0885161172885717,-0.00644521879973078,0.131790587633702,-0.241113484740413,-0.134649667338142,-0.0407230232241192,0.0198157100857238,-0.0335106127969418,0.0736497976565313,0.07775866983539,-0.145577342491333,-0.00294396176846582,-0.0460800538508365,-0.0346142819191105,-0.0600973191516594,0.00378846513946316,-0.130908750162981,-0.00463184012387822,-0.0687121840572899,-0.0575050153992036,0.0336940077634409,0.0595724936333902,0.0660573205639347,0.0499971726132455,0.128862891238512,-0.0441967031392073,-0.169548638914362,-0.0847228753867918,0.0288556923003735
"21",0.0327911057781415,0.053385153912618,0.0504221544646132,-0.0583868715821484,-0.184248550892562,-0.0229516727963826,0.110970434399524,-0.0949351525172333,0.210861967431326,0.0151246899000385,0.0226871765980412,0.0746549133708893,0.0109922665288762,-0.121898202208344,0.119249285141464,-0.113923404453388,-0.0709596248660571,0.112506679502748,-0.0919827872240583,0.0159364173637728,1,0.0241186850026655,-0.169867437501402,-0.0578931709207558,0.170882457651206,-0.0940777864274054,0.118183385564377,-0.161324132840679,0.104450060090227,0.0473066336803354,0.0172722966135757,-0.0661622238803446,0.194419797035105,-0.0060255480396453,0.00727702559398256,0.0660905996612807,-0.0377814915667901,0.0882017138147862,0.217724286981691,0.176421942714275,0.0147998945124051,0.0524170563964216,0.24937894706752,0.0586671499308183,-0.0331583576961047,-0.0777224700580862,-0.0588864916512404,-0.0402224333887115,-0.162290187530082,0.031710359656822,-0.0376588566537649,0.0301380504246418,-0.278021193274707,-0.15685362087586,-0.180937241182381,0.0630156414727041,0.108045006904733,-0.130086684725539
"22",0.010293200188823,0.0420811758571283,-0.239011688141629,0.0686325468207087,0.114691650022067,0.134508437577417,0.207739030823728,-0.0465936231845111,0.0149964511903712,0.19103521929,0.0839340233510724,0.160480174789029,-0.10763048402178,0.0879445606540387,-0.0423771675044553,-0.111128290256356,0.111999857753091,0.342459383710088,-0.0713656163659391,0.0902636359675335,0.0241186850026655,1,0.0252166358218536,-0.101214111509886,-0.131201980779674,0.00096965714197032,0.0721293932547543,0.143949863789391,0.0607976450121666,-0.155217934540536,0.0885689759512884,0.0171058176257068,-0.0827925244597953,-0.0177986530305967,0.0283036027224715,-0.0998740693169752,-0.115328407984548,0.0597951089914283,-0.0924353142688908,-0.00012975569630024,-0.0706861197526745,0.202704826373197,0.0945418771872731,0.031236660817174,0.0753191327217115,0.016745202822512,-0.0682948974076114,-0.0833874018041234,0.026282736534738,0.20798056020088,-0.0915543687774335,-0.042326352371759,-0.156198631431529,0.0399312355284957,0.0943740441349804,0.0408172397445658,-0.0356492942815716,-0.192369656725799
"23",0.0714730343371414,0.0934236862326802,-0.156729672410092,0.0463548213370791,-0.03373320941248,-0.074516446215079,0.157056171848305,-0.120709469822478,-0.00114161828567852,-0.0669004928750221,-0.0478779343668724,0.00343661666237646,-0.293022415558191,-0.0287219115911355,-0.0336537696145469,0.132811641022827,0.004703537161077,-0.166521547562183,-0.228816822018176,-0.181675239455217,-0.169867437501402,0.0252166358218536,1,0.327965594296805,-0.00134222427632097,-0.116486481896323,-0.00416144272958887,0.192651713769911,0.180276793583203,0.0724184335011751,-0.0955238639984474,-0.00171244205956306,-0.0823220566668685,0.0673425264543385,0.0802683079824317,-0.158935555317718,0.0080604551388119,-0.107623784248984,-0.132990610625607,0.00283154131368821,-0.118015576656663,-0.0526772476521256,0.0100454485292571,-0.0104163373225134,-0.00516824282801047,0.144309600078447,0.154110275869014,0.177219589054003,-0.127107839064667,0.0243680166957115,0.00428495366369103,-0.077327265725805,0.013809929024276,-0.00151448654126598,0.0154793572656645,-0.0793708424144285,0.0853687043385138,0.101444568896958
"24",-0.0592896470291686,0.0151977199980772,-0.0803019231252332,0.145441795207905,-0.0979459519142415,-0.0677185188026896,0.0831227470825734,0.0529764970753622,0.0358227390079898,-0.024361848679707,-0.00034640871827074,-0.104300492257907,-0.184823674007993,-0.116339839210463,0.0467419267878425,-0.0231415369368057,-0.0924093121374004,-0.125973563750449,-0.108590280836121,-0.0124155129250105,-0.0578931709207558,-0.101214111509886,0.327965594296805,1,0.0643706328409027,-0.070491359640762,0.198297289191995,-0.0409059128886041,0.073498444921187,0.0597870829655468,-0.0306184249873343,0.0314651589637656,-0.0737476001693598,0.0839936826570014,0.0826376168905074,-0.0735283697672813,0.0104689361144781,0.0229605127759833,-0.120919322930993,0.0536736333684658,-0.0977689893463262,-0.0590140707029281,0.04644953464167,0.108818935733976,-0.0286916370989843,-0.156871740870263,0.149701293511729,-0.0586384509431976,-0.0593697907068489,-0.099480542318266,-0.133354410996346,-0.148920278650811,0.0684569054273201,0.083401189281802,0.118262661978547,-0.159304263510699,-0.0946115386468335,-0.0742621367181363
"25",0.0679006181427288,-0.0694330681821104,-0.0068190981713763,0.221013146040297,0.0272449563620081,-0.152692504476038,-0.079553494136559,-0.177404706065716,-0.0696409804361643,-0.287067804280881,0.00877514461335464,-0.081173087064936,-0.0498603310776708,-0.169820434250799,-0.0992639793412916,-0.090528108176137,-0.0752939596678077,-0.084564919550541,0.0708894146722128,-0.13418889651855,0.170882457651206,-0.131201980779674,-0.00134222427632097,0.0643706328409027,1,-0.0796043581407213,-0.00927621974935476,0.0145593319961697,-0.0682026449888303,-0.13787714599779,0.103106779372653,-0.0021913678000632,0.100073218732587,-0.0630744487598114,0.0414741213624848,-0.144038893861933,0.1070819060483,-0.169074705175798,0.12244801469108,0.0306101619566788,-0.118558677464329,-0.0018018344004161,0.046929264265465,-0.087380898285965,0.0163059201246248,-0.129457764188251,-0.0622437670860778,0.118625235421814,-0.14437228134392,-0.0949566274510205,-0.0599744961457192,-0.195858842207154,-0.0327873104874445,0.0508166516355163,0.00529244570345842,-0.0637299560918379,0.152832515766853,0.0525480085783156
"26",0.124730178737643,0.132400191303368,-0.0500209914903663,0.0820947363799549,0.11818419038084,-0.0386812915723908,-0.123682657369126,-0.0495218292775945,0.217976841521536,0.21737402447425,-0.199957505752855,-0.0681519518769936,0.0557400212311464,-0.0489879179000912,-0.299710339446118,-0.0624619286189933,0.0163054336267446,-0.1732492508202,0.00425222362319261,-0.0305181507202076,-0.0940777864274054,0.00096965714197032,-0.116486481896323,-0.070491359640762,-0.0796043581407213,1,0.0869077421706003,0.0625928919464258,0.0428198815219198,-0.0737939092591956,0.0907335799093385,0.0586147594976988,-0.105436571199971,0.085752644046455,-0.12569665183347,0.0716941678384399,0.0498003414726021,0.0921387638749199,-0.142644743522734,-0.125646063076144,-0.0216486370652997,-0.0560333128112982,0.0770100332895823,-0.0563195119746119,0.0346339150403239,-0.116714825459773,-0.107500880809034,-0.0329886742554176,-0.0291069912414151,-0.0785048734948161,-0.219501943699151,0.0121779505538744,0.0356315529993792,-0.11272131161715,0.0724147733235736,0.195227336122451,-0.127266247108897,-0.0840220975208853
"27",-0.170567306511275,0.00126263095795077,-0.0332665721835316,0.292637591339237,0.057457472066868,0.0361170722958489,-0.01862409720094,0.0864786062544177,0.0207018064671406,-0.0183932078952402,-0.0884955565569951,0.154440085499021,-0.0620853140436009,-0.111079441008507,-0.0149383707637388,-0.0895955725168743,-0.0450527712571775,-0.0952040517859039,0.073499594489769,0.0142367201085413,0.118183385564377,0.0721293932547543,-0.00416144272958887,0.198297289191995,-0.00927621974935476,0.0869077421706002,1,0.0711444983737222,-0.0244971563545045,0.13937861135364,0.0567087081180807,0.0439029343934381,-0.201118813189311,-0.184115685110884,0.0531309784949721,-0.00937302742554296,0.160750139939162,-0.076420079262466,-0.299571917362677,-0.163896490783314,-0.1861545515558,-0.0804509247559065,0.0363471232832377,0.23672401287569,0.137593647830769,0.0443583627501251,-0.0628420521947452,-0.109674371544147,-0.0354450164545535,-0.121426823339094,0.0277206342210274,0.154807884087158,-0.152224264614087,0.0867010841520855,0.275159370802187,-0.0140095653349124,-0.0772614570478479,-0.0755436695198868
"28",0.0807074702502407,0.121678469109447,0.0095664041249006,-0.0810946537683232,0.13858688489613,-0.143233359071755,0.089139270409447,-0.114229791296293,-0.144347167487715,-0.0572235610244579,-0.0608453776342934,0.0614091111238728,-0.077342465101861,0.00617111017035434,-0.00945249090246892,-0.130634123297992,-0.0349802537384969,-0.0287528464267121,-0.136936097031983,-0.0451141984824666,-0.161324132840679,0.143949863789391,0.192651713769911,-0.0409059128886041,0.0145593319961697,0.0625928919464258,0.0711444983737222,1,-0.0699099739217155,-0.0327142795245777,0.111415302466388,0.0860185916583887,-0.00651745608894544,0.0353699829979127,-0.215106325689962,-0.123808598766824,0.0185167841656311,0.0138712671895978,0.0705799923051914,0.035249630046012,0.0618707795308766,0.0779047261429739,-0.0689839243364547,-0.0118442803411844,-0.0735846306107163,-0.0139960816233005,0.0378380364423627,0.125985914498793,0.0282163643641454,0.179222516664273,0.185394406641757,-0.0463470555884634,-0.121102582829423,-0.0582364921329409,-0.00367457161653712,0.0563563959137759,-0.0645739908314623,-0.187605920693118
"29",0.13411557930442,0.0270225974618061,-0.2582854279764,0.0175017363985405,0.0910896256258681,0.0857830818772176,-0.0433320808154841,0.0290945063725596,0.137388601218139,-0.0362581852180078,0.0716773758946265,-0.145510725024338,-0.0311808276813629,-0.0725793619511585,-0.0100022430370647,0.054287679774908,0.0584277116179645,0.0705474533159533,-0.0754363713808442,-0.0825360664942082,0.104450060090227,0.0607976450121666,0.180276793583203,0.073498444921187,-0.0682026449888303,0.0428198815219198,-0.0244971563545045,-0.0699099739217155,1,0.146318483781232,-0.0637518175250931,-0.090034947262403,0.0168676502758662,0.201348406518691,-0.161673780278947,0.0019767719322941,-0.0750598751434169,0.0611245153536177,-0.0105552423140091,0.0770949334842029,-0.0908924306571755,-0.0558824107659547,0.15806967780748,0.0716351880971651,-0.122842403277444,-0.0420979390033347,-0.0652513422803154,0.0894573858105758,0.0537704633927213,-0.0424646032875927,-0.0521795609575379,0.0934058154568928,0.0119033654055386,0.0539653493220744,-0.0804714529180647,-0.0847767670510041,0.0631854076384226,-0.115985575248078
"30",-0.0421353872140777,0.151567766575568,-0.0474423695977223,0.18058090598743,-0.0487748963070963,-0.0570401762384329,0.0974473255520236,0.108013434946823,0.123599960367715,0.0731106199684548,0.0134363889217352,0.1327225480377,-0.095412957314175,-0.00937339347805653,0.141622151566854,0.183582494416895,0.045543072872793,0.00052808066750068,-0.0269711133801752,-0.0885161172885717,0.0473066336803354,-0.155217934540536,0.0724184335011751,0.0597870829655468,-0.13787714599779,-0.0737939092591956,0.13937861135364,-0.0327142795245777,0.146318483781232,1,-0.0397367912679533,2.62935174648692e-05,0.00494391737594529,-0.116167914630542,-0.0989523045787224,0.0782297342313905,0.143555887548378,0.0235758321807706,-0.073570648846892,-0.0104401959202546,-0.00483532250218942,-0.0541552971213163,0.00458716185343949,0.0693668206099402,-0.114065980146509,-0.121276782754791,-0.00958422867805345,-0.0208895344893005,-0.00903497807405977,-0.110136596220564,0.112063933663617,0.0515848586492802,0.0237707248705086,0.064448157083748,0.263669924761923,-0.142517178921661,-0.178770472680841,-0.0679350271972299
"31",0.175753677022209,0.29478277445135,-0.169543656287736,0.263700950635812,0.00959998044599675,0.0191213057357673,0.0317161686458401,-0.0232985193471392,0.243124179824148,0.24826637926703,-0.0916016537048123,0.220253573524982,0.119013837045437,0.150013887960675,0.115267443715841,0.0735967227401811,0.375999092134575,0.225922565308972,0.254338034728385,-0.00644521879973078,0.0172722966135757,0.0885689759512884,-0.0955238639984474,-0.0306184249873343,0.103106779372653,0.0907335799093385,0.0567087081180807,0.111415302466388,-0.0637518175250931,-0.0397367912679533,1,0.312622960953762,0.175359992014898,0.297732723682881,0.101235729728816,-0.0472987026185729,-0.146192178922206,-0.00253553764890288,0.17281516517114,0.161263463904547,0.10882416718291,0.247502773456764,0.0638337809878021,0.120478452843694,-0.0967319737124605,-0.194316636706092,-0.127164794209262,-0.215652196219197,0.189708319411724,0.313723903721723,0.102911093423357,0.235786939721513,-0.0806375828435918,0.0308873540145601,0.145815636450031,-0.12793505883504,0.0615660044724703,0.0167742404255747
"32",0.0348908703704405,0.0870452808839617,-0.0803667217038362,0.0678195624069783,0.0803417939534217,0.0168951616082289,0.0490777429316155,0.0175705067115179,-0.125575164730543,0.132984503115521,0.146770111098105,0.128941979079603,0.018980248213292,-0.0197493526711257,0.298961725482073,-0.0528507353182674,0.0144144327625372,0.0962172377473514,0.185838568688278,0.131790587633702,-0.0661622238803446,0.0171058176257068,-0.00171244205956306,0.0314651589637656,-0.0021913678000632,0.0586147594976988,0.0439029343934381,0.0860185916583887,-0.0900349472624029,2.62935174648692e-05,0.312622960953762,1,0.0970784468516682,0.247085105653147,-0.173463373792764,0.0163670611104418,-0.0658277760079656,0.0465857789493076,0.167649965301465,0.13733048458762,0.0767211281461887,0.0806813395061015,-0.223538279694322,-0.0134811729304967,-0.261407063959704,-0.269391992142298,-0.115541837631552,-0.176842852865571,0.108703568681645,0.156226574144434,0.112885408710393,0.11243832255299,-0.205697242108614,-0.181869876893835,0.050838613929373,-0.0462728407457923,0.0372633199541793,0.154665339319093
"33",0.0478762946179041,0.234603890126202,0.1261070930622,0.159260537580672,0.0341107785178267,0.14365093499898,-0.0487743514328119,-0.0307695747649811,0.234928385083111,0.105413955590262,0.1629495239869,0.215589781654075,0.0551209352145984,0.0617634696415756,0.284304557044934,0.0475377301314003,0.201847948410031,0.167426623449208,-0.090793892253469,-0.241113484740413,0.194419797035105,-0.0827925244597953,-0.0823220566668685,-0.0737476001693598,0.100073218732587,-0.105436571199971,-0.201118813189311,-0.00651745608894544,0.0168676502758662,0.00494391737594529,0.175359992014898,0.0970784468516682,1,0.403146475652727,-0.0754844097329102,-0.0168555005295712,-0.0692384691568873,-0.0161370914369403,0.362327563962295,0.342540815309829,0.0299072919416506,0.116425077936452,-0.0137166110559592,0.0529540613319977,-0.315281373620379,-0.253918185148279,-0.147740542420886,-0.0873660977507602,0.0776355075856408,0.191192278904967,0.195310403168446,0.236136945155218,-0.0582554713903922,-0.149227611746089,-0.0359594988465213,-0.070806808524125,0.141834052390014,0.0214288154532886
"34",0.0890809961312227,0.230589147163222,-0.0426034395781437,0.0064494932297817,0.0782381631252678,0.0279190517602967,0.0517365161774738,-0.0466184603038246,0.0827079255307404,0.166574405426243,-0.0502905140737993,0.0433787310415836,0.157952292911837,0.0468845854878131,0.0798200101391397,-0.0134871170330337,0.381040971642831,0.258879325179391,-0.00403883101743573,-0.134649667338142,-0.0060255480396453,-0.0177986530305967,0.0673425264543385,0.0839936826570014,-0.0630744487598114,0.085752644046455,-0.184115685110884,0.0353699829979127,0.201348406518691,-0.116167914630542,0.297732723682881,0.247085105653147,0.403146475652727,1,-0.0688229113157508,-0.0979095331029684,-0.0940172046459359,0.0315634966486385,0.235864483398546,0.393402740055718,0.236147043697252,0.147785053021942,-0.00579162252424158,0.0174164585481987,-0.211243087310639,-0.222452421075283,0.0223382881588067,0.0663120213516405,0.275516493631132,0.322890951017765,-0.0344376211726627,0.0745649473239705,0.107900628293508,-0.201829374744402,-0.0487917156485205,0.0330819867602647,0.11971642430055,0.073040505104232
"35",-0.0935763027472286,-0.0788343981212531,0.0329562807371279,0.0621490717523576,-0.106055995710777,-0.151765279099047,0.331405360315669,0.0599869784737493,0.0371149947256483,-0.111995218952283,-0.103412147203877,0.0686001469437597,0.0122805796419316,0.106497798063434,-0.0691030630004276,0.122534689746596,-0.0843940688764322,0.0128270234349785,0.034541245745557,-0.0407230232241192,0.00727702559398256,0.0283036027224715,0.0802683079824317,0.0826376168905074,0.0414741213624848,-0.12569665183347,0.0531309784949721,-0.215106325689962,-0.161673780278947,-0.0989523045787224,0.101235729728816,-0.173463373792764,-0.0754844097329102,-0.0688229113157508,1,0.19229717261391,0.266654007957317,0.149432825063903,-0.131594873089083,-0.166883744272461,-0.0668430541392561,0.0633207677387035,0.0266919384883019,-0.0174148736046868,0.27156721086377,0.168702547683972,-0.00245729959450062,-0.10684283295415,0.0222802835234341,0.113520114258578,-0.12449530317795,-0.138153696636993,0.0521859100335267,0.137121233577936,-0.102546892262652,0.003657452947063,0.0389052715620363,-0.109143804695182
