"","l_Insular.Cortex","r_Insular.Cortex","l_Amygdal.Area","r_Amygdal.Area","l_Bed.Nucleus.of.the.Stria.Terminalis","r_Bed.Nucleus.of.the.Stria.Terminalis","l_Hippocampus","r_Hippocampus","l_Orbitofrontal.cortex","r_Orbitofrontal.cortex","l_Entorhinal.Cortex","r_Entorhinal.Cortex","l_Frontal.Association.Cortex","r_Frontal.Association.Cortex","l_Globus.Pallidus","r_Globus.Pallidus","l_Glomerular.Layer.of.the.Accessory.Olfactory.Bulb","r_Glomerular.Layer.of.the.Accessory.Olfactory.Bulb","l_Glomerular.Layer.of.the.Olfactory.Bulb","r_Glomerular.Layer.of.the.Olfactory.Bulb","l_Granule.Cell.Level.of.the.Cerebellum","r_Granule.Cell.Level.of.the.Cerebellum","l_Hypothalamic.Region","r_Hypothalamic.Region","l_Entorhinal.Cortex","r_Entorhinal.Cortex","l_Vermix.Molecular.Layer.of.the.Cerebellum","r_Vermix.Molecular.Layer.of.the.Cerebellum","l_Lateral.Molecular.Layer.of.the.Cerebellum","r_Lateral.Molecular.Layer.of.the.Cerebellum","l_Anterior.Olfactory.Bulb","r_Anterior.Olfactory.Bulb","l_Posterior.Olfactory.Bulb","r_Posterior.Olfactory.Bulb","l_Subiculum","r_Subiculum","l_Perirhinal.Area","r_Perirhinal.Area","l_PreLimbic.System","r_PreLimbic.System","l_Primary.Cingular.Cortex","r_Primary.Cingular.Cortex","l_Primary.Motor.Cortex","r_Primary.Motor.Cortex","l_Retrosplenial.Cortex","r_Retrosplenial.Cortex","l_Secondary.Cingular.Cortex","r_Secondary.Cingular.Cortex","l_Secondary.Motor.Cortex","r_Secondary.Motor.Cortex","l_Striatum","r_Striatum","l_Ventral.Tegmental.Area","r_Ventral.Tegmental.Area","l_Substantia.Nigra","r_Substantia.Nigra","l_Thalamus","r_Thalamus"
"1",1,0.220303677797005,0.00562892626949757,-0.0465990098327566,-0.0590042991569899,0.062185967554952,0.0225162358318498,-0.0599509497524769,0.146482342275537,0.272519019473397,0.183468836547568,-0.140551938437889,0.0817753924579353,0.176501955782192,-0.046311534790018,0.00842595958236989,-0.123560050542105,-0.0168801228975147,0.0490302175493514,-0.0510698655663025,-0.166884336827536,-0.147876824018971,0.172282480461594,-0.0742276345145106,-0.0839968691544142,0.0149926958906722,-0.078200208944633,0.137286323367825,-0.0969615385048348,0.00426157256016928,-0.223233081893689,-0.0555326700653772,0.167087595058893,0.0265841227325837,0.116680656108233,0.138114548661798,-0.173739927404594,0.00435605728790345,-0.104595181519262,-0.170243968596944,-0.0655310579958797,-0.102627776141098,0.0861427374647882,0.0733327354038167,-0.234707656893946,-0.187920627342825,-0.0654626251720745,-0.0782989712037655,0.0573764865973183,0.00311746092973155,0.0673373152842078,-0.0301182835038485,0.0691192373653567,0.0262697027133666,-0.0315197936706858,0.0338270162341376,0.015362891283257,0.184664887063098
"2",0.220303677797005,1,-0.0572479010303888,0.0377517001958311,0.0284027278400371,-0.19654730456581,0.123540028745329,0.173545570525981,0.0168025964440487,0.541610022150368,-0.0311286041481375,0.105092126991806,-0.0183229956877194,0.0181563072954873,0.014837071894407,0.192242747521531,-0.17437332573306,0.243414930853922,0.15847517491414,0.165876208713381,0.00593017626421733,-0.180585067666761,-0.0297837297737677,0.0433800831873777,-0.0418646459056963,-0.0387691708811822,-0.0902515748785727,0.0150400697437075,0.0253035403338337,-0.208802394648703,-0.0449109269021086,0.0229470458911007,0.107881217248746,0.110699248729695,0.248368168854775,-0.0485538872603025,0.0863901937746491,-0.176537968917078,0.0759397502861861,0.0134611824839328,-0.123375150745541,-0.172523354496051,0.00718340514526638,-0.160716421941723,-0.189967804418704,0.117801910088672,-0.0997970256495094,-0.200020681785914,-0.0759525974153898,0.018765224852804,0.024706151870452,0.203450793530937,0.150479963231947,0.183929294336171,-0.060395869437613,-0.0179432227645296,0.183037532313756,-0.124374025930803
"3",0.00562892626949757,-0.0572479010303888,1,-0.0264957279196952,0.0284451616491463,0.0508349866228695,0.041411271970946,0.154443354976255,0.172406570054995,-0.00537511921302129,0.0765911506434371,-0.0250980848253482,0.10545985478486,0.0141796220331067,-0.0164267511209801,0.101072106406312,0.0390403813791758,-0.124317680534425,0.0107930374374522,-0.00844093500259472,-0.178192507478123,-0.0864753171265031,-0.157292435624328,-0.294479145501914,0.216705892497639,0.0314884510155061,0.150359449173716,-0.0145730861380387,0.0544475485057574,0.0348318222174098,-0.0648295230355979,0.141519975274388,-0.10766196102245,-0.00134595057891607,0.00121399680401916,0.136407637286284,0.0164927100103632,0.0768345454047857,-0.0838643608142064,-0.049996349324113,-0.0684759192370477,-0.241381259431845,-0.0179519151445439,-0.105185077535995,-0.0670725510802108,-0.02106202256578,-0.0911299074749634,-0.0728273519213472,0.147637736882472,-0.0904086135569297,0.12637792918884,0.175454163493682,0.0336170424406843,-0.121924648080551,0.0516519005769914,-0.0428997703393578,0.125987089660909,-0.0178353962964125
"4",-0.0465990098327566,0.0377517001958311,-0.0264957279196952,1,0.0439307569647065,-0.0731069222396677,-0.0444280819410556,-0.0522757272305097,0.0292798300761739,0.0127972869452546,0.0296786616057101,0.0680021992562893,0.102999721495243,-0.146208495967925,-0.032893419124736,0.0985105625600757,-0.130595965642823,0.117272020089402,-0.0455398904890586,0.126362080125566,0.0579653383593605,0.18938632069673,-0.0471737756789614,-0.0901079775274327,-0.142362426428594,0.0334111145602542,0.165871548048744,-0.0389696103023127,-0.0938093753281756,0.0224087571815967,-0.00606611071441248,0.130930574099127,0.00719640300948763,0.0775343438821741,-0.0306223180248488,-0.105562291992333,0.0860327082031527,0.205895259575532,-0.0887958052030581,-0.0644622610775184,0.0282111387537345,-0.0530465728071941,0.203020639734632,-0.0347354875709118,-0.0729488378491456,-0.0928349322395552,-0.0138859837206554,-0.0210727202032908,0.0535077539517593,-0.0784231959845863,-0.0539502880929916,0.0362210206732624,0.0725092922978412,-0.0683064911194551,0.0156492824682066,-0.0837254792633611,0.0469171264271813,-0.0479149997912849
"5",-0.0590042991569899,0.0284027278400371,0.0284451616491463,0.0439307569647065,1,0.0196206072789833,-0.009009600371058,0.0326205129480563,-0.0210248168391567,0.0475575251031225,0.0294871104476588,0.139741022211614,0.0679020468659192,-0.0100161955091493,0.194048537118998,0.0965102264947522,-0.202430172157885,0.0321353559626655,-0.0695126038945012,-0.105494077139697,-0.073697041608618,-0.145964816556868,-0.0427234837795625,-0.168516888561159,-0.0361842975429812,0.00627095307320116,-0.0130827962057887,-0.0680480524101311,0.0659227124641243,-0.00751245004993417,-0.0126532652742936,-0.116243311587061,-0.042866388976598,-0.184778387085909,-0.0391281427496026,0.0103166389121256,-0.201431791954146,-0.0950142534430193,0.12983526670662,0.147818963240691,-0.0442539731590243,0.0710583911899195,0.00099108420375066,-0.0108946624581932,-0.02900715427362,0.138386572154947,-0.0263375212494537,-0.0131835466082601,-0.0144466239879548,0.0179630453377932,-0.0535185888457556,-0.0237480103708909,-0.010043940576105,0.0022689514841242,0.012859058397116,-0.0931074517489571,0.131827531664982,-0.179342908068172
"6",0.062185967554952,-0.19654730456581,0.0508349866228695,-0.0731069222396677,0.0196206072789833,1,-0.169327773591703,-0.147548466086604,0.00793206676873953,0.0159020707202784,0.0984782875824281,0.0703588746981115,-0.0898201736587773,-0.0316428029665521,0.0864855711337685,-0.154224716154098,0.001950678460258,0.0160618441389675,0.0605782526722733,-0.174414387193541,-0.193425043922866,0.0746472462128546,0.145744320272672,-0.0969986793827121,-0.0779248011532937,0.157693346931754,-0.0473822334020852,-0.0711616523813735,-0.111740928126373,-0.0797199930275709,-0.131634887788448,-0.124678020778721,-0.0392284465277163,-0.00453027813925758,0.0230115904541217,-0.0791165750684133,-0.0988034303929589,-0.0337017499473199,0.0475592353513537,0.00431166969098062,-0.0437976024591785,-0.111176626255282,0.0155264176763439,0.0107050741536296,-0.0191319646043436,-0.0855079735431211,0.141297538170768,0.105424571883174,-0.0582674768846939,0.0207833044660965,0.00120902368342049,0.0574838611805586,-0.114688932925008,-0.0454861471602449,-0.0162845723156702,-0.0978390479520484,0.0289357800452523,0.165799551238355
"7",0.0225162358318498,0.123540028745329,0.041411271970946,-0.0444280819410557,-0.009009600371058,-0.169327773591703,1,0.181408207574608,0.129349270995803,0.0515307632974999,-0.101326668476443,0.198756520415295,0.0519099234889445,0.32895285745184,-0.0338618363589381,0.0932850077973335,-0.0551947891282532,0.0937483062837274,-0.135722272212889,-0.0808628174462055,-0.15545498542437,-0.0421665794072596,-0.132743465459709,0.0229123831629097,-0.0134946655936161,-0.258093797429363,-0.167480886813166,0.112865031468242,-0.217056492292619,-0.129114430284382,0.0600621335412345,0.012226104972539,0.0367123331203307,0.054378948818699,0.328270439170365,0.067918932090318,-0.0304440124465146,-0.0511287172912075,0.0526609170932597,0.106243174947038,-0.0253125903155274,-0.0709566356718792,-0.166369162595304,-0.14103374782652,0.0363398531831249,-0.0391784388735886,-0.0715777032296496,-0.0610773869510902,-0.0212996049885607,0.261367695020156,-0.0233495635582255,0.0986788750594199,-0.0369048859353671,0.134587816314675,-0.0498598254909015,0.176558787047156,0.195669039988957,-0.0314190273446713
"8",-0.0599509497524769,0.173545570525981,0.154443354976255,-0.0522757272305097,0.0326205129480563,-0.147548466086604,0.181408207574608,1,0.0592947720207635,0.0578693835819321,-0.125651464647471,0.129046227392327,-0.0381900391846936,0.0145774733786345,-0.0689546969637295,0.137979558858226,-0.0742112452410466,0.00648066737896906,0.00475343231670339,0.00016452898373188,0.0629759747710144,-0.158286837505688,-0.0842658619276692,0.0864115346287339,0.0795711139824915,0.235612549974252,0.0877495993007755,0.00535484888548367,0.192807487035261,-0.189539279879307,0.122946023294701,0.240475630870117,-0.029697615258414,-0.131047789276935,0.144149676564091,0.159998043760005,0.110074741027793,-0.129449717035791,0.124520218271199,-0.0926598202463642,-0.0277419374240386,0.0173294081002162,-0.0912965897711516,-0.170674155905847,-0.19379852785954,0.00944483856036413,-0.0731713282750455,-0.0221869378001173,-0.0233055781739603,0.0406488510685171,0.155977927270752,0.0496123510352443,0.0385410162009653,0.185279962232805,-0.166740348475331,-0.0999906421183131,0.079913385437807,-0.02634709479983
"9",0.146482342275537,0.0168025964440487,0.172406570054995,0.0292798300761739,-0.0210248168391567,0.00793206676873953,0.129349270995803,0.0592947720207635,1,0.0562728561601915,0.0978765158757968,-0.00701376355186132,0.208739487806705,0.135730106297723,-0.0526943013494901,0.0904028877029696,-0.146318532405286,-0.0721219352865976,-0.11128017568092,-0.0401862222192585,0.00819874146580663,0.0832841987947705,0.066627299641167,0.0643826618075497,0.0950618390903815,0.0340729277553914,-0.0958192650474721,0.143068795556214,0.0790050103633598,-0.142967547387668,-0.0963884221443258,0.0796520203863866,-0.110603411939892,0.0678276434223047,0.0603520604627477,-0.135418658609916,-0.0619362590757456,0.0283102542085689,-0.0329251983236394,0.147514579525094,-0.163715068001918,-0.272816431149673,0.185114552250186,-0.0341879159572967,0.0263582714272041,-0.137942730811344,-0.0707933191359645,-0.0550127182167816,0.129373106942988,-0.0682733792046534,0.263881768609684,0.194945136555166,0.157058200669156,-0.119906464348178,0.0276176690568148,-0.136903504075159,0.154810534463201,-0.0135289102778787
"10",0.272519019473397,0.541610022150368,-0.00537511921302129,0.0127972869452546,0.0475575251031225,0.0159020707202784,0.0515307632974999,0.0578693835819321,0.0562728561601915,1,-0.00971289412194556,0.0307221625470494,-0.0344633867015383,0.0439733497991222,-0.0199830833251545,-0.017872481240769,-0.0903118704356445,0.119743117372908,0.0757586576506186,0.133787243764784,0.038126336751398,-0.0497692135252303,-0.0118542484526449,-0.0536144111713528,-0.160702923602365,0.102700985487424,0.0175813435290105,0.141038584269129,-0.0129260788320803,-0.179584035682396,-0.305086880533346,-0.0041720683848578,0.0686052909439398,0.0219984668089262,0.16804689562183,0.130241399934217,-0.126484733249341,-0.15695648470028,0.0380098837866265,0.0563945455663627,-0.0343835913675891,-0.0174886545031207,-0.101063216468901,0.0536123347261623,-0.224027475016157,-0.0246134644737847,-0.00745115254815618,-0.0619381065247431,-0.156158339717242,-0.0723250301532112,0.0418581873270391,0.144933909913718,0.0532861783656034,0.0644265184327389,-0.0133434918117272,-0.00300346678064506,0.0821116761795572,0.0626532082605918
"11",0.183468836547568,-0.0311286041481375,0.0765911506434371,0.0296786616057101,0.0294871104476588,0.0984782875824281,-0.101326668476443,-0.125651464647471,0.0978765158757968,-0.00971289412194556,1,0.178036306065598,0.0662609802410483,-0.0713718150740804,0.0999294686788507,-0.029500297638641,-0.131456172416888,0.008900287100589,-0.0400169044857597,-0.207802963221124,-0.251404570673005,0.00255272811908321,-0.0140762843794013,0.147316618052063,-0.101511601230524,0.0348654145734278,-0.0754582415558196,0.0746112625153661,-0.195557055626272,0.00642007876792618,0.0193788292377866,-0.0772260707463776,0.216323632843111,0.066075485251577,-0.114642981947362,-0.0831343302005403,-0.076164367164447,0.129258036940309,0.0248753157185565,-0.00351602606101208,-0.0477669386840896,0.0391661414991848,-0.173297787815001,-0.0659977903288482,-0.0772837508848157,-0.162369284743788,0.0139869039345441,0.212916192932446,-0.0481515026840127,-0.14840214427662,0.153472682254785,-0.0492531379901893,0.21232038277804,-0.125610229826688,-0.159025071368596,-0.0226586476531611,-0.166976152740549,0.224914332772974
"12",-0.140551938437889,0.105092126991806,-0.0250980848253482,0.0680021992562893,0.139741022211614,0.0703588746981115,0.198756520415295,0.129046227392327,-0.00701376355186132,0.0307221625470494,0.178036306065598,1,-0.0711831379880632,-0.0112716050379021,0.259605451520479,0.144239583097665,-0.0885571658929623,0.147152147552803,0.0182842242070207,-0.0185782941339705,-0.11416587009214,-0.00719841940145485,0.0353442618715284,0.00860711427743465,-0.113668388899583,-0.00608484193886942,-0.045656940969466,0.0406123468101433,-0.128553160948725,-0.00271239590782201,0.0316232630651971,0.0941389197322416,-0.0296510471734918,-0.00139828140518826,0.0907296191159506,0.0826799699681636,0.08854008662557,-0.0123915873366585,-0.104542176964608,-0.0282381720079133,-0.279194580024276,-0.174899095512454,-0.0836842627892748,-0.100577507742081,0.0640159649296458,0.0811995066520064,-0.154940358341335,-0.0944151950031351,-0.225187878393081,0.114029004732764,0.154646361952341,0.00715780437947003,0.0898305888146018,0.132501734226926,-0.0772092218271976,-0.0455372830534305,0.0362963239446131,0.0630457776143299
"13",0.0817753924579353,-0.0183229956877194,0.10545985478486,0.102999721495243,0.0679020468659192,-0.0898201736587773,0.0519099234889445,-0.0381900391846936,0.208739487806705,-0.0344633867015383,0.0662609802410483,-0.0711831379880632,1,0.0749904079924294,-0.0912827293166149,-0.0302333946933366,-0.134339516299734,0.193983337100083,0.130496645385299,0.026917553707719,-0.0132086687505088,0.137996850093765,0.0913455313056852,-0.0337648018817022,0.0984379435814933,-0.127304153649768,-0.329376840247904,0.0731314221001838,0.0407888995896657,0.137516851584225,0.00768405506608062,0.0170955263265342,0.0961052937816004,0.175737660724119,-0.0372230194607155,-0.103847738787644,-0.13240019843909,-0.119841388113879,0.0828207596059485,0.0733622046469711,0.0502929954659944,-0.123106274852897,0.180766815487181,0.0462791659064769,0.0582450461914481,-0.144160343224448,-0.123818351297087,0.152036301516588,0.431536635418517,-0.00295585306717691,0.142779267505995,-0.109261742066073,0.237278278254967,0.0225865128828052,0.0363746906856216,-0.04275269781053,0.132649252704463,-0.0374298217280829
"14",0.176501955782192,0.0181563072954873,0.0141796220331067,-0.146208495967925,-0.0100161955091493,-0.0316428029665521,0.32895285745184,0.0145774733786345,0.135730106297724,0.0439733497991222,-0.0713718150740805,-0.0112716050379021,0.0749904079924294,1,-0.0545445274689184,-0.117754809026445,0.0965982830326161,0.139402923980171,-0.0439162039609082,-0.0166088250924175,-0.251268082480114,-0.0820902451217788,0.0815688868426449,-0.0975816829178468,0.111490901540111,0.0547871782079533,-0.0876597787742148,0.0916798250989381,0.00339747569619696,0.0777800006444219,0.0869765290997889,-0.0110855804645751,-0.0566311743401367,-0.0668915826159796,0.270148539650942,0.0631120253321887,-0.111139435064108,-0.101323513439505,0.0883928918835922,0.139677428679904,0.00871931217044719,0.0534499166469443,-0.0311555809176029,-0.00770322101648407,0.0188466034633198,-0.068939325562918,0.0299760981395714,0.0407405407386029,-0.0111329629801907,0.569458814493317,0.0921223085952546,0.0121277882491165,-0.0844203181987242,0.185572586342928,-0.141115826986348,0.0985244909206663,0.14839995903987,-0.00881047819782731
"15",-0.046311534790018,0.014837071894407,-0.0164267511209801,-0.032893419124736,0.194048537118997,0.0864855711337685,-0.0338618363589381,-0.0689546969637295,-0.0526943013494901,-0.0199830833251545,0.0999294686788508,0.259605451520479,-0.0912827293166149,-0.0545445274689184,1,0.0611666650766468,-0.0832415412547768,0.0466415206603136,0.194345683421581,0.0355583273742099,-3.36114308837066e-05,-0.0279263496534378,0.0185086691925723,-0.00865265236729796,0.19432852724031,0.129459740153245,0.0364638159385447,-0.150382378866348,-0.0740197708812103,0.129881601565178,0.0999193856693831,-0.0374194221531419,0.200591899836401,-0.027046765814411,-0.0927505570540925,-0.0571252967552987,0.109070705686158,0.0529388425073475,0.0581699993080394,0.0289744679586174,-0.0790546802631681,-0.099897174232146,-0.0852189825791172,-0.181867289020229,0.0327334639188876,-0.0865455924201197,-0.0172135726361214,-0.10768214909722,-0.291430462900784,-0.0816826902405224,0.0978889642225167,0.0745516940635478,0.011780469811956,-0.0358286615496187,0.00742446216040705,-0.00053721220793647,0.146913371542813,0.0311583310801778
"16",0.00842595958236989,0.192242747521531,0.101072106406312,0.0985105625600757,0.0965102264947522,-0.154224716154098,0.0932850077973336,0.137979558858226,0.0904028877029696,-0.017872481240769,-0.029500297638641,0.144239583097665,-0.0302333946933366,-0.117754809026445,0.0611666650766468,1,0.0104003841278343,0.0418054275271348,0.0061255576706401,0.0716085428773962,0.115068036732323,-0.0278014809956905,-0.107234015331497,-0.0282176711503894,-0.0140831699327553,-0.0528952989396176,0.159443870694342,0.144454503811309,-0.187814491045426,0.00366760538808264,0.0639488273016942,0.0206049996486586,0.0328861898188769,-0.0101150894086457,0.146341717959268,-0.0454040191298199,0.105120257399709,0.00132534014642058,-0.0345266584975396,-0.142167342710253,-0.323210117874476,-0.302270634075459,-0.0875094795937024,-0.0890028126833508,-0.038591979064829,-0.00374339464288452,-0.118621028066461,-0.102427238990534,-0.227663915843673,-0.0738576555212811,0.123730847200718,0.230439780349334,0.0033053311516012,0.126265519385079,-0.00857120605872692,-0.0119661401098638,-0.0125742661639148,-0.0887173838072537
"17",-0.123560050542105,-0.17437332573306,0.0390403813791758,-0.130595965642823,-0.202430172157885,0.00195067846025799,-0.0551947891282532,-0.0742112452410466,-0.146318532405286,-0.0903118704356445,-0.131456172416888,-0.0885571658929624,-0.134339516299734,0.0965982830326161,-0.0832415412547768,0.0104003841278343,1,-0.00364837251783156,0.115403440533767,0.0340368943700248,-0.00861426975201095,-0.0924362069682264,-0.0592387375696545,0.00399800790805958,-0.156757221105371,-0.0255130886853624,0.112241835296553,0.0828105235903409,0.0364363741339571,-0.0104805869409364,0.236389824027693,-0.0346962554706093,0.100842910895088,-0.0956222103469784,0.21325091114259,0.00557408686618486,0.291530794243691,0.0460392552726923,0.0302756435122815,0.0314110030562105,0.0105309270496965,0.035570087985063,0.0005649912577196,-0.129249822101439,0.0626545751051532,0.0608220037109551,0.0419613238019152,0.166206397270124,0.0699931367244897,0.0973978171064391,-0.0838488072285434,-0.0895176511430675,-0.0149473587925804,-0.0474716649898743,-0.0288473369000631,0.0310487396484629,-0.158638152851784,-0.079345374102474
"18",-0.0168801228975147,0.243414930853922,-0.124317680534425,0.117272020089402,0.0321353559626655,0.0160618441389675,0.0937483062837274,0.00648066737896906,-0.0721219352865976,0.119743117372908,0.008900287100589,0.147152147552803,0.193983337100083,0.13940292398017,0.0466415206603136,0.0418054275271348,-0.00364837251783156,1,0.13511248759294,0.260516440351572,0.00242426919177145,0.026134185248674,0.0399615276480837,0.0972047072450248,-0.156953695743577,-0.0846235456245336,-0.0275088501055561,0.104068274331333,-0.157751174265713,0.0986811178683207,0.0450727014734847,0.186830567843646,0.0738970443578181,0.00619498051633689,0.118896216369175,0.0721471409298913,0.109992711645303,-0.118701592772179,0.0430872763036137,0.202608858571335,0.156637571236404,0.0883196543154076,-0.0436270302890321,-0.0200714163908629,0.144197328119545,0.00306895050604614,-0.118566569588836,0.105454742332507,0.180232948109549,0.283542478418994,0.0156537339103339,-0.0421017514711824,0.00544697556209905,0.218971020838054,-0.0827936083519414,0.0561840384083711,0.128652640278246,0.00543115773856907
"19",0.0490302175493514,0.15847517491414,0.0107930374374522,-0.0455398904890586,-0.0695126038945012,0.0605782526722733,-0.135722272212889,0.00475343231670339,-0.11128017568092,0.0757586576506186,-0.0400169044857597,0.0182842242070207,0.130496645385299,-0.0439162039609082,0.194345683421581,0.0061255576706401,0.115403440533767,0.13511248759294,1,0.278307198712308,0.11303974308498,-0.101855475663983,0.0663516818342615,-0.100195410232171,-0.0366641648518096,0.0338324718079241,-0.0099766522458417,-0.0108544034299917,0.143399518718403,0.0631602200447607,0.268472941414595,0.0121022305440716,0.143185879292576,0.317022039542568,-0.147358460078654,-0.0641823099986369,0.249051462910179,-0.00394466747666602,0.0688029231788908,-0.13680029627799,0.05080881917133,-0.0347866190441824,0.0681438031664683,0.0160133316996933,-0.198002733385602,-0.022838618097278,-0.082322809475837,0.00439966175407809,0.146649335081844,-0.0773387519894449,-0.0300822050932419,0.0480099758089756,-0.00717697138287665,0.028042510221823,0.114922484905917,0.130691758359471,0.214228695068056,0.048815835374842
"20",-0.0510698655663025,0.165876208713381,-0.00844093500259472,0.126362080125566,-0.105494077139697,-0.174414387193541,-0.0808628174462055,0.00016452898373188,-0.0401862222192585,0.133787243764784,-0.207802963221124,-0.0185782941339705,0.026917553707719,-0.0166088250924175,0.0355583273742099,0.0716085428773962,0.0340368943700248,0.260516440351572,0.278307198712308,1,0.18077655060137,-0.152160967668438,0.138507091726444,0.017657730146192,0.0564311058481042,0.0855213494879725,0.0651336760487661,-0.207316035695586,-0.0422590801485884,0.0203511958443135,0.156631517313446,0.298055734416847,-0.0516571684400055,0.0395185313474344,-0.064810602891345,0.0217308082861476,0.00109652040063671,0.0296573438000725,-0.0633630264496917,-0.149737747293293,-0.0509892447118122,-0.152152393608747,-0.0611508506375545,-0.0121600106162832,-0.0040317910808359,-0.0546925526528842,-0.156706398678827,-0.0555169290116577,0.0469754181143648,-0.0794771286471056,0.0155786097749629,0.107503542730932,0.0435438942095187,0.254371564541386,-0.0528663429646069,0.0747539921551045,0.0525619434432246,0.0332504088389471
"21",-0.166884336827536,0.00593017626421733,-0.178192507478123,0.0579653383593605,-0.073697041608618,-0.193425043922866,-0.15545498542437,0.0629759747710144,0.00819874146580663,0.038126336751398,-0.251404570673005,-0.11416587009214,-0.0132086687505088,-0.251268082480114,-3.36114308837066e-05,0.115068036732323,-0.00861426975201095,0.00242426919177145,0.11303974308498,0.18077655060137,1,-0.0319362866701186,-0.018453381375776,0.158224096877894,-0.0127606013502784,0.0442268034542704,0.109494747338894,0.0909944400122951,0.0249142164910946,0.0370649541230493,-0.0576501523059541,0.16486734914652,-0.116879541376008,-0.0744256760657358,-0.236590785591011,-0.071080385990789,0.0395596165229491,-0.171081717498644,-0.134323727731675,-0.193518479045802,0.0827458283339434,0.139727009126282,0.105968694812626,0.126202404241425,-0.110259968136432,0.0335706851376279,0.127962169037799,0.0452508592397302,0.0517426033264628,-0.21936520215763,0.138060736405086,0.032900529846359,-0.133523858251585,-0.0169358511217889,-0.0905088066191328,-0.0214097665362053,-0.0979036136537293,-0.0268422133387608
"22",-0.147876824018971,-0.180585067666761,-0.0864753171265031,0.18938632069673,-0.145964816556868,0.0746472462128546,-0.0421665794072596,-0.158286837505688,0.0832841987947705,-0.0497692135252303,0.00255272811908321,-0.00719841940145485,0.137996850093765,-0.0820902451217789,-0.0279263496534378,-0.0278014809956905,-0.0924362069682264,0.026134185248674,-0.101855475663983,-0.152160967668438,-0.0319362866701186,1,-0.0936460175858991,0.0215427372849301,0.0810137808604121,-0.131388518057733,-0.12854640673002,0.101856809971437,-0.0684720245611229,0.105641350796118,-0.197680843695745,-0.0227479562195602,-0.0747112210199337,0.106931226914088,-0.146862512800619,-0.270619359829417,0.06667144683648,0.11705031315772,-0.0511742254784583,-0.0456525524679997,0.173026949429341,0.00547088225769666,0.0019931301332391,0.0506748205354095,0.105534165395156,-0.286036511449364,0.144446455193144,-0.0192321161829589,0.0291056168461025,-0.00141825793584588,-0.0729905848729906,0.0914975298612059,-0.0633888304665152,-0.152800401877508,0.20112560958098,0.0420842584185578,0.0326534113684408,-0.0617949018410121
"23",0.172282480461594,-0.0297837297737677,-0.157292435624328,-0.0471737756789614,-0.0427234837795625,0.145744320272672,-0.132743465459709,-0.0842658619276692,0.066627299641167,-0.0118542484526449,-0.0140762843794013,0.0353442618715284,0.0913455313056852,0.0815688868426449,0.0185086691925723,-0.107234015331497,-0.0592387375696545,0.0399615276480837,0.0663516818342615,0.138507091726444,-0.018453381375776,-0.0936460175858991,1,0.0281863053655162,-0.035508497129338,-0.117621035780613,-0.139738196434786,-0.0551114517646637,-0.135305384067325,-0.100329122909153,0.0138515366020603,0.0876920686139578,-0.0525888435595558,-0.0235124129564825,0.141509942674809,-0.0254559865719653,-0.0911655957483681,-0.00911451131529293,-0.131918916672154,0.0606450985634677,-0.190240128164124,-0.0955034130224957,-0.0693264356643591,0.0305334850872631,-0.0429237506757337,-0.0732147996172011,-0.0713830646304417,-0.0278001147558644,0.0533051260319198,0.143151977424371,0.107506016534657,0.107186422303854,0.169716235093666,-0.0532425917884421,0.269019913596879,-0.229246503774066,-0.183797485718289,0.221076463663482
"24",-0.0742276345145106,0.0433800831873777,-0.294479145501914,-0.0901079775274327,-0.168516888561159,-0.0969986793827121,0.0229123831629097,0.0864115346287339,0.0643826618075497,-0.0536144111713528,0.147316618052063,0.00860711427743464,-0.0337648018817022,-0.0975816829178468,-0.00865265236729796,-0.0282176711503894,0.00399800790805958,0.0972047072450248,-0.100195410232171,0.017657730146192,0.158224096877894,0.0215427372849301,0.0281863053655162,1,-0.116315341218235,-0.0151665841335814,-0.0683592346111432,-0.0663465979603295,-0.0301273606830661,-0.171754375276876,0.0619853838771187,0.177296083558124,0.0244311410593895,-0.0234588555493242,0.0184630717274243,0.0302128964353337,0.00650083696277906,0.0148932226957102,0.163946395051794,0.0925181824072305,0.20958767237163,0.184064655208299,-0.0963753007319772,-0.165823273508242,0.0387660547051535,0.0674030401481764,0.0944283649495726,0.14421898924127,0.0394954571071155,0.0627450554613575,0.0389050373334871,-0.0504003827531245,0.236953435690577,0.072469185969946,-0.0576067400880614,-0.0667189348160191,-0.0618692638392909,-0.0151175087915983
"25",-0.0839968691544142,-0.0418646459056963,0.216705892497639,-0.142362426428594,-0.0361842975429812,-0.0779248011532937,-0.0134946655936161,0.0795711139824915,0.0950618390903815,-0.160702923602365,-0.101511601230524,-0.113668388899583,0.0984379435814933,0.111490901540111,0.19432852724031,-0.0140831699327553,-0.156757221105371,-0.156953695743577,-0.0366641648518096,0.0564311058481042,-0.0127606013502784,0.0810137808604121,-0.035508497129338,-0.116315341218235,1,0.151432285072895,-0.0700212715192985,-0.0316650417495676,0.116901976173827,0.105249444652016,0.0436875014234609,0.00236235996680626,-0.1905439711482,0.0349793086015435,-0.0713772649958081,-0.0632925209509497,0.0331178182887758,0.0347737092559726,-0.126850049439696,-0.124901316017211,-0.102976051841434,-0.142200471184953,0.0967228637107891,-0.0497976431096444,0.104634552634741,-0.0558215670899168,-0.111444004826844,-0.139576392365799,0.00023869980000595,-0.14578402280227,0.139509953175183,0.029727657165042,0.117398059041486,0.0802402760295036,0.00726628806600172,0.036299958402919,0.0645252830775943,-0.190869827375294
"26",0.0149926958906722,-0.0387691708811822,0.0314884510155061,0.0334111145602542,0.00627095307320116,0.157693346931754,-0.258093797429363,0.235612549974252,0.0340729277553914,0.102700985487424,0.0348654145734278,-0.00608484193886942,-0.127304153649768,0.0547871782079533,0.129459740153245,-0.0528952989396176,-0.0255130886853624,-0.0846235456245336,0.0338324718079241,0.0855213494879725,0.0442268034542704,-0.131388518057733,-0.117621035780613,-0.0151665841335814,0.151432285072895,1,0.230004060956189,0.0220036521057354,0.195088892123067,0.0878446762223556,-0.0383932205962755,-0.0857709283489364,-0.115793622328665,-0.168211347298877,-0.0282646683248346,-0.0202429611620899,0.0658203088343487,0.0234704311916068,0.0802258656252725,-0.124591954742871,-0.0934603453616774,-0.0429709625275836,0.0115382423025001,0.0649129440490291,-0.120535695065752,0.0775380460700227,0.0767189202628106,0.0484827773740172,-0.212042730204201,-0.0402673404300774,0.187999777375386,-0.0427775487223106,0.0199148474410481,0.198212369546946,-0.191195708235392,0.105580286958742,-0.00921732915252602,-0.0611183964621024
"27",-0.078200208944633,-0.0902515748785727,0.150359449173716,0.165871548048744,-0.0130827962057887,-0.0473822334020852,-0.167480886813166,0.0877495993007755,-0.0958192650474721,0.0175813435290105,-0.0754582415558196,-0.045656940969466,-0.329376840247904,-0.0876597787742148,0.0364638159385447,0.159443870694342,0.112241835296553,-0.0275088501055561,-0.0099766522458417,0.0651336760487661,0.109494747338894,-0.12854640673002,-0.139738196434786,-0.0683592346111432,-0.0700212715192985,0.230004060956189,1,-0.0102336705493611,-0.162958777305032,0.110475952133408,-0.0141194960979159,0.106942491889089,0.00054007249256853,-0.228720125169094,-0.0900757716469117,0.0818067344514592,0.169837116976071,0.104313382402671,-0.04220071843673,0.043087467504979,0.0838248740887944,0.0304869508104024,0.0219052618153502,-0.0425782835314905,-0.178584871818525,-0.0701240228502869,0.121468596960707,0.132421970076573,-0.0891453979201584,-0.108256942562643,0.12626179229068,0.00343712464351513,-0.118830789727876,-0.161224494204424,0.0941378989674714,0.150936806177873,0.0733997165081711,-0.0479818235281753
"28",0.137286323367825,0.0150400697437075,-0.0145730861380387,-0.0389696103023127,-0.0680480524101311,-0.0711616523813735,0.112865031468242,0.00535484888548367,0.143068795556214,0.141038584269129,0.0746112625153661,0.0406123468101433,0.0731314221001838,0.0916798250989381,-0.150382378866348,0.144454503811309,0.0828105235903409,0.104068274331333,-0.0108544034299917,-0.207316035695586,0.0909944400122952,0.101856809971437,-0.0551114517646637,-0.0663465979603295,-0.0316650417495676,0.0220036521057354,-0.0102336705493611,1,-0.0279990768107393,0.0805868984410783,-0.221560623801717,0.00765188466069409,-0.0128318671214604,0.0555581052405244,0.163344467764838,-0.115041338305688,-0.0149703258524516,-0.0485401802118123,-0.0821993270357633,0.00223485850207409,-0.0441290097150826,-0.0291869557392397,-0.136359822455235,0.0111042737276889,0.0459105783052471,-0.108263281802955,-0.0269187777443222,0.101287001949827,0.0191589352358159,0.0569102000911827,0.0994031204529032,-0.0576361427529636,0.108185416028051,0.016180745117799,-0.00017749426901661,0.0731213404408093,-0.0383856480804219,-0.0783535725170249
"29",-0.0969615385048348,0.0253035403338337,0.0544475485057574,-0.0938093753281756,0.0659227124641243,-0.111740928126373,-0.217056492292619,0.192807487035261,0.0790050103633598,-0.0129260788320803,-0.195557055626272,-0.128553160948725,0.0407888995896657,0.00339747569619696,-0.0740197708812103,-0.187814491045426,0.0364363741339571,-0.157751174265713,0.143399518718403,-0.0422590801485884,0.0249142164910946,-0.0684720245611229,-0.135305384067325,-0.0301273606830661,0.116901976173827,0.195088892123067,-0.162958777305032,-0.0279990768107394,1,0.136255553304595,0.0799819834346781,-0.144873714695983,-0.0568513959857589,0.00272458747036639,0.034353496490711,0.0572579403744511,0.0264341778607166,-0.0537529177505614,0.0774293374993371,-0.00466547211750319,-0.0629164340256718,0.0633259830211185,0.083068161259628,0.234330796726014,0.0151688571691055,0.242263477427622,-0.228479897408184,-0.154145887124662,0.0164448252077395,0.0736291117785313,-0.0550608515974628,-0.0892638690749863,0.0799723584883859,-0.00347514004945986,-0.0258704753218324,-0.0158155024156022,0.0779356225715899,-0.267624179347304
"30",0.00426157256016928,-0.208802394648703,0.0348318222174098,0.0224087571815967,-0.00751245004993417,-0.0797199930275709,-0.129114430284382,-0.189539279879307,-0.142967547387668,-0.179584035682396,0.00642007876792618,-0.00271239590782201,0.137516851584225,0.0777800006444219,0.129881601565178,0.00366760538808264,-0.0104805869409364,0.0986811178683207,0.0631602200447607,0.0203511958443135,0.0370649541230493,0.105641350796118,-0.100329122909153,-0.171754375276876,0.105249444652016,0.0878446762223556,0.110475952133408,0.0805868984410783,0.136255553304595,1,-0.0583256242766992,-0.0769924799326168,-0.00069902868891506,-0.0619948371580823,-0.197738994241602,-0.00443040589289346,0.0690068033091711,-0.0302715562689758,0.0632494288213315,-0.180626380449915,0.0302182627990916,0.152691650979291,0.0133296688898012,0.13833466330646,0.12549037824829,-0.200862152173053,-0.114413410405018,-0.170225178180224,0.00566420385580664,0.141094948396795,0.0765084307240179,-0.230646475419751,-0.0257394302577512,-0.136989248907266,-0.0887937629512194,0.182520375029924,0.0531983205096884,-0.098246914352111
"31",-0.223233081893689,-0.0449109269021086,-0.0648295230355979,-0.00606611071441248,-0.0126532652742936,-0.131634887788448,0.0600621335412345,0.122946023294701,-0.0963884221443258,-0.305086880533346,0.0193788292377866,0.0316232630651971,0.00768405506608062,0.0869765290997889,0.0999193856693831,0.0639488273016942,0.236389824027693,0.0450727014734847,0.268472941414595,0.156631517313446,-0.0576501523059541,-0.197680843695745,0.0138515366020603,0.0619853838771187,0.043687501423461,-0.0383932205962755,-0.0141194960979159,-0.221560623801717,0.0799819834346781,-0.0583256242766992,1,-0.0821251928294598,0.0697808834566456,0.150724809429331,-0.015212239177505,-0.116254428339638,0.112448947668607,-0.0355819587678269,0.105885928029993,-0.0318357191889719,-0.0622692818081734,0.0100645641094598,-0.0295259279574314,-0.186613044488685,0.0526535758372698,0.119007372208624,-0.11847249398954,-0.0516327791420396,0.091957546102755,0.00322237327348444,-0.0916794071077668,0.0049824789334062,0.113823832444417,-0.00264781151689812,0.080905679881503,0.0587418472748308,0.06546668769445,-0.132298249204289
"32",-0.0555326700653772,0.0229470458911007,0.141519975274388,0.130930574099127,-0.116243311587061,-0.124678020778721,0.012226104972539,0.240475630870117,0.0796520203863866,-0.0041720683848578,-0.0772260707463776,0.0941389197322416,0.0170955263265342,-0.0110855804645751,-0.0374194221531419,0.0206049996486586,-0.0346962554706094,0.186830567843646,0.0121022305440716,0.298055734416847,0.16486734914652,-0.0227479562195602,0.0876920686139578,0.177296083558124,0.00236235996680626,-0.0857709283489364,0.106942491889089,0.00765188466069409,-0.144873714695983,-0.0769924799326168,-0.0821251928294598,1,-0.111548771155539,0.0585555998790703,-0.176399482868571,0.171836746670228,-0.0376531437851906,0.0465292244371398,-0.028037792080108,-0.0188378631967628,0.0761331616106881,-0.0346821513195213,-0.0441561464106926,0.0185980287225542,-0.0248051710828374,-0.145477096799622,0.122576106404306,0.106952634181901,0.174737072981041,0.0457068830692857,0.166726257655933,-0.0309589203434242,0.0947424198612655,0.0656599469991283,-0.0513360874866004,-0.0372197415987449,0.117312430031103,0.222470093988588
"33",0.167087595058893,0.107881217248746,-0.10766196102245,0.00719640300948763,-0.042866388976598,-0.0392284465277163,0.0367123331203307,-0.029697615258414,-0.110603411939892,0.0686052909439398,0.216323632843111,-0.0296510471734918,0.0961052937816004,-0.0566311743401367,0.200591899836401,0.0328861898188769,0.100842910895088,0.0738970443578181,0.143185879292576,-0.0516571684400055,-0.116879541376008,-0.0747112210199337,-0.0525888435595558,0.0244311410593895,-0.1905439711482,-0.115793622328665,0.00054007249256853,-0.0128318671214604,-0.0568513959857589,-0.00069902868891506,0.0697808834566456,-0.111548771155539,1,0.0857095202422958,0.103181452941138,0.0238301586735024,0.215173434552035,-0.00192673381085549,0.10783140104163,0.0500058516059648,0.128105655806181,0.0451379621824559,-0.0751310284220752,0.0207532537545741,-0.0308000545551667,-0.058752631688438,-0.0105253991277187,0.10082321565705,0.144616703941559,-0.00977023541707683,-0.0765715405175943,-0.107932625058231,-0.019845220995786,-0.0815313918138909,-0.0967863531956451,0.0341776932882738,0.106884219512136,0.124741058052526
"34",0.0265841227325837,0.110699248729695,-0.00134595057891607,0.0775343438821741,-0.184778387085909,-0.00453027813925758,0.054378948818699,-0.131047789276935,0.0678276434223047,0.0219984668089262,0.066075485251577,-0.00139828140518826,0.175737660724119,-0.0668915826159796,-0.027046765814411,-0.0101150894086457,-0.0956222103469784,0.00619498051633689,0.317022039542568,0.0395185313474344,-0.0744256760657358,0.106931226914088,-0.0235124129564825,-0.0234588555493242,0.0349793086015435,-0.168211347298877,-0.228720125169094,0.0555581052405244,0.00272458747036639,-0.0619948371580823,0.150724809429331,0.0585555998790703,0.0857095202422958,1,-0.0520086996393838,-0.0669220463571192,-0.0226804654132961,0.0234788562451458,0.0495338533768818,0.0689655935475974,-0.0304600498670292,-0.131975027793638,0.204528285885521,0.102079249955991,-0.0511006776821166,-0.0912534867231741,-0.144462642507834,-0.0664905055473935,0.131400133496912,0.0365968873750665,-0.0309963500361047,0.100817766914889,0.111060865017291,0.0486630129591972,0.106797842446788,0.0643540313283076,0.0995132347069178,0.0104987838687574
"35",0.116680656108233,0.248368168854775,0.00121399680401916,-0.0306223180248488,-0.0391281427496026,0.0230115904541217,0.328270439170365,0.144149676564091,0.0603520604627477,0.16804689562183,-0.114642981947362,0.0907296191159506,-0.0372230194607156,0.270148539650942,-0.0927505570540925,0.146341717959268,0.21325091114259,0.118896216369175,-0.147358460078654,-0.064810602891345,-0.236590785591011,-0.146862512800619,0.141509942674809,0.0184630717274243,-0.0713772649958081,-0.0282646683248346,-0.0900757716469117,0.163344467764838,0.034353496490711,-0.197738994241602,-0.015212239177505,-0.176399482868571,0.103181452941138,-0.0520086996393838,1,0.23310004705552,0.153900586142445,-0.0407953826021099,0.0930174488404781,0.179089010630736,-0.153528149002396,-0.164773628886902,-0.00326800121831694,-0.227446196260405,0.0296512557122465,0.0751883397962619,-0.29901474942719,-0.0593366693174118,-0.0365352964142209,0.227462152524558,-0.029232374225104,0.0431054601650988,0.00299978380045263,0.210766951312873,-0.0428351911615792,-0.239856422904578,-0.124706136737584,-0.25354438918617
