"","l_Insular.Cortex","r_Insular.Cortex","l_Amygdal.Area","r_Amygdal.Area","l_Bed.Nucleus.of.the.Stria.Terminalis","r_Bed.Nucleus.of.the.Stria.Terminalis","l_Hippocampus","r_Hippocampus","l_Orbitofrontal.cortex","r_Orbitofrontal.cortex","l_Entorhinal.Cortex","r_Entorhinal.Cortex","l_Frontal.Association.Cortex","r_Frontal.Association.Cortex","l_Globus.Pallidus","r_Globus.Pallidus","l_Glomerular.Layer.of.the.Accessory.Olfactory.Bulb","r_Glomerular.Layer.of.the.Accessory.Olfactory.Bulb","l_Glomerular.Layer.of.the.Olfactory.Bulb","r_Glomerular.Layer.of.the.Olfactory.Bulb","l_Granule.Cell.Level.of.the.Cerebellum","r_Granule.Cell.Level.of.the.Cerebellum","l_Hypothalamic.Region","r_Hypothalamic.Region","l_Entorhinal.Cortex","r_Entorhinal.Cortex","l_Vermix.Molecular.Layer.of.the.Cerebellum","r_Vermix.Molecular.Layer.of.the.Cerebellum","l_Lateral.Molecular.Layer.of.the.Cerebellum","r_Lateral.Molecular.Layer.of.the.Cerebellum","l_Anterior.Olfactory.Bulb","r_Anterior.Olfactory.Bulb","l_Posterior.Olfactory.Bulb","r_Posterior.Olfactory.Bulb","l_Subiculum","r_Subiculum","l_Perirhinal.Area","r_Perirhinal.Area","l_PreLimbic.System","r_PreLimbic.System","l_Primary.Cingular.Cortex","r_Primary.Cingular.Cortex","l_Primary.Motor.Cortex","r_Primary.Motor.Cortex","l_Retrosplenial.Cortex","r_Retrosplenial.Cortex","l_Secondary.Cingular.Cortex","r_Secondary.Cingular.Cortex","l_Secondary.Motor.Cortex","r_Secondary.Motor.Cortex","l_Striatum","r_Striatum","l_Ventral.Tegmental.Area","r_Ventral.Tegmental.Area","l_Substantia.Nigra","r_Substantia.Nigra","l_Thalamus","r_Thalamus"
"1",1,0.214346302794094,0.0368120829113639,0.0112515148857749,0.123516639233851,-0.0900922930698772,-0.0392266478112185,0.0134132057944757,0.317731573523221,-0.050026792988648,0.286384366819877,0.161833374612907,0.0992789619225456,-0.0387361532852958,-0.0893446621491268,-0.0907961757019571,0.0280630815127969,-0.0536756040004712,0.0547558325264386,-0.0671615655924385,0.17009473100451,-0.113386990488342,0.144731257701025,-0.0935473334466677,0.195475502625313,0.0149203109988889,0.0487021059409264,-0.0678049241195451,0.154574041533389,0.151683498777165,0.176654518861168,-0.038524535565258,0.289030218766179,0.0940606872264244,-0.192555032584441,0.0617750423495143,-0.0824620530650914,0.182042043262351,0.152278033058808,0.0990813037805272,-0.0831491539330266,-0.259967491904625,-0.148127030890525,-0.280171699787747,-0.210107959085754,-0.0873248979379315,-0.019372722977353,0.0667880894140299,-0.119281904207795,-0.257247970146614,-0.00137991247970647,0.2398883733074,0.11246193176902,-0.119758235828124,0.179881901470655,0.0203788188408228,-0.094915159727261,0.0211011005154278
"2",0.214346302794094,1,-0.047083819712397,-0.123235696157811,0.0190086285199786,0.131826920237164,-0.20935655292303,-0.218930885208132,0.207588210722575,0.256757881824108,0.0401776182432043,-0.0360290803040531,0.0568154236196497,0.0485224245297101,-0.0804730318154614,0.15356875488899,-0.124537521916281,-0.0809172253725201,-0.0240273493321324,-0.216686363599206,-0.0397304064791681,-0.0945486590673152,-0.00752996125031121,-0.155073981777331,0.0738494347251151,0.0387601535130537,-0.216124898638394,0.0320941853662694,0.0790637106620653,0.0441118186081485,-0.0416100223895292,-0.138901344897144,0.0200359966195584,0.0233469215651304,-0.139059866426955,-0.0894667359483553,0.0150409604638704,-0.000447396635912,0.143031888660995,0.174470850546536,0.0994080555121919,0.0257433306565999,-0.0797275813011808,-0.0763646055226588,-0.219723711033687,-0.123343532249756,0.0272238860740838,0.0294294945405086,-0.0413684357957883,0.00726751125731869,0.147848490679261,0.217417153560495,0.0682747090014416,-0.161990054749273,0.0221935452247586,0.106191840004222,0.0901585751096602,0.13186792130374
"3",0.0368120829113639,-0.047083819712397,1,-0.0964148418969828,-0.0395780014004493,0.0633415339903568,-0.0230598405837781,0.0263021685085673,-0.0994033454011612,-0.186316923434304,0.262640389158359,-0.0884988763329261,0.00576194061109982,0.136241679845554,-0.0239962770622322,0.0180635234636805,0.215265468798937,0.110117349321018,0.0570951104250556,0.105524173835219,-0.0548865950210043,0.0188113957228283,0.10963511297207,0.0648725925807049,0.139079896861141,-0.1037812988703,0.0658359021599131,-0.0374884545727042,-0.184772820554107,0.045886392299652,-0.00282910119808282,0.00338640265933726,0.0300053421804675,-0.00269669899129414,0.0869947220432013,0.0426924778286294,0.0690795717944086,-0.155903257137326,-0.112272891170323,-0.18224203573572,0.0167452372168739,0.0306050613204087,0.0600026746884693,-0.0113770128502089,0.0194661043510206,0.0963071925117904,0.012219087187736,-0.0327988867615615,0.124937217595384,0.117823789884084,-0.10697700098926,-0.0221434207017372,0.117734695843898,0.0474664707588392,0.0422918847063043,-0.0190373325545007,-0.152040967368042,-0.0924562039377409
"4",0.0112515148857749,-0.123235696157811,-0.0964148418969828,1,-0.0437234022853283,-0.234392000883343,0.0945012150780873,0.151341247022775,-0.128051600243787,-0.0132443542895147,0.110390135450868,0.180286197517209,0.124350401652395,0.025167229581446,0.103251698927815,0.0106243574885959,-0.0781024000872485,0.089623113733381,-0.0741309269693936,0.164520986537865,0.144483082125772,0.155321083512637,-0.1333524453875,-0.0959450446350026,-0.0945532080712638,0.0856982578472993,-0.0720837801462181,-0.125134322034222,0.0129995232631029,-0.0649642919119405,0.00488302536179114,-0.0844862246281498,-0.075445052063276,-0.0364151513566858,-0.0121475031432672,0.0341253207207014,-0.0632633815025895,0.0822221607006986,-0.10763768734136,0.0859599702463207,-0.288023235166447,-0.300782019709867,-0.0921803967460323,-0.0288329968017945,0.17055486290462,0.111736591507889,-0.306170294129573,-0.222340139847931,-0.090123111293268,-0.0115506688973416,0.157257886666834,0.0991968197594451,-0.0758721317054476,-0.136616543228445,-0.137857260167793,-0.0277542424295848,-0.067079822954403,-0.151597079815637
"5",0.123516639233851,0.0190086285199786,-0.0395780014004493,-0.0437234022853283,1,-0.0621556643045604,-0.0147406538928689,-0.0736679986997997,0.0960690002616675,0.0968166518177416,0.110105782919858,-0.0526281914495257,0.142342184111764,-0.0479781149413221,-0.151491702164857,-0.0331620696278292,0.128270296157956,-0.0381110849407521,-0.0683978407403632,-0.0255808672740701,0.0346221245794473,0.0351437120818604,-0.00199610408373017,-0.0177565186855354,0.00747512078914588,-0.0448840136968035,-0.0945145957882595,0.0360435563501052,0.0114319231528349,0.190860409342084,-0.0203737515095361,-0.0400311648791125,0.057506962618644,0.0459619228370299,-0.141322613040783,0.131445358762601,0.0864296941779584,0.0407094096415613,0.118753740992153,0.13700738148463,0.0262961797881399,-0.0227286093425524,0.00117942092887999,-0.155647805697773,-0.123631892379127,-0.144840086107511,0.207952023661556,0.0792098191627002,0.0710889794026688,-0.250048331699818,0.150395465610135,0.0327990405736404,-0.0659463504850031,-0.0101356699421382,-0.0279207419782293,0.114470098258562,0.0898693354890235,0.153456538826924
"6",-0.0900922930698772,0.131826920237164,0.0633415339903568,-0.234392000883343,-0.0621556643045604,1,-0.135149917092483,0.0174856480844756,-0.0257037823958368,0.0521320751420708,0.0304862966648821,0.0765395180822429,0.109515510040606,0.204118175322359,-0.0835237307986625,-0.100152021735103,0.172994112241999,0.0435588636756116,-0.092746675491082,0.0179214504751764,-0.168661823070942,0.0159934966703305,0.0606167743410149,0.0753870433807388,-0.0356383436704851,-0.0445847401042952,0.119759047741285,0.139935763622656,-0.0281033316660189,0.0816541660483369,-0.055773858964716,0.071557852112109,0.11930399521694,0.112049524059703,0.103526658118905,-0.0261172450858269,0.130012778044822,-0.00862281953661426,0.109311083365537,0.0558159573772331,0.179949556103796,0.0833716127675272,0.0279839387508914,0.184501452403619,-0.0935358021267435,-0.065821947536883,0.0230293885451136,-0.0070771095179365,0.098268742598392,0.118863057133155,-0.195484997450787,0.161705604620082,0.0501839066467378,0.138386289422581,0.0773398760826921,0.0611172199552536,0.0587278682985648,0.231609486014601
"7",-0.0392266478112185,-0.20935655292303,-0.0230598405837781,0.0945012150780873,-0.0147406538928689,-0.135149917092483,1,0.183740637858927,-0.0794899490185465,-0.227404914095317,-0.0418370489343591,-0.113207400330305,0.0365131051973795,-0.141815245318531,-0.0737752592461255,-0.145558532093104,-0.128260822493965,0.0362688817393498,-0.0185601149326941,0.0171235161205142,0.0724445367285473,-0.00334151829802604,0.0526270221445672,0.191271319140043,0.241980038937985,0.113024922128652,0.0906773104979725,-0.0794626762505088,-0.261221998176576,0.0816319176473457,0.122045062087784,-0.0168452603536018,-0.0417662012077785,-0.204041899613722,0.263962697493696,0.0961196313640024,0.090765675822979,-0.00457036174678268,-0.0415035231799003,-0.073360445098814,-0.00409205104684187,-0.0221704915073579,-0.202633945828144,-0.108429372140785,0.220407282516483,0.155208476035672,-0.112718221326144,-0.104030714908,0.224707833016582,-0.0892743191275353,0.0718249937545077,0.105432147908784,0.116182850503863,-0.0394172815602635,0.00916767913867171,0.0767358884128584,0.125846339756683,0.0598570743794429
"8",0.0134132057944757,-0.218930885208132,0.0263021685085673,0.151341247022775,-0.0736679986997997,0.0174856480844756,0.183740637858927,1,-0.247951818027935,-0.246400114874993,0.0228300823285057,0.020732744733426,-0.012018396697095,0.0794910611273775,0.00725459049999064,-0.0601471818200713,-0.0148181485851253,0.156031384532197,-0.0441946173894976,0.107579902983646,0.0164099173841491,0.0589178576921085,-0.164733549053987,-0.0409889188358414,-0.0260302775991641,-0.00311095642809554,-0.00774797500026518,0.00777461922367391,0.0560802822852359,0.0171014697623892,0.0510824448051833,0.0194168661693173,0.120541629611771,0.171909174488755,0.133251765793713,0.465968143018178,-0.0337534079220742,0.388200410455411,0.136652813892268,-0.018853423931079,0.0980771666006419,-0.206963068861854,0.04488905862569,0.0566546665819813,0.0264548539819994,0.0775152018915223,-0.0612458084769606,-0.00143741261411248,0.11743849959931,-0.0513070725342074,0.0855957458158692,0.138914711321776,0.139826379387985,0.0656588767575727,-0.0684421988972455,-0.0290957555451581,0.0905264991384779,-0.301132172925429
"9",0.317731573523221,0.207588210722575,-0.0994033454011612,-0.128051600243787,0.0960690002616676,-0.0257037823958368,-0.0794899490185465,-0.247951818027935,1,0.404964430326705,-0.0590595101591985,-0.0255609832425869,0.122757747276102,0.195078521801448,0.121580794945364,0.0404128382667365,0.104680998011646,-0.0562562000605471,0.0114539695708747,-0.233588814367279,-0.115109743690656,-0.141019308182092,-0.0460446078759593,-0.0348055347081473,-0.0710340582177339,-0.237551655391598,0.0349969015384528,0.0649664005822573,0.00854814287396399,-0.0509703970719918,-0.0460635995062023,-0.00878819853289249,0.0141780897618413,-0.0550514519618241,-0.0673416553066621,-0.216121334800574,0.0384142182612299,-0.150594866535311,-0.0702554611782899,0.0205772463023598,-0.0872962271056067,-0.0756152667505286,0.00893103773640117,-0.0230719010843771,-0.328201771771607,-0.274979833164326,-0.0269817762931794,0.0874673838116814,-0.176982883564138,-0.0168301432305417,-0.0388608774594885,0.252660928024895,0.0713651003749345,-0.155139060463199,0.127856024179008,0.157723795865577,0.0342035328297608,0.153531155331222
"10",-0.050026792988648,0.256757881824108,-0.186316923434304,-0.0132443542895147,0.0968166518177416,0.0521320751420708,-0.227404914095317,-0.246400114874993,0.404964430326705,1,-0.23653160077826,-0.0636678685188154,0.0793358200194187,0.0944051614524686,0.137353044780151,0.0860259961229169,-0.0152958282883468,-0.162081861487271,0.0551848002967073,-0.0287857657932694,-0.0354368901048829,0.0171348691690548,-0.0793635126796541,-0.157985485578452,-0.270999547336826,-0.356802834094368,-0.210951873468544,0.0567850582497502,0.0756679657104188,-0.00795140760129595,0.00070838549880108,-0.0345423784808349,-0.154019344921117,-0.115525772983846,-0.278493086156287,-0.141986224349313,-0.146714091195625,-0.0842447371070748,-0.20010891302963,-0.0294645618603347,-0.0883134403054822,0.0162505089745397,0.126498455287877,0.362308707902761,-0.299457518512385,-0.167813914402064,-0.042562426434863,0.0380939170614709,-0.203439289771265,0.163090309480411,-0.0685943855388766,0.0457059099631976,-0.11087833091715,-0.15008867683711,0.0705258214477575,0.0502707980580711,0.00572846873980025,0.182514393127271
"11",0.286384366819877,0.0401776182432043,0.262640389158359,0.110390135450868,0.110105782919858,0.0304862966648821,-0.0418370489343591,0.0228300823285057,-0.0590595101591985,-0.23653160077826,1,0.250672446422019,0.120567990977446,-0.0317116384880101,-0.0117382385262489,-0.0815285980330605,0.105104591583506,0.0757628109781714,0.0469384333622606,0.0375638453296916,-0.120727511365636,0.156439798708125,-0.0173010768483956,-0.0434903789013299,0.190506151213378,0.133263246490029,0.157739636785646,-0.0794545254960261,0.0606080914817932,0.0402151638595551,0.0932145994781802,0.0619980476955522,0.350032904679164,0.154773458859293,-0.127930934228096,0.0401084945011729,0.175032175081449,0.0331090938028443,0.154469114374124,0.238318801698952,-0.022869221064149,-0.0516204170535273,-0.130777633210802,-0.325889521430404,-0.0212623141211415,0.0576145123390662,0.0351077070131204,0.0178419942865859,-0.124487237994274,-0.194030657750562,-0.0734372109953538,0.0629771714255302,-0.0716712234773897,-0.249674433871969,0.0580260603524162,0.053958878351027,-0.167369840845229,-0.109853122876308
"12",0.161833374612907,-0.0360290803040531,-0.0884988763329261,0.180286197517209,-0.0526281914495257,0.0765395180822429,-0.113207400330305,0.020732744733426,-0.0255609832425869,-0.0636678685188154,0.250672446422019,1,0.207730344043835,0.0404161478661791,0.166104824994462,0.010533581255376,0.198596895910182,0.10123513401602,-0.247251577341296,0.0672468667992486,-0.144516849541912,0.0840257153274049,0.0150771909719193,0.0253783969795178,0.0357037929775573,0.0734524498660423,0.0766236144981085,0.0397475691112497,0.175801081139335,-0.0559941605094857,-0.0152084504796976,0.191119325226766,0.361296862948566,0.234353373704364,0.0221053270243146,-0.170477709182179,0.0841139009729573,-0.00046117121551456,0.17512927518197,0.152898624448187,-0.16566853747796,-0.162768954706392,-0.241889881406779,-0.277232943583101,0.00508936588278954,0.106862038927035,-0.0686007153958191,-0.0863828376021101,-0.114392124310441,-0.0372871730083746,0.0134270734536793,0.137190940294446,-0.10507552480616,0.0200666451370963,0.0363173648592532,0.0943369224865585,-0.233855535333991,-0.0778508221185127
"13",0.0992789619225456,0.0568154236196497,0.00576194061109982,0.124350401652395,0.142342184111764,0.109515510040606,0.0365131051973795,-0.012018396697095,0.122757747276102,0.0793358200194187,0.120567990977446,0.207730344043835,1,0.385106876671544,0.0709724012109266,-0.0493792291802956,0.17850524700016,0.289402066211063,-0.161194839866527,0.0963841379594182,-0.283424445987243,0.300212899151074,-0.0904305900551883,-0.184917167380452,-0.0134780161830851,-0.124668395201354,-0.017652487549887,0.10223380512699,0.0400753747667838,-0.0023203995607244,0.0902981174899467,0.120426711927948,0.153134533457709,0.111115646185355,0.0665230961724333,-0.0884540581131306,0.0236476444253008,-0.00644960781158042,-0.0429616616710593,0.00814980168794874,-0.0537772287917922,-0.144520298979576,-0.113499409456619,-0.0182502104797941,-0.0409853274595003,0.0717665474448627,-0.14081881475698,-0.110403315708414,0.161641801559612,0.280389520458733,0.031299985642215,0.263716735234421,0.0280979609410695,-0.130356939536123,-0.0977566377542204,0.0341454350500284,-0.120304801861946,0.0806021052082059
"14",-0.0387361532852958,0.0485224245297101,0.136241679845554,0.025167229581446,-0.0479781149413221,0.204118175322359,-0.141815245318531,0.0794910611273775,0.195078521801448,0.0944051614524686,-0.0317116384880101,0.0404161478661791,0.385106876671544,1,0.216753128804294,0.124255326034864,0.457579249392688,0.538466015539783,-0.123244947716118,-0.0467952102690117,-0.202039272278341,0.107119579413201,-0.014181880383832,-0.0518150708282736,-0.177017663069031,-0.129362994048831,0.12436632656332,0.0986421238425277,0.0932785800714105,0.0657780013005488,0.0371943212592348,-0.0347208220561136,0.0512064256174006,0.341774368613666,0.18581087914622,-0.0152309857255497,0.0832420344681557,0.0214277956138705,0.00634055774842979,0.101158313575777,0.0760474433257247,0.0136483917267344,0.19745516853482,0.100107543551183,-0.201303627683062,-0.0802167495644175,0.0831969195534333,0.0355965193685117,0.185777079156822,0.509526957625463,0.0551103140490117,0.139165455033532,0.103769179408931,-0.0787003236206059,-0.173396005307851,-0.00868624334284607,0.0374956612428084,0.101736350248112
"15",-0.0893446621491268,-0.0804730318154614,-0.0239962770622322,0.103251698927815,-0.151491702164857,-0.0835237307986625,-0.0737752592461255,0.00725459049999064,0.121580794945364,0.137353044780151,-0.0117382385262489,0.166104824994462,0.0709724012109266,0.216753128804294,1,0.0602402785534246,0.147435622880635,0.209628059585237,-0.218731701983079,0.122645070642861,-0.155818879890699,-0.0689836847918024,0.00701088209841486,-0.146035279385749,-0.0754057446740784,-0.1186907601056,0.00215214464564284,0.133584027687825,0.0766586069502216,-0.251350024707183,-0.116648345399986,0.142953904034157,-0.00585109367540714,0.172062096321194,-0.040363033280442,-0.201244650484214,0.157462826453453,-0.0935954630775629,-0.193814839325561,-0.0496763389783966,-0.155876242344359,-0.197813166032699,-0.0889521164673405,0.0204641074999252,-0.0913175267402656,-0.0866547689883943,-0.0758355709151149,0.124593319603833,-0.212083557033901,0.180913580521057,0.0268464412761361,0.161530335794441,-0.00179521079428695,0.19548687389389,0.113809293159305,0.156431866116107,-0.011532705867232,0.045631661314738
"16",-0.0907961757019571,0.15356875488899,0.0180635234636805,0.0106243574885959,-0.0331620696278292,-0.100152021735103,-0.145558532093104,-0.0601471818200713,0.0404128382667365,0.0860259961229169,-0.0815285980330605,0.010533581255376,-0.0493792291802956,0.124255326034864,0.0602402785534246,1,0.0443274176278229,-0.0663958887233666,-0.0424521942226989,-0.0454908405651028,-0.168417875409874,0.0157846684866937,-0.151312029117286,-0.074588614168194,-0.0309220297610544,0.176124895537269,-0.099698194131918,-0.241542497892052,0.0345160988187429,-0.0626316684222358,-0.092547981602551,-0.0800507866480692,-0.076398786480306,0.0534294714636076,0.0576756301145395,0.0576415692346908,-0.121335032115824,-0.0255386315549212,0.00689867433524446,0.0969255106416647,0.0583327862894276,0.034574679662007,0.0746503613110671,0.0671617603384067,-0.0860961290054104,-0.111514887000205,0.0706802285882674,0.119094804096876,-0.00033814962601945,0.147454162987624,0.163083923233241,0.0353968807428373,-0.00525838013316689,-0.0217671221553858,-0.195369624177536,-0.105169288412101,0.115660129339289,-0.0603103603618848
"17",0.0280630815127969,-0.124537521916281,0.215265468798937,-0.0781024000872485,0.128270296157956,0.172994112241999,-0.128260822493965,-0.0148181485851253,0.104680998011646,-0.0152958282883468,0.105104591583506,0.198596895910182,0.17850524700016,0.457579249392688,0.147435622880635,0.0443274176278229,1,0.331110801648271,-0.155120941918911,-0.00841605119894574,-0.0894654860233987,0.176485531148255,0.0166310157197238,0.0522292151849403,-0.133964476610691,-0.191186011225956,0.115101733488991,0.151165159267307,0.0378695926093703,-0.0816079515515183,0.0170885295296399,0.0279706692568257,0.182347885325063,0.0807840407745331,0.128499977587278,0.0559089374410083,0.105682995846479,-0.216860020851573,-0.0148079847292424,-0.0214247356736617,-0.176705892770553,-0.0908104544629668,0.158526332499335,0.00136379530877637,-0.191497125797828,-0.0238787680624614,0.0942150176380066,-0.0496061525402933,0.204713194203467,0.133425597745944,0.00469785079794836,0.0244995066890565,0.120040718642756,0.204763338615201,-0.0424943121809691,0.0145979604752644,-0.0664047683751465,0.16080448211303
"18",-0.0536756040004712,-0.0809172253725201,0.110117349321018,0.089623113733381,-0.0381110849407521,0.0435588636756116,0.0362688817393498,0.156031384532197,-0.0562562000605471,-0.162081861487271,0.0757628109781714,0.10123513401602,0.289402066211063,0.538466015539783,0.209628059585237,-0.0663958887233665,0.331110801648271,1,-0.149415688566592,-0.0681550325115318,-0.260727181472791,0.0512966874199014,-0.10672189614475,-0.00425710326621441,0.0593827233890357,-0.0575735984344036,0.112778090719949,0.213665264986226,0.063133502916519,0.0254096430983579,0.076883374618422,0.138476970503299,0.0948897116081795,0.219810515658876,0.265094917124803,-0.00581273381966844,0.189804206481982,0.110830586923947,0.0698133215636184,0.227489484591759,-0.0129835313336994,-0.0871790099815451,-0.13486891647747,-0.0718255176476891,-0.0768242598598135,-0.00332872426662882,0.0145271542492317,-0.0132263551981137,-0.0438050913429989,0.400919081814362,-0.0032149521914984,0.00285552323048088,0.0428366763765248,-0.0389791664918288,-0.136179700871703,0.191263523232463,-0.133464644486403,0.0493652607398395
"19",0.0547558325264386,-0.0240273493321324,0.0570951104250556,-0.0741309269693936,-0.0683978407403632,-0.092746675491082,-0.0185601149326941,-0.0441946173894976,0.0114539695708747,0.0551848002967073,0.0469384333622606,-0.247251577341296,-0.161194839866527,-0.123244947716118,-0.218731701983079,-0.0424521942226989,-0.155120941918911,-0.149415688566592,1,-0.0358398608808706,0.135068783244581,-0.126362845149119,-0.107238238308719,0.0273548501710276,-0.0807094264360785,-0.0370102498896019,-0.0163479415872271,-0.126904169620131,-0.218901102862998,-0.0136276433097774,0.36100047269949,-0.00461012968187939,-0.165041376358733,-0.091171132317788,-0.0489511526277656,0.132370202699911,0.0490163396780773,0.0965373135748333,-0.342672250121798,-0.1664093488393,-0.134326975089097,-0.0426957322624581,0.123534150302176,0.132418167836309,0.14414055223616,-0.0739568448224544,-0.173189299628236,-0.132699052469916,-0.13990899657037,-0.123331424648475,-0.0675093980861733,-0.00066876155784556,-0.269909354479616,-0.258483557026638,-0.040838204691586,-0.206023705820316,-0.0490251921625613,-0.235095555030786
"20",-0.0671615655924385,-0.216686363599206,0.105524173835219,0.164520986537865,-0.0255808672740701,0.0179214504751764,0.0171235161205142,0.107579902983646,-0.233588814367279,-0.0287857657932694,0.0375638453296916,0.0672468667992486,0.0963841379594182,-0.0467952102690117,0.122645070642861,-0.0454908405651028,-0.00841605119894574,-0.0681550325115318,-0.0358398608808706,1,-0.0288384941840007,0.0936920645596888,-0.0271606658493903,-0.0631755087157519,-0.0252816983414746,-0.0938080794823825,0.0285495172291547,-0.112569639500893,-0.0144392958253331,0.0312543712606888,0.0585432703458232,0.129113238871036,0.0475275797535599,0.13950548880123,-0.077131106281055,-0.0533943105360058,-0.0450336136295268,-0.126483928138949,-0.135081169156214,-0.184023570969856,-0.175804039237905,-0.255320849863692,0.0709681365265583,0.0339771662756856,0.0671408609071864,0.00361545495867859,0.00497160480865871,-0.0933474138547546,0.0151916442965405,0.00909015116189332,-0.0107538924535605,0.0589295888888599,-0.0650418560835179,0.123183933950312,-0.00579241266839151,0.0091518942604407,0.120242574483121,-0.049668583843168
"21",0.17009473100451,-0.0397304064791681,-0.0548865950210043,0.144483082125772,0.0346221245794473,-0.168661823070942,0.0724445367285473,0.0164099173841491,-0.115109743690656,-0.0354368901048829,-0.120727511365636,-0.144516849541912,-0.283424445987243,-0.202039272278341,-0.155818879890699,-0.168417875409874,-0.0894654860233987,-0.260727181472791,0.135068783244581,-0.0288384941840007,1,-0.0386223016515755,0.0756897878276313,0.00053068083075963,-0.0770309541492078,-0.0316572094432082,0.0718572027758609,-0.122814193315787,-0.0247499298395501,0.16560545123539,0.0536584905915401,-0.0653202448991094,-0.189605219545561,-0.138362417446729,-0.106274537740326,0.177798720940303,-0.132312434770777,0.10195717617613,0.0321000021352966,-0.00372902365772149,-0.0923444133531456,-0.0150855617326539,-0.0549899403486538,0.0331500635105755,0.0668619556457482,0.0279267835781826,-0.0516209782709729,-0.00186193431794047,0.0591756954271844,-0.24930304486021,0.122458936763262,-0.0934694522215581,0.0555931285693845,0.0604759764170066,0.0643650171455421,-0.339116656461907,-0.0163139664767949,0.0296377142082986
"22",-0.113386990488342,-0.0945486590673152,0.0188113957228283,0.155321083512637,0.0351437120818604,0.0159934966703305,-0.00334151829802604,0.0589178576921085,-0.141019308182093,0.0171348691690548,0.156439798708125,0.0840257153274049,0.300212899151074,0.107119579413201,-0.0689836847918024,0.0157846684866937,0.176485531148255,0.0512966874199014,-0.126362845149119,0.0936920645596888,-0.0386223016515755,1,0.00540348960702846,-0.0706495872736729,-0.0266342317064598,-0.0563269715352128,0.0165830586269538,0.0532869695308512,-0.15744151290254,-0.0626846509180769,0.11536433733575,0.0138530094268553,-0.13576611912184,0.00615959245316953,0.0528146877289075,0.161104095051055,-0.0523798564014185,-0.0729997409097163,0.0201949773342736,-0.00666729907807067,-0.0601838686227709,0.060717223597208,0.225647499414507,0.0292753026962718,-0.109189105289536,0.0870851964987631,-0.0567858864434496,-0.0273540220822293,0.207391310810546,0.145291752931064,0.0429463506634115,0.0133420517101323,0.0133049944695621,-0.00512291390067989,-0.07435711770647,-0.110223999743597,-0.0733620877639491,-0.124759750807983
"23",0.144731257701025,-0.00752996125031121,0.10963511297207,-0.1333524453875,-0.00199610408373017,0.0606167743410149,0.0526270221445672,-0.164733549053987,-0.0460446078759593,-0.0793635126796541,-0.0173010768483956,0.0150771909719193,-0.0904305900551883,-0.014181880383832,0.00701088209841486,-0.151312029117286,0.0166310157197238,-0.10672189614475,-0.107238238308719,-0.0271606658493903,0.0756897878276313,0.00540348960702846,1,0.190223556760123,0.216841068436126,-0.0466705314418414,0.156269208758259,0.179093359551244,-0.0317607901151071,0.0527820604182997,-0.114984353926202,0.105227964758096,0.04184517312247,-0.129095708606082,-0.0620938313969893,-0.0833061972624058,0.0103378518982932,-0.0736170980129418,0.11132086305479,0.0209069325379479,-0.0404580168989033,0.00254377785469939,-0.0230209198918983,-0.031980272404256,-0.0259962395817506,0.0744368257319774,0.00791703169954909,0.0553640645176928,0.0756238605543303,-0.139190326544817,-0.00818963502750832,-0.129866665065456,0.201831132176939,0.230945537856647,0.247875140720848,0.0308157166982743,0.0993204676559761,0.0511204285947858
"24",-0.0935473334466677,-0.155073981777331,0.0648725925807049,-0.0959450446350026,-0.0177565186855354,0.0753870433807388,0.191271319140043,-0.0409889188358414,-0.0348055347081473,-0.157985485578452,-0.0434903789013299,0.0253783969795178,-0.184917167380452,-0.0518150708282736,-0.146035279385749,-0.074588614168194,0.0522292151849403,-0.00425710326621441,0.0273548501710276,-0.0631755087157519,0.00053068083075963,-0.0706495872736729,0.190223556760123,1,0.0959917599388862,0.0614676362875506,0.196734126866019,0.175673767340392,0.0644732261782407,0.0222966641381305,0.0814274891583159,0.17733324892878,-0.0572245228973018,-0.213366934536755,0.161403965066375,-0.0519082982621634,0.0972229307806733,-0.0791284124323308,0.181182744492455,-0.139131843924216,-0.135289837269462,0.156037685577042,-0.0845858867817675,-0.0339392368545638,0.05759801378522,0.132878419610474,-0.0287978919922952,-0.139687608857411,0.0356744448692227,-0.00547226609629755,0.00733639621514844,-0.0800715382861545,0.0555431930243563,0.180695400219318,0.0803954705325142,0.070737430962685,-0.0159366965752763,-0.0422604484625217
"25",0.195475502625313,0.0738494347251151,0.139079896861141,-0.0945532080712638,0.00747512078914588,-0.0356383436704851,0.241980038937985,-0.0260302775991641,-0.0710340582177339,-0.270999547336826,0.190506151213378,0.0357037929775573,-0.0134780161830851,-0.177017663069031,-0.0754057446740784,-0.0309220297610544,-0.133964476610691,0.0593827233890357,-0.0807094264360785,-0.0252816983414746,-0.0770309541492078,-0.0266342317064598,0.216841068436126,0.0959917599388862,1,0.298693258806912,0.227654399615971,0.087928692940586,0.103614703837613,-0.017265661016281,-0.0338262825309405,0.0630962440387418,0.153534655418334,0.0700288638987938,0.0645159936591701,0.0995314548958411,0.210973217344019,0.0550688337299387,0.277636413588675,0.23414356777957,-0.0358064861941733,0.0926759815598149,-0.163409339893805,-0.220668800783241,-0.0106672768509676,0.162495482642638,-0.00593832639412846,0.137993429635709,0.0735417223254457,-0.144790159747411,0.200677309936722,0.153928994152666,0.087185285000176,0.0901303552477927,-0.259637047077999,0.104459992611595,-0.156774284782319,-0.0385696372718443
"26",0.0149203109988889,0.0387601535130537,-0.1037812988703,0.0856982578472993,-0.0448840136968035,-0.0445847401042952,0.113024922128652,-0.00311095642809554,-0.237551655391598,-0.356802834094368,0.133263246490029,0.0734524498660423,-0.124668395201354,-0.129362994048831,-0.1186907601056,0.176124895537269,-0.191186011225956,-0.0575735984344036,-0.0370102498896019,-0.0938080794823825,-0.0316572094432082,-0.0563269715352128,-0.0466705314418414,0.0614676362875506,0.298693258806912,1,0.0832145099720209,-0.0199383959108588,0.00647576422131254,0.0713155269544706,-0.107684093002699,-0.0300971336230226,0.0378832999010538,0.217737667050387,0.0512631217972388,0.127170236551195,-0.0696867010609575,0.230216631305783,0.261115329739066,0.236246356233941,0.212088280361534,0.273579808415307,-0.16653214978618,-0.279449945509066,0.218480472054964,0.0943245049721132,0.0662938645277852,0.0365933292209301,0.175526292204702,-0.0605133883300445,0.093315054599659,-0.0987552017848987,0.104883747885862,0.148875897096365,-0.183460978134991,-0.0370850586138652,-0.0441213769395273,-0.069425371484476
"27",0.0487021059409264,-0.216124898638394,0.0658359021599132,-0.0720837801462181,-0.0945145957882595,0.119759047741285,0.0906773104979725,-0.00774797500026518,0.0349969015384528,-0.210951873468544,0.157739636785646,0.0766236144981085,-0.017652487549887,0.12436632656332,0.00215214464564284,-0.099698194131918,0.115101733488991,0.112778090719949,-0.0163479415872271,0.0285495172291547,0.0718572027758609,0.0165830586269538,0.156269208758259,0.196734126866019,0.227654399615971,0.0832145099720209,1,0.259451208933746,0.130374981034388,0.155647627831866,-0.167692298792943,0.0427896825508702,0.129778987453318,0.123683677896377,0.19823017052974,0.0834664184832992,0.15915291066996,0.0402943827196191,0.0613909084874719,0.0721595791568978,-0.0155512513444041,0.0501658244413196,-0.103057244512032,0.0492114898918511,-0.0773170099883068,0.0319187669463821,0.0801810773950599,-0.118916929896272,0.23594517716828,0.0091661243558359,-0.0485488628136956,-0.0651934669672479,-0.105839187977946,0.00406079149323066,-0.0499997083014718,-0.0756917433477387,-0.068918047260797,0.0606498701157906
"28",-0.0678049241195451,0.0320941853662694,-0.0374884545727042,-0.125134322034222,0.0360435563501052,0.139935763622656,-0.0794626762505088,0.00777461922367391,0.0649664005822573,0.0567850582497502,-0.0794545254960261,0.0397475691112497,0.10223380512699,0.0986421238425277,0.133584027687825,-0.241542497892052,0.151165159267307,0.213665264986226,-0.126904169620131,-0.112569639500893,-0.122814193315787,0.0532869695308512,0.179093359551244,0.175673767340392,0.087928692940586,-0.0199383959108588,0.259451208933746,1,0.112113466625898,-0.0786178407075802,-0.0372785033975968,0.0171904083094582,0.0563177228426192,0.0409411032171676,0.00939721260564438,-0.0159162828865728,0.0809309414582761,0.0223099112961719,0.130392328403388,0.016486065875604,-0.0170841087926271,0.0864784294413304,-0.0277117070254843,0.152168856377079,-0.122704554452785,0.0256330052601802,0.0530965189298745,0.0571174686645092,0.0834734618882447,0.0846216043841004,-0.0313990841619415,-0.0739344711867795,0.0880701058769352,0.24811096364508,0.15287719416964,0.148759051234281,-0.150154287154651,0.215538069205096
"29",0.154574041533389,0.0790637106620653,-0.184772820554107,0.0129995232631029,0.0114319231528349,-0.0281033316660189,-0.261221998176576,0.0560802822852359,0.00854814287396399,0.0756679657104188,0.0606080914817932,0.175801081139335,0.0400753747667838,0.0932785800714105,0.0766586069502217,0.0345160988187429,0.0378695926093703,0.063133502916519,-0.218901102862998,-0.0144392958253331,-0.0247499298395501,-0.15744151290254,-0.0317607901151071,0.0644732261782407,0.103614703837613,0.00647576422131254,0.130374981034388,0.112113466625898,1,-0.0693885452895113,-0.0704393898115778,0.046703691995946,0.13585801179775,0.160005302154034,-0.0607582467943536,0.0197726052005512,-0.0838117296527404,0.0526137445892105,0.212853133188165,0.194255374006354,-0.0490358072541417,-0.0130690240687701,-0.0849823633882479,0.00225693802732888,-0.151149379768593,0.0297048195896517,-0.027706105522106,0.0287741850143715,-0.0169098297368848,0.083622307397328,0.0307879051438364,-0.0258293482869715,0.0116711340113747,-0.0403165498383302,-0.217734921958966,0.1373345135848,-0.179970732561652,-0.0403354630730103
"30",0.151683498777165,0.0441118186081485,0.045886392299652,-0.0649642919119405,0.190860409342084,0.0816541660483369,0.0816319176473457,0.0171014697623892,-0.0509703970719918,-0.00795140760129595,0.0402151638595551,-0.0559941605094857,-0.0023203995607244,0.0657780013005488,-0.251350024707183,-0.0626316684222358,-0.0816079515515183,0.0254096430983579,-0.0136276433097774,0.0312543712606888,0.16560545123539,-0.0626846509180769,0.0527820604182997,0.0222966641381305,-0.017265661016281,0.0713155269544706,0.155647627831866,-0.0786178407075802,-0.0693885452895113,1,0.0477410751475188,-0.023600214795397,0.220573969414648,0.148537343700847,0.0518102392234995,-0.0117751927434142,-0.133948933886444,0.0194095370616161,0.220254388578488,0.0389208912928472,0.255260658425227,0.153798346411714,-0.206500070752812,-0.0607098094521182,0.118196030931752,-0.0328018548247979,0.171080328625444,0.05723624870971,0.0934938941383663,-0.0456343215999875,-0.0167413509925393,-0.072179028518501,-0.00750528824809968,-0.103288440434315,0.150234706971356,-0.0370224543741294,0.0554467742470032,0.082858879850113
"31",0.176654518861168,-0.0416100223895292,-0.00282910119808282,0.00488302536179114,-0.0203737515095361,-0.055773858964716,0.122045062087784,0.0510824448051833,-0.0460635995062023,0.00070838549880108,0.0932145994781802,-0.0152084504796976,0.0902981174899468,0.0371943212592348,-0.116648345399986,-0.092547981602551,0.0170885295296399,0.076883374618422,0.36100047269949,0.0585432703458232,0.0536584905915401,0.11536433733575,-0.114984353926202,0.0814274891583159,-0.0338262825309405,-0.107684093002699,-0.167692298792943,-0.0372785033975968,-0.0704393898115778,0.0477410751475188,1,0.148025701354692,0.111999620941852,-0.0393759296625656,-0.0147997232607429,0.0967591744251195,0.0164449998728773,0.13513960020399,-0.118647488933743,-0.117327520684247,-0.196831753173194,-0.124792024559344,-0.0611186383432378,-0.183761351784782,0.121497203818892,0.0327047368605848,-0.145934617981592,-0.0708746708612563,-0.181324358036913,0.0164383536262183,-0.0578833936767397,0.0343198234809253,-0.0266307085603319,-0.119240747486774,-0.00668915238530402,-0.0328385976339851,-0.0133509487237109,-0.172221579744417
"32",-0.038524535565258,-0.138901344897144,0.00338640265933726,-0.0844862246281498,-0.0400311648791125,0.071557852112109,-0.0168452603536018,0.0194168661693173,-0.00878819853289249,-0.0345423784808349,0.0619980476955522,0.191119325226766,0.120426711927948,-0.0347208220561136,0.142953904034157,-0.0800507866480692,0.0279706692568257,0.138476970503299,-0.00461012968187939,0.129113238871036,-0.0653202448991094,0.0138530094268553,0.105227964758096,0.17733324892878,0.0630962440387418,-0.0300971336230226,0.0427896825508702,0.0171904083094582,0.046703691995946,-0.023600214795397,0.148025701354692,1,0.142455737152852,0.0365682328236416,0.0531685426679757,-0.0241956961901341,-0.0313528870399213,0.064104350771006,0.0920867931442437,0.0356660246322766,-0.021084785437807,0.113557504150467,-0.122394237428891,-0.190984019472887,0.127258987467207,0.18281673422616,0.0282445746176496,-0.152620192592068,-0.141038083934751,0.0848676749361106,0.0188568877306869,-0.0629451364507265,0.0969454384070563,0.112355773090916,0.157115725657864,0.109483710047421,-0.0457027009462513,-0.277476093432879
"33",0.289030218766179,0.0200359966195584,0.0300053421804675,-0.075445052063276,0.057506962618644,0.11930399521694,-0.0417662012077785,0.120541629611771,0.0141780897618413,-0.154019344921117,0.350032904679164,0.361296862948566,0.153134533457709,0.0512064256174006,-0.00585109367540714,-0.076398786480306,0.182347885325063,0.0948897116081795,-0.165041376358733,0.0475275797535599,-0.189605219545561,-0.13576611912184,0.04184517312247,-0.0572245228973018,0.153534655418334,0.0378832999010538,0.129778987453318,0.0563177228426192,0.13585801179775,0.220573969414648,0.111999620941852,0.142455737152852,1,0.264309880817937,-0.0437654883472275,-0.0796701828620589,0.151425052490344,0.17637910881674,0.17304948318315,0.0416999704593477,0.0408468981622227,-0.133337541416187,-0.176139027373468,-0.238433982612155,0.00019443793402883,0.123255459512186,0.0514910332967164,-0.0279432150430602,0.0777858464460544,-0.120417711738374,-0.0557048853060345,0.0669678677482095,0.064228444397153,-0.0302991496971005,0.0574668826791516,0.0703659598100517,-0.0384680779143803,-0.0138022917056003
"34",0.0940606872264244,0.0233469215651304,-0.00269669899129414,-0.0364151513566858,0.0459619228370299,0.112049524059703,-0.204041899613722,0.171909174488755,-0.0550514519618241,-0.115525772983846,0.154773458859293,0.234353373704364,0.111115646185355,0.341774368613666,0.172062096321194,0.0534294714636076,0.0807840407745331,0.219810515658876,-0.091171132317788,0.13950548880123,-0.138362417446729,0.00615959245316953,-0.129095708606082,-0.213366934536755,0.0700288638987938,0.217737667050387,0.123683677896377,0.0409411032171676,0.160005302154034,0.148537343700847,-0.0393759296625656,0.0365682328236416,0.264309880817937,1,0.104735424423997,0.0666441349226117,0.00950775934998204,0.185075168070331,0.127938584362403,0.116610851237124,0.223599842575413,-0.0829440180332209,-0.020615723273694,-0.136875422849487,0.0203467492750659,-0.112484052468018,0.156324883285071,-0.00277892492882574,0.0514485918867138,0.218455472075637,0.222492945435194,0.198043324562111,0.0987258460646622,-0.0348370867680914,-0.114096627456807,-0.00662812459712745,-0.0313945747247064,-0.107579756588804
"35",-0.192555032584441,-0.139059866426955,0.0869947220432013,-0.0121475031432672,-0.141322613040783,0.103526658118905,0.263962697493696,0.133251765793713,-0.0673416553066621,-0.278493086156287,-0.127930934228096,0.0221053270243146,0.0665230961724333,0.18581087914622,-0.040363033280442,0.0576756301145395,0.128499977587278,0.265094917124803,-0.0489511526277656,-0.0771311062810549,-0.106274537740326,0.0528146877289075,-0.0620938313969893,0.161403965066375,0.0645159936591701,0.0512631217972388,0.19823017052974,0.00939721260564438,-0.0607582467943536,0.0518102392234995,-0.0147997232607429,0.0531685426679757,-0.0437654883472275,0.104735424423997,1,0.0312599996445305,0.200743740739846,-0.185864402205172,-0.0169581805712922,-0.0961894027236942,0.144827357183632,0.089676134226951,-0.0681070827758402,-0.0368187644644721,0.131211666140375,0.129902039675985,0.0236163369769921,-0.00725960693571771,0.220840458119608,0.27164320116181,0.127556002443898,0.203241683715286,-0.0349634646631435,-0.0775179286451629,-0.0754103427421495,0.0367217250223728,-0.115557483068519,-0.00272043485436274
