"","l_Insular.Cortex","r_Insular.Cortex","l_Amygdal.Area","r_Amygdal.Area","l_Bed.Nucleus.of.the.Stria.Terminalis","r_Bed.Nucleus.of.the.Stria.Terminalis","l_Hippocampus","r_Hippocampus","l_Orbitofrontal.cortex","r_Orbitofrontal.cortex","l_Entorhinal.Cortex","r_Entorhinal.Cortex","l_Frontal.Association.Cortex","r_Frontal.Association.Cortex","l_Globus.Pallidus","r_Globus.Pallidus","l_Glomerular.Layer.of.the.Accessory.Olfactory.Bulb","r_Glomerular.Layer.of.the.Accessory.Olfactory.Bulb","l_Glomerular.Layer.of.the.Olfactory.Bulb","r_Glomerular.Layer.of.the.Olfactory.Bulb","l_Granule.Cell.Level.of.the.Cerebellum","r_Granule.Cell.Level.of.the.Cerebellum","l_Hypothalamic.Region","r_Hypothalamic.Region","l_Entorhinal.Cortex","r_Entorhinal.Cortex","l_Vermix.Molecular.Layer.of.the.Cerebellum","r_Vermix.Molecular.Layer.of.the.Cerebellum","l_Lateral.Molecular.Layer.of.the.Cerebellum","r_Lateral.Molecular.Layer.of.the.Cerebellum","l_Anterior.Olfactory.Bulb","r_Anterior.Olfactory.Bulb","l_Posterior.Olfactory.Bulb","r_Posterior.Olfactory.Bulb","l_Subiculum","r_Subiculum","l_Perirhinal.Area","r_Perirhinal.Area","l_PreLimbic.System","r_PreLimbic.System","l_Primary.Cingular.Cortex","r_Primary.Cingular.Cortex","l_Primary.Motor.Cortex","r_Primary.Motor.Cortex","l_Retrosplenial.Cortex","r_Retrosplenial.Cortex","l_Secondary.Cingular.Cortex","r_Secondary.Cingular.Cortex","l_Secondary.Motor.Cortex","r_Secondary.Motor.Cortex","l_Striatum","r_Striatum","l_Ventral.Tegmental.Area","r_Ventral.Tegmental.Area","l_Substantia.Nigra","r_Substantia.Nigra","l_Thalamus","r_Thalamus"
"1",1,0.192518676819042,-0.00550969733790975,0.0743284030760675,-0.113489088150607,-0.0995616846601062,-0.0579798645104079,-0.122018132689753,0.24519332990215,0.0391093964156487,0.105716849165705,0.0999400629560517,0.0709740366994596,-0.0690432099767042,-0.112003950990364,0.229385226318128,0.267994557528822,0.0407072012462806,-0.108927461534295,0.0876376539314272,0.220078472637113,0.00873766933805416,0.00503818030414736,-0.0582659177247729,0.00527821624081468,-0.00125442908286555,0.132952486693347,0.0426146864239409,0.0762775106081556,-0.0616820838033167,-0.0056928297889,0.202559747566916,0.16252089502557,0.225733597927792,-0.0714917764974924,-0.128817809974741,-0.305699919302891,-0.0178281793115192,0.169704764859376,0.259644335216571,0.00916286368869663,-0.0483540434124982,-0.0369089270465759,-0.165018550481104,0.141467668923871,-0.0691044470476458,0.0353071167742327,0.16134325839365,0.220022555769732,0.0421732492337071,0.143936529861458,0.117242414721132,-0.0696893228053717,0.0084914913591893,-0.0776233442821314,0.185331681924402,-0.0921831016008933,-0.164946289786893
"2",0.192518676819042,1,0.0547054145593972,0.12816297839186,-0.0381987494291086,-0.0648411877899542,0.058320344994005,-0.0604411059939385,0.0592398354413488,0.192934101585593,0.28687308629005,0.203780484461959,0.239647443899881,0.0343886127838575,0.134147739538594,-0.0559669178286482,-0.0928344592531892,0.0859173398844284,0.11095001762501,0.00637476363908426,0.0231671713934984,0.0228766307519442,0.00453988390202488,0.00486074000871099,0.104195026456409,0.117784497311181,0.0794684926868811,-0.134786483588647,0.0955659869345194,0.0755275898167772,-0.0326454221185152,0.0636636444443207,0.189514798311966,0.232173147555512,0.0587797474213895,-0.0460382258237023,-0.13164257437535,-0.0362065344235869,0.0407566121082301,0.146030128231473,0.0745090102781873,-0.17932109318994,-0.128957779957533,0.0554562848892583,-0.0855762927508449,0.0570122869195444,0.0240801668024702,0.0344902425412854,0.0414611366925812,0.0630819944621771,0.147908918060765,0.189688638901189,-0.0375726121561965,0.0279858405520472,0.0173001532316421,0.099218802340196,0.0326844834750772,-0.0400968819116105
"3",-0.00550969733790975,0.0547054145593972,1,0.139896729101872,-0.149728363552937,0.13860215964119,-0.108190291409639,-0.0554672139385689,0.0166741334152375,0.0914874260431912,0.260185118663289,0.114614352012463,-0.0426338894071587,0.0359969710442356,0.0229472383385173,0.0965794751052923,-0.0474544723701016,0.0727689521325618,0.116435246068463,0.00232556377480038,-0.0772929867200933,0.125306779392958,-0.0660379519501257,0.0553622729188277,0.11861627473977,0.0705286455040077,0.0601541733853897,0.002403437337503,-0.189591160334371,-0.00875413030717262,0.0378146017498004,0.0244357183537988,-0.003880907386198,0.221255317771913,0.0667986868825329,-0.0487973217974919,-0.210945534979653,-0.0786898535110149,-0.064029482013257,-0.168789197809027,0.0139437863050098,-0.025169226784685,0.179171903254767,0.130766529346233,0.036462144756723,0.127302138781516,0.0390396576596949,0.0285036076337686,-0.146850534881348,-0.116786114640045,-0.102301077780938,-0.0752022149837792,0.00485644648022795,0.0787257729496698,0.0285785159319107,-0.0899441741458268,0.0471480810820061,-0.0310541070921679
"4",0.0743284030760675,0.12816297839186,0.139896729101872,1,0.0368926802223394,0.101998480991896,0.0034503870309869,-0.0415661227810894,-0.0942465745302597,-0.019370667226234,0.00970763150655885,0.235326660330815,0.0781048669491318,0.111573772622072,0.0901869949873315,-0.0888256410774255,0.122016565759646,0.0835110737647163,-0.0268677999597185,0.0330014022878036,-0.0611908654590068,-0.0898544683929244,0.148779415066233,0.0044998094252044,0.138798262516435,0.0384669295916822,-0.0742645023814684,-0.0359561475644049,-0.0778633891588971,-0.0162171981278239,0.0236089805622056,-0.159608038023239,0.117030892265797,0.248875394315959,0.0137454128338688,0.123167104969431,-0.00946183563412813,0.0797903608808056,0.0314302102227833,-0.0594917450360868,0.0992263218418353,-0.284654244232406,0.13954774937061,0.232887304614738,-0.013258174089603,-0.0210146915349417,0.0192819232565236,-0.0486390486480896,0.0689810136855421,0.00277735943107442,0.0347599636851957,-0.00181787204143361,0.0628132905493258,-0.131160454945448,0.0250095883993485,0.0341408437292047,0.0775678458174138,0.0771474960069319
"5",-0.113489088150607,-0.0381987494291086,-0.149728363552937,0.0368926802223394,1,0.0662974425011298,-0.0844906968389719,-0.135834679495685,-0.0339903457525881,-0.014466925883007,-0.188588406288803,-0.0058118583731547,0.041121061480497,0.0347207566409838,0.115797237532943,-0.0365258145826528,-0.0639921249327935,-0.0271924899460584,0.012775370325455,-0.253772224040486,-0.0615938455692343,0.00654418361275065,0.107791599598413,-0.153817575064833,0.00554973749569568,0.0368888941670604,0.0383654324258552,0.0519108144768498,0.271709251870555,-0.193423713808707,-0.0387863062493814,-0.125071148098494,-0.0436342735265416,-0.0103888447552355,-0.0779902452733937,-0.0338907306655429,0.138850526916372,-0.0700384847007359,-0.176325568718454,0.0262600292200654,-0.0990586604549119,-0.189807211935472,0.10322853787816,0.00447536111047991,-0.0761584388927882,-0.096016100146457,0.0517962793654577,-0.00077838920254321,-0.0495164319293436,-0.029245249218439,0.152403467181907,0.0763145960882983,0.0937387588708473,-0.0923624971281648,-0.100608988375715,-0.129784273706351,0.130907117830699,0.0601031753327113
"6",-0.0995616846601062,-0.0648411877899542,0.13860215964119,0.101998480991896,0.0662974425011298,1,-0.0380169001388512,0.145496088521399,-0.279669275977752,-0.100060274012577,0.204547191333502,-0.0774937966280859,0.0136296714561023,-0.104177980279814,0.0387555829024536,-0.0430440482521173,-0.102093163742661,-0.203813074084107,0.0247415059602535,-0.047403755686781,0.0761776294967133,0.121728854656397,-0.0813316932033624,0.00117956264699245,-0.220402349219239,-0.0700311964101253,-0.033496033330475,-0.122272868612721,-0.0988399258543278,-0.0259413435704251,0.0616942476411892,0.0503529280145577,-0.216646888822408,0.128924057767316,0.0771044469273793,0.0945981728004924,0.0866338571542537,0.117506529631751,0.0868464191925926,-0.0261064291481531,0.214028407530557,-0.0331895582693421,0.18613640394847,0.0654354588747841,0.0456793246081869,-0.129682138564177,0.0338892269219165,-0.0879260600329127,0.132636097675144,-0.0563884749123324,-0.00743073420704993,-0.0932045938214743,0.102067283020826,0.240759903367438,0.144595594483448,-0.0828029615987677,-0.026473705153931,-0.0344356901348566
"7",-0.0579798645104079,0.058320344994005,-0.108190291409639,0.0034503870309869,-0.0844906968389719,-0.0380169001388512,1,0.0792335643687058,0.0973057144851332,0.102378314257174,-0.0789987433018639,-0.129272900126672,-0.0525338940455273,-0.230133698361718,-0.238823489558776,-0.0506480647688497,-0.226104541805148,-0.148917422609881,0.188882193176156,0.0190651857623257,-0.161388374276136,-0.0625291276105725,-0.0626396740883876,0.0551950700901016,-0.199944579759129,0.0727071798844718,0.0642425553300199,-0.028700880949409,0.0442028316459355,0.212332665154508,0.0292729262572806,0.159438931539645,0.0635287982427371,0.104070825180851,0.121034296115749,-0.0294294521574819,-0.0293044263733077,0.141859929662276,0.0119689617918968,-0.0450917033953026,0.0851628058779161,-0.0800392937510207,-0.0789160629808927,-0.0484437438620081,0.0271838492274308,-0.0105771679071988,0.0877574634193884,0.0708239449297595,-0.144628790825033,-0.0539148719544462,-0.152041851410076,0.0146393211421413,-0.00292186312270819,0.0231761854897209,-0.0455332291257313,0.0921848615429841,-0.0240928415090877,-0.0676925431612094
"8",-0.122018132689753,-0.0604411059939385,-0.0554672139385689,-0.0415661227810894,-0.135834679495685,0.145496088521399,0.0792335643687058,1,0.0072722579624926,-0.0218527295507631,0.0421997935277448,-0.0894521349592886,0.111225043850578,0.0313951040442502,-0.0643620245476704,-0.027291152079884,0.121137901708509,-0.123827050248503,-0.177575172295561,-0.147381992070404,0.0628376503455571,-0.0543916790231335,-0.0891803069213705,0.0140643537419005,-0.0920637626409214,0.0688960940744844,-0.0500813418433738,-0.131024443089378,-0.0700046858069601,0.0450286707360066,-0.150688703324278,-0.145764179368034,-0.0587174388260949,0.135843954870349,0.063594912353983,0.194031886066276,0.306621425386524,0.117071906673659,0.00503561486430737,-0.0407939730255878,0.212689832795938,0.1445464201381,0.0601772764703397,-0.0447260671228041,0.00608808804769208,-0.0953158976291032,0.16838784608879,0.0953442718797252,0.0970840291161356,-0.0264036327967069,0.0179921059278961,0.0688108951063064,0.0686118216144064,0.0839877075919728,0.00405980108138575,0.0613124881406847,0.00592408403360651,0.111582987206112
"9",0.24519332990215,0.0592398354413488,0.0166741334152375,-0.0942465745302596,-0.0339903457525881,-0.279669275977752,0.0973057144851332,0.0072722579624926,1,0.110559123645237,-0.0203845844705631,0.0729603580368014,0.151661151144501,0.00972227385098565,-0.095678263192424,-0.0174720182091145,0.0519055693595306,-0.117314338281815,-0.00783807369888047,-0.0943571197024868,0.0249929718712604,-0.106226416847038,0.0175199783825001,-0.0219783800402213,-0.10419117957253,0.114555645321835,-0.0109932564973711,0.0958297191851467,0.130818448612141,-0.108125902764865,0.0192601740474253,0.263149739544753,0.0848189454028775,-0.0132018122339458,-0.138495788873955,-0.168375317335551,-0.0982802666586827,-0.0664535965027236,-0.0251941508863377,0.085740404202095,-0.289204344216617,-0.270648525903337,-0.0551462160540327,-0.0884357242040451,0.0217520749876354,0.071553348783833,-0.25318242017112,-0.0937156242961284,0.0428825770556262,-0.0407088817967791,-0.0281109098156621,0.119342302319242,-0.183130105048583,0.117242579536901,-0.239648795673952,0.222322479554315,-0.135634372795574,-0.212700295081123
"10",0.0391093964156487,0.192934101585593,0.0914874260431912,-0.019370667226234,-0.014466925883007,-0.100060274012577,0.102378314257174,-0.0218527295507631,0.110559123645237,1,0.222197222528735,-0.099305704547057,-0.00678076404521742,0.0154752672876939,0.0505468312758687,0.0784753227123071,0.0346743267698416,0.0258254809953918,0.090111581144243,-0.052801035034985,0.0444949696101918,0.00098868803289437,-0.138142764615166,0.0404174301747287,-0.0937152469119278,-0.0632209378662098,0.0777301751125941,-0.0764578728359887,0.124240207169465,0.0936968233246192,-0.128930937456772,0.185090373309581,-0.00428304603186446,0.0378317347099301,-0.0952657229715439,-0.00147347927763874,-0.0988577761890346,-0.180515725974011,-0.108179729841822,-0.0925163533512808,-0.155500254092202,-0.101372081579687,-0.111618455546179,0.00558899010472543,-0.0803054939767824,-0.174005389458988,-0.079432701891771,-0.142491138550838,-0.0998280860631403,0.0581048480718159,0.010588779725699,0.090675339907016,-0.0891690126753955,-0.0287320340572436,-0.119566808714825,-0.0300962831503846,-0.0790273544991516,-0.00498534798028706
"11",0.105716849165705,0.28687308629005,0.260185118663289,0.00970763150655885,-0.188588406288803,0.204547191333502,-0.0789987433018639,0.0421997935277448,-0.0203845844705631,0.222197222528735,1,0.131947177009354,-0.0514723052043974,-0.0504832806283337,0.0329112165158826,-0.0591612770351036,0.0904124590509476,0.0144138028092402,0.086859326859183,0.110717569756001,0.0736994543430332,0.366607755870294,-0.167000088240552,0.00302393110185837,-0.185543979304413,-0.123858462289918,0.0994458235455509,-0.266989815748212,-0.19597615039758,0.176464910534519,0.0610621104900868,-0.00225741128711101,0.151257986403688,0.201820373540479,0.0808255625630717,-0.00540309116182948,-0.159406464019665,-0.130531910809599,0.15729048010339,0.0508057612365911,-0.0584961785160352,-0.0390914967995421,0.145271018897898,-0.085666334461865,0.0203478004654144,0.0972334676509387,-0.0999545141518071,-0.110729407347177,0.0147533109890478,0.0821789781713649,-0.123158029628195,0.0441882755515368,-0.0344962281918152,0.0386910779078972,0.176283553697174,0.0150336741710497,-0.0602369740455248,-0.0402909531662136
"12",0.0999400629560517,0.203780484461959,0.114614352012463,0.235326660330815,-0.0058118583731547,-0.0774937966280859,-0.129272900126672,-0.0894521349592886,0.0729603580368014,-0.099305704547057,0.131947177009354,1,-0.00608477791603943,0.169471498434471,0.0258717075039889,-0.183794263341174,0.0229992195299023,0.147493605201014,-0.101018982579785,-0.0779249599784475,-0.0892233487548776,-0.143677523294182,0.115569308852917,0.23982859197328,0.0850539664283756,0.059866120236399,0.119370692424027,0.0100714365054544,0.122038416170353,-0.0932102330951311,0.175270262176706,-0.0282766158306361,0.0249763329922251,0.218974489754782,0.0960904352561354,-0.010000593097069,-0.166233345625367,-0.286920185591123,0.105604546060796,-0.0290941504908935,-0.0857883402511197,-0.0358831171751249,0.0474881844412919,0.1855800651951,-0.0277137235280764,-0.119432021849761,-0.143869983292557,-0.0886295967278946,-0.0150242002816838,0.252328680682141,0.0512153680155557,0.128768732099495,-0.0390240778405252,0.097443438276044,0.0442822725545073,0.129244843320861,0.0220267892417697,-0.0260126329206331
"13",0.0709740366994596,0.23964744389988,-0.0426338894071587,0.0781048669491318,0.041121061480497,0.0136296714561023,-0.0525338940455273,0.111225043850578,0.151661151144501,-0.00678076404521742,-0.0514723052043974,-0.00608477791603943,1,0.120622142570581,0.163745547277929,0.0184215366230886,0.239324717126568,-0.135718550853764,-0.0194037732753042,-0.0892554019625916,-0.141487487768292,-0.0268169437022939,0.00611181853494719,-0.0616841426054119,-0.014785339461333,-0.105883636475555,0.0809856186062124,0.0714679669060308,0.116202090681634,-0.0906432067536379,-0.085497136084761,-0.159785310335879,0.090225762886626,0.0538291522694392,-0.109195523176445,-0.0395637746316857,0.0973662993915463,0.123119141103399,0.125484968079453,-0.0560047972924615,-0.100648906181374,-0.201971767218969,-0.036166708886476,-0.044275884248068,-0.0251075459757181,0.044563295140982,-0.089040700053201,-0.0344376238613899,0.412891476396363,0.0061436410187836,0.108540542712618,0.233206006593515,0.154437696540198,0.0996073592593921,-0.00722775628292086,-0.176828833672046,0.0841965820919126,-0.145933509461785
"14",-0.0690432099767043,0.0343886127838575,0.0359969710442356,0.111573772622072,0.0347207566409838,-0.104177980279814,-0.230133698361718,0.0313951040442503,0.00972227385098565,0.0154752672876939,-0.0504832806283337,0.169471498434471,0.120622142570581,1,0.185178401583922,-0.0719078211038895,-0.00077433998570305,0.330337930522613,-0.0991005627147319,-0.0918802443531317,0.0867200738077117,-0.0136744261953491,0.290563116726257,0.124513702929415,0.175032617629585,0.0495053422874489,-0.119436682264877,0.0828870276205742,-0.105280793367504,-0.138775737559423,-0.313495750824232,-0.151411003963526,0.127930696840436,-0.00946044561130961,-0.0436280649936169,0.0581289601981488,-0.0233754271777545,0.0172489703120045,-0.0520055417443196,-0.035874521706097,0.0634860079934767,0.137746584248651,-0.154927176792879,-0.105204999333693,0.127103894883126,0.0947073579587683,0.0876027839812655,-0.11473496646302,-0.116883874599961,0.286273126410126,-0.0625874461468376,0.0150704715663117,0.104267392812921,0.00656017199787506,0.0484182161797935,0.0551674310482183,0.0297497957502681,0.0365473232576601
"15",-0.112003950990364,0.134147739538594,0.0229472383385173,0.0901869949873315,0.115797237532943,0.0387555829024536,-0.238823489558776,-0.0643620245476704,-0.095678263192424,0.0505468312758687,0.0329112165158826,0.0258717075039889,0.163745547277929,0.185178401583922,1,-0.121367946191386,-0.00518185717327162,0.0539800676581057,0.0454224028134961,0.0758072510836306,-0.141842090508625,-0.0331992867467554,0.0716922447154838,-0.153036993031773,0.190662533324559,-0.060186974979154,-0.0117766128312726,-0.014165281531775,0.0372041509654544,-0.0682275945138058,0.052498749616137,-0.0790503373299463,0.0492183263268314,0.0400967426968787,0.0141765924175759,-0.0166147924766312,0.0354630349035811,-0.0984301903481654,-0.00562869649033205,-0.161485212029813,0.107527666621788,-0.0791749288353645,-0.0743425770040541,-0.0561846181156341,-0.167245840373121,0.222822729499628,0.104394283180586,-0.174352422075738,0.0754268044105915,0.0916409423627056,0.0215307428504688,-0.0509816092815394,-0.0652522570837959,-0.00567965160438522,0.045481144155659,-0.121086551132678,0.139042545149253,-0.134284388609592
"16",0.229385226318128,-0.0559669178286482,0.0965794751052923,-0.0888256410774255,-0.0365258145826528,-0.0430440482521173,-0.0506480647688497,-0.027291152079884,-0.0174720182091145,0.0784753227123071,-0.0591612770351036,-0.183794263341174,0.0184215366230886,-0.0719078211038895,-0.121367946191386,1,0.122504120795722,-0.0217215516597579,-0.0796082811159449,-0.0270522209789359,0.112588261307271,-0.0441815266476568,-0.0221967277170665,-0.0669557480793042,-0.0246764573965057,0.115249261830711,0.0245004748934948,-0.009342028260386,-0.0105084181314859,-0.106166189291412,-0.116783462435844,0.0284669132462906,-0.0389817418168591,0.0273470019977945,-0.0632064838202834,-0.0893284850631307,-0.0815298634926218,0.065023604917441,0.0440995729886888,0.0547091353937603,0.0491358649723451,0.140107943668903,-0.0739690003852696,-0.125277846751423,0.106562987936057,0.0168136481219446,0.15788422140153,0.167009249956001,0.115173580428684,-0.0275864691871663,0.0606677619188061,0.052465433544456,0.0247216868526425,0.123761571539833,0.0610927376559319,-0.00254565629429756,0.0418229015426196,-0.0573321396596923
"17",0.267994557528822,-0.0928344592531892,-0.0474544723701016,0.122016565759646,-0.0639921249327935,-0.102093163742661,-0.226104541805148,0.121137901708509,0.0519055693595306,0.0346743267698416,0.0904124590509476,0.0229992195299023,0.239324717126568,-0.00077433998570305,-0.00518185717327162,0.122504120795722,1,-0.0457398920449864,-0.0614954412910236,0.0768219458749493,0.102980948045442,-0.0147074334357991,-0.13378452671619,-0.112116432946912,0.0765351796204008,-0.00255446842294721,0.163611191515632,0.146723265014157,-0.0190553528796862,0.0780509230356588,-0.0387929835657151,-0.143193403377994,0.153689130018524,0.16558691719799,-0.179533103844983,-0.0681507661519593,-0.028151199533966,0.0220745104779982,-0.0232405405366478,-0.0847973274825815,0.0970310960182348,0.150852165587944,0.217738533979893,0.0457463070912357,0.0357518026518833,-0.0558660324345035,-0.0577461841616893,0.113773674051016,0.483312852051452,0.0951402357489239,0.0273021871639937,-0.052760739369982,-0.0286351565463999,-0.0302523414415823,0.112585403129619,-0.241343173769298,0.0534667902463565,0.00990083339712097
"18",0.0407072012462806,0.0859173398844284,0.0727689521325618,0.0835110737647163,-0.0271924899460584,-0.203813074084107,-0.148917422609881,-0.123827050248503,-0.117314338281815,0.0258254809953918,0.0144138028092402,0.147493605201014,-0.135718550853764,0.330337930522613,0.0539800676581057,-0.0217215516597579,-0.0457398920449864,1,0.0320411974106942,-0.00075909895523593,-0.11488781794586,-0.0285063552107741,0.201766820961778,-0.0354363766700611,0.0889088456062199,0.106447950158887,-0.148614162628,-0.014463816772456,0.0248205547469425,-0.156503975565216,-0.138699067473949,-0.106238542846432,0.157180548201424,-0.0395079994841662,0.0120186936739578,-0.0619720048966288,-0.0419744601483206,0.0386842567700375,-0.0304034121311888,0.155422443892712,-0.103509229620386,0.0330310070706215,0.074607349390038,-0.125504989396697,-0.0429442801438284,0.0729858055989527,-0.00365366252520391,0.076073926400387,-0.220325153259028,0.293601217748212,-0.0500129540616292,0.0231344558282993,-0.0432592783955077,-0.240733041596132,0.02206311537368,0.122122253606584,0.179705405329796,0.0627803223633732
"19",-0.108927461534295,0.11095001762501,0.116435246068463,-0.0268677999597185,0.012775370325455,0.0247415059602535,0.188882193176156,-0.177575172295561,-0.00783807369888047,0.090111581144243,0.086859326859183,-0.101018982579785,-0.0194037732753042,-0.0991005627147319,0.0454224028134961,-0.0796082811159449,-0.0614954412910236,0.0320411974106942,1,0.201660778118385,-0.0952133798112211,0.0848932385348419,0.0150887591333313,0.153296151535334,-0.0697656646142415,-0.128486786186416,-0.10912806738859,-0.023236007750846,-0.0496511587586389,0.126598819764507,0.364384992165321,0.227124727196407,0.014975163193053,-0.0372863449009535,-0.0448811673978606,-0.17712972869133,-0.0452719114933423,-0.0384851612443415,-0.092258499754526,-0.186164675827175,0.103692970017475,0.0297153455071798,0.0516441835397621,-0.0424803758020849,0.0014438524061284,0.233907057319295,0.0209398885692044,0.138370799715583,-0.0522036463109456,0.0860503696566909,-0.0578347136804711,-0.0108273068611061,0.00207879307709654,-0.125398265196312,-0.058832891844738,-0.0993509830297316,-0.0291972063278302,0.00443405459114731
"20",0.0876376539314272,0.00637476363908426,0.00232556377480038,0.0330014022878036,-0.253772224040486,-0.047403755686781,0.0190651857623257,-0.147381992070404,-0.0943571197024868,-0.052801035034985,0.110717569756001,-0.0779249599784475,-0.0892554019625916,-0.0918802443531317,0.0758072510836306,-0.0270522209789359,0.0768219458749493,-0.00075909895523593,0.201660778118385,1,0.163503986641557,-0.0164331349960935,0.124350331117407,-0.0950243704031001,-0.0154775371256522,0.0514770058196765,0.144780942738869,-0.0639542233791377,-0.136224254968752,0.134942653046649,0.244242478896522,0.280081035746905,0.0667002385896473,-0.131284127207887,-0.118289374080521,0.0531511430628871,-0.0155952603436327,-0.0355214042787099,0.00880560631605784,-0.103594777677902,0.0180228438952114,0.140872346588357,0.0969618841682291,0.0652365417851718,0.0518246481375314,0.270273959103258,0.0445373322229286,0.0563636310938969,-0.0609528717317345,-0.00046319791624151,-0.23404476374338,-0.0604079104620539,-0.0390240293063085,-0.14513407179728,0.0585047811350031,-0.12300997612663,-0.140529036916545,0.129306464544115
"21",0.220078472637113,0.0231671713934984,-0.0772929867200933,-0.0611908654590068,-0.0615938455692343,0.0761776294967133,-0.161388374276136,0.0628376503455571,0.0249929718712604,0.0444949696101918,0.0736994543430332,-0.0892233487548776,-0.141487487768292,0.0867200738077117,-0.141842090508625,0.112588261307271,0.102980948045442,-0.114887817945861,-0.0952133798112211,0.163503986641557,1,0.0899427573599767,0.129119523282185,0.116036911240193,-0.0241291852862093,0.0604684721427048,0.174182916944911,0.0441526041229497,-0.104742335121926,0.084238761808529,-0.101951535507906,0.0380081262224711,0.117617137010019,-0.0197010854707,-0.126701182696419,-0.0143097575908763,-0.146534164449562,-0.133207427401178,-0.0851237310658003,0.102455884538631,-0.00669852801138711,0.111408976057576,-0.0478935398662858,0.0853608446853196,0.110080629248069,-0.0776712204771653,0.0043107610129844,-0.00879682363552352,0.0577636518613013,-0.090647813883416,-0.0367983800366529,-0.00390821465228876,-0.163443998862036,0.00409693200450471,-0.108061614224164,-0.0164585053347123,-0.154153319786311,-0.108075635544102
"22",0.00873766933805416,0.0228766307519442,0.125306779392958,-0.0898544683929244,0.00654418361275065,0.121728854656397,-0.0625291276105725,-0.0543916790231335,-0.106226416847038,0.00098868803289437,0.366607755870294,-0.143677523294182,-0.0268169437022939,-0.0136744261953491,-0.0331992867467554,-0.0441815266476567,-0.0147074334357991,-0.0285063552107741,0.0848932385348419,-0.0164331349960935,0.0899427573599767,1,-0.0392300415719784,0.105469126295005,-0.174505271901863,-0.174185025166485,-0.0910690489840208,-0.033832652097654,-0.220286838209889,0.0972507495114614,-0.0236517890413465,0.0421559139951797,0.128021587389179,0.0252429961079283,-0.0698746470284169,-0.101168084277901,-0.193179646161372,0.112042292381789,-0.0112757046228317,-0.118526885675876,-0.13968255603106,-0.0419142152533748,0.121991845295101,-0.158900001763546,0.0122517594109141,-0.0164040160931051,-0.212529089097785,-0.282731013073352,-0.094070351317506,-0.0800506006906583,-0.0649677560293314,-0.141837067693787,0.0730733205907748,-0.0844608606846711,-0.0375380768973138,-0.112381307263058,0.212923616572259,-0.14735888943098
"23",0.00503818030414736,0.00453988390202488,-0.0660379519501257,0.148779415066233,0.107791599598413,-0.0813316932033624,-0.0626396740883876,-0.0891803069213705,0.0175199783825001,-0.138142764615166,-0.167000088240552,0.115569308852917,0.00611181853494719,0.290563116726258,0.0716922447154838,-0.0221967277170665,-0.13378452671619,0.201766820961778,0.0150887591333313,0.124350331117407,0.129119523282185,-0.0392300415719784,1,-0.0544364271168426,0.136072487523583,-0.0625814798605517,-0.101835823114183,0.087098724193529,-0.088296847202125,-0.20325043310153,0.155044837961602,0.00918003909281545,0.0734123064428523,-0.103860463339262,-0.0790273320797155,0.0260800858745165,-0.13968603183084,-0.0958688121676125,-0.107759044341363,0.00919849807340258,0.00549598706880367,-0.0875287556358967,0.0524908444389281,-0.169794453032495,0.123199986420008,0.0709179331329469,0.132429160100099,-0.0167837947360804,0.0884805340156744,-0.0521461296138474,0.0474168275040479,-0.0398196008137255,0.0259506064999865,-0.0907069015575606,-0.0168560710669464,0.122984309766806,0.0867755949632686,0.180380382652498
"24",-0.0582659177247729,0.00486074000871099,0.0553622729188277,0.0044998094252044,-0.153817575064833,0.00117956264699245,0.0551950700901016,0.0140643537419005,-0.0219783800402213,0.0404174301747287,0.00302393110185837,0.23982859197328,-0.0616841426054119,0.124513702929415,-0.153036993031773,-0.0669557480793042,-0.112116432946912,-0.0354363766700611,0.153296151535334,-0.0950243704031001,0.116036911240193,0.105469126295005,-0.0544364271168426,1,0.00657050220895925,-0.0684039155969828,-0.150668652042146,0.0820026435052638,0.00584257114530203,0.0702805243850497,0.0436533492128681,0.0188424414277718,-0.00952715997068319,0.0234370373352904,-0.0775417845727378,-0.0337629845649303,-0.00431095017199322,-0.0852741536338493,0.195579805927969,-0.0289996492453622,0.00065980511627623,0.0476505362229897,-0.122314547955088,0.100345208740018,-0.0502866507574187,-0.166481175438573,-0.0831835017731107,-0.0401539903481909,-0.186334855392235,0.144683374801362,-0.0077765637564094,-0.0201516693279608,-0.0679606888946901,0.02574110604417,-0.0572478664783751,0.150500178257268,-0.0339453898934932,0.0706390883253462
"25",0.00527821624081468,0.104195026456409,0.11861627473977,0.138798262516435,0.00554973749569568,-0.220402349219239,-0.199944579759129,-0.0920637626409214,-0.10419117957253,-0.0937152469119278,-0.185543979304413,0.0850539664283756,-0.014785339461333,0.175032617629585,0.190662533324559,-0.0246764573965057,0.0765351796204008,0.0889088456062199,-0.0697656646142415,-0.0154775371256522,-0.0241291852862093,-0.174505271901863,0.136072487523583,0.00657050220895925,1,0.157785153887689,0.0135827731174085,0.151064220758202,-0.0317103905050345,-0.138671717895673,0.0640858756365759,-0.135231526629437,0.0739126898464981,-0.0524012062859401,-0.0911944528403671,0.162448522484855,0.0711650989126724,0.0215760076850687,0.0918269169184766,-0.0414447939699938,0.0963377319651569,0.0812643103022228,0.0576269213334578,0.0130549499186709,-0.0314573958479866,0.107827748860444,0.184034636057363,0.133527211158644,0.0614792507807337,0.00910900860274984,0.0823291090790936,0.00142828136926983,-0.033755574223651,-0.126301879245822,0.0574167178433393,-0.0586199392842904,-0.0115683759008127,0.0148237143026093
"26",-0.00125442908286555,0.117784497311181,0.0705286455040077,0.0384669295916822,0.0368888941670604,-0.0700311964101253,0.0727071798844718,0.0688960940744844,0.114555645321835,-0.0632209378662098,-0.123858462289918,0.059866120236399,-0.105883636475555,0.0495053422874489,-0.060186974979154,0.115249261830711,-0.00255446842294721,0.106447950158887,-0.128486786186416,0.0514770058196766,0.0604684721427047,-0.174185025166485,-0.0625814798605517,-0.0684039155969828,0.157785153887689,1,0.141123953460873,0.0282302883859111,-0.0579296080777442,-0.0761130464592018,0.0771778118578435,0.0115423707079365,0.0627734572124559,0.102286679021786,-0.0735068186348368,-0.0501620634724514,0.194061071859944,-0.0547366305926315,-0.0342498150500457,0.203387952312902,0.137254136893725,0.127374324663238,0.140956075658844,0.107333403711981,0.0359140830589625,0.00942509866532004,0.0870932913479189,0.0994382723456856,-0.0470735613596807,-0.0244802009338714,-0.0574830520829933,-0.0395544938062279,-0.139313632601589,0.0500736632428441,-0.0910763302217316,0.0680119060844196,-0.0581347858640259,-0.12293196153443
"27",0.132952486693347,0.0794684926868811,0.0601541733853897,-0.0742645023814684,0.0383654324258552,-0.033496033330475,0.0642425553300199,-0.0500813418433738,-0.0109932564973711,0.0777301751125941,0.0994458235455509,0.119370692424027,0.0809856186062124,-0.119436682264877,-0.0117766128312726,0.0245004748934948,0.163611191515632,-0.148614162628,-0.10912806738859,0.144780942738869,0.174182916944911,-0.0910690489840208,-0.101835823114183,-0.150668652042146,0.0135827731174085,0.141123953460873,1,0.00589651923403463,0.0568973696943227,-0.00716457118970055,0.148910584374576,0.0185212743940853,0.0618840180124236,0.0976924373156713,-0.109191863574096,0.135271435009809,-0.00591648458086553,-0.0544681073207547,0.0220107652520252,0.0630413344941182,0.0232137408651098,0.134005889165429,0.234354748138723,0.101380633056393,0.134766355437251,-0.00852015514876524,0.120937524812701,0.114623900391081,0.311414860983379,0.0381319665134629,-0.10166060869079,0.0870194165103779,0.0260822933597484,0.149716065402912,0.0387510575724727,-0.100636798373584,-0.0738570208615056,-0.0476625293814854
"28",0.0426146864239409,-0.134786483588647,0.002403437337503,-0.0359561475644049,0.0519108144768498,-0.122272868612721,-0.028700880949409,-0.131024443089378,0.0958297191851467,-0.0764578728359887,-0.266989815748212,0.0100714365054544,0.0714679669060308,0.0828870276205742,-0.014165281531775,-0.009342028260386,0.146723265014157,-0.014463816772456,-0.023236007750846,-0.0639542233791377,0.0441526041229497,-0.033832652097654,0.087098724193529,0.0820026435052638,0.151064220758202,0.0282302883859111,0.00589651923403463,1,0.119695917137703,-0.00320396536870371,0.0592406313507659,-0.0422283900710199,0.161310813026703,0.0203423081699145,-0.212038075809589,0.0415400582910265,-0.194015236651049,0.00787768264718041,-0.0307353144699485,-0.117884841774975,-0.047192848537632,0.0146081395966621,-0.00400115775551812,-0.0274967945171406,-0.0454191045971252,-0.203840868680711,0.0070668151793671,0.0300477790074829,0.182556305833477,0.0784647103715549,0.018765254635119,-0.228571712256647,-0.0731415967333073,-0.2215274578109,-0.148737049393279,-0.122504143800088,-0.0915003749750861,-0.0533752966630955
"29",0.0762775106081556,0.0955659869345194,-0.189591160334371,-0.0778633891588971,0.271709251870555,-0.0988399258543278,0.0442028316459355,-0.0700046858069601,0.130818448612141,0.124240207169465,-0.19597615039758,0.122038416170353,0.116202090681634,-0.105280793367504,0.0372041509654544,-0.0105084181314859,-0.0190553528796862,0.0248205547469425,-0.0496511587586389,-0.136224254968752,-0.104742335121926,-0.220286838209889,-0.0882968472021249,0.00584257114530203,-0.0317103905050345,-0.0579296080777442,0.0568973696943227,0.119695917137703,1,-0.095824793553516,-0.105255249628732,0.00353851601458181,-0.0141390928099392,0.125887987962354,-0.0318328569951439,-0.0116258552725666,0.0981520773794629,-0.0270456371155566,-0.033145976694611,0.00016931359945486,-0.0566324713793645,-0.0346995461492663,-0.0470738716038366,0.090174830880616,-0.14464632822673,-0.155634714363473,-0.18989992662216,0.0686699962032718,-0.0009721832923322,0.249115272045761,0.0951454625952332,0.0547429660893677,0.0422517069912192,-0.121400240338599,-0.0153719090342256,0.0238724829851576,0.0142887017435751,-0.120295232088046
"30",-0.0616820838033167,0.0755275898167772,-0.00875413030717262,-0.0162171981278239,-0.193423713808707,-0.0259413435704251,0.212332665154508,0.0450286707360066,-0.108125902764865,0.0936968233246192,0.176464910534519,-0.093210233095131,-0.0906432067536379,-0.138775737559423,-0.0682275945138058,-0.106166189291412,0.0780509230356588,-0.156503975565216,0.126598819764507,0.134942653046649,0.084238761808529,0.0972507495114615,-0.20325043310153,0.0702805243850497,-0.138671717895673,-0.0761130464592018,-0.00716457118970055,-0.00320396536870371,-0.095824793553516,1,0.0449703122008098,0.149775724313477,0.094812502702722,0.101496297409053,-0.0424354152327589,-0.0832263276760387,-0.195081599496716,-0.134655165011038,0.0311997395478604,0.0404456699056523,0.176026978315984,0.1130277640168,-0.0629808275935991,0.046732817517377,-0.0107132676320048,-0.119667918320142,-0.0291677934352121,0.0492415233167364,0.0910071450349968,0.0112408824573499,-0.140959998715069,-0.0135105850585733,-0.0387983785278691,-0.0480556285237457,0.0718924920719203,-0.099622879818587,0.0300077363823887,0.100076091445993
"31",-0.0056928297889,-0.0326454221185152,0.0378146017498004,0.0236089805622056,-0.0387863062493814,0.0616942476411892,0.0292729262572806,-0.150688703324279,0.0192601740474253,-0.128930937456772,0.0610621104900868,0.175270262176706,-0.085497136084761,-0.313495750824232,0.052498749616137,-0.116783462435844,-0.0387929835657151,-0.138699067473949,0.364384992165321,0.244242478896522,-0.101951535507906,-0.0236517890413465,0.155044837961602,0.0436533492128681,0.0640858756365759,0.0771778118578435,0.148910584374576,0.0592406313507659,-0.105255249628732,0.0449703122008098,1,0.207799699235168,-0.17364078739092,-0.0702706996282283,-0.114557147828016,-0.0843128407166698,-0.0972844228188971,-0.0741848391448334,0.078283003819059,-0.110371534735378,0.0635028009947974,0.0452986920971954,0.291241251491009,-0.0033506748879556,0.0310377975693747,0.10344274419895,0.0486152546142172,0.0714748052579419,0.124146475551475,-0.00429801314275919,-0.142013241623648,-0.0814944482529265,-0.130045531358085,-0.108710636048565,-0.0515889719190272,-0.045049678018073,-0.122083726169952,-0.0376145028098335
"32",0.202559747566916,0.0636636444443207,0.0244357183537988,-0.159608038023239,-0.125071148098494,0.0503529280145577,0.159438931539645,-0.145764179368034,0.263149739544753,0.185090373309581,-0.00225741128711101,-0.0282766158306361,-0.159785310335879,-0.151411003963526,-0.0790503373299463,0.0284669132462906,-0.143193403377994,-0.106238542846432,0.227124727196407,0.280081035746905,0.0380081262224711,0.0421559139951797,0.00918003909281545,0.0188424414277718,-0.135231526629437,0.0115423707079365,0.0185212743940853,-0.0422283900710199,0.00353851601458181,0.149775724313477,0.207799699235168,1,-0.111678966005724,-0.190850327566526,0.00084638661608543,-0.047936054850681,-0.201743962672353,-0.0270246113330401,0.0181367064757859,-0.0177743730798207,0.0906115420944388,0.00422063259357269,-0.0467895449209699,-0.155947010050537,0.0997118104005456,0.0461514231895508,-0.00856497455784269,0.0647755930019983,-0.0185261903883814,-0.226065310704601,-0.00839159902829216,-0.0483298434881845,-0.209882547781347,-0.0953388622646542,0.055087297413291,0.0211423016623737,-0.319599075702155,0.0246948766960394
"33",0.16252089502557,0.189514798311966,-0.003880907386198,0.117030892265797,-0.0436342735265417,-0.216646888822409,0.0635287982427371,-0.0587174388260949,0.0848189454028775,-0.00428304603186446,0.151257986403688,0.0249763329922251,0.090225762886626,0.127930696840436,0.0492183263268314,-0.0389817418168591,0.153689130018524,0.157180548201424,0.014975163193053,0.0667002385896473,0.117617137010019,0.128021587389179,0.0734123064428523,-0.00952715997068319,0.0739126898464981,0.0627734572124559,0.0618840180124236,0.161310813026703,-0.0141390928099392,0.094812502702722,-0.17364078739092,-0.111678966005724,1,0.171543589066845,0.0547291883933854,0.00515126304802754,-0.0988040351077972,0.0708647084456892,0.0895270127360524,0.0340207736263814,-0.0285077384718872,-0.0381036149328272,-0.0946491579613592,-0.00198806739209503,0.0329488578103583,0.0527729163891065,-0.0855578357906921,-0.12556945640297,0.0180060705912373,0.0991522717033468,0.067433252259222,0.0529498616459187,-0.0555618497936781,-0.203347362390347,0.0901728429355711,0.239820294635133,-0.0924814527317359,-0.0603946781506855
"34",0.225733597927792,0.232173147555512,0.221255317771913,0.248875394315959,-0.0103888447552355,0.128924057767316,0.104070825180851,0.135843954870349,-0.0132018122339458,0.0378317347099301,0.201820373540479,0.218974489754782,0.0538291522694392,-0.00946044561130961,0.0400967426968787,0.0273470019977945,0.16558691719799,-0.0395079994841662,-0.0372863449009535,-0.131284127207887,-0.0197010854707,0.0252429961079283,-0.103860463339262,0.0234370373352904,-0.0524012062859401,0.102286679021786,0.0976924373156714,0.0203423081699145,0.125887987962354,0.101496297409053,-0.0702706996282283,-0.190850327566526,0.171543589066845,1,0.0576179262170943,-0.153270160819744,-0.0599826114001977,-0.0602448889786622,0.0771438336336433,-0.00710364930168921,0.131332449714446,-0.0884477584526233,0.0115299129819297,0.133375974722081,-0.025552904249379,-0.103418505699001,-0.127331476189431,0.0073945431324114,0.0553007744260767,0.0749891177756687,0.0122576358595627,0.0147646429502135,0.0337971792975855,0.143485940028073,0.0390609925759474,0.022883386775217,0.166562241563597,-0.237621263436953
"35",-0.0714917764974924,0.0587797474213895,0.0667986868825329,0.0137454128338688,-0.0779902452733937,0.0771044469273793,0.121034296115749,0.063594912353983,-0.138495788873955,-0.0952657229715439,0.0808255625630717,0.0960904352561354,-0.109195523176445,-0.0436280649936169,0.0141765924175759,-0.0632064838202834,-0.179533103844983,0.0120186936739578,-0.0448811673978606,-0.118289374080521,-0.126701182696419,-0.0698746470284169,-0.0790273320797155,-0.0775417845727378,-0.0911944528403671,-0.0735068186348368,-0.109191863574096,-0.212038075809589,-0.0318328569951439,-0.0424354152327589,-0.114557147828016,0.00084638661608543,0.0547291883933854,0.0576179262170943,1,0.238362878723473,0.00900903042075688,0.138326386216746,-0.0208760785061092,0.010555864690143,0.0429679060322608,-0.051767654391156,-0.0588906079424708,0.0278000255645852,0.0301596886263463,0.116909868322964,0.0570211684277159,-0.0271173534693009,-0.173391940204271,-0.099034276352025,-0.00031609108066043,0.0592717341054487,0.164992884139774,0.184212646992847,0.164678471613653,0.138788005562999,0.0271872875038866,0.103248029152124
