"","l_Insular.Cortex","r_Insular.Cortex","l_Amygdal.Area","r_Amygdal.Area","l_Bed.Nucleus.of.the.Stria.Terminalis","r_Bed.Nucleus.of.the.Stria.Terminalis","l_Hippocampus","r_Hippocampus","l_Orbitofrontal.cortex","r_Orbitofrontal.cortex","l_Entorhinal.Cortex","r_Entorhinal.Cortex","l_Frontal.Association.Cortex","r_Frontal.Association.Cortex","l_Globus.Pallidus","r_Globus.Pallidus","l_Glomerular.Layer.of.the.Accessory.Olfactory.Bulb","r_Glomerular.Layer.of.the.Accessory.Olfactory.Bulb","l_Glomerular.Layer.of.the.Olfactory.Bulb","r_Glomerular.Layer.of.the.Olfactory.Bulb","l_Granule.Cell.Level.of.the.Cerebellum","r_Granule.Cell.Level.of.the.Cerebellum","l_Hypothalamic.Region","r_Hypothalamic.Region","l_Entorhinal.Cortex","r_Entorhinal.Cortex","l_Vermix.Molecular.Layer.of.the.Cerebellum","r_Vermix.Molecular.Layer.of.the.Cerebellum","l_Lateral.Molecular.Layer.of.the.Cerebellum","r_Lateral.Molecular.Layer.of.the.Cerebellum","l_Anterior.Olfactory.Bulb","r_Anterior.Olfactory.Bulb","l_Posterior.Olfactory.Bulb","r_Posterior.Olfactory.Bulb","l_Subiculum","r_Subiculum","l_Perirhinal.Area","r_Perirhinal.Area","l_PreLimbic.System","r_PreLimbic.System","l_Primary.Cingular.Cortex","r_Primary.Cingular.Cortex","l_Primary.Motor.Cortex","r_Primary.Motor.Cortex","l_Retrosplenial.Cortex","r_Retrosplenial.Cortex","l_Secondary.Cingular.Cortex","r_Secondary.Cingular.Cortex","l_Secondary.Motor.Cortex","r_Secondary.Motor.Cortex","l_Striatum","r_Striatum","l_Ventral.Tegmental.Area","r_Ventral.Tegmental.Area","l_Substantia.Nigra","r_Substantia.Nigra","l_Thalamus","r_Thalamus"
"1",1,0.200678956540075,-0.100946004414057,-0.0199302347716136,0.0378900670465039,-0.154985105568453,-0.06463709940165,-0.229127405647981,0.261236109538405,-0.0905753356290866,0.107054512311214,-0.0274874698440418,-0.0355283732367311,-0.166140595084296,-0.0333386732964438,0.160667893312537,-0.104385157447289,-0.123892710358013,0.107696568019817,0.0117562010184864,-0.0464550458103963,0.00817142062346144,0.0405808096800884,0.185714140359819,0.00095266290499132,-0.0333589437696367,0.0615008614592002,-0.0327965534061211,0.269740574644242,0.0455172541679445,-0.07685000916209,-0.164145386774642,0.224123939641425,-0.0456552690035427,0.112137969066816,0.0236640898619026,-0.0442886936075183,-0.103190351033904,-0.0217867805247274,0.0232532098669424,0.00108257137827697,-0.060589241922966,-0.0453933417076548,0.0376630432734319,-0.103369809978791,-0.0174351354994447,-0.00137028459891967,-0.113748864294206,-0.00124229339273868,-0.200420296255457,0.216663840362282,-0.0251703912006612,0.1250465609657,-0.0951196437086262,0.0531350151845737,-0.145509846897577,-0.0816624980698706,0.143513987201514
"2",0.200678956540075,1,0.108809302991102,-0.194205548931442,-0.0805248750298913,-0.0516856835803488,-0.0933596936715798,-0.156631681980116,0.243045574605817,0.0622644919556443,0.0187745757915442,-0.00486837423949023,-0.00490066042367357,-0.105485300132261,0.0186309642445404,0.0604152934487708,0.00919040581717445,-0.190639639270951,0.0330204118884904,-0.0244086599469488,0.0735470790019938,-0.0544342192598315,0.0322448761234883,0.103313344094786,0.0313564322317404,-0.230537831716989,0.105736323944526,0.171064499036204,0.15939640227773,0.112640009588933,0.00981281704694553,-0.282473932383297,0.0504423509934471,-0.0577645049223876,-0.060344904458712,-0.00377618532227794,-0.0813212134390913,-0.14071021256788,-0.228279399649034,-0.0832183472411101,-0.12805702468371,-0.13320079855807,0.0304569971744201,-0.162149827407192,-0.0770239112862968,-0.272899377327051,-0.0707268275596672,-0.00727842487835067,-0.0181807380044169,-0.158525929489957,0.103925022034599,0.0234982322446475,-0.216701371532228,0.0711277641771676,-0.0256504969180588,0.236893170657989,-0.212336520648626,0.179517943380695
"3",-0.100946004414057,0.108809302991102,1,-0.0399463181789075,0.0328896711815403,0.114628072541305,-0.0606444554609976,0.0630848151702256,0.0317808196703934,-0.0505434441143166,0.143733002838464,-0.107105134763139,-0.0334460834475155,-0.140585781354076,0.0687692318491801,0.141476671072787,0.0287220559654471,-0.0243266208775887,-0.0532960674007443,0.046967435592548,-0.0153913143933411,-0.0717425576226511,-0.0357842809085298,0.0482200784922234,-0.117435126713404,0.164194833981281,-0.0296981326835191,-0.0960028553845506,-0.0344815431024935,0.127381692014773,-0.0234769007740978,0.077615404024509,0.0166503811200498,0.167323397239516,-0.0891992009437261,-0.10851177223369,0.118497457548724,0.0657223295548496,-0.109145576142226,0.204607477149816,-0.0234858078769364,0.00624723059830865,-0.00705440968302782,-0.10305268856999,-0.211968132927812,0.0653645210738163,-0.0763947116938807,0.0975011263247482,-0.00209118487408481,-0.0361914151578522,-0.0399179201443922,0.104335972490406,-0.0541772820970688,0.003834156244728,0.0913817732315867,0.106564042534507,-0.259233238757202,-0.0537926977709533
"4",-0.0199302347716136,-0.194205548931442,-0.0399463181789075,1,-0.0609025814898604,-0.0231000158470177,-0.125846284303035,0.062655306177196,-0.0886751249146599,-0.0144805589710671,-0.109441648328836,0.0173094085883802,-0.128644271376588,-0.0173542716242646,-0.00324434218161044,-0.00597949894770451,0.0367528339713435,0.0059446166853634,-0.0259004328626823,-0.20774647349076,0.0682338278841885,0.146422667890032,-0.093699024835139,-0.0288207972710477,-0.0835857138383391,0.315617036996993,0.139426461456571,-0.0318919650557248,-0.116367469455388,-0.0787974041166104,-0.149410040158531,-0.00908810414638034,-0.019425885322603,-0.00651623217879217,0.0810582852070352,-0.0951254324912461,0.0110604274583653,-0.16084971297214,-0.0080046245814217,-0.0107107542848087,0.0337357512815027,0.252719175273668,-0.159125250000813,0.265818568626152,-0.0756761478626772,0.0518208856251308,0.114156716231084,0.223022528710191,-0.0819854798876134,-0.0522305274536863,0.0977218536814998,0.087325964073314,-0.0536334576846245,0.0669484925118368,0.0597187998078657,-0.0336837462796827,0.168450056363781,-0.0153922351194148
"5",0.0378900670465039,-0.0805248750298913,0.0328896711815403,-0.0609025814898604,1,0.0611857638923299,0.0527429434479078,-0.0315768349732161,0.0243067058039232,-0.0595544886704371,-0.0277504444282533,0.0335656001207687,-0.0558566416451943,0.0615752576068664,-0.0958601396582897,-0.11962203401042,-0.165124178974504,0.0259605238447161,0.0137507737963523,0.120718185517364,-0.140500881045282,-0.143299378504355,-0.138833416470841,-0.0589293950209023,0.180019319399026,-0.0261667409086864,-0.0401186935053014,-0.0720770204121783,-0.020067651109845,-0.229817924791668,0.203886008503866,0.172558150312683,-0.0770592609908078,0.0289997612997701,0.0300212995284117,0.0209959019940575,0.120822307996728,0.0853380231789631,0.0558304843882395,0.19045283185805,0.043829916724499,0.00651503070297457,-0.0363173964156198,-0.0478490319715146,0.246574804688135,0.00969808213363674,-0.0930251941981712,0.0512850491707942,0.018083888200996,0.0966733743724773,-0.056306477145569,0.0231474005672089,0.0917910124249495,0.206152848965087,-0.169856677186434,0.0394526401228672,-0.0458662218059855,-0.0376896184897236
"6",-0.154985105568453,-0.0516856835803488,0.114628072541305,-0.0231000158470177,0.0611857638923299,1,0.0955672683121881,0.0539693806468427,-0.231678162995954,-0.0466911931181743,-0.0549908212318533,-0.0329751046909202,-0.166827672026519,0.133784596700877,0.0840564237906886,-0.09574041272872,0.0834489588825458,0.0494930240831344,-0.038934112072324,-0.0179576679431222,-0.157323436091302,-0.137973202394403,-0.0563324743662005,0.116337610882874,0.045006617594086,0.0556927533738337,-0.0192367087832702,-0.137781347459177,-0.0761043449200215,-0.0393425128757219,0.00961389901761177,-0.00384342816148924,0.0739035325146066,-0.293328304341166,-0.00679641361803375,-0.158253615948713,0.109017118590201,-0.00034886320780463,0.0287152488695037,0.0138122367511722,0.0152022771140686,0.0130241481395435,-0.166573471831299,0.0145584880216333,0.0602455159513149,0.335558657339983,0.0591738632521314,0.0377668103519765,-0.17293414034114,0.0790023577347769,0.0589195170048598,-0.0240320437781944,0.0510635080820382,0.0211426207940115,0.0987859969732556,0.0347682613702928,-0.0977507850291325,0.0204941573982344
"7",-0.06463709940165,-0.0933596936715798,-0.0606444554609976,-0.125846284303035,0.0527429434479078,0.0955672683121881,1,0.137747599232399,-0.00553015476436213,-0.307452980198454,-0.0271283089489372,-0.0363687175382018,-0.212472050712469,0.00463355213391873,-0.111797372803758,-0.0606522108464812,0.137412587729889,0.0269662146908712,-0.00316247097861093,0.0858253314800197,-0.167845096173616,-0.1553406717837,0.0379489472537787,-0.00621817627802041,-0.0293491754932248,0.0115649841050354,0.0836953956686782,-0.0569456495480901,-0.122531353776301,0.185173882412837,0.115531311308018,-0.0138506178946047,0.0152332275856037,-0.112756839980284,0.144445607191672,0.109536630508536,0.173619426102803,0.197083620012747,0.0403878467604393,0.0720809032660089,0.157117837802422,0.272967673309139,0.0495602089975334,-0.0156541171063834,0.041230858827582,0.0677856317045464,-0.00620179576769558,-0.0605124135504464,0.110497896482656,0.0243121449071661,0.0715754726217863,-0.00372855000530747,0.0150928355253239,-0.0286156022246187,-0.0617583866704551,0.156604973990924,0.0428954535621355,-0.0560974349324914
"8",-0.229127405647981,-0.156631681980116,0.0630848151702256,0.062655306177196,-0.0315768349732161,0.0539693806468427,0.137747599232399,1,0.103819113795507,0.0778460601845093,0.035018697668581,0.0551181297885268,-0.00552319199661712,-0.142420225666996,0.0638430742044757,-0.251826690317356,-0.107078394208772,-0.1032654843416,-0.32334860943408,0.0533552195843102,-0.114283068841733,-0.00806006180974583,-0.0991742692700963,-0.0533491537969428,-0.15569622495055,0.118681184372461,-0.0448902192331861,0.0731337584506861,-0.186635068992886,-0.0448550568043706,-0.274842335080453,0.210271689737795,0.024481139711135,0.0479145680601507,-0.0705931551677072,0.194354303622826,0.0422247022824587,0.120145160053667,0.0844215147667514,0.0875307290269126,0.0600709025918733,0.12917924781275,-0.106135955676528,0.148479248465718,0.004131235547427,0.111680948026731,0.0394692651079242,-0.00125241239872156,0.0219279714391539,0.00596791691422042,-0.0791181816697948,-0.0366271010896978,0.107213118033073,-0.00093064567290091,0.124738387595456,0.103852856057591,0.0536191796670435,-0.0243877813928502
"9",0.261236109538405,0.243045574605817,0.0317808196703934,-0.0886751249146599,0.0243067058039232,-0.231678162995954,-0.00553015476436213,0.103819113795507,1,0.0583870503104557,0.0218436630980832,0.0063070252655637,-0.0288361782933563,-0.14583836618507,0.0206255322637136,-0.094282418856259,0.0916825718341765,-0.00329995654342766,-0.0120509857894608,0.0476038988468667,-0.0445810133082677,-0.0940639665919109,-0.00370054961058002,0.115019650612488,0.0341156665796532,-0.0926037176481692,-0.133700826632361,0.12586333255426,0.129013078224093,0.0274419514282092,0.0211093342786886,0.0629421752497076,0.154695620777765,0.0308828342841176,0.21751818001815,0.169995878234332,-0.113678072082035,-0.00415402856549868,-0.132440341876533,0.00044804260226884,0.0128603321193979,0.00508847931400846,0.113742281089704,0.0365487663676081,0.0544538438779161,-0.050068790666881,-0.0246979077202438,0.117836774166882,0.103720956228662,-0.263747797348956,-0.197095559123852,-0.174901378865478,-0.0386347601597503,0.00922267080753551,-0.0967216308537987,0.0236440315787866,-0.0910882144202547,0.040496000791914
"10",-0.0905753356290866,0.0622644919556443,-0.0505434441143166,-0.0144805589710671,-0.0595544886704371,-0.0466911931181743,-0.307452980198454,0.0778460601845093,0.0583870503104557,1,0.0205710089371275,0.103314384951828,0.124946671043135,-0.0977271314356232,0.1105659154166,0.0356574830425522,0.0388098628052541,0.00997585380850532,-0.163473697794033,-0.0323938129740389,0.0224073507543592,0.0391123714020912,0.068709584935304,-0.105762839149705,-0.145435057535701,-0.0502266435629715,-0.20844793282046,0.241878448642576,0.0047631916351077,-0.0610004395856539,-0.0882333049150784,-0.019447250964604,0.138652325008132,0.0595609576896255,-0.0506334380325243,-0.0542989096981804,0.0154204337391627,-0.12811347260966,-0.180225191406783,-0.127486877545428,-0.182146063747395,-0.309870377143451,-0.0329614782994321,0.185796126316492,0.0679371478781151,-0.0449928615602887,0.0603172262645018,0.0205925367782273,-0.127065799565154,0.0411780637581986,-0.109910441977983,0.0189073076066101,-0.0210562516313765,0.107796349092347,-0.0992889309078114,0.189776750342248,0.0917061187428969,0.136285131860954
"11",0.107054512311214,0.0187745757915442,0.143733002838464,-0.109441648328836,-0.0277504444282533,-0.0549908212318533,-0.0271283089489372,0.035018697668581,0.0218436630980832,0.0205710089371275,1,0.0260493853082236,0.221611846049767,-0.185832979571952,0.0384433992706669,-0.0701777184231274,0.0297503314388168,-0.206820379787372,0.263954247806406,0.0251568976859018,0.0210079407918187,-0.0823928068384178,-0.119429471341557,0.0254621874258114,-0.153087999995523,0.0388959399662186,0.0147069267771978,0.240675339961434,0.0528545351214249,-0.0993410334127246,-0.0224108568817786,-0.0483056167172596,0.228040998175777,0.0477599025047227,0.0555081501400307,-0.0591192316132711,0.0361402776272262,-0.0424406272359372,-0.0533391356535408,0.0706360325062223,0.186980148382639,0.128931001988397,-0.103665199538228,-0.136556810378921,0.027969021386186,-0.0715100066163313,0.0221043768757676,-0.00875414795141446,0.149974468019332,-0.280708497367985,0.139451748508118,0.0404270093971521,0.0176237724897396,-0.135531414294108,-0.0285931089688468,0.115939686415233,-0.109523352588148,-0.0307875154607789
"12",-0.0274874698440418,-0.00486837423949023,-0.107105134763139,0.0173094085883802,0.0335656001207687,-0.0329751046909202,-0.0363687175382018,0.0551181297885268,0.00630702526556369,0.103314384951828,0.0260493853082236,1,0.100784624489726,0.0449683903654003,-0.00285818490302085,0.0400845490029905,0.00586488489270555,0.0140026196432896,0.108973261793233,-0.040908730360871,0.10664769576797,0.00854012415046484,-0.105739047788621,-0.13767194596489,0.21839119543282,0.0413354762576684,-0.0114927988750503,-0.0225277273250912,-0.110001575500938,-0.0667135321429024,0.162135994706469,-0.0409376814478226,0.0752592279790741,-0.0303591887602509,0.130597181132898,0.0635501241128359,-0.104855313804529,0.109715902630835,-0.162172688661244,-0.144391091082114,0.191330439363508,0.149095570047007,0.102305643512196,0.242800762569921,0.0944972890778805,0.0114076982100301,-0.0742703670483957,-0.0379211827987867,0.127158233593077,-0.0603713852247596,-0.0709316866484884,0.114687977367303,0.062393909550311,-0.0343006704266245,-0.0453528949526184,0.105471119594178,-0.185798627856022,-0.109918249106171
"13",-0.0355283732367311,-0.00490066042367357,-0.0334460834475155,-0.128644271376588,-0.0558566416451943,-0.166827672026519,-0.212472050712469,-0.00552319199661712,-0.0288361782933563,0.124946671043135,0.221611846049767,0.100784624489726,1,-0.0932259533351793,0.041682856637859,0.0692267688075812,0.208337176977314,0.157537950050824,-0.0669709172044165,-0.0428413812825781,0.0299708480290915,0.0658916987884112,-0.00313800072557605,0.026224568575518,0.17905305438837,-0.0355225086935482,-0.183782051323214,0.0305403638458184,0.176297215267101,-0.00632602992647541,0.0649246930978074,0.0541577939486151,0.050842471106437,-0.0315188240968076,-0.0747158669512273,-0.0258067827984648,-0.0308355112375211,0.0526123585706369,-0.0502215615884914,-0.0998705952477032,0.110509276009972,-0.167145658733832,0.19517938897941,0.0338905800861359,0.117227530912969,-0.210652407808567,-0.0108878335792093,-0.0741632387524987,0.275162415479209,0.0653134568396157,-0.104086915194997,-0.0822241618473146,-0.015227388579072,0.0943258668148902,0.0360267625500463,0.155312820361979,-0.172207365230475,0.126929362461276
"14",-0.166140595084296,-0.105485300132261,-0.140585781354076,-0.0173542716242646,0.0615752576068664,0.133784596700877,0.00463355213391873,-0.142420225666996,-0.14583836618507,-0.0977271314356232,-0.185832979571952,0.0449683903654003,-0.0932259533351793,1,0.0145720219833984,0.0373881142354784,-0.104757829434642,0.362563393308619,0.004399720344145,0.019378644327797,-0.0500408912940211,0.12312963314388,0.0742416242091131,-0.00552877690571469,0.0488380784528569,0.0955308131638864,0.0490950335763277,-0.105894225198596,-0.00185082687219812,0.203536603056786,0.242434962876186,0.0336670957683129,-0.179908442097405,-0.122044408966907,0.00571254130915568,-0.0997225476764846,0.00280770022317767,0.0473655904209768,-0.0962904032887464,-0.0453685328477114,0.00573882136218182,-0.0903848443311653,0.170945397598896,-0.178676235739888,0.181437814034444,0.170286748966315,-0.128480146157224,-0.183078088469629,0.15905589968644,0.301793978617127,-0.174200443797807,-0.0737086557928516,-0.0973458238460776,-0.0867849704521705,0.169374056339506,-0.0561396269557847,0.0431835743519863,-0.037492979319131
"15",-0.0333386732964438,0.0186309642445404,0.0687692318491801,-0.00324434218161044,-0.0958601396582897,0.0840564237906886,-0.111797372803758,0.0638430742044757,0.0206255322637136,0.1105659154166,0.0384433992706669,-0.00285818490302085,0.041682856637859,0.0145720219833984,1,0.0693022866356019,-0.052308195627502,0.0148468195720286,0.079191722962599,-0.0543927569035935,-0.101648740106162,0.0576860266852568,0.121257540746915,0.155399690694095,-0.0822644156108918,-0.0165049636652396,-0.0211565230302445,0.024133239248184,0.0814251652360843,0.0621725535766936,-0.0839481744996852,-0.0289424345534677,0.0703197827721833,-0.0848961480178906,-0.124807943762147,-0.115293961385708,0.0618388868598245,-0.159332329749495,0.00787430697236487,-0.143540215991358,0.108308865325356,0.043505852910353,-0.00408491079243981,0.0149071751075987,-0.0424619301364873,-0.0451819217943289,0.195024559241531,-0.0340954592199635,-0.00045529739779563,-0.00415466974971474,-0.06136525567276,-0.0625966064705927,0.183404830849824,-0.0279959564072516,0.099893049617372,-0.115403280397974,-0.0367652940910918,0.0433544422164316
"16",0.160667893312537,0.0604152934487708,0.141476671072787,-0.00597949894770451,-0.11962203401042,-0.09574041272872,-0.0606522108464812,-0.251826690317356,-0.094282418856259,0.0356574830425522,-0.0701777184231274,0.0400845490029905,0.0692267688075812,0.0373881142354784,0.0693022866356019,1,-0.0230589895304762,0.102226953832367,-0.0562009811100347,0.0412644872432544,0.225556896315897,0.0418690801532819,-0.011229020151465,0.0379096490449797,0.00394822147968537,0.0926468511803131,-0.0732080133906325,-0.00084903307868255,0.236247500686138,0.206433358762171,0.116205651263271,-0.0275789885207462,-0.0794541484371948,0.0123599947433585,-0.100776139870733,-0.103979363176438,-0.0288364646071435,-0.172557699842602,-0.0362290742529891,-0.0531915864288732,-0.105363405079871,-0.0747779559520089,0.0566461745258169,0.0578799348651335,-0.132190486120599,-0.231979196521922,0.104428337482588,-0.183967185867702,-0.0132495073930775,-0.0362882477000315,0.0740258005420165,0.147348469610031,-0.0592322428429088,0.049757244997931,0.150397618893591,-0.0462952916590185,0.0768636488643457,0.112720695597235
"17",-0.104385157447289,0.00919040581717445,0.0287220559654471,0.0367528339713435,-0.165124178974504,0.0834489588825458,0.137412587729889,-0.107078394208772,0.0916825718341765,0.0388098628052541,0.0297503314388168,0.00586488489270555,0.208337176977314,-0.104757829434642,-0.052308195627502,-0.0230589895304762,1,0.220368501651718,-0.0240023807758883,-0.0476032486426781,-0.123599638887179,-0.208711521702669,-0.0249499717377361,0.0337522842161603,-0.0509592172633329,-0.0277855209767755,-0.0243551621894187,0.0353746334722649,0.096542395907537,0.159154510727222,0.210053817589378,0.0479240681871785,0.129125070915388,-0.0663092182290845,-0.00304765107263742,0.0515886934403877,-0.149343439590962,0.0669632347845326,-0.164724111882597,-0.198105947623942,0.00840271127999675,-0.0739488629249673,0.14101270651842,-0.102451037020642,0.0337540196994705,-0.0116603873009893,0.0442895228448595,0.0247893912410121,0.425943878462272,-0.066829711322084,-0.0999554433079566,0.055902184208907,0.0090055021352359,0.0941866468615825,0.0476446514512798,0.109687905645059,0.0379555580345265,0.027405250677398
"18",-0.123892710358013,-0.190639639270952,-0.0243266208775887,0.0059446166853634,0.0259605238447161,0.0494930240831344,0.0269662146908712,-0.1032654843416,-0.00329995654342766,0.00997585380850532,-0.206820379787372,0.0140026196432896,0.157537950050824,0.362563393308619,0.0148468195720286,0.102226953832367,0.220368501651718,1,-0.165906959840204,0.108527460536142,-0.22471793727478,0.117125278026927,0.0888851403815364,0.114524316301535,0.0937923926959869,0.0695191010599429,-0.10593602166223,0.00194675787131383,0.0333772061081973,0.104819691604017,0.13217910937674,0.242152115115066,0.023458503090229,0.106824350017617,0.15375616695949,-0.123281309917744,0.0104558165736019,-0.00887143811768628,-0.151391827393806,-0.0269425104318124,-0.0402390373289158,-0.0782529280884828,0.103293238061029,0.0194464515090268,0.08660036704309,-0.0642870170368807,0.184291498500397,0.0939797705825028,0.0551239372988935,0.492770816924271,-0.1541163797749,0.084858162147339,0.174458256454141,0.117730151223245,0.255134052061085,-0.0480175125743433,0.0120692497661872,0.059716074592725
"19",0.107696568019817,0.0330204118884904,-0.0532960674007443,-0.0259004328626823,0.0137507737963523,-0.038934112072324,-0.00316247097861093,-0.32334860943408,-0.0120509857894608,-0.163473697794033,0.263954247806406,0.108973261793233,-0.0669709172044165,0.004399720344145,0.079191722962599,-0.0562009811100347,-0.0240023807758883,-0.165906959840204,1,-0.00900836727505317,0.147526213085948,0.0543980370799133,0.0746245983872614,0.0333299268029932,-0.038766866359995,0.0439106457230838,-0.0662411953318228,-0.116933238861332,0.0850445641069186,-0.116429587099425,0.108119562156451,-0.0231708709674153,0.0594254220528175,-0.108577319060455,-0.00563116000668165,0.021038350123722,-0.184586258599022,-0.0721429916212033,-0.0471675978214954,0.166896209465489,0.101020508525628,0.0836239388716531,-0.0309846046955214,-0.115967487865304,-0.0866202659904969,0.0235829012951015,0.0107608276583021,0.0916645697724583,0.039651231547853,-0.248081139177728,0.0370664267750495,0.109202312898869,0.00150445269130661,-0.0399406261711473,0.0443438925140857,0.0985453662498124,-0.200692477094685,-0.0929740437482289
"20",0.0117562010184864,-0.0244086599469488,0.046967435592548,-0.20774647349076,0.120718185517364,-0.0179576679431222,0.0858253314800197,0.0533552195843102,0.0476038988468667,-0.0323938129740389,0.0251568976859018,-0.040908730360871,-0.0428413812825781,0.019378644327797,-0.0543927569035935,0.0412644872432544,-0.0476032486426781,0.108527460536142,-0.00900836727505317,1,-0.0411898779036555,-0.0913278186344692,-0.0754088920220338,-0.191636729613928,-0.145008293117169,0.111304928123868,-0.233461028328375,0.141665866083531,0.0316916180651026,-0.0536995997702168,0.232347419766154,0.210727414627854,0.0793782373669204,0.0929516025351134,-0.055358468762239,-0.0702684603206278,-0.003103795754051,-0.0562523563314469,-0.0332035531616402,0.00581219707233664,-0.0569491329467265,-0.0260804324044107,0.00686910505568241,-0.0573890354574533,-0.187680019530062,-0.0766269609944886,-0.129693396375537,0.0514685538806718,-0.0981662768214314,0.0129801040327375,0.0648944061593581,-0.0951985282270685,-0.0177551756378488,0.0907208632741171,-0.054355568272534,-0.0928391973349959,0.0176409045717013,-0.0781556900190324
"21",-0.0464550458103963,0.0735470790019938,-0.0153913143933411,0.0682338278841885,-0.140500881045282,-0.157323436091302,-0.167845096173615,-0.114283068841733,-0.0445810133082677,0.0224073507543592,0.0210079407918187,0.10664769576797,0.0299708480290915,-0.0500408912940211,-0.101648740106162,0.225556896315897,-0.123599638887179,-0.22471793727478,0.147526213085948,-0.0411898779036555,1,-0.0631330150225686,-0.155963862798811,-0.389156125168448,0.0520985297008093,0.00809553783990753,-0.00019261004847263,-0.0639087168296335,0.0235257776437706,-0.106111480195428,-0.0478437392225837,0.0399514379539695,-0.179291274086559,-0.0620992904154666,0.0498097599649591,-0.0531922041502417,-0.0154650546816627,0.0806127039253584,-0.00108808295038175,-0.0868667852429116,0.00445751861847425,0.0429455723867114,0.0815430279520204,0.0422094873694125,0.0217849456943181,-0.0309630155505456,-0.15628630969335,0.0382981092156411,-0.0817043149952999,-0.189235053228738,0.0456518063207904,-0.00093044865704378,-0.210603802011384,-0.116133768356145,0.0208593580587815,0.0120855777939595,0.043880942459317,-0.0664316938721725
"22",0.00817142062346144,-0.0544342192598315,-0.0717425576226511,0.146422667890032,-0.143299378504355,-0.137973202394403,-0.1553406717837,-0.00806006180974582,-0.0940639665919109,0.0391123714020912,-0.0823928068384178,0.00854012415046484,0.0658916987884112,0.12312963314388,0.0576860266852568,0.0418690801532819,-0.208711521702669,0.117125278026927,0.0543980370799133,-0.0913278186344692,-0.0631330150225686,1,0.182622076506564,0.0726387704761296,0.0918960541716844,-0.00217103533526457,-0.192534568288079,0.130173909487646,0.0429956558417424,-0.0138157330563535,-0.111525435169418,0.0972128111559551,-0.086736507955725,0.0140242613826227,0.0673680043343065,-0.0679118676375454,-0.13956055538883,-0.00395031314502899,0.0450438187032947,0.0322287024637566,0.01252054346102,0.0607890288948289,-0.120950432199195,-0.00624558151996586,0.0558857248668821,0.0366348658650643,0.0619102892467292,-0.0477797824492685,-0.142314395663969,-0.00426859683870091,-0.116553992617579,0.0439905683091825,-0.170045716770688,-0.127397037743239,0.275452134217671,-0.0592315863430569,-0.0703938002239874,0.194146965709502
"23",0.0405808096800884,0.0322448761234883,-0.0357842809085298,-0.093699024835139,-0.138833416470841,-0.0563324743662005,0.0379489472537787,-0.0991742692700963,-0.00370054961058002,0.068709584935304,-0.119429471341557,-0.105739047788621,-0.00313800072557605,0.0742416242091131,0.121257540746915,-0.011229020151465,-0.0249499717377361,0.0888851403815364,0.0746245983872614,-0.0754088920220338,-0.155963862798811,0.182622076506564,1,0.342954977099305,-0.191841959780207,-0.1055226879068,-0.0121940597337586,0.0667722454654305,0.0696268107483648,0.0995545434035157,0.0286479757609427,0.0731195892757115,-0.0388562548902508,0.073086597234835,-0.135521101210121,-0.0728463223041652,0.0666161192070598,-0.105301594917289,-0.0705775794981029,-0.0358580832841409,-0.128879149006033,-0.188194472023117,0.0240968064921657,-0.116507456129113,-0.0221210143145466,0.0899237223900263,-0.137850818976556,-0.209478879556054,0.0389773251143737,0.0142623090466493,-0.0406304693380903,0.0847881568914046,0.0434747509345338,0.035186387984897,0.0227895894684195,0.0464687027644463,-0.0221639764037268,0.214770648126524
"24",0.185714140359819,0.103313344094786,0.0482200784922234,-0.0288207972710477,-0.0589293950209023,0.116337610882874,-0.00621817627802041,-0.0533491537969428,0.115019650612488,-0.105762839149705,0.0254621874258114,-0.13767194596489,0.026224568575518,-0.00552877690571469,0.155399690694095,0.0379096490449797,0.0337522842161603,0.114524316301535,0.0333299268029932,-0.191636729613928,-0.389156125168448,0.0726387704761296,0.342954977099305,1,0.0118274164342468,0.0808912804998178,0.087416176424348,0.115348529978822,0.174312280747237,0.178979537065238,-0.144281880036664,-0.151897043365538,0.0977966359723741,-0.0506140240735477,0.0554894449095972,0.0502310146268979,-0.123237910786833,-0.141968658267809,-0.0618710184581489,0.0829203770136777,-0.0761934332291394,-0.0698534279293454,-0.158702535832155,-0.0713099860877149,0.0491543339047126,0.121850828705111,0.227215561563165,-0.0869216926827526,-0.00232484522550767,0.00494372001493052,0.00979781291866623,0.107582926975652,0.109630355095047,0.054821060971667,0.00053560655770236,-0.00026248273748258,-0.0612042571569398,0.0933678242437507
"25",0.00095266290499132,0.0313564322317404,-0.117435126713404,-0.0835857138383391,0.180019319399026,0.045006617594086,-0.0293491754932248,-0.15569622495055,0.0341156665796532,-0.145435057535701,-0.153087999995523,0.21839119543282,0.17905305438837,0.0488380784528569,-0.0822644156108918,0.00394822147968537,-0.0509592172633329,0.0937923926959869,-0.038766866359995,-0.145008293117169,0.0520985297008093,0.0918960541716844,-0.191841959780207,0.0118274164342468,1,-0.117197835366085,-0.0326969120329985,-0.122562076515626,0.0963765725604494,-0.170437147202046,0.0443084364300065,-0.0595601368558763,-0.153184280250331,-0.0559649935202935,0.137102958401812,-0.109629294647152,-0.0271183022145777,0.210714022075533,0.0536612768324258,-0.0154334005666025,0.0723158886665686,0.105650445512672,0.0126246353854723,0.157551298500238,0.131371700366186,0.0437299299118906,-0.0686007067725909,0.13013358063675,0.00463130786289252,0.0770403585597016,-0.149827491260014,-0.176221610908668,0.103293355406527,0.0498809267823847,0.156092107059175,0.0121335809898943,-0.152511382364657,-0.230222525189291
"26",-0.0333589437696367,-0.230537831716989,0.164194833981281,0.315617036996993,-0.0261667409086864,0.0556927533738337,0.0115649841050354,0.118681184372461,-0.0926037176481692,-0.0502266435629715,0.0388959399662186,0.0413354762576684,-0.0355225086935482,0.0955308131638864,-0.0165049636652396,0.0926468511803131,-0.0277855209767755,0.0695191010599429,0.0439106457230838,0.111304928123868,0.00809553783990753,-0.00217103533526457,-0.1055226879068,0.0808912804998178,-0.117197835366085,1,0.0883202349672561,0.125129046234573,-0.0398523794093454,0.0429353033809134,0.00208291218227882,0.06761915961916,0.0155155520270404,0.00465954313010053,-0.158803241987238,-0.0524739789752766,-0.0247028778060607,0.0203823926891876,-0.112626736681402,0.157224608201233,-0.0883705770847446,0.0306779819078524,-0.0352449171396196,0.222821312912652,-0.132232749061463,0.276674463545968,0.0013702120067188,-0.0382601757406096,0.0032233819977676,0.04085675971954,0.101960422349836,0.107095461278118,-0.0177479121794898,0.0495132310510433,0.0656998577686231,0.0240854798006525,-0.0640694617475303,-0.368015289713283
"27",0.0615008614592002,0.105736323944526,-0.0296981326835191,0.139426461456571,-0.0401186935053014,-0.0192367087832702,0.0836953956686782,-0.0448902192331861,-0.133700826632361,-0.20844793282046,0.0147069267771978,-0.0114927988750503,-0.183782051323214,0.0490950335763277,-0.0211565230302445,-0.0732080133906325,-0.0243551621894187,-0.10593602166223,-0.0662411953318228,-0.233461028328375,-0.00019261004847263,-0.192534568288079,-0.0121940597337586,0.087416176424348,-0.0326969120329985,0.0883202349672561,1,-0.170007956548712,-0.141183477688354,-0.069489332557331,-0.0346561966277729,-0.31455280357365,0.00600114848921794,0.0607229642929634,0.0717160452215424,-0.0869226441028286,0.174392350584212,0.177871657490767,-0.0170605737224059,-0.1232864073342,-0.0209611828503851,0.00783205790582192,0.0565203327011624,-0.216912224660736,-0.0183435761261316,-0.130003497875695,-0.0760982555801013,-0.139918822044801,0.171801411148671,-0.110578637039129,0.200001268871586,-0.103755222931089,0.0159304950811605,0.0980148417601799,0.0281356111498514,-0.0309907318589358,-0.0506214908439667,-0.0343963184809511
"28",-0.0327965534061211,0.171064499036204,-0.0960028553845505,-0.0318919650557248,-0.0720770204121783,-0.137781347459177,-0.0569456495480901,0.0731337584506861,0.12586333255426,0.241878448642576,0.240675339961434,-0.0225277273250912,0.0305403638458184,-0.105894225198596,0.024133239248184,-0.00084903307868255,0.0353746334722649,0.00194675787131383,-0.116933238861332,0.141665866083531,-0.0639087168296335,0.130173909487646,0.0667722454654305,0.115348529978822,-0.122562076515626,0.125129046234573,-0.170007956548712,1,-0.0657689669240926,0.0794449592251687,-0.0926536970209142,-0.0172352957728353,0.0570660268777546,0.220210650583476,-0.0671431103323318,-0.00738998531184102,-0.167760933501402,-0.116547968650899,-0.0940187885622708,0.0350658375094622,-0.0661944483788661,-0.0727973091406434,0.0006439976650219,0.0641610168427832,0.071598178604076,-0.0677452707220291,0.00733433310343603,-0.0265736705385559,-0.00725065191417816,-0.0192495482214202,-0.069384375127961,-0.0398961542727694,0.0178291404075413,-0.0486507115174639,-0.0847507340548105,-0.111646532043824,0.137453080793927,0.173402361602727
"29",0.269740574644242,0.15939640227773,-0.0344815431024935,-0.116367469455388,-0.020067651109845,-0.0761043449200215,-0.122531353776301,-0.186635068992886,0.129013078224093,0.0047631916351077,0.0528545351214249,-0.110001575500938,0.176297215267101,-0.00185082687219812,0.0814251652360843,0.236247500686138,0.096542395907537,0.0333772061081973,0.0850445641069186,0.0316916180651026,0.0235257776437706,0.0429956558417424,0.0696268107483648,0.174312280747237,0.0963765725604494,-0.0398523794093454,-0.141183477688354,-0.0657689669240926,1,-0.00995701696017615,0.105130265380771,-0.0578834744154888,0.103364743352495,-0.161987136304082,-0.0195719314062664,-0.0219363560581337,-0.0755957301131309,-0.125293501672262,-0.0658915465046798,-0.133162185430927,-0.223628147796246,-0.168294171057785,-0.0885697358610615,-0.0455940015955376,-0.0524324128946544,-0.145189326633763,0.0028874621150801,-0.131751127236731,0.0808688256098899,-0.0447260327014737,0.0500873202733053,-0.189562132686423,0.0377434309632498,0.160682049411961,0.14223056212971,-0.116518088124759,-0.13818827369687,0.160556573591406
"30",0.0455172541679445,0.112640009588933,0.127381692014773,-0.0787974041166104,-0.229817924791668,-0.0393425128757219,0.185173882412837,-0.0448550568043706,0.0274419514282092,-0.0610004395856539,-0.0993410334127246,-0.0667135321429024,-0.00632602992647541,0.203536603056786,0.0621725535766936,0.206433358762171,0.159154510727222,0.104819691604017,-0.116429587099425,-0.0536995997702168,-0.106111480195428,-0.0138157330563535,0.0995545434035157,0.178979537065238,-0.170437147202046,0.0429353033809134,-0.069489332557331,0.0794449592251687,-0.00995701696017615,1,-0.00758280934036036,-0.0719247328597382,0.142947844967657,-0.131758522119761,0.0752273218890077,0.0400111616110696,-0.00649792515527399,-0.19442840375817,0.0671984564778054,0.0290721037774587,0.0956254844057121,-0.0434234323862742,0.0389113259322543,-0.0379825271878124,-0.11139303572793,-0.0685530263820714,-0.0108322875979616,-0.10045745777928,0.07724071201019,0.113962416573544,0.0888645634360848,0.123285301713585,-0.0773611567913471,-0.0493898981397827,-0.0287184869636545,0.108141731897621,0.106697786013978,0.108516865295934
"31",-0.07685000916209,0.00981281704694552,-0.0234769007740978,-0.149410040158531,0.203886008503866,0.00961389901761177,0.115531311308018,-0.274842335080453,0.0211093342786886,-0.0882333049150784,-0.0224108568817786,0.162135994706469,0.0649246930978074,0.242434962876186,-0.0839481744996852,0.11620565126327,0.210053817589378,0.13217910937674,0.108119562156451,0.232347419766154,-0.0478437392225837,-0.111525435169418,0.0286479757609427,-0.144281880036664,0.0443084364300065,0.00208291218227881,-0.0346561966277729,-0.0926536970209142,0.105130265380771,-0.00758280934036036,1,0.0968249934324273,-0.0767702299342387,-0.157362670945999,0.0561000209977788,-0.0849096667970791,0.0339092806137321,0.0553270321288977,-0.13540307421242,-0.04767610947559,0.068459200265922,-0.0536034856309914,0.271779115655184,-0.102525396256093,0.159088377924402,-0.0262895496696707,-0.0872176019816236,-0.0675652348692797,0.313117826676279,0.100797453745261,-0.0807977355968493,0.0521797993339301,-0.0195933323035676,0.225122158554493,-0.0703140473274357,0.00752264087347954,-0.0770896612630668,-0.0162904817806582
"32",-0.164145386774642,-0.282473932383297,0.077615404024509,-0.00908810414638034,0.172558150312683,-0.00384342816148924,-0.0138506178946047,0.210271689737795,0.0629421752497076,-0.019447250964604,-0.0483056167172596,-0.0409376814478226,0.0541577939486151,0.0336670957683129,-0.0289424345534677,-0.0275789885207462,0.0479240681871785,0.242152115115066,-0.0231708709674153,0.210727414627854,0.0399514379539695,0.0972128111559551,0.0731195892757115,-0.151897043365538,-0.0595601368558762,0.06761915961916,-0.31455280357365,-0.0172352957728353,-0.0578834744154888,-0.0719247328597382,0.0968249934324273,1,-0.178724645649059,0.0957913086383243,0.100837117804893,0.103759609871091,0.15206933297449,0.173338317937556,0.02149023414366,0.021108901609997,0.113299094650834,0.0841417233350551,0.16358960331683,0.188832038098879,0.0431320703450587,0.104453913246957,-0.0410718296919967,0.0648598177439962,0.0526800614025754,-0.00449206164439889,-0.166820406702907,0.0686573212083814,0.117498589111988,-0.0182924968175725,0.0651613280156299,0.0612585395126086,0.0411079556426424,-0.046778981732786
"33",0.224123939641425,0.0504423509934471,0.0166503811200498,-0.019425885322603,-0.0770592609908078,0.0739035325146066,0.0152332275856037,0.024481139711135,0.154695620777765,0.138652325008132,0.228040998175777,0.0752592279790741,0.050842471106437,-0.179908442097405,0.0703197827721833,-0.0794541484371948,0.129125070915388,0.023458503090229,0.0594254220528175,0.0793782373669204,-0.179291274086559,-0.086736507955725,-0.0388562548902508,0.0977966359723741,-0.153184280250331,0.0155155520270404,0.00600114848921794,0.0570660268777546,0.103364743352495,0.142947844967657,-0.0767702299342387,-0.178724645649059,1,-0.0475424673667624,0.0829726950218937,-0.192033945111068,-0.0301749832422443,-0.111835095594508,0.00436909132239534,-0.112257314277181,0.0442443986375987,-0.0425291169586493,-0.142648987841081,-0.0386930566788644,-0.138467698386404,-0.132307941943217,0.169810556410115,0.0481424063777454,-0.0237379802267762,-0.0198244595122684,0.250711469777198,0.102290263112412,0.0226305258862161,0.065791080817042,-0.219848204940545,0.0267496762895633,0.0565884087712536,-0.0564949318620227
"34",-0.0456552690035427,-0.0577645049223876,0.167323397239516,-0.00651623217879217,0.0289997612997701,-0.293328304341166,-0.112756839980284,0.0479145680601507,0.0308828342841176,0.0595609576896255,0.0477599025047227,-0.0303591887602509,-0.0315188240968076,-0.122044408966907,-0.0848961480178906,0.0123599947433585,-0.0663092182290845,0.106824350017617,-0.108577319060455,0.0929516025351134,-0.0620992904154666,0.0140242613826227,0.073086597234835,-0.0506140240735477,-0.0559649935202935,0.00465954313010053,0.0607229642929634,0.220210650583476,-0.161987136304082,-0.131758522119761,-0.157362670945999,0.0957913086383243,-0.0475424673667624,1,-0.10188551878008,0.0746794755320512,-0.089839305820246,0.105087058232763,-0.0341992411760642,0.148856315559027,0.0488567197207487,-0.202890418350726,0.166884622120808,-0.141928245899287,-0.0586164029796728,-0.0436619975793955,0.072061671808808,0.234821670096102,-0.0218244770636277,-0.0457183791518787,-0.12496382416547,0.145793028508269,0.0877590352317942,-0.0174644650916945,-0.0470667895218882,0.0018690500303217,-0.0124098795860283,-0.0299909155916608
"35",0.112137969066816,-0.060344904458712,-0.0891992009437261,0.0810582852070352,0.0300212995284117,-0.00679641361803375,0.144445607191672,-0.0705931551677072,0.21751818001815,-0.0506334380325243,0.0555081501400307,0.130597181132898,-0.0747158669512273,0.00571254130915568,-0.124807943762147,-0.100776139870733,-0.00304765107263742,0.15375616695949,-0.00563116000668165,-0.055358468762239,0.049809759964959,0.0673680043343064,-0.135521101210121,0.0554894449095972,0.137102958401812,-0.158803241987238,0.0717160452215425,-0.0671431103323318,-0.0195719314062664,0.0752273218890077,0.0561000209977788,0.100837117804893,0.0829726950218937,-0.10188551878008,1,0.181666598770629,0.136094608019791,0.0807875017741671,-0.0668396982998706,-0.00486654283513043,0.0991467943201031,0.161721355432144,-0.0265531867076422,0.099350611759412,0.213668339518226,0.0243848485135464,-0.017895114297674,0.132020277097649,0.00306830234790851,0.0831388666802888,-0.0239911517153391,-0.151518578612164,0.0156038638742437,-0.159192514520467,-0.0390242125214201,-0.0331954327452905,0.123314469533403,-0.0354654769760249
