"","l_Insular.Cortex","r_Insular.Cortex","l_Amygdal.Area","r_Amygdal.Area","l_Bed.Nucleus.of.the.Stria.Terminalis","r_Bed.Nucleus.of.the.Stria.Terminalis","l_Hippocampus","r_Hippocampus","l_Orbitofrontal.cortex","r_Orbitofrontal.cortex","l_Entorhinal.Cortex","r_Entorhinal.Cortex","l_Frontal.Association.Cortex","r_Frontal.Association.Cortex","l_Globus.Pallidus","r_Globus.Pallidus","l_Glomerular.Layer.of.the.Accessory.Olfactory.Bulb","r_Glomerular.Layer.of.the.Accessory.Olfactory.Bulb","l_Glomerular.Layer.of.the.Olfactory.Bulb","r_Glomerular.Layer.of.the.Olfactory.Bulb","l_Granule.Cell.Level.of.the.Cerebellum","r_Granule.Cell.Level.of.the.Cerebellum","l_Hypothalamic.Region","r_Hypothalamic.Region","l_Entorhinal.Cortex","r_Entorhinal.Cortex","l_Vermix.Molecular.Layer.of.the.Cerebellum","r_Vermix.Molecular.Layer.of.the.Cerebellum","l_Lateral.Molecular.Layer.of.the.Cerebellum","r_Lateral.Molecular.Layer.of.the.Cerebellum","l_Anterior.Olfactory.Bulb","r_Anterior.Olfactory.Bulb","l_Posterior.Olfactory.Bulb","r_Posterior.Olfactory.Bulb","l_Subiculum","r_Subiculum","l_Perirhinal.Area","r_Perirhinal.Area","l_PreLimbic.System","r_PreLimbic.System","l_Primary.Cingular.Cortex","r_Primary.Cingular.Cortex","l_Primary.Motor.Cortex","r_Primary.Motor.Cortex","l_Retrosplenial.Cortex","r_Retrosplenial.Cortex","l_Secondary.Cingular.Cortex","r_Secondary.Cingular.Cortex","l_Secondary.Motor.Cortex","r_Secondary.Motor.Cortex","l_Striatum","r_Striatum","l_Ventral.Tegmental.Area","r_Ventral.Tegmental.Area","l_Substantia.Nigra","r_Substantia.Nigra","l_Thalamus","r_Thalamus"
"1",1,0.556429232970188,-0.0815768449334067,-0.0412319732458083,-0.0191984819555701,-0.0918292160293496,-0.0553709632198175,0.127997991656824,0.598669781727875,0.522980011210203,0.300598358534005,0.0789790648860142,-0.108281970612456,-0.066065719879389,0.0935820060412564,0.119260118960637,0.102645893150004,-0.0149854284762389,-0.0177678062815326,0.0113269690628196,-0.0543252375758861,0.0753613432780229,0.0191041743396695,0.0717482001247187,-0.00830038431770779,0.160727422448784,0.0800321392555322,0.0245046498040381,-0.0589038250787818,0.104272115853504,-0.0311560453328819,-0.00781936313898643,0.062344429915723,0.188226794561073,-0.107599605598266,-0.175075350635389,0.104350139691583,0.0529116456549467,0.0328752854654768,0.15566827956804,-0.0709258313147598,-0.0853784734871537,0.182822137616032,-0.156752048082556,-0.0899998823190161,-0.215486627647765,-0.0263779391854809,-0.0823589034692282,0.125998294806816,0.0443702819874837,0.170701174305498,0.188598300343992,-0.24860561427722,-0.128612393921203,-0.0938301398151431,0.177753638301312,0.00361480941935025,0.0930525675086051
"2",0.556429232970188,1,-0.0255817915640167,-0.0360332169935604,-0.00602834865982915,-0.195905225341096,-0.0880219145854587,-0.0311863271663316,0.208586607419411,0.517941892928808,0.266909304805172,0.252783505143648,0.00570491517430879,0.0181856961140844,0.231470847655955,0.080278713132427,0.148383161360559,0.276910434749723,-0.0843843721073986,-0.090861714468127,-0.0158351118278139,0.0182716383828656,-0.0367120152044426,-0.0573976896694487,-0.0451006757077541,0.103020277809262,-0.068492772166623,0.0644830036150125,0.0925710959369973,0.0703798163962802,-0.0753035007240281,-0.16108242637611,0.0677905259813021,0.139740321918182,0.0166092516085904,-0.0242092194837922,0.0352264106066743,0.0957375141250121,0.105905122995211,0.343209750394531,0.0525629112969702,0.0553370567563047,0.16143540238831,0.0684359527003008,-0.174576873736587,-0.014811964435866,0.113788557596165,0.145786369499703,0.153390139198021,0.261420483143573,0.177743776094513,0.174780762252413,-0.0553890519003247,-0.0105469796342758,-0.0783859195519107,0.253221908019768,0.122523464934902,0.12586370454001
"3",-0.0815768449334067,-0.0255817915640167,1,0.0500435070332222,0.0581918119426668,-0.0448674981060832,-0.00077213847003402,0.03106566667745,0.00649146248823857,-0.0237554484193076,0.23327391905154,-0.116060706667161,-0.0449160505987085,-0.011964687636005,-0.020523216810005,0.0807154884926573,0.0835203335547099,-0.0814356382594865,0.0133942537454848,0.03551877482115,-0.00591079232721196,-0.024238134200839,0.0359519239011718,-0.139754385457593,0.170885035713154,-0.0542765357519508,0.00480382908928775,0.0538995388561873,-0.018057070373073,0.039704600031462,-0.0984372705632235,-0.0888986965119951,-0.0183947843887981,0.0731111845656602,0.0945137757437252,-0.176753553391232,0.0110784274491122,-0.0526888767633189,0.019089439007788,-0.0313836462180661,0.00751804799406692,0.0298614478100593,0.0578560774568804,0.180258398260222,0.093181414260624,0.114172695916386,0.120940709391031,0.120832955612104,0.168849048575195,-0.0170302138184483,-0.011554640463206,-0.0106852394747414,0.0894335367662006,0.0971032095685953,-0.0452313666050072,0.246257973463496,0.0657938504395945,0.105725442618514
"4",-0.0412319732458083,-0.0360332169935604,0.0500435070332222,1,-0.039276792197485,0.127959956841783,-0.00974038859196787,-0.0195893838665097,-0.0345528371249791,0.0399447901741327,0.110328613858303,0.103089745227883,0.180991108121255,0.0448053283547399,0.18819748049181,0.0156113743950884,-0.146727697151745,0.0508645990789959,0.0298721904853882,-0.0193278953389609,-0.136112076506293,0.0151494426992109,-0.0933158460072444,-0.081070638041094,0.0658219634192117,0.0885962828259541,0.0174467630027716,0.0644823277959907,0.193970248457993,0.00679226067998258,-0.0606377133143758,0.196070687922382,0.124465362785184,-0.0462390002194139,0.0226397463839093,-0.224749066562648,0.0564623918006154,-0.0873568552038172,0.129814696933655,-0.0431118975514532,-0.0646678974727811,0.037430009266142,0.18410114353118,0.0503931503187024,-0.0748983869093874,-0.0267357307355434,0.081095550891198,0.0245918779902931,-0.0828804691550802,-0.00314944589749357,0.0046090715684046,-0.1044856434622,-0.0295075495440881,0.0233321500660537,-0.00527045276021826,0.00587624199925777,-0.0174768595545045,0.0134210058001932
"5",-0.0191984819555701,-0.00602834865982915,0.0581918119426668,-0.039276792197485,1,0.126494378129578,-0.126883047528565,-0.0820567848745281,-0.0550767096489851,0.0288465650145679,0.00136293759053733,0.0502079861052442,0.0962211554381702,-0.125832828421593,-0.026253757699834,0.0833960970368707,0.116055134232382,-0.0910452639044407,0.157415578768144,-0.103318618196828,-0.173062700863538,0.0410390206146776,0.130229348768147,0.0257882996302641,-0.0341314522771939,0.0911243813205644,0.152329452485826,-0.0750924355462715,-0.00141849961275257,0.10109524041996,0.0813901142930661,0.12746260811748,0.033574314293946,-0.125251644493532,-0.0951519284365267,-0.173783406331632,0.133967659709343,-0.00346298484376277,-0.110675942588745,-0.0354115536022857,0.0866379156954071,0.0164178199033002,0.0339360498232379,-0.189512127804272,0.205689092897115,0.114331866896728,0.0987770642975536,-0.0044765575462236,0.127013050598161,-0.18044445733538,0.178007368389878,-0.0277408902173827,-0.207506815231141,-0.17466335228503,0.0616667330847042,0.0867878170479619,0.0793791187463117,0.11897653670389
"6",-0.0918292160293496,-0.195905225341096,-0.0448674981060832,0.127959956841783,0.126494378129578,1,-0.0978725052945741,-0.016983935103681,0.0511709439756591,-0.0174552097169284,-0.184387628536179,-0.0694898570772866,0.0832899255435033,-0.107171480357404,-0.100567193103904,0.0393082149668479,-0.0575951715355237,-0.135899613709563,-0.0338438434974027,0.06460452937423,0.0347105548136236,-0.106419116043775,-0.102425797866639,0.124322133717658,-0.01993225832496,-0.214447757309195,0.0652400318367985,-0.0324670479422021,-0.05010388660619,-0.0446238864402402,0.130088756115749,0.110294728915292,-0.0901648212353689,-0.00880775898641262,0.0178388600214834,-0.110549472644221,0.00963696890654492,-0.108198679335968,-0.0978773624571431,-0.169982332340046,-0.121108588840005,-0.0642163489039202,0.223393164276062,-0.122669284654238,0.142300248151131,0.209043518270693,-0.115685179357681,0.0932836521690485,0.110030422489193,-0.112908407598062,-0.0075621045085059,-0.0563999099933657,0.015663672795701,-0.158790803718225,-0.0761344852849528,0.0295989120599751,-0.111125509660505,0.0571231138991005
"7",-0.0553709632198175,-0.0880219145854587,-0.00077213847003402,-0.00974038859196787,-0.126883047528565,-0.0978725052945741,1,0.104750241302847,0.00204813736326166,0.0840893621009702,-0.113961795940206,-0.0138927985170247,-0.121846047170336,0.193774703874987,0.13667036586009,0.00224967023319074,0.0922151766732268,0.0200176149488319,0.182492312638178,0.127846897198591,0.17898470822087,0.0223430065082061,0.0387960525427005,-0.170936264909445,0.0294613709996294,0.133790239389148,-0.00186157161804651,-0.157833457622437,0.261142176403846,0.116402727032992,0.238940368598559,0.244511656312266,0.152421238202025,0.149897327944874,0.266457639762814,0.201102493138401,0.255684143008698,0.0846017281055254,0.283565855582201,0.16127776060951,0.247116624131066,0.1762829999462,0.0672009389958655,0.197710031195331,-0.0731645015998428,0.0239948338694005,0.144887126760906,0.110098740984808,0.0590099566002597,0.194162386485449,-0.124507366541582,-0.0430157453892863,-0.119620096286263,-0.0155052926664774,0.0845828561268987,0.0590405038036634,-0.00977125960382222,0.0616486126660725
"8",0.127997991656824,-0.0311863271663316,0.03106566667745,-0.0195893838665097,-0.082056784874528,-0.016983935103681,0.104750241302847,1,0.0200927136670745,0.0140206320294548,-0.0876485211674257,-0.00062070357902753,-0.0635606754206413,0.0822614669231932,0.0939464629150808,0.0597841698344194,0.00289706117412349,-0.0298619877963592,0.0945422627141612,0.280831063335181,-0.0490828903834058,-0.0511147775289085,-0.167176628549396,-0.0494940544646374,0.0590279884437402,-0.0348024283427888,0.0270005406087869,-0.08087247138263,-0.0278574209740444,-0.108812203346608,0.0629713818155147,0.0341022002317067,-0.177083999622704,-0.0771416820841139,-0.00748337643210291,0.160653210936944,0.0802884119757732,0.0940284090965689,-0.00257313150290462,-0.00250021438349547,0.0757387854395055,-0.0533074730247565,-0.0771116335452746,0.0887116786745564,0.0466991784714482,0.0796406957952482,0.0914410605549549,0.00743380877781521,0.184003345953632,0.178580669076654,-0.15369296198956,0.0767924620283621,-0.0481309443076332,-0.0700933219608549,0.0357986988575182,-4.86499603526245e-05,0.00061218080175397,0.128204285611798
"9",0.598669781727875,0.208586607419411,0.00649146248823857,-0.0345528371249791,-0.0550767096489851,0.0511709439756591,0.00204813736326166,0.0200927136670745,1,0.611217939934314,0.138310917812521,-0.13010478630706,-0.144176032359388,-0.100082555483339,0.122969930295545,0.118093900505401,-0.0740722104615442,-0.111260852724067,0.0585203319252304,0.0164765366592706,0.034877165491225,0.0545942344628041,0.0813990010746689,0.0260350462451334,0.0649816827752553,-0.0206340153262202,-0.0163623256825777,0.138728647702546,-0.0364161328713069,0.219380267032456,0.129723759907247,0.0949691778186637,-0.0318128781888644,0.147526110635862,-0.200792911787865,-0.230064311794779,0.209984436709456,-0.0480505735060901,-0.0756863611688764,-0.028378293433384,-0.0354094436400041,-0.0454733691563379,0.311673670116376,-0.0943335141920182,0.0601939944916726,-0.059322804720275,-0.0472561395719811,-0.0643291242685874,-0.0857165516108131,-0.0038618706430058,0.29805653574056,0.304521825890326,-0.254875740985346,-0.17616741138456,-0.0194084642648901,0.130858215584382,-0.0938485705556377,-0.0594728450659693
"10",0.522980011210203,0.517941892928808,-0.0237554484193076,0.0399447901741327,0.0288465650145679,-0.0174552097169284,0.0840893621009702,0.0140206320294548,0.611217939934314,1,0.146220268726893,-0.0727210745557756,-0.231687783794081,-0.0764163325672845,0.142571805875797,0.161923828753659,-0.039436245728479,0.108531728881663,0.0534474939843704,-0.0848821075110778,0.147374026083,-0.00402085297419846,0.0826249804414198,-0.115616367788026,-0.100766798200824,-0.111688136099569,-0.0402061954362354,0.0206020904188973,0.0670083774924639,0.17820419106434,0.0810282668115133,0.00243775916826384,0.0465099901249034,0.107941102976093,-0.0459555747178706,-0.0872374444713758,0.111496007353091,-0.0923609835558113,0.0494958757540635,0.178478937147775,0.051637078161447,0.0103706210258483,0.31129558428189,0.0478208872363559,0.101471245268877,0.102324383842268,0.0559223711223457,0.00345170781140246,0.0102701623291374,0.166247352393122,0.183327941765277,0.193780068876683,-0.247957791283316,-0.152809046536202,0.0353901569604209,0.162194768839999,0.0135958522765309,0.144405852981519
"11",0.300598358534005,0.266909304805172,0.23327391905154,0.110328613858303,0.00136293759053733,-0.184387628536179,-0.113961795940206,-0.0876485211674257,0.138310917812521,0.146220268726893,1,0.162085031714862,0.121972834514716,-0.157505402215271,0.152738187518339,0.207335289528895,0.195773224020209,0.0728055509014777,0.0434195484359302,0.0969835135470149,0.0269451433242179,0.208821501686209,0.0494414741871053,0.0713888660309881,-0.126553559338973,0.0927956626137067,0.042510533425994,0.189116228138394,0.00698530792052634,0.0868363515050344,-0.0708015535672196,-0.116016431730688,0.115008422838363,0.195335570269928,0.119943414795244,-0.174608805648245,0.1122048904847,0.150072585741716,0.105939623633041,0.101358734970861,-0.111670076372762,-0.0659784276836587,0.0687071057438389,0.0538143642379792,-0.149544168338698,-0.16752887492395,0.0153733364292213,0.0665946342941089,0.110757777840756,0.0160901713224306,0.120120863961079,0.0890327935930862,-0.0329741452490966,0.205463894503506,0.0562824350666162,0.168864413950993,0.0835121774623455,0.0599749130384426
"12",0.0789790648860142,0.252783505143648,-0.116060706667161,0.103089745227883,0.0502079861052442,-0.0694898570772866,-0.0138927985170247,-0.00062070357902753,-0.13010478630706,-0.0727210745557756,0.162085031714862,1,0.14317032141512,0.0472070682285544,0.0323516994379729,0.159560754757573,0.234995859069882,0.202594951577695,-0.211410508059085,-0.15496834056589,-0.142964027565184,0.0482546296941523,-0.121931467344497,0.0805877252736745,-0.0959556826123863,0.267798674522548,0.191610354191088,-0.0228717143223658,0.233051975693393,-0.0986910921933836,-0.135783660304471,-0.05475158953334,0.280117354439725,0.139434732995937,0.0668156146616084,0.113556655712036,0.0825195746617978,0.223927186645626,0.0781141732289573,0.0777675667333375,-0.00125949512277343,-0.0978049074485978,-0.0817538210977336,-0.0473030957096664,-0.309902947621925,-0.221942344200634,0.0716448897112105,-0.00101691961314535,0.163273575263781,-0.0122766757573842,-0.177640112518705,-0.202450209007399,0.0683477249904445,-0.0155651370038728,0.0640395606698646,0.072563773417951,0.00026607172878027,0.0874013271844758
"13",-0.108281970612456,0.00570491517430879,-0.0449160505987085,0.180991108121255,0.0962211554381703,0.0832899255435033,-0.121846047170336,-0.0635606754206413,-0.144176032359388,-0.231687783794081,0.121972834514716,0.14317032141512,1,0.116882948989547,-0.0512863525031406,-0.0163966061032155,0.057162653067369,0.0410612930312567,0.0720945440072467,-0.0207544599601979,0.0366196319382725,0.0576673711380814,-0.212071095384625,0.147761245223341,0.0290660324997345,0.189256023789138,-0.209692822791119,0.018488440264501,0.00468692247360338,0.0572737124815138,0.12288274614245,-0.0515899322469365,0.0645248133710053,0.113654989989254,0.0336844953266547,0.0136724339900512,0.148367949828441,0.198340838324916,0.174155532053636,-0.0365024747809419,0.0580123520352615,-0.00652081969528712,0.0289799719799174,-0.0196869017561579,-0.0387975592076407,0.0118961079454322,0.0456544240883459,0.168164859861006,0.311781192508257,0.0548440970499464,0.00091524560644921,-0.0696825077177093,0.128659582944271,0.195707586060272,0.107588228634043,0.00856614802657942,0.124596042157551,-0.0961363804862386
"14",-0.066065719879389,0.0181856961140843,-0.011964687636005,0.0448053283547399,-0.125832828421593,-0.107171480357404,0.193774703874987,0.0822614669231932,-0.100082555483339,-0.0764163325672845,-0.157505402215271,0.0472070682285544,0.116882948989547,1,-0.0148351779134719,-0.123448141927221,0.0648246393420062,0.158527651755978,0.132340732515811,0.00691522828425323,0.0654445380976576,-0.105609650251506,0.0100859563989195,-0.148491707684212,0.00365046210661523,0.00166717093752043,0.0419473491365844,-0.0562162423030545,0.179760960000758,-0.0537396535406011,-0.0395341736823036,-0.0937495196629184,0.0793957054175601,-0.043079027760177,0.040834659923591,0.0359029043308757,0.177253825717232,0.0284128108041913,0.151003091637166,0.123025702046261,0.142259822968487,0.105038610310374,0.0592307947889211,0.179101891010391,-0.0431639014093706,0.010788194962863,0.126718596705038,0.158155386226555,0.0769492873163229,0.417998437049565,-0.100996159162649,-0.057491592657654,-0.101779109147708,0.159959869036449,0.0993929382370934,-0.0241824554697819,0.00619944232010845,-0.0538060411111083
"15",0.0935820060412564,0.231470847655955,-0.020523216810005,0.18819748049181,-0.026253757699834,-0.100567193103904,0.13667036586009,0.0939464629150808,0.122969930295545,0.142571805875797,0.152738187518339,0.0323516994379729,-0.0512863525031406,-0.0148351779134719,1,0.147172992497809,-0.12467539681995,0.126212086370577,-0.0567138612895773,-0.0973333440200921,-0.186672158072718,0.24375497174793,-0.021639015740508,-0.159431835081541,0.149510101405953,0.0464990725083768,-0.199911357720547,-0.0682619160984177,0.0874664040793288,-0.212777350363968,-0.175347023969306,-0.0217951186528534,0.140335394698958,0.152201722435577,0.154562132580133,0.127795879384879,0.0963170204516124,0.0531502639274763,0.227908602641893,0.306877945902819,0.21025716084385,0.281858398956731,0.180231052730246,0.213031084143427,-0.0799230228468529,-0.0506363851448654,0.184874004454222,0.0437937279730792,-0.130720523969891,0.275455042438168,0.181914563762338,0.24955746950797,-0.0521181468111848,-0.0103211191124181,0.0584712036059024,0.00728198551106588,0.0243870081429827,0.152061333628916
"16",0.119260118960637,0.0802787131324269,0.0807154884926573,0.0156113743950884,0.0833960970368707,0.0393082149668479,0.00224967023319074,0.0597841698344194,0.118093900505401,0.161923828753659,0.207335289528895,0.159560754757573,-0.0163966061032155,-0.123448141927221,0.147172992497809,1,0.0933957739619995,-0.0169893400215653,-0.251350562518135,0.0951521118111018,0.019944988542726,0.306417088967993,-0.00505790236552199,-0.0219917273413411,0.125882792793011,-0.10336361014287,-0.0888003597721586,-0.102251328150354,0.0397747259130765,0.0460343651388038,-0.123201294416464,-0.104595132661427,-0.15710526344867,0.0726816602799981,0.147403483684621,-0.0551052882116818,0.0921875712260692,0.00677327193579522,-0.00465494851898103,-0.0850407064308963,-0.112770720569393,0.0262561017071093,0.0223305453176383,0.0531325248102384,-0.0955127170022845,0.0220075127035697,-0.0367154506024311,0.0755267651597061,-0.0635977214618085,-0.118259999763191,0.0532705494582142,0.178844266113038,0.121805255669199,0.0299592475160115,0.198571264730059,0.0451316925346886,0.170863014708377,0.238066022520084
"17",0.102645893150004,0.148383161360559,0.0835203335547099,-0.146727697151745,0.116055134232382,-0.0575951715355237,0.0922151766732268,0.00289706117412349,-0.0740722104615442,-0.039436245728479,0.195773224020209,0.234995859069882,0.057162653067369,0.0648246393420062,-0.12467539681995,0.0933957739619995,1,0.0213444437865596,0.0172359277110247,0.183126039835427,-0.0619642532456135,0.0525322007478708,0.0151892851979706,-0.0245691746345872,-0.0733623226612465,0.208580537161674,0.0592623759026227,0.0559234875475924,0.0257920352866282,0.155393098280591,0.198663379906821,0.103551348528175,0.220162247947218,0.180309611979166,0.14301357978154,0.161310514543764,0.0115653971537483,0.199942858077453,0.18729885395857,0.148166964231061,0.0426577444533151,-0.0174854112760345,-0.249445801802219,-0.00196918955613895,-0.131535697959695,0.00436793264382691,0.167563398819597,0.0949183265276291,0.383838332666721,-0.0943546002423427,0.0930223428904683,0.0961642234626085,0.00193390713793165,0.17678721066444,0.104568614759551,0.188404666200124,0.196045466431158,0.028963293959753
"18",-0.0149854284762389,0.276910434749723,-0.0814356382594865,0.0508645990789959,-0.0910452639044407,-0.135899613709563,0.0200176149488319,-0.0298619877963592,-0.111260852724067,0.108531728881663,0.0728055509014777,0.202594951577695,0.0410612930312567,0.158527651755978,0.126212086370577,-0.0169893400215653,0.0213444437865596,1,0.0302072916547537,-0.0402827463638511,-0.0333831505718615,0.0174190902367131,0.140882907257807,-0.0967549383428315,-0.168224902844567,-0.135102043152039,-0.0156868976100205,-0.041023250187164,0.199821152244372,-0.0701096933954787,-0.0818077947784028,-0.0318854395679816,0.0998348279402344,0.0741380375926554,0.221103763229435,0.234637499406065,-0.0825413276275431,0.0283218680809642,0.149486528694576,0.397758028878623,0.14476461760534,0.171617807975426,0.23720488623251,0.0796790718585459,-0.106145985212917,0.118356652265794,0.0448282429388016,0.140038312521822,0.136720648692144,0.449736155460133,-0.0804840335010429,0.133426774743652,0.00871103554732043,-0.0160673938784184,-0.0647805777486919,-0.0463843715771343,-0.0223963874269527,-0.0913740258109013
"19",-0.0177678062815326,-0.0843843721073986,0.0133942537454848,0.0298721904853882,0.157415578768144,-0.0338438434974027,0.182492312638178,0.0945422627141612,0.0585203319252304,0.0534474939843704,0.0434195484359302,-0.211410508059085,0.0720945440072467,0.132340732515811,-0.0567138612895773,-0.251350562518135,0.0172359277110247,0.0302072916547537,1,0.289540169923995,0.140080955823967,-0.130119823077824,0.0379346470145842,-0.143505318539565,-0.213860359602189,-0.0792637903626682,0.0213302245075091,0.11747212832213,-0.0239373244460627,0.0919077702115006,0.472596786538929,0.350204497208421,0.0281200600349919,-0.0377985272487447,-0.18844431030517,-0.201017227777759,0.144206164898306,-0.1115146534981,-0.00273904354555164,0.0209457822019344,0.177415698574291,0.111528257053146,0.102705009879138,0.0198907904644809,0.14844006606614,0.156547187860276,0.0625225126379096,0.00556059779114454,0.0703533579119273,0.13644646157181,0.150564757770759,0.0777768476879874,-0.217435456903008,-0.179463293430131,0.16951752236897,0.120906589443013,0.0260894674923437,-0.0747436104126972
"20",0.0113269690628196,-0.090861714468127,0.03551877482115,-0.0193278953389609,-0.103318618196828,0.06460452937423,0.127846897198591,0.280831063335181,0.0164765366592706,-0.0848821075110778,0.0969835135470149,-0.15496834056589,-0.0207544599601979,0.00691522828425323,-0.0973333440200921,0.0951521118111018,0.183126039835427,-0.0402827463638511,0.289540169923994,1,0.187437163574821,-0.0843352517813845,-0.213307116003877,-0.0427976769892516,0.0653668173374978,0.00268990708506266,0.0545858980453381,0.0796145019194577,-0.236261219416681,0.204363113495068,0.235041945615295,0.428791129897046,-0.0759699076157433,0.00113980747952022,0.0156569523761941,-0.0911804479960439,0.0977775880588878,0.0520946899889083,0.175724251292724,-0.0465068956709356,0.130114651799416,0.0542022946507505,0.0228635386960516,0.0899831125648363,-0.103803921734377,0.0307870058717183,0.0443071826143915,0.108787342130128,0.143774967081268,0.0547598718755413,-0.0979478091135159,0.038354411304406,0.0264724172426681,-0.00865405850030495,0.0048775722952902,0.0252624854670074,0.067929065141516,-0.00460409814097893
"21",-0.0543252375758861,-0.0158351118278139,-0.00591079232721196,-0.136112076506293,-0.173062700863538,0.0347105548136236,0.17898470822087,-0.0490828903834058,0.034877165491225,0.147374026083,0.0269451433242179,-0.142964027565184,0.0366196319382725,0.0654445380976576,-0.186672158072718,0.019944988542726,-0.0619642532456135,-0.0333831505718615,0.140080955823967,0.187437163574821,1,0.0676140573945613,-0.0197688082275684,-0.225899153497901,-0.00217313993653235,-0.168447514078333,-0.00078709417101197,0.0821462667388971,-0.101793563684784,0.276089460416815,0.183578997029985,0.0870330608270307,-0.0701368922326244,0.0498982229932755,0.00619359603738237,0.0644483435793465,0.20331629429414,-0.0584626953813118,0.153088482730237,0.0336335538989281,0.156048846455454,0.00486801106801996,0.0663374131167487,-0.0161850885615079,-0.0397399574498226,0.010153920380936,0.0253869632334712,0.0648438243331581,0.0261559434679346,0.121807449035703,-0.0298157710847474,0.0620069995341315,0.00337868461196006,0.0946006725198918,-0.0409550050045539,0.0859651344976288,-0.154838368856889,-0.174404901267471
"22",0.0753613432780229,0.0182716383828656,-0.024238134200839,0.0151494426992109,0.0410390206146776,-0.106419116043775,0.0223430065082061,-0.0511147775289085,0.0545942344628041,-0.00402085297419846,0.208821501686209,0.0482546296941523,0.0576673711380814,-0.105609650251506,0.24375497174793,0.306417088967993,0.0525322007478708,0.0174190902367131,-0.130119823077824,-0.0843352517813845,0.0676140573945613,1,0.161486974962344,-0.00519518918927988,0.0142892934520126,0.0407846301302175,-0.157123441824782,0.109679424535872,-0.0335310968333373,0.0452863578717361,-0.129916178535438,0.0879809891423084,0.00702861802530504,0.0981309711454,0.157415465117893,-0.0126180888842753,-0.0785750374216858,-0.0385523475770182,0.112914248734718,0.0401856875758872,-0.0607277696983073,0.0378327340813324,0.11938508957264,-0.115859449226863,0.0738097879655162,-0.0426771030082483,-0.0645421185494178,-0.0602611807267681,0.0510411988537475,-0.0157817060566248,-0.0592861276126776,0.0760472050261254,-0.219132005356625,0.0155810748068238,0.00926713141815811,-0.0741070616998248,0.0661328605586925,0.113263821195551
"23",0.0191041743396695,-0.0367120152044426,0.0359519239011718,-0.0933158460072444,0.130229348768147,-0.102425797866639,0.0387960525427005,-0.167176628549396,0.0813990010746689,0.0826249804414198,0.0494414741871053,-0.121931467344497,-0.212071095384625,0.0100859563989195,-0.021639015740508,-0.00505790236552199,0.0151892851979706,0.140882907257807,0.0379346470145842,-0.213307116003877,-0.0197688082275684,0.161486974962344,1,0.0866318004979669,-0.0755058912382853,-0.135921696828925,0.0255636476351777,0.133798368681314,0.0639747330630387,0.254800508768526,-0.0146000893484965,-0.026955820637222,0.101419237266593,0.13345999063331,0.0717533393500653,0.152540021459232,-0.0232393925043563,-0.189487273466764,0.0182342453670035,0.0975267105282793,-0.00687076216116155,0.152730222945249,0.193574363589525,-0.0625052165314752,0.100187048018381,0.022055386937175,0.0515206574712981,0.131120349705526,-0.184710573282908,0.0259354728160998,0.103208820406487,0.0982842320422806,-0.223834288031992,0.187384595528922,-0.0771066211642398,-0.0992565558536668,0.0847837559244409,-0.0821731691635705
"24",0.0717482001247187,-0.0573976896694487,-0.139754385457593,-0.081070638041094,0.0257882996302641,0.124322133717658,-0.170936264909445,-0.0494940544646374,0.0260350462451334,-0.115616367788026,0.0713888660309881,0.0805877252736745,0.147761245223341,-0.148491707684212,-0.159431835081541,-0.0219917273413411,-0.0245691746345872,-0.0967549383428315,-0.143505318539565,-0.0427976769892515,-0.225899153497901,-0.00519518918927988,0.0866318004979669,1,-0.119127101801597,-0.0763235788846718,-0.012859980107088,0.0362449559241898,-0.0649127484631349,-0.119901936576506,-0.169067140507332,-0.279230660791842,0.0296755536169331,0.0765794542803193,0.044261411301477,-0.0135098489401567,-0.190442358452556,0.0957961902679612,-0.00532496604509857,-0.0734646535132716,-0.177494566410845,-0.0640385364946306,-0.0303081091471875,-0.151368346037387,0.0208587877022545,-0.099138288826588,-0.109397478167062,-0.00290392930959152,-0.0102364617795688,-0.153193083793776,-0.0273550453410916,-0.0447755276256392,0.0786165530593895,0.120187994249656,0.0382492261791428,-0.127659440035159,0.0361311817539088,-0.0195656550468435
"25",-0.00830038431770779,-0.0451006757077541,0.170885035713154,0.0658219634192117,-0.0341314522771939,-0.01993225832496,0.0294613709996294,0.0590279884437402,0.0649816827752553,-0.100766798200824,-0.126553559338973,-0.0959556826123863,0.0290660324997345,0.00365046210661524,0.149510101405953,0.125882792793011,-0.0733623226612466,-0.168224902844567,-0.213860359602189,0.0653668173374978,-0.00217313993653235,0.0142892934520126,-0.0755058912382853,-0.119127101801597,1,0.199173403236486,-0.192002713285913,-0.0342542295715642,-0.0912526415191893,0.143868352210737,0.0256660339208343,0.0350810757030575,-0.110570329124971,0.0421202076894165,0.0108911494675562,0.0337408911064571,0.0519911852823001,-0.0177096109562137,-0.108558684630763,-0.136993406074621,0.210499838798057,0.043566988968416,-0.0528642315192658,0.306418151630291,-0.00777593904794347,-0.0767188070263232,0.0106146842931353,0.0578059116846871,0.142082797353988,-0.020569180363739,-0.0411479240320159,0.112858755040784,0.110199353454438,0.00356528028764221,0.0779011386286684,-0.0448707158123827,-0.0408319021326605,-0.134543290694307
"26",0.160727422448784,0.103020277809262,-0.0542765357519508,0.0885962828259541,0.0911243813205644,-0.214447757309195,0.133790239389148,-0.0348024283427888,-0.0206340153262202,-0.111688136099569,0.0927956626137067,0.267798674522548,0.189256023789138,0.00166717093752043,0.0464990725083768,-0.10336361014287,0.208580537161674,-0.135102043152039,-0.0792637903626682,0.00268990708506266,-0.168447514078333,0.0407846301302175,-0.135921696828925,-0.0763235788846718,0.199173403236486,1,0.210912485109791,-0.00782098091641968,0.0535313070413387,0.0452888986768957,0.199285578627606,0.0816324160769131,0.299492395344493,0.0957291165027043,-0.103783967189661,-0.0122360428769457,0.0169678076239215,0.247418868225462,-0.00192866700307405,-0.0866187172685918,0.0755680659996477,-0.139862055508685,-0.144391720974122,-0.0482638350382592,-0.256200656578756,-0.261189034582735,0.0187382106515065,-0.227725830866154,0.134677752329651,-0.090222099999666,-0.0508522199623749,-0.137273352246653,-0.0440937339490829,0.0521876647632878,0.118713663679218,-0.0379054684603299,0.071868279583651,-0.0379993163247657
"27",0.0800321392555322,-0.068492772166623,0.00480382908928775,0.0174467630027716,0.152329452485826,0.0652400318367985,-0.00186157161804651,0.0270005406087869,-0.0163623256825777,-0.0402061954362354,0.042510533425994,0.191610354191088,-0.209692822791119,0.0419473491365844,-0.199911357720547,-0.0888003597721586,0.0592623759026227,-0.0156868976100205,0.0213302245075091,0.0545858980453381,-0.00078709417101197,-0.157123441824782,0.0255636476351777,-0.012859980107088,-0.192002713285913,0.210912485109791,1,0.222240958552303,0.0394377322456356,0.0383379554884542,0.0760849669430594,0.155021846136941,0.236919223566796,0.0448428007424103,-0.144365861479322,-0.232325482303442,-0.0815028700151822,-0.0600740488021036,-0.0268079978230217,0.052829799058839,-0.0147488138534663,-0.197232128917695,-0.116204840803681,-0.176095841104791,-0.158945605891599,-0.206984740892901,-0.073149517244331,-0.192261029310251,-0.0441739945647801,-0.101584421441081,-0.084570206299866,-0.0862278417989673,-0.202726841828915,-0.0742171425087465,-0.0994043928219512,0.0948904970240281,-0.0651265613884365,0.0459622628025873
"28",0.0245046498040381,0.0644830036150125,0.0538995388561873,0.0644823277959907,-0.0750924355462715,-0.0324670479422021,-0.157833457622437,-0.08087247138263,0.138728647702546,0.0206020904188973,0.189116228138394,-0.0228717143223658,0.018488440264501,-0.0562162423030545,-0.0682619160984177,-0.102251328150354,0.0559234875475924,-0.0410232501871641,0.11747212832213,0.0796145019194577,0.082146266738897,0.109679424535872,0.133798368681314,0.0362449559241898,-0.0342542295715642,-0.00782098091641968,0.222240958552303,1,-0.0452153212434086,0.167108383931379,0.0139279078315275,-0.009119016266366,0.133456368247106,0.00446549883992446,-0.172474048435267,-0.140787985725087,-0.179969114425886,-0.208526101523279,0.0275826642828973,-0.0445000374706541,-0.122852253332345,-0.0739741158416464,0.127307404482172,-0.191280793372889,0.0100758147918033,0.0215492216279552,-0.00986513548824317,0.0794338958664218,0.0507647966899371,-0.0187945471075611,0.200474584768602,0.111969909222146,-0.14967391045181,0.0247993269211695,-0.018842266789824,0.0822679527343747,-0.0886892746419216,-0.106633127230016
"29",-0.0589038250787818,0.0925710959369973,-0.018057070373073,0.193970248457993,-0.00141849961275257,-0.05010388660619,0.261142176403846,-0.0278574209740444,-0.0364161328713069,0.0670083774924639,0.00698530792052634,0.233051975693393,0.00468692247360338,0.179760960000758,0.0874664040793288,0.0397747259130765,0.0257920352866282,0.199821152244372,-0.0239373244460627,-0.236261219416681,-0.101793563684784,-0.0335310968333373,0.0639747330630387,-0.0649127484631349,-0.0912526415191893,0.0535313070413387,0.0394377322456356,-0.0452153212434086,1,0.00693215908888874,0.0398271086451681,-0.0531015619576382,0.117619065390486,0.0320186895912558,0.198373798384855,0.176719627515861,0.164592597896709,0.213725030782118,0.0490120529378162,0.093370817323192,-0.0164861831425673,0.177982337382313,0.0825126896973871,0.208070352478288,0.00693997528881841,0.0276136749104449,0.0109056532997184,0.0648849562204361,-0.141777777187508,0.242896762430198,-0.0878698017112655,-0.131805970209853,-0.0266004388731623,0.110553920949583,0.142186400192829,0.0238337735145027,0.0334867506474592,0.0640236075549222
"30",0.104272115853504,0.0703798163962802,0.039704600031462,0.00679226067998258,0.10109524041996,-0.0446238864402402,0.116402727032992,-0.108812203346608,0.219380267032456,0.17820419106434,0.0868363515050345,-0.0986910921933836,0.0572737124815138,-0.0537396535406011,-0.212777350363968,0.0460343651388038,0.155393098280591,-0.0701096933954787,0.0919077702115006,0.204363113495068,0.276089460416815,0.0452863578717361,0.254800508768526,-0.119901936576506,0.143868352210737,0.0452888986768957,0.0383379554884542,0.167108383931379,0.00693215908888874,1,0.225340265648082,0.299244587759588,0.0571813130968627,-0.0128822051427326,-0.0618620247601051,-0.018882931734425,0.0822881619100648,-0.139898009297524,-0.0376069319288391,-0.190169286301234,0.0577199095633614,-0.0442656484529954,0.138387167372148,0.00800123045472406,0.00803645807282099,0.0670977561840746,-0.0744431096814088,0.0134964768636792,-0.0313982401409772,-0.0634857814334498,0.106468150573912,0.115981219517867,-0.0609556327511838,0.126214071652433,-0.0403168936694219,-0.00546517332737212,0.145440392275185,-0.188112698749879
"31",-0.0311560453328819,-0.0753035007240281,-0.0984372705632235,-0.0606377133143758,0.0813901142930661,0.130088756115749,0.238940368598559,0.0629713818155147,0.129723759907247,0.0810282668115133,-0.0708015535672196,-0.135783660304471,0.12288274614245,-0.0395341736823036,-0.175347023969306,-0.123201294416464,0.198663379906821,-0.0818077947784028,0.472596786538929,0.235041945615295,0.183578997029985,-0.129916178535438,-0.0146000893484965,-0.169067140507332,0.0256660339208343,0.199285578627606,0.0760849669430594,0.0139279078315275,0.0398271086451681,0.225340265648082,1,0.347504146167559,-0.0803607398221656,0.0665762064469789,-0.15176467027722,0.0469949637783214,0.221911007887009,0.116913789600712,0.00978062965984377,-0.0367249551295823,0.227756513222233,0.0641195274962076,0.0253233570212258,-0.00648204632164145,0.0268999122426979,0.0152263114265403,0.00872808876365059,-0.0638534696677945,0.185786359344445,0.028761283633265,-0.00421042121963584,-0.0952102445114028,-0.219068945064141,-0.139693034306028,0.0873481387643058,0.0385068085188443,0.0576055605508396,-0.175498085609281
"32",-0.00781936313898643,-0.16108242637611,-0.0888986965119951,0.196070687922382,0.12746260811748,0.110294728915292,0.244511656312266,0.0341022002317067,0.0949691778186637,0.00243775916826384,-0.116016431730688,-0.05475158953334,-0.0515899322469365,-0.0937495196629184,-0.0217951186528534,-0.104595132661427,0.103551348528175,-0.0318854395679816,0.350204497208421,0.428791129897046,0.0870330608270307,0.0879809891423084,-0.026955820637222,-0.279230660791842,0.0350810757030575,0.0816324160769131,0.155021846136941,-0.009119016266366,-0.0531015619576382,0.299244587759588,0.347504146167559,1,0.203187954546277,0.0314986527614657,-0.0206687588583214,-0.143675154347002,0.0616075026594207,-0.0260769516496326,0.0701147602347676,-0.00568251446417124,0.13951960444906,0.0903268684424108,0.119545868688539,-0.00756621182777741,0.0320659503276942,0.196062120561372,-0.0709290806743725,-0.0213677164155361,0.00325268562363072,-0.00357788460067612,-0.197637567367187,-0.205523875609795,-0.101023760111182,-0.134271682098438,-0.0558224031289619,0.0505239957449737,-0.00667337296103248,0.0045242267707828
"33",0.062344429915723,0.0677905259813021,-0.0183947843887981,0.124465362785184,0.033574314293946,-0.090164821235369,0.152421238202025,-0.177083999622704,-0.0318128781888644,0.0465099901249034,0.115008422838363,0.280117354439725,0.0645248133710053,0.0793957054175601,0.140335394698958,-0.15710526344867,0.220162247947218,0.0998348279402344,0.0281200600349919,-0.0759699076157433,-0.0701368922326244,0.00702861802530504,0.101419237266593,0.0296755536169331,-0.110570329124971,0.299492395344493,0.236919223566796,0.133456368247106,0.117619065390486,0.0571813130968627,-0.0803607398221657,0.203187954546277,1,0.383684349083712,0.311433770093355,0.0883681126371692,0.062130618793198,0.0906560325383785,0.414216209190848,0.384020261330173,0.110414383741105,0.152022548768275,-0.0338133359273625,-0.0203417590810178,-0.128412704385171,-0.0295024993664082,0.117642069380033,0.124952520443041,0.0474359705399587,0.129757803453801,0.0926956200855377,0.00657875064416163,0.00836118826874947,0.16817367422087,-0.0410545902685852,-0.121686837074361,0.107286633499969,-0.0407136084523042
"34",0.188226794561073,0.139740321918182,0.0731111845656602,-0.0462390002194139,-0.125251644493532,-0.00880775898641262,0.149897327944874,-0.0771416820841139,0.147526110635862,0.107941102976093,0.195335570269928,0.139434732995937,0.113654989989254,-0.043079027760177,0.152201722435577,0.0726816602799981,0.180309611979166,0.0741380375926554,-0.0377985272487447,0.00113980747952022,0.0498982229932755,0.0981309711454,0.13345999063331,0.0765794542803193,0.0421202076894165,0.0957291165027043,0.0448428007424103,0.00446549883992446,0.0320186895912558,-0.0128822051427327,0.0665762064469789,0.0314986527614657,0.383684349083712,1,0.337586186330858,0.152718843107403,0.0436937510191085,0.113144472959411,0.411834262258292,0.45183907371377,0.0735209070369072,0.329462451156387,0.0202764693047813,0.0449003488731335,-0.120464959357843,-0.0726283693687548,0.225254126326933,0.26061004842684,0.203505907116528,0.0767872537739721,0.0962850791379916,0.155162642135489,0.0501481367662444,0.222596518888264,-0.283734816939432,0.109315280333384,0.0508222836049489,0.0905253884231961
"35",-0.107599605598266,0.0166092516085904,0.0945137757437252,0.0226397463839093,-0.0951519284365267,0.0178388600214834,0.266457639762814,-0.00748337643210291,-0.200792911787865,-0.0459555747178706,0.119943414795244,0.0668156146616084,0.0336844953266547,0.040834659923591,0.154562132580133,0.147403483684621,0.14301357978154,0.221103763229435,-0.18844431030517,0.0156569523761941,0.00619359603738237,0.157415465117893,0.0717533393500653,0.044261411301477,0.0108911494675562,-0.103783967189661,-0.144365861479322,-0.172474048435267,0.198373798384855,-0.0618620247601051,-0.15176467027722,-0.0206687588583214,0.311433770093355,0.337586186330858,1,0.365283640202919,0.0885358373083421,0.185911208761161,0.401907488420948,0.369671492464238,0.117108953217043,0.39065997939672,0.108685177084727,0.23742540242832,0.0643962234852979,0.292425080575287,0.132352882568655,0.37802332164656,0.171336261833025,0.282184093577054,0.00602388182409733,0.0640004239595565,0.123955180529151,0.267477347446851,-0.0323456301875135,-0.149625528810917,0.0468088181508383,0.150837310124035
