"","l_Insular.Cortex","r_Insular.Cortex","l_Amygdal.Area","r_Amygdal.Area","l_Bed.Nucleus.of.the.Stria.Terminalis","r_Bed.Nucleus.of.the.Stria.Terminalis","l_Hippocampus","r_Hippocampus","l_Orbitofrontal.cortex","r_Orbitofrontal.cortex","l_Entorhinal.Cortex","r_Entorhinal.Cortex","l_Frontal.Association.Cortex","r_Frontal.Association.Cortex","l_Globus.Pallidus","r_Globus.Pallidus","l_Glomerular.Layer.of.the.Accessory.Olfactory.Bulb","r_Glomerular.Layer.of.the.Accessory.Olfactory.Bulb","l_Glomerular.Layer.of.the.Olfactory.Bulb","r_Glomerular.Layer.of.the.Olfactory.Bulb","l_Granule.Cell.Level.of.the.Cerebellum","r_Granule.Cell.Level.of.the.Cerebellum","l_Hypothalamic.Region","r_Hypothalamic.Region","l_Entorhinal.Cortex","r_Entorhinal.Cortex","l_Vermix.Molecular.Layer.of.the.Cerebellum","r_Vermix.Molecular.Layer.of.the.Cerebellum","l_Lateral.Molecular.Layer.of.the.Cerebellum","r_Lateral.Molecular.Layer.of.the.Cerebellum","l_Anterior.Olfactory.Bulb","r_Anterior.Olfactory.Bulb","l_Posterior.Olfactory.Bulb","r_Posterior.Olfactory.Bulb","l_Subiculum","r_Subiculum","l_Perirhinal.Area","r_Perirhinal.Area","l_PreLimbic.System","r_PreLimbic.System","l_Primary.Cingular.Cortex","r_Primary.Cingular.Cortex","l_Primary.Motor.Cortex","r_Primary.Motor.Cortex","l_Retrosplenial.Cortex","r_Retrosplenial.Cortex","l_Secondary.Cingular.Cortex","r_Secondary.Cingular.Cortex","l_Secondary.Motor.Cortex","r_Secondary.Motor.Cortex","l_Striatum","r_Striatum","l_Ventral.Tegmental.Area","r_Ventral.Tegmental.Area","l_Substantia.Nigra","r_Substantia.Nigra","l_Thalamus","r_Thalamus"
"1",1,0.109983453000399,-0.090180953845804,-0.0778575233897285,-0.0444886432385688,-0.00964373135294362,0.0427062801112395,-0.039567232007889,0.0334144178387138,0.175569830703413,0.156028011621663,0.0578706994342637,0.196308893495872,0.0672423620677611,0.00289341100309926,0.0564306702484396,0.0703620173184653,-0.0282791624401955,-0.0658345313095273,-0.0380535711232306,0.039019213850928,-0.00214025790892335,0.129628897951849,-0.0158747405752573,-0.123128827219035,0.00238759683466648,-0.0897877982068176,-0.0711816639658444,0.0615871809346648,-0.107923762005795,-0.0509960364630103,-0.0175601017010618,0.0623640970752055,-0.0594900994430239,-0.23155133260531,0.0164910846108906,0.0472272973839898,0.0497452229120841,0.0237399226870106,0.142585725389609,0.100137511876075,-0.180576155391224,0.0444122445547296,-0.0306922203476411,-0.0320259470308434,-0.133356828825929,-0.107833652054807,-0.235756683231773,0.157537723744465,0.0698440238132278,0.164188799952773,0.240512109503754,0.0437520693139131,0.0267043789202224,0.0140872175529514,0.0217993905907166,-0.129341404125199,0.0500602680015106
"2",0.109983453000399,1,-0.0121197777255607,0.0513103852391457,0.0220027952263644,0.0974419386192733,0.0796471945281352,-0.0386325324963616,0.0554174436809961,0.177986793526546,-0.132328330466041,0.0441877518262734,0.123777151055019,0.0078466122052511,-0.177294041801217,0.0225348494954396,-0.0655152970601142,0.0807287900614862,0.133073217720334,-0.0459513161295155,0.0354879974364936,0.00939108562352158,0.175074914334485,0.0961917096696269,0.0142029796989539,-0.0325671924857385,-0.0404996589715004,0.0237541935954548,0.00175352760390856,0.00309061083382262,-0.0412789852220128,0.0401146473444845,0.0302252567894156,0.144755179798745,-0.0725253776027065,-0.0502303788844961,0.169663103842647,-0.0089260080439493,0.0869597176993291,0.061341208812105,-0.0353383268561098,0.0972106462896482,-0.0137377010755943,-0.091181860334204,-0.0459896745385478,0.139518456099357,-0.0095750835266106,0.0735437977194978,-0.0456416662124767,-0.0267125430574791,-0.0406317508378759,0.0165447541576237,-0.0543683594933381,-0.168277965229301,0.0519223763257371,-0.202944861460067,0.097451365995745,-0.00054277116269945
"3",-0.090180953845804,-0.0121197777255607,1,0.180093348916297,0.197853027794034,0.0596409227989269,0.0765540485842854,0.0541079799928291,0.0740378230646585,-0.157357303487288,0.116507841520149,0.0432007778698896,-0.137953559663152,0.040839238253844,0.0248587456786806,-0.00641390308204184,0.0333063197324705,0.168847011061029,0.134751131318149,0.0365881708159398,0.0655744143333996,0.098233938112746,0.0653259906485351,-0.0945578297602364,0.0830973471656481,0.0980439850318541,-0.0690612140467489,0.202052707934295,0.214245109012771,-0.0183541507987776,0.144795482088906,0.146748448816204,0.0264298106173519,-0.100243259415509,0.304533270358397,0.0790155173950572,0.222296137776378,0.0590852620292066,-0.00449266581941659,-0.0554244657584328,-0.00311415022146149,-0.0497785961026419,-0.0212891072532132,0.0258011984414354,-0.220155676524852,-0.0874220666925557,0.00554118431251908,0.161328207911232,-0.231718156416451,0.025576126512384,-0.0296826864209111,0.0548013637981706,-0.0473239123226171,-0.212957490196522,-0.0511035581408208,-0.0991095793210084,-0.0880507059206544,-0.052057562058023
"4",-0.0778575233897285,0.0513103852391457,0.180093348916297,1,-0.0378298160219769,-0.187672950390459,0.175370029406722,0.13921137695757,-0.0127792711979253,-0.0785959415496907,-0.170951225238156,-0.00339591286187383,-0.0719587230712552,-0.0608494299406667,0.0400200873457607,0.0405251275333881,0.10297569710196,0.0233658599913691,0.0344863268950967,-0.0483991357941877,0.0450463889068032,0.133434588622775,0.0545549614778436,-0.0445110380274255,0.102758111336592,0.156816133508114,-0.0611046034542354,0.221575408193774,-0.259751951616661,0.049459179948541,-0.0834620241646404,-0.00841237247142,0.106242513234864,-0.0635445480208525,-0.0305445967102345,-0.0201697405219484,0.224068427732749,-0.0752229823179198,0.00600042634373407,0.205434306326228,-0.0147934196593781,0.0938832627346018,0.0655894334167165,-0.11629484449717,-0.118419979326998,0.0540071388456185,0.0662554379960428,0.131478663925857,-0.165739204398164,0.090696024616836,-0.142206416408645,-0.138538238088473,-0.104676879847429,0.0852245589047118,0.247405112094924,-0.0980584556790888,0.0392840008116718,-0.0856396351630875
"5",-0.0444886432385688,0.0220027952263644,0.197853027794034,-0.0378298160219769,1,0.174372347483342,-0.0578415956733376,0.111701145539126,-0.0174483571788527,-0.117014978448012,0.00395036316748047,0.0778379890210852,0.0728497768480793,0.213214246301311,0.0403500059021775,-0.0335935085336099,-0.0237116626006477,0.0774604690070985,0.0250659477189282,0.0471031121939082,-0.152948007960777,0.117675748486706,-0.0223922126516483,0.0337031298648025,-0.0613564233344932,-0.0747790903192535,-0.0728582732217221,-0.00660786914914258,-0.095224591839659,-0.153503791529381,-0.110375470439187,0.00537462455376347,-0.132134967666344,0.0681611622660972,0.0330562062267201,-0.0811658874292005,0.0708942368775816,0.106456906297403,0.307206996621641,0.159158762404532,-0.0192473777618509,0.0141270292942759,-0.175158275274579,-0.246785559175764,0.0168547920545545,-0.169497817754692,0.0550534809349181,0.0955203725228611,-0.0965381727966999,0.0211300314572837,0.192264881032806,0.00231406250695663,0.129374318699779,-0.0845932945168214,0.0689970709948896,-0.0157777809031723,-0.100716559900179,-0.00072591516641038
"6",-0.00964373135294362,0.0974419386192733,0.0596409227989269,-0.187672950390459,0.174372347483342,1,-0.0976617941136197,0.0606417437127605,0.0864697876503606,0.0832534203433874,-0.00323303108287341,0.102265709275966,0.0471205746944998,0.05131350148488,-0.0209972986623244,-0.197508599585718,-0.00917043874901515,0.130214332622571,-0.155503723467915,-0.0728658048405922,-0.00240346409030522,-0.0127397975708246,0.0850966828238032,0.126430502346323,0.0445050629866344,0.0522432881068116,0.0245403294949142,0.0040351301349251,-0.135728008357308,-0.146741844476948,0.119228350830437,-0.016830501630139,-0.209138420116164,-0.0435599719298076,0.107373034330106,-0.0511836255197085,0.0258012301707456,0.0929452817715251,-0.0644056905805834,-0.104012287025407,-0.0563500901722616,-0.058115181681496,-0.113389586378877,0.162264752815766,-0.0131285660940423,-0.00689901867862029,-0.155129691939207,-0.317127887672929,-0.00848462015853735,0.00912824829213211,0.0923004236140955,0.0338010984917562,-0.0938554477692526,-0.0980271526217512,-0.115306440077228,-0.0903922681223307,-0.113218157104635,0.105150759615524
"7",0.0427062801112395,0.0796471945281352,0.0765540485842854,0.175370029406722,-0.0578415956733376,-0.0976617941136197,1,-0.081819623260353,0.00606840461197813,0.00339575228196121,-0.157236316573677,-0.00211838700176148,0.0992261286958341,0.0116684587325053,-0.209844212804748,0.262850608476373,0.0415599392987843,-0.00968426931288058,-0.0280443922772581,0.0226258843426142,-0.0883603734604649,-0.128484955387721,0.0588263593871035,-0.229241092597023,-0.262710406700623,0.0970435484337864,-0.0975109970052569,0.129037397285521,-0.111409184834426,0.183563281200867,-0.0834990705242796,-0.0661300647927135,0.0295169057553911,-0.149943302961031,0.246064479482056,0.117869575957473,-0.00091760661315431,-0.0846936550492974,0.0503959051262488,0.0449782404023468,-0.0152894327971658,-0.0617041856862262,-0.0594882343006327,-0.238370944421788,-0.0236351649768423,0.103676053342843,0.295820162313458,0.274492233580302,-0.0726467236559962,-0.158590419415467,-0.240304897508738,-0.156117467077302,0.0225528552801049,-0.169073523398057,-0.0280684156433334,-0.131385070809229,0.0950831478440121,-0.0312185046122264
"8",-0.039567232007889,-0.0386325324963616,0.0541079799928291,0.13921137695757,0.111701145539126,0.0606417437127605,-0.081819623260353,1,-0.0985113817700657,-0.173321415091953,0.0565171852733522,0.0135280582557201,0.0413302778310898,-0.0332814212734955,0.124024979463543,0.0319057083454102,0.0176934003398067,0.0418708985582825,0.231902053763756,0.106576020661122,0.0871494520888878,-0.0444929012571332,0.225615756261491,0.0955569408885073,-0.0315348966937289,-0.0362658414299457,0.0854196759179054,0.183754004293834,-0.110963735709129,-0.204583270762741,-0.030632931627479,0.0251147680540972,-0.310071374303908,-0.0177509828896735,0.0843135571054709,0.168387576766985,0.15043535609478,0.165713107347674,0.080339930806201,0.05216338080395,-0.211570537417292,-0.0342347219195244,-0.0682740425808043,-0.0444090666679827,0.0278227070520388,0.0884061856224175,0.061074292076012,-0.00837562533276335,-0.09411583885982,-0.0276107876453954,0.0262573338379782,0.0310812359153508,0.147708223185992,0.0739990835474267,0.0444284084916572,-0.0556958371003488,0.00999551746640608,0.020810801747811
"9",0.0334144178387138,0.0554174436809961,0.0740378230646585,-0.0127792711979253,-0.0174483571788527,0.0864697876503606,0.00606840461197813,-0.0985113817700657,1,-0.0286587093252739,0.0740199723487911,0.0683804097205143,0.116517280079296,-0.278418461768022,-0.152645579450031,-0.0537997146562826,0.124149473849252,-0.128732702246298,-0.0475825610782847,-0.00790813287908132,-0.197046706435134,0.176761014031133,0.0285362068654014,-0.100726705230838,-0.0765641885274038,0.114950968518259,-0.0178716630527262,-0.054594275139109,-0.0677686895397257,-0.160071768807312,-0.123439245722587,-0.118869381816919,0.172730927657992,0.0539366253420651,-0.00445334010883666,0.0540525113685941,0.0279969569909838,0.0327223391901156,-0.0389957926239431,0.0501320300697023,0.101075620899764,-0.00692649624217501,-0.026457353928797,-0.145114366723128,0.153556099868913,0.152654476710357,-0.127513820629975,-0.0330209433727158,0.10647594215896,-0.227256581803045,-0.108908980544095,-0.125123033490123,-0.107896440590435,-0.0361435434848776,-0.0369302874976462,0.00757522909986202,-0.370799128434105,-0.0758371956048864
"10",0.175569830703413,0.177986793526546,-0.157357303487288,-0.0785959415496907,-0.117014978448012,0.0832534203433874,0.00339575228196121,-0.173321415091953,-0.0286587093252739,1,-0.133926292095259,0.0371995888816177,-0.0340954234752059,0.0781778475756754,0.108444251530605,-0.0685250399772154,-0.0311615074450591,0.11192575858928,-0.0382368232411261,-0.0155063503581595,-0.0823665229872626,0.0617521759802532,-0.0202786916332773,0.00271533583666651,0.0404802516761699,-0.0665871380533341,0.00392073249107198,0.0476023475727963,0.0770659708783526,-0.0607771998248151,0.0269076626866706,-0.0470118051632411,0.00944064453021762,0.0596178706867922,-0.153895063645444,0.0065284371418374,0.0126928171045293,-0.0970566001336254,-0.124138964652739,-0.07217219533756,-0.055250234971447,-0.00479715718089144,0.120855585056457,-0.0937005545142672,0.0214079384758481,0.058384950192308,-0.147994033787963,-0.116025294671871,-0.0181703286040413,0.0583537502227097,0.0602381550397797,0.0400277893259963,0.123678944926732,-0.0274410735914022,-0.0586262477865035,0.0476452040567349,0.132537884251962,0.0452976739001264
"11",0.156028011621663,-0.132328330466041,0.116507841520149,-0.170951225238156,0.00395036316748047,-0.00323303108287341,-0.157236316573677,0.0565171852733522,0.0740199723487911,-0.133926292095259,1,-0.0459720869407362,-0.00556552158244053,0.106153658894383,0.11717321187707,0.0142397576242157,-0.171005440797177,-0.0820693715636637,-0.141323139290382,0.0346722853499457,-0.0751546374319742,-0.0621834918255504,-0.0631261308096731,0.131638179774966,0.121605163530587,-0.0331498997022367,0.0953032076779189,-0.0620946149357288,-0.0884783104173815,-0.10702935478845,-0.0306128845730201,-0.010876714801944,0.188150160461548,0.034681171771002,-0.226336248009233,-0.0995735893480121,-0.075505782336556,-0.171527126577164,0.155786980073584,0.111578687454062,0.158706886596733,0.0700059316188772,-0.219475546120672,-0.0259940591897161,0.154837539386777,-0.152130735648029,0.0737462949754606,0.0151860748941011,-0.0247715387163929,-0.0580168826822227,0.225132888235702,0.242401875047061,-0.0644733736151228,0.0890116634644645,-0.0473220829780874,0.132291611543133,-0.106936706880382,0.175973585989473
"12",0.0578706994342637,0.0441877518262734,0.0432007778698896,-0.00339591286187383,0.0778379890210852,0.102265709275966,-0.00211838700176148,0.0135280582557201,0.0683804097205143,0.0371995888816177,-0.0459720869407362,1,0.0732305699656902,-0.0320809756290848,-0.0550410374155723,0.146084134916208,0.0292288768136721,-0.106181097436751,-0.0536368220616981,0.0717354583405702,0.0347675540688081,-0.0811921222161328,-0.182465485918372,-0.12311453982332,-0.00037254457017773,-0.0598242002877509,0.0251550895859463,-0.0115655046874945,-0.0173428404324281,-0.0181090969462537,-0.148400492780425,0.0291031727044302,-0.208152971186518,-0.141904622364791,-0.0877944302532212,-0.096200901519248,0.230778776238644,-0.110012290979461,0.129328907980089,0.0483674966667543,-0.0285074149258685,0.0598635188457224,0.0923928234200059,0.0252423402650402,-0.0240205279420029,-0.0419782754842035,-0.102031856422751,-0.0888453464906517,0.0783596963256918,0.0329730791603266,0.140208467644093,0.173074956355861,0.0624845643167345,-0.0325184178878557,-0.125717133656221,0.0804179997746239,0.16626540162098,0.141020406486176
"13",0.196308893495872,0.123777151055019,-0.137953559663152,-0.0719587230712551,0.0728497768480793,0.0471205746944998,0.0992261286958341,0.0413302778310898,0.116517280079296,-0.0340954234752059,-0.00556552158244053,0.0732305699656902,1,-0.0197468456239287,-0.0416339688028397,0.12421647442397,0.221587093745239,-0.143110291134568,0.0175007733098584,-0.109680202270653,-0.0536055503903149,-0.100387946308491,-0.00803308322285846,-0.0121588775796709,-0.199081785226655,0.0944061029419125,-0.167765600026874,-0.0791301292968109,-0.136854355282471,-0.103617724670206,-0.0412513884180123,-0.0329592509704078,0.0287558750856539,-0.112776545729419,0.0218401559801754,0.0235977120683895,0.0354375923140971,0.035960166573192,0.103889475591577,0.0867657790763465,0.105540689576473,-0.0137702799695137,0.0144972797916472,-0.250543725417943,0.109716996152979,0.158380071377844,-0.00520901822005224,-0.136384873714809,0.533382589881142,-0.158071731116713,0.0210099477460599,-0.0139754720568414,-0.0351533172353897,-0.119215203262905,-0.0109307012732204,0.0564899831589881,-0.131894963512198,0.131810063365482
"14",0.0672423620677611,0.0078466122052511,0.040839238253844,-0.0608494299406667,0.213214246301311,0.05131350148488,0.0116684587325053,-0.0332814212734955,-0.278418461768022,0.0781778475756754,0.106153658894383,-0.0320809756290848,-0.0197468456239287,1,-0.0294120050974099,-0.0274760060216503,-0.164262578302894,0.156710382642565,-0.0491767770811621,-0.131703233607367,-0.0402217046601466,-0.0825362735904361,-0.00298141641930283,0.119708620318693,0.0271946060319659,0.0755814003146039,-0.112556693503744,0.0784179500452201,-0.0982771200734497,-0.0905795006465012,-0.00745146123292275,0.108822049765734,0.0725982915314144,0.226548750778766,0.0908399174659699,-0.0276279755156107,-0.0607568192491123,-0.148608190551944,0.0360771875656909,-0.00780102910160886,-0.0775197614311639,0.0498389475099079,-0.123393085714152,0.00049695188862601,0.0856039141435243,-0.160961415027401,0.0582274474495726,-0.0340754084213971,-0.151283748964682,0.455052409473998,0.0974894297902546,0.0170689466880416,0.100694399539325,0.0746338899423919,-0.0164791064636515,-0.022156456260703,0.121854487614893,0.0351789665622957
"15",0.00289341100309926,-0.177294041801217,0.0248587456786806,0.0400200873457607,0.0403500059021775,-0.0209972986623244,-0.209844212804748,0.124024979463543,-0.152645579450031,0.108444251530605,0.11717321187707,-0.0550410374155723,-0.0416339688028397,-0.0294120050974099,1,-0.263666496160027,-0.0368155054793881,0.0695473310383167,-0.209314627927239,0.10092191225991,0.00546470204583784,0.183641026822258,0.029798447036087,0.107995787359441,0.00445604646407115,-0.0334815241195832,-0.00091844216586653,0.00399110280069853,0.0452416872831559,-0.0764470791794389,-0.0218944686549614,0.0966384235437329,0.0211195342425609,0.0600081492365073,-0.0550120739795635,0.0870540613471033,-0.0614914667341702,-0.0007542944073103,0.11349817039632,0.0107242711540927,0.0591234934685321,0.0194694433960702,0.0106203357283947,-0.119496450255819,0.0553420402315578,-0.0386197623541539,0.116937284478692,0.0984077359602133,-0.0505093521225826,0.136782463882339,-0.0760782136690737,-0.00549493417283664,0.0940042516646984,0.0945344293291531,0.0141398858604557,-0.0513739022779753,0.0318743520610969,-0.213113416884173
"16",0.0564306702484396,0.0225348494954396,-0.00641390308204184,0.0405251275333881,-0.0335935085336099,-0.197508599585718,0.262850608476373,0.0319057083454102,-0.0537997146562826,-0.0685250399772154,0.0142397576242157,0.146084134916208,0.12421647442397,-0.0274760060216503,-0.263666496160027,1,0.0412582048693926,0.055640112906518,0.182692111910784,0.0710581903357819,0.0828154681982259,-0.242552669890143,-0.112500487707258,-0.232929131355427,-0.135188308173162,-0.0480349118569758,0.00299302304390338,0.201719783604413,-0.0214872628281304,-0.0479384721520959,-0.193121855251625,0.0786056580199459,0.0108402696866173,-0.121326502993962,0.0167348986894262,0.120392631380002,0.109170149468897,0.026680827936775,0.00150505260740264,0.225418998754797,-0.0757831782573021,-0.0221235577023531,-0.0236958547412573,-0.205020087106239,-0.186511413110534,-0.0441803417859927,0.25318640979086,0.135309636937165,-0.0549561227134312,-0.0833761567329018,0.131385264064983,0.18153644826387,-0.102333411755759,0.00393497409844732,0.0134323456327567,0.00878567588309398,-0.0439890960378136,-0.029720191621618
"17",0.0703620173184653,-0.0655152970601142,0.0333063197324705,0.10297569710196,-0.0237116626006477,-0.00917043874901515,0.0415599392987843,0.0176934003398067,0.124149473849252,-0.0311615074450591,-0.171005440797177,0.0292288768136721,0.221587093745239,-0.164262578302894,-0.0368155054793881,0.0412582048693926,1,0.250782860793472,0.0246601619191575,-0.0134362553651585,-0.0499653669783179,0.0590943271778493,0.026916857288157,-0.120674086045725,-0.0325375173766232,0.122000309935386,-0.218681980380495,-0.149975524240108,-0.0689201385198539,-0.146545353058669,0.156289553742929,0.101981609498365,0.0632405961099945,-0.0440078728109749,0.158140009813304,0.150979356443018,0.0241474599771437,0.215829830360057,-0.0880009384416997,-0.0524126966468713,-0.131477739963501,-0.130659220787188,0.0827553716937351,0.0854655193739284,-0.0411415895390249,-0.0917593446411141,-0.220328390580973,-0.215163145907917,0.221416119777527,0.0325377450526845,-0.169069265975754,-0.132479307068147,0.13299862395834,0.157756868285515,-0.0213105851136566,0.0133399880553913,-0.228378948558492,0.0840027563433032
"18",-0.0282791624401955,0.0807287900614862,0.168847011061029,0.0233658599913691,0.0774604690070985,0.130214332622571,-0.00968426931288058,0.0418708985582825,-0.128732702246298,0.11192575858928,-0.0820693715636637,-0.106181097436751,-0.143110291134568,0.156710382642565,0.0695473310383167,0.055640112906518,0.250782860793472,1,0.00060797349218898,0.106337570540181,-0.00958708780080185,-0.107869444642067,-0.040622508552786,-0.00051958931166073,0.139770227270209,-0.172318373147303,-0.163915854613557,-0.0374282568637806,0.0401571756638272,-0.161633249116654,0.127015271878589,0.48963002934185,0.0846994330662585,0.0686750040575218,0.0255169438576208,0.0419136465980357,-0.107601979234722,0.126813248961103,-0.0259196501171535,-0.0586987550293548,-0.121696524037642,0.103830206851204,0.180151834522866,0.0371991387351788,-0.0503287209974197,-0.0484941378037455,-0.0563220918230994,-0.0238237104414784,-0.08161260253376,0.360150847328121,-0.0653858651511876,-0.0496164746876328,-0.0273302489124896,-0.0280408720016964,-0.0278507300893286,-0.053468300482903,0.0292676687231959,-0.0816243077322215
"19",-0.0658345313095273,0.133073217720334,0.134751131318149,0.0344863268950967,0.0250659477189282,-0.155503723467915,-0.0280443922772581,0.231902053763756,-0.0475825610782847,-0.0382368232411261,-0.141323139290382,-0.0536368220616981,0.0175007733098583,-0.0491767770811621,-0.209314627927239,0.182692111910784,0.0246601619191575,0.00060797349218898,1,0.0578849420262528,0.153380446449617,-0.0153580530302038,0.120980137323362,0.185302639766084,0.112708875283204,-0.0426792772706021,0.0138206467723496,-0.0168682162631381,0.124338764362458,-0.111552037093506,0.126150425602961,-0.0905285565413006,-0.0221743462676037,-0.0863272793904525,0.0700918352805626,0.265453973790037,0.23280218784528,0.00706601116557383,-0.0148440497101908,-0.0888429028394951,-0.0968387897703507,-0.0731336136655114,0.0736439489095662,0.00813078247757211,-0.067822180308399,0.130261536641163,-0.0464451476240605,-0.0393461458680556,-0.0550080106320301,-0.0796783333238718,-0.0512863115266049,0.171063850549889,0.0518178529278474,-0.0750761101704379,0.165134292825851,-0.0987215891288433,0.101031298766423,0.0214600047823535
"20",-0.0380535711232306,-0.0459513161295156,0.0365881708159398,-0.0483991357941877,0.0471031121939082,-0.0728658048405922,0.0226258843426142,0.106576020661122,-0.00790813287908132,-0.0155063503581595,0.0346722853499457,0.0717354583405702,-0.109680202270653,-0.131703233607367,0.10092191225991,0.0710581903357819,-0.0134362553651585,0.106337570540181,0.0578849420262528,1,0.045035042777132,0.0671965244662055,-0.14287030021232,0.0427683193252679,0.0823057323916058,-0.0761679131848677,-0.111873294472066,-0.174203360368772,0.11901610863861,-0.0783428821430608,-0.0445993373642085,0.420130625696098,-0.114361268026904,-0.141797498649676,-0.172838044657353,0.130343996010258,0.0300600513768211,0.062180861861884,0.0745351819602932,0.234868291380298,0.0185666802515256,-0.0389243847354335,0.0858570274400829,0.0449734087638949,0.0341269909915686,-0.164667418561085,-0.0379021572718738,0.0243405751644332,-0.0823316259562865,0.0220857940602372,0.0712786109147062,-0.0463801027663263,-0.0184019621860625,-0.123377214680091,-0.0318101968030971,0.134613771149372,-0.0555164302933617,-0.152958138374157
"21",0.039019213850928,0.0354879974364936,0.0655744143333996,0.0450463889068032,-0.152948007960777,-0.00240346409030522,-0.0883603734604649,0.0871494520888878,-0.197046706435134,-0.0823665229872626,-0.0751546374319742,0.0347675540688081,-0.0536055503903149,-0.0402217046601466,0.00546470204583784,0.0828154681982259,-0.0499653669783179,-0.00958708780080185,0.153380446449617,0.045035042777132,1,0.0110897092103378,-0.0102160583767471,-0.0634212383640732,0.0568319227037509,-0.0599564387162719,-0.0105723952323312,-0.015999976194034,0.216656284918445,-0.184638800712658,0.243877679499627,0.157298899287759,-0.0815367203236354,-0.0645131155775147,0.0673260115020015,0.130991108137214,0.0552576895582496,0.0769253255892697,-0.0668782956313045,0.0230693146864493,-0.222213960703722,-0.16782567107951,0.170052161733687,0.0855724634246525,-0.208809319519425,0.0826465655283172,-0.0930885775115871,-0.0716433943984405,0.00410819591063714,0.0950989712133456,0.0287445723920563,0.0681057321679521,0.047348962946249,-0.113246369217367,0.00901968067363492,-0.125123990896369,-0.0742346107319845,-0.036464243215918
"22",-0.00214025790892335,0.00939108562352158,0.098233938112746,0.133434588622775,0.117675748486706,-0.0127397975708246,-0.128484955387721,-0.0444929012571332,0.176761014031133,0.0617521759802532,-0.0621834918255504,-0.0811921222161328,-0.100387946308491,-0.0825362735904361,0.183641026822258,-0.242552669890143,0.0590943271778493,-0.107869444642067,-0.0153580530302038,0.0671965244662055,0.0110897092103378,1,0.120424344057292,0.0562301467666767,0.00906988520675275,-0.0745576001563881,-0.243770096757734,0.00210826140012818,-0.0753776453106049,-0.0103503183265735,0.0967776420623373,-0.020382443883223,0.0818847178851377,-0.11529985762455,0.0147770001485583,0.162011937593906,-0.0486887598815026,0.0367905664590698,0.0765918225600095,0.0130112384433293,-0.191275959254371,-0.0585626429947758,-0.161331782602319,-0.136798290933067,0.16231150792935,-0.0174659774163142,-0.0539728379551995,-0.0420267037111832,-0.17871018779364,-0.0797221441249677,0.112219416919062,-0.175865890671465,0.154668934866228,0.00293854997102534,0.137719968826342,-0.0350452985687971,-0.140165572092355,-0.014843330725255
"23",0.129628897951849,0.175074914334485,0.0653259906485351,0.0545549614778436,-0.0223922126516483,0.0850966828238032,0.0588263593871035,0.225615756261491,0.0285362068654014,-0.0202786916332773,-0.0631261308096731,-0.182465485918372,-0.00803308322285846,-0.00298141641930283,0.029798447036087,-0.112500487707258,0.026916857288157,-0.040622508552786,0.120980137323362,-0.14287030021232,-0.0102160583767471,0.120424344057292,1,0.316024546654653,0.0330018484991413,0.181901768682776,-0.0618256788985029,-0.0359707727522499,0.00221945296717494,-0.0544868381806681,0.185528414298192,-0.0448950255663274,0.0121413733525761,0.0717174327986262,0.0839319124096672,0.0995899958493698,-0.225269327830567,0.0164049297488316,0.0515153143675374,-0.0197985131739337,-0.131875105515286,0.0248460338751311,-0.175913517151363,0.0766871304868895,0.0142437764979837,0.116428847379584,0.0862829349970845,0.00947333097603018,-0.0986718927305462,-0.0212103026969909,-0.175343341619715,-0.188762259762334,0.150356031758369,-0.00953649451967319,0.0761907631763217,0.00818895577379803,0.161162542624044,-0.0695702359219646
"24",-0.0158747405752573,0.0961917096696269,-0.0945578297602364,-0.0445110380274255,0.0337031298648025,0.126430502346323,-0.229241092597023,0.0955569408885073,-0.100726705230838,0.00271533583666651,0.131638179774966,-0.12311453982332,-0.0121588775796709,0.119708620318693,0.107995787359441,-0.232929131355427,-0.120674086045725,-0.00051958931166073,0.185302639766084,0.0427683193252679,-0.0634212383640732,0.0562301467666767,0.316024546654653,1,0.27356195542672,-0.013429794257919,0.0514395038682287,-0.153949191354104,0.0264744165621812,0.106749868256668,0.112273314631719,-0.0248647185693396,-0.0103496464627716,0.0184089864725708,-0.174214186119632,-0.0633780654974651,-0.174770265924796,-0.00945078910860153,0.00759411730945952,-0.155861641862364,0.198420049896038,0.172010407556112,-0.0644615270921369,0.137430447050429,0.269367280095097,0.0594893796497096,0.0278818831196414,-0.0562594617867949,0.095958532497501,0.0694693724848097,0.0211495472593887,-0.136906063460579,0.0669841254367775,0.0749862979264383,0.0619858856782079,0.0564608346589778,0.120409441936543,0.0700494298098957
"25",-0.123128827219035,0.0142029796989539,0.0830973471656481,0.102758111336592,-0.0613564233344932,0.0445050629866344,-0.262710406700623,-0.0315348966937289,-0.0765641885274038,0.0404802516761699,0.121605163530587,-0.00037254457017773,-0.199081785226655,0.0271946060319659,0.00445604646407115,-0.135188308173162,-0.0325375173766232,0.139770227270209,0.112708875283204,0.0823057323916058,0.0568319227037509,0.00906988520675275,0.0330018484991413,0.27356195542672,1,-0.123161649163106,0.0758977023620995,-0.0711447326647451,-0.033696038422962,-0.0179486587502211,0.0200014917480135,0.0521099897560965,-0.0515793956036677,0.00664832250845017,-0.118792921808021,-0.0774429666941408,-0.0830061152503016,-0.142488730678931,0.0704981443168558,0.00672131399156245,-0.0523951887461734,0.158117020298278,-0.0100016162313524,0.150438407494807,-0.0121098960888951,-0.0227080513559477,-0.134823525618346,-0.0489856325331717,-0.0867288601381312,0.193714453854753,0.169676731021709,-0.00274397343014179,-0.0699247702015822,0.0135589207820312,-0.0681104442472589,-0.0319331369518148,0.0444479446098798,-0.0162427528021421
"26",0.00238759683466648,-0.0325671924857385,0.0980439850318541,0.156816133508114,-0.0747790903192535,0.0522432881068116,0.0970435484337864,-0.0362658414299457,0.114950968518259,-0.0665871380533341,-0.0331498997022367,-0.0598242002877509,0.0944061029419124,0.0755814003146039,-0.0334815241195832,-0.0480349118569758,0.122000309935386,-0.172318373147303,-0.0426792772706021,-0.0761679131848677,-0.0599564387162719,-0.0745576001563881,0.181901768682776,-0.013429794257919,-0.123161649163106,1,-0.0217212016620872,0.0939287597439364,0.0486139632049624,0.0615910517158868,0.10323086773492,-0.179266052552841,0.00127569498169825,0.0225861071995993,0.116969835220388,0.127200160733919,0.10205556396643,-0.0876406256278225,-0.0750377072177184,0.0477726051248833,0.0898125336527329,0.0848475362008876,-0.160449810051671,0.0343528052126409,0.00014218683108261,0.110924635166329,8.95443689083626e-05,0.0349361734122559,0.0658641875886595,0.115068313451411,-0.075254541564878,-0.172020687436309,-0.149580682497964,-0.171621521131763,-0.106905704983387,-0.126848423529618,-0.174466531671228,0.078398630736837
"27",-0.0897877982068176,-0.0404996589715004,-0.0690612140467489,-0.0611046034542354,-0.0728582732217221,0.0245403294949142,-0.0975109970052569,0.0854196759179054,-0.0178716630527262,0.00392073249107198,0.0953032076779188,0.0251550895859463,-0.167765600026874,-0.112556693503744,-0.00091844216586653,0.00299302304390338,-0.218681980380495,-0.163915854613557,0.0138206467723496,-0.111873294472066,-0.0105723952323312,-0.243770096757734,-0.0618256788985029,0.0514395038682287,0.0758977023620995,-0.0217212016620872,1,0.103446973410349,0.199921209906516,0.0316666306025372,-0.195329327501635,-0.178997951573377,-0.187056706592669,-0.0831861553375981,-0.0343282072645786,0.0499696892801912,0.0324896431243941,-0.0676679415310301,-0.0697187069213539,-0.126316721677915,0.108137054919225,0.203332478599828,-0.0146006845048576,0.024772182157078,-0.0659600427242522,0.0267567469556023,0.221734724367559,0.128819061628644,-0.116488290115908,0.0203942611919137,0.0164215340684708,0.00696030454450539,-0.0507703321210467,-0.0145255290061585,-0.0790749825123483,0.100121194975203,0.0113682097881769,0.164539207744892
"28",-0.0711816639658444,0.0237541935954548,0.202052707934295,0.221575408193774,-0.00660786914914258,0.0040351301349251,0.129037397285521,0.183754004293834,-0.054594275139109,0.0476023475727963,-0.0620946149357288,-0.0115655046874945,-0.0791301292968109,0.0784179500452201,0.00399110280069853,0.201719783604413,-0.149975524240108,-0.0374282568637806,-0.0168682162631381,-0.174203360368772,-0.015999976194034,0.00210826140012818,-0.0359707727522499,-0.153949191354104,-0.0711447326647451,0.0939287597439364,0.103446973410349,1,-0.0416726794590384,0.0624159021696606,0.0231163062922625,-0.183430634679069,-0.0941980107441094,-0.012420871776594,0.14376609070944,0.0379987759586867,0.25210671800281,0.111332383954764,-0.067160850877467,-0.0344824748776932,-0.0497769879109181,-0.0975565317681275,0.0110230194247346,-0.0922117128097987,-0.0531701542641711,0.0766128710012929,0.230196574511381,0.220302734110784,-0.0790012880870442,0.0410508187507172,0.0257746609159015,-0.0399255409150389,-0.0467955065363569,-0.125176738773563,0.0633041397598133,-0.214706167731225,-0.0635646212790964,-0.0224817264944976
"29",0.0615871809346648,0.00175352760390856,0.214245109012771,-0.259751951616661,-0.095224591839659,-0.135728008357308,-0.111409184834426,-0.110963735709129,-0.0677686895397257,0.0770659708783526,-0.0884783104173815,-0.0173428404324281,-0.136854355282471,-0.0982771200734497,0.0452416872831559,-0.0214872628281304,-0.0689201385198539,0.0401571756638272,0.124338764362458,0.11901610863861,0.216656284918445,-0.0753776453106049,0.00221945296717494,0.0264744165621812,-0.033696038422962,0.0486139632049624,0.199921209906516,-0.0416726794590384,1,-0.00874306046118431,0.137497910885029,0.0635256250566104,-0.0654864561900842,0.0152658693871635,0.105010795462431,0.292770579377921,0.0408305707585287,0.0372645582543013,-0.0433074759750763,-0.177215031268348,0.0933929403204623,0.017905828602855,0.112853307242528,-0.00835799109599586,-0.202949391985542,-0.0573097203069024,-0.0173146470584021,0.057957859434796,-0.00582505401927774,0.1329936648961,-0.0413787884266129,0.113048280722242,-0.0830749414892905,-0.200180925020444,-0.126129306725495,-0.0624371285673675,-0.0808518276523311,0.0520675829647323
"30",-0.107923762005795,0.00309061083382262,-0.0183541507987776,0.049459179948541,-0.153503791529381,-0.146741844476948,0.183563281200867,-0.204583270762741,-0.160071768807312,-0.0607771998248151,-0.10702935478845,-0.0181090969462537,-0.103617724670206,-0.0905795006465012,-0.0764470791794389,-0.0479384721520959,-0.146545353058669,-0.161633249116654,-0.111552037093506,-0.0783428821430608,-0.184638800712658,-0.0103503183265735,-0.0544868381806681,0.106749868256668,-0.0179486587502211,0.0615910517158868,0.0316666306025372,0.0624159021696606,-0.00874306046118431,1,0.106956722040592,-0.164511075563321,-0.152564562446631,-0.12538677864795,0.0324853441480815,0.0295143667668154,0.0185498939316991,0.0798795723065391,-0.190313245411538,-0.124442843826693,0.150254219211544,0.145540614492627,-0.0296472433285268,0.0555207332092662,0.0133512439337586,0.0227242925765463,0.172291871278629,0.12965491467383,-0.0226322216401138,-0.00736157707340952,-0.0727219292993819,-0.0531465320855531,0.0261010816239622,-0.106961099252532,0.0100085306078466,0.0303827496578562,0.204998493914344,-0.11560380484651
"31",-0.0509960364630103,-0.0412789852220129,0.144795482088906,-0.0834620241646404,-0.110375470439187,0.119228350830437,-0.0834990705242796,-0.030632931627479,-0.123439245722587,0.0269076626866706,-0.0306128845730201,-0.148400492780425,-0.0412513884180123,-0.00745146123292275,-0.0218944686549614,-0.193121855251625,0.156289553742929,0.127015271878589,0.126150425602961,-0.0445993373642085,0.243877679499627,0.0967776420623373,0.185528414298192,0.112273314631719,0.0200014917480135,0.10323086773492,-0.195329327501635,0.0231163062922625,0.137497910885029,0.106956722040592,1,0.0844762737661052,0.0174374367469951,-0.166444768815124,0.36409254956938,0.231162423961975,-0.011685191812332,0.222925034009181,-0.3002307417367,-0.232166153232012,-0.171213078684069,0.0228119679372484,0.031808977428714,0.26024280733175,-0.135307282766387,-0.0355977093676335,-0.220469493974417,-0.17377940015393,0.0400041652606671,0.016474899093905,-0.138501372967808,-0.107024632496893,0.0544733521601617,-0.0618795610774541,-0.0340688161933747,0.121262638369439,-0.0998090305864273,-0.150720135018852
"32",-0.0175601017010618,0.0401146473444845,0.146748448816204,-0.00841237247142,0.00537462455376347,-0.016830501630139,-0.0661300647927135,0.0251147680540972,-0.118869381816919,-0.0470118051632411,-0.010876714801944,0.0291031727044302,-0.0329592509704078,0.108822049765734,0.0966384235437329,0.0786056580199459,0.101981609498365,0.48963002934185,-0.0905285565413006,0.420130625696098,0.157298899287759,-0.020382443883223,-0.0448950255663274,-0.0248647185693396,0.0521099897560965,-0.179266052552841,-0.178997951573377,-0.183430634679069,0.0635256250566104,-0.164511075563321,0.0844762737661052,1,0.044617247412139,0.158707255842303,0.110594348907299,0.113702505598178,-0.103246194187354,0.0189855702526129,0.0365433236670454,0.139730143818482,0.0225970378005373,0.102028794197826,0.264029939195078,0.0769146935974694,-0.0160815412915808,-0.0557969891886165,-0.0896025595425665,-0.0652346778525354,-0.00735518054684661,0.168204284406408,-0.0658371066767916,-0.0481550920215971,0.13616260462701,-0.0189645179288141,-0.0722534488091476,0.112996425357593,0.0257402329547971,-0.110841965274745
"33",0.0623640970752054,0.0302252567894156,0.0264298106173519,0.106242513234864,-0.132134967666344,-0.209138420116164,0.0295169057553911,-0.310071374303908,0.172730927657992,0.00944064453021762,0.188150160461548,-0.208152971186518,0.0287558750856539,0.0725982915314144,0.0211195342425609,0.0108402696866173,0.0632405961099945,0.0846994330662585,-0.0221743462676037,-0.114361268026904,-0.0815367203236354,0.0818847178851377,0.0121413733525761,-0.0103496464627716,-0.0515793956036677,0.00127569498169825,-0.187056706592669,-0.0941980107441094,-0.0654864561900842,-0.152564562446631,0.0174374367469951,0.044617247412139,1,0.227600362795983,-0.134215063121872,-0.0914677647724608,-0.0350073797493692,-0.0649964229803297,0.130772406627591,0.183431446979798,0.0946062567659704,-0.0574482608536817,-0.0351884848852362,0.0148595695311341,0.00504140263690029,-0.159134748346878,-0.0930450663041179,0.00054871890069625,-0.0326254995958874,0.0239039520386297,-0.117935886104944,-0.10752364741699,-0.213918772422874,0.204896997972801,-0.06907656571707,0.0263569849360908,-0.0359641705857947,0.13934930731862
"34",-0.0594900994430239,0.144755179798745,-0.100243259415509,-0.0635445480208525,0.0681611622660972,-0.0435599719298076,-0.149943302961031,-0.0177509828896735,0.0539366253420651,0.0596178706867922,0.034681171771002,-0.141904622364791,-0.112776545729419,0.226548750778766,0.0600081492365073,-0.121326502993962,-0.0440078728109749,0.0686750040575218,-0.0863272793904525,-0.141797498649676,-0.0645131155775147,-0.11529985762455,0.0717174327986262,0.0184089864725708,0.00664832250845017,0.0225861071995993,-0.0831861553375981,-0.012420871776594,0.0152658693871635,-0.12538677864795,-0.166444768815124,0.158707255842303,0.227600362795983,1,-0.0783885521919371,-0.0909559854719689,0.00183212286563739,-0.127606322281088,0.139339348307645,0.109280917088938,0.0210084977177766,-0.0897048515087756,-0.0500281470478227,0.0187282133811358,-0.0459077174404578,0.0595553325007053,-0.0506091712702472,0.0548982728936924,-0.211051639989054,0.143043600551007,-0.103447453858106,-0.0263896416409312,0.0292204832163584,0.118277207581885,0.0975382738699558,-0.123826264378129,0.10625834990639,0.121223837820259
"35",-0.23155133260531,-0.0725253776027065,0.304533270358397,-0.0305445967102345,0.0330562062267201,0.107373034330106,0.246064479482056,0.0843135571054709,-0.00445334010883666,-0.153895063645444,-0.226336248009233,-0.0877944302532212,0.0218401559801754,0.0908399174659699,-0.0550120739795635,0.0167348986894262,0.158140009813304,0.0255169438576208,0.0700918352805626,-0.172838044657353,0.0673260115020015,0.0147770001485583,0.0839319124096672,-0.174214186119632,-0.118792921808021,0.116969835220388,-0.0343282072645786,0.14376609070944,0.105010795462431,0.0324853441480815,0.36409254956938,0.110594348907299,-0.134215063121872,-0.0783885521919371,1,0.355411830376744,0.107131006751751,0.154936538747971,-0.322444147507098,-0.26667004676874,-0.206263129246869,-0.0691478095948714,-0.0352664489806152,0.0542498223904794,-0.175588422387827,-0.0443337449603251,0.0122038242932881,-0.0096110204948089,-0.0797682792744596,-0.0182215081448249,-0.336308741146873,-0.162485902832806,0.165115328368396,0.0748016611497044,0.0493740010871951,-0.0761807393940506,-0.108892990719888,0.0969199684802622
