"","l_Insular.Cortex","r_Insular.Cortex","l_Amygdal.Area","r_Amygdal.Area","l_Bed.Nucleus.of.the.Stria.Terminalis","r_Bed.Nucleus.of.the.Stria.Terminalis","l_Hippocampus","r_Hippocampus","l_Orbitofrontal.cortex","r_Orbitofrontal.cortex","l_Entorhinal.Cortex","r_Entorhinal.Cortex","l_Frontal.Association.Cortex","r_Frontal.Association.Cortex","l_Globus.Pallidus","r_Globus.Pallidus","l_Glomerular.Layer.of.the.Accessory.Olfactory.Bulb","r_Glomerular.Layer.of.the.Accessory.Olfactory.Bulb","l_Glomerular.Layer.of.the.Olfactory.Bulb","r_Glomerular.Layer.of.the.Olfactory.Bulb","l_Granule.Cell.Level.of.the.Cerebellum","r_Granule.Cell.Level.of.the.Cerebellum","l_Hypothalamic.Region","r_Hypothalamic.Region","l_Entorhinal.Cortex","r_Entorhinal.Cortex","l_Vermix.Molecular.Layer.of.the.Cerebellum","r_Vermix.Molecular.Layer.of.the.Cerebellum","l_Lateral.Molecular.Layer.of.the.Cerebellum","r_Lateral.Molecular.Layer.of.the.Cerebellum","l_Anterior.Olfactory.Bulb","r_Anterior.Olfactory.Bulb","l_Posterior.Olfactory.Bulb","r_Posterior.Olfactory.Bulb","l_Subiculum","r_Subiculum","l_Perirhinal.Area","r_Perirhinal.Area","l_PreLimbic.System","r_PreLimbic.System","l_Primary.Cingular.Cortex","r_Primary.Cingular.Cortex","l_Primary.Motor.Cortex","r_Primary.Motor.Cortex","l_Retrosplenial.Cortex","r_Retrosplenial.Cortex","l_Secondary.Cingular.Cortex","r_Secondary.Cingular.Cortex","l_Secondary.Motor.Cortex","r_Secondary.Motor.Cortex","l_Striatum","r_Striatum","l_Ventral.Tegmental.Area","r_Ventral.Tegmental.Area","l_Substantia.Nigra","r_Substantia.Nigra","l_Thalamus","r_Thalamus"
"1",1,0.34566242257356,0.243971764322239,-0.0146087144342063,-0.0153005684485382,0.104121832937399,0.149045100625962,-0.0656944673638299,0.319666732310544,0.245347991579911,0.231290897395382,0.102488443485381,-0.160277783925431,-0.11003166570259,0.00503491670574933,0.0565357161136419,-0.110746771177249,-0.0125221544583248,0.027791857137512,0.0815473984617086,0.0507064807206623,-0.0111159945161875,-0.132600451545432,0.0628493223657751,0.0280046146298993,0.0837195290239909,0.0462401909932334,-0.0197251136681867,-0.00335834655065081,0.181901921028145,-0.0131681115982064,0.144489654652299,0.174419712065692,0.174125774706125,0.0633024867214437,-0.0818219527004687,-0.041792610976155,-0.0558218402040173,0.186586197063675,0.0868898363131521,0.125052017276084,0.0205752027860782,0.236181981430884,-0.179533759555909,-0.141216581066531,0.0617280062874113,-0.143670174699178,-0.167629065003189,-0.0679371859232159,-0.0392919296303734,0.0665785938097263,-0.0071186896431098,-0.0433961391441556,-0.0367498106781359,0.0543353755788354,-0.0030925599004159,0.178597752980002,-0.0363660617600748
"2",0.34566242257356,1,0.204170985551213,0.0795601323061571,-0.0402674774632196,0.118729207470642,0.0681876648668664,-0.0353882607209916,0.370884693461081,0.531370893577298,0.21382273788489,0.114520578982998,-0.049570098879106,-0.0862052604033052,0.194044109967708,0.114629557072952,-0.266942986286652,0.0935311873243648,-0.0117313711170935,0.0965569930426544,-0.130749881734384,-0.204018105219184,-0.10123587141503,0.0283054568134371,0.0796837259511999,0.061982868181365,-0.12657380949868,-0.0829390295791661,0.0184144088135604,0.112488104513363,-0.0101160129694926,0.182293768419139,0.033484361159794,0.291528679589797,-0.100008077951893,0.101055767502024,0.142697920812877,0.186614813482555,0.0475377071385605,0.127573163568074,-0.0334215198373215,0.19099546530851,0.0255926319881973,-0.0397547996489891,-0.119402259866014,0.0168897630482797,0.00471455200930547,-0.118372552788868,-0.00915540289777377,-0.166679641886861,0.0498313312228645,0.0680578562869941,-0.0914397289910015,-0.0417489936506173,-0.284500189434828,-0.0264389068989352,0.0489777789786214,-0.127572105062494
"3",0.243971764322239,0.204170985551213,1,0.0506799337714843,-0.0309213851628875,0.124967896536068,-0.126319324821145,-0.0229343629242501,0.120651933816272,0.0871185072460058,0.0403374848521332,-0.114281550811265,-0.0466537618850155,-0.0980373917693453,-0.286542800908388,0.0273746920242355,0.00495166304162054,-0.0181840147845135,0.0628415218915375,-0.0559628816105299,0.128863723672503,-0.176717834330989,-0.0571642221945764,-0.0396204265210228,0.13034412071442,0.081906857124983,0.0417767079937454,-0.0577351553451747,-0.0233626155631934,0.107998750371151,-0.0683664166025741,0.0995700653295823,-0.0486085275353354,0.0154424123100096,0.187482328256849,-0.0585355933739726,0.0725800064109655,0.0170101252774897,0.0416128808074027,0.0717825702405015,-0.0217376227129877,0.0407147862326075,0.0548883043916861,-0.0216876525321726,-0.107861932547044,0.0602782624388942,0.00914947981925368,-0.159119153251407,0.023879785597517,-0.0508326495228809,0.121049413347502,-0.0465508623453419,-0.0299141022167086,-0.0461255249677781,-0.0876340958182476,0.0323372159601995,0.149551020129164,-0.230010297415327
"4",-0.0146087144342063,0.0795601323061571,0.0506799337714843,1,0.0119901601259046,-0.0817616213183005,-0.272661223670631,0.182815507933947,0.218129847110466,0.0437241592125821,0.189006298203128,-0.11526159468266,0.1427219558224,0.162620397512451,0.111537929393557,-0.157183945172694,0.0773617451372083,0.306105248304027,-0.0116511540806907,-0.112933043522152,0.0505256896572779,-0.00387764385945835,0.108869217372711,-0.186648948744697,0.0813289610142841,0.0581108462589106,-0.0879268747465967,-0.0380116850321153,-0.00403990848447663,0.20372877172216,0.00254876407998489,0.0349407582008295,-0.0826865861346747,0.098183390383244,0.0556322389355035,0.0430908181388816,-0.0564395169255947,0.0716152977537906,0.0636693244418567,0.102119102738877,0.0798751421339958,0.0775300763693738,0.0970477272981871,0.0970945636954713,-0.0249001027177412,-0.080683059499971,0.0399356886930433,0.0275965628482838,0.133314902077657,0.189670854302172,-0.0788755453291336,-0.118977078611475,-0.0742862938881611,0.110458196935368,-0.113149782052336,-0.0695978787421737,0.0201613706378807,-0.0292385811852275
"5",-0.0153005684485382,-0.0402674774632196,-0.0309213851628875,0.0119901601259046,1,0.301201434507789,-0.156676611251929,0.0136853389922314,-0.0484863210678203,0.0901908780329017,-0.08103466487749,-0.02171972651957,0.146801286323947,0.0616203954289802,0.0243133818463176,0.0423239313584274,-0.0306916952970079,-0.0720941052016012,-0.199313854756068,0.0372562115580915,-0.091910059790517,-0.0899825080478504,-0.0579614937308271,-0.0481922496622487,-0.0130223998722408,0.0809778866370813,-0.210071963155095,0.0404436276576456,-0.0350438457930889,-0.152125526956657,-0.0069323928226095,0.0604895194920265,-0.167415234057299,-0.101922449549537,0.130591579356106,-0.0147777544596071,0.0558490594844732,-0.0959597182662679,-0.0237188022545729,0.0924380975447075,-0.0143082393185194,0.122903171400423,-0.0605227504198473,-0.0691613545293783,0.0188053442820278,0.167568966148333,-0.0394689476531268,-0.148371726143444,0.0020140459624262,0.0767020779112395,0.0882240872613272,-0.0183577726376886,-0.190119736132144,-0.0170807635178233,-0.0515023015368953,0.230161247900189,-0.0624836159883566,-0.0469020865996144
"6",0.104121832937399,0.118729207470642,0.124967896536068,-0.0817616213183005,0.301201434507789,1,-0.0702814514718446,-0.145649788736168,-0.0972144044066531,0.0514336735044621,-0.0453356962387607,0.0311973595805731,0.0283332133268699,-0.0728002964974131,-0.0870053379334629,0.0779516955935624,-0.0817403904920497,-0.082536674339588,-0.108152400770493,-0.0452930106004138,-0.0562648143530019,-0.0246044716238794,-0.0194195422618717,0.0218069482131463,0.00457765820399731,-0.0170181355201023,-0.0897948725025205,0.00801230843609495,-0.192168503203812,0.0521951788749311,0.0700215834131033,-0.108618953120674,0.0556449234980892,-0.131958303756525,0.115114645980111,-0.0258709097485026,0.0826939102147087,-0.111075948504213,0.113868910743816,0.172129378157658,0.0588762787005011,0.11162878114425,-0.146149806456273,-0.232413063624121,0.031866510535549,0.0513135300561077,0.169842486453164,0.00354318021247768,-0.0390936234454455,-0.262618803241843,0.123160250453608,0.193751665896242,0.0296406243937051,0.00362331793478197,-0.121341577626385,-0.0234115737132793,0.139921628145967,0.139963534424162
"7",0.149045100625962,0.0681876648668664,-0.126319324821145,-0.272661223670631,-0.156676611251929,-0.0702814514718446,1,0.0480485019147786,-0.100954231783949,-0.00946149738431534,-0.0489886556847145,0.140789907413411,-0.186270318324274,0.0904942915285142,0.0505551855329663,-2.55683582400303e-05,-0.0795317671972671,-0.0985503492791519,0.0983923387334833,0.0888827502816248,0.020466195726427,-0.107911572837784,-0.0921079314333863,0.0711078591470675,-0.195701304341576,0.0326825966253867,0.234927084554631,0.0434826994019801,-0.0830280098078536,0.0763813048819449,0.0514359944836242,0.105631050734096,0.0276011784316269,0.0528548815468899,0.127967445578096,0.0684212354341562,0.0761313125404281,-0.2159895002081,-0.0206369928999859,-0.178345548972689,-0.0872209661784644,-0.0554076808489494,-0.0808964333463502,-0.0402032191546686,-0.132718643374208,-0.174686065394449,-0.104183164125649,-0.029206477417639,-0.117807657325714,-0.0709807690234061,0.103505127470847,-0.0533670233540729,-0.0516096630345385,-0.107111116336271,0.125954975900231,-0.113567184976901,0.10025307245782,-0.132276501726149
"8",-0.0656944673638299,-0.0353882607209916,-0.0229343629242501,0.182815507933947,0.0136853389922314,-0.145649788736168,0.0480485019147786,1,-0.0958866977587648,-0.055562451246708,0.0683599470884592,-0.152529744220009,0.0391444257082944,0.150724815910023,0.183705081806979,-0.158481722395178,-0.117689135855522,0.157090600667132,-0.121518867640839,-0.0862264041178365,-0.0081352121179527,-0.00404813841298133,-0.143607197363254,-0.108235945297373,0.106623360891349,0.0171867880523274,-0.138178747922425,0.0858746936408065,-0.00022836433754178,-0.15606403397201,-0.0565563943740869,-0.0745149158550811,-0.127094756357256,-0.112569616208278,0.00233353929624706,0.224325354294649,-0.165479202479853,0.0768742746657623,-0.01441394527421,-0.0255506387269313,0.0852787472825051,-0.0253586820272626,-0.00028379439962378,-0.0196401646163025,-0.124895864965022,-0.0496259106628135,0.035005587010317,0.0492299859731069,0.0972168051581164,0.0725852536262069,-0.0277220877382353,0.0450450985878759,0.0439755456612306,-0.0373763864727249,0.0789991910680441,0.190692520906458,-0.130553570162562,-0.123996351102747
"9",0.319666732310544,0.370884693461081,0.120651933816272,0.218129847110466,-0.0484863210678203,-0.0972144044066531,-0.100954231783949,-0.0958866977587648,1,0.448016431420532,0.224870020866919,-0.0221894368504232,0.269228799948962,-0.0623398888087145,0.204325410503602,-0.0589460439322197,0.0959001970583908,0.199189203999654,0.211265902939677,0.0874108502140046,-0.0412415347247172,0.0272979662336598,0.0946742184157203,0.103818943192592,0.185414613629726,-0.0324528015040437,0.0509922812253143,-0.177659391458003,-0.0241941929674898,0.0108564829454156,0.0946169487253151,0.315214767513213,0.0881824630169632,0.163617493476175,-0.139670755299125,-0.0143704988470864,-0.0811689164029745,0.0671726112072445,0.0783623486540728,0.200150454108075,0.10609351259746,0.178760165330989,0.246425078845242,0.0595820170355981,-0.0020133373112732,0.0495006236889802,0.0286294971180992,-0.079907143805079,0.231561385050684,0.113078167508431,-0.0994976189406075,-0.113864169815742,0.0263629844566766,-0.00973391912804157,-0.0570755384604146,-0.0401669950685579,0.169038220488323,0.047553749816273
"10",0.245347991579911,0.531370893577298,0.0871185072460058,0.0437241592125821,0.0901908780329017,0.0514336735044621,-0.00946149738431534,-0.055562451246708,0.448016431420532,1,0.33475896989573,0.10273283586904,-0.0111389804203139,0.0823301808195508,0.241452666557633,0.101538998262906,-0.1479173031565,0.216619963829678,-0.0436844026309951,0.0404644516503134,-0.163315605955521,-0.0884660935669676,0.0716727860914896,0.0959892168311727,0.148733957206048,0.0407405300826847,-0.216140098573354,-0.16204138449928,-0.0278328457657304,-0.0251099820543194,-0.0378179167654315,0.188032206965093,-0.00237152561938814,0.351455880684025,-0.105011150834099,0.166330308949488,-0.00423094694785958,0.130919144546602,-0.0361828203127073,0.278724403492424,-0.0315826307842307,0.327247608452037,0.127485076921106,-0.0103450095416278,-0.0934799212366794,-0.0464290382043506,-0.0746483860664638,-0.16696896518986,0.0632526187020321,0.1334493151156,-0.0793029348397108,-0.0169073037995175,-0.093599766303939,-0.0684495854676873,-0.1764047429647,0.00585100312957928,0.0457695066712894,0.0630630161531331
"11",0.231290897395382,0.21382273788489,0.0403374848521332,0.189006298203128,-0.08103466487749,-0.0453356962387607,-0.0489886556847145,0.0683599470884592,0.224870020866919,0.33475896989573,1,0.163093075827982,-0.0143459726123863,-0.049672381045356,0.255865582464717,-0.00584528542088198,-0.0801562606226987,0.0989886689398434,0.130017319029873,0.0752475420798503,-0.113535995595912,0.171645025612371,-0.0327687210782768,0.035358354579466,0.346905461389746,0.0370215985637031,-0.178792988160393,-0.0885695600599938,-0.0754162329109157,-0.0698427119977795,-0.00491615024230874,0.112506770102703,0.287667788189895,0.260956886752795,0.0564392192143595,0.17846332614969,-0.0760313245142181,0.246516917848704,0.0264400296385414,0.094154184088902,0.0241915781680771,0.217828689673675,0.0416657906478306,0.0618714232454157,-0.103420661236989,-0.0848266250163962,-0.13803996905794,0.00396827355843737,0.04784928325555,-0.102934639800604,-0.165322418617042,-0.0198532910824372,-0.0966321803610464,0.00432983512209821,0.0201476429643964,-0.0822270565393522,0.055787419236268,0.0149895321596511
"12",0.102488443485381,0.114520578982998,-0.114281550811265,-0.11526159468266,-0.02171972651957,0.0311973595805731,0.140789907413411,-0.152529744220009,-0.0221894368504232,0.10273283586904,0.163093075827982,1,0.0219003586700813,-0.227887410756586,-0.00056743597595175,0.397311717569668,-0.168168007080499,-0.146362667409584,0.15699036942715,0.0611501163037738,-0.0980131739629523,0.0827529952693492,-0.152565533180261,-0.00082870195875125,0.0471200409889876,-0.092421755787454,0.0312148080994086,-0.0948431099331978,0.0526130688085915,0.01466487855077,0.0404730091252071,0.0135876979926783,0.0861852175888876,0.123604119883612,-0.0240152708553034,-0.200742148948738,0.166964712480238,-0.201501507938143,0.122995555436318,-0.0872803839951879,0.125278587894789,0.00816501749039158,-0.078599127900409,0.0578839483163402,0.00356195687916963,-0.0843874115173511,-0.043657851260675,0.00806852547259691,-0.0451803864920374,-0.152915835503661,0.0908749528471154,0.156851389094921,0.0887734891686112,0.178154129960699,0.00089340567706072,0.0404334139118562,0.293316476408222,0.0907572666304313
"13",-0.160277783925431,-0.049570098879106,-0.0466537618850155,0.1427219558224,0.146801286323947,0.0283332133268699,-0.186270318324274,0.0391444257082944,0.269228799948962,-0.0111389804203139,-0.0143459726123863,0.0219003586700813,1,-0.00286598747429472,-0.0516819668548086,-0.0357441097884289,0.0747934269242391,0.0330436874721107,0.199870416133839,0.0308998956207731,-0.0806385751653875,0.0801993302886904,0.123882006269393,0.125146503034993,0.0515048296182792,-0.0282728966719909,0.0203160902806286,0.0024789559082976,-0.0156895621639289,0.0932762010878558,0.218777423508059,0.147130928222516,0.004505709941773,0.071039790921885,0.0974178275938803,-0.116730067297958,0.0167003087520078,-0.0279112882187243,-0.00817921016959118,0.197080785110957,0.0279653526233389,0.103070312095294,0.0268187924588543,0.068380794285415,0.149114543520964,0.110266491284148,-0.0602479348833155,-0.0346831435982755,0.448456014219406,0.120962432401498,-0.0969534265943825,-0.104460127321222,0.130175529574591,0.158262867743399,0.095265961391358,-0.0559309025945196,0.0895694770924013,-0.0142978790961968
"14",-0.11003166570259,-0.0862052604033052,-0.0980373917693453,0.162620397512451,0.0616203954289802,-0.0728002964974131,0.0904942915285142,0.150724815910023,-0.0623398888087145,0.0823301808195508,-0.049672381045356,-0.227887410756586,-0.00286598747429472,1,0.0815589719490149,-0.1291873067403,-0.0242705987176394,0.383500839517116,-0.161966051870551,-0.0906321330380226,0.0392578477775559,-0.00803741938653305,0.26539565464061,-0.0690996662942952,0.100445787746615,0.130810066736444,-0.0312449681839952,-0.0233175898409668,-0.0767431894304132,-0.0297798460945366,0.0659168037504042,-0.0348931311895128,-0.154865339806035,-0.116999522827934,0.108806635461929,0.123965906839152,-0.0426416068580761,-0.141129233806853,-0.0706089109764066,0.0222939117763959,-0.190458092359369,0.144210950853005,-0.0600273579412912,0.0481430228236937,0.0577198952113411,-0.0299378765099478,-0.0162672118623365,-0.0157670715871226,-0.0931331811482742,0.628639306617631,-0.0439383554644272,-0.18274196126296,-0.0211522872488139,-0.123274475680336,-0.0810484718032393,-0.0478611041663586,0.0154452697567604,-0.112328358011286
"15",0.00503491670574933,0.194044109967708,-0.286542800908388,0.111537929393557,0.0243133818463176,-0.0870053379334629,0.0505551855329663,0.183705081806979,0.204325410503602,0.241452666557633,0.255865582464717,-0.00056743597595175,-0.0516819668548086,0.0815589719490149,1,0.0178072227467212,-0.192169584012701,0.090585227810618,0.0952880072545841,0.237765908279056,-0.111829650926894,-0.114817360438003,-0.18909177468441,-0.082857990485271,0.104367765449974,0.00498701205162244,-0.0978831300919014,-0.120429508875326,0.0122744912622943,-0.0347597453037028,0.0905656834847702,0.221187809383845,-0.00298950869411706,-0.0301579066220767,-0.0972982083283214,0.116388456458444,-0.0579743513113274,0.153395660764542,0.00705496486732456,0.0900660145781383,0.0122507093183597,0.127278513759034,0.0329200287768437,0.0307052333370611,0.0449537611307625,-0.0261590638386515,0.0922492350237714,0.20518384561562,-0.0618778804818167,0.00426669455908987,-0.0558165532385589,0.100640796324425,0.178743734434168,-0.00518150987640029,-0.00172828536897472,-0.0326675656448267,0.0634717175031138,0.052316791855143
"16",0.0565357161136419,0.114629557072952,0.0273746920242355,-0.157183945172694,0.0423239313584274,0.0779516955935624,-2.55683582400303e-05,-0.158481722395178,-0.0589460439322197,0.101538998262906,-0.00584528542088198,0.397311717569668,-0.0357441097884289,-0.1291873067403,0.0178072227467212,1,-0.042545268651944,-0.0250626920735226,-0.0526250681735897,0.190577000547922,-0.22027301906411,-0.100072271416889,0.1309687155013,0.0194298728733796,0.00432423078226344,-0.0407994653855669,-0.147942603284969,-0.226875423857688,-0.0945861062859592,0.0167125838580033,-0.0601374392517861,0.110323813583571,0.049281137609575,-0.0329533564443114,-0.0844090036825006,-0.17747428186255,-0.0276791104683418,-0.220490608614967,0.0560849226632076,-0.0894666764805806,0.0399920570882702,0.0329865675737361,0.0102145532833397,-0.0405266279591085,0.0544981680581982,-0.0496515907462561,0.127891791474337,0.00861708030315317,0.182702354365633,-0.0934177592173528,0.198352205917855,0.308150997013597,0.136531361450887,0.167410777996448,-0.147815169374136,-0.0226084839269705,0.179884241383905,0.0776400825935902
"17",-0.110746771177249,-0.266942986286652,0.00495166304162054,0.0773617451372083,-0.0306916952970079,-0.0817403904920497,-0.0795317671972671,-0.117689135855522,0.0959001970583908,-0.1479173031565,-0.0801562606226987,-0.168168007080499,0.0747934269242391,-0.0242705987176394,-0.192169584012701,-0.042545268651944,1,0.0232564891625112,-0.00745959343132723,-0.131533851174724,0.161201145146032,0.159687210771687,0.113745797846608,0.154196830837632,0.161270270761424,-0.0987448856511471,0.082290357247375,-0.0560323628453321,0.0260878059360102,0.0396241957323459,0.13948268057739,-0.0877546118457874,0.0777769543364506,-0.0122489994245152,0.0680935765323558,-0.0102228021073419,0.0111992882378503,-0.0436218232391621,-0.0353506325246928,-0.10459636503619,-0.117683147319472,-0.175083018856253,0.0909163253732096,0.167500828283689,-0.0815323364052277,0.035397132028996,-0.0775648368040341,-0.131124219520805,0.232188288382226,0.0708780748758147,0.0287181410430704,-0.0184834557813304,0.0209942484303544,0.035525722148617,0.118507632715586,-0.0751129311842669,-0.160686676958458,0.0632524592294461
"18",-0.0125221544583248,0.0935311873243648,-0.0181840147845135,0.306105248304027,-0.0720941052016012,-0.082536674339588,-0.0985503492791519,0.157090600667132,0.199189203999654,0.216619963829678,0.0989886689398434,-0.146362667409584,0.0330436874721107,0.383500839517116,0.090585227810618,-0.0250626920735226,0.0232564891625112,1,-0.159425012707732,-0.0721559602465947,0.103725738373514,-0.0108233048210614,0.224284335866112,0.0276355117890491,0.0240655604187713,0.104345031923696,-0.124346962964868,-0.117560953642672,0.00184131835613534,-0.016030293623749,-0.0517446698347263,0.0723129077653584,-0.0322524176820449,0.106080643086536,0.0328477212506505,0.0920763873591436,-0.133966148600544,0.103777726012027,0.0123055718566579,0.0959196720243682,0.10269296677284,0.23545186904597,-0.0267600981313885,0.282289629048798,0.215090792614113,-0.0572953890661538,0.04896614455337,-0.0823522725353882,0.151271430102706,0.47859167300919,-0.067703170125512,-0.207022711614587,0.00239884807808491,0.0499319767486919,-0.17755776881689,-0.15239805963077,-0.0967038399280016,-0.0537263230804791
"19",0.027791857137512,-0.0117313711170935,0.0628415218915375,-0.0116511540806907,-0.199313854756068,-0.108152400770493,0.0983923387334833,-0.121518867640839,0.211265902939677,-0.0436844026309951,0.130017319029873,0.15699036942715,0.199870416133839,-0.161966051870551,0.0952880072545841,-0.0526250681735897,-0.00745959343132723,-0.159425012707732,1,0.337628628687011,0.0147155821612069,0.0952550822191753,-0.00958036687722748,-0.134644137757867,-0.0275652793163107,0.081447418483651,0.247653478304499,0.094854808818213,-0.143598751462465,0.0264909056301997,0.541930450607855,0.273345408713806,0.152244680815333,0.134342655450616,-0.086494421180937,-0.24343321221524,0.134471402998207,-0.108871291621484,0.0202053832366487,-0.10219738176546,0.0777021787298444,0.0388985184065155,0.121025300819817,0.057987490754507,0.0800112991311238,0.0583612174158828,0.0820647850360907,0.0804458083706935,0.119462826680143,-0.0830300097255671,-0.143792951671508,-0.143752025625221,0.124876040706377,0.154286440950326,0.358282924563599,-0.182568997354948,0.139373822755143,0.0672901907992317
"20",0.0815473984617086,0.0965569930426544,-0.0559628816105299,-0.112933043522152,0.0372562115580915,-0.0452930106004138,0.0888827502816248,-0.0862264041178365,0.0874108502140046,0.0404644516503134,0.0752475420798503,0.0611501163037738,0.0308998956207731,-0.0906321330380226,0.237765908279056,0.190577000547922,-0.131533851174724,-0.0721559602465947,0.337628628687011,1,0.0249714603163101,0.0497429478215133,0.0336460474167017,-0.174570721199791,0.108056211189469,0.0956307891301792,-0.0799457694352427,-0.0966575426760206,-0.238891064402323,-0.0644250684105953,0.176266736528013,0.547829748515959,0.115808209642769,0.234796672004103,0.0122072198045576,-0.101399616404646,0.119747956396072,0.0723847241915773,0.164175778856217,0.10101372914238,0.117356763896155,0.0926125035287441,0.0266715066908818,-0.00025977385249163,0.212951029395772,0.119815872582671,-0.00537329486389396,-0.0662036719134493,0.139819829148061,0.0672266197405255,-0.168368679402027,-0.098475511698507,0.133675444281402,0.128336777274736,0.140162164845718,-0.250225114907656,0.106835364078342,0.0377067463102035
"21",0.0507064807206623,-0.130749881734384,0.128863723672503,0.0505256896572779,-0.091910059790517,-0.0562648143530019,0.020466195726427,-0.0081352121179527,-0.0412415347247172,-0.163315605955521,-0.113535995595912,-0.0980131739629523,-0.0806385751653875,0.0392578477775559,-0.111829650926894,-0.22027301906411,0.161201145146032,0.103725738373514,0.0147155821612069,0.0249714603163101,1,0.199839013580604,0.124851189188817,-0.0610041472586596,0.00964792701832417,0.137136849276229,0.197333854151236,-0.133042605383797,0.230177453762367,0.0824260639545194,0.232004254867331,-0.0431478961164367,-0.180869550671907,-0.0336850079901699,0.0307071263238556,-0.060994312928998,0.0628708959679515,-0.047805987008672,-0.0932821999350355,-0.0333797279880636,0.036728593475811,0.0131493399467333,0.0196445892059037,-0.0423345731006602,0.0828978484765145,0.0726576041608921,-0.0138145562016861,0.00988200430072663,-0.116951681083616,0.103859173040584,-0.19077084743896,-0.200505491612426,-0.0565039907634883,-0.0202329855493664,0.165026940698325,-0.139897657647378,-0.0422275086029808,-0.407882595249629
"22",-0.0111159945161875,-0.204018105219184,-0.176717834330989,-0.00387764385945835,-0.0899825080478504,-0.0246044716238794,-0.107911572837784,-0.00404813841298133,0.0272979662336598,-0.0884660935669676,0.171645025612371,0.0827529952693492,0.0801993302886904,-0.00803741938653305,-0.114817360438003,-0.100072271416889,0.159687210771687,-0.0108233048210614,0.0952550822191753,0.0497429478215133,0.199839013580604,1,0.182284073423691,0.210326658537131,0.165336483648046,0.0244776512634942,-0.0243761412942461,-0.00887977830150909,0.164187037453929,-0.0553043596826544,0.0931362478971471,0.0372302436986957,0.139888916202232,0.234806913668543,-0.189062847240689,-0.0681684913369328,-0.12008407492357,0.0222133568070765,0.118245237003886,0.107497222441867,0.0200941656399999,0.011895799157795,-0.118369061963965,0.105316757454419,-0.0543585180462085,-0.0227225315125539,-0.171733434606379,-0.0162440678194487,-0.0602280971332919,0.0746661593945172,-0.0581410661786997,-0.083370533915588,0.0684974752716985,0.138808417233051,0.181389909170394,-0.0307344616017543,-0.0708502702046689,-0.00566107233251988
"23",-0.132600451545432,-0.10123587141503,-0.0571642221945764,0.108869217372711,-0.0579614937308271,-0.0194195422618717,-0.0921079314333863,-0.143607197363254,0.0946742184157203,0.0716727860914896,-0.0327687210782768,-0.152565533180261,0.123882006269393,0.26539565464061,-0.18909177468441,0.1309687155013,0.113745797846608,0.224284335866112,-0.00958036687722748,0.0336460474167017,0.124851189188817,0.182284073423691,1,0.336707520717416,0.0737808295133121,0.0781395735864945,0.0921293704101399,-0.0709893273044037,-0.0594490124601904,0.0105599089309898,0.0963407279531503,-0.0189310340039625,0.241835138410546,0.163468868030306,-0.0398828023201117,0.182793046894908,-0.0671104094313623,-0.0306757175463391,0.0604813928117923,0.0578490064395352,0.0487933430426132,0.153600490534455,-0.00108726658478115,0.06158332441136,0.0450789835222245,-0.127490390581665,-0.130505223979604,-0.0852997945818549,0.296467720999746,0.349182585793423,-0.0381688670218078,0.0925920563331072,0.0405653511396236,0.0110889107149345,0.0209313921234213,-0.150345390382597,-0.0367004202376129,-0.0257443493000363
"24",0.0628493223657751,0.0283054568134371,-0.0396204265210228,-0.186648948744697,-0.0481922496622487,0.0218069482131463,0.0711078591470675,-0.108235945297373,0.103818943192592,0.0959892168311727,0.035358354579466,-0.00082870195875125,0.125146503034993,-0.0690996662942952,-0.082857990485271,0.0194298728733796,0.154196830837632,0.0276355117890491,-0.134644137757867,-0.174570721199791,-0.0610041472586596,0.210326658537131,0.336707520717416,1,0.109658106978035,-0.105066560196869,-0.103620905978727,-0.0190384643456568,0.113554565367528,0.0855520288745742,-0.137673112046055,-0.156745685823932,0.334972896165903,0.233976794597244,-0.0495279983609506,0.175029580606492,-0.106866402214931,0.0585769038268764,0.0250988012127142,0.0283256818098754,0.00683959851359066,-0.0407403131256032,-0.0257909081559035,0.0804664318512376,-0.0424239163676296,0.0787648028567231,-0.166789072227549,-0.17124601463981,0.172012871639396,-0.0453873630656679,0.0786574782455385,0.12781996106347,-0.0307840885038177,-0.0142694439533543,-0.0245315865160072,0.0186201254901308,-0.0965730492166092,-0.081053617884823
"25",0.0280046146298993,0.0796837259511999,0.13034412071442,0.0813289610142841,-0.0130223998722408,0.00457765820399731,-0.195701304341576,0.106623360891349,0.185414613629726,0.148733957206048,0.346905461389746,0.0471200409889876,0.0515048296182792,0.100445787746615,0.104367765449974,0.00432423078226344,0.161270270761424,0.0240655604187713,-0.0275652793163107,0.108056211189469,0.00964792701832417,0.165336483648046,0.0737808295133121,0.109658106978035,1,-0.0435734279499325,-0.136577238584411,0.0621601585000778,-0.00775583464341949,-0.137121734342671,-0.0934564467980458,0.131155848377512,0.0183459774560572,0.0135793564296423,0.167233932688446,0.184926179802901,-0.0905897274804461,0.128439347885907,-0.071315532716231,0.108342340050322,0.0418077792729412,0.198346980568479,0.108306446080228,-0.0803354865892727,-0.0876186605144973,0.11873087531582,0.0197199587792619,0.0120676557209315,0.181043793389343,0.0665376096693539,-0.225483507509543,-0.062625863869475,0.124656238725142,0.0411684886305608,-0.118176022936865,-0.0449625776282941,0.0634761769919042,-0.0272755947777374
"26",0.0837195290239909,0.061982868181365,0.081906857124983,0.0581108462589106,0.0809778866370813,-0.0170181355201023,0.0326825966253867,0.0171867880523274,-0.0324528015040437,0.0407405300826847,0.0370215985637031,-0.0924217557874541,-0.0282728966719909,0.130810066736444,0.00498701205162244,-0.0407994653855669,-0.0987448856511471,0.104345031923696,0.081447418483651,0.0956307891301792,0.137136849276229,0.0244776512634942,0.0781395735864945,-0.105066560196869,-0.0435734279499325,1,0.0308718528776885,0.00180209043370737,-0.0289573079038486,0.050577991875924,0.0744124226241361,0.0748693223715707,-0.00239203111440697,0.0370983672602695,-0.0574093758191613,0.0851430267731654,0.0240002240713153,-0.0202736836497441,0.0806822619101221,0.00975056197803184,0.00547661800085845,0.139775613068159,0.0509708757613685,-0.0474743058767573,-0.0246831139831081,0.0176453857814716,0.124097063224555,-0.0744019704430839,-0.148112588174649,0.0938928945247381,-0.121364240775715,-0.109099137096315,0.116854514879808,0.0906871865075174,-0.0653294881471694,-0.0107332901652144,-0.0730296846006984,-0.00086736710004691
"27",0.0462401909932334,-0.12657380949868,0.0417767079937454,-0.0879268747465967,-0.210071963155095,-0.0897948725025205,0.234927084554631,-0.138178747922425,0.0509922812253143,-0.216140098573355,-0.178792988160393,0.0312148080994086,0.0203160902806286,-0.0312449681839952,-0.0978831300919014,-0.147942603284969,0.082290357247375,-0.124346962964868,0.247653478304499,-0.0799457694352427,0.197333854151236,-0.0243761412942461,0.0921293704101399,-0.103620905978727,-0.136577238584411,0.0308718528776885,1,0.165751608844209,0.00506069471637167,0.0378134317147104,-0.00306761263708215,-0.0158982237642755,0.0474685202633952,-0.078338449082121,0.0195339389457176,-0.0875430972714703,0.0928936685216274,-0.137401668042234,0.0203616383829229,-0.168957293507074,-0.0350869904186334,-0.14007135403659,0.102334414882748,0.0217162523423474,0.0401053377017111,-0.0565975453780656,-0.041844530519805,-0.131583293995876,0.108755237356257,-0.0494880390332419,0.0829578750317838,-0.0123890975826611,0.0409884735128116,0.0213161167403231,0.178882256666155,0.00526253057533761,-0.0658060638853785,0.00277322824226172
"28",-0.0197251136681867,-0.0829390295791661,-0.0577351553451747,-0.0380116850321153,0.0404436276576456,0.00801230843609495,0.0434826994019801,0.0858746936408065,-0.177659391458003,-0.16204138449928,-0.0885695600599938,-0.0948431099331978,0.0024789559082976,-0.0233175898409668,-0.120429508875326,-0.226875423857688,-0.0560323628453321,-0.117560953642672,0.094854808818213,-0.0966575426760206,-0.133042605383797,-0.00887977830150909,-0.0709893273044037,-0.0190384643456568,0.0621601585000778,0.00180209043370737,0.165751608844209,1,-0.146961046208622,0.0201931251072244,-0.0942050154238189,-0.181863671901504,-0.00887876392538599,-0.027805850048918,0.0762977826579372,-0.0701009441141136,0.176738779749528,0.0249268598097137,-0.0294043850344227,0.00557853878016999,0.0211507753656243,0.146929918788965,0.0894358599977481,-0.0932735248324341,0.0386088641186455,0.0881723356359776,0.122078816062091,0.0871704379561029,-0.0219650900494006,0.00960459030257376,-0.0557088839063795,-0.122723549080477,-0.0411044413570986,0.0556392640434296,0.14124455946924,0.172138578541385,-0.185433755077227,0.126863045750366
"29",-0.00335834655065081,0.0184144088135604,-0.0233626155631934,-0.00403990848447663,-0.0350438457930889,-0.192168503203812,-0.0830280098078536,-0.00022836433754178,-0.0241941929674898,-0.0278328457657304,-0.0754162329109157,0.0526130688085915,-0.0156895621639289,-0.0767431894304132,0.0122744912622943,-0.0945861062859592,0.0260878059360102,0.00184131835613534,-0.143598751462465,-0.238891064402323,0.230177453762367,0.164187037453929,-0.0594490124601904,0.113554565367528,-0.00775583464341949,-0.0289573079038486,0.00506069471637167,-0.146961046208622,1,-0.0171468817998747,0.0910456023333212,-0.105249544048661,-0.086219642552534,-0.0473705938042766,-0.0105684024502267,0.00724454996495034,0.025248776882326,0.0490917414752683,-0.0493694475835937,-0.0659188411737295,-0.121520194552203,-0.087068452108402,-0.0269746254916469,0.100993924591121,-0.132413280080219,0.0225190555884068,-0.00352391708874507,0.044766328984335,-0.283611811177599,-0.0461326365283356,-0.00081689600235522,-0.00268745095605779,-0.056341707654578,-0.0606697715351749,-0.0185828580190087,0.0270978573732748,-0.145316433048653,-0.185846999740371
"30",0.181901921028145,0.112488104513363,0.107998750371151,0.20372877172216,-0.152125526956657,0.0521951788749311,0.0763813048819449,-0.15606403397201,0.0108564829454156,-0.0251099820543194,-0.0698427119977795,0.01466487855077,0.0932762010878558,-0.0297798460945366,-0.0347597453037028,0.0167125838580033,0.0396241957323459,-0.016030293623749,0.0264909056301997,-0.0644250684105953,0.0824260639545194,-0.0553043596826544,0.0105599089309898,0.0855520288745742,-0.137121734342671,0.050577991875924,0.0378134317147104,0.0201931251072244,-0.0171468817998747,1,0.0567214568885668,0.0128089220346721,-0.0347994467899098,0.233853916888172,0.0814609348527645,0.0681924253245632,-0.101199204436361,-0.0942303367940021,-0.0241808436439085,-0.100236421666263,-0.0796384675542721,0.0723640992345699,-0.026344691725853,-0.0338084587058844,0.115627853882788,0.169753939232165,-0.202658757341072,-0.0560302391887498,0.0640571306175561,0.0308497458652303,-0.0886328874838021,-0.0627756025984214,-0.0337989945711422,0.0364665598111981,-0.0639444539903918,-0.132589254683224,0.0950856132855782,0.00532607189283039
"31",-0.0131681115982064,-0.0101160129694926,-0.0683664166025741,0.00254876407998489,-0.0069323928226095,0.0700215834131033,0.0514359944836242,-0.0565563943740869,0.0946169487253151,-0.0378179167654315,-0.00491615024230874,0.0404730091252071,0.218777423508059,0.0659168037504042,0.0905656834847702,-0.0601374392517861,0.13948268057739,-0.0517446698347263,0.541930450607855,0.176266736528013,0.232004254867331,0.0931362478971472,0.0963407279531503,-0.137673112046055,-0.0934564467980458,0.0744124226241361,-0.00306761263708215,-0.0942050154238189,0.0910456023333212,0.0567214568885668,1,0.0934384384011153,-0.0021956114505723,0.0226085353301588,0.00018432315625964,-0.0275706002164434,0.131213590167951,-0.0684834672252569,-0.0861585032967253,-0.00288118255451021,-0.0952735675260866,0.0979514624249393,0.0249640317221184,0.0960419594707144,0.0326456442744082,-0.00376072811728195,0.0211212069122727,0.0566854633407773,0.0948143474491156,0.0793575052175928,-0.0803965285699952,-0.0512321439062691,0.0291411738660611,0.121697923005874,0.180069441605714,-0.153928961567567,-0.00997775067280713,-0.0017516309554705
"32",0.144489654652299,0.182293768419139,0.0995700653295823,0.0349407582008295,0.0604895194920265,-0.108618953120674,0.105631050734096,-0.0745149158550811,0.315214767513213,0.188032206965093,0.112506770102703,0.0135876979926783,0.147130928222516,-0.0348931311895128,0.221187809383845,0.110323813583571,-0.0877546118457874,0.0723129077653584,0.273345408713806,0.547829748515959,-0.0431478961164367,0.0372302436986957,-0.0189310340039625,-0.156745685823932,0.131155848377512,0.0748693223715707,-0.0158982237642755,-0.181863671901505,-0.105249544048661,0.0128089220346721,0.0934384384011153,1,-0.0409589286447465,0.190115907863204,0.0238152009768351,-0.0502330428643994,-0.0429297743407736,0.0993722279407548,-0.0270435994081028,0.0263755766184337,0.0543278172608571,0.0941965272023443,0.127050369451839,0.0279880961258793,0.0674770704872367,0.127500934857318,0.0773851170368378,-0.0866844028032335,0.0719873006524485,0.0745365197065942,-0.0716348347058176,-0.221972714447003,0.0633993143868804,0.136036604060968,0.0962720923244964,-0.143730480255959,0.182560813374534,-0.0458250175298005
"33",0.174419712065692,0.033484361159794,-0.0486085275353354,-0.0826865861346747,-0.167415234057299,0.0556449234980892,0.0276011784316269,-0.127094756357256,0.0881824630169632,-0.00237152561938814,0.287667788189895,0.0861852175888876,0.004505709941773,-0.154865339806035,-0.00298950869411706,0.049281137609575,0.0777769543364506,-0.0322524176820449,0.152244680815333,0.115808209642769,-0.180869550671907,0.139888916202232,0.241835138410546,0.334972896165903,0.0183459774560572,-0.00239203111440697,0.0474685202633952,-0.00887876392538599,-0.086219642552534,-0.0347994467899098,-0.0021956114505723,-0.0409589286447465,1,0.253458388463981,-0.0135471543490931,-0.0365225137910238,-0.0586035450933137,0.0735636632031118,0.272066919018423,0.0844975177564131,0.115251433548285,-0.135947813013081,-0.00304806959264062,0.125384965834152,0.15579099634405,-0.0484770981983511,-0.0876198781412916,-0.0394198274944689,0.220197949985,-0.160995258555477,0.0820246338016516,0.149960758809,-0.033592352816004,0.0678126549160252,0.0268164936629151,-0.180130448796457,0.00688060647992884,0.242786541325504
"34",0.174125774706125,0.291528679589797,0.0154424123100096,0.098183390383244,-0.101922449549537,-0.131958303756525,0.0528548815468899,-0.112569616208278,0.163617493476175,0.351455880684025,0.260956886752795,0.123604119883612,0.071039790921885,-0.116999522827934,-0.0301579066220767,-0.0329533564443114,-0.0122489994245152,0.106080643086536,0.134342655450616,0.234796672004103,-0.0336850079901699,0.234806913668543,0.163468868030306,0.233976794597244,0.0135793564296423,0.0370983672602695,-0.078338449082121,-0.027805850048918,-0.0473705938042766,0.233853916888172,0.0226085353301589,0.190115907863204,0.253458388463981,1,-0.118435774142553,-0.14782076155291,-0.0764629675516407,0.108592376135496,0.00900196000781092,0.128159727886324,0.0644873111154028,0.116119690263023,0.019892708817771,0.176069482554462,0.0450498919969411,0.182454119431169,-0.164727872488995,-0.0884040248193613,0.190626344684957,0.0204624814814392,0.0705247711326591,-0.088164091296497,-0.0196673094074275,-0.0195555732021021,0.0466867242899677,-0.0720596157717747,-0.0196048518409707,0.0284380393015545
"35",0.0633024867214437,-0.100008077951893,0.187482328256849,0.0556322389355035,0.130591579356106,0.115114645980111,0.127967445578096,0.00233353929624706,-0.139670755299125,-0.105011150834099,0.0564392192143595,-0.0240152708553034,0.0974178275938803,0.108806635461929,-0.0972982083283214,-0.0844090036825006,0.0680935765323558,0.0328477212506505,-0.086494421180937,0.0122072198045576,0.0307071263238556,-0.189062847240689,-0.0398828023201117,-0.0495279983609506,0.167233932688446,-0.0574093758191613,0.0195339389457176,0.0762977826579372,-0.0105684024502267,0.0814609348527645,0.00018432315625964,0.0238152009768351,-0.0135471543490931,-0.118435774142553,1,0.162480673797949,0.0667398136090961,0.0944917788044526,-0.0616165321474567,-0.066797510852901,0.0850561184971571,0.0315581699235082,-0.132726737461056,-0.0281244267293328,0.00781179445897563,0.113247048889983,-0.0958345777165776,-0.149348007650895,0.0965588663812304,0.158568790110925,-0.18764829401073,-0.183170105371363,-0.195564413814565,0.0384174678947369,-0.133199083920856,0.104852387165892,0.137663824785155,-0.114660717387501
