"","l_Insular.Cortex","r_Insular.Cortex","l_Amygdal.Area","r_Amygdal.Area","l_Bed.Nucleus.of.the.Stria.Terminalis","r_Bed.Nucleus.of.the.Stria.Terminalis","l_Hippocampus","r_Hippocampus","l_Orbitofrontal.cortex","r_Orbitofrontal.cortex","l_Entorhinal.Cortex","r_Entorhinal.Cortex","l_Frontal.Association.Cortex","r_Frontal.Association.Cortex","l_Globus.Pallidus","r_Globus.Pallidus","l_Glomerular.Layer.of.the.Accessory.Olfactory.Bulb","r_Glomerular.Layer.of.the.Accessory.Olfactory.Bulb","l_Glomerular.Layer.of.the.Olfactory.Bulb","r_Glomerular.Layer.of.the.Olfactory.Bulb","l_Granule.Cell.Level.of.the.Cerebellum","r_Granule.Cell.Level.of.the.Cerebellum","l_Hypothalamic.Region","r_Hypothalamic.Region","l_Entorhinal.Cortex","r_Entorhinal.Cortex","l_Vermix.Molecular.Layer.of.the.Cerebellum","r_Vermix.Molecular.Layer.of.the.Cerebellum","l_Lateral.Molecular.Layer.of.the.Cerebellum","r_Lateral.Molecular.Layer.of.the.Cerebellum","l_Anterior.Olfactory.Bulb","r_Anterior.Olfactory.Bulb","l_Posterior.Olfactory.Bulb","r_Posterior.Olfactory.Bulb","l_Subiculum","r_Subiculum","l_Perirhinal.Area","r_Perirhinal.Area","l_PreLimbic.System","r_PreLimbic.System","l_Primary.Cingular.Cortex","r_Primary.Cingular.Cortex","l_Primary.Motor.Cortex","r_Primary.Motor.Cortex","l_Retrosplenial.Cortex","r_Retrosplenial.Cortex","l_Secondary.Cingular.Cortex","r_Secondary.Cingular.Cortex","l_Secondary.Motor.Cortex","r_Secondary.Motor.Cortex","l_Striatum","r_Striatum","l_Ventral.Tegmental.Area","r_Ventral.Tegmental.Area","l_Substantia.Nigra","r_Substantia.Nigra","l_Thalamus","r_Thalamus"
"1",1,0.0740457630616419,0.0695545485250142,0.0409070236129417,0.243486060888209,0.136803615108553,-0.0300454662646353,-0.0115348436053869,0.241802362816765,-0.124030495309383,0.0578661391981514,-0.0203832849019956,-0.113760863689286,0.0933026352628921,-0.0099253088734086,-0.00332908273326762,0.151381527701476,0.0856824919715429,0.0884510888132888,-0.0212821939715981,-0.182272881528147,-0.00039205968946877,0.0553781096759403,-0.0994994884720173,-0.156815534853645,0.123825882667706,0.0240663013043656,-0.0492117447940027,0.0538002830047189,0.145260746497449,0.0449157650266236,-0.060427317841059,0.177764406694938,0.0146781470187854,-0.167829012444318,-0.075254524405457,0.0191381830042394,-0.0397999890387017,0.204608617172709,0.0989414495254365,-0.0519358107802829,-0.00901021288721838,-0.0757769144500444,0.0534695712049224,-0.0817753539937038,-0.109838409381333,-0.0265983319293592,0.184500941149202,-0.0768145724520521,0.0373031211943378,0.1510607808502,-0.0787723746058503,0.17275246386124,-0.121656407952215,0.236151308180392,-0.0412035203773081,-0.0863793168040572,-0.0740206374760621
"2",0.0740457630616419,1,0.0546043227801113,-0.0173139594774577,0.100433914024497,0.101588334757584,-0.0199234742316342,0.198728304023206,0.0333303607033081,0.195460174329509,-0.0329889060438888,0.0316882493931897,-0.000765109911498,0.140912151765993,-0.0578920901911958,0.0727088343705229,-0.187474504823925,-0.0489750047113009,-0.120799448843661,0.00826770537332373,-0.0452927242154121,-0.0647368345852511,-0.0979218090425959,-0.151221998066903,-0.021851829359509,0.102787395836373,-0.0195525413671416,-0.0160225317162516,-0.0753185616709646,0.0931055064573898,0.0109874277529243,0.116361003964416,-0.00208375553984874,0.128472743001979,0.174058946426018,0.0621359450589428,0.0337056348510378,-0.0568036577262604,0.0525435945640618,0.0400238256608747,-0.0821976548318021,-0.00793282634249195,-0.0971574134328453,0.174132791685825,0.0494494026769543,0.0669532521127891,0.00503056842921508,0.119659506570107,-0.218459122260608,0.122140678072196,0.104681054833855,0.202308002057986,0.0449072764876423,0.0285850744519535,0.0189527526179736,-0.00674389235805059,0.0612896797430289,0.122600060319592
"3",0.0695545485250142,0.0546043227801113,1,0.0712828574466843,-0.0317864142837109,-0.0217438282251995,-0.0817590458076809,0.109881399725321,-0.00470697910840579,-0.0332307821232086,0.042314742116446,0.252835912057571,-0.088203142876992,0.00920845360678578,-0.16667072284114,-0.236944540140111,-0.050294498188713,0.00205002901783961,-0.0861713745390991,-0.082472451576505,0.00189005360987219,-0.0862278676917046,-0.158318414280323,0.0912708410321904,-0.0539417700838101,0.271853890825551,-0.0332604833688959,0.0246291587788941,0.0332011126061857,-0.0277089450750961,0.124043363529035,-0.13521581957634,-0.038746784157231,0.211479239801928,-0.00878530097666458,0.0433645036643058,-0.178676819832369,0.0268347054206762,-0.257963116157211,0.0469280872069414,-0.0442578647298163,-0.100277247498264,-0.0728172315264928,0.162564177805411,-0.0161907978485829,-0.112310356276113,0.00475164808533548,0.16629509215919,-0.0204877661269146,-0.00406879020594664,-0.10357646274824,-0.0889280443241103,-0.0409063723970653,-0.18973362466437,0.0524883510778128,-0.106195763999674,0.184593911077914,-0.0406351320588673
"4",0.0409070236129417,-0.0173139594774577,0.0712828574466843,1,0.0315699836150617,-0.0695065899954077,0.0151084818135614,-0.141231376382963,-0.00356544424710324,0.0168281648517564,0.0144493738594243,0.0699443597982804,0.0792633240393773,0.0179013612236309,-0.0740210851373783,-0.0335047192859454,0.0821555919693125,0.0652318202549246,-0.0270492941998006,-0.0426994555322009,0.0392362646016918,-0.0239361845257888,0.0306839820435181,0.135788012550243,-0.0116649181597571,-0.0124397289885084,0.0284134788586966,0.132762826157828,0.00522499676819135,0.0612434767635625,0.0121664631469374,-0.0895529236688448,-0.0757705943908374,0.0712113182639362,-0.100001223966159,0.0287940172537995,-0.0957366722784601,-0.052930963436879,-0.0631360968593691,-0.178490344224792,-0.14243262073337,-0.150404795293814,-0.0267171695454041,-0.0916017063592101,0.0976909457385984,-0.0987350446790941,-0.0534965881135686,-0.0464109254238772,-0.0359704931486035,-0.0685466806815013,-0.106256427909789,-0.090497290692122,-0.079017153507443,-0.129035488590269,0.0471032523409883,0.00472380145360945,0.0485648170839882,-0.0455211772051616
"5",0.243486060888209,0.100433914024497,-0.0317864142837109,0.0315699836150617,1,-0.00243288060350897,-0.240936456615134,-0.0335492291059216,0.117341299136213,-0.123886872828914,0.0455880283156752,0.121176400299147,0.0193115178617003,0.207478721869995,0.141000423981321,-0.0421389346253672,-0.019654920056,0.149393856563123,0.150581849843336,0.159424421399942,-0.0894121157768108,0.0128909863545569,0.169278209104471,-0.0239745465936427,-0.0181423416127665,-0.10095614496125,0.121646978196384,-0.0759066383844479,0.00210759103440806,0.219787160504159,0.156554033372226,0.0984258091389157,0.0964759380357259,-0.0307316604629763,-0.0871985857356818,-0.256407847220146,-0.190811682747335,-0.11899757441343,0.10570270095711,0.154296569396678,7.02721708826883e-05,-0.0791584920540597,0.113778255207227,0.127985195877927,-0.0656108030536155,0.0337202479626971,-0.0477612808063782,0.0959075969655551,-0.0127040877770195,0.212198726613861,-0.0098411682087627,-0.169182863569019,0.126478425307232,-0.0417905890527075,0.100336234603636,-0.181649983725919,0.123579090056543,0.184514845561534
"6",0.136803615108553,0.101588334757584,-0.0217438282251995,-0.0695065899954077,-0.00243288060350897,1,0.12321534725313,0.0006259862507854,0.135996812466079,-0.0191613362615106,0.106785157151198,-0.0624603054747974,0.0114507622521467,0.0565361058482265,-0.00874461057468811,0.101468692158834,-0.0187125913579504,-0.110740613194753,0.171590130292437,-0.116979658737335,-0.0907936107814474,-0.132285780127267,-0.00919405828394415,-0.15358674963935,-0.153587862067652,-0.0622112437425603,-0.0700403729840963,-0.0864820282347198,0.022364144239026,-0.0406547695705576,0.0709458553846928,-0.0862887164191515,0.152178459960299,0.045051154052401,0.0207622478894223,0.128165456792684,0.0168252802638708,0.00798281136097776,-0.017297300560298,-0.0681290348910274,-0.0113561805051675,0.0627157755518472,0.142439908678916,0.140473584710189,-0.113763263541023,0.0183800052208276,-0.0344193924305578,-0.0504506409000671,0.0834925730543556,0.0538456646751808,0.0520371725193808,0.251905208510447,0.045198878197909,-0.132373141002559,0.115599131951086,-0.13471839031857,0.0366705605527829,-0.00195198435609322
"7",-0.0300454662646354,-0.0199234742316342,-0.0817590458076809,0.0151084818135613,-0.240936456615134,0.12321534725313,1,0.12806393539373,-0.0246505286073676,-0.0147942431293677,-0.19775303033536,0.00847528689800316,-0.0189124407593061,0.0994908096534821,-0.00735993348614829,0.0450640502401205,0.0208096518125056,0.101306974137199,-0.134111862522052,-0.156351224755774,0.144984833917043,-0.0240805113416973,-0.121623923674524,-0.0437736236608027,-0.00985926200394822,0.0760040977211152,-0.00018361625285385,0.0162528510545484,-0.0304164799336547,-0.22822512333654,-0.015527209543053,-0.00035809641178028,0.159836407756627,0.0214763558952907,0.349766282315224,0.100751915484459,0.216727044570713,0.176887890062972,-0.158806020420114,0.0174974099574626,0.103679871174179,0.287574031354216,-0.029980873414285,0.041413199597014,-0.0890905006794826,0.0187391273559935,0.201763878392,0.0673588670399402,0.117810836199357,0.127783602377535,0.133729807870423,0.120060798254258,0.0275099983997601,0.27160905619775,-0.0482340744761189,0.213728974990154,-0.0914218250863284,-0.104120494260887
"8",-0.0115348436053869,0.198728304023206,0.109881399725321,-0.141231376382963,-0.0335492291059216,0.0006259862507854,0.12806393539373,1,0.0458222758179204,0.213164803558077,0.101770074128472,-0.235755516570388,0.0403893127551887,0.249161409837147,0.0985145690435198,0.0733180633061497,-0.105532857190269,-0.106551002736845,-0.0559147440317593,0.0160123996049484,0.0557284933902795,0.017641941299295,-0.28130657254545,0.123514403548422,0.0760473817890635,0.0860613296318543,0.0887697934661504,-0.0575343136594089,0.0713890739388166,0.109741871943835,-0.108381178440108,0.0828953084065988,-0.0195082044079677,-0.0330699035084353,0.256559141361998,0.239055778590509,0.0925166336562075,0.184699472107539,-0.0933487480443916,-0.0632527383406018,0.0653196457775976,0.120197469306445,-0.135435066046994,0.0602576953314019,-0.0279041808565851,0.121775410320708,0.0436900238035469,-0.0581685973841091,0.107493400066513,0.162473125036165,0.130807974713137,-0.0464422198429202,0.12564552526363,0.0511241186607612,0.0270819750811631,-0.0643108425268797,0.15367460540173,0.104712276520321
"9",0.241802362816765,0.033330360703308,-0.00470697910840579,-0.00356544424710324,0.117341299136213,0.135996812466079,-0.0246505286073676,0.0458222758179204,1,0.0848701370977015,-0.00764189159142992,-0.0114754851280247,0.245673092399052,-0.015488246148842,-0.0826250558766116,-0.115042038974559,0.173069446668141,-0.196770932983751,-0.0758043577511212,-0.104261583540088,0.0179917171172113,-0.0456726805809419,0.143325913154885,-0.0856607268358173,-0.0719047515186965,0.0186690483779918,-0.0230969917171746,-0.0919635286580795,-0.0306228173879576,0.115507041349168,0.0134079146795021,-0.105362472492572,0.0685978496420037,-0.0752996156369411,-0.202455892948825,-0.213233511875142,-0.151960182496765,-0.0706658949016147,-0.0833482617365731,-0.0553217277795624,-0.0412153175550673,-0.00920448760565964,0.240626714544116,0.0644180995258471,-0.0875693324192792,-0.0407271951848452,-0.145345166121707,0.0368053040427685,0.233309825078349,-0.111021512706378,0.0172077051362379,-0.0270706805306717,-0.0501744638085405,-0.218870369941804,0.206055256835736,-0.129583293283064,0.197938309739292,-0.120887631581345
"10",-0.124030495309383,0.195460174329509,-0.0332307821232086,0.0168281648517564,-0.123886872828914,-0.0191613362615106,-0.0147942431293677,0.213164803558077,0.0848701370977015,1,-0.177631721114613,0.112792044639324,0.0804664576435366,0.12216204219828,0.119976260942355,0.220134739384763,0.0354073272722887,0.0788102746211011,-0.223071769120972,0.0965293612738164,0.0963436586847409,0.113141543416604,-0.111742787014153,0.131668967903055,0.103142859281083,0.0373430089514804,0.0403586388638796,-0.0777082940653361,0.0183642489797306,-0.16607992151095,-0.209207791201142,0.0355260873100408,-0.150945613906969,-0.164720098273595,-0.00867147613975492,0.0110188708260787,0.188585721677108,0.0184346729578318,-0.0293850289807554,0.0118588890839599,-0.0652557023769611,-0.0976102783544951,-0.0503805287464131,-0.018847571938017,0.0644706789864351,0.140967132438778,-0.0879418135978674,0.0447137587922041,-0.012739046997436,0.0283891797352836,-0.0190118515435095,0.127285932503778,-0.148054241677118,-0.190209527412305,0.0172077485978021,0.00053341721648728,0.160687732483311,-0.0645545791264028
"11",0.0578661391981514,-0.0329889060438888,0.042314742116446,0.0144493738594243,0.0455880283156752,0.106785157151198,-0.19775303033536,0.101770074128472,-0.00764189159142992,-0.177631721114613,1,-0.0940477251802201,-0.101543994897761,-0.0749533017097305,0.0284061183931097,-0.0951619416704666,-0.0550466378864201,-0.110048944825688,0.0117530714237404,0.0612212540865387,0.0236376616473819,0.0758182388641482,-0.0311961703966394,-0.0414885834974321,0.0399437299465022,0.00280494376968462,-0.0365521205249689,-0.0688972686568095,0.109756856603269,0.211528004076734,-0.079944035911879,-0.00796971086489806,0.0259939997850972,0.0486467222669411,-0.0396832043721705,0.141658768224291,-0.0945738224819984,-0.00035390612313428,0.0928092591089804,-0.00294181124491017,0.124223801818287,0.0279535844193259,-0.0112093028317498,0.0232459981437994,-0.0586767836989424,-0.205154125577821,-0.0477989005649047,-0.172701038109503,0.012942741952452,-0.117441992259753,0.088337815329557,-0.102660036459307,0.0417338513504385,-0.0844499463128507,-0.193095039370133,-0.0400074084155005,-0.115803166653376,0.0565562109386054
"12",-0.0203832849019956,0.0316882493931897,0.252835912057571,0.0699443597982804,0.121176400299147,-0.0624603054747974,0.00847528689800316,-0.235755516570388,-0.0114754851280247,0.112792044639324,-0.0940477251802201,1,-0.136622769777595,0.0278295426531213,0.0879171267737598,-0.0631177530625949,0.0726933856685596,0.0647922366636831,-0.0290868332113077,0.0566827107817078,0.166981804710925,-0.132122612894865,0.0317951711619831,-0.0696970032400076,0.025762088546594,0.0570614485493324,0.149209559367183,0.0668001078596629,0.0670252412489914,-0.0779466584272016,-0.0347107217304834,0.0900370627692816,-0.146058701375865,0.212646379057134,0.0856501837692107,-0.0377686405031868,-0.0236509095258554,-0.00081886037536063,-0.141134798811806,0.142658013817259,0.0861583222022462,-0.0956078497887318,0.161981350066609,0.156465314695134,-0.0336283834869825,-0.0712088172433124,0.0852858588038078,0.279315007000651,-0.0609368894829131,0.112980710822505,-0.0952004038503575,0.0131417319270802,-0.110286838368235,-0.06514770642544,0.0127243447380543,0.0648064408393586,0.221794846353128,-0.0355786582575309
"13",-0.113760863689286,-0.000765109911498,-0.088203142876992,0.0792633240393773,0.0193115178617003,0.0114507622521467,-0.0189124407593061,0.0403893127551887,0.245673092399052,0.0804664576435366,-0.101543994897761,-0.136622769777595,1,0.200096492991538,0.00256237663353514,-0.00512015728145111,0.194198404943858,-0.181817272561747,-0.0659671388729934,0.0150357938108985,0.113947525142192,0.0465721219047072,-0.0226603088889237,0.1617403733594,0.113340259451364,0.151862845721476,-0.0250093438146981,-0.072383476682965,0.0406429730718655,0.0461409489124356,0.116638675735822,0.0356841527906883,0.048078506959956,-0.161693035482432,-0.084029178180215,0.0610474754802454,-0.0283498815751443,0.0799191555172015,-0.0688911021496013,0.0317017760736949,-0.0835873278342525,0.0612955614595886,0.061746909931788,-0.0596626242277133,-0.00501172879577707,-0.0541836122936579,-0.0638255008701762,-0.0621169431409407,0.475826080636214,0.00887965277496798,-0.00626618143959777,0.152185633809117,0.0275080852093389,0.0456990720112448,0.132679133502945,0.0197495103764324,0.233194664891272,0.122559399419919
"14",0.0933026352628921,0.140912151765993,0.00920845360678578,0.0179013612236309,0.207478721869995,0.0565361058482265,0.0994908096534821,0.249161409837147,-0.015488246148842,0.12216204219828,-0.0749533017097305,0.0278295426531213,0.200096492991538,1,0.160723567874648,0.125492392206396,0.0863977951080594,0.0958781324951116,-0.0231212150506601,0.37352146856913,0.171267538894833,0.137346587601765,-0.0932125805016257,-0.00292268300569094,0.080816077587606,0.150869606841986,0.0659180412473816,-0.125715980247659,0.289758610074753,0.0966980755417638,-0.0326197354824245,0.380447879774566,-0.014483350088184,0.115209785154155,0.0763991461442593,0.102763913268312,-0.0427033119853832,0.0904548517117934,0.124946677830656,0.210628921539874,-0.0814828361560073,0.12296110943919,0.210652408773188,0.248901025743165,-0.15397722584658,-0.0405647529235824,0.0976339185418711,0.149916748270706,0.146671724047837,0.6734398697783,0.210330222215525,0.0668480973747404,-0.0864355494679943,0.0366680206252105,0.100036838657576,0.127405151351788,-0.00070099147114727,0.153516622155463
"15",-0.0099253088734086,-0.0578920901911958,-0.16667072284114,-0.0740210851373783,0.141000423981321,-0.00874461057468811,-0.0073599334861483,0.0985145690435198,-0.0826250558766116,0.119976260942355,0.0284061183931097,0.0879171267737598,0.00256237663353514,0.160723567874648,1,0.165474948583774,0.126717723191248,-0.0709596110496746,0.167992341843935,0.0516451111642251,0.0264024574974988,-0.253056677682378,0.18431190951552,-0.062121053686002,0.0509911209381042,-0.130983082452721,0.0600794749490601,0.0756091524693921,0.139519656459143,-0.00263143296269657,0.0775290537172462,-0.0217471197766672,0.0376439187466613,-0.0575325629585357,-0.08728589507162,0.0307493456903889,0.230744096421436,0.285499688558425,0.192241717313161,-0.00404836939403397,0.207392674060521,-0.124112618766045,-0.231438084476873,-0.148872962795496,-0.111128246789722,0.0241923036182691,-0.104069283961189,-0.0202320263806379,0.0075880248076956,0.0197860274183365,0.107027144067875,-0.116615857503525,0.046519084505425,0.0166320319752426,-0.132962653948931,0.0841687776945496,0.0089732608273063,-0.10553732389133
"16",-0.00332908273326762,0.0727088343705229,-0.236944540140112,-0.0335047192859454,-0.0421389346253672,0.101468692158834,0.0450640502401205,0.0733180633061497,-0.115042038974559,0.220134739384763,-0.0951619416704666,-0.0631177530625949,-0.00512015728145111,0.125492392206396,0.165474948583774,1,-0.122698351038604,-0.0602419751468029,0.113970330234893,0.0384183319656732,-0.129233358501166,-0.0373789773360236,-0.0128186478738597,-0.0485088449499703,0.104199354833529,0.0614167457091878,0.00376035583142146,-0.0444953640918108,-0.108972773742451,-0.207172107804661,-0.119721302122096,-0.0294579568562418,-0.058308433996741,0.0919775574260919,0.093482338801563,0.117470988927062,0.322432560877532,0.0231632989156472,0.215390975841698,0.139270901389745,0.0264845979197773,0.0581263483546542,-0.0662196630302311,0.00727590930436546,0.332035709669583,0.202722513626118,-0.109651023795628,-0.143786877044121,-0.00253272502353327,0.0618194960936749,0.0441602128150807,0.36317191777892,0.0135090957617025,-0.0226137040227917,0.125651663753441,0.105860201962978,0.0525400768557,0.0379041344065612
"17",0.151381527701476,-0.187474504823925,-0.050294498188713,0.0821555919693125,-0.019654920056,-0.0187125913579504,0.0208096518125056,-0.105532857190269,0.173069446668141,0.0354073272722887,-0.0550466378864201,0.0726933856685596,0.194198404943858,0.0863977951080594,0.126717723191248,-0.122698351038604,1,0.129612253209047,0.00842605064728301,-0.114516524363894,0.182082039980779,-0.119972310209592,0.109953188378972,0.0474588237666037,0.0224433826707573,0.088721647292769,0.063758740730371,0.0662679739299058,0.128850876198803,0.107285955368461,0.155562835415565,-0.0995456339056839,-0.0588784185930704,-0.267074118342445,-0.144774221042736,-0.242677128475957,0.00295819286313487,-0.0536191179593692,-0.0254630948007263,0.14461193255611,-0.231885678304527,-0.155978497148216,-0.18232422280599,-0.182075238544731,-0.388081504491921,-0.341089042431094,-0.180633678403007,0.055238740296705,0.161230665801874,-0.0453344490442665,-0.164203829924583,-0.0348182156171559,-0.143634409192713,-0.0643568503111118,-0.136987090006439,-0.0659289259292851,0.146719294179534,-0.0385519826044708
"18",0.0856824919715429,-0.0489750047113009,0.00205002901783961,0.0652318202549246,0.149393856563123,-0.110740613194753,0.101306974137199,-0.106551002736845,-0.196770932983751,0.0788102746211011,-0.110048944825688,0.0647922366636831,-0.181817272561747,0.0958781324951116,-0.0709596110496746,-0.0602419751468029,0.129612253209047,1,0.0505304458814246,0.0204501829074245,0.0243060577091543,0.24442151987451,-0.0865406415562012,0.00693742810728304,0.0200364529836861,0.0998205785093258,0.162513795305965,0.276449037712294,0.118331780862355,0.21794789283223,-0.0389631360820123,0.079172562527102,-0.00695661684399078,-0.0699226026328855,-0.0729706592704716,-0.122470947989803,-0.0267638971743029,-0.0816084267164524,0.00149994040849419,-0.0396608672355992,-0.208888485848374,-0.114819047148515,-0.191670333539748,0.0338543085499446,-0.2195476326398,-0.129362422370029,0.0263127940902144,-0.0436578275888842,-0.286771111288864,0.343042355417566,-0.103969774293334,0.0301198401782051,-0.185713587102872,0.0318642320379435,-0.012055834718248,-0.0570889335325672,-0.133161552392482,0.137140010940546
"19",0.0884510888132888,-0.120799448843661,-0.0861713745390991,-0.0270492941998006,0.150581849843336,0.171590130292437,-0.134111862522052,-0.0559147440317593,-0.0758043577511212,-0.223071769120972,0.0117530714237404,-0.0290868332113077,-0.0659671388729935,-0.0231212150506601,0.167992341843935,0.113970330234893,0.00842605064728301,0.0505304458814246,1,0.0456476001601517,-0.184549341072185,-0.0529627499945498,-0.123126753450753,-0.00849269760342222,0.0447227167406765,0.0197627031529187,0.131176442676725,0.17718509425945,0.185144631872242,0.167905000073491,0.398184454680284,-0.00243856108067007,0.193663747831289,-0.0734133368095421,-0.11242898966303,-0.0625196251726493,-0.0965076471603396,0.00121637014702636,0.0692175053818648,-0.051734368381,-0.0335135091763618,0.0355467598842175,-0.0728752462443508,0.00116490869200346,-0.297774020799626,-0.141221367410629,-0.0444905814038268,-0.00938865815363622,-0.0792117774351727,0.0590005639141983,-0.107635455285517,0.0330544949889481,0.0588409573814533,-0.073170525165766,0.00514930061376456,0.0426593748513174,-0.0575412446719391,0.127028882290211
"20",-0.0212821939715981,0.00826770537332373,-0.082472451576505,-0.0426994555322009,0.159424421399942,-0.116979658737335,-0.156351224755774,0.0160123996049484,-0.104261583540088,0.0965293612738164,0.0612212540865387,0.0566827107817078,0.0150357938108985,0.37352146856913,0.0516451111642251,0.0384183319656732,-0.114516524363894,0.0204501829074245,0.0456476001601517,1,-0.124489353591249,0.181453401197667,-0.129108797912238,0.206672473397564,0.128777237429901,-0.125636756493104,0.217188429166152,0.0776938046406948,0.0738474968360104,0.061051735823431,-0.182683823179885,0.54380641874584,0.125932286277222,-0.0556957187336685,0.0311890765353523,0.0896546545136164,-0.133949169975161,-0.0250887176454992,0.198906697885426,0.0891804277558846,-0.0131144091963241,-0.00928007745118265,0.293126519046517,0.194934635196459,0.00173642374488854,0.0179250056377641,0.0216383651785101,0.0546246352593123,0.0295224514979018,0.19258039804273,0.0890954465834539,-0.061885672207877,0.0768837422018216,0.0821394014010098,0.120457262466428,0.12458762054618,-0.113475311825718,0.0250395187980375
"21",-0.182272881528147,-0.0452927242154121,0.00189005360987219,0.0392362646016918,-0.0894121157768108,-0.0907936107814474,0.144984833917043,0.0557284933902795,0.0179917171172113,0.0963436586847409,0.0236376616473819,0.166981804710925,0.113947525142192,0.171267538894833,0.0264024574974988,-0.129233358501166,0.182082039980779,0.0243060577091543,-0.184549341072185,-0.124489353591249,1,-0.042517315127612,-0.00512321509470848,-0.0395563525773389,0.0397969641373996,0.121680481292501,-0.0707565289555416,-0.0320623580690944,0.134577961635013,-0.0107664076310972,-0.0326031409645023,0.0842576937342952,-0.0156873112389411,-0.00394840161669613,0.081049733066684,-0.107764506455309,0.0425902179116729,-0.00153106946957986,-0.153264652501329,-0.007441566516062,-0.0219963139009663,-0.0479250260399422,0.0376201447970475,-0.0784517406350974,-0.157333666842901,-0.0126824953561127,0.238903090816321,0.0168087842422533,-0.0356070115325776,0.0513408689888247,0.0126650230760471,0.0807117874386253,-0.00361149745012238,0.014514935592638,-0.121213646518874,-0.116909651863656,0.127938986481265,-0.0750760636984757
"22",-0.00039205968946877,-0.0647368345852511,-0.0862278676917046,-0.0239361845257888,0.0128909863545569,-0.132285780127267,-0.0240805113416973,0.017641941299295,-0.045672680580942,0.113141543416604,0.0758182388641482,-0.132122612894865,0.0465721219047072,0.137346587601765,-0.253056677682378,-0.0373789773360236,-0.119972310209592,0.24442151987451,-0.0529627499945498,0.181453401197667,-0.042517315127612,1,-0.145819431459216,0.080867776846785,0.0777647374616953,0.0843047170730662,0.065877442920439,0.0519811319553352,0.0798378668634772,0.105213436470055,0.00847951125639955,0.140044522362621,-0.0474074918452266,-0.0365838382610943,0.0218766450113544,0.0471480165451155,-0.17319589258227,-0.0566369881816147,0.0582945277591206,0.0236865936965557,-0.102004007961055,0.100316889375739,0.142869774782748,0.081016063081574,0.0688315359905677,0.0346895558165349,-0.0543539255282907,-0.106922449815363,0.0634723120617784,0.197745630475979,-0.0405219275240152,-0.0472901540724845,-0.0527590106168518,-0.0283158036746122,0.168649795954025,-0.106118482967761,-0.123114883344713,0.169725707672204
"23",0.0553781096759403,-0.0979218090425959,-0.158318414280323,0.0306839820435181,0.169278209104471,-0.00919405828394415,-0.121623923674524,-0.28130657254545,0.143325913154885,-0.111742787014153,-0.0311961703966394,0.0317951711619831,-0.0226603088889237,-0.0932125805016257,0.18431190951552,-0.0128186478738597,0.109953188378972,-0.0865406415562012,-0.123126753450753,-0.129108797912238,-0.00512321509470848,-0.145819431459216,1,0.012415962238893,-0.097798715011238,-0.336990713217892,0.0448631677745894,0.0870231289928738,0.0211472996107651,0.147299671807912,-0.123479865538052,-0.0654684939923574,-0.0847338043026277,0.0184477102991529,-0.158098545740106,-0.0603276923681859,0.0562189054453905,0.0240902571778452,0.157945844694242,0.0608195891463492,0.0584659180252031,-0.0166542176761517,0.147806834785413,0.035328296921857,0.115655743719462,0.109260207363858,-0.00060137327503041,0.0769979630555481,-0.0690805340657968,-0.0395262820210983,-0.0286384254491334,-0.0531220319945487,-0.182641766201607,-0.067312730969268,-0.103502219298572,-0.0770405404578531,-0.107533114043062,-0.0784698326206592
"24",-0.0994994884720173,-0.151221998066903,0.0912708410321904,0.135788012550243,-0.0239745465936427,-0.15358674963935,-0.0437736236608027,0.123514403548422,-0.0856607268358173,0.131668967903055,-0.0414885834974321,-0.0696970032400076,0.1617403733594,-0.00292268300569094,-0.062121053686002,-0.0485088449499703,0.0474588237666037,0.00693742810728304,-0.00849269760342222,0.206672473397564,-0.0395563525773389,0.080867776846785,0.012415962238893,1,0.0618483903075982,-0.0783444624622869,0.240154396754378,0.170835169195111,-0.0936051266902163,0.141679944244746,-0.0128267066401286,-0.0410496216254078,0.0751141821020779,-0.330117504258959,-0.0422128981881564,0.0644053971843693,-0.212423638927832,-0.0235273843438968,-0.133476700841666,-0.0706402414339116,-0.101543671279311,0.0436460320602162,-0.0231152903280288,-0.0699509036047906,0.175649723226784,-0.0750572167889316,0.0410107274986832,0.108147873584631,0.00819338542564971,-0.0211283488728192,-0.115491237746217,-0.112454038991338,-0.0432335050876335,0.124935702667958,-0.0326148862508472,-0.0773946492344478,-0.0146674153908753,-0.131643862331378
"25",-0.156815534853645,-0.021851829359509,-0.0539417700838101,-0.0116649181597571,-0.0181423416127665,-0.153587862067652,-0.00985926200394822,0.0760473817890635,-0.0719047515186965,0.103142859281083,0.0399437299465022,0.025762088546594,0.113340259451364,0.080816077587606,0.0509911209381042,0.104199354833529,0.0224433826707573,0.0200364529836861,0.0447227167406765,0.128777237429901,0.0397969641373996,0.0777647374616953,-0.097798715011238,0.0618483903075982,1,0.04376222671792,-0.22344559851461,0.0512411256418158,0.100211709261006,0.070650460704938,-0.0598297628631634,0.0576290044026859,-0.165246510195836,0.132454617620877,0.164264016658157,-0.0319910996782668,0.0909348119793736,0.265018882369882,0.168352275592155,0.0599933339591954,0.0431023100493333,0.0363724456601893,0.0232924923770851,-0.142532542182423,-0.0413384264220282,0.0887190164324114,-0.0568707875682632,0.087594093965376,0.154288123672132,0.0767141043769748,-0.130384377747831,0.0209117670508769,0.0732565212742096,-0.0621924056290396,-0.171911254540988,0.192238137843265,0.0128642356055751,0.0918191419420918
"26",0.123825882667706,0.102787395836373,0.271853890825551,-0.0124397289885084,-0.10095614496125,-0.0622112437425603,0.0760040977211152,0.0860613296318542,0.0186690483779918,0.0373430089514804,0.00280494376968462,0.0570614485493324,0.151862845721476,0.150869606841986,-0.130983082452721,0.0614167457091878,0.088721647292769,0.0998205785093258,0.0197627031529187,-0.125636756493104,0.121680481292501,0.0843047170730662,-0.336990713217892,-0.0783444624622869,0.04376222671792,1,-0.0893880628471914,0.0434952045874177,0.218720540074628,-0.137397770345268,0.156043699224681,-0.0268311158301679,0.00954499599261196,0.0705279335393379,-0.0200815219545385,0.123289435471587,0.0478187846622939,-0.00130599362249305,-0.161208366020511,0.139084684708129,-0.11880959390555,0.0450430445747561,-0.257722977810081,-0.121627398601335,-0.0893927855367766,-0.104147304541362,-0.159499578923509,0.0990479860280592,0.106519626637822,0.17269447729878,0.0770475577193579,0.203264160583615,0.0412218806373398,-0.0453584718098951,0.111198323354011,0.112006945016751,0.11737420521057,0.0352914647319807
"27",0.0240663013043656,-0.0195525413671416,-0.0332604833688958,0.0284134788586966,0.121646978196384,-0.0700403729840963,-0.00018361625285385,0.0887697934661504,-0.0230969917171746,0.0403586388638796,-0.0365521205249689,0.149209559367183,-0.0250093438146981,0.0659180412473816,0.0600794749490601,0.00376035583142146,0.063758740730371,0.162513795305965,0.131176442676725,0.217188429166152,-0.0707565289555416,0.065877442920439,0.0448631677745894,0.240154396754378,-0.22344559851461,-0.0893880628471914,1,0.212992220168295,0.0992168976773852,0.197049989714457,0.0816953668623089,0.0536200358578666,0.166310977999294,-0.159077107670444,0.132123060757032,0.0440098241898549,-0.187011473151905,0.0953210591034772,-0.0844528788265333,0.0680399089585511,-0.0889980017202401,0.0524329355169496,0.0167797304002793,0.107770025873059,-0.00190215625308076,-0.0286317758360883,0.0698792010211915,0.0847055530814921,-0.115669638342237,0.067270524671109,-0.115864832149205,0.0130235868785409,-0.071892144314695,0.0750860995309883,0.0949595230305999,0.0352298736170546,0.0540965274748208,0.0404594384834158
"28",-0.0492117447940027,-0.0160225317162516,0.0246291587788941,0.132762826157828,-0.0759066383844479,-0.0864820282347198,0.0162528510545484,-0.0575343136594089,-0.0919635286580795,-0.0777082940653361,-0.0688972686568095,0.0668001078596629,-0.072383476682965,-0.125715980247659,0.0756091524693921,-0.0444953640918108,0.0662679739299058,0.276449037712294,0.17718509425945,0.0776938046406947,-0.0320623580690944,0.0519811319553352,0.0870231289928738,0.170835169195111,0.0512411256418158,0.0434952045874177,0.212992220168295,1,-0.019355793855348,0.157044849308567,0.0796428010238681,0.0135836915884421,0.120625049302257,-0.0725224409381898,-0.082759674894945,0.117333522964946,0.0137132870142862,0.0777780804973508,-0.10794526046452,-0.00622282045166757,-0.0550815042538429,-0.0808622996534928,-0.071930908166618,0.00604530086296775,0.0144735739300562,-0.0679062747948336,-0.0769267113278988,-0.0606315280993014,-0.102459615934513,-0.00921601680686867,-0.0514170124461559,-0.0761897746570981,-0.156332247178908,-0.0572924779910921,-0.0259032382101386,0.00989007190094415,-0.0602202319664514,-0.0842983051989213
"29",0.0538002830047189,-0.0753185616709646,0.0332011126061857,0.00522499676819135,0.00210759103440806,0.022364144239026,-0.0304164799336547,0.0713890739388166,-0.0306228173879576,0.0183642489797306,0.109756856603269,0.0670252412489914,0.0406429730718655,0.289758610074753,0.139519656459143,-0.108972773742451,0.128850876198803,0.118331780862355,0.185144631872242,0.0738474968360104,0.134577961635013,0.0798378668634772,0.0211472996107651,-0.0936051266902163,0.100211709261006,0.218720540074628,0.0992168976773852,-0.019355793855348,1,0.037006552404802,0.145017030624134,0.146417161788703,0.0804274618490415,0.0488197940058162,-0.114523995762829,0.16601605371905,-0.0104936441333683,-0.068369763835393,-0.0392307896770719,0.102911289858799,0.00945793507831516,0.0476276839332692,-0.0100841323708724,0.107495931626726,-0.231707965719478,-0.16191820347009,-0.0445422224231685,-0.0826080945276712,0.0708880692257351,0.263593388935563,-0.0362674273915335,0.0357924066660055,-0.0110783703393829,-0.0609516385638861,-0.0868543924064217,0.171070825556538,0.0235195990707454,0.0390551986127642
"30",0.145260746497449,0.0931055064573898,-0.0277089450750961,0.0612434767635625,0.219787160504159,-0.0406547695705576,-0.22822512333654,0.109741871943835,0.115507041349168,-0.16607992151095,0.211528004076734,-0.0779466584272016,0.0461409489124356,0.0966980755417638,-0.00263143296269657,-0.207172107804661,0.107285955368461,0.21794789283223,0.167905000073491,0.061051735823431,-0.0107664076310972,0.105213436470055,0.147299671807912,0.141679944244746,0.070650460704938,-0.137397770345268,0.197049989714457,0.157044849308567,0.037006552404802,1,-0.110531684350287,-0.0400519434084135,0.129467032170278,-0.0336428071516785,-0.0901208231280864,-0.0672317455663113,-0.215268361510041,0.0777471889621865,0.11078918440351,0.0429349854372181,-0.1044362700691,0.0495934436480141,-0.0535142404498191,0.0145244046221926,-0.108066154334427,-0.184112865564331,0.0403479237660229,0.157405736764423,-0.162912618635835,0.0239520926467022,-0.0545949936785467,-0.11685557071855,-0.0992538457939534,-0.0299000844586107,0.0939209432181155,-0.198089545226411,0.0743061588952376,0.114458840505887
"31",0.0449157650266236,0.0109874277529243,0.124043363529035,0.0121664631469374,0.156554033372226,0.0709458553846928,-0.015527209543053,-0.108381178440108,0.0134079146795021,-0.209207791201142,-0.079944035911879,-0.0347107217304834,0.116638675735822,-0.0326197354824245,0.0775290537172462,-0.119721302122096,0.155562835415565,-0.0389631360820123,0.398184454680284,-0.182683823179885,-0.0326031409645023,0.00847951125639955,-0.123479865538052,-0.0128267066401286,-0.0598297628631634,0.156043699224681,0.0816953668623089,0.0796428010238681,0.145017030624134,-0.110531684350287,1,-0.025664753844711,0.301478858248429,-0.156447733377331,-0.0742449045413149,-0.0350085239510104,-0.131147911168126,-0.0402273097876606,-0.0193231057837735,0.0115842426747553,0.0374473935244869,-0.197128646305625,0.0320942345297077,0.148436746781618,-0.254101589407016,-0.19098910170493,-0.0001003044555025,-0.142492419266783,0.0419930041243333,-0.101833616468655,-0.0501980045387259,-0.0197429699477608,0.033880669059818,-0.0862839740455704,-0.0985523686985471,-0.131473791741059,0.15618391778506,0.236796602913025
"32",-0.060427317841059,0.116361003964416,-0.13521581957634,-0.0895529236688448,0.0984258091389157,-0.0862887164191515,-0.00035809641178028,0.0828953084065988,-0.105362472492572,0.0355260873100408,-0.00796971086489806,0.0900370627692815,0.0356841527906883,0.380447879774566,-0.0217471197766672,-0.0294579568562418,-0.0995456339056838,0.079172562527102,-0.00243856108067007,0.54380641874584,0.0842576937342952,0.140044522362621,-0.0654684939923574,-0.0410496216254078,0.0576290044026859,-0.0268311158301679,0.0536200358578666,0.0135836915884421,0.146417161788703,-0.0400519434084134,-0.025664753844711,1,0.013601226789092,-0.036984227924528,0.103194153660431,0.0542148768254662,-0.106292321971671,-0.126316996035951,0.244639067566912,0.0603121885912731,-0.0253077152478849,-0.10642900489017,0.259163142462098,0.30185926689968,-0.0875881810613105,-0.0195808571174317,0.202143776279044,0.148415994415174,0.0295646003287259,0.343282017300326,0.0330030220542984,0.0206551694551818,0.0208504226343526,0.170315363065054,0.106342930288491,0.148357692150494,-0.0659795812395317,0.291814370054668
"33",0.177764406694938,-0.00208375553984874,-0.038746784157231,-0.0757705943908374,0.0964759380357259,0.152178459960299,0.159836407756627,-0.0195082044079677,0.0685978496420037,-0.150945613906969,0.0259939997850972,-0.146058701375865,0.048078506959956,-0.014483350088184,0.0376439187466613,-0.058308433996741,-0.0588784185930704,-0.00695661684399078,0.193663747831289,0.125932286277222,-0.0156873112389411,-0.0474074918452266,-0.0847338043026277,0.0751141821020779,-0.165246510195836,0.00954499599261196,0.166310977999294,0.120625049302257,0.0804274618490415,0.129467032170278,0.301478858248429,0.013601226789092,1,-0.169245897425572,-0.135518565625552,0.140734835337367,-0.00445566680471111,-0.0996553746065959,0.0967518030665009,0.0740159967967656,0.161882376519834,0.0885139120766758,0.139816885940373,0.0338497654423667,-0.183283324902881,-0.0948474313054812,0.171311355284396,-0.140082409559382,-0.00013640726200913,-0.0521254331761004,0.0106568670533577,0.0950954903884293,0.190318982981992,-0.102948333943882,0.114580152373941,0.0243360092500923,-0.0110986032957361,-0.0874007691023999
"34",0.0146781470187854,0.128472743001979,0.211479239801928,0.0712113182639362,-0.0307316604629763,0.045051154052401,0.0214763558952907,-0.0330699035084353,-0.0752996156369411,-0.164720098273595,0.0486467222669411,0.212646379057134,-0.161693035482432,0.115209785154155,-0.0575325629585357,0.0919775574260919,-0.267074118342445,-0.0699226026328855,-0.0734133368095421,-0.0556957187336685,-0.00394840161669613,-0.0365838382610943,0.0184477102991529,-0.330117504258959,0.132454617620877,0.0705279335393379,-0.159077107670444,-0.0725224409381898,0.0488197940058162,-0.0336428071516785,-0.156447733377331,-0.036984227924528,-0.169245897425572,1,0.1623019630157,-0.00787906427709538,0.0705372457549219,0.115622469818616,-0.0155076347991236,0.200453453021306,0.036365871293961,0.0423140474885504,0.0682582388672707,0.159696252366367,0.0493762600431372,0.228264007064321,0.0501568330476356,0.111963364074143,-0.0406791293814141,0.088032693717112,0.0658300389187631,0.0666792959054725,0.0965516780698393,-0.108187348008304,0.15219200287535,0.0419069290165071,0.0633228982413425,0.0494451388532359
"35",-0.167829012444318,0.174058946426018,-0.00878530097666458,-0.100001223966159,-0.0871985857356818,0.0207622478894223,0.349766282315224,0.256559141361998,-0.202455892948825,-0.00867147613975492,-0.0396832043721705,0.0856501837692107,-0.084029178180215,0.0763991461442593,-0.08728589507162,0.093482338801563,-0.144774221042736,-0.0729706592704716,-0.11242898966303,0.0311890765353523,0.081049733066684,0.0218766450113544,-0.158098545740106,-0.0422128981881564,0.164264016658157,-0.0200815219545385,0.132123060757032,-0.0827596748949449,-0.114523995762829,-0.0901208231280864,-0.0742449045413149,0.103194153660431,-0.135518565625552,0.1623019630157,1,-0.0248396178467494,0.219562101791157,0.108840361784697,-0.123717661982884,0.116371822071297,-0.0469991045895614,0.0797417759819533,-0.038176123072157,-0.00598517610792155,0.00359054224230842,0.0218080613658828,0.0201299683509667,0.0943252991712732,-0.0896742586011447,0.0901891253146816,-0.107697106992963,0.116207094465343,0.00723044766541648,0.18846244958148,-0.0778902873915011,0.0813904724083203,0.0431389892708208,0.0460650542985169
