"","l_Insular.Cortex","r_Insular.Cortex","l_Amygdal.Area","r_Amygdal.Area","l_Bed.Nucleus.of.the.Stria.Terminalis","r_Bed.Nucleus.of.the.Stria.Terminalis","l_Hippocampus","r_Hippocampus","l_Orbitofrontal.cortex","r_Orbitofrontal.cortex","l_Entorhinal.Cortex","r_Entorhinal.Cortex","l_Frontal.Association.Cortex","r_Frontal.Association.Cortex","l_Globus.Pallidus","r_Globus.Pallidus","l_Glomerular.Layer.of.the.Accessory.Olfactory.Bulb","r_Glomerular.Layer.of.the.Accessory.Olfactory.Bulb","l_Glomerular.Layer.of.the.Olfactory.Bulb","r_Glomerular.Layer.of.the.Olfactory.Bulb","l_Granule.Cell.Level.of.the.Cerebellum","r_Granule.Cell.Level.of.the.Cerebellum","l_Hypothalamic.Region","r_Hypothalamic.Region","l_Entorhinal.Cortex","r_Entorhinal.Cortex","l_Vermix.Molecular.Layer.of.the.Cerebellum","r_Vermix.Molecular.Layer.of.the.Cerebellum","l_Lateral.Molecular.Layer.of.the.Cerebellum","r_Lateral.Molecular.Layer.of.the.Cerebellum","l_Anterior.Olfactory.Bulb","r_Anterior.Olfactory.Bulb","l_Posterior.Olfactory.Bulb","r_Posterior.Olfactory.Bulb","l_Subiculum","r_Subiculum","l_Perirhinal.Area","r_Perirhinal.Area","l_PreLimbic.System","r_PreLimbic.System","l_Primary.Cingular.Cortex","r_Primary.Cingular.Cortex","l_Primary.Motor.Cortex","r_Primary.Motor.Cortex","l_Retrosplenial.Cortex","r_Retrosplenial.Cortex","l_Secondary.Cingular.Cortex","r_Secondary.Cingular.Cortex","l_Secondary.Motor.Cortex","r_Secondary.Motor.Cortex","l_Striatum","r_Striatum","l_Ventral.Tegmental.Area","r_Ventral.Tegmental.Area","l_Substantia.Nigra","r_Substantia.Nigra","l_Thalamus","r_Thalamus"
"1",1,-0.0703919720434675,-0.0114380874596298,-0.00418228778868308,0.00522648364819182,0.0720785715915731,0.160044894593162,-0.131957939227961,0.187946764292006,-0.0383727240921016,0.00302956302744973,-0.0253611784046199,0.00370372806646517,0.0773588058288922,0.14367202105591,-0.162296759805616,0.0353107952475672,-0.0528506914568103,0.196782518546316,-0.0486922520694575,-0.00740479154645181,-0.128660167714725,0.116297724853526,0.132609373912763,0.106694914180012,0.126393369629661,0.0523517050452896,0.0966135827656042,0.0530828858954139,-0.0816890057707386,0.131989508139928,0.0643207467290526,0.0655182639708344,0.137140446154462,0.0313712133159835,-0.110343380554074,-0.0671654478666811,-0.0582275500923048,0.0163877607295191,0.00965729852212194,0.056163700752919,0.0389286064292161,-0.0306778736398509,-0.165672600148526,0.0139364159048724,-0.00225665571640048,0.0713019245269545,0.0892688396790394,0.0661945566602863,0.0712424065392804,0.204931053614487,0.103244020905715,0.0520251835670133,-0.00016484155615455,0.0296199743934206,0.165449547639453,-0.0648819730436117,-0.0710980938951836
"2",-0.0703919720434675,1,0.00578840840370402,0.145566815041065,-0.0879526769406293,0.0206798011864998,-0.123918026333805,-0.0392519364014749,-0.00477023810512329,0.166312642829595,0.0676103697697615,0.159928641235859,0.0665608292881482,-0.218816339530659,0.016172928518443,0.0104907809616033,-0.0419556533006545,-0.114016987239914,0.0350855867447765,-0.21241628610513,0.0515647154148409,-0.0429404162316955,-0.0212050256563268,-0.0516608523684789,-0.00154757489675057,-0.0331855308146795,-0.122056087418072,-0.0405902423382844,0.170966695807281,0.143324630727651,-0.0445766030186787,-0.149927529821009,0.155750938443881,-0.00323290164990839,-0.0321185528541654,-0.0230771167405812,0.174915968005724,0.036329443747201,0.0588714683515856,0.100286052238014,-0.0781505365999915,-0.0096895814131569,-0.0544347762206222,-0.00694130470700272,0.204165836949809,0.12643775512837,-0.00767207924387165,-0.108815981208329,0.0452325778813419,-0.0437171595709408,-0.0565871769397039,0.140059415020023,-0.00401314782635917,-0.0202573437985985,0.0252848167873626,0.109829566038561,-0.0389695363656914,-0.0142437955860934
"3",-0.0114380874596298,0.00578840840370402,1,0.0626623810117224,-0.0727684527821948,-0.117573085959356,0.0139574288433614,0.0350710860646559,-0.0549422525261473,-0.0871536878247903,0.123537583618424,0.00012720220194127,-0.119462075039423,0.0879669419162251,-0.0432897781616702,0.0408350198362612,-0.0773181553153487,0.151093111416895,-0.220607137618723,0.0944245770736117,-0.0810945135891172,0.0195846256555382,-0.170158306338765,-0.0166209677908128,0.170263150093776,-0.0448128305509545,0.0741865456484687,-0.0101794484455384,0.184257516687095,0.0180650410878265,-0.107515371166306,0.0291532780440652,-0.146067404858038,0.0316317245088921,0.0605008203940349,0.0943338412871905,-0.0705162043364797,-0.197440333238275,0.0103073668106913,-0.177120820264454,0.0462720326183946,-0.0445532572739697,-0.0029281029109538,-0.122998558661189,-0.0225102318992907,0.18681386679176,-0.0781113915759769,-0.114660309401977,0.01544158548521,-0.0671409588703108,0.044740510416242,-0.0166351532958454,0.0956922718663073,-0.0490770154371154,0.0337361907223278,0.161423988843533,0.117955493410347,0.0504242316529128
"4",-0.00418228778868308,0.145566815041065,0.0626623810117224,1,0.0754470732308115,-0.0473874466803043,-0.0592305935115419,0.30764118563334,0.10546191233162,0.0429363047910018,0.10134385638212,-0.0849103099718386,0.103034609990658,0.0159063597562774,0.129976193996434,-0.123177688029399,-0.0363396552048635,-0.0600958239320939,0.0581771302353458,0.0361520367341027,-0.188493096109463,0.170303455412229,-0.0245590605121467,-0.201667603185499,0.0603931442932017,0.0628449790592233,-0.0569246755843877,-0.0975885049100046,-0.209561664544515,-0.105355410276051,0.0209630065816484,0.24672859636194,0.0478056291964921,0.185558023388117,0.0922343877989405,0.192963552577846,-0.233532760663935,-0.101768024890065,0.0401937974484911,-0.0304463211010141,0.047263150297719,0.0277172459939465,0.0323065136516469,0.022008328228425,-0.0731820191779355,0.221360315697594,-0.0249087411192568,0.0151609900387142,0.100815147824535,-0.12891681513432,-0.0792262829749618,0.00779928876837639,0.0295923408007706,0.0902520630120528,-0.0300870371402598,0.131915691654385,-0.145001047870856,-0.00061216837669218
"5",0.00522648364819182,-0.0879526769406293,-0.0727684527821948,0.0754470732308115,1,-0.0525339644654874,0.126495313400264,0.0406258470000867,-0.0483517814580839,-0.175242627140362,-0.0538146035161504,-0.0530899755020614,0.0518832912060686,-0.0758844409360039,0.153520375531684,0.132328402202905,0.227547408866781,0.101071981774446,0.186599929873408,0.0970184693088717,-0.0793666120260243,-0.0376992290859658,0.00411454062764469,-0.0140796259755867,-0.0741652593693763,0.0293343408866613,-0.0522358631502578,0.00511102298167577,-0.17783174928046,-0.135972123519442,0.193616962148014,-0.00210200337834664,0.184292577480678,0.0172783239744487,0.0281469775439938,-0.0170808997524215,-0.158993438409948,-0.0347805671796299,-0.0133545269210691,-0.0543725371554356,-0.100858763715322,0.105686343344048,-0.0236863710345619,0.0522779960191182,-0.116476880427893,-0.0896745450791948,0.140224173059752,0.149753250485789,-0.03417830287725,-0.0242175377877097,0.0183859230886275,-0.00490819229811314,0.0509454435498719,0.081716465767799,-0.103024258975044,0.0442473340073798,0.0431303659255304,0.103059091966954
"6",0.0720785715915731,0.0206798011864998,-0.117573085959356,-0.0473874466803043,-0.0525339644654874,1,0.0686632935017289,-0.081818972313358,0.00978153923672684,0.109391292320737,-0.0100745171786198,-0.0375575084132948,-0.0732135938585606,-0.171569910882007,0.0486234101148691,0.164706925680702,0.148590132905895,0.0119766973305203,-0.0175883988966378,-0.152711209702502,0.125930856069361,-0.0899174149156311,-0.149269903975399,-0.142281567412513,-0.129231841563626,0.0330320514944647,0.00052205988923967,-0.218280301210663,0.24705193731193,0.089715091771392,0.0327576461399301,0.0359505069127192,-0.0531494132331526,0.0287577907292264,0.100895888994728,0.0170746313917892,0.00896482451584133,0.0391221219944463,-0.183284768956466,-0.0668983891052236,-0.0770938293185813,-0.112303070659263,0.102484964841743,0.0509412494459753,-0.0669213927954734,-0.0798174331162719,-0.155514937706399,-0.0870241538352388,0.0341103162906841,0.0722403835112096,0.0623659291453788,0.0488277953525766,-0.165958490247417,-0.0225062370250516,0.014478856985852,-0.104089286515801,-0.0999322010849667,-0.0108074130456694
"7",0.160044894593162,-0.123918026333805,0.0139574288433614,-0.059230593511542,0.126495313400264,0.0686632935017288,1,-0.100641677626039,0.0191791203582058,-0.118425863976392,0.0487627063963459,-0.0564799081389303,-0.154025302315743,-0.0690266281463524,0.12441429320247,-0.0412871928045042,-0.00867478310594497,0.122592072177202,0.0288610810154471,0.10359475939546,0.0966135420050436,-0.22274421509533,0.110009747096407,-0.107413400327486,0.158979635924682,0.0288127635424366,0.18332500980456,0.112564776551665,-0.0616804856046976,-0.190504449107716,0.127160301672289,0.209634306852426,0.0932125913530713,-0.00364665921187318,0.267734332965656,-0.172664362996591,0.0505668347180459,-0.0815645041606055,-0.0894443703680133,0.0936653714663095,0.120630571965863,0.185455618189732,-0.00400089955719295,0.0412996610778723,-0.0589836753746301,0.00365179922023539,0.296734035062468,0.121449700558852,-0.107846170513391,0.0476032279820527,0.069409901808588,0.124662434674833,0.0687337680477977,0.156076992206086,0.126575677701421,0.109730328624211,0.142339205846486,0.176698313540484
"8",-0.131957939227961,-0.0392519364014749,0.0350710860646559,0.30764118563334,0.0406258470000867,-0.081818972313358,-0.100641677626039,1,0.0569498264918827,-0.00864322173683062,0.0510712378076258,-0.0895744497630881,0.0909227028298959,0.0973701566605496,0.093688728533009,-0.0642092147548092,-0.147080031428298,0.0354479723415687,0.0921400483069761,0.0890140221664106,-0.0204458103097194,0.18270340496183,-0.0156396809471313,0.0313566656854521,0.11860876862199,0.057998379809428,-0.205108167519586,-0.0209484450547688,0.0104422841799698,-0.00625219019690172,0.114512802734932,0.284125236397659,0.172304818135334,0.00989160508895256,-0.011353737234568,0.329202377978602,0.0289447245831023,0.116714289627105,0.0697760454748893,-0.145296044064321,0.0642956109190863,0.22214839956006,0.125023855505726,-0.0369310511003539,-0.165133815547734,0.127431729221649,-0.0418400653740241,0.0162782169895153,0.0827816614104622,-0.033288793803113,0.0488973977982268,0.113292239277298,-0.0464969793595206,0.0107219246685403,-0.0214501225840255,0.133814688596325,0.0710832363897847,-0.00598945806153887
"9",0.187946764292006,-0.00477023810512329,-0.0549422525261473,0.10546191233162,-0.0483517814580839,0.00978153923672684,0.0191791203582058,0.0569498264918827,1,0.220891395894814,-0.11575173922602,0.278275198754195,-0.134234264124382,0.14481774122407,0.13453822599351,-0.0466683766753367,-0.0329282084944131,-0.181199110656294,-0.067081485662971,0.0586056372978479,-0.148427748257919,0.0873391687929962,-0.0695010824232171,-0.0402446208819396,-0.0822537109382664,-0.0738456444374127,-0.0406223626992027,-0.00925456946877053,0.130501539297752,0.0084968750597848,-0.140812441758258,-0.0426286012405987,0.0885626654718624,0.0273060142168105,0.113551573532452,-0.00014788987410506,0.0413839432544347,-0.0909364585311077,0.196115413661103,0.126662688804011,-0.051791687924796,-0.156369397941957,-0.167838837411907,-0.138312103812359,-0.0390019599916284,0.117785492094328,-0.161811012902851,-0.221582498305519,-0.117223698507936,-0.169838942211924,0.210139777799614,0.165916441486976,0.004728050389474,0.125761450046872,0.0241388992102725,0.0338981070287983,-0.200198568301611,-0.13685368224544
"10",-0.0383727240921016,0.166312642829595,-0.0871536878247903,0.0429363047910018,-0.175242627140362,0.109391292320737,-0.118425863976392,-0.00864322173683062,0.220891395894815,1,-0.0963637739758306,0.189982891830118,0.025240765554786,0.0842828205200055,-0.0006208698335508,-0.08070967595151,0.220829899598334,0.191663052865223,-0.0703045231835134,-0.0985732337727948,-0.12870807303151,-0.0913801117818747,-0.0341811048597604,0.0519866940436448,-0.055588974272587,0.159739466442617,0.00474176585196451,-0.0671023933423386,0.116292689752549,0.159050332206319,-0.178039541073791,-0.164366267149705,-0.119303630208598,0.0157520182993212,-0.0825724445595165,-0.00145795653253713,0.0064559437857601,0.147385861494657,0.155953806564717,0.108439644955905,-0.168013720051517,-0.0356541168657767,-0.248630004990541,0.134542656039062,-0.0523638457425898,0.0323387050490141,-0.154304412809136,-0.114823939610427,0.00192118565410062,0.0570297369634651,-0.0747146604406117,0.0607481749673729,-0.101368314890287,-0.0016274767888468,-0.0101133142904181,0.0521107690565956,-0.0933890056815532,-0.228123140633383
"11",0.00302956302744973,0.0676103697697615,0.123537583618424,0.10134385638212,-0.0538146035161504,-0.0100745171786198,0.0487627063963459,0.0510712378076258,-0.11575173922602,-0.0963637739758306,1,-0.129845006557755,-0.102946369973547,-0.0542759550560486,-0.0790855708122341,-0.220478265157088,-0.0781031814684567,0.0838353357524976,0.0347593668682646,-0.00892088008614018,-0.0891934236353634,0.0868475879402057,-0.224829594693156,-0.11669399537866,0.124504222146047,0.0622078146596867,0.00912243663961287,0.114277512487162,-0.054287023753288,0.0489745286782617,-0.0181714839896873,-0.0336209619887962,0.0899697255953065,0.136182571249071,0.0801296825974058,0.0722501160328361,-0.00411842478954723,0.0806752067259214,0.0449595322625386,0.112936032914102,0.127872802545042,0.193097991377108,-0.00680039395805552,-0.135709734544025,0.0241780561858537,0.143486957921453,0.0690196953104678,0.0902651231159315,0.0429484597268517,0.0762938943455794,0.196113873676552,0.287093514154377,0.0730651159695863,-0.0652676543447518,0.0207047450613717,0.0221430773155478,0.124382030656398,0.0994876313553345
"12",-0.0253611784046199,0.159928641235859,0.00012720220194127,-0.0849103099718386,-0.0530899755020614,-0.0375575084132948,-0.0564799081389303,-0.0895744497630881,0.278275198754195,0.189982891830118,-0.129845006557755,1,0.193851831843893,0.168793150408187,0.137734150415175,-0.051611945248603,0.144617927469251,0.0487191062400316,0.0178429585900994,-0.0191630311986453,-0.0238560296734961,0.0689784886314278,0.0836559152708503,0.213063044211633,0.0511849804527555,-0.0526384357986454,0.0932591502333511,-0.0765410319689561,0.225595012278344,0.142534735474193,0.118698228785904,-0.110440560965253,0.223354417192108,0.149538167794118,-0.127133823063986,-0.109755619134346,-0.0400351878439455,0.200220825275386,0.169313409755946,-0.0240814736136623,0.120745080067033,-0.0068759824386407,-0.0193697223604819,-0.01028550206606,0.00741786826289004,-0.0360094221792128,-0.073078953821436,-0.0974521102505291,0.0466318777708934,0.217698339402966,0.0281158515392687,-0.0336122136422515,-0.0168607467890407,-0.0788263688942294,0.0175830510499074,0.108378165797374,-0.198945058683054,0.054762653848483
"13",0.00370372806646517,0.0665608292881482,-0.119462075039423,0.103034609990658,0.0518832912060686,-0.0732135938585606,-0.154025302315743,0.0909227028298959,-0.134234264124382,0.025240765554786,-0.102946369973547,0.193851831843893,1,0.00695915798854668,0.0798302027535282,0.121738124822483,0.119529895405874,0.0275656668635646,0.0166324074502072,0.0936389570680887,0.171260367769066,0.0394313147797956,0.33027138720557,0.105073022139746,-0.0685940954926848,0.131888129594483,0.0821606020248945,0.0103086900123701,0.11035340738458,-0.0634247215446198,0.0149176180950681,-0.0910918769965625,0.0554534825811396,-0.0141680133183093,-0.199368450033705,-0.131072876276684,-0.0192720909860257,0.209075390654292,0.00478205868929407,-0.172988973736835,0.106027447882093,0.17558383553747,0.148551954353056,0.131352418597686,0.183168645522008,0.0777765000429042,0.0982989678540322,0.182468972081176,0.60630422506062,0.00208451921909377,0.0463512909946714,-0.19819756882311,-0.184676895267774,-0.231271785459827,-0.158651009926095,-0.022480518810394,0.0320773545304415,0.117212741889847
"14",0.0773588058288922,-0.218816339530659,0.0879669419162251,0.0159063597562774,-0.0758844409360038,-0.171569910882007,-0.0690266281463524,0.0973701566605496,0.14481774122407,0.0842828205200055,-0.0542759550560486,0.168793150408187,0.00695915798854669,1,-0.0295655571316506,-0.142719248983374,-0.147699432500503,0.216187492956356,0.156214035409691,0.0613454125460373,-0.0662279989257547,0.0995851828443655,0.024332016387882,0.265469974075647,0.0850723530424926,0.163889002622502,0.015905832769672,-0.0974501393368174,0.0582816099815567,-0.0798958768070724,0.0930571216569675,-0.100963947776543,-0.11335676742619,0.216822614329674,-0.140285007244554,0.115780393174013,0.0511408576839689,0.100653722610822,0.281015231906571,0.184429371089054,0.155880272802766,0.131186875131536,-0.0240468844131639,-0.0413717661544527,-0.0279936796215753,-0.044962656420031,0.0638361939884808,0.0750542897938421,-0.0608058736024076,0.418860763485347,0.0112498196165475,-0.0272132656246797,0.0164843783387324,-0.0683559097372903,0.0478184450244896,-0.0870856886543802,-0.270203039402101,0.119025021478313
"15",0.14367202105591,0.016172928518443,-0.0432897781616702,0.129976193996434,0.153520375531684,0.0486234101148691,0.12441429320247,0.093688728533009,0.13453822599351,-0.0006208698335508,-0.0790855708122341,0.137734150415175,0.0798302027535282,-0.0295655571316506,1,0.075429322331775,-0.0615931047432847,0.100460220543316,-0.00147408461977466,0.137421137572985,0.191762233499146,0.0360148318713259,0.090419497707176,-0.0432959641553595,-0.115504090284735,0.083002568931082,-0.111840099328027,-0.0306722861396859,0.0816019053453753,-0.125041479470846,0.0896620153087508,0.138825094337694,0.152889395003616,-0.0355127736003466,0.0709805385010169,-0.120498272418373,-0.0727432582241744,0.0232174940776215,0.150610278595476,0.0414054999391868,0.0557628757866409,0.0712837179526397,-0.162834642582826,-0.10864506992228,0.0725309653422801,0.0531837842098215,0.00269286939239947,0.15788172598,-0.00437849900124764,0.050383421847647,0.239970047854296,0.0483545651770372,-0.185210975964794,-0.155498314971989,0.0660320883601832,-0.0474221282198512,0.0821876066302013,0.0736929887541473
"16",-0.162296759805616,0.0104907809616033,0.0408350198362612,-0.123177688029399,0.132328402202905,0.164706925680702,-0.0412871928045042,-0.0642092147548092,-0.0466683766753367,-0.0807096759515099,-0.220478265157088,-0.051611945248603,0.121738124822483,-0.142719248983374,0.075429322331775,1,0.162235725258449,0.054759193227982,-0.160739510246461,0.00885122461476352,0.120019334914793,-0.0361631123745015,0.0887207638775928,-0.0171084753193147,-0.24261958672659,-0.00355082309353103,0.0686934252367077,-0.0734063129234514,0.00254828759246357,0.176959080686786,-0.0109442558846225,0.083541584965787,0.0206832517366293,-0.159064307334528,-0.0996449889027667,0.0194746937132742,0.0941493731320074,-0.0224862067774102,-0.10984566752499,-0.163748752354677,-0.165393356198056,-0.154057452011235,0.0197499214105419,0.158304997672119,-0.0271779551824912,-0.0974962234825393,-0.159887377919473,-0.0965369546495479,0.141064118007968,-0.0671774943372729,0.0691222841394956,0.0168764892432831,-0.161976862835738,-0.118571441218388,0.144524871810981,-0.128341636692347,0.0159323411969459,-0.144635874902664
"17",0.0353107952475672,-0.0419556533006545,-0.0773181553153487,-0.0363396552048635,0.227547408866781,0.148590132905895,-0.00867478310594497,-0.147080031428298,-0.0329282084944131,0.220829899598334,-0.0781031814684567,0.144617927469251,0.119529895405874,-0.147699432500503,-0.0615931047432847,0.162235725258449,1,0.218313403477887,0.070945360915374,-0.0364675483429711,0.00514489418493877,-0.111854112042579,0.0827186395933785,0.0587950716893751,-0.0683081573591485,0.132862611508839,0.159844909608389,-0.0608479852176343,0.0133560836593266,0.0638758139759809,0.183682766159392,-0.0597675995808066,0.0334147150208867,0.123781581673993,-0.0871975568017896,-0.059596466506705,-0.0922259887026573,0.091757664462987,0.0794254121072939,0.0494822656053281,-0.094707274142118,0.0577166582667701,-0.0648818051126226,0.135335125607066,-0.00298837806480753,-0.0549878209929723,-0.158734396914283,0.00900155804417404,0.165772797606254,-0.0124393424279855,-0.175379785824894,0.0665191039439907,-0.04542248647917,0.110558775081436,-0.0913687753188188,-0.0152399636248032,-0.104875318653166,-0.232800307645212
"18",-0.0528506914568103,-0.114016987239914,0.151093111416895,-0.0600958239320939,0.101071981774446,0.0119766973305203,0.122592072177202,0.0354479723415687,-0.181199110656295,0.191663052865223,0.0838353357524976,0.0487191062400316,0.0275656668635646,0.216187492956356,0.100460220543316,0.054759193227982,0.218313403477887,1,0.107144087559824,0.158954652862523,0.00518387258477423,-0.0437277605305941,-0.0924158645128022,-0.0891184171357132,0.0072117048744505,0.0292387963387675,0.021508915801198,0.160912840467912,-0.00792612994057537,0.0264927784683321,0.081757087870486,-0.0295950841174868,0.0381483024359122,0.0787253936559967,-0.0503604326476951,0.0513010991811821,0.0553324128920784,0.15600772876023,-0.0944364143652147,0.0760232865723362,0.0133514908541801,0.215672096041733,-0.0742282231409527,0.0916914442420714,-0.191480614535834,-0.167709819179207,0.0154329771058773,0.226430379938534,-0.08238595186138,0.39677930023898,0.0725425834150782,0.136898189279651,0.0698136271900397,-0.0365606872499752,0.0183907812932312,-0.0838540436499176,-0.0489610976010854,-0.0687860140518183
"19",0.196782518546316,0.0350855867447765,-0.220607137618723,0.0581771302353458,0.186599929873408,-0.0175883988966378,0.0288610810154471,0.0921400483069761,-0.067081485662971,-0.0703045231835134,0.0347593668682646,0.0178429585900994,0.0166324074502072,0.156214035409691,-0.00147408461977466,-0.160739510246461,0.070945360915374,0.107144087559824,1,-0.0902131904809903,0.05259369975296,-0.116602908242495,0.0831025334608284,0.0860461945053037,0.0874619165628429,0.172090914679695,-0.139657215005333,-0.119725996175288,-0.12786289972527,-0.0647802984641452,0.626395619145432,0.0451403032404038,0.29324170226454,0.158351383344592,-0.0637770324021922,0.12524076798341,0.00136151597916382,0.0754932872189176,-0.0137693505218632,0.00409647036259077,0.0301805570236679,0.189673745291324,0.010082651068814,-0.0654831133984176,-0.137665363236561,-0.180985021353125,0.0275392041882596,-0.028442247366115,0.0108140656007694,0.157106507860098,-0.0843546440395794,0.0937046915386598,0.177041062802014,0.119076484104794,-0.0946084190167812,0.0533925450294336,-0.0598268865544523,0.128804516926945
"20",-0.0486922520694575,-0.21241628610513,0.0944245770736117,0.0361520367341027,0.0970184693088717,-0.152711209702502,0.10359475939546,0.0890140221664106,0.0586056372978479,-0.0985732337727948,-0.00892088008614018,-0.0191630311986453,0.0936389570680887,0.0613454125460373,0.137421137572985,0.00885122461476352,-0.0364675483429711,0.158954652862523,-0.0902131904809903,1,-0.133771394742677,0.0362224811451589,0.0372091750459026,-0.1979696201458,-0.0717886194532887,-0.0622823317135692,0.0918602980649952,0.19175168837026,0.0426627619284706,0.0533501817000544,0.0462714290683761,0.251731569014833,-0.0700865602709203,0.0853977937020217,0.118169245165497,0.175087885008318,-0.0114093217332592,0.0703475923352855,-0.0705002265388207,0.198727483414042,0.0736616293934836,0.123352546572324,0.101083220663534,0.124152852775373,-0.0173044875613478,0.18854069797139,-0.18105967945755,-0.11244169981051,0.184491105373197,-0.0685119295282449,0.0743953006456767,-0.128792612757983,0.183598366542216,0.0127641895808184,0.0873928915850025,0.0112777774380689,-0.0253223772551707,-0.0349586490470615
"21",-0.00740479154645181,0.0515647154148409,-0.0810945135891172,-0.188493096109463,-0.0793666120260243,0.125930856069361,0.0966135420050436,-0.0204458103097194,-0.148427748257919,-0.12870807303151,-0.0891934236353634,-0.0238560296734961,0.171260367769066,-0.0662279989257547,0.191762233499146,0.120019334914793,0.00514489418493877,0.00518387258477423,0.05259369975296,-0.133771394742677,1,-0.0777402106753564,0.0956542976360062,-0.0323262695571013,0.0316186794582606,-0.101640928146448,-0.0427928022118095,-0.035255814267368,-0.0321433049281751,-0.030702371192574,0.0168694504883272,-0.024164802807412,0.0211204692400541,-0.0643214932387088,0.148214099419975,-0.152605081843799,0.0707819900818081,0.0747177350110348,0.113439586194978,-0.128481408274045,-0.0119811634405172,0.0228050828972574,-0.00159765506795931,0.215979956756353,0.0167196549704096,-0.129620137442333,-0.0381114712832403,0.0663139517525781,0.0178831263563195,0.109784378583518,-0.0500392213367631,-0.0290578644376353,-0.106083090284145,-0.0396212356787106,-0.108696637697572,-0.277776681826366,-0.0390043900306224,0.280016007084312
"22",-0.128660167714725,-0.0429404162316955,0.0195846256555382,0.170303455412229,-0.0376992290859658,-0.0899174149156312,-0.22274421509533,0.18270340496183,0.0873391687929962,-0.0913801117818747,0.0868475879402057,0.0689784886314277,0.0394313147797956,0.0995851828443655,0.0360148318713259,-0.0361631123745015,-0.111854112042579,-0.0437277605305941,-0.116602908242495,0.0362224811451589,-0.0777402106753564,1,-0.0507570129044991,0.119856417136113,0.0706397489118579,0.109786661283227,0.0160821529036027,-0.162628647854735,-0.0386139109795966,-0.164099135563177,-0.163154178788158,0.00815052952437449,-0.00444896722512418,-0.0891928542903813,-0.283549640421478,-0.0361140040922716,0.120109502294643,0.108593993858127,0.112629836664146,0.0422626956752903,0.0657872020240844,0.00886684592645138,-0.0165755835334671,-0.14215477272119,0.0860702938028597,-0.00233017163804865,-0.10503647089558,0.144002370288026,0.0286820395935855,0.0105731078795498,-0.0749907706807783,-0.0551169248575797,-0.121976015808414,-0.0529470011655571,0.137523741262926,-0.118903281837202,-0.0987674721210991,0.00719732996436738
"23",0.116297724853526,-0.0212050256563268,-0.170158306338765,-0.0245590605121467,0.0041145406276447,-0.149269903975399,0.110009747096407,-0.0156396809471313,-0.0695010824232171,-0.0341811048597604,-0.224829594693156,0.0836559152708503,0.33027138720557,0.024332016387882,0.090419497707176,0.0887207638775928,0.0827186395933785,-0.0924158645128022,0.0831025334608284,0.0372091750459026,0.0956542976360062,-0.0507570129044991,1,0.13452877060617,0.145860798428113,0.0879911954697356,0.0175413557959111,0.0419124637628228,-0.0109331092257285,0.0622426378064891,0.0812163017767926,0.152326908590802,0.053175707713248,-0.00430231112431638,-0.154189269186706,-0.2875908619078,0.0992618874471315,-0.0146191824073928,0.0914539681310872,-0.0755675127702215,0.0360110956804433,0.0883862702433297,0.0395462680542168,0.0372815658532642,0.139443732914771,0.0783503667058673,0.120644844318385,0.17363962376249,0.261150659651027,-0.0466541423469961,0.0987710328044212,-0.0274885529644177,-0.273915426242022,-0.0379241183432472,0.0477605367306847,-0.0465938882144512,-0.0786464162385231,-0.0655398198990358
"24",0.132609373912763,-0.0516608523684789,-0.0166209677908128,-0.201667603185499,-0.0140796259755867,-0.142281567412513,-0.107413400327486,0.0313566656854521,-0.0402446208819396,0.0519866940436448,-0.11669399537866,0.213063044211633,0.105073022139746,0.265469974075647,-0.0432959641553595,-0.0171084753193147,0.0587950716893751,-0.0891184171357132,0.0860461945053037,-0.1979696201458,-0.0323262695571013,0.119856417136113,0.13452877060617,1,0.167730929092862,0.168592059841968,0.095303093851398,0.0621356733766693,0.0861434009690363,-0.0700691070283714,0.193331932396008,-0.15571416931473,0.0175217783387653,-0.00069890124335995,-0.316408452948762,-0.115275362658296,0.109135088663557,0.159286810182977,0.0861112715179888,-0.209185324242762,0.00808864673618428,-0.0160362345393015,0.0788241305433476,-0.00846795031634431,0.017875839497821,-0.0375129670234433,0.111295749760557,0.0487160300789357,0.168574703567935,0.0457665815269982,0.0102155894969445,-0.102933211979368,-0.189205515557268,-0.194214983210694,0.00906696378872952,0.0968169882398981,-0.0549569747424973,-0.123747466122353
"25",0.106694914180012,-0.00154757489675057,0.170263150093776,0.0603931442932017,-0.0741652593693763,-0.129231841563626,0.158979635924682,0.11860876862199,-0.0822537109382664,-0.055588974272587,0.124504222146047,0.0511849804527555,-0.0685940954926848,0.0850723530424926,-0.115504090284735,-0.24261958672659,-0.0683081573591485,0.0072117048744505,0.0874619165628429,-0.0717886194532887,0.0316186794582606,0.0706397489118579,0.145860798428113,0.167730929092862,1,0.107134561413211,-0.198439031743097,0.00395350006563322,0.0788022003618216,-0.0682985192872161,-0.0290661648898636,0.1587840897764,-0.0961812072406173,0.0687397951542887,-0.0103098097028703,-0.0285602518452713,0.00962365371500303,0.168463456902348,0.0819782640113493,-0.192719240632523,0.0358497835674088,0.0809511992079392,0.031068358122398,-0.0448292160623885,0.0822242768257085,-0.0210221747839801,-0.0444912080401266,0.0162513121170332,0.0641533559118737,0.111923691124985,-0.0144998520007363,-0.00433758623870584,-0.0836205590992005,-0.0492503480092444,0.0038473935119948,0.0826970262909728,0.0666081650669662,0.0483592658818456
"26",0.126393369629661,-0.0331855308146795,-0.0448128305509545,0.0628449790592233,0.0293343408866613,0.0330320514944647,0.0288127635424366,0.057998379809428,-0.0738456444374127,0.159739466442617,0.0622078146596867,-0.0526384357986454,0.131888129594483,0.163889002622502,0.083002568931082,-0.00355082309353103,0.132862611508839,0.0292387963387675,0.172090914679695,-0.0622823317135692,-0.101640928146448,0.109786661283227,0.0879911954697357,0.168592059841968,0.107134561413211,1,-0.0089945245570412,-0.101551155267251,0.0207919857233007,-0.0656007233132433,0.255425486659782,0.121242416935743,-0.0566018235749395,-0.119520286111054,-0.144930284011035,0.0712167850273285,0.0629537510201864,0.0134850456467163,0.0876567328395735,0.00897940087602983,-0.20349624933303,0.0378912855931851,0.00680442357694917,-0.0587384501305132,0.0712645007390141,-0.0991811907939968,0.0480194724622367,0.20017201214801,0.115767967116756,0.0749710924277904,-0.0645398922910349,-0.00675483251272973,-0.134986898133051,-0.247030853347903,0.125129812729804,-0.0521884270317925,0.0316750108462814,-0.0565106354707503
"27",0.0523517050452896,-0.122056087418072,0.0741865456484687,-0.0569246755843877,-0.0522358631502578,0.00052205988923967,0.18332500980456,-0.205108167519586,-0.0406223626992027,0.00474176585196451,0.00912243663961287,0.0932591502333511,0.0821606020248945,0.015905832769672,-0.111840099328027,0.0686934252367077,0.159844909608389,0.021508915801198,-0.139657215005333,0.0918602980649952,-0.0427928022118095,0.0160821529036027,0.0175413557959111,0.095303093851398,-0.198439031743097,-0.0089945245570412,1,0.0955621849564887,0.0878508512449161,-0.00861591134088331,-0.074158566117811,-0.0957060182808879,-0.169755070448163,-0.0331241807364386,-0.0500972129886561,-0.18876247782331,-0.152119725953343,-0.117809902558097,0.0233211743615936,0.0974330001236511,0.240625754305641,-0.0201956556193624,-0.130825508708654,-0.0281576476373356,-0.115756791099951,0.0641664665510309,0.16146541550894,0.0595549589025256,0.0325300564878901,0.0147901756850318,0.040683532809668,-0.0995237751166531,0.0338244085253631,0.0353475105594149,0.0324004191425895,0.0467203857291885,-0.0294219630381056,-0.0020296376672981
"28",0.0966135827656042,-0.0405902423382844,-0.0101794484455383,-0.0975885049100046,0.00511102298167577,-0.218280301210663,0.112564776551665,-0.0209484450547688,-0.00925456946877053,-0.0671023933423386,0.114277512487162,-0.0765410319689561,0.0103086900123701,-0.0974501393368174,-0.0306722861396859,-0.0734063129234514,-0.0608479852176343,0.160912840467912,-0.119725996175288,0.19175168837026,-0.035255814267368,-0.162628647854735,0.0419124637628228,0.0621356733766694,0.00395350006563322,-0.101551155267251,0.0955621849564887,1,-0.112267768161344,-0.00552831994374936,-0.00559030446811513,-0.0393500325477994,0.0451367228035137,0.124998275433854,0.0563774422240354,-0.0514108940143151,0.0122928650810423,-0.0916684509305681,-0.212641296414372,0.0202034279879813,0.0405809577203056,0.00908598584634841,0.0920144474600184,0.0842616994134879,-0.0606451722617785,0.134832752909687,0.0332148039670001,0.025680605614167,0.0547603478358073,-0.124719324543269,0.273818595998514,0.195430775261911,0.0620867269604434,0.0168677021917492,-0.13349406479073,0.0255371430349228,0.281293403818623,-0.165660705079421
"29",0.0530828858954139,0.170966695807281,0.184257516687095,-0.209561664544515,-0.17783174928046,0.24705193731193,-0.0616804856046976,0.0104422841799698,0.130501539297752,0.116292689752549,-0.054287023753288,0.225595012278344,0.11035340738458,0.0582816099815567,0.0816019053453753,0.00254828759246357,0.0133560836593266,-0.00792612994057537,-0.12786289972527,0.0426627619284706,-0.0321433049281751,-0.0386139109795966,-0.0109331092257285,0.0861434009690363,0.0788022003618216,0.0207919857233007,0.0878508512449161,-0.112267768161344,1,-0.0405234998830578,-0.108609333975215,0.020194064055159,0.0007895472577752,0.0236624110910257,-0.0656763034060621,-0.146667692408093,0.0178818884631037,-0.119175776670403,-0.0445312395806423,0.015664186517177,-0.0310346128266494,-0.0308880673873794,0.0959160322223413,-0.0683490984983635,0.237968447333806,0.277124680712348,-0.171625591337962,-0.267437048584936,0.167579949068719,0.0540244275478852,0.0621197334446505,-0.0250869518310688,-0.208003897110139,-0.34496537901245,0.198842854740321,0.238991517233272,-0.0340118521923322,-0.0111740619645795
"30",-0.0816890057707386,0.143324630727651,0.0180650410878265,-0.105355410276051,-0.135972123519442,0.089715091771392,-0.190504449107716,-0.00625219019690172,0.0084968750597848,0.159050332206319,0.0489745286782617,0.142534735474193,-0.0634247215446198,-0.0798958768070724,-0.125041479470846,0.176959080686786,0.0638758139759809,0.0264927784683321,-0.0647802984641452,0.0533501817000544,-0.030702371192574,-0.164099135563177,0.0622426378064891,-0.0700691070283715,-0.0682985192872161,-0.0656007233132433,-0.00861591134088331,-0.00552831994374936,-0.0405234998830578,1,0.0250198098664237,-0.0393611159162225,-0.00942894920752957,0.130755266058728,0.0205023621428152,0.141030775556718,-0.104751182299134,0.121884752150777,-0.0318170169118822,0.0938429609470885,-0.244940594418887,-0.220063853142064,0.0286983869039076,0.156602645219068,-0.154904293649889,-0.17881549068364,-0.409771825278831,-0.37973688484846,-0.0147787933669197,-0.0744039217081797,-0.129102736929424,0.0326295858877756,0.0506153410048983,0.035147635294204,-0.124860603927599,-0.0965735593126761,-0.120452057006512,-0.0721595125047482
"31",0.131989508139928,-0.0445766030186787,-0.107515371166306,0.0209630065816484,0.193616962148014,0.0327576461399301,0.127160301672289,0.114512802734932,-0.140812441758258,-0.178039541073791,-0.0181714839896873,0.118698228785904,0.0149176180950681,0.0930571216569675,0.0896620153087508,-0.0109442558846225,0.183682766159392,0.081757087870486,0.626395619145432,0.0462714290683761,0.0168694504883272,-0.163154178788158,0.0812163017767926,0.193331932396008,-0.0290661648898636,0.255425486659782,-0.074158566117811,-0.00559030446811513,-0.108609333975215,0.0250198098664237,1,0.163695610139941,0.276256971036149,0.123980031689741,0.0349126039489426,0.274861855493476,-0.117520871422943,0.0407449530135241,-0.10033444092033,0.0401722327065441,-0.0745976670115529,0.124866739342854,0.13982342311968,-0.0429654501084544,-0.075588623402382,-0.131583256791523,-0.0473300521145015,-0.0443617970253807,0.0369093653757545,0.0977379704928912,-0.0324586436673074,0.0658967385793894,0.191263580846551,0.0991211474238075,-0.125516341977944,0.0873794925578898,-0.014814115714907,0.0275744168935994
"32",0.0643207467290525,-0.149927529821009,0.0291532780440652,0.24672859636194,-0.00210200337834664,0.0359505069127192,0.209634306852426,0.284125236397659,-0.0426286012405987,-0.164366267149705,-0.0336209619887962,-0.110440560965253,-0.0910918769965625,-0.100963947776543,0.138825094337694,0.083541584965787,-0.0597675995808066,-0.0295950841174868,0.0451403032404038,0.251731569014833,-0.024164802807412,0.00815052952437449,0.152326908590802,-0.15571416931473,0.1587840897764,0.121242416935743,-0.0957060182808879,-0.0393500325477994,0.020194064055159,-0.0393611159162225,0.163695610139941,1,0.164352469730018,-0.00054310436507562,0.0675842894390131,0.205675616142946,-0.0421553945603067,-0.0986828920013901,-0.0991849901300121,-0.202205091347585,-0.14836054628589,0.053127602343263,0.0603350182329535,-0.0141486336205647,-0.0646499256026495,0.0672570364948155,-0.0614448432423223,0.0370071672523157,0.0176421626784272,0.00482573078939232,0.102385978340925,0.0378070493252897,0.0158727188564359,-0.0579147575274427,0.0140398281355372,0.0459305707827119,0.126271233266782,0.0361311603566798
"33",0.0655182639708344,0.155750938443881,-0.146067404858038,0.0478056291964921,0.184292577480678,-0.0531494132331526,0.0932125913530713,0.172304818135334,0.0885626654718624,-0.119303630208598,0.0899697255953065,0.223354417192108,0.0554534825811396,-0.11335676742619,0.152889395003616,0.0206832517366293,0.0334147150208868,0.0381483024359122,0.29324170226454,-0.0700865602709203,0.0211204692400541,-0.00444896722512418,0.053175707713248,0.0175217783387653,-0.0961812072406173,-0.0566018235749395,-0.169755070448163,0.0451367228035137,0.0007895472577752,-0.00942894920752957,0.276256971036149,0.164352469730018,1,0.11028899422446,-0.0762025670449978,0.119195556320346,-0.0226682984701293,0.0773549250596584,-0.0770755570792084,0.00437362812826932,-0.106540852933316,0.0645436219314373,0.118056574913746,-0.0922626191782481,-0.101198324849339,-0.0248888875709699,0.027089391936095,-0.0277132261518833,-0.0253239772837136,-0.00014545990204575,0.144256301501494,0.243377415013169,-0.00613195962038809,-0.0877257999387355,-0.0339430581427489,0.211203805605597,0.0701929982317899,0.101367176613625
"34",0.137140446154462,-0.00323290164990839,0.0316317245088921,0.185558023388117,0.0172783239744487,0.0287577907292264,-0.00364665921187318,0.00989160508895256,0.0273060142168105,0.0157520182993212,0.136182571249071,0.149538167794118,-0.0141680133183093,0.216822614329674,-0.0355127736003466,-0.159064307334528,0.123781581673993,0.0787253936559967,0.158351383344592,0.0853977937020216,-0.0643214932387088,-0.0891928542903813,-0.00430231112431638,-0.00069890124335995,0.0687397951542887,-0.119520286111054,-0.0331241807364386,0.124998275433854,0.0236624110910257,0.130755266058728,0.123980031689741,-0.00054310436507562,0.11028899422446,1,0.101611792704388,0.116812524793616,-0.305587472500397,0.0963968291279165,-0.00789782558273832,0.150608937452572,0.130907612420322,0.0221282118306895,-0.117072066573289,0.0687271866000046,-0.00760351910634081,0.150072303667911,-0.115562585492947,-0.171099673536989,-0.0239081463825404,0.211475757671665,0.0986852821647754,0.17860959740131,0.0398091679271263,0.109888807574194,-0.130996572292099,0.0570779201325245,-0.093807256450145,-0.0428508103467085
"35",0.0313712133159835,-0.0321185528541654,0.0605008203940349,0.0922343877989405,0.0281469775439938,0.100895888994728,0.267734332965656,-0.011353737234568,0.113551573532452,-0.0825724445595165,0.0801296825974058,-0.127133823063986,-0.199368450033705,-0.140285007244554,0.0709805385010169,-0.0996449889027667,-0.0871975568017896,-0.0503604326476951,-0.0637770324021922,0.118169245165497,0.148214099419975,-0.283549640421478,-0.154189269186706,-0.316408452948762,-0.0103098097028703,-0.144930284011035,-0.0500972129886561,0.0563774422240354,-0.0656763034060621,0.0205023621428152,0.0349126039489426,0.0675842894390131,-0.0762025670449978,0.101611792704388,1,0.123618701248274,-0.0996924251302833,-0.1267419780486,-0.103079071764503,0.0492905675545223,-0.0458686856656502,-0.1605386612018,0.106103679050702,0.0729647818368483,-0.16159812504011,-0.00063016092218073,0.00332636989199573,-0.0648565950008297,-0.101365116448227,-0.0786847515840514,0.116420314254885,0.202147602328912,0.249635809197042,0.270654425423915,-0.173048239130083,0.121836353229328,0.0326872478272816,0.0219106393860422
