"","l_Insular.Cortex","r_Insular.Cortex","l_Amygdal.Area","r_Amygdal.Area","l_Bed.Nucleus.of.the.Stria.Terminalis","r_Bed.Nucleus.of.the.Stria.Terminalis","l_Hippocampus","r_Hippocampus","l_Orbitofrontal.cortex","r_Orbitofrontal.cortex","l_Entorhinal.Cortex","r_Entorhinal.Cortex","l_Frontal.Association.Cortex","r_Frontal.Association.Cortex","l_Globus.Pallidus","r_Globus.Pallidus","l_Glomerular.Layer.of.the.Accessory.Olfactory.Bulb","r_Glomerular.Layer.of.the.Accessory.Olfactory.Bulb","l_Glomerular.Layer.of.the.Olfactory.Bulb","r_Glomerular.Layer.of.the.Olfactory.Bulb","l_Granule.Cell.Level.of.the.Cerebellum","r_Granule.Cell.Level.of.the.Cerebellum","l_Hypothalamic.Region","r_Hypothalamic.Region","l_Entorhinal.Cortex","r_Entorhinal.Cortex","l_Vermix.Molecular.Layer.of.the.Cerebellum","r_Vermix.Molecular.Layer.of.the.Cerebellum","l_Lateral.Molecular.Layer.of.the.Cerebellum","r_Lateral.Molecular.Layer.of.the.Cerebellum","l_Anterior.Olfactory.Bulb","r_Anterior.Olfactory.Bulb","l_Posterior.Olfactory.Bulb","r_Posterior.Olfactory.Bulb","l_Subiculum","r_Subiculum","l_Perirhinal.Area","r_Perirhinal.Area","l_PreLimbic.System","r_PreLimbic.System","l_Primary.Cingular.Cortex","r_Primary.Cingular.Cortex","l_Primary.Motor.Cortex","r_Primary.Motor.Cortex","l_Retrosplenial.Cortex","r_Retrosplenial.Cortex","l_Secondary.Cingular.Cortex","r_Secondary.Cingular.Cortex","l_Secondary.Motor.Cortex","r_Secondary.Motor.Cortex","l_Striatum","r_Striatum","l_Ventral.Tegmental.Area","r_Ventral.Tegmental.Area","l_Substantia.Nigra","r_Substantia.Nigra","l_Thalamus","r_Thalamus"
"1",1,0.301217051541923,0.0898884344785515,0.147822756407053,0.0774469792461162,0.120678757950142,-0.229830431555062,0.212130044425283,0.419507863694464,0.173871191136962,0.387491219428221,0.10889588646958,0.0486634861006661,0.00781763657252704,0.0869769605269043,0.145173367925509,0.136242306960126,0.250947905736655,0.127166770720485,0.00713785266216092,0.204564730267046,-0.0453846844922462,-0.0356386055062058,0.125350901739306,0.094865345934919,0.137595034151277,-0.0321612244224464,0.110666703036036,0.055207899984319,-0.122883965248945,0.295461879976131,0.189347159131953,0.302173145588307,0.211189139643148,0.216635936353727,0.202191883314102,-0.0123692012130979,0.133463636491756,0.258543941009477,0.287407477032526,-0.0228420858566922,0.116752024129443,0.00786437836636784,-0.205787100214042,-0.12160049892807,-0.0094865857890348,-0.12973042178236,-0.152544557281993,-0.0810212076358271,-0.0627073451362734,0.212471468558334,0.25665195306188,0.106975752017627,0.00468963012699321,0.0377853766750209,0.0367660027066287,-0.0617797262688951,-0.227588225681143
"2",0.301217051541923,1,0.0785457024686811,0.13711312386835,0.0453318219950091,0.0408271193503879,-0.02714767790337,0.150792954715924,0.212281736087314,0.267517218423913,0.133231074195821,0.202288721660452,-0.11760602764201,0.173514839111767,0.100901797825149,0.126210853394423,0.0607203676184687,0.26652026734169,0.109756596696481,0.00173698562201952,0.0118501900282882,0.100699909026745,-0.0394761996116013,0.141020775592382,0.0791143944742352,0.0859144154936631,-0.0404296701367501,0.0215724156442219,-0.0363772266124309,0.0359611321503436,0.106624139426792,0.0453424141259965,0.130016459941018,0.229558359817289,-0.135418536107787,0.0497916138769844,0.141307157775376,0.195181701153467,0.252231990267435,0.102720691335813,0.0156930831504184,0.0172437078812099,-0.141848369398794,-0.123772668395615,0.0713215420601711,0.0704419067945797,-0.0259718187153232,-0.0345465447868583,0.0310517846466688,0.0727367655419017,0.00076353812428702,0.053416788357472,0.14826421247017,0.0611786164888795,-0.0893709363605101,0.21336986923231,0.15887259424518,0.152401692040657
"3",0.0898884344785515,0.0785457024686811,1,0.0633968891346579,0.0365991102421585,0.147760792910625,-0.18621866559668,-0.0054946666644437,-0.0598190188596344,-0.122331120991068,0.174097931309537,-0.160597044848758,-0.0705724704457903,-0.190836509883504,-0.100846728622451,0.0910288635869312,-0.0248352628941886,-0.0711148670858929,0.0312273117940458,-0.0853720748988551,0.190789067101171,0.202000183756433,0.169886789280658,0.00145194032181808,0.0356723975528115,-0.00657348924684134,-0.243753600516173,0.0556140125821258,-0.0173950673263822,-0.0099228739173767,-0.0645388485688831,0.0272140472383975,0.0142416853309029,0.0734535866806667,-0.0464353461622456,-0.175964872595447,-0.153348015076085,-0.155677697531713,-0.0575778279459894,0.0243859881469517,0.0628736674764046,0.0770887173164816,0.0519946358233103,0.0532038297856755,-0.0175582920336438,-0.055235540521504,-0.0501171348407691,-0.0515796722014298,-0.0133385378056011,0.0965928561732378,0.0739988489472564,0.0466493662883146,-0.158272090469817,0.116862193261278,0.0692979450909276,0.0316629557179812,-0.00389814264006054,0.00552971980959903
"4",0.147822756407053,0.13711312386835,0.0633968891346579,1,0.239194796880615,-0.122574122766789,-0.00902031670174993,0.00079705059884517,-0.00056392716205005,-0.0382233949365539,-0.0372595789240332,0.411719649756644,-0.039929735079165,0.00035905253018219,0.00132213492513256,0.117636267254407,0.215465006959162,0.0519078017287847,-0.0474828093396445,-0.00142616992021742,0.125407804280929,-0.00458509016673499,-0.0778531607812501,-0.107677772886787,0.267515174525262,0.0486613896816219,0.0761482364216412,-0.0346586358297895,-0.0515805297748776,0.00023326022729523,0.131490404712201,-0.00802510935330552,0.192145927780629,0.0519774031624537,0.0676856730082496,0.108974775109144,0.0407227767784049,0.0529381112922323,0.0611795181613286,0.202871121009509,-0.0886252910352867,-0.0180339154918141,0.0337973208114506,0.0734073249539343,0.00382492608280464,-0.0937513410819041,-0.0241333419087938,0.0788938515477091,0.113566107514165,0.0283841513443405,0.108456224916172,0.124608454432648,-0.0156885979538195,0.0996153850507297,0.0441765639301532,-0.0833858749471537,0.0757858312073259,0.169428309887706
"5",0.0774469792461162,0.0453318219950091,0.0365991102421585,0.239194796880615,1,-0.0290254478283727,-0.0590847468329452,-0.0215424278611214,-0.0247234255116542,-0.0401839139684599,0.0684413635680104,0.0560302821589472,0.0576221663945345,0.029746181196349,-0.00839700818044515,0.298759745978599,0.00875225232472977,0.0842358111009681,-0.0584048587956918,0.0560824725288823,0.0895618670692701,0.0745069208415962,-0.0571024771814385,0.0431328963109533,-0.00924784802499137,-0.0678939859885343,0.0275866186191216,-0.00117923170792078,-0.127999583891976,-0.14718752117729,0.0254928626694472,0.104804369693954,0.162148293905544,0.04886957430175,0.0390179809592882,0.0323726049303735,0.0651642159317266,0.0683449386429236,0.148234232292348,-0.0123736982377972,0.102297578327192,0.258370968638216,-0.0505313389034422,0.0931900480699128,1.78535723362751e-05,0.0458523200602522,0.158424758667409,0.164255386507887,0.171517649534754,0.115459762022649,-0.0320115958445328,0.181140767992523,-0.034674214994026,0.0839563485758688,-0.107641194677594,-0.0718716241041876,0.177129231862831,0.155941836178403
"6",0.120678757950142,0.0408271193503879,0.147760792910625,-0.122574122766789,-0.0290254478283727,1,-0.106436475538268,0.0335848673781157,-0.0162276388176126,0.123897751952915,0.282976245716985,0.0692656315416157,0.191986692741658,-0.0673211169929417,0.021335613748692,-0.00561626431439073,0.0599756917139505,0.0748912542894518,-0.0199670302079239,0.00857190754166922,0.134865561340533,0.00973082198296382,0.0425782386753691,-0.0259042519435119,-0.0853510606186567,0.1109437752368,-0.062160012697783,-0.0581602818170274,0.0218474703448474,0.0883436785113138,0.0918509490719521,-0.13767221693843,0.201056850074058,0.192096317345859,-0.0965248611849635,0.140656976459882,0.0259713599830043,-0.0824958149044029,0.210118682144285,-0.0897226813661936,0.0105137921292709,0.258672258272866,0.165378091931216,0.0343639099537803,-0.174563602837099,0.00892406611778431,0.0995396258068869,0.0588119116774622,0.143307449677438,0.0318408574932328,0.044110065542641,0.122291447832879,-0.0609706217130755,-0.115595229849449,-0.0970238284802019,0.0961192194840973,-0.061224611025024,0.109239383690534
"7",-0.229830431555062,-0.02714767790337,-0.18621866559668,-0.00902031670174993,-0.0590847468329452,-0.106436475538268,1,-0.0318001127122349,-0.0575396307777452,-0.0650141525450975,-0.00368761217770285,0.131805346580231,0.00579657238172169,0.0166713189505385,0.0634129283738331,0.0360020589702568,-0.160376313900764,-0.103679650780773,0.0454443408731503,-0.00671571083554807,-0.0669541991362346,0.10631568955607,-0.0732350756356299,0.0130327825736764,-0.0351057166611068,-0.0471981553801058,0.0158452698907099,0.0465426318081982,0.00468863718388062,0.0515635722141367,-0.21138488893714,-0.0835798947007936,-0.0683943231597305,0.120389679750534,-0.0644803028022704,-0.075317852675508,0.040584609853056,0.081948425213755,-0.0158189275147697,0.0568903204902058,0.195064799889799,0.0706219306242431,-0.101050811481332,0.0989944078948219,0.210580553697361,0.126442015317265,0.237205046991337,0.138018627055016,-0.0626559805299073,0.212821616901566,-0.105605318037791,-0.0306221044578718,0.223476960236773,-0.00471279046026675,0.0690697037325753,0.01234252160151,0.0548327076561487,0.00119193826639537
"8",0.212130044425283,0.150792954715924,-0.0054946666644437,0.00079705059884517,-0.0215424278611214,0.0335848673781157,-0.0318001127122349,1,0.110932754371249,0.00829961625741648,0.20211216096495,0.0154197336706832,0.105927171003233,0.00563684533768516,-0.0752237569172597,-0.0902097157203184,0.191553671122855,0.107870469329988,-0.0458669740058072,0.139696349634178,0.193849902720318,-0.0636198804094976,0.113772398424663,0.0487607457878748,0.0299079934176631,0.0154462581936155,-0.0101028542966427,0.0934575149447114,0.00424433998288329,-0.0793238425701513,0.131305540755724,0.127508698586723,0.22045182340575,0.143437646505837,0.0174528267929827,0.114343767355549,0.0260733344450336,0.17496597007941,0.0653804074792698,0.0764147941588903,-0.0662454737557762,0.0549574739274966,-0.00655652735656972,0.064402782141786,0.00170918324115866,0.0919266717487673,-0.0667725453609038,0.0800317614420459,0.0875722766437017,0.1028932569787,0.0969936170750951,0.154643708822271,-0.0399871798713755,-0.0477556110971401,0.0982856644779242,0.0323194003389005,0.0653572085282243,-0.0715794206500651
"9",0.419507863694464,0.212281736087314,-0.0598190188596344,-0.00056392716205005,-0.0247234255116543,-0.0162276388176126,-0.0575396307777452,0.110932754371249,1,0.403333234782576,-0.106567615825295,0.0561203130625653,0.273309476863139,-0.0529127797750284,-0.0373500061829517,0.0692132869128091,0.0921966922440525,0.2664059695853,0.158482335892012,0.0738663142410134,0.139512391742298,0.0348192699622224,0.239641038852081,0.179895437853082,0.0837508507623782,0.230270620412929,-0.185056919757866,-0.00689580246103726,0.0792159864800995,-0.0560772514546358,0.173431418536723,0.121869458502943,0.34732443159755,0.139287507418915,0.123969480581043,0.17835419939776,0.00854851027849413,0.0932384033138065,0.229532186517194,0.154331112657531,-0.126482323299755,-0.0892874755142244,-0.080127211717953,-0.0858697021031741,0.0539597163501383,0.189534731027056,-0.121519655345008,-0.230381106554236,-0.0937819827623237,-0.221883594770316,0.0444577138019884,-0.0788387617148125,-0.0739221152002004,-0.108375017583768,-0.120140060313065,0.225327254697358,0.0101694759770675,-0.0692287115332508
"10",0.173871191136962,0.267517218423913,-0.122331120991068,-0.0382233949365539,-0.0401839139684599,0.123897751952915,-0.0650141525450975,0.00829961625741648,0.403333234782576,1,-0.0782473028634241,0.0744160243451694,0.107518630028617,0.171079515424545,0.0111152981699329,0.0869093506693266,0.0189124183318647,0.237070805687876,0.157844000439181,-0.0524912898202676,-0.0807062787969269,0.0842365951428191,-0.153652274060793,0.0949462094849703,0.162563336985085,0.168737277602271,-0.097224321676746,-0.175413380742133,0.0250365685906951,-0.0789721578537546,0.122912014678733,-0.0910281040773826,0.192610453675197,0.0706033420272611,0.107352397423638,0.251952109009929,-0.056400338000211,0.0217080843168965,0.233166716111711,0.136300968545652,-0.0777094310132007,-0.184466659668863,-0.146742596973233,-0.00312838973477252,-0.236229010188149,0.0414586236719314,-0.097100092854418,-0.229618750137451,0.0467191541606825,0.0118575996360029,-0.0581636232514388,-0.084195994635339,-0.0316716860049848,-0.141183654228926,0.00688567329314253,0.15513214063398,-0.0349132731343714,0.0235771213578984
"11",0.387491219428221,0.133231074195821,0.174097931309537,-0.0372595789240332,0.0684413635680104,0.282976245716985,-0.00368761217770285,0.20211216096495,-0.106567615825295,-0.0782473028634241,1,0.209842150730418,-0.00386811361792142,-0.0604442312365958,-0.0203243082908172,-0.145736446099463,0.0257351708634325,0.0546683506932766,-0.109692023840279,0.078409019497132,0.0461165938546681,-0.178699121541241,-0.0343675738879761,0.0617900908259764,-0.0468212128778075,-0.0624788376715896,0.139058857542427,0.0878679140497466,0.256343990705413,0.0818116410742551,0.0649821578745762,0.104581636974916,0.143337193598078,0.251875751291636,0.0545616960614009,-0.0195573532883688,-0.0316875684625066,0.0870069591078958,0.183172621447262,0.0333926885048644,0.0928663593285666,0.156444018019887,0.0945751362679289,-0.0815547103047723,-0.00157432097315859,-0.0795531620792924,0.077156472222398,0.0893840587144924,0.015673141200135,0.100898870618605,0.131613021523237,0.135910799419958,0.147283640576725,0.207838230900086,0.0745403612181573,-0.158636588324998,-0.0484461966246635,-0.197483897873508
"12",0.108895886469581,0.202288721660452,-0.160597044848758,0.411719649756644,0.0560302821589472,0.0692656315416157,0.131805346580231,0.0154197336706832,0.0561203130625653,0.0744160243451694,0.209842150730418,1,-0.0575143604566266,0.0759282873515633,0.0821816589117236,-0.00910320039719717,0.189018328438004,0.171818064494313,-0.0344852599784918,0.115702649752783,0.0234790418740549,-0.109020976330527,0.0197078979929802,0.066440715104653,0.247206365473864,0.0219984969045496,0.108699599283141,0.117199913486994,0.154500362139747,0.0749064019462713,-0.00820897094233949,0.0673585053658677,0.26392530431323,0.154936770998411,0.0514812470768173,0.192367216159104,0.125454259276433,0.0540112527224407,0.206797174132152,0.147181701637987,-0.0875522417418361,0.0923913366059808,-0.168062363099569,-0.0267869331889715,0.135251398815831,0.110036927866236,0.0226022099295425,0.152307065082611,0.00377377505180938,0.0611302881438352,0.23693678443005,0.239506941670207,0.10498820497238,0.0224889044514322,-0.180115853435627,0.0422110153567448,-0.0379626402570499,0.123715893639999
"13",0.0486634861006661,-0.11760602764201,-0.0705724704457903,-0.039929735079165,0.0576221663945345,0.191986692741658,0.00579657238172169,0.105927171003233,0.273309476863139,0.107518630028617,-0.00386811361792142,-0.0575143604566266,1,-0.0336043123256578,-0.00977508255058961,0.0423430203647121,0.0522286044314744,0.0142141081936516,0.0138997286573997,0.121995631120835,0.237895935738203,-0.015651118922376,0.0782111754994128,-0.0247012187395056,-0.0283730357240454,0.153261204277344,0.0777690575255075,-0.058610302739583,0.166058112606523,0.0520890640722251,0.102913393348211,-0.042472142077612,0.239688303862262,-0.0669768588802375,0.0770137270754195,0.233731768614758,0.011419938213013,0.245691614263776,0.0452382192295102,0.0119022367147383,-0.0302842163330508,0.0926395706395043,0.0126807836362091,-0.179962000620508,-0.0434910043853337,0.174995831164112,0.129855553338831,0.0761214339371969,0.303598564096182,-0.0579214427808792,-0.00049200884604988,-0.227446254637339,0.0691951088036766,-0.191441711261124,-0.0496794889571202,0.0990208897514983,0.00903240819145893,-0.0368952543768328
"14",0.00781763657252704,0.173514839111767,-0.190836509883504,0.00035905253018219,0.029746181196349,-0.0673211169929417,0.0166713189505385,0.00563684533768516,-0.0529127797750284,0.171079515424545,-0.0604442312365958,0.0759282873515633,-0.0336043123256578,1,0.0977076549210422,-0.0312414117999504,-0.0705566994611566,0.281372657463069,0.0508556850604682,-0.049462376038229,-0.0830422015985351,0.12445041346996,-0.170775599405673,0.139369024328458,0.142327843153318,-0.0797402333484161,-0.00150098472994676,-0.141480990655119,-0.0904956999257305,-0.123950739676844,0.0735018889401246,0.119723652310237,0.0314545505730671,0.0703866716395849,0.050911228149969,0.127521505460006,-0.177629035491564,0.211338322787022,-0.0444679243242617,-0.105893762180402,-0.107070613203448,-0.194008844150819,-0.309717640936586,-0.0528428388296445,-0.0425040382824031,-0.158785522873384,-0.0294515750321262,-0.0988807052223142,-0.0864399687858975,0.447878793569392,-0.00146392950833,0.0428480600718487,-0.0495263085959061,-0.0835648817180609,0.0374199134810111,0.211174276130317,-0.0249803120457861,0.166066722348835
"15",0.0869769605269043,0.100901797825149,-0.100846728622451,0.00132213492513256,-0.00839700818044515,0.021335613748692,0.0634129283738331,-0.0752237569172597,-0.0373500061829517,0.0111152981699329,-0.0203243082908172,0.0821816589117236,-0.00977508255058961,0.0977076549210423,1,-0.0884048789337626,0.133384962934448,0.0404672877003788,0.125933388249959,-0.169302261244026,0.0815338118608395,0.0314859208795528,-0.0236314403922251,0.198875735472235,0.200099836536184,-0.00977450274322745,0.0717942889475651,0.095643649513962,0.19631895797089,-0.0170675270292162,-0.0376158906685789,0.0292173443096045,0.0980119815493231,-0.0238353146465224,0.0803058523627184,-0.00331286227594603,0.0722830916079807,-0.0344453479659809,0.0918713116888183,0.0318497275586492,-0.0203987643365066,-0.0983442128812458,0.0384016608349143,-0.0347274329983132,-0.201610698973288,-0.13609247196933,-0.153181604170386,-0.238024034474506,0.0183470445112937,0.139390084488415,-0.00864084825947457,-0.0473232769221794,0.0192165491913694,0.0439275546540223,-0.0551203918845114,0.0363840418989113,0.0178585871283364,0.00395636371305878
"16",0.145173367925509,0.126210853394423,0.0910288635869312,0.117636267254407,0.298759745978599,-0.00561626431439073,0.0360020589702568,-0.0902097157203184,0.0692132869128091,0.0869093506693266,-0.145736446099463,-0.00910320039719717,0.0423430203647121,-0.0312414117999504,-0.0884048789337626,1,0.0737764109627812,0.0369601910446286,0.00477386351123519,0.0576971778117181,0.246787832599884,0.161821259984725,-0.0544560416203598,-0.0494171820507686,-0.024115344283119,0.262776951233149,-0.111240826708423,-0.0562136420313984,-0.206752983379389,-0.169941251760797,-0.013579788417677,0.118052025811507,-0.00254273599480921,0.111081137954357,-0.0814915634997487,-0.153074391937898,0.120823950560959,-0.177561965238762,0.0776103634708364,0.0536832568798675,0.0647961009313041,0.152862469652014,0.0355563116450286,-0.0611893068689993,-0.17973034815167,0.0290392690843408,0.00839178737234841,0.0650931736834004,-0.00607148990118461,-0.14812889259415,-0.115987716641779,0.0351836374717972,0.0523069312134357,-0.0512437283872617,-0.0315696502573369,-0.0149829036901251,-0.0981610288172513,0.0650405717448504
"17",0.136242306960126,0.0607203676184687,-0.0248352628941886,0.215465006959162,0.00875225232472977,0.0599756917139505,-0.160376313900764,0.191553671122855,0.0921966922440525,0.0189124183318647,0.0257351708634325,0.189018328438004,0.0522286044314744,-0.0705566994611566,0.133384962934448,0.0737764109627812,1,0.116060918575283,0.0631085869180295,0.0337558719880181,0.0455835894008976,-0.0763180287120036,0.154772215181545,-0.0756272317019607,0.0394101323621172,-0.0448858135349796,-0.0759003344085689,0.0920833271592066,0.142308256666662,0.14313148942911,0.293979242558906,0.28139221600253,0.286671246412112,0.112316543908226,-0.0767564706400521,-0.0436545469597119,-0.00574293689380367,0.0331097072951149,0.202061493293182,0.243802637903819,-0.220784221258943,-0.161542547921072,0.1116678301735,0.101419883740519,-0.319128569024126,-0.142934819357413,-0.0941364754499679,-0.0201856756324318,0.158645805930427,-0.0449811204639306,0.181333190611868,0.0326341133325105,0.0962398286001563,0.099320963285866,-0.0891701911355003,-0.0279970703184348,0.0113935530640769,-0.0410884638672824
"18",0.250947905736655,0.26652026734169,-0.0711148670858929,0.0519078017287847,0.0842358111009681,0.0748912542894518,-0.103679650780773,0.107870469329988,0.2664059695853,0.237070805687876,0.0546683506932766,0.171818064494313,0.0142141081936516,0.281372657463069,0.0404672877003788,0.0369601910446286,0.116060918575283,1,0.129292691426468,0.00882689878326109,-0.00869956543761366,0.0991206864046207,-0.16713890938934,-0.0326008262431314,0.0194153685801273,-0.00051260055091434,-0.212565848374231,0.136831909763192,0.0557278737422542,0.033642032035505,0.100047214717856,0.259254017705034,0.292743975327692,0.0263678820879642,0.114260972155518,0.0908636718968477,0.0635468557115264,0.0800248829266914,0.254488261686025,0.0185959873740906,0.00164235020133566,0.126366315263207,-0.25899370973617,-0.092315367552688,0.0928731117723136,0.0586609478138203,0.116458323568254,0.0258604647943436,-0.110227606502648,0.169811240979636,-0.114528114555685,0.0977753548285852,-0.0521021140235775,-0.133168790201836,-0.121397167714141,0.30692932292207,0.189717268174608,0.277078104224326
"19",0.127166770720485,0.109756596696481,0.0312273117940458,-0.0474828093396445,-0.0584048587956918,-0.0199670302079239,0.0454443408731503,-0.0458669740058072,0.158482335892012,0.157844000439181,-0.109692023840279,-0.0344852599784918,0.0138997286573997,0.0508556850604682,0.125933388249959,0.00477386351123519,0.0631085869180295,0.129292691426468,1,0.123183730070089,-0.229321930908668,-0.0143491463365993,0.100940189966829,0.184195704992938,0.00750126000557083,0.0531837715545415,0.0161950629981881,0.0524901823043343,-0.0607161300438517,0.208947264185943,0.257537108872023,0.0320149399439493,0.088618621523638,0.0958866063424831,-0.196788867970243,-0.0137664771421851,-0.0554797529116435,0.0874995881876956,0.00946925562801804,0.121042026502821,-0.0731321896961736,0.0778430118936187,-0.195023092238504,-0.00341809624905687,0.0266787847149932,-0.0419853178259725,0.0498964050307869,-0.0983561227413273,-0.281939602348996,0.00581977008461679,-0.0820188084587906,0.0252310847866134,0.0712343093928458,0.021954995847507,-0.080862601059061,0.200500024027215,0.128385496811047,0.0264710501670548
"20",0.00713785266216092,0.00173698562201952,-0.0853720748988551,-0.00142616992021742,0.0560824725288823,0.00857190754166922,-0.00671571083554807,0.139696349634178,0.0738663142410134,-0.0524912898202676,0.078409019497132,0.115702649752783,0.121995631120835,-0.049462376038229,-0.169302261244026,0.0576971778117181,0.0337558719880181,0.00882689878326109,0.123183730070089,1,-0.107283455398468,-0.0678543704352546,0.0746863284784904,-0.0203419433009074,-0.0680532120273994,0.0416723114322732,0.14271793222996,0.222786619055326,-0.0410184836764494,0.0823902421581803,0.0305353904215269,0.17476794146171,0.0846035985322117,-0.0177342100080063,-0.130146547089154,-0.135005847327951,0.152154669799283,0.175273347480801,0.0531042613941688,0.0673662252395454,-0.0617869046658977,0.0803130263413691,-0.0559488250634087,0.146556606760725,0.198918576882465,0.104392499338214,-0.0361316982671842,0.0951550649855012,-0.00664846593565707,-0.0924797854395922,-0.0377565993029065,0.0342282992190545,0.0378940111710938,0.00318525742618639,0.131767209603826,0.116137081856914,0.19631452817548,-0.0889209170939853
"21",0.204564730267046,0.0118501900282882,0.190789067101171,0.125407804280929,0.0895618670692701,0.134865561340533,-0.0669541991362346,0.193849902720318,0.139512391742298,-0.0807062787969269,0.0461165938546681,0.0234790418740549,0.237895935738203,-0.0830422015985351,0.0815338118608395,0.246787832599884,0.0455835894008976,-0.00869956543761366,-0.229321930908668,-0.107283455398468,1,0.00753618098823322,0.127908512889492,-0.023290449940172,0.153462341601353,0.159106651278497,-0.125729387235837,-0.00367443486833383,0.113175816455032,-0.154071645983187,-0.0194641781846593,0.132544471117757,0.137273424345605,0.0750809917948915,0.123859991180879,0.00496031011478741,0.0578670653554544,-0.19715087280551,0.0745789030127393,0.0522426234685899,0.0423081596825753,0.107988482560912,0.167097880089806,-0.0233045535731871,-0.13091082213749,-0.126582664822724,-0.056434885376742,-0.0464151611131673,0.0956587538447928,0.00403820457073522,0.0571448851058305,-0.0212481197592425,-0.00775232170115957,-0.0103427358919396,0.0950024853983717,0.0261772985452103,-0.11573441523636,0.0600545907905957
"22",-0.0453846844922462,0.100699909026745,0.202000183756433,-0.00458509016673499,0.0745069208415962,0.00973082198296382,0.10631568955607,-0.0636198804094976,0.0348192699622224,0.0842365951428191,-0.178699121541241,-0.109020976330527,-0.015651118922376,0.12445041346996,0.0314859208795528,0.161821259984724,-0.0763180287120036,0.0991206864046207,-0.0143491463365993,-0.0678543704352546,0.00753618098823322,1,0.0809956762344908,0.195199818878658,0.17977498766693,0.00781424636217243,0.0424314805288977,-0.00253902092931351,-0.00997586565995319,0.0967779038287983,-0.112933833467338,0.0129333468786685,-0.20817148789457,-0.105317846888514,0.137556962216007,-0.0217570793675645,-0.100736932617352,0.00807236754041651,0.0784520457073192,-0.0461180421077681,-0.0419175595767775,-0.0544787807095663,0.0353158930248602,0.125462783749775,0.0109564705771621,0.11594489756254,0.0316053209903243,-0.105434724572899,0.0550445562719268,0.0791438361679519,-0.168756394742235,0.0258700689338962,-0.0927950772894582,0.0631848936894858,-0.00977004877839737,0.119014164021035,-0.0337136644760319,0.0900786967919102
"23",-0.0356386055062058,-0.0394761996116012,0.169886789280658,-0.0778531607812501,-0.0571024771814385,0.0425782386753691,-0.0732350756356299,0.113772398424663,0.239641038852081,-0.153652274060793,-0.0343675738879761,0.0197078979929802,0.0782111754994128,-0.170775599405673,-0.0236314403922251,-0.0544560416203598,0.154772215181545,-0.16713890938934,0.100940189966829,0.0746863284784904,0.127908512889492,0.0809956762344908,1,0.26060606119931,0.0461119744178282,0.1581572033595,-0.00139893798495831,0.193399110592977,0.1452132892006,0.186082311527459,0.177498086076086,0.111031068372783,-0.027153060404929,-0.0791876983627719,0.0494410490036508,0.0716329754964637,-0.0724139840266599,-0.0424542554263276,-0.0121879226808769,-0.0475731791206124,0.0549611365842604,0.0225740414486009,0.113113151771508,0.104066901953088,0.0705908694131179,0.188260060288444,-0.0655001303196251,-0.0139630440494137,0.0309946794952753,-0.255955701902808,0.20986607486149,-0.0209476545479162,-0.148569263861081,0.0182598645114692,0.0600544405540365,0.177776312134525,-0.0451131938361111,-0.118336334815923
"24",0.125350901739306,0.141020775592382,0.00145194032181808,-0.107677772886787,0.0431328963109533,-0.0259042519435119,0.0130327825736764,0.0487607457878748,0.179895437853082,0.0949462094849703,0.0617900908259764,0.066440715104653,-0.0247012187395056,0.139369024328458,0.198875735472235,-0.0494171820507686,-0.0756272317019607,-0.0326008262431314,0.184195704992938,-0.0203419433009074,-0.023290449940172,0.195199818878658,0.26060606119931,1,-0.0149791464227174,0.00814606302887636,-0.0286912154286125,0.0882616664060658,-0.0477456339387485,0.0284364077208171,0.179790951520864,-0.0443275562786853,0.0256343965277694,0.0306622536796016,0.157412824512608,0.211111833152575,-0.0589324528463221,-0.0461286974606715,0.105320072827909,0.137482576032571,-0.0860253612400911,-0.0191291076320753,-0.128709087606138,0.0602640759015877,-0.0563598664460103,0.0446337690818424,-0.139580602603756,-0.266032862914412,-0.208880062353038,0.00426329917289381,-0.00994654703128743,0.117444114824317,-0.145298076509763,0.229498220920433,0.111045958612391,-0.0569693759822322,0.0501818444046899,-0.195435831270396
"25",0.094865345934919,0.0791143944742352,0.0356723975528115,0.267515174525262,-0.00924784802499137,-0.0853510606186567,-0.0351057166611068,0.0299079934176631,0.0837508507623782,0.162563336985085,-0.0468212128778075,0.247206365473864,-0.0283730357240454,0.142327843153318,0.200099836536184,-0.024115344283119,0.0394101323621172,0.0194153685801273,0.00750126000557083,-0.0680532120273994,0.153462341601353,0.17977498766693,0.0461119744178282,-0.0149791464227174,1,0.0426473596211871,-0.0390876508662625,-0.0579566646466501,0.145486236785283,-0.0704346021629614,-0.111795604293354,0.0400952037886435,0.0995210167913115,0.0410473067539378,0.30645836590004,0.0184368646183911,0.169716373533047,0.0452713648380388,0.18190923294381,0.236422953829724,-0.164710104157823,-0.170385523402662,-0.128146993991288,-0.030934942073264,-0.0440108623777491,-0.201899449990516,-0.143727625799049,-0.00182552886224494,-0.0258754772806085,0.0605979036215146,-0.0114088519788533,0.0939732826053643,-0.154105318771336,-0.0915814699423482,0.0254710117465492,0.184661212292156,-0.00756503288587318,0.0658580867191216
"26",0.137595034151277,0.0859144154936631,-0.00657348924684134,0.0486613896816219,-0.0678939859885343,0.1109437752368,-0.0471981553801058,0.0154462581936155,0.230270620412929,0.168737277602271,-0.0624788376715896,0.0219984969045496,0.153261204277344,-0.0797402333484161,-0.00977450274322745,0.262776951233149,-0.0448858135349796,-0.00051260055091434,0.0531837715545415,0.0416723114322732,0.159106651278497,0.00781424636217243,0.1581572033595,0.00814606302887636,0.0426473596211871,1,0.170594293577952,0.0891192886918307,0.177232269446591,0.096717312462018,0.107881711914926,0.0388563581235536,0.11982623902592,0.168555247274779,-0.00105716507963218,0.197962573726249,0.0802889118192632,-0.081004706657521,0.267367367405594,0.179167808830688,-0.0479572614355956,0.0843625415097252,0.0208189261597511,0.12031841666492,-0.0712027965436371,-0.0208228217526764,0.0984573887515913,0.0566292802791423,0.0466443793733162,-0.0484870372937207,-0.0612969663790895,-0.141224697241829,0.154920702797328,0.0311302980859155,0.0753519819419145,0.13173457349248,-0.00515359294367337,-0.00549496267702348
"27",-0.0321612244224464,-0.0404296701367501,-0.243753600516173,0.0761482364216412,0.0275866186191216,-0.062160012697783,0.0158452698907099,-0.0101028542966427,-0.185056919757866,-0.097224321676746,0.139058857542427,0.108699599283141,0.0777690575255075,-0.00150098472994676,0.0717942889475651,-0.111240826708423,-0.0759003344085688,-0.212565848374231,0.0161950629981881,0.14271793222996,-0.125729387235837,0.0424314805288977,-0.00139893798495831,-0.0286912154286125,-0.0390876508662625,0.170594293577952,1,0.123620907748232,0.141527879092092,0.101423360705039,-0.168843507726099,0.0702104647093941,-0.172363760548357,-0.0257399283100284,0.0398607466799297,0.03784131175038,0.00835935210223244,0.169189177947644,-0.0138185907374403,0.0415087060405904,-0.0632886736678812,0.0883317660736277,0.0815842445496679,0.187302708369885,0.129732395878887,0.066397307657522,0.0602301243747289,0.0294200004048831,0.103057965814941,-0.0576553228268264,0.125739302042356,0.110360744354024,0.285941445209816,0.217860455065257,-0.0696838405550301,-0.0943745856790138,-0.101244022027201,0.0209740570074986
"28",0.110666703036036,0.0215724156442219,0.0556140125821258,-0.0346586358297895,-0.00117923170792078,-0.0581602818170274,0.0465426318081982,0.0934575149447114,-0.00689580246103726,-0.175413380742133,0.0878679140497466,0.117199913486994,-0.058610302739583,-0.141480990655119,0.095643649513962,-0.0562136420313984,0.0920833271592066,0.136831909763192,0.0524901823043343,0.222786619055326,-0.00367443486833383,-0.00253902092931351,0.193399110592977,0.0882616664060658,-0.0579566646466501,0.0891192886918307,0.123620907748232,1,0.142491891167141,0.161166863300706,-0.0285454330397066,0.102281011986769,0.0278423220651214,-0.0618782314252497,0.153515393776866,-0.125899954438295,0.0765326962279545,0.0137345038713839,0.00139086192888874,-0.0404928335440628,-0.0245484775218936,0.0865539948942078,-0.0163657128773121,0.102122231160064,0.150876967447227,0.161695147504596,-0.0336153706043608,-0.0494083849538794,0.121398971089673,-0.0458860671349774,-0.00112979302336901,0.109388264022672,0.162620353610127,0.0169911559340552,-0.0280409540886888,0.0106905543620939,-0.0225854346468978,-0.0423071269106866
"29",0.055207899984319,-0.0363772266124309,-0.0173950673263822,-0.0515805297748777,-0.127999583891976,0.0218474703448473,0.00468863718388062,0.00424433998288329,0.0792159864800995,0.0250365685906951,0.256343990705413,0.154500362139747,0.166058112606523,-0.0904956999257305,0.19631895797089,-0.206752983379389,0.142308256666662,0.0557278737422542,-0.0607161300438517,-0.0410184836764495,0.113175816455032,-0.00997586565995319,0.1452132892006,-0.0477456339387485,0.145486236785283,0.177232269446591,0.141527879092092,0.142491891167141,1,0.14538983165912,0.06039844914831,0.134500021655218,0.0489640041294645,0.00189453709461333,0.012798711324789,-0.00794737257203803,0.0678610651607039,-0.0499461389317832,0.0646041263925407,0.0637132499255916,-0.0152221905850021,-0.0104119111464586,-0.060038875644743,-0.020987336166563,0.0606898768939254,0.0515628700781907,-0.0947196926556094,-0.0601450083489592,0.0569187258856282,-0.0695338810716674,0.0824705732700969,-0.0442794652442143,-0.0108770920884189,0.121019847966811,0.0498018812901113,0.0659280125058626,0.0311175759146032,-0.0140247751474748
"30",-0.122883965248945,0.0359611321503436,-0.00992287391737671,0.00023326022729523,-0.14718752117729,0.0883436785113138,0.0515635722141367,-0.0793238425701513,-0.0560772514546358,-0.0789721578537546,0.0818116410742551,0.0749064019462713,0.0520890640722251,-0.123950739676844,-0.0170675270292162,-0.169941251760797,0.14313148942911,0.033642032035505,0.208947264185943,0.0823902421581802,-0.154071645983188,0.0967779038287983,0.186082311527459,0.0284364077208171,-0.0704346021629614,0.096717312462018,0.101423360705039,0.161166863300706,0.14538983165912,1,0.209972220969816,0.0817284911901046,0.0955492853615149,-0.159104030067865,-0.134032188882656,0.0453300695546977,-0.0125171547016648,0.0513016704735442,0.00589993731762688,-0.0532160991950482,-0.193364538432592,-0.0900108817814983,0.0244824365122654,0.0906123857396701,-0.0287236703236412,0.0229676338644221,-0.0622059085937604,-0.0629656408190318,-0.0172731499247412,-0.054108934648385,-0.10568326796692,-0.275880579272672,-0.0321621043970645,0.196037448563843,-0.0468761162501407,0.0436077444393891,0.0202072543639513,-0.153577620734583
"31",0.295461879976131,0.106624139426792,-0.0645388485688831,0.131490404712201,0.0254928626694472,0.0918509490719521,-0.21138488893714,0.131305540755724,0.173431418536723,0.122912014678733,0.0649821578745762,-0.00820897094233949,0.102913393348211,0.0735018889401246,-0.0376158906685789,-0.013579788417677,0.293979242558906,0.100047214717856,0.257537108872023,0.0305353904215269,-0.0194641781846593,-0.112933833467338,0.177498086076086,0.179790951520864,-0.111795604293354,0.107881711914926,-0.168843507726099,-0.0285454330397066,0.06039844914831,0.209972220969816,1,0.225793250247962,0.252915774951446,0.114748725411835,-0.0178409153790897,0.0937320103337144,-0.126056277075536,-0.0360035538923087,0.0428486774356957,0.162917213550715,0.0271394625389379,-0.0462913557043374,-0.0597161203892671,-0.0409373279285914,-0.175565273247712,-0.0673520515738369,-0.041715935201221,-0.061387077328899,0.00181366262312048,-0.0603316950713416,0.103543229113131,0.0412165587409526,-0.0585464234388195,0.145814208011748,0.0966971095296551,-0.0102642782107207,0.0616898581027113,-0.0423988451281482
"32",0.189347159131953,0.0453424141259965,0.0272140472383975,-0.00802510935330552,0.104804369693955,-0.13767221693843,-0.0835798947007936,0.127508698586723,0.121869458502943,-0.0910281040773826,0.104581636974916,0.0673585053658677,-0.042472142077612,0.119723652310237,0.0292173443096045,0.118052025811507,0.28139221600253,0.259254017705034,0.0320149399439493,0.17476794146171,0.132544471117757,0.0129333468786685,0.111031068372783,-0.0443275562786853,0.0400952037886435,0.0388563581235536,0.0702104647093941,0.102281011986769,0.134500021655218,0.0817284911901046,0.225793250247962,1,0.00094935324946406,-0.0458482843608815,0.0862624731494427,-0.144759460900639,-0.0419024755789774,0.0552041521782794,0.0475089727106732,0.128560828846117,-0.0927503018744725,0.0290407046360998,-0.175068227220922,0.168180573923757,-0.00387996554597747,-0.0311861100723281,-0.202726184717898,-0.0689989061533882,-0.267139621229866,0.0252787655374664,0.0688913312553399,0.103067011892764,0.0651104012387679,0.198019967121761,-0.0270983507530681,0.247474284025452,0.0760843092479311,0.0900776963215792
"33",0.302173145588307,0.130016459941018,0.0142416853309029,0.192145927780629,0.162148293905544,0.201056850074058,-0.0683943231597305,0.22045182340575,0.34732443159755,0.192610453675197,0.143337193598078,0.26392530431323,0.239688303862262,0.0314545505730671,0.0980119815493231,-0.00254273599480921,0.286671246412112,0.292743975327692,0.088618621523638,0.0846035985322117,0.137273424345605,-0.20817148789457,-0.027153060404929,0.0256343965277694,0.0995210167913115,0.11982623902592,-0.172363760548357,0.0278423220651214,0.0489640041294645,0.0955492853615149,0.252915774951446,0.00094935324946406,1,0.377724081358739,-0.002046019080903,0.240765149123619,0.0588780139986946,0.10009867414971,0.386693556038066,0.323059366656617,-0.048929934956762,0.00347284098243106,-0.014143658407674,-0.0107428252399468,-0.165467008877919,-0.0357979417690631,-0.0375763670980823,0.0489920339186905,0.119093916893366,0.126712199948273,0.0876386117530981,0.0524794242720268,-0.126134017412605,0.0128556351762135,-0.0368180892647552,0.0855160329272168,0.0338971696725604,-0.115765698944671
"34",0.211189139643148,0.229558359817289,0.0734535866806667,0.0519774031624537,0.04886957430175,0.192096317345859,0.120389679750534,0.143437646505837,0.139287507418915,0.0706033420272611,0.251875751291636,0.154936770998411,-0.0669768588802375,0.0703866716395849,-0.0238353146465224,0.111081137954357,0.112316543908226,0.0263678820879642,0.0958866063424831,-0.0177342100080063,0.0750809917948915,-0.105317846888514,-0.0791876983627719,0.0306622536796016,0.0410473067539378,0.168555247274779,-0.0257399283100284,-0.0618782314252497,0.00189453709461333,-0.159104030067865,0.114748725411835,-0.0458482843608815,0.377724081358739,1,-0.0254706755448707,-0.0322064333165736,0.113396933335239,-0.0257006164387093,0.282750105270563,0.238034100642344,0.0302951870196868,-0.0301877271102374,-0.123991403044589,0.0335983892804058,-0.202282805409229,-0.189846032516172,0.189321851400029,0.172614284369441,-0.048683788844063,0.238941953032741,-0.045673305069551,0.109941362858178,0.0766112819194142,0.0732511602853513,-0.0464686828064824,0.0164860063589762,-0.092790287132122,0.0312987810637229
"35",0.216635936353727,-0.135418536107787,-0.0464353461622456,0.0676856730082496,0.0390179809592882,-0.0965248611849635,-0.0644803028022704,0.0174528267929827,0.123969480581043,0.107352397423638,0.0545616960614009,0.0514812470768173,0.0770137270754195,0.050911228149969,0.0803058523627184,-0.0814915634997487,-0.0767564706400521,0.114260972155518,-0.196788867970243,-0.130146547089154,0.123859991180879,0.137556962216007,0.0494410490036508,0.157412824512608,0.30645836590004,-0.00105716507963218,0.0398607466799297,0.153515393776866,0.012798711324789,-0.134032188882656,-0.0178409153790897,0.0862624731494427,-0.002046019080903,-0.0254706755448707,1,0.223338968428334,0.029244065113234,0.124432996915713,0.192303002659826,0.121797153615643,0.0228387143996873,-0.173992838570228,0.0256207626910383,-0.0455036680721399,-0.0004966419064419,0.0406285937881395,-0.135953307480653,-0.165779915242765,-0.00233510331451766,-0.0207817295264541,0.0370203092514002,0.0727331617551388,-0.0538741151996035,-0.177090875372027,-0.0281819217734715,0.0928963848271001,-0.0482075187767579,-0.11408434483257
