"","l_Insular.Cortex","r_Insular.Cortex","l_Amygdal.Area","r_Amygdal.Area","l_Bed.Nucleus.of.the.Stria.Terminalis","r_Bed.Nucleus.of.the.Stria.Terminalis","l_Hippocampus","r_Hippocampus","l_Orbitofrontal.cortex","r_Orbitofrontal.cortex","l_Entorhinal.Cortex","r_Entorhinal.Cortex","l_Frontal.Association.Cortex","r_Frontal.Association.Cortex","l_Globus.Pallidus","r_Globus.Pallidus","l_Glomerular.Layer.of.the.Accessory.Olfactory.Bulb","r_Glomerular.Layer.of.the.Accessory.Olfactory.Bulb","l_Glomerular.Layer.of.the.Olfactory.Bulb","r_Glomerular.Layer.of.the.Olfactory.Bulb","l_Granule.Cell.Level.of.the.Cerebellum","r_Granule.Cell.Level.of.the.Cerebellum","l_Hypothalamic.Region","r_Hypothalamic.Region","l_Entorhinal.Cortex","r_Entorhinal.Cortex","l_Vermix.Molecular.Layer.of.the.Cerebellum","r_Vermix.Molecular.Layer.of.the.Cerebellum","l_Lateral.Molecular.Layer.of.the.Cerebellum","r_Lateral.Molecular.Layer.of.the.Cerebellum","l_Anterior.Olfactory.Bulb","r_Anterior.Olfactory.Bulb","l_Posterior.Olfactory.Bulb","r_Posterior.Olfactory.Bulb","l_Subiculum","r_Subiculum","l_Perirhinal.Area","r_Perirhinal.Area","l_PreLimbic.System","r_PreLimbic.System","l_Primary.Cingular.Cortex","r_Primary.Cingular.Cortex","l_Primary.Motor.Cortex","r_Primary.Motor.Cortex","l_Retrosplenial.Cortex","r_Retrosplenial.Cortex","l_Secondary.Cingular.Cortex","r_Secondary.Cingular.Cortex","l_Secondary.Motor.Cortex","r_Secondary.Motor.Cortex","l_Striatum","r_Striatum","l_Ventral.Tegmental.Area","r_Ventral.Tegmental.Area","l_Substantia.Nigra","r_Substantia.Nigra","l_Thalamus","r_Thalamus"
"1",1,0.466182102538623,-0.0576312906445905,-0.0772572181901697,0.147906961867957,-0.00933597664546893,-0.0970751730374181,-0.186838960144836,0.242265468323801,0.114414000535093,0.263964654330446,0.272280355581112,0.0938530420250901,-0.19386198433987,-0.177106293081302,0.390464593880281,0.106348153927944,-0.19563749827363,-0.192610243202384,0.189843813102104,0.00205532832617623,0.243944403812778,0.0275378661146881,-0.100066625449538,0.0336074866629308,0.0576254630147417,0.183519883023836,0.0664142311752962,0.174560291623174,0.0638661101890185,0.147667364523199,0.0845517762922234,0.149068153202761,0.216878954591642,-0.192189554355361,-0.0140667075022522,-0.0698565117679658,-0.0843294982112167,0.0827687559814416,0.19215601814897,0.0528866819187534,0.00036321590376887,0.0906021954211726,-0.243314790560437,-0.236813275871432,-0.119601323352316,0.102229899824977,0.177225553444995,-0.0356640474665349,-0.212551465117254,0.26405682536902,0.230388365441694,-0.132409721971188,-0.136473449144658,-0.0858520863500743,0.170655647049938,-0.235977504611243,-0.0458668978934996
"2",0.466182102538623,1,-0.103532087590876,0.184599168643213,-0.0508634006797239,-0.0245540485543955,-0.0539661167634735,-0.00069417514044476,0.204874787404218,0.385850369548099,0.272893514239403,0.341347904817563,-0.108789149058219,-0.0630322367996181,0.0349369730090894,0.311653148318914,0.07187643352146,-0.244991667655707,-0.107792407279592,0.0670291764299841,0.0547474878776763,0.367470751489899,0.126152626371182,-0.0710661849821228,0.0273549456975243,0.280201437516695,0.0923676388162274,0.0374444341248985,0.116750580416325,0.0926223901343563,0.0309279033780657,0.00528808767383172,0.189380553095248,0.378712630025167,-0.282015227564032,-0.0271002454097807,0.0676448333989028,0.0980295975408288,0.0746747743939048,0.292785868536801,-0.0258039055555437,-0.0351637998536025,0.0176781599413424,-0.182075119551821,-0.127019095391251,-0.148092770857851,-0.0709343703435346,-0.121415797539084,-0.1238263868465,-0.321850182659341,0.0528502869695574,0.278600321046168,-0.0381177505991869,0.0193779905554881,0.0202426307584589,0.12596198416344,-0.0709343235547699,0.0185415759442893
"3",-0.0576312906445905,-0.103532087590876,1,-0.0084295173887368,-0.0632392400290506,0.126706774121785,-0.0602158465894341,-0.0430297065595805,-0.0616972651965369,-0.0688352659101924,0.096410973594439,0.00305653943849686,0.064048087222074,0.067293083605035,0.102438798781816,-0.0869635802662139,-0.104546347978454,0.159459878105914,-0.0881299951205694,-0.00918996673893578,0.0784563960587952,0.113487726805206,0.165443037423799,-0.0280489912174609,0.279345659397418,0.0260678601158861,-0.0499470535419604,0.0863681447498111,-0.116533904692964,0.0604360419290869,0.0133710678759572,0.0680540493023227,-0.15256259510592,-0.0549500570027602,-0.0133855953525995,-0.0038707543058508,0.139162618427311,0.0565565470148262,0.0184180170270441,-0.10818447612167,-0.138594063987455,-0.0131194744951216,-0.135703999764196,0.105118790095773,0.060484167485733,0.0838814529943474,-0.138803584650662,0.0529941561399836,-0.230366090466757,-0.0644246293916175,0.193785903882437,0.174495940263776,0.154024895975457,0.116823146508306,0.148308822588253,-0.0045653742987768,-0.0879836619142869,-0.0750772427032989
"4",-0.0772572181901697,0.184599168643214,-0.0084295173887368,1,0.10162783050765,-0.0335731097733201,-0.0839819584815915,-0.117064244878759,-0.0855644534422898,0.0474040182389438,-0.00174712301999541,0.0500507660248782,0.0888249757061502,0.0067568843915648,0.0317502449146169,0.0557022391896152,0.0328075779763392,0.00045981135026098,0.0246340918219394,0.0181926586869053,0.0482541315136772,0.247870023012676,0.181386909126299,-0.149978310448101,-0.162754047199585,0.0877370864619307,0.0717323262190448,0.0819544473958494,0.0435660975524843,0.0967954096528418,-0.0679208980431182,-0.0287970511867266,0.0231928127653253,0.0414978721318142,-0.0379557584726401,0.126808371148907,0.108691549267477,0.156224426422012,0.171417588673292,-0.0991556088995937,-0.0166264144327745,-0.0792642092087879,-0.0599669938875451,-0.121157551247888,-0.0937893193650696,-0.0553671308907404,-0.0707239495501147,-0.101919518627643,0.0161669859741131,-0.130546013538361,0.0824940696158371,0.0123545128180602,0.0228700118846191,0.06901318565298,-0.0948122785951423,0.0319889267994171,0.0117184110331229,-0.133541816577466
"5",0.147906961867957,-0.0508634006797239,-0.0632392400290506,0.10162783050765,1,-0.140690478459371,-0.0253083911523613,-0.119207331725804,-0.0321764343112855,-0.0408324864602594,0.069898135646741,-0.0396429754390497,0.229123160287438,-0.134481316827241,0.0801657258019339,0.0493829475458556,0.0784690745617724,0.0136000617233095,-0.118659600771527,-0.061044443630162,-0.046683361010715,-0.0136095703874015,0.118796441132258,0.0177693176912916,0.00437041729779164,-0.152111532129313,-0.0214275110406362,-0.0477540355923901,0.0577796270130493,-0.0121598577269325,0.0180072825469091,-0.0506080825606536,0.0685693193592014,-0.0330801108867459,-0.0114429708681665,-0.130378416487868,0.117739680586115,-0.0714775707102769,0.0903418271332565,-0.0180581563858485,0.217229111056505,0.20131678798892,0.109912477535244,0.0495824388301757,0.162494424949536,0.0521862938728193,0.23202745151143,0.210935804777211,0.0820984567354578,-0.0222289127791969,0.103338466211149,0.00859161913072529,0.00506269019782364,0.085723665747904,-0.143797886563681,-0.0027622626136749,0.0572006310106168,0.0339263911358651
"6",-0.00933597664546893,-0.0245540485543955,0.126706774121785,-0.0335731097733201,-0.140690478459371,1,-0.0777925927442408,0.0240883617221602,-0.0508141274163713,-0.0113432748457505,0.0817788686375916,0.0629067029804982,-0.060015432399802,0.101551711341367,0.028173908460986,0.0893873109314699,-0.0595794082513353,-0.048797379589278,-0.0386105039966506,0.14086258409746,0.0564805049005108,0.0322003131514532,-0.00020201032263252,0.11704828724653,0.0268782164232327,0.0125152567929155,0.0086510006524557,0.163567370307652,-0.019686320146647,0.0385414124866179,0.0883218423394716,0.0832883486850477,-0.0737206842647133,0.0505314453136933,0.0625889255254361,-0.00952965885426601,-0.076934811027446,-0.0447261303521281,0.0846424552922908,-0.0662965369741279,-0.144311640586409,-0.13844043405109,-0.181216192739935,-0.0602271871473509,-0.118502983149774,0.0422227316455116,-0.0343722795740511,-0.108867275204637,-0.284539765942324,-0.0285169612883171,0.0307731018225084,0.162314350464161,0.173581491755065,0.253709429872096,0.0148784741336676,-0.0821114745098785,0.0135804252782911,0.0131356894830022
"7",-0.0970751730374181,-0.0539661167634735,-0.0602158465894341,-0.0839819584815915,-0.0253083911523613,-0.0777925927442408,1,0.361847199257261,-0.154655369403355,-0.019898853583561,0.082750054787359,0.0200209349538629,-0.0521702186925874,0.0727818671670006,-0.180183741772927,-0.0547475698001833,0.0543203123057798,0.173905138391149,0.0487296781964621,-0.0986166777276672,0.0739811075808535,-0.217811163680687,-0.021003948246621,0.0692345020552606,0.0414366357958647,0.131473856037675,0.104856880062724,-0.105830947598168,-0.0625567314056775,-0.0204518825055016,0.0933412644303009,-0.0552534858098699,0.0458475206185849,0.00427033224141603,0.00631572592186118,0.0939878128392104,0.17779056784343,-0.0970237663808067,0.0623510009634441,0.00573664152275641,-0.0615490389327931,0.123506795965027,-0.0714198678640281,0.104846228334635,0.0697378574211667,0.0398667657296257,-0.0327699638756945,-0.00138338448220857,-0.020728020416712,0.211231783597009,-0.154775050752579,-0.0787114215580103,-0.070685806431877,-0.148967702198931,-0.0594428745865853,0.0633825123780039,0.061309609597903,0.182036858595317
"8",-0.186838960144836,-0.00069417514044476,-0.0430297065595805,-0.117064244878759,-0.119207331725804,0.0240883617221602,0.361847199257262,1,-0.0918573703003588,-0.00946426065118024,0.139851053314638,0.11399963171079,-0.112893687369943,0.154000920173343,-0.0352487840704406,0.0349707603780997,-0.060393094592104,0.148851819393126,0.0922294032983462,0.0423539693318205,-0.0598457205883628,-0.0966904803565326,-0.07561015307266,0.0708872327530867,-0.0106744550545662,0.0372727769272421,-0.170158374851931,-0.22480013640225,-0.172037107494151,0.0440577563015185,0.0633053793245286,0.0237263505853802,0.0587203629125039,0.0388410474486226,0.00689332873127042,0.110429451040377,0.238782224460604,0.211748803413413,0.189488001975429,0.207298841360283,0.0373020271683809,0.0537608112016225,-0.143804622818336,0.0536473586690674,0.0157947800457238,0.0268665077148278,0.128443151637535,-0.028678950254517,0.0387619459593689,0.0927810934379376,-0.129688775320002,-0.00467235633476388,-0.0428736138888254,0.0690377711812362,-0.156999990687494,-0.0431589138713044,-0.0584723702758323,0.210898667470568
"9",0.242265468323801,0.204874787404218,-0.0616972651965369,-0.0855644534422898,-0.0321764343112855,-0.0508141274163713,-0.154655369403355,-0.0918573703003588,1,0.241777502547416,-0.018996172220697,0.122349953592956,-0.0385196329812433,0.00881389697437194,0.0345902131965684,0.20844270063886,0.100993431733363,-0.0579943793197096,0.030047540194116,-0.0443716400142161,0.196972579741751,0.185833087432869,-0.0112948765910713,-0.104774272882216,0.0864849610745831,-0.0284158721864768,0.282958909120315,0.0348974719128734,0.0268488584585942,-0.0695830626081801,0.196059756101654,0.0128261227735429,0.159026832844413,-0.0134957008066441,-0.14234228358065,-0.0211864476263207,-0.018217302636099,-0.219013051054496,-0.143708923269011,0.00154104091065595,-0.0109564103307721,-0.0900717935764753,0.160875965468733,-0.096837122373779,0.0037301873209324,-0.0557767603298325,-0.0764336173095755,-0.00896015263359249,0.0621787711525892,-0.0197009621537567,0.0359864301268116,0.0710890787451469,0.0589284054625694,-0.035284532517984,0.0419553020773081,-0.100279779468063,-0.202598774452906,-0.194754899760342
"10",0.114414000535093,0.385850369548099,-0.0688352659101924,0.0474040182389438,-0.0408324864602594,-0.0113432748457505,-0.019898853583561,-0.00946426065118024,0.241777502547416,1,0.0682396585158076,0.0367462649699466,-0.15184671318235,-0.111126224942927,0.176234554103391,0.062851624190903,-0.0897429353195936,0.0414589412054443,-0.0542131882654756,0.108944174324761,0.0273695884444243,0.0745862096768259,0.111805543121896,-0.0979426824561879,0.0558914288448081,0.153822058292689,0.128856820867557,0.145087213281497,0.0887078721619981,0.0544440837272215,0.129808238929403,-0.0148690438672996,0.123638933017851,0.136448785596866,-0.0941749482737448,0.0989574668120817,-0.0477750198000746,-0.0552213355201783,-0.00870083058768085,0.111834487129348,-0.103548628819535,0.00319163506681973,-0.00160873569794186,0.0858227252967687,-0.0872087518095409,-0.076773293960226,-0.112325775141952,-0.0767607368096884,-0.146778182707749,-0.0945734554324128,-0.165685528278135,-0.0141300170026301,0.00568358131701063,-0.0604014095723019,-0.134178828579519,0.0464710338889699,0.0840910649198743,-0.149435755051952
"11",0.263964654330446,0.272893514239403,0.096410973594439,-0.00174712301999541,0.069898135646741,0.0817788686375916,0.082750054787359,0.139851053314638,-0.018996172220697,0.0682396585158076,1,0.422352172048907,0.0435477631930336,-0.0790960249448363,0.0160941511601892,0.205693556526321,0.219685497687313,0.0415903801141509,-0.0501773291029287,0.112807526791463,-0.0473834226659418,0.213134195089251,0.0398635748728955,-0.122577188831113,0.191425372998918,0.151710307014099,-0.0570109527981208,-0.017106668396797,-0.0252784296737832,0.209568571221278,0.0503835397737113,0.146021603300342,0.293870994846346,0.219608006917371,-0.111925169581641,-0.236832754894979,0.130046123427201,-0.0770787148737159,0.187327227768219,0.213301059063894,-0.0824439911116822,0.110915385537805,-0.12688924773433,-0.139333289780868,-0.207982680448147,-0.209454372259981,0.00529167867921155,0.0309718233018142,-0.0515318154908039,0.0499338069414868,0.127156797228989,0.174343291436109,-0.0981330364300448,0.109401193284636,0.0208789936311022,0.073109425027783,-0.119823535662643,0.16033293290164
"12",0.272280355581112,0.341347904817563,0.00305653943849686,0.0500507660248782,-0.0396429754390497,0.0629067029804982,0.0200209349538629,0.11399963171079,0.122349953592956,0.0367462649699466,0.422352172048907,1,0.0703003628959881,-0.00531407195428989,0.212417952567786,0.162140839894265,0.193744749101431,-0.0950017082546894,0.123420888054873,0.059336329838883,0.0807619070492288,0.189253333909275,-0.128545726381315,-0.0850795906583124,0.144899843933634,0.218968445617655,0.0257528962673282,0.047930190910688,-0.0345235303655675,0.252492597804962,0.0711821693827931,-0.0368261035678969,0.267656620550721,0.154348175023023,-0.26256230567511,-0.110678206303632,0.197825089396811,0.0426543625472286,0.161503432899991,0.256819955600361,-0.0134404275625583,0.105651801752844,-0.117739344739339,-0.0971665549777046,-0.240060767108728,-0.0651641784697078,0.0348124505416428,0.0120280270824743,-0.0699389276497899,-0.0310735124397291,0.222489106041954,0.370949011627144,-0.0887992897626229,0.0915798489670239,0.0339097565333107,0.00663669152488514,-0.155148315298159,0.0682923166062537
"13",0.0938530420250901,-0.108789149058219,0.064048087222074,0.0888249757061502,0.229123160287438,-0.060015432399802,-0.0521702186925874,-0.112893687369943,-0.0385196329812433,-0.15184671318235,0.0435477631930336,0.0703003628959881,1,0.00174863671799296,-0.0338011003875965,0.24385392824172,-0.0499655197977052,-0.082496976332821,-0.0955922410195415,-0.0373405644417412,0.00257988570037776,-0.113093418669225,0.149129361648324,-0.0356337145254279,0.00058802310984461,0.0241495767086433,0.0959040025266115,0.0547187731429543,-0.107018855229947,-0.144531975519621,-0.0316681487842466,0.0728496749924128,-0.0397768223166571,-0.113925075751086,0.0956105813356269,0.0870371185288919,0.190651886381307,0.0303833072090108,-0.114006299832728,-0.151414963295917,-0.0370248618985582,-0.0831319402983637,0.143686880622044,-0.0601569268978198,-0.0163751343781062,0.0639559610072088,0.0618649744403571,-0.108454904519271,0.230186678229421,-0.100244047149147,0.0271124788766404,-0.0555709023707909,-0.0248977485699295,-0.155256872685979,0.142181222533896,-0.0620299530179097,0.0981730296770373,0.072062582868712
"14",-0.19386198433987,-0.0630322367996181,0.067293083605035,0.0067568843915648,-0.134481316827241,0.101551711341367,0.0727818671670007,0.154000920173343,0.00881389697437194,-0.111126224942927,-0.0790960249448363,-0.00531407195428989,0.00174863671799296,1,0.0374086847961945,0.00799452998486507,-0.134218265440847,0.279151984852732,-0.021417434564172,0.110339325813291,0.11916875946862,0.0133974269263267,0.0388230421035704,-0.0494072910273394,-0.0022307478085986,-0.0555102585304285,0.00964554251505849,-0.146155548339881,-0.0583017467013526,-0.0503586489473338,-0.0116972496665522,0.0975008054944353,0.0323084722531882,0.0619261496111157,0.132965744883786,0.288097989898985,-0.0369480993509483,0.0970733618848209,0.0964953513877769,0.119874678760185,0.0635395574741785,0.0588182334952739,0.00175434885326605,0.0067915362414663,0.269328261795766,0.0904239358811758,0.0790667996321938,0.152418203871274,-0.0129231999301222,0.346708136174123,0.0154838318116514,-0.00626273884615123,0.125083522248661,0.11357381657747,-0.0774428811574929,-0.0949105025268632,-0.095552205350557,-0.0476474937140842
"15",-0.177106293081302,0.0349369730090894,0.102438798781816,0.0317502449146169,0.0801657258019339,0.028173908460986,-0.180183741772927,-0.0352487840704406,0.0345902131965684,0.176234554103391,0.0160941511601892,0.212417952567786,-0.0338011003875965,0.0374086847961945,1,-0.146432227459326,0.00213165274872013,0.13762706232621,0.277504441371423,0.0396437584107864,-0.0149373122174892,0.0880119078952928,-0.0491615409679454,-0.0958967073966592,-0.0644625214243812,0.0679831380550553,0.0632083333055541,-0.0639637681843565,-0.0373290684801787,0.0890943983868169,0.194966466762493,0.0880785628077189,0.0770934307326056,-0.0186953228590742,-0.0813231639181815,0.0236092625978219,0.2043100180353,-0.0367655599058079,-0.0726349110402598,-0.0850168832466839,-0.0818982257368707,0.00517006827482109,-0.0717931158238946,0.0579357114350142,0.035724670225103,0.00101340138019727,-0.0625375657921094,-0.0857287140462824,-0.169059254988939,0.044278606386326,0.0269829783824474,0.0411257119771285,0.0860425028058474,0.0673200631805117,0.057863570465176,0.0101685793997361,-0.199395472809391,-0.142674656853654
"16",0.390464593880281,0.311653148318914,-0.0869635802662139,0.0557022391896152,0.0493829475458556,0.0893873109314699,-0.0547475698001833,0.0349707603780997,0.20844270063886,0.062851624190903,0.205693556526321,0.162140839894265,0.24385392824172,0.00799452998486507,-0.146432227459326,1,-0.0245333718713517,-0.0555120581816823,-0.0939163754259477,0.00160774585653373,-0.083399793206726,0.0812238599494259,0.116564474804073,-0.0827313135600751,-0.00734597264772634,0.0341136566105473,0.282339055071332,-0.0798538135231978,-0.0731932386449181,-0.04233462646988,0.0621589348247749,-0.0556558060755329,0.13808812310258,0.138142420300493,-0.166573555049811,0.0835483635677069,0.0459758577047725,0.0737576430652107,0.00274873517888354,0.206676756931228,0.0328590310103758,0.0151345001698565,0.174667813350042,-0.138533510502453,-0.014006226584003,-0.0420286245330185,0.0382456832619486,0.116283705025428,0.112598092375982,-0.0722144104984962,0.118007447591514,0.22491853864073,-0.164674554187449,-0.126593925542866,0.0473303304197903,-0.0132774079190755,-0.0710290696964421,-0.10759219554258
"17",0.106348153927944,0.07187643352146,-0.104546347978454,0.0328075779763392,0.0784690745617724,-0.0595794082513353,0.0543203123057798,-0.060393094592104,0.100993431733363,-0.0897429353195936,0.219685497687313,0.193744749101431,-0.0499655197977052,-0.134218265440847,0.00213165274872013,-0.0245333718713517,1,-0.0220729387191286,0.12086859250467,-0.0445275514432242,0.176329256831582,0.227827587421988,0.0289699198709866,-0.23445116806156,0.098615150968081,0.0982074590673664,-0.133483644449549,0.104080185930177,0.00797540763766055,0.0564659664968687,0.162883185213497,0.104873270042394,0.075010986670383,-0.155417258722251,-0.0978872870115883,-0.149576863483503,-0.0321574865053147,0.0159134380943729,-0.0512290456423754,0.0885828913001182,-0.116728039115508,0.0605719058147164,-0.0479240339721421,-0.318652259969083,-0.116555126272051,-0.105756348995039,-0.00394370647370848,0.0389569349233421,0.223744233855099,0.0108138053823332,0.0789894060739139,0.0175588282320744,-0.00459271812031393,0.0614331870923781,0.0703631121897217,0.0651632063901617,0.0153458865126472,0.0827741634853683
"18",-0.19563749827363,-0.244991667655707,0.159459878105914,0.00045981135026098,0.0136000617233095,-0.048797379589278,0.173905138391149,0.148851819393126,-0.0579943793197096,0.0414589412054443,0.0415903801141509,-0.0950017082546894,-0.082496976332821,0.279151984852732,0.13762706232621,-0.0555120581816823,-0.0220729387191286,1,0.197346745951738,0.0455461113780095,-0.0157477663712096,0.0493410394221635,0.0209756826748413,-0.181362410004414,-0.0703204449595348,-0.0524067775913322,0.0770511477445976,-0.0129011309107629,-0.0393943553362131,0.0886039210512349,0.145812387740436,0.130988362079614,-0.125879851883186,-0.03023041996898,0.0350046858635209,0.157464432455911,0.154208302344242,0.116306196422596,0.0884786542706487,0.0493914111941519,0.0222752941356591,0.241476540932454,0.106034736328487,0.099126202768826,0.131485625348702,0.0214278440582469,0.0573627008519333,0.215446083000611,-0.0911290728291982,0.45497848302652,-0.0404346900037998,-0.106883485260152,0.182089012883101,-0.0304881412777654,-0.126996104503657,0.00298956426490942,-0.111136955332456,-0.0957958723384549
"19",-0.192610243202384,-0.107792407279592,-0.0881299951205694,0.0246340918219394,-0.118659600771527,-0.0386105039966506,0.0487296781964621,0.0922294032983462,0.030047540194116,-0.0542131882654756,-0.0501773291029287,0.123420888054873,-0.0955922410195415,-0.021417434564172,0.277504441371423,-0.0939163754259477,0.12086859250467,0.197346745951738,1,0.0335978927277577,-0.00947723482501958,0.133098707993159,-0.130893938046256,-0.20961574427838,0.00456005132233911,0.0780242749238981,0.150198684826977,0.117812310843348,0.0506623767436835,0.114479596468465,0.439418943516953,0.297723343496192,0.180079655290466,-0.154347561154701,-0.205178398254263,-0.108181066911618,0.125036618775169,0.0619238798111884,0.027754233468565,-0.0119432800198801,0.0105485989872156,0.127939806801862,0.0350070363059103,0.172326007683317,0.0595813362215709,0.0564925202342777,0.0495867921306323,0.0315086672093968,0.00679298061925602,0.282868046267847,0.12144722403268,0.056687781045945,-0.0494214638191135,-0.0382670245376158,0.142356044529361,-0.00074185645006407,-0.226253266339891,-0.117934083501842
"20",0.189843813102104,0.0670291764299841,-0.00918996673893578,0.0181926586869053,-0.061044443630162,0.14086258409746,-0.0986166777276672,0.0423539693318205,-0.044371640014216,0.108944174324761,0.112807526791463,0.059336329838883,-0.0373405644417412,0.110339325813291,0.0396437584107864,0.00160774585653373,-0.0445275514432242,0.0455461113780095,0.0335978927277577,1,-0.0196211982265513,0.248573497972217,-0.116684001340399,-0.138226658845709,-0.128275447454147,-0.00612796414821539,-0.0400914968191347,0.0591364345179233,0.0936336023817031,0.210316580864553,0.176555223704647,0.524966612942033,0.141852550394338,-0.00131417513572084,0.024332441256635,0.0673396611949869,0.0737967241685894,-0.0534932739616371,-0.0633919340436378,-0.0824109158755925,-0.192408408062286,-0.228491697213257,-0.0579885845770918,-0.124215784527915,-0.0433937118366309,0.0248068852063437,-0.214782061288137,-0.134162711453643,-0.109165177384783,-0.11470890184195,-0.0962712825453906,-0.101790588669587,-0.0684335377633172,-0.142570119802534,-0.217126951923954,0.0546033455474655,-0.320128768724488,-0.136499759715979
"21",0.00205532832617623,0.0547474878776763,0.0784563960587952,0.0482541315136772,-0.046683361010715,0.0564805049005108,0.0739811075808535,-0.0598457205883628,0.196972579741751,0.0273695884444243,-0.0473834226659418,0.0807619070492288,0.00257988570037776,0.11916875946862,-0.0149373122174892,-0.083399793206726,0.176329256831582,-0.0157477663712096,-0.00947723482501958,-0.0196211982265513,1,0.046565655242073,0.188729561408714,0.00379236527481088,0.189970574856162,0.0480353005048441,0.0981369260356258,0.147559895075761,-0.162638672148008,-0.107903538575254,0.240634629145751,-0.203256057111753,0.0502882557355976,0.0279422806907987,-0.128304527310893,-0.0999325142866934,-0.0492674548666649,0.0688025627718949,-0.0684803306234911,-0.00877543396420984,-0.11537049376346,0.0204228671444372,0.0255107983444517,-0.218351738709479,0.103247902902442,0.0209372308591543,0.0267348001241611,0.0237419568400002,0.059845043934725,-0.0727807491567797,0.044146847068375,-0.089778007650282,-0.0717796224460518,-0.111732621550671,-0.0012298486945902,-0.12769362568849,0.151880433980389,0.0388061283877324
"22",0.243944403812778,0.367470751489899,0.113487726805206,0.247870023012676,-0.0136095703874015,0.0322003131514532,-0.217811163680687,-0.0966904803565326,0.185833087432869,0.0745862096768259,0.213134195089251,0.189253333909275,-0.113093418669225,0.0133974269263267,0.0880119078952928,0.0812238599494259,0.227827587421988,0.0493410394221635,0.133098707993159,0.248573497972217,0.046565655242073,1,0.0598396892869027,-0.0572794553897462,-0.0086046530334407,0.0770151870137059,0.0388815919989448,0.161678750440596,0.199515620648635,0.118032828161533,0.156163952784065,0.248924106139065,0.18773896563789,0.152646502866053,-0.13482367409253,0.0531544715268866,0.12859931905341,0.116559420138435,0.00440878922945542,0.0742119951667616,-0.0367556833666118,-0.117276920865076,-0.122513270546074,-0.247133334536594,-0.161713132409575,-0.133608294105338,0.0822283147596562,0.0723494929304516,-0.106676219671163,-0.164914390202853,0.168404977029658,0.0847625967084649,0.128282992719874,0.0286818230112217,0.0421139858174163,0.102945328778482,-0.290885313978744,-3.6393206111104e-05
"23",0.0275378661146881,0.126152626371182,0.165443037423799,0.181386909126299,0.118796441132258,-0.00020201032263252,-0.021003948246621,-0.07561015307266,-0.0112948765910713,0.111805543121896,0.0398635748728955,-0.128545726381315,0.149129361648324,0.0388230421035704,-0.0491615409679454,0.116564474804073,0.0289699198709866,0.0209756826748413,-0.130893938046256,-0.116684001340399,0.188729561408714,0.0598396892869027,1,0.00221530009937028,0.0447197855016329,0.26734381283653,-0.054575746337815,0.15730778207665,-0.0788824826057023,-0.155577234440056,-0.0424806542607942,-0.00497639748397533,-0.142012706189936,-0.0233988001940399,-0.02696602988501,0.0784420296464679,0.0913593149982419,0.140743300743016,-0.0152840707138576,-0.0478957989584583,-0.0596624915513615,-0.129924863186682,0.117435344046455,0.0723170306774583,0.0562941988743171,0.04239294910068,-0.0708240511743684,-0.0661499344181096,0.0431364198662096,-0.0387947632562989,0.124536952574193,0.0408989337441028,0.145745984987162,-0.0408064489705271,-0.101967938441355,0.199989997957561,0.132309059833182,0.0512235089794841
"24",-0.100066625449538,-0.0710661849821228,-0.0280489912174609,-0.149978310448101,0.0177693176912916,0.11704828724653,0.0692345020552606,0.0708872327530867,-0.104774272882216,-0.0979426824561879,-0.122577188831113,-0.0850795906583124,-0.0356337145254279,-0.0494072910273394,-0.0958967073966592,-0.0827313135600751,-0.23445116806156,-0.181362410004414,-0.20961574427838,-0.138226658845709,0.00379236527481088,-0.0572794553897462,0.00221530009937028,1,-0.0392112435335624,0.108690245320982,-0.0987862528859511,-0.104273948248675,-0.0776349527444558,-0.143622922564433,-0.212256657819142,-0.125780213916139,0.0723437870411002,0.255744899060553,-0.0167274273649038,-0.0209709841001628,-0.0614637957299448,-0.0413855880269408,0.114148327147338,-0.0723192927424399,0.0567051102533336,-0.23086326193519,-0.0624163971246055,-0.109029381622922,-0.105616042758675,-0.122755369380158,0.0511457176054629,-0.0486051260830593,-0.00714461902009524,-0.215398182738559,0.0292471743187379,-0.112713270371695,-0.098050038228125,-0.102578974166406,0.0552715372978709,-0.101873321348478,0.138186924567109,0.244632298057624
"25",0.0336074866629308,0.0273549456975243,0.279345659397418,-0.162754047199585,0.00437041729779164,0.0268782164232327,0.0414366357958647,-0.0106744550545662,0.0864849610745831,0.0558914288448081,0.191425372998918,0.144899843933634,0.00058802310984461,-0.0022307478085986,-0.0644625214243812,-0.00734597264772634,0.098615150968081,-0.0703204449595348,0.00456005132233911,-0.128275447454147,0.189970574856162,-0.0086046530334407,0.0447197855016329,-0.0392112435335624,1,0.0688944841472457,0.0366812339780067,0.026030833556262,0.00988207424888434,0.0290351630688716,0.0256304154451947,-0.115496709451625,0.124043210500156,0.0412398211026389,-0.0675499393332987,-0.16109538355761,0.0239562524531278,-0.188013809766966,0.0816002016207505,0.171391080519235,-0.163520019872954,-0.00476629617832797,-0.100964721342172,0.0936870703046912,-0.0704971944299428,-0.0783503367118843,0.00598013119747486,0.113507549123869,-0.124446110355416,-0.0587266682817069,0.0397013822815283,0.019614503550136,-0.118478894797355,-0.0677239601167996,0.141682653481001,-0.0215993239464986,0.12606914513468,-0.0295043875661975
"26",0.0576254630147417,0.280201437516695,0.0260678601158861,0.0877370864619307,-0.152111532129313,0.0125152567929155,0.131473856037675,0.0372727769272421,-0.0284158721864768,0.153822058292689,0.151710307014099,0.218968445617655,0.0241495767086433,-0.0555102585304285,0.0679831380550553,0.0341136566105473,0.0982074590673664,-0.0524067775913322,0.0780242749238982,-0.00612796414821539,0.048035300504844,0.0770151870137059,0.26734381283653,0.108690245320982,0.0688944841472457,1,-0.169258968039051,0.0292578240861938,-0.148615883935132,0.0832804602391926,0.144905974177847,0.178529390363733,0.0793664090965366,-0.0106146946502116,-0.122731925710948,0.0772725466762518,0.00715110756500213,0.0210643182430747,0.0206558891803621,0.0407243588385597,-0.102330848918003,-0.0662131860577045,-0.089659695725253,0.123170674528189,-0.0566435972903612,0.0322730900494928,0.031644912051923,-0.01781113786474,0.0126499527789285,-0.134500836882564,0.127565382907136,0.0802387554467733,0.0564829336514836,-0.0730109893559105,-0.0391282052383293,-0.00314057494802569,0.13825920955345,0.0497705591702152
"27",0.183519883023836,0.0923676388162274,-0.0499470535419604,0.0717323262190448,-0.0214275110406362,0.0086510006524557,0.104856880062724,-0.170158374851931,0.282958909120315,0.128856820867557,-0.0570109527981208,0.0257528962673282,0.0959040025266115,0.00964554251505849,0.0632083333055541,0.282339055071332,-0.133483644449549,0.0770511477445976,0.150198684826977,-0.0400914968191347,0.0981369260356258,0.0388815919989448,-0.0545757463378151,-0.0987862528859511,0.0366812339780067,-0.169258968039051,1,0.131744903018811,0.289470634330239,0.131963491126818,0.041475115415757,-0.136492529090507,0.0433135053406651,0.0681117202885577,-0.150633914839233,0.097172161663843,0.081786615027613,-0.0632881560954381,-0.107068357525154,-0.0853596767224313,-0.102169569510971,-0.100098297531349,-0.00132974592847959,0.0396498828738835,-0.138170769993928,-0.15369920691065,-0.166436891346866,-0.12394416889476,-0.165199504917243,0.107940443472721,-0.00572101652274072,0.0676118776377417,-0.0602584160659827,-0.182424210469186,0.0714474529359754,-0.091954581015205,-0.324835361554121,-0.262568010661855
"28",0.0664142311752962,0.0374444341248985,0.0863681447498111,0.0819544473958494,-0.0477540355923901,0.163567370307652,-0.105830947598168,-0.22480013640225,0.0348974719128734,0.145087213281497,-0.017106668396797,0.047930190910688,0.0547187731429543,-0.146155548339881,-0.0639637681843565,-0.0798538135231978,0.104080185930177,-0.0129011309107629,0.117812310843348,0.0591364345179233,0.147559895075761,0.161678750440597,0.15730778207665,-0.104273948248675,0.026030833556262,0.0292578240861938,0.131744903018811,1,0.250211756254278,0.0611351672108919,0.0777335429391817,0.0140155939487204,-0.126302804885598,0.00226226917534284,0.00722773770569703,-0.0871478111336091,0.0505254574186805,0.152079027217953,-0.243276299489073,-0.188603544412638,-0.284567560399474,-0.122867960005802,0.175183956532173,-0.070555711057583,-0.323751529700117,-0.217497352990631,-0.0813740064753339,-0.0874656395891871,-0.0497249946960661,-0.0644797530932313,-0.00391644989608756,-0.0917566946098056,0.122052839304809,-0.0224226505465966,0.103629050596655,-0.0469546060826553,0.13635102638553,0.0165380483563708
"29",0.174560291623174,0.116750580416325,-0.116533904692964,0.0435660975524843,0.0577796270130493,-0.019686320146647,-0.0625567314056775,-0.172037107494151,0.0268488584585942,0.0887078721619981,-0.0252784296737832,-0.0345235303655675,-0.107018855229947,-0.0583017467013526,-0.0373290684801787,-0.0731932386449181,0.00797540763766055,-0.0393943553362131,0.0506623767436835,0.093633602381703,-0.162638672148008,0.199515620648635,-0.0788824826057023,-0.0776349527444558,0.00988207424888434,-0.148615883935132,0.289470634330238,0.250211756254278,1,0.253341963836399,-0.134386706622154,-0.171831514687332,-0.0422674853016231,0.07157360457793,-0.173189061189545,-0.0746697675330381,0.101578972464093,-0.019781114519213,0.0182119766887273,0.0580427447876881,-0.0500275501783132,0.10235609034566,0.0307469421755773,0.101985082363949,-0.138847067122517,-0.040432894377206,0.0592567444869247,0.00362178495471436,0.0201147750633804,-0.0116270841195393,-0.0924514426505053,-0.0392330110936741,0.0880426475997387,-0.114517843804039,-0.0739795061694516,0.144591545247384,-0.157205457078134,-0.0935081526406743
"30",0.0638661101890185,0.0926223901343563,0.0604360419290869,0.0967954096528418,-0.0121598577269325,0.0385414124866178,-0.0204518825055016,0.0440577563015185,-0.0695830626081801,0.0544440837272215,0.209568571221278,0.252492597804962,-0.144531975519621,-0.0503586489473337,0.0890943983868169,-0.04233462646988,0.0564659664968687,0.0886039210512349,0.114479596468465,0.210316580864553,-0.107903538575254,0.118032828161533,-0.155577234440056,-0.143622922564433,0.0290351630688716,0.0832804602391926,0.131963491126818,0.0611351672108919,0.253341963836399,1,0.0234077674766548,0.0602194360267341,0.0674399345126691,0.0552883524255091,0.0466633683801727,0.0131567754288004,0.247688440566628,-0.00037839821870914,0.0865584715615861,0.20848571359152,-0.0283141431802787,0.120863757613567,-0.152986453789734,0.0544859697728314,-0.135680410385502,-0.053035098952634,-0.108358781501132,0.0144366842819096,-0.166327680381898,0.0438070693767604,1.46205958965225e-05,0.0747664610705774,-0.00212639045151124,0.144065483402208,0.00628778500300437,-0.103707532767125,-0.296455990667137,-0.0777400635973283
"31",0.147667364523199,0.0309279033780657,0.0133710678759572,-0.0679208980431182,0.0180072825469091,0.0883218423394716,0.0933412644303009,0.0633053793245286,0.196059756101654,0.129808238929403,0.0503835397737113,0.0711821693827931,-0.0316681487842466,-0.0116972496665522,0.194966466762493,0.0621589348247749,0.162883185213497,0.145812387740436,0.439418943516953,0.176555223704647,0.240634629145751,0.156163952784065,-0.0424806542607942,-0.212256657819142,0.0256304154451947,0.144905974177847,0.041475115415757,0.0777335429391817,-0.134386706622154,0.0234077674766548,1,0.323548623841574,0.186048219339577,-0.166723396566862,-0.0662734042187871,-0.0032781938670449,-0.0451287369513498,-0.0533465218153945,-0.0802669155154002,-0.00737076343800494,-0.00966240586286638,0.128076246639822,0.0730243023416327,-0.0554383154583455,0.115519793924245,0.0899564188205998,0.072538551044797,0.108456248725821,-0.0157214863510789,0.128555041284012,-0.0980843566489112,-0.0678960425481902,-0.00972100173068038,0.0243479325264784,0.0339383929571306,-0.119057923989363,-0.161089435236569,-0.139089449746935
"32",0.0845517762922234,0.00528808767383172,0.0680540493023227,-0.0287970511867266,-0.0506080825606536,0.0832883486850477,-0.0552534858098699,0.0237263505853802,0.0128261227735429,-0.0148690438672996,0.146021603300342,-0.0368261035678969,0.0728496749924128,0.0975008054944353,0.0880785628077189,-0.0556558060755329,0.104873270042394,0.130988362079614,0.297723343496192,0.524966612942033,-0.203256057111753,0.248924106139065,-0.00497639748397533,-0.125780213916139,-0.115496709451625,0.178529390363733,-0.136492529090507,0.0140155939487204,-0.171831514687332,0.0602194360267341,0.323548623841574,1,0.0767334633104315,-0.17440925029081,0.0305476680887469,0.101971390533105,0.0133617757124963,0.0136527592553401,-0.0903734042264401,-0.0702831520386236,0.0411707713887996,-0.067356376772513,0.0373941159119755,-0.00985551748734861,0.0585966417411069,0.076601189298858,-0.0511499087361507,-0.0738631321622893,-0.032834413146493,0.1266311959635,0.0640878804647891,-0.0307796843987636,0.0761832199268159,0.0276392473024786,0.0252214202489466,0.0119165724046415,-0.268651637678118,-0.112538013280782
"33",0.149068153202761,0.189380553095248,-0.15256259510592,0.0231928127653253,0.0685693193592014,-0.0737206842647133,0.0458475206185849,0.0587203629125039,0.159026832844413,0.123638933017851,0.293870994846346,0.267656620550721,-0.0397768223166571,0.0323084722531882,0.0770934307326056,0.13808812310258,0.075010986670383,-0.125879851883186,0.180079655290466,0.141852550394338,0.0502882557355976,0.18773896563789,-0.142012706189936,0.0723437870411002,0.124043210500156,0.0793664090965366,0.0433135053406651,-0.126302804885598,-0.0422674853016231,0.0674399345126691,0.186048219339577,0.0767334633104315,1,0.210212102592414,-0.291370065021508,-0.123824486480221,-0.0280925159422174,-0.293277248384175,0.35716375411157,0.200697490486095,0.133063777936843,0.0681027717128181,-0.138679835760492,-0.0831732860437436,0.0515501173216638,-0.12599843442945,0.113032961374345,0.161399164386239,0.0350931770699215,0.0173711375182776,0.0254594812517824,0.116560541215072,-0.187254168783734,0.023793831750069,-0.0539825195852179,-0.00568770165713621,-0.113766974744279,0.0975759580061344
"34",0.216878954591642,0.378712630025167,-0.0549500570027602,0.0414978721318142,-0.0330801108867459,0.0505314453136933,0.00427033224141603,0.0388410474486226,-0.0134957008066441,0.136448785596866,0.219608006917371,0.154348175023023,-0.113925075751086,0.0619261496111157,-0.0186953228590742,0.138142420300493,-0.155417258722251,-0.03023041996898,-0.1543475611547,-0.00131417513572084,0.0279422806907987,0.152646502866053,-0.0233988001940399,0.255744899060553,0.0412398211026389,-0.0106146946502116,0.0681117202885577,0.00226226917534284,0.07157360457793,0.0552883524255091,-0.166723396566862,-0.17440925029081,0.210212102592414,1,-0.0364373704530873,0.0769612827888435,0.0141413547130758,0.012789970539342,0.265226593023189,0.143465819670588,-0.0348140080295461,-0.0567934367993031,-0.00765142492096419,-0.0865347960714425,-0.141408621466938,-0.242509139421339,-0.00464409773624553,-0.135266679739937,-0.0774468728228024,-0.0375547345976065,0.0828590373390924,0.190571572039934,-0.191456671443584,0.0904238383120367,0.0344689845828504,-0.0395508424764089,0.0262415391830614,0.113441318312228
"35",-0.192189554355361,-0.282015227564032,-0.0133855953525995,-0.0379557584726401,-0.0114429708681665,0.0625889255254361,0.00631572592186118,0.00689332873127042,-0.14234228358065,-0.0941749482737448,-0.111925169581641,-0.26256230567511,0.0956105813356269,0.132965744883786,-0.0813231639181815,-0.166573555049811,-0.0978872870115883,0.0350046858635209,-0.205178398254263,0.024332441256635,-0.128304527310893,-0.13482367409253,-0.02696602988501,-0.0167274273649038,-0.0675499393332987,-0.122731925710948,-0.150633914839233,0.00722773770569703,-0.173189061189545,0.0466633683801727,-0.0662734042187871,0.0305476680887469,-0.291370065021508,-0.0364373704530872,1,0.145596523759441,-0.160777648091998,-0.0355307675238268,-0.0794721432418495,-0.179085523979727,-0.0642143972184839,0.0045783205221869,-0.0566106542899592,-0.112821541562768,0.0614634621366228,-0.0573275097256956,-0.102894875803484,-0.0897521781316571,0.0155064163110278,-0.0340925421785133,-0.187966733245915,-0.230493700479498,0.11028618067454,0.213755183844612,0.022113194280636,-0.201619449498756,0.070570447591978,0.0023720672832965
