"","l_Insular.Cortex","r_Insular.Cortex","l_Amygdal.Area","r_Amygdal.Area","l_Bed.Nucleus.of.the.Stria.Terminalis","r_Bed.Nucleus.of.the.Stria.Terminalis","l_Hippocampus","r_Hippocampus","l_Orbitofrontal.cortex","r_Orbitofrontal.cortex","l_Entorhinal.Cortex","r_Entorhinal.Cortex","l_Frontal.Association.Cortex","r_Frontal.Association.Cortex","l_Globus.Pallidus","r_Globus.Pallidus","l_Glomerular.Layer.of.the.Accessory.Olfactory.Bulb","r_Glomerular.Layer.of.the.Accessory.Olfactory.Bulb","l_Glomerular.Layer.of.the.Olfactory.Bulb","r_Glomerular.Layer.of.the.Olfactory.Bulb","l_Granule.Cell.Level.of.the.Cerebellum","r_Granule.Cell.Level.of.the.Cerebellum","l_Hypothalamic.Region","r_Hypothalamic.Region","l_Entorhinal.Cortex","r_Entorhinal.Cortex","l_Vermix.Molecular.Layer.of.the.Cerebellum","r_Vermix.Molecular.Layer.of.the.Cerebellum","l_Lateral.Molecular.Layer.of.the.Cerebellum","r_Lateral.Molecular.Layer.of.the.Cerebellum","l_Anterior.Olfactory.Bulb","r_Anterior.Olfactory.Bulb","l_Posterior.Olfactory.Bulb","r_Posterior.Olfactory.Bulb","l_Subiculum","r_Subiculum","l_Perirhinal.Area","r_Perirhinal.Area","l_PreLimbic.System","r_PreLimbic.System","l_Primary.Cingular.Cortex","r_Primary.Cingular.Cortex","l_Primary.Motor.Cortex","r_Primary.Motor.Cortex","l_Retrosplenial.Cortex","r_Retrosplenial.Cortex","l_Secondary.Cingular.Cortex","r_Secondary.Cingular.Cortex","l_Secondary.Motor.Cortex","r_Secondary.Motor.Cortex","l_Striatum","r_Striatum","l_Ventral.Tegmental.Area","r_Ventral.Tegmental.Area","l_Substantia.Nigra","r_Substantia.Nigra","l_Thalamus","r_Thalamus"
"1",1,0.286949715203375,-0.0140042198126664,0.0989534406117723,0.008706810598813,0.0343573067826918,-0.066395501081881,0.100678124807842,0.366678196248273,0.014277637716414,0.0308151919599326,0.196581209494658,-0.0121062681534303,-0.0459490753959789,0.0191044067466764,-0.00881246135301621,-0.0446046957292646,-0.0956356718133434,-0.16736896362046,0.00446800722567489,-0.020539471960532,0.0781857481227911,0.05296124976321,0.0114049030596891,-0.00358847635647761,-0.172267479526317,0.15936050308449,0.0473966123684432,-0.153281344040565,0.115399955828294,0.0567654875222841,-0.0390687978152256,0.279275746394914,0.140254235218834,0.0693161060187836,0.147442102142695,0.00651057583773126,0.100146814706269,0.253406038228066,0.199853419034838,0.0703027611079022,0.0718501207378355,-0.0516807572647358,-0.120555700632994,-0.101507308179213,-0.0276004356537886,0.203993813416016,0.170996655611338,0.0205449085541602,-0.0132819123923922,0.401244322074,0.206410583265609,0.0303894421833444,-0.00835801775123107,-0.140464091828669,-0.00587169473245498,-0.00431439851365856,-0.0264137041671015
"2",0.286949715203375,1,0.0412668494023047,0.0272258072596688,0.0433260179671159,-0.066518650743035,0.0808873850412617,0.0942360015049874,0.306399269886975,0.265632527806855,0.282162202750406,0.24135555035589,-0.163136325440393,-0.0467652610550714,0.0851035945443858,0.169953199191863,-0.080931770491046,-0.0461020383532238,-0.0104250227540122,-0.013855728786106,0.0148728373499426,0.0401955890174528,-0.0913719138691222,0.157831358918997,0.101655754495206,-0.159410645104024,0.11396468431455,0.041174564083686,-0.0652370804284643,0.0419022852385273,0.00567774156007552,0.164809521215849,0.187057398665741,0.249303315385336,0.218021515282511,-0.0309286306262829,0.121374380008348,0.107447916389621,0.196658679699118,0.401290858485688,0.20029918869031,0.293151713562681,-0.110995236127155,-0.0639562557927286,0.0181135393169106,-0.00553251765282284,0.100455830532269,0.141560140614314,-0.0373835469555331,0.145481256127222,0.125331785063705,0.0733541609135274,0.0622923690986812,0.202381149517278,0.0752162932072413,0.0622626824645391,-0.116005356522834,0.01280778226771
"3",-0.0140042198126664,0.0412668494023047,1,-0.0694912088283803,0.0965714597260664,-0.162392131801805,0.0194735383026163,0.129926990270207,-0.0574222726668215,-0.133037955365995,0.00456834506900826,-0.0804417845775021,0.00729416641703818,-0.310469316025604,0.0028167938201839,-0.116402629252352,0.00632736637560457,0.0328249082602859,-0.0291470069129358,-0.0210206060446905,-0.0857116029604255,0.0463803715186085,0.133488507219002,-0.00026944557565384,0.197866507730962,0.128844388362672,-0.149303965003119,0.188167393604859,-0.10605289188384,0.118931161280762,0.0686543120530683,0.0385811227215345,0.127830788878293,-0.00377183834604221,0.0375246311314795,0.0802735350145789,0.0357034831229383,0.0172618837315362,0.192836215410702,0.135923734690575,-0.138016721642218,-0.0936763660125749,-0.241315870918058,-0.112499905003589,-0.12359437268671,-0.0274583453333651,-0.0502171660175295,0.259496067658403,-0.136224599030374,-0.241524630285633,0.00051794016237218,0.0722991818781145,-0.00975300927374108,0.0903039160907712,0.169950159423152,-0.0473814999190243,-0.116269696499998,0.0707046141165786
"4",0.0989534406117723,0.0272258072596688,-0.0694912088283803,1,-0.0521081553753043,0.0314288562872947,-0.0804195763421094,-0.0866484272814459,0.176542439185261,0.130125781761624,-0.135477124868882,0.123609552195166,0.094760977357641,0.0605366062901107,-0.0284377079049526,-0.0339490356393635,0.014956866685549,-0.0921376962362229,-0.06100038776291,0.00980909971456669,-0.201814002237755,0.0374507540794871,0.142705072746381,-0.0401603993247754,-0.0661525196920938,0.00336609489072732,-0.120096382748114,-0.144969207110082,0.0912766402139737,0.100046611143123,0.0573582239872132,0.00860192991700027,0.0710152780582482,-0.0620891558006732,-0.0455263842686078,0.0276310138986151,0.0482760268433783,0.0625369409727684,0.0242848113799089,0.130786898074179,0.0553137449037005,0.0644116758901615,0.0769494054639143,0.152415078918829,0.0579214938478611,0.0670602622201317,0.0486954044972264,-0.0139981323868015,0.134478816524899,0.0631933290642397,-0.119716306935239,0.169777476604106,-0.171047320829612,-0.0391033357132424,0.0984957551759648,0.143781753288209,-0.00770162764755898,-0.0953195807592056
"5",0.008706810598813,0.0433260179671159,0.0965714597260664,-0.0521081553753043,1,-0.100474681629945,-0.230607049874302,0.196944396562639,-0.097858929814721,0.110992545001494,0.0528274754324921,-0.142591221180703,0.0515415600489093,-0.179488469163927,-0.0519669340053979,0.00261983428190501,-0.0441351592795716,-0.1054840640728,0.0306529007710349,-0.0112122956068998,0.0264186844267166,-0.03901264688219,-0.0811069377447198,0.303546200078407,-0.131824786571624,-0.00909508924500541,-0.162221841659097,-0.080356666464477,0.241693228241968,0.0212046541948418,0.0854997303305942,-0.0219698219529429,0.190667022987249,0.0885389895751939,0.0590789940861716,0.103667359408827,0.011604806254917,-0.105743647299399,-0.027334307356608,0.113514272747391,-0.158295909461646,-0.0645190710304445,-0.079422924421605,-0.051911497183896,-0.075760563591824,0.0625215855103086,-0.0325165760372107,0.0133605581256857,-0.0746806015347386,-0.168405306147032,0.179107015508655,0.211528397898417,0.10428546735039,-0.0314789657228187,-0.0922306115663582,-0.145484016454771,0.150093127932236,-0.0859576685362822
"6",0.0343573067826918,-0.066518650743035,-0.162392131801805,0.0314288562872947,-0.100474681629945,1,-0.021328339457315,-0.024102387122269,-0.074924895567187,-0.182489640914485,-0.117941308329841,-0.112155184138541,-0.0406832720977771,0.0517576463684635,0.00137379946371622,0.00685119308687769,-0.0391944338496592,0.061855101869174,-0.0509324913240542,-0.0189540000185598,0.135796268419386,0.0894088617333727,-0.20738116722572,-0.0143652632102146,-0.0224527332012973,0.00011868904829053,0.024604976126329,0.0583313610186989,-0.134627178566303,-0.14834202094358,0.0501168948367647,-0.218695970574737,-0.0998139844924139,-0.00048637996703286,0.00523808096380771,0.0592034551273104,0.139172452364379,-0.0230047488882544,-0.107118352854128,-0.0575233879609307,0.00832374547598048,-0.147076201665877,-0.0754147315620844,-0.191046168184772,0.00533088415867891,0.0244813975608783,0.0789595703096208,-0.181516100962199,-0.11023748923798,-0.0798071344928428,0.0333878434913348,0.0282235648644893,-0.0261346677746271,-0.140498646583749,0.236286102786887,0.004467062877682,-0.0878239442437904,0.0576376572697493
"7",-0.066395501081881,0.0808873850412617,0.0194735383026163,-0.0804195763421094,-0.230607049874302,-0.021328339457315,1,0.308686392420931,0.0979059064649594,0.169606170313477,0.0096624706104704,0.00992365704802352,-0.0593291019419449,0.0805752486901277,0.225143378267928,0.195435672003985,0.0020730249582403,0.0808280583596776,0.0394223522616603,-0.25324753246438,0.0856565841329337,0.0152580829190847,0.0107471758652566,-0.091742794945347,0.189597306447918,-0.00431961818125801,-0.0114067619684377,0.119267813809742,-0.173690077501198,-0.0124855878037645,0.066432624935557,-0.0108926298530721,-0.0691340336806351,-0.0354022368417465,0.197443127964732,0.0324906357752384,0.271095792886576,-0.0489813015425634,0.0611332308017674,0.0400345008743567,0.18928787557196,0.151472613745451,-0.0862729103925099,-0.0179503802790665,0.0600155169046564,-0.0444127487046366,0.173284991676708,0.034522399681956,0.0966718830323067,0.0845302950879367,0.0207941661743533,-0.0288517510162696,0.0364974542519027,0.126358172488854,-0.0413272127248056,-0.0577003473918534,-0.0143389424973524,0.0489318757689403
"8",0.100678124807842,0.0942360015049874,0.129926990270207,-0.0866484272814459,0.196944396562639,-0.024102387122269,0.308686392420931,1,0.181556070477375,0.0440478387641134,-0.102743605173497,-0.143877413400255,-0.201082372901531,-0.262879317253427,0.113680212758954,0.0898624899518343,-0.117172659610192,-0.156082751432058,-0.220997938301256,-0.146649856577995,-0.026500590839529,0.001739932322688,0.135925770689096,0.0513673512316996,0.0222288181839511,-0.0850306663634335,0.0664872306716968,-0.0926815017699392,0.0545919507836494,0.10648032582555,-0.103591502271115,-0.0744426304133586,0.315196719342979,-0.026775892432554,0.280525321952217,0.134777190296786,0.119946913601778,-0.119775626175885,0.00316236013128164,0.177525654459124,-0.0403156954635284,0.0507863244458031,-0.0494248178858881,-0.0188308989548101,-0.0142435713419976,0.0132950978148779,0.181243424118422,0.0822498047525243,-0.0177865109748928,-0.112887447260422,0.0592325530638685,0.0881793550707654,0.0882473784294412,0.00933303237774505,-0.134607594736037,-0.124236494052606,-0.0133487121489376,0.0185260627855078
"9",0.366678196248273,0.306399269886975,-0.0574222726668215,0.176542439185261,-0.097858929814721,-0.074924895567187,0.0979059064649594,0.181556070477375,1,0.431092500634101,0.0447742710234831,-0.082077915711494,0.027903258861625,-0.025292360679249,0.0505387649368314,-0.0188008149121702,0.0324601340710693,-0.0904036114433947,-0.0745696673783878,0.00819607876742713,-0.0559702190245415,-0.107432098634732,-0.027064798774881,-0.0156502692492742,-0.0466409293143983,-0.057728349060944,0.0601982976621767,0.0218152859656107,-0.0559322302395782,0.120228041878547,0.232767452642101,0.00921576998665198,0.139171290309162,0.0734493569096375,0.0425140121154218,0.133431462485714,0.250490117980186,-0.012324186219971,0.0150720950096864,0.294714039310259,0.185529216433769,0.252051345806374,0.102423746490628,0.193376853157855,-0.00883105527033509,-0.0822105744584179,0.202931856191558,-0.0472125397686524,0.197961176565234,0.191271499168418,0.138809044685703,0.0122732462465056,0.124387047195852,0.0934133845657711,-0.0389304445645628,0.0469067232822027,0.00795312644404041,0.0879132541133737
"10",0.014277637716414,0.265632527806855,-0.133037955365995,0.130125781761624,0.110992545001494,-0.182489640914485,0.169606170313477,0.0440478387641134,0.431092500634101,1,0.132046053080078,0.0694859713154239,0.170608044918327,0.0832171951729556,-0.0158393950631589,0.0703762313973254,-0.0319952414974989,-0.13391499885182,0.0920389673318442,-0.042890143641184,0.0171594733242229,-0.0630095570439425,0.0239384058614583,0.0160941583427383,-0.118668998006407,0.0121633462519243,-0.023138547388347,0.0620931085520544,0.0285095233624117,0.0694015987417516,0.0701918453765677,0.103061902540917,-0.0697869128810183,-0.0414074725831394,0.0315634619312629,0.0777413484225701,0.175278038245368,0.0168930204514749,-0.0255338733100717,0.117338231537628,-0.0104897979322314,0.167424589917159,0.120432895226689,0.340261691250149,0.0468323165025728,-0.0509621601287565,-0.0608794647392029,-0.200924994349318,0.328393797621509,0.253535427920443,0.0663847117431249,0.127907656333771,0.0963337496868121,0.0731084354616758,-0.0926990083233436,0.0891372720938205,-0.00518073869643243,-0.0226704916732033
"11",0.0308151919599326,0.282162202750406,0.00456834506900826,-0.135477124868882,0.0528274754324921,-0.117941308329841,0.0096624706104704,-0.102743605173497,0.0447742710234831,0.132046053080078,1,0.242264380097241,0.0838019882209674,-0.0325042371588521,0.0241354797876006,0.188636525467358,0.0810413554746131,-0.135934933747044,0.0841080786716577,0.100037708467433,0.191541134286875,0.153557366493283,0.00073502629207692,0.0379288186118789,0.210987984805161,-0.0728299063873171,0.0995301887413299,0.0739991694494582,-0.0498717973475574,0.0595410301938136,0.159166983029981,-0.0296327779454592,-0.00422663958665003,0.209547488755513,0.00050504055939738,-0.0246754053911913,0.144826460543281,0.0557620090558903,-0.00489063207091529,-0.00877238711280674,0.0324948503083948,0.0133334117292117,0.0268367012417714,0.0899659799545051,-0.0452306235416229,-0.102686518310253,-0.119804855514583,0.0752449128776786,0.0376944287931794,0.0460531120999861,0.264304027620224,0.193984707502232,0.108161494519078,0.0942419577051699,0.0722144059451451,-0.0295692437235348,0.0264511137087289,0.0475718078112881
"12",0.196581209494658,0.24135555035589,-0.0804417845775021,0.123609552195166,-0.142591221180703,-0.112155184138541,0.00992365704802352,-0.143877413400255,-0.082077915711494,0.0694859713154239,0.242264380097241,1,0.0350759826509515,0.100998844530556,0.0102795827163411,0.142248695427721,-0.0652884655612473,-0.0246578096252363,-0.0181498864606394,0.0804451725084234,-0.0210419785735078,0.057353761635052,0.0626228226832892,-0.0535933125728304,0.100171964675309,-0.0725307862469524,0.126353147556922,-0.034599303672217,-0.0427470581128624,0.0455609734453611,0.0609353512269112,0.180719414457876,0.0525263683930617,0.220128145938513,0.00857884039948233,0.0503646120854563,0.00401483175225331,0.09812810983983,0.169801313574983,0.0901953856555569,-0.0511810436284739,0.196406579676671,0.155379798543597,-0.0440366426479747,0.0609123920595562,-0.0775354364740335,-0.0699440962347971,0.185958867640735,-0.129189891388077,0.131016691200499,0.167360406690631,0.313461022150712,-0.182566649707169,-0.0485429392243851,-0.0261321516951206,0.124384803406103,-0.00256258081281721,0.070850244630045
"13",-0.0121062681534303,-0.163136325440393,0.00729416641703818,0.094760977357641,0.0515415600489093,-0.0406832720977771,-0.0593291019419449,-0.201082372901531,0.027903258861625,0.170608044918327,0.0838019882209674,0.0350759826509515,1,0.0434790482120633,0.00118264447486471,0.0879086214326759,0.267473646239043,-0.128280193195539,0.0629954733900206,-0.00747874514083972,-0.0125356528197636,-0.0467348215814933,0.092204042118549,0.0463769217488787,-0.0265175996784459,0.155326493225954,-0.118713472350809,0.146367969666522,0.0450499955021007,0.0301086164116967,0.201171682669048,-0.173135365404363,-0.185599222084536,-0.0611802983380653,-0.13364629993288,-0.0129108783234371,-0.139141923274584,0.0513594256829603,-0.01916007907936,-0.131191912633454,0.0744461674764918,-0.00946614897792415,0.168599745122218,0.213021732113124,0.0351674571016655,-0.0604875414646948,-0.0642792858583544,-0.123289094971156,0.512040863059534,0.0613685162649857,0.147264503137373,0.0263726355079684,-0.058911017079021,-0.0218754978255029,-0.0248416982750427,0.0344469546002835,0.0613044850749228,0.027555165202831
"14",-0.0459490753959789,-0.0467652610550714,-0.310469316025604,0.0605366062901107,-0.179488469163927,0.0517576463684635,0.0805752486901277,-0.262879317253427,-0.025292360679249,0.0832171951729556,-0.0325042371588521,0.100998844530556,0.0434790482120633,1,-0.0723693687440414,-0.012103915769812,0.0826688514064225,0.262204119720577,0.155263476439727,0.123598636039948,0.0289435816757028,-0.00599305665753881,0.0621036851591142,-0.0302696137615449,-0.178757949479637,0.102724671893586,0.051714499009639,-0.025292727231223,-0.162450450238505,-0.0681326010152282,-0.0318820717401765,0.146673932948628,-0.196455432071389,-0.032017840004471,-0.114296899348222,-0.0065998965719562,0.0417078150002133,0.168908419526032,0.109084775312989,-0.169373418528098,0.21126701865115,0.178496226574317,0.171090796942932,0.171340274884804,0.104303324546673,0.129212468400318,0.174571556961676,-0.0198984743451195,0.240491032586359,0.563691794132464,-0.0875820403961257,-0.0395339129413398,-0.211283570670825,-0.130514617637576,-0.10479780883849,0.15715303799479,-0.0469664749732308,-0.0833994630685728
"15",0.0191044067466764,0.0851035945443858,0.0028167938201839,-0.0284377079049526,-0.0519669340053979,0.00137379946371622,0.225143378267928,0.113680212758954,0.0505387649368314,-0.0158393950631589,0.0241354797876006,0.0102795827163411,0.00118264447486471,-0.0723693687440414,1,-0.0828512369103067,-0.0301297712751223,-0.0583080361232973,0.147665333973505,-0.131133519217215,0.0920231179617879,-0.179028900791055,-0.131504643777248,-0.0209998221233731,-0.0260272027241176,-0.134631864818352,-0.0538957997225947,-0.0341649644351,-0.121108754445249,-0.0920366522026606,0.180111560456451,0.0169841562305449,0.0528767405266072,-0.0171995505230521,-0.119344663284069,-0.00012249389269751,-0.11511392608805,0.0470075495437092,-0.00343131467673222,0.00578570614998786,-0.0376676102604939,-0.0454184512043791,-0.0911659925936105,-0.00498718709183428,-0.0259417783305322,-0.0622030614608379,-0.118049622441147,0.0771395270821185,-0.00651598365796033,-0.124446016791331,0.0830698476435102,0.0922084691259541,-0.162918921640333,-0.045884437558718,-0.102100913505356,0.0836283852711085,-0.160948543425972,-0.156273432946527
"16",-0.00881246135301621,0.169953199191863,-0.116402629252352,-0.0339490356393635,0.00261983428190501,0.00685119308687769,0.195435672003985,0.0898624899518343,-0.0188008149121702,0.0703762313973254,0.188636525467358,0.142248695427721,0.0879086214326759,-0.012103915769812,-0.0828512369103067,1,0.0277069168255512,0.0179547934965862,0.143913588675628,0.0367719096053749,0.0366790605775821,0.103435335879849,-0.0184050299449893,0.0534030415805739,0.157186652758931,-0.124069503276673,0.0613457090244911,-0.0379161996502084,0.096445962539332,0.0146911970389825,0.050950957631326,-0.0501621242653191,-0.0141491504425978,0.0926344362060176,0.0771812725254411,-0.13486954763504,0.066247684282657,-0.126422715429221,0.0602850153757767,0.0727181852735333,0.0408230053829582,0.0231282457161422,-0.143437695983138,-0.0420995929622694,0.193725046374188,0.164752497094431,0.0512089586189628,0.0424814201762513,0.0394175942101701,-0.078042619504732,0.171143016355425,0.019404139179568,-0.0462813374093951,-0.0808487349083554,0.0621509821059561,-0.0623984087147945,0.0432416228491519,0.140664291631519
"17",-0.0446046957292646,-0.080931770491046,0.00632736637560457,0.014956866685549,-0.0441351592795716,-0.0391944338496592,0.0020730249582403,-0.117172659610192,0.0324601340710693,-0.0319952414974989,0.0810413554746131,-0.0652884655612473,0.267473646239043,0.0826688514064225,-0.0301297712751223,0.0277069168255512,1,0.0328656448318203,-0.0479389549290069,0.0233683272083456,0.103587718194628,0.131718808185776,0.0974904991528971,-0.06409795433653,0.165130839111626,0.198794514587684,-0.0331780734365357,0.059316314572876,-0.0334515486158182,0.095855403567742,0.325532991578755,0.0737398538145333,0.148314640247084,0.232308904633128,-0.15507104716306,0.15234892795012,0.139978715540197,0.209899935255509,0.164591849821395,0.0121277862392323,0.12951346812754,0.0626954288770965,0.105778835478636,0.224561114053625,-0.165452571574396,0.0447881790093761,-0.0709793562244011,0.142460758438103,0.238832875060963,0.145072878397211,-0.0965175763840456,-0.0745245826908543,0.0290100283847422,-0.0135081630893584,0.159788268993177,0.0102464106317619,-0.0294597498353604,0.0346782424217127
"18",-0.0956356718133434,-0.0461020383532238,0.0328249082602859,-0.0921376962362229,-0.1054840640728,0.061855101869174,0.0808280583596775,-0.156082751432058,-0.0904036114433947,-0.13391499885182,-0.135934933747044,-0.0246578096252363,-0.128280193195539,0.262204119720577,-0.0583080361232973,0.0179547934965862,0.0328656448318203,1,0.13242841996335,-0.0966164671122274,-0.0564547251257398,-0.15650433305592,-0.115720000190271,-0.0432142457028924,-0.0724822529769309,0.123881577297192,0.12893293110756,-0.0180898973118702,-0.197548419139319,-0.179677811604815,0.0696301988182191,0.187658174439465,-0.138886961330605,0.00489877733683013,0.0207805355464075,0.200861943243736,-0.0611433803094329,0.307573713884402,0.0653956393375733,-0.100458528780083,-0.00394271528012038,0.0376800073155593,-0.173247353593538,-0.129333245488839,0.21391850004353,0.286400805128977,-0.0524238436862625,0.061238135214452,-0.0246407483814651,0.228871488538404,-0.139553174055889,-0.163270226719357,-0.0576730418349151,-0.064914944103546,0.0805529205636775,0.00038102587272147,0.0973944567114347,0.0368761448117251
"19",-0.16736896362046,-0.0104250227540122,-0.0291470069129358,-0.06100038776291,0.0306529007710349,-0.0509324913240542,0.0394223522616603,-0.220997938301256,-0.0745696673783879,0.0920389673318442,0.0841080786716577,-0.0181498864606394,0.0629954733900206,0.155263476439727,0.147665333973505,0.143913588675628,-0.0479389549290069,0.13242841996335,1,0.0604900490638665,0.0319673929118633,-0.0972065558687412,-0.125990840161365,0.153424751156992,-0.144672460919815,0.0418743695869368,-0.226484836245583,0.0915025412944155,-0.0563319155932014,-0.141696009434053,0.206093551450569,-0.115603122429239,-0.22286247180061,-0.0127562780071217,-0.116761763313589,-0.0509614308831099,0.135423669135194,-0.0901813285081739,-0.0850602697197081,-0.0269265213729496,0.0257282324139162,-0.11592424675262,0.0333301873340149,0.207521706979022,-0.0173844060941227,0.109103038758251,-0.115927296261852,0.0320559928806839,0.14781614308417,0.201586395105393,0.150746677743206,0.081643404008377,-0.165430055728305,-0.193226873908498,-0.0962546195885327,-0.122034041832042,0.103077515465858,-0.124994889190734
"20",0.00446800722567489,-0.013855728786106,-0.0210206060446905,0.00980909971456669,-0.0112122956068998,-0.0189540000185598,-0.25324753246438,-0.146649856577995,0.00819607876742713,-0.042890143641184,0.100037708467433,0.0804451725084234,-0.00747874514083972,0.123598636039948,-0.131133519217215,0.0367719096053749,0.0233683272083456,-0.0966164671122274,0.0604900490638665,1,-0.0951444031248557,0.210348668997003,0.0796554853452359,-0.0954194610057608,-0.00058143944526188,-0.00977759519595268,-0.00593197908271866,-0.0931036961110998,0.0426925582229909,-0.0840961484970447,0.00996665618245065,0.130874117309058,-0.0339137755330391,-0.0422841782449756,-0.191732689394219,-0.0609242053532064,-0.0317680637347099,-0.0347336010824719,-0.101077071947404,-0.166119491553603,-0.0184550212896189,-0.0862440631118214,0.0564661295479191,-0.0142124749494901,-0.0474297284907993,0.0432195165627861,0.0248776186965672,0.00162029285827002,-0.0757600473029128,0.0833684300864161,-0.0727734580055434,-0.118611660169499,-0.0375811109188619,-0.157873455715554,0.0119107335382797,-0.019409106864382,-0.00178588868911755,0.33705105300297
"21",-0.020539471960532,0.0148728373499426,-0.0857116029604255,-0.201814002237755,0.0264186844267166,0.135796268419386,0.0856565841329337,-0.026500590839529,-0.0559702190245415,0.0171594733242229,0.191541134286875,-0.0210419785735078,-0.0125356528197636,0.0289435816757028,0.0920231179617879,0.0366790605775821,0.103587718194628,-0.0564547251257397,0.0319673929118633,-0.0951444031248558,1,0.0787967189605468,-0.123891112681886,0.101457437959592,0.0352664625599096,0.0281522593457925,0.172050763599243,0.0449477802602942,0.124591835130614,-0.132431844641762,0.0533071523524132,-0.140046672285168,-0.143685623568182,0.14650838548366,0.268507537420243,0.0703209274804064,0.296212306558553,-0.0514881181330704,0.158805666619024,0.153308626440693,0.0470653347315499,-0.0327080295113092,0.0157642422535396,0.101854126396416,-0.165260570666171,-0.00821394758324538,0.159938883088621,0.0993859600919837,0.0467735528956661,-0.0259181056339256,0.124008331495598,-0.114261715358988,0.0744673990032087,0.113937034113513,-0.0392787880320382,0.103850710443755,-0.0310105611606424,-0.174027487800832
"22",0.0781857481227911,0.0401955890174528,0.0463803715186085,0.0374507540794871,-0.03901264688219,0.0894088617333727,0.0152580829190847,0.001739932322688,-0.107432098634732,-0.0630095570439425,0.153557366493283,0.057353761635052,-0.0467348215814933,-0.0059930566575388,-0.179028900791055,0.103435335879849,0.131718808185776,-0.15650433305592,-0.0972065558687412,0.210348668997003,0.0787967189605468,1,0.0871393905029162,-0.0568267043445449,0.139198134834172,-0.0554394819376324,0.116075145906922,-0.00202769980232807,0.0398900528007846,0.146205875584742,-0.0754396350596079,-0.0471024441415934,0.126051502461992,0.090560165325711,0.00137051244733536,0.0343636018051556,0.156676372356544,-0.114697538139916,0.217741706996512,0.0855839794023024,0.210119540849676,-0.0623840028268961,-0.164856451727087,-0.245970690512754,-0.163107200271666,-0.0662555242278396,0.165015798217308,0.162250142780591,-0.0895543955791365,-0.162764213378122,0.0538754737830806,0.116779547172412,0.0638284400282838,-0.00873868720374257,-0.0608234902776517,-0.0794764262216753,-0.0212140755061834,0.121350626866882
"23",0.05296124976321,-0.0913719138691222,0.133488507219002,0.142705072746381,-0.0811069377447198,-0.20738116722572,0.0107471758652566,0.135925770689096,-0.027064798774881,0.0239384058614583,0.00073502629207692,0.0626228226832891,0.092204042118549,0.0621036851591142,-0.131504643777248,-0.0184050299449893,0.0974904991528971,-0.115720000190271,-0.125990840161365,0.0796554853452359,-0.123891112681886,0.0871393905029162,1,0.0378268332018038,-0.0445150559654381,-0.00527845613700422,-0.0771475758309488,-0.0996125387546092,-0.129177257606043,0.132035702468664,-0.0910519011825881,-0.145373090908777,0.115281480866969,-0.046862588631333,-0.10530323054154,0.0156070547144832,-0.0580587703360759,0.0670450308948904,-0.0224308843278617,-0.168637280746128,-0.0159856467054368,0.0866959909675261,0.0222257538382027,0.0873352294965813,0.118747499683776,0.227580730081484,0.00788382978821601,0.0013742740544322,0.116624983101702,-0.0121087805727295,-0.093228476600003,0.124103363275268,-0.0336404520091745,-0.0164034056290038,-0.0295127492436474,-0.254149251641967,-0.0384052738952447,0.0499313818234382
"24",0.0114049030596891,0.157831358918997,-0.00026944557565384,-0.0401603993247754,0.303546200078407,-0.0143652632102146,-0.091742794945347,0.0513673512316996,-0.0156502692492742,0.0160941583427383,0.0379288186118789,-0.0535933125728304,0.0463769217488787,-0.0302696137615449,-0.0209998221233731,0.0534030415805739,-0.06409795433653,-0.0432142457028924,0.153424751156992,-0.0954194610057608,0.101457437959592,-0.0568267043445449,0.0378268332018038,1,-0.0266354753876462,0.145961146882459,0.0748617000089377,0.139381190935965,-0.0814470990547836,-0.0525471876162177,0.0529962836047092,0.0279544280993041,0.0705080762897847,0.0809954503625765,0.0889240252332256,0.100162408447118,0.0414452178643508,0.0451644956470875,0.0827272251124879,0.126513065260774,0.0423113330518116,0.128800757659027,-0.104717535398722,0.0428492199658729,0.0395729576360402,0.1570201529439,-8.68089418499741e-05,0.184493729599345,-0.123404909867846,0.0486634492767936,0.134127405628332,0.0277960558181598,0.0931866138015106,0.100462121785933,-0.00991935793344017,-0.190716321594534,0.0168404995620301,-0.0926039994043224
"25",-0.00358847635647761,0.101655754495206,0.197866507730962,-0.0661525196920938,-0.131824786571624,-0.0224527332012973,0.189597306447918,0.0222288181839511,-0.0466409293143983,-0.118668998006407,0.210987984805161,0.100171964675309,-0.0265175996784459,-0.178757949479637,-0.0260272027241176,0.157186652758931,0.165130839111625,-0.0724822529769309,-0.144672460919815,-0.00058143944526188,0.0352664625599096,0.139198134834172,-0.0445150559654381,-0.0266354753876462,1,0.105153635296197,0.117582562407875,0.124208657862627,0.0211258919629133,0.174645992556822,-0.0682324174473467,0.0378337658285582,0.00125514333970247,0.256198379945975,-0.0253750484203901,-0.0133273460093087,0.220096386186311,0.0760801093718986,0.178255744805649,0.227216668184399,0.199230019842574,0.00277605634145221,-0.125927217132795,-0.0664237680915371,-0.223581730044644,-0.101577821056541,0.0847863752609786,0.174544783920244,-0.036049027369535,0.0431680882219844,0.179253647478009,-0.0286398967244524,0.0613873650286995,0.164470949569695,0.0837369553451972,0.0182156839075518,-0.0257349427676399,0.133108316734261
"26",-0.172267479526317,-0.159410645104024,0.128844388362672,0.00336609489072732,-0.00909508924500541,0.00011868904829053,-0.00431961818125801,-0.0850306663634335,-0.057728349060944,0.0121633462519243,-0.0728299063873171,-0.0725307862469524,0.155326493225954,0.102724671893586,-0.134631864818352,-0.124069503276673,0.198794514587684,0.123881577297192,0.0418743695869368,-0.00977759519595268,0.0281522593457925,-0.0554394819376324,-0.00527845613700422,0.145961146882459,0.105153635296197,1,-0.111445545724249,0.111801980826265,-0.136995639583585,0.0409059323571545,0.18918523770116,0.0014734430456165,-0.0192306997633328,-0.130265624066336,0.0238157172103437,0.202155502545429,0.0453601266458231,0.142893730670969,0.0490339949876548,0.019543446248455,0.0839222809364264,0.0254775007008541,-0.039674690473622,0.0399725683303682,-0.0919692804522471,0.0857298333708883,0.0264552560314155,0.15216287193278,0.019482584965717,0.233164470644949,-0.0899762097799469,-0.14266612553461,0.199398047203974,0.0436898286245253,0.122939475367957,0.0139282599740767,-0.17152393122691,-0.0151558576346728
"27",0.15936050308449,0.11396468431455,-0.149303965003119,-0.120096382748114,-0.162221841659097,0.024604976126329,-0.0114067619684377,0.0664872306716968,0.0601982976621767,-0.023138547388347,0.0995301887413299,0.126353147556922,-0.118713472350809,0.051714499009639,-0.0538957997225947,0.0613457090244911,-0.0331780734365357,0.12893293110756,-0.226484836245583,-0.00593197908271866,0.172050763599243,0.116075145906922,-0.0771475758309488,0.0748617000089377,0.117582562407875,-0.111445545724249,1,0.0379687621191413,-0.102272671656413,-0.0878306427856969,-0.0769168415366309,0.171328835489389,0.102539661241375,0.0369599668213834,0.135349574090849,-0.0380069303334413,0.212518433947316,0.0943627045203431,0.242963314099371,0.229277847015042,0.0723872327168804,0.0852618472369888,-0.0867786516322209,0.0498386572199803,0.0547567129434217,0.0061773857633279,-0.00764975973399911,0.100880488688314,-0.115040890404708,0.107158542866487,0.117115391005776,-0.115276831476379,-0.0255124672863541,0.0604588315353111,-0.0887796288324975,0.187008280364116,-0.0508621772380336,0.0347903793382722
"28",0.0473966123684432,0.041174564083686,0.188167393604859,-0.144969207110082,-0.080356666464477,0.0583313610186989,0.119267813809742,-0.0926815017699392,0.0218152859656107,0.0620931085520544,0.0739991694494582,-0.034599303672217,0.146367969666523,-0.025292727231223,-0.0341649644351,-0.0379161996502084,0.059316314572876,-0.0180898973118702,0.0915025412944155,-0.0931036961110998,0.0449477802602942,-0.00202769980232807,-0.0996125387546092,0.139381190935965,0.124208657862627,0.111801980826265,0.0379687621191413,1,-0.0529974030071427,-0.078022220960259,0.14153030753222,0.0628434114327579,-0.0529799560955343,0.10011402385618,0.0865536630216839,0.04598875608767,0.187411454323475,0.00610181102992675,0.170388481943271,0.0682111311027896,0.108089052702279,-0.0154978343971439,-0.219763625587985,0.0424088466967522,-0.0907486712900478,0.0115309332000718,0.06214820893589,0.109963238545359,-0.0523412431966112,-0.0390197580638965,0.342386487621356,0.012515009728254,-0.0233102913668421,0.211717564815235,0.114997986057501,-0.0136372174463263,-0.246111056154184,-0.0541866044054049
"29",-0.153281344040565,-0.0652370804284643,-0.10605289188384,0.0912766402139737,0.241693228241968,-0.134627178566303,-0.173690077501198,0.0545919507836494,-0.0559322302395782,0.0285095233624117,-0.0498717973475574,-0.0427470581128624,0.0450499955021007,-0.162450450238505,-0.121108754445249,0.096445962539332,-0.0334515486158182,-0.197548419139319,-0.0563319155932014,0.0426925582229909,0.124591835130614,0.0398900528007846,-0.129177257606043,-0.0814470990547836,0.0211258919629133,-0.136995639583585,-0.102272671656413,-0.0529974030071427,1,0.0746110368335028,-0.217449130997635,0.0007135270728024,0.0599856062094538,-0.00108892603611135,0.140313013384575,-0.0555017717697637,-0.0275935764355483,-0.105232445292095,-0.133963879129023,0.0219579770560314,-0.156493889299057,-0.0236818899629964,0.0555882278363801,0.0127454035833565,-0.0653079094204733,-0.091939106338614,-0.0901439061397439,-0.00348493940755536,-0.0542167862127421,-0.189096463464381,0.157738746963554,-0.00504232044065179,0.00731223007245521,0.0178498030800768,-0.0104824617949829,-0.0517458204884636,-0.0279178325707293,-0.0385221159632802
"30",0.115399955828294,0.0419022852385273,0.118931161280762,0.100046611143123,0.0212046541948418,-0.14834202094358,-0.0124855878037645,0.10648032582555,0.120228041878547,0.0694015987417516,0.0595410301938136,0.0455609734453611,0.0301086164116967,-0.0681326010152282,-0.0920366522026606,0.0146911970389825,0.095855403567742,-0.179677811604815,-0.141696009434053,-0.0840961484970447,-0.132431844641762,0.146205875584742,0.132035702468664,-0.0525471876162177,0.174645992556822,0.0409059323571545,-0.0878306427856968,-0.078022220960259,0.0746110368335028,1,0.0223150205695972,0.0188038913217339,0.1819347602036,-0.00222894176723856,0.0275163116202832,0.215890885861039,0.10871771862433,0.0717063883781037,0.16713562247138,0.108713487087367,0.144049641372177,0.0996124571392829,0.110208481597436,0.086084837021362,-0.124754798910476,-0.0775124142813242,0.0795280596442546,0.195568060563827,0.103488076966931,-0.0231247185026779,0.110176473517658,0.14138986928403,0.193340913672455,0.121871402073294,-0.0980671750297986,-0.129054876728549,-0.0391996277183364,0.0189646672983996
"31",0.0567654875222841,0.00567774156007552,0.0686543120530683,0.0573582239872132,0.0854997303305942,0.0501168948367647,0.066432624935557,-0.103591502271115,0.232767452642101,0.0701918453765677,0.159166983029981,0.0609353512269112,0.201171682669048,-0.0318820717401765,0.180111560456451,0.050950957631326,0.325532991578755,0.0696301988182191,0.206093551450569,0.00996665618245065,0.0533071523524132,-0.0754396350596079,-0.0910519011825881,0.0529962836047092,-0.0682324174473467,0.18918523770116,-0.0769168415366309,0.14153030753222,-0.217449130997635,0.0223150205695972,1,0.0174074019746215,0.0205603871817791,-0.0110813441609072,0.014882780278797,0.331049208467812,0.136400859937433,0.260834205020749,0.0974353556686773,0.0404930146859667,0.0702436911773092,0.066023839111627,0.0719834618336253,0.097968324649069,-0.0779597560578922,0.183600338311351,-0.0599398912834057,0.111144944436319,0.151010226675835,0.096584158031199,0.0572792072296993,0.0715180005411567,0.0922703489928304,-0.0354512895903354,0.0328593825509673,0.0605493877133452,0.00448172468373009,0.0476517797754589
"32",-0.0390687978152256,0.164809521215849,0.0385811227215345,0.00860192991700027,-0.0219698219529429,-0.218695970574737,-0.0108926298530721,-0.0744426304133586,0.00921576998665198,0.103061902540917,-0.0296327779454592,0.180719414457876,-0.173135365404363,0.146673932948628,0.0169841562305449,-0.0501621242653191,0.0737398538145332,0.187658174439465,-0.115603122429239,0.130874117309058,-0.140046672285168,-0.0471024441415934,-0.145373090908777,0.0279544280993041,0.0378337658285582,0.0014734430456165,0.171328835489389,0.0628434114327579,0.0007135270728024,0.0188038913217339,0.0174074019746215,1,0.0494515875333549,0.0755663148615938,0.0401407951820145,0.0783458820405174,-0.147886485593999,0.160022021325086,0.296994918054583,0.055518361929243,-0.00957256046407781,0.0341598335598691,-0.0436053819511609,0.0482418159350991,0.00488105548183999,-0.0792324808212838,-0.0676425036956047,0.0183564223317479,-0.0949653221059855,0.0577082181417141,-0.121546845289695,-0.112669133891741,-0.0544022484524048,0.163673632927056,0.0991011995582806,0.0476498249558045,-0.192393441322984,0.0678469216161196
"33",0.279275746394914,0.187057398665741,0.127830788878293,0.0710152780582482,0.190667022987249,-0.0998139844924139,-0.0691340336806351,0.315196719342979,0.139171290309162,-0.0697869128810183,-0.00422663958665003,0.0525263683930617,-0.185599222084536,-0.196455432071389,0.0528767405266072,-0.0141491504425978,0.148314640247084,-0.138886961330605,-0.22286247180061,-0.0339137755330391,-0.143685623568182,0.126051502461992,0.115281480866969,0.0705080762897847,0.00125514333970247,-0.0192306997633328,0.102539661241375,-0.0529799560955343,0.0599856062094538,0.1819347602036,0.0205603871817791,0.0494515875333548,1,0.164882105038233,0.0542502636933711,0.287228924073604,0.0991572905913446,0.0314515481633907,0.30756017486509,0.28314286653285,0.0357785965859474,0.154371569422493,-0.0806876259589038,0.0039762825136263,-0.257638758309838,-0.0657348791707387,-0.0528131881497801,0.201917293658269,-0.192778976073698,-0.042096325216198,0.174796038540521,0.246529226004626,0.0999279646579325,0.0318970539923094,-0.0707508480138191,0.0186068998831161,-0.0568011745284835,-0.0478894110581282
"34",0.140254235218834,0.249303315385336,-0.00377183834604221,-0.0620891558006732,0.0885389895751939,-0.00048637996703286,-0.0354022368417465,-0.026775892432554,0.0734493569096375,-0.0414074725831394,0.209547488755513,0.220128145938513,-0.0611802983380653,-0.032017840004471,-0.0171995505230521,0.0926344362060176,0.232308904633128,0.00489877733683013,-0.0127562780071217,-0.0422841782449756,0.14650838548366,0.090560165325711,-0.046862588631333,0.0809954503625765,0.256198379945975,-0.130265624066336,0.0369599668213834,0.10011402385618,-0.00108892603611135,-0.00222894176723856,-0.0110813441609072,0.0755663148615938,0.164882105038233,1,-0.0135761087689483,-0.0618802370682255,0.256711566639504,-0.0343942691193373,0.318211010036855,0.358795389843342,0.131086351823424,0.0950078281769254,-0.0282688664760821,0.0137848516167361,-0.180963883183724,-0.0317213111519726,0.168031414163571,0.318889667129894,0.0268195294998621,0.153438635756506,0.231767082586219,0.11432509669796,0.089925712987457,0.118018886507773,0.156632949886164,-0.0763463730107189,0.24609778084836,-0.095609296492118
"35",0.0693161060187836,0.218021515282511,0.0375246311314795,-0.0455263842686078,0.0590789940861716,0.00523808096380771,0.197443127964732,0.280525321952217,0.0425140121154218,0.0315634619312629,0.00050504055939738,0.00857884039948233,-0.13364629993288,-0.114296899348222,-0.119344663284069,0.0771812725254412,-0.15507104716306,0.0207805355464075,-0.116761763313589,-0.191732689394219,0.268507537420243,0.00137051244733536,-0.10530323054154,0.0889240252332256,-0.0253750484203901,0.0238157172103437,0.135349574090849,0.0865536630216839,0.140313013384575,0.0275163116202832,0.014882780278797,0.0401407951820145,0.0542502636933711,-0.0135761087689483,1,0.328727270791632,0.124772008498368,0.240051298005759,0.252044688450787,0.335327829977524,0.169507632043041,0.174358998996968,-0.164026865389253,-0.165690433157185,0.124839479692163,0.0926514346173398,0.263330401622773,0.0491886369006558,-0.0573850043540845,-0.0861626633037293,-0.0205442440234629,-0.129162327779131,0.173341112994572,0.225314044372553,-0.0133651436451848,0.0421329665507837,-0.126772400452835,-0.101949761675923
