"","l_Insular.Cortex","r_Insular.Cortex","l_Amygdal.Area","r_Amygdal.Area","l_Bed.Nucleus.of.the.Stria.Terminalis","r_Bed.Nucleus.of.the.Stria.Terminalis","l_Hippocampus","r_Hippocampus","l_Orbitofrontal.cortex","r_Orbitofrontal.cortex","l_Entorhinal.Cortex","r_Entorhinal.Cortex","l_Frontal.Association.Cortex","r_Frontal.Association.Cortex","l_Globus.Pallidus","r_Globus.Pallidus","l_Glomerular.Layer.of.the.Accessory.Olfactory.Bulb","r_Glomerular.Layer.of.the.Accessory.Olfactory.Bulb","l_Glomerular.Layer.of.the.Olfactory.Bulb","r_Glomerular.Layer.of.the.Olfactory.Bulb","l_Granule.Cell.Level.of.the.Cerebellum","r_Granule.Cell.Level.of.the.Cerebellum","l_Hypothalamic.Region","r_Hypothalamic.Region","l_Entorhinal.Cortex","r_Entorhinal.Cortex","l_Vermix.Molecular.Layer.of.the.Cerebellum","r_Vermix.Molecular.Layer.of.the.Cerebellum","l_Lateral.Molecular.Layer.of.the.Cerebellum","r_Lateral.Molecular.Layer.of.the.Cerebellum","l_Anterior.Olfactory.Bulb","r_Anterior.Olfactory.Bulb","l_Posterior.Olfactory.Bulb","r_Posterior.Olfactory.Bulb","l_Subiculum","r_Subiculum","l_Perirhinal.Area","r_Perirhinal.Area","l_PreLimbic.System","r_PreLimbic.System","l_Primary.Cingular.Cortex","r_Primary.Cingular.Cortex","l_Primary.Motor.Cortex","r_Primary.Motor.Cortex","l_Retrosplenial.Cortex","r_Retrosplenial.Cortex","l_Secondary.Cingular.Cortex","r_Secondary.Cingular.Cortex","l_Secondary.Motor.Cortex","r_Secondary.Motor.Cortex","l_Striatum","r_Striatum","l_Ventral.Tegmental.Area","r_Ventral.Tegmental.Area","l_Substantia.Nigra","r_Substantia.Nigra","l_Thalamus","r_Thalamus"
"1",1,0.312482207148888,0.0659089926137313,0.109803948377209,-0.0866425823603899,0.334845834665185,0.054572064370209,0.108015816078819,0.191805579836008,0.332358618980138,0.112283324676456,0.201368696406493,0.130662924520344,0.297911244392342,0.0598753761229064,0.142699153100538,0.0620757396069614,0.190704643007228,0.0811432186334242,0.0751668026623035,0.0892685057383541,0.00662325944095713,-0.0135059519886232,0.134133065154995,-0.0694025058036359,-0.00246785335913726,0.0284416897839113,-0.0903866390006752,-0.0373831037596829,0.0888638937773717,0.0497445872794513,-0.206200257828204,0.21581508528902,0.143895657206795,0.236557394507383,0.15114765688121,0.0821736823518959,0.252043658443837,0.198842347991478,0.186141901045875,-0.0191730051976767,0.0924561851076951,0.0690734067242192,0.00926385000431436,0.069404303276393,0.0630928879961412,0.238735608913493,0.204706429227705,0.0889609940268252,0.19126380767658,0.154990337367281,0.0636697280346283,0.00806209914290223,0.0122785046330768,-0.229742494366939,-0.0725848621858408,-0.158458069526948,0.111072862077351
"2",0.312482207148888,1,0.128770573811396,0.18248108279473,0.036375832012637,0.039546198645988,0.110167615442171,0.0896352082159232,0.320909512414379,0.560712461249635,0.150085999154386,0.343513039970579,0.106249090512965,0.281830295581671,0.111806583870057,0.0681828891056484,0.24772260880691,0.236648110085077,-0.0774880903016447,-0.161979071532144,-0.0561405355994759,0.199781418435758,0.215944148571793,-0.00579608438533396,-0.0600724651265048,0.0488378122453201,0.109062735683954,0.0179142915436769,0.0619144628877087,0.023889558601496,-0.0145702830929099,-0.199241286429993,0.0978056768154945,0.142305978602402,0.219178412513389,0.167500344353537,0.191753739000215,0.166894290794293,0.231596967044443,0.337489866502723,0.00309058306048248,0.0441468539951768,0.0727033577064928,0.0431906505565028,0.0946335200723035,0.0193157452470426,0.105865232332823,0.172763492005623,0.0215021008507238,0.282025503375706,-0.114902839913316,0.0401613568139587,-0.195384248428322,-0.121480691036162,-0.217834831295103,0.0727136696599041,-0.106272953372,-0.0330471854186792
"3",0.0659089926137313,0.128770573811396,1,0.0716275405710988,-0.0300842494980217,0.0942982261063354,-0.0538271108959853,0.019750514554632,-0.0358850192735699,0.0523704123408006,-0.0179137850603113,0.165588465118507,0.0757170769845369,0.0181381384349605,-0.0478462215715634,0.0138915081894415,0.0514909550953666,0.0803123868449852,-0.195119831822893,-0.00824543679565694,-0.122555394910793,0.0267127496196456,0.0176735638163653,0.0618794757432628,0.0603035746445309,-0.013204300489411,-0.00271805750617514,0.0939250951669698,-0.043709682627812,-0.0166624139936506,-0.163365143165878,-0.133768495480542,0.0335477841386991,-0.064783529677042,0.0917295782599579,-0.102533712446974,0.120649502435894,-0.167784749327275,0.202483884454128,0.0801502570044424,-0.0996658065095841,-0.11195706504239,0.0275831127103306,-0.102575683030292,-0.0119421871647866,-0.0238867653850175,0.0511379331251227,0.0127390558841043,-0.0533533253216903,-0.0812039670534786,-0.0347373704456727,0.0337154744622492,-0.0134865469222875,-0.0593035919241533,0.0133676658230137,0.024980171640064,0.00175561995894556,0.156630569830385
"4",0.109803948377209,0.18248108279473,0.0716275405710988,1,0.0153107238937025,0.125519857062551,-0.0302005474650646,0.188608240466548,0.249759559788319,0.155303603230353,0.210987558488283,0.123890427415203,0.300716203695559,0.263199962412871,0.0146028119894496,0.0456037910177419,0.14254213920389,0.245376009905187,-0.115598577573906,0.0419748311478399,0.0771288559430938,0.16481103830283,0.161218425228926,0.207756454148763,-0.178298183403634,0.0704793390086649,0.0613011783343007,-0.00914089441967978,0.0563421019370762,-0.0186186990707873,-0.0553392283091566,0.0302797106156504,-0.226309426322638,0.0879334725517833,0.0753102649424571,0.0884499342614126,0.00540312104160183,0.00489317869015827,0.028541821893761,0.207961853009771,-0.0407224524134742,0.11199730061924,0.208489422677959,0.113459289579242,0.0792719969275298,0.0389369690761418,0.0193964953099179,-0.0690890456956822,0.288236460547254,0.287072394146018,-0.0927349467835179,0.172061524614487,0.0515527343112522,-0.0349703930042594,-0.262057681709486,0.0745763574487105,-0.0645317864399112,0.0267871081344432
"5",-0.0866425823603899,0.036375832012637,-0.0300842494980217,0.0153107238937025,1,-0.0561622891785434,0.213737867678675,-0.102410313895129,-0.110607050384679,-0.0584649772521087,-0.0918925626383138,-0.0149694115737617,-0.226675055818193,-0.0174352826272508,0.0614619514365366,-0.110976282030945,-0.0841139077198738,-0.091564132434431,-0.0257745953344681,0.0993618939989666,0.145674076421973,-0.132585002958689,-0.124897049161091,0.0292268465651195,-0.140428630642031,-0.0539354978704088,-0.0298549071644254,-0.0662767116072345,0.108954816541672,-0.116193802161174,-0.0529813270784771,0.00616813804297028,-0.148198606093797,-0.146800890080838,0.0626642612831258,0.0800709579656675,-0.0158007050397714,0.0259862584176921,0.203629614056493,0.163889614258265,-0.0978083224337596,-0.175471212297553,-0.0686978756381963,0.012590108768662,-0.019972543922376,-0.0264945020228435,-0.00891179319901094,0.037256823392443,-0.118366430585768,-0.0509944655709426,0.0333706869676736,0.00652457906854086,0.0343239135216472,0.0269352153032934,-0.0634887816205999,0.0730292015073715,0.165632196729701,0.0532668005039246
"6",0.334845834665185,0.039546198645988,0.0942982261063354,0.125519857062551,-0.0561622891785434,1,0.0548112550647738,0.171901752034283,0.0667692167983702,0.114849263834052,-0.0231622012949229,0.123674046383189,0.0290423466401965,0.128212211687165,-0.0132927477339969,0.0640041759279587,-0.133005132476183,0.0203915027430911,-0.0120677639553772,0.0554245196872327,0.0763484793649817,0.0915152043758121,-0.0518833160697735,0.0773343363600828,-0.0345258355200137,0.110037647917557,0.0404633247798315,-0.275313225183123,-0.0800523474544151,-0.12534259131268,0.0391138452268164,-0.0535834992400747,0.00719111889864144,0.106663179892376,0.130170142543457,0.112635585220707,0.0319142577678036,0.0667364938552155,0.0151864840339372,0.121481404379687,-0.220552226397366,-0.0844849317588832,0.0545628508526134,-0.0332076856532854,0.0106725045251587,0.0123644023985299,0.0248580601012516,0.12776265637229,-0.0885018921801204,-0.00192708778923994,0.138252047860599,0.133245868155535,0.0186906925367703,-0.0554393771031503,-0.26245676052143,-0.13111928302113,-0.0780140050974769,0.112885541621513
"7",0.054572064370209,0.110167615442171,-0.0538271108959853,-0.0302005474650646,0.213737867678675,0.0548112550647738,1,0.178421843844562,0.0420852665076069,0.112910967223681,0.00722232468140222,0.158590675463628,-0.0986630983594678,0.095806645819407,0.0203518049247363,0.120592488025906,0.0292300246858897,-0.0615280554348376,-0.0268159482842299,0.00902517507818428,-0.0606063110662725,-0.0247549373844348,-0.0134737898322968,-0.101254725638673,-0.153577861549657,0.133719869102476,-0.11834931839298,-0.079596139917035,0.00366069403018243,0.177223344517454,-0.0456804528086351,-0.118657676005735,0.0122437168285045,0.214148615036234,0.257667694172891,0.176692128509637,0.13138505957632,0.0924184624913909,0.0155587533371653,0.141661704546904,-0.127038283051077,-0.110181798038447,-0.0534685693634054,0.0977161908938904,0.0575792316213848,0.029665956077514,-0.0657404750588665,-0.0078892436022019,-0.0753330103384099,0.0412535426286431,0.0270819110714604,0.0257380385060016,-0.262327209071862,-0.118071440875567,-0.105480333827424,0.10530464653969,0.0594091406834641,0.0601469527097822
"8",0.108015816078819,0.0896352082159232,0.019750514554632,0.188608240466548,-0.102410313895129,0.171901752034283,0.178421843844562,1,0.163355340013163,0.241717387392143,0.226603515124124,0.0110609638405341,0.135935414741408,0.36890174590268,0.0829236626964401,0.100772800354018,0.139161446394968,0.136403712051679,0.0133825770042866,-0.0416094259639137,-0.130738960868811,0.102049521228421,-0.00292470184858189,-0.0657484502449638,-0.0600480581466842,0.205493564286996,-0.0427948081216377,0.0820913875796141,-0.0848071871705063,0.151466762524159,-0.0294280765254718,-0.0493561995222724,0.116676658064071,0.12599683359366,0.0941813575578632,0.330169257514842,0.118468012004368,0.0747854752715668,-0.0436960008048642,0.125267534549977,-0.0789909980201246,-0.02734915396699,0.200870533147027,0.0388888036371191,-0.0172654091493948,-0.11564857607302,0.136000976658537,-0.0493645542659868,0.182204188345438,0.348134693917441,-0.368923733210315,-0.286967728845806,-0.0559932078613552,-0.150997668958833,0.0373295431943391,0.140885298734249,0.124804020875692,0.172302338504608
"9",0.191805579836008,0.320909512414379,-0.0358850192735699,0.249759559788319,-0.110607050384679,0.0667692167983702,0.0420852665076069,0.163355340013163,1,0.617931699354539,0.085681126754094,0.098791652298342,0.377131399192629,0.22286169308082,0.0738244656744177,-0.0849703717305423,0.158038913027733,0.108756813954801,-0.0184823543469304,-0.0104474081432501,0.0149349866095073,0.396262946880373,0.185226002188507,0.0828624791490357,-0.0115500213414009,0.215950647194254,0.135159218238255,0.0301441716108249,0.071938652400261,0.128833777624653,-0.0188257004519659,0.0870528112001409,-0.0274910479607944,0.0317347025495053,-0.0510842232707614,0.152253466759229,0.141870167593206,0.10313237866892,-0.0410608407998088,0.06676289177453,-0.128904433812332,-0.059282025832107,0.577566956544298,0.347298345131854,0.315173420717598,0.274048146375625,0.0439022341874863,0.0030024503785398,0.321759944672367,0.302473845020973,-0.119871149115895,-0.0592451374001389,-0.0415200731615941,0.0730301094775563,-0.038327163715052,0.135800889479305,-0.277875121270931,-0.143895920956224
"10",0.332358618980138,0.560712461249635,0.0523704123408006,0.155303603230353,-0.0584649772521087,0.114849263834052,0.112910967223681,0.241717387392143,0.617931699354539,1,0.121273671648458,0.209479112386609,0.208793412424412,0.269523350042684,0.13458407548991,-0.0648065042138593,0.144319634617903,0.10647170269554,0.00042795135332415,-0.0625612040250282,-0.0246962601371831,0.212029950994757,0.0803895176879088,0.0803605550729799,-0.0149499648860098,0.267460875906118,0.137322788278253,-0.0971637290598455,0.0937649350478858,0.11994596172873,0.0312409865886068,0.0437309926980674,-0.00793269080314558,-0.0531472551140102,0.0966731866962303,0.135762827957738,0.310087418969762,0.0760343255536548,-0.0461149165764683,0.211248387540009,-0.142800349930031,-0.00247485527805877,0.439210269328382,0.266084165554411,0.285855359262123,0.185883860600131,0.159262593924831,0.148689662506408,0.143893575938615,0.390373940119782,-0.186858409348248,-0.125275918303946,-0.0914386796652322,-0.054165803132198,-0.0446311490850195,0.175791853902074,-0.201262769094711,-0.0246923417434997
"11",0.112283324676456,0.150085999154386,-0.0179137850603113,0.210987558488283,-0.0918925626383138,-0.0231622012949229,0.00722232468140222,0.226603515124124,0.085681126754094,0.121273671648458,1,0.0508806418187265,0.128870210427288,0.178460899500239,0.142489563388553,0.145037258676592,0.181713365320828,0.293323964084738,0.0967081380955707,-0.155584057028244,-0.0574916252441161,0.0477428394207071,0.0540173593511538,-0.143239746392249,-0.00754318769046072,-0.118629014664392,-0.0470739319617048,0.0898062485352128,0.0154725402488471,0.225657008556792,0.180290865623324,-0.123952331381356,0.238201761268168,0.209541354387784,0.223363192788268,0.195650817164017,0.0407812390141404,0.0979708328850233,0.171576447350118,0.149408084244104,0.126256681621784,0.0978601759417705,0.0489735541744053,0.0330165381759838,0.0914208852065297,-0.0281659836631069,0.306106272511278,0.0935966576656427,0.102923852005593,0.264362152265335,-0.033410522065117,0.0418554084052535,-0.0545504325983065,0.00200694606967178,-0.0234234432903993,0.0820349553668461,-0.0191663371059243,0.0625095214940484
"12",0.201368696406493,0.343513039970579,0.165588465118507,0.123890427415203,-0.0149694115737617,0.123674046383189,0.158590675463628,0.0110609638405341,0.098791652298342,0.20947911238661,0.0508806418187265,1,-0.158683654817011,0.317145815910841,0.134070902433117,0.112892345730293,-0.0420765347248514,0.0507807446205709,-0.0727844184361075,0.0750145191582806,0.131217413154807,0.0888843726111151,0.10846107706514,0.00414754720623506,-0.0572723394865258,0.069974756409925,0.0304552297575592,0.0411051877116247,0.0679942828378872,0.0873604314067972,-0.0881147602156633,-0.0683758803312222,0.177369299691006,0.174463654048757,0.105908286662573,0.154569712748403,0.223336898964801,0.0975106694903864,0.0984035415278672,0.195273576538605,-0.149587563193496,-0.0278593189106788,0.130135759287407,0.0372219699592831,-0.0587768299241689,0.0475684947115678,0.0152337450202528,0.12896774990707,-0.0571958431891539,0.131749026126234,0.138241783419412,0.143176278165758,-0.129712531496827,0.0681660138003491,-0.206177094001354,0.0801370418800282,-0.0167298762492888,0.218884360550892
"13",0.130662924520344,0.106249090512965,0.0757170769845369,0.300716203695559,-0.226675055818193,0.0290423466401965,-0.0986630983594678,0.135935414741408,0.377131399192629,0.208793412424412,0.128870210427288,-0.158683654817011,1,0.132590250531343,0.227402942866608,-0.107885887625838,0.29388263275697,0.0179994491508125,-0.205855816578016,-0.0741352689080222,-0.0812239072676224,0.0856792532405669,-0.0852608500420773,0.0718985828622597,0.168050771988017,-0.00764563871655036,-0.0219116539741432,-0.0227455051339801,-0.0776080649340124,0.023166629908417,0.0611153957859486,-0.0440989369780111,-0.092936894290173,-0.0682642171356275,0.072369539998868,-0.185698896306741,0.143643861717663,0.0838910572843592,-0.0452540845332871,-0.0645115301948965,0.00745449337555723,0.103184510099086,0.415763675563191,-0.0169502324258537,0.127045982312868,0.209236813554895,-0.0135741014678506,-0.03052190273518,0.512252369662672,0.283611287732501,0.0584435617942361,-0.0699522302395181,-0.0497078426623924,0.0118275834006206,0.0597439146264113,0.0134804638415258,-0.200669219553845,-0.2514606504868
"14",0.297911244392342,0.281830295581671,0.0181381384349605,0.263199962412871,-0.0174352826272508,0.128212211687165,0.095806645819407,0.36890174590268,0.22286169308082,0.269523350042684,0.178460899500239,0.317145815910841,0.132590250531343,1,0.302642804766017,0.179686367374858,0.0722797008939646,0.439437294020507,0.00823958248172531,-0.116279512969102,-0.0793580077989462,0.0955034261372919,0.0144506182198254,-0.0264102522667424,-0.0361122773050157,0.0963858081522692,0.0200021534999702,0.024922340841279,0.0770278135015463,0.109782919965259,-0.0397979732379788,-0.113610021038981,0.113941407117139,0.132724732872933,0.0347620996997125,0.205660106829572,0.193170412169999,0.285624170526001,0.195632594567124,0.320539587791824,-0.0153317552838695,0.163951547243605,0.367442116644983,0.157401152867211,0.0151265843594286,-0.0495085922390168,0.139756813077403,0.0191239092079643,0.27534449361573,0.7223613237623,0.00183204248933353,0.0562834582008056,0.00144553275141957,0.0329694936384813,-0.137064927034937,0.0379100575783862,-0.0772991108127417,0.0946359170884098
"15",0.0598753761229064,0.111806583870057,-0.0478462215715634,0.0146028119894496,0.0614619514365366,-0.0132927477339969,0.0203518049247363,0.0829236626964401,0.0738244656744177,0.13458407548991,0.142489563388553,0.134070902433117,0.227402942866608,0.302642804766017,1,0.207377802332931,-9.87075288520434e-05,-0.00326010718659232,-0.177572364527266,-0.169033343046122,0.0501416455148445,0.0154366661158722,-0.0675387960079904,-0.190414108021028,0.0251191485570056,0.0307815731083764,0.0441570429892207,0.0169114416373643,-0.0624924483721878,-0.019991520730706,-0.206141978375043,-0.0318872057697472,-0.0566048029675076,-0.0615456642495632,-0.00328094855685266,0.0750452369775445,0.188449459255158,0.140525472743091,0.022920929210524,0.0539245618505722,0.0226345733582136,0.131097785784613,0.283228989232707,0.0444080982909819,0.124568855839648,0.0859673196491566,0.124827582422658,-0.0378618879254757,0.256611079601692,0.25581656973547,0.068682147263936,-0.0457798444619224,0.0114538989198816,0.0912896769788812,-0.0551212162624425,0.0480387675597773,0.0139457322268751,0.08542768896096
"16",0.142699153100538,0.0681828891056484,0.0138915081894415,0.0456037910177419,-0.110976282030945,0.0640041759279587,0.120592488025906,0.100772800354018,-0.0849703717305423,-0.0648065042138593,0.145037258676592,0.112892345730293,-0.107885887625838,0.179686367374858,0.207377802332931,1,-0.0160255229819312,0.17106133433367,-0.154346431327294,-0.0290005667703412,-0.165220057772564,0.00864355853965056,0.0946417230220283,0.104374040266245,-0.139484419002014,-0.0123537769592576,-0.0742504501746194,0.0118954195912623,-0.0821616691962514,0.0260230810735852,-0.072001497499614,-0.185574862886684,0.00134280492730649,0.163776191256086,0.0755031563898339,0.0785166343741645,0.0853417362831113,0.0458878705255308,0.13367968816024,0.132061881740352,0.0504272618109128,0.112849948241226,-0.0241816539027935,0.0659501015308731,-0.230876295262885,-0.142452456177154,-0.0383224833973733,-0.0460513764865629,0.0537648778419147,0.0495507801353374,0.0304110988010787,0.261885495608862,-0.0509439438252592,0.0311188939614808,-0.158721910173569,-0.0720671673045984,0.097729965528016,0.0662071635858567
"17",0.0620757396069614,0.24772260880691,0.0514909550953667,0.14254213920389,-0.0841139077198738,-0.133005132476183,0.0292300246858897,0.139161446394968,0.158038913027733,0.144319634617903,0.181713365320828,-0.0420765347248514,0.29388263275697,0.0722797008939646,-9.87075288520434e-05,-0.0160255229819312,1,0.188820806699511,0.0252632599414983,-0.107287489788948,-0.0827287718436286,0.046461865720792,0.0980373199005804,0.193338076771055,-0.0562772755497274,0.199755385400023,0.131354592895552,0.0862175592978468,0.117020499032649,0.214402054849122,0.204577991473242,0.0389241489132092,0.0587727350305466,0.136156298069586,0.0629073612639002,-0.0277169738953515,-0.0220245814514334,-0.176923157885044,0.0593536152437532,0.22251812751186,0.259413996013709,0.30846903440901,0.202138207848572,-0.0242576798618616,0.0574196696472986,-0.0217431599665056,0.248992617549171,0.193727051394365,0.415925051721522,0.218162560405757,-0.10851451293587,-0.00739669675160827,-0.125603572110441,-0.0764614328165746,0.00893906626356063,0.215882521301058,-0.125252014758698,-0.190169607734461
"18",0.190704643007228,0.236648110085077,0.0803123868449852,0.245376009905187,-0.091564132434431,0.0203915027430911,-0.0615280554348376,0.136403712051679,0.108756813954801,0.10647170269554,0.293323964084738,0.0507807446205709,0.0179994491508125,0.439437294020507,-0.00326010718659232,0.17106133433367,0.188820806699511,1,-0.0492904427392001,-0.0171858069755739,-0.152637583087182,0.170852954922997,0.228742078714347,0.157969450417813,-0.138528925164137,0.194441955643591,0.0596532034349352,-0.0955176381521532,0.188788541352314,0.143664191990317,0.070604933988793,0.0711642757315941,0.165357008394722,0.28160363512649,0.141664998175112,0.0376375023696184,0.104235395797658,0.246042172018559,0.212040988338355,0.332714650146249,0.256626722818938,0.334387676370306,0.0219599472973505,0.0157078705230915,-0.0299179118683976,-0.241125921207809,0.25351831749521,0.127500930413451,0.0953077332228378,0.517813725904233,-0.0969168908508213,0.105717121481113,-0.0124502624720149,-0.0280165913098574,-0.182942683344322,0.0733298464970005,-0.077989060125871,-0.218651064347989
"19",0.0811432186334242,-0.0774880903016448,-0.195119831822893,-0.115598577573906,-0.0257745953344681,-0.0120677639553772,-0.0268159482842299,0.0133825770042866,-0.0184823543469304,0.00042795135332415,0.0967081380955707,-0.0727844184361075,-0.205855816578016,0.00823958248172531,-0.177572364527266,-0.154346431327294,0.0252632599414983,-0.0492904427392001,1,0.113115256785708,0.0228630795186357,0.1114823982918,0.0896246217254395,-0.0132184310886452,-0.0305069279390287,-0.0793950248948773,-0.0998284972473758,-0.109851628923488,-0.093847837707974,0.0686188952371126,0.392021147999728,0.331641625580411,-0.0734338676824565,-0.131422579403263,-0.155689433229541,-0.035421455816957,-0.161826981823236,-0.0575227770062609,-0.242471166356371,-0.20303694616422,-0.150075413111444,-0.170281428657973,0.112905220136791,0.109969621856071,0.107129868715245,0.125477879465492,-0.0289463844837578,-0.11856570623059,0.0454841701047876,-0.00185839683434939,-0.0854436846389095,-0.126220336914906,0.0557346769116324,0.162079629526841,0.153598187479709,-0.00344593594831707,-0.0545945116575138,-0.157256424449223
"20",0.0751668026623035,-0.161979071532144,-0.00824543679565694,0.0419748311478399,0.0993618939989665,0.0554245196872327,0.00902517507818427,-0.0416094259639137,-0.0104474081432501,-0.0625612040250282,-0.155584057028244,0.0750145191582805,-0.0741352689080222,-0.116279512969102,-0.169033343046122,-0.0290005667703412,-0.107287489788948,-0.0171858069755739,0.113115256785708,1,-0.0996381433765966,0.0241698064506087,-0.00464619295951455,0.124935242322024,0.101818341436218,0.112450971024348,0.0154432927771656,0.033654346743553,-0.267830164856707,-0.084258492415582,0.0939640139950519,0.34717501450847,-0.149297761328599,-0.0209083577754802,-0.0999531951503876,-0.0553210877144897,-0.0967690791528624,-0.0258997323802705,-0.220186931854204,-0.194731800436924,-0.144865803358534,-0.144182656787829,-0.0318042327929201,0.14226943106589,-0.161406859981003,0.185772248919853,-0.0799293765087005,-0.00686097027195475,-0.0173198710485021,-0.113761835192497,-0.145871695246377,-0.194679058664372,0.189258063950087,0.202912386551174,-0.03009171895173,0.0798263114049718,0.133043788679619,-0.0460167230889535
"21",0.0892685057383541,-0.0561405355994759,-0.122555394910793,0.0771288559430938,0.145674076421973,0.0763484793649817,-0.0606063110662725,-0.130738960868811,0.0149349866095073,-0.0246962601371831,-0.0574916252441161,0.131217413154807,-0.0812239072676224,-0.0793580077989462,0.0501416455148445,-0.165220057772564,-0.0827287718436286,-0.152637583087182,0.0228630795186357,-0.0996381433765966,1,-0.0806160217353996,0.116899861178621,-0.0108304684534952,-0.0572225596115776,-0.138128460487093,0.0424306165855431,-0.177437275249749,0.16428851513077,-0.234836274389179,-0.0824790140030527,-0.00025123173345359,0.141618931289841,-0.0721618803001147,0.0712493321392154,0.00530827936145427,-0.0799589747751944,0.0434759056306394,0.113413669150691,0.160285218136824,0.0349142464260224,0.00860093764760945,-0.0360530648125824,-0.0577699991125806,0.14740971195277,-0.029241174349754,0.0340731954635738,0.168873978641616,-0.0782021835968847,-0.0691810413452525,0.100205374145305,0.168037595961274,-0.0397887285743631,-0.0428298625337041,0.0240726993396382,0.0768910993753018,-0.0620531738696604,0.136021029768075
"22",0.00662325944095713,0.199781418435759,0.0267127496196456,0.16481103830283,-0.132585002958689,0.0915152043758121,-0.0247549373844348,0.102049521228421,0.396262946880373,0.212029950994757,0.0477428394207071,0.0888843726111152,0.0856792532405669,0.0955034261372919,0.0154366661158721,0.00864355853965056,0.046461865720792,0.170852954922997,0.1114823982918,0.0241698064506087,-0.0806160217353996,1,0.197864417768595,-0.0788067873809859,0.0655541021571753,0.147442581079663,0.086309375922816,-0.0530260147000663,-0.0345985290674856,-0.0386902050163064,0.119347602490153,0.0730513889911362,0.0116736298441789,-0.00398374700905314,0.00635753164208298,-0.0221230984518017,0.042821992823169,0.0121644468920638,-0.0196514701539033,0.0340798838751912,-0.0105257601384109,-0.00619988896058843,0.193206984052406,0.228608497721369,0.00519554615190526,0.0661914563275238,0.0404088819865429,-0.0641448768755984,0.119705098537343,0.156655333768797,-0.0384107798877028,0.0225582870632295,-0.0957880060424795,-0.0537579513053275,-0.0357893984639155,0.0476062100204212,-0.107187083685835,-0.102763916767463
"23",-0.0135059519886232,0.215944148571793,0.0176735638163653,0.161218425228926,-0.124897049161091,-0.0518833160697735,-0.0134737898322968,-0.00292470184858189,0.185226002188507,0.0803895176879088,0.0540173593511538,0.10846107706514,-0.0852608500420773,0.0144506182198254,-0.0675387960079904,0.0946417230220283,0.0980373199005804,0.228742078714347,0.0896246217254396,-0.00464619295951455,0.116899861178621,0.197864417768595,1,0.0920965261703741,-0.187663327556225,0.0863635414538313,0.108516979206329,0.0877789860542124,0.0242729281879245,0.0837562332305648,0.0557383302356178,0.105392932172244,0.145628658364126,0.0579507383046841,-0.1432574553056,0.0927225024660594,-0.0814683894018081,-0.104063876634768,-0.0917424890539775,0.16553238360895,0.052219727286055,0.0513005655386629,0.0492245565552231,0.0951489157382948,0.0742387693923912,-0.00480942873500955,-0.0010907290767159,-0.0561848780002214,0.107678351968203,0.00775212393270567,-0.108368598915638,0.0925189484277571,-0.0163338480287915,0.179059141676407,-0.14772989502833,0.233648654049674,-0.108712581994004,0.107927920814073
"24",0.134133065154995,-0.00579608438533396,0.0618794757432628,0.207756454148763,0.0292268465651195,0.0773343363600828,-0.101254725638673,-0.0657484502449638,0.0828624791490357,0.0803605550729799,-0.143239746392249,0.00414754720623506,0.0718985828622597,-0.0264102522667424,-0.190414108021028,0.104374040266245,0.193338076771055,0.157969450417813,-0.0132184310886452,0.124935242322024,-0.0108304684534952,-0.0788067873809859,0.0920965261703741,1,0.0521554870033368,0.236273010702743,0.0402935550947449,0.0432817991538283,0.151251007048506,0.154614579634395,0.13943374686347,0.0577343165239941,-0.027136470792443,-0.021240640148811,-0.0500944753746877,-0.143888505625484,-0.071470858265918,-0.0849936261973429,-0.0178746490474968,0.0786432616784274,-0.0755662394469682,0.0932175686179393,0.144696491392494,0.127151838666226,0.0173118266427545,-0.0662540807313635,-0.101679823512811,-0.0827483047459817,0.136774623344706,0.0989912894589099,0.151251001684128,0.0152798345098459,0.140595615948863,0.0737355946515163,0.00170116164018126,0.0481132135387469,-0.0827099383063974,-0.0453822358678243
"25",-0.0694025058036359,-0.0600724651265048,0.0603035746445309,-0.178298183403634,-0.140428630642031,-0.0345258355200137,-0.153577861549657,-0.0600480581466842,-0.0115500213414009,-0.0149499648860098,-0.00754318769046072,-0.0572723394865258,0.168050771988017,-0.0361122773050157,0.0251191485570056,-0.139484419002014,-0.0562772755497274,-0.138528925164137,-0.0305069279390288,0.101818341436218,-0.0572225596115776,0.0655541021571753,-0.187663327556225,0.0521554870033368,1,0.0155535909099885,-0.0945964301186243,0.0478822104094047,-0.121390692360749,-0.0890402383586621,0.115288492653155,0.0808587272351155,-0.048679404676253,-0.0848452777333937,0.0959096940968963,-0.112260223853586,0.0453476023309574,-0.0856545388618402,-0.0254901099413758,-0.183161487458166,-0.0368412940246524,-0.00951024039416789,0.118713667058175,-0.0204239195534212,-0.138018164195099,0.104637430926065,-0.0469263089959072,-0.0778824156631788,-0.050942037816447,-0.105961826953508,-0.0220512023839373,-0.0702668501672519,0.0553667744262791,0.012701299465222,0.16520552662534,0.11732470467705,-0.114932660992663,0.0438583492277903
"26",-0.00246785335913726,0.0488378122453201,-0.013204300489411,0.0704793390086649,-0.0539354978704088,0.110037647917557,0.133719869102476,0.205493564286996,0.215950647194254,0.267460875906118,-0.118629014664392,0.069974756409925,-0.00764563871655036,0.0963858081522692,0.0307815731083764,-0.0123537769592576,0.199755385400023,0.194441955643591,-0.0793950248948773,0.112450971024348,-0.138128460487093,0.147442581079663,0.0863635414538313,0.236273010702743,0.0155535909099885,1,0.162894242283557,-0.114586397165025,0.0227896331373625,0.143227666133663,0.121536554610333,0.233895553766623,-0.0482717678343065,0.0579302236456003,-0.0788998789743042,-0.0239036148491237,0.166543660750622,0.0119491267302617,-0.154316713921801,0.0535852519421143,0.00076883460248646,-0.0541659705462997,0.235724363215658,-0.00444374814275876,-0.0960086244336864,-0.0177576483426436,0.00189671194151644,-0.0342257432385554,0.0772019390777724,0.103372670776055,-0.0595764529040776,-0.127873684239615,0.201159640120366,-0.0449709933446778,0.0308590380854502,0.0442019908390509,-0.00682631397919181,-0.0362398550922427
"27",0.0284416897839113,0.109062735683954,-0.00271805750617514,0.0613011783343007,-0.0298549071644254,0.0404633247798315,-0.11834931839298,-0.0427948081216377,0.135159218238255,0.137322788278253,-0.0470739319617048,0.0304552297575592,-0.0219116539741432,0.0200021534999702,0.0441570429892207,-0.0742504501746194,0.131354592895552,0.0596532034349352,-0.0998284972473758,0.0154432927771656,0.0424306165855431,0.0863093759228161,0.108516979206329,0.0402935550947449,-0.0945964301186243,0.162894242283557,1,0.00927950708837443,-0.0765393444596477,0.00860869822090084,0.114078607337827,0.172716590035785,-0.116362416596464,-0.0785104407181942,0.0152294863227336,0.132516027432431,0.0162013671455829,0.0264472504863246,-0.0891497192033225,-0.0477289213703501,0.0802621595075492,0.0223052883812006,0.130672644720788,-0.0596280812974633,0.1567216204361,0.0289246567780313,0.104187728182138,0.106116100133285,0.08049066935067,-0.0456147723522333,-0.0434895121150191,0.122485311279299,-0.00594108207542754,0.0572722481585531,-0.0677215554324726,-0.193506065049381,-0.108624841079076,-0.101920076413785
"28",-0.0903866390006752,0.0179142915436769,0.0939250951669698,-0.00914089441967978,-0.0662767116072345,-0.275313225183123,-0.079596139917035,0.0820913875796141,0.0301441716108249,-0.0971637290598455,0.0898062485352128,0.0411051877116247,-0.0227455051339801,0.024922340841279,0.0169114416373643,0.0118954195912623,0.0862175592978468,-0.0955176381521532,-0.109851628923488,0.033654346743553,-0.177437275249749,-0.0530260147000663,0.0877789860542124,0.0432817991538283,0.0478822104094047,-0.114586397165025,0.00927950708837443,1,-0.0478229818292317,0.0546836977696061,-0.146558042192699,-0.230067269691826,0.136613925359027,0.150517789279299,0.0340799624037776,0.205737481131258,-0.089111367470277,-0.09207195192015,0.175148679604931,0.138550806255724,-0.0604747428615755,-0.141359621013322,-0.0863438827126605,-0.00990871784133887,0.0143701284854914,0.0118916553013939,-0.0987260132956722,-0.220762753994867,0.111066917418517,-0.063051279157059,0.0422334036158607,0.0224357100476035,-0.158281430490526,0.116869940220402,0.110155026361301,0.030627619915184,0.10601829799702,0.0910049590823672
"29",-0.0373831037596829,0.0619144628877087,-0.043709682627812,0.0563421019370762,0.108954816541672,-0.0800523474544151,0.00366069403018243,-0.0848071871705063,0.071938652400261,0.0937649350478858,0.0154725402488471,0.0679942828378872,-0.0776080649340125,0.0770278135015463,-0.0624924483721878,-0.0821616691962514,0.117020499032649,0.188788541352314,-0.093847837707974,-0.267830164856707,0.16428851513077,-0.0345985290674856,0.0242729281879245,0.151251007048506,-0.121390692360749,0.0227896331373625,-0.0765393444596477,-0.0478229818292317,1,0.0841446303646836,0.032728127231328,-0.0956884091108171,0.143672492342922,0.0875435144905205,0.0996290764080607,0.103572033220698,0.0247943897831,0.157381133036123,0.162896785589332,0.181385649917128,0.0876191427092012,0.159401251572735,0.0955249628045286,0.0972658878840082,0.157068373736926,-0.101259682853622,0.0417423674751656,0.0374260184447387,0.0938732909907859,0.127279651429301,0.103971427383275,0.153554350588553,0.0830522632180554,0.00508909666963461,-0.0103085690818402,0.0351514521518491,0.0862270666597664,0.104748496108654
"30",0.0888638937773717,0.023889558601496,-0.0166624139936506,-0.0186186990707873,-0.116193802161174,-0.12534259131268,0.177223344517454,0.151466762524159,0.128833777624653,0.11994596172873,0.225657008556792,0.0873604314067972,0.023166629908417,0.109782919965259,-0.019991520730706,0.0260230810735852,0.214402054849122,0.143664191990317,0.0686188952371126,-0.084258492415582,-0.234836274389179,-0.0386902050163064,0.0837562332305648,0.154614579634395,-0.0890402383586621,0.143227666133663,0.00860869822090084,0.0546836977696061,0.0841446303646836,1,0.0559440548055407,-0.00419726956378144,0.0678227856023265,0.0606402264795954,0.133418837211399,0.0342075312002627,0.0284696081404594,0.00526859780293179,-0.0156623186541258,0.0767449242759913,-0.00401431348725896,0.184118843036798,0.0232957833013375,0.129937894946713,0.0766424776568219,0.0612912300730065,0.193163699962958,0.0907890815712487,0.089922401240346,0.16599876931805,-0.0933820752120133,-0.161193544230957,0.100807706045096,-0.015415773100562,0.0315984910445277,0.167559176226677,-0.120527100449818,0.0168643491551833
"31",0.0497445872794513,-0.0145702830929099,-0.163365143165878,-0.0553392283091566,-0.0529813270784771,0.0391138452268164,-0.045680452808635,-0.0294280765254718,-0.0188257004519659,0.0312409865886068,0.180290865623325,-0.0881147602156633,0.0611153957859486,-0.0397979732379788,-0.206141978375043,-0.0720014974996139,0.204577991473242,0.070604933988793,0.392021147999728,0.0939640139950519,-0.0824790140030527,0.119347602490153,0.0557383302356178,0.13943374686347,0.115288492653155,0.121536554610333,0.114078607337827,-0.146558042192699,0.032728127231328,0.0559440548055407,1,0.288812675681128,-0.0895071945187595,-0.0112545957013647,-0.0212454094863843,-0.0458881143970172,-0.0607991508357493,-0.0101949376079635,-0.236372008662352,-0.265184112323704,-0.136695642722089,-0.0199547846529451,0.0471444180194558,-0.0823712010158699,0.0265947633819918,0.055599934499335,-0.1085304494465,-0.0607438821821312,-0.0976943836654355,0.0476241148520162,-0.0312177362544849,-0.0634976683466923,0.0681290905053157,0.262326337184925,0.209298098320848,-0.198104848971364,-0.0505165456669932,-0.0996910505630442
"32",-0.206200257828204,-0.199241286429993,-0.133768495480542,0.0302797106156504,0.00616813804297028,-0.0535834992400747,-0.118657676005735,-0.0493561995222724,0.0870528112001409,0.0437309926980674,-0.123952331381356,-0.0683758803312222,-0.0440989369780111,-0.113610021038981,-0.0318872057697472,-0.185574862886684,0.0389241489132092,0.0711642757315941,0.331641625580411,0.34717501450847,-0.00025123173345359,0.0730513889911362,0.105392932172244,0.0577343165239941,0.0808587272351155,0.233895553766623,0.172716590035785,-0.230067269691826,-0.0956884091108171,-0.00419726956378144,0.288812675681128,1,-0.275126193829036,-0.159999234878175,-0.353949250202532,-0.201205498937355,0.108331831723822,-0.197283027623276,-0.413092075237033,-0.29948474855942,-0.127476675372746,-0.192185356806485,0.199321871183747,-0.00563185991755347,0.0371768896065804,0.177596198037217,-0.219022143503906,-0.211354872699426,-0.0124065316730432,0.00794017041539387,-0.237695745017472,-0.208154070935423,0.255511727500808,0.260628818423215,0.0771060829481487,0.0947056633151604,-0.141740819911051,-0.230850531254015
"33",0.21581508528902,0.0978056768154945,0.0335477841386991,-0.226309426322638,-0.148198606093797,0.00719111889864144,0.0122437168285045,0.116676658064071,-0.0274910479607944,-0.00793269080314558,0.238201761268168,0.177369299691006,-0.092936894290173,0.113941407117139,-0.0566048029675076,0.00134280492730649,0.0587727350305466,0.165357008394722,-0.0734338676824565,-0.149297761328599,0.141618931289841,0.0116736298441789,0.145628658364126,-0.027136470792443,-0.048679404676253,-0.0482717678343065,-0.116362416596464,0.136613925359027,0.143672492342922,0.0678227856023265,-0.0895071945187595,-0.275126193829036,1,0.452537948146229,0.111172107282126,0.148170495699012,-0.0558193086854111,0.195325098232218,0.315234731732076,0.235353639521785,0.295554233046736,0.16806168776759,-0.0902194514315377,-0.00310053657633354,0.060161151468551,-0.0240361326801891,0.254268003967653,0.186706160400142,0.0512255330867335,0.170412355842611,0.153716143228611,-0.0413357058352063,-0.0601974792854926,0.0422775857332119,0.0348578824974467,-0.0732526165353935,0.0296639303162945,0.177954922289744
"34",0.143895657206795,0.142305978602402,-0.064783529677042,0.0879334725517833,-0.146800890080838,0.106663179892376,0.214148615036234,0.12599683359366,0.0317347025495053,-0.0531472551140102,0.209541354387784,0.174463654048757,-0.0682642171356275,0.132724732872933,-0.0615456642495632,0.163776191256086,0.136156298069586,0.28160363512649,-0.131422579403263,-0.0209083577754802,-0.0721618803001147,-0.00398374700905314,0.0579507383046841,-0.021240640148811,-0.0848452777333937,0.0579302236456003,-0.0785104407181942,0.150517789279299,0.0875435144905205,0.0606402264795954,-0.0112545957013647,-0.159999234878175,0.452537948146229,1,0.0197425316385551,0.29468335164488,-0.0540621564807605,0.158141877957042,0.306825709584776,0.309038115360049,0.141603553511065,0.166615470716129,-0.136541602035327,-0.0147467499261399,-0.0907309385927542,-0.0899564616258302,0.0515663478269004,-0.0272077653295109,0.0383213989048699,0.134388858638593,0.023719008953505,0.0980616074171221,-0.156843703584372,-0.074443324548329,-0.075525699816736,0.046192159080551,0.113487397951806,0.0417052690917792
"35",0.236557394507383,0.219178412513389,0.0917295782599579,0.0753102649424571,0.0626642612831258,0.130170142543457,0.257667694172891,0.0941813575578632,-0.0510842232707614,0.0966731866962303,0.223363192788268,0.105908286662573,0.072369539998868,0.0347620996997125,-0.00328094855685266,0.0755031563898339,0.0629073612639002,0.141664998175112,-0.155689433229541,-0.0999531951503876,0.0712493321392154,0.00635753164208298,-0.1432574553056,-0.0500944753746877,0.0959096940968963,-0.0788998789743043,0.0152294863227336,0.0340799624037776,0.0996290764080607,0.133418837211399,-0.0212454094863843,-0.353949250202532,0.111172107282126,0.0197425316385551,1,0.299559922864039,0.170292196958309,0.322231838444133,0.31375308546658,0.261260682882128,0.169596725700088,0.23008577196606,-0.17161590193242,-0.0522872202456633,0.221520244405585,-0.0125388307425085,0.269324724087732,0.380514050098023,-0.0826392959200784,0.103495862336354,0.101056722719203,0.158224952742267,-0.223204293174395,-0.142066138663769,-0.152138150061325,-0.0526275708886767,-0.163758949482478,0.0692571264789675
