"","l_Insular.Cortex","r_Insular.Cortex","l_Amygdal.Area","r_Amygdal.Area","l_Bed.Nucleus.of.the.Stria.Terminalis","r_Bed.Nucleus.of.the.Stria.Terminalis","l_Hippocampus","r_Hippocampus","l_Orbitofrontal.cortex","r_Orbitofrontal.cortex","l_Entorhinal.Cortex","r_Entorhinal.Cortex","l_Frontal.Association.Cortex","r_Frontal.Association.Cortex","l_Globus.Pallidus","r_Globus.Pallidus","l_Glomerular.Layer.of.the.Accessory.Olfactory.Bulb","r_Glomerular.Layer.of.the.Accessory.Olfactory.Bulb","l_Glomerular.Layer.of.the.Olfactory.Bulb","r_Glomerular.Layer.of.the.Olfactory.Bulb","l_Granule.Cell.Level.of.the.Cerebellum","r_Granule.Cell.Level.of.the.Cerebellum","l_Hypothalamic.Region","r_Hypothalamic.Region","l_Entorhinal.Cortex","r_Entorhinal.Cortex","l_Vermix.Molecular.Layer.of.the.Cerebellum","r_Vermix.Molecular.Layer.of.the.Cerebellum","l_Lateral.Molecular.Layer.of.the.Cerebellum","r_Lateral.Molecular.Layer.of.the.Cerebellum","l_Anterior.Olfactory.Bulb","r_Anterior.Olfactory.Bulb","l_Posterior.Olfactory.Bulb","r_Posterior.Olfactory.Bulb","l_Subiculum","r_Subiculum","l_Perirhinal.Area","r_Perirhinal.Area","l_PreLimbic.System","r_PreLimbic.System","l_Primary.Cingular.Cortex","r_Primary.Cingular.Cortex","l_Primary.Motor.Cortex","r_Primary.Motor.Cortex","l_Retrosplenial.Cortex","r_Retrosplenial.Cortex","l_Secondary.Cingular.Cortex","r_Secondary.Cingular.Cortex","l_Secondary.Motor.Cortex","r_Secondary.Motor.Cortex","l_Striatum","r_Striatum","l_Ventral.Tegmental.Area","r_Ventral.Tegmental.Area","l_Substantia.Nigra","r_Substantia.Nigra","l_Thalamus","r_Thalamus"
"1",1,0.172996798208217,-0.0322652357654265,-0.0279245519600893,0.303172496495594,-0.0374722229110547,-0.0314401480828654,0.00858933893873089,0.270999353455196,0.179905538531723,0.229775085543344,0.213406900363149,0.170292397818512,0.158229145373961,0.0532143724979939,0.0575960350759385,-0.087270342046029,-0.0624301569582523,0.127062915237933,0.034873195738992,0.0706047128176193,0.0461278884820596,-0.0334158939663248,-0.0101122586878496,-0.109661013404899,-0.0030204378911372,0.0409051807304536,-0.0491731386689463,0.100238317203977,0.00425106126998435,0.0472468646651951,0.144963397279482,0.28596937810966,0.214640571788324,0.0144605212845009,0.105596205866461,0.141351804585368,0.240348221289868,0.0990686997427177,-0.00155442645105906,0.251802642935267,-0.0365098023510427,-0.0468992291535713,-0.0443762135080816,-0.0617512813983396,-0.0992646978686541,0.0658655901231561,-0.00688407711980877,-0.025553632227611,-0.104107019951247,0.194760356586137,0.199046470247245,-0.187321441358986,-0.0302075375947375,0.0365634065959025,0.0389029600747852,0.0728711401619377,0.0189661385903501
"2",0.172996798208217,1,-0.0721933525813745,0.0956383507856117,0.065261093565682,0.0972045766087901,-0.105595246885841,0.0944144027740494,0.270463051190029,0.196004415546054,0.111212785330053,0.151619141486541,0.0865710937244866,-0.0762717828797661,0.147999004210061,0.0973039296171404,0.112330530442732,-0.0778995932327601,-0.106472785771655,0.104003516737627,0.122204844217977,0.0322855574800306,-0.0739890902717876,0.054457415968179,-0.137376895904266,0.111628787492295,-0.0297866348750407,0.107521962615719,0.0783787230838889,-0.0695617791375511,0.231055520511473,-0.0167988647275989,0.174335407362056,0.218455069507616,-0.0528742024408803,0.205611928887182,-0.0883485697294589,0.0251566278682874,0.196284200939008,0.374939304694159,-0.117621853090534,0.0289099973166971,-0.0991067405859459,-0.0396177874153527,-0.266777278405458,-0.155697940333155,-0.0595973277405783,-0.09537900563616,0.0199826626389698,-0.0102114804635255,-0.014055379318729,0.0731455607852166,-0.171388573643546,-0.0242621888681902,-0.0830045835994846,-0.160505455599714,-0.0143396766648386,-0.0158770031948634
"3",-0.0322652357654265,-0.0721933525813745,1,0.0531886625020618,-0.0606316863913104,-0.00036273377935663,-0.0203584891914289,0.120980074385214,-0.0111656149912761,0.130484353303273,0.0408123280383131,-0.0526742992367925,0.116300292233977,-0.0185576867460034,0.0397551030561909,0.0511764085710177,0.0453853926789378,0.346752725036653,0.217254826663038,0.0740678544021508,-0.123737309793389,0.017247621282437,0.147188957065525,-0.150786821560775,0.0310645428819352,0.0790256659579482,-0.168197037081485,-0.0361596967809298,-0.0183283500869293,0.00345082845056359,0.0643634317534378,-0.104278205184686,-0.00818911159267471,0.0367671526351281,0.0162208585718611,-0.120724239419357,-0.0312919367840586,-0.0765899702778526,-0.0534715073552365,0.0996634207735621,-0.0318995564366284,0.0411156727870984,-0.0594599276580038,0.168521819464023,0.0351606256308536,0.132203929430817,0.0647508615777097,-0.043015303122721,0.0479111313266214,0.210542747795627,0.001914166381781,-0.141530744682519,0.00210367257339494,-0.0279053347200633,-0.07391459588492,-0.0899873661552718,0.126305681166389,0.0240619352830063
"4",-0.0279245519600893,0.0956383507856117,0.0531886625020618,1,-0.0910947767951848,-0.0838578165067913,-0.183673410700889,-0.102203279877371,-0.0949681497156373,-0.019012666254911,-0.245540333079789,0.183915384071879,-0.164563835494909,0.151494176414107,-0.0380360257748712,0.0387346399214754,-0.139971257903855,0.106032985739646,0.0787681713219565,-0.12751945026199,-0.059518113394388,0.14640463739652,0.102886755468982,0.125344771771451,0.11073922652796,0.16013370497221,0.2279540863703,-0.0469533623431773,-0.0528971628586116,-0.0798870850360526,0.0592219374075143,0.00415670740073731,0.206296063708551,0.314063226153805,0.00489900343320848,0.0989197026110514,0.134981394833605,-0.0177599113885758,0.0213899679559752,0.0484544135997751,-0.14502706467119,-0.037461140823415,0.0101663985758173,0.0561372150581929,-0.149397200275689,-0.0074027901830987,-0.032998096788257,0.0545283336721042,-0.133685390130208,0.0737745551557083,-0.0141516050449496,-0.00167570458864812,-0.0231407802321171,-0.0683387547585316,-0.199536951037694,-0.276421793667692,-0.0376221319431569,0.0918918272297675
"5",0.303172496495594,0.065261093565682,-0.0606316863913104,-0.0910947767951848,1,-0.0211518619322889,0.0182679987232842,0.0594032557002545,0.196384377368386,0.213960535154201,0.1250615608141,0.0813109677861188,0.0716792670775799,0.0184203542301898,0.0231036746654247,0.129408718590297,-0.0271939359597718,0.0517933051128017,-0.117697574094194,0.0757427252565726,-0.0998223693697575,0.023400773640502,-0.0272704989713614,0.0130652424973869,0.113637449937748,0.068514863473964,-0.056719889892613,-0.0549286707602115,0.145175205585449,0.133131789850672,-0.230459726597655,0.0695045099799151,0.0747280613072052,0.14778800846321,-0.0032764412555728,-0.0380049143956891,0.0422143010720192,0.0226442858104643,0.12090257442828,0.130694565322377,0.0928892993161442,-0.0900788626762015,-0.0159226831516607,-0.0378767769784666,-0.115055640763196,-0.0270182247355152,-0.0790817826927951,0.00422669045384566,-0.109519012225497,0.00074962424529785,0.271833279215063,0.269231403265683,-0.161848544465392,-0.0109459692278799,-0.0377836272652378,-0.0757681358437376,0.131832875000098,0.0338344047562592
"6",-0.0374722229110547,0.0972045766087901,-0.00036273377935663,-0.0838578165067913,-0.0211518619322889,1,0.217570847986082,0.0914718852720102,0.0592784388877408,0.0766378260097963,0.0675112136892216,0.108687734639341,0.00925346731937561,-0.0635768593569452,0.0203349052039615,-0.0217957465667991,-0.00810442922060987,0.0632536367978061,0.170013072769626,0.200921477693637,-0.120194107721331,-0.0303732262750625,-0.0445077269702785,-0.0682928346973733,-0.0885147188471839,-0.0591345554173489,-0.0339690144843804,0.233567500796478,-0.0402084940269741,-0.102755990487221,-0.0371930031803383,0.254414912609049,-0.0936767333448654,-0.0318928049371764,0.0132286724405408,-0.130455771451179,-0.125356288259848,-0.15596647271799,-0.0487345135771219,0.179812512812235,-0.0816581879968992,-0.276024409501856,0.280995020702361,0.0709245728272203,-0.114400437380895,-0.052913371762609,-0.0322597682511765,-0.0959023126209528,0.0863312100035322,-0.0761051995467096,-0.0562355952715575,-0.0515836402753059,0.0414484316804973,-0.0710761337897795,-0.023401431713898,0.159962073811664,0.0240934474854931,0.153795798655992
"7",-0.0314401480828654,-0.105595246885841,-0.0203584891914289,-0.183673410700889,0.0182679987232842,0.217570847986082,1,0.200110065715958,-0.0162967059792512,0.00485009782371131,0.0648465797492356,0.0424498127337223,0.0976100911286662,0.00168597913452972,-0.0640658613518537,0.00497848137483986,-0.0473250121775708,0.0287163369700375,0.0455770515218175,0.00903502421318781,-0.128593927317872,0.2029834942032,0.206934167032135,-0.0941085788637538,-0.0217990421926067,0.0240443545670428,0.0695515682399788,0.0312935928858654,-0.154642165562376,0.153890145206059,-0.0803248848884268,0.135708746677322,-0.159987405744412,-0.101894734546059,0.300834346784954,-0.00133848094954012,0.0357608249072841,0.0426399481525285,-0.119933350297669,0.0696452178542125,-0.0284457243169359,0.0309637143619341,0.140850771069964,0.124281441454782,0.014054860249507,0.145296317757404,0.0266634026694616,-0.0583708831892775,0.149367948873784,0.130849728396995,0.0276495379293387,-0.158879336901193,0.159422015912422,-0.212600697733339,0.254989876912642,0.116655462579888,0.0891062868446702,0.0965559248777159
"8",0.00858933893873089,0.0944144027740494,0.120980074385214,-0.102203279877371,0.0594032557002545,0.0914718852720102,0.200110065715958,1,-0.00230651456625054,0.113566890200682,0.0811416853507163,-0.0751182903485882,-0.0553723294892599,-0.108394681403105,0.052703848040542,-0.00847629612825471,-0.0960676102717881,0.0655265484029875,0.137559481667252,0.0375177450324646,0.102056014371497,-0.0409342742144174,-0.0289297929347414,-0.0658041332247634,0.152987909329624,-0.0302930364791058,0.0685128169202449,0.0414186198707376,0.0100651787129689,0.104035483007578,0.124870632083485,-0.0130395663749319,-0.0837489185669278,-0.0157986465296907,0.1722346159174,0.156636737786714,-0.011657715093504,-0.0151946697398205,0.0288011448918339,0.0988044903520503,-0.0441931168863903,-0.0688787809403775,0.0954837394854845,0.0290584804046174,0.0636425426390898,0.116679940628748,0.00094215217918882,-0.202366594211581,-0.0139586672649392,0.109717678379355,0.0520547275152425,-0.051579997519935,0.207449278657067,-0.036927983974876,-0.193417512373316,-0.0362268314969197,-0.113895556083704,-0.191074038238116
"9",0.270999353455196,0.270463051190029,-0.0111656149912761,-0.0949681497156373,0.196384377368386,0.0592784388877408,-0.0162967059792512,-0.00230651456625054,1,0.195750093442495,0.185787702611143,0.165610933664565,0.224456300605194,-0.0165993735170499,0.278142506512672,0.0790570464828891,-0.00364415461093286,-0.0977552603549497,0.0108943755320723,0.127939836072259,0.00436744839298009,0.131706013410832,-0.0947677585992375,-0.1310269167266,0.0113367963006505,0.0489531753580119,-0.0204773373437071,0.00459687521457951,0.051549525267563,0.196316715037772,0.171966620078297,0.0302432826826055,0.189069214386497,0.137195752961602,0.0309698420184976,-0.0742607584048824,0.146242436699496,-0.021794284596349,0.061571436381486,0.258630811142928,-0.067719565552634,0.023078733961297,0.146049071400365,-0.113640103752196,-0.163423015983848,-0.205644994556694,0.15939110008027,0.0689640991084135,0.100014151541236,0.0161555986887603,0.158258681119266,0.0998655601641209,-0.0691846490302637,0.0369750845361813,0.0396731538226767,-0.138497286563263,-0.020643620707488,0.034487286443272
"10",0.179905538531723,0.196004415546054,0.130484353303273,-0.019012666254911,0.213960535154201,0.0766378260097963,0.00485009782371131,0.113566890200682,0.195750093442495,1,0.0777155972301278,0.0535364184616005,0.0901620020746935,0.0159536639154149,0.139233259348056,-0.0594390756629824,0.248702212513752,0.0280705199440696,-0.0604968593548848,0.176506681206458,-0.0519467738101575,0.165767998576832,-0.105508626071241,-0.036908556847131,0.103325686280042,-0.00414320946841184,-0.0528334445369905,-0.077808777188813,0.188906575977923,-0.014458277781625,-0.0771461592377186,0.0474047463813415,0.0206617603767399,0.105091063772702,-0.0649768118772983,-0.0989041504368179,0.10619631857715,-0.0481109388260299,-0.0161044660301705,0.05299761097317,-0.162187025016984,-0.0506021883517489,0.144106699776834,0.135366534205159,-0.160347111506751,-0.129808734814604,0.15029050340622,0.0613803777345686,-0.0581330437842978,-0.0569167184936466,-0.0677727507303933,-0.0016749232083493,0.0656496069309474,-0.035940331168128,0.151446826124935,0.0796286688888356,-0.011616956503811,-0.0416708112382505
"11",0.229775085543344,0.111212785330053,0.0408123280383131,-0.245540333079789,0.1250615608141,0.0675112136892216,0.0648465797492356,0.0811416853507163,0.185787702611143,0.0777155972301278,1,0.0219827350085783,0.173875914626155,0.0886805825986549,-0.0417707138472867,0.170771949339759,0.119538911592752,0.0581919592431317,0.0713807585404857,0.103122046310548,0.169249092824666,0.0547503201408708,0.14779729322107,-0.219126644385261,0.0472087369868038,0.131781317139404,-0.258514928215369,0.0806793566946998,-0.0507124382430907,0.148657925898999,0.149746795269306,0.161052987219746,0.0494111871055338,0.17748257440455,0.141162797853141,0.0251677159230024,0.0237923554344778,0.0601426237580996,0.322243891449338,0.270726602016738,0.131104259808429,-0.221904517305891,-0.0935850956469119,-0.0573634036352514,-0.0596831532678775,-0.138784589670459,-0.0806714473358327,-0.119811237054383,0.0150003392062788,-0.0511849017648876,0.0444075826340951,0.133631301819715,-0.254044182082508,-0.035964021410315,0.0233321263890888,0.174393320109575,-0.0182933789591929,-0.0311782358479086
"12",0.213406900363149,0.151619141486541,-0.0526742992367925,0.183915384071879,0.0813109677861188,0.108687734639341,0.0424498127337223,-0.0751182903485882,0.165610933664565,0.0535364184616005,0.0219827350085783,1,0.02854039663677,0.087435791183448,0.0751529124239725,0.132632311533441,-0.0653329623627315,-0.109228419225037,0.137396127269233,0.0514163573199439,-0.170534517722009,0.21779233208996,-0.0163910742544411,0.150398857719952,0.153261769791342,0.135579468996322,0.155270971182689,0.137327587029766,0.0342630750836094,0.126498319038202,0.0772309019012593,0.191434725620533,0.115792179376585,0.292509902427685,0.113395426418108,0.0409506667768106,0.180609356774622,0.177287934020878,0.168752858908424,0.135533053344881,-0.180935730812188,-0.0513866004361172,0.0715045625226666,0.0124779813284049,-0.180811643069656,0.0533708998048449,-0.0363405167814497,0.0104379997797052,-0.0150682073327547,-0.0615395469590986,0.0472853717071238,0.136961560360316,0.0118710291519941,-0.11711360878256,-0.00859545119152044,-0.12688666213199,0.212998941867554,0.190099142030042
"13",0.170292397818512,0.0865710937244866,0.116300292233977,-0.164563835494909,0.0716792670775799,0.00925346731937561,0.0976100911286662,-0.0553723294892599,0.224456300605194,0.0901620020746935,0.173875914626155,0.02854039663677,1,-0.0179124945415327,0.0306151428834301,0.0894636707283505,0.135129619814833,0.151180414624953,0.0300213056053402,0.134205737581787,-0.054242177005837,0.0258257762693346,0.19645096376874,-0.150568576966637,-0.113982995951761,0.0657867086512026,-0.067444766428782,0.11393543812225,0.211390051809116,-0.0227392919076057,-0.0108806313310698,0.145930942191719,0.0411431396845504,0.132085071216041,0.108592707220955,-0.00765146858568354,0.0386878240427349,-0.117215272860433,0.0133508909777629,0.154965408357178,0.112293098660565,0.141618679118155,-0.0378161312303346,-0.0689884633276562,0.157415178650017,0.186873628201767,0.0480446498531706,0.110326880857353,0.479738865574398,-0.0265682465031486,0.116870505300205,0.00506569148322846,-0.0481436933718514,-0.156936556491097,-0.0256680268753161,0.0338757406691652,0.164565697221158,0.0622890924591799
"14",0.158229145373961,-0.0762717828797661,-0.0185576867460034,0.151494176414107,0.0184203542301898,-0.0635768593569452,0.00168597913452972,-0.108394681403105,-0.0165993735170499,0.0159536639154149,0.0886805825986549,0.087435791183448,-0.0179124945415327,1,0.0997271729796732,-0.0132953617446652,-0.00843951158792897,0.424241171977495,-0.181411623706143,-0.18313378364345,-0.146625793427696,-0.0245711975722394,-0.0240807029199283,0.131546274662073,0.101889827504633,0.132378997581343,0.110307735525674,0.028311257982454,0.0452958075028183,-0.0540667107975393,-0.105641918525198,0.198120020487888,-0.0133273892667581,0.0647385350235375,0.100701976851235,0.0801214276667994,0.131218144080234,0.114116337923209,-0.167134709673948,-0.079780523237447,0.0617607653253572,0.080645134810726,-0.0438991244627657,-0.020131470459313,-0.0876133901612038,-0.0528857881498449,0.121180793427408,0.109147956619469,0.00114537504556984,0.221281916765745,0.113824323254421,0.175867190583255,-0.174888897040164,-0.144287347900802,-0.140427581279678,0.202258259190695,0.0511443989841367,-0.024599673672824
"15",0.0532143724979939,0.147999004210061,0.0397551030561909,-0.0380360257748712,0.0231036746654247,0.0203349052039615,-0.0640658613518537,0.052703848040542,0.278142506512672,0.139233259348056,-0.0417707138472867,0.0751529124239725,0.0306151428834301,0.0997271729796732,1,-0.102952078201877,0.0843603406820806,0.0533105914977247,-0.00675827441191757,0.121470239743069,0.0522310200245329,0.00786351792871028,-0.0793618835782934,0.0209759605512983,-0.0796622601873176,-0.00998051493027653,-0.0572641525322477,-0.123569985535872,0.00888917785560605,-7.1299784708989e-05,-0.0309829932835365,0.054690468591973,0.202534108028627,0.198506400449176,-0.0165811085348763,-0.0679233574515321,-0.0540931351400937,0.0358069243587965,0.136948459301412,0.0465213004200763,-0.0842829565159971,-0.0700183417293878,0.128298166248024,-0.154648846117133,0.0510249965527219,-0.287970360466845,0.0308289211370081,0.0253858562197458,0.0379571474578518,-0.0015236742216895,-0.0137379768623572,-0.0764764227214277,0.190034262849229,0.169205084639314,-0.0135349233828553,-0.112291813566286,-0.00317571481273673,-0.0423504649706465
"16",0.0575960350759385,0.0973039296171404,0.0511764085710177,0.0387346399214754,0.129408718590297,-0.0217957465667991,0.00497848137483986,-0.00847629612825471,0.0790570464828891,-0.0594390756629824,0.170771949339759,0.132632311533441,0.0894636707283505,-0.0132953617446652,-0.102952078201877,1,0.00592968420993004,0.0904203494932944,0.108857772075849,-0.0735939487285044,-0.188788785863999,0.0740827355832187,0.19335664223287,0.0849038966875971,0.066907863439054,0.0727891119992559,-0.0696595584966629,0.0657424226053453,0.0103663445476575,0.0671416677247463,0.0362007910672429,-0.0905443705046163,0.0256006459560431,-0.0638083676787554,-0.0236372024689893,-0.0906642319109953,0.23116173838665,-0.0995862996263668,0.00851423579881739,0.120874326982912,-0.0710147189169792,0.0702840969835864,-0.127299101026209,0.00928326702642228,-0.142308084289137,-0.0502397189882623,-0.0867207898396251,-0.00868923886100632,0.00027349464873771,0.0372524863974871,0.134410028582913,0.19648337006143,-0.105581871889111,-0.0455435324273231,-0.11496884045169,-0.254688221529043,0.217775674055761,0.0640623980507775
"17",-0.087270342046029,0.112330530442732,0.0453853926789378,-0.139971257903855,-0.0271939359597718,-0.00810442922060987,-0.0473250121775708,-0.0960676102717881,-0.00364415461093286,0.248702212513752,0.119538911592752,-0.0653329623627315,0.135129619814833,-0.00843951158792897,0.0843603406820806,0.00592968420993004,1,-0.0337637345861774,-0.131777024063248,-0.152881719173354,-0.123750657030487,0.0364917964491606,-0.0590928886833759,-0.0311309036328059,-0.107879079798657,-0.156873343441867,-0.270190335061183,-0.00621998377123318,-0.00281855658725137,-0.0699652775975164,-0.00875362360035143,-0.0827997824338476,0.158289803088101,-0.106743773090646,-0.167904816300809,-0.1953112349527,-0.0734237523073053,-0.185977772944736,-0.00428423784998318,-0.0292886519219892,0.145590913925701,-0.00445625376073336,-0.217971264968607,0.0535115654718767,-0.0710631712536428,-0.0420763903953669,0.151278022998614,0.0324194250458641,0.172081542325354,-0.034948530957373,-0.189011712494164,-0.096359991878288,0.156124761645751,0.167284086778739,-0.0701618902890804,0.106947184378052,-0.0935406836441698,0.0646307532572745
"18",-0.0624301569582523,-0.0778995932327601,0.346752725036653,0.106032985739646,0.0517933051128017,0.0632536367978061,0.0287163369700375,0.0655265484029875,-0.0977552603549497,0.0280705199440696,0.0581919592431317,-0.109228419225037,0.151180414624953,0.424241171977495,0.0533105914977247,0.0904203494932944,-0.0337637345861773,1,-0.0403677197399209,-0.0758830233226464,-0.0308446283436462,0.102963096334664,0.133331985713342,-0.0339990942046555,0.0528387704004687,0.0662786040100683,0.00533725259376655,0.127181707230241,0.0425074813497005,0.00462871835779047,-0.0902454765553813,0.0731155074631573,-0.068037822521624,-0.00269088366338475,0.0509303094706092,-0.0534292386567503,0.0437363174890028,0.0173787169788979,-0.126237506197603,0.124917934249976,0.0144325021469353,-0.112943633445694,0.0424203514660723,0.228842644549261,0.0414691685453136,0.136740150138608,0.100308835655091,-0.0611207632002398,0.010460262028439,0.2540091099003,0.166743233018789,0.0199329542182222,-0.15770226877117,-0.104384075603049,-0.205456319323636,0.0391393143784747,0.0636224657453022,0.0306604698126794
"19",0.127062915237933,-0.106472785771655,0.217254826663038,0.0787681713219565,-0.117697574094194,0.170013072769626,0.0455770515218175,0.137559481667252,0.0108943755320723,-0.0604968593548848,0.0713807585404857,0.137396127269233,0.0300213056053402,-0.181411623706143,-0.00675827441191757,0.108857772075849,-0.131777024063248,-0.0403677197399209,1,0.0276098033736964,0.046694236703115,-0.00191967965213232,0.071753519619497,-0.0759166876499445,0.00922855487951346,-0.092444290349068,0.0667464607496746,-0.194564326618172,-0.174576799882685,-0.144167929972588,0.339466793083818,0.112723270500278,0.064540004677239,-0.0280875833565702,0.129488873811693,-0.0252374435634363,-0.00966591172149824,-0.0389507440935561,0.049187884582085,0.0167680423751426,0.0328651844113688,-0.311852661214371,0.0941947659984735,0.00433188510620135,0.124137805201541,0.0734783680166869,-0.10623669679045,-0.205825359689286,-0.003227398229665,-0.120084065345189,0.0333786724198245,-0.200645867694717,0.0417585026227277,0.0709188808422095,0.0399631182370621,-0.194865588625819,-0.0350822914223376,6.02745642139612e-05
"20",0.034873195738992,0.104003516737627,0.0740678544021508,-0.12751945026199,0.0757427252565726,0.200921477693637,0.00903502421318781,0.0375177450324646,0.127939836072259,0.176506681206458,0.103122046310548,0.0514163573199439,0.134205737581787,-0.18313378364345,0.121470239743069,-0.0735939487285044,-0.152881719173354,-0.0758830233226464,0.0276098033736964,1,0.106310123537854,-0.00971410661276095,-0.0492866458567097,-0.119175367688763,-0.0678298201637722,0.00910988259584009,0.0316554424142115,0.0199668553226099,0.129045845808535,0.0325661445553574,0.00988174501020163,0.354445182409246,-0.0322262113763044,0.183465916336536,-0.109542383345332,-0.0708494598005216,-0.175256231518403,-0.0573032677263055,0.124231749573563,-0.00886958466326414,-0.0634562702788827,0.0112266268540763,0.233810554033831,0.155841431967586,-0.0434737678436233,-0.00608365118783281,0.194683959933218,0.050566910424825,-0.0305523029721639,0.0519740041381567,-0.07454407552335,-0.0926592145854713,0.0330195629290948,-0.12178145542197,0.0615134025631222,-0.0239138027895606,0.11801205447362,-0.0902226736823525
"21",0.0706047128176193,0.122204844217977,-0.123737309793389,-0.059518113394388,-0.0998223693697575,-0.120194107721331,-0.128593927317872,0.102056014371497,0.00436744839298009,-0.0519467738101575,0.169249092824666,-0.170534517722009,-0.054242177005837,-0.146625793427696,0.0522310200245329,-0.188788785863999,-0.123750657030487,-0.0308446283436462,0.046694236703115,0.106310123537854,1,0.117979839725068,-0.0654906143231421,0.115563468600771,-0.138600357828683,-0.108329892890384,0.0183855234007575,-0.102659026766497,-0.0635592310187007,0.0245273902364188,0.141413536654671,-0.119797640229317,0.0767161454772566,0.0101617405009855,0.010002262974557,0.111730731381289,-0.296817566684086,0.141075440359791,0.178847538084726,0.0635042760380282,0.0683883505024087,0.073510411569609,-0.0919953362005333,-0.0715015553879799,0.0946427785593678,-0.107988162964341,0.0822633729963765,0.0939221134600392,-0.0650558525684315,-0.00269872819266748,-0.00450098611079904,-0.0266882366599099,-0.0702236194437374,0.11479614493517,0.002815238919587,-0.105488071432669,-0.0452217995366251,-0.0481931402213264
"22",0.0461278884820596,0.0322855574800306,0.017247621282437,0.14640463739652,0.023400773640502,-0.0303732262750625,0.2029834942032,-0.0409342742144174,0.131706013410832,0.165767998576832,0.0547503201408708,0.21779233208996,0.0258257762693346,-0.0245711975722394,0.00786351792871028,0.0740827355832187,0.0364917964491606,0.102963096334664,-0.00191967965213232,-0.00971410661276095,0.117979839725068,1,0.10365181966549,0.0545859517813409,0.0217268122641209,-0.0745260874332631,0.0478441409890854,-0.0377095027040214,-0.217171204030634,0.214011010985885,-0.0161443574410007,0.133931527472082,-0.0630485883518721,0.150890865986127,-0.0687428010199478,-0.0113350131295704,-0.0446080806183986,0.122924054058632,0.0309146341523787,0.0814382897668181,-0.0633455141209148,0.0076621332350116,-0.0227095102769855,0.131569703924569,-0.142205729539466,-0.00507324019256537,0.106411209551694,0.111454062570608,-0.0675305866360561,0.176439995585414,0.143590683736324,0.0263905386716229,0.00618683124673256,-0.00782989018841573,0.0364537336556039,-0.162957492141399,0.0222323708209838,0.0399678696213169
"23",-0.0334158939663248,-0.0739890902717876,0.147188957065525,0.102886755468982,-0.0272704989713614,-0.0445077269702785,0.206934167032135,-0.0289297929347414,-0.0947677585992375,-0.105508626071241,0.14779729322107,-0.0163910742544411,0.19645096376874,-0.0240807029199283,-0.0793618835782934,0.19335664223287,-0.0590928886833759,0.133331985713342,0.071753519619497,-0.0492866458567097,-0.0654906143231421,0.10365181966549,1,0.0298476617825493,0.0609196504638201,0.171865612956777,-0.127501345987877,0.120576672614429,-0.156282472609721,0.109686365800613,0.0134414435290137,0.204155017395957,0.0607387770748591,0.149209496828731,0.0815631085874621,0.0400118563079695,0.0822176676639385,-0.0520808426878172,0.0334830963927666,0.065256613272389,0.161386450802734,-0.010747552919617,-0.145074129750984,0.0680420948861135,0.00096059354429311,0.0173316430160554,-0.0421733886578268,-0.0167268222602574,0.160690882759273,0.0184084314791232,0.191324023321801,0.0863763819252686,0.0413284600566899,-0.0160614092090158,-0.00575046908339888,-0.0569783423479787,0.115652212769524,0.0902757338358828
"24",-0.0101122586878496,0.054457415968179,-0.150786821560775,0.125344771771451,0.0130652424973869,-0.0682928346973733,-0.0941085788637538,-0.0658041332247634,-0.1310269167266,-0.036908556847131,-0.219126644385261,0.150398857719952,-0.150568576966637,0.131546274662073,0.0209759605512983,0.0849038966875971,-0.0311309036328059,-0.0339990942046555,-0.0759166876499445,-0.119175367688763,0.115563468600771,0.0545859517813409,0.0298476617825493,1,-0.134560910771387,-0.0802639162971845,0.055080557297794,-0.0220909346421605,0.0299350074369901,-0.0441773181989317,0.0173087863959172,-0.0811172264409868,0.167005270218734,0.177252086632888,0.0615679946751232,-0.0925121558172377,-0.113378474559692,0.165946947808347,-0.0189364089859447,-0.0363992652179343,-0.0195802672759313,0.10541508711949,-0.152160051316953,-0.0817258563437574,-0.227615307952776,-0.207120256993281,-0.00513942134007569,0.161262517730149,-0.105746740195474,0.0475805104406011,-0.0623274444559126,0.14633375999318,0.0177491098952944,-0.175073056054339,-0.011143853973302,-0.0472963779323886,0.16136328638765,0.00710195652273648
"25",-0.109661013404899,-0.137376895904266,0.0310645428819352,0.11073922652796,0.113637449937748,-0.0885147188471839,-0.0217990421926067,0.152987909329624,0.0113367963006505,0.103325686280042,0.0472087369868038,0.153261769791342,-0.113982995951761,0.101889827504633,-0.0796622601873176,0.066907863439054,-0.107879079798657,0.0528387704004687,0.00922855487951346,-0.0678298201637722,-0.138600357828683,0.0217268122641209,0.0609196504638201,-0.134560910771387,1,0.150936336546209,0.234041891772011,-0.094816526645995,0.0686062549220251,0.120896314560389,-0.124414925478908,0.0616448252413525,-0.271919670968906,-0.0193192471853482,0.169545366761547,-0.057066839619509,0.177191824422814,-0.0274603687832193,0.0334948448980378,0.132642631159546,-0.232391738714236,-0.140290258429536,0.176402265616382,0.115383086530463,-0.0596764437890878,-0.00418927694968874,-0.17815734701246,-0.14218705946574,0.0187395517027634,-0.00215420768167095,0.158174671296872,0.310108958141779,0.0108635295625252,-0.0335935634362852,-0.119143485856513,-0.117553614700803,-0.0370876702763926,-0.25873848328986
"26",-0.0030204378911372,0.111628787492295,0.0790256659579482,0.16013370497221,0.068514863473964,-0.0591345554173489,0.0240443545670428,-0.0302930364791058,0.0489531753580119,-0.00414320946841184,0.131781317139404,0.135579468996322,0.0657867086512026,0.132378997581343,-0.00998051493027653,0.0727891119992559,-0.156873343441867,0.0662786040100683,-0.092444290349068,0.00910988259584009,-0.108329892890384,-0.0745260874332631,0.171865612956777,-0.0802639162971845,0.150936336546209,1,-0.0633331053273497,0.00181921254113328,0.0160896334183142,-0.0289056216045802,0.0456736386151348,0.0283606043187736,-0.140985281528999,0.128734881876663,0.129481718888191,-0.0142178564273204,0.314480009674523,-0.104683840187035,0.171122483499066,0.162851153182104,0.0307630116524274,0.0351693368992644,-0.0134950561381301,-0.092090196275391,-0.137532028347469,0.192507132693427,-0.00538409156871309,-0.00517375805613828,-0.0598332550067219,-0.020851976323207,0.0741675090100774,0.129749101558931,-0.182213158087047,0.0533926485614763,-0.115945587632041,0.0574871981094702,0.0685505907469165,0.179569688787534
"27",0.0409051807304536,-0.0297866348750407,-0.168197037081485,0.2279540863703,-0.056719889892613,-0.0339690144843804,0.0695515682399788,0.0685128169202449,-0.0204773373437071,-0.0528334445369905,-0.258514928215369,0.155270971182689,-0.067444766428782,0.110307735525674,-0.0572641525322477,-0.0696595584966629,-0.270190335061183,0.00533725259376655,0.0667464607496746,0.0316554424142115,0.0183855234007575,0.0478441409890854,-0.127501345987877,0.055080557297794,0.234041891772011,-0.0633331053273497,1,-0.0421849335412119,0.116015449575323,0.147641026151033,-0.0689201488500418,0.0652774550169365,-0.196149585088013,-0.00910072061485415,-0.0332119574166409,0.127301050027629,-0.015604468222653,0.125049853281495,-0.0729188300385094,-0.0481988068076654,-0.0295761324494616,0.0460758127081984,0.227544851363293,-0.106227727105515,0.109042091125349,0.0451917548793218,-0.05622889591813,0.0410735483546688,-0.0135116914152667,0.013743949258884,0.129602720881701,0.0866931754445048,-0.107875609674248,-0.108653933738832,-0.024989198376788,-0.0502395265858868,0.0213512401183646,-0.0907420446719698
"28",-0.0491731386689463,0.107521962615719,-0.0361596967809298,-0.0469533623431773,-0.0549286707602115,0.233567500796478,0.0312935928858654,0.0414186198707376,0.00459687521457951,-0.077808777188813,0.0806793566946998,0.137327587029766,0.11393543812225,0.028311257982454,-0.123569985535872,0.0657424226053453,-0.00621998377123319,0.127181707230241,-0.194564326618172,0.0199668553226099,-0.102659026766497,-0.0377095027040214,0.120576672614429,-0.0220909346421605,-0.094816526645995,0.00181921254113328,-0.0421849335412119,1,0.0577142963633041,0.142746627156957,0.0323014919069218,0.0172383618447771,0.0652090825454814,0.154187591730518,-0.17672366444047,0.0898397848491391,0.0964382848222621,0.0608594276493597,0.0301691171960013,0.182062885428653,0.0206579663852542,0.116691295239612,-0.0361634681123143,-0.13149369130622,-0.232328131276105,0.00596747957793869,-0.0113859135444673,-0.123325225179712,0.0972976917129789,-0.0257182648133459,-0.029822972717473,0.0742178360438515,-0.235340046380194,-0.0718412975924177,-0.0228510159438964,0.180412302293334,0.0165998048723987,0.196341260684349
"29",0.100238317203977,0.0783787230838889,-0.0183283500869293,-0.0528971628586116,0.145175205585449,-0.0402084940269741,-0.154642165562376,0.0100651787129689,0.051549525267563,0.188906575977923,-0.0507124382430907,0.0342630750836094,0.211390051809116,0.0452958075028183,0.00888917785560605,0.0103663445476575,-0.00281855658725137,0.0425074813497005,-0.174576799882685,0.129045845808535,-0.0635592310187007,-0.217171204030634,-0.156282472609721,0.0299350074369901,0.0686062549220251,0.0160896334183142,0.116015449575323,0.0577142963633041,1,-0.0425952116139752,-0.069301005204461,-0.0792023888403196,-0.0667106202769392,0.0421697457222032,-0.0345630652227997,-0.120850720758656,0.0605685463210311,-0.00135563356804945,0.0483796108884342,-0.0164082446153153,-0.162715335165911,0.0568222474996831,-0.0784843510438576,-0.0427743923489941,0.0409116675585499,-0.148860589914794,0.132607407339099,0.0635395613098167,0.0880144028595182,-0.0367400141935756,-0.205212345243053,0.0706552235257604,-0.0171093792235722,-0.147290391274049,-0.126525410122788,-0.0143416130330094,0.00822423370366967,-0.0240958954319096
"30",0.00425106126998435,-0.0695617791375511,0.00345082845056359,-0.0798870850360526,0.133131789850672,-0.102755990487221,0.153890145206059,0.104035483007578,0.196316715037772,-0.014458277781625,0.148657925898999,0.126498319038202,-0.0227392919076057,-0.0540667107975393,-7.1299784708989e-05,0.0671416677247463,-0.0699652775975164,0.00462871835779047,-0.144167929972588,0.0325661445553574,0.0245273902364188,0.214011010985885,0.109686365800613,-0.0441773181989317,0.120896314560389,-0.0289056216045802,0.147641026151033,0.142746627156957,-0.0425952116139752,1,-0.0483882478106998,0.0692416551497939,-0.0539745853777475,0.100417111741235,0.0460613097539904,0.0477758925978356,0.0684511155178822,0.248304301279146,0.146556890844686,0.192515633806529,-0.103109654481838,0.132179633769236,0.0651573165360022,-0.106972557099899,-0.139981459650033,-0.0872553960184766,-0.0351583093098673,-0.063262371847961,0.0250499626747611,-0.043878014763333,0.0184384694011252,0.109386138603184,-0.118562209779336,-0.171491303937569,-0.0505703932351647,-0.17009378949222,-0.0973805369515021,0.0105221119220995
"31",0.0472468646651951,0.231055520511473,0.0643634317534378,0.0592219374075143,-0.230459726597655,-0.0371930031803383,-0.0803248848884267,0.124870632083485,0.171966620078297,-0.0771461592377185,0.149746795269306,0.0772309019012593,-0.0108806313310698,-0.105641918525198,-0.0309829932835365,0.0362007910672429,-0.00875362360035143,-0.0902454765553813,0.339466793083818,0.00988174501020163,0.141413536654671,-0.0161443574410007,0.0134414435290137,0.0173087863959172,-0.124414925478908,0.0456736386151348,-0.0689201488500418,0.0323014919069218,-0.069301005204461,-0.0483882478106998,1,-0.107148475129548,0.244587771579712,0.0995123161679104,0.266429072901521,0.150827831485927,0.0735780659506674,-0.0333181459430476,0.0496684436827627,-0.0424173541317201,-0.055729475271457,-0.0718001519657703,-0.139862898691978,0.0112012699486334,0.0130881928525112,-0.178184202155227,-0.0442896483312858,-0.0614690014561566,-0.0604363777762747,0.0373183461364696,0.0306861332568649,0.00168959679699816,-0.189727748960623,0.0373642442903208,-0.0133101687729581,-0.0898383091155472,-0.236253998855074,0.0916395805330472
"32",0.144963397279482,-0.0167988647275989,-0.104278205184686,0.00415670740073731,0.0695045099799151,0.254414912609049,0.135708746677322,-0.0130395663749319,0.0302432826826055,0.0474047463813415,0.161052987219746,0.191434725620533,0.145930942191719,0.198120020487888,0.054690468591973,-0.0905443705046163,-0.0827997824338476,0.0731155074631573,0.112723270500278,0.354445182409246,-0.119797640229317,0.133931527472082,0.204155017395957,-0.0811172264409868,0.0616448252413525,0.0283606043187736,0.0652774550169365,0.0172383618447771,-0.0792023888403196,0.0692416551497939,-0.107148475129548,1,-0.0347528402693287,0.330175347066918,0.0108503551292794,0.0853664787821401,-0.0293102117685733,-0.0144562842898313,0.182893556818723,0.0461695211875874,0.0322050216728922,-0.0492527569754806,0.125319193438662,0.00298470449845444,-0.182322194628381,-0.0761635855397299,-0.00220339698392604,-0.0427322009514458,-0.0832752564207615,-0.106695989452538,0.129587203759506,0.103997011560219,0.0229462099353155,-0.00679513810908969,0.0195830838301803,0.016835064359848,-0.114649092409895,-0.168209308965363
"33",0.28596937810966,0.174335407362056,-0.00818911159267471,0.206296063708551,0.0747280613072052,-0.0936767333448654,-0.159987405744412,-0.0837489185669278,0.189069214386497,0.0206617603767398,0.0494111871055338,0.115792179376585,0.0411431396845504,-0.0133273892667581,0.202534108028627,0.0256006459560431,0.158289803088101,-0.068037822521624,0.064540004677239,-0.0322262113763044,0.0767161454772566,-0.0630485883518721,0.0607387770748591,0.167005270218734,-0.271919670968906,-0.140985281528999,-0.196149585088013,0.0652090825454814,-0.0667106202769392,-0.0539745853777475,0.244587771579712,-0.0347528402693287,1,0.32607005968236,0.0123079572487394,-0.0297823049136591,-0.0302897557434321,-0.0540046535843655,0.0950981983727081,0.0663939715738822,0.212820967921936,0.115690307490468,-0.262269457521931,-0.00292162259728797,-0.150268918696465,-0.242312452125552,-0.0225350634752222,0.0432366685842578,0.00023079027804976,-0.0126014164529978,-0.0306150492611181,0.108198388849552,-0.131724461253905,0.019741315484796,-0.115704005005609,-0.179386895595238,0.0710370967186727,-0.00798663469969886
"34",0.214640571788324,0.218455069507616,0.0367671526351281,0.314063226153805,0.14778800846321,-0.0318928049371764,-0.101894734546059,-0.0157986465296907,0.137195752961602,0.105091063772702,0.17748257440455,0.292509902427685,0.13208507121604,0.0647385350235375,0.198506400449176,-0.0638083676787554,-0.106743773090646,-0.00269088366338475,-0.0280875833565702,0.183465916336536,0.0101617405009855,0.150890865986127,0.149209496828731,0.177252086632888,-0.0193192471853482,0.128734881876663,-0.00910072061485415,0.154187591730518,0.0421697457222032,0.100417111741235,0.0995123161679104,0.330175347066918,0.32607005968236,1,-0.00251848542495064,0.100041596229967,0.012544164660438,0.194249407413881,0.3602674432732,0.328822726492382,-0.0262082860193878,-0.0576056000976955,-0.0374792429134966,-0.233017907264409,-0.273144037515328,-0.240197620728331,-0.104034441378225,-0.0698328406988663,-0.0387114000007576,-0.0964312917512426,-0.072219770335956,0.0509601747258775,-0.215172054834757,-0.16808023271156,-0.122265207261187,-0.184955618600328,-0.0229161292254605,-0.164866621493105
"35",0.0144605212845009,-0.0528742024408803,0.0162208585718611,0.00489900343320848,-0.0032764412555728,0.0132286724405408,0.300834346784954,0.1722346159174,0.0309698420184976,-0.0649768118772983,0.141162797853141,0.113395426418108,0.108592707220955,0.100701976851235,-0.0165811085348763,-0.0236372024689893,-0.167904816300809,0.0509303094706092,0.129488873811693,-0.109542383345332,0.010002262974557,-0.0687428010199478,0.0815631085874621,0.0615679946751232,0.169545366761547,0.129481718888191,-0.0332119574166409,-0.17672366444047,-0.0345630652227997,0.0460613097539904,0.266429072901521,0.0108503551292794,0.0123079572487394,-0.00251848542495064,1,0.0984450796289229,0.244447284951677,0.107879936220418,0.0345615933496408,-0.0139690419982519,-0.0519578792562018,-0.128607437866584,-0.0662943181244503,0.061004353927428,0.167812157638519,0.17173293807887,-0.20286214530879,-0.142457151310181,0.0743348393363314,0.159384415202513,0.250699269182707,0.123949629180698,0.0572742639327274,-0.225105649540496,0.0625054278954293,-0.0173444521716513,-0.0363938626049102,-0.107089598758375
