"","l_Insular.Cortex","r_Insular.Cortex","l_Amygdal.Area","r_Amygdal.Area","l_Bed.Nucleus.of.the.Stria.Terminalis","r_Bed.Nucleus.of.the.Stria.Terminalis","l_Hippocampus","r_Hippocampus","l_Orbitofrontal.cortex","r_Orbitofrontal.cortex","l_Entorhinal.Cortex","r_Entorhinal.Cortex","l_Frontal.Association.Cortex","r_Frontal.Association.Cortex","l_Globus.Pallidus","r_Globus.Pallidus","l_Glomerular.Layer.of.the.Accessory.Olfactory.Bulb","r_Glomerular.Layer.of.the.Accessory.Olfactory.Bulb","l_Glomerular.Layer.of.the.Olfactory.Bulb","r_Glomerular.Layer.of.the.Olfactory.Bulb","l_Granule.Cell.Level.of.the.Cerebellum","r_Granule.Cell.Level.of.the.Cerebellum","l_Hypothalamic.Region","r_Hypothalamic.Region","l_Entorhinal.Cortex","r_Entorhinal.Cortex","l_Vermix.Molecular.Layer.of.the.Cerebellum","r_Vermix.Molecular.Layer.of.the.Cerebellum","l_Lateral.Molecular.Layer.of.the.Cerebellum","r_Lateral.Molecular.Layer.of.the.Cerebellum","l_Anterior.Olfactory.Bulb","r_Anterior.Olfactory.Bulb","l_Posterior.Olfactory.Bulb","r_Posterior.Olfactory.Bulb","l_Subiculum","r_Subiculum","l_Perirhinal.Area","r_Perirhinal.Area","l_PreLimbic.System","r_PreLimbic.System","l_Primary.Cingular.Cortex","r_Primary.Cingular.Cortex","l_Primary.Motor.Cortex","r_Primary.Motor.Cortex","l_Retrosplenial.Cortex","r_Retrosplenial.Cortex","l_Secondary.Cingular.Cortex","r_Secondary.Cingular.Cortex","l_Secondary.Motor.Cortex","r_Secondary.Motor.Cortex","l_Striatum","r_Striatum","l_Ventral.Tegmental.Area","r_Ventral.Tegmental.Area","l_Substantia.Nigra","r_Substantia.Nigra","l_Thalamus","r_Thalamus"
"1",1,0.294012875379136,0.0188959151940735,-0.092919907072675,-0.00839094318758456,0.0346693235385838,0.125526209249611,-0.138396702986533,0.282150029906671,0.234656765604394,0.156685906566171,0.116938441645868,0.26591239713305,-0.00531508800063807,0.0949379585435473,-0.006470606790299,0.00437930323989623,-0.102577587158276,0.0025464531938825,0.0450563975540116,-0.210240935355359,0.0550972197375449,0.0209734824340887,0.189966644748894,-0.0312830201415626,-0.049339285052448,0.143705752852272,-0.0706857351896248,0.0587660447533789,0.0523831094453787,0.0969095688243792,0.104572383661738,0.135142342917644,-0.0257095971418577,0.0374744669758909,-0.0986694819218769,-0.108178638085407,0.0246750740594089,0.0605817854961253,0.112594690598029,0.0618673227081454,-0.0331486759905678,0.158351142317911,0.0469274715355977,0.110780917375152,0.0137994604152561,0.00959848383549104,0.147375390887667,0.360405998589462,-0.0252219581560702,0.29160611915527,0.16137997431214,-0.0877872340050393,0.0929662977274444,-0.11608611708934,0.108266862240974,-0.0257568129729443,0.057254348219814
"2",0.294012875379136,1,0.00967467277755658,-0.0632126306458751,-0.200521064378693,-0.0574608959936655,-0.00272289568216185,0.0129854620083447,0.285029985767837,0.417852734919473,0.247947306840371,0.320985317161854,0.204269809334425,-0.120568368811261,0.234712436238879,0.188457467506081,-0.0720019452087362,-0.188398885840628,0.0658819628469016,-0.0361976215785349,-0.0391114725664231,-0.0120770943388919,-0.059387319314019,0.0442552862003691,-0.0265464619823981,-0.0913487815696893,0.0211698410669745,-0.0415524719538074,0.19249093377441,0.0781888510729594,0.069395489067001,0.0278445725950077,-0.0793255067477188,0.132764720174927,0.116147535835992,0.0489379622011893,0.0453357866338576,-0.146499251212715,0.133036523365621,0.0290973683640765,0.0885769976671997,0.0350020969833385,0.102788874517342,0.0637373703627453,0.013820005760266,-0.171076471597748,0.00728067776806993,0.0765441525621991,0.148839638144061,0.0292573811341263,0.141458810408357,0.132606453513014,-0.176406170402228,-0.108803159123864,0.0499529930364777,-0.0816871366880913,-0.295667648513531,-0.0387832287656669
"3",0.0188959151940735,0.00967467277755658,1,0.121779020735146,-0.0582521996320118,0.165677186258282,0.0274451276923767,-0.123351921996856,0.130417760355274,0.0249228502336642,0.0995479215324584,0.164233393561887,0.260412504466435,-0.127200642321103,-0.0118813748299921,-0.0795788267313805,0.0556466793115104,-0.0650816118804223,0.0539272106667504,-0.0512677506447333,0.0927208083450301,0.0279626175046472,0.0262296688481202,-0.00417375355863042,-0.0001970130951271,0.107667932493343,-0.0973752260149597,0.131491137702812,0.0698147587037398,0.0260340068342144,0.0944301355054197,-0.00657980608467763,-0.218999843153868,-0.0362017200756677,0.0752952869779842,-0.114114580699372,-0.112525579650494,-0.058098336516099,0.178152328240857,0.111400256944277,0.171936948823414,0.11094345251371,0.154498464202645,0.0819731623021839,-0.0503702308681541,0.0772027406065254,0.0613608180193513,0.0348288719754859,0.12177545815622,0.021302275740252,0.0406710995757196,0.24879950850976,0.124727409787509,-0.0992427152394612,0.158807873128083,-0.0533228752303419,0.0266013303886991,-0.0549344843727023
"4",-0.092919907072675,-0.0632126306458751,0.121779020735146,1,0.130469835567997,0.0171809230003914,0.22594250041108,0.00650702233560301,0.0956615137209337,0.029410949677597,-0.165649422507589,-0.161762792833506,0.092430534409396,-0.195774189956697,0.0580917726698514,0.108054736347503,-0.0720112970174378,-0.141739144940245,0.0369775309991192,-0.20855114534347,-0.0866747654492519,-0.0774130110831694,0.00744087997850276,0.0481362311107008,-0.0536545004836568,0.0224535027612994,-0.0319489301331719,-0.0253555759343429,0.0410141782129781,-0.0882316074619609,-0.0239494463793595,0.112598414016405,-0.00275615723402347,-0.0357274851880933,0.144863999589677,-0.016259819271203,0.0586854549528077,0.148409131784593,0.00589902136800559,-0.126797186873406,0.0889551922512712,0.0278561190119512,-0.0268820373876512,-0.00023158582169047,0.14518335575672,0.0440979712962766,0.199510716957379,-0.0684026613534871,-0.0486613375964777,-0.155561085131711,0.134057600861944,0.345944633028642,0.123119548576964,0.114797115020921,-0.00676936188655636,-0.0274047861430217,0.158511151915476,-0.00480499061849106
"5",-0.00839094318758456,-0.200521064378693,-0.0582521996320118,0.130469835567997,1,-0.0543424235607171,-0.148792232131279,-0.0357580140812003,0.00814045387799103,-0.0730337544203175,-0.115658474104064,-0.0523112558123299,-0.145387892723017,0.0881441113428536,0.0694871223037815,-0.0304796302802662,-0.110491617215077,0.215007754554415,-0.0609292032212806,-0.0205210198099222,-0.0456070047071968,0.0406371737658011,0.214059437216959,-0.0112834421559995,-0.0162548583028571,-0.0358782386125344,-0.0195750047459892,0.0443909601090293,-0.120063979272191,0.101454386678733,-0.0822808988348875,-0.107416591657725,0.153057566930035,-0.0442275900867498,-0.0567376111623847,-0.30441832459503,0.223943894642293,0.0758547406680394,0.0946105888878836,0.214699896491328,0.0772793575953001,-0.0183624402453713,-0.101749731172214,-0.0891716815464682,0.0561179190479199,-0.0236214723882897,0.0625827607690055,-0.0485911653564747,-0.115488990462835,0.00346564033967108,0.122742556876671,0.0403967514985176,-0.0748789855896523,0.037166951034162,-0.116342618429279,0.0856173629684839,0.30977409133342,0.0117137839834428
"6",0.0346693235385838,-0.0574608959936654,0.165677186258282,0.0171809230003914,-0.0543424235607171,1,-0.0468277447773718,-0.0940174611100732,-0.0668494726236875,-0.0772476764540021,0.105851742406719,0.0706013671448473,-0.0329978768263521,-0.129427073698001,-0.0721649303289468,-0.112694463067412,-0.0482696699518271,-0.0606696927667121,-0.0510048903616719,0.0682171091313017,0.0255921779393932,-0.136337614958822,0.110505063178422,0.038019933149899,-0.157561557551969,-0.110639795288772,-0.02829894909011,0.0725050272862479,-0.0859371861100034,0.00300577681604736,0.139115224490859,0.116398563352432,0.0707928234623715,-0.0257105766876048,0.199197014822254,0.231616440896154,0.0761161508733502,0.103860013728807,0.274388959532151,-0.0718707345902372,0.202379637997492,-0.00572293335246537,-0.0765217025830495,0.0645530131562103,0.0247102993061303,0.10909544157484,0.166723691536652,0.107657242884854,0.0702021360165212,-0.105970026884124,-0.042459542152112,0.0812335064416621,0.017904055155595,-0.0767406900825379,0.0141281580764855,0.159881739064744,0.303007401862587,0.0944682587568346
"7",0.125526209249611,-0.00272289568216185,0.0274451276923767,0.22594250041108,-0.148792232131279,-0.0468277447773718,1,0.119841189221215,0.0187860126680777,-0.034296761029826,0.15159497584537,0.0548958869282953,0.0990271551403033,-0.0791428989307473,0.0717336792898449,0.0432703458017869,0.0758481348703252,-0.0969527471022688,0.0677589618757735,-0.180951543775629,-0.0901634984778727,0.112549123057774,-0.0354929209860156,-0.0182844667535255,0.0910139914201967,0.00988612790479226,-0.0243807172631392,0.0688519151625386,-0.0615358699746686,-0.0065171748367767,0.00672188353003071,0.114053291123295,0.0678412660528001,0.109323910453458,0.373403537281475,0.0238744729959649,0.130315983962561,0.155264469840671,-0.158023162845666,-0.0146746509497349,-0.0646573844172598,-0.0776618206631765,0.277568284249079,0.0617432175971856,0.115245319715098,-0.00371031459772357,0.0137912211554585,-0.0417227743924343,0.140606767401716,-0.0549747691782472,0.17267464347067,0.167297886544349,0.0910069793359173,0.0800206319280584,0.0208513137198614,-0.019596207778041,-0.148136306460626,-0.0134392726517985
"8",-0.138396702986533,0.0129854620083447,-0.123351921996856,0.00650702233560301,-0.0357580140812003,-0.0940174611100732,0.119841189221215,1,-0.00707563209489215,-0.0999118151882833,-0.108725050410277,0.0681960910630988,-0.150428818378307,-0.0182108842282433,0.0665473378612231,0.031224916938919,-0.124527892452709,0.140754746410718,-0.0694474144067199,0.010926069112607,0.138327942098959,0.0371821618514599,0.0798010591997828,0.0142176988478695,-0.117801694323748,-0.0950691644329531,-0.15837545294922,0.0532044614342958,-0.157810296578404,-0.0399523108821863,-0.0260775245020043,-0.00664580469564691,-0.0508590999062756,0.206881314434855,0.164133331660865,0.254833981844263,-0.0123295630815209,0.157464570148377,-0.107384088393015,-0.0676006798530642,0.171153131526432,0.183372629371794,0.0441431793118384,-0.176508581136375,0.0680029432859756,-0.0723848201622883,0.1166938469438,-0.0298651363382497,0.0634734129375245,-0.0142542886064711,-0.019407994171105,0.132652966602429,0.147052605368375,0.105581761665757,0.0727034698902459,-0.0158412598051213,-0.324094165082158,0.121398346620747
"9",0.282150029906671,0.285029985767837,0.130417760355274,0.0956615137209337,0.00814045387799103,-0.0668494726236875,0.0187860126680777,-0.00707563209489215,1,0.303222592485809,-0.093644649049717,0.0288815884997139,0.205474898785991,-0.139749046746606,0.0673019193899874,0.045112986960862,-0.0233039145080688,-0.282394544600294,0.0223955568832272,-0.0862703073709485,-0.110500415534728,0.0608446032287461,-0.00221075186643616,0.076691267159095,-0.134803657030143,0.0732945644261415,-0.132817085931437,0.0140983037099724,0.0376850415296052,0.00514385001943259,0.0786556334513542,0.047214057862453,-0.0250599441914577,-0.0320770296826764,-0.0613858852133873,-0.00472370151350067,0.0388730627633979,-0.104474608818658,-0.01809248509853,-0.0779368222874779,-0.0272095738293719,-0.0338974375853592,0.334393626632895,0.143402359900515,-0.0194409560631296,-0.0598508678501451,-0.0298580960930135,-0.024775661327906,0.159198625933533,-0.107897942006087,0.0518781491249979,0.152386741114335,-0.0706964319061118,-0.00756664443187476,-0.114718433960068,0.00617755239882631,-0.0654014576429963,-0.00371300612303751
"10",0.234656765604394,0.417852734919473,0.0249228502336643,0.029410949677597,-0.0730337544203175,-0.0772476764540021,-0.034296761029826,-0.0999118151882833,0.303222592485809,1,-0.129631372920866,-0.107621999200779,0.198694584481603,0.139883845436696,0.0664915866390111,0.0605317985191663,-0.0634648910360623,-0.149451501050778,-0.0155809589785956,-0.056493385562173,-0.0650768304764102,0.0571222115645645,-0.00391113902380654,0.117003332943266,-0.0537019050268359,-0.13997555031735,0.00887467381065833,-0.0693630505433921,0.178030541312947,0.0005540501206513,0.120538956122441,0.00889258750641585,0.115167990145195,-0.0525178607397453,0.0156344396371668,0.0465940586994986,0.0483205495747338,0.0666693684562265,-0.138068353601775,-0.152288282064541,-0.191876317528153,-0.168247281891945,0.097693488709299,0.184227780665378,-0.0140250414526484,0.0352277079488709,-0.11122020508274,-0.0186650164023543,0.0989409036989164,0.104911335191057,0.113143140465881,0.208466155035438,-0.030331990995398,-0.0835270059931328,0.0378796119682863,-0.0397222576969107,-0.0388795269912518,-0.0306355703162408
"11",0.156685906566171,0.247947306840371,0.0995479215324584,-0.165649422507589,-0.115658474104064,0.105851742406719,0.15159497584537,-0.108725050410277,-0.093644649049717,-0.129631372920866,1,0.294517285714777,0.117690198703395,-0.149185296582753,0.161518396601014,0.0440565885568577,-0.0202894350314041,0.0034671378825965,0.0820480926028632,0.0718029307378609,0.041518331966174,0.0091415681024512,-0.0510300506822199,-0.0710895323511648,0.0235904749144994,0.15737140648012,-0.0500499558441128,-0.0567257287717309,0.02509367611094,0.115911766558709,-0.197236910281393,0.117550964855658,0.0452112396140051,0.165992332245525,0.212582863264346,0.058700694914916,-0.0295876875270491,-0.139771651507447,0.116782107868773,0.208304794362537,0.0881792886658696,0.0738229598444527,-0.00418893943889922,-0.122218413548188,-0.0179721598109589,-0.0347954453534624,-0.133595562657211,0.021379073988205,0.149717306777984,-0.0931225304857222,0.311936313233349,0.0435360112647044,-0.0758343162753772,-0.00746458763363174,-0.0030004235101586,-0.00409086707292281,-0.0639277293510526,-0.133766554511814
"12",0.116938441645868,0.320985317161854,0.164233393561887,-0.161762792833506,-0.0523112558123299,0.0706013671448473,0.0548958869282953,0.0681960910630988,0.0288815884997139,-0.107621999200779,0.294517285714777,1,0.0367531897170999,-0.155371301330537,0.155485728480269,0.236268347631651,-0.146956666208308,0.0161686715597969,-0.0358822894062189,0.168922531078145,0.0349197620501806,0.111630242014502,-0.00423088054742079,-0.0806174063399241,0.131101155577024,0.153801540561025,0.0372880246828467,-0.0583792952026359,0.0684763701292086,0.0970487216672208,-0.0388650863215296,0.0545718276362585,-0.0215640624195284,0.268999577620247,0.130920803035961,-0.0324539404943394,-0.00774867236237272,0.0415400283826216,0.321428096592509,0.112188187059386,0.31652815963999,0.172401717536948,-0.114784073590715,-0.0267272852284537,0.120607658966579,-0.0937765434324271,0.206921907801352,0.173538680971863,0.123049391431518,0.0161695594694543,0.0637491575214306,0.0172800329648669,-0.122881538417663,-0.0700051867526016,0.0161119425614515,0.221872838525664,-0.0287111887755228,-0.169770815206286
"13",0.26591239713305,0.204269809334425,0.260412504466435,0.092430534409396,-0.145387892723017,-0.0329978768263521,0.0990271551403033,-0.150428818378307,0.205474898785991,0.198694584481603,0.117690198703395,0.0367531897170999,1,-0.237701954030707,-0.0245474274700262,-0.0860344875400305,0.155254616377103,-0.230227744436287,-0.124588171820201,-0.182817692572454,-0.0627094509824103,0.0618484429928087,-0.100526821967036,0.130759441532897,0.0964185731694172,-0.078123971043274,-0.183242851816011,-0.215025129070157,0.193241292324095,0.0278117483983111,-0.0648055582335176,-0.001873742791059,0.197516627604456,-0.212988733071494,0.132464435349428,-0.0448814243409649,0.144606320049054,-0.0634141472302582,0.0290114768980374,-0.0632189397372103,-0.0182542603114874,-0.0582199722781255,0.12311780085546,0.0129621744994715,0.0595391227009785,0.0591143366098474,-0.0733972404439401,-0.066354208617975,0.439407968498593,-0.201371695257411,0.161948778893618,0.185374728723734,0.00815333099696925,0.149356689840224,0.0197670831939918,-0.0733240179278275,-0.00892098049179625,-0.140369123726262
"14",-0.00531508800063807,-0.120568368811261,-0.127200642321103,-0.195774189956697,0.0881441113428537,-0.129427073698001,-0.0791428989307473,-0.0182108842282433,-0.139749046746606,0.139883845436696,-0.149185296582753,-0.155371301330537,-0.237701954030707,1,0.0317638090646931,0.090007846296919,0.0375663519166692,0.206855862243525,0.0329049812369223,0.113347688947679,0.00131498550409039,-8.60273913164704e-05,-0.00516897110623146,-0.0209451035632043,-0.0225836979975288,-0.0906645741215679,0.0130729375530508,0.16812068282419,0.0690100129200262,-0.10209997097182,-0.0548095095413604,0.0300420889455727,0.0410111425034517,0.0278659969105148,-0.153950926554867,-0.0483810730618423,-0.117513221781926,0.118924782269402,-0.184934366948033,-0.296002557293578,-0.0772096699605832,0.0387984101031632,-0.00675627366058443,0.0312508820519303,-0.0347340188083747,-0.0307438071028204,0.00182165367621868,0.125322766340996,-0.0283232559971775,0.392509661306978,-0.0713960650796193,-0.111726945265325,0.25890020697192,-0.0533038443795537,0.104168977112029,-0.0157641290826988,0.0676378108915616,0.00127175726225853
"15",0.0949379585435473,0.234712436238879,-0.0118813748299921,0.0580917726698514,0.0694871223037815,-0.0721649303289468,0.0717336792898449,0.0665473378612231,0.0673019193899874,0.0664915866390112,0.161518396601014,0.155485728480269,-0.0245474274700262,0.0317638090646931,1,0.226662446207384,-0.277829819100526,0.00311368582821607,0.102350582477395,0.102809249557759,-0.0132078008650378,0.115107521814488,-0.0799270268709649,0.0974807167734899,-0.174636852563434,-0.0033073665633159,-0.0874832189550535,0.0416487189805422,-0.0939385947720748,-0.0473360338893462,-0.0569597049329557,0.185135176471082,0.0534579095726569,0.182519951791268,0.0111187011883516,-0.100399087497481,-0.146406961340999,-0.0353452778764891,-0.0563631604061492,0.0572431896785805,-0.0243247897243465,0.303331373738614,-0.214692737337807,-0.200806781237777,0.117462947778128,0.0300793041427063,-0.078556219049851,0.185012749164759,-0.160676327761772,0.0341818539370796,0.145339017522341,0.167217821792325,-0.0737929946223301,-0.116968217437641,0.027739471086227,0.057743200121447,-0.141308586335566,0.0565380402973848
"16",-0.006470606790299,0.188457467506081,-0.0795788267313805,0.108054736347503,-0.0304796302802662,-0.112694463067412,0.0432703458017869,0.031224916938919,0.045112986960862,0.0605317985191663,0.0440565885568577,0.236268347631651,-0.0860344875400305,0.090007846296919,0.226662446207384,1,-0.130716090091529,0.186935932795269,0.0320912415617799,0.154430877891314,0.0142298286145202,-0.101023072107091,0.0984275686436904,0.0458012830632753,-0.150798128530034,0.0178292759007326,-0.107155214159286,-0.041060425973119,-0.045875334704321,0.0223390200229006,-0.275981641834628,0.0648645010528919,-0.0393568537261304,0.0150844260963994,0.0678630539256221,-0.0673424290324417,0.057289703948826,0.257171131744304,0.160865879186255,0.0869109222602086,0.0762125262000244,0.196308646562564,0.0430265784859529,-0.113706270823052,-0.167094619394366,-0.034964672662051,0.303238882151089,0.179322376624114,-0.0542807965017952,0.0660582314972107,0.0398306079575756,0.0665641538129699,0.0439993480955646,0.0537441642460597,0.300948323172948,-0.0524520062260186,-0.188999696260239,-0.114501411263509
"17",0.00437930323989623,-0.0720019452087362,0.0556466793115104,-0.0720112970174378,-0.110491617215077,-0.0482696699518271,0.0758481348703252,-0.124527892452709,-0.0233039145080688,-0.0634648910360623,-0.0202894350314041,-0.146956666208308,0.155254616377103,0.0375663519166692,-0.277829819100526,-0.130716090091529,1,0.0419191314532182,-0.0131299145574022,0.0151761467421308,-0.0134865756989374,0.165239222649044,-0.106183681209633,-0.0761122095259746,0.176008571806778,0.209058370295853,0.110740979351612,-0.196000106569544,0.138494138009071,0.0876710786298051,0.0160930448087721,0.046296706459752,-0.0236521537983748,-0.137413366555728,-0.154773346102999,0.0210750139872919,0.0248439795419017,-0.17059610559588,-0.00404425969057839,-0.0648423271353171,0.0247254125577214,0.0363471839047525,0.0717147664533274,0.0258519471798557,-0.201640190080625,0.123348979300629,-0.0473277638736924,-0.0693314837025862,0.153495582814027,0.0614467867492225,-0.0439839364282061,-0.124614999017582,-0.0493376554562143,-0.0125441079955631,-0.0752881403828983,0.0712957898060855,-0.0944492592864035,-0.0251124443586399
"18",-0.102577587158276,-0.188398885840628,-0.0650816118804223,-0.141739144940245,0.215007754554415,-0.0606696927667121,-0.0969527471022688,0.140754746410718,-0.282394544600294,-0.149451501050778,0.0034671378825965,0.0161686715597969,-0.230227744436287,0.206855862243525,0.00311368582821607,0.186935932795269,0.0419191314532182,1,0.0279132852117709,0.205734053796845,0.0412197085328213,-0.13041838349377,0.0812610806457048,-0.2371569473407,0.078159663831336,-0.0163179627041391,-0.0524771168614392,-0.0609395941862002,-0.221110096888804,0.0478038614888772,-0.100142056899475,-0.0617470906816581,0.0146426669474923,-0.0877756398006397,-0.110427309903407,-0.0861570129611129,-0.093236658309797,0.243181404796343,-0.0552687694155256,0.179468086910706,0.156754552649067,0.157111619745042,-0.227129709757529,-0.282316381757026,-0.0818084162139902,0.154017711263967,0.206383271794606,0.110305516437667,-0.00127349734007332,0.335132701332549,-0.0283530567667723,-0.0563710142526926,0.161929444532985,0.0514370473323517,0.191161431431247,0.0240387138624377,-0.0306112429456589,0.049822640226792
"19",0.0025464531938825,0.0658819628469016,0.0539272106667504,0.0369775309991192,-0.0609292032212806,-0.0510048903616719,0.0677589618757735,-0.0694474144067199,0.0223955568832272,-0.0155809589785956,0.0820480926028632,-0.0358822894062189,-0.124588171820201,0.0329049812369223,0.102350582477395,0.0320912415617799,-0.0131299145574022,0.0279132852117709,1,0.198172307613602,-0.0891349019035612,0.159233067530604,0.0635717522173899,-0.161269753075611,0.0466889890720067,0.159059266152722,0.283363090197402,-0.0689319001997675,-0.0139675906131664,-0.00217848292911774,0.275597248343627,0.131308166744634,0.0311871193003998,0.0784223526693578,-0.0495289360539416,0.223088004715347,-0.234177953595726,0.0071592746375851,0.00462789309702661,0.00824150148761842,-0.014153452110204,0.0811495371065625,0.109169505243713,-0.034801683046067,-0.0605496007393266,0.124230189823767,-0.0404629804169036,0.0413960624562421,-0.0416018993344237,-0.042445682627788,0.181897074072563,-0.101107745177235,0.0797165989908074,-0.106961395917918,0.0226297597773063,-0.104963165287747,-0.0674304456607382,0.0846982943563595
"20",0.0450563975540116,-0.0361976215785349,-0.0512677506447333,-0.20855114534347,-0.0205210198099222,0.0682171091313017,-0.180951543775629,0.010926069112607,-0.0862703073709485,-0.056493385562173,0.0718029307378609,0.168922531078145,-0.182817692572454,0.113347688947679,0.102809249557759,0.154430877891314,0.0151761467421308,0.205734053796845,0.198172307613602,1,0.0268742774742142,0.140934432786622,0.0931231665769492,-0.150315765187579,-0.0439861705905117,0.0789602044974533,0.0858402021913185,-0.131057094950561,0.118402526838691,0.126526999855862,0.229517236255592,0.371415000893716,-0.213699066167047,0.181477276601383,-0.0107001387268868,-0.0173596501002316,-0.138104477252422,-0.0503291263939582,0.175086838650392,0.0380884073283712,-0.00516439637497082,0.0941680872177203,-0.0697580467977976,-0.100307649568737,-0.107696816564105,-0.0955494878816284,-0.0136989100384592,0.0386351785882935,0.0342041772964681,-0.0308867679258143,-0.0586012546399588,-0.189687785909987,-0.0238904265208349,-0.0406829214182221,-0.187781450531243,0.197291306277479,0.00541112095997313,-0.133451269330245
"21",-0.210240935355359,-0.0391114725664231,0.0927208083450301,-0.0866747654492518,-0.0456070047071968,0.0255921779393932,-0.0901634984778727,0.138327942098959,-0.110500415534728,-0.0650768304764102,0.041518331966174,0.0349197620501806,-0.0627094509824103,0.00131498550409039,-0.0132078008650378,0.0142298286145202,-0.0134865756989374,0.0412197085328213,-0.0891349019035612,0.0268742774742142,1,-0.0734878413444271,-0.0509819846597954,-0.161664651289817,0.0498084175172708,-0.216035771928568,-0.0383251150790323,0.15177654944846,0.051421375533338,0.0375821228568768,-0.0319592736064246,0.0661004448170844,-0.216586013345639,-0.0193471532867123,-0.096642836281728,0.115524828414006,-0.0369234920815785,-0.0831332825955076,0.108501852166076,0.0261512116349646,-0.190176289986189,-0.0241657971856125,-0.0254757280561644,-0.141345631358837,-0.156710241070109,-0.110951840055165,-0.12337039341327,0.00897361116494659,-0.158148025717931,-0.232716561193523,-0.0650821534439264,-0.0509922711234018,0.0539180860894819,-0.0745667467789673,-0.0184757609223281,-0.15448889029818,-0.0659769776196698,0.0306011376687809
"22",0.0550972197375449,-0.0120770943388919,0.0279626175046472,-0.0774130110831694,0.0406371737658011,-0.136337614958822,0.112549123057774,0.0371821618514599,0.0608446032287461,0.0571222115645645,0.0091415681024512,0.111630242014502,0.0618484429928087,-8.60273913164704e-05,0.115107521814488,-0.101023072107091,0.165239222649044,-0.13041838349377,0.159233067530604,0.140934432786622,-0.0734878413444271,1,-0.00965293451258629,-0.0578130994226292,0.0394857986466123,0.107461225961478,-0.0572805854615887,-0.0364977504841655,0.104882267027981,0.160133665175647,0.260893650380432,-0.00388905363865642,0.0746192419405903,0.123331349630518,-0.0115810235328791,-0.121752654926169,0.0732321755932371,-0.0735036980714298,-0.153922193663847,0.0786621335414409,0.0394134917311951,0.14292287924635,0.0671837647039963,0.100355739000885,0.0530833694117134,0.102373783274979,-0.0802504373317588,-0.0261613856559199,-0.0800421656377349,0.0192033473195482,0.081177458219966,-0.117249456762603,-0.105058209414146,0.0564309565645224,-0.134291902730006,0.155660111007142,-0.0975625488517093,-0.0185971456009006
"23",0.0209734824340887,-0.059387319314019,0.0262296688481202,0.00744087997850276,0.214059437216959,0.110505063178422,-0.0354929209860156,0.0798010591997828,-0.00221075186643616,-0.00391113902380654,-0.0510300506822199,-0.00423088054742079,-0.100526821967036,-0.00516897110623146,-0.0799270268709649,0.0984275686436904,-0.106183681209633,0.0812610806457048,0.0635717522173899,0.0931231665769492,-0.0509819846597954,-0.00965293451258629,1,0.120805918534417,-0.0810362407545054,0.0195843337984093,0.0754414471152687,-0.00985467530971444,-0.071845015156251,0.266186540595046,0.180151110976489,0.0764395459974806,0.130912599283695,-0.0212833349322812,0.0327094245303219,0.0922733776954993,0.228809054026353,0.214043249001881,0.217611075962812,0.0347043124719691,-0.042102912433072,0.097482208742045,0.0893285122401095,0.297405860255418,-0.0536339745414041,0.00522795611425204,0.297118816386798,0.179361690785792,0.0498083094006278,-0.112581646260061,0.0495447096442903,0.00767936658829319,0.135636413910115,0.0312863054158342,0.149027885660219,0.0387222595456399,0.063371601348903,0.0765574921614099
"24",0.189966644748894,0.0442552862003691,-0.00417375355863042,0.0481362311107008,-0.0112834421559995,0.038019933149899,-0.0182844667535255,0.0142176988478695,0.076691267159095,0.117003332943266,-0.0710895323511648,-0.0806174063399241,0.130759441532897,-0.0209451035632043,0.0974807167734899,0.0458012830632753,-0.0761122095259746,-0.2371569473407,-0.161269753075611,-0.150315765187579,-0.161664651289817,-0.0578130994226292,0.120805918534417,1,-0.185987286496068,0.0403437136216466,-0.118923989189167,-0.0433110194400597,-0.0245125240248862,-0.0334697583675019,0.133212714905945,-0.03672521030042,0.0745941444546531,0.0447209610349193,-0.082122626833607,-0.0771686998506565,0.103988622280262,0.0748547742418961,-0.212505765370173,-0.0675287686165752,-0.0429876870914524,0.0627964042524981,0.0141209008834369,0.179910901793202,0.0121002833832683,0.0482539179499507,0.0898880156633631,0.0177715705037536,0.1344168803841,0.0321151629848848,0.00783414255761991,0.100917330129011,0.0190338766369681,0.00017223107025065,-0.0196373103867164,-0.0668085523887199,0.101515666962965,-0.0932901875421624
"25",-0.0312830201415626,-0.0265464619823981,-0.0001970130951271,-0.0536545004836568,-0.0162548583028571,-0.157561557551969,0.0910139914201967,-0.117801694323748,-0.134803657030143,-0.0537019050268359,0.0235904749144994,0.131101155577024,0.0964185731694172,-0.0225836979975288,-0.174636852563434,-0.150798128530034,0.176008571806778,0.078159663831336,0.0466889890720067,-0.0439861705905117,0.0498084175172708,0.0394857986466123,-0.0810362407545054,-0.185987286496068,1,0.122651612715682,-0.0528993116205806,-0.0220889389184236,0.0309926682054483,0.0325777977285137,-0.0671935503888669,-0.00183528767288195,0.206140433187157,-0.0398310596339287,0.0139268772976903,0.0492134845943347,0.00512659814929456,0.00840771946131687,0.060234538098234,-0.123631974192636,0.0466278995398937,-0.131452634266263,-0.0379585986053427,0.108043102173876,0.0184089984074719,-0.131897555699748,0.0236259600074173,0.0118873780927956,0.111500691779159,-0.086606473404049,0.21449199519704,0.0371512206725154,-0.120820790500371,0.0493201495118485,-0.0347417414788609,0.0943331970928083,-0.111867293325147,-0.0503072183560772
"26",-0.049339285052448,-0.0913487815696893,0.107667932493343,0.0224535027612994,-0.0358782386125344,-0.110639795288772,0.00988612790479226,-0.0950691644329531,0.0732945644261415,-0.139975550317351,0.15737140648012,0.153801540561025,-0.078123971043274,-0.0906645741215679,-0.0033073665633159,0.0178292759007326,0.209058370295853,-0.0163179627041391,0.159059266152722,0.0789602044974533,-0.216035771928567,0.107461225961478,0.0195843337984093,0.0403437136216466,0.122651612715682,1,0.0765335383023473,-0.0930168856462348,-0.138097870984744,-0.191060500753099,0.137541984927414,0.134340908231463,0.0251696279338503,0.0251827378283796,-0.164444377271754,-0.0472141199703751,-0.178993680007952,-0.116958208064867,-0.0103452639425471,0.116206761141224,0.193434452286987,0.208410201377781,-0.0658671690490533,0.0133086043978251,0.00902763275377571,0.0938352216560411,0.0686213695421446,0.0993658798344113,0.05895162656505,0.0145774457294314,0.0848929183789103,-0.0127087566604433,-0.103694918024956,-0.0796272808861774,0.00406387806617577,0.084245910507574,-0.111120898156249,-0.170828414853973
"27",0.143705752852272,0.0211698410669745,-0.0973752260149597,-0.0319489301331719,-0.0195750047459892,-0.02829894909011,-0.0243807172631392,-0.15837545294922,-0.132817085931437,0.00887467381065833,-0.0500499558441128,0.0372880246828467,-0.183242851816011,0.0130729375530508,-0.0874832189550535,-0.107155214159286,0.110740979351612,-0.0524771168614392,0.283363090197402,0.0858402021913185,-0.0383251150790323,-0.0572805854615887,0.0754414471152687,-0.118923989189167,-0.0528993116205806,0.0765335383023473,1,-0.00700408112017414,-0.00246700500181254,0.114204261659598,0.2043436551839,0.176097031725041,-0.0574443812191342,0.0228684018486371,-0.0333407160185548,0.0165000907136702,-0.161162753413976,-0.0032648701585391,0.140595347689252,0.050528658218035,-0.023876433054161,-0.00621256660929227,-0.0551539382799581,0.0184931472052244,0.016082532992435,-0.0087975978794329,-0.0972079481091499,0.106102504822816,0.0129405827444004,-0.0752798000578961,-0.00609535699955613,-0.165184899335415,-0.00706703578889722,-0.0105043987089964,-0.27270096125042,0.0676234191041854,0.0349508670984999,0.0987763914825881
"28",-0.0706857351896248,-0.0415524719538074,0.131491137702812,-0.0253555759343429,0.0443909601090293,0.0725050272862479,0.0688519151625386,0.0532044614342958,0.0140983037099724,-0.0693630505433921,-0.0567257287717309,-0.0583792952026359,-0.215025129070157,0.16812068282419,0.0416487189805422,-0.041060425973119,-0.196000106569544,-0.0609395941862002,-0.0689319001997675,-0.131057094950561,0.15177654944846,-0.0364977504841655,-0.00985467530971444,-0.0433110194400597,-0.0220889389184236,-0.0930168856462348,-0.00700408112017414,1,-0.0438737919503229,0.0625892341860665,0.154103413473935,-0.0621540557181463,-0.109628178772243,0.0957755687161278,0.0463181974207403,0.038915312845218,0.0529887595802382,0.123229764961787,-0.0540588197122,-0.105463875861346,-0.0484549105558453,-0.124861593950244,-0.00729218797039102,0.0386405618170149,0.0835710210356508,-0.0787555702747218,-0.00498930052809142,-0.0834972524882066,-0.219274668116881,-0.0266493873435116,-0.0584830657530966,-0.0268833941016551,0.215654707553192,0.15661487254468,-0.0177578039796191,-0.130420148625894,0.0176498658448565,-0.0894271511508834
"29",0.0587660447533789,0.19249093377441,0.0698147587037398,0.0410141782129781,-0.120063979272191,-0.0859371861100034,-0.0615358699746686,-0.157810296578404,0.0376850415296052,0.178030541312947,0.02509367611094,0.0684763701292086,0.193241292324095,0.0690100129200262,-0.0939385947720748,-0.045875334704321,0.138494138009071,-0.221110096888803,-0.0139675906131664,0.118402526838691,0.051421375533338,0.104882267027981,-0.071845015156251,-0.0245125240248862,0.0309926682054483,-0.138097870984744,-0.00246700500181254,-0.0438737919503229,1,0.0818166362055944,0.0113378176939528,0.145522601916808,-0.126325264617262,0.158847758399485,0.0348765369189032,-0.0510686586099301,-0.0441424642243902,-0.28610878989117,0.177696935909717,-0.192363786742895,-0.177272985129841,-0.0648943712891291,-0.0771651884609828,0.0484700469393761,-0.125183710429374,0.0289700612247879,-0.163673118384997,-0.0625734573986718,0.106739595640453,-0.111099168630299,0.10611623829121,0.102754242755083,0.0517439055851747,0.0335608325986481,-0.0680966075078184,-0.0135348090290741,0.0771196013136204,-0.0530139071812779
"30",0.0523831094453787,0.0781888510729594,0.0260340068342143,-0.0882316074619609,0.101454386678733,0.00300577681604736,-0.0065171748367767,-0.0399523108821863,0.00514385001943259,0.0005540501206513,0.115911766558709,0.0970487216672208,0.0278117483983111,-0.10209997097182,-0.0473360338893462,0.0223390200229006,0.0876710786298051,0.0478038614888772,-0.00217848292911774,0.126526999855862,0.0375821228568768,0.160133665175647,0.266186540595046,-0.0334697583675019,0.0325777977285137,-0.191060500753099,0.114204261659598,0.0625892341860665,0.0818166362055944,1,0.0234869899807295,0.0183746416509504,0.0939279674747049,0.0129603535240196,0.024181835217891,-0.0949458064421015,0.0673891423540962,-0.0018783255916214,0.100739081211387,0.0725235481081351,-0.00486615952017421,-0.115569607228703,0.00496403650098647,0.191526503646329,-0.178385718153913,-0.0733063646762037,0.0442601773552413,-0.0372443466283318,-0.0104430566224833,-0.0523184902996602,0.0797406525371722,-0.10566243583235,0.0447644095335262,0.120774669589918,-0.141714398912571,0.1826422606524,0.15417766717638,0.0395751614983244
"31",0.0969095688243792,0.069395489067001,0.0944301355054197,-0.0239494463793595,-0.0822808988348875,0.139115224490859,0.00672188353003071,-0.0260775245020043,0.0786556334513542,0.120538956122441,-0.197236910281393,-0.0388650863215296,-0.0648055582335176,-0.0548095095413604,-0.0569597049329557,-0.275981641834628,0.0160930448087721,-0.100142056899475,0.275597248343627,0.229517236255592,-0.0319592736064246,0.260893650380432,0.180151110976489,0.133212714905945,-0.0671935503888669,0.137541984927414,0.2043436551839,0.154103413473935,0.0113378176939528,0.0234869899807295,1,0.127300924274702,-0.14105150040571,0.0731042058145369,-0.0161655697385122,-0.0218303852341817,-0.0507335635346615,-0.0859267746968925,-0.081033143424279,-0.0368007482101002,0.156277674151591,-0.0621428543888769,-0.00847821514143461,0.152982196754059,0.107870555299961,0.0568584652045301,-0.0338726796160694,-0.11464262585409,-0.0295891322227548,-0.138641904378041,-0.174049986287062,-0.0603874629248957,-0.030775879734871,-0.0699539338776349,-0.160698929447383,-0.0122887922198522,0.0196698109683413,0.0535384710198765
"32",0.104572383661738,0.0278445725950077,-0.00657980608467763,0.112598414016405,-0.107416591657725,0.116398563352432,0.114053291123295,-0.00664580469564691,0.047214057862453,0.00889258750641585,0.117550964855658,0.0545718276362585,-0.001873742791059,0.0300420889455727,0.185135176471082,0.0648645010528919,0.046296706459752,-0.0617470906816581,0.131308166744634,0.371415000893716,0.0661004448170844,-0.00388905363865642,0.0764395459974806,-0.03672521030042,-0.00183528767288195,0.134340908231463,0.176097031725041,-0.0621540557181463,0.145522601916809,0.0183746416509504,0.127300924274702,1,-0.0260815489019529,0.0265028562814465,0.196875202753936,0.130334474054425,-0.0258598984681564,-0.180749031832353,0.135596727002426,-0.0357704302556863,-0.0848662026752959,0.0523659488413505,0.042124773244889,-0.0768167815029548,0.0411668048458873,-0.0678855049244879,-0.0237034501720657,0.0485952441615447,0.0688382204878402,-0.152372551616715,0.038005282294637,-0.0207171137539184,0.0650496623239081,-0.106099524612485,-0.0575124767853133,0.0672393268744192,-0.0471053423907666,-0.153088064840412
"33",0.135142342917644,-0.0793255067477188,-0.218999843153868,-0.00275615723402347,0.153057566930035,0.0707928234623715,0.0678412660528001,-0.0508590999062756,-0.0250599441914577,0.115167990145195,0.0452112396140051,-0.0215640624195284,0.197516627604456,0.0410111425034518,0.0534579095726568,-0.0393568537261304,-0.0236521537983748,0.0146426669474923,0.0311871193003998,-0.213699066167047,-0.216586013345639,0.0746192419405903,0.130912599283695,0.0745941444546531,0.206140433187157,0.0251696279338503,-0.0574443812191342,-0.109628178772243,-0.126325264617262,0.0939279674747049,-0.14105150040571,-0.0260815489019529,1,-0.183162488736827,0.0875461703530664,0.0942939943329725,0.14923515343427,0.198106505166877,0.0133007540227987,-0.0746474444377465,0.00621202949639812,-0.0240158778782628,-0.0759721277946206,0.205268686822565,0.178511079704223,0.169278646497442,0.0894347337313502,-0.0528417081208915,0.0593046846113267,-0.039782940107776,0.314845837461957,0.191228708303707,-0.0357009409044382,-0.0199502074829824,0.0215254464295015,0.212949904179691,0.217918020622303,0.0391218666769897
"34",-0.0257095971418577,0.132764720174927,-0.0362017200756677,-0.0357274851880933,-0.0442275900867498,-0.0257105766876048,0.109323910453458,0.206881314434855,-0.0320770296826764,-0.0525178607397453,0.165992332245525,0.268999577620247,-0.212988733071494,0.0278659969105148,0.182519951791268,0.0150844260963994,-0.137413366555728,-0.0877756398006397,0.0784223526693578,0.181477276601383,-0.0193471532867123,0.123331349630518,-0.0212833349322812,0.0447209610349193,-0.0398310596339288,0.0251827378283796,0.0228684018486371,0.0957755687161278,0.158847758399485,0.0129603535240196,0.0731042058145369,0.0265028562814465,-0.183162488736827,1,0.132381460313592,0.035903189916624,-0.253115760645456,-0.0774621075004989,0.122790375283079,0.034931863797834,0.119791548497116,0.119721955220282,-0.0964469098328347,0.0525819490371447,0.0661153775270452,0.00657008216852323,-0.0505245286003287,-0.0110006450960895,-0.0115168664774672,0.072256638066685,0.030305797071864,0.0905280226410604,0.143501931133659,0.0924159747700233,-0.199270927015666,-0.0174007871983155,-0.119076082633752,-0.0584875415508808
"35",0.0374744669758909,0.116147535835992,0.0752952869779842,0.144863999589677,-0.0567376111623847,0.199197014822254,0.373403537281475,0.164133331660865,-0.0613858852133873,0.0156344396371668,0.212582863264346,0.130920803035961,0.132464435349428,-0.153950926554867,0.0111187011883516,0.0678630539256221,-0.154773346102999,-0.110427309903407,-0.0495289360539416,-0.0107001387268868,-0.096642836281728,-0.0115810235328791,0.0327094245303219,-0.082122626833607,0.0139268772976903,-0.164444377271754,-0.0333407160185548,0.0463181974207403,0.0348765369189032,0.024181835217891,-0.0161655697385122,0.196875202753936,0.0875461703530664,0.132381460313592,1,0.217892595888169,0.267292882760617,0.174521559217954,0.176534996381164,-0.0357293963897827,0.067979588795927,0.0835746746682434,0.264468788363216,0.0192643949550991,0.224156216442492,-0.0691598278582948,-0.0835071972740831,-0.17525667149879,0.154942343691419,-0.0622240259531155,0.0118311865944366,0.233175109321063,-0.0775043915017655,-0.0306991210260415,-0.00424568713807674,0.107314947078435,-0.16873829219644,-0.0944889951841484
