"","l_Insular.Cortex","r_Insular.Cortex","l_Amygdal.Area","r_Amygdal.Area","l_Bed.Nucleus.of.the.Stria.Terminalis","r_Bed.Nucleus.of.the.Stria.Terminalis","l_Hippocampus","r_Hippocampus","l_Orbitofrontal.cortex","r_Orbitofrontal.cortex","l_Entorhinal.Cortex","r_Entorhinal.Cortex","l_Frontal.Association.Cortex","r_Frontal.Association.Cortex","l_Globus.Pallidus","r_Globus.Pallidus","l_Glomerular.Layer.of.the.Accessory.Olfactory.Bulb","r_Glomerular.Layer.of.the.Accessory.Olfactory.Bulb","l_Glomerular.Layer.of.the.Olfactory.Bulb","r_Glomerular.Layer.of.the.Olfactory.Bulb","l_Granule.Cell.Level.of.the.Cerebellum","r_Granule.Cell.Level.of.the.Cerebellum","l_Hypothalamic.Region","r_Hypothalamic.Region","l_Entorhinal.Cortex","r_Entorhinal.Cortex","l_Vermix.Molecular.Layer.of.the.Cerebellum","r_Vermix.Molecular.Layer.of.the.Cerebellum","l_Lateral.Molecular.Layer.of.the.Cerebellum","r_Lateral.Molecular.Layer.of.the.Cerebellum","l_Anterior.Olfactory.Bulb","r_Anterior.Olfactory.Bulb","l_Posterior.Olfactory.Bulb","r_Posterior.Olfactory.Bulb","l_Subiculum","r_Subiculum","l_Perirhinal.Area","r_Perirhinal.Area","l_PreLimbic.System","r_PreLimbic.System","l_Primary.Cingular.Cortex","r_Primary.Cingular.Cortex","l_Primary.Motor.Cortex","r_Primary.Motor.Cortex","l_Retrosplenial.Cortex","r_Retrosplenial.Cortex","l_Secondary.Cingular.Cortex","r_Secondary.Cingular.Cortex","l_Secondary.Motor.Cortex","r_Secondary.Motor.Cortex","l_Striatum","r_Striatum","l_Ventral.Tegmental.Area","r_Ventral.Tegmental.Area","l_Substantia.Nigra","r_Substantia.Nigra","l_Thalamus","r_Thalamus"
"1",1,0.512226355671681,0.0791638498540651,0.0574506565929005,-0.119155770181532,-0.0291220326287002,0.167384080030869,0.0225717357382214,0.417090578381256,0.396776030575618,0.160658898830853,0.0623314026555572,-0.0204537773132992,0.14683175739783,0.178042744149842,0.128660881721783,-0.304280249362066,0.122185892057535,0.12862434134942,0.127152686332661,-0.0840888926807242,0.00670438627111891,-0.0517688765943297,-0.0214827270886241,0.0293976759568615,0.0321389236198601,0.186914123200946,0.19318943472212,0.165872717676698,-0.0279252964129151,0.158752507356425,0.133820045070595,0.207508648933054,-0.0621223156905403,-0.0208215615735587,0.128981580631808,-0.057563355777212,0.108145286261651,0.179596877398837,0.151170105467242,0.027138285051763,-0.0462012612257502,-0.172888965014048,-0.226569516101361,-0.0972371554221471,0.102641912862858,-0.104749448243281,-0.113270461463641,0.0526680708228294,0.121167489792834,-0.186551166317539,-0.18326629189824,0.0349378649523993,0.0733033822727077,-0.0696626090912881,-0.0966500958935187,-0.105850440323872,-0.0196265077300624
"2",0.512226355671681,1,0.0829446629523578,-0.162755953042205,-0.105235609662644,-0.00590142905193703,0.163048321984321,-0.0269848829324731,0.251161924696218,0.365741419779669,0.110500421685742,0.151438438247449,-0.00104346150666236,0.02722104281063,0.108838330383008,0.059372316998809,-0.175345967220918,0.0853084588042606,0.0457627747764376,0.0418613066735301,0.0229419748196371,0.0677063560473194,0.0577540116670492,-0.0312365745259398,0.0224971184423056,-0.0722248028691415,0.258284225916088,0.111186589091679,0.222792369869934,0.143328845007259,0.153840474073748,0.118319640546807,0.120719449661504,-0.00865425550102545,0.0764586621471481,0.00347259011304312,0.188049714943955,0.185599442583665,0.00126189000355048,0.11267836400638,-0.0741189720986004,0.0617818931783531,-0.247642398983833,-0.313265140885148,-0.0515896682448763,0.19300997564776,-0.200190593080094,-0.0651742289617077,-0.0423655152089916,-0.0180549761268103,-0.10837478794985,0.0053916094526775,0.0874476712179536,-0.0184297008337233,-0.00536038083483403,-0.0403537308376127,-0.0432021992707385,0.206764767949128
"3",0.0791638498540651,0.0829446629523578,1,-0.0372582885999612,0.00730651847143665,0.20550633021023,-0.0422744230871853,0.300446869216485,0.084694048165048,0.11741921144545,0.04183629820645,-0.00451682875877569,0.0151032456899912,0.0512516571122508,0.0470411910211681,-0.0572403504073815,-0.041314625411397,0.00944400172442365,0.158813507332423,0.0840365848645984,0.00279434351431707,-0.121955931059272,-0.0322994093277257,0.201523955979812,0.33225134602381,0.013813029191518,-0.0778472260193384,-0.139543922005368,-0.119845085771788,0.0550434708148055,0.073551686180558,0.0359407502865906,-0.0699804737097095,-0.166176550562991,0.0297432101096635,0.163169212985679,0.0981788972706597,0.039814576218528,-0.102243301111852,-0.0960000249306112,-0.146597802083211,-0.120699869401964,-0.080104479829202,-0.164420202753993,0.00840942651828751,-0.0297356729234038,-0.136568991346971,-0.0910077070492374,0.020058698231307,0.0240491337818858,-0.0563878046488472,-0.0897481853762842,-0.0419554742012741,-0.0572328280583074,-0.0527609746861917,-0.0849107215085698,-0.0351164024177622,0.0599431621923278
"4",0.0574506565929005,-0.162755953042205,-0.0372582885999612,1,-0.0815981635178958,0.036261255700134,0.0706929044444993,-0.0141146073209017,0.115194190620841,-0.18999384044028,0.0319833115237346,-0.0199611812812885,-0.0689768206753824,-0.0702534887898676,0.0451798615814474,-0.103560344177159,-0.112946566453566,-0.024655583251425,0.152284794870917,0.254413211349809,-0.0303022640173821,-0.0715017164295422,-0.17012473513139,-0.0456569135892456,-0.160392293604404,0.16053056765461,-0.0559244690728385,-0.0402650440015422,-0.0824151056443729,-0.0582917626694614,0.00271354665004403,0.195132313774808,-0.0968662272630132,0.0696136977716192,-0.0577556529603664,0.162392761188755,-0.172388543531778,-0.039617599064829,0.0906982077650137,0.0702284328462874,0.218524260698586,0.0245049049797466,0.162823530926618,0.0858506520288101,0.113525609593933,-0.0582970859378909,0.0559208080190086,-0.152995417070681,0.0320953399995146,0.0242738084373314,0.115556136786006,-0.0318356134283355,-0.0174387134673386,-0.0791097962350487,-0.0232297947447435,-0.128435171517731,0.00335085441349283,-0.0641702567523884
"5",-0.119155770181532,-0.105235609662644,0.00730651847143665,-0.0815981635178958,1,-0.225667198782113,0.097977704490885,0.00353268683944618,-0.00549764461183722,-0.0556335105964925,0.034884966324764,-0.0195488205728501,0.217223217908337,-0.0442139253666433,-0.085082681569323,0.12278887123404,0.17665168484178,-0.0744544754499508,0.0218131440078246,-0.155914051148942,-0.0692019500007372,0.202583887344471,0.084257102964642,-0.0587430404605658,0.153640350086349,0.0743715402147941,-0.187127813955034,-0.0106132602326002,-0.0801266058326056,0.106024774894233,0.0860411201005797,-0.294394036740149,0.081115355560241,0.0583760520869382,-0.0621965416127968,-0.00172134060655688,0.142381299209273,0.00154730648974547,0.175969206652918,0.124175718217934,0.234132703410291,0.248453062139745,-0.00828624877196609,0.0797644744529948,-0.0666677641635866,0.0247971120126406,0.10814089312965,0.123585149902736,0.135905329842154,0.052795069223775,0.259859063553154,0.19918801426887,-0.0172935565060143,-0.182027952301458,0.015075368830474,0.0626871666815648,-0.0927695173506015,-0.245925368193097
"6",-0.0291220326287002,-0.00590142905193703,0.20550633021023,0.036261255700134,-0.225667198782113,1,0.0161675822624203,0.0880567787240943,0.0923298963625136,-0.0279278190273664,-0.0889491361931799,0.274781777176972,-0.0420281498907464,-0.00872920453212338,-0.0244208681507661,0.11260532747676,0.051798552851422,-0.00604767182472935,-0.0188295362929375,0.13791027711818,-0.0893490163797273,-0.0336758751540551,-0.0411400326280175,0.160909326396009,0.132735317054591,-0.0110094383807112,0.225928294812995,-0.187065603170591,-0.0496794096290387,0.0723649293400498,-0.0417179787844901,0.0875462404522483,-0.0594490828012861,0.167991297210888,0.172513291323939,0.0146105770458729,-0.0265808819078978,-0.0687003284777451,0.0869997215880949,0.0132327704662158,0.00872560364710023,-0.0836420908508094,-0.180187337279794,-0.0954139147713064,0.090320386961088,0.120866033376349,0.111361334793614,0.196414638333736,-0.112980480436013,-0.0807052240996776,0.035249221748679,0.0471022752063013,-0.00439190654508882,0.192623876968791,0.169098549566192,0.00506178446011867,0.211814249649735,0.382631686183291
"7",0.167384080030869,0.163048321984321,-0.0422744230871853,0.0706929044444993,0.097977704490885,0.0161675822624203,1,0.39282440982759,0.0793237922917492,0.0392962636054984,-0.24378241251203,0.213825788079378,0.0791829645301663,-0.101483348172,0.0611416427987919,0.139519359744441,0.026643044379194,-0.0129818718905493,0.0260852690028761,-0.0778228604184924,-0.197720935572644,-0.135162963784307,0.142530608086779,-0.0404297939322433,0.04472440401613,0.0268018156284757,-0.0579502203331724,-0.0131895931537897,-0.202253278836589,0.0332993023132951,0.0216072289300096,0.0407349100055592,0.0437796467224895,0.066839371148022,0.361809527248051,0.164469859291331,-0.0942963325781814,0.206310685819689,0.217338873557764,0.18919701666292,0.0511220780410071,-0.0321979389269439,-0.16130172865301,0.0222897678521801,-0.0195643687922448,0.171295521885089,-0.0298548774053756,0.136731557589767,0.0132510869983981,-0.0727642859630171,0.0601525927475856,0.075118642095673,0.0928449409973431,-0.0397647696547979,0.0451387241173013,0.13443568755028,0.123829584107455,0.0134355256236167
"8",0.0225717357382214,-0.0269848829324731,0.300446869216485,-0.0141146073209017,0.00353268683944618,0.0880567787240943,0.39282440982759,1,0.0301244224321904,-0.0161661908200249,-0.124291497655893,0.162984001659622,0.0996999410458418,-0.111092002517622,-0.0426487705096824,0.0648046859666128,-0.00611761117629706,0.0815222184423111,0.10331414010015,0.0554723879987235,-0.120409780792491,-0.131365691829434,0.0500486419607636,0.0494527774759556,0.111182211299695,-0.0499891655595603,-0.0302506945368097,-0.0757191574216362,-0.245543871417541,0.0391163955285331,-0.0405675008110218,0.155347312957947,-0.0901814905090686,-0.0198180192659647,0.202847220262288,0.454280681968819,-0.122104441073568,-0.0200428787825285,0.0922674710501566,0.103086181574802,-0.0555467247568604,-0.150877884044642,-0.130916467520115,-0.0594470975716358,-0.148665525454385,0.0607416197907052,-0.014984309364022,0.128951304692523,-0.0191444064716656,-0.17618137049291,0.0592290551009857,0.0507709388047895,-0.0484081994358991,-0.126794703970844,0.061936278103816,0.045113875493159,0.0874326042484525,0.090801299759202
"9",0.417090578381256,0.251161924696218,0.084694048165048,0.115194190620841,-0.00549764461183722,0.0923298963625136,0.0793237922917493,0.0301244224321904,1,0.663208999781255,-0.0862159395149566,-0.10112310047931,-0.136437502126151,0.077312840005263,-0.018681782416024,0.138863547397714,-0.434691600306216,-0.284248591188835,0.132058043278904,0.13023231838538,-0.0758041053824535,0.0390086966892445,0.0322478729953402,-0.0196389741000167,0.0143496381519702,0.11253793539097,0.162822863670033,0.0721757880402656,0.0388999480141595,0.0179737189388959,0.233129342949069,-0.0360392441032498,-0.124982965989734,-0.131645407898248,0.0913406922130206,0.150067469109525,-0.0598374390001979,-0.136794536490791,0.0274578365063366,-0.00708951558566551,0.152779778420748,0.0703051537410205,-0.278693666436614,-0.388585920845921,0.109927467872001,0.0844618566645126,-0.0655414658650482,-0.0954987747708254,-0.141910282446227,-0.0559067267000099,-0.216340281153663,-0.202297309778901,0.0751248367279861,0.0226075782803789,0.0422475977037041,-0.0214134613903203,-0.0754753897196337,-0.017247331827387
"10",0.396776030575618,0.365741419779669,0.11741921144545,-0.18999384044028,-0.0556335105964925,-0.0279278190273664,0.0392962636054984,-0.0161661908200249,0.663208999781255,1,-0.169937274945421,-0.0881548771321696,-0.0942109623094018,0.226165595074436,-0.00195370065796092,0.0530017063867545,-0.375532456590173,-0.138663199717969,0.0630000931032863,0.0673989721763731,-0.0108893954821789,0.0264578811769732,0.213499063906312,-0.00055518523966107,0.185085239047396,-0.0332369812351119,0.146121911344328,0.0183722794065229,0.0654263786946137,0.0199782668122962,0.171223164408921,-0.00299625219863204,0.00362364894997532,-0.136156640997872,0.100875795248043,0.0166664989838912,0.0855431373790397,-0.017452077695768,-0.0647018006391069,-0.058747994472987,0.0215947603058148,0.0244682511601002,-0.302477096958311,-0.389588725494635,0.0575775920763235,0.064402555900813,-0.166722706483714,-0.169111658509206,-0.152344001894889,-0.0889609480630631,-0.333543141573107,-0.312381359426768,0.00099028601976877,-0.0982747024136084,-0.0362530753743477,0.0529517716206392,-0.0837447754924474,-0.0328314170868483
"11",0.160658898830853,0.110500421685742,0.04183629820645,0.0319833115237346,0.034884966324764,-0.0889491361931799,-0.24378241251203,-0.124291497655893,-0.0862159395149565,-0.169937274945421,1,0.103209681433751,0.0376133448796594,-0.0483996101273197,0.104259291959117,0.0625113863265779,0.048482603120736,0.152313978001463,0.0553834273110293,0.0459078608048741,-0.11926021735867,0.0573137122601516,-0.0215708102873578,-0.010416401902597,-0.158695888737366,-0.055718426937923,-0.0493302537482893,0.0762365977040034,0.32486126452319,0.0939653010511906,0.026270788140379,0.0503813939132355,0.123592596411178,0.147664703407691,-0.198356964602621,0.0782711082867358,-0.0309242796439179,-0.0717312566808531,0.0855911366756428,0.124747180510425,-0.0876139205583809,-0.0718579769708172,0.0411330370055705,0.101474582083975,-0.0179667287865161,-0.0785494307333513,0.0381442566786725,0.0195425351223178,0.106382345516663,-0.0168707656357088,-0.0271473938474168,0.0213519154350971,-0.158507619140642,-0.0723583514807035,-0.14532413256886,0.0177878057862742,-0.177821096259986,-0.155529743098312
"12",0.0623314026555572,0.151438438247449,-0.00451682875877569,-0.0199611812812885,-0.0195488205728501,0.274781777176972,0.213825788079378,0.162984001659622,-0.10112310047931,-0.0881548771321696,0.103209681433751,1,-0.0475925273495632,0.0265652310442411,0.100437452779727,0.0202906295835712,0.202133539251695,0.0602298609375271,-0.13450199603876,-0.0306482840446795,-0.151599774261027,-0.00324929292382436,-0.0120288211128023,0.0769393077244722,0.0670223622310471,0.106743001835895,0.136180511524203,0.0487142570229599,-0.0100023813759486,0.0977340809109926,0.111628861441325,0.183432700352627,0.134634534787549,0.336600948737323,0.173521380475469,0.117133926020906,0.0543349344634026,0.138935468250365,0.168789997550311,0.252118278810049,0.171881016714239,0.0043962370661763,-0.152375198889074,-0.0252006942239128,0.119942839042603,0.210122780906751,0.123715315984887,0.110527865870939,0.0764109089575252,-0.0834940122098851,0.126955733461768,0.162345324189038,-0.0397085218119061,0.0977659406730368,0.135488621411764,0.0666592818040939,0.032686332754122,0.214832251979971
"13",-0.0204537773132991,-0.00104346150666236,0.0151032456899912,-0.0689768206753824,0.217223217908337,-0.0420281498907464,0.0791829645301663,0.0996999410458418,-0.136437502126151,-0.0942109623094018,0.0376133448796594,-0.0475925273495632,1,0.157291739952779,0.0153885667693058,0.0682437877735547,0.375704259740821,0.25421648903409,0.0149717746231502,-0.101379098296662,0.0870145498608076,0.0512413058364411,0.00010393790363946,0.0388502797971957,-0.0262547158087316,0.00818628839727137,-0.292230184332733,0.102150150503614,0.144976601868826,0.00063178726479628,-0.0339845378723701,-0.146348747810224,0.0935483252406532,0.0379480225162831,0.0162419762081282,-0.0839253758816947,0.022203536606364,-0.0640111196672539,0.0215209378351099,0.121986732874847,0.131186825693524,0.0268948175486155,-0.0078158947347805,-0.0893048058619522,-0.270595338301806,-0.187110872113478,0.0140354399519998,-0.0176822327883032,0.614263117742167,0.0934214434840394,-0.0188728993274713,0.0459535918760322,-0.0835860533573148,-0.00153038359237752,0.0889057360846862,0.0412543366821324,-0.201560888060699,-0.082798649080103
"14",0.14683175739783,0.02722104281063,0.0512516571122508,-0.0702534887898676,-0.0442139253666433,-0.00872920453212338,-0.101483348172,-0.111092002517622,0.077312840005263,0.226165595074436,-0.0483996101273197,0.0265652310442411,0.157291739952779,1,0.0467727369318169,-0.0885505585679563,-0.0532642962039616,0.132087687430031,0.0555263795048656,-0.101710091319184,-0.0237005951233185,-0.104880898220576,0.0134654413896351,-0.00522603695094002,0.0613608341152821,-0.0993189121198107,-0.108540747079505,-0.00849785043343477,0.111768498939666,-0.0449900144260517,-0.0181107387488752,-0.149749736873143,0.165156016494837,-0.0424986041702871,-0.048174434484098,-0.0385071981267364,-0.0416087480636841,0.0377335373171446,0.0176744676082421,0.0762204518461082,0.0618732787138339,0.0742800192056586,-0.0106742828857657,0.0147027642748129,0.142452946670544,-0.0784389255395592,0.00962083779789488,-0.0535151531318098,0.16516801588402,0.660381969140952,0.0409166470983223,0.0642465442131866,-0.040672837810978,0.137999123567161,0.0220694231212214,0.206384560870387,-0.11277992100759,-0.111384349960681
"15",0.178042744149842,0.108838330383008,0.0470411910211681,0.0451798615814474,-0.085082681569323,-0.0244208681507661,0.0611416427987919,-0.0426487705096824,-0.018681782416024,-0.00195370065796093,0.104259291959117,0.100437452779727,0.0153885667693058,0.0467727369318169,1,0.108963515848854,0.00837268468905226,0.0608736199854294,-0.142289377469584,-0.0601595257468706,0.0394009899786816,0.0390607740710776,0.184574154300187,0.158266630687852,-0.0152866270887961,-0.0132024580831419,0.0753855543373357,-0.0203889884656336,0.134335581331274,-0.165092711049614,0.149617312652534,0.0883718510122638,0.275309493289645,0.04947866088438,-0.0137059667576852,-0.032160444761554,0.0936357637044497,0.0887511445344445,0.0747020550931352,0.176348872995428,0.144698624096616,0.100263542736188,-0.0265986146279108,-0.0843526974237255,-0.0919165143748562,-0.0834136120477837,0.183872708534854,-0.0831232761558605,0.0331771963669659,0.138289029131856,-0.051556765858306,0.0219898951850736,0.120496882404706,0.0783118730290553,-0.118832270052106,-0.267630113761698,0.138353030514324,0.218931173066123
"16",0.128660881721783,0.059372316998809,-0.0572403504073815,-0.103560344177159,0.12278887123404,0.11260532747676,0.139519359744441,0.0648046859666128,0.138863547397714,0.0530017063867545,0.0625113863265779,0.0202906295835712,0.0682437877735547,-0.0885505585679563,0.108963515848854,1,0.0121777461594299,-0.0341173033212105,-0.161651364927955,-0.0131801675907357,-0.108363353188291,0.222635479527029,0.107297781580284,0.202622195177229,0.117656312540045,0.0648337566672657,0.123596333224482,-0.100312313808177,0.0513870647146673,0.00881475371592021,0.0774904970230101,-0.0493493055231779,0.129890679996575,0.171140166596946,-0.0318484217021463,0.0969362724813749,-0.144903594569789,-0.149900848262874,0.157950210544346,0.0676078388522484,0.11098580116181,0.00727016404913419,-0.23667038709739,-0.0483394936238212,-0.0943554741574565,0.0595222083240093,0.28850824622151,0.144070532050982,0.0268460555864116,-0.0814805088329415,-0.0187671661476952,0.0942159996592262,0.052964813227783,0.0875497730999758,-0.117077722277411,-0.0146354751205646,0.0442096308544411,-0.0186576101545908
"17",-0.304280249362066,-0.175345967220918,-0.0413146254113969,-0.112946566453566,0.17665168484178,0.051798552851422,0.026643044379194,-0.00611761117629706,-0.434691600306216,-0.375532456590173,0.048482603120736,0.202133539251695,0.37570425974082,-0.0532642962039616,0.00837268468905226,0.0121777461594299,1,0.133773857381096,-0.104597994724445,-0.171308367709936,0.0242052981144884,0.109227254227482,0.101387228565279,0.016979491496269,0.0858930544856647,-0.0271642614566212,-0.101086622165205,-0.0166352266102567,-0.158475876631186,0.0212663456939834,-0.178374471104941,-0.127884641844879,-0.013941313963103,0.078357529816817,0.158644364348187,-0.261318924018708,0.0928524250098253,-0.0821503242908852,-0.0390827350548129,-0.0824662516345182,0.0456184454065059,-0.042911096074303,-0.0700643419786304,0.108576144315985,-0.118141858303811,-0.219952484996722,0.0918718985586956,0.0961754966367951,0.392593385558251,-0.00407280832966356,0.217196841602323,0.273628462782352,-0.109674079576418,0.0314305521835559,0.118005212116965,0.137618022653834,-0.0289302449506177,0.106012865502996
"18",0.122185892057535,0.0853084588042606,0.00944400172442365,-0.024655583251425,-0.0744544754499508,-0.00604767182472935,-0.0129818718905493,0.0815222184423111,-0.284248591188835,-0.138663199717969,0.152313978001463,0.0602298609375271,0.25421648903409,0.132087687430031,0.0608736199854294,-0.0341173033212105,0.133773857381096,1,-4.63889994315001e-05,0.205854781595213,-0.0538252750446938,-0.0126181982898535,0.00304376359747758,0.263967097984945,-0.00185281382975252,0.0303204127217019,-0.0729916538005527,0.0490992741644804,0.274507691196119,0.0103754017631312,-0.219761864885158,0.216206297725235,0.0696785045459677,0.0447648450063509,-0.0262922838619556,0.247467035727064,-0.0071585119867854,-0.0262002639611786,0.0735600861548575,0.22308268300715,-0.0197691953350236,-0.0789173570201237,0.0708904447870357,0.109959598282857,-0.198602191934755,-0.283606026353416,-0.0383022017112803,-0.0341125770859572,0.432623793652699,0.319904305188266,-0.0790486000283805,-0.0853853636271646,0.0535839621148649,-0.0745837322437862,-0.0399774731516387,0.123953312142646,-0.202511339775345,-0.0784431918122725
"19",0.12862434134942,0.0457627747764376,0.158813507332423,0.152284794870917,0.0218131440078246,-0.0188295362929375,0.0260852690028761,0.10331414010015,0.132058043278904,0.0630000931032863,0.0553834273110293,-0.13450199603876,0.0149717746231502,0.0555263795048656,-0.142289377469584,-0.161651364927955,-0.104597994724445,-4.63889994315001e-05,1,0.225973456837547,-0.053844926908848,0.061823807233315,-0.0970108165636629,-0.133248920380935,0.126736813091096,-0.00949584804475487,-0.0421884401520435,0.0901308556067573,0.127496003461735,0.227557366575766,0.329365592224208,0.0391898546606659,-0.108573945092772,-0.0801478195706721,0.0478551955850937,0.110966868560724,-0.182716062076625,-0.0429468903576741,0.0564474714984562,-0.106331465353047,-0.214664075628771,-0.295333417482259,0.00112986247702437,-0.113351551506162,-0.128894648698773,-0.178978814943231,-0.252661532198544,-0.223589636393089,0.00846271894309908,-0.0146490761474289,-0.0981342476240415,-0.125069209799242,0.00106166107844728,-0.0267241919007629,0.118857842601203,0.0113428993145502,0.0348473240230122,-0.127589717710804
"20",0.127152686332661,0.0418613066735301,0.0840365848645984,0.254413211349809,-0.155914051148942,0.13791027711818,-0.0778228604184924,0.0554723879987235,0.13023231838538,0.0673989721763731,0.0459078608048741,-0.0306482840446795,-0.101379098296662,-0.101710091319184,-0.0601595257468706,-0.0131801675907357,-0.171308367709936,0.205854781595213,0.225973456837547,1,-0.103469404282137,-0.08681360426156,-0.14867688917602,0.313056266603724,-0.065362750418063,0.0399163489323589,0.0442140835995434,-0.0901330384050551,0.167167700410816,0.158351897941875,-0.060957311798422,0.502888997056492,-0.317173475419821,-0.0403458776111657,-0.0109036020435876,0.238013874122996,-0.150421291238154,-0.144063543613297,0.0189255674022977,-0.0830337915534171,-0.0764068378423702,-0.22286160526438,-0.0929844281119161,-0.210202869444466,-0.0043155199929895,0.0439991867825964,-0.0431484184605659,-0.183183667039904,0.0174427600270627,-0.180168002717869,-0.00166941625664514,-0.0816295300312944,-0.0012212101391545,-0.0611978638150919,-0.148649565299143,-0.229747447409286,-0.0532449219198347,-0.0949215491713018
"21",-0.0840888926807242,0.0229419748196371,0.00279434351431707,-0.0303022640173821,-0.0692019500007372,-0.0893490163797273,-0.197720935572644,-0.120409780792491,-0.0758041053824535,-0.0108893954821789,-0.11926021735867,-0.151599774261027,0.0870145498608076,-0.0237005951233185,0.0394009899786816,-0.108363353188291,0.0242052981144884,-0.0538252750446938,-0.053844926908848,-0.103469404282137,1,0.174699609198162,0.0864421175554119,0.022842124273006,0.144747212801435,0.138734218880722,0.110187386461182,0.0164127751883484,-0.000233461030403,0.0851858988719207,-0.026261164817932,-0.0266609857064755,0.225626880001083,0.12247103255421,0.100952648521183,-0.148548481352614,-0.152567141381905,0.00040035171124194,0.130212630314863,0.139606591103454,-0.0371377836112883,0.0388853538752847,0.125475391342943,-0.0158340956082417,-0.00237584426966801,0.0170982164685931,0.0633397785147052,0.00317207026735512,0.0229459698811852,0.0169752750215804,0.00198132101196289,0.0256516156908188,0.0509200139737693,0.199239632081884,0.0658560262140869,-0.282247236083245,0.0348376609817971,0.108106734909716
"22",0.00670438627111891,0.0677063560473194,-0.121955931059272,-0.0715017164295422,0.202583887344471,-0.0336758751540551,-0.135162963784307,-0.131365691829434,0.0390086966892445,0.0264578811769732,0.0573137122601516,-0.00324929292382436,0.0512413058364411,-0.104880898220576,0.0390607740710776,0.222635479527029,0.109227254227482,-0.0126181982898535,0.061823807233315,-0.08681360426156,0.174699609198162,1,0.0570186950683366,-0.0594432771246447,0.0900064190152744,0.0548172713775897,0.199438140384365,0.0224104848762006,0.0965054172691872,0.26443850369206,0.245725663857552,-0.0518139198149075,0.0974005678056622,0.228246209528165,-0.0408430564226321,-0.197965179300626,-0.0541300348256475,-0.156584132772351,0.0105967190051768,0.0856933981146469,0.067368454529251,0.109664753449112,-0.121479007839158,-0.12565270206477,-0.158166639398978,0.0512204661924215,-0.00613008311580918,0.0162245091852116,-0.0523611621299541,-0.0707267111505916,0.0441959264995883,0.0348854821686799,-0.0667469973485217,-0.0525832067758645,0.0564178259973997,0.0890423605160419,-0.0674428785391967,0.0648985993946618
"23",-0.0517688765943297,0.0577540116670492,-0.0322994093277257,-0.17012473513139,0.084257102964642,-0.0411400326280175,0.142530608086779,0.0500486419607636,0.0322478729953402,0.213499063906312,-0.0215708102873578,-0.0120288211128023,0.00010393790363946,0.0134654413896351,0.184574154300187,0.107297781580284,0.101387228565279,0.00304376359747758,-0.0970108165636629,-0.14867688917602,0.0864421175554119,0.0570186950683366,1,0.153499785517614,0.1076883993879,-0.0342487152543504,0.0366544373039289,-0.176575710092622,-0.0125655774235367,0.00265035609622638,0.126229983230374,-0.0630624656987989,0.138993888984193,-0.101906666887643,0.0479634971139252,-0.00680242635912953,0.092802857041413,0.0319447305976966,0.214653929423982,0.14143528458785,-0.00087051077018699,0.0881747665195024,-0.0966042345182332,-0.00548090465777809,-0.00514546486357618,-0.165321378592287,0.0426043805557872,0.0975384571197612,-0.0185513666246949,-0.116353639728034,-0.159829734346541,-0.199811877291359,0.15044815162153,0.0855611663339674,-0.00013997454317707,0.0536962979283227,0.107843661090306,0.0389314462428773
"24",-0.0214827270886241,-0.0312365745259398,0.201523955979812,-0.0456569135892456,-0.0587430404605657,0.160909326396009,-0.0404297939322433,0.0494527774759556,-0.0196389741000167,-0.00055518523966107,-0.010416401902597,0.0769393077244722,0.0388502797971958,-0.00522603695094002,0.158266630687852,0.202622195177229,0.016979491496269,0.263967097984945,-0.133248920380935,0.313056266603724,0.022842124273006,-0.0594432771246447,0.153499785517614,1,0.128550259862553,0.0139418213238579,0.0572748025586798,-0.135376023012153,0.0376101419870277,-0.0984507099616242,-0.0695887251767503,0.0444475185078119,-0.075277932811775,-0.02628037176979,0.0888317032609462,0.204846141292308,0.0874085751062506,0.044842033056502,0.102088957985873,0.0812040964640684,0.0844898184015167,-0.0368609710168745,-0.145933532125774,-0.125027860951957,-0.0277826215487496,-0.180370484715577,0.0738532412006888,-0.0279611247304693,0.169578511267127,-0.0300431173249695,-0.0630402737980997,-0.0671317180838655,-0.0233061391206457,-0.00877987732244234,-0.156583824604244,-0.044120657838273,0.0582298826530637,0.0656770903094847
"25",0.0293976759568615,0.0224971184423056,0.33225134602381,-0.160392293604404,0.153640350086349,0.132735317054591,0.04472440401613,0.111182211299695,0.0143496381519702,0.185085239047396,-0.158695888737366,0.0670223622310471,-0.0262547158087316,0.0613608341152821,-0.0152866270887961,0.117656312540045,0.0858930544856647,-0.00185281382975252,0.126736813091097,-0.065362750418063,0.144747212801435,0.0900064190152744,0.1076883993879,0.128550259862553,1,0.0236789954571431,-0.128642469706447,-0.150447124642952,-0.10583894293833,0.0583284745553816,0.1371281860552,-0.0501920130564596,0.204793876718102,0.0124038944625439,0.172198618595947,0.0191731204521167,-0.00809300586361197,0.100973089017251,0.158326756902969,0.0940621099855153,0.00610601308023931,-0.0401773150238081,-0.159708750357845,-0.0888720442544076,-0.115963184677052,-0.146008024594371,0.166987295638874,0.127121695847903,0.0308906725134782,0.0211590461113011,0.0971312985137709,-0.0722622259578388,0.181746413875238,-0.0359825578077143,-0.0574699126320942,0.133540503447428,0.189360439353068,0.00436922956907699
"26",0.0321389236198601,-0.0722248028691415,0.013813029191518,0.16053056765461,0.0743715402147941,-0.0110094383807112,0.0268018156284757,-0.0499891655595603,0.11253793539097,-0.0332369812351119,-0.055718426937923,0.106743001835895,0.00818628839727137,-0.0993189121198107,-0.0132024580831419,0.0648337566672657,-0.0271642614566212,0.0303204127217019,-0.00949584804475487,0.0399163489323589,0.138734218880722,0.0548172713775897,-0.0342487152543504,0.0139418213238579,0.0236789954571431,1,0.164716858136647,0.172635505798567,0.0411641594403987,-0.111486574071039,0.040502067833647,0.0104036193297952,-0.00605422223123061,0.16225442058549,0.0271071800923754,0.122277078380416,-0.176265451616392,0.0898460840693024,0.175656569018264,0.139983813252261,0.0223860207146467,-0.0766134599804228,0.0583929708347561,0.171738215809803,0.174359064172627,0.0609514315243174,0.0837145473142702,0.0658936077827934,0.0514420133090647,0.0443125818689613,0.111780843042486,0.0317158268341328,0.177841327464028,0.124824787309418,0.132676154998574,-0.116781091798746,-0.184471662731824,0.0724035346253547
"27",0.186914123200946,0.258284225916088,-0.0778472260193384,-0.0559244690728385,-0.187127813955034,0.225928294812995,-0.0579502203331724,-0.0302506945368097,0.162822863670033,0.146121911344328,-0.0493302537482894,0.136180511524203,-0.292230184332732,-0.108540747079505,0.0753855543373357,0.123596333224482,-0.101086622165205,-0.0729916538005527,-0.0421884401520435,0.0442140835995434,0.110187386461182,0.199438140384365,0.0366544373039289,0.0572748025586798,-0.128642469706447,0.164716858136647,1,0.192407780185118,0.0612788469610469,0.11389064459541,0.0555283003536625,0.156966731810543,0.161339174212854,0.21690435740743,0.0595240523284842,-0.0341698146637663,0.0658109488987989,0.184408900208564,0.0835853124757713,0.0834092544596981,-0.121293553706392,0.0132669677769698,-0.140683856095538,-0.245082752324229,-0.0508910557560986,0.293442148178153,-0.063551264963358,-0.0281685550734852,-0.233475887571326,-0.144117109627567,-0.198938146552827,-0.0606450656983939,-0.0447085716654176,0.169861803379428,-0.0779455222346486,-0.128832136234749,0.0814524869872122,0.393688349181877
"28",0.19318943472212,0.111186589091679,-0.139543922005368,-0.0402650440015422,-0.0106132602326002,-0.187065603170591,-0.0131895931537897,-0.0757191574216362,0.0721757880402656,0.0183722794065229,0.0762365977040034,0.0487142570229599,0.102150150503614,-0.00849785043343477,-0.0203889884656336,-0.100312313808177,-0.0166352266102567,0.0490992741644804,0.0901308556067573,-0.0901330384050551,0.0164127751883484,0.0224104848762006,-0.176575710092622,-0.135376023012153,-0.150447124642952,0.172635505798567,0.192407780185118,1,0.292493528086253,0.137879082632903,0.0807955054357504,-0.11410255677018,0.0343597114466821,-0.0384899119673023,-0.0353589350113373,-0.0264468487231741,-0.153817609633455,0.0353432551154775,0.00296891046940802,0.0122721511821575,-0.0104818782687862,-0.0696663307631422,0.163313443933715,-0.018974227600264,-0.10045797853083,-0.121477778625218,-0.116790932201653,-0.227392924340389,0.216844442564447,0.0509390455640513,-0.303776499434878,-0.278203322393102,0.0287687237741885,0.12388246965306,0.0345234911757545,0.032830039029268,-0.145116346705117,0.0431153066397185
"29",0.165872717676698,0.222792369869934,-0.119845085771788,-0.0824151056443729,-0.0801266058326056,-0.0496794096290387,-0.202253278836589,-0.245543871417541,0.0388999480141595,0.0654263786946137,0.32486126452319,-0.0100023813759486,0.144976601868826,0.111768498939666,0.134335581331274,0.0513870647146673,-0.158475876631186,0.274507691196119,0.127496003461735,0.167167700410816,-0.000233461030403,0.0965054172691872,-0.0125655774235367,0.0376101419870277,-0.10583894293833,0.0411641594403987,0.0612788469610469,0.292493528086253,1,0.141898590638218,0.235506538129675,0.0636560265993263,0.170383398613958,0.0370843274114243,-0.279172346942184,-0.0804408731559096,-0.0180964275018315,-0.0700810553053845,-0.0397888149135495,0.128979376620283,-0.00643877129287594,-0.0604958029052505,0.0283766099573133,-0.0722510447232311,-0.19224765420225,-0.0909372416500711,-0.0821236227526475,-0.219302719642077,0.142580790275703,0.0792773256923187,-0.236095396626066,-0.166756449372097,0.0730128913466039,0.207330933043466,-0.133905930115432,-0.0615039516116492,-0.293989201045119,-0.163961067423878
"30",-0.0279252964129151,0.143328845007259,0.0550434708148055,-0.0582917626694613,0.106024774894233,0.0723649293400498,0.0332993023132951,0.0391163955285331,0.0179737189388959,0.0199782668122962,0.0939653010511906,0.0977340809109926,0.00063178726479628,-0.0449900144260517,-0.165092711049614,0.00881475371592021,0.0212663456939834,0.0103754017631312,0.227557366575766,0.158351897941875,0.0851858988719207,0.26443850369206,0.00265035609622638,-0.0984507099616242,0.0583284745553816,-0.111486574071039,0.11389064459541,0.137879082632903,0.141898590638218,1,0.123256841719205,0.179130435081429,0.0483133805702816,0.0349518002848532,0.00037920770944054,-0.00063555602058138,-0.116926462915401,-0.108108752872027,-0.0753628812374646,0.0138993562344169,-0.182733445110799,-0.248315834048649,-0.175502768885109,-0.223267326641152,-0.215273246088786,0.0345542512666154,-0.153771545114491,-0.235070326643997,-0.113787538800909,-0.151325252162338,-0.156655898356206,-0.139885114600753,0.0481113490856761,-0.0780646244766505,0.0813831074055125,0.130710521076907,-0.124703560135952,-0.107263907516258
"31",0.158752507356425,0.153840474073748,0.073551686180558,0.00271354665004403,0.0860411201005797,-0.0417179787844901,0.0216072289300096,-0.0405675008110218,0.233129342949069,0.171223164408921,0.026270788140379,0.111628861441325,-0.0339845378723701,-0.0181107387488752,0.149617312652535,0.0774904970230101,-0.178374471104941,-0.219761864885158,0.329365592224209,-0.060957311798422,-0.026261164817932,0.245725663857552,0.126229983230374,-0.0695887251767503,0.1371281860552,0.040502067833647,0.0555283003536625,0.0807955054357504,0.235506538129675,0.123256841719206,1,-0.0938358160563443,0.0974112876539157,-0.0283840780746796,-0.176713907577842,-0.0492609275192533,-0.109645414208202,-0.111183502595118,-0.0364798523024673,0.0720034970576084,0.0458760162623012,0.0431813469460183,-0.0700354143368442,-0.265491200562815,-0.140435588005992,-0.0378302111849701,-0.170432970558143,-0.28136068702749,-0.00887017954912999,-0.106615563978892,-0.174945323904635,-0.233075089572757,-0.0326011183685027,0.161054610376258,0.177515632951113,-0.0582030315928318,0.0320473846366943,0.107164973682764
"32",0.133820045070595,0.118319640546807,0.0359407502865906,0.195132313774808,-0.294394036740149,0.0875462404522483,0.0407349100055592,0.155347312957947,-0.0360392441032498,-0.00299625219863204,0.0503813939132355,0.183432700352627,-0.146348747810224,-0.149749736873143,0.0883718510122638,-0.0493493055231779,-0.127884641844879,0.216206297725235,0.0391898546606659,0.502888997056492,-0.0266609857064755,-0.0518139198149075,-0.0630624656987989,0.0444475185078119,-0.0501920130564596,0.0104036193297952,0.156966731810543,-0.11410255677018,0.0636560265993263,0.179130435081429,-0.0938358160563443,1,0.00500212913563205,0.0923093970209136,-0.00628725045132084,0.225077239609059,-0.193498962584285,0.0115530595394603,0.0201578927831163,-0.0160813212598289,-0.104122303009402,-0.279248600941204,-0.0221503842419813,-0.0374709503193031,0.0157783555794638,0.113414720621685,-0.101058768013274,-0.120777102232496,-0.126752362966351,-0.192872635082326,0.0100243027985114,0.0119352873327157,0.151804228725434,-0.0748674714255058,-0.0832180304673496,-0.152585022948305,0.0427814167872071,0.114491611638559
"33",0.207508648933054,0.120719449661504,-0.0699804737097095,-0.0968662272630132,0.081115355560241,-0.0594490828012861,0.0437796467224895,-0.0901814905090686,-0.124982965989734,0.00362364894997532,0.123592596411178,0.134634534787549,0.0935483252406532,0.165156016494837,0.275309493289645,0.129890679996575,-0.013941313963103,0.0696785045459677,-0.108573945092772,-0.317173475419821,0.225626880001083,0.0974005678056622,0.138993888984193,-0.075277932811775,0.204793876718102,-0.00605422223123061,0.161339174212854,0.0343597114466821,0.170383398613958,0.0483133805702816,0.0974112876539157,0.00500212913563205,1,0.227961531726606,-0.04358972463241,-0.146780942442407,-0.0352105751737964,0.256038392175374,0.338166033797708,0.318190970696033,0.0768814069560969,-0.0392955556092875,-0.0388493477570281,-0.0914308293010775,-0.0873399123852383,0.0742199794818097,0.193010559934451,0.0910405026397196,0.00783438686909892,0.0281503854696298,-0.0599434428755787,-0.0588375514723894,0.0556957425991585,0.140685053830134,0.0389928404696843,-0.0431865418211649,0.141156165692211,0.108152851390374
"34",-0.0621223156905403,-0.00865425550102546,-0.166176550562991,0.0696136977716192,0.0583760520869382,0.167991297210888,0.066839371148022,-0.0198180192659647,-0.131645407898248,-0.136156640997872,0.147664703407691,0.336600948737323,0.0379480225162831,-0.0424986041702871,0.0494786608843801,0.171140166596946,0.078357529816817,0.0447648450063509,-0.0801478195706721,-0.0403458776111657,0.12247103255421,0.228246209528165,-0.101906666887643,-0.02628037176979,0.0124038944625439,0.16225442058549,0.21690435740743,-0.0384899119673023,0.0370843274114243,0.0349518002848532,-0.0283840780746796,0.0923093970209136,0.227961531726606,1,-0.0292069998894038,0.0100980286981728,-0.0933948890302122,-0.0171512743133054,0.377524291394849,0.487808023020136,0.226210775082654,0.0843057353588671,0.0134013282342643,0.041896707797355,-0.0082852706735274,0.108426323847781,0.128553396753743,0.208854487408809,0.162151139761275,-0.0581776157261801,0.274369350049075,0.316895934841322,-0.0733349832587964,-0.109722613774396,-0.0911753958277093,-0.0473429639963332,0.0916190707174824,0.108850078884089
"35",-0.0208215615735587,0.0764586621471481,0.0297432101096635,-0.0577556529603664,-0.0621965416127968,0.172513291323939,0.361809527248051,0.202847220262288,0.0913406922130206,0.100875795248043,-0.198356964602621,0.173521380475469,0.0162419762081282,-0.048174434484098,-0.0137059667576852,-0.0318484217021463,0.158644364348187,-0.0262922838619556,0.0478551955850937,-0.0109036020435876,0.100952648521183,-0.0408430564226321,0.0479634971139252,0.0888317032609462,0.172198618595947,0.0271071800923754,0.0595240523284842,-0.0353589350113373,-0.279172346942184,0.00037920770944054,-0.176713907577842,-0.00628725045132084,-0.04358972463241,-0.0292069998894038,1,-0.0213853802336954,-0.00467417411600987,0.179039911063148,0.170139304770462,-0.00047311174513238,-0.102044988144193,-0.113474947249865,-0.290080365383978,-0.0691060340629896,0.00788612160902036,0.0397839734347388,0.0100597160274921,0.132898924996671,0.00317340856595632,-0.0425953468763397,-0.0640890002999769,0.0119690143667381,-0.0107038519821627,0.011780865493091,0.0655761177203687,0.0528492660195842,0.236568828304335,0.129754401347735
