"","l_Insular.Cortex","r_Insular.Cortex","l_Amygdal.Area","r_Amygdal.Area","l_Bed.Nucleus.of.the.Stria.Terminalis","r_Bed.Nucleus.of.the.Stria.Terminalis","l_Hippocampus","r_Hippocampus","l_Orbitofrontal.cortex","r_Orbitofrontal.cortex","l_Entorhinal.Cortex","r_Entorhinal.Cortex","l_Frontal.Association.Cortex","r_Frontal.Association.Cortex","l_Globus.Pallidus","r_Globus.Pallidus","l_Glomerular.Layer.of.the.Accessory.Olfactory.Bulb","r_Glomerular.Layer.of.the.Accessory.Olfactory.Bulb","l_Glomerular.Layer.of.the.Olfactory.Bulb","r_Glomerular.Layer.of.the.Olfactory.Bulb","l_Granule.Cell.Level.of.the.Cerebellum","r_Granule.Cell.Level.of.the.Cerebellum","l_Hypothalamic.Region","r_Hypothalamic.Region","l_Entorhinal.Cortex","r_Entorhinal.Cortex","l_Vermix.Molecular.Layer.of.the.Cerebellum","r_Vermix.Molecular.Layer.of.the.Cerebellum","l_Lateral.Molecular.Layer.of.the.Cerebellum","r_Lateral.Molecular.Layer.of.the.Cerebellum","l_Anterior.Olfactory.Bulb","r_Anterior.Olfactory.Bulb","l_Posterior.Olfactory.Bulb","r_Posterior.Olfactory.Bulb","l_Subiculum","r_Subiculum","l_Perirhinal.Area","r_Perirhinal.Area","l_PreLimbic.System","r_PreLimbic.System","l_Primary.Cingular.Cortex","r_Primary.Cingular.Cortex","l_Primary.Motor.Cortex","r_Primary.Motor.Cortex","l_Retrosplenial.Cortex","r_Retrosplenial.Cortex","l_Secondary.Cingular.Cortex","r_Secondary.Cingular.Cortex","l_Secondary.Motor.Cortex","r_Secondary.Motor.Cortex","l_Striatum","r_Striatum","l_Ventral.Tegmental.Area","r_Ventral.Tegmental.Area","l_Substantia.Nigra","r_Substantia.Nigra","l_Thalamus","r_Thalamus"
"1",1,0.141402050536681,-0.130625181666577,0.12150710705473,-0.012396658379099,0.128678975490795,-0.00288003046678423,-0.0799656571543038,0.154029415080896,0.0339134001468017,0.182748385002647,0.0786171865948844,-0.0207829196001985,-0.0528335709909715,-0.0265876835398733,-0.127469100049756,0.0887563676385085,-0.0152674520186743,-0.0690134880696883,0.00861796925459209,-0.15708423452274,-0.0873807253524603,-0.096290358422106,0.0980026211703016,0.106627956248195,-0.0505273082466364,-0.162869145530547,0.192476785077421,-0.123395845659864,-0.159883559226723,-0.0495420019872066,0.06183590855593,0.0129469860827206,0.00841778065927403,0.185948260634247,-0.177488204268066,0.260232497302772,-0.0461011912526043,0.11034944821978,0.0395301486611169,-0.0859679488976038,-0.0661742236488971,-0.0141135682456311,-0.0194839432575334,-0.19262486740842,-0.180896122874472,0.171521406640985,0.153643949023896,0.115097581151113,-0.0632430039691291,0.0528952742939117,0.209046403885365,-0.00764229569964302,0.0120959896153645,-0.24905691778129,-0.0346183406556367,-0.156125785933885,0.0929945031751392
"2",0.141402050536681,1,-0.113339510151349,0.0752474568656819,-0.125100947142724,-0.0908062432379683,0.154823511529781,-0.175760739004216,0.0686855503715249,0.408060832578882,-0.0322387525931582,-0.0243012756791094,-0.0978405293823909,-0.0430529581392857,-0.073866248052378,-0.105055892034994,0.157843121644318,-0.114017542475835,0.0560893013953154,0.037252811547034,0.0800831634826299,-0.0483713412815662,-0.0765588616173765,0.13340977509988,0.0817687854349443,0.0340007773200944,0.0341376668351085,0.0669142353196857,0.0408726326357773,0.00497474961492558,0.119752076862764,0.12099870725907,-0.119056893854109,0.144480138756572,0.0803356300741675,-0.0685419895696433,0.07609322810643,-0.019275066269554,-0.123015176096009,0.0392931526310411,-0.187537118501932,-0.210824265812955,-0.14677489876574,-0.0504737616411701,-0.284783898466094,-0.134895526938065,0.0300330567002609,0.00697837526040904,-0.171489542415484,-0.0815584835689798,0.119805673506146,0.178711611962363,-0.092905296077748,-0.0724438134441823,-0.100251974813099,0.193792282963363,0.139239188715294,-0.136772620524878
"3",-0.130625181666577,-0.113339510151349,1,0.00627238707650519,0.0612130208986211,-0.0311186418856388,-0.0531490476283887,-0.108645540046774,0.0675132615012433,-0.0373933595856928,0.0950034934355925,0.0553553464069877,0.218434963944615,0.0574161897599862,-0.00775007536545786,-0.168372145231172,-0.101583277796387,0.0226535960493369,-0.151663609892639,-0.134556541221889,-0.108366082857116,-0.0841244971282225,0.166309380207884,0.0608515325824165,0.127703396879535,-0.0547673197374791,-0.100915908925658,-0.0539357053301018,-0.0317033781999262,-0.0541787228902153,-0.0181908066750342,-0.00264924399433499,-0.133909875045038,-0.0705638599203804,-0.047951296168961,0.0613103090293594,-0.0127465384468143,0.0231495584160962,-0.130705156361466,-0.229960130095113,-0.0461899212166606,-0.124078513166252,0.0246997562051899,0.0115621314048639,0.159693074091454,-0.0902253319147897,-0.0268295515176638,-0.0662007101511815,-0.116075869335246,-0.133196056460887,-0.172726655659954,-0.0718138013889048,-0.0417422976519722,-0.0338946617129567,0.00945035117940275,-0.00240902573777279,0.114659768756673,0.0185165848812469
"4",0.12150710705473,0.0752474568656819,0.00627238707650519,1,0.037226671711627,0.0621871233661148,-0.0982917914566408,-0.156816376688707,-0.0416148676829072,-0.0477684716352908,-0.0491045042326967,0.261962740477602,-0.0733012718858397,0.0748303789865496,-0.0155245323828153,-0.0261187586101151,0.013449696617043,-0.178912901842471,-0.185126595962969,0.0701921076000062,-0.0106033223869742,0.070414721394727,-0.0659288066320247,-0.0487681390103967,0.0120594500237165,0.0406046396317133,0.0510425680113173,-0.0802931457640372,0.0149422488216613,0.105542862924396,0.0734266538007419,-0.0907975277362386,0.0140174969231393,0.0132463166820294,-0.133104971064621,0.0425840932231764,-0.165334072649413,0.0603643580739806,0.06880891552702,0.118425864843595,-0.0302061163291709,0.071821501111991,-0.14427670594303,0.147675260054295,-0.193287968871002,0.021825324856775,0.0617300911769715,0.158048615385762,-0.0610351507829668,0.0855549027965428,-0.0678728483664111,0.0929216355562398,-0.019591742137794,-0.230656020905821,0.0375462552383187,0.0804436672332208,-0.174357551848348,-0.115093119382893
"5",-0.012396658379099,-0.125100947142724,0.0612130208986211,0.037226671711627,1,0.0846958056742377,-0.201847406313599,-0.0740439344668131,-0.124621896983437,0.0985908495044336,0.162960297659698,0.0891070797807799,0.0383604917307867,0.042127729532537,0.0868473091828872,0.0743442062594549,0.0745935087516974,-0.00518319611519081,-0.15705057279131,0.0210241845354294,-0.0417920166545179,0.13757243069359,0.0889599071544702,0.0425986558336291,-0.0576792468060566,0.0663706881431839,-0.0476141739251101,-0.147721807899793,-0.202189141227503,-0.100333360694336,-0.203064135168319,0.168055553675988,0.0251003972636809,-0.0783550097524916,0.0383110623133895,-0.136259798185906,0.110933154693299,0.0652410162808969,0.045252166315094,0.052888845054913,-0.159736714097698,-0.00372481661148169,-0.0910264886373441,-0.138483257280671,0.10271383564483,0.0549576699380483,-0.0762860263206536,0.0005931770477917,0.0978488244982675,0.0828794583576392,0.121306270572005,0.131078105219651,-0.0139983371738292,-0.0475262433965718,0.18781309198743,0.0390972673336108,-0.0517381173892028,-0.0694426977359802
"6",0.128678975490795,-0.0908062432379683,-0.0311186418856388,0.0621871233661148,0.0846958056742377,1,-0.149820789188781,0.0459076631381451,0.0414400863375408,-0.126778097623985,0.0178632764264148,0.116055722293628,0.173071192373045,0.179611635574985,0.0267164548120248,-0.16592071467267,0.0686125809058372,0.230382630349187,-0.0062762523413385,0.0829356580635918,0.00678157808670927,-0.0328947241711058,0.0176187083395228,0.048578728597308,-0.101452076335959,0.0585839559097139,-0.160709376251981,0.0525390443453579,-0.0732438955596293,-0.198813276768085,-0.0585955063037875,0.138434531997599,0.0544651880137084,-0.138161035707967,0.0758893257711114,-0.0676272080944114,-0.00677912643235662,-0.0598500823647493,0.134610832265785,0.034554452803444,-0.157870114215377,0.0809250664135591,-0.0800158648862821,-0.14167974503363,-0.122460971007715,0.00060459313137255,0.0806270317940234,0.108428386139042,0.194998614948747,0.0845859116608366,-0.00399620463953047,0.242791602763757,0.0978467005316742,0.0756209570400322,0.0415708515620355,-0.0673770658529732,0.0569965942146176,0.338692052031648
"7",-0.00288003046678423,0.154823511529781,-0.0531490476283887,-0.0982917914566408,-0.201847406313599,-0.149820789188781,1,0.142030134290985,0.172226271737976,0.0886386221178416,0.0309352787581006,-0.126993942597241,-0.018170560358943,0.0267917186378403,-0.116079480735186,-0.0848358024200985,0.108121157279717,-0.0108945499173821,-0.05777446213556,0.00041380095777728,-0.0978057725586357,-0.136937913203802,0.0153468849625544,-0.0306144216404017,0.0416438660261283,-0.0160591173821864,0.0493829700525082,0.0168257081539192,0.198791278856482,-0.00334193815302181,0.0174866923541802,0.0700193412001382,-0.0969358735156845,0.0402585628709901,0.197971810213756,0.035825899983847,0.208363039198535,-0.0159492074238647,-0.0117865883015504,0.0963397819327226,0.0541912963675473,-0.0765906956103025,0.142295402433389,0.214465150192932,-0.0960496820410656,0.0325205692791185,-0.0426384696080771,-0.074717834386827,0.0584313357395188,-0.0717989516659891,-0.0465614945352209,-0.102735362585534,-0.105274766761829,0.0506442872238551,-0.104948268357721,0.0986216112396001,0.0499504384089694,-0.104504573532572
"8",-0.0799656571543038,-0.175760739004216,-0.108645540046774,-0.156816376688707,-0.0740439344668131,0.0459076631381451,0.142030134290985,1,-0.0516494448953055,-0.195650892783621,-0.0502730953104586,0.0475130900451706,-0.114729661438615,0.0167680039531407,-0.173019749664,0.0285900262069776,0.162697690940268,0.315911350072566,-0.0653276644229049,-0.0652931163399628,-0.0641960657069824,-0.0356550114516319,0.0591371654083822,-0.0372043940752995,0.0103488239024899,0.124648564706647,0.057707236857895,-0.0782982192687657,0.08447461211288,-0.0377405853151109,-0.113379841394743,0.00364174944948138,0.175808677235697,0.00732322417043016,0.067217068281122,0.169182051664809,0.0680499406410986,0.0346528007014261,0.0741513512142442,0.0894994162549997,-0.0446569802822736,0.0421051383779291,-0.0432293063177607,0.0969419350341728,0.0258283997549115,0.0533447865580037,-0.0240355263108089,-0.0672976895920613,0.0718491052894011,0.126502887107768,0.0405066812482399,-0.0527042032387974,-0.18290124179101,0.158227379216553,0.113005093938977,0.106974182706027,-0.220822352110833,0.0918771383860453
"9",0.154029415080896,0.0686855503715249,0.0675132615012433,-0.0416148676829072,-0.124621896983437,0.0414400863375408,0.172226271737976,-0.0516494448953055,1,0.0418246473882524,-0.00266813356820833,-0.209895488703861,0.1403833169762,0.14215534649635,0.262003324907918,-0.0478882154878874,0.0454203537688389,-0.0310401251314423,-0.19317470876842,-0.0411530387720139,-0.135925515538678,-0.0398695997103612,-0.130867869070525,-0.030626913216189,0.152594410544766,-0.157065254121935,-0.0364231786055866,-0.0359936021509656,0.0536571684486773,0.0883082192925472,0.0459388957961527,-0.128254032014337,-0.0812438362403577,0.040514833318131,0.106580059048996,-0.0544857520848785,0.10862974364344,-0.157409324091583,-0.124163523506148,-0.0746072934203613,-0.352166785271838,-0.109583857905213,0.0644916027075392,0.0304019682550399,-0.0102233139030079,-0.0534791690269134,-0.0419488076365638,0.0183071405806269,-0.167471200962972,-0.146081056425623,-0.133521018528309,-0.113321828283188,-0.0729009291381229,0.160903930825061,0.0571119372081976,0.0546743789446987,0.0196538330007757,-0.0299164098661423
"10",0.0339134001468017,0.408060832578882,-0.0373933595856928,-0.0477684716352908,0.0985908495044336,-0.126778097623985,0.0886386221178416,-0.195650892783621,0.0418246473882524,1,-0.00024109558074253,-0.0128620590993508,-0.0586476106260417,-0.122890047611859,0.0945804811194314,-0.0662414235986462,-0.106059334157691,-0.172878356756005,-0.00899058432740363,-0.151273111144308,0.187221393219987,-0.156476638184324,0.0257481098829471,0.157422102366044,0.214114636653882,0.296562951421974,0.0180133582330224,-0.0537211463708835,0.0921673942544233,0.102004957517915,0.0530417816840999,-0.126436609375786,-0.0664980981032318,0.0347210733532327,-0.103076431748958,0.133802895476912,0.161311093667116,-0.00361868709995997,-0.176345101132021,0.053821608849808,-0.214242988912475,-0.177206267752745,-0.26230499510706,0.130116117519149,-0.169197142129776,-0.267721285979457,-0.0737097115892604,-0.0157664549898642,-0.274015921284949,-0.27931237775972,-0.0554254428870064,0.0737008456075616,0.0245759925918523,-0.0273837609979829,-0.036709992575613,0.231500851781375,0.120968327671561,-0.195222526596963
"11",0.182748385002647,-0.0322387525931582,0.0950034934355925,-0.0491045042326966,0.162960297659698,0.0178632764264148,0.0309352787581006,-0.0502730953104586,-0.00266813356820833,-0.00024109558074253,1,0.216300273672305,-0.268556549757219,0.0837272578506147,0.0502477921836602,-0.0862640079834936,-0.0388514422784244,0.0557129437010218,0.0653387801284377,-0.0909974191001328,0.0619345892960789,0.0295076845981542,0.132077120800462,0.00198594087399476,0.0636444820734607,-0.139345742345914,-0.0002403759087803,-0.150165096968284,-0.0139037402761234,0.112717887789248,0.0354098901694842,0.163598094829309,-0.187389982569401,-0.112310411182183,0.257780925004622,-0.0763946036972423,-0.0634007859810075,-0.0441011226253272,0.0215149637935224,0.0450562786234839,0.192906192443483,-0.0983611157615889,-0.0227081228922323,-0.147299450155942,0.0977422776403706,-0.0461669054908734,-0.0678424490253268,0.105638499806354,0.0373640527970149,-0.0272467785851337,0.0696798316831306,-0.0660000055621089,-0.0404806686589519,0.189742255988434,0.114542088396454,-0.0253385740121771,-0.103072902565112,0.0308085114118378
"12",0.0786171865948844,-0.0243012756791094,0.0553553464069877,0.261962740477602,0.0891070797807799,0.116055722293628,-0.126993942597241,0.0475130900451706,-0.209895488703861,-0.0128620590993508,0.216300273672305,1,-0.144715144361698,0.0468515738466881,-0.118332924955098,0.0393467106777958,0.0777100493618385,-0.0406073859562537,-0.0135894403228719,0.135011354499259,0.00292094521884143,0.0941691849357852,0.189171748193597,0.0168695729108932,0.115195292020182,-0.0780100510766309,0.0544579385547538,-0.112021687563789,0.023421685910283,-0.0786472084615918,0.093980080601765,-0.0255864638531264,0.12187269347648,-0.076910068434544,-0.155290141619931,-0.040296074953545,-0.0834180615883264,0.0171497081415602,0.15577427727725,0.185164977825658,0.058712382480304,0.0673780376478758,-0.116091768457219,-0.0918516448106211,-0.0640768729499723,-0.00106381874091838,-0.0330913365212128,0.129405535317921,0.119434801628792,0.20506972915189,0.0930588490343063,0.0768402749304645,0.0810598884051551,-0.0439391219267328,0.125223628799828,-0.0614789315982578,-0.219250195246987,0.0874174088343893
"13",-0.0207829196001985,-0.0978405293823909,0.218434963944615,-0.0733012718858397,0.0383604917307867,0.173071192373045,-0.018170560358943,-0.114729661438615,0.1403833169762,-0.0586476106260417,-0.268556549757219,-0.144715144361698,1,0.015507267002781,0.0406568004895897,-0.050418996328049,-0.0234517923759049,-0.132525203299907,-0.105038834646094,-0.100164597115606,-0.0337092126854667,0.0247320452115532,-0.00278430440886345,-0.127120935405742,0.0249604155584141,0.0731816300138811,-0.331994033514473,-0.00119703717574767,-0.115429780746283,-0.00916453190473197,-0.0705506280196482,0.160929773937236,0.00728978965373374,-0.0416094576759601,-0.302420386110765,0.0466164314760223,-0.111246853412851,0.0330100682663667,-0.117345386089689,-0.209117872669947,-0.340046278018995,-0.130972268126728,-0.0141879306829865,0.0393850869173686,-0.0885408282643702,-0.091579123895337,-0.159348826991304,-0.15237146804094,0.166348431626134,-0.184978981794306,-0.0376146452033464,-0.0992494598062011,-0.0751425190942588,-0.0258266259572154,0.0495245035087441,-0.0391426225225055,-0.148626293466044,0.0628170562151229
"14",-0.0528335709909715,-0.0430529581392857,0.0574161897599862,0.0748303789865496,0.042127729532537,0.179611635574985,0.0267917186378403,0.0167680039531407,0.14215534649635,-0.122890047611859,0.0837272578506148,0.0468515738466881,0.015507267002781,1,0.102054026414254,0.0217483608149356,0.113453671192928,0.325720339280719,0.124190602436466,-0.0513969977501041,0.100221395179139,-0.111341829950532,0.186537847259831,0.106305589769637,0.0816377372058794,-0.152326086016552,0.166035687311114,-0.00728047103554801,-0.169040392508963,-0.0114810243572522,-0.0197813088909016,0.0348606987923612,0.0485400521573062,-0.143188398932333,0.167857109809582,-0.0949741641322658,0.0610637322486256,-0.0200289982467537,-0.084652889192636,-0.162018485454717,-0.0724935942896669,0.0639795706551329,0.0401181690680326,0.118590402263714,0.204360404573208,0.0395853858333935,-0.161154346159853,-0.137825628956013,0.135337930279104,0.538474547967281,-0.0801197618002812,-0.105703045570357,-0.0674440556743907,-0.0661147152488702,0.253698135027521,-0.0272427125318867,0.0895743722747855,0.0137613670581191
"15",-0.0265876835398732,-0.073866248052378,-0.00775007536545786,-0.0155245323828153,0.0868473091828872,0.0267164548120248,-0.116079480735186,-0.173019749664,0.262003324907918,0.0945804811194314,0.0502477921836602,-0.118332924955098,0.0406568004895897,0.102054026414254,1,-0.0397368535758121,-0.0871676458458234,-0.0301653041954455,0.00907478424830333,0.153737043024223,-0.129948348474183,0.0398484268876748,0.0682585605536417,-0.0200960863466171,0.00682538634176967,-0.194327185438921,0.123088160059798,0.0277199952099455,-0.0150373041140542,0.127058038068713,0.051129484670774,-0.00999255189910167,0.129602962884853,0.0607687754983903,0.0778788242687114,-0.188039737371251,0.028647756460557,-0.0757644446737546,0.0501625343217936,0.00841348914781477,-0.0320531509573337,0.0830705234188906,0.134365718199783,-0.0308100247651205,0.221684653380889,0.0591101369995036,-0.0875225463143833,0.00197349030965,-0.0504300584491499,-0.0481807493305299,0.1120270370381,0.00216224288465675,0.231056828427385,0.190051623907825,0.0706437632298818,0.130987164623278,0.075890270033955,-0.171904111926276
"16",-0.127469100049756,-0.105055892034994,-0.168372145231172,-0.0261187586101151,0.0743442062594549,-0.16592071467267,-0.0848358024200985,0.0285900262069776,-0.0478882154878874,-0.0662414235986462,-0.0862640079834936,0.0393467106777958,-0.050418996328049,0.0217483608149356,-0.0397368535758121,1,0.127342788866881,0.0732874034217165,-0.00857873736827107,-0.175287240805842,0.0896610301447236,0.143280932411495,-0.0658488462238345,0.0211465620990162,-0.164915173629066,-0.162567783066127,0.189381107570318,0.0673895577852406,-0.0399625268592525,0.169170730894635,-0.00044095107098938,0.0287875575751592,-0.0640604383647224,-0.0758983790745702,-0.0670189055810143,-0.00573100704376382,0.0899468439597002,-0.0413651085518623,0.0953763319379937,0.0513882437723363,0.0710703859454524,0.0667767305839387,-0.0270198989155326,-0.0771171018211033,0.0343456700917082,0.038678440855488,0.0318272722298134,0.0365568219112522,0.0167395095463941,0.124212411007654,-0.152618382832356,0.0559263140718668,-0.0397616220263028,-0.0190647721899935,0.0253704463626049,-0.148861873164497,-0.0397891847152367,0.13313976673583
"17",0.0887563676385085,0.157843121644318,-0.101583277796387,0.013449696617043,0.0745935087516974,0.0686125809058373,0.108121157279717,0.162697690940268,0.0454203537688389,-0.106059334157691,-0.0388514422784244,0.0777100493618385,-0.0234517923759049,0.113453671192928,-0.0871676458458234,0.127342788866881,1,0.200050954580244,0.125701058870144,-0.0394323113379003,-0.0972903977346506,0.0415023197766494,-0.130516318750801,-0.0205715021275313,-0.058438531699291,-0.129349802379786,0.0796819893513245,0.230880846308349,-0.0352349791739389,-0.0666726388937442,0.0977697973911317,0.0498328871308442,0.23063032571599,0.0795259506976802,0.129812538219496,0.0613025384316493,0.236218129162471,0.0552402135723003,0.126482140719493,0.10291236196344,-0.0403172713733757,0.0180471969347796,-0.00454993086142294,-0.130295163676146,-0.114896855074961,-0.0341110569647107,-0.0990733020092442,-0.00872969061269854,0.379458285770369,0.0920856091939018,-0.123675348283972,0.0485334095328376,-0.0996601273296089,0.0520341100112139,0.254268164047295,0.174465389862342,-0.0253527397574336,0.0711509648355828
"18",-0.0152674520186743,-0.114017542475835,0.0226535960493369,-0.178912901842471,-0.00518319611519081,0.230382630349187,-0.0108945499173821,0.315911350072566,-0.0310401251314423,-0.172878356756005,0.0557129437010217,-0.0406073859562537,-0.132525203299907,0.325720339280719,-0.0301653041954455,0.0732874034217165,0.200050954580244,1,0.0648526933478507,0.020002850895939,0.0327710934298232,-0.115691669571767,0.209799022370564,0.272901098220521,-0.0886815135049773,-0.0467682470286266,0.0198546153822559,0.0205540534572681,-0.0696332665709067,0.0770519059458721,0.0503715496355125,0.244183140003807,0.0780222116843012,-0.183984266655635,0.241683479277484,0.0162094755663767,0.154245758867799,0.0802032050802285,0.0449928639248072,-0.0532023288638515,-0.0837962675534567,0.077678336725707,-0.0568966063528676,-0.154926090950279,0.0462780201777489,0.0948104222635077,-0.0785602930989964,-0.189168661336729,0.083841863356277,0.400687351131217,-0.0729243549878845,0.115924450451009,0.0647000617558769,0.110183689335163,0.0890139161845567,-0.119058186468276,0.155196518520339,0.109679282162914
"19",-0.0690134880696883,0.0560893013953154,-0.151663609892639,-0.185126595962969,-0.15705057279131,-0.0062762523413385,-0.05777446213556,-0.0653276644229049,-0.19317470876842,-0.00899058432740363,0.0653387801284377,-0.0135894403228719,-0.105038834646094,0.124190602436466,0.00907478424830332,-0.00857873736827107,0.125701058870144,0.0648526933478507,1,0.169719794979315,0.368290241188927,-0.01542252922414,-0.108055408989984,-0.00087209252954108,-0.0962926160557839,-0.0143721244180389,0.141112778514131,0.248907607245346,-0.0262540495417758,-0.0301893329366911,0.32998658093524,0.05962929692253,0.0839845614165037,-0.0361400723217115,0.0520622701771631,-0.0824953495691675,0.0628503527423232,0.0631411810754764,-0.00846477887981349,-0.0371385867373535,0.161965319010139,-0.0605136579530806,0.0355861115064342,-0.258085911408925,0.159614026309474,0.0674298465494569,0.00957748899687808,-0.0991484574766245,0.0163714943710419,0.110216290394635,-0.0872089559726545,0.0239886603875076,0.0613074575043443,0.116601088590115,0.108909592354648,-0.104691306038752,0.0559858291785118,0.197957977121471
"20",0.00861796925459209,0.037252811547034,-0.134556541221889,0.0701921076000062,0.0210241845354294,0.0829356580635918,0.00041380095777728,-0.0652931163399628,-0.0411530387720139,-0.151273111144308,-0.0909974191001328,0.135011354499259,-0.100164597115606,-0.0513969977501041,0.153737043024223,-0.175287240805842,-0.0394323113379003,0.020002850895939,0.169719794979315,1,-0.144006821309124,-0.00992474259863236,0.0397352036786231,0.078830361307717,0.00778759278985615,-0.00600961712158444,0.00382781479607781,0.112927529477768,0.125616038322099,-0.0824570663530279,0.162429794323224,0.2058172329112,0.051825670800934,0.0476323597049316,0.0127237556463398,-0.160628171004318,0.0990095175083563,-0.0163057246233478,-0.0378653580771065,-0.0259076245799222,0.135932290904003,0.248699424467533,-0.00728713016945129,-0.101996221476868,0.0271424178248208,0.121187515956781,0.0181543941189588,0.170947064020961,-0.110007647652405,0.00871232366029528,0.0464258826557309,0.0464739933283405,0.137497400318798,0.0267832341099963,0.0593292185256121,-0.0728038005584544,0.0224856223262575,0.0105341480254118
"21",-0.15708423452274,0.0800831634826299,-0.108366082857116,-0.0106033223869742,-0.0417920166545179,0.00678157808670927,-0.0978057725586357,-0.0641960657069824,-0.135925515538678,0.187221393219987,0.0619345892960789,0.00292094521884143,-0.0337092126854667,0.100221395179139,-0.129948348474183,0.0896610301447236,-0.0972903977346506,0.0327710934298232,0.368290241188927,-0.144006821309124,1,-0.0444348869540235,-0.0665560799483724,0.0354192231832939,-0.113632296334489,0.0989668336887487,0.231517695766176,-0.0654701638126354,0.0614816786205238,0.0609111603253382,0.0195536595452899,0.106266069086911,0.0811532138504572,-0.0173316510476234,-0.01862784170582,-0.0072796706971567,-0.0676811292318664,-0.0179047156961236,-0.102384138300654,-0.0116110888389962,0.0530673981521477,-0.0956750541098216,-0.140810463951201,0.0269379760590095,0.0264752918251972,0.0242371419524323,-0.0121933182437399,-0.0679210139092786,-0.0672441929217904,-0.00687484010646206,-0.0513783239525107,-0.0416586976080299,0.0484415523739934,-0.201949745657715,0.200677357011085,-0.0846137612438105,-0.121051342486016,-0.0766400058071318
"22",-0.0873807253524603,-0.0483713412815662,-0.0841244971282225,0.070414721394727,0.13757243069359,-0.0328947241711058,-0.136937913203802,-0.0356550114516319,-0.0398695997103612,-0.156476638184324,0.0295076845981542,0.0941691849357852,0.0247320452115532,-0.111341829950532,0.0398484268876748,0.143280932411495,0.0415023197766494,-0.115691669571767,-0.01542252922414,-0.00992474259863236,-0.0444348869540235,1,-0.0604094831674557,-0.136979227582314,-0.0907876999122532,-0.232635285101273,0.149446554126719,0.119727381383186,0.0245399275067448,-0.050799891159734,-0.00194679154282026,-0.00319342773287943,0.106364232866103,0.0666692853239587,-0.104906361528009,0.00575710206092545,0.0236181171557995,-0.0528885937191032,-0.0576110001428109,0.0235339390715734,0.0731166569527885,-0.0699595971102741,0.0114310869820215,-0.0795711345360226,0.105063896173425,0.13930473274955,-0.0166781832829895,-0.074981262006189,0.0441539158553961,-0.0475048356715167,-0.00279032136648157,0.0372611935376213,0.0804769164672423,0.118403208637836,0.0144965196615508,-0.0801688330219242,-0.120867158214397,-0.0689073708139394
"23",-0.096290358422106,-0.0765588616173765,0.166309380207884,-0.0659288066320247,0.0889599071544702,0.0176187083395228,0.0153468849625544,0.0591371654083822,-0.130867869070525,0.0257481098829471,0.132077120800462,0.189171748193597,-0.00278430440886345,0.186537847259831,0.0682585605536417,-0.0658488462238345,-0.130516318750801,0.209799022370564,-0.108055408989984,0.0397352036786231,-0.0665560799483724,-0.0604094831674557,1,0.367695826264116,0.0145122121303019,-0.164998985027956,-0.0195226973305801,-0.143668037774994,-0.060886577453321,0.123348115291292,0.13309865673242,0.0959507330068929,0.0421506462458163,-0.0563454834460728,-0.122904162578426,-0.111276566798322,-0.0455174772319899,-0.258846429625761,-0.00513760862452134,0.0606884802063043,-0.0166171510683125,0.00026816923502691,-0.00441022409708283,0.0699150423870408,-0.0486409650510963,-0.117749029924293,-0.147946336766996,-0.115966861604145,0.0637334832756196,0.0721055816125059,0.113431323334656,0.0592297855859705,0.136686548455772,0.181358808609728,-0.00622473646851411,0.083087042646325,-0.079024394369334,0.0924097616358805
"24",0.0980026211703017,0.13340977509988,0.0608515325824165,-0.0487681390103967,0.0425986558336291,0.048578728597308,-0.0306144216404017,-0.0372043940752995,-0.030626913216189,0.157422102366044,0.00198594087399476,0.0168695729108932,-0.127120935405742,0.106305589769637,-0.0200960863466171,0.0211465620990162,-0.0205715021275313,0.272901098220521,-0.00087209252954108,0.078830361307717,0.0354192231832939,-0.136979227582314,0.367695826264116,1,0.156877435693142,-0.014723587645546,-0.0492789744286339,0.0129832460311885,-0.0385319846871673,0.0860904653216343,0.0419865096842901,0.193799475826536,-0.0132776807742112,0.0328226886410252,0.121055799598772,-0.077805171051922,0.201398750300809,-0.203067992989074,0.0829358254255575,-0.142102875462466,-0.00014819481446725,0.0693085335624207,0.0266553004002204,0.171560189747025,-0.0895683817014727,-0.219160835505331,0.012156049453927,0.0558724890368271,0.0791266203949034,0.103039675654183,0.103508249693403,0.149048760444237,0.123936199383516,0.132996175432742,0.0121942862112564,0.00759624814133408,0.178431546707284,0.00682063651166203
"25",0.106627956248195,0.0817687854349443,0.127703396879535,0.0120594500237165,-0.0576792468060566,-0.101452076335959,0.0416438660261283,0.0103488239024899,0.152594410544766,0.214114636653882,0.0636444820734607,0.115195292020182,0.0249604155584141,0.0816377372058794,0.00682538634176967,-0.164915173629066,-0.058438531699291,-0.0886815135049773,-0.0962926160557839,0.00778759278985615,-0.113632296334489,-0.0907876999122532,0.0145122121303019,0.156877435693142,1,0.00972890549442207,-0.135294058364605,-0.0516517386589457,-0.0390370575844616,0.0329570612294795,-0.0056892100598176,-0.196281264615503,-0.217554071290083,0.0992488890178251,-0.0843680764402873,-0.0280967068732074,0.051819108361115,0.0472585867049048,0.071212831727243,-0.124704503931867,-0.0112971024738288,0.105843996253622,0.0291485180240395,0.328685621026454,-0.142376620897242,-0.160166977016039,-0.159704110435787,-0.0325280182093421,-0.0602481685014247,0.102651536305721,-0.0997887748421252,-0.123192238563016,-0.0496928916827828,-0.117587989547469,0.0433210695820057,0.109128739459041,0.0387156362422375,-0.0419810192902117
"26",-0.0505273082466364,0.0340007773200944,-0.0547673197374791,0.0406046396317133,0.0663706881431839,0.0585839559097139,-0.0160591173821864,0.124648564706647,-0.157065254121935,0.296562951421974,-0.139345742345914,-0.0780100510766309,0.0731816300138811,-0.152326086016552,-0.194327185438921,-0.162567783066127,-0.129349802379786,-0.0467682470286266,-0.0143721244180389,-0.00600961712158444,0.0989668336887487,-0.232635285101273,-0.164998985027956,-0.014723587645546,0.00972890549442207,1,-0.115603216958758,-0.195434633339546,-0.0418533563000095,-0.163899297808303,-0.178738556375819,-0.00179546541103626,-0.123386432717602,-0.0337355632087416,0.0452496674703996,0.151010291186541,-0.0307740291974648,0.308105028399734,-0.024384969163319,-0.00258544876723093,-0.043383579804999,-0.0711773314695898,-0.324553777558439,-0.0405779691745951,-0.0345237531313329,-0.112545402898104,-0.0509037972425271,-0.00229052095840082,-0.0109794835600824,-0.169470020089437,-0.0660481748760511,-0.0373793642183974,-0.173590815202314,-0.224289878211343,-0.0332477913675604,-0.00106770978565949,-0.0430513272426746,0.0183746217929024
"27",-0.162869145530547,0.0341376668351085,-0.100915908925658,0.0510425680113173,-0.0476141739251101,-0.160709376251981,0.0493829700525082,0.0577072368578949,-0.0364231786055866,0.0180133582330224,-0.0002403759087803,0.0544579385547538,-0.331994033514473,0.166035687311114,0.123088160059798,0.189381107570318,0.0796819893513245,0.0198546153822559,0.141112778514131,0.00382781479607781,0.231517695766176,0.149446554126719,-0.0195226973305801,-0.049278974428634,-0.135294058364605,-0.115603216958758,1,0.12291315856956,-0.0192971716384902,-0.0235275763604097,0.15011193993979,-0.0787038149302937,0.181664801337701,-0.02409811323551,-0.0826922100803544,0.111069861004096,-0.00063895554737099,-0.049604351162274,0.139577361874806,0.047756028858565,0.155048387856448,-0.0621024572387545,0.0121547146232853,0.00085873516286921,0.236218252702133,0.195895652794115,0.0367566177502131,-0.1406068570695,-0.17566927660386,0.00861591704375491,0.0239659538135787,-0.098395157047657,0.0334329849019503,-0.0623219445839822,0.146748915660076,0.110977753381146,0.0498535700757346,-0.158698461604348
"28",0.192476785077421,0.0669142353196857,-0.0539357053301018,-0.0802931457640372,-0.147721807899793,0.052539044345358,0.0168257081539192,-0.0782982192687657,-0.0359936021509656,-0.0537211463708835,-0.150165096968284,-0.112021687563789,-0.00119703717574767,-0.00728047103554801,0.0277199952099455,0.0673895577852406,0.230880846308349,0.0205540534572681,0.248907607245346,0.112927529477768,-0.0654701638126354,0.119727381383186,-0.143668037774994,0.0129832460311885,-0.0516517386589457,-0.195434633339546,0.12291315856956,1,0.00398765143251378,-0.0960140648814412,0.162343591722615,0.0811405689014331,0.221784899838949,0.197497211768238,0.142690706273227,-0.0237639822053292,0.275403536424736,-0.124414567073345,0.0379734575369656,-0.074927657949027,0.150353877104361,0.150719543848648,0.151842611388982,0.00094415583900899,0.018847116579717,-0.0600633459638527,0.120129788729159,-0.0257704682383747,0.137975386493841,-0.0321502832415392,0.00958104129395633,0.0793474794759566,0.0411944340048492,0.0139145289527332,-0.0207386938740525,-0.0206000758610052,0.0695780653873176,0.00561345796726394
"29",-0.123395845659864,0.0408726326357773,-0.0317033781999262,0.0149422488216613,-0.202189141227503,-0.0732438955596293,0.198791278856482,0.08447461211288,0.0536571684486773,0.0921673942544233,-0.0139037402761234,0.023421685910283,-0.115429780746283,-0.169040392508963,-0.0150373041140542,-0.0399625268592525,-0.0352349791739389,-0.0696332665709067,-0.0262540495417758,0.125616038322099,0.0614816786205238,0.0245399275067448,-0.060886577453321,-0.0385319846871673,-0.0390370575844616,-0.0418533563000095,-0.0192971716384902,0.00398765143251378,1,0.029571488254992,0.0189229356748932,-0.00156234116567166,0.0382789979833445,0.188048810773879,0.0160814245367779,-0.0729010261036455,0.0607476714341932,-0.195567967250097,-0.147067784292996,0.103151305764086,-0.0199720331781226,0.105312093651434,0.0293653478733948,0.0625010485599446,-0.0196982310678894,0.0637934873919954,-0.019672587893214,0.0162579291797468,0.0435103598539252,-0.0342266250817586,0.0196053108295046,0.238964654717415,-0.0889467162867041,0.0113830152932628,-0.054891876158922,0.164178290276318,-0.114576748362399,-0.272648686459471
"30",-0.159883559226723,0.00497474961492558,-0.0541787228902153,0.105542862924396,-0.100333360694336,-0.198813276768085,-0.00334193815302181,-0.0377405853151109,0.0883082192925472,0.102004957517915,0.112717887789248,-0.0786472084615918,-0.00916453190473197,-0.0114810243572522,0.127058038068713,0.169170730894635,-0.0666726388937442,0.0770519059458721,-0.0301893329366911,-0.0824570663530279,0.0609111603253382,-0.050799891159734,0.123348115291292,0.0860904653216343,0.0329570612294795,-0.163899297808303,-0.0235275763604097,-0.0960140648814412,0.029571488254992,1,0.219853197243434,0.0234397674212928,-0.114872886073525,-0.0948239159971301,-0.0831471149419582,0.0336877076494277,-0.168535301339186,-0.217737337210731,-0.0915618815848061,-0.0337940569306217,-0.00135386201014393,0.142028031389422,0.0224236098653484,0.131460154984354,-0.0556933489364532,-0.0696820741263114,-0.174275098159777,0.057668530226582,-0.139337851329341,0.0963872535072333,-0.0680516297468869,-0.170869821194049,-0.107845449891059,0.185485386438442,0.0683050526428186,0.057094241778014,-0.218036095893431,-0.16923205116312
"31",-0.0495420019872066,0.119752076862764,-0.0181908066750342,0.0734266538007419,-0.203064135168319,-0.0585955063037875,0.0174866923541802,-0.113379841394743,0.0459388957961527,0.0530417816840999,0.0354098901694842,0.093980080601765,-0.0705506280196482,-0.0197813088909016,0.051129484670774,-0.00044095107098938,0.0977697973911317,0.0503715496355125,0.32998658093524,0.162429794323224,0.0195536595452899,-0.00194679154282026,0.13309865673242,0.0419865096842901,-0.0056892100598176,-0.178738556375819,0.15011193993979,0.162343591722615,0.0189229356748932,0.219853197243434,1,-0.0952458156787522,0.194279531496105,-0.0117779827180871,0.0145096206001307,0.0557936949363637,-0.0184515389853631,-0.129134582292944,0.00927274580480193,-0.0251613144567564,0.16869090602785,0.0572594149027225,-0.136157536810068,-0.028065165355272,-0.071668218603645,-0.0934365989499047,-0.00088385893726998,-0.0589521906024449,-0.143312393977468,0.0751625263030184,-0.0789719594649626,0.0344984152680888,0.058475961544262,0.0177182605224696,0.0366108525661019,-0.00413026727626973,-0.0422932753165707,0.0833957300053897
"32",0.06183590855593,0.12099870725907,-0.00264924399433499,-0.0907975277362386,0.168055553675988,0.138434531997599,0.0700193412001382,0.00364174944948138,-0.128254032014337,-0.126436609375786,0.163598094829309,-0.0255864638531264,0.160929773937236,0.0348606987923612,-0.00999255189910167,0.0287875575751593,0.0498328871308442,0.244183140003807,0.05962929692253,0.2058172329112,0.106266069086911,-0.00319342773287943,0.0959507330068929,0.193799475826536,-0.196281264615503,-0.00179546541103626,-0.0787038149302937,0.0811405689014331,-0.00156234116567166,0.0234397674212928,-0.0952458156787522,1,-0.0498597931024019,0.0264368225796105,0.119270127551529,-0.234399389378107,0.133889107915212,-0.0438591646665867,0.0466575713943579,-0.212804089793949,-0.0941742274249444,-0.110036710103781,-0.0303205497155994,-0.206754724242773,-0.0298828915231566,0.0729399659203389,0.0516820214760199,-0.00049333527828093,0.130660324199872,0.00803069621846391,0.230836387627105,0.0986821178262673,0.0174596340102241,0.0305882213229971,0.0354520376590032,-0.162304107230988,-0.10007471534643,0.0376614392579832
"33",0.0129469860827206,-0.119056893854109,-0.133909875045038,0.0140174969231393,0.0251003972636809,0.0544651880137084,-0.0969358735156845,0.175808677235697,-0.0812438362403577,-0.0664980981032318,-0.187389982569401,0.12187269347648,0.00728978965373374,0.0485400521573062,0.129602962884853,-0.0640604383647224,0.23063032571599,0.0780222116843012,0.0839845614165037,0.051825670800934,0.0811532138504572,0.106364232866103,0.0421506462458163,-0.0132776807742112,-0.217554071290083,-0.123386432717602,0.181664801337701,0.221784899838949,0.0382789979833445,-0.114872886073525,0.194279531496105,-0.0498597931024019,1,0.144725239858533,0.0248308722627424,0.128792983831191,0.0731782484230149,-0.00307437755217237,0.23813057946617,0.191785559791169,0.077035943494945,0.120152208330438,-0.0122135249761417,0.0128645367706982,-0.0585299131808692,-0.0363762030925341,-0.00391708446172857,-0.0754983818326434,0.128442759179187,-0.0390219300864828,0.171564307969122,0.131676683561249,0.2309684115732,0.116347838960543,0.14469995155899,-0.105096538372531,-0.0813877624831664,-0.0570614960820211
"34",0.00841778065927403,0.144480138756572,-0.0705638599203804,0.0132463166820294,-0.0783550097524916,-0.138161035707967,0.0402585628709901,0.00732322417043016,0.040514833318131,0.0347210733532327,-0.112310411182183,-0.0769100684345441,-0.04160945767596,-0.143188398932333,0.0607687754983903,-0.0758983790745702,0.0795259506976802,-0.183984266655635,-0.0361400723217115,0.0476323597049316,-0.0173316510476234,0.0666692853239587,-0.0563454834460728,0.0328226886410252,0.0992488890178251,-0.0337355632087416,-0.02409811323551,0.197497211768238,0.188048810773879,-0.0948239159971301,-0.0117779827180871,0.0264368225796105,0.144725239858533,1,-0.0106210873635473,-0.0288741940563761,-0.0218862015160777,0.143498176871915,-0.0135258771375374,0.137282097492536,0.101036761596117,-0.0163280599942067,0.216905774775931,0.0826138877064284,0.0298307158410686,-0.0216692699990694,0.163401710326964,0.0455142914467993,0.163180093913678,-0.10563088970259,0.243754359235715,0.163865176170673,0.0739202607129349,-0.0746660901036396,0.0947632393225247,0.106999987022143,-0.0141957071185714,-0.145401775951632
"35",0.185948260634247,0.0803356300741675,-0.047951296168961,-0.133104971064621,0.0383110623133895,0.0758893257711114,0.197971810213756,0.067217068281122,0.106580059048996,-0.103076431748958,0.257780925004622,-0.155290141619931,-0.302420386110765,0.167857109809582,0.0778788242687114,-0.0670189055810143,0.129812538219496,0.241683479277484,0.0520622701771631,0.0127237556463398,-0.01862784170582,-0.104906361528009,-0.122904162578426,0.121055799598772,-0.0843680764402873,0.0452496674703996,-0.0826922100803544,0.142690706273227,0.0160814245367779,-0.0831471149419582,0.0145096206001307,0.119270127551529,0.0248308722627424,-0.0106210873635473,1,-0.219764991292276,0.325668422370197,0.0634723593752854,0.0530402215818389,-0.0424934324804588,0.226825697417242,-0.0552429317210155,0.0388620162528524,-0.0525817055744921,0.0729687614024284,-0.0615017534625667,-0.0166937074976637,-0.0098414322996249,0.119833613942099,0.100305267960522,0.0545450582187465,0.0911729723214906,0.0534630031016164,-0.0221195207228226,0.00679097468252275,-0.0524425732542421,0.181446089952245,-0.00560107435982327
