"","l_Insular.Cortex","r_Insular.Cortex","l_Amygdal.Area","r_Amygdal.Area","l_Bed.Nucleus.of.the.Stria.Terminalis","r_Bed.Nucleus.of.the.Stria.Terminalis","l_Hippocampus","r_Hippocampus","l_Orbitofrontal.cortex","r_Orbitofrontal.cortex","l_Entorhinal.Cortex","r_Entorhinal.Cortex","l_Frontal.Association.Cortex","r_Frontal.Association.Cortex","l_Globus.Pallidus","r_Globus.Pallidus","l_Glomerular.Layer.of.the.Accessory.Olfactory.Bulb","r_Glomerular.Layer.of.the.Accessory.Olfactory.Bulb","l_Glomerular.Layer.of.the.Olfactory.Bulb","r_Glomerular.Layer.of.the.Olfactory.Bulb","l_Granule.Cell.Level.of.the.Cerebellum","r_Granule.Cell.Level.of.the.Cerebellum","l_Hypothalamic.Region","r_Hypothalamic.Region","l_Entorhinal.Cortex","r_Entorhinal.Cortex","l_Vermix.Molecular.Layer.of.the.Cerebellum","r_Vermix.Molecular.Layer.of.the.Cerebellum","l_Lateral.Molecular.Layer.of.the.Cerebellum","r_Lateral.Molecular.Layer.of.the.Cerebellum","l_Anterior.Olfactory.Bulb","r_Anterior.Olfactory.Bulb","l_Posterior.Olfactory.Bulb","r_Posterior.Olfactory.Bulb","l_Subiculum","r_Subiculum","l_Perirhinal.Area","r_Perirhinal.Area","l_PreLimbic.System","r_PreLimbic.System","l_Primary.Cingular.Cortex","r_Primary.Cingular.Cortex","l_Primary.Motor.Cortex","r_Primary.Motor.Cortex","l_Retrosplenial.Cortex","r_Retrosplenial.Cortex","l_Secondary.Cingular.Cortex","r_Secondary.Cingular.Cortex","l_Secondary.Motor.Cortex","r_Secondary.Motor.Cortex","l_Striatum","r_Striatum","l_Ventral.Tegmental.Area","r_Ventral.Tegmental.Area","l_Substantia.Nigra","r_Substantia.Nigra","l_Thalamus","r_Thalamus"
"1",1,0.283906570547564,0.138556368670728,0.218026358915725,0.0293187847096738,-0.0962348977710452,0.0561780035985606,0.00611204209244214,0.423886114126159,0.240666236292802,0.141626467142449,0.147574666683443,0.221332304617883,0.0813164688670113,0.108916622368697,0.109353957706622,0.298317544426509,0.257154219505499,-0.0975050804313569,-0.212772302308187,0.151324035977061,0.0261879134435722,0.112990239074334,0.0756148546242652,0.140696712981627,0.0414277110102319,0.0905255249409254,0.229730175227433,0.194783145742881,0.227191834878884,0.0836009105955932,0.0498394580368069,0.245419636052739,0.274888745557884,0.0887299945277284,0.156459028487176,-0.0822816397178296,0.164896188434416,0.370173996530707,0.304092492573006,-0.00882429085478813,0.0049138615382665,0.14897920341838,0.138055434840797,0.0163151083980216,-0.135821154686472,0.0388946784123598,-0.0489984511160383,0.235049991809323,0.12362522345596,0.096228714453293,0.0671271679620472,0.21090044579354,0.23005259114019,0.0130856177929584,0.0722763191961061,0.0977410761426537,-0.0177876924459246
"2",0.283906570547564,1,0.131458834873966,0.156780228808082,0.185692448241146,-0.0572231674477472,-0.0410167053799697,0.0441079035564166,0.232510570247641,0.165756046601935,-0.0275647824595721,0.288723366739397,0.168146277067128,0.0936469489297558,-0.075820916604798,-0.00924443479458037,0.276130979978224,0.243196279135718,-0.0619668896634454,0.120398612538397,-0.0310387518640249,0.103938480570172,-0.0120550668924113,0.079683928325043,0.177541947378561,0.176571657938397,0.0565053779776956,0.061762673826175,0.141289942074307,0.17295783468155,0.012520615566758,0.14111284893062,0.0947461328355636,0.107210006654786,0.00217342425294944,0.0658885458792277,-0.0622422407826066,0.00882012408328963,0.301681759886472,0.197310637289733,0.146799587825004,0.160102015955795,-0.0125493465095622,-0.116378347288031,-0.0707479018330601,-0.0642614113698844,0.0949258544001484,0.14456734442994,0.0694480523642606,0.0507712394980857,-0.0446013389514146,0.0750972373834424,0.120942443063533,0.185466373040638,0.151933768011295,0.0123187987705727,-0.00066935509418538,0.00068208771762547
"3",0.138556368670728,0.131458834873966,1,-0.0638914891816011,0.0244842938777443,-0.172260721533383,0.0232611125294306,0.147047618126426,0.140372107361495,0.0736823018734471,0.244128262507276,-0.0614907520404364,-0.10145318556921,0.0914456166481217,-0.0535565471096608,0.0724893298159102,-0.0926476320828567,0.0129721193264076,-0.00994810831097041,0.02122658052209,0.0693555874513462,-0.00327746803115506,-0.0963879904356811,0.0953426708916655,0.122187007176953,-0.0267414111213963,0.154744415640973,0.125408575063754,0.0390105946253149,-0.0300620961306391,-0.0165074345467211,-0.0824830646706306,0.020724906428122,0.135152098685001,0.215052866266116,0.0216459858643458,0.00277860189656389,-0.121903444610871,0.0240925615755947,0.147792913130423,0.13273885933844,0.0254209209382747,0.0485015726504933,0.19555940572487,0.107871559381199,0.111387276581234,0.0177822389473101,-0.0684782066855437,0.0725958031311929,0.114591254805858,-0.0148426684128847,0.12415108182933,0.0412746556351914,0.0167999136664295,-0.0165001114813204,0.00505456591597821,0.00289163608259086,-0.0634107160679403
"4",0.218026358915725,0.156780228808082,-0.0638914891816011,1,0.128269400799393,0.0252554854341997,0.0276934280201451,0.0320730001944345,0.0799072939238961,-0.0133896424005085,0.00969085336338877,0.229488039612865,0.24217724458427,0.0493022285835804,-0.0540941778501334,-0.165910024747034,0.324288831609406,0.118264543430015,0.031961833578955,-0.00079034716991268,0.0962533614210724,-0.03608178566369,0.0297507884366096,0.108197773228385,0.146362716230333,0.1388826083528,0.0214069414597028,-0.131278452809162,0.101968511939535,0.0652355163190008,0.0261674913126465,-0.0576807041665279,-0.0424300135396487,0.0203108241681901,-0.00070062118105409,0.179326310673722,0.0629502971308616,0.298061031903132,0.126685630224987,0.15501048938973,0.176583169561439,0.206249709871368,0.0675985565882871,-0.186312607783373,-0.128568551415344,-0.0412946004311075,0.131874970821414,-0.0768741175148776,0.234614561775589,0.0519484947974748,-0.0708365674409829,-0.116429375377,0.0296952228151774,0.193731624625983,0.140794832727779,0.102960198533455,0.104060324515562,0.153468304637844
"5",0.0293187847096738,0.185692448241146,0.0244842938777443,0.128269400799393,1,0.103260930303696,-0.0501457897052574,0.173449295859837,0.0980469237505461,0.109644130741488,0.0572698198895108,0.122122847520129,0.206759339912754,-0.0689038620142571,0.0838061234709165,-0.0228653462891729,0.0420793865618346,0.0430629803567618,-0.00567973480584887,0.115177775016198,0.109553947620625,0.0379349211108737,0.142518035692241,-0.0158160937258753,0.162498481692777,0.127748657278277,-0.00653270791511615,0.0869443399710378,0.116890314450602,-0.0152435963359292,0.160312458903789,0.181541182023083,-0.123985937239239,-0.051414574504203,-0.156651527726732,-0.128419123632588,-0.0175875806281627,-0.0235956792452679,0.114756308970026,-0.100711496845294,0.00442169150757497,-0.00564171436760593,-0.178478630259278,-0.170925776134694,0.0134138140897823,-0.0175774934725506,0.00678864090136952,0.0127658897972636,0.0466947645281951,-0.108720642990104,0.128387679621458,0.0559484838047681,0.238926105836521,0.00230449279075358,0.166842545248485,-0.037210999320889,0.119837572429394,-0.136442605581916
"6",-0.0962348977710452,-0.0572231674477472,-0.172260721533383,0.0252554854341997,0.103260930303696,1,-0.00557847470370759,0.00646883685820237,-0.0360002954418966,-0.145914115843854,-0.105452337483319,-0.158762126722021,0.111132556708362,0.00465738952722404,-0.0681210159529665,-0.0623026295758541,0.0727142861009939,0.0358521055544373,0.0355896377611965,-0.148604090659433,0.0474587632055992,0.158656207846069,0.194449124513672,0.115953480381922,-0.0278163509510524,-0.123606035524652,-0.112320222745199,-0.0169030502832856,0.0681588010357993,0.22451215359421,0.0388313051858016,-0.00186116336944022,0.159892078210612,-0.199611610926811,-0.133880193100776,-0.0828695662409728,-0.0544811326744389,0.075577888254495,-0.00340727538639828,0.0561653573757673,-0.0684875052658966,-0.116242272776722,0.0557664526437039,-0.0550322159979112,0.0792235160860056,0.124547702199042,-0.0549665666587091,0.169814903762959,-0.0313660066511492,-0.0559540094874683,0.0334847688432932,0.0323431540932864,-0.0710215530165874,-0.0542285080064321,-0.198905263890725,0.207355528583797,0.0532715995366883,0.0614064301983325
"7",0.0561780035985606,-0.0410167053799697,0.0232611125294306,0.0276934280201451,-0.0501457897052574,-0.00557847470370759,1,0.307239757758517,-0.0307176197571515,0.116566324302095,0.049810779299898,0.129989351730562,-0.0510266783704132,0.174842180227954,-0.0999283868386845,0.0139646790486221,-0.0101728503615579,0.099318712129974,0.00619849612658257,0.0765543070212242,-0.0313520997822769,-0.00200502630732087,0.0349595452782302,0.0289719142914186,-0.0212803337535881,0.0792287310604355,0.114811248314798,0.0501076588797361,-0.0411806080001987,0.00672746614832617,0.164125998016571,-0.050825875463426,0.129085650804797,0.145444295711477,0.273027744898478,0.141373289756625,0.0484624515332177,0.0648222315353702,0.0739586831027417,-0.0546045757283222,-0.0249888495766935,-0.0678834133103155,0.198410040346938,0.19381389501553,0.140080828940049,0.164382726555088,-0.118658585319901,-0.028329755127097,-0.0297226616073518,0.131198827542286,0.0753222211163075,0.0186995572036321,-0.00848029646461368,-0.0326365767768962,0.113851262216794,-0.0246631093661489,0.0147809286998416,0.0673823328203749
"8",0.00611204209244214,0.0441079035564166,0.147047618126426,0.0320730001944345,0.173449295859837,0.00646883685820237,0.307239757758517,1,0.103505613217483,0.151979822225159,0.194395794218578,0.0253295350652827,0.0523649776781268,0.261424657493661,0.0796185256421656,0.0118509721052545,-0.0459424545266464,0.077606735042737,-0.0790632488555368,0.0148172242468491,0.068027018746302,0.0805113498090038,0.239934008591154,0.0583555214903733,0.0285138746530189,0.111371694749887,0.145200044211375,0.106490862761912,-0.00321833083488921,0.159783038682454,0.160902248445966,-0.0173646339112952,0.0841302760746149,0.194968508305913,0.250409317822264,0.330605193743886,0.110929884364861,0.0832050434414958,0.121177426485533,0.0461756752210268,0.118454760116653,-0.0272936072739196,0.133272679447522,0.140566644857383,0.277946020550175,0.152243200312694,-0.171850943775491,-0.0714519845433661,0.178929840347037,0.232437639593469,0.0905569835087632,-0.0505422262084585,0.224335009408227,0.179102595702123,0.216266216096594,0.0855199522873268,0.139371131821626,0.0960854991887547
"9",0.423886114126159,0.232510570247641,0.140372107361495,0.0799072939238961,0.0980469237505461,-0.0360002954418966,-0.0307176197571514,0.103505613217483,1,0.225062898136661,0.152813182665839,0.182088608819166,0.374402102263123,0.301289612932797,0.249233063217527,0.261871089304033,0.357714511114766,0.356395039555117,-0.114415119453085,-0.0925941835990737,0.0762340711258986,-0.0133196512428369,-0.0771242642604451,-0.136875374414999,0.0696397963028583,-0.05205181618094,0.113324037959623,0.102495976425373,0.0749397192384037,0.1074371187951,-0.0788505319940454,0.105112156647774,0.209910177493781,0.268051532281714,0.19665801996057,0.145894293459814,0.154193096754993,0.222907711402851,0.282614873596016,0.199988599993916,0.195331997876026,0.199140905486774,0.223523929446058,0.0903124644626728,0.0571886058858282,-0.247491925402456,-0.0488830544693913,-0.111142368278787,0.436822971147089,0.258887713915183,0.183501429949709,0.103070417984789,0.0354763375367145,0.103656782750093,0.0842762446504536,0.0893120228968698,0.148246843219046,0.127817038289502
"10",0.240666236292802,0.165756046601935,0.0736823018734471,-0.0133896424005085,0.109644130741488,-0.145914115843854,0.116566324302095,0.151979822225159,0.225062898136661,1,0.249071988526422,0.15719202723408,0.318139610902116,0.468391811477999,0.0826627229703941,0.128463318722571,0.15968647248134,0.444431378087704,-0.134337477620989,-0.0336458018002814,0.107359164531339,0.213844979001625,0.17192564272709,0.0252173851705723,0.0413779977321297,-0.0292040511431362,0.0779321971395466,0.132337178247,0.0589304915880551,0.198318195717279,0.0130030116784033,0.127300835143272,0.17652628819351,0.276033474960554,0.155327464509817,0.107759456068398,-0.0274333881963565,-0.120232082535612,0.358702541595455,0.156646869090299,0.310146128567405,0.326454456419661,0.142452417452506,0.348156513456019,0.238074195841337,0.126212023837418,0.0375068977758974,-0.0699235327531979,0.491376646081694,0.49640018445327,0.133482707019552,0.0524892106541526,0.087240406052778,0.124068371820293,0.00862931331346096,0.123825522290105,0.193747948304081,-0.0223972434490112
"11",0.141626467142449,-0.0275647824595721,0.244128262507277,0.00969085336338877,0.0572698198895108,-0.105452337483319,0.049810779299898,0.194395794218578,0.152813182665839,0.249071988526422,1,0.0328972395709368,0.0086829960364837,0.0825966118033902,0.156264102390919,0.0534132316054476,-0.00345583360913879,0.103488039946828,-0.121476478470602,0.0245526567518366,0.0371895310870431,0.122633976523109,0.0681066436613593,0.0133184520737799,-0.0252243544597078,0.0341915225629831,0.14021607742564,0.0752511174052043,0.176428172140172,0.0336896203683314,0.0612269618822053,0.0431138825208052,0.0650952326238683,0.12178963951653,0.048255399466868,0.239457869264111,-0.0875760648226811,0.0700977752759092,0.156517677823212,0.0612748765414054,-0.0268561042758265,-0.132058957626316,0.213359210371622,0.10902120398409,0.0968776419971014,0.0494095409810881,-0.0893529886593025,-0.0461565075846439,0.169545655365359,0.132144409305758,0.258392771324952,0.161766744934353,0.195317303914822,-0.107117470864365,0.174535027930669,0.0375302402390705,0.132012346720276,0.0329416286698057
"12",0.147574666683443,0.288723366739397,-0.0614907520404364,0.229488039612865,0.122122847520129,-0.158762126722021,0.129989351730562,0.0253295350652827,0.182088608819166,0.15719202723408,0.0328972395709368,1,0.210306041354539,0.203460100297058,0.0991974893292919,0.220573108649866,0.20559951560164,0.236478065550577,-0.0563045125785378,0.00672857608345107,-0.0338492289875569,0.0442629162717786,-0.0631633308664592,-0.0003007121653242,0.0532677110523726,-0.0952102101778911,0.0813691336949212,-0.13927704763096,0.07402997370705,0.0719721310111075,-0.0611621094848417,0.21416343970896,0.00516571613820361,0.156002975914861,0.0128094846484851,0.00860948363902464,0.0955688441477075,-0.0716999507599981,0.0717761840635143,0.099527581837601,0.0745094792461575,0.150455374468457,0.0819959588092209,0.0573354131593389,0.0639667550877706,-0.0300213539117988,0.123326701004523,-0.0166207102815573,0.184928778267564,0.16079678418207,0.108313549785924,0.135734056116226,0.0311375275263186,-0.0206992679737236,0.0865279950471651,-0.0582514086913816,0.157253816454018,0.114462771899387
"13",0.221332304617883,0.168146277067128,-0.10145318556921,0.24217724458427,0.206759339912754,0.111132556708362,-0.0510266783704132,0.0523649776781268,0.374402102263123,0.318139610902116,0.0086829960364837,0.210306041354539,1,0.456067539648344,0.0294355967329522,0.086949100858701,0.641582663592895,0.462058628966123,-0.175602765496458,-0.336248718768968,0.0860147485107718,0.329337014379019,0.229827575824938,0.107638331483417,0.105816287610399,0.10097999601134,0.168141209168163,0.0393712404113042,-0.0305707599190692,0.354336505020215,-0.0684420267152053,-0.0428243264932493,0.303425399334919,0.345772844446033,0.125925652536475,0.109476669521655,0.0421859816444003,0.237565741296829,0.268335173125024,0.181630093182638,0.168680852681831,0.16420008780125,0.0651430487748188,0.0250992376873852,0.0959609073246002,-0.0120424768306061,-0.0994260706406903,-0.0957106075662797,0.661825079322298,0.276429859687426,0.0915512249077682,0.0411089557787954,0.0488568510847316,0.136978783480645,-0.0408841542321986,0.064326450055237,0.334856456376977,0.128042484210089
"14",0.0813164688670112,0.0936469489297558,0.0914456166481217,0.0493022285835804,-0.0689038620142571,0.00465738952722404,0.174842180227954,0.261424657493661,0.301289612932797,0.468391811477999,0.0825966118033902,0.203460100297058,0.456067539648344,1,0.0539876801930175,0.114702423701612,0.291848428125917,0.698630597008549,-0.00692261654552309,-0.213220653542118,0.168798935941373,0.304933702549024,0.0734314342327277,-0.0648135469835548,0.0318520193895951,-0.0259740492332415,0.253668506237283,-0.0257781098731177,0.134657167012492,0.295410418705242,-0.0223607654675527,0.136089602994833,0.194459730196384,0.318234737011692,0.271858648891676,0.185839463793531,0.0819802554837057,0.138592630231178,0.230728526845113,0.160434948242894,0.285039953450227,0.308988320961235,0.286624556770992,0.317412193148482,0.231652833367954,0.214246303329622,-0.0797993758487383,-0.181534287526928,0.572752697195641,0.791576748137263,0.0408803902819881,0.0495923595524243,0.202625942113116,0.0923638172935605,-0.0915016717129957,0.254873999184396,0.143761918253021,0.267777217347116
"15",0.108916622368697,-0.075820916604798,-0.0535565471096608,-0.0540941778501334,0.0838061234709165,-0.0681210159529665,-0.0999283868386845,0.0796185256421656,0.249233063217527,0.0826627229703941,0.156264102390919,0.0991974893292919,0.0294355967329522,0.0539876801930175,1,0.168981305075953,-0.09900590585777,0.0422902828630584,-0.0726887400107379,0.00180197941933347,0.122794945201735,0.0171859237852134,-0.0893556437030675,-0.132042980087307,-0.0753257191885088,-0.152313186571218,-0.0157662885792635,0.0148200798850823,0.129054574692934,-0.0424151567893843,-0.0625428269232668,0.163247081036343,0.013429930513948,0.0506299222193673,-0.108683216622335,0.149144036183291,0.0299004703232089,0.00271122913102197,-0.120613975001349,-0.0688268578930712,-0.084684299242466,-0.0211523972411815,0.0648902086793292,0.00874296984733136,0.145928841273996,-0.0123591577526347,-5.23092944923608e-05,-0.105415690030635,-0.0110549644787525,-0.0303243468960288,0.213903930672168,0.158527569743933,0.10383415323579,0.106565867432488,-0.0783784463770947,0.080522157472871,-0.0481660296066775,0.138938930424121
"16",0.109353957706622,-0.00924443479458037,0.0724893298159102,-0.165910024747034,-0.0228653462891729,-0.0623026295758541,0.0139646790486221,0.0118509721052545,0.261871089304033,0.128463318722571,0.0534132316054476,0.220573108649866,0.086949100858701,0.114702423701612,0.168981305075953,1,0.126076343104835,0.050010975951262,0.0244366386999443,-0.0995002513606176,0.00920936396760206,0.0310653205772033,-0.128763500983839,0.0351360388107994,0.0302550040683786,-0.0821864715419963,0.127171884440349,0.123795389768887,0.0182538186420695,-0.11127058826226,0.0587283240316827,0.141652995994308,0.198167578791391,-0.0218620971283455,-0.0194922329470264,0.00501861225744647,-0.0422611697306186,-0.120333303854497,0.131594812603999,0.0437131857263649,-0.065768445509702,-0.0977164884311907,0.0400876489926444,0.156862457418519,0.0644489778488553,-0.149497795001024,-0.126278928755837,-0.169759203680747,0.0887256488535304,-0.0493091043532812,0.23362745720226,0.344069517123516,-0.250220094918755,-0.0315983535024121,-0.0913180812775834,-0.146658048702396,0.0984718918061991,-0.021845755005252
"17",0.298317544426509,0.276130979978224,-0.0926476320828567,0.324288831609406,0.0420793865618346,0.0727142861009939,-0.0101728503615579,-0.0459424545266464,0.357714511114766,0.15968647248134,-0.00345583360913879,0.20559951560164,0.641582663592895,0.291848428125917,-0.09900590585777,0.126076343104835,1,0.428975575255801,-0.0960691512798234,-0.118755530373831,0.0321831566319161,0.262430481622828,0.0635929022906878,0.135087408217196,0.143506117226537,0.159037641145293,0.0760479226735467,0.172292370739741,0.0446391158848616,0.24921304772031,0.128955574279035,0.00733650761929484,0.379941114952106,0.247934306909475,-0.011331353340315,0.0878734189369799,-0.107236240972008,0.254479905548701,0.357839150188242,0.268412380342205,-0.0048548204445531,0.055468821952768,0.0410390708768421,0.0273596425102617,-0.18064524460684,-0.130264909385481,-0.105969591377993,-0.184820325762657,0.460917493763115,0.223148062144719,0.0983743522180098,-0.00559420733918009,0.109599024614747,0.0749706791605106,0.090913812945683,0.177608981903886,0.212933693715943,0.0124062126974801
"18",0.257154219505499,0.243196279135718,0.0129721193264076,0.118264543430015,0.0430629803567618,0.0358521055544373,0.099318712129974,0.0776067350427369,0.356395039555117,0.444431378087704,0.103488039946828,0.236478065550577,0.462058628966123,0.698630597008549,0.0422902828630584,0.050010975951262,0.428975575255801,1,-0.0268374154529309,-0.0878359370337465,0.0646270983574849,0.2584626586348,-0.0378471990621145,-0.174990482945415,0.00964817116373996,0.0913630450082001,0.17447680664875,0.0874454067834717,0.211162070498483,0.325700751063988,0.0377854918602412,0.186719605555754,0.148469660472249,0.334492058015432,0.0603454637374468,0.207637610413996,-0.0806140637312849,0.103602899671667,0.209042334530646,0.137380708989271,0.131786947119493,0.142194377230128,0.212607528599378,0.139444474582064,0.103489933750636,0.122659022019593,-0.0531302970557048,-0.126351549164526,0.408184539494807,0.686051963512541,0.11553760262897,-0.0148095526726975,0.180396258498702,0.0793106342143949,0.0444519552737699,0.272396763479228,0.116497326695663,0.222885355364682
"19",-0.0975050804313569,-0.0619668896634454,-0.00994810831097041,0.031961833578955,-0.00567973480584887,0.0355896377611965,0.00619849612658257,-0.0790632488555368,-0.114415119453085,-0.134337477620989,-0.121476478470602,-0.0563045125785378,-0.175602765496458,-0.00692261654552309,-0.0726887400107379,0.0244366386999443,-0.0960691512798234,-0.026837415452931,1,0.181345728069656,-0.0375774994838537,-0.0782451864299677,0.00451587533546838,-0.151111299420469,0.0190827778466525,-0.0190426893392935,0.058698447214513,-0.193419372540535,0.147589732131874,-0.0630500081107487,0.196645429366188,0.234403730309135,-0.13175351675667,-0.0578674832936183,-0.0818161995031566,-0.0142070944046982,-0.0187945294334141,0.204523045350158,-0.116874054419534,-0.140539530519796,-0.149112092423397,-0.202658114110631,-0.028665936225523,-0.0774040876406447,0.172681590226645,0.0319108457166965,0.0478955341222309,-0.0260623926171037,-0.107249821048196,-0.121693089558206,-0.100796077045662,-0.0664425818764468,-0.11969997141326,0.00739828627556146,-0.126805964707221,0.0324870196182069,-0.176233147749914,-0.0340082949434279
"20",-0.212772302308187,0.120398612538397,0.02122658052209,-0.00079034716991268,0.115177775016198,-0.148604090659433,0.0765543070212242,0.0148172242468491,-0.0925941835990737,-0.0336458018002814,0.0245526567518366,0.00672857608345107,-0.336248718768968,-0.213220653542118,0.00180197941933347,-0.0995002513606176,-0.118755530373831,-0.0878359370337465,0.181345728069656,1,-0.149854003303967,-0.145975326323984,-0.101551510409267,-0.0520724032229622,0.100550063961143,-0.035745389932366,-0.100736257597729,0.047508080802609,-0.0323368649060277,-0.118575691575281,0.0364504695409157,0.207168946349751,-0.146305493078688,-0.105293756214438,-0.126186196603033,-0.117505981202965,-0.125978460826526,-0.155768455096346,-0.00713781841265663,-0.212885816197228,-0.0942833618150436,0.0132281372405748,-0.037878683831115,-0.115096268918597,-0.165073646918135,-0.0289806550130065,0.0476243750061499,0.0512992776231351,-0.18395553041746,-0.126311831145561,-0.107685843464336,-0.0595303271831798,-0.0362801887615288,-0.134116961426567,0.0931469498715137,-0.10362841194351,-0.308903977209216,0.0211187259059344
"21",0.151324035977061,-0.0310387518640249,0.0693555874513462,0.0962533614210724,0.109553947620625,0.0474587632055992,-0.0313520997822769,0.068027018746302,0.0762340711258986,0.107359164531339,0.0371895310870431,-0.0338492289875569,0.0860147485107718,0.168798935941373,0.122794945201735,0.00920936396760206,0.0321831566319161,0.0646270983574849,-0.0375774994838537,-0.149854003303967,1,0.160809282152593,0.0550691654878594,-0.149167907687848,0.136278285639547,0.0779258678964183,0.0809199350571619,-0.0411893549477344,0.0593701723771936,-0.0534623912794214,-0.030779749810791,-0.019559944123848,0.106698322050118,-0.0337675654865598,0.0569197299395837,0.0903906055921558,0.200896579359552,0.206930919835058,0.0339462780172861,0.086174139527362,-0.0547775194289861,0.0860026323562039,0.226596085742524,0.353579665871541,0.199001375048115,0.0448342138325716,-0.084399354725238,-0.108425662272047,0.103429451099527,0.232145806156691,0.157082506458996,0.0170489145699748,0.134890980084299,-0.0576839798225102,0.149017891436671,0.228838260200729,-0.0348692844257648,0.0547237464041156
"22",0.0261879134435722,0.103938480570172,-0.00327746803115506,-0.03608178566369,0.0379349211108737,0.158656207846069,-0.00200502630732087,0.0805113498090038,-0.0133196512428369,0.213844979001625,0.122633976523109,0.0442629162717786,0.329337014379019,0.304933702549024,0.0171859237852134,0.0310653205772033,0.262430481622828,0.2584626586348,-0.0782451864299677,-0.145975326323984,0.160809282152593,1,0.0846386276893498,0.0960447381213314,0.184819700066029,-0.137058166303616,0.0627645779479172,0.0353818945929203,-0.0254685920691795,0.151432126285806,0.054537543742912,-0.0169958963489369,0.300342148451586,0.0869109713421592,-0.114749059495508,0.0987689635711104,-0.259327302858444,0.0507925351584073,1.91687266701385e-05,0.079882191843272,-0.0980881271625288,0.0313863016798048,0.0519441109204751,0.215818206307042,-0.00986995158037783,-0.0171376925150438,0.054889293511892,-0.00372432139802303,0.0955106018812873,0.202204347625982,0.140449586271294,0.0279631260052452,0.061511768286021,-0.122862090816266,0.0400147771162378,0.202310903105728,-0.200825762152018,0.0510587671389233
"23",0.112990239074334,-0.0120550668924113,-0.0963879904356811,0.0297507884366096,0.142518035692241,0.194449124513672,0.0349595452782302,0.239934008591154,-0.0771242642604451,0.17192564272709,0.0681066436613593,-0.0631633308664592,0.229827575824938,0.0734314342327277,-0.0893556437030675,-0.128763500983839,0.0635929022906878,-0.0378471990621145,0.00451587533546838,-0.101551510409267,0.0550691654878594,0.0846386276893498,1,0.324206835300858,0.0429752279532299,-0.0296493062960821,0.0759568680525756,0.0991823102941903,0.0436321678446051,0.369955820496013,-0.0819067917099748,-0.263568319777999,0.0772211040110782,0.0417238640533691,0.0971371442651228,-0.0397029609581272,-0.0128898621434886,0.0454063006717385,0.216986766522604,0.163706547381525,0.108163928416949,-0.0239915829806872,0.00116380914416119,0.125534929672679,0.0343688356872882,0.0344802585972064,-0.129466427155052,-0.0478926175505729,0.166436859975467,0.0683050438439644,0.0760580962045963,-0.0764564567980832,0.263693875628774,0.23732659845758,-0.0225738924421353,0.202945911835096,0.19054050531005,0.0561565887806344
"24",0.0756148546242652,0.079683928325043,0.0953426708916654,0.108197773228385,-0.0158160937258753,0.115953480381922,0.0289719142914186,0.0583555214903733,-0.136875374414999,0.0252173851705723,0.0133184520737799,-0.0003007121653242,0.107638331483417,-0.0648135469835548,-0.132042980087307,0.0351360388107994,0.135087408217196,-0.174990482945415,-0.151111299420469,-0.0520724032229622,-0.149167907687848,0.0960447381213314,0.324206835300858,1,0.0410044357667244,-0.129062353532119,0.233187810498512,0.125179947861389,-0.0461335124243236,0.154186762071039,-0.0940033749058804,-0.203136041852266,0.144105470396431,-0.0166398287591139,0.0041632928457855,-0.229615677576219,-0.100111769813406,-0.104483830011082,0.105791855543848,0.235975620804777,0.00052681839249402,-0.0409246246497624,-0.0913831864101945,-0.114994619170022,-0.124508121105619,0.0842033555879792,-0.0317948109387027,-0.0470909402642064,-0.00561554167256416,-0.124822253155891,-0.0984811446900211,0.0319241906355932,-0.0658808393325497,0.1060415003733,-0.0257618011609771,-0.0885692265354426,0.146678326514159,0.00581826736120097
"25",0.140696712981627,0.177541947378561,0.122187007176953,0.146362716230333,0.162498481692777,-0.0278163509510524,-0.0212803337535881,0.0285138746530189,0.0696397963028584,0.0413779977321297,-0.0252243544597078,0.0532677110523726,0.105816287610399,0.0318520193895951,-0.0753257191885088,0.0302550040683786,0.143506117226537,0.00964817116373996,0.0190827778466525,0.100550063961143,0.136278285639547,0.184819700066029,0.0429752279532299,0.0410044357667244,1,0.0345223076169149,-0.0616565785631888,0.168910978831904,-0.0797013940148845,0.0952556714550746,0.0947128722303378,0.00081390678921371,0.0752288355763205,-0.00845520654800949,-0.00301501621296673,0.0348179845181307,0.180119286321481,0.126953711066603,0.179789436018296,0.113634880339358,0.156564401749534,0.145294394728455,0.0167926079341388,0.138929332917693,-0.17448827786304,-0.185966602259287,0.0343419082414482,-0.0668682117571479,0.0695516883628793,0.0343404083517689,0.109646513335379,-0.0242153282763754,-0.0719793716134962,0.0787303327953823,0.155921719478403,0.118431813611079,0.0424307879506279,0.0587763058546655
"26",0.0414277110102319,0.176571657938397,-0.0267414111213963,0.1388826083528,0.127748657278277,-0.123606035524652,0.0792287310604355,0.111371694749887,-0.05205181618094,-0.0292040511431362,0.0341915225629831,-0.0952102101778911,0.10097999601134,-0.0259740492332415,-0.152313186571218,-0.0821864715419963,0.159037641145293,0.0913630450082001,-0.0190426893392935,-0.035745389932366,0.0779258678964183,-0.137058166303616,-0.0296493062960821,-0.129062353532119,0.0345223076169149,1,-0.0913788692817348,0.0651388178587846,0.171439023829892,-0.155836227760453,0.105243964759652,-0.109914699894559,-0.0230758624344428,0.078905399903529,0.129500070198664,0.289722409461644,0.160290387940919,0.22277334696454,0.0442779560765035,0.0442825570321768,0.0340490216784887,-0.0701854982361603,-0.169084383163648,-0.210731283293589,-0.130276375135023,-0.00884726131263216,-0.0729377627351564,0.0693690074941601,-0.0337751787170236,0.0254603213126088,0.132930349614962,0.0701921007598676,0.110541974271821,0.194924257851416,0.336623997386715,0.0124556176506555,0.0986820494711168,0.0296218284516601
"27",0.0905255249409254,0.0565053779776956,0.154744415640973,0.0214069414597028,-0.00653270791511615,-0.112320222745199,0.114811248314798,0.145200044211375,0.113324037959623,0.0779321971395466,0.14021607742564,0.0813691336949212,0.168141209168163,0.253668506237283,-0.0157662885792635,0.127171884440349,0.0760479226735467,0.17447680664875,0.058698447214513,-0.100736257597729,0.0809199350571619,0.0627645779479172,0.0759568680525756,0.233187810498512,-0.0616565785631888,-0.0913788692817348,1,0.0117762814181225,0.0589396922113297,0.0849856987067127,-0.0373016567072729,0.034993312191775,0.0164703627082299,0.0610008103077317,0.141140840587253,-0.122596359712981,-0.0576145633329521,0.00594618908911596,0.0307597524193028,0.204680383681549,0.0526782834781213,-0.135192182859713,0.141012011086593,0.0901787941975374,0.0535878889381529,0.0126933781507078,-0.207930461755835,-0.264695497998341,0.209141697933177,0.170053828679966,-0.111123048410818,-0.0943075763195619,0.0960615687052206,0.147460277773985,-0.105719363445093,0.0912116803749998,-0.0904380130854626,0.0186491113184344
"28",0.229730175227433,0.061762673826175,0.125408575063754,-0.131278452809162,0.0869443399710378,-0.0169030502832856,0.0501076588797361,0.106490862761912,0.102495976425373,0.132337178247,0.0752511174052043,-0.13927704763096,0.0393712404113042,-0.0257781098731177,0.0148200798850823,0.123795389768887,0.172292370739741,0.0874454067834717,-0.193419372540535,0.047508080802609,-0.0411893549477344,0.0353818945929203,0.0991823102941903,0.125179947861389,0.168910978831904,0.0651388178587846,0.0117762814181225,1,-0.151191544193441,0.166570075699961,0.0415396198298531,-0.0988288534850814,0.143367947745678,0.132260974252714,0.137087409711714,0.110343253920364,-0.0189373868255589,0.0352816940528054,0.307472184727228,0.101476106184857,0.0715934203747127,-0.0893093655611585,-0.0858165990623436,0.0416809482626156,0.0214881280762277,-0.00600529891135772,-0.0164228360584642,-0.094852242278453,0.0821995075129594,-0.0316799650458667,-0.0799603382703435,-0.0641267151365373,0.154819209858785,0.113006774639353,0.101526811505263,0.0168561265645733,0.0259384383043575,0.0560393060128134
"29",0.194783145742881,0.141289942074307,0.0390105946253149,0.101968511939535,0.116890314450602,0.0681588010357993,-0.0411806080001987,-0.00321833083488921,0.0749397192384037,0.0589304915880551,0.176428172140172,0.07402997370705,-0.0305707599190692,0.134657167012492,0.129054574692934,0.0182538186420695,0.0446391158848616,0.211162070498483,0.147589732131874,-0.0323368649060277,0.0593701723771936,-0.0254685920691795,0.0436321678446051,-0.0461335124243236,-0.0797013940148846,0.171439023829892,0.0589396922113297,-0.151191544193441,1,0.193845369224388,0.116114272043359,0.212419911368881,0.0676784510523197,0.16124752244586,-0.181617294122105,0.173593205024195,-0.0681006700145219,0.190336020074025,0.13542222984317,0.119402764679502,-0.0223829572486506,0.0382262158866143,0.206252240759022,0.0702393171326545,-0.062365335453059,0.0365801888114567,-0.0160186030866756,-0.00515282491184364,0.124466954623665,0.191458388453418,0.226568397959521,0.194345852674261,0.142873859589834,0.170375980219636,0.0451173339836683,0.198931348459341,0.091111158979381,-0.014025365809104
"30",0.227191834878884,0.17295783468155,-0.0300620961306391,0.0652355163190008,-0.0152435963359292,0.22451215359421,0.00672746614832617,0.159783038682454,0.1074371187951,0.198318195717279,0.0336896203683314,0.0719721310111075,0.354336505020215,0.295410418705242,-0.0424151567893843,-0.11127058826226,0.24921304772031,0.325700751063988,-0.0630500081107487,-0.118575691575281,-0.0534623912794214,0.151432126285806,0.369955820496013,0.154186762071039,0.0952556714550746,-0.155836227760453,0.0849856987067127,0.166570075699961,0.193845369224388,1,-0.103472522595634,-0.0242647205125444,0.220036062663198,0.284382295594641,0.152922285136908,0.0713373071115223,-0.139951382015008,-0.0169176571456488,0.186002974888672,0.0977746120038506,-0.0125165668353749,-0.0341186631150892,0.127692129491739,0.102682961916739,0.136175947417738,0.13609730953173,-0.178204642159052,-0.0742508322121178,0.320476090667038,0.233324920325181,-0.0206113318258472,-0.113334003770754,0.17309216565255,0.203698536129612,-0.056301449247713,0.19245381804731,0.102039614126653,0.104848316662344
"31",0.0836009105955932,0.012520615566758,-0.0165074345467211,0.0261674913126465,0.160312458903789,0.0388313051858016,0.164125998016571,0.160902248445966,-0.0788505319940454,0.0130030116784033,0.0612269618822053,-0.0611621094848417,-0.0684420267152053,-0.0223607654675527,-0.0625428269232669,0.0587283240316827,0.128955574279035,0.0377854918602412,0.196645429366188,0.0364504695409157,-0.030779749810791,0.054537543742912,-0.0819067917099748,-0.0940033749058804,0.0947128722303378,0.105243964759652,-0.0373016567072729,0.0415396198298531,0.116114272043359,-0.103472522595634,1,0.166707008446445,-0.133818911447163,-0.0895249451041557,-0.055797455654368,0.09280783840971,-0.150324546030711,0.0836456507735974,-0.0456615243663849,-0.0744944329590555,-0.218659564633916,-0.0856391426692577,0.0424141385467425,0.0577387406100389,-0.0238821123613998,0.0181780011029153,-0.0195176823705988,-0.114244592339023,-0.115544770834584,-0.0230408382859744,0.0575286970850495,-0.0656308985127545,0.110623516052581,-0.156210937916256,-0.00269944925472791,0.0381969978423423,-0.0427770519419191,-0.0403140327643381
"32",0.0498394580368069,0.14111284893062,-0.0824830646706306,-0.0576807041665279,0.181541182023083,-0.00186116336944022,-0.050825875463426,-0.0173646339112952,0.105112156647774,0.127300835143272,0.0431138825208052,0.21416343970896,-0.0428243264932493,0.136089602994833,0.163247081036343,0.141652995994308,0.00733650761929484,0.186719605555754,0.234403730309135,0.207168946349751,-0.019559944123848,-0.0169958963489369,-0.263568319777999,-0.203136041852266,0.00081390678921371,-0.109914699894559,0.034993312191775,-0.0988288534850814,0.212419911368881,-0.0242647205125444,0.166707008446445,1,-0.102521043183583,0.0806472410396499,-0.0721976109697762,0.00869587545752344,0.00136029491956301,0.0112177052824643,-0.0193438819499527,0.00743584135506695,-0.0742623593848354,-0.00646847955202155,0.0384460431609309,-0.0618106818228197,0.14135232574492,0.0539221255117334,0.0539763761495458,-0.0478926661929936,0.0188950234484738,-0.00246848580184743,0.0541956959031969,0.0281861359902873,0.00581414040235691,-0.0974016575399199,-0.0924071528441972,-0.069743137240694,-0.025293856713763,-0.0886272383645259
"33",0.245419636052739,0.0947461328355636,0.020724906428122,-0.0424300135396487,-0.123985937239239,0.159892078210612,0.129085650804797,0.0841302760746149,0.209910177493781,0.17652628819351,0.0650952326238683,0.00516571613820361,0.303425399334919,0.194459730196384,0.013429930513948,0.198167578791391,0.379941114952106,0.148469660472249,-0.13175351675667,-0.146305493078688,0.106698322050118,0.300342148451586,0.0772211040110782,0.144105470396431,0.0752288355763205,-0.0230758624344428,0.0164703627082299,0.143367947745678,0.0676784510523197,0.220036062663198,-0.133818911447163,-0.102521043183583,1,0.278704504473019,0.122194062678343,0.0963828162532604,-0.0530983183004167,0.0603618065636058,0.305648228313615,0.228467747871213,0.0479510506523405,0.0524070039572329,0.0771181231521115,0.164307268083091,0.129541450645085,0.0863412809171441,-0.215272147809807,-0.0376043328980502,0.285868114884062,0.176289531573732,0.20785030279472,0.100539492869667,0.007937116361296,0.0920887049384871,-0.0217333817120396,0.12431974239758,0.184762939086792,-0.0356076355535533
"34",0.274888745557884,0.107210006654786,0.135152098685001,0.0203108241681901,-0.051414574504203,-0.199611610926811,0.145444295711477,0.194968508305913,0.268051532281714,0.276033474960554,0.12178963951653,0.156002975914861,0.345772844446033,0.318234737011692,0.0506299222193673,-0.0218620971283455,0.247934306909474,0.334492058015432,-0.0578674832936183,-0.105293756214438,-0.0337675654865598,0.0869109713421592,0.0417238640533691,-0.0166398287591139,-0.00845520654800949,0.078905399903529,0.0610008103077317,0.132260974252714,0.16124752244586,0.284382295594641,-0.0895249451041557,0.0806472410396499,0.278704504473019,1,0.275686239202772,0.265627180675105,0.0935323028525049,0.161851334844278,0.271067836187877,0.264916523818393,0.0634092570315849,0.191521160398034,0.10088476574706,0.118437618186843,0.0549742185327187,0.110879282301777,-0.08977262296673,-0.0807763887371989,0.335019462108025,0.283679143117041,-0.0705533600313982,-0.113582560767629,-0.0285769003860194,0.0538321585023203,0.0228570970284696,-0.0336532066983215,0.140649238035213,0.164352447030651
"35",0.0887299945277284,0.00217342425294944,0.215052866266116,-0.00070062118105409,-0.156651527726732,-0.133880193100776,0.273027744898478,0.250409317822264,0.19665801996057,0.155327464509817,0.048255399466868,0.0128094846484851,0.125925652536475,0.271858648891676,-0.108683216622335,-0.0194922329470264,-0.011331353340315,0.0603454637374468,-0.0818161995031566,-0.126186196603033,0.0569197299395837,-0.114749059495508,0.0971371442651228,0.0041632928457855,-0.00301501621296673,0.129500070198664,0.141140840587253,0.137087409711714,-0.181617294122105,0.152922285136908,-0.055797455654368,-0.0721976109697762,0.122194062678343,0.275686239202772,1,0.141407063648597,0.394121847953378,0.128398682942286,0.200265338948144,0.153305390155109,0.27704560709227,0.201281253370609,0.0600797705845701,0.157594246059098,0.176328045812387,-0.0142152867198149,-0.0792878973565142,-0.00685474686098842,0.209908432254652,0.201284290191112,-0.0959739357770346,-0.15635779311085,-0.0377485208871695,0.0371238121605907,0.0527108792709616,-0.139213799946015,0.078383501276656,0.0201828771349339
