"","l_Insular.Cortex","r_Insular.Cortex","l_Amygdal.Area","r_Amygdal.Area","l_Bed.Nucleus.of.the.Stria.Terminalis","r_Bed.Nucleus.of.the.Stria.Terminalis","l_Hippocampus","r_Hippocampus","l_Orbitofrontal.cortex","r_Orbitofrontal.cortex","l_Entorhinal.Cortex","r_Entorhinal.Cortex","l_Frontal.Association.Cortex","r_Frontal.Association.Cortex","l_Globus.Pallidus","r_Globus.Pallidus","l_Glomerular.Layer.of.the.Accessory.Olfactory.Bulb","r_Glomerular.Layer.of.the.Accessory.Olfactory.Bulb","l_Glomerular.Layer.of.the.Olfactory.Bulb","r_Glomerular.Layer.of.the.Olfactory.Bulb","l_Granule.Cell.Level.of.the.Cerebellum","r_Granule.Cell.Level.of.the.Cerebellum","l_Hypothalamic.Region","r_Hypothalamic.Region","l_Entorhinal.Cortex","r_Entorhinal.Cortex","l_Vermix.Molecular.Layer.of.the.Cerebellum","r_Vermix.Molecular.Layer.of.the.Cerebellum","l_Lateral.Molecular.Layer.of.the.Cerebellum","r_Lateral.Molecular.Layer.of.the.Cerebellum","l_Anterior.Olfactory.Bulb","r_Anterior.Olfactory.Bulb","l_Posterior.Olfactory.Bulb","r_Posterior.Olfactory.Bulb","l_Subiculum","r_Subiculum","l_Perirhinal.Area","r_Perirhinal.Area","l_PreLimbic.System","r_PreLimbic.System","l_Primary.Cingular.Cortex","r_Primary.Cingular.Cortex","l_Primary.Motor.Cortex","r_Primary.Motor.Cortex","l_Retrosplenial.Cortex","r_Retrosplenial.Cortex","l_Secondary.Cingular.Cortex","r_Secondary.Cingular.Cortex","l_Secondary.Motor.Cortex","r_Secondary.Motor.Cortex","l_Striatum","r_Striatum","l_Ventral.Tegmental.Area","r_Ventral.Tegmental.Area","l_Substantia.Nigra","r_Substantia.Nigra","l_Thalamus","r_Thalamus"
"1",1,-0.0899279305030492,0.113335537671804,-0.00987450176673865,-0.138717292017403,-0.0968606278986411,0.0707134311780511,0.12769978353864,0.355682920551147,0.123669027370642,0.238965283421715,0.17953968024959,0.134444050192679,0.177295982292201,-0.0162163083779304,0.200399321915795,0.134120229614567,0.148462003913654,-0.0686328539796394,0.0731306756255556,0.0556915328650324,0.0602416309390051,-0.0280678137846599,0.0290108831950538,-0.0233598182980438,0.148706067386363,-0.212608518147303,-0.00472980311215548,-0.0520595085565025,-0.0114889673677876,-0.060114712569728,0.0195994722564248,0.21494916911145,0.0169152324539815,-0.00199461133446846,-0.0425650154396073,-0.115876293623917,0.0512950557646605,0.00649219128722865,0.219665943358045,0.00679608231546932,0.0769228345627612,0.0422086155774845,0.0336757083513452,-0.0629417331769091,0.0348593530386191,-0.0128683935433414,0.00404923576721258,0.0788012627475007,0.223107414943225,0.127619688538787,0.0322122204434814,-0.100280359204598,0.0980208782274524,-0.0195605633401121,0.112196000767376,0.172653659508837,-0.0218254174418318
"2",-0.0899279305030492,1,0.00925119021117767,0.0439218021617507,0.0707314081874546,-0.0609165921461179,0.0071224007959877,0.0575116051458169,0.151605935370413,0.224056689995681,0.127674369284608,-0.0931970391667409,0.0245326202605048,-0.068917237174483,0.0754432132684726,0.0875477099924451,0.0282455256799242,-0.0637905078793124,0.0273164842901951,-0.0416012115432649,0.115308150292241,-0.0956845649568922,0.0652479823494349,-0.054177467095122,0.177170208692952,-0.049934947624834,-0.0557076874610321,-0.00361677029020975,0.130552064869296,-0.0677808124136373,0.105006938947229,-0.220179203803316,-0.0939166570796489,0.095292762943456,-0.13884316567946,-0.135480730281303,0.0927202634349367,-0.237287988728195,-0.0395237346129226,-0.0274666924686536,0.0848993820893034,-0.014613894031615,0.153575327325975,0.0471133969651521,-0.00394669432180085,-0.00135908965775548,-0.200229163490878,-0.00322700977437813,0.103125298875478,0.0226283720872093,-0.031022466677248,0.00189562475874072,-0.0687070719800964,0.0676114002527405,0.124744678968735,0.156846911932556,-0.0844308288849564,-0.173840873721756
"3",0.113335537671804,0.00925119021117768,1,0.20444178598863,0.148741200343418,-0.0167626591509515,-0.136138758457484,0.028810941741576,0.17636438028153,0.0302991436548468,0.346692056720661,-0.014724299872037,0.0717060898228513,-0.240658400926334,-0.0462505575486268,0.0843428545656931,-0.0588364319342813,-0.0276618366896476,0.0285152740544901,0.219100339520489,0.0559140306158724,-0.0233471115967552,0.175612132157086,-0.00834161107917767,0.0708951799131514,0.0200040887631913,0.0296359103353102,-0.0394141973171764,-0.188781417568725,-0.131564580626896,-0.0096330357832972,0.189291409826127,0.0644135624350065,-0.0755206737326269,0.039529814570788,0.0715694962302762,-0.198360746009471,0.0575934146895507,-0.0939493331225377,-0.10153329962313,0.0232315070886609,0.053062944148451,0.0307819188934239,-0.190917759239991,0.0195405470247791,0.142788304445646,0.05600018350857,0.0707212114876038,0.0225821707358903,-0.311968891646672,0.178878745848264,-0.0589295294236363,-0.086019377011106,0.0832278383554625,0.0165042517184172,0.0750646464618462,0.0474796104471491,0.194613260006566
"4",-0.00987450176673865,0.0439218021617507,0.20444178598863,1,0.0866913619507594,0.104541385912289,-0.00944198408475987,0.10694696947117,-0.0314303517589597,-0.0191417994507214,0.0276879205971556,-0.0246778711028055,-0.132354489307514,-0.0814622477958079,0.00942643736452159,0.148162482886713,-0.0629376134878088,-0.215243979356189,-0.1219352589649,0.0269148717576107,0.22386639235972,0.174930654086218,0.0543652821066593,0.0200954245083686,-0.12875805820185,0.143728361789164,-0.0271752712630133,-0.0935950974808314,-0.117928786645207,-0.0949914244425344,-0.127687025006035,-0.047472290288182,-0.00233706871421086,-0.117192344300269,-0.0451513850767686,0.012556244059525,0.0626715723744061,-0.0665336700800962,0.0398664929531871,-0.132968378705834,0.0775071384519528,-0.0642949838972694,0.246318084209852,0.0994702724364714,0.0658951576959116,0.00408582345386346,-0.0526391015187643,0.0749105572242669,0.115467319015809,-0.188699126036164,0.0551574301609009,0.00338846133024097,0.0170537002629271,-0.044577316966424,0.0888104061040195,0.0339005736457329,-0.198053390229937,0.141295046287124
"5",-0.138717292017403,0.0707314081874546,0.148741200343418,0.0866913619507594,1,0.0926805758131906,0.0705147653394724,0.103148024517297,-0.153933353400056,0.0268893882275792,0.0742509959193755,-0.179508484556149,0.0858934494108088,-0.0395840512172317,-0.0450957613499526,-0.152509769185169,-0.0592525761143172,-0.0263181009522432,-0.133558870915491,-0.0219144233736489,0.140607333829871,0.00221337422684919,0.137882593576573,-0.0479494210086315,-0.104961557050533,0.00133897970847361,0.0726810726029181,-0.0492234833419905,-0.281626855869007,-0.212543724347014,-0.042409730024966,-0.0996236569682529,0.0241934314787022,0.0261859657945241,0.0670843544114235,-0.0506326251910186,0.00984053243202224,0.110111062681513,-0.106092734366069,0.0146741946012275,0.101059354805847,0.0263736564130678,0.0309027543163957,-0.1847798314096,0.00672435158506708,-0.0851351030100558,0.0570380140750943,0.111219429624376,-0.0353514178823584,-0.0711372738871993,-0.0815109058852402,-0.0651061118089924,0.0275704554670296,0.0732685150107013,0.0803239590743416,-0.122431831133616,0.0157543911341686,-0.050399164233888
"6",-0.0968606278986411,-0.0609165921461179,-0.0167626591509515,0.104541385912289,0.0926805758131906,1,0.0133025941414787,-0.0205100214465158,-0.184843295398122,-0.0988282796716414,0.0814302277208676,0.103017275480228,-0.0784114907066006,-0.11611961586754,0.0678726581534999,0.0807046228224655,0.0345551163889974,0.0151352169179891,-0.0500063599622419,-0.0296672839536639,-0.138369976141209,0.206903392252538,0.0476053305213532,-0.027720618389755,-0.117612973031982,0.0309723476902297,-0.129472942032796,-0.17765024262665,0.0360544706309821,-0.143437869745966,-0.0782146281595027,0.189669741030254,0.224104348029939,-0.00968497422598999,0.127854766487624,-0.0921501699110569,0.104045547556299,0.010861658990421,0.00806264595122933,0.00638031869119693,0.0132444804428091,-0.0928203486621364,-0.0418233033089468,-0.0102469583477471,0.0235677997376722,-0.181092195693729,0.0109259005073581,0.0336925364861911,0.0511219461008843,-0.0561335587910366,0.110376246749244,-0.00352923375778454,0.0856707559681194,-0.063396084539625,0.0725654879380908,-0.10396404029317,0.0110774804950158,0.349277206289311
"7",0.0707134311780511,0.0071224007959877,-0.136138758457484,-0.00944198408475987,0.0705147653394724,0.0133025941414787,1,0.290113060885706,0.0713024898808178,0.0405071906239438,0.084543233298913,0.0606157183868335,0.0264799588490791,-0.0149422566712251,-0.0664699304645798,0.057186305635769,-0.0956608896504278,0.0412877616848321,-0.0114901370774161,0.102888169496724,-0.237684074019148,0.10142470233261,0.115508320858559,-0.0193848965323648,-0.171800944723141,0.0965789185285497,-0.0190487801704655,0.135444225617653,-0.152024871292547,-0.166914596724993,-0.0271841450141558,-0.097288998615766,-0.034730704454717,-0.0682466372240938,0.300480684227125,0.0300873951482963,0.0893208863006544,0.200969407121876,-0.0321208432420532,-0.0416385990635616,0.128879581276108,-0.0653297631938339,0.0355069818978134,-0.0324145209674207,-0.0553549337328405,-0.049978017530494,0.0226646009992147,0.0321266129574367,0.115188393744295,0.0204386763096124,0.0409352025503385,-0.0178746449693055,0.0300362174277113,-0.189039459713439,0.0659953135245902,0.0732427180217485,0.165432413090107,0.00597194911405078
"8",0.12769978353864,0.0575116051458169,0.028810941741576,0.10694696947117,0.103148024517297,-0.0205100214465158,0.290113060885706,1,-0.127527562588555,0.0733024803689368,0.0710423863806957,-0.0119160986075763,0.180102258530685,0.0337298647698203,0.016622678339001,0.106980798225013,-0.0768340209871895,-0.124569997864625,0.131425689769844,-0.0776983811499186,0.0371836254230893,0.0770443409610775,0.0735646986513354,-0.0883026442948149,0.0262735914398265,-0.161947361210769,-0.25927427848917,0.0429264843195305,-0.183491859297154,-0.137577062259756,-0.104868685042688,-0.0402813789200859,-0.0210571378246503,-0.0757953281454866,0.103984622121249,0.10600982114363,-0.068807901921734,0.00449308148636412,-0.0847895154256097,0.0958055617304604,0.0870301103802797,0.0259744414931019,0.0411835701927733,0.0303509107333082,-0.120964171367995,-0.251357973808111,-0.0251242631378441,0.0428454457492108,0.163855515415932,0.048013865583973,-0.0342168044485771,-0.0836415778474916,0.170840865157596,-0.139478768099686,0.0472008005819892,0.181083296698607,-0.0178470268828119,0.096901643243636
"9",0.355682920551147,0.151605935370413,0.17636438028153,-0.0314303517589597,-0.153933353400056,-0.184843295398122,0.0713024898808178,-0.127527562588555,1,0.167260428246317,0.109540760317849,0.00919639519338679,0.210649789329759,0.0621512476217385,-0.12434056970949,0.192842903947682,0.221407231445475,0.106347910156425,0.0433878553126237,0.109718539185664,0.0615522579367788,0.0314079817325572,0.0846913228222847,-0.0127780991116095,0.192351835308185,0.0526758058742588,0.0414943090983212,-0.0599397578556538,-0.0669792783821372,0.11030358338159,0.0115293453098988,-0.0457277099289109,0.0689944653936335,0.168071996805781,0.0176806622555372,-0.0376236878079363,-0.03925279428881,-0.00280163743549401,-0.108274390449874,-0.0452305818008384,-0.153032555161056,0.0157920728902031,0.211859933072794,-0.0182659935711083,-0.0895356089255897,0.123205999197566,-0.0335324148978636,-0.0205650039900639,0.13221835627691,0.0568677994187347,0.174064267860629,0.0451211726800684,0.0248607822606138,0.127127826087995,0.0150496126647048,0.143170436741832,0.0745556368937318,-0.101208104147984
"10",0.123669027370642,0.224056689995681,0.0302991436548468,-0.0191417994507214,0.0268893882275792,-0.0988282796716414,0.0405071906239438,0.0733024803689368,0.167260428246317,1,-0.051346328764615,-0.0637171664871231,0.20846572012376,0.0375000152183324,0.0486821443088741,0.0924994470261142,0.0319510043145289,-0.066519853393257,-0.123267980995888,0.00805814721693593,-0.0794458447141093,-0.177672279659364,0.270578858129716,-0.00094099840940579,0.232467437615464,-0.126339970685931,-0.0265907230480357,0.0600108590427108,-0.172183026733576,0.100209894288131,-0.101917476966222,0.0117364490088149,0.0416359301135637,-0.0388430424942911,0.0146527097410333,-0.00796020046433411,0.0562339623047869,0.0446161956480407,0.0332237510607258,-0.309418291160364,0.0178887906915118,-0.038869045683653,0.0493705018607567,0.205159394291056,0.0777542622406031,0.0448078837684566,0.0715546343384166,0.0766310919122331,0.0558203839954386,0.111926695451907,-0.0236461500420681,0.0201100025448489,0.0348600412713356,0.263294735328562,0.0842287790507876,0.0583912346019143,0.00114700387858905,-0.0235034958362212
"11",0.238965283421715,0.127674369284608,0.346692056720661,0.0276879205971556,0.0742509959193755,0.0814302277208676,0.084543233298913,0.0710423863806957,0.109540760317849,-0.051346328764615,1,0.0866678437526606,-0.0601277368905481,-0.203609077839399,0.0215966381012787,-0.067707737277797,0.0647430519943468,0.148793764026782,0.14431781737345,0.026437874687526,0.088535147198822,0.0133358706094135,0.198355089762005,0.148563765526721,-0.1165682942266,0.0926730834411135,-0.108352652380094,-0.0648547344131065,0.016523778432094,-0.13887032661663,0.0560449366672427,-0.00787400081481569,0.127606108807096,0.0357766168559342,0.0780249327620072,-0.051026657705016,-0.0852493050005527,-0.00359370799851612,0.124826044601208,0.0402741859243205,-0.019824693039184,-0.050722045544126,0.0301000200368687,-0.00843793765721295,0.0849426620970892,-0.131136740415348,0.0945460919264408,0.0888596021246084,-0.112205019204425,-0.0844701636111188,0.147324432306747,-0.0330668996764878,-0.185314170874296,-0.0377203805506435,-0.0134208753271241,0.051140496349005,0.111064193761443,0.156285553712022
"12",0.17953968024959,-0.0931970391667409,-0.014724299872037,-0.0246778711028055,-0.179508484556149,0.103017275480228,0.0606157183868335,-0.0119160986075763,0.00919639519338679,-0.0637171664871231,0.0866678437526606,1,0.0227213449145365,0.059186020017032,0.117913742763913,0.0976320226906308,0.14300508178928,0.0926711825276519,-0.0769631643045388,-0.185506695023969,-0.214416942300684,0.119770660335482,-0.0756409325809082,-0.168194470442523,0.0894735229673024,-0.135932972492695,0.0195194940013487,-0.135267883120851,0.174776186660263,0.120689092714903,-0.0401755390998547,-0.00941274786358648,0.181615035778535,-0.0195231478281514,-0.0483182659006968,0.0198994124600147,-0.0483644460889309,-0.141573821856058,0.233442221592518,0.125681971838054,0.0505814324321286,0.0446653486481202,0.0628330840208735,-0.0252215602768705,0.0299123919676422,0.044239026431343,-0.104822382387192,-0.0343491170632378,0.0569263319523134,0.0188342977052138,0.244474851166115,0.135987887780704,0.133889237297652,-0.130167104499023,-0.0457521855176847,0.0985922087913171,0.106391471188553,-0.0911168261656567
"13",0.134444050192679,0.0245326202605048,0.0717060898228513,-0.132354489307514,0.0858934494108088,-0.0784114907066006,0.0264799588490791,0.180102258530685,0.210649789329759,0.20846572012376,-0.0601277368905481,0.0227213449145365,1,0.0312531003917271,0.0714228007209311,0.07657692989257,0.213226377971212,-0.0533201457275003,0.304781209691744,-0.00898603617696515,-0.0566807746739728,-0.272882153288525,0.11216474474295,0.0264042957845446,0.0688051430519111,-0.32163539070098,-0.0683320144389928,0.0729229010320285,-0.35828880855668,0.106754774980162,0.136190511186511,-0.0148334300584825,-0.0938934121638786,-0.0273111153261011,0.155876540365783,0.0120992372405328,-0.183387166725787,0.00554861176241588,-0.163189437789629,-0.0515322195555852,-0.0279997595709011,0.0160466948743132,-0.0122010955892843,0.0481761094743011,-0.0933155685309318,0.0453468176127474,0.0035033523260929,-0.013702754495607,0.44484859034456,0.0352372046033219,-0.073076701807023,0.0838434165836409,0.121195684633885,0.130967788671392,-0.0798620573050916,0.170727487849173,-0.0434047054629834,-0.0840650153418776
"14",0.177295982292201,-0.0689172371744829,-0.240658400926334,-0.0814622477958079,-0.0395840512172317,-0.11611961586754,-0.0149422566712251,0.0337298647698203,0.0621512476217386,0.0375000152183324,-0.203609077839399,0.059186020017032,0.0312531003917271,1,0.0542970764158499,-0.00795706252266157,0.0562956344243175,0.448824618212569,-0.0383603063945989,-0.182305063687055,0.0360963620546785,0.0462641882464757,-0.0555674070809123,0.0830012338012633,-0.0438234290987792,0.071287832457749,-0.0597489755147819,-0.00478239602305684,-0.00430232720076971,-0.0236526351798151,-0.0888899785479573,0.169753658047452,-0.13807204996337,0.0539982917681584,-0.0833899529560204,0.250986558972236,0.0958851246477944,0.0171745948162315,0.0699364085261533,0.132434026898425,-0.128178439977901,-0.00408143236696403,-0.0377056016539493,-0.077047398548221,-0.238716397439216,-0.146072787184474,0.0931182666385363,-0.00116122354074839,0.0123266116089766,0.735511351375926,-0.138091822377414,-0.113093077478012,-0.138085271635465,-0.100136612439051,0.160139887966338,-0.100607634545912,0.0252772220352295,-0.262352088415732
"15",-0.0162163083779304,0.0754432132684726,-0.0462505575486268,0.00942643736452159,-0.0450957613499526,0.0678726581534999,-0.0664699304645798,0.016622678339001,-0.12434056970949,0.0486821443088741,0.0215966381012787,0.117913742763913,0.0714228007209311,0.05429707641585,1,-0.0859475766144625,0.09467298109477,0.066124305847581,0.0755457780859352,-0.104300806636932,-0.0763228732311601,-0.130156204918441,0.0564384418289668,-0.203686303327062,-0.0516793260936153,0.0853143822363595,-0.0171330442272668,0.14465930184542,-0.0980668074692318,-0.0623432282487213,-0.0510832434313437,-0.0883172799929947,-0.0031207178077965,-0.0724870676481048,0.0638161504466185,-0.0803866894474067,0.00261061891085087,-0.114751072193706,0.171571444319646,0.0236407496793673,0.118807339636842,-0.141403436033965,0.169060864591936,-0.0106359779661215,-0.160905721837302,-0.20722910751246,-0.0232092835907005,0.0174545288245608,0.18732230925542,0.0916819499353527,0.010327230469659,-0.156821846764332,-0.0337989175329091,-0.0895201900364773,0.0151511308775753,-0.179236864804398,0.00148964392760756,-0.00506831136817275
"16",0.200399321915795,0.0875477099924451,0.0843428545656931,0.148162482886713,-0.152509769185169,0.0807046228224655,0.057186305635769,0.106980798225013,0.192842903947682,0.0924994470261142,-0.067707737277797,0.0976320226906308,0.07657692989257,-0.00795706252266157,-0.0859475766144625,1,0.042274015002274,-0.0276735969188424,0.0768148706874172,0.126494153892476,-0.0795700094167873,0.122114501774077,-0.208253660702411,-0.245781300171711,0.0703540955792056,-0.0505418558391912,-0.0164173359802156,-0.130180304859538,-0.0891344281391472,0.0749034661745244,0.0431869177810523,0.0409225614567659,-0.0815517437377453,0.0740827557110917,0.0196768747627354,-0.0952015512649908,-0.121667020322951,-0.0344480295420087,0.0075595479047712,0.0197033245163933,0.0374069758963752,-0.069762746361165,0.111920904239421,0.0386385280690518,-0.0787685455062636,-0.130244192773883,-0.157708882946967,-0.210892649680158,0.272249884474278,-0.0653706407717997,0.15349843403704,0.263138894972686,0.232260066044711,-0.187352752645374,0.128410198412934,0.00132351094552568,0.149374039723956,-0.0708940647151222
"17",0.134120229614567,0.0282455256799242,-0.0588364319342813,-0.0629376134878088,-0.0592525761143172,0.0345551163889974,-0.0956608896504278,-0.0768340209871895,0.221407231445475,0.0319510043145289,0.0647430519943468,0.14300508178928,0.213226377971212,0.0562956344243175,0.09467298109477,0.042274015002274,1,0.278927683158587,0.0328390127109641,-0.133558864776147,-0.143370518960148,-0.153992361947457,0.0258247712806433,-0.109331869055644,0.138782524248721,0.0354004681255108,0.103933186367998,0.0970267317485339,0.0500914305854422,-0.0108725593620658,0.113217941375582,0.0890150433672536,0.222749548548051,0.108481705498945,0.141519378932579,-0.0214690669356092,-0.110627999965178,0.12346792844139,0.160038355028543,0.00308383537279681,-0.131980336998274,0.00756545868785421,0.119710762502623,0.17268846794503,-0.147836675377469,-0.196743038309504,-0.0530198577680071,0.0143940545440766,0.361322027041433,0.267040947090042,0.0793645444729974,-0.134645925990582,0.0275462933573339,0.102596839640925,-0.0819012169382453,0.206965644393808,-0.116040475337193,0.0200109042707749
"18",0.148462003913654,-0.0637905078793124,-0.0276618366896476,-0.215243979356189,-0.0263181009522432,0.0151352169179891,0.0412877616848321,-0.124569997864625,0.106347910156425,-0.066519853393257,0.148793764026782,0.0926711825276519,-0.0533201457275003,0.448824618212569,0.066124305847581,-0.0276735969188424,0.278927683158587,1,-0.0466029274541011,-0.0721457101034717,-0.166267813738982,-0.0438606499819038,0.0113364749190623,-0.00206656733080783,0.024944724689572,0.217944093389538,0.124631771606247,0.0832582821349886,0.0579597660433181,-0.00166520672531856,0.025920143145865,0.248056071726483,-0.0413134837569865,0.0336023992032946,0.0384625095238749,0.230570693286998,0.0188077181955009,0.177484786801153,0.118571028004065,0.176893132077387,-0.041342892849099,0.00129693804726191,0.0110575435249646,-0.128623856962608,-0.204583913804418,-0.127953393719928,0.132476327061402,-0.0125391196541036,0.0797635707019154,0.495318680234157,0.00546664137013069,-0.285411489042378,-0.276503421049307,-0.17315491117544,0.046569053685019,-0.132875978745562,0.159819701754071,-0.130286326486246
"19",-0.0686328539796394,0.0273164842901951,0.0285152740544901,-0.1219352589649,-0.133558870915491,-0.0500063599622419,-0.0114901370774161,0.131425689769844,0.0433878553126237,-0.123267980995888,0.14431781737345,-0.0769631643045388,0.304781209691744,-0.0383603063945989,0.0755457780859351,0.0768148706874172,0.0328390127109641,-0.0466029274541011,1,0.059768657242677,0.128645470747373,-0.170807237667484,-0.0918858182743049,0.0324264341880548,-0.151262284846966,-0.18277904030263,0.0201679796909068,-0.108352426366742,-0.0486562230421462,0.144304526119345,0.403029573506597,0.0553137288141385,-0.070059942347946,-0.107351641357609,0.0523519095451113,0.108452402721512,-0.111417424240737,-0.100787233001647,-0.193432246390299,0.0431585757998858,-0.163854211885814,-0.203973993860652,0.210330993747557,-0.0636696619076703,-0.0803346571564828,-0.0428760699107286,0.12228443440481,-0.0984166148411448,0.160926179760154,-0.0492007498560589,-0.137083689598777,0.0763360771220008,-0.0349104558108041,0.0733698877817974,-0.0990007891605759,0.104362612609326,0.0971640029420504,-0.0499873776154072
"20",0.0731306756255556,-0.0416012115432649,0.219100339520489,0.0269148717576107,-0.0219144233736489,-0.0296672839536639,0.102888169496724,-0.0776983811499186,0.109718539185664,0.00805814721693593,0.026437874687526,-0.185506695023969,-0.00898603617696516,-0.182305063687055,-0.104300806636932,0.126494153892476,-0.133558864776147,-0.0721457101034717,0.059768657242677,1,0.00653416635959945,0.067094115189714,0.0215296117811127,-0.0641763415914289,-0.019359562963604,0.0267561919552857,-0.0127531020231,-0.0627032132101986,-0.101209866287339,0.00193396161376852,0.185241169859364,0.202799940651391,0.112832263335082,-0.0585495660564979,0.0421159431157683,0.0180917623780507,-0.0109907439958596,0.0457950320358126,-0.0513634047204362,-0.0577228712009212,0.0498852147311637,-0.130099767968059,0.113214976616958,-0.108300326689594,0.0775644570181933,0.0407774484433676,0.0963981735450317,0.0143595708006564,0.0340065962575167,-0.192535525871119,-0.0202943382382143,0.0219535082339165,-0.0518361836912407,0.101900522662596,-0.0765578762153716,-0.0237462946389331,0.00388806373184197,0.0826326183395452
"21",0.0556915328650324,0.115308150292241,0.0559140306158724,0.22386639235972,0.140607333829871,-0.138369976141209,-0.237684074019148,0.0371836254230893,0.0615522579367788,-0.0794458447141093,0.088535147198822,-0.214416942300684,-0.0566807746739728,0.0360963620546785,-0.0763228732311601,-0.0795700094167873,-0.143370518960148,-0.166267813738982,0.128645470747373,0.00653416635959945,1,-0.0755523295326027,-0.0976773225280394,0.192241250415144,-0.148175531677763,0.0354018269040624,-0.00972612561259826,-0.0758185785232344,0.0403147708129518,0.022505594111178,-0.0792733615433237,-0.0723239153843221,-0.00841940513295683,0.0202601578963698,-0.0342282697302056,0.0664637547909267,-0.0816836364049248,-0.0306427214075072,-0.129182877152942,0.135157137972056,-0.165247633580449,-0.194188955675893,0.214486742146264,-0.0703897198141535,0.025047251153735,0.0329671405478398,-0.0291688190809049,0.0186388446541705,-0.127997696791177,-0.0370793087140428,0.005095645555834,0.104752543502748,-0.123514926801295,0.0352268267634787,-0.06060578984938,-0.082225728478344,-0.149698901431144,-0.00276604076558046
"22",0.0602416309390051,-0.0956845649568923,-0.0233471115967552,0.174930654086218,0.00221337422684919,0.206903392252538,0.10142470233261,0.0770443409610776,0.0314079817325572,-0.177672279659364,0.0133358706094135,0.119770660335482,-0.272882153288525,0.0462641882464757,-0.130156204918441,0.122114501774077,-0.153992361947457,-0.0438606499819038,-0.170807237667484,0.067094115189714,-0.0755523295326027,1,0.0993419715779626,0.0879477051524032,-0.0604692200193727,0.174064959288149,-0.0415384858807188,-0.102229380017042,0.0253051195341521,-0.204944902312494,-0.00312055469178654,-0.0822962879465161,0.0587581797148407,0.0232928381786047,0.0828753622072007,0.011653419867541,0.0191048103039546,-0.0355035143086707,-0.0405211232309151,0.0890425508261849,-0.144037947449019,-0.0632289822591116,0.0332754669787859,-0.0780310155395924,-0.119536899785323,0.039677362613604,-0.258581214084235,-0.0151071231592259,-0.262838292487965,-0.140189604849032,0.118624986612491,0.0297295731373549,0.029562941170851,-0.028597972441666,0.0371249686604385,-0.0681098095768495,-0.109447847513278,0.0286016283471257
"23",-0.0280678137846599,0.0652479823494349,0.175612132157086,0.0543652821066593,0.137882593576573,0.0476053305213532,0.115508320858559,0.0735646986513354,0.0846913228222847,0.270578858129716,0.198355089762005,-0.0756409325809082,0.11216474474295,-0.0555674070809123,0.0564384418289668,-0.208253660702411,0.0258247712806433,0.0113364749190623,-0.0918858182743048,0.0215296117811127,-0.0976773225280395,0.0993419715779626,1,0.241761265324161,0.111776343655976,0.00953107956212307,0.0278494059700596,-0.0620192392214008,-0.247999469936695,-0.0803623730461425,-0.145121777858378,-0.0468599274050679,0.055615571302993,-0.0296997212311124,0.0749328733655681,-0.0401172111692454,-0.125343315197836,0.174028550246155,-0.134434640449235,-0.292392370645616,0.0788804762979183,0.0980502562588425,0.0834800639441614,0.0315050946304886,-0.0116072018931574,-0.0532262341149073,0.103403821303454,0.275681595922763,0.113487167676769,-0.0313884320512719,0.127521123483372,0.0493528481175227,0.0649745293266645,0.0270076318194618,0.0117229391392611,0.0796784266158679,0.0653803470445174,0.142237941962648
"24",0.0290108831950538,-0.054177467095122,-0.00834161107917767,0.0200954245083686,-0.0479494210086315,-0.027720618389755,-0.0193848965323648,-0.0883026442948149,-0.0127780991116095,-0.00094099840940579,0.148563765526721,-0.168194470442523,0.0264042957845446,0.0830012338012633,-0.203686303327062,-0.245781300171711,-0.109331869055644,-0.00206656733080783,0.0324264341880548,-0.0641763415914289,0.192241250415144,0.0879477051524032,0.241761265324161,1,-0.0749382713091927,-0.00269856194638133,-0.101608730516887,0.0234966020221951,-0.118623573159397,0.108430802826213,-0.0904866762269394,0.0181523676502138,-0.164831507134911,0.03842937926218,0.00872896084672307,0.196039103214345,-0.0808662349353648,0.0936915027869675,-0.0593121097986583,-0.0202715233332545,-0.225094418618408,-0.00094200957499254,-0.0223776458685948,0.0743771482779038,-0.0250566791658857,0.0918843375183801,0.226136619217063,0.0454524842473021,-0.225409736651766,-0.00705288558481702,-0.0660061416592242,0.100114181896538,-0.0142172752774255,0.216044214647908,-0.0141192328139043,-0.0354587547937616,-0.0814062980198457,0.083956489074838
"25",-0.0233598182980438,0.177170208692952,0.0708951799131514,-0.12875805820185,-0.104961557050533,-0.117612973031982,-0.171800944723141,0.0262735914398265,0.192351835308185,0.232467437615464,-0.1165682942266,0.0894735229673024,0.0688051430519111,-0.0438234290987792,-0.0516793260936153,0.0703540955792056,0.138782524248721,0.024944724689572,-0.151262284846966,-0.019359562963604,-0.148175531677763,-0.0604692200193727,0.111776343655976,-0.0749382713091927,1,-0.217665260726714,0.160859653416089,0.00840321983289707,-0.0369710549643487,0.127314918535774,-0.0914852103783577,-0.0163677529009833,-0.0121843296558657,-0.109948591817829,-0.0389341528466745,-0.150507118050917,0.015474185315106,-0.1461622841062,0.00425176963971296,-0.109723735140652,0.105196752061462,0.150887425636737,-0.0891459715551377,0.0528584171654373,0.153618432870995,0.160406682806394,-0.0699804123132051,0.0780741584706874,0.0393914825338766,-0.0130860726716354,0.0989923259986494,-0.065765428862107,0.144790902065889,-0.0880430959677094,-0.152727437861197,0.0225644497294566,0.170651887000189,-0.0321012553766011
"26",0.148706067386363,-0.049934947624834,0.0200040887631913,0.143728361789164,0.0013389797084736,0.0309723476902297,0.0965789185285497,-0.161947361210769,0.0526758058742588,-0.126339970685931,0.0926730834411135,-0.135932972492695,-0.32163539070098,0.071287832457749,0.0853143822363595,-0.0505418558391912,0.0354004681255108,0.217944093389538,-0.18277904030263,0.0267561919552857,0.0354018269040624,0.174064959288149,0.00953107956212307,-0.00269856194638133,-0.217665260726714,1,0.00364779167193878,0.0767889284763717,0.130607533305947,-0.158527964178146,0.0724982843916774,-0.0206931124375155,0.0397506702856179,0.184034756804531,0.0513347872951212,0.11062021122511,-0.0536396637806706,0.221300561274104,0.0781070638436576,0.054847887601655,-0.0544545259386047,-0.0121275698468764,0.159947141881824,0.0730938765837864,-0.0499581838391976,-0.0831336821452098,-0.00336059690989295,0.0723359885185302,-0.164663685940173,0.0574876952382686,-0.0625404562322749,-0.215285013264095,-0.141537884439432,-0.020607243429593,0.310974302045718,-0.00025874075927127,-0.0891162438792709,0.127064636130141
"27",-0.212608518147303,-0.0557076874610321,0.0296359103353102,-0.0271752712630133,0.0726810726029181,-0.129472942032796,-0.0190487801704655,-0.25927427848917,0.0414943090983212,-0.0265907230480357,-0.108352652380094,0.0195194940013487,-0.0683320144389928,-0.0597489755147819,-0.0171330442272668,-0.0164173359802156,0.103933186367998,0.124631771606247,0.0201679796909068,-0.0127531020231,-0.00972612561259826,-0.0415384858807188,0.0278494059700596,-0.101608730516887,0.160859653416089,0.00364779167193878,1,0.144687719517609,0.100453995067386,-0.0133805674535732,0.0107414898976748,-0.0070487557997603,-0.116837684157311,-0.20850883718264,-0.00655604904527297,-0.109360430896127,-0.042956118043752,-0.0282500168143009,0.0164369913577405,-0.112561253084086,-0.0278655429655648,0.0387655789326118,0.0412959585192437,-0.00369723266264917,0.0263879202015482,0.181499720320475,-0.119716985826463,-0.0167018724052706,-0.00882204806112075,-0.0321166633722066,0.146385193920654,-0.105046798832063,0.0459894337699089,-0.0227016749185843,0.0139910802080785,-0.143208126329905,0.210004574626247,-0.172956539746906
"28",-0.00472980311215548,-0.00361677029020975,-0.0394141973171764,-0.0935950974808314,-0.0492234833419905,-0.17765024262665,0.135444225617653,0.0429264843195305,-0.0599397578556538,0.0600108590427108,-0.0648547344131066,-0.135267883120851,0.0729229010320285,-0.00478239602305684,0.14465930184542,-0.130180304859538,0.0970267317485339,0.0832582821349886,-0.108352426366742,-0.0627032132101986,-0.0758185785232344,-0.102229380017042,-0.0620192392214008,0.0234966020221951,0.00840321983289707,0.0767889284763717,0.144687719517608,1,-0.163964289941702,0.0437568164986316,0.126008641932878,0.0407835304748117,-0.196585920927339,-0.0196086165420132,0.0952503904904687,0.0196655932614049,0.111322487994547,0.0967675788714567,0.179658800356442,0.115591206621877,0.0517663315846113,0.03704884464161,-0.0877795282863499,0.0891331764744233,0.0408343013169626,0.051947478159987,0.0743391746510018,0.0222922540709461,0.0300863810906745,0.0701641273103539,-0.161528696332935,-0.117771216961827,-0.173294340293339,0.0134034254239242,-0.107944561400391,-0.0440157160182022,-0.109461021238938,0.0203842585675363
"29",-0.0520595085565025,0.130552064869296,-0.188781417568725,-0.117928786645207,-0.281626855869007,0.0360544706309821,-0.152024871292547,-0.183491859297154,-0.0669792783821372,-0.172183026733576,0.016523778432094,0.174776186660263,-0.35828880855668,-0.00430232720076971,-0.0980668074692318,-0.0891344281391472,0.0500914305854422,0.0579597660433181,-0.0486562230421462,-0.101209866287339,0.0403147708129518,0.0253051195341521,-0.247999469936695,-0.118623573159397,-0.0369710549643487,0.130607533305947,0.100453995067386,-0.163964289941702,1,-0.00284879321086583,0.0389799419935915,-0.094109048635499,0.115050678341601,0.152383168404252,-0.176378452644336,-0.118083949101132,0.0175844716706697,-0.175298048861971,-0.0054447598208603,0.0407562277913179,-0.0956227210467154,0.0136836638149578,0.0616480782666722,0.143886423879141,0.100674895615344,0.0590060907527146,-0.341179009625652,-0.157678018056406,-0.112733730569004,0.205731119498993,-0.0912440661447457,-0.110000437036386,0.0553195562085467,0.125444303008988,0.121685966855983,0.115551793526832,-0.0381248475443762,-0.0558987898506419
"30",-0.0114889673677876,-0.0677808124136373,-0.131564580626896,-0.0949914244425344,-0.212543724347014,-0.143437869745966,-0.166914596724993,-0.137577062259756,0.11030358338159,0.100209894288131,-0.13887032661663,0.120689092714903,0.106754774980162,-0.0236526351798151,-0.0623432282487214,0.0749034661745244,-0.0108725593620658,-0.00166520672531856,0.144304526119346,0.00193396161376852,0.022505594111178,-0.204944902312494,-0.0803623730461424,0.108430802826213,0.127314918535774,-0.158527964178146,-0.0133805674535732,0.0437568164986316,-0.00284879321086583,1,0.0145027445177212,-0.234768520787768,-0.00523477076235345,-0.0120154261715824,-0.148810170999943,0.0395306665150859,0.115469108620691,-0.127436709129584,0.0905670912601094,-0.0368743648840825,-0.0301453657795708,0.139502971997951,0.0281136682196708,0.044023733535814,0.188130069080618,0.145399259061944,0.123023052626497,-0.0724601496578548,-0.034396232978365,-0.0123929117993531,-0.0605390952728356,0.0621858973185648,0.0433083927316732,0.144913883575428,-0.0441055301064538,0.202701910797584,-0.125398058673457,-0.0309865968299672
"31",-0.060114712569728,0.105006938947229,-0.0096330357832972,-0.127687025006035,-0.042409730024966,-0.0782146281595028,-0.0271841450141558,-0.104868685042688,0.0115293453098988,-0.101917476966222,0.0560449366672427,-0.0401755390998547,0.136190511186511,-0.0888899785479573,-0.0510832434313437,0.0431869177810523,0.113217941375582,0.025920143145865,0.403029573506597,0.185241169859365,-0.0792733615433237,-0.00312055469178654,-0.145121777858378,-0.0904866762269394,-0.0914852103783577,0.0724982843916774,0.0107414898976748,0.126008641932878,0.0389799419935915,0.0145027445177212,1,0.00018046327672711,0.0272975415373209,-0.0857752024839827,-0.0345936161311917,0.105422702893506,0.093862216154123,-0.018019520703263,-0.120309096350393,0.0139418504695221,-0.130172329793104,-0.0848689865581341,0.0273613497265183,0.0414312763347252,-0.0112119988374212,0.0507908154829191,0.0343697672600783,-0.129156749969576,0.0239540377488922,-0.094732323287833,-0.232421262493172,-0.0200266029471513,-0.177253680068693,0.191701376396104,-0.0215503718658308,0.0747519270881911,-0.071750225056795,0.0266582176705096
"32",0.0195994722564248,-0.220179203803316,0.189291409826127,-0.047472290288182,-0.0996236569682529,0.189669741030254,-0.097288998615766,-0.0402813789200859,-0.0457277099289109,0.0117364490088149,-0.00787400081481569,-0.00941274786358648,-0.0148334300584825,0.169753658047452,-0.0883172799929947,0.0409225614567659,0.0890150433672536,0.248056071726483,0.0553137288141385,0.202799940651391,-0.0723239153843221,-0.0822962879465161,-0.0468599274050679,0.0181523676502138,-0.0163677529009833,-0.0206931124375155,-0.0070487557997603,0.0407835304748117,-0.094109048635499,-0.234768520787768,0.00018046327672711,1,-0.0100891651861621,0.0582341597209862,0.0336978162795057,0.140936763329145,-0.113877361596931,0.0519629925093012,0.0434986597192801,0.139740106087936,-0.0370248148836895,0.0599300068093982,-0.0880651036373207,-0.107575195468858,-0.0895402537433582,-0.0673443013614484,0.186484191348241,0.099524029263562,-0.0136153820428138,0.133931959867675,-0.0130709503594453,-0.0341546487081822,-0.14964626160054,-0.139431513109429,-0.0688202871051433,-0.230173564395108,0.133541592759704,0.0109660160503972
"33",0.21494916911145,-0.0939166570796489,0.0644135624350065,-0.00233706871421086,0.0241934314787022,0.224104348029939,-0.034730704454717,-0.0210571378246503,0.0689944653936335,0.0416359301135637,0.127606108807096,0.181615035778535,-0.0938934121638786,-0.13807204996337,-0.0031207178077965,-0.0815517437377453,0.222749548548051,-0.0413134837569865,-0.070059942347946,0.112832263335082,-0.00841940513295683,0.0587581797148407,0.055615571302993,-0.164831507134911,-0.0121843296558657,0.0397506702856179,-0.116837684157311,-0.196585920927339,0.115050678341601,-0.00523477076235345,0.0272975415373209,-0.0100891651861621,1,0.00439266610145563,0.0409074071315062,-0.0512936088111002,-0.0110313107140058,0.00482972141989725,-0.00549446981072899,0.084406510986684,0.107884246901919,0.0521588688739674,-0.0549795739740247,0.0104839794855216,0.0516776194685601,-0.0521874520727832,-0.0101489359437258,0.128014262916672,0.00537173286889928,-0.0158221365804917,0.0507740177865054,0.0803709424322315,-0.075323964470473,0.221295735409109,-0.0984692677949671,0.225568511102346,-0.0571150107318968,0.215083257572483
"34",0.0169152324539815,0.095292762943456,-0.0755206737326269,-0.117192344300269,0.0261859657945241,-0.00968497422598999,-0.0682466372240938,-0.0757953281454866,0.168071996805781,-0.0388430424942911,0.0357766168559342,-0.0195231478281514,-0.0273111153261011,0.0539982917681584,-0.0724870676481048,0.0740827557110917,0.108481705498945,0.0336023992032946,-0.107351641357609,-0.0585495660564979,0.0202601578963698,0.0232928381786047,-0.0296997212311124,0.03842937926218,-0.109948591817829,0.184034756804531,-0.20850883718264,-0.0196086165420132,0.152383168404252,-0.0120154261715824,-0.0857752024839827,0.0582341597209862,0.00439266610145563,1,-0.0792516263911255,0.0259566984406063,-0.173982284591162,0.111850161930607,-0.125451792388291,0.146787290806123,0.0202156307012738,-0.0127387734640771,0.0378443889682445,0.135207747957872,-0.0359001132707884,-0.172893643771123,-0.0765782166209698,-0.0313876314994965,0.0738837899765308,0.0815188402352967,0.00161118616519457,0.225967223573696,0.118578195761388,0.0312745287732176,0.0113162113373011,0.00292751304438024,0.0305685537678037,-0.0995758439949917
"35",-0.00199461133446846,-0.13884316567946,0.039529814570788,-0.0451513850767686,0.0670843544114235,0.127854766487624,0.300480684227125,0.103984622121249,0.0176806622555372,0.0146527097410333,0.0780249327620072,-0.0483182659006968,0.155876540365783,-0.0833899529560204,0.0638161504466185,0.0196768747627354,0.141519378932579,0.0384625095238749,0.0523519095451113,0.0421159431157683,-0.0342282697302056,0.0828753622072007,0.0749328733655681,0.00872896084672307,-0.0389341528466745,0.0513347872951212,-0.00655604904527297,0.0952503904904687,-0.176378452644336,-0.148810170999943,-0.0345936161311917,0.0336978162795057,0.0409074071315062,-0.0792516263911255,1,0.167588843690354,0.0293302360034203,0.224480069443187,0.140604715156367,-0.144049162871384,0.00020124183370576,-0.0527587109229167,-0.0232260754806041,0.0699455039381703,-0.00191752015768392,-0.104849806509567,-0.0477862740941631,-0.0251963286092562,0.156362008803568,-0.10142031391515,0.0184443234416758,-0.0336186798280221,0.111764207524556,0.0602936297255263,-0.0894394667824564,-0.11609498376915,0.172952841087227,0.0494594057399281
