"","l_Insular.Cortex","r_Insular.Cortex","l_Amygdal.Area","r_Amygdal.Area","l_Bed.Nucleus.of.the.Stria.Terminalis","r_Bed.Nucleus.of.the.Stria.Terminalis","l_Hippocampus","r_Hippocampus","l_Orbitofrontal.cortex","r_Orbitofrontal.cortex","l_Entorhinal.Cortex","r_Entorhinal.Cortex","l_Frontal.Association.Cortex","r_Frontal.Association.Cortex","l_Globus.Pallidus","r_Globus.Pallidus","l_Glomerular.Layer.of.the.Accessory.Olfactory.Bulb","r_Glomerular.Layer.of.the.Accessory.Olfactory.Bulb","l_Glomerular.Layer.of.the.Olfactory.Bulb","r_Glomerular.Layer.of.the.Olfactory.Bulb","l_Granule.Cell.Level.of.the.Cerebellum","r_Granule.Cell.Level.of.the.Cerebellum","l_Hypothalamic.Region","r_Hypothalamic.Region","l_Entorhinal.Cortex","r_Entorhinal.Cortex","l_Vermix.Molecular.Layer.of.the.Cerebellum","r_Vermix.Molecular.Layer.of.the.Cerebellum","l_Lateral.Molecular.Layer.of.the.Cerebellum","r_Lateral.Molecular.Layer.of.the.Cerebellum","l_Anterior.Olfactory.Bulb","r_Anterior.Olfactory.Bulb","l_Posterior.Olfactory.Bulb","r_Posterior.Olfactory.Bulb","l_Subiculum","r_Subiculum","l_Perirhinal.Area","r_Perirhinal.Area","l_PreLimbic.System","r_PreLimbic.System","l_Primary.Cingular.Cortex","r_Primary.Cingular.Cortex","l_Primary.Motor.Cortex","r_Primary.Motor.Cortex","l_Retrosplenial.Cortex","r_Retrosplenial.Cortex","l_Secondary.Cingular.Cortex","r_Secondary.Cingular.Cortex","l_Secondary.Motor.Cortex","r_Secondary.Motor.Cortex","l_Striatum","r_Striatum","l_Ventral.Tegmental.Area","r_Ventral.Tegmental.Area","l_Substantia.Nigra","r_Substantia.Nigra","l_Thalamus","r_Thalamus"
"1",1,0.0834783142000355,0.138006314401826,0.104220073331545,0.0936468268532206,-0.0966040055100619,0.229431500222464,-0.0990373861166474,0.0984072686352043,0.0557944314659138,0.173985554262495,-0.0539822858963199,-0.0133596263750169,0.137822777285683,-0.00753469414899097,-0.035479677798675,0.0108582203107409,0.0877901915559019,0.152478466078074,0.0402103848828499,0.0791601108397088,-0.152467292040648,-0.044564843954511,-0.0924544542795269,-0.0433493955179294,0.053142780802988,-0.0766291394649969,0.094365676918418,0.1098022769779,-0.015235387215332,0.0407709671775223,0.059345535108701,-0.097318510156502,0.169760449130845,0.194712520005055,0.0848390816595329,-0.0125814742259879,0.139861039048553,0.30275726561713,0.0397315676913021,0.0642975183447135,-0.0580029035572906,0.0830698839358926,-0.0887473653660708,0.0356756867517953,-0.128580301858557,0.112643134611163,0.0961447105938783,0.0475599924141944,-0.0441844882083578,0.0527363650603159,-0.00409267494559333,0.0328169580405942,-0.0458708374701167,0.104050856156554,-0.0203961099479841,-0.0225474559221025,-0.0929317051588531
"2",0.0834783142000355,1,-0.0195865554057379,-0.132640437910002,0.120720236587479,0.0428815060264256,0.131159894431115,0.0643509243020527,0.0279826705609318,0.122086813070286,-0.00850085977001154,0.00778287424842976,0.0236834620642731,0.183076344789491,0.250264808338777,0.128861176884911,0.0828342945073125,0.244040860188575,-0.12011683424136,-0.0424804463210718,-0.0696952430501597,-0.0517224694789281,0.13027195170708,0.0290480903064781,-0.0613626084441538,0.160875232079825,0.187042991881898,0.223240829341611,0.18236078045069,-0.151432682052967,0.0863049559039529,-0.00304555248089704,-0.0968135927384246,0.112860072160507,-0.120395122520019,-0.187852623365358,0.0101116933313002,-0.0665112408249638,0.0263673658250315,0.0267523744754541,0.120281437307811,0.0904902709453238,0.123725807977708,0.103710474283175,-0.0459153218795015,0.220046818194899,0.0781930438337164,-0.0351689817307097,0.0790681988870861,0.126171673280159,0.0749316463371602,0.11984987127914,0.117861213037353,0.154314533771134,-0.0499116010427746,-0.198822210101722,0.00572887017128203,0.117093357651718
"3",0.138006314401826,-0.0195865554057379,1,0.156650439791747,-0.0663072038576966,0.237220788220021,0.110131281589956,0.0139947150118091,0.0765958126103107,0.217780922127738,0.124058746977625,0.0024242859011893,0.217069020812742,-0.112608117310792,0.0170538315443393,-0.096821472278034,0.0504539848844227,-0.0848286421069225,-0.0701162241314623,0.0788758002211574,-0.00619418233416873,0.142917033784257,0.0368864464229446,0.159411422513189,0.236246760040357,0.105927780800657,-0.110278624929889,0.230662143839624,0.0107386188473289,0.0196428184665339,-0.249301656109883,0.135418998385067,0.0254058349043953,0.14572841997173,-0.20023021255441,0.0301448675318436,-0.0105652201488839,-0.0607146856317736,-0.0754694271381183,0.0187325245664867,-0.0803802822115484,-0.130511298741211,0.156066764111403,0.0128190032457595,-0.0692871068090819,0.0900801916390912,-0.0495258219368615,0.072417337586369,0.032082596499526,-0.0786181607352101,-0.0495293842237745,0.109380653758524,-0.0320322067465189,-0.0427920987812494,0.0572772769831941,0.0135964787573865,-0.0473185067280116,0.0904467224263338
"4",0.104220073331545,-0.132640437910002,0.156650439791747,1,0.0432004835720509,0.0745725515102262,0.0466506579776297,0.219593636255116,0.0214925578842514,-0.00486234445270039,0.0209625852452077,0.0707265676924634,0.112458940761547,-0.143063072911392,-0.0379518012696229,0.138987014720031,0.200128470150912,-0.0171225156823065,-0.0230864053088236,-0.0407502563439434,0.0315645329798944,0.0463167784825799,0.146053782537172,0.0705265684185037,0.00145302121820008,0.190550545767684,0.121347220908011,0.0636621418601806,-0.0847742262515028,0.188089680648171,0.0233458368643919,-0.118808611879824,0.0862492117261894,-0.0586687117055257,-0.160135385625801,0.0564967162747258,-0.12253193457689,-0.131005440798961,0.149198108734026,0.0901429764083717,0.00090608056429193,-0.115575336737053,0.0803849109463722,0.0171120563999251,0.245926441411884,0.0324646156939905,-0.0269271527648692,0.057431329323057,0.0626377087158301,-0.0588327466817609,-0.0227856166746433,-0.0344657457019432,-0.0757252047425633,-0.079122507556553,0.160780519163428,0.117968105083535,-0.114243379595606,-0.0775334200506378
"5",0.0936468268532206,0.120720236587479,-0.0663072038576966,0.0432004835720509,1,-0.0862416759312095,-0.0748145315456551,-0.0699371135729763,0.153131338745872,0.0133461850830729,0.1188068414667,0.255123895132135,-0.248765084778984,0.152155593614245,0.0132598120216701,-0.0894417756738245,0.0413645887903955,0.0887713490737772,-0.073055846231644,0.0658872341236049,0.0301164546616815,0.0216268735553367,0.20327872893787,0.00076221881168477,-0.129187273427963,0.0733224728226525,0.158005388206253,-0.0515178081771167,0.0786669022605397,0.0141389997616033,-0.0603582013106549,-0.0204414670549941,-0.0772292073862104,-0.0593578301534939,0.0638304325809745,-0.0233979966325259,-0.0311217426215289,0.0997898770246382,0.0195264607074576,0.248505849336418,-0.0866687673095964,-0.0398755082462465,-0.070857033893243,-0.00775399664659993,-0.00044075591224201,0.112176194695558,-0.0646082001690805,-0.060657712520101,-0.0583775367048184,0.0154762908283927,0.150476054177144,-0.0711644141314244,0.101987360431074,0.0760965444570426,-0.0945220940184626,-0.0663715710963812,0.0483149456594042,-0.0631884482544346
"6",-0.0966040055100619,0.0428815060264256,0.237220788220021,0.0745725515102262,-0.0862416759312095,1,0.157879534308659,0.0210189514494487,-0.22790045643505,0.0717473411931691,0.139826623812945,-0.0139244743816334,0.215620888472818,-0.106786728346219,0.0768828995859215,0.0491362987311445,0.12628956561115,-0.0116405110264038,-0.0690622465797277,0.0767338653777855,-0.10096449377675,0.16594143873327,0.197548625045988,0.0485962067994455,0.245381841207823,-0.0581198652786118,0.121482741417494,0.102199400095833,-0.145441399614963,0.207896426735566,0.00642851626722457,0.0545966813159176,-0.176801525573207,-0.0292224000587615,-0.220393676322524,-0.0277635594426886,-0.220349230440853,0.151560790866818,-0.0771325006499613,-0.00766087713701654,0.181115413622006,0.0389780573506121,-0.113972556299981,-0.0471171128449586,-0.0547392815806691,0.101138858885683,0.108150685620961,0.0541905597736135,0.116034323557404,0.00111371569525185,0.201498464771761,0.174622735266289,0.0859535832245614,-0.0434560016348253,0.0860426789150542,-0.0603364274375472,-0.16045226683877,0.172257113135598
"7",0.229431500222464,0.131159894431115,0.110131281589956,0.0466506579776297,-0.0748145315456551,0.157879534308659,1,-0.00108428745997536,-0.0804495159764703,0.0264847551736738,0.100386592849038,0.0470561706290098,0.110879127729749,0.0533097978148309,0.18924855197737,0.0988289629687696,0.19822403697739,0.195015485265684,0.145134462781489,0.0401945207461211,-0.00304582092288291,0.0247175112172284,0.221084721772196,0.152010061894891,0.101052956684801,0.0614515899350168,0.0382621172579867,0.0881711483451057,0.104004745809376,0.0341110411767991,0.117571857365161,0.0442524490377215,-0.0542997061272481,-0.00756269771080367,0.0899135260913905,-0.0450847638305907,-0.110778138782096,0.0891888291628334,-0.0509826497653217,-0.205138133309018,-0.147663426334187,-0.105164833049388,-0.0253499343947618,-0.038062580019958,-0.255647282513369,0.0768457902102496,0.064524225432009,0.238701031589172,0.0631004705733224,-0.0317605149619823,0.156588048309684,0.155181793897413,0.0921101690546865,0.0954748547970208,-0.0427952696363627,-0.0734050119872826,-0.0934044880415315,0.0300238642913614
"8",-0.0990373861166474,0.0643509243020527,0.0139947150118091,0.219593636255116,-0.0699371135729763,0.0210189514494487,-0.00108428745997536,1,-0.0433569543800575,0.10119792568575,-0.0835503326392554,0.00945462360552223,0.295612694439474,0.0315668509964051,-0.0537233154848654,-0.0723536559778502,0.140344947951424,0.0266114404589927,0.0466879716908923,0.0928281827104648,-0.138932150916063,-0.0838360068626073,0.213322050612019,-0.00536696659295101,0.170853719846469,0.136911246666166,0.0455326733574124,0.151075079141351,0.0238673599426916,-0.0645111615711403,0.151139379066907,0.286164178639897,0.020515879019553,0.141427242803267,-0.0829639435057426,0.201526519513274,-0.0979004188779922,-0.158905307957648,-0.00162430286741426,0.0334885473436505,-0.102985002952928,-0.104285703900405,0.125660168829678,-0.10857313930954,-0.128464502622609,0.211215571989963,0.139992081492874,0.015286421383288,0.08960439818212,-0.0116975906376794,-0.23298871706402,-0.279407703855307,0.169447167343597,0.00326408076157714,0.243189603690386,-0.0317268033430768,-0.108583301927295,0.0160825461465769
"9",0.0984072686352043,0.0279826705609318,0.0765958126103107,0.0214925578842514,0.153131338745872,-0.22790045643505,-0.0804495159764703,-0.0433569543800575,1,0.0660474550680306,-0.00697591657084912,0.0641037206943683,-0.0742416683636896,0.19946462540175,-0.0521909275234984,-0.231640832873521,0.232261200584313,0.0778083132586054,-0.0967523659041161,-0.0657943637068478,-0.0528399249574893,-0.00207314406624577,0.0136853314782562,-0.0053258393784623,0.0322837821572507,0.0976227651465781,0.00031586966164602,0.0119269918609565,0.116738687991343,-0.0846510009370514,-0.289004145060544,-0.131409213971302,0.00977723150075484,0.0716582386077515,0.100798946028855,-0.0331175599853824,-0.0902862681839302,-0.0225968682582036,0.125847139808147,0.169300921362172,0.0174106639542182,0.122142310545282,0.274375490086669,-0.189572065151984,0.0978298560309562,0.0880037657635119,0.0188787819851097,-0.147292547065343,-0.0812849953084087,0.091226707623531,-0.117522948074157,-0.080549430286124,-0.0223822662441495,-0.0257659278088979,-0.133357468997155,0.0839523461272376,-0.0404881991830473,-0.0823610763574306
"10",0.0557944314659138,0.122086813070286,0.217780922127738,-0.00486234445270039,0.0133461850830729,0.0717473411931691,0.0264847551736738,0.10119792568575,0.0660474550680306,1,0.0256180606242633,0.028366709130104,0.197948925018243,0.233210858461538,-0.0302889628843565,-0.0126799481521547,0.133404754361839,0.126811014688818,0.0646846292827275,-0.0390062004370795,-0.0763666024588798,0.259093670972826,0.0049104130146194,0.110795400972363,0.177003569233915,0.167068524504111,-0.0300170891042898,0.0117564958150021,0.139461646248467,0.196273003198314,0.0470445361321771,0.0170741580192891,-0.046284214149383,0.27125656331904,-0.10887640494616,-0.0798874284015588,-0.179952514144431,-0.121116061387598,0.00960062326537947,0.157508806944285,0.00111152544340276,0.0357378504169531,-0.0923623388236188,-0.0183080993641238,-0.026139893062863,0.144404891366053,0.011627692071728,-0.0526032388427813,0.0265466411596379,0.130448430985583,-0.0532794604588289,0.0884160402632163,0.103916686796612,-0.197496624296306,-0.0664785021473909,-0.171056405326444,-0.124622833986235,0.0824621416873828
"11",0.173985554262495,-0.00850085977001154,0.124058746977625,0.0209625852452077,0.1188068414667,0.139826623812945,0.100386592849038,-0.0835503326392554,-0.00697591657084912,0.0256180606242633,1,-0.103919354377356,0.00899708158044624,-0.00656024518899474,0.129126190410631,0.0403397816682461,-0.0657490591138532,-0.10966002191644,0.107193825177822,-0.101000053977253,0.131299702514729,0.0411691691990802,-0.00534027748269827,-0.0684509797484429,-0.16775665100976,-0.0244269839619795,0.0300260861970194,0.0939093593686188,0.105823505538735,0.110662902288962,-0.0809474113522767,-0.0295645340410998,-0.160363970395322,0.0203744572557215,0.141482176975486,-0.0513527386968265,-0.163720426173531,0.143797249987714,-0.0141595645813594,-0.0116670734633533,-0.10288978912256,0.21842394760815,-0.0926330486941409,0.0870972978360214,-0.00200827566258226,0.0460169400234359,0.171823141255527,0.0507686229241215,-0.124421557410551,0.230859327778212,0.0653057678349869,0.0478375636310975,0.0465304002374872,0.0206864224060176,0.0790092240905431,-0.0635090916138415,-0.0593855679752784,0.0378558878032261
"12",-0.0539822858963199,0.00778287424842976,0.0024242859011893,0.0707265676924634,0.255123895132135,-0.0139244743816334,0.0470561706290098,0.00945462360552222,0.0641037206943683,0.028366709130104,-0.103919354377356,1,-0.109520142262184,-0.0634020021384533,0.00431880599481043,0.00756876710622715,0.00029306688367948,0.00601243625710324,-0.171846230684003,0.0181912593550027,0.109137428262381,-0.0411897072739206,-0.110866881764977,-0.104356430070867,0.0124667441970885,-0.101092609241877,0.0457952864576991,0.00940369924269614,-0.0435640798358614,0.203611777206276,-0.216746717262086,-0.0682035941011226,0.0462571771034842,0.217590336366033,-0.113519188750938,0.0315584307392355,-0.176844433651451,0.00884089409397316,-0.00862415320822472,-0.033819686009839,-0.156889357901698,-0.153254559573112,-0.0116563766219908,-0.055771787323748,-0.034303749565475,0.0339625518347218,-0.099619210665018,-0.0709398687721355,-0.111280836170031,-0.108419044714033,0.230658263979678,0.0626484477597508,-0.0184366124063923,0.0761713102271909,-0.068666001322463,-0.0264352268400503,-0.103979442688242,-0.0311122033049672
"13",-0.0133596263750169,0.0236834620642731,0.217069020812742,0.112458940761547,-0.248765084778984,0.215620888472818,0.110879127729749,0.295612694439474,-0.0742416683636896,0.197948925018243,0.00899708158044624,-0.109520142262184,1,0.0815646007126304,-0.0922480485849946,0.00508828282207528,0.13674113218143,0.0186739016654989,-0.087938854935238,0.0534576547073156,0.0116476170524594,0.106126466862153,0.222781289414805,-0.150364481716241,0.282231695157807,-0.0108291655840494,-0.175431460178828,0.0616972188747874,0.0605179299286417,-0.114008972616384,0.0029648659362608,0.100961650205781,-0.0597429090856001,0.189130602795992,-0.107618411347596,-0.00098168182554324,-0.0795047336812767,0.0279336426715808,-0.0701450530836545,-0.0245832460659292,-0.00478028649523288,-0.0163232645918794,0.184141735212177,0.0158566618146511,-0.00616623899401482,0.109913542424897,0.0198994043252039,-0.0087129519129773,0.489285668929769,0.0322989091421393,0.0083301912292177,-0.0577125828254925,0.00262122908308251,0.015406615940565,0.0773375845642125,0.0318373555937041,-0.0647097659663829,0.12099055431687
"14",0.137822777285683,0.183076344789491,-0.112608117310792,-0.143063072911392,0.152155593614245,-0.106786728346219,0.0533097978148309,0.0315668509964052,0.19946462540175,0.233210858461538,-0.00656024518899474,-0.0634020021384533,0.0815646007126304,1,0.0550459297699335,0.115039887771441,0.0622603492414919,0.369036354397604,-0.127179306476297,-0.123860866177947,-0.20358896879738,0.0195943801336536,0.214387617094958,-0.0397106218601518,-0.0887596019762317,-0.0535454628857248,-0.17864159991137,-0.11217623016403,0.330382359177894,0.0174296733195211,-0.0971868037178888,-0.0673098236305339,-0.00420660832755762,0.0224299356234776,0.0611769279796061,-0.0835921056322866,-0.0764788637991019,-0.060822890103877,0.0686813025772569,0.0398242262650441,-0.126595340794122,-0.0731456598671133,0.0722440944045022,-0.0849678900341193,-0.138531362975908,0.0692556293272377,0.110123011605571,-0.0560602776120787,0.0816054924469849,0.306669693809402,-0.0561765047556277,-0.0207974497520469,-0.0334627458962545,-0.0748537451436382,-0.110910371149754,-0.198904723572558,0.119096246306694,0.0484545945566991
"15",-0.00753469414899097,0.250264808338777,0.0170538315443393,-0.0379518012696229,0.0132598120216701,0.0768828995859215,0.18924855197737,-0.0537233154848654,-0.0521909275234984,-0.0302889628843565,0.129126190410631,0.00431880599481042,-0.0922480485849946,0.0550459297699335,1,0.0797129995826852,-0.121178475778934,0.106568249079207,-0.119738939669774,0.123282207654838,-0.0498131901728028,0.123317598352818,0.0898882415993119,0.0628442225884466,-0.0365027395142586,-0.0142402155160963,0.169702599889039,0.0811956768421593,-0.0482481591653441,0.0205081401849089,-0.0623885756418143,0.12605759891821,0.0599090434603258,0.181884100172763,0.0230207496874805,-0.163517493115188,-0.0565963087445263,-0.024016316809246,0.0594541926524843,-0.0154012173760439,-0.0277630045417776,0.0701341808464395,-0.0406240743303728,-0.0417022263217171,-0.0929251176897673,0.0769434451099607,-0.106230145900597,0.0264901302139913,0.0588549713673347,0.0672442112046765,0.163519116389229,0.0913419775434539,0.0771937970213695,0.00938612975603401,0.0803145930433396,0.124566168814477,-0.125929449834226,-0.0437367309500475
"16",-0.035479677798675,0.128861176884911,-0.096821472278034,0.138987014720031,-0.0894417756738245,0.0491362987311445,0.0988289629687695,-0.0723536559778502,-0.231640832873521,-0.0126799481521547,0.0403397816682461,0.00756876710622715,0.00508828282207528,0.115039887771441,0.0797129995826852,1,-0.11203234558056,-0.146189294736356,0.0922189065547119,-0.0338201081801002,-0.0418922652557438,0.0575675767146684,-0.0669286768669752,-0.0492062754525993,-0.0943737443566206,0.00767750560062043,-0.0309781579730621,-0.0508334247005495,0.260841701331567,0.114539901548478,0.204721805851057,-0.0964612812787796,0.00581033553571078,-0.0684315625027826,-0.0618508549630612,-0.119530896771896,-0.0224234094395971,0.184250876271678,0.0336205675441145,-0.188615113819659,-0.0291108474903599,0.0281959155174853,-0.0692374225527874,0.014352255506323,0.0687701317287014,-0.0950741386977722,-0.125024881886629,0.10252382145017,-0.0061203272489744,0.00149690729226493,0.149225152837983,0.169210994662921,-0.0581597162569633,-0.0794685872507162,0.00025415955624754,-0.0837708405959584,-0.152176167508372,0.131696540615882
"17",0.0108582203107409,0.0828342945073125,0.0504539848844227,0.200128470150912,0.0413645887903955,0.12628956561115,0.19822403697739,0.140344947951424,0.232261200584313,0.133404754361839,-0.0657490591138532,0.00029306688367948,0.13674113218143,0.0622603492414919,-0.121178475778934,-0.11203234558056,1,0.170399472180681,-0.00678947142073311,-0.0318884945752758,-0.191107119334147,0.152228577716445,0.293475696420067,0.0549479940736384,0.177515277873242,0.253626348816912,0.0630651724761725,0.0545733994795778,0.0509406510177405,0.038402778784775,0.131791915959239,-0.153394524741104,-0.143133388221428,0.00830108532900441,0.00401219381903251,-0.0136836597090752,-0.0927594784921496,-0.0247627225607215,-0.138741629407956,0.171709771697501,-0.212155108828604,-0.00970555871466004,-0.015258013492698,-0.166962899507014,0.117962764766505,0.0402040022451938,0.046584203306729,-0.148276180000734,-0.0285143822481733,-0.0679108561547877,-0.117761161280424,-0.0746462182389344,0.0369854616751953,-0.0943343615305682,0.0966990049248381,0.133822361885377,-0.0380992892790687,-0.00435898622175758
"18",0.0877901915559019,0.244040860188575,-0.0848286421069225,-0.0171225156823065,0.0887713490737772,-0.0116405110264038,0.195015485265684,0.0266114404589927,0.0778083132586054,0.126811014688818,-0.10966002191644,0.00601243625710324,0.0186739016654989,0.369036354397604,0.106568249079207,-0.146189294736356,0.170399472180681,1,-0.0214989335193265,-0.0783444914174903,-0.135587893515322,0.20716216801742,0.315053337451044,0.0557593682746185,-0.125769171665835,0.0869184357973497,-0.118551137480078,0.0759733187195314,-0.0466122255187515,0.121938871993298,0.0217672738179762,-0.0471022649316098,-0.0881816290965286,0.0773743552356352,-0.1473525606294,-0.109698026849411,-0.182726820274973,-0.0796817279142016,-0.0415070089400683,0.0392561187471818,-0.100658303242572,-0.0233711898795009,-0.0426242157554488,-0.197200867269936,-0.20774883502428,0.183327233795093,-0.0764620840535037,-0.122843581368095,-0.0470152883902791,0.289920620517172,0.063732897118862,0.0509517706991409,0.014939904839845,-0.0668859531487477,0.0258490712928901,-0.0717181922134014,0.164093810096151,-0.0330790437078774
"19",0.152478466078074,-0.12011683424136,-0.0701162241314623,-0.0230864053088236,-0.073055846231644,-0.0690622465797277,0.145134462781489,0.0466879716908923,-0.0967523659041161,0.0646846292827275,0.107193825177822,-0.171846230684003,-0.087938854935238,-0.127179306476297,-0.119738939669774,0.0922189065547119,-0.00678947142073311,-0.0214989335193265,1,0.0418033372691916,-0.0724568442424747,-0.115457787396733,-0.0925320668978924,0.0198199702209325,0.0757541985797781,0.0339781219136112,0.0165792041308568,-0.0129077041783572,0.0962201799600787,-0.00381778169486774,0.433872653480632,0.0866155083371816,0.117364475942949,0.0371108911937067,0.155830588140854,-0.00751309205164156,0.159571203120338,0.0318654080076108,-0.0335163134758135,-0.157803694401805,-0.183996430532805,0.113644077776723,-0.0845054532957153,-0.0468999544655023,0.0698691876490364,-0.0442220293815991,-0.0245155359392447,0.265396058299834,-0.123163922725169,0.0884230508242764,-0.0223036138381475,-0.211538079247866,0.0315601619176302,-0.119105720027508,0.110665032553183,0.0231361100933636,-0.162751802086512,-0.113470770257081
"20",0.0402103848828499,-0.0424804463210718,0.0788758002211574,-0.0407502563439434,0.0658872341236049,0.0767338653777855,0.0401945207461211,0.0928281827104648,-0.0657943637068478,-0.0390062004370795,-0.101000053977253,0.0181912593550027,0.0534576547073156,-0.123860866177947,0.123282207654838,-0.0338201081801002,-0.0318884945752758,-0.0783444914174903,0.0418033372691916,1,0.124778204957418,-0.00568433916474249,0.0811326744301078,0.132649695599923,0.154657668775648,0.0484052166805775,-0.027666661436814,0.206776771857911,-0.0341482391936288,-0.120971306825976,0.220361492854425,0.386786271383548,0.218245347524103,0.0502630862601343,0.053459193909353,0.0406532370217098,0.0787690987448032,0.0544827042425548,0.282437467778788,0.115190094106414,0.051794328073849,-0.0167456480436154,0.0697113190662549,-0.0250718708285982,-0.121574538495674,-0.119579620423567,-0.0466068991775376,-0.0946280302904766,0.0845579029815977,-0.057271219462557,0.00164173406399267,0.0473729727102978,0.0909969690021113,0.063571144999252,0.1382094532051,0.0343615078074357,-0.0173404490127495,0.00324511601715561
"21",0.0791601108397088,-0.0696952430501597,-0.00619418233416873,0.0315645329798944,0.0301164546616815,-0.10096449377675,-0.00304582092288291,-0.138932150916063,-0.0528399249574893,-0.0763666024588798,0.131299702514729,0.109137428262381,0.0116476170524595,-0.20358896879738,-0.0498131901728028,-0.0418922652557438,-0.191107119334147,-0.135587893515322,-0.0724568442424747,0.124778204957418,1,-0.0370965394227281,-0.218605331788146,0.00463873928099778,-0.0697060489312079,-0.136770807349158,0.120650778366535,-0.0284278901801907,0.0630617855706814,0.147267208092889,-0.117880509379598,0.187464925694256,-0.0436268190930352,-0.0278020216287482,-0.0146245584766901,-0.1567521631337,0.0453828265332204,0.0403253456354971,0.0146079707030732,-0.0136840669896921,-0.00705751012310587,-0.0262583105519925,0.0572503144785033,0.0202724241048509,0.123794378831513,0.0180498799523223,-0.0249480418053001,-0.18450860173737,-0.00591916981727917,0.0293828647170839,-0.0733605722688038,0.0327874233261959,0.0340946922659759,-0.0437057434611479,-0.138124049916851,0.0673953506046323,0.126214442484778,-0.115053867434492
"22",-0.152467292040648,-0.0517224694789281,0.142917033784257,0.0463167784825799,0.0216268735553367,0.16594143873327,0.0247175112172284,-0.0838360068626073,-0.00207314406624577,0.259093670972826,0.0411691691990802,-0.0411897072739206,0.106126466862153,0.0195943801336536,0.123317598352818,0.0575675767146684,0.152228577716445,0.20716216801742,-0.115457787396733,-0.00568433916474249,-0.0370965394227281,1,0.0287989789016107,0.178148981191528,0.0973941662643462,0.227239728449921,-0.0217839878841368,0.0663696589082365,-0.0149430584344279,0.170907957028794,-0.0348292719066208,-0.0170448086240803,-0.00969714190607693,0.105940390278489,-0.126273635168328,-0.201932970249448,-0.107970098654178,0.0858922990126919,-0.0267603919138437,0.074178175966744,-0.169373133090869,-0.149675657028734,-0.183210812882076,-0.0258948774355885,-0.00321757852467671,-0.0515648450122452,-0.0519926497546328,-0.158344737291191,-0.10559780616861,0.00837591261296194,-0.0703200717180597,0.188758033398316,-0.00710069944062688,-0.108703377673224,0.0419983119759023,0.0589833775810648,-0.0440574945845747,-0.0743132227603392
"23",-0.044564843954511,0.13027195170708,0.0368864464229446,0.146053782537172,0.20327872893787,0.197548625045988,0.221084721772196,0.213322050612019,0.0136853314782562,0.0049104130146194,-0.00534027748269827,-0.110866881764977,0.222781289414805,0.214387617094958,0.0898882415993119,-0.0669286768669752,0.293475696420067,0.315053337451044,-0.0925320668978924,0.0811326744301078,-0.218605331788146,0.0287989789016107,1,0.0957153856225862,0.0994195596134864,0.140671419586009,-0.0801684868291316,0.218144752060447,0.0752589412846475,-0.0733678270827812,-0.0145089802225151,0.0754508469218962,-0.0267789711770779,-0.0396946307872031,-0.0873461433063752,0.0115483101187213,0.00828059827212428,-0.0832533285063327,-0.0101393251192788,0.206433217576801,0.0640375704422037,-0.103761752111843,-0.0423024435832782,0.0770734582761238,-0.156397244480225,0.222115772539255,0.0394962133003038,-0.0454540689785853,0.246302160263881,-0.0205527180938569,-0.0591297544322441,0.044034635028594,0.155914798415782,0.182413076299446,0.154340061719887,0.00728885219798984,0.138457789074682,0.0690424532799046
"24",-0.0924544542795269,0.0290480903064781,0.159411422513189,0.0705265684185037,0.00076221881168477,0.0485962067994455,0.152010061894891,-0.00536696659295102,-0.0053258393784623,0.110795400972363,-0.068450979748443,-0.104356430070867,-0.150364481716241,-0.0397106218601518,0.0628442225884466,-0.0492062754525993,0.0549479940736384,0.0557593682746185,0.0198199702209325,0.132649695599923,0.00463873928099778,0.178148981191528,0.0957153856225862,1,0.126415997633652,0.0760210391645918,0.194555948312793,0.234787178173571,0.00614669834422209,0.0285015078233309,0.130573212651319,-0.0941577721663465,0.0208276807431036,-0.0656898878265056,-0.00947602915603152,0.0491637347249527,0.14559132742141,0.00544895241463731,0.0178348322002084,-0.0466173135992121,0.0256839314792913,-0.165125817604164,-0.0780423314815293,0.0580464055832843,-0.0666084553580679,0.110872531659444,-0.118255918523026,-0.0792900502180276,-0.153740824214994,-0.0978349721639887,-0.0793719208758837,0.125280369903145,-0.0269309519967334,0.0382115304514591,0.170975458792248,0.0361700709667739,-0.0367834331973556,-0.0143343400922364
"25",-0.0433493955179294,-0.0613626084441538,0.236246760040357,0.00145302121820008,-0.129187273427963,0.245381841207823,0.101052956684801,0.170853719846469,0.0322837821572507,0.177003569233915,-0.16775665100976,0.0124667441970885,0.282231695157807,-0.0887596019762316,-0.0365027395142586,-0.0943737443566206,0.177515277873242,-0.125769171665835,0.075754198579778,0.154657668775648,-0.0697060489312079,0.0973941662643462,0.0994195596134864,0.126415997633652,1,0.258600090114698,0.108476184974591,0.0110116923758043,-0.0280259208552516,-0.00474163744948006,0.0628837849902548,0.113136042162228,-0.0596954279007715,0.10573029808524,-0.0754354395481438,0.0842751307126931,-0.0189013698157369,0.0556621645542203,0.0335232020000508,-0.0834844347057147,0.0141834694128786,-0.0391378860598062,0.154551959926338,0.00654808156511351,0.15195237166643,0.0293138870529289,0.00680479917719662,0.0044020288852939,0.196896093928291,-0.168716711278979,-0.0711990697541669,-0.0446282337828071,-0.132619320185644,0.0302411159726101,0.184336739496159,0.130431309938125,-0.0795223827385987,0.0341901189621378
"26",0.053142780802988,0.160875232079825,0.105927780800657,0.190550545767684,0.0733224728226525,-0.0581198652786118,0.0614515899350168,0.136911246666166,0.0976227651465781,0.167068524504111,-0.0244269839619795,-0.101092609241877,-0.0108291655840494,-0.0535454628857248,-0.0142402155160963,0.00767750560062043,0.253626348816912,0.0869184357973497,0.0339781219136112,0.0484052166805775,-0.136770807349158,0.227239728449921,0.140671419586009,0.0760210391645918,0.258600090114698,1,0.0853394262267876,0.0865299545995703,0.160371726796872,-0.0265769544555564,0.260016073743512,-0.053218294481039,0.0950344136953831,-0.0320452464167406,-0.0422055535233899,0.123521970202242,-0.132929641443483,0.0510709334055063,0.183633326170628,0.0341333791033639,0.0519984587140311,-0.0337360589607177,0.0366924249194774,0.187223622012272,0.0647636824866794,-0.0183036677564725,-0.0332313626961021,-0.0483369564389288,-0.107548401101358,-0.0359262028357697,-0.0630808598924754,-0.0032961512527435,0.0561646175927748,0.101359248165941,0.164589785229215,0.142061306578213,0.273856558641369,-0.116289280595033
"27",-0.0766291394649969,0.187042991881898,-0.110278624929889,0.121347220908011,0.158005388206253,0.121482741417494,0.0382621172579867,0.0455326733574124,0.00031586966164602,-0.0300170891042898,0.0300260861970194,0.0457952864576991,-0.175431460178828,-0.17864159991137,0.169702599889039,-0.0309781579730621,0.0630651724761724,-0.118551137480078,0.0165792041308568,-0.027666661436814,0.120650778366535,-0.0217839878841368,-0.0801684868291316,0.194555948312793,0.108476184974591,0.0853394262267876,1,-0.00721864456360097,0.0648161419280294,-0.0330562429101004,0.185437781152038,0.0813240521159192,-0.0138974888396701,-0.0459954427195823,-0.121350188225676,-0.0811925719392484,-0.025473489124354,0.117542553050005,-0.0291067069393078,0.0664970107344981,0.0407667142735553,0.0731353674329832,-0.120151258496784,0.0453849779798561,0.0534231642257394,0.124394397185295,-0.00517152386325685,-0.00962156205843622,0.0714102131938282,0.0281697829384121,0.0668961661064201,-0.0722024508676345,0.19812019947914,-0.0698115026517732,-0.124271240139448,-0.170950446162384,0.00551973895238161,-0.156394410719016
"28",0.094365676918418,0.223240829341611,0.230662143839624,0.0636621418601806,-0.0515178081771167,0.102199400095833,0.0881711483451057,0.151075079141351,0.0119269918609565,0.0117564958150021,0.0939093593686188,0.00940369924269614,0.0616972188747874,-0.11217623016403,0.0811956768421593,-0.0508334247005495,0.0545733994795778,0.0759733187195314,-0.0129077041783572,0.206776771857911,-0.0284278901801907,0.0663696589082365,0.218144752060447,0.234787178173571,0.0110116923758043,0.0865299545995703,-0.00721864456360097,1,-0.103775690439324,-0.224447096748158,0.101404193604501,0.191292310649067,-0.0776737200282695,0.0437707998852724,0.00188161961144715,0.103539727855786,0.0946292594892322,-0.00431259299274299,0.015516779409767,-0.0270224469000887,0.139379710416115,0.0303038989608928,0.0473598461455021,0.152979053782221,-0.159466520554318,0.13340910418743,0.0712283839852735,-0.126849864697421,-0.00080067401774746,-0.0582009111653106,-0.0163990769257572,0.00931353609044381,0.0384012027563749,0.0433215929900027,0.251888318367071,-0.160726651363043,-0.0304667476799323,0.0362270510613044
"29",0.1098022769779,0.18236078045069,0.0107386188473289,-0.0847742262515028,0.0786669022605397,-0.145441399614963,0.104004745809376,0.0238673599426916,0.116738687991343,0.139461646248467,0.105823505538735,-0.0435640798358614,0.0605179299286417,0.330382359177894,-0.0482481591653441,0.260841701331567,0.0509406510177405,-0.0466122255187515,0.0962201799600787,-0.0341482391936288,0.0630617855706814,-0.0149430584344279,0.0752589412846475,0.00614669834422209,-0.0280259208552516,0.160371726796872,0.0648161419280294,-0.103775690439324,1,-0.00409470494197653,0.116022539011855,0.0161861904218134,0.143812638129741,-0.0941966967938235,0.00696807910469598,0.102101533466902,-0.0929861720989851,0.0456019197791525,0.135018558490222,0.0102613567968656,-0.144787701734484,-0.058701250987634,0.109083347175613,0.0101966421081859,0.0315763099848782,0.0740091405512651,0.0180294926638049,0.11416565849932,0.081875825815945,0.189941409934535,0.107278484273694,0.100503082177896,0.105980272108799,0.0364521393184591,-0.19935645113436,-0.282489351433359,-0.085860225551682,0.114592517075744
"30",-0.015235387215332,-0.151432682052967,0.0196428184665339,0.188089680648171,0.0141389997616033,0.207896426735566,0.0341110411767991,-0.0645111615711403,-0.0846510009370514,0.196273003198314,0.110662902288962,0.203611777206276,-0.114008972616383,0.0174296733195211,0.0205081401849089,0.114539901548478,0.038402778784775,0.121938871993298,-0.00381778169486774,-0.120971306825976,0.147267208092889,0.170907957028794,-0.0733678270827812,0.0285015078233309,-0.00474163744948005,-0.0265769544555564,-0.0330562429101004,-0.224447096748158,-0.00409470494197653,1,-0.0922665954205606,-0.177999747189059,-0.0956786322437038,-0.0436310484019286,-0.122164403247532,-0.268254213340187,-0.22109832652285,0.0683795410602261,-0.201037440045872,-0.0602426136394066,-0.0796883483205406,-0.211812165856928,-0.152370687738034,-0.0745057509378286,0.0544817224531901,0.100357282332067,-0.0926530566220497,0.0444601855185326,-0.232952370985423,-0.0546077958140805,0.0510871035911471,0.17831281605123,-0.166149509474517,-0.284596115056047,-0.111295781870586,-0.0364262613734987,-0.0357171763551712,-0.00384117236077563
"31",0.0407709671775223,0.0863049559039529,-0.249301656109883,0.0233458368643919,-0.0603582013106549,0.00642851626722457,0.117571857365161,0.151139379066907,-0.289004145060544,0.0470445361321771,-0.0809474113522767,-0.216746717262086,0.0029648659362608,-0.0971868037178888,-0.0623885756418143,0.204721805851057,0.131791915959239,0.0217672738179762,0.433872653480632,0.220361492854425,-0.117880509379598,-0.0348292719066208,-0.0145089802225151,0.130573212651319,0.0628837849902548,0.260016073743512,0.185437781152038,0.101404193604501,0.116022539011855,-0.0922665954205606,1,0.0872664487874393,0.125619424159944,-0.164988086837532,0.157371256519207,0.129345758381564,-0.0254969343511641,0.0946891180281829,-0.0474180279495463,-0.0807372134108622,-0.0368687220974863,0.0112137385684604,-0.144636269398565,-0.0175876204416002,-0.0562424778441946,-0.241395926706084,-0.0373279433433663,-0.00145904893672106,-0.0384762392990032,-0.116100676283481,0.0459455338525926,-0.0419040823523283,0.0833625628208763,0.0299712028668629,0.0481799618879913,-0.0617011511734163,-0.0775872244951263,0.0369150329923293
"32",0.059345535108701,-0.00304555248089704,0.135418998385067,-0.118808611879824,-0.0204414670549941,0.0545966813159177,0.0442524490377215,0.286164178639896,-0.131409213971302,0.0170741580192891,-0.0295645340410998,-0.0682035941011226,0.100961650205781,-0.0673098236305339,0.12605759891821,-0.0964612812787796,-0.153394524741104,-0.0471022649316099,0.0866155083371816,0.386786271383548,0.187464925694256,-0.0170448086240803,0.0754508469218962,-0.0941577721663465,0.113136042162228,-0.053218294481039,0.0813240521159192,0.191292310649067,0.0161861904218134,-0.177999747189059,0.0872664487874393,1,0.106063309549768,0.13663381586563,-0.0146148526950737,-0.0705712093407191,0.0559932107132885,-0.134270481503385,0.0794840554811196,0.0873236221662851,-0.0808846849572259,0.00169674943853001,0.0292710778913749,-0.0911068370029329,-0.137159126624408,0.00922067568447154,0.135926989787799,-0.0394523558924559,0.0394980113016835,0.00152225747896011,-0.111377050098432,-0.129840922486806,0.264546398771367,-0.00065763205761748,0.1148574764422,-0.105503805696935,0.08588032466979,-0.00180098473705321
"33",-0.097318510156502,-0.0968135927384246,0.0254058349043953,0.0862492117261894,-0.0772292073862104,-0.176801525573207,-0.0542997061272481,0.020515879019553,0.00977723150075484,-0.046284214149383,-0.160363970395322,0.0462571771034842,-0.0597429090856001,-0.00420660832755762,0.0599090434603258,0.00581033553571078,-0.143133388221428,-0.0881816290965286,0.117364475942949,0.218245347524103,-0.0436268190930352,-0.00969714190607693,-0.0267789711770779,0.0208276807431036,-0.0596954279007715,0.0950344136953831,-0.0138974888396701,-0.0776737200282695,0.143812638129741,-0.0956786322437038,0.125619424159944,0.106063309549768,1,0.00178114459780843,0.0487273004050619,0.0365074060668299,0.193170300341732,-0.197192451610411,0.113426113053193,-0.0426043975881762,-0.0141234564658561,-0.161764505825677,0.0433123842710049,-0.0890402647660597,-0.048094626627141,-0.0999766836170952,-0.242357753515365,-0.119788144620403,0.0583835923211608,-0.0481087198330898,-0.0203132890970164,-0.0529107309813324,-0.0181789501676918,0.0710393017231949,-0.135739882922442,0.00622227291850388,-0.0160484037335274,-0.0660080793490617
"34",0.169760449130845,0.112860072160507,0.14572841997173,-0.0586687117055257,-0.0593578301534939,-0.0292224000587615,-0.00756269771080367,0.141427242803267,0.0716582386077515,0.27125656331904,0.0203744572557215,0.217590336366033,0.189130602795992,0.0224299356234776,0.181884100172763,-0.0684315625027826,0.00830108532900441,0.0773743552356352,0.0371108911937067,0.0502630862601343,-0.0278020216287482,0.105940390278489,-0.0396946307872031,-0.0656898878265056,0.10573029808524,-0.0320452464167406,-0.0459954427195823,0.0437707998852724,-0.0941966967938235,-0.0436310484019286,-0.164988086837532,0.13663381586563,0.00178114459780843,1,-0.0784675352610496,-0.0934664320043487,-0.0835781099328428,-0.0838290402810551,0.060936577545415,0.114547790934837,-0.0759303094438188,0.05215282958015,0.0938541273316313,-0.149482108965312,-0.0808469189795273,0.0658638335113804,-0.0705637483805873,-0.130853637202923,0.0394789326484947,0.0982068689009522,0.0311629338324556,-0.0993770794258518,0.102095556801141,0.0573616391142653,0.185566087810207,0.0930566844682398,-0.138283315203046,0.0333476933707574
"35",0.194712520005055,-0.120395122520019,-0.20023021255441,-0.160135385625801,0.0638304325809745,-0.220393676322524,0.0899135260913905,-0.0829639435057426,0.100798946028855,-0.10887640494616,0.141482176975486,-0.113519188750938,-0.107618411347596,0.0611769279796061,0.0230207496874805,-0.0618508549630612,0.00401219381903251,-0.1473525606294,0.155830588140854,0.053459193909353,-0.0146245584766901,-0.126273635168328,-0.0873461433063752,-0.00947602915603151,-0.0754354395481438,-0.0422055535233899,-0.121350188225676,0.00188161961144715,0.00696807910469598,-0.122164403247532,0.157371256519207,-0.0146148526950737,0.0487273004050619,-0.0784675352610496,1,0.0188426575942055,0.00883059868675637,0.0743840425255434,0.00684551337952599,0.0511147357237849,-0.0729500042772902,0.108337688817835,-0.0801834391826096,-0.0103225272333137,0.0400408226633349,-0.286227335842996,-0.00475331803058284,-0.00973028571908809,-0.0752600187104,-0.0323168514864264,-0.142084674539551,-0.0766998157379529,-0.0269137159770624,0.0245018356885409,-0.0261231514820516,-0.0014007181444476,0.0633182578388806,0.0176054923340529
