"","l_Insular.Cortex","r_Insular.Cortex","l_Amygdal.Area","r_Amygdal.Area","l_Bed.Nucleus.of.the.Stria.Terminalis","r_Bed.Nucleus.of.the.Stria.Terminalis","l_Hippocampus","r_Hippocampus","l_Orbitofrontal.cortex","r_Orbitofrontal.cortex","l_Entorhinal.Cortex","r_Entorhinal.Cortex","l_Frontal.Association.Cortex","r_Frontal.Association.Cortex","l_Globus.Pallidus","r_Globus.Pallidus","l_Glomerular.Layer.of.the.Accessory.Olfactory.Bulb","r_Glomerular.Layer.of.the.Accessory.Olfactory.Bulb","l_Glomerular.Layer.of.the.Olfactory.Bulb","r_Glomerular.Layer.of.the.Olfactory.Bulb","l_Granule.Cell.Level.of.the.Cerebellum","r_Granule.Cell.Level.of.the.Cerebellum","l_Hypothalamic.Region","r_Hypothalamic.Region","l_Entorhinal.Cortex","r_Entorhinal.Cortex","l_Vermix.Molecular.Layer.of.the.Cerebellum","r_Vermix.Molecular.Layer.of.the.Cerebellum","l_Lateral.Molecular.Layer.of.the.Cerebellum","r_Lateral.Molecular.Layer.of.the.Cerebellum","l_Anterior.Olfactory.Bulb","r_Anterior.Olfactory.Bulb","l_Posterior.Olfactory.Bulb","r_Posterior.Olfactory.Bulb","l_Subiculum","r_Subiculum","l_Perirhinal.Area","r_Perirhinal.Area","l_PreLimbic.System","r_PreLimbic.System","l_Primary.Cingular.Cortex","r_Primary.Cingular.Cortex","l_Primary.Motor.Cortex","r_Primary.Motor.Cortex","l_Retrosplenial.Cortex","r_Retrosplenial.Cortex","l_Secondary.Cingular.Cortex","r_Secondary.Cingular.Cortex","l_Secondary.Motor.Cortex","r_Secondary.Motor.Cortex","l_Striatum","r_Striatum","l_Ventral.Tegmental.Area","r_Ventral.Tegmental.Area","l_Substantia.Nigra","r_Substantia.Nigra","l_Thalamus","r_Thalamus"
"1",1,0.434615290971053,-0.0557877052310917,-0.061721452911082,0.00693625945180463,0.0952070833350132,0.129945658761653,0.0803241524833573,0.474767394793149,0.21499322720395,0.0516101096230585,-0.0490380780355687,0.04142536412557,0.145857650206576,0.124939767558004,-0.2033962602861,0.0202905273725756,-0.0419677922705254,-0.0258610079602829,0.0494395370056798,0.205912253532435,-0.208075570433094,-0.0385984339988402,-0.0455626243954514,0.109147176650327,0.0343205802651784,0.0808483478821175,0.0927477374911758,-0.0487148225241259,0.0727096067334327,0.0467864862363966,-0.0240375809988414,0.101009759559368,-0.047650013117585,0.0515434296292087,-0.00869905786925116,0.0913240442740003,0.14786537446768,0.0593874040215229,0.165736832577763,0.134905416388989,0.106016084615359,0.13474324252458,-0.0151743852995465,0.17538925337876,-0.132883946378772,0.203174596129011,0.0771649885080913,-0.0866264119633137,0.0841336558635686,-0.0841558761661811,-0.163724235269012,-0.00130750523691257,0.0432160930405089,0.0278858963099382,0.0119897619940433,-0.0848494476762326,0.246885320235769
"2",0.434615290971053,1,0.140924007047187,0.113762345582517,0.0295350143674638,0.1030018387955,-0.0142999816209251,0.104071648883783,0.343735825799704,0.354690486288202,0.0326973487338426,0.185722623074834,-0.0563083927189322,0.162066454276213,0.116219401317323,-0.149636919278136,0.0909112319702423,0.0695503728076555,-0.035077470131001,-0.101255703132212,0.080514360401745,-0.221729680918464,-0.103043921634387,-0.0750706942291887,0.0136993325041123,0.0450473108437184,-0.017565632443078,-0.102306345011379,-0.122913488131927,-0.0256754283699853,0.0619123692298653,-0.0108464231676001,0.227347418627396,0.181107799329148,-0.176599983523163,-0.0138064611930825,-0.00694331165734918,0.0548589801235913,0.0237322038446784,0.244159416403381,-0.0897853772166512,-0.0169188773271637,0.203230750214553,0.13847872174086,0.088214725009732,-0.00804720419981475,0.0528202883448201,0.0939687174602168,-0.127831804385022,0.147367229488398,0.065039322648386,0.00433951582595117,-0.00684271967906706,-0.0550074652693226,0.124701171717533,0.113799294691876,-0.122735854050987,0.0189720062191668
"3",-0.0557877052310917,0.140924007047187,1,-0.105983793453821,-0.171952615449163,0.00749276382495794,0.165100664814027,0.154890890901019,-0.0180166717875592,-0.0443364885273165,0.293786360329261,0.253082928166806,-0.0637787686611129,-0.114718346777057,0.024247311708884,0.0825921600123898,-0.0504191388712459,-0.061445414742593,0.0478607993599029,-0.00315344914491955,-0.0574093379200417,-0.0943960426451511,-0.0490004726721069,0.203026101462652,0.087198282115292,0.092647521789142,-0.167099627226045,0.0819009133057777,-0.0422340899324036,0.00972202855867995,0.0439560438470017,0.043541952031666,0.075868367649744,0.164389933826977,-0.0389975119201868,0.0796857414667116,-0.00293227194987733,-0.0444575766534211,-0.0453912933582721,0.0137743945834586,0.0312638892257649,-0.156877480426105,-0.033291161836923,-0.0807632601759503,-0.0213238621640918,0.0426871942331892,-0.158483885763786,-0.0106711273711292,-0.0975534845894941,-0.153171520593711,0.044831886333898,0.112355937923438,-0.0213722219752891,0.0865296442262307,-0.0522668289336002,0.15619772593675,-0.0678686830456362,-0.119885612796086
"4",-0.061721452911082,0.113762345582517,-0.105983793453821,1,-0.0766599687944841,-0.0479398996152734,-0.269961465383542,-0.13931879962677,-0.0886008338953915,-0.00587773302874834,0.00516705672257359,0.0751407484760787,-0.0830356598605758,-0.022520089581969,0.0516342334771397,0.145152013518936,0.131691323572368,-0.146823368633518,-0.230933845117894,0.187202009365005,0.0924643809045675,0.217046149495618,-0.217631259873065,-0.20065089316519,-0.0656770990342238,-0.0637901777147321,0.0110723906939175,-0.215244495781058,0.129472002113989,0.138396193028131,0.123244441237282,0.156953404911488,-0.048738321962628,0.0715339174003905,-0.0987625345117672,-0.0938590493046482,-0.0557541541410125,-0.125110545976545,0.0856943102055076,0.0445454481351675,-0.0050016898003551,-0.10664533128769,-0.119398461187534,0.0203101832586336,0.0749357020618156,-0.215251786036264,-0.0818457457870045,-0.0334135995574181,0.044919814523539,0.0599114552796439,0.0428992994534981,0.0251020735303123,0.0872027287588407,-0.0867987716283907,0.0923062589946366,0.0250675989661121,-0.0855881328347376,0.0532688908909753
"5",0.00693625945180463,0.0295350143674638,-0.171952615449163,-0.0766599687944841,1,0.0477777315105703,-0.0177951346211201,-0.105740512709926,-0.0208866905466338,0.126762874746605,0.0702641912858938,0.0754687165995135,0.0614054313070028,-0.0425429307122869,0.0451513844054289,0.124200210644205,0.035432118948933,0.0241453176022204,-0.0515218639901237,0.0338200491725002,0.118322197491124,0.276020454318276,-0.118860693708854,-0.0552434354073471,0.0928284835720568,0.207427789672729,0.0191340354848722,0.0219189930402148,0.0148741344469851,0.0191416961728938,0.0402889291060908,-0.0730089381220484,0.044688880023279,0.103203098200587,-0.103153077776639,-0.220229103522896,0.0385813510905233,-0.0934898474125168,0.307973381037682,0.0925072671381947,0.251035921901345,0.216358433020605,0.0824475734425056,0.122824723773038,-0.154767938210595,-0.230300468790636,0.247610449945477,0.163950320003577,0.20855220839252,-0.125174379389538,0.0633950140182308,0.0776163139326371,0.131980830912611,0.218582748043798,-0.00652639397323489,0.120812541335578,0.265658915304445,-0.0685895006664102
"6",0.0952070833350132,0.1030018387955,0.00749276382495794,-0.0479398996152734,0.0477777315105703,1,0.150303639451878,0.0776852264034779,-0.00112594927557074,-0.0237121675541466,0.0809914497933512,-0.0158913129175237,-0.081859366149073,0.0844973233397771,-0.00499046152500279,-0.176441105028862,0.0493736178604716,-0.0341533806741402,0.0124053728999409,-0.00072754692680549,0.14147220937109,-0.0719915343447887,0.195927952627422,0.207810669130183,-0.0435335268701032,-0.096922943466158,0.116008362970751,0.115492553450896,0.0949136624843029,-0.0827788772055553,0.102253217412395,0.054338105058333,0.132301288756529,0.0235043243723148,0.12594728392015,0.20138706260939,0.127246934784387,0.125420227308259,0.00660943113685497,-0.0777390812673217,-0.108468931583783,0.0812753829188765,-0.14776087749612,-0.0468799658864494,0.00382219095758741,0.0550674259165274,0.021697049659656,-0.0823794769414613,-0.164664008898921,0.0509251181615284,-0.285189678948676,-0.0363673109107109,0.0546646399775036,0.107194329512392,-0.0795234161898425,0.0544682118684283,0.062129418371481,0.140410395663644
"7",0.129945658761653,-0.0142999816209251,0.165100664814027,-0.269961465383542,-0.0177951346211201,0.150303639451878,1,0.196878670749538,0.170110519296788,0.00235529096704578,0.294529522743905,0.0309040316925194,0.178604137267986,0.198354559978947,-0.110223712005934,-0.0796253072131372,-0.0035964280732546,0.0203000083823139,0.0766734452171771,-0.149436297919332,-0.00996522499343768,-0.226947564640186,-0.0309724428971348,0.0199270308684252,0.101099643820284,0.166511361904628,0.048979402947162,0.0895917360023972,0.111878278635799,0.0192842195984891,-0.0446697724093864,0.0228608435577214,0.254445196804972,0.0197531012730328,0.18138695573626,0.126432143953761,0.28474489643376,0.263003278071859,-0.0156330646645889,-0.119632898555827,0.0892587335253786,0.0396936055036356,0.184942210649587,0.0826238106663046,-0.152776423137694,-0.197972024942662,0.067048493021172,-0.136419701712119,0.115294526454496,0.151115755861485,-0.303433690648752,-0.0580483025516427,-0.0513152232437592,-0.0139016809588512,0.11314063167148,0.0320561369094302,0.252711792348953,0.108869637243592
"8",0.0803241524833573,0.104071648883783,0.154890890901019,-0.13931879962677,-0.105740512709926,0.0776852264034779,0.196878670749538,1,0.168351777820188,0.187519010444114,0.0914699657798616,0.106845463777075,0.0628943469356474,0.0280889143527514,0.0205285368044647,0.0262713471616623,0.0985889771867026,0.204717213238559,0.0336354855916971,-0.113052515488459,0.0973554802860871,-0.127450845560929,0.0811981158429521,0.0369208713742949,0.108650761069184,0.0296866332259108,0.0354656953469191,0.156965300977864,0.0211851119283081,0.119677338788206,0.128816762529899,-0.0327442947471408,0.165023743361565,-0.0775561114046777,0.0790654161854126,0.109819067481365,0.110425882944218,-0.0721331466006794,-0.0592284684105201,0.00228867990652478,-0.17580626742522,0.046056577838433,0.175584149088035,0.0789498515592974,0.00310538415153379,0.157575416682202,-0.0869582697108076,-0.121899673883989,-0.0464076826449734,-0.0119845331197718,-0.110715074251775,-0.00599618302416093,-0.090568990982897,-0.0394128935917172,0.0377940532411424,0.0910641985537147,0.013218527254661,-0.0300601592871393
"9",0.474767394793149,0.343735825799704,-0.0180166717875592,-0.0886008338953915,-0.0208866905466338,-0.00112594927557074,0.170110519296788,0.168351777820188,1,0.289408699327148,-0.042520770175676,-0.187596585242849,0.127529277395027,0.0921168503160199,0.138746159222098,-0.213833553754988,0.108063550796972,0.108953161984633,-0.00135187537909797,-0.0336748616421988,0.255178586406522,-0.253833706896664,-0.0517045736925959,-0.143122876155259,0.0309145168565621,0.188459308457389,-0.0454288253057103,-0.00615607794130408,-0.117159921276616,-0.0955701738165493,0.0840086989796704,-0.0150051351737115,-0.0993587581491716,-0.0522794285792426,0.0680896849213009,0.0796817824600901,-0.00788016776532546,0.090680051735576,-0.0438044061613917,0.0506868465454695,-0.0692369534748915,0.0669371875886419,0.433698786045776,0.043866178266299,0.0987840554241349,-0.0237719844978647,-0.11261773817192,-0.299998524683413,0.152053324167745,0.131885780340187,-0.0318224169977108,-0.0626438787782655,-0.249076155181251,-0.0782859310012524,0.0325509851878334,-0.059988274698634,-0.0823874820003821,0.102688130090156
"10",0.21499322720395,0.354690486288202,-0.0443364885273165,-0.00587773302874834,0.126762874746605,-0.0237121675541466,0.00235529096704578,0.187519010444114,0.289408699327148,1,-0.0328849061756037,-0.0441558987295759,0.126732043713645,0.222627153618407,0.249357332530965,-0.0489643443646887,0.0542499881294985,0.17275494456357,-0.0216938277448081,0.00806383823838419,0.131305564111557,0.0465181414420074,0.0774881246090466,-0.0683739685588811,0.0597754178368861,0.0692041177666712,0.110988767121071,0.0194436287102209,-0.101559621661816,0.0642748976974296,-0.0707925713895434,-0.0514015279242272,-0.0188406422143785,-0.0676014281165151,-0.0818152168452558,0.00170968085813727,-0.0662017158405691,-0.0448920270314633,0.0263921096701386,0.113278322274675,-0.0751186514238641,-0.0702462411795416,0.258061280030489,0.140436372440772,0.0791428050707161,-0.00099704003934765,-0.100580130465754,-0.020171886712032,0.0883507812350682,0.061356782600331,-0.0429233436819114,-0.117758955396534,-0.00132622085413403,0.104468198897601,0.0540539747720768,0.228908865428378,0.0619595994231217,-0.0241230365461445
"11",0.0516101096230585,0.0326973487338426,0.293786360329261,0.00516705672257359,0.0702641912858938,0.0809914497933512,0.294529522743905,0.0914699657798616,-0.042520770175676,-0.0328849061756037,1,0.447811745606165,0.0373401249875401,0.149959345717594,0.216825429946276,0.205449952108083,0.0657103027113286,-0.0109470520037106,0.141200393611006,-0.0453693891941043,0.197187793538888,-0.0286052105130016,-0.0309559314823351,0.226019581619964,0.0375971283029535,0.213929049372534,-0.0585006411131496,-0.00775376295706882,0.133510903327867,0.029964401216586,0.0558505491390416,0.0268513537654719,0.237483735479094,0.228766318387563,0.16577035285183,0.021682329724196,0.137836621034085,-0.0339793425427885,0.178665564765581,0.102262026264256,0.126679484848507,-0.0715534004865271,-0.117415945142163,0.00576018613198253,-0.00122064172214771,-0.260085615263862,0.00596316975375553,0.123108804945295,0.151073384614989,0.0544599776506912,0.221773941829787,0.310502318317403,-0.0587591748322553,0.179044147897657,0.0315330918724526,0.0672111920525693,0.12050901260417,0.151759433869263
"12",-0.0490380780355687,0.185722623074834,0.253082928166806,0.0751407484760787,0.0754687165995135,-0.0158913129175237,0.0309040316925194,0.106845463777075,-0.187596585242849,-0.0441558987295758,0.447811745606165,1,-0.129948929795537,0.0994633415277839,0.217755890936093,0.189406238461724,-0.0232741004981067,0.138551982489663,-0.01375460927163,-0.116521812045553,-0.0533363433699309,0.162946984710903,-0.123515126251194,0.10831763291874,0.102425529729935,0.159239571497747,-0.0382237158366011,-0.0765917465086516,0.116708231530235,0.119638660000803,-0.0687375907605894,-0.0778944355136072,0.267082513947611,0.370777464573474,0.0141544081023281,-0.0565667451407824,0.0873824002135895,-0.0722300655849713,0.132942218986965,0.192047838987567,-0.00061052304843066,-0.0728749810125867,0.00041951990244464,0.0648451970351033,-0.233930202873389,-0.263527570381975,0.0588386609806281,0.216209750279059,0.0304595618535351,0.042875616517435,0.196795386244407,0.253707218576036,0.160021707455325,0.0966049243278064,0.0255745952890464,0.0480953414592159,0.0520547966904813,0.17394534965918
"13",0.04142536412557,-0.0563083927189322,-0.0637787686611129,-0.0830356598605759,0.0614054313070028,-0.081859366149073,0.178604137267986,0.0628943469356474,0.127529277395027,0.126732043713645,0.0373401249875401,-0.129948929795537,1,0.138656132753991,-0.0307209558159018,0.142741923236354,0.385583430182768,0.0368021002705977,0.0861734642964203,-0.0392272133142464,-0.0374650465418242,-0.00135295986165594,-0.144004949165033,-0.104988860428697,0.0375438751066987,-0.00187589091579773,-0.0531365818425751,0.0544977856778444,-0.0119890877385479,0.0104693341046988,0.0178616339192083,-0.00865527493622244,0.0799897889179636,-0.0290496099385301,0.118942931349893,0.0547056526020371,0.0279126825937724,-0.0114529612097956,-0.0186105164181738,0.0159800140397133,0.119827150970752,0.0459067813356733,0.183441336878845,0.033815117701511,-0.100874406254167,-0.137791298687013,-0.0476023159645561,0.0453572843318158,0.451573300586819,0.13095485925331,0.00996618964339754,0.0942662524399834,0.0443784793171585,0.0181799455711184,-0.202713262013784,0.0819455393432768,-0.01987552266815,0.0281328357599668
"14",0.145857650206576,0.162066454276213,-0.114718346777057,-0.0225200895819691,-0.0425429307122869,0.0844973233397771,0.198354559978947,0.0280889143527514,0.0921168503160199,0.222627153618407,0.149959345717594,0.0994633415277838,0.138656132753991,1,0.141096249954429,-0.087726947023014,-0.0469014873195316,0.252049973877415,-0.0650401797729677,-0.0717531774933678,-0.127819052818436,-0.0127217379820404,-0.0300607326718324,-0.111323248733341,0.00708236637691402,0.0150613198557791,0.016969087251228,-0.0162738116250995,0.0916976048093183,-0.0881596849819804,-0.219536688113525,-0.013343618433732,0.0508933842236946,0.131760608981804,0.225030519133416,0.0239042218464269,0.0979542090716536,0.00663918773210293,-0.0174325703701333,0.0471022000824092,0.0459949847205915,0.0701967177784476,0.054685526005575,0.146354113824046,0.172483355055474,-0.20671665156816,0.0712403778488363,0.0391263190491931,0.154750775404462,0.599002352659771,-0.0182401010760459,0.173730363242111,0.161484540176014,0.0252109621730573,0.102783209784547,0.00281372124669998,0.231517343529934,0.0297622047835407
"15",0.124939767558004,0.116219401317323,0.024247311708884,0.0516342334771397,0.0451513844054289,-0.00499046152500279,-0.110223712005934,0.0205285368044647,0.138746159222098,0.249357332530965,0.216825429946276,0.217755890936093,-0.0307209558159018,0.141096249954429,1,0.108234890290086,0.155260093563762,0.122852702790947,0.107934548824242,0.122724808307922,0.134745053502792,0.121495937790839,0.127813729934334,0.143453210291735,-0.0967164820227296,0.163690827489994,-0.0999565730771473,-0.185520834877795,-0.114587104447006,-0.0763408993226261,0.0780472678867901,0.159807303850618,0.096329977899271,0.255751221738148,0.127263440823807,-0.00399511520688551,-0.0951063907092891,-0.136095528904255,0.124181889194065,0.0681013558370588,0.00616858990267919,0.00629065614540747,0.0982248973277518,0.107333188944558,-0.0531022999192796,-0.143203817259481,-0.209465556532222,0.0387564706843701,0.145573524574718,0.104228305625494,0.309708840973615,0.283802134497059,-0.0702381484273599,0.0868729632419426,-0.0132614430445304,0.147971823530042,0.0595827685899043,-0.0741572497674508
"16",-0.2033962602861,-0.149636919278136,0.0825921600123898,0.145152013518936,0.124200210644205,-0.176441105028862,-0.0796253072131372,0.0262713471616623,-0.213833553754988,-0.0489643443646887,0.205449952108083,0.189406238461724,0.142741923236354,-0.087726947023014,0.108234890290086,1,-0.0932028303908448,-0.0582566210757994,0.0365599258848233,0.0440864920147086,-0.0251224727570733,0.178787918647989,-0.213103809023266,-0.0247120598615361,-0.0204233865780362,-0.00783886819176299,-0.163553646076842,-0.0705422674226336,0.0198370658853779,0.0222791504686976,0.153271096833616,-0.0965109061574845,0.0478245688631519,0.145307933319149,-0.0367240218228917,0.0972817440277799,0.0739023812792829,-0.120337434465379,-0.0115942396227509,-0.0431054653921993,0.0117266824888833,-0.0350439176099851,-0.116502553450301,-0.0167420279181553,-0.251996614487056,-0.232797362704302,0.00570250338848409,0.114353555050504,0.0825900939813643,-0.0839154899421431,0.168125939178389,0.389917495318714,0.096527951992532,-0.0555632653235534,-0.130032678431027,0.147549633821595,0.209381709810928,0.0650807477438167
"17",0.0202905273725756,0.0909112319702423,-0.0504191388712459,0.131691323572368,0.035432118948933,0.0493736178604716,-0.0035964280732546,0.0985889771867026,0.108063550796972,0.0542499881294985,0.0657103027113287,-0.0232741004981067,0.385583430182768,-0.0469014873195316,0.155260093563762,-0.0932028303908448,1,0.0717880757467443,0.0572043422563811,0.212010895706687,0.162093266978386,0.0590716746173452,0.0857196182470829,0.0168493723447168,-0.162093545829442,-0.0147612987210543,0.11887420921297,0.0199233203259938,-0.125349058313579,0.147253322050728,0.193415857260447,0.204472520481381,0.178243599700964,0.0470141982305818,-0.131145095456018,-0.236738266282731,-0.129416892853195,-0.189592082533607,0.160827101139906,0.100018500675344,0.0534218082153016,0.0691451480660194,0.0698806403425946,0.097833421581609,-0.0342227537097734,-0.0961966192659637,-0.0801644061504193,0.0102541808668868,0.401962519789075,0.0667104503503764,0.0986333393204564,0.214391915962338,0.0782901030544927,-0.176937406027525,-0.0808192788183649,0.0583281303603734,0.00845544403515002,0.0910670529692288
"18",-0.0419677922705254,0.0695503728076555,-0.061445414742593,-0.146823368633518,0.0241453176022204,-0.0341533806741402,0.0203000083823139,0.204717213238559,0.108953161984633,0.17275494456357,-0.0109470520037106,0.138551982489663,0.0368021002705977,0.252049973877415,0.122852702790947,-0.0582566210757994,0.0717880757467443,1,0.0954601582259854,-0.0523939848906504,-0.0830100429350442,-0.143651037483197,0.183520186318801,-0.0335903590822335,0.0566541314269354,-0.00078234981217733,-0.0652780870372912,-0.139535436624982,-0.0927570962692178,0.176749782628458,0.0634246604263346,0.204258207186184,0.12274389400841,0.258360730243666,-0.00414310702593583,-0.0223263543906403,0.00598190125283461,-0.149431817768629,-0.10805723619352,0.0927955131273752,-0.139058907077417,-0.0141238338016257,0.248891688809079,0.0354035990671251,-0.0144641041364368,0.0233083657287982,0.102770319794433,-0.0339691339777349,0.0955599989996073,0.246658295548088,0.0417680153659561,0.209779007606306,0.0275491141667827,-0.00700571589836102,0.0195774890071246,0.0531301034862966,0.163878174915211,0.0081290794261871
"19",-0.0258610079602829,-0.035077470131001,0.0478607993599029,-0.230933845117894,-0.0515218639901237,0.0124053728999409,0.0766734452171771,0.0336354855916971,-0.00135187537909797,-0.0216938277448081,0.141200393611006,-0.01375460927163,0.0861734642964203,-0.0650401797729677,0.107934548824242,0.0365599258848233,0.0572043422563811,0.0954601582259854,1,0.258216233862648,0.0137617441786474,-0.0407896628018586,0.219426893613156,0.237640618522279,-0.0397380950126624,-0.00631712681003082,-0.0821891769393825,0.00103118079868954,-0.164939903834155,-0.0760820664940744,0.22031219894444,0.109100326282196,-0.108802071525115,-0.115948411711095,-0.121725687460738,-0.142954145441324,-0.213403027599988,-0.234099747482891,0.021297499439345,0.0999484533279131,0.118180316561395,0.137870576407568,-0.095913614580477,0.0757953639112588,-0.0153057179507587,0.12087394279585,0.082387274304781,-0.0921062824901185,0.0240810964559028,0.0945516832470011,0.042340581615416,0.072648234195869,0.202383003512177,0.0872075198985436,-0.00395831502304662,0.0866538930955275,-0.0853700274606095,-0.00055420439523784
"20",0.0494395370056798,-0.101255703132212,-0.00315344914491955,0.187202009365005,0.0338200491725002,-0.00072754692680549,-0.149436297919332,-0.113052515488459,-0.0336748616421988,0.00806383823838419,-0.0453693891941043,-0.116521812045553,-0.0392272133142464,-0.0717531774933678,0.122724808307922,0.0440864920147086,0.212010895706687,-0.0523939848906504,0.258216233862648,1,0.0260690365510409,0.0523971778210288,0.139178535469659,0.0436080482117659,-0.138538492189041,-0.0338204726450272,0.12148157771597,0.0719787405322144,-0.115066486705649,0.0368567288370087,0.178389665508033,0.408923010431742,-0.109378614814701,-0.165427720610257,-0.0338333507622553,-0.0574593679966071,-0.0878000510476005,-0.165274660918101,0.138918345384663,0.0382593986099277,0.20092175289976,0.136956226557834,-0.0682197449587747,-0.0341671628516014,0.0944932622219618,0.0331151785931553,0.0413022881852642,-0.0419089974246957,0.0713343395726692,-0.144993772503748,0.0721627145418274,0.0910239376798884,-0.0120385372491435,-0.0571103556798782,0.014981185331248,0.0647272029595393,-0.0444564700344652,0.0214452940705703
"21",0.205912253532435,0.080514360401745,-0.0574093379200417,0.0924643809045675,0.118322197491124,0.14147220937109,-0.00996522499343768,0.0973554802860871,0.255178586406522,0.131305564111557,0.197187793538888,-0.0533363433699309,-0.0374650465418242,-0.127819052818436,0.134745053502792,-0.0251224727570733,0.162093266978386,-0.0830100429350442,0.0137617441786474,0.0260690365510409,1,-0.0203862183376448,0.0726125291787802,0.0175755600246511,-0.191805275914902,0.212213201728553,0.193991038561587,0.130603359900878,0.0796138376825982,0.03607164908809,0.211350498929159,0.0370651979622337,0.119258867826132,0.0355698103682059,0.0275961112789872,-0.0822833770796007,0.0248490291930132,-0.0280048752350653,0.16691608922195,0.124127295712327,-0.0195765901861907,0.0315969919905002,-0.0331789983116618,0.0576683135601293,-0.118402662573062,-0.0829725648907318,0.0247501718825951,0.0545614698798187,-0.031598506857479,-0.125867940650096,-0.059196471898928,-0.00647484239860052,-0.0150177069707608,0.127691289452224,0.0480678144900339,0.103084084059736,0.0806123631301665,0.122370502458172
"22",-0.208075570433094,-0.221729680918464,-0.0943960426451511,0.217046149495618,0.276020454318276,-0.0719915343447888,-0.226947564640186,-0.127450845560929,-0.253833706896664,0.0465181414420074,-0.0286052105130016,0.162946984710903,-0.00135295986165594,-0.0127217379820404,0.121495937790839,0.178787918647989,0.0590716746173452,-0.143651037483197,-0.0407896628018586,0.0523971778210288,-0.0203862183376448,1,-0.133103568230716,0.130206214305354,0.0662330519904435,-0.0693852323604815,0.0657214240662078,0.0494783949143872,0.16756023493942,0.0770529515585815,0.0417692103796909,-0.0721310545934456,-0.0906267700347814,0.0544490290295521,-0.0303128787802541,-0.15000859967899,-0.0127547120963108,-0.229346523220771,0.0997682960604707,-0.0425383348427221,0.0534172832515786,0.0501292144617443,-0.156149039342902,0.0890226745709541,-0.111151840064317,-0.0653485302374151,-0.0108932085879424,-0.00038796292351381,0.116292384838982,-0.0126844052850951,-0.0422914498630222,-0.0160403999593796,0.343054859140777,0.125964984388705,-0.00058901567026357,-0.00353469837586319,0.139576182579792,0.0741549390048321
"23",-0.0385984339988402,-0.103043921634387,-0.0490004726721069,-0.217631259873065,-0.118860693708854,0.195927952627422,-0.0309724428971348,0.0811981158429521,-0.0517045736925959,0.0774881246090466,-0.0309559314823351,-0.123515126251194,-0.144004949165033,-0.0300607326718324,0.127813729934334,-0.213103809023266,0.0857196182470829,0.183520186318801,0.219426893613156,0.139178535469659,0.0726125291787802,-0.133103568230716,1,0.234003419611686,0.14281580194077,-0.0137795753276184,0.265446459396953,0.136145876214439,-0.131009035096568,-0.084202953594653,-0.0619493680166764,0.129669657761907,0.0905135564203973,-0.02073941135963,-0.0437471053872831,0.0545463928736502,-0.105531641604616,-0.129775709502055,0.0778177722783503,0.0251275709650788,0.128000020405196,0.0991008677830669,-0.17210803486596,-0.0236599807546185,0.0391598189473278,0.271329548321567,0.0232909922757512,0.131427019960518,0.00967244083352982,0.0217107593955951,-0.0239500103936333,0.0714517519200858,0.157478763558716,0.206741520473322,0.0102189725550614,-0.0989658280912801,-0.0704228282724693,-0.0713230125928224
"24",-0.0455626243954514,-0.0750706942291887,0.203026101462652,-0.20065089316519,-0.0552434354073471,0.207810669130183,0.0199270308684252,0.0369208713742949,-0.143122876155259,-0.0683739685588811,0.226019581619964,0.10831763291874,-0.104988860428697,-0.111323248733341,0.143453210291735,-0.0247120598615361,0.0168493723447168,-0.0335903590822335,0.237640618522279,0.0436080482117659,0.0175755600246511,0.130206214305354,0.234003419611686,1,0.0374431769651779,0.0776980905614617,0.171206190129013,0.0468722068265583,-0.112974081895301,0.0372472926383608,0.0684140991391914,0.0400708745714276,0.0317669693765971,0.0545048478358256,0.0319343841402807,-0.041632305345327,0.220436864724752,-0.0382701986555119,0.047345943760641,0.0697667737355507,-0.0277547211552308,-0.0772268094409199,-0.205064668533146,0.072909322593842,-0.0889256087277505,0.0189220644522019,0.0634586920768742,0.161673635932947,0.020716696729862,-0.0710887048533953,0.0296720507032921,0.0918510205133369,0.0790759884788023,0.127635772770904,0.0143562609591387,0.0911766227797534,-0.0911681336765133,0.111930064615749
"25",0.109147176650327,0.0136993325041123,0.087198282115292,-0.0656770990342238,0.0928284835720568,-0.0435335268701032,0.101099643820284,0.108650761069184,0.0309145168565621,0.0597754178368861,0.0375971283029535,0.102425529729935,0.0375438751066987,0.00708236637691402,-0.0967164820227296,-0.0204233865780362,-0.162093545829442,0.0566541314269354,-0.0397380950126624,-0.138538492189041,-0.191805275914902,0.0662330519904435,0.14281580194077,0.0374431769651779,1,0.0222160650079664,0.142909039248111,0.0957364822025172,-0.0428109131545811,0.130245963371642,-0.0848205513212999,0.0172205149312385,0.182420686731222,0.0571917146845051,-0.0593957995046504,-0.0515870166424673,0.0239863328603495,-0.0134783881498331,-0.0103833665999443,-0.121445312515694,0.00671562032936964,0.00046480117628035,0.143411765120332,-0.0282632181041967,-0.0455190293862457,0.0063518951384482,-0.12620052672146,0.0657965495896273,0.0867185492480024,-0.0698039974551804,-0.0699510801422637,-0.18826243962714,0.0636758090237852,0.173925244178881,0.0646489787609733,0.185778031654285,0.0777808257528012,0.0745588605973114
"26",0.0343205802651784,0.0450473108437184,0.0926475217891421,-0.0637901777147321,0.207427789672729,-0.096922943466158,0.166511361904628,0.0296866332259108,0.188459308457389,0.0692041177666712,0.213929049372534,0.159239571497747,-0.00187589091579773,0.0150613198557791,0.163690827489994,-0.00783886819176299,-0.0147612987210543,-0.00078234981217733,-0.00631712681003082,-0.0338204726450272,0.212213201728553,-0.0693852323604815,-0.0137795753276184,0.0776980905614617,0.0222160650079664,1,0.250526231694139,-0.0497671105222857,0.0367211453226598,0.00182776236665412,-0.0827547669495786,0.0438948459523271,0.023699407692674,-0.0153456703088038,-0.146834696914319,-0.088413061936337,-0.00316227865335969,0.0958743195633359,0.324339543727239,0.25553886107242,0.0777458255466162,0.0980956999040165,0.248113476694664,0.0478091152460628,-0.154918469287609,-0.155989243123624,0.222952555192029,0.101027052761492,0.128143341818372,0.0397449412207165,0.0153060208562288,0.0539325437929961,-0.116490831260042,0.00753712445858938,-0.0797822515675921,0.0311638622147035,0.0474629560713572,-0.0170433107066838
"27",0.0808483478821175,-0.017565632443078,-0.167099627226045,0.0110723906939175,0.0191340354848722,0.116008362970751,0.048979402947162,0.0354656953469191,-0.0454288253057103,0.110988767121071,-0.0585006411131496,-0.0382237158366011,-0.0531365818425751,0.016969087251228,-0.0999565730771473,-0.163553646076842,0.11887420921297,-0.0652780870372912,-0.0821891769393825,0.12148157771597,0.193991038561587,0.0657214240662078,0.265446459396953,0.171206190129013,0.142909039248111,0.250526231694139,1,0.196897209507581,0.203275285334748,0.151090078823032,-0.0851032142833468,0.152155009012818,0.0528972320939683,-0.167620505898121,-0.181241929979936,-0.0880341378376588,0.153156701190756,-0.1264122685078,0.0738191729172093,0.0431636866393187,0.155196063362464,0.180745619549453,0.0715676545011204,-0.00973072019801011,-0.183666871721795,-0.104238635208613,0.33361018958577,0.181175204602577,0.100941830046386,-0.0338444836527057,-0.234709830127977,-0.141244897543389,0.200012816063603,0.129935407164835,0.0174642115677834,-0.0133349987163746,0.0121875403668134,0.235769118049342
"28",0.0927477374911758,-0.102306345011379,0.0819009133057778,-0.215244495781058,0.0219189930402148,0.115492553450896,0.0895917360023972,0.156965300977864,-0.00615607794130408,0.0194436287102209,-0.00775376295706882,-0.0765917465086516,0.0544977856778444,-0.0162738116250995,-0.185520834877795,-0.0705422674226336,0.0199233203259938,-0.139535436624982,0.00103118079868954,0.0719787405322144,0.130603359900878,0.0494783949143872,0.136145876214439,0.0468722068265583,0.0957364822025172,-0.0497671105222857,0.196897209507581,1,0.0486534155261005,0.0944124237633912,0.0260539186913829,-0.0177917163732418,-0.019132098102452,-0.0672314585336433,-0.081204985945186,-0.066152301053408,0.18988924517962,0.0454150391401084,-0.120284552665163,-0.0290311187193134,0.0546667323702386,0.0905934177199182,-0.0193754265747089,0.101344141075285,-0.0366869960799246,0.0031050554808655,0.0712662462851302,0.0407046359396169,0.0248629210247845,-0.0607981978429527,-0.181031939399039,-0.158264903384672,0.12509810666709,0.081035857433618,-0.0111543361832981,0.0477429699332524,0.00942550858925102,0.0862383700492304
"29",-0.0487148225241259,-0.122913488131927,-0.0422340899324036,0.129472002113989,0.0148741344469851,0.0949136624843029,0.111878278635799,0.0211851119283081,-0.117159921276616,-0.101559621661816,0.133510903327867,0.116708231530235,-0.0119890877385479,0.0916976048093183,-0.114587104447006,0.0198370658853779,-0.125349058313579,-0.0927570962692178,-0.164939903834155,-0.115066486705649,0.0796138376825982,0.16756023493942,-0.131009035096568,-0.112974081895301,-0.0428109131545811,0.0367211453226598,0.203275285334748,0.0486534155261005,1,0.258259753675771,-0.100211178600469,0.0393038285180286,0.0437140302492896,-0.0655426782888989,0.073993967967696,0.0574634172355266,0.241075626706671,0.0298191611079324,-0.0756377832804295,-0.0731522749362528,-0.104447336843463,0.135823410618974,0.0350642981174284,0.0808400160461221,-0.00368402696521679,-0.17981816335076,0.0407534380534757,0.0286891925076354,-0.0955554168944337,0.13465521578829,-0.225842471806013,-0.156416684965381,0.0363478265382237,0.019528165447544,0.141571494728925,-0.120631110315508,0.098815242970191,0.104683442351582
"30",0.0727096067334327,-0.0256754283699853,0.00972202855867995,0.138396193028131,0.0191416961728938,-0.0827788772055553,0.0192842195984891,0.119677338788206,-0.0955701738165493,0.0642748976974296,0.029964401216586,0.119638660000803,0.0104693341046988,-0.0881596849819804,-0.0763408993226261,0.0222791504686976,0.147253322050728,0.176749782628458,-0.0760820664940744,0.0368567288370087,0.03607164908809,0.0770529515585815,-0.084202953594653,0.0372472926383608,0.130245963371642,0.00182776236665412,0.151090078823032,0.0944124237633912,0.258259753675771,1,0.133382612841044,-0.0360996705369585,0.0991965907312148,0.00591363728789897,-0.204858075666013,-0.182479257853934,0.111441716238565,-0.100430397074018,-0.0641801929637113,0.025618547635555,-0.0177588578585427,0.100405733670141,0.252405322633434,0.324776683457444,-0.146537938985982,-0.244049167938929,0.13287562899903,0.0549600633128976,0.0721834032427741,0.0144006037864697,-0.0590098240555121,-0.0901112382872924,0.0518815483419671,-0.110671264975321,0.0961945465929057,0.11074012205866,0.126343349420161,0.215604532130668
"31",0.0467864862363966,0.0619123692298653,0.0439560438470017,0.123244441237282,0.0402889291060908,0.102253217412395,-0.0446697724093864,0.128816762529899,0.0840086989796704,-0.0707925713895434,0.0558505491390416,-0.0687375907605894,0.0178616339192083,-0.219536688113525,0.0780472678867901,0.153271096833616,0.193415857260447,0.0634246604263346,0.22031219894444,0.178389665508033,0.211350498929159,0.0417692103796909,-0.0619493680166764,0.0684140991391914,-0.0848205513212999,-0.0827547669495786,-0.0851032142833468,0.0260539186913829,-0.100211178600469,0.133382612841044,1,0.154401334448306,0.079386072618712,-0.0945308119132811,-0.0014860390096547,0.0428557690274307,0.088336479885702,-0.135009661259892,-0.0214692238828376,-0.0446347614175244,-0.0530510552323751,0.0438256071492778,-0.119604969318425,-0.012838232997216,-0.0125324371679185,0.140507100217779,-0.0373626706616309,-0.0567232578390745,0.0195613756649586,-0.146869328318768,0.0222704766619187,-0.00796592419016398,0.103626094275888,-0.0397048875528654,0.0591754304458163,0.172922273191257,-0.060051955142945,0.0369170710082057
"32",-0.0240375809988414,-0.0108464231676001,0.043541952031666,0.156953404911488,-0.0730089381220484,0.054338105058333,0.0228608435577214,-0.0327442947471408,-0.0150051351737115,-0.0514015279242272,0.0268513537654719,-0.0778944355136071,-0.00865527493622244,-0.013343618433732,0.159807303850618,-0.0965109061574845,0.204472520481381,0.204258207186184,0.109100326282196,0.408923010431742,0.0370651979622337,-0.0721310545934456,0.129669657761907,0.0400708745714276,0.0172205149312385,0.0438948459523271,0.152155009012818,-0.0177917163732418,0.0393038285180286,-0.0360996705369585,0.154401334448306,1,0.0670562725033241,0.0901060864059303,-0.0380477780428102,-0.046614661410297,0.00877285133083518,-0.183044044284346,0.124492811514836,0.0511202883110723,0.118977753814317,0.031488754912213,0.101810371714989,0.0995488312939228,0.00222798298145507,-0.0134255875133066,0.0189443095699907,0.0586806904020173,0.0421877895177849,-0.00836345791499872,0.0348288072978875,0.119048725100304,0.0345810292764946,0.0135984031654833,-0.0251910604071608,0.0715789007351468,-0.0196484265799291,0.13388058242962
"33",0.101009759559368,0.227347418627396,0.075868367649744,-0.048738321962628,0.044688880023279,0.132301288756529,0.254445196804972,0.165023743361565,-0.0993587581491716,-0.0188406422143785,0.237483735479094,0.267082513947611,0.0799897889179636,0.0508933842236946,0.096329977899271,0.0478245688631519,0.178243599700964,0.12274389400841,-0.108802071525115,-0.109378614814701,0.119258867826132,-0.0906267700347814,0.0905135564203973,0.0317669693765971,0.182420686731222,0.023699407692674,0.0528972320939683,-0.019132098102452,0.0437140302492896,0.0991965907312148,0.079386072618712,0.0670562725033241,1,0.402863918037428,0.130500902523449,0.103066532428651,0.0628327426834046,-0.0910842472301703,0.0788250930354522,0.0472347014540852,0.0706861555314737,-0.053680264213296,0.0287727404952557,0.0450136938388845,-0.196733416411928,-0.00744653512301032,-0.0873565776134049,0.255867316544595,0.0634183463025208,-0.0227636293803707,-0.0207452784416702,0.132050602135774,0.0689423062364431,0.183204471875142,0.0488779734347232,0.181080156659168,0.147593003808496,0.186294320476183
"34",-0.047650013117585,0.181107799329148,0.164389933826977,0.0715339174003905,0.103203098200587,0.0235043243723148,0.0197531012730328,-0.0775561114046777,-0.0522794285792426,-0.0676014281165151,0.228766318387563,0.370777464573474,-0.0290496099385301,0.131760608981804,0.255751221738148,0.145307933319149,0.0470141982305818,0.258360730243665,-0.115948411711095,-0.165427720610257,0.0355698103682059,0.0544490290295521,-0.02073941135963,0.0545048478358256,0.0571917146845051,-0.0153456703088038,-0.167620505898121,-0.0672314585336433,-0.0655426782888989,0.00591363728789897,-0.0945308119132811,0.0901060864059303,0.402863918037428,1,0.0636037146907295,-0.0304326096137482,-0.0705915734787118,-0.219545539202481,0.0905255731007722,0.231062686496934,0.0356743028839646,-0.0487821750122029,0.0141128405252962,0.13236537877205,-0.171406180644076,-0.246762249146765,-0.04047603086658,0.260525125706184,-0.106059306296204,0.127663306983929,0.106489347940112,0.24445225952371,0.163609108597512,0.195649253514136,-0.0306964758063919,-0.0846622446700408,0.297197580673586,-0.0254974347378747
"35",0.0515434296292087,-0.176599983523163,-0.0389975119201868,-0.0987625345117672,-0.103153077776639,0.12594728392015,0.18138695573626,0.0790654161854126,0.0680896849213009,-0.0818152168452558,0.16577035285183,0.0141544081023281,0.118942931349893,0.225030519133416,0.127263440823807,-0.0367240218228917,-0.131145095456018,-0.00414310702593583,-0.121725687460738,-0.0338333507622553,0.0275961112789872,-0.0303128787802541,-0.0437471053872831,0.0319343841402807,-0.0593957995046504,-0.146834696914319,-0.181241929979936,-0.081204985945186,0.073993967967696,-0.204858075666013,-0.0014860390096547,-0.0380477780428102,0.130500902523449,0.0636037146907295,1,0.563236935059915,0.350435030797896,0.251342344909086,-0.109976197187319,-0.240662354149991,-0.0424889726089564,-0.0369696055437534,-0.0665113589346577,0.0440863612370272,0.215711136349377,0.0663914197285429,-0.267877283448577,-0.218406777559541,0.119613336788279,0.10400431605115,0.0550672731427991,-0.0555643025726186,-0.198785705288918,0.160485679521727,0.12314506313105,-0.12926258796437,0.121457788100516,-0.0642117768351358
