"","l_Insular.Cortex","r_Insular.Cortex","l_Amygdal.Area","r_Amygdal.Area","l_Bed.Nucleus.of.the.Stria.Terminalis","r_Bed.Nucleus.of.the.Stria.Terminalis","l_Hippocampus","r_Hippocampus","l_Orbitofrontal.cortex","r_Orbitofrontal.cortex","l_Entorhinal.Cortex","r_Entorhinal.Cortex","l_Frontal.Association.Cortex","r_Frontal.Association.Cortex","l_Globus.Pallidus","r_Globus.Pallidus","l_Glomerular.Layer.of.the.Accessory.Olfactory.Bulb","r_Glomerular.Layer.of.the.Accessory.Olfactory.Bulb","l_Glomerular.Layer.of.the.Olfactory.Bulb","r_Glomerular.Layer.of.the.Olfactory.Bulb","l_Granule.Cell.Level.of.the.Cerebellum","r_Granule.Cell.Level.of.the.Cerebellum","l_Hypothalamic.Region","r_Hypothalamic.Region","l_Entorhinal.Cortex","r_Entorhinal.Cortex","l_Vermix.Molecular.Layer.of.the.Cerebellum","r_Vermix.Molecular.Layer.of.the.Cerebellum","l_Lateral.Molecular.Layer.of.the.Cerebellum","r_Lateral.Molecular.Layer.of.the.Cerebellum","l_Anterior.Olfactory.Bulb","r_Anterior.Olfactory.Bulb","l_Posterior.Olfactory.Bulb","r_Posterior.Olfactory.Bulb","l_Subiculum","r_Subiculum","l_Perirhinal.Area","r_Perirhinal.Area","l_PreLimbic.System","r_PreLimbic.System","l_Primary.Cingular.Cortex","r_Primary.Cingular.Cortex","l_Primary.Motor.Cortex","r_Primary.Motor.Cortex","l_Retrosplenial.Cortex","r_Retrosplenial.Cortex","l_Secondary.Cingular.Cortex","r_Secondary.Cingular.Cortex","l_Secondary.Motor.Cortex","r_Secondary.Motor.Cortex","l_Striatum","r_Striatum","l_Ventral.Tegmental.Area","r_Ventral.Tegmental.Area","l_Substantia.Nigra","r_Substantia.Nigra","l_Thalamus","r_Thalamus"
"1",1,0.184359495550733,0.0140360815661189,0.0756904632029426,-0.0103558664611517,0.0349611136306383,-0.0591279151842482,0.147396540179243,0.281729729415811,0.198860715037369,0.0217005565064012,0.374334826514806,-0.00373655241752415,0.00366142643629381,0.0801639946627728,0.117983947895199,0.108509475037086,0.097724536618501,-0.122649569785742,0.00939434128088863,-0.0401764518564321,0.00180550118738476,-0.0515990702038358,0.0672699711235172,-0.0466064573538211,0.179995569166478,-0.00722626110068584,-0.0435048029100752,-0.0976663703118652,0.166702173436109,-0.0264684729665701,0.0493862284915055,-0.0006044103220803,0.00989579148240336,0.0968669974072348,0.0267620147217197,0.0898559160848094,-0.0558500752168199,0.105104867901202,-0.0677252085812606,-0.00033847281316909,-0.1065003314332,0.0780852715572816,0.132716941995871,-0.0420621853818888,0.0381763844877051,-0.107254139914388,-0.0626737737996026,0.0259792298697999,-0.0336445622926059,-0.00439434183523864,-0.07008642816316,-0.189617894553345,-0.0517665868389406,0.0617874657095185,0.0282866040961071,-0.174582330539392,-0.102401612250546
"2",0.184359495550733,1,-0.0516610319429907,0.0807029624213335,-0.0783647330225095,-0.112682678859579,-0.119685541472025,0.0508964962012681,0.0710931685669921,0.383670286651136,0.106381060524404,0.12018786164497,-0.0160841535218967,-0.0133253058519575,-0.0683081071472432,-0.101634242277225,0.162598048101306,0.0670350815300615,-0.154036183102352,0.0751321174614896,-0.0257389646000306,-0.0145778169155264,-0.0748556739403359,-0.00973440039982421,-0.0498300671699881,0.192321578611198,0.0812485107884614,0.163236389526837,-0.186741321420797,0.0833858500760783,0.0531076952974626,0.293041399070042,-0.0909832060204248,-0.00117661696271554,0.172164028498006,-0.103807349664193,0.0344582296797139,-0.163344964208007,-0.231207077190557,-0.117252281628931,-0.104176173723011,-0.16041318476027,0.0182571453133426,0.0273373394247766,-0.222778363938473,-0.0292954903516618,-0.102100320984431,-0.0622236371887623,-0.0769034637101408,-0.117063765489935,0.0797287077785008,0.0411696979620555,-0.176590874197226,0.00891274426714604,-0.111974017886759,-0.0139963075581351,-0.0627844745073587,-0.107951810305694
"3",0.0140360815661189,-0.0516610319429907,1,0.0209111072508221,-0.0419537239452978,0.0923085424990721,0.198482442523018,0.0155319903750391,0.0868610488351638,-0.152375534126398,0.177968273908779,0.145952912824194,-0.0951360231137448,0.153484011694508,0.0573547144199018,0.0500565104165655,-0.0397588573238104,0.121992205040074,0.0308004891516214,0.120412033427397,0.0614178077839773,-0.0444079119949666,-0.0372875746099656,0.0677380717916724,-0.0531408470777886,0.244076530254545,-0.0667843306399891,-0.0271482495830906,0.178547695494425,0.176488771408662,0.184649530549983,0.107028017322596,0.109738776553661,-0.151508236157196,0.104669118724045,-0.0154478390013991,0.118144003394508,0.095407446374291,0.132234314891435,-0.00372865292398875,0.171460915270414,0.0862092292558736,-0.056880381902657,-0.0528616781675458,0.174410503821738,-0.0200244336680819,0.169131954386763,0.2284130015112,-0.0493058977082617,0.0961711738701539,-0.0704678126512879,-0.069731751937514,-0.0707763724984552,0.0529672406703046,-0.00031143605856265,-0.139202256591365,-0.00607379816749826,0.0367482030630003
"4",0.0756904632029426,0.0807029624213335,0.0209111072508221,1,-0.00778657825270821,-0.166200253475398,0.019141124060564,0.00381457180554937,-0.0527089903237421,0.175791553938336,0.166763870208011,0.119372759260931,-0.172375461202193,0.127348304742771,0.163088546860094,-0.133345138018526,0.0851635672702464,0.13152834035373,0.104785690368457,-0.138931731926722,0.0711906080013119,-0.109051274768318,-0.0919405532705627,-0.0414526616978849,0.0339426063389366,0.00659763904431843,0.264738140132591,0.0683317697414912,-0.039361373749171,0.123860964987857,0.118365679393269,0.0951091887277174,-0.12083723790194,-0.0430148389314714,-0.0390739383433257,0.0644450017848902,0.0207293305037697,0.0749915152470025,0.0759777606521323,0.11691302886838,-0.126201426791006,0.0910416151568694,-0.145510963486157,0.0243919695206347,0.140842432669696,0.0113951982176714,-0.0912617023687324,-0.0471374336543079,-0.0655565680085381,0.100967731339211,0.0157782893559115,0.0053874061782089,0.0709501263700438,-0.086864059431389,0.0537832335924968,-0.029744442949974,0.138296338693768,-0.215780765949177
"5",-0.0103558664611517,-0.0783647330225095,-0.0419537239452978,-0.00778657825270821,1,-0.0778496970128292,-0.144041357758527,0.00156709415161651,0.0389637596805813,-0.0945524292061641,-0.028471467196764,0.137789770057416,-0.172335661716145,0.0232651154812022,-0.076817237255303,0.0748607926775749,-0.0936423875090126,-0.0877731828743626,0.164604102824056,0.173163741468197,0.102362738387859,-0.0874418369642158,0.0782878680619924,0.144752853689151,-0.00168698008274732,0.110002669153006,0.0264071502405335,-0.0260880355852636,0.0709629527008975,-0.180143822191602,0.0166583424271081,0.0283513269641688,-0.0155203298079889,-0.0652341530140268,-0.15069131302745,0.00644867031726932,-0.0796043999014353,-0.106552718562401,-0.0604878835858607,-0.114179256542439,-0.0511488949282351,0.0502658010753357,0.0497812388151991,-0.0709826835871846,0.0801248070204897,0.068529857483302,-0.106725512503224,-0.199219982151467,-0.155221822379609,-0.021804750935629,0.0482461535882878,-0.00763979150031159,0.0708615663097857,0.133989693329126,-0.0593426996836355,0.0348073822918752,0.322676953518015,0.047982703834792
"6",0.0349611136306383,-0.112682678859579,0.0923085424990721,-0.166200253475398,-0.0778496970128292,1,0.084325215326012,-0.272388666520971,-0.00809236606131147,-0.0937920104924101,0.0964106352167798,-0.181231545564807,0.0477456958886837,0.0318440385164705,0.0196107353608131,0.0847630820953361,-0.0164185529611376,0.0234617657093194,-0.116592848670983,0.0253344496944186,-0.24454516880589,-0.0856074098455456,0.248898853869589,0.143483545517482,-0.0225055622871154,0.0874748858575296,-0.0481272485181298,-0.028748785658462,-0.174575232590534,-0.00233802516350891,-0.0999351555705603,-0.14273960541684,0.0908721243565408,-0.0277414223226215,-0.122321192266262,-0.0494585704823686,0.137119921691211,0.20796641156071,0.138933618872261,0.14060624839736,0.0857740153806779,0.06096986570584,-0.0374315286428487,0.056153520285597,0.0328578608072127,0.0399842346117958,0.00606986644291646,0.0500388683637871,0.13358695228091,0.113625308467294,0.057094589068806,0.193691857811659,0.0244565329689905,-0.0304346067719605,-0.0393997132781564,0.0101035526338641,0.0434186272127936,0.20978971005239
"7",-0.0591279151842482,-0.119685541472025,0.198482442523018,0.019141124060564,-0.144041357758527,0.084325215326012,1,0.103453382636825,-0.0623238339268695,0.0137696072901014,0.189210333033859,-0.0565474015803685,0.0350279595779131,0.159655958931487,0.106197161410335,-0.0313395684667704,0.0275289301566645,-0.00966014183543956,0.0271024443071624,0.0892817417068247,-0.126463656550927,-0.15333171576334,-0.0284310543202008,-0.112778366040081,0.146207283299333,0.170427562792822,0.0139967256548251,0.191869226770778,-0.0759812852647297,0.283155741787545,0.220311069434846,0.0158493619132332,0.093680921811292,-0.00262691007148408,0.0442496407020382,0.1527107996809,0.258328650439086,0.398723195456889,0.208613923268575,0.266946608119172,0.0322244898630369,0.0755501071485638,-0.00364729312702493,0.0492529440578643,0.248401490981759,0.128672241259188,-0.201190945428916,-0.142417618988305,0.16271773966615,0.16963122781798,-0.0578311556011419,0.0365500961747212,0.0919846647485001,-0.126337248876701,0.199906169221469,-0.195056231439281,-0.15753512324941,0.010946842334433
"8",0.147396540179243,0.0508964962012681,0.0155319903750391,0.00381457180554937,0.00156709415161651,-0.272388666520971,0.103453382636825,1,0.292233292783193,0.18977323537678,0.162551552166631,0.00967076683211427,0.134488994271389,-0.0472557906349672,0.0740798841723857,-0.158310177068726,0.0885928742273566,-0.151447690524103,-0.127030702473662,0.0382459559009341,0.0829598210002524,-0.00509728070334787,0.0787973148734974,-0.0340606340437158,0.0684209765710703,-0.0421419420364306,0.165365461807176,0.136249251354749,-0.0271693510550928,0.133502069731511,0.029468984324784,0.139392445163171,0.140592092060877,0.133179803692655,0.0912971327337905,0.174439533692408,-0.0577961260225265,0.222814505235676,-0.0162815133034857,0.100896430599367,0.217552064002555,0.107423929137194,0.086354212469275,0.205628057754791,0.0106936741158871,0.0930680056798693,-0.0572835373999247,-0.120163571078301,0.111234769586898,0.113184407183679,0.0249206926176917,-0.0120119818402677,0.0269245315873524,0.174783392430161,0.0466413796749151,0.125029689520462,-0.0607999093574643,-0.170072625461206
"9",0.281729729415811,0.0710931685669921,0.0868610488351638,-0.0527089903237421,0.0389637596805813,-0.00809236606131148,-0.0623238339268695,0.292233292783193,1,0.0786246140476937,0.056909550692314,0.0543901388766236,0.158908899533467,-0.0822583429410649,-0.0575843722535603,0.0426707592064662,0.1503564186563,-0.0202742629959006,-0.0889493110615146,0.141593117486202,0.127892542166779,0.0545464910671854,-0.100278209854447,0.00196166155315269,-0.0146117117143667,0.197940669060086,-0.144691634911605,-0.0263642731555348,-0.00414103299305032,0.00427242607708558,0.112511456474857,0.170673565285036,-0.0289291265062871,0.096946775952939,0.0873168864535682,0.0663406964957753,0.115426232840823,-0.0670218170057782,-0.0226517271325283,-0.00489143143287535,-0.00470760990973867,-0.0830902267985802,0.25397064852088,0.225617388138082,-0.00580530175427287,-0.00199157488793795,0.0081625189641977,-0.168719571335492,0.252513915079824,0.00747195280654097,-0.16299664336882,-0.0641883235974263,-0.06862742911564,-0.0618372262572086,-0.0557606922453146,0.0465509813174952,-0.0819337774501954,-0.00123707357721609
"10",0.198860715037369,0.383670286651136,-0.152375534126398,0.175791553938336,-0.0945524292061641,-0.0937920104924101,0.0137696072901014,0.18977323537678,0.0786246140476937,1,-0.0174496806157669,0.115635423871691,-0.0627924760848284,-0.10221393307408,0.155658559208994,0.122083521312662,0.0988528411351373,0.107568631085902,0.0663749535140671,-0.0327332279254095,-0.169708558930683,-0.0530927799885051,-0.0643996923337157,-0.0733913671862621,0.129118912339715,0.107199768282053,0.0802842303815268,0.169055508927896,-0.0282582351434147,0.137428216015811,0.0251003958283097,0.160942713314425,-0.0741275884653234,0.0295206488825598,0.0347833748522636,0.103433003158569,0.269004481672259,-0.0686088050908624,-0.13458675880853,-0.0768438333530883,-0.0866645897198724,-0.282751941875469,0.177179347315348,0.240607264957817,-0.024267352083921,-0.134597241845853,-0.196020631460471,-0.165213741209503,-0.0172462903689489,-0.0992536455954168,0.0830730891152664,-0.0477765533289819,-0.0893241330489259,-0.0555718676575304,-0.12431112363836,-0.0937108835364505,-0.0666143141845704,-0.0159425831327246
"11",0.0217005565064012,0.106381060524404,0.177968273908779,0.166763870208011,-0.028471467196764,0.0964106352167798,0.189210333033859,0.162551552166631,0.056909550692314,-0.0174496806157669,1,0.0723828026791708,0.105450468664036,0.24383033728717,-0.0469640215090872,0.00448809888728083,0.211043137908001,-0.00796019566098479,0.0261323389180855,0.138018374691987,-0.0330604113608246,0.00534059437724494,-0.0639691492716712,-0.0346707356337052,0.0246532074943353,0.102457324740234,0.0389306505345286,0.367178933275132,0.136809567419231,0.145500006776597,0.185512790881557,0.190696873514373,0.101633757592318,0.047056972668079,0.167011218494979,-0.00837956852708526,-0.0368556860053931,0.143722499426933,0.177657472151124,0.250842313954492,0.186823240409444,0.235975165664371,0.0160413749981097,0.159883374975445,0.121341144880033,0.0191425237248841,0.170330790452593,0.161855100636823,0.0886088364454247,0.198868523884645,0.123802244257387,0.136595109383428,0.0503066056435515,-0.0426808624063558,0.0628660631674454,-0.0237975883342577,0.0772851216662397,0.00909864025913665
"12",0.374334826514806,0.12018786164497,0.145952912824194,0.119372759260931,0.137789770057416,-0.181231545564807,-0.0565474015803685,0.00967076683211427,0.0543901388766236,0.115635423871691,0.0723828026791708,1,-0.203454576622636,0.0471025052225761,0.0898970949837949,0.107329431653919,0.0388907053551896,0.0898046817591467,0.0622392358858871,0.177847703536994,-0.00342503894506735,0.0269366806020894,-0.142218672025685,-0.0411541076484305,-0.116647779900814,0.100789692695749,0.0263454207288726,0.0570208140877093,0.067158813743944,0.0846619543063684,0.0719755128531056,0.0834203017975929,0.139716899409395,0.0202793865888631,0.243266880352374,0.209772007789863,-0.120405531553685,-0.0423881705999776,-0.00042909079276285,-0.117720306476192,-0.0584330159468145,-0.172578702025623,-0.162195761545599,-0.107354505569383,0.00848804932405694,-0.0547170603836966,-0.0325271348806002,-0.071813551228834,-0.0917502435356799,0.019533570433026,0.0411477762978546,-0.0136854975088624,-0.154458159389716,-0.0260773787884079,-0.132381425476123,-0.0530166434614416,-0.101607274659321,-0.242595655177702
"13",-0.00373655241752415,-0.0160841535218967,-0.0951360231137448,-0.172375461202193,-0.172335661716145,0.0477456958886837,0.0350279595779131,0.134488994271389,0.158908899533467,-0.0627924760848284,0.105450468664036,-0.203454576622636,1,0.084503555955353,0.0208151652494235,-0.09963152999457,0.215524152645369,-0.0013468171135931,-0.246122075600279,-0.0825266120684669,0.0812003511898149,0.0352078258795302,-0.185816396509621,0.00904811678026474,-0.0283766024149695,0.0521287765026019,0.109679237730892,0.199949996355908,0.0129453027160318,0.0952906037801899,0.00308286535231063,-0.00382154815282993,0.0118960540235686,0.0692882173912105,0.0287496405641698,-0.167865528512292,-0.0255531734382097,-0.0850734887152866,0.205090804752704,0.0875978727142268,0.229938288852731,0.074454496769409,-0.0195721221763691,0.109677456559565,0.16963919438106,0.0267828764203965,0.0269212488128674,-0.0655693690277063,0.560567889714082,0.0575008873795527,-0.0152458646540464,0.0162740003562709,0.172458305071029,0.0418393193890584,-0.0312457087708772,0.035254827591705,-0.0517910465664239,0.127994543492512
"14",0.00366142643629381,-0.0133253058519575,0.153484011694508,0.127348304742771,0.0232651154812022,0.0318440385164705,0.159655958931487,-0.0472557906349672,-0.0822583429410649,-0.10221393307408,0.24383033728717,0.0471025052225761,0.084503555955353,1,0.0331011821762944,-0.179982870380327,-0.0192191070926048,0.0463043222734512,-0.036948531944317,-0.0690446903214365,0.0141453563245318,-0.00201526379748195,-0.00269721792913792,0.0397104260686112,0.0672063660831111,0.0360221898640188,-0.0354287176641212,0.0583705233318867,-0.0169635372458419,0.18570259241511,0.0571818137053752,-0.0784065153105323,0.175959761627076,0.0905326079321984,0.0210043787005494,0.0735518930226241,-0.139583070441223,0.0377116967630276,0.0850580549606449,0.25845151214315,0.156971955638127,0.0809974475655649,-0.139444172995336,-0.0959322386185555,0.317550750382434,0.152541511630854,-0.0320410650808729,0.0865442234123789,0.135627178656073,0.536350500085656,0.135098692097113,-0.107460069929598,0.0389155695880487,-0.136242108446891,0.250081794889169,-0.0491027547838687,0.0582090141743173,0.00605463733484331
"15",0.0801639946627728,-0.0683081071472432,0.0573547144199018,0.163088546860094,-0.076817237255303,0.0196107353608131,0.106197161410335,0.0740798841723857,-0.0575843722535603,0.155658559208994,-0.0469640215090872,0.0898970949837949,0.0208151652494235,0.0331011821762944,1,-0.0300372267973965,0.052456126571123,0.142145378527166,-0.0283900825261588,0.120272604553855,-0.0724584364438125,0.0786487498373836,0.0708724060139842,0.014605841027633,0.0406089157018478,0.0972701543963697,0.0887621159519166,0.13361307908525,-0.104942273439675,-0.0650370111728694,0.106299927637612,0.0275153141586628,0.0122924969108781,0.0226411525628719,0.125805847244664,0.128490847796168,-0.0141000168082722,-0.00467070784807182,0.163682454017999,0.174161870314658,0.119160333711068,0.121926154245892,-0.181894283916569,0.0710100279123531,-0.0621389823950412,-0.0783021742463903,0.113874289397173,0.0799708893383848,0.0536797909069951,0.0541551488800238,0.123141180285687,0.0459478438906796,-0.160461613923614,-0.0571117089793308,-0.126592812075628,-0.00908402586067497,0.0987799827069535,-0.0552225643892273
"16",0.117983947895199,-0.101634242277225,0.0500565104165655,-0.133345138018526,0.0748607926775749,0.0847630820953362,-0.0313395684667704,-0.158310177068726,0.0426707592064662,0.122083521312662,0.00448809888728083,0.107329431653919,-0.09963152999457,-0.179982870380327,-0.0300372267973965,1,0.0567168125263272,0.224745317070618,0.109631615842674,-0.0889158956101874,-0.140359236062066,0.0565789008676375,-0.0107829646110594,-0.196657912043256,0.0657108950500004,-0.0531116522473757,-0.0311347243103474,-0.0526362894120108,0.144868298107941,0.00543662548940586,0.0801973313804413,0.0502705860780926,-0.0189050100320495,-0.0923998801940755,0.00978247031687957,-0.0506531259662267,0.0454663691448369,-0.00664505855789126,-0.0694029147785949,-0.011057641313937,-0.27773646959678,-0.206224595883363,0.169217493298394,0.113626260944517,-0.0507678105964918,-0.0118168021667625,-0.11757962547978,-0.0298669258765375,-0.152307708798632,0.0197994127915568,0.109961061653941,0.168913886287243,-0.136221186592271,-0.0180841610037863,-0.0749240391612436,-0.0194997098113754,-0.11607945878352,-0.063871411074061
"17",0.108509475037086,0.162598048101306,-0.0397588573238104,0.0851635672702464,-0.0936423875090126,-0.0164185529611376,0.0275289301566645,0.0885928742273566,0.1503564186563,0.0988528411351373,0.211043137908001,0.0388907053551896,0.215524152645369,-0.0192191070926048,0.052456126571123,0.0567168125263272,1,0.121926132223413,0.0476852080669007,0.0701279750717,0.30781608073789,-0.0803276150715078,-0.106867865627604,-0.132658471866329,-0.00873198865411138,0.0382701007972989,0.0657650831599133,0.168647693671735,0.186206990146689,0.139255281965821,0.315379891498593,0.155082093045978,0.160276157122087,0.0456910244543952,0.0944829360022565,0.0428153191822608,0.106208104085576,0.0996167604059622,0.118627500219736,0.0672741895145568,0.110666326176426,0.188398170990342,0.103781611369212,0.292430210174163,0.0234426935874533,-0.0400787781115672,-0.114138685945538,0.0046816177903945,0.354254622329163,0.12988414428363,-0.00268598161789688,0.0702859853068848,0.0357639686927056,-0.00314680950632839,-0.0456685119791646,0.0220919695180929,-0.0995775687906988,-0.0399875540407822
"18",0.097724536618501,0.0670350815300615,0.121992205040074,0.13152834035373,-0.0877731828743626,0.0234617657093194,-0.00966014183543956,-0.151447690524103,-0.0202742629959006,0.107568631085902,-0.00796019566098479,0.0898046817591467,-0.0013468171135931,0.0463043222734512,0.142145378527166,0.224745317070618,0.121926132223413,1,0.143860952538108,-0.106762685371099,0.112625121941621,0.0276743308835649,-0.0480980211790114,-0.174873200332835,-0.00987176740203462,-0.00688454936583639,0.237025322885763,-0.193671525672956,-0.0439288654608226,0.121428526980872,0.0863442961441991,0.0566801175029745,-0.118298462706483,0.00079543098396506,0.172309288839688,0.0430494285012659,0.0381456347941683,-0.28309232877503,0.219032676429588,0.118901759877233,0.0298824403383935,0.176816087667411,-0.0724837447810868,0.105387886566887,0.172244850439076,0.108961251469109,0.113452350429556,0.0755601369420614,0.087456216579229,0.178608752237596,0.125579429441998,0.210728574168228,-0.215663820192109,-0.0284087124942137,-0.0165993873302978,-0.0250839379101123,0.0440572131124898,0.0799439105025898
"19",-0.122649569785742,-0.154036183102352,0.0308004891516214,0.104785690368457,0.164604102824056,-0.116592848670983,0.0271024443071624,-0.127030702473662,-0.0889493110615146,0.0663749535140671,0.0261323389180855,0.0622392358858871,-0.246122075600279,-0.036948531944317,-0.0283900825261588,0.109631615842674,0.0476852080669008,0.143860952538108,1,0.0154594805042449,0.196433509537494,-0.026818050439383,-0.0186099640715797,0.0385137180770882,-0.0414323257216952,-0.368970356981295,-0.0497776207875268,0.0830297248840108,-0.0383433235111289,-0.0812111135579085,0.327514536123299,0.0267894167823518,-0.191751358795651,-0.125693048792437,-0.141486440236716,-0.076888735787737,0.124876983434662,-0.0129597205589901,-0.0446925143851959,-0.00710379422970074,-0.071841705269469,0.083577083863216,0.109343102850443,0.0920956450492784,-0.0678987924105795,-0.221008074717722,0.07647289336012,-0.0136554647659181,-0.127748558473422,-0.0224970767511552,0.0903592306250655,0.14950829061125,0.0749226800431652,0.00329988030244622,-0.00549349148731496,0.0495425803187166,0.164229803617355,0.0730445100462353
"20",0.00939434128088863,0.0751321174614896,0.120412033427397,-0.138931731926722,0.173163741468197,0.0253344496944186,0.0892817417068247,0.0382459559009341,0.141593117486202,-0.0327332279254095,0.138018374691987,0.177847703536994,-0.0825266120684669,-0.0690446903214365,0.120272604553855,-0.0889158956101874,0.0701279750717,-0.106762685371099,0.0154594805042449,1,0.238733533100275,0.0576173977348883,-0.0287590413473092,0.00802783166594622,-0.0397721085170985,0.129640353620395,-0.149440451115687,0.0750536906744261,0.0501349931334143,-0.124010470623249,0.292823346894328,0.164715062560945,0.107894598863717,0.253991072023232,0.248807893026241,0.22233338853753,-0.0322189202109869,0.155623637216948,0.0483002272761616,-0.0231534885390004,0.0444194988296235,0.0421839539836439,0.0255942740382607,0.201568686900336,-0.00832929790657748,0.0566564449630495,-0.048916277332869,-0.196776949036748,-0.0128544464863753,0.0537482652122113,-0.116258012041917,-0.0380554895278951,3.26129354262539e-05,0.0104063238068246,-0.113385877882829,0.0584091841417455,0.00662441675906268,-0.0125559056362231
"21",-0.0401764518564321,-0.0257389646000306,0.0614178077839773,0.0711906080013119,0.102362738387859,-0.24454516880589,-0.126463656550927,0.0829598210002524,0.127892542166779,-0.169708558930683,-0.0330604113608246,-0.00342503894506735,0.0812003511898149,0.0141453563245318,-0.0724584364438125,-0.140359236062066,0.30781608073789,0.112625121941621,0.196433509537494,0.238733533100275,1,-0.0431017103305118,-0.0790012619058313,-0.0285226476385334,-0.0181500398219817,-0.140311335874916,-0.0361727108485276,-0.153266783670128,0.0938789293578392,-0.0647721687429197,0.222400049792876,0.0560727046907809,-0.0823804567404557,0.140914954479612,-0.100913559511774,0.0324535659452227,-0.0920666657855364,0.0941400279787693,0.0277741171760759,0.00732732520428494,0.179813154053413,0.301726619449396,0.0295099652626205,0.181463732011492,0.0541654785866482,0.0254368318877481,0.133645555945411,0.00730983408598611,0.122689588900798,0.0423011537021084,-0.183148488436953,0.00629800863024814,0.0419326145245686,-0.0463724710951149,0.0330338147900232,0.170553594124828,0.0766303034394341,0.0136397931226684
"22",0.00180550118738476,-0.0145778169155264,-0.0444079119949666,-0.109051274768318,-0.0874418369642158,-0.0856074098455456,-0.15333171576334,-0.00509728070334787,0.0545464910671854,-0.0530927799885051,0.00534059437724494,0.0269366806020894,0.0352078258795302,-0.00201526379748195,0.0786487498373836,0.0565789008676375,-0.0803276150715078,0.0276743308835649,-0.026818050439383,0.0576173977348883,-0.0431017103305118,1,-0.00946794946258993,0.0980791031065783,0.04943090447485,-0.0312808114346831,-0.0174019553538341,-0.138298690662513,-0.0978250329208356,0.0632433915048038,-0.028422881865083,0.177370019651132,-0.0411595069115946,0.00302954460592589,0.0568698002003717,-0.0303909900192144,-0.162665830952795,-0.166131002864838,-0.0253900752720056,0.00658446095003582,0.0512869832632568,-0.0633318362162214,0.132755417052196,-0.0335956562960966,-0.0432622185645936,-0.0814382916427239,0.195112369457196,0.0490222657680599,-0.00556033939722663,-0.0479374171408297,-0.0924966687210173,-0.100763685580846,-0.0994475816135636,0.031223503595818,0.00331240938635452,-0.0263628976479252,0.0750263647309216,-0.0417173404006892
"23",-0.0515990702038358,-0.0748556739403359,-0.0372875746099656,-0.0919405532705627,0.0782878680619924,0.248898853869589,-0.0284310543202008,0.0787973148734974,-0.100278209854447,-0.0643996923337157,-0.0639691492716712,-0.142218672025685,-0.185816396509621,-0.00269721792913792,0.0708724060139842,-0.0107829646110594,-0.106867865627604,-0.0480980211790114,-0.0186099640715797,-0.0287590413473092,-0.0790012619058313,-0.00946794946258993,1,0.372537896876559,0.248052459680706,-0.214810512935452,-0.119087966541958,-0.0056702479629554,-0.282422381435352,-0.0783530670593,0.0487791691964589,0.0899843418263971,-0.0132610380470273,-0.0772989072176373,0.06497324529599,0.0704310261566549,0.12874720891454,0.157589286882221,-0.176523236200923,-0.0848950851539424,0.116448451156275,0.0486287359879936,0.0415162678677216,0.198783593750009,0.0489331435238499,0.0648662845712884,-0.0307441153236362,0.00913086231286297,0.110851642789727,0.149218250663659,0.069841493441501,0.041848766654232,0.170448888680941,0.0628312161749604,0.0947751812593012,-0.0449464395929413,0.06257492246689,-0.0322503232186128
"24",0.0672699711235172,-0.00973440039982421,0.0677380717916724,-0.0414526616978849,0.144752853689151,0.143483545517482,-0.112778366040081,-0.0340606340437158,0.00196166155315269,-0.0733913671862621,-0.0346707356337052,-0.0411541076484305,0.00904811678026474,0.0397104260686112,0.014605841027633,-0.196657912043256,-0.132658471866329,-0.174873200332835,0.0385137180770882,0.00802783166594622,-0.0285226476385334,0.0980791031065783,0.372537896876559,1,0.0777013153570121,0.0319347931420728,-0.11960379922552,0.0062902505585979,-0.178701012344645,-0.126338999131033,-0.0138890387593476,-0.051949769498056,-0.0936222632576508,-0.100113018529161,0.0101462323910117,0.0621850370763109,-0.00695479949119981,0.0731851220881572,-0.0133738438982799,-0.040063201491092,0.112929137505248,-0.0100920504622203,0.0730951546574272,0.0372286811600452,0.0469069864626481,0.0195405737424059,-0.0561529178998758,-0.130749451654894,0.0477833597217268,-0.0823926259822416,-0.00103394741201596,-0.0829161348475308,0.0851721416995482,0.0172112460665856,-0.0561427008177819,-0.139729613800553,0.0162043348791822,0.0408340474683247
"25",-0.0466064573538211,-0.0498300671699881,-0.0531408470777886,0.0339426063389366,-0.00168698008274732,-0.0225055622871154,0.146207283299333,0.0684209765710703,-0.0146117117143667,0.129118912339715,0.0246532074943353,-0.116647779900814,-0.0283766024149695,0.0672063660831111,0.0406089157018478,0.0657108950500004,-0.00873198865411138,-0.00987176740203462,-0.0414323257216952,-0.0397721085170985,-0.0181500398219817,0.04943090447485,0.248052459680706,0.0777013153570121,1,0.0838613796173383,-0.173329238200918,-0.00903483035728173,-0.00430361491725443,0.0940052708499707,-0.11773962690287,0.0883895905412316,0.0762841991877289,0.0510047170502154,0.0819016678987968,-0.119429177079694,0.118204570865009,0.059369521286361,0.0109540044011624,0.0887010271570585,0.146059866089343,-0.00271566088301404,0.074648437967119,0.086510496383315,-0.0535781147230918,0.127724442261846,-0.055957652262108,-0.0376708720197629,0.0592115721555889,0.0688970572256951,-0.0503436715517036,-0.0114074750312963,-0.0785624718654318,0.209925642752775,0.130052680056007,0.0957765456889997,0.0192867634317642,0.0516450131379156
"26",0.179995569166478,0.192321578611198,0.244076530254545,0.00659763904431843,0.110002669153006,0.0874748858575296,0.170427562792822,-0.0421419420364306,0.197940669060086,0.107199768282053,0.102457324740234,0.100789692695749,0.0521287765026019,0.0360221898640188,0.0972701543963697,-0.0531116522473756,0.0382701007972989,-0.00688454936583638,-0.368970356981295,0.129640353620395,-0.140311335874916,-0.0312808114346831,-0.214810512935452,0.0319347931420728,0.0838613796173383,1,0.0918856891831308,0.020255303787952,-0.0188367222445157,-0.0499754382007011,0.0131993981122746,0.10528319331995,0.241392167490043,-0.120300059846565,0.136041134780751,0.128680988310856,0.158929415461761,0.0299780165823538,0.0877195562831708,0.0312677383340853,0.0782843106011717,-0.0963951863166644,0.110544363218961,-0.0262364780512792,0.00838757249926078,0.0849750566724796,0.017515010368258,0.0341675961090783,0.121945428242164,0.0362609513469933,-0.120586380220448,-0.103452723871012,-0.160296401046684,-0.0383520486900621,0.0673967226391274,-0.135648161775364,-0.0298509108695175,-0.0180684636966758
"27",-0.00722626110068584,0.0812485107884614,-0.0667843306399891,0.264738140132591,0.0264071502405335,-0.0481272485181298,0.0139967256548251,0.165365461807176,-0.144691634911605,0.0802842303815268,0.0389306505345286,0.0263454207288726,0.109679237730892,-0.0354287176641212,0.0887621159519166,-0.0311347243103474,0.0657650831599133,0.237025322885763,-0.0497776207875268,-0.149440451115687,-0.0361727108485276,-0.0174019553538341,-0.119087966541958,-0.11960379922552,-0.173329238200918,0.0918856891831308,1,-0.0126062170166231,0.0286497110942167,0.166030024925596,0.0982487205300237,0.106224981604414,0.00165400274578067,0.00090959222710613,0.0334920964585957,0.064545760151835,-0.0907310509814254,-0.10156539185003,0.0707734405780874,0.312781289327931,-0.0113733577116075,0.0903589218082489,0.0268717572996156,0.158320358451535,0.0129912989597836,0.0960309182903336,-0.045700541563552,0.0244007342204449,-0.00297260329023652,0.227937870292903,0.101060484705128,0.0704879287636161,0.108214039489775,0.216536945693655,-0.0447410389375918,-0.0668677565475457,0.277157962727447,-0.10244187753465
"28",-0.0435048029100752,0.163236389526837,-0.0271482495830906,0.0683317697414912,-0.0260880355852636,-0.028748785658462,0.191869226770778,0.136249251354749,-0.0263642731555348,0.169055508927896,0.367178933275132,0.0570208140877093,0.199949996355908,0.0583705233318867,0.13361307908525,-0.0526362894120108,0.168647693671735,-0.193671525672956,0.0830297248840108,0.0750536906744261,-0.153266783670128,-0.138298690662513,-0.0056702479629554,0.0062902505585979,-0.00903483035728173,0.020255303787952,-0.0126062170166231,1,-0.00909196204636433,-0.0150820844681055,0.137390755306065,0.281493449051095,0.146926656382301,-0.0550314182895879,0.113668578896041,-0.0560684243289168,-0.00817516785581866,0.265148234015018,-0.189402552394318,0.0953576574055524,0.0407056425556214,0.024276226154935,-0.0896141843771774,0.0318225985517772,0.057409530295199,-0.0164526932940465,0.0334762837721392,-0.00575520023853225,0.041690815134569,-0.0608015659204761,-0.0233892355831441,0.0898439341775279,0.209315058240354,0.146670521075518,-0.157052333939258,-0.0175108928349499,0.0619288695585201,-0.0576592721213696
"29",-0.0976663703118652,-0.186741321420797,0.178547695494425,-0.039361373749171,0.0709629527008975,-0.174575232590534,-0.0759812852647297,-0.0271693510550928,-0.00414103299305032,-0.0282582351434147,0.136809567419231,0.067158813743944,0.0129453027160318,-0.0169635372458419,-0.104942273439675,0.144868298107941,0.186206990146689,-0.0439288654608226,-0.0383433235111289,0.0501349931334143,0.0938789293578392,-0.0978250329208356,-0.282422381435352,-0.178701012344645,-0.00430361491725444,-0.0188367222445157,0.0286497110942167,-0.00909196204636433,1,0.0199965054536955,0.0371890412826873,-0.0145609955438384,-0.00389099437955276,0.121604155264046,0.0109706823879922,-0.108630251994814,-0.00411069740460132,-0.0510394450158917,-0.107808071800995,0.0397308603040175,-0.103398577130264,-0.100059955455198,0.00800743310940081,-0.166899002213498,-0.035517154902776,-0.131981129124031,-0.00556079072357691,-0.0433250544368892,-0.0801952649141163,-0.0578803129392104,-0.168833161783539,-0.244136419583752,-0.121844153570995,-0.0411426818086566,-0.143299838694441,-0.14198633425854,-0.0999509726441398,-0.045065604859365
"30",0.166702173436109,0.0833858500760783,0.176488771408662,0.123860964987857,-0.180143822191602,-0.00233802516350891,0.283155741787545,0.133502069731511,0.00427242607708558,0.137428216015811,0.145500006776597,0.0846619543063684,0.0952906037801899,0.18570259241511,-0.0650370111728694,0.00543662548940586,0.139255281965821,0.121428526980872,-0.0812111135579085,-0.124010470623249,-0.0647721687429197,0.0632433915048038,-0.0783530670593,-0.126338999131033,0.0940052708499706,-0.0499754382007011,0.166030024925596,-0.0150820844681055,0.0199965054536955,1,-0.118819264745617,-0.0292698145009813,0.132450767172456,0.0723816565113082,0.030863353412194,-0.138560379744959,-0.110756767065808,-0.10065772844961,0.218282228724368,0.188654671494832,-0.019993603773774,0.00756985153996,0.150405157578908,0.167195081024975,0.131068247255827,-0.0596368679367844,-0.105367864613959,-0.0344735203891316,0.0908252827933079,0.211777961954775,-0.0384631646700621,-0.183863489828316,-0.0707112781715408,0.233358104974734,0.108239936824647,-0.044633605555689,0.0260355799172922,0.115255343343243
"31",-0.0264684729665701,0.0531076952974626,0.184649530549983,0.118365679393269,0.0166583424271081,-0.0999351555705603,0.220311069434846,0.029468984324784,0.112511456474857,0.0251003958283097,0.185512790881557,0.0719755128531056,0.00308286535231063,0.0571818137053752,0.106299927637612,0.0801973313804413,0.315379891498593,0.0863442961441991,0.327514536123299,0.292823346894328,0.222400049792876,-0.028422881865083,0.0487791691964589,-0.0138890387593476,-0.11773962690287,0.0131993981122746,0.0982487205300237,0.137390755306065,0.0371890412826873,-0.118819264745617,1,0.20888723503486,0.0145692431609236,-0.0853133344281025,0.0447068405899868,0.166771103701423,0.301347939701862,0.163559773403961,-0.0757608600302368,0.144188607219234,-0.0479472807979454,-0.0396622287159447,0.0914383073095001,0.248151246968743,0.0188563840693169,-0.0887042839676837,-0.118675958966474,-0.148662634397116,0.122583502919775,0.124587505143106,0.00576133979430017,0.127913688584221,0.14120842101982,-0.139903243484855,-0.0227941054644637,-0.00903689585502682,-0.111476697812104,-0.10988136839189
"32",0.0493862284915055,0.293041399070042,0.107028017322596,0.0951091887277174,0.0283513269641688,-0.14273960541684,0.0158493619132332,0.139392445163171,0.170673565285036,0.160942713314425,0.190696873514373,0.0834203017975929,-0.00382154815282993,-0.0784065153105323,0.0275153141586628,0.0502705860780926,0.155082093045978,0.0566801175029745,0.0267894167823518,0.164715062560945,0.0560727046907809,0.177370019651132,0.089984341826397,-0.051949769498056,0.0883895905412316,0.10528319331995,0.106224981604414,0.281493449051095,-0.0145609955438384,-0.0292698145009813,0.20888723503486,1,-0.212028065067582,0.151059751653179,0.101305355013057,-0.164236039803372,0.113431503826046,-0.0359207354267838,-0.22804511536054,0.0429318807441892,0.0336656813952325,0.0754004369418043,0.0915804114398417,0.172848192213681,0.0117923269454247,0.115320837280828,0.142458425505528,0.0972761320235622,-0.0526217705466542,0.116701377077129,0.0606858592250946,0.0424129439795249,-0.047073076226886,0.16651727676368,-0.121041707715022,-0.0660084307261412,0.0255282157485715,0.00985103529034794
"33",-0.0006044103220803,-0.0909832060204248,0.109738776553661,-0.12083723790194,-0.0155203298079889,0.0908721243565408,0.093680921811292,0.140592092060877,-0.0289291265062871,-0.0741275884653234,0.101633757592318,0.139716899409395,0.0118960540235686,0.175959761627076,0.0122924969108781,-0.0189050100320495,0.160276157122087,-0.118298462706483,-0.191751358795651,0.107894598863717,-0.0823804567404557,-0.0411595069115946,-0.0132610380470273,-0.0936222632576508,0.0762841991877289,0.241392167490043,0.00165400274578067,0.146926656382301,-0.00389099437955276,0.132450767172456,0.0145692431609236,-0.212028065067582,1,0.0500675703764467,0.0543174822659624,0.19669887516855,-0.0371530136301845,0.1548889922183,0.192008065378647,0.31608183728592,0.213330685984225,-0.00692637764672587,-0.00919156428375082,0.0867870214180161,0.14164428767547,0.132045639757838,-0.103454529847922,-0.0307596200381151,0.168486160526184,0.223103633999453,-0.0366243988794566,-0.0777265747791635,0.0770619921367148,0.172658281966751,0.0471922951448745,0.0641737842273162,-0.170020538574841,-0.153739347657296
"34",0.00989579148240336,-0.00117661696271554,-0.151508236157196,-0.0430148389314714,-0.0652341530140268,-0.0277414223226215,-0.00262691007148408,0.133179803692655,0.096946775952939,0.0295206488825598,0.047056972668079,0.0202793865888631,0.0692882173912105,0.0905326079321984,0.0226411525628719,-0.0923998801940755,0.0456910244543952,0.00079543098396506,-0.125693048792437,0.253991072023232,0.140914954479612,0.00302954460592589,-0.0772989072176373,-0.100113018529161,0.0510047170502154,-0.120300059846565,0.00090959222710613,-0.0550314182895879,0.121604155264046,0.0723816565113082,-0.0853133344281025,0.15105975165318,0.0500675703764467,1,0.0680122640250073,0.103473873048021,-0.0684492495972767,0.0183510002351934,0.0551621547940122,0.0800855316664124,0.0411884627933778,0.0497584094551175,-0.0996594247344248,0.0927329053945587,-0.0325602571587471,0.0635153881807516,-0.0369854335619805,-0.213630072167274,0.00235382234798351,0.202110538700707,0.0116866316917822,-0.132346364383793,-0.0149710203515781,0.198252228769409,0.075810265366993,0.0583572413314891,-0.245628583809909,-0.127695696057702
"35",0.0968669974072348,0.172164028498006,0.104669118724045,-0.0390739383433257,-0.15069131302745,-0.122321192266262,0.0442496407020382,0.0912971327337905,0.0873168864535682,0.0347833748522636,0.167011218494979,0.243266880352374,0.0287496405641698,0.0210043787005494,0.125805847244664,0.00978247031687957,0.0944829360022565,0.172309288839688,-0.141486440236716,0.248807893026241,-0.100913559511775,0.0568698002003717,0.06497324529599,0.0101462323910117,0.0819016678987968,0.136041134780751,0.0334920964585957,0.113668578896041,0.0109706823879922,0.030863353412194,0.0447068405899868,0.101305355013057,0.0543174822659624,0.0680122640250073,1,0.214763062342892,-7.33871991006028e-05,0.0474130112966444,0.0912454490780281,-0.0124023215086517,0.140453934701223,0.139201824190337,-0.191105233902277,0.147261517397901,0.0921028162470408,0.1648156241861,0.0662560731916875,0.0166887597525002,0.0279133511688432,0.187226995756663,0.0511743623901616,0.075190949234875,-0.0988298286492843,-0.0924255842695944,0.00504129152495522,-0.0541318819864014,-0.10214714922321,-0.117606698414314
