"","l_Insular.Cortex","r_Insular.Cortex","l_Amygdal.Area","r_Amygdal.Area","l_Bed.Nucleus.of.the.Stria.Terminalis","r_Bed.Nucleus.of.the.Stria.Terminalis","l_Hippocampus","r_Hippocampus","l_Orbitofrontal.cortex","r_Orbitofrontal.cortex","l_Entorhinal.Cortex","r_Entorhinal.Cortex","l_Frontal.Association.Cortex","r_Frontal.Association.Cortex","l_Globus.Pallidus","r_Globus.Pallidus","l_Glomerular.Layer.of.the.Accessory.Olfactory.Bulb","r_Glomerular.Layer.of.the.Accessory.Olfactory.Bulb","l_Glomerular.Layer.of.the.Olfactory.Bulb","r_Glomerular.Layer.of.the.Olfactory.Bulb","l_Granule.Cell.Level.of.the.Cerebellum","r_Granule.Cell.Level.of.the.Cerebellum","l_Hypothalamic.Region","r_Hypothalamic.Region","l_Entorhinal.Cortex","r_Entorhinal.Cortex","l_Vermix.Molecular.Layer.of.the.Cerebellum","r_Vermix.Molecular.Layer.of.the.Cerebellum","l_Lateral.Molecular.Layer.of.the.Cerebellum","r_Lateral.Molecular.Layer.of.the.Cerebellum","l_Anterior.Olfactory.Bulb","r_Anterior.Olfactory.Bulb","l_Posterior.Olfactory.Bulb","r_Posterior.Olfactory.Bulb","l_Subiculum","r_Subiculum","l_Perirhinal.Area","r_Perirhinal.Area","l_PreLimbic.System","r_PreLimbic.System","l_Primary.Cingular.Cortex","r_Primary.Cingular.Cortex","l_Primary.Motor.Cortex","r_Primary.Motor.Cortex","l_Retrosplenial.Cortex","r_Retrosplenial.Cortex","l_Secondary.Cingular.Cortex","r_Secondary.Cingular.Cortex","l_Secondary.Motor.Cortex","r_Secondary.Motor.Cortex","l_Striatum","r_Striatum","l_Ventral.Tegmental.Area","r_Ventral.Tegmental.Area","l_Substantia.Nigra","r_Substantia.Nigra","l_Thalamus","r_Thalamus"
"1",1,0.334873351404095,-0.0290202203849394,0.26372443940228,0.123123921919976,0.135820192075161,0.0547292052213525,0.0875490771513224,0.114173453180783,0.208218360578144,0.184106691700746,0.215448928152583,-0.205154743196531,-0.188732522310057,0.251136461015008,-0.00175481223789598,-0.0337285270530822,-0.0584756640390399,0.0694061564158185,0.260884500818827,0.053521560968096,0.230729867701362,-0.166598846930486,-0.106122423052788,0.108316394736069,0.0301808042915636,0.191654005971539,0.132042896821621,0.132100487132511,0.21328825859205,0.0845294529292415,-0.14489291194784,-0.0129863942811025,-0.11704841582588,0.00107457300358772,0.0321876701129281,0.0898025839109978,-0.0134812981783381,0.0209174906476418,-0.115489157027879,-0.118367226033754,-0.193904991515304,-0.0505304430585285,-0.244754398347149,0.00193594299727533,0.0671773475563546,-0.00193176903484686,-0.125058766053701,0.0420265481935493,-0.0454782947878598,0.00572208617909174,-0.0402578974923188,-0.0479369369158985,-0.170716622866971,0.0106588339293321,0.00322916682294431,-0.248938704799807,-0.0052740070834546
"2",0.334873351404095,1,0.0784226280246366,0.216251948802998,-0.068139442335273,0.0482702319159354,0.123353477960791,0.213795672007547,0.143322169987823,0.261738606203768,0.155159788479648,0.164918078533701,-0.0597708954534997,0.00985795746753051,-0.105176898267566,-0.152546533884554,-0.0263986950288979,-0.0699708493249981,0.078407741158644,0.00472760451651149,0.141243521406406,0.0657350095958013,-0.0838188004499129,0.202065355327584,0.196281250998744,0.15094187556667,0.0437803993249323,0.136106689778774,0.16795283349686,0.192696841119585,-0.0251636218894155,-0.0093169788813167,0.0690944230115773,-0.0700194237832275,0.0973640941500756,0.154410410250404,0.199140264653406,0.138363454516831,-0.21635753135945,-0.15034039514218,-0.1075555616696,-0.144085025676942,-0.170482180947964,-0.128050129042923,0.0417278108247304,0.0576032735433342,0.0776190465545951,-0.0348169231390123,-0.206101784170803,-0.0402211025432583,-0.072112669638986,-0.0214066738659995,0.0496207878972988,-0.133768429754847,0.0681562862393158,0.180492081408617,0.0101432047711599,-0.113423113572983
"3",-0.0290202203849394,0.0784226280246366,1,-0.0524849903443682,0.128253738176642,-0.0667494386849907,0.185446393332064,0.095468369342015,0.0835394765611264,-0.0326868035324731,0.211330545411416,0.297390920225239,0.213815845128333,-0.179989248325797,0.193956558526703,-0.0680796168790713,0.223110249053062,-0.0112079977046577,-0.0618178739529444,0.0103495652972466,0.063528187671715,-0.0352731747724399,-0.0128389337728507,0.00472356327425526,0.125602682219853,-0.0593052894908599,-0.0230778287667671,0.0978353056797563,0.0914892227180504,-0.0318394595885569,-0.0590735326268162,0.107096792340181,-0.0815245763475733,0.0999215199674408,0.0744116148727759,0.124385956273164,0.0532415619812452,0.15447805498913,0.0519774575576542,-0.137121617226238,-0.0655859170571033,-0.136329995306021,0.0184916891062797,0.106860903368565,-0.00710303322788555,-0.0373823853297317,-0.0006467851695882,0.0150757478732324,0.0385429005894911,-0.130255306045029,0.0306035413859415,0.0845979675164988,0.0460825876053567,0.183474474504489,-0.0942127147347513,-0.116862257893886,-0.0322750079272777,0.0199753586202186
"4",0.26372443940228,0.216251948802998,-0.0524849903443682,1,0.104427914819472,0.00964761801257884,0.178898457920559,0.218342207193745,0.216743751555757,0.161115408023708,0.159661628123792,0.258619431296698,0.188887353902847,-0.0667513697187822,0.178460419430336,-0.0281892575228622,0.0488910815868775,-0.229723196811606,0.0913676051344053,0.140633874167131,0.108380221614785,0.148165667340131,-0.0418678009815528,-0.0678590523361832,0.154236079744156,0.122056958656908,0.104005351522103,0.0402055496691296,0.147151774322187,0.215005697961192,0.0999891919027654,0.0605571127657211,0.0816282625006496,-0.0299844104596454,0.036638103619853,0.13509995279871,0.0778677424410668,0.0331745285720617,-0.107112341279312,-0.0212659842301107,-0.098087738958585,0.0357636741718319,-0.0465112714993205,0.0949744707613895,-0.116058504360301,-0.0568590590298657,-0.0232605072951285,0.016359028655956,0.0788732570290201,-0.0909095204644174,0.0833008500559825,-0.0509365225046601,-0.196025716705581,-0.0432773623051783,-0.0328054977809004,-0.0221377231819138,-0.118263152632602,0.0374179932519035
"5",0.123123921919976,-0.068139442335273,0.128253738176642,0.104427914819472,1,0.0409858955838784,-0.0711191351448938,0.0405829645197746,0.118586980646984,-0.0026451507017997,0.079366325991871,0.0336803802256629,0.0397369151643779,0.00216172173474441,0.129439046057527,0.24532416713332,0.160834409708639,0.0105802183465713,-0.0684002525054018,0.249202311099954,0.101756390460174,0.194645958488001,-0.105221306394915,-0.0675244553141738,0.0214481626838538,0.0651162421613613,0.0661448210819473,0.0218882873876586,0.0312673591022334,0.12115804343272,-0.0947136573799756,0.101959999758042,0.00860198175218354,-0.0688027605250436,0.0573671004160167,0.119277377129376,-0.00518064881033078,-0.0437532555234654,-0.0330851927997168,-0.147971722500669,-0.0875800749724798,-0.168841718816573,-0.103268089972149,0.00480798325085841,0.0703622436548652,0.0428089430606039,0.0262972498885822,0.031826500296432,-0.145299047171664,0.0131497342064969,0.146180949893279,0.16038762730951,-0.110196124814691,0.125955407674909,-0.0123012155158305,0.0533708693731334,0.183403896364754,-0.0669897342580341
"6",0.135820192075161,0.0482702319159354,-0.0667494386849907,0.00964761801257884,0.0409858955838784,1,-0.177126411037269,-0.0721144451094645,-0.0598851104196523,-0.0461253029539928,-0.0756701908061921,0.0239465300715582,-0.20599204246374,-0.0274147586207568,0.173642101310847,0.151171742851652,-0.0903109860449429,0.0497250231695271,0.0292651692838982,0.0307874979837609,0.150011530768898,-0.0242909679118376,-0.0174120095691499,0.0564112925059732,0.0745105495190723,0.153289501931919,0.0262098875316962,-0.160073414475703,0.0622838441176394,0.170165745662698,-0.0268478736938417,-0.0888199519386344,-0.148739119521082,-0.115005193622428,-0.12672722144742,0.0286251375763773,0.0312880878815391,-0.107372703243611,-0.067300214451801,-0.15392619541948,-0.00581533329101975,-0.153983696230755,-0.0399680123949824,0.0356787348723044,-0.0434994911443516,-0.115022277709781,0.130385145652817,0.183573236178965,-0.0982835907531036,0.0308911137014289,0.248912492719027,0.0896375174699648,-0.0171007689451183,-0.0153415587665589,-0.25495390574758,0.0272334942087547,-0.00532011314853987,0.144496122689488
"7",0.0547292052213525,0.123353477960791,0.185446393332064,0.178898457920559,-0.0711191351448938,-0.177126411037269,1,0.238662117620429,0.139886895512067,0.066606140980458,0.207575411643405,0.367205537822812,0.19822031520603,-0.100599956700982,-0.00417229648242148,-0.16955904080456,0.0835345958322139,-0.0926646064390609,0.215437687949789,0.11235152702191,0.0801610198979912,0.131265027007152,0.0113652776328417,0.125095504709081,-0.0144745162045277,-0.0998303292509006,0.25912172622414,0.454556884933914,0.0992950036609702,-0.124654244221392,0.165433167109387,0.144519611283909,0.0460494348586096,0.0459723331745156,0.172947997469732,0.146041960900425,0.240027393702063,0.219147097612767,-0.00069315826109186,0.0577136566335717,0.0391894441891148,0.191675385394525,0.0235960919153313,0.056369013261623,0.121990463924185,0.102088387667646,0.126269465922659,0.0500595623270546,0.186169064347256,-0.0386787241793449,-0.0857833885973457,-0.116939632881198,0.181157286895308,0.104563631781112,-0.0604408770811425,-0.155799751452174,-0.0970341673916103,0.151597071711068
"8",0.0875490771513224,0.213795672007547,0.095468369342015,0.218342207193745,0.0405829645197746,-0.0721144451094645,0.238662117620429,1,0.010951252059194,0.0428715147810404,0.402082761384645,0.0478037316892616,0.0437349093069133,0.0207873105815638,0.0784099134851191,-0.250579291235017,-0.0860815286641594,0.0107215505955635,0.0240574316225863,0.145136571282259,0.0735056083486804,0.0107061833512372,-0.00790580554793523,0.165614389864264,0.117969004618628,0.0311917204944613,0.14350374853679,0.265953406046863,0.0809601139572301,0.162339128033716,-0.0194715318654117,0.0942364119556172,0.112823702871669,0.0909922868725547,0.108570688866534,0.367654597270604,0.314107678045747,0.0180118030061888,-0.0606889031400225,0.117850333366438,-0.0814966142429785,-0.107539760810489,-0.0962619581225446,-0.0603797933069965,0.0589053366657837,0.270059260337631,0.00972429695538985,-0.135340351285088,-0.169684495757359,0.015622379341123,-0.104448058751322,-0.122840899941971,0.0407150029989467,0.254915823594043,0.077430299557237,0.0963645327675083,0.0268706321032629,0.188452263598727
"9",0.114173453180783,0.143322169987823,0.0835394765611265,0.216743751555757,0.118586980646984,-0.0598851104196523,0.139886895512067,0.010951252059194,1,0.221118428792841,0.166088359073497,0.165205797765517,0.244893680148755,0.0321627326182369,0.140500939976844,-0.115137289018878,0.239086293848495,-0.0360931496877411,0.027577208277563,-0.027737004774741,0.211930574788585,0.143054976008479,-0.0935679384987744,-0.129254871628097,0.0987541364991641,-0.0785291508718148,0.171378525431114,0.170059413969472,0.156545282698405,0.172163804754677,-0.0679239253225106,-0.0346714875674054,0.0301828406422303,-0.0816934162675872,0.239498322459923,0.0103103562130721,-0.0165496047979859,0.094059543388005,-0.118251232448646,-0.158607954163699,-0.201849540895587,-0.121927874867087,0.185243291809185,-0.0349044614711017,-0.0272463819637462,-0.0273037123801131,0.0440700463249923,-0.0803727101643109,-0.0351926641772967,-0.162364886404721,-0.0438747345738888,0.00219235022762157,-0.165441912028038,-0.18117317072564,-0.135254663861443,-0.183864371310016,-0.0928735593730573,-0.149779634818578
"10",0.208218360578144,0.261738606203768,-0.0326868035324731,0.161115408023708,-0.0026451507017997,-0.0461253029539928,0.066606140980458,0.0428715147810404,0.221118428792841,1,0.0265013762074404,0.0410917912802301,-0.18191707545584,0.0794649376834611,0.189678662558369,0.0175848034857584,-0.0349250518857895,0.0821650686426375,0.118135023041643,0.17515959805179,-0.105635868266629,0.108930704083935,0.198089008935948,0.0683572819150109,0.287578672907581,0.0460749989629709,0.199339130324527,0.107589907176891,0.138196392419036,0.0689893907719433,-0.041492382518327,0.0408988812843305,0.0325731462250018,-0.0236574042304941,0.0227872835392754,-0.186573268674243,0.166805183155851,0.190330180219486,-0.0702871301368767,-0.120104666950268,-0.0909303025386547,-0.103951683561495,0.047698446469556,0.00615624321879332,-0.0370332216616309,0.0538549604878741,0.00559857677497559,-0.0384423088657981,-0.0746701110495945,0.0314783864506212,0.066162178463288,-0.0295417477401317,0.0270329273553207,-0.00715005070945736,-0.0367554586480563,0.0219895142201543,-0.0559040808824985,0.00908937039077595
"11",0.184106691700746,0.155159788479648,0.211330545411416,0.159661628123792,0.079366325991871,-0.0756701908061921,0.207575411643405,0.402082761384645,0.166088359073497,0.0265013762074404,1,0.296209202166233,0.118758584703245,0.101669979692653,0.0941825536189519,-0.0511491600887582,0.0242161295906824,0.0378047957900157,0.15451054415952,0.198717137041776,0.106467672331232,0.132949993263025,-0.0285400009905712,0.215613278270978,0.0664974434711161,-0.125334086874477,-0.0194092625841517,0.189325456700257,0.0850221446917839,0.193063572321809,-0.0301445159504232,0.052709848479308,-0.046267713326706,0.20939307203286,0.128016601510656,0.247342806611415,0.229212252568304,0.024486502427644,-0.141633570115917,-0.137504582585912,-0.115688285479686,-0.171956981439611,-0.0226143623695273,0.00953697842441019,-0.0003832000484529,0.11551162010192,-0.0465419953985347,-0.171129156279912,0.0830283579141326,0.0320055658094581,-0.233415041329694,-0.12411186510141,-0.00256928399025337,0.0916057849914536,0.223432810035918,0.0862546095340668,-0.0682846416186559,-0.0391374768635096
"12",0.215448928152583,0.164918078533701,0.297390920225239,0.258619431296698,0.0336803802256629,0.0239465300715582,0.367205537822812,0.0478037316892616,0.165205797765517,0.0410917912802301,0.296209202166233,1,0.0961011643443018,-0.135248457622696,0.088050781621482,0.0552909343446465,0.132149491807014,-0.0564139903773259,0.0798570037835978,0.091459366522564,0.138494912825613,0.199748858280365,-0.0951060104559583,0.0429302139852188,0.322564703252097,0.101488043584081,0.113119851396647,0.317079367882738,0.332770849539657,0.0925837268943686,-0.0679761474154009,0.0556727685729249,0.0753482898358789,0.00633630854322931,0.31578696950899,0.154338983007058,0.148704844146281,0.0864634113780176,-0.189693477832927,-0.0342202553347207,0.0415107717904241,0.0175848857257993,0.134349907956065,-0.12815586472783,0.18036738984084,0.0845257585071513,-0.059144196054293,-0.0861849678536197,0.294506838945582,-0.0359443160804728,-0.030835675109129,0.147334128448174,0.0713983881502469,0.0535631671767047,0.0785175981556992,-0.199057082611355,-0.0333767823410252,-0.0363001549805506
"13",-0.205154743196531,-0.0597708954534997,0.213815845128333,0.188887353902847,0.0397369151643779,-0.20599204246374,0.19822031520603,0.0437349093069133,0.244893680148755,-0.18191707545584,0.118758584703245,0.0961011643443018,1,0.0619405423485392,0.0277949602736983,-0.142154407174631,0.401646980278273,0.0265277373829141,-0.0066819473444655,-0.0968397711848532,0.167389447438563,-0.0658793378164875,-0.0143084388752913,0.0120798215180123,0.106042521351801,-0.0434868179004364,0.074717646206663,0.178680313200435,0.0397643815420593,0.0728633345851557,0.104052240709277,0.0112877285826678,-0.0110623878088655,0.0828742735833589,0.28767968961416,0.216609019075316,0.016495972082335,0.0146925518616716,0.131106010905089,0.0245473897129197,0.0321560775587971,0.16761896989963,0.00859522513313455,0.201755258947247,0.0886517603564389,0.0236187089175492,0.173958335443631,0.140624269356472,0.307390928030925,-0.02310174362922,-0.0610942679041181,-0.0670376443665623,-0.0275884480553643,0.00682349794513808,-0.0430583459699927,-0.104415174737661,-0.186110282252914,0.00589513808838707
"14",-0.188732522310057,0.00985795746753051,-0.179989248325797,-0.0667513697187822,0.00216172173474441,-0.0274147586207568,-0.100599956700982,0.0207873105815638,0.0321627326182369,0.0794649376834611,0.101669979692653,-0.135248457622696,0.0619405423485392,1,-0.156241183910013,0.012492952647062,-0.0680185034736856,0.435417908731547,0.163511958837202,0.13897594445566,-0.00434380485583588,-0.0710421518135504,-0.00499666827151046,0.0557325994924756,-0.180700367734421,0.0650292599550656,0.0724804827043703,0.006088701934175,0.0916558700583233,0.0885330850857684,0.0733812997843607,0.0959881389240086,0.155659216283813,-0.0265537176491434,0.138303427526411,0.229834029612561,0.143251754900755,-0.0160295346738151,-0.262682177351431,-0.0996253369292662,0.0393506499660757,0.0560396884900672,0.0404501778948418,-0.0237486557955038,0.18648764907241,0.151956664778247,-0.14278383023891,-0.00452453255462599,-0.16965067727389,0.44430993031173,0.059670011154142,-0.169682143324511,0.0119972126117221,-0.0687912610168977,-0.00943838609656107,0.120536023496195,0.180752498458889,0.137302568284211
"15",0.251136461015008,-0.105176898267566,0.193956558526703,0.178460419430336,0.129439046057527,0.173642101310847,-0.00417229648242148,0.0784099134851191,0.140500939976844,0.189678662558369,0.0941825536189519,0.088050781621482,0.0277949602736983,-0.156241183910013,1,-0.0102752484177363,0.0642554398583803,0.10071976919039,0.0295655555063618,0.155514801038426,-0.0243932279932826,0.145173069666293,0.0682036208766297,-0.0183149095916011,0.142638850808057,0.0617939728289211,0.0453275099527344,-0.114080844355424,0.117121669806337,0.191420111099772,0.050814835173909,-0.137490288115521,0.149563910191651,-0.144171947923854,-0.0120182291532234,0.00245472600092714,0.166942900531652,0.0672359711357848,0.0894151672248804,-0.0222014411307869,-0.0389684750868353,-0.0695524940372382,-0.0871628210363695,-0.13901417035489,0.0361426796520122,0.0336347254625239,0.00012927148367945,0.0467335097539124,0.143289885816231,-0.0904358464202849,0.191168223780677,0.152306278836718,0.056766653487569,0.00951889179331561,-0.0537093492048191,0.0390645933592843,-0.34498012978162,0.0199805019103019
"16",-0.00175481223789598,-0.152546533884554,-0.0680796168790712,-0.0281892575228622,0.24532416713332,0.151171742851652,-0.16955904080456,-0.250579291235017,-0.115137289018878,0.0175848034857584,-0.0511491600887582,0.0552909343446465,-0.142154407174631,0.012492952647062,-0.0102752484177363,1,0.132018039275563,0.099512428189074,0.0269323415680515,0.185160691861321,-0.0363857665589939,0.0429418866436805,0.0144355327892505,-0.0351691903454302,0.0345458418616558,-0.0631823877117735,-0.0624800807308889,-0.0881356714499375,0.0476421438751783,-0.0965244632398136,-0.0983974526219366,0.191719588904012,-0.00017485603717071,-0.0446441669262086,0.0682445696800773,-0.210580403879669,-0.207466988226944,-0.146727706471717,0.0379134234488492,-0.163100570053785,0.137559833306379,-0.052164167888709,-0.0627722127136939,0.118259187117749,0.0363161547761455,-0.154734685198591,-0.0949824462727251,0.00335765271951145,0.0311722397411817,-0.0133846972095256,0.181277846780434,0.163070493200998,0.112635986507971,-0.0471194026882341,0.101648458681691,-0.0238511993225198,0.0853663668526784,-0.0817976467039627
"17",-0.0337285270530822,-0.0263986950288979,0.223110249053062,0.0488910815868775,0.160834409708639,-0.0903109860449429,0.0835345958322139,-0.0860815286641594,0.239086293848495,-0.0349250518857895,0.0242161295906824,0.132149491807014,0.401646980278273,-0.0680185034736856,0.0642554398583803,0.132018039275563,1,0.117734436666038,-0.1199954814384,0.114729592482592,0.123433484852056,-0.0105780086341397,-0.0934119271871121,-0.0271868556740275,0.113741958547066,-0.00444488817086048,-0.0100189942512838,0.0484363792785519,0.109508916954915,0.164003448584301,-0.0691302046595094,0.199274824534557,0.0479866313910373,0.049468842585764,0.132111761347051,0.047792393308079,-0.0452391244716002,0.0651531377376598,0.173055130897905,-0.220764677550827,0.0358072947482262,0.00087661736229988,-0.0385644014825683,-0.0216497684646723,0.00548915303905843,-0.0896584286980438,0.107867123924281,-0.127433529964325,0.127685252191306,0.0415102722440719,-0.00383216961256926,0.0660447800044954,0.132493347391323,0.0824708274582623,-0.0169102836015895,-0.249106130328772,-0.082202655781321,-0.0886660981151154
"18",-0.0584756640390399,-0.0699708493249981,-0.0112079977046577,-0.229723196811606,0.0105802183465713,0.0497250231695271,-0.092664606439061,0.0107215505955635,-0.0360931496877411,0.0821650686426376,0.0378047957900157,-0.0564139903773259,0.0265277373829141,0.435417908731547,0.10071976919039,0.099512428189074,0.117734436666038,1,0.283511416866985,0.101907740822885,-0.0584010005119179,-0.164985569039377,-0.0400818522267543,0.0834809084769351,0.0201619695640347,0.195816327249259,0.0190083598060709,0.0613469233127462,0.0870320772678231,-0.126891998682506,0.0759568724424318,0.109082215569185,0.104728955866733,0.062278363178471,0.234109835718255,0.126887108962296,0.16296760596465,0.0962865243337596,0.0344745105815216,-0.0252705533451431,0.270031196663847,0.104265298373226,0.0924369383180622,-0.17380657243785,0.390303548179164,0.211370308653593,-0.00234690215396425,0.0964331588953844,0.112191038078623,0.434699077399709,0.0249612222483287,-0.059644479302808,0.156006146870869,0.158612108420074,0.054441951550379,0.0758289701508272,0.0218614853498947,0.13604567733672
"19",0.0694061564158185,0.078407741158644,-0.0618178739529444,0.0913676051344053,-0.0684002525054018,0.0292651692838982,0.215437687949789,0.0240574316225863,0.027577208277563,0.118135023041643,0.15451054415952,0.0798570037835977,-0.0066819473444655,0.163511958837202,0.0295655555063618,0.0269323415680515,-0.1199954814384,0.283511416866985,1,0.0282178319917957,-0.073753515895759,-0.0404522438831668,0.0458160275679068,-0.012632802940532,-0.0445028467177876,0.122068571012864,-0.123539579538333,0.0796401237412366,0.0336789803051058,-0.122786128904966,0.380577020816632,0.134595368988535,0.0276854572791031,0.00599240126735863,0.128301025849823,0.095605123395723,0.0266423961161169,0.186525382892421,0.044725706766134,-0.0725796053644192,-0.0123481392565926,0.0461212152996187,0.0316530705602645,0.0876262611417342,0.0679843549555805,0.168904056422693,-0.0373232015108168,-0.0176107492871898,0.0117527729590968,0.0794407239282474,0.0221867515804443,-0.0806476546209816,0.0389299373768551,0.0266426951203301,-0.101862807262843,-0.00546671702831816,-0.0469835717856965,0.153631415008381
"20",0.260884500818827,0.00472760451651149,0.0103495652972466,0.140633874167131,0.249202311099954,0.0307874979837609,0.11235152702191,0.145136571282259,-0.027737004774741,0.17515959805179,0.198717137041776,0.091459366522564,-0.0968397711848532,0.13897594445566,0.155514801038426,0.185160691861321,0.114729592482592,0.101907740822885,0.0282178319917957,1,0.104205924173948,0.206644387992987,-0.0443014857651848,0.105023934394241,0.0580595317421597,0.133766111620531,0.263328624159635,0.183051879926807,0.136356216406926,0.200677526799445,-0.0986958998721229,0.402109238453131,0.027267021257995,0.0211198850055215,0.247170537345869,0.0482658648816284,0.115976336993301,0.0053520972482777,-0.0064550483607275,0.0206920993393219,0.00782836603057008,-0.117725406458122,-0.0756007046901991,-0.0768811738733481,0.125492263410399,0.174728348483719,-0.0294911076726072,-0.242162551842003,0.0161980915417906,0.187219397279845,0.208166761287889,0.183093214916492,0.0176369495995321,0.0710054072274328,0.105949292414565,0.0782654338715783,-0.0655743979388943,-0.0540428974733711
"21",0.053521560968096,0.141243521406406,0.063528187671715,0.108380221614785,0.101756390460174,0.150011530768898,0.0801610198979912,0.0735056083486804,0.211930574788585,-0.105635868266629,0.106467672331232,0.138494912825613,0.167389447438563,-0.00434380485583588,-0.0243932279932826,-0.0363857665589939,0.123433484852056,-0.0584010005119179,-0.073753515895759,0.104205924173948,1,0.0432906742143208,-0.0141953227095398,-0.0175201611606859,0.217517157778108,0.0300614398721579,0.227535319500139,0.138085659286864,0.187307076203875,0.205493732553515,0.036136894222583,0.0641301690828413,0.0155481868870911,0.0801697297478407,0.161129957258932,0.118320862858784,0.0770690732675295,-0.0329190931077095,0.0245622704259828,0.0551281028211137,-0.0212132933620142,-0.0156634304200562,-0.0261742382136666,0.0469596273594845,0.0605625017689048,0.10339033187755,0.146246085533569,0.0625376689883681,0.0634342200860303,-0.13202409598923,0.0580236208529994,0.0950942297629483,0.0603841577479642,0.00940511131056227,-0.108369045352858,0.101340321875964,0.0432142641072776,-0.0287246302945613
"22",0.230729867701362,0.0657350095958013,-0.0352731747724399,0.148165667340131,0.194645958488001,-0.0242909679118376,0.131265027007152,0.0107061833512372,0.143054976008479,0.108930704083935,0.132949993263025,0.199748858280365,-0.0658793378164875,-0.0710421518135504,0.145173069666293,0.0429418866436805,-0.0105780086341397,-0.164985569039377,-0.0404522438831668,0.206644387992987,0.0432906742143208,1,-0.152902394581596,0.00571286174333251,0.0790913382518852,-0.10468869776955,0.0572403574467372,0.105442090434939,0.0915999513965552,0.114679757640953,0.0279635986796226,-0.0427097974467519,0.102572478978626,-0.0265537416095111,0.0265813986318169,-0.0735565965557509,0.029778441398167,0.0784372932819043,-0.00784556173852245,-0.024605147289245,-0.0249497027472953,0.0290965831660014,-0.0540770276820751,-0.0352787976676047,-0.00281625618732256,0.131087806378429,0.160732882112361,0.0439866500559445,0.10615979112481,-0.110399649320219,0.0896207557737746,0.107541193695043,-0.0695574150522906,-0.0866311859408799,0.044559374143451,0.0458148839849418,-0.101359520056276,-0.16865875292477
"23",-0.166598846930486,-0.0838188004499129,-0.0128389337728507,-0.0418678009815528,-0.105221306394915,-0.0174120095691499,0.0113652776328417,-0.00790580554793523,-0.0935679384987744,0.198089008935948,-0.0285400009905712,-0.0951060104559583,-0.0143084388752913,-0.00499666827151046,0.0682036208766297,0.0144355327892505,-0.0934119271871121,-0.0400818522267543,0.0458160275679068,-0.0443014857651848,-0.0141953227095398,-0.152902394581596,1,0.266784861862693,0.15243132039756,-0.107629481960573,-0.0693137751629691,-0.0952328883302794,0.018198521520639,0.0489476574239413,0.157890489538479,0.116509302219066,0.00747691487665463,0.104745776395716,0.00928259551491594,-0.188855249296933,0.00532792708588746,0.0746939415319458,0.156392260824972,0.083120913088699,0.0977337312067169,-0.0423385999473329,0.073819770261842,0.20638059782799,0.0186743606481898,-0.111836359647595,0.282152177507878,0.163140088675834,0.062060076609462,-0.10167824661702,0.00581390743192138,0.0199170660322283,0.0322167524589624,-0.031431522357655,-0.056531049818575,0.014247187339145,-0.0808451400711331,0.0119373799008897
"24",-0.106122423052788,0.202065355327584,0.00472356327425526,-0.0678590523361832,-0.0675244553141739,0.0564112925059732,0.125095504709081,0.165614389864264,-0.129254871628097,0.0683572819150109,0.215613278270978,0.0429302139852188,0.0120798215180123,0.0557325994924757,-0.0183149095916011,-0.0351691903454302,-0.0271868556740275,0.0834809084769351,-0.012632802940532,0.105023934394241,-0.0175201611606859,0.00571286174333251,0.266784861862693,1,0.132889169521536,-0.124710149979454,-0.00189061602229252,-0.0648850334118093,-0.0922213571362574,-0.0359464289724038,0.0436105599694364,0.0959003797939356,-0.0181894056398791,0.100520119861672,0.0480884862284038,0.118088657794027,0.263317915836707,0.0706623394144224,0.0653160575417171,0.0423763782561585,0.116459040850738,-0.0397121268762071,-0.226484793363617,0.0564015344328911,0.146206318547684,0.0917617369439297,0.275894918292294,0.185900265149856,-0.120296637285789,-0.0714737838278051,0.0188228945448096,0.161500101270311,0.0752188740643176,-0.02304012229675,0.0459807463397818,0.0482706416494814,-0.0846955358918036,-0.110130458534439
"25",0.108316394736069,0.196281250998744,0.125602682219853,0.154236079744156,0.0214481626838538,0.0745105495190723,-0.0144745162045277,0.117969004618628,0.0987541364991641,0.287578672907581,0.0664974434711161,0.322564703252098,0.106042521351801,-0.180700367734421,0.142638850808057,0.0345458418616558,0.113741958547066,0.0201619695640347,-0.0445028467177876,0.0580595317421597,0.217517157778108,0.0790913382518852,0.15243132039756,0.132889169521536,1,0.0909309943298259,0.131455647192225,0.1289015945035,0.294730728852778,0.186375140319356,0.0298897810885414,0.023109506214825,-0.11213510386769,0.0227115043304552,0.165415684741962,-0.0135797050111043,0.0877085762527329,0.079437694956424,0.0903413979256886,-0.0486212388266223,0.106153428796999,-0.0210950612337851,0.00469052941071008,-0.126980521591068,0.0298628578531822,0.0786510321354466,0.104980594381092,-0.0374299223897649,0.232392435931437,-0.0474332278117727,0.0994850589501102,0.129288066632082,0.113332582149548,0.0191687089726714,0.0806266999916349,-0.141248183361946,-0.110371381830986,0.0675361845771756
"26",0.0301808042915636,0.15094187556667,-0.0593052894908599,0.122056958656908,0.0651162421613613,0.153289501931919,-0.0998303292509006,0.0311917204944613,-0.0785291508718148,0.0460749989629709,-0.125334086874477,0.101488043584081,-0.0434868179004364,0.0650292599550656,0.0617939728289211,-0.0631823877117735,-0.00444488817086048,0.195816327249259,0.122068571012864,0.133766111620531,0.0300614398721579,-0.10468869776955,-0.107629481960573,-0.124710149979454,0.0909309943298259,1,0.0951819720688212,0.109453089788384,0.129174165565908,0.087451099736037,-0.0638162832187218,-0.0387782977409489,0.0643115837046233,-0.132754455850977,0.195268459408155,0.171306402235573,-0.0273748990215677,0.0683683086625963,-0.144970594106586,0.0398215913341793,-0.10011883138953,-0.0419297349522152,0.057311148634676,-0.0587238050599657,0.227438563556189,0.187322677939839,-0.0442511555267291,-0.0176626345268861,-0.081372549890244,0.232000509663931,0.257643946442224,0.229595984510262,0.0996382370962888,0.141354068879986,-0.0592826269192778,-0.00502033972861586,0.187750345948406,-0.0692185261505501
"27",0.191654005971539,0.0437803993249323,-0.0230778287667671,0.104005351522103,0.0661448210819473,0.0262098875316962,0.25912172622414,0.14350374853679,0.171378525431114,0.199339130324527,-0.0194092625841517,0.113119851396647,0.074717646206663,0.0724804827043703,0.0453275099527344,-0.0624800807308889,-0.0100189942512838,0.0190083598060709,-0.123539579538333,0.263328624159635,0.227535319500139,0.0572403574467372,-0.0693137751629691,-0.00189061602229252,0.131455647192225,0.0951819720688212,1,0.304980821095612,0.254676257840206,0.0410270022937161,0.0489371799854557,0.043866828475148,0.130220526062999,-0.083809055708626,0.189217769371429,0.130792302189708,0.191748587028638,0.0273463511729267,-0.0484892521150505,0.0038297241920358,-0.153378279823332,-0.0498911096228871,0.188799477469638,0.0435804853160896,0.130131257554821,0.130769900882019,-0.0364386464968424,-0.119513413715983,-0.0247654462497596,0.0750590856591811,0.126979911797441,0.0261558678455953,0.252401467485897,0.0781697763074083,-0.153583077912405,0.00669600519218052,-0.0394530530416017,0.199266171897371
"28",0.132042896821621,0.136106689778774,0.0978353056797563,0.0402055496691296,0.0218882873876586,-0.160073414475703,0.454556884933914,0.265953406046863,0.170059413969472,0.107589907176891,0.189325456700257,0.317079367882738,0.178680313200435,0.006088701934175,-0.114080844355424,-0.0881356714499375,0.0484363792785519,0.0613469233127461,0.0796401237412366,0.183051879926807,0.138085659286864,0.105442090434939,-0.0952328883302794,-0.0648850334118093,0.1289015945035,0.109453089788384,0.304980821095612,1,0.251556702191388,-0.0696944295759788,0.152580648683092,0.141565098454637,0.0177225439461219,0.08958248541761,0.421524218153084,0.24748675023019,0.113506421289187,0.200112697757026,-0.124473464798606,0.112466247722189,-0.0105546303859147,-0.0054314528787015,0.213635545624662,-0.0516091881655785,0.324676665732975,0.324925984035077,-0.039608764267163,-0.136462937942757,0.148793782001798,0.0248184140634569,-0.107638722999787,-0.146748703705397,0.309034763458046,0.18034994837042,0.132689990580398,-0.0381919337835685,0.0514443250932479,-0.0167344730648118
"29",0.132100487132511,0.16795283349686,0.0914892227180504,0.147151774322187,0.0312673591022334,0.0622838441176394,0.0992950036609702,0.0809601139572301,0.156545282698404,0.138196392419036,0.0850221446917839,0.332770849539657,0.0397643815420593,0.0916558700583233,0.117121669806337,0.0476421438751783,0.109508916954915,0.0870320772678231,0.0336789803051058,0.136356216406926,0.187307076203875,0.0915999513965552,0.018198521520639,-0.0922213571362574,0.294730728852779,0.129174165565908,0.254676257840206,0.251556702191388,1,0.223158270025579,0.0595014108021844,0.0960576138605996,0.0199864091725618,-0.19541114632317,0.183966324360765,0.102223376314393,-0.0133059156295373,-0.0152109626079501,-0.0810863883072199,-0.123174176423059,0.0884272605013883,0.00598775223576052,0.146724081763297,-0.117950551956164,0.197384860995731,0.249709941066808,-0.039911076937838,-0.106694004104293,0.153767849219868,0.0863219612437,0.0218856754326306,-0.0070420522641778,0.0667587507907847,0.139614150499826,0.0354653969264207,0.0633786668225202,0.172473180448442,0.29760596245402
"30",0.21328825859205,0.192696841119585,-0.0318394595885569,0.215005697961192,0.12115804343272,0.170165745662698,-0.124654244221392,0.162339128033716,0.172163804754677,0.0689893907719433,0.193063572321809,0.0925837268943686,0.0728633345851557,0.0885330850857684,0.191420111099772,-0.0965244632398136,0.164003448584301,-0.126891998682506,-0.122786128904966,0.200677526799445,0.205493732553515,0.114679757640953,0.0489476574239413,-0.0359464289724038,0.186375140319356,0.087451099736037,0.0410270022937161,-0.0696944295759788,0.223158270025579,1,-0.00934966515062863,0.0273282043706269,0.039713818562319,-0.0776722341708126,-0.00933554112961931,0.147208823959882,0.0684086380330138,0.0373428329132685,0.0217464709593456,-0.061885758699937,-0.0136315966379585,-0.12771883317096,-0.00772637065228564,-0.162573336309888,0.0653809948084511,0.00424420607056924,0.061823310532902,-0.04534997023126,-0.0191612022629462,0.0606391067735619,0.0516691416816156,0.0441015910543964,-0.124372793982688,0.0350452773686451,0.0643392647071729,0.0519342426412644,-0.0467868056241611,-0.0183815976328324
"31",0.0845294529292415,-0.0251636218894155,-0.0590735326268162,0.0999891919027654,-0.0947136573799756,-0.0268478736938417,0.165433167109387,-0.0194715318654117,-0.0679239253225106,-0.041492382518327,-0.0301445159504232,-0.0679761474154009,0.104052240709277,0.0733812997843607,0.050814835173909,-0.0983974526219366,-0.0691302046595094,0.0759568724424318,0.380577020816632,-0.0986958998721229,0.036136894222583,0.0279635986796226,0.157890489538479,0.0436105599694364,0.0298897810885414,-0.0638162832187218,0.0489371799854557,0.152580648683092,0.0595014108021844,-0.00934966515062863,1,-0.0316002451761498,0.0399133806582267,-0.0920888111862756,-0.048555428603889,0.0697429719196343,0.0363834476409024,0.269649318549089,0.0506529163111855,0.0259930961306315,-0.0194495334137011,0.118554954875567,0.0496630839678757,0.05275184187968,0.0942671318552887,0.0526426945880073,0.136067468734058,0.111911542513324,0.0881395066019586,-0.0820962758043507,0.185454641580076,-0.149654909034764,0.0277604195043507,-0.0154547770476549,-0.197822177625958,0.0524037754235994,-0.11983082264472,0.0980357865696962
"32",-0.14489291194784,-0.0093169788813167,0.107096792340181,0.0605571127657211,0.101959999758042,-0.0888199519386344,0.144519611283909,0.0942364119556172,-0.0346714875674054,0.0408988812843305,0.052709848479308,0.0556727685729249,0.0112877285826678,0.0959881389240086,-0.137490288115521,0.191719588904012,0.199274824534557,0.109082215569185,0.134595368988535,0.402109238453131,0.0641301690828413,-0.0427097974467519,0.116509302219066,0.0959003797939356,0.023109506214825,-0.0387782977409489,0.043866828475148,0.141565098454637,0.0960576138605996,0.0273282043706269,-0.0316002451761498,1,0.0563820817671836,0.195484908177164,0.1117635729597,-0.00909865135824534,-0.0503939285961274,0.204153466567807,0.038765134513159,-0.126304021421298,0.0458464642970776,-0.0432300176760007,-0.0123902055167462,0.122247782039547,0.0121531121059499,-0.0294492378158017,-0.0204575506348284,-0.261506605858303,0.0509355125888407,-0.00548612639134351,-0.0573080754805843,-0.0229426178516263,-0.0177624008707519,0.228916653215161,0.0919387091154483,0.0295634483239899,0.11304026973268,0.0138158154995633
"33",-0.0129863942811025,0.0690944230115773,-0.0815245763475733,0.0816282625006496,0.00860198175218354,-0.148739119521082,0.0460494348586097,0.112823702871669,0.0301828406422303,0.0325731462250018,-0.046267713326706,0.0753482898358789,-0.0110623878088655,0.155659216283813,0.149563910191651,-0.00017485603717071,0.0479866313910373,0.104728955866733,0.0276854572791031,0.027267021257995,0.0155481868870911,0.102572478978626,0.00747691487665463,-0.0181894056398791,-0.11213510386769,0.0643115837046233,0.130220526062999,0.0177225439461219,0.0199864091725618,0.039713818562319,0.0399133806582267,0.0563820817671836,1,-0.069775377661483,-0.0447449478584431,-0.0141842149180498,-0.00933163400045675,0.0174738383313698,-0.0520118756005934,-0.0389686954654567,-0.0232290164754556,-0.0345795937526995,0.145788749758071,-0.0871029803871954,0.126359196073019,0.0535746062235769,-0.136149753537079,-0.15782289402335,0.0972226052097794,-0.0536888405722455,-0.1140713034594,0.0507114062944151,0.123487533441166,0.0293292123432349,0.0676180305658493,0.00633409765845746,0.256209098904603,-0.013599745542848
"34",-0.11704841582588,-0.0700194237832275,0.0999215199674408,-0.0299844104596454,-0.0688027605250436,-0.115005193622428,0.0459723331745156,0.0909922868725547,-0.0816934162675872,-0.0236574042304941,0.20939307203286,0.00633630854322931,0.0828742735833589,-0.0265537176491434,-0.144171947923854,-0.0446441669262086,0.049468842585764,0.062278363178471,0.00599240126735863,0.0211198850055215,0.0801697297478407,-0.0265537416095111,0.104745776395716,0.100520119861672,0.0227115043304552,-0.132754455850977,-0.083809055708626,0.08958248541761,-0.19541114632317,-0.0776722341708126,-0.0920888111862756,0.195484908177164,-0.069775377661483,1,0.140592031773047,0.15799577952054,0.227860441083348,0.105980339849634,0.00880339926756045,0.183434030680549,0.163045854553697,0.23048275460808,0.0213243219573325,0.110263671658477,0.149426244876422,0.103710564816573,0.0854355629162102,-0.0212932067851689,0.0757146352294913,0.136379695244682,-0.326529071855582,-0.171098665878079,-0.029331960577841,0.267590048474663,0.0907865827702445,-0.063045467390275,-0.0871577342121791,-0.0207990360106445
"35",0.00107457300358772,0.0973640941500756,0.0744116148727759,0.036638103619853,0.0573671004160167,-0.12672722144742,0.172947997469732,0.108570688866534,0.239498322459923,0.0227872835392754,0.128016601510656,0.31578696950899,0.28767968961416,0.138303427526411,-0.0120182291532234,0.0682445696800773,0.132111761347051,0.234109835718255,0.128301025849823,0.247170537345869,0.161129957258932,0.0265813986318169,0.00928259551491594,0.0480884862284037,0.165415684741962,0.195268459408155,0.189217769371429,0.421524218153084,0.183966324360765,-0.00933554112961931,-0.048555428603889,0.1117635729597,-0.0447449478584431,0.140592031773047,1,0.206407544774798,0.198329758457156,0.0278830779896782,-0.0908311253032365,0.0157539831167833,0.120133706335104,0.0794589242061336,0.140891073345382,-0.0805770311672229,0.444548616836207,0.298432641168527,0.0506535557729632,0.00051576010786275,0.0942148104713484,0.151496109612887,0.035968165770799,0.0868838294269694,0.148572460648106,0.101143043205363,-0.0675574146484739,0.13263706452252,-0.0294967424982772,-0.162512623279123
