"","l_Insular.Cortex","r_Insular.Cortex","l_Amygdal.Area","r_Amygdal.Area","l_Bed.Nucleus.of.the.Stria.Terminalis","r_Bed.Nucleus.of.the.Stria.Terminalis","l_Hippocampus","r_Hippocampus","l_Orbitofrontal.cortex","r_Orbitofrontal.cortex","l_Entorhinal.Cortex","r_Entorhinal.Cortex","l_Frontal.Association.Cortex","r_Frontal.Association.Cortex","l_Globus.Pallidus","r_Globus.Pallidus","l_Glomerular.Layer.of.the.Accessory.Olfactory.Bulb","r_Glomerular.Layer.of.the.Accessory.Olfactory.Bulb","l_Glomerular.Layer.of.the.Olfactory.Bulb","r_Glomerular.Layer.of.the.Olfactory.Bulb","l_Granule.Cell.Level.of.the.Cerebellum","r_Granule.Cell.Level.of.the.Cerebellum","l_Hypothalamic.Region","r_Hypothalamic.Region","l_Entorhinal.Cortex","r_Entorhinal.Cortex","l_Vermix.Molecular.Layer.of.the.Cerebellum","r_Vermix.Molecular.Layer.of.the.Cerebellum","l_Lateral.Molecular.Layer.of.the.Cerebellum","r_Lateral.Molecular.Layer.of.the.Cerebellum","l_Anterior.Olfactory.Bulb","r_Anterior.Olfactory.Bulb","l_Posterior.Olfactory.Bulb","r_Posterior.Olfactory.Bulb","l_Subiculum","r_Subiculum","l_Perirhinal.Area","r_Perirhinal.Area","l_PreLimbic.System","r_PreLimbic.System","l_Primary.Cingular.Cortex","r_Primary.Cingular.Cortex","l_Primary.Motor.Cortex","r_Primary.Motor.Cortex","l_Retrosplenial.Cortex","r_Retrosplenial.Cortex","l_Secondary.Cingular.Cortex","r_Secondary.Cingular.Cortex","l_Secondary.Motor.Cortex","r_Secondary.Motor.Cortex","l_Striatum","r_Striatum","l_Ventral.Tegmental.Area","r_Ventral.Tegmental.Area","l_Substantia.Nigra","r_Substantia.Nigra","l_Thalamus","r_Thalamus"
"1",1,0.159709058785,-0.102304531532015,0.031637262620904,0.00925483402496055,0.0650603347416354,-0.148112263854314,-0.20861596103162,0.121815289905037,0.155567016032486,0.256358936686295,-0.0243298454340016,0.10667724026016,-0.053770261075942,-0.0452648101983014,0.055686299848026,0.0782299939219517,0.0344078174574309,-0.107817993267208,0.051137858230201,-0.0702977133627639,-0.0664253055616789,-0.0303706371150202,0.0696822708298704,-0.0305746926370939,0.145945623857666,-0.114883528224877,-0.158633466177824,-0.0462551237104682,0.0579173060758964,-0.0314521137194892,0.137232387795504,0.00921401506784653,-0.168845061715477,-0.154989561848887,-0.0391879892950065,-0.00406430898760191,0.132867213320593,-0.163765672660902,-0.086588942196686,-0.0992181824314102,-0.114219493958689,0.042810934860362,-0.079329510728363,0.109063046195658,0.10591750263208,0.0113852864966876,-0.0172264660638378,0.0753961724156716,-0.0659846226806352,0.196848718503168,0.239547533596964,-0.00813244592547238,-0.169568236209324,-0.0729912175419722,0.228837063699004,0.0370403204496937,-0.0638863682182791
"2",0.159709058785,1,0.00896610362242987,0.0662308034939136,0.0624413768879951,-0.00042962438502086,-0.127213195263561,-0.26714837713886,-0.123807649492149,0.26355779015659,0.322976067811571,0.110936542848217,0.0952819191503382,-0.0916382670487597,-0.138365531521863,-0.0380512031197051,0.170620738482937,-0.0228576000758696,0.0990856341005472,-0.130802104278856,-0.0750833531314776,-0.0937053451019172,-0.167428938795679,-0.123901770434326,-0.0627156926352339,-0.10644938890149,-0.0255901724402568,0.021057177833699,0.100267375549991,-0.300386147284769,0.0510701823895027,-0.0897493995260002,0.205907813847606,0.00695307041663278,-0.120883025149981,-0.016584334309143,-0.146397097080305,-0.0187165554331241,0.027533914966036,0.121148055449005,-0.213341381975337,0.0418819224172379,-0.168418436239016,-0.00673909203646527,-0.173294668062684,-0.00843710242820017,0.124793828867394,0.0630598744578296,-0.0357768462376968,-0.117687794078799,0.191522755139797,0.305601721926731,-0.118305943108746,-0.184648530115795,-0.0633005712735183,-0.12988250477814,-0.0358165442401602,-0.170957167104016
"3",-0.102304531532015,0.00896610362242987,1,0.0806021286903418,-0.0607138477416525,-0.112819911318712,-0.129264005759519,0.212439360219918,0.0394417019254013,-0.294894237836863,0.232198268335054,0.106446021666378,0.0814931524092129,-0.00677524561631629,-0.00032959156894068,-0.124349538809342,0.102907592988878,0.155458247735178,0.00492645000383736,-0.139210185703351,-0.0534290950265314,0.125855982795771,0.0207381210288837,-0.0960391536158863,0.170404210570185,0.131664712886944,0.122749837255999,-0.124447656246581,0.0882696274642516,0.0135309556016573,0.124393727551198,0.101733451444447,0.076485676639516,-0.114370927602744,0.104313546537478,0.274502960964201,-0.0341983879286639,-0.0648887707817765,-0.0469501026881718,-0.124970831787269,0.0837892606420404,-0.0261474482793546,0.0736189930469673,-0.041290428373706,-0.157260972361657,-0.0931293613329048,-0.0770286427683943,-0.0520997227972054,0.0273568768629432,-0.0319073241978151,0.0992130775601031,-0.021379344280856,0.0734535511426734,-0.0188089500148927,0.0364215646919085,0.0711319395544382,-0.0865840150086579,0.0777030490590141
"4",0.031637262620904,0.0662308034939136,0.0806021286903418,1,0.119920672996703,-0.00142016192945958,-0.0187854928654659,0.0520431879141061,0.065104871820776,0.09014623728182,-0.00427332260027716,0.0182146509136263,0.109215549463387,0.0627139977984039,0.00493965230963863,-0.0465845542104824,0.0455571917654679,-0.033718092119238,-0.130883405454879,-0.0825940042057333,-0.200257466135125,-0.134887121715335,-0.110526909807527,0.0289435520820479,0.0812698609432991,0.0628269604030935,-0.133464402401178,-0.192100056366386,0.0679877863297202,-0.163984052120874,-0.0840445714600522,-0.133380574831508,-0.0807853269871277,-0.00638162520127888,-0.134716262940252,-0.1266119010491,-0.0875964251447304,0.0352752020153316,0.0266965173418767,-0.00189923641694414,0.163828043168509,0.0155884921578217,0.0999077032846487,-0.0477387705040034,-0.0823400664295668,0.162877699489476,-0.00550744231306755,-0.0991424636289419,0.119293031538574,-0.0526857647117083,0.0248247240533682,0.153336793921994,-0.0482435931661158,-0.13739951421979,0.0614071693977358,0.0453262752534757,0.0666433348537773,-0.00243906414446151
"5",0.00925483402496055,0.0624413768879951,-0.0607138477416525,0.119920672996703,1,0.0805364077500908,0.00390871455733225,-0.226501015540357,0.0158668265863166,0.143240259830725,-0.0934329891726329,0.141922879687526,0.0885078853845915,0.101155598170313,0.156825454947676,-0.00528477192837668,0.0882736326251952,0.049151218381415,0.119350285161272,0.0628205243529045,-0.0699202839872906,0.135446159590305,0.0588497104988733,0.0888500004894177,0.0733346738839993,0.157460172629734,0.260576604636421,0.198092585942516,-0.221867732629455,0.11687924440376,-0.0123258182861417,-0.0313409391540765,0.0489311318796348,0.0405633291075798,0.00891797948299585,-0.186372481695383,-0.0106555270015661,-0.049276689311319,0.0255078681242303,0.134337268289407,0.0247950180393594,-0.00682195884920405,0.072956803887038,-0.0164924588046038,0.078476490863695,-0.102136621686282,0.134263569142389,0.185774430220422,0.152394492751784,-0.0727656709522339,0.156443432567619,-0.0644529529560686,-0.137869254621169,0.110607851102206,0.0414234109698512,-0.0357457658187818,0.27678927495886,-0.147611127219333
"6",0.0650603347416354,-0.00042962438502086,-0.112819911318712,-0.00142016192945958,0.0805364077500908,1,-0.0626672742035331,-0.245032525218235,0.148415799935504,-0.0963045542112035,-0.023972037847295,-0.107205132548842,0.10355426032346,-0.0140502985131522,0.0579858450550378,0.052922995762302,0.109553329495827,-0.0357175185198197,-0.139108293857299,0.109006598600354,0.0237682106089049,-0.0893882293217721,0.0166729920420514,0.178384460131686,-0.0975598528178205,0.154080184631599,-0.0603872386652692,-0.00507327876582245,-0.042389309635785,0.135753572316638,-0.109534691405284,-0.1983976694685,0.0437420331613005,0.256596444874781,-0.260004255068127,-0.218091116865872,0.0144924502797578,-0.136803769955869,0.016851882896467,0.0681328464945467,0.119718241242406,-0.199812783080976,0.0520038325652418,0.256216220537908,-0.183156120317916,-0.183468961768273,-0.0127157416114844,-0.00757437892972861,0.115397330015061,-0.0388526362299894,0.102303245317769,-0.0762249015777023,-0.104338575585417,0.16513945983138,-0.0073645231142725,-0.0221359993601442,0.153606299125919,0.287027490192372
"7",-0.148112263854314,-0.127213195263561,-0.129264005759519,-0.0187854928654659,0.00390871455733225,-0.0626672742035331,1,0.0938883657724772,0.0783293173637429,-0.221256151083159,0.0527433792970865,0.0950001686149352,-0.101144365175943,0.0968536413264701,0.0953895764185504,0.0483415502160578,-0.110033786905695,0.107151874821112,0.0312527180703178,0.132972308777852,-0.0989710465007075,-0.00551146572228135,0.249365396811209,-0.0888387515275256,0.0929745608548242,0.0471487959356457,-0.0111684482028124,0.301213667225983,-0.156308004195964,-0.0687605412561681,-0.0283497144518631,0.0366542559184993,0.0208653424969558,0.101028929579904,0.325356218095731,0.0981234592084781,0.0118831336877413,-0.0761151579580291,0.0847275719911024,0.186249093115205,-0.106544440054603,0.138619098738356,0.0755628294890639,-0.0442796866370452,0.161108253588919,-0.0148882521376754,0.0663420457491354,0.0682423670945732,0.00812023757952254,0.134279194398769,-0.260423497566248,-0.220215830665382,0.171489226180799,0.126522323359411,0.164481616750112,0.0112967272545973,0.174948396340206,-0.0710565931935228
"8",-0.20861596103162,-0.26714837713886,0.212439360219918,0.0520431879141061,-0.226501015540357,-0.245032525218235,0.0938883657724772,1,0.0744121667782607,-0.117258425153636,-0.0569111870268208,0.0830900371008121,0.0483428088534023,-0.0152645106475298,-0.109629149204856,0.0969706106158632,-0.0539155644236997,-0.0893179727800399,0.180853412989963,0.0457067359016953,-0.0870787163454761,0.0206853988511695,0.110432363786949,-0.0840422153099515,0.121176707375162,-0.132021160747154,-0.031334384893939,-0.0254222135101374,0.101750643569519,0.188181007463535,0.0414360458073355,-0.0446849584483639,-0.110069808472557,-0.0603396664869569,0.0522370888505541,0.330135234407672,0.0830956460544868,0.0525328158462836,0.0306730008515413,0.12169328886184,0.183198947305432,0.0444698379611781,0.166005280814806,-0.0637699443051231,0.0392069686390439,-0.0176122060692092,0.0212723053933254,-0.0262961749972679,-0.00558810098671774,0.186235905066492,-0.00093269799110823,-0.0206653584485646,-0.0428992638371076,-0.242481224992144,-0.129071131165809,0.165194845448084,-0.153381764412742,0.0288310363461606
"9",0.121815289905037,-0.123807649492149,0.0394417019254013,0.065104871820776,0.0158668265863166,0.148415799935504,0.0783293173637429,0.0744121667782607,1,-0.0814453226365142,-0.0225459813827068,-0.0266002353045515,-0.067282122509932,0.0413119000866483,0.224724720338181,0.00974666989582568,0.19876025275822,0.0741125114793883,-0.272565953087537,-0.0406314087167627,0.147242005027179,0.125504938386276,0.0307606812717259,0.0553530126413177,-0.0553924021804863,0.11881409329663,0.144630776241892,-0.0630111576063886,0.144377645661658,0.108849298872194,-0.0701699870647967,0.0326736184906456,-0.0308806246063954,0.0405984984315072,-0.182829521988899,-0.0735261428014942,-0.0379092912001243,-0.0263847101203694,-0.0306349374999718,-0.0799404325811433,-0.066662871598521,-0.183969546168524,0.470644750731534,0.168907047064794,0.0220208184835057,0.0333256276491364,-0.0618814822487683,0.0367226605398836,0.170709173942119,0.0520640788952548,-0.0492282430650173,-0.0104773255672717,0.180696590812833,-0.0308308588324255,0.0124914880921878,-0.214306810498116,0.0523934934255086,0.212010811297855
"10",0.155567016032486,0.26355779015659,-0.294894237836863,0.09014623728182,0.143240259830725,-0.0963045542112035,-0.221256151083159,-0.117258425153636,-0.0814453226365142,1,-0.054140629433409,0.118588927141523,-0.059654833077989,0.188936664215437,-0.102207853117683,0.0944308495896809,-0.162574035725908,0.0381107923339282,0.0361927095518583,-0.0231481327404962,-0.132970159619792,-0.137565364176387,-0.146532524171206,0.0181108015754996,-0.0819827274101194,-0.0927192433614192,-0.0053689336118751,0.0156747317829898,0.00933658660685083,-0.0863182944441064,-0.140934585649596,-0.220332026690948,-0.0165499696820814,-0.0565223791185852,-0.159970976324247,0.0355577013704466,0.0109605054274251,0.208634431298266,-0.0835523003989186,0.118221340434241,-0.0765823668202191,0.19179280963246,-0.0602544231426597,-0.1542037628033,0.00690817808316048,0.140890224537321,0.0335890537935918,-0.0424819176938478,-0.13911204566444,0.0997065014024505,0.101370381096148,0.310201639296543,-0.0605635512223048,0.0310854267923873,-0.185728107276548,-0.0715476582861554,0.0689138201723663,0.00324303174216784
"11",0.256358936686295,0.322976067811571,0.232198268335054,-0.00427332260027716,-0.0934329891726329,-0.023972037847295,0.0527433792970865,-0.0569111870268208,-0.0225459813827068,-0.054140629433409,1,0.37941342080494,0.199661815613265,0.183795296772296,-0.012206333946755,-0.025177798895736,0.282419349019556,0.245098345204355,0.00465431411497634,-0.0822037501198052,0.0202202514591145,0.0796332995283182,0.0820278098010189,0.0119178113369215,0.166880089018274,0.143881797065077,-0.0231268748364215,-0.0420507229000177,0.0633284015729276,-0.171839579329897,0.170253837149965,0.101772226865875,0.341316580347974,0.098020495714369,-0.024814009442248,0.0847848650576826,0.0139242432820503,0.129879798007065,0.177297645899168,0.115132098664599,-0.0868203253296734,-0.168588904615166,-0.137782497536884,-0.0244945754949306,-0.00306662632993045,-0.117388238569006,0.00402609641326955,-0.0252129213379857,-0.00764522862609374,0.150793454188053,0.15478047937295,0.268361617334644,-0.0669103595971168,-0.0947404821045415,-0.039616400402015,0.0316238462672726,0.0220959688142262,-0.020935403289392
"12",-0.0243298454340016,0.110936542848217,0.106446021666378,0.0182146509136263,0.141922879687526,-0.107205132548842,0.0950001686149352,0.0830900371008121,-0.0266002353045515,0.118588927141523,0.37941342080494,1,0.00791616105186443,0.193587097880239,-0.00642242942945323,-0.0187436937119421,0.140406714169396,0.197689660831007,0.0893279809620583,0.178960398300079,0.128822512159609,0.123219844317206,0.0739488172588081,0.0909306740605077,0.299595279591624,0.165764864276,0.00327373569104219,0.2948922252514,-0.0466909854924213,-0.163315496589857,0.229818730566204,0.203723534037812,0.145764001520579,0.069572658960132,-0.0796881619660904,-0.0893720291037722,-0.116080128809999,0.0803101258124673,0.0575930437813472,0.173465799980956,-0.0746927624610207,0.0482254259697735,0.0498477756090948,-0.0269243230703273,-0.0877344259418382,0.0506896509289062,0.0893937928816731,-0.0844515704767321,-0.0363709350640446,0.266928844809403,0.190372556062252,0.166633215154836,-0.213969187305507,-0.1495765793633,-0.0637236968567184,-0.179640389540353,-0.110723491560217,0.118709105542207
"13",0.10667724026016,0.0952819191503382,0.0814931524092129,0.109215549463387,0.0885078853845915,0.10355426032346,-0.101144365175943,0.0483428088534023,-0.067282122509932,-0.059654833077989,0.199661815613265,0.00791616105186443,1,0.0373267410981248,-0.0116385341574683,-0.0869777219821306,0.299589145832197,-0.0830358864150638,0.121282089199876,-0.0971312227602668,0.0154125087090056,-0.00997741825450546,0.226399155335445,0.128561840386102,0.0894418796687022,-0.0350985799310186,-0.243614446869787,-0.0293113041706601,0.0863867453655057,0.0449786642155055,-0.0603503307777583,-0.00676623328118465,0.0754663227774642,-0.160006425891907,0.0376000103388068,0.00639102600187132,0.0584068045569588,0.070523777036887,0.0995993602036727,-0.0815888706072525,0.110004320982203,-0.153428044010782,-0.0943291774465648,-0.151275147377677,-0.104922511045095,-0.109177156114375,0.0720245864782708,0.0663457078425134,0.469585037005969,0.106163443523415,0.046186603453481,0.050134731790799,-0.0226466628290076,-0.00574980740353179,0.0764740127970184,0.0884496983686506,0.00172329361932803,-0.0142796885853471
"14",-0.053770261075942,-0.0916382670487597,-0.00677524561631629,0.0627139977984039,0.101155598170313,-0.0140502985131522,0.0968536413264701,-0.0152645106475298,0.0413119000866483,0.188936664215437,0.183795296772296,0.193587097880239,0.0373267410981248,1,0.0827939059437426,-0.0753713575054336,0.026536008534026,0.39907750219312,0.0593019929286504,-0.0642580681044604,-0.186565342366068,0.0327892649366188,0.279048882081893,0.282406832765236,0.100435730220505,0.0350449625100843,-0.00971270868304453,0.0685836292161828,-0.0724520149437764,-0.12650805575982,-0.0244906234730356,0.0986651107976102,0.0922237884197215,0.172109235714845,0.0409514361770022,-0.0231848081777153,-0.0137584770590537,-0.00515691168670529,0.00652216369026152,0.021391762584199,0.0503094854672606,0.22522566892921,0.029565883026197,-0.0988903860279227,0.0690995340030363,-0.14569497965226,-0.00346854101276694,0.0641699594974552,0.10482683659002,0.646146820733326,0.0350377484313945,0.0826820820186466,0.150569484316752,0.141248659545302,0.149177849518245,0.106252273395164,0.210047312583165,0.145360341730248
"15",-0.0452648101983014,-0.138365531521863,-0.00032959156894068,0.00493965230963863,0.156825454947676,0.0579858450550378,0.0953895764185504,-0.109629149204856,0.224724720338181,-0.102207853117683,-0.012206333946755,-0.00642242942945323,-0.0116385341574683,0.0827939059437426,1,-0.055202082828676,0.127691033088914,0.0461820672448211,0.014244456284737,-0.0406456059842034,0.203020650963904,0.111772216097893,0.0140788430311327,0.0434510418816259,-0.124912699962748,0.185331137041012,0.155277624293661,0.0661938641484938,0.0494669649657517,-0.0823538218230527,0.00960372413552324,-0.0822639365725203,0.170112418411019,0.013433245351168,-0.0912284256813081,-0.00155450221526319,0.0901889634437319,-0.170380539191282,0.00746136506253967,-0.0392203606727667,0.00084308335225085,0.00011538914954714,0.312520391199187,0.075533764722272,0.0994233851760076,-0.0773007743196808,-0.0121203267939527,-0.0483788074309693,0.339310722480286,0.0455027638480159,0.112683933695603,0.043991624166871,0.100664512932478,0.113963402163646,0.0738118615971231,-0.0594808469710303,0.0042450714770502,-0.0759877878410141
"16",0.055686299848026,-0.0380512031197051,-0.124349538809342,-0.0465845542104824,-0.00528477192837668,0.052922995762302,0.0483415502160578,0.0969706106158632,0.00974666989582568,0.0944308495896809,-0.025177798895736,-0.0187436937119421,-0.0869777219821306,-0.0753713575054336,-0.055202082828676,1,0.255790079662168,-0.0784258058158902,0.0985582090043459,0.044652382407395,-0.142760930715175,0.0323994256521801,0.0462239475711525,-0.0395449223622452,0.0385624181491362,-0.146996706817223,-0.0148860861324467,-0.108462167410368,-0.14624183468206,0.112292122078592,-0.00603516003642795,-0.00724347459678685,0.0413844545072233,0.162036704997804,-0.0355765664220188,0.0532627225565918,-0.0990766131600186,0.0421816370401846,0.171041956647819,0.0280890378871968,0.00307975722230533,0.0306055966864935,0.0720581637580996,-0.0102247341565651,0.0065135830956995,-0.138275848681313,0.0430740379157627,0.106438025883396,-0.00019733142831232,0.0103145506941813,-0.0545672271203399,-0.105620515150256,0.0932633938457075,0.0317509821183212,-0.0780450406852322,-0.031622713039492,-0.0582516006943086,0.103125841425427
"17",0.0782299939219516,0.170620738482937,0.102907592988878,0.0455571917654679,0.0882736326251952,0.109553329495827,-0.110033786905695,-0.0539155644236997,0.19876025275822,-0.162574035725908,0.282419349019556,0.140406714169396,0.299589145832197,0.026536008534026,0.127691033088914,0.255790079662168,1,0.0865150031772117,0.0683286927389089,-0.0706248292111858,0.0556490994866189,0.143398527813724,0.0570865880186755,0.0450582800567103,-0.0245177791192621,0.020300590334015,0.0488465428652,-0.165458547487024,0.0578245057953211,0.0865925856168366,0.0851381946854634,0.0357471717728234,0.347936888863868,0.172862718409147,-0.0588648782386125,-0.157137986991019,-0.152419403902047,-0.0161193848039583,0.260114552520353,0.132268375837168,-0.0364019952111346,-0.126544425316418,0.0653151198641389,0.0995735653732772,-0.114326227462351,-0.167239917000757,-0.0160945418480254,0.10211636127477,0.314602294908856,-0.0536859719670222,0.0592497672200825,-0.0282100157815355,0.00892471442377001,-0.0357857093487244,0.0828398920604021,-0.244973756425029,-0.0990806939967714,0.190560287886947
"18",0.0344078174574309,-0.0228576000758696,0.155458247735178,-0.033718092119238,0.049151218381415,-0.0357175185198197,0.107151874821112,-0.0893179727800399,0.0741125114793883,0.0381107923339282,0.245098345204355,0.197689660831007,-0.0830358864150638,0.39907750219312,0.0461820672448211,-0.0784258058158902,0.0865150031772117,1,-0.0712568277557901,0.0489002524082164,-0.192221648474901,-0.0509223905838099,0.127464873142524,0.150714048392618,0.0834124595667646,0.0310087267224717,0.155005883828523,0.0357402973820834,0.0215847316396251,0.101136931033172,0.177970161731309,0.311379855043536,0.191809684599945,0.212949244131118,0.0872426694621788,-0.0266071244151801,-0.0568196345292373,-0.0523494139125743,-0.0412828878216732,0.0856563132240054,-0.048918856309108,0.030530647620839,0.00675563282781795,-0.107407379080025,0.0804078340840561,-0.183463306822638,-0.0497653916609359,0.0567222161131048,-7.16877182572871e-05,0.400052292895806,-0.0368600638537583,0.143329154910008,0.0980744389954486,0.230895535295736,0.112631077974266,-0.10856559578634,0.149803137214235,0.0464731988439736
"19",-0.107817993267208,0.0990856341005472,0.00492645000383736,-0.130883405454879,0.119350285161272,-0.139108293857299,0.0312527180703178,0.180853412989963,-0.272565953087537,0.0361927095518583,0.00465431411497634,0.0893279809620583,0.121282089199876,0.0593019929286504,0.014244456284737,0.0985582090043459,0.0683286927389088,-0.0712568277557901,1,0.142136065286531,0.0518133631952831,0.00798012137548886,0.23407300584439,0.109718004021803,0.170820335792265,-0.0115225717061369,-0.180435546087183,0.0531849159568359,-0.0394884604502051,-0.0039620876944349,0.315172688372394,0.0769869486276871,0.0778931358578983,-0.187190853222666,0.0943687064800887,0.145616362924371,0.0939317664003703,-0.0440873402231763,-0.17728286569582,-0.123612197177587,0.0262594219751132,0.0468045680767836,-0.0234161060029913,0.0495852792812911,0.109686243990456,0.038918500964301,-0.0865106813619759,0.0658060366668018,0.151948366478474,0.0659434345448823,0.00025826188059191,-0.114886935098045,0.0404958945471111,0.00340754787283894,-0.0887377391368819,0.01014136773715,-0.0392119748584794,-0.0855456718606056
"20",0.051137858230201,-0.130802104278856,-0.139210185703351,-0.0825940042057333,0.0628205243529045,0.109006598600354,0.132972308777852,0.0457067359016953,-0.0406314087167627,-0.0231481327404962,-0.0822037501198052,0.178960398300079,-0.0971312227602668,-0.0642580681044604,-0.0406456059842034,0.044652382407395,-0.0706248292111858,0.0489002524082164,0.142136065286531,1,0.00053451817759756,-0.00196998642508334,-0.00817413168799317,-0.0353769304794733,0.117035952067565,0.0719077702453129,-0.0539837409322637,0.0338183899243565,-0.00039895300327133,0.0610305721928691,-0.117294203632882,0.159713316640569,0.101815964451842,0.040590735090655,0.11179158566709,-0.145158593880133,-0.0167708335815323,0.00991762647546921,-0.0278709968142719,-0.107280918683667,-0.0584525929341965,-0.0302358163631711,0.145283009759398,-0.0541233410387611,0.211240911277283,-0.0178144299905655,-0.0705181784289514,0.0583961102358336,-0.160233598516075,-0.0176776232247576,0.132409931452062,0.0956830892018713,-0.215825426166272,0.0505165319313737,-0.0068599402107909,0.0760546262811374,-0.0595322714426541,0.0377547828159078
"21",-0.0702977133627639,-0.0750833531314776,-0.0534290950265314,-0.200257466135125,-0.0699202839872906,0.0237682106089049,-0.0989710465007075,-0.0870787163454761,0.147242005027179,-0.132970159619792,0.0202202514591145,0.128822512159609,0.0154125087090056,-0.186565342366068,0.203020650963904,-0.142760930715175,0.0556490994866189,-0.192221648474901,0.0518133631952831,0.00053451817759756,1,0.00140669747318949,-0.00560544313064862,0.160027453517001,-0.00550311839112992,0.157499379860103,-0.0370410240261895,0.0834846385506273,0.114850498891024,-0.0717520858558874,0.0553317688919386,0.043667204071844,0.0366255497626104,-0.086236787700789,-0.129726927571492,-0.0796502981083155,0.0806824460206695,0.0184827445525452,0.0141677163982974,-0.0090211368308527,-0.038807199108551,-0.049260068968553,0.2713980635583,0.152495755769173,-0.0193454046923272,-0.0221889487499483,-0.00362316366138168,-0.0555498095320675,0.0780528891755406,-0.0511279505104551,0.105902229604684,-0.0425606973063663,-0.0744600294180822,-0.0404650210192179,0.00643921917779663,-0.167454992424869,-0.195201778180167,0.0778479848447621
"22",-0.0664253055616789,-0.0937053451019172,0.125855982795771,-0.134887121715335,0.135446159590305,-0.0893882293217721,-0.00551146572228135,0.0206853988511695,0.125504938386276,-0.137565364176387,0.0796332995283182,0.123219844317206,-0.00997741825450546,0.0327892649366188,0.111772216097893,0.0323994256521801,0.143398527813724,-0.0509223905838099,0.00798012137548886,-0.00196998642508334,0.00140669747318949,1,0.00419397578011547,-0.0146480039641809,0.0341003073037852,0.057842121957335,0.158576359012403,0.14697817151484,-0.110034570844611,0.0741071225761937,-0.0566714531086566,0.0818418274856567,-0.0218907619408655,0.00035544959036917,0.0180122464598228,0.0402284116844263,0.0141335764828103,0.0123405211638014,0.0841051436546956,0.0377458700918661,0.0120579857184475,-0.102478267655948,0.0842013118196265,-0.014895583920594,0.0593602446204468,0.0568687290846126,0.169357163900983,0.156049834596712,0.151863620521167,0.0243276311008698,0.00539549268519211,0.0542602090270807,0.1249677992721,0.0457377581760198,0.0528131828708117,-0.17965639476465,0.0871040744742973,0.0673032088133809
"23",-0.0303706371150202,-0.167428938795679,0.0207381210288837,-0.110526909807527,0.0588497104988733,0.0166729920420514,0.249365396811209,0.110432363786949,0.0307606812717259,-0.146532524171206,0.0820278098010189,0.0739488172588081,0.226399155335445,0.279048882081893,0.0140788430311327,0.0462239475711525,0.0570865880186755,0.127464873142524,0.23407300584439,-0.00817413168799317,-0.00560544313064862,0.00419397578011547,1,0.281822356660741,0.140373671545786,-0.013133124822482,0.0819171798397781,0.125151268328274,-0.0848612655637722,0.139766014458526,0.0616930900126701,-0.00890262657585976,0.0222203113309912,-0.135579981663509,0.184885053471894,-0.0507944828162177,0.0979251407969909,-0.0261286683650082,0.0356433092458608,0.102571826282124,0.0664551288014464,0.119588482201081,0.0908795243361311,-0.165148107906922,0.117337772326625,-0.106015353923622,0.0233194449164379,0.151646750911166,0.232029467988953,0.235497282326668,-0.13582907377806,-0.186218830856334,0.13062961975624,0.0439646373714535,0.146898307610382,0.0699195099417926,0.308497249377994,0.166743154831484
"24",0.0696822708298704,-0.123901770434326,-0.0960391536158863,0.0289435520820479,0.0888500004894177,0.178384460131686,-0.0888387515275257,-0.0840422153099514,0.0553530126413177,0.0181108015754996,0.0119178113369215,0.0909306740605077,0.128561840386102,0.282406832765236,0.0434510418816259,-0.0395449223622452,0.0450582800567103,0.150714048392618,0.109718004021803,-0.0353769304794733,0.160027453517001,-0.0146480039641809,0.281822356660741,1,0.178603385445811,0.0325229974697228,0.0118995396878322,0.0803677861645496,-0.103166383878588,0.00483001075930395,-0.034307321050963,0.0122875633019114,0.0812974507674034,-0.0540345677546528,-0.165350058167985,-0.0390188742286899,0.0313410188579907,0.00896901307455612,-0.0398775662388372,0.0266989498807321,0.103653749156396,-0.102903559248213,0.055951970240917,-0.092687913434239,-0.0646186888479978,-0.143109634694106,0.0513553676549854,-0.0049295133044063,0.0576850156419404,0.230523457496659,0.0432569075827432,-0.0274000028452979,0.0375669338671768,0.0953182222795172,0.0434003953923716,0.014672245071225,0.115075713245431,0.307747744168588
"25",-0.0305746926370939,-0.0627156926352339,0.170404210570185,0.0812698609432991,0.0733346738839993,-0.0975598528178205,0.0929745608548242,0.121176707375162,-0.0553924021804863,-0.0819827274101194,0.166880089018274,0.299595279591624,0.0894418796687022,0.100435730220505,-0.124912699962748,0.0385624181491362,-0.0245177791192621,0.0834124595667646,0.170820335792265,0.117035952067565,-0.00550311839112992,0.0341003073037852,0.140373671545786,0.178603385445811,1,0.226546672390838,-0.00720633607269469,0.0936261142889485,-0.118324503032902,-0.101781246363699,0.136034880649343,0.0866448162815634,0.00777557911842662,-0.152768092170884,-0.00127250606685474,-0.0453778460913031,-0.00818227796580704,0.104026220700587,0.0283661405965059,-0.0288702552056391,0.0586940939291323,0.105841756573396,0.125106103859531,0.0957560223093859,-0.0651823459812427,-0.171617267047353,-0.0405474034920229,0.107373093904635,0.0912876832593546,0.242736734579902,0.192578957299403,0.0319778844399065,-0.0785279944719805,0.00811688990917551,0.101764578055408,0.0868643436638946,-0.0828669992437444,0.0380474272914744
"26",0.145945623857666,-0.10644938890149,0.131664712886944,0.0628269604030935,0.157460172629734,0.154080184631599,0.0471487959356457,-0.132021160747154,0.11881409329663,-0.0927192433614192,0.143881797065077,0.165764864276,-0.0350985799310186,0.0350449625100843,0.185331137041012,-0.146996706817223,0.020300590334015,0.0310087267224717,-0.0115225717061369,0.0719077702453129,0.157499379860103,0.057842121957335,-0.013133124822482,0.0325229974697228,0.226546672390838,1,-0.0814646174816243,0.107579894337547,-0.0820893835816632,0.0801367559777131,0.203812910898818,0.133512948770204,-0.0303240827717206,-0.110600386181325,0.0646183956027126,-0.026465721872706,0.0957113614850518,0.0660738623200371,0.0395553255225606,-0.0115680288813641,0.250615280200941,0.0523832296226163,0.281673911229414,0.249985185338634,0.237815525830699,0.13670580048346,-0.00064750358483009,0.0410266778725751,0.217746361576266,0.0906054374224772,0.115274485808597,-0.0160600124035908,-0.248471303386278,-0.00573480492373492,-0.0439786477746544,-0.0568476288648022,-0.0562844969799405,-0.114373492825212
"27",-0.114883528224877,-0.0255901724402568,0.122749837255999,-0.133464402401178,0.260576604636421,-0.0603872386652692,-0.0111684482028124,-0.0313343848939391,0.144630776241892,-0.0053689336118751,-0.0231268748364215,0.00327373569104219,-0.243614446869787,-0.00971270868304453,0.155277624293661,-0.0148860861324467,0.0488465428652,0.155005883828523,-0.180435546087183,-0.0539837409322637,-0.0370410240261895,0.158576359012403,0.0819171798397781,0.0118995396878322,-0.0072063360726947,-0.0814646174816243,1,0.211013458520993,-0.0856251142121612,0.117743294355526,-0.0431224225881386,-0.139211068175106,-0.00492851474847907,0.0271970292939058,0.0856730801707337,-0.0127492520824524,-0.0536476664774974,0.0228019452785935,0.0362263851456448,0.0747225688629765,-0.0503270630467675,0.0945178048365132,0.0508535235610542,0.0946926614121338,-0.0757386369638909,-0.154425836141586,0.100043826013224,0.176591714416174,-0.0211206703882525,-0.013422506070795,-0.114717651644441,-0.132676599706975,0.0791886251530662,0.026673824418475,0.0290769840362487,-0.0911607946664303,0.302783586465616,0.064903713779863
"28",-0.158633466177824,0.021057177833699,-0.124447656246581,-0.192100056366386,0.198092585942516,-0.00507327876582245,0.301213667225983,-0.0254222135101374,-0.0630111576063886,0.0156747317829898,-0.0420507229000177,0.2948922252514,-0.0293113041706601,0.0685836292161828,0.0661938641484938,-0.108462167410368,-0.165458547487024,0.0357402973820834,0.0531849159568359,0.0338183899243565,0.0834846385506273,0.14697817151484,0.125151268328274,0.0803677861645496,0.0936261142889485,0.107579894337547,0.211013458520993,1,-0.151645409116703,-0.041542116685717,0.00726260032738148,-0.0815991335898205,0.0611405997430333,0.145489179363466,0.081748042861988,0.0818459225681809,-0.0148682319547756,-0.0727921969496924,0.103295466211194,0.19361282761275,-0.0211392491492315,0.0529114294898283,-0.053049113466113,0.0329487812996236,0.116712852686247,0.0368576541073159,0.111628596165334,0.105363615125611,-0.0780347314179799,0.0399984555510726,-0.0832710886218837,-0.106121519679694,-0.17200254448285,-0.130398489340441,0.0315451238025965,-0.124502557083937,0.131515639168839,-0.0181371278885223
"29",-0.0462551237104682,0.100267375549991,0.0882696274642516,0.0679877863297202,-0.221867732629455,-0.042389309635785,-0.156308004195964,0.101750643569519,0.144377645661658,0.00933658660685083,0.0633284015729276,-0.0466909854924213,0.0863867453655057,-0.0724520149437764,0.0494669649657517,-0.14624183468206,0.0578245057953211,0.0215847316396251,-0.0394884604502051,-0.00039895300327133,0.114850498891024,-0.110034570844611,-0.0848612655637722,-0.103166383878588,-0.118324503032902,-0.0820893835816632,-0.0856251142121612,-0.151645409116703,1,0.0130989586839789,0.00413579786677677,-0.130537232693964,0.010329030831284,-0.0138912083386131,-0.102296616118806,0.13120342197171,-0.09564103378627,-0.0472371237901874,-0.0738968945710751,-0.134907674785752,0.147570822079703,0.0811213939101486,0.123815386839681,-0.0598217666049404,0.0605642195568948,0.118800327436722,-0.0967773439206126,-0.109569350881541,0.118614234133132,0.0119449699420547,-0.1303731794063,0.0403460443447559,-0.0346617548699512,-0.0443872802664045,0.0658193591368307,-0.185450348980699,-0.112253870214641,0.0551445744741646
"30",0.0579173060758964,-0.300386147284769,0.0135309556016573,-0.163984052120874,0.11687924440376,0.135753572316638,-0.0687605412561681,0.188181007463535,0.108849298872194,-0.0863182944441064,-0.171839579329897,-0.163315496589857,0.0449786642155055,-0.12650805575982,-0.0823538218230527,0.112292122078592,0.0865925856168366,0.101136931033172,-0.0039620876944349,0.0610305721928691,-0.0717520858558874,0.0741071225761937,0.139766014458526,0.00483001075930395,-0.101781246363699,0.0801367559777131,0.117743294355526,-0.041542116685717,0.0130989586839789,1,0.0344011222649626,0.112678993295549,-0.0791262734627938,0.0287310949261731,0.0837807430231828,0.00690888965501243,0.205291151306909,0.067205959964971,0.206479778705186,0.249540402340822,0.286723646445724,-0.010054559697294,0.101538288757461,0.0287148819870024,0.1598298953757,-0.0599805683832624,0.226407342584695,0.262235615906225,0.157189761108405,-0.0184721996180655,-0.0461787829615344,-0.151067688881035,-0.210295789620818,0.0362610021184119,-0.163225137771443,-0.00359326624461414,0.169425357409082,0.120984887109557
"31",-0.0314521137194892,0.0510701823895028,0.124393727551198,-0.0840445714600522,-0.0123258182861417,-0.109534691405284,-0.0283497144518631,0.0414360458073355,-0.0701699870647967,-0.140934585649596,0.170253837149965,0.229818730566204,-0.0603503307777583,-0.0244906234730356,0.00960372413552324,-0.00603516003642795,0.0851381946854634,0.177970161731309,0.315172688372394,-0.117294203632882,0.0553317688919386,-0.0566714531086566,0.0616930900126701,-0.034307321050963,0.136034880649343,0.203812910898818,-0.0431224225881386,0.00726260032738148,0.00413579786677677,0.0344011222649626,1,0.253726643644912,0.0276739138341496,0.00932390022978188,0.0948854015722639,-0.0390616192975538,-0.0399690145300641,0.00146310217162944,-0.20707082140648,-0.110402646563718,-0.160051116410127,-0.0582497491760756,0.0731560096186904,0.285051125168533,-0.0474218969769146,0.0712544062780739,-0.151587046936662,-0.0880437577750679,0.0539614118876007,0.12071545869414,0.0553541396150507,0.069464500103517,-0.0616923938035403,-0.0614127744072689,-0.0612790665552031,-0.132428310870309,-0.117961554061582,-0.245898096107317
"32",0.137232387795504,-0.0897493995260002,0.101733451444447,-0.133380574831508,-0.0313409391540765,-0.1983976694685,0.0366542559184993,-0.0446849584483639,0.0326736184906456,-0.220332026690948,0.101772226865875,0.203723534037812,-0.00676623328118465,0.0986651107976102,-0.0822639365725203,-0.00724347459678685,0.0357471717728234,0.311379855043536,0.0769869486276871,0.159713316640569,0.043667204071844,0.0818418274856567,-0.00890262657585976,0.0122875633019114,0.0866448162815634,0.133512948770204,-0.139211068175106,-0.0815991335898205,-0.130537232693964,0.112678993295549,0.253726643644912,1,-0.0963022352295427,0.0674974385493059,0.0806302838656839,-0.188286863300293,0.185295320508716,-0.0685511889481945,-0.160784459001297,-0.133103619091591,-0.128398845780688,-0.0226486262149694,-0.051880793195706,-0.0251089281957324,0.218678314422609,0.179427120238357,0.0509232154522261,0.081630579021855,-0.0778034445328803,0.19799921117119,0.139197925419744,-0.0111463214196777,0.0606551321254196,0.0915122589107993,0.0210430039674165,0.036690964662153,-0.185041221096841,-0.201214049512637
"33",0.00921401506784653,0.205907813847606,0.076485676639516,-0.0807853269871277,0.0489311318796348,0.0437420331613005,0.0208653424969558,-0.110069808472557,-0.0308806246063954,-0.0165499696820814,0.341316580347974,0.145764001520579,0.0754663227774642,0.0922237884197215,0.170112418411019,0.0413844545072233,0.347936888863868,0.191809684599945,0.0778931358578983,0.101815964451842,0.0366255497626104,-0.0218907619408655,0.0222203113309912,0.0812974507674034,0.00777557911842662,-0.0303240827717206,-0.00492851474847907,0.0611405997430333,0.010329030831284,-0.0791262734627938,0.0276739138341496,-0.0963022352295427,1,0.183535247814083,-0.0899068333505124,-0.0888438664956195,-0.208960072894127,-0.0576718692660837,0.254676295989786,0.275771502047725,-0.0288661031206847,-0.028326188343467,-0.147437557106802,-0.0729428138751133,-0.159959416929727,-0.357449096646845,-0.0428289750748332,0.0447763486961651,-0.0135574839685783,-0.0471829316027979,0.165133194854737,0.140256096865943,0.0428245262569304,-0.105373146843555,0.101501936026725,-0.0835128495934663,0.0441157384497636,0.174588135772268
"34",-0.168845061715477,0.00695307041663278,-0.114370927602744,-0.00638162520127888,0.0405633291075798,0.256596444874781,0.101028929579904,-0.0603396664869569,0.0405984984315072,-0.0565223791185852,0.098020495714369,0.069572658960132,-0.160006425891907,0.172109235714845,0.013433245351168,0.162036704997804,0.172862718409147,0.212949244131118,-0.187190853222666,0.040590735090655,-0.0862367877007889,0.00035544959036917,-0.135579981663509,-0.0540345677546528,-0.152768092170884,-0.110600386181325,0.0271970292939058,0.145489179363466,-0.0138912083386131,0.0287310949261731,0.00932390022978188,0.0674974385493059,0.183535247814083,1,-0.077392799635781,-0.125295752861452,-0.0674596098558056,-0.0593447500835292,0.201910945287665,0.300278616382198,-0.0275416609743612,-0.0156344505598633,-0.0660925760717373,0.0368101937501333,0.0490458129770404,-0.116249444256767,0.0824013525961345,0.0652069082669106,-0.187868556364476,0.0124153190658856,-0.0163602555088597,-0.0744549063579779,-0.160510684569518,0.0617534330833226,0.0877558289726333,0.0635622747641659,0.192847978141878,0.0722515913218633
"35",-0.154989561848887,-0.120883025149981,0.104313546537478,-0.134716262940252,0.00891797948299585,-0.260004255068127,0.325356218095731,0.0522370888505541,-0.182829521988899,-0.159970976324247,-0.024814009442248,-0.0796881619660904,0.0376000103388068,0.0409514361770022,-0.0912284256813081,-0.0355765664220188,-0.0588648782386125,0.0872426694621788,0.0943687064800886,0.11179158566709,-0.129726927571492,0.0180122464598228,0.184885053471894,-0.165350058167985,-0.00127250606685474,0.0646183956027126,0.0856730801707337,0.081748042861988,-0.102296616118806,0.0837807430231828,0.0948854015722639,0.0806302838656839,-0.0899068333505124,-0.077392799635781,1,0.146814008258864,0.242192538760701,0.193748880420722,0.104694610178497,-0.0239278327551013,-0.0811573647839385,0.185665638783249,-0.0432751393164483,-0.189440579602424,0.257741499177196,0.119741055737233,-0.0393243965605685,0.133962397130715,-0.0579863139332532,0.0881438137105442,-0.148369081005116,-0.157884128399171,0.0518547204374402,0.0569565053974356,0.214435089538584,0.0372665489951805,0.151802330688301,-0.158688500668929
