"","l_Insular.Cortex","r_Insular.Cortex","l_Amygdal.Area","r_Amygdal.Area","l_Bed.Nucleus.of.the.Stria.Terminalis","r_Bed.Nucleus.of.the.Stria.Terminalis","l_Hippocampus","r_Hippocampus","l_Orbitofrontal.cortex","r_Orbitofrontal.cortex","l_Entorhinal.Cortex","r_Entorhinal.Cortex","l_Frontal.Association.Cortex","r_Frontal.Association.Cortex","l_Globus.Pallidus","r_Globus.Pallidus","l_Glomerular.Layer.of.the.Accessory.Olfactory.Bulb","r_Glomerular.Layer.of.the.Accessory.Olfactory.Bulb","l_Glomerular.Layer.of.the.Olfactory.Bulb","r_Glomerular.Layer.of.the.Olfactory.Bulb","l_Granule.Cell.Level.of.the.Cerebellum","r_Granule.Cell.Level.of.the.Cerebellum","l_Hypothalamic.Region","r_Hypothalamic.Region","l_Entorhinal.Cortex","r_Entorhinal.Cortex","l_Vermix.Molecular.Layer.of.the.Cerebellum","r_Vermix.Molecular.Layer.of.the.Cerebellum","l_Lateral.Molecular.Layer.of.the.Cerebellum","r_Lateral.Molecular.Layer.of.the.Cerebellum","l_Anterior.Olfactory.Bulb","r_Anterior.Olfactory.Bulb","l_Posterior.Olfactory.Bulb","r_Posterior.Olfactory.Bulb","l_Subiculum","r_Subiculum","l_Perirhinal.Area","r_Perirhinal.Area","l_PreLimbic.System","r_PreLimbic.System","l_Primary.Cingular.Cortex","r_Primary.Cingular.Cortex","l_Primary.Motor.Cortex","r_Primary.Motor.Cortex","l_Retrosplenial.Cortex","r_Retrosplenial.Cortex","l_Secondary.Cingular.Cortex","r_Secondary.Cingular.Cortex","l_Secondary.Motor.Cortex","r_Secondary.Motor.Cortex","l_Striatum","r_Striatum","l_Ventral.Tegmental.Area","r_Ventral.Tegmental.Area","l_Substantia.Nigra","r_Substantia.Nigra","l_Thalamus","r_Thalamus"
"1",1,0.0940936728408261,0.0328704604970639,0.0841745415190669,-0.0750925038692584,-0.184747837284814,-0.0946457506864439,0.325255392793558,0.198187023102863,0.00566011727647305,0.0217035039728534,0.226574510757598,-0.169403553257814,0.10455343919675,0.070105419110801,-0.103000850748039,-0.13168863014662,0.0241289157644019,0.0287454280358345,-0.0497603598347366,0.421897132909901,-0.0446594787710939,0.048677737159642,0.156262568990531,-0.0704826923429105,0.224010299405489,0.0266178248998152,0.19322510472099,-0.114474883061021,0.0624163565290559,-0.0654137143070634,-0.0123586734463181,-0.0441677428036592,0.135478164581398,0.17320730483605,0.166909329407992,0.0158448730928986,0.164941969027242,-0.124891038051742,0.0623007156784462,0.117236943673685,0.191550386164706,-0.00404254747828544,-0.00424650197392187,-0.0500191916799463,-0.0860911631706343,0.0262226816332969,0.101033324239573,-0.079035058525068,0.117306244954016,-0.0129019465020394,0.119148112633916,-0.223271350909292,0.0358016635361474,0.0198558706708612,-0.0852441877737306,-0.158325484834259,0.152318951340437
"2",0.0940936728408261,1,0.0613837237548803,0.0927806565287595,0.0162515050403306,-0.0870526501225747,0.0133167443351921,0.0878889516040662,0.12213586020923,0.163123031172573,0.040267874164957,0.17775163328554,-0.0311578566122795,0.00046413018728024,-0.0365263780342371,0.138865452484259,-0.0544799675330421,-0.0273820849272415,-0.0376547900475158,0.0994217695124883,0.0704639177143389,0.194568093425055,-0.0401161338133548,-0.0441392704168083,0.195897522503492,0.153063748535764,0.186564840484973,0.043355070356872,0.0835696096675755,0.127243884444424,-0.0263916629096268,-0.0950383224262935,0.143680515052784,-0.0422311885065565,0.0295950725293568,0.0464626656607813,0.0315034477520998,0.0854649613345401,0.227126954311674,-0.0941986315104015,-0.174452515407992,-0.0786135645438694,-0.0631743990162163,0.0393356294778863,-0.0517125942507383,0.0489511345375722,-0.20966911796801,-0.0860897876545771,-0.00256708275666831,-0.00260235884313388,-0.0535214095154398,0.0406087075041845,0.168055774203683,0.253557219061258,-0.0342769126696752,0.0752555328807923,-0.0470894879613404,0.0605950905368152
"3",0.0328704604970639,0.0613837237548803,1,0.138253502399311,0.0413079896191013,0.167943187552766,0.152319506228347,0.217731234708015,0.0903827679020933,-0.107967456115708,0.262369160028268,0.11414546178367,0.0168820630259902,0.0443367070277706,-0.0539389440789538,-0.230397030634041,-0.00799311160622103,-0.0642388085340988,-0.0277716035675493,0.212302080345743,-0.0685096410780113,-0.0765711033879409,0.0415394887066532,0.0441394481393991,0.201097852334171,0.187127253740793,-0.00780339964608664,0.117080379615285,0.242185817265651,0.0787394602127754,-0.0258388720763246,-0.0222599010765597,0.154908451200198,0.0264401493757178,0.152592991469209,-0.128313032761942,0.0970871493346221,0.077848494822195,0.215339418376609,-0.0295016863314586,-0.208254706731781,-0.0189899804328967,-0.0404382933859715,-0.0358179077232909,0.012278169819393,0.109308999898077,-0.0244966460185785,0.0276168223663571,-0.209366640335587,-0.0146946461289334,0.0883937253618796,0.150376961960681,0.230535947822095,0.110196830716031,-0.0727648567715296,0.0692692731983078,0.0364497632482001,0.17599961421473
"4",0.0841745415190669,0.0927806565287595,0.138253502399311,1,0.0322870451736967,0.0606146315378494,0.0254406217235445,0.177593230996549,-0.121052491749785,-0.033579327077683,0.118273349100797,-0.0524360769235855,-0.00267820115475836,0.0092432804009673,-0.0279657135353564,0.0521893543783198,0.0549943108461411,0.012645867244406,0.128950423773633,0.141886175206674,0.125116369296118,-0.2401029000356,0.175527053974123,-0.0338040962659734,0.151839774783264,0.32846780133181,0.183532161045358,-0.103070901523312,-0.0194539238249166,0.0183085710347275,-0.0953754091085567,-0.0525037012106135,0.00506951477430671,-0.145115569516263,-0.01275071970127,-0.0327953803848922,0.0129922464064615,-0.228072956988567,0.161092720404961,0.00314440777122868,-0.0588118438532954,0.00536915067617983,-0.121844276301432,-0.0481822412496138,0.0166342634263923,0.00587849590332949,0.157109894723351,0.0225258939813556,-0.037731983530076,-0.0774658626248304,-0.0506795689115799,-0.103055908030894,0.00849110295073453,0.111286703686189,0.0394358311323975,0.258907479227978,0.24128463295299,0.102230667872402
"5",-0.0750925038692584,0.0162515050403306,0.0413079896191013,0.0322870451736967,1,0.0157249351719812,-0.159608959605929,0.0336114739491981,0.0708653527738707,0.166079394448043,0.0218895750836135,-0.0836741493341374,0.182502746124562,0.00973566208150967,-0.0496553625547006,0.0329934083109993,0.198251214229646,0.0127981861372985,0.143310174425436,-0.0759668354693293,0.0185556526081439,-0.11662148126028,0.0567098770173495,0.0156590497405209,0.0330030632162339,0.14296201134278,-0.203927158901822,-0.199020939391422,0.0515051461564949,-0.00887167017898177,0.119751710765796,0.0647584151868889,0.183480006812626,-0.201311030172586,-0.0766776049310813,0.0798777464223232,0.160889468391202,-0.0154535233446583,0.328683609562094,-0.135288599704389,0.0457477288683958,-0.0535304390869044,-0.0539565753484783,0.0237159874290521,0.118717229449175,-0.100762774894432,0.193635327168179,0.181575714191413,0.0824524194190013,0.0514937624782154,0.117616448615805,0.124018951230207,0.140513580904166,0.105143482057396,0.0807978544546673,0.132442964859316,0.149117027631762,-0.116407194327224
"6",-0.184747837284814,-0.0870526501225747,0.167943187552766,0.0606146315378494,0.0157249351719812,1,-0.00712655410039833,-0.100396910059023,-0.251092641641096,-0.0378851412364686,0.188154139730018,-0.00016878618710301,0.0432382056131869,0.0649189193800359,0.0524509523239564,-0.159299876472146,0.182154302777053,0.00951239372155571,0.00069247932430741,0.0970420041821777,-0.00369440497593577,0.112658788339306,0.0226305300433982,-0.0754937355390728,0.214108138584469,0.062722981328924,0.0584139296800435,-0.0818346799816491,0.213895442225443,-0.160230170745154,0.162499224344385,0.110771124566368,-0.0491854275781401,0.06017539569129,0.0672975161111907,-0.0938148168968536,0.0519567461566071,-0.102945700829104,0.140777209870994,-0.101287041271324,-0.0631853998409259,-0.00850701553172616,-0.22151721362603,-0.057472835827593,-0.0235327740082396,-0.0188636498248094,-0.108817241443065,-0.149579310512083,-0.0291089915662038,-0.0380175832506454,-0.0315895263990359,-0.00631038421987807,-0.0460317478402195,0.0597593862251561,0.0498349603756164,0.138662278055159,0.0976379489312146,0.145183080750652
"7",-0.0946457506864439,0.0133167443351921,0.152319506228347,0.0254406217235445,-0.159608959605929,-0.00712655410039833,1,0.155466854547322,0.0290029768890941,-0.26072129912585,0.052378452030159,0.0999995917468092,-0.00279121156466505,0.0527362130286841,-0.0302071646847812,-0.0987744007470911,-0.0651064645877416,-0.0180986988671418,-0.00919474682817088,0.0444370975980726,-0.0890512835344164,0.148042121483566,0.0457299252199913,-0.0211347022597102,0.158509673280805,0.0461180668005091,-0.00552448831365864,0.208305105760739,0.162258891024705,0.015251103681871,0.0336428109143789,-0.215070813065947,0.0496286846111245,-0.0252980600955722,0.182527997389831,-0.0231307429242296,-0.0230473435202873,-0.0047310926997004,0.0553629326468765,0.046850849849059,-0.135023913543713,-0.180150428745973,-0.0319090038760207,-0.0202356054616478,0.0121102630840779,0.00536979507695376,-0.0705093085904973,0.03359969590765,-0.0395481710281677,-0.0602453236577671,-0.10062787941889,-0.0441817772068198,0.0829973588584792,-0.0264220418860045,-0.201335770116288,0.05891014370817,-0.0996137642944763,0.160386577719777
"8",0.325255392793558,0.0878889516040662,0.217731234708015,0.177593230996549,0.0336114739491981,-0.100396910059023,0.155466854547322,1,-0.0552641821978996,0.140597915051922,0.00835998772599719,0.0942741602694383,-0.0885686862472184,-0.0957164306373678,0.00227205681975169,-0.0178647199464688,-0.182608075069205,-0.0259602237269228,0.196850292173687,0.13728599671828,0.00668808556267457,0.0523650074722263,0.0628675121084576,-0.0942736463219329,0.139118873145392,0.299540349027156,0.133813403884835,0.163492360397043,0.0766297594732806,-0.0535361341050811,-0.0239071349787411,-0.160304770068443,-0.066523268107096,0.0461607220098641,0.0452682240398346,0.155466198941384,0.00136287940384936,-0.0238970622308129,0.0924497506858683,0.183327882300398,-0.00409392886846109,0.120415666317169,0.00963677949567662,0.113067545659074,-0.0941727076121017,-0.166295870619425,0.0385508352088144,0.128330453743121,-0.137772534158282,-0.102554104184128,0.143543448921058,0.0756076032425026,-0.0102628436529545,-0.00786928197328657,-0.00907455529081675,-0.033458919459786,0.00480023512557354,-0.0499303251651241
"9",0.198187023102863,0.12213586020923,0.0903827679020933,-0.121052491749785,0.0708653527738707,-0.251092641641096,0.0290029768890941,-0.0552641821978996,1,-0.0714595946851077,0.0669935670889441,0.0637422406857172,0.186371516854273,0.208994135289595,-0.13487167473173,0.0619149875722079,0.185408137813655,0.136590828607173,-0.221628209576112,-0.10594168205587,0.104797123016389,-0.057710854436735,-0.0817616558435919,-0.00962239222759892,-0.230336303638562,0.033880888911063,0.0669608079307435,0.0536864878385517,-0.0921764466562467,-0.0216876958292831,-0.128303232666166,-0.061519500250299,0.0755581522817075,0.139424494889096,0.158976726602018,0.0551626077934563,-0.0776197975213976,0.0721055426914986,-0.125339040713185,-0.0542693202844131,0.177795910103085,0.247760770158144,0.0906589467338125,-0.0606788528152334,-0.136406844817783,0.0283817741293889,-0.0705744534806938,-0.119446517525107,0.159603277791243,0.32008369993964,-0.0160256562813066,0.0514742980791053,0.0816936672934695,0.161087115022551,-0.00236905920807428,-0.092169180594707,-0.013299977001819,0.167645692836315
"10",0.00566011727647305,0.163123031172573,-0.107967456115708,-0.033579327077683,0.166079394448043,-0.0378851412364686,-0.26072129912585,0.140597915051922,-0.0714595946851077,1,-0.0486537043713258,-0.100039984735341,0.0867237562839757,-0.0120706481500259,0.0663578354165989,0.0278984273245246,0.106554073284272,0.0518181275092754,-0.0239317011242443,-0.0491414337966543,-0.00474680556532598,-0.0116546746427374,-0.0205276397716349,-0.120176769108332,-0.122630651126543,-0.0929239367101404,0.0230590409699061,-0.101952911654922,-0.0186785949197292,-0.0452310656272384,-0.0508295966635412,-0.0141098085365276,-0.0430073121527556,-0.06444502414434,0.023798707188657,0.304294279713222,0.148691915270386,0.0468312825051671,0.0563980445849257,0.115977801859763,0.163387580471763,0.0678284810797608,0.101940451141566,0.255818844048581,-0.104877082011235,-0.0319786303635528,0.0634390120722696,0.197106756644378,0.151234255212312,0.0987957614132809,0.0932897860976639,0.060261691158286,0.029286241673748,0.109802979368827,0.253740634318102,0.00146043576835505,-0.117339400407714,-0.285446918565996
"11",0.0217035039728534,0.040267874164957,0.262369160028268,0.118273349100797,0.0218895750836135,0.188154139730018,0.052378452030159,0.00835998772599719,0.0669935670889441,-0.0486537043713258,1,0.0102630234872003,-0.181761909115361,0.276499678496876,-0.0073207374985274,-0.083611753190301,-0.100412476601295,-0.057982283344789,0.174041707122401,-0.00618906659840119,0.164959338959872,-0.0888595389022757,0.115995077592354,-0.143298109918189,0.153258050709345,-0.0242869363735573,0.00788692183043464,-0.0251566278932875,0.0392049796115368,-0.112644136997256,0.13797267924443,-0.054327459671095,0.0379555775405944,0.0317948524558607,0.0943815497895666,-0.122618083987712,0.0237937900914243,0.00600883081251036,0.150296008791502,0.0698871943044755,-0.109868652923301,-0.0994151300757146,-0.28024011043134,-0.196152913964264,-0.268828473032763,-0.0280601900596539,-0.0322259008709414,-0.0828845866548528,-0.25447452094117,0.0836227783658025,0.0572824806970515,0.131460400822072,0.101369131566129,0.259211364305962,-0.0388866168127065,-0.00600112426368964,0.0158282699187534,0.150327700363076
"12",0.226574510757598,0.17775163328554,0.11414546178367,-0.0524360769235855,-0.0836741493341374,-0.00016878618710301,0.0999995917468092,0.0942741602694383,0.0637422406857172,-0.100039984735341,0.0102630234872003,1,-0.228408810067768,-0.0372795046587735,0.154611679128642,-0.0803188299015171,-0.245368414137631,0.014447109661584,-0.170738002868126,-0.0585851685923469,0.0234948624871937,-0.0646398207178251,0.151190513642125,0.113791331919252,-0.0683948087671617,0.0783398302976698,0.063037442537959,0.272623919663332,0.116360387040468,-0.0107284849928526,-0.164647022482794,-0.118656731653565,0.0168837330663691,-0.0152551199589467,0.173496626906266,0.306348004400582,0.118285970896063,-0.0136762993488624,0.182169020517289,-0.0428478583611006,0.10783945278338,0.0187164879261986,0.0652628321832521,0.0239202236688603,-0.0521877664894504,-0.149044312896395,-0.173713286263745,0.0586876263977055,-0.156292343075199,0.00214916249446332,0.0666518234014829,0.201379137775321,-0.0891231671310045,0.164961281603014,-0.0752936365515224,-0.0363698069708115,-0.00205105218542221,-0.0561159731392237
"13",-0.169403553257814,-0.0311578566122795,0.0168820630259902,-0.00267820115475836,0.182502746124562,0.0432382056131869,-0.00279121156466505,-0.0885686862472184,0.186371516854273,0.0867237562839757,-0.181761909115361,-0.228408810067768,1,0.212286510621475,0.104202618652228,0.197987413609499,0.443363967943744,0.211303984646868,-0.05463606493836,-0.0166123313792266,-0.0710139209066544,0.075800332713302,0.0811529754230943,0.0605406493192868,0.00176318287326594,-0.0426437726837811,0.174270754266992,0.0568006372182836,-0.0708481955365632,-0.0581925973407771,0.00025292019070064,0.198806928973354,0.129867752665088,0.100184551599507,0.0497200969188945,0.0258146505316558,0.0391962286941376,0.0630364612390336,-0.00456140174583717,-0.05067521424049,0.181809444768097,0.181627673254752,0.0673348370244563,0.01062707640569,0.152392545319066,0.117282520409462,0.14496921593091,0.00070723992852306,0.609468624446071,0.200922370598701,-0.0528659577867809,-0.0140066558689912,0.051765312208282,-0.110340474473361,0.12612155059987,-0.00370717317877569,-0.0302327483150352,-0.036140225276181
"14",0.10455343919675,0.00046413018728024,0.0443367070277706,0.0092432804009673,0.00973566208150967,0.0649189193800359,0.0527362130286841,-0.0957164306373678,0.208994135289595,-0.0120706481500259,0.276499678496876,-0.0372795046587735,0.212286510621475,1,-0.0179232793909003,0.0246405107036954,0.198901417645975,0.278700126974448,-0.0679272779993889,0.0403559524304509,0.0243397080422886,0.100326162976413,-0.0121087008036867,-0.106553728539307,-0.186262876887331,-0.161097012892189,0.198900302111903,-0.0189152422931021,-0.104444204558104,0.0585174119629485,0.0533327510141812,0.0135055857744843,0.219883325056972,0.0922259986278817,0.136805487317337,-0.126944280936005,0.0793163419519944,0.105952479470613,-0.119753491916448,-0.0922291544930197,0.176969350874137,0.11156907984135,-0.0684404960491483,-0.035897875051974,-0.0543885012985221,-0.0429388306568172,-0.0467771868202826,0.00134388070661988,0.139608773325443,0.474577976990093,-0.0974967907880787,0.0280097531913278,0.23469863283392,0.160938224764274,0.0601762517889929,0.00655366652765076,-0.0687818224958076,0.14321247714642
"15",0.070105419110801,-0.0365263780342371,-0.0539389440789538,-0.0279657135353564,-0.0496553625547006,0.0524509523239564,-0.0302071646847812,0.00227205681975169,-0.13487167473173,0.0663578354165989,-0.0073207374985274,0.154611679128642,0.104202618652228,-0.0179232793909003,1,0.110594976780256,0.0601991788477346,-0.0525378385052241,0.0142860023386194,-0.159262929800671,-0.0745763556929464,0.121944646682126,0.0521697630431279,0.11080207967002,-0.0519143717709432,-0.0697180808852423,0.131168734285741,0.11117989882904,-0.0180971457701164,-0.0612684503372107,0.196357021189666,-0.0240977306621221,0.0254849056126457,0.120177424170762,0.0442361062955817,0.0529600713995629,0.0416139631172377,-0.0329085313117086,-0.0814775441181743,-0.0811541325336101,0.180836790919083,0.0252029522920909,0.0294168579777552,0.191776590806138,0.0717540747478105,0.0112817106833203,-0.0695413165138831,-0.11871627304339,0.110971254390979,-0.0065266674431102,0.142012453641689,0.156918616171997,-0.228100586395195,-0.0291787828224657,0.077172335238862,-0.147222805982906,0.0130683515267317,-0.0670465006394356
"16",-0.103000850748039,0.138865452484259,-0.230397030634041,0.0521893543783198,0.0329934083109993,-0.159299876472146,-0.0987744007470911,-0.0178647199464688,0.0619149875722079,0.0278984273245246,-0.083611753190301,-0.0803188299015171,0.197987413609499,0.0246405107036954,0.110594976780256,1,0.332117980030515,0.153226338686788,-0.0841312450953553,0.0204675213724156,0.0969262574817127,-0.149479147098324,0.0520240940465037,0.130990865711288,0.0531297210793203,0.0706416025846117,0.051045113581545,-0.016041878566449,-0.266647452481776,-0.0672030393077077,-0.0234223374335948,-0.0422703097014967,-0.0798318436745025,-0.0988069223522013,-0.0810432733501286,-0.0460168353293422,-0.0108218034310719,-0.0930298839734525,-0.0965632140254396,-0.146863365939689,0.0941143891323547,0.0625674035068384,0.0561266486673479,0.143988062267843,-0.0734539354333609,0.142355445529717,0.0601959577211911,-0.040642830233319,0.228311025369761,0.0917430970854352,-0.18065356091201,0.084697223286056,0.149308960319166,0.121080179313367,-0.00982683641552396,-0.0901216984389426,0.224052653098253,-0.0931586187407808
"17",-0.13168863014662,-0.0544799675330421,-0.00799311160622103,0.0549943108461411,0.198251214229646,0.182154302777053,-0.0651064645877416,-0.182608075069205,0.185408137813655,0.106554073284272,-0.100412476601295,-0.245368414137631,0.443363967943744,0.198901417645975,0.0601991788477346,0.332117980030515,1,0.375053167502291,-0.247836802189913,0.0540595247598763,0.0576415297593927,0.105737965953829,-0.110586485523124,0.129740884667263,-0.0847394685001604,0.0699109548404623,0.172221256291994,-0.141892761068953,-0.106100068224242,0.00897475808203516,0.167385307032945,0.0930344723383251,0.139607890127453,0.0196079676270439,0.0598868814483247,0.00391302558242901,0.0222958373442834,-0.0413133706120039,-0.0264191077118363,-0.0561584230375489,0.18965910171581,0.247722174693986,0.189411577147278,0.236028969543436,0.0719066739983072,0.0836570090052397,0.186889764698436,0.119998361560036,0.546116041188601,0.323753158561061,-0.0459104092940604,0.071250746220182,0.0315130693794853,0.030309988244719,0.180383494228724,0.11261191180258,0.0968837052351119,-0.0395352808714122
"18",0.0241289157644019,-0.0273820849272415,-0.0642388085340988,0.012645867244406,0.0127981861372985,0.00951239372155571,-0.0180986988671418,-0.0259602237269228,0.136590828607173,0.0518181275092754,-0.057982283344789,0.014447109661584,0.211303984646868,0.278700126974448,-0.0525378385052241,0.153226338686788,0.375053167502291,1,0.0147781672668178,-0.00629097870855017,-0.0657903597932371,0.0603131024852056,-0.0419917224125145,0.12117372001178,-0.271507650300632,0.155218087978803,0.0539876422493227,-0.0372030344163857,-0.1782777541523,0.0266802949930534,0.0272122513950043,-0.0832033953001607,0.065798671316629,0.15962129125866,0.202635589243103,0.0371544155568415,-0.00303862727978916,0.00504121509841906,0.0696570537396252,0.133619353939205,0.244511162088783,0.189768785127537,-0.00538315052262288,-0.0853083146809482,0.00649126997905267,0.0798001534748122,0.0406650240018396,0.222837536825309,0.345253888526056,0.475867182606062,-0.190442769704039,0.376804030901039,0.0278802032105758,-0.0427372916813102,0.0877688167965545,0.17644345269198,0.0508552588236635,0.12265679987953
"19",0.0287454280358345,-0.0376547900475158,-0.0277716035675493,0.128950423773633,0.143310174425436,0.00069247932430741,-0.00919474682817088,0.196850292173687,-0.221628209576112,-0.0239317011242443,0.174041707122401,-0.170738002868126,-0.05463606493836,-0.0679272779993889,0.0142860023386194,-0.0841312450953553,-0.247836802189913,0.0147781672668178,1,0.231488487001954,0.068192056727333,0.0648938636835761,0.173789089833077,-0.0357603073520898,0.035243731919281,-0.10077096406667,-0.13516233764255,0.0170716057526713,-0.100944352364842,-0.199315454336541,0.30314622019054,0.151221326377483,0.0877136043308332,0.0126528183927514,-0.114489565999506,-0.124031766545276,-0.125575662365833,-0.0312110763165899,0.153766099197383,0.0290915851282006,-0.12774915774397,-0.287536524907071,-0.249041224031851,-0.240706711523863,-0.010144925303686,-0.0591600306871605,0.204754090466927,-0.0384273222857701,-0.0958400305152538,-0.301356914038296,-0.0466213927978839,0.0271256890615707,-0.0351754440165974,-0.131288924034333,0.0649126681707227,0.0516100217089337,-0.103113275062135,0.0611710322293329
"20",-0.0497603598347366,0.0994217695124883,0.212302080345743,0.141886175206674,-0.0759668354693293,0.0970420041821777,0.0444370975980726,0.13728599671828,-0.10594168205587,-0.0491414337966543,-0.00618906659840119,-0.058585168592347,-0.0166123313792266,0.0403559524304509,-0.159262929800671,0.0204675213724156,0.0540595247598763,-0.00629097870855017,0.231488487001954,1,-0.152543954031356,0.216182929731742,0.156994060526563,0.203904660140542,0.256804253785222,0.266090072612821,0.0321071787646593,-0.0812995256098519,0.032525004754226,0.0386036253732984,0.104697274241993,0.1441721795506,-0.117872838925582,-0.0753163339048599,-0.0145666045600068,-0.0332457841715044,-0.104746459374603,-0.21021913312132,0.0879583663014688,-0.0452261352204502,-0.185031905203006,-0.0236709033048764,-0.075631401155247,-0.0150399074516391,0.0125970261124292,-0.0837745804897864,0.0721078625833114,-0.070316767586736,-0.0648623748595736,-0.163583371358716,-0.0216814144638083,-0.0707020453960103,-0.039415348316118,0.0396866205789002,0.143850613057284,0.279603587627096,-0.171127870594352,-0.00782715235720446
"21",0.421897132909901,0.0704639177143389,-0.0685096410780113,0.125116369296118,0.0185556526081439,-0.00369440497593577,-0.0890512835344164,0.00668808556267457,0.104797123016389,-0.00474680556532598,0.164959338959872,0.0234948624871937,-0.0710139209066544,0.0243397080422886,-0.0745763556929464,0.0969262574817127,0.0576415297593927,-0.0657903597932371,0.068192056727333,-0.152543954031356,1,-0.223314507778499,-0.0120113376480312,-0.0194647316472986,0.0281692831842061,-0.0553246293506147,0.00018870121935148,0.0873979254599165,-0.190211662087215,-0.117555864140879,0.014871823354458,0.120976938908591,-0.0482598490872919,-0.0768235742678895,-0.0158087353654663,-0.0706322175396868,0.0077431593485631,0.0982487068494827,-0.032232223289488,0.0286037025886619,0.101250813341718,0.0507751519998509,-0.0585637749813287,-0.00113508641896158,-0.147846688373681,0.109040306711329,0.0397441137422521,-0.0404439734004723,0.0548388532521491,-0.0251558717285961,-0.0185452090416186,0.0154606446220966,-0.0741992325870623,-0.0863053907714832,0.0174262555247964,-0.0198952720757407,0.0169727503040919,0.190194651390522
"22",-0.0446594787710939,0.194568093425055,-0.0765711033879409,-0.2401029000356,-0.11662148126028,0.112658788339306,0.148042121483566,0.0523650074722262,-0.057710854436735,-0.0116546746427374,-0.0888595389022757,-0.0646398207178251,0.075800332713302,0.100326162976413,0.121944646682126,-0.149479147098324,0.105737965953829,0.0603131024852056,0.0648938636835761,0.216182929731742,-0.223314507778499,1,-0.181901467777189,-0.179138720706178,0.106102699681083,-0.00026758281065217,0.177775833592516,-0.0287640524986316,0.0373906415914798,0.224701626704434,0.212432263668478,0.142251738514186,-0.072985182957911,0.0749812518084537,-0.0218870224555824,0.0733817967567116,0.0674153832599291,0.0363674862935107,0.0389325979183504,0.0786476461374205,-0.216341023567775,0.0577069220007587,0.0487866802231784,0.189737240521406,0.21797946586563,-0.0386177871088906,-0.176889121978605,-0.0783418838403301,0.122993154246063,0.0406836531518051,-0.0884203770365663,-0.182319161192745,-0.0893372098905731,-0.0330579966100431,0.0657389734884782,0.00585915704907338,-0.280652470891994,0.00657619967625828
"23",0.048677737159642,-0.0401161338133548,0.0415394887066532,0.175527053974123,0.0567098770173495,0.0226305300433982,0.0457299252199913,0.0628675121084576,-0.0817616558435919,-0.0205276397716349,0.115995077592354,0.151190513642125,0.0811529754230943,-0.0121087008036867,0.052169763043128,0.0520240940465037,-0.110586485523124,-0.0419917224125145,0.173789089833077,0.156994060526563,-0.0120113376480312,-0.181901467777189,1,0.244784510391715,0.12870811053574,0.0615439647846538,0.0825803244289671,0.34257423254886,0.0967278713354041,-0.233688248959403,-0.00828926986872115,0.0851132023455139,-0.116838775357305,-0.023163432841837,-0.0200195191120177,0.125729772649259,-0.0912619735074214,0.0344806870418819,0.0725997474892365,0.0156959083752185,-0.0785684672452976,-0.259068974242334,-0.196450469861941,-0.280818959563754,0.0588825214934852,-0.198020648368105,0.0358383645972268,0.132438432595065,-0.143252228921972,-0.243444469587652,0.1130556452374,0.0976972109574848,0.127092627011418,0.106130996763271,-0.0115213720225361,-0.0211116941917359,-0.030432755319301,-0.159646933552388
"24",0.156262568990531,-0.0441392704168083,0.0441394481393991,-0.0338040962659734,0.0156590497405209,-0.0754937355390728,-0.0211347022597102,-0.0942736463219329,-0.00962239222759892,-0.120176769108332,-0.143298109918189,0.113791331919252,0.0605406493192868,-0.106553728539307,0.11080207967002,0.130990865711288,0.129740884667263,0.12117372001178,-0.0357603073520897,0.203904660140542,-0.0194647316472986,-0.179138720706178,0.244784510391715,1,-0.0316716620648881,0.120268953939135,-0.17954362454039,0.0791533932061753,-0.0179281948069812,-0.11133077206572,-0.121221968604137,0.189001218368399,-0.139449258005717,0.0804916079257748,0.138964025064588,-0.00321825746042986,-0.00222790936585431,0.0990993497823126,-0.110177892923179,-0.16878640164033,0.0304150540136147,-0.119917465971169,-0.0241319785222029,-0.031864456586191,0.096660545080596,0.0682433643193247,0.129534559710633,-0.0055376539285302,0.0164439223958151,-0.0925569473532909,-0.100585751001428,0.20120745930249,-0.101789046455923,0.0107690933426378,0.0164281493579247,0.0899878125401099,0.0606331602908336,0.00767804713542003
"25",-0.0704826923429105,0.195897522503492,0.201097852334171,0.151839774783264,0.0330030632162339,0.214108138584469,0.158509673280805,0.139118873145392,-0.230336303638562,-0.122630651126543,0.153258050709345,-0.0683948087671617,0.00176318287326594,-0.186262876887331,-0.0519143717709431,0.0531297210793203,-0.0847394685001604,-0.271507650300632,0.035243731919281,0.256804253785222,0.0281692831842061,0.106102699681083,0.12870811053574,-0.0316716620648881,1,0.121023723819149,-0.119144089928274,-0.0778796920295123,0.285415188004465,0.0739159875721026,0.121113361217168,-0.0423843779601034,-0.0452086626893963,-0.211357156600817,-0.125545718537908,-0.071966790222156,-0.0754159463718157,-0.0357581488490478,0.229095070099657,0.00578414051030339,-0.364861560237195,-0.126827510313356,-0.211818900962374,-0.00477243922253192,0.00095295574646081,-0.0135283885342031,0.0300409412081415,-0.0704493293170816,-0.175877178258056,-0.24045827863562,0.0225301489696529,-0.195581937053426,-0.0268041438035043,0.0958982375529097,-0.0589416385257938,0.075167229702659,0.0181683117769151,0.117972268579836
"26",0.224010299405489,0.153063748535764,0.187127253740793,0.32846780133181,0.14296201134278,0.062722981328924,0.0461180668005091,0.299540349027156,0.033880888911063,-0.0929239367101404,-0.0242869363735573,0.0783398302976698,-0.0426437726837811,-0.161097012892189,-0.0697180808852423,0.0706416025846117,0.0699109548404623,0.155218087978803,-0.10077096406667,0.266090072612821,-0.0553246293506147,-0.00026758281065217,0.0615439647846538,0.120268953939135,0.121023723819149,1,-0.0497471981676387,0.00059603105220302,0.0500766705792207,-0.0555216327348433,-0.0824299991869585,-0.1272489818122,-0.183625354561855,-0.0224886493372098,0.14025255689097,0.152598022493298,0.0119269471644624,-0.19591752757344,0.167807767166845,0.115800920218115,-0.0856846382071481,0.115510925300872,-0.081922661170133,-0.0642888128540776,-0.00532774637264781,-0.0222140262611398,-0.0283580006593569,0.0287640796929032,-0.0975355463365468,-0.032591765153037,0.098070458866197,0.200296926977912,-0.160904815869628,0.145459679610138,-0.0950858936751575,0.227652420273274,0.132373718558519,0.00529557151706868
"27",0.0266178248998152,0.186564840484973,-0.00780339964608664,0.183532161045358,-0.203927158901822,0.0584139296800435,-0.00552448831365864,0.133813403884835,0.0669608079307435,0.0230590409699061,0.00788692183043464,0.063037442537959,0.174270754266992,0.198900302111903,0.131168734285741,0.051045113581545,0.172221256291994,0.0539876422493227,-0.13516233764255,0.0321071787646593,0.00018870121935148,0.177775833592516,0.0825803244289671,-0.17954362454039,-0.119144089928274,-0.0497471981676387,1,0.18717922231852,0.050573570057295,0.0676103757647296,-0.165644721503767,-0.0168008844265093,0.0115135898449277,0.248833783345889,-0.0130979933879398,0.0415355640134655,-0.068750603482495,-0.0762896565856035,-0.101208816133756,0.0597807459840899,0.138704859989388,0.254395827007154,0.0388606013882309,0.185874895788662,0.0334686684849722,-0.0155332299375598,-0.0348876095462423,0.0248840403079451,0.114041586652526,0.121669453945507,0.0368510864206969,-0.116364475913808,0.0216485427377672,0.00881637136677145,0.119140083540428,0.069113291454197,-0.0504659395547027,0.0255854282849248
"28",0.19322510472099,0.043355070356872,0.117080379615285,-0.103070901523312,-0.199020939391422,-0.0818346799816491,0.208305105760739,0.163492360397043,0.0536864878385517,-0.101952911654922,-0.0251566278932875,0.272623919663332,0.0568006372182836,-0.0189152422931021,0.11117989882904,-0.016041878566449,-0.141892761068953,-0.0372030344163857,0.0170716057526713,-0.0812995256098519,0.0873979254599165,-0.0287640524986316,0.34257423254886,0.0791533932061753,-0.0778796920295123,0.00059603105220302,0.18717922231852,1,0.0655899372357895,-0.0755059957330615,-0.0760592622736109,0.0835755938491786,0.105154949378938,0.155403161493329,0.270314750247128,0.0200069006137626,-0.0415366427465176,0.112199797889002,0.076966872150608,0.0688753975236911,0.111386453494852,-0.0559739727823579,-0.0205543741138623,-0.0981814371787099,-0.0224032410420918,0.00038246193849813,-0.0968526863530492,0.196888684790531,-0.0391759812758648,-0.18286465014266,0.0748979424598094,0.207045732820846,0.049029996698041,-0.00143240839865522,-0.216235766106333,-0.155458971244547,-0.126712435217046,0.0261078729015191
"29",-0.114474883061021,0.0835696096675755,0.242185817265651,-0.0194539238249166,0.0515051461564949,0.213895442225443,0.162258891024705,0.0766297594732806,-0.0921764466562467,-0.0186785949197292,0.0392049796115368,0.116360387040468,-0.0708481955365632,-0.104444204558104,-0.0180971457701164,-0.266647452481776,-0.106100068224242,-0.1782777541523,-0.100944352364842,0.032525004754226,-0.190211662087215,0.0373906415914798,0.0967278713354041,-0.0179281948069812,0.285415188004465,0.0500766705792207,0.050573570057295,0.0655899372357895,1,0.0313959764024849,0.015442527032959,-0.0879912296608378,-0.0910054693423484,-0.00619227464195243,-0.014564638611454,0.0528623235849306,0.0828240813668495,0.199968606071531,0.154972771323525,-0.108051739761593,0.127411241854287,0.0600492550794127,-0.0575389086037527,0.130770153711863,-0.0491242534300502,-0.263233425141507,-0.00522829379316223,-0.0665571774835345,-0.0647917100727606,-0.0435921514055731,0.0172164145673711,-0.0396851901427929,-0.0292820809472896,0.257187701291376,-0.170385978962886,0.207613984862048,0.179859954688509,-0.0282257535826853
"30",0.0624163565290559,0.127243884444424,0.0787394602127754,0.0183085710347275,-0.00887167017898177,-0.160230170745154,0.015251103681871,-0.0535361341050811,-0.0216876958292831,-0.0452310656272384,-0.112644136997256,-0.0107284849928526,-0.0581925973407771,0.0585174119629485,-0.0612684503372107,-0.0672030393077077,0.00897475808203516,0.0266802949930534,-0.199315454336541,0.0386036253732984,-0.117555864140879,0.224701626704434,-0.233688248959403,-0.11133077206572,0.0739159875721026,-0.0555216327348433,0.0676103757647296,-0.0755059957330615,0.0313959764024849,1,0.0327501469873849,-0.162418670388788,0.152883433779151,0.0704091618797406,-0.0306197214640512,-0.0047237933375417,0.128432017657352,0.0390731442348281,0.0877195412570154,-0.137024167776342,-0.169445081661717,-0.0740934922575472,0.206861512737561,0.00929842763326911,0.134899223639395,-0.0459385655423974,-0.166593584233592,0.136389488853082,-0.0119378388770501,0.0494327135729831,0.0658875008522373,-0.253269879263371,0.111993420037594,-0.132036139735197,0.0699531710301464,0.135999929848741,-0.118161501819903,-0.00691251402227248
"31",-0.0654137143070634,-0.0263916629096268,-0.0258388720763246,-0.0953754091085567,0.119751710765796,0.162499224344385,0.0336428109143789,-0.0239071349787411,-0.128303232666166,-0.0508295966635412,0.13797267924443,-0.164647022482794,0.00025292019070064,0.0533327510141812,0.196357021189666,-0.0234223374335948,0.167385307032945,0.0272122513950043,0.30314622019054,0.104697274241993,0.014871823354458,0.212432263668478,-0.00828926986872115,-0.121221968604137,0.121113361217168,-0.0824299991869585,-0.165644721503767,-0.0760592622736109,0.015442527032959,0.0327501469873849,1,-0.0366480451920753,0.336076302475888,-0.00010584634825581,-0.103600690664974,-0.0866804205871955,-0.036048687387435,0.0142527862386501,0.0894263381503723,0.0211657034937462,-0.073496192135948,0.0447962290697283,0.0187969450365229,-0.0640879219330402,0.0649843800324074,-0.0387603698307626,-0.115966835422706,-0.0440110069506542,0.00703689155352125,0.0416612722668791,-0.00649577729342854,0.0860572664484719,-0.0413797640698581,-0.0376352419893441,-0.0157259177497302,0.0131271205733251,-0.0708249076154126,-0.0286478681904955
"32",-0.0123586734463181,-0.0950383224262935,-0.0222599010765597,-0.0525037012106135,0.0647584151868889,0.110771124566368,-0.215070813065947,-0.160304770068443,-0.061519500250299,-0.0141098085365276,-0.054327459671095,-0.118656731653565,0.198806928973354,0.0135055857744843,-0.0240977306621221,-0.0422703097014967,0.0930344723383251,-0.0832033953001607,0.151221326377483,0.1441721795506,0.120976938908591,0.142251738514186,0.0851132023455139,0.189001218368399,-0.0423843779601034,-0.1272489818122,-0.0168008844265093,0.0835755938491786,-0.0879912296608378,-0.162418670388788,-0.0366480451920753,1,-0.169237867515124,0.174991633536028,-0.0217119363982898,0.00204931049181951,-0.00880409165438639,0.0947767680235606,-0.109973993244184,-0.046971824174256,-0.0634392389659789,0.0248714325808217,0.00229387731476936,-0.0509652454057442,0.138654180431906,0.0159310980479294,0.0007984679222442,-0.0702989113524193,0.0765500007675652,-0.0646482898256447,-0.00587322581814349,0.148456613392555,-0.00154633252393154,-0.067114382690262,-0.0126273217769272,0.0493901891130936,0.0162946176464535,-0.0220127383737488
"33",-0.0441677428036592,0.143680515052784,0.154908451200198,0.00506951477430671,0.183480006812626,-0.0491854275781401,0.0496286846111245,-0.066523268107096,0.0755581522817075,-0.0430073121527556,0.0379555775405944,0.0168837330663691,0.129867752665088,0.219883325056972,0.0254849056126457,-0.0798318436745025,0.139607890127453,0.065798671316629,0.0877136043308332,-0.117872838925582,-0.0482598490872919,-0.072985182957911,-0.116838775357305,-0.139449258005717,-0.0452086626893963,-0.183625354561855,0.0115135898449277,0.105154949378938,-0.0910054693423484,0.152883433779151,0.336076302475888,-0.169237867515124,1,0.0439662603576837,0.0674442307757197,-0.0813545400183611,0.124709675378782,0.149369161187381,0.281334587116881,-0.174465116707249,0.0136768613132357,0.0911954837719577,-0.0103428209900479,-0.173843154584856,0.104984800607312,0.114438113435657,-0.00614465037196712,0.119431654895131,0.0853299308867093,0.11643845738841,-0.0275611447399996,0.0206409808490298,0.269736748998199,0.0226330219623292,-0.0111842398460149,0.0657858049397481,-0.100921648933358,0.112429967225908
"34",0.135478164581398,-0.0422311885065565,0.0264401493757178,-0.145115569516263,-0.201311030172586,0.06017539569129,-0.0252980600955722,0.0461607220098641,0.139424494889096,-0.06444502414434,0.0317948524558607,-0.0152551199589466,0.100184551599507,0.0922259986278817,0.120177424170762,-0.0988069223522013,0.0196079676270439,0.15962129125866,0.0126528183927514,-0.0753163339048599,-0.0768235742678895,0.0749812518084537,-0.023163432841837,0.0804916079257748,-0.211357156600817,-0.0224886493372098,0.248833783345889,0.155403161493329,-0.00619227464195243,0.0704091618797406,-0.00010584634825581,0.174991633536028,0.0439662603576836,1,0.154892612454841,-0.0148783968947578,-0.0277463483021766,-0.0271295251548113,-0.122852502209166,0.0548976532345373,-0.039869680007099,0.0920855781435696,-0.0268991580353288,-0.0276956210189573,0.138407370163048,-0.060103266809917,-0.149835576059459,-0.0366275225745943,-0.0930616405608016,0.127713830711306,-0.0685327285775882,0.113296379956748,0.049858675892276,-0.0496168418646958,-0.115875286603959,-0.0128577916742749,0.0042986043174935,0.0233614277097182
"35",0.17320730483605,0.0295950725293568,0.152592991469209,-0.01275071970127,-0.0766776049310813,0.0672975161111907,0.182527997389831,0.0452682240398346,0.158976726602018,0.023798707188657,0.0943815497895666,0.173496626906266,0.0497200969188945,0.136805487317337,0.0442361062955817,-0.0810432733501286,0.0598868814483247,0.202635589243103,-0.114489565999506,-0.0145666045600068,-0.0158087353654663,-0.0218870224555824,-0.0200195191120177,0.138964025064588,-0.125545718537908,0.14025255689097,-0.0130979933879398,0.270314750247128,-0.014564638611454,-0.0306197214640512,-0.103600690664974,-0.0217119363982898,0.0674442307757197,0.154892612454841,1,0.227008766008134,0.271663971238539,0.138820326380623,0.122591971366779,0.0816549677377578,0.0861633495287279,0.0678128549200513,0.0151582008144244,-0.0910168617214818,0.0128028909762877,-0.0555852007945638,-0.0288366695336864,0.236548678757575,-0.017871106125259,0.101253466717097,-0.0247529005314004,0.0538062868341032,0.11292079793071,0.036246693723724,-0.0125956000772702,0.112300134902266,0.106748288330758,0.199376877028787
