"","l_Insular.Cortex","r_Insular.Cortex","l_Amygdal.Area","r_Amygdal.Area","l_Bed.Nucleus.of.the.Stria.Terminalis","r_Bed.Nucleus.of.the.Stria.Terminalis","l_Hippocampus","r_Hippocampus","l_Orbitofrontal.cortex","r_Orbitofrontal.cortex","l_Entorhinal.Cortex","r_Entorhinal.Cortex","l_Frontal.Association.Cortex","r_Frontal.Association.Cortex","l_Globus.Pallidus","r_Globus.Pallidus","l_Glomerular.Layer.of.the.Accessory.Olfactory.Bulb","r_Glomerular.Layer.of.the.Accessory.Olfactory.Bulb","l_Glomerular.Layer.of.the.Olfactory.Bulb","r_Glomerular.Layer.of.the.Olfactory.Bulb","l_Granule.Cell.Level.of.the.Cerebellum","r_Granule.Cell.Level.of.the.Cerebellum","l_Hypothalamic.Region","r_Hypothalamic.Region","l_Entorhinal.Cortex","r_Entorhinal.Cortex","l_Vermix.Molecular.Layer.of.the.Cerebellum","r_Vermix.Molecular.Layer.of.the.Cerebellum","l_Lateral.Molecular.Layer.of.the.Cerebellum","r_Lateral.Molecular.Layer.of.the.Cerebellum","l_Anterior.Olfactory.Bulb","r_Anterior.Olfactory.Bulb","l_Posterior.Olfactory.Bulb","r_Posterior.Olfactory.Bulb","l_Subiculum","r_Subiculum","l_Perirhinal.Area","r_Perirhinal.Area","l_PreLimbic.System","r_PreLimbic.System","l_Primary.Cingular.Cortex","r_Primary.Cingular.Cortex","l_Primary.Motor.Cortex","r_Primary.Motor.Cortex","l_Retrosplenial.Cortex","r_Retrosplenial.Cortex","l_Secondary.Cingular.Cortex","r_Secondary.Cingular.Cortex","l_Secondary.Motor.Cortex","r_Secondary.Motor.Cortex","l_Striatum","r_Striatum","l_Ventral.Tegmental.Area","r_Ventral.Tegmental.Area","l_Substantia.Nigra","r_Substantia.Nigra","l_Thalamus","r_Thalamus"
"1",1,0.271471220166761,-0.00026857221081033,0.0341173701794343,-0.0187688205399438,0.0562341382952342,0.0744506252311189,-0.052936385045799,0.202792955925674,0.0456776064659126,0.0666669810832468,0.166255098814352,-0.0818766499896367,0.0670521336147112,-0.0106737029462322,0.00526918635713065,-0.0477153237003489,0.120679559254318,0.0455083728839805,-0.0877016321762655,-0.144701715827087,0.013361294959561,-0.171105513810316,-0.0234313013730929,-0.094122191703472,0.103411391618345,0.0595062468980618,0.00727487958925693,0.0773491354926551,0.121330806226727,0.0370681657766633,-0.09829376109776,0.0937564131459601,0.0995765401908242,-0.119470516954522,0.040940309155869,-0.0737022624755265,0.0209505021213179,0.196045558093407,0.167045629469753,0.106505180591675,0.129369006955517,0.261176037112546,-0.0062436807886788,0.137169412455708,0.0406875195137585,0.0894231820595638,0.0111726832586114,0.188915680611009,0.127705665080985,0.248873440182836,0.171111978497507,0.234355366984527,-0.0401943642437346,0.0980181446024639,0.0585471488689478,-0.0629225509935161,0.0239621187988814
"2",0.271471220166761,1,0.0778232373146598,0.102496464303797,-0.236836729778539,-0.0906327260670944,-0.142727120441344,-0.0775020068794649,0.306391643943205,0.314179365345223,-0.0162404442535695,0.173249219213293,-0.0393550366300232,0.0483781383407406,0.0110039011987574,-0.023997695896932,-0.0450771578853244,-0.0269472629219156,-0.0219856322329313,-0.0230401661741422,-0.0767971842975773,-0.166257701196654,-0.140399510559668,0.0520140755539885,-0.0614846773266228,-0.00545269837174233,0.215692536212878,0.0396706040868218,-0.118269296391376,0.176729213309877,0.0453463517297906,0.0686984288765905,0.170219906728397,0.35602713988917,-0.0313899013585175,-0.0372055773977546,0.08511559374823,0.0876534404072102,0.0725870525005327,0.0414263368517994,-0.0960404329461454,0.125898883581114,0.0816496348749763,-0.1540454897524,0.10499547281906,0.0323472133492266,-0.0523823134383059,-0.0547900979599541,-0.0899313962790511,0.113091471691425,0.215742745503452,0.346631892017935,0.0282396699123908,-0.0415982827086318,-0.0606302259006371,0.138851149543603,-0.263906080147887,-0.105150695355061
"3",-0.00026857221081033,0.0778232373146598,1,0.0192841216042705,0.120844507155834,0.0958745319398848,0.0509208613234642,-0.0608197052076088,-0.0928433002722841,0.00885479287487222,0.264310599234606,0.0122670020908844,-0.156675795799612,-0.0579526184405836,0.0664186064383903,-0.0573229010010127,-0.0375658387852746,-0.172413708290761,-0.17659136157982,-0.126473191810058,0.0386094491759069,-0.00479917505918966,-0.0453936808339628,-0.0860634583099397,0.142084268948911,0.231208108292467,-0.129092613252168,-0.106080512989608,0.0899957596743074,0.115290940965966,0.0564207899219885,-0.0395644772574414,0.0274081717003684,0.254189106928861,-0.054661285837939,0.0233286655487891,-0.127330538188826,0.108664646986288,-0.11875934896439,0.10458598792305,-0.0331552234966375,0.0796079375307501,-0.196460373146006,-0.0815098167650264,0.0258177080762549,0.235496086797105,-0.136988201582499,0.00217330646496838,-0.226922099545483,-0.110283951307669,0.00902785695449506,0.178430866886136,-0.0271402960683748,0.135848172610339,0.0767949490204727,-0.00378704503055371,0.0627607429782436,0.117458265296457
"4",0.0341173701794343,0.102496464303797,0.0192841216042705,1,0.098213755198584,-0.0229814883503064,-0.0301781439873909,0.00770495337825158,-0.0390674657000899,0.116881464089848,0.209162333087176,0.220148563580598,-0.014586251312152,-0.10217760393118,0.122936153803808,0.031485488630262,0.00256402723919015,0.0468817875168188,0.12760876685493,0.0412709666552149,-0.0327063102065219,-0.025960412799379,0.0981432579301816,0.305722079412235,-0.00645589552825879,0.225657404652345,0.0322953644392056,0.0119484455835303,-0.074651679663963,-0.0707642496871928,0.203971943384249,-0.018397722821567,0.099900366871662,0.142946476831527,0.0262120969619579,0.0481102560553865,-0.0677435904703195,0.11382754328668,0.175620858459365,0.0724863893342,0.0213658132944761,0.0676564146101885,-0.0606473049195008,0.0859860664041219,0.0210676852123248,0.136146927542994,0.00669454487715064,0.074255743991788,-0.0795752564323768,0.0397407525396288,0.393205109884965,0.341326624136806,-0.100071678634959,0.140199283133755,-0.148869676864973,0.152698799009363,-0.140701352810226,-0.0821839380978805
"5",-0.0187688205399438,-0.236836729778539,0.120844507155834,0.098213755198584,1,0.0607224420123688,-0.0228628385835583,0.0267260333733042,-0.22015493934354,-0.235487312870095,-0.0144379519113756,-0.0791706156947813,0.0989570260648531,0.121066682010838,-0.112556562617508,0.00094940391496659,-0.0339373366375383,-0.050565021697119,-0.0203536974647264,-0.0121280755793451,0.118438633744477,0.115298040378079,0.216381196799815,0.0483318615262021,-0.0489893742429444,0.05587244778339,-0.118114419443112,-0.107342547729318,0.182530559966762,-0.171646241872172,-0.0635559692247303,-0.0488301327460104,-0.107474020507622,-0.194300969678388,-0.133136136262935,0.010697118158218,-0.114290478275335,-0.0236774245175689,-0.0713842164235977,-0.0773633943930283,0.0595265132724848,-0.157612413726105,-0.071302113150356,0.12681024266417,-0.138179111908487,0.0926455609329853,-0.00940559333151055,-0.0566810917706686,-0.036175432490189,0.0477900168215599,-0.0400906556035546,-0.0453840433351849,0.224768984333642,-0.00686386936819088,-0.256316564158962,-0.0537514356242818,0.258140423290505,0.0491948096487012
"6",0.0562341382952343,-0.0906327260670944,0.0958745319398848,-0.0229814883503064,0.0607224420123688,1,0.123254352721492,-0.0891925613987606,-0.192546044766096,-0.139007255436303,0.0924570553125698,0.0887913447482996,-0.0545188377065766,0.0413034789161594,0.251583912601061,-0.0313039014918882,0.0437315780942445,-0.00186525116313439,0.069064541498623,0.167506669549763,-0.153730427405671,0.0421929364528855,0.145004615869888,0.05180602256533,0.00379146346501836,0.137478175540945,-0.0188675865084494,-0.0820947258409992,0.102823672736133,0.0381599073209772,0.107810165973732,0.0757536700427055,0.0428822095085116,-0.0224676803040131,-0.0750754792942287,0.0844647053506914,-0.0905456545712978,-0.0412851620864933,0.0953355419470568,-0.0580466821511354,-0.0981161688672524,-4.59361814246741e-05,-0.112129053715906,0.0828243027558619,-0.155628980372368,-0.0151876935922204,-0.0657578928349789,-0.00375767978014073,-0.0651988266764889,0.0149845239772482,0.0504949134752885,0.0373461711791715,0.0990568359976712,0.0188251584608904,-0.0205756963117249,-0.082158660546328,-0.0549120969496169,-0.0079997678270125
"7",0.0744506252311189,-0.142727120441344,0.0509208613234642,-0.0301781439873909,-0.0228628385835584,0.123254352721492,1,0.247822292492138,0.0546911932486485,-0.0856130816110116,-0.094352472842119,0.15685524745219,-0.0852015912133646,-0.110484609593,-0.0329276688053768,-0.122449954997163,0.0895652004439382,-0.124580742907603,0.0729813089203088,0.0472103506067491,0.0176637899670132,0.138302272188721,0.119331273235364,0.122313877146541,0.188598710087318,0.137660452441859,-0.128462114405372,-0.0172017639296398,-0.104466485139549,0.00226667458345929,0.00679963858909143,0.127032257875742,0.253676408831353,0.0112488405890884,0.053569152711218,0.173232537989585,-0.0540335841303133,-0.0659567912781707,0.115746873768209,0.194711299159521,-0.0434456352443869,0.0461157591616375,-0.110519593891457,0.0747738687036918,-0.0716061007003052,0.125581990907886,0.0730214518114265,0.0560438159836159,-0.00077649251635512,0.0047871794597175,0.110908667970102,0.0179135388056404,-0.0884959760043287,-0.240207078100833,0.0624158366193599,-0.084172991558145,0.102291187040953,0.0987317108816297
"8",-0.052936385045799,-0.0775020068794649,-0.0608197052076088,0.00770495337825158,0.0267260333733042,-0.0891925613987606,0.247822292492138,1,0.0995255236021366,0.0798367075983882,-0.201370894612893,0.00974187620367461,0.0153453287759737,-0.0533268847087179,-0.0761783888281667,-0.136938807842503,0.0206366574000258,-0.232274562089162,-0.0334660510130243,0.21210935137878,0.154806241848232,0.0889023829101882,0.128301945950125,0.147824749734177,0.296009897345927,-0.0822842818865465,-0.203478755271853,0.0453857399302597,-0.0617349613764075,-0.286768670609242,0.0806933641137303,-0.053922229551469,-0.0204759349229709,-0.0635113610332644,0.025623613225835,0.452322831049226,0.132340469794693,-0.052689744952319,0.0104950681493722,0.0922010906266326,0.106556595655917,-0.080867906552924,-0.0852777158605771,-0.113817871056675,-0.164832705552531,0.0336662821141404,0.12652976203015,0.0944958674719009,0.055036199660221,-0.0335295908642313,0.03894686786474,-0.118850993581807,-0.128315645211976,-0.184509398787965,0.0403582694728349,-0.0838050571287863,-0.092710840080974,0.0610959516559647
"9",0.202792955925674,0.306391643943205,-0.0928433002722841,-0.0390674657000899,-0.22015493934354,-0.192546044766096,0.0546911932486485,0.0995255236021366,1,0.480431235998404,-0.280006020224667,0.0825438260887422,0.24374944684021,0.0977231590467879,0.0378358210179813,-0.0191751955065405,-0.140792395075237,0.15324995183907,-0.107729830993139,-0.0964972545765414,-0.056452131596912,-0.00848423294473823,-0.137022284356329,0.0129107725618562,-0.125749137950308,-0.0646529443301865,0.0469090999917612,0.065971125914609,-0.0495030479766502,0.22723328055047,-0.0115300146697135,0.0759211133209073,-0.0527787771031707,-0.0763626211695424,0.0675775767429028,0.0646115033177097,0.202666975359957,-0.00294504830967232,-0.108284414798434,-0.14347818848932,-0.139350974250399,-0.215796755717357,0.251988237241688,-0.0272381728558416,0.256572547888761,0.0849214311468744,0.0460495610466237,-0.0542223102783171,0.136454228767401,0.0242602365881664,-0.0467254976765976,0.0306291975122541,-0.105752477722577,-0.229869916100146,0.130564371876227,0.0447718735542917,-0.191878874043426,0.12450539224032
"10",0.0456776064659126,0.314179365345223,0.00885479287487222,0.116881464089848,-0.235487312870095,-0.139007255436303,-0.0856130816110116,0.0798367075983883,0.480431235998404,1,-0.259603057421814,0.0688988069826856,-0.066598489695095,0.137160159260509,0.144084678376199,0.00583614093182506,-0.303268536830716,0.210895205611592,-0.199779101625696,-0.148724282204414,-0.102004489898153,-0.0977142726671793,-0.126875156745672,0.00824922473516117,0.0694795569404299,-0.0980521731473083,-0.0439871398509984,-0.0687854119386342,-0.0905342862738607,0.201741373968057,-0.151910440024575,-0.0675885638537818,-0.031970035215013,-0.0253246818719871,0.213985809055597,0.103189478236085,0.0336996985020126,0.0078560929544124,-0.123189742591536,-0.18323643783622,-0.173878097359637,-0.249478221705918,-0.024642799809283,-0.109960516026794,0.281237410044099,0.12837311852759,-0.0803621408145759,0.031465217361048,-0.129073834360189,-0.00969170009406224,0.0455864871865174,0.0997866840621697,-0.242103050695326,0.00435036522322781,0.0568999704380405,0.139148381805587,-0.275200051567614,0.0558871707289087
"11",0.0666669810832468,-0.0162404442535695,0.264310599234606,0.209162333087176,-0.0144379519113756,0.0924570553125698,-0.094352472842119,-0.201370894612893,-0.280006020224667,-0.259603057421814,1,0.293088661473855,-0.158054043217384,-0.198453897618802,0.0497122883819173,0.0782465391659356,0.0554533788152062,-0.0157391072881512,0.00395163624653097,0.117908526713067,0.0964040071662418,-0.0801773013377595,0.0422954600690147,0.0345394510045307,0.0189162233052369,0.165449039265452,0.20361861311747,-0.085562141291883,0.0806618111215318,-0.0912281625015918,0.165889463196985,0.0456904684461329,0.160433127260462,0.230067323517958,0.0079883198895552,-0.13221850994159,0.0688111552808516,0.184406100382188,0.256164330909599,0.252918769775042,-0.0783455211029888,0.149754417444392,0.0633210400195622,0.012091644583563,-0.273370616102304,-0.111764570077077,-0.0996614839185995,-0.0769621522556154,-0.101702592830479,-0.00853483839551676,0.203153173183973,0.17327488495921,0.039858181853051,0.219129053245192,-0.1359359690861,0.00863834960808211,-0.010688394190341,-0.212429038019605
"12",0.166255098814352,0.173249219213293,0.0122670020908844,0.220148563580598,-0.0791706156947813,0.0887913447482996,0.15685524745219,0.00974187620367461,0.0825438260887422,0.0688988069826856,0.293088661473855,1,-0.179366459610281,-0.079476186280284,0.139951431241463,0.182829715013741,0.166126573517339,-0.113321507743578,0.106646237387008,0.0771870396685593,-0.151049713790692,0.101066742884652,0.079657019237905,0.0890914058038021,-0.109604072087967,0.107558899720046,0.245705465939934,0.170184650879436,-0.0769258721735737,0.0716604562440771,0.0137010842169296,0.0809191147017472,0.19132106357823,0.387268511176122,0.00536797585208436,-0.120039902478699,0.0984092827014006,0.123431848111404,0.243122952589223,0.248069983689608,0.149186602662223,0.176510213028927,0.0125018289974923,-0.0514126485926408,-0.205622170663644,0.0142042304017188,0.22549132632205,0.299109168854399,-0.0712083082578293,0.123808667356809,0.400834698132936,0.313402489188494,-0.00116154771426115,0.0022665477998739,-0.0877190597430669,-0.0392640022908343,0.0249916455342817,-0.0868493646277796
"13",-0.0818766499896367,-0.0393550366300232,-0.156675795799612,-0.014586251312152,0.0989570260648531,-0.0545188377065766,-0.0852015912133646,0.0153453287759737,0.24374944684021,-0.0665984896950949,-0.158054043217384,-0.179366459610281,1,0.190327140970357,-0.169274380454359,-0.167557045936432,0.15853699618712,0.0460525716297453,-0.048616444734238,0.0644120614735356,-0.118777226069131,0.241508655861768,0.00142019049522411,-0.0689973397774644,-0.0512753038000316,-0.0529926859494673,0.0851913495543517,-0.08767560819682,-0.114639440819858,-0.193520308596829,0.107357862969617,-0.029581515159509,-0.295602029145952,-0.252055659675741,-0.0909682508515545,-0.221025911888832,0.029407676540003,-0.175832765227376,-0.366339495855011,-0.267189244686749,-0.136897025276891,-0.153807249953648,0.376708541018191,0.0966732928543217,0.0617373975600166,-0.0281587471244912,-0.192555876171895,-0.00792270183312488,0.62257076056102,0.151066330783907,-0.0927628836723164,-0.0780123875074262,0.0220037560800607,-0.107351965564474,0.057949772961001,0.0756168182108376,-0.174682629870999,0.0794703717772006
"14",0.0670521336147112,0.0483781383407406,-0.0579526184405836,-0.10217760393118,0.121066682010838,0.0413034789161594,-0.110484609593,-0.0533268847087179,0.0977231590467879,0.137160159260509,-0.198453897618802,-0.079476186280284,0.190327140970357,1,0.0657360588245741,0.100622383365239,0.0569260362351856,0.211202494269514,0.0328860487124686,0.0201820877551773,-0.174967882143385,0.0909364748436647,-0.226772800948596,-0.196899650692265,-0.197086722229677,-0.16884931699786,-0.0159223383724512,-0.0456219539337093,-0.11653285914661,0.0338503838615357,0.036073902909938,-0.0312974973550915,-0.206706388499767,-0.186653778208312,0.083805947697203,0.11664664360018,0.00625608269208882,-0.0711340789057947,0.00117729643210508,-0.103229222783449,0.121598531549681,-0.0032945978249852,0.0873525464389501,0.145027490048803,0.173207656052413,0.0834109283050544,0.20529717317838,-0.0855617011652153,0.0651021581496982,0.54702684832373,0.199384312084764,0.0472790018644499,0.0991110066013552,-0.0455944278678144,0.147766531618988,-0.10122182317998,0.0740023643307283,0.0209902071212217
"15",-0.0106737029462322,0.0110039011987574,0.0664186064383903,0.122936153803808,-0.112556562617508,0.251583912601061,-0.0329276688053768,-0.0761783888281667,0.0378358210179813,0.144084678376199,0.0497122883819173,0.139951431241463,-0.169274380454359,0.0657360588245741,1,0.111088506845084,-0.0614501707817405,0.0776754752443384,0.00597302514736799,-0.00513666818599942,-0.193163763579706,-0.172372520819108,0.0122920475694806,-0.00877136669359187,-0.0205998596348136,0.107037832519176,0.157265125178527,0.00298524692203702,0.028663404618227,0.124785614631511,-0.00215760286728861,-0.0482275047233981,-0.00143936100127446,0.100959682605735,-0.054706887422425,0.167295026007716,0.0478056049745487,0.0658053527813746,0.119643510441685,0.109152066666835,-0.0660182265315837,0.0625027430289839,0.0009225946579924,-0.0492606349685181,0.034545318372961,-0.0371234828165426,0.10109374970594,0.0439205177210232,-0.163714848028058,0.0169165346324704,0.200342899793743,0.0381525793859508,-0.205936125412958,0.145418725935027,0.225243534033298,-0.0475859649264052,0.0556479034739432,0.0399875946975525
"16",0.00526918635713065,-0.023997695896932,-0.0573229010010127,0.031485488630262,0.00094940391496659,-0.0313039014918882,-0.122449954997163,-0.136938807842503,-0.0191751955065405,0.00583614093182506,0.0782465391659356,0.182829715013741,-0.167557045936432,0.100622383365239,0.111088506845084,1,0.0581330026252863,-0.0577570103077821,0.110145820210942,-0.0450096428590276,0.0618560234544543,-0.156710510951218,0.0190047015046413,-0.0479704905717554,-0.214256469716495,0.105174709791214,0.0318238125199868,0.031826478808338,-0.132994703826251,0.0882306437664321,0.0344844659137478,0.106017110258537,-0.0417464749057497,0.051925628670418,0.0575285725372893,-0.0315064359340371,-0.0779651384815486,0.235259137503395,0.329008426432631,0.100665958556669,0.219352320959825,0.13287350577464,0.108743965939925,-0.00783731920456378,-0.133000850806321,0.0929627744079608,0.172195026680719,0.162303441609434,0.00571002700255936,0.170339630033591,0.27482783206407,0.250634554367128,0.194096601254881,0.0540792862866983,0.071839089058892,0.0860738750478971,0.204633144870431,-0.00110177529892376
"17",-0.0477153237003489,-0.0450771578853244,-0.0375658387852746,0.00256402723919015,-0.0339373366375383,0.0437315780942445,0.0895652004439382,0.0206366574000258,-0.140792395075237,-0.303268536830716,0.0554533788152062,0.166126573517339,0.15853699618712,0.0569260362351856,-0.0614501707817405,0.0581330026252863,1,-0.0980255432351374,0.186347456463961,0.164420909883894,-0.163712735380725,-0.0489930306269828,0.0558265338121807,-0.0158718393330756,-0.00306415487741157,-0.00471532899056216,0.0240306661220311,0.129924594790753,-0.238426357386054,-0.151978924506443,0.19392422660781,0.102989374310046,0.07600199684256,0.186487771083669,-0.0985635824363519,-0.0973689132159426,0.0255248870627324,0.27905268722213,0.134497128956844,0.237699809847052,0.146752115227707,0.178273285538976,0.118409163325416,0.113218067915234,-0.0455081328386919,0.00367790577982578,0.0774282309915532,0.148417347775025,0.292316261585283,0.215177614634441,0.243032972209129,0.102637668920848,0.0587465353779141,-0.0326141470185485,0.127213574943881,-0.0067835046716677,0.0614116565666988,-0.0389092266424935
"18",0.120679559254318,-0.0269472629219156,-0.172413708290761,0.0468817875168188,-0.050565021697119,-0.00186525116313439,-0.124580742907603,-0.232274562089162,0.15324995183907,0.210895205611592,-0.0157391072881512,-0.113321507743578,0.0460525716297453,0.211202494269514,0.0776754752443384,-0.0577570103077821,-0.0980255432351374,1,-0.162582006278124,-0.278944541384937,-0.116410150715431,-0.124261418727239,-0.22055455326292,-0.0273522968558944,-0.209142385414858,-0.11553094658701,0.0358672079918117,0.139094959579801,-0.0712926097135868,0.12941944020363,-0.119385102963137,0.155840725609858,0.0644876453118586,-0.198142027752492,-0.0206767926355931,-0.132114641477253,-0.0699133484988222,-0.0148285283936435,0.0889320667653857,0.0103519239220437,-0.0989550385072929,-0.033540878823105,0.151384534409228,0.0926882714374887,0.191962748728451,0.0143414675817157,-0.101235883720213,-0.105573776059107,0.053456170218096,0.184380863069801,0.0576496070129313,0.124693881588392,-0.0655522180433411,-0.0320280518056098,0.180374470573846,-0.0368156362152439,-0.214917524046399,-0.115561569261759
"19",0.0455083728839805,-0.0219856322329313,-0.17659136157982,0.12760876685493,-0.0203536974647264,0.069064541498623,0.0729813089203088,-0.0334660510130243,-0.107729830993139,-0.199779101625696,0.00395163624653097,0.106646237387008,-0.048616444734238,0.0328860487124686,0.00597302514736799,0.110145820210942,0.186347456463961,-0.162582006278124,1,-0.037389465541172,0.0437213727977287,0.0520452826250866,0.127995924091292,0.187161884753606,0.0284456353582376,0.133855332917365,-0.0130482250234552,-0.17923122276052,-0.0255232040482718,-0.0337728795108597,0.47428599373539,-0.008145924198378,0.0883807666373629,0.250646638341343,-0.10958580448125,-0.0578861842314982,0.00920488590672211,-0.0989860226418738,0.136885994126421,0.237746150605363,0.316200468925536,0.263399262444659,0.0138600437045285,0.0623278232747904,-0.0777478833889441,0.123640729159356,0.233039233976867,0.261192248265534,0.150715908817503,0.282246191151567,0.182235545225019,0.137122618609916,-0.0700465754647094,-0.0234734276425738,-0.111635908508674,0.0715020593421544,0.144675175033995,0.0590300112684707
"20",-0.0877016321762655,-0.0230401661741422,-0.126473191810058,0.0412709666552149,-0.0121280755793451,0.167506669549763,0.0472103506067491,0.21210935137878,-0.0964972545765414,-0.148724282204414,0.117908526713067,0.0771870396685593,0.0644120614735356,0.0201820877551773,-0.00513666818599942,-0.0450096428590276,0.164420909883894,-0.278944541384937,-0.037389465541172,1,0.0429248973950868,0.176928886974831,0.22902150362706,-0.00128058858842891,0.0710890227208552,0.0397838794702157,0.07232504261261,-0.0453745744062505,-0.145782719542137,-0.25777927593658,-0.00111640055146614,0.140731298255406,-0.0103121169363668,-0.0526483025541752,0.13278014849294,0.12780258426121,0.16877245335556,0.111136175337371,0.0517428940694942,-0.019969718858421,-0.0732784974210908,0.107505357672807,-0.00198426280592786,0.0933690238049404,-0.18508152450182,-0.172880950341151,0.016872284284526,-0.0162177008914708,0.115445282694027,0.0120099385183541,-0.0242287137977522,-0.0619703295568637,0.0867779331205357,0.00885003901924379,-0.11101947302003,-0.122997704241326,-0.0296433103312279,-0.0457362808651287
"21",-0.144701715827087,-0.0767971842975773,0.0386094491759069,-0.0327063102065219,0.118438633744477,-0.153730427405671,0.0176637899670132,0.154806241848232,-0.056452131596912,-0.102004489898153,0.0964040071662418,-0.151049713790692,-0.118777226069131,-0.174967882143385,-0.193163763579706,0.0618560234544543,-0.163712735380725,-0.116410150715431,0.0437213727977287,0.0429248973950868,1,-0.102706636450341,0.204880359293826,0.00767373635932557,0.109916688269697,0.100066172420235,0.013574162306674,-0.169180833081452,-0.0536902938753415,-0.02704411086083,-0.0903654600268023,-0.104094002587104,-0.148772782201325,-0.16403169395137,0.16700518472187,-0.0559772291427216,0.0123428949814393,-0.0735584277576972,0.0515841982468133,0.021316995053706,0.0943609068250493,0.0662832910243878,-0.0710562446342541,-0.00865712469204998,-0.0174755540247178,0.171485237637504,0.14847660553419,0.181687015285456,-0.0415209095385688,-0.0797484965206349,-0.0199339618206082,0.0553475486806599,-0.0570360015510924,-0.102249909942896,-0.282676491313006,0.00885784601668083,0.00599093282605897,-0.118535992636505
"22",0.013361294959561,-0.166257701196654,-0.00479917505918966,-0.025960412799379,0.115298040378079,0.0421929364528855,0.138302272188721,0.0889023829101882,-0.00848423294473823,-0.0977142726671792,-0.0801773013377595,0.101066742884652,0.241508655861768,0.0909364748436647,-0.172372520819108,-0.156710510951218,-0.0489930306269828,-0.124261418727239,0.0520452826250866,0.176928886974831,-0.102706636450341,1,-0.0544448184696139,-0.11249110648048,-0.0816923967231232,0.0896154298658591,-0.0634204189776753,-0.0905860161658533,-0.0219735911120288,-0.124883746643351,0.00997658722738962,-0.0823235918399249,-0.0241948729115445,-0.00143400837007087,-0.0122609934602937,-0.0854926910309315,-0.187633003798524,-0.197360379200312,-0.11709338563946,0.0576686844036334,0.0805959179402182,-0.00503723823222339,-0.0211158408581653,-0.0314229270697319,-0.134063204870392,-0.0413559539546492,0.138237906450216,0.150550508626384,0.0922755219789538,-0.0247997782925614,-0.100755052702512,-0.13413988289961,0.0334817316370108,0.0519291910572358,-0.122509288238738,-0.00691658838707432,0.118745126562315,0.053993070710051
"23",-0.171105513810316,-0.140399510559668,-0.0453936808339628,0.0981432579301816,0.216381196799815,0.145004615869888,0.119331273235364,0.128301945950125,-0.137022284356329,-0.126875156745672,0.0422954600690147,0.079657019237905,0.00142019049522411,-0.226772800948596,0.0122920475694806,0.0190047015046412,0.0558265338121807,-0.22055455326292,0.127995924091292,0.22902150362706,0.204880359293826,-0.0544448184696139,1,0.294448230071154,0.121689892133338,0.0552067126577062,-0.123762589737825,-0.0960040765224406,0.117131547062219,-0.0508466842102156,-0.0414192600844559,0.113836692586917,-0.0137474026342913,-0.122901953707052,-0.0137866300482181,0.0367506269400512,-0.0106883233873755,0.0305017849756897,0.0439758379335643,0.0414645417413597,-0.0120731761720506,0.0181572514269525,-0.0302687638781343,0.0641971664501239,-0.169693485390733,0.0326117830025141,-0.046786157545024,0.0837304488720762,0.0802666737907116,-0.0721507855180729,0.0691053575031523,0.0824493407492222,0.0977741534661331,-0.0822179243272437,-0.118769462776568,-0.0944855008628735,0.0814721968048351,-0.00414754351103817
"24",-0.0234313013730929,0.0520140755539885,-0.0860634583099397,0.305722079412235,0.0483318615262021,0.05180602256533,0.122313877146541,0.147824749734177,0.0129107725618562,0.00824922473516117,0.0345394510045307,0.0890914058038021,-0.0689973397774644,-0.196899650692265,-0.00877136669359187,-0.0479704905717554,-0.0158718393330756,-0.0273522968558944,0.187161884753606,-0.00128058858842891,0.00767373635932558,-0.11249110648048,0.294448230071154,1,0.126856573776281,0.108600231461723,0.00814093816698321,0.0202495999287125,-0.0992401384164668,0.0276333441828839,0.267147495996477,0.171694088760753,0.0142457273299447,0.0283680075931987,0.0128153668368323,0.106637436325727,0.0118033878912752,-0.0718328410638074,0.0838755040092957,0.0730865860480409,0.0279600196046492,-0.202010629098058,-0.0937487221180901,0.14816742804484,-0.108029381178365,0.0877447655933849,-0.0983244062056238,-0.178488512251454,-0.0447803579031978,-0.108274070413997,0.0984492935192235,0.138653708351269,-0.0456683824522382,-0.173350446614091,0.0793631256818707,0.0443227116717309,-0.138313834303448,-0.147256474670642
"25",-0.094122191703472,-0.0614846773266228,0.142084268948911,-0.00645589552825879,-0.0489893742429444,0.00379146346501836,0.188598710087318,0.296009897345927,-0.125749137950308,0.0694795569404299,0.0189162233052369,-0.109604072087967,-0.0512753038000316,-0.197086722229677,-0.0205998596348136,-0.214256469716495,-0.00306415487741157,-0.209142385414858,0.0284456353582376,0.0710890227208552,0.109916688269697,-0.0816923967231232,0.121689892133338,0.126856573776281,1,0.0449578499370275,-0.0729670946186566,-0.0409446074530063,-0.0843248205179857,-0.20509036261025,0.194656378755979,-0.00924804235057374,0.0419717989253495,0.030749538518996,0.0394968403403354,0.191160058719198,-0.05410548039763,0.0204381651335219,-0.120540363305643,0.026526842988603,-0.11574553628746,-0.0244561085929216,-0.219060716690607,-0.113193451408503,-0.0320070856949046,0.163252708269118,-0.239187760095692,-0.0190891363340028,-0.0305860931480939,-0.136739890043641,-2.03717715992527e-05,-0.0152396696772665,-0.283802387593929,-0.0585630302632747,-0.0349093107017432,0.105173843867447,-0.151813215396474,0.0273921119641755
"26",0.103411391618345,-0.00545269837174233,0.231208108292467,0.225657404652345,0.05587244778339,0.137478175540945,0.137660452441859,-0.0822842818865465,-0.0646529443301865,-0.0980521731473083,0.165449039265452,0.107558899720046,-0.0529926859494673,-0.16884931699786,0.107037832519176,0.105174709791214,-0.00471532899056216,-0.11553094658701,0.133855332917365,0.0397838794702157,0.100066172420235,0.0896154298658591,0.0552067126577062,0.108600231461723,0.0449578499370275,1,0.141167304651641,-0.0859690395909888,0.0497234484759677,0.102713611203472,0.196809941486473,0.0899379775347183,0.162311452700838,0.156268442990736,-0.221041231821437,-0.00786045051360725,-0.205228551625451,-0.0469292517808439,0.029464604808662,0.273631374430983,-0.153670131642304,0.00554902397224927,0.00553599208128386,-0.0381415341640009,-0.129108938809278,0.0818786635426863,-0.0720059676448209,0.046571218719873,0.0343631553259051,-0.196792600044788,0.100643960920277,0.0499981541454522,-0.126583977932052,0.0562822673533391,0.0112518464604343,0.0775679012115779,-0.0410231786113631,0.0141381663526453
"27",0.0595062468980618,0.215692536212878,-0.129092613252168,0.0322953644392056,-0.118114419443112,-0.0188675865084494,-0.128462114405372,-0.203478755271853,0.0469090999917612,-0.0439871398509984,0.20361861311747,0.245705465939934,0.0851913495543517,-0.0159223383724512,0.157265125178527,0.0318238125199868,0.0240306661220311,0.0358672079918117,-0.0130482250234552,0.07232504261261,0.013574162306674,-0.0634204189776753,-0.123762589737825,0.00814093816698321,-0.0729670946186566,0.141167304651641,1,0.0745587526288371,-0.116916808309237,0.0199244577623192,0.137037669446127,0.116696877443537,0.0637278828794281,0.150021523400613,-0.0757270260273743,-0.298729644944839,0.099767805267006,0.0347743638948533,0.00786159085357668,0.0486283140352472,-0.182917466949729,0.00936192290829855,0.229475959415186,0.236149136697481,-0.175639178164149,-0.118166444457634,-0.0505799765905841,-0.146250687055088,0.0908178138183554,0.0347134378425071,0.0815280972744127,0.0921007080670751,-0.158157468234571,0.16240941304806,-0.135919496297468,0.169256575784732,-0.0450488182793903,-0.0835426025936081
"28",0.00727487958925693,0.0396706040868218,-0.106080512989608,0.0119484455835303,-0.107342547729318,-0.0820947258409992,-0.0172017639296398,0.0453857399302597,0.065971125914609,-0.0687854119386342,-0.085562141291883,0.170184650879436,-0.0876756081968199,-0.0456219539337093,0.00298524692203702,0.031826478808338,0.129924594790753,0.139094959579801,-0.17923122276052,-0.0453745744062505,-0.169180833081452,-0.0905860161658533,-0.0960040765224405,0.0202495999287125,-0.0409446074530063,-0.0859690395909888,0.0745587526288371,1,-0.0422734749331895,0.0850345186096614,-0.0967028014551032,-0.00627060839242874,-0.139965065524592,0.101638585280535,0.153335509151254,0.0554450435373526,-0.0699536228216377,0.0493461387491522,-0.0387097929866636,0.118848462824581,0.0401250701357815,0.0680311831818679,0.0364778684692042,0.0146855910614007,0.0163634207275351,-0.0289629773112812,0.0306851683354947,-0.00947846231585408,-0.0398673983139943,-0.0191838805712546,0.107280959982493,0.0885293378044447,-0.00647723351579627,-0.0466756881544941,0.153691044011081,-0.021029525187309,0.00078005306999631,-0.0387809585032011
"29",0.0773491354926551,-0.118269296391376,0.0899957596743074,-0.074651679663963,0.182530559966762,0.102823672736133,-0.104466485139549,-0.0617349613764075,-0.0495030479766502,-0.0905342862738607,0.0806618111215318,-0.0769258721735737,-0.114639440819858,-0.11653285914661,0.028663404618227,-0.132994703826251,-0.238426357386054,-0.0712926097135868,-0.0255232040482718,-0.145782719542137,-0.0536902938753415,-0.0219735911120288,0.117131547062219,-0.0992401384164668,-0.0843248205179857,0.0497234484759677,-0.116916808309237,-0.0422734749331895,1,0.089081237864369,-0.106870378780512,-0.11275631930108,-0.183240239043762,-0.10361698982912,-0.188197147911016,0.0111573320620932,0.0469270487132464,0.0183754274531012,-0.184274470764377,-0.153033102281492,0.0733763827105507,-0.0706762582217191,-0.15972660675931,-0.116215393140278,0.013411715959325,0.00637170563177549,0.0104919899477622,-0.113966783455667,-0.129815931595373,-0.100830461573735,-0.129563301515553,-0.142369375146234,0.0971044661779401,0.0465510691501957,-0.011358801304319,-0.134437553346979,-0.0277170444209894,0.0234909117328449
"30",0.121330806226727,0.176729213309877,0.115290940965966,-0.0707642496871928,-0.171646241872172,0.0381599073209772,0.00226667458345929,-0.286768670609242,0.22723328055047,0.201741373968057,-0.0912281625015918,0.0716604562440771,-0.193520308596829,0.0338503838615357,0.124785614631511,0.0882306437664321,-0.151978924506443,0.12941944020363,-0.0337728795108597,-0.25777927593658,-0.02704411086083,-0.124883746643351,-0.0508466842102156,0.0276333441828839,-0.20509036261025,0.102713611203472,0.0199244577623192,0.0850345186096614,0.089081237864369,1,-0.176969429595242,-0.151497450104076,0.191979994518725,0.0206673169219802,-0.00953456456666818,-0.160349853134804,-0.116424253696882,0.121099611014303,0.0503578979012764,-0.042951652651206,-0.106299259126372,-0.0503787165743629,0.0825836423347181,0.0972753525711835,0.00990632357278831,-0.0517437644632663,0.0224739096422665,-0.078242221961673,-0.0942400909623965,0.00743501860682473,0.0114447818935353,0.0986094398156645,0.0247031596455121,-0.041293641605217,0.295189871694565,-0.0620914876994643,0.0548347439905654,-0.00155370590508363
"31",0.0370681657766633,0.0453463517297906,0.0564207899219885,0.203971943384249,-0.0635559692247303,0.107810165973732,0.00679963858909143,0.0806933641137303,-0.0115300146697135,-0.151910440024575,0.165889463196985,0.0137010842169296,0.107357862969617,0.036073902909938,-0.00215760286728861,0.0344844659137478,0.19392422660781,-0.119385102963137,0.47428599373539,-0.00111640055146614,-0.0903654600268023,0.00997658722738962,-0.0414192600844559,0.267147495996477,0.194656378755979,0.196809941486473,0.137037669446127,-0.0967028014551032,-0.106870378780512,-0.176969429595242,1,0.217820848458072,0.101224649190449,0.385260681086872,-0.125706878873428,0.00136484120936842,0.0131917732771241,-0.0493192502587415,-0.00608829850824939,0.175527856675857,0.037064917894669,0.155220293007109,0.00194348099492732,0.192693601591121,-0.218759608339654,0.101235205061105,-0.106241393264927,-0.094551562011804,0.119616891963528,0.228938160759628,0.194951108733889,0.32833873992491,-0.0678097298864287,0.160754652690078,-0.130810554189646,0.183415174978685,-0.144484150274156,-0.0595885217695306
"32",-0.09829376109776,0.0686984288765905,-0.0395644772574414,-0.018397722821567,-0.0488301327460104,0.0757536700427055,0.127032257875742,-0.053922229551469,0.0759211133209073,-0.0675885638537818,0.0456904684461329,0.0809191147017472,-0.029581515159509,-0.0312974973550915,-0.0482275047233981,0.106017110258537,0.102989374310046,0.155840725609858,-0.008145924198378,0.140731298255406,-0.104094002587104,-0.0823235918399249,0.113836692586917,0.171694088760753,-0.00924804235057374,0.0899379775347183,0.116696877443537,-0.00627060839242874,-0.11275631930108,-0.151497450104076,0.217820848458072,1,0.0452795453612803,0.116052799253233,0.0250984299576786,-0.0282906318894049,-0.0667535369254784,0.115805299899226,0.261624059742413,0.25660770610535,-0.162005680532324,0.175454803183953,0.0267418067776541,0.118046991050998,-0.115264298349293,-0.0157733890819727,-0.0796011946623459,-0.0605327700833971,-0.0604086568289778,0.133493775504198,0.140331181811088,0.160492352418485,0.0848734130725164,0.0165345449568375,-0.0982302289533193,-0.0636298268541205,-0.0197165674924086,-0.146084597517501
"33",0.0937564131459601,0.170219906728397,0.0274081717003684,0.099900366871662,-0.107474020507622,0.0428822095085116,0.253676408831353,-0.0204759349229709,-0.0527787771031707,-0.031970035215013,0.160433127260462,0.19132106357823,-0.295602029145952,-0.206706388499767,-0.00143936100127446,-0.0417464749057497,0.07600199684256,0.0644876453118586,0.0883807666373629,-0.0103121169363668,-0.148772782201325,-0.0241948729115445,-0.0137474026342913,0.0142457273299447,0.0419717989253495,0.162311452700838,0.0637278828794281,-0.139965065524592,-0.183240239043762,0.191979994518725,0.101224649190449,0.0452795453612803,1,0.344744725506828,-0.213200192584268,0.0267800950059279,-0.0939631197229578,0.100300826624678,0.264883987100169,0.257349071714434,-0.137734154850192,0.156260131770538,-0.0595100394343365,-0.0795660987852904,-0.32695166195643,-0.175035590851694,-0.0492859097325011,-0.00833360399505044,-0.190186458528518,-0.121257499175517,0.129604350269538,0.0421630077758704,-0.225270088650918,-0.0998016989696087,0.00774992218469697,0.0889986554790137,-0.028741463468781,-0.168600951024869
"34",0.0995765401908242,0.35602713988917,0.254189106928861,0.142946476831527,-0.194300969678388,-0.0224676803040131,0.0112488405890884,-0.0635113610332644,-0.0763626211695424,-0.0253246818719871,0.230067323517958,0.387268511176122,-0.252055659675741,-0.186653778208312,0.100959682605735,0.051925628670418,0.186487771083669,-0.198142027752492,0.250646638341343,-0.0526483025541752,-0.16403169395137,-0.00143400837007087,-0.122901953707052,0.0283680075931987,0.030749538518996,0.156268442990736,0.150021523400613,0.101638585280535,-0.10361698982912,0.0206673169219802,0.385260681086872,0.116052799253233,0.344744725506828,1,-0.037120969909597,-0.0361614833667937,-0.0902044501906003,0.241463946582712,0.199084270232649,0.416467101726284,0.181673997490222,0.381994080783535,-0.100955735715167,-0.00622758494814468,-0.164541901118767,-0.0476057208924037,0.0121926228581691,0.0817074347192965,-0.158201594628293,-0.0128003463098213,0.294804696558616,0.39620272605308,-0.134300949498274,0.192726252536697,-0.049071694235752,0.23309755818037,-0.0357352900478768,-0.014518190854498
"35",-0.119470516954522,-0.0313899013585175,-0.054661285837939,0.0262120969619578,-0.133136136262935,-0.0750754792942287,0.053569152711218,0.025623613225835,0.0675775767429028,0.213985809055597,0.0079883198895552,0.00536797585208436,-0.0909682508515546,0.083805947697203,-0.054706887422425,0.0575285725372893,-0.0985635824363519,-0.0206767926355931,-0.10958580448125,0.13278014849294,0.16700518472187,-0.0122609934602937,-0.0137866300482181,0.0128153668368323,0.0394968403403354,-0.221041231821437,-0.0757270260273743,0.153335509151254,-0.188197147911016,-0.00953456456666818,-0.125706878873428,0.0250984299576786,-0.213200192584268,-0.037120969909597,1,0.238033516917203,0.143864220659813,0.215650080913298,0.0148001163321403,-0.188614697354701,0.168487235469407,0.11094548248072,-0.154338162347343,0.0210557419647908,0.30364263378483,0.116886977346337,0.086908450306123,0.0424032841099768,0.0279972525220354,0.0226232579339149,0.131779487971829,0.126252987482972,0.0209948804302688,-0.00354769276664905,0.013763391048581,0.127625804318495,-0.0636218678902687,-0.0285266990542693
