"","l_Insular.Cortex","r_Insular.Cortex","l_Amygdal.Area","r_Amygdal.Area","l_Bed.Nucleus.of.the.Stria.Terminalis","r_Bed.Nucleus.of.the.Stria.Terminalis","l_Hippocampus","r_Hippocampus","l_Orbitofrontal.cortex","r_Orbitofrontal.cortex","l_Entorhinal.Cortex","r_Entorhinal.Cortex","l_Frontal.Association.Cortex","r_Frontal.Association.Cortex","l_Globus.Pallidus","r_Globus.Pallidus","l_Glomerular.Layer.of.the.Accessory.Olfactory.Bulb","r_Glomerular.Layer.of.the.Accessory.Olfactory.Bulb","l_Glomerular.Layer.of.the.Olfactory.Bulb","r_Glomerular.Layer.of.the.Olfactory.Bulb","l_Granule.Cell.Level.of.the.Cerebellum","r_Granule.Cell.Level.of.the.Cerebellum","l_Hypothalamic.Region","r_Hypothalamic.Region","l_Entorhinal.Cortex","r_Entorhinal.Cortex","l_Vermix.Molecular.Layer.of.the.Cerebellum","r_Vermix.Molecular.Layer.of.the.Cerebellum","l_Lateral.Molecular.Layer.of.the.Cerebellum","r_Lateral.Molecular.Layer.of.the.Cerebellum","l_Anterior.Olfactory.Bulb","r_Anterior.Olfactory.Bulb","l_Posterior.Olfactory.Bulb","r_Posterior.Olfactory.Bulb","l_Subiculum","r_Subiculum","l_Perirhinal.Area","r_Perirhinal.Area","l_PreLimbic.System","r_PreLimbic.System","l_Primary.Cingular.Cortex","r_Primary.Cingular.Cortex","l_Primary.Motor.Cortex","r_Primary.Motor.Cortex","l_Retrosplenial.Cortex","r_Retrosplenial.Cortex","l_Secondary.Cingular.Cortex","r_Secondary.Cingular.Cortex","l_Secondary.Motor.Cortex","r_Secondary.Motor.Cortex","l_Striatum","r_Striatum","l_Ventral.Tegmental.Area","r_Ventral.Tegmental.Area","l_Substantia.Nigra","r_Substantia.Nigra","l_Thalamus","r_Thalamus"
"1",1,0.208377824280171,0.0321355037795781,-0.182912132607764,0.0568652600699314,0.0359423528726443,-0.0829893627363789,-0.0436758494732484,0.236037331319745,0.00267888077726442,0.234264959213761,0.0414620370283621,0.0138041652168444,0.147023647215697,0.264715843339195,0.0905604984934098,0.0209326719969614,-0.0151928740495182,-0.00828193895444481,0.18439101805588,0.0502803648415502,-0.159511672953742,0.132116149516378,0.0517622313719733,0.050007128661188,0.183282564740597,-0.0808352634926769,0.163442180006085,-0.00241712132396343,-0.279174134657596,0.119107038616938,0.0151249648435976,0.213853523380661,0.0656476885348686,-0.136757691812746,0.0915040226405045,-0.14734286189389,0.135212602273796,0.0712619248135113,0.144724610871684,0.00592412467180825,0.0389547010738948,0.101494915962281,-0.010837320595898,-0.14505991261975,-0.198205550208923,-0.0517963544567308,0.164726719053616,-0.0228304143260765,0.16511653522396,0.209964610369051,0.09613071915152,-0.0968721595245908,-0.134937665349451,0.201078186720319,0.00347858075666811,-0.128952661787526,-0.032807749313227
"2",0.208377824280171,1,0.215481991940695,-0.141135795659559,-0.243401760851515,0.0802097360893515,-0.18144848522327,0.0217854848062957,0.0124445515512397,0.271443869992816,0.086005770880964,0.118625653961108,0.0438686144725159,0.0320566615947681,-0.0417544411243809,0.0984617304971689,-0.0196653562398489,-0.110736485240578,-0.0671364061681134,-0.00056949882982349,0.00498959682584447,-0.101046605819086,0.111726202027566,-0.0925025644617376,0.0349053295776273,0.0294834916763747,-0.0812397816994901,0.0415405179497623,-0.00955653299373564,0.0412800784066389,0.0208592699379679,-0.0244325654656069,0.0937463315711441,-0.031878767975357,-0.0551959305015139,0.0246834238907841,-0.0412813198235825,0.126232777565053,-0.0309483823615078,-0.00812446667632522,-0.102288400365581,0.0297913223934611,-0.0887955913126666,0.0639338040840162,-0.0357626641974974,-0.0944775347839067,-0.0293920747061109,0.140054099733763,0.0254709719254948,-0.0320563587989706,0.286694928539078,0.089030994718388,-0.31131732492021,0.0844014032452646,0.180493564371873,-0.0248165335060305,0.0899284110707338,0.0683830992101907
"3",0.0321355037795781,0.215481991940695,1,-0.0391021423571603,-0.0547669888082408,0.00287832956407502,0.0638963023984586,-0.00739917478427195,0.00921956756434901,0.0845374821184963,0.136360554776288,-0.11259823609096,0.0878875497215327,0.175085454677103,-0.0654109027164241,0.082244813213961,-0.00769996357719287,-0.0316475910170842,0.147768819574323,0.0398628047902325,0.076133416829498,0.130430655222831,0.137037681444861,-0.0971624065839969,0.0604444840470127,-0.133622406635632,0.178947554841755,0.205378600134115,0.00154066138116661,0.0388378497489583,0.0886551310730655,0.0868199621493252,0.0357147845694591,-0.0359036476721105,-0.0622041395569723,0.0407135985033006,-0.15248320139828,-0.0894712444060954,0.0513518330275842,0.0155138893688648,0.0555589970994178,-0.157015223850244,-0.0341461534721574,-0.266905246302104,0.12349824590531,-0.0221642525038479,-0.0424060100573997,0.125569403642419,0.0512051708364429,-0.00244986691131236,0.125191187194859,-0.126215740902417,-0.168339441072084,-0.0202678232634113,0.126607335355091,-0.0618551929798052,0.101189673824677,0.00445476400053002
"4",-0.182912132607764,-0.141135795659559,-0.0391021423571603,1,0.251219328739498,-0.0352769708170927,0.0281383562478478,-0.0568660027295755,-0.108566817755149,-0.0523883781815576,0.0204182395363125,0.225323779997634,-0.0259726986678293,0.00103782324208733,-0.0423841733300425,0.0306203011422647,-0.0512424636106019,0.00717892911516494,-0.178667337821603,0.0129193807115312,-0.0363434146276631,0.158812177010153,-0.00592723584907855,0.0649587274215385,-0.070946012791328,0.212582773214023,-0.00670484132220045,-0.200655282694574,0.114546819822065,-0.120681174126876,0.0465827629885517,0.0832516134491614,-0.0229984058141877,-0.10377947143496,0.0675653235271492,-0.00060627436897468,0.0317900985399594,-0.0389101819300021,0.0523637267510131,-0.247307795173894,-0.149146419177426,-0.10029093775005,0.23105569046854,0.186618990831615,0.0525391841526999,0.0860576841337216,-0.0936701738026278,-0.0606987525788831,0.0495273845062919,0.0694173454949609,-0.098208329131771,-0.110632547149657,0.00615082419987181,0.0652931366188409,0.0157151456472189,-0.190951555633236,0.0467739949652214,-0.00358637824360966
"5",0.0568652600699314,-0.243401760851515,-0.0547669888082408,0.251219328739498,1,0.0342349267819084,0.101138012059297,-0.0697620085613828,-0.0571113595064663,0.109054395920201,-0.0161221040532162,0.177338271444683,0.00784522867436912,-0.0443019295181461,-0.0711871982925154,-0.0153805266093945,0.175520375855792,0.0565470087314128,-0.134441749319823,-0.12046520435589,0.005084075320155,0.224716164670564,0.154095392236975,0.214024218161985,0.0391321487197469,-0.0374849361493994,0.0847531011140818,-0.0666844994054991,0.0703082607669673,-0.0147342975718409,0.0889169297974431,0.00819950592802823,-0.00611175053263639,-0.0495561620131944,-0.0209576295833554,-0.0073607952943022,-0.0275171106054431,-0.131516956494447,0.0883676393458492,-0.00589714290175401,-0.0724081722847747,-0.00174890104917205,0.0527401106370353,0.0581077622065963,-0.0217517324797556,0.197697025702411,0.0692380739175959,-0.0868052906887126,0.154274786878691,0.0251335231037787,-0.0406458384182581,-0.0471548568650446,0.11422191308241,0.0492708286904453,0.0867606598413228,-0.143685160204163,-0.0314396399364118,0.0509912367924141
"6",0.0359423528726443,0.0802097360893515,0.00287832956407502,-0.0352769708170927,0.0342349267819084,1,0.0834342338931773,-0.0455057182418079,0.00344409454727213,0.085790721143988,-0.171384222954102,0.135821443277939,0.00790747348433732,-0.0821105644328495,0.002395412077329,0.0766449832111506,-0.0473253940806427,0.154700624728386,-0.0951064386537585,-0.0635853935362706,0.184684523142605,-0.269326817292044,-0.0816850267495191,-0.138663444125374,0.121816167571652,-0.0576008412481871,-0.140746129793596,0.0948627016927817,0.250312448630649,0.0761774219121866,-0.0399861726689031,-0.250188765313732,-0.0118056828338847,0.0380592794889763,0.0150424099560295,-0.0651334044493087,-0.162117053833861,0.0914434655748436,-0.100353427524465,0.0361777644859721,-0.0700196758545678,-0.136462932810085,-0.180760403690236,0.0223448738993635,-0.175896870526558,0.0131937135640164,-0.0251515843622609,0.164825927833432,-0.0690416050566157,-0.0931628704655968,-0.00939244637047779,0.00053955591875511,-0.037254953059026,-0.00670533695310717,-0.0302081452946798,-0.0690158276159684,-0.117058456487023,0.214271364091738
"7",-0.0829893627363789,-0.18144848522327,0.0638963023984586,0.0281383562478478,0.101138012059297,0.0834342338931773,1,0.0270959017842697,-0.191891775371697,-0.230048619374671,0.17263559467776,-0.0292119848614395,-0.0539914351054921,-0.0982807406226204,-0.0231432168483188,0.0553151339933721,0.0726648181280991,0.0307891831534408,0.0188937447530321,-0.0213081126185416,-0.0644551374435635,0.0373931646400244,-0.119079807579494,-0.0186219230905845,0.0764322685613588,-0.0720005604995063,0.179060917179809,0.0270272752285701,0.00870610210090413,-0.011269170110425,-0.0132238431960693,0.110258818275385,0.00344926545086183,0.193293914736869,0.0871175456331467,-0.0560229525954846,-0.0759841255561012,0.00738906613643017,0.08136448678642,0.0723008764014934,0.0222028627576506,0.103687135802424,-0.131385370061762,-0.117346724406905,0.0457871847531274,0.0870667576950964,0.189068080579993,0.179130853613141,-0.0675107129944421,-0.00354851365542891,-0.0644670528461551,0.0119891771763847,0.0464310447745611,-0.0617189075931131,-0.0383913240730655,0.0500412374951304,-0.228497528567762,-0.0130132339676581
"8",-0.0436758494732484,0.0217854848062957,-0.00739917478427195,-0.0568660027295755,-0.0697620085613828,-0.0455057182418079,0.0270959017842697,1,0.0004991507134466,0.0351111054838097,0.0237944099365948,0.0138656635785644,0.0936502127536657,0.0030581199758299,-0.0547630968938261,0.125848259030551,0.160401463255844,-0.127704507177226,0.0978110300119443,-0.0489975413130929,-0.0181804542180062,0.0905819678192951,0.117696890397498,-0.142255231749164,0.0731760391938042,-0.156114435920435,0.0530538982118606,0.0281208979937934,0.0196737526705046,-0.0473946293297392,0.0889719969890052,0.0571057427537441,0.158298520258479,-0.016623786956948,0.271675254738292,0.382694119943527,0.0316975811512838,-0.0835680755387006,0.0808590988817991,-0.158587156783435,0.0226289649911507,0.146760821420228,-0.0746888027851399,0.0752765268589694,0.00787584556385475,0.0818974909875035,-0.0237524751684801,0.0396253452790798,0.0730276473178146,0.129346524825843,-0.0840581768054088,-0.223497765592828,0.147719660427576,-0.050625512426593,0.00326138596136955,-0.00276877642719313,-0.0939893998534816,0.00656012357379671
"9",0.236037331319745,0.0124445515512397,0.00921956756434901,-0.108566817755149,-0.0571113595064663,0.00344409454727213,-0.191891775371697,0.0004991507134466,1,0.229057375188488,-0.00430366202506371,-0.0676595494496873,-0.0616696007272994,0.138662055830142,0.14669009377563,-0.022927752894709,-0.246554609938423,0.00760467017135989,0.147098155245565,0.0669337257049722,-0.205964838606849,0.0508332621375114,0.243382359586818,0.230115365695578,0.00849733573289411,0.016444863257367,-0.00980055860766519,0.0236503561826111,-0.12327533841657,0.00629985088249497,-0.0442761298858292,0.137195047088994,-0.103085219926412,-0.0538053417743552,-0.183726697087305,0.119831105583817,-0.0447150072029529,-0.0952088498838439,-0.190201290201355,-0.163122600358768,-0.202005511682681,-0.234044673786447,0.323636373964536,0.137255771815559,-0.251430239851849,-0.119542800291645,-0.128773858314431,-0.00305080085547228,-0.180907357856012,0.0166724440454177,-0.127579695710475,0.0429499484829545,-0.0537119169403983,0.0475446514213177,0.0618980352208142,0.0215096797622028,0.106199887198119,-0.00161445898602866
"10",0.00267888077726442,0.271443869992816,0.0845374821184963,-0.0523883781815576,0.109054395920201,0.085790721143988,-0.230048619374671,0.0351111054838097,0.229057375188488,1,-0.190854129537409,0.124209285981559,0.0619263888279361,0.0833269581385175,-0.0611814393316391,0.130890292585982,-0.154388563961276,-0.207730009347011,0.00260221646851623,-0.128140261465316,-0.221143148308955,-0.0465513023353065,0.110059810267486,0.192220700241147,0.153347444006202,-0.221215328868616,0.248884770539042,-0.108543090152571,-0.021710586249428,0.0471753812733851,0.117138079547731,-0.0286858313788648,-0.0699300613137333,0.0219817527977158,-0.0483855662984507,0.0406895300000659,-0.151947317032514,-0.0434789829124737,-0.00352141316775475,-0.0266268079298446,-0.240200154168256,-0.0496507260711816,0.255366476081361,0.232073798550825,-0.113708898202819,-0.0746073457301372,-0.0769048611646083,-0.0123776334429637,-0.0562739261292945,0.114434084963741,-0.0814851034015188,-0.027718378603255,-0.0936935809638471,0.0692401236843638,0.0757609894522837,-0.15198221465689,0.152021878377348,-0.0364433879157569
"11",0.234264959213761,0.086005770880964,0.136360554776288,0.0204182395363125,-0.0161221040532162,-0.171384222954102,0.17263559467776,0.0237944099365948,-0.00430366202506371,-0.190854129537409,1,-0.0550655864984808,0.126619057594387,0.111390225714612,0.167950411768485,0.237751939472119,-0.0277462359161166,-0.0971200476117353,0.0522081986202714,-0.0821935257012224,0.147703667757269,0.0515101580352417,-0.0645039356126251,0.0316170895237671,0.207079965281714,0.027040871983672,-0.0633794086364699,-0.136872876454704,0.0143634885379844,-0.188619149555096,0.257642904280052,0.243814511442299,0.238382217664326,-0.111280618700385,-0.0975412098186502,0.15183886455593,0.0339038746722406,0.0111996819640314,0.242291120036826,0.242500491749037,-0.0208342427407613,0.038587406460106,-0.00903110198861035,-0.0240448071401239,0.0235435434391969,-0.0949872914179577,-0.116885090058597,-0.0387440826327499,0.0243095551211198,0.14206136480385,0.150758046099233,0.00075016741146959,0.00127571781675153,-0.18458137284225,0.094160362343394,0.0363278515310979,-0.116083321801075,-0.0713457134415043
"12",0.0414620370283621,0.118625653961108,-0.11259823609096,0.225323779997634,0.177338271444683,0.135821443277939,-0.0292119848614395,0.0138656635785644,-0.0676595494496873,0.124209285981559,-0.0550655864984808,1,0.158439155905537,0.112696355105797,-0.14791084613026,-0.0265004571822799,0.122783608933892,0.0846048235945556,-0.142213482166009,0.0207334052807875,-0.171715976402211,0.108826909645626,0.0230049436320162,0.113938737044615,0.162788519932311,0.0954606414649318,0.126964182082778,-0.0179521389204111,0.0294988381237495,-0.0274365039310942,0.0681607279242,0.0944462967656175,0.102648785755334,0.159931582159322,0.192692491568406,-0.0810550782939633,-0.0641049469908126,-0.14295951209539,0.0691070421573396,0.0765329093456693,0.103676275163478,0.108831023810359,0.00305622756023531,0.227579575664399,-0.124237543273589,-0.148841049304685,0.0732251174174483,0.127906967755347,0.147008598373711,0.230752331597721,-0.0231362908597415,0.154044292847416,-0.0844473818878288,0.179917982985904,0.0513665833776021,-0.110397373093516,0.0679729485152998,-0.104553653541067
"13",0.0138041652168444,0.0438686144725159,0.0878875497215327,-0.0259726986678293,0.00784522867436912,0.00790747348433732,-0.0539914351054921,0.0936502127536657,-0.0616696007272994,0.0619263888279361,0.126619057594387,0.158439155905537,1,0.0977288131867162,-0.0922130817686871,0.122394518001858,0.0547059801662385,-0.0412115157861617,0.12238524089276,-0.0618359455755111,0.137426783425491,0.00248652265934939,-0.131156597618736,0.0318304144288201,0.00144488663136989,-0.105394039885987,-0.0381339775999305,0.13008150127061,-0.0211420510400352,-0.0801429864118214,0.0174176323921572,0.0213867635999004,-0.00504675983459918,0.037729746083815,0.0333331553939734,-0.0280227812114126,-0.14730943168164,0.0514277890012232,-0.00172324070213608,0.22418027876621,0.0186116389551523,0.0195482108554762,0.0503414170149067,-0.108714587966747,-0.079326287983221,-0.0522318550467779,-0.00172758246010562,-0.0441436533334921,0.555644464672463,-0.0145202477328574,0.243015614019249,0.114067729868443,0.0397440247702145,0.127901390612549,-0.0868090420508206,-0.0307133759324999,-0.170343495515168,-0.174706313141553
"14",0.147023647215697,0.0320566615947681,0.175085454677103,0.00103782324208733,-0.0443019295181461,-0.0821105644328495,-0.0982807406226204,0.0030581199758299,0.138662055830142,0.0833269581385176,0.111390225714612,0.112696355105797,0.0977288131867162,1,0.0909687953138402,0.029525911483991,0.0868336236460916,0.270104062060833,0.0871734925178396,0.0760992960317697,-0.113118519781536,0.03702625696875,0.00166300440693715,-0.048134429060788,0.160931880349765,-0.0569871883608384,0.0941115351102377,0.0480697023101139,-0.0983637183425801,0.0393563178519563,0.171437339972673,0.170441866359442,-0.0113580143432633,0.132093315354463,0.0365566955959988,0.0646484803390624,-0.177688612227049,-0.0565594281689077,0.14609704522055,-0.0254802838239285,0.188487798285721,-0.0907252974769222,0.00907172341966037,-0.0307568523422977,-0.0165822052235192,-0.138173032814078,-0.0453713663307069,0.0234245247243413,0.133196617233311,0.621230009312618,0.1085009557932,0.0733407301382887,0.0916855491282282,-0.151627633918476,0.106674556387553,-0.130109973949465,0.0492472250869248,0.0353988846428784
"15",0.264715843339195,-0.0417544411243809,-0.0654109027164241,-0.0423841733300425,-0.0711871982925154,0.002395412077329,-0.0231432168483188,-0.0547630968938261,0.14669009377563,-0.0611814393316391,0.167950411768485,-0.14791084613026,-0.092213081768687,0.0909687953138402,1,-0.106131152479773,0.100744248769669,0.00257457957770214,0.0233826181544832,-0.322349333304646,0.0522758505560342,-0.122347753439356,-0.129423714851392,-0.136956154850522,-0.109440512367219,-0.106863285397237,0.00378678828447518,-0.060999128807229,0.144445238576018,0.0340385593136489,-0.0249524934011043,-0.165040072694777,0.111060451409508,-0.0133908366078393,-0.124511604503959,-0.0829603303968239,0.0376234646902264,-0.0313133709410666,0.127397938841155,0.0997818342730144,-0.123774640449874,0.0112421170487091,-0.0744654215286867,-0.0181658482717759,-0.170151166880348,-0.099345119246972,-0.110896540991075,0.155586919042226,-0.249269616452834,-0.02608951332945,0.181753433844885,-0.0308615110657815,-0.175022911498662,-0.264317388314889,-0.119514988202812,-0.110766263720009,-0.0860398556444556,-0.0299723935434684
"16",0.0905604984934098,0.0984617304971689,0.082244813213961,0.0306203011422647,-0.0153805266093945,0.0766449832111506,0.0553151339933721,0.125848259030551,-0.022927752894709,0.130890292585982,0.237751939472119,-0.0265004571822799,0.122394518001858,0.029525911483991,-0.106131152479773,1,-0.216341618928932,-0.240022486472386,-0.138399959048143,0.0715601277647662,-0.00898738555212998,-0.0784303293495654,-0.018566082092565,-0.00862942427297625,0.255049830723006,-0.152856677988156,0.012418927361455,0.00762236529664204,-0.0397623543571979,-0.0968181134357004,0.0418865579555428,0.199598595778708,0.220247395686544,0.137991942226077,-0.0101783080884148,-0.0251061984586897,-0.149351785693212,-0.0431052458420782,0.0759588114645495,0.0434321089975102,-0.0843249474172632,0.100416469435239,-0.149750543098946,0.134340919179826,0.11530203365018,-0.0401332376884258,-0.152023631908304,0.0203875369751607,-0.0162786443234937,0.0552045595656359,0.137477535807513,-0.00392544957180432,0.0227936566993721,0.0217141627457533,-0.0801946087626076,0.0611333476646873,-0.0489880953089012,0.090548165644937
"17",0.0209326719969614,-0.0196653562398489,-0.00769996357719287,-0.0512424636106019,0.175520375855792,-0.0473253940806427,0.0726648181280991,0.160401463255844,-0.246554609938423,-0.154388563961276,-0.0277462359161166,0.122783608933892,0.0547059801662385,0.0868336236460916,0.100744248769669,-0.216341618928932,1,0.245313537250456,-0.129466501941468,-0.183503905419386,0.0145373443302039,-0.0817053029734065,-0.0358001029292934,-0.0946532114802224,0.0529511327146383,-0.108995519967512,0.0560279474633725,-0.0926240486705456,-0.0321488764661486,-0.050406865476788,0.096103983837661,0.0462316365880958,0.15028794627058,0.0452488088478209,0.0937236913621044,0.164336089131286,0.168047692995627,-0.0539419158923257,0.250955613798844,-0.0855915750369964,0.266216717025109,-0.033877534118184,-0.186114884073064,-0.0351218893567327,0.092012286814221,0.260757925196441,0.129633329601479,0.0388218268908274,0.293011366297031,0.0145548758891503,0.229289138737241,0.0178374954405062,0.0159725682592391,-0.0804754897343608,0.0629470132268827,-0.139011759182076,-0.015036212844277,0.0301688021295164
"18",-0.0151928740495182,-0.110736485240578,-0.0316475910170842,0.00717892911516494,0.0565470087314128,0.154700624728386,0.0307891831534408,-0.127704507177226,0.00760467017135989,-0.207730009347011,-0.0971200476117353,0.0846048235945556,-0.0412115157861617,0.270104062060833,0.00257457957770214,-0.240022486472386,0.245313537250456,1,0.0268946327886022,-0.0130959350155683,0.0804195995854803,0.0267224495848818,-0.145070826668123,0.0301022712168612,-0.045338532823192,-0.0597915163927671,-0.0686199807678424,0.0687099998751788,-0.0711671778288691,0.0790697252364348,-0.106221935814493,-0.0280493932962776,-0.181547195211728,0.0625980892435394,0.211817594568357,0.0169674993004228,-0.0854368089249379,0.091927927129238,-0.0199339342845312,-0.0650731182315605,0.256026725752424,-0.0798530307548417,-0.241524121632731,-0.0396971378428857,-0.031515065969929,0.00328447580111136,0.201318013070273,-0.0233219976539026,-0.0826937918342453,0.181449022175473,-0.099024724677847,-0.025526551568614,0.0782298219857232,-0.0554607901443406,0.0339902060898936,0.00310359059891754,0.100739411313787,-0.0985946061654162
"19",-0.00828193895444481,-0.0671364061681134,0.147768819574323,-0.178667337821603,-0.134441749319823,-0.0951064386537585,0.0188937447530321,0.0978110300119443,0.147098155245565,0.00260221646851623,0.0522081986202714,-0.142213482166009,0.12238524089276,0.0871734925178396,0.0233826181544832,-0.138399959048143,-0.129466501941468,0.0268946327886022,1,0.191712784420077,0.0102142846356552,0.119504979289373,0.0815312767744948,0.184322126342577,-0.127499500108787,-0.270416015296483,-0.00817066047078497,0.0711802838866751,0.0599978926436837,0.0905525842626034,0.224694992693542,-0.0134750461305966,-0.198653336440028,0.079405926630248,-0.0362598423111899,0.103634376616907,-0.195588475083685,-0.0490245908237373,-0.117627723550497,0.0140647381559961,0.140939135190732,-0.0333031695394598,0.00889333008764043,-0.218388442040617,-0.0647801237046092,-0.135066989153649,0.0556725375501422,0.0368419632299174,0.0899382959246977,-0.00480821938141131,-0.103985375923604,-0.180044304063712,0.010161415402206,0.0208092322802089,-0.292281991859304,-0.159716890100983,0.0126982891940065,-0.0164675238910428
"20",0.18439101805588,-0.00056949882982349,0.0398628047902325,0.0129193807115311,-0.12046520435589,-0.0635853935362706,-0.0213081126185416,-0.0489975413130929,0.0669337257049722,-0.128140261465316,-0.0821935257012224,0.0207334052807875,-0.0618359455755111,0.0760992960317697,-0.322349333304646,0.0715601277647662,-0.183503905419386,-0.0130959350155683,0.191712784420077,1,-0.151375391958425,-0.0204376327771719,0.180954776021917,0.155640718526796,-0.0255462085418574,0.0778764597057203,-0.0925602486013543,-0.095092449252883,-0.363309776002096,0.0158184717738411,0.00622305566019333,0.287251593222135,0.0069872680508193,0.266089635223036,-0.0735600991251515,-0.1251792427261,-0.195855206066466,-0.0546244021435685,-0.150492726504006,-0.098624993566768,0.0858472790587827,-0.143328829072726,0.00537579143170933,-0.19310587505856,0.0501908181119486,0.0162705408721028,-0.0526426838265301,-0.12319958088681,0.0212549723935937,-0.00496174524911812,-0.047191536531203,0.0720632548802511,0.0109204637253438,0.0256374171559097,0.0483743990732138,0.0247249603093048,-0.0123273922359517,0.0400225958242825
"21",0.0502803648415502,0.00498959682584447,0.076133416829498,-0.0363434146276631,0.005084075320155,0.184684523142605,-0.0644551374435635,-0.0181804542180062,-0.205964838606849,-0.221143148308955,0.147703667757269,-0.171715976402211,0.137426783425491,-0.113118519781536,0.0522758505560342,-0.00898738555212998,0.0145373443302039,0.0804195995854803,0.0102142846356552,-0.151375391958425,1,0.110742536382741,-0.253254798526055,-0.15627238653589,-0.12842338429438,0.0349597215029405,-0.120116086960532,0.00322912859481739,0.0833692851046998,-0.0560372495801113,-0.0270431682709436,-0.044664784830632,0.0941281052143281,-0.339433902832734,0.0247217655149149,-0.108374865194718,-0.0439458007318353,0.0529322653802331,0.0572764151722074,0.144922856950778,0.0367154329533032,-0.085547237266296,-0.135892159818123,-0.0685505003865844,-0.0566379533391287,0.029174716865405,0.122810912172282,0.139342066935081,0.0394297988058407,-0.147925992381765,0.0660553182178709,0.0179037417085164,-0.0316166127595324,-0.0283617777107831,0.0504941807060304,0.0335225461146846,-0.0671879624133005,-0.0318974482577222
"22",-0.159511672953742,-0.101046605819086,0.130430655222831,0.158812177010153,0.224716164670564,-0.269326817292044,0.0373931646400244,0.0905819678192951,0.0508332621375114,-0.0465513023353065,0.0515101580352417,0.108826909645626,0.00248652265934939,0.03702625696875,-0.122347753439356,-0.0784303293495654,-0.0817053029734065,0.0267224495848818,0.119504979289373,-0.0204376327771719,0.110742536382741,1,0.0876840994036085,0.0488828097117611,0.14485046836374,-0.0908831254932139,0.133530508515466,0.0372908894055095,-0.131973060799221,-0.00071280293528754,-0.0574507891676639,0.131031389622242,-0.0507087996519492,-0.0628865461996451,0.0876385192895068,-0.0955530654943348,0.0954414197855685,-0.189850448251763,0.0130979777550681,0.0589775323230923,0.134781153351816,0.132862366093876,0.0528081206843751,-0.0170444126467725,0.106359768781293,-0.0468724334531094,0.118200590614366,0.0803482480706895,0.0852004938441063,0.0889379557193389,-0.100681741933636,-0.0396619436532155,0.0709284541222592,0.0860994066626574,-0.00414393492361282,-0.160507745838831,-0.108293096349149,0.0111231521717057
"23",0.132116149516378,0.111726202027566,0.137037681444861,-0.00592723584907855,0.154095392236975,-0.0816850267495191,-0.119079807579494,0.117696890397498,0.243382359586818,0.110059810267486,-0.0645039356126251,0.0230049436320162,-0.131156597618736,0.00166300440693715,-0.129423714851392,-0.018566082092565,-0.0358001029292934,-0.145070826668122,0.0815312767744948,0.180954776021917,-0.253254798526055,0.0876840994036085,1,0.259763377723237,0.0979625096413422,0.00027005744730095,0.00744340681689546,-0.0364864903001514,-0.0713297249931039,-0.124032744134047,0.0460040787350156,0.0380523020531061,-0.106031686552758,0.0148590803133996,-0.171696533666323,0.0578714064830067,0.114814884021208,-0.072992814918416,-0.0660652601574638,-0.236143307381412,-0.104874410110212,-0.120256165768187,0.138413349911883,0.0737320216019978,-0.111972272779937,-0.109352910511122,-0.0912045772978989,0.0979203399972085,-0.0675185656559611,-0.0576947948788588,-0.163932695911138,-0.0254397584191021,-0.0695522484956271,-0.063424684325833,0.204181081201385,-0.0485575936396992,0.169412158499906,0.155558617498942
"24",0.0517622313719733,-0.0925025644617376,-0.0971624065839969,0.0649587274215385,0.214024218161985,-0.138663444125374,-0.0186219230905845,-0.142255231749164,0.230115365695578,0.192220700241147,0.0316170895237671,0.113938737044615,0.0318304144288201,-0.048134429060788,-0.136956154850522,-0.00862942427297625,-0.0946532114802224,0.0301022712168612,0.184322126342577,0.155640718526796,-0.15627238653589,0.0488828097117611,0.259763377723237,1,0.0205368012066978,-0.0275711340932341,0.052186338961363,-0.0282941033147397,-0.201342500672811,-0.183215397277654,0.115197880696502,0.23769889849082,-0.0936739417103135,0.060105725111261,-0.136220403802408,0.090633643257445,-0.0337304305625982,-0.118063409491696,0.0439923766264846,-0.0502980577673827,-0.0935686952310497,-0.09688469704658,0.273120575124092,0.0718089685521715,-0.0847048423223302,-0.0553973444797313,0.00064703862244351,-0.0812151657351274,0.0274868104548853,-0.00440232161982745,-0.15440700089024,-0.119495028552502,0.0686330251559675,0.0159740032706218,0.036322512095147,-0.0512132731189513,0.0561817116605817,-0.0744977815827503
"25",0.050007128661188,0.0349053295776273,0.0604444840470127,-0.0709460127913279,0.0391321487197469,0.121816167571652,0.0764322685613587,0.0731760391938042,0.00849733573289411,0.153347444006202,0.207079965281714,0.162788519932311,0.00144488663136989,0.160931880349765,-0.109440512367219,0.255049830723006,0.0529511327146383,-0.045338532823192,-0.127499500108787,-0.0255462085418574,-0.12842338429438,0.14485046836374,0.0979625096413422,0.0205368012066978,1,-0.00794856048384248,-0.0470654972512543,0.0303445796074642,-0.112215156263174,0.0389330509072314,0.0900050336811674,-0.0263691802770079,0.149171155338533,0.172383043105649,0.0791792806813165,0.0334939405666798,-0.041258305255886,-0.20327616603199,0.14304277772117,0.0715621583337388,0.146591984453889,0.0891217553822375,-0.051335546401997,0.0858445351587512,0.0172399854507881,-0.00202570232223324,-0.0585607857021989,0.167042206353445,0.04926816140552,0.201997629815412,0.0464218293470911,0.115381907454684,-0.0360364690625901,0.0783440506953976,0.0099686901966777,0.0239618950758999,-0.00458769756870125,0.00786887949518395
"26",0.183282564740597,0.0294834916763747,-0.133622406635631,0.212582773214023,-0.0374849361493994,-0.0576008412481871,-0.0720005604995063,-0.156114435920435,0.016444863257367,-0.221215328868616,0.027040871983672,0.0954606414649318,-0.105394039885987,-0.0569871883608385,-0.106863285397237,-0.152856677988156,-0.108995519967512,-0.0597915163927671,-0.270416015296483,0.0778764597057203,0.0349597215029405,-0.0908831254932139,0.00027005744730095,-0.0275711340932341,-0.00794856048384248,1,-0.322223849092677,0.0145790097660299,0.00281145648528644,-0.0517797005543174,-0.0142436238065451,-0.0158312367440004,0.0743312373978969,-0.218174886500771,-0.083698238613577,-0.0282152697640593,0.120799290326557,-0.00067546577755896,-0.0544170103802879,-0.0180713373070317,-0.0340696158164266,0.0302530979034431,0.261505776766156,0.0797457484263595,-0.172062804965292,-0.173597913845763,0.0257144162312413,-0.0466331237593372,0.0364509933626578,0.125633371862184,0.00326279716317794,0.0664905215121629,-0.198343377948384,0.0422438332667693,0.0969031846343481,0.142087833488639,0.127828575625606,-0.0119875941018314
"27",-0.0808352634926769,-0.0812397816994901,0.178947554841755,-0.00670484132220045,0.0847531011140818,-0.140746129793596,0.179060917179809,0.0530538982118606,-0.00980055860766519,0.248884770539043,-0.0633794086364699,0.126964182082778,-0.0381339775999305,0.0941115351102377,0.00378678828447518,0.012418927361455,0.0560279474633725,-0.0686199807678424,-0.00817066047078497,-0.0925602486013543,-0.120116086960532,0.133530508515466,0.00744340681689546,0.052186338961363,-0.0470654972512543,-0.322223849092677,1,0.0469722008916334,-0.0650496854711174,-0.0931865227788744,0.0892461261673844,0.163098962484538,0.0234523068729848,0.124286656977682,0.0578812035114055,0.159843755154525,0.128045600008542,-0.150328414829654,0.0766704150028908,-0.0289133491476799,-0.0114956876921689,0.0309801426315919,0.00931454903219962,0.00599935413884687,0.165601309245046,0.219487963550154,0.0523518765669698,0.0532451202544188,-0.0328443515789443,0.0129873624204197,-0.0198352014767592,-0.0565733254999318,0.066880371140042,0.0587888745129453,0.0214028102212518,-0.0242112191137593,0.0497310539581002,-0.0491891824061474
"28",0.163442180006085,0.0415405179497623,0.205378600134115,-0.200655282694574,-0.0666844994054991,0.0948627016927817,0.0270272752285701,0.0281208979937934,0.0236503561826111,-0.108543090152571,-0.136872876454704,-0.0179521389204111,0.13008150127061,0.0480697023101139,-0.060999128807229,0.00762236529664204,-0.0926240486705456,0.0687099998751788,0.0711802838866751,-0.095092449252883,0.00322912859481739,0.0372908894055095,-0.0364864903001514,-0.0282941033147397,0.0303445796074642,0.0145790097660299,0.0469722008916334,1,0.00711333351038305,-0.050863545756203,-0.029302591772506,-0.19056815476166,-0.00175782301200001,-0.0362894490037289,0.0998922884681538,0.0254755209608792,-0.107134717127358,-0.118034078086023,-0.0645256319657314,0.0352453025017482,0.00729426516659325,0.172830382423147,0.0800806676797549,0.0104923308110423,-0.130935336620671,-0.0975471511748268,0.0525066519915838,0.202921267866165,-0.00167940961820888,0.198490513291546,-0.00480633983540955,0.0561092982928637,0.0493963921941169,-0.111964106996595,0.0145094378364293,0.158975698011975,-0.0165820318232222,-0.0162330416360912
"29",-0.00241712132396343,-0.00955653299373564,0.00154066138116661,0.114546819822065,0.0703082607669673,0.250312448630649,0.00870610210090413,0.0196737526705046,-0.12327533841657,-0.021710586249428,0.0143634885379844,0.0294988381237495,-0.0211420510400352,-0.0983637183425801,0.144445238576018,-0.0397623543571979,-0.0321488764661486,-0.0711671778288691,0.0599978926436837,-0.363309776002096,0.0833692851046998,-0.131973060799221,-0.0713297249931039,-0.201342500672811,-0.112215156263174,0.00281145648528644,-0.0650496854711174,0.00711333351038305,1,-0.0283755412028688,0.061856440971919,-0.246886084925504,0.0378049382446061,-0.0613783544222662,-0.0280455903373764,0.00738750044357854,0.0133090449467708,-0.046975740961246,0.0487975081155108,-0.00929659311950019,-0.130474228288046,-0.0836334905700802,-0.0416194888366379,-0.0209652688634147,0.00244959420362748,-0.0434268800513702,-0.0592903057066032,0.158215094118376,-0.125721285191055,-0.124661955844357,-0.00856958599138693,-0.202985835223169,-0.0365433861169563,0.0913826503853628,-0.110591903697914,-0.16346051884713,-0.099760318601265,0.03713915612545
"30",-0.279174134657596,0.0412800784066389,0.0388378497489583,-0.120681174126876,-0.0147342975718409,0.0761774219121866,-0.011269170110425,-0.0473946293297392,0.00629985088249497,0.0471753812733851,-0.188619149555096,-0.0274365039310942,-0.0801429864118214,0.0393563178519563,0.0340385593136489,-0.0968181134357004,-0.050406865476788,0.0790697252364349,0.0905525842626034,0.0158184717738411,-0.0560372495801113,-0.00071280293528754,-0.124032744134047,-0.183215397277654,0.0389330509072314,-0.0517797005543174,-0.0931865227788744,-0.050863545756203,-0.0283755412028688,1,-0.204660709632583,-0.0785860270095769,-0.0466435104578505,0.0760816059467987,-0.012355428955848,-0.105573826527769,-0.15164420330504,-0.141219779078402,-0.118083140984939,0.0440332916708704,-0.0311648146399425,0.0104117760910226,-0.00966295850041622,-0.0823523217848678,-0.0837641894300651,-0.114423451103884,-0.106660840770806,-0.115014131626019,-0.0797242920416575,-0.0569071292842238,-0.00280484094185383,0.0373310382930727,-0.134207090591553,0.0607549877081464,-0.190718895916841,0.0767729141092064,0.05436134023414,0.155313160631346
"31",0.119107038616938,0.0208592699379679,0.0886551310730655,0.0465827629885517,0.0889169297974431,-0.0399861726689031,-0.0132238431960693,0.0889719969890052,-0.0442761298858292,0.117138079547731,0.257642904280052,0.0681607279242,0.0174176323921573,0.171437339972673,-0.0249524934011043,0.0418865579555428,0.096103983837661,-0.106221935814493,0.224694992693542,0.00622305566019333,-0.0270431682709436,-0.0574507891676639,0.0460040787350156,0.115197880696502,0.0900050336811674,-0.0142436238065451,0.0892461261673844,-0.029302591772506,0.061856440971919,-0.204660709632583,1,0.143553476702103,0.302333574945609,-0.134409023330198,-0.0459675733517803,0.141583939219542,0.0697605347882377,0.0873176473728307,0.0358692486823251,0.0435311510595628,0.00706822808242233,-0.138552393916986,-0.0360475611324542,-0.00672743889822627,0.078551044170893,0.233422697345519,0.00070990372446386,-0.111606988605936,0.0853941333928754,0.15777672214238,-0.0579115865401307,-0.0117301559095111,0.0644907984443297,-0.199806363485076,0.0754447984964154,-0.0542308212760803,0.0834665921498184,-0.166368517617319
"32",0.0151249648435976,-0.0244325654656069,0.0868199621493252,0.0832516134491614,0.00819950592802823,-0.250188765313732,0.110258818275385,0.0571057427537441,0.137195047088994,-0.0286858313788648,0.243814511442299,0.0944462967656175,0.0213867635999004,0.170441866359442,-0.165040072694777,0.199598595778708,0.0462316365880958,-0.0280493932962776,-0.0134750461305966,0.287251593222135,-0.044664784830632,0.131031389622242,0.0380523020531061,0.23769889849082,-0.0263691802770079,-0.0158312367440004,0.163098962484538,-0.19056815476166,-0.246886084925504,-0.0785860270095769,0.143553476702103,1,0.14982151328626,0.162980778097579,-0.0618684092067896,0.0501968011240875,-0.050290688094295,-0.179474229445844,0.0909649163740851,-0.0735722986064693,0.0739992802399566,-0.154389111313556,-0.0891775886637908,-0.00910205421411368,0.0714599322236002,0.0124192801442744,-0.151572555068098,-0.0963962683237179,0.113803871515937,-0.0187284005083652,0.0332481574881282,0.0112817263223829,0.00584473191322721,0.0429186323944347,0.0869090051029855,0.119172705407468,0.0544977326399505,0.101886034977705
"33",0.213853523380661,0.0937463315711441,0.0357147845694591,-0.0229984058141877,-0.00611175053263639,-0.0118056828338847,0.00344926545086183,0.158298520258479,-0.103085219926412,-0.0699300613137333,0.238382217664326,0.102648785755334,-0.00504675983459918,-0.0113580143432633,0.111060451409508,0.220247395686544,0.15028794627058,-0.181547195211728,-0.198653336440028,0.0069872680508193,0.0941281052143281,-0.0507087996519492,-0.106031686552758,-0.0936739417103135,0.149171155338533,0.0743312373978969,0.0234523068729848,-0.00175782301200001,0.037804938244606,-0.0466435104578505,0.302333574945609,0.14982151328626,1,0.0850000145993678,0.0313337809922085,0.00894268990632455,-0.0262780700024291,-0.0620646286095343,0.255792088996402,0.185267876299586,0.0759463120042133,0.117649171652449,-0.215009089457263,-0.0305236966171655,0.0890782502174193,0.0859710893340259,-0.0611807252332719,0.00962136611024407,0.0321647895388884,0.00376934738529741,0.227502534065861,0.029343372165778,0.0998286636445488,-0.023824038570887,0.109121027746554,0.142126176775391,-0.15714026985973,0.054595885714323
"34",0.0656476885348686,-0.031878767975357,-0.0359036476721105,-0.10377947143496,-0.0495561620131944,0.0380592794889763,0.193293914736869,-0.016623786956948,-0.0538053417743552,0.0219817527977158,-0.111280618700386,0.159931582159322,0.037729746083815,0.132093315354463,-0.0133908366078393,0.137991942226077,0.0452488088478209,0.0625980892435394,0.079405926630248,0.266089635223036,-0.339433902832734,-0.0628865461996451,0.0148590803133996,0.060105725111261,0.172383043105649,-0.218174886500771,0.124286656977682,-0.0362894490037289,-0.0613783544222662,0.0760816059467987,-0.134409023330198,0.162980778097579,0.0850000145993678,1,0.0520776815364632,-0.095550511193524,-0.186504892850352,-0.172981384804474,0.141457997182212,0.231406407743699,0.136115289535376,0.081683400712051,-0.240023427194074,-0.151547931723144,0.0164851586573476,-0.196276462574699,0.0511918194873202,0.0739992493668448,0.0257551369127634,0.0227675750132767,0.155611362052637,0.0459385347288514,0.0861384792093518,0.0303999376656767,-0.0318822672288876,0.0228252686497771,-0.0905919680714873,0.0149524407487962
"35",-0.136757691812746,-0.0551959305015138,-0.0622041395569723,0.0675653235271492,-0.0209576295833554,0.0150424099560295,0.0871175456331467,0.271675254738292,-0.183726697087305,-0.0483855662984507,-0.0975412098186502,0.192692491568406,0.0333331553939734,0.0365566955959988,-0.124511604503959,-0.0101783080884148,0.0937236913621044,0.211817594568357,-0.0362598423111899,-0.0735600991251515,0.0247217655149149,0.0876385192895068,-0.171696533666323,-0.136220403802408,0.0791792806813165,-0.083698238613577,0.0578812035114055,0.0998922884681538,-0.0280455903373764,-0.012355428955848,-0.0459675733517803,-0.0618684092067896,0.0313337809922085,0.0520776815364632,1,0.0867992909219124,0.118777723435469,0.18590975946576,-0.0449853559538572,0.0253654797726053,0.222855619470769,0.206698707833049,-0.137349578086291,0.00271515072227736,0.0899455318804457,0.129558602848989,0.229949472352872,0.0752412580958992,0.0417725963234613,0.0530087824551142,-0.034142182917011,-0.00337678051975414,0.0357100252105659,-0.00322186464709887,-0.0306909302809951,-0.0193283860142839,0.0499873194133378,-0.0583666128698882
