"","l_Insular.Cortex","r_Insular.Cortex","l_Amygdal.Area","r_Amygdal.Area","l_Bed.Nucleus.of.the.Stria.Terminalis","r_Bed.Nucleus.of.the.Stria.Terminalis","l_Hippocampus","r_Hippocampus","l_Orbitofrontal.cortex","r_Orbitofrontal.cortex","l_Entorhinal.Cortex","r_Entorhinal.Cortex","l_Frontal.Association.Cortex","r_Frontal.Association.Cortex","l_Globus.Pallidus","r_Globus.Pallidus","l_Glomerular.Layer.of.the.Accessory.Olfactory.Bulb","r_Glomerular.Layer.of.the.Accessory.Olfactory.Bulb","l_Glomerular.Layer.of.the.Olfactory.Bulb","r_Glomerular.Layer.of.the.Olfactory.Bulb","l_Granule.Cell.Level.of.the.Cerebellum","r_Granule.Cell.Level.of.the.Cerebellum","l_Hypothalamic.Region","r_Hypothalamic.Region","l_Entorhinal.Cortex","r_Entorhinal.Cortex","l_Vermix.Molecular.Layer.of.the.Cerebellum","r_Vermix.Molecular.Layer.of.the.Cerebellum","l_Lateral.Molecular.Layer.of.the.Cerebellum","r_Lateral.Molecular.Layer.of.the.Cerebellum","l_Anterior.Olfactory.Bulb","r_Anterior.Olfactory.Bulb","l_Posterior.Olfactory.Bulb","r_Posterior.Olfactory.Bulb","l_Subiculum","r_Subiculum","l_Perirhinal.Area","r_Perirhinal.Area","l_PreLimbic.System","r_PreLimbic.System","l_Primary.Cingular.Cortex","r_Primary.Cingular.Cortex","l_Primary.Motor.Cortex","r_Primary.Motor.Cortex","l_Retrosplenial.Cortex","r_Retrosplenial.Cortex","l_Secondary.Cingular.Cortex","r_Secondary.Cingular.Cortex","l_Secondary.Motor.Cortex","r_Secondary.Motor.Cortex","l_Striatum","r_Striatum","l_Ventral.Tegmental.Area","r_Ventral.Tegmental.Area","l_Substantia.Nigra","r_Substantia.Nigra","l_Thalamus","r_Thalamus"
"1",1,0.0082874746905883,-0.0930899906100381,-0.0506533637577234,-0.0288059278647726,0.116944922083865,-0.14956410298877,-0.10094526529698,0.327076232234396,0.224443456494456,-0.0260242306274213,0.0635679839026929,-0.184850456479203,0.00869898047555482,-0.088668517211476,0.127100610715385,-0.182797846264449,-0.143294201636615,-0.158480286100013,-0.11188043425547,0.109590598954206,0.0879616871280639,-0.152703734465323,0.0584144640949333,-0.0085056922384305,-0.0681105841871384,0.132498853902652,-0.0194211729602948,-0.0498041908375006,-0.280712517041275,-0.320167031393912,-0.117339774979442,-0.169527290809126,0.0723808929748401,0.134341808632427,-0.0524962426353162,0.0721736906671601,-0.0454384646629348,-0.0620817794878067,-0.0865248898550752,-0.0553202162923622,-0.184728158564415,0.30722754486317,0.0107948437779362,-0.0486171728864634,-0.0399424022293251,-0.0389581531822326,0.0107283955924531,-0.0156528873006337,-0.128890748816431,0.21829278144213,0.0914712269528787,-0.0379362154761102,0.0925150951577082,0.0297305094646079,0.0219737662214924,0.221817079401766,0.134535916837541
"2",0.0082874746905883,1,-0.00539109027653559,0.156016786582112,0.0780658044372716,0.029284570857359,-0.0360784725267658,-0.0342817389598235,0.146737687536931,0.18735609550675,-0.0415579368609874,0.319810143056356,0.0661864833744519,0.175008804090751,0.190544244394439,0.0886614809811645,-0.211599283404886,0.104706730732919,0.016753181063626,-0.124118778783991,0.057730664404691,0.0600878335891389,0.132306289301325,0.0147356651955744,0.0814866627543218,0.262441622664794,-0.0441623124133473,0.135335559517964,0.154782512626199,0.0304309125575785,0.0384133615118541,0.0129651333299985,0.0956953489478666,0.00914137664944651,0.0632704726089522,-0.137339350861741,-0.0145234827987586,-0.1072889985707,0.319782680997367,0.10785669934761,0.0656398996301733,-0.165290961838799,-0.0515938010642463,-0.108210673277951,-0.0255551922969949,-0.0938307102113187,-0.0272172348378255,-0.162982393896725,0.0388057235173181,0.0831613776598831,0.00164736507930145,0.0625853234660121,-0.0615664417472619,-0.0530620632885201,-0.0677687061013102,0.164309340756568,-0.05541438822192,0.0246105526722287
"3",-0.0930899906100381,-0.00539109027653559,1,0.161909073636286,-0.0635172909312754,0.172393616266429,-0.0608097618231964,-0.13044231642798,-0.0416829056543434,-0.159922520169628,0.0660315059125967,0.0296549656479719,0.135721566589166,0.273011415619489,-0.0848758297220238,-0.0529997269509462,0.0466524007799803,0.0151633745239863,-0.0733378832540459,-0.0578351151145736,-0.0302703042232115,0.0537930068616122,-0.0112311942715512,-0.129249137607587,0.169725987047892,0.121141206435138,0.0169564639066993,-0.173169868095986,-0.0732708153349251,-0.0862890758311086,0.00646641326676015,-0.00214943524760391,0.0448749413684459,0.0783611169577954,-0.0433052719371842,0.110127826590327,-0.143735432001123,-0.131465418696064,-0.129421454800993,-0.0427105725406991,-0.0753752035099059,0.145086148705695,-0.0368744962032535,-0.0192071178999636,-0.23912632958143,-0.0415195497933335,0.044053853873755,-0.0925776874514797,0.0529010998990927,0.0598056650088221,-0.250183632117057,-0.229206721229214,-0.06889219801553,-0.141967619222758,0.129210205096005,0.0873974739212801,0.0173422936708178,-0.0930289354710466
"4",-0.0506533637577234,0.156016786582112,0.161909073636286,1,0.127048289695802,-0.056635262405393,0.0901158870790662,0.0138658526751029,0.0681480871307203,-0.00570744478869499,0.0778713384124842,0.191709382094667,0.0475978584128456,0.0139125611497131,-0.0353621826958951,-0.139165657167314,-0.0556626847289114,0.0204096689215871,-0.124873053238512,-0.306384314957756,-0.162030675227101,-0.0343058710298484,0.187357750991139,0.0309054924812035,-0.0478880938518383,0.147133545754248,0.0709130842141992,0.0263661083025114,-0.16541530258891,0.00775905620720756,-0.00545190814853011,-0.0545762441707578,0.0612567790053464,0.0336331999070628,0.235418424854478,0.12447371439438,-0.0529548324976696,0.0231922360975248,0.205111824444219,0.0513443089402115,0.100355883175615,0.184702093205351,0.130070647661493,-0.107700570783613,0.019656805772739,-0.0362730895407015,0.0819581589510819,0.0165569936447814,0.0158333588523169,0.101066902216964,-0.123821156164726,-0.168519351339517,0.11407862536476,0.0363596480020449,-0.0493015942771997,0.0365846130688687,-0.0416397305422476,-0.0861593545841733
"5",-0.0288059278647726,0.0780658044372716,-0.0635172909312754,0.127048289695802,1,-0.0835180847199978,0.111577652951286,0.144653894966574,0.0686577361412316,0.142051851347278,0.184181399407218,0.233544890139158,-0.134739603775054,-0.119015752199202,0.123505768410264,-0.0328434530195445,0.00773460161648362,-0.0106759651815078,-0.122621559467209,-0.0345602678348346,-0.119025420273856,0.00488669841633469,0.193965559522792,0.218663575018533,0.0476526078098478,0.0096380837046667,0.177940113739384,-0.0224122804490448,0.0109398995597604,0.0384442885586396,-0.173817622471773,0.0497397798435995,0.0567156928381515,-0.0208396860087079,0.0735872433165127,0.0548374619536674,-0.0824090046751682,0.0328577286206631,0.158011496479093,0.166962868064081,-0.0367972348097617,0.0196912652292438,0.0322248104262682,-0.0244268207321106,0.130713241979412,0.0698196085669469,0.0787203799026442,0.100076222783753,-0.0123351570242063,-0.0573540508861379,-0.0901028052943357,-0.130232824551477,0.0191929905604367,0.028512366785967,-0.0184812041926825,0.225512792233044,0.0231163780240331,-0.111715856966415
"6",0.116944922083865,0.029284570857359,0.172393616266429,-0.056635262405393,-0.0835180847199977,1,-0.141768469352231,-0.155773244929214,-0.102135537459542,-0.0260508541620901,-0.0107857013888192,0.137560784706353,0.0786138148945304,0.157611201645252,-0.0253047994048388,0.136702282338891,0.064216412866117,-0.142653485639515,0.0494609860326026,-0.0522252157641079,0.0463712806800097,-0.00758130623147139,-0.0734211761151593,-0.00303274620703405,0.100001618014242,0.232690309843149,0.119213818744849,0.0218942893156072,0.103810591868373,-0.096959374681478,-0.0603601650411825,-0.0766246347047437,-0.0223258965277871,0.0909032486608092,-0.0274507558513198,-0.0914943733322681,0.0499487058571719,0.0855256297704361,-0.172198358341534,-0.0624780925317017,-0.0205307118373904,0.137800365563395,-0.0569095506961841,-0.0978152789647248,-0.18384960063261,0.160326038243663,-0.0204876208592666,0.0840232005046887,-0.0279610535664627,0.184786473462654,-0.129455401714062,0.115667841070222,-0.227735711144916,-0.124400493706309,0.111645342973599,0.167171176234131,-0.0603084679843,0.216554216909136
"7",-0.14956410298877,-0.0360784725267658,-0.0608097618231964,0.0901158870790662,0.111577652951286,-0.141768469352231,1,0.43638799935297,0.250126753066511,0.0166663050116361,-0.116560874133075,0.235669303432132,-0.139969908266767,-0.13893828436498,0.158878392983063,-0.1034860491693,0.0599950611066925,-0.0934138946454272,0.00547068983499515,-0.206131316023,-0.0563563627165847,0.0435296730988674,0.00368651155116469,-0.104174599497597,0.00931824073719114,-0.0438602822874198,0.0231525141413375,0.046977468306744,-0.161660613810562,0.0837867042864754,0.0114653899080311,-0.00337923914737872,0.0497124382744691,-0.031963409066483,0.353820730900849,0.290532224116584,0.112557262221151,0.212676760667365,-0.0247522259584867,0.248638296395811,0.232739802973287,-0.0114986104869736,-0.00082411653180038,-0.124137016186775,0.106086545471263,-0.128410787632383,0.165913695850264,0.125854420955885,-0.0762315962680621,-0.0877932514066742,-0.0273391150107148,-0.00997304108802864,0.0733501132696278,-0.00493955109424424,0.169341925842532,-0.0850847942292711,-0.0829703114239856,0.0216613239009542
"8",-0.10094526529698,-0.0342817389598235,-0.13044231642798,0.0138658526751029,0.144653894966574,-0.155773244929214,0.43638799935297,1,0.0456538384768322,0.127836400915851,-0.104790020683524,0.0461454955824945,-0.0938812870021251,-0.0771327305069627,0.104692488418867,0.027694156091608,-0.0222210028882155,0.0335219277205091,-0.101722129937503,-0.0224752220332345,0.0148447152732877,-0.0211074670947082,0.0829010005949378,0.0304001928116184,0.0414895913152368,-0.0152565806129633,0.00662912344768018,-0.0997231730337597,-0.114847180479591,0.106572888914046,-0.135213957795817,0.118914432143285,-0.118954690064156,-0.215041215671366,0.102415229312719,0.314091283149016,-0.0225317185702392,0.173324145256667,0.016849696884656,0.043990546486588,0.130747311305601,-0.0598219733716327,0.0446676800199622,0.0178454265979753,0.0546864874083344,-0.133032155738141,0.124248595210431,0.194436806873885,-0.0330168150378811,0.00379589266117791,-0.0994531644967345,0.034093420798155,0.241289564228769,0.068741228715133,0.253528596453603,0.0957391070916802,0.0185865360003707,0.0780647567130062
"9",0.327076232234396,0.146737687536931,-0.0416829056543434,0.0681480871307203,0.0686577361412316,-0.102135537459542,0.250126753066511,0.0456538384768322,1,0.282695476742236,-0.0733312786261859,0.1607138772445,-0.0283449381341008,0.0370163076430911,0.0442697350240063,-0.077685869869006,-0.178410661272109,-0.107254975590057,-0.0304395904855256,-0.268343551463539,-0.0624634664193836,0.158030711528386,-0.0525192252251845,-0.0934677492012864,-0.242385122114543,-0.126556807960233,0.0179769268199404,0.128544085927553,-0.097965327518849,-0.0733602238425054,-0.12546070849144,-0.0986221442211959,-0.0850470367255465,0.122026219942803,0.145490337582582,0.0614939334075736,-0.0107672120777303,-0.0501697499631969,0.0134345678373375,0.0533282214402774,-0.185049855054091,-0.288506597475845,0.210150948207736,-0.0344758081682374,-0.0902391981491956,-0.0497432323948752,0.0876610689317332,0.0309849163777336,0.102284429346589,-0.0321682610167794,-0.0732174284343334,0.099011439328453,0.0773522977096033,-0.0629389841353733,0.00874641736280853,0.169345817081672,0.149745137973252,-0.0157092951663675
"10",0.224443456494456,0.18735609550675,-0.159922520169628,-0.00570744478869499,0.142051851347278,-0.0260508541620901,0.0166663050116361,0.127836400915851,0.282695476742236,1,-0.0301997365802246,0.082213816471193,-0.0392145061988783,0.0328348202667223,-0.225063279439649,-0.00680532367329495,-0.163042253763957,-0.19378501565134,-1.16634045776409e-05,0.0978926771011978,0.0789681491732165,0.150993768767049,-0.169070469477704,0.0837017704055129,-0.102906505767258,-0.114917879613521,0.00967411975484042,-0.0412055662171481,-0.00622651743339626,0.00348905367080355,-0.048440611897455,0.182301366699755,0.00943550030394839,-0.0313405721430983,0.123144722662939,0.0503350268972449,-0.111650971565202,-0.0684372395120008,0.0803773379887885,0.0590047545360327,-0.195642556093731,-0.166278057975057,0.0925277417800308,0.134673265364208,-0.0715709879826266,0.010506390900678,0.0342497942949768,0.125928996539786,-0.0950067625184861,0.0668070755565458,0.0353531943718536,0.0581543956829598,0.0711728808648974,0.108383247923281,-0.0828154945619722,-0.0232330274072345,0.0507187997938841,-0.0282447898610111
"11",-0.0260242306274213,-0.0415579368609874,0.0660315059125967,0.0778713384124842,0.184181399407218,-0.0107857013888192,-0.116560874133075,-0.104790020683524,-0.0733312786261859,-0.0301997365802246,1,0.0925772001332571,0.0216443623919364,0.0854842222988656,0.0756451268099728,-0.0153703163264382,0.0454291150656406,-0.102754618855931,-0.0818557084949777,0.122598442333292,0.0217314750432127,-0.105411084658374,-0.134958570995958,0.058292793992932,-0.0368446083838852,-0.0731057590225754,0.0835785337079787,0.0231278245210622,-0.12119350248194,0.0281904611177347,0.13513184698544,0.0850295451828798,-0.0743465574034199,0.0863794242880528,-0.0495252811116965,-0.147128178521303,0.0719879334717926,-0.10065106921824,0.222369249100708,-0.0293456508465518,0.0619032440004643,0.303331410736544,-0.0429187074361497,-0.0831324602764127,-0.00681315887877375,0.289817593899922,-0.0343820925762435,0.10469514351409,0.149031352260428,0.155232554045965,-0.0172654186720764,0.0139710210597258,-0.0639095709190993,-0.0380792271062171,-0.219838925161127,0.0659638950959855,0.0545139619285935,-0.0567291290109449
"12",0.0635679839026929,0.319810143056356,0.0296549656479719,0.191709382094667,0.233544890139158,0.137560784706353,0.235669303432132,0.0461454955824945,0.1607138772445,0.082213816471193,0.0925772001332571,1,0.0254276164162909,0.0658736699507482,0.179719818424378,-0.148652080157834,0.169140268119314,-0.125190140463864,0.0384071608414833,-0.00043658961869208,-0.0381001249771122,0.118698218392324,0.0733888607408699,0.00539759937224158,0.0238423437734579,0.146732406016981,-0.0361984435788325,0.168228343817613,0.00051701567662309,0.0502074958420645,-0.231924440800773,0.0286555514522924,-0.0251952974890002,0.0360051426017654,0.258704737384567,-0.0464299328835216,0.1099386848898,-0.0636949270338145,0.181298494443363,0.0798766287681394,0.00445205863587097,-0.110799576559596,-0.101407150671162,-0.150588525525199,-0.104136246174696,0.0200495305620103,-0.0333116389552931,-0.0886419929033158,0.0666930238835296,-0.161086988375166,0.0242857198838813,0.0981049577891387,-0.177761292134795,-0.0714610127970589,-0.0407950090097036,0.1609560259494,-0.0588588025105425,0.0512976313834591
"13",-0.184850456479203,0.0661864833744519,0.135721566589166,0.0475978584128456,-0.134739603775054,0.0786138148945304,-0.139969908266767,-0.0938812870021251,-0.0283449381341008,-0.0392145061988783,0.0216443623919364,0.0254276164162909,1,0.116633092376057,-0.115227600846422,-0.12859486885107,0.100797645570989,0.0303750796350233,0.159129465216907,-0.0136761060593105,0.174489568322787,0.0995171537544206,0.00848132470945162,-0.157163263658647,-0.043964872703583,-0.0196113144651218,-0.0566919092276165,-0.0323123506484042,0.0929943722986817,-0.0727121382901848,0.140719692925706,0.161301738594719,0.0281862262194655,0.102628227217092,-0.0332724315414731,0.0586807676017399,0.139575970813853,0.0220450131408002,-0.0226011677417218,-0.0439530259644961,-0.10210228663143,-0.0587194984867826,0.0114779497851158,-0.0140450956366277,-0.177986627382112,0.113399373907854,0.121683286057081,0.0728387954211285,0.458609735105207,0.094511012883232,-0.0295193109545028,0.118574261599372,0.0211617068441309,-0.014324825315017,0.0338558189678483,-0.0503211444595379,-0.0381525546497578,-0.0858497712197671
"14",0.00869898047555482,0.175008804090751,0.273011415619489,0.0139125611497131,-0.119015752199202,0.157611201645252,-0.13893828436498,-0.0771327305069627,0.0370163076430911,0.0328348202667223,0.0854842222988656,0.0658736699507482,0.116633092376057,1,-0.047492396646725,0.0111881010836201,0.0601610880842174,0.248059749603009,-0.108632696729309,-0.0281957765358745,-0.0632877265526436,0.0756493634479682,-0.0379779530029469,-0.0384623242643166,0.00978952960039798,0.258045997493984,0.0558027122675888,0.0131911435955113,-0.0357840923529607,-0.14307453323474,-0.0803150286995397,0.0711480493146678,-0.0727512595910735,-0.0376936854761436,0.0263325672952293,-0.0935309487688358,0.0977116577880145,-0.144496600393097,-0.0726853850876172,-0.0331752994897818,-0.0505764176403268,-0.0489762404693952,0.128568668782854,0.173270395193463,-0.0776949323870482,0.108632173093881,-0.0849426796083746,-0.104062807521265,0.198940193497795,0.51846714103039,0.0179489846720991,0.0535456435102388,-0.0961652712751531,-0.157422002098204,0.0240239391092416,0.163950673050914,0.0403548594103014,0.114786398122377
"15",-0.088668517211476,0.190544244394439,-0.0848758297220237,-0.0353621826958951,0.123505768410264,-0.0253047994048388,0.158878392983063,0.104692488418867,0.0442697350240063,-0.225063279439649,0.0756451268099728,0.179719818424378,-0.115227600846422,-0.047492396646725,1,0.159517928797647,-0.00528479825290324,-0.101149745004594,0.0107679868645617,-0.160528090533679,0.00280349641301529,-0.0697737830959315,0.150497628461143,0.00860134938730395,0.0259858157878978,0.133895214885977,-0.186853045155568,0.139886942311564,-0.124471148199301,0.0819147554125673,-0.0566132881589622,-0.221605649993963,-0.0889280034260346,0.0620504648668796,0.0144943128032482,-0.0196627414552922,0.113791902792146,0.0544935811070757,0.0430777216501407,-0.0159191231594637,0.209024408396035,-0.0463915767449261,-0.128943341831139,-0.21812818739993,0.0817604304719687,0.117494768094405,-0.0830844707099168,-0.171370539867693,0.0443287028718265,-0.136446523179591,-0.204130077596355,-0.0614967511676285,-0.0610791998934339,-0.0370597046218462,0.0346275961813991,0.0630383811908122,0.0876267299478192,-0.0352408998936064
"16",0.127100610715385,0.0886614809811645,-0.0529997269509462,-0.139165657167314,-0.0328434530195445,0.136702282338891,-0.1034860491693,0.027694156091608,-0.077685869869006,-0.00680532367329495,-0.0153703163264382,-0.148652080157834,-0.12859486885107,0.0111881010836201,0.159517928797647,1,-0.0435276385351551,0.182409134787721,0.159961307397634,-0.0564131129897406,0.140606361411091,0.0971900017770557,-0.00080813060938454,-0.119368740226196,0.0594937440058681,0.0985207866482404,0.151358373672112,-0.041921057501397,0.0194727546422861,-0.00494517102361025,0.0820267841735471,-0.0469721644066266,-0.00545438980240075,-0.0502558315844236,-0.0678459151992008,0.110824225612007,-0.114877745545728,0.033457753010855,-0.0694699156312058,-0.0696719917278741,-0.00653489478250792,-0.103008082956535,0.0378567686486697,0.102186819298863,-0.0575606033238985,0.049224653844908,-0.0722954964396296,-0.133715517562584,-0.0681857148656927,-0.0515386023506925,0.0959144722208431,0.240550554569138,0.0705497827836743,0.078016665394735,0.197931173577135,-0.0723062130533724,0.0393548959948966,0.108340711913577
"17",-0.182797846264449,-0.211599283404886,0.0466524007799803,-0.0556626847289114,0.00773460161648362,0.064216412866117,0.0599950611066925,-0.0222210028882155,-0.178410661272109,-0.163042253763957,0.0454291150656406,0.169140268119314,0.100797645570989,0.0601610880842174,-0.00528479825290324,-0.0435276385351551,1,0.200567330197147,0.118957026651132,0.0743782513708633,0.0155849247458534,0.210784015083321,0.0975967646597605,0.0404988422732071,0.00201782668458184,0.0748671397638254,0.0485287618893309,0.0204539191606085,0.0985035116688894,0.139938210543817,0.0457230176889972,-0.0106146994873411,-0.108579086376866,-0.00618473910518696,0.0110373179349833,-0.126555581689998,0.0671537780696047,0.0228285250130773,0.0373368499472301,0.248254117543558,0.0943071813329148,0.023868517456818,-0.0794862216158736,0.130815898897645,0.0418116395939824,0.175732654915691,0.154422193039016,0.0862778305208115,0.157789474182366,0.0813296865704942,-0.0535913576068024,0.065712083515824,-0.145819557094572,-0.034048036863508,0.144213821196121,0.0495592874146095,-0.0736716912845163,0.103289979795727
"18",-0.143294201636615,0.104706730732919,0.0151633745239863,0.0204096689215871,-0.0106759651815078,-0.142653485639515,-0.0934138946454272,0.0335219277205091,-0.107254975590057,-0.19378501565134,-0.102754618855931,-0.125190140463864,0.0303750796350233,0.248059749603009,-0.101149745004594,0.182409134787721,0.200567330197147,1,0.0954456621959496,0.0463948511770884,0.115941659518477,0.16835391459101,0.0705978201811517,0.190913284480479,0.0584011374566324,0.134312295099241,0.017044468305793,0.00766262995991998,0.0732975085642605,-0.00128126989239818,0.00524721518715542,0.191515049690534,-0.144933402025532,0.0103107200502736,-0.0381845399026045,-0.0942968764384541,-0.0820458125690264,-0.0331707626768245,0.192487531806623,0.051718284339519,0.0312569591231235,-0.0901630725383039,-0.0184974080893746,0.130080226536949,0.132477943764557,-0.108161277793587,0.243954944417412,-0.0619883640302375,0.0067700431509188,0.208789799098197,-0.0507639664908958,0.0465490534284934,0.0371022520502729,0.0934067230432919,-0.043908299052515,0.0674111903919765,-0.143943081480096,0.202059508175687
"19",-0.158480286100013,0.016753181063626,-0.0733378832540459,-0.124873053238512,-0.122621559467209,0.0494609860326026,0.00547068983499515,-0.101722129937503,-0.0304395904855256,-1.16634045776409e-05,-0.0818557084949777,0.0384071608414833,0.159129465216907,-0.108632696729309,0.0107679868645617,0.159961307397634,0.118957026651132,0.0954456621959496,1,0.0573525430539157,0.0875746135844967,0.107395084705163,0.103456750768623,-0.045431937704037,-0.0662486738513669,-0.138466419668376,-0.0397099444318659,-0.11313996464527,0.134334532126059,0.180632101124654,0.269486726605618,0.174889226478346,-0.0671339744776929,0.0435125890861409,-0.0374121143432539,-0.0403573482998353,0.156268710698165,0.128767696975684,-0.0309505378969013,-0.00452400213576304,0.115036650292181,-0.00123598892563999,-0.0946187494298244,0.0126001904964556,0.0513493322673963,-0.0138752020573409,0.111796609563819,-0.0475106610702633,0.156620289196938,-0.10499348273307,-0.0121608221163676,0.246240069607706,0.155672676391181,0.108184420054167,-0.0733158168628106,-0.136173675022696,-0.1482821591238,0.058547852648334
"20",-0.11188043425547,-0.124118778783991,-0.0578351151145736,-0.306384314957756,-0.0345602678348346,-0.0522252157641079,-0.206131316023,-0.0224752220332345,-0.268343551463539,0.0978926771011978,0.122598442333292,-0.00043658961869208,-0.0136761060593105,-0.0281957765358745,-0.160528090533679,-0.0564131129897406,0.0743782513708633,0.0463948511770884,0.0573525430539157,1,-0.0154415592064724,-0.0268766031885952,-0.215786612721995,-0.00252691853008754,0.0612791069304113,0.00707053955107944,-0.110828367914585,0.0798765572709409,0.226118811296457,0.0805216615956708,0.0303876888895748,0.442684077738224,0.103903966901315,0.0757949614102149,-0.264704510495573,-0.0987088600956293,0.0204404569942988,-0.178105756615711,0.00641876715092773,-0.040013678313444,-0.0111298991284827,0.00936368447670198,-0.0644228433229885,0.0256818814689688,-0.025234464750766,0.0428569546779174,-0.210192299880041,0.0165858893574454,-0.0468640219163439,-0.0353887335241156,0.116889470527751,-0.147701740671727,-0.0478090380618795,-0.0457086802414227,-0.208326346627793,-0.0201763475012888,-0.100231865169019,-0.189351870206658
"21",0.109590598954206,0.057730664404691,-0.0302703042232115,-0.162030675227101,-0.119025420273856,0.0463712806800097,-0.0563563627165847,0.0148447152732877,-0.0624634664193836,0.0789681491732165,0.0217314750432127,-0.0381001249771122,0.174489568322787,-0.0632877265526436,0.00280349641301529,0.140606361411091,0.0155849247458534,0.115941659518477,0.0875746135844967,-0.0154415592064724,1,0.105838632102541,-0.0695888732745477,0.137467102906582,0.0631382991684046,0.115117870137578,0.013875655823152,-0.139895356697124,0.0440645635737451,-0.129623324840805,0.0713105446806341,0.0380300384637958,-0.213538546647626,0.0237920591877734,0.0540786839816815,0.0582522355895939,0.0368715661206812,0.0858346292290578,0.143371577515835,-0.074691905059373,-0.0243580576267602,-0.113762287720426,-0.0982386764434836,0.0018475387383206,-0.026280053328698,0.0556092286803909,0.23846142657536,0.127293173284302,0.0917383673508795,0.00115951975266624,0.0152180449889815,0.0219351413667921,0.159829213382518,0.0392420524410346,-0.00551685601827278,0.0550497178690287,0.0780357424136248,-0.0506490370529383
"22",0.0879616871280639,0.0600878335891389,0.0537930068616122,-0.0343058710298484,0.00488669841633469,-0.00758130623147139,0.0435296730988674,-0.0211074670947082,0.158030711528386,0.150993768767049,-0.105411084658374,0.118698218392324,0.0995171537544206,0.0756493634479682,-0.0697737830959315,0.0971900017770557,0.210784015083321,0.16835391459101,0.107395084705163,-0.0268766031885952,0.105838632102541,1,-0.0838943213424739,-0.0569948204724631,0.0785439621110581,-0.103225951594619,-0.0685241846771071,0.0310814127115559,0.208805839374048,0.0508021403727107,-0.0826809066759231,0.166772466313534,-0.140048243745559,-0.0818105884456806,-0.0670802135876491,0.0572085024036792,0.0328393738926518,0.00022483053802491,0.084775026735539,0.138226787785607,-0.147580405693473,-0.168407006694125,-0.0618945160391689,0.105386709502495,-0.093696556668935,0.050036687930184,-0.0130180737499055,0.0124731054648273,-0.0711661722267499,-0.0111675376790217,-0.0630359230185425,0.109474629381329,-0.00875327400570969,-0.0889288227322215,0.082932204907665,-0.0970273958967176,0.0600734675432597,0.0547566900988126
"23",-0.152703734465323,0.132306289301325,-0.0112311942715512,0.187357750991139,0.193965559522792,-0.0734211761151593,0.00368651155116469,0.0829010005949378,-0.0525192252251845,-0.169070469477704,-0.134958570995958,0.0733888607408699,0.00848132470945162,-0.0379779530029469,0.150497628461143,-0.00080813060938454,0.0975967646597605,0.0705978201811517,0.103456750768623,-0.215786612721995,-0.0695888732745477,-0.0838943213424739,1,0.193539040774865,-0.0500795115574874,0.0848747280622665,0.0788484181738075,-0.0364644578673424,0.143126650026221,0.00489239486887065,-0.127075042506281,-0.1515434910743,0.0187402276122876,0.0212047277956063,0.0727230885883461,-0.0628831830024803,0.151825895029294,0.027682374407247,0.0917019440416028,0.0425098089393789,0.132869193677893,-0.105275200802891,0.00427335591137048,-0.113753806081655,0.218179460894382,0.0556806283884068,0.29510531750811,-0.0556216499235946,0.022477331783528,-0.18744161810916,-0.0701706014283015,-0.0491053786318012,0.0952964871459148,-0.0906165989623364,-0.0253441665126392,0.0983035164634126,-0.147342766405097,0.00630091358616821
"24",0.0584144640949333,0.0147356651955744,-0.129249137607587,0.0309054924812035,0.218663575018533,-0.00303274620703405,-0.104174599497597,0.0304001928116184,-0.0934677492012864,0.0837017704055129,0.0582927939929321,0.00539759937224158,-0.157163263658647,-0.0384623242643166,0.00860134938730395,-0.119368740226196,0.0404988422732071,0.190913284480479,-0.045431937704037,-0.00252691853008754,0.137467102906582,-0.0569948204724631,0.193539040774865,1,-0.0871197919924683,0.121468249370453,-0.00823421312645884,0.0362502667933257,-0.036745146390718,0.214034499436121,-0.0855580160626819,-0.0274818333365127,-0.145654798280789,0.0178900404980919,0.184778303674533,-0.147653031473069,-0.0208471196544865,-0.159075424585753,0.170052824829382,-0.101531687827489,-0.0160325670434647,-0.0699875317618738,0.2107464403966,0.0167983721676503,0.148696307481898,0.10364446593004,0.0496674271735823,-0.0335175631106116,0.022610376745363,0.0263927416725279,-0.161638457121882,0.0468643327360376,0.0651782646942803,-0.0114184079297844,-0.263224265630301,0.0228327396451599,0.124910498903499,0.112040908450277
"25",-0.0085056922384305,0.0814866627543218,0.169725987047892,-0.0478880938518383,0.0476526078098478,0.100001618014242,0.00931824073719114,0.0414895913152368,-0.242385122114543,-0.102906505767258,-0.0368446083838852,0.0238423437734579,-0.043964872703583,0.00978952960039798,0.0259858157878978,0.0594937440058681,0.00201782668458184,0.0584011374566324,-0.0662486738513669,0.0612791069304113,0.0631382991684046,0.0785439621110581,-0.0500795115574874,-0.0871197919924683,1,0.253620465300516,-0.0393484979429582,-0.0394806222544707,0.0269294387450639,0.138278964503548,-0.0781723833638448,-0.0455288798371007,0.0673187076137255,0.141113310209566,0.0489920184891733,0.112383506474467,-0.0122997428979879,-0.145126175154167,0.106048606752244,-0.0301524436197954,0.118605596030462,0.110429477212778,-0.17635744963341,-0.132756131867966,-0.0162041458138779,0.0161765954139676,-0.0897309352702646,-0.0527360508684824,0.0655305274857493,-0.162618198503707,-0.00352421805899401,-0.128049573464419,-0.0534397457094673,-0.114754023530255,0.333062232630811,-0.0643148350167707,0.0840317652040051,-0.0197045456795572
"26",-0.0681105841871384,0.262441622664794,0.121141206435138,0.147133545754248,0.0096380837046667,0.232690309843149,-0.0438602822874198,-0.0152565806129633,-0.126556807960233,-0.114917879613521,-0.0731057590225754,0.146732406016981,-0.0196113144651218,0.258045997493984,0.133895214885977,0.0985207866482404,0.0748671397638254,0.134312295099241,-0.138466419668376,0.00707053955107944,0.115117870137578,-0.103225951594619,0.0848747280622665,0.121468249370453,0.253620465300516,1,0.0475409715598661,0.115427163197726,-0.00935730818709492,0.0766740120759795,-0.132382840116752,-0.0119586621201017,0.185114443041176,0.0873675131858846,0.15002818015534,0.0148016564509243,-0.0913184453941695,-0.0343836692264745,0.00915658841151634,-0.119446326227408,-0.0631453904115571,-0.0248324587214758,0.040622811402122,-0.146720701942652,-0.0440000709849525,0.0252732860880386,-0.0688521350301143,-0.108088629803046,0.0771120557850894,0.0571692297450883,-0.0632569621360923,-0.135725432268992,-0.125604453909407,-0.14816172022161,0.119365909967197,0.263976468981323,-0.0550526623199761,-0.0107640500653903
"27",0.132498853902652,-0.0441623124133473,0.0169564639066993,0.0709130842141992,0.177940113739384,0.119213818744849,0.0231525141413375,0.00662912344768018,0.0179769268199404,0.00967411975484043,0.0835785337079787,-0.0361984435788325,-0.0566919092276165,0.0558027122675888,-0.186853045155568,0.151358373672112,0.0485287618893309,0.017044468305793,-0.0397099444318659,-0.110828367914585,0.013875655823152,-0.0685241846771071,0.0788484181738075,-0.00823421312645884,-0.0393484979429582,0.0475409715598661,1,-0.00849065681155935,0.0243095604218313,-0.138135364799779,-0.145318987862171,-0.011608756737927,0.238551204337558,-0.0285179482519957,0.030202145336644,-0.0492633352145355,0.105426315299395,0.084764479654752,-0.130531031480808,0.0961878304019367,0.00427195040650105,0.188176143949685,0.118596349153695,-0.0508386010029801,-0.186779816913455,-0.0834366402293731,0.142228047955771,0.266236204104088,-0.00203754468683619,0.0304087485973149,0.241293733771464,0.148388988829133,0.0402631017030781,0.035347067585899,-0.0538946197146984,0.0824983764158539,-0.0215187660064317,0.156788723459992
"28",-0.0194211729602948,0.135335559517964,-0.173169868095986,0.0263661083025114,-0.0224122804490448,0.0218942893156072,0.046977468306744,-0.0997231730337596,0.128544085927553,-0.0412055662171481,0.0231278245210622,0.168228343817613,-0.0323123506484042,0.0131911435955113,0.139886942311564,-0.041921057501397,0.0204539191606085,0.00766262995991997,-0.11313996464527,0.0798765572709409,-0.139895356697124,0.0310814127115559,-0.0364644578673424,0.0362502667933257,-0.0394806222544707,0.115427163197726,-0.00849065681155935,1,0.00917797206199827,-0.0764853645672046,-0.0588405611193988,-0.0512032466012371,-0.0310649859459154,0.075639676939178,0.0254714150032613,0.0259962031964686,0.0826881004584795,-0.00395733910922314,-0.104341334632551,-0.0220654726223712,-0.0289317882215773,-0.12125375007677,-0.222077011962255,0.0156224233956784,-0.174956667540886,0.034589714533217,-0.298904378381481,-0.0953874431275662,-0.13218357406553,-0.00971405320721254,0.120352831532106,-0.132796636473728,-0.127859186307713,-0.0258152054233127,-0.128834929948754,0.0589130869642801,-0.0216539152147405,-0.0178862352703485
"29",-0.0498041908375006,0.154782512626199,-0.0732708153349251,-0.16541530258891,0.0109398995597604,0.103810591868373,-0.161660613810562,-0.114847180479591,-0.097965327518849,-0.00622651743339626,-0.12119350248194,0.00051701567662309,0.0929943722986817,-0.0357840923529607,-0.124471148199301,0.0194727546422861,0.0985035116688894,0.0732975085642605,0.134334532126059,0.226118811296457,0.0440645635737451,0.208805839374048,0.143126650026221,-0.036745146390718,0.0269294387450639,-0.00935730818709492,0.0243095604218313,0.00917797206199827,1,0.0946618965821551,-0.0581437523496759,0.132396879550102,0.111613113693725,0.0484292962101424,-0.209827765815126,-0.156171138926658,0.125230286177613,-0.0628035448193435,0.121871478781628,0.0320962465420864,-0.124876813895273,0.0317361610856824,-0.180863599418876,0.0481390648393711,-0.0620018186466429,-0.00585589152994336,-0.0190695135383,0.0993499188641101,-0.150075800104226,0.0735652188993085,-0.0394260935291995,0.110789745450817,0.0827741343579201,-0.0764281979486975,-0.0478113287870078,-0.13459807977039,-0.129323384170328,-0.0678292654087043
"30",-0.280712517041275,0.0304309125575785,-0.0862890758311086,0.00775905620720757,0.0384442885586396,-0.096959374681478,0.0837867042864754,0.106572888914046,-0.0733602238425054,0.00348905367080355,0.0281904611177347,0.0502074958420645,-0.0727121382901848,-0.14307453323474,0.0819147554125673,-0.00494517102361025,0.139938210543817,-0.00128126989239818,0.180632101124654,0.0805216615956708,-0.129623324840805,0.0508021403727107,0.00489239486887065,0.214034499436121,0.138278964503548,0.0766740120759795,-0.138135364799779,-0.0764853645672046,0.0946618965821551,1,0.0311585075017749,0.043796629176789,-0.00965664194310202,-0.0152427893540233,0.00054834562401205,0.0962653193791331,-0.0104983383282516,-0.0424056044684661,0.0308199337406499,-0.0102532262947643,0.107829806572808,0.0336554115657694,-0.0825605037603873,-0.144192246941796,0.023737933841851,-0.121172779896816,-0.0809199666598663,-0.0714715261450234,0.146491465938903,-0.0176296104488474,-0.196303318285388,0.131619966432336,0.0755873029842044,-0.0299230591324466,-0.00719152777092164,-0.114307927942288,0.0604016863598532,-0.0391818674773346
"31",-0.320167031393912,0.0384133615118541,0.00646641326676015,-0.00545190814853011,-0.173817622471773,-0.0603601650411825,0.0114653899080311,-0.135213957795817,-0.12546070849144,-0.048440611897455,0.13513184698544,-0.231924440800773,0.140719692925706,-0.0803150286995397,-0.0566132881589622,0.0820267841735471,0.0457230176889972,0.00524721518715542,0.269486726605618,0.0303876888895748,0.0713105446806341,-0.0826809066759231,-0.127075042506281,-0.0855580160626819,-0.0781723833638448,-0.132382840116752,-0.145318987862171,-0.0588405611193988,-0.0581437523496759,0.0311585075017749,1,0.0972057894460416,-0.0172061497096402,-0.0729179002942201,-0.16450164085568,-0.0831364080972013,-0.145001154232529,0.111262263404236,-0.0954269755608498,-0.00606697282460198,0.0918884794033154,0.132957708732904,0.0110988675167442,0.0966344193566592,0.0456779330255539,0.0932531077861204,-0.0719155157420146,-0.00367461933784203,-0.0075573847604858,0.0596203390534862,0.0431259330022432,0.0333714048883366,0.138192271610531,0.0151976411409094,-0.0191140592189158,-0.134845206827301,0.045521812144584,-0.0715349685485339
"32",-0.117339774979442,0.0129651333299985,-0.00214943524760391,-0.0545762441707578,0.0497397798435995,-0.0766246347047437,-0.00337923914737871,0.118914432143285,-0.0986221442211959,0.182301366699755,0.0850295451828798,0.0286555514522924,0.161301738594719,0.0711480493146678,-0.221605649993963,-0.0469721644066266,-0.0106146994873411,0.191515049690534,0.174889226478346,0.442684077738224,0.0380300384637958,0.166772466313534,-0.1515434910743,-0.0274818333365127,-0.0455288798371007,-0.0119586621201017,-0.011608756737927,-0.0512032466012371,0.132396879550102,0.043796629176789,0.0972057894460416,1,-0.0414292498525414,0.129081425975055,-0.151665172039884,-0.0545823756309661,-0.0050237890435966,-0.0422875148356783,0.0794775717500427,0.116981659685748,0.0658972819234186,0.0529211013820193,-0.00968735446190897,0.0677998485422977,-0.0490195097725278,-0.166475692243746,0.00760411543608218,0.214448639704958,0.025751950456393,-0.0520553864385713,0.161075687207643,-0.0707065328313121,0.0583274669568006,0.0150852856902755,-0.141014318549381,0.00074546565452188,-0.15419128395966,-0.0513032409077946
"33",-0.169527290809126,0.0956953489478666,0.0448749413684459,0.0612567790053464,0.0567156928381515,-0.0223258965277871,0.0497124382744691,-0.118954690064156,-0.0850470367255465,0.00943550030394839,-0.0743465574034199,-0.0251952974890002,0.0281862262194655,-0.0727512595910735,-0.0889280034260346,-0.00545438980240074,-0.108579086376866,-0.144933402025532,-0.0671339744776929,0.103903966901315,-0.213538546647626,-0.140048243745559,0.0187402276122876,-0.145654798280789,0.0673187076137255,0.185114443041176,0.238551204337558,-0.0310649859459154,0.111613113693725,-0.00965664194310202,-0.0172061497096402,-0.0414292498525414,1,0.140531361084737,-0.0475131721410692,-0.0778764179081534,-0.0891296449314432,-0.0863192611187786,-0.0570721992311653,0.0518497780948236,0.0368401138464582,0.122049309821277,-0.0477362698246667,-0.185389731501219,-0.0405252088528844,0.0101019087064118,-0.024026654264501,0.0317518327123036,0.0357810726761228,-0.0524764264235294,0.192460446313109,0.120273316135743,-0.0460774539542749,0.0299013494331336,0.0695790892754901,0.0184863957240777,-0.0667682343823585,-0.0808616529874596
"34",0.0723808929748401,0.00914137664944651,0.0783611169577954,0.0336331999070628,-0.0208396860087079,0.0909032486608092,-0.031963409066483,-0.215041215671366,0.122026219942803,-0.0313405721430983,0.0863794242880528,0.0360051426017654,0.102628227217092,-0.0376936854761436,0.0620504648668796,-0.0502558315844236,-0.00618473910518696,0.0103107200502736,0.0435125890861409,0.0757949614102149,0.0237920591877734,-0.0818105884456806,0.0212047277956063,0.0178900404980919,0.141113310209566,0.0873675131858846,-0.0285179482519957,0.075639676939178,0.0484292962101424,-0.0152427893540233,-0.0729179002942201,0.129081425975055,0.140531361084737,1,0.101430912383273,-0.0189414094779637,0.204387566307266,0.0356966399847425,0.122265112566521,0.155206667499153,-0.0860545181302789,0.0767140905447311,-0.0592096209863757,-0.297044612439001,4.2043131052652e-05,0.0663736340414451,0.0433125290357314,0.0984294718644006,0.114443987062866,-0.117293950332448,0.0352380074716375,0.0228243255688654,-0.0902578623391799,-0.0495207596038958,-0.00439626885362988,0.110147681574253,0.0564516785238513,0.0904769700756022
"35",0.134341808632427,0.0632704726089522,-0.0433052719371842,0.235418424854478,0.0735872433165127,-0.0274507558513198,0.353820730900849,0.102415229312719,0.145490337582582,0.123144722662939,-0.0495252811116965,0.258704737384567,-0.0332724315414731,0.0263325672952293,0.0144943128032482,-0.0678459151992008,0.0110373179349833,-0.0381845399026045,-0.0374121143432539,-0.264704510495573,0.0540786839816815,-0.0670802135876491,0.0727230885883461,0.184778303674533,0.0489920184891734,0.15002818015534,0.030202145336644,0.0254714150032613,-0.209827765815126,0.00054834562401205,-0.16450164085568,-0.151665172039884,-0.0475131721410692,0.101430912383273,1,0.0398067326831567,0.0366043368239257,0.123159021644991,0.0171493062861539,0.0899242394189064,0.0299382279788191,-0.100893527582819,0.125980801246497,-0.0141824787888278,-0.00872593146591394,0.00902055505690235,0.170600712958223,0.0259340909973893,0.100632484654114,-0.0852426441289965,0.0356098684502432,0.0734952792555022,0.0230258368379324,-0.132483152484872,0.0530916611059603,0.0526784543204318,-0.138301940561966,0.0826819916103944
