"","l_Insular.Cortex","r_Insular.Cortex","l_Amygdal.Area","r_Amygdal.Area","l_Bed.Nucleus.of.the.Stria.Terminalis","r_Bed.Nucleus.of.the.Stria.Terminalis","l_Hippocampus","r_Hippocampus","l_Orbitofrontal.cortex","r_Orbitofrontal.cortex","l_Entorhinal.Cortex","r_Entorhinal.Cortex","l_Frontal.Association.Cortex","r_Frontal.Association.Cortex","l_Globus.Pallidus","r_Globus.Pallidus","l_Glomerular.Layer.of.the.Accessory.Olfactory.Bulb","r_Glomerular.Layer.of.the.Accessory.Olfactory.Bulb","l_Glomerular.Layer.of.the.Olfactory.Bulb","r_Glomerular.Layer.of.the.Olfactory.Bulb","l_Granule.Cell.Level.of.the.Cerebellum","r_Granule.Cell.Level.of.the.Cerebellum","l_Hypothalamic.Region","r_Hypothalamic.Region","l_Entorhinal.Cortex","r_Entorhinal.Cortex","l_Vermix.Molecular.Layer.of.the.Cerebellum","r_Vermix.Molecular.Layer.of.the.Cerebellum","l_Lateral.Molecular.Layer.of.the.Cerebellum","r_Lateral.Molecular.Layer.of.the.Cerebellum","l_Anterior.Olfactory.Bulb","r_Anterior.Olfactory.Bulb","l_Posterior.Olfactory.Bulb","r_Posterior.Olfactory.Bulb","l_Subiculum","r_Subiculum","l_Perirhinal.Area","r_Perirhinal.Area","l_PreLimbic.System","r_PreLimbic.System","l_Primary.Cingular.Cortex","r_Primary.Cingular.Cortex","l_Primary.Motor.Cortex","r_Primary.Motor.Cortex","l_Retrosplenial.Cortex","r_Retrosplenial.Cortex","l_Secondary.Cingular.Cortex","r_Secondary.Cingular.Cortex","l_Secondary.Motor.Cortex","r_Secondary.Motor.Cortex","l_Striatum","r_Striatum","l_Ventral.Tegmental.Area","r_Ventral.Tegmental.Area","l_Substantia.Nigra","r_Substantia.Nigra","l_Thalamus","r_Thalamus"
"1",1,0.29660630217466,0.205230353907914,0.0360244161528318,-0.02309135487014,0.113837132926633,0.0512308950980448,-0.01022917491447,0.330949222519244,0.0927588831456767,0.414287833570878,0.246928324480353,-0.0481360053686518,-0.0157554117350428,-0.106832905483768,0.102999832677104,0.190716352181223,0.291756668906858,0.0600643081549919,0.103009563983931,-0.0539476800316917,-0.142695432355706,0.0765770227400434,-0.0499111037876403,0.200558356021531,0.014477801206927,-0.0690628556823049,-0.179247680237176,0.147984466383657,0.0504956393699614,0.0873904229340457,0.24690868941925,0.223445419101093,0.352339695110452,-0.00757515496955709,-0.093603171370838,0.061945000366854,0.0451758189683169,0.0789616302921505,0.029971476235502,-0.232579223512888,-0.214610095359693,-0.162374278236957,-0.141932620400405,0.0416648684536991,-0.106028863692689,-0.0120555847884646,-0.0420756879145407,-0.0985599099460592,-0.147638555568219,0.309822928891333,0.142145404169412,0.00902669117561285,-0.119567053000888,-0.0307890095124511,-0.00560210980202732,-0.0179266082603008,0.0537386157131218
"2",0.29660630217466,1,0.0482252295423159,0.231459825782045,-0.0707811854139381,0.174972544590788,0.12628203063945,0.0879417288040139,-0.0179061928262275,-0.013989247823037,0.285967566097435,0.307271864486188,0.138620935128273,0.0368260368055382,-0.0339350121455557,0.0181951750313847,0.242361130575337,0.127307952530808,0.0600804019080403,0.0464782948406142,-0.109978513132553,-0.0609880124577842,0.0424568393690078,0.0457445342127043,0.0270627624454553,0.148079235954522,-0.0260477623069155,-0.16859319519928,0.137391967999477,0.148401411249413,0.146663839597259,0.0169395829723541,0.0926194536425653,0.240092285798944,-0.0610751128269867,0.0479960772237609,0.179876029474022,0.0536289866777641,0.245708769173968,0.422404978298008,0.17541963197567,0.129787037969836,0.104416099835459,0.102194711739071,0.0402756035051625,0.04204506902997,0.079386900747136,0.00643399879831568,0.173568819750861,0.124742764679944,0.159368378411767,0.18547378642919,-0.0445043010438021,-0.0557695258252244,0.195765744294394,0.142711220513821,0.0263365046719639,0.106807814961806
"3",0.205230353907914,0.0482252295423159,1,0.0608740499557804,0.0458685073790878,0.0990577946653815,0.0460216473812347,0.122943757263012,0.103530716201693,-0.0412080872044142,0.0689098684618807,0.258730027146088,0.0119735192776185,0.0564068665754336,0.198512652779686,0.0830827180161973,0.117643204085543,-0.1510143917673,0.1543141587264,-0.16306987267874,0.0637952000298957,0.0742894596866178,-0.057775874181405,0.0595388422883396,0.246867679071808,0.0849890857155841,-0.125856333050158,-0.0312604239316705,0.107204122050607,0.0326558031342087,0.0757528814264846,0.175343110220948,0.056557255995858,0.114714562047449,-0.0248983735844035,-0.0639268769966199,-0.0855191381463268,-0.0378423339912052,-0.0305806845162565,-0.0921760712432332,-0.135896041094374,-0.137278959767394,-0.105173894048621,-0.0892975711553481,-0.120666935268591,-0.136385806164516,-0.0534802304832927,-0.132790037352537,-0.144329401402748,-0.122329974115114,0.145658173190467,0.139930014611402,-0.0170843224522183,0.0844199440498995,-0.0249069786303668,-0.0945303779229767,-0.124979328914424,0.0297767151511614
"4",0.0360244161528318,0.231459825782045,0.0608740499557804,1,0.177790525789277,-0.0489150952884795,0.0739669038951977,0.0568347459138103,0.184537301864119,0.125621532477811,0.0370732927426121,0.269195887286183,0.207069407846615,0.172295621338753,-0.0263096742509631,0.0610130940931325,0.144658998665786,0.0909716701889427,-0.0101101258462816,-0.059419486937281,0.155280499089204,0.0520854388261563,-0.0680594380853982,0.0724887525678646,-0.0691838807437173,0.192945482554305,0.155177216880247,-0.0459723149678856,0.219819999068161,0.226479063902899,0.177940947652063,-0.0771118575371077,-0.00951861702877395,0.188584613134507,0.0755334964588731,0.0796902074914494,0.0945171080303052,-0.00801515458075281,0.13421345482613,0.165391578484393,0.150432788272434,0.0726255256307129,0.0789171629507116,0.201813783797951,0.0622182686013417,0.16917272645393,0.0954865359579024,0.0409565936581117,0.206662579111037,0.254151728856726,-0.1120355616524,0.0476130728553055,-0.0487984912609746,0.135832141303907,-0.0211354158315593,-0.131516886323012,0.140045574181555,0.0458926344225609
"5",-0.02309135487014,-0.0707811854139381,0.0458685073790878,0.177790525789277,1,-0.0536048624668561,0.0392188380634775,0.0393423382225689,0.119823087255859,-0.141949110157684,-0.119556194423673,0.179001929472817,-0.046120909932439,-0.10742166430821,-0.020777079109568,0.00098737230868593,0.0288039619782484,-0.089077429403939,-0.037760469461193,-0.127491816446725,0.0160979951259722,0.011846495585479,-0.270732777955357,-0.111376795591689,0.0921356361715458,-0.0559522345238848,0.16804223011158,0.0266104145787306,0.204311414494521,0.228851967136185,0.204424060950635,-0.133892653097218,-0.181338860165874,0.125888992543604,0.0564961120437595,0.118419802100919,-0.0679456947343402,-0.0487633875911277,-0.066373867986107,-0.126342141230467,-0.0901548696198932,-0.124404403227969,0.0836550058379113,-0.0401469115064555,0.187230183787238,0.234142282820637,-0.0334291911135872,0.0528074398846978,0.050977981404005,-0.262868350713595,0.00728249758367243,0.0738669470722571,-0.143056631984075,0.0833855362523487,-0.261051930731534,-0.034729542834709,0.278168096598473,0.0120576819993794
"6",0.113837132926633,0.174972544590788,0.0990577946653814,-0.0489150952884795,-0.0536048624668561,1,-0.093402310449192,0.111826001370863,0.0678490540115132,-0.0959059064486732,0.13636073128035,0.111064277682958,0.00693377041018347,0.0289683665658977,0.0722483682529628,0.107437406464283,0.174040525425756,-0.0426875565230553,-0.105303942864136,0.0408334944130528,-0.0600031098615462,0.145899933353549,-0.0405702275590652,0.202485057248429,0.0980247836193698,-0.00763314608331632,-0.109437567638496,-0.0652918356093898,0.054880423636262,0.0304203933626606,0.108521380309539,0.0434931211467372,0.170580561937463,-0.0540688496214515,-0.0944492036583673,-0.127746500819369,0.0552762332909187,0.0480964998825589,0.138732711412153,0.0327067886737805,-0.0356261596664995,0.0183348630758576,-0.129409361621868,0.0218177352722879,0.0299417260136175,-0.1620238169292,0.0793267221575425,-0.0898524241796189,0.105797778628089,-0.0347991981437931,0.103903206969313,0.232660386649516,0.022777591872913,-0.116318691145712,0.0124663954312956,0.22819894915537,-0.103144529441102,-0.116574962297075
"7",0.0512308950980448,0.12628203063945,0.0460216473812347,0.0739669038951977,0.0392188380634775,-0.093402310449192,1,0.181168532890224,-0.0433051413313687,-0.132110748380695,0.0832798642632085,0.0680389249547331,0.0203035076100752,0.0544823904022486,0.207419457106104,-0.0205004311208777,-0.106414993114216,-0.106958766615651,0.00065873572246553,-0.0139525900277385,0.0086813871549572,-0.0568596810592246,-0.00168687528179092,-0.053285853014761,0.171965634848996,0.195353542583972,0.0529290496456084,0.160636163737361,-0.0390068390691135,0.0430866142524721,-0.102515865133397,-0.121996096339953,0.0565534164869071,-0.0332090700369056,0.325500691633228,0.200326986373015,0.171304986017061,0.181246930761735,0.0343108934332818,0.0957332308012822,0.0947797632778887,0.110285872188642,0.208303657189163,0.171882489860618,0.300571062813955,0.178673723621953,0.0304332137983827,-0.042813941846777,0.106170582657902,0.141940790308114,-0.0431813202436508,-0.0110249805095615,-0.154521911509512,-0.0604189275298316,0.043602752175418,-0.0484872768960803,0.125520864737444,0.121959837871313
"8",-0.01022917491447,0.0879417288040139,0.122943757263012,0.0568347459138103,0.0393423382225689,0.111826001370863,0.181168532890224,1,0.012247967575672,-0.121775446918836,-0.0103790286332991,-0.0658498124266099,0.164592499259245,0.0598746286107201,0.105823623016572,-0.177844288524176,0.0742335711625595,0.0536727989842939,0.058608508879465,-0.0811334800677842,-0.0900027519270367,-0.0331675612508427,0.158958236757133,0.13440380485289,0.238899561727103,0.270091905060139,-0.0367224478976808,0.0258731948577866,0.102427058814426,-0.0941450986825805,-0.0121977449206977,0.142196733607749,0.00817721230436767,-0.113262826044062,0.221976825645489,0.385651514782092,0.241492049959271,0.249891912367731,0.172709976986309,0.12290741276651,0.0609249906637066,0.100811245919138,-0.0190218945777457,-0.180078448645858,0.177676561765271,0.279801826242065,0.139061615540392,0.0264539477736362,0.0757772633154076,0.0325829635126054,-0.200225950732565,-0.132315973908805,-0.0392114207716593,0.0649067750690688,0.154113553060806,0.0649143273677136,0.00994779790756896,0.31815295096784
"9",0.330949222519244,-0.0179061928262275,0.103530716201693,0.184537301864119,0.119823087255859,0.0678490540115132,-0.0433051413313687,0.012247967575672,1,0.295269925343667,-0.0367331884007647,0.104358559531441,-0.0208317595700358,-0.044682920855153,0.00282885366926435,0.188295500418647,0.16034400383413,0.108876121464591,-0.0476033651293589,0.0115703321751025,-0.0970820940031555,-0.0456204292139378,0.154218748473175,0.0721532000047152,-0.0095195918453258,-0.0624632611039553,-0.0251217447926123,0.0339439348065485,0.00855192632052932,0.026696282499233,-0.0639895978600383,0.281712034845184,0.124208960425513,0.0946743199323013,-0.0285499367213633,-0.114071436505029,-0.203640627861619,-0.20553721609011,-0.215541185469218,-0.133314662598271,-0.316351317253594,-0.334741757554307,-0.0705993657748591,-0.0270903997871624,-0.0444185998356764,0.0900448462520454,-0.257245751487326,-0.157924665811447,-0.0938695839417771,-0.174080963799252,0.173971082949007,0.113344445871224,-0.152761686432976,-0.0725961060061131,-0.0497546875476018,-0.119494767941967,0.0115266676409908,0.188090728926706
"10",0.0927588831456767,-0.013989247823037,-0.0412080872044142,0.125621532477811,-0.141949110157684,-0.0959059064486732,-0.132110748380695,-0.121775446918836,0.295269925343667,1,0.0579833956799454,0.00615890659751782,0.051443623068484,0.0680543622465333,0.0458880318233476,0.16419930519174,0.0367312652712279,0.0842585901944843,-0.00664608455414554,0.00527031395030847,0.0194694973313761,-0.193348541067656,0.234851846019182,0.170577462738255,-0.139669899105972,0.0194101967858415,0.0126643280054366,-0.18572497457371,-0.0595115148390023,-0.134210793134412,-0.073202219599199,0.0152154246037057,0.0288052529143539,0.0914703164133241,-0.0413172760595253,-0.0272561472399638,-0.00223812403549027,-0.0337177978541703,0.00230592088905999,-0.0145980268866834,-0.0932756611450382,-0.200615321047348,-0.347216303105995,0.00013879323760797,-0.224860022181876,-0.0502630867155251,-0.233237119743346,-0.210871966379291,-0.129503337177446,-0.0558129235317272,0.0615106536263082,0.0727103971808706,-0.112231164737891,0.00632856953737473,0.136690520156844,-0.0322011700911043,0.187574721977915,-0.0529652521027473
"11",0.414287833570878,0.285967566097435,0.0689098684618807,0.0370732927426121,-0.119556194423673,0.13636073128035,0.0832798642632084,-0.0103790286332991,-0.0367331884007647,0.0579833956799454,1,0.211353632192164,0.0502501725999252,0.0217737056400426,-0.0408603126985593,0.190598943458678,0.0840300005239325,0.0593704478767837,0.0639390000787821,0.175762442749936,-0.0174503610300989,0.0058869301823962,0.178095462745461,-0.0258712443573112,0.206410937665122,0.108615972188808,-0.0905956742368502,0.00716364776309358,0.0250552161941781,0.0914648161570252,-0.0212793736574916,0.0199065818194419,0.183354636069048,0.347185161442092,-0.0853088791917543,-0.00496211435128766,0.167954550410097,0.117619993504863,0.238493366169205,0.232366498067801,0.173482651381966,0.00735151094104285,-0.149594738739649,0.160546106979541,-0.109311699218065,-0.11254702566673,0.232989152474908,0.0858750803283312,0.0265118689323059,-0.0171004262855434,0.121441964181414,0.198378157650384,-0.0973693664175471,-0.199856654551323,-0.0241734543747455,-0.0697413496041595,0.0804767602154862,0.0615413124636805
"12",0.246928324480353,0.307271864486188,0.258730027146088,0.269195887286183,0.179001929472817,0.111064277682958,0.0680389249547331,-0.0658498124266099,0.104358559531441,0.00615890659751782,0.211353632192164,1,-0.0281239766803397,0.00369842899468153,-0.0902522280123609,0.0678007138212351,0.0919002515600355,-0.045832847411215,0.0145636739669777,0.112244619871388,0.145769868568303,0.127755555542996,-0.111957544851448,0.0754333452336527,0.124403484140128,0.15066819925251,0.130554866139581,-0.138234953424975,0.0626588861482678,0.153627882658084,0.171985818370741,-0.00457449494946839,0.199067429142086,0.0884487997120711,-0.114745059726675,0.184896244954824,0.0760734753722851,0.0571040381351484,0.0899894214983736,0.147257367880566,0.0299465271284363,-0.0046361269743962,-0.177673898907319,0.0723893244116266,-0.064998541997959,-0.103640897067019,0.0113912563275821,-0.106285984340556,0.0202469054647863,0.014220140578409,0.152156732847017,-0.0218587067091637,0.026682724863326,-0.0376720255092917,0.0861531726329172,-0.107304041088783,0.122408442450434,0.116969560101805
"13",-0.0481360053686518,0.138620935128273,0.0119735192776185,0.207069407846615,-0.046120909932439,0.00693377041018347,0.0203035076100752,0.164592499259245,-0.0208317595700358,0.051443623068484,0.0502501725999252,-0.0281239766803397,1,0.270159446060117,0.0956430559579864,0.221228756752858,0.203008244102156,0.0914335632058596,-0.0511824334043841,-0.13179547386908,-0.0690306777333114,-0.0603910916632881,0.170047499895268,0.145321570443288,0.0636384933392291,0.136092921756681,-0.228470602517193,-0.221163650809162,0.0270095546224315,-0.00857473848773218,-0.272473425854008,-0.0611667969405457,0.144072334279131,0.0636325053188786,-0.0923419208639211,-0.0979124381956152,0.0891364247892528,0.0479082770884805,0.0267860654335879,0.115765707776957,0.0449714642184637,0.127619733933748,0.142599683669844,0.0172796581729662,0.00563506444480681,-0.00351456123079008,-0.0749080670673887,0.159432421784836,0.525647691781362,0.218772719040079,0.0943648471705994,0.098878718071454,0.0475790583609532,-0.123844300090036,0.0971535329679202,-0.115761022000365,0.045602900743623,0.242407845240601
"14",-0.0157554117350428,0.0368260368055382,0.0564068665754336,0.172295621338753,-0.10742166430821,0.0289683665658977,0.0544823904022486,0.0598746286107201,-0.044682920855153,0.0680543622465333,0.0217737056400426,0.00369842899468153,0.270159446060117,1,-0.0653425256299389,0.168578151664679,0.0449371891707747,0.417221276801991,-0.0166994984320551,-0.00184245979088362,0.125744061914485,-0.0254187318651673,0.157129927738611,0.0523635960825845,-0.00045049591056297,0.113904000675827,0.00257989272741073,-0.0834754131582045,-0.143338181720273,-0.0186168547863746,-0.101119234582455,0.0438326155222161,0.101749779888772,0.099351456715288,-0.00410370375939268,-0.0202506434217659,0.0354819195049489,0.0938981820934705,0.171382789685103,0.144133147898873,0.303193883722363,0.354774485367965,0.0803700041743905,0.0755263642110274,0.0512569205708312,0.0786069155673039,-0.0611274010719839,0.0786968263020375,0.352399458089835,0.570575845472983,0.186243351113521,0.0575009843760595,0.194555269376015,-0.0731416541432703,0.221364140790288,0.121023089137888,0.0352331238712679,0.155522689267056
"15",-0.106832905483768,-0.0339350121455557,0.198512652779686,-0.0263096742509631,-0.020777079109568,0.0722483682529628,0.207419457106104,0.105823623016572,0.00282885366926435,0.0458880318233476,-0.0408603126985593,-0.0902522280123609,0.0956430559579864,-0.0653425256299389,1,0.0818824486433332,0.134443806499968,-0.169258041364253,-0.0629440767679794,-0.0612472466823495,0.0726559788377092,-0.0177934399179862,-0.0847960687562708,-0.0902179888397183,0.0144802004463579,0.055988654233834,-0.0545919528317146,0.0129362083600552,-0.0858129134644852,0.0803323104805231,-0.308744566909271,-0.00508997840276273,0.149568466527741,-0.065099518309868,0.0687509516830571,-0.046562732578622,-0.0964129386892131,0.0601579951080401,0.0417768588177361,-0.0712676632829306,-0.127731171861404,-0.211305150168038,0.0665864360505007,0.0152940120750826,-0.0605570140189593,0.0216995477476671,-0.124893609216109,-0.28607898254285,0.0799758088008385,-0.083928032085806,0.234283123806038,0.377730866170607,-0.233103141787111,-0.0698095249975356,-0.0446936333001465,0.0813562699578618,-0.0193216359166794,-0.0809228052887548
"16",0.102999832677104,0.0181951750313847,0.0830827180161973,0.0610130940931325,0.00098737230868593,0.107437406464283,-0.0205004311208777,-0.177844288524176,0.188295500418647,0.16419930519174,0.190598943458678,0.0678007138212351,0.221228756752858,0.168578151664679,0.0818824486433332,1,0.0863166843067745,0.0590863709010207,-0.108927089045821,0.0330239285604734,-0.0166949164586359,0.0746479814734266,0.340249163161003,0.0579801722493022,0.0968060869689364,-0.0547264579329949,0.063473289818813,-0.012023822623137,0.112318757522319,0.0853862016508628,-0.107904762686243,-0.0170571759532536,0.103101506666455,0.0104456789742109,-0.0845255448531776,-0.182131855137092,-0.0570896736325856,0.0421542418962512,-0.0120242215088923,-0.029513262957331,-0.0176834814781109,-0.0860540304259539,-0.0887320724092672,0.0703831974737065,0.0333470527410792,-0.0160460945045185,-0.217568467556296,0.0119326174953598,0.0411356721831762,-0.00264167743478574,0.304006672947897,0.29617794437915,0.0356502340376753,-0.0249167948148618,-0.114874422010955,0.0885277199248268,0.0889681147955215,0.0406996015486658
"17",0.190716352181223,0.242361130575337,0.117643204085543,0.144658998665786,0.0288039619782484,0.174040525425756,-0.106414993114216,0.0742335711625595,0.16034400383413,0.0367312652712279,0.0840300005239325,0.0919002515600355,0.203008244102156,0.0449371891707747,0.134443806499968,0.0863166843067745,1,0.108286147929601,0.0106879495809824,-0.149786756933211,-0.236325441306882,0.0703646122178554,-0.0184672933707755,-0.0603812246433327,0.0964424968698101,-0.0464432037524159,-0.0562348577442169,-0.122224679172264,0.206896083264483,0.0285448813698773,0.101865709498491,0.0347033694328081,0.0571077395908773,0.14992851973054,-0.224465881480438,-0.118095878919504,-0.156350734007171,-0.208020543756294,0.0899220626069325,0.149225490168938,-0.185099802216989,-0.20054608659682,-0.030832368427833,-0.116737591601688,-0.165414760890483,-0.0353375798081439,-0.0798080979839891,-0.13833431592159,0.329872523757859,0.00967284755152285,0.199686919018357,0.186797609939139,0.0501056705139117,-0.222574135414433,0.0625391813827678,0.0792572608369217,-0.133032989094396,-0.135464887208876
"18",0.291756668906858,0.127307952530808,-0.1510143917673,0.0909716701889427,-0.089077429403939,-0.0426875565230553,-0.106958766615651,0.0536727989842939,0.108876121464591,0.0842585901944843,0.0593704478767837,-0.045832847411215,0.0914335632058596,0.417221276801991,-0.169258041364253,0.0590863709010207,0.108286147929601,1,0.0585490042304616,0.0290993947023914,0.00574466659703692,-0.0803989059260327,0.13092873935751,-0.0437266694116043,0.0736117591605685,0.159189403471346,0.0493659036958584,-0.0682114491634716,0.157107070051242,-0.0309656667891436,0.0356401158249019,0.102248534955492,0.128811107412259,0.198154788240691,0.0648117322100751,0.139308013012482,0.165288134873883,0.160125570275777,0.223811917113523,0.193044569738291,0.0845232749405275,0.116719222117101,-0.0521403629184618,-0.0709563266900097,0.0293632364664894,0.0450705438477964,-0.0482053731339454,0.19535372916446,0.148586236023555,0.368755098433172,-0.022997365379729,-0.111783029588469,0.241948774426566,0.0657015334899409,0.231284811634025,0.0998583330482841,0.151865804899905,0.195632780223718
"19",0.0600643081549919,0.0600804019080404,0.1543141587264,-0.0101101258462816,-0.037760469461193,-0.105303942864136,0.00065873572246553,0.058608508879465,-0.0476033651293589,-0.00664608455414554,0.0639390000787821,0.0145636739669777,-0.0511824334043841,-0.0166994984320551,-0.0629440767679794,-0.108927089045821,0.0106879495809824,0.0585490042304617,1,-0.0457666939485389,-0.061678996408244,-0.0277776530103171,-0.0109952422042931,0.00590409379607477,0.0636249924040149,0.261972787487017,0.145767808974411,-0.0396148172103056,-0.0560955218130004,0.0270770620530297,0.301229815622622,-0.0382089124189137,0.096668933560706,0.153868507337775,0.0636955203631816,0.135685231515774,0.0616296722913646,0.0980632309335143,0.18131766567431,0.131269301396516,0.110786152923938,-0.0979478392858268,-0.0694002790364966,-0.106629050228716,0.0627781943154754,0.118597065714998,-0.0315534795420887,-0.0450349658273214,0.00691066796063421,-0.0755265510952027,-0.207602754325091,-0.221099375023258,-0.156974879300991,0.107712841432627,0.148941712848038,-0.0754870322667075,-0.0211290397036884,0.265497463295522
"20",0.103009563983931,0.0464782948406142,-0.16306987267874,-0.059419486937281,-0.127491816446725,0.0408334944130528,-0.0139525900277385,-0.0811334800677842,0.0115703321751025,0.00527031395030847,0.175762442749936,0.112244619871388,-0.13179547386908,-0.00184245979088362,-0.0612472466823495,0.0330239285604734,-0.149786756933211,0.0290993947023914,-0.0457666939485389,1,0.108067499338876,-0.0202202596946183,0.167966544645677,-0.0704589898565148,-0.135737762371353,0.204321004228234,-0.00104854284451156,-0.104593021547302,0.0866320851506922,0.0204182018358196,-0.061865343458118,0.387787085780515,0.0234141540059228,-0.10183820242966,-0.137674130372931,-0.0592765246281068,0.0999325917870373,0.126331827394123,0.00408456673608255,0.165095210692072,0.209227351078586,0.124620605771164,0.0301017062631374,0.184056706109033,0.1881086448166,0.0672337314490394,0.144597974312587,0.187031419827039,-0.053594528670682,0.0285063507443195,0.14577396297311,0.111174447162972,-0.00909124203580134,-0.162810634116319,0.0794872565632816,0.0473781674772563,-0.00531257294923832,0.117074096826586
"21",-0.0539476800316917,-0.109978513132553,0.0637952000298957,0.155280499089204,0.0160979951259722,-0.0600031098615462,0.0086813871549572,-0.0900027519270367,-0.0970820940031555,0.0194694973313761,-0.0174503610300989,0.145769868568303,-0.0690306777333114,0.125744061914485,0.0726559788377092,-0.0166949164586359,-0.236325441306882,0.00574466659703692,-0.061678996408244,0.108067499338876,1,0.0302968185105633,-0.0226637283576952,-0.0209932686307038,-0.16699536241792,0.074480087249685,0.197774947368695,-0.0330263022925214,0.133924373430217,0.0541376744764172,-0.0716683228639123,0.101030873362807,-0.203189876069998,0.078119168682749,-0.156714463415238,-0.0442257218160104,0.123131039397013,0.0946509614034658,0.0531394593256397,-0.0176023858945558,0.281133884725156,0.0980832382908334,-0.0695055380669788,0.0722554397335132,0.0261462427411418,-0.0849548174997827,0.0704515292612179,-0.00300330218059787,-0.0098961309866865,-0.0286181571556103,0.0106980200099072,0.0209974462351958,0.00703385415962921,0.189722599515297,-0.197121921612735,-0.0215127499802332,-0.041752188756356,0.0475589720891086
"22",-0.142695432355706,-0.0609880124577842,0.0742894596866178,0.0520854388261563,0.011846495585479,0.145899933353549,-0.0568596810592246,-0.0331675612508427,-0.0456204292139378,-0.193348541067656,0.0058869301823962,0.127755555542996,-0.0603910916632881,-0.0254187318651673,-0.0177934399179862,0.0746479814734266,0.0703646122178554,-0.0803989059260327,-0.0277776530103171,-0.0202202596946183,0.0302968185105633,1,-0.0636048707447442,0.0296617633943574,0.0490069823237393,0.0246767583064118,0.10339622128581,0.0217182796271238,0.0399775583677013,0.0528148154557658,0.078203962177144,0.00803504120807985,-0.0607891784294649,-0.108457748857714,-0.106068461799717,0.0771739287900516,-0.168966517431619,0.0974484723672704,0.177770787385006,0.0879406012595829,0.17763891765318,0.221504873469864,0.0197711061807818,0.0685051542377173,-0.048520067347271,-0.0599119399675125,0.218940672731763,0.134716859093857,0.080745753985802,0.145611953934051,0.00297700948794235,-0.0141581405880463,-0.0136732706763651,0.11136243960769,0.0737116434440411,0.103732371298024,0.0540259268182201,0.00240178522703582
"23",0.0765770227400434,0.0424568393690078,-0.057775874181405,-0.0680594380853982,-0.270732777955357,-0.0405702275590652,-0.00168687528179092,0.158958236757133,0.154218748473175,0.234851846019182,0.178095462745461,-0.111957544851448,0.170047499895268,0.157129927738611,-0.0847960687562708,0.340249163161003,-0.0184672933707755,0.13092873935751,-0.0109952422042931,0.167966544645677,-0.0226637283576952,-0.0636048707447442,1,0.348175251105287,0.0964190853698101,0.0370546493271465,-0.12722056365464,0.194367981284653,-0.0316244521032927,-0.0623702928902729,-0.262138514244108,0.0954485682230756,-0.0430633177480024,-0.0205087582545536,-0.0475865826496305,-0.0758120406128225,0.114318615512774,0.0872882317117495,0.0273255270946209,-0.101224408908677,0.057844551053916,-0.0043083875895114,0.0472298884735817,0.0796729369467699,0.0557896233459701,0.0538455766192216,-0.18131971491427,-0.113681330525071,0.0656140138041167,0.0622061541855937,0.0503687521715784,-0.0121169841215072,0.0279748651663968,-0.0348938735406118,-0.0403033547982323,0.0443848306697932,0.0558041638876838,0.216936371543939
"24",-0.0499111037876403,0.0457445342127043,0.0595388422883396,0.0724887525678646,-0.111376795591689,0.202485057248429,-0.053285853014761,0.13440380485289,0.0721532000047152,0.170577462738255,-0.0258712443573112,0.0754333452336527,0.145321570443288,0.0523635960825845,-0.0902179888397182,0.0579801722493022,-0.0603812246433327,-0.0437266694116043,0.00590409379607477,-0.0704589898565148,-0.0209932686307038,0.0296617633943574,0.348175251105287,1,0.0264601098110997,-0.0714802556414421,0.00153366528508226,-0.209525583455984,-0.0503401676283192,0.0330818998066651,-0.076160873646042,0.0118899609388891,-0.0662095030861203,-0.046489269127199,-0.159199878220588,0.0272306255973997,0.0765643502066023,0.0351591264793412,0.0410187880488936,-0.00850343010195339,-0.0538500101964811,0.00390263682402114,-0.0145559589445971,-0.00767806895311377,-0.0729870187948113,-0.0467467352578529,-0.0894156898527168,0.0426286069674044,0.0246623571162505,-0.0387376820959366,-0.0669551480802296,-0.149410226285604,0.04862324995208,0.155517756024058,0.144254240028985,-0.0591273860472321,0.0144405583079041,0.0393659877525505
"25",0.200558356021531,0.0270627624454553,0.246867679071808,-0.0691838807437173,0.0921356361715458,0.0980247836193698,0.171965634848996,0.238899561727103,-0.0095195918453258,-0.139669899105972,0.206410937665122,0.124403484140128,0.0636384933392291,-0.00045049591056297,0.0144802004463579,0.0968060869689364,0.0964424968698101,0.0736117591605685,0.0636249924040149,-0.135737762371353,-0.16699536241792,0.0490069823237393,0.0964190853698101,0.0264601098110997,1,0.0973241455783143,-0.00215368975478445,0.15202432395056,0.0578337882359309,0.119480989601888,0.0113487673115592,0.0100689476281042,0.080186058215948,-0.00412576517795783,0.119807992380999,0.147139776285863,0.0779277374924807,0.207004819124283,0.133196896412162,0.108727629459706,-0.102431033410194,0.0639057124979035,-0.0654499602910784,-0.169766896042804,0.183765303121445,0.0462915690615994,0.142991458874235,0.0605693659187369,-0.0614072753319339,-0.02184173218738,0.0153661861702737,-0.0483382576747899,-0.158419393238045,-0.160554833062089,0.0138886561289902,0.0260435019398943,-0.0424146642254118,-0.065802123967309
"26",0.014477801206927,0.148079235954522,0.0849890857155841,0.192945482554305,-0.0559522345238848,-0.00763314608331632,0.195353542583972,0.270091905060139,-0.0624632611039553,0.0194101967858415,0.108615972188808,0.15066819925251,0.136092921756681,0.113904000675827,0.055988654233834,-0.0547264579329949,-0.0464432037524159,0.159189403471346,0.261972787487017,0.204321004228234,0.074480087249685,0.0246767583064118,0.0370546493271465,-0.0714802556414421,0.0973241455783143,1,0.0553116084025349,-0.0372273386013006,0.164353365449213,0.0224130220107957,0.145944135027304,0.0248824094378432,0.0894732062376846,0.149086841241113,0.149486595000003,0.228740136830392,0.220606322595995,0.321150644845399,0.323705346665677,0.286432480059655,0.34547948793502,0.278159526446798,-0.0355475517253356,-0.0558978083138348,0.153627566871199,0.0710111820852327,0.0221664935193474,0.110777978810121,0.134564107764865,0.183461193668946,-0.0939694399017307,0.0241128137905007,-0.0638016329704169,0.0458012029640855,0.236022320213381,0.00106984745993985,0.0813549587053955,0.207757169614569
"27",-0.0690628556823049,-0.0260477623069155,-0.125856333050158,0.155177216880247,0.16804223011158,-0.109437567638496,0.0529290496456084,-0.0367224478976808,-0.0251217447926123,0.0126643280054366,-0.0905956742368502,0.130554866139581,-0.228470602517193,0.00257989272741073,-0.0545919528317146,0.063473289818813,-0.0562348577442169,0.0493659036958583,0.145767808974411,-0.00104854284451156,0.197774947368695,0.10339622128581,-0.12722056365464,0.00153366528508226,-0.00215368975478445,0.0553116084025349,1,0.0850955335061028,0.083118263703946,0.155084192531543,0.282936760056301,-0.172353436014312,-0.020689065706554,-0.00249450391732991,0.115196352721758,0.253504927939067,0.0593927010363458,0.0167840513056393,0.120811894889573,0.0175588181533116,0.182772711080982,0.0282350909430634,0.10548647758225,-0.13479781472872,0.341352255501229,0.358624674350641,-0.0232558113431169,-0.0002670899635417,-0.0237955063303942,-0.0544874772129578,-0.22660808592708,-0.149517918322731,0.110795096330843,0.09570879586938,0.0530617266433675,0.0247415408112367,0.128274216412221,-0.0252223751886517
"28",-0.179247680237176,-0.16859319519928,-0.0312604239316705,-0.0459723149678856,0.0266104145787306,-0.0652918356093898,0.160636163737361,0.0258731948577866,0.0339439348065485,-0.18572497457371,0.00716364776309358,-0.138234953424975,-0.221163650809162,-0.0834754131582045,0.0129362083600552,-0.012023822623137,-0.122224679172264,-0.0682114491634716,-0.0396148172103056,-0.104593021547302,-0.0330263022925214,0.0217182796271238,0.194367981284653,-0.209525583455984,0.15202432395056,-0.0372273386013006,0.0850955335061028,1,-0.113969230721171,0.0197420417433273,0.0421399661874017,-0.100783733010455,-0.114240290254437,-0.108800412308591,0.0840987231269448,0.0966134477487135,-0.19004039266244,-0.131669777494133,-0.00130224859109184,-0.0717707852081247,0.0837862499647277,0.0661753552491092,0.190169371779601,-0.0242513951245825,0.0720886138534443,0.122226771120156,-0.0420621327090049,-0.0198541102490683,-0.0370562390507155,0.036131670307718,-0.201603723520909,-0.0612686875847919,-0.00299764630059541,-0.00353866342360137,-0.125201010264578,-0.171040878069256,-0.0532625463170002,0.0296619181156775
"29",0.147984466383657,0.137391967999477,0.107204122050607,0.219819999068161,0.20431141449452,0.054880423636262,-0.0390068390691135,0.102427058814426,0.00855192632052932,-0.0595115148390023,0.0250552161941781,0.0626588861482678,0.0270095546224315,-0.143338181720273,-0.0858129134644852,0.112318757522319,0.206896083264483,0.157107070051242,-0.0560955218130004,0.0866320851506922,0.133924373430217,0.0399775583677013,-0.0316244521032927,-0.0503401676283192,0.0578337882359309,0.164353365449213,0.083118263703946,-0.113969230721171,1,0.109731588056244,0.156100442407847,-0.0120969530226355,-0.124334447347413,0.0451859015936659,-0.0252346123074377,-0.0218529249156196,0.00628034897147786,-0.06357595241988,-0.0341651318247461,0.132910697224243,0.0124655526960864,0.0281125810177947,-0.0548607276427598,-0.145214562392203,0.14242588165326,0.139263807398407,-0.00609636954624367,0.0935781482405678,0.0158787587029308,-0.168585788308259,-0.0449113494190638,0.173200197288692,-0.0436301760823649,0.111340449719544,-0.149015972822568,0.153051663495117,-0.00350318824920694,-0.0465827284959908
"30",0.0504956393699614,0.148401411249413,0.0326558031342087,0.226479063902899,0.228851967136185,0.0304203933626606,0.0430866142524721,-0.0941450986825805,0.026696282499233,-0.134210793134412,0.0914648161570252,0.153627882658084,-0.00857473848773217,-0.0186168547863746,0.0803323104805231,0.0853862016508628,0.0285448813698773,-0.0309656667891436,0.0270770620530297,0.0204182018358196,0.0541376744764172,0.0528148154557658,-0.0623702928902729,0.0330818998066651,0.119480989601888,0.0224130220107957,0.155084192531543,0.0197420417433273,0.109731588056244,1,0.0515497379486376,0.0179112056362059,0.0552074936321397,0.18241914165711,0.0981244966349747,0.10192984292685,-0.0289592574085353,0.0586357986733883,-0.0239275163000992,0.0752903853382781,-0.0127611018855129,-0.0563714746124998,0.149697944817907,0.0846786300751053,0.260089646844551,0.191615379112455,-0.0511191209714987,-0.128792525905354,0.0476517447320161,-0.00964022308918255,-0.0232649259202455,0.0573834260072668,-0.222264792308558,0.0397479561507055,-0.0758738279014812,0.0285398628997659,0.0719261299303338,-0.115057994097634
"31",0.0873904229340457,0.146663839597259,0.0757528814264846,0.177940947652063,0.204424060950635,0.108521380309539,-0.102515865133397,-0.0121977449206977,-0.0639895978600383,-0.073202219599199,-0.0212793736574916,0.171985818370741,-0.272473425854008,-0.101119234582455,-0.308744566909271,-0.107904762686243,0.101865709498491,0.0356401158249019,0.301229815622622,-0.061865343458118,-0.0716683228639123,0.078203962177144,-0.262138514244108,-0.076160873646042,0.0113487673115592,0.145944135027304,0.282936760056301,0.0421399661874017,0.156100442407847,0.0515497379486376,1,-0.104289604354799,-0.0320585257394105,0.0756500920975129,0.0314695327382413,0.136874364995001,0.0145565767429589,-0.0664740867155443,0.0991751986297221,0.100148913660103,0.0983755251776145,0.0659782438218236,-0.0483392750542655,-0.0772068535011873,0.224639797500081,0.178636267564455,0.0469443790624347,0.0776905436653114,-0.0280254871974761,-0.0229512950790068,-0.159110324344078,0.0527522562990632,0.016900291860141,0.139577178523002,0.116809076012523,0.0155574376784445,0.137288725163925,-0.0972207246735931
"32",0.24690868941925,0.0169395829723541,0.175343110220948,-0.0771118575371077,-0.133892653097218,0.0434931211467372,-0.121996096339953,0.142196733607749,0.281712034845184,0.0152154246037057,0.0199065818194419,-0.00457449494946839,-0.0611667969405457,0.0438326155222161,-0.00508997840276273,-0.0170571759532536,0.0347033694328081,0.102248534955492,-0.0382089124189137,0.387787085780515,0.101030873362807,0.00803504120807985,0.0954485682230756,0.0118899609388891,0.0100689476281042,0.0248824094378432,-0.172353436014312,-0.100783733010455,-0.0120969530226355,0.0179112056362059,-0.104289604354799,1,-0.0654964875587922,0.0932876254089423,-0.123481179835518,-0.106537192402571,0.00457805919880549,-0.0231069187160772,0.0159562093608972,0.0584929110747427,-0.0938881644398152,-0.155954022826951,-0.0246164149116686,-0.0521474593055656,-0.0646195347016684,-0.0372124001902028,0.0650100408855525,0.0719783501794555,-0.116167692574703,-0.170895013735017,0.152774515419633,-0.0175328715285851,0.136552702750149,-0.00676966763748968,0.0140348280854674,-0.0129996670144705,-0.0747533191437939,0.188151812365195
"33",0.223445419101093,0.0926194536425653,0.056557255995858,-0.00951861702877395,-0.181338860165874,0.170580561937463,0.0565534164869071,0.00817721230436767,0.124208960425513,0.0288052529143539,0.183354636069048,0.199067429142086,0.144072334279131,0.101749779888772,0.149568466527741,0.103101506666455,0.0571077395908773,0.128811107412259,0.096668933560706,0.0234141540059228,-0.203189876069998,-0.0607891784294649,-0.0430633177480024,-0.0662095030861203,0.080186058215948,0.0894732062376846,-0.020689065706554,-0.114240290254437,-0.124334447347413,0.0552074936321397,-0.0320585257394105,-0.0654964875587922,1,0.182542340120206,0.094105062488793,-0.0186975148933961,0.11551500957811,0.0408743682413545,0.0152498219935692,0.0272888121972603,-0.0990600505519942,-0.14714415783681,-0.202666028565094,-0.085419040232884,0.0784426620776248,-0.127510451301774,-0.181376857887738,-0.157754153822681,0.0496098746004854,0.0296615847012766,0.178979740295957,0.092153409135645,0.0330010702784079,-0.203526288026315,0.133388455674635,0.0499850638304021,-0.0708713615491014,0.172212815572197
"34",0.352339695110452,0.240092285798944,0.114714562047449,0.188584613134507,0.125888992543604,-0.0540688496214515,-0.0332090700369056,-0.113262826044062,0.0946743199323013,0.0914703164133241,0.347185161442092,0.0884487997120711,0.0636325053188786,0.099351456715288,-0.065099518309868,0.0104456789742109,0.14992851973054,0.198154788240691,0.153868507337775,-0.10183820242966,0.078119168682749,-0.108457748857714,-0.0205087582545536,-0.046489269127199,-0.00412576517795783,0.149086841241113,-0.00249450391732991,-0.108800412308591,0.0451859015936659,0.18241914165711,0.0756500920975128,0.0932876254089423,0.182542340120206,1,0.0754836195626961,-0.12321831765583,0.118466894968928,0.0794526651989139,0.272727747960761,0.0686496267977247,0.0859077903592254,-0.0107886322172653,-0.0105266047503125,0.0546934276172223,-0.0159267695455493,0.00348568644032534,-0.050730467222368,0.00693617249824048,0.170072298987789,-0.0422232282669244,0.246094275406619,0.176382913540369,0.0174443241487818,0.0586706381253334,-0.118315730007727,-0.0907437433934895,0.0524947660362238,0.15130338066111
"35",-0.00757515496955709,-0.0610751128269867,-0.0248983735844035,0.0755334964588731,0.0564961120437595,-0.0944492036583673,0.325500691633228,0.221976825645489,-0.0285499367213633,-0.0413172760595253,-0.0853088791917543,-0.114745059726675,-0.0923419208639211,-0.00410370375939268,0.0687509516830571,-0.0845255448531776,-0.224465881480438,0.0648117322100751,0.0636955203631816,-0.137674130372931,-0.156714463415238,-0.106068461799717,-0.0475865826496305,-0.159199878220588,0.119807992380999,0.149486595000003,0.115196352721758,0.0840987231269448,-0.0252346123074377,0.0981244966349747,0.0314695327382413,-0.123481179835518,0.094105062488793,0.0754836195626961,1,0.384306655167977,0.317714927903057,0.291812650570526,0.00660059214324936,0.0108273018039619,0.125856166860121,-0.0178075769451825,0.114808265978282,-0.0591310723711481,0.407858968058742,0.338977979559515,0.187883058443948,-0.0635281969880509,-0.0291083840354358,0.0845988105395464,-0.250617808343468,-0.185329689853983,-0.0601044407957867,0.0498427969542435,0.0067053261229273,-0.0881770035530964,0.168436967488792,-0.010607477375757
