"","l_Insular.Cortex","r_Insular.Cortex","l_Amygdal.Area","r_Amygdal.Area","l_Bed.Nucleus.of.the.Stria.Terminalis","r_Bed.Nucleus.of.the.Stria.Terminalis","l_Hippocampus","r_Hippocampus","l_Orbitofrontal.cortex","r_Orbitofrontal.cortex","l_Entorhinal.Cortex","r_Entorhinal.Cortex","l_Frontal.Association.Cortex","r_Frontal.Association.Cortex","l_Globus.Pallidus","r_Globus.Pallidus","l_Glomerular.Layer.of.the.Accessory.Olfactory.Bulb","r_Glomerular.Layer.of.the.Accessory.Olfactory.Bulb","l_Glomerular.Layer.of.the.Olfactory.Bulb","r_Glomerular.Layer.of.the.Olfactory.Bulb","l_Granule.Cell.Level.of.the.Cerebellum","r_Granule.Cell.Level.of.the.Cerebellum","l_Hypothalamic.Region","r_Hypothalamic.Region","l_Entorhinal.Cortex","r_Entorhinal.Cortex","l_Vermix.Molecular.Layer.of.the.Cerebellum","r_Vermix.Molecular.Layer.of.the.Cerebellum","l_Lateral.Molecular.Layer.of.the.Cerebellum","r_Lateral.Molecular.Layer.of.the.Cerebellum","l_Anterior.Olfactory.Bulb","r_Anterior.Olfactory.Bulb","l_Posterior.Olfactory.Bulb","r_Posterior.Olfactory.Bulb","l_Subiculum","r_Subiculum","l_Perirhinal.Area","r_Perirhinal.Area","l_PreLimbic.System","r_PreLimbic.System","l_Primary.Cingular.Cortex","r_Primary.Cingular.Cortex","l_Primary.Motor.Cortex","r_Primary.Motor.Cortex","l_Retrosplenial.Cortex","r_Retrosplenial.Cortex","l_Secondary.Cingular.Cortex","r_Secondary.Cingular.Cortex","l_Secondary.Motor.Cortex","r_Secondary.Motor.Cortex","l_Striatum","r_Striatum","l_Ventral.Tegmental.Area","r_Ventral.Tegmental.Area","l_Substantia.Nigra","r_Substantia.Nigra","l_Thalamus","r_Thalamus"
"1",1,-0.13656256636997,0.19608949436238,-0.128371949092739,0.0218764706272435,0.0786847076965856,-0.0502590812297427,0.175869978434405,0.0489290451844003,-0.0345475862478006,0.108522757172233,0.0396447749151241,0.18484897471753,-0.00277753353215247,-0.00797619028657945,0.12300034477728,0.197955408097204,0.165898037390562,-0.216981372172825,-0.166981210136389,0.0907762667238035,-0.16181454434093,-0.13000012987722,0.0638871156867422,-0.185277162960081,-0.127603687104064,0.167619295065431,0.177224253442738,0.183140403216072,-0.0478039843354058,0.0432073124193238,-0.075230174125028,-0.0595632630551319,0.0468065420588767,-0.214965413692895,0.122419415702442,-0.130824478978305,-0.0651895353232254,-0.0490951900908113,0.0226301370172584,-0.121653553528954,-0.0835640438645175,-0.0391621509902216,-0.00756042083939255,-0.0087117861517361,-0.025328460270943,-0.139427283104986,-0.064366896214242,0.123343892231861,-0.0348349197242111,0.0106560150049056,0.19652372013792,0.153393649307174,-0.0872704724621728,-0.183463422089504,-0.141284854082814,0.23431058781071,-0.0114552245286528
"2",-0.13656256636997,1,-0.0750463250290222,0.0252182442114571,-0.0672602494494588,-0.149370276072946,-0.0710712834142166,-0.2550253853669,-0.0318948559920448,0.318220573940174,0.0759819671687453,0.131198308411956,-0.0670105051671538,0.0304307000835812,-0.0400275851781236,0.124561063303985,-0.177697135086533,-0.0192830790817351,0.048317416578792,0.116902779914931,-0.269283300739357,0.124154887925117,-0.0142570730974368,-0.0131993919988153,0.0107432325472535,0.0470139822148896,-0.23801486773954,-0.0311278355345635,0.227117137259384,-0.112956379505572,-0.084808198575981,0.0394281946186254,-0.233897796434379,-0.0284120405482671,-0.0196518811749874,-0.0123542792012396,0.00865901288958218,0.0444023547386459,-0.0955813553122101,0.118093900360264,0.00961716468188746,0.0365726404072962,0.00165309184008546,0.161035283802772,-0.0951079392537107,0.0264573417457969,-0.0617896577041793,-0.020339306291779,0.114370330842487,-0.030966859617596,0.137189875868038,-0.0349175011420306,-0.0350608706224583,0.0238698475543975,0.0851881047113308,0.10103757886781,-0.128749089314633,-0.0656104062354302
"3",0.19608949436238,-0.0750463250290222,1,0.0662973796335078,0.054828791631738,0.0183213024262996,0.0448970869415334,-0.00223752740189017,-0.0392335869838754,0.284634653702948,0.0567373818790232,-0.0345709095799434,0.0336183964016921,0.0667227751305347,-0.0110770159706653,-0.00672380469025944,-0.174863405695431,0.0958824798312567,-0.00025895990132102,-0.115326829660789,-0.102499013121622,0.106079478877985,-0.184307927109778,-0.0169427495827224,-0.106042861175266,0.0359567221482704,0.206973121513052,0.145297464257742,0.0252545219501738,0.163365891466754,-0.049624616553552,-0.0382596126535467,-0.134885261728051,0.110128826059383,0.0218205324402373,-0.119123226043548,-0.161205441006533,0.0496414831813885,0.0652616034423548,0.0797532924213144,0.0982202689212418,-0.0345837151514263,-0.00149281028729809,0.0373905167631381,0.0599960994243125,0.0589236934049796,-0.0966976129777612,0.0484487399363779,0.0339819255922488,0.0381346501808487,-0.103028946401912,0.142740882262989,-0.00912327121893897,-0.101747963109021,-0.0381674497167943,-0.192846060123731,0.0699638842433929,0.21843915942299
"4",-0.128371949092739,0.0252182442114571,0.0662973796335078,1,-0.142960893711192,0.0173093981495682,0.0699774851678962,-0.101455945914554,-0.169628139618833,0.169946063854772,0.0444000948654268,0.0610481005011514,0.130068678040095,-0.0383944070942345,0.0971180838241561,-0.0537865865208797,0.246079134777555,-0.076392164435625,0.0817606857202395,0.118887527136186,0.0161497751901759,-0.0156422543090209,-0.0705476353490614,0.16357888958543,0.0885981920137887,-0.0085607015048547,0.0318010676525181,0.0482139612894844,-0.0662079274226931,0.119832474012316,0.0832040535240475,-0.0995826758426977,0.101406692586492,-0.00977308277169123,0.138275472925783,-0.0468560068585163,0.152497982303852,0.118280624649057,-0.0579605351557478,-0.154499389640055,-0.0268168281027326,0.104052839301189,0.0812204706348458,0.098643677542628,-0.0617462083872855,0.0730329825182437,0.0131774957028037,-0.0975231015201603,0.0533326011064496,0.056748229175536,0.031786765650637,-0.123297905175899,-0.05435633668729,0.00151193417345283,-0.0239990311923298,-0.0596568298511297,-0.0403208824404446,-0.00871030492796981
"5",0.0218764706272435,-0.0672602494494588,0.054828791631738,-0.142960893711192,1,-0.179196722589217,-0.0364891499809894,0.0911286251281751,0.0881449904780822,0.00551235273725804,0.00559579028111153,-0.00237501447879622,0.0346863117610136,0.214273035250401,-0.188024142734152,-0.10430971491949,-0.0529316127592152,0.099946905925722,-0.0248977704607574,-0.114647559369358,-0.0297094722889291,-0.136202327495653,-0.0378006944598238,0.0859408437531037,-0.0161639581254911,0.100661729280754,0.195812985688891,0.0527147900842247,0.0950655953052846,-0.0579430819057982,-0.112221584993733,0.00522214241602061,-0.0588132579791656,-0.129822951697281,-0.0442744530294198,0.109855262001912,0.16158437160308,0.192825755117528,0.120947193310437,0.101594342019816,0.0788196957377688,0.0810188939857601,0.0888838165165007,-0.101220489585908,-0.00632227095589579,-0.163523344561594,0.0570306053149672,0.107464007620338,0.0553421302942965,0.146306162610677,-0.145296362864265,0.0824598530231419,-0.0552109262844942,-0.123870818535245,-0.0445795299595097,-0.156621090277148,0.029006981180595,-0.032945318324453
"6",0.0786847076965856,-0.149370276072946,0.0183213024262996,0.0173093981495682,-0.179196722589217,1,0.0835085088175877,-0.0764696824620177,-0.130935749746749,-0.116354587273228,0.0391097083414445,-0.0921400791889447,0.0842458557345113,-0.129353951795638,0.139350756816122,-0.184367589905429,-0.012918847025534,-0.120923691202413,-0.0262160303199564,0.0135333945572478,0.128550016513214,0.00492534143952868,0.0474741752268719,0.0555352506487155,0.00830406937566405,-0.120538919639275,0.208373875532087,0.086368949785611,-0.0509151761110972,0.211393103954221,-0.0587156894781128,0.0569311674369341,0.127788306744254,-0.0112914444090479,-0.139006035792648,-0.207484410216121,-0.221894657401779,-0.127581383334917,-0.182358281710584,0.118006694569822,-0.103124920909534,-0.0550424654341074,-0.106712141088203,-0.0817017861872055,-0.0136235677586269,-0.15826145927021,-0.00844353666088331,0.0644944748182533,-0.0421079293942508,-0.0866639105065272,0.064034306768509,0.135806816073384,0.126623394888703,-0.0638726372084886,0.0641747726566987,-0.123193030420096,0.244524096480488,0.311680789502101
"7",-0.0502590812297427,-0.0710712834142166,0.0448970869415335,0.0699774851678962,-0.0364891499809894,0.0835085088175877,1,-0.109700110640563,-0.114367524305234,-0.164954561757278,-0.111453243165893,0.15084087987052,-0.0732552702265749,-0.179151846277732,-0.0549595603846852,-0.203730251611627,-0.1358203061197,-0.168431366469114,0.0505446454504076,0.11367032761663,0.0572052183328772,0.0558246610663454,-0.0155437165272811,0.0533726944258531,0.0519575103948174,-0.0397908965399832,0.0781457213698333,-0.0346921120805969,-0.218314703674539,0.0380718601337185,-0.122309812003424,0.190572370545192,0.0253223923064935,0.00516256831688107,0.171839608421312,-0.0108029881086536,0.0444573161149112,0.129078134026719,-0.0271720920666123,-0.00543470805044866,-0.154591944974779,0.0569832086570606,0.0072076654753495,0.209416998225763,0.108658991059669,-0.0535304663350006,0.068761833147417,0.00317753397037351,-0.165634615683101,-0.0604961407356376,0.0910536605809631,-0.0995905728517145,0.122015526217309,0.117760044155076,0.0832393408740292,0.0484580863766174,0.00949525174457317,0.00473925367129486
"8",0.175869978434405,-0.2550253853669,-0.00223752740189017,-0.101455945914554,0.0911286251281751,-0.0764696824620177,-0.109700110640563,1,0.0487804114653169,-0.0378690392605249,0.0153074096621929,-0.0162823949941114,-0.0628308037594368,-0.0185503562928194,-0.198557940999627,0.117775694259255,-0.0303595116773104,0.0190290815856024,0.0410547615076012,-0.0160646928938219,-0.0332469545405226,-0.0198264635192364,-0.0649728775877369,0.0633408346743412,0.0399071160092361,0.00985210633186307,0.0215286649376805,-0.0838808642596602,-0.153640949817204,-0.0856496416971919,-0.0113406339957291,-0.148196761523852,0.102881432947164,-0.0969904393008413,-0.0192391232923931,0.160426836561294,0.154567742448315,-0.18631437340926,0.0493855467969643,-0.1779740006239,0.136828132433186,-0.0773367136276101,0.0585162767205081,0.00520454840293019,-0.0799740804111181,-0.153941026610218,0.0649403452651671,0.0727722405260042,-0.0804867163612632,-0.0236061543063154,0.0446854184689173,-0.230480821635318,-0.140834901884047,0.0119410106687825,0.129897512651877,0.122005166170457,0.14670016661425,0.0794414053920796
"9",0.0489290451844003,-0.0318948559920448,-0.0392335869838754,-0.169628139618833,0.0881449904780822,-0.130935749746749,-0.114367524305234,0.0487804114653169,1,-0.0474838979085565,0.00031657999277797,-0.0934182097823658,0.0823434741649796,0.110073840826478,-0.200410010553061,0.0415474657819201,0.109074567601296,0.216023490253396,-0.189849803160673,-0.0728615966947556,0.00848119079988902,-0.144023684527855,0.0553384000223743,-0.0196016405698659,-0.150740261832592,-0.0207485033505174,0.0500371186168567,0.0303684843399952,0.136114902811693,-0.0633393402685319,-0.0829559535442224,0.0179535186203104,0.0916984254312065,0.00995324656286075,-0.140998552752926,0.0962894970269393,-0.00022548410845628,0.0521000026096257,-0.0693586443262171,-0.154291554802427,0.0412825483960666,0.0466889233770808,0.208200680712382,0.0509298877360226,-0.0124123212411211,0.0733569714419013,0.0538847316368484,-0.149551537613586,0.116347211410454,-0.0458289248970801,-0.0626097624679509,-0.0927474007799993,0.0979239287391087,0.160288537567102,0.127302643113961,0.0541979814998598,0.146473530037967,-0.140072100073033
"10",-0.0345475862478006,0.318220573940174,0.284634653702948,0.169946063854772,0.00551235273725804,-0.116354587273228,-0.164954561757278,-0.0378690392605249,-0.0474838979085565,1,-0.0920167518376796,0.0948079185398965,0.0757493601606437,0.301108050757846,-0.1257510710255,0.182079623070241,0.072486415383532,0.103182308753967,0.126514030465771,0.177222572963563,-0.219589215061634,0.0346353012048485,0.101338402186756,-0.0930607452870826,-0.0784553712910136,0.185273885443066,-0.0982764091165311,-0.00081520128135375,0.00164220093170598,-0.00514908185882858,0.0488579493400745,-0.0170609462260296,-0.0646868680585289,0.270292022849711,-0.0104747506245807,-0.0873352954715543,0.0419439225124828,0.037054729858411,-0.0975703476476961,0.108148071529066,0.250438310002907,0.0886636534676404,-0.00606571663975788,0.100781960322186,-0.121980131654781,0.157933911963336,0.241714146368225,0.0630802811775611,0.259606332867332,0.225231536679094,0.0130015310421661,0.0313247747594446,-0.0787416092641434,-0.0860365052973743,0.176827357843122,-0.193964277053568,-0.00045703932325816,0.149124629800953
"11",0.108522757172233,0.0759819671687453,0.0567373818790232,0.0444000948654268,0.00559579028111153,0.0391097083414445,-0.111453243165893,0.0153074096621929,0.00031657999277797,-0.0920167518376796,1,-0.130809007325504,0.0357243078663565,0.00141072030382651,-0.0511033624710746,0.234793991304566,0.0497292309121659,0.0849692713940586,-0.0194845002124941,-0.0428016913777777,0.0182986730932991,-0.0161126549246768,-0.0908431666930053,0.0201959974059929,-0.00189060074597986,-0.111656514026068,-0.0636446121955298,0.084617384880309,-0.0695837693941225,0.0171826324619976,-0.0064787339680491,-0.125104732233569,0.0201817285278516,-0.17626141097221,-0.136342715272468,-0.0276566746818139,-0.278554670427875,0.089764480437429,-0.074414889867092,-0.0929258618945484,-0.104343561815413,0.0810638259699677,0.0631559021689719,0.193337048185234,-0.0665212418543121,0.0338542694544681,-0.0173678482441104,-0.0372462337480369,-0.119971887462316,0.0100621504372768,-0.106217846888135,0.158824757848752,0.00184518104292934,0.0710379326043942,-0.0870459692315682,0.128046971504097,-0.0444163202944557,-0.0421331568069522
"12",0.0396447749151241,0.131198308411956,-0.0345709095799434,0.0610481005011514,-0.00237501447879622,-0.0921400791889447,0.15084087987052,-0.0162823949941114,-0.0934182097823658,0.0948079185398965,-0.130809007325504,1,-0.181123959246659,-0.215941015351752,0.100063031805171,0.00812032983182079,-0.0105612919097126,-0.203525128389308,0.0246974289459876,0.130558473747242,0.0349107358909617,-0.0128209398489951,-0.00652723494547604,0.122135719699342,0.125543875302419,-0.047289813320643,-0.211382220732712,-0.110081942680907,0.0831646859371212,0.0582815059455516,-0.0917946969255808,0.0780237253905429,-0.244910325862738,0.134317365627527,0.131763484007263,-0.180264334765033,0.203707052604193,-0.00841244830223552,0.120318591290603,-0.0262741427922444,-0.0209442279062335,0.0253280629359625,0.0713340944801484,0.112767111903726,0.159549469527531,-0.0326904963642688,0.0684376971500942,0.0814561819076911,0.110192107300577,-0.195123499331698,0.228764934477121,0.0653630656114146,0.00754035412813651,-0.143926503054464,0.134838265029402,0.0200350754381156,0.00929586919583414,0.0488523927556501
"13",0.18484897471753,-0.0670105051671538,0.0336183964016921,0.130068678040095,0.0346863117610136,0.0842458557345113,-0.0732552702265749,-0.0628308037594368,0.0823434741649795,0.0757493601606437,0.0357243078663565,-0.181123959246659,1,0.0445278583510098,-0.0722579353147478,-0.0773967183467619,0.245175175610141,0.0969737740082453,-0.0996522773990584,0.143860451881091,0.0776309620774556,-0.0705473062152838,-0.261832589573686,0.155772962334913,-0.0849964874063744,-0.0738367707647812,0.117900386029433,0.0526935873178757,0.0742866065257749,0.00079914898042653,0.17513516444287,-0.0193902720816927,0.00183181917905372,0.0962324120810223,-0.0610938972283058,0.157276692672971,-0.292103434462618,0.0315345099073618,-0.137838075306478,-0.0774020596203584,0.0393464491715001,-0.170234424896247,0.0622511324661912,-0.0352027520562092,-0.0892419675849133,-0.0130832026776361,0.0494642112179439,-0.00730048913841635,0.542578856779765,0.0831435209140751,-0.075156611283123,-0.0693205629881501,0.0570951685247912,0.0732394871685284,-0.189983507862751,-0.211943212253973,0.0751484048471454,-0.019891643008151
"14",-0.00277753353215247,0.0304307000835812,0.0667227751305347,-0.0383944070942345,0.214273035250401,-0.129353951795638,-0.179151846277732,-0.0185503562928194,0.110073840826478,0.301108050757846,0.00141072030382651,-0.215941015351752,0.0445278583510098,1,-0.268053456486537,0.050520790489775,0.0644411366266802,0.426085575724363,0.125370181584341,0.0610322353933971,-0.213705757931679,-0.085469503557161,0.202194234124423,-0.0285752638936786,-0.143517155312988,-0.0124259425000544,-0.0110025135800277,0.0531460370690365,0.028802140715815,-0.0977672988256233,0.0322131705416516,0.0864310198698567,0.0571059188801588,0.107856111470566,-0.138693977404639,0.0317987627965194,-0.0118417963082321,0.0141038918666641,0.0511724335506574,0.0319833467628813,0.17492807874247,0.0748186170245859,-0.041997827753947,0.0570827642776303,-0.0134328337245548,0.0237854777418747,0.0372411780436725,-0.0993928545196798,-0.0190481806486697,0.596498158439332,-0.139490981683231,0.20394252981055,-0.125948902406427,-0.00036211607299581,-0.00230308324796474,-0.0799720998555151,0.0525157783564499,-0.0461668047575791
"15",-0.00797619028657945,-0.0400275851781236,-0.0110770159706653,0.0971180838241561,-0.188024142734152,0.139350756816122,-0.0549595603846852,-0.198557940999627,-0.200410010553061,-0.1257510710255,-0.0511033624710746,0.100063031805171,-0.0722579353147478,-0.268053456486537,1,-0.0247878901497944,0.151461115931496,-0.202025958223231,-0.108516112415172,-0.184630735113527,0.111224823053666,-0.0440951578782209,-0.0779286358477193,-0.0299676022525145,0.160424453229428,0.0507607277425004,0.145387588415823,-0.0253495384604404,-0.0256539832310997,0.167429902563703,0.055082297565243,0.0922150054806708,0.0633733379289649,-0.0764317921298852,-0.0207704969679812,0.00248474209956343,-0.070526130012097,-0.0376451359585598,0.0902056476849911,0.0927589427174806,-0.172642684408879,-0.275602517477978,-0.13445502893959,-0.021151888738196,-0.00067301993541912,-0.0876524898935146,-0.202598798174545,0.062394010374856,0.0528850153617103,-0.159684156623321,0.10473216272609,0.238272615300384,0.0348953395910699,-0.0958443667925466,-0.179210798759945,-0.022279453133313,0.0265281200846845,-0.0408346379115299
"16",0.12300034477728,0.124561063303985,-0.00672380469025944,-0.0537865865208797,-0.10430971491949,-0.184367589905429,-0.203730251611627,0.117775694259255,0.0415474657819201,0.182079623070241,0.234793991304566,0.00812032983182079,-0.0773967183467619,0.050520790489775,-0.0247878901497944,1,-0.0175680925918313,0.213650901321118,0.0987351109161165,-0.0940868728106872,-0.1215806285961,-0.0180802021163882,-0.117934238276073,-0.0613804470876196,-0.0732332517826565,0.0436838149151325,-0.104109342827208,0.0232882814028642,0.074714305823227,-0.0970536108825537,0.0297012622149787,-0.165426079932389,-0.0932758344996796,-0.0278591192739663,-0.0584701170042037,0.150855867784049,-0.0668395866143682,0.0300867684677992,0.083339112387609,0.131654367648106,0.0364955495946382,-0.0685310419180932,-0.0967387860413817,-0.129281405038459,-0.122292231286177,0.0142331238836707,-0.074094537352216,-0.0570459359302098,-0.0762799647061548,-0.0308605629389278,-0.0616925469771374,-0.00653070403052048,-0.0794137098941307,-0.0164327075972453,0.0177864313207148,0.096221500282299,-0.148789856592802,0.0564263524006797
"17",0.197955408097204,-0.177697135086533,-0.174863405695431,0.246079134777555,-0.0529316127592152,-0.012918847025534,-0.1358203061197,-0.0303595116773104,0.109074567601296,0.072486415383532,0.0497292309121659,-0.0105612919097126,0.245175175610141,0.0644411366266802,0.151461115931496,-0.0175680925918313,1,0.0986866803010417,-0.219708349588108,0.0106336875057138,0.240374851231633,-0.150442193425407,0.00038597297797404,-0.0564349766101738,-0.103599685756969,-0.01132248460843,0.0972598670537387,0.106560534011662,0.00480926680238054,0.0371106435384265,0.156279897809143,-0.11868138571355,0.231191235284645,0.0913694855582086,-0.0455691100208768,-0.0152451427599655,0.105607550757419,0.0676749702144337,0.0897104885166803,-0.0890778590304041,0.0573769370952451,-0.0563329307600172,0.0670843931821825,0.031084958210078,-0.220068131800387,-0.0959292608341821,0.131961199563927,-0.0331383255728345,0.182195623761337,0.12034196627782,-0.197893886997178,0.00366935016942088,-0.0411253246839877,-0.139784325370203,-0.119724073500497,-0.14100086287582,0.0305251543570098,-0.136520786303398
"18",0.165898037390562,-0.0192830790817351,0.0958824798312567,-0.076392164435625,0.099946905925722,-0.120923691202413,-0.168431366469114,0.0190290815856024,0.216023490253395,0.103182308753967,0.0849692713940586,-0.203525128389308,0.0969737740082453,0.426085575724363,-0.202025958223231,0.213650901321118,0.0986866803010417,1,-0.00175795804433368,-0.0409247082448184,-0.0722156039094075,-0.242581425712708,-0.0790031048605229,-0.00059016926035306,-0.152103784558755,-0.112336320183721,0.0729270880331801,0.0539727282034351,0.116132972880301,0.0352093703248678,0.0781671775812848,0.0872556098354827,0.0655004943085263,0.0873331637750384,-0.0929372011518737,-0.0301533311258535,0.0558786825579849,-0.120193441770975,-0.0343786869335269,0.107911096998829,0.00382299220149785,0.160836551737262,-0.0707467760378841,0.0442854960648306,-0.120128912386145,0.0790946189780738,0.0838034907058781,-0.0751039927529307,-0.0021240148620249,0.447751606235059,-0.115831089402776,0.041034687993413,-0.0470612951608401,0.112591676134247,0.0683364438034585,-0.10200409132898,-0.0808324039881699,-0.107756854657489
"19",-0.216981372172825,0.048317416578792,-0.00025895990132102,0.0817606857202395,-0.0248977704607574,-0.0262160303199564,0.0505446454504076,0.0410547615076012,-0.189849803160673,0.126514030465771,-0.0194845002124941,0.0246974289459876,-0.0996522773990584,0.125370181584341,-0.108516112415172,0.0987351109161165,-0.219708349588108,-0.00175795804433368,1,0.0638479267534923,-0.0788308999827366,0.156724820191011,0.0734230875718713,0.0394363935916365,0.0837643391597259,0.163216577296413,-0.10549896757208,0.0316229269078275,-0.118411085214389,-0.0233389018521244,0.174176857117152,0.149291349813918,0.0803479766870426,0.131875573135271,-0.0682141459170321,-0.0374772171639103,0.064665191221834,-0.0912767170485322,-0.105724398105426,0.120216384665498,-0.00615095715929281,0.169420043598749,0.053945070106072,0.0594244814686171,-0.0200091010977332,0.0315503748366799,-0.0424889481880028,0.0917710156289006,-0.169445722916155,0.181737571569154,0.0480037213751368,-0.0427400395632841,-0.256586716947124,-0.119400338226423,-0.0923299999973103,0.0165096684128317,-0.0436802065412546,0.0872660261674858
"20",-0.166981210136389,0.116902779914931,-0.115326829660789,0.118887527136186,-0.114647559369358,0.0135333945572478,0.11367032761663,-0.0160646928938219,-0.0728615966947556,0.177222572963563,-0.0428016913777777,0.130558473747242,0.143860451881091,0.0610322353933971,-0.184630735113527,-0.0940868728106872,0.0106336875057138,-0.0409247082448184,0.0638479267534923,1,-0.106825361652579,0.124344263590336,-0.0963362081344829,0.00047799349341916,0.135768190106053,-0.115147725146299,-0.132319976439063,-0.165802148226736,-0.0675070144239379,-0.00386418643034877,0.0145870170754229,0.0873141265920447,-0.0173958572281142,0.0539613846437327,0.0351209914544889,-0.202861581128188,-0.198392639800379,0.0538387941569601,-0.197494869840864,-0.174823141157347,-0.0440435105060383,-0.0765824367612285,0.107298006937568,-0.050674292337934,0.141806265679436,0.218927160522124,0.187814004530669,-0.0602182288342346,0.119137132104065,0.0104083952752379,0.0771835241852268,-0.0306932347710616,-0.088332859755797,0.166184442948691,0.0748796616336866,0.0372614713433203,-0.143639290514229,0.0981534455130237
"21",0.0907762667238035,-0.269283300739357,-0.102499013121622,0.0161497751901759,-0.0297094722889291,0.128550016513214,0.0572052183328772,-0.0332469545405226,0.00848119079988902,-0.219589215061634,0.0182986730932991,0.0349107358909617,0.0776309620774556,-0.213705757931679,0.111224823053666,-0.1215806285961,0.240374851231633,-0.0722156039094075,-0.0788308999827366,-0.106825361652579,1,-0.0221673983512171,-0.125249092901906,0.0664361790895349,-0.194370875487737,0.0469377616619268,0.0733298726244967,0.212273742664342,0.0598621072284104,0.0673691353790881,0.172769626530122,-0.034818969521031,0.14337916437042,0.0653309296693831,0.134134846290489,0.0219371516408536,-0.025518950411478,-0.140155261240154,0.104199748851992,0.0355640025620396,0.0360791282531021,0.016445220178365,-0.0291968988679292,-0.130458503198566,-0.0877180508364435,-0.0443789147267548,-0.0459384005409275,-0.0815880394467524,-0.0634384002633524,-0.0504498736466334,0.0164739579306633,0.0223234803541323,-0.0460170812817477,-0.124258466432906,-0.0442174406760543,-0.0999135872925845,0.0683193932122217,-0.0153495934580292
"22",-0.16181454434093,0.124154887925117,0.106079478877984,-0.0156422543090209,-0.136202327495653,0.00492534143952868,0.0558246610663454,-0.0198264635192364,-0.144023684527855,0.0346353012048485,-0.0161126549246768,-0.0128209398489951,-0.0705473062152838,-0.085469503557161,-0.0440951578782209,-0.0180802021163882,-0.150442193425407,-0.242581425712708,0.156724820191011,0.124344263590336,-0.0221673983512171,1,-0.0106722559073146,-0.120490820058221,0.0730087441270401,-0.00332712231627368,-0.136330178771806,-0.183470121645822,-0.0575126125563581,0.00386414263460864,0.118048269362244,0.0660949680990363,0.0246744443717144,0.135235252848421,0.0722179558799404,-0.201420208188662,-0.0397184224739295,-0.0892954741199752,-0.0557129583421235,-0.112571455985039,0.0402726683990575,-0.0207629602242596,-0.00290068986987753,0.0884294153024336,0.141885228368748,0.0886348973009857,-0.0285250593828425,0.0781580884517921,-0.0152562420504192,0.0782571407539457,0.0251300523612906,0.0309104461279054,-0.125783772316417,-0.0976024252897364,-0.0535679450300425,-0.0188315174998273,0.0609544357083199,-0.0339202011919237
"23",-0.13000012987722,-0.0142570730974368,-0.184307927109778,-0.0705476353490614,-0.0378006944598238,0.0474741752268719,-0.0155437165272811,-0.0649728775877369,0.0553384000223743,0.101338402186756,-0.0908431666930053,-0.00652723494547604,-0.261832589573686,0.202194234124423,-0.0779286358477193,-0.117934238276073,0.00038597297797404,-0.0790031048605229,0.0734230875718713,-0.0963362081344829,-0.125249092901906,-0.0106722559073146,1,0.137511203017558,0.067587361191905,0.167117925956706,-0.0267386010671214,0.00696811542245271,-0.22073060635332,-0.242613583788166,-0.270335439217384,0.123864321908772,0.148201633117568,-0.0658246798089576,-0.0700037834431636,-0.0526951068194196,0.113430772288713,-0.0466849018150299,-0.0466229788524416,0.0782880927931389,-0.181581108483951,-0.0893925538815997,-0.0756547742521982,-0.105296522001036,-0.0718342787107543,-0.105474468865623,0.155780659301111,-0.071379756492967,-0.106642593027263,0.0188711926996975,0.0115880348272429,-0.0336656609892206,0.127978791059748,0.0795525409485451,0.0908518433124435,0.0401730372473848,-0.117676541750507,0.0147773554209291
"24",0.0638871156867422,-0.0131993919988153,-0.0169427495827224,0.16357888958543,0.0859408437531037,0.0555352506487155,0.0533726944258532,0.0633408346743412,-0.0196016405698659,-0.0930607452870826,0.0201959974059929,0.122135719699342,0.155772962334913,-0.0285752638936786,-0.0299676022525145,-0.0613804470876196,-0.0564349766101738,-0.00059016926035306,0.0394363935916365,0.00047799349341916,0.0664361790895349,-0.120490820058221,0.137511203017558,1,-0.113428490399972,-0.0793208432049275,0.0473854989238728,-0.0115695261964733,-0.0363329293825379,-0.172320599445088,-0.178830036367468,-0.089943135473454,0.0249143106655872,-0.115931817694216,-0.0508766576725218,-0.139864241998063,-0.0338525876006155,0.00537362276425697,0.0674188496247956,0.0388874102728548,-0.126246734871551,-0.0234732250709625,0.0302823837357493,-0.0688238508822976,-0.161204582949615,-0.118521575781906,-0.0278873492832509,-0.0877800895766195,0.143941234533834,-0.132163176291679,0.00742759402588516,-0.0912280306393893,0.143366641236724,0.146895343279602,-0.0934496825911877,-0.0281626794595435,0.0150019327043933,-0.0579097376710889
"25",-0.185277162960081,0.0107432325472535,-0.106042861175266,0.0885981920137887,-0.0161639581254911,0.00830406937566405,0.0519575103948174,0.0399071160092361,-0.150740261832592,-0.0784553712910136,-0.00189060074597986,0.125543875302419,-0.0849964874063744,-0.143517155312988,0.160424453229428,-0.0732332517826564,-0.103599685756969,-0.152103784558755,0.0837643391597259,0.135768190106053,-0.194370875487737,0.0730087441270401,0.067587361191905,-0.113428490399972,1,0.189699485044858,-0.0281565933066548,-0.143336557181634,-0.198198148787904,0.121171554355854,-0.10067500413565,0.257790595866191,0.0519805716762021,-0.228881243094629,0.0383320471584298,0.0342837345342476,0.0830268187137675,0.105686922779514,-0.127129422478058,-0.141034155681087,-0.0664324608180924,-0.0405124977054314,-0.0977261127124261,0.0708145273870083,0.154145268156347,-0.016489827017261,0.0712034473778276,0.0120816486063846,-0.0847992068531127,-0.0309606746411513,0.112255721883399,0.131570277054494,0.0577103049409686,0.0219362274241403,0.0135979101314063,0.118163139006111,-0.170986831135913,0.102798122139261
"26",-0.127603687104064,0.0470139822148896,0.0359567221482704,-0.0085607015048547,0.100661729280754,-0.120538919639275,-0.0397908965399832,0.00985210633186307,-0.0207485033505174,0.185273885443066,-0.111656514026068,-0.0472898133206429,-0.0738367707647812,-0.0124259425000544,0.0507607277425004,0.0436838149151325,-0.01132248460843,-0.112336320183721,0.163216577296413,-0.115147725146299,0.0469377616619268,-0.00332712231627368,0.167117925956706,-0.0793208432049275,0.189699485044858,1,0.0885113883830192,0.0450394929796701,0.0363370007121701,-0.225454362177588,0.00719366645238086,-0.0222195328805774,-0.0577318392409685,0.181129494324125,0.0154616157278527,0.104649512037726,0.213889189031167,-0.0038449045972832,0.0459618558683362,0.182137060857969,-0.136396198112762,-0.0609783378158987,0.122584484023366,0.00630556674884755,-0.16952752270126,-0.107873050699741,-0.186725609686117,0.0306489274339752,-0.0939737773060465,0.0835098422527317,-0.0644746661822358,0.0032891575241328,-0.0386051677179999,-0.0394157530648475,-0.0866827149645319,0.169141571863153,-0.133838594102145,0.0132888758359414
"27",0.167619295065431,-0.23801486773954,0.206973121513052,0.0318010676525181,0.195812985688891,0.208373875532087,0.0781457213698333,0.0215286649376805,0.0500371186168567,-0.0982764091165311,-0.0636446121955298,-0.211382220732712,0.117900386029433,-0.0110025135800277,0.145387588415823,-0.104109342827209,0.0972598670537387,0.0729270880331802,-0.10549896757208,-0.132319976439063,0.0733298726244967,-0.136330178771806,-0.0267386010671214,0.0473854989238728,-0.0281565933066548,0.0885113883830192,1,0.0987741502508805,-0.0984704138459784,0.0911103683353169,-0.180717764466658,0.114715388640567,0.0123760531873332,-0.0830179365434265,0.0194706561532047,0.0832200084620512,-0.0574657389074374,-0.00667382674871566,0.0624916484162511,0.0867775643955996,-0.0531316961339943,-0.0352200180344748,-0.0707652321013508,-0.0373177696193937,-0.107366214577286,-0.11361897775083,-0.116367992527857,0.0884060450450283,0.0999451681581694,0.0634564401116325,-2.7920734278017e-07,-0.00443254616537461,0.10319004751093,-0.178874200150728,0.0435494647877451,-0.207013197961432,0.128724298662381,-0.00834095633890499
"28",0.177224253442738,-0.0311278355345635,0.145297464257742,0.0482139612894844,0.0527147900842247,0.086368949785611,-0.0346921120805969,-0.0838808642596602,0.0303684843399952,-0.00081520128135375,0.0846173848803091,-0.110081942680907,0.0526935873178757,0.0531460370690365,-0.0253495384604404,0.0232882814028642,0.106560534011662,0.0539727282034351,0.0316229269078275,-0.165802148226735,0.212273742664342,-0.183470121645822,0.00696811542245271,-0.0115695261964733,-0.143336557181634,0.0450394929796701,0.0987741502508805,1,-0.0190356444471874,0.0551943103314103,0.0582385993061788,-0.0390832506834295,-0.0818624189938079,-0.133833912729529,-0.169465821429857,0.00417301331437407,-0.0841932161900313,0.116180701076643,0.013777158731111,0.12263114250377,0.0625282492676936,0.0634595081988471,0.112576513516968,-0.138123926483315,-0.0292647904742849,-0.0168661262684118,0.0201914741689522,-0.0545678023533284,-0.0584127692525902,-0.0305085259106288,-0.117995848543577,0.0429468847858048,0.00881627576607239,-0.117823438423219,-0.137352624644182,-0.0585457574888594,0.0204803770637517,0.0536337943689502
"29",0.183140403216072,0.227117137259384,0.0252545219501738,-0.0662079274226931,0.0950655953052846,-0.0509151761110972,-0.218314703674539,-0.153640949817204,0.136114902811693,0.00164220093170598,-0.0695837693941225,0.0831646859371212,0.0742866065257749,0.028802140715815,-0.0256539832310997,0.074714305823227,0.00480926680238054,0.116132972880301,-0.118411085214389,-0.0675070144239379,0.0598621072284104,-0.0575126125563581,-0.22073060635332,-0.0363329293825379,-0.198198148787904,0.0363370007121701,-0.0984704138459784,-0.0190356444471874,1,-0.103061724448257,0.244498690670979,-0.0833536009662643,-0.255232084385797,-0.0479695088914449,0.116888254461184,0.0147257214611586,0.099651884012421,-0.0340926204108756,0.244073735094169,0.0839102966386083,0.211861385960369,0.126297558011469,0.0073719708001163,0.15272592381698,-0.0219169445009528,0.106192394714911,-0.212042028387782,-0.0724827117731986,0.0740124871186266,0.128895810707005,-0.133019074630042,0.0704110002463709,-0.19045317524038,-0.0656759724333354,-0.222908983496576,0.00628853662751619,0.0890181250917253,0.0495973770976278
"30",-0.0478039843354058,-0.112956379505572,0.163365891466754,0.119832474012316,-0.0579430819057982,0.211393103954221,0.0380718601337185,-0.085649641697192,-0.0633393402685319,-0.00514908185882858,0.0171826324619976,0.0582815059455516,0.00079914898042653,-0.0977672988256233,0.167429902563703,-0.0970536108825537,0.0371106435384265,0.0352093703248678,-0.0233389018521244,-0.00386418643034877,0.0673691353790881,0.00386414263460864,-0.242613583788166,-0.172320599445088,0.121171554355854,-0.225454362177588,0.0911103683353169,0.0551943103314103,-0.103061724448257,1,0.00392099572366311,0.16506063183264,-0.0110264901650804,-0.0550262431792926,0.0960387456610259,-0.146759480013198,-0.131142655311478,-0.00967472980985686,-0.113854803946586,0.00178836690837531,0.182702820845061,0.230142260527291,-0.148095570206483,0.0826940865868693,0.0848981242938056,0.0903981586941759,-0.0108895866828303,0.134824335260175,0.0139586472912776,0.0892622186235813,0.248522043111736,0.150808391085466,0.142927142798167,-0.0157067700295031,0.074705268637027,-0.153201685497751,0.186487463809718,0.183284605771007
"31",0.0432073124193238,-0.084808198575981,-0.049624616553552,0.0832040535240475,-0.112221584993733,-0.0587156894781128,-0.122309812003424,-0.0113406339957291,-0.0829559535442224,0.0488579493400745,-0.0064787339680491,-0.0917946969255808,0.17513516444287,0.0322131705416516,0.055082297565243,0.0297012622149787,0.156279897809143,0.0781671775812848,0.174176857117152,0.0145870170754229,0.172769626530122,0.118048269362244,-0.270335439217384,-0.178830036367468,-0.10067500413565,0.00719366645238086,-0.180717764466658,0.0582385993061788,0.244498690670979,0.00392099572366311,1,-0.106739384269212,0.0488814988730604,0.0825224679511782,-0.0791780430906901,-0.0219296644450445,-0.0121770013742734,0.00273730665931786,0.000119591317307,-0.131797568898742,-0.00763846302118373,-0.0461923500016855,0.0758595027893546,0.0744542324487042,-0.0662740966618438,-0.0529876733876166,-0.172087657068143,-0.0531509318401987,-0.0112426728204284,0.220691813804387,-0.185342768197036,-0.106561650987836,-0.218976430184587,-0.0530076132577141,-0.190689061124321,-0.158730540772091,0.066379381660255,-0.0680065609636634
"32",-0.075230174125028,0.0394281946186254,-0.0382596126535467,-0.0995826758426977,0.00522214241602061,0.0569311674369341,0.190572370545192,-0.148196761523852,0.0179535186203104,-0.0170609462260296,-0.125104732233569,0.0780237253905429,-0.0193902720816927,0.0864310198698567,0.0922150054806708,-0.165426079932389,-0.11868138571355,0.0872556098354827,0.149291349813918,0.0873141265920447,-0.034818969521031,0.0660949680990363,0.123864321908772,-0.089943135473454,0.257790595866191,-0.0222195328805774,0.114715388640567,-0.0390832506834295,-0.0833536009662643,0.16506063183264,-0.106739384269212,1,-0.161367163288757,0.0634754298849792,0.0129320582808087,0.0132836677439671,0.015153038299708,-0.122733703953413,-0.0117276394769266,0.0877112095331954,-0.171272532393668,0.1854591893014,-0.100555295427406,0.0565806774744865,0.0852342248429704,-0.0552178085136258,-0.0568635778609197,0.149491653575841,-0.0142752013405656,0.185905300271462,0.179385597698096,0.217209716465751,0.0832956535228708,0.0100150057370787,-0.0378108601214752,0.0258818404427348,0.0163954139658638,0.00747468569066941
"33",-0.0595632630551319,-0.233897796434379,-0.134885261728051,0.101406692586492,-0.0588132579791656,0.127788306744254,0.0253223923064935,0.102881432947164,0.0916984254312065,-0.0646868680585289,0.0201817285278516,-0.244910325862738,0.00183181917905372,0.0571059188801588,0.0633733379289649,-0.0932758344996796,0.231191235284645,0.0655004943085263,0.0803479766870426,-0.0173958572281142,0.14337916437042,0.0246744443717144,0.148201633117568,0.0249143106655872,0.0519805716762021,-0.0577318392409686,0.0123760531873332,-0.0818624189938079,-0.255232084385797,-0.0110264901650804,0.0488814988730604,-0.161367163288757,1,0.00126338438553344,0.00031151829700331,0.151349423329334,-0.010240124987602,0.0108097608958332,-0.156433286458071,-0.176738036240511,-0.0345218103156721,-0.0762906382044296,0.0154710909878614,-0.0669618799241241,-0.198488130166002,-0.121267839598744,0.191656567859188,-0.101845605231921,-0.177099612120411,0.00709201558576081,-0.0658251079556211,-0.0243953842029111,-0.0253160456217966,0.142121726134358,0.00217954922720278,-0.0190278405399361,0.0712282516899905,-0.0386635164144861
"34",0.0468065420588767,-0.0284120405482671,0.110128826059383,-0.00977308277169123,-0.129822951697281,-0.0112914444090479,0.00516256831688107,-0.0969904393008413,0.00995324656286075,0.270292022849711,-0.17626141097221,0.134317365627527,0.0962324120810223,0.107856111470566,-0.0764317921298852,-0.0278591192739663,0.0913694855582086,0.0873331637750384,0.131875573135271,0.0539613846437327,0.0653309296693831,0.135235252848421,-0.0658246798089576,-0.115931817694216,-0.228881243094629,0.181129494324125,-0.0830179365434265,-0.133833912729529,-0.0479695088914449,-0.0550262431792926,0.0825224679511782,0.0634754298849792,0.00126338438553344,1,-0.158951584135599,0.0103510059041239,-0.0465590751883511,-0.156124638845217,0.00688793730384034,0.15066145372629,-0.0334571964271141,-0.0176840184517826,0.157861063726649,0.0518686460385579,-0.101601156085044,0.0145475989124021,-0.018286141646022,-0.0486611271671799,0.1019583970252,0.0729188184148445,0.0376112618116902,0.036138736279461,-0.0364433271494501,-0.195619934015749,0.0566241881398631,-0.146122909430976,0.135731976985097,-0.202536717115334
"35",-0.214965413692895,-0.0196518811749874,0.0218205324402373,0.138275472925783,-0.0442744530294198,-0.139006035792648,0.171839608421312,-0.0192391232923931,-0.140998552752926,-0.0104747506245807,-0.136342715272468,0.131763484007263,-0.0610938972283058,-0.138693977404639,-0.0207704969679812,-0.0584701170042037,-0.0455691100208768,-0.0929372011518737,-0.0682141459170321,0.0351209914544889,0.134134846290489,0.0722179558799404,-0.0700037834431636,-0.0508766576725218,0.0383320471584298,0.0154616157278527,0.0194706561532047,-0.169465821429857,0.116888254461184,0.0960387456610259,-0.0791780430906901,0.0129320582808087,0.00031151829700331,-0.158951584135599,1,-0.00464882288163473,0.111674608507493,-0.0214808887803338,0.181089160564527,-0.148920946464116,0.159065665282707,0.111582986667207,0.00758389629754618,0.154666129540813,0.194261504007329,0.26103408195657,0.01618606883798,0.141591325988405,-0.0805874602624962,0.145270742219129,-0.0116158082569452,0.0334371802435672,-0.00559139754014435,0.13032230796643,-0.100194181387576,-0.0236796501407536,-0.107672764884974,-0.0127215898785445
