"","l_Insular.Cortex","r_Insular.Cortex","l_Amygdal.Area","r_Amygdal.Area","l_Bed.Nucleus.of.the.Stria.Terminalis","r_Bed.Nucleus.of.the.Stria.Terminalis","l_Hippocampus","r_Hippocampus","l_Orbitofrontal.cortex","r_Orbitofrontal.cortex","l_Entorhinal.Cortex","r_Entorhinal.Cortex","l_Frontal.Association.Cortex","r_Frontal.Association.Cortex","l_Globus.Pallidus","r_Globus.Pallidus","l_Glomerular.Layer.of.the.Accessory.Olfactory.Bulb","r_Glomerular.Layer.of.the.Accessory.Olfactory.Bulb","l_Glomerular.Layer.of.the.Olfactory.Bulb","r_Glomerular.Layer.of.the.Olfactory.Bulb","l_Granule.Cell.Level.of.the.Cerebellum","r_Granule.Cell.Level.of.the.Cerebellum","l_Hypothalamic.Region","r_Hypothalamic.Region","l_Entorhinal.Cortex","r_Entorhinal.Cortex","l_Vermix.Molecular.Layer.of.the.Cerebellum","r_Vermix.Molecular.Layer.of.the.Cerebellum","l_Lateral.Molecular.Layer.of.the.Cerebellum","r_Lateral.Molecular.Layer.of.the.Cerebellum","l_Anterior.Olfactory.Bulb","r_Anterior.Olfactory.Bulb","l_Posterior.Olfactory.Bulb","r_Posterior.Olfactory.Bulb","l_Subiculum","r_Subiculum","l_Perirhinal.Area","r_Perirhinal.Area","l_PreLimbic.System","r_PreLimbic.System","l_Primary.Cingular.Cortex","r_Primary.Cingular.Cortex","l_Primary.Motor.Cortex","r_Primary.Motor.Cortex","l_Retrosplenial.Cortex","r_Retrosplenial.Cortex","l_Secondary.Cingular.Cortex","r_Secondary.Cingular.Cortex","l_Secondary.Motor.Cortex","r_Secondary.Motor.Cortex","l_Striatum","r_Striatum","l_Ventral.Tegmental.Area","r_Ventral.Tegmental.Area","l_Substantia.Nigra","r_Substantia.Nigra","l_Thalamus","r_Thalamus"
"1",1,-0.0867546503704917,0.173927030769692,-0.0866276331434893,-0.0133843759068245,-0.0878066970499291,-0.00566961224935885,0.0587495509680923,0.0137841381312625,0.0333449176912175,0.0360579623409957,0.0586262370624032,0.0417598804190905,-0.188548285100292,-0.131988983371138,-0.0516018219804082,0.00318328855288018,-0.186026031060232,-0.0179345000354157,-0.183430161687511,0.0494102676238124,0.00697632127511775,-0.0916014692244014,-0.119295153729697,0.0349044673128987,0.0507928428957702,-0.0421963695188259,0.0279008807608187,0.02715195697258,-0.0509004900711781,-0.104021667350366,0.0923699208241472,-0.0129802491262549,-0.0304372318747117,-0.0168338759800839,0.0934457619702352,0.0480748786004777,-0.122192093686339,0.114744718804082,-0.157196541830375,-0.0546732901220038,0.0029435254331719,-0.010279671220573,0.115964223529897,0.0777681626676287,-0.0313771952122718,-0.102146879138413,-0.261466908871045,-0.00150836290297964,-0.134370711615686,0.00970351118676789,0.0620809433154119,-0.00515914051201329,0.0475256302311675,0.028180078677957,0.0567368832896612,0.0415457865903756,0.107540470090273
"2",-0.0867546503704917,1,0.0507559073201086,0.107447499047755,0.00761557639007436,-0.0273372230212911,0.07117428967063,0.0665784998978044,-0.0418704334975979,0.218726745268902,0.0501970051407799,-0.0393637591711992,-0.0620390676422191,0.204580369070303,0.0143869736114567,0.0902534271765205,0.139154473059661,0.176394612997782,-0.0401621451976407,-0.0313740719689173,-0.0312360312300498,-0.00159237152881322,0.195312623990535,0.248110600861213,0.0731983485266691,0.0965097000444082,-0.107088280518547,0.0350577243570816,0.0567373281228044,0.133699393859278,0.0654756977991516,-0.0357458087842488,0.0844678791835109,0.153881479012868,0.0570435341825693,-0.089861988847296,-0.00694948647166477,0.0308674804127289,-0.0840866473503747,0.220708481708628,0.164917285444746,-0.00666528021995865,-0.0634941967566129,0.121992865220388,0.242027556461625,-0.115543147694979,0.0990379707647246,0.149234042911962,0.0109456323712615,0.112547747172636,-0.0429826067240255,0.0853149191897756,-0.238657403846052,0.196701337838476,-0.0942204739378971,0.0118252796915288,-0.183486206560626,-0.153194939050461
"3",0.173927030769692,0.0507559073201086,1,0.0341995888640078,-0.0495959264886662,0.141162625307606,-0.0890876485015221,0.0636017682261732,-0.059346662189049,0.334223362064591,0.106214352655202,0.247048166501129,-0.124543433572756,0.00167603053485428,0.0564154114840345,0.0647230893828672,-0.0358559959913666,-0.0822498847949535,-0.0713583971381349,0.041108519819168,-0.181010911761124,0.0896070783712404,0.073664620449211,0.0858154206350354,0.139374517448539,0.204303822510427,-0.161812051448521,-0.0182531931346839,0.134580572155544,0.106982024789273,0.154730318474653,-0.0808686730802684,-0.0326598920063386,0.0319771155302099,0.0778176972147112,-0.00758410168952997,0.148616584987023,-0.0360686566428077,-0.142766836031637,-0.188531837930341,-0.116303452082,0.00666371733665562,-0.0910236542533977,0.0681052870503712,0.160894336605499,0.154003532478953,0.0237427923084188,0.0995007651256573,-0.0694980550452621,-0.0953020858410828,-0.110103549924408,0.117474065017383,-0.0837373752389469,0.15343116353182,0.0933617168512861,0.160833696237246,0.0285144618907232,0.0877212752995792
"4",-0.0866276331434894,0.107447499047755,0.0341995888640078,1,-0.0357781834743586,0.0930318786148988,0.0811483989956811,-0.0296004898745174,-0.00157127538494714,0.0566451831261681,0.203446045233704,0.0561685015476741,-0.211529906017578,0.0582900105579712,0.0015566355401713,0.108602031512279,0.17666383754719,0.0395469158532159,-0.0932152955716426,0.0340517203757452,0.0799278998021397,-0.147928703626722,0.105858321208686,0.162525931538497,0.0369342254965996,0.289526419293985,0.155562011311086,0.0141113569975268,0.0992906402743612,0.0742882830238629,-0.0848096353408361,-0.0275161077953528,0.03031993912335,0.0361489438581001,-0.134146331944786,-0.0492793475776025,-0.0768386092720018,0.00153731186052146,0.0291792607571586,-0.0786353799036665,0.150222079125035,-0.00048035975809819,0.220403355739339,0.00200086409791522,0.254003051957507,-0.0487568174731361,-0.0743948856887924,0.0253127200851536,0.038793912468616,-0.0104556838722806,-0.140807180813875,-0.0465772805936401,0.0482050423362078,0.313069020602967,-0.1818140765553,0.100698283521778,0.0730390968991633,-0.145643879887694
"5",-0.0133843759068245,0.00761557639007436,-0.0495959264886662,-0.0357781834743586,1,0.0302136222986311,-0.165163600772791,-0.122015120429519,0.258044239126037,0.0675202451312912,-0.129595243375229,0.0126086790344018,0.118024033979012,-0.0571532867845834,0.179343929130543,-0.248073714224736,-0.125437406010126,0.0903179180492422,-0.0448019073234414,-0.154837632226892,-0.113562234925386,0.315678047516158,0.0869527425780554,0.00154933010896113,-0.0121703633665816,0.038747464233755,-0.243596949788613,-0.116417732314642,-0.0829354278089244,-0.0974880807999058,-0.135864640041711,-0.256202391205353,-0.133950077641866,-0.0719600614874127,0.00047134062965826,-0.121509379300573,0.0665251606639452,-0.106744345601596,-0.0284395050010208,0.0796258869005191,-0.0593927673521219,-0.13267239226443,0.196393203048635,0.0266137802280665,-0.124657003706424,0.0232650310648498,0.00851775019673746,0.0585423551095142,0.215384341520597,-0.161566896680556,0.104394933990087,0.173261257201735,0.0659836869557441,0.117926618507503,-0.0665823789255802,0.0433434664791455,0.201895062424813,0.0474149756258268
"6",-0.0878066970499291,-0.0273372230212911,0.141162625307606,0.0930318786148988,0.0302136222986311,1,-0.0329177821034854,0.0717098390849079,0.184327546230828,0.0579254887964904,0.0232819357210659,0.0529816467968985,-0.0588298257734634,0.0677406951413481,-0.0318914168159379,-0.130644676918298,0.0268513431017959,0.117399372141873,-0.115971468693758,0.163440741693824,-0.046293748134324,0.109765979678981,0.102073391355154,0.100649738406801,0.0531525383275594,-0.0366511887357172,0.0825632538120482,0.0617090489486373,0.18062634815826,-0.0460646395807357,0.0603811722974955,-0.0150245817036928,0.0223150684055577,0.0628346209459197,-0.0188355441798787,0.00889685099048757,-0.0932984857253344,0.0244643794408982,-0.108619813928495,-0.0836272991081425,0.0713727469036614,0.0243427076317919,-0.109133647025618,-0.116781703517194,0.0128588811216045,-0.215226562341333,0.166513634782869,0.16475831247453,-0.0294861343176,-0.0681013884440874,-0.0342570630862365,0.0523667380229033,-0.0903581171984871,0.0272970987760282,-0.0586687510357016,0.126805036036102,-0.0878582603954915,0.101697975698237
"7",-0.00566961224935885,0.07117428967063,-0.0890876485015221,0.0811483989956811,-0.165163600772791,-0.0329177821034855,1,0.0275246860276012,-0.226389246584538,-0.00644892536490584,0.0933736455958285,0.0297276758952079,0.0738981174589302,0.0479709386342237,0.0228274938440718,0.219342022371612,0.0585956909030304,-0.00509247100480636,0.119495069655681,-0.176180398661373,0.0907451431629134,-0.0944913500959539,-0.0616376024497377,0.0102859579275638,-0.0383306313645418,-0.102310206544618,0.0373638157052326,0.0590546923257345,-0.165768211647843,0.1365186308803,0.0272963609137319,-0.060397928903288,0.0366859118460907,-0.184796531147442,0.0288745320875328,-0.027548169268859,-0.0309661333374259,0.042764009760105,-0.0761951628425523,0.0584921156816345,0.0115558274136895,-0.0308166939965354,0.248141875567376,0.0581880136830244,-0.0446418395331423,-0.10715856750398,-0.0216454241103945,-0.0440300466319864,0.0691070707107782,-0.0118297209446098,-0.102961833949609,0.0245916137324245,-0.0644231952542701,0.0256138276225852,-0.0031851611199212,-0.0843490393497134,-0.0372935982985005,-0.096278609797201
"8",0.0587495509680923,0.0665784998978044,0.0636017682261732,-0.0296004898745174,-0.122015120429519,0.0717098390849079,0.0275246860276012,1,-0.0758113858207128,0.0234142797333058,-0.0240732382986456,0.158350694872113,0.00573626691278092,-0.165668993277989,-0.0543540865576556,0.0884627813440291,-0.150612914750515,-0.00853823535285101,0.00769640019438596,-0.00396289927861564,-0.111281940708383,-0.0521712896837011,0.0319077183231103,0.109498238213361,0.0202996228460398,0.0678855195260775,-0.0297693771536884,0.00803496412980721,0.15771025118886,0.0938408413637907,0.00602582683003438,0.122266910188351,0.119882592481663,-0.0749716437819499,0.0490683536403779,-0.128314044803449,-0.0217261463102865,0.0763254706752962,-0.0634093717409772,-0.0008117797008871,0.118607636291564,0.0192548708427101,-0.121099847697352,-0.0499592833911206,0.286253651984888,0.0354496831661283,0.0612620215478134,0.00174783876035131,0.140312255088474,-0.0145501734153198,0.094594061509319,-0.100786411104371,-0.136546252069545,0.0586366326645092,0.055212448721814,-0.138994314983986,0.0913763405477084,0.125806967499261
"9",0.0137841381312625,-0.0418704334975979,-0.059346662189049,-0.00157127538494714,0.258044239126037,0.184327546230828,-0.226389246584538,-0.0758113858207128,1,0.0475334598017156,-0.0343716165273006,-0.133048638821608,0.136007217542445,0.00163335641100536,-0.071901962062752,-0.129125712355964,0.0751408121991922,-0.10116754044403,-0.167153545188937,0.033075378096433,-0.0274158469779448,0.157501122693417,-0.0554655556256999,0.0057431711702172,0.0520215681614407,0.163953961276003,0.0438709972806955,-0.0835267302379311,-0.0112009905185432,-0.0662534664556898,-0.14471620398734,-0.01537705900515,0.00902051397683064,0.00992622694162752,0.100626678389252,0.161006238223015,0.0500477060550671,0.0268123899272951,0.00446989306431986,-0.0589750756529124,0.067246487117566,-0.0244411513272098,-0.0280212852034867,0.00055389072952307,0.0202695247485702,-0.0474383064617097,0.0305980336637826,-0.0126861496480378,0.297766132498436,-0.0108816637040739,0.239028383742823,0.086561596248731,0.0761702539733471,0.157105413359912,0.137880673668217,0.131700035189026,-0.0407558607378233,0.0865911339414022
"10",0.0333449176912175,0.218726745268902,0.334223362064591,0.0566451831261682,0.0675202451312912,0.0579254887964904,-0.00644892536490584,0.0234142797333058,0.0475334598017156,1,0.0518808759060928,-0.0737115057324993,0.102926301222108,0.156472047576914,0.149718364324744,0.0370282188171436,0.0839566453125584,0.0898930325975615,-0.11664343478978,-0.168888003768658,-0.0410598206027769,0.0941654054123214,0.170327650233426,0.184575897570062,0.00961528481322637,0.0496970596337427,-0.238719769877199,0.0341562458996314,0.080699986856235,-0.0436217390309992,0.178855921792344,-0.125939496615544,-0.0367367220321999,0.121114371462827,0.0175781612449627,0.0456347564950955,0.149245976470002,-0.0852280638380457,0.120367419868827,0.17432482845769,-0.0563778976847187,0.0671250036006146,0.0299622104404222,0.352796913207993,0.132720757190443,0.12704425316119,-0.00102064934857325,0.0109952209465486,0.143804492225394,0.110215466274064,0.165177761480474,0.125632021554557,0.00099641430164705,0.149074039866042,0.0751210031085916,0.116558789689113,-0.103704188723503,0.0233680695710547
"11",0.0360579623409957,0.0501970051407799,0.106214352655202,0.203446045233704,-0.129595243375229,0.0232819357210659,0.0933736455958285,-0.0240732382986456,-0.0343716165273006,0.0518808759060928,1,-0.0344493253045497,-0.117912015322653,-0.0175070331242856,0.0191237738229744,0.0475885031453707,-0.109114012957965,0.0907803440213652,0.11530949505519,-0.0724145290016896,0.0637747486612061,-0.0576289430482487,-0.0130613426286996,-0.0847166034334905,-0.114923332254773,0.167973992683363,0.248618304022644,0.188968690016355,0.0268141997661653,0.132905223095901,0.116177069325826,-0.103079558118824,0.120532751613769,0.214379475240869,-0.00846646650629906,-0.0205467959969043,-0.0706528991215031,0.0834087070265224,-0.00384983084843247,-0.0547418092719843,-0.116698928487531,0.0300276617394224,0.00095861277948739,-0.0316063141013669,0.0425721998411736,0.07003987487324,-0.0544542585290158,-0.0927750221732268,-0.0993593611414067,0.0760958488609362,-0.112229192279079,-0.164998186263734,0.048319606056513,0.1121854516576,0.0524498388181796,0.151883164677622,0.0757560901902599,-0.0542806353515737
"12",0.0586262370624031,-0.0393637591711992,0.247048166501129,0.0561685015476741,0.0126086790344017,0.0529816467968985,0.0297276758952079,0.158350694872113,-0.133048638821608,-0.0737115057324993,-0.0344493253045497,1,-0.0760261927943092,-0.1425616813319,-0.0667781424723664,0.204783189519714,-0.24784429062523,-0.0419446887679665,-0.159680084264602,-0.0942819789738215,-0.162003144746216,0.00299704442347806,-0.156264134861417,-0.0772449354274124,0.0443168156239965,-0.0507322426915361,0.167015486983399,0.226752526450981,-0.00676186873868225,-0.0107064714847283,0.00419838670615072,-0.0921209981381296,0.128383730349729,-0.156984490894989,0.0365186343260984,-0.0830098117392522,0.159021018941392,-0.0155098683570074,-0.0721465188255956,-0.187192925420763,0.00387531846582973,-0.114637821476016,0.0725926503853893,-0.0580187094463638,0.0376272729497769,-0.13416729312789,0.147769131147581,0.125949956279868,-0.188580826436642,-0.0944978754506504,-0.0175956995735044,0.0501728087991917,0.0992248814502936,0.320637057351549,0.0884628689003015,0.265625098320522,0.133852786843474,-0.0983239565459795
"13",0.0417598804190905,-0.0620390676422191,-0.124543433572756,-0.211529906017578,0.118024033979012,-0.0588298257734634,0.0738981174589302,0.00573626691278092,0.136007217542445,0.102926301222108,-0.117912015322653,-0.0760261927943092,1,0.0124701486517703,-0.0615472952676236,-0.131482732646317,0.0462697356657514,-0.236133877554226,-0.0123325099697091,-0.0832648586217303,0.0126859307879119,0.297820225490129,-0.108880017162592,-0.0306279089873872,-0.162902775350431,-0.0919162269003215,0.0203673868393247,0.0108983222891121,0.029427157159499,-0.17826314719862,-0.0891332955937066,-0.044960840748443,0.0852367783738511,-0.0245490326505392,0.00255415815920107,0.11867307489235,-0.0768659267441699,0.0575088682947694,0.0296679351724708,-0.0635531525157193,0.110072482487666,-0.112563102208291,-0.0110792228335261,0.137098354562739,-0.105154879682596,-0.074956658614278,0.0253529305684674,0.00590184213324493,0.541711607451145,0.0435548645683366,0.314807656043549,0.0741504372426893,-0.0414022707966157,-0.0517702168065582,0.267954415388311,-0.126337721175082,-0.0486140172685461,0.023756907115747
"14",-0.188548285100292,0.204580369070303,0.00167603053485428,0.0582900105579712,-0.0571532867845834,0.0677406951413481,0.0479709386342237,-0.165668993277989,0.00163335641100536,0.156472047576914,-0.0175070331242856,-0.1425616813319,0.0124701486517703,1,0.0450306060118633,0.0313696154303729,0.0873636757853125,0.304603749896711,0.0406526404018566,0.162640085004959,0.00277546403629483,0.0785443573102162,0.275750933803045,0.192516225587773,-0.0204156218568686,-0.241821829616879,0.017843520124511,0.106627668320209,-0.122589613748844,0.0570843891393781,-0.0425799672074191,-0.111170129631646,-0.084928977613681,0.0829482143389966,-0.119595229927766,-0.228907191624138,0.00900546411369723,-0.0478636566615129,-0.0710638957599104,0.0666044174293389,0.0373402906549044,0.104585346679601,-0.0375631832629304,-0.0388641289211621,-0.0688740329210378,-0.0523919735419725,-0.0350497633657152,0.0122706482379295,-0.0833226023836656,0.570117253251937,0.106853014188044,0.194283147931911,0.0303956573487344,0.00110341426175865,-0.0915355214643759,0.00052886425510056,-0.0668970262421403,-0.118545518217742
"15",-0.131988983371138,0.0143869736114567,0.0564154114840345,0.0015566355401713,0.179343929130543,-0.0318914168159379,0.0228274938440718,-0.0543540865576556,-0.071901962062752,0.149718364324744,0.0191237738229744,-0.0667781424723664,-0.0615472952676236,0.0450306060118633,1,-0.192469913230794,-0.0141108832689435,0.061820437450504,0.119961181594603,-0.0497312890786909,0.0156485162316767,0.0770755106765432,0.268750602142401,0.108145055341238,-0.047535991850301,-0.0965130410395996,-0.222143886366404,0.132944314334614,-0.0286752106365381,0.130926888754109,0.130430664071191,-0.208381239116274,0.147721225834949,-0.0293455736874349,-0.265770421395005,0.00396363387037724,-0.132105390792002,-0.0639494648927346,-0.119644066543816,0.0833894845841569,-0.314806546924367,-0.0941589688980879,0.099849216650815,0.198377774713031,-0.0615309990586024,0.137926603637595,-0.0487957350430741,-0.0505297479302599,0.0160096324852901,0.0663576462625013,-0.0580224377701836,0.103729649498531,0.00505945396808864,-0.130008498117181,0.0149335998896068,-0.115442158244831,0.0618560244785689,-0.0465657300401753
"16",-0.0516018219804082,0.0902534271765205,0.0647230893828672,0.108602031512279,-0.248073714224736,-0.130644676918298,0.219342022371612,0.0884627813440291,-0.129125712355964,0.0370282188171436,0.0475885031453707,0.204783189519714,-0.131482732646317,0.0313696154303729,-0.192469913230794,1,-0.119589720995219,-0.0647289684299154,-0.139348010678387,0.0550207569211063,0.0490799059306957,-0.157855802253888,-0.149392584888055,0.0687150870490618,0.00436053156002704,-0.0543086827194337,0.0693265728582812,0.00999029756548908,-0.22229414461264,-0.0211527616958179,0.0272015964882178,0.154875773015729,0.0112488763733293,0.0790733793805105,0.0960524015363484,-0.105740164910609,0.0498730901543342,0.0771896050355056,0.0126587845804314,0.035187704039554,0.0206028743836743,0.177136795719539,0.141450371343682,-0.0648583352454554,0.224875018363891,-0.0396490479386006,-0.130762974141811,0.0810345368531173,-0.0895566744779192,0.14749497809991,0.0367824679350712,0.0822587197123631,-0.0317001335090501,0.169882768095933,0.0101450424398727,0.0586574971950004,-0.139137171589858,-0.171606247916577
"17",0.00318328855288018,0.139154473059661,-0.0358559959913666,0.17666383754719,-0.125437406010126,0.0268513431017959,0.0585956909030304,-0.150612914750515,0.0751408121991922,0.0839566453125584,-0.109114012957965,-0.24784429062523,0.0462697356657514,0.0873636757853125,-0.0141108832689435,-0.119589720995219,1,0.00905857969769491,0.141839857639398,0.116111243079076,0.107929751330283,-0.0250845643480157,0.142703164460918,0.121739380363708,0.0566134115873669,0.1493920125996,0.0798114563529082,-0.138417047444987,0.0955620665126064,-0.047327734477362,0.0740598309874853,-0.0371584141010763,0.07023901568644,0.0878802552926464,0.0257825032175655,0.0514192932794166,0.0392224088491109,0.0269264608916744,0.0195078945537684,0.208779801545079,0.139161866185019,-0.0784242472408937,0.0664324808389287,0.247784610363134,0.061747957700289,-0.0684514230220772,0.0722389245086031,0.247711610109004,0.334267215338139,0.029504801499187,0.00488928532867854,-0.0144111792193904,0.0197709783119986,0.114796585814633,0.0211492752695204,0.0173920876439538,-0.0910465822429868,-0.00255783911662767
"18",-0.186026031060233,0.176394612997782,-0.0822498847949535,0.0395469158532159,0.0903179180492422,0.117399372141873,-0.00509247100480636,-0.00853823535285101,-0.10116754044403,0.0898930325975616,0.0907803440213652,-0.0419446887679665,-0.236133877554226,0.304603749896712,0.061820437450504,-0.0647289684299154,0.00905857969769491,1,-0.016745423722441,-0.0376283073034542,-0.0476650809573402,-0.110854877785973,0.221228324322919,0.128464829454227,-0.0672766508297492,-0.112471229804891,0.158839981847341,0.130930745255213,0.0109971270393745,-0.0362405177042654,-0.0094106054378708,-0.0926214867339425,0.0452652510895993,-0.0358219591485723,-0.0925969317972083,-0.255942503397785,-0.0483901612861479,-0.198084110977612,0.00983904358516958,0.203094316416496,-0.0148233726043919,0.00524477065566311,-0.0438794435781317,0.00194070261757459,0.039584391857995,0.00702352654498608,0.0222850350759803,0.0399244399696929,-0.109548301648724,0.289082322018768,-0.0746340195394001,0.0373506491602149,0.0208064669891465,-0.153266100735406,-0.0568460161072869,-0.0438280705328036,0.154429716131644,-0.14675705505667
"19",-0.0179345000354157,-0.0401621451976407,-0.0713583971381349,-0.0932152955716426,-0.0448019073234414,-0.115971468693758,0.119495069655681,0.00769640019438596,-0.167153545188937,-0.11664343478978,0.11530949505519,-0.159680084264602,-0.0123325099697091,0.0406526404018566,0.119961181594603,-0.139348010678387,0.141839857639398,-0.016745423722441,1,-0.0213275068515378,0.245432767167327,0.063914945437594,0.106506039715808,-0.0732580523375433,-0.0302060720236448,-0.0221790006051047,-0.102648812141553,-0.0410512711193878,0.118757653097543,0.117527002115874,0.498609199458319,-0.064431948247566,-0.0206226836146167,0.0266085402401732,0.106251303032036,0.0240803684303859,-0.0712471666592122,0.160228431006306,-0.0525528972241354,0.116665703945759,-0.0100848984533046,-0.166445347649579,0.125433286863736,-0.0687559422801342,0.112438264636541,0.146767358484303,0.0538560042649068,-0.0100158048855362,0.00572703540227961,-0.0680715343342319,-0.079378525934806,-0.0909484504368832,-0.0724765492693384,-0.171590493582107,-0.139675128555192,-0.185866402249117,0.160450566069913,0.0680902338973746
"20",-0.183430161687511,-0.0313740719689173,0.041108519819168,0.0340517203757452,-0.154837632226892,0.163440741693824,-0.176180398661373,-0.00396289927861564,0.033075378096433,-0.168888003768658,-0.0724145290016896,-0.0942819789738215,-0.0832648586217303,0.162640085004959,-0.0497312890786909,0.0550207569211063,0.116111243079076,-0.0376283073034542,-0.0213275068515378,1,0.155065873491494,-0.0830424294899541,-0.0158486060908095,-0.0632157707141745,0.0360792768660572,0.238620258008646,0.224612532081799,-0.09831296947813,0.106412869027651,-0.0779374449741032,-0.054923915257235,0.377892623168616,-0.120267230187955,0.208139426893626,0.0392830528426766,-0.145501405371502,-0.108309219247326,0.0578501724480807,-0.0135453010987328,-0.0157546138713785,-0.0529280813304598,0.114757524207491,-0.0256732793175461,-0.197907511623146,-0.0692855675006249,0.0702976522941994,-0.0980838129399356,0.153551650542974,-0.0095635186320502,-0.0042681113451386,0.0727887934445093,-0.0897961678281931,-0.118300444598173,-0.170151252547111,0.00209384915627893,-0.118637894066938,-0.0321338536297429,-0.0552423104651526
"21",0.0494102676238124,-0.0312360312300498,-0.181010911761124,0.0799278998021397,-0.113562234925386,-0.046293748134324,0.0907451431629134,-0.111281940708383,-0.0274158469779448,-0.0410598206027769,0.0637747486612061,-0.162003144746216,0.0126859307879119,0.00277546403629483,0.0156485162316767,0.0490799059306957,0.107929751330283,-0.0476650809573402,0.245432767167327,0.155065873491494,1,-0.080324410639777,-0.101532189277315,-0.154127739294705,-0.0798020200655746,-0.0263880732362816,0.0752533516483359,0.0877242768367934,0.0719341437538789,-0.045107531844202,0.103870022180363,0.0739060728933942,0.0102303725945027,0.0444095145511392,0.0345337497169979,0.0419897578000557,-0.10012447706659,0.0462758869600639,0.124200531535783,0.136145253441119,-0.144197760853545,-0.103561398993661,0.239179503379487,0.067344667200058,0.192992360033517,-0.121212056536019,-0.0467823139803733,-0.0292187440585046,0.153359302865839,0.0272246855655904,0.0526620168437146,-0.20403578296839,0.0314834003943838,-0.158402011146249,-0.00223128382860893,-0.0640073619022795,-0.025216220831736,-0.0847405038784855
"22",0.00697632127511775,-0.00159237152881322,0.0896070783712404,-0.147928703626722,0.315678047516158,0.109765979678981,-0.0944913500959539,-0.0521712896837011,0.157501122693417,0.0941654054123214,-0.0576289430482487,0.00299704442347806,0.297820225490129,0.0785443573102162,0.0770755106765432,-0.157855802253888,-0.0250845643480157,-0.110854877785973,0.063914945437594,-0.0830424294899541,-0.080324410639777,1,0.158720268854955,0.147412788471836,0.0924102549693482,0.0951618543209676,-0.158096369919122,-0.101118625672973,0.0968188428958041,-0.0868216344289648,0.00089097740232966,-0.164150462953293,-0.074900761047398,-0.0208728754455973,-0.0077800332619638,-0.0484261225234439,0.0114524900905759,0.0669440072887023,-0.19293973164729,0.0423689239951935,0.128235395481573,-0.0147632047006179,0.117434834481887,0.00866060238855722,-0.222110072069707,-0.117640261898183,0.0532237964954921,0.0884064562955907,0.233292642943267,0.00391642034666945,0.0963461565817738,0.299161545260411,-0.0213290833385364,0.0871832945625003,0.202793751357159,0.135194977383045,-0.0841803785324763,0.168344868892707
"23",-0.0916014692244014,0.195312623990535,0.073664620449211,0.105858321208686,0.0869527425780553,0.102073391355154,-0.0616376024497377,0.0319077183231103,-0.0554655556256999,0.170327650233426,-0.0130613426286996,-0.156264134861417,-0.108880017162592,0.275750933803045,0.268750602142401,-0.149392584888055,0.142703164460918,0.221228324322919,0.106506039715808,-0.0158486060908095,-0.101532189277315,0.158720268854955,1,0.684634246649772,0.0458947078805008,0.122559386566365,-0.0279133538745234,0.142783811663175,0.162858856605012,0.201321217004092,0.284203250944928,-0.272334997944327,-0.0425224193237407,0.0752470000217462,-0.0149353285385187,-0.198824157793421,-0.128483515033049,-0.0902105788816193,-0.192644951896979,0.188403998602596,0.0766037313853364,0.0476248156854963,-0.106195096844226,-0.0259137047534936,0.088774828788094,0.0322697699049146,-0.00081271398521956,0.151030004056136,-0.0648764147884348,0.0581141983946701,-0.0777525600198564,0.177474196332185,-0.0832669287831629,-0.0649658725831689,-0.196819000211146,-0.0283638014658538,0.0464921783114821,0.0917810289976466
"24",-0.119295153729697,0.248110600861213,0.0858154206350354,0.162525931538497,0.00154933010896113,0.100649738406801,0.0102859579275638,0.109498238213361,0.0057431711702172,0.184575897570062,-0.0847166034334905,-0.0772449354274124,-0.0306279089873872,0.192516225587773,0.108145055341238,0.0687150870490618,0.121739380363708,0.128464829454227,-0.0732580523375433,-0.0632157707141745,-0.154127739294705,0.147412788471836,0.684634246649772,1,0.0996391509573016,0.104407165468377,-0.0665134327460003,0.131418817067092,0.00732932898736946,0.113369548559422,0.109595838047692,-0.14472880714529,-0.0171044023088945,0.0708988551329083,0.0116037482139477,-0.175500505900402,-0.211342893765943,-0.122351880479242,-0.0215277962136689,0.164343919674646,0.192904504570452,0.07824932441898,-0.113247840072378,0.032697331060026,0.0845363606301573,-0.131062511153222,-0.228485408246382,0.0284555188099995,0.0714033969625645,0.00559235785005831,-0.102065952298595,0.160331515663297,0.0765116531891889,0.0776299392307871,-0.0558323700165319,-0.123449724096912,-0.0611832421389884,0.148008771058125
"25",0.0349044673128987,0.0731983485266691,0.139374517448539,0.0369342254965996,-0.0121703633665816,0.0531525383275594,-0.0383306313645418,0.0202996228460398,0.0520215681614407,0.00961528481322637,-0.114923332254773,0.0443168156239965,-0.162902775350431,-0.0204156218568686,-0.047535991850301,0.00436053156002704,0.0566134115873669,-0.0672766508297492,-0.0302060720236448,0.0360792768660572,-0.0798020200655746,0.0924102549693482,0.0458947078805008,0.0996391509573016,1,0.25474613992665,-0.139467542713664,-0.00546096831279639,0.0593016015994144,0.15752883225342,0.0777126290710219,0.00936645005499049,-0.148788848422263,-0.247502567821745,0.0675123118480014,0.0681207580967985,0.0981469697844211,0.199782812698705,-0.183522309263175,-0.167701035830911,0.118542522601188,0.00292535438450498,0.130543229700354,-0.0735706136842765,0.129350929860688,0.135920185719216,-0.0593798453778952,-0.0983724580942126,-0.140183855420853,-0.198978811102001,-0.198458693870753,-0.0893109791365099,0.0559876794866687,0.0690686938255232,0.155135911036692,0.0907654102200672,0.0631387392047629,0.0655901810392317
"26",0.0507928428957702,0.0965097000444082,0.204303822510427,0.289526419293985,0.038747464233755,-0.0366511887357172,-0.102310206544618,0.0678855195260775,0.163953961276003,0.0496970596337427,0.167973992683363,-0.050732242691536,-0.0919162269003215,-0.241821829616879,-0.0965130410395996,-0.0543086827194337,0.1493920125996,-0.112471229804891,-0.0221790006051047,0.238620258008646,-0.0263880732362816,0.0951618543209676,0.122559386566365,0.104407165468377,0.25474613992665,1,-0.029776380527382,-0.0337709066253926,0.108934695550277,-0.032943899940373,0.00344221490993005,0.11525344503063,0.014601695926947,0.0385473303190769,0.102670758331128,0.0910932522118747,0.137464564078722,0.0263805432736192,-0.0400883269868702,-0.0755343370323363,0.0462496839878374,-0.0360405796721342,0.187753070590798,0.0387093301708685,0.0783363218959423,0.105526684653779,0.0114434093940552,0.0411393443516106,0.111280093497247,-0.210742266692512,0.0330447968178727,-0.038758122134024,-0.0888969213536399,0.183406906276382,0.135383425948512,0.0389612017743277,0.121675990198535,-0.0681544215558295
"27",-0.0421963695188259,-0.107088280518547,-0.161812051448521,0.155562011311086,-0.243596949788613,0.0825632538120482,0.0373638157052326,-0.0297693771536884,0.0438709972806955,-0.238719769877199,0.248618304022644,0.167015486983399,0.0203673868393247,0.017843520124511,-0.222143886366404,0.0693265728582812,0.0798114563529082,0.158839981847341,-0.102648812141553,0.224612532081799,0.0752533516483359,-0.158096369919122,-0.0279133538745234,-0.0665134327460003,-0.139467542713664,-0.029776380527382,1,0.156328802641674,0.119071539410852,-0.00512938026511136,-0.160677317872411,0.1210953711386,0.133629257918132,-0.0335305612039195,0.178847139832084,-0.00419666022669161,-0.00380476338140296,0.0151568463586827,0.00432685393680928,-0.166069612557735,0.0962228624962814,0.00812953578752473,-0.0967032402438002,-0.0650162084644829,0.00055563056497557,-0.0582024584410821,0.0473690640459857,0.0975529849830123,-0.0719167075941126,0.0812479658095771,-0.00442363415185182,-0.0170880868967009,0.148118694761942,0.0666500696847379,0.0399381979853856,0.11573691675478,0.00781893114563125,-0.0501834002121727
"28",0.0279008807608187,0.0350577243570816,-0.0182531931346839,0.0141113569975268,-0.116417732314642,0.0617090489486373,0.0590546923257345,0.00803496412980721,-0.0835267302379312,0.0341562458996314,0.188968690016355,0.226752526450981,0.0108983222891121,0.106627668320209,0.132944314334614,0.00999029756548908,-0.138417047444987,0.130930745255213,-0.0410512711193878,-0.09831296947813,0.0877242768367934,-0.101118625672973,0.142783811663175,0.131418817067092,-0.00546096831279639,-0.0337709066253926,0.156328802641674,1,-0.0985932292625288,0.0559825026373542,0.0491247824442248,-0.253633616653609,0.086291311965769,-0.141228038852366,-0.0448830079507965,0.0037994804147043,-0.110350366793007,0.188517645432878,-0.00389603506076214,-0.116783301022199,0.00312598140960283,-0.0856511081580441,0.0406301181442953,-0.0428750640139329,-0.0314544113438907,0.00479647604976703,0.0673486150607312,-0.175984757121641,-0.101044140896967,0.123283633749049,0.0529834695828987,-0.00765982152765629,0.16485383019233,0.105674751546924,0.0844932329422762,-0.00142186938162118,0.146863401074185,-0.00961433217641923
"29",0.02715195697258,0.0567373281228044,0.134580572155544,0.0992906402743612,-0.0829354278089244,0.18062634815826,-0.165768211647843,0.15771025118886,-0.0112009905185432,0.080699986856235,0.0268141997661653,-0.00676186873868225,0.029427157159499,-0.122589613748844,-0.0286752106365381,-0.22229414461264,0.0955620665126064,0.0109971270393745,0.118757653097543,0.106412869027651,0.0719341437538788,0.0968188428958041,0.162858856605012,0.00732932898736946,0.0593016015994144,0.108934695550277,0.119071539410852,-0.0985932292625288,1,0.0497123921657106,0.188683284212058,-0.00331681223415973,0.0534040322857071,-0.0150446424295284,0.153250526177341,-0.0919815807356512,-0.116496064618254,-0.0179957130370796,-0.254891461865313,-0.030613897614569,0.114334325789567,0.137091621306103,-0.105814885142801,-0.0769999332252457,-0.013323491771005,0.0838057041565142,0.174499034525832,0.245389085988842,0.0935053290660026,-0.0976146084315784,-0.0412057442120477,0.0350932265572005,-0.0499410650712473,-0.11384521059327,0.0359307324573334,-0.0748827608375917,-0.095502351361857,0.0373008987211395
"30",-0.0509004900711781,0.133699393859278,0.106982024789273,0.0742882830238629,-0.0974880807999058,-0.0460646395807357,0.1365186308803,0.0938408413637907,-0.0662534664556898,-0.0436217390309992,0.132905223095901,-0.0107064714847283,-0.17826314719862,0.0570843891393781,0.130926888754109,-0.0211527616958179,-0.047327734477362,-0.0362405177042654,0.117527002115874,-0.0779374449741032,-0.045107531844202,-0.0868216344289648,0.201321217004092,0.113369548559422,0.15752883225342,-0.032943899940373,-0.00512938026511136,0.0559825026373542,0.0497123921657106,1,0.199281790967449,-0.0397274262587113,-0.0197130748301108,-0.135513921302244,0.154881589717859,0.0148014719582132,-0.0108360032311226,0.0184698510413108,-0.23554760531199,-0.138754961139573,-0.1299992650653,0.0455246994940963,-0.0756013032365138,-0.101071091094827,0.223804101121066,0.0443901823774719,-0.125377270912083,-0.0542923963758851,-0.17808487806028,-0.0602442965439778,-0.0578845165602643,-0.160825613196617,-0.021590066347966,-0.0597402627243286,0.0285426381739398,0.0175875651015076,0.124928448131896,-0.00147332173134376
"31",-0.104021667350366,0.0654756977991516,0.154730318474653,-0.0848096353408361,-0.135864640041711,0.0603811722974955,0.0272963609137319,0.00602582683003438,-0.14471620398734,0.178855921792344,0.116177069325826,0.00419838670615072,-0.0891332955937066,-0.0425799672074191,0.130430664071191,0.0272015964882178,0.0740598309874853,-0.0094106054378708,0.498609199458319,-0.0549239152572351,0.103870022180363,0.00089097740232966,0.284203250944928,0.109595838047692,0.077712629071022,0.00344221490993005,-0.160677317872411,0.0491247824442247,0.188683284212058,0.199281790967449,1,-0.324402145089704,-0.00343046188716833,0.103575935251188,0.158788345615649,0.0887898130990976,-0.0635351563105534,0.0332268342597082,-0.0227551826620611,0.238155658716589,0.135974420796556,0.0792153540630415,0.0796102872006985,-0.0017382592443417,0.0488850284633384,0.123788320632832,0.111926202178767,0.057171685998471,-0.116202527045074,-0.0159161865485537,0.0868456829347043,0.0306251180258418,-0.119233408468782,-0.0432990165459445,-0.0103950085120991,0.0099951735831629,0.0465436343569683,0.0782984421982565
"32",0.0923699208241472,-0.0357458087842488,-0.0808686730802684,-0.0275161077953528,-0.256202391205353,-0.0150245817036929,-0.060397928903288,0.122266910188351,-0.01537705900515,-0.125939496615544,-0.103079558118824,-0.0921209981381297,-0.044960840748443,-0.111170129631646,-0.208381239116274,0.154875773015729,-0.0371584141010763,-0.0926214867339425,-0.064431948247566,0.377892623168616,0.0739060728933942,-0.164150462953293,-0.272334997944327,-0.14472880714529,0.00936645005499049,0.11525344503063,0.1210953711386,-0.253633616653609,-0.00331681223415973,-0.0397274262587113,-0.324402145089703,1,-0.0272744881012389,0.13003111842994,-0.0538451828936031,-0.0457213043019974,0.106113167686424,0.033913115758556,0.217456810570428,-0.0669818516577591,-0.0434976871739389,0.0726679198422355,-0.0397360920711322,-0.0411431200964837,0.0786069560949436,-0.0388592636726317,-0.121110569783842,-0.0462111447305862,-0.0896182566515756,-0.0584000258045124,-0.0796047392642958,-0.133606596793132,-0.10625579490898,-0.132300947987541,-0.019359976018383,-0.109572688014928,-0.0715823971130073,-0.00364081479710359
"33",-0.0129802491262549,0.0844678791835109,-0.0326598920063386,0.03031993912335,-0.133950077641866,0.0223150684055577,0.0366859118460907,0.119882592481663,0.00902051397683064,-0.0367367220321999,0.120532751613769,0.128383730349729,0.0852367783738511,-0.084928977613681,0.147721225834949,0.0112488763733293,0.0702390156864399,0.0452652510895994,-0.0206226836146167,-0.120267230187955,0.0102303725945027,-0.074900761047398,-0.0425224193237407,-0.0171044023088945,-0.148788848422263,0.014601695926947,0.133629257918132,0.086291311965769,0.0534040322857071,-0.0197130748301108,-0.00343046188716833,-0.0272744881012389,1,0.0977312443411345,-0.159361748286594,0.144979543521193,0.0435801765677325,0.00948189191055289,0.0393342190552818,-0.142110544946286,-0.103445188518394,-0.122334046259694,-0.194470138886533,0.086693994677098,-0.0749570133670017,-0.0739160708239921,0.0143685266158258,0.154035400985333,0.0119116471443186,0.0980770411785681,0.046681040123559,-0.00155701711389217,-0.0650045559915423,-0.0397845724073028,0.0730774319864816,-0.0902650654024603,-0.0531501216447614,-0.0768258609704489
"34",-0.0304372318747117,0.153881479012868,0.0319771155302099,0.0361489438581001,-0.0719600614874127,0.0628346209459197,-0.184796531147442,-0.0749716437819499,0.00992622694162752,0.121114371462827,0.214379475240869,-0.156984490894989,-0.0245490326505392,0.0829482143389966,-0.0293455736874349,0.0790733793805105,0.0878802552926464,-0.0358219591485723,0.0266085402401732,0.208139426893626,0.0444095145511392,-0.0208728754455973,0.0752470000217462,0.0708988551329083,-0.247502567821745,0.0385473303190768,-0.0335305612039195,-0.141228038852366,-0.0150446424295284,-0.135513921302244,0.103575935251188,0.13003111842994,0.0977312443411345,1,-0.00354785702259365,-0.0114834013509591,-0.0641838806964672,-0.135134736963,0.374221299919817,0.330195271500168,0.00548680814515037,0.10762431312885,-0.0315033174978159,0.120491421776813,0.0339924590020439,0.0502929832257852,-0.00266462255759748,0.0856621384151678,0.0471974075462745,0.201384204916958,0.00909645002489379,-0.0632198892446289,-0.00802252179158754,-0.0207591052966098,-0.160530924894891,0.0259857366896911,-0.158297243719426,0.077042987272997
"35",-0.0168338759800839,0.0570435341825693,0.0778176972147112,-0.134146331944786,0.00047134062965826,-0.0188355441798787,0.0288745320875328,0.0490683536403779,0.100626678389252,0.0175781612449627,-0.00846646650629906,0.0365186343260984,0.00255415815920107,-0.119595229927766,-0.265770421395005,0.0960524015363484,0.0257825032175655,-0.0925969317972083,0.106251303032036,0.0392830528426766,0.0345337497169979,-0.0077800332619638,-0.0149353285385187,0.0116037482139477,0.0675123118480014,0.102670758331128,0.178847139832084,-0.0448830079507965,0.153250526177341,0.154881589717859,0.158788345615649,-0.0538451828936031,-0.159361748286594,-0.00354785702259365,1,0.147599397045618,0.302846205438754,0.0845132925482766,-0.13143805800832,0.0601333802422772,0.0449295773875647,0.0106134761571226,0.0445308418000273,-0.153050629447683,0.178547387349091,-0.0450931888305449,0.17816236881065,0.0891195715268282,-0.0601129078691325,-0.219225280178247,0.160257087208174,-0.0224384550715546,0.112155905735713,0.0415031594212223,0.0553453656008607,0.0225563712817127,0.263615435272834,0.161391265181416
