"","l_Insular.Cortex","r_Insular.Cortex","l_Amygdal.Area","r_Amygdal.Area","l_Bed.Nucleus.of.the.Stria.Terminalis","r_Bed.Nucleus.of.the.Stria.Terminalis","l_Hippocampus","r_Hippocampus","l_Orbitofrontal.cortex","r_Orbitofrontal.cortex","l_Entorhinal.Cortex","r_Entorhinal.Cortex","l_Frontal.Association.Cortex","r_Frontal.Association.Cortex","l_Globus.Pallidus","r_Globus.Pallidus","l_Glomerular.Layer.of.the.Accessory.Olfactory.Bulb","r_Glomerular.Layer.of.the.Accessory.Olfactory.Bulb","l_Glomerular.Layer.of.the.Olfactory.Bulb","r_Glomerular.Layer.of.the.Olfactory.Bulb","l_Granule.Cell.Level.of.the.Cerebellum","r_Granule.Cell.Level.of.the.Cerebellum","l_Hypothalamic.Region","r_Hypothalamic.Region","l_Entorhinal.Cortex","r_Entorhinal.Cortex","l_Vermix.Molecular.Layer.of.the.Cerebellum","r_Vermix.Molecular.Layer.of.the.Cerebellum","l_Lateral.Molecular.Layer.of.the.Cerebellum","r_Lateral.Molecular.Layer.of.the.Cerebellum","l_Anterior.Olfactory.Bulb","r_Anterior.Olfactory.Bulb","l_Posterior.Olfactory.Bulb","r_Posterior.Olfactory.Bulb","l_Subiculum","r_Subiculum","l_Perirhinal.Area","r_Perirhinal.Area","l_PreLimbic.System","r_PreLimbic.System","l_Primary.Cingular.Cortex","r_Primary.Cingular.Cortex","l_Primary.Motor.Cortex","r_Primary.Motor.Cortex","l_Retrosplenial.Cortex","r_Retrosplenial.Cortex","l_Secondary.Cingular.Cortex","r_Secondary.Cingular.Cortex","l_Secondary.Motor.Cortex","r_Secondary.Motor.Cortex","l_Striatum","r_Striatum","l_Ventral.Tegmental.Area","r_Ventral.Tegmental.Area","l_Substantia.Nigra","r_Substantia.Nigra","l_Thalamus","r_Thalamus"
"1",1,0.0640988076161321,-0.037726532939187,0.0247115324049203,0.0399297084881689,-0.221686002579497,-0.109144147642992,0.126762712393846,0.242899744116877,0.103686921692572,-0.0876073760106526,0.00663901171747628,0.0383192950368099,0.0890319950371243,-0.139176665930448,-0.129339585274287,0.141686940681833,0.0246469529306954,-0.0516585497964457,0.0162088820118315,0.0259710214474561,0.0324205809435092,0.150001025641416,0.151720030400669,0.105458181477306,-0.0282709317244904,0.0164980954826951,-0.062380306485389,0.0357504277374213,-0.0773686608561586,-0.0583958239490779,-0.0770886859495923,0.228267573961755,0.134834432745347,-0.0797113619462728,0.0250866074002694,-0.0488137803695955,0.0582833356981246,0.309257043156506,0.198374557982867,0.0151087731386193,0.165305785165148,0.0706037647934402,0.0210015784595561,-0.14027605674215,0.064344744326644,-0.027957228640002,-0.130237152328947,0.168570963931851,0.216640651383364,0.0284269882949851,-0.0387169847196988,0.18872422756584,-0.144598660368438,-0.0404552702554773,-0.0258713628583838,-0.101301077295965,0.153123726964095
"2",0.0640988076161321,1,0.172650124727445,0.0501461951301363,0.0705438123484203,0.00694406674955662,-0.210219644416958,0.0304539449493249,0.0738209044868193,0.254021838511362,0.143407428767668,-0.113409028730403,-0.0390114586351951,0.0359981856748138,-0.0354695132837765,0.11966989216032,-0.105193066038134,-0.0905667803520976,0.00193970591632831,0.177480235255429,0.0460956530888426,-0.147496724691923,-0.056169367290459,0.0558691104195266,-0.0076538629691001,0.128744937770238,0.0191995438732221,-0.0150882807477724,0.220620994978143,0.102809534392046,-0.0902837160059358,-0.0823817932995865,-0.2050041300184,0.195408693569594,-0.0375709155450027,0.0521155134463595,0.154494871259451,0.207705875959967,-0.0885558382673149,-0.0431162102716467,0.00998293911422432,0.0458524619604666,-0.0678565719302594,0.189141415096165,-0.0104364296990647,0.198897243417505,0.0481020865579234,0.0674811330606502,-0.116831089400043,0.141561087858627,0.119187222265415,0.113391033311847,0.168283750992443,-0.0826699638015253,0.0241944368934576,-0.191271493167942,0.129426046491204,-0.117599375486175
"3",-0.037726532939187,0.172650124727445,1,0.010793912874815,-0.0648793919706365,0.173911120683712,-0.139277737846004,-0.0117209827949225,-0.0309856507511532,0.12047750343065,0.204381122955248,-0.0447878080016519,-0.0888461507195834,-0.196268175942035,0.0127641272669939,0.0250587590444426,-0.0679005420584398,-0.0872096153656586,-0.195729739454522,0.0224522202483038,-0.0479994596781388,-0.0810934950848188,-0.113041781827406,-0.187366125130743,0.0947994460485767,-0.011471516385905,0.0364869581702129,0.0544254625007843,0.00025355744064324,-0.113507984433055,-0.0523170920274725,-0.16473908121435,-0.148427139506144,-0.00894661805302381,0.0221474738535924,-0.0665784352373291,0.113679161396431,0.118926628839698,-0.0280062438091729,0.0198140572574991,-0.0188129924625953,0.0830227181893462,-0.0970039752742644,0.0935472256793895,-0.0174723460561756,-0.0148414107956787,0.099645426222812,-0.13443639281947,-0.178332157624549,-0.17326843846373,-0.0800034888405737,0.00216143915105682,-0.137417089151958,0.0453082856911252,-0.123488481000212,-0.0448706127960059,-0.0116884778974955,-0.0564977555579886
"4",0.0247115324049203,0.0501461951301363,0.010793912874815,1,0.0349958726850309,0.0249623903789399,0.0192534207459725,-0.00997754974028972,-0.113417982372427,0.0147016730590268,0.0005740429944472,0.0301669216439866,-0.0287001895861645,-0.123335658870141,-0.0792462034998583,-0.105103490313922,-0.0654674177743668,0.0232140729398125,0.0377280913306489,-7.24182363149238e-05,-0.111812199703751,-0.190913541244811,-0.167822867647404,-0.0139609788693773,0.0640235474291475,0.10798311960299,0.0726883322911587,-0.0392707784704836,0.162682818785132,0.0222570104805149,-0.00316847489826139,-0.0535514556034134,-0.0785862651686577,0.0265288783110657,0.00828914595397255,-0.309878614527785,0.0583072492850885,-0.0413905277184342,-0.0222809569504119,0.0244583146878089,-0.0660750105608431,0.140570751454855,-0.0421428423566191,-0.0394023208176471,-0.123213881078171,0.112702510917314,0.0417938189677257,0.0839613674873783,-0.0653333923692292,0.100889201341396,0.106347174712133,-0.091638827449642,0.0627418768700669,0.145048784575885,0.0352698470458426,-0.0330695282194526,-0.234606546752245,-0.218777883738335
"5",0.0399297084881689,0.0705438123484203,-0.0648793919706365,0.0349958726850309,1,0.129243601756763,0.0493914241018953,0.0318445561968234,-0.176522900437986,0.121792829348724,-0.042308367367388,0.0732051958501316,0.0588105472087688,-0.256697461419783,0.0123551604021817,0.266328665765571,0.121824821977509,-0.17183055387451,-0.0189087138403656,-5.7509200716809e-05,-0.0970476194695332,-0.0947849323669392,0.187338834903548,0.130599353300864,0.056561912043358,0.115077173231418,-0.14225166808839,0.0376247118916416,-0.00743406788445857,-0.0524426507266446,0.036338175953632,-0.0942612270115059,-0.173059862419359,0.0894290678181668,-0.13805557847538,-0.159935170729301,-0.0542976324733801,0.0207921818191361,-0.0156133273938235,-0.0454466217527975,0.102298773021409,0.201536101891534,0.00596418859085048,0.14730185776003,-0.265331516303083,-0.127374744252678,-0.0741373425845173,0.104666078922152,0.16294320343826,-0.0100582505701665,0.142169858569136,0.0769487739441944,0.0351792430164679,0.158477296795718,-0.0276696208537062,0.0198355338816423,0.20383435723809,0.0228033989213731
"6",-0.221686002579497,0.00694406674955662,0.173911120683712,0.0249623903789399,0.129243601756763,1,-0.0285559971773199,-0.127268918086838,0.00246149403597253,0.0238251711853735,-0.0668171775274822,-0.0849033411320168,0.164774166094699,-0.104934544607008,-0.00966224534652786,0.0780935405849766,0.0514960872039068,-0.0538146312799847,-0.139391472780466,-0.0935104197255295,0.0918686153495159,-0.116186121681081,0.151189988608918,0.0852908724992338,-0.0906966067659826,-0.0586730138144754,-0.0694307426420354,0.0421993228258113,-0.0866212071978136,-0.0440866719204704,-0.159903052663433,0.183433922259791,-0.0479074164985649,-0.0278696218993049,-0.102640844841623,-0.146981645122997,-0.148780658550737,0.0702126415615633,-0.0916684863273302,-0.107416768443899,0.25346670356972,0.0590981171021921,-0.033321546703527,0.099450131140079,-0.0227197806207507,-0.164029930886759,-0.030322211048128,-0.0897354259835365,-0.0461002377573586,0.0469370035193631,-0.150761777181102,0.0559718276842263,0.058307756498191,-0.0191595650637023,0.0393756074027744,-0.0125743759193313,0.106449641914009,0.0848920454678147
"7",-0.109144147642992,-0.210219644416958,-0.139277737846004,0.0192534207459725,0.0493914241018953,-0.0285559971773199,1,0.0606258911414696,-0.0489307021552434,0.0796849644672134,-0.104860935487583,-0.0498981444455432,0.256775021091859,0.0074383166492869,0.0934170467608386,0.00211246915514276,0.112647431661212,0.0653707975271925,0.0246442345525754,-0.0234390397002254,0.0335351670573105,0.0712705462991061,0.0931924245449502,0.0549539469575678,0.102730744121322,-0.024233150565055,0.00531347050530678,0.0454063697049669,0.079347561939072,0.127853012724629,0.0509235797097709,0.138616304110581,0.0288528021907119,-0.0197316784846683,0.0965613382349275,-0.266714475361864,-0.0257908574207669,-0.10561878609322,0.0979044425589142,-0.106522740805246,0.0648844196281117,0.0357246291109737,-0.100674107465099,0.0221283325951487,-0.145522140438478,0.034625318727257,0.135816082100203,0.0319461379831253,0.036617048456949,-0.0401424399804247,-0.00450701590557537,-0.0875375894058958,-0.0090764118971227,0.0169688861295063,-0.095626467239877,0.0993400684772764,-0.0714921272563028,0.098251510735663
"8",0.126762712393846,0.0304539449493249,-0.0117209827949225,-0.00997754974028972,0.0318445561968234,-0.127268918086838,0.0606258911414696,1,0.0584283434093339,0.0715952258602846,-0.0236566960875341,0.0687093127281527,-0.00920256120966736,-0.0645737053059072,-0.0684779290304734,0.00257831982151997,0.0582210430182791,-0.170289609144418,-0.0674749360959468,0.101869590560109,0.0750978708161725,0.0786017492367097,0.08212704154707,-0.0830763435405976,0.0353158868816238,-0.0541142814251323,0.00145037898034355,0.06103486291417,-0.026793610058281,0.160750356901014,-0.0866952925685208,-0.0455739734664862,-0.0160678072588177,0.0141051865402865,-0.0113280074461329,0.250250987172269,0.0032218673117041,0.171376237882597,0.248419245541393,0.197751606592868,0.167898942426834,0.245960672843634,0.13321373856011,0.169915501062724,-0.0215410260895348,0.003151248036639,-0.0387775934586641,-0.143997371717993,0.0300618710175009,-0.0290699769468645,0.0514170130334935,0.0457810338955366,0.0258804868209407,0.131698132611238,-0.0136598154278698,0.0308570379518407,0.104115127131726,0.0492771463390136
"9",0.242899744116877,0.0738209044868193,-0.0309856507511532,-0.113417982372427,-0.176522900437986,0.00246149403597253,-0.0489307021552434,0.0584283434093339,1,-0.155197201579049,-0.00063295836905735,-0.0319511109900936,0.0875420862943519,0.110545204588125,0.0502990989794098,0.0199157848968893,0.134923907022779,-0.128426139305185,-0.273295260558664,0.151989175094745,0.152327793617474,-0.0137311501433188,0.0235314082425089,-0.110557355504989,0.120209510349397,-0.124499419762604,0.162512532885888,0.0125932432396474,0.163546264263882,0.287621599129758,-0.122976174600446,-0.102825918685314,0.0753645477223348,-0.0650665311583609,0.118777867119968,0.219741940522629,0.144927395011245,0.0612150344316953,0.137492346451648,0.0629416703822767,-0.0353169586270622,-0.021539818727776,0.30340015350937,0.113863288124795,0.0640597860156787,0.042440358536621,0.057824934189726,-0.00325839695574238,0.136481890700186,0.0978953226064951,-0.0555474817500645,-0.0593141357765711,0.0760068049566292,-0.120013562250957,0.119779070666695,0.0214132381238651,0.0266090662122473,0.148036519929037
"10",0.103686921692572,0.254021838511362,0.12047750343065,0.0147016730590268,0.121792829348724,0.0238251711853735,0.0796849644672134,0.0715952258602846,-0.155197201579049,1,0.0519568067793274,0.0418702954107246,0.145163891484356,0.0069835183333753,0.0601252693496298,0.266650985439086,0.164649706124021,0.0186704199045558,0.00836375052915929,0.0281621538744453,0.099672940889689,0.122424339354162,0.0628016789467875,0.0869193274594608,0.053779676754246,0.119545133741452,-0.0650420226555046,0.0185427904975698,-0.0164093094652326,0.0252882760552566,-0.0399040151309599,0.0948976917300149,0.11639916707717,0.0238789487244094,-0.121170223139717,0.0946649961406739,-0.058416505737473,0.0390728213845364,0.2148320767896,0.14986291330766,0.0765173501187216,0.167108268639887,-0.0392837173338884,0.291915796007773,-0.0992993405687364,0.0742828910618668,-0.016823761084006,0.155950087543778,0.0452360430279962,0.0821053507168901,0.16729853968129,0.126916526265001,0.0364547810809781,-0.0033031798401286,0.022461774398726,0.120995476010437,-0.0927169365711295,-0.0628633448769688
"11",-0.0876073760106526,0.143407428767668,0.204381122955248,0.0005740429944472,-0.042308367367388,-0.0668171775274822,-0.104860935487583,-0.0236566960875341,-0.00063295836905735,0.0519568067793275,1,0.0477112999682435,-0.153275882589083,-0.120687221331967,0.100534962946378,0.0467740628024543,-0.121511578400451,-0.0468273147679348,0.0879178225343437,-0.0579170335242502,-0.057100968036819,-0.0139658075818814,-0.228093691716502,-0.127637423844885,0.0242127325155334,0.045072881150377,-0.00512568259895985,0.0202818702199954,0.0102710928085485,0.0178983695372473,0.130366885081085,-0.170401967989697,-0.11733678988387,-0.145831223226668,0.196123936463765,-0.117867701440385,-0.093730700567016,0.020131680134444,-0.183546435502253,0.0436221696653799,-0.203574846642921,-0.0853215722166351,-0.19814962786784,-0.0964183380475877,0.0156668732416486,0.1204848614235,-0.0528379342577506,-0.164188118705465,-0.211936688045288,0.0121805091138863,-0.102946893811457,-0.0336463133604847,-0.171558414760163,-0.0980846860141537,0.0438010996807957,0.151743252957638,0.0565307548730996,-0.00959404697233316
"12",0.00663901171747628,-0.113409028730403,-0.0447878080016519,0.0301669216439866,0.0732051958501316,-0.0849033411320168,-0.0498981444455432,0.0687093127281527,-0.0319511109900936,0.0418702954107246,0.0477112999682435,1,0.00569182329339204,-0.0241521176095348,0.107358198614873,0.0805012669733506,0.190476557505714,-0.08016426951722,-0.0330330195382457,-0.0282154792575695,-0.026492729246533,0.0767696515098286,0.0091649323871115,0.171616517675306,0.0046091129423795,0.0432173859593313,-0.0872827696963592,-0.0534086083306602,-0.123373220850927,-0.085829420603118,0.0345532577143568,0.0130480037992355,0.0531814184335615,0.0124573862662473,0.00208334055776852,0.113527378222414,-0.1641419798662,-0.0782541095805029,0.123006522829354,0.325775094366561,-0.0375280376756204,0.121744521421955,0.157665944113121,0.0156042045588889,-0.0616577879747601,-0.184298181052939,-0.0980018262940732,0.0147193540594629,0.137000355584678,0.0924766369070504,-0.145904230235058,0.141344154248738,-0.161279014790178,0.0507666539538245,0.122968896060894,0.0843708263950569,0.0595503379510436,-0.0360091363475608
"13",0.0383192950368099,-0.0390114586351951,-0.0888461507195834,-0.0287001895861645,0.0588105472087688,0.164774166094699,0.256775021091859,-0.00920256120966736,0.0875420862943518,0.145163891484356,-0.153275882589083,0.00569182329339204,1,0.186078206734859,-0.0370290989578883,0.0151907337021043,0.335419626353732,0.119596504415859,-0.175196027593608,-0.056069840115164,0.0770872152671019,0.216174707070914,0.115061490789459,0.192438540949,0.0436883017790097,-0.153464016747264,0.0620483033297773,-0.0511121629673195,0.0183580339824787,0.0869985808899487,-0.0824854358963529,0.349675590370312,0.209164753270988,0.0829395520269065,-0.120890047205494,0.0169244406086643,-0.164240456742442,0.211031689431349,0.181991464767415,-0.00620375994430414,0.156834464598994,0.238148116127562,-0.0420366318289626,0.073648882164532,-0.172767808259456,0.00085978959589771,0.0637106706505838,0.0924110675952922,0.373101140686975,0.251280953654125,0.0399191394879784,0.0270728243232368,0.121154052652918,0.0165443689009028,-0.151885779629855,0.192151083400278,0.0658726205436316,0.161330698920872
"14",0.0890319950371243,0.0359981856748138,-0.196268175942035,-0.123335658870141,-0.256697461419783,-0.104934544607008,0.0074383166492869,-0.0645737053059072,0.110545204588125,0.0069835183333753,-0.120687221331967,-0.0241521176095348,0.186078206734859,1,0.0398616876197403,-0.11268719195591,0.0655476338561529,0.467267566499393,0.0462557754294378,0.159732701757013,0.0838309878136088,0.194308194655642,-0.0331336102746218,0.0792389592671729,0.00420437918758464,-0.126381606232467,-0.0845128948534853,-0.00185433208844123,0.0408693884086211,0.0467775954259435,0.0776209401891777,0.178084961436855,0.139788450250909,-0.0863732810340473,0.00622028000539489,0.279792134015071,0.0167202213164707,0.109196216111462,0.0177525211186792,-0.163494297613461,-0.0619579326885484,-0.125097215042033,-0.0765248305159705,-0.00124441372784681,0.0313028936894206,-0.011208567790036,-0.13083075973367,0.00288375520718418,0.0809539168711161,0.558370608213808,0.0113572760901584,-0.0809601580237383,0.0730931752723803,-0.111942354661086,0.0686828854013669,0.0267047680392585,-0.13936905614907,0.138874529780316
"15",-0.139176665930448,-0.0354695132837765,0.0127641272669939,-0.0792462034998583,0.0123551604021817,-0.00966224534652786,0.0934170467608386,-0.0684779290304734,0.0502990989794098,0.0601252693496298,0.100534962946378,0.107358198614873,-0.0370290989578883,0.0398616876197403,1,0.204417990872186,-0.17890614697567,0.0295696770463416,-0.102611822616636,-0.110812080711104,0.0308393778136782,0.0455093940503113,-0.0142053107600016,-0.17949035423956,0.119834231641696,-0.0691375812002914,0.124220711456055,0.219270266358444,0.230036276201681,0.0231580434278039,0.058994441280095,-0.107339011663034,-0.0554058398148251,0.040013453187998,0.0804731757725462,-0.101844201380345,0.0104090960554242,-0.0596954296520925,0.00610106711324374,0.0333083187650125,0.0112484520519888,-0.13388829657744,0.170649776292198,0.210846208642326,0.103320155067018,-0.0405633050423247,0.0716889579832953,0.139539209835515,-0.0017400267643921,-0.00411842256231487,0.111864221246941,-0.0639182504279174,-0.0198549666228932,0.102539913831823,-0.0711773333014664,0.100949532652457,0.0869205573038507,0.0449447457654682
"16",-0.129339585274287,0.11966989216032,0.0250587590444426,-0.105103490313922,0.266328665765571,0.0780935405849766,0.00211246915514276,0.00257831982151997,0.0199157848968893,0.266650985439086,0.0467740628024543,0.0805012669733506,0.0151907337021043,-0.11268719195591,0.204417990872186,1,-0.0189142599970388,-0.160913555325166,-0.108644902381731,0.0750013595642584,-0.1478576803428,-0.0605242243392578,0.0612861491496929,0.00145746993838636,0.0112517731761992,0.178134195162236,-0.0212161677906904,0.112377056212283,0.0778686336717227,0.0481293459665839,-0.0416195215439493,0.00651300709665669,0.021547844137882,-0.00596487813392996,-0.0423800030582107,0.0402744828634314,0.120349296321862,0.00200649300641379,0.0848787706408564,0.065387288890056,0.105145522709037,0.0649709782914145,0.105136277551263,0.169573966266158,-0.0051273950278806,0.0342567901770319,-0.0861678564796223,0.120432330901467,0.109565745562722,0.0252237395892354,0.201295260683703,0.00797445118419644,-0.153024280222397,-0.0623424907888916,0.00108985390711594,-0.0720168187578622,0.0802245163599284,-0.020746722395113
"17",0.141686940681833,-0.105193066038134,-0.0679005420584398,-0.0654674177743668,0.121824821977509,0.0514960872039068,0.112647431661212,0.0582210430182791,0.134923907022779,0.164649706124021,-0.121511578400451,0.190476557505714,0.335419626353732,0.0655476338561529,-0.17890614697567,-0.0189142599970388,1,0.0260284766508243,0.0259361534990083,0.0169681616209811,0.179272244742734,0.0599366973131919,0.105555357156351,0.234996089660915,0.0186854584945704,-0.0401540224395395,-0.044892237179036,-0.0753693043956444,0.0759872344639253,0.142671446584276,0.17516624244965,0.0954474943151887,0.16231485690652,0.0504532898734963,-0.0995873095337049,0.175491027463887,-0.0879037142775201,0.172234244593481,0.135854191945806,0.0528128381208752,0.200899158002463,0.0689398521428258,0.147915930881308,0.0414486698653494,-0.146733279690594,-0.105736376126522,-0.13176682929239,-0.0202985427012267,0.321668877882312,-0.00611942515372885,-0.100310038593731,0.140063081977249,-0.0711008819110581,0.127682951818622,-0.0188879467828479,0.139341463899355,0.0813958678020613,0.0409661994105221
"18",0.0246469529306954,-0.0905667803520976,-0.0872096153656586,0.0232140729398125,-0.17183055387451,-0.0538146312799847,0.0653707975271925,-0.170289609144418,-0.128426139305185,0.0186704199045558,-0.0468273147679348,-0.08016426951722,0.119596504415859,0.467267566499393,0.0295696770463416,-0.160913555325166,0.0260284766508243,1,0.0547447336593335,-0.0158350968981692,0.023070830336498,0.0121837356760918,0.0237827223581239,0.138215637696888,-0.0161920185320645,0.0426352301890735,-0.0846686571700846,-0.0746059600902675,0.037026898833738,-0.163164050106937,0.141918169713605,0.276394838856023,0.237358890229612,0.0301361165182179,0.177315340000215,0.0521051797862771,-0.0239487628535139,-0.0778190865660908,-0.0834650966413837,-0.0494645653178103,-0.043340638849862,-0.104525217212543,-0.112057817637046,-0.110032774431439,-0.191474634078548,-0.1135308471791,-0.118559666665618,-0.047687297623799,-0.225605207970466,0.244492352659848,0.0767354803742173,-0.0985191653690561,0.0903123075281509,-0.129792091584036,-0.0503183294774513,0.111623417365296,-0.134142392204853,0.0262179241591733
"19",-0.0516585497964457,0.00193970591632831,-0.195729739454522,0.0377280913306489,-0.0189087138403656,-0.139391472780466,0.0246442345525754,-0.0674749360959468,-0.273295260558664,0.00836375052915929,0.0879178225343437,-0.0330330195382457,-0.175196027593608,0.0462557754294378,-0.102611822616636,-0.108644902381731,0.0259361534990083,0.0547447336593335,1,-0.0685578424396503,-0.0684861485437326,-0.00676424211834735,-0.0680263277640742,0.227848110050583,-0.0281714338642807,0.0574165177830693,-0.219652547251319,-0.212054788880554,0.0520854410413022,-0.0264689532103086,0.373421619443116,0.125378811431287,-0.104897515559951,-0.0585013154343639,-0.0873250857560928,-0.0846958510008718,0.00892979357996954,0.130815704168327,-0.118662603983187,-0.236252046643661,0.00111828515564747,-0.084662208555674,-0.0917601867391652,-0.215619474660792,-0.0081047782673526,-0.0151335306355349,-0.0161755945264878,0.0567404161858111,-0.198593503801499,-0.255857418879669,0.0545265421595062,0.10891913735412,0.0194352076363097,-0.00594734437822912,0.0889830126814916,-0.0581499255207973,0.00743875169017767,0.0417616751697099
"20",0.0162088820118315,0.177480235255429,0.0224522202483038,-7.24182363149238e-05,-5.7509200716809e-05,-0.0935104197255295,-0.0234390397002254,0.101869590560109,0.151989175094745,0.0281621538744453,-0.0579170335242502,-0.0282154792575695,-0.056069840115164,0.159732701757013,-0.110812080711104,0.0750013595642584,0.0169681616209811,-0.0158350968981692,-0.0685578424396503,1,-0.00736975373368844,-0.0912489198813354,0.0788589967620869,-0.0582572459433429,-0.0409836378583811,-0.0360817192712908,0.0726566586927313,0.0516885164707967,-0.0180106453931746,0.0582448105903377,-0.0410412560880759,0.192235556729887,0.0832763596941797,0.0636340748065508,0.0883663559571906,0.198769794696634,0.0881876791233922,-0.123706871940833,-0.0215549785873697,-0.103896936145284,-0.0385575659802649,0.130955216539158,0.0661795005077457,0.113554732998222,0.0567139929992609,0.185431393209288,-0.0399505088338627,-0.0348162212674259,-0.0278667844646862,0.0754127396014353,-0.0667537777079017,-0.128081564503017,-0.12947903474429,0.0195264503836013,0.126027540963194,-0.0469222261170058,-0.0644088990909495,0.0280267567445578
"21",0.0259710214474561,0.0460956530888426,-0.0479994596781388,-0.111812199703751,-0.0970476194695332,0.0918686153495159,0.0335351670573105,0.0750978708161725,0.152327793617474,0.099672940889689,-0.057100968036819,-0.026492729246533,0.0770872152671019,0.0838309878136088,0.0308393778136782,-0.1478576803428,0.179272244742734,0.023070830336498,-0.0684861485437326,-0.00736975373368844,1,0.0638520694998079,0.0699954501125017,0.111443601064594,-0.0568864827478143,0.00143838007627917,0.15312066212215,0.0684463293956153,0.25943950764312,0.268812227552199,0.0824010634559327,-0.0854278500035927,0.131929756817507,-0.0579797644473656,-0.287368026638673,0.0995384328519102,-0.0821671972592806,0.128143960259596,0.0558252317228613,0.0836922808782957,0.172617902991165,0.026765543542907,0.0662853976289702,0.0869165956448467,0.091379553124622,0.122585028306807,-0.0491035083058525,0.0806754687191936,0.0674184248422183,0.196422063407172,-0.0164195938660556,0.132286664743624,-0.042902954648819,-0.122646612455043,-0.0184928247540434,-0.0427425195053429,0.196421625976632,0.167969129362111
"22",0.0324205809435092,-0.147496724691923,-0.0810934950848188,-0.190913541244811,-0.0947849323669391,-0.116186121681081,0.0712705462991061,0.0786017492367098,-0.0137311501433188,0.122424339354162,-0.0139658075818814,0.0767696515098286,0.216174707070914,0.194308194655642,0.0455093940503113,-0.0605242243392578,0.0599366973131919,0.0121837356760918,-0.00676424211834735,-0.0912489198813354,0.0638520694998079,1,0.194047661457924,0.139826802038177,0.100521076609063,-0.0561521454160678,0.0496963009064783,-0.0737851789119517,0.0409930754713723,-0.0322490029022799,-0.0594875029046571,0.0210071360376007,0.0494522325600607,-0.0352411708709734,-0.132043443303382,0.20958284484961,-0.172160269816273,0.147991935251411,0.0795513244557914,0.131699325528923,0.153453628390918,0.0484438863090322,-0.0677201243862895,0.0661667908696716,0.0104962735869336,0.0246191819336286,0.0994095466778536,-0.0318345724105435,0.215897877038219,0.133078213534193,-0.0892315890824063,-0.061045028810376,0.151456620720101,0.0810133525412791,-0.0531866490610209,0.0945759294662635,-0.0644335425112228,0.175533628778513
"23",0.150001025641416,-0.056169367290459,-0.113041781827406,-0.167822867647404,0.187338834903548,0.151189988608918,0.0931924245449502,0.08212704154707,0.0235314082425089,0.0628016789467875,-0.228093691716502,0.0091649323871115,0.115061490789459,-0.0331336102746218,-0.0142053107600016,0.0612861491496929,0.105555357156351,0.0237827223581239,-0.0680263277640742,0.0788589967620869,0.0699954501125017,0.194047661457924,1,0.207969265513169,0.13225370886868,0.0704871596509019,-0.0437606473718887,0.0556673026258392,0.177419300636327,-0.107937956744686,-0.159553671963839,0.154466103177819,0.0667722265316857,0.0398556710112123,-0.195567510492245,0.110734240401798,-0.0460927860199667,-0.0340396651984881,0.169048808999787,-0.0558598587453128,0.117817378259033,0.141954678605344,0.0558033172771211,0.0944453303196461,-0.0390432129911633,-0.0591162043771433,0.0121428017146571,-0.0553726272585848,0.354503413154186,-0.0643009787477996,-0.162396869001115,0.054769541317813,0.149148657155418,0.0166220530966298,-0.10737762726714,-0.105730472484399,0.103708521368007,0.223974325312929
"24",0.151720030400669,0.0558691104195266,-0.187366125130743,-0.0139609788693773,0.130599353300864,0.0852908724992338,0.0549539469575678,-0.0830763435405976,-0.110557355504989,0.0869193274594608,-0.127637423844885,0.171616517675306,0.192438540949,0.0792389592671729,-0.17949035423956,0.00145746993838636,0.234996089660915,0.138215637696888,0.227848110050583,-0.0582572459433429,0.111443601064594,0.139826802038177,0.207969265513169,1,-0.0997390976172367,0.185978559188606,-0.146967966347843,-0.211534617625658,0.0405801954366828,-0.0101842735532679,0.120996458194991,0.242834359676804,0.12355448534735,0.0432874714875613,-0.370106173232791,0.0676206104408791,-0.188875562846306,0.0853400286925996,-0.0320962498762058,-0.0616783323108024,0.158973263992367,0.142429427257436,-0.0190092395050205,0.0167341601316321,-0.064895247528765,0.00217682137812796,-0.0622284847307212,0.0122851276241429,0.0662176657598695,0.169675080388279,-0.144857527272039,0.0934985565303182,0.163747242791441,0.0186121924914776,-0.0527410879493389,-0.0607214526438478,-0.0199648138184574,0.0835930261949144
"25",0.105458181477306,-0.0076538629691001,0.0947994460485767,0.0640235474291475,0.056561912043358,-0.0906966067659826,0.102730744121322,0.0353158868816238,0.120209510349397,0.053779676754246,0.0242127325155334,0.0046091129423795,0.0436883017790097,0.00420437918758464,0.119834231641696,0.0112517731761992,0.0186854584945704,-0.0161920185320645,-0.0281714338642807,-0.0409836378583811,-0.0568864827478143,0.100521076609063,0.13225370886868,-0.0997390976172367,1,0.0151145616319599,-0.0262953567008259,-0.138666871309395,0.079423304862077,-0.0401198880666847,0.0590205951250931,-0.00625968313699963,-0.0786555782320101,0.0346996850284918,0.0144129612382535,-0.0416001613179517,-0.0557287514410662,-0.0646080509830321,0.21050675131772,0.144597083546166,-0.0628543398194618,0.0671153271105827,0.0403283877477115,0.0524226809710299,-0.0130820093492066,0.00280000535406436,0.16977238825368,-0.194290231650613,0.105293569791897,0.0774269987784584,-0.0622413018500866,-0.153972812463003,0.0257899730461109,0.0236373876258116,-0.0655706157869842,-0.0553490293652513,-0.0555172275494533,0.189263290952123
"26",-0.0282709317244904,0.128744937770238,-0.011471516385905,0.10798311960299,0.115077173231418,-0.0586730138144754,-0.0242331505650551,-0.0541142814251323,-0.124499419762604,0.119545133741452,0.045072881150377,0.0432173859593313,-0.153464016747264,-0.126381606232467,-0.0691375812002914,0.178134195162236,-0.0401540224395395,0.0426352301890735,0.0574165177830693,-0.0360817192712908,0.00143838007627917,-0.0561521454160678,0.0704871596509019,0.185978559188606,0.0151145616319599,1,-0.193062118056362,0.0164936577143743,0.0228182890604455,-0.027216771162996,0.0627878212779114,-0.073513441684141,-0.0946330141785683,0.0147614268335493,-0.147814740160909,0.11560851357688,-0.00405672637200211,0.0581063741176887,-0.0644134105207719,-0.158050265015832,-0.0507849162073842,0.117542073761631,-0.168657053591567,0.0216686140532667,0.0984008423080226,-0.0408764498630551,-0.0904186422992353,0.0270730105470043,-0.0556105636445531,0.0742668292238206,-0.0215542555209892,0.14930937153706,0.135048974994247,0.137253355118286,0.0486511040828509,-0.186676589819513,0.00575582148937534,0.0207628947059775
"27",0.0164980954826951,0.0191995438732221,0.0364869581702129,0.0726883322911587,-0.14225166808839,-0.0694307426420354,0.00531347050530678,0.00145037898034355,0.162512532885888,-0.0650420226555046,-0.00512568259895985,-0.0872827696963592,0.0620483033297773,-0.0845128948534853,0.124220711456055,-0.0212161677906904,-0.044892237179036,-0.0846686571700846,-0.219652547251319,0.0726566586927313,0.15312066212215,0.0496963009064783,-0.0437606473718887,-0.146967966347843,-0.0262953567008259,-0.193062118056362,1,0.105267018800222,0.139824180518815,0.361644156775035,-0.00836499205759603,-0.137918635753714,0.0137008563707782,-0.0404093812503778,-0.00298799930256151,-0.0786979880611427,0.123787855969414,-0.0154839199430814,0.147519896161915,0.0621800608837665,0.0605195311378898,-0.0064412229343568,0.111438179614724,-0.0293127051701067,0.0282378777208693,0.100957424646916,0.0510919261687482,0.100949741585311,0.0482792931701904,0.0723149108764014,-0.0791025284110114,-0.0173271450764507,-0.118550051461198,0.00080054621271519,-0.192802469989419,0.104564318100672,-0.13681699586956,-0.0364278543568178
"28",-0.062380306485389,-0.0150882807477724,0.0544254625007843,-0.0392707784704836,0.0376247118916416,0.0421993228258113,0.0454063697049669,0.06103486291417,0.0125932432396474,0.0185427904975698,0.0202818702199954,-0.0534086083306602,-0.0511121629673195,-0.00185433208844123,0.219270266358445,0.112377056212283,-0.0753693043956444,-0.0746059600902675,-0.212054788880554,0.0516885164707967,0.0684463293956153,-0.0737851789119517,0.0556673026258392,-0.211534617625658,-0.138666871309395,0.0164936577143743,0.105267018800222,1,-0.0595152833070842,0.0648879234653635,-0.149238288254505,-0.128584049810045,-0.0633359947838247,0.00768931336138045,0.102939002420776,0.0196487060409012,-0.0103345634559779,0.0251274950814117,0.032404732781803,0.074494016447947,-0.0779900395493931,-0.0102687256134242,0.175899328512876,0.183630192312536,0.00337152875814008,-0.00708421882524746,-0.00057820765781193,-0.0878541718101403,0.0203006877821411,0.0899318472604011,0.0278975327217917,0.00871742930546015,0.0435955393915022,-0.187905012797657,-0.0494797565983713,0.186409753129385,-0.110420537292553,-0.159667066268188
"29",0.0357504277374213,0.220620994978143,0.00025355744064324,0.162682818785132,-0.00743406788445857,-0.0866212071978136,0.079347561939072,-0.026793610058281,0.163546264263882,-0.0164093094652326,0.0102710928085485,-0.123373220850927,0.0183580339824787,0.0408693884086211,0.230036276201681,0.0778686336717227,0.0759872344639253,0.037026898833738,0.0520854410413022,-0.0180106453931746,0.25943950764312,0.0409930754713723,0.177419300636327,0.0405801954366828,0.079423304862077,0.0228182890604455,0.139824180518815,-0.0595152833070842,1,0.345087288886597,-0.112541064469774,-0.114975563653061,-0.013780667390103,-0.0324679037121304,-0.136653614387571,-0.108099041483655,0.214953168878014,0.157565376547102,-0.0510705539053637,0.0138882794881062,0.177856756173245,-0.0924594270332593,-0.0891829753847407,-0.00094642941800887,0.108316990363881,0.287447164604081,0.0868673250833128,0.0784321326317872,-0.0703016957042673,-0.0677480602417999,0.0806634720063638,-0.154610059007768,-0.0691000923402819,0.0393350878837305,-0.18147859670984,-0.126643031304546,0.00828830660295024,0.112827436764526
"30",-0.0773686608561586,0.102809534392046,-0.113507984433055,0.0222570104805149,-0.0524426507266446,-0.0440866719204704,0.127853012724629,0.160750356901014,0.287621599129758,0.0252882760552566,0.0178983695372473,-0.085829420603118,0.0869985808899487,0.0467775954259435,0.0231580434278039,0.0481293459665839,0.142671446584276,-0.163164050106937,-0.0264689532103086,0.0582448105903377,0.268812227552199,-0.0322490029022799,-0.107937956744686,-0.0101842735532679,-0.0401198880666847,-0.027216771162996,0.361644156775035,0.0648879234653635,0.345087288886597,1,-0.0405537018374344,-0.104170248544831,-0.140156263061546,-0.100213494475638,-0.0815872928248736,0.0210045624658674,0.245779049509082,0.246524852767828,0.0554375583955242,-0.0390586661650019,0.0667831665899694,-0.131832990317386,0.0376361049079843,0.0316484470160828,0.0728315491374585,0.15027463424896,0.0926629858859675,0.119394733342355,-0.00468200002883313,0.0389475445258088,-0.118809772690844,-0.0477820803695657,-0.158437446221564,0.0422489888119692,-0.0452419947762917,-0.0331639115888931,0.0797011508848499,-0.0232446682379364
"31",-0.0583958239490779,-0.0902837160059358,-0.0523170920274725,-0.00316847489826139,0.036338175953632,-0.159903052663433,0.0509235797097709,-0.0866952925685208,-0.122976174600446,-0.0399040151309599,0.130366885081085,0.0345532577143568,-0.0824854358963529,0.0776209401891777,0.058994441280095,-0.0416195215439493,0.17516624244965,0.141918169713605,0.373421619443116,-0.0410412560880759,0.0824010634559327,-0.0594875029046571,-0.159553671963839,0.120996458194991,0.0590205951250931,0.0627878212779114,-0.00836499205759603,-0.149238288254505,-0.112541064469774,-0.0405537018374344,1,-0.111726956010318,0.0297029500591252,-0.00449100104882892,-0.0335727575518747,-0.0307406708916168,-0.0286168382021083,0.0446111417523924,0.0794453144015149,-0.132725702670159,-0.0719475196249703,0.0693215149261287,-0.00979598248962303,-0.0931364563875422,-0.0417872182208511,-0.0532404088148742,-0.230589632837305,0.0856014006646666,-0.083399043146246,-0.0467377335371046,-0.0480334241904041,0.00237346715123675,-0.263473205128646,-0.162224812218254,0.0738951099969262,0.0105434880921188,0.0650968389026657,0.0792890613617783
"32",-0.0770886859495923,-0.0823817932995865,-0.16473908121435,-0.0535514556034134,-0.0942612270115059,0.183433922259791,0.138616304110581,-0.0455739734664862,-0.102825918685314,0.0948976917300149,-0.170401967989697,0.0130480037992355,0.349675590370312,0.178084961436855,-0.107339011663034,0.00651300709665669,0.0954474943151887,0.276394838856023,0.125378811431287,0.192235556729887,-0.0854278500035927,0.0210071360376007,0.154466103177819,0.242834359676804,-0.00625968313699963,-0.073513441684141,-0.137918635753714,-0.128584049810045,-0.114975563653061,-0.104170248544831,-0.111726956010318,1,0.193741851152126,0.211289119904244,-0.0130099542519154,0.0322969844171562,-0.0292208123824083,-0.19743162459189,-0.0571711424983369,-0.104137351575012,-0.025479252845152,0.0517787854458605,-0.0588247680473582,0.0457470667985793,-0.0136528779132622,-0.0384083790898273,0.112791400796562,-0.0984569917754826,0.0164477259834317,0.108884109724603,0.00108644579882724,0.0729130762846212,0.0467913693525129,0.0739036289686704,-0.0758889535300142,0.130377199389337,-0.0048942969946472,0.00194283731426574
"33",0.228267573961755,-0.2050041300184,-0.148427139506144,-0.0785862651686577,-0.173059862419359,-0.0479074164985649,0.0288528021907119,-0.0160678072588177,0.0753645477223348,0.11639916707717,-0.11733678988387,0.0531814184335615,0.209164753270988,0.139788450250909,-0.0554058398148251,0.021547844137882,0.16231485690652,0.237358890229612,-0.104897515559951,0.0832763596941797,0.131929756817507,0.0494522325600607,0.0667722265316857,0.12355448534735,-0.07865557823201,-0.0946330141785683,0.0137008563707782,-0.0633359947838247,-0.013780667390103,-0.140156263061546,0.0297029500591252,0.193741851152126,1,0.257058114547456,-0.128304269078277,0.213796252865943,-0.164248476917996,-0.070023872893783,0.204424912548365,0.192130678035078,0.0465005926591656,-0.0312830373434409,0.142135855991274,0.233239704509344,-0.00921533323147208,0.0773453637185593,0.0144762070641189,0.00028897539047662,0.169028295897321,0.161103242686423,0.233811493988011,0.0209778107667475,0.158921214730317,-0.118407413871168,0.0112621623581232,0.0245476418013175,0.00385505260763739,0.112647229733484
"34",0.134834432745347,0.195408693569594,-0.00894661805302381,0.0265288783110657,0.0894290678181668,-0.0278696218993049,-0.0197316784846683,0.0141051865402865,-0.0650665311583609,0.0238789487244094,-0.145831223226668,0.0124573862662473,0.0829395520269065,-0.0863732810340473,0.040013453187998,-0.00596487813392996,0.0504532898734963,0.0301361165182179,-0.0585013154343639,0.0636340748065508,-0.0579797644473656,-0.0352411708709734,0.0398556710112123,0.0432874714875613,0.0346996850284918,0.0147614268335493,-0.0404093812503778,0.00768931336138045,-0.0324679037121304,-0.100213494475638,-0.00449100104882892,0.211289119904244,0.257058114547456,1,0.0158675993663673,-0.0477817232300554,0.00447755212547781,0.0236650102380273,0.213546382707146,0.17148424964459,0.047740532798763,0.0575708978102147,0.137416051107352,0.26108151017198,0.111518586539725,0.209597308896347,-0.0292590585819825,-0.102625557275992,0.259544623556537,0.080007166745976,0.213294458162523,-0.0202382443870131,0.258469063442993,0.162472655487747,-0.125529766411213,-0.0740172734078752,0.149297550675491,-0.0553521520267161
"35",-0.0797113619462728,-0.0375709155450027,0.0221474738535924,0.00828914595397255,-0.13805557847538,-0.102640844841623,0.0965613382349275,-0.0113280074461329,0.118777867119968,-0.121170223139717,0.196123936463765,0.00208334055776852,-0.120890047205494,0.00622028000539489,0.0804731757725462,-0.0423800030582107,-0.0995873095337049,0.177315340000215,-0.0873250857560928,0.0883663559571906,-0.287368026638673,-0.132043443303382,-0.195567510492245,-0.370106173232791,0.0144129612382535,-0.147814740160909,-0.00298799930256151,0.102939002420776,-0.136653614387571,-0.0815872928248736,-0.0335727575518747,-0.0130099542519154,-0.128304269078277,0.0158675993663673,1,0.00783476007753627,0.207845734888876,-0.207383253710494,-0.0511651399157714,0.0882871504685308,-0.0526211455541144,-0.06030381209136,-0.00499383592973961,0.0359002956531069,-0.0241787029685434,-0.0263903410685237,0.0201238910011015,-0.0994466255769814,-0.129522173647672,-0.0489504011525929,-0.0889306732282119,-0.0983440979712844,-0.0341816209719953,-0.0736779144550042,-0.0883776667878187,0.277165900968007,-0.0689528898714234,-0.197298959029858
