"","l_Insular.Cortex","r_Insular.Cortex","l_Amygdal.Area","r_Amygdal.Area","l_Bed.Nucleus.of.the.Stria.Terminalis","r_Bed.Nucleus.of.the.Stria.Terminalis","l_Hippocampus","r_Hippocampus","l_Orbitofrontal.cortex","r_Orbitofrontal.cortex","l_Entorhinal.Cortex","r_Entorhinal.Cortex","l_Frontal.Association.Cortex","r_Frontal.Association.Cortex","l_Globus.Pallidus","r_Globus.Pallidus","l_Glomerular.Layer.of.the.Accessory.Olfactory.Bulb","r_Glomerular.Layer.of.the.Accessory.Olfactory.Bulb","l_Glomerular.Layer.of.the.Olfactory.Bulb","r_Glomerular.Layer.of.the.Olfactory.Bulb","l_Granule.Cell.Level.of.the.Cerebellum","r_Granule.Cell.Level.of.the.Cerebellum","l_Hypothalamic.Region","r_Hypothalamic.Region","l_Entorhinal.Cortex","r_Entorhinal.Cortex","l_Vermix.Molecular.Layer.of.the.Cerebellum","r_Vermix.Molecular.Layer.of.the.Cerebellum","l_Lateral.Molecular.Layer.of.the.Cerebellum","r_Lateral.Molecular.Layer.of.the.Cerebellum","l_Anterior.Olfactory.Bulb","r_Anterior.Olfactory.Bulb","l_Posterior.Olfactory.Bulb","r_Posterior.Olfactory.Bulb","l_Subiculum","r_Subiculum","l_Perirhinal.Area","r_Perirhinal.Area","l_PreLimbic.System","r_PreLimbic.System","l_Primary.Cingular.Cortex","r_Primary.Cingular.Cortex","l_Primary.Motor.Cortex","r_Primary.Motor.Cortex","l_Retrosplenial.Cortex","r_Retrosplenial.Cortex","l_Secondary.Cingular.Cortex","r_Secondary.Cingular.Cortex","l_Secondary.Motor.Cortex","r_Secondary.Motor.Cortex","l_Striatum","r_Striatum","l_Ventral.Tegmental.Area","r_Ventral.Tegmental.Area","l_Substantia.Nigra","r_Substantia.Nigra","l_Thalamus","r_Thalamus"
"1",1,0.249806688522241,0.0516627445463322,0.116789253847316,-0.194828638160508,0.0425884238770123,0.0926873291202079,-0.370424144399182,0.426550424510834,0.222119752888628,0.128292547134321,0.0986559564790337,0.0640875590779353,-0.0238755530264553,-0.0785719382648529,0.0490007925802151,0.0659167922576841,0.043575416591957,-0.0570210200648305,-0.112580111335711,-0.060610112849338,-0.0431489571506123,-0.0325025000286945,-0.205103498581717,-0.0214261372414134,0.0262269222428956,-0.0310331983505879,0.135483215920339,-0.0672631407920495,-0.0287931448701201,0.100407693250026,0.0942917170267858,0.0989905086739645,-0.0163104052039612,-0.0557808848729397,-0.233569112900178,0.0370646343482954,-0.137091442396837,-0.0587130341571434,0.0598794689838402,-0.241499937486514,-0.162518899838976,0.0340445222512402,0.0413981494178401,-0.0441575816639802,0.0570340384606176,-0.054177977905494,-0.17770780003405,0.00033427802286418,-0.0485487214794778,0.372098567971678,0.3451852549722,0.063749473852097,-0.066148660174301,-0.0702815014565542,0.0678283807287695,-0.269697210048901,-0.127140659173103
"2",0.249806688522241,1,0.18099713428938,-0.056117146513165,-0.0585032785561249,0.276755481844049,0.0785947382549014,-0.228880859608811,0.17630175759879,0.275068466325203,0.201318006972622,0.140951363656061,0.0664026266619059,0.0186171607161819,0.16816649690766,0.144217473180787,-0.0746643883079393,-0.0555660206437862,-0.110410121607537,-0.0397377971335167,0.0494630613987081,0.081279074907663,-0.0569149989252257,-0.0737139617865631,0.123885584991324,0.100841698618199,0.141893614111347,0.137008822728398,-0.0904781351933652,-0.12737225402222,-0.012640923513956,0.109164087875205,0.247546043212719,0.0701522020805705,0.0100072380289078,-0.0838532255248609,-0.0571346024892559,0.141946639915931,0.300170724372014,0.25240045778291,0.0557248188779291,0.0407625266128231,0.0290923017662568,-0.176129302373399,-0.213130843954149,0.0429871278394662,0.139194158341448,0.109348654268155,-0.0511223427670774,0.0204502693534538,0.3227404418141,0.344182275161374,0.0797697462819036,-0.0426120439490885,-0.0599933267256959,-0.0573876138864114,-0.0673585800852138,-0.0128020321046034
"3",0.0516627445463322,0.18099713428938,1,0.0204317092768697,0.0198472806133952,-0.0754009450725867,0.0412794229140648,0.120235001138964,-0.152706751613197,-0.137986140034179,0.205104119765358,0.311375616878655,0.108844847286413,0.148891429155006,-0.0959604248325562,0.0314688711987753,0.011142811562716,-0.115269031124131,0.00902792223566198,0.0520681522348826,0.0659017991191668,0.0244686163765749,0.0463712065324662,0.078671074277339,0.179848498742462,0.0906361992836606,-0.00086814920978421,-0.125202204345336,0.0595601298787641,-0.106715941929938,0.122375718507136,0.083306545974916,0.152153613492965,0.232588952350916,0.0680110023390188,0.158903659810068,-0.0161594644587555,0.118945721282604,0.223132997133517,0.384608068029124,0.15353375761994,0.338678277171565,0.201298543680677,-0.0917300418690275,-0.103798436470204,0.0971695797825658,0.0256839665914792,0.0128517912365343,0.327004167466894,0.231761768180185,0.207318832765283,0.0889357672774208,-0.279520308859729,-0.0923943699442031,-0.0292714298143838,-0.0727639751216012,0.200532038322972,-0.0552444980769989
"4",0.116789253847316,-0.056117146513165,0.0204317092768697,1,0.135392353074919,-0.0141989582332148,-0.0371297684098809,0.137978332007971,-0.0326085511020409,-0.0394749591658135,-0.00611410662285992,0.0900162651604433,-0.137007190983429,0.0843933675154298,0.185266760756886,-0.0640542460255527,-0.0733531179074788,0.0230025831346008,0.0960477422569204,-0.0487071965670161,-0.0321561394595434,-0.117220526928514,-0.0629833460739596,-0.072675310644094,0.0115136182333063,0.130746182069341,-0.0670942887306857,-0.0604880509190025,-0.0407293949883155,0.104315333058273,0.169892259766904,-0.0429159067193711,-0.177491633042249,-0.169951107041131,-0.012193973482332,-0.049923086879121,0.100829570877878,-0.104492050870722,0.0106335256199763,0.0560185338333229,-0.00385800540164677,0.0599243484364532,-0.105362484722823,0.0158186157866205,0.092105282546814,-0.0820215520181491,0.0646015429337427,0.0163037467665248,-0.0549061422705633,-0.00948505568932455,0.114334822324228,-0.0399717539280839,0.099824234335935,-0.0294785616417457,0.16899392575186,-0.0750927059050476,-0.0944656763522245,-0.0478314915808992
"5",-0.194828638160508,-0.0585032785561249,0.0198472806133952,0.135392353074919,1,-0.0722136094439069,-0.0143853601370415,0.0450545377667856,-0.211951600150225,-0.0210620762963103,-0.0488309444064053,0.0190989628436732,0.0454821521525784,0.159324686450518,0.163658919606972,0.0523261092290907,-0.168025109752934,-0.130627477840287,0.0361920232887556,-0.0260543981402557,0.0295843882891451,0.0292332890571975,0.18984729290317,0.0676270531729785,-0.137409797578562,0.0555410249003498,-0.0324735152684927,-0.0102678794113518,-0.00746206991677265,0.0175295107556248,-0.00820757680221244,-0.0531484905462859,-0.0702967547085324,-0.136177520703367,0.0246312417439319,-0.0321215508173437,0.0770175199717565,-0.0189550533516444,0.0466742095034857,0.106720378633432,0.0345354855746199,0.00850099187370364,0.0227247721231587,0.125492870699039,0.103749532247526,-0.0895986301712867,0.222267751345584,0.150848435260008,-0.0259227035219185,-0.0364231847142081,0.129890564033487,0.00186170051022882,-0.0212703351742966,-0.112917218569436,0.0354346043371566,0.00726322867295166,0.282717353480968,0.0386805004966974
"6",0.0425884238770123,0.276755481844049,-0.0754009450725867,-0.0141989582332148,-0.0722136094439069,1,-0.0975274787409242,-0.0837824803356356,0.101900664214703,0.113540609349059,0.0685503895485636,0.0689052409899134,0.0556234638318961,0.0347054512784376,0.112230805930037,0.144943205454672,-0.0465066773151201,-0.0270814501287001,-0.126785227334716,0.0177160086336269,0.091234149146351,0.00107684953793189,-0.0139149724106273,0.11099581233397,0.105146456317591,0.0834308049059914,0.145009791677667,0.177924825986205,-0.0565715463415788,0.0987619940144955,0.0904309635360846,-0.0703147366833906,0.159183205130443,0.0784369547560006,0.0130685589190374,-0.0751124053479482,-0.0352261548827981,0.107126487554379,0.0185953315159842,0.0958275573765069,0.0265626691849567,-0.208811230694777,0.0618003088944794,-0.147582506730661,-0.0838672626719472,-0.0344913730301817,0.0229220569211408,-0.0815717137888839,-0.0753360136075091,-0.0320109997131993,0.0909847019250508,0.114596610345073,0.0252689806139314,-0.0292779662060188,0.0115489782048638,-0.0864998937410926,-0.148636954488905,0.179109756326221
"7",0.0926873291202079,0.0785947382549014,0.0412794229140648,-0.0371297684098809,-0.0143853601370415,-0.0975274787409242,1,0.0369109172663501,0.0373500018794263,-0.155508579106395,0.0880867731365629,0.0988764389194426,-0.0549351320060547,0.0556652288602613,-0.045107113340257,0.103221258512502,-0.0750602905092868,-0.0488028862656687,0.0464361071842457,0.141276635341293,-0.0196591340613111,0.0715973090238395,-0.02633660887471,-0.13133112648743,-0.00980420360731854,0.129453200072825,0.140633681117917,0.118554949232243,-0.0588616920750621,0.078710140588911,0.111137823483863,0.111104892108801,0.233419346229325,0.131970423129808,0.24514307320927,0.0366251068864919,0.131078453382077,0.18199460512845,0.110702528873326,0.00695687467169047,0.0678594234187987,0.179236169458925,-0.0566767421859141,-0.0640188144837867,-0.0908883994401988,-0.088560409870353,0.146016145073481,0.124889223997507,0.0120469720246715,-0.0696564686997425,0.136380817157474,0.214435919921347,0.0169858652835277,0.0186292416655199,0.013836129233842,0.0972867728543703,0.218919359871411,0.154927177618476
"8",-0.370424144399182,-0.228880859608811,0.120235001138964,0.137978332007971,0.0450545377667856,-0.0837824803356356,0.0369109172663501,1,-0.125490267462827,-0.0926148838139175,0.0377537386895804,0.211612219057688,0.0897534937223946,0.0860211885822739,0.144925000932832,0.101449729980253,0.0443382635401302,0.130574019602057,0.233459241518052,0.133665431560408,0.209510495217786,-0.0572923852360311,-0.189198844348956,-0.00540497593500778,0.345639885860618,0.195662306889701,0.0605636554278948,-0.0878972547577803,0.068575455401945,0.11655665764535,0.358558645051798,0.0870826241026054,0.00601972795501716,0.178723064496379,0.263597871749168,0.553608611542779,0.163724855188931,0.303165307979657,0.1591167799858,0.0168173921959258,0.302392289746854,0.204393994613014,-0.0820293846694934,-0.17089821696494,0.0897145658931421,0.14677268686172,0.137801841791391,0.113797793373141,0.196739894050883,0.172521639158603,0.0186540161633259,0.0362768339076659,0.111308196020765,0.179530108981213,0.263377465545038,-0.0771027342463872,0.2496664254174,0.099599155472545
"9",0.426550424510834,0.17630175759879,-0.152706751613197,-0.0326085511020409,-0.211951600150225,0.101900664214703,0.0373500018794263,-0.125490267462827,1,0.405600607796333,-0.113456788873638,0.00050833608273998,0.111842323292388,-0.100406257598752,0.0908212112943536,0.0823509206363544,0.0242588019346864,0.0860455309221948,0.0808221503023833,-0.00215565612428446,-0.162512625051343,-0.00778919613401514,-0.04028036105274,-0.186728186038928,-0.0327826932645647,-0.0370535746084691,0.0586178581347892,0.159553403658538,-0.0506052572202727,0.0626991710029011,-0.00274985313117789,0.127977731860245,0.145126604884118,0.0168939454760659,0.0808102724564044,-0.21938447885422,0.208250919871391,-0.113281568236703,0.0216104694184026,-0.179705735117678,-0.27659472676365,-0.288157883272397,0.061846639492205,-0.0230104733168849,0.0219058791132463,0.147291267390973,-0.191890020803403,-0.118363322600822,-0.19602380873827,-0.197476684195255,0.153206813268646,0.2111471665754,0.185408548347022,0.0457658066786588,-0.0560421112231529,0.0803322969410226,-0.111034234940668,-0.118343899032626
"10",0.222119752888628,0.275068466325203,-0.137986140034179,-0.0394749591658135,-0.0210620762963103,0.113540609349059,-0.155508579106395,-0.0926148838139175,0.405600607796333,1,-0.116732076671836,0.0706516313051745,0.160543017376087,0.103978159044337,0.0109772543765003,-0.0409575433369984,-0.12450542863433,0.172714512479397,0.0895959503135541,0.042451285424995,-0.0300039848614545,-0.103304782650733,-0.0413715758996195,-0.0680192606448102,0.0231740304518958,0.0598839559658391,0.0283572199100042,0.349514963255464,0.110520892533105,-0.039004363803828,-0.0774794029245509,0.0883615809323583,0.0714682302217052,-0.103562474015846,-0.00963930660404045,-0.205056260924501,0.108092625302532,-0.18107414137513,0.0451947323286166,-0.0689501012947714,-0.191243911381237,-0.21454527253763,0.0431501197286044,0.232106856833545,-0.0208490489445668,0.0660465702097156,0.0133861328678892,0.0655717802670898,-0.168270305973735,0.0808938464040618,0.057292062810812,0.109681889216181,0.145864492730785,-0.0100195959359256,-0.029851058329358,0.0355744517995342,0.00198256831730159,-0.00453821821947041
"11",0.128292547134321,0.201318006972622,0.205104119765358,-0.00611410662285992,-0.0488309444064053,0.0685503895485636,0.0880867731365629,0.0377537386895804,-0.113456788873638,-0.116732076671836,1,0.270802655247945,-0.00733043838855869,0.0983751988638764,-0.105983361529032,-0.0392233457176453,-0.00233874467433695,-0.096193558084578,-0.208143792422932,-0.0236273901974075,-0.0499278508399445,0.0164140471687371,0.243291361681291,0.0672522330579907,0.154767726020308,0.0163519741657848,0.122244581838366,0.0226060019462024,0.0235297110526332,-0.0244925615176824,0.128028682447164,-0.0730064886387993,-0.0968157896121598,0.020625173671297,0.0780549085680951,0.112618593386747,-0.167704921065907,-0.0266173051193471,0.144592803698441,0.187445927406662,0.16889985511993,0.203740241477685,0.0634807927497972,-0.00359035468015408,0.0733098205436559,-0.0408426109369389,0.0211905068097067,-0.100952281482078,0.126583513270386,0.128230843076773,0.16931108986709,0.0557353030989395,0.0883377739431115,0.0336912466862981,-0.113997587895546,0.0436227887314373,0.0491493403372666,0.0418168015078115
"12",0.0986559564790337,0.140951363656061,0.311375616878655,0.0900162651604433,0.0190989628436732,0.0689052409899134,0.0988764389194426,0.211612219057688,0.00050833608273998,0.0706516313051745,0.270802655247945,1,0.100008510852774,0.0480841433684491,-0.130944066940171,0.376684865048261,-0.0261394787899577,0.0671539363626662,-0.00593207712190792,0.038929785240297,0.16062601879827,0.0145562477236876,-0.115762868135673,-0.0698445593301865,0.326274681821708,0.212927179707823,-0.0494390915961625,-0.10302984080194,-0.0867748485913018,-0.0172630256326213,0.160405170798671,0.0625434019624772,0.238842498516534,0.322838379221066,0.277863422552312,0.210371861832174,-0.100922837458207,0.245702717852201,0.277963399556783,0.278037055589658,0.171874598116071,0.297457353140413,-0.12136820709423,-0.139350072156093,0.0895705471017307,0.206533270070981,0.0217682984975933,0.0163138668343125,0.0920461253975662,0.303346454708559,0.276131360216982,0.18695047977526,-0.0173337562697844,0.00184450617745754,0.100827945123214,-0.0869293549070986,0.172524265899436,-0.114227672838384
"13",0.0640875590779353,0.0664026266619059,0.108844847286413,-0.137007190983429,0.0454821521525784,0.0556234638318961,-0.0549351320060547,0.0897534937223946,0.111842323292388,0.160543017376087,-0.00733043838855869,0.100008510852774,1,0.188302183449864,0.133845343369637,0.208839165964882,-0.260747024011358,0.0905689525649517,0.0184365808312589,0.139092589321673,0.124693280085151,0.00166022881824678,0.0719111940861989,0.00201664733121339,0.0178752508630903,0.186207827092422,0.0303907147775025,0.0100433416049183,0.10756496017332,-0.0117938067957711,0.114104594280506,-0.0254187065989888,0.0174130242634799,0.153939191205539,0.0791338915619878,0.132056004493056,0.132767580821771,0.160433413385153,0.028826365732444,-0.026677086890344,-0.0700171370799688,-0.0675773332839423,-0.0511014283177562,0.0478321868639774,-0.0837414111403652,0.00114145980097215,0.00336135869020611,-0.091817537904168,0.198332281365134,0.0141651410595474,0.151168891010103,0.14533190251184,0.0751118762418412,0.129426915155564,0.0858439309319646,0.035530768748424,0.133634416458743,0.0844638714770734
"14",-0.0238755530264553,0.0186171607161819,0.148891429155006,0.0843933675154298,0.159324686450518,0.0347054512784376,0.0556652288602613,0.0860211885822739,-0.100406257598752,0.103978159044337,0.0983751988638764,0.0480841433684491,0.188302183449864,1,0.0548182010633482,-0.102367951565439,-0.0640640944573978,0.080918835493089,0.117846582108041,0.176229802265224,0.106575501522853,0.284175165686849,0.0548369668931928,-0.0949403694607434,-0.108164083506804,0.0908027841209188,-0.00196081964711608,0.215688072316163,0.182297373486129,-0.0687255057731785,0.0390893804026401,-0.0745245208134606,0.0340548614785967,0.0201778539262153,-0.0431134328902763,-0.0682653754102872,0.199853546317604,-0.0204746785010474,-0.00133392015122302,0.053582713663873,-0.196494569577948,-0.13570147311405,0.133290122382343,-0.0305714473793397,-0.0863864765101459,-0.163956505026012,-0.121083278564193,-0.334046091989023,0.0635648192715711,0.0944453391320433,0.081055809865711,0.0101129135723193,0.148811832609259,-0.191741383017215,0.0205241178272741,0.186743946397182,0.073479713592846,0.145608914187191
"15",-0.0785719382648529,0.16816649690766,-0.0959604248325562,0.185266760756886,0.163658919606972,0.112230805930037,-0.045107113340257,0.144925000932832,0.0908212112943536,0.0109772543765003,-0.105983361529032,-0.130944066940171,0.133845343369637,0.0548182010633482,1,0.0787081448621042,0.0741638983862166,0.173537860546555,0.150074529253031,-0.189773538848288,0.112983149298901,-0.00137930226974041,0.00137417188676921,0.105484370181308,0.166708817930381,0.225743693547083,0.0958302481798409,0.0304738470874988,-0.0427079260011993,0.227749240941869,0.201423264576167,0.153241817284558,-0.131755318659674,-0.13333776560328,-0.157287213468589,-0.0403505450287901,0.0972016576945511,0.160476483929928,-0.00152241037835981,-0.116229463826707,0.027384700299926,-0.101973308318941,0.192732607440406,-0.00854726601657792,0.0375444313614344,-0.0664770652923078,0.0181361823555607,0.139331364613212,0.0554841204222223,-0.035074306826476,0.147733025143436,0.145194125140656,0.198578369742622,-0.0166426460092067,0.202030091714434,-0.169588667636432,0.0832506111442498,0.0896205940729344
"16",0.0490007925802151,0.144217473180787,0.0314688711987753,-0.0640542460255527,0.0523261092290907,0.144943205454672,0.103221258512502,0.101449729980253,0.0823509206363544,-0.0409575433369984,-0.0392233457176453,0.376684865048261,0.208839165964882,-0.102367951565439,0.0787081448621042,1,0.00355781927395851,0.102645488571918,-0.0798182264311785,0.0908272092679192,0.115289270114299,-0.0756516616988679,-0.0849053729263353,-0.0121336190049794,0.239733286979178,0.123587147913986,-0.0573774751960923,-0.0290243286551444,-0.0570772434645302,-0.0563769909853581,0.129713546309647,0.237480407120215,0.207431649750843,0.402454483050758,0.225149088443984,0.109563049234709,0.0552671366282599,0.397361200031083,0.195627938322457,0.119782057347272,0.169697686566478,0.105398090068438,-0.0561018725568923,-0.203773877968084,0.0293366756798783,0.17199423793086,-0.00890393407349226,0.0821286724023686,0.116285477197427,0.0994046812481537,0.216388038102405,0.337386444118943,0.147519988322477,0.208262997435035,-0.0149294938230035,-0.0926537885005269,0.113607540641442,-0.130482537481181
"17",0.0659167922576841,-0.0746643883079393,0.011142811562716,-0.0733531179074788,-0.168025109752934,-0.0465066773151201,-0.0750602905092868,0.0443382635401302,0.0242588019346864,-0.12450542863433,-0.00233874467433695,-0.0261394787899577,-0.260747024011358,-0.0640640944573978,0.0741638983862166,0.00355781927395851,1,0.27006063804261,0.194655388068868,-0.0388141788667141,0.0904311214731303,0.0128284892676871,-0.0374598154097849,-0.0500286222514692,0.125119195315295,0.0801579832044598,-0.0625769127876915,-0.0811164138393709,0.0313013740164593,-0.00717407759902999,0.148535228409446,0.118202800798899,0.121662051140086,0.0467720301578955,-0.0173216260850621,0.103570482341704,0.152746192528155,0.096468603962587,0.113607741895687,0.0505775135459913,0.0534630149194776,0.022702890211897,0.216161859864665,-0.0681795611091665,0.168104844975468,0.190265756456876,-0.0895685270402993,-0.0759921175184309,0.306247728888463,0.0848707731834909,0.0180200245346148,0.0146530057081269,0.0315104730919026,-0.115834947401391,-0.0928429921021657,0.0523476162851729,-0.121690940263298,-0.187116207639322
"18",0.043575416591957,-0.0555660206437862,-0.115269031124131,0.0230025831346008,-0.130627477840287,-0.0270814501287001,-0.0488028862656687,0.130574019602057,0.0860455309221948,0.172714512479397,-0.096193558084578,0.0671539363626662,0.0905689525649518,0.080918835493089,0.173537860546555,0.102645488571918,0.27006063804261,1,0.20811071920771,-0.0994608194981481,0.10460527975553,-0.11408714613244,-0.122411367135712,0.00115611967310093,0.224782804650631,0.131112823586143,0.0505724403273898,0.0117435850648084,0.0834427950338958,-0.0413256643016996,0.1414439297274,0.205736895011709,0.140549465301378,0.053590902521235,0.00222633605061574,0.189776132435831,0.0306784036343982,0.140948918837082,-0.160287657287769,-0.14910952788345,-0.0624554082669766,-0.117166326158699,-0.0469708643556892,0.0703155891834382,0.252697149129772,0.148831258267756,-0.193607206690862,-0.0905319148391707,0.0509348099720047,0.258883012444594,-0.0603917166331411,0.118142982527515,0.0983458438617604,-0.0749795798998487,0.0955838932957513,-0.0552012725929438,-0.166050646105807,-0.256253369784224
"19",-0.0570210200648305,-0.110410121607537,0.00902792223566198,0.0960477422569204,0.0361920232887556,-0.126785227334716,0.0464361071842457,0.233459241518052,0.0808221503023833,0.0895959503135541,-0.208143792422932,-0.00593207712190792,0.0184365808312589,0.117846582108041,0.150074529253031,-0.0798182264311785,0.194655388068868,0.20811071920771,1,0.0608679521736424,0.175968482200192,0.0216066135168006,-0.221971326649928,-0.290157667243645,0.0806816470405353,0.123307677936782,-0.114432966641448,0.0127546191881776,-0.0608625565547753,0.00333506796925602,0.228934173922153,0.22090148556251,-0.0536219161067183,-0.0628338954367587,0.172494166982249,0.104318102276022,0.232449978534472,-0.05831487705666,-0.017756071222569,-0.0936065722164935,-0.188340765264794,-0.0376241304671249,0.045858424379145,0.0439201072783203,0.181509345777292,-0.0736637503358591,-0.043229640612088,-0.0432136328372632,-0.0223736213888565,0.0739479133395486,0.160054008091759,0.061679783462964,-0.0616670247007278,-0.11609477782097,0.221121016750989,0.0295111754422754,0.0505678212482956,-0.0289441887301188
"20",-0.112580111335711,-0.0397377971335167,0.0520681522348826,-0.0487071965670161,-0.0260543981402557,0.0177160086336269,0.141276635341293,0.133665431560408,-0.00215565612428446,0.042451285424995,-0.0236273901974075,0.038929785240297,0.139092589321673,0.176229802265224,-0.189773538848288,0.0908272092679193,-0.0388141788667141,-0.0994608194981481,0.0608679521736424,1,-0.0661897003323088,0.0777880882384891,-0.0941209007152803,-0.0283359105588437,0.00743984412506895,-0.0382073950170484,-0.00713580549527505,-0.00364815755943407,0.186783891885009,0.0304556161995945,-0.00711197196458305,0.358290718550996,0.246172601445076,0.178669255206165,0.243835485860348,0.0808243867691613,0.189925200080273,0.113325956984795,0.137517371718252,-0.0105014923380277,0.0527218109143293,0.0894621748920369,-0.173368475438774,-0.0119619097428465,-0.119655473471887,-0.0313747530853622,0.0478042259805005,-0.0559053149112688,0.0517027896210149,0.0279068408786239,-0.0225709754795484,0.00677709612254105,-0.0403711815631669,-0.0481000798972653,0.123063180527737,0.106603918144933,-0.00674244987142643,0.0810983778955669
"21",-0.060610112849338,0.0494630613987081,0.0659017991191668,-0.0321561394595434,0.0295843882891451,0.091234149146351,-0.0196591340613111,0.209510495217786,-0.162512625051343,-0.0300039848614545,-0.0499278508399445,0.16062601879827,0.124693280085151,0.106575501522853,0.112983149298901,0.115289270114299,0.0904311214731303,0.10460527975553,0.175968482200192,-0.0661897003323088,1,0.0526884134564279,0.00469216527077246,0.119962756243792,0.193788867256647,0.0749815289859626,-0.0333457075228408,0.0821704933619695,-0.156998865098502,-0.0365882460969997,0.00262703779862162,-0.0831011144674073,0.035529104114126,0.171103239253989,0.0473228104478683,0.231628638455696,-0.0354377595038763,0.134602226766323,0.17304534742593,-0.00024333072431679,0.183629259868315,0.13764869894677,-0.0239241036614204,-0.0903720850517452,0.124254399376197,0.0429880931993439,0.0752145722948038,0.1524088191781,0.201559272712424,0.250277775842587,-0.0701863332566281,0.083537224800214,-0.15788621683521,-0.00841888356564539,0.122370988535139,0.105111736940845,0.0555551495948076,-0.016149010025228
"22",-0.0431489571506123,0.081279074907663,0.0244686163765749,-0.117220526928514,0.0292332890571975,0.00107684953793189,0.0715973090238395,-0.0572923852360311,-0.00778919613401514,-0.103304782650733,0.0164140471687371,0.0145562477236876,0.00166022881824678,0.284175165686849,-0.00137930226974041,-0.0756516616988679,0.0128284892676871,-0.11408714613244,0.0216066135168006,0.0777880882384891,0.0526884134564279,1,-0.0618992967280523,0.0228914551001139,-0.24696627735249,0.0229086706910306,-0.114115491531159,-0.06506770170041,0.0595515532856034,0.0253313148470736,0.0642040559672144,0.0369872232075071,0.0282326119624973,-0.0877157886735886,0.121253329248141,0.0620576336671076,0.216638665681509,0.105062772184489,0.0137560011098572,-0.0476371025207307,-0.0719472868527588,-0.104534574436111,0.0198776354958363,-0.104607194989391,-0.170825994303557,0.0142869956072736,0.0967899163010501,-0.0795647263499383,-0.0512093720387968,-0.195792804663321,0.143124145032905,-0.0106200224780006,-0.0379815632209388,0.00398926140996186,-0.241782269930898,0.198333325799763,-0.0207269578718967,0.22067133141594
"23",-0.0325025000286946,-0.0569149989252257,0.0463712065324662,-0.0629833460739596,0.18984729290317,-0.0139149724106273,-0.02633660887471,-0.189198844348956,-0.04028036105274,-0.0413715758996195,0.243291361681291,-0.115762868135673,0.0719111940861989,0.0548369668931928,0.00137417188676921,-0.0849053729263353,-0.0374598154097849,-0.122411367135712,-0.221971326649928,-0.0941209007152803,0.00469216527077246,-0.0618992967280523,1,0.373294373341736,-0.147675006333544,-0.148994379480827,0.0908931364700778,0.101793808531745,-0.0228980613368954,0.00229356782311723,-0.0951710865527834,-0.141385199058181,0.00199458409255274,-0.0730670980061029,-0.0871828096400914,-0.133193817612981,-0.042650642821995,-0.199792899658522,-0.00596916192818184,-0.173545923481995,0.0925652589259911,0.0898500656556337,0.195558474738122,-0.00902240956812172,0.00017806542705069,-0.0840164925865764,0.0388332391590253,-0.0267138741438196,0.117959099930399,-0.00113230715656935,-0.12414248864895,-0.129669132023437,0.0691026110221698,-0.0840150013854564,-0.130695971962807,-0.0204754121112245,0.128816243431598,0.0472038724886595
"24",-0.205103498581717,-0.0737139617865631,0.078671074277339,-0.072675310644094,0.0676270531729785,0.11099581233397,-0.13133112648743,-0.00540497593500778,-0.186728186038928,-0.0680192606448102,0.0672522330579907,-0.0698445593301865,0.00201664733121339,-0.0949403694607434,0.105484370181308,-0.0121336190049794,-0.0500286222514692,0.00115611967310093,-0.290157667243645,-0.0283359105588437,0.119962756243792,0.0228914551001139,0.373294373341736,1,0.0854606957684687,-0.0690672423014288,0.0478904890742883,-0.0764125622868536,0.0917193005642644,0.197542466233619,-0.122740368812038,-0.0576098451917226,-0.027521092292927,0.0279864843549196,-0.144864578302737,0.0771691630127865,0.00225885894254294,-0.0938326887772367,0.1731954141112,0.0173525776819973,0.146231465652104,-0.0102588386699387,0.0246225355597824,0.172004346583575,-0.0363495764664915,0.020287702863192,-0.174620279145127,0.036354363912313,0.109192333603499,-0.0259458595647528,-0.299587416464282,-0.121787770561442,-0.0611408431445262,-0.0970902363676328,-0.0318253154009526,-0.168577118417837,-0.0662156649277668,0.108486721443904
"25",-0.0214261372414134,0.123885584991324,0.179848498742462,0.0115136182333063,-0.137409797578562,0.105146456317591,-0.00980420360731853,0.345639885860618,-0.0327826932645647,0.0231740304518958,0.154767726020308,0.326274681821709,0.0178752508630903,-0.108164083506804,0.166708817930381,0.239733286979178,0.125119195315295,0.224782804650631,0.0806816470405353,0.00743984412506895,0.193788867256647,-0.24696627735249,-0.147675006333544,0.0854606957684687,1,0.308574678140592,0.13996776563091,0.144392327456282,-0.0728451407196983,-0.0387390395428037,0.0994739546614546,0.224950059182152,0.235947778682866,0.469611201532842,0.15826276352323,0.373123985092514,0.0456514260204801,0.251226628113648,0.217914772845239,0.257531317531531,0.357988380508924,0.347158111378717,-0.0161321518580486,-0.0880964267040562,0.189580124205372,0.163716149823309,-0.0290629030510334,0.133259514916493,0.288306790884832,0.322503436502532,0.0759124671120148,0.284114744772541,0.0120695483107646,0.0937016890960566,0.270975721103105,-0.178956636760059,-0.0718801348887538,-0.137059978243057
"26",0.0262269222428956,0.100841698618199,0.0906361992836606,0.130746182069341,0.0555410249003498,0.0834308049059914,0.129453200072825,0.195662306889701,-0.0370535746084691,0.0598839559658391,0.0163519741657848,0.212927179707823,0.186207827092422,0.0908027841209188,0.225743693547083,0.123587147913986,0.0801579832044598,0.131112823586143,0.123307677936782,-0.0382073950170484,0.0749815289859626,0.0229086706910306,-0.148994379480827,-0.0690672423014288,0.308574678140592,1,-0.0395265488103893,0.091891667486996,-0.0852178248568565,-0.195060056455546,0.227394014979452,0.0883665432549828,0.229859376902064,0.258355652456117,0.161076084019652,0.188807756299515,0.19943320028497,0.351721040489115,0.146537599122725,0.0132515636943914,0.184590856006565,0.0806562184574621,-0.0436049664993871,-0.00701797920419942,0.00013162565767728,0.013504313936779,0.0680854729340767,-0.0191362252290025,0.162504138313989,0.0702595595925008,0.10746721629909,0.123577416531109,-0.0314746338349069,-0.0294081762422935,0.210147902957211,-0.0584534938498615,0.036529905008053,0.0154008233421485
"27",-0.0310331983505879,0.141893614111347,-0.00086814920978421,-0.0670942887306857,-0.0324735152684927,0.145009791677667,0.140633681117917,0.0605636554278948,0.0586178581347892,0.0283572199100042,0.122244581838366,-0.0494390915961625,0.0303907147775025,-0.00196081964711608,0.0958302481798409,-0.0573774751960923,-0.0625769127876915,0.0505724403273898,-0.114432966641448,-0.00713580549527505,-0.0333457075228408,-0.114115491531159,0.0908931364700778,0.0478904890742883,0.13996776563091,-0.0395265488103893,1,0.196430230274363,0.00822667881076357,0.134256760036787,-0.0528754939849534,0.0426389110735047,0.199499001940974,0.0919533913976432,-0.1149734819963,-0.00306735177601094,-0.0261520525695757,-0.0118452460913011,0.154795133468037,0.0388150360335989,0.156011946663783,0.117836215702051,-0.0708742865592206,-0.0686436740210657,0.0564965315886402,0.105843276477888,0.0274854867810262,0.10365604759325,0.0364460823427021,-0.0354290983238804,0.0994667049063924,-0.0041762758052204,0.141130367181508,0.103209446927356,0.167410891839732,0.0847148229899093,-0.00735059579100908,0.0547435889543433
"28",0.135483215920339,0.137008822728398,-0.125202204345336,-0.0604880509190025,-0.0102678794113518,0.177924825986205,0.118554949232243,-0.0878972547577803,0.159553403658538,0.349514963255464,0.0226060019462024,-0.10302984080194,0.0100433416049183,0.215688072316163,0.0304738470874988,-0.0290243286551444,-0.0811164138393709,0.0117435850648085,0.0127546191881776,-0.00364815755943407,0.0821704933619695,-0.06506770170041,0.101793808531745,-0.0764125622868536,0.144392327456282,0.091891667486996,0.196430230274363,1,-0.0473176934424744,0.0363648070567069,-0.133547619590287,-0.0877876651421208,0.25019779527175,0.146351250357428,-0.140329189329286,-0.163356860308006,0.0011124578050163,-0.0188109088262546,0.0980423653485064,0.0126028262510323,-0.0774176391095605,0.0554251866671204,0.132512555156696,0.198348248631418,0.122694383272181,0.0895626625658324,-0.113488354269395,-0.0509255975628677,0.0211889394699533,0.235851802484193,0.192843458535661,0.207039432649519,0.167299156439681,-0.03060068948358,-0.112288784570278,-0.0273616902359566,0.0386369722919371,0.121803346694211
"29",-0.0672631407920495,-0.0904781351933652,0.0595601298787641,-0.0407293949883155,-0.00746206991677265,-0.0565715463415788,-0.0588616920750621,0.068575455401945,-0.0506052572202727,0.110520892533105,0.0235297110526332,-0.0867748485913018,0.10756496017332,0.182297373486129,-0.0427079260011993,-0.0570772434645302,0.0313013740164593,0.0834427950338958,-0.0608625565547753,0.186783891885009,-0.156998865098502,0.0595515532856034,-0.0228980613368954,0.0917193005642644,-0.0728451407196983,-0.0852178248568565,0.00822667881076357,-0.0473176934424744,1,0.12657207514629,0.00249720682941701,0.0879411351419833,-0.0187273440111899,-0.0858668908722135,-0.1302739060726,0.0223411743463522,0.213645915271086,-0.0906068120459578,-0.0994276964844747,0.00218339130553024,-0.106761847506538,-0.179593014616993,0.219593795705686,0.116499677364658,-0.170718204884822,-0.112163233609658,-0.11029626576619,-0.0825478404336942,0.161660122414174,0.0693709248870803,0.012592900231566,0.0696706092172619,0.0419316201377466,0.00653894317729687,0.0213416116938299,0.223499741601922,0.0291716066081321,0.0138222200875365
"30",-0.0287931448701201,-0.12737225402222,-0.106715941929938,0.104315333058273,0.0175295107556248,0.0987619940144955,0.078710140588911,0.11655665764535,0.0626991710029011,-0.039004363803828,-0.0244925615176824,-0.0172630256326213,-0.0117938067957711,-0.0687255057731785,0.227749240941869,-0.0563769909853581,-0.00717407759902999,-0.0413256643016996,0.00333506796925602,0.0304556161995945,-0.0365882460969997,0.0253313148470736,0.00229356782311723,0.197542466233619,-0.0387390395428037,-0.195060056455546,0.134256760036787,0.0363648070567069,0.12657207514629,1,0.166173670030854,0.0307535559770257,-0.00818421095614161,-0.0121776646840787,-0.0407827669525179,-0.0297248926075313,0.0592439377584138,-0.0320167492404196,-0.00546718921757211,0.0595096497174534,-0.0606581881656405,-0.136113949794886,0.00522639276836812,0.0985615352718975,-0.0388154445693575,0.00055343461092819,-0.0187417351720193,0.117154164112967,-0.0524629140508284,-0.0808471413925727,-0.0907287634557826,-0.00992222048174399,0.104022985619593,0.106680021062986,0.143536307852981,0.0896561087911014,0.111416101485585,0.301967732302354
"31",0.100407693250026,-0.012640923513956,0.122375718507136,0.169892259766904,-0.00820757680221244,0.0904309635360846,0.111137823483863,0.358558645051798,-0.00274985313117789,-0.0774794029245509,0.128028682447164,0.160405170798671,0.114104594280506,0.0390893804026401,0.201423264576167,0.129713546309647,0.148535228409446,0.1414439297274,0.228934173922153,-0.00711197196458305,0.00262703779862162,0.0642040559672144,-0.0951710865527834,-0.122740368812038,0.0994739546614546,0.227394014979452,-0.0528754939849534,-0.133547619590287,0.00249720682941701,0.166173670030854,1,0.144557157972368,0.0164077451185136,-0.0493826874951741,0.207770866257274,0.232328576609207,0.0962451019788909,0.304660484580194,-0.0788232114776899,-0.0399779207921016,0.00149914404512687,-0.0475990063398495,0.0257098088414623,-0.0796851696508649,0.0168287691566149,-0.00880753011434238,0.0581163848560942,-0.00966999923344307,0.0909858934872151,0.00277630877988906,0.228520694925711,0.0540454761529938,0.107287262541674,0.0384639366679599,0.103158899226862,-0.0757908611727679,0.0961851603130834,-0.0284957807278611
"32",0.0942917170267858,0.109164087875205,0.083306545974916,-0.0429159067193711,-0.0531484905462859,-0.0703147366833906,0.111104892108801,0.0870826241026054,0.127977731860245,0.0883615809323583,-0.0730064886387993,0.0625434019624772,-0.0254187065989888,-0.0745245208134606,0.153241817284558,0.237480407120215,0.118202800798899,0.205736895011709,0.22090148556251,0.358290718550996,-0.0831011144674073,0.0369872232075071,-0.141385199058181,-0.0576098451917226,0.224950059182152,0.0883665432549828,0.0426389110735047,-0.0877876651421208,0.0879411351419833,0.0307535559770257,0.144557157972368,1,0.182277848725708,0.256735458492873,0.180938370852258,0.231746080593152,0.207508637459433,0.270959148797783,0.0880577070921394,0.0624063263523466,0.0983626455494102,0.0425222968988953,-0.113409480233146,0.0288792111746403,-0.0263908727525275,0.0416091643508506,-0.0463000087515034,0.109700489337249,0.0623425724020606,0.0979760465460268,0.160537610029708,0.265622138840572,-0.0916207380463008,-0.0502588389359891,0.0936874475239295,-0.0650948673332957,0.0496176698693769,-0.0636454743539192
"33",0.0989905086739645,0.247546043212719,0.152153613492965,-0.177491633042249,-0.0702967547085323,0.159183205130444,0.233419346229325,0.00601972795501716,0.145126604884118,0.0714682302217052,-0.0968157896121598,0.238842498516534,0.0174130242634799,0.0340548614785967,-0.131755318659674,0.207431649750843,0.121662051140086,0.140549465301378,-0.0536219161067183,0.246172601445076,0.035529104114126,0.0282326119624973,0.00199458409255274,-0.027521092292927,0.235947778682866,0.229859376902064,0.199499001940974,0.25019779527175,-0.0187273440111899,-0.00818421095614161,0.0164077451185136,0.182277848725708,1,0.577858533371314,0.125179108746794,-0.031315812685516,0.0764876112504278,0.283445787034325,0.26092208762581,0.272560318567302,0.156868333077074,0.194791402778964,-0.0802130477495568,-0.0482934220772213,-0.0502043901508001,0.304901612688929,0.0915019809517392,0.0193159404370507,0.160742020004416,0.188609577202691,0.0632033782534583,0.236463960275832,0.16033179263066,0.145510507405065,0.206180582279589,0.0243648255070677,0.0161725331105349,0.00233421911484765
"34",-0.0163104052039612,0.0701522020805705,0.232588952350916,-0.169951107041131,-0.136177520703367,0.0784369547560006,0.131970423129808,0.178723064496379,0.0168939454760659,-0.103562474015846,0.020625173671297,0.322838379221066,0.153939191205539,0.0201778539262153,-0.13333776560328,0.402454483050758,0.0467720301578955,0.053590902521235,-0.0628338954367587,0.178669255206165,0.171103239253989,-0.0877157886735886,-0.0730670980061029,0.0279864843549196,0.469611201532842,0.258355652456117,0.0919533913976432,0.146351250357428,-0.0858668908722135,-0.0121776646840787,-0.0493826874951741,0.256735458492873,0.577858533371314,1,0.261197995117474,0.236775605996934,0.058328807281153,0.348434005679346,0.316303901346357,0.297654532451138,0.308467952717377,0.24529316976657,-0.153592835704866,-0.129468561462858,0.0966168384032975,0.383867461250731,-0.0732293625986833,0.0509224423054234,0.247639858469322,0.217834133052354,-0.030280216329924,0.235586275318477,0.0230526496320824,0.254147183408862,0.251857543135466,-0.0714500820416274,0.135503019049804,-0.0251724934387476
"35",-0.0557808848729397,0.0100072380289078,0.0680110023390188,-0.012193973482332,0.0246312417439319,0.0130685589190374,0.24514307320927,0.263597871749168,0.0808102724564045,-0.00963930660404045,0.0780549085680951,0.277863422552312,0.0791338915619878,-0.0431134328902763,-0.157287213468589,0.225149088443984,-0.0173216260850621,0.00222633605061574,0.172494166982249,0.243835485860348,0.0473228104478683,0.121253329248141,-0.0871828096400914,-0.144864578302737,0.15826276352323,0.161076084019652,-0.1149734819963,-0.140329189329286,-0.1302739060726,-0.0407827669525179,0.207770866257274,0.180938370852258,0.125179108746794,0.261197995117474,1,0.370952072241759,0.270661106078368,0.292986074783215,0.095084278638744,-0.0220033548471581,0.134739074528022,0.200944514084802,-0.179125758561976,-0.141434214883665,0.053390445360056,0.0271628413880044,0.139236212969494,0.091520912619965,-0.086212713475737,-0.0453928764386897,0.145779239174742,0.168562717587799,-0.12354261174448,0.0746249784363812,0.121801369189875,0.0664048703169819,0.0970594678574373,-0.152256177394107
