"","l_Insular.Cortex","r_Insular.Cortex","l_Amygdal.Area","r_Amygdal.Area","l_Bed.Nucleus.of.the.Stria.Terminalis","r_Bed.Nucleus.of.the.Stria.Terminalis","l_Hippocampus","r_Hippocampus","l_Orbitofrontal.cortex","r_Orbitofrontal.cortex","l_Entorhinal.Cortex","r_Entorhinal.Cortex","l_Frontal.Association.Cortex","r_Frontal.Association.Cortex","l_Globus.Pallidus","r_Globus.Pallidus","l_Glomerular.Layer.of.the.Accessory.Olfactory.Bulb","r_Glomerular.Layer.of.the.Accessory.Olfactory.Bulb","l_Glomerular.Layer.of.the.Olfactory.Bulb","r_Glomerular.Layer.of.the.Olfactory.Bulb","l_Granule.Cell.Level.of.the.Cerebellum","r_Granule.Cell.Level.of.the.Cerebellum","l_Hypothalamic.Region","r_Hypothalamic.Region","l_Entorhinal.Cortex","r_Entorhinal.Cortex","l_Vermix.Molecular.Layer.of.the.Cerebellum","r_Vermix.Molecular.Layer.of.the.Cerebellum","l_Lateral.Molecular.Layer.of.the.Cerebellum","r_Lateral.Molecular.Layer.of.the.Cerebellum","l_Anterior.Olfactory.Bulb","r_Anterior.Olfactory.Bulb","l_Posterior.Olfactory.Bulb","r_Posterior.Olfactory.Bulb","l_Subiculum","r_Subiculum","l_Perirhinal.Area","r_Perirhinal.Area","l_PreLimbic.System","r_PreLimbic.System","l_Primary.Cingular.Cortex","r_Primary.Cingular.Cortex","l_Primary.Motor.Cortex","r_Primary.Motor.Cortex","l_Retrosplenial.Cortex","r_Retrosplenial.Cortex","l_Secondary.Cingular.Cortex","r_Secondary.Cingular.Cortex","l_Secondary.Motor.Cortex","r_Secondary.Motor.Cortex","l_Striatum","r_Striatum","l_Ventral.Tegmental.Area","r_Ventral.Tegmental.Area","l_Substantia.Nigra","r_Substantia.Nigra","l_Thalamus","r_Thalamus"
"1",1,0.168608594909607,-0.128108058164163,0.0800843930598308,0.0901284008945701,0.0530437915007439,-0.208043819776723,-0.127188086820288,0.405853094540077,0.363302354786579,0.047327237058887,-0.165826583328559,-0.112908807840918,0.0768668555307566,-0.0376316355745619,-0.00826026553802028,-0.0833320449542625,0.143246269706236,-0.0659205530031293,-0.0900548016202667,0.204079988433925,0.117145504968035,-0.0756117448482656,-0.0591612819209312,-0.16164139485538,-0.0714000893532194,-0.138105538132367,0.0238453236877352,-0.0644608420168966,-0.07966039926197,-0.109412167379732,-0.00996213022268475,-0.094051675483498,0.0788506173201841,-0.197397588368683,-0.0106937310271431,-0.113389205175723,-0.101170881001603,-0.0099911222672151,-0.0478106802431727,-0.222434229925009,-0.0701724790871382,0.0981386205841717,0.124865917366969,0.157193813611482,-0.0501578050744684,0.0265404166600755,-0.071558457626866,-0.056147693827981,0.0619774321257289,-0.156829774811067,0.0820998867304908,-0.0364621237034938,-0.0351586052618147,-0.00061914950657807,-0.0861807708836777,-0.00189937543318148,0.04967657405768
"2",0.168608594909607,1,-0.0211298558686105,0.0332001564769564,-0.249712331126698,0.0535666749905648,-0.037241360640455,-0.069037535028055,0.207485745296582,0.34322447091138,0.239037739210329,0.0489036517703424,0.0386707258776382,-0.0285180673216162,0.0568029314052618,0.226941804261288,0.0335452787801006,0.00100057994479293,0.0225972067509809,0.0123399532683055,-0.16656275416515,-0.0458589663815374,0.00797860882540267,0.00396707048443896,-0.181682842628565,0.110403722849976,0.0182608511242938,0.0743926929160417,0.247093310593872,-0.049826686141985,0.112105428154077,0.0753559123076952,0.0800889443166288,-0.00731722171790785,0.0293891994454914,0.0121837352993543,0.122031520573789,-0.163149851342589,0.0859854617711494,0.120869364627981,-0.049915118438954,0.18317592185702,-0.0981401112229748,0.0874640230183627,0.064159669792718,-0.0341849747509656,0.0546297630007448,0.162609794347179,-0.0517023726316353,0.0455794023952554,-0.164188050292818,-0.0365982656506733,-0.00246352431556917,-0.0580207792313478,0.0941978715999706,-0.0206369361793026,0.123049789685515,0.0965216369361613
"3",-0.128108058164163,-0.0211298558686105,1,0.0469580208962491,0.163295847938625,-0.0859985244428747,-0.227926038577252,0.0736222805289637,-0.140042522300077,-0.0800754402309401,0.0313819459522724,0.0140460306185,0.146682486439761,-0.0992259026155253,-0.0777232404760149,0.252514004019087,0.0800280482532855,-0.0415470725112533,0.20009834451525,0.118582652714807,0.106861489801804,0.215571316400411,-0.0915608093311044,-0.172472564641461,0.359506274781195,0.184721744213462,0.00075899557436429,0.0268520473561349,0.020563860411938,-0.0774861969136565,0.0952865998244921,-0.0716254295611186,0.167307009933045,0.128419195037322,-0.0279952628353511,-0.107872556658489,0.0510221324702111,0.00964875721942864,0.0287377347795505,0.173450391390512,0.0083303557999979,-0.117279493805426,-0.220896459431196,-0.0292560036127831,0.0221432742368294,-0.0339185391307951,-0.128864838853469,-0.221345231677859,-0.0148237083453777,-0.086651020911056,0.174116165605574,0.0121695006887533,-0.0462088510732661,-0.0201746404126836,-0.102913824145413,0.104573510989293,-0.0298283359881196,0.13775520374826
"4",0.0800843930598308,0.0332001564769564,0.0469580208962491,1,-0.0317476650013092,-0.0140131182544854,-0.137075421081946,-0.110661915378131,-0.0601289591336414,-0.043812760216626,-0.0247563292291046,0.022416184376464,-0.0452214375515945,0.0984030322178999,-0.216356371384512,-0.0486193442407181,-0.00510542113503704,0.0878222385792529,0.0676867722550467,-0.0552842796092807,0.114690430260711,0.119048678998481,0.101290022803312,0.0351417388578448,0.00944917222960248,0.0254524828003877,-0.1201853833481,-0.159913944434895,-0.0656698658910787,-0.113351112593356,0.0749833655475282,-0.14551393071462,0.174388592586781,0.0796370654466091,0.0496213227051157,-0.0733853057198174,-0.0581607149061487,-0.062324357425511,0.0183616576733964,-0.143130097066753,0.110641379812809,0.101651402180811,0.0585865167685253,-0.0935281058713351,0.0731099590010612,-0.0136971249683615,-0.0384902220504622,0.105576625337239,-0.0192542204757349,-0.00213818956573153,-0.0441119632548884,-0.159056736081708,-0.0141371570636966,0.0277511678992509,-0.078210093018403,-0.0774991631210642,-0.0896059034641562,-0.125070770290264
"5",0.0901284008945701,-0.249712331126698,0.163295847938625,-0.0317476650013092,1,-0.0656685287379868,0.147158502780371,-0.0107440200600178,-0.047119622126369,0.0361193254375915,-0.104285786008787,-0.0753377093245628,0.041139407137477,0.190614418516509,0.0338034173245815,0.112888190265523,-0.0938573597520275,0.0534042921014674,0.16867750105553,-0.152139869799911,0.119462077414331,0.103450391061483,0.161401931955913,-0.030539790222789,0.179076078309042,0.198432219304311,-0.0541485461433694,-0.00831353890966267,0.0381806765878516,-0.0221294352883998,0.122942657768149,0.0870335989284787,-0.110400746799629,-0.15178194287807,-0.0230634112448215,0.17764528191406,-0.0248124218287113,0.054597804496473,-0.111727289200859,-0.0708416504483351,-0.075543844215458,-0.0542784378203394,0.06932592750898,-0.194342246469851,-0.114145876461258,0.0412652230803751,-0.0598136499543886,-0.207237920560431,0.0357786573104231,0.18323948045208,0.19201067433094,-0.116389528092093,0.035872564717368,0.121429452939207,-0.0991246234587548,0.083739506894138,0.164075647663179,0.0221030222413974
"6",0.053043791500744,0.0535666749905648,-0.0859985244428747,-0.0140131182544854,-0.0656685287379868,1,-0.206899740631437,0.0334545659502973,0.00046468942310278,-0.0825688002403909,0.147978565130247,0.00732000051066938,0.0204892609406952,0.0390835781249657,0.104505142551106,-0.0581933610235775,-0.0489969271331294,-0.00312779941733308,0.0794855369898473,0.0658423875826305,-0.0144899198781366,0.0202074779953775,-0.143009783694713,0.0370697797197552,0.0603053061501882,-0.0540396553233568,0.0703851535169196,0.0825717163057447,0.235828496241496,-0.0262093523239847,-0.0183623226971565,0.00161096412602153,0.0981710983503896,-0.138554528475677,0.0694708255236111,0.00396876663003324,-0.0172530474561465,0.0161264190513116,0.122477697084774,-0.0703286091854028,-0.00449983044623343,-0.103351063548062,-0.144875767888609,-0.180714239848977,0.0178830251772649,-0.0159463568956469,-0.134726150394222,0.00973180045076039,0.0312034853742335,-0.0168956886952634,0.0878744370516906,0.0492952559702314,0.016834937666087,-0.0299900476499562,0.0256822453463249,0.0225790201243947,-0.157795340203689,-0.0366246015890656
"7",-0.208043819776723,-0.037241360640455,-0.227926038577252,-0.137075421081946,0.147158502780371,-0.206899740631437,1,0.143005615315031,-0.0532300012178854,0.0658686540754281,-0.0530077990261583,0.128687260979193,-0.0500652650480724,-0.0531371149473404,0.105772670622185,0.188581100192338,-0.084382642038448,-0.0936170254849146,0.110499985111614,0.0730192713204926,-0.192083539098784,-0.113426505870078,0.160875404400392,0.224343529924823,-0.109370758132719,0.0624568018654833,0.0655605017478553,0.189087709776946,-0.0493309282608405,0.0957684405030076,0.164967318047016,0.284385569018293,-0.192290731506132,-0.0740662494083902,0.202832544491776,0.152372907052735,-0.0781259174728256,-0.0708928834659058,-0.0693121663504095,-0.0853235576868402,0.0521969966895028,-0.0314216551434441,0.114738434594491,0.0115619043205155,0.0423225311384006,0.183260047483867,0.143727402854483,0.0120234770061781,0.124806645324178,-0.032548422371503,-0.0312818732406459,-0.13757546029093,0.216896058853772,0.336080396926686,0.107018574542185,0.100220458884238,0.28711529387124,-0.145581724480946
"8",-0.127188086820288,-0.069037535028055,0.0736222805289637,-0.110661915378131,-0.0107440200600178,0.0334545659502973,0.143005615315031,1,0.119016797693308,-0.0888212136524177,-0.186585312029897,0.0675594144977349,0.00552968213042992,-0.0714774633765016,0.116506598945443,-0.0693644681242972,0.0993972709978413,0.0709251409351239,0.0679057299328174,0.207782136874774,0.0356535004729226,-0.149797452929059,0.11427292475891,0.224051217710604,0.184780964785605,0.113250697351817,0.290250376907726,0.100946884767961,0.0836332085469408,0.119892501028313,-0.110978671545216,0.121858143634428,0.188005452242536,0.217002422789455,0.127248205048916,0.180689516767588,-0.00397775967389868,0.0567803763687882,0.0986562745821281,0.192833635142857,-0.0815044504170642,-0.0712423156034049,0.025007182670294,0.0896154326582766,0.0909964245851983,0.174546328062329,-0.0440655178431715,-0.0240737474048216,0.0632913092629033,-0.0704714656521585,0.0852170185735912,0.0489801266490813,0.0874193015990711,-0.0552804362669632,-0.0971801439146672,0.101723343412537,0.0194415283736913,0.0581137576904296
"9",0.405853094540077,0.207485745296582,-0.140042522300077,-0.0601289591336414,-0.047119622126369,0.00046468942310278,-0.0532300012178854,0.119016797693308,1,0.358482738491696,-0.168875089312811,-0.101539222559395,0.0808663964308471,0.122741919952265,-0.00553186851368019,-0.022359012643931,-0.0151353982425373,0.0436825744886058,-0.12278059109907,0.105296252985851,0.208937498196314,0.0524073839264376,-0.0859224610951693,0.19656248876683,-0.333415434778002,-0.0053753525188865,0.0971054282906041,-0.0754179741784771,-0.0119855990428804,0.0959576165131306,0.00651105266141776,-0.00118241686749629,-0.105213174362926,-0.125996830796568,-0.304553022459369,0.00401298913220911,-0.263788758428186,-0.182899410990394,-0.0683524096269212,-0.101198772068206,-0.164250358501181,-0.0958573763261544,0.317151878002336,0.217333364354056,0.0696709029873731,-0.0185976175798251,-0.0999542395726811,0.0250770809760705,0.0179055235881563,0.0344405017370135,-0.284950529478778,0.00744165156033671,-0.162294930147253,-0.0484789461689655,-0.0219916223123119,-0.0639498285652065,-0.0623898051861877,0.206154616023444
"10",0.363302354786579,0.343224470911381,-0.0800754402309401,-0.043812760216626,0.0361193254375915,-0.0825688002403909,0.0658686540754281,-0.0888212136524177,0.358482738491696,1,-0.0793528490586066,0.0484784831821843,-0.0617817148599441,-0.00859542618976442,-0.0915223476554629,-0.0136479767346102,-0.180420342325905,0.0202056184748873,-0.169566876702956,-0.0942110282880155,0.0135325654064857,0.104336402898112,-0.101815916077178,-0.0746934532054307,-0.232109311286434,-0.0503510014514223,-0.0719237817124899,0.0898049346177661,-0.0129471435883208,-0.0426034132170759,-0.0834886504934955,-0.0369770243096257,-0.0732903403671477,-0.0339921979221506,-0.089844631347658,-0.0997930601329263,0.0622605479019386,-0.131682650198167,-0.204274446839777,-0.139050572001254,-0.305868689071667,-0.0857356723797338,0.0463523697356047,0.204611627808668,0.0395062401474771,-0.0686878093841197,-0.207826854912301,-0.0227603186746833,-0.197326310420147,0.0118463228930706,-0.160107122281275,-0.0767139186732599,-0.153931526306906,0.00795385968826457,0.0677456922217314,-0.0863287763965628,0.033437597093185,-0.107152431803064
"11",0.047327237058887,0.239037739210329,0.0313819459522724,-0.0247563292291046,-0.104285786008787,0.147978565130247,-0.0530077990261583,-0.186585312029897,-0.168875089312811,-0.0793528490586066,1,0.234093746082045,0.331089731263828,-0.0428035473885705,0.111177639740677,0.142797880424754,-0.171311905467147,0.0577315113785465,0.252851304364346,0.0822880808113849,-0.0309988758288013,-0.0949906370936839,-0.0371612855984333,-0.0940213132250213,0.111754936730248,0.170570392133983,0.0125417245736948,-0.0130363851748192,0.0832486855186203,0.109537799724833,0.0601510595475134,0.0815683247244615,0.218818095678033,0.135854468419024,0.106191940426514,-0.0127301773148079,0.119540123248112,0.035791895231103,0.147679942475956,0.228070275085023,0.267686078516233,0.0566562976383354,-0.138134752323671,-0.0885096528128066,0.0648989652965286,0.00893282591121698,0.199939082057963,0.089965426374187,0.150065342625786,0.0342425524647225,0.095651123114918,0.124234011313627,0.0400634936969397,0.0888032226856431,0.0184005492112051,0.0554591476703898,0.0874218950306327,-0.00294326685243714
"12",-0.165826583328559,0.0489036517703424,0.0140460306185,0.022416184376464,-0.0753377093245628,0.00732000051066938,0.128687260979193,0.0675594144977349,-0.101539222559395,0.0484784831821843,0.234093746082045,1,0.115739413927105,-0.0379196682576385,-0.0379293787507356,0.0987914282346215,0.0434788751274015,0.121788126929769,0.075908502542874,0.113374145911525,0.0262031342379751,0.051659459351588,-0.242059319972163,-0.0103537687592128,-0.0210441918120467,0.0388548060818974,-0.0170296071789621,-0.0264643179098152,0.0222433466530516,-0.0400400995944406,0.0115791907513165,0.0920782876296969,0.192612490273428,0.139783331830497,-0.0547570595377168,-0.0273307471822289,0.0667780267078412,0.133617242537904,0.00747267998700923,0.248357210348329,0.217740907919112,-0.0885579365656609,0.129035453234384,0.00085256405425091,0.0210523488063492,-0.0590273434731911,0.0437816621324928,0.0707755873003873,0.132438832184298,0.0735973110281202,0.188597016196004,0.194072874749751,0.014830792045129,0.216743938175703,0.0912729555366446,0.18376057971021,0.0930702819851225,-0.0318494263967996
"13",-0.112908807840918,0.0386707258776382,0.146682486439761,-0.0452214375515945,0.041139407137477,0.0204892609406952,-0.0500652650480724,0.00552968213042992,0.0808663964308471,-0.0617817148599441,0.331089731263828,0.115739413927105,1,0.257429323086429,0.0296571211676256,-0.034415140677119,0.228762773467596,0.202583849924991,0.132790996925431,0.266193218130736,-0.0301275874573705,0.0207645065423287,0.0511960347273235,0.0250505076118467,0.0263158194061474,0.0829418048579734,0.145609815728861,0.0794307758910391,0.0938750109061099,0.133090457017361,0.0452328709584776,0.0567881905261517,0.0831396432909561,0.130763980335571,-0.117339073261334,-0.143519398556615,-0.113989060597057,0.0687870777220098,0.0804054251986752,0.114716698382839,0.253968362977587,0.140003417711095,0.0899448534683787,0.0182665648054488,0.183686379910951,0.117441464796085,-0.00959583673837365,0.0985332421599557,0.582451028861935,0.237018358043938,-0.0377020370569471,-0.144594661350649,0.195895674831293,0.159841080120324,0.115914108087807,0.0463644580584156,0.17398416854224,0.015675541451915
"14",0.0768668555307566,-0.0285180673216162,-0.0992259026155254,0.0984030322178999,0.190614418516509,0.0390835781249657,-0.0531371149473404,-0.0714774633765016,0.122741919952265,-0.00859542618976442,-0.0428035473885705,-0.0379196682576385,0.257429323086429,1,0.105098732602046,-0.208760778374856,0.158151974709092,0.410514684230893,-0.0751332162480695,-0.0412384686079724,-0.0698269769632731,-0.0849343489502842,0.122764909647459,0.194741323635674,-0.0929652677983499,-0.0106423495581668,0.0831353417229724,-0.0592874566280831,-0.0355315850785458,0.00154591649156187,-0.06173745974687,-0.118646501736311,-0.158480945787719,0.0259193989066522,-0.0658391452999098,0.0144522821140997,-0.00617754290085083,0.0739625485701976,0.141533659682894,0.132027586043562,0.16853705459514,0.372478520469757,0.0970608273833472,-0.144723510621986,0.068972486285866,0.115452373782163,-0.0374551696605426,0.226263780758672,0.112365289209558,0.682486192590228,0.0282500806115886,-0.170841789747176,0.0354971422164615,0.0353146283732877,0.0072762277538564,-0.134850712857923,0.127918513876433,-0.0936625447931387
"15",-0.0376316355745619,0.0568029314052618,-0.0777232404760149,-0.216356371384512,0.0338034173245815,0.104505142551106,0.105772670622185,0.116506598945443,-0.00553186851368019,-0.0915223476554629,0.111177639740677,-0.0379293787507356,0.0296571211676256,0.105098732602046,1,0.0902753958665803,0.0264134545806241,0.0406721855663519,-0.0732129579087598,0.0576497222876141,-0.0273941293283552,-0.051582541037642,0.0369590543503895,0.0712299408461935,0.096548990644982,0.180204320434022,0.148687853540474,0.0344830540428305,0.132462142890579,-0.0204554985537416,0.079184237166691,0.00419709295683828,0.127020525837027,0.0606385675766355,-0.150440437910439,-0.0386915435685252,0.0241210385512572,-0.0215899712932236,0.11608431402098,0.250392799922465,0.14082326135022,0.199747294671534,-0.0438093742142034,0.0533875868922987,-0.0462620831853136,-0.0139631389356575,0.130030260769573,0.146633870397083,0.138923094001793,0.19824309846781,0.129430512265401,0.056410054022367,0.0827654454763831,0.0565284286443844,-0.187252003713831,0.0515512959998818,-0.0138643895142609,0.0595290017952969
"16",-0.00826026553802028,0.226941804261288,0.252514004019087,-0.0486193442407181,0.112888190265523,-0.0581933610235775,0.188581100192338,-0.0693644681242972,-0.022359012643931,-0.0136479767346102,0.142797880424754,0.0987914282346215,-0.034415140677119,-0.208760778374856,0.0902753958665803,1,-0.208904705290195,0.0250866508332035,0.194191357528705,0.202245986324663,-0.0261785421474156,-0.102005952233802,-0.0155919235002809,-0.0296627120349581,0.091744059555645,0.152389309104522,-0.0683148814186452,-0.023016350931386,-0.0561802704146252,0.00041163205406248,0.211696191939239,0.145170356781986,0.00759246439035486,-0.140942360998384,-0.0259010903259793,0.131472507440675,0.00225294756699781,-0.0554090141438228,-0.182094813304552,-0.0340098068881623,-0.0275019273887662,-0.199698380546226,-0.0122157109471556,-0.0212785282549894,0.066944073623086,-0.0217225949425969,0.0363034443273183,0.0178555856185724,-0.0982161446933294,-0.157262017112205,-0.0525682738168875,0.0768208960540211,0.159855592784327,0.155129657563994,-0.0140162738183367,0.15102305193586,0.0456359847400508,0.18162676754051
"17",-0.0833320449542625,0.0335452787801006,0.0800280482532855,-0.00510542113503704,-0.0938573597520275,-0.0489969271331294,-0.084382642038448,0.0993972709978414,-0.0151353982425373,-0.180420342325905,-0.171311905467147,0.0434788751274015,0.228762773467596,0.158151974709092,0.0264134545806241,-0.208904705290195,1,0.151872399234184,-0.0209137802309195,-0.0490439491081028,-0.108169064799882,0.0848009092529988,0.0862779676261486,0.124407479007984,-0.0261904588632006,0.0149932246379741,0.0749356973354371,0.24207742443441,0.0103735393983532,-0.0549356426071561,0.179596167305077,-0.0123340126958099,0.217445398826808,0.25552040777349,-0.00488358592938767,-0.131899493751765,-0.0534426020759886,0.15769140371178,0.471841746099977,0.227361112116438,0.203336343567835,0.274341454546583,0.0706209621199771,0.141887693536723,-0.0603057391531631,0.0724875994058279,0.0983390584938049,0.159811424214053,0.352645785100797,0.219281322488829,0.0339083476725751,0.0520269601472639,0.27160180779904,0.16687066782317,0.157460563103364,-0.0178753159977338,0.105129418219718,-0.0479085833992867
"18",0.143246269706236,0.00100057994479293,-0.0415470725112533,0.0878222385792529,0.0534042921014674,-0.00312779941733308,-0.0936170254849146,0.0709251409351239,0.0436825744886058,0.0202056184748873,0.0577315113785465,0.121788126929769,0.202583849924991,0.410514684230893,0.0406721855663519,0.0250866508332035,0.151872399234184,1,-0.196914002531788,-0.00645001618833135,0.0495573244708318,-0.00250180430502196,0.0016000387776316,-0.0830919846381721,0.113488965274962,-0.0492884312875918,0.0207322568210571,-0.120607373195645,-0.173727532242061,0.00559419734177762,-0.0372173960939978,-0.0716445071752632,-0.0320006952338685,0.125096561499627,0.123837341278187,-0.0443044071519656,-0.0262376091730382,0.149541539434939,0.112009341104164,0.158819915069723,0.0299355359019753,0.118414032580396,0.200463158143905,-0.10158417181513,-0.0121470071835346,-0.0714835374973838,-0.0635936979681568,-0.0240001355460287,0.0557295718439343,0.360642266543959,0.0378858623619555,0.00951737878689518,0.0214414229866359,0.0489053120353377,0.0191162914567436,-0.0316994390614368,0.181524862614917,-0.122732299903875
"19",-0.0659205530031293,0.0225972067509809,0.20009834451525,0.0676867722550467,0.16867750105553,0.0794855369898473,0.110499985111614,0.0679057299328174,-0.12278059109907,-0.169566876702956,0.252851304364346,0.075908502542874,0.132790996925431,-0.0751332162480695,-0.0732129579087597,0.194191357528705,-0.0209137802309195,-0.196914002531788,1,0.392980899881095,-0.0742548459663973,-0.052464372033755,0.15300524452563,-0.00789500220769543,0.139504283821977,0.183815881506928,-0.0129335746495485,0.187964696210065,0.180239642632929,-0.0452951268484426,0.322035274971746,0.387063083122521,0.117686255484318,0.21081011546704,0.121690846613888,0.181352854021742,-0.0704112990225061,0.0588238240700584,0.0868755585686552,0.1528421607131,0.16166114056067,0.065173982045963,-0.190746021904838,-0.209913318664655,0.0547643795714164,0.193555314400576,0.0656787795305361,-0.118068684549374,0.226738579837111,-0.216880934417229,-0.10828714388194,0.0975554753356307,0.25764339507413,-0.00096634330068132,0.192797730963555,0.125407959827104,-0.0100945037601719,0.117149394984975
"20",-0.0900548016202667,0.0123399532683055,0.118582652714807,-0.0552842796092807,-0.152139869799911,0.0658423875826305,0.0730192713204926,0.207782136874774,0.105296252985851,-0.0942110282880155,0.0822880808113849,0.113374145911525,0.266193218130736,-0.0412384686079724,0.0576497222876141,0.202245986324663,-0.0490439491081028,-0.00645001618833135,0.392980899881095,1,-0.0229544882139182,0.0139144198216413,-0.102509886726618,-0.0345025277288383,-0.009920473651508,-0.0149182807817351,0.230286917992676,0.0751861838128031,0.0355852519984721,0.139479853437649,0.11055886083846,0.412530200882352,0.110658644616606,0.160305321226902,0.0208004133878029,0.124263903869183,-0.181627736245645,0.00649096807449242,-0.0040248637269355,0.29851515232684,0.0150318290592335,0.00906177567873535,0.0539672212903757,0.0210125061418362,0.238925198371569,0.114666991504894,0.0330296786466096,-0.0291819563514965,0.149159674949835,-0.0912635818904153,-0.208891807656642,0.156211049493704,0.148498100538428,0.0512295261015485,0.0489926783926291,-0.0407880456201757,0.0340891910670291,0.143345075361776
"21",0.204079988433925,-0.16656275416515,0.106861489801804,0.114690430260711,0.119462077414331,-0.0144899198781366,-0.192083539098784,0.0356535004729226,0.208937498196314,0.0135325654064857,-0.0309988758288013,0.0262031342379751,-0.0301275874573705,-0.0698269769632731,-0.0273941293283552,-0.0261785421474156,-0.108169064799882,0.0495573244708318,-0.0742548459663973,-0.0229544882139182,1,0.206486568384807,0.0289814778114309,-0.0856115258681964,-0.0358377922189378,-0.0711139885174641,0.0136023861293217,-0.108150589146799,-0.0274556180853245,0.0230476264015979,-0.180542999641638,-0.0330530038012355,0.048739682673316,-0.0267311005879098,-0.23520314120023,0.0998758529961457,-0.162715446011994,-0.0724687809328072,-0.10568115774298,0.0322411740201887,-0.0862890670181086,-0.0994299015717129,0.17052274157154,0.0262363682250377,0.0884191023202056,-0.04836930359143,-0.0123846807968386,-0.169362790321116,-0.0681337692125097,-0.0814306276613781,0.00175022887223859,0.147005834263408,-0.105523086792222,-0.00321390508007414,-0.0869424695483591,0.0401464440134803,-0.0315983363127996,0.217217094944298
"22",0.117145504968035,-0.0458589663815374,0.215571316400411,0.119048678998481,0.103450391061483,0.0202074779953775,-0.113426505870078,-0.149797452929059,0.0524073839264376,0.104336402898112,-0.0949906370936839,0.051659459351588,0.0207645065423287,-0.0849343489502842,-0.051582541037642,-0.102005952233802,0.0848009092529987,-0.00250180430502196,-0.052464372033755,0.0139144198216413,0.206486568384807,1,-0.092692599801672,-0.209485899981143,0.0252067659174657,-0.117387758789165,-0.0222715172856057,0.0380598477866545,-0.00326537070743636,-0.0113147281348029,-0.0303900547051184,-0.0995774910547779,0.0860702621195374,0.0480505959332488,-0.0277957249189206,-0.150843361388837,0.0426552088451155,0.00191915344329691,-0.0061900433907657,0.0458181608061623,0.0336017622515511,-0.00692297869699125,-0.0579864033272936,-0.108729834644127,0.143454280244803,-0.0856535931761331,0.0356912647305693,-0.211289505469853,0.0480391574075027,0.01173969546332,-0.0905892817137248,0.0310751238644103,-0.169495882342961,-0.0515345761596892,-0.155876369787622,-0.167777403457235,-0.0558531772879095,-0.0854572578353601
"23",-0.0756117448482656,0.00797860882540266,-0.0915608093311043,0.101290022803312,0.161401931955913,-0.143009783694713,0.160875404400392,0.11427292475891,-0.0859224610951692,-0.101815916077178,-0.0371612855984333,-0.242059319972163,0.0511960347273235,0.122764909647459,0.0369590543503895,-0.0155919235002809,0.0862779676261486,0.0016000387776316,0.15300524452563,-0.102509886726618,0.0289814778114309,-0.092692599801672,1,0.28437204502732,0.0062457446546482,0.0992628579347621,0.106129573002191,0.141939535866332,0.0177697367802479,0.187105678359898,0.0308073251063024,0.0990087735995662,-0.0560498911558949,0.0223613531196602,0.0354399096712913,0.218092066722393,0.0629188680315864,-0.0450541166427409,0.0682238374370958,-0.124950985590595,0.170428762297004,0.288830212490526,0.0160828786964155,0.0842317309679328,-0.0120274175286792,0.160586705386805,0.127633831225983,0.196234680465699,0.198402883664734,0.0802332051788531,-0.00222219557489936,0.0194833585718996,0.144121172260423,-0.132539220380431,-0.00945657276629679,-0.13349752574371,0.0101466898174586,0.076676145804312
"24",-0.0591612819209312,0.00396707048443896,-0.172472564641461,0.0351417388578448,-0.030539790222789,0.0370697797197552,0.224343529924823,0.224051217710604,0.19656248876683,-0.0746934532054307,-0.0940213132250213,-0.0103537687592128,0.0250505076118467,0.194741323635674,0.0712299408461935,-0.0296627120349581,0.124407479007984,-0.0830919846381721,-0.00789500220769543,-0.0345025277288384,-0.0856115258681964,-0.209485899981143,0.28437204502732,1,-0.198447804965548,-0.0912698183517835,0.176431338423942,0.164676408861524,0.0692599754927528,0.234046661717326,-0.0766248645158697,-0.0381265972595377,0.00818392320678834,0.0108244111979467,0.0272905227772184,0.0842489322071899,-0.0194647056192475,0.0843240858932485,0.253601896502636,0.0692423952648844,0.073516227124838,0.0929291624142058,0.140617200855597,0.157170614183427,0.0829592076301651,0.132968686770724,0.108010091024678,0.172050490223027,0.125488808393729,0.143597412528846,0.12851670759036,0.0301031626868789,-0.014716345582104,0.0704549883707914,-0.0546365996291543,-0.048240287399284,0.0326306270894297,0.13387190593522
"25",-0.16164139485538,-0.181682842628565,0.359506274781195,0.00944917222960248,0.179076078309042,0.0603053061501882,-0.109370758132719,0.184780964785605,-0.333415434778002,-0.232109311286434,0.111754936730248,-0.0210441918120467,0.0263158194061474,-0.0929652677983499,0.096548990644982,0.091744059555645,-0.0261904588632006,0.113488965274962,0.139504283821977,-0.009920473651508,-0.0358377922189378,0.0252067659174657,0.0062457446546482,-0.198447804965548,1,0.362292538271527,0.00264399818658219,-0.0794981769992124,0.0903413223980046,-0.0956093521027991,0.1448990523877,-0.0733570028907575,0.114115401088036,0.128567549169954,0.108263050086728,0.160490823658615,0.0609524574716682,0.148140340418271,0.0289821248998089,0.140773285064697,-0.0457726324677789,-0.0388272384986342,-0.147442608862371,-0.0339791934527802,-0.241578715701977,0.0218852306351719,-0.0699250334804529,-0.200536437741029,-0.0448850926455966,-0.0233986076338415,0.216355300774658,0.0388895357201554,0.0747987484735504,-0.0598585629577573,0.0137483870048731,0.248579359828452,-0.0445241504326303,0.0290843782355084
"26",-0.0714000893532194,0.110403722849976,0.184721744213462,0.0254524828003877,0.198432219304311,-0.0540396553233568,0.0624568018654833,0.113250697351817,-0.0053753525188865,-0.0503510014514223,0.170570392133983,0.0388548060818974,0.0829418048579734,-0.0106423495581668,0.180204320434022,0.152389309104522,0.0149932246379741,-0.0492884312875918,0.183815881506928,-0.0149182807817351,-0.0711139885174641,-0.117387758789165,0.0992628579347621,-0.0912698183517835,0.362292538271527,1,-0.00669776540443492,0.0510875050443545,0.0248888363313504,0.0032065216121426,0.299208724748887,0.131662453495538,0.011356531467703,0.0123022405204513,-0.159476431957014,0.0345123799376937,0.0525824666359099,-0.0869316134287796,0.0303461298940668,0.173960028227088,0.0417033118460325,-0.0450372008129077,-0.00100454919934102,0.0501948277660687,-0.160197889944328,-0.121272486685706,0.0742162029822015,-0.050944581066651,0.0798180154091492,0.0720785956738522,-0.037701370390022,-0.121615343935147,0.0311270659762235,0.0188300213073062,-0.138312991858739,0.236716933951306,0.135836170605425,0.0968018637545351
"27",-0.138105538132367,0.0182608511242938,0.00075899557436429,-0.1201853833481,-0.0541485461433694,0.0703851535169196,0.0655605017478553,0.290250376907726,0.0971054282906041,-0.0719237817124899,0.0125417245736948,-0.0170296071789621,0.145609815728861,0.0831353417229724,0.148687853540474,-0.0683148814186452,0.0749356973354371,0.0207322568210571,-0.0129335746495485,0.230286917992676,0.0136023861293217,-0.0222715172856057,0.106129573002191,0.176431338423942,0.00264399818658219,-0.00669776540443492,1,0.0914091924173648,0.130282465148473,0.208280300799559,0.0434730893095119,0.173637163492874,0.0225879959817349,0.0969342435387253,-0.13270740174845,0.0558764652375102,0.103810724048545,-0.121949833949894,0.127500130346434,0.148271201398351,0.0865561269253428,0.0798904842948509,-0.0982153508175769,-0.0393758658492988,0.0938219852455544,0.0909721885844153,0.0462868244185242,0.017263891168922,0.090205255303254,0.0847865369959638,-0.0954676068006938,0.0156660325974195,0.168617189054613,0.0717869341147208,0.0518035976363205,0.0117058607983928,-0.101904726135948,0.0757047388802331
"28",0.0238453236877352,0.0743926929160417,0.0268520473561349,-0.159913944434895,-0.00831353890966267,0.0825717163057447,0.189087709776946,0.100946884767961,-0.0754179741784771,0.0898049346177661,-0.0130363851748192,-0.0264643179098152,0.0794307758910391,-0.0592874566280831,0.0344830540428305,-0.023016350931386,0.24207742443441,-0.120607373195645,0.187964696210065,0.0751861838128031,-0.108150589146799,0.0380598477866545,0.141939535866332,0.164676408861524,-0.0794981769992124,0.0510875050443545,0.0914091924173648,1,0.156448671554995,-0.00946450545210634,0.197444029842832,0.240258874217886,0.0377840075972776,0.258056533729213,0.0149513388681875,-0.0809257070605916,0.215870977490989,0.125514256804699,0.209135220947384,0.211521135540092,0.0314495919030558,0.0180275499838754,-0.187473857206246,-0.0671309190903726,0.0370277154865107,-0.0097600553950515,-0.11445852274198,0.0411226301190617,0.106005226804562,-0.104649196969862,0.0774840508966776,0.011646117561753,0.166226157974088,0.200805102339528,0.0492104737328051,0.0427347790843996,0.172168420180849,0.0204877354790461
"29",-0.0644608420168966,0.247093310593872,0.020563860411938,-0.0656698658910787,0.0381806765878516,0.235828496241496,-0.0493309282608405,0.0836332085469408,-0.0119855990428804,-0.0129471435883208,0.0832486855186203,0.0222433466530516,0.0938750109061099,-0.0355315850785458,0.132462142890579,-0.0561802704146252,0.0103735393983532,-0.173727532242061,0.180239642632929,0.0355852519984721,-0.0274556180853245,-0.00326537070743636,0.0177697367802479,0.0692599754927528,0.0903413223980046,0.0248888363313504,0.130282465148473,0.156448671554995,1,-0.00522466884187542,0.138028436683624,0.0740074368093664,0.0891342137143571,-0.112130464827089,0.0255238884145149,0.0660060322693571,0.0407162014968494,0.0791772659002394,0.0204534341322536,0.188116019721311,-0.148631361486626,0.0104020982045786,-0.26756341242458,-0.282301146596133,0.00721901375316117,0.162516727220771,-0.129923572700125,0.0190758918115993,-0.012791322930513,-0.10668963662828,-0.0657856021220225,0.00996347888348831,-0.0356863089184992,-0.00874825464665879,0.101536342012012,0.130016678774541,0.0253443405065453,0.0711134687677578
"30",-0.07966039926197,-0.049826686141985,-0.0774861969136565,-0.113351112593356,-0.0221294352883998,-0.0262093523239847,0.0957684405030076,0.119892501028313,0.0959576165131306,-0.0426034132170759,0.109537799724833,-0.0400400995944406,0.133090457017361,0.00154591649156187,-0.0204554985537416,0.00041163205406248,-0.0549356426071561,0.00559419734177762,-0.0452951268484426,0.139479853437649,0.0230476264015979,-0.0113147281348029,0.187105678359898,0.234046661717326,-0.0956093521027991,0.0032065216121426,0.208280300799559,-0.00946450545210634,-0.00522466884187542,1,-0.153936476616373,0.0224607245381493,0.0123193617863462,-0.0495461572687013,-0.161288402218457,0.176816214220156,-0.00942076820135371,0.179257298256242,0.194156042440503,0.0262433111781701,0.111116442016769,0.162585135303602,0.132546985502195,0.153238423288265,0.07379416166154,0.161260164942566,0.153566676538667,0.0953773349971755,0.107049989867925,0.015302453589258,-0.00556395405879857,0.0719236746397981,0.0912375181364198,0.228106203183155,-0.140988328736199,-0.0570970210038201,0.0711173682062365,-0.0480417209112078
"31",-0.109412167379732,0.112105428154077,0.0952865998244921,0.0749833655475282,0.122942657768149,-0.0183623226971565,0.164967318047016,-0.110978671545216,0.00651105266141776,-0.0834886504934955,0.0601510595475134,0.0115791907513165,0.0452328709584776,-0.06173745974687,0.079184237166691,0.211696191939239,0.179596167305077,-0.0372173960939978,0.322035274971746,0.11055886083846,-0.180542999641638,-0.0303900547051184,0.0308073251063024,-0.0766248645158697,0.1448990523877,0.299208724748887,0.0434730893095119,0.197444029842832,0.138028436683624,-0.153936476616373,1,0.206879200783237,0.0485445766637781,0.08118820843571,-0.064697271378857,0.145887984680368,-0.0223792631769669,-0.064704216325448,0.132322668329579,0.0822385618088818,-0.0579048193487946,0.0267110043164959,-0.112664283397666,-0.175769165364233,-0.0836436305847909,-0.0318888776207631,-0.0950077243646385,-0.0232012596524725,0.0978178012574008,-0.17197539044799,-0.188554534547284,0.0283633558900587,0.201599932531558,0.0892525715679986,0.174593623339699,0.169668095478778,-0.0653764801193007,0.0183733693371503
"32",-0.00996213022268475,0.0753559123076952,-0.0716254295611186,-0.14551393071462,0.0870335989284787,0.00161096412602153,0.284385569018293,0.121858143634428,-0.00118241686749629,-0.0369770243096257,0.0815683247244615,0.0920782876296969,0.0567881905261517,-0.118646501736311,0.00419709295683828,0.145170356781986,-0.0123340126958099,-0.0716445071752632,0.387063083122521,0.412530200882352,-0.0330530038012355,-0.0995774910547779,0.0990087735995662,-0.0381265972595377,-0.0733570028907575,0.131662453495538,0.173637163492874,0.240258874217886,0.0740074368093664,0.0224607245381493,0.206879200783237,1,-0.0863323241210139,-0.0131322296321021,0.0275878694651559,0.0579395320608839,-0.105978883767864,-0.147926226541558,-0.0517653291756636,0.19956433028692,-0.0135257599603134,0.026161121061271,0.0146929955813123,0.123910419026303,0.078529521942533,0.031120218683732,0.0704124959721873,-0.106396006669599,0.141746237711414,-0.0217729405017326,-0.141575492771863,0.0951717876646554,0.237352524465603,0.189352849269431,0.127816458062776,0.254538481218597,0.14359481798671,0.0991865092300428
"33",-0.094051675483498,0.0800889443166288,0.167307009933045,0.174388592586781,-0.110400746799629,0.0981710983503896,-0.192290731506132,0.188005452242536,-0.105213174362926,-0.0732903403671477,0.218818095678033,0.192612490273428,0.0831396432909561,-0.158480945787719,0.127020525837027,0.00759246439035486,0.217445398826808,-0.0320006952338685,0.117686255484318,0.110658644616606,0.048739682673316,0.0860702621195374,-0.0560498911558949,0.00818392320678834,0.114115401088036,0.011356531467703,0.0225879959817349,0.0377840075972776,0.0891342137143571,0.0123193617863462,0.0485445766637781,-0.0863323241210139,1,0.408533398131932,0.194484780531156,0.0441184129725246,-0.0567278462040137,0.255838655197778,0.291851312471678,0.265996018498909,0.179146929002951,0.0927525627010718,-0.128228969681236,-0.053306597702947,0.0112039436418249,0.0639652719589824,0.222526656158795,0.238398963047521,-0.00476742238069824,-0.1284782567437,0.252242953853269,0.307232003029078,0.00694453048531052,0.0096273994011499,-0.144125198515562,-0.113615138877045,-0.118329132769743,0.0874963571955586
"34",0.078850617320184,-0.00731722171790785,0.128419195037322,0.0796370654466091,-0.15178194287807,-0.138554528475677,-0.0740662494083902,0.217002422789455,-0.125996830796568,-0.0339921979221506,0.135854468419024,0.139783331830497,0.130763980335571,0.0259193989066522,0.0606385675766355,-0.140942360998384,0.25552040777349,0.125096561499627,0.21081011546704,0.160305321226902,-0.0267311005879098,0.0480505959332488,0.0223613531196602,0.0108244111979467,0.128567549169954,0.0123022405204513,0.0969342435387253,0.258056533729213,-0.112130464827089,-0.0495461572687013,0.08118820843571,-0.0131322296321021,0.408533398131932,1,0.046576189357924,0.0644653109818913,0.0487810635283745,0.231234997418496,0.273637904779501,0.47358564521059,0.178640780340431,0.193451601644907,0.0296752464190894,0.0557354213704447,0.157650813254149,0.0627494422148301,0.143097173699216,0.102805288983955,0.149855145460507,-0.0270949719152069,0.167324292452746,0.291359487234167,0.0962797710267582,0.0149591164073908,-0.00984539313940303,-0.00888443049048262,-0.00247877773484456,-0.0292644740634506
"35",-0.197397588368683,0.0293891994454914,-0.0279952628353511,0.0496213227051157,-0.0230634112448215,0.0694708255236111,0.202832544491776,0.127248205048916,-0.304553022459369,-0.089844631347658,0.106191940426514,-0.0547570595377168,-0.117339073261334,-0.0658391452999098,-0.150440437910439,-0.0259010903259793,-0.00488358592938767,0.123837341278187,0.121690846613888,0.0208004133878029,-0.23520314120023,-0.0277957249189206,0.0354399096712913,0.0272905227772184,0.108263050086728,-0.159476431957014,-0.13270740174845,0.0149513388681875,0.0255238884145149,-0.161288402218457,-0.064697271378857,0.0275878694651559,0.194484780531156,0.0465761893579239,1,0.0318078096097273,0.111402333443036,0.0807164193375143,0.130601411232117,-0.0156949644416169,-0.00122462161799642,-0.0278364782301885,-0.103395066935089,-0.218846155807396,0.0750447491977383,0.131104810955433,0.0920549448348011,0.00464835428695287,-0.172623557373527,-0.0560907921540817,0.0559721362890123,-0.00603846227660054,-0.0416268291118476,-0.00596399549886259,0.168888891251533,0.0345569982587374,0.132332335482044,-0.220648633611722
