"","l_Insular.Cortex","r_Insular.Cortex","l_Amygdal.Area","r_Amygdal.Area","l_Bed.Nucleus.of.the.Stria.Terminalis","r_Bed.Nucleus.of.the.Stria.Terminalis","l_Hippocampus","r_Hippocampus","l_Orbitofrontal.cortex","r_Orbitofrontal.cortex","l_Entorhinal.Cortex","r_Entorhinal.Cortex","l_Frontal.Association.Cortex","r_Frontal.Association.Cortex","l_Globus.Pallidus","r_Globus.Pallidus","l_Glomerular.Layer.of.the.Accessory.Olfactory.Bulb","r_Glomerular.Layer.of.the.Accessory.Olfactory.Bulb","l_Glomerular.Layer.of.the.Olfactory.Bulb","r_Glomerular.Layer.of.the.Olfactory.Bulb","l_Granule.Cell.Level.of.the.Cerebellum","r_Granule.Cell.Level.of.the.Cerebellum","l_Hypothalamic.Region","r_Hypothalamic.Region","l_Entorhinal.Cortex","r_Entorhinal.Cortex","l_Vermix.Molecular.Layer.of.the.Cerebellum","r_Vermix.Molecular.Layer.of.the.Cerebellum","l_Lateral.Molecular.Layer.of.the.Cerebellum","r_Lateral.Molecular.Layer.of.the.Cerebellum","l_Anterior.Olfactory.Bulb","r_Anterior.Olfactory.Bulb","l_Posterior.Olfactory.Bulb","r_Posterior.Olfactory.Bulb","l_Subiculum","r_Subiculum","l_Perirhinal.Area","r_Perirhinal.Area","l_PreLimbic.System","r_PreLimbic.System","l_Primary.Cingular.Cortex","r_Primary.Cingular.Cortex","l_Primary.Motor.Cortex","r_Primary.Motor.Cortex","l_Retrosplenial.Cortex","r_Retrosplenial.Cortex","l_Secondary.Cingular.Cortex","r_Secondary.Cingular.Cortex","l_Secondary.Motor.Cortex","r_Secondary.Motor.Cortex","l_Striatum","r_Striatum","l_Ventral.Tegmental.Area","r_Ventral.Tegmental.Area","l_Substantia.Nigra","r_Substantia.Nigra","l_Thalamus","r_Thalamus"
"1",1,0.292349051114132,0.00039017247582394,0.143599043138785,0.126479540446913,0.0508890373952175,0.0119014001533548,0.0411207010317386,0.12929138938173,0.035199028797326,0.299214628083222,0.143263208899829,0.142003225895689,0.138726219277128,0.162531548889805,0.116811846343402,0.0410022751271384,0.0738915264279709,-0.0961943709783983,-0.0363665168957195,-0.0736517542221524,0.116783067945287,0.00158531635085226,-0.142937339057591,-0.0491962899131023,0.136197319091471,0.0171174563331551,0.0874070904835006,0.0796427326083628,0.0197907917155774,0.0300243395489964,0.00449246377817841,0.109597511072981,0.0707555891471572,0.198443950328728,0.0780441963013366,0.180317391111559,0.0110234175837134,0.0838836165010538,0.142324906081728,0.0614080377938317,0.0688256040517282,0.00628399013425158,-0.042950028320239,0.132554898545676,-0.0617217554984849,0.159291670242808,-0.0131728039832225,0.182303766745586,0.0818852108399859,0.347481660074776,0.353086784605214,0.0896866005025571,0.0963607859599526,0.0341897913999673,0.0964007589881333,0.00884998164899841,-0.0734148136431971
"2",0.292349051114132,1,-0.00254040663217596,0.271410339620161,0.087976515603289,-0.0922923849521535,0.0257887830365647,0.0951612996680803,-0.141044269153371,0.224557017871078,0.329499833362492,0.202719533440828,0.0492741087768374,0.00564559060889774,0.135373916784261,0.21429622485382,-0.0950613360049507,-0.0441479493533185,0.106328146912328,0.1023708516917,0.0360473132708275,0.128298210606056,-0.00911358526005699,-0.201553338213475,-0.0596038900925358,-0.02247540947646,0.0804591883106157,0.125983336918293,0.0434451817874067,0.0233908233581836,0.17364117585809,0.0796093403941927,0.0428811373920514,0.105363177627604,0.0324355332415695,0.0321902134011728,0.13233978827566,-0.0877926712959761,0.014477696818701,0.0652636512786483,-0.0955730451318194,0.0914231071696598,0.0331477607830512,0.0662615129070795,0.0828710449012211,0.20223387235217,0.0428715861743278,0.0459431359096008,0.121940581303511,0.260336963679436,0.142681125316631,0.205786654373719,-0.126342642801616,-0.0569824723733245,0.0116305564709527,-0.129765141313032,-0.0417313587783474,-0.101278703652026
"3",0.00039017247582394,-0.00254040663217596,1,0.0515517897696915,0.0730769837404367,0.200125415345378,0.00715066277668222,0.119115183290049,-0.0671174055579929,0.0545748941281863,0.103933804275004,0.188376505399349,-0.117490547158857,-0.252880659295859,0.0286507520164732,0.00476766069434151,-0.00833363672093867,-0.0428042341888036,-0.0830019013001993,0.107877649707596,-0.071435236274265,0.0779735515184994,-0.0733383502053068,-0.158454289232728,0.239520352900345,0.105689436535449,0.0835258023159779,0.0221985976518386,0.0564082277205843,-0.00142117441093781,-0.09120591733092,-0.149927841437326,-0.0558608478342666,-0.116935622879787,0.0349718424109209,0.0394639070709787,-0.0608194611612451,-0.0328690412580092,0.0226277342578832,0.0343634862502838,-0.152399720758486,-0.0664596567004003,-0.215176047551609,0.0226756556187058,-0.107149756137359,0.0479959081305678,-0.0781032022071765,-0.0494535410896356,-0.0191933611232429,-0.0428479587627746,0.0479855442189474,0.0160654511150922,0.0661642366924589,-0.0232131633159062,-0.116600741488866,0.103700701885615,0.251084856632173,0.136087637929428
"4",0.143599043138785,0.271410339620161,0.0515517897696916,1,0.0613860673713214,0.104184514400017,-0.0270080860794024,0.190796316587345,0.0566954979275431,0.0336632230330089,0.0327804444704928,0.132770470709144,-0.081111380882487,0.0237480254210896,0.102453546536973,0.0491235891192107,-0.201818374944006,0.0708600474600316,0.213196686544842,-0.0705055071676577,-0.139548314560994,-0.114095530929121,-0.118791196576581,-0.0895676675262343,0.00300564589144197,-0.0744756606061406,0.0745670866982877,0.00556494507018612,0.0164191348970322,0.023831579014529,0.0478815125873095,0.0705966588385792,-0.0288011289219852,-0.0247471646188252,0.283066661840001,0.149120829058428,0.142892987913317,0.0477007039169497,0.0595623188472282,-0.159537092347391,0.0721764868366746,0.0486606385824997,0.0173899493998779,0.121419538343925,0.128819145930474,0.103372083708806,-0.0193789237734851,0.0883590845265778,-0.0829464933072566,0.0758783208663534,0.019778690158872,0.129802433859116,0.033871078835121,0.110841811435753,0.0277084389430827,0.0698444653386726,-0.0435964833434529,0.0381447654406842
"5",0.126479540446913,0.087976515603289,0.0730769837404367,0.0613860673713214,1,0.217476423651648,0.108601594254001,0.142066599965963,0.178453495162322,0.101930115642685,0.0920669666537448,0.0839138584682214,0.0014060417142974,-0.0243211289299442,0.134800163808892,0.02348488230078,0.0934060688939849,0.0362327504781918,-0.0685734955851791,-0.0390557075371427,0.0190769226839353,0.109287803876389,0.16890025458778,0.0182434433702193,0.107614441916224,-0.0564028389129553,0.0540624064587773,-0.00984717954301543,0.0566289306423117,-0.0265287524408484,-0.0359477892474982,-0.0146541197364209,0.137079216742071,0.120189427427354,0.0057075778898526,0.0935920412842117,0.122703279486517,0.168845564735295,0.101208258687119,-0.0629563286644234,-0.0105448162209642,0.0143498009110664,0.200689393473499,0.0934196954984232,0.0878434755969954,0.00150509903594943,0.0906441318193651,-0.00556201512994581,0.0808247967525743,-0.0140700088963354,0.090762870404343,-0.0807600947124502,-0.0449840148282297,0.0652716307018004,0.0892249536417786,0.0654483305854877,0.127380999423329,0.0514548701597074
"6",0.0508890373952175,-0.0922923849521535,0.200125415345378,0.104184514400017,0.217476423651648,1,0.210420181103236,0.0382457873395517,0.143573233816417,0.00732099562611586,-0.0830754212403441,0.0230831767860128,0.0292150522314531,0.0921172643177343,0.0232046244443103,-0.112098932928104,0.0540291882316054,-0.0797062252889065,-0.074918976561154,0.00186685692826736,-0.136760997398009,0.20428765057665,0.225224924131304,0.0165837116989336,0.0997249749613717,0.02086794997045,-0.108794791564275,0.0872793103427874,0.0688915105594932,0.131582173785643,-0.19513182371707,-0.128186839391034,0.0384815487106144,0.188574126048859,0.0969250908945326,-0.0524538011567895,-0.0418588748934843,0.20028023165891,0.0180728287047389,0.0342748954199605,0.0443567926521751,0.0494584482154098,0.0341700534247843,0.0497827129172269,-0.151386196139263,-0.0323143062601825,0.145225966456834,0.177999234490187,-0.090580427344008,0.18614208622443,0.0541657489233779,0.0140170655109045,-0.0149686755375208,0.147633649698675,-0.185231603936193,0.124930545099762,0.134815309950788,0.159961547352471
"7",0.0119014001533548,0.0257887830365647,0.00715066277668222,-0.0270080860794024,0.108601594254001,0.210420181103236,1,0.340561499428796,-0.0241051893822661,0.21458664362388,0.00807656800060055,0.175678984867102,0.159006803686738,0.189866668813646,-0.0328149358574404,-0.221203529740291,0.0415595214096793,0.0673953176086972,-0.119547504895931,-0.0351399731098553,-0.0931944287542406,0.0804170436705335,0.163461767689422,0.198368022606506,0.106261241266457,-0.0295836001113337,0.105480189140949,0.020178706839464,0.0203093465244844,0.0174106101646549,-0.178384115315662,0.120559535575804,-0.0173347978304265,0.0891868679473384,0.354599922871293,0.332533387111773,0.140181690161513,0.198728391351426,0.00360624766781932,0.131240785493899,-0.0349854714430774,-0.00426637579848583,0.0615278392933902,-0.0940773917637008,0.050866504584739,-0.15318077976704,0.17993472040891,0.106990478685729,0.0754997901239892,0.0590754101351213,0.167699308246126,0.180137411735389,0.121752567336532,0.191780061433197,0.121706225089904,-0.0350528525501895,0.0636180558199279,-0.0175843430557581
"8",0.0411207010317386,0.0951612996680803,0.119115183290049,0.190796316587345,0.142066599965963,0.0382457873395517,0.340561499428796,1,0.0955230408270238,0.26067920066701,0.142042342864681,0.183212110945585,0.0163319037904612,0.118071474256727,0.0472789235259903,-0.0999673383991027,-0.0942446581721812,0.183929627652975,0.13018419407718,0.0136218737222438,-0.110136039809643,0.0713548956177454,-0.0947016256876131,0.00663728254105914,0.00179709892389403,-0.0772196555256051,-0.0956862404358942,-0.106420467554367,-0.0213686749646043,-0.117305900597938,-0.125360695390921,0.143445795111666,-0.208849439422975,0.0324860082838604,0.218488898307025,0.589405098889124,0.138810963281786,0.369414536825728,0.056528222620019,-0.0843794873064866,0.0390930202784,0.085030904862848,0.200468442560392,0.0402649999439283,0.141365747320583,0.0294165230660384,0.0467394102345713,0.092826941968079,0.1511319922617,0.113193470804658,0.200829234191873,0.0647598343093174,-0.0644991285052072,0.0230642638260985,0.115314795458787,0.0318323442181979,0.192674189740476,0.08109578823219
"9",0.12929138938173,-0.141044269153371,-0.0671174055579929,0.0566954979275431,0.178453495162322,0.143573233816417,-0.0241051893822661,0.0955230408270238,1,0.257659022821269,0.0392239702971246,0.0307196439028853,0.274121603040663,0.256709409015004,0.0803501196015495,-0.227670245628148,0.17310793847462,0.104939061309516,0.0319827700840893,-0.0462567931205238,0.225750604299606,0.11486660012742,-0.0397628819375776,0.102623983583882,-0.0354732545125609,0.0541270279857156,-0.055895049233499,0.0417688561811575,0.0663147688061359,0.0187308958589219,0.0218206821735655,0.0802147074476696,0.0818752163842597,0.122475958092485,-0.149525680852872,0.120140567179538,0.012617006987165,0.253426960383056,0.210529008932263,0.186254768642345,0.0653722458619827,0.137331962295816,0.404726772001808,0.0287990357078896,0.0253971227257347,-0.0262466460523208,-0.111592019048198,-0.054063235231081,0.201950775734602,0.204695869329344,0.0583310864103341,-0.00457682830162486,0.0415584090913388,0.222997809497798,0.115061547233481,0.035599507613061,0.0737407199624739,-0.197931660114042
"10",0.035199028797326,0.224557017871078,0.0545748941281863,0.0336632230330089,0.101930115642685,0.00732099562611586,0.21458664362388,0.26067920066701,0.257659022821268,1,0.0778852015178225,0.184656762705773,0.280378029915626,0.126844294669491,0.0679945867927076,0.0586936253672861,0.129082690037274,0.0662982634912608,0.167274999324492,0.0591688982929744,0.280077880263642,0.0241313047049184,0.020971976246061,0.0512808261293583,-0.0918520795210788,-0.141772393738844,-0.151773740211825,-0.00902748859746516,0.117681025523862,0.0868928123170638,0.21809853241108,0.177222316509974,0.114486557231752,0.254992533004115,0.10541207105366,0.124024875114735,0.011846061498119,0.138695772223839,0.189636155230547,0.00695519922535603,-0.111834035431106,0.106019298333721,0.229583908174386,0.199560465970762,0.0082563935827998,-0.0325376974228769,0.0435123949193223,0.0290480107197132,0.294757547553511,0.231826846886812,0.157058517335287,0.0319137878006108,-0.0140515585240217,-0.0054344404964233,0.119280891292797,0.119929888559022,0.0157050431816686,-0.0574986689523454
"11",0.299214628083222,0.329499833362492,0.103933804275004,0.0327804444704928,0.0920669666537448,-0.0830754212403441,0.00807656800060055,0.142042342864681,0.0392239702971246,0.0778852015178225,1,0.0622152564448423,0.0934126834282064,-0.0073411881202226,0.0814803604688114,0.312292468104085,0.116855334764304,-0.0311627380607357,0.11806313546697,0.0228885664039368,0.098148555098615,0.044500861967716,0.142965771257162,-0.169455103853568,-0.0545998707763669,0.204078492194962,0.397122036895375,0.159599130115415,0.0845854602671941,-0.0626372543249685,-0.0259631333002328,0.0427973641203636,0.180193276638291,0.105772436241919,-0.101827125507538,-0.0169789594963601,-0.0338923815980341,-0.0984830912399738,0.26401814376678,0.14950236530634,0.0620069132186075,-0.017216225832838,0.0730949603601545,-0.0754878937314319,0.0594107986958358,0.131628403635383,0.272900161808339,0.0293791367121658,0.190338827982236,-0.0210428668062301,0.323435805562994,0.155393523544397,-0.0877091467934812,-0.0197408280291681,0.071875010798438,-0.00654880259167511,-0.0741942644146469,0.0243892243978153
"12",0.143263208899829,0.202719533440828,0.188376505399349,0.132770470709144,0.0839138584682214,0.0230831767860128,0.175678984867102,0.183212110945585,0.0307196439028853,0.184656762705773,0.0622152564448423,1,0.115623056080496,0.0177451274161006,0.046110696153862,0.00240078707062685,-0.0684625620831168,0.0587805074747037,0.0587525083088499,0.153197578569533,-0.0320535891695365,0.118742159485787,-0.00772978942594169,0.0576605300395925,-0.0318877710391453,-0.0046691704680723,0.0501681503584931,0.0975366091804162,0.0777787312643792,0.0975416807351574,0.0428211716367203,0.0568482520251272,-0.0518044208245926,0.0330330543223857,0.144703918757489,0.193211590954277,0.140202734161139,0.111234740035446,-0.117493614230027,-0.029660822730737,-0.0609304840081838,-0.132347543493438,0.1539540036503,0.0257924555673185,0.138879801191808,0.144037992360364,-0.0623495145378442,-0.00361067901529583,0.0892441011833358,0.0883475559353585,0.200724824513024,0.0214022380886764,-0.082792365892798,0.170321081507341,0.117984466976492,0.110381831417692,0.0150530844102499,-0.103256131133803
"13",0.142003225895689,0.0492741087768374,-0.117490547158857,-0.0811113808824871,0.0014060417142974,0.0292150522314531,0.159006803686738,0.0163319037904612,0.274121603040663,0.280378029915626,0.0934126834282064,0.115623056080496,1,0.236479738246118,0.160675834387607,0.116768168157976,0.346000775741353,0.0918534984432339,0.00698974741449011,-0.112956241373098,0.284893063008967,0.133204670704561,0.0197997023309028,-0.0100796346417379,-0.101171838124875,0.105620829510189,0.0321769877174046,0.329950016582633,0.0124068615202894,0.158664126811273,0.0732372979415361,0.00889663954067067,0.151344340979686,0.148929990388945,0.00656046659357981,-0.0220398081451922,-0.176710528452127,0.10021521737967,0.114720992223535,0.188505922927409,0.0833423198293663,-0.036891050274844,0.097798661707605,-0.0360663976143324,0.00623753201112879,0.0246510523392665,-0.134292195890742,-0.0207251421143299,0.510151891188727,0.155423534648795,0.25693185133323,0.127368879594155,0.20563022923055,0.105373535003652,0.0406949067066839,-0.068259495292577,-0.153214122733313,-0.204292150890983
"14",0.138726219277128,0.00564559060889774,-0.252880659295859,0.0237480254210896,-0.0243211289299442,0.0921172643177343,0.189866668813646,0.118071474256727,0.256709409015004,0.126844294669491,-0.0073411881202226,0.0177451274161006,0.236479738246118,1,0.0236590759397377,-0.168503686771706,-0.0310427234008503,0.293105861771861,0.174620921360818,0.0668376328125024,0.149535417410076,0.102530049891872,-0.021747593076999,0.00033227607716698,-0.0749596601226243,-0.0321169145847136,-0.0935768920821895,0.0447372992362935,-0.0707997832994998,-0.040833208119558,0.02568777828009,0.154942973755353,0.171611515096187,0.105533711683744,0.0195805110301648,0.130006075321682,0.0143569085058694,0.234292696995873,0.125652874317865,0.063888752756992,0.239388125157616,0.139854592472057,0.304216632849177,-0.0318682104412703,0.132837854425924,0.0233426823632583,-0.0185698007182583,0.109688591668677,0.202470036046649,0.596640881704401,0.158443376952438,0.194745596185164,-0.08746723778859,0.109733341545412,-0.0545232097787062,-0.144358267491689,-0.00090661282092198,-0.0681863193047832
"15",0.162531548889805,0.135373916784261,0.0286507520164732,0.102453546536973,0.134800163808892,0.0232046244443103,-0.0328149358574404,0.0472789235259903,0.0803501196015495,0.0679945867927076,0.0814803604688114,0.046110696153862,0.160675834387607,0.0236590759397377,1,-0.0521186697055496,0.240669979936941,0.0488406550493466,0.132757958852802,-0.0207327587662494,0.112926483151508,0.054387512914311,-0.0629252036104722,-0.121320355931394,0.0361251891993925,0.134118330884771,-0.154334818143081,0.0485123734970176,-0.030065423075459,0.118150046765073,0.0667871656890605,0.250018634919957,0.0849308748753263,0.0459307792094584,0.0237394910990094,0.00750118619333849,-0.0873932535126268,0.165690780998012,0.108285734460822,0.151925117868879,-0.0341707097053218,0.123375614240376,0.109816808350102,0.208621764022149,0.025089688595271,0.186030694426666,-0.0642704579122447,-0.0949040438029907,0.170399730288768,0.223686192865169,0.194887013708933,0.222418298576155,-0.0727191391625431,0.0170755650029971,-0.0551441931592887,0.102711131061644,-0.187793577885665,0.00783422788206958
"16",0.116811846343402,0.21429622485382,0.00476766069434151,0.0491235891192107,0.02348488230078,-0.112098932928104,-0.221203529740291,-0.0999673383991027,-0.227670245628148,0.0586936253672861,0.312292468104085,0.00240078707062685,0.116768168157976,-0.168503686771706,-0.0521186697055496,1,0.0775068406200027,-0.0161263737631409,0.110875206468807,0.0282284759927469,0.0568399127892986,0.0161935938802374,0.074913179452819,-0.0979473258373904,-0.0134449194744997,0.0126377973622439,0.113216748667438,-0.0556940157615812,0.0608615832260482,0.00484522833418666,0.127189419308345,0.0373940526410055,0.107303760644542,0.0061560169670945,-0.0149155102135387,-0.220025738895958,-0.00571817512335417,-0.142581655317629,0.0134786178727177,-0.0297709310368647,-0.00362266491427154,-0.0576374751044049,-0.07040601643755,-0.0600666743874883,-0.0157960805827321,-0.0138436210893573,0.0603256783637756,0.07173175687874,0.0281623574659839,-0.0161084416321762,0.0747304332674218,0.0847491997367728,-0.00742472292197172,-0.0454890116187956,0.0877276708011698,0.0555591168273553,0.0409780109462023,0.155144849097716
"17",0.0410022751271384,-0.0950613360049507,-0.00833363672093867,-0.201818374944006,0.0934060688939849,0.0540291882316054,0.0415595214096793,-0.0942446581721812,0.17310793847462,0.129082690037274,0.116855334764304,-0.0684625620831168,0.346000775741353,-0.0310427234008503,0.240669979936941,0.0775068406200027,1,0.0233233806361439,0.057166282016614,-0.189036724750073,0.351090913066457,0.107289982475242,0.146729420560108,-0.109705148596402,0.0113832560199419,0.0409310394398568,0.0839763114156931,0.138569451396757,0.0771192577181648,0.250307179958882,0.121019577182494,0.109171233445113,0.0281002018303523,0.116471512090293,-0.110730419713104,-0.18406508431531,-0.147376448749591,0.0360050224810644,0.0950766302570369,0.283609278403921,0.146224341090732,0.0937105381119694,0.0249040509607259,0.0552219280717093,-0.158513200913408,-0.0851445232192701,0.0067429638155831,-0.0292080061084652,0.3690450648853,0.00869977641577932,0.206198647005571,0.153845071951026,-0.112012210949378,0.0215949900843204,-0.123154754724223,0.0509760245595954,0.0850145872935694,0.042712613690924
"18",0.0738915264279709,-0.0441479493533185,-0.0428042341888036,0.0708600474600316,0.0362327504781918,-0.0797062252889065,0.0673953176086972,0.183929627652975,0.104939061309516,0.0662982634912608,-0.0311627380607356,0.0587805074747037,0.091853498443234,0.293105861771861,0.0488406550493466,-0.0161263737631409,0.0233233806361439,1,0.205929215158732,-0.0296109754386272,-0.121966721244509,0.0366009535549453,-0.11546000240733,0.0475817339120429,0.0376965761181817,-0.030696103984652,-0.165435378105966,0.0600557529255096,0.219618888925942,0.0732177244979973,-0.0193909307147939,0.373816404782299,0.065629469739677,-0.043781262564252,0.161371003040419,0.0300403386074359,0.144158693942107,0.164229844350558,0.167355478849429,0.115136728432339,0.292853163942862,0.125054074833815,0.0361343006964814,-0.216400770610711,0.133156774117085,-0.218275893411325,0.261975000761096,0.127983310136962,0.112357845808738,0.22696393773703,0.229516306987253,0.209128438650019,-0.0502275967085288,-0.0830400199537996,-0.0156252510148621,-0.00086983754092565,0.179623701566011,-0.00597191127062806
"19",-0.0961943709783983,0.106328146912328,-0.0830019013001993,0.213196686544842,-0.0685734955851791,-0.074918976561154,-0.119547504895931,0.13018419407718,0.0319827700840893,0.167274999324492,0.11806313546697,0.0587525083088499,0.00698974741449011,0.174620921360818,0.132757958852802,0.110875206468807,0.0571662820166139,0.205929215158732,1,0.16116613266614,-0.0350312102497942,0.052313578482594,0.00091726893140052,-0.103942449584265,-0.159144790205152,-0.0944862827646892,-0.0558311842304243,-0.109974603177514,-0.0939288067632196,-0.0903870365963374,0.333161388380965,0.368605872503097,-0.125104270489216,0.099180407260784,-0.113284994529712,0.00857563082787236,0.0920734476880236,0.157861628884737,-0.0767733603103408,0.0769157529593289,0.0827333798903629,-0.017579117200515,0.0167761272525384,0.0221518079486134,0.0494921368028355,0.0725835395645737,-0.0207664701732167,0.152631485541071,0.115694050797779,0.105483161708602,0.0885096826538493,0.112694036303174,-0.0654207399783135,0.0139284375953849,-0.0789842215662319,-0.0133503547520165,-0.109454443228539,0.035103006391093
"20",-0.0363665168957195,0.1023708516917,0.107877649707596,-0.0705055071676577,-0.0390557075371427,0.00186685692826736,-0.0351399731098553,0.0136218737222438,-0.0462567931205238,0.0591688982929744,0.0228885664039368,0.153197578569533,-0.112956241373098,0.0668376328125023,-0.0207327587662494,0.0282284759927469,-0.189036724750073,-0.0296109754386272,0.16116613266614,1,-0.10790852778032,-0.0641385583148446,0.100573497293504,-0.0438452428456013,0.00690839121145088,-0.0830163251083391,0.0578000483828188,-0.0939157429535896,-0.286337488614063,-0.0793838829228078,0.110340662903318,0.116533330495886,0.00868414235707098,0.030750833109048,-0.21162171919606,0.016379143617297,0.0684803961958263,-0.192445334027812,-0.108444047722197,-0.243399856425192,-0.143669712723654,-0.303135158191599,-0.0673643314948873,-0.0652277671670881,-0.0564004841465468,-0.00042893811367291,-0.0330134060377345,-0.0653953370625257,0.0255394955771877,0.130602267718532,0.073254412121076,0.0383268667325511,-0.22464369306757,-0.0755883283221639,-0.202402541186824,-0.238174871788997,0.0747468895746852,-0.0146915417236987
"21",-0.0736517542221524,0.0360473132708275,-0.071435236274265,-0.139548314560994,0.0190769226839353,-0.136760997398009,-0.0931944287542406,-0.110136039809643,0.225750604299606,0.280077880263642,0.098148555098615,-0.0320535891695365,0.284893063008967,0.149535417410076,0.112926483151508,0.0568399127892986,0.351090913066457,-0.121966721244509,-0.0350312102497942,-0.10790852778032,1,0.149591146097215,0.0744025334341841,0.109210616738184,-0.0972691736289984,0.081088280960758,0.209717137133465,-0.0154576429141668,0.031421241242429,0.107992319804308,0.0171365390296095,-0.0201986894130298,0.0864277355202063,0.0181994469964376,-0.0334532546656219,-0.160892110181039,-0.00604788860105638,-0.0292758168978536,0.105571800968245,0.0931893800155014,0.185608523908602,0.162816039897104,0.182343266918797,0.194190599237283,0.0270759476356958,-0.0178893450712725,-0.0980098522686051,-0.0884451832224627,0.262502814431529,0.112681732258921,0.0549095759556248,-0.0570550460635008,-0.0765107110211549,0.027078218531582,0.0878412882706341,0.0174200998071024,0.0700681654892066,0.0425150649964332
"22",0.116783067945287,0.128298210606056,0.0779735515184994,-0.114095530929121,0.109287803876389,0.20428765057665,0.0804170436705335,0.0713548956177454,0.11486660012742,0.0241313047049184,0.044500861967716,0.118742159485787,0.133204670704561,0.102530049891872,0.054387512914311,0.0161935938802374,0.107289982475242,0.0366009535549453,0.052313578482594,-0.0641385583148446,0.149591146097215,1,-0.0680245404739632,0.0334535422515772,0.0746444459385094,-0.00832858221348099,-0.237326241988086,-0.0675643293739857,0.0601704081701951,0.106597656626279,-0.0514236565701806,0.00468596721699058,0.0144179545696647,-0.0581573875630621,0.118874116312924,-0.0504229195714393,0.00124221901402705,0.0954708071365183,-0.0030189394412056,0.221336611240451,0.130124081431617,0.274278204787611,-0.00266836523534388,0.00350584037519108,0.101156384980074,0.078956367421318,-0.0062739032811493,0.0405692305811714,0.0426270942164819,0.257809362682036,0.0905255505101838,0.0851607853392259,-0.110957283652862,0.14429374272924,-0.0200182258304108,0.146874319912293,0.0702737056505738,-0.00952551751290197
"23",0.00158531635085226,-0.00911358526005699,-0.0733383502053068,-0.118791196576581,0.16890025458778,0.225224924131304,0.163461767689422,-0.0947016256876131,-0.0397628819375776,0.020971976246061,0.142965771257162,-0.00772978942594169,0.0197997023309028,-0.021747593076999,-0.0629252036104722,0.074913179452819,0.146729420560108,-0.11546000240733,0.00091726893140052,0.100573497293504,0.0744025334341841,-0.0680245404739632,1,0.27305000525154,0.0493849431064598,-0.00573102574797118,0.0956078074175505,-0.0511327884437204,-0.108691696951439,-0.00169979642197589,-0.1473011032228,-0.041855386848957,-0.0296898717626172,0.18541458353921,-0.0125260797083561,-0.205339283678162,0.10351409444487,-0.114827228263381,-0.0593724677985041,0.0259804629246321,0.190699200446056,-0.120542824719002,-0.10167415336658,-0.043585410637061,-0.362000711362427,-0.103263059375649,0.368237094428076,0.118013754244566,-0.0164352186696205,-0.122087216547156,-0.0170582806366482,-0.23539378371015,0.0588052457545748,0.209547052971335,0.100076469362488,-0.0924376084523944,0.00696172401679103,0.0693404933670558
"24",-0.142937339057591,-0.201553338213475,-0.158454289232728,-0.0895676675262343,0.0182434433702193,0.0165837116989336,0.198368022606506,0.00663728254105914,0.102623983583882,0.0512808261293583,-0.169455103853568,0.0576605300395925,-0.0100796346417379,0.00033227607716698,-0.121320355931394,-0.0979473258373904,-0.109705148596402,0.0475817339120429,-0.103942449584265,-0.0438452428456013,0.109210616738184,0.0334535422515772,0.27305000525154,1,0.0381580227841714,-0.297997187461997,-0.0735564188771987,-0.219416488465506,0.0452647288946492,0.0715463851781058,-0.0829916413364997,-0.0252743977498367,-0.095664386240291,-0.221451237995777,0.101705939083812,0.0191570235377231,0.135879501698091,0.0350601007411306,-0.0334480151238951,-0.129199808790956,0.138464311842639,-0.179936885582592,0.0267872465821662,-0.0626588252998856,0.0474309682272257,-0.160803674022514,0.108433752745178,0.081502833164136,-0.118672087374219,-0.194524815100655,-0.0322833384768273,-0.311821163121239,0.332599015782496,0.237044035263588,0.295130508821656,0.110695852039543,-0.054525682019278,-0.0669842472935038
"25",-0.0491962899131023,-0.0596038900925358,0.239520352900345,0.00300564589144197,0.107614441916224,0.0997249749613717,0.106261241266457,0.00179709892389403,-0.0354732545125609,-0.0918520795210788,-0.0545998707763669,-0.0318877710391453,-0.101171838124875,-0.0749596601226243,0.0361251891993925,-0.0134449194744997,0.0113832560199419,0.0376965761181817,-0.159144790205152,0.00690839121145088,-0.0972691736289984,0.0746444459385094,0.0493849431064598,0.0381580227841714,1,0.147446584459499,0.0265179032310683,-0.0313208649167215,-0.104597707225427,0.02543205564787,-0.270509920984986,-0.163522490099302,-0.0718480323871511,0.00490119395633174,0.0292466146787625,0.022676360055127,0.156581426440672,-0.0699313795912554,0.0748738895436634,0.02749952581314,-0.0618082545656971,0.0762542769375748,0.00173638297041295,0.0219096507877038,-0.0127812876645274,-0.0012373640885577,0.0393160377250652,-0.00375653817398866,-0.0710077372945979,-0.0279148581749751,0.0431328483404327,0.0111890465390269,-0.0703215215989541,0.0935251618331806,-0.066687135900821,-0.0875699487014673,0.16742385763693,0.0714025977997159
"26",0.136197319091471,-0.02247540947646,0.105689436535449,-0.0744756606061406,-0.0564028389129553,0.02086794997045,-0.0295836001113337,-0.0772196555256051,0.0541270279857156,-0.141772393738844,0.204078492194962,-0.0046691704680723,0.105620829510189,-0.0321169145847136,0.134118330884771,0.0126377973622439,0.0409310394398568,-0.030696103984652,-0.0944862827646892,-0.0830163251083391,0.081088280960758,-0.00832858221348099,-0.00573102574797119,-0.297997187461997,0.147446584459499,1,0.157167401983254,0.0538458111553029,-0.00162307620916792,0.0392090465641164,-0.237042254373305,-0.140878881214155,-0.00492768292346423,-0.00846394611582817,7.5982581844955e-05,0.048309264325765,-0.0320929287340642,0.0071109916676345,0.166636668722675,0.191954649597275,0.0848676708650888,0.0140075800371752,0.0276929278681739,0.148794841029224,-0.0719227386182197,0.0241321646681219,0.0960784533248472,-0.0907788478926662,0.0232716137569378,0.0300709702170177,0.0952056057468991,0.0953912878321902,-0.00501446943535501,0.160833197731076,-0.142909927892326,0.0198430966487191,-0.0999367764297866,-0.0122691242169378
"27",0.0171174563331551,0.0804591883106157,0.0835258023159779,0.0745670866982877,0.0540624064587773,-0.108794791564275,0.105480189140949,-0.0956862404358942,-0.055895049233499,-0.151773740211825,0.397122036895375,0.0501681503584931,0.0321769877174046,-0.0935768920821894,-0.154334818143081,0.113216748667438,0.0839763114156931,-0.165435378105966,-0.0558311842304243,0.0578000483828188,0.209717137133465,-0.237326241988086,0.0956078074175506,-0.0735564188771987,0.0265179032310683,0.157167401983254,1,0.267299039118661,0.0557745813056681,0.0137880467236873,-0.0610913430327319,-0.155071517533563,0.0493452951711417,0.0613508209610399,-0.0016129718240084,-0.0672634448288345,0.0602920654786921,-0.243417564205317,0.0542936620153605,-0.0414297252131298,0.172056783975315,-0.194309722631794,-0.0198771311543583,-0.136954588287472,-0.0553572629449999,-0.0928334115709825,0.0650049015523618,0.0636339515541825,0.0788292824540149,-0.277842819611409,0.205957672592538,0.0477180509844309,0.112657632107314,0.151697606746267,0.0729974747861612,-0.0356832350212926,-0.0439388295051386,-0.0560051822719477
"28",0.0874070904835006,0.125983336918293,0.0221985976518386,0.00556494507018612,-0.00984717954301543,0.0872793103427874,0.020178706839464,-0.106420467554367,0.0417688561811575,-0.00902748859746516,0.159599130115415,0.0975366091804162,0.329950016582633,0.0447372992362935,0.0485123734970176,-0.0556940157615812,0.138569451396757,0.0600557529255096,-0.109974603177514,-0.0939157429535896,-0.0154576429141668,-0.0675643293739857,-0.0511327884437204,-0.219416488465506,-0.0313208649167215,0.0538458111553029,0.267299039118661,1,0.258535658059863,0.252246765519499,-0.0557346247756634,-0.0190927884255341,0.30326554201728,0.25244825413255,-0.0466028060654557,-0.0308148487798515,-0.241748013332765,-0.0984372738840923,0.096237967982007,0.0909440240251337,0.00789167890447641,-0.0313612010437162,0.129938282817979,-0.0269821699367396,-0.0573953172998297,0.0471947363913426,0.00100010092875753,0.0164229430950399,0.158138638993241,0.0328867727723603,0.0785902961295613,0.0578775929642826,-0.0153221200165499,0.0453780016131089,-0.112467724060208,-0.182401580203073,-0.0369674225447005,-0.13200500971441
"29",0.0796427326083628,0.0434451817874067,0.0564082277205843,0.0164191348970322,0.0566289306423117,0.0688915105594932,0.0203093465244844,-0.0213686749646043,0.0663147688061359,0.117681025523862,0.0845854602671941,0.0777787312643792,0.0124068615202894,-0.0707997832994998,-0.030065423075459,0.0608615832260482,0.0771192577181648,0.219618888925942,-0.0939288067632196,-0.286337488614063,0.031421241242429,0.0601704081701951,-0.108691696951439,0.0452647288946492,-0.104597707225427,-0.00162307620916792,0.0557745813056681,0.258535658059863,1,0.391203184024771,0.0809420015722367,-0.0796436401567288,0.125751004680825,-0.0635805718267799,0.266527145388063,-0.0441859216682574,0.0856038478550364,0.0886601204084114,0.0836948925116909,0.283971229508929,0.197410948466017,0.214640717059677,0.0682210498407987,-0.119827323066045,0.154590258605176,-0.134785463315872,0.166725299256254,0.1882463312908,0.0274095938208066,-0.0137622561886838,0.0544656994611045,0.104694713449251,0.0794809613490715,-0.0867058939340127,-0.129757251036546,0.156264531050261,0.0809486131777441,0.0859251470744835
"30",0.0197907917155774,0.0233908233581836,-0.00142117441093781,0.023831579014529,-0.0265287524408484,0.131582173785643,0.0174106101646549,-0.117305900597938,0.0187308958589219,0.0868928123170638,-0.0626372543249685,0.0975416807351574,0.158664126811273,-0.040833208119558,0.118150046765073,0.00484522833418667,0.250307179958882,0.0732177244979973,-0.0903870365963374,-0.0793838829228078,0.107992319804308,0.106597656626279,-0.00169979642197589,0.0715463851781058,0.02543205564787,0.0392090465641164,0.0137880467236873,0.252246765519499,0.391203184024771,1,0.126639928301952,-0.0918407765819491,0.0968287260087658,0.120935916103224,0.03952370156856,-0.126755659785507,-0.125622515767005,-0.0388015458029113,0.154054807957018,0.192723977595768,0.225876767707251,0.151264588014771,-0.0608805626605901,0.0236765964717344,-0.0751312892103379,-0.146329532368414,0.115037174047698,0.102306505853599,0.105978300627012,0.0113128831276859,0.187362752589047,0.253896062735774,0.0793482700993925,0.121935855491575,-0.0605513529410793,0.119502996029862,0.0048951647379653,-0.0748154549749218
"31",0.0300243395489964,0.17364117585809,-0.09120591733092,0.0478815125873095,-0.0359477892474982,-0.19513182371707,-0.178384115315662,-0.125360695390921,0.0218206821735655,0.21809853241108,-0.0259631333002328,0.0428211716367203,0.0732372979415361,0.02568777828009,0.0667871656890605,0.127189419308345,0.121019577182494,-0.0193909307147939,0.333161388380965,0.110340662903318,0.0171365390296095,-0.0514236565701806,-0.1473011032228,-0.0829916413364997,-0.270509920984986,-0.237042254373305,-0.0610913430327319,-0.0557346247756634,0.0809420015722367,0.126639928301952,1,0.329196756043299,0.191085438126354,0.0887825814632132,-0.179943950508431,-0.135558769670351,-0.195292878519989,0.00920156706039473,0.0200515399754211,0.0500927963064131,-0.182389109330012,-0.153298470788994,-0.0180738894064967,-0.0343593220280176,0.0742505614134062,0.101442386559316,-0.235416294455985,-0.0598503399621253,-0.00084263651353136,-0.0138311595451678,0.0726305305553404,0.188765074366123,-0.0412713725344239,-0.169237189451545,0.00089155219401492,-0.0416581857988459,-0.182082290857799,-0.140850926825235
"32",0.00449246377817841,0.0796093403941927,-0.149927841437326,0.0705966588385792,-0.0146541197364209,-0.128186839391034,0.120559535575804,0.143445795111666,0.0802147074476696,0.177222316509974,0.0427973641203636,0.0568482520251272,0.00889663954067067,0.154942973755353,0.250018634919957,0.0373940526410055,0.109171233445113,0.373816404782299,0.368605872503097,0.116533330495886,-0.0201986894130298,0.00468596721699058,-0.041855386848957,-0.0252743977498367,-0.163522490099302,-0.140878881214155,-0.155071517533563,-0.0190927884255341,-0.0796436401567288,-0.0918407765819491,0.329196756043299,1,0.161650953668362,0.113964641104359,0.0103835699797395,0.00296569445537774,-0.0141813447627061,0.119703991851975,0.165551166023168,0.16714937106816,0.0349191862383144,0.0710373142598475,0.143925320688778,0.126406825782969,0.0942940700462454,0.0484675990662287,0.252525498812056,0.159240723434093,0.111199020922442,0.18066419152458,0.192575663912682,0.180485937474648,-0.264697421379502,-0.0697714991152088,0.131617005676982,-0.137493052203788,0.00596855846959284,0.0965381504844518
"33",0.109597511072981,0.0428811373920514,-0.0558608478342666,-0.0288011289219852,0.137079216742071,0.0384815487106144,-0.0173347978304265,-0.208849439422975,0.0818752163842597,0.114486557231752,0.180193276638291,-0.0518044208245926,0.151344340979686,0.171611515096187,0.0849308748753263,0.107303760644542,0.0281002018303523,0.065629469739677,-0.125104270489216,0.00868414235707098,0.0864277355202063,0.0144179545696647,-0.0296898717626172,-0.095664386240291,-0.0718480323871511,-0.00492768292346423,0.0493452951711417,0.30326554201728,0.125751004680825,0.0968287260087658,0.191085438126354,0.161650953668362,1,0.199786207539587,-0.152875175188521,-0.0761280001984107,-0.305163038385754,-0.0252182434614071,0.296401868687252,0.123474332510345,-0.122062848837324,-0.0474098181479926,0.157080015916803,-0.0302964459850346,-0.0814850947494409,0.0224818907068377,0.00312568116820878,-0.0287040100264776,0.110071901827125,0.0875847692570942,0.228100757036497,0.154924423500441,-0.0833578142839571,-0.00593446613218663,-0.131825477490952,0.00432191790097415,-0.151857701568278,-0.128709174091876
"34",0.0707555891471573,0.105363177627604,-0.116935622879787,-0.0247471646188252,0.120189427427354,0.188574126048859,0.0891868679473384,0.0324860082838604,0.122475958092485,0.254992533004115,0.105772436241919,0.0330330543223857,0.148929990388945,0.105533711683744,0.0459307792094584,0.0061560169670945,0.116471512090293,-0.043781262564252,0.099180407260784,0.030750833109048,0.0181994469964376,-0.0581573875630621,0.18541458353921,-0.221451237995777,0.00490119395633174,-0.00846394611582817,0.0613508209610399,0.25244825413255,-0.0635805718267799,0.120935916103224,0.0887825814632132,0.113964641104359,0.199786207539587,1,-0.0755237464162768,-0.131719903935867,-0.0703620638284899,0.15516892142371,0.00875430590314818,0.117700296587954,0.00240599086232349,0.0201317399392439,0.0765536221931927,0.0141044681224718,-0.160069829648622,0.0479670257298872,0.210372293593888,0.0160777163857246,0.230232768394495,0.0852084348874328,0.182039213407969,0.128829020953883,-0.180155162396577,0.0320650371052807,0.0119405547545361,-0.00175427820239977,-0.0771039308925442,-0.00864777407089694
"35",0.198443950328728,0.0324355332415695,0.0349718424109209,0.283066661840001,0.0057075778898526,0.0969250908945326,0.354599922871293,0.218488898307025,-0.149525680852872,0.10541207105366,-0.101827125507538,0.144703918757489,0.00656046659357981,0.0195805110301648,0.0237394910990094,-0.0149155102135387,-0.110730419713104,0.161371003040419,-0.113284994529712,-0.21162171919606,-0.0334532546656219,0.118874116312924,-0.0125260797083561,0.101705939083812,0.0292466146787625,7.5982581844955e-05,-0.0016129718240084,-0.0466028060654557,0.266527145388063,0.03952370156856,-0.179943950508431,0.0103835699797395,-0.152875175188521,-0.0755237464162768,1,0.143781859114992,0.236627909913508,0.107085264246515,-0.0983169457109966,0.0454175450175693,0.135824382027702,0.299211821192879,0.00112705834533396,0.103148645543793,0.23396528386161,-0.124506658366321,0.212881835753529,0.127408707082085,-0.0551497150666788,0.129820493379073,0.0999834716471289,0.0980308225522138,0.173677474890519,0.124680059355514,0.146169556645119,0.229802824373626,0.0237874049536067,0.161719870123637
