"","l_Insular.Cortex","r_Insular.Cortex","l_Amygdal.Area","r_Amygdal.Area","l_Bed.Nucleus.of.the.Stria.Terminalis","r_Bed.Nucleus.of.the.Stria.Terminalis","l_Hippocampus","r_Hippocampus","l_Orbitofrontal.cortex","r_Orbitofrontal.cortex","l_Entorhinal.Cortex","r_Entorhinal.Cortex","l_Frontal.Association.Cortex","r_Frontal.Association.Cortex","l_Globus.Pallidus","r_Globus.Pallidus","l_Glomerular.Layer.of.the.Accessory.Olfactory.Bulb","r_Glomerular.Layer.of.the.Accessory.Olfactory.Bulb","l_Glomerular.Layer.of.the.Olfactory.Bulb","r_Glomerular.Layer.of.the.Olfactory.Bulb","l_Granule.Cell.Level.of.the.Cerebellum","r_Granule.Cell.Level.of.the.Cerebellum","l_Hypothalamic.Region","r_Hypothalamic.Region","l_Entorhinal.Cortex","r_Entorhinal.Cortex","l_Vermix.Molecular.Layer.of.the.Cerebellum","r_Vermix.Molecular.Layer.of.the.Cerebellum","l_Lateral.Molecular.Layer.of.the.Cerebellum","r_Lateral.Molecular.Layer.of.the.Cerebellum","l_Anterior.Olfactory.Bulb","r_Anterior.Olfactory.Bulb","l_Posterior.Olfactory.Bulb","r_Posterior.Olfactory.Bulb","l_Subiculum","r_Subiculum","l_Perirhinal.Area","r_Perirhinal.Area","l_PreLimbic.System","r_PreLimbic.System","l_Primary.Cingular.Cortex","r_Primary.Cingular.Cortex","l_Primary.Motor.Cortex","r_Primary.Motor.Cortex","l_Retrosplenial.Cortex","r_Retrosplenial.Cortex","l_Secondary.Cingular.Cortex","r_Secondary.Cingular.Cortex","l_Secondary.Motor.Cortex","r_Secondary.Motor.Cortex","l_Striatum","r_Striatum","l_Ventral.Tegmental.Area","r_Ventral.Tegmental.Area","l_Substantia.Nigra","r_Substantia.Nigra","l_Thalamus","r_Thalamus"
"1",1,0.576424622349846,0.13645677421164,0.0759435098494021,0.235473604948882,0.172972431093487,0.25839075398703,0.127386213101547,0.323694920841195,0.283305465038249,0.388463045791941,0.169319383823007,-0.0116928969301922,0.0988501049549472,0.149167784480223,0.141110011649248,0.205074295563199,0.08470335749562,0.019258572585069,-0.0236372960467959,0.0670541070946669,0.0494387562755676,0.120363993354147,0.124607827946985,0.323205364540535,0.252216407778983,-0.0230078004140304,0.128458165450594,-0.0999080661311715,0.0880819813949575,-0.219099749073282,-0.156687659508946,0.342950677583225,0.106667040260289,-0.0206758122904502,0.195344869550328,0.150640230967227,0.0760639799429888,0.219428641983488,0.211974641812679,-0.11039196122672,-0.0185857916384891,0.091794286565146,0.0444487335841509,-0.0273734436004498,-0.18146769374611,0.0172372454512723,-0.00618501480449303,-0.101615468182534,-0.0494667407753084,0.285302248288465,0.364497606817571,0.134835783036656,-0.0535266795595732,-0.203836400582743,-0.0564896868348595,-0.125459417974756,0.00830774251395957
"2",0.576424622349846,1,-0.0186574482463075,-0.0208596834607253,0.157239100939115,0.0210033397252739,0.0955025599230102,0.105702662198093,0.177356586931783,0.460487893680784,0.296672077515511,0.28790698452532,-0.0796687679479176,-0.0490306692613272,0.198026363038722,0.23530798441757,0.130294733749709,-0.0524738342970938,0.0719687252417691,0.00356566264129856,0.0796975411883108,-0.067192376533654,0.11645474402829,0.0467020207303946,0.186063112710177,0.0328088642809689,0.21831124157758,0.0258952988853588,-0.134655000292561,0.107353279092393,-0.103590542196552,0.011439182547304,0.111945904277957,-0.0331554773799135,-0.0698991281358682,0.0551013042582758,0.197065800097402,0.127033806390847,-0.0889774425764084,-0.033038171712116,-0.214793974025285,-0.135276084019315,0.148318643043492,0.084721808798888,0.0717500318222961,-0.0870831614878492,-0.0144628704588905,-0.0043451249687086,-0.127880163261739,-0.0602138078277294,0.265850067780996,0.25820013715442,0.0417304814936413,-0.00200615319990301,-0.147919675661742,0.00955415874510978,0.0372433597466454,0.0660162194752604
"3",0.13645677421164,-0.0186574482463075,1,0.0796088266254593,-0.116265994937228,0.206234695999164,0.347841948038891,0.0722413566838328,0.00821902578219648,0.0714746888057703,0.265028221221636,0.110395432159353,0.0713576741803643,0.0780608436330574,-0.115761712147858,-0.0151016548638466,0.156183700930099,0.0411536898199503,-0.0425852654496414,-0.019654403324891,0.0423037672656759,0.0621505906183524,0.119581642238219,0.218053951658311,0.141107036744917,0.0995408378798761,0.0197985718847067,-0.0484640904423809,0.140605225094605,0.0674128128269381,-0.0507974792522414,-0.0999663459121218,0.188772445046379,0.0368879175444718,0.204254923048447,-0.157797273014996,0.0570020666808152,0.200420068769236,0.119524711891934,0.0397237322096614,-0.0381303638455001,-0.00919677922380919,0.040430361049664,-0.174347478214987,-0.084607532759628,-0.118379739133496,0.0339358017627205,0.116725794643249,0.0526450147310182,-0.0737147976448467,0.0796652313198061,0.165568624979473,-0.0789249642643066,-0.14241414153657,-0.208315937957602,-0.0645778835757391,-0.137287754167984,0.169431859204889
"4",0.0759435098494021,-0.0208596834607253,0.0796088266254593,1,0.0019882383630742,-0.0153212508589021,0.0223195652440601,0.186635783003126,-0.0217389468208439,-0.0884545534223219,0.110297420232428,0.257017040765997,0.0381246464476011,0.0246565038825248,0.186544321288879,-0.0146870091136377,0.140540567583768,-0.12611096877432,0.0785772046966088,0.126647572976627,-0.0723271755599983,0.0324753785315245,0.254551245217742,-0.205665423274754,-0.015339761628003,0.165420993493128,0.0322691456995453,0.0666039500964401,-0.139187638453207,0.0889144548023881,0.265514996176955,0.103931887194444,0.0314825952082821,0.280151295158954,0.24133275099626,0.282978889803807,-0.066711088004812,-0.114931985801178,0.177973032387518,0.122472097263412,0.187757478359263,0.182563883657459,-0.0394415253870048,0.0978911303206483,-0.0377509211869516,-0.0218668448641131,0.0279930499483211,0.0398076897509169,0.12042182730355,0.0943394060083332,0.186566606656607,0.213526529622208,-0.0353712025620856,-0.0619430520635023,-0.135066653535745,-0.0687776423605769,-0.206231507009616,0.0135916623637905
"5",0.235473604948882,0.157239100939115,-0.116265994937228,0.0019882383630742,1,0.0919025289698792,0.0175062731610443,0.131231372713322,0.198385126333544,0.0550997221988852,0.0819767900724702,0.12459562843273,0.0583690746945172,0.0071679731811192,0.0574753350722427,0.0566601273355552,0.147037786778591,-0.0461705903928789,0.0228258177477162,0.115231339765402,0.052892848277774,-0.133756346343961,0.189953633302804,0.0305686719613667,0.105349760465713,0.154843103202478,0.00574332610432896,0.0384872982973252,-0.114281822097757,-0.0562317661502912,-0.0824154148431435,-0.044778257417782,0.197099161999927,0.279955459699546,0.02447888016157,0.0593819695816233,0.00908033432158658,0.0869678140909004,0.145259403557816,0.177481977155515,0.0750771265018351,0.110494659331736,0.0525966781607732,-0.143510316726741,-0.147492036714309,-0.153986308591838,0.0884962051997507,0.0540407580101128,0.00170183785296624,-0.0576692725229966,0.231977141971363,-0.0396358127144512,-0.033443074848156,-0.0261675305404927,0.127594574691494,0.012660291991843,0.0130844193090234,-0.171614667188152
"6",0.172972431093487,0.0210033397252739,0.206234695999164,-0.0153212508589021,0.0919025289698792,1,0.00858563204855635,0.0283543904268136,-0.0311546623925148,-0.00812608541308369,0.224569593523149,-0.0229298981596858,-0.0804312386132861,0.151641328595248,-0.00242106257505818,-0.201710323830799,0.0356997898675666,0.171708470667702,0.200142427073167,0.161104943454695,0.0971699783252868,-0.0912413866501441,0.00172607221363217,0.249749800897689,0.13083854900268,0.022313104834215,-0.144017193164088,-0.0634428347777137,-0.043240723504875,-0.0704618602247756,-0.134727416353655,0.0866332143580642,0.157988984184386,0.239456350309841,0.00448434909323769,-0.0282683204606858,-0.102641423002455,-0.0676692320542985,0.144311381494097,0.103061951839007,-0.0737658681287113,-0.0475196394468206,-0.0814133064752664,-0.0757606546458762,-0.10423582344365,-0.173799549042437,-0.0249956515330354,-0.0550481439120148,0.0542160527804077,0.107265532165112,-0.0595154506050809,-0.0912496392284551,-0.0674090970443337,-0.125568499338644,0.0578649448653969,-0.0714491714849999,-0.0121127218230713,0.210604737278453
"7",0.25839075398703,0.0955025599230102,0.347841948038891,0.0223195652440601,0.0175062731610443,0.00858563204855635,1,0.266560228926513,0.0581228464819895,0.125258410701493,0.153480250163505,0.156537146597852,0.103334983353337,-0.16398493241585,-0.083317925915633,-0.0861121745212557,0.0743268576263541,0.0430561086156925,0.0736312418203347,0.00257665825558816,-0.180168232000367,0.184675133183448,0.136024313362287,0.240231904192721,0.108064768996029,0.197800253104185,0.016718917067378,-0.182779568333571,0.126273986867903,0.0206290679281235,-0.127400477304206,-0.12757958273296,0.072707705023843,0.0319871108268189,0.314367338821736,0.0965944144368577,-0.014112958726366,0.18775602180491,0.01641018088598,0.0532502809189611,-0.00497181771107636,-0.0935929234056545,0.20850735624119,0.0101733533495722,0.0428910915122539,-0.0438612604442468,0.0113988889884151,-0.0538980621878904,0.0578597692726438,-0.210127792745872,0.154430272771963,0.188511201046245,0.0958545363752253,0.0560057218087882,-0.038994933264948,0.0652365968224882,0.112527505595946,0.253248423602238
"8",0.127386213101547,0.105702662198093,0.0722413566838328,0.186635783003126,0.131231372713322,0.0283543904268136,0.266560228926513,1,0.0211035198940881,0.109967066433211,0.120934899287291,0.224617407779294,0.105553641447885,-0.105395519754277,0.047985987739079,0.0387048140332657,0.0839087474089534,-0.144911582167973,0.177417704187098,-0.00666428807271358,-0.0578304497083281,0.00808638034625816,0.299165499440094,0.043370292315686,0.11285903414522,0.087446037917586,-0.128412740729702,0.0574084940281362,-0.0140209913371879,-0.00708780947849943,0.132696197443862,0.0224976143039253,0.0741924617440216,0.0529440929669774,0.126126099126764,0.138313950495122,-0.0314171554482425,-0.107156387563245,0.270218468676219,0.390048686368394,0.110544029475071,0.124547499582199,0.0438906476752028,0.0148053555472106,-0.0327399455516455,0.0131268425427758,0.157275453545126,0.230319273220359,0.0136604753282051,-0.0211566600209939,0.118388042121282,0.125219757735641,0.0713552475272087,0.327199465421038,0.042341804385904,0.234932326446776,0.0423172893131591,0.0660109569203375
"9",0.323694920841195,0.177356586931783,0.00821902578219648,-0.0217389468208439,0.198385126333544,-0.0311546623925148,0.0581228464819895,0.0211035198940881,1,0.297166089229406,0.0481436303539836,0.144012596015916,-0.0490528872111149,0.111243325657567,0.113571519554361,0.208830130501141,0.191427700662441,-0.169824829318067,-0.0046626087360911,-0.00170990538672163,0.204967346481766,0.0108130446964039,0.137300778104362,0.0749511739343226,0.116813956548266,0.039896394810085,0.159783876547025,-0.0213193925114213,-0.125925475507062,0.0658501735177358,-0.0995721302191309,-0.0788603486741339,0.136413123604218,-0.0588837234356473,0.0122951136740856,0.125720946175125,0.100333950254326,0.0992141497445059,-0.00099819680825229,0.0520728336145244,0.0173999768062569,-0.0592089559771857,0.204338739852339,0.200620192020122,0.0855649482147136,-0.117176323450249,0.0555197928143511,0.0772633650591207,-0.0701605744849911,-0.105561965434992,0.130185586327253,0.0889196723141578,-0.021603134369796,-0.202468244728227,0.043980232427251,-0.0874427959742809,-0.120415827949523,-0.0626206022260407
"10",0.283305465038249,0.460487893680784,0.0714746888057703,-0.0884545534223219,0.0550997221988852,-0.00812608541308369,0.125258410701493,0.109967066433211,0.297166089229406,1,0.12321346916801,0.178314701253912,-0.0239079311313954,0.0288803424125896,0.0173702414175167,0.21076652905425,0.00975167513441962,-0.1413449697578,-0.0231254077300555,-0.0591124741293036,0.0648211938126947,-0.0343458464218161,0.0209961880164894,0.0429869331175404,-0.0529159991473674,-0.147134651105348,0.087534328805068,-0.0654075313027768,-0.0932821109565848,-0.00065674575110308,-0.294538215323034,-0.12286326356082,-0.028927729752333,-0.0926828607610676,-0.152479204238623,-0.0537761635468838,0.11255771448844,0.206582491323913,-0.132509390514753,-0.0135673711553787,-0.260703598261351,-0.207740042242202,0.210248998206361,0.166060473076934,0.0352178287569378,-0.0978516428780643,-0.0710051958774163,-0.0223286494720109,-0.328506015721769,-0.127111392139721,0.0647751303937819,0.0796625734176242,-0.0618300627796798,-0.0633023413732124,-0.0624148752236085,0.0668024422231847,0.0115995874196278,0.151971841095305
"11",0.388463045791941,0.296672077515511,0.265028221221636,0.110297420232428,0.0819767900724702,0.224569593523149,0.153480250163505,0.120934899287291,0.0481436303539836,0.12321346916801,1,0.328429131371839,0.232766239011777,0.0413995084123188,0.278976889034482,0.0397482451418731,0.0809478308378857,-0.144712637830301,0.159921614632879,0.0411863468759864,0.0697998419323951,0.209535709749071,0.178746410607539,0.210589904184811,0.282509592777334,0.217061422762006,0.0390301071226313,0.0961428045842939,0.114767085267488,-0.0391279869531932,0.0404413528716295,-0.138651793291752,0.397521342739202,0.171400675102222,0.0743714026265111,-0.0451727948364739,0.00674845996773067,0.0607184067685328,0.15778863428028,0.263859191386734,-0.102292572897931,0.0617627030757208,-0.144553016798802,-0.0779628416125958,-0.105455453493682,-0.25967112395286,-0.00806664653581494,0.0839586994409733,0.072342327541907,-0.132704656431037,0.222578693869019,0.188850203729671,0.0788344719749708,0.111885772440081,-0.0486502477144576,-0.0590202162472065,-0.131357515722661,-0.0464579347896787
"12",0.169319383823007,0.28790698452532,0.110395432159353,0.257017040765997,0.12459562843273,-0.0229298981596858,0.156537146597852,0.224617407779294,0.144012596015916,0.178314701253912,0.328429131371839,1,0.0672459548528676,0.00860406469614472,0.135897046203427,0.154033639890477,0.151811049252984,-0.133205643300026,0.0711181905828327,0.0649150729707275,0.0262898612732125,0.0316750614084669,0.190183302076475,0.100063527018208,0.0237724666728959,0.13570079080929,0.163340024902366,-0.100092383392786,0.0261584531615918,0.122529375621417,0.0493509571679182,-0.0124336762952968,0.309626211610701,0.296518916192581,0.0832653413545599,0.0653546603252342,0.0127184647003427,-0.00864176028351727,0.156555353949267,0.21069931333564,0.0493103316821618,0.0908024782613719,-0.149485284330306,0.038538590470015,-0.0274139634905387,-0.218507632523922,0.0649232592230094,0.133692777927809,-0.11919284982563,-0.0183133099263667,0.194030935715401,0.0931621542942468,-0.132453120598147,-0.0631606586660073,-0.034863503040279,-0.0811789514894382,-0.114359281565173,-0.0362450984523558
"13",-0.0116928969301922,-0.0796687679479176,0.0713576741803643,0.0381246464476011,0.0583690746945172,-0.0804312386132861,0.103334983353337,0.105553641447885,-0.049052887211115,-0.0239079311313954,0.232766239011777,0.0672459548528676,1,-0.15836639381835,0.119233792319477,0.0598055334248901,0.268048697723299,-0.0650533367758208,0.0476758817165825,0.10393970444241,0.0445528227362385,0.0933138592753532,-0.00328235266937164,0.0165041114292892,0.0291446606446728,0.022984353754673,0.137100028039053,-0.00319166656963735,0.0779104026511476,0.0232814176870821,-0.0391344915071881,-0.12090615638726,0.164323953224545,0.220748265559731,0.128193836850007,-0.0339888286783334,-0.106048556420636,0.125082295645088,0.083757359901544,0.127238801520354,0.0475455201066998,0.0984349425297392,-0.0740669458733361,-0.0771574818147818,-0.0389446018062773,-0.0515764771698405,0.0925842315781733,0.152110999510446,0.318085603215236,-0.0683067468325666,0.00019063769643443,-0.026291269325544,-0.0139619964035727,0.0501921156280368,-0.0430904622236911,-0.153140048688559,-0.0374122982801666,-0.0597607710640214
"14",0.0988501049549472,-0.0490306692613272,0.0780608436330574,0.0246565038825248,0.0071679731811192,0.151641328595248,-0.16398493241585,-0.105395519754277,0.111243325657567,0.0288803424125896,0.0413995084123188,0.00860406469614472,-0.15836639381835,1,0.0699792552388254,0.00628820366439163,-0.0970712756884553,0.164882348714203,-0.0781374159143926,0.0927274442708012,0.261944199430884,0.00142673818623785,-0.0355584422949626,0.0137244011021701,-0.0609976367385918,-0.0512742651380685,-0.112977309305424,0.0365801671156569,-0.0624494983223042,0.0272843150444934,0.0909291390385228,0.229068058791941,-0.0165025321692828,0.0693677313809276,-0.0635287961961554,-0.0754461373124721,-0.11167953415892,-0.129086336808699,-0.09387773001191,0.0124328990323034,-0.191877670812335,-0.0765960306679065,-0.168959169160567,-0.150360355291516,-0.0231667728497144,-0.120542302482271,-0.20321180134386,-0.0951318542594749,-0.21197466038139,0.58843493392954,0.0305746409629072,0.0758298594336669,-0.0582859205792165,-0.0430086368665985,-0.0223076838937172,-0.0396098267964003,-0.0209071202178106,-0.247439727724439
"15",0.149167784480223,0.198026363038722,-0.115761712147858,0.186544321288879,0.0574753350722427,-0.00242106257505818,-0.083317925915633,0.047985987739079,0.113571519554361,0.0173702414175167,0.278976889034482,0.135897046203427,0.119233792319477,0.0699792552388254,1,0.108634005466776,0.142119606612039,-0.019257603892684,-0.0398526452290886,-0.0287697324154788,0.195789702476192,0.146210817618274,-0.0253274178125027,-0.0793962640143485,0.202788642391046,0.11699313224242,0.0686199275449349,0.0313676196148332,-0.274489019943292,-0.117121291512094,0.036814124614699,-0.0175064820626554,0.105633013607197,0.186590918932729,0.0726927289340336,0.108059846655638,-0.0937218631137745,-0.099680792590863,0.0688195477700703,0.164333180724586,0.0163882379992886,0.098271621530051,-0.0244256648269806,0.117157869727023,-0.151977119866082,-0.138700061547159,0.0180943984018766,0.028775084544674,0.156434853803392,0.142973646372973,0.194583729182275,0.179727405164269,-0.0547690888309315,0.16308609835815,-0.00691121201368949,-0.12171593339383,0.0507749123653982,-0.0357947848179504
"16",0.141110011649248,0.23530798441757,-0.0151016548638466,-0.0146870091136377,0.0566601273355552,-0.201710323830799,-0.0861121745212557,0.0387048140332657,0.208830130501141,0.21076652905425,0.0397482451418731,0.154033639890477,0.0598055334248901,0.00628820366439163,0.108634005466776,1,0.127045687947063,-0.235662629386149,-0.0559180619412732,-0.112393327825924,0.0683188925146991,-0.0563054040119041,0.0777411173355155,-0.216082624994714,0.130824367226053,-0.0161947284830492,0.0404166884335952,-0.109566052647118,-0.139999860128294,-0.0733585316840563,-0.0660972154246746,-0.230552464443857,0.0588797078430679,-0.0915420290208267,0.00382627176142585,0.0617339006748703,0.12415480173823,0.0194644631599828,0.111538979864046,0.0784301800465393,-0.0197816735292842,-0.0406391262951558,0.0906872284914854,-0.0301182766828271,-0.200215304202705,-0.0864483462253169,-0.0629620269090931,0.0240321710654758,-0.115729315995301,-0.0719901613130005,0.116222135320338,0.246939097368876,0.0673490042008756,0.0402465098610709,-0.0537504491920585,-0.184813511327842,0.0679095743911056,-0.155298847993421
"17",0.205074295563199,0.130294733749709,0.156183700930099,0.140540567583768,0.147037786778591,0.0356997898675667,0.0743268576263541,0.0839087474089534,0.191427700662441,0.00975167513441962,0.0809478308378857,0.151811049252984,0.268048697723299,-0.0970712756884553,0.142119606612039,0.127045687947063,1,0.0368468822819741,0.075269268070525,0.0978511777539502,-0.00475100543745282,0.00733706424949044,0.105344643761861,-0.0147995677180944,0.156034123546458,0.0897185011250779,-0.0311646260138685,-0.00077011422162261,-0.180776958638063,0.236510821126012,0.0748798941935302,-0.126048180188174,0.30923583426737,0.0481461116516401,-0.04914294120245,0.18462597122715,0.0154203758531058,0.0683427868955972,0.14384737731262,0.0411000226437883,0.084867958867603,0.20269187613625,0.0876629963663631,0.038294688206244,-0.159434192523049,-0.208587264029382,0.0984363341585648,0.106873815458922,0.198430429310051,0.032107123289683,0.114209233390594,0.0727240401977589,0.167698971999877,-0.0249631627060783,-0.109741421060924,-0.114944404850209,-0.0657671164486661,0.00265759094995423
"18",0.08470335749562,-0.0524738342970938,0.0411536898199503,-0.12611096877432,-0.0461705903928789,0.171708470667702,0.0430561086156925,-0.144911582167973,-0.169824829318067,-0.1413449697578,-0.144712637830301,-0.133205643300026,-0.0650533367758208,0.164882348714203,-0.019257603892684,-0.235662629386149,0.0368468822819741,1,-0.155181073195509,-0.0252355452775474,-0.0976130467000114,-0.0613729375331058,-0.131203890972316,0.0987708847215155,-0.030401719790014,-0.0400523928960952,-0.164561594763266,0.111305639141536,-0.0650066629845703,0.0279695632231784,0.162489863305725,0.209842076314512,-0.0262151272231847,0.0865086181395878,0.0148009408269075,-0.0937324097427718,0.0489816443730644,-0.110103136297311,-0.141376100577053,-0.0935811343759002,-0.156155648360873,-0.125857774357637,-0.139316660264199,-0.138795076603511,0.028918278262158,-0.0703034412303374,-0.15329001772713,-0.191438829369738,-0.007866001137835,0.233123674429274,-0.100211528115054,-0.1260965678019,-0.13819244834553,-0.0214937515673801,-0.0435842559036992,-0.0571291296110395,-0.0411319772242628,0.0595255049731635
"19",0.019258572585069,0.0719687252417691,-0.0425852654496414,0.0785772046966088,0.0228258177477162,0.200142427073167,0.0736312418203347,0.177417704187098,-0.0046626087360911,-0.0231254077300555,0.159921614632879,0.0711181905828328,0.0476758817165825,-0.0781374159143926,-0.0398526452290886,-0.0559180619412732,0.075269268070525,-0.155181073195509,1,0.241490995034117,-0.125644438298903,0.251636745833032,0.096032863171014,0.141992965845966,0.0273274927094012,-1.03308515856783e-05,-0.0559838283345982,0.121844490048214,0.265996160572186,0.0813839543141397,0.195786986817372,0.0129030632562862,-0.101526916027359,0.0657856772147902,0.0227936858581097,0.00330754089203727,-0.178223083879598,-0.156819131263799,-0.0400241491329365,-0.0441965400857079,-0.0499725069584534,-0.0289328650396352,0.011133743746121,0.149189262281989,-0.092140694428901,0.228286176027668,-0.168160480379197,-0.0449324910936081,-0.0452439427643986,0.00435046548890733,-0.0913883134063268,-0.0525567183089427,0.0813452056575261,-0.0382606400601429,0.144908812402947,0.130935376920332,-0.0141110035284843,0.124746901940347
"20",-0.0236372960467959,0.00356566264129856,-0.019654403324891,0.126647572976627,0.115231339765402,0.161104943454695,0.00257665825558816,-0.00666428807271358,-0.00170990538672163,-0.0591124741293036,0.0411863468759864,0.0649150729707275,0.10393970444241,0.0927274442708012,-0.0287697324154788,-0.112393327825924,0.0978511777539502,-0.0252355452775474,0.241490995034117,1,-0.0746973791547464,-0.089121295356454,0.0195102594322939,0.248931407875276,-8.67916758186739e-05,0.0773563637932273,-0.118037359793547,0.0133932889363719,-0.048001657924208,0.148239956417154,0.209619783786111,0.37193128545595,-0.0291188097719153,0.0318398121012964,0.0395009858089021,0.109900279229132,-0.135920962257135,-0.0250895127748241,0.139514521882629,0.037968432111178,0.0575117643286042,0.0749155555392825,0.0415260433185911,-0.0687467253435461,0.0103346156327167,-0.00486731793003654,0.127668084358201,0.0695223507491718,0.0316889263134957,0.128238596057594,0.0200205585971702,0.0256232690909322,0.0624211512558497,-0.0898910210383061,-0.107646914342316,-0.00874850310294889,0.0200853292383284,-0.110333686449809
"21",0.0670541070946669,0.0796975411883108,0.0423037672656759,-0.0723271755599983,0.052892848277774,0.0971699783252868,-0.180168232000367,-0.0578304497083281,0.204967346481766,0.0648211938126947,0.0697998419323951,0.0262898612732125,0.0445528227362385,0.261944199430884,0.195789702476192,0.0683188925146991,-0.00475100543745282,-0.0976130467000114,-0.125644438298903,-0.0746973791547464,1,-0.0833812178462562,-0.0486898731438122,0.0662900802976185,-0.103976219154086,0.0582763694876178,0.185829978010596,-0.0342183621049628,-0.110964924441049,0.123756135197829,-0.01378920484738,-0.183703415970131,0.0444540237946328,-2.69524395387428e-05,-0.00840610229776342,-0.134237758577783,0.0871739190265988,0.120033802681153,0.0194755186380384,0.00096756478383691,-0.173285899501271,-0.10312097217768,0.118600946440805,-0.109218979425941,-0.00354760343674762,-0.197729747920495,-0.171014192639922,-0.0705267897218071,0.0344589879600455,0.1100852327549,0.00910335036686266,0.051700615329886,0.0214458220906982,-0.0112152549481894,-0.104535195071922,-0.215643168642285,-0.0666807090541915,-0.0709283946504317
"22",0.0494387562755676,-0.067192376533654,0.0621505906183524,0.0324753785315245,-0.133756346343961,-0.0912413866501441,0.184675133183448,0.00808638034625816,0.0108130446964039,-0.0343458464218161,0.209535709749071,0.0316750614084669,0.0933138592753532,0.00142673818623785,0.146210817618274,-0.0563054040119041,0.00733706424949044,-0.0613729375331058,0.251636745833032,-0.089121295356454,-0.0833812178462562,1,-0.0795717999732728,-0.127516873016511,-0.0822094064133189,0.061261547935828,-0.140738497620185,0.087227831927161,0.0577521459132038,0.0605117401138689,0.0497354736906767,-0.117257344342726,0.00385736734767716,-0.141528981015438,0.0652299423846308,0.0793388492728473,-0.0653273918665846,-0.0673721283010202,-0.0973740932822136,-0.0322983967197414,-0.0105898359241547,0.0629273098274139,0.124885374159452,0.244480804679891,-0.072633285634395,0.100839810599347,-0.174197318913953,-0.119761767424377,0.145042519174102,0.0235518659741937,0.0165704148263071,0.159261492752665,0.151920597478972,0.148396301259054,0.00402496242172128,0.111155445304435,-0.099580087189213,0.0508945405978734
"23",0.120363993354147,0.11645474402829,0.119581642238219,0.254551245217742,0.189953633302804,0.00172607221363217,0.136024313362287,0.299165499440094,0.137300778104362,0.0209961880164894,0.178746410607539,0.190183302076475,-0.00328235266937164,-0.0355584422949626,-0.0253274178125027,0.0777411173355155,0.105344643761861,-0.131203890972316,0.096032863171014,0.0195102594322939,-0.0486898731438122,-0.0795717999732728,1,0.102021616090556,0.202325857537127,0.327652870458029,0.00787769127061346,-0.0645806001844838,-0.0175923886326248,0.0880161839864624,0.0936541719628546,-0.149638175912229,0.120666851806987,0.00813872916692545,0.205808846903286,0.128092032273005,0.0660429036249528,0.0841804382758792,0.0679710803262679,0.073140312252937,0.0260927373763102,0.0541677374831256,-0.0265216186200055,-0.00745945285484019,-0.128642298538768,-0.102811753555004,-0.0177280034801558,-0.00848814174692473,-0.0123142499183304,-0.0948595157454523,-0.0314482629023169,0.120191058206481,-0.0185653525704894,0.0812500273053798,-0.00075062772748923,-0.0076001981740334,0.0183053767787476,-0.13087331532834
"24",0.124607827946985,0.0467020207303947,0.218053951658311,-0.205665423274754,0.0305686719613667,0.249749800897689,0.240231904192721,0.043370292315686,0.0749511739343226,0.0429869331175404,0.210589904184811,0.100063527018208,0.0165041114292892,0.0137244011021701,-0.0793962640143485,-0.216082624994714,-0.0147995677180944,0.0987708847215155,0.141992965845966,0.248931407875276,0.0662900802976186,-0.127516873016511,0.102021616090556,1,0.0608895021608435,0.0583601244497108,-0.0291559267997271,-0.103888864920555,0.154110571166771,0.170873539518783,-0.0784822155717436,-0.0675270137033274,0.13510141483032,0.142795216854524,0.0944190601152773,-0.163385593697656,-0.0419070532697729,0.102764953715697,-0.0453324558590497,0.0227152936504994,-0.133451769134109,-0.0529092832423437,0.131217683664881,-0.0716761671222245,-0.11199728177374,-0.194732956136557,-0.00589420424308367,-0.0398299982442587,-0.0957853769263291,-0.113938833155098,-0.102464245538958,-0.241250390461809,0.12587913955607,-0.0893685206134364,0.188770899887903,0.110814808714749,0.103278771627189,-0.0228902227011261
"25",0.323205364540535,0.186063112710177,0.141107036744917,-0.015339761628003,0.105349760465713,0.13083854900268,0.108064768996029,0.11285903414522,0.116813956548266,-0.0529159991473674,0.282509592777334,0.0237724666728959,0.0291446606446728,-0.0609976367385918,0.202788642391046,0.130824367226053,0.156034123546458,-0.030401719790014,0.0273274927094012,-8.67916758186739e-05,-0.103976219154086,-0.0822094064133189,0.202325857537127,0.0608895021608435,1,0.234870716065941,0.0362931302648076,-0.0180619428451096,-0.269015342266268,-0.0338268337617302,-0.21106454521551,-0.132417005512385,0.355039777874827,-0.0071100944679238,0.125264497217131,-0.0846076559477891,0.0310530463174534,0.00236403903011645,0.301075275246174,0.258197808213105,-0.0123773960190426,-0.0817721621099964,-0.00432276167969293,-0.0261714470059469,-0.238751056894031,-0.19396630507934,0.0708842782649318,-0.0813010477954164,-0.115336066474838,-0.194627137765168,0.0911549071270152,0.14480409858677,-0.0197069446841929,0.124868374713384,-0.0395062308494562,-0.050096748397902,-0.146130608447923,-0.0424504458636126
"26",0.252216407778983,0.0328088642809689,0.0995408378798761,0.165420993493128,0.154843103202478,0.022313104834215,0.197800253104185,0.087446037917586,0.039896394810085,-0.147134651105348,0.217061422762006,0.13570079080929,0.022984353754673,-0.0512742651380685,0.11699313224242,-0.0161947284830492,0.0897185011250779,-0.0400523928960952,-1.03308515856783e-05,0.0773563637932273,0.0582763694876178,0.061261547935828,0.327652870458029,0.0583601244497108,0.234870716065941,1,-0.107972300276244,0.104481758469696,-0.0113588835910323,0.100212741158485,0.123446655647365,-0.133871170325428,0.271626864583397,0.155306214237672,0.19524520216006,0.29332016421238,0.127621330667697,0.154448974772333,0.25781764286617,0.28938808198205,0.132495413912866,0.145336273119685,-0.0478644992624818,-0.108993328904152,-0.0751807270427575,0.0548113395140117,0.048486532727235,0.0129965696474467,0.0587947311890631,-0.106453557894543,0.0507690407673116,0.178812995487818,0.214577409359224,0.27187729223179,-0.302263369452145,-0.0342544442092305,-0.0514735509314985,0.0483762632719737
"27",-0.0230078004140304,0.21831124157758,0.0197985718847067,0.0322691456995453,0.00574332610432896,-0.144017193164088,0.016718917067378,-0.128412740729702,0.159783876547025,0.087534328805068,0.0390301071226313,0.163340024902366,0.137100028039053,-0.112977309305424,0.0686199275449349,0.0404166884335952,-0.0311646260138686,-0.164561594763266,-0.0559838283345982,-0.118037359793547,0.185829978010596,-0.140738497620185,0.00787769127061346,-0.0291559267997271,0.0362931302648076,-0.107972300276244,1,0.0253160748935822,0.123401316186785,-0.133967872959718,-0.130974185298333,-0.18647971156811,0.0941507836889082,-0.0086551007229562,0.175993488738503,-0.060650924825015,0.289431498092689,0.106742328820284,-0.133891472211676,-0.0547940243864594,0.0463734110599711,0.0530616201255613,-0.117187569177845,0.101138061477053,0.106178699889218,-0.0265548707430227,0.0508193738931772,0.176892810241978,0.101840219191893,-0.0516771192136904,0.0529773301346111,0.00118880913150825,-0.129215950204615,-0.236021421465737,-0.0580271119016508,-0.0841936981117346,0.0186840179585054,0.0330613932352689
"28",0.128458165450594,0.0258952988853588,-0.0484640904423809,0.0666039500964401,0.0384872982973252,-0.0634428347777137,-0.182779568333571,0.0574084940281362,-0.0213193925114213,-0.0654075313027768,0.0961428045842939,-0.100092383392786,-0.00319166656963735,0.0365801671156569,0.0313676196148332,-0.109566052647118,-0.00077011422162261,0.111305639141536,0.121844490048214,0.0133932889363719,-0.0342183621049628,0.087227831927161,-0.0645806001844838,-0.103888864920555,-0.0180619428451096,0.104481758469696,0.0253160748935822,1,0.124331313984162,-0.0601549735738899,0.127784708077155,0.0382216640325269,-0.128914706856437,-0.0914301428682242,-0.0404273700393487,-0.0540435331219914,-0.0344814535838757,-0.145002908595957,-0.0116744414348866,0.0608436300863859,-0.203042033093263,-0.108158320619818,-0.129776654813386,-0.0926855696135457,-0.0134736262096423,0.147789259081737,-0.137373401936443,-0.0527734316357811,-0.0199531309851828,-0.0451968751410086,0.0968290764688276,0.117799863397528,0.0883169531997064,0.00084422015779383,-0.0287722956537923,0.0954156161462645,-0.233130302542521,0.012113973215662
"29",-0.0999080661311715,-0.134655000292561,0.140605225094605,-0.139187638453207,-0.114281822097757,-0.043240723504875,0.126273986867903,-0.0140209913371879,-0.125925475507062,-0.0932821109565848,0.114767085267488,0.0261584531615918,0.0779104026511476,-0.0624494983223042,-0.274489019943292,-0.139999860128294,-0.180776958638063,-0.0650066629845703,0.265996160572186,-0.048001657924208,-0.110964924441049,0.0577521459132038,-0.0175923886326248,0.154110571166771,-0.269015342266268,-0.0113588835910323,0.123401316186785,0.124331313984162,1,-0.117640751273644,0.140747008498927,-0.0598621752407524,-0.130922338609347,0.0172553912209732,0.0241021288232909,-0.020039857494307,-0.0839129274333322,-0.00641911184370661,-0.11440994637871,-0.15299707911696,-0.0215077704678883,-0.0189984400151248,-0.156950275933648,-0.0079281905085439,0.146337809929112,0.250435633260406,0.00981279228043083,0.0843285679737877,-0.0161396043799286,-0.0664901962563797,-0.0405025533315691,-0.115889708280544,-0.036876389391877,-0.0459542831474385,0.0566194682804261,0.10828927812213,-0.00779153348648829,0.0395994306028357
"30",0.0880819813949575,0.107353279092393,0.0674128128269382,0.0889144548023881,-0.0562317661502912,-0.0704618602247756,0.0206290679281235,-0.00708780947849943,0.0658501735177358,-0.00065674575110308,-0.0391279869531932,0.122529375621417,0.0232814176870821,0.0272843150444934,-0.117121291512094,-0.0733585316840563,0.236510821126012,0.0279695632231784,0.0813839543141397,0.148239956417154,0.123756135197829,0.0605117401138689,0.0880161839864624,0.170873539518783,-0.0338268337617302,0.100212741158485,-0.133967872959718,-0.0601549735738899,-0.117640751273644,1,0.100217423165021,0.053114837777719,0.0684946113159304,0.0129493192169211,0.0219562061911585,-0.0412629972652121,-0.0170377441567137,0.0449451108070358,-0.149258083511906,-0.111213559077533,-0.113359054884832,-0.112889345655905,0.235242779765689,0.0784483726507528,0.00983522797678389,-0.0589608173366975,-0.00660247240578707,-0.034202752590734,-0.0445138004348993,0.0706273591460963,-0.126627611384671,-0.0788371551698138,0.130038741145709,0.0390651284493476,0.019423888018165,-0.0630656024151838,0.0415797157110263,-0.142323642865573
"31",-0.219099749073282,-0.103590542196552,-0.0507974792522414,0.265514996176955,-0.0824154148431435,-0.134727416353655,-0.127400477304206,0.132696197443862,-0.0995721302191309,-0.294538215323034,0.0404413528716295,0.0493509571679182,-0.0391344915071881,0.0909291390385228,0.036814124614699,-0.0660972154246746,0.0748798941935302,0.162489863305725,0.195786986817372,0.209619783786111,-0.01378920484738,0.0497354736906767,0.0936541719628546,-0.0784822155717436,-0.21106454521551,0.123446655647365,-0.130974185298333,0.127784708077155,0.140747008498927,0.100217423165021,1,0.242629430252865,-0.137847487626882,0.0906904909814934,-0.0459325832740004,0.162809097236873,-0.00339058974308967,-0.127155863879811,-0.0854196251685131,0.0348553657865464,-0.0642885247550823,0.0806292019154332,-0.0247336543649595,0.0551240993274601,-0.019827044243867,0.156149699806056,-0.0918879054489682,0.0275200900756107,0.094676456301246,0.231614267252876,0.0155722179949215,-0.0300080199572277,-0.00132018782745411,0.212445657290828,-0.0237361326858676,-0.0178065112862206,-0.0941409498058722,-0.117320883098126
"32",-0.156687659508946,0.011439182547304,-0.0999663459121218,0.103931887194444,-0.044778257417782,0.0866332143580642,-0.12757958273296,0.0224976143039253,-0.0788603486741339,-0.12286326356082,-0.138651793291752,-0.0124336762952968,-0.12090615638726,0.229068058791941,-0.0175064820626554,-0.230552464443857,-0.126048180188174,0.209842076314512,0.0129030632562862,0.37193128545595,-0.183703415970131,-0.117257344342726,-0.149638175912229,-0.0675270137033274,-0.132417005512385,-0.133871170325428,-0.18647971156811,0.0382216640325269,-0.0598621752407524,0.053114837777719,0.242629430252865,1,-0.291682870460847,0.0315956417140563,-0.0917431162811925,0.0318452083965107,-0.241291306993148,-0.204617324830929,-0.0418120479225466,-0.0254609166139603,0.0902522731803941,0.0114586301235048,-0.0480498997026301,-0.0544210472121117,0.131269292307838,0.0756663736712601,0.117623756150697,0.0468863123336792,0.0371555986701414,0.265106600570522,0.0285691528634782,-0.0972863387361633,-0.0593626773248685,-0.0237994543144555,0.00916301428905977,0.0850459285667007,0.120442336921512,-0.0801762409598047
"33",0.342950677583225,0.111945904277957,0.188772445046379,0.0314825952082821,0.197099161999927,0.157988984184386,0.072707705023843,0.0741924617440216,0.136413123604218,-0.028927729752333,0.397521342739202,0.309626211610701,0.164323953224545,-0.0165025321692828,0.105633013607197,0.0588797078430679,0.30923583426737,-0.0262151272231847,-0.101526916027359,-0.0291188097719153,0.0444540237946328,0.00385736734767716,0.120666851806987,0.13510141483032,0.355039777874827,0.271626864583397,0.0941507836889082,-0.128914706856437,-0.130922338609347,0.0684946113159304,-0.137847487626882,-0.291682870460847,1,0.247163529327745,-0.00914563000908288,-0.0359462742463082,0.0097824870513627,0.0661970221700903,0.474521305555664,0.402253788054535,0.124894748749013,0.240867338958393,-0.200609420988874,0.0365820910409173,-0.147070358983646,-0.328073352981123,0.251957737242417,0.189731773762555,0.0479961776733234,0.0013994062886957,0.166794257685205,0.1497086070617,0.0650235873637503,0.0452226542416393,0.0239900289793759,-0.0323270672823601,-0.179053284985589,-0.0991258500441895
"34",0.106667040260289,-0.0331554773799135,0.0368879175444718,0.280151295158954,0.279955459699546,0.239456350309841,0.0319871108268189,0.0529440929669774,-0.0588837234356473,-0.0926828607610676,0.171400675102222,0.296518916192581,0.220748265559731,0.0693677313809276,0.186590918932729,-0.0915420290208267,0.0481461116516401,0.0865086181395878,0.0657856772147902,0.0318398121012964,-2.69524395387428e-05,-0.141528981015438,0.00813872916692545,0.142795216854524,-0.0071100944679238,0.155306214237672,-0.0086551007229562,-0.0914301428682242,0.0172553912209732,0.0129493192169211,0.0906904909814934,0.0315956417140563,0.247163529327745,1,0.119398779495893,0.0922257380835917,-0.0839058789417411,-0.04380436775899,0.218229466849019,0.373639725728297,0.196607166976702,0.172305339977311,-0.203896003368481,-0.00917890902457131,-0.190640963464421,-0.0501855991101803,0.140135205965754,0.169681207511099,0.120803189320702,0.242033378255057,0.183107638334969,-0.0341970051877733,-0.0775814378553738,0.0113738014696422,0.144481173299765,0.0659479410969712,0.00961551633013728,-0.0755764425534108
"35",-0.0206758122904502,-0.0698991281358682,0.204254923048447,0.24133275099626,0.02447888016157,0.00448434909323769,0.314367338821736,0.126126099126764,0.0122951136740856,-0.152479204238623,0.0743714026265111,0.0832653413545599,0.128193836850007,-0.0635287961961554,0.0726927289340336,0.00382627176142585,-0.04914294120245,0.0148009408269075,0.0227936858581097,0.0395009858089021,-0.00840610229776342,0.0652299423846308,0.205808846903286,0.0944190601152774,0.125264497217131,0.19524520216006,0.175993488738503,-0.0404273700393487,0.0241021288232909,0.0219562061911585,-0.0459325832740004,-0.0917431162811925,-0.00914563000908288,0.119398779495893,1,-0.0220514102165621,0.150364644742817,-0.00875206133042048,-0.055508788823037,-0.0545239494371537,0.0680889747455191,0.0226444006556499,-0.142670238836904,-0.0877352886337694,0.1639344149957,0.166777754056809,-0.121921881153574,-0.105495335015487,0.0132230410576305,-0.050843542011924,0.0318052512012504,0.0219326203139788,0.134753640751969,0.0114366702873326,0.0660310048059341,0.122786209137239,-0.113678768231824,0.00350323318088654
