"","l_Insular.Cortex","r_Insular.Cortex","l_Amygdal.Area","r_Amygdal.Area","l_Bed.Nucleus.of.the.Stria.Terminalis","r_Bed.Nucleus.of.the.Stria.Terminalis","l_Hippocampus","r_Hippocampus","l_Orbitofrontal.cortex","r_Orbitofrontal.cortex","l_Entorhinal.Cortex","r_Entorhinal.Cortex","l_Frontal.Association.Cortex","r_Frontal.Association.Cortex","l_Globus.Pallidus","r_Globus.Pallidus","l_Glomerular.Layer.of.the.Accessory.Olfactory.Bulb","r_Glomerular.Layer.of.the.Accessory.Olfactory.Bulb","l_Glomerular.Layer.of.the.Olfactory.Bulb","r_Glomerular.Layer.of.the.Olfactory.Bulb","l_Granule.Cell.Level.of.the.Cerebellum","r_Granule.Cell.Level.of.the.Cerebellum","l_Hypothalamic.Region","r_Hypothalamic.Region","l_Entorhinal.Cortex","r_Entorhinal.Cortex","l_Vermix.Molecular.Layer.of.the.Cerebellum","r_Vermix.Molecular.Layer.of.the.Cerebellum","l_Lateral.Molecular.Layer.of.the.Cerebellum","r_Lateral.Molecular.Layer.of.the.Cerebellum","l_Anterior.Olfactory.Bulb","r_Anterior.Olfactory.Bulb","l_Posterior.Olfactory.Bulb","r_Posterior.Olfactory.Bulb","l_Subiculum","r_Subiculum","l_Perirhinal.Area","r_Perirhinal.Area","l_PreLimbic.System","r_PreLimbic.System","l_Primary.Cingular.Cortex","r_Primary.Cingular.Cortex","l_Primary.Motor.Cortex","r_Primary.Motor.Cortex","l_Retrosplenial.Cortex","r_Retrosplenial.Cortex","l_Secondary.Cingular.Cortex","r_Secondary.Cingular.Cortex","l_Secondary.Motor.Cortex","r_Secondary.Motor.Cortex","l_Striatum","r_Striatum","l_Ventral.Tegmental.Area","r_Ventral.Tegmental.Area","l_Substantia.Nigra","r_Substantia.Nigra","l_Thalamus","r_Thalamus"
"1",1,0.0769799165308325,0.0704291600596015,-0.0645235876010225,0.00807493748838867,-0.0899465707541721,0.0362396385167524,0.12227154573967,0.445821405927016,0.100119743366666,0.145078883270308,0.050444899846845,-0.0243694457549818,-0.107945735843554,0.130430490506741,0.0739213877322097,-0.111901314773753,-0.153809552557715,0.0916948739149842,-0.0130707244140593,0.177465160737184,0.126701182887442,-0.0959775250539542,0.0186011362324885,0.0532005783886607,0.021300812725962,0.0612149149750904,-0.0595234177537557,0.019031937302137,-0.0153095210864212,0.0540952647282625,-0.0703948275100121,0.167036501841593,-0.0718456625889429,0.0686814682251669,-0.105838495673675,-0.0473009503156838,-0.0382633766577057,0.0735830463226033,-0.104713198412536,-0.0294069233820835,-0.0211328060818157,0.0045915267504902,-0.119241851119272,-0.00576596094265146,-0.0219303361322198,0.122896291998811,0.0676808025196994,-0.10577306130978,-0.0932405457650039,0.167583171780312,0.110594349677816,0.0321423068757934,-0.0272052247447521,0.036186288780199,-0.0221257863262764,-0.240586808050638,-0.0110131702372316
"2",0.0769799165308325,1,-0.130864521138919,0.00946596950581288,-0.0285872783137936,0.119897431624438,0.0369914450546411,-0.148870225682647,0.153286612585981,0.15315007626503,0.0593979164258014,0.402664722316929,-0.0100558558848792,0.112046376486404,-0.0654057670820603,0.0939759606723207,0.00878681314294966,-0.0663700372670723,-0.107585903766318,0.0726320280496059,0.0458756636977662,0.114935501374099,0.16723364773539,0.031340841404383,0.0394881336549066,-0.17063448149698,0.112424590045374,0.1848566610608,-0.0402718226444127,-0.00733584771483785,0.0155616995689467,0.235879554348679,0.157855671685292,0.205135224935089,-0.0684318153517072,0.167758895422968,0.0270919219644924,-0.0225839007346147,0.130667879378085,0.390059954502501,0.0140619519238263,0.0354593964316351,-0.0720291522067328,0.0740543997947833,-0.210681278221263,-0.0698614087126719,0.145611749558261,0.0342863375504271,0.00687536208983868,0.0702452689038418,0.153205569548472,0.305805338708738,0.110124297395036,0.0398125352901113,0.00505271095412646,0.0934647136045253,-0.0704804000449737,-0.0771051461731824
"3",0.0704291600596015,-0.130864521138919,1,-0.0601006948073734,-0.0990944234821357,-0.130864869426576,-0.0974216008560483,0.141520518688076,0.00436464825584695,-0.0765969711085679,0.136299765293511,0.00207778714738721,-0.121069443138729,-0.0476522426064322,0.1256613210333,0.0104660748623854,0.0320033362902142,-0.0933041818934746,0.00165982538317922,-0.00407427414092015,-0.0923383872248716,-0.0599995428337676,-0.132028671190277,-0.110169086069436,0.0613275733805679,0.123870903257396,-0.038819247418848,0.0836836912982266,-0.091535064661949,0.142382309068945,0.0984200864846704,-0.026299868843126,0.0824270182624616,-0.11110597666702,-0.116972782905443,-0.0524771872566986,-0.0394403669605337,0.0757737198292238,-0.157836819881184,-0.0651056172205847,-0.0649636675545387,0.0667406320179068,0.136866917856547,0.118771004572638,-0.0350456001368351,0.0450170528732377,-0.315200878419919,-0.0622418870501789,0.0760155964928417,-0.0276075996911459,-0.0896205857464312,0.0523385667281051,-0.0836419174860977,-0.0840329084383463,-0.15982270825049,0.19625727640314,0.014392196571161,0.0924063629983726
"4",-0.0645235876010225,0.00946596950581288,-0.0601006948073734,1,0.167961519220892,0.0334189578542751,-0.0960484381837382,-0.081630793248,-0.0957765363709318,0.0477036718955201,0.110300803043717,0.0305039384440024,-0.02959693736372,-0.122239032464003,0.042929994208873,0.0661714964067229,-0.0696155025652542,0.0177438757052339,-0.0227315538972259,0.101416137945799,0.146992128101332,-0.0303786223256215,0.109523436823635,0.0228102606173458,0.222643571416056,0.0449869894131646,-0.0622489368723708,0.135311533443688,-0.0349418081368623,-0.0262844442640326,-0.0457826743255821,0.152177321966231,-0.0148499339273123,0.163173827490239,-0.0375888262233525,0.0106104947364053,0.0445458960944055,-0.128432653528303,0.0313659047944944,0.153491794589748,0.00266043568659945,-0.0726099129870889,-0.114523087137224,0.0647529892063676,-0.124143119021155,-0.0181147797680226,-0.0388518290311828,-0.0410522221461358,-0.0469033054038458,-0.0997563815983873,0.0065416689780507,-0.0817286025768245,-0.0764375982504341,0.119753748103271,-0.168923739045402,-0.0910986073685518,0.00577683616653412,-0.0760751949439744
"5",0.00807493748838867,-0.0285872783137936,-0.0990944234821357,0.167961519220892,1,-0.105374513811361,0.0794915834948273,-0.118084103001857,0.0768853549408038,-0.125375759984574,0.0539735894840389,-0.0318107404008124,0.167456113037939,-0.188433663487323,0.122140749804988,-0.0765634469705087,0.146129478702639,0.234498550061421,0.0724990702329255,0.00913458377027933,0.125738713300588,-0.00651503078185029,0.10728648800753,0.0707569403165953,0.326126837355455,-0.118217970938867,-0.0595495162581813,-0.0288813786795584,-0.0162039342354827,-0.13565354017943,0.189370447671008,0.0231257596345131,-0.102424997260076,0.0299457140652551,0.0316532458255474,-0.157370146113832,0.0766831192786175,-0.0568226754074675,0.100997521874487,-0.0773983570165889,0.0118876242055378,0.0927578392781886,-0.05721566104155,-0.110384389233836,-0.0764774151801571,-0.111391971748056,0.138041021684294,0.178168542493025,0.174504762965824,-0.0451878503807433,0.0769892502813087,-0.00990721975848507,0.0666330955328768,0.0162392519224055,-0.087942656250299,-0.19314632929889,0.0929039780368608,0.0792988962055478
"6",-0.0899465707541721,0.119897431624438,-0.130864869426576,0.0334189578542751,-0.105374513811361,1,0.00573955780668695,-0.00330351772632823,-0.136031038150487,0.0522945211171118,-0.00180811732230765,0.207544435250597,-0.0719464324676095,0.120776407484627,-0.192346095004354,0.0231971027708823,0.0505804180423405,0.0945836565222314,0.0204974459073394,-0.0757375408319912,0.00839471646409206,-0.00296207143183543,0.0601410842090874,-0.0213752653344549,-0.0486831983102887,-0.292959516457366,0.0842810069878445,0.00675885589459964,-0.0498352835407419,-0.0170980583049203,0.253485337029684,0.17472766751124,-0.0632581984823432,-0.0368965249926204,-0.0273136334464974,-0.00380170733126579,-0.0524135928595011,-0.155145469901211,-0.0208217760792602,0.218502134305693,0.0483260352929088,-0.0947289153781557,-0.126785716172744,-0.00112176818480079,0.00050627811111936,0.0723491911801258,0.101136040868307,0.0839656879792752,-0.075104249518355,-0.052955575471515,-0.0705859489787157,0.0196861477065684,0.0639129188623594,0.0497574476849447,0.041929663563322,0.096304335364353,-0.0680892269377508,0.192965674890647
"7",0.0362396385167524,0.0369914450546411,-0.0974216008560483,-0.0960484381837382,0.0794915834948274,0.00573955780668695,1,0.0147526127505027,0.174049008671629,-0.200950966783514,0.00145843233710748,0.148398713396554,-0.0313950392178086,-0.020270634456593,-0.0724584210832332,0.0481417021423567,0.102133484654789,-0.142032186925174,-0.0414757481127277,0.185416683827788,-0.0166061033895258,0.0275092621718142,-0.00625365639919582,-0.115259220617947,0.163929920661104,-0.0273406363256497,-0.0525641625508027,-0.0500010657959897,0.0382986006773255,0.127521865411979,0.00495180925998143,0.142856607255215,-0.00291141705219886,0.231041935088421,0.216959647488185,-0.0545718518069991,0.115299101247699,-0.030088527858485,0.179674256412631,-0.115012922051021,0.184861674893441,0.259985364996879,0.0592433284692302,-0.209875516191056,0.199081268964387,-0.0524559879119916,0.182432178694771,0.113211199867923,0.125493048208789,-0.0684595722899204,0.0381017477735715,0.169470484121716,-0.0600095315338446,-0.0374468763172262,0.21560672468903,-0.00176807896955525,0.0516173522731614,0.113039637538272
"8",0.12227154573967,-0.148870225682647,0.141520518688076,-0.081630793248,-0.118084103001857,-0.00330351772632823,0.0147526127505027,1,-0.0826918676500095,0.0423343212112066,-0.0802381804533389,-0.0821227127801524,0.0962673777429893,-0.103953287377507,0.125041614654109,-0.124391425711751,0.208027190318714,-0.133435384020604,-0.0461529464161822,0.0845227432544776,-0.0288501691651148,-0.128210752922809,-0.0721881963805859,-0.126006692348767,-0.114396345427555,0.142324620207299,-0.101100765326486,-0.0233530595007416,-0.20248732828515,0.0933953084453506,-0.145190420542632,0.0878424387784198,-0.10959954136377,0.0656988706668971,-0.0745985000583928,0.112167450751098,-0.143430586847478,0.0298627028413812,0.0776264710112939,-0.0401135908908899,0.00891391102971245,0.0309648299722153,-0.224528939790175,0.0854796282559915,0.00213811677589581,0.117859908156719,-0.0831549905874405,-0.00918499949330115,-0.103545413156783,-0.118322283858652,-0.0945185211682488,-0.0736607172245791,0.0506049775903051,-0.0657811277358704,0.02359413435978,0.241003456390358,-0.0646126151106638,0.0816286768141836
"9",0.445821405927016,0.153286612585981,0.00436464825584695,-0.0957765363709318,0.0768853549408038,-0.136031038150487,0.174049008671629,-0.0826918676500095,1,0.153228638504084,0.15630565931545,0.0461451187920851,-0.197474033607604,-0.056558266750784,0.143002405583616,0.082966288341639,0.0756795828414621,-0.305553525741237,-0.23707909650439,-0.00050551104522171,0.102289666300986,0.113227918534376,-0.116362015349993,0.214192067090559,0.0720505615490619,0.131446354037472,-0.107709504276175,-0.0183493010291603,-0.020922961376791,0.0975332138344561,-0.00721272222566586,0.0764181039074338,0.0908620376823075,0.0531436318133671,0.12053501853922,0.0998832835522082,0.0380848123898376,0.117293237786158,0.117149917254698,-0.173049895008192,-0.0937815594226776,0.0368909624834496,0.208802684290437,-0.13015314481831,0.0687276999583238,0.0596423925952328,0.0312327234241589,0.0623082706558824,-0.108302619554045,-0.161643862920454,0.0827719536502532,-0.0497857406275707,-0.0526248109699034,-0.113372050865972,0.00775093547688732,0.0191368822117097,-0.070879969458383,-0.0356445838271761
"10",0.100119743366666,0.15315007626503,-0.0765969711085679,0.0477036718955201,-0.125375759984574,0.0522945211171118,-0.200950966783514,0.0423343212112066,0.153228638504084,1,-0.0162448666488748,0.0746706977356703,-0.0906690469498242,-0.0222231985387807,-0.19704225244864,0.216419689097701,-0.00073135531774964,-0.0416662455081587,0.0639012711197061,-0.0694986558211554,-0.2855453109324,0.126355275162234,0.0208110369544581,-0.162717370130856,-0.0749617046319824,0.174777540977392,0.0742365176136201,0.00141075530892039,0.042852908971205,-0.0166951551143456,0.0611586246667497,0.130514147059263,-0.0935522779268494,-0.0856777306332011,-0.111872064977819,0.0415172307976579,-0.0782472759402252,0.125890821556778,-0.0538639924709594,-0.0837991746597122,-0.439137820921778,-0.33152015670456,-0.195808611176028,0.228496614978029,-0.0192450380054707,0.0406891829787593,-0.221399292638144,-0.173993998212298,-0.161500212449433,-0.182381265473092,-0.171058683914877,-0.144179203913081,-0.0952576234716139,-0.145625485911707,0.0932104792064324,-0.0435385331060689,0.00809112564015431,-0.119142892485298
"11",0.145078883270308,0.0593979164258014,0.136299765293511,0.110300803043717,0.0539735894840389,-0.00180811732230765,0.00145843233710748,-0.0802381804533389,0.15630565931545,-0.0162448666488748,1,0.0525663067452825,-0.16792699337415,-0.08577547668691,0.164100952220735,0.21111903758376,0.0257673284168461,-0.0570271496670836,-0.146215406639333,0.0905916510420986,-0.0586857306294967,-0.184325328567715,0.102300707622203,-0.0103775145741906,0.038401631019673,0.186179023777683,0.00526007470134695,0.0973293283361025,0.092091983104795,0.0274008673875496,-0.0429932506689814,-0.0355603485377414,-0.101476436696754,-0.103929852272532,-0.0355107682695022,0.115297113654005,0.0652037365508161,0.062435599368048,-0.071459064986989,0.180565412834236,-0.146921767787793,0.0379042246923334,0.0387505368395935,-0.0776714939344753,0.120069432410429,-0.0526374417340793,-0.0719214112995483,0.0470472575646243,-0.103469764148467,0.146632397797863,0.183934797553963,0.1518919819247,-0.153036415482011,0.156408152543264,0.0543652204574219,0.112173325881631,0.0161109538779847,0.00139101054010774
"12",0.050444899846845,0.402664722316929,0.00207778714738721,0.0305039384440024,-0.0318107404008124,0.207544435250597,0.148398713396554,-0.0821227127801524,0.0461451187920851,0.0746706977356703,0.0525663067452825,1,-0.143793295659544,0.151732198448042,-0.0165871947240847,0.0756801296071883,0.0430167252123521,-0.187671392376519,0.101176723408543,0.139540526445371,-0.0465324194796628,0.0693890021710584,-0.035002519873182,-0.0319883781161115,0.236487427156196,-0.0972105281378877,-0.015395421760761,0.135329136471642,-0.0131959368557447,0.0697566848110288,0.0654188495501311,0.0928510477746372,0.173882239841983,0.256096827762394,-0.0629729193980254,0.069302640645372,0.0516156256272954,-0.14488677489701,0.2186851196957,0.234537867817425,-0.0498868217336565,0.0956386371401046,-0.161618153619824,0.0345186768857517,-0.0359169289492724,-0.0676956131975766,0.184669218730333,0.0494857853315462,-0.142671662406741,0.0776965123659144,0.171725495503261,0.325412950349364,-0.0607271288638483,0.186874035964655,0.00205745736776073,0.152840947117264,0.0008479309524316,-0.0659438038287195
"13",-0.0243694457549818,-0.0100558558848792,-0.121069443138729,-0.02959693736372,0.167456113037939,-0.0719464324676095,-0.0313950392178086,0.0962673777429893,-0.197474033607604,-0.0906690469498242,-0.16792699337415,-0.143793295659544,1,0.123483162293504,0.0277572904945087,-0.109160230479848,0.215280930828629,0.184100766103538,0.183087109597989,0.113595809180892,0.0509791426177354,0.0810262722209868,0.072253207772553,-0.016176772086761,-0.0523948700027954,-0.110264971174687,-0.00086625866560023,0.0636021382843074,0.0840683707842629,0.00502526805332394,-0.0505497896610289,-0.122513769548466,0.0417773405783223,-0.0269355728943804,-0.118536969105193,-0.0888117693176984,-0.00486502313815398,-0.161829784495922,0.0305258977572153,0.0816554570636297,0.121765019535212,0.0183839993805407,-0.00593878529167216,0.0192148455284614,-0.153814961193189,-0.221297478581846,0.0911409479724727,-0.104252781846118,0.541834010434887,0.192710799304291,0.0681244175500321,0.109876528512587,0.17443125712788,-0.00276901364061308,-0.0542479613200576,0.0596484407758228,-0.179180331534378,-0.0991678542637196
"14",-0.107945735843554,0.112046376486404,-0.0476522426064322,-0.122239032464003,-0.188433663487323,0.120776407484627,-0.020270634456593,-0.103953287377507,-0.056558266750784,-0.0222231985387807,-0.0857754766869099,0.151732198448042,0.123483162293504,1,-0.208351023040185,-0.0305004797377296,0.00098479070389484,0.00016497405730265,-0.0641148232008431,0.190150827122695,0.0974461724227407,-0.0701580523017076,-0.0380798313616675,0.0308517493556204,-0.103405669220052,-0.18675471781818,0.226741524684033,0.183524297759049,-0.00850572567310752,-0.018515870923335,-0.0274908287946926,0.0777072773691863,0.10536280854024,0.1215397318873,0.0966309907302679,0.0775714352005069,0.100087158631503,0.1348656943703,0.0921387029030993,0.0428191826916729,0.184011879728195,-0.112025534510593,0.00195834476602056,0.157340970106125,0.0340475124223458,-0.197590117107565,0.220766252888289,-0.0335718815488152,0.171059531190324,0.605281627079171,-0.0283071521398298,-0.0441801527040671,0.102076654839658,-0.00704863394381524,0.0192339531511097,-0.0578893532370022,0.0197486438672339,-0.00885546319661568
"15",0.130430490506741,-0.0654057670820603,0.1256613210333,0.042929994208873,0.122140749804988,-0.192346095004354,-0.0724584210832332,0.125041614654109,0.143002405583616,-0.19704225244864,0.164100952220734,-0.0165871947240847,0.0277572904945087,-0.208351023040185,1,0.0895435204946591,-0.0937833132605842,0.0357741712209643,0.0490255351497876,0.043288417466053,0.199400387363432,-0.031800114327579,-0.0007082419117543,0.0910581385773447,0.116382847190679,0.208762916362764,-0.0640207822917087,0.0293206636678136,-0.0195131484960543,0.154210531648543,-0.138870939864582,0.0502442546664372,0.139311401316048,-0.147477844363898,-0.0904547339003568,0.0813770983914098,0.0152760444178364,0.00618460383495771,0.0938713178668258,0.0947565591238334,-0.0314778769510622,0.041132770724546,0.0946283984051446,-0.197219223965295,-0.132182592951744,-0.15283601210487,-0.134849489827672,-0.148998887018734,-0.0669716127256833,0.0465579673772785,0.248993210625453,0.122283608467021,0.117733131298547,0.172895517417442,-0.0529149316452592,-0.0294215132001174,-0.0955835495974043,0.076501008056119
"16",0.0739213877322097,0.0939759606723207,0.0104660748623854,0.0661714964067229,-0.0765634469705087,0.0231971027708823,0.0481417021423567,-0.124391425711751,0.082966288341639,0.216419689097701,0.21111903758376,0.0756801296071883,-0.109160230479848,-0.0305004797377296,0.0895435204946591,1,-0.11609988058812,0.0303756601222086,0.0281532716424262,-0.141948636477581,-0.0634894094687695,0.0279621113242395,0.12383386030464,0.0343344110954357,-0.0393294390653029,0.0188459555127754,-0.00580497543081451,0.0310014341238066,0.0147547561744051,-0.0721326672162526,-0.121006880752929,-0.166512533931556,-0.0736581116322719,-0.0670634765462071,-0.207133103491591,-0.00673300276988599,0.165758212918919,-0.00015242667772145,0.231888372051366,0.131412861472852,-0.0939422192180037,0.12719597444609,-0.094110067574172,-0.0479878310240699,-0.0435382448376034,-0.0837514800693467,-0.0948305047322353,-0.0105687650368698,-0.0888985563795323,0.112026511548367,0.0482664469344438,0.236275294029558,-0.0956428326391695,-0.0774760221582701,-0.0763489748536218,-0.0691756110294206,-0.0607839318540838,-0.0672253408570767
"17",-0.111901314773753,0.00878681314294966,0.0320033362902142,-0.0696155025652542,0.146129478702639,0.0505804180423405,0.102133484654789,0.208027190318714,0.0756795828414621,-0.00073135531774964,0.0257673284168461,0.0430167252123521,0.215280930828629,0.00098479070389484,-0.0937833132605842,-0.11609988058812,1,0.0116625697398836,-0.00035568634748918,-0.0587989439200234,-0.0741525304400557,0.0762989173943971,0.0352632836414592,0.0167230355058477,0.0445690023728528,-0.0430143977770207,-0.0238575705512531,0.24120074276463,-0.16960609965257,0.109629939318461,0.145704423627308,0.0455839360735662,0.0129412848461194,0.124747071213861,0.0332258783069479,-0.0967961816368129,-0.125858131216755,0.00521077243725686,0.296941681477696,0.0103362846831282,0.153138683994394,0.052044144728019,-0.19815441466741,0.105280813345621,8.09041321646598e-05,0.0910127971914572,0.0986180827737619,0.0809814617954648,0.216730007329736,-0.156419188923767,0.0466485135069538,0.0414037111530361,0.0315233702237038,0.0754118915199306,0.159972702775018,0.0726162371849928,-0.103805511122973,-0.0304610926607925
"18",-0.153809552557715,-0.0663700372670723,-0.0933041818934746,0.0177438757052339,0.234498550061421,0.0945836565222314,-0.142032186925174,-0.133435384020604,-0.305553525741237,-0.0416662455081587,-0.0570271496670836,-0.187671392376519,0.184100766103538,0.00016497405730265,0.0357741712209643,0.0303756601222086,0.0116625697398836,1,0.0756014424454309,0.0120978719712156,0.101679738564531,0.0308104743717009,0.0761841198540875,-0.0805666295179323,0.0104410154709606,-0.136716326288158,0.237479282764495,-0.136030707616237,0.0970400477843184,-0.144854094603273,0.167567789758201,0.218415098877859,-0.0189662615966367,-0.252557750335348,0.126192584115652,-0.18038732137186,0.0723243950432517,-0.163113097553053,0.00575148419885105,0.0862589955410127,0.0541764606336711,0.0716158271163371,0.0771292470584763,0.0152733476568139,0.0721035904579652,-0.030095582334618,0.112021832251462,0.079602801446742,0.154628234917957,0.267542171411685,-0.0433560672685607,-0.141786844262022,0.0852276863751283,0.0853563445627645,-0.0251961418388203,-0.0505695465688652,0.0037739551932271,-0.00886285717705949
"19",0.0916948739149842,-0.107585903766318,0.00165982538317922,-0.0227315538972259,0.0724990702329255,0.0204974459073394,-0.0414757481127277,-0.0461529464161822,-0.23707909650439,0.0639012711197061,-0.146215406639333,0.101176723408543,0.183087109597989,-0.0641148232008431,0.0490255351497876,0.0281532716424262,-0.00035568634748918,0.0756014424454309,1,0.00565009995547287,-0.0232838075123401,0.0691869682895003,-0.00839775726179382,-0.103884771990545,0.0948764054582817,-0.00641490861609429,0.0783826826460535,0.0457138234386713,0.0588563608376452,0.0219898014745666,0.213906816530545,-0.0888310498448705,0.185501294732117,0.0103606702301793,-0.0382283673097842,-0.126420969420063,0.123514403996956,-0.213269898991137,-0.0275553712115251,-0.0384121270060123,-0.0767197968520707,-0.233557560889117,-0.207096862739598,-0.0943896099359069,0.00900021340712703,-0.1194682163478,0.00280626864906663,-0.0334831353362611,0.0982757431355791,-0.0148269315041861,-0.0320415197996464,0.0455452218420179,0.0877871538686347,0.0322845801169498,-0.0382078212081506,-0.116755606933879,-0.0110508761273959,-0.100702389544365
"20",-0.0130707244140593,0.0726320280496059,-0.00407427414092015,0.101416137945799,0.00913458377027933,-0.0757375408319912,0.185416683827788,0.0845227432544776,-0.00050551104522171,-0.0694986558211554,0.0905916510420986,0.139540526445371,0.113595809180892,0.190150827122695,0.043288417466053,-0.141948636477581,-0.0587989439200234,0.0120978719712156,0.00565009995547287,1,0.13625882764646,0.0228448123282005,-0.111945352420164,-0.116493825578539,0.0273020380852894,-0.106198704510907,0.0171415910254729,0.0342244245642973,-0.0242444480415789,0.239955921063639,-0.093449758801166,0.271529971961474,0.0150929046644267,0.104438041502654,0.137966051668362,0.054154826902992,0.107428863754206,-0.0405640397647514,0.152181280816566,0.0324111463888624,-0.0243296337304667,0.0356979978123095,0.0201699172326187,0.0620796589546281,0.0062243071058164,-0.107973128886295,0.0488327587943982,-0.0930695042133162,0.109187995607504,0.185317220565705,0.141360143553302,0.00659316230350291,0.0212022521463648,0.023411559326254,-0.0552191405640093,0.0722335635311598,0.0560279440289126,-0.248390539532252
"21",0.177465160737184,0.0458756636977662,-0.0923383872248716,0.146992128101332,0.125738713300588,0.00839471646409206,-0.0166061033895258,-0.0288501691651148,0.102289666300986,-0.2855453109324,-0.0586857306294967,-0.0465324194796628,0.0509791426177354,0.0974461724227407,0.199400387363432,-0.0634894094687696,-0.0741525304400557,0.101679738564531,-0.0232838075123401,0.13625882764646,1,-0.0577004763356818,-0.0484611467651963,-0.0319870097956367,0.054130088821545,-0.116653424851677,0.0199668292661631,0.0532204740440618,0.137469827294533,-0.00247063436419914,-0.205651918191104,0.119292715045759,0.162559996749539,0.0922179126446569,0.104879929086412,-0.10978073986523,-0.0197630681307201,-0.0729569667191842,0.114406603779919,0.17793316652179,0.147408780007605,0.0885934527740373,0.148078589045045,0.0552292626813761,-0.0733756803006284,-0.262617777931203,0.276095341900705,0.16649443966221,0.105895777770342,0.174201299654101,0.251400277605007,0.210501490340805,0.0476738153737237,0.106140365785515,-0.222390032066987,0.142843522826069,0.0240742484574913,0.0195727582762087
"22",0.126701182887442,0.114935501374099,-0.0599995428337676,-0.0303786223256215,-0.00651503078185029,-0.00296207143183543,0.0275092621718142,-0.128210752922809,0.113227918534376,0.126355275162234,-0.184325328567715,0.0693890021710584,0.0810262722209868,-0.0701580523017076,-0.031800114327579,0.0279621113242395,0.0762989173943971,0.0308104743717009,0.0691869682895003,0.0228448123282005,-0.0577004763356818,1,0.086254143718248,0.0007611088528294,0.0122980553264174,0.041281034314576,0.039518952450471,0.111213220441598,-0.108887089193601,-0.0332981066021796,0.195634186658528,-0.0540380919264541,0.149933767443471,-0.127760535241518,-0.0108501578960743,-0.0253892143995533,0.0423996684651279,0.00507162618348682,0.109347391025082,-0.115058106819287,-0.0193487437272303,0.0277315364874339,-0.0665722200707463,-0.00178595133080624,-0.0470438347924589,0.0949616576184704,-0.10578857252245,-0.102714328757589,-0.0180026651297939,-0.0499310818639781,-0.0871698485937078,0.0215311628404461,0.0462735345371428,0.0864766430366868,-0.022981729449863,0.00106554463125918,-0.105930515098639,-0.142387031713072
"23",-0.0959775250539542,0.16723364773539,-0.132028671190277,0.109523436823635,0.10728648800753,0.0601410842090874,-0.00625365639919583,-0.0721881963805859,-0.116362015349993,0.0208110369544581,0.102300707622203,-0.035002519873182,0.072253207772553,-0.0380798313616675,-0.0007082419117543,0.12383386030464,0.0352632836414592,0.0761841198540875,-0.00839775726179382,-0.111945352420164,-0.0484611467651963,0.086254143718248,1,0.200291125734495,-0.0617987288386815,-0.15754280103538,-0.141179465335051,-0.0506088843875936,0.0446996252811918,-0.0491994687961881,0.0297346989458271,-0.0949105676989635,-0.0212399241107517,-0.0324382152036424,-0.0749283216015479,0.0870942909974618,-0.215248027121878,-0.169505454290967,0.140687895218371,0.195661986808484,0.0871233556270986,0.115240579069902,-0.0746195406382642,-0.0452898956532842,-0.0595632743374563,0.0256771913367223,0.123656464755005,0.0683324415482346,-0.110779486628849,0.0116502873450352,-0.0058665830840986,0.0724946880752325,0.209895163219051,0.0376245361226214,-0.00840765041512172,-0.0127283343088034,-0.0953768055047918,0.0821766205918489
"24",0.0186011362324885,0.031340841404383,-0.110169086069436,0.0228102606173458,0.0707569403165952,-0.0213752653344549,-0.115259220617947,-0.126006692348767,0.214192067090559,-0.162717370130856,-0.0103775145741906,-0.0319883781161115,-0.016176772086761,0.0308517493556204,0.0910581385773447,0.0343344110954357,0.0167230355058477,-0.0805666295179323,-0.103884771990545,-0.116493825578539,-0.0319870097956367,0.0007611088528294,0.200291125734495,1,0.0978467948416267,-0.174052348251196,-0.0626596484946115,-0.0184285408646852,-0.123057973302593,-0.131454915348257,0.098341406576787,-0.069977058985737,0.122915825187988,0.0199718922083207,-0.0556145357849492,0.0867199358308477,-0.00595810399973957,0.029908753155123,0.284615558064738,0.177243194730382,0.176428104640821,0.182359724040717,-0.0436063424229834,-0.247614281467485,-0.0417666188649208,0.0374696640827936,-0.00445172860445724,0.0716979330549462,-0.0764551351679783,-0.00730716805774614,0.0778082555610934,-0.122463863999716,0.0690133575447028,0.20051715210236,-0.0370700377681544,-0.0898747430438314,-0.0389512162294584,0.0396424815369047
"25",0.0532005783886607,0.0394881336549066,0.0613275733805679,0.222643571416056,0.326126837355455,-0.0486831983102887,0.163929920661104,-0.114396345427555,0.0720505615490618,-0.0749617046319824,0.038401631019673,0.236487427156196,-0.0523948700027954,-0.103405669220052,0.116382847190679,-0.0393294390653029,0.0445690023728528,0.0104410154709606,0.0948764054582817,0.0273020380852894,0.054130088821545,0.0122980553264174,-0.0617987288386815,0.0978467948416267,1,0.0391511701144443,-0.00292727064544901,0.112700336039275,0.080235215102394,-0.0108416456995151,0.112845377865338,0.127091918235651,0.0734072703126298,0.103652971135052,0.0283491011666883,-0.0836092518913174,0.145664602870903,-0.0524356189744073,0.209386044304056,0.158567103038012,0.0322236890970188,0.00539154427361747,-0.117388131715385,-0.30384214163851,-0.0150296747378297,-0.0692015440210521,0.0509511466829241,0.0707710084717542,-0.0544106407816788,-0.122017304238495,0.0670602667132061,0.093758248749833,-0.0786379783470752,0.0877090246704857,0.0168098924957249,-0.0942274706036609,0.143224882496952,0.0588504007466329
"26",0.021300812725962,-0.17063448149698,0.123870903257396,0.0449869894131646,-0.118217970938867,-0.292959516457366,-0.0273406363256497,0.142324620207299,0.131446354037472,0.174777540977392,0.186179023777683,-0.0972105281378877,-0.110264971174687,-0.18675471781818,0.208762916362764,0.0188459555127754,-0.0430143977770207,-0.136716326288158,-0.00641490861609429,-0.106198704510907,-0.116653424851677,0.041281034314576,-0.15754280103538,-0.174052348251196,0.0391511701144443,1,-0.166215086303561,-0.0295475299665961,-0.0285348833493357,0.0878239623146487,-0.0933505655144912,-0.0809442172614685,0.00784325502389107,-0.050027531468067,-0.232203902241112,0.0636622444928572,-0.0259378057530698,0.152236208007033,-0.0448761162161325,-0.105523098680551,-0.230976394018764,-0.0674776404725314,-0.0447207390902854,0.0369943015327672,0.0463022133431713,-0.00925754796090912,-0.181473924631656,-0.108174962939875,-0.257415900984262,-0.0723219673093005,0.116927168427039,0.0637979584763176,-0.0962576215889424,-0.121068693392432,0.0626463585289454,0.129246421492905,-0.0595615679027056,-0.101818969735129
"27",0.0612149149750904,0.112424590045374,-0.038819247418848,-0.0622489368723708,-0.0595495162581813,0.0842810069878445,-0.0525641625508027,-0.101100765326486,-0.107709504276175,0.0742365176136201,0.00526007470134695,-0.015395421760761,-0.00086625866560023,0.226741524684033,-0.0640207822917087,-0.00580497543081451,-0.0238575705512531,0.237479282764495,0.0783826826460535,0.0171415910254729,0.0199668292661631,0.039518952450471,-0.141179465335051,-0.0626596484946115,-0.00292727064544901,-0.166215086303561,1,0.0174386244092108,0.0821457890679448,-0.359280975864712,-0.0106621485333902,-0.0740132578211494,-0.041659474575141,-0.0742655429482724,0.22482650624776,0.012195912019683,0.176475235612546,0.139327631516429,-0.0263763927272948,0.0644665675665916,0.215699187104085,-0.133962531772639,0.126473058181169,0.0180763327219252,0.0773164650924384,-0.0921830194009068,0.128705926151942,0.112245337499724,0.174208123383977,0.209902531810019,-0.211850116768138,-0.0779621813754773,-0.0469543904572153,0.109593293036541,0.0271900606283511,-0.141360009526644,-0.025727980457803,-0.0774482621086931
"28",-0.0595234177537557,0.1848566610608,0.0836836912982266,0.135311533443688,-0.0288813786795584,0.00675885589459964,-0.0500010657959897,-0.0233530595007416,-0.0183493010291603,0.00141075530892039,0.0973293283361025,0.135329136471642,0.0636021382843074,0.183524297759049,0.0293206636678136,0.0310014341238066,0.24120074276463,-0.136030707616237,0.0457138234386713,0.0342244245642973,0.0532204740440618,0.111213220441598,-0.0506088843875936,-0.0184285408646852,0.112700336039275,-0.0295475299665961,0.0174386244092108,1,-0.0122067552738217,0.0736692993666166,-0.0101421295667606,0.0699494059455204,0.0921060992368314,-0.0468666150861282,-0.148941645643793,-0.0668335931492869,0.19505650255218,0.00292578938330591,0.00917535595892465,0.132115963519714,0.109008858181385,-0.0148367996896942,-0.0094962719566253,0.218299276819487,0.0129179339299663,-0.0451484236016167,-0.140499827450071,-0.264334290145853,0.147094664448387,0.138972439142594,-0.083409360509285,-0.0662342066854512,-0.147387431008075,-0.0370257264905304,-0.222432372166234,0.0483064377089786,-0.0665709270475026,-0.0133307516050072
"29",0.019031937302137,-0.0402718226444127,-0.091535064661949,-0.0349418081368623,-0.0162039342354827,-0.0498352835407419,0.0382986006773255,-0.20248732828515,-0.020922961376791,0.042852908971205,0.092091983104795,-0.0131959368557447,0.0840683707842629,-0.00850572567310752,-0.0195131484960543,0.0147547561744051,-0.16960609965257,0.0970400477843184,0.0588563608376452,-0.0242444480415789,0.137469827294533,-0.108887089193601,0.0446996252811918,-0.123057973302593,0.080235215102394,-0.0285348833493357,0.0821457890679448,-0.0122067552738217,1,-0.126864785908411,-0.166857533883922,0.0493336704924459,-0.0318817093060868,-0.0604870563078801,-0.0323797901739046,-0.127698841255395,0.164155485123389,-0.145679070418305,-0.0755371351395844,0.11261340940091,0.0146629291001276,-0.0820738757374027,0.118260454929953,0.00174125041089397,0.0742947270441924,-0.203288029786657,0.0529782082391701,0.0604487669082808,0.0404272740830083,0.0280624621085501,-0.00041520333828364,-0.0282974598272788,-0.0741867755536706,0.0940374865007563,-0.00203686067721526,0.140365951031307,0.0258546501438061,0.00143254668273736
"30",-0.0153095210864212,-0.00733584771483785,0.142382309068945,-0.0262844442640326,-0.13565354017943,-0.0170980583049203,0.127521865411979,0.0933953084453506,0.0975332138344561,-0.0166951551143456,0.0274008673875496,0.0697566848110288,0.00502526805332394,-0.018515870923335,0.154210531648543,-0.0721326672162526,0.109629939318461,-0.144854094603273,0.0219898014745666,0.239955921063639,-0.00247063436419914,-0.0332981066021796,-0.0491994687961881,-0.131454915348257,-0.0108416456995151,0.0878239623146487,-0.359280975864712,0.0736692993666166,-0.126864785908411,1,0.0331356377347439,0.155731239055126,0.12320319553745,-0.0005733380721266,-0.0898681047049845,-0.00380339403017617,-0.111486138384573,0.0165470565397422,0.0624394938001068,-0.0624927680501618,-0.147378806818611,-0.00709637296033509,0.113508782520565,-0.0152705495743094,-0.0340031400782345,-0.0345910297587924,-0.0121755617219642,-0.0607804380033886,-0.0691573955293506,-0.102157317196873,0.147166504960613,0.0942487840401026,0.12069508464392,-0.0585071745399497,0.00857780059474528,0.120562100521705,-0.0752752820470519,-0.0754587094753788
"31",0.0540952647282625,0.0155616995689467,0.0984200864846704,-0.0457826743255821,0.189370447671008,0.253485337029684,0.00495180925998143,-0.145190420542632,-0.00721272222566586,0.0611586246667497,-0.0429932506689814,0.0654188495501311,-0.0505497896610289,-0.0274908287946926,-0.138870939864582,-0.121006880752929,0.145704423627308,0.167567789758201,0.213906816530545,-0.093449758801166,-0.205651918191104,0.195634186658528,0.0297346989458271,0.098341406576787,0.112845377865338,-0.0933505655144912,-0.0106621485333902,-0.0101421295667606,-0.166857533883922,0.0331356377347439,1,0.120583569880901,0.035405727704653,-0.0370451482484952,0.0819135216620038,-0.0931453317144793,-0.0419760277610189,-0.0188001666373291,0.125119808109797,-0.0057838098808835,0.0978467693959946,-0.00547960378849658,-0.104787733258364,-0.246135255750775,-0.0325233102047962,-0.0202857354799117,0.0521673925930904,0.0395366976119941,0.0281866330558376,-0.10753677417412,-0.0305403017329101,-0.0940780811329276,0.0994573893489892,0.0333916573814731,0.180355726325356,-0.0349464441720057,-0.0409075733699354,0.119915233961088
"32",-0.0703948275100121,0.235879554348679,-0.026299868843126,0.152177321966231,0.0231257596345131,0.17472766751124,0.142856607255215,0.0878424387784198,0.0764181039074338,0.130514147059263,-0.0355603485377414,0.0928510477746372,-0.122513769548466,0.0777072773691863,0.0502442546664372,-0.166512533931556,0.0455839360735661,0.218415098877859,-0.0888310498448705,0.271529971961474,0.119292715045759,-0.0540380919264541,-0.0949105676989635,-0.069977058985737,0.127091918235651,-0.0809442172614685,-0.0740132578211494,0.0699494059455205,0.0493336704924459,0.155731239055126,0.120583569880901,1,0.0412356509604154,0.0848783018415835,0.179116328276139,0.0001472557492491,0.0403223477659916,-0.01590755696284,-0.0313840046745383,0.0186366489244487,-0.0486857470553004,-0.0715292949452491,0.0185092489317094,0.0748738269833636,0.0593067416910557,0.116432065688542,-0.0380576553973631,-0.0331035709445031,0.0470954136623194,-0.0170280670580083,-0.0344061919274408,-0.016484721260563,0.0722983189462587,-0.00674548859162028,0.105765981595944,0.093436930255377,0.138212222556954,-0.0071479241252922
"33",0.167036501841593,0.157855671685292,0.0824270182624616,-0.0148499339273123,-0.102424997260076,-0.0632581984823432,-0.00291141705219886,-0.10959954136377,0.0908620376823075,-0.0935522779268494,-0.101476436696754,0.173882239841983,0.0417773405783223,0.10536280854024,0.139311401316048,-0.0736581116322719,0.0129412848461194,-0.0189662615966367,0.185501294732117,0.0150929046644267,0.162559996749539,0.149933767443471,-0.0212399241107517,0.122915825187988,0.0734072703126298,0.00784325502389107,-0.041659474575141,0.0921060992368314,-0.0318817093060868,0.12320319553745,0.035405727704653,0.0412356509604154,1,0.121550643981043,-0.216650542636122,-0.174363740512123,-0.0788135618328741,-0.196797131690983,0.238747121790869,0.0680487573676523,0.163491012704276,0.0456131002294064,-0.00891182119112668,0.0501127466467432,0.046670586438441,-0.180820282752888,0.100133456895224,-0.0838424782484061,0.0731304559744208,0.12280342220797,0.190992104508013,0.0725610326806479,-0.00847185523173331,0.110119155233916,-0.0490014981672353,0.0653898980428211,0.0892411224066737,-0.0670502251621318
"34",-0.0718456625889429,0.205135224935089,-0.11110597666702,0.163173827490239,0.0299457140652551,-0.0368965249926204,0.231041935088421,0.0656988706668971,0.0531436318133671,-0.0856777306332011,-0.103929852272532,0.256096827762394,-0.0269355728943804,0.1215397318873,-0.147477844363898,-0.0670634765462071,0.124747071213861,-0.252557750335348,0.0103606702301793,0.104438041502654,0.0922179126446569,-0.127760535241518,-0.0324382152036424,0.0199718922083207,0.103652971135052,-0.050027531468067,-0.0742655429482724,-0.0468666150861282,-0.0604870563078801,-0.0005733380721266,-0.0370451482484952,0.0848783018415835,0.121550643981043,1,0.0890070265579588,0.245546717393561,0.112042862143497,0.0256877196107029,0.29994839486511,0.21959274964175,0.280120208770288,-0.00284337247605827,-0.0225287430592229,-0.00804254315969327,0.0341239753525595,-0.0872577580899831,0.335818132141611,0.257073079957404,0.034968628862514,-0.148454421754576,-0.0165408836673489,0.125967471177022,-0.0805806790026168,0.0385059765178797,0.0185901104413577,0.0661646564559245,0.207440285874582,0.097930710812179
"35",0.0686814682251669,-0.0684318153517072,-0.116972782905443,-0.0375888262233525,0.0316532458255475,-0.0273136334464974,0.216959647488185,-0.0745985000583928,0.12053501853922,-0.111872064977819,-0.0355107682695022,-0.0629729193980254,-0.118536969105193,0.0966309907302679,-0.0904547339003568,-0.207133103491591,0.0332258783069479,0.126192584115652,-0.0382283673097842,0.137966051668362,0.104879929086412,-0.0108501578960743,-0.0749283216015479,-0.0556145357849492,0.0283491011666883,-0.232203902241112,0.22482650624776,-0.148941645643793,-0.0323797901739046,-0.0898681047049845,0.0819135216620038,0.179116328276139,-0.216650542636122,0.0890070265579588,1,0.149288466886061,0.302175417246555,-0.0559146408062189,-0.0686969656856357,-0.0853413041895758,0.141413009089482,-0.0247475709407977,0.0388660266582411,-0.160179914290455,0.245949549104661,0.179039349284751,0.240887218394254,0.237425599004895,0.0124097304071671,0.036818485216389,-0.116301157597099,-0.0723732712922304,-0.050808139338065,0.225012609800312,0.238699050950709,-0.148853350760013,0.101523192368234,0.0763359074587364
