"","l_Insular.Cortex","r_Insular.Cortex","l_Amygdal.Area","r_Amygdal.Area","l_Bed.Nucleus.of.the.Stria.Terminalis","r_Bed.Nucleus.of.the.Stria.Terminalis","l_Hippocampus","r_Hippocampus","l_Orbitofrontal.cortex","r_Orbitofrontal.cortex","l_Entorhinal.Cortex","r_Entorhinal.Cortex","l_Frontal.Association.Cortex","r_Frontal.Association.Cortex","l_Globus.Pallidus","r_Globus.Pallidus","l_Glomerular.Layer.of.the.Accessory.Olfactory.Bulb","r_Glomerular.Layer.of.the.Accessory.Olfactory.Bulb","l_Glomerular.Layer.of.the.Olfactory.Bulb","r_Glomerular.Layer.of.the.Olfactory.Bulb","l_Granule.Cell.Level.of.the.Cerebellum","r_Granule.Cell.Level.of.the.Cerebellum","l_Hypothalamic.Region","r_Hypothalamic.Region","l_Entorhinal.Cortex","r_Entorhinal.Cortex","l_Vermix.Molecular.Layer.of.the.Cerebellum","r_Vermix.Molecular.Layer.of.the.Cerebellum","l_Lateral.Molecular.Layer.of.the.Cerebellum","r_Lateral.Molecular.Layer.of.the.Cerebellum","l_Anterior.Olfactory.Bulb","r_Anterior.Olfactory.Bulb","l_Posterior.Olfactory.Bulb","r_Posterior.Olfactory.Bulb","l_Subiculum","r_Subiculum","l_Perirhinal.Area","r_Perirhinal.Area","l_PreLimbic.System","r_PreLimbic.System","l_Primary.Cingular.Cortex","r_Primary.Cingular.Cortex","l_Primary.Motor.Cortex","r_Primary.Motor.Cortex","l_Retrosplenial.Cortex","r_Retrosplenial.Cortex","l_Secondary.Cingular.Cortex","r_Secondary.Cingular.Cortex","l_Secondary.Motor.Cortex","r_Secondary.Motor.Cortex","l_Striatum","r_Striatum","l_Ventral.Tegmental.Area","r_Ventral.Tegmental.Area","l_Substantia.Nigra","r_Substantia.Nigra","l_Thalamus","r_Thalamus"
"1",1,0.0984063526739882,-0.046286418841226,0.29526354589373,0.0493348803832356,-0.0577743973645557,-0.0364686809121717,-0.043506076593278,0.61060358142033,0.118866086499756,0.171869616543432,0.278356419150311,-0.173150818741011,0.0641846725775438,0.231026872020723,-0.132163368899389,0.112104894079595,0.194375956419872,0.0496475294586903,-0.081206435894898,0.105792977748652,-0.0116965721971072,0.110558342321419,0.0322036292133441,-0.0933229702470735,0.241394167282127,0.235297046850239,0.168913020858624,0.0863637466855215,0.194983976347306,-0.0873905470562522,0.0440704097220897,0.0886440791980194,0.0566171236841778,0.157738416659336,0.0248201713799604,-0.151225318784422,-0.0418091396561473,-0.112662339454245,-0.308474512778617,-0.233511591209312,-0.314784395442787,0.300988789216233,0.0750679444986978,-0.115429862293922,-0.107981409945197,-0.198034711242301,-0.109086496558241,-0.0807417265922636,-0.0971923755578699,0.438643719186439,-0.133316543022266,0.176862956739387,-0.0819176185357282,0.0282583998498451,-0.0228339548083683,0.322616296986201,-0.0548954787788741
"2",0.0984063526739882,1,-0.0511939929220903,-0.144208496929695,0.0459197327332631,0.231847279182868,-0.110029938407581,0.263930189035328,0.177341057598642,0.562217352657979,-0.0336193831376113,0.235318012652963,0.0136667972734986,-0.112092090729152,-0.175604416305736,0.198725549902159,0.0152535369210126,-0.243113200786113,-0.0326529079382168,-0.0184894463958381,0.366753184811953,0.147675175553924,-0.179527115336489,-0.172393604479104,0.106001507772182,-0.188176295223847,-0.0556579012779105,0.251333016992798,0.100835399884425,0.199640306822641,-0.0818282600278856,0.0057566824525994,-0.004176629073429,0.330459202557816,-0.0073068516177344,0.172727934695071,0.134701937965705,-0.0114629199425205,-0.0554835650869911,0.165739353605492,-0.171049328205787,-0.162137559049395,0.0288703069033927,0.172494647984321,-0.26668010428093,-0.0530342386524217,-0.0630792458792226,-0.0799774086658465,-0.0459927913509689,-0.0450757694731748,-0.0524295554370966,0.398542898197313,0.0638882249450192,0.235443621038313,0.0746524792975775,0.0634625008592257,-0.172983987809756,0.295246290162745
"3",-0.046286418841226,-0.0511939929220903,1,-0.152643683655367,0.247483252728428,0.193192118105215,-0.0584921479314048,-0.132317761581384,-0.0522047160262422,0.144748213267595,0.252287394850745,-0.153655139651408,-0.0449508145197692,0.0780943138390793,0.0944321214400004,0.187480156046383,-0.332532751391219,-0.0190885307797933,-0.0779584116923506,0.0336765061089235,-0.0213685526023202,0.0894520318827503,0.00712429682895572,-0.136642152833583,0.228705891103233,-0.0521541926465685,-0.0455712167397359,-0.196490770571835,-0.081650880908785,0.052619166472139,-0.181791621409,0.0383906917159923,0.103252136749579,-0.0617596434059297,-0.143735965750322,-0.134049551224285,-0.00147173301203938,-0.301430994316381,-0.105185054261163,0.151283476323609,-0.0444275911320363,0.0183989853582814,0.013568568335898,-0.111224050487194,-0.172118775708482,-0.149045687862673,0.00511567339923411,-0.0712282294759077,0.0193270032158382,0.0388822045009159,-0.134973584434543,0.100975039556296,0.0338493694755225,-0.157009694968316,-0.0554712889417414,-0.0419552663741889,-0.234924239456437,-0.121294420207134
"4",0.29526354589373,-0.144208496929695,-0.152643683655367,1,0.0556540742495998,-0.137888992599009,0.159034077142699,0.0492886353950749,0.437282284467694,-0.289708178797787,-0.161985006845794,0.500507558970187,-0.0116597255466424,0.205274752057126,0.446559325023096,-0.214775063681874,0.200250228136477,0.236429093213369,-0.0963142495839671,-0.0130175133664472,0.214781665636044,-0.327438007059354,0.224131471265663,0.114294760270843,-0.0938074580392896,0.480330851345529,0.153594240010183,0.304708255541202,0.117704158693132,0.202354616007059,-0.122862279317071,0.0255410792686539,0.0358044494542097,-0.0309895134906612,0.275708880890579,-0.00511666881318568,-0.154911854447572,0.242754983764832,0.0463296658347631,-0.173598529285648,0.0658048164279584,0.00894036113611647,0.0236490776189494,-0.0606986183584809,0.131173965135985,0.0641752646362775,0.0712654124594819,-0.0648519155593043,-0.00355312993339985,-0.0115973761647749,0.468104518331568,-0.255515719978617,0.102337588686557,-0.0151760000770391,0.0615689131004538,0.104338296253638,0.448377812578961,-0.124308656337313
"5",0.0493348803832356,0.0459197327332631,0.247483252728428,0.0556540742495998,1,0.177535624804928,0.164730643473863,-0.09518927803457,0.110230250697821,0.0562456926033446,0.224590202272946,0.0478990206514275,0.118271682229654,-0.00755645531928794,0.107054064578513,-0.0458573641750512,-0.0875252334171859,-0.103299744105587,-0.0078870715370993,0.00939601153999571,-0.111907528915158,0.0239191839986527,0.174209175615042,0.0363989027309917,0.169899765428101,0.0321405976998692,0.0987408139305485,-0.0149723561187232,-0.131160569283574,0.0596622312460968,-0.116672182399708,-0.0205118404175486,0.151783975187414,0.106992451083737,0.162910309653475,-0.0796425367166389,0.169521687893227,0.117835042870898,0.0105726892198584,0.111797957069433,0.129401734927675,0.0500766572864346,0.0379160277571319,-0.0826821098746146,-0.0657136543812212,-0.171746497009489,0.130326834801759,0.030190722025457,0.153385803631494,0.0763742005134476,0.160152380509602,0.10601524980716,0.182253194231974,-0.241232999058108,0.123923959997179,0.121835550015982,0.224313142470303,-0.0728501925948205
"6",-0.0577743973645557,0.231847279182868,0.193192118105215,-0.137888992599009,0.177535624804928,1,-0.0126323657469837,0.196101593077644,-0.0865444517958533,0.103118104098704,0.0631426433502827,0.122177658102601,0.0304725912518492,0.00467022799492141,-0.0679221588627209,0.0466989296406481,0.0829416883219966,-0.00626209208029931,-0.0504075078944188,-0.0738287770664441,0.16453490124676,0.0951005327788523,0.0193359022737907,0.140869192357849,0.269420710061855,0.0228493959158844,0.0437016528207616,0.0467064251133168,-0.0876129894913252,-0.107610431412231,0.0300267933124141,0.0289669438315259,0.0687105793702725,0.226547089129192,-0.0591587377787091,0.120296362563713,0.0609348259892732,0.0524854260737755,0.216527702173308,0.182775679120033,0.172881304896926,0.125811069210508,-0.125540382726187,-0.10110770077276,-0.173028457431752,0.167514405155971,0.211862222646764,0.154188697453624,-0.00656532376352388,0.151496580962899,0.101768772478735,0.406618164293889,-0.116006885568814,-0.0708532026555595,-0.245098886439912,-0.0606424567102043,-0.0072250333827026,0.285552845727664
"7",-0.0364686809121717,-0.110029938407581,-0.0584921479314049,0.159034077142699,0.164730643473863,-0.0126323657469837,1,-0.0497701383010377,-0.0885023875325965,-0.337827937430378,-0.13925068829952,0.0964501668225116,0.0300624977491377,-0.134340666345719,0.111687594885774,-0.275880648957958,-0.0350191736362746,-0.180451607334646,-0.120641231184287,-0.0577356337865474,0.0351838105785229,-0.119523208043647,0.159397580197896,-0.0245541572659454,0.187035367768148,-0.0106104579361015,0.099512312199874,-0.201196353033207,-0.123102368118972,-0.170272166168077,-0.118782953564103,-0.19237103735816,0.0500752073961399,-0.0442639598003276,0.718613549302811,-0.163421536626708,0.478479500507382,0.0517525180791755,0.118658462445196,0.0793750644636702,0.199192281710384,-0.0123202688674855,-0.11627157445917,-0.222301675354347,0.28158633985534,-0.237323698815862,0.110949475061826,0.0541438038660257,0.00687541953200884,-0.148564577981573,0.0900970203015619,-0.0647257033079651,0.0511892188304039,-0.0336951363309061,0.152591447462904,0.00284463292645791,0.33018409730708,0.0704913857827229
"8",-0.043506076593278,0.263930189035328,-0.132317761581384,0.0492886353950749,-0.09518927803457,0.196101593077644,-0.0497701383010377,1,-0.00930006171642973,0.186774987207594,-0.103598902089843,0.0842254604190515,-0.119688441254902,-0.0638066059658865,-0.0320407450474682,0.0678344853212238,-0.00543085313838743,-0.0361209070499134,-0.050476810166566,-0.0527704865834066,0.328461176807075,0.0435721915371947,-0.194022134452654,0.0198301108043646,0.117753235605254,0.120432271651561,0.0768399011205965,0.0957528776715408,0.102648000042418,0.229989060637558,-0.0312878992328616,-0.0815172069272662,-0.13000335831136,0.0542203470558731,0.0334283309690518,0.68813208157468,0.210697232968966,0.407596565720963,0.0164106338131405,0.100973018135119,0.112860447026066,0.0570437027554519,-0.0851654698393086,0.0832716582814157,-0.256483460916526,0.495263208544233,0.160151407901265,0.08536367651575,-0.0631672597218147,-0.0756759190786703,-0.108456512243914,0.150842748021661,-0.0218857689838094,0.267272674908375,-0.0719790294874506,0.117925111875924,-0.0425894215553809,0.590810337262981
"9",0.61060358142033,0.177341057598642,-0.0522047160262422,0.437282284467694,0.110230250697821,-0.0865444517958532,-0.0885023875325965,-0.00930006171642973,1,0.0609916346194006,0.009729556040932,0.359893295668718,-0.080397675560644,0.215800380367806,0.244695244047372,-0.135648464662322,0.209309086512462,0.161993544676568,-0.0581765254074948,-0.0563877204426479,0.114069589905031,-0.0817858890835184,0.0678040857374746,0.0488562885282088,-0.113653461139509,0.356993679632549,0.199501443687093,0.262630275814562,0.152428930328897,0.304296226469497,-0.225374390517256,-0.0422392683834506,-0.111840448450881,0.0381183311493406,0.0828862111109683,0.0492858970269077,-0.193440954659321,0.118637621595504,-0.12901262615486,-0.244636542803358,-0.23819090765268,-0.270737028172471,0.338340390352964,0.14387152773151,-0.0559174010800118,-0.0582514513297238,-0.199975240907459,-0.0916872220171024,-0.0311819569246149,0.0157493542826271,0.360109412595646,-0.199825051881333,0.297710390794372,0.0681718968704773,0.0654301388888441,0.0247221013111727,0.295782673359276,-0.0318361572189122
"10",0.118866086499756,0.562217352657979,0.144748213267595,-0.289708178797787,0.0562456926033446,0.103118104098704,-0.337827937430378,0.186774987207594,0.0609916346194006,1,0.242516262215563,0.0116749852825826,0.00564475903978335,0.0002909332775705,-0.206478390569232,0.27675705667769,-0.177595594581937,-0.140543473087082,-0.0138692131071518,-0.0387303321509101,0.14102629550416,0.293875253104732,-0.177193657314985,-0.225685659148231,0.0405916803481172,-0.193267482974422,0.0954277634227668,0.169246755964174,0.0469809709566449,0.0898260820845802,-0.148120158848828,-0.0913580382078944,-0.0458683281711514,0.20581017863043,-0.254364265627709,0.178161014383487,-0.109531475632968,-0.207423245904592,-0.199317277283361,0.0570030649696137,-0.273158501894057,-0.24629480525836,0.21417186908388,0.184604753514841,-0.282025481280427,-0.0852744359075235,-0.0994663649198422,-0.0955847935878713,0.031447763104596,0.0101288305035997,-0.131697291074379,0.253978293797298,0.158791421364494,0.0905222091109321,-0.0215701645472327,0.0674981707963707,-0.302449033098856,0.0838454685834652
"11",0.171869616543432,-0.0336193831376113,0.252287394850745,-0.161985006845794,0.224590202272946,0.0631426433502827,-0.13925068829952,-0.103598902089843,0.009729556040932,0.242516262215563,1,-0.0147436830068036,0.23796866782957,0.0105428385771476,0.143827656187617,0.13919073497625,-0.118398127186931,-0.136334862664994,0.221336032138602,0.0323584831433953,-0.114161198454064,0.221545155809146,-0.0102192778517327,-0.0962601614684708,0.146687133667315,0.140998598265932,0.157492243992406,0.057749300520273,-0.0221385996922317,0.0479697944602363,-0.00549811526462058,0.0296143998092366,0.314297250253695,0.107170462277177,-0.183229353417179,-0.0241809803316376,-0.0944751868019951,-0.106504256393397,0.23628417486158,0.141064316514267,0.0207664861695727,-0.0432535120312199,0.132424002835994,-0.0555257376125865,-0.238850365370032,-0.216429476292621,-0.076186486845963,-0.07958748651653,0.262371247617727,0.126382712634713,0.194826858546431,0.130598343382376,-0.0123672835935936,-0.0421238360348854,0.0556494554200292,0.0120607962055096,-0.0255592720097116,-0.172781470938225
"12",0.278356419150311,0.235318012652963,-0.153655139651408,0.500507558970187,0.0478990206514275,0.122177658102601,0.0964501668225116,0.0842254604190515,0.359893295668718,0.0116749852825826,-0.0147436830068036,1,0.0532934380314763,0.205044452404732,0.238369971121766,-0.0943449165740718,0.170350398508683,0.0371342973820597,-0.0727619691189155,0.00062730870966766,0.185408971160464,-0.183772474212526,0.165360667900165,0.169989861902053,-0.12979192422487,0.382389383506807,0.19423525037797,0.38451876583997,0.0942419253701646,0.212224031623203,-0.158515462971928,0.0310559901444944,0.146725877719478,0.283863819651926,0.201807547677692,-0.0002647406249058,-0.117647249249577,0.205305227166246,0.173520895269437,0.0588339441739493,-0.134485637714245,-0.0775455366046116,-0.0763674811155995,0.0996798489221867,-0.0894656303002771,-0.072509094911704,-0.0405776219624619,-0.0797201786286422,0.0155544997722036,0.0378468224546571,0.390554786705038,0.00953874875096245,0.150470579955785,0.0093279115278468,-0.0997687030518822,0.068163804392938,0.250711765948911,0.0157040238124255
"13",-0.173150818741011,0.0136667972734986,-0.0449508145197692,-0.0116597255466424,0.118271682229654,0.0304725912518492,0.0300624977491377,-0.119688441254902,-0.080397675560644,0.00564475903978335,0.23796866782957,0.0532934380314763,1,0.2647144821692,-0.0505322655138429,-0.0417289439883901,-0.0273524874578285,0.05109877122508,0.0941922208729938,0.0818668754244311,-0.218596741762564,0.0136600687556406,0.0424131333601057,-0.114209260381045,0.0302599760147887,0.14080916446661,0.134963451952918,0.0507545321357856,0.0946600621686604,0.0164988186060881,-0.141330889185316,-0.0255538756794658,0.125985816576676,0.00702016522545989,-0.113015666004204,-0.111256238308803,-0.0571287867480692,0.0233940994947056,0.428541306732766,0.314472357907427,0.32745525524587,0.301539043490187,0.0119975951158236,0.00707900787114798,0.0392372273766608,-0.102995792994003,0.128454120447195,0.088932321848622,0.684622155414214,0.438840589988461,0.0284971803651556,-0.00593447727620537,0.00945698345551656,-0.164405861960396,0.129493494740719,0.0399755425753454,0.0526147074571858,-0.193846354029775
"14",0.0641846725775438,-0.112092090729152,0.0780943138390793,0.205274752057126,-0.00755645531928794,0.00467022799492141,-0.134340666345719,-0.0638066059658865,0.215800380367806,0.0002909332775705,0.0105428385771476,0.205044452404732,0.2647144821692,1,0.0984535985167964,-0.00604031912786582,0.0594354365278743,0.441114589433979,-0.193815643646598,0.134728434555167,-0.0989675716401504,-0.172781019832354,0.0378017000244699,0.149238549812904,-0.0930651812414376,0.258895786646573,0.0371154603177667,0.0529256118737634,0.161897075671332,0.185587674477831,-0.164903018209554,0.127101330415573,0.0944436245872358,0.0762184041438702,-0.0274050196472892,-0.0383169539610889,-0.0817157049662448,0.113938520802726,0.191646675958577,0.112356722906155,0.151319051068518,0.214372962973272,0.21459765530724,0.207994979810316,0.158954702415818,-0.0926820122407762,0.193892370261376,0.117472665713461,0.390291584168867,0.675161758429981,0.120268248531948,-0.0490573848983193,0.0821137697579557,-0.140043102458226,-0.00256033877522968,0.0735530346039572,0.148325887835483,-0.0733979894969896
"15",0.231026872020723,-0.175604416305736,0.0944321214400004,0.446559325023096,0.107054064578513,-0.0679221588627209,0.111687594885774,-0.0320407450474682,0.244695244047372,-0.206478390569232,0.143827656187617,0.238369971121766,-0.0505322655138429,0.0984535985167964,1,0.0693504668319163,0.00553188257522293,0.159717225111427,-0.212061353384487,0.0262734495408345,-0.124538437867952,-0.183516944020378,0.224075890462838,0.0658224334719204,0.124473407138683,0.377185725445264,0.19763167441894,0.242241740541837,0.0254440892192073,0.135259146655219,-0.126142413108464,0.23840963670471,0.244676562840517,-0.0316915574550945,0.108345302805107,-0.0196690845470645,-0.0194640601582628,0.0600247042796374,0.0638326587321605,-0.038358990197725,0.00416421110720888,0.00332931696793801,-0.109035452054705,-0.0689860463113172,-0.0662480642449651,0.0335125757951788,-0.145780664784762,-0.140755711423601,0.0302278900710443,-0.0331591260634107,0.395010988674955,-0.0580604089022961,0.0720270423589628,0.0753129512608685,-0.0180903542616302,0.0479997561412374,0.274021989940521,-0.179764802209645
"16",-0.132163368899389,0.198725549902159,0.187480156046383,-0.214775063681874,-0.0458573641750512,0.0466989296406481,-0.275880648957959,0.0678344853212238,-0.135648464662322,0.27675705667769,0.13919073497625,-0.0943449165740718,-0.0417289439883901,-0.00604031912786582,0.0693504668319163,1,-0.277276982259067,-0.0602795741722707,-0.191628444570052,-0.051495676575647,0.132843373432553,0.175551995190922,-0.120893835540353,-0.249655080314181,0.238362559750793,-0.0960568792194731,-0.0396390983615365,0.14033990359548,-0.0647956564774314,0.0408495560073169,-0.0919399139584416,0.015121792839109,0.17397261921488,-0.0354018142799227,-0.16670731027248,0.0631731195103763,0.0737849307044728,-0.163755531012741,-0.0902000533968572,0.157322871653526,-0.0856660004467804,0.0523905169857495,-0.00994613179548247,-0.0637593034947553,-0.0817804477169058,-0.101595358476472,-0.062363799964354,-0.0978084391646138,0.0303162930431289,0.0231713631453848,-0.0250049784607701,0.315190427291968,0.0461080168499373,-0.00767490769650431,-0.00865103329650236,-0.0677601525670773,-0.189409315888939,0.0277397600974497
"17",0.112104894079595,0.0152535369210126,-0.332532751391219,0.200250228136477,-0.0875252334171859,0.0829416883219966,-0.0350191736362746,-0.00543085313838743,0.209309086512462,-0.177595594581937,-0.118398127186931,0.170350398508683,-0.0273524874578285,0.0594354365278743,0.00553188257522293,-0.277276982259067,1,0.308338039945752,0.177466004318277,0.0595191212519044,0.118546001463596,-0.232796478943813,0.156020516173506,0.274978242967078,-0.207656262330551,0.196475429067089,0.0986591729408616,0.140104868638439,0.0955378160372696,-0.0945492294299425,0.281544475525538,0.205154248241623,-0.111385437499942,0.100013110532023,-0.0809913700439543,0.0472291144275181,-0.123176703130361,0.156522504583481,0.103959887401695,-0.210315053777194,-0.0943943819897846,-0.077746735042372,0.0422452524230593,0.0832960409355587,0.114987232866037,0.119797235700919,-0.0131622087953167,0.0707243590358594,0.00765725824803568,-0.0459752990204575,0.256376802556261,-0.0400397869313642,0.0145300565063212,0.119308091431884,-0.119374929862422,-0.0129246295634679,0.290978885955791,0.176143435349473
"18",0.194375956419872,-0.243113200786113,-0.0190885307797933,0.236429093213369,-0.103299744105587,-0.00626209208029931,-0.180451607334646,-0.0361209070499134,0.161993544676568,-0.140543473087082,-0.136334862664994,0.0371342973820597,0.05109877122508,0.441114589433979,0.159717225111427,-0.0602795741722707,0.308338039945752,1,-0.0418352057596459,0.085505553390475,-0.0935614440537274,-0.0460871037905488,0.216161380096551,0.263016755968121,-0.0284560994672981,0.287835253822465,0.125691703630609,0.174347125510121,0.194431534959949,0.00056340413460215,0.0532928062179736,0.292893383609035,0.0235525323746619,-0.105239757466301,-0.112747183640648,-0.0137186507261062,-0.247907239035118,-0.0462074476928779,0.0181320573053764,-0.0482427472942156,-0.00355912214980961,0.075222411103199,0.166899560729677,0.0717183522720646,0.0400510276964636,0.0963218858649968,-0.00587278147392456,-0.0310777178929911,0.0751222167692436,0.313020117692274,0.11061871675621,-0.0553149210578722,0.0590585743622897,-0.168177990361392,-0.191175086745963,0.0728321730230611,0.0451637246800692,-0.0110274432639147
"19",0.0496475294586903,-0.0326529079382168,-0.0779584116923506,-0.0963142495839671,-0.0078870715370993,-0.0504075078944188,-0.120641231184287,-0.050476810166566,-0.0581765254074948,-0.0138692131071518,0.221336032138602,-0.0727619691189155,0.0941922208729938,-0.193815643646598,-0.212061353384487,-0.191628444570052,0.177466004318277,-0.0418352057596459,1,0.223825067555355,-0.21866985467629,-0.132124069518429,-0.129452352589444,-0.013871626809663,-0.113467752526328,0.0626484494699372,-0.112145339373864,-0.1956744802768,-0.138480339936939,-0.211067980234197,0.549511136273013,0.118788145530622,0.123296520579196,0.0765949302553704,-0.297565361082646,-0.0292755760369604,-0.168976068263959,-0.12585503039999,0.0781510979145595,-0.0503220204616709,-0.0904670448787824,-0.155168392952955,-0.189388257272292,-0.0056503470902447,-0.104085663800416,0.0898206077964006,-0.0550091877791457,-0.0377477123377978,-0.102777588855806,-0.177684482226806,0.0574630606257894,0.0368072589217631,-0.128063154982704,0.0424648998104267,-0.145805631891832,0.051222433885329,-0.0394578780382887,-0.158979338886119
"20",-0.081206435894898,-0.0184894463958381,0.0336765061089235,-0.0130175133664472,0.00939601153999571,-0.0738287770664441,-0.0577356337865474,-0.0527704865834066,-0.0563877204426479,-0.0387303321509101,0.0323584831433953,0.00062730870966766,0.0818668754244311,0.134728434555167,0.0262734495408345,-0.051495676575647,0.0595191212519044,0.085505553390475,0.223825067555355,1,0.00867583197299194,-0.0011673673619663,-0.071238540858559,0.143437020086541,-0.0499726182105676,-0.0349781339807945,-0.284993794144447,-0.0893629850317072,0.0478339725464966,-0.00255983605966675,0.233303853197141,0.585383310556509,0.149762556432711,0.166295908383174,-0.14108008932624,-0.090440680353539,0.18034002328658,-0.0217770990229844,0.0242088248383594,-0.0367382433511845,0.209796190690704,0.106628572753354,0.0561544454651835,0.0418376891843723,0.232540470844106,0.0669521342187494,0.270288547824921,0.104133950612465,-0.0479752450912332,0.0612734102990866,0.0649913636111608,0.0283680093201042,-0.094711699889475,-0.127791456626165,-0.036958524089621,-0.0827133426437915,-0.017099687753786,0.00256256146556062
"21",0.105792977748652,0.366753184811953,-0.0213685526023202,0.214781665636044,-0.111907528915158,0.16453490124676,0.0351838105785229,0.328461176807075,0.114069589905031,0.14102629550416,-0.114161198454064,0.185408971160464,-0.218596741762564,-0.0989675716401504,-0.124538437867952,0.132843373432553,0.118546001463596,-0.0935614440537274,-0.21866985467629,0.00867583197299195,1,0.0895472188673018,-0.11116417555681,-0.0884942173330066,0.0431195072362951,-0.104545656924333,0.00105415444136227,0.256827722807171,0.147121350698337,0.240029505027996,-0.0773723773632334,-0.0345156377729512,-0.155850880534066,0.0493653332668932,0.175531328483108,0.17618967343056,0.116649098180414,0.196902175257205,-0.0914290355945946,-0.0631243526808079,-0.053892912389715,-0.121051156586,0.156491742378783,-0.0619001806261509,-0.0847883900894225,0.0689533024327619,0.0783088070390292,0.0292174925625447,-0.145977348803067,-0.122072883617066,0.105974801195302,0.140598509637505,0.0195214060801176,0.246941352108447,-0.00356580627874922,0.138433570783889,-0.03375374834141,0.343286682890962
"22",-0.0116965721971072,0.147675175553924,0.0894520318827503,-0.327438007059354,0.0239191839986527,0.0951005327788523,-0.119523208043647,0.0435721915371947,-0.0817858890835184,0.293875253104732,0.221545155809146,-0.183772474212526,0.0136600687556406,-0.172781019832354,-0.183516944020378,0.175551995190922,-0.232796478943813,-0.0460871037905488,-0.132124069518429,-0.0011673673619663,0.0895472188673018,1,-0.119532830756811,-0.159088237539542,0.158764583024167,-0.190831606718163,0.0934166979080361,0.10818449601695,0.140533680384681,0.109428919264176,-0.190739262138475,-0.0580514133252694,-0.046049479087229,-0.129162884062666,-0.0658092556416773,0.0126173359533025,-0.0127925123120668,-0.0658073339711979,-0.160008509679903,0.106485029844557,-0.246414204119039,-0.150891116762524,0.219260765424577,0.0221123042366026,-0.340870268744566,-0.141827836487762,-0.191306080057769,-0.156359009418622,-0.0388053328320354,-0.0436911166421439,-0.0869688811016676,0.144585164006359,0.011360624976004,0.113785845170181,0.13633381463018,-0.00508909845592032,-0.162355580378355,-0.0197449811475901
"23",0.110558342321419,-0.179527115336489,0.00712429682895572,0.224131471265663,0.174209175615042,0.0193359022737907,0.159397580197896,-0.194022134452654,0.0678040857374746,-0.177193657314985,-0.0102192778517327,0.165360667900165,0.0424131333601057,0.0378017000244699,0.224075890462838,-0.120893835540353,0.156020516173506,0.216161380096551,-0.129452352589444,-0.071238540858559,-0.11116417555681,-0.119532830756811,1,0.465078865169653,-0.0154780977097726,0.180538804136062,0.226464621188112,0.0429099639332292,0.109036940979248,-0.109794776654338,-0.137464619399634,0.011858660958276,-0.0329707670553061,-0.1365147231453,0.0727664096999417,-0.107152593161853,0.112564725149663,0.148095079871624,0.0930827821123864,-0.10223412062651,-0.093820252522816,-0.0567089015772278,0.0255761170568763,-0.0010869084224647,0.115901826987146,-0.0241576473539432,0.00292531383012651,-0.0122671157854452,0.0427797690637101,-0.00103086277637238,0.109979315650414,-0.165608199345462,0.354274251063488,-0.0135501629578763,-0.024051382413096,0.105929314108415,0.368185832022858,0.022265005167588
"24",0.0322036292133441,-0.172393604479104,-0.136642152833583,0.114294760270843,0.0363989027309917,0.140869192357849,-0.0245541572659454,0.0198301108043646,0.0488562885282088,-0.225685659148231,-0.0962601614684708,0.169989861902053,-0.114209260381045,0.149238549812904,0.0658224334719204,-0.249655080314181,0.274978242967078,0.263016755968121,-0.013871626809663,0.143437020086541,-0.0884942173330066,-0.159088237539542,0.465078865169653,1,-0.18952924195361,0.136085533509092,-0.0100168616013062,0.00898414133787568,0.147953723369821,0.00076220297675784,0.113454121825242,0.302059617381867,0.0834796496672684,0.0856986937292361,-0.0525957212049733,0.0550031459619912,0.0137506734025742,0.262257691814441,0.157014328560609,-0.0781417840727768,0.081428877361062,0.0860387984797554,0.140280356092069,0.12642974750402,0.137868091620672,0.0769423424080969,0.0647466071202717,0.093990970667217,-0.0588907692353382,0.171983304079684,0.113940391812815,-0.176025599519955,0.0728256418488202,0.0125587637847345,-0.184616349591639,0.0983130122933069,0.166065043116732,0.0900687208849551
"25",-0.0933229702470736,0.106001507772182,0.228705891103233,-0.0938074580392896,0.169899765428101,0.269420710061855,0.187035367768148,0.117753235605254,-0.113653461139509,0.0405916803481172,0.146687133667315,-0.12979192422487,0.0302599760147887,-0.0930651812414376,0.124473407138683,0.238362559750793,-0.207656262330551,-0.0284560994672981,-0.113467752526328,-0.0499726182105676,0.0431195072362951,0.158764583024167,-0.0154780977097726,-0.18952924195361,1,0.0719447000168389,-0.0863026812932529,-0.10721900469707,-0.192977366720366,-0.0806089605868268,-0.0988871349295953,0.0798000253163667,0.306172664798302,0.0228263348070809,0.19703106937575,0.048776203177911,0.161912014275183,-0.161986421249221,0.255935948567366,0.268474758840754,0.174111188119472,0.150140384956632,-0.033179876364781,-0.0916534333142376,-0.16861400634973,-0.14069878246262,0.0105669995744882,-0.0799177433518946,0.0736849051941819,0.107189417475436,0.0403654486875514,0.345223239840684,-0.0560377760460394,-0.0568876486541545,-0.11684349973425,-0.0470240998852191,-0.0767817658112853,-0.0175783588706348
"26",0.241394167282127,-0.188176295223847,-0.0521541926465685,0.480330851345529,0.0321405976998692,0.0228493959158844,-0.0106104579361015,0.120432271651561,0.35699367963255,-0.193267482974422,0.140998598265932,0.382389383506807,0.14080916446661,0.258895786646573,0.377185725445264,-0.0960568792194732,0.196475429067089,0.287835253822465,0.0626484494699372,-0.0349781339807945,-0.104545656924333,-0.190831606718163,0.180538804136062,0.136085533509092,0.0719447000168389,1,0.254772202418152,0.26443314626258,0.192656263823925,0.17571682574285,-0.0808253537849573,-0.00252828033321332,0.150469956826139,0.0616311407164283,-0.00734080677353019,0.248490018167066,-0.167807596277199,0.266065453285474,0.33362714267733,0.0236230626057507,0.032977640929398,0.143925445238486,-0.0441325202709726,0.163373783155645,-0.0958029217206535,0.0798116455480054,0.0101895070881278,-0.0525154589790172,0.18357302669999,0.192785689328499,0.313078953427192,-0.126877877219068,0.0218309375341779,-0.0942939352032975,-0.28590214833637,-0.0616889672281307,0.275462294355445,-0.099133511569403
"27",0.235297046850239,-0.0556579012779105,-0.0455712167397359,0.153594240010183,0.0987408139305485,0.0437016528207616,0.099512312199874,0.0768399011205965,0.199501443687093,0.0954277634227668,0.157492243992406,0.19423525037797,0.134963451952918,0.0371154603177667,0.19763167441894,-0.0396390983615365,0.0986591729408616,0.125691703630609,-0.112145339373864,-0.284993794144447,0.00105415444136227,0.0934166979080361,0.226464621188112,-0.0100168616013062,-0.0863026812932529,0.254772202418152,1,0.346581925581748,0.218454193631292,0.119434767173979,-0.268661228962145,-0.269847758390042,-0.0370666839139455,0.0083998769219268,0.0868006956249336,0.0880834094325086,-0.0437032148367862,0.136934596280586,-0.0543691353175614,-0.0895154134951104,-0.205515847872276,-0.151969522790741,0.0876238318216993,-0.0260287880511275,-0.262186690236556,-0.0236281092139439,-0.143617959736487,-0.167484621390658,0.175565192977852,-0.00603179561333674,0.193634869722713,0.00990509544631426,0.146402324661832,0.116752583223215,0.0836736357797045,0.0381257585519194,0.194021682489622,-0.0607463009501364
"28",0.168913020858624,0.251333016992798,-0.196490770571835,0.304708255541202,-0.0149723561187232,0.0467064251133168,-0.201196353033207,0.0957528776715408,0.262630275814562,0.169246755964174,0.057749300520273,0.38451876583997,0.0507545321357856,0.0529256118737634,0.242241740541837,0.14033990359548,0.140104868638439,0.174347125510121,-0.1956744802768,-0.0893629850317072,0.256827722807171,0.10818449601695,0.0429099639332292,0.00898414133787568,-0.10721900469707,0.26443314626258,0.346581925581748,1,0.305014876635504,0.430456925510798,-0.138854180815591,0.00901802516707446,0.0614774305236196,0.0525283397500375,-0.0878996853811555,0.0874566778443979,-0.238831025494401,0.0845057848483105,0.0634392434522036,-0.0356370962241726,-0.136841337097998,-0.01173911974736,0.16092159671162,0.0015274029238325,-0.268492239680171,0.00901062433149099,-0.0266151090852903,0.0253533162124622,0.115729932480334,-0.00304899123328607,0.265345721952778,0.0115422526762971,0.107230222307444,0.181988969592686,-0.0331033861793034,0.0288564324818796,0.0686973020777746,0.0620971698510705
"29",0.0863637466855215,0.100835399884425,-0.081650880908785,0.117704158693132,-0.131160569283574,-0.0876129894913252,-0.123102368118972,0.102648000042418,0.152428930328897,0.0469809709566449,-0.0221385996922317,0.0942419253701646,0.0946600621686604,0.161897075671332,0.0254440892192073,-0.0647956564774313,0.0955378160372696,0.194431534959949,-0.138480339936939,0.0478339725464966,0.147121350698337,0.140533680384681,0.109036940979248,0.147953723369821,-0.192977366720366,0.192656263823925,0.218454193631292,0.305014876635504,1,0.479904613222388,-0.141294382284134,0.0733083749598249,-0.181237671602912,0.0844238045595643,-0.126153988084463,0.0620855131477145,0.0248435790089691,0.155746178689911,0.0056866804152718,0.0248058624212414,-0.122522870756171,-0.103155942804496,0.286935066530779,0.0832192211576938,-0.0992914294900732,0.158432006511925,-0.146390984734826,-0.118776079101924,0.118424026314627,0.114443172346753,0.0446379974970543,-0.0931342183400251,0.164576068704261,0.226889746856034,0.0248771088878172,-0.10087218084315,-0.0258197808667763,0.00475792871702395
"30",0.194983976347306,0.199640306822641,0.052619166472139,0.202354616007059,0.0596622312460968,-0.107610431412231,-0.170272166168077,0.229989060637558,0.304296226469497,0.0898260820845802,0.0479697944602363,0.212224031623203,0.0164988186060881,0.185587674477831,0.135259146655219,0.0408495560073169,-0.0945492294299425,0.00056340413460215,-0.211067980234197,-0.00255983605966675,0.240029505027996,0.109428919264176,-0.109794776654338,0.00076220297675784,-0.0806089605868268,0.17571682574285,0.119434767173979,0.430456925510798,0.479904613222387,1,-0.151123599812606,0.00309434263848173,0.0763570590490172,0.146489090261545,-0.0933925038386142,0.177058210526507,0.012540171749004,0.226486356645365,-0.0204165457167725,0.0155964835757439,-0.0710116654228028,0.0037730471351616,0.236317131870023,0.144541552745896,-0.237367488648196,0.112646846966802,-0.0427902245956743,-0.113695946127607,0.117366702417271,0.151358717699588,0.177008237770121,-0.0471571999253541,0.120459015213644,0.155661023820576,0.108902731986356,0.0632370072158609,-0.0337287427600578,0.069708810158543
"31",-0.0873905470562522,-0.0818282600278856,-0.181791621409,-0.122862279317071,-0.116672182399708,0.0300267933124141,-0.118782953564103,-0.0312878992328616,-0.225374390517256,-0.148120158848828,-0.00549811526462058,-0.158515462971928,-0.141330889185316,-0.164903018209554,-0.126142413108464,-0.0919399139584416,0.281544475525538,0.0532928062179736,0.549511136273013,0.233303853197141,-0.0773723773632334,-0.190739262138475,-0.137464619399634,0.113454121825242,-0.0988871349295953,-0.0808253537849573,-0.268661228962145,-0.138854180815591,-0.141294382284134,-0.151123599812606,1,0.306791589824975,0.239741876006809,0.163036703595432,-0.220690807497478,-0.0498331295396761,-0.056912494820032,-0.0236104494376633,0.0256917652047511,-0.0683148888507018,0.0269444966582169,-0.0525660193337464,-0.223710150885987,0.0244447546078537,0.079455520947153,0.204541695254306,0.0266818624223331,0.192744059943982,-0.233972119980241,-0.176566245073394,-0.102615518110066,0.0590245651317,-0.27721255972637,0.0262671493643057,-0.21103027823506,-0.0115208603119681,-0.117226807686149,0.00589936767311243
"32",0.0440704097220897,0.0057566824525994,0.0383906917159923,0.0255410792686539,-0.0205118404175486,0.0289669438315259,-0.19237103735816,-0.0815172069272662,-0.0422392683834506,-0.0913580382078944,0.0296143998092366,0.0310559901444944,-0.0255538756794658,0.127101330415573,0.23840963670471,0.015121792839109,0.205154248241623,0.292893383609035,0.118788145530622,0.585383310556509,-0.0345156377729512,-0.0580514133252694,0.011858660958276,0.302059617381867,0.0798000253163667,-0.00252828033321332,-0.269847758390042,0.00901802516707446,0.0733083749598249,0.00309434263848173,0.306791589824975,1,0.288343304988525,0.216996855064346,-0.224244962995973,-0.0890447947044153,-0.0638065077964193,-0.104520243485081,0.0652263756890761,-0.0230958076674654,0.126173069558563,0.150553190820128,0.0968189248220149,0.128539634621349,0.0896831588222988,0.076750747539797,0.0598059753703143,-0.0208885711755419,-0.0464923950379056,0.101053780523372,0.152496745318253,-0.00105575646514277,-0.198711133570455,-0.160809399064386,-0.183254911331994,0.0410352983993923,-0.08338070213434,-0.0974317796687654
"33",0.0886440791980194,-0.004176629073429,0.103252136749579,0.0358044494542097,0.151783975187414,0.0687105793702725,0.0500752073961399,-0.13000335831136,-0.111840448450881,-0.0458683281711514,0.314297250253695,0.146725877719478,0.125985816576676,0.0944436245872358,0.244676562840517,0.17397261921488,-0.111385437499942,0.0235525323746619,0.123296520579196,0.149762556432711,-0.155850880534066,-0.046049479087229,-0.0329707670553061,0.0834796496672684,0.306172664798302,0.150469956826139,-0.0370666839139455,0.0614774305236196,-0.181237671602912,0.0763570590490172,0.239741876006809,0.288343304988525,1,0.339124620890764,0.113480280591087,-0.195854076503799,0.018206898067802,-0.13885683094843,0.407481333585471,0.325299740519433,0.274984666447894,0.260957907576915,-0.0822442291377753,-0.0156991022706842,-0.0769141944550812,-0.226934818777409,0.134974329493933,-0.0510440581431655,0.179637556817705,0.249393917811186,0.273626693101914,0.11697607624464,-0.224444902066147,-0.212099552006038,-0.00751091624516275,0.0794795204699978,0.13542064965924,-0.237945764626151
"34",0.0566171236841778,0.330459202557816,-0.0617596434059297,-0.0309895134906612,0.106992451083737,0.226547089129192,-0.0442639598003276,0.0542203470558731,0.0381183311493406,0.20581017863043,0.107170462277177,0.283863819651926,0.00702016522545989,0.0762184041438702,-0.0316915574550945,-0.0354018142799227,0.100013110532023,-0.105239757466301,0.0765949302553704,0.166295908383174,0.0493653332668932,-0.129162884062666,-0.136514723145301,0.0856986937292361,0.0228263348070809,0.0616311407164282,0.0083998769219268,0.0525283397500375,0.0844238045595643,0.146489090261546,0.163036703595432,0.216996855064346,0.339124620890764,1,-0.0623881265351768,0.0419750175169654,0.0804265995155308,0.0839098087790481,0.215824754484977,0.248304728519658,0.0855366082768587,0.0420589885521228,-0.0311844020972026,0.121061129918074,-0.0423227400644013,-0.0682859883746005,0.0474537551205138,-0.141375060068596,0.0557061523865265,0.149196496059737,0.265068009246002,0.233809257957949,-0.131976275494926,-0.0163794434484708,-0.0237954330827544,0.00595395220916886,-0.0621691014603448,0.0756875282395084
"35",0.157738416659336,-0.0073068516177344,-0.143735965750322,0.275708880890579,0.162910309653475,-0.0591587377787091,0.718613549302811,0.0334283309690518,0.0828862111109683,-0.254364265627709,-0.183229353417179,0.201807547677692,-0.113015666004204,-0.0274050196472892,0.108345302805107,-0.16670731027248,-0.0809913700439543,-0.112747183640648,-0.297565361082646,-0.14108008932624,0.175531328483108,-0.0658092556416773,0.0727664096999417,-0.0525957212049733,0.19703106937575,-0.00734080677353019,0.0868006956249335,-0.0878996853811555,-0.126153988084463,-0.0933925038386142,-0.220690807497478,-0.224244962995973,0.113480280591087,-0.0623881265351768,1,-0.0494909430843232,0.450113884269688,0.153478225227791,0.0744168155860889,0.0627111056360275,0.268824272133329,0.0159979451741517,-0.0340721197828453,-0.0615312940107404,0.234582419060986,-0.218812930060893,0.137400049133487,0.0486351778220855,0.0535706495137606,0.0129593646577421,0.100410508624809,-0.088023898260834,0.0729926448505379,-0.10866312362123,0.24312794703198,0.018134047063063,0.432915291788361,0.0656767962830064
