"","l_Insular.Cortex","r_Insular.Cortex","l_Amygdal.Area","r_Amygdal.Area","l_Bed.Nucleus.of.the.Stria.Terminalis","r_Bed.Nucleus.of.the.Stria.Terminalis","l_Hippocampus","r_Hippocampus","l_Orbitofrontal.cortex","r_Orbitofrontal.cortex","l_Entorhinal.Cortex","r_Entorhinal.Cortex","l_Frontal.Association.Cortex","r_Frontal.Association.Cortex","l_Globus.Pallidus","r_Globus.Pallidus","l_Glomerular.Layer.of.the.Accessory.Olfactory.Bulb","r_Glomerular.Layer.of.the.Accessory.Olfactory.Bulb","l_Glomerular.Layer.of.the.Olfactory.Bulb","r_Glomerular.Layer.of.the.Olfactory.Bulb","l_Granule.Cell.Level.of.the.Cerebellum","r_Granule.Cell.Level.of.the.Cerebellum","l_Hypothalamic.Region","r_Hypothalamic.Region","l_Entorhinal.Cortex","r_Entorhinal.Cortex","l_Vermix.Molecular.Layer.of.the.Cerebellum","r_Vermix.Molecular.Layer.of.the.Cerebellum","l_Lateral.Molecular.Layer.of.the.Cerebellum","r_Lateral.Molecular.Layer.of.the.Cerebellum","l_Anterior.Olfactory.Bulb","r_Anterior.Olfactory.Bulb","l_Posterior.Olfactory.Bulb","r_Posterior.Olfactory.Bulb","l_Subiculum","r_Subiculum","l_Perirhinal.Area","r_Perirhinal.Area","l_PreLimbic.System","r_PreLimbic.System","l_Primary.Cingular.Cortex","r_Primary.Cingular.Cortex","l_Primary.Motor.Cortex","r_Primary.Motor.Cortex","l_Retrosplenial.Cortex","r_Retrosplenial.Cortex","l_Secondary.Cingular.Cortex","r_Secondary.Cingular.Cortex","l_Secondary.Motor.Cortex","r_Secondary.Motor.Cortex","l_Striatum","r_Striatum","l_Ventral.Tegmental.Area","r_Ventral.Tegmental.Area","l_Substantia.Nigra","r_Substantia.Nigra","l_Thalamus","r_Thalamus"
"1",1,0.521936900332195,0.0356658624115493,0.208222051699317,0.00841190383054773,-0.122997036419498,-0.292038626672586,0.194571747035931,0.540605939606432,0.481736074966745,0.219666688505529,0.22490442962767,0.135305476165676,0.0621738732069817,0.133931249862764,-0.17522523569941,0.153529270139427,0.184551837868475,-0.116585672382034,0.0550627471858976,0.0318712611484522,0.118215279045782,-0.00635744736381589,-0.240614173722836,-0.203347054873171,0.176265952898469,-0.109599071149849,-0.0613935875131,0.00774442745066853,0.165418238681071,-0.0360479462081645,0.152802791092092,0.158714624549335,0.158457150163499,-0.24155868655615,0.145914722247397,-0.127051573074205,0.0954597191516624,-0.029513007152191,0.108133712791367,-0.0717388679793833,0.0514486757199603,0.308033337924604,0.177024758827482,-0.323750784392408,-0.378998703274087,-0.175013725703383,-0.159481143003866,0.242280044402093,0.214564289321916,0.082756298156307,0.206065507941949,-0.0675878839000662,0.149045079681548,-0.0809087895010585,0.120931350927382,-0.189097479851593,-0.176297030386564
"2",0.521936900332195,1,0.0913056446633965,0.231724084654035,-0.0747507701773132,0.0702715041520397,0.00109153121995137,0.159294028637828,0.322887628815432,0.511048346624582,0.217713053749166,0.360225839465435,0.00980096241591313,0.0331706091547459,0.0390653062729788,0.00915749517104835,-0.00187624339907504,0.0346405693442735,-0.0858888825234064,-0.0789577925358793,-0.00707363093729116,-0.0651643522587808,0.00846592887293023,-0.0796117237305098,0.05671791765729,0.14033000241964,-0.132919898742978,0.0751495382963445,-0.175874755047883,0.15267658686778,-0.0554256917327668,0.0170058413969164,0.0572260228052646,0.151024976735847,-0.0704108923603054,0.157560491783607,-0.0948545039720112,0.0899385721174605,-0.177134678423252,-0.0736779335421644,-0.11796005631408,-0.00822550319722633,0.017589777484279,0.122947449702072,-0.218278821375938,-0.186692909938145,-0.0263705261777418,-0.0410802427748093,-0.00665613713126731,-0.056676497454024,0.0598270463067204,0.349370959398526,-0.0245560243641137,0.0536740064725955,-0.0598803765140892,0.0724104973124947,-0.00288758012485666,-0.0159903300090363
"3",0.0356658624115493,0.0913056446633965,1,-0.00984863919391904,0.0868568341738216,0.153587896981866,-0.080654236239246,0.115276796924031,-0.133690761120907,0.0156404849429105,0.176746008684245,0.236297640544787,-0.0864149120320433,0.00709770263722107,-0.125424826270443,0.110211331757402,0.0119882353364866,0.0486257796066309,0.0664242642736322,0.193704313359134,0.00698783698329937,0.117372335758442,-0.0665531248069767,-0.102485337372706,0.346872145209419,-0.0717600900013986,0.0894069929555031,0.18861872684389,0.0858618630029717,0.149829449553474,-0.11920366488052,0.140500153605517,-0.0313847600978659,0.0551560649303925,-0.0534606709195966,0.0562170052278999,-0.0652477083876783,0.0395468200356139,0.119713688155905,0.122830770163775,0.246439518997138,0.141648678569642,-0.0196624885810043,0.0303661461276084,-0.0521466607255392,-0.0687564922189617,0.0181024173339643,0.00694048805253997,0.182561259161321,0.15184017464371,0.12232080567498,-0.0408000840859651,0.0553261817749945,-0.00935572745595896,-0.0280110947250985,-0.193280497619181,-0.0670023515358325,0.113261454667774
"4",0.208222051699317,0.231724084654035,-0.00984863919391904,1,-0.0375718044453335,0.084501828883093,-0.172129895158387,-0.0716790159256827,0.0462736042950012,0.0880055932382377,0.155873753702251,0.238314792105508,-0.0334999859805964,0.0574362324847904,-0.00520489143450177,0.0118527602425864,0.19058781448957,0.173940357926191,-0.0237950524797153,0.234220169362549,-0.0300146229507679,0.00934933566997766,0.0492754585425543,-0.201268650627637,0.00098530917686204,0.317602611180734,-0.0450756871786049,-0.0131095063452418,0.0474052625802284,0.108251890309471,0.0844832038549602,0.235912803131805,0.0185864265298125,0.200058436058988,-0.114887789514034,0.12764130367968,0.025345627290896,0.149244176495013,-0.0304329615167332,0.115121322494454,-0.0425465216174758,0.0723655850866567,0.212601053394448,0.0200456255221924,-0.203650757911247,-0.165790297309545,-0.140474237014958,-0.0128620586801092,0.163186693128546,0.198388748941413,0.058198295990215,0.195901325060075,-0.0308007265559099,-0.123469081996939,0.08315283503059,-0.0550372804060508,-0.198908525743491,-0.0481315128916869
"5",0.00841190383054773,-0.0747507701773132,0.0868568341738216,-0.0375718044453335,1,0.0361387946673714,0.0579242276192771,-0.0389325650498471,-0.205102588275365,-0.0573899167001306,0.158173910100711,-0.0763860214012048,0.115782179634351,0.143038859225879,0.0249976368347228,0.0352172467719483,-0.200288273488578,-2.73583520225978e-05,-0.162612255033526,-0.0209565864053173,-0.00046095743993947,0.0172305871473878,0.248757865548747,0.129294027903613,-0.0014361486921417,-0.150740849302707,0.221348016654018,0.198943796454735,0.123689739926777,0.109150233252582,0.0188729474074248,0.168080485595961,-0.17228916825347,0.00810094370112983,0.0555310821552272,0.131304464605283,0.0374600558457907,0.0481471142268413,0.00448857173854447,0.113699412443342,0.016662864584909,0.0200891951251899,-0.0145320531820014,-0.0754962159821029,0.117244257929221,0.0163460406760165,0.139650938741136,0.102628094377761,-0.240297797577411,0.0181899095798283,0.102037287611237,0.0660722291457437,-0.0456849736124005,-0.0746377277156592,-0.0669734313706084,-0.261604457406114,0.260604665055474,0.16807486418172
"6",-0.122997036419498,0.0702715041520397,0.153587896981866,0.084501828883093,0.0361387946673714,1,0.17076600400276,0.118634979281915,-0.22035494723417,-0.132028923780622,0.136992754175214,0.200960159754855,-0.227186130398337,0.257906053207073,-0.0193830511306188,0.0810926056027707,0.00982202630861116,0.0236837063927277,0.178894431603094,0.0342385000015644,0.00331415995555981,-0.0796775105765747,0.129610048282395,-0.0511197404331466,0.2175022622708,0.146125522748898,0.118333750504659,0.247772794084119,-0.00969044890135523,-0.0572003699883041,0.0807796651376573,0.151461404607994,-0.0710571679049905,0.076922864707231,0.0736316852581443,0.0867900502593208,-0.0789794058849275,-0.0467748001123257,-0.0544500525462362,-0.104594842897396,0.0897621777422334,0.208403278545214,-0.127885763735818,0.101821606207961,0.103284636643238,0.270825566620033,0.0708693284839756,0.0337825729733693,-0.060540876176619,0.144046267716281,0.0526348538482905,0.125096080838188,0.0891842834831021,-0.0206308940927877,0.166864633886812,-0.0352204598059211,0.109108315886427,0.323852768126623
"7",-0.292038626672586,0.00109153121995137,-0.080654236239246,-0.172129895158387,0.0579242276192771,0.17076600400276,1,-0.0886491410077747,-0.206186872405148,-0.178910046654741,-0.101604629664748,4.94058987099887e-05,-0.0112022637577792,0.0198618082826358,0.131414692418325,0.139499511850131,-0.120560461050551,-0.173964747439661,0.0596119437628186,-0.0628405462362824,-0.0689056940947581,-0.114698727252585,0.187797823829041,0.187226227251216,0.228714389545939,-0.0296415647187503,0.0195901150588526,0.13277419793241,-0.00683468759267787,0.0715100904936364,0.158886558745948,-0.0703263329905562,-0.202291995766315,-0.105830262642893,0.273793203231105,-0.115185784293768,0.0733851635119178,-0.116775864409145,-0.161079314161953,-0.100550757533838,0.0471834590010373,0.0333590922202819,-0.142748473257285,-0.0416471789972336,0.0687405584645803,0.0594421536283721,0.030612453193475,0.0448394323137271,-0.11529832953442,-0.158408533828568,-0.0543157496664216,0.0768329870885438,0.0695477219761835,-0.0895503065366344,-0.0479207247155462,0.218910061828799,0.191802830448135,0.1709824444773
"8",0.194571747035931,0.159294028637828,0.115276796924031,-0.0716790159256827,-0.0389325650498471,0.118634979281915,-0.0886491410077746,1,0.0913338965087709,0.05885086137325,0.333047049493347,0.27138820743573,-0.121075699119937,-0.0348222120821817,0.0616957470981303,0.155100152073483,-0.0572117881697512,0.15560653899072,0.212587963884361,-0.0250693632430358,0.0901698200067318,-0.0460925488053918,-0.0438308745623689,-0.114104450973717,-0.0831604526137939,0.120036614752908,-0.0833578291054557,-0.0463666772895807,-0.106995889598632,-0.163892498107391,0.232489948992761,0.0386010840632192,0.326862650360591,0.237462263890477,0.00729459069826122,0.307954554778052,0.131892733479754,0.175375659728737,0.0337142960215818,0.0234733041118021,-0.11310498956888,-0.0419466546456483,-0.129118748545269,0.114326676338688,-0.243286842540327,-0.189791541483612,-0.148161136546046,-0.0106927547764926,-0.102553557238286,-0.0116817211193441,0.0950241022510182,0.0294467922421632,-0.0306633460437325,-0.0378269231371493,0.0125473699179963,0.115371011684272,-0.0658918353529043,0.127594100280012
"9",0.540605939606432,0.322887628815431,-0.133690761120907,0.0462736042950012,-0.205102588275365,-0.22035494723417,-0.206186872405148,0.0913338965087709,1,0.522295022267789,-0.0645645662697935,0.00832934638129759,0.335239418604409,-0.00741367767304882,-0.00688187879259584,-0.136110322323712,-0.00112850619661307,0.0846603730629337,-0.0493720022481345,-0.0153943314703484,-0.0698807853814307,0.0966182518529961,-0.159367997141647,-0.135132963014451,-0.245816752070442,0.144709672233679,-0.10189453755216,-0.171566160099564,-0.172324233894881,-0.0590635200550514,-0.170763492685737,-0.0470610493818887,0.124920749068283,-0.192611700881882,-0.274478713910276,-0.0392254202672261,-0.258476898918656,-0.0127973357089666,-0.163052903715861,-0.0704181682424953,-0.223725248362946,-0.147811126769315,0.39956853042987,0.168486150601202,-0.200072429438392,-0.227964413880923,-0.206227912124299,-0.094673015015979,0.161894671309797,0.161297526053331,-0.067487625691605,0.0394799590943632,-0.131229419221957,-0.0340610280781789,-0.24892103936793,0.0977840922538266,-0.233631037010487,-0.202501696996935
"10",0.481736074966745,0.511048346624582,0.0156404849429105,0.0880055932382377,-0.0573899167001306,-0.132028923780622,-0.178910046654741,0.05885086137325,0.522295022267789,1,-0.112663274930647,0.0539022035593277,0.272404270837842,0.0343942900848868,0.0351169867826879,-0.101549026738556,-0.0371642831275729,0.0709663053810335,-0.284279993166616,-0.111371883427504,-0.1693555981675,0.15543862739683,-0.032310653219893,-0.154033702913945,-0.190042683566061,0.226414916305035,-0.0677512105045553,-0.0425577601382592,-0.165877072133573,0.159906934065982,-0.302127753421914,-0.154102398673248,0.0284916399477213,-0.0991040378545186,-0.0886439066093992,0.073261100194981,-0.114328123193573,-0.0418585860679359,-0.217033883542211,-0.0514863583624586,-0.178895909498865,-0.0771208991374886,0.196253845368598,0.234777908605717,-0.074211354862847,-0.114092391786945,-0.0266261449063511,-0.141128339890065,-0.0792145435606015,0.234690525978667,-0.118812603329806,0.17590068155712,0.0128023805148874,0.114979645851224,0.0719099084384822,0.0720497884146819,0.0191715066715011,-0.19242125137655
"11",0.219666688505529,0.217713053749166,0.176746008684245,0.155873753702251,0.158173910100711,0.136992754175214,-0.101604629664748,0.333047049493347,-0.0645645662697935,-0.112663274930647,1,0.293728075746366,-0.0564922239554062,-0.0420317301325058,0.167508463780817,0.16243150083984,0.134842090765834,0.140107519137614,0.212682767984139,-0.0023989198071125,0.217267547570082,-0.0158080762547986,0.113480936595772,0.128912086019114,-0.0288494437396318,0.210562858259674,0.135630517628334,0.0618308706023673,0.180311030610714,0.0874189306096495,0.172367756574442,0.461698903304216,0.24736400708902,0.39605910974661,-0.154990476143497,0.215066781654759,0.208565544127999,0.200868612957166,0.186784981987675,0.206665953574834,-0.111000400515759,-0.0147353897024449,-0.069012892867539,-0.0381907107232047,-0.29431912375277,-0.366348907656731,-0.192400471381606,-0.154239860570016,0.0715713579293637,-0.0512430676757172,0.125599286372596,0.056801699465599,-0.137909143908786,-0.0602512798665983,-0.123853716839921,0.0106665346884376,0.00470257206091342,0.117039733479018
"12",0.22490442962767,0.360225839465435,0.236297640544788,0.238314792105508,-0.0763860214012048,0.200960159754855,4.94058987099887e-05,0.27138820743573,0.00832934638129759,0.0539022035593277,0.293728075746365,1,-0.078031230582842,-0.0243769572563022,0.0859499853527089,0.00802562605055818,0.154208137346372,0.0565827047941986,0.240979933338251,0.120925445107024,0.0423954892267765,0.0919430203973991,0.0363067673907339,0.00587238655893986,0.0275325000731944,0.177479682795823,-0.00897876040566064,-0.0187313241164903,-0.0327481955802293,0.123047636914539,0.0640771010487223,0.149331675806195,0.120281988370252,0.408523370065973,0.124423398576884,0.222127760795569,-0.0411872484207294,-0.0691228658210568,0.0458554294453993,-0.0231454970433343,-0.0452536762661015,0.0768208673360043,-0.221366532789152,-0.0829252743425675,-0.221061721722589,-0.123095503832554,-0.0854033084756915,-0.0369514570645674,-0.0107057203355434,-0.0506217678441563,0.194122782989955,0.214706603719498,0.20366882589343,-0.124519828128585,0.20314687913759,0.0235691526464564,-0.197275929449961,0.111162925774348
"13",0.135305476165676,0.00980096241591313,-0.0864149120320433,-0.0334999859805964,0.115782179634351,-0.227186130398337,-0.0112022637577792,-0.121075699119937,0.335239418604409,0.272404270837842,-0.0564922239554062,-0.078031230582842,1,0.101915179187235,0.00750779176318007,-0.193985797701401,-0.0309446514034039,-0.160976660374221,-0.0748966262276907,0.0392408466977332,-0.153198956199588,-0.0172475039761941,0.0768317280896776,0.122858645042553,-0.0779650615024379,0.0350371554069989,-0.0609398872857428,-0.253995955272028,-0.0585092607305439,-0.0422638745725979,-0.301522834793947,0.0173908912292454,-0.00046838584122817,-0.0719831857522598,-0.183179952212076,-0.134084326895851,0.0364315897770544,-0.117408433896912,-0.128574346222133,-0.129199180180149,-0.17075992797258,-0.0292281299438061,-0.0112444441179332,-0.16295080958957,0.0460167907205051,-0.0880560191086433,-0.111722137060086,0.0433132477907867,0.271851987473974,0.0167648748534623,-0.0929548012097227,-0.0510060543208228,0.122970583219186,-0.144833648257694,0.0776169382983162,-0.0447285994009327,0.091118585152663,-0.0770767229320588
"14",0.0621738732069817,0.0331706091547459,0.00709770263722107,0.0574362324847904,0.143038859225879,0.257906053207073,0.0198618082826358,-0.0348222120821817,-0.00741367767304882,0.0343942900848868,-0.0420317301325058,-0.0243769572563022,0.101915179187235,1,-0.0407340849665876,-0.0496750853432031,-0.115530246036504,0.0771523272363383,0.00092456709762436,0.0045411103893257,0.0346102190158945,0.0156846511932109,-0.0414083536435964,-0.10426895352512,0.231102929677424,0.0600593459872303,-0.0310020356681051,0.270961454825728,-0.075237940852471,0.040440166503677,0.0613605436489426,0.192551482839516,-0.17926043701459,-0.0390978097027518,-0.0698471452385971,-0.195080766869366,-0.120930894672181,-0.122330387551822,-0.291359138757492,-0.168511205968498,-0.153268588362013,0.12338522997303,-0.113824641458138,-0.0464885649113273,0.169963254335677,0.040209538074751,-0.0801779835451041,-0.0375632270549436,-0.0427335251475213,0.240490292308395,0.079149481777368,0.176669498073638,-0.116155515472793,-0.0458269135476729,-0.0359284247374292,0.0132917893705034,0.082880827744858,0.0570730253646035
"15",0.133931249862764,0.0390653062729788,-0.125424826270443,-0.00520489143450177,0.0249976368347228,-0.0193830511306188,0.131414692418325,0.0616957470981304,-0.00688187879259584,0.0351169867826879,0.167508463780817,0.0859499853527089,0.00750779176318006,-0.0407340849665876,1,-0.0321625696271009,0.0338959690976469,0.125553801246626,0.0534345840129826,-0.15678830976798,0.222409428029093,-0.0112244042829083,0.111496311896843,0.0317061091077994,-0.0721644627783926,0.0759727856355036,0.0355088548773924,-0.169035586466433,-0.00689185723302681,0.158490372207529,0.159425058241427,0.0561245556719516,0.170304385626408,0.13154779456786,0.0199910723829662,0.0585034378746319,-0.00388870242253156,-0.110230870540697,0.0234978483881265,0.0395950481080337,-0.19575986302315,-0.0733374631181134,0.0739789450005517,-0.094831602497893,-0.183308488964571,-0.140889469280896,-0.185651607038979,-0.129482301374626,-0.0834162735596583,-0.212552773367654,0.00689868941139029,-0.00657681730515897,-0.00301410523624255,0.157208809032813,0.140654058959686,0.175045439385529,-0.07338899382265,0.0229720227382392
"16",-0.17522523569941,0.00915749517104835,0.110211331757402,0.0118527602425864,0.0352172467719483,0.0810926056027707,0.139499511850131,0.155100152073483,-0.136110322323712,-0.101549026738556,0.16243150083984,0.00802562605055818,-0.193985797701401,-0.0496750853432031,-0.0321625696271009,1,-0.138051189431088,0.15618282444986,0.125415955701152,-0.024473270490392,-0.0251618269459722,0.018835338745235,-0.00338394110937686,0.155686850745883,0.0155703541008093,0.0270371231709603,-0.00199986276314181,0.187915485468677,-0.132257767454293,0.0508284015227409,0.130393530066151,-0.0291155503636821,0.0386862371591472,0.0801716222246654,0.0742210581826727,0.0730911533379326,0.0376255255725512,0.25619559545291,-0.0363555748056971,-0.128501804593935,-0.115729906895506,-0.126115074531576,-0.0664114418250617,0.0722160314628046,-0.120652008378466,0.0577109394213613,-0.0348775671694095,0.0401358304055798,-0.176229030912746,0.082345698404542,0.136207557742668,0.0126664123811619,-0.0838311272624432,-0.101441336242651,-0.0634499884968748,-0.0600109846541189,0.183311192612902,0.180894996206424
"17",0.153529270139427,-0.00187624339907504,0.0119882353364866,0.19058781448957,-0.200288273488578,0.00982202630861116,-0.120560461050551,-0.0572117881697512,-0.00112850619661307,-0.0371642831275729,0.134842090765834,0.154208137346372,-0.0309446514034039,-0.115530246036504,0.0338959690976469,-0.138051189431088,1,0.153462522167252,0.137480820787146,0.0506348344166546,0.0937160334696761,-0.113537757594782,-0.00228832631127108,0.00305388973117131,-0.0613727503443538,0.154702909301906,-0.297356597979586,-0.163971274570641,0.0355099876249024,-0.013418292963845,0.152605522581432,0.173390086785076,0.180098034840945,0.10733965634585,0.187443741704247,0.147447623123883,0.108426430755436,0.0923175164847267,0.330611389171659,0.236025076744236,0.21617393855108,0.230464567164587,0.138573669593986,0.0544607751472948,0.0133729019033459,-0.038130907527436,-0.0877109380697296,-0.0711741521229518,0.384050429263048,0.153339784315244,-0.113135715586317,-0.160193767294749,0.147509809399554,0.164395992663627,0.056042160547143,0.143733074050631,-0.17293031852507,-0.0650802917371506
"18",0.184551837868475,0.0346405693442735,0.0486257796066309,0.173940357926191,-2.73583520225978e-05,0.0236837063927277,-0.173964747439661,0.15560653899072,0.0846603730629337,0.0709663053810335,0.140107519137614,0.0565827047941986,-0.160976660374221,0.0771523272363383,0.125553801246626,0.15618282444986,0.153462522167252,1,0.00373770042519655,-0.115285329037978,0.127115021497481,0.171315284720208,-0.126465047392627,0.0548307045562973,-0.0315272514317756,-0.00829124994042117,-0.0286651069165296,0.25361922889534,0.0596485547993477,0.150218141999665,0.266400356415961,-0.00374801556915065,0.235868084793541,0.0608794583329085,-0.0398481806497758,0.154076882359622,-0.044705699379216,0.152791919141342,0.102670193238058,0.0781187679650182,0.0234993640252961,0.139989849154943,0.123611890233547,0.137543317641758,-0.128208593013589,-0.00535995689102208,-0.177916597826526,-0.0947073536373268,0.0517453351748824,0.347578047365641,0.140706025046595,-0.106101084656371,-0.124021010530133,0.141496030446696,-0.0430419044640643,0.0156729856983378,-0.00024706138611165,0.0816683011893403
"19",-0.116585672382034,-0.0858888825234064,0.0664242642736322,-0.0237950524797153,-0.162612255033526,0.178894431603094,0.0596119437628186,0.212587963884361,-0.0493720022481345,-0.284279993166616,0.212682767984139,0.240979933338251,-0.0748966262276907,0.00092456709762436,0.0534345840129826,0.125415955701152,0.137480820787146,0.00373770042519655,1,0.152352638673819,0.0907607313904916,0.0467288040727999,-0.069152567220716,0.0316128592069072,-0.0040361092707211,0.163191354105687,-0.0758246840415017,0.00901911845843072,-0.0906783343437881,-0.0484216200623985,0.477800880103258,0.261393576501008,0.323150173226754,0.191518389327028,-0.0202963651853672,-0.0240359224993688,0.00656168595282784,0.0304038467603426,0.128478998608191,0.149575117448925,-0.00600302604165938,-0.161891969711887,-0.17452417954533,0.0226032520862744,-0.0772051999214796,0.0846367554085986,-0.12904410088215,-0.0341894093078522,0.167063359926999,-0.154537354318456,0.028181567651374,-0.141684499962544,0.0770090233588593,-0.0474125805639039,-0.107969254759979,0.165070456095107,-0.133514731535865,0.184269356327299
"20",0.0550627471858976,-0.0789577925358793,0.193704313359134,0.234220169362549,-0.0209565864053173,0.0342385000015644,-0.0628405462362824,-0.0250693632430358,-0.0153943314703484,-0.111371883427504,-0.0023989198071125,0.120925445107024,0.0392408466977332,0.0045411103893257,-0.15678830976798,-0.024473270490392,0.0506348344166546,-0.115285329037978,0.152352638673819,1,0.0315953361454452,0.162722473331275,-0.106790654957086,-0.1542649788096,-0.0555873179854819,0.20409892153913,-0.0233952778415568,0.00373434522626111,0.17122721077714,-0.0666886264843173,-0.137501633514149,0.33118004008543,0.0412803105241389,0.115101279831962,-0.06342780992965,-0.0418730002655211,0.063484880830402,-0.0730809653834175,0.0516546545107677,0.0928688803188692,0.236617756670312,0.0111809523834707,0.031314133220403,-0.102448716090519,-0.169133161699448,-0.160377704895538,0.105729514765814,-0.0419172651151147,0.299389108899003,0.0515453206756023,0.10914395368476,0.167186693046655,0.184656212101216,-0.217648571037533,-0.107290279714915,0.0505743056874645,-0.108897354419157,-0.137542730898962
"21",0.0318712611484522,-0.00707363093729116,0.00698783698329937,-0.0300146229507679,-0.00046095743993947,0.00331415995555981,-0.0689056940947582,0.0901698200067318,-0.0698807853814307,-0.1693555981675,0.217267547570082,0.0423954892267765,-0.153198956199588,0.0346102190158945,0.222409428029093,-0.0251618269459722,0.0937160334696761,0.127115021497481,0.0907607313904916,0.0315953361454452,1,0.0376601853548032,-0.0414749821262794,0.0635884648026923,-0.24008672031308,-0.060962006283612,0.0456429357352014,-0.0332783632436643,0.132772449215818,-0.157669206929521,0.140385808204138,0.0457619320279666,0.00596482634675801,-0.0344916740249688,0.0690442310068336,0.273348090157946,2.161245156646e-05,0.0839010782895465,0.0886501509979413,0.100797022628536,-0.0426000314397297,0.102922449844561,-0.0586682396486451,-0.149898926644549,-0.0377973907595364,0.0843176544745953,-0.110950781037429,-0.0492751655277089,-0.0251231465515587,-0.0580838780813789,0.169298685341355,0.180997263930607,-0.0571181628119685,-0.0281580488978485,-0.0678138298989702,0.0735504804462338,-0.333986984111316,-0.194513390722488
"22",0.118215279045782,-0.0651643522587808,0.117372335758442,0.00934933566997766,0.0172305871473878,-0.0796775105765747,-0.114698727252585,-0.0460925488053918,0.0966182518529961,0.15543862739683,-0.0158080762547986,0.0919430203973991,-0.0172475039761941,0.0156846511932109,-0.0112244042829083,0.018835338745235,-0.113537757594782,0.171315284720208,0.0467288040727999,0.162722473331275,0.0376601853548032,1,-0.023313657264187,0.0416238395425294,0.0290823625040101,0.111968344284675,0.0361324812260413,0.193534454320227,0.170492755656257,0.183635423228189,-0.12167830978271,-0.0494278052572694,0.0999728492195337,-0.0503468648528595,-0.252638475402505,-0.133875245258475,-0.0917420028454421,-0.230746522477303,-0.12844772774932,-0.022333703777805,0.0566711207741686,-0.292384544800249,0.0485545748814432,0.112591129446252,-0.115382043896477,-0.0549208521149622,-0.143147048861812,-0.247386347959167,0.0010785460183657,0.0825020120291303,-0.0153345638521308,-0.0937050447458046,0.006280282678556,0.022417957633023,0.153403576845602,-0.127657814224114,0.0510427768440875,-0.00750998542497382
"23",-0.00635744736381589,0.00846592887293023,-0.0665531248069767,0.0492754585425543,0.248757865548747,0.129610048282395,0.187797823829041,-0.0438308745623689,-0.159367997141647,-0.032310653219893,0.113480936595772,0.0363067673907339,0.0768317280896776,-0.0414083536435964,0.111496311896843,-0.00338394110937686,-0.00228832631127108,-0.126465047392627,-0.069152567220716,-0.106790654957086,-0.0414749821262794,-0.023313657264187,1,0.316994433122457,-0.00176562921388776,0.113181997236288,0.0839500669694581,0.0208301151664094,0.120429456743037,0.140873689759915,-0.0465834773178878,0.074748466819472,0.126016382861761,0.166538778068553,0.15194714912863,0.290060244027267,0.224764724037745,0.0330030349025771,0.252715891007522,0.201656094029077,-0.100660137360573,0.055476235746404,-0.0200370555083313,-0.109962242095452,0.119699738397499,-0.0339832756311249,0.0669575976583729,0.0455349090220046,-0.0246113188588348,-0.0181883722891034,0.0848775668180788,0.0373389892099707,0.147059449058386,-0.127268153354695,0.284866493372984,-0.00926880923767943,0.165873936477092,0.209056633278372
"24",-0.240614173722836,-0.0796117237305098,-0.102485337372706,-0.201268650627637,0.129294027903613,-0.0511197404331466,0.187226227251216,-0.114104450973717,-0.135132963014451,-0.154033702913945,0.128912086019114,0.00587238655893986,0.122858645042553,-0.10426895352512,0.0317061091077994,0.155686850745883,0.00305388973117131,0.0548307045562973,0.0316128592069072,-0.1542649788096,0.0635884648026923,0.0416238395425294,0.316994433122457,1,-0.0944880346642371,-0.0786048310427854,0.0435436027571389,0.131122720714762,0.142943468809211,-0.0465517467342119,-0.00152719396705441,-0.141045252833919,0.213694346132045,0.115234590961605,0.0305346066069888,-0.0461211804098084,0.172063083797248,-0.103100797186105,0.303543227493362,0.0132372459253839,0.0939890287476997,0.0780023007730554,-0.221528156797602,-0.223340246591942,0.0586882753994031,-0.0644987405147557,-0.092821952423484,0.0452651972271534,-0.0920037890068739,-0.0712655023709086,0.0377837530762372,0.0449247262047906,-0.0506057901087999,-0.103700178660683,0.104446744868422,-0.0883463815307921,0.284551116201096,0.192729794125457
"25",-0.203347054873171,0.05671791765729,0.346872145209419,0.00098530917686204,-0.0014361486921417,0.2175022622708,0.228714389545939,-0.0831604526137939,-0.245816752070442,-0.190042683566061,-0.0288494437396318,0.0275325000731944,-0.0779650615024379,0.231102929677424,-0.0721644627783926,0.0155703541008093,-0.0613727503443538,-0.0315272514317756,-0.0040361092707211,-0.0555873179854819,-0.24008672031308,0.0290823625040101,-0.00176562921388776,-0.0944880346642371,1,-0.023047292418844,-0.0734032661607658,0.247488293691485,0.0283884523830589,0.0954267490602914,-0.0219117719709454,0.096489769093419,-0.198243473046593,-0.0547814191371989,-0.00429353437198384,-0.215369127473644,-0.0922786906960788,-0.135793131895509,-0.119621358373184,-0.178972577174008,0.0891462883444647,0.118556476040086,-0.111628078463248,0.0692327762326961,0.113652948100549,0.0916908736287708,0.0514413151318095,0.118858843349904,0.0661514500962316,0.00486844481007964,-0.00487494817535932,-0.105786384233582,0.0645519262522969,-0.0732337426928699,-0.0961030135467933,-0.0892802014198436,0.144000404528333,0.19787127622558
"26",0.176265952898469,0.14033000241964,-0.0717600900013986,0.317602611180734,-0.150740849302707,0.146125522748898,-0.0296415647187503,0.120036614752908,0.144709672233679,0.226414916305035,0.210562858259674,0.177479682795823,0.0350371554069989,0.0600593459872303,0.0759727856355036,0.0270371231709603,0.154702909301906,-0.00829124994042117,0.163191354105687,0.20409892153913,-0.060962006283612,0.111968344284675,0.113181997236288,-0.0786048310427854,-0.023047292418844,1,-0.0800836887810265,-0.0881691446827968,0.0320475174984193,0.0956229144849219,-0.0465465970485852,0.303123225618273,0.0854282391950808,0.203718810564557,-0.159217858396748,0.0300834317546084,0.204407366598606,0.0371330408830461,-0.0410747117983244,0.060701566292623,-0.0231451639670714,-0.135806880512354,-0.104808428440541,-0.012472931462546,-0.201843009684943,-0.161525574645082,-0.0922919671043282,-0.0811238396186044,0.104715561064872,0.0338706636457357,0.00713923082432864,0.146489362167024,-0.0362754905699734,0.0739086704058067,0.0439025470763411,0.247257702931668,-0.00609140792885475,-0.0395271130852364
"27",-0.109599071149849,-0.132919898742978,0.0894069929555031,-0.0450756871786049,0.221348016654018,0.118333750504659,0.0195901150588526,-0.0833578291054557,-0.10189453755216,-0.0677512105045553,0.135630517628334,-0.00897876040566064,-0.0609398872857429,-0.0310020356681051,0.0355088548773924,-0.00199986276314181,-0.297356597979586,-0.0286651069165296,-0.0758246840415017,-0.0233952778415568,0.0456429357352014,0.0361324812260413,0.0839500669694581,0.0435436027571389,-0.0734032661607658,-0.0800836887810265,1,0.119864328244766,0.197951507124214,0.084560662114855,0.0249482011396947,0.0738721746591802,-0.0060487431659022,0.120483171451935,-0.188590906086962,0.00767065909062832,-0.0563421511718667,0.0735493112791334,0.00218934585466294,-0.0473917640056797,-0.0910837538396532,-0.0937196467585504,-0.0696350621976789,-0.144035417642097,-0.0305934059677794,0.0279041557607756,0.0280889023952674,-0.063556736123381,-0.127569597320587,-0.0475892615600133,-0.106362539085897,-0.031080248102186,0.00404401994188498,-0.0260686738981286,0.0567889618193201,-0.208008579361687,0.111979334463328,0.112713428741256
"28",-0.0613935875131,0.0751495382963445,0.18861872684389,-0.0131095063452417,0.198943796454735,0.247772794084119,0.13277419793241,-0.0463666772895807,-0.171566160099564,-0.0425577601382592,0.0618308706023673,-0.0187313241164903,-0.253995955272028,0.270961454825728,-0.169035586466433,0.187915485468677,-0.163971274570641,0.25361922889534,0.00901911845843072,0.00373434522626111,-0.0332783632436643,0.193534454320227,0.0208301151664093,0.131122720714762,0.247488293691485,-0.0881691446827968,0.119864328244766,1,0.100070340015701,0.0843453927696308,0.137434661353256,0.104438861327673,-0.116834200907191,-0.0523162940585383,0.0601360290346255,-0.0658211106508871,-0.0115680392678911,0.131982818915304,-0.0149774451138745,-0.10214291139406,0.182121385370317,0.107368704002127,-0.0025954834304311,0.177361172423964,0.0861543101216655,0.0853979244418412,0.107010876469981,0.0709513695054934,-0.183366114785844,0.25647183429086,0.0240169667198887,-0.0728657922140925,-0.00991599519629538,0.19981249871586,-0.0688433739163573,-0.0674912823923129,0.238577365402099,0.132097598994051
"29",0.00774442745066853,-0.175874755047883,0.0858618630029717,0.0474052625802284,0.123689739926777,-0.00969044890135523,-0.00683468759267787,-0.106995889598632,-0.172324233894881,-0.165877072133573,0.180311030610714,-0.0327481955802293,-0.0585092607305439,-0.075237940852471,-0.00689185723302681,-0.132257767454293,0.0355099876249024,0.0596485547993477,-0.0906783343437881,0.17122721077714,0.132772449215818,0.170492755656257,0.120429456743037,0.142943468809211,0.0283884523830589,0.0320475174984193,0.197951507124214,0.100070340015701,1,0.00298051646088035,-0.00324635517602281,0.144411118322601,0.143030301487408,0.0365803206509106,-0.00571281497677728,-0.00065623025614475,0.149500195822559,0.0532748145691163,0.31386503454181,0.282514462424391,0.29343014343873,0.138992275718201,0.0555047110619873,-0.188511254944547,0.00461360068888673,-0.0910918277624843,0.0180814595120541,0.0240452926567864,0.159847465575644,0.173682553913312,0.154519245768876,-0.0378201821026908,0.120440837806497,-0.14171873052882,0.00033392602751907,-0.324828399085405,0.0264437908182835,-0.127694386653544
"30",0.165418238681071,0.15267658686778,0.149829449553474,0.108251890309471,0.109150233252582,-0.0572003699883041,0.0715100904936364,-0.163892498107391,-0.0590635200550514,0.159906934065982,0.0874189306096495,0.123047636914539,-0.0422638745725979,0.040440166503677,0.158490372207529,0.0508284015227409,-0.013418292963845,0.150218141999665,-0.0484216200623985,-0.0666886264843173,-0.157669206929521,0.183635423228189,0.140873689759915,-0.0465517467342118,0.0954267490602914,0.0956229144849219,0.084560662114855,0.0843453927696308,0.00298051646088035,1,-0.00634439428798654,0.0963026736327099,0.106448796186009,0.0626475535011865,-0.0368710033220885,0.0519691439939482,0.073801683364292,0.121260956543472,-0.0228887695474602,0.0976951888337867,0.0240833366291841,-0.110649438871478,0.049037635968218,0.0243163065336716,-0.0545480313833549,-0.175896608776973,-0.218714815833481,-0.389206730885406,-0.0435565601144006,0.0758383989507625,0.133542063064632,0.0102466261445202,-0.200390134506145,0.0194670665488756,0.0566440983135513,0.00175532679680013,-0.051508267355987,0.0419919325536881
"31",-0.0360479462081645,-0.0554256917327668,-0.11920366488052,0.0844832038549602,0.0188729474074248,0.0807796651376573,0.158886558745948,0.232489948992761,-0.170763492685737,-0.302127753421914,0.172367756574443,0.0640771010487223,-0.301522834793947,0.0613605436489426,0.159425058241427,0.130393530066151,0.152605522581432,0.266400356415961,0.477800880103258,-0.137501633514149,0.140385808204138,-0.12167830978271,-0.0465834773178878,-0.00152719396705441,-0.0219117719709454,-0.0465465970485852,0.0249482011396947,0.137434661353256,-0.00324635517602281,-0.00634439428798654,1,0.1350296360934,0.264791290048009,0.219052580055033,0.150380379081501,0.130419736968078,0.0387672363977428,0.21520501074587,0.193727221263001,0.278899457791283,-0.0116575793067275,-0.0237538759292719,-0.0298183672083508,0.131920651099884,-0.0393930111995549,0.0910753672792737,-0.120538628770658,0.0869317182525754,-0.0556474716479118,-0.0692325763321782,0.0994270233382388,0.028241657103758,0.010601674720381,0.16377997052548,-0.0474655926493045,0.193291750247654,-0.0369652349174506,0.192133570873479
"32",0.152802791092092,0.0170058413969164,0.140500153605517,0.235912803131805,0.168080485595961,0.151461404607994,-0.0703263329905562,0.0386010840632192,-0.0470610493818887,-0.154102398673248,0.461698903304216,0.149331675806195,0.0173908912292454,0.192551482839516,0.0561245556719516,-0.0291155503636821,0.173390086785076,-0.00374801556915065,0.261393576501008,0.33118004008543,0.0457619320279666,-0.0494278052572694,0.074748466819472,-0.141045252833919,0.096489769093419,0.303123225618273,0.0738721746591802,0.104438861327673,0.144411118322601,0.0963026736327099,0.1350296360934,1,0.166083845514254,0.329919135474256,-0.0936724352634039,0.024073124569803,0.203794720598633,0.105004443837196,0.102975115675643,0.253167770676102,0.0254618575300463,0.0325573752706251,0.0129886671845505,-0.0724212715192666,-0.276458760428209,-0.370067099696404,-0.243787334088478,-0.256044053396176,0.144866402113542,0.0553734558941418,0.118825082109316,0.061087377341922,-0.0237599050247982,-0.0838256706412666,-0.141444344395453,-0.0252552049870918,-0.0671800889587272,0.0457266209011232
"33",0.158714624549335,0.0572260228052646,-0.0313847600978659,0.0185864265298125,-0.17228916825347,-0.0710571679049905,-0.202291995766315,0.326862650360591,0.124920749068283,0.0284916399477213,0.24736400708902,0.120281988370252,-0.00046838584122817,-0.17926043701459,0.170304385626408,0.0386862371591472,0.180098034840945,0.235868084793541,0.323150173226754,0.0412803105241389,0.00596482634675801,0.0999728492195337,0.126016382861761,0.213694346132045,-0.198243473046593,0.0854282391950808,-0.0060487431659022,-0.116834200907191,0.143030301487408,0.106448796186009,0.264791290048009,0.166083845514254,1,0.282949755260263,-0.165097229604939,0.0302480217327855,0.0635604063864247,0.147721850368545,0.27160565138431,0.200648765838573,-0.0197823051189126,-0.184262675383503,0.0977835953371348,0.00774242265523468,-0.248110576317765,-0.278933128112666,-0.427398773348187,-0.240065327957185,0.163555537039927,0.010341562831332,0.0814120981355576,-0.123676882920307,-0.011757185226718,0.0360896709613589,0.115271038395894,0.0117079179854653,-0.111471996997629,0.0175285811755356
"34",0.158457150163499,0.151024976735847,0.0551560649303925,0.200058436058988,0.00810094370112983,0.076922864707231,-0.105830262642893,0.237462263890477,-0.192611700881882,-0.0991040378545186,0.39605910974661,0.408523370065973,-0.0719831857522598,-0.0390978097027518,0.13154779456786,0.0801716222246654,0.10733965634585,0.0608794583329085,0.191518389327028,0.115101279831962,-0.0344916740249688,-0.0503468648528595,0.166538778068553,0.115234590961605,-0.0547814191371989,0.203718810564557,0.120483171451935,-0.0523162940585383,0.0365803206509106,0.0626475535011865,0.219052580055033,0.329919135474256,0.282949755260263,1,-0.0782457891360778,0.168032231311429,0.173940264902697,0.183591537923488,0.324956537416883,0.288219011983592,-0.00843017493064952,0.0115663763734945,-0.30786198865674,-0.184179123316236,-0.27733124852566,-0.23348487831473,-0.0968760200584307,0.0229392318799658,0.0900462314309789,-0.115298453953692,0.199858340677458,0.128547245637725,-0.00644194908582702,-0.112660531154125,0.14357172376398,0.0151513718589543,0.0288676306171603,0.158618464577773
"35",-0.24155868655615,-0.0704108923603054,-0.0534606709195966,-0.114887789514034,0.0555310821552272,0.0736316852581443,0.273793203231105,0.00729459069826122,-0.274478713910276,-0.0886439066093992,-0.154990476143497,0.124423398576884,-0.183179952212076,-0.069847145238597,0.0199910723829662,0.0742210581826727,0.187443741704247,-0.0398481806497758,-0.0202963651853672,-0.06342780992965,0.0690442310068335,-0.252638475402505,0.15194714912863,0.0305346066069888,-0.00429353437198384,-0.159217858396748,-0.188590906086962,0.0601360290346254,-0.00571281497677728,-0.0368710033220885,0.150380379081501,-0.0936724352634039,-0.165097229604939,-0.0782457891360778,1,0.458530449819538,0.188146203942736,0.058241292476049,0.0134287630286047,0.0346961527902448,-0.0739603227528824,0.084678075970635,-0.165223252784585,-0.0285690723860164,0.202862225152144,0.194769112963542,0.163808137516255,0.187479978907241,-0.302342979143263,-0.0745511024680218,-0.0307749904137026,0.00299615339392652,0.120434818064625,0.0881460231587014,0.0564604132116932,0.0603989740471923,0.144397885055126,0.101752286025848
