"","l_Insular.Cortex","r_Insular.Cortex","l_Amygdal.Area","r_Amygdal.Area","l_Bed.Nucleus.of.the.Stria.Terminalis","r_Bed.Nucleus.of.the.Stria.Terminalis","l_Hippocampus","r_Hippocampus","l_Orbitofrontal.cortex","r_Orbitofrontal.cortex","l_Entorhinal.Cortex","r_Entorhinal.Cortex","l_Frontal.Association.Cortex","r_Frontal.Association.Cortex","l_Globus.Pallidus","r_Globus.Pallidus","l_Glomerular.Layer.of.the.Accessory.Olfactory.Bulb","r_Glomerular.Layer.of.the.Accessory.Olfactory.Bulb","l_Glomerular.Layer.of.the.Olfactory.Bulb","r_Glomerular.Layer.of.the.Olfactory.Bulb","l_Granule.Cell.Level.of.the.Cerebellum","r_Granule.Cell.Level.of.the.Cerebellum","l_Hypothalamic.Region","r_Hypothalamic.Region","l_Entorhinal.Cortex","r_Entorhinal.Cortex","l_Vermix.Molecular.Layer.of.the.Cerebellum","r_Vermix.Molecular.Layer.of.the.Cerebellum","l_Lateral.Molecular.Layer.of.the.Cerebellum","r_Lateral.Molecular.Layer.of.the.Cerebellum","l_Anterior.Olfactory.Bulb","r_Anterior.Olfactory.Bulb","l_Posterior.Olfactory.Bulb","r_Posterior.Olfactory.Bulb","l_Subiculum","r_Subiculum","l_Perirhinal.Area","r_Perirhinal.Area","l_PreLimbic.System","r_PreLimbic.System","l_Primary.Cingular.Cortex","r_Primary.Cingular.Cortex","l_Primary.Motor.Cortex","r_Primary.Motor.Cortex","l_Retrosplenial.Cortex","r_Retrosplenial.Cortex","l_Secondary.Cingular.Cortex","r_Secondary.Cingular.Cortex","l_Secondary.Motor.Cortex","r_Secondary.Motor.Cortex","l_Striatum","r_Striatum","l_Ventral.Tegmental.Area","r_Ventral.Tegmental.Area","l_Substantia.Nigra","r_Substantia.Nigra","l_Thalamus","r_Thalamus"
"1",1,0.315088485356721,-0.133229482849728,0.0981739739967547,0.129667035353398,0.0207192948197587,0.0125806238474525,-0.0898766731048182,0.267260077630593,0.229033405417614,0.187871251163786,0.242749844220069,-0.0017968399054434,-0.0287865676837084,0.0234509851305799,0.149217197163854,0.0821299987653996,-0.0690628415246577,-0.0945352886643698,-0.139710942250847,-0.0273257445565121,0.145509223269071,-0.00484226549418933,-0.0390947313940608,0.0214261965515299,0.0270375463201221,0.00633089345693163,-0.0333234330095993,0.0708302621766708,-0.136927342902385,0.416802662550427,0.0632062023668751,0.298155524250501,-0.0049955982192287,0.095647945274818,-0.171092793322375,0.043319957481177,-0.0497326229336707,0.248660906578768,0.341916515689846,-0.173363037461027,-0.184120923705802,0.0898080777250693,-0.0767811829994448,-0.200556043467642,-0.171747236634586,-0.0813263746045419,-0.129385766607904,-0.0412753769690702,0.00892539222598935,0.145102796534271,0.151215559899943,0.0554669106579725,-0.138314606229111,0.032371955076909,0.0120997158817832,-0.0519655030658731,-0.185327802454564
"2",0.315088485356721,1,0.17493495179986,0.125957353462986,-0.00983572232897897,-0.052809361475732,0.145512858079086,0.0416804044231542,0.202864824337991,0.149120575081559,-0.110022605212776,0.120781789390439,-0.0512305749526542,0.111365956682701,0.0127705616118607,-0.0741482218909479,-0.0683852207800584,0.0551623037592616,0.152122036269326,-0.305308399377825,0.0739312093686316,0.0462129755087082,-0.0751722989888765,0.0505222534519223,0.0561633337714343,0.101059894392015,0.0837834928003418,-0.123516241947778,-0.0241125902662222,-0.161784585296673,0.0167158362163553,-0.140523520028093,-0.0200500543947415,-0.0446321368707378,-0.0107093286796007,-0.204639384090487,0.0970524910029679,0.246701887573983,0.0547778347284015,0.162138381687853,0.224481267492891,0.0239208829082775,0.0273438670277515,-0.12385349747746,-0.0891631608864601,-0.0587383403134771,0.298237286438421,0.0820862988952202,0.139959508565439,0.0847085207821518,-0.0914920277971598,-0.00202197248959505,0.101568276596004,-0.083933437363794,0.034830967102893,0.0440691285488153,-0.0305578578770235,-0.257135084039918
"3",-0.133229482849728,0.17493495179986,1,-0.0632941453439756,0.0315846876418331,-0.0723715186124408,-0.0987613416041712,0.133550137657653,-0.19700651094838,-0.0885072301866053,-0.00283281652858799,0.0245466671342119,-0.23466932251823,0.0897462164032715,0.009160377858628,-0.130671111173657,0.0986453890668797,0.141058487255569,-0.0460328189656303,-0.137930950409525,-0.0193611192664136,0.0124829336434064,-0.138355756396293,0.0517879822580902,0.094876022801114,-0.119983652622194,-0.0250829993599594,-0.0459669261878287,0.109141371281631,0.0522345639217011,-0.0603316461806296,-0.127873504695925,-0.304410396254645,0.0249300115000207,-0.00692095207466493,-0.0341898466642951,-0.0594118811392835,0.253659641060227,-0.0271016525381244,-0.0309576826818705,0.036620248013165,0.163822708202267,-0.114365961141304,-0.0921181950378291,0.130916895401507,0.0230393957938403,0.0962808355792364,0.00793594872376894,-0.13830119746352,0.0500745355668764,-0.183467889348068,0.020329021030055,0.0449734047311039,0.0098811690809979,-0.054196773220509,0.045972461469863,0.0224395936869616,-0.0180056092489193
"4",0.0981739739967547,0.125957353462986,-0.0632941453439756,1,0.0182691355080012,0.0776009722351528,-0.0951857880532508,-0.0270569353374077,-0.0159249422835822,-0.050551947511841,0.0577626844891147,0.269292697558096,-0.12865855197217,0.0202123611969045,0.0276098949460499,0.03641488942203,0.0210436449072062,0.00936187438285325,-0.0771399600247043,-0.0318037771993678,0.0140171890049124,-0.170417299513492,0.0136435916384981,0.0344276539274888,-0.0124111528747317,0.159616628812447,0.00574530446646487,-0.102695547104224,0.0581783002724813,0.0613018381374489,-0.010811058840983,-0.0236545961274173,0.11677796291798,0.140977073840064,-0.118327352657966,-0.0668371935625159,0.11965544794945,-0.035347065169119,0.0955559984680567,0.123966360001523,-0.081991179119391,-0.0800208911529915,0.0107016289269893,0.0801926511813897,-0.201364881502646,-0.22181684496287,0.113290253964558,-0.102551885333021,0.0332472966683298,0.070477019229187,0.065518381580904,0.307576410275764,0.0910308701534248,0.0193634290391316,0.0188243235100833,-0.103592576380975,-0.0627502041378364,0.0299745281786896
"5",0.129667035353398,-0.00983572232897897,0.0315846876418331,0.0182691355080012,1,0.299893047869082,-0.14078517891089,0.0138388629313599,-0.0938623791795334,0.0343273513994608,0.127618343344975,0.243837755712571,0.00972641615852539,-0.0924785084653027,0.128547526911993,0.0418177116585956,0.00689502655904463,0.0128626237763399,0.0264030886659485,0.0613783264159084,-0.108434213193061,0.0848220852164727,0.18351881877002,0.20868409254943,0.21800826624028,-0.227888452491319,-0.199976036811854,-0.0279945240501247,0.179045788910075,-0.177971962476592,-0.0410956275651688,0.138722639036577,-0.00019614185642649,-0.0269261431012287,-0.0203096003347542,-0.0236419910607608,-0.00353796604360084,0.116360408418158,0.184944186357473,0.102603378023933,-0.0107463947281602,-0.0460456083883791,-0.01062686297895,-0.155183542191928,-0.0157668372625671,0.0176389944441635,0.105549124680305,0.145227962517165,-0.0665587469794701,-0.0867246097804655,0.133383695249996,0.114983321699164,-0.0305434743633708,0.00033662998479626,-0.14453774014956,0.0012459176607759,0.0709387655552688,-0.0788276853972482
"6",0.0207192948197587,-0.052809361475732,-0.0723715186124408,0.0776009722351528,0.299893047869082,1,-0.0781501860679035,-0.0104037569286989,-0.0989099927692293,0.0510037662755382,0.123788365188777,0.146258205006899,0.185447812070504,0.0414679598596952,0.119592704953054,0.0974923552574356,0.052672720175066,-0.258346566920023,-0.0328760688223114,0.244753365574986,-0.0112481830604521,-0.109952630380666,-0.0540021284431733,0.145433461433715,0.152878829648951,-0.168589914441719,-0.210726266430679,0.0977813166676422,-0.0508809941548462,0.0958925433816585,-0.021602334929184,0.176312331304908,0.00927065019449977,0.0690018016930015,-0.00525384388731755,0.0312322168484586,-0.00729253076520086,-0.0675215624936455,0.0220740163320517,0.0435502692904099,-0.122537473109293,-0.0148037784731955,-0.152588077569123,0.143498309098319,-0.173680942901843,-0.0284753518728209,-0.144620466260921,0.00222093598970714,0.0382833930606836,0.0203764200751701,0.267800471269625,0.29647893421761,-0.0359787386464096,-0.0812855097468929,0.015050738145748,0.0873874605898384,0.0936154763518335,-0.0482522758379479
"7",0.0125806238474525,0.145512858079086,-0.0987613416041712,-0.0951857880532508,-0.14078517891089,-0.0781501860679035,1,0.00456541657325334,0.0378575585265553,0.101314645352417,0.0742405416262049,-0.0206740404976082,-0.00758092432720601,0.0964483964620375,0.0686872895219548,0.0958360504839551,-0.120788956078785,-0.050511761194156,-0.0657564980036082,-0.091062763981377,-0.103468462936088,0.0596377520118241,0.136709029666224,-0.0428266944752566,-0.0996616181224405,-0.0691394922327359,0.187227047212886,-0.0187535604798414,-0.073217012708144,-0.00969012973865509,0.0595529496533105,-0.159580027297976,-0.0474616764998637,-0.121939833598307,-0.0099687193384225,0.00934082682700262,0.0354633499732001,0.0307381202264611,-0.184403224153645,-0.00263064386201735,0.00972734685941438,-0.128123621546294,0.204726804594417,-0.10564834044718,0.00773926542275835,-0.0697446156690421,0.0432875300638956,0.0555659600962836,0.11001670711945,-0.0157626008704305,-0.00608990456354188,-0.0118172557182923,0.201722144653339,-0.106389993783301,0.00189230336907925,0.198568689368064,0.231598201021489,-0.0421533789261186
"8",-0.0898766731048182,0.0416804044231542,0.133550137657653,-0.0270569353374077,0.0138388629313599,-0.0104037569286989,0.00456541657325334,1,0.083343246144991,0.0555354462322695,-0.0531904769229674,0.0191827440947647,-0.0667416429830633,0.0279075677881398,-0.120591763374393,-0.00422219386870932,-0.0261562998547921,0.093964619325237,-0.0199093717968954,0.114412120757304,0.0502764187552294,-0.0198999175769984,-0.0284030361206355,-0.0189897051622398,0.0895817858584727,0.0012999094825122,-0.0749666172462779,-0.154289313923594,0.0729194324273716,-0.0318589887390922,0.119130944605907,0.0984927948917316,-0.181428569690688,-0.0496806801102021,-0.0387585044304388,0.0974132996540794,0.00160728215372431,0.0414152559475347,0.154739081551085,-0.0155153989113782,0.229086223409419,0.130329477416583,0.0983852728880095,0.0611084661699044,0.0993023124237952,0.0214009952448497,0.178397788586161,0.152977459021988,0.0954027288597856,0.11091299471101,0.178522871257946,0.0080042595838254,0.0395038749093708,-0.120005986861437,-0.115807031132061,-0.0152712211110688,-0.116800314582076,-0.0398043099675097
"9",0.267260077630593,0.202864824337991,-0.19700651094838,-0.0159249422835822,-0.0938623791795334,-0.0989099927692293,0.0378575585265553,0.083343246144991,1,0.321290662333033,0.166527900667562,-0.153382992560661,0.0838574981226378,0.150878938724844,-0.164726028418423,0.00442780393470975,0.0653939524494015,-0.0374453312781402,-0.00810053267574043,0.0209631958813843,-0.0455531075080836,0.124480702429305,0.102313915339984,-0.142991774727312,-0.0120592707082165,0.00087951713175663,0.220505102292375,0.0287678104108094,-0.00395016698443936,-0.0929013250457744,0.281867445936307,0.124105736443899,0.160468064577231,0.0440762751020373,0.122133952259723,-0.0548429086652357,0.0107629340460059,-0.0920152516424628,0.280234106181167,0.299031849341158,0.238524187221791,0.109944789543721,0.382198088986403,0.196637226448501,-0.0249995540884415,-0.0010818098416907,0.159840862071971,-0.00608222079841731,0.173220561384781,0.303233233258484,-0.00759896865161982,-0.302803982858028,-0.055153416003633,-0.171559480561352,0.0611130831367128,-0.135845211167376,-0.172595761463323,-0.189230955955155
"10",0.229033405417614,0.149120575081559,-0.0885072301866053,-0.050551947511841,0.0343273513994608,0.0510037662755382,0.101314645352417,0.0555354462322695,0.321290662333033,1,0.226796342694692,-0.0752902136262284,-0.15103032824574,0.13960767257201,0.00465726483780964,0.0896482457351684,-0.197690986467213,0.0241889772970549,-0.00539533910316544,-0.114356049494063,-0.118993041824731,0.127675016575207,0.0544677002696974,0.122347203048765,0.102163753953747,0.0465942449241638,-0.0391405435723803,-0.0198364303462038,0.207557911085902,-0.0389794840172563,-0.00763233634461365,0.115329050943569,0.130245117355805,-0.108033051276011,0.171790574580723,-0.00979413601147659,0.272298997915121,-0.0854132390167763,0.255764429329543,0.21804236978966,0.134582096883045,0.0494698811320579,0.0922038669141578,0.088951692536965,0.0954422169862661,0.157487726422648,0.0919040085346649,-0.0241304400246358,-0.0290398587329243,0.163249705969538,-0.0129662056730604,-0.0986798924107679,-0.0774598555067734,-0.117278637783057,0.0914390381516395,0.00102542723317955,0.0505348788229053,-0.203439102448433
"11",0.187871251163786,-0.110022605212776,-0.00283281652858799,0.0577626844891147,0.127618343344975,0.123788365188777,0.0742405416262049,-0.0531904769229674,0.166527900667562,0.226796342694692,1,0.0316510340580362,-0.0492293159049254,0.0769477677091174,-0.0114052711649358,0.0780107040759792,-0.00166608983136312,-0.145174591298437,0.0126693136178345,0.171449923300172,0.0420915102976492,0.180532467403621,-0.0196974599707677,-0.056875635900265,0.00896848927766384,-0.0129221161816882,-0.0986627357956368,0.0920156323579906,0.320601511306982,0.0810350498996029,0.126288201065841,-0.0129288152452741,0.280813204682962,0.0541441582203023,0.181216639625956,-0.133888694478125,-0.0456774138272888,0.166252297254429,0.170519578846882,0.1027929445062,-0.160423171605661,-0.108497855025946,-0.00341337325898679,0.0230853583149194,-0.122286068012576,-0.13012815148289,0.0129122494043123,-0.0875576350857786,-0.072119845182926,0.0870639428480931,0.0181946622281215,0.165170610331849,-0.174431057001067,-0.132982315109379,-0.0877253309521736,-0.119935533269088,0.0580616104221219,0.0381860713506881
"12",0.242749844220069,0.120781789390439,0.0245466671342119,0.269292697558096,0.243837755712571,0.146258205006899,-0.0206740404976082,0.0191827440947647,-0.153382992560661,-0.0752902136262284,0.0316510340580362,1,0.119764061664148,0.0221949205242705,0.101319192584949,0.161095773910403,-0.00635303632408375,-0.00694768695006034,0.0143791659706399,-0.0197509594455171,-0.0109352444885613,-0.00814846817905541,-0.117355562627703,0.0642035389673252,0.0272158244875458,-0.371776489346547,-0.175211225046615,-0.226224482074688,0.0681585676401299,-0.0655575791934044,-0.100367453567493,-0.00498374772239976,0.0171093526562125,0.233851190654544,-0.0377604107975452,-0.0714174269401314,0.0409443419086076,0.0711741401466995,0.0107704046572394,0.0414400293739522,-0.0924000950663712,-0.119458685057037,0.158213123507809,0.0326318300953444,-0.160141625492916,-0.153988353005676,-0.123143140944538,-0.0667654402113995,0.141323539248052,0.0903306924827693,0.0609094724305067,0.361974469024027,-0.138403504779288,0.072545739152665,0.00793931448816032,0.0613261427291079,-0.111589112614881,-0.0442177533169863
"13",-0.0017968399054434,-0.0512305749526542,-0.23466932251823,-0.12865855197217,0.00972641615852539,0.185447812070504,-0.00758092432720601,-0.0667416429830633,0.0838574981226378,-0.15103032824574,-0.0492293159049254,0.119764061664148,1,0.0290290602692678,-0.030742488464886,0.11023085073396,0.272696487892271,0.0350548091177978,0.116133863741723,0.231737103838104,0.133921532785025,-0.119650768397723,0.104982283262077,0.0856707010560427,0.0773499870294251,-0.212572314310935,-0.150496367990003,-0.0411888378343729,0.0202495443172304,0.183777106814774,0.0721514312672415,0.241169165356205,0.0452322429229192,-0.035065911445589,-0.135034758583818,0.0122538468799978,0.0213772427125541,-0.198133359463564,-0.0643800483274082,0.0743328724090183,-0.106558963573839,-0.255520272765592,0.0151929922448656,0.0135062064421958,-0.126615981079288,-0.171000360777246,-0.25362607825152,-0.0363266220582882,0.455175638051175,0.00868389185968362,0.117022200765701,-0.0728161992743103,-0.104182988986931,-0.0845626640253978,0.132023820040987,0.0110826768808825,-0.12043002234367,-0.00349725727905321
"14",-0.0287865676837084,0.111365956682701,0.0897462164032715,0.0202123611969045,-0.0924785084653027,0.0414679598596952,0.0964483964620375,0.0279075677881398,0.150878938724844,0.13960767257201,0.0769477677091174,0.0221949205242705,0.0290290602692678,1,0.0623249149811788,-0.060805664048613,0.242140071711786,0.434256836155988,0.0523941499835503,0.00920388180000528,0.00203567821539367,-0.0119407979797492,-0.0764805135684171,0.0312098136933095,0.0363918657007424,-0.018578143518442,-0.059295689827208,0.0530259377956775,0.189632116349013,0.0349221953625316,0.050454641270363,0.130712041571776,0.14547308491418,0.172655742615911,-0.055646535647575,0.156235523310696,0.141119079785526,0.0515412666462867,0.150329033849724,0.054775450350075,0.104223910543152,0.057209463038389,-0.0367883621270454,0.101549950849202,0.0365260074988173,-0.15491680983147,-0.0228486100980548,0.0521684375485134,0.0753721338590476,0.687746462968765,0.00633047137789395,0.20787521883757,-0.132617912904697,0.0294358156700791,-0.049128722166664,0.213767876754818,-0.0462394037140175,-0.0402895050650057
"15",0.0234509851305799,0.0127705616118607,0.009160377858628,0.0276098949460499,0.128547526911993,0.119592704953054,0.0686872895219548,-0.120591763374393,-0.164726028418423,0.00465726483780964,-0.0114052711649358,0.101319192584949,-0.030742488464886,0.0623249149811787,1,-0.241911614814148,0.012651857230415,0.0519554191339956,-0.0195040375278877,-0.161429324255159,0.119016905085461,0.0288594811727508,-0.0197525473636977,0.0843343218262683,-0.0767847668178558,-0.00028194711152758,-0.120436976985527,-0.0453815296772585,-0.0740016612256124,-0.104633415334379,-0.161434570408252,0.015513557694552,-0.0526647428342954,0.0434235227174024,0.101473290169559,0.0715935163349624,0.0147963254372761,-0.0124031344811008,0.0017806682614363,-0.00504422971020281,-0.123572322361221,0.0176258563667732,0.126858666631592,-0.0621976931633971,0.00973636636212787,-0.0751333414819224,0.0180998842200064,0.0277317186863154,-0.0964836202103473,0.0291527124178458,0.269164327341074,0.168333929624544,-0.0259249208283882,-0.033390321056569,-0.0863602837053313,0.0740525820788213,0.0835548467451673,-0.0125086043023608
"16",0.149217197163854,-0.0741482218909479,-0.130671111173657,0.03641488942203,0.0418177116585956,0.0974923552574356,0.0958360504839551,-0.00422219386870932,0.00442780393470975,0.0896482457351684,0.0780107040759792,0.161095773910403,0.11023085073396,-0.060805664048613,-0.241911614814148,1,0.00476613174147302,0.0715116663026872,-0.0209114790347538,0.030149092855055,0.0156964874429398,0.0548607276750121,0.0398982792834697,0.0819068969575334,0.0174963014534242,0.0213792678616587,0.0972588311082155,0.0898858874102499,0.101785502383825,0.0845047112429307,0.225621291873327,0.149579516842222,0.189367837168404,0.0374344931204384,-0.0532935241773421,0.0379318155106876,0.0616010604759359,-0.0716843715579902,0.133220022771686,0.154166084322739,-0.188310296623375,-0.0815011986917708,-0.0707445776609127,0.152499507598396,-0.119250640410021,-0.0407085707069078,-0.0583455364441666,-0.048190044065914,-0.00785703642703328,0.0293877584607641,0.0150145874597242,0.0416762930802473,0.120366644163516,0.060282950985932,0.0320989414741188,-0.0915480367813446,-0.0716874912163041,0.133909400254712
"17",0.0821299987653996,-0.0683852207800584,0.0986453890668797,0.0210436449072062,0.00689502655904463,0.052672720175066,-0.120788956078785,-0.0261562998547921,0.0653939524494015,-0.197690986467213,-0.00166608983136312,-0.00635303632408375,0.272696487892271,0.242140071711786,0.012651857230415,0.00476613174147302,1,0.0795535571247294,-0.0407225220737281,0.152637375216116,0.138147854739605,-0.0344215005446568,-0.0934080059731215,-0.128255478766953,-0.052560071376946,0.0406203293426811,0.100488112067798,0.015571797540243,0.163700397930771,0.199583781469835,0.222934355443879,0.204512134218368,0.178862112000178,0.17368120356002,-0.0913953649041432,0.160537040332902,-0.0848643270606351,0.0517035116557434,-0.00494016124324756,0.0468103815673348,-0.146296965716951,-0.12570153584388,-0.057418045004924,-0.0587532784419386,-0.132227834663768,-0.195851169332087,-0.092675403860818,-0.0911810831960307,0.243068108245199,0.0936273271560629,0.212925262571978,0.10948375168818,-0.169357960655513,0.00907528734723439,-0.0502887726024809,-0.0769775666755401,-0.121405114408606,-0.0636221238571453
"18",-0.0690628415246577,0.0551623037592616,0.141058487255569,0.00936187438285325,0.0128626237763399,-0.258346566920023,-0.050511761194156,0.093964619325237,-0.0374453312781402,0.0241889772970549,-0.145174591298437,-0.00694768695006034,0.0350548091177978,0.434256836155988,0.0519554191339956,0.0715116663026872,0.0795535571247294,1,0.198195581960573,-0.0430829385679081,0.11948793786204,-0.00452480797306145,-0.0518529392808008,0.0530319078569866,0.0582166645084268,0.0809854233564008,0.106309969724544,-0.15795083156775,0.291161030892191,-0.109778324505414,-0.0524379316765329,0.118249916840431,0.0487788084491086,-0.00574558558270476,-0.0378040493626861,0.0657306637029457,0.0743591784132806,0.128771123849981,0.0710319508355763,0.0753468086798141,0.114490621172274,0.0875018157526246,0.104030722631922,0.0394534930768979,0.0588795213824388,-0.130539513182516,0.15484672561871,0.00201188703423466,0.0130912268116652,0.526782841647328,0.0741212905385501,0.0306559310934575,0.0644988615920998,0.0963647035538609,0.0269030854494258,0.125070645191076,-0.0693281087663667,0.0837578930230107
"19",-0.0945352886643698,0.152122036269326,-0.0460328189656303,-0.0771399600247043,0.0264030886659485,-0.0328760688223114,-0.0657564980036082,-0.0199093717968954,-0.00810053267574043,-0.00539533910316544,0.0126693136178345,0.0143791659706399,0.116133863741723,0.0523941499835503,-0.0195040375278877,-0.0209114790347538,-0.0407225220737281,0.198195581960573,1,0.190314276871055,0.265518606912468,0.223824555418167,0.135085694254575,0.206238946464549,-0.0820146152909204,0.0630830890044802,-0.0366314746777857,0.0269799039749954,0.2237141036582,-0.0960534082143696,0.15210172268248,0.276449113751586,0.0766299619156923,0.0540368921959972,0.164479101156174,0.0612425989796348,0.249412663536999,0.115408592530056,0.163712052503061,0.101536020985287,0.256276988530434,0.119614214840644,0.0894403501646555,-0.0487104701018534,0.00278678940971897,0.0465748876793362,0.0828341399569008,0.14539674249847,0.140527693807463,0.126905799070404,-0.0375506051804025,0.142705114533249,-0.0600564949256084,0.0145288954799532,-0.0518869350567309,-0.156367234457693,-0.0187017771193752,0.026412274848231
"20",-0.139710942250847,-0.305308399377825,-0.137930950409525,-0.0318037771993678,0.0613783264159084,0.244753365574986,-0.0910627639813769,0.114412120757304,0.0209631958813843,-0.114356049494064,0.171449923300172,-0.0197509594455171,0.231737103838104,0.00920388180000528,-0.161429324255159,0.030149092855055,0.152637375216116,-0.0430829385679081,0.190314276871055,1,0.0640656990180245,-0.182458550736102,0.132897635373411,0.146936891560917,0.132465586501935,-0.054811926401538,-0.0208662855805161,-0.0719364632826674,0.094087124697608,0.059115787573423,0.117261124738955,0.34857434680306,0.0545132006268135,0.0796646341596602,-0.124741316440659,0.131467314054535,-0.114859436653362,0.0255819458836789,0.133876969399365,-0.00745324365051174,0.0444532949948851,-0.00472470835069712,-0.0130295617387708,0.00554056680719216,-0.131591019438654,-0.089034720553086,-0.0195387007437847,0.0588805380442721,0.161845134254546,0.0191212185921335,0.108728750439958,0.132055112956254,-0.0979311066351373,-0.090606910126065,-0.0462188894798092,-0.0181363673180858,0.058198546370305,-0.00216903242870757
"21",-0.0273257445565121,0.0739312093686316,-0.0193611192664136,0.0140171890049124,-0.108434213193061,-0.0112481830604521,-0.103468462936088,0.0502764187552294,-0.0455531075080836,-0.118993041824731,0.0420915102976492,-0.0109352444885613,0.133921532785025,0.00203567821539367,0.119016905085461,0.0156964874429398,0.138147854739605,0.11948793786204,0.265518606912468,0.0640656990180245,1,0.215534073218411,-0.01401057041286,-0.0882586495305795,0.0910581984225045,0.122067569567774,-0.0162148932339922,0.0238821883377937,0.225714989872903,0.0933662986351932,0.109918080562769,0.101419266411254,0.0673157820803203,0.0877650772119347,0.164105563285679,0.085646356454964,0.0551426604556209,0.204533576990728,0.0523633456888186,0.00099555095038398,-0.0222451459503816,0.0480169348235994,-0.0128172906087207,0.134814278479919,-0.0442258802769772,0.0547565992782587,0.004603103330692,0.122705771747978,0.10543351768451,0.0351455590748803,0.242044566780705,0.200448823369537,-0.158668173853567,-0.0359162570122355,0.0564972714761491,-0.233318122644607,-0.241717244157511,0.0869291246332715
"22",0.145509223269071,0.0462129755087082,0.0124829336434064,-0.170417299513492,0.0848220852164727,-0.109952630380666,0.0596377520118241,-0.0198999175769984,0.124480702429305,0.127675016575207,0.180532467403621,-0.00814846817905541,-0.119650768397723,-0.0119407979797492,0.0288594811727508,0.0548607276750121,-0.0344215005446568,-0.00452480797306145,0.223824555418167,-0.182458550736102,0.215534073218411,1,0.10340925003951,-0.088658323832909,-0.0802594847019371,0.0650000651608585,0.1827805063512,0.11342717179535,0.22282622094265,0.0651261018260949,0.181308719071199,0.0943991970109087,0.126285325580521,0.0286585554204755,0.258734015406703,-0.0539262289453561,0.0907967001795502,0.163184669957,0.111594417689755,0.0101860290979114,0.0245551698581319,0.197729049428658,0.00981134479273431,-0.0182444717365266,0.16612459001791,0.0888655557788049,-0.0351068135364786,0.126601580115936,-0.136479157784164,0.0286878055319986,-0.0646721036316801,-0.0182823525559191,-0.0921353794200385,-0.224599961500859,0.0680757135125556,-0.0437893385549246,0.0817580765027387,0.0302860504738959
"23",-0.00484226549418933,-0.0751722989888765,-0.138355756396293,0.0136435916384981,0.18351881877002,-0.0540021284431733,0.136709029666224,-0.0284030361206355,0.102313915339984,0.0544677002696974,-0.0196974599707677,-0.117355562627703,0.104982283262077,-0.0764805135684171,-0.0197525473636977,0.0398982792834697,-0.0934080059731215,-0.0518529392808008,0.135085694254575,0.132897635373411,-0.01401057041286,0.10340925003951,1,0.230944439199908,-0.114472336515294,0.031242994752986,-0.128171254216874,0.0604667055011208,0.0505941003606475,0.14906402417752,0.170472634891583,0.0870620684093102,-0.0474658712682002,0.0820958927441413,-0.10184314308952,0.230547553034755,0.067109949468369,0.00191096529331261,0.0506770539096762,0.0879665486193621,0.126199521587716,0.0235549820471967,0.0552962309773322,0.0508330860148986,-0.0426561578263007,-0.0406428925910506,0.0668931460490369,0.127550260119301,0.104217827711254,-0.0418711728060423,-0.0369345359301744,-0.0640239249496182,0.079314200412643,-0.0942418653240517,-0.0694571963675895,0.0451585292777481,0.210509212790833,0.0114124015773926
"24",-0.0390947313940608,0.0505222534519223,0.0517879822580902,0.0344276539274888,0.20868409254943,0.145433461433715,-0.0428266944752566,-0.0189897051622398,-0.142991774727312,0.122347203048765,-0.056875635900265,0.0642035389673252,0.0856707010560427,0.0312098136933095,0.0843343218262683,0.0819068969575334,-0.128255478766953,0.0530319078569866,0.206238946464549,0.146936891560917,-0.0882586495305795,-0.088658323832909,0.230944439199908,1,0.170003335799212,-0.0337594942759505,-0.330564919851348,0.217707608766047,0.225202827556104,-0.0619917632782377,-0.0877767289710537,-0.0202103344674986,-0.0654491143758066,-0.0330027957016219,-0.127055365827139,-0.0745384287094098,0.0131108635127266,-0.0546814036893908,0.272119912825784,0.203335427700806,0.0718639502408532,0.0253572147909635,-0.146519193389189,-0.0137512457109912,0.049726225646886,-0.00964941031203626,0.11997726936047,0.0467658875126759,0.0387919426088288,0.0425958845004301,-0.0289550695988506,0.065728913229048,0.0884443468099734,0.0774042491509572,0.0570705156935863,0.110413466798853,0.193277798530861,-0.199814788262691
"25",0.0214261965515299,0.0561633337714343,0.094876022801114,-0.0124111528747317,0.21800826624028,0.152878829648951,-0.0996616181224405,0.0895817858584727,-0.0120592707082165,0.102163753953747,0.00896848927766384,0.0272158244875458,0.0773499870294251,0.0363918657007424,-0.0767847668178558,0.0174963014534242,-0.052560071376946,0.0582166645084268,-0.0820146152909204,0.132465586501935,0.0910581984225045,-0.0802594847019371,-0.114472336515294,0.170003335799212,1,-0.125590713283035,-0.0703948617998719,-0.0692510725189161,0.0295794531566776,-0.0357097202771766,0.0188225915019716,0.134917517420099,-0.0886806052671764,-0.195111638533657,-0.216462559682804,-0.02153524118937,-0.0427470062821386,0.0319346611298683,0.187027353662838,0.0328962329489301,0.044451701629856,0.0767820834767203,-0.143482689045305,-0.00466853386669967,0.0298167404551543,0.00601298596859894,0.0860887846658726,0.129312623677751,-0.00670936914828075,0.0778883197099701,0.124051588342243,-0.0143916636920435,-0.0449574566075,-0.0411171336378572,0.0593551082104835,-0.00084650056130598,0.087120962753609,0.109753808226365
"26",0.0270375463201221,0.101059894392015,-0.119983652622194,0.159616628812447,-0.227888452491319,-0.168589914441719,-0.0691394922327359,0.0012999094825122,0.00087951713175663,0.0465942449241638,-0.0129221161816882,-0.371776489346547,-0.212572314310935,-0.018578143518442,-0.00028194711152758,0.0213792678616587,0.0406203293426811,0.0809854233564008,0.0630830890044802,-0.054811926401538,0.122067569567774,0.0650000651608585,0.031242994752986,-0.0337594942759505,-0.125590713283035,1,0.121182129129432,0.20600938280096,0.0438115850637045,0.0160349515659122,0.115457428529265,-0.0860377859611713,0.213845906133104,-0.0673640017903047,-0.00184475050082387,0.06439617530386,0.12338809009487,0.069826330818434,0.144107249450334,0.0663401410568193,-0.0850898801210663,-0.0202912071413179,-0.144244507507941,-0.00816217078761121,-0.00176298388144912,0.0630568269309509,0.107901485915321,-0.0634620542736948,-0.17876760465431,-0.0154239007741417,-0.123822648790994,-0.0643113280479275,0.211199842833193,0.0685373978522961,0.08784580852851,-0.0564930674113314,0.11529482413406,-0.0219992438086775
"27",0.00633089345693163,0.0837834928003418,-0.0250829993599594,0.00574530446646487,-0.199976036811854,-0.210726266430679,0.187227047212886,-0.0749666172462779,0.220505102292375,-0.0391405435723803,-0.0986627357956368,-0.175211225046615,-0.150496367990003,-0.059295689827208,-0.120436976985527,0.0972588311082155,0.100488112067798,0.106309969724544,-0.0366314746777857,-0.0208662855805161,-0.0162148932339922,0.1827805063512,-0.128171254216874,-0.330564919851348,-0.0703948617998719,0.121182129129432,1,0.0271013157251312,-0.0184604821417922,-0.0716990819281988,0.101263867594927,-0.0318729730496553,0.0983812992762706,-0.0598512324859199,0.00642969707581003,0.0641241236054412,-0.019494021502307,0.240054153912823,-0.0882878737728355,-0.0178227857008245,0.048833567044667,0.0714768013751283,0.0491765946055749,0.050708263815273,-0.018767036276731,0.117586898856545,0.0330033576522044,0.0179858771273764,-0.137823865957647,0.0619670139455658,-0.044446046011303,-0.24420293885283,0.0620459431715117,-0.011839782947348,-0.0904523536744248,-0.0474258404675169,-0.061379841754878,0.108009344568671
"28",-0.0333234330095993,-0.123516241947778,-0.0459669261878287,-0.102695547104224,-0.0279945240501247,0.0977813166676422,-0.0187535604798414,-0.154289313923594,0.0287678104108094,-0.0198364303462038,0.0920156323579906,-0.226224482074688,-0.0411888378343729,0.0530259377956775,-0.0453815296772585,0.0898858874102499,0.015571797540243,-0.15795083156775,0.0269799039749954,-0.0719364632826674,0.0238821883377937,0.11342717179535,0.0604667055011208,0.217707608766047,-0.0692510725189161,0.20600938280096,0.0271013157251312,1,0.0560212768135534,0.0631223955345013,0.105321403663177,-0.068942961626887,0.105876452607599,-0.0096467701459476,0.00091258528717026,0.243966830917323,-0.0398819910601861,-0.0358597491320278,-0.00818432093634873,0.0995405220407281,-0.140236847688728,-0.0954081699782256,-0.199322036445453,-0.0406734718493339,0.0801765966056215,0.0750588374825326,-0.247813356048628,-0.196944689211944,-0.0537883123074611,0.0714958533158128,-0.103095899639757,-0.0595317334370773,0.200519618337026,0.0935737144110541,0.00555555219955746,0.0292134883935868,0.184313238845726,-0.00883258734861061
"29",0.0708302621766708,-0.0241125902662222,0.109141371281631,0.0581783002724813,0.179045788910075,-0.0508809941548462,-0.073217012708144,0.0729194324273716,-0.00395016698443936,0.207557911085902,0.320601511306982,0.0681585676401299,0.0202495443172304,0.189632116349013,-0.0740016612256124,0.101785502383825,0.163700397930771,0.291161030892191,0.2237141036582,0.094087124697608,0.225714989872903,0.22282622094265,0.0505941003606475,0.225202827556104,0.0295794531566776,0.0438115850637045,-0.0184604821417922,0.0560212768135534,1,0.151643585180622,0.0853040220821942,0.172892832452624,0.163323832247097,0.101776756559515,0.16803643316842,-0.0398120637185069,0.167026384677435,0.266809386355043,0.240381201158544,0.105938941042411,0.153162202857876,0.0242350708233397,-0.0994402431604312,-0.047309343376682,0.134739606859359,-0.0413986868481242,0.066213872453902,-0.00880236045064722,0.0258632029122906,0.228218430421027,-0.0673853420409847,0.00193080834469256,-0.218490677682988,0.0321364009639104,-0.0727498948454424,-0.0189957756504597,-0.0777460217969172,-0.102694574531167
"30",-0.136927342902385,-0.161784585296673,0.0522345639217011,0.0613018381374489,-0.177971962476592,0.0958925433816585,-0.00969012973865509,-0.0318589887390922,-0.0929013250457744,-0.0389794840172563,0.0810350498996029,-0.0655575791934044,0.183777106814774,0.0349221953625316,-0.104633415334379,0.0845047112429307,0.199583781469835,-0.109778324505414,-0.0960534082143695,0.059115787573423,0.0933662986351932,0.0651261018260949,0.14906402417752,-0.0619917632782377,-0.0357097202771766,0.0160349515659122,-0.0716990819281988,0.0631223955345013,0.151643585180622,1,0.0497904298439682,0.117263313990904,-0.00994777765814327,0.0925137291099924,0.0358408490794403,0.00619868802318237,-0.0512276232700272,0.045204397952834,-0.174738341875371,-0.194037257242737,-0.0535007637145131,-0.00158616131385482,-0.104247998254428,0.134371009743642,0.021387920587101,-0.0880622212942336,-0.196245843580755,-0.0684418508866362,0.211340311695036,0.0196474388030375,-0.0265612760756949,0.0244362090501619,0.0368900696132646,0.110063104936134,0.0351295615124257,0.0800624279790474,0.0548063297092128,0.0355465025788643
"31",0.416802662550427,0.0167158362163553,-0.0603316461806296,-0.010811058840983,-0.0410956275651689,-0.021602334929184,0.0595529496533105,0.119130944605907,0.281867445936307,-0.00763233634461365,0.126288201065841,-0.100367453567493,0.0721514312672415,0.050454641270363,-0.161434570408252,0.225621291873327,0.222934355443879,-0.0524379316765329,0.15210172268248,0.117261124738955,0.109918080562769,0.181308719071199,0.170472634891583,-0.0877767289710537,0.0188225915019716,0.115457428529265,0.101263867594927,0.105321403663177,0.0853040220821942,0.0497904298439682,1,0.277730321832993,0.319485345288257,-0.0439220783898932,0.0621261701122329,0.144728212182073,-0.123895608743842,0.00671316865046843,0.147004686938839,0.211682666976069,-0.139889125330248,-0.0538329075727665,0.0007608062422629,0.0639956538079289,-0.285786128814873,-0.130352276409919,-0.140799031593154,-0.0546403057962778,0.0147354153974868,0.118820474910818,0.181206597949767,0.103162610022419,-0.0441186404912895,-0.241914928183149,0.0517119321000993,-0.0648020709862904,-0.0722169248944528,-0.102747044780474
"32",0.0632062023668751,-0.140523520028093,-0.127873504695925,-0.0236545961274173,0.138722639036577,0.176312331304908,-0.159580027297976,0.0984927948917316,0.124105736443899,0.115329050943569,-0.0129288152452741,-0.00498374772239976,0.241169165356205,0.130712041571776,0.015513557694552,0.149579516842222,0.204512134218368,0.118249916840432,0.276449113751586,0.34857434680306,0.101419266411254,0.0943991970109087,0.0870620684093102,-0.0202103344674986,0.134917517420099,-0.0860377859611713,-0.0318729730496553,-0.068942961626887,0.172892832452624,0.117263313990904,0.277730321832993,1,0.107010093776153,0.169171293979886,0.0901971092780953,0.21532793633861,0.122920812423335,-0.143057463631168,0.232198194627635,0.186778582294275,0.01027680828769,0.0200676013117752,0.068830069451691,-0.029245137088686,-0.191486681948432,-0.113986743163161,-0.0652158893091777,0.146101997599809,0.0994361541272329,0.097760408119347,0.0860745650110679,0.147401412567226,-0.231189950253606,-0.0418408821233012,-0.192344688714693,-0.00635053894555788,-0.14955271427015,-0.0796522384444174
"33",0.298155524250501,-0.0200500543947415,-0.304410396254645,0.11677796291798,-0.00019614185642649,0.00927065019449977,-0.0474616764998637,-0.181428569690688,0.160468064577231,0.130245117355805,0.280813204682962,0.0171093526562125,0.0452322429229192,0.14547308491418,-0.0526647428342954,0.189367837168404,0.178862112000178,0.0487788084491086,0.0766299619156923,0.0545132006268135,0.0673157820803203,0.126285325580521,-0.0474658712682002,-0.0654491143758066,-0.0886806052671764,0.213845906133104,0.0983812992762706,0.105876452607599,0.163323832247097,-0.00994777765814327,0.319485345288257,0.107010093776153,1,-0.00582477362728245,-0.00437082716211346,0.00445969228707101,0.0360153585564068,-0.0822722552240227,0.0675220142091617,-0.0213394764156666,-0.20000002334136,-0.0881607624683716,-0.113036702234075,0.0714673930395753,-0.121513853432141,-0.0304016528605732,-0.25446842802285,-0.104240551672381,-0.0192656143374462,0.105343474106724,0.164273933808891,0.107379340217797,-0.104469005069726,0.052771724753762,0.0340547326701426,-0.169339839080357,-0.0343745150675885,-0.112212339079986
"34",-0.0049955982192287,-0.0446321368707378,0.0249300115000207,0.140977073840064,-0.0269261431012287,0.0690018016930016,-0.121939833598307,-0.0496806801102021,0.0440762751020373,-0.108033051276011,0.0541441582203024,0.233851190654544,-0.035065911445589,0.172655742615911,0.0434235227174024,0.0374344931204384,0.17368120356002,-0.00574558558270477,0.0540368921959972,0.0796646341596602,0.0877650772119347,0.0286585554204755,0.0820958927441413,-0.0330027957016219,-0.195111638533657,-0.0673640017903047,-0.0598512324859199,-0.00964677014594761,0.101776756559515,0.0925137291099924,-0.0439220783898932,0.169171293979886,-0.00582477362728245,1,-0.0435862662281682,0.134563007468843,0.0725459530521136,-0.0135708019538219,0.122208281171172,0.142821582321592,-0.0361881554568316,0.0185759060919482,0.0645624959690429,0.136155981995662,-0.0943112595619347,-0.107849187239593,-0.0714636332703629,-0.02651436060916,-0.00102702925006629,0.0728789489356274,-0.0891529395719098,0.0765861143598875,-0.124221955104397,-0.116531796617748,0.163830647876712,-0.137513350382795,-0.0336881251128284,-0.00280053857943176
"35",0.095647945274818,-0.0107093286796007,-0.00692095207466493,-0.118327352657966,-0.0203096003347542,-0.00525384388731755,-0.0099687193384225,-0.0387585044304388,0.122133952259723,0.171790574580723,0.181216639625956,-0.0377604107975452,-0.135034758583818,-0.055646535647575,0.101473290169559,-0.0532935241773421,-0.0913953649041432,-0.0378040493626861,0.164479101156174,-0.124741316440659,0.164105563285679,0.258734015406703,-0.10184314308952,-0.127055365827139,-0.216462559682804,-0.00184475050082387,0.00642969707581003,0.00091258528717026,0.16803643316842,0.0358408490794403,0.0621261701122329,0.0901971092780953,-0.00437082716211346,-0.0435862662281682,1,-0.166668782380242,0.0715837271291923,0.0752585692915521,0.0134648734395865,-0.0861317168211076,0.115687336392531,-0.015365897143601,0.0549303223618089,-0.0336306178480252,0.175027528202316,0.078211258013688,0.0868370250039113,0.0911030035218478,-0.0615813499197008,-0.0806134829289176,-0.0750544320281435,0.00773908538684216,-0.122428261867823,0.149013580672034,-0.0892220262921434,0.0895004528850771,-0.107922738348651,-0.184282785574573
