"","l_Insular.Cortex","r_Insular.Cortex","l_Amygdal.Area","r_Amygdal.Area","l_Bed.Nucleus.of.the.Stria.Terminalis","r_Bed.Nucleus.of.the.Stria.Terminalis","l_Hippocampus","r_Hippocampus","l_Orbitofrontal.cortex","r_Orbitofrontal.cortex","l_Entorhinal.Cortex","r_Entorhinal.Cortex","l_Frontal.Association.Cortex","r_Frontal.Association.Cortex","l_Globus.Pallidus","r_Globus.Pallidus","l_Glomerular.Layer.of.the.Accessory.Olfactory.Bulb","r_Glomerular.Layer.of.the.Accessory.Olfactory.Bulb","l_Glomerular.Layer.of.the.Olfactory.Bulb","r_Glomerular.Layer.of.the.Olfactory.Bulb","l_Granule.Cell.Level.of.the.Cerebellum","r_Granule.Cell.Level.of.the.Cerebellum","l_Hypothalamic.Region","r_Hypothalamic.Region","l_Entorhinal.Cortex","r_Entorhinal.Cortex","l_Vermix.Molecular.Layer.of.the.Cerebellum","r_Vermix.Molecular.Layer.of.the.Cerebellum","l_Lateral.Molecular.Layer.of.the.Cerebellum","r_Lateral.Molecular.Layer.of.the.Cerebellum","l_Anterior.Olfactory.Bulb","r_Anterior.Olfactory.Bulb","l_Posterior.Olfactory.Bulb","r_Posterior.Olfactory.Bulb","l_Subiculum","r_Subiculum","l_Perirhinal.Area","r_Perirhinal.Area","l_PreLimbic.System","r_PreLimbic.System","l_Primary.Cingular.Cortex","r_Primary.Cingular.Cortex","l_Primary.Motor.Cortex","r_Primary.Motor.Cortex","l_Retrosplenial.Cortex","r_Retrosplenial.Cortex","l_Secondary.Cingular.Cortex","r_Secondary.Cingular.Cortex","l_Secondary.Motor.Cortex","r_Secondary.Motor.Cortex","l_Striatum","r_Striatum","l_Ventral.Tegmental.Area","r_Ventral.Tegmental.Area","l_Substantia.Nigra","r_Substantia.Nigra","l_Thalamus","r_Thalamus"
"1",1,0.117823418303262,0.142208508529579,-0.132994133739457,-0.125665716402398,-0.240337069026134,0.19288657853176,-0.014287756318417,0.0939171859044873,-0.0252856931046043,0.21778736912999,0.0353027394598817,0.0584540316419689,-0.0505555188993871,0.130837211910878,-0.0579525342820442,0.146857743960438,0.0631045775346791,0.176189735077985,-0.0994036044718773,0.0995207579220693,0.0195949224203872,-0.199276194394401,0.0610611833153572,-0.107022557859081,-0.114471172480504,-0.0150506157373668,-0.0858160063326867,-0.0363651126336937,-0.213522936220765,0.137079013659841,0.142981985613615,-0.010115804672401,0.0880167499157888,0.1343264796445,-0.0543774992854942,-0.0891897486552007,-0.0046673489900889,0.0430406473855786,0.0107176322399893,-0.0598902732695035,-0.109457894278231,0.025864966513166,-0.141831321491946,-0.27316745937808,-0.0888838751298799,-0.126056957665896,-0.182750717256429,0.138423262833663,-0.065419872786021,-0.0938444928349302,0.0575206662717738,-0.222921513592714,-0.0297589013485275,-0.0954074938620274,-0.106564992557056,-0.130697639465032,-0.047277604816358
"2",0.117823418303262,1,0.074431276093652,-0.0299861030300081,-0.124389786047241,0.117292937626805,0.0558529981607545,-0.140349891161441,0.0680885636679112,0.122209771860908,0.0264528978813496,-0.0403684141257038,0.068628321266808,0.0191323410232982,0.0251119061032248,-0.0454800530864991,0.0970334673332288,-0.0119078141915089,-0.0931499089405524,-0.239624699802152,0.0105624915214892,-0.0505768190865438,-0.108319931605866,0.0356442935303333,-0.046431274778275,0.173897112492889,-0.00407368599311424,0.0954095885380744,0.149602529660261,0.0281198391777231,-0.239123447353929,-0.126203223102441,-0.192358888320576,0.120149534638513,-0.0570770174699398,-0.199923801910246,0.00824365826087443,-0.0472564950219136,0.204027734393288,0.14695633589948,0.00306108287694558,0.0684744410076462,-0.0113632960778622,-0.111891254390509,-0.196705619511931,-0.0523675505998811,-0.0580673664099928,0.0509401298359939,0.0762417811378542,-0.0257943411918813,0.00753294628005662,0.0386279798175157,-0.0532987277956,-0.0243029978730227,-0.12134888152991,-0.114655456814289,-0.119319308855422,0.0755163500230734
"3",0.142208508529579,0.074431276093652,1,0.0341991823531124,-0.2113265064761,-0.22045318204729,-0.0829197871248815,0.166854047563166,0.018223816757595,0.0892949936150376,0.310821658255028,-0.003537675159897,-0.019253198267001,0.111260689571468,-0.00583893484402257,0.123936516534032,0.137594675775716,0.0576918238874156,-0.0170212701670827,0.0648125300445152,-0.0201239385158487,0.0821961864724898,-0.0208409687534259,0.0155193857172732,0.172681230863268,0.1095976062875,-0.0161976798155357,0.0638198418614356,-0.104506161113403,0.073346132650171,0.128621898586462,-0.0634706974696795,-0.0250016974410291,0.00237159466137571,-0.103786311500042,-0.0017713361046487,-0.234223922981086,-0.00648775700654368,-0.072384530470231,-0.0572293646897556,0.0791306215059768,-0.019250508956218,-0.0761558790862679,-0.0976037622438863,-0.0200956259984325,-0.0806909113167667,-0.107191376879184,-0.199971883682792,0.013950310517342,-0.0511552749683003,0.0205346750296695,0.110794429695541,0.0869416667680246,0.117558760639875,-0.252697013939887,-0.0656295532249637,-0.0451682281483699,-0.108371257029892
"4",-0.132994133739457,-0.0299861030300081,0.0341991823531124,1,-0.0618295642443467,0.164494521612167,-0.0177419599841027,0.0588433671087494,0.0646661373444067,0.0517955642350753,-0.151095289384519,0.0279846772969829,0.0722438493292008,0.0196172717825185,-0.0109002146343009,0.0310294570544759,-0.0525069513379804,0.0386924029793136,-0.00703233509512645,-0.0217365274587873,0.163057022821823,-0.0316675312696301,0.0978656518222877,-0.241448080337547,0.177077130154035,0.170482112818591,0.0424938963635197,0.0413108173588943,-0.167293361549415,0.154870627383445,0.0760558715770702,-0.0292952179932773,0.0198748259320323,-0.0715298027197443,0.0932487932102296,0.101423453257572,0.153357878155788,-0.00133571827024782,0.0825582453794203,0.00080268576207554,0.275301408694121,0.157298956790022,0.0356142772648361,0.13996746381455,0.162163491601831,0.141933768621048,0.150549694353596,0.0745824388271142,0.124114814293776,0.136705371922011,-0.0974392440205318,0.0162847652160586,-0.162084428223441,0.0289235916207781,0.0706017474488813,0.15322812977458,-0.0394316781845236,0.064165545632123
"5",-0.125665716402398,-0.124389786047241,-0.2113265064761,-0.0618295642443466,1,0.0175112082961535,-0.0831998416071157,-0.109575927516276,0.0874305387669339,-0.0837640952098874,-0.0974756256975435,0.0718971981801217,0.0294037815872527,0.229675991026064,-0.0644564639278951,0.0681727205156529,0.137444912730979,-0.0101910956360392,0.0825810492367804,0.145604345369033,0.0547234285547308,-0.0949076432795857,-0.0763323758142527,-0.0322952472419264,0.0494769800900455,-0.0786866594281255,-0.0464874889157365,0.048258464766696,-0.0601682941954954,-0.0550126818745039,0.0109757473338053,0.121946880762264,0.105286880662824,-0.0389273433577116,-0.0717828339455264,-0.1771254405801,-0.0406793620367153,-0.30705894875714,0.0674035697845952,0.0467167787405847,-0.130543345337819,0.0799447057476972,-0.00789921046284607,0.0641492622080802,0.0178439981583469,0.0762728486436113,-0.108243151447583,-0.143746305003839,-0.0132306584361951,0.249056426981282,0.0777711178892527,0.0259707769355653,0.0138650227568109,-0.137024982087301,0.0389597688636916,-0.0240958497482648,-0.032537369728461,-0.146452933080957
"6",-0.240337069026134,0.117292937626805,-0.22045318204729,0.164494521612167,0.0175112082961535,1,-0.102217782377411,-0.0162274465312983,0.202762928223406,0.115464976231548,-0.176143341891526,0.0179026287587183,0.0303719193731561,-0.0112224076397339,-0.107416172022101,0.0757741980033742,0.101520466983126,0.00553843392899021,0.0234443903929563,0.034475334927509,0.0102400559000668,-0.0195790904322975,0.0308399555851953,-0.0568182968527459,-0.0551499055713117,0.0922552098556315,-0.0450343049279723,0.11262968685264,0.092841774068775,0.0904624661166572,-0.0642956876834902,0.00494187949163408,-0.0818275704309333,0.044433510959701,-0.00242487478373271,0.0616135022070486,0.137578687885107,0.0636080689936845,0.224569893409183,0.250203477548385,0.260109478421857,0.330068336913167,0.210001719914814,0.151163116069777,0.116959969942997,0.147570844194991,0.201104520208731,0.263881352444772,0.12709056890361,0.0553192483941991,0.0668202954215085,0.142879608249309,-0.157828973520621,0.00139478796759604,-0.125598192866717,0.0379832888256493,0.00285507384231395,0.201172237888508
"7",0.19288657853176,0.0558529981607545,-0.0829197871248815,-0.0177419599841027,-0.0831998416071157,-0.102217782377411,1,-0.249284858683213,-0.0565759061534871,-0.159089500164072,-0.0309185468618809,-0.0640008704580256,0.0662131368114775,0.097660774500307,0.0290291722627034,-0.0686945738812874,-0.043788542082102,0.126644274958764,0.202020440094529,-0.118990903277803,0.0915393527385844,0.0340382398052794,-0.134330579895548,-0.0469736330993358,0.0148889953383143,-0.175169621494231,0.105378358690903,0.0201237724181224,0.184118581475404,0.129554744000287,0.118996802382381,0.0232657705072104,0.0570986319258983,0.198831831332072,0.182591136875208,-0.178335861598686,-0.153977863947339,-0.119854277669406,-0.00381118206630617,0.0513923565807868,-0.129390005009907,-0.168126333100552,0.176354972029969,-0.0341821883138424,0.104806814098636,-0.205094900778449,-0.0656268425827242,-0.178536488624741,0.129659939851774,0.19529530782001,0.14895012364559,-0.0667546567348918,0.0955361399570425,0.0401022752156927,0.119846753547758,-0.0381903922276461,0.0152570706589321,0.0755305663698375
"8",-0.014287756318417,-0.140349891161441,0.166854047563166,0.0588433671087494,-0.109575927516276,-0.0162274465312983,-0.249284858683213,1,-0.175614238804937,0.0596668214342356,0.0158027239784195,0.217372210521725,-0.0102338441012093,0.0433058633257029,0.0791784293034245,0.0861837307872632,-0.0706005983986151,0.0650035896789794,0.0683689449388292,0.119340287327702,-0.0497916470705545,0.130690598001361,0.0983889565297272,0.00795051974496746,-0.0970352427014897,0.0145342675345945,-0.0669643283051667,0.022978029509078,-0.15232348180015,-0.206370554895265,0.054552864671538,0.0249577633496385,-0.134109219488322,-0.35185238111802,0.0687437313131595,0.350466320731648,0.0190413222084619,0.148230718634267,0.0740244263286831,0.0476621593484572,0.0803157129868468,0.138191723506175,-0.226119457671366,0.138428317431323,-0.106113137139139,0.266630737418366,-0.170531744721148,-0.0381395584399263,-0.233901115491331,0.109987308654082,-0.23969449424157,-0.0485865528480548,-0.0190469349349098,-0.10106634817368,0.093269318468104,-0.0726873370982819,-0.113479602739924,0.0336194357596358
"9",0.0939171859044873,0.0680885636679112,0.018223816757595,0.0646661373444067,0.0874305387669339,0.202762928223406,-0.0565759061534871,-0.175614238804937,1,0.160798194036863,0.173803196381323,-0.134521116617126,-0.100893541270998,0.0860467795929131,0.0476293956846012,-0.0682998043538613,0.234814471212728,0.0688993605380952,-0.0149792673901274,-0.107683716961277,0.0894583264632735,-0.275684848333639,-0.04957415739013,-0.0596605370181931,0.190044048412445,0.142344548941128,-0.158320199260829,-0.0279873605099259,-0.0179438136704054,0.0820232885763178,-0.0171515287677481,0.127716800882328,0.169040654119774,0.19891833618833,0.0349183004366629,0.122076561683423,-0.00222947758782307,0.014479990395795,-0.0173804937840332,0.072963816500662,-0.074450180930198,-0.0366058685159313,0.284113714283185,-0.00103285404502327,-0.0111414686283739,-0.00754955676994473,0.155246764539785,0.0693975837913581,0.193089125332533,0.0372872378308361,-0.0349704013125008,0.161058566030193,-0.129700184171818,-0.0547677523085637,0.0124434158231755,0.245334015553779,-0.101147415558741,0.00177919610541252
"10",-0.0252856931046043,0.122209771860908,0.0892949936150376,0.0517955642350753,-0.0837640952098874,0.115464976231548,-0.159089500164072,0.0596668214342356,0.160798194036863,1,-0.0560418097805061,-0.00322600040188846,0.154482731324576,0.205509473758721,0.17273727083594,0.0989872344099069,0.122386145149584,0.0817334722622904,-0.015189679917132,-0.0781823239018968,-0.0198890036229534,-0.0702268159386348,0.00037458405219574,0.0194860466263865,0.179208068438369,-0.0590672606128039,-0.179924382435998,0.139644936248603,0.0552192367632134,0.0199120521339261,-0.109988213941537,0.180907553738499,0.00440668897151201,0.0840679184399616,-0.00381361084948911,-0.0816634638079861,-0.0849699379732508,0.0952177657029398,0.156289011476713,0.101997643315735,0.0558769716999488,0.0529952433072475,-0.068672187548013,0.163191084754442,-0.0644809819414432,-0.219161312896685,-0.209127043337085,0.115056474673855,0.142582343517175,-0.10283440790512,0.0484893264020333,0.0486991638871516,-0.0603544235164887,-0.0533497801089321,-0.0402213428036984,0.142884491470551,-0.198033664071896,-0.00901322678736896
"11",0.21778736912999,0.0264528978813496,0.310821658255028,-0.151095289384519,-0.0974756256975435,-0.176143341891526,-0.0309185468618809,0.0158027239784195,0.173803196381323,-0.0560418097805061,1,-0.0504801881758949,0.0320636317634739,0.0176087049049785,0.00050136013732811,-0.0210995339667616,0.178060224621006,0.00865922876420897,0.0914326814147879,-0.205168942072255,0.0453575099390263,0.112758342436788,0.0215673341970402,0.0499116492755426,0.108628572811976,-0.00193410395010517,0.027413619099758,0.0179638885768428,-0.12697013266746,-0.061565284843156,0.0332594128841743,0.0710477416379994,0.0435716149468628,0.0829859788695747,-0.0958221566563765,-0.00106155949479887,-0.0220283915757337,-0.0356464384565045,-0.0547513470742414,-0.0980784993027728,-0.0517443895192288,-0.111181294051411,0.119711057602621,-0.147534436993211,-0.135833997327244,-0.0945593890668868,-0.135382016637163,-0.0173709733871374,0.103953655189042,-0.00884492387999019,0.116507622511351,0.0294595704372318,-0.0824555781029618,0.0156316071997827,-0.308314919528899,0.134849713586315,0.0223887965244543,0.0112273921931561
"12",0.0353027394598817,-0.0403684141257038,-0.003537675159897,0.0279846772969829,0.0718971981801217,0.0179026287587183,-0.0640008704580256,0.217372210521725,-0.134521116617126,-0.00322600040188846,-0.0504801881758949,1,0.0545300102795161,-0.0586877257888352,0.196241961716062,0.10327593709309,0.00030314278640584,-0.0909118821280734,0.0150324349043983,0.0657448281124329,-0.00494861549780001,0.0972894164177167,0.387751599967203,0.190179091793451,0.00239242025146057,0.0426197111692302,-0.0234402380935731,0.110824634522987,0.00945317541848732,-0.0233507707130394,0.132453124257143,0.043092658737166,-0.0260995430655011,-0.0733025258587826,0.089687372940437,0.00465350808502352,0.0565596301739007,0.0415961994298258,-0.0556892098832208,0.0246680472195195,-0.0504161133059221,-0.13036801212384,-0.156191792416518,0.0141136908356522,-0.0576648284094918,0.0701955401301906,0.0747754380523677,0.0142200374350495,-0.120736273675685,-0.0920373320640901,0.0078218662392177,0.0699954089131415,-0.0805285645485153,0.0163508503602236,0.0869983977833194,-0.120871358753475,-0.0536044522599294,0.0365246125477301
"13",0.0584540316419689,0.068628321266808,-0.019253198267001,0.0722438493292008,0.0294037815872527,0.0303719193731561,0.0662131368114775,-0.0102338441012093,-0.100893541270998,0.154482731324576,0.0320636317634739,0.0545300102795161,1,0.198123013905485,-0.0515148842495019,0.0370169285947532,0.0263054497748341,-0.0229852011779322,-0.00727869947828416,0.105177510619959,0.00561536508767784,0.176063735533019,-0.0904458853325414,0.00112328284101967,0.0405943662702714,0.0122835237149492,-0.228292889924333,0.155927240001692,-0.100103248577656,0.099306135487153,-0.130528124236113,-0.0603808115902086,0.00379355926258125,0.167909161160266,-0.048020650035597,0.0248200375119064,-0.0612650227106547,0.0597289583487931,-0.0345896818347435,0.172522501116244,0.147518966868853,0.196207246152926,0.0596439015710939,-0.0255218895431159,-0.0340449421947561,0.038875409593158,0.085202271513186,0.171394793650745,0.304154515797213,0.132185076593624,0.091330093571649,0.178078148840037,-0.0787186752063294,0.0108865572365579,-0.185510549985075,0.313305055269732,-0.0536841852701776,-0.180848626960656
"14",-0.0505555188993871,0.0191323410232982,0.111260689571468,0.0196172717825185,0.229675991026064,-0.0112224076397339,0.097660774500307,0.0433058633257029,0.0860467795929131,0.205509473758721,0.0176087049049785,-0.0586877257888352,0.198123013905485,1,-0.185714331752971,0.0681723550432527,0.0477732814516211,0.260545649227864,0.0266630967916723,0.123145039752689,0.201369682585555,0.00455843158310774,-0.014364781109056,-0.0944298186298914,0.034085242826833,-0.112157900961919,-0.190994174442463,0.0642013904892946,0.0400943245333865,0.325760991666575,-0.114966649938623,0.100364628925188,0.258622729510734,0.100791746515724,-0.0722405279031499,-0.0645729893204655,-0.137285160791249,-0.127351015330376,0.211868621911665,0.0845138531497597,-0.124864135775623,-0.0717147330630412,0.0667568116122934,-0.109920875888029,0.019280738762918,-0.141797870482739,-0.167398783263022,-0.104489439174306,-0.0161379777732494,0.53679432058329,0.145921799600869,0.023075555346125,0.0551494878519004,0.0112519620804349,0.0471861118649374,0.127400204489399,-0.129350675218787,-0.128005960768196
"15",0.130837211910878,0.0251119061032248,-0.00583893484402257,-0.0109002146343009,-0.0644564639278951,-0.1074161720221,0.0290291722627034,0.0791784293034245,0.0476293956846013,0.17273727083594,0.00050136013732811,0.196241961716061,-0.0515148842495019,-0.185714331752971,1,-0.0138878705127882,-0.0954322101508705,-0.0108419974706781,0.0846106991960794,-0.115034318528488,-0.00908123054525554,-0.13355709823168,-0.122612288314907,0.121704171389448,0.0137642388095439,-0.0428462082713761,-0.0748122262648894,-0.0960019769693885,0.0766190567976229,-0.291001702898186,0.24624901034015,0.182275136012136,-0.0906767898452366,-0.0585509421285279,0.0786496970800207,0.0585139776078715,-0.0361383997205914,-0.0880719880384362,-0.121852879798005,-0.0535014241772696,-0.0626600678507601,-0.105669284274085,-0.0139530796259456,0.00366191164021821,0.0788523851599129,0.0758130658878935,-0.10035960279534,-0.147489925100716,0.0257353284033429,-0.191520036242882,0.102234586450108,-0.0221111751030032,-0.0492071392012706,-0.0885715614948863,0.265485275525631,-0.0873980223861142,-0.167458687218337,0.0229521536913186
"16",-0.0579525342820442,-0.0454800530864991,0.123936516534032,0.0310294570544759,0.0681727205156529,0.0757741980033742,-0.0686945738812874,0.0861837307872632,-0.0682998043538613,0.0989872344099069,-0.0210995339667616,0.10327593709309,0.0370169285947532,0.0681723550432527,-0.0138878705127882,1,0.0899533135572768,-0.188097792579812,-0.18901944259474,-0.0442776939900643,-0.0176584510887325,0.0202974833975603,0.0716797603123915,-0.00590174873020748,-0.00159146154099349,0.131355708447736,0.00565965202341122,-0.0139412740480632,0.0322861073077623,-0.0267991981682084,0.119249373247603,-0.033046012821579,0.0401328747881689,0.100458581421555,-0.342901548291523,-0.0784024423576396,-0.343350147865062,0.0343846468948333,-0.0946729538696021,0.209021013845154,0.248250434486161,0.132405118108044,0.0788612262296406,0.107990015520124,-0.0588515606388337,0.115336850884487,-0.0230445775020919,-0.167235629252288,0.0896117221194928,-0.0240511177721454,0.112841739559756,0.249491652849291,-0.0839504656757421,0.0231933611773228,-0.189235033842923,-0.12480883669247,-0.0996429658876274,0.0779620781583638
"17",0.146857743960438,0.0970334673332288,0.137594675775716,-0.0525069513379804,0.137444912730979,0.101520466983126,-0.043788542082102,-0.0706005983986151,0.234814471212728,0.122386145149584,0.178060224621006,0.00030314278640584,0.0263054497748341,0.0477732814516211,-0.0954322101508705,0.0899533135572768,1,0.239900966840574,0.165617246318421,-0.0464114591600323,-0.090885453887841,-0.0014355560155631,-0.0103787792209324,0.0721112527278291,0.300143111225169,0.200620035469369,-0.205701419228989,0.110132318631217,-0.109857638312269,0.0614602963529196,0.073368760551156,0.0638200890569023,0.0893488696082538,0.026093342888846,0.0682736817234512,-0.0730802155316733,0.0546564258024597,0.0358970729874521,0.105419512279336,-0.0576094320561743,0.0330901780366717,-0.0109296832143852,-0.0593129965761957,0.0902276176840551,-0.00946412267624853,-0.164175076600783,0.110636852988377,0.0236413151830041,0.25098888690092,-0.00680173962597379,-0.015066762078925,0.18330963353668,0.0233084226014852,0.193510668192686,-0.101141946257611,0.0485728339492964,-0.110153977843774,-0.0146370701377209
"18",0.0631045775346791,-0.0119078141915089,0.0576918238874156,0.0386924029793136,-0.0101910956360392,0.00553843392899021,0.126644274958764,0.0650035896789794,0.0688993605380952,0.0817334722622904,0.00865922876420897,-0.0909118821280734,-0.0229852011779322,0.260545649227864,-0.0108419974706781,-0.188097792579812,0.239900966840574,1,0.39750007157734,0.176824191828938,0.149078109054707,0.00777791187483039,-0.0582982247483905,0.0814919572641117,0.106737891035831,-0.0215429291983977,-0.133776243258942,-0.0659485995431112,-0.0777552724660061,0.0767201527664785,0.0516813625070575,0.316469660647995,0.0776673898303676,-0.0508449856580877,0.1337692819556,0.0392973642198176,0.108921215820959,0.118167932550364,0.169735199149369,-0.0530511168191519,-0.0727597880871141,-0.123941380583102,-0.128888626161377,-0.161788693903229,-0.0375376974161669,-0.223493868995433,-0.0370207222897548,-0.109579278533845,0.0273487887130695,0.316680919051423,0.00122935359198428,0.134632252215972,0.2675180588478,0.147732306613152,0.0175014370058575,0.075517872961582,-0.0508772364196612,-0.171460096494891
"19",0.176189735077985,-0.0931499089405524,-0.0170212701670827,-0.00703233509512645,0.0825810492367804,0.0234443903929563,0.202020440094529,0.0683689449388292,-0.0149792673901274,-0.015189679917132,0.0914326814147879,0.0150324349043983,-0.00727869947828416,0.0266630967916723,0.0846106991960794,-0.18901944259474,0.165617246318421,0.39750007157734,1,0.0879813529052018,0.135732120149922,-0.125030483805383,-0.189600596845695,-0.0216811039478002,0.0853825295116929,-0.054101311410087,-0.0432954094013792,-0.0626757003463264,-0.0847015891024309,-0.0910906822948934,0.422024348762233,0.365788015491643,0.0132484375211522,-0.137606525496303,0.14035017529378,-0.0183827415440137,0.126082563534571,0.00043472295404527,0.124825051979357,0.076729256917129,-0.0177706924148512,-0.0351274682441791,-0.036190665327524,-0.0802932642634158,0.00183356676976039,-0.0910156650135595,-0.0401664885567289,-0.0192483947955545,0.162564247764997,0.0996826588405234,0.062990201720912,0.041649391704619,0.164191515392572,-0.15516744784917,0.0357806674322035,-0.0440137960990913,0.0765401069141557,-0.133397534105541
"20",-0.0994036044718773,-0.239624699802152,0.0648125300445152,-0.0217365274587873,0.145604345369033,0.034475334927509,-0.118990903277803,0.119340287327702,-0.107683716961277,-0.0781823239018968,-0.205168942072255,0.0657448281124329,0.105177510619959,0.123145039752689,-0.115034318528488,-0.0442776939900643,-0.0464114591600323,0.176824191828938,0.0879813529052018,1,0.121917367824137,0.140128887318243,0.0751059313041074,0.0126285403446385,-0.121015850167479,-0.0436286091182912,-0.0568647793173586,0.155611763009788,0.117599715667819,-0.00131049458329319,0.0536634787505561,0.310651296263474,-0.03915380621833,-0.0509516489013228,-0.224307174477406,0.0414117517384405,-0.115413282768052,-0.0361439452464433,-0.00033417400493694,0.0385904732224,0.0907255581786482,0.123723926567203,-0.190398288435518,-0.0682924593051375,-0.0148959879542666,0.0522904693422661,0.0302489562335334,-0.104014135709606,-0.150469405711757,0.101615840134983,-0.023600018811846,0.145532842125596,0.0318339208874249,-0.0477822844935063,-0.0727555175975087,-0.0607995689160264,-0.0478149072223013,-0.116945534522106
"21",0.0995207579220693,0.0105624915214892,-0.0201239385158487,0.163057022821823,0.0547234285547308,0.0102400559000668,0.0915393527385844,-0.0497916470705545,0.0894583264632735,-0.0198890036229534,0.0453575099390263,-0.00494861549780001,0.00561536508767784,0.201369682585555,-0.00908123054525554,-0.0176584510887325,-0.090885453887841,0.149078109054707,0.135732120149922,0.121917367824137,1,-0.170776371144214,-0.0895600805642284,-0.210209422201959,-0.199363548524604,-0.0953420490272546,0.0007122414176987,0.0213582091689987,-0.0407167610958344,-0.017216800626338,0.0952053270570472,0.148679237350943,0.101725630948196,0.152181074070033,-0.052765111364462,0.0273928967991429,-0.0682367877898477,-0.0586400239145126,0.158326328306364,0.14545936398065,-0.129369797592549,-0.156147366255551,-0.0499642587930255,-0.124267570229359,0.15974138381846,0.0641003716530971,-0.12788853223714,-0.271645232388966,-0.0485917762329948,0.156314937570235,-0.0511465148776102,-0.0321383775186674,-0.0240480019020376,0.0578597544231843,-0.0566768313885818,0.10033662498101,0.0332977579295868,-0.11994172422542
"22",0.0195949224203872,-0.0505768190865438,0.0821961864724898,-0.0316675312696301,-0.0949076432795857,-0.0195790904322975,0.0340382398052794,0.130690598001361,-0.275684848333639,-0.0702268159386348,0.112758342436788,0.0972894164177167,0.176063735533019,0.00455843158310774,-0.13355709823168,0.0202974833975603,-0.0014355560155631,0.00777791187483039,-0.125030483805383,0.140128887318243,-0.170776371144214,1,0.0654216202459159,0.169135144558658,-0.0468604803592464,0.105550534509807,-0.0231787277390203,0.174885401387224,-0.0376300775022672,0.120535727359974,-0.114994284667852,0.0277843308869915,-0.106556178403658,0.0271500454866275,0.0728863920588804,-0.135087625056985,-0.0237936416344219,0.0136422798600909,0.0277547845863444,0.122812433733278,0.194156511029028,0.0846738875933933,0.0321454583208312,0.0402136315092983,-0.0911439318020824,-0.199449991524482,0.0753454216258486,0.155043140280386,0.141776285275436,0.212413452191091,0.182303392100765,-0.00559810956409677,0.123855638315419,0.168825578115523,-0.180736941667509,-0.0869463705027535,0.0329771887847171,0.0289504803140051
"23",-0.199276194394401,-0.108319931605866,-0.0208409687534259,0.0978656518222877,-0.0763323758142527,0.0308399555851953,-0.134330579895548,0.0983889565297272,-0.04957415739013,0.00037458405219574,0.0215673341970402,0.387751599967203,-0.0904458853325414,-0.014364781109056,-0.122612288314907,0.0716797603123914,-0.0103787792209324,-0.0582982247483905,-0.189600596845695,0.0751059313041074,-0.0895600805642285,0.0654216202459159,1,0.234911786305332,0.0246656045598794,0.0537771057855907,0.185217175734967,0.260154423746901,0.154553762612329,0.111060451210088,0.0463609250265418,-0.0583139582306604,0.105357286905328,-0.144226906827815,-0.036171301518519,-0.0122123343038485,0.152812839575996,0.0472761500361931,0.103686116508658,0.133895794189829,0.156434669560965,0.128753023256315,-0.116872941623802,0.159179430412816,-0.0177871419290588,-0.0668133512022124,0.0759430632842589,0.146459584726671,-0.0589321680909444,0.00757837812826781,-0.108055288781453,0.100939318107651,-0.034463217372111,0.196277885210078,0.0444138905201907,0.0710230735714792,-0.0898964333261137,-0.0422732217100252
"24",0.0610611833153572,0.0356442935303333,0.0155193857172732,-0.241448080337547,-0.0322952472419264,-0.0568182968527459,-0.0469736330993358,0.00795051974496747,-0.0596605370181931,0.0194860466263865,0.0499116492755426,0.190179091793451,0.00112328284101967,-0.0944298186298914,0.121704171389448,-0.00590174873020748,0.0721112527278291,0.0814919572641117,-0.0216811039478002,0.0126285403446385,-0.210209422201959,0.169135144558658,0.234911786305332,1,0.128474131166941,0.0148318460484603,-0.0043886209965584,0.102616389467656,-0.0475727938318022,-0.188941527324979,-0.176317356578576,0.0672013813924492,-0.0511992330162382,0.0244882799885679,0.0466036199047934,0.0280378802303735,0.121883482535675,0.149322331408056,0.0964365696726706,0.128270657221603,-0.0240225049554053,0.0160786038587411,-0.0961599364934314,0.104475706760571,-0.193913885590187,-0.16592453205455,0.0566538415510428,0.060125729592402,-0.137140305575835,-0.175032863264931,-0.0350811270633502,0.180690700373575,0.0635350094047393,0.0693573698605431,-0.0706594992278942,0.0171405697806838,-0.140931829136219,-0.0696380873656626
"25",-0.107022557859081,-0.046431274778275,0.172681230863268,0.177077130154035,0.0494769800900455,-0.0551499055713117,0.0148889953383143,-0.0970352427014897,0.190044048412445,0.179208068438369,0.108628572811976,0.00239242025146057,0.0405943662702714,0.034085242826833,0.0137642388095439,-0.00159146154099349,0.300143111225169,0.106737891035831,0.0853825295116928,-0.121015850167479,-0.199363548524604,-0.0468604803592464,0.0246656045598794,0.128474131166941,1,0.0741252946765988,0.0321613882639736,0.00659704636768045,-0.0567550427495555,-0.0322207802238762,-0.0478882802439522,-0.0608892619846559,0.215034676351056,0.0450552218308245,0.0081595979078412,-0.0446979243944907,0.075228155615548,-0.0887164386067116,-0.0197118780453911,-0.110312519358301,0.100229329207879,-0.144461076459491,0.099899481059269,0.129758552439133,0.0404130012457316,-0.162043606260649,0.212751203651885,0.0949287564422584,0.16639881783695,-0.106578018071533,0.0693856737169108,-0.00255867195174696,0.104721553797901,-0.00785361691516596,-0.0297593007169955,0.248955985937471,-0.0261918065358199,-0.101674620462402
"26",-0.114471172480504,0.173897112492889,0.1095976062875,0.170482112818591,-0.0786866594281255,0.0922552098556315,-0.175169621494231,0.0145342675345945,0.142344548941128,-0.0590672606128039,-0.00193410395010517,0.0426197111692302,0.0122835237149492,-0.112157900961919,-0.0428462082713761,0.131355708447736,0.200620035469369,-0.0215429291983977,-0.054101311410087,-0.0436286091182912,-0.0953420490272546,0.105550534509807,0.0537771057855907,0.0148318460484603,0.0741252946765988,1,0.0228594236009976,0.131832187188212,0.0720161555909366,0.0651880076081461,-0.0417796406471611,-0.261677448405116,-0.109461586152125,0.147728514634252,-0.113047447209634,0.080879611624227,-0.00277098777571901,0.151925238647801,-0.0669902759347098,0.0995079870240188,0.0996387254215246,0.0207056154896797,0.0497480506397392,0.0617532439167661,-0.0168261516318972,0.113907744886393,0.113344031576693,0.00789262404870266,0.0454847087083468,-0.025960856689151,0.014277359354185,0.269609286651211,0.0844591550368764,0.201264808605923,0.0393179509046168,0.075883623598228,0.0508882333449803,0.0588051987501625
"27",-0.0150506157373668,-0.00407368599311424,-0.0161976798155357,0.0424938963635197,-0.0464874889157365,-0.0450343049279723,0.105378358690903,-0.0669643283051667,-0.158320199260829,-0.179924382435998,0.027413619099758,-0.0234402380935731,-0.228292889924333,-0.190994174442463,-0.0748122262648894,0.00565965202341122,-0.205701419228989,-0.133776243258942,-0.0432954094013792,-0.0568647793173586,0.0007122414176987,-0.0231787277390203,0.185217175734967,-0.0043886209965584,0.0321613882639736,0.0228594236009976,1,0.0906260808485979,0.221964438376517,0.0716884033629102,-0.0555809352373123,-0.055761855499439,-0.12766971195415,-0.162705055173296,0.0470387356847303,-0.00801404478511274,0.0159812507942227,0.0606563481134142,0.0215480228264905,-0.130325441939789,0.0354939270601837,0.00782063846364531,-0.00023116630464042,0.222603532973934,0.0418675891914036,0.140107050124806,0.0418902481072303,0.0406742567583352,-0.174926264601382,-0.0970611515785706,-0.168596476229344,-0.15270585099136,0.101741097920463,0.0427990536300156,-0.0304717770810686,-0.117484473759895,0.0668384990454212,0.0535368527670621
"28",-0.0858160063326867,0.0954095885380744,0.0638198418614356,0.0413108173588943,0.048258464766696,0.11262968685264,0.0201237724181224,0.022978029509078,-0.0279873605099259,0.139644936248603,0.0179638885768428,0.110824634522987,0.155927240001692,0.0642013904892946,-0.0960019769693885,-0.0139412740480632,0.110132318631217,-0.0659485995431112,-0.0626757003463264,0.155611763009788,0.0213582091689987,0.174885401387224,0.260154423746901,0.102616389467656,0.00659704636768045,0.131832187188212,0.0906260808485979,1,0.0891342802272439,0.154723466575028,-0.127645333069532,-0.0489902550004696,-0.00145450663556885,0.160542137187888,0.0505874546785133,-0.0771271179978637,0.133488212145931,0.155922009047811,0.115596365721021,0.148773782027298,0.0612438304877935,0.206037962389379,0.022863041267192,-0.00088162402684665,0.152527957954158,0.185318230204114,0.189650493300433,0.0851521676531176,-0.0731686039959157,0.0151117730167675,-0.0663613419433617,0.115806948264261,0.0259318364103941,0.255086725280824,0.0141165792196222,0.105109468068581,-0.130599022109054,0.0971279202200445
"29",-0.0363651126336937,0.149602529660261,-0.104506161113403,-0.167293361549415,-0.0601682941954954,0.092841774068775,0.184118581475404,-0.15232348180015,-0.0179438136704054,0.0552192367632134,-0.12697013266746,0.00945317541848732,-0.100103248577656,0.0400943245333865,0.0766190567976229,0.0322861073077623,-0.109857638312269,-0.0777552724660061,-0.0847015891024309,0.117599715667819,-0.0407167610958344,-0.0376300775022672,0.154553762612329,-0.0475727938318022,-0.0567550427495555,0.0720161555909366,0.221964438376517,0.0891342802272439,1,-0.0487492662653252,-0.015417181920617,-0.13960728169758,-0.118352952855963,0.0803068284131417,-0.0706754516551544,-0.170894273742086,-0.204145943689468,-0.0436148935374916,0.0770696058734722,0.172333481952891,-0.0189725819454251,-0.0613425550633817,-0.108317820315421,-0.0255234587602012,-0.0220181220579593,-0.173140708327284,0.00074748036359266,0.0181958608538097,-0.0996442757952463,-0.161904270799791,0.0950480888081198,0.0600734646835517,-0.0563107962584698,-0.155581479109954,0.0516695461435702,-0.129544804204926,0.0124122470152672,0.107024885005873
"30",-0.213522936220765,0.0281198391777231,0.073346132650171,0.154870627383445,-0.0550126818745039,0.0904624661166572,0.129554744000287,-0.206370554895265,0.0820232885763178,0.0199120521339261,-0.061565284843156,-0.0233507707130394,0.099306135487153,0.325760991666575,-0.291001702898186,-0.0267991981682084,0.0614602963529196,0.0767201527664785,-0.0910906822948934,-0.00131049458329319,-0.017216800626338,0.120535727359974,0.111060451210088,-0.188941527324979,-0.0322207802238762,0.0651880076081461,0.0716884033629102,0.154723466575028,-0.0487492662653252,1,-0.0307800409464343,0.199399119140396,0.0919979239636852,0.104607062169266,0.0290192550854246,-0.0783393872564967,0.125632335391605,0.0957639735518226,-0.0858079365567435,-0.0475541237010624,0.0869941756893284,0.101677180875353,0.207613119644187,-0.0223490894261071,0.184728143163967,-0.070642950023752,0.16247850204591,0.110960595715929,0.11656709230573,0.326132958932393,0.20712617711098,0.132626248784274,0.0809080222882835,0.0793342117141602,-0.220188498600134,0.120852315974766,0.0324038508025944,-0.0687784126814334
"31",0.137079013659841,-0.239123447353929,0.128621898586462,0.0760558715770702,0.0109757473338053,-0.0642956876834902,0.118996802382381,0.054552864671538,-0.0171515287677481,-0.109988213941537,0.0332594128841743,0.132453124257143,-0.130528124236113,-0.114966649938623,0.24624901034015,0.119249373247603,0.073368760551156,0.0516813625070575,0.422024348762233,0.0536634787505561,0.0952053270570472,-0.114994284667852,0.0463609250265418,-0.176317356578576,-0.0478882802439522,-0.0417796406471611,-0.0555809352373123,-0.127645333069532,-0.015417181920617,-0.0307800409464343,1,0.314020157622855,0.073507158741986,-0.0728062013116613,0.0667541126518799,-0.111504271642221,-0.0721754110219585,-0.197104055374528,-0.0959887949692377,0.0900406218562239,0.0666452935711699,-0.0703953064189939,0.0400715681551772,0.0132931330151037,0.0792247441342207,0.069523745625473,-0.0711185064973584,-0.178985746162875,0.217601945354653,0.0504393934333281,0.131801078682652,0.230258654069351,-0.0632015959174755,-0.0821259987332197,0.0284049295881601,-0.0278061483131623,-0.0270749943296256,-0.129054706758296
"32",0.142981985613615,-0.126203223102441,-0.0634706974696795,-0.0292952179932773,0.121946880762264,0.00494187949163408,0.0232657705072104,0.0249577633496385,0.127716800882328,0.180907553738499,0.0710477416379994,0.043092658737166,-0.0603808115902086,0.100364628925188,0.182275136012136,-0.033046012821579,0.0638200890569023,0.316469660647995,0.365788015491643,0.310651296263474,0.148679237350943,0.0277843308869915,-0.0583139582306604,0.0672013813924492,-0.0608892619846559,-0.261677448405116,-0.055761855499439,-0.0489902550004696,-0.13960728169758,0.199399119140396,0.314020157622855,1,0.00452486454087654,0.0357543811165495,0.0823657459062522,-0.0119189483292354,0.0666198604334855,-0.00355322591374448,0.0259128639136016,0.0886171194758416,0.0103679488292773,0.0586439300222079,-0.0159723668059938,-0.0615409661677661,-0.0952168701066612,-0.203916535866304,-0.156968947196452,-0.0963002194005551,0.0827628431414667,0.214741843164526,0.0761811463156133,0.126536450815449,-0.0233093667065001,-0.129462101031316,-0.107057935937391,0.0198567744743139,-0.152714707060294,-0.12929577062208
"33",-0.010115804672401,-0.192358888320576,-0.0250016974410291,0.0198748259320323,0.105286880662824,-0.0818275704309333,0.0570986319258983,-0.134109219488322,0.169040654119774,0.004406688971512,0.0435716149468628,-0.0260995430655011,0.00379355926258125,0.258622729510733,-0.0906767898452366,0.0401328747881689,0.0893488696082538,0.0776673898303676,0.0132484375211522,-0.03915380621833,0.101725630948196,-0.106556178403658,0.105357286905328,-0.0511992330162382,0.215034676351056,-0.109461586152125,-0.12766971195415,-0.00145450663556885,-0.118352952855963,0.0919979239636852,0.073507158741986,0.00452486454087654,1,0.206513067636013,-0.0790850473640906,-0.0561921334006855,0.0298654861025131,-0.172486677455087,0.0240929187508792,0.0621763625192151,0.0562911360751699,-0.15734789540579,0.0817508337423384,-0.152563218776347,0.0875899607919541,-0.129856881372587,0.0874827509007819,-0.0960395347517511,0.15490053266548,0.108462309011846,0.108802352146902,0.179774230681763,0.0285089725294002,0.114926616460051,0.0593653548237448,0.237895282786291,-0.106942564419717,-0.13603979703738
"34",0.0880167499157888,0.120149534638513,0.00237159466137571,-0.0715298027197443,-0.0389273433577116,0.044433510959701,0.198831831332072,-0.35185238111802,0.19891833618833,0.0840679184399616,0.0829859788695747,-0.0733025258587826,0.167909161160266,0.100791746515724,-0.0585509421285279,0.100458581421555,0.026093342888846,-0.0508449856580877,-0.137606525496303,-0.0509516489013228,0.152181074070033,0.0271500454866275,-0.144226906827815,0.0244882799885679,0.0450552218308245,0.147728514634252,-0.162705055173296,0.160542137187888,0.0803068284131417,0.104607062169266,-0.0728062013116613,0.0357543811165495,0.206513067636013,1,-0.0240706310386251,-0.103794810766055,-0.100741933985901,0.0374819320559419,-0.180091602755865,0.179061833017689,-0.0149093367567906,-0.0293076549072012,0.136025807310335,0.0242139762176218,-0.203092883136546,-0.205768182620811,0.0942649594276119,-0.0648966643717084,0.0397358170288681,-0.120045254298318,0.231133217645562,0.329614236490862,-0.142925268940825,0.132867342173175,-0.0996234863724866,0.143176839813893,0.0129590042304045,-0.0690827846078539
"35",0.1343264796445,-0.0570770174699398,-0.103786311500042,0.0932487932102296,-0.0717828339455264,-0.00242487478373271,0.182591136875208,0.0687437313131595,0.0349183004366629,-0.00381361084948911,-0.0958221566563764,0.089687372940437,-0.048020650035597,-0.0722405279031499,0.0786496970800208,-0.342901548291523,0.0682736817234512,0.1337692819556,0.14035017529378,-0.224307174477406,-0.052765111364462,0.0728863920588804,-0.036171301518519,0.0466036199047934,0.0081595979078412,-0.113047447209634,0.0470387356847303,0.0505874546785133,-0.0706754516551544,0.0290192550854246,0.0667541126518799,0.0823657459062522,-0.0790850473640906,-0.0240706310386251,1,0.143570975888791,0.45676776389277,0.104348066548202,0.015797559753421,-0.091863466841833,-0.150632857922549,-0.0852408283114984,-0.0390419855723308,0.115545377804632,-0.0162086646676889,0.0993414016162082,0.113542138264013,0.153597225014,0.0191539477173177,0.0469270068003105,-0.209530405495264,-0.227000315186029,0.0719171159306384,0.0158426350800766,0.151230751904619,0.090637757170954,0.0650829010931109,0.0803185798442957
