"","l_Insular.Cortex","r_Insular.Cortex","l_Amygdal.Area","r_Amygdal.Area","l_Bed.Nucleus.of.the.Stria.Terminalis","r_Bed.Nucleus.of.the.Stria.Terminalis","l_Hippocampus","r_Hippocampus","l_Orbitofrontal.cortex","r_Orbitofrontal.cortex","l_Entorhinal.Cortex","r_Entorhinal.Cortex","l_Frontal.Association.Cortex","r_Frontal.Association.Cortex","l_Globus.Pallidus","r_Globus.Pallidus","l_Glomerular.Layer.of.the.Accessory.Olfactory.Bulb","r_Glomerular.Layer.of.the.Accessory.Olfactory.Bulb","l_Glomerular.Layer.of.the.Olfactory.Bulb","r_Glomerular.Layer.of.the.Olfactory.Bulb","l_Granule.Cell.Level.of.the.Cerebellum","r_Granule.Cell.Level.of.the.Cerebellum","l_Hypothalamic.Region","r_Hypothalamic.Region","l_Entorhinal.Cortex","r_Entorhinal.Cortex","l_Vermix.Molecular.Layer.of.the.Cerebellum","r_Vermix.Molecular.Layer.of.the.Cerebellum","l_Lateral.Molecular.Layer.of.the.Cerebellum","r_Lateral.Molecular.Layer.of.the.Cerebellum","l_Anterior.Olfactory.Bulb","r_Anterior.Olfactory.Bulb","l_Posterior.Olfactory.Bulb","r_Posterior.Olfactory.Bulb","l_Subiculum","r_Subiculum","l_Perirhinal.Area","r_Perirhinal.Area","l_PreLimbic.System","r_PreLimbic.System","l_Primary.Cingular.Cortex","r_Primary.Cingular.Cortex","l_Primary.Motor.Cortex","r_Primary.Motor.Cortex","l_Retrosplenial.Cortex","r_Retrosplenial.Cortex","l_Secondary.Cingular.Cortex","r_Secondary.Cingular.Cortex","l_Secondary.Motor.Cortex","r_Secondary.Motor.Cortex","l_Striatum","r_Striatum","l_Ventral.Tegmental.Area","r_Ventral.Tegmental.Area","l_Substantia.Nigra","r_Substantia.Nigra","l_Thalamus","r_Thalamus"
"1",1,0.270562056217588,0.00919775885687938,-0.0346736059541623,-0.104369208984376,-0.0338809926261953,0.0832544990688358,-0.0959127977728981,0.375677718464356,0.218482974937656,0.00074897253509929,-0.171418893696208,-0.142873070007598,0.106960824492407,0.227400323202993,0.121457126374157,0.026811669369303,-0.126067345570872,0.215456253201579,0.0517487386798965,-0.0156746421768858,0.047512188117797,-0.0473621754376962,-0.211325383810203,0.0423986234783846,-0.149103809072244,-0.282120463329693,-0.199758062568296,-0.0987529782522282,-0.0583242128707706,0.190288939344515,-0.0591774634149661,0.363695675866372,0.278351675312316,0.0473741585819012,-0.0406149498895146,0.00501281437845514,0.0775273243022554,0.0781179976737447,0.101057486971236,0.0119533077303922,-0.00994181911327808,0.21123730368588,0.355753059595345,-0.127120588726805,-0.162480714969815,0.00885961459354359,0.0238044365030048,-0.0946735889625593,0.250394298555831,0.190688558603067,-0.0307324529119749,-0.074056565667029,-0.0584243637152839,0.226809470698062,0.129999384616776,0.078862153537103,0.0260206184100535
"2",0.270562056217588,1,0.092221195308385,0.00438008611092125,0.114490341112323,0.193920286257179,-0.00666943458990023,0.0778822909272573,0.2791631574813,0.413917880662878,-0.110789822135146,-0.0305080694169879,-0.211339369633896,0.254270676442502,0.178198236268274,0.128126214490201,-0.00937145833818512,-0.0109245923703117,0.101375272326993,0.0597273921972091,-0.149864174980458,0.0705287887041625,-0.0304328023970043,-0.174099815501407,0.0979495760480512,-0.0997333597478673,-0.0316568613117138,0.117901868912646,-0.0186867189409297,0.145453343211356,0.152323507188598,-0.0495259217954586,0.0653447597008091,0.124271225104995,-0.17254702538133,0.0133870467926525,0.0668637650451226,-0.0460668280454009,-0.0418790916525317,0.00548870484704785,0.01395924772817,0.00683528329431583,0.230130024907723,0.127651329059085,0.037254189650763,-0.0847505421831958,-0.123021087494417,-0.0699359311033213,-0.0592814944557344,0.154776544357823,0.191452947659669,0.149843691652885,-0.0397090570456385,0.00597886626767739,-0.00278263712792737,0.0647709583525385,0.184549311990819,-0.0964824671696164
"3",0.00919775885687938,0.092221195308385,1,0.077963722268012,0.0400441714343964,0.0489832266382646,0.151782652259295,0.142921831555344,0.0987552814585423,0.15047041785155,0.242363122986835,0.0155701045963963,-0.0170265356405857,0.0847955997277245,0.0662102038500677,-0.223880446099592,0.140994918940836,0.137722820807689,0.0632739016550773,0.0239778683566447,-0.0202538786747631,0.0873976691561092,-0.205583906271159,-0.208693939833906,0.195489879190309,0.051551370658942,0.0161009145828156,0.167381774074211,0.17706756695886,0.0100494962079582,0.0810311601778048,-0.0129704884085996,0.0693692579997857,0.128730779990778,0.158776444731452,0.0776847068749101,0.0841042713439603,-0.0325666796967912,0.105245950438269,0.142796201981414,0.133720284484119,0.119853409760369,0.0470903583121731,0.113606212247187,0.0437494917158446,0.0615510086795981,0.0361670360995943,0.136597839405704,0.104906199756879,0.135235478173237,0.0795118633780083,-0.0696795343215127,0.0130735460926639,0.113840196564667,-0.00185093579191482,0.171353305043941,0.19457067354865,0.0957075764489656
"4",-0.0346736059541623,0.00438008611092125,0.077963722268012,1,-0.129060673628139,0.0255836414368134,0.163279280237549,0.021534061758461,0.0933593079956813,-0.049039826630919,0.123223405721356,0.274754216039721,0.00061316882551355,0.0169835593258892,-0.0908111741047758,0.00805070670836294,-0.147375162640926,0.0418301134752319,0.125028527385265,0.00582994031572455,0.147454014263945,0.0480502990793784,-0.0195013065165444,-0.034981978518937,-0.0147200702172753,0.144347463272068,0.0785181593184322,0.135196119994659,0.201526270770446,0.133202487926007,0.010503278571509,0.053360472653574,0.220999660037947,0.0496060975993872,0.0273447801233833,-0.0770040976437384,-0.172558384042049,0.0435350391493143,0.0856779011737369,0.192081565261704,-0.0104900541906024,0.0133713843246002,0.166305535810072,0.128610005662778,0.0391607264185886,-0.114204856569413,0.0917995046005023,0.126174883344709,-0.0592485117557738,0.0988931635945655,-0.132989013700332,0.039392808872037,0.00288998979290349,0.113090285777324,0.0059056535497292,0.0348531662176659,0.042773912045171,0.0171946806399969
"5",-0.104369208984376,0.114490341112323,0.0400441714343963,-0.129060673628139,1,0.026842873010726,0.0233842476685082,0.141975741607358,0.0640264534561636,0.0359053586883115,-0.121883816546557,0.0971115095434628,0.0727806900033617,0.0719772772702108,-0.00968986513574192,-0.211210033447791,-0.0514915545353851,0.124248661993675,-0.263573838772015,0.0961951737007846,-0.0566697247469694,-0.00226737037796344,0.196999277792264,0.128021659154379,-0.0463832874723817,-0.147866480470224,0.046725207315774,0.136066638489801,0.0214072748837365,-0.00385576009813268,-0.230816383754836,-0.0335827675736074,-0.0723230059397856,-0.104978770822804,-0.176873146616885,0.123642257886982,0.194827319960991,-0.0784147637967267,0.0508597031568681,-0.108700183205147,0.0978892438647418,0.0161893937145156,-0.164337575275351,0.0791358845563963,0.186105753418487,-0.014869460096153,-0.239280562498689,-0.0485017033182734,0.0962241345451681,0.0329300786538813,0.29101669493861,0.296333750590769,0.0908965338237536,0.0773957943421107,-0.00810960577410949,0.0664524767598491,0.113702754219082,0.0912629929385187
"6",-0.0338809926261953,0.193920286257179,0.0489832266382646,0.0255836414368134,0.026842873010726,1,0.145863138342542,-0.0108611569621864,0.204905882988895,0.0301640382600348,0.0604930135754272,0.0845000133908852,0.196130839766976,0.0572953123840434,0.0683211502087804,0.0634204916446579,0.108945068203478,0.128006685437427,0.240700227107468,0.120231342560098,0.119737689800676,0.0149638188871413,0.125324568113711,0.0622057531746146,0.131225642172459,-0.00237692407640596,-0.0639450631694109,0.0152039410338997,-0.141733602836236,-0.173915725996528,0.0754865755637661,0.142801453751769,0.0611694766549705,0.165146709124217,0.109858013071824,-0.10442951854723,0.0257873509364606,-0.0863720763756538,0.00096242056277215,-0.00711831942849312,0.213492163356559,0.305287754512163,0.00685029642246211,-0.061752716378032,0.129241144148469,-0.0232334423616723,0.239615716625535,0.183874074720373,0.0626181197174554,0.132733275026757,0.106984084997066,0.0639046794246407,-0.176962478968665,-0.143727787733414,-0.0614623086071447,0.0315535306656912,0.308068803421024,0.169014955475107
"7",0.0832544990688358,-0.00666943458990023,0.151782652259295,0.163279280237549,0.0233842476685082,0.145863138342542,1,0.0321613596700206,0.0246545538554333,-0.0791247991555059,0.125463074519859,0.0714925224034713,0.155017234631304,0.00131741048346549,0.0243128417671551,-0.00640624780998109,0.035470796473338,0.134284512758219,0.105830115361689,0.0935499721725401,0.0567455414548051,-0.0105519716195569,0.0343479261652698,-0.163320121684009,0.283764801694924,0.101271158257661,-0.0616489622022115,0.105505163527972,0.0962890410842382,0.0154575101893377,0.0132882298602306,0.0741767385297946,0.255645868443663,0.19931686658968,0.359184900834174,-0.126249567228056,0.0769667867676488,0.0496195153341792,0.213129730203149,0.204675119055517,0.289117080347163,0.27748305112431,0.147666406127413,0.125467016373767,0.198388079606848,-0.0455410857927506,0.181183189400877,0.270187279910188,0.209788327506552,0.27373132970763,0.14554302047355,0.109043419959663,0.160781481188039,0.144181716606787,-0.0162160253019798,0.116550953732202,0.369515846861481,0.0484339653611082
"8",-0.0959127977728981,0.0778822909272573,0.142921831555344,0.021534061758461,0.141975741607358,-0.0108611569621864,0.0321613596700206,1,-0.139482839603903,0.176682117341625,-0.116739736509798,0.294543486673214,0.109705645578308,0.0533987238322556,-0.0537535552746413,-0.0394993905857322,0.154389125357124,-0.0254940742103227,0.0908932794820592,-0.0308762889043113,-0.0808231609086735,0.0410615239786162,0.049676377897319,0.0450700118175885,0.0711486295830654,0.188906879992303,0.0549798699020257,0.205135866868465,-0.0111305240626428,0.0166898430475679,-0.0692784290095284,-0.00102445346274856,-0.0325155381952274,0.195227655130381,-0.0460776333301357,0.13448767802723,-0.00650697876855496,0.130411390416456,0.151115257353216,0.0955443545370513,0.179422315991948,-0.0271900648954091,-0.176366310509833,-0.00481981402429856,0.0775765889972045,-0.0733675186068841,-0.0285150140757207,-0.021980141339566,0.162999014517424,0.0410900615430785,-0.0848214607828821,-0.115663915771714,0.0571307295714227,0.163494844220811,0.111192313097272,0.151225394371486,0.039960216778646,0.281037762283789
"9",0.375677718464356,0.2791631574813,0.0987552814585423,0.0933593079956813,0.0640264534561636,0.204905882988895,0.0246545538554333,-0.139482839603903,1,0.338963384051804,0.0208097352559571,-0.144056609329912,-0.142400726815637,0.0638976805688213,0.0566857081865157,0.110984422227119,-0.0872838062203204,-0.0149643994560686,0.0641334325992574,0.222312237311652,0.191575032038287,0.0168823819739322,-0.232618417286592,-0.319687486967344,-0.0381116231231609,-0.198707027358967,0.0423460132766898,-0.04958052815564,0.127538854061916,0.0390380480237275,0.022680379722258,0.0476690165480112,0.209937862676865,0.191275139740339,-0.0836130668252241,0.00318079033765537,-0.034229371609134,-0.0687772888176108,-0.0739699479334239,-0.154676089841719,0.0104041024676345,0.0903073339939979,0.413762924651551,0.356342230057199,0.0531751861473372,0.0570478699677476,-0.169954657636494,0.0468408062970075,-0.131575613815886,0.179752972338282,0.0568473201057635,-0.014187630427073,0.0525411622873494,0.0509797179498921,0.0785700668458112,0.11752980708919,0.0784679685399264,0.00260428668039229
"10",0.218482974937656,0.413917880662878,0.15047041785155,-0.049039826630919,0.0359053586883115,0.0301640382600348,-0.0791247991555059,0.176682117341625,0.338963384051804,1,-0.108948829449958,0.0113236701484159,-0.104619917924211,0.160166376982038,0.0403090073338164,0.00749446926427957,0.147392530682898,0.035302467891913,0.146404508244296,0.084894764655612,0.0855598053019344,0.082672758653479,-0.0772029080550017,-0.0774834668365203,-0.216380899214766,-0.0537627289498796,0.0868120062707639,0.168693193446579,0.125052440295053,0.172194642912264,0.235140928556675,0.15255327842727,0.0241340250003262,0.14413078258846,-0.129216665577286,-0.0250181585098414,-0.060310496878651,0.10617339508315,-0.125448206715018,-0.0598707604574752,-0.138530025351473,-0.0702571748558994,0.0832244651713577,0.279314997724951,0.0497788344183847,0.114757954363555,-0.225631643475775,-0.0695311974403115,0.0406343267065459,0.116219419805206,-0.0165841146332524,-0.0485113591473859,-0.117123147778708,0.0534253949250437,0.00272662353911412,0.0636606520203044,0.0208383220933377,0.00170217316991592
"11",0.00074897253509929,-0.110789822135146,0.242363122986835,0.123223405721356,-0.121883816546557,0.0604930135754272,0.125463074519859,-0.116739736509798,0.0208097352559571,-0.108948829449958,1,-0.0521132389076462,0.0509281821422295,-0.0398390005092483,-0.248606199745762,-0.0869194732959028,0.227219052961618,-0.0611818190100692,0.0498336034589738,0.0107935093802391,0.0178575319950225,0.0206304683597314,0.0262762659696234,0.0600454581705703,-0.105499082396982,-0.0189058755901293,0.145007415558897,0.117875839186651,-0.0197539507513769,-0.104862858620609,0.0895219326013031,0.0917958351042436,0.279701460507173,0.154129133389182,0.141782163915237,-0.00902506790490955,-0.0761291975096088,-0.0842032652090564,0.0818125528593735,0.225445920974738,0.119659967553431,0.19978669114292,0.143203913980815,0.0555714433704314,-0.00221456528985304,-0.00853354135941498,0.219124656046873,0.315537544941673,0.0302966321096599,0.118092265506187,-0.0757731160354189,-0.1405075883862,0.0203125291369339,0.0348233284190735,0.0620719414291801,0.159041491664425,-0.00458206195418996,-0.00234373624028267
"12",-0.171418893696208,-0.0305080694169879,0.0155701045963963,0.274754216039721,0.0971115095434627,0.0845000133908852,0.0714925224034713,0.294543486673214,-0.144056609329912,0.0113236701484159,-0.0521132389076462,1,0.0696844670712304,0.134256522425674,0.0371695167198528,0.0825532295822956,0.0469684231356563,0.238443467679987,-0.0834572926997086,-0.0760073756097888,0.0662554280092139,-0.00265964000403978,0.0373272694911512,0.0337916347114173,-0.130902081363913,0.188127376641071,0.0698670044309798,0.166020380573858,-0.0123887668077459,0.0661911382591381,-0.122460914183839,-0.0132735398059173,0.00955000766053857,-0.0131970676438519,-0.0186899984371064,-0.0737517445078005,-0.194575723505299,0.0462433078005465,0.0486807206637253,0.197938858228201,0.019384981744984,-0.0133227566103562,-0.0828869084711936,-0.0828367435895169,0.128027048230226,-0.180262206613238,0.0980820119887624,-0.0341395158885287,0.0441892698663244,0.115393433686331,0.0205944941823327,0.115861242764994,0.0819947862487402,0.202904944953276,-0.101580582186014,0.20244426533381,0.149024880456309,0.184398170219845
"13",-0.142873070007598,-0.211339369633896,-0.0170265356405857,0.00061316882551355,0.0727806900033617,0.196130839766976,0.155017234631304,0.109705645578308,-0.142400726815637,-0.104619917924211,0.0509281821422295,0.0696844670712304,1,-0.0412474088152635,-0.0878324714722696,0.00936638286231893,0.294114545582018,0.118305383768928,-0.109675188261072,-0.0670342901932097,-0.118694605908236,0.0137656337312358,0.15897681888404,0.1816902354502,-0.0500261904055799,-0.0578455004342482,-0.036711715196567,-0.057509475033585,-0.107805997896771,-0.111887288413561,-0.16413506538757,-0.0464704288250278,0.128068599345922,0.117332505564957,-0.0814127461476839,0.0291625808810008,0.0927869922778462,-0.0774663740753383,0.0953968058981604,0.224384773108712,0.400878780007489,0.285715731484913,-0.102508005590655,-0.0300550479554595,0.111901254629823,0.166621781264999,0.244648129008525,0.216758574245676,0.636668355558564,0.0952361944360634,0.136910694814083,0.107444100412955,-0.0147305469814988,0.0613515779893961,-0.00916937498705393,-0.0513375803764208,-0.00867217456237054,0.246176992018207
"14",0.106960824492407,0.254270676442502,0.0847955997277245,0.0169835593258892,0.0719772772702108,0.0572953123840434,0.00131741048346549,0.0533987238322556,0.0638976805688213,0.160166376982038,-0.0398390005092483,0.134256522425674,-0.0412474088152634,1,0.225557049269981,0.0756728485338624,0.103435322288176,0.39291958006257,-0.0641696593922448,0.0260955458273979,0.00826895433917178,0.175276728577636,-0.0149433985329552,-0.0845224133429164,-0.0933257319899707,0.0184226453838052,-0.167834755246207,-0.0616714841191367,-0.144911957941933,0.073730841472961,-0.104469162433166,-0.0555178514149029,0.00747308951000788,0.212649896080837,-0.0392341637034863,-0.203211649792338,0.112352312700108,0.0582965236248882,0.172208261482664,0.136816010823383,0.103261178008932,0.11217458386167,0.112561250659689,0.0249679877522055,0.149063242356328,-0.127464862830494,-0.0764931237054493,0.0276906358697424,0.00044714282010722,0.57233677862763,0.188035750670075,0.121039195163196,-0.16034633675045,0.0219327354278678,-0.0394946369678694,0.330975910940586,0.334469140430286,0.159704038579095
"15",0.227400323202993,0.178198236268274,0.0662102038500677,-0.0908111741047758,-0.00968986513574192,0.0683211502087804,0.0243128417671551,-0.0537535552746413,0.0566857081865157,0.0403090073338164,-0.248606199745762,0.0371695167198528,-0.0878324714722696,0.225557049269981,1,0.193152948782889,-0.050567112077228,-0.0159061732433536,0.0323005776043806,-0.0841406075528507,-0.249003689489983,0.173848671398353,0.105145331329128,-0.118945193870274,0.00473995572512548,-0.0107186648052921,-0.193939940193814,-0.148524546961078,-0.199809553288225,-0.105918464078785,-0.0723798622900938,0.0040482198471129,-0.120988359229384,0.0864332115593006,0.152213848979571,-0.227622862482724,0.149268338895469,-0.0791263479842269,-0.0659725336031149,-0.143373724118041,0.00679258379608573,-0.244325470089527,0.0229569968836816,0.118229967954769,0.0650237246516282,-0.0283651148745451,-0.00205426936501329,-0.0394889526703495,-0.115678069545859,-0.0201968412301124,0.14314875071891,0.0261689997830123,0.00185764570778061,-0.0944715206941873,0.0564406421790328,-0.0564660996056855,0.207799940248163,0.104784462368554
"16",0.121457126374157,0.128126214490201,-0.223880446099592,0.00805070670836294,-0.211210033447791,0.0634204916446579,-0.00640624780998109,-0.0394993905857322,0.110984422227119,0.00749446926427957,-0.0869194732959028,0.0825532295822956,0.00936638286231893,0.0756728485338624,0.193152948782889,1,-0.0609233674711242,-0.108557166429535,0.136297135252123,0.00016299118503607,-0.0472435551403234,0.0679685804800959,-0.0602233044645533,-0.0362178380342225,-0.0199063638041678,-0.00651112756814813,-0.122528186006327,-0.173047493784467,-0.150728525031906,-0.0734408347035462,0.0954865049235543,0.011218595853986,0.0724229674729515,0.191272795442266,-0.091601838309781,-0.221224060772074,0.125767279989235,0.052646314756431,0.0607197195094537,-0.0744217601818244,0.043296853289596,0.0205365895148387,0.168787956990107,0.154129209830655,-0.0467956400014484,-0.022438301017894,0.104693987538333,0.0752224881978563,-0.052642095745812,0.0640013086468224,-0.0236382156005592,0.186632174007732,-0.0147791153424495,0.0602661552132548,-0.00964260622319803,0.0890169494705513,0.0897758169580434,0.110520751147529
"17",0.026811669369303,-0.00937145833818512,0.140994918940836,-0.147375162640926,-0.0514915545353851,0.108945068203478,0.035470796473338,0.154389125357124,-0.0872838062203204,0.147392530682898,0.227219052961618,0.0469684231356563,0.294114545582018,0.103435322288176,-0.050567112077228,-0.0609233674711242,1,0.325140624390482,0.00977980947054987,0.0895070543086975,-0.14311630924025,-0.100144072946921,0.133959750218404,0.110019123533855,-0.035323320313972,-0.102656992120506,-0.0683304948811416,0.0504782481967702,-0.215920073981483,-0.268733544537664,0.12682239533744,0.256815105093974,0.159317996617054,0.196874078777379,0.021474013241072,0.0782311844406705,-0.0500749622794094,-0.140924852095024,0.171929729886196,0.116633172003001,0.216876854978953,0.176356116090436,0.0720904038141329,0.165528196752184,0.0108759070427303,0.0447141379285098,0.160930926752584,0.0738347395936293,0.395011843313945,0.162179034127773,0.0496680989431443,-0.105858319214892,-0.0979871291645225,-0.0736497178883477,0.0291176728812112,0.140939675097466,0.0948948352011709,0.21327461731789
"18",-0.126067345570872,-0.0109245923703117,0.137722820807689,0.0418301134752319,0.124248661993675,0.128006685437427,0.134284512758218,-0.0254940742103227,-0.0149643994560686,0.035302467891913,-0.0611818190100692,0.238443467679987,0.118305383768928,0.39291958006257,-0.0159061732433536,-0.108557166429535,0.325140624390482,1,-0.0239236239672991,0.166147945172051,0.00081409112771089,-0.0246100334637422,-0.0223692814332593,0.0582245100938427,0.0221375920977775,0.0853568053223285,0.00533554529525263,-0.0250096087545756,-0.00130912230389257,-0.148820310099971,-0.112570644028177,0.216388963870785,0.11349213218357,0.0962970615226088,0.0729090260742048,0.050283838875372,0.0841805128027658,0.0354597760633663,0.26276113082895,0.12024275612552,0.251277318924508,0.353134083431867,0.172271759350877,-0.0189870626013133,0.153900717907608,-0.0328402734959583,0.00196683067330916,0.0452323441912985,0.22842532364665,0.442876063776327,0.233305267114406,0.0720175612094319,-0.184901384071124,-0.025704132767995,-0.0671029392335437,0.0958473139793791,0.115053533320396,0.0785958598173764
"19",0.215456253201579,0.101375272326993,0.0632739016550774,0.125028527385265,-0.263573838772015,0.240700227107468,0.105830115361689,0.0908932794820592,0.0641334325992574,0.146404508244296,0.0498336034589738,-0.0834572926997086,-0.109675188261072,-0.0641696593922448,0.0323005776043806,0.136297135252123,0.00977980947054987,-0.0239236239672991,1,0.0749615373116339,-0.0495834853274342,0.109771116335099,-0.130647241618391,-0.0561978485954589,0.181781373106861,0.280517275618868,0.0836859240687693,0.118782008719479,0.213389402521696,0.0782959764982336,0.532751775472009,0.325784720222216,0.138658702130767,0.179789806275615,0.245290780263308,0.0254818179645943,-0.0401354063476087,0.143491153300001,0.0326555401411473,-0.0481373505006015,-0.0244131642346124,-0.0270897422079912,0.146305167030674,0.0699310189426994,0.126981721755382,0.0876829146962723,0.0684250433765964,0.0415298157315498,-0.0269155061555168,-0.0169786639408204,-0.0508312440444565,-0.068565486625894,-0.00887789534491302,-0.0438412543689795,0.198824505885958,-0.0494776890071635,0.0662309557117845,-0.0276085807660151
"20",0.0517487386798965,0.0597273921972091,0.0239778683566447,0.00582994031572455,0.0961951737007846,0.120231342560098,0.0935499721725401,-0.0308762889043113,0.222312237311652,0.084894764655612,0.0107935093802391,-0.0760073756097888,-0.0670342901932097,0.0260955458273979,-0.0841406075528507,0.00016299118503607,0.0895070543086975,0.166147945172051,0.0749615373116339,1,0.102455245853985,0.0180860014390715,0.0353716897614023,0.0832762918700527,0.0150186484350976,-0.070660238844246,-0.0994500862518881,-0.0443732664875156,0.0672895749924058,-0.239130774828343,0.0391107007914789,0.353517478091559,0.0481269338875945,-0.0115613349469912,-0.0544035061987796,-0.0423918787152723,0.162975487280718,-0.0522372317716572,-0.0132766750401192,-0.0802621176039366,-0.0769925502764268,0.129421899585751,0.09479490286605,-0.0390577209404748,0.142049614376817,0.152309480903199,-0.0859424174177775,0.130212286080661,0.0304092192705035,0.127659193291218,-0.0593346504338994,-0.0426140157513632,0.0401091913490068,-0.0519116734955292,-0.191162417770064,-0.035619621508453,0.114323146154094,-0.0900230036656289
"21",-0.0156746421768858,-0.149864174980458,-0.0202538786747631,0.147454014263945,-0.0566697247469694,0.119737689800676,0.0567455414548051,-0.0808231609086735,0.191575032038287,0.0855598053019344,0.0178575319950225,0.0662554280092139,-0.118694605908236,0.00826895433917178,-0.249003689489983,-0.0472435551403235,-0.14311630924025,0.00081409112771089,-0.0495834853274342,0.102455245853985,1,-0.150855944815306,-0.0448987433144541,-0.013467838932368,0.11735322431742,0.239997077959936,-0.0261774643929293,-0.0108678249596095,0.115634691669157,-0.00035559998191958,0.0847612481218563,0.0763379122023415,0.143281740757066,0.0422370736180565,-0.179193728904122,0.126372066951257,-0.00748402575791669,0.243444456552797,-0.076185331337976,0.138739637132978,-0.0948385960765126,0.132982246465585,0.0342050319360012,-0.116566643333372,-0.0998179230104653,-0.0528955221158321,-0.195291681696463,-0.0537748285431084,-0.0674052184106084,0.106756778573771,0.0145699658334211,0.0561408257441855,-0.177658672199687,0.00633962112802265,-0.0167232297871101,0.12249928271724,-0.028943861289667,-0.137965004944653
"22",0.047512188117797,0.0705287887041624,0.0873976691561092,0.0480502990793784,-0.00226737037796344,0.0149638188871413,-0.0105519716195569,0.0410615239786162,0.0168823819739322,0.082672758653479,0.0206304683597314,-0.00265964000403978,0.0137656337312358,0.175276728577636,0.173848671398353,0.0679685804800958,-0.100144072946921,-0.0246100334637422,0.109771116335099,0.0180860014390715,-0.150855944815306,1,-0.0968679275580016,-0.0937478483132725,-0.0667854634892459,0.149774249093653,0.0959154132726041,0.0818663523192877,-0.0203420293945639,0.133878074313064,0.0846176838710633,-0.0544643125842991,0.0369705332900197,0.203504818890954,0.110565098794771,-0.0496660894342101,-0.0172488043923514,0.144606554176067,0.00185717720045343,0.152067185878513,0.149093961845792,0.0427348703634305,0.145704479019151,0.153904504712543,0.0733909806850613,-0.0131437813579415,0.118727104735791,0.133356566945655,0.0367040961497421,0.184617901630756,0.0227369958935552,0.256618488506012,-0.0169584399975001,-0.0633442565568705,-0.07673120373142,0.0988266263261543,0.0215471980562789,-0.00581993941303406
"23",-0.0473621754376962,-0.0304328023970043,-0.205583906271159,-0.0195013065165444,0.196999277792264,0.125324568113711,0.0343479261652698,0.049676377897319,-0.232618417286592,-0.0772029080550017,0.0262762659696234,0.0373272694911512,0.15897681888404,-0.0149433985329552,0.105145331329128,-0.0602233044645533,0.133959750218404,-0.0223692814332593,-0.130647241618391,0.0353716897614023,-0.0448987433144541,-0.0968679275580015,1,0.59683951874516,-0.245294854770474,-0.0470288286619817,-0.184370141808715,-0.0861416576024642,-0.254274529899666,-0.158219212648646,-0.150986134121796,0.0942221967610308,-0.00316902194080773,-0.149307684551306,-0.0179197417345519,0.101155310290335,0.111109847975897,0.0471605252869888,-0.0496337967443953,-0.0263133107525745,-0.00720976487868339,0.0338718013314246,-0.122464709462082,-0.0563953496437768,0.0572742088071706,-0.06963175080741,0.0610887680616681,0.149326296433336,-0.00759328037328948,-0.0228629378446223,0.0734734162389384,0.0479625287990464,-0.107746893201346,-0.136680935695543,-0.0337751283949855,-0.0531604209513387,0.143616889104152,0.231620321095753
"24",-0.211325383810203,-0.174099815501407,-0.208693939833906,-0.034981978518937,0.128021659154379,0.0622057531746146,-0.163320121684009,0.0450700118175885,-0.319687486967344,-0.0774834668365203,0.0600454581705703,0.0337916347114173,0.1816902354502,-0.0845224133429164,-0.118945193870274,-0.0362178380342225,0.110019123533855,0.0582245100938427,-0.0561978485954589,0.0832762918700527,-0.013467838932368,-0.0937478483132725,0.59683951874516,1,-0.332495515391498,-0.0768117952938204,0.0576226060419367,0.0319926398769637,-0.0484276207958724,-0.224528743401402,-0.121355291005128,0.0771135299247494,-0.142892413652739,-0.38464750863561,-0.0908157664909265,0.135098799825335,0.0660131737458525,0.0759443416746445,-0.0773316488420362,-0.0350946884424238,0.0570605987036166,0.0963124759142898,-0.154531277314838,-0.240326552408937,0.0847933848139578,0.198607112982491,0.105470676148695,0.180807143907791,0.0579738184274959,-0.181343931497981,0.00089454598454357,0.139448480607184,-0.131059447861677,-0.0756284978917841,-0.142769714602649,-0.069720469414572,-0.025187640128596,0.15851455172718
"25",0.0423986234783846,0.0979495760480512,0.195489879190309,-0.0147200702172753,-0.0463832874723817,0.131225642172459,0.283764801694924,0.0711486295830653,-0.0381116231231609,-0.216380899214766,-0.105499082396982,-0.130902081363913,-0.0500261904055799,-0.0933257319899707,0.00473995572512548,-0.0199063638041678,-0.035323320313972,0.0221375920977775,0.181781373106861,0.0150186484350976,0.11735322431742,-0.0667854634892459,-0.245294854770474,-0.332495515391498,1,0.238773258864448,-0.0387777873444687,-0.0647404756073816,0.107790617270185,0.0702680139766,0.3196741681083,0.156362540286407,0.299931506258917,0.22635443716506,0.0780584255142338,0.0900826607508449,0.138600031364363,-0.0105671877204889,0.141494724836764,0.155023241911071,0.230935599688675,0.145572822696932,0.0680097667448252,-0.0206585668420084,-0.0466308753349241,-0.197080189370325,0.0712145301202008,0.025671887073594,0.122384890301527,0.0694110306447079,0.0594625702383766,-0.103535063977041,0.0480031928683612,0.0496567374200172,0.0397675102769074,0.0549094932630582,0.0376956386892654,-0.123260359534691
"26",-0.149103809072244,-0.0997333597478673,0.051551370658942,0.144347463272068,-0.147866480470224,-0.00237692407640596,0.101271158257661,0.188906879992303,-0.198707027358967,-0.0537627289498796,-0.0189058755901293,0.188127376641071,-0.0578455004342482,0.0184226453838052,-0.0107186648052921,-0.00651112756814813,-0.102656992120506,0.0853568053223285,0.280517275618868,-0.070660238844246,0.239997077959936,0.149774249093653,-0.0470288286619817,-0.0768117952938204,0.238773258864448,1,0.0417293040024577,0.19743818793316,0.139554185744706,0.138388445618629,0.136661093226225,-0.00683993564207229,0.127476475601577,0.232829999997421,0.0493349085471661,0.0521605874462975,0.0591881033500873,0.216007251039974,0.177869840656074,0.272348440744945,0.0696809342832059,0.140116034955818,-0.0321701895715524,-0.0179868353898003,-0.0314093444266491,-0.165929136483602,0.00100640673975355,0.0602812092292721,0.0486199775296203,0.108502869398898,-0.150028219101337,0.0360204034753244,-0.0870431170585862,-0.0311167204168606,0.0467077335835776,-0.019324602200298,-0.0696590925413967,-0.093668761785728
"27",-0.282120463329693,-0.0316568613117138,0.0161009145828156,0.0785181593184322,0.046725207315774,-0.0639450631694109,-0.0616489622022115,0.0549798699020257,0.0423460132766898,0.0868120062707639,0.145007415558897,0.0698670044309798,-0.036711715196567,-0.167834755246207,-0.193939940193814,-0.122528186006327,-0.0683304948811416,0.00533554529525263,0.0836859240687693,-0.0994500862518881,-0.0261774643929293,0.0959154132726041,-0.184370141808715,0.0576226060419366,-0.0387777873444687,0.0417293040024577,1,0.396524223072728,0.456561732943254,0.221322684702107,0.16622135003907,0.0856624834192106,0.00077007469396781,-0.012355312292036,0.0860945857118603,0.0844882677378218,-0.362427870328886,-0.0730660016654433,-0.061976122272835,0.0214403880199845,0.0381335461609845,0.0324642618482099,0.148337210628241,-0.056041233270175,0.154414848222311,-0.0449945058384238,0.041525800381296,-0.0398712109502096,0.112063051666498,-0.0967781176352417,-0.10117070152015,0.0226363088575081,0.0871287012020912,0.0728907247836267,-0.0644929850669109,-0.0242210015178109,-0.335622967397475,-0.176310719250681
"28",-0.199758062568296,0.117901868912646,0.167381774074211,0.135196119994659,0.136066638489801,0.0152039410338997,0.105505163527972,0.205135866868465,-0.04958052815564,0.168693193446579,0.117875839186651,0.166020380573858,-0.057509475033585,-0.0616714841191367,-0.148524546961078,-0.173047493784467,0.0504782481967702,-0.0250096087545756,0.118782008719479,-0.0443732664875156,-0.0108678249596095,0.0818663523192877,-0.0861416576024642,0.0319926398769637,-0.0647404756073816,0.19743818793316,0.396524223072728,1,0.261305852323261,0.282225828710126,0.101869871658338,-0.0320409941956609,0.0148637250222481,0.0319615949914403,-0.0311764089631547,0.00175083836197571,-0.0467096252712435,0.0534931004286131,0.0883129075498885,0.117873935009124,-0.0282132588873145,0.00902235120228476,-0.00420910661981439,-0.0394130965800401,0.132649139354933,-0.00624051609437312,-0.0335357552750218,-0.0222819500705989,0.0196363250771726,-0.0776925960371166,0.106426924805863,0.157074566376537,0.13527890126876,0.139002909479955,-0.172042097552767,-0.00333125839605394,-0.0194019327514932,-0.0193752470077295
"29",-0.0987529782522282,-0.0186867189409297,0.17706756695886,0.201526270770446,0.0214072748837365,-0.141733602836236,0.0962890410842382,-0.0111305240626428,0.127538854061916,0.125052440295053,-0.0197539507513769,-0.0123887668077459,-0.107805997896771,-0.144911957941933,-0.199809553288225,-0.150728525031906,-0.215920073981483,-0.00130912230389257,0.213389402521696,0.0672895749924058,0.115634691669157,-0.0203420293945639,-0.254274529899666,-0.0484276207958724,0.107790617270185,0.139554185744706,0.456561732943254,0.261305852323261,1,0.305141579237526,0.177681399996834,0.0593649096962709,0.00287338644208228,-0.0266232666660568,0.187398625465838,0.23257342500007,-0.112232925797467,0.087762135814595,0.0264740716984204,0.0633230329710997,-0.0154933959889323,0.0294592798437881,0.16887910000474,-0.0251949603075573,0.297977120093754,0.074995458266105,-0.0730084291264035,-0.0352746691709507,0.0910108997620515,-0.0248859859638277,-0.0989939404501391,-0.0665373750434114,0.0474381122566045,-0.0415226097185116,-0.172837361941954,-0.110945537030772,-0.197955038764247,-0.148699465545923
"30",-0.0583242128707706,0.145453343211356,0.0100494962079582,0.133202487926007,-0.00385576009813268,-0.173915725996528,0.0154575101893377,0.0166898430475679,0.0390380480237275,0.172194642912264,-0.104862858620609,0.0661911382591381,-0.111887288413561,0.073730841472961,-0.105918464078785,-0.0734408347035462,-0.268733544537664,-0.148820310099971,0.0782959764982336,-0.239130774828343,-0.00035559998191958,0.133878074313064,-0.158219212648646,-0.224528743401402,0.0702680139766,0.138388445618629,0.221322684702107,0.282225828710126,0.305141579237526,1,0.136056228532032,-0.119679486173955,-0.0101368008282445,-0.080025661306668,0.14142511265506,0.0864292608046757,-0.119635700290351,0.0811296893319779,-0.0221384630900327,0.056461170370057,-0.0929225807495703,-0.0605164251044946,0.0233597074454333,0.120899440960155,0.00854482880085931,-0.037256854186466,-0.088960272212748,-0.045084374183079,0.033479587897725,-0.0467550195942452,-0.0454123469868055,0.0429348300884951,-0.0105235644463495,-0.073687113091454,-0.0205544194597764,-0.142963945877995,-0.0117982685128882,-0.129386129690325
"31",0.190288939344515,0.152323507188598,0.0810311601778048,0.010503278571509,-0.230816383754836,0.0754865755637661,0.0132882298602306,-0.0692784290095284,0.022680379722258,0.235140928556675,0.0895219326013031,-0.122460914183839,-0.16413506538757,-0.104469162433166,-0.0723798622900938,0.0954865049235544,0.12682239533744,-0.112570644028177,0.532751775472009,0.0391107007914789,0.0847612481218563,0.0846176838710633,-0.150986134121796,-0.121355291005128,0.3196741681083,0.136661093226225,0.16622135003907,0.101869871658338,0.177681399996834,0.136056228532032,1,0.375580188393251,0.132345049813211,0.172171596434228,0.00555849553713027,0.188282604701399,-0.0325527689732176,0.0394504944590434,0.0384389699344696,0.187397302614563,-0.0333159031993557,-0.0860098948316874,0.0374639671325804,0.276498654524372,0.0345107462716912,-0.0206454066317693,0.0786928293610429,-0.0620836090115786,0.0863265299404641,-0.013619286385681,-0.0558484651152812,-0.0754320209907835,-0.0152603288012309,-0.0218190827418046,0.108374608943286,0.176391632790176,-0.0616061185787641,-0.00908728257198008
"32",-0.0591774634149661,-0.0495259217954586,-0.0129704884085996,0.053360472653574,-0.0335827675736074,0.142801453751769,0.0741767385297946,-0.00102445346274856,0.0476690165480112,0.15255327842727,0.0917958351042436,-0.0132735398059173,-0.0464704288250278,-0.0555178514149029,0.0040482198471129,0.011218595853986,0.256815105093974,0.216388963870785,0.325784720222216,0.353517478091559,0.0763379122023415,-0.0544643125842991,0.0942221967610308,0.0771135299247494,0.156362540286407,-0.00683993564207229,0.0856624834192106,-0.0320409941956609,0.0593649096962709,-0.119679486173955,0.375580188393251,1,0.0577652740138982,0.0997442640541967,0.100902724399557,0.0258865695436119,0.0726008759156721,0.118363489319371,-0.0383680016565722,-0.120994656265673,-0.154328772463395,-0.126907942751344,0.111680434508395,0.119288592674239,0.177802998409206,0.0684301269955234,-0.0795653767786507,-0.0931621188039161,0.114730135666616,-0.0624926079971589,-0.0425890979207517,-0.0811037241410624,-0.267550490467987,-0.210329436928097,0.0853699324550343,0.131927239100955,-0.0448162350553569,0.00656401649703241
"33",0.363695675866372,0.0653447597008091,0.0693692579997857,0.220999660037947,-0.0723230059397856,0.0611694766549705,0.255645868443663,-0.0325155381952274,0.209937862676865,0.0241340250003262,0.279701460507173,0.00955000766053857,0.128068599345922,0.00747308951000788,-0.120988359229384,0.0724229674729515,0.159317996617054,0.11349213218357,0.138658702130767,0.0481269338875945,0.143281740757066,0.0369705332900197,-0.00316902194080773,-0.142892413652739,0.299931506258917,0.127476475601577,0.00077007469396781,0.0148637250222481,0.00287338644208228,-0.0101368008282445,0.132345049813211,0.0577652740138981,1,0.479841183658459,0.0169829395035665,0.091285036918013,-0.122459975054918,-0.0181741673634314,0.342992800720216,0.359310265315065,0.357400921663458,0.389269321214886,0.330213553269699,0.215155255861459,0.0274362117787744,-0.212148645913909,0.245438079786306,0.235078313605504,0.288268989218847,0.392632094235427,0.166188137030075,0.0337870491295671,-0.060392337305367,0.04228409833651,0.00520747939180327,0.188275016329595,0.0315384380229123,-0.0209132622455992
"34",0.278351675312316,0.124271225104995,0.128730779990778,0.0496060975993872,-0.104978770822804,0.165146709124217,0.19931686658968,0.195227655130381,0.191275139740339,0.14413078258846,0.154129133389182,-0.0131970676438519,0.117332505564957,0.212649896080837,0.0864332115593006,0.191272795442266,0.196874078777379,0.0962970615226088,0.179789806275615,-0.0115613349469912,0.0422370736180565,0.203504818890954,-0.149307684551306,-0.38464750863561,0.22635443716506,0.232829999997421,-0.012355312292036,0.0319615949914403,-0.0266232666660568,-0.080025661306668,0.172171596434228,0.0997442640541967,0.479841183658459,1,-0.0284804992116246,-0.0600035510008364,0.082185529477408,0.0997107013832367,0.313718758863793,0.447360802188034,0.340314420610985,0.274128182434495,0.212663012799521,0.258359918011529,-0.13224327338477,-0.162626321740827,0.180748382526295,0.0560890195490357,0.303058251806138,0.493118174467626,0.143954102541443,0.022225854286123,-0.0595679746790218,0.0979593883837967,0.184832421929672,0.225910806246599,-0.00699493748420113,-0.00256849688727542
"35",0.0473741585819012,-0.17254702538133,0.158776444731452,0.0273447801233833,-0.176873146616885,0.109858013071824,0.359184900834174,-0.0460776333301357,-0.0836130668252241,-0.129216665577286,0.141782163915237,-0.0186899984371064,-0.0814127461476839,-0.0392341637034863,0.152213848979571,-0.091601838309781,0.021474013241072,0.0729090260742048,0.245290780263308,-0.0544035061987796,-0.179193728904122,0.110565098794771,-0.0179197417345519,-0.0908157664909265,0.0780584255142338,0.0493349085471661,0.0860945857118603,-0.0311764089631547,0.187398625465838,0.14142511265506,0.00555849553713027,0.100902724399557,0.0169829395035665,-0.0284804992116245,1,0.00081128243303958,-0.102976861121412,-0.0116658123968751,-0.0186135150150721,-0.0309550549235415,0.089512859785277,0.070432831282542,0.0184656628326968,0.04207445883991,0.241557199867459,-0.0550160743478489,0.224529632326747,0.0896339288481795,-0.0243533474291426,-0.00551842147461893,-0.043531149647514,0.00281227602151064,-0.0454751857450238,-0.221470658696206,-0.0660335823164086,-0.0250243003181967,0.200550209310433,0.0827868177152474
