"","l_Insular.Cortex","r_Insular.Cortex","l_Amygdal.Area","r_Amygdal.Area","l_Bed.Nucleus.of.the.Stria.Terminalis","r_Bed.Nucleus.of.the.Stria.Terminalis","l_Hippocampus","r_Hippocampus","l_Orbitofrontal.cortex","r_Orbitofrontal.cortex","l_Entorhinal.Cortex","r_Entorhinal.Cortex","l_Frontal.Association.Cortex","r_Frontal.Association.Cortex","l_Globus.Pallidus","r_Globus.Pallidus","l_Glomerular.Layer.of.the.Accessory.Olfactory.Bulb","r_Glomerular.Layer.of.the.Accessory.Olfactory.Bulb","l_Glomerular.Layer.of.the.Olfactory.Bulb","r_Glomerular.Layer.of.the.Olfactory.Bulb","l_Granule.Cell.Level.of.the.Cerebellum","r_Granule.Cell.Level.of.the.Cerebellum","l_Hypothalamic.Region","r_Hypothalamic.Region","l_Entorhinal.Cortex","r_Entorhinal.Cortex","l_Vermix.Molecular.Layer.of.the.Cerebellum","r_Vermix.Molecular.Layer.of.the.Cerebellum","l_Lateral.Molecular.Layer.of.the.Cerebellum","r_Lateral.Molecular.Layer.of.the.Cerebellum","l_Anterior.Olfactory.Bulb","r_Anterior.Olfactory.Bulb","l_Posterior.Olfactory.Bulb","r_Posterior.Olfactory.Bulb","l_Subiculum","r_Subiculum","l_Perirhinal.Area","r_Perirhinal.Area","l_PreLimbic.System","r_PreLimbic.System","l_Primary.Cingular.Cortex","r_Primary.Cingular.Cortex","l_Primary.Motor.Cortex","r_Primary.Motor.Cortex","l_Retrosplenial.Cortex","r_Retrosplenial.Cortex","l_Secondary.Cingular.Cortex","r_Secondary.Cingular.Cortex","l_Secondary.Motor.Cortex","r_Secondary.Motor.Cortex","l_Striatum","r_Striatum","l_Ventral.Tegmental.Area","r_Ventral.Tegmental.Area","l_Substantia.Nigra","r_Substantia.Nigra","l_Thalamus","r_Thalamus"
"1",1,0.426750564329595,0.0606567846000202,0.103828839407523,0.0682966562626643,-0.167090345439583,0.13523710351531,-0.00481006118893514,0.213248624190307,0.210218747060862,0.231178280397943,0.141818313595689,0.0220524035914209,-0.0683820321046644,0.0846002415126436,0.223064493397524,-0.0293596591977341,0.0248462800400668,-0.0195013332462202,0.0391705175202565,0.142046654743898,0.204991698408256,-0.0258580089463568,0.103931448757376,-0.0799866611512078,-0.134074159488951,-0.0860038971687772,0.20177893635892,0.312078220631603,0.229856657788449,0.311159953185314,0.172141967505037,0.251578355202055,0.200383825931198,0.077700611270191,0.186406096695173,-0.0740548803301855,0.0609212365640778,-0.00326243693270696,-0.0750972849050668,-0.305559124596869,-0.304269950207205,0.0844653086485032,0.0871308167951343,0.191992964128274,0.136657128771119,-0.285637472533097,-0.377273830823894,-0.124680316853443,-0.178186319532788,0.212573476507913,0.209859354437741,0.136507584886937,0.17192381257362,-0.0190654409046853,0.197706703432549,-0.123707573932195,-0.0637577478054042
"2",0.426750564329595,1,-0.00932041254223955,0.0820907767994651,-0.0366209534377785,0.0327984134365162,0.0925120761818905,-0.0580153342136229,0.208865546902657,0.162402509468502,0.211398312317674,0.0587400275763384,-0.0529713206257958,0.133228714581054,0.171432809552548,0.210418775146494,-0.0711611807281006,-0.0193007267591448,-0.102543190874844,-0.0514480044024078,0.0471125931280706,0.0509470506107702,-0.0115733393818623,0.0715427413398889,0.0313225261544186,-0.16151164238024,0.108300881138161,0.104780877607127,0.1370468574598,0.21621567824873,0.130009915491298,0.0856235990150133,0.180449406702169,0.193162351300309,-0.0025509959083424,-0.108056897071782,0.0912642779613935,0.0716407698317535,-0.0238195507156745,0.0498568472599917,-0.148568896821986,-0.141345352924655,0.0255428009839917,-0.0469109016908954,0.169761369710933,0.0478131375093572,-0.164619836846848,-0.13998060018904,-0.0605308686942291,-0.00994866945001656,0.200816430035074,0.16896851357493,0.145498802155919,0.119403941946556,0.0699296964987405,0.205164227812732,-0.0691285106263069,-0.305901729944008
"3",0.0606567846000202,-0.00932041254223955,1,-0.0341767455941488,-0.0487567764956431,-0.107055770679082,-0.00066383077410257,-0.0249868680350837,0.070647877034361,-0.0248439523557726,-0.00366517606611394,0.0197098255651398,-0.101801815238128,0.036611494581086,0.0786374184458248,0.205594518088005,-0.0975795222313601,-0.0802004530755647,-0.152232500683775,-0.105105841280071,0.319225694097512,0.0123736299049279,-0.0743557152096691,0.212104153923433,0.25860581831004,0.0356541636305397,0.103441457660433,0.0977702377181146,0.270535037916025,-0.0207109228681506,0.0921519800978053,0.0286441186845893,0.155706228638527,-0.0370653016466169,0.0326461765490735,0.0822137661065245,0.0881213378583461,-0.0187783319057522,-0.0930118287237052,-0.0534732491517356,-0.128152704980372,-0.124098833405892,-0.129541778008307,-0.0144443015067169,-0.171243063714222,-0.0479619970722198,-0.0317759753688985,0.0552839314431114,-0.209918707951992,-0.092228843187964,-0.0858100197342705,-0.133584392227813,0.192293554642777,0.249046441228166,0.00894608545975798,-0.079211335449021,-0.190531017435236,0.052293438625481
"4",0.103828839407523,0.0820907767994651,-0.0341767455941488,1,-0.113333164440063,0.0877310301277358,0.093984635482664,0.229723410825131,0.137090011790494,0.148159113592743,0.17133472091666,0.197777232699158,0.0324867056829161,-0.0438602032320451,-0.169704041245742,-0.13436708523109,0.0656187428213913,0.00500874912694047,0.113582422886575,-0.172949363583709,-0.0366690225994792,0.11207996745267,-0.049022197467913,0.179701682714925,0.0478061642581613,0.162768710092273,0.053910704034187,0.0475003749533609,0.153369306080617,0.119262941600271,0.178987054414808,-0.107154010622555,-0.0857579724410415,0.139355366168545,0.0932302937293132,0.153450648045988,-0.0308222260863129,0.00629972711573597,0.0929857489041118,-0.0321662225495604,-0.0244549396380798,0.152971292071864,0.0489974684841016,-0.00212993861168239,-0.0543950312530905,0.00398671318532561,0.0250496761440988,0.0628301462838616,0.0481452897781026,-0.143963940188192,0.0485664240675171,0.0865069307706323,0.108601756313009,-0.0288134391233462,0.0462853513842909,0.0856306703248411,0.00593113629862657,0.0958697081101802
"5",0.0682966562626642,-0.0366209534377785,-0.0487567764956431,-0.113333164440063,1,-0.0484043478842506,0.0172178136226816,-0.0297399212055198,0.0141643628973901,0.0792257743870807,0.167175360927358,0.141769317435418,-0.087140085466016,-0.0699402969602452,0.156133263869135,0.188526577540619,-0.0602443267587438,-0.0748257765264519,-0.156032539752714,0.0831135155886362,-0.114677496364543,0.0633451082308373,0.0539119307364908,0.0153192666584996,-0.0738570277574377,-0.0752414436450236,-0.0381143931139191,0.171433156076981,0.0484722807037331,-0.0925770131483718,0.0443483859618096,0.0754915839050325,0.0346178858022005,0.0398823106155904,0.040330541929499,0.0152803906123715,-0.0158461168595299,-0.0608610946560385,-0.0211380374198303,-0.0413157053525602,0.135227360999055,0.123104965392913,0.192132613741315,0.0615348830279156,-0.0118397477273258,0.134730300024184,0.188851130816455,0.168513899182375,-0.128866553544078,-0.0662580401219094,0.337504505862338,0.25213897484061,0.146685893623262,0.200182617363187,0.0475451972382378,-0.157909817510213,0.314165034167036,-0.0246802449444348
"6",-0.167090345439583,0.0327984134365162,-0.107055770679082,0.0877310301277359,-0.0484043478842506,1,0.160628794761981,0.146883659005716,0.0171959035409209,0.0242871357253568,0.101360022313914,0.0612976945673265,-0.0371286253315742,0.0969885669382532,-0.120985253728688,-0.14041822558513,0.0991269497809322,0.0284838568158014,-0.0684446500408694,-0.0963196354634817,0.0806266682442275,-0.00506990675967723,-0.0903377418408076,-0.110067365781689,0.134915319008529,0.030774906083475,0.0883253337801061,-0.19706447494778,-0.0254360435511366,0.027791012638885,-0.0599651763095191,-0.00798387291599774,-0.19801939524517,0.0336681003121704,-0.0401218987386115,-0.140883932757709,-0.0284104186369769,0.0269026713537332,-0.0486927488584004,-0.0181590086194636,0.210266587787237,0.137612017922128,-0.0624467639117508,-0.0712677684074219,0.0427854490029393,0.0588512716611331,0.179695672002644,0.116623313846432,0.096913399376369,0.0419400930052203,-0.0788938627060205,-0.125546010774829,0.126561007626308,0.0430025618479317,-0.0420847732433077,-0.00791329010695178,0.193471806703612,0.160428231817966
"7",0.13523710351531,0.0925120761818905,-0.00066383077410257,0.093984635482664,0.0172178136226816,0.160628794761981,1,0.181291256966534,0.0560003136964908,-0.0467250232087489,0.0582410250167781,-0.0201871001858068,-0.111155902004872,0.0599272351666748,0.0597523665898993,0.158504680508588,-0.0532913139962077,0.0183364870825937,-0.0895771303044076,-0.214124044515154,-0.0389666936053384,0.0374465019599769,0.114401099500396,0.125696475551561,0.0974347395705494,0.267151567113026,-0.0382997196379166,-0.0771816841978776,0.124549003080336,-0.196790260566308,0.143531283098727,0.136735752121211,0.103935807373364,0.00493461093587522,0.308658130732428,0.201075948122774,0.298443383165344,0.23626215688771,0.0306816878255046,-0.0411900665303638,0.286252839655619,-0.00096468800041907,0.0102372241384741,-0.0374735742470904,0.0444543280853796,-0.0125336542307549,0.10691475724692,-0.0395161397326455,-0.0893359037866557,-0.0278544804334646,0.209399660824749,0.215846500097135,-0.0442338290177295,0.142250383338048,-0.020053404880291,0.1730529033421,0.301697948772481,0.0983114091035409
"8",-0.00481006118893514,-0.0580153342136229,-0.0249868680350837,0.229723410825131,-0.0297399212055198,0.146883659005716,0.181291256966534,1,0.105101762417411,-0.033524929860701,0.294129275687546,0.157373525380673,-0.157233268908652,-0.176956897361081,-0.126551880466311,0.0161624578006596,-0.0772443846160098,-0.0510012928039635,0.0597485321253391,0.0124286249792127,0.0632895751179806,-0.0151309997057287,-0.0434584285923353,-0.0106173180887387,0.0554507368217221,0.134557078972894,0.0301824935282137,0.155413145109545,0.0451338008203258,0.0568924009181876,0.0650699520634376,0.00507801948202707,-0.150263407430474,0.138493634137681,0.179953785009721,0.268843244644276,0.105705346106306,0.0757375869675339,0.0860580880434828,-0.0491572094813721,0.0945466666243848,0.0174687163014769,0.169914451553866,-0.0219934441102648,0.00297331284276244,0.0624659572149959,0.140033754058321,0.0826200605727759,-0.0411408991392929,-0.159265023975724,-0.0742887090435273,-0.00496781637845029,0.175946133258306,0.0899201478883646,-0.11881245298898,0.0908830897880705,0.171173241422638,0.106351261087327
"9",0.213248624190307,0.208865546902657,0.070647877034361,0.137090011790494,0.0141643628973901,0.0171959035409209,0.0560003136964908,0.105101762417411,1,0.243789164414916,0.278165583371596,0.022637063800368,-0.020599408323048,0.191537230048309,0.110140041142372,0.0815772712987845,0.0546232389484972,-0.159482065470176,-0.0619077928715432,0.0305503822949549,0.0567556220678734,-0.0357843209763507,0.298813074270681,0.0652327027920993,0.196729031968664,0.128149151479544,0.0515635846598472,0.321366827808404,0.0984569199211066,0.264108087897138,0.184547770181419,0.195467101816043,0.0273476763733236,-0.0623846098151978,0.0325116613300961,0.0481109635704453,0.0680932425001171,-0.201372117519701,-0.243569948528572,-0.165532837432126,-0.271632363018245,-0.324183411793773,0.161845056124456,0.0332718677303573,0.208231184726721,0.164545619835285,-0.29405254515882,-0.18434427435481,-0.0394489818666337,-0.044158149646744,0.0325361304540574,0.103855124932557,0.0789236836145828,0.146646016675483,-0.0250469184688501,0.0639003392247772,-0.165792091221128,-0.17260759145927
"10",0.210218747060862,0.162402509468502,-0.0248439523557726,0.148159113592743,0.0792257743870807,0.0242871357253568,-0.0467250232087489,-0.033524929860701,0.243789164414916,1,-0.0591322740018306,0.0183366487908471,0.0493929327713778,0.162957123051571,-0.0186735514739244,-0.0836363892950984,0.0413697970338446,0.118142709322103,-0.24009162123753,-0.0773415436830252,0.056294258268534,-0.010727609508894,0.258937600645306,-0.00392400506006212,0.112259991724792,-0.135190531001891,0.0650987108932533,0.173485557844987,0.0819034128011622,0.015170994790003,-0.0207066845836341,0.00811268177092119,0.050468495856784,0.038483706313797,0.0880281971670038,-0.111256921352093,-0.0290429189658816,-0.0903759291775733,-0.0658182527658938,0.0941222537361743,-0.00530467728249135,0.106571691304913,0.178441997895103,0.164624908836347,0.297857310947126,0.230181035385138,-0.107727367126614,-0.0391602666375364,0.206339213011473,0.287136578034839,0.0837631843777669,0.00912300544748717,0.139911038463269,0.175791067096364,0.0645837120649926,-0.0133780111302573,-0.0668656106201962,-0.0478164229777585
"11",0.231178280397943,0.211398312317674,-0.00366517606611394,0.17133472091666,0.167175360927358,0.101360022313914,0.0582410250167781,0.294129275687546,0.278165583371596,-0.0591322740018306,1,0.275158092789957,-0.144317538452587,-0.0166941686983914,0.10346928184193,0.189025618521749,-0.0495254780556044,-0.134562571778988,-0.035280476844844,-0.0550199946288706,0.0941271559338841,0.0324679499121999,0.052055063528734,0.0150908833894886,0.0476623703508186,0.095130876293009,-0.0577331939068293,0.263713417012078,0.337314870300719,0.179029705668957,0.116260425454595,0.174140007376483,-0.0250475241783207,0.194652654373338,0.0340296560102699,0.128620209452591,-0.00439047769130815,0.0244216599186197,0.0417491579451309,-0.00092942019829569,-0.0911512868603504,-0.066631740010843,0.23484224762033,0.00342838073997736,-0.0850687423651672,0.0162397064860721,0.089860050194484,-0.0704699262666615,-0.187125281727754,-0.165962151233522,0.181572835087086,0.185239173160416,0.238087910096833,0.241558913533663,0.0859317227166334,-0.00442362067085322,-0.0034942516054751,-0.00404275289475479
"12",0.141818313595689,0.0587400275763384,0.0197098255651398,0.197777232699158,0.141769317435418,0.0612976945673265,-0.0201871001858068,0.157373525380673,0.022637063800368,0.0183366487908471,0.275158092789957,1,-0.0187177526694192,-0.0460850125049658,-0.0742829433806631,0.0918419620109074,0.143343816420159,-0.0743724039632601,-0.140348297578424,-0.0363029239500675,0.038373732621552,0.188389679782199,-0.0397917926068901,0.14041076649589,0.10729569929156,0.0837819173311055,-0.0598587739925289,0.230218276239097,0.277960332670741,0.156352625696612,0.149697815205839,0.17602556847601,0.182257130539153,0.319773258997284,0.148725697436912,0.073455008671466,-0.161947209548492,-0.194357825069165,0.0956985459732981,0.12316248281856,-0.128520664069502,-0.0291036036198571,0.0460352993275653,0.117088495289085,-0.0238894822780328,-0.0752684493468589,-0.0155669639311261,-0.0441665542951043,-0.206572439959098,-0.188020678276613,0.102488774118529,0.146583944997039,0.164539973861817,0.174333021801681,0.150309739713178,0.0615128678296041,0.0890896039265268,-0.00535218090300471
"13",0.0220524035914209,-0.0529713206257958,-0.101801815238128,0.0324867056829161,-0.087140085466016,-0.0371286253315742,-0.111155902004872,-0.157233268908652,-0.020599408323048,0.0493929327713778,-0.144317538452587,-0.0187177526694191,1,0.0954721331733933,0.0552783522621355,-0.0306481195477367,0.0180707992066577,0.135864751594529,-0.0277024721233411,-0.0334736396252141,-0.207224185093485,0.106928622282564,-0.109415832980936,0.00141993814860378,0.0966503529833361,-0.0351072346982424,0.166572260042548,0.0845175318613824,-0.0946500619746667,0.0692116339242787,-0.0807405646789932,0.0396651602474154,-0.0993117792241039,-0.129616614817005,-0.0832773535100919,-0.0884696598974131,-0.0519977827798771,0.0937008260652337,-0.1033704921494,-0.158937341691524,0.0880275586081996,0.182446472716907,0.105078504661494,0.11366620651933,0.0862800913330413,0.198915025345545,-0.0137921679399969,0.118361172274047,0.537130707389897,0.26057613702835,-0.0176480627484432,0.15662579065435,-0.0826763032906157,-0.109097378186211,0.10940366728212,-0.121607518830067,0.00989566831205065,-0.0168639972762913
"14",-0.0683820321046644,0.133228714581054,0.036611494581086,-0.0438602032320451,-0.0699402969602452,0.0969885669382532,0.0599272351666748,-0.176956897361081,0.191537230048309,0.162957123051571,-0.0166941686983914,-0.0460850125049658,0.0954721331733933,1,-0.182493313849309,0.159080925198578,0.140264301953488,0.259467131833328,-0.0867076456279673,-0.120268798590415,0.0021758977825097,-0.0220362099093949,-0.0193249029279898,0.0850188379955412,0.156529237718825,0.00935400727844774,0.134177804612617,0.0502473744276088,0.00963821837288604,-0.0374099508086755,-0.0719195354789433,0.0604135690667833,-0.0533098471462163,-0.0974433592927061,-0.141746194101878,-0.299460944360609,0.180940681676616,-0.0375108680601702,-0.130008082257945,-0.0346858052794373,-0.145090650544264,-0.0728478644111811,-0.0103464032716752,0.242447601470688,0.160407928822352,0.021176914702438,-0.222070476430874,-0.0904070989605148,0.0739119296272024,0.618239887778073,0.105669033250723,0.126692440470951,0.0391148668436687,0.126974471149425,0.112124877860507,0.0839765871696809,-0.00162774318544176,-0.0185297752652622
"15",0.0846002415126436,0.171432809552548,0.0786374184458247,-0.169704041245742,0.156133263869135,-0.120985253728688,0.0597523665898993,-0.126551880466311,0.110140041142372,-0.0186735514739244,0.10346928184193,-0.0742829433806631,0.0552783522621355,-0.182493313849309,1,0.116444583277601,-0.188293850668411,-0.133817830576906,-0.027049661115453,-0.0201676480018264,-0.0508814066702167,-0.130248599326274,0.0724188688013985,0.00036103838496652,-0.0125245276444413,-0.0126775263969869,-0.105017375002402,0.0795593442031256,-0.0488520449675767,-0.0193776771228084,0.0861013195186428,0.103464567404028,0.0846648607590449,-0.0700933442169772,0.00818200820747187,0.118639252962694,-0.002531191026002,0.0668056899732402,0.0498245127385995,-0.0311190675533681,0.0689522334761624,0.0391387389371228,0.108979621203723,-0.11041149041078,0.0106997727265243,-0.0277306997712476,0.0411942275293194,0.0681405381575619,-0.0522696984488018,-0.104658867705556,0.103570981173142,-0.00962142093498461,-0.0153272928342115,0.140766673530324,0.0809141815092172,-0.0993127662372682,0.0231703982849713,-0.0440193654010072
"16",0.223064493397524,0.210418775146494,0.205594518088005,-0.13436708523109,0.188526577540619,-0.14041822558513,0.158504680508588,0.0161624578006596,0.0815772712987845,-0.0836363892950983,0.189025618521749,0.0918419620109074,-0.0306481195477367,0.159080925198578,0.116444583277601,1,-0.157658756041755,-0.0632254006475724,-0.137997424934007,0.0578653552269414,-0.0123045285595193,-0.042802277810118,-0.0607930257945293,0.0922899886427789,-0.0484498068689999,-0.109887897335756,-0.0463368005276738,0.153793531612935,0.258505003613572,0.166593197799407,-0.0275871945429128,0.23678989693767,0.103619844911992,-0.00124085111222513,0.0670701566780335,0.0230829155020976,-0.00676424613027833,-0.0646581774553738,-0.142517407132765,-0.0471673091029247,-0.00083631216454424,-0.186689634535255,0.0875832341452586,0.0419929521437358,-0.0591300723240062,-0.0744188696280462,-0.030722393350583,-0.104525462607168,-0.0520131365034625,0.0794596649713704,0.319581470735455,0.302008277351548,0.0905415768536839,0.252278570348477,0.134059959423194,0.0480394868700923,-0.0231718315658446,-0.0397064756701261
"17",-0.0293596591977341,-0.0711611807281006,-0.0975795222313601,0.0656187428213913,-0.0602443267587438,0.0991269497809322,-0.0532913139962077,-0.0772443846160098,0.0546232389484972,0.0413697970338446,-0.0495254780556044,0.143343816420159,0.0180707992066577,0.140264301953488,-0.188293850668411,-0.157658756041755,1,0.0902830307094676,0.129403634463577,-0.0172781522611102,0.0877531896084513,0.100744040326753,-0.0280871399978095,-0.0698787117680564,0.143678608102362,0.12079309217327,0.00646875868786187,0.014629032872815,-0.0369813382265351,-0.0581003860778364,0.233054642122862,0.0148667559835612,-0.0802549952066393,0.110016113986165,-0.0654582084674628,-0.0831509328549466,-0.196489743383892,0.0316565959528494,0.0267536643233579,0.122516193801329,0.0221375815198619,0.0161869131910174,-0.0836318932498047,0.071807079316633,0.048679443442746,-0.020466622408695,-0.140154596358485,-0.0264737760546224,0.272632528755063,0.0773158828202109,-0.110336103502834,-0.0280798900278472,-0.013187109920354,-0.0599891899207841,0.0457626652471467,-0.0809279116972712,0.0629828573215063,0.103891635374358
"18",0.0248462800400668,-0.0193007267591448,-0.0802004530755647,0.00500874912694047,-0.0748257765264519,0.0284838568158014,0.0183364870825937,-0.0510012928039635,-0.159482065470176,0.118142709322103,-0.134562571778989,-0.0743724039632601,0.135864751594529,0.259467131833328,-0.133817830576906,-0.0632254006475724,0.0902830307094676,1,0.0962989680165986,-0.189797071054795,0.0837012313358186,-0.108199844260167,-0.0577949679362886,0.00464178430583159,-0.0428167591604674,-0.0515004652424643,0.15406036192861,-0.134419388440911,0.0401848948429406,-0.139731965586555,-0.00200595768521341,-0.006970015168103,-0.0941121222715887,0.0186633814774729,0.0806043349365638,0.0221071639643404,0.0737640212731711,0.163839162817548,0.258478631845619,0.150196431011236,0.0435648031356065,0.0477599882440508,-0.0535807066610032,0.059395457450405,-0.0444474110803291,0.109542996684442,-0.133024745824572,-0.101057900373743,0.121403633946218,0.500342620479397,-0.00217224740887583,-0.0626952974077997,0.00078133943151228,0.00816304326427136,-0.00558014887832794,0.00997155230296679,0.0568745120116184,0.0559306992889636
"19",-0.0195013332462202,-0.102543190874844,-0.152232500683775,0.113582422886575,-0.156032539752714,-0.0684446500408694,-0.0895771303044076,0.0597485321253391,-0.0619077928715432,-0.24009162123753,-0.035280476844844,-0.140348297578424,-0.0277024721233411,-0.0867076456279673,-0.027049661115453,-0.137997424934007,0.129403634463577,0.0962989680165986,1,0.126883960277938,-0.22455740344012,-0.011605675975802,-0.0470721116971756,-0.123513469981259,-0.0638118213461497,-0.0336989253146395,0.191455794418756,-0.105836774113456,0.180129391809043,0.0719697014829793,0.452759478632871,0.0738128006952344,-0.185680909399252,0.0749445824197526,0.0211362031758324,-0.0872404836075548,-0.0579337307260873,0.147940519813044,0.163539243633801,0.180566248481209,-0.138845113762399,-0.108424664681464,-0.162739732359342,-0.0266958926083357,-0.121807918405218,-0.254560471156987,0.0161850342852112,0.0247946330752079,-0.0232929231555412,-0.122495854806267,-0.176835519194659,-0.0595591170477924,-0.1906346113968,-0.262350027136313,-0.0465774803760836,-0.0232776123333449,-0.167781441608393,-0.093919914193678
"20",0.0391705175202565,-0.0514480044024078,-0.105105841280071,-0.172949363583709,0.0831135155886362,-0.0963196354634817,-0.214124044515154,0.0124286249792127,0.0305503822949549,-0.0773415436830252,-0.0550199946288706,-0.0363029239500675,-0.0334736396252141,-0.120268798590415,-0.0201676480018264,0.0578653552269414,-0.0172781522611102,-0.189797071054795,0.126883960277938,1,0.0104082216316157,0.0664600879938974,0.14904367028091,-0.175736410707382,-0.137714033561983,-0.0212936588047362,0.126083213121328,0.0658907552445374,0.0494475743943931,0.172284015300999,0.0568424471897634,0.220988677132614,-0.00483995885799585,-0.0882170988472976,-0.162620598136199,-0.0560023176724828,-0.195515265012424,-0.0923404563930674,-0.0820876456268482,0.0203584485016043,-0.0619457302956169,-0.0864865456531096,0.0203576175177533,0.0863045629862004,0.0686040929495797,-0.00873512539556941,-0.036233550369534,0.0709641739761767,-0.0442007220071213,-0.0575451384423766,-0.083347459654029,-0.111691216316389,0.11749483923303,-0.206865956161542,-0.0462743444475848,-0.0141296401604119,-0.190280964499885,-0.066182296525443
"21",0.142046654743898,0.0471125931280706,0.319225694097512,-0.0366690225994792,-0.114677496364543,0.0806266682442275,-0.0389666936053384,0.0632895751179806,0.0567556220678734,0.056294258268534,0.0941271559338841,0.038373732621552,-0.207224185093485,0.0021758977825097,-0.0508814066702167,-0.0123045285595193,0.0877531896084513,0.0837012313358186,-0.22455740344012,0.0104082216316157,1,0.0812172402282175,-0.0786399274037935,0.0395148507082,-0.0353519317287496,0.228667198693894,0.105916263280943,0.149045147213191,0.0672235619272668,0.0228203837571722,-0.00019692224325224,0.0968351081871748,0.113896958009084,0.00635716440455932,-0.0255731373005923,0.0229460505220022,0.0310553600570057,0.0170516650073788,-0.260361096217184,0.0153181323570695,-0.0663341135526086,-0.175877919597796,0.00988802007628232,0.123581512715773,-0.140432340911588,-0.0869643141848572,-0.102501009277789,-0.16240409502466,-0.101139291240211,-0.0109418550207386,0.0753823373063347,-0.209903514827681,0.155299252232148,0.0125469320906307,-0.15145684466473,0.173399723999814,-0.209703043997637,-0.00303975695638579
"22",0.204991698408256,0.0509470506107702,0.0123736299049279,0.11207996745267,0.0633451082308373,-0.00506990675967723,0.0374465019599769,-0.0151309997057287,-0.0357843209763507,-0.010727609508894,0.0324679499122,0.188389679782199,0.106928622282564,-0.0220362099093949,-0.130248599326274,-0.042802277810118,0.100744040326753,-0.108199844260167,-0.011605675975802,0.0664600879938974,0.0812172402282175,1,-0.101149079212146,-0.0491905698950891,-0.196939108377555,0.053751053554705,0.133858659762749,-0.0238739243532727,0.198167950143907,0.00072369831636626,0.0912324764834584,0.102663352913961,0.0187582242108014,-0.103511423471316,0.0628174409607269,-0.11780526397384,-0.155784065752757,0.0643568444665731,-0.0912979762654046,-0.121124515849447,0.0189362816978581,-0.0113547019630776,0.0580734783332974,0.0785207773660957,-0.102228083515721,-0.0203384090434593,0.0586835567828986,-0.0627902185235551,0.135518950031008,-0.0843481711238808,0.140239414305191,0.0388456088116275,0.12260460832513,0.0231125025861906,-0.0502719164908404,0.0567017434206771,-0.00556390851568955,-0.0733711274859418
"23",-0.0258580089463568,-0.0115733393818623,-0.0743557152096691,-0.049022197467913,0.0539119307364908,-0.0903377418408076,0.114401099500396,-0.0434584285923353,0.298813074270681,0.258937600645306,0.052055063528734,-0.0397917926068901,-0.109415832980936,-0.0193249029279898,0.0724188688013985,-0.0607930257945293,-0.0280871399978095,-0.0577949679362886,-0.0470721116971756,0.14904367028091,-0.0786399274037935,-0.101149079212146,1,0.201750090523832,0.075254290667765,0.0735395654930786,-0.0455029199032113,0.0596513887756023,-0.0193640114076054,-0.05107661986607,0.0327624623164505,0.00102328895052182,0.031562612910656,-0.0253383298160695,0.054924072369172,-0.0932222570909549,0.0838717123391219,-0.276116339398952,0.0343197318943701,0.149009350660038,0.0402678124264849,-0.00996174864920015,-0.0107797605945597,-0.00889860240747464,0.0162883582876715,-0.0199617805761634,0.0372040613092648,-0.0371008602365723,-0.00376801158758997,0.128803188774108,-0.0285386080802665,0.0507428695551582,0.0474301288158368,0.0759499127470362,0.118776839538218,0.0181985104430689,0.00479909856761328,0.00224817773174808
"24",0.103931448757376,0.0715427413398889,0.212104153923433,0.179701682714925,0.0153192666584996,-0.110067365781689,0.125696475551561,-0.0106173180887387,0.0652327027920993,-0.00392400506006212,0.0150908833894886,0.14041076649589,0.00141993814860378,0.0850188379955412,0.00036103838496652,0.0922899886427789,-0.0698787117680564,0.00464178430583159,-0.123513469981259,-0.175736410707382,0.0395148507082,-0.0491905698950891,0.201750090523832,1,0.0532114264968165,0.00227619650270932,-0.0589794462749575,-0.109620427421987,0.0877904084931938,-0.100038179924353,-0.0298356556139986,-0.0562350639451112,0.0587296666683935,0.117543056381206,0.0825543660726147,0.181602224633506,0.173026730032832,-0.0476054592591881,-0.0346913622142866,-0.00048239829598672,-0.0130141438751516,0.0459621968785414,-0.119021276531338,0.0264319799736319,-0.100853447320348,-0.0378595810721674,-0.0217247104176209,0.0992893049889635,-0.167565719875921,0.0188799306703388,0.149456068092304,0.143829919582559,0.114855841886269,0.156829872111133,0.0196567256830578,0.10619065522364,0.0755817650824962,0.00488941785550316
"25",-0.0799866611512078,0.0313225261544186,0.25860581831004,0.0478061642581613,-0.0738570277574377,0.134915319008529,0.0974347395705494,0.0554507368217221,0.196729031968664,0.112259991724792,0.0476623703508186,0.10729569929156,0.0966503529833362,0.156529237718825,-0.0125245276444413,-0.0484498068689999,0.143678608102362,-0.0428167591604674,-0.0638118213461497,-0.137714033561983,-0.0353519317287496,-0.196939108377555,0.075254290667765,0.0532114264968165,1,0.254362856734935,0.104855957706487,0.0883460348281744,-0.0556341145745992,0.0562594837979274,0.105041626998432,-0.0913376019538655,0.0646487039393237,-0.00169243692879228,0.309625449729523,0.0133339758029784,0.225941391654755,-0.0235332913687787,0.0641540746038055,0.0518857956255153,0.00175879530908302,-0.0415423265537451,-0.13923204087043,-0.171531973510358,0.19942200059917,-0.054811703867387,-0.107167553249355,0.0145429424343627,0.0407729160075658,0.00494388710193922,-0.085061173571722,-0.0650051985722852,0.0571533487826498,0.15138537365563,0.0575128016458908,-0.0268034909875712,-0.0341325829093965,-0.0339001923863757
"26",-0.134074159488951,-0.16151164238024,0.0356541636305397,0.162768710092273,-0.0752414436450236,0.030774906083475,0.267151567113026,0.134557078972894,0.128149151479544,-0.135190531001891,0.095130876293009,0.0837819173311055,-0.0351072346982424,0.00935400727844774,-0.0126775263969869,-0.109887897335756,0.12079309217327,-0.0515004652424643,-0.0336989253146395,-0.0212936588047362,0.228667198693894,0.053751053554705,0.0735395654930786,0.00227619650270932,0.254362856734935,1,0.0499897318745012,0.149602576258227,-0.0393188198946046,0.0423538811039205,0.0858377064069153,0.0465101391983949,0.0351253574726543,0.0148287330900198,0.236211716411745,0.0706606884649129,0.159882557017272,0.161655010399153,0.0764520397147652,0.0352500849497646,0.0455720338091564,0.0570523302639703,0.00593718697790355,0.045357454314734,-0.0485863638734007,-0.0501003263109248,-0.165904708010645,-0.137142736443154,-0.0468605306666835,-0.0512967379296096,0.0238115118931665,-0.0312910554103017,0.0267701552389683,0.0900244960641425,-0.0452328373338316,0.149859000993526,0.0422049231459244,0.126425049151551
"27",-0.0860038971687772,0.108300881138161,0.103441457660433,0.053910704034187,-0.0381143931139191,0.0883253337801061,-0.0382997196379166,0.0301824935282137,0.0515635846598472,0.0650987108932533,-0.0577331939068293,-0.0598587739925289,0.166572260042548,0.134177804612616,-0.105017375002402,-0.0463368005276738,0.00646875868786187,0.15406036192861,0.191455794418756,0.126083213121328,0.105916263280943,0.133858659762749,-0.0455029199032113,-0.0589794462749575,0.104855957706487,0.0499897318745012,1,-0.0816807764651292,0.183965491097788,0.118916489221889,0.0952161804567294,0.133348858301215,-0.125449520610114,0.0320500094294818,-0.0486072145651751,-0.0935568474132582,0.132854347224004,0.104095107004983,0.00088569398326099,-0.0244721600463737,0.0284086861764063,-0.012453272254357,-0.0323551770711663,0.034926557502106,0.0269143245153497,0.00860210784118669,-0.0852093448765767,0.0129987755181953,0.0519188889930383,0.207984433352557,0.00690884293288314,-0.139305919643924,0.0792105877441309,0.0410845270955175,0.101332858745264,-0.0321627457165383,-0.0620773284348245,-0.163318050782263
"28",0.20177893635892,0.104780877607127,0.0977702377181146,0.0475003749533608,0.171433156076981,-0.19706447494778,-0.0771816841978776,0.155413145109545,0.321366827808404,0.173485557844987,0.263713417012078,0.230218276239097,0.0845175318613824,0.0502473744276088,0.0795593442031256,0.153793531612935,0.014629032872815,-0.134419388440911,-0.105836774113456,0.0658907552445374,0.149045147213191,-0.0238739243532727,0.0596513887756023,-0.109620427421987,0.0883460348281744,0.149602576258227,-0.0816807764651292,1,0.130009086568092,0.162709778695332,0.132827232884075,0.157678069346101,0.183271056283078,-0.124400793079671,0.0541675532764318,0.0462993290578286,0.00499522890525227,-0.0843909230565519,-0.0659147969582366,0.0795275808490199,-0.0768965001075994,-0.0573885087391538,0.301620664505677,0.252153932791596,0.0307546868697716,0.131245487780806,-0.126504529901925,-0.0571142090918722,-0.0328557255967564,-0.00649092548580754,0.223319129579106,0.135567153391136,0.173900909602349,0.101409264721921,0.225351428858381,-0.00719003291165123,-0.0664145778243186,-0.0580975990670088
"29",0.312078220631603,0.1370468574598,0.270535037916025,0.153369306080617,0.0484722807037331,-0.0254360435511366,0.124549003080336,0.0451338008203258,0.0984569199211066,0.0819034128011622,0.337314870300719,0.277960332670741,-0.0946500619746667,0.00963821837288604,-0.0488520449675767,0.258505003613573,-0.0369813382265351,0.0401848948429406,0.180129391809043,0.0494475743943931,0.0672235619272668,0.198167950143907,-0.0193640114076054,0.0877904084931938,-0.0556341145745992,-0.0393188198946046,0.183965491097788,0.130009086568092,1,0.130058292497274,0.360621474054465,0.221740993278026,0.216617726522879,0.240007657381809,0.162893260105775,0.0606695169006879,-0.194881669742332,0.0164398747700842,0.139062697958948,0.138813109942462,-0.103559003678771,-0.202831560561331,-0.00735475670531621,0.0850736697286253,-0.140107957802197,-0.155490182287799,-0.00478069408921296,-0.0845842970867954,-0.242444100878758,-0.115298502899597,0.125876729797132,-0.0120879709621025,0.197426879190246,0.135480275445151,-0.0325839015637139,0.038448488895559,-0.0860813013218679,0.0169039159052928
"30",0.229856657788449,0.21621567824873,-0.0207109228681506,0.119262941600271,-0.0925770131483718,0.027791012638885,-0.196790260566308,0.0568924009181876,0.264108087897138,0.015170994790003,0.179029705668957,0.156352625696612,0.0692116339242787,-0.0374099508086754,-0.0193776771228084,0.166593197799407,-0.0581003860778364,-0.139731965586555,0.0719697014829793,0.172284015300999,0.0228203837571722,0.00072369831636626,-0.05107661986607,-0.100038179924353,0.0562594837979274,0.0423538811039205,0.118916489221889,0.162709778695332,0.130058292497274,1,0.065920281687903,0.268157880048844,0.0437049578478929,0.114655024954897,-0.0100670520326281,-0.0304376102737102,-0.105781724132933,-0.112140802358972,-0.0670915640158643,-0.0821253430048574,-0.220276856782539,-0.256139451040403,0.233865065423086,0.115723635272138,-0.0369655275931674,-0.0469604006645972,-0.109378845681255,-0.180181519989443,-0.0495267217778415,-0.148322534746425,0.147548490607783,0.159626171931947,0.147898587425115,0.189270165448888,0.0520949351127506,0.191725137229859,-0.240123457600404,-0.137985470140143
"31",0.311159953185314,0.130009915491298,0.0921519800978053,0.178987054414808,0.0443483859618096,-0.0599651763095191,0.143531283098727,0.0650699520634376,0.184547770181419,-0.0207066845836341,0.116260425454595,0.149697815205839,-0.0807405646789932,-0.0719195354789433,0.0861013195186428,-0.0275871945429128,0.233054642122862,-0.00200595768521341,0.452759478632871,0.0568424471897634,-0.00019692224325224,0.0912324764834584,0.0327624623164505,-0.0298356556139986,0.105041626998432,0.0858377064069153,0.0952161804567294,0.132827232884075,0.360621474054465,0.0659202816879031,1,0.228018635045992,0.0500377108195485,0.164224789134595,0.235242136707619,0.0687687477240233,-0.108753548891062,0.0329580613968258,0.155901352081822,0.252056435341417,-0.289106443540363,-0.357863849626449,-0.201298097240822,-0.0850824114225997,-0.0940394107485284,-0.197762340211441,-0.101872142002402,-0.17673231499984,-0.0949344978115168,-0.257079808660147,-0.109980628509792,-0.0201216786173174,0.125549833464105,0.0398732867462354,-0.061722993435102,-0.0214897606519705,-0.0152861159644273,-0.0060821171582037
"32",0.172141967505037,0.0856235990150133,0.0286441186845893,-0.107154010622555,0.0754915839050325,-0.00798387291599774,0.136735752121211,0.00507801948202707,0.195467101816043,0.00811268177092119,0.174140007376483,0.17602556847601,0.0396651602474154,0.0604135690667833,0.103464567404028,0.23678989693767,0.0148667559835612,-0.006970015168103,0.0738128006952344,0.220988677132614,0.0968351081871748,0.102663352913961,0.00102328895052182,-0.0562350639451112,-0.0913376019538655,0.0465101391983949,0.133348858301215,0.157678069346101,0.221740993278026,0.268157880048844,0.228018635045992,1,0.0540860404188189,0.0647053137474139,0.0465342921864295,0.0325735950058406,0.0440676755950306,0.0722643477167417,-0.0720018021667477,0.0215976913155562,-0.205764406765075,-0.22480296508639,0.0670614576936973,0.0960424691998182,-0.16315624832701,-0.0542401545103061,-0.180745443560324,-0.253220992185567,-0.19491583299314,0.0539787715741105,0.0384546318450228,0.118460064079432,0.0525358417793614,0.193042374426515,0.0142771185960441,0.191325776565758,-0.0494580354227236,-0.169649521777598
"33",0.251578355202055,0.180449406702169,0.155706228638527,-0.0857579724410415,0.0346178858022005,-0.19801939524517,0.103935807373364,-0.150263407430474,0.0273476763733236,0.050468495856784,-0.0250475241783207,0.182257130539153,-0.0993117792241039,-0.0533098471462163,0.0846648607590449,0.103619844911992,-0.0802549952066393,-0.0941121222715887,-0.185680909399252,-0.00483995885799586,0.113896958009084,0.0187582242108014,0.031562612910656,0.0587296666683935,0.0646487039393237,0.0351253574726543,-0.125449520610114,0.183271056283078,0.216617726522879,0.0437049578478929,0.0500377108195485,0.0540860404188189,1,0.141241642021677,0.129787519780411,0.0559155042317749,-0.13765994719287,-0.0992168571007829,0.213303211216558,0.118080056995359,0.105760946588231,-0.0714362868852283,-0.00593526519158452,0.093105679868732,0.180388985535808,-0.0293845597422694,0.112999929101409,0.064763959230639,-0.12637523753596,-0.152490572209131,0.292154170095383,-0.0330341443255466,0.0747677334700611,-0.0990793870032598,0.0407863556358424,0.00964624408964723,-0.128655430946297,-0.0906458119294224
"34",0.200383825931198,0.193162351300309,-0.0370653016466169,0.139355366168545,0.0398823106155904,0.0336681003121704,0.00493461093587522,0.138493634137681,-0.0623846098151978,0.038483706313797,0.194652654373338,0.319773258997284,-0.129616614817005,-0.0974433592927061,-0.0700933442169772,-0.00124085111222513,0.110016113986165,0.0186633814774729,0.0749445824197526,-0.0882170988472976,0.00635716440455931,-0.103511423471316,-0.0253383298160695,0.117543056381206,-0.00169243692879228,0.0148287330900198,0.0320500094294818,-0.124400793079671,0.240007657381809,0.114655024954897,0.164224789134595,0.0647053137474139,0.141241642021677,1,0.044122961157017,0.069423337821889,-0.0710847934369841,-0.0634748678507549,0.201761848971049,0.269476875216713,-0.0808372050978159,-0.0906279829997773,0.0251471484666082,-0.0751074476934635,-0.0461198759535087,-0.0750616034093599,0.0333427608580701,-0.118569016569557,-0.0576613143870958,-0.167797929934185,-0.0713959694155421,-0.0193216627404804,0.148858947218306,0.0972245224291491,0.0065597202279029,0.101529342582463,0.146843588609539,0.136684594386022
"35",0.077700611270191,-0.0025509959083424,0.0326461765490735,0.0932302937293132,0.040330541929499,-0.0401218987386115,0.308658130732428,0.179953785009721,0.0325116613300961,0.0880281971670038,0.0340296560102698,0.148725697436912,-0.0832773535100919,-0.141746194101878,0.00818200820747187,0.0670701566780335,-0.0654582084674628,0.0806043349365638,0.0211362031758324,-0.162620598136199,-0.0255731373005923,0.0628174409607269,0.054924072369172,0.0825543660726147,0.309625449729523,0.236211716411745,-0.0486072145651751,0.0541675532764318,0.162893260105775,-0.0100670520326281,0.235242136707619,0.0465342921864295,0.129787519780411,0.044122961157017,1,0.220424356354121,0.167540136969887,0.115016959240656,0.129724511911258,0.170612501237541,-0.0626119360388467,-0.130792088209252,-0.161593792713632,-0.176342679353961,-0.0903694195336503,-0.138582974116432,-0.121787066164382,-0.160004219251732,-0.119809515467672,-0.188155488295938,0.0956938946056434,-0.024091396341658,0.14679709048775,0.268498397606232,-0.0699523554410759,0.184865564862062,-0.00451000375051689,0.0568711386171764
