"","l_Insular.Cortex","r_Insular.Cortex","l_Amygdal.Area","r_Amygdal.Area","l_Bed.Nucleus.of.the.Stria.Terminalis","r_Bed.Nucleus.of.the.Stria.Terminalis","l_Hippocampus","r_Hippocampus","l_Orbitofrontal.cortex","r_Orbitofrontal.cortex","l_Entorhinal.Cortex","r_Entorhinal.Cortex","l_Frontal.Association.Cortex","r_Frontal.Association.Cortex","l_Globus.Pallidus","r_Globus.Pallidus","l_Glomerular.Layer.of.the.Accessory.Olfactory.Bulb","r_Glomerular.Layer.of.the.Accessory.Olfactory.Bulb","l_Glomerular.Layer.of.the.Olfactory.Bulb","r_Glomerular.Layer.of.the.Olfactory.Bulb","l_Granule.Cell.Level.of.the.Cerebellum","r_Granule.Cell.Level.of.the.Cerebellum","l_Hypothalamic.Region","r_Hypothalamic.Region","l_Entorhinal.Cortex","r_Entorhinal.Cortex","l_Vermix.Molecular.Layer.of.the.Cerebellum","r_Vermix.Molecular.Layer.of.the.Cerebellum","l_Lateral.Molecular.Layer.of.the.Cerebellum","r_Lateral.Molecular.Layer.of.the.Cerebellum","l_Anterior.Olfactory.Bulb","r_Anterior.Olfactory.Bulb","l_Posterior.Olfactory.Bulb","r_Posterior.Olfactory.Bulb","l_Subiculum","r_Subiculum","l_Perirhinal.Area","r_Perirhinal.Area","l_PreLimbic.System","r_PreLimbic.System","l_Primary.Cingular.Cortex","r_Primary.Cingular.Cortex","l_Primary.Motor.Cortex","r_Primary.Motor.Cortex","l_Retrosplenial.Cortex","r_Retrosplenial.Cortex","l_Secondary.Cingular.Cortex","r_Secondary.Cingular.Cortex","l_Secondary.Motor.Cortex","r_Secondary.Motor.Cortex","l_Striatum","r_Striatum","l_Ventral.Tegmental.Area","r_Ventral.Tegmental.Area","l_Substantia.Nigra","r_Substantia.Nigra","l_Thalamus","r_Thalamus"
"1",1,0.259320598395059,-0.0608739459807752,-0.0868824918522066,0.172500343371909,0.031456174856533,-0.182908367777099,-0.231178056317968,0.383482787869252,0.252670487430129,0.220943371960309,0.132801140767548,-0.164888451292181,-0.201124072714992,-0.111994826514837,0.225779272067443,-0.137830614920773,-0.0921325423322278,-0.0970095582772085,0.0812960491164281,-0.0839157623914868,-0.196517039126415,-0.0891590237497173,0.0283400133133031,0.0302545499223271,-0.119723404780329,0.111504204142962,-0.148171109637076,-0.096170389731445,-0.0633573851648994,-0.0622155794777409,-0.0230424232119047,0.0742468641409165,0.0743105162261329,-0.182524651864334,-0.195542528719497,0.038922765445878,-0.0547067435760882,0.115824467175833,0.0633543960337695,0.148578811929345,0.0732372200149616,-0.087796417443718,0.117303769998609,0.0621572179686385,-0.0498452692013555,0.146450749054648,0.0691753023183757,-0.16857057200144,-0.00865733989219239,0.205811973322425,0.120533574542784,0.0290009658619926,0.0548538860551897,0.0601252556914865,0.162438098651838,-0.00656317502682473,-0.0554752441244956
"2",0.259320598395059,1,-0.147804163922351,0.0847156713113471,0.0980246501853127,-0.0206529693451486,-0.0658996718296437,0.0660118193397819,0.241869604232231,0.311233618052716,0.0819418715573783,0.331541489493644,-0.0297513703088212,0.0245458883983114,0.00349008855004041,0.162503996568807,0.0737419946138805,0.0211031754710365,-0.177396523359958,0.196108804852383,-0.0341083456816763,-0.0703090444649983,-0.0747120824532354,-0.0502426588327506,-0.066614455975881,-0.00671890911279258,-0.19674695121306,-0.202436605910734,-0.0887299105520167,-0.109975393022829,-0.266014648729951,-0.0570321541013862,0.205304516042568,0.252787601443541,-0.0699044290423454,-0.0116057875778598,-0.160851541280974,-0.0987617420756354,0.0542962782372041,0.186601397638558,0.12653792405683,0.0987805579847606,0.031034820213272,0.356162282694018,0.209904220618502,0.0307342354905155,0.0427091668851828,0.126612971652942,-0.0640235486015268,0.156159443578322,0.135337752041782,0.214468475264115,0.129472469754951,0.015354526677267,0.182647663940261,0.0410484997711895,0.051726872588488,-0.0495830292614309
"3",-0.0608739459807752,-0.147804163922351,1,-0.0016346343369257,-0.00894839120192939,0.00034494971964983,0.245075815555752,0.0974835752014576,-0.143648714665737,-0.0845782541743286,0.144236505825268,-0.111898529023961,-0.0357085973823579,0.176996459256822,0.104082124267339,0.0152567431926166,0.0098118005381764,-0.0103673203274426,0.265119585174015,0.0915057427890301,-0.0221195620417724,0.0437234869565894,-0.123480022967691,-0.0409427043812578,0.258016874554306,0.0788254570708053,0.0305934232948731,0.159804360233831,-0.110925907323992,0.0143691285674305,0.0830462198450455,0.0620832191147061,0.107395612449244,-0.0113387338812502,0.199377229332264,0.0175594633174991,0.186886916339707,0.0335481335237958,0.179925117564826,0.0507926435965528,0.0352040497312144,0.188366017614886,-0.0327402599089796,0.048067941483883,-0.014567492020691,0.258939888576692,0.105314496214252,0.158551000367685,0.0644555286590538,0.0637177338850403,0.017426572151901,-0.114319253868902,0.009354425563945,0.205348590974011,0.023391077326584,0.221134324243375,0.148427932545205,0.105108256350522
"4",-0.0868824918522066,0.0847156713113471,-0.0016346343369257,1,0.251541145791117,0.0830804176778634,0.056756698378,0.17068806262239,-0.165451171671528,-0.211842747616673,0.18002769538235,0.264191804435295,0.100903488369631,-0.0141736817564432,-0.115849541915255,-0.0162947403267455,0.120478454338176,0.146796423594791,0.165310658838262,-0.0907536110848591,-0.0652696970611554,0.252939138703324,-0.063269473848986,0.0107273733806177,0.203132726901352,0.342906079802287,0.0733567415590976,-0.133386217399659,0.0313914285116086,0.136358781563167,0.0759076556853583,-0.00632652729802989,0.368660628952507,0.131027657774382,0.0635947246319351,0.0631148729359122,-0.0188677758089911,0.0809775625582693,0.151675367491234,-0.00805479812826628,-0.0588185810277445,-0.154500165329196,-0.0619480761981777,-0.140333729367126,-0.104135807293851,0.055588021738754,0.012871490448585,0.0776844914115586,0.0821873803975388,0.0537100213920008,0.219822058683439,0.013130230935303,-0.135687589439889,-0.10530888084733,0.0889934104637558,0.0898122055316009,-0.104407474663053,0.248527248004646
"5",0.172500343371909,0.0980246501853127,-0.00894839120192939,0.251541145791117,1,0.212181755745987,-0.0672784002684145,0.102411373780594,0.117856450248398,-0.0425891988687152,0.129047986297579,0.104484506899976,-0.0497194632607816,0.0857282304850434,0.0690940502776013,0.22504799038732,0.0627504031322645,0.0525058131721184,-0.00558034861399171,0.0777140441026256,0.0580803510423659,0.0436722290737768,0.0563385072525841,0.0719824704072586,0.13591005377699,-0.0490625379147817,0.147477650035552,0.0357524167384779,-0.0144252367280171,-0.0812013243549399,0.0759926066164826,-0.171011951105374,0.20557606678067,0.0249075994572159,0.104537191426824,0.0417469272843878,0.160401262469156,0.031733569243381,0.152161955262388,0.0856480526912099,0.109685530584069,0.0963456931214448,-0.0666462262991049,-0.00530138008976606,0.0657616099465881,0.0924801478411385,0.0356394742621913,0.0116635209834446,-0.0240303788458287,0.0528708058072377,0.178351228188436,0.0486229094133578,0.0323532907390619,0.0956400399397899,0.106779164979166,0.222110074988753,0.124515071707048,0.148438949004083
"6",0.031456174856533,-0.0206529693451486,0.00034494971964983,0.0830804176778634,0.212181755745987,1,0.132217077977386,0.222771600612203,-0.069070234935452,-0.203754271839856,0.0070440925899567,0.0104360243267805,0.0873851744159255,0.0724423731781091,0.00233293107238247,-0.0666446411823356,0.129871270279388,0.0650501568781294,0.0335084432579079,-0.0703939827217529,0.142632510332723,-0.219781065901596,0.141823267851887,0.0559614384151935,0.352647438905756,0.0890347079043615,0.00838951659605284,-0.0724393798962064,-0.0942387075770139,-0.200528476193057,0.123813862799214,-0.0255613459631723,0.19213556853065,0.118058559390991,0.150788036942843,0.152184291289794,0.151158744456433,0.164289328680834,0.167196372458678,0.20698952181181,0.290054873943555,0.193506420476612,0.0717058159664234,-0.0374146709344724,0.0306935230083625,0.0651143443021098,0.254739252702873,0.192622316772769,0.103749990019494,0.112926163449434,0.0307048058625647,0.143689387946835,-0.0126256683364272,-0.0406324008361965,0.21443310540369,0.0813154673771166,0.0867151564311111,0.265870334408777
"7",-0.182908367777099,-0.0658996718296437,0.245075815555752,0.056756698378,-0.0672784002684145,0.132217077977386,1,0.0661553424161514,0.00575210523283502,-0.130171414668733,-0.0461921271065036,-0.0597892449823385,0.206705233293492,0.288625362681963,0.1299685747969,-0.186935346289915,0.271160736588905,0.238274476923039,0.232828404179628,0.0966824081179054,0.0643738832857811,0.104998003618633,-0.0207238053123671,0.114413997721097,0.162733090458673,-0.0309192047676421,-0.0818043006968682,0.00401370003304395,0.0971511645578938,0.0340998237903202,0.176888862012816,0.256304665227603,0.101844505002003,0.224254868825416,0.509692261604022,0.167882205276036,0.186848621909245,0.298469253208188,0.131052289248785,0.020002080548254,-0.050241162873557,0.0241207191909744,-0.0812431168059986,-0.0515919611905407,0.112271387823288,0.134481870608393,0.108014733938275,0.0538737379234007,0.019015977537267,0.202380500741854,-0.0312196456261414,0.0214778995274687,0.0311345715292116,0.0458608357153348,0.218229690577103,0.0788432639284768,0.100050948272628,0.00209078007292132
"8",-0.231178056317968,0.0660118193397819,0.0974835752014576,0.17068806262239,0.102411373780594,0.222771600612203,0.0661553424161514,1,-0.227931886750393,-0.167428224821942,-0.0869838184104211,0.188933939135366,0.107278761486396,-0.00584821364375938,0.197072501842535,0.0363861075162669,0.117989402292473,0.157836661345738,0.236412225215431,0.227577103711058,0.0937355396323633,-0.00595992211845496,-0.122933418617092,0.0178945509037791,0.0744193245283449,0.0527519366219966,-0.069374575682623,0.0307889880058337,0.142060686608711,-0.0532690147608806,0.0653472312827413,0.221345266156389,0.252544038285174,0.0145888930550321,0.0989696773906276,0.519384951116783,-0.0189558148110057,0.0160870123004033,0.163068749584922,0.130862029266375,-0.0381347778723314,0.0168846708532241,-0.0176684818204846,-0.0283995307067756,0.0490891389197551,0.0999377155413622,-0.0648848732136259,-0.0153594157086561,0.117290107319148,0.127257914608873,-0.104497982692502,0.025931888205378,-0.00564203836250741,-0.0761005450037009,0.133208189138457,-0.105390460622516,0.163931647783957,0.15171874927193
"9",0.383482787869252,0.241869604232231,-0.143648714665737,-0.165451171671528,0.117856450248398,-0.069070234935452,0.00575210523283501,-0.227931886750393,1,0.508735459980422,0.00567229497854816,0.16855846327721,-0.0536298530974292,-0.0509370529627313,-0.0302264244434729,0.0707810379449491,-0.191677202710219,-0.290887756202803,-0.133104025933497,-0.0246875382432175,-0.157553588767773,-0.184863352899227,0.0418384065193822,0.0939472162810737,-0.195372425065611,-0.170874503661793,-0.0806502471119845,-0.241886533140086,-0.133662071604168,-0.163592366935713,-0.126963602428991,-0.0663999850180438,-0.214281431771054,-0.154543845244666,-0.211059871455216,-0.133502045803063,-0.101724968104778,-0.094668535062427,-0.167202191227311,-0.0898820198034651,-0.0747171332492229,-0.0601369960913999,0.21569976670277,0.205764034395815,-0.100796563732515,-0.00809986233434581,0.0233622797036424,-0.0207080133424593,-0.292051784538732,-0.115928048683836,0.182739228390452,0.179575670997766,0.0872694900322811,0.143339629238477,0.150867353282663,0.13309640912397,0.0846438090979046,-0.111329894541606
"10",0.252670487430129,0.311233618052716,-0.0845782541743286,-0.211842747616673,-0.0425891988687152,-0.203754271839856,-0.130171414668733,-0.167428224821942,0.508735459980422,1,-0.0868239484815894,0.0278064740120157,-0.156287018437474,0.0783989576245615,-0.136050550372024,0.0318161147842635,-0.21706706464217,-0.164162397511439,-0.225992759196338,0.0287497494724633,-0.124803166320783,-0.0614752781078551,0.0326329887121735,0.0717477282059915,-0.186400571257177,-0.227985801150259,-0.147853513040606,-0.204034044159292,-0.0338645446885516,-0.0971042072772663,-0.0896951573510918,-0.104289116306063,-0.265960923750873,-0.15835309559392,-0.128423738240536,-0.0414148143593253,-0.0335348622459431,0.039169415148319,-0.270695952394895,-0.0578610984577726,-0.171164253335673,-0.106725393113627,0.108500898954872,0.287315408199235,-0.0866728816490299,-0.0697847180976513,-0.0213819219084971,-0.0173658639150599,-0.323148987828831,-0.0304408226867068,0.0599988791222931,0.168036194277725,0.0311357731806713,0.0157875760637001,0.0401190175636093,0.083769940157893,-0.0615259878448146,-0.0816789076093612
"11",0.220943371960309,0.0819418715573783,0.144236505825268,0.18002769538235,0.129047986297579,0.0070440925899567,-0.0461921271065036,-0.0869838184104211,0.00567229497854816,-0.0868239484815894,1,0.118448193313922,0.0497551209565944,0.145059569242514,-0.0012344930386741,0.135618498849259,-0.0210725698022975,0.169199228744439,-0.0256963980583717,-0.0676357664440782,0.0332086186882732,0.182415175549427,-0.0480998953520805,0.109072928923253,0.0293042006451374,0.0747362903267363,0.150106017288723,0.0515771476445336,-0.00187317669664839,-0.185701533374057,0.0973948939253217,-0.0508278286661007,0.236220148838058,0.0909613846777342,-0.168223901987374,-0.130943250580792,-0.00839324572183439,0.0278379605667899,0.196780647506716,0.199147799345791,0.103326957612754,0.203893213888057,-0.0955836815640625,0.0901116007301724,0.16493575887526,0.137336050085158,0.14260685872811,0.230625388084598,-0.00823644595398903,0.190133121141768,0.0156735377639388,-0.0847404831287208,0.0330787199018719,0.09917002838378,-0.207221976173371,0.145356012961612,0.0576778539482303,0.107550108251182
"12",0.132801140767548,0.331541489493644,-0.111898529023961,0.264191804435295,0.104484506899976,0.0104360243267805,-0.0597892449823385,0.188933939135366,0.16855846327721,0.0278064740120157,0.118448193313922,1,0.0428532469323454,-0.0551490460573066,0.0485192452046914,0.118499752847547,-0.06821652623406,0.011721317835499,-0.126476658726493,0.01881744340787,-0.0357334904006469,0.0275096884638064,-0.082563042615742,0.0114493241236025,0.210990259941014,0.0236982069659294,0.0983233049069122,-0.219071151605786,-0.0853544274424803,-0.050343952648111,-0.233980445130645,-0.0459684285237823,0.278412986685116,0.0612246168965882,0.0362967566761532,-0.150297304743343,0.0160107701789,-0.145393613033957,0.106951502285438,0.130738141108735,0.174993130831822,0.156573352067979,0.167096631980714,0.147825399641891,0.0480818928335473,-0.0368018876571181,0.214550702493999,0.28757692084461,0.011073515200268,0.0672955628185306,0.111382503370731,0.249078672365117,0.0571541478151767,-0.0316188043779105,0.115470794288631,0.0323675351333924,0.001811373192612,0.0851836792169794
"13",-0.164888451292181,-0.0297513703088212,-0.0357085973823579,0.100903488369631,-0.0497194632607816,0.0873851744159255,0.206705233293492,0.107278761486396,-0.0536298530974292,-0.156287018437474,0.0497551209565944,0.0428532469323454,1,0.195336508594821,-0.035281868121951,-0.124729695543762,0.220097699261542,0.27899382249489,0.204315600400932,0.0958267893598428,-0.0204179707140651,0.0197585130122463,-0.0115463145943483,-0.0786214399774854,0.00318078198496312,0.11338584712069,0.137262992820583,0.0837425770080147,0.116495771593554,0.00109967451187011,0.183265293825514,0.200244845380001,0.124483146701204,-0.0124328456166637,0.0118015937859045,0.097393013077817,-0.0113653767883345,0.010828317176164,-0.0447382613735029,-0.0561394188660025,-0.0345250975318334,-0.0926056262066637,0.116453352341232,-0.0308319107275745,0.0822925046520688,0.0515662765895731,-0.0162374488135334,0.0189928103777957,0.36152101794843,0.254272033451048,-0.128725045321539,-0.100033201350878,0.0167128844229431,0.0179309173290331,-0.11549364114716,0.0229271577361492,-0.010018051825466,-0.107185352063965
"14",-0.201124072714992,0.0245458883983114,0.176996459256822,-0.0141736817564432,0.0857282304850434,0.0724423731781091,0.288625362681963,-0.00584821364375938,-0.0509370529627313,0.0783989576245615,0.145059569242514,-0.0551490460573066,0.195336508594821,1,0.0183484115524522,-0.0961546267373957,0.294665618287979,0.46487896914221,0.170833213000443,0.101856519390545,0.0494165651126727,-0.044235287925727,0.058258999653185,-0.0899507616072077,0.023671585493241,-0.034175668210496,-0.157591179028069,0.0510044649375446,0.0661863984504562,0.120718225823081,0.259690850275439,0.122088126499814,-0.00288300879068468,-0.0474080569651894,0.14359719121712,0.185696730704685,0.419424629471728,0.320010694768526,0.0912353619583716,0.201715246397389,0.12516228740711,0.153365499951868,0.0643355316431118,0.118159802172055,0.072264834227019,0.164534898495187,0.106101851273755,0.0754148981739491,0.224581753172184,0.569215198795846,-0.0764527212309854,-0.181801384036211,0.122524517252973,0.0909505478670313,0.0292309751062514,0.0311688613308283,-0.0478659352888174,0.142009889154494
"15",-0.111994826514837,0.00349008855004041,0.104082124267339,-0.115849541915255,0.0690940502776013,0.00233293107238247,0.1299685747969,0.197072501842535,-0.0302264244434729,-0.136050550372024,-0.0012344930386741,0.0485192452046914,-0.035281868121951,0.0183484115524522,1,0.109120528615741,0.108830821584401,-0.044155914790846,0.0364021585193452,0.118827685939115,-0.00132540362820644,-0.0753098076916035,0.0375530125441443,-0.00072301485597503,-0.0441650312470803,0.024511139915474,0.0513226636227328,0.110741436712219,0.0523493676125763,0.171870891911602,-0.100659274523987,0.0634749815610922,-0.0208966460011596,0.10634229048318,0.291066341092948,0.0207017895671539,0.158025964366854,0.118891441152338,-0.00223923364401047,-0.0409406108835317,0.0692010530230377,0.103179380067561,0.0786251852768523,0.0670295458887835,0.0730876713506957,0.035558369000955,-0.126448584883104,-0.146233666203601,0.0673557255604839,0.0972163612825568,-0.193196539945208,0.163660913273267,0.146106510253856,-0.0121451767679693,-0.164879713837292,-0.119459644458716,0.00869547792463423,-0.033514902351072
"16",0.225779272067443,0.162503996568807,0.0152567431926166,-0.0162947403267455,0.22504799038732,-0.0666446411823356,-0.186935346289915,0.0363861075162669,0.0707810379449491,0.0318161147842635,0.135618498849259,0.118499752847547,-0.124729695543762,-0.0961546267373957,0.109120528615741,1,-0.079769244020829,-0.0495130938394714,0.00624089689218529,0.0605139754075213,0.19653688495977,-0.0938753237880286,0.0558561148333398,-0.0416949631985205,-0.0496890937403697,-0.0660130179252885,0.0377745075309095,0.0952546784751073,-0.120991294618155,-0.159360533247035,-0.0228708564139217,0.0363543349477451,0.0815299874659852,0.0154450578174939,-0.0817244322814031,-0.110577558406932,0.0432810405255473,-0.207478216895047,-0.0772788038838664,-0.136370921041179,0.0618733866491296,0.103498076745458,-0.0345925536495309,0.129210222002772,0.102860128747655,0.269097272809146,-0.0245836904218404,-0.00770728291167192,0.0130745365406288,0.0351722391102149,0.102192559026071,0.197986334787732,0.0537106459388926,0.149272010088141,0.0307947166924123,-0.00881005594947918,-0.0396305814840683,-0.0942397924553818
"17",-0.137830614920773,0.0737419946138805,0.0098118005381764,0.120478454338176,0.0627504031322645,0.129871270279388,0.271160736588905,0.117989402292473,-0.191677202710219,-0.21706706464217,-0.0210725698022975,-0.06821652623406,0.220097699261542,0.294665618287979,0.108830821584401,-0.079769244020829,1,0.29706796711607,0.14568331700189,0.180468592333403,0.0250311073824073,-0.131030335814894,-0.0801794973866809,-0.00088646721189104,0.112160820911857,0.177529352329652,-0.103419558640642,0.253192073991419,0.0897894721276591,0.132272267256133,0.141323452789054,0.079462521646334,0.28551849978918,0.231525362696474,0.175738884287973,0.122720053747884,0.0575789080395557,0.0982520450727608,0.0258389969906166,-0.014927389348212,0.24444919869985,0.0746315771850692,-0.0557381230069216,0.0334059250943434,-0.0804957446907161,0.14084433120285,0.0861530727083078,0.0590876805915563,0.546639171033976,0.27849699855311,0.00404874234237714,0.00488506795477037,-0.0773676154572195,-0.020111011654201,-0.120309937352498,0.0682141085531604,-0.197557454764888,0.165404349126931
"18",-0.0921325423322278,0.0211031754710365,-0.0103673203274426,0.146796423594791,0.0525058131721184,0.0650501568781294,0.238274476923039,0.157836661345738,-0.290887756202803,-0.164162397511439,0.169199228744439,0.011721317835499,0.27899382249489,0.46487896914221,-0.044155914790846,-0.0495130938394714,0.29706796711607,1,0.25390185162411,0.161617171782845,0.0973267698506135,0.0401229665542469,-0.0404623417610124,0.00348162430267768,0.0388114338029222,0.0341582622919872,0.0388752368506043,0.0406608541792594,0.233262489944273,0.168706265160947,0.253264381966576,0.230337178563257,0.251816862498716,0.143775219631585,0.172949747260126,0.263834233351863,0.129011512714705,0.197374375121493,0.132170854358836,0.220005480764829,0.0921294545246665,-0.0371796091619782,-0.0669851443485487,0.0215714203165567,0.078626622856085,0.0317193744082563,-0.00540594098634681,0.00124617958959778,0.240641591996088,0.517201880311222,-0.0994317694081181,-0.178554029737824,0.0790463742779821,0.0807122832093382,-0.015757396867819,0.0372733788402124,-0.0575190434286275,0.113110502661824
"19",-0.0970095582772085,-0.177396523359958,0.265119585174015,0.165310658838262,-0.00558034861399171,0.0335084432579079,0.232828404179628,0.236412225215431,-0.133104025933497,-0.225992759196338,-0.0256963980583717,-0.126476658726493,0.204315600400932,0.170833213000442,0.0364021585193452,0.00624089689218529,0.14568331700189,0.25390185162411,1,0.106144372501933,0.26572477708212,0.135166248236463,-0.0211686737794154,-0.0936090270777293,0.15538308126384,0.00107774912009953,-0.0511278743624292,0.176961674001307,0.043659887672854,0.194194920358863,0.532128275263817,0.35872933929778,0.119878222669734,-0.122433797839924,0.236809861250665,0.382594792029391,0.0734483713347766,-0.0785503921675192,0.119191618438045,-0.0406340821165001,-0.0351073174135645,-0.112071341745874,0.0376267703831921,0.0384106909957387,0.1204873162956,0.162794211018533,-0.0909708293687292,-0.0461457134247821,0.203921968996439,0.211415756613688,-0.0874801667176651,-0.178327371311809,0.00901135672106965,0.11015533948936,-0.0687502850173141,-0.0199962250824722,0.0531794130183767,-0.114820368588533
"20",0.0812960491164281,0.196108804852383,0.0915057427890301,-0.0907536110848591,0.0777140441026256,-0.0703939827217529,0.0966824081179054,0.227577103711058,-0.0246875382432175,0.0287497494724633,-0.0676357664440782,0.01881744340787,0.0958267893598428,0.101856519390545,0.118827685939115,0.0605139754075213,0.180468592333403,0.161617171782845,0.106144372501933,1,0.155192942280195,0.0311449752569275,1.3651646477846e-06,-0.0149499639450265,-0.0470583444153392,-0.0438607820999735,0.0401449696172922,0.159704335058301,0.0932390686118832,0.108499117512377,-0.0307294383018207,0.354644042964882,0.037770634143236,0.0660076145143095,0.117554456613823,0.104635028929854,0.193859769627239,0.113038636140332,0.169036955287835,0.210716284401932,-0.0422897858220116,0.0152341766110757,-0.0929894660280628,0.056992923559932,0.0231119360661207,-0.0359796924104816,-0.122956203476463,-0.0411253702392259,0.103279789568338,0.0761761485544402,0.0822793481618444,-0.0047032559737267,0.0181161509565639,0.031578060703596,-0.01660038266486,0.0504587362577672,0.0566191431880357,0.0361228902494863
"21",-0.0839157623914868,-0.0341083456816763,-0.0221195620417724,-0.0652696970611554,0.0580803510423659,0.142632510332723,0.0643738832857811,0.0937355396323633,-0.157553588767773,-0.124803166320783,0.0332086186882732,-0.0357334904006469,-0.0204179707140651,0.0494165651126727,-0.00132540362820644,0.19653688495977,0.0250311073824073,0.0973267698506135,0.26572477708212,0.155192942280195,1,-0.039658196522114,0.0366221725050139,-0.131537066244039,0.0727747913874598,-0.250841274845771,0.111678323893596,0.144907546573881,0.163574078055187,-0.164881154917314,0.144328081294313,0.0481217218529033,0.0384073451110347,-0.108753474124092,0.0750502980039083,0.139798232996682,0.136434840214275,-0.0498654720960437,0.125114160456874,0.0455384511510503,-0.0970326637336113,-0.0617637192989595,0.0782935456898615,0.0526675718776071,0.316897653528496,0.100693627813118,-0.0430132225723912,0.0360982508637287,0.0792318398094826,0.0351050634248786,-0.164875170231608,0.00533891934065205,0.0309097641417003,-0.00618434943441468,-0.0231539295318455,0.0938097282172688,0.0334099594793021,-0.00329563602755833
"22",-0.196517039126415,-0.0703090444649983,0.0437234869565894,0.252939138703324,0.0436722290737768,-0.219781065901596,0.104998003618633,-0.00595992211845496,-0.184863352899227,-0.0614752781078551,0.182415175549427,0.0275096884638064,0.0197585130122463,-0.044235287925727,-0.0753098076916035,-0.0938753237880286,-0.131030335814894,0.0401229665542469,0.135166248236463,0.0311449752569275,-0.039658196522114,1,0.023998277895097,0.0779916442860379,-0.0971397908372458,0.0219713670662494,0.0246241563018752,0.129050547653162,0.229156781091748,0.0949732201836126,0.135789076648403,0.131903877958827,0.20050279071806,-0.0550158955392063,0.0767281765163146,-0.0383753753400876,-0.0388143300565264,0.0788167188415052,0.0972443179890938,0.00940039479041594,-0.288617207777314,-0.197454175271452,-0.12822789538464,-0.0872067719602888,0.176886808799684,-0.0405269354189269,-0.102406267138807,-0.00404345601224526,-0.093945584827269,-0.0216104729015323,0.0512319407686907,-0.273799389066218,-0.116653006124087,-0.0716111717349783,-0.00809281290065091,0.0231721464611237,-0.0655359779792079,-0.0474317328981564
"23",-0.0891590237497173,-0.0747120824532354,-0.123480022967691,-0.063269473848986,0.0563385072525841,0.141823267851887,-0.0207238053123671,-0.122933418617092,0.0418384065193822,0.0326329887121735,-0.0480998953520805,-0.082563042615742,-0.0115463145943483,0.058258999653185,0.0375530125441443,0.0558561148333398,-0.0801794973866809,-0.0404623417610124,-0.0211686737794154,1.3651646477846e-06,0.0366221725050139,0.023998277895097,1,0.494903625491036,-0.213967497457551,0.0293720070967556,0.162460086196386,0.0611576054989212,-0.119123833827395,0.0317399110282503,0.25393740798485,0.111956596814629,-0.0964204762592578,0.010369347061446,0.158448691481179,-0.030627614237501,0.0593409592462929,0.0701716399329047,-0.0353170843645404,-0.0635203455262098,0.105005697263913,0.15552169439024,-0.0616269900585391,-0.0242205733163983,0.050876254533489,-0.0392148773526414,-0.1350537683003,-0.10570506503642,-0.186014885922197,-0.0643208947782517,-0.0059898702682794,-0.112528113675631,-0.312199157581121,-0.303788285715782,0.00929921777046824,-0.104595522545626,0.144378549545295,-0.0828464156423706
"24",0.0283400133133031,-0.0502426588327506,-0.0409427043812578,0.0107273733806177,0.0719824704072586,0.0559614384151935,0.114413997721097,0.0178945509037791,0.0939472162810737,0.0717477282059915,0.109072928923253,0.0114493241236024,-0.0786214399774854,-0.0899507616072077,-0.00072301485597503,-0.0416949631985205,-0.00088646721189104,0.00348162430267768,-0.0936090270777293,-0.0149499639450265,-0.131537066244039,0.0779916442860379,0.494903625491036,1,-0.077442538063695,0.0875707875543262,0.225273394323663,0.0511034720909172,-0.0876929920856286,0.0481961860642577,0.116017173551578,0.0726943331831877,-0.00985341151254126,0.195499447058573,0.105071732812911,-0.108253729048871,-0.032103923825135,0.116964481327415,0.0711340643395242,0.147419018976795,0.164311670576034,0.227373118677221,-0.0278092460588419,-0.0822014529374518,-0.0726366749081888,-0.148366259834065,0.108140687389166,0.0867895844038453,-0.0863717982745622,-0.103980778595512,0.247909454421023,0.0463667222281295,-0.340805110882455,-0.229895251858918,-0.0448871835512262,0.0520801933885246,0.24189699872238,-0.0438573623441962
"25",0.0302545499223271,-0.066614455975881,0.258016874554306,0.203132726901352,0.13591005377699,0.352647438905756,0.162733090458673,0.0744193245283449,-0.195372425065611,-0.186400571257177,0.0293042006451374,0.210990259941014,0.00318078198496312,0.023671585493241,-0.0441650312470803,-0.0496890937403697,0.112160820911857,0.0388114338029222,0.15538308126384,-0.0470583444153392,0.0727747913874598,-0.0971397908372458,-0.213967497457551,-0.077442538063695,1,0.0650761504574435,0.0306684427411091,-0.0206290207761798,-0.0769293544911198,-0.143460658054558,-0.00340206214379188,-0.128349275785887,0.282001193577136,0.13575334445084,0.332554024834613,-0.0626984833151719,0.177645019698335,-0.0302750161690528,0.174096383472654,0.239892841757723,0.222272515832473,0.148086797225566,0.0462931941935097,-0.0283307201499741,-0.118991813922775,0.060193193045635,0.353315561043443,0.347932050434196,0.146109759310853,-0.00833108462861235,0.116602377969124,0.211360161149151,-0.00522910546315604,0.00696348025937327,0.139514440181548,0.163784901828259,-0.0221575482568523,0.332224333509384
"26",-0.119723404780329,-0.00671890911279258,0.0788254570708053,0.342906079802287,-0.0490625379147817,0.0890347079043615,-0.0309192047676421,0.0527519366219966,-0.170874503661793,-0.227985801150259,0.0747362903267363,0.0236982069659294,0.11338584712069,-0.034175668210496,0.024511139915474,-0.0660130179252885,0.177529352329652,0.0341582622919872,0.00107774912009953,-0.0438607820999735,-0.250841274845771,0.0219713670662494,0.0293720070967556,0.0875707875543262,0.0650761504574435,1,0.0242060107384773,-0.00504165994527276,-0.107814136834295,0.154601173216495,-0.0271168274614623,0.0275253938238449,0.0336375578328613,0.183895728094837,0.0385555134482691,0.0131024758141141,0.0313012801939426,-0.0544138212090107,-0.127050784652248,-0.0605195285497001,0.172831141947763,0.00507903582719136,-0.0149957729287088,-0.214174375930401,-0.250748737022975,-0.161674284292739,0.213396878809835,0.0882374983166827,0.199243447151597,0.0301333071730166,0.370550338794702,0.0588991912141916,-0.16511065617718,-0.165720268548364,-0.109241336375185,-0.0180578911278671,-0.0112883993394094,0.0619713420184088
"27",0.111504204142962,-0.19674695121306,0.0305934232948731,0.0733567415590976,0.147477650035552,0.00838951659605284,-0.0818043006968682,-0.069374575682623,-0.0806502471119845,-0.147853513040606,0.150106017288723,0.0983233049069122,0.137262992820583,-0.157591179028069,0.0513226636227328,0.0377745075309095,-0.103419558640642,0.0388752368506043,-0.0511278743624292,0.0401449696172922,0.111678323893596,0.0246241563018752,0.162460086196386,0.225273394323663,0.0306684427411091,0.0242060107384773,1,0.25993172127262,0.0509173612086188,-0.00107890765807759,0.0721761845491647,0.112524347279106,-0.0210961311165885,0.17475488364938,0.218806378030922,-0.233362429950685,0.129195778106018,-0.0908366988842767,0.159419838604044,-0.141677846348365,0.0766916589992934,0.0566374791298764,-0.0263647137216829,-0.0195931539322363,0.0331996942397277,-0.0486227986521525,0.100274562599689,-0.00947911165774936,0.0352753647109286,0.00808109209599822,0.00838408836008608,-0.0214363413519556,-0.171589483929408,-0.075887240874808,-0.123703810925734,0.132951801293744,0.0436061477844678,0.0340347072049156
"28",-0.148171109637076,-0.202436605910734,0.159804360233831,-0.133386217399659,0.0357524167384779,-0.0724393798962064,0.00401370003304395,0.0307889880058337,-0.241886533140086,-0.204034044159292,0.0515771476445336,-0.219071151605786,0.0837425770080147,0.0510044649375446,0.110741436712219,0.0952546784751073,0.253192073991419,0.0406608541792594,0.176961674001307,0.159704335058301,0.144907546573881,0.129050547653162,0.0611576054989212,0.0511034720909172,-0.0206290207761798,-0.00504165994527276,0.25993172127262,1,0.0997386107063878,0.19656054346522,0.141401939493394,0.141550620841009,-0.0149533186280466,-0.0301311786934891,0.188162823171319,0.0535977221925974,0.111425390692729,0.0483954631159274,-0.0003478156877003,-0.0917824789897764,-0.105637663134532,-0.0688474177549875,-0.0889185352581563,0.0724557225553512,-0.0610663599981734,0.137465853457319,-0.165499703664566,-0.190635629938503,0.207015366217074,0.0740949780019717,-0.0209655486404539,-0.231602154123506,-0.204132276874972,-0.0840326411311405,-0.190417904869545,-0.00944633296018621,-0.0066051214425895,0.0210641878956828
"29",-0.096170389731445,-0.0887299105520167,-0.110925907323992,0.0313914285116086,-0.0144252367280171,-0.0942387075770139,0.0971511645578938,0.142060686608711,-0.133662071604168,-0.0338645446885516,-0.00187317669664839,-0.0853544274424803,0.116495771593554,0.0661863984504562,0.0523493676125763,-0.120991294618155,0.0897894721276591,0.233262489944273,0.043659887672854,0.0932390686118832,0.163574078055187,0.229156781091748,-0.119123833827395,-0.0876929920856287,-0.0769293544911198,-0.107814136834295,0.0509173612086188,0.0997386107063878,1,0.0520606853841679,0.143407105736515,0.267920061400068,-0.142177748113409,0.0368623288533518,-0.0284705233770206,0.132580957177872,0.132129663588093,0.0942677401696125,-0.133567091755578,-0.0671092022048956,-0.166575251248729,-0.213003728549863,-0.0550328366516889,-0.184959336849422,0.182008709159252,0.0513319245459203,-0.138685623700587,-0.0857396052685508,0.133410529775803,0.17328746883042,-0.132992647759873,-0.0950189637187329,-0.00201017851534625,-0.0049050401154176,0.169307685330654,-0.0603758837332874,-0.0976022672283028,0.0681084436174745
"30",-0.0633573851648994,-0.109975393022829,0.0143691285674305,0.136358781563167,-0.0812013243549399,-0.200528476193057,0.0340998237903202,-0.0532690147608805,-0.163592366935713,-0.0971042072772663,-0.185701533374057,-0.050343952648111,0.00109967451187011,0.120718225823081,0.171870891911602,-0.159360533247035,0.132272267256133,0.168706265160947,0.194194920358863,0.108499117512377,-0.164881154917314,0.0949732201836126,0.0317399110282503,0.0481961860642577,-0.143460658054558,0.154601173216495,-0.00107890765807759,0.19656054346522,0.0520606853841679,1,0.166806844335867,0.2371398261703,-0.0354180050512646,0.0408791672495691,0.113258298239164,0.00626786923374541,0.183757165301933,0.178091297658236,-0.0299705952271516,-0.174156547213301,-0.053803139945464,-0.172320142236547,0.0471864423024137,-0.0891045380135112,-0.0788628027512418,-0.185389534843931,-0.247872850355735,-0.36700778152415,0.102707608482247,0.103312960082169,0.0318537375551509,-0.0917313191986132,-0.129475815241665,-0.0757653908199512,-0.164212474613713,-0.0765870153085597,-0.0902156092434654,-0.0911673661369755
"31",-0.0622155794777409,-0.266014648729951,0.0830462198450455,0.0759076556853583,0.0759926066164826,0.123813862799214,0.176888862012816,0.0653472312827413,-0.126963602428991,-0.0896951573510918,0.0973948939253217,-0.233980445130645,0.183265293825514,0.259690850275439,-0.100659274523987,-0.0228708564139217,0.141323452789054,0.253264381966576,0.532128275263817,-0.0307294383018207,0.144328081294312,0.135789076648403,0.25393740798485,0.116017173551578,-0.00340206214379188,-0.0271168274614623,0.0721761845491647,0.141401939493394,0.143407105736515,0.166806844335867,1,0.359898655220283,0.0530910810316672,0.0228693310256344,0.0862363244625032,0.173209167626577,0.141071663254076,0.0753730092970141,0.0846507650288306,-0.0442662184251462,0.0766635934036742,0.0335449587160243,0.0565480292311023,-0.118888902694358,0.19826596422751,0.304619138626015,-0.082412088908367,-0.110465009255615,0.0689851004747093,0.193651087346437,-0.04474292882174,-0.192680017692943,-0.131131695265243,0.0685631265805582,-0.0883932726958513,-0.00096971928499781,0.119946802383576,0.00111699581749161
"32",-0.0230424232119047,-0.0570321541013862,0.0620832191147061,-0.00632652729802989,-0.171011951105374,-0.0255613459631724,0.256304665227603,0.221345266156389,-0.0663999850180438,-0.104289116306063,-0.0508278286661007,-0.0459684285237823,0.200244845380001,0.122088126499814,0.0634749815610922,0.0363543349477451,0.079462521646334,0.230337178563257,0.35872933929778,0.354644042964882,0.0481217218529033,0.131903877958827,0.111956596814629,0.0726943331831876,-0.128349275785887,0.0275253938238449,0.112524347279106,0.141550620841009,0.267920061400068,0.2371398261703,0.359898655220283,1,-0.0967023896833968,0.126507633199383,0.176846065791099,0.191815224976965,0.126925671767784,0.0388742880551699,0.115679030813591,-0.077241936064233,-0.0233562202432566,0.0373212591171464,-0.0981213673293217,-0.179759887224925,0.0758265148938726,0.0493700466592236,-0.0306130398105707,-0.156799842829174,0.121236004519824,0.183335656809911,0.0384148411138611,-0.161880811176539,0.103856981427137,0.111329288354017,0.103384021951363,-0.164513343199664,0.080561910680668,-0.0406256139438306
"33",0.0742468641409165,0.205304516042568,0.107395612449244,0.368660628952507,0.20557606678067,0.19213556853065,0.101844505002003,0.252544038285174,-0.214281431771054,-0.265960923750873,0.236220148838058,0.278412986685116,0.124483146701204,-0.00288300879068468,-0.0208966460011596,0.0815299874659852,0.28551849978918,0.251816862498716,0.119878222669734,0.037770634143236,0.0384073451110347,0.20050279071806,-0.0964204762592578,-0.00985341151254126,0.282001193577136,0.0336375578328613,-0.0210961311165885,-0.0149533186280466,-0.142177748113409,-0.0354180050512646,0.0530910810316672,-0.0967023896833968,1,0.298833799633279,0.155352155321944,0.0882016140942209,-0.176297296141003,0.120709887872513,0.350144694008527,0.203338479174885,0.152952256641733,0.0802423596587245,-0.174365726694767,0.0813674980105345,0.0568672710049701,0.0244487506341804,0.13907759482658,0.160165253701764,0.121804985978385,0.094380133954293,0.0891477073230452,-0.0648207603150952,0.0252158931999584,-0.0451711982895461,0.0554355475567986,0.283316997452679,0.0363659768681154,0.14236067697834
"34",0.0743105162261329,0.252787601443541,-0.0113387338812502,0.131027657774382,0.0249075994572159,0.118058559390991,0.224254868825416,0.0145888930550321,-0.154543845244666,-0.15835309559392,0.0909613846777342,0.0612246168965882,-0.0124328456166637,-0.0474080569651894,0.10634229048318,0.0154450578174939,0.231525362696474,0.143775219631585,-0.122433797839924,0.0660076145143095,-0.108753474124092,-0.0550158955392063,0.010369347061446,0.195499447058573,0.13575334445084,0.183895728094837,0.17475488364938,-0.0301311786934891,0.0368623288533518,0.0408791672495691,0.0228693310256344,0.126507633199383,0.298833799633279,1,0.231083739618374,-0.00898958080932215,-0.125628223810646,0.0789825939734999,0.219478823577049,0.12483984824492,0.292475124795966,0.246102647555295,-0.177383352791335,-0.103042439513757,0.0785702975111281,-0.112711544500063,0.0826067889839056,0.0313048616188539,0.10361194218841,0.0454464320796098,0.121449021905572,0.123599496488462,-0.0068663833707261,0.0434373543148484,0.0901922808691381,0.0734455624093284,0.030584468328228,0.00513973754681705
"35",-0.182524651864334,-0.0699044290423454,0.199377229332264,0.0635947246319351,0.104537191426824,0.150788036942843,0.509692261604023,0.0989696773906276,-0.211059871455216,-0.128423738240536,-0.168223901987374,0.0362967566761532,0.0118015937859045,0.14359719121712,0.291066341092948,-0.0817244322814031,0.175738884287973,0.172949747260126,0.236809861250665,0.117554456613823,0.0750502980039083,0.0767281765163146,0.158448691481179,0.105071732812911,0.332554024834613,0.0385555134482691,0.218806378030922,0.188162823171319,-0.0284705233770206,0.113258298239164,0.0862363244625032,0.176846065791099,0.155352155321944,0.231083739618374,1,0.121719042684051,0.309495022389793,0.144695543228635,0.23857142543108,0.073150234141719,0.161822666941795,0.095462070940713,-0.0687772297365006,0.0751588652602513,0.0695655730880873,-0.0395442497114222,0.0481636663311265,0.0109094423118219,0.1043567764367,0.160575298600531,0.0252903568294542,0.091210434956353,-0.00606159455749951,-0.0766456950088945,0.104420352278122,0.0504386837367567,-0.0875328533188992,0.10950049454218
