"","l_Insular.Cortex","r_Insular.Cortex","l_Amygdal.Area","r_Amygdal.Area","l_Bed.Nucleus.of.the.Stria.Terminalis","r_Bed.Nucleus.of.the.Stria.Terminalis","l_Hippocampus","r_Hippocampus","l_Orbitofrontal.cortex","r_Orbitofrontal.cortex","l_Entorhinal.Cortex","r_Entorhinal.Cortex","l_Frontal.Association.Cortex","r_Frontal.Association.Cortex","l_Globus.Pallidus","r_Globus.Pallidus","l_Glomerular.Layer.of.the.Accessory.Olfactory.Bulb","r_Glomerular.Layer.of.the.Accessory.Olfactory.Bulb","l_Glomerular.Layer.of.the.Olfactory.Bulb","r_Glomerular.Layer.of.the.Olfactory.Bulb","l_Granule.Cell.Level.of.the.Cerebellum","r_Granule.Cell.Level.of.the.Cerebellum","l_Hypothalamic.Region","r_Hypothalamic.Region","l_Entorhinal.Cortex","r_Entorhinal.Cortex","l_Vermix.Molecular.Layer.of.the.Cerebellum","r_Vermix.Molecular.Layer.of.the.Cerebellum","l_Lateral.Molecular.Layer.of.the.Cerebellum","r_Lateral.Molecular.Layer.of.the.Cerebellum","l_Anterior.Olfactory.Bulb","r_Anterior.Olfactory.Bulb","l_Posterior.Olfactory.Bulb","r_Posterior.Olfactory.Bulb","l_Subiculum","r_Subiculum","l_Perirhinal.Area","r_Perirhinal.Area","l_PreLimbic.System","r_PreLimbic.System","l_Primary.Cingular.Cortex","r_Primary.Cingular.Cortex","l_Primary.Motor.Cortex","r_Primary.Motor.Cortex","l_Retrosplenial.Cortex","r_Retrosplenial.Cortex","l_Secondary.Cingular.Cortex","r_Secondary.Cingular.Cortex","l_Secondary.Motor.Cortex","r_Secondary.Motor.Cortex","l_Striatum","r_Striatum","l_Ventral.Tegmental.Area","r_Ventral.Tegmental.Area","l_Substantia.Nigra","r_Substantia.Nigra","l_Thalamus","r_Thalamus"
"1",1,-0.0451987490168259,0.0833418694951003,0.0928705014854037,0.0328683513559573,-0.182725160906775,0.0227102971568737,0.027630852976518,0.248725058066867,0.147410161213788,0.185201535099996,0.166838029598572,-0.13165003196983,0.151720186958819,0.138202021970845,-0.0360408171577416,-0.31984845294062,-0.211617486383283,0.0916253055318794,0.0992385589122368,0.0437563778496011,-0.130480776532009,-0.00957651308677718,-0.202025019689507,-0.117836969569884,0.0259663078478151,0.109096898409087,-0.111273565014475,0.0748420474188865,0.00737815183920897,0.140091522063209,0.0355641119780476,-0.0870083105584915,0.10919732533226,-0.0467779646205831,0.0684784211630403,-0.0307486448840552,0.0332881079222287,0.0372974497514243,0.151874714279114,-0.149288269166581,-0.0644797006403432,-0.0330927332567639,-0.163839009466911,-0.0929756734311553,0.0197372816995876,-0.00232525237753767,-0.0299238524537484,-0.136842422050819,0.0133515731918243,0.168354923131615,-0.0650446220746553,-0.121569716338428,-0.103106156918447,-0.0640697918192241,0.0562721475155513,-0.107820247047871,-0.0287661882877352
"2",-0.0451987490168259,1,0.159081178881753,-0.11761072959728,0.138707725241607,-0.0997452495852168,-0.034162354778042,0.018414683914609,0.144527704337919,0.394985549433597,0.0469816589228094,0.043614002019575,-0.117555986264349,-0.143370530097789,0.0729224662924574,-0.0817937646393554,-0.039377043075042,-0.0476025866124358,-0.172723155741542,-0.105298768472824,-0.0311288924746024,-0.0426835240013258,0.154372454477274,-0.0576120729396788,0.126392195742492,0.117107922243008,-0.110691281419599,0.0245171184241466,-0.0545986580905055,0.230810708538044,-0.211873806007596,-0.0466030082069066,0.0596017187302403,-0.0288146292397839,0.228382535295963,0.0542098932630008,0.130479207433854,-0.18056735664498,-0.0427714545927337,0.124905693970201,-0.080186901751021,-0.0250506507123556,0.266771253974618,-0.00015504265166284,-0.156710001887973,-0.00281942217696225,0.111847792222899,0.161849128909496,-0.0105661800446501,0.0126877907532487,-0.0240518330303286,-0.044803046312638,-0.0439514311240109,-0.171987347158201,-0.036553415161264,-0.0198634229146609,0.162129603340382,0.141804520719398
"3",0.0833418694951003,0.159081178881753,1,0.14631477672945,0.151828529909863,-0.133094062898626,-0.0587888275975875,-0.0540005021287165,0.104986661434069,0.0887111502072395,0.183900663246792,0.0332956167715834,-0.0363658994993399,-0.00151673296899593,0.0111430257396722,-0.0900344324233554,-0.0260542843617704,-0.0474537008053821,-0.0653295342461282,-0.0273419469237848,0.124268068391865,0.0273952761875791,-0.12153387925425,0.0668078500236237,0.148473333413371,-0.0456693830871153,0.0539950690598032,0.0145714136356873,-0.130000268347781,0.152366656960555,-0.130820890337873,0.0152228828887892,0.209438706462948,0.0416861234288665,0.053221395694301,-0.044336908073658,-0.053706675424154,-0.0516319708172195,-0.103141392200734,0.109941607968249,-0.168107252790542,0.0308521523784526,-0.0113501799585529,0.0806138259539419,-0.0185739397695192,-0.0864908156588839,0.0761508289002415,-0.0111475474084368,-0.222495713831048,0.0224429373085752,0.093531022077205,0.00839357800023212,0.134331754732393,0.0605739199737617,0.0565185250554615,0.126241241453982,0.242329929981292,-0.0470286303381614
"4",0.0928705014854037,-0.11761072959728,0.14631477672945,1,0.115479711278273,-0.0266892739895761,-0.132336356572991,0.0102330578422716,0.0431589897262352,0.0299707483218291,0.105878496729873,0.0236372662771665,-0.0180266321698733,-0.00677087762793188,0.165939212248442,0.112466171821351,0.163040840461847,-0.00069484832289906,0.0581443753294737,0.104492512621972,0.0853068134386729,0.129505195461547,-0.112430159623727,0.107221065998991,0.0629701168191234,-0.0138467460618981,-0.0313734466701712,-0.184275329690671,-0.116958563900562,-0.132507751153384,0.00408931753268262,0.0578985585490144,-0.145385111394522,-0.00857135400969158,-0.15606756493825,0.0740600195028841,-0.0191376997728242,0.130285152053939,0.134285093473442,0.129970922150078,-0.1256226772126,0.0678213318327476,-0.0968672844651005,-0.0426266545667925,0.0505183670230141,0.0315620305686995,-0.0499719408073314,0.0407897217639233,0.0537279265557184,-0.0775110707158174,0.0210464980857444,0.0683355124025426,0.0675100693498764,0.195989635231002,0.210305882157737,0.0407498273430884,-0.0232615151886661,0.0145169246142553
"5",0.0328683513559573,0.138707725241607,0.151828529909863,0.115479711278273,1,-0.0778244369278605,-0.0745280203057804,-0.0180567991534957,0.0267771258100987,0.0319304752504453,0.150850503396046,-0.02291736084089,0.143944562999086,0.0828636763172026,0.120536372441185,-0.133617251373795,-0.0588714670354646,0.0100039998583747,0.0198338136587164,-0.119365811405483,-0.0215020669812962,-0.102252050236312,0.185852195393731,-0.0874060142457958,0.0369621800564419,-0.0248118003992944,0.152924409734669,0.172864865222433,0.0418179986207193,0.0648109223132017,0.0107579547881274,-0.0313865614123169,0.169211197522517,0.0739125404202096,-0.111926240326423,0.251392752515035,0.178136495588317,-0.109476505414842,0.114290733948136,0.0531363691572441,-0.209781872876349,0.117148640609211,-0.142265017040287,0.141137459470355,-0.0427737531626821,0.113316207079397,-0.0367176204757995,-0.114337433762948,-0.00551478888927958,0.0786125823349802,0.114132005433855,-0.128171027383417,-0.0617429009431652,0.101238697798319,0.0556238055699866,0.161160845182373,0.170503666018758,-0.103626155252035
"6",-0.182725160906775,-0.0997452495852168,-0.133094062898626,-0.0266892739895761,-0.0778244369278605,1,0.0325645017551059,-0.118182781386671,-0.180925392170608,-0.154121521849771,-0.0172007758902869,-0.0819273603843431,0.036075350626884,-0.100672095243365,-0.177068037190536,0.0420633555201368,0.101146499884495,0.109691972827434,0.0744797526476189,0.0392082484757138,0.0410364162575208,0.0619181079039962,-0.0604515042643084,0.159980529376745,-0.00455919696224341,0.0112802456074705,0.0379595189379162,0.0481882148929539,-0.0584081865591052,-0.0695255813701147,-0.0292849654029427,-0.00016367436488298,0.0924394310234236,-0.11374938033622,0.0764912742535591,0.042454016676747,0.0415326705895025,0.105719410183625,0.154558819574848,-0.028986550879546,0.201293905937463,0.0815202968247575,-0.101480292959568,0.208281022445353,0.118021295334601,0.117043122099869,-0.104855610837635,-9.05432652033507e-05,0.0644252489283523,-0.0276857087040653,0.090907703739362,0.0190810619530614,0.120018231747148,-0.0856687240167141,0.00982209438873396,-0.122364603763143,-0.11078294064106,0.118476717604293
"7",0.0227102971568737,-0.034162354778042,-0.0587888275975875,-0.132336356572991,-0.0745280203057804,0.0325645017551059,1,0.0922043764745696,-0.0440530872904812,0.00650988983310333,-0.0239125984544315,0.228958721445458,-0.121337957776104,-0.0368372257713338,0.0386567864934981,-0.0731447665716509,-0.0526320533768441,0.139147706270823,0.0635541841876335,0.0605146315730441,-0.0424279188209236,-0.179172236141231,0.219415747560067,0.0409257160575344,0.199097274413054,0.0907299796770389,-0.153541402550264,0.00354093314044698,0.0802783164157601,-0.133926713721789,0.0310709503556685,-0.0739516255604057,0.105755459298908,-0.122660109748267,0.293738975413419,0.11228312127083,0.0589129089453879,0.130564798485447,0.0841198729732163,0.074238006691355,0.103887747790262,0.0955764503678054,-0.166866719928999,0.0635973113970041,0.0399856868842464,0.186602397557777,0.0502115172958734,-0.126866745801318,0.0173704046633404,0.031310738227141,0.0430326113009835,-0.0255032186003064,0.139818593491835,0.126925114301333,0.00678045080589074,-0.0631459302396955,-0.234151585004127,0.139313215822937
"8",0.027630852976518,0.018414683914609,-0.0540005021287165,0.0102330578422716,-0.0180567991534957,-0.118182781386671,0.0922043764745696,1,0.0195674015522908,-0.12543103257873,-0.121177787406943,0.0772660666171643,-0.286141276712796,0.151926869675614,0.0924157667751226,0.0409634799294068,0.0188418537088907,-0.0749198488970743,0.0965013973490811,0.273573437001218,-0.0942700607404668,-0.136704263637654,-0.209806779966029,0.0105364292638839,-0.148979030300602,-0.0165866116395526,0.08835223481279,-0.0606296607678422,0.236546470347694,0.022354950662631,0.0459177459619033,0.0894300179224661,0.0285930371058993,0.156357669710724,0.0607822884694389,0.206137162197464,0.174716142684306,0.106426931563164,-0.114879801639663,0.198244308077649,-0.149697526177121,-0.110660780382109,-0.153069304508611,-0.32568791777509,-0.020134597254826,0.00576574906571456,0.0313775030873771,-0.0538003676883453,-0.119958630611376,0.107594049015736,0.0732001702258861,-0.109229072913248,-0.175173358416612,-0.275749067354392,-0.143054745271206,0.0561913914103276,-0.0371908680390656,-0.130139087198261
"9",0.248725058066867,0.144527704337919,0.104986661434069,0.0431589897262352,0.0267771258100988,-0.180925392170608,-0.0440530872904812,0.0195674015522908,1,0.316198846926662,0.00885497876741012,-0.0947927482390534,0.0506343085609858,-0.0130350435891144,0.269810442317856,0.0603587577148312,-0.200926994549286,-0.275717881710074,-0.168181202103168,-0.0406253080458673,-0.0401536765982965,-0.121940454629098,-0.132348817238793,-0.179343784150729,-0.0377898943992763,0.0220233464583492,-0.15623781921705,0.0683950927422385,0.0520104491503891,0.135311316353791,-0.0890553716109218,0.0874739171207005,0.0245711879101062,-0.122891488255159,0.113099185651255,-0.00034632798210742,-0.0641826601168091,0.00248059374905542,-0.175435615712453,-0.141591094796745,0.00887729519422097,-0.0804268155423332,0.372813731092438,0.0600591584142789,-0.116156414922848,-0.128023789352031,0.16915226364263,-0.0260939727331169,0.0672310761436389,0.128426316447487,0.0248453962290558,-0.0356019996430624,-0.0636177222129104,-0.0877417703707782,-0.0293803184910154,-0.0615507064238913,0.112518207287104,-0.00786116953371228
"10",0.147410161213788,0.394985549433597,0.0887111502072395,0.0299707483218291,0.0319304752504453,-0.154121521849771,0.00650988983310333,-0.12543103257873,0.316198846926662,1,5.3096340231146e-05,-0.0224124528029369,-0.0676901539646888,-0.115580080403921,0.200342284098108,0.0748285592037724,-0.0714863385624093,-0.11156213422793,-0.0231206809751264,-0.108735518148949,-0.0982168982216668,-0.0731939639273385,0.0553380540586732,-0.121689311376185,-0.0697757281394567,0.04034367177648,-0.102418850497504,-0.0364540108282144,-0.0263191610392147,0.0816494851350673,0.040915150833017,-0.123715462717474,0.0209279302617418,-0.0273125124185687,0.167335363440725,0.128303686587201,-0.0704420382649642,0.0557720665475556,-0.112042022101832,-0.146521222305087,-0.0807308971009436,-0.144997163761992,0.294066730843213,0.136924498016009,-0.152771634948526,0.0103424812862079,0.196875192375573,0.133196292940467,0.0762129461179213,-0.190965405143467,-0.0877832450062439,0.244508391250706,-0.072841783470196,-0.142451989507059,0.0153634646740222,-0.180512511220721,0.0233613201851537,-0.0380256766456217
"11",0.185201535099996,0.0469816589228094,0.183900663246792,0.105878496729873,0.150850503396046,-0.0172007758902869,-0.0239125984544315,-0.121177787406943,0.00885497876741012,5.3096340231146e-05,1,-0.0346738343620788,-0.0613434569359457,0.0704941627846543,0.127297054034812,0.010164166700416,-0.0120611295456172,0.152153184499178,0.0982311951698088,0.0094872150867831,0.0236300376720544,0.0976111968207554,0.0212746251764241,-0.0891624585171361,-0.197898739966945,-0.00119506376484603,-0.114828033392386,0.0320339645866153,-0.0946710405509832,0.0447458822155168,0.0300521535064978,0.128017177947752,0.01167000402351,0.0565994686082627,-0.0442993459907026,-0.0548346686050217,0.124984622694532,-0.0922521350070752,0.138281931196229,0.198892952189265,-0.230258993998151,0.0116743852407986,-0.0712017581971835,0.0899264451424463,-0.0284107984884995,0.0680487307422612,-0.0759179759140938,0.0875247366806626,-0.174151341543667,-0.0198968907786053,0.0310244330230319,-0.146736217408588,0.0206590866616186,0.131216328981988,-0.00976433651746296,0.204074335139647,-0.0356143476516388,-0.0042432561688491
"12",0.166838029598572,0.043614002019575,0.0332956167715834,0.0236372662771665,-0.02291736084089,-0.0819273603843431,0.228958721445458,0.0772660666171643,-0.0947927482390534,-0.0224124528029369,-0.0346738343620788,1,0.046200846720454,0.0507838497964163,0.186698911181586,0.0478406896861956,0.0447239182787341,0.0391601805072485,-0.0847769842326246,0.0461488121135374,0.0427901276389658,-0.02551295071914,0.158671475130718,-0.09030947321797,0.25053381099616,-0.202898184032325,0.105306982464808,-0.172538894474586,0.017031551220872,-0.0240164610411512,0.0487736427406902,0.0272278270886059,0.00994296573689673,0.0556960067422977,0.0495585552381351,0.0857816125182716,0.186498098230316,0.0432804093152777,0.249552803238662,0.249251736570519,-0.0509576883709706,0.131941998321619,-0.10551934416096,-0.115340633750931,0.0182966609463259,0.177311739663002,-0.017396849824571,0.210180629978802,0.00840785771193724,0.0761135822958851,0.168890139981583,0.0400897172105269,-0.0122216509896476,0.0932336451702446,-0.0434302712576632,-0.168607838653485,-0.0383844667333089,0.0599239984721072
"13",-0.13165003196983,-0.117555986264349,-0.0363658994993399,-0.0180266321698733,0.143944562999086,0.036075350626884,-0.121337957776104,-0.286141276712796,0.0506343085609858,-0.0676901539646888,-0.0613434569359457,0.046200846720454,1,0.125711296900761,-0.0148052843075389,0.0807724239866941,0.135787439272658,0.236881598100623,-0.166870051140309,-0.283325233569753,-0.0238497073801246,-0.0361041759940871,0.183400967551812,-0.045230290318028,0.147427849518957,-0.0826384224317737,-0.0128632421885876,0.122066364664407,0.115021752912826,0.0475267590329521,-0.109297607796049,-0.0662997473803698,-0.0331818753254876,-0.0222243408708539,-0.0667989303057425,-0.10017779792424,-0.070314298686653,-0.0807384910072225,0.15185696674711,0.0432333974885077,0.139751202136224,0.220573742347679,0.11079543552384,0.256690525273421,-0.0666212601103674,-0.0571423765059273,0.027940609472686,0.00866665761897032,0.651424696120571,0.207362100153058,0.0538237603771121,0.210619648844607,-0.100749660944559,0.126733945039315,-0.0114935052800841,-0.117745482761753,0.04734566038334,0.0937831898379969
"14",0.151720186958819,-0.143370530097789,-0.00151673296899593,-0.00677087762793188,0.0828636763172026,-0.100672095243365,-0.0368372257713338,0.151926869675614,-0.0130350435891144,-0.115580080403921,0.0704941627846543,0.0507838497964163,0.125711296900761,1,0.0876985617615782,0.0115291281583903,0.114020302480334,0.300413310364431,-0.180922063213618,-0.12244404012878,0.18298475965039,-0.0441821788798762,-0.144678051125252,-0.125310451428761,0.0407694725529028,-0.0533491234321129,0.0227887169037565,-0.101396842160022,0.0280508706702976,-0.102387587608314,-0.0542563029015349,-0.0669055883940831,0.00990148152562941,0.116193433358477,-0.0728627779521843,0.0689196536794316,-0.0691673053617763,-0.0275093271908055,0.0145574653207171,0.0745063883617245,-0.0801277655226243,0.0121410764474369,-0.102021583612893,-0.0645024918452844,0.0142419941712004,-0.122074295069781,-0.0865912053234214,-0.0173753884010006,0.174921935116776,0.691215712975586,0.0712712057890803,-0.0187453107635994,-0.291357913952024,0.0555330025685967,-0.0741922864199598,-0.00168390619094606,-0.046076427651218,-0.0243018571101664
"15",0.138202021970845,0.0729224662924574,0.0111430257396722,0.165939212248442,0.120536372441185,-0.177068037190536,0.0386567864934981,0.0924157667751226,0.269810442317856,0.200342284098108,0.127297054034812,0.186698911181586,-0.0148052843075389,0.0876985617615782,1,-0.0438321328271264,-0.0497074262408866,-0.114382964808998,-0.124709833837389,-0.0346797507949689,-0.0330708388084267,0.10922619015799,0.074991877889211,0.0604556525232833,-0.0163024619310831,0.0537046447638987,-0.00135766265315518,-0.199448119314571,-0.236908199082137,0.122152757247078,0.0918302282244697,-0.0111010377037263,-0.101314184223217,0.025086800532177,0.0586202691512127,0.105153216862453,0.0731985419627658,-0.0783721155216878,0.19688302655086,0.243452013744786,0.0113617677133423,0.151291080436877,0.0536885647765359,-0.0452707281500119,-0.0788088075840736,-0.00604991141123717,0.188436882951133,0.149803960724174,0.00404497300801328,0.205188266079476,0.173587857309432,-0.100128252271632,-0.104875817678243,0.0813139007575642,-0.00384136306137261,-0.211748237925543,0.0252444321364132,0.0408864358478794
"16",-0.0360408171577416,-0.0817937646393554,-0.0900344324233554,0.112466171821351,-0.133617251373795,0.0420633555201368,-0.0731447665716509,0.0409634799294068,0.0603587577148312,0.0748285592037724,0.010164166700416,0.0478406896861956,0.0807724239866941,0.0115291281583903,-0.0438321328271264,1,0.203617140794461,0.0776930193380145,-0.0546240599897543,0.0785561957019425,0.0213592664172427,-0.19409420916521,-0.0670882190918186,-0.185234178756519,-0.0867614855158612,0.0816559683695721,0.0552198827135528,0.159736710560479,0.110855198286254,-0.204946687442076,0.00263774119565528,0.149802596452831,-0.0988638371686255,-0.0954592055129169,0.106382144805173,-0.0962357619019275,0.0552222943614646,0.111706283683679,-0.0534513204707185,-0.181603736442876,0.180158716241554,-0.0260541800388919,0.0694712262519325,0.045728247461628,0.241137574776317,0.0419113152932738,0.139659100610686,0.0488535582381694,0.105986033387849,-0.0273680049232053,0.0105796850062191,0.191091118934997,-0.00100092008189239,-0.251221228417946,-0.100091920003325,-0.0925754840478532,-0.190280729396088,-0.0219380605928985
"17",-0.31984845294062,-0.039377043075042,-0.0260542843617704,0.163040840461847,-0.0588714670354646,0.101146499884495,-0.0526320533768441,0.0188418537088907,-0.200926994549286,-0.0714863385624093,-0.0120611295456172,0.0447239182787341,0.135787439272658,0.114020302480334,-0.0497074262408866,0.203617140794461,1,0.270574178127778,-0.111559064162489,0.130392731248615,-0.0299422170254484,-0.0259244734299228,-0.0683581034495229,0.125616665982707,-0.0294871538798743,-0.111048494483986,0.0464429142241689,-0.0180157231077498,0.0879226776016054,-0.154244462369504,-0.0486998022162059,0.0577625243215987,-0.0367257632961318,-0.216283166848421,-0.0551048722498407,-0.0931659418903946,0.0200787363268099,-0.110478571447537,0.0631317669078802,0.0685209968673742,0.0683328666474347,0.149012384009602,-0.0849981794260919,0.0117556947053512,0.28526510529565,0.0442130477359946,-0.0582054040660276,-0.0144148616560671,0.256972860392137,0.0638967439465263,-0.0317828025089542,0.145509527039707,-0.00052309193722416,0.136910602999234,0.0450077523873296,-0.0192842502633713,-0.0693252847761619,-0.109756948185787
"18",-0.211617486383283,-0.0476025866124358,-0.0474537008053821,-0.00069484832289906,0.0100039998583747,0.109691972827434,0.139147706270822,-0.0749198488970743,-0.275717881710074,-0.11156213422793,0.152153184499178,0.0391601805072485,0.236881598100623,0.300413310364431,-0.114382964808998,0.0776930193380145,0.270574178127778,1,-0.133163529253813,-0.11919856117173,0.152377867070808,-0.0193588254889549,0.0100755107186864,0.0507207128069568,0.0756585214035374,0.0973871922446092,-0.131376848150344,0.0254373083156184,0.0542747469933494,0.0201636327193822,0.00861913272274651,0.0792151612229808,0.0604971936575387,0.0576197651746212,-0.0216671764209239,-0.0452356170484905,-0.00441496354513213,-0.0102071170336227,0.0114372110060142,0.0940067715497232,-0.0411999550248634,0.109397230542094,0.0198436748336867,0.12465680341913,0.0760743072982758,0.0109458538792156,-0.136103255215245,0.0682776442492089,0.239240415454587,0.334353784572492,-0.057588447307778,0.15210306636329,-0.116436854352413,0.139908654693194,-0.229132591223875,0.0794553050800725,-0.0303999289273308,-0.02700884425938
"19",0.0916253055318794,-0.172723155741542,-0.0653295342461282,0.0581443753294737,0.0198338136587164,0.0744797526476189,0.0635541841876335,0.0965013973490811,-0.168181202103168,-0.0231206809751264,0.0982311951698088,-0.0847769842326246,-0.166870051140309,-0.180922063213618,-0.124709833837389,-0.0546240599897544,-0.111559064162489,-0.133163529253813,1,0.146993284425672,-0.0159315072781548,-0.00165994590260423,0.021117072078109,0.0409715564815875,-0.161942379116654,0.125711659081962,0.0552707342964804,0.0341009590814073,-0.10371595674752,-0.0560046534393557,0.553156552846094,0.0411887618587002,0.0541269237662017,0.129596358969573,-0.0210437771976188,-0.0341919108077531,0.152660655869501,0.122971162763125,-0.0499953035083823,0.0250587857669733,-0.0977969144079428,-0.176517855725459,-0.211010560701179,-0.0875376031108547,0.108615248139657,0.17422557780636,-0.0092209706663744,-0.0999395876634068,-0.200735895743487,-0.377564656857721,-0.00170600610162762,-0.0834542560914395,-0.0972556740055639,-0.215490957572768,0.233253837255411,-0.0864124068011471,-0.147663798917876,-0.216147305740102
"20",0.0992385589122368,-0.105298768472824,-0.0273419469237848,0.104492512621972,-0.119365811405483,0.0392082484757138,0.0605146315730441,0.273573437001218,-0.0406253080458672,-0.108735518148949,0.0094872150867831,0.0461488121135374,-0.283325233569753,-0.12244404012878,-0.0346797507949689,0.0785561957019425,0.130392731248615,-0.11919856117173,0.146993284425672,1,-0.0309452186969819,0.109284354889567,-0.0337564577790431,-0.0182494101480428,-0.215882299747765,-0.169177107082344,-0.0574910963651874,-0.0077670989934341,0.167149834159043,-0.147521778011036,0.0435253963958134,0.274882585121596,-0.0911260257938925,-0.0362398847628806,-0.0318640855267249,0.222896360142534,-0.0967183282121771,0.0372056781584452,-0.204652151660154,-0.0549211871272005,-0.031472730364476,-0.141543903995774,-0.098879012081928,-0.130673243153242,-0.00692678231684814,-0.013335180325523,0.00163215052692233,-0.174035429365061,-0.122492821827178,-0.170211282068196,-0.073905126022766,0.00112871758719624,0.150258949217982,-0.0265686688598521,-0.0146580179661071,0.0493128662069998,-0.062128659041931,-0.179401263411762
"21",0.0437563778496011,-0.0311288924746024,0.124268068391865,0.0853068134386729,-0.0215020669812962,0.0410364162575208,-0.0424279188209236,-0.0942700607404668,-0.0401536765982965,-0.0982168982216668,0.0236300376720544,0.0427901276389658,-0.0238497073801246,0.18298475965039,-0.0330708388084267,0.0213592664172427,-0.0299422170254484,0.152377867070808,-0.0159315072781548,-0.0309452186969819,1,0.0930824324278882,0.0248131294813074,0.205416749133828,0.0645693670994422,0.164662974486856,0.0929294939984141,-0.0483076382448912,-0.100651712457352,-0.0937460157895887,0.0882435514554248,0.0744632795543519,0.0713129869514564,0.133898519640997,-0.0741299134819221,-0.18689120801387,-0.0272176669917692,0.182398424266984,0.138759469537967,0.126599845833512,0.0417145807946898,0.0289531884789914,0.104570446596692,0.0821494107553087,0.038061049023126,-0.0552269342534264,-0.0392770361366324,0.0374846538366999,-0.0248401511679159,0.306264229630588,0.0495552559039135,0.165961306026064,-0.134180928915993,-0.0774712437388885,0.00054769903858597,0.00250095211316587,-0.0419636998583575,-0.0374328047731748
"22",-0.130480776532009,-0.0426835240013258,0.0273952761875791,0.129505195461547,-0.102252050236312,0.0619181079039962,-0.179172236141231,-0.136704263637654,-0.121940454629098,-0.0731939639273385,0.0976111968207554,-0.02551295071914,-0.0361041759940871,-0.0441821788798762,0.10922619015799,-0.194094209165211,-0.0259244734299228,-0.0193588254889549,-0.00165994590260423,0.109284354889567,0.0930824324278882,1,-0.0791914120976639,-0.0670991804932859,0.0233233215139174,-0.0049441834699124,-0.244958206053381,-0.108785243078807,-0.15829857905777,0.0651561107914128,-0.201670417066618,0.113680409136597,0.104168821532991,0.0780373551298126,-0.134145800206429,-0.0218401831309866,-0.0532526165579081,-0.0955792528827707,-0.00359458993972594,0.00227243180527231,0.124358557363619,0.0985714855186475,-0.0252997878127306,0.0368495492498514,-0.0612186903948837,-0.125101126150621,-0.00190226252483598,0.0811677838636968,-0.0727191545173244,-0.03368833957945,-0.154252754488364,0.0287802905656436,0.0569406804110332,0.159205532940853,-0.00728009038828478,0.0200930139101421,0.0127850111876348,-0.0186444142306193
"23",-0.00957651308677718,0.154372454477274,-0.12153387925425,-0.112430159623727,0.185852195393731,-0.0604515042643084,0.219415747560067,-0.209806779966028,-0.132348817238793,0.0553380540586732,0.0212746251764241,0.158671475130718,0.183400967551812,-0.144678051125252,0.074991877889211,-0.0670882190918186,-0.0683581034495229,0.0100755107186864,0.021117072078109,-0.0337564577790431,0.0248131294813074,-0.0791914120976638,1,-0.0386210476646741,-0.042069912014041,-0.0695279045687907,0.0103932653236226,-0.0596410491958566,0.0179981292094595,0.156421115640177,-0.00201558831674005,-0.113344358971763,-0.0243259676554958,-0.0302919304346545,0.0491793669728272,0.0924663094016882,0.0802407084512747,-0.302742255733934,0.255745370868957,0.00308819085269296,0.0238950081822883,0.0525337006798409,-0.0888278170105609,0.145667909805291,-0.112307239187369,0.00309852501898974,0.0565227154552842,-0.106026430003213,0.015641394547779,-0.130706415738024,-0.0322676759725958,0.0443779528966001,0.0880536392245612,0.0813385993537045,0.020701900400031,-0.0269655114438306,-0.0743246385673808,0.0983908255808616
"24",-0.202025019689507,-0.0576120729396788,0.0668078500236237,0.107221065998991,-0.0874060142457958,0.159980529376745,0.0409257160575344,0.0105364292638839,-0.179343784150729,-0.121689311376185,-0.0891624585171361,-0.09030947321797,-0.045230290318028,-0.125310451428761,0.0604556525232833,-0.185234178756519,0.125616665982707,0.0507207128069568,0.0409715564815875,-0.0182494101480428,0.205416749133828,-0.0670991804932859,-0.0386210476646741,1,0.0195379085645303,0.0192886550809176,0.0329897516640184,-0.0642278029924034,-0.289065164578066,-0.0132498971035256,0.106949372784874,-0.0154311330026287,-0.036340879045166,-0.0602771566420972,-0.0486441436010507,-0.262888350388304,-0.0680116505781565,0.0678406196297463,-0.0763762919267868,0.123099440748724,-0.035309120688337,0.113854328714648,-0.0471420619800848,-0.0422972323136469,0.171625763285839,0.043249221761227,-0.0757118776747544,-0.0743350827021657,-0.0106394959929544,-0.0332307430352003,-0.0446598773821154,0.0777991592167589,0.0785240168151792,0.0815440937091771,-0.0635501404141853,-0.126210071302038,0.0600514704008738,-0.0602736270979675
"25",-0.117836969569884,0.126392195742492,0.148473333413371,0.0629701168191234,0.0369621800564419,-0.00455919696224341,0.199097274413054,-0.148979030300602,-0.0377898943992763,-0.0697757281394567,-0.197898739966945,0.25053381099616,0.147427849518957,0.0407694725529028,-0.0163024619310831,-0.0867614855158612,-0.0294871538798743,0.0756585214035374,-0.161942379116654,-0.215882299747765,0.0645693670994422,0.0233233215139174,-0.042069912014041,0.0195379085645303,1,-0.0105402778097723,-0.0516952208445081,-0.0569700736314787,-0.0997908663157728,-0.0277439827446481,-0.0506959782957275,0.0219103618757146,0.105026577742253,0.0984039497420553,0.219065786719824,0.0121042448674692,0.114773526778769,0.0843444830091539,0.091814917504411,-0.00970763694088756,0.0332778559803914,-0.0322148222214452,-0.099564100643913,-0.107849708838801,-0.0488030143670458,0.0520274264694291,-0.0972430877809396,0.103297554888649,0.217210792601845,0.167395596072215,0.229902580461129,-0.0169112837721492,-0.105621804835881,0.210624037948286,-0.0231444844711566,0.107755145899009,-0.0302011893109308,0.252603386817512
"26",0.0259663078478151,0.117107922243008,-0.0456693830871153,-0.0138467460618981,-0.0248118003992944,0.0112802456074705,0.0907299796770389,-0.0165866116395526,0.0220233464583492,0.04034367177648,-0.00119506376484603,-0.202898184032325,-0.0826384224317737,-0.0533491234321129,0.0537046447638987,0.0816559683695721,-0.111048494483986,0.0973871922446092,0.125711659081962,-0.169177107082344,0.164662974486856,-0.0049441834699124,-0.0695279045687907,0.0192886550809176,-0.0105402778097723,1,-0.0385456090591447,0.020500639799044,-0.0693854243320745,0.0453161084695398,0.141676142702933,0.0828638107510059,-0.11200599265315,0.0307554890552158,0.191279397048253,-0.128272474565416,0.0443770474531154,-0.00856970411195003,-0.058090832443939,-0.080860475382632,0.0462360391995258,-0.0455423631100324,0.139410862570055,-0.0247306965714145,0.138128439745687,-0.0947257596612518,-0.20725666504916,-0.125490083622142,-0.0071409698313953,0.0469486660349027,-0.0223498068348877,-0.0225705664527996,-0.0348205337623517,-0.202888164469938,-0.0281507256695439,-0.154710067430889,0.0698275568337445,-0.0453707684899726
"27",0.109096898409087,-0.110691281419599,0.0539950690598031,-0.0313734466701712,0.152924409734669,0.0379595189379162,-0.153541402550264,0.08835223481279,-0.15623781921705,-0.102418850497504,-0.114828033392386,0.105306982464808,-0.0128632421885876,0.0227887169037565,-0.00135766265315518,0.0552198827135528,0.0464429142241689,-0.131376848150344,0.0552707342964804,-0.0574910963651874,0.0929294939984141,-0.244958206053381,0.0103932653236226,0.0329897516640184,-0.0516952208445081,-0.0385456090591447,1,0.053129661208761,-0.00156198962984822,-0.0184050793247724,0.0351720000103265,-0.161766360155096,-0.0104805636087959,-0.095099818081666,-0.0690918039890441,-0.0223497980927253,0.0607563869455521,-0.0505693414630007,0.0526956213196363,0.0083017906025054,-0.126846263203409,0.118149007445707,-0.155258541624342,-0.128592813021122,-0.0111294620456806,0.0918733477192039,-0.0343777724465935,0.00725755427829464,-0.112716196514803,0.0561260082940112,0.119027263922172,0.0486048525175057,-0.123129572628634,-0.191368819627707,0.16149088985841,0.143207773181217,0.0397624160002567,-0.0156644320253528
"28",-0.111273565014475,0.0245171184241466,0.0145714136356873,-0.184275329690671,0.172864865222434,0.0481882148929539,0.00354093314044698,-0.0606296607678422,0.0683950927422385,-0.0364540108282144,0.0320339645866153,-0.172538894474586,0.122066364664407,-0.101396842160022,-0.199448119314571,0.159736710560479,-0.0180157231077498,0.0254373083156184,0.0341009590814073,-0.0077670989934341,-0.0483076382448912,-0.108785243078807,-0.0596410491958566,-0.0642278029924034,-0.0569700736314787,0.020500639799044,0.053129661208761,1,0.132285820883902,0.0742601855938323,-0.146054014352904,0.0156827189962021,-0.0376402889097913,-0.034821280479641,0.0156903254332337,-0.129925734604786,-0.0069501596587548,0.139248838528372,-0.226728891095917,-0.10393423907868,-0.0255762194326788,0.130082974522406,0.0361463331717311,0.215006463328984,-0.0307832529026249,-0.177849616574848,0.04185739666479,-0.159472729811352,0.0207593462632462,-0.0189714016977031,-0.210807721196058,0.123129539689406,0.0711063437899923,-0.048614095293952,-0.00954776722100582,0.0921436260503052,0.0908217007538501,-0.0892730816625248
"29",0.0748420474188865,-0.0545986580905055,-0.130000268347781,-0.116958563900562,0.0418179986207193,-0.0584081865591052,0.0802783164157601,0.236546470347694,0.0520104491503891,-0.0263191610392147,-0.0946710405509832,0.017031551220872,0.115021752912826,0.0280508706702976,-0.236908199082137,0.110855198286254,0.0879226776016054,0.0542747469933494,-0.10371595674752,0.167149834159043,-0.100651712457352,-0.15829857905777,0.0179981292094595,-0.289065164578066,-0.0997908663157728,-0.0693854243320745,-0.00156198962984822,0.132285820883902,1,0.17677171705084,-0.0424723257227574,0.0872306651560116,-0.0157681414057048,0.0004092387951182,-0.0793657286449337,0.174678590159305,-0.0477059612050678,0.0760640433853578,-0.0533650691340817,-0.0364637934156806,-0.0695252901764428,-0.0618351187441765,-0.0104137742734076,0.0754155696497279,-0.112893296944526,-0.13372045383005,-0.0445495319159362,-0.162957718612794,0.104307945225018,0.0159868928588683,-0.20603928370356,0.129795189009999,-0.0503106595762398,-0.0888863242846141,-0.119928006235121,0.192729478787728,-0.0488089043363535,-0.0953111850629583
"30",0.00737815183920897,0.230810708538044,0.152366656960555,-0.132507751153384,0.0648109223132017,-0.0695255813701147,-0.133926713721789,0.022354950662631,0.135311316353791,0.0816494851350673,0.0447458822155168,-0.0240164610411512,0.0475267590329521,-0.102387587608314,0.122152757247078,-0.204946687442076,-0.154244462369504,0.0201636327193822,-0.0560046534393557,-0.147521778011036,-0.0937460157895887,0.0651561107914128,0.156421115640177,-0.0132498971035256,-0.0277439827446481,0.0453161084695398,-0.0184050793247724,0.0742601855938323,0.17677171705084,1,-0.0915434294332968,-0.148742376335099,0.0653043711606562,0.0700560068681306,-0.0870799598397242,-0.106793663426014,0.0259084388590018,-0.125150522380528,0.0120733610771094,0.152826833376464,-0.0292736773533967,0.185671067947916,0.180807137131593,0.190256160210347,-0.237774525676077,-0.268085568306741,0.155025842752161,0.0817965492613581,-0.185221207292476,0.0377104626404441,-0.130773224511691,-0.0450601114064932,-0.0627247906092654,-0.0458572518836246,-0.179634428022019,0.0606100326356811,0.341781300248933,0.0704389506840058
"31",0.140091522063209,-0.211873806007596,-0.130820890337873,0.00408931753268262,0.0107579547881274,-0.0292849654029427,0.0310709503556685,0.0459177459619033,-0.0890553716109218,0.040915150833017,0.0300521535064978,0.0487736427406902,-0.109297607796049,-0.0542563029015349,0.0918302282244697,0.00263774119565528,-0.0486998022162059,0.00861913272274651,0.553156552846094,0.0435253963958134,0.0882435514554248,-0.201670417066618,-0.00201558831674005,0.106949372784874,-0.0506959782957275,0.141676142702933,0.0351720000103265,-0.146054014352904,-0.0424723257227574,-0.0915434294332968,1,0.00498090621654678,0.0241100176065686,0.111011194558304,-0.0971583087082376,0.012932816601508,0.167541505167821,0.0636730785549215,-0.00445948736746039,-0.00966174428046043,-0.233309732576707,-0.149369195514857,-0.104880116362114,-0.0258111978951896,0.0491755476769951,0.255589825298841,-0.10920993623743,-0.016922368578592,-0.129202786954381,-0.174313524073095,0.154673808626809,-0.018867514216881,-0.266952450385053,-0.212738528821136,0.104160030215906,-0.15045010482917,-0.096591409622247,-0.063151797970978
"32",0.0355641119780476,-0.0466030082069066,0.0152228828887892,0.0578985585490144,-0.0313865614123169,-0.00016367436488298,-0.0739516255604057,0.0894300179224661,0.0874739171207005,-0.123715462717474,0.128017177947752,0.0272278270886059,-0.0662997473803698,-0.066905588394083,-0.0111010377037263,0.149802596452831,0.0577625243215987,0.0792151612229808,0.0411887618587002,0.274882585121596,0.0744632795543519,0.113680409136597,-0.113344358971763,-0.0154311330026287,0.0219103618757146,0.0828638107510059,-0.161766360155096,0.0156827189962021,0.0872306651560116,-0.148742376335099,0.00498090621654678,1,-0.144161523073314,0.124130205193225,-0.0870092477870295,0.0360926210602002,0.0312398888911499,0.065066244590054,0.0144076502567942,-0.0392869940054754,-0.0896886444616192,-0.140305915119365,-0.0403019249235534,0.0509776825465355,0.0702033537432092,0.0876088639599807,-0.0287101233334534,0.00736406702512475,-0.0214730636633017,0.0656479032080693,-0.0879960459006544,-0.114889415658264,-0.00696563278801712,0.0750314989054394,-0.085825495688659,-0.0570340758933017,-0.0306757062754309,0.00586167587239544
"33",-0.0870083105584915,0.0596017187302403,0.209438706462948,-0.145385111394522,0.169211197522517,0.0924394310234236,0.105755459298908,0.0285930371058993,0.0245711879101062,0.0209279302617418,0.01167000402351,0.00994296573689673,-0.0331818753254876,0.00990148152562941,-0.101314184223217,-0.0988638371686255,-0.0367257632961318,0.0604971936575386,0.0541269237662017,-0.0911260257938925,0.0713129869514565,0.104168821532991,-0.0243259676554958,-0.036340879045166,0.105026577742253,-0.11200599265315,-0.0104805636087959,-0.0376402889097913,-0.0157681414057048,0.0653043711606562,0.0241100176065686,-0.144161523073314,1,0.0707140437161056,0.0713438606380475,0.113935535934765,-0.0104363715506042,0.173975196110537,-0.181927785690703,0.0381487254771423,-0.0270781209714509,0.0174878558806578,-0.0183199100590016,0.0601501108781862,-0.161203937747105,0.00342221492141465,0.190716751807946,0.0074166872543888,-0.166723787216432,0.0143279319652774,-0.106662690785005,-0.0420056279352822,0.101507105489816,-0.00782426235790371,0.0454814347920906,0.0551943018480317,0.0671425582465787,0.026444113100883
"34",0.10919732533226,-0.0288146292397839,0.0416861234288665,-0.00857135400969158,0.0739125404202096,-0.11374938033622,-0.122660109748267,0.156357669710724,-0.122891488255159,-0.0273125124185687,0.0565994686082627,0.0556960067422977,-0.0222243408708539,0.116193433358477,0.025086800532177,-0.0954592055129169,-0.216283166848421,0.0576197651746212,0.129596358969573,-0.0362398847628806,0.133898519640997,0.0780373551298126,-0.0302919304346545,-0.0602771566420972,0.0984039497420553,0.0307554890552158,-0.095099818081666,-0.034821280479641,0.0004092387951182,0.0700560068681306,0.111011194558304,0.124130205193225,0.0707140437161056,1,0.0525356933832788,0.183310335317993,0.109396094119614,0.161314048119376,0.125235626200511,0.0827824665365433,-0.105005168498887,-0.0116095240617893,0.13980605922053,-0.019902820314071,-0.122608446260025,0.016920701095937,-0.0209262531763851,0.0847463665730028,0.0345854795896053,-0.00903992970536871,-0.027453798497766,0.0772312944654631,-0.120426660168699,-0.0611903104311131,-0.161638679131763,-0.00090085580005511,0.0620838848433596,-0.0923303698806614
"35",-0.0467779646205831,0.228382535295963,0.053221395694301,-0.15606756493825,-0.111926240326423,0.0764912742535591,0.293738975413419,0.0607822884694389,0.113099185651255,0.167335363440725,-0.0442993459907025,0.0495585552381351,-0.0667989303057425,-0.0728627779521843,0.0586202691512127,0.106382144805173,-0.0551048722498406,-0.0216671764209239,-0.0210437771976188,-0.0318640855267249,-0.0741299134819221,-0.134145800206429,0.0491793669728272,-0.0486441436010507,0.219065786719824,0.191279397048253,-0.0690918039890441,0.0156903254332337,-0.0793657286449337,-0.0870799598397242,-0.0971583087082376,-0.0870092477870295,0.0713438606380475,0.0525356933832788,1,0.171071002850926,0.105211447053364,0.0278228951558037,-0.0718603131522039,0.00027705970341098,0.0801633546751905,-0.169050064727287,0.0864709735215871,-0.0964067417564324,-0.0649611648067857,0.124868910020876,-0.106040957937001,-0.154660703552633,0.0737618389363392,-0.00989690076630429,-0.04331824623697,-0.019007335420247,0.103834411817686,-0.121337400002294,0.00158621138858429,-0.208903975507665,-0.189173580402889,0.208234591996231
