"","l_Insular.Cortex","r_Insular.Cortex","l_Amygdal.Area","r_Amygdal.Area","l_Bed.Nucleus.of.the.Stria.Terminalis","r_Bed.Nucleus.of.the.Stria.Terminalis","l_Hippocampus","r_Hippocampus","l_Orbitofrontal.cortex","r_Orbitofrontal.cortex","l_Entorhinal.Cortex","r_Entorhinal.Cortex","l_Frontal.Association.Cortex","r_Frontal.Association.Cortex","l_Globus.Pallidus","r_Globus.Pallidus","l_Glomerular.Layer.of.the.Accessory.Olfactory.Bulb","r_Glomerular.Layer.of.the.Accessory.Olfactory.Bulb","l_Glomerular.Layer.of.the.Olfactory.Bulb","r_Glomerular.Layer.of.the.Olfactory.Bulb","l_Granule.Cell.Level.of.the.Cerebellum","r_Granule.Cell.Level.of.the.Cerebellum","l_Hypothalamic.Region","r_Hypothalamic.Region","l_Entorhinal.Cortex","r_Entorhinal.Cortex","l_Vermix.Molecular.Layer.of.the.Cerebellum","r_Vermix.Molecular.Layer.of.the.Cerebellum","l_Lateral.Molecular.Layer.of.the.Cerebellum","r_Lateral.Molecular.Layer.of.the.Cerebellum","l_Anterior.Olfactory.Bulb","r_Anterior.Olfactory.Bulb","l_Posterior.Olfactory.Bulb","r_Posterior.Olfactory.Bulb","l_Subiculum","r_Subiculum","l_Perirhinal.Area","r_Perirhinal.Area","l_PreLimbic.System","r_PreLimbic.System","l_Primary.Cingular.Cortex","r_Primary.Cingular.Cortex","l_Primary.Motor.Cortex","r_Primary.Motor.Cortex","l_Retrosplenial.Cortex","r_Retrosplenial.Cortex","l_Secondary.Cingular.Cortex","r_Secondary.Cingular.Cortex","l_Secondary.Motor.Cortex","r_Secondary.Motor.Cortex","l_Striatum","r_Striatum","l_Ventral.Tegmental.Area","r_Ventral.Tegmental.Area","l_Substantia.Nigra","r_Substantia.Nigra","l_Thalamus","r_Thalamus"
"1",1,0.411683534168878,-0.0164264331935055,0.0654056240779704,0.120976305713376,0.130830564461676,0.042748067535088,-0.0452548653102863,0.209729899230872,0.245959478119613,0.378783788718723,0.0685076477418488,0.229060652138075,0.0234221163009826,0.0688510710938522,0.0749229676171964,-0.0863892123326512,-0.0883584357686514,-0.00410404319408242,0.0813065176626281,-0.0208484655302253,-0.14439665169306,0.0552703461841021,-0.00469746565447751,0.0243302974146434,-0.0184928565183786,0.127311332755612,-0.132789902356776,-0.207147069020924,-0.0519086863212143,0.0220620344100414,-0.0328529195935154,0.27253553067617,0.340500625001202,0.0679864324259883,-0.0501196277538687,0.0838175967740467,-0.00757203029272534,0.255905024707193,0.273401407519995,0.300667822353395,0.219281699104079,-0.0549298241630621,-0.133869332490562,-0.152965064894844,-0.176429171684563,0.248715951230538,0.225554802313783,0.164177442838625,0.0869034036187275,0.302023494137355,0.152212027984873,-0.0676101621385366,-0.0192398721856896,0.0143134357183235,-0.14877251984088,-0.0390520049668835,0.032371167017651
"2",0.411683534168878,1,-0.00669742476740448,0.0564154284284607,0.00704582671612466,-0.00039436962778486,-0.0546863741699953,-0.127917159515625,0.218498540454638,0.543136392772249,0.405859604017284,0.0823691673439257,0.0417311899539746,-0.148151585148577,-0.00191476791965225,0.117190593497937,0.0240296118382429,-0.0887541612208269,-0.173116045613718,0.10564714107007,-0.0291907656551553,-0.00460444551968037,0.0123634754249476,0.127746085711791,-0.0388748476086719,0.00173829535813943,0.0889580235488312,-0.00654286741785595,-0.0270173322830432,-0.0693285059659672,-0.00098761709236709,-0.153793627737997,0.198109539155972,0.217183296462367,-0.0197643692561285,0.0388250478866661,-0.173232906484519,0.0178524984293302,0.112560260264598,0.0987164414429294,0.0519374314056363,-0.0489511363234473,-0.228978685595173,-0.145510968797645,-0.173994446039436,-0.0831611924422268,0.129666497110242,0.100315586467024,-0.0562913033368969,-0.183617031344575,0.146383173558508,0.197878817321504,0.0347666617151157,0.0999010849181869,0.210712551948714,-0.105640883811498,-0.00345576731432246,0.0208144192777937
"3",-0.0164264331935055,-0.00669742476740448,1,0.0758984934685035,-0.0570423213423599,0.0789029933068519,-0.00834336625811713,0.116101940333749,-0.0995901198437652,0.0115122666355094,-0.0431295939687514,-0.0662951834550968,-0.0937541337491506,-0.00535421886865943,0.039200428909543,-0.0760332904354467,-0.0857233391108181,-0.102285801525097,-0.00906288627428024,0.217365295411811,0.0552079505301741,-0.0116039082138377,-0.0471443197266729,-0.154150969738773,0.105625572067911,0.105052949547408,-0.0556239549242561,0.0894679388078359,-0.222427457098458,-0.109409493247955,-0.022550478488608,-0.0594159793539826,0.0977383325542931,-0.00984281456867919,0.0604341190590631,0.124402412997856,0.0328187611930537,-0.0423184502356109,0.01621421602361,0.0303591332135354,-0.0643195144595947,0.0990953136843705,-0.0580296373293293,0.0873474902933513,-0.0623870147311415,-0.0388961969882671,0.0627349950885112,0.0716216517431303,0.0589694321332071,0.0781773712535008,-0.0703009425571387,-0.058777077074141,0.0155860448491316,-0.10541883535232,0.29845769710537,0.0308366605879171,-0.0673778156224651,0.14413543116758
"4",0.0654056240779704,0.0564154284284607,0.0758984934685035,1,0.040878558111672,-0.0674057058324529,0.0216540826696744,0.0319106347773678,0.0403011853862878,0.0506488724491432,0.06574032150569,0.129272472858361,-0.0242991398866995,0.0810696434249913,0.0802819066670866,-0.108298042534098,-0.24933503458806,-0.176363166524168,-0.147554924827828,0.221083834115695,0.0998710035437689,0.0336443589330036,-0.0399600356190376,0.0131353360041907,-0.0890042981332708,0.189201724362977,-0.0202189270136459,0.0345607553711607,0.0248075574870655,0.206696094503628,-0.346424094961486,-0.0622535574725621,0.0359218551843266,-0.023885799521988,0.0727596902931784,0.00523199153055594,-0.0660266580201209,0.0285410597923526,-0.0003827500426389,-0.0266520672805424,0.0810568557381852,-0.0566456170055886,0.098314027895021,0.0371600697200017,0.0735677564523286,-0.0503350504351169,0.0735260846580723,0.0548480830068803,0.0528129875262927,0.08832753267456,-0.0110824788203535,0.0821162040024976,0.0910301730077508,-0.0119108185807913,-0.164970972090382,-0.129947289426976,-0.121297340241866,0.0394209338433533
"5",0.120976305713376,0.00704582671612466,-0.0570423213423599,0.040878558111672,1,0.105109050593527,-0.0760572221218991,-0.0656384767249383,-0.192819158492868,-0.0827323718391357,-0.042862400490263,0.0496339629793823,0.080866276361307,0.0040684330355698,0.0141528550083918,0.0833696544215513,-0.0615603642863189,-0.0397803467800591,-0.109594821448451,0.0754332922584521,-0.18130665742273,-0.0110153819496507,-0.0188929527423042,0.0511335714218313,0.0642094576484838,-0.101726516542485,-0.0325479430469055,0.0503514923726483,-0.156087058149229,-0.154197272325944,-0.12774787732541,0.0943942076507623,0.0808080387123127,0.198846313305408,0.0950317909765529,0.0439245751712009,0.247209152501099,-0.0311827029831895,0.186880330193185,0.0470077753024347,-0.012825575279439,0.0343508564969972,0.102914228597672,0.0756593638735437,-0.0682585679366284,-0.178246778076059,0.124946073048043,0.115557218992236,0.202106611835023,-0.0183744514728752,-0.00502419166207381,0.0500180521664384,0.137972347765726,-0.085398979728102,-0.127311039989323,-0.18002490053164,0.209469534678297,-0.127667409660442
"6",0.130830564461676,-0.00039436962778486,0.0789029933068519,-0.0674057058324529,0.105109050593527,1,-0.0728811768376976,0.0345507262079357,0.0400133685072511,-0.0156174993237382,0.130135479150306,0.134607323777299,0.0796991596065942,0.00974334715040555,0.139915920549696,0.182851001428059,-0.066684328467065,0.0987505257137065,0.157523053097444,-0.119409721163598,0.0164006429112425,0.10595450040119,0.159535411465086,0.173328234259532,0.010738036597377,0.0653272662492265,0.00101961389297072,-0.238575567948591,-0.0926651807953524,-0.011716786810654,0.113762088339548,0.0774772244982169,0.0566316139642932,0.142749584319807,0.0163676463903432,0.0232779192339529,-0.146632627157814,0.0200195490877922,0.00949393417969107,0.0691285630260559,0.00719769144389604,0.190267039699538,-0.0627740438307817,-0.0333121010475704,-0.0481263046047154,0.201329033563693,-0.0418259249230844,-0.110828711081015,0.0745127602874134,0.175468464537855,0.147980024406955,0.246464037917503,0.0754375174808326,0.0328938017819801,0.0961996927722287,-0.0884182722324049,-0.0033586067880022,0.167031057818897
"7",0.042748067535088,-0.0546863741699953,-0.00834336625811713,0.0216540826696744,-0.0760572221218991,-0.0728811768376976,1,0.0543311427158863,0.0655810257203667,-0.212719328935655,0.039352158611927,0.082703293392881,-0.112894061704792,0.18517128676978,-0.243675694434325,-0.00525887192014041,-0.0872803850917242,0.0564553184339827,-0.117223883868057,0.0281488086049823,0.125425637385893,-0.160124157510386,0.0773334562381955,0.108465124067911,-0.00952453578278794,-0.0702073316667703,0.12788776420559,-0.0940509125631842,0.0503157363323298,0.0798525949009165,-0.195619481797479,-0.0658233290761789,-0.131576264824712,-0.104552604270056,0.18354478083886,0.161598698734288,0.0297890158076413,0.00801968900758899,-0.0388412675579526,-0.06847231404823,0.189265095180662,0.204765281672517,0.0371279544937902,0.0887684245901754,0.0853856372921424,0.056760599698312,0.145308867142858,0.163226349344255,-0.0546917192044274,0.162652835532846,0.0189739359028678,0.123789706608647,0.0068530471362887,-0.0935644244339134,0.0549007770415061,-0.0709604868675053,0.286383978318078,0.136235634693041
"8",-0.0452548653102863,-0.127917159515625,0.116101940333749,0.0319106347773678,-0.0656384767249383,0.0345507262079357,0.0543311427158863,1,-0.143756375274231,-0.0445379060406058,-0.0210522083873815,-0.14942302131949,-0.0399766569685402,0.00237870755438264,0.0183223611913969,-0.0281689239558617,0.0225280862146249,0.229920362417204,0.225548884701949,0.118953785662868,0.114595139277873,-0.126561732290291,0.149462026969871,-0.064213429287094,0.054527977785516,-0.011039685998279,-0.059876331617693,-0.065763746707982,-0.0849633892548123,-0.0447792058457694,0.0966544735497358,0.0943591443904202,0.0587677750254311,-0.197537924465512,0.172127299073812,0.447126343056816,0.168313668502195,0.294083568545142,-0.0531685831453087,-0.0317767281315896,0.154847324733615,0.17268573836518,0.167593800232485,0.248168238392295,0.0771635153933829,0.22081938837413,0.09573827945269,0.143046510706231,-0.00079611532320985,0.122978079412928,-0.0535087710256672,-0.0496830985745589,-0.0673281963849438,-0.062891670652752,0.138022480250152,-0.0141210883020221,-0.110264469194262,-0.0489934475109402
"9",0.209729899230872,0.218498540454638,-0.0995901198437652,0.0403011853862878,-0.192819158492868,0.0400133685072511,0.0655810257203667,-0.143756375274231,1,0.26411595762805,0.0888940666309797,0.11928310119445,-0.107699073965273,-0.0427142181781952,-0.00512839968646921,-0.0280449850474622,0.097585995326825,-0.0408088745909634,0.006419485757201,0.15641183124497,0.178357765396771,0.0586581858666141,0.0921525484517035,0.282004815022302,-0.195498712152956,0.059067637915832,0.142363088670011,-0.171653611066929,-0.0258534987091639,-0.180015693260837,0.0992751028970704,0.146379877036372,0.0852313036579854,0.124303588036811,0.00538959306284484,-0.195449635560597,-0.0440271528072574,-0.0256537984655288,0.0460371738925368,0.153943456173372,-0.0589988770610369,-0.135733648290754,-0.177392662850225,-0.259039486872814,-0.0619771753218057,0.0330793028788179,-0.0842649507579196,-0.166407104591957,-0.129889046148434,-0.242047174940092,0.218867979061048,0.146763098100992,0.0421259310083729,0.117439427193416,0.0521509626937295,0.0156318395277624,-0.0519630818405702,0.0825288389119026
"10",0.245959478119613,0.543136392772249,0.0115122666355094,0.0506488724491432,-0.0827323718391357,-0.0156174993237382,-0.212719328935655,-0.0445379060406058,0.26411595762805,1,0.00081835467762945,-0.0998968481228742,-0.12063937720538,-0.142148979890502,0.0807744452679909,0.133477159803285,0.0113441342382882,-0.0917966424051091,-0.187832140683,0.0158181832750314,0.0105912553203148,0.128485867995636,0.0765475605810612,0.161678967328003,-0.18413643583942,0.0531721022495327,0.151647947728455,0.0753455610297012,-0.0711051366392983,-0.130475821872367,0.0181316214885533,-0.0795738149600274,0.155554914955671,0.109948076647778,-0.168085559162909,-0.0877747720553219,-0.226443630177193,-0.135893211296188,0.00733506519850771,-0.0105094052751357,0.0397089808826596,-0.166688532906495,-0.229899367061383,-0.0866809629643176,-0.102685833433144,0.0595761190336072,0.0550283335676173,-0.0307077425776769,-0.212470001228681,-0.327873040730782,0.046136998049054,0.134691603889515,0.0501091788232756,0.052933037723876,0.0714403949175099,-0.131348129563082,0.106652904493645,0.0246213403561266
"11",0.378783788718723,0.405859604017284,-0.0431295939687514,0.06574032150569,-0.042862400490263,0.130135479150306,0.039352158611927,-0.0210522083873815,0.0888940666309797,0.00081835467762945,1,0.418900016718148,0.186267971915707,-0.0420266809410202,-0.072219864633563,0.15724919394043,0.0384646530845612,0.102161723994402,0.0724112259686045,-0.0539784381439368,-0.117228239652509,0.00132261356112815,-0.0229230951707659,-0.0580889816593151,0.0977175627394453,0.0288431738526627,0.141181527598443,-0.0394343296630442,-0.0305216516565942,0.0296343396950544,-0.0269631391990115,-0.260954522627936,-0.00639525116131148,0.0831556228135279,0.0593693888399423,0.0770476567703784,-0.0127839557564061,0.123782514081752,0.22552352866968,0.249536754768167,0.118416568008934,0.318668840362283,-0.11073286543044,-0.267152287386688,-0.240591769278148,-0.139970569765245,0.0499082978414222,0.0807067022726771,0.0401151002999561,0.147186001807169,0.071500630344881,0.143919718799644,-0.0652807753866043,-0.220883515361085,0.145655921034547,-0.0431643169579971,-0.0279846265444813,-0.0369124425360107
"12",0.0685076477418488,0.0823691673439258,-0.0662951834550968,0.129272472858361,0.0496339629793823,0.134607323777299,0.082703293392881,-0.14942302131949,0.11928310119445,-0.0998968481228742,0.418900016718148,1,0.0972165310278054,-0.00166436190017038,-0.0958838290742431,0.116593762949897,-0.0569489782264138,0.087115768506927,-0.0262826607049737,0.0588734881844343,0.118175990177878,0.180333012055636,0.0388921283798791,0.048162680263086,0.195870716840502,-0.0951817170857912,0.0611756705175923,0.0346872756145357,-0.208043572178654,-0.0128067088279657,-0.107998361530743,-0.124191577138901,-0.204752466940259,0.0729647282089537,-0.0101741522636461,0.0252868385801115,-0.0477462801954212,0.156700966225942,0.040880152878784,0.189408022464919,0.00403495636919889,0.129553916786447,-0.0659822045962529,-0.229027753395261,-0.165501202417551,-0.012420211633052,-0.0336889642030099,-0.0567656127251954,0.0886075993879804,-0.017403489784734,0.0508168808282787,0.0856393257110913,0.075582559740377,-0.112174097461648,-0.0430446897315924,-0.0506563332219059,0.101564798915017,-0.0924643351549773
"13",0.229060652138075,0.0417311899539746,-0.0937541337491506,-0.0242991398866995,0.080866276361307,0.0796991596065942,-0.112894061704792,-0.0399766569685402,-0.107699073965273,-0.12063937720538,0.186267971915707,0.0972165310278054,1,0.270189621748476,0.110534275667127,0.00811008033460593,-0.0612285790508005,0.0712778696105711,0.0437326915499759,0.0893288410666769,0.00423464988150596,-0.00551177138321783,-0.0854914674135805,-0.161050811292856,0.223469294927465,0.136631974225049,0.0997733773454004,-0.148032206480888,-0.0993623940052634,0.193273120762025,-0.0171551588736559,-0.12091109933256,0.235869988956127,0.171118885269511,0.0268066041600905,0.0337908390959995,0.114822941753611,0.250489403161281,0.217755852480876,0.243973903224445,0.117091261887395,0.263274909012217,0.118019623508527,0.0599740438993567,-0.029050342353813,-0.0577663336385695,-0.0504436355630632,0.0538821191391789,0.640335409905809,0.395852164257277,0.101360823015544,0.130234977509251,-0.14354599113753,-0.0228726148058577,-0.0412345670420774,-0.0371994097607767,0.0971088087057376,-0.118427781594349
"14",0.0234221163009826,-0.148151585148577,-0.00535421886865943,0.0810696434249913,0.0040684330355698,0.00974334715040555,0.18517128676978,0.00237870755438264,-0.0427142181781952,-0.142148979890502,-0.0420266809410202,-0.00166436190017038,0.270189621748476,1,-0.224434372666883,0.0230993407689491,-0.00139770945082305,0.0425789971506251,0.171670283893706,-0.010185384819952,0.175452405603194,0.0691957739138869,-0.0842247191879199,0.146856210966109,0.172058316040692,0.195889156426149,-0.193941751946446,0.0689903035762434,0.0729450585459332,0.0469639139509987,0.0260783936889513,-0.0802393207214049,0.0327447877343059,-0.0935488564661671,0.105883321829273,0.13931122713152,-0.0878286380177021,0.116769724425673,0.0199877989132589,0.128010670678604,0.0482411267799691,0.130803186546982,0.164956476851353,0.127644092334013,0.192308882155223,0.12266119580934,-0.0657132930704496,-0.213774578083741,0.210560782842441,0.597704864896622,-0.134860069171663,-0.0893530879656373,0.107650721108032,0.0519650173898163,0.00201705465534697,0.0773850750663433,0.18729853555145,0.106394938629024
"15",0.0688510710938522,-0.00191476791965225,0.039200428909543,0.0802819066670866,0.0141528550083918,0.139915920549696,-0.243675694434325,0.0183223611913969,-0.00512839968646921,0.0807744452679909,-0.072219864633563,-0.0958838290742431,0.110534275667127,-0.224434372666883,1,-0.202415632599046,0.068112484423476,-0.0195226038548667,-0.118264433342272,0.147144086135723,0.14691929107059,0.164183943561646,-0.0827873785658675,-0.125782236425405,-0.136966837102952,0.0595558805510118,0.177200096019238,-0.0561551615113218,-0.0551372971122999,-0.0342696173416057,-0.0471021158032192,-0.110157950959742,0.256267323571687,0.0617468131819176,-0.187531729826122,0.0303103362172494,-0.0174708383915762,-0.177832736969633,-0.0231713751968941,-0.0831448030375689,-0.0121968431115511,-0.1220125376034,0.0933872214833743,-0.0113438575647811,0.0378473779432374,-0.0201823275980422,0.0473123790457899,-0.00420639796963358,0.117302175731739,-0.00406713145294597,0.198733305591759,0.151838420640645,-0.0423705822478701,-0.119793272395817,-0.0837871816116409,-0.0335581988067872,-0.049782081038515,0.153354596912678
"16",0.0749229676171964,0.117190593497937,-0.0760332904354467,-0.108298042534098,0.0833696544215513,0.182851001428059,-0.00525887192014041,-0.0281689239558617,-0.0280449850474622,0.133477159803285,0.15724919394043,0.116593762949898,0.00811008033460592,0.0230993407689491,-0.202415632599046,1,0.025002021699924,0.069970159328864,-0.105829361744552,-0.269771840344915,-0.0375250311862617,0.00095226992350361,0.26145675639422,0.0408712237196405,0.0836951992655044,0.0603045394486754,0.0549990542187525,0.10195233642616,0.0516690373997338,0.131425076009171,-0.0582252177696628,-0.102114352881458,0.00928863677034403,0.0214208345091157,-0.0215619497486869,0.0246111731974521,-0.16153086304834,0.022087492611212,0.174233004148778,-0.0255647118121835,0.0870025736785431,0.167015472696078,-0.175332447688706,0.10812115919901,-0.00227153992946002,0.0279873209951086,0.0580685075207937,0.0459451808414236,0.0554070066886076,0.0584766191555939,0.0554164056499682,-0.0157693486588475,0.044160257884792,0.0154748915893134,0.110619633921206,-0.0164712852245835,0.0447010359145879,-0.0851195486649673
"17",-0.0863892123326512,0.0240296118382429,-0.0857233391108181,-0.24933503458806,-0.0615603642863189,-0.066684328467065,-0.0872803850917242,0.0225280862146249,0.097585995326825,0.0113441342382882,0.0384646530845612,-0.0569489782264138,-0.0612285790508005,-0.00139770945082305,0.068112484423476,0.025002021699924,1,0.190350749236914,0.0790433145977369,-0.0588922957647869,0.159275312571861,0.0484670919150824,-0.157108758432054,0.145113751402733,-0.147006486123652,-0.0168602679138796,0.0145770977158814,0.0642041961614169,-0.0109903292644626,0.0547160959094538,0.152988853720504,0.148764727840263,0.0577827409317153,-0.0334228017897829,-0.0200287013931378,-0.133189577818476,-0.0114163245097688,-0.0270978122860206,-0.0596744853415566,-0.0935961454741485,-0.184700821615082,-0.0225089765620772,-0.107991536418589,-0.145841672809544,0.0190263533819311,0.0114627069548616,-0.0403247893495358,-0.165086123829347,-0.0820936135368291,0.0325478511970789,-0.124325497415853,-0.118932365112615,0.0273476587395194,0.121899513330052,-0.00536627641139345,0.267525597132681,0.108216844129235,-0.0263318939756303
"18",-0.0883584357686514,-0.0887541612208269,-0.102285801525097,-0.176363166524168,-0.0397803467800591,0.0987505257137065,0.0564553184339827,0.229920362417204,-0.0408088745909634,-0.0917966424051091,0.102161723994402,0.087115768506927,0.0712778696105711,0.0425789971506251,-0.0195226038548667,0.069970159328864,0.190350749236914,1,0.222229570627361,-0.0221047766882737,-0.0014963480920863,0.0199790023139663,0.150933277946007,0.286167788197278,-0.0713428160707765,0.00207714955461053,-0.103381275169775,-0.0417541462206511,0.0160119173649321,0.131434130596459,0.0620298954417512,0.199789336464075,-0.0695818190290303,-0.0829870857302695,0.0367031519516211,-0.0721748446662071,0.0337347795634471,0.0794201456134655,-0.0674794298859895,0.126833488162597,-0.065146263425688,0.0485272361394478,0.0183105040865426,-0.0386813408116125,0.00284407830589571,0.0915546848195607,-0.00102838264360733,0.0557257748344951,-0.0858237134216017,0.124439341543708,-0.0976754225032396,-0.196842405826208,0.0149122336549664,-0.00171435927913625,-0.103535106439557,0.0720798382829373,0.206022352648109,-0.0252491037131955
"19",-0.00410404319408242,-0.173116045613718,-0.00906288627428024,-0.147554924827828,-0.109594821448451,0.157523053097444,-0.117223883868057,0.225548884701949,0.006419485757201,-0.187832140683,0.0724112259686045,-0.0262826607049737,0.0437326915499759,0.171670283893706,-0.118264433342272,-0.105829361744552,0.0790433145977369,0.222229570627361,1,0.0136325490077415,-0.0346668934448528,-0.130045973958146,-0.0589333798916312,0.171920749577328,0.280919509903053,0.165748808032402,-0.0604147086233881,-0.252581811284269,0.0542115912577313,0.0945872121014376,0.542507853279765,0.235804020712934,-0.159652050255157,-0.166016309278055,0.261777757092337,0.20269973261815,0.0726067543602622,0.235364842219521,-0.0155879602920254,0.115339925064128,0.0190694762478781,0.169368705405114,0.192864978297466,0.0857961255248107,0.0503394372246855,0.131775160931735,-0.110664436697176,-0.0985805080206449,0.143773831300818,0.228576436135678,-0.0762260226876204,-0.176013158266993,0.0407388485858883,0.0199399811602585,0.00225280919972921,0.00326395161353477,-0.118445575518858,-0.0367118016996488
"20",0.0813065176626281,0.10564714107007,0.217365295411811,0.221083834115695,0.0754332922584521,-0.119409721163598,0.0281488086049823,0.118953785662868,0.15641183124497,0.0158181832750314,-0.0539784381439368,0.0588734881844342,0.0893288410666769,-0.010185384819952,0.147144086135723,-0.269771840344915,-0.0588922957647869,-0.0221047766882737,0.0136325490077415,1,0.211987712219781,-0.0448457541913447,-0.00818522387512486,0.0343403289679396,0.0832332195164362,0.070346906226903,0.0573402169144364,-0.239468970444878,-0.0582469669183415,-0.00907176141636716,-0.111836337468246,0.143122416684797,0.0752511182561833,0.140271780174802,0.326623267618791,0.0248302226929066,0.225345281686043,0.00213186824156105,0.107989365930467,0.137007822215903,0.111869712285581,-0.0579187165383761,-0.0780384522892603,-0.0157544040200657,0.200800828295219,0.120457715806544,0.135510897593018,0.172146808132682,0.0738243552310923,-0.129886718567212,0.156426147781548,-0.0317401935436748,0.249254746868523,-0.0132294675037572,0.0480764658514625,0.121211800868376,-0.150695759688293,-0.00494783286115751
"21",-0.0208484655302253,-0.0291907656551553,0.0552079505301741,0.0998710035437689,-0.18130665742273,0.0164006429112425,0.125425637385893,0.114595139277873,0.178357765396771,0.0105912553203148,-0.117228239652509,0.118175990177878,0.00423464988150596,0.175452405603194,0.14691929107059,-0.0375250311862617,0.159275312571861,-0.0014963480920863,-0.0346668934448528,0.211987712219781,1,0.0773181701146912,0.0756401140946352,-0.0809567226511575,-0.0226573000806212,0.02089040538275,0.0236468028217147,-0.0952813250215768,0.00497832148608998,-0.0642010975397951,-0.0863054076464923,-0.0471174603117941,0.121127867557311,0.0837566494044706,0.158424989845184,0.170383591624039,0.136139577226457,0.078198700118251,-0.0942494341843516,0.157478977236645,0.154339345472364,0.0519252278899638,0.042296071908668,-0.0142323911921843,0.225738812568349,0.169399292953681,0.143105431575898,-0.102294700878842,0.175296858355908,0.23024663708324,-0.0590614226024622,-0.0698645074741398,-0.149139938735161,-0.0274115724525291,0.135692041527501,0.0405614562849556,-0.140706624576152,0.0300473875772166
"22",-0.14439665169306,-0.00460444551968037,-0.0116039082138377,0.0336443589330036,-0.0110153819496507,0.10595450040119,-0.160124157510386,-0.126561732290291,0.0586581858666141,0.128485867995636,0.00132261356112815,0.180333012055636,-0.00551177138321783,0.0691957739138869,0.164183943561646,0.00095226992350361,0.0484670919150824,0.0199790023139663,-0.130045973958146,-0.0448457541913447,0.0773181701146912,1,-0.0916420141052693,0.0913402595511142,0.0414150419386662,0.0139022236031189,-0.0350046436287702,0.164779715013847,0.0437693694593813,-0.00278485266844381,-0.0608416325934498,-0.10654673833395,0.0250887400864273,0.0851131659334607,-0.154060260420329,-0.0207125078890969,-0.203879352373591,-0.0475770595742955,-0.0597686128093192,0.0572376757068458,-0.150536564270988,-0.145463853580467,0.0389365059914201,-0.241907631079308,-0.099447087893967,-0.0955801061695123,-0.0328519911403707,-0.111825443766945,-0.154939916725944,-0.085932893775533,0.0867814050196542,0.0272730840151943,0.0696499243588957,-0.00725920488188391,-0.110465230768045,-0.168504509821823,0.023221920159417,0.00068894965564544
"23",0.0552703461841021,0.0123634754249476,-0.0471443197266729,-0.0399600356190376,-0.0188929527423042,0.159535411465086,0.0773334562381955,0.149462026969871,0.0921525484517035,0.0765475605810612,-0.0229230951707659,0.0388921283798791,-0.0854914674135805,-0.0842247191879199,-0.0827873785658675,0.26145675639422,-0.157108758432054,0.150933277946007,-0.0589333798916311,-0.00818522387512486,0.0756401140946352,-0.0916420141052693,1,0.180023185628414,-0.0752495652574271,-0.156404446345064,0.00710793970730528,0.035784909622803,0.0545913561525326,-0.0167020185038151,-0.015998451453972,0.242328173096385,-0.0858972340279091,-0.0966436652594806,-0.0417030675629196,0.0349837186229534,-0.00167377173137043,-0.0405710159389714,-0.114113026293703,-0.0325146117067256,0.16541505774234,0.107135619137963,0.012478052614437,0.0910189974766388,0.232384705534707,0.400422368021444,0.123351951707416,0.0364024282537992,-0.0575275940059148,-0.0755463996862329,0.0119493533242735,-0.0293775711442841,0.157402841068517,0.0175929803105901,0.140850801897946,-0.0331289377773254,-0.029602703079712,0.165311589605087
"24",-0.00469746565447751,0.127746085711791,-0.154150969738773,0.0131353360041907,0.0511335714218313,0.173328234259532,0.108465124067911,-0.064213429287094,0.282004815022302,0.161678967328003,-0.0580889816593151,0.048162680263086,-0.161050811292856,0.146856210966109,-0.125782236425405,0.0408712237196405,0.145113751402733,0.286167788197278,0.171920749577328,0.0343403289679396,-0.0809567226511575,0.0913402595511143,0.180023185628414,1,-0.21406426834585,-0.0123879748502237,-0.0560858459510895,-0.0374460550875057,0.16099853704771,0.0101857149982475,0.115475907919032,0.161901978971276,-0.0859567898462483,-0.137696981209001,-0.0602683841198548,-0.2333988242421,-0.178245275439618,-0.0610896297920716,-0.126875084788348,0.00384513052180943,-0.0349496003320682,-0.0693056246719077,0.0164232499158634,-0.184843795285839,0.0624521398407793,0.177312817004678,0.0123695352635286,-0.0490742595992345,-0.195307548323636,-0.0609517139719654,0.00343763622834495,-0.00905961569871214,0.206998321975264,0.275941313799977,-0.0317604489840799,0.0865540492811486,0.0910291261600065,0.234009087046303
"25",0.0243302974146434,-0.0388748476086719,0.105625572067911,-0.0890042981332708,0.0642094576484838,0.010738036597377,-0.00952453578278794,0.054527977785516,-0.195498712152956,-0.18413643583942,0.0977175627394453,0.195870716840502,0.223469294927465,0.172058316040692,-0.136966837102952,0.0836951992655044,-0.147006486123652,-0.0713428160707765,0.280919509903053,0.0832332195164363,-0.0226573000806212,0.0414150419386661,-0.0752495652574271,-0.21406426834585,1,0.175897194946547,0.0916911818156131,-0.0502045202414533,-0.0968186683072426,-0.0611536502530632,0.156091244864241,-0.108116048563673,0.0607588937004125,0.0208704278416031,0.103699033603601,0.236699709630545,0.132751230282251,0.185029253424753,0.173345280433176,0.30373175252355,0.209919406862928,0.309976693146701,0.251677987360405,0.0676783997452295,0.0938538001087852,-0.0544559196664077,0.086739570684129,0.269323090466459,0.307724758698281,0.300785870667871,0.00969553893519738,-0.0373484618965397,-0.0918207902813414,-0.107967625977756,0.00484505664973135,0.115137094419994,0.00869061606277243,-0.15776905879386
"26",-0.0184928565183786,0.00173829535813943,0.105052949547408,0.189201724362977,-0.101726516542485,0.0653272662492265,-0.0702073316667703,-0.011039685998279,0.059067637915832,0.0531721022495327,0.0288431738526627,-0.0951817170857912,0.136631974225049,0.195889156426149,0.0595558805510118,0.0603045394486754,-0.0168602679138796,0.00207714955461053,0.165748808032402,0.070346906226903,0.02089040538275,0.0139022236031189,-0.156404446345064,-0.0123879748502237,0.175897194946547,1,0.139583314456852,-0.0365068165301494,0.0249797007806915,0.0188225674681731,0.0297924323087886,-0.00683337374335497,0.0682108131147627,-0.152140687367251,0.0803708204418639,0.172590571869088,-0.0070169912464496,0.194587324521134,-0.0193456422607659,-0.00123611179974987,0.13935635482883,0.0559569268562006,0.104572461494135,0.236855857175322,0.251370020701497,0.184002441375403,0.144960319675921,0.122339301229842,0.217447221465941,0.292562067742633,0.0895070114511853,0.0105803337856962,-0.00867777936248262,0.011719801794382,-0.155343318756344,-0.0836837459050983,0.0509396054507426,0.0415310040645451
"27",0.127311332755612,0.0889580235488312,-0.0556239549242561,-0.0202189270136459,-0.0325479430469055,0.00101961389297072,0.12788776420559,-0.059876331617693,0.142363088670011,0.151647947728455,0.141181527598443,0.0611756705175923,0.0997733773454004,-0.193941751946446,0.177200096019238,0.0549990542187525,0.0145770977158814,-0.103381275169775,-0.0604147086233881,0.0573402169144364,0.0236468028217147,-0.0350046436287702,0.00710793970730528,-0.0560858459510895,0.0916911818156131,0.139583314456852,1,-0.139187435164728,-0.0017775220163549,-0.0366609822887812,-0.0317936203150385,-0.273458290479957,-0.0312320723874,-0.11721288729237,-0.0472250470752734,0.045290319955254,0.0291493984660137,-0.00254841123274708,0.0911280800846894,-0.0244776428605184,0.223999234211303,0.066957077052761,-0.0566490891794386,-0.0240789929760052,-0.062317081720648,-0.0513301012662562,0.133399324757396,0.219787911211857,0.084815400615786,0.0426367067869722,0.277305739750518,0.262843134798496,-0.154070579719487,-0.145629892829356,0.0681713243937505,-0.0607641176202806,-0.0714640599295157,0.0221180010172347
"28",-0.132789902356776,-0.00654286741785595,0.0894679388078359,0.0345607553711607,0.0503514923726483,-0.238575567948591,-0.0940509125631842,-0.065763746707982,-0.171653611066929,0.0753455610297013,-0.0394343296630442,0.0346872756145357,-0.148032206480889,0.0689903035762434,-0.0561551615113218,0.10195233642616,0.0642041961614169,-0.0417541462206511,-0.252581811284269,-0.239468970444878,-0.0952813250215768,0.164779715013847,0.035784909622803,-0.0374460550875057,-0.0502045202414533,-0.0365068165301494,-0.139187435164728,1,0.187613989877134,0.0490293269979927,-0.183202467919665,-0.0982481110911719,-0.00774200321480852,0.117556723015401,-0.158598570838561,0.0979314482116193,-0.114032629795595,-0.0667503127665696,-0.104548646272874,-0.176502559033811,-0.205866818669099,-0.158770486724039,0.120008534286226,0.00130441318311117,0.0536379107396854,-0.0135440608032781,-0.242663665981469,-0.0857071417503343,-0.0317296956374303,0.00102037805488354,-0.326408505463623,-0.297023439391688,0.0129751090314974,0.0396879833782914,-0.0638596424575031,0.0420065113906959,-0.00151903777326259,-0.0671998644573115
"29",-0.207147069020924,-0.0270173322830432,-0.222427457098458,0.0248075574870655,-0.156087058149229,-0.0926651807953524,0.0503157363323298,-0.0849633892548123,-0.0258534987091639,-0.0711051366392983,-0.0305216516565942,-0.208043572178654,-0.0993623940052634,0.0729450585459332,-0.0551372971122999,0.0516690373997338,-0.0109903292644626,0.0160119173649321,0.0542115912577313,-0.0582469669183415,0.00497832148608998,0.0437693694593813,0.0545913561525326,0.16099853704771,-0.0968186683072426,0.0249797007806915,-0.0017775220163549,0.187613989877134,1,0.209449579727735,0.0979993347641334,0.0103178258970647,-0.200666776781049,-0.201915627846959,0.0663881283394986,0.00174322105944968,-0.0151830571765303,-0.0631650486630274,-0.180919454293022,-0.201367827122007,-0.0238543813345801,-0.238878368525996,0.0971890891930162,-0.0429754445605185,0.207220046314286,0.00805555406090091,-0.11413697203706,-0.149371368544778,-0.170617667011765,-0.069493335434317,-0.0642917926368984,-0.0259187386130503,0.00278467769198761,0.111241051872454,-0.0634292756558056,-0.0581935284688386,-0.11000265217635,0.070273034442907
"30",-0.0519086863212143,-0.0693285059659672,-0.109409493247955,0.206696094503628,-0.154197272325944,-0.011716786810654,0.0798525949009165,-0.0447792058457694,-0.180015693260837,-0.130475821872367,0.0296343396950544,-0.0128067088279657,0.193273120762025,0.0469639139509987,-0.0342696173416057,0.131425076009171,0.0547160959094538,0.131434130596459,0.0945872121014376,-0.00907176141636716,-0.0642010975397951,-0.00278485266844381,-0.0167020185038151,0.0101857149982475,-0.0611536502530632,0.0188225674681731,-0.0366609822887812,0.0490293269979927,0.209449579727735,1,-0.0697730789868217,0.0291115216230333,-0.171934800970178,0.00539548903344001,0.224863626334767,-0.0395836427552559,-0.081064931536785,-0.0122710790497726,-0.0275080386711995,-0.0940223443350483,-0.113439766961642,0.0269796788962028,0.0853578607160024,-0.0221318202848762,0.0750180809238704,-0.0622017624800229,-0.110426965984938,0.0131488779778189,0.101754023020892,0.110802450627584,-0.0413119004339261,-0.0373309937427747,0.0216476931942934,0.198339093936109,-0.0823210647188924,0.0576776012391125,-0.0168598761511522,-0.161915888293616
"31",0.0220620344100414,-0.00098761709236709,-0.022550478488608,-0.346424094961486,-0.12774787732541,0.113762088339548,-0.195619481797479,0.0966544735497358,0.0992751028970704,0.0181316214885533,-0.0269631391990115,-0.107998361530743,-0.0171551588736559,0.0260783936889513,-0.0471021158032192,-0.0582252177696628,0.152988853720504,0.0620298954417512,0.542507853279765,-0.111836337468246,-0.0863054076464923,-0.0608416325934498,-0.015998451453972,0.115475907919032,0.156091244864241,0.0297924323087886,-0.0317936203150385,-0.183202467919665,0.0979993347641334,-0.0697730789868217,1,0.205105216366542,-0.115358141977931,-0.190255502048707,0.0688631707126331,0.140787127449108,-0.0165940005665536,0.0191194500468825,-0.122356824748752,-0.0141615053908421,-0.110856777086824,-0.128035083749283,0.0491100547273986,-0.0997010845364421,-0.0487631373976112,0.068309136787133,-0.178452664222152,-0.193612146668242,-0.0583094610954875,-0.044086750048654,-0.0124847868925722,-0.067480357261033,-0.023602037913205,0.0365754106999441,-0.0123402902293297,-0.01573755008971,-0.100554944179659,0.0447520860735314
"32",-0.0328529195935154,-0.153793627737997,-0.0594159793539826,-0.0622535574725622,0.0943942076507623,0.0774772244982169,-0.0658233290761789,0.0943591443904202,0.146379877036372,-0.0795738149600274,-0.260954522627936,-0.124191577138901,-0.12091109933256,-0.0802393207214049,-0.110157950959742,-0.102114352881458,0.148764727840263,0.199789336464075,0.235804020712934,0.143122416684797,-0.0471174603117941,-0.10654673833395,0.242328173096385,0.161901978971276,-0.108116048563673,-0.00683337374335498,-0.273458290479957,-0.0982481110911719,0.0103178258970647,0.0291115216230333,0.205105216366542,1,-0.0885948027184654,-0.0150976679557689,0.141947541128253,-0.144267083267955,0.0960615762269475,-0.0959119342085059,-0.0021243421291984,-0.111253372932882,-0.0310545106315953,-0.151756934667606,0.0624654098872558,0.114251257771293,0.189364012358852,0.167409304982103,0.0509565364590599,-0.0665674947605815,-0.181352105704054,-0.17099444354327,0.00804860836829063,-0.188715950668819,0.25845054723348,0.120125267267808,-0.0906687900240448,-0.186585358093329,0.0811217573053471,-0.112917315834834
"33",0.27253553067617,0.198109539155972,0.0977383325542931,0.0359218551843266,0.0808080387123127,0.0566316139642932,-0.131576264824712,0.0587677750254311,0.0852313036579854,0.155554914955671,-0.00639525116131148,-0.204752466940259,0.235869988956127,0.0327447877343059,0.256267323571687,0.00928863677034403,0.0577827409317153,-0.0695818190290303,-0.159652050255157,0.0752511182561833,0.121127867557311,0.0250887400864273,-0.0858972340279091,-0.0859567898462483,0.0607588937004125,0.0682108131147626,-0.0312320723874,-0.00774200321480852,-0.200666776781049,-0.171934800970178,-0.115358141977931,-0.0885948027184654,1,0.370580256759516,-0.0467622704778467,0.062611814751315,0.1610919955714,0.0108091211852014,0.397371100860447,0.226393160196539,0.157000862290195,0.151854795019018,0.0608575511281975,0.102186927259734,-0.0327979174445628,-0.0154624135723779,0.142491443569142,0.174174491943345,0.226004686602578,0.102473074680468,0.150071450358308,0.153840388534124,-0.0748047396015828,0.0833095897026831,0.0709399853111079,-0.0137904954677626,-0.0799298855420508,0.128957814121765
"34",0.340500625001202,0.217183296462367,-0.0098428145686792,-0.023885799521988,0.198846313305408,0.142749584319807,-0.104552604270056,-0.197537924465512,0.124303588036811,0.109948076647778,0.083155622813528,0.0729647282089537,0.171118885269511,-0.0935488564661671,0.0617468131819176,0.0214208345091158,-0.0334228017897829,-0.0829870857302695,-0.166016309278055,0.140271780174802,0.0837566494044706,0.0851131659334607,-0.0966436652594806,-0.137696981209001,0.0208704278416031,-0.152140687367251,-0.11721288729237,0.117556723015401,-0.201915627846959,0.00539548903344001,-0.190255502048707,-0.0150976679557689,0.370580256759516,1,-0.00040038318997014,0.0610111667910511,-0.0212273593289973,0.0379645695270609,0.227319401224571,0.300938940975986,0.0905241872282829,0.106857498962816,-0.0913139605756861,-0.238035734803468,-0.138082765144692,-0.176985628875411,-0.0708196004206803,0.0511543400168152,0.210049327016036,-0.0155642886549291,0.04139406761925,0.038045070764422,0.00830005756068706,0.0266074078255415,0.139220324876699,-0.0347557767038796,0.0286773482505822,-0.115035172931664
"35",0.0679864324259883,-0.0197643692561285,0.0604341190590631,0.0727596902931784,0.0950317909765529,0.0163676463903432,0.18354478083886,0.172127299073812,0.00538959306284484,-0.168085559162909,0.0593693888399423,-0.0101741522636461,0.0268066041600905,0.105883321829273,-0.187531729826122,-0.0215619497486869,-0.0200287013931378,0.0367031519516211,0.261777757092337,0.326623267618791,0.158424989845184,-0.154060260420329,-0.0417030675629196,-0.0602683841198548,0.103699033603601,0.0803708204418639,-0.0472250470752734,-0.158598570838561,0.0663881283394986,0.224863626334767,0.0688631707126331,0.141947541128253,-0.0467622704778467,-0.00040038318997014,1,0.260073082343244,0.421557548126685,0.151245169478524,0.0896840114766924,0.0587627311808903,0.112266249778581,0.071798746836995,0.124326700435399,0.14589982334401,0.267943446734785,0.0747575262595267,-0.0271829688082397,0.0773828792093017,0.147169545448225,0.0925902288535446,0.00855342647289656,-0.02500810880425,0.147790370455584,0.0528706436113932,-0.0003917069760062,-0.0593117640384808,-0.178926467729471,-0.267712521216548
