"","l_Insular.Cortex","r_Insular.Cortex","l_Amygdal.Area","r_Amygdal.Area","l_Bed.Nucleus.of.the.Stria.Terminalis","r_Bed.Nucleus.of.the.Stria.Terminalis","l_Hippocampus","r_Hippocampus","l_Orbitofrontal.cortex","r_Orbitofrontal.cortex","l_Entorhinal.Cortex","r_Entorhinal.Cortex","l_Frontal.Association.Cortex","r_Frontal.Association.Cortex","l_Globus.Pallidus","r_Globus.Pallidus","l_Glomerular.Layer.of.the.Accessory.Olfactory.Bulb","r_Glomerular.Layer.of.the.Accessory.Olfactory.Bulb","l_Glomerular.Layer.of.the.Olfactory.Bulb","r_Glomerular.Layer.of.the.Olfactory.Bulb","l_Granule.Cell.Level.of.the.Cerebellum","r_Granule.Cell.Level.of.the.Cerebellum","l_Hypothalamic.Region","r_Hypothalamic.Region","l_Entorhinal.Cortex","r_Entorhinal.Cortex","l_Vermix.Molecular.Layer.of.the.Cerebellum","r_Vermix.Molecular.Layer.of.the.Cerebellum","l_Lateral.Molecular.Layer.of.the.Cerebellum","r_Lateral.Molecular.Layer.of.the.Cerebellum","l_Anterior.Olfactory.Bulb","r_Anterior.Olfactory.Bulb","l_Posterior.Olfactory.Bulb","r_Posterior.Olfactory.Bulb","l_Subiculum","r_Subiculum","l_Perirhinal.Area","r_Perirhinal.Area","l_PreLimbic.System","r_PreLimbic.System","l_Primary.Cingular.Cortex","r_Primary.Cingular.Cortex","l_Primary.Motor.Cortex","r_Primary.Motor.Cortex","l_Retrosplenial.Cortex","r_Retrosplenial.Cortex","l_Secondary.Cingular.Cortex","r_Secondary.Cingular.Cortex","l_Secondary.Motor.Cortex","r_Secondary.Motor.Cortex","l_Striatum","r_Striatum","l_Ventral.Tegmental.Area","r_Ventral.Tegmental.Area","l_Substantia.Nigra","r_Substantia.Nigra","l_Thalamus","r_Thalamus"
"1",1,0.0341502203491072,0.00824164391168161,-0.0267117752971098,-0.00475983247125766,0.109485066162541,-0.149139389065882,0.0895428862577161,0.313976731020244,-0.338599376483936,-0.00641302401325497,0.0315945961422066,-0.0420871065636054,-0.158013140262468,0.0897110467513835,-0.0386372910099926,0.0019185730725899,0.0795610903188245,0.136038662474733,-0.00396040035879373,0.149261257756747,0.1697458104059,-0.0249255920010807,-0.0162806005297819,-0.0191505445884538,-0.122936079324988,-0.100211876450783,0.0615683211204507,0.0912980234516316,0.103579604864692,-0.0422185577083357,0.016123569740718,-0.0547469159164407,0.0454152192777146,0.00425204319990905,0.0344206715425649,0.0599945511811161,-0.039850564998152,0.108502173530403,-0.0910989887034361,-0.00143276671819442,0.0588272845755796,0.0826097706593657,-0.115317809853537,-0.0326408303107034,-0.0343359485422265,-0.0408732773661165,0.104291767626335,-0.0321168491244608,-0.0596768786345653,0.0381085808571041,0.260741428707431,0.0380246207125448,0.0994779418826119,0.0520814187811895,0.0909881561246841,0.0291749871599954,0.0344580471928448
"2",0.0341502203491072,1,-0.0734210782209401,0.0276504482891445,-0.148847438063748,-0.0755193672713838,-0.127795644045356,0.0805362133765048,-0.0987039287572854,0.137987722128418,0.109995729015302,0.075769146054302,0.00606752128716363,-0.00236777758303695,0.164788743616711,-0.0155001198975584,0.0667609175758166,-0.00846265151329951,-0.186898918874774,0.0164321488091692,0.0933818722068148,0.0197099772878176,0.0775379278006981,0.0599496325728699,0.0936608619627469,0.164672078573625,-0.041812967679024,-0.149771189837813,-0.106888293707682,-0.0610641982619463,-0.00091412080434835,-0.0546186776811476,0.0765674002899379,0.148975213444992,-0.241972070822203,-0.0839706784437105,0.00225284026940618,-0.0291523785368859,-0.0225190813071788,-0.0602020895858404,-0.147960820916233,0.092281624369049,0.0212415875817762,-0.102897022940119,-0.233199900142057,-0.131482935884107,-0.124053801546813,0.118160513004891,0.0156806027349692,-0.0279778812986422,-0.0423361540577831,0.00946243645321903,0.201104330237372,0.0148282465379441,0.0482626628198723,0.129434150685236,0.0972754205751995,-0.00806140946832754
"3",0.00824164391168161,-0.0734210782209401,1,-0.112660985821263,-0.125889539290934,-0.0143527718683131,-0.0404744627288446,0.0933946859716546,0.0338000546790361,-0.162534923367763,0.17492431095565,0.168795141339925,0.13415301189896,-0.0305404616047791,0.146439549010363,-0.0426462595511741,-0.063898267580158,0.130257935046791,0.0445496667767979,-0.0369934716081591,-0.0648934836463148,0.10119663297548,0.0425821479977205,-0.0590612251139207,0.105843554665239,-0.206483754118924,0.14233530843086,0.0546113057537561,0.0641219125484664,0.0211350985395496,0.308413425720619,-0.11969889568858,0.0507644197574913,-0.0784431062892076,0.171736536227384,-0.174622493673235,-0.0338683090512359,-0.0640517726227443,0.108300000661832,0.174764931916306,0.131456093453348,0.137586610472708,0.00023860649484566,-0.0796340075529014,-0.222649370751717,-0.0816476868518677,0.00059168873412526,-0.0369746576348972,-0.00878804620317908,-0.0144031777832874,0.103963453837403,-0.196951157927201,0.0290820386238273,-0.0217429645171953,-0.234188212136949,-0.0184382983958301,0.0552241093031292,0.134634940441808
"4",-0.0267117752971098,0.0276504482891445,-0.112660985821263,1,0.0711462419279393,-9.7220573887489e-05,0.0102919637700223,-0.204687807561701,0.0196693231915742,0.0277490672306275,-0.0946796185610067,-0.0488696864446179,-0.076358375343096,0.0947606426188126,0.0567261500343948,-0.129335751672635,-0.127600248948856,-0.0607001205981543,0.164774287235916,0.00750925992058041,0.139207375735045,-0.09750685427216,0.160284121930701,-0.0470928985037191,0.0966452595111328,0.16975910266659,0.151481357545012,-0.0874427904300864,-0.0507555882516184,0.0135299392744039,-0.0627033240199091,-0.0642367582181512,-0.0180628433688133,-0.0624226390665,-0.0204994410989663,-0.0628711993510646,0.111493897280117,0.120561716730128,0.0240153760439345,-0.0305698566556697,0.0783906838976721,-0.0700158789979289,-0.133678985895144,-0.115222251597196,0.191148292375915,0.0370522235463258,-0.043596016559353,-0.0666047607510194,-0.146655208907436,0.0260238593630107,-0.178614193255295,0.00992290792740376,-0.0358656162876075,-0.133995912360432,-0.108943524551623,0.0531197448455909,0.106104590301412,0.11565686919897
"5",-0.00475983247125766,-0.148847438063748,-0.125889539290934,0.0711462419279393,1,0.149247065835073,-0.0673390196139843,-0.187577488869413,0.0651422721178774,0.0190668264883193,0.0226838727470329,0.0315492251721103,0.0895098868417601,0.104338989863663,0.0666910830387168,0.078581960444791,0.166034433912605,-0.077690162964521,-0.138312341895337,0.125129562397144,0.0927526290773242,-0.0645087911245577,-0.0528046009688624,-0.138215576365622,-0.0281298777089703,-0.18534037316483,-0.153072034633391,0.0566045130501981,-0.0682085216182644,-0.0351081226488667,-0.248512201618756,-0.0640819961382196,0.0635569910124108,0.00419776162732385,0.123852175996977,-0.0889332831769885,0.0633817088198483,0.00108856029636012,0.0276446171986193,-0.0388335511060096,-0.0392630180253561,0.0001495791255076,-0.0901585359729141,0.00943001391144485,-0.0600438187623723,-0.20462785875534,-0.165701610850147,-0.0135917834296225,-0.0191891277461243,0.016610352015562,0.0921435236592121,0.111598832495927,-0.188128197025716,0.0963967357040033,0.225264136072388,0.123039176400132,0.150265400228009,-0.0375053765697453
"6",0.109485066162541,-0.0755193672713837,-0.0143527718683131,-9.7220573887489e-05,0.149247065835073,1,0.0749651232148688,-0.0282132493754534,-0.145633277675711,-0.0167371829068293,0.0364402937327225,0.09355050525155,-0.18395830070545,0.110228168226089,-0.028864246849805,0.112585951534605,-0.051158810886575,-0.0642509139678663,0.137040927387185,-0.0344494653981644,-0.142825951221806,0.0032387092265391,-0.0853988567949912,-0.0745507584895142,-0.078439715792214,0.0139643181200019,-0.042221308296039,0.170311932188397,0.141069280768803,0.00675504392516278,0.19892372946129,-0.155888624762973,0.118898179025953,0.0655854498228673,-0.0527927519342305,-0.134478639634957,-0.146023626768314,0.00385002376015558,-0.14128463986346,-0.130958460256451,-0.0902115198721299,-0.0807471843634698,-0.12267184564049,-0.0456787623132897,0.0568261380261008,0.0564700647197702,0.130300477571515,0.0313960304464137,-0.0546147200379197,-0.0505800547140084,0.168459381998391,0.0189159195976353,-0.111406335338636,-0.079137748152199,-0.0204721989786554,0.19522700825388,0.00667195963954574,0.0505047403691361
"7",-0.149139389065882,-0.127795644045356,-0.0404744627288446,0.0102919637700223,-0.0673390196139843,0.0749651232148688,1,0.00128472739504596,-0.0374758296141598,0.0324313185263104,-0.0991422208164233,0.10457798024398,-0.123716093388778,0.0496562726786312,-0.0347513548815456,0.132899295552585,-0.00984130758590732,0.0871132658042308,0.171202505508837,-0.107147498957589,-0.270806680055218,-0.0314513411970276,-0.0648421119167305,-0.0135325737689655,0.0298697694018176,-0.00161865710142185,-0.0373228810767057,-0.0143325422968275,0.08161376867539,0.146863861661913,-0.0193906628517935,0.00149603495650892,0.0352562900057487,0.0622073377195111,0.0885206993672026,-0.0526852188516477,0.0373085698905102,-0.0302326502281919,-0.0251057254038004,-0.0695583642811669,0.100550091164908,-0.116275270891925,0.0229616086096654,-0.0431440111855663,0.0462384613329049,0.00027148888526587,-0.020217950600787,-0.12653211246206,0.108145439171929,0.13895761533361,-0.116999334617609,-0.0475029516787954,-0.133807403017197,-0.274105391389433,-0.092070029487125,0.0416916918661109,-0.253505714761836,0.116577258580929
"8",0.0895428862577161,0.0805362133765048,0.0933946859716546,-0.204687807561701,-0.187577488869413,-0.0282132493754534,0.00128472739504596,1,-0.111974421045267,-0.16416272111513,0.014350542179692,0.0402016873187526,0.0735479477301767,-0.038935160039065,0.0454563861178454,0.0129494380113009,0.0327978617887861,0.195603136980521,0.0231696883587112,0.0756970292215571,-0.0182776129753521,0.0638700864619629,-0.0234631916326321,-0.0237607291592247,0.0968840635146018,-0.0523645056220596,-0.00250140976454232,-0.170300103463085,0.0450077855973961,0.202324182866282,0.0211129009642844,0.139443892599779,-0.190375061811493,0.047813406327961,0.0199265920228608,0.173578449547726,-0.228542014832628,-0.00538884109633446,0.0274430760448589,-0.0583808513509455,-0.0644585873891091,-0.100302250156018,0.101064550793451,-0.0279652900627258,0.151046468163164,-0.0140210032264513,0.0413089325122472,0.00683940223925336,0.158719556939273,-0.0427382451672676,-0.06997776516149,0.0460606253884131,0.151133757870191,0.114715095030135,-0.05366919293736,-0.113266973574743,-0.0813272949692661,-0.0137516168406419
"9",0.313976731020244,-0.0987039287572854,0.0338000546790361,0.0196693231915742,0.0651422721178774,-0.145633277675711,-0.0374758296141598,-0.111974421045266,1,-0.205741542669059,-0.0566966074971277,-0.0650025958250088,0.0959199446982954,-0.14876058212138,0.0445898317262351,-0.0860936279511537,0.138940703744701,-0.0831097894618322,0.0439363846574155,-0.0334264430822001,0.0811228781625754,0.109144561114512,-0.0129996436720444,-0.0640941112749212,-0.12900420214209,-0.196005451897086,-0.0319771006993811,0.0417872478235429,0.212292429078597,0.160158359238532,-0.00104854207117084,0.0290648250785582,0.0107476864198661,0.00527796603052426,-0.0781983283343168,-0.0569454401520178,0.143275699110076,0.0541435144044688,0.115530552962273,-0.0374251982167971,-0.0912492019219161,-0.112692162769415,0.0117105379571744,-0.0729153781040566,-0.0891962756974853,0.168141465758158,-0.175937098600306,-0.22773414949485,0.013045302957818,-0.16227616537949,0.0932000901273377,0.0949906907808465,-0.0372616609432915,0.0688245001119308,-0.021148681358537,0.0400613143882447,0.0535853709113139,-0.0366355189436897
"10",-0.338599376483936,0.137987722128418,-0.162534923367763,0.0277490672306275,0.0190668264883193,-0.0167371829068293,0.0324313185263104,-0.16416272111513,-0.205741542669059,1,-0.0336280795337218,-0.189085829639651,0.134477528751409,0.226084773875833,0.0997763018317419,0.0395782752728484,0.10618730529102,-0.116719814602298,-0.13932707868254,-0.00158412118195331,-0.169429062021688,0.0238575444889202,0.0166397242398577,0.0530857447419005,-0.0636578547915251,0.0491133938650938,0.121913671085908,-0.106418789312165,-0.0521463669635659,-0.319690035906926,-0.00425106663492637,0.138562912592591,0.0139561715159508,-0.0510003091877132,-0.0763134407359796,-0.0461004924013612,-0.058570108616925,0.0108036912128419,0.0619318855754076,-0.0375954383882644,0.076188921210446,0.0780163524872138,-0.0540329247641389,0.22599950586346,-0.0349572571907252,0.14833217918067,0.192969037371045,-0.0176150407721766,0.182175534912181,0.162112539218937,0.0349371610616221,0.00193724218053601,0.0511636286248483,0.106582335772342,0.00011691640399541,0.0315690736577805,0.100159765208503,0.166268532129302
"11",-0.00641302401325497,0.109995729015302,0.17492431095565,-0.0946796185610067,0.0226838727470329,0.0364402937327225,-0.0991422208164233,0.014350542179692,-0.0566966074971277,-0.0336280795337218,1,0.109483179139507,0.142076328753198,0.0125885203272659,0.0236630651779853,0.120034352963595,0.109937249449441,0.109363370155433,-0.0667605767500415,-0.0489440717988939,0.0458530670219876,-0.00669090548307839,-0.0305652679802863,-0.186601405129254,-0.0216742887594397,-0.0501739814408431,0.161633641701512,-0.143713638858838,-0.00048708625806017,-0.0949847772416973,-0.130289619887638,-0.167535185130523,0.129596973182767,0.0712245432943199,0.10149013884302,-0.119111742997505,0.0829595780926536,-0.163453457930416,-0.0863970949184503,-0.114799967490799,0.125062014534097,0.214372574175067,0.187699579834417,-0.115143211110168,-0.00982203096950227,-0.0361261469398517,0.0851801021315816,0.0154876836180989,0.0566781197417073,-0.0357814568333022,0.0778314318604014,-0.145579824789983,-0.0146549092449528,0.122856591664131,0.00901535643514241,-0.0150256443984853,0.104754500790839,-0.0957811564841154
"12",0.0315945961422066,0.075769146054302,0.168795141339925,-0.0488696864446179,0.0315492251721103,0.09355050525155,0.10457798024398,0.0402016873187526,-0.0650025958250088,-0.189085829639651,0.109483179139507,1,-0.058818428550404,-0.087788655182209,0.0620209485219325,0.0443871493956684,-0.0569478997981717,0.0424892211068197,0.190521402888669,0.0207367452324329,-0.0796189989428988,-0.044256768836433,-0.150867820270154,-0.110917533078463,-0.00255027562995161,-0.0219848995182189,0.0772875164017497,0.173812999650364,-0.0512358476910281,0.137626397303322,-0.0795515202146615,-0.0588216406671459,-0.0353892716411794,0.00969985908065433,-0.133593727333973,-0.0377362285497218,-0.0226309639005541,-0.0701410156742226,0.0755588894240172,0.00499987252838878,-0.0598643486422552,0.00333720296424177,0.0568370459901234,-0.19553571842593,-0.0424703706117506,0.0359960775289016,0.0761997488540208,0.0864493614664165,-0.0156600715654319,-0.033907694573808,-0.0939358445750365,-0.058598955428373,0.194150181836266,-0.0780869154898277,-0.176476775115752,0.113083968421542,0.0739995930424866,0.0423760470908911
"13",-0.0420871065636054,0.00606752128716363,0.13415301189896,-0.076358375343096,0.0895098868417601,-0.18395830070545,-0.123716093388778,0.0735479477301767,0.0959199446982954,0.134477528751409,0.142076328753198,-0.058818428550404,1,0.18496527517539,0.0602607333483313,0.0887961141897129,0.16941265601189,-0.210200940198465,-0.246212343468227,0.15449018483063,-0.0115339611754602,0.00520532736886388,-0.0563035739027099,0.035898742215773,0.0798492457288287,-0.0590377762614515,0.0300318492657105,-0.214762892541241,-0.0491864429071408,-0.0386297866197166,-0.119544777714764,0.101708338958859,0.0957050973600962,-0.0251554349008049,0.0702236301856783,0.142125609335554,0.216825955071843,0.0421647870261659,0.182024706615006,-0.0409970671529185,0.289115071859897,0.265251355436689,0.0200657005773422,0.0342959886061912,-0.131548593321846,0.103151068688493,0.135129354423072,0.0660536535399496,0.518264294191976,0.104816228198665,0.0166731364910687,-0.214331846049502,-0.00283270942115506,0.0286379195587424,0.0842706437416211,-0.121841121040919,0.0362593605304324,0.0378212709259212
"14",-0.158013140262468,-0.00236777758303695,-0.0305404616047791,0.0947606426188126,0.104338989863663,0.110228168226089,0.0496562726786312,-0.038935160039065,-0.14876058212138,0.226084773875833,0.0125885203272659,-0.087788655182209,0.18496527517539,1,-0.0469367132757421,-0.033560136055237,0.0590555741892961,-0.0534464733326406,-0.0471703327354206,-0.0846967263417392,0.0107778377783201,-0.05686748631489,-0.0951531867292754,0.108455525855881,-0.0318633767170839,-0.0130730565721519,0.0593444843102936,0.0303624071486439,0.0918873638460979,0.0575662948179243,-0.0633363934586209,0.0672587684931651,0.028886170933623,0.0771506417323984,-0.0299842211457447,-0.0370243160861044,0.103885485349454,0.130047867616405,-0.0302306240194497,-0.148401309449479,0.186670685897017,0.0772846515151615,-0.00671569256319266,0.165293022965727,0.0283327724048574,-0.0101217885960591,0.0668404860551581,-0.00165375292042636,0.2653708719306,0.533362960590078,0.0420315615253367,0.00604917520206267,0.0230835076704741,-0.059217048349084,0.0966498646072126,0.0212497103086742,0.225814698938311,-0.0252948443275486
"15",0.0897110467513835,0.164788743616711,0.146439549010363,0.0567261500343948,0.0666910830387168,-0.028864246849805,-0.0347513548815456,0.0454563861178454,0.0445898317262351,0.0997763018317419,0.0236630651779853,0.0620209485219325,0.0602607333483313,-0.0469367132757421,1,0.189052911054063,-0.0609115542335498,0.0570202307191598,-0.205904435724838,-0.0394352069489845,-0.0824664041265178,-0.208022348071869,-0.0994297969427223,-0.253869145766986,-0.0202296936674524,0.0129237732879567,0.111544124722309,-0.18359555346562,0.00629045722267,0.0460883109656494,0.122179456255021,-0.0429883502909909,0.0453954635292275,-0.00952187373735996,-0.0199171724726089,-0.0210632070857437,0.0418650854373527,-0.130812700537556,0.121182324077248,-0.0920294122448649,-0.0579361674327156,-0.0629702784572804,-0.0610167244135135,-0.0294407474954053,-0.166093809071717,-0.10385394794952,0.0699904317954108,0.0526329395259829,0.00655971492693416,0.0688455215910509,-0.0794730048101471,0.0170809567392266,0.0123921579327988,0.0598817710441231,-0.116167505613909,0.0981484256667122,0.0723753595009559,0.0780442745803601
"16",-0.0386372910099926,-0.0155001198975584,-0.0426462595511741,-0.129335751672635,0.078581960444791,0.112585951534605,0.132899295552585,0.0129494380113009,-0.0860936279511537,0.0395782752728484,0.120034352963595,0.0443871493956684,0.0887961141897129,-0.033560136055237,0.189052911054063,1,-0.0217761050493116,-0.0461075394510432,-0.0272573141472489,-0.220936493984801,-0.037157223866408,-0.0497782532352766,-0.0957523029766224,-0.135506391178032,-0.240152567860065,0.112056938780287,-0.0479861687185554,-0.0932884619099077,0.0267924476610149,-0.0406549390214468,0.0496063120476813,-0.220612552883687,0.191275448196834,-0.00720037594786779,-0.166240106529028,-0.0989340269387167,0.0350464138273354,-0.168843138081752,-0.0158577257067485,-0.046040721824863,0.062954342149651,-0.042734153029798,0.0155081844325618,-0.208045605712522,-0.0438160057514759,-0.0101968792327394,-0.0295428333341483,-0.0288244458437731,0.165581931995265,0.0491023322492938,-0.0101716572029634,-0.0419214278781912,0.0265669321216742,0.083893024728734,0.0695876408141129,-0.112967407897794,-0.101105603364598,-0.039262260485426
"17",0.0019185730725899,0.0667609175758166,-0.063898267580158,-0.127600248948856,0.166034433912605,-0.051158810886575,-0.00984130758590732,0.0327978617887861,0.138940703744701,0.10618730529102,0.109937249449441,-0.0569478997981717,0.16941265601189,0.0590555741892961,-0.0609115542335498,-0.0217761050493116,1,-0.0185921624640815,-0.126091874370628,0.0195007811926264,0.0411418010591681,0.154075916287889,-0.168035347792093,0.0926431551302598,0.0343595949774963,-0.084450584580771,-0.0192497738348504,0.0856016772814226,0.0952820894216193,0.0452538959240021,0.0918290933689935,-0.0510355989418102,-0.0560910396856545,0.197185116221669,0.0723712717599184,0.0439323945364525,0.132700720710022,-0.00359444922424317,0.0880514820062541,-0.201932940217897,-0.178729074461762,-0.127066391221977,0.112511306601962,0.0708357866128566,-0.140014666531714,0.0975152431335247,-0.118844020178861,-0.00101144714568682,0.249842783974277,-0.190598360623025,0.121782014100997,-0.0423893813499377,0.129280940892854,0.231942910909337,-0.0219785313574318,-0.0405876047528786,-0.0558938794644726,-0.105816345915163
"18",0.0795610903188246,-0.00846265151329951,0.130257935046791,-0.0607001205981543,-0.077690162964521,-0.0642509139678663,0.0871132658042307,0.195603136980521,-0.0831097894618322,-0.116719814602298,0.109363370155433,0.0424892211068197,-0.210200940198465,-0.0534464733326406,0.0570202307191598,-0.0461075394510432,-0.0185921624640815,1,0.0343371102735619,-0.0867598585860479,-0.108541698396053,0.0480851524043176,0.110838868092059,-0.0497179042430557,-0.14175823175421,-0.116696279328609,-0.0708445507296919,0.0670507369469689,-0.00108641072637645,-0.0064641682261101,0.109256395552788,0.121152041876226,-0.205347796233332,0.217572630921322,0.155143826508374,0.0646431972451886,-0.039925794866675,-0.0568033824879293,-0.0477930857277039,0.0241618315399055,-0.0440503201684517,-0.184704784962226,-0.0129105195460116,0.0582343647911466,0.134341547183945,-0.234951800658373,-0.0708649680385987,-0.0239029959190265,-0.0480154660008058,0.0286874690529882,-0.176597535081193,0.0588192217779823,-0.0615647811885723,-0.124549795854664,-0.146749498848946,0.0749775076963377,-0.055149585914269,0.133265826426692
"19",0.136038662474733,-0.186898918874774,0.0445496667767979,0.164774287235916,-0.138312341895337,0.137040927387185,0.171202505508837,0.0231696883587112,0.0439363846574155,-0.13932707868254,-0.0667605767500415,0.190521402888669,-0.246212343468227,-0.0471703327354206,-0.205904435724838,-0.0272573141472489,-0.126091874370628,0.0343371102735619,1,-0.123459633240372,-0.137796573040064,0.0726486700746079,0.0417388316634783,-0.0334370951636859,0.0223677176583113,-0.0380731764492918,0.0330841490565193,0.122241866717215,0.0457663664004885,0.168927621772804,0.193347000181757,-0.0466398099634805,-0.0758258715629014,0.0117064676044376,0.106352207683236,0.0966931117742695,0.0145477196183502,-0.187569215736491,-0.00366125207905916,0.16696800022972,-0.107505180993253,-0.0710018771806254,-0.0666849748748503,0.0714757266589855,0.212299417607068,0.233370635720905,-0.0990339320266017,-0.136555913875143,-0.122113561374386,-0.00247048658503365,-0.157307377108047,0.110144872631631,-0.0843096520808931,-0.265656871006221,-0.236846477901141,0.0745742726854824,-0.131586934960496,0.0281613162450384
"20",-0.00396040035879373,0.0164321488091692,-0.0369934716081591,0.00750925992058041,0.125129562397144,-0.0344494653981644,-0.107147498957589,0.0756970292215571,-0.0334264430822001,-0.00158412118195331,-0.0489440717988939,0.0207367452324329,0.15449018483063,-0.0846967263417392,-0.0394352069489845,-0.220936493984801,0.0195007811926264,-0.086759858586048,-0.123459633240372,1,0.116031417635238,-0.0878468655254544,-0.0263006981401794,0.0564438597961594,0.0762831298693106,-0.0939524966709593,-0.134917350515877,0.028795264359723,-0.0588566177627675,-0.0802497391233073,-0.226468551742606,0.282022849483097,0.0486210895615687,0.0906328294795824,-0.0386266638553462,0.135886109434146,-0.203160326678726,-0.0805576271153358,0.0175200157346373,0.0956010996115544,-0.00342464463265099,0.188764989757725,-0.167678736105024,0.018759872056977,-0.102824082611979,0.0273263667904884,0.0823420972533755,0.173584645244722,-0.0491455026381902,0.0278367482095419,0.00056505364799342,-0.0185149338624324,-0.0797458341830515,0.0231523900242916,-0.0341072848496532,0.237316149525073,-0.0342502483733918,-0.0442920777186689
"21",0.149261257756747,0.0933818722068148,-0.0648934836463148,0.139207375735045,0.0927526290773242,-0.142825951221806,-0.270806680055218,-0.0182776129753521,0.0811228781625754,-0.169429062021688,0.0458530670219876,-0.0796189989428988,-0.0115339611754602,0.0107778377783201,-0.0824664041265178,-0.037157223866408,0.0411418010591681,-0.108541698396053,-0.137796573040064,0.116031417635238,1,-0.0480031081983577,0.0436002761919344,-0.0772652055620998,0.00592947204290298,0.0265074769928067,0.137808166970958,-0.111514939386228,-0.023683254426762,0.00143195036666564,-0.0896173636058619,0.018689438365035,0.119539335639189,0.00677447150518612,-0.115719702695931,0.00382959823678209,-0.0771554542056841,0.0309898714458663,-0.0657375539811215,-0.181318238038088,0.185760130449132,0.0203821972260318,-0.0792854109701981,-0.195192982927072,0.071307404773846,-0.0330206981243638,-0.0270674553441614,0.0984405378046271,0.0138548784416838,-0.0326621757899172,-0.0104879235673759,0.0321424600754483,0.0715865699016343,0.189956380805072,0.0624610996594756,0.214195726330899,0.177552502955224,-0.299688436712189
"22",0.1697458104059,0.0197099772878176,0.10119663297548,-0.09750685427216,-0.0645087911245577,0.0032387092265391,-0.0314513411970276,0.0638700864619629,0.109144561114512,0.0238575444889202,-0.00669090548307839,-0.044256768836433,0.00520532736886388,-0.05686748631489,-0.208022348071869,-0.0497782532352766,0.154075916287889,0.0480851524043176,0.0726486700746079,-0.0878468655254544,-0.0480031081983577,1,0.025632876953021,0.050969051189425,-0.125764681938507,0.154669481493176,-0.0471197126026877,0.170748419769579,0.184369983018829,0.0286216572743399,0.110585017718661,-0.0176076228314919,-0.16446211354336,0.202367675611716,-0.00576184203415711,-0.184433366791745,-0.0640620646825161,-0.0635730484396118,-0.0268467822139539,-0.0125370468350607,0.0358628596251198,-0.0719089421185823,0.110746188028755,-0.00797049811459468,-0.0322003065352268,-0.16902983742293,-0.019138703086217,-0.0484073387906922,0.0387655598763858,-0.111502760276256,0.205969235781361,0.112993237820585,0.141959678690823,-0.0556716376798708,0.136210070417127,-0.228396334451888,-0.0538649713220422,0.0840333381834102
"23",-0.0249255920010807,0.0775379278006981,0.0425821479977205,0.160284121930701,-0.0528046009688624,-0.0853988567949912,-0.0648421119167305,-0.0234631916326321,-0.0129996436720444,0.0166397242398577,-0.0305652679802863,-0.150867820270154,-0.0563035739027099,-0.0951531867292754,-0.0994297969427223,-0.0957523029766224,-0.168035347792093,0.110838868092059,0.0417388316634783,-0.0263006981401794,0.0436002761919344,0.025632876953021,1,-0.10560687393313,0.0311825991054585,-0.0756889054718224,-0.069053617460837,-0.203572093029122,0.087648497194181,0.0091989168253664,0.0374762220133611,0.0433930110440449,-0.12645106483311,0.00916139262603252,-0.0108076787571896,-0.0507220312232848,0.0976768607919994,-0.0328673589354518,-0.100178971116927,0.0761810325327635,0.0456824714110547,0.0506590825072761,-0.0309959829464541,-0.00719738484905618,-0.0360105377841122,-0.0676169906193993,-0.230317572753811,-0.118319061619948,0.0207194793209047,0.128310435127917,0.077706389358466,-0.00019786771084575,-0.0223140634593372,-0.0557102692892279,-0.0549119054214855,0.0101498309085853,-0.112402840652775,0.197123611252502
"24",-0.0162806005297819,0.0599496325728699,-0.0590612251139206,-0.0470928985037191,-0.138215576365622,-0.0745507584895142,-0.0135325737689655,-0.0237607291592247,-0.0640941112749212,0.0530857447419004,-0.186601405129254,-0.110917533078463,0.035898742215773,0.108455525855881,-0.253869145766986,-0.135506391178033,0.0926431551302598,-0.0497179042430557,-0.0334370951636859,0.0564438597961594,-0.0772652055620998,0.050969051189425,-0.10560687393313,1,0.246640163031468,0.0676840289531307,-0.0316393562706369,-0.0380321180467138,0.0317532670738203,-0.130658167343985,0.00103418249229159,0.0947938718228797,-0.0498589151398579,-0.0496470798874398,-0.096103711170107,0.0581588083779273,0.0408078332229763,0.331929813937066,0.0652620773417114,-0.0239815820045236,-0.0124236617712267,0.212222779829597,0.0874114355946797,0.128176258647331,-0.0996500690722728,0.139296634466057,0.100478789804494,0.00319893825294327,0.0837329547439561,0.114978918690034,-0.0424598130702737,0.0688490569657751,0.0277356127652866,0.0152366111041175,-0.0395940888240776,-0.134355644231986,-0.10867478224248,0.113143169493413
"25",-0.0191505445884538,0.0936608619627469,0.105843554665239,0.0966452595111328,-0.0281298777089703,-0.078439715792214,0.0298697694018176,0.0968840635146018,-0.12900420214209,-0.0636578547915251,-0.0216742887594397,-0.00255027562995161,0.0798492457288287,-0.0318633767170839,-0.0202296936674524,-0.240152567860065,0.0343595949774963,-0.14175823175421,0.0223677176583113,0.0762831298693106,0.00592947204290298,-0.125764681938507,0.0311825991054585,0.246640163031468,1,-0.02638306964059,0.0585750491793431,-0.0310866627439611,0.0226347085347041,0.13135883372145,0.011042506301211,-0.0541981383397162,0.0272529796869111,-0.0560770858206918,0.258378239788034,-0.0297706260409988,0.158486656162001,0.181496571426257,-0.135029704282638,0.107271434867142,-0.00394312749192799,0.0479446532702206,0.0661807346078369,-0.0425314030391937,0.0828071925634859,0.107814381660994,0.0580733417358134,0.0611653486290022,0.0202613059528379,0.0508174297519066,0.181242968988395,-0.0941555953947438,-0.0390537505102236,-0.0630500643155681,-0.0831010431795433,0.00034504265635681,-0.0713824562234088,-0.0167587244327546
"26",-0.122936079324988,0.164672078573625,-0.206483754118924,0.16975910266659,-0.18534037316483,0.0139643181200019,-0.00161865710142184,-0.0523645056220596,-0.196005451897086,0.0491133938650938,-0.0501739814408431,-0.0219848995182189,-0.0590377762614515,-0.0130730565721519,0.0129237732879567,0.112056938780287,-0.084450584580771,-0.116696279328609,-0.0380731764492918,-0.0939524966709593,0.0265074769928067,0.154669481493176,-0.0756889054718224,0.0676840289531307,-0.02638306964059,1,0.106434267622709,-0.0156247911677838,-0.165250316246738,-0.111566403433427,0.0303206234542913,-0.163601810529436,0.0506445234738601,0.112166173663832,-0.0828688556607654,-0.00217957387703979,-0.0884924194902755,0.14559196357757,-0.0709392036450621,0.119469007779753,0.0218529783327912,0.0024691095414177,0.0447189243570695,0.065075566234372,0.140145123463825,0.0428496150903651,-0.0416270665946728,0.0216226132706198,-0.0621570507426212,-0.0112736122778322,-0.0121423237469567,0.156271811387511,0.161598126823902,0.012225978232592,-0.0211687640570962,0.0061523447201731,-0.0174287135316269,-0.0437901641239465
"27",-0.100211876450783,-0.041812967679024,0.14233530843086,0.151481357545012,-0.153072034633391,-0.042221308296039,-0.0373228810767057,-0.00250140976454232,-0.0319771006993811,0.121913671085908,0.161633641701512,0.0772875164017497,0.0300318492657105,0.0593444843102936,0.111544124722309,-0.0479861687185554,-0.0192497738348504,-0.0708445507296919,0.0330841490565193,-0.134917350515877,0.137808166970958,-0.0471197126026877,-0.069053617460837,-0.0316393562706369,0.0585750491793431,0.106434267622709,1,0.185969231939702,-0.0671317607536909,0.0686685151383014,0.00532633978592606,-0.0756979150375912,0.124673926652567,0.0400434698484899,0.0727454525044738,0.102115035200723,-0.159259686062276,0.0683418737808237,0.0768390504412276,-0.0166056139266529,0.148806929239712,-0.111672065515442,0.0735843047987374,-0.0292063742892802,0.0992987003542161,0.143264330401843,0.0728492937638689,-0.0410575916125255,-0.0759459446941671,-0.047925288293275,-0.0531793376178108,-0.0672708152951813,0.145796473294653,0.187092374363033,-0.08065376267498,-0.101997582680292,0.0349327984554014,-0.0182513811443424
"28",0.0615683211204507,-0.149771189837813,0.0546113057537561,-0.0874427904300864,0.0566045130501981,0.170311932188397,-0.0143325422968275,-0.170300103463085,0.0417872478235428,-0.106418789312165,-0.143713638858838,0.173812999650364,-0.214762892541241,0.0303624071486439,-0.18359555346562,-0.0932884619099077,0.0856016772814226,0.0670507369469689,0.122241866717215,0.028795264359723,-0.111514939386228,0.170748419769579,-0.203572093029122,-0.0380321180467138,-0.0310866627439611,-0.0156247911677838,0.185969231939702,1,0.1217875663219,0.103066770170316,0.0102141867590714,-0.125159317610131,0.067187206080254,0.12609207759375,0.0287588711803053,0.0671522409151798,-0.0657013472465565,-0.0590548189361741,-0.00912446392141921,0.19088422545612,-0.18130351888971,-0.282487019370549,-0.00680336812285054,-0.00549732100204476,-0.0646069287506991,0.00555958237535971,-0.0792047985087524,0.00115922945169177,-0.330066687473611,-0.234064119115712,0.143736118273015,0.161086926025271,-0.00026510057008882,-0.0588944604233335,0.0239862748843393,-0.019190046537246,-0.0196431836971756,-0.0398648650969951
"29",0.0912980234516316,-0.106888293707682,0.0641219125484664,-0.0507555882516184,-0.0682085216182644,0.141069280768803,0.08161376867539,0.0450077855973961,0.212292429078597,-0.0521463669635659,-0.00048708625806017,-0.0512358476910281,-0.0491864429071408,0.0918873638460979,0.00629045722267,0.0267924476610149,0.0952820894216193,-0.00108641072637645,0.0457663664004885,-0.0588566177627675,-0.023683254426762,0.184369983018829,0.087648497194181,0.0317532670738203,0.0226347085347041,-0.165250316246738,-0.0671317607536909,0.1217875663219,1,0.0229467607257721,-0.0205218294264489,0.100334080226675,0.0111932908647859,0.0325892424726172,-0.162358970065817,-0.176402396416139,0.0209211281766125,-0.0962297621062516,0.0695786220634376,-0.187364588790611,-0.302410637957362,-0.203063335318299,-0.1690198351325,-0.110480735569276,-0.220168946508497,0.045813850085036,0.0113833722881145,-0.202168352465795,-0.0770741750864721,-0.0714494367066715,0.208638667371771,-0.0975955814627178,-0.0138703673603824,-0.15807344000073,-0.0376251605896069,-0.103927247407376,-0.0409694072800836,-0.171497112995119
"30",0.103579604864692,-0.0610641982619463,0.0211350985395496,0.0135299392744039,-0.0351081226488667,0.00675504392516278,0.146863861661913,0.202324182866282,0.160158359238532,-0.319690035906926,-0.0949847772416973,0.137626397303322,-0.0386297866197165,0.0575662948179243,0.0460883109656494,-0.0406549390214468,0.0452538959240021,-0.0064641682261101,0.168927621772804,-0.0802497391233073,0.00143195036666564,0.0286216572743399,0.0091989168253664,-0.130658167343985,0.13135883372145,-0.111566403433427,0.0686685151383014,0.103066770170315,0.0229467607257721,1,0.00969834645664186,-0.0343491884930951,-0.111564263033733,0.0100136933861119,0.109217870544758,0.205319509622505,-0.108694926154175,0.0528303358872523,-0.0885477913561552,-0.0262923883594416,-0.0303489708990177,-0.13878031995829,0.0963157597021895,0.0178621967632748,0.120094848883012,-0.0450930354972272,-0.134413190683105,-0.0175822870083786,0.0497190129920757,-0.126534607203966,-0.00146135480342174,0.104229696199315,0.0312555816332095,0.0127985337250704,-0.0999657540526123,-0.0339703426027516,-0.135629555334417,-0.061754645130784
"31",-0.0422185577083357,-0.00091412080434835,0.308413425720619,-0.0627033240199091,-0.248512201618756,0.19892372946129,-0.0193906628517935,0.0211129009642844,-0.00104854207117084,-0.00425106663492637,-0.130289619887638,-0.0795515202146615,-0.119544777714764,-0.0633363934586209,0.122179456255021,0.0496063120476813,0.0918290933689935,0.109256395552788,0.193347000181757,-0.226468551742606,-0.089617363605862,0.110585017718661,0.0374762220133611,0.00103418249229159,0.011042506301211,0.0303206234542913,0.00532633978592606,0.0102141867590714,-0.0205218294264489,0.00969834645664186,1,-0.0250685430630766,-0.114528576072464,0.0893536075043681,0.0391327514850258,-0.0576310530183458,-0.0520138635309255,-0.067994785800778,-0.0256394934489592,0.0947772256631512,0.0700629988495854,-0.159058651196779,0.11311211719669,0.0898491735719218,0.0622238503087223,0.102165118974197,-0.0541870512938435,-0.0932283662367569,0.0867595871064033,-0.032827817883984,-0.0301516335437795,-0.0375096378757995,0.0928657901338733,0.120482112343929,-0.111030277279187,-0.0535474617775683,-0.0515471304386539,0.0681867160139585
"32",0.016123569740718,-0.0546186776811476,-0.11969889568858,-0.0642367582181512,-0.0640819961382196,-0.155888624762973,0.00149603495650892,0.139443892599779,0.0290648250785582,0.138562912592591,-0.167535185130523,-0.0588216406671459,0.101708338958859,0.0672587684931651,-0.0429883502909909,-0.220612552883687,-0.0510355989418102,0.121152041876226,-0.0466398099634805,0.282022849483097,0.018689438365035,-0.017607622831492,0.0433930110440449,0.0947938718228798,-0.0541981383397162,-0.163601810529436,-0.0756979150375912,-0.125159317610131,0.100334080226675,-0.0343491884930951,-0.0250685430630766,1,-0.0595798997201845,0.0891017295808591,0.120202999473947,0.0732220815922656,-0.0684581781540081,0.0986224812106992,0.138342324895689,-0.159851997803484,0.0548264707821534,0.0665384387971001,-0.156444092640869,0.145968044180843,-0.00153182447760066,0.156214990888469,0.116751329549996,0.0556329912000167,0.0560502602246581,0.076705351938112,-0.152162481270845,-0.0425825214632543,0.0663311990931765,-0.0416017999124137,-0.0788172397904357,-0.0531654005421712,0.0763887974967508,0.0601353944904995
"33",-0.0547469159164407,0.0765674002899379,0.0507644197574913,-0.0180628433688133,0.0635569910124108,0.118898179025953,0.0352562900057487,-0.190375061811493,0.0107476864198661,0.0139561715159508,0.129596973182767,-0.0353892716411794,0.0957050973600962,0.028886170933623,0.0453954635292275,0.191275448196834,-0.0560910396856545,-0.205347796233332,-0.0758258715629014,0.0486210895615687,0.119539335639189,-0.16446211354336,-0.12645106483311,-0.0498589151398579,0.0272529796869111,0.0506445234738601,0.124673926652567,0.067187206080254,0.0111932908647859,-0.111564263033733,-0.114528576072464,-0.0595798997201845,1,0.123457018945024,-0.0812061906340196,-0.133273620389335,-0.00212099581721883,0.0630789912507992,0.366990294259934,0.163365807676412,0.109965894553578,0.187838261328795,-0.0368138583719651,-0.154413074904549,-0.103811299702892,-0.0446567622135371,0.116661519692992,-0.0164044978198709,-0.141639702817602,-0.00554552661353685,0.253820035238713,0.177334983749199,0.00674604373459197,-0.0676806492467026,-0.0388586415304146,0.0171866180916655,0.19856696268574,-0.153680399482579
"34",0.0454152192777146,0.148975213444992,-0.0784431062892076,-0.0624226390665,0.00419776162732385,0.0655854498228673,0.0622073377195111,0.047813406327961,0.00527796603052426,-0.0510003091877132,0.0712245432943199,0.00969985908065433,-0.0251554349008048,0.0771506417323984,-0.00952187373735996,-0.00720037594786779,0.197185116221669,0.217572630921322,0.0117064676044376,0.0906328294795824,0.00677447150518612,0.202367675611716,0.00916139262603252,-0.0496470798874398,-0.0560770858206918,0.112166173663832,0.0400434698484899,0.12609207759375,0.0325892424726172,0.0100136933861119,0.0893536075043681,0.0891017295808591,0.123457018945024,1,0.14396189517201,0.00606026731604796,0.0627781098710891,0.0230856758415405,0.173573340937784,-0.0152503909530662,0.0140037355489776,-0.106847594799752,0.0944989458676746,-0.11401633690588,-0.0945588083729236,-0.0315627749338312,-0.171195248881789,0.00145576183182856,-0.0232731698652769,-0.0151504670768426,-0.0293731346863332,0.0468561342163875,0.107192902882165,0.0333657502047428,-0.0254472362452566,0.0691929144040899,-0.109176492832405,-0.0808384083053713
"35",0.00425204319990905,-0.241972070822203,0.171736536227384,-0.0204994410989663,0.123852175996977,-0.0527927519342305,0.0885206993672026,0.0199265920228608,-0.0781983283343168,-0.0763134407359796,0.10149013884302,-0.133593727333973,0.0702236301856784,-0.0299842211457447,-0.0199171724726089,-0.166240106529028,0.0723712717599184,0.155143826508374,0.106352207683236,-0.0386266638553462,-0.115719702695931,-0.00576184203415711,-0.0108076787571896,-0.096103711170107,0.258378239788034,-0.0828688556607654,0.0727454525044738,0.0287588711803053,-0.162358970065817,0.109217870544758,0.0391327514850258,0.120202999473947,-0.0812061906340196,0.14396189517201,1,0.159693231808467,0.12290712521702,-0.0792651858007663,-0.00509702276705747,-0.0472356745131083,-0.0411079098954084,-0.107898466141051,-0.0480260854837127,0.100990924517928,0.092780648147702,-0.00815200737195586,-0.130492127486857,-0.100566777574409,-0.172756632792107,-0.0867793064435497,0.052010609504058,-0.0554219636566257,-0.0086818810262198,0.0166264736455346,-0.0401918372466616,-0.0770541012535573,-0.0603075477603742,0.0221667089248046
