"","l_Insular.Cortex","r_Insular.Cortex","l_Amygdal.Area","r_Amygdal.Area","l_Bed.Nucleus.of.the.Stria.Terminalis","r_Bed.Nucleus.of.the.Stria.Terminalis","l_Hippocampus","r_Hippocampus","l_Orbitofrontal.cortex","r_Orbitofrontal.cortex","l_Entorhinal.Cortex","r_Entorhinal.Cortex","l_Frontal.Association.Cortex","r_Frontal.Association.Cortex","l_Globus.Pallidus","r_Globus.Pallidus","l_Glomerular.Layer.of.the.Accessory.Olfactory.Bulb","r_Glomerular.Layer.of.the.Accessory.Olfactory.Bulb","l_Glomerular.Layer.of.the.Olfactory.Bulb","r_Glomerular.Layer.of.the.Olfactory.Bulb","l_Granule.Cell.Level.of.the.Cerebellum","r_Granule.Cell.Level.of.the.Cerebellum","l_Hypothalamic.Region","r_Hypothalamic.Region","l_Entorhinal.Cortex","r_Entorhinal.Cortex","l_Vermix.Molecular.Layer.of.the.Cerebellum","r_Vermix.Molecular.Layer.of.the.Cerebellum","l_Lateral.Molecular.Layer.of.the.Cerebellum","r_Lateral.Molecular.Layer.of.the.Cerebellum","l_Anterior.Olfactory.Bulb","r_Anterior.Olfactory.Bulb","l_Posterior.Olfactory.Bulb","r_Posterior.Olfactory.Bulb","l_Subiculum","r_Subiculum","l_Perirhinal.Area","r_Perirhinal.Area","l_PreLimbic.System","r_PreLimbic.System","l_Primary.Cingular.Cortex","r_Primary.Cingular.Cortex","l_Primary.Motor.Cortex","r_Primary.Motor.Cortex","l_Retrosplenial.Cortex","r_Retrosplenial.Cortex","l_Secondary.Cingular.Cortex","r_Secondary.Cingular.Cortex","l_Secondary.Motor.Cortex","r_Secondary.Motor.Cortex","l_Striatum","r_Striatum","l_Ventral.Tegmental.Area","r_Ventral.Tegmental.Area","l_Substantia.Nigra","r_Substantia.Nigra","l_Thalamus","r_Thalamus"
"1",1,0.317610562454453,0.0603445084986019,-0.043649102095299,0.0891108266090712,0.171043061477234,0.00792664408778171,0.180976619953604,0.16664419248794,-0.0461491602799916,0.224618240018538,-0.0697076328030667,0.0222834496534435,0.0332996543545554,0.0303199904618391,-0.0212841148674907,0.0619177640134595,-0.14485495106501,-0.00301630394468754,-0.109705510347087,0.0975286090359022,-0.00417236590099958,-0.0319807670226475,-0.0115300764141764,0.0546264436549423,0.117781858396198,-0.051737011502428,0.174716718704156,0.108366682391634,0.00407557301391557,0.130255839600512,0.279123383320263,-0.0151822694944808,-0.0339921737140263,-0.00404433787474114,0.0744989661978187,0.203929279970037,0.111161825364568,0.0591948145002794,0.081667010607228,-0.0968150538514934,-0.168706138609733,0.146308285449537,-0.156899345824426,-0.0201288142752352,-0.0558432030727757,-0.000563801377922,-0.0247796227366709,0.138790888166626,-0.0543927284979112,0.173313525568693,0.144243733292383,-0.0202721534852408,-0.0825298103186383,-0.0708961427989591,0.231105132905792,-0.129103671872306,-0.179553238307028
"2",0.317610562454453,1,0.0198533476721278,-0.0446780508262386,-0.107798820135898,-0.0613366392747279,-0.045335590907089,-0.0713780330734865,0.116984092569394,0.143051534704011,0.318034901872027,0.116154253767723,-0.121403694180805,0.0056392596015351,-0.119259642343461,0.0887210511105259,-0.0151938680470413,0.0421824033156304,0.0273652583366555,-0.0453906293576214,-0.122226715932497,-0.0368131824280575,-0.0357340227287121,-0.100851873245307,-0.182082138534403,-0.0314582008968349,-0.130961499129696,0.0147362211691668,0.0862306930515451,-0.0278987295242567,0.161891804230774,0.29524332477027,-0.0115257914285811,0.247265067300503,0.00249461165696526,0.0428486080186617,-0.0479156557483007,-0.0544256718780047,-0.202066509363765,0.0222582110359305,-0.0690088592559778,0.0983309516383908,0.152778082098745,-0.134648711710413,0.075682177412378,-0.125654466157614,-0.156967134339408,-0.149921332627102,0.0804615392920909,0.0562109778433705,0.185510133568616,0.113743819379477,-0.0898718470781835,-0.09820724636442,0.0124981109399668,0.03328647933197,-0.249220417895578,-0.076580802524606
"3",0.0603445084986019,0.0198533476721278,1,0.0182112827479005,-0.0205698955940973,-0.0862853443311553,0.237786457063792,0.0137474975185596,-0.0865420142238831,-0.0688292457127652,0.238443521260145,-0.0432650894926943,0.153045336911537,0.0155206110055678,0.170770178788252,0.150302421124492,0.123353836475912,0.0331119902518393,-0.0276409199471661,-0.185899750208179,0.01221465392475,0.0390464272576174,0.0305660631775008,0.0464478378643165,0.180792436545927,0.0639808665122728,0.0241908155874334,-0.122241120633204,-0.166719049777608,-0.0263926018219107,0.110607863059134,-0.131687359581252,-0.205556438028603,-0.229282332188864,-0.0834331928774706,-0.063697236433409,-0.0704967908243128,0.181778543725579,-0.0245988294765625,0.0669046902748374,0.0629903395521775,0.224807265290401,-0.0507008248736755,0.013641173230952,-0.129037405545512,-0.0432350362609887,0.0767934541769825,0.0789462056985293,0.0868727825600909,0.0999989916576857,-0.0887001370988187,-0.209913299161468,-0.0312127704005877,-0.066500805628298,0.070124846274546,0.219051043858534,0.0997708810771087,0.00367910602991302
"4",-0.043649102095299,-0.0446780508262386,0.0182112827479005,1,-0.190809206024055,-0.00255875591376192,0.0466636082302053,0.0758411316075037,-0.138768851806415,0.060670134626351,0.0949151326262905,0.123904919773574,0.0508912785386151,0.102592917229325,-0.145845650669515,0.0222589977664966,-0.0537425445128062,0.107044565648104,0.0579998182011631,-0.0503061161310956,0.131310804796078,0.00731598459270412,-0.174612199701438,0.0574226548304801,0.0872809587919495,0.0558932088622203,0.0814140445361322,0.0472769111245412,0.0125455388534395,0.0959362327372945,0.0306616399078436,0.0440667905488074,-0.0136779482597918,-0.0594216686266446,0.101463887970421,0.026083050053231,0.00509317653580899,-0.175283823848843,0.0547358260556527,0.184679486603564,-0.040091823897863,-0.058315070566401,-0.190729840870824,0.066315994400051,0.124258934614727,0.132084617901586,-0.0643615637280206,-0.00312025889779455,-0.132232340501772,-0.0992023600011539,-0.121723041297868,-0.237188827027199,0.0833355506458485,0.100142099486988,0.0667149514582158,0.111110234494755,-0.120439037750844,-0.0455705670033363
"5",0.0891108266090712,-0.107798820135898,-0.0205698955940973,-0.190809206024055,1,0.00838603448707297,0.0729812497424876,-0.0237520840462491,0.0248221819784098,-0.165343418853516,0.0125163578096381,-0.182480369510466,0.110177930610527,0.102545963385256,0.116126297278843,-0.225259665889824,0.0675707978232424,-0.189087042836927,0.0730896121471089,-0.0723318400671732,-0.117291081626216,-0.0366441000587177,0.182918769656486,0.223946760015991,0.077769958407258,0.0752612235165107,-0.0929438443783669,-0.106162128553081,-0.0104236297998664,0.0430187967816092,0.106193037014465,-0.0976002980028677,-0.146377763869295,-0.0753945144651366,-0.169383427353237,-0.272804178954024,-0.00355357309859404,-0.00697587325428419,0.0524623906801268,0.0109861998324346,0.134523836236504,0.054473315164674,0.180072243194127,-0.0516107453847885,-0.159892776135107,-0.20815049388407,0.0632309361107716,0.0506670438374454,0.214408694436094,0.0367424090819127,0.212516787768001,0.179756300495937,-0.143428290183818,-0.211772728755419,-0.00627324727062966,-0.116147405475084,0.123494814820837,0.043661354454221
"6",0.171043061477234,-0.0613366392747279,-0.0862853443311553,-0.00255875591376192,0.00838603448707297,1,0.173479488105342,0.0324311316204424,-0.0499270750647964,-0.167641458110995,-0.00666623507930166,-0.135409984202825,-0.101679905388303,-0.0716986847860107,0.0399136771382618,0.119610877965701,0.00254490207712224,-0.230298422415411,-0.0321932507124584,0.0455472265038156,0.0258473637807387,-0.184589149142984,-0.0481586052682962,-0.0976676868497635,0.00754143850346385,0.165356131982262,-0.0558824352363771,0.169068044726246,0.180142943284374,-0.190982096320148,-0.19809680217072,0.134225059829474,-0.122640071746398,-0.0593435377982343,0.0991321115227156,0.164375175597267,0.192457944125886,0.108656759253689,0.130268253679979,-0.0823520457903037,0.119825334473061,0.0554705984107463,-0.082892468293263,0.0680436889383633,-0.0519379208723715,0.0499849799324431,0.0750312009112079,0.0202050488319262,0.0499544402490723,-0.165497156162794,0.0637675188266494,0.0125550166521798,-0.0746278445341329,-0.0425867211331714,0.0681404248355056,-0.131164842135355,0.00554988400729382,0.206374728677674
"7",0.00792664408778171,-0.045335590907089,0.237786457063792,0.0466636082302053,0.0729812497424876,0.173479488105342,1,0.0498128372140629,-0.0576934745946512,-0.199412650340432,0.125671995785071,-0.168050133568261,0.0337441791880605,-0.119932237570768,-0.0574327679759339,0.126976676324386,-0.0642035480091204,-0.0509954772743733,0.0601751643359418,0.0235580512405359,0.0378775635815988,-0.126268371598616,0.171150612423622,-0.0441165492882711,0.234814857594155,0.199461321642488,0.176876895366693,0.174302862670999,-0.0470653852968023,0.0392435885675566,-0.0641094300464734,0.113873749529818,-0.111353397964591,-0.107269526338149,0.0307398077283464,0.0410312260520372,0.248118717337251,-0.0254232186881475,-0.0364115312607414,-0.110693268764389,0.0113704900435852,0.0916270210391713,0.0432796661076867,0.0429380188158753,-0.114157848787224,0.0642068649092721,-0.124902155123586,0.0882539103229275,-0.0485128883152094,0.0472846602240248,-0.0204235979174124,0.0125668983969474,0.118937961535157,-0.13160044286273,0.173092704228693,0.00134534408208602,-0.0306608630227326,0.234999409675416
"8",0.180976619953604,-0.0713780330734865,0.0137474975185596,0.0758411316075037,-0.0237520840462491,0.0324311316204424,0.0498128372140629,1,0.103752264711284,-0.0475133577773151,0.138982312739032,0.215757785988675,-0.0807344736915804,0.09338232389747,0.154671006617479,-0.00878109328420882,0.00798505113779009,-0.0533715279371879,0.0634668745849307,-0.0462335892343393,0.156812224614548,0.0892442253484289,-0.063037351128881,0.0551771696540585,0.191624016087099,0.169898400224299,-0.338682488759459,-0.00952674506514655,-0.0920524168699332,0.0659393235671209,0.0222364237665045,0.0566590607309238,-0.0606208174713458,-0.100208099123639,0.0810510704611997,0.106403218887193,0.0428872120156528,-0.0184485549351417,0.110810226168198,0.14205911113841,-0.169033143717246,-0.219888966570154,0.010347160193362,0.026997673202718,-0.0474673092595906,0.00228158677032171,-0.159958844525354,-0.00246830332344668,-0.152797845193774,-0.113750249871418,0.0332265552032756,0.0322724528655045,0.281803971284269,0.149483161697869,0.128966764979248,0.247546661376948,-0.0245140017174211,0.0621546528021797
"9",0.16664419248794,0.116984092569394,-0.0865420142238831,-0.138768851806415,0.0248221819784098,-0.0499270750647964,-0.0576934745946512,0.103752264711284,1,0.14892464293576,-0.0972977173518017,0.0123278902371916,-0.154235153167413,-0.0681381937810286,0.0925121168653198,-0.00075643306548381,-0.0727321815573991,-0.105455191606933,0.102334164462652,-0.297582500890061,-0.0106035754425955,0.0809098933788898,0.234090676015937,-0.131663418715536,-0.0650387935324111,0.165782805535077,-0.0365879930166665,-0.0516180429669161,0.0396591942910527,0.154333632225763,0.20036898045867,-0.0101770643838949,0.222745518692905,0.171678571505588,-0.0264290340506723,0.11837936720826,-0.193704037494819,0.0652086228974067,-0.19162071867933,-0.153756400235231,0.0281717544259496,-0.0751698479687355,0.147587955123309,0.0218855362944866,0.110098859804677,-0.0435576375835376,0.0420156668716368,0.0150390739872672,0.02247523361132,0.0230315104180908,0.0537890300929741,-0.0972758659008707,0.0652185176353297,0.0353124129995475,0.0487750390441331,0.0599924622783503,-0.00536785336230997,-0.0415614054041938
"10",-0.0461491602799916,0.143051534704011,-0.0688292457127652,0.060670134626351,-0.165343418853516,-0.167641458110995,-0.199412650340432,-0.0475133577773151,0.14892464293576,1,-0.0526362774860337,0.129660277296774,-0.0631890849894982,0.0555887778331696,0.0237715274484485,0.0752958136241625,-0.0660808882860178,0.0996076835873592,-0.10770819263576,-0.0862565921547098,0.0156932946188543,0.150719479534438,-0.00221068617316295,-0.0864539568073213,-0.127152357868804,-0.0441326418772633,0.155701963791676,0.0882544218032811,-0.200099232590334,-0.136005212924335,-0.0884879249486611,-0.0881339252848983,0.0479947755783244,0.0356069380959803,0.0277764274508088,0.130521206729822,-0.151453357679407,-0.245290470258381,-0.1084133704166,0.17658728689831,-0.0383147392487491,0.0682939778868799,-0.188696451585129,0.0546367916643818,0.402924491212084,0.121031363901235,-0.118813682768894,-0.0385958858967052,-0.141923241879802,0.0864001865850177,-0.129056465722486,-0.0189873670913743,-0.140808620166642,-0.0876180134334016,-0.0273389068121452,0.0425590358557827,-0.0436122560290032,-0.208310233400335
"11",0.224618240018538,0.318034901872027,0.238443521260145,0.0949151326262905,0.0125163578096381,-0.00666623507930166,0.125671995785071,0.138982312739032,-0.0972977173518017,-0.0526362774860337,1,0.148490571819951,-0.0332350979407207,0.11231490458497,-0.00241358286448749,-0.0315189561388677,-0.0108419484129012,0.0541622979922375,0.200501315001001,0.0561031144895223,-0.175514231529844,-0.0426159402700288,0.0918250093721963,-0.0857914108108336,0.0861829202576465,0.0940074241386794,-0.0143192927412126,0.0333981744144074,-0.202835337919811,-0.0849084381064253,0.0462417965482932,0.226048083824591,-0.0966474362739837,0.114350631342792,-0.0127330619990075,0.0012366207210324,-0.0534552159612344,0.11384725120772,-0.0736781362233047,0.0441104681389739,-0.206265964380422,-0.11176100030666,0.0953397765956393,0.12022296094997,0.0503741763290475,-0.18419287575476,-0.173070168374772,-0.1853938279483,0.0522930046040574,0.0669316801298553,0.0306061085685741,-0.0505271686058689,-0.00622077392758058,-0.00361866625043255,0.136911171168956,0.179169929280591,0.0210751229322018,-0.0879048944200717
"12",-0.0697076328030667,0.116154253767723,-0.0432650894926943,0.123904919773574,-0.182480369510466,-0.135409984202825,-0.168050133568261,0.215757785988675,0.0123278902371916,0.129660277296774,0.148490571819951,1,0.0874045919702998,0.162600776024106,0.0393231982687381,0.153358895578553,0.0684727027175251,0.0868603769592076,-0.0514973291040567,0.00086821371703918,-0.0144485106425459,0.10667908906485,-0.108216676987956,-0.181031426971425,-0.00533532671590608,-0.0612208528988201,-0.252044673431752,0.0564935787198508,0.0279130894513581,-0.0782061574217968,-0.128018443182733,-0.124591628804036,0.146948673969828,0.145006035995422,0.0496650435657787,0.126424122774903,0.00910961995077554,-0.123699140567785,0.102675883754823,0.0705285607587735,-0.0380112582420069,-0.192157852897583,-0.107971377346367,-0.00627024250321446,0.174302686713786,0.0179943073460827,-0.128042782594745,-0.226522742891231,0.0384442738646214,0.0393583125484185,0.0926827156831501,0.107353541522377,0.171210163926169,0.0586462836336102,-0.00690446591453096,0.00753481589189898,-0.10586200476905,-0.0109733487715505
"13",0.0222834496534435,-0.121403694180805,0.153045336911537,0.0508912785386151,0.110177930610527,-0.101679905388303,0.0337441791880605,-0.0807344736915804,-0.154235153167413,-0.0631890849894982,-0.0332350979407207,0.0874045919702998,1,0.279630579462866,-0.00992659460982116,0.0876217811918728,0.231004486980115,0.00085490262243356,-0.0593398784381412,-0.0846279784666638,-0.0186117803552189,-0.220148122374069,-0.0560683406400239,0.00267829539751597,0.298628427204266,0.0405066353163859,0.0414173754791944,0.0106149924836763,-0.0316230240631079,0.0340071631163915,-0.0330636834738394,-0.052450622393576,0.0252841502309527,-0.0744089897504644,0.00454416317546807,-0.351630312664249,0.0449416492558038,-0.148922632497525,-0.0014678514960515,0.116780842514365,0.116155700487928,-0.067614409765904,0.109693401558901,0.0835837649121236,-0.0614449142542146,-0.0425540790974792,-0.0470813910077866,-0.1001070252242,0.598635327577361,0.194419967525505,0.10614153146869,0.218421932255739,-0.0624793926292243,-0.161661523043306,-0.0359383718082957,0.100365194688409,-0.0013772021753578,0.115408416509123
"14",0.0332996543545554,0.0056392596015351,0.0155206110055678,0.102592917229325,0.102545963385256,-0.0716986847860107,-0.119932237570768,0.09338232389747,-0.0681381937810286,0.0555887778331696,0.11231490458497,0.162600776024106,0.279630579462866,1,0.0526545567824033,0.114795161645362,-0.0154052185097072,0.217027331820717,0.00409185696404906,-0.0481974114889824,-0.0914944814060451,-0.00879853122823796,0.0980047329114686,-0.0830510100500018,-0.0818831364260357,-0.0871451810475395,-0.0489395638197496,-0.126782750258153,-0.179641474571801,0.109527928179756,0.0692896052252163,-0.0202732116799015,-0.0202508893843859,0.0489421987182276,-0.065206511720779,-0.154098805121894,-0.191141048443683,-0.0258474676370393,0.174403274771464,0.20017174006325,0.0166579061042467,-0.00977092948808644,-0.0805880593048496,-0.133148507468237,0.15363404846443,-0.0596522446823018,0.0532946952376685,-0.107820171342027,0.170522597782513,0.658059376477284,-0.0312615656060315,0.0312455578114437,-0.00990405931657457,0.0807105071418003,-0.0565764327764253,0.139822427284437,0.0832390231303546,-0.0348053316829494
"15",0.0303199904618391,-0.119259642343462,0.170770178788252,-0.145845650669515,0.116126297278843,0.0399136771382618,-0.0574327679759339,0.154671006617479,0.0925121168653198,0.0237715274484485,-0.00241358286448749,0.0393231982687381,-0.00992659460982116,0.0526545567824033,1,-0.0651850490944906,0.0754841955450969,-0.0530441642946032,0.0422060722911884,-0.108461168184416,0.0725125648713184,0.0629047721008066,0.152855370456696,0.0218556120516177,0.140368875561088,0.232460631767134,-0.0193932005443996,-0.076871718159854,-0.210723331264151,-0.0874385359425922,0.00376553029202938,-0.0211067068054051,-0.137897468011826,-0.161946028072652,-0.130140617853489,0.171169971805987,-0.181272751172361,0.149408791846551,0.0464515769544464,-0.0358157756545232,0.0164920569632959,0.0661662212452547,-0.0895746979710735,-0.0357850044680115,0.0427174972962752,0.0693681025763412,0.119523496745356,0.251096565694121,0.00565678670533375,-0.0713931223936839,0.0708794704687827,-0.0900772311483015,0.0893211251369347,0.0932788990492548,0.057894217156847,-0.100792219371823,0.138101712835547,-0.128655165133655
"16",-0.0212841148674907,0.0887210511105259,0.150302421124492,0.0222589977664966,-0.225259665889824,0.119610877965701,0.126976676324386,-0.00878109328420882,-0.00075643306548381,0.0752958136241625,-0.0315189561388678,0.153358895578553,0.0876217811918728,0.114795161645362,-0.0651850490944906,1,0.0538402176320414,0.0350721217511833,-0.0246459633872146,-0.0184308256040602,-0.0443219271075096,-0.0324350414646569,-0.0834514110683835,-0.0472418331833947,-0.0206248827589067,-0.0179567325513444,-0.0137872838670965,0.102195794531135,-0.00523617002470207,0.0354703301895193,0.0228781897848266,0.127976481501065,0.105685265898469,0.131554323486091,0.0368874203377208,0.0368369442848787,-0.051899131904912,-0.0963260820884945,0.020311580411665,0.0205794901244191,-0.113816131633784,0.0519211529740787,-0.0600901173819775,0.075868787493749,0.121237892009197,0.0982572500271206,-0.0791328738979468,0.0480568985055488,-0.0409987786052088,0.143800933873062,0.013796561326209,0.0691039591479599,0.0831924048695815,-0.0888741655811131,-0.133561124494702,0.00844472828709401,-0.0656366890430486,-0.0485678079305994
"17",0.0619177640134595,-0.0151938680470413,0.123353836475912,-0.0537425445128062,0.0675707978232424,0.00254490207712224,-0.0642035480091204,0.00798505113779009,-0.0727321815573991,-0.0660808882860179,-0.0108419484129012,0.0684727027175251,0.231004486980115,-0.0154052185097072,0.0754841955450969,0.0538402176320414,1,-0.122805045520502,0.0762137877206407,-0.0759725637195928,0.0982569808018226,-0.116571596600809,0.0963746343698058,0.0912718386623331,0.153156512848173,-0.101389254593505,0.141442209243626,0.0603146716150865,0.0919553140499421,0.0152971434086038,0.0417044334555656,-0.0543029937477885,-0.0254484826431773,0.00876901942454484,-0.00051964848903012,-0.149895017089746,-0.0275976672461062,0.0289116104139975,0.170098487432114,0.126729328337223,-0.00155312217188773,0.226165743088376,0.119843627566154,-0.0654466931973181,-0.0557913273666619,0.0993409862589545,-0.0496617635221361,0.164149609277065,0.0748174697992889,0.0461893950634765,-0.0706343886537137,0.0746332039294458,0.00936184931396534,-0.256011952235948,-0.0903893599665352,-0.158162880875632,0.0627440772639688,0.0669702254798695
"18",-0.14485495106501,0.0421824033156304,0.0331119902518393,0.107044565648104,-0.189087042836927,-0.230298422415411,-0.0509954772743733,-0.0533715279371879,-0.105455191606933,0.0996076835873592,0.0541622979922375,0.0868603769592076,0.00085490262243356,0.217027331820717,-0.0530441642946032,0.0350721217511833,-0.122805045520502,1,0.0266020868864767,0.106559607772466,-0.0689451085200442,0.045658988033208,0.0514125590637809,0.100333247420872,-0.0581303657962482,-0.0821319090256655,0.141639048427321,-0.0601022117295243,-0.223698916505081,-0.0219484978228129,0.0626785005641388,0.194676493049056,0.017680986567909,0.208266902261025,-0.128402712290654,0.0444520995652664,-0.0559650162730772,-0.0729959123118943,-0.0649951104725782,0.0194130859908269,-0.144224382747734,0.0240353334763255,-0.239281775191189,-0.205994603257741,0.110627252324081,0.120509230333863,-0.126581916808619,-0.0571455851580515,-0.0650031296081693,0.25372967964009,-0.0281158823787822,-0.21248609174415,0.120592804624691,-0.0137473431549766,-0.0309047830578093,0.0493268426697184,-0.040395643850309,-0.0916102098111583
"19",-0.00301630394468754,0.0273652583366555,-0.0276409199471661,0.0579998182011631,0.0730896121471089,-0.0321932507124584,0.0601751643359418,0.0634668745849307,0.102334164462652,-0.10770819263576,0.200501315001001,-0.0514973291040567,-0.0593398784381412,0.00409185696404906,0.0422060722911884,-0.0246459633872146,0.0762137877206407,0.0266020868864767,1,-0.0131884627491265,-0.054211953851842,-0.0863759565652421,0.0773379387634431,-0.0664056317569823,-0.0366954406540946,0.131456724694027,0.0670119891780432,0.162922741558152,0.113711461117206,0.101129579864541,0.542446931827609,0.281414131211807,-0.0758624436521202,0.0807699519121738,0.00934388684293685,0.101707888026369,-0.0908864883800675,0.162066549454493,-0.082161118685607,0.0475393632064387,-0.00414887819092438,0.0241134868316259,-0.0360289434660807,0.0861600480277788,0.114432281922813,0.204133315967386,0.012286869780719,0.173317714788849,0.00178667129317476,0.0525436261043989,-0.0640582980572363,-0.0608716949877307,-0.131051269680769,0.0457974779453465,0.118235003463685,-0.00170352552298952,0.194653946482103,0.0923542333562154
"20",-0.109705510347087,-0.0453906293576214,-0.185899750208179,-0.0503061161310956,-0.0723318400671732,0.0455472265038156,0.0235580512405359,-0.0462335892343393,-0.297582500890061,-0.0862565921547097,0.0561031144895223,0.00086821371703918,-0.0846279784666637,-0.0481974114889824,-0.108461168184416,-0.0184308256040602,-0.0759725637195928,0.106559607772466,-0.0131884627491265,1,-0.127607819932642,-0.133113530332068,-0.119591342518212,-0.062995467701787,0.0178829997525885,-0.0451887657964066,-0.0970727937179083,0.0643116969737221,-0.147954856151135,0.0412467417338932,-0.0794610891469797,0.310946877420789,-0.163374849252992,-0.00294721736738446,0.0717848695526686,0.116532892343299,0.0742486643627572,-0.148054829349069,0.116046389460509,-0.0747802226371911,0.11531234320065,-0.0152718178918034,-0.198736610923263,-0.11900866635652,-0.0239532621058602,0.103722141780056,0.0153141324363978,-0.126240884093407,-0.16219140395742,-0.0920640745016304,-0.175321712633442,0.1788132207066,-0.0655552163173665,-0.0241619317157842,-0.0461809350026194,-0.151170299654738,0.0372522267721064,-0.0297534303136239
"21",0.0975286090359022,-0.122226715932497,0.01221465392475,0.131310804796078,-0.117291081626216,0.0258473637807387,0.0378775635815988,0.156812224614548,-0.0106035754425955,0.0156932946188543,-0.175514231529844,-0.0144485106425459,-0.0186117803552189,-0.0914944814060451,0.0725125648713184,-0.0443219271075096,0.0982569808018226,-0.0689451085200442,-0.054211953851842,-0.127607819932642,1,-0.120874885759274,0.0393597832043962,-0.108049047392112,-0.0701902939722264,-0.00632658352422667,0.0695387398364593,0.0279169337632928,-0.0109735571777561,0.154715772246212,-0.116733470140958,-0.0682244302261876,0.120859482455475,-0.0604352349209792,-0.0228924599300033,0.114350800077183,0.0844675806692104,-0.0138191339445705,0.21325798807016,0.120597891185056,0.0681923753645561,0.12616333395717,-0.0780943176097057,0.0493241775572865,-0.146339060282514,-0.018075683985672,0.0366628225457298,0.0999234582700712,-0.045068538622015,-0.078159817627713,-0.0352373047571893,0.00208023894244534,0.127446462797014,-0.0377573285519513,0.182495155072025,0.166041938673962,0.0824049500776518,0.0203160459406464
"22",-0.00417236590099958,-0.0368131824280575,0.0390464272576174,0.00731598459270412,-0.0366441000587177,-0.184589149142984,-0.126268371598616,0.0892442253484289,0.0809098933788898,0.150719479534438,-0.0426159402700288,0.10667908906485,-0.220148122374069,-0.00879853122823796,0.0629047721008066,-0.0324350414646569,-0.116571596600809,0.045658988033208,-0.0863759565652421,-0.133113530332068,-0.120874885759274,1,0.0120318395167095,-0.0189560525650035,0.0350455636406996,0.00264364294775269,-0.0637322444627808,-0.00911055082926978,0.00210514016417745,-0.100308432957984,0.0440955613317996,-0.167442656481286,-0.101103578175557,-0.0149917461023639,0.0162933047217512,0.0834233036445599,0.0839392862278352,-0.0241477457387678,0.0540580780199615,0.105235890822111,-0.0696582277769466,-0.123953355608505,-0.0286745333687938,-0.0284166596703283,0.220525775705632,-0.0043777957338299,0.011999182666897,-0.0349838000952477,-0.0979764142349351,0.063450583219932,-0.141512011231532,-0.0841002496467334,0.115421299156318,0.055495647236636,-0.0141787009286846,-0.185118885050053,-0.00185143755161832,-0.116974069069668
"23",-0.0319807670226475,-0.035734022728712,0.0305660631775008,-0.174612199701438,0.182918769656486,-0.0481586052682962,0.171150612423622,-0.063037351128881,0.234090676015937,-0.00221068617316295,0.0918250093721963,-0.108216676987956,-0.0560683406400239,0.0980047329114686,0.152855370456696,-0.0834514110683835,0.0963746343698059,0.0514125590637809,0.0773379387634431,-0.119591342518212,0.0393597832043962,0.0120318395167095,1,0.037844945530168,0.100593172422147,-0.216710902336605,0.149642641445556,-0.0246434459223819,-0.0125658120745184,-0.00425552586544644,0.0829876922817084,0.0532945937869281,0.0497458002446071,0.0858909442748413,-0.169897414201082,-0.0340948278306372,-0.186315590882986,0.14978814386563,0.0999470470967183,-0.00050512360471836,0.01955725917518,0.034774423177846,0.0965490619302208,-0.0497931032243643,0.034008236668354,-0.086862604321984,0.0437434734676512,-0.0504855224781094,0.0935130265687386,0.124611873081269,-0.0757481861507644,-0.0807041351793034,0.0408989786149298,-0.0921887912597118,0.0726772998800154,-0.0203622474569681,0.0789957374340443,0.0263819420208397
"24",-0.0115300764141764,-0.100851873245307,0.0464478378643165,0.0574226548304801,0.223946760015991,-0.0976676868497635,-0.0441165492882711,0.0551771696540585,-0.131663418715536,-0.0864539568073213,-0.0857914108108336,-0.181031426971425,0.00267829539751597,-0.0830510100500017,0.0218556120516177,-0.0472418331833947,0.0912718386623331,0.100333247420872,-0.0664056317569823,-0.062995467701787,-0.108049047392112,-0.0189560525650035,0.037844945530168,1,0.184254044105826,0.0101404896156535,-0.0153550812754278,-0.0816458991065605,0.0336215073682504,0.0685442376217774,0.0209658309038939,-0.107376971680341,-0.175397913150378,-0.162405487246801,0.0890948456358803,-0.00189224750681303,0.122162817975371,0.0866175300890608,-0.0202363880668602,0.165160664817769,-0.102720755915438,-0.0482907448014458,0.015864517199908,-0.0647270047807099,-0.236906304847274,-0.0425015833494989,0.124558473441168,0.207255384618025,-0.0329146396432322,-0.22737472854776,0.0450000635728155,-0.0128598189606336,-0.0708083638206084,-0.00540923504288672,-0.0820425724870418,0.037032089807545,-0.0217142631030445,0.0332721645906299
"25",0.0546264436549423,-0.182082138534403,0.180792436545927,0.0872809587919495,0.077769958407258,0.00754143850346385,0.234814857594155,0.191624016087099,-0.0650387935324111,-0.127152357868804,0.0861829202576465,-0.00533532671590608,0.298628427204266,-0.0818831364260357,0.140368875561088,-0.0206248827589067,0.153156512848173,-0.0581303657962482,-0.0366954406540946,0.0178829997525885,-0.0701902939722264,0.0350455636406996,0.100593172422147,0.184254044105826,1,0.219529553833273,0.120263099227335,0.00032190782897159,0.053178760243771,-0.110284002640071,-0.0971323585730136,-0.018811198324704,-0.156240621106885,-0.136300531488245,0.00383569556733067,-0.00271597378964741,0.198659795864645,0.0661781684542891,-0.047261920024878,0.131048639545582,-0.0250968961288581,-0.0871745728258764,0.0699328081572475,0.210927763114192,-0.116779613242555,0.0716709411324529,0.0588070361706471,0.0693581861394345,0.213665394301884,-0.10155150198429,0.0332454007461129,0.0964083612605753,0.120537779970254,-0.11479788854391,0.0797648288241297,-0.0128374787791948,0.0717844281752878,0.0856015432329341
"26",0.117781858396198,-0.0314582008968349,0.0639808665122728,0.0558932088622203,0.0752612235165107,0.165356131982262,0.199461321642488,0.169898400224299,0.165782805535077,-0.0441326418772633,0.0940074241386794,-0.0612208528988201,0.0405066353163859,-0.0871451810475395,0.232460631767134,-0.0179567325513444,-0.101389254593505,-0.0821319090256655,0.131456724694028,-0.0451887657964066,-0.00632658352422667,0.00264364294775269,-0.216710902336605,0.0101404896156535,0.219529553833273,1,-0.0192506737256611,0.0324047540568054,-0.0236329297383636,-0.0910351807388276,0.0221551767449964,-0.0620020916437619,-0.196048998342898,-0.0311041976032611,-0.0979377897745706,0.0675030690549857,0.123964525774884,0.176449335314994,-0.127712648138019,0.0112089725628479,-0.0069374764415209,-0.142366524849987,0.0952869950538645,0.14617127898816,-0.204163032687362,-0.0195762435398775,0.0624073109439104,0.119148276094765,-0.0163996149259617,-0.0591742648227491,-0.00938627013578664,-0.146341798281464,0.0244838907226568,0.0182070883156979,0.0234434178330993,-0.033875591803515,-0.0926549324076719,-0.0981356626006715
"27",-0.051737011502428,-0.130961499129696,0.0241908155874334,0.0814140445361322,-0.0929438443783669,-0.0558824352363771,0.176876895366693,-0.338682488759459,-0.0365879930166665,0.155701963791676,-0.0143192927412126,-0.252044673431752,0.0414173754791944,-0.0489395638197496,-0.0193932005443996,-0.0137872838670965,0.141442209243626,0.141639048427321,0.0670119891780432,-0.0970727937179083,0.0695387398364593,-0.0637322444627808,0.149642641445556,-0.0153550812754278,0.120263099227335,-0.0192506737256611,1,0.146792024332503,0.0561033520159581,-0.0583727136256613,-0.23060576099365,0.00476232679405108,-0.0258187367462773,0.154829613655223,0.118297622947528,-0.0363089634496951,0.0083618071833093,-0.0420008939144044,-0.0028944094397713,-0.0148295811415478,-0.0181323784041166,0.142844246533696,0.11890537167118,0.0894826210528375,0.108246114326022,0.0414185077220669,0.0338237682629784,0.156018879111632,0.0848166052029488,0.072076178518237,-0.154757094104644,-0.154221206619436,-0.103344488171773,0.0207844919959905,-0.0971767683347603,-0.0488982398133993,0.132308324599753,-0.04416723744644
"28",0.174716718704156,0.0147362211691668,-0.122241120633204,0.0472769111245412,-0.106162128553081,0.169068044726246,0.174302862670999,-0.00952674506514655,-0.0516180429669161,0.0882544218032811,0.0333981744144074,0.0564935787198508,0.0106149924836763,-0.126782750258153,-0.076871718159854,0.102195794531135,0.0603146716150865,-0.0601022117295243,0.162922741558152,0.0643116969737221,0.0279169337632928,-0.00911055082926978,-0.0246434459223819,-0.0816458991065605,0.00032190782897159,0.0324047540568054,0.146792024332503,1,0.190595059381992,0.0289753529355065,0.0651609185578019,0.186749132101051,-0.00226126277876082,-0.039948489723502,0.184936997041743,0.186625603677919,0.266465817726901,0.0273190067920592,0.100526823206129,-0.0661811649318859,0.115387836349085,-0.047408305659562,0.0726657560778594,0.119022805211811,0.165903018839564,0.222257670678292,-0.0570714427726051,0.0305490064181584,-0.00301416903351025,-0.140382261911028,-0.0245823121320966,-0.0814647864506247,-0.0776373336446235,-0.00405673572943579,0.0197795530869307,-0.189910071395726,-0.137598308012599,0.0529307561498249
"29",0.108366682391634,0.0862306930515451,-0.166719049777608,0.0125455388534394,-0.0104236297998664,0.180142943284374,-0.0470653852968023,-0.0920524168699332,0.0396591942910527,-0.200099232590334,-0.202835337919811,0.0279130894513582,-0.0316230240631079,-0.179641474571801,-0.210723331264151,-0.00523617002470207,0.0919553140499421,-0.223698916505081,0.113711461117206,-0.147954856151135,-0.0109735571777561,0.00210514016417745,-0.0125658120745184,0.0336215073682504,0.053178760243771,-0.0236329297383636,0.0561033520159581,0.190595059381992,1,-0.0839752260777605,0.148450064111702,0.0975898405979494,0.0822780528246756,0.103059536833326,0.0474500824773924,0.032320804657136,0.164378720636088,0.0652149113609686,0.120371268820198,0.0408033868759129,0.150280844772375,-0.0194986972580206,0.286309393746036,0.167654685987291,-0.0776964450519987,0.137140843395001,0.100485582234185,-0.142348544471958,0.067370047780227,-0.196744702784498,0.0526448685356813,-0.0283914141975973,0.0205057595829359,-0.0877394388073062,-0.091103855350422,-0.104143965182593,-0.0403932433839317,0.221333440345205
"30",0.00407557301391557,-0.0278987295242567,-0.0263926018219107,0.0959362327372945,0.0430187967816092,-0.190982096320148,0.0392435885675566,0.0659393235671209,0.154333632225763,-0.136005212924335,-0.0849084381064253,-0.0782061574217968,0.0340071631163915,0.109527928179756,-0.0874385359425921,0.0354703301895193,0.0152971434086038,-0.0219484978228129,0.101129579864541,0.0412467417338932,0.154715772246212,-0.100308432957984,-0.00425552586544644,0.0685442376217774,-0.110284002640071,-0.0910351807388276,-0.0583727136256613,0.0289753529355065,-0.0839752260777605,1,0.119894482047914,0.121138487656801,0.138048723082505,-0.00069089587750997,0.0668485588730571,0.0926382213267261,-0.162487753489312,-0.0940531866358978,0.153496032934759,0.0237519907000049,0.0180448878347467,0.126553384345295,0.111755012546377,0.0668759637938127,-0.0257637080843895,0.109015012232116,0.0413973183681989,0.219580018090804,0.0199085732360495,0.191269895681982,0.064099139754542,0.107265281245405,-0.0456136725143113,0.0832004330930072,-0.0772181467374667,0.015869665978195,0.25443268580525,0.1876884581737
"31",0.130255839600512,0.161891804230774,0.110607863059134,0.0306616399078436,0.106193037014465,-0.19809680217072,-0.0641094300464734,0.0222364237665045,0.20036898045867,-0.0884879249486611,0.0462417965482932,-0.128018443182733,-0.0330636834738394,0.0692896052252163,0.00376553029202938,0.0228781897848266,0.0417044334555656,0.0626785005641388,0.542446931827609,-0.0794610891469797,-0.116733470140958,0.0440955613317996,0.0829876922817084,0.0209658309038939,-0.0971323585730136,0.0221551767449963,-0.23060576099365,0.0651609185578019,0.148450064111702,0.119894482047914,1,0.199568082721428,0.14114938165914,0.0758582572052946,-0.0998427231671983,0.025510222805588,-0.0824215920346715,0.166038250199121,-0.029582616235941,-0.00546774700866199,0.0243827517550477,0.11114479443495,0.0303957874698521,-0.0573014182743875,-0.00115334831208917,0.155434367833236,-0.0240458069630718,0.0206652175290932,-0.105542333465172,0.073917131024395,0.00487651634057027,-0.0674562780486124,-0.179556321238214,-0.11111799269599,-9.23194481355406e-05,-0.0201881996155846,0.0118426359857569,-0.0282537436583049
"32",0.279123383320263,0.29524332477027,-0.131687359581252,0.0440667905488074,-0.0976002980028677,0.134225059829474,0.113873749529818,0.0566590607309238,-0.0101770643838949,-0.0881339252848983,0.226048083824591,-0.124591628804036,-0.052450622393576,-0.0202732116799015,-0.0211067068054051,0.127976481501065,-0.0543029937477885,0.194676493049056,0.281414131211807,0.310946877420789,-0.0682244302261876,-0.167442656481286,0.0532945937869281,-0.107376971680341,-0.018811198324704,-0.0620020916437619,0.00476232679405108,0.186749132101051,0.0975898405979494,0.121138487656801,0.199568082721428,1,-0.00411799682868185,0.101017620962381,0.13915739909374,0.137113705473889,0.0442440320623091,-0.00100247852766765,0.078659305103183,-0.0868725498446718,-0.107904865377498,-0.0481468109454654,-0.00496733948549136,-0.0822778797328134,0.11256541165356,0.170971007813051,-0.115074716502832,-0.00951591490513309,0.0394575226716036,-0.0648311497180969,-0.0966094102247863,-0.0481007985314759,-0.0789046315537123,-0.148789743451579,-0.168448802394402,-0.0249283986069831,0.0699187033501902,0.180107750805586
"33",-0.0151822694944808,-0.0115257914285811,-0.205556438028603,-0.0136779482597918,-0.146377763869295,-0.122640071746398,-0.111353397964591,-0.0606208174713458,0.222745518692905,0.0479947755783244,-0.0966474362739837,0.146948673969828,0.0252841502309527,-0.0202508893843859,-0.137897468011826,0.105685265898469,-0.0254484826431773,0.017680986567909,-0.0758624436521202,-0.163374849252992,0.120859482455475,-0.101103578175557,0.0497458002446071,-0.175397913150378,-0.156240621106885,-0.196048998342898,-0.0258187367462773,-0.00226126277876082,0.0822780528246756,0.138048723082505,0.14114938165914,-0.00411799682868185,1,0.200338113207914,-0.00564969628018203,0.172820176050632,-0.0627613089394136,-0.134412680491084,0.0772524330087238,0.042738725025337,-0.0622034340200663,-0.114207624235453,0.119616251929637,0.0662015431265778,0.0812309290620375,0.0235156442883176,-0.0933016680917471,-0.0529369813695408,0.0468408661973507,0.0952931524214166,0.195082640233381,0.0338912303838828,-0.0278623569326731,0.0771824169865129,-0.164521194092318,-0.0491287647212919,0.0286240509547754,0.0283211144439063
"34",-0.0339921737140263,0.247265067300503,-0.229282332188864,-0.0594216686266446,-0.0753945144651366,-0.0593435377982343,-0.107269526338149,-0.100208099123639,0.171678571505588,0.0356069380959803,0.114350631342792,0.145006035995422,-0.0744089897504644,0.0489421987182276,-0.161946028072652,0.131554323486091,0.00876901942454485,0.208266902261025,0.0807699519121738,-0.00294721736738446,-0.0604352349209792,-0.0149917461023639,0.0858909442748413,-0.162405487246801,-0.136300531488245,-0.0311041976032611,0.154829613655223,-0.039948489723502,0.103059536833326,-0.00069089587750997,0.0758582572052946,0.101017620962381,0.200338113207914,1,-0.16364819013178,-0.093267226568237,-0.137722171614099,-0.0681722719116477,-0.0822005065508743,-0.128943378574806,-0.209208682525549,-0.00877398093954335,0.177497676283279,-0.0359541668650717,0.0487951349765466,-0.0604368794602859,-0.0509599632153792,-0.0010165136830131,-0.0560781692490755,0.104995048279086,0.169504897757974,0.159325581660138,-0.0410204394826805,0.0435599990260952,-0.110519724632704,-0.00750394116200849,0.124367865195797,0.108061872663449
"35",-0.00404433787474114,0.00249461165696526,-0.0834331928774706,0.101463887970421,-0.169383427353237,0.0991321115227156,0.0307398077283464,0.0810510704611997,-0.0264290340506723,0.0277764274508088,-0.0127330619990075,0.0496650435657787,0.00454416317546807,-0.065206511720779,-0.130140617853489,0.0368874203377208,-0.00051964848903012,-0.128402712290654,0.00934388684293685,0.0717848695526686,-0.0228924599300033,0.0162933047217512,-0.169897414201082,0.0890948456358803,0.00383569556733067,-0.0979377897745706,0.118297622947528,0.184936997041743,0.0474500824773924,0.0668485588730571,-0.0998427231671983,0.13915739909374,-0.00564969628018203,-0.16364819013178,1,0.0813656824920755,0.259457260897096,-0.188425744041367,-0.0188120247344746,0.0589206281971025,0.0899164455846383,-0.0408678502456438,0.0901431462622563,0.0409456805148232,0.133895863018185,0.205921784576121,0.0395889917011106,-0.0540609899691859,-0.051449093977712,-0.0463049507945731,-0.086371860774795,-0.109072625686368,-0.148113200377151,0.0399946642578668,0.00137185365583367,-0.0689659637582775,-0.0114035714670065,0.271902923501414
