"","l_Insular.Cortex","r_Insular.Cortex","l_Amygdal.Area","r_Amygdal.Area","l_Bed.Nucleus.of.the.Stria.Terminalis","r_Bed.Nucleus.of.the.Stria.Terminalis","l_Hippocampus","r_Hippocampus","l_Orbitofrontal.cortex","r_Orbitofrontal.cortex","l_Entorhinal.Cortex","r_Entorhinal.Cortex","l_Frontal.Association.Cortex","r_Frontal.Association.Cortex","l_Globus.Pallidus","r_Globus.Pallidus","l_Glomerular.Layer.of.the.Accessory.Olfactory.Bulb","r_Glomerular.Layer.of.the.Accessory.Olfactory.Bulb","l_Glomerular.Layer.of.the.Olfactory.Bulb","r_Glomerular.Layer.of.the.Olfactory.Bulb","l_Granule.Cell.Level.of.the.Cerebellum","r_Granule.Cell.Level.of.the.Cerebellum","l_Hypothalamic.Region","r_Hypothalamic.Region","l_Entorhinal.Cortex","r_Entorhinal.Cortex","l_Vermix.Molecular.Layer.of.the.Cerebellum","r_Vermix.Molecular.Layer.of.the.Cerebellum","l_Lateral.Molecular.Layer.of.the.Cerebellum","r_Lateral.Molecular.Layer.of.the.Cerebellum","l_Anterior.Olfactory.Bulb","r_Anterior.Olfactory.Bulb","l_Posterior.Olfactory.Bulb","r_Posterior.Olfactory.Bulb","l_Subiculum","r_Subiculum","l_Perirhinal.Area","r_Perirhinal.Area","l_PreLimbic.System","r_PreLimbic.System","l_Primary.Cingular.Cortex","r_Primary.Cingular.Cortex","l_Primary.Motor.Cortex","r_Primary.Motor.Cortex","l_Retrosplenial.Cortex","r_Retrosplenial.Cortex","l_Secondary.Cingular.Cortex","r_Secondary.Cingular.Cortex","l_Secondary.Motor.Cortex","r_Secondary.Motor.Cortex","l_Striatum","r_Striatum","l_Ventral.Tegmental.Area","r_Ventral.Tegmental.Area","l_Substantia.Nigra","r_Substantia.Nigra","l_Thalamus","r_Thalamus"
"1",1,0.263475560854888,0.063169121669191,0.267952936911896,0.20453039750621,-0.193536272794466,0.210208878674397,0.162160752833147,0.39720685900279,-0.043871792221568,0.269420004505916,-0.0483126029708818,-0.305135743205,-0.112433945392072,-0.0385784945673121,0.0693115151747435,-0.100534434589019,-0.120198490993748,0.110101705384557,-0.0269755744697292,0.134599349813867,0.117508601732556,-0.107489373007988,0.117770515544919,0.076918974096636,0.153028468566585,-0.100408355042982,0.10287189689887,0.00063737555223573,0.0289685960853284,0.128265523363561,0.127760293948248,0.226931636496169,0.160231301606582,0.178355555305472,0.0914026776495929,0.161456066908406,0.17784195972606,0.113621401603079,0.110279232380182,-0.0520994616020442,-0.10164320233391,0.00892482901102797,-0.110349149545383,-0.106027221472094,-0.223603257684794,0.0373178508327487,-0.0916651552617558,-0.255953965217539,-0.251528272493242,0.280501254312223,-0.0298981466582991,0.00358303952146579,0.207499657232143,-0.0475181358539852,0.0380318008701139,0.131070033518135,-0.0720416714233986
"2",0.263475560854888,1,-0.0798168600292175,-0.0389362747431168,0.0375607647866456,-0.0671062251873006,0.159605460665627,0.294586111685932,0.182975196256972,0.402189916049513,0.0988814721601084,0.0714663576546242,-0.127786907303694,0.0887840389707125,-0.171891486081323,0.0571272110656648,-0.207508570149347,0.095930018040968,0.0488088339449805,-0.198012372595728,-1.2446106806271e-05,0.075735352821151,0.167480751283737,0.065495873492522,-0.028658556660906,-0.00444392502689918,0.049675628711964,0.0947093024278105,0.0767413607094071,0.100125690362994,0.112053125171938,-0.080050954935055,0.00863563912038527,0.113882242312316,0.0984435586992092,0.325233573238937,0.113796968073684,0.177199565717543,0.158513188282929,0.0776020775523344,0.0485620742022243,0.0160153548022446,-0.080899413012527,-0.0713636362342754,-0.0203059129548488,0.0277648393807817,0.0564829694272174,0.0221192917786879,-0.219682410562902,0.0888471653097497,0.065172093667649,0.214773824005235,0.148431896532453,-0.00660864398367861,-0.217083816508479,0.0241632750347846,-0.0142114144168845,0.226183185084204
"3",0.063169121669191,-0.0798168600292175,1,-0.231722269006462,0.0508660946676035,-0.00864647087814378,0.176906035883431,-0.142544413928597,0.0236151833948429,-0.0684719183746129,0.193519256517171,-0.0757088391572826,0.040155313721401,0.0836395579641379,-0.0785663535294211,-0.101543792640737,0.111802580332601,0.00637401254481795,-0.062154045550705,-0.0996534470714936,0.133782828915411,0.0315804869365423,-0.00827155759646969,0.240197248298391,-0.0104908223513224,-0.0506069603419102,-0.0518913858972202,0.209256275180275,0.0160838411268667,-0.217565430511177,-0.00933141102444139,0.0287810561463102,0.0441254572255211,-0.05465409426431,0.262021801994693,-0.127914470465843,0.0353665940107195,-0.146561949495128,0.0755963252417261,-0.0789445187762778,0.0194315528479116,-0.0958592515411704,0.0579193411447229,0.0165698246252956,0.0453624015580911,-0.171386726723169,-0.0988299024044591,-0.0602588669383879,0.0656162995603044,0.0100329608708802,0.0401702839237554,-0.00366809110861391,-0.210762266723369,-0.0355577211611387,-0.0122893529407131,0.0472680438206329,0.0724405021544893,-0.0479030505016276
"4",0.267952936911896,-0.0389362747431168,-0.231722269006462,1,0.153280177673939,-0.127062192839898,-0.197821247209803,0.0309763355746503,0.0493355212393814,-0.0688981819771765,-0.0301271676732026,0.0635216873228813,-0.00456028419842255,-0.0277535923879094,-0.110799564551027,-0.0952828467888677,-0.0489368112922167,-0.164795970818544,0.0889861100345227,0.181518791614364,-0.0323520582333936,0.191996216207871,-0.177979536516107,-0.0347456659298294,0.227917545858634,0.26610974612039,-0.0882657501222493,0.0532965024248533,-0.0455838893890707,0.0628258008235124,0.0367422356338535,0.0874788803787016,0.0275322325156376,0.0468659343395409,-0.245919612538485,-0.041291737038506,-0.259225266206682,0.0356997522507304,-0.121231895341259,0.0205102446885633,-0.00390887846643256,-0.0561335760664284,0.0389335834126042,-0.12165197110239,-0.186119117180922,0.0766601558997237,0.0800212281100205,0.0300406329665768,0.0787331375195307,-0.0508552672742465,-0.140405222402684,0.0542660673680946,0.0457366004727115,0.0545590304682549,-0.0996302134161669,-0.0650131502821547,-0.0545594992546482,-0.0104704019963285
"5",0.20453039750621,0.0375607647866456,0.0508660946676035,0.153280177673939,1,-0.1035403686228,0.0863565319059406,0.0811659355050498,0.090885430390177,-0.0997448139269225,0.162474468892338,0.0238027003736386,-0.0819817157688966,-0.212488541456175,-0.00479547723531245,-0.0627053355525487,-0.161497005664767,-0.219869153549766,0.0279684028253368,0.103001069595346,0.087110740080506,-0.0189499117666933,-0.282284218326918,0.0307066467191827,0.0782448859594648,-0.0747690276317654,0.037711966550826,-0.0996402804113209,-0.0218850560706225,0.0945772587706424,0.0356045220582731,0.0586063762598999,0.171099793803132,0.210051343059693,0.0327352306605513,-0.111356181452518,0.203328644284419,0.157648404947335,0.033513560734708,0.0386527528115096,0.057202916584003,0.00427315694488978,-0.168285069735333,-0.255744407320092,-0.0934899071668332,0.0624211693575442,0.11032074206737,-0.00798222818029493,-0.133944533715522,-0.226333981406666,0.132601576016386,0.0781447148493797,0.127107159841846,0.107738048372633,-0.0149694138292141,0.171195093716246,0.0990306954709207,0.0269321898948426
"6",-0.193536272794466,-0.0671062251873006,-0.00864647087814378,-0.127062192839898,-0.1035403686228,1,-0.0405839791017004,-0.144321329280516,-0.234385587132231,0.149561815718839,0.159765914097783,0.26291972977446,0.0900590348941881,0.111678333450952,0.128843447405108,0.0483612381082157,0.141437991984732,-0.0875636679455552,0.146619266279696,-0.277674975432285,-0.109591469616442,0.0199157544092168,0.0635248977445074,-0.0113334428696381,-0.107562513668422,-0.14692157919147,0.0734191960186494,-0.189747921933675,-0.0782222455623837,-0.114454943012302,0.0307192586205919,-0.0127792924918914,0.0258331959506061,0.0885142337670589,0.147886347477559,-0.0189683320079146,-0.0502356859088224,-0.150716926713845,0.373995226467751,-0.0248537331993384,0.120636004263329,0.0879317069951689,-0.0739215742756966,0.107386083292216,0.157122143639539,0.010575146565237,-0.0150989029436585,-0.0631393946699494,-0.0056276923112071,0.141849472366101,-0.0388033257965219,0.0766514380371991,0.0282329876472744,0.0969891254962397,0.113531434100426,-0.185523548077125,0.0913846013305272,0.0863943989619868
"7",0.210208878674397,0.159605460665627,0.176906035883431,-0.197821247209803,0.0863565319059406,-0.0405839791017004,1,0.0157433976652263,0.165325987090654,0.13607577598358,0.0826657277300163,-0.00711917353078846,0.0577896668541885,-0.218509464147828,-0.0822191980063068,-0.0118196365991423,0.110143987728963,-0.0801502923910292,0.0320500122827931,0.00912147562766107,0.0951735118622526,-0.104022471834,-0.0700153400584625,0.501157582419371,0.170126435676858,-0.215051432673441,-0.17329446653811,0.00969491214366389,-0.143179756457055,-0.141039758409522,-0.00787857901203032,0.0471562243252373,0.136799085174716,-0.0261952329808516,0.67374664589618,-0.0403276862793384,0.498066851548133,0.0202631751081635,0.00828541378347094,0.0310015593281557,0.0305377686283763,-0.0114501442323621,0.00109013493254094,-0.189891323613897,0.477682866752386,-0.248125318113181,-0.0386871784971672,-0.119220387430709,0.0827489136931332,-0.111926571973969,0.241259888753858,-0.126291780497332,0.133133876589114,0.392720143109705,0.193185318799858,0.0464651974774416,0.432364933568913,-0.116290554105319
"8",0.162160752833147,0.294586111685932,-0.142544413928597,0.0309763355746503,0.0811659355050498,-0.144321329280516,0.0157433976652263,1,0.108388178541213,0.234519652942499,0.119505536866938,0.0863862225585801,-0.216314953355938,0.041639772451701,-0.120219430153851,0.209827080563621,-0.21177624080385,-0.113907522608312,-0.00198517559568728,-0.0507808633839272,-0.0990760827864942,0.0139751505882931,-0.0252993467118994,-0.159267173773729,-0.0308055960280037,0.109009137687945,0.16500259670286,0.0867071767222302,-0.0604705234315116,0.161490719716458,0.0514581824842337,0.0257759372526783,-0.107444467289129,0.0759089032799964,-0.142452514807272,0.381296576486709,0.0521943520084339,0.187486318826211,-0.0190149439437553,0.107111523222638,-0.055439046283587,-0.103593195393699,-0.256382712602574,0.152044726133951,-0.234022872845866,0.135858025420284,0.116688646457973,-0.146805175531042,-0.260912754190503,-0.129933372846212,-0.121009524643621,0.0545419960267602,0.0165130204740925,-0.0587428268138247,-0.0932040094979304,0.1352134396337,0.0245379313343179,0.252137655041283
"9",0.39720685900279,0.182975196256972,0.0236151833948429,0.0493355212393814,0.090885430390177,-0.234385587132231,0.165325987090654,0.108388178541213,1,0.0839338040052504,0.0617722240515295,-0.0798508083643219,-0.126119984558107,-0.0553137508580436,0.0832410854286006,0.131086227759238,-0.0906860164267637,-0.0862900286928606,-0.00208343607048827,-0.147833793486828,-0.138562735935993,-0.138806873540112,-0.0187167381187207,0.128591922812972,0.0239289390797348,-0.0672843252298926,0.0487170673141229,0.122206872395959,0.206806030244765,0.0608428713247056,-0.0128403585324139,0.00433915944542669,0.328744859969394,0.181798245124489,0.101556489249671,0.0073069988203465,0.246196165875185,0.174629261178826,0.0324472256888238,0.125219603328552,0.0743761963557943,-0.133939628716239,0.175677893985154,-0.0818640080234269,-0.019728823894604,-0.191198270712306,0.0427842024676889,-0.0556220569490134,-0.189535041026211,-0.0114567438003252,0.181805247788428,-0.125335023703508,0.0607834390271369,0.157543917271668,0.0361601020508725,0.0537711720811533,-0.0225730256812478,-0.00191870364192686
"10",-0.043871792221568,0.402189916049513,-0.0684719183746129,-0.0688981819771765,-0.0997448139269225,0.149561815718839,0.13607577598358,0.234519652942499,0.0839338040052503,1,-0.0712232555771208,-0.00218768454135751,-0.0531278163835846,0.03865115948509,0.0139571325173097,0.025164543674459,-0.266314676335836,0.0102044306943333,-0.0181954936955633,-0.217618721408596,0.111935193724109,0.0627332390457942,0.0473865845085429,-0.00897659853288438,-0.00607434699627413,0.0214349410512633,0.106279269465177,0.0747086364482158,0.199571372189113,0.18356230997088,0.0211304184646372,-0.0920878159138828,-0.0238779354105203,0.0330206094615368,0.0780154951821581,0.184209540863879,0.0854380351274476,0.11408911424808,0.158425543560305,0.070071249226659,0.126801492396599,0.0496139261648473,-0.0599645664018966,0.241733246125553,0.171464674927211,0.0668464208529519,0.127720111731581,0.101960879396633,-0.0664278288794293,0.154083649798216,-0.106978559297669,0.131071657623342,0.148695411861819,0.0333062152722453,0.00647181985257726,-0.0350715996289939,-0.0176887965096671,0.247737787628641
"11",0.269420004505916,0.0988814721601084,0.193519256517171,-0.0301271676732026,0.162474468892338,0.159765914097783,0.0826657277300163,0.119505536866938,0.0617722240515295,-0.0712232555771208,1,0.216605350953237,-0.0657201410606994,-0.0615944410815547,0.0644121853936585,0.0767032613377882,-0.0491028251321434,-0.128918640159741,-0.00835498640163272,0.007583026866966,0.0153073412119012,0.0843747059000387,0.0725686891621862,0.159078285088439,0.208714486296315,0.0220297756186506,-0.0391678722321129,0.00795989082688444,-0.10101147399172,-0.0882013065622297,0.141148550230069,0.0835989808620467,0.347649072394002,0.326946695461619,0.183773605562552,0.0965922801100093,0.0290447339620033,0.0014640210202994,0.231300272748858,0.196062584759216,0.0141832489605191,-0.116927095860775,0.0635402102800232,0.0357196350924424,-0.108134512122423,-0.211343035571948,-0.0441878875148623,-0.155187591820057,-0.20303993689785,-0.10892796773084,0.190690113596078,0.0109308540066848,-0.0536978682675432,0.168669971223265,-0.0710377250041908,-0.127954337382694,0.113572858586577,-0.0458297255448678
"12",-0.0483126029708818,0.0714663576546242,-0.0757088391572826,0.0635216873228813,0.0238027003736386,0.26291972977446,-0.00711917353078845,0.0863862225585801,-0.0798508083643219,-0.00218768454135751,0.216605350953237,1,0.0133715147795312,-0.0084746598422868,0.134629222916217,0.151796349806341,0.00137223093623214,-0.191186145000478,0.0413066310245564,-0.0279501521523135,-0.0143403139822419,0.112028958243164,0.0381054260086416,-0.0208573911799681,0.163394234893822,0.133666163431096,-0.0282206362784969,0.0106242816768474,0.0656957963169766,0.0348003028749214,0.00981137618452634,0.0595438892142073,0.143517674281078,0.185875824752125,-0.101800302406295,0.00782534807584785,-0.287512901910202,-0.131408036017202,0.197112514054729,0.0236937703650099,-0.0729832024451456,-0.203072351705628,-0.232507775231525,0.0955430310630826,-0.18869904752716,-0.0518660203544373,-0.0801605360787443,-0.1882328651955,-0.0501449918526473,-0.0342103039735913,-0.12579532072329,0.0660125003415578,0.040192255407725,-0.0205254522069376,0.0392321155886822,-0.107473556299425,-0.0638577512997765,0.0574268178667646
"13",-0.305135743205,-0.127786907303694,0.040155313721401,-0.00456028419842255,-0.0819817157688966,0.0900590348941881,0.0577896668541885,-0.216314953355938,-0.126119984558107,-0.0531278163835846,-0.0657201410606994,0.0133715147795312,1,0.118533216613062,0.031900050753188,-0.0976574714071605,0.432663729221357,0.165115493393909,-0.151097213993378,-0.0396428260916008,-0.0613764687087668,-0.195837946240538,-0.0369161564446237,0.17781294594217,-0.00877848165470826,-0.0703078684324181,-0.2828795194091,-0.154495952474164,0.0996862936053012,-0.20873899180906,-0.16197533400723,-0.0787092793334516,-0.142330009111215,-0.082303177465737,0.0905410246998536,-0.0186381901057254,-0.00655532876057874,-0.0328547908640358,-0.151704680410495,-0.00082295906533972,-0.0599005668355421,-0.120095126093349,0.11247310717128,0.104954195986012,0.0898414053709997,-0.198671288788887,-0.00058698474296044,0.0576215481993067,0.515275651721375,0.16875439310935,-0.04576894303375,0.0651096020069586,0.032264548479856,-0.00842394544224041,0.0633217067080898,-0.160083613436476,-0.116512859387352,-0.0200692111150754
"14",-0.112433945392072,0.0887840389707125,0.0836395579641379,-0.0277535923879094,-0.212488541456175,0.111678333450952,-0.218509464147828,0.041639772451701,-0.0553137508580436,0.03865115948509,-0.0615944410815547,-0.0084746598422868,0.118533216613062,1,0.112900158561486,-0.0864308722901526,0.27706861964887,0.315050798282562,-0.0328556573734654,-0.24933060303352,0.0962717648920782,0.215506503403252,-0.00725686071977733,-0.0827465889312236,-0.19402400196823,-0.036272882561318,-0.14607142369584,0.12201238286974,0.0437285400459012,-0.231751250729696,-0.0819807453073082,-0.20466873162781,-0.0408227025514223,-0.0504842718036858,-0.0332161558656712,0.056699804172571,-0.13511610441261,0.0373601523676513,0.0368009935025699,0.0120791909964115,-0.0725631172057435,-0.10798309072891,0.166476302442638,0.100643627615034,-0.187217798092182,0.0607744872334998,0.0318783525772778,0.0416222156465588,0.154716009704627,0.561423022820875,-0.205463868603414,0.0572857484857808,-0.0594362977396924,-0.121429570621111,-0.0196965154491266,-0.0179004470264497,-0.107860677469834,0.012406296573946
"15",-0.0385784945673121,-0.171891486081323,-0.0785663535294211,-0.110799564551027,-0.00479547723531245,0.128843447405108,-0.0822191980063068,-0.120219430153851,0.0832410854286006,0.0139571325173097,0.0644121853936585,0.134629222916217,0.031900050753188,0.112900158561486,1,-0.100874281363603,0.119073035468978,0.169043812444322,0.195696674915288,-0.172125375306308,0.0925679631626555,0.0809482534265979,0.0300142470039329,-0.0081186563308946,0.10360977656366,0.0243322718808488,0.0185866076622986,0.024376213163424,-0.0520296840947578,-0.113866768835905,-0.136554919468144,-0.142415102308128,0.0590714116162061,0.0694870842157672,0.0743254906009915,-0.0520368447100991,0.0378363716211895,-0.0979795950575527,0.0502674601333115,0.100046414160939,-0.0415405163154588,-0.171765265148411,0.0871538289716391,-0.0457071679708518,0.028838588334736,-0.0703021704855512,0.00137904387996073,-0.00900828078811661,-0.130726299204868,0.129429078820685,-0.0687002502181286,-0.0712017699451694,-0.0736008289114568,-0.0359988494702503,0.0124084399226873,-0.0771667642547328,0.0183942842695339,-0.0676829472669889
"16",0.0693115151747435,0.0571272110656648,-0.101543792640737,-0.0952828467888677,-0.0627053355525487,0.0483612381082157,-0.0118196365991423,0.209827080563621,0.131086227759238,0.025164543674459,0.0767032613377882,0.151796349806341,-0.0976574714071605,-0.0864308722901526,-0.100874281363603,1,-0.216265725472055,-0.0751898853753345,0.0333686403979488,-0.00428588163045627,-0.0648386239529367,-0.126186860703025,-0.108687294014029,-0.0565619302645156,0.0438582282521521,0.0592503827309964,0.0422228504970055,0.0954636894049352,-0.0906280490962647,0.149844140550271,0.074957373023993,-0.0324541429013005,0.256661547494103,0.267806682420288,0.0177780822908658,0.175253570721468,0.0034655063198078,0.149826849699077,0.230641492856162,0.349374945369382,0.0439398355421172,0.087989754343638,-0.197587991242847,-0.125435466861735,-0.237829797170654,-0.129021770507565,0.0540812774312188,-0.174012995093275,-0.270506015570254,-0.156565320315477,0.0164762288372529,0.297921203185018,0.112735716891872,0.229237385593883,0.0667002509518789,0.0110888757089671,-0.107332693616778,0.135457228600974
"17",-0.100534434589019,-0.207508570149347,0.111802580332601,-0.0489368112922167,-0.161497005664767,0.141437991984732,0.110143987728963,-0.21177624080385,-0.0906860164267637,-0.266314676335836,-0.0491028251321434,0.00137223093623214,0.432663729221357,0.27706861964887,0.119073035468978,-0.216265725472055,1,0.28372944267397,-0.0452099571325219,-0.0562422533671386,-0.147738213858475,0.0391945140017916,0.043074113554935,0.217221398087502,-0.159993537282698,-0.132925214450562,-0.275607551126328,0.00300377239572893,-0.0591888929825834,-0.235266688159075,-0.0515184551762687,-0.166833123300767,-0.00161528618661049,-0.0733372678116618,0.141844585226766,-0.130652281573973,-0.041615820686041,-0.162084772178116,-0.0482640092771544,-0.0111036332499802,-0.14378094555409,-0.145241563912064,0.044950788088117,0.103633155232735,-0.0428034421003808,-0.266333011788648,-0.0644946482498451,0.00037794295539224,0.42196128621418,0.183157201235555,-0.0499196848857318,-0.0321064472918731,-0.188512479465943,-0.262561810279827,0.0149972788689232,-0.0996750671055535,0.0668607141124562,-0.219925915609053
"18",-0.120198490993748,0.095930018040968,0.00637401254481795,-0.164795970818544,-0.219869153549766,-0.0875636679455552,-0.0801502923910292,-0.113907522608312,-0.0862900286928606,0.0102044306943333,-0.128918640159741,-0.191186145000478,0.165115493393909,0.315050798282562,0.169043812444322,-0.0751898853753345,0.28372944267397,1,-0.0935083217919756,-0.107963561713545,-0.0425252448933051,0.0111587354996545,0.172845687903744,-0.0484242232429602,-0.277205166954461,-0.0731999579999068,-0.139157968243265,0.0780684687435256,0.0618296033052159,-0.0921226189605065,-0.169850447715592,-0.161218463804195,0.0296444914828885,-0.0291265947111218,-0.0455391690848514,0.0346054767992591,-0.182365759894292,-0.0230036987269588,0.0272166498955512,0.0711604159234939,0.00082964214466934,0.100792615277351,0.112946197050196,0.0617242980483534,0.0521750624086601,-0.0469811044582174,0.0174998319912351,0.206020069033032,0.125194298078842,0.496014467938959,-0.0333363723123828,0.0493177080123072,-0.123515638604117,-0.16510120983221,-0.0948314918813586,0.0891890669267639,-0.194023299963463,-0.0520914206579393
"19",0.110101705384557,0.0488088339449805,-0.062154045550705,0.0889861100345227,0.0279684028253368,0.146619266279696,0.0320500122827931,-0.00198517559568728,-0.00208343607048827,-0.0181954936955633,-0.00835498640163272,0.0413066310245564,-0.151097213993378,-0.0328556573734654,0.195696674915288,0.0333686403979488,-0.0452099571325219,-0.0935083217919756,1,-0.0540598753941764,-0.139823614065808,0.0914298628596938,-0.128521162928929,0.124498649140574,0.215622774392742,0.132264595150282,0.151038101460483,0.104958578597968,-0.0610678111535754,0.0336199459445572,0.451577673328718,-0.135755528266086,0.0681024371552837,-0.0162997801597036,0.185549265212516,0.00552288834491788,0.0736118533220312,0.0539495432902519,-0.0765662475497511,-0.180508888412311,-0.184537346625971,-0.152833887857593,-0.0270291951929641,-0.0588826585762756,-0.0486870603249347,-0.12946144967623,-0.132392249567449,-0.174202616656007,-0.149060246425344,-0.0688478337766443,-0.0164243504237239,0.0154416734108934,0.0884633589770901,0.193690407759735,0.182878388992973,-0.200075048812327,0.0985053742214376,-0.155066947624459
"20",-0.0269755744697292,-0.198012372595728,-0.0996534470714936,0.181518791614364,0.103001069595346,-0.277674975432285,0.00912147562766107,-0.0507808633839272,-0.147833793486828,-0.217618721408596,0.007583026866966,-0.0279501521523135,-0.0396428260916008,-0.24933060303352,-0.172125375306308,-0.00428588163045627,-0.0562422533671386,-0.107963561713545,-0.0540598753941764,1,-0.0606991278785398,0.0390587358716792,-0.226911369553629,-0.109340485872742,0.275224099150682,0.0824588648726567,-0.111338870492717,0.0169326337721373,-0.020799586169217,-0.0327509814970241,-0.0868327703564817,0.265318827777036,0.0204581711764321,0.0687279571631965,-0.0813913431498702,-0.0123774647234019,-0.0843681335715818,0.0265009655941599,-0.149353465310957,0.10396068514729,-0.09692916893461,-0.0763878240743602,-0.114396311568249,-0.14904230419731,-0.0939433695363172,0.0794842647681729,0.080201896992177,0.0516152072072373,0.0808037253870766,-0.21147305455431,0.0600314700655099,0.0371831891248429,0.089454892506034,-0.0748201666439942,-0.076652372484338,0.00537342887347058,0.00570485984982401,0.0387968900487159
"21",0.134599349813867,-1.2446106806271e-05,0.133782828915411,-0.0323520582333936,0.087110740080506,-0.109591469616442,0.0951735118622526,-0.0990760827864942,-0.138562735935993,0.111935193724109,0.0153073412119012,-0.0143403139822419,-0.0613764687087668,0.0962717648920782,0.0925679631626555,-0.0648386239529367,-0.147738213858475,-0.0425252448933051,-0.139823614065808,-0.0606991278785399,1,0.0821758645960807,-0.0446993898478904,0.0269016964230004,0.0808495678623412,0.0438515588208485,0.0583630982795914,-0.040323147864537,-0.0208917407204719,-0.128765888249166,-0.238098140667739,0.194116258730399,-0.0890781381336267,-0.0266027218449087,0.122874264522808,-0.13491880308426,0.0690677835406278,-0.0625881260352788,0.0192095498215246,-0.10139146620291,0.13613301705446,0.089632047363447,0.0755862506915624,-0.103527940092734,0.113462149886126,-0.0929262977026053,0.144124842992736,0.150185067729293,0.0975003630581704,0.0104952951557257,0.075936098592193,-0.0716381793896951,0.120059792973543,0.189598502857967,0.110600949913406,-0.103237874753856,0.067363253688842,-0.115635345974027
"22",0.117508601732556,0.075735352821151,0.0315804869365423,0.191996216207871,-0.0189499117666933,0.0199157544092168,-0.104022471834,0.0139751505882931,-0.138806873540112,0.0627332390457942,0.0843747059000387,0.112028958243164,-0.195837946240538,0.215506503403252,0.0809482534265979,-0.126186860703025,0.0391945140017916,0.0111587354996545,0.0914298628596938,0.0390587358716792,0.0821758645960807,1,-0.0219029086860933,-0.00183139722962158,-0.0467782048334552,0.0563866994013355,-0.0123151568310638,0.179963910864892,-0.122294193038136,-0.117772527279736,-0.043895375133572,-0.127355246993851,-0.114722187880779,-0.0365184615598676,-0.136512397425855,-0.0207773337232517,-0.207242601372112,-0.191592906280833,0.0628350698514369,-0.0414458319061278,0.0609868284918187,0.0598863625112726,0.0279223919955542,0.0823564151852688,-0.142768548770729,-0.0233059142046417,-0.00681038981618738,0.010220244513118,-0.0113445274543059,0.118474720749975,-0.264673274750745,0.161525238128015,0.0288233198273591,-0.109441691170206,0.00990725950423811,0.092146399561752,0.181347442041819,0.0154169727847731
"23",-0.107489373007988,0.167480751283737,-0.00827155759646969,-0.177979536516107,-0.282284218326917,0.0635248977445074,-0.0700153400584625,-0.0252993467118994,-0.0187167381187207,0.0473865845085429,0.0725686891621862,0.0381054260086416,-0.0369161564446237,-0.00725686071977733,0.0300142470039329,-0.108687294014029,0.043074113554935,0.172845687903744,-0.128521162928929,-0.226911369553629,-0.0446993898478904,-0.0219029086860933,1,0.0343696305185658,-0.211672440202565,-0.130638392177827,0.0975234162040866,0.0450199761784771,-0.119987314488752,-0.0819863661671535,-0.0527352407292462,0.0175242134016006,-0.096542299326223,-0.0318159594919432,-0.073681964050614,0.0159594486948164,-0.0503113052749738,-0.204560454226488,0.133382708751267,0.0597356996542066,0.00033161876833525,0.00640958032270363,0.00831942390156121,0.0860002114426121,-0.00916648197864614,-0.0307147124003875,-0.14251089611902,0.11894854049541,0.0287063834487987,0.0238795089453321,-0.0388358088427934,-0.135611021399512,-0.130238430123593,-0.264123344738148,-0.158761250846584,-0.011521893652842,0.0251460541969582,0.015205294279247
"24",0.117770515544919,0.065495873492522,0.240197248298391,-0.0347456659298294,0.0307066467191827,-0.0113334428696381,0.50115758241937,-0.159267173773729,0.128591922812972,-0.00897659853288438,0.159078285088439,-0.0208573911799681,0.17781294594217,-0.0827465889312236,-0.0081186563308946,-0.0565619302645156,0.217221398087502,-0.0484242232429602,0.124498649140574,-0.109340485872742,0.0269016964230004,-0.00183139722962158,0.0343696305185658,1,0.13545134460117,-0.148131214780255,-0.212756581080989,0.0348995150262443,-0.00127411783409204,-0.25314611327812,0.0256928037282581,-0.160860737650255,0.0907652731643278,-0.0694521809950593,0.489146884144391,-0.0687430812777553,0.274561433541075,-0.0791945916491843,0.0202259634887089,0.0779582031717689,0.0928311964827264,0.00650025730952671,0.0688734565837206,-0.154532902538383,0.306092981796279,-0.387094564494265,-0.0866487889075634,-0.167895949575394,0.13605970099353,-0.0151297160623434,0.109771485308005,-0.121942996010019,0.0151245620570484,0.351437642977813,0.0597501021616238,-0.171251074850433,0.292223590451686,-0.325883481626247
"25",0.076918974096636,-0.028658556660906,-0.0104908223513224,0.227917545858634,0.0782448859594648,-0.107562513668422,0.170126435676858,-0.0308055960280037,0.0239289390797348,-0.00607434699627413,0.208714486296315,0.163394234893822,-0.00877848165470826,-0.19402400196823,0.10360977656366,0.0438582282521521,-0.159993537282698,-0.277205166954461,0.215622774392742,0.275224099150682,0.0808495678623412,-0.0467782048334552,-0.211672440202566,0.13545134460117,1,0.151825297875081,0.0445864355246329,0.101873594999929,0.0337120110269018,0.0453243499540786,0.0470233328425456,0.138495233127222,0.112447360497075,0.0479671351626264,0.109682830351677,0.0151794445032873,-0.0534430135515361,0.0290455544417267,-0.0817811148407315,0.0525381766762062,-0.153658075274479,-0.108465469027505,-0.0586154456194723,-0.106149434028559,0.0315207479954589,-0.156132496069843,-0.147358903635234,-0.168458037661236,-0.0039379161098516,-0.185559728562369,0.14478888742406,0.0742985808945811,0.204754625990923,0.129354719646317,-0.0448693324098206,-0.274565356395004,0.0735161690281011,-0.129066540137
"26",0.153028468566585,-0.00444392502689918,-0.0506069603419102,0.26610974612039,-0.0747690276317654,-0.14692157919147,-0.215051432673441,0.109009137687945,-0.0672843252298926,0.0214349410512633,0.0220297756186506,0.133666163431096,-0.0703078684324181,-0.036272882561318,0.0243322718808488,0.0592503827309964,-0.132925214450562,-0.0731999579999068,0.132264595150282,0.0824588648726567,0.0438515588208485,0.0563866994013355,-0.130638392177827,-0.148131214780255,0.151825297875081,1,0.016543451067409,0.00326742922923814,-0.04515268839043,0.0793130809053715,0.0981649341664739,0.0366585569075466,0.0770249185401581,0.124407027361061,-0.180817055673314,0.143439087470971,-0.299926263243535,-0.0516807675260267,-0.171011055089629,-0.0624486502859952,-0.0646535677809011,-0.105173987460853,-0.0807011956957812,-0.0634286581634765,-0.192579789159956,0.0438074060199473,0.0115284666265501,0.0644440327269487,-0.057116880757398,-0.0916921159879928,-0.0294943402133874,0.0179743127814748,0.012981071259409,-0.0665604867327692,0.040694858032072,0.125282890711572,-0.26085954950588,-0.0658683699121262
"27",-0.100408355042982,0.049675628711964,-0.0518913858972202,-0.0882657501222493,0.037711966550826,0.0734191960186494,-0.17329446653811,0.16500259670286,0.0487170673141229,0.106279269465177,-0.0391678722321129,-0.0282206362784969,-0.2828795194091,-0.14607142369584,0.0185866076622986,0.0422228504970055,-0.275607551126328,-0.139157968243265,0.151038101460483,-0.111338870492717,0.0583630982795914,-0.0123151568310638,0.0975234162040866,-0.212756581080989,0.0445864355246329,0.016543451067409,1,0.137955107124917,-0.0419992090518272,0.178137723481743,0.0907792652760617,0.0987188545637152,-0.0993826881530237,-0.0705400586283744,-0.102905702083634,0.0378469748224883,0.0454735094439524,0.139338184672694,0.137251756084542,-0.138420845395133,0.160074119240959,0.144894388362114,0.0285600007132711,0.061499085243915,-0.0421176875012985,0.240555054662044,0.0796049410330698,0.178441440415762,-0.152376824199228,-0.0665305472846688,-0.105866995217223,0.0839681128762999,0.120809030933435,-0.0760357795621388,0.101352039349195,0.129039839828955,-0.0700876407746446,0.132461489157313
"28",0.10287189689887,0.0947093024278105,0.209256275180275,0.0532965024248533,-0.0996402804113209,-0.189747921933675,0.00969491214366389,0.0867071767222302,0.122206872395959,0.0747086364482157,0.00795989082688444,0.0106242816768474,-0.154495952474164,0.12201238286974,0.024376213163424,0.0954636894049352,0.00300377239572893,0.0780684687435256,0.104958578597968,0.0169326337721373,-0.040323147864537,0.179963910864892,0.0450199761784771,0.0348995150262443,0.101873594999929,0.00326742922923814,0.137955107124917,1,0.102923385071501,0.0897698260053038,0.161035304367725,-0.100431719637823,0.0877172952967661,0.107039000596328,-0.00957416865536268,0.157561398949245,-0.0328002054733658,0.184114833752933,-0.0167965595665027,0.114022638469596,-0.0622139028025844,-0.141165824355989,0.150110461092959,-0.0399618728947607,-0.144517922629764,-0.0354065400579313,0.0260178962149541,0.0235404648433786,-0.126987168823169,0.0483426782222744,0.0135745717599542,0.15993160340394,0.0104507962284874,-0.163540686795681,0.0984228691682318,0.0532820068060779,-0.0571500494535035,0.0875513444893978
"29",0.00063737555223573,0.0767413607094071,0.0160838411268667,-0.0455838893890707,-0.0218850560706225,-0.0782222455623837,-0.143179756457055,-0.0604705234315116,0.206806030244765,0.199571372189113,-0.10101147399172,0.0656957963169766,0.0996862936053012,0.0437285400459012,-0.0520296840947578,-0.0906280490962647,-0.0591888929825834,0.0618296033052159,-0.0610678111535754,-0.020799586169217,-0.0208917407204719,-0.122294193038136,-0.119987314488752,-0.00127411783409204,0.0337120110269018,-0.04515268839043,-0.0419992090518272,0.102923385071501,1,0.262383571702475,0.110696862125085,0.0884212999483768,0.0580695379736617,0.134842273106279,-0.167077654376833,0.002765782349724,-0.0228162176533219,0.142040089826996,-0.0980621067855448,-0.00280935293556053,0.0237426745718581,-0.095618480953204,0.122915322671319,0.111971019990092,-0.0453550519660403,0.144552365851163,0.0543620251705098,-0.0226527391675803,-0.028862007620294,-0.0188934741546421,0.0885422506429938,-0.0748464518532652,0.175976038642119,0.0238208015252653,0.0884028073490072,-0.0181001825966024,-0.179893021912243,0.0849957077426451
"30",0.0289685960853284,0.100125690362994,-0.217565430511177,0.0628258008235124,0.0945772587706424,-0.114454943012302,-0.141039758409522,0.161490719716458,0.0608428713247056,0.18356230997088,-0.0882013065622297,0.0348003028749214,-0.20873899180906,-0.231751250729696,-0.113866768835905,0.149844140550271,-0.235266688159075,-0.0921226189605065,0.0336199459445572,-0.0327509814970241,-0.128765888249166,-0.117772527279736,-0.0819863661671535,-0.25314611327812,0.0453243499540786,0.0793130809053715,0.178137723481743,0.0897698260053038,0.262383571702475,1,0.243900323557946,0.0253946634370695,0.100595379743961,0.0662932217034322,-0.253751997469412,0.0899397758617558,0.0747176706949135,0.235352412225852,-0.114725830463945,-0.0828589144244684,-0.185265049022872,0.00175949456085849,-0.0411495623205229,-0.0133037675557181,-0.123240818457811,0.105992390342412,-0.101119568277687,-0.171785415425122,-0.152445314442618,-0.165637834102486,0.0447521711072562,0.0649413646660502,0.123225076632648,-0.129298905891787,-0.0494354841880541,-0.0401461250817846,-0.132366297651124,0.159325247036095
"31",0.128265523363561,0.112053125171938,-0.00933141102444139,0.0367422356338535,0.0356045220582731,0.0307192586205919,-0.00787857901203032,0.0514581824842337,-0.0128403585324139,0.0211304184646372,0.141148550230069,0.00981137618452634,-0.16197533400723,-0.0819807453073082,-0.136554919468144,0.074957373023993,-0.0515184551762687,-0.169850447715592,0.451577673328718,-0.0868327703564817,-0.238098140667739,-0.043895375133572,-0.0527352407292462,0.0256928037282581,0.0470233328425456,0.0981649341664739,0.0907792652760616,0.161035304367725,0.110696862125085,0.243900323557946,1,-0.0456171951641928,0.127470361716426,0.140059482990188,0.09179272227811,0.00297050451871108,0.0936257355840027,0.197854600442381,-0.0120319716642617,-0.0223526159635018,-0.00822619114300989,-0.00799144673255052,-0.0785176908441053,-0.15192792328732,-0.135343207939336,-0.0523869277523422,-0.0774770877674714,-0.0870454592194553,-0.215067278058565,-0.286409901290286,0.0428842385700208,0.146629871191202,-0.0136195856804012,0.040741908459581,0.0861375783005442,-0.1462996338839,0.0361112967423022,-0.151475491151659
"32",0.127760293948248,-0.080050954935055,0.0287810561463102,0.0874788803787016,0.0586063762598999,-0.0127792924918914,0.0471562243252373,0.0257759372526783,0.00433915944542669,-0.0920878159138828,0.0835989808620467,0.0595438892142073,-0.0787092793334516,-0.20466873162781,-0.142415102308128,-0.0324541429013005,-0.166833123300767,-0.161218463804195,-0.135755528266086,0.265318827777036,0.194116258730399,-0.127355246993851,0.0175242134016006,-0.160860737650256,0.138495233127222,0.0366585569075466,0.0987188545637152,-0.100431719637823,0.0884212999483768,0.0253946634370695,-0.0456171951641928,1,-0.0472614658510522,0.0583978676809562,0.0141116332428308,0.0713406548673045,0.0910577597585518,0.0546497861666845,-0.036449120375301,-0.0502043323381773,-0.0601710668078924,0.0345082237824461,0.0925421758637243,-0.0244694039071484,0.10281883405138,0.137483759394335,0.0415252047692114,0.0189144623096218,-0.0444039935318796,-0.243321015557047,0.137312326885214,-0.00446806048290953,0.21669396362681,0.0593704051259444,-0.0197393834785378,0.0511692352862498,0.0857215625547513,0.198335769280074
"33",0.226931636496169,0.00863563912038527,0.0441254572255211,0.0275322325156376,0.171099793803132,0.0258331959506061,0.136799085174716,-0.107444467289129,0.328744859969393,-0.0238779354105203,0.347649072394002,0.143517674281078,-0.142330009111215,-0.0408227025514223,0.0590714116162061,0.256661547494103,-0.00161528618661049,0.0296444914828885,0.0681024371552837,0.0204581711764321,-0.0890781381336267,-0.114722187880779,-0.096542299326223,0.0907652731643278,0.112447360497075,0.0770249185401581,-0.0993826881530237,0.0877172952967661,0.0580695379736617,0.100595379743961,0.127470361716426,-0.0472614658510522,1,0.507727613879943,0.183805039263828,-0.0823207270423095,0.124508076449061,0.0818436312540082,0.232636381911093,0.261441228119538,-0.0187371253458425,-0.172947417051531,-0.203643139686725,-0.215140798978644,-0.122644768229467,-0.304518528830373,-0.119583007702468,-0.0994721617611056,-0.245537762985651,-0.122072425191478,0.307653677496509,0.0339154110117242,-0.0849590119704905,0.225959519295192,0.0971579365498838,-0.0449546617748235,0.057307019418298,-0.0736209078026681
"34",0.160231301606582,0.113882242312316,-0.05465409426431,0.0468659343395409,0.210051343059693,0.0885142337670589,-0.0261952329808516,0.0759089032799964,0.181798245124489,0.0330206094615368,0.326946695461619,0.185875824752125,-0.082303177465737,-0.0504842718036858,0.0694870842157672,0.267806682420288,-0.0733372678116618,-0.0291265947111218,-0.0162997801597036,0.0687279571631965,-0.0266027218449087,-0.0365184615598676,-0.0318159594919432,-0.0694521809950593,0.0479671351626264,0.124407027361061,-0.0705400586283744,0.107039000596328,0.134842273106279,0.0662932217034322,0.140059482990188,0.0583978676809562,0.507727613879943,1,-0.0577060609047566,0.0296196150864323,-0.0615308352961405,0.0233057425248607,0.155500139099184,0.430914228620841,-0.0169968885422169,-0.219645600792039,-0.235636294067344,0.0130295466528691,-0.260988867710032,-0.168062216154164,-0.0931900217775109,-0.0935612964200349,-0.243405313518673,-0.115796723531721,0.185726208606118,0.193251274975564,0.0193304298250033,0.091804280971907,-0.00275955423474881,0.0620457738862149,-0.154028566586775,0.0787683616750839
"35",0.178355555305472,0.0984435586992092,0.262021801994693,-0.245919612538485,0.0327352306605513,0.147886347477559,0.67374664589618,-0.142452514807272,0.101556489249671,0.0780154951821582,0.183773605562552,-0.101800302406295,0.0905410246998536,-0.0332161558656712,0.0743254906009915,0.0177780822908658,0.141844585226766,-0.0455391690848514,0.185549265212516,-0.0813913431498702,0.122874264522808,-0.136512397425855,-0.073681964050614,0.489146884144391,0.109682830351677,-0.180817055673314,-0.102905702083634,-0.00957416865536268,-0.167077654376833,-0.253751997469412,0.09179272227811,0.0141116332428308,0.183805039263828,-0.0577060609047566,1,-0.0465849726627605,0.551020945296431,0.0185473694010279,0.0329701791144424,-0.00150615446959083,0.0399298283297057,-0.00277982420043761,0.102689035526196,-0.251967670901988,0.35542455175756,-0.299307489118502,-0.0151756312361315,-0.0419565864820254,0.0651983521726794,-0.0103660816911523,0.206473077115542,0.0232263852889883,-0.00495493701646759,0.388438642765878,0.136096468794961,-0.105315654474502,0.364913633441763,-0.167746753949959
