"","l_Insular.Cortex","r_Insular.Cortex","l_Amygdal.Area","r_Amygdal.Area","l_Bed.Nucleus.of.the.Stria.Terminalis","r_Bed.Nucleus.of.the.Stria.Terminalis","l_Hippocampus","r_Hippocampus","l_Orbitofrontal.cortex","r_Orbitofrontal.cortex","l_Entorhinal.Cortex","r_Entorhinal.Cortex","l_Frontal.Association.Cortex","r_Frontal.Association.Cortex","l_Globus.Pallidus","r_Globus.Pallidus","l_Glomerular.Layer.of.the.Accessory.Olfactory.Bulb","r_Glomerular.Layer.of.the.Accessory.Olfactory.Bulb","l_Glomerular.Layer.of.the.Olfactory.Bulb","r_Glomerular.Layer.of.the.Olfactory.Bulb","l_Granule.Cell.Level.of.the.Cerebellum","r_Granule.Cell.Level.of.the.Cerebellum","l_Hypothalamic.Region","r_Hypothalamic.Region","l_Entorhinal.Cortex","r_Entorhinal.Cortex","l_Vermix.Molecular.Layer.of.the.Cerebellum","r_Vermix.Molecular.Layer.of.the.Cerebellum","l_Lateral.Molecular.Layer.of.the.Cerebellum","r_Lateral.Molecular.Layer.of.the.Cerebellum","l_Anterior.Olfactory.Bulb","r_Anterior.Olfactory.Bulb","l_Posterior.Olfactory.Bulb","r_Posterior.Olfactory.Bulb","l_Subiculum","r_Subiculum","l_Perirhinal.Area","r_Perirhinal.Area","l_PreLimbic.System","r_PreLimbic.System","l_Primary.Cingular.Cortex","r_Primary.Cingular.Cortex","l_Primary.Motor.Cortex","r_Primary.Motor.Cortex","l_Retrosplenial.Cortex","r_Retrosplenial.Cortex","l_Secondary.Cingular.Cortex","r_Secondary.Cingular.Cortex","l_Secondary.Motor.Cortex","r_Secondary.Motor.Cortex","l_Striatum","r_Striatum","l_Ventral.Tegmental.Area","r_Ventral.Tegmental.Area","l_Substantia.Nigra","r_Substantia.Nigra","l_Thalamus","r_Thalamus"
"1",1,0.359352734414759,0.0902205627509512,-0.0776376053046907,0.172555870638555,0.084751918329647,-0.108022582754338,-0.00616256270046987,0.240963945197323,0.32803182084887,0.228308262803499,-0.00398231289554086,-0.0827889510055446,-0.0722727329344034,0.102221548538249,0.134070760848018,-0.0799788370995986,-0.408102490160098,-0.132061311971525,-0.0705128537036136,0.107120226469834,0.11195379448848,0.260334029401584,0.048011430931558,0.0273142606495906,-0.107284115025335,0.153673816537779,0.0496850112060019,-0.0639558684868369,-0.0925210895859364,0.0528341865663996,-0.0701950674667241,0.25349685541574,0.0294862283133741,-0.015017889452024,0.035453412834854,0.0920838120397644,0.0547890771308352,0.307402514778598,0.256860848304492,0.0481590344795582,0.065726383844739,0.177360071631492,0.135199804919474,0.180912671146266,-0.00628053268486016,-0.171991879984602,-0.111804714107385,0.0578608101987224,-0.175114296659839,0.0472574978626215,-0.0177962493765878,-0.118269579036841,0.00601166662120283,0.033242937375541,-0.0550151957567446,0.109898719880811,-0.00580495865730761
"2",0.359352734414759,1,0.0380017810222615,0.149206912864199,0.00479676927365096,0.0565103173414541,0.187713793103998,0.101463264882174,0.272023203384932,0.367534197836738,-0.00035809141728054,0.137695298997634,0.218173154955875,0.229680580011814,0.178368460511305,0.0316252371768872,-0.122770123256244,-0.16508331173709,0.00743143577021047,0.033466496350698,0.058970252408493,0.0783260403815673,0.129840826939909,0.0508562259812474,-0.100515020139622,0.0401822126919756,-0.02807028262851,0.00896886791170554,0.194830448909703,-0.0402230596521543,-0.00670477450962435,-0.00825707079301636,0.187913531582935,-0.0100150736852063,0.0431720232905167,0.0848415086042585,0.178216128331147,0.125542481497204,0.145612997642002,-0.0844040800062959,0.0475272252086229,0.241339901031118,0.231618491364848,0.134617663459319,0.0389693908974578,-0.0490709703100133,-0.0175455891832641,-0.0172373315685065,0.237707848596763,0.188980333391242,0.0561836992450048,0.050583710510105,-0.123538248690528,0.0108840421344678,-0.173312110928112,0.0987288594320846,0.0640829469641772,0.0838994357308674
"3",0.0902205627509512,0.0380017810222615,1,-0.049459396129534,0.0129303062237395,0.0629052370382009,-0.0879078861397208,-0.07470866883452,0.0407544460963951,-0.0498490820960989,0.261182621154897,0.0738769534095947,-0.112388796166793,0.119341091636698,-0.172449141499976,-0.116220385230383,0.139178214860584,-0.148398903535821,-0.0696003129074561,0.141584699103947,-0.0308952068409585,-0.02326814113081,-0.20741773626503,-0.115107017293621,0.0216734821767821,-0.0221633381723775,-0.105803686559326,0.088986409181478,-0.0379799039670764,-0.0693483965116403,0.0823795640611281,0.226099406744531,0.126021768294919,0.162569804827181,-0.144765239997712,-0.10673858834585,-0.0132673297013173,-0.206214823663658,0.00452449561828242,-0.0409661606109629,0.0238410705437955,-0.116672608282716,-0.0372504251495277,0.0671927432993971,-0.116790343248568,-0.266280911312618,-0.0239534199889105,-0.124130915163495,0.00495632964802227,0.0286102192769395,-0.0358432397735514,0.13295488230028,-0.148261819060484,0.0163649586739144,0.0147798707958593,-0.00850890825454358,0.0422087621089453,-0.0314205718661051
"4",-0.0776376053046907,0.149206912864199,-0.049459396129534,1,0.170891456427805,-0.13333025247504,-0.02651276255252,0.205566541983857,-0.00672602858378453,0.181167485626141,-0.0753566948635257,0.14113014078125,0.326812469837718,0.268341125193951,0.0459174686325527,-0.104674955807271,0.044103262065617,0.0696575755580094,0.0242887561633624,0.0360909770469242,0.0501319681046619,0.0340213442642896,-0.195079817214981,-0.155807519992153,0.00258693289095509,0.0643558759275026,-0.0932887862835762,-0.065310031035327,-0.0536150901541563,0.154880995310084,-0.00153532491518956,0.00532217678057864,-0.0663509471394549,-0.0999580295351272,0.0442353729515275,0.0610138230250364,-0.0531473719336754,-0.0338713423029608,0.0646283357516061,-0.185391981187394,0.00776484923753453,0.181621843153666,0.069550752306138,-0.0364778523987734,-0.0065069866936367,0.0123101196190341,0.201619659541386,-0.003414013049918,0.228340609569353,0.186595108607458,0.0787659597847717,-0.189362886574231,0.143408596120135,0.165345844778667,-0.0342644481156343,0.118080486447117,-0.105160333915949,-0.0332560367802954
"5",0.172555870638555,0.00479676927365096,0.0129303062237395,0.170891456427805,1,-0.0300390351065104,-0.146405636564092,-0.131105848053765,-0.12651869246471,-0.0315977387516007,0.113266251527137,0.0321451095679249,-0.0836946194229489,-0.136576723382367,0.154902452919921,0.00999692744420091,-0.00990519778412541,-0.0723305216622186,-0.0117933521911524,-0.159515748701816,0.00844469969436633,-0.164284343237539,-0.0495008005550254,-0.0460295995048096,-0.00065827939238647,-0.151454733868317,0.0855550174498988,0.174434520984023,-0.120296366517423,-0.0591846566577502,-0.00857419406976895,-0.188916695687562,0.00331570135314333,0.020870052835511,-0.168928592075563,0.120257143334451,-0.111912926706826,-0.0619308335137911,0.17793271685979,0.106944378187785,-0.139173093386815,-0.0191809423056315,0.0451042147644441,0.00967559599946216,-0.093466045484403,-0.0789512230582992,0.0947900181620506,-0.0440767390154621,-0.113137780805054,-0.0351272676592556,0.208895280829575,-0.0117476127848648,-0.0697693145804509,0.0124452842748669,0.0121601354601589,0.163206220681897,0.386249306162495,-0.0892605959315649
"6",0.084751918329647,0.0565103173414541,0.0629052370382009,-0.13333025247504,-0.0300390351065104,1,-0.0153497911343835,-0.0891676584226509,-0.0267567187905956,0.149680856817375,-0.0134330508112826,0.0670998804354839,-0.0770461834532146,-0.0892418412259541,0.0386141990015468,0.0636711758451522,0.102321727461351,-0.00148161362146753,-0.0174753039483586,0.106016304401932,-0.133827673474498,-0.124777289498489,-0.0170165497170395,-0.0233872261043421,0.0287901806090506,-0.0162964273030469,0.120333865764151,0.244077493247374,0.0295658611342002,-0.203064344851902,0.033434483328096,0.176694368467492,-0.0101911326644462,0.096207356164957,-0.0911340106525217,-0.026861330920854,-0.117480820039487,0.0572840646348332,-0.0450213534387028,0.213382780702338,-0.0551979415131511,-0.0623377508289936,0.196609941861437,0.115636717078007,-0.0235796251026543,-0.0812879587792382,-0.0951787254106949,0.105635063058954,0.16965304051255,-0.140196709008404,-0.0463705147820676,0.0981816188472493,-0.084119738272259,0.00916378437154431,0.0242389024840596,0.01465433686085,-0.0539186083635735,-0.045706766749218
"7",-0.108022582754338,0.187713793103998,-0.0879078861397208,-0.02651276255252,-0.146405636564092,-0.0153497911343835,1,0.0892859956260202,0.258752250540789,0.201321383915174,0.0163590798209667,0.122670796342365,0.22282304612214,0.175783079705175,0.0410007734057045,0.0465328768601172,0.0807065883741662,0.00875575998503718,0.0729993446412492,-0.0474444595230609,0.0663751778743133,0.0246957520499423,0.0281849554882301,0.0754349797953174,0.0761810907369552,0.00287702034283146,-0.131001877877893,-0.122380325838603,0.224130481507087,0.0890985892224799,0.129425625434986,-0.0967954260865766,0.00436750268693973,-0.131948675529859,0.295498347264931,0.115795834463622,-0.0389485471360206,0.16608689625283,-0.0688475905382872,-0.070400104339362,-0.12489895544942,0.138549213104133,0.100911359225311,0.181688979800445,0.0731391535195187,0.086156557914489,-0.0225740779325518,-0.0809954905915867,0.201360304570134,0.129568254719104,-0.201508447576632,-0.0417575510169627,0.0696189980415617,-0.175165358547167,0.0652959012241706,0.183495612223852,0.00329148574192684,0.118111115985058
"8",-0.00616256270046987,0.101463264882174,-0.07470866883452,0.205566541983857,-0.131105848053765,-0.0891676584226509,0.0892859956260202,1,0.18766746155152,0.00625311596677843,-0.00839278158872747,0.0335257290182386,0.284913697415457,0.149400819193,-0.0940088175312414,-0.174680746532358,-0.147194108366277,0.210098478955351,0.0789085821900568,-0.03370727865207,0.0787443840707987,-0.0808149202836227,-0.060429232435204,-0.0499741931783005,0.130750555393803,0.0749952209210386,-0.14651719759408,-0.191108535602854,0.0572594409912774,0.144425172796726,0.0517124668702147,0.0431566312773592,-0.0748615184427613,0.00262385333533092,0.0693337109515142,0.403024624916046,-0.047084215152947,0.118313930009384,-0.0757089836084779,-0.0177689688730236,0.250665822790247,0.25809152341171,0.16808802100614,0.0880148698609387,0.0508719879143891,0.246921765927649,0.115396502676774,0.0592147191405268,0.270944201594356,0.207329034218792,-0.222107230179998,-0.209382044751935,-0.0470561324547396,-0.0770176941562428,0.0823917022032722,0.0606198840622221,-0.0166821035672189,0.300901115284702
"9",0.240963945197323,0.272023203384932,0.0407544460963951,-0.00672602858378453,-0.12651869246471,-0.0267567187905956,0.258752250540789,0.18766746155152,1,0.258916603084001,0.164576091185728,0.0829786228584386,0.374686953908487,0.275193676102661,0.0205530427036348,0.074336469038803,0.0913716831026219,-0.0451403432248678,-0.0335180701183008,0.156548643863515,-0.0204401920155428,0.0277194552677389,-0.0891686042952241,0.184616862734622,0.00603996978389921,-0.192465220134968,-0.0942795774223685,-0.0193231090884151,0.170401140172139,0.0117789504764192,-0.0160495620394003,0.156802449043476,-0.0545198979995013,-0.101544977204195,-0.019457137463014,-0.135838616131434,-0.127381724256643,0.0746901345810539,-0.0751893079193835,-0.106904953892316,0.0745597473800477,-0.00602562380530822,0.429853105632388,0.242862272360735,0.20062312109242,0.123112239294453,-0.0650252122997404,-0.141140379054889,0.416010162490161,0.142044484024372,-0.163859603924098,-0.0564800763774216,0.0203698624629767,0.145218012817499,-0.0031841978908312,0.232176587570583,0.0983250731425155,0.119492299176214
"10",0.32803182084887,0.367534197836738,-0.0498490820960989,0.181167485626141,-0.0315977387516007,0.149680856817375,0.201321383915174,0.00625311596677843,0.258916603084001,1,-0.109726566344654,0.041341344858855,0.191558288873347,0.166315552350192,0.155416210042593,0.123330902296155,-0.199346319531113,-0.19088308847626,-0.203804685610888,-0.237800171650982,-0.203281913527852,0.166452121317957,0.189361986674617,0.104099116155273,0.0280188828160934,0.105984531615259,-0.0561212475861793,-0.0170217760688488,0.129714190793381,0.0891424900980661,-0.070840344120228,-0.139354668442603,0.114390654782321,-0.102136461642776,0.0761448103106517,0.107311889232129,0.150251469176131,0.110338616052434,0.119251590135465,0.022622219059182,-0.0793945504952242,-0.0449452427500179,0.181189773699043,0.276814031291661,0.0277466606374881,0.0581388596427306,-0.0568722707811746,-0.145932137116963,0.179509959231964,-0.0894203419759537,0.0297624201511212,-0.0483045241353659,0.110034111444677,-0.0103061077085394,0.0783734669098695,0.0822998472395823,-0.143756310718758,-0.0517193558966094
"11",0.228308262803499,-0.00035809141728054,0.261182621154897,-0.0753566948635257,0.113266251527137,-0.0134330508112826,0.0163590798209667,-0.00839278158872747,0.164576091185728,-0.109726566344654,1,0.149497507133626,-0.0457848757378271,0.00070754411055198,-0.0239698174519286,-9.75295109192342e-05,0.192745030783645,-0.248691598877817,0.122378793112875,-0.0750334070136672,0.0893486909571575,0.134277445244587,0.0762731375063735,-0.0123118134961903,0.00263905292165841,-0.172095403985593,0.0256647416823063,0.0404891644006773,-0.257393458939448,0.170015212655491,0.169705164435251,-0.0763496920042765,0.247942271910081,0.0688826089170985,-0.174662994036967,0.025145206583905,-2.61578102036988e-05,-0.114220980081195,0.245978480678937,0.257695495389293,-0.0977663160585953,0.0227329796911913,0.0294515303497469,-0.00258831149662188,0.0913516041893691,0.0513090708383794,-0.1138603651024,-0.0489182396040184,-0.0147569669212898,-0.0451926717035849,-0.0298278844607124,0.0945918384361285,-0.167357722399945,-0.0277448325624728,0.128520009523709,-0.0195177298427972,0.122667425198091,0.0725624987270213
"12",-0.00398231289554086,0.137695298997634,0.0738769534095947,0.14113014078125,0.0321451095679249,0.0670998804354839,0.122670796342365,0.0335257290182386,0.0829786228584386,0.041341344858855,0.149497507133626,1,-0.011449315541245,0.233569308698002,0.0112510803752125,0.00430961562130204,0.0370457721758872,0.19775901687175,0.268329272674172,0.274575670147949,-0.00167434086825892,0.219519152167406,-0.026752191375913,-0.0301829002182962,0.00112116386150907,-0.128688580171966,-0.0343253612713342,0.138671524697673,0.148695390409293,0.156448587178914,0.235324594372871,0.292325919542571,0.185062410752513,0.102424272738849,-0.0100441763191206,-0.303813759661921,-0.0701939933082259,-0.0128427353883042,0.210015569419808,0.0245626699040347,0.0906148242166716,-0.150887353006013,-0.0522007230167256,0.00142136660148396,-0.0890508506409559,-0.103650840298166,0.0455074333761124,-0.0339172136607521,0.119918992641793,0.108838034688591,-0.124867838977854,0.109890954214145,0.0363448393087831,0.119731831643367,-0.132536119268826,0.124741928566615,-0.115970377681718,-0.0885265182817676
"13",-0.0827889510055446,0.218173154955875,-0.112388796166793,0.326812469837718,-0.0836946194229489,-0.0770461834532145,0.22282304612214,0.284913697415457,0.374686953908487,0.191558288873348,-0.0457848757378271,-0.011449315541245,1,0.305216868690727,-0.177495357833196,0.0635358869606597,0.0246786909088174,0.113906152207693,0.0582916287125224,0.204941218468297,0.0429211175746508,0.00712048190787902,-0.153717716926974,-0.021731007350453,0.171886916874895,0.112539438030739,-0.0333557368465698,0.010614795930072,0.12376880092326,-0.0419987118386971,0.0687474993564655,0.133039553394281,0.00261419006838871,-0.17713372567158,0.0295668421760502,0.0375826364307775,-0.0601038642509921,-0.0458620941438228,0.0462397292248609,-0.169837001035738,0.173764353501762,0.0761368794465232,0.270366466938296,0.087796819543905,0.0143644917322813,0.0531632530062378,0.176661681645875,-0.0789916814976337,0.504587122700973,0.133367561778285,-0.147927874193342,-0.243810907060058,0.117078750591402,0.0231807582792789,0.0345579579041407,0.323428614821369,-0.0419213531970665,0.00375938461311928
"14",-0.0722727329344034,0.229680580011814,0.119341091636698,0.268341125193951,-0.136576723382367,-0.0892418412259541,0.175783079705175,0.149400819193,0.275193676102661,0.166315552350192,0.00070754411055198,0.233569308698002,0.305216868690727,1,-0.197457075575033,-0.00570591713652351,-0.0475423015490142,0.218568568215885,-0.0734783959072567,0.134107412968888,-0.14812577153872,0.00106729824050572,-0.0651220013344097,-0.119430661590257,-0.116923823309683,-0.162994796567476,-0.0352433322414522,0.0936051206193056,0.0385542457162131,0.215107486207654,-0.093470484245131,0.222049883402358,0.00184422272856742,-0.071022624641145,0.0479376397242623,-0.0814380401238322,-0.0312950521006295,0.0273070197495506,-0.130173361340258,0.00757523926451504,0.0776071954439446,0.203801286667565,0.145463677609232,0.116884245832582,-0.110532269093797,-0.0107894552945113,0.104454859217623,-0.0342740968542037,0.34659959136086,0.644678488998661,-0.0721747406139447,-0.128536417061833,0.00922224682840355,0.195619605342125,-0.0167725058023932,0.171854580132056,-0.251856791528178,0.0202682051571921
"15",0.102221548538249,0.178368460511305,-0.172449141499976,0.0459174686325527,0.154902452919921,0.0386141990015468,0.0410007734057045,-0.0940088175312414,0.0205530427036348,0.155416210042593,-0.0239698174519286,0.0112510803752125,-0.177495357833196,-0.197457075575033,1,0.200918915174335,0.081053824957752,0.0284476345398778,0.0472352499723924,-0.14593317328893,-0.0984065531965977,-0.0638533136189919,0.132455960506894,0.125775407025608,0.0366483983558888,-0.260415864825193,0.00297251062612537,0.0990802745976889,0.0926755601105559,0.0753936496229691,-3.06120971463558e-05,-0.121377507550511,0.121436317536153,0.0678090576025313,-0.155630509472101,-0.0303018641734247,0.00050600046398285,0.169073707217224,-0.0536279786112678,0.0305966944335501,-0.186116972022587,-0.128429563815493,0.0399430121889488,0.0750398046185439,-0.0223019721681969,0.0991522490484035,-0.208897509468177,-0.0316262636638488,-0.0772207213537627,-0.180642365053075,0.129242029198115,-0.0057170468620473,-0.0246906870242962,-0.00286397827518444,-0.0583429396668662,0.014407447339262,-0.00701515472982735,0.0184486838323334
"16",0.134070760848018,0.0316252371768872,-0.116220385230383,-0.104674955807271,0.00999692744420091,0.0636711758451522,0.0465328768601172,-0.174680746532358,0.074336469038803,0.123330902296155,-9.75295109192342e-05,0.00430961562130204,0.0635358869606597,-0.00570591713652351,0.200918915174335,1,0.0422334360512426,-0.143267842486004,0.0591511877307973,0.112008984132842,-0.0132925971136241,-0.00897845446663656,0.0360296283096696,0.120404235068148,0.0556188672365985,0.0321754344525361,0.0963169723338335,0.250823377168492,-0.0873573773651161,-0.0798013784390259,0.0248779328396639,0.133338750227408,0.157243071559476,0.0646370590572115,-0.127728300484734,-0.0613554806386327,-0.0568975350281858,-0.0545855223715238,0.0109060372748684,0.191263177967428,-0.00367092618984093,0.0145123143408547,-0.0248176978441212,0.0921183393159041,-0.0317406942909197,0.137291594534174,0.0230850577974415,-0.0204061543382428,0.0569879542388552,-0.0247561069979959,0.125561667472079,0.143458485337882,-0.0783268716790069,-0.0942951522042842,0.0713323347614961,-0.0654414657547499,-0.117730311940416,-0.225253707697532
"17",-0.0799788370995987,-0.122770123256244,0.139178214860584,0.044103262065617,-0.00990519778412541,0.102321727461351,0.0807065883741662,-0.147194108366277,0.0913716831026219,-0.199346319531113,0.192745030783645,0.0370457721758872,0.0246786909088174,-0.0475423015490142,0.081053824957752,0.0422334360512426,1,0.060374328915118,0.179535729835984,0.0862036465475727,-0.0371315654547547,-0.11242151301031,-0.037509805935056,0.289872060407187,-0.0525822868511023,-0.0489842166768982,0.119780217910898,0.0873802969735591,0.0624319377256145,0.0531061092023297,-0.0355400973263077,0.0481758597987036,0.0169766302388809,-0.0340312596723085,0.0108127592287687,-0.133614576657266,-0.0438147100459964,-0.0906552775825809,-0.0160505854586862,0.0221493531864226,-0.227723885828791,-0.0755507362614181,-0.0533523772513267,-0.0197473387442016,-0.0826913514626233,-0.194653158120391,-0.00302581336907723,-0.0179500851908221,-0.108122808103669,-0.100762866152266,-0.0178883564886599,0.0181749136217435,-0.165611957979979,-0.0610570112217151,-0.00959819340795772,0.177503373835567,-0.160714421720777,-0.0621392814390467
"18",-0.408102490160098,-0.16508331173709,-0.148398903535821,0.0696575755580094,-0.0723305216622186,-0.00148161362146753,0.00875575998503718,0.210098478955351,-0.0451403432248678,-0.19088308847626,-0.248691598877817,0.19775901687175,0.113906152207693,0.218568568215885,0.0284476345398778,-0.143267842486004,0.060374328915118,1,0.127975361238164,0.248256843172031,-0.0212435889231735,-0.0604512788684742,-0.103889170177977,-0.0661597008987643,0.137432875544648,-0.0549439909392894,-0.189056821003623,-0.129290969310761,0.232021422669326,0.226518711316529,-0.0254968063670531,0.287701721728265,-0.20523534454475,0.0282651832844292,-0.0980725619575436,-0.0868150311419723,-0.00815090124731849,0.0820142056803083,-0.0865065216700934,-0.158037404804137,0.120484045365474,0.0102113747068329,-0.0777600693295305,-0.0839039506137514,-0.224775198743464,0.0339520552711978,0.0317872366027169,0.0597345985245272,-0.0139004339707338,0.255527139908984,-0.134354962313347,-0.0971055194971217,0.0670182860673168,-0.0005792306021034,-0.166052314251689,0.0313875075016877,-0.170193252259808,0.0828491637822494
"19",-0.132061311971525,0.00743143577021047,-0.0696003129074561,0.0242887561633624,-0.0117933521911524,-0.0174753039483586,0.0729993446412492,0.0789085821900568,-0.0335180701183008,-0.203804685610888,0.122378793112875,0.268329272674172,0.0582916287125224,-0.0734783959072567,0.0472352499723924,0.0591511877307973,0.179535729835984,0.127975361238164,1,0.275656097742025,0.0064683857388426,0.0731498792420967,-0.158127801100188,-0.0314317010779848,0.0233566203922382,-0.0613381822781687,0.0817416931658615,0.0464922484249485,0.202952595021157,0.120746294463828,0.541086233967798,0.295236807978643,0.0872761949530933,-0.0587067227728356,0.0167003412234207,-0.0427884589984843,-0.028015439925062,0.0301773091030685,0.0494335974411099,0.0856764231089458,-0.0951381727650581,-0.0212894864766945,-0.052968204453633,-0.0563210643478847,0.0269064172005565,-0.0435403178385086,0.00254402884965645,-0.0627761472106397,0.0102206381374155,-0.0593351840115603,0.101088235185089,0.0330274126806898,0.141700617278635,0.130794101680275,-0.0539973782196636,-0.0772990542819865,-0.0598395234739457,-0.0545536191894682
"20",-0.0705128537036136,0.033466496350698,0.141584699103947,0.0360909770469242,-0.159515748701816,0.106016304401932,-0.0474444595230609,-0.03370727865207,0.156548643863515,-0.237800171650982,-0.0750334070136672,0.274575670147949,0.204941218468297,0.134107412968888,-0.14593317328893,0.112008984132842,0.0862036465475727,0.248256843172031,0.275656097742025,1,0.0467414014091783,0.0419399136142441,-0.196974930979275,-0.176342295144532,0.0230957006659426,0.00714858286131263,-0.0194011790655885,0.124414940513582,0.201328609746699,-0.126089196626818,0.184734503496427,0.554759257613388,-0.133307200764194,-0.0435123920069381,-0.0984637652440193,-0.41174250232862,-0.161071930692792,-0.152356727197539,0.0184212682215834,-0.150981648189375,0.0247594948796052,-0.0947726637922541,0.0243372633726759,-0.100421195394684,-0.014291905222627,-0.168280832308451,-0.00313749455651451,-0.0970799713857239,0.0982417566826675,0.121728625533929,-0.108281497793847,-0.0315276280413927,0.04298546488049,0.179261291665409,-0.216260233149291,0.0631660466730192,-0.0141383408951288,-0.127973920959634
"21",0.107120226469834,0.058970252408493,-0.0308952068409585,0.0501319681046619,0.00844469969436633,-0.133827673474498,0.0663751778743133,0.0787443840707987,-0.0204401920155428,-0.203281913527852,0.0893486909571575,-0.00167434086825892,0.0429211175746508,-0.14812577153872,-0.0984065531965977,-0.0132925971136241,-0.0371315654547547,-0.0212435889231735,0.0064683857388426,0.0467414014091783,1,0.0492999833098676,0.0617416362632692,-0.10681803981757,0.143905892833418,0.0349284793476352,-0.157085508946043,-0.025005738807682,0.00151230847543826,0.0260302982031722,-0.0938195228173848,-0.146285298513386,0.00700096759095696,0.0782935494321116,0.113674362425188,0.0226478146920841,-0.0531901567243646,0.0122681859698758,0.102462592216542,-0.0977489342141234,0.13231111876649,0.200986702489582,-0.0287307467485259,-0.17734678238663,0.210564519715272,0.0910904711222917,-0.180414945596416,-0.0697106437924809,0.00259984901188906,-0.0487650207959677,0.0749702462526718,0.0332008036758494,-0.00407196245085152,-0.00219726543683357,0.00870700530432942,-0.0174983739300601,0.105120318665974,-0.00804493095705375
"22",0.11195379448848,0.0783260403815673,-0.02326814113081,0.0340213442642896,-0.164284343237539,-0.124777289498489,0.0246957520499423,-0.0808149202836227,0.0277194552677389,0.166452121317957,0.134277445244587,0.219519152167406,0.00712048190787902,0.00106729824050572,-0.0638533136189919,-0.00897845446663656,-0.11242151301031,-0.0604512788684742,0.0731498792420967,0.0419399136142441,0.0492999833098676,1,0.19537817724853,-0.100832209224336,-0.0332945281743141,-0.0213521482700685,-0.110323906826456,0.0469576268781523,0.00120223841526259,0.0192722145152216,0.160378646390122,0.0902295498630476,0.219497333273055,-0.11855873106098,0.01741317207232,-0.0624428133869648,0.223439724492508,-0.037772896844211,0.0931245886784205,-0.0154391462476572,0.107525062198428,-0.0847389342528912,0.0619991889611579,0.176803017480876,0.166487616124512,0.00073237571231688,-0.18458548183558,-0.236145106409676,0.0526796254247879,-0.0716488097811205,0.0577873297362148,0.0551235070913364,0.0678767837372402,0.0283570047772246,0.0935290978464714,0.0280721882265835,0.0163682794985881,0.0182894181305178
"23",0.260334029401584,0.129840826939909,-0.20741773626503,-0.195079817214981,-0.0495008005550254,-0.0170165497170395,0.0281849554882301,-0.060429232435204,-0.0891686042952241,0.189361986674617,0.0762731375063734,-0.0267521913759129,-0.153717716926974,-0.0651220013344097,0.132455960506894,0.0360296283096696,-0.037509805935056,-0.103889170177977,-0.158127801100188,-0.196974930979275,0.0617416362632692,0.195378177248531,1,0.385670325442928,-0.0852373538786773,0.167585558758384,0.0888011858421933,-0.0606827415046663,-0.0498575529261402,0.239235558565843,-0.0642114303300401,-0.25659556639393,0.318936499031423,0.246948992843354,0.0788392743462113,0.237682942809816,0.0591391359016812,-0.0363095679620652,0.235534226403163,0.25422555665717,-0.10262082061039,-0.0997111762622287,-0.257044056572594,0.0418160114699173,-0.0487071144285715,0.0508626614847647,-0.185496940832654,-0.0642482683000451,-0.296071159861696,-0.155373932870576,0.0255738988391739,0.00076970495576397,-0.217081763221993,-0.299491793628765,-0.01043378370061,-0.0495060739233413,-0.153079853134133,-0.03940436733492
"24",0.048011430931558,0.0508562259812474,-0.115107017293621,-0.155807519992153,-0.0460295995048096,-0.0233872261043421,0.0754349797953174,-0.0499741931783005,0.184616862734622,0.104099116155273,-0.0123118134961903,-0.0301829002182962,-0.021731007350453,-0.119430661590257,0.125775407025608,0.120404235068148,0.289872060407187,-0.0661597008987643,-0.0314317010779848,-0.176342295144532,-0.10681803981757,-0.100832209224336,0.385670325442928,1,-0.00697009948023656,0.0972697762885756,0.0469392877090878,-0.0764778816205357,0.0223283475260189,0.201491411819606,-0.040225034825729,-0.122108514795117,0.0847885458514196,0.0962438221728569,0.0417343624444978,0.0841198072502162,0.0594118128988093,0.117267587387594,0.0917043635346898,0.090867680803301,-0.118132974145585,-0.0915900355125239,-0.108178889579301,0.0288355829634323,-0.100130694818331,-0.0303692729899449,0.0348453410834195,0.13119421487187,-0.0770132197976238,-0.0528673174129268,-0.0651235084635575,0.083257451728643,-0.0998660353637464,-0.123364386640753,0.00231158942783276,-0.071993620976639,-0.117947119948332,-0.0812099910980507
"25",0.0273142606495906,-0.100515020139622,0.0216734821767821,0.00258693289095509,-0.00065827939238647,0.0287901806090506,0.0761810907369552,0.130750555393803,0.00603996978389921,0.0280188828160934,0.00263905292165841,0.00112116386150907,0.171886916874895,-0.116923823309683,0.0366483983558888,0.0556188672365985,-0.0525822868511023,0.137432875544648,0.0233566203922382,0.0230957006659426,0.143905892833418,-0.0332945281743141,-0.0852373538786773,-0.00697009948023656,1,0.225332113089301,-0.0785373910703404,0.0512007547125931,0.142649050946807,-0.0655710631383338,0.0437879761309622,0.0812738999774959,-0.0301803823607526,-0.0547827706895506,0.15280612974012,0.139234622530895,0.150569439438585,-0.0169343407408905,0.107721132105395,0.011654991814921,0.217023527897908,0.110788719921009,-0.197809808593638,0.00713697071946647,-0.0752398296613287,0.353508405808692,0.0229101905380003,0.157569920484511,0.0321586141346698,-0.106997050559207,-0.112490600961181,-0.00581761343538598,-0.0924579708752859,-0.209171557612256,-0.130526275207339,-0.129644250447094,0.067059313753234,0.0913708840202541
"26",-0.107284115025335,0.0401822126919756,-0.0221633381723775,0.0643558759275026,-0.151454733868317,-0.0162964273030469,0.00287702034283146,0.0749952209210386,-0.192465220134968,0.105984531615259,-0.172095403985593,-0.128688580171966,0.112539438030739,-0.162994796567476,-0.260415864825193,0.0321754344525361,-0.0489842166768982,-0.0549439909392894,-0.0613381822781687,0.00714858286131264,0.0349284793476352,-0.0213521482700685,0.167585558758384,0.0972697762885757,0.225332113089301,1,0.0353928978067398,-0.0534717712982888,0.0778119085200252,-0.0159468001663232,-0.0269309599886874,0.00546114605436599,0.00445212373483023,0.117485741402587,0.168127778458331,0.214492290447339,0.223582464173188,0.0591695235405657,0.088931631750149,0.0303295561515095,0.231226394480637,0.0738245016508928,-0.315963747363349,-0.0686670364266437,-0.249318167372599,-0.0311721651522456,0.235091851081395,0.0923207482293057,-0.14626431311962,-0.148012829475066,-0.0109607767718016,-0.0663471643890871,-0.0724894368963959,-0.255256540529845,-0.169079970534152,-0.159873439836331,-0.0533996679164341,-0.0248340509755485
"27",0.153673816537779,-0.02807028262851,-0.105803686559326,-0.0932887862835762,0.0855550174498988,0.120333865764151,-0.131001877877893,-0.14651719759408,-0.0942795774223685,-0.0561212475861793,0.0256647416823063,-0.0343253612713342,-0.0333557368465698,-0.0352433322414522,0.00297251062612537,0.0963169723338335,0.119780217910898,-0.189056821003623,0.0817416931658615,-0.0194011790655885,-0.157085508946043,-0.110323906826456,0.0888011858421933,0.0469392877090878,-0.0785373910703404,0.0353928978067398,1,0.18417547850814,0.0401334507658614,-0.0710606798404103,0.0709948996477215,0.00064341400648482,0.0266885293205499,0.068743660829272,-0.131618677239426,-0.0180614187093857,0.0170010764071862,-0.202639162436913,-0.156399884578969,0.0977375723043574,-0.0870654590112398,-0.112035600886726,0.0938342426255757,-0.106379282343157,0.099335606087903,0.0571823528715755,-0.0407690642721879,-0.143077528351514,-0.0151930839300743,-0.0948233620125154,-0.0260260539979096,-0.185544922585901,-0.0492812925511507,-0.103217661442621,0.0715201150890789,0.180257246917621,0.025831904125447,-0.00607684518718138
"28",0.0496850112060019,0.00896886791170553,0.088986409181478,-0.065310031035327,0.174434520984023,0.244077493247374,-0.122380325838603,-0.191108535602854,-0.0193231090884151,-0.0170217760688488,0.0404891644006773,0.138671524697673,0.010614795930072,0.0936051206193056,0.0990802745976889,0.250823377168492,0.0873802969735591,-0.129290969310761,0.0464922484249485,0.124414940513582,-0.025005738807682,0.0469576268781523,-0.0606827415046663,-0.0764778816205357,0.0512007547125931,-0.0534717712982888,0.18417547850814,1,-0.0330839787870602,-0.0321719506671933,0.0128757494705745,0.121892027255889,0.0618026577814162,0.211562269743877,-0.153718721827581,-0.204189441061834,-0.0671518117322106,-0.0230280588965149,-0.0184410396742123,0.102577719274267,-0.0153047518368148,-0.0505113977623975,-0.02622272740068,0.110399675915559,-0.144862727211168,0.0111366830943493,-0.0540868753802946,-0.0408614861493314,0.0566473818929326,-0.0385484341462479,0.0910212833817507,0.128980111214111,-0.0785141149861857,0.150402857479088,-0.086772787216415,0.0254288228076303,-0.0513282419187326,-0.0637628380354006
"29",-0.0639558684868369,0.194830448909703,-0.0379799039670764,-0.0536150901541563,-0.120296366517423,0.0295658611342002,0.224130481507087,0.0572594409912774,0.170401140172139,0.129714190793381,-0.257393458939448,0.148695390409293,0.12376880092326,0.0385542457162131,0.0926755601105559,-0.0873573773651161,0.0624319377256145,0.232021422669326,0.202952595021157,0.201328609746699,0.00151230847543826,0.00120223841526259,-0.0498575529261402,0.0223283475260189,0.142649050946807,0.0778119085200252,0.0401334507658614,-0.0330839787870602,1,-0.00922661543230768,0.165984776999653,0.0792106411168441,0.00923955910756832,0.0344203364434895,0.181251420403092,-0.116233980562558,0.0584309904793828,0.00983327850289011,-0.0384677881041314,-0.092034981115586,-0.0500186611423929,-0.0196142749290266,-0.00171984237644084,0.13246508322035,0.185291163802663,0.0739643752112571,0.0474175490305763,-0.112685321867207,0.047103928155391,0.0995816074693875,0.0800705500490523,0.0788419542610281,-0.0374366381580087,-0.0839680837335892,-0.184472827878601,0.148235964990985,-0.0695311988326546,0.00135978141744448
"30",-0.0925210895859363,-0.0402230596521543,-0.0693483965116403,0.154880995310084,-0.0591846566577502,-0.203064344851902,0.0890985892224799,0.144425172796726,0.0117789504764192,0.0891424900980661,0.170015212655491,0.156448587178914,-0.0419987118386971,0.215107486207654,0.0753936496229691,-0.0798013784390259,0.0531061092023297,0.226518711316529,0.120746294463828,-0.126089196626818,0.0260302982031722,0.0192722145152216,0.239235558565843,0.201491411819606,-0.0655710631383338,-0.0159468001663232,-0.0710606798404103,-0.0321719506671933,-0.00922661543230768,1,0.208268018867054,-0.0689252971902948,0.172790764196763,0.216255627789272,-0.125346417294852,0.106373785010806,-0.0373457055436198,0.0754688121465337,0.201409741343261,0.0744612264941993,-0.0733336525070904,0.029459747898564,-0.135732981249858,-0.0355030519828721,-0.173181275494762,0.0715453029049465,-0.0858037444943733,0.0658540869261191,-0.0749202870699711,0.165239687972208,0.154294811058536,0.146236841088787,0.0221773220067396,0.0337297242095467,-0.107754515720979,-0.0291214558241653,-0.275214720002177,0.124167181179449
"31",0.0528341865663996,-0.00670477450962435,0.0823795640611281,-0.00153532491518956,-0.00857419406976895,0.033434483328096,0.129425625434986,0.0517124668702147,-0.0160495620394003,-0.070840344120228,0.169705164435251,0.235324594372871,0.0687474993564655,-0.093470484245131,-3.06120971463558e-05,0.0248779328396639,-0.0355400973263077,-0.0254968063670531,0.541086233967798,0.184734503496427,-0.0938195228173848,0.160378646390122,-0.0642114303300401,-0.040225034825729,0.0437879761309622,-0.0269309599886874,0.0709948996477215,0.0128757494705745,0.165984776999653,0.208268018867054,1,0.170472889482256,0.169513867841739,0.157413472368958,-0.0172352432232017,-0.00939416106598391,0.04310619062969,0.0406679856348868,0.247581784916308,0.261083233593272,-0.218248997092824,-0.139515230048863,0.0360676740271725,0.197697904560536,0.0513666341287297,-0.0106061457893899,0.027024737111651,-0.0266757097384308,0.0330778174467062,-0.00184528582804213,-0.0499522172938122,-0.0518329800419485,0.122688707834653,0.146068327367382,0.046833911491636,-0.0816524771464902,0.0910993228322367,-0.013261524138145
"32",-0.0701950674667241,-0.00825707079301636,0.226099406744531,0.00532217678057864,-0.188916695687562,0.176694368467492,-0.0967954260865766,0.0431566312773592,0.156802449043476,-0.139354668442603,-0.0763496920042765,0.292325919542571,0.133039553394281,0.222049883402358,-0.121377507550511,0.133338750227408,0.0481758597987036,0.287701721728265,0.295236807978643,0.554759257613388,-0.146285298513386,0.0902295498630476,-0.25659556639393,-0.122108514795117,0.0812738999774959,0.00546114605436599,0.00064341400648482,0.121892027255889,0.0792106411168441,-0.0689252971902948,0.170472889482256,1,-0.105510940119459,-0.0491210786111763,-0.0392419664756975,-0.373783828680979,-0.0488125597760238,-0.0841628703419257,-0.133008996008739,-0.0781730139081388,0.155993570293848,-0.143634609462783,-0.0899644831906909,-0.04968973554602,-0.251284512760616,-0.230151132414187,-0.0277820389390625,-0.0544408706647197,0.0559301796582067,0.0180178910855456,-0.0768398013361872,-0.0189219544406846,0.0554308826237492,0.0863765212625779,-0.245539718661057,-0.0459278166172343,-0.106272447933487,0.0556464924651579
"33",0.25349685541574,0.187913531582935,0.126021768294919,-0.0663509471394549,0.00331570135314333,-0.0101911326644462,0.00436750268693973,-0.0748615184427613,-0.0545198979995013,0.114390654782321,0.247942271910081,0.185062410752513,0.00261419006838871,0.00184422272856742,0.121436317536153,0.157243071559476,0.0169766302388809,-0.20523534454475,0.0872761949530933,-0.133307200764194,0.00700096759095696,0.219497333273055,0.318936499031423,0.0847885458514196,-0.0301803823607527,0.00445212373483023,0.0266885293205499,0.0618026577814162,0.00923955910756832,0.172790764196763,0.169513867841739,-0.105510940119459,1,0.267495139134897,-0.142138954350422,0.0932541899001981,0.137842063825055,0.0274706442922711,0.483184846770279,0.36276124792983,0.184838394911367,-0.118778709713354,-0.222484233774613,-0.0276424745850196,-0.0880802968155805,-0.181497118296409,-0.0401034781729588,0.0266774432646345,-0.113242896813317,-0.221307682843241,0.251508139308547,0.227260980451286,-0.189715136340425,-0.0504624843904362,0.00765793121515911,-0.087720187530978,-0.183389525697473,-0.0547454787759105
"34",0.0294862283133741,-0.0100150736852063,0.162569804827182,-0.0999580295351272,0.020870052835511,0.096207356164957,-0.131948675529859,0.00262385333533092,-0.101544977204195,-0.102136461642776,0.0688826089170985,0.102424272738849,-0.17713372567158,-0.071022624641145,0.0678090576025313,0.0646370590572115,-0.0340312596723085,0.0282651832844292,-0.0587067227728356,-0.0435123920069381,0.0782935494321116,-0.11855873106098,0.246948992843354,0.0962438221728569,-0.0547827706895506,0.117485741402587,0.068743660829272,0.211562269743877,0.0344203364434895,0.216255627789272,0.157413472368958,-0.0491210786111763,0.267495139134897,1,-0.205537440912649,0.0377066064819854,-0.0420651233233571,-0.00637359380730994,0.260539852138563,0.265479711338994,0.0986387832110244,0.0225174219692431,-0.182354312714708,0.016646093999164,-0.187910537388904,0.0692704837811769,0.0290487684155556,0.190712897879085,-0.153725521098948,-0.0354378841126241,0.0754746953944126,0.192374203855699,-0.158979499454278,-0.069456330267273,-0.0203030065926611,-0.183940110540771,-0.105416410013309,0.0946148872087694
"35",-0.015017889452024,0.0431720232905167,-0.144765239997712,0.0442353729515275,-0.168928592075563,-0.0911340106525217,0.295498347264931,0.0693337109515142,-0.019457137463014,0.0761448103106517,-0.174662994036967,-0.0100441763191206,0.0295668421760502,0.0479376397242623,-0.155630509472101,-0.127728300484734,0.0108127592287687,-0.0980725619575436,0.0167003412234207,-0.0984637652440192,0.113674362425188,0.01741317207232,0.0788392743462113,0.0417343624444978,0.15280612974012,0.168127778458331,-0.131618677239426,-0.153718721827581,0.181251420403092,-0.125346417294852,-0.0172352432232017,-0.0392419664756975,-0.142138954350422,-0.205537440912649,1,0.164742010665564,0.150442592586233,0.185240361423489,-0.00494573045580979,-0.0532955853942923,0.00976662663465254,0.0367027007920527,-0.0569005067334581,0.13161290647611,0.0316519942582182,0.10864701972981,0.188847059474603,0.100052739821985,0.0197427266079214,0.0237437225675918,-0.0214031716476851,-0.00821266959501786,-0.0986486439467946,-0.114389286767994,-0.119966829348619,-0.0480259859879971,-0.0321322623465421,-0.00958009142675172
