"","l_Insular.Cortex","r_Insular.Cortex","l_Amygdal.Area","r_Amygdal.Area","l_Bed.Nucleus.of.the.Stria.Terminalis","r_Bed.Nucleus.of.the.Stria.Terminalis","l_Hippocampus","r_Hippocampus","l_Orbitofrontal.cortex","r_Orbitofrontal.cortex","l_Entorhinal.Cortex","r_Entorhinal.Cortex","l_Frontal.Association.Cortex","r_Frontal.Association.Cortex","l_Globus.Pallidus","r_Globus.Pallidus","l_Glomerular.Layer.of.the.Accessory.Olfactory.Bulb","r_Glomerular.Layer.of.the.Accessory.Olfactory.Bulb","l_Glomerular.Layer.of.the.Olfactory.Bulb","r_Glomerular.Layer.of.the.Olfactory.Bulb","l_Granule.Cell.Level.of.the.Cerebellum","r_Granule.Cell.Level.of.the.Cerebellum","l_Hypothalamic.Region","r_Hypothalamic.Region","l_Entorhinal.Cortex","r_Entorhinal.Cortex","l_Vermix.Molecular.Layer.of.the.Cerebellum","r_Vermix.Molecular.Layer.of.the.Cerebellum","l_Lateral.Molecular.Layer.of.the.Cerebellum","r_Lateral.Molecular.Layer.of.the.Cerebellum","l_Anterior.Olfactory.Bulb","r_Anterior.Olfactory.Bulb","l_Posterior.Olfactory.Bulb","r_Posterior.Olfactory.Bulb","l_Subiculum","r_Subiculum","l_Perirhinal.Area","r_Perirhinal.Area","l_PreLimbic.System","r_PreLimbic.System","l_Primary.Cingular.Cortex","r_Primary.Cingular.Cortex","l_Primary.Motor.Cortex","r_Primary.Motor.Cortex","l_Retrosplenial.Cortex","r_Retrosplenial.Cortex","l_Secondary.Cingular.Cortex","r_Secondary.Cingular.Cortex","l_Secondary.Motor.Cortex","r_Secondary.Motor.Cortex","l_Striatum","r_Striatum","l_Ventral.Tegmental.Area","r_Ventral.Tegmental.Area","l_Substantia.Nigra","r_Substantia.Nigra","l_Thalamus","r_Thalamus"
"1",1,0.179951102806036,-0.0713161676746796,0.159493324899872,-0.00519613178010166,0.0809762101015297,0.0735364613579343,0.107262919958911,0.0893619647913704,0.121656571536058,-0.0324664593389805,0.102971380472024,-0.0439223970790907,0.00661726188389793,-0.0120782570787603,0.183461760767147,0.00979384490766181,0.164230328391902,0.0755564976141857,0.0446361924864455,0.0248510258278368,0.0297368953440416,0.1182757054412,0.169610678122028,0.304669737746912,0.366175079806102,0.0436185768033858,-0.147225259049721,0.00600808362208824,-0.0313809877873278,-0.0241174279361552,0.111999665854772,0.19467984728692,0.131769878095008,0.00366627445558256,0.0179763463232805,0.0898550444379027,0.0908479967158307,0.0682306428095633,0.0814660672674055,0.0356873030902582,0.0214559602395606,-0.111931299664702,0.122561987501423,-0.114992210395261,-0.295046877790476,-0.00392948039860186,-0.0681818369064621,0.0180103527224289,0.0962043558979876,0.277655043348123,-0.0431280697126161,0.00549697650500466,0.133108343753079,-0.143632179801614,0.0171630245774002,0.21883756700624,-0.0957049180069595
"2",0.179951102806036,1,0.0788686619874235,0.105389157585153,-0.145617932210147,0.0964045960105232,-0.103773020666601,-0.0783608503415073,0.275581317006201,0.344635305814653,-0.00050152907948848,0.113842948470988,-0.0560784040033531,-0.119881085886779,0.0844995486979216,-0.0343794514971925,-0.159336148758503,-0.165010812623554,0.178192417599277,-0.0356929736545983,0.212410495275898,0.184271599614582,0.0752459720524964,0.0575763315558139,0.151114661731584,0.0486000058574698,0.125453334198657,0.081214108740728,-0.107337151914161,0.0916926717217302,0.0556057053177202,0.0946397240121175,-0.237714550084309,-0.0128299250824535,-0.136313220292239,-0.265869532269517,-0.166421945169001,-0.157214120148601,-0.12818586116463,-0.0404245722200068,-0.0762051406488598,-0.118844429805639,0.209337344243066,0.238547313553745,-0.204149927175397,-0.22684384277393,-0.0318568438635957,-0.0642736809646806,-0.0704617851901106,0.076210292700669,0.267226173024831,0.253101205342967,0.0859063780434587,-0.00388993444072736,0.0852008652687138,-0.047573958674614,0.144832429431452,0.189025644335933
"3",-0.0713161676746796,0.0788686619874235,1,-0.210049007241603,-0.0484185612198196,-0.131594468881017,-0.170149305430062,0.113555055078842,0.0221312528663199,0.088437938155,0.0367229706346514,0.137006051331087,0.0587994903152855,-0.00755843789813456,-0.0981152667497877,0.0976292256656044,-0.0152596204106264,-0.09761079590802,-0.0605339984046898,0.24648764726088,0.146788445660099,-0.0264784328933302,-0.0199967509771338,-0.134463204633869,0.167384599536078,-0.0514772240710163,-0.0632472860498244,0.158426499910494,-0.0374201937756665,0.324886284655129,-0.087097680532283,0.0817902994031208,-0.0804396029370885,0.0686895778988886,-0.341920951954985,-0.0271812717399958,-0.194877622466215,-0.0499056548557246,-0.0496551562787811,-0.0626539781052862,-0.03974909833264,-0.104283735079313,-0.0369754240773162,-0.0420565012430159,0.0517025253218705,-0.0973137023098639,-0.0565127041520198,0.105281034797385,0.0865554238846445,0.00424332160607383,0.0953143152704479,0.186496240600415,0.0631953291764751,-0.0181657286296259,0.0314537316294647,0.0315445861840317,0.046110226757823,0.0863873084128522
"4",0.159493324899872,0.105389157585153,-0.210049007241603,1,-0.178346655926591,0.0485071749626344,-0.117133527559165,-0.258740478876979,0.0238393992234268,-0.0199846458877301,0.0752579437003839,0.00338092347063604,0.0431777605897356,0.0632948254179163,-0.0431415337561641,0.115020338150603,0.132485038532126,0.146485677917288,-0.0859332964471635,-0.282868179355655,0.0186888047208455,-0.0523526495543818,-0.0136086290559884,0.295782528555295,0.0696213017315671,0.148194029127105,0.0886503029568038,0.0735349776749068,0.0154312850415235,-0.0296975233092858,0.0514246145141299,-0.0953476280994982,0.00919618205007558,-0.0241979776632583,0.13529260576148,-0.0337912531835302,0.273043505116383,0.0867358053030479,0.203592867526233,0.0489208578140942,0.0433124392040581,0.0578367326716423,0.206782344678154,-0.0309828093690402,-0.146024326767127,-0.0134795086959497,-0.10986671522102,-0.161325289235487,-0.124839672810468,-0.0554096679945236,0.00585982923001061,0.044545710743271,0.0322199002818673,0.0790090706030943,-0.0558128494364309,0.127148507539252,-0.0959074133577197,0.0718192633940157
"5",-0.00519613178010166,-0.145617932210147,-0.0484185612198197,-0.178346655926591,1,-0.101833307374716,0.138515217665771,0.137172654930676,-0.0948349077427547,0.0217864050498385,-0.038461157639662,0.0466860231740121,0.0935430348201068,0.0694779950234408,0.190096241500001,-0.193613467948595,0.134715015339359,0.105836558089626,-0.136593841748241,0.0864858298193746,-0.0136787968503993,0.0655701405561042,0.163005460773982,0.106709669176739,-0.0700192886396984,-0.0910333844303919,-0.12214290298677,0.0698432817323466,-0.120545735638036,-0.0684957825176005,0.0973370843218466,0.178617492060194,0.0572734902158466,-0.0252328044155553,0.0363675173509841,-0.107503862635208,0.166403260445643,-0.108270075452392,-0.0320687056858077,-0.0366684424568167,-0.0410156179346922,-0.0109387352417244,0.0783391403596566,0.0534892578731515,0.0337677459518708,-0.0520924571429177,0.0368086448099859,-0.0263931678970698,0.105541863149829,-0.0962106110531329,-0.011108685414036,-0.0372062175183898,0.00083860183599844,0.105441345079229,0.0842441257419786,-0.00233492430038938,0.0609455827216707,-0.0993589647049233
"6",0.0809762101015297,0.0964045960105232,-0.131594468881017,0.0485071749626344,-0.101833307374716,1,0.0987132506396536,0.105756989804371,-0.0559854988370183,0.0870341203615792,-0.220153028094351,0.0577786683843728,0.0098387860994982,-0.0144635246117188,-0.00970966699716832,0.00163672115907215,0.0725090886261335,0.164229528255013,0.0585328422515813,-0.00468682315414726,0.0093291183242023,0.0146613670748703,0.153184278148389,0.102447427241475,0.200266813038332,0.0467023223154441,-0.0386902327716596,0.00388793058434311,-0.0864002346555028,0.00506229211146145,-0.00544603824184101,0.0202682648653713,-0.00618031413627392,0.0103597003671957,0.081732126815869,0.163812313945569,0.0352867250001091,0.0985166131736088,-0.121071058506855,0.135392479856416,-0.0788297390273077,0.0762444984479696,-0.0769533952464229,0.155448067856635,-0.142065700259546,0.0972466861434476,-0.0662790079662485,-0.0433756413327364,-0.0114607811422127,0.0636551255907797,-0.0127189008551717,-0.127118828163501,0.0438213484011709,0.118251096191583,0.126154360947695,-0.0227549621804598,-0.0530376175123679,0.109525486483603
"7",0.0735364613579343,-0.103773020666601,-0.170149305430062,-0.117133527559165,0.138515217665771,0.0987132506396536,1,0.220256238513543,-0.173016426067112,0.0434176883344811,0.0797528375152507,0.0537675232779805,-0.0724902358996707,-0.143258605345908,0.0336280634272459,-0.113904548132135,-0.0266985370036044,0.0194432838756792,0.0690191118889223,0.129918689188325,0.0401811961846039,-0.0307672386869612,0.00967149685955924,0.0137167884492858,-0.0722442758286707,-0.0105789627423665,0.10943464586998,-0.1711288824933,0.148131404918311,0.051377525949206,-0.0283915853639959,0.180546006023392,0.0190797093180857,-0.0814081019574364,0.122631493410046,0.0746375553819073,-0.117521917036847,0.225935422331487,-0.069391298933566,0.124396015590073,-0.0284704811592814,0.177167898972705,-0.08153968146976,0.0566463988102074,0.218269397920598,0.0758529537729948,0.0396715334198113,-0.00840256043464831,0.133158931080625,-0.113035348365202,-0.0911117105692435,-0.145140740297142,-0.100564401965533,-0.112123662324739,-0.00136071555837808,-0.08082987956522,-0.0825454641458442,0.0437376775193323
"8",0.107262919958911,-0.0783608503415073,0.113555055078842,-0.258740478876979,0.137172654930676,0.105756989804371,0.220256238513543,1,0.0821205227347446,-0.111025785981872,0.00204295173697955,0.0649090834103818,-0.0143955611313901,-0.0511611762659781,-0.0122775657207798,-0.09077155451851,0.0628714668356978,0.0203135692069813,0.150708045674002,0.0958652048032145,0.17227261991181,0.0219276840839181,0.159080637030643,0.0426197348888955,0.181601384252691,0.0336192710293727,-0.126187125906359,0.0369447677822941,-0.161973085202504,0.159696303650377,0.0431197043516592,-0.0660757106970311,0.0261065495902897,0.091210752236219,-0.00516080532859959,0.190588232946781,-0.208022695790397,0.11299497779312,-0.165922575663725,0.120920252677849,-0.140364903292764,0.0488971356982251,0.0160077558512962,0.0282244588275606,0.0103714617769279,0.00399087112921108,0.00837287588267336,-0.0148504951128538,0.0833553538327922,0.0467677457442114,-0.0366782107003794,-0.0811289073552781,0.100473571982445,0.154225062982892,-0.0250554709366775,-0.0234254447751649,0.246902935864781,0.0680382741158267
"9",0.0893619647913704,0.275581317006201,0.0221312528663199,0.0238393992234268,-0.0948349077427547,-0.0559854988370183,-0.173016426067112,0.0821205227347446,1,0.163133961831317,0.0879086052499388,-0.120492575733786,0.0638867867150189,0.104415956885657,0.104138766528304,0.085349163355946,-0.0737176934718075,-0.0449814728131863,0.0689603752704379,-0.214248920818532,0.148900701935969,0.153154178571839,0.268231395618826,0.234509704184621,0.0867484952690616,0.106225415389867,0.22462059272119,0.0966627864345297,-0.177217531618537,0.0876073356204879,0.143867582951395,0.00213595648333596,-0.0690192276906829,-0.0778012607971007,-0.0620390435839118,-0.229048756847207,0.0914587288371425,-0.0974894353396226,-0.180637609694977,-0.215477356683081,-0.282607600544811,-0.119339822643221,0.212279759425792,0.157744461419461,-0.0497289816269535,-0.023069795270666,-0.096989405842621,0.0551302119616806,-0.0437851585737069,0.146484149625403,0.217256597845143,0.124039913550156,0.094022939040864,0.00298649731025671,0.0483864260448899,-0.213618491273881,0.171416970957536,-0.161680054895929
"10",0.121656571536058,0.344635305814653,0.088437938155,-0.0199846458877301,0.0217864050498385,0.0870341203615792,0.0434176883344811,-0.111025785981872,0.163133961831317,1,-0.113500752418337,0.0536963251716968,0.0688907733914341,-0.0695433945750955,0.0200434949401757,0.0402667427246002,-0.24080923574031,-0.150806634201685,0.0552939299180734,0.219582403887972,-0.0618113936191238,0.153884999426497,0.164326085112969,-0.00888108575437606,0.0910154410624447,-0.0045503903049261,0.20157699794737,0.125313875459735,-0.0981257822114245,0.164856781041754,-0.0480406599555378,0.274522390229772,-0.0678216259173763,-0.025700199248827,-0.142375508426959,-0.185410354168434,0.0162406948963103,-0.131937893870331,-0.246665962182436,-0.0663201207754424,-0.246460506409881,-0.252189407964656,0.00354290652401998,0.258372419546289,0.0238646101750485,-0.138797226088924,-0.0612453786216514,0.0894687549625321,0.0283402659857228,-0.0141717249915485,0.170778326273004,0.0876984786440332,0.0730445316252244,-0.019479906682422,0.00730413636072935,-0.179051710236275,-0.0662808392842907,0.0675297650878463
"11",-0.0324664593389805,-0.00050152907948848,0.0367229706346514,0.0752579437003839,-0.038461157639662,-0.220153028094351,0.0797528375152507,0.00204295173697955,0.0879086052499388,-0.113500752418337,1,0.0344734579659415,0.0259462651498907,-0.176707912015383,-0.0377074575926956,-0.0131770389105534,-0.0621160885240908,-0.0654801551974672,0.067400617236964,-0.051608958661083,0.0094747753903513,-0.0368305808765648,-0.180320645985492,0.0310766616094729,0.147020270602949,-0.150934977724789,-0.0426329237068683,-0.0210499689325302,0.268604037163144,-0.00255811304810795,0.154822140065941,-0.00423268492341839,0.0545196334894594,0.0390634249825778,0.0413087123704063,-0.0940141149485901,-0.0002721425866123,0.0516615031354749,0.164692863111064,0.103739443261171,0.146947735836642,0.212071398139467,0.0940161957236308,-0.115796761658877,-0.0549389061129731,0.00346775640960979,0.0623858115145649,-0.0458647574341953,0.0466118577896826,-0.0071294845508743,0.0285911612958464,0.163164792037555,0.00928898230883285,-0.0909385197265397,0.242251990109569,0.199885502386542,0.103765345584612,-0.00321509592494814
"12",0.102971380472024,0.113842948470988,0.137006051331087,0.00338092347063604,0.0466860231740121,0.0577786683843728,0.0537675232779805,0.0649090834103818,-0.120492575733786,0.0536963251716968,0.0344734579659415,1,0.187405200865805,-0.0914760705188554,-0.0492968987051905,0.114061878769835,0.0523810329787001,0.0556889692066629,0.0661444380402595,0.0973581055665042,0.0157278247549145,0.128870101221832,0.0263948774352531,0.107339259706148,0.13672861309131,0.0284216695510349,0.0274473596082721,0.123476130137036,0.0906150665715029,0.0434531652525263,0.00373369228985267,-0.146238733869368,-0.0294894902065914,0.343027229951518,-0.0389618239396358,-0.100185318949907,-0.130907288079803,-0.0396702775037791,0.0865702295951466,0.410302189168465,0.22375127677834,0.0347900925724857,0.0566410892426466,0.0836661078636861,-0.108229292746434,-0.232729955830867,0.0733747632125012,0.0452140611784316,0.268000912464134,0.0514857792688689,0.107569167519089,0.111488869729195,0.0767930129820235,0.205141620112233,0.0346948692194761,0.0259835588163942,-0.128994044268135,-0.00597213682335074
"13",-0.0439223970790907,-0.0560784040033531,0.0587994903152855,0.0431777605897356,0.0935430348201068,0.0098387860994982,-0.0724902358996707,-0.0143955611313901,0.0638867867150189,0.0688907733914341,0.0259462651498907,0.187405200865805,1,0.278716374562059,-0.0451610666780873,0.103972458656036,0.2768301563175,0.227400760753797,-0.122846888259529,0.0946620265676835,0.0486833651347976,0.217662672998518,-0.0236235401388658,0.0114482837971265,-0.053519409030155,-0.11722699841027,0.177730559010686,0.00960365992048265,0.121093944224398,0.019417939092327,0.0312950911257358,-0.00447848057665109,-0.126248830268613,0.186574567516587,-0.210287837878122,-0.124579431295575,-0.11478979114539,-0.197372724405959,0.0764404399043698,0.0491748588076915,-0.0657960417878875,-0.10605218135219,0.0635185462114307,-0.0357383689507573,-0.21217610247293,-0.134284135721356,-0.121070685521859,-0.0292873620212953,0.531766890111648,0.227175586508939,0.0551024003155808,-0.0270108339403543,-0.0597735035614279,-0.12953011824923,-0.0955735022282158,-0.0419594785433427,-0.0385680949399629,-0.0996239987453969
"14",0.00661726188389793,-0.119881085886779,-0.00755843789813456,0.0632948254179163,0.0694779950234408,-0.0144635246117188,-0.143258605345908,-0.0511611762659781,0.104415956885657,-0.0695433945750955,-0.176707912015383,-0.0914760705188554,0.278716374562059,1,-0.0237857232367286,-0.12872743608014,0.165336197944046,0.579561031028428,0.094410715260027,0.00939876111481355,0.110366274148379,0.103420312386909,0.0783750784435771,-0.101895278271851,-0.0383908745194014,0.258461928010766,0.105845622571538,-0.0669079300173756,0.0436846426028611,0.0418997751415004,0.100573333566732,0.00203991953425291,-0.0971838055211727,0.107576430878722,-0.0640436695165738,0.0893291460040815,0.0858286827733324,0.17331174451322,0.109340662913231,0.0561782587552826,-0.150789381508581,-0.0734649582688029,0.0550284832148416,-0.0423304780181389,-0.151431840066066,0.0150357226553104,-0.00865350432025848,0.240520269638393,0.146546884852121,0.531802703058505,-0.0131517461448917,-0.0824566614781187,-0.119766685274825,-0.232289200300772,-0.153934722333204,-0.166852021679985,-0.0563877621562145,-0.141971314983087
"15",-0.0120782570787603,0.0844995486979216,-0.0981152667497877,-0.0431415337561641,0.190096241500001,-0.00970966699716831,0.0336280634272459,-0.0122775657207798,0.104138766528304,0.0200434949401757,-0.0377074575926956,-0.0492968987051905,-0.0451610666780873,-0.0237857232367286,1,-0.00861108252774187,-0.0542970761294792,0.0627658884232045,-0.0523025537696797,-0.143024761826221,-0.124458090760704,0.0687409903170577,0.0201418758597364,0.122763187111325,-0.04376804632962,-0.00660764556843548,0.106615580150874,0.161682417890505,-0.200558017665317,-0.133125847366169,0.178492276473333,0.0136811726980306,0.115674436259266,-0.145229236960939,0.165313510163456,0.13303521908811,0.136218687892406,0.10812175246192,-0.239706949992017,0.00679454169725331,-0.0484968563550209,-0.159501102762281,-0.102072202332332,-0.0204704496166556,0.00550417473012029,0.0982111427167796,0.00137857620895983,0.0536955232298136,-0.0481694516151892,0.0467336750375546,-0.0213143974762782,-0.109573133890713,0.134446428581849,0.104605887685212,0.201710769817076,-0.0100446490475556,-0.0781239484801655,-0.0315538290910889
"16",0.183461760767147,-0.0343794514971925,0.0976292256656044,0.115020338150603,-0.193613467948595,0.00163672115907215,-0.113904548132135,-0.09077155451851,0.085349163355946,0.0402667427246002,-0.0131770389105534,0.114061878769835,0.103972458656036,-0.12872743608014,-0.00861108252774187,1,0.0603912455034691,-0.186372352205607,-0.15802025141611,-0.0635601229905571,-0.0668308458383297,0.00952398101954712,0.0658790893409291,0.028290822595253,-0.0343362080347893,0.154873304370327,0.045641871760885,0.0787323452351111,-0.231908088541731,-0.0908426172242147,-0.0541125510111678,-0.0735094502228216,0.274888877378728,-0.233689683972545,-0.0423044577891936,-0.168678813349826,0.0344301634377498,-0.0512097436077478,0.121462073577021,-0.166995682957331,-0.0518532277014961,-0.00475837577271454,-0.0644150771602126,-0.273950580251271,0.113072590864894,0.0414643660437078,0.0727658702565184,0.143644176290652,-0.00932275285101526,-0.0881030721836004,0.0856425240639743,0.0911912082465011,-0.0745337697783905,0.0246673803208113,-0.179721353531705,0.286531121364555,0.0636205342205404,-0.0566430127992584
"17",0.00979384490766181,-0.159336148758503,-0.0152596204106264,0.132485038532126,0.134715015339359,0.0725090886261335,-0.0266985370036044,0.0628714668356978,-0.0737176934718075,-0.24080923574031,-0.0621160885240908,0.0523810329787001,0.2768301563175,0.165336197944046,-0.0542970761294792,0.0603912455034691,1,0.317267511422157,-0.150424364049802,0.0244728031002621,-0.00038209870100017,-0.0738468138588325,0.100633475939961,0.250003017842059,-0.250723754786787,-0.0691905911749865,0.0460278271509939,0.0491539638294646,0.0158936485787581,-0.0487687989080623,0.1491214482363,0.0417533353732473,-0.0026971242549597,-0.0446654782863064,-0.0179758167544731,0.0895529456329375,-0.136518766251066,-0.0871597966695799,-0.0189927841605337,0.0044056889063512,-0.0956704793606878,-0.0242440305645035,0.0286804467068549,-0.0288336565531743,-0.209807425498116,-0.107618776898548,-0.0890763887283881,-0.093768523045217,0.22152427553202,-0.0110728187062898,0.00124547582152105,-0.0891060854971246,0.00459642786071873,-0.0492827791952629,0.0266668663064724,0.0799963630916329,0.10379208130034,0.0736328794186113
"18",0.164230328391902,-0.165010812623554,-0.09761079590802,0.146485677917288,0.105836558089626,0.164229528255013,0.0194432838756792,0.0203135692069813,-0.0449814728131863,-0.150806634201685,-0.0654801551974672,0.0556889692066629,0.227400760753797,0.579561031028428,0.0627658884232045,-0.186372352205607,0.317267511422158,1,-0.0403498814845129,-0.00533049136529334,0.0918734479064568,-0.0118703225362727,0.108757408219323,0.0739170612004237,-0.0355553620819912,0.140864476839188,0.143144023134074,-0.0404686971629279,0.0988152880687579,0.00146371392673944,0.0534957887538441,0.0832813027268201,-0.0363605370305148,0.229984893611909,0.0662721081471233,0.155964795913966,0.105600402170608,0.0857417366048432,0.0945215700609884,0.162939875171788,-0.127946148668205,0.0975421336686398,-0.155658655902721,-0.00341382950175914,-0.226958522042232,0.108715060301068,-0.124713135495275,-0.0393025224065817,-0.0852721351002217,0.407759303951416,0.0455972288880949,-0.275754766348186,-0.173600034249704,-0.0936765403428926,-0.0397790255357912,-0.104861008540165,-0.104769067226444,-0.117307916809003
"19",0.0755564976141857,0.178192417599277,-0.0605339984046898,-0.0859332964471635,-0.136593841748241,0.0585328422515813,0.0690191118889223,0.150708045674002,0.0689603752704379,0.0552939299180734,0.067400617236964,0.0661444380402595,-0.122846888259529,0.094410715260027,-0.0523025537696797,-0.15802025141611,-0.150424364049802,-0.0403498814845129,1,0.0889818393438623,0.0584079865890243,-0.0936819362465466,0.0116208343625382,-0.0360091063367907,0.217505322021001,0.162827342386701,0.0389383257228334,-0.100281779674335,0.139218027397244,0.0378685127896341,0.235894069340071,-0.0793415349564039,-0.0149959233077911,0.0638458116944071,0.00310269788581585,0.103748217878459,-0.120465300321838,0.109049690230241,-0.0911939874528326,0.0780822152996887,0.108119009890954,0.0614475456102557,0.10385795778496,0.0352498128157248,-0.105565151146203,-0.0581572968376816,0.103950683995377,0.143414064955705,0.014797936325884,0.168448830242026,0.130331181578285,0.0533687454711407,0.00560610326111826,0.17791122268323,0.00246786201800799,-0.117142107848824,0.0840624260682606,0.045542290995551
"20",0.0446361924864455,-0.0356929736545983,0.24648764726088,-0.282868179355655,0.0864858298193746,-0.00468682315414726,0.129918689188325,0.0958652048032146,-0.214248920818532,0.219582403887972,-0.051608958661083,0.0973581055665043,0.0946620265676835,0.00939876111481355,-0.143024761826221,-0.0635601229905571,0.0244728031002621,-0.00533049136529334,0.0889818393438623,1,0.0228912548250124,0.0510969513451846,-0.0576620960835022,-0.086014473786295,-0.158158773268602,0.0092116131328109,0.208775994175802,-0.0249992981319311,0.0543309501578262,0.192701379316269,-0.052836232790254,0.213279490293027,-0.140033853241474,0.0710932629665387,-0.148301905045438,0.0240913344371061,-0.258613682604602,-0.0293442045379551,-0.212493330110113,0.131415898260141,-0.27886813762262,-0.0451408439188787,0.0755525773537014,0.0752209980366291,0.114524376630888,-0.162812575517548,-0.144177404316069,-0.0973680724514616,0.196194074054262,-0.0801292872962933,0.0670557122980969,0.142654249317491,0.05209488011908,-0.0174591266519382,0.100194066017981,0.008862683538736,0.0348955121872941,-0.0570772954926928
"21",0.0248510258278368,0.212410495275898,0.146788445660099,0.0186888047208455,-0.0136787968503993,0.0093291183242023,0.0401811961846039,0.17227261991181,0.148900701935969,-0.0618113936191238,0.0094747753903513,0.0157278247549145,0.0486833651347976,0.110366274148379,-0.124458090760704,-0.0668308458383297,-0.00038209870100017,0.0918734479064568,0.0584079865890243,0.0228912548250124,1,0.039541216448904,0.130466490776611,0.0828984312586181,0.0199466234612684,0.140432862762637,0.14353296417892,-0.134633774858806,0.181853852674786,0.0289044892785194,0.0408607789391964,0.0179266909745436,-0.110164311030399,-0.0397648004303157,-0.0722828509612989,-0.121724942902039,-0.146798427291696,-0.134463029404824,0.16122330824234,0.0145847696532171,-0.154140775423131,0.0959995075596324,0.201898574432393,0.0797249875185225,-0.0238347760144256,-0.074281878412169,-0.0331660288806077,0.00423052665892436,0.0410520611498219,0.188163695121903,0.189445407488751,0.018781924349919,0.161683839449462,-0.00987394512121419,-0.26272047231529,0.0221840991455184,0.0989221145623733,0.037866457622781
"22",0.0297368953440416,0.184271599614582,-0.0264784328933302,-0.0523526495543818,0.0655701405561042,0.0146613670748703,-0.0307672386869612,0.0219276840839181,0.153154178571839,0.153884999426497,-0.0368305808765648,0.128870101221832,0.217662672998518,0.103420312386909,0.0687409903170577,0.00952398101954712,-0.0738468138588325,-0.0118703225362727,-0.0936819362465466,0.0510969513451846,0.039541216448904,1,0.0912664936535058,-0.0979340513600595,-0.156266910740792,-0.0730879220960789,0.0519662610125616,0.152527864202371,-0.132858059008984,0.195791586374706,0.0765470763764463,-0.0622884961293857,-0.107352892406958,0.101999803694525,-0.0634687643335505,0.0182561389673437,-0.094559399173529,-0.16513714318138,-0.108050252327988,-0.0144901650125603,-0.098314633384396,-0.177484876297416,0.144545516112235,-0.088474385280649,-0.221138920442856,-0.0093480007470777,0.136884905470736,-0.0834050640678064,0.0949654102025827,0.0206134268223974,-0.108004189086067,0.0398499526216755,-0.0472685750152326,-0.176958647750374,-0.0619606398267397,-0.019971991697738,-0.0351039307881605,0.0600822643847288
"23",0.1182757054412,0.0752459720524964,-0.0199967509771339,-0.0136086290559884,0.163005460773982,0.153184278148389,0.00967149685955924,0.159080637030643,0.268231395618826,0.164326085112969,-0.180320645985492,0.0263948774352531,-0.0236235401388658,0.0783750784435771,0.0201418758597364,0.0658790893409291,0.100633475939961,0.108757408219323,0.0116208343625382,-0.0576620960835022,0.130466490776611,0.0912664936535058,1,0.20019108543046,-0.0659085472014224,0.0453086616216198,-0.0451283803982647,0.157176802838445,-0.184573885527807,0.189680531219301,0.142002408390926,0.181871685002196,0.00192976076683973,-0.14431840901443,-0.080912753110287,-0.0750541411367517,0.0109222515287066,-0.187521493077901,-0.191215204054561,-0.144960857415488,-0.172647953478168,-0.265356888742735,-0.085463147206685,0.138345823278316,-0.0605248288788215,0.0622536762973058,-0.0233968993200132,0.00762661821032621,-0.0054419097506396,0.0341312077741462,0.171518841826103,0.0992853864577848,-0.00159951017992633,0.105133215936928,-0.113558325476395,-0.132154704679213,0.138072489087332,-0.0413351794818044
"24",0.169610678122028,0.0575763315558139,-0.134463204633869,0.295782528555295,0.106709669176739,0.102447427241475,0.0137167884492858,0.0426197348888955,0.234509704184621,-0.00888108575437606,0.0310766616094729,0.107339259706148,0.0114482837971265,-0.101895278271851,0.122763187111325,0.028290822595253,0.250003017842059,0.0739170612004237,-0.0360091063367907,-0.086014473786295,0.0828984312586181,-0.0979340513600595,0.20019108543046,1,0.0474490609148501,0.121965365459318,0.125388031426361,0.100835183045489,0.0340706803492684,-0.129895066210391,0.194399073159521,-0.0442419712277539,0.110289828836366,0.0151572452811735,0.0629532203545887,-0.0587274105281123,0.0617228409100103,-0.0968854269044814,-0.0201734600865548,0.0141892912212003,-0.0311037256992315,0.11022185846551,0.133615008749771,0.218389998287568,-0.139864839087618,-0.217991459554116,-0.162662937903964,0.0113532150668324,-0.0107870300046151,0.0702575976373974,0.180693290136336,0.145501023679317,0.214456666928829,0.212611730466226,0.0875341843107573,-0.0452523361107438,0.00608881831196612,-0.15445683076138
"25",0.304669737746912,0.151114661731584,0.167384599536078,0.0696213017315671,-0.0700192886396984,0.200266813038332,-0.0722442758286707,0.181601384252691,0.0867484952690616,0.0910154410624447,0.147020270602949,0.13672861309131,-0.053519409030155,-0.0383908745194014,-0.04376804632962,-0.0343362080347893,-0.250723754786787,-0.0355553620819912,0.217505322021001,-0.158158773268602,0.0199466234612684,-0.156266910740792,-0.0659085472014224,0.0474490609148501,1,0.220500306921048,-0.0556499748475663,-0.00206165043654579,0.0856639296659773,-0.150882177889344,-0.0439132070023485,-0.026376447551324,0.0866349000105599,0.0903426069401453,-0.0271155482905112,0.0239208772905384,0.165761363697946,0.202142033772911,0.108217709142931,0.0880270191061628,0.0616296499248881,0.0268482687788601,0.0841856780616585,0.0806380026913897,-0.0357256369620651,-0.116731045919325,-0.0434533710291451,0.079998816133022,0.0365044967069788,0.104160611495945,0.130991965584662,0.0891086951575278,0.132141622726718,0.29239304786057,0.181078921445719,-0.128249446814962,0.0139231403281222,0.156688723528886
"26",0.366175079806102,0.0486000058574698,-0.0514772240710163,0.148194029127105,-0.0910333844303919,0.0467023223154441,-0.0105789627423665,0.0336192710293727,0.106225415389867,-0.0045503903049261,-0.150934977724789,0.0284216695510349,-0.11722699841027,0.258461928010766,-0.00660764556843548,0.154873304370327,-0.0691905911749865,0.140864476839188,0.162827342386701,0.0092116131328109,0.140432862762637,-0.0730879220960789,0.0453086616216198,0.121965365459318,0.220500306921048,1,0.186384446070327,0.00310932424991368,0.0192189530252617,-0.258815503825761,-0.154091141229862,-0.0477098339948833,0.0415913161790464,0.129811664885436,-0.090998673426897,0.138984638669817,0.116229545076049,0.214638604563659,0.0792724683791795,0.154375215038311,-0.132827203218745,-0.0889166244927185,-0.0145432031642361,0.0503817290611229,-0.0400906258471615,-0.0611617944465142,-0.128370828476167,0.178436649325927,-0.146875859085166,0.137229789654807,0.0751940938633383,0.0230825385635187,-0.030671769445735,0.0248577529097639,-0.0493612557913483,0.0676120745663228,-0.0229342326025767,0.0253331396817094
"27",0.0436185768033858,0.125453334198657,-0.0632472860498244,0.0886503029568038,-0.12214290298677,-0.0386902327716596,0.10943464586998,-0.126187125906359,0.22462059272119,0.20157699794737,-0.0426329237068683,0.0274473596082721,0.177730559010686,0.105845622571538,0.106615580150874,0.045641871760885,0.0460278271509939,0.143144023134074,0.0389383257228334,0.208775994175802,0.14353296417892,0.0519662610125616,-0.0451283803982647,0.125388031426361,-0.0556499748475663,0.186384446070327,1,0.0662787588561061,0.049755175246134,-0.11595034022987,0.0355065205116917,0.14775489186324,-0.196065481923936,-0.0440249878923114,-0.0874478915630963,0.0166415862621094,-0.037413468674908,0.100396850046335,-0.122511248347553,0.0540010165509098,-0.231876790273422,-0.10842033438734,0.227360998926347,-0.0541645254860777,0.0138437588634349,-0.107249244659688,-0.14915628309172,-0.0587788799008636,0.0506935579908646,0.0660329585300962,0.142798238358354,-0.147822996456538,0.18862286115657,-0.0488916501917685,0.0294463022179867,-0.166276030942324,-0.186746156729445,-0.0564314246189482
"28",-0.147225259049721,0.081214108740728,0.158426499910494,0.0735349776749068,0.0698432817323466,0.00388793058434311,-0.1711288824933,0.0369447677822941,0.0966627864345297,0.125313875459735,-0.0210499689325302,0.123476130137036,0.00960365992048265,-0.0669079300173756,0.161682417890505,0.0787323452351111,0.0491539638294646,-0.0404686971629279,-0.100281779674335,-0.0249992981319311,-0.134633774858806,0.152527864202371,0.157176802838445,0.100835183045489,-0.00206165043654579,0.00310932424991368,0.0662787588561061,1,-0.107160554541125,0.136036499508476,-0.0607173160477247,0.120003053927107,-0.216386246531458,0.104151638045035,-0.177265735652613,-0.0274819761789861,-0.0121834818241964,-0.0710403426935285,-0.0871529774516069,-0.0603415295769232,-0.142517861081587,-0.272236938662144,0.106937694289207,-0.0597385872992757,-0.093899341090803,-0.0987245760849894,-0.179610409883192,-0.0220872608578201,-0.0181469420376125,-0.111762501428932,0.0127231937533835,0.0513425501345837,0.223218902331558,0.222415032369537,0.121386699637388,0.0277445684837162,-0.220875504660073,0.133722616720649
"29",0.00600808362208824,-0.107337151914161,-0.0374201937756665,0.0154312850415235,-0.120545735638036,-0.0864002346555028,0.148131404918311,-0.161973085202504,-0.177217531618537,-0.0981257822114245,0.268604037163144,0.0906150665715029,0.121093944224398,0.0436846426028611,-0.200558017665317,-0.231908088541731,0.0158936485787581,0.0988152880687579,0.139218027397244,0.0543309501578262,0.181853852674786,-0.132858059008984,-0.184573885527807,0.0340706803492684,0.0856639296659773,0.0192189530252617,0.049755175246134,-0.107160554541125,1,-0.0386349569308579,0.024002365440109,-0.0477050065348704,0.0596735761206748,0.278729761933364,-0.0629581295827256,-0.164261192352612,-0.180731637124333,-0.104508332934445,0.249786943063332,0.121148420249483,0.137314177277128,0.269369948004223,0.0638367792944479,0.128261960676559,-0.135432591225613,-0.168117908625847,-0.016859009106113,-0.0873937238977329,0.175920952193869,0.258255958880015,-0.0345514489678583,0.0440564666609755,-0.00308483243110096,-0.0998515745488484,0.0531919687131121,0.144623762159166,-0.164182636470912,-0.0413995717149822
"30",-0.0313809877873278,0.0916926717217302,0.324886284655129,-0.0296975233092858,-0.0684957825176005,0.00506229211146145,0.051377525949206,0.159696303650377,0.0876073356204879,0.164856781041754,-0.00255811304810795,0.0434531652525263,0.019417939092327,0.0418997751415004,-0.133125847366169,-0.0908426172242148,-0.0487687989080623,0.00146371392673944,0.0378685127896341,0.192701379316269,0.0289044892785194,0.195791586374706,0.189680531219301,-0.129895066210391,-0.150882177889344,-0.258815503825761,-0.11595034022987,0.136036499508476,-0.0386349569308579,1,-0.0266993698442744,0.154853630069308,-0.0643413573093975,0.192443238401822,-0.0544139004179209,0.0226915146118552,-0.129558131474742,-0.0693011415980122,-0.0494805538413084,-0.0146134937147833,0.0518978874202996,-0.0133172045998737,-0.00798167501443251,0.0550862803229758,-0.0320166477902506,-0.0186700098313052,0.0363178267446387,0.0273331418807513,0.137008481192938,0.0533036298019903,-0.149730101928999,-0.0354438522840247,-0.0634056558278819,-0.160476449922616,-0.11553761314915,0.0379330602968661,0.119237052288575,-0.0711700135027082
"31",-0.0241174279361552,0.0556057053177202,-0.087097680532283,0.0514246145141299,0.0973370843218466,-0.00544603824184101,-0.0283915853639959,0.0431197043516592,0.143867582951395,-0.0480406599555378,0.154822140065941,0.00373369228985267,0.0312950911257358,0.100573333566732,0.178492276473333,-0.0541125510111678,0.1491214482363,0.0534957887538441,0.235894069340071,-0.052836232790254,0.0408607789391964,0.0765470763764463,0.142002408390926,0.194399073159521,-0.0439132070023485,-0.154091141229862,0.0355065205116917,-0.0607173160477247,0.024002365440109,-0.0266993698442743,1,-0.0831044494891887,0.0717314278958791,-0.171185811114467,-0.0327001416275735,-0.079484252767929,-0.055759900118742,0.0731834793180448,-0.159195182579475,-0.098479060038697,-0.0996796796828273,-0.0183983724728445,0.141519951879571,-0.00429720579820098,-0.0377549319462702,0.0220667672500582,0.0745968201607658,0.0861958783337106,0.136871811340178,0.0748897821365838,0.22159331156722,0.115444369020967,0.0754551703096432,0.0490049005899318,0.137549746473866,-0.0758888090030738,0.187361756422584,0.143767248854826
"32",0.111999665854772,0.0946397240121175,0.0817902994031208,-0.0953476280994982,0.178617492060194,0.0202682648653713,0.180546006023392,-0.0660757106970311,0.00213595648333596,0.274522390229772,-0.00423268492341839,-0.146238733869368,-0.0044784805766511,0.00203991953425291,0.0136811726980306,-0.0735094502228216,0.0417533353732473,0.0832813027268201,-0.0793415349564039,0.213279490293027,0.0179266909745436,-0.0622884961293857,0.181871685002196,-0.0442419712277539,-0.026376447551324,-0.0477098339948833,0.14775489186324,0.120003053927107,-0.0477050065348704,0.154853630069308,-0.0831044494891887,1,-0.207343089019963,-0.21079886462197,-0.102269360928396,0.0118509881249631,-0.0124176353301224,0.0574402124334444,-0.0847470404499408,-0.11496503559345,-0.152244247275389,-0.175503567989278,-0.170302831179079,0.129745717789114,0.0383311897320204,0.0376237076139397,-0.235798925883055,0.0102243727522127,-0.129517439365753,-0.143666593555735,0.0593440742787733,-0.00991396005784033,-0.157977307559368,-0.142164182907948,-0.115763753943481,-0.0331087621320972,-0.0705409773575225,0.00322584419898319
"33",0.19467984728692,-0.237714550084309,-0.0804396029370885,0.00919618205007558,0.0572734902158466,-0.00618031413627392,0.0190797093180857,0.0261065495902897,-0.0690192276906829,-0.0678216259173763,0.0545196334894594,-0.0294894902065914,-0.126248830268613,-0.0971838055211727,0.115674436259266,0.274888877378728,-0.0026971242549597,-0.0363605370305148,-0.0149959233077911,-0.140033853241474,-0.110164311030399,-0.107352892406958,0.00192976076683973,0.110289828836366,0.0866349000105599,0.0415913161790464,-0.196065481923936,-0.216386246531458,0.0596735761206748,-0.0643413573093975,0.0717314278958792,-0.207343089019963,1,-0.0598258200146551,0.199538287379825,0.003561390536564,0.186578757407057,-0.0262344150133885,0.115361393408965,-0.0243434906026643,0.160715978862875,0.246949914755893,-0.132685946883653,-0.0660774817298035,0.0575276693630008,0.133415695341308,0.235205296321871,0.0481489724869724,0.0278066210632178,0.118100310297072,-0.171514777682363,-0.0496626287068111,0.0214563734249581,0.0414229553221869,-0.00502203867362461,0.322822130878763,0.18577030475809,-0.0805606845979763
"34",0.131769878095008,-0.0128299250824535,0.0686895778988886,-0.0241979776632583,-0.0252328044155553,0.0103597003671957,-0.0814081019574364,0.091210752236219,-0.0778012607971007,-0.025700199248827,0.0390634249825778,0.343027229951518,0.186574567516587,0.107576430878722,-0.145229236960939,-0.233689683972545,-0.0446654782863064,0.229984893611909,0.0638458116944071,0.0710932629665387,-0.0397648004303157,0.101999803694525,-0.14431840901443,0.0151572452811735,0.0903426069401453,0.129811664885436,-0.0440249878923114,0.104151638045035,0.278729761933364,0.192443238401822,-0.171185811114467,-0.21079886462197,-0.0598258200146551,1,-0.184479970930114,-0.0150097994347126,-0.112136528993389,-0.102647069826735,0.293068734647834,0.472393076697097,0.216095013812599,0.269448850502428,0.0131392239693221,0.119646584238164,-0.271066276092734,-0.201241345104477,0.0459487846294027,-0.0599481515091159,0.162113474248783,0.256471626150091,0.00721968014799187,-0.0533990281036896,0.0178130836760825,0.11096432491513,-0.0186335741521677,-0.00700668271826084,0.0109185448212913,-0.0834916049422323
"35",0.00366627445558256,-0.136313220292239,-0.341920951954985,0.13529260576148,0.0363675173509841,0.081732126815869,0.122631493410046,-0.00516080532859959,-0.0620390435839118,-0.142375508426959,0.0413087123704063,-0.0389618239396358,-0.210287837878122,-0.0640436695165738,0.165313510163456,-0.0423044577891936,-0.0179758167544731,0.0662721081471233,0.00310269788581585,-0.148301905045438,-0.0722828509612989,-0.0634687643335505,-0.080912753110287,0.0629532203545887,-0.0271155482905112,-0.090998673426897,-0.0874478915630963,-0.177265735652613,-0.0629581295827256,-0.0544139004179209,-0.0327001416275735,-0.102269360928396,0.199538287379825,-0.184479970930114,1,0.218740531046858,0.17658811544131,0.176324705069565,-0.042112871492207,0.177084102014133,0.10973946797904,0.132655867797507,-0.268624346345731,-0.182434732334804,0.0978335520187906,0.166732612563986,-0.0215889706506579,-0.0032017621392152,-0.240948466975876,-0.0646944685147389,-0.186375555998101,-0.156468346507292,-0.0367240462051577,0.0733619822796236,0.0398390969056593,0.00763123819645813,-0.00573274909254818,-0.083435439954044
