"","l_Insular.Cortex","r_Insular.Cortex","l_Amygdal.Area","r_Amygdal.Area","l_Bed.Nucleus.of.the.Stria.Terminalis","r_Bed.Nucleus.of.the.Stria.Terminalis","l_Hippocampus","r_Hippocampus","l_Orbitofrontal.cortex","r_Orbitofrontal.cortex","l_Entorhinal.Cortex","r_Entorhinal.Cortex","l_Frontal.Association.Cortex","r_Frontal.Association.Cortex","l_Globus.Pallidus","r_Globus.Pallidus","l_Glomerular.Layer.of.the.Accessory.Olfactory.Bulb","r_Glomerular.Layer.of.the.Accessory.Olfactory.Bulb","l_Glomerular.Layer.of.the.Olfactory.Bulb","r_Glomerular.Layer.of.the.Olfactory.Bulb","l_Granule.Cell.Level.of.the.Cerebellum","r_Granule.Cell.Level.of.the.Cerebellum","l_Hypothalamic.Region","r_Hypothalamic.Region","l_Entorhinal.Cortex","r_Entorhinal.Cortex","l_Vermix.Molecular.Layer.of.the.Cerebellum","r_Vermix.Molecular.Layer.of.the.Cerebellum","l_Lateral.Molecular.Layer.of.the.Cerebellum","r_Lateral.Molecular.Layer.of.the.Cerebellum","l_Anterior.Olfactory.Bulb","r_Anterior.Olfactory.Bulb","l_Posterior.Olfactory.Bulb","r_Posterior.Olfactory.Bulb","l_Subiculum","r_Subiculum","l_Perirhinal.Area","r_Perirhinal.Area","l_PreLimbic.System","r_PreLimbic.System","l_Primary.Cingular.Cortex","r_Primary.Cingular.Cortex","l_Primary.Motor.Cortex","r_Primary.Motor.Cortex","l_Retrosplenial.Cortex","r_Retrosplenial.Cortex","l_Secondary.Cingular.Cortex","r_Secondary.Cingular.Cortex","l_Secondary.Motor.Cortex","r_Secondary.Motor.Cortex","l_Striatum","r_Striatum","l_Ventral.Tegmental.Area","r_Ventral.Tegmental.Area","l_Substantia.Nigra","r_Substantia.Nigra","l_Thalamus","r_Thalamus"
"1",1,0.167984293808335,0.111719173102797,0.180369353031576,0.0687085797263167,0.0641892926111522,-0.0816726258641952,0.108222692811045,0.129547205188347,0.36816898444197,0.0501438128784373,0.0688489058399194,-0.00232399587506842,0.0919166794314536,-0.0319354366171986,-0.09948274674817,-0.0499197695083563,-0.0461152379855694,0.0530889539123562,-0.0181868645917862,0.0898995604540954,-0.0974720598927284,-0.0630924259116178,0.170693687089139,0.172241965251124,0.119091588870028,0.11055287938513,0.0247697779877161,-0.135161562771074,-0.17140992063564,0.180792547813928,0.140252148596537,-0.068384696705679,0.137450025363202,-0.16195594915404,0.0579018215191931,-0.104165435167402,0.0749406301461256,0.218658288335403,0.235322627615359,0.0606026721352802,0.0265366399529333,0.0316089129133974,0.0338942330341939,-0.113984611093091,-0.0972770136980868,-0.023772618822769,0.0183330522614905,0.00751268423038785,0.0846912784231653,0.136770908900316,-0.0640714317565446,0.0906710109224957,-0.0605583889035919,0.233892998866631,0.143410888506512,0.00299697227086481,0.0534944195481123
"2",0.167984293808335,1,0.0398464253382739,-0.0152716931022673,0.0322013913864612,0.227010366087127,0.0400788683606146,-0.0174839618550028,0.148693929622101,0.278880476493696,0.0270750490795942,0.0967695860528409,-0.012687532994249,0.149038451975855,-0.0945668144257675,0.119912342963533,-0.00863330725768767,-0.204497322972489,0.134307359085969,0.225198910344689,0.152513825637358,-0.0585594955652951,0.0280419770085686,-0.0112572324922471,0.102917219788628,-0.0104666493178811,0.142077018574065,0.114712095006046,0.190838964676449,0.0362449350747385,0.0694337963250882,0.170843236172395,-0.0300016799053521,0.0810951328949593,-0.129501903224677,0.139475580780332,0.094206850612291,0.13946008513591,0.0201277922997685,-0.0898976312827733,-0.0431112624528242,-0.161105644304146,-0.0940492913109717,0.0520283325665376,-0.116612171338095,0.0590068484263466,0.0475951885931144,0.0611301909479956,-0.131584496428417,-0.0229055049701309,-0.0141410696382799,-0.0110992238609413,0.232717842573338,0.141381919604708,-0.139231915633072,-0.0264801492312697,0.0919975150504028,-0.020665734158076
"3",0.111719173102797,0.0398464253382739,1,-0.0528479449543521,-0.107269390413462,-0.116989585637881,-0.0264382620905899,-0.0200500613517369,0.125270403562258,0.0671995691428682,0.0103748913792229,0.0780619075909146,0.00499092514639685,0.153238276794299,0.0502698552614522,-0.0366866479715019,0.236848224067835,0.0253430472516948,0.0601975282231782,-0.0632968769308022,0.105207092374943,-0.0251864579581244,-0.0430782346597094,0.0813070004118524,0.160852571162042,0.160324873008286,-0.0319491603113351,0.0717055455329978,0.0808071913341503,-0.0720416649044122,0.0651596817129649,0.11718322938702,0.184003842016808,0.169199185084761,-0.0877196402121505,-0.00944762832181784,-0.0267090291053427,0.0436298580821833,0.0490204709529349,0.128370080133365,-0.00695787224303941,0.0172227335758399,-0.0355871421698796,0.0242318192263824,-0.12739554275243,-0.0645828962521544,-0.0662583295343037,0.0606214621861133,-0.0647597552085509,0.11395152390656,0.0189338428563747,0.0585122599722777,-0.0174185000259683,-0.062606497501682,-0.0848107564224761,0.102973170780406,0.0484762105792943,-0.145678838593556
"4",0.180369353031576,-0.0152716931022673,-0.0528479449543521,1,-0.00947333094647534,0.103840387831112,0.05480889375051,-0.0787251720945412,-0.11460541217919,0.118478128794116,0.128181354337815,-0.0903255160725821,-0.0552088475418501,0.242998581616719,-0.0892457850464747,-0.257864097672862,-0.0185028437910539,-0.0301453856518493,0.0522996378003184,0.0424817802767786,-0.158447493704607,-0.125190659746924,-0.0585390925685115,0.00476135046382701,0.205226463301663,0.159447948447322,0.0167646854199618,-0.0505883383808923,-0.0695771643566576,0.0603387882320011,-0.0712612216746846,-0.104244875839734,0.0380256519070783,-0.0700340309196778,-0.0318304804779613,0.159244028647641,-0.0946374652757639,0.185951279809596,0.0157066957934575,0.0716272023719598,-0.0622309881045907,0.121359256282895,0.096780122674037,-0.0465230512322874,-0.086625368767663,0.00963496394432432,0.00633021791183344,0.016122608841867,-0.112582442151548,0.123071058997692,0.123941802930437,0.00447588912597516,-0.126182658309224,-0.098457288070207,0.0812637266678393,0.23201616086447,-0.120998452587842,-0.0898183823588538
"5",0.0687085797263167,0.0322013913864612,-0.107269390413462,-0.00947333094647534,1,-0.104650542475892,-0.0750381776301856,-0.141620878329172,-0.022492368040734,-0.108335164593197,-0.0164249265873229,0.117525972977633,-0.00192218367514949,-0.0213869110449329,0.234066406062474,-0.0100294510268538,-0.00269331516479631,-0.0235410508173167,0.0813042391236306,-0.0664205248215872,-0.0104053105709655,-0.061884124344623,0.0529998657693899,0.0465886902780406,-0.0886247357340163,-0.153796041359024,0.12035993115162,0.0966163051480215,-0.16259228108416,-0.0303421907484971,-0.0774530965675552,-0.105414978545838,0.171065637731019,-0.0708521764334977,0.0098431474725526,0.184398152912778,0.00409217722298821,0.0788009529817161,0.232899860284249,0.173130524302754,0.12116385357037,-0.189349303588649,0.0411776114976518,0.0158975627040933,0.0756415149462515,-0.0512137912960174,-0.00573368267259499,0.145334927688039,0.0322964998614606,0.0836663462977326,0.0641391316630367,0.104651139812944,-0.0750846280005763,-0.0344264122514635,0.123829914633684,0.0332452576453166,0.0188613667039974,-0.0150828180836501
"6",0.0641892926111522,0.227010366087127,-0.116989585637881,0.103840387831112,-0.104650542475892,1,-0.158645514913999,-0.00390427715934404,-0.00618739468761631,0.257632934497452,0.0873361285413242,0.0461684266778224,-0.144658558112811,0.0720533948178419,-0.0113354593931462,0.0085297435516942,-0.104469025599062,-0.137170051497333,0.029805609013174,0.0890544442488882,-0.0771817115555859,-0.0507395708829377,0.0135361575009893,-0.106274046949651,0.0311219682307054,0.0218545063307988,0.162163909687995,-0.0618624473478479,0.0475826791130882,0.0240257054659877,0.135992710640267,0.111691140729131,-0.0908769918034039,0.0493702828088048,-0.0968650267680672,0.0111435352014175,-0.0583126032540383,-0.0919743623921106,-0.0445487338355203,0.0223705958818536,-0.0155172875110183,-0.0188565507125144,-0.138323097578724,0.166262108401364,-0.162014286352722,-0.0172072133161092,-0.0448887772908936,-0.0691521122508976,-0.211305446993155,-0.0389865380593323,0.140461412878952,0.145668554080928,0.0369257224038482,0.0657923846838868,-0.0136956798679446,-0.123196570866667,0.0550210488599357,0.155493650781245
"7",-0.0816726258641951,0.0400788683606146,-0.0264382620905899,0.05480889375051,-0.0750381776301856,-0.158645514913999,1,-0.0730075936146362,-0.0181776457843674,-0.17352887401425,-0.102377883813582,-0.0205021951013225,0.157251274547023,0.00762053689789831,-0.0444035946937799,-0.145372606369655,0.163956330907393,0.106314719268037,-0.106188504821699,0.0621546709832184,0.138080292675443,0.11582340499691,0.129663901831976,0.0882204703434789,-0.131713399776505,0.0568082690806246,-0.061005303747268,0.060276917212759,0.0289557450815007,0.05990913543299,-0.211612920787135,-0.0349072355564578,0.0356093767081967,-0.043068609582695,0.435799681556749,0.0098251985501519,-0.112240398220293,0.0865185293754902,-0.0812672453699381,0.0259877495093128,0.00478391965281144,-0.0551837033623142,0.205173706804962,-0.113387880188373,0.151738733261525,0.0398383137004504,0.0460026586203525,-0.0383777296552693,0.152921376783713,-0.0844894052782413,-0.232363488916426,-0.0923166827053575,-0.0645558590492911,-0.0163142912534281,-0.0816637700161686,0.11261169096973,-0.183916883857127,-0.0838461226223402
"8",0.108222692811045,-0.0174839618550028,-0.0200500613517369,-0.0787251720945412,-0.141620878329172,-0.00390427715934404,-0.0730075936146362,1,0.0801656650377756,0.105586392467746,-0.154264283150663,0.122517117238318,0.157777301855183,0.0414396364347463,0.00583542813650834,0.0515021913221146,0.00199899599243591,0.0720345897414431,-0.0276158143384094,-0.0270167657514141,-0.189041229509095,0.0363729478383585,0.168711053900514,0.00587840492326932,0.22823549495392,0.164301008015831,-0.0224289880370121,0.0999379393746568,-0.20502558992133,0.169556659551448,0.144171188318316,0.0581588077307762,0.039772326384879,-0.105627893893191,-0.0111077486130322,0.00541548608720364,-0.0171445176796768,-0.0378821758860136,0.0715512617406372,-0.327798772309046,0.220507627208897,0.199037425306463,0.191926932660559,0.224163367556293,-0.180971414043008,0.0993661938068475,-0.141877136681719,-0.120922729751523,0.23567720116176,0.0477871005467128,-0.100924755445911,0.114504191519509,0.0308419103276717,0.118379043322527,0.0591425999196318,-0.105569565018303,0.131386845383288,0.125122225254087
"9",0.129547205188347,0.148693929622101,0.125270403562258,-0.11460541217919,-0.022492368040734,-0.00618739468761631,-0.0181776457843674,0.0801656650377756,1,0.265765286363024,0.0174334692496409,0.0964449464780424,-0.0199173648443012,0.047451419913926,0.0360132879615334,-0.0144200776887106,0.0562564554746516,-0.0306236862195811,0.092775823676636,0.22602817022917,-0.00529418125770427,-0.169231780229954,-0.0837577506418019,0.0819400299453052,0.0996134937991819,-0.195319918807699,0.142852895824574,-0.0200579025746682,0.149057918047863,-0.108867932363626,0.24943176838307,0.0542898434504681,0.0438300057229648,0.11047904001349,0.0087344025955088,0.00961949890105949,0.144237441516862,0.0257837657470655,0.0804635949028117,0.0483011380553454,0.0509182889599268,0.191544052663786,0.131132923095732,0.146717812696293,-0.0828315779045002,0.037758071967907,-0.127368100067292,-0.143281912965424,0.0372313932282348,0.10371743412551,0.0382613229908428,-0.0247079989820398,-0.0631100513190696,-0.0519710534545497,-0.137587624014396,-0.307878295338151,-0.0652012003083982,0.0115316120032918
"10",0.36816898444197,0.278880476493696,0.0671995691428682,0.118478128794116,-0.108335164593197,0.257632934497452,-0.17352887401425,0.105586392467746,0.265765286363024,1,-0.0540059419957482,-0.207021196073974,-0.0288271705692073,0.168338048383595,0.0355543870913383,-0.162895096040376,-0.149560586456937,-0.204596839610792,0.104208008962638,0.119531630307594,-0.122960911376025,-0.0477704963570573,-0.102722247159952,0.0458756035744959,0.203398721787524,0.00513751302370096,0.0758572364954331,0.0918456675239591,0.0397787291960485,-0.129876855272217,0.271862184414759,0.214223343470198,-0.118966304266937,0.0135151837940739,-0.124104233749584,-0.0906295215292961,-0.131880627188752,0.0572753065703535,0.0103984129112955,-0.0149393243357962,0.0835137356840398,0.0881717584118747,0.0894388089402011,0.219120518231219,-0.34784970680616,-0.102246623434318,0.0796532273094686,0.0445219412489143,-0.0702570685333494,0.126855060523933,0.122501109850385,0.0458137819159153,0.11547827434009,0.0378156591759053,0.0951445525575327,-0.175764489311705,0.0548113742122277,0.123808790731573
"11",0.0501438128784373,0.0270750490795942,0.0103748913792229,0.128181354337815,-0.0164249265873229,0.0873361285413242,-0.102377883813582,-0.154264283150663,0.0174334692496409,-0.0540059419957482,1,0.115532145634239,-0.00754567178704684,-0.0960618834089341,0.0690459827370313,-0.110394506064237,0.0895818233064908,0.0501782914341121,0.181254021855286,0.09579335288943,0.0821636424605222,-0.0103126712712839,-0.00783687285811486,0.00049375636011333,0.00840223612918615,0.0452383198477306,-0.0987307213460024,-0.0245975934970059,0.0696918184700519,-0.141341470737667,0.0312942643260113,0.209270617701932,0.227502629305685,0.253728456710318,0.142259007295391,0.199900929227095,0.141450019251721,0.00980530904513027,-0.0694823709436533,0.0515432479107845,-0.158318804709065,-0.0072826339088636,-0.196352010474351,-0.021606943486119,-0.077029410090205,0.0564876645379396,-0.0503394555347755,0.0974631182815467,-0.042240538390115,0.0107295271733036,0.0831337762129126,0.0895579559335051,-0.139003339584601,-0.0315683355635393,-0.00118017522261809,-0.0412200183400042,0.0579231917349066,-0.111466039083513
"12",0.0688489058399194,0.0967695860528409,0.0780619075909146,-0.0903255160725821,0.117525972977633,0.0461684266778224,-0.0205021951013225,0.122517117238318,0.0964449464780424,-0.207021196073974,0.115532145634239,1,0.0323793233116029,-0.030637813066403,-0.0615448500834643,0.182354185578345,0.16916149016723,0.0185054187446454,0.0260203793261026,0.0905643476635522,0.0441794795362199,0.0485923212460862,0.129225228425648,-0.0334433254098281,-0.0469651584098764,0.016957475474887,0.113938005957239,0.0457624046114526,0.0289634295735013,-0.0273479663937195,0.0685573411584234,0.131323807039505,0.115762255564085,0.259515950425856,0.0852801662275394,0.258168569836633,0.0717118169968874,-0.0983973379357314,0.153618442734702,0.0949045829534148,-0.0310259243817006,0.0645517527916134,-0.0909371562013694,0.058064636310496,-0.179493904250388,-0.0321791828471194,-0.277995864803057,-0.127954586473446,0.0513006831576645,0.00603069021787599,0.00058916165733042,0.20958940937481,-0.101605736182576,-0.139814371046352,0.0773808643551318,-0.0725380381595025,0.177814743061388,0.0279852801127163
"13",-0.00232399587506842,-0.012687532994249,0.00499092514639685,-0.0552088475418501,-0.00192218367514949,-0.144658558112811,0.157251274547023,0.157777301855183,-0.0199173648443012,-0.0288271705692073,-0.00754567178704684,0.0323793233116029,1,-0.0916796417028098,0.144270915660634,0.0899006442052979,0.286052503320152,0.124233369507977,0.0665938324166207,0.174955339458963,0.166576485633618,0.0735917268649809,0.151985668762229,0.131867072202778,0.0160673015305388,0.00162891014795454,-0.0193121022799691,0.243741825454456,0.0951649318293531,-0.0684286635125134,0.184485356455511,0.143868878434205,0.279982339046938,0.0437948905736911,0.186228584083111,0.0201199409906501,-0.141537227891095,-0.131026535678406,0.176412767868571,-0.119655818075345,0.235660977527669,0.187442405605894,0.120232815119113,0.0792373648518799,0.112094956995286,0.0171128271845649,0.144367593779577,-0.0600447655928073,0.544795605003699,-0.0654942793841818,0.0918634340547979,-0.0603843014689857,-0.039954499697367,0.113899865331619,0.0437628914945062,-0.0399525976715199,0.15717078619752,-0.133019853320908
"14",0.0919166794314536,0.149038451975855,0.153238276794299,0.242998581616719,-0.0213869110449329,0.0720533948178419,0.00762053689789831,0.0414396364347463,0.047451419913926,0.168338048383595,-0.0960618834089341,-0.030637813066403,-0.0916796417028098,1,0.295718385602507,-0.177072721019003,-0.0285791530616584,0.452450212887001,-0.170578602358303,-0.20171726422142,0.0807143135166435,-0.109589999177934,-0.025764322219404,-0.0215510800923383,0.010700203655838,-0.0466621811058252,0.0180974238979092,0.0724930771529398,-0.0699450203390502,0.0332070102131114,0.0348927405912957,0.0616833544910892,-0.0476199449234667,-0.0388205564341986,-0.0354753808653686,0.0302275559708683,0.0486218236178956,0.0296768406129985,-0.068310101999596,-0.00968410012512201,-0.0129235814514306,0.0202706563296794,0.0900697613488791,0.026294654653489,-0.141360161097287,0.183484427800045,0.0264176002453407,0.131137325807495,-0.00843445631620917,0.589163417468309,-0.0560123617616795,-0.0450735067868905,0.0443257055977826,0.0121480329402777,-0.151907823901932,-0.148638679564218,0.018157217707822,0.0974769151665293
"15",-0.0319354366171986,-0.0945668144257675,0.0502698552614522,-0.0892457850464748,0.234066406062474,-0.0113354593931463,-0.0444035946937799,0.00583542813650834,0.0360132879615334,0.0355543870913383,0.0690459827370313,-0.0615448500834643,0.144270915660634,0.295718385602507,1,-0.0897650510343833,0.145484962190617,0.243803351498275,0.0444469945786653,-0.0447332886437937,-0.181360510949579,-0.0652972340500915,-0.0516788710351616,0.0813614233472717,0.207529355400236,-0.0170901884029057,-0.103838800298438,-0.138363982975209,-0.104293409887421,-0.0763919799266642,0.0665505200258036,0.117795665355391,0.10211076961003,0.0142192514130432,-0.0129108547028408,-0.0770364835137939,0.126195242300025,-0.265056890122816,0.00239434998488442,0.0110524160122614,-0.0824409858830313,-0.0584186300863548,0.00901443996747642,0.0792450727996457,-0.0779068566568247,-0.0048009208296596,0.0877851443667964,0.171862865618529,0.133610746906735,0.216382118045841,0.21708595438479,0.061335857415068,-0.00015358903415176,-0.0427764181739357,0.0159749097487727,-0.112255036859372,-0.0715317785102293,0.00589785771801719
"16",-0.09948274674817,0.119912342963533,-0.0366866479715019,-0.257864097672862,-0.0100294510268538,0.0085297435516942,-0.145372606369655,0.0515021913221146,-0.0144200776887106,-0.162895096040376,-0.110394506064237,0.182354185578345,0.0899006442052979,-0.177072721019003,-0.0897650510343833,1,-0.00476901472085005,-0.0235291939690728,0.0612518525458259,0.0643597255732622,0.124953684426833,0.0826343657214868,0.0744106183398213,-0.107880110032878,-0.0102507890150174,-0.0399941582002402,0.0295841167177793,-0.088782883052603,0.138889571382335,0.0781888250232303,-0.0848960972265562,0.115300289074594,-0.0322157327458067,-0.0655536597311154,-0.180262489472086,0.0637569454246868,0.070456528524634,-0.135822211870143,0.0186634619280467,-0.123775222599922,0.147289898335484,0.0866974491507164,0.0299384453734904,0.0196867936071718,0.148545039087322,-0.0282154382767259,-0.0340876973860014,-0.0477162177379361,0.151103004716559,-0.245039197814566,-0.0200226372473826,-0.0658762644394731,0.0877132949484282,0.00141313744425777,-0.16551406997228,-0.0790755473059718,0.0697371118892238,0.120094522152697
"17",-0.0499197695083563,-0.00863330725768766,0.236848224067835,-0.0185028437910539,-0.00269331516479631,-0.104469025599062,0.163956330907393,0.00199899599243591,0.0562564554746516,-0.149560586456937,0.0895818233064908,0.16916149016723,0.286052503320152,-0.0285791530616584,0.145484962190617,-0.00476901472085006,1,0.311301962200395,0.0819646983224625,0.137037852494351,0.0169162604723587,0.0473824997736797,0.0288643433238346,0.0223912667314124,0.0923499728023985,0.0890242147693027,0.0105932689494761,-0.00727166981715308,0.107076666815424,0.148555874642381,0.214993148815569,0.114578001653953,0.232174670167794,0.10932030869713,0.109345838943809,0.0951113827174392,-0.0407216238761787,-0.224890567601971,0.164492285849863,0.103666805069758,-0.0453878318105199,0.0570590273112198,-0.0620453055604158,-0.0681517044401959,0.0977386395132029,0.00082927509337862,0.00191759692682758,0.126788949310092,0.223064060710154,0.0475244206592954,-0.00366290858028747,-0.0161862790214743,-0.0639153853886412,-0.0249258047197393,0.103944865490651,0.012470025560978,0.0983564258216961,-0.123766011956153
"18",-0.0461152379855694,-0.204497322972489,0.0253430472516948,-0.0301453856518493,-0.0235410508173167,-0.137170051497333,0.106314719268037,0.0720345897414431,-0.0306236862195811,-0.204596839610792,0.0501782914341121,0.0185054187446454,0.124233369507977,0.452450212887001,0.243803351498275,-0.0235291939690728,0.311301962200395,1,-0.191869148051814,-0.13145645637963,0.245849553405479,-0.0451574375725907,0.013214296083007,-0.105986082609009,-0.180613199357461,-0.0868017076993297,-0.0458913253060814,-0.0439896874783611,-0.206745545725653,0.0698654904994095,0.0544048412970592,0.184059660889006,0.0564922128756633,-0.0538248294512413,0.0686950538277552,0.0463312266596245,-0.00684204932531098,-0.101569625780712,0.0175978844855667,-0.0224382091475459,-0.137196792705871,0.0755451035038157,0.0743265826467499,0.0340020880357591,0.162186608604887,-0.0445508174246764,-0.00916197457084164,-0.0177777020417976,0.139660184773921,0.39648671187325,-0.161348962005243,-0.150403152880855,-0.041707875142774,-0.0678955951858845,-0.048324020408218,-0.171249344325978,0.0858249030241485,0.00802184141449616
"19",0.0530889539123562,0.134307359085969,0.0601975282231782,0.0522996378003184,0.0813042391236306,0.029805609013174,-0.106188504821699,-0.0276158143384094,0.092775823676636,0.104208008962638,0.181254021855286,0.0260203793261026,0.0665938324166207,-0.170578602358303,0.0444469945786653,0.0612518525458259,0.0819646983224625,-0.191869148051814,1,0.302747637132844,0.0166131674457419,0.130677219743434,-0.0453415084451907,0.164310535535101,0.124350399545691,0.00217452175404222,0.212272414527217,-0.0466181180392105,0.144912988930913,-0.0906563412711983,0.24582204814164,0.151217321786903,0.269189904463627,0.099780837926399,0.150551760157036,-0.029629220860155,0.00254564978010953,0.0400127789806125,0.102019901833504,-0.0634690055313925,0.00171508616273452,0.0922911574340998,0.148352460470702,0.183346241631625,-0.0665231640687453,0.277398596692378,-0.0351004864452624,0.0113215807441875,0.0556788596902367,-0.0621659410328102,0.197706599734645,0.0491996969098556,0.00439914694570955,0.078239337465893,-0.0728529756445857,-0.0622494720107741,0.0449848568195505,-0.0282218488475897
"20",-0.0181868645917862,0.225198910344689,-0.0632968769308022,0.0424817802767786,-0.0664205248215872,0.0890544442488882,0.0621546709832184,-0.0270167657514141,0.22602817022917,0.119531630307594,0.09579335288943,0.0905643476635522,0.174955339458963,-0.20171726422142,-0.0447332886437937,0.0643597255732622,0.137037852494351,-0.13145645637963,0.302747637132844,1,-0.0104553142482934,0.0280707497804613,0.0329103140524983,0.00766279984741214,0.0737248375946049,0.0920435887473747,0.0210531450799321,-0.0240957142075137,0.13280428157122,0.102564982236211,0.152625836481855,0.264721357538924,0.0238315069712132,0.135729816761703,0.02725370847645,0.0509743876048061,0.0008547244705051,-0.105531248019964,-0.0265673486871631,0.00907756175501145,-0.0996187934859026,0.171661367600925,0.0963784573213341,0.252818982051399,-0.102166164297767,0.00155252211693468,-0.0544423381168062,0.0358097975006807,0.00188116794246149,-0.17152288354252,0.0424575704119448,0.203737919406712,-0.0397972441021699,0.09286587262567,-0.0200151938597954,-0.196344950808307,0.0116087652574442,-0.255623157708611
"21",0.0898995604540954,0.152513825637358,0.105207092374943,-0.158447493704607,-0.0104053105709655,-0.0771817115555859,0.138080292675443,-0.189041229509095,-0.00529418125770427,-0.122960911376025,0.0821636424605222,0.0441794795362199,0.166576485633618,0.0807143135166435,-0.181360510949579,0.124953684426833,0.0169162604723587,0.245849553405479,0.0166131674457419,-0.0104553142482934,1,-0.0446009839928866,-0.0688927314332465,-0.0197420244235566,-0.294258264699551,-0.118450620375867,0.0633261215376865,-0.025093959167727,0.115911568478396,-0.0861264235670949,0.13503483088607,0.148676108774398,-0.0648138139747345,0.0866224092181051,0.0569184904101314,-0.109445656942382,-0.216986473801676,0.068011499527512,-0.00240647533121149,0.0257469717311562,-0.00976857890012496,0.0438661138944074,-0.0452622587696293,-0.0541760274334246,0.226137473119335,0.210546205809327,0.158150464003997,0.0578972180459852,0.0553087631872691,0.0472651611470675,-0.207577689689208,-0.075029286997564,0.108647274805092,-0.0204936151238265,-0.111022951733093,-0.0171159021398015,-0.0483227036111038,0.0559450917862468
"22",-0.0974720598927284,-0.0585594955652951,-0.0251864579581244,-0.125190659746924,-0.061884124344623,-0.0507395708829377,0.11582340499691,0.0363729478383585,-0.169231780229954,-0.0477704963570573,-0.0103126712712839,0.0485923212460862,0.0735917268649809,-0.109589999177934,-0.0652972340500915,0.0826343657214868,0.0473824997736797,-0.0451574375725907,0.130677219743434,0.0280707497804613,-0.0446009839928866,1,0.0551986832212613,0.25843055730796,-0.13000099051085,0.0978781678512082,0.186225867281626,0.0456981384024422,0.0597386704890933,0.144744576294103,-0.214950487859254,-0.0833086442774422,0.140430137806133,0.0578887531561859,0.122215130767265,0.0331111318891216,0.00246963741889084,-0.0702649672785186,0.149529371767426,0.0361473136736096,-0.0218429941187206,-0.070495991806709,0.0763908818933133,0.0888893761115514,0.0612242121353184,-0.0636918164984194,0.154996274447442,-0.0130981328438161,0.023998067313972,-0.0715679687551793,-0.141080698182764,-0.173907975386144,-0.0267490371901844,0.145443101229107,-0.0610874661280062,-0.0717166014980769,-0.0310744835416297,-0.131512320368072
"23",-0.0630924259116178,0.0280419770085686,-0.0430782346597094,-0.0585390925685115,0.0529998657693899,0.0135361575009893,0.129663901831976,0.168711053900514,-0.0837577506418019,-0.102722247159952,-0.00783687285811486,0.129225228425648,0.151985668762229,-0.025764322219404,-0.0516788710351616,0.0744106183398213,0.0288643433238346,0.013214296083007,-0.0453415084451907,0.0329103140524983,-0.0688927314332465,0.0551986832212613,1,0.0813713853915438,-0.0809970676895053,0.217091779179488,0.20696520176415,0.0568393587383382,0.0248495645579051,-0.0426647711877531,-0.105546969699382,-0.0517687761998998,-0.0285973577300958,-0.112382521674316,0.0684297200895889,0.11923374674871,0.081565458206483,-0.0841054149343829,-0.0219193668714131,-0.053607218253268,0.287171260362483,0.00812957558251293,0.0470210654308028,0.0141189216026049,0.149637762264464,-0.184082834753949,-0.129580698959044,-0.13668594400055,0.227129408287504,0.0875896498063442,-0.18229245231954,0.0466969406384687,0.0646270320407839,-0.0062146299615786,-0.0273461477780907,-0.0894504757443906,-0.0265885582488087,-0.152530876890776
"24",0.170693687089139,-0.0112572324922471,0.0813070004118524,0.00476135046382701,0.0465886902780406,-0.106274046949651,0.0882204703434789,0.00587840492326932,0.0819400299453052,0.0458756035744959,0.00049375636011333,-0.0334433254098281,0.131867072202778,-0.0215510800923383,0.0813614233472717,-0.107880110032878,0.0223912667314124,-0.105986082609009,0.164310535535101,0.00766279984741214,-0.0197420244235566,0.25843055730796,0.0813713853915438,1,-0.109974812051333,0.122994626707457,0.0505423504349204,0.0237085908374384,-0.0814271600242982,0.015583610964889,-0.0191585842588999,-0.037713140076888,0.22093019542486,-0.0106537573105276,0.220813998078348,0.0366818285489406,-0.0298239105025191,0.0591027300607685,0.206136461488384,0.175504870226271,0.199534399287017,-0.0628847711307677,0.224361386708834,-0.0795865774800997,0.110708661287333,-0.0496490647144818,0.0753936324834798,0.102433445210539,0.115094714833706,-0.0545714569356006,0.0682928779636219,-0.0728847587074482,0.0710517152301252,0.00861992219168908,-0.0430506643556196,-0.0787280586293419,-0.0461543628066661,-0.0877393302568846
"25",0.172241965251124,0.102917219788628,0.160852571162042,0.205226463301663,-0.0886247357340163,0.0311219682307054,-0.131713399776505,0.22823549495392,0.0996134937991819,0.203398721787524,0.00840223612918614,-0.0469651584098764,0.0160673015305388,0.010700203655838,0.207529355400236,-0.0102507890150174,0.0923499728023985,-0.180613199357461,0.124350399545691,0.0737248375946049,-0.294258264699551,-0.13000099051085,-0.0809970676895053,-0.109974812051333,1,0.212677198580164,-0.0718255064480559,0.149140320543774,0.0148453799735651,0.181965381134598,0.0351567449165701,0.0483561385403245,-0.00675497205019733,0.202605846233039,-0.265729309543966,-0.0668050537463362,0.0748418976152247,0.0172282511563002,0.0911932011368491,0.072827466021152,0.0117470620868577,0.108167006523284,-0.0753390725725517,-0.0863627603637757,-0.288285800231999,-0.0355770478014044,-0.0796126298128678,-0.00472822299979961,0.027318615525031,0.0185681116353801,0.12433168003119,0.0818375397692331,0.110886629873527,0.0810944419357559,0.122858288910565,0.142542893363202,-0.0142746193206036,0.0416443834948625
"26",0.119091588870028,-0.0104666493178811,0.160324873008286,0.159447948447322,-0.153796041359024,0.0218545063307988,0.0568082690806246,0.164301008015831,-0.195319918807699,0.00513751302370097,0.0452383198477306,0.016957475474887,0.00162891014795454,-0.0466621811058252,-0.0170901884029057,-0.0399941582002402,0.0890242147693027,-0.0868017076993297,0.00217452175404222,0.0920435887473747,-0.118450620375867,0.0978781678512082,0.217091779179488,0.122994626707457,0.212677198580164,1,-0.181679453253517,0.0717986700850874,-0.193369119827754,0.0924293740570858,-0.16647476247571,0.0948564560995475,-0.0945050454729421,-0.0193785196010247,0.0489884349346641,0.099743733331724,-0.168765601335119,0.0622991283745642,0.113453328957154,-0.032667941457891,0.0817670369437653,0.118442259452946,0.0555657367394084,-0.124013150977992,-0.0912347945678142,-0.125900690178508,0.0964660060288703,0.0704569223674487,-0.0622500688156779,0.00972613500652968,-0.0920677882591092,0.158952725249169,0.201204891736882,-0.0438345384360359,0.202951761053924,-0.0991165198666159,0.151954554718943,-0.0536153203813645
"27",0.11055287938513,0.142077018574065,-0.0319491603113351,0.0167646854199618,0.12035993115162,0.162163909687995,-0.061005303747268,-0.0224289880370121,0.142852895824574,0.0758572364954331,-0.0987307213460024,0.113938005957239,-0.0193121022799691,0.0180974238979092,-0.103838800298438,0.0295841167177793,0.0105932689494761,-0.0458913253060814,0.212272414527217,0.0210531450799321,0.0633261215376865,0.186225867281626,0.20696520176415,0.0505423504349204,-0.0718255064480559,-0.181679453253517,1,0.100554435307484,0.16263903339872,0.118021999314041,0.119435930645786,-0.0766603261739941,0.0355154195031296,-0.0139033290733774,-0.00955819501819189,0.0721920153527271,-0.0560460887031549,-0.0554245020257396,0.166259533936577,0.136233714140466,0.209729200430168,-0.044635637678503,-0.00542929919381391,0.0918666757965095,0.199955414125616,0.108582969665936,0.0719730360297916,0.0975322728346467,0.0441084685574209,0.0794059423488532,-0.0456408688374504,-0.172321912071853,0.0526178398638982,0.141536199346366,-0.0756677971095975,-0.0395755177369659,0.168550395364825,0.125361994490793
"28",0.0247697779877161,0.114712095006046,0.0717055455329978,-0.0505883383808923,0.0966163051480215,-0.0618624473478479,0.060276917212759,0.0999379393746568,-0.0200579025746682,0.0918456675239591,-0.0245975934970059,0.0457624046114526,0.243741825454456,0.0724930771529398,-0.138363982975209,-0.088782883052603,-0.00727166981715308,-0.0439896874783611,-0.0466181180392105,-0.0240957142075137,-0.025093959167727,0.0456981384024422,0.0568393587383382,0.0237085908374384,0.149140320543774,0.0717986700850874,0.100554435307484,1,0.0615996906714844,0.140761130332913,-0.0139712170395779,-0.0983538141532981,0.118549989933521,0.0684562766742676,0.131720863080486,-0.112536043268519,-0.0669757535845469,0.278344028021827,0.107895354275724,-0.0508308101821043,0.177131648608495,0.0370273676588889,0.0085840584782576,-0.0915057138737947,0.0653212251636432,0.150186181730843,-0.00608155355633149,0.0940630246447419,0.0212126666895123,0.0841674750693316,-0.0776142756651075,-0.10228047224152,0.118498704335519,0.328231123342243,0.146042543305803,-0.0625022444212203,0.208760480466389,0.0426709279141213
"29",-0.135161562771074,0.190838964676449,0.0808071913341503,-0.0695771643566576,-0.16259228108416,0.0475826791130882,0.0289557450815007,-0.20502558992133,0.149057918047863,0.0397787291960485,0.0696918184700519,0.0289634295735013,0.0951649318293531,-0.0699450203390502,-0.104293409887421,0.138889571382335,0.107076666815424,-0.206745545725653,0.144912988930913,0.13280428157122,0.115911568478396,0.0597386704890933,0.0248495645579051,-0.0814271600242982,0.0148453799735651,-0.193369119827754,0.16263903339872,0.0615996906714844,1,0.0431811245870986,-0.0212360011425323,-0.0520644901822539,0.012564006227906,0.230893327562875,0.0949787047919216,0.0107383638018259,0.0733862362148788,-0.068233237402862,-0.00135649557374266,0.106241965656503,0.130984654279402,-0.0995424546275238,-0.0055751288661424,0.116901588727932,0.114421927298497,0.0946708178425043,0.121157327231275,0.0141173436236877,-0.0753692492416398,-0.159348371818973,0.00534126099089554,-0.14344282379744,0.0103389259330193,0.114328790057405,-0.0582442541704415,-0.135065970720297,-0.0295637369267523,-0.139410717082488
"30",-0.17140992063564,0.0362449350747385,-0.0720416649044121,0.0603387882320011,-0.0303421907484971,0.0240257054659877,0.05990913543299,0.169556659551448,-0.108867932363626,-0.129876855272217,-0.141341470737667,-0.0273479663937195,-0.0684286635125134,0.0332070102131114,-0.0763919799266642,0.0781888250232303,0.148555874642381,0.0698654904994095,-0.0906563412711983,0.102564982236211,-0.0861264235670949,0.144744576294103,-0.0426647711877531,0.015583610964889,0.181965381134598,0.0924293740570858,0.118021999314041,0.140761130332913,0.0431811245870986,1,-0.0890191761620432,-0.111068083199572,-0.0557727448309237,0.0567165117816133,-0.302971753489102,0.00836016624111286,-0.128818586117768,-0.0403459136581512,-0.0369229641975803,0.0169530247698497,0.0940162957784251,0.107631208864529,0.0175868025151411,-0.159054493260669,0.0300857883453481,0.229236234139217,0.0879686075598078,0.112996905095318,-0.154029550332831,0.00087476437235687,-0.0999778066663802,-0.13484560321356,0.0493351833099262,0.187651944041687,0.0709732897791812,0.0196331287191074,0.0752293577254956,-0.0259964992181904
"31",0.180792547813928,0.0694337963250882,0.0651596817129649,-0.0712612216746846,-0.0774530965675552,0.135992710640267,-0.211612920787135,0.144171188318316,0.24943176838307,0.271862184414759,0.0312942643260113,0.0685573411584234,0.184485356455511,0.0348927405912957,0.0665505200258036,-0.0848960972265562,0.214993148815569,0.0544048412970592,0.24582204814164,0.152625836481855,0.13503483088607,-0.214950487859254,-0.105546969699382,-0.0191585842588999,0.0351567449165701,-0.16647476247571,0.119435930645786,-0.0139712170395779,-0.0212360011425323,-0.0890191761620432,1,0.217045540116761,0.0293880482335779,0.135195432854132,-0.0156629405277803,-0.105248899670904,-0.128609079820789,-0.165190261045849,-0.00794157644185201,0.0112914863439438,0.0483651294792541,0.153492191029281,0.123809863059304,0.080863089545787,-0.00452187159043993,0.113877257521374,-0.126160986029288,0.0806395012943208,0.212786202817679,0.0411999523960621,0.256469697915973,0.0824913594338413,-0.0261904583634529,0.0658455929634619,0.0213212952882043,-0.0187391322527932,0.182200613250217,0.0259761995058789
"32",0.140252148596537,0.170843236172395,0.11718322938702,-0.104244875839734,-0.105414978545838,0.111691140729131,-0.0349072355564578,0.0581588077307762,0.0542898434504681,0.214223343470198,0.209270617701932,0.131323807039505,0.143868878434205,0.0616833544910892,0.117795665355391,0.115300289074594,0.114578001653953,0.184059660889006,0.151217321786903,0.264721357538924,0.148676108774398,-0.0833086442774422,-0.0517687761998998,-0.037713140076888,0.0483561385403245,0.0948564560995475,-0.0766603261739941,-0.0983538141532981,-0.0520644901822539,-0.111068083199572,0.217045540116761,1,0.1048582396312,0.245955849058265,-0.1864606666777,0.065749231371362,-0.0765855150369285,-0.176101171970949,0.089438808925878,0.033373256409328,-0.00020059975391255,0.0443666203285737,0.0837034350506115,0.313486141456862,-0.251535134515952,-0.0637039599030726,-0.147165507078851,0.132015050746261,0.0957115922418801,0.0475575781772057,0.233265178945316,0.229682268550264,0.0600911864794773,-0.0750458872807536,-0.0692371947558106,-0.170049734331509,0.0740170033814933,0.0121394724985129
"33",-0.068384696705679,-0.0300016799053521,0.184003842016808,0.0380256519070783,0.171065637731019,-0.0908769918034039,0.0356093767081967,0.039772326384879,0.0438300057229648,-0.118966304266937,0.227502629305685,0.115762255564085,0.279982339046938,-0.0476199449234667,0.10211076961003,-0.0322157327458067,0.232174670167794,0.0564922128756633,0.269189904463627,0.0238315069712132,-0.0648138139747345,0.140430137806133,-0.0285973577300958,0.22093019542486,-0.00675497205019733,-0.0945050454729421,0.0355154195031296,0.118549989933521,0.012564006227906,-0.0557727448309237,0.0293880482335779,0.1048582396312,1,0.109749367780931,0.139282409567913,0.19643666881455,0.0231504831410191,-0.0277527379555541,0.307900095664194,0.111864399009113,0.117196928465232,-0.0287013477885069,0.0695596753072791,-0.0530637188594925,-0.0559193330834821,0.00894508266251002,-0.11049144529992,-0.189293357811957,0.312587654135427,-0.0305623625499691,0.149901994941149,0.0201651763922987,-0.320835355442465,-0.114500229946797,-0.0590716077074933,-0.0184841587241942,0.303075897762452,-0.0647166986798197
"34",0.137450025363202,0.0810951328949593,0.169199185084761,-0.0700340309196778,-0.0708521764334977,0.0493702828088048,-0.043068609582695,-0.105627893893191,0.11047904001349,0.0135151837940739,0.253728456710318,0.259515950425856,0.0437948905736911,-0.0388205564341986,0.0142192514130432,-0.0655536597311154,0.10932030869713,-0.0538248294512413,0.0997808379263989,0.135729816761703,0.0866224092181051,0.0578887531561859,-0.112382521674316,-0.0106537573105276,0.202605846233039,-0.0193785196010247,-0.0139033290733774,0.0684562766742676,0.230893327562875,0.0567165117816133,0.135195432854132,0.245955849058265,0.109749367780931,1,-0.0474577060004507,0.0696610726035426,0.113202401253719,0.013996684971931,0.0999370517988246,0.352428372314053,-0.00692019917273229,-0.00013061705817841,0.00528170222921002,-0.0096254366375358,-0.317033484931118,-0.0401803838158742,-0.0540095269255909,0.0187503335852347,0.0798236794023148,-0.178956294064545,0.147815634682122,0.142313324433387,0.0352958228357102,-0.00806948821889523,0.00940479141220097,-0.0295581795598143,-0.0357162039332929,-0.113857077872173
"35",-0.16195594915404,-0.129501903224677,-0.0877196402121505,-0.0318304804779613,0.0098431474725526,-0.0968650267680672,0.435799681556748,-0.0111077486130322,0.0087344025955088,-0.124104233749584,0.142259007295391,0.0852801662275394,0.186228584083111,-0.0354753808653686,-0.0129108547028408,-0.180262489472086,0.109345838943809,0.0686950538277552,0.150551760157036,0.02725370847645,0.0569184904101314,0.122215130767265,0.0684297200895889,0.220813998078348,-0.265729309543966,0.0489884349346641,-0.00955819501819189,0.131720863080486,0.0949787047919216,-0.302971753489102,-0.0156629405277803,-0.1864606666777,0.139282409567913,-0.0474577060004507,1,0.102556315015648,0.0767456872501946,0.142337343498658,0.0497465291778737,-0.0373037426312606,0.0693650902059552,0.00025892283867451,0.249843447482325,-0.0205491914199925,0.188978147435932,0.0187238526419439,0.0980647635685526,0.00931720351176761,0.250432296856675,-0.0686137361524318,-0.189402931536301,-0.0646148396996161,-0.28493842711739,-0.0700868097157787,-0.0184611870915757,-0.0794718612481249,-0.0435652588857579,-0.0649860941904846
