"","l_Insular.Cortex","r_Insular.Cortex","l_Amygdal.Area","r_Amygdal.Area","l_Bed.Nucleus.of.the.Stria.Terminalis","r_Bed.Nucleus.of.the.Stria.Terminalis","l_Hippocampus","r_Hippocampus","l_Orbitofrontal.cortex","r_Orbitofrontal.cortex","l_Entorhinal.Cortex","r_Entorhinal.Cortex","l_Frontal.Association.Cortex","r_Frontal.Association.Cortex","l_Globus.Pallidus","r_Globus.Pallidus","l_Glomerular.Layer.of.the.Accessory.Olfactory.Bulb","r_Glomerular.Layer.of.the.Accessory.Olfactory.Bulb","l_Glomerular.Layer.of.the.Olfactory.Bulb","r_Glomerular.Layer.of.the.Olfactory.Bulb","l_Granule.Cell.Level.of.the.Cerebellum","r_Granule.Cell.Level.of.the.Cerebellum","l_Hypothalamic.Region","r_Hypothalamic.Region","l_Entorhinal.Cortex","r_Entorhinal.Cortex","l_Vermix.Molecular.Layer.of.the.Cerebellum","r_Vermix.Molecular.Layer.of.the.Cerebellum","l_Lateral.Molecular.Layer.of.the.Cerebellum","r_Lateral.Molecular.Layer.of.the.Cerebellum","l_Anterior.Olfactory.Bulb","r_Anterior.Olfactory.Bulb","l_Posterior.Olfactory.Bulb","r_Posterior.Olfactory.Bulb","l_Subiculum","r_Subiculum","l_Perirhinal.Area","r_Perirhinal.Area","l_PreLimbic.System","r_PreLimbic.System","l_Primary.Cingular.Cortex","r_Primary.Cingular.Cortex","l_Primary.Motor.Cortex","r_Primary.Motor.Cortex","l_Retrosplenial.Cortex","r_Retrosplenial.Cortex","l_Secondary.Cingular.Cortex","r_Secondary.Cingular.Cortex","l_Secondary.Motor.Cortex","r_Secondary.Motor.Cortex","l_Striatum","r_Striatum","l_Ventral.Tegmental.Area","r_Ventral.Tegmental.Area","l_Substantia.Nigra","r_Substantia.Nigra","l_Thalamus","r_Thalamus"
"1",1,0.0825479539529168,0.0679344614491034,-0.165461409026679,0.0283418668533722,0.0838334656359958,-0.0863738118210145,-0.0323667565257231,0.287269363926352,0.331977883570332,0.00409093741806321,0.00310294864537007,0.0679663644585138,-0.167570348289036,0.0544438764927362,-0.0545034799571946,-0.223173456877006,-0.037113398216302,0.063351615477088,-0.114635621732311,-0.024834055004747,-0.094620847437328,0.0453367240148034,0.00960581106511333,-0.178929260594776,0.107484660091855,-0.0601989837605012,-0.00725602432609888,0.0313826670634264,-0.103948287217716,-0.117714666374155,-0.132121690237579,-0.0269641355004624,-0.0157231575130212,0.100224243699967,-0.023934495306908,-0.195198482792648,-0.12958099889629,-0.133861896712959,0.0150808243875125,-0.0569377517638982,0.0104138449208179,0.200300525708491,0.0470872106513362,0.0676938082869101,-0.0775928884141117,-0.123538021391085,0.020948476158726,-0.233815979349423,0.00349710483397838,0.00317872314846163,0.0370804960803682,0.014740606112968,-0.159190451300022,0.00586504832442962,-0.036150996256793,0.0411305167677896,0.0848723899375865
"2",0.0825479539529168,1,-0.0235132957705172,-0.0287974068566669,0.090248251089595,0.15621148121599,-0.00227477153689387,-0.0488700822571103,0.0192211590812643,0.326010710598452,-0.0103590355017074,0.231470321964845,0.0363027151327409,-0.0222471158303396,0.00363064697795469,-0.0517262774166491,0.0302897008267396,0.0737668488705312,-0.169966207262355,0.10890668067457,0.100784760152165,0.0555411683794097,0.0856669997655309,0.162104479358758,-0.0224833954715087,-0.00676135159238065,0.164484187044043,-0.0348976758083265,0.206982364714455,0.17465384460187,0.0159288087846052,-0.115527383905933,0.0981449951248703,-0.0257822200995597,0.279408125427477,0.00353799390446324,0.0204516625223011,-0.122023888321519,0.00304386620579699,0.0523614737869532,-0.00302001247345242,-0.0193324168308745,0.0274531243387455,-0.0526447618741035,-0.126796669036119,0.0458604839572789,0.0388437025437536,0.0440485561564145,-0.0157962569305526,-0.144434623734111,-0.0118913003725298,0.106775557900852,0.0718165864560357,-0.030775722054025,0.0736032019902615,0.119271517803749,0.0199195150265815,-0.216791663034281
"3",0.0679344614491034,-0.0235132957705172,1,-0.142732137272656,-0.00791681856048562,-0.0207726960932518,0.284263847249975,0.213276299174167,-0.171390081182817,0.102026520415069,0.100951133614528,0.101687297417844,-0.160247099974863,0.0577964294368661,0.0958069687935524,-0.0817212960755993,-0.0302653025072131,-0.0161151083014445,0.0353810579622884,-0.0566036201881455,-0.0299140629149708,0.01131348181443,0.161320721119099,-0.145846360041108,0.173980487389619,0.0597063479628592,0.134382489634146,0.0362629182797969,-0.0701025156315835,0.0601838325020339,0.0876181011725891,0.121429176633106,0.167959046163114,0.0716435544224611,0.0597849368975426,0.116522177343127,0.0394301969079163,0.0808607752747447,0.100322244326274,0.0900253854219534,0.133317336769815,0.0242772808834522,-0.0119013565297808,-0.222150549251977,-0.136755238066896,-0.0425177821780394,-0.0723672626342204,0.0830604758530203,0.00573815411052822,-0.0652815205805899,0.0570224924352819,0.211608411077936,0.0357977713664117,0.111063252874296,-0.0393622448440219,-0.0573080214022063,-0.141594098040865,-0.150047397066552
"4",-0.165461409026679,-0.0287974068566669,-0.142732137272656,1,0.144668353631524,0.0720076958357734,0.0382597216103127,-0.0226032319337244,-0.0877014916065739,0.0564786302466636,0.0709001126888655,-0.116673089345813,0.0196222936121797,0.0998988612494771,-0.0305057360294873,-0.201778890162736,0.1304492832909,-0.0551038715084615,-0.122760188443913,0.0206133775860427,0.0418665207520864,0.0540092000571609,-0.00367119877574994,0.0720324512760005,-0.00016407214348425,-0.0572668848868332,0.0900537790909072,-0.0149849133601074,-0.133883112301501,0.199997251657796,0.17831375842679,0.0628860384435996,-0.0352062653213576,-0.123165512111938,0.107321673693169,-0.124529396881002,-0.140318381481059,-0.0974847813814431,0.100468522947369,-0.0371371048237712,0.126722560106182,0.0174825180868902,0.0357719100854559,0.0447366433847371,0.0862515779606753,0.154321519023201,0.0765383244295055,0.190537032796753,0.00512284912910901,-0.0140329582426261,0.089290019226018,0.0154682368850286,0.11435762860985,0.154404563961375,0.0981004031754042,0.136010517718049,-0.14581123658345,0.0779500289304244
"5",0.0283418668533722,0.090248251089595,-0.00791681856048562,0.144668353631524,1,-0.175558191821683,0.194054546174642,0.133426043341547,-0.090012314326361,0.0632693102917437,-0.00956111115094514,0.0562044285356713,-0.0523598852048191,0.203241415827705,0.0577313132029087,-0.181038198934152,-0.0136348500900979,-0.0168497000213452,-0.067354573976749,-0.0181313213116565,0.00759641256437091,-0.194837890406859,0.0593262233852276,-0.14341968454673,-0.0278163887193866,0.107871718157943,-0.019084496272636,-0.0269933876404392,-0.129490049866178,0.0234298019735501,-0.0478842628648859,0.0116879468340483,0.0293896562850842,0.119635365022962,0.266144890111477,0.0488263656808554,0.0789464088621439,0.175899496075338,0.0856217022914963,-0.125127922030457,-0.0474840838427797,-0.130158273473326,0.0125937175264531,0.123051239124905,0.0769712204342371,-0.0855831065613731,-0.104168499184091,-0.057753276171649,-0.0883149923033233,0.00458041412880433,0.0557453046909845,0.0878856442021829,-0.0964844678367825,-0.0968843711614878,-0.0467992918063821,0.0615063522899166,0.0933779983753595,-0.00113760638025972
"6",0.0838334656359958,0.15621148121599,-0.0207726960932518,0.0720076958357734,-0.175558191821683,1,-0.127002251535485,-0.0645991022697271,-0.0950392837880378,0.161290072403678,-0.162750781425931,-0.163690858802685,0.0076023825253814,-0.141412115677296,-0.0768504618923535,-0.138674115269741,0.0551494490533043,-0.0882583031325344,0.021080980178449,0.0180411452146585,-0.0583221483174567,0.0600393974162344,-6.0212138979673e-06,0.200746646566895,-0.0770782895282593,0.0576973654820258,-0.0265189322290814,-0.176517187416967,0.156720270802209,0.0775646988446383,-0.134337978166776,-0.107717382556467,-0.0916173298647583,-0.0491440194561076,0.136250506807299,-0.104891753004806,-0.13639819390679,0.0882364876795389,0.0355442373859464,-0.0293513962894801,0.136862508761226,0.142210745589269,-0.00462565570942147,0.0585867667816698,0.106122150664177,0.0971663649637282,0.0892196211438944,0.184968505078863,0.151543765693193,0.132506058047189,-0.0138047184124326,-0.0705868703125515,0.159171426801895,0.0604450771313243,0.116087507758355,-0.164018825342977,0.0760389450108307,0.0173233477016024
"7",-0.0863738118210146,-0.00227477153689387,0.284263847249975,0.0382597216103127,0.194054546174642,-0.127002251535485,1,0.0548636726071235,-0.113128539690211,-0.127621406553144,-0.034130974422197,0.00633193177238892,-0.00198627076023586,0.338411069800393,0.0609638109772161,-0.071934324965298,0.151436896103242,0.0953804341109693,-0.182634625459231,-0.00093289064758909,-0.0178994749888468,0.0160506165792033,-0.0393487301784197,-0.08298430786743,0.0155295894180325,-0.0508702486829087,-0.00354089133669511,-0.0445509481085269,-0.141073314018932,0.0974534392752981,0.104697807329121,0.215074357625911,0.102667223010971,0.131758080614609,0.275686754444179,0.273909680342528,0.0733506332522817,0.221728263808295,0.0170863531167351,0.0554277816266443,0.145955283907017,-0.0560887768142724,0.141307818036678,-0.228189884885818,0.0463443890715888,-0.0860204925706948,-0.0904160273797256,0.0185517336968172,0.140022395517337,0.136297441992096,-0.0234487341705007,0.0743475744305174,-0.18785602615091,0.0471850321014834,-0.0462018700221689,0.120085340363473,0.0147467895016684,0.0409544600043033
"8",-0.0323667565257231,-0.0488700822571103,0.213276299174167,-0.0226032319337244,0.133426043341547,-0.0645991022697271,0.0548636726071235,1,-0.310901381422731,-0.133778720484279,0.105738878338669,0.108653501004505,0.0464482416461179,0.0852756571863398,-0.250820707284721,-0.0424667667192602,0.232727989946844,-0.00645409965310794,0.145202664823837,0.0507924443298997,-0.145434207495095,-0.228724993231729,0.022309876907632,-0.094001339515572,0.194954006161012,0.134677353392581,0.00050622022974529,0.209275200996525,-0.198184931763087,-0.175909954786198,0.00493523686231315,0.175018578622455,0.00131182431294047,-0.0575917623074741,0.113946531797365,0.294487041681664,0.0074976133207436,0.0810075163841985,0.0495406960645306,-0.0299252862436039,0.182044658696505,0.020811677792638,-0.186096298347917,-0.0745065368651163,0.0672796486397452,-0.0484620804240914,0.0576728831087865,0.0475876322927267,0.18596219676706,-0.0363681298762164,0.0648742346194706,-0.0700332263258421,-0.0446258262774206,0.0615090131051407,0.0100170384756878,0.169553379705592,-0.00799275383309994,-0.0697796715932293
"9",0.287269363926352,0.0192211590812643,-0.171390081182817,-0.0877014916065739,-0.090012314326361,-0.0950392837880378,-0.113128539690211,-0.310901381422731,1,0.354943930132881,-0.083911338175663,0.0659365469475383,0.00667050923945741,-0.221132335833554,0.0994141441603595,0.197746879741491,-0.212490194205839,-0.0867529796632744,-0.119922834418007,-0.0905528314571469,-0.0621125781804792,0.00495350944125362,-0.0998554987052962,-0.113335031283763,-0.205374721651333,-0.0253850814959784,0.0570942034288169,-0.104509369362703,0.0585760707953571,0.0372638714682324,0.00509834929992886,-0.173069630491201,-0.249924636128949,-0.18960500741058,-0.0996007906647459,0.0491062377176918,-0.183760182726034,-0.127241151496052,-0.208719205314234,-0.172733003789897,-0.357382943780297,-0.199954151179737,0.151660770449662,0.0520354473033359,0.0546592724265308,0.131814090329741,-0.156196328999541,-0.156955726484814,-0.221786077533322,-0.136515302870315,0.13099898989254,0.00599161067397003,-0.0300399275411504,-0.256491830333347,0.0301876434863402,-0.109748955828052,0.0862662425298038,0.106945223793728
"10",0.331977883570332,0.326010710598452,0.102026520415069,0.0564786302466636,0.0632693102917437,0.161290072403678,-0.127621406553144,-0.133778720484279,0.354943930132881,1,-0.120634930617205,0.156004041576431,-0.0314538588032163,-0.0821308041027534,-0.0296960714319519,-0.0158726661573255,-0.271618897641421,-0.0340026172497662,-0.162069729909024,0.11151657366212,0.0238291995404841,0.00779717909608744,-0.0590221493031104,0.0154981109850214,-0.108971055372475,-0.00383105893559695,0.164592274778012,-0.0716043982681314,0.197800683693459,0.170347052137883,-0.0823371989120658,-0.159299670021543,0.0593304719378806,-0.0843048190069596,0.0965975904033921,-0.117913799747135,-0.167858378916612,-0.299381947936191,0.0236213908745193,-0.0595802950638983,-0.199245077381221,0.0299678554167164,0.0856991499638436,0.167014026922105,-0.00058458745182751,0.154337093423781,-0.198280603283138,-0.0791559989761114,-0.189071502149049,-0.0976614302332738,0.111698821638423,0.0031053621389814,0.102301020267158,-0.131043553646291,0.14267113665157,-0.0415264486781665,-0.198836503335136,-0.150134804701683
"11",0.00409093741806322,-0.0103590355017074,0.100951133614528,0.0709001126888655,-0.00956111115094514,-0.162750781425931,-0.034130974422197,0.105738878338669,-0.083911338175663,-0.120634930617205,1,0.172699335908189,0.252491542318094,0.0347447993962765,0.132243359993673,0.172667089835116,0.130053425913063,0.0491164105141704,-0.0517478638910262,-0.198699469799306,-0.00871045089287152,0.0485783014768234,-0.0492980485710434,0.112917362284214,0.0864940779294453,-0.0210336772970172,-0.00498889863998644,0.198848976621516,-0.232285894803746,-0.0429380381301645,-0.162204324250018,-0.0372176002577859,0.270358578639362,0.0855850514422912,0.0571518324351845,0.0891432679097758,-0.0158092913292533,0.209766903307405,0.246307041822397,0.17315840247776,0.0927386615965225,0.00378171919139994,-0.0733376483907456,-0.186122515495642,-0.0924170271492381,-0.0251085206054101,-0.00349935164784399,-0.0777412910847874,0.0576203278550697,0.0478479266081221,0.078196588494575,0.304616860141898,0.0799859461923544,0.0272432036780371,0.0761124769733593,0.0290002886766784,0.105823692140404,-0.264205728287566
"12",0.00310294864537007,0.231470321964845,0.101687297417844,-0.116673089345813,0.0562044285356713,-0.163690858802685,0.00633193177238892,0.108653501004505,0.0659365469475383,0.156004041576431,0.172699335908189,1,0.0708817005676195,-0.0129215351917514,0.156835503650453,0.205864928032262,-0.0950570345166464,0.220478504030385,-0.0864395416118006,-0.146652539740525,-0.00638931093717267,-0.0958387036312405,0.18600825279506,-0.0282379423814797,0.0733490674655118,0.0746147555764496,0.0286461421041739,0.0837793775136624,0.101793267959287,0.113456315762681,-0.112449113203686,0.0216444520505341,0.288493957675375,0.0222310511589496,-0.102811571411938,0.171125369278604,-0.0475456586218292,0.011098149300793,0.0917475501178739,0.0700441414488784,0.109517746805237,0.240055255138081,-0.0354488960360381,-0.119172428875147,-0.187830566576913,0.0909187277501384,-0.124728972320909,0.103993765004709,0.0273005005749381,-0.121332902664591,-0.105234061153132,0.128832379787555,-0.0736943998701683,-0.100794485914206,0.104889796714622,0.0168613428085228,-0.0714167448053974,-0.282132270931496
"13",0.0679663644585138,0.0363027151327409,-0.160247099974863,0.0196222936121797,-0.0523598852048191,0.0076023825253814,-0.00198627076023586,0.0464482416461179,0.00667050923945741,-0.0314538588032163,0.252491542318094,0.0708817005676195,1,-0.0989956837251944,0.0680881296213483,0.113277079168801,0.0945642075731195,-0.0975136976588634,0.11128177321532,-0.0633523775997174,-0.0649156874366074,0.0910485367064786,-0.0406811878189177,0.123266567914735,0.0174158128486563,-0.0927725450323676,0.0424714492527309,0.186841985547262,-0.011520248979925,-0.025598382666966,-0.0972999082876915,-0.0123305998816551,0.0391034897659796,0.145666011599671,0.191498627962476,0.204943654992866,0.0670799818449823,-0.0833080569282031,-0.0049307476358557,0.00480942456965347,0.0295591638986729,-0.0728643495924632,-0.00854686694984915,-0.043793781152214,-0.00262867571523256,-0.0240031527903059,-0.238995579978182,-0.112220632094715,0.432588581651808,-0.00595636497343068,-0.077318751030225,0.0748757350673853,0.112223549916157,0.00441658846918422,0.0385918089781848,0.163945846198413,-0.098119421067073,-0.0675710697683667
"14",-0.167570348289036,-0.0222471158303396,0.0577964294368661,0.0998988612494771,0.203241415827705,-0.141412115677296,0.338411069800393,0.0852756571863399,-0.221132335833554,-0.0821308041027534,0.0347447993962765,-0.0129215351917514,-0.0989956837251944,1,0.0179028902352055,-0.127089978309367,0.286432722382255,0.251315489554613,-0.145030119819695,0.168544961232226,-0.0392440502382767,0.0870875349191699,-0.116330442390814,0.0100425726645669,0.0231707340888683,0.0517423446484148,0.0975430234266488,0.069105006183314,-0.0503712068775297,-0.145621442010129,0.0786242282204025,0.274481551904339,0.0338989245633398,-0.04065146160605,0.00327632821895787,-0.00577574522318025,0.0736944043893699,0.0957779020282252,0.099340888647475,-0.0833122832306178,0.123350845479471,0.00107997790986858,0.0652431545411883,-0.0410843598589857,0.0406901461976379,0.117158781702603,0.0430534866114694,-0.00394683651034325,0.108470879883221,0.551741732855055,0.0372427396668081,0.13737215604509,0.1831554479495,0.0576715269272341,0.0437152681548843,0.0682635893397891,-0.0758947902503016,-0.120189958218272
"15",0.0544438764927362,0.00363064697795469,0.0958069687935524,-0.0305057360294873,0.0577313132029087,-0.0768504618923535,0.0609638109772161,-0.250820707284721,0.0994141441603595,-0.0296960714319519,0.132243359993673,0.156835503650453,0.0680881296213483,0.0179028902352055,1,0.111408663425542,-0.0633347937668519,-0.0459093603619377,0.0572482478504067,-0.217657765635984,0.0699262309402977,0.0170423504689355,0.150017502565301,0.07205800079791,-0.0602563069681055,-0.0417665154760973,0.164797546745858,0.0529161190057957,-0.130011710053535,-0.099307947231978,-0.0574255513702147,-0.12926992191638,0.162305883169325,0.0671157478016391,-0.0240973236428253,0.0115404802271648,0.111562408942896,-0.0274522568671518,0.00944749331475483,0.00647603942644807,-0.0226820103817299,-0.0031798861289797,0.122948372118919,-0.0540864953076151,-0.092310208530251,0.0699042946499517,-0.0631868737116855,0.00248657963835121,-0.109612990353262,-0.101144790723767,0.17272927576796,0.189566463022483,-0.00555310239590348,-0.0626887346399592,0.118759680859529,-0.0571389143622128,-0.20987603402305,-0.0823703183148556
"16",-0.0545034799571946,-0.0517262774166491,-0.0817212960755993,-0.201778890162736,-0.181038198934152,-0.138674115269741,-0.071934324965298,-0.0424667667192602,0.197746879741491,-0.0158726661573255,0.172667089835116,0.205864928032262,0.113277079168801,-0.127089978309367,0.111408663425542,1,-0.0804826266663426,-0.0129023079629671,0.0254914589944873,-0.017862090443909,-0.192540910023882,-0.108470944278028,0.0743683943617549,0.0208357413746813,0.105137833703108,-0.107756361352244,0.0560479729903349,0.194958221996586,0.0404303564730495,-0.0565104899028544,-0.0603183730012627,-0.230649452435626,0.075496498484349,-0.0567720968070236,-0.18234104605453,0.114547209641348,-0.0564282086714836,0.021789605665676,-0.0789415544544507,-0.0718397338285265,-0.168435696487305,0.01154335391215,-0.0474996917777705,-0.0305561250221585,-0.166841449319988,0.0265320300055955,-0.192324852110154,-0.149202492595235,-0.0391825093312537,0.0561776019644078,0.0711812228348251,0.0469021682132206,-0.0392465471033858,-0.222486135027424,0.0719604308312033,-0.0696901930479961,0.00491436605504244,0.0125708702964693
"17",-0.223173456877006,0.0302897008267396,-0.0302653025072131,0.1304492832909,-0.0136348500900979,0.0551494490533043,0.151436896103242,0.232727989946844,-0.212490194205839,-0.271618897641421,0.130053425913063,-0.0950570345166464,0.0945642075731195,0.286432722382255,-0.0633347937668519,-0.0804826266663426,1,-0.0263273512951005,-0.0492366901253674,-0.0618288239718628,0.00731069892943189,0.0797883807361863,0.0645078352756969,0.0139839278268518,-0.0596580689818742,-0.0495801938845456,0.129918170022013,0.0240478134611817,-0.0608650301387742,-0.0766225152011778,0.239226721356777,0.164974150652174,0.126316016775122,0.091507825516692,0.127230043023846,0.106288156546334,0.0515229289435941,0.195465645567168,-0.0613049491317836,-0.00953285758807878,0.108640420088776,-0.106036922835067,-0.018882863370348,-0.138247143414074,-0.0114693017020063,-0.102409315934434,0.136588204911661,0.0851856443995455,0.425597493580732,0.150098655023179,0.0438315131073737,0.108062889911502,0.0434613348502232,0.0536299965529169,-0.028533466808292,0.316254829768067,0.0518243444752843,-0.189401688863861
"18",-0.037113398216302,0.0737668488705312,-0.0161151083014445,-0.0551038715084615,-0.0168497000213452,-0.0882583031325344,0.0953804341109693,-0.00645409965310794,-0.0867529796632744,-0.0340026172497662,0.0491164105141704,0.220478504030385,-0.0975136976588634,0.251315489554613,-0.0459093603619377,-0.0129023079629671,-0.0263273512951005,1,-0.116017181290111,-0.0477160383213226,-0.119561016676027,0.0748645590201923,0.01495509248445,-0.00391422314787101,0.1524531584931,0.0298509595237642,-0.1018616400338,0.0572485046718874,0.167756308504994,0.0381064714678563,0.0230140325421406,0.125818262732586,0.14368200804501,0.0838848250319768,-0.202841032581714,-0.0672490590773216,-0.0282309896820718,0.0527683967002291,0.1217760106771,0.0920259155018537,-0.015047667026541,0.271840646182554,-0.0333138160169069,0.0541937053608609,-0.0990864586269081,0.0839486779046227,-0.0294279545166539,0.0260495107173243,-0.0697740894299285,0.286793388363043,-0.019391182810342,0.181449652729226,-0.0464312792772093,0.0756768739604861,-0.0713990370115793,-0.0949672221762947,0.0582732202506459,-0.106015176607147
"19",0.063351615477088,-0.169966207262355,0.0353810579622883,-0.122760188443913,-0.067354573976749,0.021080980178449,-0.182634625459231,0.145202664823837,-0.119922834418007,-0.162069729909024,-0.0517478638910262,-0.0864395416118006,0.11128177321532,-0.145030119819695,0.0572482478504067,0.0254914589944873,-0.0492366901253674,-0.116017181290111,1,0.0706976860165442,-0.0937743968519634,-0.0615727803347825,0.195626346680872,-0.0708309637287146,-0.019599243793883,-0.120771058005137,-0.0981114411538434,0.0466242624641061,-0.0318448196743248,-0.0250761420355541,0.262016085010537,0.119428047533089,0.0141852877105123,-0.0678869380284632,0.00642822273156543,0.0804825954580506,0.120382911156298,-0.0776283722185232,-0.106015393234903,-0.144631814804453,-0.103293351379903,-0.0163722567772297,-0.069129389078113,-0.0419972784142757,0.104090583551126,-0.0598598834654125,-0.153106766073464,-0.0806940209596285,-0.0484695722960584,-0.0474839662906898,-0.214795625792175,-0.182397918492903,-0.154322949861392,0.11208300642391,0.0765805723946939,-0.00684983362066046,-0.023733741289007,0.151572643207035
"20",-0.114635621732311,0.10890668067457,-0.0566036201881455,0.0206133775860427,-0.0181313213116565,0.0180411452146585,-0.00093289064758909,0.0507924443298997,-0.0905528314571469,0.11151657366212,-0.198699469799306,-0.146652539740525,-0.0633523775997174,0.168544961232226,-0.217657765635984,-0.017862090443909,-0.0618288239718628,-0.0477160383213226,0.0706976860165442,1,0.0266320422230835,0.181145180128061,-0.0136976000673576,0.212532989027165,0.0267845107356487,-0.147284072251354,0.0126270809832025,-0.02187284296684,0.110646881438222,0.0354417997400575,0.0658740635587707,0.341082959117243,-0.117291234995306,-0.126810017737943,0.110974819002197,-0.182571297608956,0.139808134067594,-0.165173677819363,-0.0965356874170206,-0.150288392812811,0.0229206512661031,-0.0398296558111365,0.0463634724171785,0.10154438865628,0.0989758068396855,0.147387978082786,0.100749660439891,-0.025991901203521,-0.001866226878933,0.0417332566217649,-0.0235853646144418,-0.0821519597397365,0.172569783895523,0.222519048064142,0.15554159272821,0.092183849547436,0.0130185523659721,0.174802259757856
"21",-0.024834055004747,0.100784760152165,-0.0299140629149709,0.0418665207520864,0.00759641256437091,-0.0583221483174567,-0.0178994749888468,-0.145434207495095,-0.0621125781804792,0.0238291995404841,-0.00871045089287153,-0.00638931093717267,-0.0649156874366074,-0.0392440502382767,0.0699262309402977,-0.192540910023882,0.00731069892943188,-0.119561016676027,-0.0937743968519634,0.0266320422230835,1,-0.0193522981371842,0.0628812631178493,0.136574888093073,0.0847656925672033,0.0858694209763224,0.218969272770857,0.224268972463382,0.0938999655932857,0.0889725487100176,0.169720886244612,0.0120738384242772,-0.123557115476275,0.00624766462421545,0.125629955939257,-0.0121179686771392,0.180948784533506,0.118064800789296,0.00529750847836476,0.100006361173641,0.0408438331739328,0.0478373831395766,0.218902782695044,-0.0386285921923382,-0.16179085779448,0.129976400920147,0.0720160642273008,0.0490327457363367,-0.0879278599016736,-0.0307566141291,-0.072776002063476,0.177432351416958,0.0872346738044591,0.00080653519352233,0.190585447210081,0.185596878177659,-0.102740619001417,-0.00313965764514841
"22",-0.0946208474373279,0.0555411683794097,0.01131348181443,0.0540092000571609,-0.194837890406859,0.0600393974162344,0.0160506165792033,-0.228724993231729,0.00495350944125362,0.00779717909608744,0.0485783014768234,-0.0958387036312405,0.0910485367064786,0.0870875349191699,0.0170423504689355,-0.108470944278028,0.0797883807361863,0.0748645590201923,-0.0615727803347825,0.181145180128061,-0.0193522981371842,1,0.121748488378107,0.0503797035179997,0.0408963232476556,-0.154757017696875,0.103097725209798,0.0266723733613946,0.0909533249402221,0.225356810010184,-0.00025939912268868,0.132354455471294,0.0726811470141449,0.127647930675387,-0.0177752032453539,-0.266977443263805,-0.177356656764384,-0.191241330011656,-0.174427553374507,-0.139808834617126,-0.0753329263906591,0.0159309145395747,0.176521974531141,0.118838383731151,0.0941980327308046,-0.0346105200213012,-0.0504721483431694,-0.0318952687673419,0.131035685812114,0.116171952787736,-0.00309854749018586,0.0212239525291588,0.12039378990483,0.113243013568757,0.0409757061373473,-0.114491889775213,-0.123205193333555,-0.0765303925839308
"23",0.0453367240148034,0.0856669997655309,0.161320721119099,-0.00367119877574994,0.0593262233852276,-6.0212138979673e-06,-0.0393487301784197,0.022309876907632,-0.0998554987052961,-0.0590221493031104,-0.0492980485710434,0.18600825279506,-0.0406811878189177,-0.116330442390814,0.150017502565301,0.0743683943617549,0.0645078352756969,0.01495509248445,0.195626346680872,-0.0136976000673576,0.0628812631178493,0.121748488378107,1,0.180106786515526,0.170084143629549,-0.0280093580120447,0.197567337354291,0.26967004069798,-0.123297441227651,-0.0373281253178628,0.0580327359473501,0.103440936026198,0.193759332746086,-0.0418030708840163,0.0125328552393465,0.113772089640945,-0.0798117831241743,0.121911377806115,-0.116429311662178,-0.12562094773705,-0.0198781081359009,0.0360471799979694,0.0636316119078052,-0.117496689967092,-0.0539651078624081,-0.0669319107828395,-0.00915919403466532,0.154013638828509,-0.101986892492306,-0.0859643999839039,-0.0301450331324758,-0.0173462699322874,-0.0550709981483968,0.0408412287447007,0.2357113493327,0.039865931593542,-0.0361242800914998,-0.121048979462105
"24",0.00960581106511333,0.162104479358758,-0.145846360041108,0.0720324512760005,-0.14341968454673,0.200746646566895,-0.08298430786743,-0.094001339515572,-0.113335031283763,0.0154981109850214,0.112917362284214,-0.0282379423814797,0.123266567914735,0.0100425726645669,0.07205800079791,0.0208357413746813,0.0139839278268518,-0.00391422314787101,-0.0708309637287146,0.212532989027165,0.136574888093073,0.0503797035179997,0.180106786515526,1,0.143765375161394,-0.229777584170495,0.210136743819237,0.332820413491785,-0.0434567091439516,-0.133664585223589,-0.159164397136461,0.127052358807982,-0.0540758741236744,0.0323690700614669,0.0160891510681348,-0.0850748392108886,0.014252157871225,0.026877856675244,-0.0504912988021441,0.0631985486615474,0.168940317033538,0.201123083778741,0.159861753745668,-0.0600982064948055,0.00100269764549353,0.0840797055787061,0.0672402525799582,0.14937842731655,0.00641899002288385,0.0527775487678305,0.095633253310143,0.18877619778221,0.28727767660596,0.190382112617306,0.285207742361905,0.116441499184041,0.0114313942662942,0.0120674118524832
"25",-0.178929260594777,-0.0224833954715087,0.173980487389619,-0.00016407214348425,-0.0278163887193866,-0.0770782895282593,0.0155295894180325,0.194954006161012,-0.205374721651333,-0.108971055372475,0.0864940779294453,0.0733490674655118,0.0174158128486563,0.0231707340888683,-0.0602563069681055,0.105137833703108,-0.0596580689818742,0.1524531584931,-0.019599243793883,0.0267845107356487,0.0847656925672033,0.0408963232476556,0.170084143629549,0.143765375161394,1,0.242757532890618,0.151692840048067,0.235604637512114,0.0173188925770292,-0.0576022338794288,0.103367114352536,0.247396532554972,0.0872748422471264,0.0412396020687244,-0.110061497587601,-0.0380967201123681,-0.0543531596029365,-0.0644051152492657,-0.0161132145260567,-0.163180113475296,0.0679510430761226,0.00897703610788667,-0.0821535327104499,-0.171733645328902,-0.0291372781079293,0.0711988689861758,-0.115648153351213,-0.0416516816901839,0.13225841357924,0.0204714564069229,-0.0075693764781222,0.192086215251366,0.0596351584759209,0.163701947118322,0.125221205685912,0.13749161370932,0.00983965673617045,-0.133202273570248
"26",0.107484660091855,-0.00676135159238065,0.0597063479628592,-0.0572668848868331,0.107871718157943,0.0576973654820258,-0.0508702486829086,0.134677353392581,-0.0253850814959784,-0.00383105893559695,-0.0210336772970172,0.0746147555764496,-0.0927725450323676,0.0517423446484148,-0.0417665154760973,-0.107756361352244,-0.0495801938845456,0.0298509595237642,-0.120771058005137,-0.147284072251354,0.0858694209763224,-0.154757017696875,-0.0280093580120447,-0.229777584170495,0.242757532890618,1,-0.0547708531986172,0.0409334814374474,-0.0541616530496389,0.117609492253968,0.0109650877342022,-0.0746001330256085,-0.0682087559607031,0.178381566957179,-0.120312461648458,0.18777588259303,-0.0643931749368754,0.0709881253250411,0.327350842873083,-0.0535625000808415,0.153005946213217,0.120582695600005,-0.195606670438247,-0.122485857369672,-0.0102350784118474,0.0527891137967016,0.0401232981205114,0.0207149931506264,0.0152492457324854,-0.0354726255922576,0.0385514503593145,-0.033457657949155,-0.057959560968583,-0.115236714536351,-0.0956173953945546,-0.0416873131607347,0.0125760336885855,-0.217096216934329
"27",-0.0601989837605012,0.164484187044043,0.134382489634146,0.0900537790909072,-0.019084496272636,-0.0265189322290814,-0.00354089133669511,0.00050622022974529,0.0570942034288169,0.164592274778012,-0.00498889863998644,0.0286461421041739,0.0424714492527309,0.0975430234266488,0.164797546745858,0.0560479729903349,0.129918170022013,-0.1018616400338,-0.0981114411538434,0.0126270809832025,0.218969272770857,0.103097725209798,0.19756733735429,0.210136743819237,0.151692840048067,-0.0547708531986172,1,0.274173374231698,0.0750920099759254,0.0618017311035119,0.0475794700015279,0.103865387195411,-0.079218269179287,0.0144953026073424,0.102110689235525,-0.0426378529566303,0.129636931498733,-0.087891335897021,-0.104992719673219,-0.260115250219748,-0.0397399400371695,-0.0250807531118747,0.16829394426533,0.131118323286861,0.0279468552057406,0.250155808232306,-0.0358685576827018,0.0835434452952135,0.0165379513202474,0.175277231648756,-0.201960079982169,0.211177081046637,0.306527511688526,0.219020474753347,0.131102954945444,0.0322444075704767,-0.208253419382581,-0.167636523947376
"28",-0.00725602432609888,-0.0348976758083265,0.0362629182797969,-0.0149849133601074,-0.0269933876404392,-0.176517187416967,-0.0445509481085269,0.209275200996525,-0.104509369362703,-0.0716043982681314,0.198848976621516,0.0837793775136624,0.186841985547262,0.069105006183314,0.0529161190057957,0.194958221996586,0.0240478134611817,0.0572485046718874,0.0466242624641061,-0.02187284296684,0.224268972463382,0.0266723733613946,0.26967004069798,0.332820413491785,0.235604637512114,0.0409334814374474,0.274173374231698,1,-0.0951806251174807,-0.11798649137506,-0.077367594162481,-0.00615490460398319,-0.0645132869811055,0.0731333142058145,0.0854983369003274,0.139581331601207,-0.0249931016830091,0.0899608278371914,0.0465026956231696,-0.160838724189638,-0.00300121192889859,0.0672288910512417,0.0320152195680325,-0.028509676787076,-0.0300358976082921,0.0415828983768985,-0.136812702737818,0.00594016361095389,-0.0589199422155474,0.0354485653961115,-0.0100009088158755,0.109792942551588,0.101193396224361,0.0766425717393134,0.030366865964231,0.133281022230171,-0.0902859170042085,-0.112899279342489
"29",0.0313826670634264,0.206982364714455,-0.0701025156315835,-0.133883112301501,-0.129490049866178,0.156720270802209,-0.141073314018932,-0.198184931763087,0.0585760707953571,0.197800683693459,-0.232285894803746,0.101793267959287,-0.011520248979925,-0.0503712068775297,-0.130011710053535,0.0404303564730495,-0.0608650301387742,0.167756308504994,-0.0318448196743248,0.110646881438222,0.0938999655932857,0.0909533249402221,-0.123297441227651,-0.0434567091439516,0.0173188925770292,-0.0541616530496389,0.0750920099759254,-0.0951806251174807,1,0.215296833954816,0.0315362292902954,0.00188727869868221,-0.045862342352225,-0.037067663914213,0.00482113995653381,-0.193486633514584,-0.0715665924379684,-0.0715299633357822,-0.128404710765538,-0.0456264231944914,0.0767722755577682,0.0136243501127195,0.102270926903802,0.106931074991468,-0.075347273513706,0.16983115476253,-0.0381178404634314,-0.0264282285692649,0.0824848203868295,0.122045417745832,-0.149560471486374,0.121009215394374,-0.0287786467636233,0.0591018882690917,-0.0516630137678176,0.0344668415225818,-0.0518998842017597,0.0235543912726746
"30",-0.103948287217716,0.17465384460187,0.0601838325020339,0.199997251657796,0.0234298019735501,0.0775646988446383,0.0974534392752981,-0.175909954786198,0.0372638714682324,0.170347052137883,-0.0429380381301645,0.113456315762681,-0.025598382666966,-0.145621442010129,-0.099307947231978,-0.0565104899028544,-0.0766225152011777,0.0381064714678563,-0.0250761420355541,0.0354417997400575,0.0889725487100176,0.225356810010184,-0.0373281253178628,-0.133664585223589,-0.0576022338794288,0.117609492253968,0.0618017311035119,-0.11798649137506,0.215296833954816,1,0.0574138315805693,-0.0432274441232939,0.0964536222883492,0.0516844490273266,0.0894938671414041,-0.159465622815682,-0.0982051552584488,-0.0722886928528847,0.0595696639479749,0.0288996883691005,0.130419646825006,0.0714986644161134,0.0689641071475512,0.0858461644201378,0.0509797877216925,0.128738118042877,0.0655335559770641,0.118834689809031,0.043379689472193,-0.0269108695282709,-0.020920287472909,0.0830108706201286,-0.0891623715905119,-0.162723553295114,-0.115975571848306,-0.0303715986079151,-0.0655374086304442,0.00066395475544997
"31",-0.117714666374155,0.0159288087846052,0.0876181011725891,0.17831375842679,-0.0478842628648859,-0.134337978166776,0.104697807329121,0.00493523686231315,0.00509834929992886,-0.0823371989120658,-0.162204324250018,-0.112449113203686,-0.0972999082876915,0.0786242282204025,-0.0574255513702147,-0.0603183730012627,0.239226721356777,0.0230140325421406,0.262016085010537,0.0658740635587707,0.169720886244612,-0.00025939912268868,0.0580327359473501,-0.159164397136461,0.103367114352536,0.0109650877342022,0.0475794700015279,-0.077367594162481,0.0315362292902954,0.0574138315805693,1,0.231326522345857,0.0243924041502698,-0.146004654688792,-0.00163319100725799,0.029881742315092,0.0894403812607928,-0.0492705725211294,-0.188610036012129,-0.0475879321532437,-0.0683217370433059,0.00750069148645334,0.112045098697453,-0.0901483223534607,-0.0636710400197788,-0.0295660102037877,-0.142951303481396,-0.0212415001483476,0.0575549879047584,-0.00213974950098497,-0.0131630085351912,0.0609051609617104,-0.0540126221964579,0.0679100391057262,0.104757677499009,0.258133834569152,0.0533887052799872,-0.0331139615712321
"32",-0.132121690237579,-0.115527383905933,0.121429176633106,0.0628860384435996,0.0116879468340483,-0.107717382556467,0.215074357625911,0.175018578622455,-0.173069630491201,-0.159299670021543,-0.0372176002577859,0.0216444520505341,-0.0123305998816551,0.274481551904339,-0.12926992191638,-0.230649452435626,0.164974150652174,0.125818262732586,0.119428047533089,0.341082959117243,0.0120738384242772,0.132354455471294,0.103440936026198,0.127052358807982,0.247396532554971,-0.0746001330256085,0.103865387195411,-0.00615490460398319,0.00188727869868221,-0.0432274441232939,0.231326522345857,1,0.0279601810628566,-0.133967905523781,-0.0546464099999913,-0.0509208297933385,0.0214818715085579,0.0278179162546751,-0.0991603153163128,-0.0394492799206318,0.111416459897029,0.0885505087641942,0.134058631910686,-0.033193015489646,-0.0250229676978216,0.152226717187268,-0.0276274478043299,0.0962693308428283,0.0629213737087175,0.107951550438267,-0.0235789774765574,0.125900220896766,0.251384760704659,0.310500806849337,0.173612372643115,0.296259600363471,0.00477904349317351,-0.12900817922569
"33",-0.0269641355004624,0.0981449951248703,0.167959046163114,-0.0352062653213576,0.0293896562850842,-0.0916173298647583,0.102667223010971,0.00131182431294047,-0.249924636128949,0.0593304719378806,0.270358578639362,0.288493957675375,0.0391034897659796,0.0338989245633398,0.162305883169325,0.075496498484349,0.126316016775122,0.14368200804501,0.0141852877105123,-0.117291234995306,-0.123557115476275,0.0726811470141449,0.193759332746086,-0.0540758741236744,0.0872748422471264,-0.0682087559607031,-0.079218269179287,-0.0645132869811055,-0.045862342352225,0.0964536222883492,0.0243924041502698,0.0279601810628566,1,0.0525503697987912,-0.0863867792262823,0.0305208028181027,0.0329678289398788,0.0757604614679105,0.258857227510688,0.213134272085486,0.140462407730707,0.142775809370436,-0.164668359777085,-0.271294053089472,-0.148814548156436,-0.243815399385742,-0.00778812993488911,0.0432424398675392,0.0998258148793255,-0.0877635342427716,0.0279738595684537,0.0472198895214031,-0.140573545974985,-0.0242562456832069,-0.046001289719165,0.0223840929427375,0.0541927905325406,-0.443813199256373
"34",-0.0157231575130212,-0.0257822200995597,0.0716435544224611,-0.123165512111938,0.119635365022962,-0.0491440194561076,0.131758080614609,-0.0575917623074741,-0.18960500741058,-0.0843048190069596,0.0855850514422912,0.0222310511589496,0.145666011599672,-0.04065146160605,0.0671157478016391,-0.0567720968070236,0.091507825516692,0.0838848250319768,-0.0678869380284632,-0.126810017737943,0.00624766462421545,0.127647930675387,-0.0418030708840163,0.0323690700614669,0.0412396020687244,0.178381566957179,0.0144953026073424,0.0731333142058145,-0.037067663914213,0.0516844490273266,-0.146004654688792,-0.133967905523781,0.0525503697987911,1,0.120972163431727,-0.0384316020495159,0.0111960797668484,0.0732648325443511,0.158913867461174,0.136156542417595,-0.0124694473311953,0.142613856324917,0.00408225601052098,0.0328909087512026,-0.0442396636208487,-0.0514587045119798,-0.0228646385278978,-0.0168101071078599,0.164598845487749,0.109563967281831,-0.160358517575109,0.177731151982965,-0.184849558124317,0.0119180036776135,-0.124927070452467,-0.0822966535618648,-0.045183457870472,-0.113228011373669
"35",0.100224243699967,0.279408125427477,0.0597849368975426,0.107321673693169,0.266144890111477,0.136250506807299,0.275686754444179,0.113946531797365,-0.0996007906647459,0.0965975904033921,0.0571518324351845,-0.102811571411938,0.191498627962476,0.00327632821895787,-0.0240973236428253,-0.18234104605453,0.127230043023846,-0.202841032581714,0.00642822273156543,0.110974819002197,0.125629955939257,-0.0177752032453539,0.0125328552393465,0.0160891510681348,-0.110061497587601,-0.120312461648458,0.102110689235525,0.0854983369003274,0.00482113995653381,0.0894938671414041,-0.00163319100725799,-0.0546464099999913,-0.0863867792262823,0.120972163431727,1,0.0827827676242934,0.223105780314102,0.172611382702043,-0.0530555005119742,-0.0103579292148777,0.122786337632241,-0.187432530952139,0.26057265935456,-0.122077017823272,0.29529045262581,0.0127855284715179,0.114325344263876,-0.0142045557427138,0.151235434581553,-0.102578266532387,-0.0439149513177814,0.086704424577036,0.0274271434710458,-0.0647573810192218,-0.0349381688289292,0.176379611862581,0.0981333861282765,0.0502666361321066
