"","l_Insular.Cortex","r_Insular.Cortex","l_Amygdal.Area","r_Amygdal.Area","l_Bed.Nucleus.of.the.Stria.Terminalis","r_Bed.Nucleus.of.the.Stria.Terminalis","l_Hippocampus","r_Hippocampus","l_Orbitofrontal.cortex","r_Orbitofrontal.cortex","l_Entorhinal.Cortex","r_Entorhinal.Cortex","l_Frontal.Association.Cortex","r_Frontal.Association.Cortex","l_Globus.Pallidus","r_Globus.Pallidus","l_Glomerular.Layer.of.the.Accessory.Olfactory.Bulb","r_Glomerular.Layer.of.the.Accessory.Olfactory.Bulb","l_Glomerular.Layer.of.the.Olfactory.Bulb","r_Glomerular.Layer.of.the.Olfactory.Bulb","l_Granule.Cell.Level.of.the.Cerebellum","r_Granule.Cell.Level.of.the.Cerebellum","l_Hypothalamic.Region","r_Hypothalamic.Region","l_Entorhinal.Cortex","r_Entorhinal.Cortex","l_Vermix.Molecular.Layer.of.the.Cerebellum","r_Vermix.Molecular.Layer.of.the.Cerebellum","l_Lateral.Molecular.Layer.of.the.Cerebellum","r_Lateral.Molecular.Layer.of.the.Cerebellum","l_Anterior.Olfactory.Bulb","r_Anterior.Olfactory.Bulb","l_Posterior.Olfactory.Bulb","r_Posterior.Olfactory.Bulb","l_Subiculum","r_Subiculum","l_Perirhinal.Area","r_Perirhinal.Area","l_PreLimbic.System","r_PreLimbic.System","l_Primary.Cingular.Cortex","r_Primary.Cingular.Cortex","l_Primary.Motor.Cortex","r_Primary.Motor.Cortex","l_Retrosplenial.Cortex","r_Retrosplenial.Cortex","l_Secondary.Cingular.Cortex","r_Secondary.Cingular.Cortex","l_Secondary.Motor.Cortex","r_Secondary.Motor.Cortex","l_Striatum","r_Striatum","l_Ventral.Tegmental.Area","r_Ventral.Tegmental.Area","l_Substantia.Nigra","r_Substantia.Nigra","l_Thalamus","r_Thalamus"
"1",1,0.367044140020672,0.09389910787065,0.0856202208062657,0.033166447693934,-0.00599284081701381,0.00478892272302296,-0.0885739136424786,0.384841970986274,0.393282378357932,0.285116573296776,0.427455329725953,0.0847143918350359,0.00433042765051214,0.269818562242421,0.104080221588629,0.180450917400481,0.0181783789783964,0.0582953709872725,0.0521413739236564,0.146184216573169,0.140055203442243,0.132729088167661,0.121473668145459,-0.128254800719758,0.0151815831014743,-0.152956255899899,0.0405036890727026,0.15755024192666,0.157079826875588,-0.10112803519351,0.157188276062484,0.271950100555339,0.252229071095006,0.11795233629802,0.0531698885872722,-0.00037178585294486,0.225923739370622,0.0881626801050169,0.249247337505492,-0.0924727431844871,0.00242090882884044,-0.171979298194143,-0.0819509265386307,0.0602902104273523,-0.0915269914609362,-0.148067956792389,0.0628347668450269,-0.0498233551602318,-0.101638723627498,0.248189320191865,0.216900229789753,-0.266685863944853,0.0863933586566387,-0.151433634959684,-0.092791350479588,-0.0856208127324387,-0.157745489720841
"2",0.367044140020672,1,-0.0535819844314502,0.275920258846534,0.075479599573705,0.0885627238024769,0.0714704950237122,0.0994035847141106,0.277309606267811,0.454405074049347,0.11491915867664,0.318862027171424,0.146439574256562,0.269065763338672,0.15655163769351,0.372191043197142,0.2275097676462,0.250692562172146,0.0804141972962831,0.069491280397837,0.0856199567805004,0.130274200961799,0.224865230912691,0.238200481322896,0.0747502135811936,0.0810235420843956,0.169834171680045,0.135046894404505,-0.0349165716367553,0.174050021605619,0.0539514508484714,0.274430366344459,0.191321242283685,0.295382067070875,0.0380266830826491,0.127413168537453,0.107257085541201,0.0977204718372228,0.11044802825776,0.285040052532146,0.132435313788029,0.155593709668298,-0.0594192861036719,0.0975951835579405,-0.128656874250853,-0.143639683431823,0.13875777945335,0.187788001739394,-0.142504269270466,0.151735671556919,0.0812872458645369,0.144887147389246,-0.099025539885133,0.0484258536537329,0.0710519865396206,-0.157713405811214,-0.136931654555257,0.120094439141509
"3",0.09389910787065,-0.0535819844314502,1,0.0802553055626319,0.00511523535786136,0.00515482152811796,-0.0353000968478426,-0.0923261861822109,0.00294199099495022,-0.0624670527612457,0.0817546744884451,-0.00160609653286268,-0.267581640456281,-0.247420008371805,-0.13009236514453,0.00985450702521965,0.00518449302742841,-0.110075593283397,0.0581878388638174,0.0903068686592904,0.0975263069727144,-0.0384198833966971,0.0138694518799592,0.0168553613141152,0.179433429594443,-0.0344346082637882,-0.0993162015400278,0.132934047993426,-0.0502582063472638,-0.152670821282054,-0.0949503904140733,0.106800181867619,0.0525778890478909,-0.00939420510591407,0.0107581218806206,-0.0655796501920383,0.0598300227737555,0.153862141717432,0.139229927741986,0.107480608199554,-0.0346194989922368,0.0309662914966213,-0.247821348072853,-0.132080058336264,-0.0763525577438563,0.0330161718024545,-0.0413130856658783,0.00125818063020423,-0.233676236269504,-0.14559036569904,-0.0429403018414279,0.0369067303592893,0.0596051414040428,-0.00047418314294866,-0.0516442191523498,0.193644943687897,-0.0271029004724401,-0.0102653210514401
"4",0.0856202208062657,0.275920258846534,0.0802553055626319,1,0.0310570388773705,0.123294993589695,-0.0588491433624169,0.0602901608943708,0.143147516297091,0.176264358400461,0.202532617986522,0.19115314917554,0.0202033745726358,0.053381331846205,-0.0174498843393065,0.136291954509714,0.0941794195882862,-0.0903447166752691,0.00655532063531442,0.126608894934531,0.0745563274093471,0.0190173784545908,0.141185316494863,-0.064789932252969,0.0739092243887337,0.0792240105655912,0.110458959751592,0.11998111687845,0.172187805245946,0.122260371642937,-0.0200227035229019,-0.032406447648256,0.0588455096056502,-0.0286103690034198,0.0610261314297754,0.0840318367915354,0.0363288986700664,-0.017353601622956,0.0770523872770126,0.0569871744057898,0.0754864093771063,0.0895716860224242,0.168556891851554,-0.127369047215128,-0.134376281243758,-0.0182017387712596,0.0725215079289525,0.214285373258656,-0.0180750686035064,-0.0523498208121319,0.0931717888583494,0.0460118703086912,-0.0407335762274588,0.00584924890052793,0.089275684616489,-0.0348122812050562,0.0695167968025709,0.131478039803875
"5",0.033166447693934,0.075479599573705,0.00511523535786136,0.0310570388773705,1,0.184917719718649,-0.0375131337279034,0.0383682406108648,0.0624266832757097,-0.0697164941636856,0.0248981268846173,0.180480206669771,0.120399443370653,0.00398237204078078,0.0888749641803966,0.174549613643354,0.13350472026781,-0.149123819905111,-0.0199466377464533,0.122898556045952,-0.219915106696471,0.0886057899097379,0.234764791097844,0.11968172027684,0.125179636331904,0.0234886852112109,-0.104872570611763,-0.109092733132457,-0.0577835321833393,0.112525876313214,-0.0170625377051202,0.136997526007395,0.333710025523903,0.194489827149162,-0.023809381152402,0.0414137120185547,0.0344040832741548,0.269510430654003,0.259238625307684,0.160383405439883,0.00510422027621043,0.171894159356499,0.0819362207112848,-0.059842215769588,-0.123861300709097,-0.287778617890904,0.0919607478643583,0.103847418567939,0.00617006182625625,0.00302762584494007,0.158867195826214,0.0533444812801364,-0.11974004564692,-0.0489061461920794,0.0596144490330723,0.0239273161019438,0.251255654131518,0.0981241400423825
"6",-0.00599284081701381,0.088562723802477,0.00515482152811796,0.123294993589695,0.184917719718649,1,-0.10959809292894,0.289086897565749,0.00357415889495346,-0.108505261252947,0.00286316120709169,0.107872818750689,0.140677214120641,-0.0537351888774711,-0.0745193547576318,0.159912541403959,0.196064854313134,-0.145987173799399,-0.0268164766855829,0.111805544785344,-0.0783973037856883,0.0268815820979461,0.265977547531541,0.108853263711852,-0.0145873694478185,0.101537734272934,-0.0220646754014634,-0.258521183003399,-0.0298916259351647,-0.0666190661003992,0.0485420175981915,0.19544593677801,0.192710806894552,0.0966056903009111,0.0508471351439805,0.245355149524471,0.0741500090737718,-0.00959967241500166,0.170727844182851,0.248318315500831,0.273039413389512,0.142782809353262,0.15153137071137,0.0647910090517906,-0.0771440043465889,0.0460030808656338,0.169438374839159,0.190615966113078,0.196341797018529,0.00817154642190062,0.014004160498318,0.169834591788145,-0.0144653877751119,0.129964618715666,-0.0247991824065994,-0.040531769384678,0.173084018933192,0.232956282427123
"7",0.00478892272302296,0.0714704950237122,-0.0353000968478426,-0.0588491433624169,-0.0375131337279034,-0.10959809292894,1,0.0641872350654332,-0.140721884385004,0.045599214291665,0.148029581316178,0.045525055138384,0.0204022120510165,0.0717701406507623,0.109629089881565,0.0935869764606928,-0.25709644861431,-0.054716180054243,0.0300443953179073,0.06288392304732,-0.0396397114350742,0.077210476353613,0.0224070196128495,0.14846926721059,-0.0392170651835248,-0.050103655378549,0.16376675817795,0.114423142482664,0.009721039368202,0.0282279451675873,-0.182797161998138,0.0994780557231272,-0.131403771708726,-0.206045534544534,0.157031404858564,-0.0107175052035652,0.153059454548958,0.11504064321318,-0.0751533740330798,-0.14817086846608,0.0630920754581013,-0.0395828039145018,0.061750376857253,0.0560597862490903,0.15813668522031,0.184575199982689,-0.0576093945799778,-0.0917583677355693,-0.0551404236854756,-0.0172284489560412,0.0975226477292947,0.00545209693202044,-0.0176249487207554,0.128065221023259,0.0987123969898514,-0.047120161885779,0.0971008137088124,-0.109246114355028
"8",-0.0885739136424786,0.0994035847141107,-0.0923261861822109,0.0602901608943709,0.0383682406108648,0.289086897565749,0.0641872350654332,1,-0.174852850449466,-0.102722165538491,-0.145954905053886,-0.161375933746883,0.114204435699393,-0.111705054432273,0.0175107413809042,-0.104991677776865,-0.0325230760270319,-0.0328355930348878,-0.255621973992918,0.110730842065508,-0.0399436979413656,0.0273884749605482,0.129311520752247,0.00935336960430197,-0.0912486858306037,0.281320248698956,-0.266267793820075,-0.0446934501832762,-0.128529996199802,-0.243342272952476,-0.119846216530454,0.133111381929408,-0.114915878626737,-0.121103934104342,0.129996328346441,0.394331301178493,0.16978227278634,0.10462781923801,0.0888365073865514,-0.087673785915434,0.115797107349342,0.121329606493657,-0.0450405904559446,0.0152022563212236,-0.0203574500660192,0.185640003411606,0.184745810123784,0.0287853202052135,-0.0849760300357193,-0.163602460161575,-0.126817972942028,-0.0238342017163913,0.104348843862526,0.0657845356813155,0.0237531394233475,-0.0615714050584064,0.226859187106155,0.163516634431249
"9",0.384841970986274,0.27730960626781,0.00294199099495022,0.143147516297091,0.0624266832757097,0.00357415889495346,-0.140721884385004,-0.174852850449466,1,0.448637646644538,0.192591703980474,0.14665201653943,0.0246519116962834,-0.0710802483381301,0.127101471222134,0.179528980355114,0.342720324472088,0.10466561548386,-0.0479350775266994,-0.11040815870237,0.197600362684579,0.0779719327749291,0.00682536068912986,-0.144874096989957,-0.101068745128944,0.0702546794196776,-0.186289499966068,-0.100521136322287,-0.0709526287841686,-0.075073831897319,0.0174026669882899,-0.0827631041799771,0.225033979291708,0.348801729220443,0.0644011143694075,-0.0698720697782955,0.0157928289120405,-0.00800829368218205,-0.0134507079102689,0.191732827687157,-0.0927448230076327,-0.0179396326801649,0.0960311373724619,0.0635233432383215,-0.145166351730062,-0.217892264811476,-0.13215528498768,0.0603997483210132,0.0621274358773414,-0.0509091866972223,0.0752021377896019,0.0266005752220244,-0.193311775849449,-0.133317873918101,0.0822178326124091,0.111094489765764,-0.0615596692517808,-0.0402859179535828
"10",0.393282378357932,0.454405074049347,-0.0624670527612456,0.176264358400461,-0.0697164941636856,-0.108505261252947,0.045599214291665,-0.102722165538491,0.448637646644538,1,-0.0262674303232831,0.141904219190735,0.100003282028839,0.212359515191779,0.0773507413008943,0.240764706992241,0.164110185302785,0.153126860942624,-0.0609355373137209,0.00638123529075147,0.0548043810304461,0.0904284279782009,0.0563703096173382,0.0307914114274912,-0.00232784347553086,-0.0962301954609642,-0.0461234797600147,0.016055932740862,0.12097187782924,0.0928785386849271,0.0135577952706488,-0.0306263853738031,-0.00174414666777234,0.201243484859486,0.132551515422481,-0.0773088004514181,0.055400665882449,-0.0633769489308526,-0.158771676586585,0.142558438452935,-0.0761513000454751,-0.056790019286301,-0.101298813302804,0.232571676383605,-0.329168389282272,-0.191816340878466,-0.135784308986765,0.0393382228513455,-0.118534687182169,0.0403074900653219,-0.0208162577327017,-0.0638459783452888,-0.240402702395107,-0.0798778917114721,0.0581270676647431,-0.104723908645631,-0.100736622504928,-0.191470585186346
"11",0.285116573296776,0.11491915867664,0.0817546744884451,0.202532617986522,0.0248981268846173,0.00286316120709169,0.148029581316178,-0.145954905053886,0.192591703980474,-0.026267430323283,1,0.333896485004011,0.033572308363526,-0.0921718333478503,0.131067081859497,0.121177990502063,0.162391803057864,-0.0244196850446712,0.0585671020328469,-0.135755844746378,0.0633272388996941,0.136586721101564,0.146031822566627,0.138947741030571,0.0690326043685617,-0.0846039736800688,0.0754014505025959,0.0718851651329386,-0.0695801692685013,0.10969009221351,0.0395216746282582,0.0447119614376091,0.133790482070853,0.0330451588832581,-0.0887624300959912,0.16715089342069,0.0135071064982914,0.057350147673712,0.152170300484882,0.132068873935161,0.0297718586872912,0.0834587108005416,0.130396928473396,-0.172202321319686,-0.100823080652389,-0.0859331847589736,-0.00881484681190781,0.135409597904244,-0.00694636487781397,-0.0325520117467145,0.106656371497541,0.0470103786104231,0.149746234054128,0.12027092648863,-0.0201751672883923,-0.0920832387241651,0.0590994051919983,0.0944522685882808
"12",0.427455329725953,0.318862027171424,-0.00160609653286268,0.19115314917554,0.180480206669771,0.107872818750689,0.045525055138384,-0.161375933746883,0.14665201653943,0.141904219190735,0.333896485004011,1,0.180571772921629,0.0629179173875196,0.199605077353316,0.14807783203439,0.247723688739401,-0.0232022791113836,0.0713160913927082,0.0544390669743269,-0.0400615523272763,0.086393325434244,0.192688995867599,0.160583335865616,0.0770166324607833,-0.0937757572014377,0.054038193817513,0.00611521339148136,0.219200933682872,0.172848500553391,0.0485276713631359,0.236087249387528,0.386889081099232,0.291222792291285,-0.0350393534784788,0.056340532393732,0.184411483074711,0.251951698311829,0.258494742864046,0.260592830140839,0.206730088675924,0.112797572069775,-0.119472500073709,-0.116637361677432,-0.142120835357046,-0.244167282671662,0.0875434141261387,0.262754456439846,-0.0187033570796578,0.0325166384847335,0.217093300297694,0.158931233348153,-0.0213961886616811,0.259026818661079,-0.0203780807966715,-0.131956981354433,-0.0289477328032045,0.0301309406114638
"13",0.0847143918350359,0.146439574256562,-0.267581640456281,0.0202033745726358,0.120399443370653,0.140677214120641,0.0204022120510165,0.114204435699393,0.0246519116962834,0.100003282028839,0.033572308363526,0.180571772921629,1,0.331441957973445,0.229225663997605,0.0651566558373091,0.0763416748813553,0.0168242465465716,-0.152172765175323,0.06535217047835,0.0576066551583764,0.0460038205488483,-0.0898131753882991,-0.0624980193941319,0.058559645110709,0.0822596158757325,0.102234320391533,-0.0866324200740698,0.138295124321449,0.0624706262209057,-0.178584309298453,0.066513041802292,0.0569688755248766,0.097150473376345,-0.102322503427206,0.113602282908474,-0.203204266404389,-0.00361257736204479,0.123804244743181,0.211352932211625,0.0731753024226133,0.0534873236704033,0.150116775315686,0.176389544470774,-0.054679726721763,-0.179453037004232,0.156097274841929,0.0713032822026533,0.370895297894029,0.13912157860416,0.118054222761603,0.0859959135491718,-0.208980020919167,0.0552036086640814,0.0256735890445964,-0.131066814881052,-0.0703075560699597,-0.188748019850538
"14",0.00433042765051214,0.269065763338672,-0.247420008371805,0.053381331846205,0.00398237204078078,-0.0537351888774711,0.0717701406507623,-0.111705054432273,-0.0710802483381301,0.212359515191779,-0.0921718333478503,0.0629179173875196,0.331441957973445,1,0.147791704342033,0.352569963525697,0.037410738179812,0.315423737384167,0.108549860119852,0.0704295317411388,-0.0172022357921384,-0.0213670274340268,0.0343594018393086,0.109752463908583,0.0297192769247055,-0.0133991716561791,0.25730760870654,0.112836576316139,0.105959402558957,0.105784005323148,-0.206763196896599,0.0397434879311224,0.207413490664045,0.271983915376011,0.0453261113926986,0.121430484272976,0.0520941667423293,-0.144412396633743,0.0932754745379007,0.0834090896290589,0.0724724683854652,0.223208318699778,0.109525523778933,0.178455620303566,-0.104901002164432,-0.0329114390494958,0.154662430240128,0.176917878625068,0.162292989080808,0.65574682431797,0.171544017114984,0.0554826225625109,-0.149055870482219,0.0485182862394607,0.115553908166966,-0.0516815849747826,-0.12483131503684,-0.078287014888007
"15",0.269818562242421,0.15655163769351,-0.13009236514453,-0.0174498843393065,0.0888749641803966,-0.0745193547576318,0.109629089881565,0.0175107413809042,0.127101471222134,0.0773507413008943,0.131067081859497,0.199605077353316,0.229225663997605,0.147791704342033,1,0.00628111105882307,0.00298063369479659,-0.0855188109790242,0.205551899746586,-0.0462456784407978,0.189400584670667,0.0900144392062968,0.00424221914770419,0.0409066056527616,0.0536848481003055,-0.0740292531902077,0.0219364650066964,-0.104403740597556,0.0373569357384352,0.137407440540244,-0.224992831767536,-0.0902162600692561,0.0184222161941603,0.117849626472629,-0.125617363751515,0.0871888107409684,-0.0908025437903232,0.059238713967763,0.0445544427500327,0.111808055239687,-0.149706393627322,0.140890997422889,-0.00585809076684164,0.0483025924701263,0.0223102112066104,-0.0156866060515991,-0.0854566618050675,0.0755921758696085,0.00200503993232665,0.201253403723607,0.125760059255969,0.101804430050158,0.0668966216908902,0.118437644923053,-0.169004609451161,-0.118546478425047,-0.100486962857546,-0.174049425720376
"16",0.104080221588629,0.372191043197142,0.00985450702521965,0.136291954509714,0.174549613643354,0.159912541403959,0.0935869764606928,-0.104991677776865,0.179528980355114,0.240764706992241,0.121177990502063,0.148077832034389,0.0651566558373091,0.352569963525697,0.00628111105882307,1,0.209604002786484,0.262835323444405,0.208261072305097,0.0192354811092954,0.0905201457127076,0.0229548529400917,0.242385832376459,0.26518928759575,0.130572395718507,-0.0162983369045917,0.132004103161844,0.141948443027837,0.0485569575628223,0.0745198018468318,0.039405754982934,0.288042346986847,0.377040719125733,0.254662377715241,0.100678125484808,0.128455985996577,0.231768085944413,-0.0369372667241002,0.175721066895323,0.27005297489146,0.198266540692322,0.182719451878911,0.0706492006763022,0.0817748848646488,-0.155401364938683,-0.136196235801597,0.0715541453355025,0.0751222222408706,0.0755015611499583,0.214657827245341,0.188283691419236,0.102242474401088,-0.0153793028205429,0.00116900460117744,0.0443786293982393,-0.160797436905037,-0.0292113088997275,0.0752063440953788
"17",0.180450917400481,0.2275097676462,0.00518449302742841,0.0941794195882862,0.13350472026781,0.196064854313134,-0.25709644861431,-0.0325230760270319,0.342720324472088,0.164110185302785,0.162391803057864,0.247723688739401,0.0763416748813553,0.037410738179812,0.00298063369479659,0.209604002786484,1,0.0546403019288156,-0.035999823853773,-0.153158960812421,-0.0612644898552008,-0.0398008622782237,-0.0218620013195108,-0.0612750578576304,-0.0990490632259476,-0.117944132963377,-0.0125833491114747,-0.0984940709264976,-0.18611807304869,-0.0935018987338664,0.0798472793918183,0.0446467975744414,0.198994810745206,0.105306567931978,-0.117622967485558,0.0142726299638645,0.237446844834462,0.124249465182882,0.0686304121324467,0.263077794884255,0.0728544033013851,-0.0123448105933955,-0.00150856655576575,-0.123029248292371,-0.243460992269949,-0.249274888972219,0.200883074804302,0.188435048872742,0.170973269822495,0.0651060180820462,0.135055564915248,0.0415875467453509,-0.105839586779021,-0.128544122852339,0.0600275221276979,-0.0213177246872548,-0.0155403252202554,0.0756316485646563
"18",0.0181783789783964,0.250692562172146,-0.110075593283397,-0.0903447166752691,-0.149123819905111,-0.145987173799399,-0.054716180054243,-0.0328355930348878,0.10466561548386,0.153126860942624,-0.0244196850446712,-0.0232022791113836,0.0168242465465716,0.315423737384167,-0.0855188109790242,0.262835323444405,0.0546403019288156,1,-0.0829542974909337,-0.0195391880393456,0.00285824125060548,-0.0797960416845056,-0.0588949653477197,0.0932036688051459,-0.0468501161062761,0.0545089238656083,0.165865297550496,0.125871674010182,-0.106162138489444,-0.126337686427993,0.0836981792484184,0.344484187192524,0.0733630884953555,0.261469766230068,0.0268485115228463,0.0571810243434407,0.0154820211022617,-0.123750889008345,0.00081009200809445,0.00566667473415508,0.103564147691317,0.0109789383824223,-0.052029555008594,0.0131012097343612,-0.0893501887029096,-0.0953463102394371,0.233613015940002,0.128102175390641,0.0857502874857648,0.204182630790897,-0.113025674064392,0.0271701777346691,0.00693492309346253,-0.179691471440459,0.0999783115895196,0.0323935754192884,-0.150688460020167,-0.0580636257680524
"19",0.0582953709872726,0.0804141972962831,0.0581878388638174,0.00655532063531442,-0.0199466377464533,-0.0268164766855829,0.0300443953179073,-0.255621973992918,-0.0479350775266994,-0.0609355373137209,0.0585671020328469,0.0713160913927082,-0.152172765175323,0.108549860119852,0.205551899746586,0.208261072305097,-0.035999823853773,-0.0829542974909337,1,-0.031470583566255,0.206005821213368,-0.0094469007735781,-0.0287672232995975,0.269201206941981,0.276839438043666,-0.209107223391515,0.265693545128291,0.15300295171263,0.120758249613784,0.101133235778622,0.0889333924151911,0.0074225704790259,0.0814612429403496,0.0325225474561065,-0.0610889320527637,-0.0741825449450532,-0.0281190432230397,-0.0723728654161809,-0.0221854925326548,0.084757212271188,-0.0938518441133917,0.11530130770705,0.0506020101787042,-0.124464061968956,0.0917154634003214,-0.0550542209864226,-0.133844575632389,-0.0509945930428248,-0.178713890592555,0.0521079889750855,0.124075429791441,0.263291935032026,-0.0386008059790536,0.0138100401196711,-0.176772606912561,-0.00425484496957528,-0.0244271616970496,0.128791360719646
"20",0.0521413739236564,0.069491280397837,0.0903068686592904,0.126608894934531,0.122898556045952,0.111805544785344,0.0628839230473199,0.110730842065508,-0.11040815870237,0.00638123529075147,-0.135755844746378,0.0544390669743269,0.06535217047835,0.0704295317411388,-0.0462456784407978,0.0192354811092954,-0.153158960812421,-0.0195391880393456,-0.031470583566255,1,0.218647480082962,-0.0914300416096692,0.0234328810367819,0.0268417141310099,0.0569283793182266,0.0410876981592669,0.00930294906344226,0.168801767681015,0.00692713527005361,0.0815605509395315,-0.0372454372855002,0.270076657654334,0.141457662815041,0.17148080136983,0.0505746237335152,0.0641792603984764,0.0403833205785505,0.110824339121897,0.193150911412965,0.160929176323485,0.263990802792676,0.160577033853965,-0.0525371006433215,-0.0622738264176626,0.0716179893966728,0.113278795078949,-0.0637238714966163,-0.0257839333002218,0.0863369971138338,0.0446241360411115,-0.038777027281243,0.126676121511412,-0.108465204625242,0.153696374785172,-0.0429251434708914,0.125743835201778,-0.0090804419019566,0.0859922160675344
"21",0.146184216573169,0.0856199567805004,0.0975263069727144,0.0745563274093471,-0.219915106696471,-0.0783973037856883,-0.0396397114350742,-0.0399436979413656,0.197600362684579,0.0548043810304461,0.0633272388996941,-0.0400615523272763,0.0576066551583764,-0.0172022357921384,0.189400584670667,0.0905201457127076,-0.0612644898552008,0.00285824125060548,0.206005821213368,0.218647480082962,1,0.0802910619007324,-0.0799956468276479,0.0388183645054337,-0.0276318959272555,0.122161774466991,0.0264165005184748,-0.0373117163984445,-0.0444432286771939,-0.0750730797156193,-0.0871348106972596,-0.0385110746978393,-0.00788639436146235,0.0322814915592422,-0.0853112793270514,0.0110862266835875,-0.10528601778083,0.141688709120982,0.0253869437967776,0.198959555793529,-0.0801093109350166,0.0819540986678577,-0.167684546795015,-0.167405467130667,0.132836249741295,0.171473565625848,-0.33266437613086,-0.0688080653935942,0.01366822530605,-0.0433896758562969,0.106047615593146,0.159425717193565,0.0304048227262393,0.0811222562538867,-0.16937436444492,-0.00280128681567459,-0.142987706564996,0.0424145795015512
"22",0.140055203442243,0.130274200961799,-0.0384198833966971,0.0190173784545908,0.0886057899097379,0.0268815820979461,0.077210476353613,0.0273884749605482,0.0779719327749291,0.0904284279782009,0.136586721101564,0.086393325434244,0.0460038205488483,-0.0213670274340268,0.0900144392062968,0.0229548529400917,-0.0398008622782237,-0.0797960416845056,-0.0094469007735781,-0.0914300416096692,0.0802910619007324,1,0.225144892639382,0.0747539169952879,-0.0444261786334309,0.143084923363273,0.119882897438094,-0.0002256241058573,0.134107263381292,0.174220149631291,-0.00171650674062834,0.184466180021154,0.111328875951355,0.150740210013034,0.0161801901729525,0.0829750577961066,0.0615476233047786,0.0332065901054051,-0.0269077591959542,0.0395633492968809,-0.0242171355696348,-0.0749353751832502,-0.108002664387954,-0.0243358206532252,0.0570744970511854,0.0644873093884995,-0.13761175004333,-0.0376058522090121,-0.00074533815803574,-0.0607350297452601,0.163935141977196,0.0225510050583984,-0.124235782782561,-0.0403368512159585,-0.168626930078743,-0.102241136847218,0.0311242994752057,0.110786393375461
"23",0.132729088167661,0.224865230912691,0.0138694518799592,0.141185316494863,0.234764791097844,0.265977547531541,0.0224070196128495,0.129311520752247,0.00682536068912986,0.0563703096173382,0.146031822566627,0.192688995867599,-0.0898131753882991,0.0343594018393086,0.00424221914770419,0.242385832376459,-0.0218620013195108,-0.0588949653477197,-0.0287672232995975,0.0234328810367819,-0.0799956468276479,0.225144892639382,1,0.383808346573605,-0.0241821139049833,0.102773042652856,-0.0777191402202291,0.0619449484455936,-0.0110036394474394,0.127129182803071,0.0506395160547229,0.163136201734331,0.200194721939337,0.14320736072161,0.0468152404183052,0.325103699169718,0.0913036981461908,0.0242421021917947,-0.039998719965668,0.0754508246599702,0.042921184259652,0.0738243313454989,0.110828714226249,0.0635676812351506,-0.0642650962922686,0.194982767298587,-0.0139803467772946,0.0541232020330624,-0.0594450259162654,0.115340678496556,-0.00489448907657186,-0.0500435042517186,0.0150446298933835,-0.0401146708169307,-0.175923141837283,-0.122323048753996,0.0887290394579582,0.26789617146829
"24",0.121473668145459,0.238200481322896,0.0168553613141152,-0.064789932252969,0.11968172027684,0.108853263711852,0.14846926721059,0.00935336960430196,-0.144874096989957,0.0307914114274912,0.138947741030571,0.160583335865616,-0.0624980193941319,0.109752463908583,0.0409066056527616,0.26518928759575,-0.0612750578576304,0.0932036688051459,0.269201206941981,0.0268417141310099,0.0388183645054337,0.0747539169952879,0.383808346573605,1,0.0438639475390038,-0.114723718624102,0.0149099970684874,0.0832479017314152,-0.00663483887892253,0.0604907044530111,0.0870178441572662,0.299484546040883,0.0996090165255233,0.126583114565894,-0.0480726892612458,0.0264880852044885,0.00940505906685494,0.0325879841988094,-0.0401574233656162,0.129417313922601,-0.0163211476993612,0.0432256696479772,-0.00736250646892506,-0.0577471462836621,0.00864365207286059,0.0463275140273229,-0.216776883849216,-0.126524034512932,-0.157288517853861,0.0856841526667079,0.129772402356089,0.150813879651418,-0.0327264337433585,-0.0202859644165224,-0.150926788006042,-0.00054658013675476,0.125758988153513,0.160910142625489
"25",-0.128254800719758,0.0747502135811936,0.179433429594443,0.0739092243887338,0.125179636331904,-0.0145873694478185,-0.0392170651835248,-0.0912486858306037,-0.101068745128944,-0.00232784347553086,0.0690326043685617,0.0770166324607833,0.058559645110709,0.0297192769247055,0.0536848481003055,0.130572395718507,-0.0990490632259476,-0.0468501161062761,0.276839438043666,0.0569283793182266,-0.0276318959272555,-0.0444261786334309,-0.0241821139049833,0.0438639475390038,1,-0.111944293314624,0.111634588595947,0.0767981552725448,0.017225393304668,0.0645865428439057,0.0395894617501213,-0.0483429084958242,-0.0874038543271467,-0.0473158916341299,-0.0674697967768971,-0.0679508903540903,-0.01402862077418,-0.0160483227387738,0.10099028904237,0.0407470818319837,-0.0654851512090244,0.0957588686702884,0.0993638480286281,0.160929000370527,-0.0891626060070288,-0.202658588979526,0.0664289990734479,-0.0170720684803764,-0.0657183216571396,0.0543638890234514,0.0396259829727819,0.124325315360283,-0.0094512091350918,-0.0810454238514801,0.0570758628442759,-0.0124364121167739,0.03034358084746,0.186810139876625
"26",0.0151815831014743,0.0810235420843956,-0.0344346082637882,0.0792240105655912,0.0234886852112109,0.101537734272934,-0.050103655378549,0.281320248698956,0.0702546794196776,-0.0962301954609642,-0.0846039736800688,-0.0937757572014377,0.0822596158757325,-0.0133991716561791,-0.0740292531902076,-0.0162983369045917,-0.117944132963377,0.0545089238656083,-0.209107223391515,0.0410876981592669,0.122161774466991,0.143084923363273,0.102773042652856,-0.114723718624102,-0.111944293314624,1,-0.124937922722958,0.098388944525701,-0.0646813179224949,-0.12103299570252,-0.243390549200605,-0.0799817637662992,0.0587523063704833,-0.063099256298559,0.264589756884945,0.265653321685252,-0.0242837229583178,0.0916410341522142,0.08334148909732,0.03570772753161,0.0377980191014496,0.15672495934727,0.0325690704341992,0.0397197026176385,0.0671314529437127,-0.00021494340324451,0.153771129499735,0.231829798808423,0.0261166560328499,-0.156293441441883,-0.0552570004502883,-0.129803551648464,0.0958287435891974,0.0237184648022877,-0.0231638742345504,0.0535191773009807,0.0802896855951409,0.0959612389044064
"27",-0.152956255899899,0.169834171680045,-0.0993162015400278,0.110458959751592,-0.104872570611763,-0.0220646754014634,0.16376675817795,-0.266267793820075,-0.186289499966068,-0.0461234797600147,0.0754014505025959,0.054038193817513,0.102234320391533,0.25730760870654,0.0219364650066964,0.132004103161844,-0.0125833491114747,0.165865297550496,0.265693545128291,0.00930294906344226,0.0264165005184748,0.119882897438094,-0.0777191402202291,0.0149099970684874,0.111634588595947,-0.124937922722958,1,0.23196438038453,0.157302420839689,0.14704830965362,0.0112485405892713,0.146055997025585,-0.00746210262373488,0.0339419084756594,0.00063321566030913,-0.0475390768099887,-0.102422360810887,-0.217567335107519,-0.0309416507419488,0.117768262567487,0.0167089151038878,0.0258506819148625,0.0522144328217624,-0.0384224316444674,0.0172672378798612,-0.13014345855635,0.062209800304823,0.0379634360441574,0.198188619716013,0.242521895457796,0.11907417021995,0.169438449883779,0.0292066248949422,0.058310775287,-0.00104310221988884,-0.140201362535677,-0.0874367033125907,-0.0681727966198471
"28",0.0405036890727026,0.135046894404505,0.132934047993426,0.11998111687845,-0.109092733132457,-0.258521183003399,0.114423142482664,-0.0446934501832762,-0.100521136322287,0.016055932740862,0.0718851651329386,0.00611521339148136,-0.0866324200740698,0.112836576316139,-0.104403740597556,0.141948443027837,-0.0984940709264976,0.125871674010182,0.15300295171263,0.168801767681015,-0.0373117163984445,-0.0002256241058573,0.0619449484455936,0.0832479017314152,0.0767981552725448,0.0983889445257009,0.23196438038453,1,0.00349502906786704,0.120548891263967,0.105034422514922,0.0868704143251199,0.112964481919349,-0.0234565921772359,0.138303794516515,-0.0349148231779482,-0.0821656440439426,-0.169604247827839,0.0329863589017123,-0.154154840181409,0.0780029749050461,0.0351078107037643,-0.132130524830366,-0.148147677262782,-0.0136252221665072,-0.144254073291051,0.0416576251571333,-0.0513424317072344,-0.139478393321365,0.0191748939481837,0.180557445828525,0.0521691469491846,0.141303295535408,-0.0167725952303334,0.0703071659731106,0.0279318870523108,-0.0897019258324026,-0.113109364373927
"29",0.15755024192666,-0.0349165716367553,-0.0502582063472638,0.172187805245946,-0.0577835321833393,-0.0298916259351647,0.009721039368202,-0.128529996199802,-0.0709526287841686,0.12097187782924,-0.0695801692685013,0.219200933682872,0.138295124321449,0.105959402558957,0.0373569357384352,0.0485569575628223,-0.18611807304869,-0.106162138489444,0.120758249613784,0.00692713527005361,-0.0444432286771939,0.134107263381292,-0.0110036394474394,-0.00663483887892253,0.017225393304668,-0.0646813179224949,0.157302420839688,0.00349502906786704,1,0.190059000490925,-0.010853290830883,0.0355282294475719,0.0722836939460228,0.137668331731237,-0.0460033549284422,0.0379697866741749,0.0807352957543421,-0.0189474246260049,-0.00552164169556691,4.33247034302617e-05,-0.0404219005754911,-0.0212871722706386,-0.01586125752328,-0.0776667238290553,0.0153023894748314,0.0390807923131141,-0.0683956243613778,0.0910016596817604,-0.0115607330636567,-0.0208015930964103,0.160937431575755,0.00725520576767045,-0.0518610700069255,0.132744328701043,-0.134462619170077,-0.0396613706436175,-0.0297771849607623,-0.033529027161129
"30",0.157079826875588,0.174050021605619,-0.152670821282054,0.122260371642937,0.112525876313214,-0.0666190661003992,0.0282279451675873,-0.243342272952476,-0.075073831897319,0.0928785386849271,0.10969009221351,0.172848500553391,0.0624706262209057,0.105784005323148,0.137407440540244,0.0745198018468318,-0.0935018987338664,-0.126337686427993,0.101133235778622,0.0815605509395315,-0.0750730797156193,0.174220149631291,0.127129182803071,0.0604907044530111,0.0645865428439057,-0.12103299570252,0.14704830965362,0.120548891263967,0.190059000490925,1,0.161496862751505,-0.0738455004536093,0.163556816186743,-0.0273685649260221,-0.147611583566953,-0.12413312941866,-0.0555783744703251,-0.0128514570860612,-0.0371191202767076,-0.0669122811003671,-0.124426197316966,-0.202442044194654,0.174265947679169,0.0487335425626602,0.118789625992808,-0.0844608897642103,-0.258209901965531,-0.124967680515948,0.0440487481977862,0.120373934491804,0.0349385791458778,-0.129788725458174,0.101202938519096,0.226656360150484,-0.107414837827105,-0.141538295934821,-0.0775261523290257,-0.0709677417392977
"31",-0.10112803519351,0.0539514508484714,-0.0949503904140733,-0.0200227035229019,-0.0170625377051202,0.0485420175981915,-0.182797161998138,-0.119846216530454,0.0174026669882899,0.0135577952706488,0.0395216746282582,0.0485276713631359,-0.178584309298453,-0.206763196896599,-0.224992831767536,0.039405754982934,0.0798472793918183,0.0836981792484184,0.0889333924151911,-0.0372454372855002,-0.0871348106972596,-0.00171650674062834,0.0506395160547229,0.0870178441572662,0.0395894617501213,-0.243390549200605,0.0112485405892713,0.105034422514922,-0.010853290830883,0.161496862751505,1,0.149947667129268,0.149884041070735,0.065961642341714,-0.140734975449136,-0.143966085590009,0.0174387981104817,-0.213183863794616,-0.0251077867691748,-0.0566360808499369,0.0237256490844327,-0.201394014781875,0.0987878872337224,0.1277202129204,-0.208000605441335,-0.0362552419488125,0.109395319309211,-0.0628892450072755,-0.0817862811683321,-0.0719121980724652,0.0499168273067727,0.199770741930707,0.0360673297826908,-0.262387740124565,-0.0133914439124021,0.0633420922448435,0.107589631042411,0.0422245507207109
"32",0.157188276062484,0.274430366344459,0.106800181867619,-0.032406447648256,0.136997526007395,0.19544593677801,0.0994780557231272,0.133111381929408,-0.0827631041799771,-0.0306263853738031,0.0447119614376091,0.236087249387528,0.066513041802292,0.0397434879311224,-0.0902162600692561,0.288042346986847,0.0446467975744414,0.344484187192524,0.0074225704790259,0.270076657654334,-0.0385110746978393,0.184466180021154,0.163136201734331,0.299484546040883,-0.0483429084958241,-0.0799817637662992,0.146055997025585,0.0868704143251199,0.0355282294475719,-0.0738455004536093,0.149947667129268,1,0.168492455968785,0.246686424584518,0.0834018557668023,0.210257008313733,0.361975556539045,0.1230072485439,0.170643821612717,0.117042474388063,0.333815477538764,-0.0416020954227101,-0.13708125942707,0.0330724112802069,0.0414481934127701,0.0360957452019374,0.143412798411475,-0.0141098731494392,0.0263855533461095,-0.0714917788644206,0.0335514380784034,0.19693522422354,-0.0851499454052266,-0.0422365359890376,0.106039138274728,0.0318882955032499,0.0817487217199898,0.143865529775291
"33",0.271950100555339,0.191321242283685,0.0525778890478909,0.0588455096056502,0.333710025523903,0.192710806894552,-0.131403771708726,-0.114915878626737,0.225033979291708,-0.00174414666777234,0.133790482070853,0.386889081099232,0.0569688755248766,0.207413490664045,0.0184222161941603,0.377040719125733,0.198994810745206,0.0733630884953555,0.0814612429403497,0.141457662815041,-0.00788639436146235,0.111328875951355,0.200194721939337,0.0996090165255233,-0.0874038543271467,0.0587523063704833,-0.00746210262373488,0.112964481919349,0.0722836939460228,0.163556816186743,0.149884041070735,0.168492455968785,1,0.509945796237383,0.00750534960213789,0.137054127333958,0.171963334645499,0.0573153929268501,0.450369493571261,0.404874739285517,0.204485183051323,0.314026374986056,-0.00072770169259453,-0.0690707813344327,-0.239086333868079,-0.266720096805015,0.0425075260484701,0.127526760693058,0.11792196031909,0.142475616849879,0.278097690101259,0.354924948616664,-0.134379948825426,0.187324980975482,-0.0474994221925231,0.0141568751460953,-0.00334653529211504,-0.118563604207846
"34",0.252229071095006,0.295382067070875,-0.00939420510591407,-0.0286103690034198,0.194489827149162,0.0966056903009111,-0.206045534544534,-0.121103934104342,0.348801729220443,0.201243484859486,0.0330451588832581,0.291222792291285,0.097150473376345,0.271983915376011,0.117849626472629,0.254662377715241,0.105306567931978,0.261469766230068,0.0325225474561065,0.17148080136983,0.0322814915592422,0.150740210013034,0.14320736072161,0.126583114565894,-0.0473158916341299,-0.063099256298559,0.0339419084756594,-0.0234565921772359,0.137668331731237,-0.0273685649260221,0.065961642341714,0.246686424584518,0.509945796237383,1,0.118646933228112,0.139176432310002,0.00414764468435405,0.0572308458923981,0.337758928616729,0.477442648779662,0.193889996221427,0.25287982264381,-0.155856703128123,0.0147579650302962,-0.201200055888333,-0.162916585135885,0.0909158411688775,0.193321344985889,0.00393495562776801,0.140103328977155,0.118057645981517,0.339488730126304,-0.137637284142788,0.0660047848798143,-0.11093730264928,0.111396614243637,-0.165365709988667,0.0613994699470586
"35",0.11795233629802,0.0380266830826491,0.0107581218806206,0.0610261314297754,-0.023809381152402,0.0508471351439805,0.157031404858564,0.129996328346441,0.0644011143694075,0.132551515422481,-0.0887624300959912,-0.0350393534784788,-0.102322503427206,0.0453261113926986,-0.125617363751515,0.100678125484808,-0.117622967485558,0.0268485115228463,-0.0610889320527637,0.0505746237335152,-0.0853112793270515,0.0161801901729525,0.0468152404183052,-0.0480726892612458,-0.0674697967768971,0.264589756884945,0.00063321566030913,0.138303794516515,-0.0460033549284422,-0.147611583566953,-0.140734975449136,0.0834018557668023,0.00750534960213789,0.118646933228112,1,0.257544302635199,0.108136726326391,0.0501222416820606,0.072380142388097,0.00765945031292233,0.13909650373016,0.0928467541732616,0.074995679034172,-0.0689093282826633,0.038143364104873,0.041375170911663,0.191325249908014,0.0456800998407159,0.00874343519884482,-0.163655075460192,-0.0456938257951673,-0.070009827477785,0.0228369556256026,0.0131838822157524,0.117512347731642,0.104186907077909,-0.0428558543232931,-0.0383423098808169
