"","l_Insular.Cortex","r_Insular.Cortex","l_Amygdal.Area","r_Amygdal.Area","l_Bed.Nucleus.of.the.Stria.Terminalis","r_Bed.Nucleus.of.the.Stria.Terminalis","l_Hippocampus","r_Hippocampus","l_Orbitofrontal.cortex","r_Orbitofrontal.cortex","l_Entorhinal.Cortex","r_Entorhinal.Cortex","l_Frontal.Association.Cortex","r_Frontal.Association.Cortex","l_Globus.Pallidus","r_Globus.Pallidus","l_Glomerular.Layer.of.the.Accessory.Olfactory.Bulb","r_Glomerular.Layer.of.the.Accessory.Olfactory.Bulb","l_Glomerular.Layer.of.the.Olfactory.Bulb","r_Glomerular.Layer.of.the.Olfactory.Bulb","l_Granule.Cell.Level.of.the.Cerebellum","r_Granule.Cell.Level.of.the.Cerebellum","l_Hypothalamic.Region","r_Hypothalamic.Region","l_Entorhinal.Cortex","r_Entorhinal.Cortex","l_Vermix.Molecular.Layer.of.the.Cerebellum","r_Vermix.Molecular.Layer.of.the.Cerebellum","l_Lateral.Molecular.Layer.of.the.Cerebellum","r_Lateral.Molecular.Layer.of.the.Cerebellum","l_Anterior.Olfactory.Bulb","r_Anterior.Olfactory.Bulb","l_Posterior.Olfactory.Bulb","r_Posterior.Olfactory.Bulb","l_Subiculum","r_Subiculum","l_Perirhinal.Area","r_Perirhinal.Area","l_PreLimbic.System","r_PreLimbic.System","l_Primary.Cingular.Cortex","r_Primary.Cingular.Cortex","l_Primary.Motor.Cortex","r_Primary.Motor.Cortex","l_Retrosplenial.Cortex","r_Retrosplenial.Cortex","l_Secondary.Cingular.Cortex","r_Secondary.Cingular.Cortex","l_Secondary.Motor.Cortex","r_Secondary.Motor.Cortex","l_Striatum","r_Striatum","l_Ventral.Tegmental.Area","r_Ventral.Tegmental.Area","l_Substantia.Nigra","r_Substantia.Nigra","l_Thalamus","r_Thalamus"
"1",1,0.36284427697688,0.138174155046261,0.0251855667149142,-0.00899132562571606,-0.0888773433547425,-0.0201719361415325,-0.115305299639681,0.189492440333166,0.20091507184743,0.264078118693532,0.235773688617211,0.113175303738705,0.0289939906230175,0.00403377203581735,-0.205109363805939,-0.275099967106959,-0.00292429563442289,-0.0238640009319887,0.0350979984809095,0.0615331014608407,0.00462148948571361,0.0292927835046683,-0.0735365012934675,0.104707948928638,0.100227260243487,-0.182319686829107,-0.132089452703393,0.237819559762521,0.0108051881163583,-0.0257806932794493,0.0231282897034581,0.331762027557862,0.281664934261435,-0.0575868292601261,-0.0136388715221232,-0.0409992550658223,-0.0208489355635551,0.26254926249689,0.242318982719806,0.12343223753842,0.0622055868072578,-0.053283634753347,0.0742608077148144,-0.0670728055338706,0.0417817355658196,0.0133242894373454,0.0376613553809095,0.0978002591207034,0.129178238740802,0.168518517529454,0.065811361378067,-0.131345630084673,-0.00596941012997711,-0.264328806695444,0.0368730173130387,-0.1466668689452,-0.108068339584404
"2",0.36284427697688,1,-0.0894341046158271,0.162621450293601,-0.0389193762388258,0.0236310856606085,0.0692777071358772,0.111370159663617,0.0345650246591923,0.209664373706993,0.314256893240681,0.316771768530544,-0.104906850523325,-0.176949473306625,0.0788430941782924,0.12364662115327,-0.286680219858153,0.209644920317609,0.0326311901618932,0.0320617524966234,-0.0431043241987473,-0.00412060748761992,-0.120346141144226,-0.090368321619983,0.0912432462155785,0.168807826352913,-0.260560041439166,-0.209190498618172,0.00434814998059836,-0.0552662710650068,-0.0268513325369132,0.126484926257153,0.299228342194472,0.255637849783887,-0.221452081950232,-0.0352389776825435,-0.0440112129487839,-0.00805261348968112,0.172701956873149,0.317511336679169,0.100798636809806,0.0838726320670798,-0.0700414159754673,0.132987905595886,-0.0396798673772425,0.19226415495332,0.180086002337615,0.155607138780081,-0.168518364604673,0.121218136487102,0.251628627723235,0.217441745033583,-0.2232573725558,-0.186078835883307,-0.12899228771691,0.15706481290685,0.0545267758319908,0.083185784749349
"3",0.138174155046261,-0.0894341046158271,1,-0.180160660013336,0.010927084082179,-0.18348167697213,-0.00551994165114139,-0.199303877350034,0.0207405628896612,-0.141989874317623,0.156526523019084,-0.138451796821921,0.0361820794521842,-0.0016462474211147,-0.109203602592918,-0.0641980406432742,-0.11643850123314,-0.00869160266485886,-0.0572681877558922,0.0180107424154783,-0.00362872627201772,0.179853653864669,0.213261932121069,0.2131481482651,0.203849634026678,-0.0884354064401086,-0.0965367368853804,-0.0586323377726631,0.0259855845751822,0.0579234742160539,-0.0951004802890772,0.0723184042237061,0.094090659968649,0.0986988052133603,-0.0395017242655806,-0.0736809178353777,-0.0912254147099314,-0.123535272229104,0.0100849286547238,-0.00418097973439514,0.00087651889735934,0.0519036760842682,-0.12036306091145,-0.121112049939266,0.13981952393483,-0.0402395167140054,-0.0881675336598246,-0.0850250418660564,-0.0224187184915092,0.0676762979417331,0.0343943409289162,0.0877491762372718,0.0371213529070513,0.0430637356034001,-0.0126135183660025,0.0289465163532172,-0.0446799047530075,-0.131898905384025
"4",0.0251855667149142,0.162621450293601,-0.180160660013336,1,-0.0122586447976796,0.206188215404476,-0.00405295744057937,0.0666851056964054,-0.0366017855305473,0.308386229935911,-0.00495838410334889,0.160588579143872,-0.144037832935551,-0.0649459971874387,-0.0706835250660709,0.0545276201894042,0.0267008460559093,0.237483235903138,-0.0791165780964425,0.120979531052377,-0.0323854525185873,-0.205751666457634,0.00217063957789665,-0.0820458196795261,-0.127481816624795,0.237582422209205,0.0106420691245213,0.0343194047188,0.0556440826117357,-0.0625281762713672,-0.0311949641365785,0.135212525583282,0.0653831271832759,0.213962160352012,0.177325702197912,0.0133386636183309,0.0164612066360476,0.206074144718576,-0.0088464805573309,0.167201850593601,0.132968367618211,0.0681615833339346,0.123606773471369,0.0756166797710145,-0.0597647179564119,0.179492034926555,0.0902923511263054,0.180342820522493,0.0439247172345945,0.0309252482487216,-0.0167322243588404,0.00107710021300281,0.046448886598811,0.0859685855103575,0.183953858607167,0.114398519105133,0.0435097950010573,0.182487938245818
"5",-0.00899132562571606,-0.0389193762388258,0.010927084082179,-0.0122586447976796,1,0.0935123865462992,0.062143417873041,0.094683500432198,-0.141196237934593,-0.176537034129052,0.135145586986622,0.0966348032663986,0.0749328303450259,0.246477314532115,-0.0187293595378223,0.109554513815771,0.120531648465928,0.00917736022137621,0.0454080662309215,-0.183180315827705,-0.0740352278659871,-0.137997395621599,-0.0211476859386464,-0.0766293304921133,0.0507510032063063,-0.0166833491758373,0.065747718090317,0.118360150574349,0.109644936581513,0.110063696467843,-0.0446717512023053,-0.173999486724853,-0.0389157782423187,0.0346970315425992,0.00945631223153304,-0.104244132408087,0.102633322955404,0.139284519099275,-0.0593567191688153,0.0644315128033573,-0.0669037461141934,-0.0943172805052702,-0.0610045587713862,-0.100970433841064,-0.0800283025606535,-0.048415287243018,-0.0120226409480364,0.0115214188702789,-0.0584533012311629,0.115278088779608,0.156510823503766,0.0663017230275046,-0.0203106156569189,-0.0490166948494731,-0.0943863924347407,-0.00541353554223985,0.0206404326004941,-0.0428463994546913
"6",-0.0888773433547425,0.0236310856606085,-0.18348167697213,0.206188215404476,0.0935123865462992,1,0.0387432930386479,0.160153085150464,-0.163952409725324,-0.00791298311636637,-0.0345930257298848,-0.074243741247448,-0.235352519395416,-0.154069250284205,0.134375265637262,0.0241049030779187,0.010571059220727,0.0549488186634829,0.0660502995789397,0.143165111690423,0.0519232350706453,0.0997756715122374,0.0354660757137901,0.00816775491458634,0.126485878711501,0.247816617835337,0.136991282060534,-0.0404070511500675,0.0432707161553902,-0.0850693603653312,0.133887041272622,0.0823000670220204,0.122654616199864,0.12269035555003,0.212043133015026,0.0328937893095698,0.0990460461459898,0.29669280222089,0.211591582873626,0.241511423321532,0.168608203186323,0.102587543482794,-0.0620237203489169,-0.101741163072636,0.0702312389029176,0.128781665876305,0.141099409394301,0.0868557927153767,-0.0965153650370889,-0.121379546111787,0.0409720351668081,0.119971966540192,0.0156714509951585,0.144674816181927,0.199176885928598,-0.0407320098717629,0.108740911510878,0.0539261405474753
"7",-0.0201719361415325,0.0692777071358772,-0.00551994165114139,-0.00405295744057937,0.062143417873041,0.0387432930386479,1,0.199918481123022,0.0127459889157342,0.0271617460842092,0.0024077578310587,0.0416562768537471,-0.152459445637814,0.1478656857177,-0.146663039989027,0.123846790149317,0.0353179097493974,-0.0380611891311237,0.0433325109116429,0.147757309603093,0.0083622895117575,-0.187896649126811,0.0710804313625092,0.0369675593081306,0.0329463748038378,-0.0898932623063383,0.0414379185036147,0.0772941341723565,0.0534213818880135,-0.20548375812241,0.0201212544449835,0.131676521899145,-0.034787633886484,-0.105846070095796,0.226648839208354,0.0788975737361435,-0.00631275844598487,-0.153172962532183,0.197152895027,0.144270492018185,-0.00899731925700693,0.105349104835621,0.105492673209778,0.0686703165269755,0.132002867816021,0.217045684180047,0.166362163860443,0.181440348072887,-0.103251598487238,0.0698864418494783,0.0614265624134627,0.0585233869731319,0.0949788311599345,0.0185767538745847,-0.0165712089367946,-0.0960604303293011,0.174253262587586,0.141130840261875
"8",-0.115305299639681,0.111370159663617,-0.199303877350034,0.0666851056964054,0.094683500432198,0.160153085150464,0.199918481123022,1,-0.117458227925173,-0.00182811745529114,0.0979933436453534,0.102334362507168,-0.258462031488379,-0.0278151668561424,-0.13075435169462,0.231436500080447,0.0829047938226815,0.138810134615939,-0.0510739271538006,-0.00286988350956236,0.0508027175556399,0.0192258779180683,0.0315838670812975,0.00047906702254532,-0.0568572457401195,-0.00568592195317447,0.108664222734422,0.0291908190752642,0.103370936416337,-0.011951721347089,-0.103000380561312,-0.0711124437603087,-0.0792640935439238,0.0373834110812665,0.069720807534065,0.146113983102136,0.0877211418439796,0.207637572439115,0.177154487680402,0.17941295470481,0.139124349681827,0.0566849214314685,0.0819923212039227,0.175204661140789,0.237699897629827,0.186861990114439,0.218772136175335,0.0101099199766909,-0.0144611435841789,0.0908559899365966,0.125696571534416,0.313342722216629,-0.049967573645674,-0.125920939498854,0.016489263853188,-0.11655446351875,0.00616012759272113,0.129790302036004
"9",0.189492440333166,0.0345650246591923,0.0207405628896611,-0.0366017855305473,-0.141196237934593,-0.163952409725324,0.0127459889157342,-0.117458227925173,1,0.352604651177491,-0.0325813729159884,-0.0869376231324882,0.472189073504618,0.230301653925209,0.0738926073544742,-0.16479085529708,0.0945999102413936,0.00251049055387933,-0.118570752443321,0.0853608054339732,0.0609353078311029,0.00604171036406996,-0.0143865440782922,0.132548731488914,-0.264107653643168,-0.0483743356826681,0.041534700607493,-0.0133318149887863,0.0790616372928274,0.0391450449749967,-0.12088123765318,-0.0327295782102963,-0.158063614740173,-0.0514541853085151,-0.320785029420337,-0.0265173378045696,-0.184361639712587,-0.21745658674874,-0.230931692113112,-0.25173608878317,-0.383833005848221,-0.458711093708943,0.404914569839458,0.164104367108684,-0.137297819186821,-0.201519207033889,-0.32887060706374,-0.335214425218403,0.111583442967285,-0.249708972529917,-0.100904277664319,-0.151939076457267,0.0317980480483189,0.099436778280379,0.100003884181408,-0.0556252426347414,-0.276323045870587,-0.114814799176129
"10",0.20091507184743,0.209664373706993,-0.141989874317623,0.308386229935911,-0.176537034129053,-0.00791298311636637,0.0271617460842092,-0.00182811745529114,0.352604651177491,1,-0.0524929113434503,0.06599074604434,0.209624792500116,0.250108351537319,-0.030515313296504,-0.0765493387285972,0.0157142583301033,0.261784632763096,0.0493588008710122,0.209511685099768,0.089290600107244,-0.115347207382849,0.108319098836635,-0.0420588090388539,-0.16700665886309,-0.0660276793884553,0.0653093611445734,0.0186412088832785,0.0838553762119027,0.0487814616335503,-0.0168498012947571,0.219959947733186,-0.0560018854755893,0.106835932484201,0.0138339683312373,0.105591396812424,-0.0684329229905995,-0.104410307781995,0.01950758898696,0.06394577342756,0.0858049557210208,-0.157743637205018,0.241853834045521,0.270459698278877,0.002780191970142,-0.0428278775469349,-0.127846693062614,-0.12656989410865,0.0865505907964361,0.0853322065338793,-0.113521796592434,-0.230005396829322,-0.0274112377900722,0.0773564423573808,0.0448485937133725,0.0642205664487405,-0.15476479157454,-0.0524443734302252
"11",0.264078118693532,0.314256893240681,0.156526523019084,-0.00495838410334889,0.135145586986622,-0.0345930257298848,0.0024077578310587,0.0979933436453534,-0.0325813729159884,-0.0524929113434503,1,0.196433498015346,-0.0320204275637977,0.0571948936608757,0.0818587297883634,0.0258466926330739,-0.297003633787038,0.0552183038531536,-0.099984105642979,0.0074704912774611,-0.103159359680501,0.0712570751499604,-0.056966712408546,-0.141818559011089,0.24387659141637,0.00376151433571121,-0.294212287256688,-0.161186753313366,0.139008348102495,-0.0186290676514747,0.0180963961746273,-0.0872649046141338,0.281555583058939,0.182912252159919,0.0251580848461126,0.144288293623096,0.0411042572362433,0.0843363001657608,0.258323636276895,0.316564538470085,0.118802215219868,0.237114463740853,-0.0499217868007158,0.0403445586782639,0.102452155274229,0.122217799276785,0.237187398064846,0.150212415130535,0.0383308070398534,0.177842929581707,0.102399421214363,0.25709650975377,0.0203684129130401,-0.0892663973138135,-0.0689330753158977,0.110842283169022,-0.0931426375188833,-0.19481221171966
"12",0.235773688617211,0.316771768530544,-0.138451796821921,0.160588579143872,0.0966348032663986,-0.074243741247448,0.0416562768537471,0.102334362507168,-0.0869376231324882,0.06599074604434,0.196433498015346,1,-0.101366464757693,-0.0734992167433331,-0.090061186218288,0.118079928502809,-0.322697106160965,0.186792601795713,0.127297811826541,0.0564268129874405,-0.0983305170945175,-0.0271889122728398,-0.142237547044205,-0.040905692347571,0.0489436312425865,0.112617176026764,-0.259842246129558,-0.192203937384452,0.105012362490269,0.15276899431684,0.0890460407994517,0.0622995644515149,0.277151013548304,0.299678799020536,-0.0939513912252349,-0.0991867401359788,0.0167450444938644,0.0399579485274251,0.0405939999180091,0.215862514488049,0.0488400538365521,0.055462596748367,-0.0147181482536971,0.154932311279155,0.041588377881691,0.111235081482188,0.0570713284820242,0.0312651423138545,-0.0491655553293265,0.166869859607246,0.132644584418888,0.064366490799532,-0.249629978308903,-0.176130482282348,-0.0326870146693071,0.188279207121158,0.0946346223038179,0.0978646860618103
"13",0.113175303738705,-0.104906850523325,0.0361820794521842,-0.144037832935551,0.0749328303450259,-0.235352519395416,-0.152459445637814,-0.258462031488379,0.472189073504618,0.209624792500116,-0.0320204275637977,-0.101366464757693,1,0.44322508016558,0.0646974763908831,0.0246810115259897,0.198148971108645,0.0309463524190313,0.109507687653562,0.0708361580850544,0.13430059973021,-0.0136350826952601,0.070253638897277,0.0865800142913464,-0.270642405159432,0.0126292052151446,0.158474024398686,0.0230097507589444,-0.0837587711037801,0.109517254785258,0.205617280236854,-0.243735917027269,-0.155318251323669,-0.189662778505129,-0.277101689463379,-0.0125229608916541,0.049352652428277,-0.176332411568203,-0.318777353937052,-0.315030424537898,-0.153989261289136,-0.293623541577408,0.170519246177149,0.0448782004662115,-0.0262337883318828,-0.187010164188222,-0.242714038339137,-0.188078642164993,0.344960415558385,-0.0069849042940385,0.0126901072870825,-0.0649786370768672,0.0705053960420161,0.028326926725521,0.0460313830270533,-0.0917917219885695,-0.130845129102151,-0.102188264381578
"14",0.0289939906230175,-0.176949473306625,-0.0016462474211147,-0.0649459971874387,0.246477314532115,-0.154069250284205,0.1478656857177,-0.0278151668561424,0.230301653925209,0.250108351537318,0.0571948936608757,-0.073499216743333,0.44322508016558,1,0.0427302958341494,0.0404756634845724,0.259226194304028,-0.0402402664599225,0.00766399946828126,0.204207601086138,-0.0172498093213063,-0.0805841444574706,0.0725626747067902,0.0984196662731681,-0.135576470599016,-0.166344849208227,0.205229655693234,0.169185508363062,-0.0416804468492662,-0.0692876025864569,0.0416303326424224,-0.0530548149612395,-0.218519416016016,-0.192551035069628,-0.00586581034010764,0.057685386271107,-0.0475432156044641,-0.25869872749865,-0.16450767625042,-0.168588617160278,-0.0669996900347142,-0.20975644059685,0.193800397952881,0.063303197909362,0.0819259330986893,-0.129739586361699,-0.00909283600061554,-0.129509386727514,0.229102314535673,0.144381240922743,0.19722751006582,0.0058104240805665,0.243797731115087,0.127548137762854,-0.0435038612489711,-0.0838605513863557,-0.124906301586538,-0.238533002411023
"15",0.00403377203581735,0.0788430941782924,-0.109203602592918,-0.0706835250660709,-0.0187293595378223,0.134375265637262,-0.146663039989027,-0.13075435169462,0.0738926073544742,-0.030515313296504,0.0818587297883634,-0.090061186218288,0.0646974763908831,0.0427302958341494,1,-0.0511610968484987,0.015254147292715,0.114640187066555,0.0573657516241982,-0.0989938504521513,0.096827237046505,0.0552816545819428,0.0788575745969359,-0.04942156235751,-0.0161242585370467,-0.0413072132340346,0.0505204366123748,-0.201009514275811,0.0797628160396504,0.110789483063904,0.0574330112458494,0.0911163485333376,0.0124963769289326,0.164713584186829,0.0515102637164055,0.0168194515045746,0.05093580879707,0.174464039890251,-0.134208919768255,-0.00727583784108556,0.0402860931752074,-0.0676776366193288,0.0609253000583593,-0.0759795335378197,-0.0501332926874521,-0.107222641620918,-0.0369549013121755,-0.0869703045093115,0.176170865699524,-0.0804568744039662,0.115218374108826,0.047576684198985,-0.0231851024772824,-0.045691644238124,-0.0136420364029659,0.0103045537768323,-0.187790899064958,-0.179831953116994
"16",-0.205109363805939,0.12364662115327,-0.0641980406432742,0.0545276201894042,0.109554513815771,0.0241049030779187,0.123846790149317,0.231436500080447,-0.16479085529708,-0.0765493387285972,0.0258466926330739,0.118079928502809,0.0246810115259897,0.0404756634845724,-0.0511610968484987,1,0.0604336263337187,0.0702707207420476,0.0667507593246724,-0.0359524864959534,-0.11409629796076,-0.0793820776472977,0.103934333788707,0.0596058749172192,-0.149649056148765,0.00716074050810209,-0.0406759907315986,-0.030338536119929,-0.198860707143565,-0.0624888792579902,-0.0199170592490449,-0.116354462706966,-0.0162812349655956,-0.0826919940495132,-0.0256722760582699,0.102413330785161,0.182610032073459,0.0500203121641702,0.023616893480737,0.214567497720636,0.0111968483626713,0.21573288447409,-0.149124789119967,0.0931738636241612,0.134120141906214,0.165784959446128,0.19920729584136,0.255530590292501,-0.163333374243995,0.181405149853095,0.246039799620717,0.264573315050731,-0.0112349876596732,-0.105554667193485,-0.0527627572493455,0.122378338050969,0.264325098341635,0.132024767488147
"17",-0.275099967106959,-0.286680219858153,-0.11643850123314,0.0267008460559093,0.120531648465928,0.010571059220727,0.0353179097493974,0.0829047938226815,0.0945999102413936,0.0157142583301033,-0.297003633787038,-0.322697106160965,0.198148971108645,0.259226194304028,0.015254147292715,0.0604336263337188,1,0.188177155508469,-0.148616174210943,0.0390992724110902,0.143512606580666,-0.246569122316987,0.0873319317953308,0.0490778100538012,-0.313591975211243,-0.0848173749774825,0.245876880707065,0.0759500970121151,-0.0729896291360677,0.0654038920775002,-0.106070244732376,-0.0896642552506123,-0.299598597476279,-0.270963080792508,0.0716532250936995,0.287055232147866,0.129404827082356,0.0690987959070348,-0.102367803953494,-0.224321155411007,0.190567348320628,-0.0400929472014168,0.25130756188844,-0.178399442356132,0.0644486091897573,-0.0964756908223597,0.0164166935625633,-0.0676779961164618,0.378280771680635,-0.0761653315841022,0.0886460780421744,0.0916100860106069,0.350090493257852,0.253910490305671,0.0530305544101502,-0.156287672080432,-0.0255845019795965,-0.0226472338609738
"18",-0.00292429563442289,0.209644920317609,-0.00869160266485886,0.237483235903138,0.00917736022137621,0.0549488186634829,-0.0380611891311237,0.138810134615939,0.00251049055387933,0.261784632763096,0.0552183038531536,0.186792601795713,0.0309463524190313,-0.0402402664599225,0.114640187066555,0.0702707207420476,0.188177155508469,1,-0.204082764916502,0.138970143328936,0.0614003925642101,-0.163813020872133,0.0595919892654779,0.164633137637335,-0.0886150061089784,0.145099947250254,-0.0658660999603199,-0.225666688535107,0.225814683638521,0.245307274039395,-0.113190910812101,0.102373847774574,0.140971430501993,0.172538762706313,0.094289740597942,0.146957383719536,0.283749751354532,0.208594018889655,0.108507515716847,0.21292118784583,0.171995461136162,0.0450960358863227,0.0602501380999108,0.0969647941048253,0.0299387879716688,0.0320425010975502,0.0944287837261678,-0.0560087920792247,0.204229051834887,0.283653524782061,-0.04200215096756,0.0407897163622931,-0.0569295339923289,0.01475457671795,0.20604005307824,-0.0607339193212436,-0.13791378521449,-0.057411623701752
"19",-0.0238640009319887,0.0326311901618932,-0.0572681877558922,-0.0791165780964425,0.0454080662309215,0.0660502995789397,0.0433325109116429,-0.0510739271538006,-0.118570752443321,0.0493588008710122,-0.099984105642979,0.127297811826541,0.109507687653562,0.00766399946828126,0.0573657516241982,0.0667507593246724,-0.148616174210943,-0.204082764916502,1,0.130551464258925,-0.00697064365301214,0.0388187970198968,-0.0114697610456528,0.0220268215630821,-0.0371624873170508,0.0671789394129396,0.1078531615644,-0.0659275065481716,-0.0477549494233291,-0.0992414781398434,0.541078054665719,0.195880171844886,0.0617319901718752,0.0377301121405165,-0.066663355761307,-0.0066439536366373,-0.023547764442175,0.0653846045565681,-0.0149702882564535,-0.00244990308087081,0.126705528483931,-0.00277116094805567,-0.0948049881737653,0.00062309402168467,-0.0357326500239198,-0.0314090436671553,0.0863237227861419,0.133718078976944,0.0207151134845719,-0.0806179617842555,-0.0151693086287305,-0.045074353210735,0.0111678363225748,-0.0475790984433814,-0.0712273776813304,-0.0155776099312981,0.207760158032143,0.0653741559690499
"20",0.0350979984809095,0.0320617524966234,0.0180107424154783,0.120979531052377,-0.183180315827705,0.143165111690423,0.147757309603093,-0.00286988350956236,0.0853608054339732,0.209511685099768,0.0074704912774611,0.0564268129874405,0.0708361580850544,0.204207601086138,-0.0989938504521513,-0.0359524864959534,0.0390992724110902,0.138970143328936,0.130551464258925,1,-0.0683616861252846,0.0346189397218578,-0.113115603853818,0.0627943956707333,-0.0990366384774343,0.252757732000536,0.197416854259368,-0.234531419004953,0.0274362998410355,0.0463466733103873,0.314620848059728,0.582911230194528,0.243455326349052,0.0850220558493685,0.144446333578733,0.101274678764137,0.0420439238311936,-0.0490260339051416,0.187500458369828,0.166714536085121,0.100573502405697,0.0591981624464621,0.118873639648173,0.215659478115213,0.229427988641001,0.200436549384188,0.183701532645228,0.103608629382864,0.0621693712566645,0.214990120198458,0.101613086610699,-0.0412317628124727,0.342727891250464,0.311386977105594,0.123096074077577,-0.0259030049143808,0.0413099202338301,-0.0626289898747502
"21",0.0615331014608407,-0.0431043241987473,-0.00362872627201772,-0.0323854525185873,-0.0740352278659871,0.0519232350706453,0.0083622895117575,0.0508027175556399,0.0609353078311029,0.089290600107244,-0.103159359680501,-0.0983305170945175,0.13430059973021,-0.0172498093213063,0.096827237046505,-0.11409629796076,0.143512606580666,0.0614003925642101,-0.00697064365301214,-0.0683616861252846,1,-0.0508811137717237,0.21880895741301,0.091227424509473,0.0661524605405311,-0.0484857495673799,0.125202651165586,-0.0390567766271681,0.130679019543786,-0.083001390248655,0.119733712129418,-0.0731450208607859,-0.0740225569709365,0.120237984646014,-0.0661286540482603,-0.0600396479932173,0.105403297743572,-0.00848592791457868,0.0246457624792402,-0.0330525518761338,0.0842124319600239,-0.129103320838102,0.101449631866682,-0.102739575691306,-0.0554334028148639,-0.163019669001477,0.00620068402934035,-0.0841331784912599,0.281012621528886,-0.0810524811519454,-0.0987238684455571,-0.196939951825646,0.0142978910940473,-0.0150927806991415,-0.0613395661548388,-0.112956807061549,-0.194353186375771,-0.122172872197226
"22",0.00462148948571361,-0.00412060748761992,0.179853653864669,-0.205751666457634,-0.137997395621599,0.0997756715122374,-0.187896649126811,0.0192258779180683,0.00604171036406996,-0.115347207382849,0.0712570751499604,-0.0271889122728398,-0.0136350826952601,-0.0805841444574706,0.0552816545819428,-0.0793820776472977,-0.246569122316987,-0.163813020872133,0.0388187970198968,0.0346189397218578,-0.0508811137717237,1,0.0845671669310253,0.27149482348382,0.0549439462480363,0.0278517274361428,0.0296305366905022,0.0601899597052487,-0.0231401105025075,0.281075702586187,0.0316018769478391,0.0714075987521839,0.0421468697468485,0.00209312692214617,-0.0956471596930606,-0.265802887565441,-0.0828706920290036,0.0418352376417196,-0.0541189402021694,-0.0956835061907479,0.00993455457803856,-0.027563479338594,0.0005368487555195,0.0660938207339216,0.222706601038622,-0.0450790144309632,-0.0683288769892255,-0.128174281844826,-0.0357204227865602,-0.0055721332925335,0.0470159502695022,0.0275234055455841,-0.07302776267995,-0.139513758057958,-0.0320127131745608,0.0714120049379533,-0.135700819383781,-0.14278580777034
"23",0.0292927835046683,-0.120346141144226,0.213261932121069,0.00217063957789665,-0.0211476859386464,0.0354660757137901,0.0710804313625092,0.0315838670812975,-0.0143865440782922,0.108319098836635,-0.056966712408546,-0.142237547044205,0.0702536388972771,0.0725626747067902,0.0788575745969358,0.103934333788707,0.0873319317953308,0.0595919892654779,-0.0114697610456528,-0.113115603853818,0.21880895741301,0.0845671669310253,1,0.417936894482076,-0.0527216401745223,-0.150854470893081,0.141977106869112,0.0720586230968241,0.0774529602179994,0.0831757853921535,-0.0759532009392321,-0.00861581331872535,0.0857017610978427,0.0406678290704729,0.253084557986475,0.0527764445161137,0.127648119248498,0.0811766142554645,0.0778669338011179,0.0947824055657374,0.247098085545124,0.0853602438710924,-0.0423304820437327,-0.1287756151215,0.268853951932585,0.133348698200421,0.118475909125305,0.171601641257532,0.15953262333091,0.0190393223384748,0.0573192485176446,0.0566346709668005,0.0482644424418429,-0.0511129500711417,0.054586862338855,-0.0244555705122547,0.0387915147382212,0.101064123793162
"24",-0.0735365012934675,-0.090368321619983,0.2131481482651,-0.0820458196795261,-0.0766293304921133,0.00816775491458634,0.0369675593081306,0.00047906702254532,0.132548731488914,-0.0420588090388539,-0.141818559011089,-0.040905692347571,0.0865800142913464,0.0984196662731681,-0.04942156235751,0.0596058749172192,0.0490778100538012,0.164633137637335,0.0220268215630821,0.0627943956707333,0.0912274245094731,0.27149482348382,0.417936894482076,1,-0.0183226661151778,-0.0927859036299371,0.0965664204688922,0.0437853695258078,-0.0328131411785211,0.144929670266228,-0.0833847867104918,-0.00614807914682642,-0.0463174792845593,0.0341714861151611,-0.031811874176742,-0.131394424551172,0.00500594130482349,0.075288594903389,-0.0633534222578677,-0.123542536453296,0.0190641342619844,-0.152334145613946,0.0271767565460241,-0.162788178068097,0.0973729710740073,0.0373506620049485,0.0648392298470345,0.00823663945426277,0.0818855902938489,-0.096336898310379,0.128295966333101,0.114522938628414,0.220280936254851,0.0823609888597113,0.230641007722144,0.144368828689743,0.0379882504962772,0.202699017170563
"25",0.104707948928638,0.0912432462155785,0.203849634026678,-0.127481816624795,0.0507510032063063,0.126485878711501,0.0329463748038378,-0.0568572457401195,-0.264107653643168,-0.16700665886309,0.24387659141637,0.0489436312425865,-0.270642405159432,-0.135576470599016,-0.0161242585370467,-0.149649056148765,-0.313591975211243,-0.0886150061089784,-0.0371624873170508,-0.0990366384774343,0.0661524605405311,0.0549439462480363,-0.0527216401745223,-0.0183226661151778,1,0.137891454324881,-0.26162609103591,0.0939616458398054,0.0634693322483306,-0.0313890483663548,0.0517757929322994,0.0569749729070169,0.0718025776999249,0.237152960769734,0.0399411558898552,-0.0796443645415016,0.0253369291795652,0.0811443761184548,0.262265881963871,0.192222979493855,-0.0245327088652331,0.21205178404834,-0.288678572312405,-0.198801371081334,-0.0293761207150398,0.0217851318094141,0.0957772737631587,0.0579769246099273,-0.187092393173234,0.00752524588378419,0.0248449632383869,0.0836715126658012,-0.182707845349874,-0.193563458348025,-0.0188893169450218,0.207165396208006,-0.15635140806244,-0.0663206494354382
"26",0.100227260243487,0.168807826352913,-0.0884354064401086,0.237582422209205,-0.0166833491758373,0.247816617835337,-0.0898932623063382,-0.00568592195317447,-0.0483743356826681,-0.0660276793884553,0.00376151433571121,0.112617176026764,0.0126292052151446,-0.166344849208227,-0.0413072132340346,0.00716074050810209,-0.0848173749774826,0.145099947250254,0.0671789394129396,0.252757732000536,-0.0484857495673799,0.0278517274361428,-0.150854470893081,-0.0927859036299372,0.137891454324881,1,-0.0537470433144374,-0.10790105723015,0.0926676413058491,0.134325121681315,0.243209924403627,0.192732796992505,0.173779166996995,0.127793365213305,0.0168454892367425,-0.040241775534016,0.0481687211016965,0.225950478505293,0.175995747765575,0.144487960445596,-0.0127564269435482,0.0636163813943039,-0.101005093636721,-0.0879538544032904,-0.139780944831345,0.00300224274171593,0.0651519424085363,0.082479457604269,-0.127307440558538,0.0991174989813418,-0.0946301633505142,-0.0183666146256803,-0.0181256807515061,0.0876142925871869,0.29444851781686,0.105553695364717,-0.0315847765915623,0.0708791383565894
"27",-0.182319686829107,-0.260560041439166,-0.0965367368853804,0.0106420691245213,0.065747718090317,0.136991282060534,0.0414379185036147,0.108664222734422,0.041534700607493,0.0653093611445734,-0.294212287256688,-0.259842246129558,0.158474024398686,0.205229655693234,0.0505204366123748,-0.0406759907315986,0.245876880707065,-0.0658660999603199,0.1078531615644,0.197416854259368,0.125202651165586,0.0296305366905022,0.141977106869112,0.0965664204688922,-0.26162609103591,-0.0537470433144374,1,0.168636837529429,-0.0781239739921854,0.033364115482071,0.141576521872495,0.0262673642832474,-0.309031852880346,-0.203696634433045,0.0945296071128675,-0.0772419006428205,-0.030457722451573,0.0158647682098862,-0.169421786621316,-0.156826368821819,-0.0197863622123187,-0.179367602701817,0.074098144320292,-0.061007788682669,0.123616768727114,0.00686213904119623,-0.0549400321325202,-0.102536879535545,0.055687435894976,-0.078416952746364,-0.146074043439254,-0.136294422280087,0.209786955501311,0.201391615573757,0.0912735748193825,-0.0455956071141279,-0.0811655728585564,-0.126103227796346
"28",-0.132089452703393,-0.209190498618173,-0.058632337772663,0.0343194047188,0.118360150574349,-0.0404070511500674,0.0772941341723565,0.0291908190752642,-0.0133318149887863,0.0186412088832785,-0.161186753313366,-0.192203937384452,0.0230097507589444,0.169185508363062,-0.201009514275811,-0.030338536119929,0.0759500970121151,-0.225666688535107,-0.0659275065481715,-0.234531419004953,-0.0390567766271681,0.0601899597052487,0.0720586230968241,0.0437853695258078,0.0939616458398054,-0.10790105723015,0.168636837529429,1,-0.0933607851314026,0.0235765288374482,-0.0724585376747592,-0.0881560986908699,-0.338382939863095,-0.143458269933245,0.0668667499901202,-0.0745743214308042,-0.0562832059180391,0.0552287694696602,-0.121011017978424,-0.202924287623433,-0.22724723795753,-0.0632456968490336,0.103633857344595,-0.0387957567997834,-0.089461155390206,-0.0977548090800225,-0.14608372992927,-0.107050284242193,0.00777109071672747,-0.050198890052117,-0.135953379781994,-0.126773113837517,0.0295879528139963,0.00945086708908903,0.112552931530193,-0.105292300738961,0.0125114514559668,0.0594689832228138
"29",0.237819559762521,0.00434814998059836,0.0259855845751822,0.0556440826117357,0.109644936581513,0.0432707161553902,0.0534213818880135,0.103370936416337,0.0790616372928274,0.0838553762119027,0.139008348102495,0.105012362490269,-0.08375877110378,-0.0416804468492662,0.0797628160396504,-0.198860707143565,-0.0729896291360677,0.225814683638521,-0.0477549494233291,0.0274362998410355,0.130679019543786,-0.0231401105025075,0.0774529602179994,-0.0328131411785211,0.0634693322483306,0.0926676413058491,-0.0781239739921854,-0.0933607851314026,1,0.193889946808881,-0.0362619619524144,0.0938521329669591,0.192361490144524,0.0810640518572626,0.072163474122743,-0.0904169366159406,0.143328169666314,0.100858475197655,0.0737805298851615,0.0521215853802637,0.0769283172729348,0.0591575308732196,0.215149688884965,0.140313229590584,0.157807066511773,0.0899933146783789,0.00944346082005809,-0.0904635917309104,0.121678072216542,0.216211005071758,0.0194221776727644,-0.0536889932213377,0.0377118921114945,0.0412956864669548,0.0768100956167673,-0.0235290448853126,-0.198992557257655,-0.119364077246469
"30",0.0108051881163583,-0.0552662710650068,0.0579234742160539,-0.0625281762713672,0.110063696467843,-0.0850693603653313,-0.20548375812241,-0.011951721347089,0.0391450449749967,0.0487814616335503,-0.0186290676514747,0.15276899431684,0.109517254785258,-0.0692876025864569,0.110789483063904,-0.0624888792579902,0.0654038920775002,0.245307274039395,-0.0992414781398434,0.0463466733103873,-0.083001390248655,0.281075702586187,0.0831757853921535,0.144929670266228,-0.0313890483663548,0.134325121681315,0.033364115482071,0.0235765288374482,0.193889946808881,1,-0.0603841310482851,0.0760139713569344,-0.0579578390867763,0.0891978882930497,0.0188049317975181,-0.0614574657775529,0.100947413450458,0.198385683969406,-0.0298819462841035,-0.140005855492997,-0.0620530180800646,-0.186060620384751,0.141306854025568,0.0352231719185784,0.00828278087000745,-0.115869684726762,-0.185265560568904,-0.187148446856927,0.158154061181157,0.081949187526032,-0.0697245225721027,-0.0852372422466198,-0.120069901489912,-0.17915443073306,0.0437176122774337,0.130225798407528,-0.152021094399066,0.0339140038500927
"31",-0.0257806932794493,-0.0268513325369132,-0.0951004802890772,-0.0311949641365785,-0.0446717512023053,0.133887041272622,0.0201212544449835,-0.103000380561312,-0.12088123765318,-0.0168498012947571,0.0180963961746273,0.0890460407994517,0.205617280236854,0.0416303326424224,0.0574330112458494,-0.0199170592490448,-0.106070244732376,-0.113190910812101,0.541078054665719,0.314620848059728,0.119733712129418,0.0316018769478391,-0.0759532009392321,-0.0833847867104918,0.0517757929322994,0.243209924403627,0.141576521872495,-0.0724585376747592,-0.0362619619524144,-0.0603841310482851,1,0.201536619110008,0.125697708652565,0.0505711882510575,-0.0127164562975033,-0.0051758353899627,0.237820501170832,0.141155326571567,0.0339958220845034,0.0740516885351374,-0.0681892524554419,-0.0159419497327611,-0.171159714448278,-0.0481708723087782,-0.0584293923166223,-0.0415909060590562,0.0564239643892798,0.0722782950781865,-0.0473017726624858,-0.165560100016065,-0.0395446232061969,-0.119962719421382,0.0819529878703201,0.0750641078309263,0.148538510811721,-0.0509157721804274,0.0572611855447335,-0.0842106431776192
"32",0.0231282897034581,0.126484926257153,0.0723184042237061,0.135212525583282,-0.173999486724853,0.0823000670220204,0.131676521899145,-0.0711124437603087,-0.0327295782102963,0.219959947733186,-0.0872649046141338,0.0622995644515149,-0.243735917027269,-0.0530548149612395,0.0911163485333376,-0.116354462706966,-0.0896642552506123,0.102373847774574,0.195880171844886,0.582911230194528,-0.0731450208607859,0.0714075987521839,-0.00861581331872535,-0.00614807914682642,0.0569749729070169,0.192732796992505,0.0262673642832474,-0.0881560986908699,0.0938521329669591,0.0760139713569344,0.201536619110008,1,0.220673259506108,0.235230661936412,0.262190447602708,0.0160282682680051,-0.0633162259858775,0.0471141593668846,0.223568419169228,0.151765942647235,0.0974411952073069,0.0421378124378654,-0.0284183114697983,0.122633083509281,0.168787373745559,0.0991548082809666,0.129368201245448,0.12073803527028,-0.00381946644643418,0.0506572257077215,0.0728864471715349,-0.0545416563150302,0.133996692298163,0.280756371237572,0.0408336825190449,0.00293302159881977,0.0594998278057473,0.0801164458093184
"33",0.331762027557862,0.299228342194472,0.094090659968649,0.0653831271832759,-0.0389157782423187,0.122654616199864,-0.034787633886484,-0.0792640935439238,-0.158063614740173,-0.0560018854755893,0.281555583058939,0.277151013548304,-0.155318251323669,-0.218519416016016,0.0124963769289326,-0.0162812349655956,-0.299598597476279,0.140971430501993,0.0617319901718752,0.243455326349052,-0.0740225569709365,0.0421468697468485,0.0857017610978427,-0.0463174792845593,0.0718025776999249,0.173779166996995,-0.309031852880346,-0.338382939863095,0.192361490144524,-0.0579578390867763,0.125697708652565,0.220673259506108,1,0.296586907089799,0.062349447781349,0.121444578807142,0.18742296442185,0.131334142757299,0.410369250761161,0.507377075975406,0.277151157483743,0.285649169355745,-0.243947589952659,0.0787854276235756,0.0937290897959475,0.244206858037916,0.278369011460536,0.264826344881674,0.016549969802815,0.288888771233848,0.148337540797258,0.103238305446503,-0.0961248378432194,0.0359732392940825,-0.124014697062322,0.0642798787584934,-0.0120327959530292,-0.0504803498998245
"34",0.281664934261435,0.255637849783887,0.0986988052133603,0.213962160352012,0.0346970315425992,0.12269035555003,-0.105846070095796,0.0373834110812665,-0.0514541853085151,0.106835932484201,0.182912252159919,0.299678799020536,-0.189662778505129,-0.192551035069628,0.164713584186829,-0.0826919940495132,-0.270963080792508,0.172538762706313,0.0377301121405165,0.0850220558493685,0.120237984646014,0.00209312692214617,0.0406678290704729,0.0341714861151611,0.237152960769734,0.127793365213305,-0.203696634433045,-0.143458269933245,0.0810640518572626,0.0891978882930497,0.0505711882510575,0.235230661936412,0.296586907089799,1,0.158439746084993,0.00074519197874277,0.0614371740472163,0.380569479093612,0.245105190377872,0.325292096491446,0.156500056061079,0.0617123354991459,-0.0471065005610138,-0.0255162838056298,0.0192978259348343,-0.0245060991443164,0.0057076847760175,0.0420020959236432,0.0653873485974919,0.0503249719944227,-0.00629451403232259,-0.101674688627483,-0.165671968047793,-0.0896624413314879,-0.0502215936829558,0.0919762027380096,-0.136250105225227,-0.0796989735609063
"35",-0.0575868292601261,-0.221452081950232,-0.0395017242655806,0.177325702197913,0.00945631223153304,0.212043133015026,0.226648839208354,0.069720807534065,-0.320785029420337,0.0138339683312373,0.0251580848461126,-0.0939513912252349,-0.277101689463379,-0.00586581034010764,0.0515102637164055,-0.0256722760582699,0.0716532250936995,0.094289740597942,-0.066663355761307,0.144446333578733,-0.0661286540482603,-0.0956471596930606,0.253084557986475,-0.031811874176742,0.0399411558898552,0.0168454892367425,0.0945296071128675,0.0668667499901202,0.072163474122743,0.0188049317975181,-0.0127164562975033,0.262190447602708,0.062349447781349,0.158439746084994,1,0.339822382697829,0.263497806067337,0.218389017567895,0.217878742000069,0.272860818233034,0.257494355531562,0.308980609844055,-0.116069635341196,-0.138668192249708,0.193454813111434,0.162712895722202,0.240444004772451,0.289287655213524,0.00341528138428488,0.138892801920292,0.038168417703775,0.0366741008192178,0.0788136989800135,0.0449730598265775,0.0577399570254043,-0.101549286389931,0.084526335675739,0.0515832807864318
