"","l_Insular.Cortex","r_Insular.Cortex","l_Amygdal.Area","r_Amygdal.Area","l_Bed.Nucleus.of.the.Stria.Terminalis","r_Bed.Nucleus.of.the.Stria.Terminalis","l_Hippocampus","r_Hippocampus","l_Orbitofrontal.cortex","r_Orbitofrontal.cortex","l_Entorhinal.Cortex","r_Entorhinal.Cortex","l_Frontal.Association.Cortex","r_Frontal.Association.Cortex","l_Globus.Pallidus","r_Globus.Pallidus","l_Glomerular.Layer.of.the.Accessory.Olfactory.Bulb","r_Glomerular.Layer.of.the.Accessory.Olfactory.Bulb","l_Glomerular.Layer.of.the.Olfactory.Bulb","r_Glomerular.Layer.of.the.Olfactory.Bulb","l_Granule.Cell.Level.of.the.Cerebellum","r_Granule.Cell.Level.of.the.Cerebellum","l_Hypothalamic.Region","r_Hypothalamic.Region","l_Entorhinal.Cortex","r_Entorhinal.Cortex","l_Vermix.Molecular.Layer.of.the.Cerebellum","r_Vermix.Molecular.Layer.of.the.Cerebellum","l_Lateral.Molecular.Layer.of.the.Cerebellum","r_Lateral.Molecular.Layer.of.the.Cerebellum","l_Anterior.Olfactory.Bulb","r_Anterior.Olfactory.Bulb","l_Posterior.Olfactory.Bulb","r_Posterior.Olfactory.Bulb","l_Subiculum","r_Subiculum","l_Perirhinal.Area","r_Perirhinal.Area","l_PreLimbic.System","r_PreLimbic.System","l_Primary.Cingular.Cortex","r_Primary.Cingular.Cortex","l_Primary.Motor.Cortex","r_Primary.Motor.Cortex","l_Retrosplenial.Cortex","r_Retrosplenial.Cortex","l_Secondary.Cingular.Cortex","r_Secondary.Cingular.Cortex","l_Secondary.Motor.Cortex","r_Secondary.Motor.Cortex","l_Striatum","r_Striatum","l_Ventral.Tegmental.Area","r_Ventral.Tegmental.Area","l_Substantia.Nigra","r_Substantia.Nigra","l_Thalamus","r_Thalamus"
"1",1,0.37442576722428,0.00319959274979367,0.114335596264197,0.108918868044189,0.0812877265021687,-0.128305841127563,-0.108763324037158,0.356894819742956,0.329181292345231,0.334156624641677,0.0588890262836067,0.0331728191154791,-0.00981350599742106,0.0553249341905847,0.318223012844528,0.0625168240245114,-0.196081132473712,-0.149824191490559,-0.138477582593326,0.0493297722346594,0.0990270335989986,0.0519650193920423,0.0778102569696308,-0.252112332768619,0.0624277310131905,0.220664535059337,0.280538765071278,0.0573056650512,0.131682388035968,0.0867521669874477,-0.17985130930888,0.346470380079471,0.0678488738335338,0.0211449678227211,0.00802242422095097,-0.0546340063268767,-0.154178409121054,0.239168943155683,0.168532486786729,0.146466777926658,-0.0950282601212234,0.00974519570168623,-0.0750400213153872,0.0608381967404154,0.175696739760742,-0.142095647106482,-0.0472319630490989,-0.0353482755979429,-0.18869349789284,0.370844577415582,0.255606760772169,0.125949961504291,0.11172666693433,0.0751988810973971,0.0518143939223617,-0.0701164668315776,-0.147537519246791
"2",0.37442576722428,1,-0.0383510632993699,-0.0404074556628092,0.201174843947909,-0.174502160285541,-0.046290075985997,0.179535585295627,0.180201269912686,0.309281215652883,0.165734589555287,-0.0321505275520467,-0.109033915261086,-0.146793063831017,0.00449007773686053,-0.0461160206158513,0.175483532038328,-0.110359269680378,-0.0606203409394771,-0.0917923055618206,-0.159489950226438,0.188162243188012,-0.0116220438410611,0.0142180635867659,-0.16001910559491,0.138697128835305,0.181389259900253,0.200369461807354,-0.00136947906098003,0.0203638163345966,0.15236398116216,-0.0440540808239466,0.257872827068064,0.136817432441548,0.135107492474183,-0.0616917212209857,-0.117297744015388,0.0270066043022402,0.152748127325198,0.236396158315032,0.253379297457472,0.145547660513454,-0.0485000347973128,-0.0376246860344701,0.0618801234258015,0.111002183314452,0.0500253944017331,0.0647267740395084,-0.0518709700962982,-0.162216990502565,0.11691778086129,0.0476624576069021,0.360685037391708,0.278250271742311,0.305439532089318,0.0576006033736788,0.1762299759225,-0.0278354986077167
"3",0.00319959274979366,-0.0383510632993699,1,0.0153527841733522,0.145767254232905,0.00435129226206972,-0.00852974188165747,-0.0494549414857169,-0.130867937144705,0.0506423216018919,0.160191061618894,-0.091020004503517,0.0395273286345382,0.139377194763764,0.0100386443204455,0.0125212337336231,0.16199909954715,0.13900610460701,-0.0835779248323568,-0.167239099727899,0.00641999111899405,-0.0270309328212369,0.0178713916372455,-0.114598707027182,0.00026389391383318,-0.0185936052246781,-0.0248992800376627,0.233835037802403,0.114873727280653,-0.107784817069412,0.0606959474366128,0.0375972026578004,0.0719274513513859,0.0883068255058062,-0.240254745319603,-0.107237100030962,-0.228917674039053,-0.0820919673703228,-0.0977565863573413,-0.0479233197951431,0.128262702500317,0.167630681450996,-0.0649653118696877,0.0364717547567952,-0.0121102364406774,-0.0140099841952557,0.245896443726589,0.133722815146674,0.12808673861487,-0.0010562246005415,-0.049269281948016,-0.0893429743428554,0.181558630664881,0.212874481078211,-0.0893911972356597,0.222973123648225,0.160769140966541,0.0574675765487704
"4",0.114335596264197,-0.0404074556628092,0.0153527841733522,1,-0.079526687282981,-0.0852302394521262,-0.0300395222683851,-0.073946978421508,0.0786111130103583,0.0741859740150269,0.0034748896639997,0.115135835715922,0.00495026827596868,0.0323362151413,0.0324955773420231,-0.106858697183251,0.132223731986984,-0.0497603533488179,-0.047338148712526,0.168694656059019,0.0506635018400932,-0.14283196969658,0.0542306798755665,-0.103185749875084,0.101036960392329,0.205801093401364,-0.0338438388507557,0.0986026831499596,0.0705131299081745,-0.0654091519083168,0.0831241968329391,0.168133047859968,0.0628974627655491,-0.152538706701752,0.0310364725316587,-0.142397941511552,0.0897931031917088,-0.101356514898252,-0.079212750957048,-0.195349432629213,-0.016998080360694,-0.00249974888106807,-0.0159873916177339,-0.0682252579109374,-0.0520392609746972,-0.119067799659897,-0.089898144351994,-0.0941970923911685,-0.0675065960558456,-0.120479869169451,-0.0354091871400109,-0.0903017640764604,-0.0698695004575053,-0.0478295249454009,0.18023157025322,0.0339286692050884,-0.106110524805309,0.0816834706320259
"5",0.108918868044189,0.201174843947909,0.145767254232905,-0.0795266872829811,1,-0.0642882137001981,0.060135572384281,-0.0584345923267846,-0.199060780603699,0.059155352892484,0.0158679598717533,-0.0686162474228395,0.12213313613322,0.0552069841844207,-0.0127798702573996,0.00258712457005796,-0.147668678062157,0.102992505407112,-0.064436570757509,0.0312405519636289,-0.100746159563501,-0.00032141306216066,0.0245657492368847,0.212363958210769,-0.0585107482506477,0.00544893593412667,0.095677117803651,0.196813378072033,-0.137774643277524,-0.0274853610701953,-0.00298813243230707,-0.00751561337657888,-0.0910524655831418,0.0749917817515918,-0.173133390239772,-0.036184086189917,-0.0443018587532597,0.0744118233064407,0.17197353548285,0.158651123226328,0.139710441262963,-0.180450424056997,-0.00048929721867724,-0.143604967160782,-0.0408937607046027,-0.0660016703380462,0.141434605265369,0.0357744743889639,0.124764457753711,-0.00045289209581502,0.277307159625401,0.0818840151581723,0.0672163398706976,0.0727773892964441,0.012518812469137,-0.0223991062385435,0.251964410259553,0.0248729944296273
"6",0.0812877265021687,-0.174502160285541,0.00435129226206972,-0.0852302394521262,-0.0642882137001981,1,0.0372398798874244,-0.0749117183474693,0.023765267464343,-0.124360385755381,0.0786299175853206,-0.0284654563964803,0.0065247778012764,0.0693443790630501,-0.163700895990645,0.0406514216063192,0.0750823959877575,0.14368296042215,0.0311013562916535,-0.0612086714030551,-0.0223833500836955,-0.177450242075853,-0.0447921794406871,-0.0388765280859902,0.0488121060956368,-0.150373711135356,-0.0159246095543972,-0.0149343014186806,-0.049326819814537,0.177189771763953,0.0661770982843781,0.0485247467437818,-0.0696822768780398,-0.1293890372831,-0.103977894283348,0.045737896636642,0.112906798427204,0.0304033551392598,-0.0772243999003925,-0.0159781593395746,-0.076826458536125,-0.0221459590634126,-0.121865506655668,0.0763805352696703,0.0809297097198,0.0605906146703482,0.0892036360396936,-0.00289413628223058,-0.116984321530225,0.0571551871739247,0.148680271969851,0.0213492858980815,-0.0579674952832467,-0.0989639779928377,0.0293294747757297,0.0430612230203221,-0.166643947797303,0.321997656041561
"7",-0.128305841127563,-0.046290075985997,-0.00852974188165747,-0.0300395222683851,0.060135572384281,0.0372398798874244,1,0.217037707360838,-0.0456570700920133,-0.019823375277821,-0.0102109675550243,0.0418666284908064,-0.0709907853051601,0.174728719429051,-0.138554417162589,-0.141299875730581,0.0811431073073378,0.0743961271539997,0.128002609710992,0.136655393364397,0.0206483194755544,-0.0985051586314556,-0.106748527400117,-0.116434436736906,0.127648645242491,0.17144317535352,0.124139525812501,-0.0659274976507529,0.0546855171513075,-0.0277470813512683,0.229072437859849,0.146543966797769,-0.160345509621651,-0.0389740545155654,0.208913491007571,0.187635737439247,0.0764881058161421,0.137755253008288,-0.199979001117312,-0.0607454671340798,-0.141375857408729,-0.137014707919996,0.109915853005949,0.373024859133468,-0.00372886146553134,0.115619817779915,-0.0906648726678613,0.0204499255350256,-0.036866447455334,0.125535032991484,0.0472264924209662,-0.00918803641792303,0.0230169333398958,-0.0752318199520735,0.0195056498478629,0.193203319947152,0.107933696684186,0.0129510156550944
"8",-0.108763324037158,0.179535585295627,-0.0494549414857169,-0.073946978421508,-0.0584345923267846,-0.0749117183474693,0.217037707360838,1,0.0626324364973162,0.11823758611976,-0.165380202970672,-0.0517195735192067,0.0972622595024254,0.115478814161274,-0.122329552069368,-0.0947852734946577,0.116949574770424,0.129114450045354,0.0519061609975284,0.0969972736042323,-0.0149864078603533,0.0398815912821431,0.049610983134404,-0.0615148169865063,-0.0468236203991669,0.37565527656962,0.13971846941751,0.0620601059675124,-0.1417736939418,0.143252443055714,0.260920412949812,0.200085000176256,0.112042179490323,0.122251661595491,-0.0407339938883317,0.144664794551476,-0.0754397805898443,0.0145422537137833,0.0488784519917688,0.23654132673148,0.10042183145976,0.213392106445735,0.110368265405685,0.206067040301173,-0.177283467849346,-0.0576580030782495,0.0407700993113371,0.113059275955895,0.191472902813799,0.181778750765605,-0.0994759715948545,-0.24748537098019,0.170899075906083,0.301238815918801,0.051373741999729,0.251472731945059,0.0553243361931481,0.0953421387759656
"9",0.356894819742956,0.180201269912686,-0.130867937144705,0.0786111130103583,-0.199060780603699,0.023765267464343,-0.0456570700920133,0.0626324364973162,1,0.270887080201846,0.142613148746973,-0.00512735359986574,0.0267014715461613,0.012580825373831,-0.0719815144911708,0.107721824753405,0.360224692233318,-0.155986365067122,-0.0904671542123735,-0.0886834442816732,-0.0599385632089521,-0.0581712000205992,-0.0796203549503343,-0.0302597649498066,-0.191862686320987,0.172282598685508,0.275345943383821,0.0514787783372338,0.129895678361017,0.0920774887493017,0.125997030398502,0.0239672332390114,0.361042715033364,0.185004791612959,0.165370865253736,0.0448599062253914,0.0384939279053375,-0.0750130966997128,0.134301169620646,0.0591952855205578,0.112351619129166,0.0793806954974688,0.16998485634685,0.117337593268706,-0.0742544301702586,0.103328113002656,-0.16556315289597,-0.149898541314462,0.0178006211138736,-0.0563757277132993,0.149476845128832,0.157591525263124,0.132381490908063,0.121964956318697,0.079907790714483,0.184800976852968,-0.267286703281897,-0.215367998639189
"10",0.329181292345231,0.309281215652883,0.0506423216018919,0.0741859740150269,0.059155352892484,-0.124360385755381,-0.019823375277821,0.11823758611976,0.270887080201846,1,0.0174783044941118,0.0418569221084636,0.0600699185743446,0.194300219411953,0.00133764733435257,-0.0438753752243505,0.208673469741042,-0.0776345416559778,0.0734500755035671,0.0101772801208444,0.00892611471083246,0.0395964273583619,0.134464257987111,0.0251131470308833,-0.0268758386418093,-0.0502388882247782,0.202691236436783,0.0436929321378388,0.138052884706021,0.113470259234661,0.113063888875724,0.0294392769557935,0.0177357082655522,0.0795624606004946,0.0224510974187552,-0.138951009388752,-0.0212387835335519,-0.173788442554664,0.0611774872297021,0.0868758333329526,0.147199555194956,0.129595086924709,0.15444061819168,0.234653335130669,-0.0771913085145283,0.0492389994582848,-0.119975510015555,-0.0623391114209847,0.0643632935161751,0.0324774256623225,0.21242720693184,-0.00783364570746796,0.306642631426804,0.25397392861378,0.127181875962186,0.0634965255884978,-0.115388504178328,-0.16361313584422
"11",0.334156624641677,0.165734589555287,0.160191061618894,0.0034748896639997,0.0158679598717533,0.0786299175853206,-0.0102109675550243,-0.165380202970672,0.142613148746973,0.0174783044941118,1,0.161896184877926,0.0503132453579503,-0.155166235933009,-0.0296469191909652,0.261878856668411,-0.00236373986344343,-0.107690918595853,-0.105910980016369,-0.286807743560003,0.089409413135892,0.0345633245811168,0.00210708360866517,-0.144996197806274,-0.0384174414375334,-0.0717302275814271,-0.0103016622389271,0.131772158002613,0.0185108194934883,-0.0342613657484598,-0.111079234287528,-0.218321930214074,0.218597468759622,0.0548087472998888,0.0408805830038007,0.0468984598915502,0.0836336413394786,0.119793565619356,0.0833794557534481,-0.0357056544526669,0.0494493480588102,-0.1225859440511,-0.240315219585504,-0.0993530475488983,0.0435532135391246,0.144671644709059,-0.0104237311523414,-0.0816019993296299,-0.0847487903948505,-0.30841941134457,0.343304852730009,0.212527429389389,0.0427868915062894,-0.0418920480123058,-0.0639292740418063,-0.0309201007401349,-0.00642792034452233,-0.0573117477752205
"12",0.0588890262836067,-0.0321505275520467,-0.091020004503517,0.115135835715922,-0.0686162474228396,-0.0284654563964803,0.0418666284908064,-0.0517195735192067,-0.00512735359986574,0.0418569221084636,0.161896184877926,1,0.0570272248835751,-0.0575715599859249,-0.0627999172835114,0.0087144360100973,-0.0023521846910013,-0.0759544544759192,0.0398614360847666,-0.0923963273940024,0.150648163317676,0.0374444995976979,0.0199551620011679,-0.0499018818241625,0.0655104316120954,-0.0416834323798111,0.0390998298388301,-0.0267829817594779,0.0333068341594892,0.0088920092677641,-0.0764315048839992,0.00301501106223938,0.0229106583440078,-0.10184415410888,0.108262736058055,0.0870292872504805,0.173975848228856,0.0257897362898359,0.0299031136192281,-0.0555383132465108,-0.0142498696576728,0.0493523501401442,-0.0690804743759717,0.00678030201621379,0.0684498371451727,0.00142688715636549,0.103332098691536,-0.0345191399744133,-0.0328807826420455,-0.15369546292905,0.013572615527117,0.0316977302267729,-0.0628781009248169,-0.0509801490258995,-0.121848344786495,0.0683617831735141,-0.0456443047833518,0.113290956559609
"13",0.0331728191154791,-0.109033915261086,0.0395273286345382,0.00495026827596868,0.12213313613322,0.0065247778012764,-0.0709907853051601,0.0972622595024254,0.0267014715461613,0.0600699185743446,0.0503132453579503,0.0570272248835751,1,0.477563238576719,-0.0717528729695855,0.250252613786177,0.163490180979669,0.352798685067341,0.210882490225012,0.283595024201453,0.0910057780767511,-0.0765146985587583,0.0528840859771895,-0.0737146716687749,0.149149239078508,0.124588097413589,0.108109380581514,0.161366521535655,-0.146082218094659,0.0402907577087923,0.223129587648533,0.32002618231003,-0.104426678178185,0.0745205992343076,-0.00082701777873918,-0.0322815472618403,0.0536158860229995,-0.0123374021551193,0.15400613263436,0.164443950537343,0.030279646742477,-0.0500902783308166,0.0666057273322287,-0.0554473068753496,-0.242921194427963,-0.0154589934911206,-0.00221912384315042,-0.0555416648203259,0.698132817629388,0.272247093778627,-0.040215469282134,0.00983740273841664,-0.0190276335046319,-0.0936217682298693,-0.0511416640337568,-0.108768329684748,-0.00400374072823679,0.0064148220642434
"14",-0.00981350599742106,-0.146793063831017,0.139377194763764,0.0323362151413,0.0552069841844207,0.0693443790630501,0.174728719429051,0.115478814161274,0.012580825373831,0.194300219411953,-0.155166235933009,-0.0575715599859249,0.477563238576719,1,-0.0277360775273544,0.0379347905851326,0.207753546385579,0.557320581555593,0.263899777160844,0.343324143721039,0.0831271151337963,-0.235384514097567,-0.0473599324949997,-0.123442621941895,0.103639748050701,0.0942958827536067,0.0926755823896462,0.0162688238121362,-0.220080529038283,-0.173338768425247,0.326231909368181,0.494016565448766,-0.275322883757395,0.0747002831714757,0.0139415851936558,-0.00333159950068307,0.0412334779954271,-0.123835605747894,0.00924729720343474,0.180565063509385,0.103074286527244,0.116740139342572,0.18338913683749,0.112717242145836,-0.182413109198706,-0.0757972528614547,0.0803618250789129,0.0703937401136613,0.436695402471656,0.631530198189713,0.00167701116172967,-0.0290629061383757,0.0314178639216845,-0.0167373732169241,-0.121205099532874,0.0570733762161944,-0.0699057453548057,0.197480710153045
"15",0.0553249341905847,0.00449007773686053,0.0100386443204455,0.0324955773420231,-0.0127798702573996,-0.163700895990645,-0.138554417162589,-0.122329552069368,-0.0719815144911708,0.00133764733435257,-0.0296469191909652,-0.0627999172835114,-0.0717528729695855,-0.0277360775273544,1,-0.0125257319518647,0.0377843800125294,-0.128001385344293,0.0606737340708273,0.078237918480511,-0.112396787760284,-0.0419311845771611,0.0645402734368385,0.196619928060269,-0.107651356018574,-0.0175273862168331,-0.015075110096818,-0.0447160722217082,-0.0242991366407575,-0.0608418793205774,0.0101149195216788,0.0157769183067537,0.0799151108167128,0.065901126028151,-0.128840087550961,-0.0257102499975297,0.00806953833733977,0.0164386771150168,0.188424856589579,0.11739686580407,0.20487569243701,0.0930866837178228,0.0338691920589377,-0.222843356355477,0.0398945588279264,-0.132832153636337,0.0890593500501237,0.185879359661457,0.0838659332640559,-0.0728421377768479,-0.00782183126460735,-0.0184267916965705,0.0502853900886997,0.0734501690221016,0.166268991743352,-0.127411746806439,0.138484688964734,0.0979449825824594
"16",0.318223012844528,-0.0461160206158513,0.0125212337336231,-0.106858697183251,0.00258712457005796,0.0406514216063192,-0.141299875730581,-0.0947852734946577,0.107721824753405,-0.0438753752243505,0.261878856668411,0.0087144360100973,0.250252613786177,0.0379347905851326,-0.0125257319518647,1,-0.189312041658022,-0.0387045678099221,-0.0610814128161641,0.00215943912569412,0.199211512529802,-0.0151947196212247,-0.0412700244166232,-0.00938004282646494,-0.0777835814992515,0.0688276415571015,0.013242079157716,0.0529366521857526,-0.0775870112193574,0.00404463544375301,-0.107347758420818,-0.0234265495551303,0.229083612114916,0.192118950248534,-0.00746820415659124,0.00775572383211834,-0.0910420064264842,-0.0290080883264033,0.0333487020295605,0.146810261076273,-0.155096075310198,-0.127921455956184,-0.0894985968272761,-0.11109995506745,-0.0795927494191722,0.0489612061794749,-0.104158181486681,-0.00998380962152478,-0.0129938035387506,-0.0765706495178893,0.165472892057066,0.289207253907561,-0.069885232601066,-0.143159609400598,-0.124893325083377,-0.0471548287747064,-0.0501585934201538,-0.219454692926323
"17",0.0625168240245114,0.175483532038328,0.16199909954715,0.132223731986984,-0.147668678062157,0.0750823959877575,0.0811431073073378,0.116949574770424,0.360224692233318,0.208673469741042,-0.00236373986344343,-0.0023521846910013,0.163490180979669,0.207753546385579,0.0377843800125294,-0.189312041658022,1,0.297687239002545,0.189465986171484,0.0202667134036027,-0.192407836837173,-0.00387504356382708,-0.170412462251747,-0.216795213315866,0.0260865127023427,0.100876435008765,0.078094887185559,0.0814176772774406,-0.0603452102885608,-0.00193235162871437,0.480986716476713,0.282272791211978,0.00498724317574592,-0.0779925576821223,0.0689860337318778,-0.132442892033766,0.035273676175538,-0.127208877224929,-0.0031312016428823,-0.0879294649469667,0.289642998379936,0.288067345927081,0.329715321120989,0.309982270707055,-0.0700929756787698,0.119332837176414,0.130608219753025,0.0587978424327696,0.373010062978327,0.157722000655697,0.0661304608746203,0.0257350265227656,0.417767352101714,0.329827881651437,0.274714149015025,0.0864323381743188,0.0804445525603118,0.122223779198483
"18",-0.196081132473712,-0.110359269680378,0.13900610460701,-0.0497603533488179,0.102992505407112,0.14368296042215,0.0743961271539997,0.129114450045354,-0.155986365067122,-0.0776345416559777,-0.107690918595853,-0.0759544544759192,0.352798685067341,0.557320581555593,-0.128001385344293,-0.0387045678099221,0.297687239002545,1,0.230398115680621,0.232325806701559,-0.192295964612087,0.0169287508290942,-0.0997846463452159,-0.227079934779995,0.140670058374795,0.0474730876938277,-0.058364845173189,0.0495701260443942,-0.38753202803347,-0.271433977724978,0.303567146446086,0.420048686986868,-0.243018922941544,-0.0941477637254731,-0.165375666429028,-0.0512498283561609,-0.0117518397244115,-0.140696582704404,-0.0379171634556903,0.117468909739665,0.120809836211055,0.113468384210932,-0.00874128135574416,0.106093179409766,-0.195864285369964,0.0152903005748778,0.183959939891494,0.0406657520999597,0.405524484911682,0.56727379017963,-0.0746295464738489,-0.0248366596791582,0.0323765861376948,-0.0363245522355098,-0.0406554802832398,-0.0488659766336144,0.00030705691282183,0.18033965161217
"19",-0.149824191490559,-0.0606203409394771,-0.0835779248323568,-0.047338148712526,-0.064436570757509,0.0311013562916535,0.128002609710992,0.0519061609975284,-0.0904671542123735,0.0734500755035671,-0.105910980016369,0.0398614360847666,0.210882490225012,0.263899777160844,0.0606737340708273,-0.0610814128161641,0.189465986171484,0.230398115680621,1,0.52428015196553,-0.0964338621377403,-0.183683592171825,-0.0957101893043829,-0.0537511710110432,0.273491914469692,0.0417989549158482,-0.0691838563122666,-0.0183840268485165,-0.0290871536800156,-0.147986814787279,0.433792868937835,0.566276914324439,-0.339484921670547,-0.0091069251575689,0.0402266785160594,-0.0377226286539686,0.137568561829293,0.10560335264097,0.0274484880300719,0.124333851186933,0.142175712104486,0.173091944502185,0.139818461869862,0.0698118821688836,-0.0444510863952728,-0.0501233101805224,0.155858717639112,0.184694321295909,0.263688674310059,0.377609943455904,-0.142245655519521,-0.0693666174582578,0.0600013854862218,0.106585834103281,0.0393366118384763,-0.0305400209935412,-0.0130831053684224,0.143802434637933
"20",-0.138477582593326,-0.0917923055618206,-0.167239099727899,0.168694656059019,0.0312405519636289,-0.0612086714030551,0.136655393364397,0.0969972736042323,-0.0886834442816732,0.0101772801208444,-0.286807743560003,-0.0923963273940024,0.283595024201453,0.343324143721039,0.078237918480511,0.00215943912569412,0.0202667134036027,0.232325806701559,0.52428015196553,1,-0.0994026948007338,-0.234446966676322,0.019613848346612,0.158665374538763,0.0641480788328826,0.139116358359828,-0.0807858957577428,0.00200781930052805,-0.154109626298526,-0.206983358438049,0.432962951782538,0.622257638623328,-0.266353297997989,0.0679427085119814,0.0748530412480961,0.0395284270686529,0.148912269898658,0.193183005610184,0.08021405969072,0.0995016775599264,-0.00246497072767173,0.0647487848412556,0.0656831770995451,-0.0265362735085972,-0.116631920769546,-0.125363175004571,0.00805143986112237,0.0872278741284306,0.306418700557854,0.367757011310127,-0.291932015889728,-0.157444486456367,-0.0203774896422925,-0.083838296820861,0.0721951258180729,-0.0325564454358681,0.0757484883236964,0.0687795737270715
"21",0.0493297722346594,-0.159489950226438,0.00641999111899405,0.0506635018400932,-0.100746159563501,-0.0223833500836955,0.0206483194755544,-0.0149864078603533,-0.0599385632089521,0.00892611471083246,0.089409413135892,0.150648163317676,0.0910057780767511,0.0831271151337963,-0.112396787760284,0.199211512529802,-0.192407836837173,-0.192295964612087,-0.0964338621377403,-0.0994026948007339,1,-0.0890350489833319,-0.0130711073555689,-0.119170476105222,-0.040279240057475,0.102859028918235,0.186413721572866,-0.143328023536268,0.00080329911635449,-0.126173751490603,-0.1373072535364,-0.15587973332176,0.127299432534921,0.0532188458596582,0.232998813975218,0.120651245805819,-0.112496747691516,-0.0667460448811215,-0.0570721539918945,-0.131314672416303,-0.192954458072041,-0.222807456548628,0.00533192666824107,0.0513384484027641,0.218569513324038,0.141842008107041,-0.245626985611592,-0.108432459646909,-0.127653991985064,-0.0875671991325738,0.0492414132979747,-0.0831172944494807,-0.0440762180577352,-0.0890462994545348,-0.196467277690837,0.154556668212969,-0.260314304082818,-0.0613914025206766
"22",0.0990270335989986,0.188162243188012,-0.0270309328212369,-0.14283196969658,-0.00032141306216066,-0.177450242075853,-0.0985051586314556,0.0398815912821431,-0.0581712000205992,0.0395964273583619,0.0345633245811168,0.0374444995976979,-0.0765146985587583,-0.235384514097567,-0.0419311845771611,-0.0151947196212247,-0.00387504356382708,0.0169287508290942,-0.183683592171825,-0.234446966676322,-0.0890350489833319,1,0.0398374809111485,-0.0571229364395,-0.0369472329304016,-0.170854227019904,-0.0201991304703709,0.0733309447829452,0.0140830157746164,0.0912428728647261,-0.161597746655781,-0.190048023749729,-0.022674668568593,0.0477302835094548,0.0809257913420729,0.029027030203983,0.09730926133211,-0.244493810309399,0.0257736100950212,0.0332445703946467,0.0847269629946983,0.0687817634466425,-0.144628930095036,-0.0208261204670904,0.173255109490424,0.168252448448424,0.0465883678706628,-0.0299017582627988,-0.021615545583928,-0.17133007546203,-0.0304269468189351,-0.0632583685596319,0.112209027439391,0.0920181965194538,0.0668435010095178,-0.132200806820767,0.238928797480523,-0.0684034705063289
"23",0.0519650193920423,-0.0116220438410611,0.0178713916372455,0.0542306798755665,0.0245657492368847,-0.0447921794406871,-0.106748527400117,0.049610983134404,-0.0796203549503343,0.134464257987111,0.00210708360866517,0.0199551620011679,0.0528840859771895,-0.0473599324949997,0.0645402734368385,-0.0412700244166232,-0.170412462251747,-0.0997846463452159,-0.0957101893043829,0.019613848346612,-0.0130711073555689,0.0398374809111485,1,0.184659791961542,-0.0535152216405093,-0.0226088133272021,-0.100629242016368,0.108881949503086,0.163218036354655,0.0228422253351685,-0.140989365428614,-0.0742352094097586,0.0367058220085259,0.248979870548451,-0.0145571121102887,0.136789912153117,-0.00513821917385817,0.0302640746596948,0.183064461278331,0.198156604773466,0.0770646239954306,0.0412305425147512,-0.11687345818473,-0.0596622967685619,0.0210123087667218,-0.103819616591497,0.204270676059482,0.0768455764741201,0.0291836024646734,0.0736859342240335,0.0618265461508557,-0.0695762052126183,0.104331573511474,0.0525991422071036,-0.0124440646139846,-0.0648639820671068,-0.0146948916020658,0.0235573529059832
"24",0.0778102569696308,0.0142180635867659,-0.114598707027182,-0.103185749875084,0.212363958210769,-0.0388765280859902,-0.116434436736906,-0.0615148169865063,-0.0302597649498066,0.0251131470308833,-0.144996197806274,-0.0499018818241625,-0.0737146716687749,-0.123442621941895,0.196619928060269,-0.00938004282646494,-0.216795213315866,-0.227079934779995,-0.0537511710110432,0.158665374538763,-0.119170476105222,-0.0571229364395,0.184659791961542,1,-0.238884372025149,-0.0311826841420953,-0.0485964110919686,-0.108515367884378,-0.0381634294545017,0.0664411118763523,-0.0666586979961682,0.0290073937350817,0.175864644288775,0.09530341573881,-0.225710603061928,0.0623734242532156,-0.0521012368485635,-0.0761909977417932,0.136682791428617,0.0598366503178137,0.0807198076896402,0.0101626943622877,-0.0801762074268555,-0.177722975962528,-0.0966794081644398,-0.316090643462218,0.0457147611096742,-0.0101228894293844,-0.0156244109891425,0.00996444726859263,0.123719924715485,0.108449357444648,0.107440020530709,0.110250025301937,0.0777184666859107,-0.0296581929839693,0.00440552767199982,-0.119055894918502
"25",-0.252112332768619,-0.16001910559491,0.00026389391383318,0.101036960392329,-0.0585107482506477,0.0488121060956368,0.127648645242491,-0.0468236203991669,-0.191862686320987,-0.0268758386418093,-0.0384174414375334,0.0655104316120954,0.149149239078508,0.103639748050701,-0.107651356018574,-0.0777835814992515,0.0260865127023427,0.140670058374795,0.273491914469692,0.0641480788328826,-0.040279240057475,-0.0369472329304016,-0.0535152216405093,-0.238884372025149,1,-0.171885848593185,-0.252161642214358,0.0443276688138729,-0.00334100633140537,-0.134103839080463,0.0225615829219284,0.188790027562439,-0.216490952621533,-0.294623751145611,0.0633468410809926,-0.214908375557672,0.0923351447135886,-0.0734561480814989,-0.158640011459493,-0.164211716979208,-0.0749803547131602,-0.0221997346234221,-0.226335592274154,-0.0671211797417499,-0.00346706862785093,-0.0520693645477113,-0.022956152100187,-0.0114479430594394,0.0700087511643988,0.0650062481357531,0.00421314711515322,-0.0824470682572726,-0.203679373937927,-0.237143704510968,-0.0814711204261436,-0.167775598328963,0.0221070510841744,0.12818636183706
"26",0.0624277310131905,0.138697128835305,-0.0185936052246781,0.205801093401364,0.00544893593412667,-0.150373711135356,0.17144317535352,0.37565527656962,0.172282598685508,-0.0502388882247782,-0.0717302275814271,-0.041683432379811,0.124588097413589,0.0942958827536067,-0.0175273862168331,0.0688276415571015,0.100876435008765,0.0474730876938277,0.0417989549158482,0.139116358359828,0.102859028918235,-0.170854227019904,-0.0226088133272021,-0.0311826841420953,-0.171885848593185,1,0.184610733542944,0.0249594257507539,0.0386619989086925,-0.0249333328089049,0.18579639495373,0.129001541896928,0.132001893556775,0.0937340065300472,0.0147389365776928,0.198550155149516,-0.0602535582973059,0.0237697887410366,-0.0096653912581719,-0.0689486802044919,0.00336739272876101,0.0800356209822853,0.259203990778019,0.142047655314031,-0.231871707359932,0.0464201170983965,-0.130802234333919,-0.0705551504557581,0.156175196672864,0.116198512935694,-0.0154885693579206,-0.00998385580347898,0.1172029251935,0.116785274933841,0.0868776503772963,0.217705809155887,0.066619540473177,0.0169151253191123
"27",0.220664535059337,0.181389259900253,-0.0248992800376627,-0.0338438388507557,0.095677117803651,-0.0159246095543972,0.124139525812501,0.13971846941751,0.275345943383821,0.202691236436783,-0.0103016622389271,0.0390998298388301,0.108109380581514,0.0926755823896462,-0.015075110096818,0.013242079157716,0.078094887185559,-0.058364845173189,-0.0691838563122666,-0.0807858957577428,0.186413721572866,-0.0201991304703709,-0.100629242016368,-0.0485964110919686,-0.252161642214358,0.184610733542944,1,0.212439964750284,0.173100131549289,0.268607193464103,0.0902275757825548,-0.100262902170478,0.11080608127837,0.100034065507931,0.217629728842294,0.257569311718957,0.105250431099444,-0.172779084471706,-0.0834772479128611,-0.00728181173012636,0.111351603206543,-0.140552756280878,0.302458282078902,0.183802126934506,0.0439615066048635,0.253586233449985,-0.156894289351174,-0.0374676723303153,0.197663706333206,0.016135911044765,0.0859766565769535,0.025112885906681,0.027118867943855,0.111973392520256,0.177036013460787,0.192141640984495,-0.0908554759105363,-0.199462989861334
"28",0.280538765071278,0.200369461807354,0.233835037802403,0.0986026831499596,0.196813378072033,-0.0149343014186806,-0.0659274976507529,0.0620601059675124,0.0514787783372338,0.0436929321378388,0.131772158002613,-0.0267829817594779,0.161366521535655,0.0162688238121362,-0.0447160722217082,0.0529366521857526,0.0814176772774406,0.0495701260443942,-0.0183840268485165,0.00200781930052805,-0.143328023536268,0.0733309447829452,0.108881949503086,-0.108515367884378,0.0443276688138729,0.0249594257507539,0.212439964750284,1,0.0675100431711534,0.123277084611963,0.0759323324269186,0.00120509013296471,0.183933038267286,0.270586094164458,0.104105578212656,-0.0121280312634982,-0.0074998872007237,-0.0305675170979985,-0.0114310635362,0.30573639672778,0.186622691246432,-0.0865413788213011,-0.0383172570420777,-0.00181072853317357,0.0249362612422558,-0.0399425440139845,0.127514895324032,0.116198384443591,0.232494784634684,-0.0684651070055057,0.0996796250830116,-0.00852275281895897,0.0201171852643765,0.0865223954781496,-0.0839234338903278,-0.00438911544409766,0.14557778454095,-0.103628430911342
"29",0.0573056650512,-0.00136947906098003,0.114873727280653,0.0705131299081745,-0.137774643277524,-0.049326819814537,0.0546855171513075,-0.1417736939418,0.129895678361017,0.138052884706021,0.0185108194934883,0.0333068341594892,-0.146082218094659,-0.220080529038283,-0.0242991366407575,-0.0775870112193574,-0.0603452102885608,-0.38753202803347,-0.0290871536800156,-0.154109626298526,0.00080329911635449,0.0140830157746164,0.163218036354655,-0.0381634294545017,-0.00334100633140537,0.0386619989086926,0.173100131549289,0.0675100431711534,1,-0.00193593118863417,-0.147756565354944,-0.221297478100486,-0.0265664341138741,0.056983934060487,0.0249091436467076,0.0546049039348298,0.129821150906002,0.109375929853494,-0.291485702087202,-0.0412739834199291,-0.0501307433011285,0.00626855558956234,0.0293234505125302,0.217984912031236,0.129870649290063,-0.00253903386253269,-0.0719448929920392,-0.0488032782022919,-0.154046804377694,-0.184532075053818,-0.0932753887086944,-0.0295339277325751,-0.111386496341106,-0.10086416680229,-0.015838605048394,0.122374315870974,-0.00165323185890565,-0.152516572579722
"30",0.131682388035968,0.0203638163345966,-0.107784817069412,-0.0654091519083168,-0.0274853610701953,0.177189771763953,-0.0277470813512683,0.143252443055714,0.0920774887493017,0.113470259234661,-0.0342613657484598,0.0088920092677641,0.0402907577087923,-0.173338768425247,-0.0608418793205774,0.00404463544375301,-0.00193235162871437,-0.271433977724978,-0.147986814787279,-0.206983358438049,-0.126173751490603,0.0912428728647261,0.0228422253351685,0.0664411118763523,-0.134103839080463,-0.0249333328089049,0.268607193464103,0.123277084611963,-0.00193593118863417,1,-0.127751481186392,-0.254506415405219,0.0163367026990723,-0.0192795294256084,-0.0569006212629525,0.135517848429277,0.0709080016854218,-0.0485657021868099,0.0798877476052788,0.0750666915249253,-0.0567867071379957,-0.0844950594547244,0.142840999854637,-0.00078396470603995,-0.0805644817407468,0.0384505728879428,0.029357838211167,-0.0369837724254508,-0.0252354641414401,-0.156631908936372,0.161359330132738,0.0666517345668624,-0.024731806192449,0.0773632424581641,0.125614000204461,-0.0353838363115279,-0.0387675156768812,-0.0192433678385747
"31",0.0867521669874477,0.15236398116216,0.0606959474366128,0.0831241968329391,-0.00298813243230707,0.0661770982843781,0.229072437859849,0.260920412949812,0.125997030398502,0.113063888875724,-0.111079234287528,-0.0764315048839992,0.223129587648533,0.326231909368181,0.0101149195216788,-0.107347758420818,0.480986716476713,0.303567146446086,0.433792868937835,0.432962951782538,-0.1373072535364,-0.161597746655781,-0.140989365428614,-0.0666586979961682,0.0225615829219284,0.18579639495373,0.0902275757825548,0.0759323324269186,-0.147756565354944,-0.127751481186392,1,0.604559283135252,-0.0523449297361252,-0.0161620111322453,-0.00410516295606798,-0.0955033536980969,-0.0663522519103692,0.0746551609081884,0.0792634910740641,0.132818240644609,0.222620393363949,0.169283530035626,0.255460412710676,0.129256757883411,-0.162988083594762,-0.0731171298941309,0.0711424862280182,0.152313324208495,0.368790254471209,0.286458525424239,-0.0430382661787769,0.00642763127951483,0.307908231332871,0.312933921856341,0.275934874094929,0.126904933350438,-0.00533389522045742,0.260463586242257
"32",-0.17985130930888,-0.0440540808239466,0.0375972026578004,0.168133047859968,-0.00751561337657888,0.0485247467437818,0.146543966797769,0.200085000176256,0.0239672332390114,0.0294392769557935,-0.218321930214074,0.00301501106223938,0.32002618231003,0.494016565448765,0.0157769183067537,-0.0234265495551303,0.282272791211978,0.420048686986868,0.566276914324439,0.622257638623328,-0.15587973332176,-0.190048023749729,-0.0742352094097586,0.0290073937350817,0.188790027562439,0.129001541896928,-0.100262902170478,0.00120509013296471,-0.221297478100486,-0.254506415405219,0.604559283135252,1,-0.260119043511915,0.0376247547114696,0.0160266766216816,-0.0605437435256229,-0.0140798689737295,0.0786960302567429,0.0930349790625427,0.196556158385313,0.145877813479111,0.246614771525648,0.176138188696071,0.0949241094220075,-0.129252874392936,-0.143260715112316,0.214844937640525,0.268970740555566,0.385576415809996,0.484839846050456,-0.151205806416656,-0.0482363949319698,0.142511818160627,0.129356913792644,0.180619723068188,0.0606155367896633,-0.0362832978432451,0.219139192725692
"33",0.346470380079471,0.257872827068064,0.0719274513513859,0.062897462765549,-0.0910524655831418,-0.0696822768780398,-0.160345509621651,0.112042179490323,0.361042715033364,0.0177357082655522,0.218597468759622,0.0229106583440078,-0.104426678178185,-0.275322883757395,0.0799151108167128,0.229083612114916,0.00498724317574592,-0.243018922941544,-0.339484921670547,-0.266353297997989,0.127299432534921,-0.022674668568593,0.0367058220085259,0.175864644288775,-0.216490952621533,0.132001893556775,0.11080608127837,0.183933038267286,-0.0265664341138741,0.0163367026990723,-0.0523449297361252,-0.260119043511915,1,0.197340974224238,-0.178605818320904,0.0622605009735428,-0.335386447018629,-0.185415062208679,0.222188138616856,0.175264322056707,0.141985955104367,0.0542036575538266,-0.155671822745583,-0.207397171940627,-0.0478024515451736,-0.0571361905052351,-0.00747763445768915,-0.0131745656822188,-0.168884056553684,-0.286432041103711,0.226474732931922,0.205288738791905,0.240583796720355,0.212856525170058,0.0805093130412501,0.188114231971649,-0.154314184154088,-0.130045692638497
"34",0.0678488738335338,0.136817432441548,0.0883068255058062,-0.152538706701752,0.0749917817515918,-0.1293890372831,-0.0389740545155654,0.122251661595491,0.185004791612959,0.0795624606004946,0.0548087472998888,-0.10184415410888,0.0745205992343076,0.0747002831714757,0.065901126028151,0.192118950248534,-0.0779925576821223,-0.0941477637254731,-0.0091069251575689,0.0679427085119814,0.0532188458596582,0.0477302835094548,0.248979870548451,0.09530341573881,-0.294623751145611,0.0937340065300472,0.100034065507931,0.270586094164458,0.056983934060487,-0.0192795294256084,-0.0161620111322453,0.0376247547114696,0.197340974224238,1,0.138755680422375,0.152296622222541,0.0576286123496997,0.0270868990311446,0.294477133465638,0.509829822461171,0.00751413603009172,-0.0358872117672096,-0.128557379362494,0.0857418178760122,-0.167212030271501,-0.195494567502067,0.0763809094176651,-0.0254659377551343,0.0490280086500925,0.0988640265633564,0.0909969815064938,0.0418287234826474,0.0812112382227177,0.141506140540448,-0.252283953229971,0.130952940509155,-0.0999356239636885,-0.20190220687273
"35",0.0211449678227211,0.135107492474183,-0.240254745319603,0.0310364725316587,-0.173133390239772,-0.103977894283348,0.208913491007571,-0.0407339938883317,0.165370865253736,0.0224510974187552,0.0408805830038007,0.108262736058055,-0.00082701777873917,0.0139415851936558,-0.128840087550961,-0.00746820415659124,0.0689860337318777,-0.165375666429028,0.0402266785160594,0.0748530412480961,0.232998813975218,0.0809257913420729,-0.0145571121102887,-0.225710603061928,0.0633468410809926,0.0147389365776928,0.217629728842294,0.104105578212656,0.0249091436467076,-0.0569006212629525,-0.00410516295606798,0.0160266766216816,-0.178605818320904,0.138755680422375,1,0.161939091380099,0.347338270166378,0.1810617564156,-0.0571098442261207,-0.149847193644286,-0.0036385861668716,-0.0766860650500937,0.040215934453891,0.223687566615325,0.227010295688386,0.332051934904065,-0.156297421722028,-0.0369937417891518,-0.031111114945513,-0.00919720165075549,-0.0538273994153859,-0.0856071505836261,-0.0867986810098485,-0.215667824763331,-0.107243453740808,0.0328479015900955,-0.0320322375199237,-0.242180290240641
