"","l_Insular.Cortex","r_Insular.Cortex","l_Amygdal.Area","r_Amygdal.Area","l_Bed.Nucleus.of.the.Stria.Terminalis","r_Bed.Nucleus.of.the.Stria.Terminalis","l_Hippocampus","r_Hippocampus","l_Orbitofrontal.cortex","r_Orbitofrontal.cortex","l_Entorhinal.Cortex","r_Entorhinal.Cortex","l_Frontal.Association.Cortex","r_Frontal.Association.Cortex","l_Globus.Pallidus","r_Globus.Pallidus","l_Glomerular.Layer.of.the.Accessory.Olfactory.Bulb","r_Glomerular.Layer.of.the.Accessory.Olfactory.Bulb","l_Glomerular.Layer.of.the.Olfactory.Bulb","r_Glomerular.Layer.of.the.Olfactory.Bulb","l_Granule.Cell.Level.of.the.Cerebellum","r_Granule.Cell.Level.of.the.Cerebellum","l_Hypothalamic.Region","r_Hypothalamic.Region","l_Entorhinal.Cortex","r_Entorhinal.Cortex","l_Vermix.Molecular.Layer.of.the.Cerebellum","r_Vermix.Molecular.Layer.of.the.Cerebellum","l_Lateral.Molecular.Layer.of.the.Cerebellum","r_Lateral.Molecular.Layer.of.the.Cerebellum","l_Anterior.Olfactory.Bulb","r_Anterior.Olfactory.Bulb","l_Posterior.Olfactory.Bulb","r_Posterior.Olfactory.Bulb","l_Subiculum","r_Subiculum","l_Perirhinal.Area","r_Perirhinal.Area","l_PreLimbic.System","r_PreLimbic.System","l_Primary.Cingular.Cortex","r_Primary.Cingular.Cortex","l_Primary.Motor.Cortex","r_Primary.Motor.Cortex","l_Retrosplenial.Cortex","r_Retrosplenial.Cortex","l_Secondary.Cingular.Cortex","r_Secondary.Cingular.Cortex","l_Secondary.Motor.Cortex","r_Secondary.Motor.Cortex","l_Striatum","r_Striatum","l_Ventral.Tegmental.Area","r_Ventral.Tegmental.Area","l_Substantia.Nigra","r_Substantia.Nigra","l_Thalamus","r_Thalamus"
"1",1,0.173413541919034,0.330983220358164,0.104853713909496,-0.0448603193278721,0.0846155529599233,0.177711013124088,0.326266699493671,0.0475721938086941,0.0439291311781035,0.14889824033365,0.190361697040699,0.153205522565107,-0.115649624419471,0.114237494341871,-0.0164907569898013,-0.116002371671027,0.00540152295302878,0.090198605644992,-0.0364740006173784,0.0870239933247839,0.0274355467341596,0.0579501898649672,0.0839090970201925,0.153551191635226,0.0230714529785873,0.0766776627931606,0.103177986817668,0.217865966110689,0.285511901050995,-0.0220936168351802,0.0306482702927243,0.179549915595008,0.0920543746858912,0.163085090450694,-0.137953332136393,0.215555603735562,0.0779488124500156,0.171429260210802,0.0794541904694427,0.155669014980727,0.0805706803957802,-0.00753516424231937,0.0803884596090252,0.0861623601179086,0.0454346831286168,0.074235511886127,0.0363830147018087,-0.0261381373884222,-0.0147858068480567,0.294050324394893,0.196470059489736,-0.172991109935995,-0.0337064972382667,-0.0258617007309768,0.0327842431651972,0.0341284388755254,0.160664838199395
"2",0.173413541919034,1,0.0146220759697047,-0.0909486781197388,-0.00436088047388655,-0.158623513907014,0.091740500191698,0.0266446205071354,0.0788138356941995,0.261052507617208,0.0875830624781612,0.120188026626747,-0.122341439019161,-0.0478539505236762,0.0717668538405481,0.0470989908931114,-0.140315537576016,0.015377732853847,-0.257118044179781,0.0334179981175644,-0.0973164336537673,0.291158725187381,0.00341189820371582,-0.0153893902546243,-0.0554983735926918,0.171973191237428,0.0207448910155812,0.0804669200726915,0.00232015068688758,0.139511558863777,-0.262185308649933,-0.201462900035008,-0.00498879477870794,-0.0359233296780433,-0.318439261185843,-0.00147848943803511,0.14481885789318,0.049207625561019,0.0977838702869793,0.154152868164406,0.187890735494905,-0.0213585581496731,-0.0200775154812267,-0.0756444996309987,0.0363609119011492,-0.0742088204578697,0.0304382239603339,0.0259880456978364,0.0295820544837616,0.0127619012754207,0.0968264738330792,0.126506266964565,0.19963010436112,0.00405673975683624,0.218516933783567,-0.0185481420214508,0.0609037205973214,-0.00343381317001004
"3",0.330983220358164,0.0146220759697047,1,-0.0249874426682209,0.0249821819762829,0.0885105542652233,0.205064167654261,0.0175600481135724,0.010762770733119,-0.0500636717347408,0.271773530424302,-0.0333577124674837,0.267551851023834,-0.101982140854572,0.020290378985588,0.00268227787501248,-0.0260388193508097,0.123678974530629,0.0884236566538584,0.159761069333303,0.0212299008945595,-0.0014900140399344,-0.081834986127795,0.049446732436086,0.146233885139988,0.0557049266343851,0.0869324704751466,0.255624713255821,0.183263378729019,0.281887875919452,-0.0295237997007237,0.134404433219336,0.196378170305839,0.267477154800342,0.00604390690593822,0.00360393223866277,0.151971178910768,-0.0203786854427543,0.116611595933444,0.131855025491623,0.155949960916388,0.242361965264106,0.0776852343959077,-0.036406537545544,0.0184894213776711,0.0911199211283207,0.215283736802708,0.0419876389449853,0.0309457254806194,0.0100207799267227,0.36649384342134,0.197937731002164,-0.148141948902951,-0.0764207607496924,-0.092794078519687,-0.00109077091761911,-0.00366030268235126,0.185848335900843
"4",0.104853713909496,-0.0909486781197388,-0.0249874426682209,1,0.155738146289511,0.06528950187606,-0.0642978443071155,0.0839974370516055,-0.0634215664209382,-0.102508087981667,0.0336947693604425,0.39110858964511,-0.126385525041782,-0.200200392853378,0.0303298753910336,0.190628210593426,-0.0777132922790303,-0.0750344882254168,-0.0712215075322863,-0.0509795609822624,0.0351009516757148,0.0483502769959539,0.0282082134014852,0.121100665497531,-0.0590895658314686,0.0435276410248234,0.0261383879455348,-0.0655476360055956,0.125880119211576,0.0500277822129164,0.0515760149278921,-0.0504881651441835,0.173708581658129,0.127315282165619,-0.0248899327425259,0.0239807214427354,-0.0444952328459235,0.0399988003284267,0.0354576482174403,0.0302237673198445,-0.0341506489072507,-0.0304495529560634,0.0805153863089272,0.199960362484313,-0.260112131384114,-0.0861020851765452,-0.159449467386547,-0.146680703897182,-0.121678771705426,-0.124987629282661,0.0301508984515008,0.0735360126988233,-0.159736606118069,-0.0418255287703605,-0.0481466171288243,0.145630165633178,0.032089050248155,0.126913505739083
"5",-0.0448603193278721,-0.00436088047388655,0.0249821819762829,0.155738146289511,1,0.0334950835203454,0.00957415123092025,-0.202412779672091,-0.12672105367361,-0.0778811518192918,-0.0571756802131986,0.0306998592849395,-0.102742254701116,-0.13925160934284,-0.0182775348705801,-0.0818900586634177,-0.0886675636274868,-0.0540106789282633,0.0500380165472087,-0.0122201675425511,0.0868615907852598,-0.0758105909404801,-0.0203469945249881,0.0709370122975724,-0.224155568833038,0.0476844594777311,-0.00909123306279473,-0.0741515270603512,0.037322473579508,0.177417620533549,-0.00722889814556705,-0.11426664048221,0.0571839200165449,0.0751788117546113,-0.0571629292736083,-0.127000419595003,0.111711332391016,0.0863292153096206,-0.0162184388770996,-0.179702467580829,-0.159186957213354,-0.112644410214754,0.0668425265553929,-0.268632230554571,-0.202487178876056,0.0845199256188822,-0.0291779499770538,0.0811835482961549,-0.174602434698952,-0.220881662128539,0.104754605205145,0.224977665585106,-0.0949893662790898,-0.145304544686082,-0.0491228844109635,-0.106624681729642,0.156518462238963,0.00016660127149857
"6",0.0846155529599233,-0.158623513907014,0.0885105542652233,0.06528950187606,0.0334950835203454,1,0.0594924673176653,-0.0324871618797882,0.00970486521357743,-0.0191648141923285,-0.0822344923078637,-0.100579479424328,0.139092311807631,-0.007894944443116,-0.0706003453170689,0.0108909703163321,0.105127134167224,0.151092720572873,0.0603491656895693,0.0864327104202474,0.147455212241362,0.00645772921735627,0.0345121637536241,0.0340733889749115,0.115567217294285,0.0166230663774061,0.00743537349198393,0.105591595584975,0.0512666109957109,0.0725608416459898,0.149461588366197,0.113958245136767,0.0641044801709924,0.067063622086285,0.0396785511023917,0.0687997881364808,-0.0191512582076669,0.00966526821238802,-0.0429204841586316,-0.025241363691042,-0.155110031154755,0.0316892542917142,-0.00447256187374593,0.0382968378412948,-0.0561874533158071,0.141751472649483,-0.122874028834858,0.0923342752441196,-0.120504859654639,0.118896200032387,0.135920904368622,-0.0272786115571672,-0.312802043458227,-0.114007465345075,-0.0398615219639092,-0.00539555873669471,0.0710370680943021,0.129787044412972
"7",0.177711013124088,0.091740500191698,0.205064167654261,-0.0642978443071155,0.00957415123092025,0.0594924673176653,1,0.157047326645557,0.0963368343494135,0.138376167347832,0.228843841894685,0.194686963487691,0.0410822372470421,0.0647080123023573,0.143016832580435,0.0529787454278167,-0.324291055850075,-0.0374699983464444,0.023077426415619,0.00408503542521157,0.0788326804527932,0.135178984327306,-0.146240150821431,-0.318088687069286,0.107905453140444,0.15253594737511,-0.0148587137957917,0.115522307299958,-0.0545295895413984,0.138441918234137,-0.214137444185635,-0.0314357605211606,0.0435130660475725,0.149310853378473,0.257731709833791,-0.0317732863975084,0.0554860651548167,-0.00442869026952467,0.121251662559859,0.184580311586986,0.273037291143345,0.113206725360203,-0.122652828761739,0.126169614512407,-0.00946970345393841,-0.0223469963766383,0.163940269002184,0.0547132446461161,-0.0697031694842782,0.0371415884328163,0.197130804569569,0.139696361542426,-0.0971256147001451,-0.00917925082292383,0.228598662074335,0.139031649912327,0.269287616644316,0.0904987063661834
"8",0.326266699493671,0.0266446205071354,0.0175600481135724,0.0839974370516055,-0.202412779672091,-0.0324871618797882,0.157047326645557,1,-0.13078694581945,0.170721045453306,0.0989953378509907,0.288811374363502,-0.0862138932082555,0.0572142527430997,0.070403776362422,-0.0450952938200206,-0.103517980272536,-0.107242668122394,-0.141360061354466,-0.21789272633411,-0.0699445376521891,0.255653856167744,0.0134867768912082,-0.0672360296740747,0.0885159072473425,0.12481158662136,-0.0898913445549389,-0.145582768374472,0.0559287574395317,0.00763145549116487,-0.0809164204197757,-0.183631452141949,-0.0923999399761763,-0.104379416617555,0.22349664096851,0.117748345632809,0.0586717321047379,0.13813720505312,0.0348664787059212,-0.024029170374118,0.168367609121955,-0.0307609632522134,-0.0199257847852534,0.216743455293843,-0.0856705072622385,-0.0811479421085988,0.0268262317627937,-0.0358640887971229,0.042572100252816,-0.018190007883515,0.0403083868753481,0.265217108530574,-0.00232260829926273,0.0145294016864623,0.0959721584971865,0.064321384634648,0.0170338872231515,0.174066591582813
"9",0.0475721938086941,0.0788138356941995,0.010762770733119,-0.0634215664209382,-0.12672105367361,0.00970486521357743,0.0963368343494135,-0.13078694581945,1,0.201766261300176,-0.0343726496857535,-0.0987011453550892,0.429564004048365,0.170178528732735,-0.0199847330685688,0.00044284495062303,0.0141322329321514,0.135754141947568,0.113573767402841,0.354843955714409,-0.147752077734563,-0.0767168583194569,-0.0244879204000606,-0.0164565468706825,0.128022784378979,-0.181834122074912,0.00634214623932485,0.0066067951096283,-0.134162004911507,-0.140220278630976,-0.10264925152662,0.146181372752349,0.282199402161479,0.120328506248944,-0.135672601386577,-0.0861712025262444,-0.00622999348561446,-0.0862023893245259,0.148038454583152,0.195802250526905,0.0773831484946551,0.00690630917217335,0.0929795473794702,-0.0301739386212255,0.228634621366449,0.0725495193144175,-0.0077496552056508,0.0143617485572615,0.165981823880961,0.147777853207142,0.0670407764855149,-0.108917038154821,0.0719965104283405,-0.225605076361969,-0.155481260622659,-0.0344917937280317,-0.139626764708379,-0.109222041714194
"10",0.0439291311781035,0.261052507617208,-0.0500636717347408,-0.102508087981667,-0.0778811518192918,-0.0191648141923285,0.138376167347832,0.170721045453306,0.201766261300176,1,0.0598808222327158,-0.0721853203354801,0.0848014031303776,0.304896134306154,0.0198937158137829,-0.0908628602342656,-0.109209823163023,0.00984831557434096,-0.0395547324610064,-0.0459376814695404,0.08072535072851,0.266502214033254,-0.0168018887863761,-0.0731161305698828,0.0408930272031677,-0.020252986402445,-0.139813823700698,-0.0662632879524711,-0.0429702661727865,-0.0811385402596541,-0.0863198324918463,-0.166111639834135,0.0310176348237556,-0.00059573791396846,-0.0806115678179215,-0.0776916731022132,-0.00618619486732582,0.143646777203596,-0.0240761265300386,-0.00446073536825666,0.0193212164399746,-0.254278808046378,-0.0147511273125792,0.00929284355351555,-0.00553346138599275,-0.0526797523357219,-0.0959646602581087,-0.0249125831171938,0.0718397012003447,0.00583006626777676,0.0680389333923358,-0.0920488889447189,0.269507732626512,-0.0360535122089269,-0.0142918242511226,0.0826926305657605,0.153360507858052,0.0398500066589501
"11",0.14889824033365,0.0875830624781612,0.271773530424302,0.0336947693604425,-0.0571756802131986,-0.0822344923078637,0.228843841894685,0.0989953378509907,-0.0343726496857535,0.0598808222327158,1,0.0602744924792173,0.0949986467189615,-0.135988279420264,0.0761078870448202,-0.131653309898827,-0.0993271978185395,0.017154287339928,-0.129616690707506,-0.12255958107221,-0.0109112850516696,0.156654806730031,-0.127186113948013,-0.248926558551545,-0.0598006471351027,-0.0234175721379038,0.119106483580614,0.164149604170038,0.265628753515776,0.0931260708261187,-0.100353146651427,0.0719023961729094,0.0127334370282358,0.102641139298409,0.161844084116608,0.0370126508150704,0.220748263198322,0.036094815397431,0.110926755606421,0.110919301673784,0.0908233174501266,-0.00892146925979391,-0.131381550701641,0.0446654385944675,-0.081612739422915,0.0563112829646227,-0.0657428399792304,-0.119528592443789,-0.224248938315212,-0.0222210810691471,0.164079949759706,0.115903917639055,0.133985474753443,0.215811103367406,-0.0593198273639618,0.111965500392679,-0.194469157719668,-0.0809713234732065
"12",0.190361697040699,0.120188026626747,-0.0333577124674837,0.39110858964511,0.0306998592849395,-0.100579479424328,0.194686963487691,0.288811374363502,-0.0987011453550892,-0.0721853203354802,0.0602744924792172,1,-0.149695169191529,-0.259976469622493,0.0553112149620853,0.104001005408313,-0.289126196480824,-0.207875509983376,-0.061271345743197,-0.034492094220287,0.137272660639749,-0.037213782702671,-0.00394014062994542,-0.0244716709961182,0.0627239210120356,0.0476777550973909,-0.0386388092029466,0.0540950479445647,0.150525857858471,0.227558049838901,-0.0498010329977224,-0.0777704105351603,-0.140922537500964,0.189971220940688,-0.100994340582949,0.0900360981762344,-0.0194229964369252,0.168322416487898,0.0176654823387941,-0.015997554254365,0.132610440373171,0.0247549758867056,-0.0186921143116062,0.076522237624973,-0.0496340777045524,-0.125149720440291,-0.067062495692261,0.0354373123228496,-0.202867193929914,-0.238446317435215,-0.00911126970354652,0.102490902058191,-0.0390722723514344,0.071991480074314,0.0396310784084611,0.120769652388968,0.245321796996268,0.11162685533111
"13",0.153205522565107,-0.122341439019161,0.267551851023834,-0.126385525041782,-0.102742254701116,0.139092311807631,0.0410822372470421,-0.0862138932082555,0.429564004048365,0.0848014031303776,0.0949986467189615,-0.149695169191529,1,0.361038179035119,-0.083521565855976,0.0701443945541177,0.261540557413553,0.35017608298462,0.244433861376839,0.521922545348135,-0.149905125657366,-0.30599081625967,-0.0383843858913682,-0.0491587681311892,0.22169133292447,-0.241953835938635,0.161813501276713,0.197954217864695,-0.0568057197287547,1.48394142005681e-05,0.10857730498809,0.325383927166366,0.394891140303867,0.321502553495653,0.152950815731676,0.0257631210420705,0.0704828312879186,0.0062241466483966,0.145175662050452,0.0898044737598591,0.144503969513165,0.242129506161091,0.0864962950778292,0.260326769015398,0.301040637818863,0.194148976855041,0.098818740816517,0.101532265218835,0.384842310691877,0.365206940993703,0.183385041911126,-0.058700864995603,-0.025821809231332,-0.151736272590827,-0.244011945675561,-0.0191052810391434,-0.142512409351676,-0.103340065736987
"14",-0.115649624419471,-0.0478539505236762,-0.101982140854572,-0.200200392853378,-0.13925160934284,-0.007894944443116,0.0647080123023573,0.0572142527430997,0.170178528732735,0.304896134306154,-0.135988279420264,-0.259976469622493,0.361038179035119,1,-0.133676332940831,0.147621803371101,0.0955500470912706,0.334702936892622,0.174994695094781,0.175306882624701,0.0131938487326057,-0.00873983250317457,-0.0720310413883636,-0.187147274915832,0.151746208383381,-0.102664690092717,-0.0700760592604335,-0.0329569194062548,-0.277044391281374,-0.0626092643212715,0.0449276649606043,-0.0324689827942291,0.0986503135633837,-0.0247310998774803,0.101902484127148,0.00730520539474924,-0.225366813217597,0.0089803908971361,-0.0653268797601547,-0.0177460627289981,0.14940072877519,0.20732384451139,0.154713534392782,0.274016823649773,0.1205519575782,0.0846802774670224,0.102135542539424,0.132522195026951,0.303710238622536,0.699895159214294,-0.0667852534801149,-0.191969544915619,0.139834018780213,-0.00149858764321739,0.0164551184727611,-0.0877028584106191,0.146359829732312,-0.110291967877233
"15",0.114237494341871,0.0717668538405481,0.020290378985588,0.0303298753910336,-0.0182775348705801,-0.0706003453170689,0.143016832580435,0.070403776362422,-0.0199847330685688,0.0198937158137829,0.0761078870448202,0.0553112149620853,-0.083521565855976,-0.133676332940831,1,-0.0605677816254348,-0.191890117521718,-0.125474004532991,0.00824952079250887,0.0354844166577509,0.0211998630370031,0.101527697872239,-0.0651888232649085,-0.150495216220576,-0.0634159627800252,0.070088883015341,0.189970972325366,0.113867784236898,0.168644951856347,0.00605618642168266,0.189746948613419,0.0823860272482855,0.180745954717094,-0.0382484395746691,0.0164867438158367,-0.022480775550304,-0.030782016501938,0.114727428219888,0.248560918526134,0.104686115694776,0.102504186384826,-0.0824681973597976,-0.0157373460648429,0.00319608063478341,-0.138890598774561,0.112749987163812,-0.0338626171882587,-0.0983962568567938,-0.122961212651474,-0.166482615764073,0.185345770195871,0.116093707848827,-0.102456487942396,-0.0370231227847067,0.0555256315172835,-0.0409185960820244,0.0354009901310182,0.00196872017955011
"16",-0.0164907569898013,0.0470989908931114,0.00268227787501248,0.190628210593426,-0.0818900586634177,0.0108909703163321,0.0529787454278167,-0.0450952938200206,0.00044284495062303,-0.0908628602342656,-0.131653309898827,0.104001005408313,0.0701443945541177,0.147621803371101,-0.0605677816254348,1,0.0143170331317594,0.124222695007243,-0.0209439130689069,0.167002284535559,0.0224740148365709,0.00145323082028968,-0.158768356071587,0.064592022009292,0.262048563188581,0.0897683607386264,0.0276210101075774,-0.038580954215766,-0.115877745580532,0.20509848021453,-0.128706225888927,0.0666418526123655,0.0507049309553656,0.0955210485019413,-0.0248221498388545,0.237078842569994,-0.125043732149397,0.0590940126021145,-0.0849003340577188,-0.00083632804548129,0.0868645765362844,0.0526156994147065,-0.0332251735685511,0.201031409788385,0.0408227676722034,0.067600519874585,0.0372787714206164,0.170754859064118,-0.0360236527535269,0.117985616000785,0.133617433811934,0.168371449816774,-0.109395171144847,-0.232309610134527,0.0553498079834468,0.186705611419099,0.20523893815157,0.122607203531658
"17",-0.116002371671027,-0.140315537576016,-0.0260388193508097,-0.0777132922790303,-0.0886675636274868,0.105127134167224,-0.324291055850075,-0.103517980272536,0.0141322329321514,-0.109209823163023,-0.0993271978185395,-0.289126196480824,0.261540557413553,0.0955500470912706,-0.191890117521718,0.0143170331317594,1,0.377758225129134,0.305952890468571,0.251206255555554,-0.0699007099701177,-0.224675771156325,0.0425094442625841,0.19706945516514,0.185522365940462,-0.167001348714318,0.240118033574984,0.13997060383761,0.0175883011942178,-0.181261451871353,0.282824084421857,0.333255111444539,0.177799971008826,0.061968636548561,0.0931511361452383,-0.025521777973616,0.179375071712013,-0.138242139661754,-0.0686983565254447,-0.0744232013392529,-0.14023169190128,0.0347373719021647,0.17727946329613,0.113868192759493,0.222290744995534,0.189940331301247,-0.0244936133692357,0.0295428007936799,0.274833694463265,0.271349481046168,-0.0102927637576509,0.015042459538235,-0.107888950492577,-0.0225470916386609,-0.0458722474775567,-0.0880251453981479,-0.154707323754705,0.0055181244949518
"18",0.00540152295302878,0.015377732853847,0.123678974530629,-0.0750344882254168,-0.0540106789282633,0.151092720572873,-0.0374699983464444,-0.107242668122394,0.135754141947568,0.00984831557434096,0.017154287339928,-0.207875509983376,0.35017608298462,0.334702936892622,-0.125474004532991,0.124222695007243,0.377758225129134,1,0.179360895161742,0.342333606983807,-0.181779112213549,0.0372063492747574,0.200183599743918,0.196943380828086,0.216446690428723,-0.147529823712655,0.232845206383105,0.283762495697519,-0.0143072783800683,0.00105901151148594,0.253548178905431,0.358861634628022,0.368824661287259,0.164710606539501,0.0123649484518082,-0.0323191927223003,-0.0339454496511063,-0.0673936405962434,0.219899611727516,0.216093644978067,0.244680021457474,0.357745802723402,0.31036325998598,0.266218227737573,0.153436743745959,0.277556198728379,0.0707347070233399,0.191837695995206,0.394358896868162,0.62146089065576,0.191320253045023,-0.0504479298145939,-0.00805580795139278,0.0704392017993358,-0.114324759877808,-0.103564565707769,-0.0824434412663405,0.0967045400889574
"19",0.090198605644992,-0.257118044179781,0.0884236566538584,-0.0712215075322863,0.0500380165472087,0.0603491656895693,0.023077426415619,-0.141360061354466,0.113573767402841,-0.0395547324610064,-0.129616690707506,-0.061271345743197,0.244433861376839,0.174994695094781,0.00824952079250887,-0.0209439130689068,0.305952890468571,0.179360895161742,1,0.30690569063793,0.238831806247404,-0.250362764416889,-0.00241131395834409,-0.14301794648613,0.348281987476627,-0.307565472336172,-0.0855036822484822,0.0655978096607137,0.123098594959355,0.0614956471391747,0.439698014623659,0.366861153500684,0.238902318135541,0.143797166884376,0.146246497816092,-0.197518286590596,-0.00298745028318861,-0.056727526183054,0.00273818968883427,-0.00986123942910879,-0.0574614233719674,0.0832025407273556,0.219534329356058,0.118307883973576,0.16112299179556,0.285152734594969,0.16499652097772,0.168693859309973,0.153860543972907,0.158778728429422,0.110718512465849,-0.0117043717200351,-0.183453274508191,-0.0613424975470912,-0.0893531279593128,0.0142793313943248,0.0964401702510629,0.117887070884815
"20",-0.0364740006173784,0.0334179981175644,0.159761069333303,-0.0509795609822624,-0.0122201675425511,0.0864327104202474,0.00408503542521157,-0.21789272633411,0.354843955714409,-0.0459376814695404,-0.12255958107221,-0.034492094220287,0.521922545348135,0.175306882624701,0.0354844166577509,0.167002284535559,0.251206255555554,0.342333606983807,0.30690569063793,1,-0.084699107889449,-0.291882260748689,0.00655526553395783,0.0218267662341412,0.183341241414169,-0.142037060197649,0.234810128169994,0.206191491290442,0.0153823535688931,-0.147656227872929,0.267453920962296,0.555323333535105,0.366274543144293,0.192599897459417,0.0377238321606905,0.0467335112904014,0.0671766923802409,0.145786054915188,0.115484323768163,0.11215636607939,0.168536960379028,0.0993389977390806,0.0988351800479464,0.104951264831934,0.160480132887344,0.198777565268254,-0.0150733008765664,0.137243433640376,0.346136371948902,0.228458586434475,0.0598296393582407,-0.0848033670855932,-0.0427458543777581,-0.196902488819295,-0.144096311642889,0.00424980960574052,0.0649969732325678,-0.0778979053758639
"21",0.0870239933247839,-0.0973164336537673,0.0212299008945595,0.0351009516757148,0.0868615907852598,0.147455212241362,0.0788326804527932,-0.0699445376521891,-0.147752077734563,0.08072535072851,-0.0109112850516696,0.137272660639749,-0.149905125657366,0.0131938487326057,0.0211998630370031,0.0224740148365709,-0.0699007099701177,-0.181779112213549,0.238831806247404,-0.084699107889449,1,-0.0513303084836085,0.212671663330016,0.088850087355307,0.0678056196353292,0.0237455277064234,-0.27126336165362,-0.021041381904631,-0.0557953858536674,0.147832155727781,0.214399961595447,0.0531024882883006,-0.0110408006061092,0.0133081882197,0.0678861748764771,-0.149246216295562,0.102748672522244,0.115065730233461,-0.231994587820543,-0.215750673844011,-0.186588723913009,-0.191434666548954,-0.0423434080641231,-0.155104420610912,0.0857635355018321,0.153287301463727,-0.00228629072172712,0.0374998784259835,-0.211763844226273,-0.195862716607206,-0.163497760442428,-0.0868583883522679,-0.044508501950792,-0.0505402498127378,0.206414878432778,0.0851527874069512,0.243707458119475,0.0906990584319454
"22",0.0274355467341596,0.291158725187381,-0.0014900140399344,0.0483502769959539,-0.0758105909404801,0.00645772921735626,0.135178984327306,0.255653856167744,-0.0767168583194569,0.266502214033254,0.156654806730031,-0.037213782702671,-0.30599081625967,-0.00873983250317457,0.101527697872239,0.00145323082028968,-0.224675771156325,0.0372063492747574,-0.250362764416889,-0.291882260748689,-0.0513303084836085,1,0.0851405721445849,0.0621903841108846,-0.00221543107597006,0.204139257446831,-0.0332451599683375,-0.0145784856186041,-0.0673657525978039,0.153806848337716,-0.182269848480499,-0.227706740148364,-0.00129941822424974,-0.106613845944297,0.103957785875296,0.0181730989992835,0.0426287863413165,0.0298559373541829,0.190591887803152,0.180630047480207,0.272349963828712,-0.00370612938973632,-0.0835869212750642,0.0306962051062867,-0.185376118483484,0.0513774270266047,0.152833096378024,-0.0371041946569381,-0.0581706793036556,0.100793384735506,0.0472140412535426,0.0844594713066623,0.141624961507482,0.107649131838996,0.108856910813812,0.0269434589669823,0.0226885867432886,0.132903721115853
"23",0.0579501898649671,0.00341189820371582,-0.081834986127795,0.0282082134014852,-0.0203469945249881,0.0345121637536241,-0.146240150821431,0.0134867768912082,-0.0244879204000606,-0.0168018887863761,-0.127186113948013,-0.00394014062994542,-0.0383843858913682,-0.0720310413883636,-0.0651888232649085,-0.158768356071587,0.0425094442625841,0.200183599743918,-0.00241131395834409,0.00655526553395783,0.212671663330016,0.0851405721445849,1,0.602769010114888,-0.143379320315137,-0.0167405991127336,0.0428673773936218,0.0286537163453667,-0.07855431756418,-0.197199153940373,0.140717974972105,0.0532795027815735,0.158396529584552,-0.0963040569744501,-0.0951497167034139,-0.201076326465581,-0.0699981417438622,-0.138972831990697,0.131256074701368,0.0160579726650338,0.0752516775544367,0.00761417552264274,0.166380049154486,-0.0987242373716917,0.168436544606463,0.0789507276995978,0.112133454105665,0.220037006933912,0.274982974915408,0.0847258791673863,-0.123876850452229,-0.00566026509462488,-0.0423349058385433,-0.0590916280607277,0.0914058038088422,-0.00449157045928081,0.0699896008944497,0.0951183331746423
"24",0.0839090970201925,-0.0153893902546243,0.049446732436086,0.121100665497531,0.0709370122975724,0.0340733889749115,-0.318088687069286,-0.0672360296740747,-0.0164565468706825,-0.0731161305698828,-0.248926558551545,-0.0244716709961182,-0.0491587681311892,-0.187147274915832,-0.150495216220576,0.064592022009292,0.19706945516514,0.196943380828086,-0.14301794648613,0.0218267662341412,0.088850087355307,0.0621903841108846,0.602769010114888,1,-0.0925584651317967,0.0834334064459597,0.114999850988362,0.0914015921096776,-0.122627877028495,-0.08544742924108,0.0929282096692557,0.0805825851042984,0.11213894376311,0.0182643756927934,-0.137668765979033,-0.0260654835361594,0.0356004241275149,-0.0220988799585246,-0.0328192970629067,0.0102186375588122,0.034069471614024,0.0055462835501926,0.187546404224575,-0.127686667532353,0.22849019685167,0.0786221193211983,0.0699711565564822,0.149949351375181,0.183386571188901,-0.0613926791313259,-0.147507506518854,0.109764015958601,-0.151854786614247,-0.0989160930864064,-0.0139288078406686,0.034188392342634,-0.0195552454401581,0.0842751330150282
"25",0.153551191635226,-0.0554983735926918,0.146233885139988,-0.0590895658314686,-0.224155568833038,0.115567217294285,0.107905453140444,0.0885159072473425,0.128022784378979,0.0408930272031677,-0.0598006471351027,0.0627239210120356,0.22169133292447,0.151746208383381,-0.0634159627800252,0.262048563188581,0.185522365940462,0.216446690428723,0.348281987476627,0.183341241414169,0.0678056196353292,-0.00221543107597006,-0.143379320315137,-0.0925584651317967,1,-0.212609779905118,-0.00459285306365988,0.106520628821168,-0.0448215404790756,0.206245105734418,0.138530902213982,0.218712598782337,0.209044599223663,0.323424606742978,0.0774548415552211,0.171191055324444,0.109126286433073,0.142230519590368,-0.0396151261319663,0.201132621730854,0.200980677689973,0.221509552479854,0.137286825705429,0.210447841223316,0.0991163270679321,0.17045329379918,0.257389517282017,0.283310357821938,0.17029740078382,0.236191291842504,0.227673106424895,0.0321083547621875,-0.125833619878326,-0.0796135178443332,-0.0314435703071924,0.169391945401034,0.102729208595877,0.0453251346966885
"26",0.0230714529785873,0.171973191237428,0.0557049266343851,0.0435276410248234,0.0476844594777311,0.0166230663774061,0.15253594737511,0.12481158662136,-0.181834122074912,-0.020252986402445,-0.0234175721379038,0.0476777550973909,-0.241953835938635,-0.102664690092717,0.070088883015341,0.0897683607386264,-0.167001348714318,-0.147529823712655,-0.307565472336172,-0.142037060197649,0.0237455277064234,0.204139257446831,-0.0167405991127336,0.0834334064459597,-0.212609779905118,1,-0.0523921715963442,-0.272747430717532,-0.08190848123734,0.0967462296383523,-0.225303766895479,-0.261006290624954,-0.0244351602508734,0.0773288829805233,-0.0248584186188171,0.224033075261215,-0.233166153113601,-0.0646996686625552,0.110357206659166,-0.0265510132055845,0.193605322138247,-0.0701975425210971,-0.0487333975251138,0.0127916787399693,-0.0534988354032073,-0.229550596313085,0.026240442967074,-0.215401446300231,-0.0716084089280002,-0.173276475166826,0.0527253001231969,0.0562770096059853,0.00622724822467384,-0.0882885841828435,0.334702522444302,0.130656548208672,0.189916384222173,0.188501085633917
"27",0.0766776627931606,0.0207448910155812,0.0869324704751466,0.0261383879455348,-0.00909123306279473,0.00743537349198393,-0.0148587137957917,-0.0898913445549389,0.00634214623932485,-0.139813823700698,0.119106483580614,-0.0386388092029466,0.161813501276713,-0.0700760592604335,0.189970972325366,0.0276210101075774,0.240118033574984,0.232845206383105,-0.0855036822484822,0.234810128169994,-0.27126336165362,-0.0332451599683375,0.0428673773936218,0.114999850988362,-0.00459285306365988,-0.0523921715963442,1,0.440866296369577,0.273848245807026,0.0878748611926292,0.130907351646117,0.166435207937658,0.179289150364981,0.00356961071698223,-0.0139479527062946,-0.0689564615484615,0.110730618893727,0.00331231194476828,0.274187300435082,0.0857107579088151,0.233769686959737,0.202641424186525,0.0650586291139395,0.217868333683281,0.0639767321767363,0.225032401609679,-0.0399445843693939,0.0356538638579061,0.0660926120797072,0.158236150157058,0.240592367601892,0.255468215721973,-0.159236369467127,-0.0688476810319134,-0.129815521535192,-0.0840542356261374,-0.0856371778447762,-0.0488108115165474
"28",0.103177986817668,0.0804669200726915,0.255624713255821,-0.0655476360055956,-0.0741515270603513,0.105591595584975,0.115522307299958,-0.145582768374472,0.0066067951096283,-0.0662632879524711,0.164149604170038,0.0540950479445647,0.197954217864695,-0.0329569194062548,0.113867784236898,-0.038580954215766,0.13997060383761,0.283762495697519,0.0655978096607137,0.206191491290442,-0.021041381904631,-0.0145784856186041,0.0286537163453667,0.0914015921096776,0.106520628821168,-0.272747430717532,0.440866296369577,1,0.259472996102643,0.220268670264594,0.199667789621244,0.226273803948046,0.214896185764257,0.150339733163328,0.0818969069540604,-0.0826278700599819,0.256726659030277,0.232635887004477,0.270486935276174,0.162313175825365,0.26534603371714,0.155807857533154,0.218988936798345,0.0689333357520932,0.232304938460371,0.372247233384125,0.0944952213219835,0.127668351529601,0.0899852253380937,0.184405098400374,0.126608807025815,0.120230859261758,0.00712476572590149,0.141927659036372,-0.17672904771604,-0.10582741192453,-0.219461447236093,-0.112978088054331
"29",0.217865966110689,0.00232015068688758,0.183263378729019,0.125880119211576,0.037322473579508,0.0512666109957109,-0.0545295895413984,0.0559287574395317,-0.134162004911507,-0.0429702661727865,0.265628753515776,0.150525857858471,-0.0568057197287547,-0.277044391281374,0.168644951856347,-0.115877745580532,0.0175883011942178,-0.0143072783800683,0.123098594959355,0.0153823535688931,-0.0557953858536674,-0.0673657525978039,-0.07855431756418,-0.122627877028495,-0.0448215404790756,-0.08190848123734,0.273848245807026,0.259472996102643,1,0.15338541779096,0.203282066057245,0.140060275955039,0.117757171579826,0.14270324382219,0.0840891823640109,-0.0517558011116242,0.188565155000471,0.165752932835851,0.245274018252329,0.12160968452995,0.0281562788950451,-0.137251618026526,0.211017331256708,0.0262532825199445,0.0161561266576544,0.244388222898573,-0.128277376537477,-0.0517334641401506,-0.0680824571739032,-0.131565419830548,0.319612010769138,0.173600217603122,-0.16531076513742,-0.019763841406715,-0.0575118786602628,-0.0270091283919688,-0.0779805079117644,-0.0417133760894356
"30",0.285511901050995,0.139511558863777,0.281887875919452,0.0500277822129164,0.177417620533549,0.0725608416459898,0.138441918234137,0.00763145549116487,-0.140220278630976,-0.0811385402596541,0.0931260708261187,0.227558049838901,1.48394142005681e-05,-0.0626092643212715,0.00605618642168266,0.20509848021453,-0.181261451871353,0.00105901151148594,0.0614956471391747,-0.147656227872929,0.147832155727781,0.153806848337716,-0.197199153940373,-0.08544742924108,0.206245105734418,0.0967462296383523,0.0878748611926292,0.220268670264594,0.15338541779096,1,-0.00283108555647649,-0.0172386204523911,0.0244940471551228,0.155135103927366,0.0508843368474923,0.087410782800676,0.0946269731643451,0.254610798131656,0.114676179340905,-0.0257884125559862,0.0578757569509446,0.161617309420209,-0.0188904386654946,0.0398031682187844,-0.0546226891725099,0.0368563660484631,0.137667266643601,0.0468610052684247,-0.301115816718503,-0.0481370236123973,0.134341552415493,0.0585948878845006,-0.156330774274949,-0.101573673135262,0.0299779631894018,0.0184087337781051,0.115515457901096,0.145587684893436
"31",-0.0220936168351802,-0.262185308649933,-0.0295237997007237,0.0515760149278921,-0.00722889814556705,0.149461588366197,-0.214137444185635,-0.0809164204197757,-0.10264925152662,-0.0863198324918463,-0.100353146651427,-0.0498010329977224,0.10857730498809,0.0449276649606043,0.189746948613419,-0.128706225888927,0.282824084421857,0.253548178905431,0.439698014623659,0.267453920962296,0.214399961595447,-0.182269848480499,0.140717974972105,0.0929282096692557,0.138530902213982,-0.225303766895479,0.130907351646117,0.199667789621244,0.203282066057245,-0.00283108555647649,1,0.411100252815595,0.254558021995686,-0.0327078840331825,0.110940020441652,-0.00537706004182766,-0.0801135321837495,0.12126392321618,0.124890176589506,0.133646657142927,-0.0949625397797978,0.0558891235098084,0.212795898614309,0.169931718350661,0.0612097776527463,0.276164714747349,-0.0281052672002724,0.0943786344226326,0.144501598592868,0.128920260237214,-0.0294743453630614,-0.197685417021917,-0.118730680744194,0.115418595408143,-0.107086887093776,-0.0881513872149918,0.045003996919336,0.0472086495016397
"32",0.0306482702927243,-0.201462900035008,0.134404433219336,-0.0504881651441835,-0.11426664048221,0.113958245136767,-0.0314357605211606,-0.183631452141949,0.146181372752349,-0.166111639834135,0.0719023961729094,-0.0777704105351603,0.325383927166366,-0.0324689827942291,0.0823860272482855,0.0666418526123655,0.333255111444539,0.358861634628022,0.366861153500684,0.555323333535105,0.0531024882883006,-0.227706740148364,0.0532795027815735,0.0805825851042984,0.218712598782337,-0.261006290624954,0.166435207937658,0.226273803948046,0.140060275955039,-0.0172386204523911,0.411100252815595,1,0.194053626036203,0.0996684931591545,0.0684503867366703,-0.13043698340596,0.101418341353462,0.0120470659519942,0.0404177894891432,0.0881381710387237,-0.0741103178544894,0.100835398013943,0.116093095549324,0.170286875169458,0.0985901926238485,0.269776835197694,-0.0567200256207085,-0.00087390663915023,0.0811096794050091,0.0723349041535053,0.0385200155926122,-0.120563936259857,-0.143530088582869,0.0714523814107741,-0.192755161753801,0.0156916942028022,-0.0743645788091553,-0.0610167745911844
"33",0.179549915595008,-0.00498879477870794,0.196378170305839,0.173708581658129,0.0571839200165449,0.0641044801709924,0.0435130660475725,-0.0923999399761763,0.282199402161479,0.0310176348237556,0.0127334370282358,-0.140922537500964,0.394891140303867,0.0986503135633837,0.180745954717094,0.0507049309553656,0.177799971008826,0.368824661287259,0.238902318135541,0.366274543144293,-0.0110408006061092,-0.00129941822424974,0.158396529584552,0.11213894376311,0.209044599223663,-0.0244351602508734,0.179289150364981,0.214896185764257,0.117757171579826,0.0244940471551228,0.254558021995686,0.194053626036203,1,0.224210034751897,0.106188632631041,-0.0448097084808664,0.136710413722917,0.0692305817576772,0.376977105573798,0.262697662576021,0.200120287191914,0.105564165994478,0.263456719090091,0.130012011221378,0.199177371308769,0.310435171353698,0.120221171065552,0.13494902009572,0.259106272740595,0.24450109659424,0.222214900745489,0.0073558984791241,-0.135702743001682,-0.245723236917009,-0.154555541403892,-0.0418891724687689,0.0437096782688633,0.0659031022377555
"34",0.0920543746858912,-0.0359233296780433,0.267477154800342,0.127315282165619,0.0751788117546113,0.067063622086285,0.149310853378473,-0.104379416617555,0.120328506248944,-0.00059573791396846,0.102641139298409,0.189971220940688,0.321502553495653,-0.0247310998774803,-0.0382484395746691,0.0955210485019413,0.061968636548561,0.164710606539501,0.143797166884376,0.192599897459417,0.0133081882197,-0.106613845944297,-0.0963040569744501,0.0182643756927934,0.323424606742977,0.0773288829805233,0.00356961071698223,0.150339733163328,0.14270324382219,0.155135103927366,-0.0327078840331825,0.0996684931591545,0.224210034751897,1,0.113541774095593,0.243483187460449,-0.0224785325317737,-0.0143039603276235,0.139797942428864,0.225558679626215,0.201857852919815,0.10638812050475,0.0178100925131599,0.0406633911304445,0.18118252944679,0.0359153339580105,0.0876814127215468,0.132901296901672,0.00560148426924195,0.0183927124725885,0.230227045646887,0.0794870364217846,-0.158019889476654,-0.079827452712639,-0.029281142362797,0.0756790423241562,-0.0463846573750265,-0.0334524023235039
"35",0.163085090450694,-0.318439261185843,0.00604390690593822,-0.0248899327425259,-0.0571629292736083,0.0396785511023917,0.257731709833791,0.22349664096851,-0.135672601386577,-0.0806115678179215,0.161844084116608,-0.100994340582949,0.152950815731676,0.101902484127148,0.0164867438158367,-0.0248221498388545,0.0931511361452383,0.0123649484518082,0.146246497816092,0.0377238321606905,0.0678861748764771,0.103957785875296,-0.0951497167034139,-0.137668765979033,0.0774548415552211,-0.0248584186188171,-0.0139479527062946,0.0818969069540604,0.0840891823640109,0.0508843368474923,0.110940020441652,0.0684503867366703,0.106188632631041,0.113541774095593,1,0.14436482958608,0.16374254567433,0.176472859780087,-0.0389480078041048,-0.0035604673361557,0.042052945616218,0.0219686147447858,-0.189799161734235,0.0859034420344587,-0.0405920534663341,-0.0227238772384749,0.0162501348730492,-0.0901829060071092,-0.0292359858406647,0.0665796837831712,-0.0221933196347647,-0.0123332876162915,-0.15268734497864,-0.0243398134180888,-0.0362544817473124,0.0199394616362943,-0.088362161990969,0.00512841013249716
