"","l_Insular.Cortex","r_Insular.Cortex","l_Amygdal.Area","r_Amygdal.Area","l_Bed.Nucleus.of.the.Stria.Terminalis","r_Bed.Nucleus.of.the.Stria.Terminalis","l_Hippocampus","r_Hippocampus","l_Orbitofrontal.cortex","r_Orbitofrontal.cortex","l_Entorhinal.Cortex","r_Entorhinal.Cortex","l_Frontal.Association.Cortex","r_Frontal.Association.Cortex","l_Globus.Pallidus","r_Globus.Pallidus","l_Glomerular.Layer.of.the.Accessory.Olfactory.Bulb","r_Glomerular.Layer.of.the.Accessory.Olfactory.Bulb","l_Glomerular.Layer.of.the.Olfactory.Bulb","r_Glomerular.Layer.of.the.Olfactory.Bulb","l_Granule.Cell.Level.of.the.Cerebellum","r_Granule.Cell.Level.of.the.Cerebellum","l_Hypothalamic.Region","r_Hypothalamic.Region","l_Entorhinal.Cortex","r_Entorhinal.Cortex","l_Vermix.Molecular.Layer.of.the.Cerebellum","r_Vermix.Molecular.Layer.of.the.Cerebellum","l_Lateral.Molecular.Layer.of.the.Cerebellum","r_Lateral.Molecular.Layer.of.the.Cerebellum","l_Anterior.Olfactory.Bulb","r_Anterior.Olfactory.Bulb","l_Posterior.Olfactory.Bulb","r_Posterior.Olfactory.Bulb","l_Subiculum","r_Subiculum","l_Perirhinal.Area","r_Perirhinal.Area","l_PreLimbic.System","r_PreLimbic.System","l_Primary.Cingular.Cortex","r_Primary.Cingular.Cortex","l_Primary.Motor.Cortex","r_Primary.Motor.Cortex","l_Retrosplenial.Cortex","r_Retrosplenial.Cortex","l_Secondary.Cingular.Cortex","r_Secondary.Cingular.Cortex","l_Secondary.Motor.Cortex","r_Secondary.Motor.Cortex","l_Striatum","r_Striatum","l_Ventral.Tegmental.Area","r_Ventral.Tegmental.Area","l_Substantia.Nigra","r_Substantia.Nigra","l_Thalamus","r_Thalamus"
"1",1,0.382736328668728,0.0969615839008536,0.0985474122274294,0.191478226440425,0.0266997594696125,0.0138536953331539,0.00013227768292608,0.348465663727048,0.152023539923811,0.0638853745365362,0.171480193645596,-0.0141912491043568,-0.0629586078904847,0.110559107892197,-0.00232249932046041,-0.0135296021315006,0.0723762618787141,0.0365484336921339,0.0169168794531227,0.0559424599691675,0.0586392041738862,-0.0156159561331682,-0.0907601549038374,0.0874659996635037,-0.0702676772432882,0.0604472254102932,-0.030390135433624,0.0227834759372618,-0.27065448140653,-0.0860943537507624,0.12975932526113,0.110501516584526,0.20034471151813,-0.00367648548313271,-0.00046676668354171,0.115507043599845,0.00170896600604149,0.105246876615224,0.165142438826075,-0.0253253932984485,-0.0354158365307668,0.118444419877385,0.209398590809319,-0.146152211240837,0.0802256994751716,0.0149597540569939,0.00745077979526253,0.0547378620339652,0.115846960482427,0.307354749366566,0.258477122373028,-0.111266685490509,-0.0376470868679382,0.0694063447051658,-0.153882676776326,-0.0196844304092649,-0.10181530062183
"2",0.382736328668728,1,0.125651683589146,-0.0400045734914071,0.0530746735752266,0.015649662957588,0.126120311178002,-0.00133371131741862,0.330310096302836,0.361084667804878,0.0210699109691595,0.281199479001829,0.125806094428266,-0.00824709916537486,0.145888861043185,-0.00677325489327301,0.138217592037846,-0.0331488453386657,-0.131478868548193,-0.067819949082513,0.0995971099082593,0.0220582128750429,-0.180131682088593,-0.184114104329783,-0.00107409914805514,-0.111364455752402,0.125702233640469,0.0566987369764293,0.0351941931072487,-0.0749666874106537,-0.251894553209603,-0.217187708564592,-0.0279894525064663,0.215688015904541,0.0669814435195403,-0.192076179433677,0.150823604818024,0.0990296960808895,0.0194943592107555,0.091343703214268,-0.0327101920210918,-0.0047964872915089,0.151670843533264,0.213785243417326,-0.346487790127141,0.167004392596337,-0.0848284495279145,-0.0652739062160407,0.17062172174294,0.210953558035432,0.300313036888403,0.0800480929507549,-0.00858566961995643,0.0191094811196047,-0.116434558701457,-0.127145130661338,-0.0393885825194541,-0.0940790187230781
"3",0.0969615839008536,0.125651683589146,1,0.0767404745262477,-0.0106491736207145,-0.0634059982266831,0.0925880543385422,-0.0341072563511242,-0.0377773301135604,0.0872025694891555,0.181453023347564,0.0386039153119863,0.0834393388147441,0.140166683834921,0.240958810755278,0.0100565605258791,0.0362353276799283,-0.087135675220592,-0.023298851132289,-0.0229562523579383,0.0353003244517371,0.10490944176052,-0.0334071782258679,0.170258926943589,0.245619308574541,0.0364152383526216,-0.0869759328962312,0.0525609336335323,-0.0330980532224991,0.0268427698558826,-0.129585177999361,0.0226586589695237,0.130836498177692,0.0286104817841494,0.129194123975806,0.00690263974914335,0.0571275542123233,0.0620178546629984,0.0895360536064702,0.153535899157825,0.0131766270963873,-0.0357185939966003,-0.09963088443226,-0.0065713437246233,-0.0427726194909426,-0.0914815317155032,0.0126854874290658,-0.0336365797676596,0.0192113153835653,0.011888159074144,0.0972951482483464,0.161960273399484,0.0773582819009309,0.0999930156462679,-0.0193022419258218,-0.0206697614959767,-0.0628095813417758,-0.0179569299366799
"4",0.0985474122274294,-0.0400045734914071,0.0767404745262477,1,0.0516199893913958,0.0960215327579712,-0.00014980778753051,0.174527931280871,0.0245987527543414,0.00844253332618777,0.0553552595829043,0.0455524842146991,0.032569870470217,0.0545324438469455,0.0716854323624192,-0.00021936036997143,0.0486358936557843,0.199984745750025,0.245600790276306,0.084532383240781,0.151909707233805,0.0183511292982222,0.0520071179705233,-0.209597512530537,0.023499052505718,0.210032332000616,0.0445207522881305,-0.00310882968287222,0.0181160872111982,-0.0722926109884896,0.263155427011298,0.0873703012572889,-0.105250999332325,0.153653359484364,-0.0385661908613273,-0.0179952862856566,0.0839976029147006,0.079028482274084,-0.143753616457593,0.0514341399765019,0.0384836569271602,-0.101833889557296,0.0377975417532584,-0.0147682841642082,-0.0760903523310839,-0.0260437328627907,-0.0749940866281134,-0.219584785254693,0.0380394289742704,0.0135914801342286,-0.0750559143430192,-0.176691050927095,-0.346897457844141,-0.0325734484467664,-0.176602189823553,-0.140442276191395,-0.0623751972272203,0.120528126524679
"5",0.191478226440425,0.0530746735752266,-0.0106491736207145,0.0516199893913958,1,0.0574595400454953,-0.080380714313521,-0.0614096528906619,0.189164295191211,0.0681962944395343,0.163304488150921,0.193106881695384,0.0318887238503804,-0.132402439035084,0.0114407501562422,-0.0408313723426659,-0.0829948386134307,-0.129156904768963,-0.0805466126099153,-0.0634564250295787,-0.0241758537755422,-0.103592064413622,0.130816684419065,-0.0986578039398704,-0.0369818309857212,-0.110414023714779,-0.0176041134231836,-0.128725806377813,-0.0554458942524287,-0.0869155248034164,0.0997692199329818,-0.0583554125557382,-0.0793390259306167,0.0492728786931729,0.0871201208671861,-0.141427920391712,-0.0213903688134243,0.319830314022993,0.043220589165477,0.122394944639351,0.012598769306382,-0.136514705429857,0.121370563588465,0.0261464145702528,-0.0452878511026569,-0.0974632660123864,-0.0232365083216956,-0.0679278063971715,0.146441577485903,-0.0398250082758286,0.125274019966282,0.121375160114829,-0.019259069947902,0.0909987120605541,0.179006514194371,-0.0376404717320731,0.0296143377361144,-0.0942466434315247
"6",0.0266997594696125,0.015649662957588,-0.0634059982266831,0.0960215327579712,0.0574595400454953,1,0.00076678415184533,0.00793272926143181,-0.132531977568952,-0.0568779788230402,0.0818722289659391,0.140921362542428,0.00649175030447932,0.0379029848711129,0.156985463152436,0.134873895262648,0.12966452732802,0.0585855513923845,-0.0648883915315827,0.0340428293313868,-0.030093382091877,-0.0706036605142497,0.034164050358246,0.0301593242516838,0.0317066604282999,0.0183271995968045,-0.076387838208145,0.0430297835128585,0.0422135398028283,0.127806381746924,0.115872714593364,0.0565415206634826,0.0449476178602417,-0.0464712274276848,0.138827676244545,0.129988729399548,0.130226654157766,0.149570182327276,0.00079636137442984,0.208832337900676,0.142395637832861,0.0787277120485318,0.00606310494043475,0.177122543336682,0.178592653352579,0.136246155442739,0.0253093763203344,0.0197870198489525,0.0532101742657511,0.102018940311674,0.0986626097551344,0.0767099070189182,-0.192416667094325,-0.134103392336815,-0.10972445326099,-0.0932286531545991,0.0976570866533762,0.214926898046826
"7",0.0138536953331539,0.126120311178002,0.0925880543385422,-0.00014980778753051,-0.080380714313521,0.00076678415184533,1,0.227756530579166,-0.00608420553318216,-0.0600008276227592,-0.00336030627053577,0.188273713282247,0.0854986354269522,0.182332772246691,0.0492542241554663,0.294205474156187,0.0789514857366134,0.016877187210278,-0.0766832460908339,0.115134142907963,0.0141355593917942,0.0372800589006834,-0.120000509064203,0.0954059392855404,0.211170154459163,0.00563975930401192,-0.0250096415507543,0.123447923754507,0.062470316486873,0.136282549717415,-0.0902297235542494,0.216938153891856,0.0276280879217492,0.287632945618958,0.348688533938421,0.186955438395498,0.26458809525865,-0.0133235496283044,-0.158187250414424,-0.131928847909966,0.100062143433042,0.221448376876656,0.0321517736200008,-0.00631394771335431,-0.0155854293370183,0.0821433087100287,0.103009348616845,0.115809939902578,0.0498975256788625,0.137900733120421,0.0251540255486861,-0.168730958577663,0.204833937876138,0.172712510848342,0.038010464545069,0.0856235804742834,-0.046288033133665,0.0425864448342163
"8",0.00013227768292608,-0.00133371131741862,-0.0341072563511242,0.174527931280871,-0.0614096528906619,0.00793272926143181,0.227756530579166,1,0.00534308962404597,-0.043536802128727,0.0245276861632855,0.159450874153786,0.0526194500270244,-0.237655432836276,0.0106586398612157,0.096344372905826,-0.00898365530422776,-0.048958150318225,-0.020802645314968,0.161218434773697,0.0194052897585793,0.053630638845026,-0.0818873502704824,0.0741364225450432,0.0822418671213935,-0.00255832093385939,0.190398604544315,0.217847921240424,0.192568594699794,-0.012903272826822,0.0310506579103405,0.00953337926707543,-0.04611522358195,0.265994673328965,0.204734098296079,0.2228079668681,0.319687022674766,-0.0104806653341336,-0.0996759776047159,0.0520852424212551,0.0252688536059149,0.120020847755672,0.0783030706995549,0.0187112587919115,-0.204604740860051,0.15084627266413,0.0968045978498136,0.16933701849256,-0.0999583630771671,-0.214418517511982,-0.119314072779477,0.0604100213983297,-0.0463706631935938,-0.00401296189691803,-0.0162707632819907,-0.0285005687271961,0.0143551469248931,0.113833634062934
"9",0.348465663727048,0.330310096302836,-0.0377773301135604,0.0245987527543414,0.189164295191211,-0.132531977568952,-0.00608420553318216,0.00534308962404597,1,0.316084326480224,-0.0152550391530818,0.131196252069824,0.0941815670571232,0.0079556609671327,-0.00752083218101151,-0.0485649105097784,0.0976305441195061,-0.0954219419010177,-0.0624673451292675,-0.102176620007393,0.0749173530236258,0.00397992707279295,-0.0867982217706501,-0.170285368320434,-0.0157513137092246,0.0754773123784111,-0.113324354294161,0.046223882965697,0.175323543777825,-0.0940126872839785,-0.0158014560443063,-0.121470954390019,-0.0658188980874227,0.188401181684365,0.0626982995722829,-0.00621815011409804,-0.00816787069077343,0.0644328115556995,0.0708810483134226,0.0321849495364728,-0.0183661658054006,-0.0822961166354823,0.451319520778037,0.21784542091776,-0.152152772710942,-0.0040663900217489,-0.0167693576169391,-0.0846243725605088,0.293434995837314,0.14925235860096,0.218020412490562,0.0417032203979212,-0.125783931735271,0.136592280439649,-0.0100344730085173,-0.0890853349660385,-0.176156051755472,-0.050665542717882
"10",0.152023539923811,0.361084667804878,0.0872025694891556,0.00844253332618776,0.0681962944395343,-0.0568779788230402,-0.0600008276227592,-0.043536802128727,0.316084326480223,1,-0.111176482324278,0.139773567816923,0.107601505526162,0.0179477150026903,0.185763950693076,0.0440309440125301,0.0334429761924978,-0.175722814925099,-0.0822595071132135,-0.041165237720858,0.0827241465785415,0.182537790480847,0.00970851319646934,-0.131253967703958,0.0216141616367044,-0.0236113951126117,0.119866969780547,-0.158937544142259,0.150697104645019,-0.180882667557613,-0.223259005045637,-0.163514795704645,0.00206677835869387,0.0499360034358608,0.0037694256677941,-0.0266059320667336,-0.0507397959563682,0.01370795046331,0.0258102920052402,0.0703762035212772,0.00916747845309266,0.0805438796920712,0.219242793163356,0.325838170774231,-0.0535540410391739,0.0680802023437667,0.0175879054278135,-0.00164461386392807,0.232294613652695,0.207374298017784,0.194087696521525,0.0229466406038988,-0.046595765257246,-0.0273411590898746,-0.211412374614111,-0.0181747737499409,-0.119790480524549,-0.0315109832510796
"11",0.0638853745365362,0.0210699109691595,0.181453023347564,0.0553552595829043,0.163304488150921,0.0818722289659392,-0.00336030627053577,0.0245276861632855,-0.0152550391530818,-0.111176482324278,1,0.0536213469248791,0.00797579858265444,0.058862175753461,0.140934420379122,0.141493340999223,-0.0495393901559625,-0.0973692464783306,-0.207297522930659,-0.0302504245266464,-0.0638133894208207,-0.0143252398260694,0.0334413899725443,-0.0454769188927268,-0.0113235810209971,-0.0756798205736777,0.0681239047711808,-0.013277771329165,-0.0530239616627863,-0.14599293641206,-0.118867095150293,-0.0987162701515892,0.0147406065813438,0.0793770170560247,-0.0100005011899078,-0.0750609942597152,0.049646259259987,0.148091189620473,0.0279216954069556,0.0920191785782342,0.148624197558866,0.0191598045294878,-0.170743448352473,0.00264938517574418,-0.223905844443305,0.0285575089481231,0.101240363363741,2.0063011701527e-05,0.0685173820064713,0.0793950598108791,0.132622261091284,0.21690341223696,-0.0843275981257524,0.151985015542807,0.111991656152838,0.00178226861628821,-0.0708526651423613,0.0994637700685089
"12",0.171480193645596,0.281199479001829,0.0386039153119863,0.0455524842146991,0.193106881695384,0.140921362542428,0.188273713282247,0.159450874153786,0.131196252069824,0.139773567816923,0.0536213469248791,1,0.149563766457861,-0.0692300186765742,0.0344319844873144,0.129711381301546,-0.0947307955379058,-0.159300804146607,-0.0642366858607751,0.0946981208049692,0.0391208932167738,0.00424973123822395,-0.0122229995525511,-0.0666653509220272,0.045511357768265,-0.16251090729446,0.0171441597180483,0.0399299529873988,-0.0521723300454394,-0.113403244938194,0.0402575884834648,0.0676021116609606,0.081665967542166,0.341935438911224,0.096550081050952,0.0289256680062566,0.0218012396946992,0.00268888246638081,-0.0672620984212021,0.153587515250513,0.0386033628136998,0.177138367755441,0.197512555119059,0.138504203336886,-0.0650900989831055,0.0265108486316103,0.0150619780580005,0.0217815736474936,0.122191767035299,0.124872331493371,0.144498572988441,0.0448572973058011,0.0227490492077655,0.016321668944199,0.0355824298769516,0.0430293571768365,0.0340567917323798,0.00530030735443445
"13",-0.0141912491043568,0.125806094428266,0.0834393388147441,0.032569870470217,0.0318887238503804,0.00649175030447932,0.0854986354269522,0.0526194500270244,0.0941815670571232,0.107601505526162,0.00797579858265444,0.149563766457861,1,0.175443329406764,-0.00933491820733518,0.130781824742341,0.12128779887743,-0.0849012162480497,-0.0117073825468905,0.0818103091781291,-0.136395915965371,0.108448876635122,-0.0364698391302036,-0.132581013761234,-0.0834879571397715,-0.155646330735116,-0.151307685520834,-0.0695961102104202,0.0574106743910466,-0.0336464504495958,0.00433718912836401,-0.0438401170892771,0.0559387443067041,0.150077875955863,0.0918685027386661,0.00534944567893198,0.0625914783647346,0.108332450624233,0.172282598337363,0.0482088156264017,0.330340456819868,0.0450900616614089,-0.016843577841798,0.0418442794508829,0.0592528475092649,-0.00499115119944769,0.244287338524042,0.0970124675661238,0.428685740358875,0.117005988398982,-0.0083651081864806,-0.0299367522058117,0.166308014403511,0.137607808963417,-0.0490039784705542,-0.0310006947593353,-0.104895189150187,-0.198634413474715
"14",-0.0629586078904847,-0.00824709916537486,0.140166683834921,0.0545324438469455,-0.132402439035084,0.0379029848711129,0.182332772246691,-0.237655432836276,0.0079556609671327,0.0179477150026903,0.058862175753461,-0.0692300186765742,0.175443329406764,1,0.0280530051745011,-0.0100106746379073,0.154324002128126,0.150993995704561,-0.111338151419035,-0.258769643565892,0.0961551822152535,0.0373035278870025,-0.0285104274378143,-0.104769702654087,0.0564354584143669,0.0715886602308748,-0.147066553334824,-0.200472628219199,-0.0512476304840337,0.11385868812162,-0.223203800572219,-0.0821866412228474,-0.110234798824553,0.0175731074758518,0.136770594133419,0.221276690394261,-0.0433602250212304,-0.0655920718605554,-0.170250970592508,-0.19043039022746,0.131623273691423,0.100765738244849,0.030293882243717,0.0355080144009172,0.0514889381993431,-0.109105121500591,0.067120853090453,0.050130725293851,0.194153568171904,0.613498445946194,-0.0443543163649065,-0.283942425279429,0.205856505620482,-0.0771854716465865,0.0706774882936619,0.0302850372478365,-0.10892986614616,0.034354610630164
"15",0.110559107892197,0.145888861043185,0.240958810755278,0.0716854323624192,0.0114407501562422,0.156985463152436,0.0492542241554663,0.0106586398612157,-0.00752083218101151,0.185763950693076,0.140934420379122,0.0344319844873144,-0.00933491820733518,0.0280530051745011,1,0.257659448465893,0.0146388235124451,-0.0418634273613126,0.0829799906239759,0.0868277397915334,0.173368582495167,-0.168953652397909,-0.0140571572195325,0.053143382572353,0.0248031276469599,0.125997425808478,0.159116351057354,0.00327718994425492,0.0669400035522759,0.118747008590138,0.0432855180689053,0.0383321282603414,0.0612945798415871,0.116769421738466,0.0125182025396704,-0.0435463139037813,0.114765732840815,0.166430937668698,0.0380967493380572,0.0451314860387748,-0.00303147624957957,-0.142199054112633,-0.153650320749656,0.141058510143353,-0.0843950173670273,-0.0719281950221112,0.0440303769303081,-0.09961571066049,0.00985306219886691,-0.150179354792552,0.285152483096056,0.0826111458118403,-0.121361886939775,-0.0485047383405749,0.0159383756912728,-0.109039131067053,-0.113114833339759,0.125202051497331
"16",-0.00232249932046041,-0.00677325489327302,0.0100565605258791,-0.00021936036997143,-0.0408313723426659,0.134873895262648,0.294205474156187,0.096344372905826,-0.0485649105097784,0.0440309440125301,0.141493340999223,0.129711381301546,0.130781824742341,-0.0100106746379073,0.257659448465893,1,0.0740448630684542,-0.0328093173865974,-0.064382047475847,0.00404934291935454,-0.023204903372036,-0.0653930434927608,-0.00504487984392794,-0.0653338743352716,-0.0702893570939066,0.0896587440872674,-0.0107329156897932,0.0285421854120722,-0.117395533566915,0.014027662062945,-0.0112874360170762,-0.0599753901511636,0.170877864773021,0.0862184904199974,0.0635136552110019,-0.105102293858726,0.248242407107052,-0.0178300866753941,-0.0438289053699486,-0.00950978006416761,0.169568806325387,0.167900871761288,-0.0460279504345004,0.117022869260276,0.0123418336054134,0.171009781245092,0.207055428148268,0.0375109099068753,0.0944772596574073,0.0634133784037092,0.10216939096753,0.104733420557299,-0.117001544845521,0.174030164855744,-0.038824413187745,-0.0954511846031406,-0.202316410299751,0.0008572894464526
"17",-0.0135296021315006,0.138217592037846,0.0362353276799284,0.0486358936557843,-0.0829948386134307,0.12966452732802,0.0789514857366134,-0.00898365530422776,0.0976305441195061,0.0334429761924978,-0.0495393901559625,-0.0947307955379058,0.12128779887743,0.154324002128126,0.0146388235124451,0.0740448630684542,1,0.129422838017368,-0.177711019138648,-0.171543226335217,0.0130891874410653,0.136783250035629,-0.11423577333587,-0.13653335013064,0.243054933317627,0.212666414617946,-0.1850532439958,0.0126909672775209,0.185131123930857,0.182693694615838,0.0650552433309803,-0.137354796481207,0.153521769573656,0.0386771522736625,0.0264354003410696,0.0241193739853776,0.11384057069304,-0.069806482688406,-0.216625592986854,-0.219189640896688,0.0006672578153132,-0.0814352192402622,0.130793313124809,0.19888235714482,0.0802941318933458,0.0893219422540833,-0.0537765796717246,0.0737775908395902,0.345595026682018,0.0671679760032498,0.0539808738137842,-0.155009177911487,-0.0531677485155347,0.0388246192661056,-0.0956545543445956,-0.136350193128994,-0.00721955698284775,-0.0410347272185638
"18",0.0723762618787141,-0.0331488453386657,-0.087135675220592,0.199984745750025,-0.129156904768963,0.0585855513923845,0.016877187210278,-0.048958150318225,-0.0954219419010177,-0.175722814925099,-0.0973692464783306,-0.159300804146607,-0.0849012162480497,0.150993995704561,-0.0418634273613126,-0.0328093173865974,0.129422838017368,1,-0.0572015970372318,0.0908420097421972,0.223858671152752,0.135543468676349,-0.05039775365846,0.00199655532746701,0.0378356803431197,0.0121880147201941,0.0609921511616055,0.0375800791919232,0.0510719089685399,0.14455064070823,-0.155127228036773,0.360463866387504,-0.0703598715197383,-0.0652068187866659,0.0271456906269012,0.125264483580481,0.0678997379256221,-0.0694372857532598,-0.255626360753325,-0.120355254294945,-0.173945894480886,-0.116662196601516,-0.0203620501445135,-0.00496328879258525,-0.0528392480510596,0.0208642908265035,0.0618272895468714,-0.111873065178653,-0.115638472704703,0.157288632898646,0.100240901706577,0.0233177692813343,-0.0698139696467417,-0.0721957604612459,-0.00788230091630685,0.06177532512865,0.0373879940614929,-0.165182444310202
"19",0.0365484336921339,-0.131478868548193,-0.023298851132289,0.245600790276306,-0.0805466126099153,-0.0648883915315827,-0.0766832460908339,-0.020802645314968,-0.0624673451292675,-0.0822595071132135,-0.207297522930659,-0.0642366858607751,-0.0117073825468905,-0.111338151419035,0.0829799906239759,-0.064382047475847,-0.177711019138648,-0.0572015970372318,1,0.220214948762235,0.186906450874856,-0.0428077573497767,0.0186087482132627,0.0525988657576538,-0.0696801250477722,0.126039476290161,0.155487432427705,-0.146218660007249,-0.0475263076602305,0.0114875027695584,0.439664331747382,0.271913831344283,-0.0126837333162825,0.081835813462661,-0.19113124881927,-0.0332265105325279,-0.0652826955098983,-0.0901512940765898,0.0357718215958891,0.0356384542809901,-0.261276951759444,-0.287284693811148,0.0195737080308671,-0.00771520769409237,0.0489951134610626,-0.0257455034256928,-0.207335782866958,-0.279306627022423,-0.103096941395184,-0.269351489193106,-0.0528755061158499,-0.0877040665326878,-0.179664743871529,0.0559088964864003,-0.0343969926376402,-0.116901926957317,-0.13449172646914,-0.0328100885623722
"20",0.0169168794531227,-0.067819949082513,-0.0229562523579383,0.084532383240781,-0.0634564250295787,0.0340428293313868,0.115134142907963,0.161218434773697,-0.102176620007393,-0.041165237720858,-0.0302504245266464,0.0946981208049692,0.0818103091781291,-0.258769643565892,0.0868277397915334,0.00404934291935454,-0.171543226335217,0.0908420097421972,0.220214948762235,1,-0.0142556615340999,-0.0622780856261929,0.0640730018388726,0.119808735345631,0.0664435293825801,-0.133190475566823,0.166277639215378,0.0589003893727177,0.014953066798589,-0.0195975260023515,0.0929427263991781,0.421889684593372,0.0857195558644715,0.0544480568249956,-0.0254136912697072,0.0647669786258031,0.145389136081369,0.148839438758914,-0.00205245280067629,0.0968071456483943,-0.0187956761500969,-0.0518246331270878,-0.132059697948259,-0.118401279726447,-0.00361668898117696,-0.081746381468298,0.2275971762102,0.10787038265985,-0.203720319860956,-0.235884000077223,0.0558187208685046,0.0110946489668927,-0.136169391196094,0.010203187493336,-0.100224762271298,-0.0315947625114773,-0.00163989802791435,0.00778540137253295
"21",0.0559424599691675,0.0995971099082593,0.0353003244517371,0.151909707233805,-0.0241758537755422,-0.030093382091877,0.0141355593917942,0.0194052897585793,0.0749173530236258,0.0827241465785415,-0.0638133894208207,0.0391208932167738,-0.136395915965371,0.0961551822152535,0.173368582495167,-0.023204903372036,0.0130891874410653,0.223858671152752,0.186906450874856,-0.0142556615340999,1,-0.0211712901203586,0.0465812941735393,-0.0337991357107722,0.115418591786693,0.0827280099334389,0.142199468992499,0.0676617245183095,0.0438911886249943,0.0159909019955609,0.0272745879035784,0.104810395601006,-0.155656466571065,0.0277340547910584,0.0712884611076051,0.205893921596859,-0.121070815787327,-0.00739057623997775,-0.10894837972176,-0.0257029638255725,-0.280467114135828,-0.0923982107463024,0.0055017457358956,-0.0659550928348928,-0.0976931530907245,-0.108104797538703,-0.210495227933671,0.0328889622205329,-0.0214347492215093,0.0351446401760207,-0.0381161683206471,-0.150534325102358,0.0382666483087705,0.047915113043632,0.0718437992122368,-0.0171594927992514,-0.199948989456255,-0.095191304466634
"22",0.0586392041738862,0.0220582128750429,0.10490944176052,0.0183511292982222,-0.103592064413622,-0.0706036605142497,0.0372800589006834,0.053630638845026,0.00397992707279295,0.182537790480847,-0.0143252398260694,0.00424973123822395,0.108448876635122,0.0373035278870025,-0.168953652397909,-0.0653930434927608,0.136783250035629,0.135543468676349,-0.0428077573497767,-0.0622780856261929,-0.0211712901203586,1,-0.051726013329531,-0.0531037992466167,-0.108695498254603,-0.00576876290275733,0.0263085019678951,0.0612748414905728,0.261160983460373,-0.0105810787686407,-0.131989638749901,0.0303880824293402,0.151898843754041,0.139149936357536,-0.00074549762247516,0.0204442283836821,0.0669619722699503,-0.047133255467091,0.0677190352093335,0.0297853689110418,-0.00066024712085172,0.126203310329596,0.0472574230220621,0.16436228354557,0.0720351027411716,0.205638934520414,-0.0409444781074474,0.0302963634904583,0.13436775975585,0.0641397589610979,0.043392930496818,0.149777833767161,0.0613720119412187,-0.0561309389070492,-0.0229216772939769,0.211203901872873,-0.00687053835590925,-0.158471328986257
"23",-0.0156159561331682,-0.180131682088593,-0.0334071782258679,0.0520071179705233,0.130816684419065,0.034164050358246,-0.120000509064203,-0.0818873502704824,-0.0867982217706501,0.00970851319646934,0.0334413899725443,-0.0122229995525511,-0.0364698391302036,-0.0285104274378143,-0.0140571572195325,-0.00504487984392794,-0.11423577333587,-0.05039775365846,0.0186087482132627,0.0640730018388726,0.0465812941735393,-0.051726013329531,1,0.0802049593283449,0.0998026000339984,0.0769840521432806,0.023464925953698,-0.341963049890694,-0.0179079782839317,0.0411189037665687,0.125384275819701,0.0253140198140574,0.0292773146678076,-0.169132805877551,-0.138243393797597,-0.220537020784244,0.00853655892726124,0.0253317661701769,0.0775662892208592,-0.183670353223814,-0.036330445317529,-0.192215739497572,-0.132125479138958,-0.274501993169094,0.125403849035107,0.0129075517073522,-0.0140007206262151,0.109771820649529,-0.0807278075130018,-0.0886250015149012,-0.119900099668598,0.0128314402523152,-0.020790846991477,-0.0201606730240486,0.00557788648089554,-0.0181302996222355,0.185498564758657,0.136448664157038
"24",-0.0907601549038374,-0.184114104329783,0.170258926943589,-0.209597512530537,-0.0986578039398704,0.0301593242516838,0.0954059392855404,0.0741364225450432,-0.170285368320434,-0.131253967703958,-0.0454769188927268,-0.0666653509220272,-0.132581013761234,-0.104769702654087,0.053143382572353,-0.0653338743352716,-0.13653335013064,0.00199655532746701,0.0525988657576538,0.119808735345631,-0.0337991357107722,-0.0531037992466167,0.0802049593283449,1,0.150998238648153,0.0458240146817959,-0.0257541601689498,0.0256864996633808,0.0191335051667146,0.14405215864865,0.128792013737973,0.392605117923779,-0.097318007991284,0.0197617066512701,0.0868992061740263,0.13904988860311,0.132012647061676,0.0599024786564425,0.0501820932482626,-0.0879188401003627,-0.0666367385304973,-0.0211868759178521,-0.0794583541386647,-0.00617711111075011,0.183436068191711,0.0802598123500196,-0.0698930545643046,0.0425364190128801,-0.108075487316547,-0.181769390007847,0.0565875117556494,0.132619923508982,0.222042866646047,0.0790862098170228,0.00813746315020338,0.169574838140969,0.179142456753191,0.157817046667406
"25",0.0874659996635037,-0.00107409914805514,0.245619308574541,0.023499052505718,-0.0369818309857212,0.0317066604282999,0.211170154459163,0.0822418671213935,-0.0157513137092246,0.0216141616367044,-0.0113235810209971,0.045511357768265,-0.0834879571397715,0.0564354584143669,0.0248031276469599,-0.0702893570939066,0.243054933317627,0.0378356803431197,-0.0696801250477722,0.0664435293825801,0.115418591786693,-0.108695498254603,0.0998026000339984,0.150998238648153,1,0.216327622534767,0.0185372543679153,-0.119323197247716,0.0753121880251148,0.00386743418565676,0.130409779492461,0.015501576386851,-0.0368461934688553,0.095483351803911,0.18842021109458,0.163397788192477,0.22625855729407,-0.0584574339354993,-0.140824913769896,-0.154915838035873,-0.0554619742205179,-0.0874668264034056,-0.168116900426203,-0.00197503371862707,-0.0414197728760713,0.00448059242039381,0.0197879863645415,-0.0654850718357129,-0.152782487131612,0.0401889281237233,-0.0493932134826698,-0.0812473330359053,0.152519840031979,0.0329462288738871,0.0334279495889806,0.0120751703597485,-0.0383506589394914,0.140169682439366
"26",-0.0702676772432882,-0.111364455752402,0.0364152383526216,0.210032332000616,-0.110414023714779,0.0183271995968045,0.00563975930401192,-0.00255832093385939,0.0754773123784111,-0.0236113951126117,-0.0756798205736777,-0.16251090729446,-0.155646330735116,0.0715886602308748,0.125997425808478,0.0896587440872674,0.212666414617946,0.0121880147201941,0.126039476290161,-0.133190475566823,0.0827280099334389,-0.00576876290275733,0.0769840521432806,0.0458240146817959,0.216327622534767,1,-0.0537462822564138,-0.022328711488593,0.17395048179456,0.125990461033677,0.297269904122732,0.004527543166941,-0.0992313638067704,0.0768201782919575,0.0314823394565014,0.0259017703360007,0.205613134378537,0.0523332171511926,-0.0941806237485912,-0.0540290451964147,-0.0416245124770842,-0.11740018897283,0.10884793903721,0.0212978212243273,0.0387749616132319,-0.141156921189195,-0.0231963657103655,-0.0905971780070516,0.00757221324822701,-0.026541833692954,-0.120643608417884,-0.0378753542991126,-0.0611656344215897,0.0512234192321875,-0.00955240464857386,0.00129630743586164,-0.220622821483064,0.112259733011896
"27",0.0604472254102932,0.125702233640469,-0.0869759328962312,0.0445207522881305,-0.0176041134231836,-0.076387838208145,-0.0250096415507543,0.190398604544315,-0.113324354294161,0.119866969780547,0.0681239047711808,0.0171441597180483,-0.151307685520834,-0.147066553334824,0.159116351057354,-0.0107329156897932,-0.1850532439958,0.0609921511616055,0.155487432427705,0.166277639215378,0.142199468992499,0.0263085019678951,0.023464925953698,-0.0257541601689498,0.0185372543679153,-0.0537462822564138,1,-0.0131561260889802,0.063213048234349,-0.084431722644212,-0.0585505065263008,0.122634059996089,-0.0170512498559833,0.0302643456721362,-0.0383184129480702,0.166687340418974,0.103354468507576,-0.0266663376435006,-0.148232044411149,0.0889185027476189,-0.153352572968578,0.0677134325658317,-0.0897860742271599,-0.0194051760705364,-0.0293505505485174,0.135554649307901,-0.148267523352004,-0.0119129851759997,-0.226232034731968,-0.0917771935756976,-0.0451531085543361,-0.031751416545439,0.0260348831664268,-0.00566111523229902,-0.134070680633553,0.0120819552107571,-0.0218030622466782,-0.0254444856536018
"28",-0.030390135433624,0.0566987369764293,0.0525609336335323,-0.00310882968287222,-0.128725806377813,0.0430297835128585,0.123447923754507,0.217847921240424,0.046223882965697,-0.158937544142259,-0.013277771329165,0.0399299529873988,-0.0695961102104203,-0.200472628219199,0.00327718994425492,0.0285421854120722,0.0126909672775209,0.0375800791919232,-0.146218660007249,0.0589003893727177,0.0676617245183094,0.0612748414905728,-0.341963049890694,0.0256864996633808,-0.119323197247716,-0.022328711488593,-0.0131561260889802,1,-0.0174205555542946,0.130669176425661,-0.092487083598468,0.00072139855206408,0.0742263406197347,0.140199609879784,0.212318637211899,0.147383756403948,0.203167591086241,0.10480728039398,-0.107387444230533,0.166529308145859,0.104967407169356,0.228226316714508,0.122251728031764,0.0505922443405958,-0.0381745009238513,-0.058693294636037,0.120996982449043,0.195241890960872,0.0414164828865504,-0.0972705945299965,-0.053823230089021,-0.134743963131235,-0.0464863400100655,-0.0405637320466581,0.0226011476603585,0.0983474372188474,0.0172493928592632,0.129921923794762
"29",0.0227834759372618,0.0351941931072487,-0.0330980532224991,0.0181160872111982,-0.0554458942524287,0.0422135398028283,0.0624703164868731,0.192568594699794,0.175323543777825,0.150697104645019,-0.0530239616627863,-0.0521723300454394,0.0574106743910466,-0.0512476304840337,0.0669400035522759,-0.117395533566915,0.185131123930857,0.0510719089685399,-0.0475263076602305,0.014953066798589,0.0438911886249943,0.261160983460373,-0.0179079782839317,0.0191335051667146,0.0753121880251148,0.17395048179456,0.063213048234349,-0.0174205555542946,1,-0.0269195128975125,-0.0374388005507308,0.129255973470744,-0.00014080887473044,0.181758672120319,0.234829499767067,0.0682818154023736,-0.0047425730415236,-0.00091186212350504,-0.0696511413050177,0.0909899173611506,0.04087360567993,-0.0439410869456964,0.0961766752606741,0.0751798895088482,-0.267976441484776,0.185237638089923,-0.162446950883021,0.00624907604265987,0.178767754373991,-0.0296312539828539,0.113633868607238,0.114556510587362,-0.0265278730204843,0.00448154048185658,-0.00228818771070645,0.0952407151116566,0.0712364433632618,0.132246591663153
"30",-0.27065448140653,-0.0749666874106537,0.0268427698558826,-0.0722926109884896,-0.0869155248034164,0.127806381746924,0.136282549717415,-0.012903272826822,-0.0940126872839785,-0.180882667557613,-0.14599293641206,-0.113403244938194,-0.0336464504495958,0.11385868812162,0.118747008590138,0.014027662062945,0.182693694615838,0.14455064070823,0.0114875027695584,-0.0195975260023514,0.0159909019955609,-0.0105810787686407,0.0411189037665687,0.14405215864865,0.00386743418565676,0.125990461033677,-0.084431722644212,0.130669176425661,-0.0269195128975125,1,0.0530508316759327,0.0318337049040456,-0.0628398958300191,0.044868991955238,-0.0385072322827997,-0.162982277636037,0.0303304668365287,0.0246624190528049,-0.189548434006738,-0.247724441884649,-0.0971044813320698,-0.0187534148528385,-0.0383463283023947,-0.0773003904888235,0.0915532833671112,-0.295927811615756,-0.074610808229623,0.0519224480350688,0.00658666807938838,-0.0407274795926367,0.0262159048883447,-0.170295096663542,-0.141888922985867,-0.143850721820653,-0.129818266692398,-0.11226732528777,0.154100893130693,-0.0793977904929013
"31",-0.0860943537507624,-0.251894553209603,-0.129585177999361,0.263155427011298,0.0997692199329818,0.115872714593364,-0.0902297235542494,0.0310506579103405,-0.0158014560443063,-0.223259005045637,-0.118867095150293,0.0402575884834649,0.00433718912836401,-0.223203800572219,0.0432855180689053,-0.0112874360170762,0.0650552433309803,-0.155127228036773,0.439664331747382,0.0929427263991781,0.0272745879035784,-0.131989638749901,0.125384275819701,0.128792013737973,0.130409779492461,0.297269904122732,-0.0585505065263008,-0.092487083598468,-0.0374388005507308,0.0530508316759327,1,0.0989231449847515,-0.0781052592183952,0.0731816006947818,-0.133028596774207,0.00592757444933306,0.0821727213593533,0.0391317965652165,-0.00420767506848681,-0.0148621688820156,-0.068289367679571,-0.171564779420264,-0.0720438738783513,-0.141597133278871,0.15694053923532,-0.112421997256733,-0.0845668774133205,-0.0757561300348672,-0.0724089680480533,-0.25241408729438,-0.316077266748177,0.0288759327083053,-0.0830878718828829,0.0935694710378777,-0.0197488714413993,-0.101115748163951,-0.0300242277921857,0.0271351557764165
"32",0.12975932526113,-0.217187708564592,0.0226586589695237,0.0873703012572889,-0.0583554125557382,0.0565415206634826,0.216938153891856,0.00953337926707543,-0.121470954390019,-0.163514795704645,-0.0987162701515892,0.0676021116609606,-0.0438401170892771,-0.0821866412228474,0.0383321282603414,-0.0599753901511636,-0.137354796481207,0.360463866387504,0.271913831344283,0.421889684593372,0.104810395601006,0.0303880824293402,0.0253140198140574,0.392605117923779,0.015501576386851,0.004527543166941,0.122634059996089,0.00072139855206408,0.129255973470744,0.0318337049040456,0.0989231449847515,1,0.0572047895637368,0.111426916808306,0.149973431143954,0.360641924345966,0.0616427594596635,-0.00997760659795,-0.0785188762862625,-0.00632427996869455,-0.0327608207832778,-0.115762392500356,-0.00046880501082683,-0.0653491957312256,0.167584047794428,0.00542157248222152,-0.00018818020242291,-0.0847823879307996,-0.0233387574262683,-0.134827930091727,0.00496527542672962,0.013773249660534,-0.0765010650856495,-0.0504168710595145,-0.14839532287289,0.126076380871746,0.052255078544628,0.00533290133492321
"33",0.110501516584526,-0.0279894525064663,0.130836498177692,-0.105250999332325,-0.0793390259306167,0.0449476178602417,0.0276280879217492,-0.04611522358195,-0.0658188980874227,0.00206677835869387,0.0147406065813438,0.081665967542166,0.0559387443067041,-0.110234798824553,0.0612945798415871,0.170877864773021,0.153521769573656,-0.0703598715197383,-0.0126837333162825,0.0857195558644715,-0.155656466571065,0.151898843754041,0.0292773146678077,-0.097318007991284,-0.0368461934688553,-0.0992313638067704,-0.0170512498559833,0.0742263406197347,-0.00014080887473044,-0.0628398958300191,-0.0781052592183952,0.0572047895637368,1,0.0490626052743303,-0.105112975593544,-0.017110281969429,0.0516459454141004,-0.0861576089991504,0.188708805444086,0.250493331569304,-0.021606828112338,0.0940941242713502,-0.151921286028688,0.0272449904928462,0.110518899011883,-0.017165161471241,-0.0232154824861195,-0.0292634156028544,0.0673297535789639,-0.092884253807052,0.138329294964217,0.0640242966683222,-0.148660217482976,-0.0386970785236893,-0.0662784087749511,0.0147651184137739,0.0289814411888301,-0.0625305087049882
"34",0.20034471151813,0.215688015904541,0.0286104817841494,0.153653359484364,0.0492728786931729,-0.0464712274276848,0.287632945618958,0.265994673328965,0.188401181684365,0.0499360034358608,0.0793770170560247,0.341935438911224,0.150077875955863,0.0175731074758518,0.116769421738466,0.0862184904199974,0.0386771522736625,-0.0652068187866659,0.081835813462661,0.0544480568249956,0.0277340547910584,0.139149936357536,-0.169132805877551,0.0197617066512701,0.095483351803911,0.0768201782919575,0.0302643456721362,0.140199609879784,0.181758672120319,0.044868991955238,0.0731816006947818,0.111426916808306,0.0490626052743303,1,0.10440735938116,0.0763834789053023,0.175872790310823,0.0104068658205881,-0.0533420038855942,0.298456619254213,0.0299519079019027,0.0695452015144797,0.0744216958556273,0.110850852581913,-0.1844108246405,0.0125013862193054,-0.0997186215520558,0.092955985995801,0.169396583258039,-0.00733619262770535,0.117322431876694,0.0352837651595511,-0.0275362039668503,0.0564280119032114,-0.114013406522983,0.0492513009543661,-0.123868981007813,-0.0428968841296027
"35",-0.00367648548313271,0.0669814435195403,0.129194123975806,-0.0385661908613273,0.0871201208671861,0.138827676244545,0.348688533938421,0.204734098296079,0.0626982995722829,0.0037694256677941,-0.0100005011899078,0.096550081050952,0.0918685027386661,0.136770594133419,0.0125182025396704,0.0635136552110019,0.0264354003410696,0.0271456906269012,-0.19113124881927,-0.0254136912697072,0.0712884611076052,-0.00074549762247516,-0.138243393797597,0.0868992061740263,0.18842021109458,0.0314823394565014,-0.0383184129480702,0.212318637211899,0.234829499767067,-0.0385072322827997,-0.133028596774207,0.149973431143954,-0.105112975593544,0.10440735938116,1,0.343410347352953,0.239972887652654,0.137596775135509,-0.0469053013742917,-0.068699458081423,0.129276260084203,0.0481739599632303,0.0964444807228722,0.0971817347836585,-0.108663233302706,0.106102259379992,0.0862303403312535,0.0180898557800721,0.168099251563686,0.164122545588411,0.0293132889435559,-0.00987276085173279,0.185121334586871,0.0838079708363448,0.137130513078348,-0.102938690989372,-0.0441921654592959,0.169000622481758
