"","l_Insular.Cortex","r_Insular.Cortex","l_Amygdal.Area","r_Amygdal.Area","l_Bed.Nucleus.of.the.Stria.Terminalis","r_Bed.Nucleus.of.the.Stria.Terminalis","l_Hippocampus","r_Hippocampus","l_Orbitofrontal.cortex","r_Orbitofrontal.cortex","l_Entorhinal.Cortex","r_Entorhinal.Cortex","l_Frontal.Association.Cortex","r_Frontal.Association.Cortex","l_Globus.Pallidus","r_Globus.Pallidus","l_Glomerular.Layer.of.the.Accessory.Olfactory.Bulb","r_Glomerular.Layer.of.the.Accessory.Olfactory.Bulb","l_Glomerular.Layer.of.the.Olfactory.Bulb","r_Glomerular.Layer.of.the.Olfactory.Bulb","l_Granule.Cell.Level.of.the.Cerebellum","r_Granule.Cell.Level.of.the.Cerebellum","l_Hypothalamic.Region","r_Hypothalamic.Region","l_Entorhinal.Cortex","r_Entorhinal.Cortex","l_Vermix.Molecular.Layer.of.the.Cerebellum","r_Vermix.Molecular.Layer.of.the.Cerebellum","l_Lateral.Molecular.Layer.of.the.Cerebellum","r_Lateral.Molecular.Layer.of.the.Cerebellum","l_Anterior.Olfactory.Bulb","r_Anterior.Olfactory.Bulb","l_Posterior.Olfactory.Bulb","r_Posterior.Olfactory.Bulb","l_Subiculum","r_Subiculum","l_Perirhinal.Area","r_Perirhinal.Area","l_PreLimbic.System","r_PreLimbic.System","l_Primary.Cingular.Cortex","r_Primary.Cingular.Cortex","l_Primary.Motor.Cortex","r_Primary.Motor.Cortex","l_Retrosplenial.Cortex","r_Retrosplenial.Cortex","l_Secondary.Cingular.Cortex","r_Secondary.Cingular.Cortex","l_Secondary.Motor.Cortex","r_Secondary.Motor.Cortex","l_Striatum","r_Striatum","l_Ventral.Tegmental.Area","r_Ventral.Tegmental.Area","l_Substantia.Nigra","r_Substantia.Nigra","l_Thalamus","r_Thalamus"
"1",1,0.167312652568115,0.0639596132167679,-0.136549598874474,-0.111958534139644,-0.030212493593063,0.0145600498904642,0.0131402187955085,0.0422284843349865,-0.0159436234072914,0.213244045922051,0.147946352991255,-0.0227866830842998,0.0138657911464207,-0.0824785568248802,0.0370113315714112,-0.170258640642691,-0.0613873679717378,-0.26617758689807,-0.164896231822048,0.0430413910881832,0.182260379130839,-0.0643285143409655,0.0041938322239633,0.187142460565321,0.00466681899925573,0.0496058991825703,-0.137213499408574,0.0542229614970635,0.111769744531837,-0.188434308680335,0.202215749694963,0.322126429526676,-0.0397670218882751,-0.0766255839300913,-0.0616525084428635,0.0958285771121759,0.185218919196472,0.125444276314946,0.10432820418335,0.105680944209733,0.114406961399326,-0.0145687799642472,-0.0145295214364066,0.0828299475349173,-0.069519205070758,0.0488061140165675,-0.073668013960826,-0.0292434386087021,-0.0413453343798631,-0.0288817672560459,0.020298876508598,0.0124213931006244,0.0808084017948971,0.0680602458210663,-0.115544746909287,0.078443923354332,-0.0541976363254955
"2",0.167312652568115,1,-0.0453299398590648,-0.109183037864636,-0.174225213355193,-0.0238569624025714,-0.163492057800023,-0.0610969042285297,0.169279450675948,0.24655785362933,0.145759225938621,0.0109354850894208,0.071476837468088,0.213545270481744,0.0242930761123093,0.144353284503728,0.151003642701967,0.130932159965105,-0.101248666703135,0.0687834363233226,0.0473242197389783,-0.102286303086018,-0.0313795414824205,0.219466857774302,0.167006557671919,-0.113890507262927,0.0880199071170192,-0.132399296798658,0.101416227542074,0.132105947200692,0.0916675686377932,0.26213215380231,-0.103473498687063,-0.0939440420347827,0.0591083498859704,0.0508859746288584,0.0317218965749525,0.0163345365005295,-0.0783662837201785,-0.0534358643431506,0.0256647938701135,-0.046486302330177,-0.081894079331584,0.0195540719320966,-0.133433778431495,-0.322358645176244,0.00373898787538615,0.0885859217187739,-0.0532100576303596,0.0212520959356415,0.0322501651450788,0.181454347390646,-0.105425412064815,0.108506212475921,-0.0487960806138749,0.0653839249329074,-0.00533551861122005,0.213479892568026
"3",0.0639596132167679,-0.0453299398590648,1,-0.0479146243621457,0.0811745013745784,0.0677668955763922,0.239810327507444,0.188860599740513,-0.143696228645535,-0.110100712861672,0.116019384847272,0.00154731326774798,-0.0918540114867449,0.0728959177507391,-0.0375286676176362,-0.117878961558939,0.0582216292656035,0.00572316126418773,-0.0680845314922476,-0.310316176813234,-0.0208894816107991,-0.0423553209308008,-0.169226107667539,0.0684605426082567,0.144792495356003,-0.0321654989944321,-0.145366907590112,-0.114636402055905,0.0453513892123013,-0.134503900195773,0.0780699538533097,-0.158078698227642,0.213809403502454,0.153178458128174,0.102198093885685,0.0509113963212677,0.0973874923107278,-0.154933119508712,0.222692645114742,0.143468756726257,0.0229931722779596,0.00978536234744716,-0.0592032651358648,-0.00012187051271138,0.0899685544984721,-0.223159583851297,0.112678410843147,0.0896342834243933,-0.011311080146171,0.224879470265619,-0.0314718934942844,-0.0324049889662243,-0.0164740459665751,0.0843116570144194,-0.0396642008937897,-0.0935138958306255,0.128713349393772,0.0654480254815537
"4",-0.136549598874474,-0.109183037864636,-0.0479146243621457,1,-0.0105703300202266,0.0670874321560885,-0.0110615485018061,0.0372233604577631,-0.0800048235616054,0.0547456604382174,0.0820551964512676,0.0140463188384746,-0.0283136175997672,-0.130249332431619,0.0640955611421462,0.281738006349921,-0.0961909295040958,-0.0323344971970602,0.0918015418461911,0.0626543733473678,0.110117278232223,0.161435180966406,0.0903828721278806,0.0562539797284391,-0.104389987844433,0.0435525475278432,0.0736858312830508,0.0879492256156259,-0.207557014845134,0.0128724589166874,0.132769927114704,-0.0478511259698244,0.0103363197711293,-0.14558270519939,-0.0498406481375476,0.018395287294587,-0.0790569011967141,-0.0240975366439434,-0.113961246270735,-0.080075337179277,-0.250330730454135,-0.0868555118638251,0.1222158253171,0.210009662752956,0.0658244411024404,-0.262034634108297,-0.0148373043479246,-0.0481326491116728,0.0580812861972941,0.131205215862124,0.0455336130832997,-0.0265583383668855,-0.0395944791276026,-0.0814441935911087,0.112931438422695,-0.0704031940108293,-0.0698534260373643,-0.00062408357726117
"5",-0.111958534139644,-0.174225213355193,0.0811745013745784,-0.0105703300202266,1,0.0207371010480538,0.0694482408816135,0.0146709533375422,0.0482911404201438,-0.02114695417028,-0.0282274794380468,0.161065054448044,-0.0307302030665587,0.0792428707744131,0.0134961218546491,-0.102891680651664,-0.0631556074970222,0.0117713370588771,0.121899539280047,-0.0632866721221378,0.0128736900088588,0.0640187224703585,-0.00831142449578821,-0.00884183489793193,-0.00370266142358492,-0.158851469655951,-0.106307314972063,-0.0209115028972435,0.0107662230533568,0.0951030286186269,-0.00767353151270209,-0.00591625799142539,0.0711269068273807,-0.0723363101195539,-0.125623901516281,-0.0286865298976856,0.11085268980371,-0.055801225265284,-0.0432956766549515,-0.0772238787956245,-0.12059507790561,-0.00874125685236065,0.0651101251457477,0.110561208733361,0.136017531850839,0.068130017130752,-0.0971212919003392,-0.0762596976465252,-0.094842925696805,0.0969696110017599,0.159415903957379,0.00936667661878252,0.0292573150389816,0.0223495264603546,-0.0616207482378979,-0.00249898444463392,0.102243688437652,0.117546964322623
"6",-0.030212493593063,-0.0238569624025714,0.0677668955763922,0.0670874321560885,0.0207371010480538,1,0.0562529408632037,0.105491369697666,0.00526755109688461,0.00422723987882364,-0.00414260590202289,0.0330879233241987,0.193560606860096,0.0714790947703744,-0.00417408017344194,-0.0666831901549652,-0.0827925996175898,-0.0415037331530473,0.0398669165182041,-0.123253603303281,-0.0891417278222411,0.0199497816956732,-0.0846325004476759,-0.0892652856523574,0.162071006193349,-0.0978641111804175,-0.109743140167849,-0.0760350418670503,-0.0599847016473294,-0.0755189541941164,-0.0653897137871157,0.00966698742295306,0.0895426417261522,0.210064864710153,0.116664460882112,-0.0729471141823787,0.0471623149405972,0.0288086703832823,0.045053708068827,0.210748232808904,0.15805793462583,-0.0938271289380649,-0.164279592247531,-0.0723208793840503,0.0926567775330243,-0.0879444743426281,0.13812696156622,-0.17723801390348,0.0561692804847927,-0.0190502715963475,0.033249346853138,0.121960160553555,-0.0482457032568676,0.0289922194269377,0.00750569277805468,-0.282543351566454,0.0629139192194186,0.265665045006627
"7",0.0145600498904642,-0.163492057800023,0.239810327507444,-0.0110615485018061,0.0694482408816135,0.0562529408632037,1,0.110434353668725,-0.0293797984216328,-0.143685384276939,-0.0481600623098738,0.0010346313500168,0.0584480991953253,0.0364089420230336,0.116546309546928,-0.155214592154974,-0.0368407996312593,-0.0966210716396761,-0.112487111896358,-0.292655737489704,-0.0510650697958971,0.00649287206429842,-0.0123843835750899,0.0134005110708781,0.0983669274118036,0.0340942380146605,-0.00957381836191731,-0.10286226749524,0.0167960928965492,-0.141982699952366,0.0900527113980501,-0.144975952383553,0.122122917198592,-0.101472698096783,0.236001592102524,0.0315106525256844,-0.0169195761468247,0.0626163386388786,-0.165765517555417,0.0926221624836714,-0.0649300089942067,-0.0604091469377823,0.0620387686340002,-0.0822483322340955,0.0376493588522025,-0.0235729474103755,0.13482835389325,0.0302812255051866,0.025416649032488,-0.0363908932590311,-0.119702995975699,-0.231889501001627,-0.0577343652706284,-0.026631190095784,-0.0470984567820339,0.115783061526492,0.00859221187847752,-0.0598514447230559
"8",0.0131402187955085,-0.0610969042285297,0.188860599740513,0.0372233604577631,0.0146709533375422,0.105491369697666,0.110434353668725,1,-0.172047826088097,-0.0755144483733229,0.0436093353638527,0.148878775396799,0.0932747196356163,0.116365100964823,0.00918162715813426,-0.259224932619002,-0.0533340345574948,-0.0192984706313797,0.0308898777363745,-0.00317624214350601,-0.00284835252669566,-0.278025433671061,-0.12032667601055,-0.0324777598304849,0.0369610701183867,0.0185989692353153,0.0575267908421544,-0.308571949521821,-0.164500747742874,-0.120804704536902,-0.173003610443873,-0.104372672836425,-0.0533788616519458,0.0741672040149577,0.272742399379822,0.263547556668692,0.149726341848829,0.0304320661366115,-0.058467957635987,0.18358460932342,-0.00058618161549579,-0.0146262405071129,0.129681042929947,0.0992275777614044,-0.0994224733035602,-0.23329424264779,0.0331842850749637,-0.0204920427457182,0.0730502729437507,0.113174450484,-0.0958210860911794,-0.0288555791657107,0.110437633871111,-0.165211859033118,0.0288148813554446,-0.0387760785202102,0.186563356365136,0.0521920755744522
"9",0.0422284843349865,0.169279450675948,-0.143696228645535,-0.0800048235616054,0.0482911404201438,0.0052675510968846,-0.0293797984216328,-0.172047826088097,1,0.341600822551427,-0.0342041978353254,-0.179703699580648,0.148607103019721,0.0880705615658559,0.0307432090041233,-0.0371936266276991,0.140189789894556,-0.0699315022861764,-0.117432479098783,0.0297666302479922,0.0869945590961878,0.0913157736890913,0.0623035155289298,-0.291140066592709,-0.111258415903879,-0.0390331825790413,0.0353302413517481,0.0977287902941671,0.121419397629404,0.00946512792545269,-0.149420961882177,-0.035692744019429,-0.120099089505972,-0.1059084198403,-0.100006740337066,-0.0857504268579155,0.0456455081823987,-0.171434742667082,-0.0894422592485673,0.0259488272338197,-0.180117872442368,-0.192457175525558,0.439447644229762,0.174699497971802,-0.0127719922911728,-0.0299689320487939,-0.184365589893152,-0.135456728727892,0.169513583748952,-0.107959775498162,0.0497933873787365,0.0405825441138555,0.0340486545279297,0.14280147290989,0.124556909507344,-0.121034964573306,0.0769913161487404,0.0380544059693991
"10",-0.0159436234072914,0.24655785362933,-0.110100712861672,0.0547456604382174,-0.02114695417028,0.00422723987882364,-0.143685384276939,-0.0755144483733229,0.341600822551427,1,-0.0353770125149206,-0.0596384484732083,0.0371820299202606,0.0356495431053508,-0.180731657944502,0.132042033362733,0.0967830037493694,-0.161238045438325,-0.129563847661416,-0.0281529775165558,0.107515255257001,-0.00337950807223272,0.068054975196232,0.0469304873655326,-0.0875688073444122,0.0319978212257202,0.0617284704565244,-0.0246898572060789,-0.168899344073756,0.0172984864301911,0.0543242772912522,-0.0771650464643563,-0.0181831247794953,0.0219198994352722,-0.0275923030206278,0.0304004522986137,0.0186451206619392,-0.125995369160133,-0.245432267345995,-0.124668921299348,-0.0359378168370639,-0.00606742355389832,0.137503148870095,0.210396232841733,-0.10301554799048,-0.0850840054668643,0.0556573089338589,0.0411937467979452,0.0443342637559862,0.0238866584510839,-0.00023528257872887,0.0207420184016567,0.141461182846968,0.0990389466818381,0.0257980702357137,-0.174781937846851,0.264348132073697,0.156875667168444
"11",0.213244045922051,0.145759225938621,0.116019384847272,0.0820551964512676,-0.0282274794380468,-0.00414260590202289,-0.0481600623098738,0.0436093353638527,-0.0342041978353254,-0.0353770125149206,1,0.089419541363882,0.0425178890724147,0.130180595323646,-0.125166799145213,-0.0408366327966092,0.205440478502057,0.247102184042976,0.00089277328018469,0.101887328799562,-0.0289598895535197,0.0525980289311432,-0.220906956611782,-0.00815893051952052,0.100852576272964,0.0291956571366716,-0.00840164822213347,0.0015466508700105,0.1685149184077,0.120798927753011,0.0596023325975015,0.158274665854093,0.236146628492622,0.128760881034998,-0.0724840480750117,0.0102139444749763,0.0602770451810236,0.202190477395243,0.0328433611005171,0.189317099276734,0.0254027278751287,-0.0263599147264233,-0.107498063075393,0.0659796999393981,-0.0768322707751806,-0.340845960474823,-0.0154709771541417,-0.142236302523235,0.00424863553673151,0.232597661367035,-0.0127599960351669,0.174546399249288,-0.131180103154048,0.0237707566220827,0.0772917609168535,-0.141959887677251,0.0946379423156961,0.045057391356105
"12",0.147946352991255,0.0109354850894208,0.00154731326774798,0.0140463188384746,0.161065054448044,0.0330879233241987,0.0010346313500168,0.148878775396799,-0.179703699580648,-0.0596384484732083,0.089419541363882,1,-0.0401479881490353,0.140255664145545,-0.0683970774851479,0.142221558353989,0.0705051027246512,0.100611747547162,-0.0194942523234024,0.0608407384890017,0.0962548750516418,-0.0971524926517096,0.0117313545561961,0.0613782810387843,0.266376167585941,0.228923049152155,-0.0897619599947681,-0.0331878246260847,-0.0524227541319983,0.0176344454667141,-0.122912172691303,0.0401169705016484,0.227156017183332,0.0106767339563984,0.127328693027656,0.119627934818694,0.258277552975383,0.0788745131961557,0.0535340972134814,0.134078587712788,0.0521744202221534,0.108176595915941,-0.292304695028167,-0.157091310323654,0.10298960585646,-0.0449330847128458,0.149738075034396,0.135955413977714,-0.130871234025586,-0.0147402852196192,-0.222320850164457,-0.0182056002043964,0.0844990328889275,0.0991591819180376,0.172496318436732,-0.0608983667952252,-0.0222706923989807,0.114173813260342
"13",-0.0227866830842998,0.071476837468088,-0.0918540114867449,-0.0283136175997672,-0.0307302030665587,0.193560606860096,0.0584480991953253,0.0932747196356163,0.148607103019721,0.0371820299202606,0.0425178890724147,-0.0401479881490353,1,0.349055027318604,-0.0408617671325285,-0.104156611431983,0.131007867928089,0.180109321359616,0.124338110555078,0.192746143204977,-0.244976850815596,-0.0584735745725026,-0.0593502688624946,-0.135075608353901,0.143656394855079,0.0550513337250327,0.0269667606143187,-0.0157440093210045,-0.00407929428000882,-0.140052002668525,0.0795251514904872,0.00917684675940098,0.0682448155218725,0.115734645656231,0.0479827892606633,0.186233500175235,0.248049246731349,0.340256779312001,0.16644659577969,0.229495182451522,0.109086520299126,-0.0323086069458617,-0.0114988507210131,0.0721949560454141,0.0355865773347615,-0.0603855942245485,-0.0462694239531425,-0.00440561570015086,0.566146285698759,0.254682697479895,0.0962978002085691,-0.00814316717667498,-0.128713891016161,-0.187453298846373,0.0148673290740169,-0.0223012353716601,0.0892498013556257,0.152377882773728
"14",0.0138657911464207,0.213545270481744,0.0728959177507391,-0.130249332431619,0.0792428707744131,0.0714790947703744,0.0364089420230336,0.116365100964823,0.0880705615658559,0.0356495431053508,0.130180595323646,0.140255664145545,0.349055027318604,1,0.186216144537954,-0.04160735560975,0.0582065978978308,0.324820607881421,0.165248800674878,0.0853749833154613,-0.0650957272708886,-0.206256593931285,0.0195908293418479,-0.0371532788261674,0.0577033869752909,-0.0632983500506027,0.0302670274195194,-0.0208533111567249,0.0339332822376284,-0.0897595571616076,0.0543149254027405,0.00359521569396279,0.0761486193390542,0.129716573515339,0.0212636212500562,0.216323558102592,0.113305976231293,0.0865313825970828,0.0215873115450739,0.174867729112528,0.210752578063916,0.00383558397642183,-0.110499259410362,-0.0903717597540582,0.0768361763459668,-0.0927838972877442,0.114244089586191,0.17768844130535,0.296414719874617,0.368905588428892,0.0720242011368919,0.0437271867648731,0.0400764025831697,-0.0412136707493866,-0.0769955428549051,0.0347411775593888,0.134578768641823,0.0942391821808785
"15",-0.0824785568248802,0.0242930761123093,-0.0375286676176362,0.0640955611421462,0.0134961218546491,-0.00417408017344194,0.116546309546928,0.00918162715813426,0.0307432090041233,-0.180731657944502,-0.125166799145213,-0.0683970774851479,-0.0408617671325285,0.186216144537954,1,-0.226315151309026,-0.13554780529419,0.182998989345259,0.0113982549246944,0.038043696357984,-0.0110530043781765,-0.0105660715940824,-0.0636097269832506,-0.0590979263533639,-0.198405968119664,-0.0759822472448638,0.130953118222885,0.0995046195417046,0.102024101870174,-0.0744970300219838,0.109227726194652,0.0308662450141552,-0.0545006915169034,0.104859843161684,-0.0283481761436304,-0.00635336963040111,-0.0449355114520098,-0.00896356756732152,-0.18220236682913,0.0303593108479969,-0.0222579190374735,-0.222420160989545,0.0431489612594058,-0.0502395097541379,-0.0326053468261514,-0.105563639014358,-0.0997577593850834,0.0120437369571053,0.10102503618165,0.0551251275235858,-0.00384624645951931,-0.161471965864605,-0.0805793591909335,0.0525335863349586,-0.185582547893855,0.0232665497866776,-0.0946752283125951,-0.129268628942276
"16",0.0370113315714112,0.144353284503728,-0.117878961558939,0.281738006349921,-0.102891680651664,-0.0666831901549652,-0.155214592154974,-0.259224932619002,-0.0371936266276991,0.132042033362733,-0.0408366327966092,0.142221558353989,-0.104156611431983,-0.04160735560975,-0.226315151309026,1,0.0512398800041037,0.0889573108060668,0.142467078257729,0.0534482684911686,0.0985482337015277,0.113760782702005,0.244698946061701,0.134670633114618,0.0365485169759056,0.148100699965228,-0.0770594068445322,0.118033467256239,-0.291760065724214,0.0330289308931401,0.122068940172778,-0.0227468626229218,0.0813405103882068,-0.0661893208652999,-0.0609501246495812,0.0840765220623758,-0.0460589050506909,0.125917439776583,0.147020385617436,0.109559051674933,0.0987810381940131,0.0837065160778478,-0.10085553119832,0.00632178502376974,0.00905771347643942,-0.0682039602455029,0.0968206487020575,0.188232369845257,-0.0838931234472807,-0.183410251821875,0.156058834918584,0.190080006678451,0.0981458278223523,-0.0316502370779511,0.0982994288132482,-0.0978073651697826,-0.124349002803365,-0.0240172733054855
"17",-0.170258640642691,0.151003642701967,0.0582216292656035,-0.0961909295040958,-0.0631556074970222,-0.0827925996175898,-0.0368407996312593,-0.0533340345574948,0.140189789894556,0.0967830037493694,0.205440478502057,0.0705051027246512,0.131007867928089,0.0582065978978308,-0.13554780529419,0.0512398800041037,1,0.315985423423714,0.0405104006333996,0.057177543520638,-0.011766428632631,-0.0652125868806303,-0.178693007069677,-0.0381352416239338,0.046438736074507,-0.0231956368881199,0.0136424842441705,-0.00536526045799263,0.0982130252609926,-0.103787552633361,0.0975934759989768,-0.177624504186915,0.0278857425285971,0.0244931611476412,0.0941296088801906,0.197742383711638,0.0666652068673408,-0.00500446720428108,0.0378627288582701,0.0854063097024308,-0.0887859170316741,-0.127111203494007,-0.0104755465186284,0.0168228570226085,-0.0237674567453211,0.01297564114586,-0.106809058340062,-0.0196981258490749,0.23158397195362,0.132041175827361,-0.0373165055894637,0.0861142924196039,0.0241855174253961,0.0190677909290603,0.11863522878743,0.0150268619157776,-0.042422576042494,-0.0131009742940482
"18",-0.0613873679717378,0.130932159965105,0.00572316126418773,-0.0323344971970602,0.0117713370588771,-0.0415037331530473,-0.0966210716396761,-0.0192984706313797,-0.0699315022861764,-0.161238045438325,0.247102184042976,0.100611747547162,0.180109321359616,0.324820607881421,0.182998989345259,0.0889573108060668,0.315985423423714,1,0.306696809113865,0.287964000379175,-0.0176387722813862,-0.0548406555779878,-0.0627016797499762,0.00950734340082233,0.131974924813485,-0.0714045249428092,0.0808381706912914,0.148925248569006,-0.034978947819849,-0.0977889896223956,0.0929991825210399,0.202295991105579,0.0862544106218731,0.283478692470249,0.0374426853100702,0.0350639566403625,0.116246917717289,0.139362299146774,0.0302848166020084,0.127442704426657,0.0653314261402061,-0.129264185359172,-0.230396682223093,-0.15671733200574,0.0384577276490847,-0.0197887919955028,-0.0298679655299374,0.0807988450375839,0.111005310678558,0.327859719968949,0.117107541424608,0.0958438523191824,-0.106065152571625,-0.230188483184515,-0.137092584284114,0.0519279134291066,0.0714711373113135,0.0282080997800198
"19",-0.26617758689807,-0.101248666703135,-0.0680845314922476,0.0918015418461911,0.121899539280047,0.0398669165182041,-0.112487111896358,0.0308898777363745,-0.117432479098783,-0.129563847661416,0.00089277328018469,-0.0194942523234024,0.124338110555078,0.165248800674878,0.0113982549246944,0.142467078257729,0.0405104006333996,0.306696809113865,1,0.372008830376378,-0.0593213222186548,-0.0871932794383046,0.174040134547728,-0.0702786061318261,-0.0468045576327938,0.0438648183596983,0.036952768564674,0.142179309587123,-0.133028028256193,-0.123303319973041,0.264521023521292,-0.0316368621160332,-0.0980267016064206,0.0890866530777426,0.132964972624009,0.140396519269799,-0.0317440107015571,-0.00374221268081414,0.180711758093085,0.18854508501905,-0.0884360425053239,0.147012841252904,-0.0723314187460928,-0.0797624802657421,0.089985629010466,0.0669406613862541,-0.0603106312974501,0.126738941382384,0.0631194193660002,0.279242192863403,-0.0933896830242023,0.0515384632625652,-0.0747372074714214,-0.249916566174727,0.0128684992655018,-0.0550332215689108,0.104365667364608,0.00839119914198165
"20",-0.164896231822048,0.0687834363233225,-0.310316176813234,0.0626543733473678,-0.0632866721221378,-0.123253603303281,-0.292655737489704,-0.00317624214350601,0.0297666302479922,-0.0281529775165558,0.101887328799562,0.0608407384890017,0.192746143204977,0.0853749833154613,0.038043696357984,0.0534482684911686,0.057177543520638,0.287964000379175,0.372008830376378,1,-0.0616647624696847,-0.207712544688709,0.0754896232807961,-0.0188222533898741,-0.127105499596183,-0.0416161868534994,0.0762743666698978,0.245410801392046,0.147783033706487,0.0621620753193615,0.118193273969606,0.348854022266777,-0.181654456086804,0.194293438511143,0.0449795120008807,-0.00459144036944827,-0.0421098712207646,-0.0932523980572426,0.131872517719006,0.225204730727518,-0.0931185814607052,-0.0500123476911739,-0.0808320000881612,-0.108357686740485,-0.123001707509883,-0.0634880758099676,-0.149684447187664,-0.0109489248091851,0.117145295057794,0.125442991780377,-0.0134508706000488,-0.0228000174432404,-0.0775208232503153,-0.205758287141293,0.0965227309001796,0.155745966855044,-0.00357045926141406,-0.018355811582376
"21",0.0430413910881832,0.0473242197389783,-0.0208894816107991,0.110117278232223,0.0128736900088588,-0.0891417278222411,-0.0510650697958971,-0.00284835252669566,0.0869945590961878,0.107515255257001,-0.0289598895535197,0.0962548750516418,-0.244976850815596,-0.0650957272708885,-0.0110530043781765,0.0985482337015277,-0.011766428632631,-0.0176387722813862,-0.0593213222186548,-0.0616647624696847,1,-0.0563707752577108,0.0108408909582791,-0.109998712110129,-0.0610695190047995,-0.099840254534145,-0.0573819816612117,-0.117633889207199,-0.0618861083744429,0.184877876864462,0.0668904960482162,0.0614215078884931,0.0583255835323661,-0.0804052366419862,-0.0913619343379824,-0.0221774191309031,-0.11153074648867,-0.0934385088661763,0.0459354901335967,0.135248111160501,-0.115424193133835,0.0386413515908275,0.0371172694143565,-0.00541625914740743,0.169141083400117,-0.0103457015395416,-0.0375687017977206,0.0446788705386995,-0.012514399935478,0.005191002876076,-0.152523788742929,-0.112966487902323,0.0517667254253237,0.102688417668049,0.0179215689852582,0.0106738852172159,0.0809254823167742,0.129890464709789
"22",0.182260379130839,-0.102286303086018,-0.0423553209308008,0.161435180966406,0.0640187224703585,0.0199497816956732,0.00649287206429842,-0.278025433671061,0.0913157736890913,-0.00337950807223272,0.0525980289311432,-0.0971524926517096,-0.0584735745725026,-0.206256593931285,-0.0105660715940824,0.113760782702005,-0.0652125868806303,-0.0548406555779878,-0.0871932794383046,-0.207712544688709,-0.0563707752577108,1,0.00098995094116069,-0.181170990069622,-0.0562229986395205,0.0810911323143133,0.0105479302697181,0.152333141157399,0.108083169354489,0.182625790663409,0.0272837728749845,-0.0378041859102003,0.129260136391117,-0.118509787251148,-0.20118921214274,-0.185001767895765,-0.0398375772281598,0.0127630485509604,-0.00497950818738667,-0.126462813304465,-0.00124180763147803,-0.124468791337778,0.104312948190545,0.203968595266983,0.0460298426819124,-0.0819629149595029,-0.0868506841703209,-0.159007707416758,-0.0870817357543731,-0.158364699102595,0.0157181891006476,-0.121732791514391,-0.00594807058994654,-0.0649396211704017,-0.0314502397300099,0.0198265431074042,-0.0540645886854653,-0.0281814858748315
"23",-0.0643285143409655,-0.0313795414824205,-0.169226107667539,0.0903828721278806,-0.00831142449578821,-0.0846325004476759,-0.0123843835750899,-0.12032667601055,0.0623035155289298,0.068054975196232,-0.220906956611782,0.0117313545561961,-0.0593502688624946,0.0195908293418479,-0.0636097269832506,0.244698946061701,-0.178693007069677,-0.0627016797499762,0.174040134547728,0.0754896232807961,0.0108408909582791,0.00098995094116069,1,0.0652468362950925,-0.0132695855869556,0.0115555510788646,0.167133048736403,0.200902942393477,-0.230189290541366,0.066462151145965,-0.0879232045151506,0.00960042905023204,-0.0709877865601124,-0.225362229013994,0.0991647504993545,-0.120774791849396,-0.0400456724366893,-0.0763278323870202,-0.0299253094410614,-0.104626222828165,-0.0325930152624272,0.177980023767438,0.214948313073247,-0.105941240540051,0.00335757391718355,0.0706006931380707,0.0255810938678539,0.21162877126226,0.0385950025021583,-0.0253152947169018,0.00594304902341959,-0.130582281869058,0.108236161718033,0.0277784356538021,-0.00361703076804684,0.011179550313831,-0.104384005694342,0.134038782066794
"24",0.0041938322239633,0.219466857774302,0.0684605426082567,0.0562539797284391,-0.00884183489793193,-0.0892652856523574,0.0134005110708781,-0.0324777598304849,-0.291140066592709,0.0469304873655326,-0.00815893051952052,0.0613782810387843,-0.135075608353901,-0.0371532788261674,-0.0590979263533639,0.134670633114618,-0.0381352416239338,0.00950734340082233,-0.0702786061318261,-0.0188222533898741,-0.109998712110129,-0.181170990069622,0.0652468362950925,1,0.171333179657743,-0.013994662199618,0.22200531829942,0.0552293475196662,-0.106728013633582,0.121520310374594,-0.0150764548255654,0.15820292935723,-0.047632272369225,-0.0465179173511053,-0.0515380142196129,-0.0462721688800061,-0.0393748851401848,0.0780946435333838,-0.113940586438878,-0.201908764269996,0.052371106870841,0.189433333271795,-0.00121908796984199,-0.135008049858886,-0.0727848950924401,-0.204773947175693,0.0538602536825233,0.165372981146019,-0.0746170085663151,-0.0313861345846964,0.158333371674764,-0.0205569863116964,-0.076262069775577,0.00776284986444616,0.0105127916858502,0.107794034872762,-0.153479915434207,0.0101574434203349
"25",0.187142460565321,0.167006557671919,0.144792495356003,-0.104389987844433,-0.00370266142358492,0.162071006193349,0.0983669274118036,0.0369610701183867,-0.111258415903879,-0.0875688073444122,0.100852576272964,0.266376167585941,0.143656394855079,0.0577033869752909,-0.198405968119664,0.0365485169759056,0.046438736074507,0.131974924813485,-0.0468045576327938,-0.127105499596183,-0.0610695190047995,-0.0562229986395206,-0.0132695855869556,0.171333179657743,1,0.0689363884007435,-0.0813530133906279,-0.0790896349572663,-0.151079185123569,-0.0542895482846736,0.00885161899872403,0.0472716666416809,0.137594326596559,-0.0293659965817393,0.269018485107781,0.112963402381449,0.201077045438947,0.318350266381167,0.142951106782939,0.238659862458291,0.118172577399882,0.0668599751248926,-0.29331780467954,-0.170243310773879,0.00484980780850606,-0.159121631728878,0.172653086078857,0.100876940346327,-0.0190912487870094,-0.0138913040504879,0.128757174602547,0.0877484513250882,-0.149968841993132,-0.0118551889787465,-0.00465724666887036,0.0406838480546241,0.0525194982992277,0.239620991813459
"26",0.00466681899925573,-0.113890507262927,-0.0321654989944321,0.0435525475278432,-0.158851469655951,-0.0978641111804175,0.0340942380146605,0.0185989692353153,-0.0390331825790413,0.0319978212257202,0.0291956571366716,0.228923049152155,0.0550513337250327,-0.0632983500506027,-0.0759822472448638,0.148100699965228,-0.0231956368881198,-0.0714045249428092,0.0438648183596983,-0.0416161868534993,-0.099840254534145,0.0810911323143133,0.0115555510788646,-0.013994662199618,0.0689363884007435,1,0.0921120301985015,-0.0947758664596277,-0.140860910553801,-0.151770594112085,0.0442041643703034,-0.154170020275986,-0.02951657845962,0.0660867004948427,0.118355236226904,0.147175848141572,0.199240866966308,0.178219013768375,0.124670715077862,0.172487097933148,0.243467872787834,0.29629209783316,-0.0639847232996404,0.0813383484863655,-0.00181266037420208,0.0270356324667628,0.221950527356573,0.164583295196647,-0.0120867178675622,0.0884620268976119,-0.06512358308946,0.116310899935855,0.0802497815548859,-0.0568194858782024,0.112005420208253,-0.032525159435653,-0.00081642320270041,0.0439037833137225
"27",0.0496058991825703,0.0880199071170192,-0.145366907590112,0.0736858312830508,-0.106307314972063,-0.109743140167849,-0.00957381836191731,0.0575267908421544,0.0353302413517481,0.0617284704565244,-0.00840164822213347,-0.0897619599947681,0.0269667606143187,0.0302670274195194,0.130953118222885,-0.0770594068445322,0.0136424842441705,0.0808381706912914,0.036952768564674,0.0762743666698978,-0.0573819816612117,0.0105479302697181,0.167133048736403,0.22200531829942,-0.0813530133906279,0.0921120301985015,1,0.263974954714253,-0.157412895639072,0.169754094318446,0.153892612280568,0.0750953017752175,-0.122114229193185,-0.0724238699540214,0.0135748185506568,-0.10190481553009,0.0102335289480563,0.0727545294869111,-0.18732546549058,0.0375061220534161,-0.0234108908404146,-0.115798451423091,0.145366905109115,-0.0617905361488416,0.0556389392380675,-0.0494231094430787,-0.0355082584057083,0.147444459931626,0.118951381133356,-0.0182512622117713,-0.196215737540577,-0.293151911003992,0.00822254101355408,0.0415121643626094,-0.00545693659061077,0.0334903360411604,-0.0177215604729397,0.084746464417455
"28",-0.137213499408574,-0.132399296798658,-0.114636402055905,0.0879492256156259,-0.0209115028972435,-0.0760350418670503,-0.10286226749524,-0.308571949521821,0.0977287902941671,-0.0246898572060789,0.0015466508700105,-0.0331878246260847,-0.0157440093210045,-0.0208533111567249,0.0995046195417046,0.118033467256239,-0.00536526045799263,0.148925248569006,0.142179309587123,0.245410801392046,-0.117633889207199,0.152333141157399,0.200902942393477,0.0552293475196662,-0.0790896349572663,-0.0947758664596277,0.263974954714253,1,-0.0174429656913454,0.23728286820217,0.181896435079869,-0.0140428738252017,0.152190633219764,0.12387321120659,-0.0861863880274424,0.0128998871738112,-0.106618598889165,-0.0416216099294294,-0.0583084865828727,0.0116399107570448,0.0147584030310719,-0.136954487584707,0.0626956241279127,0.0004807518217529,0.173928843924703,0.0725086571688209,-0.167283904746961,0.0927885626589949,0.078352996550667,-0.0316077397977745,0.0353915463859308,-0.232411687607429,0.12715132181432,0.0983395289892655,-0.0418150199350715,-0.0480695706968471,-0.0736271359782358,-0.0745848602610075
"29",0.0542229614970635,0.101416227542074,0.0453513892123013,-0.207557014845134,0.0107662230533568,-0.0599847016473294,0.0167960928965492,-0.164500747742874,0.121419397629404,-0.168899344073756,0.1685149184077,-0.0524227541319983,-0.00407929428000882,0.0339332822376284,0.102024101870174,-0.291760065724214,0.0982130252609926,-0.034978947819849,-0.133028028256193,0.147783033706487,-0.0618861083744429,0.108083169354489,-0.230189290541366,-0.106728013633582,-0.151079185123569,-0.140860910553801,-0.157412895639072,-0.0174429656913454,1,0.0567573879380537,-0.197631850711848,0.170560957644844,0.0853417017534632,0.0892459704820376,-0.10384195639168,-0.184513732631886,-0.0228596150237579,-0.233299297331267,0.0832043147535217,0.0916793821008731,-0.0349828233544648,-0.144717919592459,-0.129061431730066,-0.0233531717360481,-0.128522402609971,-0.0883245713848612,-0.115411101742631,-0.216742984832949,-0.0522814606219998,0.00382729260021804,-0.0987499999936322,-0.149012079026055,-0.153797389933749,-0.0813003102885813,0.0201430904690965,0.145306520982293,-0.114278784037903,-0.145337648043529
"30",0.111769744531837,0.132105947200692,-0.134503900195773,0.0128724589166874,0.0951030286186269,-0.0755189541941164,-0.141982699952366,-0.120804704536902,0.0094651279254527,0.0172984864301911,0.120798927753011,0.0176344454667141,-0.140052002668525,-0.0897595571616076,-0.0744970300219838,0.0330289308931401,-0.103787552633361,-0.0977889896223955,-0.123303319973041,0.0621620753193616,0.184877876864462,0.182625790663409,0.066462151145965,0.121520310374594,-0.0542895482846736,-0.151770594112085,0.169754094318446,0.23728286820217,0.0567573879380537,1,-0.062704921539191,0.168988819802239,-0.0546146678171465,0.0329081745211889,-0.141629680999184,-0.237166948863828,-0.231633226749954,-0.0360465873849031,-0.133201347917446,-0.054815744728849,-0.00371382117112672,-0.0693202497867828,-0.0249192951868906,-0.044294180044949,0.0335880937133069,-0.00105259493346083,0.00526384424672088,0.0527765616536823,-0.0781415558456385,-0.0793586040833135,0.0240646739862685,0.00130302734331458,0.187622044140393,0.207465456384085,0.0488386664344537,-0.0121708170703495,-0.149300533747744,-0.134735780821783
"31",-0.188434308680335,0.0916675686377932,0.0780699538533097,0.132769927114704,-0.00767353151270209,-0.0653897137871157,0.09005271139805,-0.173003610443873,-0.149420961882177,0.0543242772912522,0.0596023325975015,-0.122912172691303,0.0795251514904872,0.0543149254027405,0.109227726194652,0.122068940172778,0.0975934759989768,0.0929991825210399,0.264521023521292,0.118193273969606,0.0668904960482162,0.0272837728749845,-0.0879232045151506,-0.0150764548255654,0.00885161899872403,0.0442041643703034,0.153892612280568,0.181896435079869,-0.197631850711848,-0.062704921539191,1,-0.0242104335691727,0.0284160881876984,0.0348456658874073,0.0959583706028082,0.224866664728587,0.0702935556195509,0.121615426304217,0.0767328389332029,0.0461037871235596,-0.0565600769890614,-0.0482837731465286,-0.0910067075701718,0.0489048750363467,0.128694253527991,-0.112923236260218,-0.103798937633792,0.120324785436509,0.00267439702962074,0.161165604606113,-0.138188026264399,-0.0127079587548295,-0.249532388475235,-0.0251725252548764,0.00118667400760996,0.041798629413579,0.0725499335874497,-0.0577515781868268
"32",0.202215749694963,0.26213215380231,-0.158078698227642,-0.0478511259698244,-0.00591625799142539,0.00966698742295306,-0.144975952383553,-0.104372672836425,-0.035692744019429,-0.0771650464643563,0.158274665854093,0.0401169705016484,0.00917684675940098,0.00359521569396279,0.0308662450141552,-0.0227468626229218,-0.177624504186915,0.202295991105579,-0.0316368621160332,0.348854022266777,0.0614215078884931,-0.0378041859102003,0.00960042905023204,0.15820292935723,0.0472716666416809,-0.154170020275986,0.0750953017752175,-0.0140428738252017,0.170560957644844,0.168988819802239,-0.0242104335691727,1,-0.0787187011587251,0.00944721261971079,-0.137068502981518,-0.262317568368543,-0.0285465141148165,-0.0610350699057667,0.028383377438714,0.0105468872513954,0.0265387152312934,-0.0501384629720995,-0.139311053385555,-0.285129868332333,-0.0667577661059333,-0.0319359882429505,-0.0903952562142504,0.0206054696409657,-0.0739025367687299,-0.0445428312607319,0.0826193582949406,0.0492982355267844,-0.141821293172952,-0.087896093903217,-0.0290455877268267,0.0187260382282865,-0.0824552551714677,-0.017221570849862
"33",0.322126429526676,-0.103473498687063,0.213809403502454,0.0103363197711293,0.0711269068273807,0.0895426417261521,0.122122917198592,-0.0533788616519458,-0.120099089505972,-0.0181831247794953,0.236146628492622,0.227156017183332,0.0682448155218725,0.0761486193390542,-0.0545006915169034,0.0813405103882068,0.0278857425285971,0.0862544106218731,-0.0980267016064206,-0.181654456086804,0.0583255835323662,0.129260136391117,-0.0709877865601124,-0.047632272369225,0.137594326596559,-0.02951657845962,-0.122114229193185,0.152190633219764,0.0853417017534632,-0.0546146678171465,0.0284160881876984,-0.0787187011587251,1,0.217743119155088,0.00749737710751625,0.0765486526211583,0.216896926846853,0.209727121000162,0.181709717240582,0.214176500430829,0.14695746141275,0.0271957096783442,-0.210325426582364,-0.133857921201657,0.0457342202518211,-0.0844180861425636,-0.0134862985475573,-0.0897433317575442,0.0059754146587356,0.162566613827781,0.0173674592039654,-0.198653705996751,-0.0715156244244989,0.0213405655115766,-0.0568249877932082,-0.198076117222148,0.0529761194437857,0.0352937040608218
"34",-0.0397670218882751,-0.0939440420347827,0.153178458128174,-0.14558270519939,-0.0723363101195539,0.210064864710153,-0.101472698096783,0.0741672040149577,-0.1059084198403,0.0219198994352722,0.128760881034998,0.0106767339563984,0.115734645656231,0.129716573515339,0.104859843161684,-0.0661893208652999,0.0244931611476412,0.283478692470249,0.0890866530777426,0.194293438511143,-0.0804052366419862,-0.118509787251148,-0.225362229013994,-0.0465179173511053,-0.0293659965817393,0.0660867004948427,-0.0724238699540214,0.12387321120659,0.0892459704820376,0.0329081745211889,0.0348456658874073,0.00944721261971079,0.217743119155088,1,0.105868923157142,-0.0333982558334232,0.163451212886413,0.0911329174291729,0.183218763045033,0.228999373168641,0.24061524712214,-0.0428642515701437,-0.304516434504384,-0.0569199394485376,-0.215844968432315,-0.196018009625099,0.129889209137176,0.0141516793408429,0.0523848709102559,0.159817609009364,0.0464641909331826,0.00070587742974447,0.00147257931219686,-0.0786056630971069,-0.171640358598304,-0.106417227393543,0.0998410891217274,-0.0251066942982779
"35",-0.0766255839300913,0.0591083498859703,0.102198093885685,-0.0498406481375476,-0.125623901516281,0.116664460882112,0.236001592102524,0.272742399379822,-0.100006740337066,-0.0275923030206277,-0.0724840480750117,0.127328693027656,0.0479827892606633,0.0212636212500562,-0.0283481761436304,-0.0609501246495812,0.0941296088801906,0.0374426853100702,0.132964972624009,0.0449795120008807,-0.0913619343379824,-0.20118921214274,0.0991647504993545,-0.0515380142196129,0.269018485107781,0.118355236226904,0.0135748185506568,-0.0861863880274424,-0.10384195639168,-0.141629680999184,0.0959583706028082,-0.137068502981518,0.00749737710751625,0.105868923157142,1,0.298250869951624,0.252287955447039,0.0341388712486742,-0.0332997844891679,0.349649102606351,0.0295538632871673,-0.0718155512594656,-0.0478629404398513,-0.110377413386603,-0.111522092338673,-0.152360448600868,0.25410221877413,0.119957258084177,0.0593905684550217,0.212826550173644,-0.109629481590032,-0.0361028232505706,-0.0170828828117093,-0.225930222183559,-0.0559131809092478,-0.00247540470884616,0.0668501733847357,0.0281305475418797
