"","l_Insular.Cortex","r_Insular.Cortex","l_Amygdal.Area","r_Amygdal.Area","l_Bed.Nucleus.of.the.Stria.Terminalis","r_Bed.Nucleus.of.the.Stria.Terminalis","l_Hippocampus","r_Hippocampus","l_Orbitofrontal.cortex","r_Orbitofrontal.cortex","l_Entorhinal.Cortex","r_Entorhinal.Cortex","l_Frontal.Association.Cortex","r_Frontal.Association.Cortex","l_Globus.Pallidus","r_Globus.Pallidus","l_Glomerular.Layer.of.the.Accessory.Olfactory.Bulb","r_Glomerular.Layer.of.the.Accessory.Olfactory.Bulb","l_Glomerular.Layer.of.the.Olfactory.Bulb","r_Glomerular.Layer.of.the.Olfactory.Bulb","l_Granule.Cell.Level.of.the.Cerebellum","r_Granule.Cell.Level.of.the.Cerebellum","l_Hypothalamic.Region","r_Hypothalamic.Region","l_Entorhinal.Cortex","r_Entorhinal.Cortex","l_Vermix.Molecular.Layer.of.the.Cerebellum","r_Vermix.Molecular.Layer.of.the.Cerebellum","l_Lateral.Molecular.Layer.of.the.Cerebellum","r_Lateral.Molecular.Layer.of.the.Cerebellum","l_Anterior.Olfactory.Bulb","r_Anterior.Olfactory.Bulb","l_Posterior.Olfactory.Bulb","r_Posterior.Olfactory.Bulb","l_Subiculum","r_Subiculum","l_Perirhinal.Area","r_Perirhinal.Area","l_PreLimbic.System","r_PreLimbic.System","l_Primary.Cingular.Cortex","r_Primary.Cingular.Cortex","l_Primary.Motor.Cortex","r_Primary.Motor.Cortex","l_Retrosplenial.Cortex","r_Retrosplenial.Cortex","l_Secondary.Cingular.Cortex","r_Secondary.Cingular.Cortex","l_Secondary.Motor.Cortex","r_Secondary.Motor.Cortex","l_Striatum","r_Striatum","l_Ventral.Tegmental.Area","r_Ventral.Tegmental.Area","l_Substantia.Nigra","r_Substantia.Nigra","l_Thalamus","r_Thalamus"
"1",1,0.134010150803151,0.0981568035677769,0.0749220390608296,0.0533129935329836,-0.0156149583235595,-0.0690048830362307,0.00109561750298813,0.0796162824592708,0.288111729386391,0.185657306907149,0.00487025816642297,0.037933071537601,0.0243846117818169,0.19746457704096,0.0222471159413526,-0.0936111494025532,0.0731291604730486,-0.129203048872232,0.139804017034731,-0.0447433297265692,0.197579591432062,-0.0758389930404029,-0.118647905748109,-0.104316401450715,-0.0946875897266036,-0.0195093706814345,0.148801849629772,-0.0657609263497079,-0.0738686050697023,-0.0666044589124593,0.0360953117086768,0.0909334888328319,-0.0807189321767499,0.170514432164902,0.16051284335285,-0.307562709693754,-0.199948648444234,0.115778031427146,0.111888243808378,0.0653411106028108,0.0368812937712476,0.237851525344309,0.185344034742767,-0.0494246238793052,0.130096311220087,-0.025696812339864,0.0779032444821572,0.0796157755796327,0.0193303435550942,-0.0868822146726162,-0.0640450167141749,-0.0787911174182597,-0.046175780117011,0.0736131648092073,-0.222740035440908,-0.0395578847526945,0.115600507000805
"2",0.134010150803151,1,-0.121045436425606,-0.140370302335254,0.0628068885316089,0.0609450473096572,-0.0427460388485257,-0.122669167013828,-0.0881403454368883,0.254661386595845,0.0885512394564136,0.0924135063907585,0.233347887092272,-0.0794685322599938,0.16369446501289,-0.0994335035946742,0.0789758521919505,0.0426395498242892,-0.0892447919694557,0.117216962639531,-0.0492396594861687,0.173142037369594,0.0643430384230175,-0.207071114775614,0.0556481061074962,0.157403257085527,-0.131344272038565,-0.0162637301899263,-0.0474671275609078,0.0628934893407355,0.0262281861219992,0.100958121919604,0.0483584896097714,-0.0358505267902288,0.0419583659682601,-0.0502008377438054,-0.0569217138181075,-0.105459931378958,0.00569922890741955,-0.0056381688066272,0.0484654446057138,0.114045401265454,0.113899728631784,0.211687022695439,-0.00364908606886289,-0.0556060467432878,0.126613656776278,-0.00458823544936645,0.0475674233710529,0.00058877573132283,0.282032648679859,-0.0564912731835934,0.135361440949533,-0.0606663569263216,-0.0280376118290631,-0.031228202999791,0.0981194094157072,-0.126247749536757
"3",0.0981568035677768,-0.121045436425606,1,0.0061349675915173,0.0868443498547645,0.0946896092192125,0.0567677377661125,0.056449982748148,0.021682821271681,-0.0342650588632079,-0.101927685882051,-0.0137210682918876,-0.00338244770167063,0.194049204175317,0.0191820105400068,0.0331115008909527,-0.0162050516810203,0.145214530098804,-0.0421973249126706,0.0766877343420801,0.116947670135176,0.103842049548177,-0.17045176839649,-0.0165903058684357,-0.00588528804234656,0.0109168238320677,0.0658829658035291,0.0729024019055661,0.00978315814357695,0.0173119879260818,0.0277464063003848,0.0216798155098485,-0.0550681722746727,-0.0153249395603944,0.0383107995629266,-0.0705220004070371,-0.166981011842714,-0.0171489721073359,-0.0169444866085668,-0.018124580016158,0.165583740264418,-0.0217105458755686,-0.0214971198630894,0.0572262392744334,-0.112326957985041,0.158770030544523,0.191485367177479,-0.067877293483966,0.0373952893038181,0.200328174277637,-0.155437963044664,-0.0487683185557504,0.0131913422937862,0.113539886790831,0.165933802758518,-0.0767353861612844,0.0472604021024168,0.0679548259359117
"4",0.0749220390608296,-0.140370302335254,0.0061349675915173,1,0.120233999482298,-0.00493984172802381,-0.16179512458919,0.0480277988818332,-0.00221350968569425,-0.00667271672179711,-0.196647460532679,0.122613832867128,-0.207515875282532,-0.405299702716146,0.12790037284399,-0.0966001741735106,-0.147648148858531,-0.149918434249473,0.0519992166731562,0.0786594011421054,-0.0820602628402583,-0.0727141751052077,-0.0338351402541426,0.0490630075003689,-0.0396140405633995,-0.125916200852839,-0.0120732555324077,0.00868209788740066,0.0446592392415391,0.0681677683416729,0.086482335419824,0.116890397892198,0.0591886616550911,-0.294258385753462,-0.106414464656433,0.0631083050095564,-0.108959891825859,-0.0596211317128806,0.0433956409021921,-0.0580032865910521,-0.126054690200039,-0.22621820584922,0.16362107202089,-0.210437619230564,-0.0228609064614951,0.0932367757871679,-0.185627763948183,-0.160432973377034,-0.126939838792004,-0.362480204387823,-0.0727313890027336,0.0568691015391887,-0.10046950933711,-0.0773565089649892,0.0219583245955198,-0.00653436528665736,0.149123742609599,-0.0118469949175066
"5",0.0533129935329836,0.0628068885316089,0.0868443498547646,0.120233999482298,1,0.207340961558051,-0.0709940546901659,-0.0939927599514238,0.0668276685454852,0.0974481631052008,-0.0219171749649922,0.174816989291366,0.113768273433418,-0.0679280701009297,0.0598751625111261,0.0853861402851063,0.0469095256557925,-0.0203385433147354,-0.105442042520614,0.0317965037940675,-0.112343671156028,0.032568657223725,0.0511504963150694,-0.090981603221054,0.185838479712803,-0.017016349717915,-0.0230825040884115,-0.10886206257862,0.0391694529324168,0.0942120428935026,0.0982553376668841,0.0403561969972601,-0.0391089721571673,0.0547745359758064,0.26990730132225,0.0326211815318678,0.00355806149141103,-0.0260762728012906,-0.146296005944434,0.0650628684887093,-0.114318575424879,-0.0534599103671964,-0.111401545623148,-0.0427043286215883,-0.0181040671478861,0.111069486061475,-0.116117629513883,-0.170658955151291,-0.169347059902828,-0.117085354767141,-0.0697064512436166,-0.143951497737359,-0.0228507797986877,0.0808918199489853,-0.00105364927664816,-0.17665917446329,0.146223771556563,0.00729090938048986
"6",-0.0156149583235595,0.0609450473096572,0.0946896092192125,-0.00493984172802381,0.207340961558051,1,0.139413608548585,0.297865866290637,-0.04521427007044,0.139010705968016,-0.0237776849980913,-0.0473566785795023,-0.0433785299654947,-0.154998331797034,0.0659539974654964,-0.153998757240342,0.169992261905423,-0.0306202742751608,0.0109624861125612,0.166146899348341,0.115078779024221,0.159934609055304,-0.143637237712211,-0.138798578747388,0.00408600247924091,-0.0610224652180127,-0.0726561101320377,-0.169968972105691,-0.0549542831677975,0.132882750516301,0.106319561908151,-0.0263614202116205,-0.12062571878857,0.148159295609663,0.0471391360496407,0.166905341546405,-0.00067281182299454,-0.0460317303164815,0.0369945214018128,0.262015069615083,-0.101137378963157,-0.00335943751329638,-0.0258167669031209,-0.178305299811666,-0.0939306897900228,0.0668085706766923,-0.0676168037380094,-0.0480358794827535,-0.160707271005447,-0.0920594027937556,0.0468311776753574,-0.0435074339037497,0.143450370742583,0.127732023525992,0.00153605167829755,-0.0490173658260368,0.10443143573071,0.0649848650037497
"7",-0.0690048830362307,-0.0427460388485256,0.0567677377661124,-0.16179512458919,-0.0709940546901659,0.139413608548585,1,0.251000555202873,-0.0264246586677371,0.0426882977945871,0.182027504622179,-0.0839305889474744,0.214581039228181,0.040689275893371,0.117799944955007,-0.15064119053439,0.133291909453837,0.173845089158919,-0.155512369388544,0.0508431246153849,0.0606308553482812,0.0800307858413487,0.0673890372437937,0.0479866487307206,0.0716430018348722,-0.0662714980479488,-0.0246195461812079,-0.0921447308263106,-0.0702091727800403,-0.0174536619370208,-0.221413991184663,-0.0567785670361082,-0.031835912495527,-0.0625666640496073,0.213811261790258,0.156338415671839,0.133022519654659,0.210061548581149,0.167778584222303,0.0912239835242182,0.200855099777302,-0.114266323205292,0.101874524527045,-0.0697015263599379,0.107985804768833,0.0190298272748682,0.125131690241088,-0.0265497217253801,0.0695110422905772,-0.0312085920164729,0.0990981567850139,-0.0785486823160726,0.04045774655777,0.00431484995734431,-0.0495543893578762,0.207782703381081,0.0608360071956637,-0.0898858405904793
"8",0.00109561750298813,-0.122669167013828,0.056449982748148,0.0480277988818332,-0.0939927599514238,0.297865866290637,0.251000555202873,1,-0.0696376538461339,0.121002526207237,-0.00954780148664133,-0.0142292943580312,-0.0759057345759324,-0.0420927573718128,0.10575949864642,-0.127068894604049,0.140299525046887,0.0886664362030068,0.028804219493521,0.0727551606333978,-0.0048254290829821,0.0831744790689962,-0.152320898010453,-0.0905279791429134,0.0274875089622429,-0.151223004343014,0.0832056413527337,-0.144284031884756,-0.173976890195178,-0.106662407879798,0.112255631531944,0.0520301916101399,-0.0200511242041361,0.103707985931526,0.0989954851628265,0.25254895672431,0.225150822754329,0.0255987967075106,-0.0673740797158915,0.13247247148121,-0.0623469166206857,-0.12011927398269,0.0361156213515979,-0.133951573651077,-0.0411319511057517,0.100757041555042,-0.0359891345508238,0.0009260881119995,-0.00847036113258358,-0.246203493081505,-0.0313090181381664,0.211534438511715,0.0354083352377698,0.0928134675853647,-0.0696441569423934,0.0742155763576485,0.0150207728528022,0.0830602246866826
"9",0.0796162824592708,-0.0881403454368883,0.021682821271681,-0.00221350968569425,0.0668276685454852,-0.04521427007044,-0.0264246586677371,-0.0696376538461339,1,-0.0515284163490858,-0.262999558839654,-0.155076500727184,0.0643219759912019,0.23433633347313,0.0219484325598542,-0.0623378430569789,-0.00625464418875798,0.137386622344026,-0.160716425689077,-0.169006487432818,0.0220264268507474,-0.152574535290521,0.107609892520287,0.165795851187157,0.0836986260569931,0.00315180013523186,-0.155225286199028,-0.166494585818116,-0.0381006522111244,-0.061002735640825,-0.0937946085105025,-0.272500031114152,0.0327939493859359,-0.0472760311385746,-0.156040941682074,-0.00625804202098905,-0.0055780257003943,-0.0805711489500565,-0.293018783712383,-0.249184421452198,0.0880912938846787,-0.0801045880776797,0.319139170792756,0.0312482989187134,0.0363633373324485,-0.0165346419865237,0.123094738079816,0.227214981747738,0.091178029563454,0.0905827482501419,-0.0228400685633681,-0.109168055231182,-0.159924967998641,0.214197796599199,0.167587593701155,0.0456085337927271,0.131503687377847,0.195780606090391
"10",0.288111729386391,0.254661386595845,-0.0342650588632079,-0.00667271672179711,0.0974481631052008,0.139010705968016,0.0426882977945871,0.121002526207237,-0.0515284163490858,1,0.0849237713473001,-0.168930365094148,0.0554815987233954,0.103079214026632,0.104612172067647,-0.163651782156719,-0.0434013276509037,0.181333532916523,-0.115994936447253,0.236950104080583,0.0276177818789752,0.153618517863399,-0.0992919219472427,-0.0401673466368576,-0.112030128952324,-0.0947902981314326,0.043424632183771,0.0913485548692409,-0.140054058174999,0.125226419955995,-0.0511927667930975,0.0160668755812421,0.123207423782952,-0.00998878239699363,-0.00682405325017766,0.0816866454650106,-0.0609468588644309,-0.165709270360946,0.00411527606018039,0.173487089349113,-0.215584515057556,0.0227511110386245,0.237013097103513,0.112721939596391,-0.171055163220478,0.0207386320969085,-0.0715634987810117,0.0643189212813556,-0.139974678078616,-0.0397556307039815,0.0184066352949687,-0.0366258368886902,0.0172055829289915,-0.232170663300965,-0.12385580632196,-0.044553166052569,0.110223902506119,0.113635319265431
"11",0.185657306907149,0.0885512394564136,-0.101927685882051,-0.19664746053268,-0.0219171749649922,-0.0237776849980913,0.182027504622179,-0.00954780148664133,-0.262999558839654,0.0849237713473001,1,0.0683103351649065,0.0484021873135769,0.00545040003070737,0.173224300632105,-0.139441639371993,0.0270838081972184,0.0665529979446535,-0.0831672633710927,-0.0435179669023085,-0.00243324644727482,0.318366981106848,0.187517116676671,-0.0289956616317058,-0.0787428839761091,0.144421138815377,0.00134071406380783,0.054495892271999,-0.0440203573311836,-0.188133369464588,-0.232207516718,-0.224116847534285,4.35441405249016e-05,-0.0176112193545445,-0.00494789227232826,0.0346347716666308,-0.0606243947911586,0.013919656791479,0.176227536783773,0.259795801750326,-0.0334338467516576,0.110160775371041,0.00084061176201075,0.185530182573102,0.134792820931218,0.045284490650788,-0.0129176848024951,0.0117292103536621,0.055173598271334,0.0819206152056674,0.125148141343903,0.0924863217770135,0.15616509730358,-0.0712872887154649,-0.203867254230909,-0.13277305265129,-0.331551242246403,0.0462844603674654
"12",0.00487025816642297,0.0924135063907585,-0.0137210682918876,0.122613832867128,0.174816989291366,-0.0473566785795023,-0.0839305889474744,-0.0142292943580312,-0.155076500727184,-0.168930365094148,0.0683103351649065,1,0.0286165280408116,-0.0764400831776478,0.0768724946474956,0.129148178855682,-0.0259920422042845,-0.154393558984254,0.206701095431258,0.206502870623063,-0.0976466124921302,0.0895017937209869,0.100595004588222,-0.0246940175126031,0.0457014166679055,0.118162218035298,-0.0709559158577351,0.112132965023157,-0.00293422515357473,-0.122214610975408,0.140617622348818,0.0735106869309119,-0.147860529050924,-0.0483203911357598,0.100315374577429,0.0283112761355427,-0.0447415161712849,-0.145282932590567,-0.110495608707685,0.0899972694815682,-0.0175686261938277,0.0346034185316334,0.0262813157590225,0.0680826012414142,-0.0452975683884764,-0.0367991100567392,0.0439527987945005,-0.0876250782079932,0.0656352659219351,-0.00450344504089162,0.257802238686709,-0.0617509636922674,0.0396247993474591,-0.0290225164158169,-0.152137010777854,-0.163138564041687,0.0179632343925613,-0.0937047699885514
"13",0.037933071537601,0.233347887092272,-0.00338244770167064,-0.207515875282532,0.113768273433418,-0.0433785299654947,0.214581039228181,-0.0759057345759324,0.0643219759912019,0.0554815987233954,0.0484021873135769,0.0286165280408116,1,0.0812062830383497,0.030098223630219,-0.0524826754953878,0.0891462877276433,0.101792674964686,0.0794178686282533,-0.00105234328321815,0.09870451827305,0.0141285878458422,0.220781091378215,0.0710894724964074,0.0247880069060679,-0.0202704325604032,-0.0544449547641976,0.138795104184599,0.0133305233939987,-0.119736111722477,-0.0904860994125963,0.0405640462588443,-0.0671636998733808,0.226169152689841,0.129381437957065,-0.0699288839346091,-0.0245556779494078,0.0428342116635388,0.00102069077524885,0.0566758381418442,0.15734497750777,0.13244191112488,0.00898562116135284,0.0291737658471168,-0.0358788288547182,-0.00571207491359531,0.140638607326272,-0.0319414721209982,0.405683070132129,0.0838853542228877,-0.00843456904773767,-0.0307221811257626,-0.136922373330042,-0.0864654803292465,0.0265769585834137,-0.0958619637888962,-0.00573417725795165,-0.0956599849300942
"14",0.0243846117818169,-0.0794685322599938,0.194049204175317,-0.405299702716146,-0.0679280701009297,-0.154998331797034,0.040689275893371,-0.0420927573718128,0.23433633347313,0.103079214026632,0.00545040003070737,-0.0764400831776478,0.0812062830383497,1,-0.0797336210603021,0.125875466609821,-0.0674970019481482,0.300541994257641,0.0119975118693899,-0.0211876374531148,-0.0310895522471557,0.0546880950729098,0.0389129574118472,-0.0276921574213894,0.146409303943888,0.149771271313165,-0.12670206974299,-0.0303868053586025,-0.0422954321131613,-0.128973893343402,0.037220598026278,-0.224070639416947,0.157214774068766,0.145441467239663,-0.0391342356986458,-0.0700715207974652,-0.0197828048154775,0.100117811051699,0.0464439818780752,0.0204384995340878,0.197913710014313,0.372953204828194,0.0434491896396283,0.16278879305292,-0.0798207150564754,-0.174467168877975,0.0374321028952824,0.260536965099626,0.155132117179535,0.732593674517136,0.0708100233479104,-0.216070378710572,0.0434497015776806,0.0807747229060139,0.100259885303647,0.0033559914850894,-0.0717749050958514,0.114349836095909
"15",0.19746457704096,0.16369446501289,0.0191820105400068,0.127900372843991,0.0598751625111261,0.0659539974654964,0.117799944955007,0.10575949864642,0.0219484325598542,0.104612172067647,0.173224300632105,0.0768724946474956,0.030098223630219,-0.0797336210603021,1,-0.31502024722222,-0.0386291744720669,0.0495498792372191,-0.208991602076639,0.0652017395539049,0.0174135296930616,0.172843552737052,0.161473782422436,-0.0432057612225454,0.00940939999470738,-0.118750103318268,0.0084399231736681,-0.0293158606028525,-0.105354639218259,0.0243493062618834,-0.0784076629634508,-0.142397398539027,-0.0643790039103649,-0.100603957102857,-0.0577006893097948,0.0120725875329877,-0.111668363689314,-0.00312782370463677,0.0222100605253378,0.0323732297012216,-0.00478092454953767,-0.0868457518459574,0.16198022915514,0.0294714763888976,-0.0768268553149612,0.0202935039939661,0.00971930255315922,-0.120204788469978,0.13497762466375,-0.0987111573765068,0.0347089421049288,0.0141515059247555,-0.0996060494920511,-0.0431733516678413,-0.115541500098424,-0.0693903055353475,-0.0296687159334274,0.115660606428284
"16",0.0222471159413526,-0.0994335035946742,0.0331115008909527,-0.0966001741735106,0.0853861402851063,-0.153998757240342,-0.15064119053439,-0.127068894604049,-0.0623378430569789,-0.163651782156719,-0.139441639371993,0.129148178855682,-0.0524826754953878,0.125875466609821,-0.31502024722222,1,-0.128083915579485,0.0456226820116309,0.170219153389034,-0.0120955027562183,-0.0595614088124445,-0.0496797120734524,-0.192293204364787,-0.114754840221811,0.22570265651732,-0.0929443038569188,-0.107646465414422,-0.022177339216583,0.143458345770601,0.129121742612771,0.210348374161341,0.0466261883299437,-0.0617390470389203,0.130867831886316,0.0880024861390182,-0.0946203263878686,0.00362516772141581,-0.0712589071136106,0.0567951435974638,0.053583499239344,0.143349730212432,-0.00303465925358801,-0.0817189032719411,-0.0716274621122798,-0.0525270264282536,-0.0330197245304295,0.215826692034038,0.13201987026456,-0.109100819410946,0.130241957658841,-0.0744766379061357,-0.0532839028944467,0.00577181843967409,0.0580113301588324,-0.00264625611287237,0.0182842047385335,0.131782894531909,-0.0130575899444208
"17",-0.0936111494025532,0.0789758521919505,-0.0162050516810203,-0.147648148858531,0.0469095256557925,0.169992261905423,0.133291909453837,0.140299525046887,-0.00625464418875798,-0.0434013276509037,0.0270838081972184,-0.0259920422042845,0.0891462877276433,-0.0674970019481482,-0.0386291744720669,-0.128083915579485,1,0.0567513390336821,0.107844504717542,0.0643708350394541,-0.134052247046014,0.0288440023756452,-0.134889656757826,-0.0848442072050436,0.107619290157934,-0.0146905331578342,-0.127254342254757,-0.143436624914561,-0.00362552491967988,-0.133961879350338,0.00988964701036442,-0.00192653923628252,-0.0817568010667938,0.205819872434079,0.0923105855941757,0.1484105724389,0.030899793314126,0.107253163218831,-0.023498542253871,-0.00116943634339137,0.12467023661486,-0.0532618038225563,-0.0288296952463205,-0.153298234006282,0.056792318677434,-0.116378815127534,0.0716876970706335,-0.0057604991880785,0.144975065274411,-0.0754364071662116,0.21165240522376,0.0431517514821569,-0.00255981446646469,0.146333695241311,0.123534241132461,0.0842310789709038,0.117148100965025,0.0353411497060906
"18",0.0731291604730486,0.0426395498242892,0.145214530098804,-0.149918434249473,-0.0203385433147354,-0.0306202742751608,0.173845089158919,0.0886664362030068,0.137386622344026,0.181333532916523,0.0665529979446535,-0.154393558984254,0.101792674964686,0.300541994257642,0.0495498792372191,0.0456226820116309,0.0567513390336821,1,-0.158382672299892,0.00888471463052326,0.119942159313661,0.152740020901946,-0.164968005584124,-0.0517545971169408,0.100447896109251,0.0744656278492501,-0.124731585925858,-0.0540652570222466,-0.00211078342851015,0.224906892119607,-0.110802371210498,0.0231206953907744,0.0178983472231107,0.263124408588226,0.109251171111249,-0.147919935696753,-0.100855358697429,-0.0497073906911053,-0.116515096254216,0.0728665670154778,0.011128566316327,0.0314684652476726,0.167351600315174,-0.0127740856746362,-0.162129744261155,0.00923593472527088,0.001811372145455,0.0712304519304489,0.115569374105861,0.231341264243772,-0.031731545987429,-0.0257879984851709,0.0759358484998124,-0.0564158219238754,0.126661634118825,-0.104721398546057,0.141775855407039,0.101450452716468
"19",-0.129203048872232,-0.0892447919694557,-0.0421973249126706,0.0519992166731562,-0.105442042520614,0.0109624861125612,-0.155512369388544,0.028804219493521,-0.160716425689077,-0.115994936447253,-0.0831672633710927,0.206701095431258,0.0794178686282534,0.0119975118693899,-0.208991602076639,0.170219153389034,0.107844504717543,-0.158382672299892,1,0.0917691909436225,0.0721163378933862,0.0591129146604312,0.0411345591606882,0.0183848687286615,0.0614501657807892,0.0219544460308507,0.0139829501048506,0.0309641095609373,0.208259661694595,-0.0755555166055257,0.421724439710604,0.210902104356724,-0.00984050825459899,0.0928101032068503,0.0878683561174162,-0.0701220586795544,0.0317347411096089,0.125800478294459,0.0684024724001287,0.0675978467596102,-0.0709165247428547,0.078946550966243,-0.061147453105409,-0.210112473063788,-0.221647598933245,-0.171531790480439,0.020613024461262,0.0829488746264368,0.0732047796517989,0.0362445878480014,0.0197720448177598,-0.167880242366091,0.114073146746124,-0.0454712186197602,0.0420379241106645,0.106317262677428,0.0911819483560497,0.18120213741087
"20",0.139804017034731,0.117216962639531,0.0766877343420801,0.0786594011421054,0.0317965037940675,0.166146899348341,0.0508431246153849,0.0727551606333978,-0.169006487432818,0.236950104080583,-0.0435179669023085,0.206502870623063,-0.00105234328321815,-0.0211876374531148,0.0652017395539049,-0.0120955027562183,0.0643708350394541,0.00888471463052326,0.0917691909436225,1,-0.113295997603379,0.132775086306152,-0.0172323272925348,-0.0818462929542504,-0.0228058997880844,-0.0848248700737161,-0.26774897887745,0.0723882908329166,0.119628958705718,0.114037817863663,0.080371655297028,0.307932589643406,0.0699169681966852,-0.140826122270302,0.012210772727587,0.138085293583676,-0.0938610050236425,-0.0636263284207373,0.0611436594957809,-0.0480087815892955,0.00571421654607558,-0.085378254620458,-0.0465079041042551,0.140241237524825,-0.0843521913058987,-0.156205362534863,-0.108711418943975,-0.101321655117586,-0.0681788236429225,-0.0736802430632576,0.0885414007030381,-0.154101004928061,0.0798203862180719,-0.0360371150957119,-0.089923703673463,-0.0695660507232065,0.0588034785117159,0.0321994550109225
"21",-0.0447433297265692,-0.0492396594861687,0.116947670135176,-0.0820602628402583,-0.112343671156028,0.115078779024221,0.0606308553482812,-0.0048254290829821,0.0220264268507474,0.0276177818789752,-0.00243324644727482,-0.0976466124921302,0.09870451827305,-0.0310895522471557,0.0174135296930616,-0.0595614088124445,-0.134052247046014,0.119942159313661,0.0721163378933862,-0.113295997603379,1,-0.0254235810464912,0.0456862995039094,0.018073439783276,-0.0290746750193096,0.0905385786214215,0.211086989792124,0.241348800627141,0.10859207358921,0.04379630819471,-0.0517659286925906,-0.041145132140537,-0.0325682504999052,0.133379656431513,0.0727384107657313,-0.157022993319797,-0.225796521996758,-0.217712030864867,0.0647292533021873,0.137079016419986,-0.0363104754566139,-0.0057374793759812,0.0516895127978467,-0.0843401277778226,-0.16261958653163,-0.0264240716234246,0.193716034674104,0.149317010795166,0.0597409993572463,0.0465988486355922,-0.055084204358692,-0.128795884221311,-0.0473656142777406,-0.22061378383449,0.237337347583503,-0.148304434642913,-0.0115862931123105,0.116666611743414
"22",0.197579591432062,0.173142037369594,0.103842049548177,-0.0727141751052077,0.0325686572237249,0.159934609055304,0.0800307858413487,0.0831744790689962,-0.152574535290521,0.153618517863399,0.318366981106848,0.0895017937209869,0.0141285878458422,0.0546880950729098,0.172843552737052,-0.0496797120734524,0.0288440023756452,0.152740020901946,0.0591129146604312,0.132775086306152,-0.0254235810464912,1,-0.11420404980368,-0.188740926759045,0.198379759794212,0.0882716446639191,-0.165085649908586,0.0349014619066946,0.0987940600667888,0.0417903611627132,-0.24292594509421,-0.0954888076545638,-0.00647611054262804,-0.138869576443341,0.239124018144022,-0.0602796867242242,-0.0226641601648317,-0.0401475696803966,0.0437847902358747,0.285486511951411,-0.155520224505869,-0.043229246411071,-0.0142031046576748,-0.0186064041860228,-0.0258180776122616,0.0452150489295939,0.0350840840538347,-0.0392416305426562,0.0113051595602915,0.0968255154867155,0.0884280685826665,-0.147323635997609,0.023283324836443,0.0122127597064122,-0.085196174658119,-0.233548870619918,0.131707055093046,0.171383574796954
"23",-0.0758389930404029,0.0643430384230175,-0.17045176839649,-0.0338351402541426,0.0511504963150694,-0.143637237712211,0.0673890372437937,-0.152320898010453,0.107609892520287,-0.0992919219472427,0.187517116676671,0.100595004588222,0.220781091378215,0.0389129574118472,0.161473782422436,-0.192293204364787,-0.134889656757826,-0.164968005584124,0.0411345591606882,-0.0172323272925348,0.0456862995039094,-0.11420404980368,1,0.255493726456961,-0.145703109132594,0.118069641155588,0.153147961765613,0.068359429833341,-0.129910797273813,-0.152507557647336,-0.124367947521046,-0.103953870976262,-0.0183224154815382,-0.1689923909153,0.0564641099236608,-0.034011535765794,0.136266194957061,0.0568414104780848,0.130542515766352,0.0834695269497048,0.137963158815629,0.210784981880197,0.121247331342896,0.0600200170478289,0.0958194877160968,-0.12989345715288,0.16702991997647,0.244692469448896,0.0841669079648803,0.177644912304501,0.0571050696686732,-0.146204863068515,-0.0987735119193759,-0.296849575746301,-0.208426917970888,-0.115356089023859,-0.147759316385768,-0.0709708748993278
"24",-0.118647905748109,-0.207071114775614,-0.0165903058684357,0.0490630075003689,-0.090981603221054,-0.138798578747388,0.0479866487307206,-0.0905279791429134,0.165795851187157,-0.0401673466368576,-0.0289956616317058,-0.0246940175126031,0.0710894724964074,-0.0276921574213894,-0.0432057612225454,-0.114754840221811,-0.0848442072050436,-0.0517545971169408,0.0183848687286615,-0.0818462929542504,0.018073439783276,-0.188740926759045,0.255493726456961,1,-0.113024244657721,0.136861209261282,0.0770502277570665,0.0308099387361959,-0.115962714114612,0.0881679848101019,-0.10120074867749,-0.14628857568985,0.0692927686359366,-0.181124576204394,-0.0740233429273134,0.04540368405289,0.111620460395407,0.148080027364606,0.0778656126321142,-0.0256242916020472,0.0810143064748185,-0.0669946436185712,0.181160863903738,-0.0795076197872949,-0.0776734272972614,-0.0957240305258319,-0.16801271357835,-0.00683670687046011,0.134613434082794,-0.0174655346030414,-0.118935563995298,0.0421766252180104,-0.0303543191399403,-0.150475013685644,-0.0377914991070443,-0.0138237706113531,-0.047575285125191,0.106546162275539
"25",-0.104316401450715,0.0556481061074962,-0.00588528804234656,-0.0396140405633995,0.185838479712803,0.00408600247924091,0.0716430018348722,0.0274875089622429,0.0836986260569931,-0.112030128952324,-0.0787428839761091,0.0457014166679055,0.0247880069060679,0.146409303943888,0.00940939999470738,0.22570265651732,0.107619290157934,0.100447896109251,0.0614501657807892,-0.0228058997880844,-0.0290746750193096,0.198379759794212,-0.145703109132594,-0.113024244657721,1,0.0384493039550556,0.0354037852059418,-0.13605588091254,0.0646780730752393,0.163091517683312,-0.0882589076073157,-0.0188994872546258,-0.032147651774949,-0.0664953942414494,0.223484204362608,0.0462007229152442,-0.0428198518892532,0.0132964817046738,-0.0261511488133159,0.119968420836352,0.0614485496234069,-0.018676697973355,-0.0674550361666862,-0.177988650781189,-0.0613746268993014,-0.117927680645418,-0.0166621454781119,0.16184817392325,-0.108548218966195,0.0123674139232616,0.107451652890585,-0.180044621024586,-0.0213186207784569,0.108621020164591,0.18221640972546,0.0271878544731012,0.180349173361643,0.0730654272601085
"26",-0.0946875897266036,0.157403257085527,0.0109168238320677,-0.125916200852839,-0.017016349717915,-0.0610224652180127,-0.0662714980479488,-0.151223004343014,0.00315180013523186,-0.0947902981314326,0.144421138815377,0.118162218035298,-0.0202704325604032,0.149771271313165,-0.118750103318268,-0.0929443038569188,-0.0146905331578342,0.0744656278492501,0.0219544460308507,-0.0848248700737161,0.0905385786214215,0.0882716446639191,0.118069641155588,0.136861209261282,0.0384493039550556,1,-0.120457986866447,-0.0845495651493659,-0.0241652076090138,-0.0326685901900881,-0.229870492795798,-0.146079656001095,-0.0828585381163503,-0.0434091334352089,0.0495748940536898,-0.0728533618068262,-0.0819492230939506,0.0285476006941358,-0.0544966641684188,-0.0821233629053827,-0.0674420863154379,0.0170388290899657,-0.0105643967761385,0.0745628323498245,-0.0221441953237535,-0.221795775533047,-0.104842337613067,0.063895971127537,0.0989875274157248,0.0755594708340783,-0.0398684163703818,-0.180888862457228,0.111328278749968,0.0140972137770156,-0.122363532817552,-0.106101350586839,0.0957065893197951,-0.0537767684298378
"27",-0.0195093706814345,-0.131344272038565,0.0658829658035291,-0.0120732555324077,-0.0230825040884115,-0.0726561101320377,-0.0246195461812079,0.0832056413527337,-0.155225286199028,0.043424632183771,0.00134071406380783,-0.0709559158577351,-0.0544449547641976,-0.12670206974299,0.0084399231736681,-0.107646465414422,-0.127254342254757,-0.124731585925858,0.0139829501048506,-0.26774897887745,0.211086989792124,-0.165085649908586,0.153147961765613,0.0770502277570665,0.0354037852059418,-0.120457986866447,1,0.129823726689632,0.112011558674458,0.0883199217527841,-0.00275923595273786,-0.0672837976492082,-0.083601838557975,-0.108905582825524,0.1245523569623,0.0122227519468974,0.0710058024984527,-0.0303700589462508,0.0450381090234264,0.112655096694397,-0.0960584005566712,-0.0380286900984716,0.10371449764549,0.0497608581249489,0.00062746739484592,0.255677803993504,-0.128136669814424,0.042326522013326,-0.180784012992973,-0.0754688689328483,-0.129600505336998,0.0627207175597992,0.0229950620687294,-0.173302092439956,0.0869482055491585,0.00500233479762782,-0.120549549890958,-0.188310849609946
"28",0.148801849629772,-0.0162637301899263,0.0729024019055661,0.00868209788740066,-0.10886206257862,-0.169968972105691,-0.0921447308263106,-0.144284031884756,-0.166494585818116,0.0913485548692409,0.054495892271999,0.112132965023157,0.138795104184599,-0.0303868053586025,-0.0293158606028525,-0.022177339216583,-0.143436624914561,-0.0540652570222466,0.0309641095609373,0.0723882908329166,0.241348800627141,0.0349014619066946,0.068359429833341,0.0308099387361959,-0.13605588091254,-0.0845495651493659,0.129823726689632,1,-0.0177897191882262,0.113990731147152,-0.168365591550482,-0.0154753552025214,0.0804136515460705,0.0102334811579138,-0.0268638658699872,-0.0957562425147134,-0.0809825128834437,-0.229634901832035,0.16141400671576,0.126509226860659,0.00126607047961014,0.0957119044170193,0.0681890264189689,0.0282713566941296,-0.0518950634171264,0.0350714430799542,-0.0151593673660701,-0.0645322230612763,0.0838142124733756,0.0292789481044045,0.0158900263339336,0.035586843347534,-0.249677511359182,-0.268443069758882,-0.0584899905414274,-0.183250135100476,-0.20479009363963,0.0213757421963265
"29",-0.0657609263497079,-0.0474671275609078,0.00978315814357695,0.0446592392415391,0.0391694529324168,-0.0549542831677975,-0.0702091727800403,-0.173976890195178,-0.0381006522111244,-0.140054058174999,-0.0440203573311836,-0.00293422515357473,0.0133305233939987,-0.0422954321131613,-0.105354639218259,0.143458345770601,-0.00362552491967988,-0.00211078342851015,0.208259661694595,0.119628958705718,0.10859207358921,0.0987940600667888,-0.129910797273813,-0.115962714114612,0.0646780730752393,-0.0241652076090138,0.112011558674458,-0.0177897191882262,1,0.124636189024056,-0.0793821830453836,0.0981969616643237,9.56449105349397e-05,-0.00656818598744418,0.0397895069651622,-0.136021126544356,0.0583237975707607,0.0439793482825437,0.0718129697863373,0.0474591774943108,0.0324043492671047,-0.0703615509688887,-0.202536739249083,0.044174962342587,-0.0455529112428116,0.0436139552070206,0.116143915051556,0.0316887268369608,-0.115347571892724,0.0652508132450471,0.0613617459420341,-0.214867776845941,0.00271582413394633,0.0251688761910547,0.126915280157363,0.0642310756122434,0.0166654538776267,-0.244275580001432
"30",-0.0738686050697023,0.0628934893407355,0.0173119879260818,0.0681677683416729,0.0942120428935026,0.132882750516301,-0.0174536619370208,-0.106662407879798,-0.061002735640825,0.125226419955995,-0.188133369464588,-0.122214610975408,-0.119736111722477,-0.128973893343402,0.0243493062618834,0.129121742612771,-0.133961879350338,0.224906892119607,-0.0755555166055257,0.114037817863663,0.0437963081947099,0.0417903611627132,-0.152507557647336,0.0881679848101019,0.163091517683312,-0.0326685901900881,0.0883199217527841,0.113990731147152,0.124636189024056,1,-0.0341164844155302,0.00941346902140988,0.0557109263605748,-0.17669739613708,0.0545451718357955,-0.0190382926581613,-0.0329317780782224,0.0319237007915637,0.00619622703957938,0.0889181181773568,-0.185192385747918,-0.15611372189847,0.145541738204885,-0.00240149849969474,-0.124644612740811,0.120158227198986,-0.0917703707697496,0.0445616040619761,-0.256646593664432,-0.129197941950167,-0.137259042257909,-0.0754459682872144,0.0459478627636171,-0.283173147931848,-0.0355223363379809,0.00773833787479424,0.0695393793833806,-0.0522224243958597
"31",-0.0666044589124593,0.0262281861219992,0.0277464063003848,0.086482335419824,0.0982553376668841,0.106319561908151,-0.221413991184663,0.112255631531944,-0.0937946085105026,-0.0511927667930975,-0.232207516718,0.140617622348818,-0.0904860994125963,0.037220598026278,-0.0784076629634508,0.210348374161341,0.00988964701036442,-0.110802371210498,0.421724439710604,0.080371655297028,-0.0517659286925906,-0.242925945094209,-0.124367947521046,-0.10120074867749,-0.0882589076073157,-0.229870492795798,-0.00275923595273786,-0.168365591550482,-0.0793821830453836,-0.0341164844155301,1,0.27224849773383,0.0023456290937522,0.0384201499701235,-0.113437190924578,-0.0761188399008322,-0.0149313092791359,0.078368370508886,0.090644743778206,0.0227733287426895,0.0333733367796274,0.158256229305948,-0.0846877066355944,-0.00985956809381307,-0.232736461903007,-0.0338942714014714,-0.117292423023392,-0.093700556474139,0.0286602863171606,0.0629020104646873,0.0240785061421589,-0.018226880146071,0.26943517261116,0.0909610825006291,0.137931215129319,0.22238795216141,0.0692369258771554,0.0669975086293558
"32",0.0360953117086768,0.100958121919604,0.0216798155098485,0.116890397892198,0.0403561969972601,-0.0263614202116205,-0.0567785670361082,0.0520301916101399,-0.272500031114152,0.0160668755812421,-0.224116847534285,0.0735106869309119,0.0405640462588443,-0.224070639416947,-0.142397398539027,0.0466261883299437,-0.00192653923628252,0.0231206953907744,0.210902104356724,0.307932589643406,-0.041145132140537,-0.0954888076545638,-0.103953870976262,-0.14628857568985,-0.0188994872546258,-0.146079656001095,-0.0672837976492083,-0.0154753552025214,0.0981969616643237,0.00941346902140988,0.27224849773383,1,0.0272474891816011,-0.0121454083650863,0.148352812868115,0.0952635294714888,-0.0646141962113241,-0.00206688665177578,0.0787980108582853,-0.0630687656197287,0.0146787583398956,-0.0648882588158335,-0.172017687639416,-0.0542403485910209,-0.0614972373348981,-0.0733904783757296,0.00852922854372386,-0.13516157949597,-0.0854552992639218,-0.187173054535629,-0.0292772920518078,0.00554177142705684,-0.0219120341172374,-0.150236642186476,0.150034234849048,0.128179415268762,0.0183261375621829,-0.10402320651471
"33",0.0909334888328319,0.0483584896097714,-0.0550681722746727,0.0591886616550911,-0.0391089721571673,-0.12062571878857,-0.031835912495527,-0.0200511242041361,0.0327939493859359,0.123207423782952,4.35441405249016e-05,-0.147860529050924,-0.0671636998733808,0.157214774068766,-0.0643790039103649,-0.0617390470389203,-0.0817568010667938,0.0178983472231107,-0.00984050825459899,0.0699169681966852,-0.0325682504999052,-0.00647611054262804,-0.0183224154815382,0.0692927686359366,-0.032147651774949,-0.0828585381163503,-0.083601838557975,0.0804136515460705,9.56449105349397e-05,0.0557109263605748,0.0023456290937522,0.0272474891816011,1,-0.0736243084865511,-0.027941504159698,0.091966050224226,0.0669681753831388,0.0346797612142347,0.059715306502947,-0.129981170310306,-0.0142147036362278,0.222389920498453,0.0875131080823407,0.0658734272908542,0.216219263862534,0.155742390251797,-0.136354759308617,-0.063330425649466,-0.0852131223945831,0.0628730574549139,-0.0968135114753182,0.154387740990954,-0.0701874868508909,-0.131206035108479,0.11590685903417,-0.0562298480166483,0.101779225976527,0.0323922510103435
"34",-0.0807189321767499,-0.0358505267902288,-0.0153249395603944,-0.294258385753462,0.0547745359758064,0.148159295609663,-0.0625666640496073,0.103707985931526,-0.0472760311385746,-0.00998878239699363,-0.0176112193545445,-0.0483203911357598,0.226169152689841,0.145441467239663,-0.100603957102857,0.130867831886316,0.205819872434079,0.263124408588226,0.0928101032068503,-0.140826122270302,0.133379656431513,-0.138869576443341,-0.1689923909153,-0.181124576204394,-0.0664953942414494,-0.0434091334352089,-0.108905582825524,0.0102334811579138,-0.00656818598744418,-0.17669739613708,0.0384201499701235,-0.0121454083650863,-0.0736243084865511,1,0.0349743118136182,-0.103842674443497,0.00040031060963583,0.0035054477957869,-0.0968348804633048,0.053073091773702,0.00449877411961887,0.133411497508804,-0.12333800639103,-0.0255312153128689,-0.0620063478120494,-0.0856001260077468,-0.0207649899801215,-0.0997806158349216,0.0836080085900636,0.13026682525356,0.0163263334304589,0.127837546807721,0.148064629671915,0.116998159317001,-0.0310342551625803,-0.11323450924526,-0.124950822796102,-0.117408008999571
"35",0.170514432164902,0.0419583659682601,0.0383107995629266,-0.106414464656433,0.26990730132225,0.0471391360496407,0.213811261790258,0.0989954851628265,-0.156040941682074,-0.00682405325017766,-0.00494789227232826,0.100315374577429,0.129381437957065,-0.0391342356986458,-0.0577006893097948,0.0880024861390182,0.0923105855941757,0.109251171111249,0.0878683561174162,0.012210772727587,0.0727384107657313,0.239124018144022,0.0564641099236607,-0.0740233429273134,0.223484204362608,0.0495748940536898,0.1245523569623,-0.0268638658699872,0.0397895069651622,0.0545451718357955,-0.113437190924578,0.148352812868115,-0.027941504159698,0.0349743118136183,1,0.157810423939621,0.035567514106768,0.102707541388625,-0.0397627856821593,0.0695933452647893,0.0826867517721363,-0.036341164784957,-0.02670922757734,0.0127690660728146,0.110281510582565,-0.0843944444078878,0.0766457196087905,-0.0919186880918987,0.0434514652914049,-0.00565050832045212,-0.086922969084322,-0.0809401052024882,-0.0797519073231885,-0.256895029963768,0.0156583443816405,-0.0607009445573585,0.127183432976279,-0.108438262896324
