"","l_Insular.Cortex","r_Insular.Cortex","l_Amygdal.Area","r_Amygdal.Area","l_Bed.Nucleus.of.the.Stria.Terminalis","r_Bed.Nucleus.of.the.Stria.Terminalis","l_Hippocampus","r_Hippocampus","l_Orbitofrontal.cortex","r_Orbitofrontal.cortex","l_Entorhinal.Cortex","r_Entorhinal.Cortex","l_Frontal.Association.Cortex","r_Frontal.Association.Cortex","l_Globus.Pallidus","r_Globus.Pallidus","l_Glomerular.Layer.of.the.Accessory.Olfactory.Bulb","r_Glomerular.Layer.of.the.Accessory.Olfactory.Bulb","l_Glomerular.Layer.of.the.Olfactory.Bulb","r_Glomerular.Layer.of.the.Olfactory.Bulb","l_Granule.Cell.Level.of.the.Cerebellum","r_Granule.Cell.Level.of.the.Cerebellum","l_Hypothalamic.Region","r_Hypothalamic.Region","l_Entorhinal.Cortex","r_Entorhinal.Cortex","l_Vermix.Molecular.Layer.of.the.Cerebellum","r_Vermix.Molecular.Layer.of.the.Cerebellum","l_Lateral.Molecular.Layer.of.the.Cerebellum","r_Lateral.Molecular.Layer.of.the.Cerebellum","l_Anterior.Olfactory.Bulb","r_Anterior.Olfactory.Bulb","l_Posterior.Olfactory.Bulb","r_Posterior.Olfactory.Bulb","l_Subiculum","r_Subiculum","l_Perirhinal.Area","r_Perirhinal.Area","l_PreLimbic.System","r_PreLimbic.System","l_Primary.Cingular.Cortex","r_Primary.Cingular.Cortex","l_Primary.Motor.Cortex","r_Primary.Motor.Cortex","l_Retrosplenial.Cortex","r_Retrosplenial.Cortex","l_Secondary.Cingular.Cortex","r_Secondary.Cingular.Cortex","l_Secondary.Motor.Cortex","r_Secondary.Motor.Cortex","l_Striatum","r_Striatum","l_Ventral.Tegmental.Area","r_Ventral.Tegmental.Area","l_Substantia.Nigra","r_Substantia.Nigra","l_Thalamus","r_Thalamus"
"1",1,0.613965344452041,-0.103526131779461,-0.0342643008086555,-0.0296560567808515,-0.0839115021665471,0.0108717906320075,-0.0742952293235535,0.345593454194612,0.478281812085869,0.365465110109398,0.336800069985433,0.18778742967763,0.119472195308812,-0.0372757154772858,0.117490977965123,0.0443041108382557,0.255465672950804,0.0354821031232122,-0.296384632512472,0.00244640572685137,0.108114013134641,-0.106450227012475,-0.0332829293213215,0.0802958687905467,0.00761845729318196,0.116222812865643,0.233010371610578,-0.112282473796361,-0.0452434279406437,0.201635815334879,0.0980436501842727,0.477164373860062,0.404044988815742,0.104412503010914,-0.04728003298125,0.092468179130578,-0.0221662774000957,0.402579095536555,0.447814630024403,0.209539547916675,0.101504042841681,-0.145512402412606,-0.219795357027511,-0.10950317256239,-0.122375454940016,0.27463263813614,0.178240472202034,0.165143351245498,0.0495008457014229,0.208199241585957,0.213983009928384,0.00375444527936608,-0.0349843659917744,0.234734970136,-0.137042406691753,0.0651847673678504,0.0538558313533012
"2",0.613965344452041,1,-0.0297759641449976,0.136088364633721,-0.047189932421338,-0.0884733771997756,-0.124151864767079,-0.0042172958102874,0.307543529506674,0.525526508251313,0.337740777924642,0.247599773790311,0.229477986621949,0.219159465934953,-0.0611768061534066,0.0816013773746428,0.107940204626013,0.394678132368481,0.00580159316811799,-0.129730980060464,0.0575839330058983,0.121357460503144,-0.0314689169022026,0.0459637313876937,-0.149280059204118,0.0512821538355208,0.0791508029951724,0.26064863633181,0.00631516488712455,0.0482583676925659,0.150301196293868,0.207677329364142,0.562493482868886,0.429049108331432,0.00590722875365098,0.087207957097968,0.0151676554035345,0.124358532635171,0.493123906624517,0.481735911824375,0.32417392570423,0.225141473902218,-0.319844751792561,-0.163387771842077,-0.0796416902674393,-0.129240592694439,0.200495621028091,0.0827202380118255,0.194618274832957,0.182514354906848,0.172890350158673,0.216254387209601,-0.00243145361670777,-0.0972377088163736,0.0476926715159507,-0.101604013631165,0.032845338595003,-0.0315298061239218
"3",-0.103526131779461,-0.0297759641449976,1,0.115097137166366,-0.0216065986532698,-0.096744194156358,0.148493148137197,0.033305310741564,0.0147426028823765,-0.0835003210116884,0.0618286649293856,-0.138972292266234,0.0352185814325538,-0.0740048974708866,-0.0707673953523985,-0.238632862915016,0.1388785303401,0.147297496690785,0.0330874856462506,0.095127499410366,-0.00471811190621241,-0.00409547480519943,0.0202576551892905,-0.0130557548389263,-0.0851136032337136,0.0677770780378892,-0.0953841426286576,0.0398122686256906,0.0440259638203324,0.109700514242471,0.0621817063040168,0.13225555784339,-0.0229860775249465,-0.0533508998969541,0.0184302550828066,0.180476025452233,0.0383242884611662,0.013302288032642,0.0589890626250641,-0.041073250890627,0.0176462827148777,0.114385336953426,0.0536556478465568,0.165636732470644,-0.0197640646818942,0.049886426257769,0.0536638128070195,0.060342232562271,0.100050415173185,0.111948211418997,0.163244695034309,0.0389152423399859,-0.111282816586641,-0.219615901145058,-0.0571289996072508,-0.0218332488625782,-0.0472140802286819,0.0520182001590299
"4",-0.0342643008086554,0.136088364633721,0.115097137166366,1,0.21142938262337,-0.101363896353406,-0.0248839934414201,-0.0675261062159727,-0.0580091332556492,-0.0330736272354314,-0.0203625081287293,0.0441564043837407,-0.0590307191282153,-0.00999846508354415,-0.0164630059502479,-0.118933040135839,-0.150446094180714,0.00243640152679291,-0.0327595581115949,0.0933893326023257,-0.0553477260532553,-0.0513504522692046,0.124314750912978,-0.116753129809146,-0.225060462045357,0.0232325742976743,0.0177271239750111,-0.0137437222411939,-0.132135853374174,-0.181649317175923,-0.0630808800353968,-0.00379387896927848,-0.0906388824963423,-0.072386238881135,-0.012620256822967,-0.0509383357495409,0.0426395852974091,0.0116588528086012,-0.0725685652795726,0.00516193310633889,0.0936222974269478,0.0221442616280967,-0.0478214268225637,-0.144365979829286,0.080789538651996,-0.00746170739298253,0.0371317731501921,-0.12659198453503,0.0455488379652205,0.0455439210127743,0.0121609053389191,-0.00416735635009841,0.0435584414933837,-0.178420497439472,-0.0851432566475237,-0.0156772984231884,0.0369455094889467,0.0481045445363146
"5",-0.0296560567808515,-0.047189932421338,-0.0216065986532698,0.21142938262337,1,0.0664327362722879,0.183553003292795,-0.0153795176719521,0.039841251367999,-0.130476572282367,-0.137965021725289,-0.00068115953789527,-0.0332489827675299,0.126890057460905,0.171600601569542,-0.258879136363466,-0.214520406026128,0.0103252548973533,0.00264906894646379,0.211368184688603,-0.108046489243434,0.021467494703912,-0.068724677081155,0.0803690199456453,-0.0459305759807779,-0.0337933824435727,-0.00278894866817339,-3.79532323480794e-05,0.0973280321182682,-0.102432635059784,-0.115831440185963,-0.108202621592745,-0.0411150346541285,-0.0676668732368683,0.113695391818317,-0.0196743779208061,0.0953814614842161,0.0898078476693501,-0.0882566894914227,-0.126777816628529,0.0519036261661259,-0.00291624195903502,0.166820166613296,0.120579708666329,0.110742262803708,0.0523568388721681,0.0226447267255621,0.0290248752173825,0.0940177118557431,0.185804198757638,0.0677323647534537,0.122260290541521,-0.187398343208675,-0.012122268754611,0.0420053977610811,-0.0614973370280624,0.310941215680514,0.056047529179003
"6",-0.0839115021665471,-0.0884733771997756,-0.096744194156358,-0.101363896353406,0.0664327362722879,1,0.0713812398902797,0.062263030881997,0.101854431832505,-0.00051734440078873,-0.047032467353092,-0.0530491540865412,0.0780549783278977,0.227960662343688,0.0664696188408495,0.171028518691969,0.0621553332440432,0.0852657765972144,-0.140974152184278,0.0410791687655015,0.100623164849289,0.02089190350392,0.162105462406686,0.105555868331063,0.184455852916985,0.0364664660948048,-0.0353757062495181,0.0327593777622091,-0.00814678991123472,0.192908423599981,-0.24502410885108,-0.102535862266568,-0.00468529158366319,-0.0213141034353647,-0.0213533920924319,0.0122081377920574,-0.00518238629116209,0.0902342663597515,0.232064245620252,0.209566054838779,0.286606175558748,0.239533291938307,0.173272878198308,0.0932343149251781,0.232045928688627,0.263247597999871,0.0653240028212308,0.0584426451069619,0.278180012966695,0.27954856339394,0.127036689054809,0.265749897750334,0.0916978061530602,0.00149088634649831,-0.054716234341681,-0.219973133399313,0.143784575211933,0.0886433482097073
"7",0.0108717906320075,-0.124151864767079,0.148493148137197,-0.0248839934414201,0.183553003292795,0.0713812398902797,1,0.194604400827453,0.204689862302733,0.0457085967516471,0.064916771476717,0.0414612307146248,0.179357927044318,0.0952711593499355,-0.151269788671688,0.0148102116395462,-0.150003575043153,0.1333246369146,-0.0832191146996507,0.123289891380013,-0.136877008076264,0.133382107993981,-0.0114543990566829,0.0361785708882774,0.265797366003566,0.0013637297234286,0.00199759411862389,-0.164228431149041,-0.0694543260445652,0.0163396542536513,0.0830542580168229,0.0625211112222306,0.223070182017184,-0.0398795755572606,0.441505786113591,0.117122302664921,0.122556937974965,-0.111315758476321,0.0595520798578301,0.015296293230385,-0.0214863229431359,0.0926079460175504,0.134914731294709,0.0915454773100721,0.0908164717933114,-0.0386746610942047,0.195752899131227,0.15248252923881,0.248428690645701,0.203877199495078,0.17169369531775,0.153082939923841,-0.0501343434651965,-0.00017630537488676,-0.046914448385726,-0.184276640781088,0.421768921454326,0.0805430513462704
"8",-0.0742952293235535,-0.0042172958102874,0.033305310741564,-0.0675261062159727,-0.0153795176719521,0.062263030881997,0.194604400827453,1,0.0506396966333605,0.141617088780447,-0.0305417485116868,0.0582554317235202,0.158613075558415,-0.106812486882577,-0.236971468298665,0.0796083830093438,0.0841154057672436,0.0151394775037861,-0.0159670154194165,0.223740985917662,0.195356519499059,0.0133263983849612,-0.109169427790552,0.150090779145389,0.139892409532559,-0.15755907205527,-0.0870889646341026,-0.00972964741031797,0.1769494963874,0.349146087387301,-0.0154913766401528,0.184118013361676,0.116120863522746,0.128703951799474,0.164608668095537,0.352352449150528,-0.0323475947304126,-0.00316544305516092,-0.00599099577997025,-0.00262903890490066,-0.00228227293131491,-0.088596168930543,0.15791708672935,0.103402841032762,0.180243273964571,0.182118010471582,0.088686075993785,-0.023541148394608,0.152749350326826,-0.023188962296518,0.0479001165345949,0.100506039516257,0.189782845766216,0.0836460886151897,0.099671532037239,-0.0162587526962961,0.116107544121522,0.182381688781531
"9",0.345593454194612,0.307543529506674,0.0147426028823765,-0.0580091332556492,0.039841251367999,0.101854431832505,0.204689862302733,0.0506396966333605,1,0.414811697772594,0.239885886852728,0.0127732333149628,0.388536758119994,0.241643580212396,-0.0429477426584933,0.3029350129477,0.274453585594098,0.340339198768433,0.00868400935774507,-0.0226748295458955,-0.0580862507409311,-0.00749424651040029,0.0750517288077974,-0.0831146244328184,0.133865743983036,-0.0847184520921432,-0.212200622407553,0.0696262371520832,-0.0139692247498086,0.155263145814343,0.175253759569578,0.148347575055654,0.500953382676858,0.345447330524295,0.168663405722969,0.069913804132891,0.0993745957933417,-0.0523023911745841,0.536385568080911,0.514137422662813,0.312471377594766,0.303698594044329,-0.0900058500343517,-0.140529484992666,0.0339840619689805,-0.110486902722103,0.318843202157069,0.251664705136928,0.325124376281091,0.191027577696716,0.112453856920648,0.209280113178951,0.0477946226742534,0.150764069736723,0.0386097182726439,-0.0311155284041034,0.010870058805204,0.0677650567607625
"10",0.478281812085869,0.525526508251313,-0.0835003210116884,-0.0330736272354314,-0.130476572282367,-0.00051734440078873,0.0457085967516471,0.141617088780447,0.414811697772594,1,0.240833865916374,0.209252683129032,0.429498124044973,0.297971404187903,-0.127804428459839,0.272706158611085,0.22781870831282,0.359910865040025,0.121052000867807,-0.0979963992271584,0.164903715280194,0.103795891461911,-0.0688895780971984,0.184095092939395,0.00183765338248908,-0.00799829885499388,-0.113451134094717,0.16659731864665,0.0958415414178746,0.143150712842128,0.189099544980335,0.292812121487353,0.549954480305848,0.40129577125682,-0.101874007719022,0.12721809350732,-0.13466710736861,-0.133697279533057,0.301699595987182,0.417824949295529,0.0733105682166892,0.0100593638232642,-0.180695745414057,-0.0974588752080457,-0.231688016450773,-0.282547470646522,-0.052315898353458,-0.117607467010484,0.288060910469271,0.186429679413452,-0.00251859649897193,0.0639004054018472,0.140636141344571,0.142799048279125,0.0741621389848711,-0.104197126461294,-0.0806407924420818,-0.0388288041867246
"11",0.365465110109398,0.337740777924642,0.0618286649293856,-0.0203625081287293,-0.137965021725289,-0.0470324673530921,0.064916771476717,-0.0305417485116868,0.239885886852728,0.240833865916374,1,0.30939779512801,0.163327724990897,0.0009245435380018,0.0658027976712335,0.112580556390071,-0.00804890620869012,0.222744323810373,-0.166166297653211,0.025632976117352,0.0405878012736247,-0.124502234885192,0.00077281633539883,0.0107106330508782,0.0435331895009045,0.0310599113889482,0.191559815465544,0.128880649722054,-0.0684748090073017,0.205179739791485,0.0810548006877092,0.0628287939721948,0.346344731140619,0.301608993646514,0.131476943557494,0.134312103482826,-0.0056688955857799,-0.0092297638535642,0.333517334495692,0.237094147386591,0.180046129903216,0.241805608365413,-0.0420813999355559,-0.160042303320884,-0.139623322555844,-0.234492183380002,0.21989772944856,0.190034268040473,0.0752208320941626,0.0110730301619003,0.156159954269434,0.156419516158799,0.096846306999679,0.0113754590923892,0.152421549625484,-0.0384997653735286,0.117891920822386,-0.0868830785479227
"12",0.336800069985433,0.247599773790311,-0.138972292266234,0.0441564043837407,-0.00068115953789527,-0.0530491540865412,0.0414612307146248,0.0582554317235202,0.0127732333149628,0.209252683129032,0.30939779512801,1,0.166108131386772,0.0960074378152298,-0.101098284400636,0.0349625453251291,-0.0923441647487414,0.0796613676200186,0.116517961811585,0.0896980917168783,0.0110837339935243,0.173533258247557,-0.087827676696957,0.076572742751651,0.226676944405797,0.107177763365111,0.310730471072907,0.133641555583585,0.0840787417438796,0.178588113820898,0.17179546580572,0.153143220552216,0.321737017691384,0.132967274110327,-0.0610430523008216,-0.00874125677560424,0.096425483114913,-0.037813574498957,0.0490990114364978,0.0747681177864825,-0.00857849389943334,-0.054708497498884,0.0163420197005231,0.00704254351038414,0.0225320664287769,-0.0710898194578005,0.107295937026128,-0.00142125407323492,0.133802395290954,0.0119330802476979,0.0126244337502947,0.253570371263876,0.120468647730313,0.146631634239388,0.101011495049414,0.0242747363223539,0.0253352764624293,0.111771209455525
"13",0.18778742967763,0.229477986621949,0.0352185814325538,-0.0590307191282153,-0.0332489827675299,0.0780549783278977,0.179357927044318,0.158613075558415,0.388536758119994,0.429498124044973,0.163327724990897,0.166108131386772,1,0.368357805794442,-0.203847853605579,0.183078016581491,0.104882560063991,0.336646471209871,-0.0024626143220545,0.0402235718828282,0.0124296435902032,-0.00668692630263988,0.0413520546608072,0.117516701441558,0.11346207822037,0.0120169935901271,0.0931539361915295,0.126651801915409,0.0848602707475347,0.0573991884706278,0.182942428785913,0.133434600311363,0.489189814759979,0.15978104754129,0.099587551184033,0.203138737790912,0.0733770077640494,-0.0389298728031613,0.318274474187915,0.402313963224979,0.26079411576831,0.227038975435666,0.0675199730877499,0.0638839219558732,0.121261350119506,-0.121349105788399,0.246399131784344,0.162063582255214,0.717751482316427,0.316149903521673,0.249788788175162,0.315973463505828,0.137694867500631,0.285908141743703,0.155839826480444,-0.100426957590938,0.0592009729307745,-0.0880114932436065
"14",0.119472195308812,0.219159465934953,-0.0740048974708866,-0.00999846508354415,0.126890057460905,0.227960662343688,0.0952711593499355,-0.106812486882577,0.241643580212396,0.297971404187903,0.0009245435380018,0.0960074378152298,0.368357805794442,1,0.0632844618628162,0.252887598616144,0.0704540771297631,0.614470335146969,0.0390855373087799,-0.106607254638489,-0.238223733635119,0.00717383886486408,0.0984429416681532,0.0409643428437132,0.141775621934219,-0.0113405962444922,-0.0888194011070453,0.112279139553197,0.0947982849897601,0.124994228864539,0.128382023245604,0.230425745441146,0.317465974369344,0.266905833708165,0.0303255237825092,-0.218285067492434,0.011556948629602,-0.036781427882928,0.332658611511349,0.335655923449089,0.196153939892041,0.17849821548725,-0.127175779596848,0.202347549204793,-0.0324295489166729,-0.0437168802990719,0.0858872561182757,0.0423057508347424,0.47648678973764,0.793272590908657,0.21632799188945,0.269014026423219,-0.114384977615535,0.0271584689464903,0.253968102792452,0.00235859225578837,-0.0775018239248108,-0.0583726802551674
"15",-0.0372757154772858,-0.0611768061534066,-0.0707673953523985,-0.016463005950248,0.171600601569542,0.0664696188408495,-0.151269788671688,-0.236971468298665,-0.0429477426584933,-0.127804428459839,0.0658027976712335,-0.101098284400636,-0.203847853605579,0.0632844618628162,1,0.0156087508256349,0.020079142024222,-0.0178757729193825,-0.141605915146848,-0.0361315143911322,0.0378730475461517,-0.028608570512503,0.0744624804512545,-0.126992606822929,-0.161457973674719,0.0002985190354055,-0.0640423912853861,-0.01279518128987,0.00188742789458142,-0.0785622308261052,0.0143143534073022,-0.0243809716963046,-0.0485648174398529,-0.0284409351705477,0.0122937075458472,-0.0750284025995929,-0.0438160767638804,0.0426295665468332,-0.021265969863362,0.0582223679385688,0.0855677409632977,0.107442463032423,0.0667624639889558,-0.0126093276161517,-0.0884075878622695,-0.0577463322142854,-0.0403444804053301,-0.0372338186679503,-0.114408660615499,0.040409576033121,0.265669155655807,0.0928807635483626,-0.141497670281684,-0.0679475323768827,0.0933288529662472,-0.0079794873336792,-0.0384627079367138,-0.146990945089981
"16",0.117490977965123,0.0816013773746428,-0.238632862915016,-0.118933040135839,-0.258879136363466,0.171028518691969,0.0148102116395462,0.0796083830093438,0.3029350129477,0.272706158611085,0.112580556390071,0.0349625453251291,0.183078016581491,0.252887598616144,0.0156087508256349,1,0.175136122256716,0.277088525433809,0.0774494445550294,-0.0964563606041802,0.010001447523293,0.0723512569360819,0.0148282051259814,0.0798318219705263,-0.00838448698833451,-0.0940218530206413,0.0264302473428313,0.12400954809811,-0.0482913357248629,0.126574871944531,0.0919782492582066,0.211008718347315,0.342533565607247,0.367328451987225,0.126517066575235,0.0130184952405033,-0.00813928223338038,-0.123323839498973,0.174039360744104,0.308012143709432,-0.0157174957754355,0.0585140438544118,-0.0589335653538382,-0.0841055014410808,0.132932112665946,0.0612395252690684,0.00450485382238909,-0.0244922395477625,0.129014449030036,0.162250576015168,0.0218977597026274,0.0894778638695055,0.195652880260664,0.206583254945893,0.066585125214505,0.00338446139463449,-0.165507361357066,0.0443339936503801
"17",0.0443041108382557,0.107940204626013,0.1388785303401,-0.150446094180714,-0.214520406026128,0.0621553332440432,-0.150003575043153,0.0841154057672436,0.274453585594098,0.22781870831282,-0.00804890620869012,-0.0923441647487414,0.10488256006399,0.0704540771297631,0.020079142024222,0.175136122256716,1,0.0569448029530858,0.128969371800078,-0.055471560210561,0.131475117779768,0.0344377764503427,0.275182128994143,0.0634977592381778,0.0707822191662207,0.0498997100153118,-0.140781676762625,0.0685025137709638,0.0348119191847102,0.213623555015316,0.114086061342523,0.0964373515592594,0.155174916917925,0.142781109525706,-0.0127473388732583,0.175166324068524,0.102090698949748,0.0547758655134502,0.202533171810221,0.289187162021698,0.251302322915234,0.140614755717826,-0.0774886967628406,-0.0235414065622717,0.133384157977781,0.0818595588284646,0.106240534510092,0.141575418721252,0.14513466397943,0.0532950610865505,-0.0394258865410555,0.0255499359714591,0.227361588180248,0.199775701515858,-0.0108261880604051,0.037713158100908,-0.122344785603467,-0.0347686938736238
"18",0.255465672950804,0.394678132368481,0.147297496690785,0.00243640152679291,0.0103252548973533,0.0852657765972144,0.1333246369146,0.0151394775037861,0.340339198768433,0.359910865040025,0.222744323810373,0.0796613676200186,0.336646471209871,0.614470335146969,-0.0178757729193825,0.277088525433809,0.0569448029530858,1,-0.0232728709464627,-0.110509749181632,-0.0373642245672549,-0.00717528183263306,0.188711732690787,-0.0229614241989424,-0.0519516855349279,-0.164773528318627,0.0500490359726416,0.179974372489143,0.10021030521341,0.235089667862369,0.12917648993915,0.372406491334358,0.421288608124118,0.350428814143343,-0.013600472170284,-0.109630224788805,-0.117645527580212,-0.153005908124043,0.358225023419289,0.351620694063332,0.192840267926253,0.223455247083545,-0.148969998563015,0.0498187771122143,-0.10989631635204,-0.136667387372824,0.124541158594644,0.0135603061837424,0.358377043740787,0.662332915033383,0.316968632585741,0.198456929257157,-0.130955715647739,-0.0556946758585461,0.154873251833295,0.029287744905236,-0.0246929992223672,-0.116069810348938
"19",0.0354821031232123,0.00580159316811799,0.0330874856462506,-0.0327595581115949,0.00264906894646379,-0.140974152184278,-0.0832191146996507,-0.0159670154194165,0.00868400935774507,0.121052000867807,-0.166166297653211,0.116517961811585,-0.0024626143220545,0.0390855373087799,-0.141605915146848,0.0774494445550294,0.128969371800078,-0.0232728709464627,1,0.0251153311505646,-0.0868650477896303,0.0839801732797715,-0.00024431408145256,0.2784663680136,-0.000979666577361,0.125216231895784,0.0417104451473042,0.268630878251524,0.0176097153513948,0.0866366229910811,0.545541712509931,0.203782012893997,0.0340909092849546,0.168994755162476,-0.141285902122275,0.0845257871673188,0.158928574588656,0.00243188104417116,-0.193544015816759,-0.0956328655987829,-0.124319284761412,-0.148025459064846,0.0364047010778172,0.0518378715143834,0.00824763723985946,0.0896230495071245,-0.276825896562754,-0.256092120024875,-0.0245716382470052,0.0451178923648304,-0.224713505689648,0.0349953546938716,0.113003906851436,0.0391063612983132,-0.056631876548522,0.158873020989706,-0.157339394712872,-0.0348909434614825
"20",-0.296384632512472,-0.129730980060464,0.095127499410366,0.0933893326023257,0.211368184688603,0.0410791687655015,0.123289891380013,0.223740985917662,-0.0226748295458955,-0.0979963992271584,0.025632976117352,0.0896980917168783,0.0402235718828282,-0.106607254638489,-0.0361315143911322,-0.0964563606041802,-0.055471560210561,-0.110509749181632,0.0251153311505646,1,0.166211206576054,0.0671091292965079,-0.141012254387872,0.100709861463164,-0.0264574550571277,0.050202030970097,0.00693785675802602,-0.053758566723013,0.101870281831174,0.178099825113953,-0.111782193827958,0.197247932975889,0.0118127288055779,-0.148796087026216,0.128195137571321,0.0871374323610331,-0.0938532642956698,0.0988150057964404,-0.251460038176284,-0.290786811396612,-0.0666549932796559,-0.133900322281395,0.0649358774603734,0.118344965864346,0.152264537888849,-0.0528641789363702,-0.112710803678016,-0.16995520616561,0.0428443706973965,-0.0239835676749077,-0.17652062983216,-0.00865204061833678,0.0570231224849467,0.274650633943274,-0.0562665162939874,0.0715366529951295,0.247405081637445,0.0485169960567073
"21",0.00244640572685137,0.0575839330058983,-0.00471811190621241,-0.0553477260532553,-0.108046489243434,0.100623164849289,-0.136877008076264,0.195356519499059,-0.0580862507409311,0.164903715280194,0.0405878012736247,0.0110837339935243,0.0124296435902032,-0.238223733635119,0.0378730475461517,0.010001447523293,0.131475117779768,-0.0373642245672549,-0.0868650477896303,0.166211206576054,1,-0.0240266400369586,-0.118856657243716,0.175217131612281,-0.0753726208494672,-0.21187722713284,0.0714479184595177,0.0551863643096938,0.141667686003451,0.207448617715776,-0.0887890440025867,0.0996932435445767,-0.0154223556176515,-0.0743386541567042,-0.0692255914289038,0.00620568985051071,-0.0655010596646465,-0.0635334349048064,-0.022126048572076,0.0302628435238574,0.0822119230177738,0.0673563963823946,-0.00281810601705045,-0.0701511309196462,0.0306709130729644,0.00339124586247613,-0.0627605123488621,-0.00676450277420127,0.0416874324927456,-0.11599422697846,-0.121767900297124,0.0296736066738923,-0.066542943979949,0.0328272615598183,0.0755163811982186,0.063125988906254,0.136209570939864,0.122706311750251
"22",0.108114013134641,0.121357460503144,-0.00409547480519943,-0.0513504522692046,0.021467494703912,0.02089190350392,0.133382107993981,0.0133263983849612,-0.00749424651040029,0.103795891461911,-0.124502234885192,0.173533258247556,-0.00668692630263988,0.00717383886486408,-0.028608570512503,0.0723512569360819,0.0344377764503427,-0.00717528183263306,0.0839801732797715,0.0671091292965079,-0.0240266400369586,1,-0.0916863614556419,0.00547997276159856,0.0161726011141193,0.0252908218186605,0.103997829567946,0.0566550693868879,0.041170488695676,0.15490630165628,0.0598468069475497,0.0394969981257033,0.112562999697375,0.122757767644182,-0.0200813061302259,0.052767387928444,0.113967652590378,-0.0132435066063157,-0.0271536723067868,0.00293776530812477,-0.112451581294153,-0.0864315704518142,-0.202563230569189,0.0500286169741026,0.129986444703405,-0.0287856154308665,-0.0374329389564236,-0.0902434273494726,-0.0324698291013576,0.0622223875998002,-0.110264240520418,0.119529517892996,0.0227426679157622,0.112803590137824,-0.148314119173245,-0.0703658774379307,-0.00274648988172924,0.131900029406336
"23",-0.106450227012475,-0.0314689169022026,0.0202576551892905,0.124314750912978,-0.068724677081155,0.162105462406686,-0.0114543990566829,-0.109169427790552,0.0750517288077974,-0.0688895780971984,0.00077281633539883,-0.087827676696957,0.0413520546608073,0.0984429416681531,0.0744624804512545,0.0148282051259814,0.275182128994143,0.188711732690787,-0.00024431408145256,-0.141012254387872,-0.118856657243716,-0.0916863614556419,1,0.0253209490325002,0.00562402289274932,0.0405641020282543,0.040574835896436,-0.012495901546792,-0.0217059155447336,0.198834510754763,0.00845414818869957,0.0665514226556753,-0.0956231254581773,-0.136463995875693,-0.132421565018168,0.0751721631491714,-0.00833032839090707,-0.11200490577461,0.0742883698804892,-0.0206343842110993,0.158262830883264,0.119981522401071,-0.00744673126812802,0.0196882187787979,-0.0626751918374806,0.0204033664880647,0.105373771618048,-0.0683431835255959,0.0674558998173646,0.1505714325314,0.134990377535875,-0.00579152546476484,0.0350486336586731,-0.0316649937609072,-0.129865790798699,-0.0970157645505703,-0.0184256500047894,-0.037550204255426
"24",-0.0332829293213215,0.0459637313876937,-0.0130557548389263,-0.116753129809146,0.0803690199456453,0.105555868331063,0.0361785708882774,0.150090779145389,-0.0831146244328184,0.184095092939395,0.0107106330508782,0.076572742751651,0.117516701441558,0.0409643428437132,-0.126992606822929,0.0798318219705263,0.0634977592381778,-0.0229614241989424,0.278466368013601,0.100709861463164,0.175217131612281,0.00547997276159856,0.0253209490325002,1,-0.0928594296424143,0.030364665803249,-0.020038587236774,0.163761362934027,-0.014184917955762,0.161564739887265,0.15172968177816,-0.125517056908776,0.0834083862284753,-0.00658054164558754,-0.0985307725311921,0.237667784313055,0.0745186631812184,0.238731165213002,-0.0206172003464692,-0.102498865653529,-0.0103735629760143,0.00628982042444411,0.179031298494496,0.134600922537045,0.103404408719257,0.116170800618408,-0.150580869593422,-0.138501172601444,0.14552725407455,0.0970334310680205,0.0330002066265942,0.104255842117517,0.0381779418222198,0.100590445276888,0.0481380841151469,-0.0139215426189392,0.0319876327323866,-0.0856728251897108
"25",0.0802958687905467,-0.149280059204118,-0.0851136032337136,-0.225060462045357,-0.0459305759807779,0.184455852916985,0.265797366003566,0.139892409532559,0.133865743983036,0.00183765338248908,0.0435331895009045,0.226676944405797,0.11346207822037,0.141775621934219,-0.161457973674719,-0.00838448698833451,0.0707822191662207,-0.0519516855349279,-0.000979666577361,-0.0264574550571277,-0.0753726208494672,0.0161726011141193,0.00562402289274932,-0.0928594296424143,1,-0.0388398395660517,0.0903061143354896,-0.0314415473779027,0.0454580271868108,0.113303170407815,0.0539818654337576,0.0318980508072761,0.153518683135503,0.106853793234531,0.154849964354685,-0.0648520194200524,0.20065764665209,-0.0268545798645419,0.204276043782659,0.176433528122289,0.116451563180524,0.0868391609841487,-0.0366766451152228,0.0114875996366379,-0.0469310004882798,0.0973406806090594,0.174946352829729,0.20391075871423,0.172619092404899,0.137549450840336,0.0566732911289235,0.175233274066734,0.0918083304352515,0.0698118401012785,0.194350597738248,0.0343167720687807,0.0630214893083676,0.102278735128621
"26",0.00761845729318196,0.0512821538355208,0.0677770780378892,0.0232325742976743,-0.0337933824435727,0.0364664660948048,0.0013637297234286,-0.15755907205527,-0.0847184520921432,-0.00799829885499388,0.0310599113889482,0.107177763365111,0.0120169935901271,-0.0113405962444922,0.0002985190354055,-0.0940218530206413,0.0498997100153118,-0.164773528318627,0.125216231895784,0.050202030970097,-0.21187722713284,0.0252908218186605,0.0405641020282543,0.030364665803249,-0.0388398395660517,1,-0.0963827955751584,0.0356885765056571,-0.0247697124980861,-0.0859798445759058,0.0236962685238903,0.0191463917032175,-0.103985239261946,-0.0368241631416896,0.0475687879740971,0.253432107419077,0.0156847667758144,0.232116813951363,0.0407950057425609,-0.110593442785974,0.14816465831,0.123254075495141,0.0581544230124859,-0.0221880726778835,-0.0892235912955841,-0.105478127796447,0.00843097564925579,0.102236984444723,0.147661974272585,-0.0169150242853471,0.0738035424663746,-0.0640202131918583,0.232910371405576,-0.0886435057771815,-0.0967842742495471,-0.0545411117134666,-0.120611967850202,-0.133808061961757
"27",0.116222812865643,0.0791508029951724,-0.0953841426286576,0.0177271239750111,-0.00278894866817339,-0.0353757062495181,0.00199759411862389,-0.0870889646341026,-0.212200622407553,-0.113451134094717,0.191559815465544,0.310730471072907,0.0931539361915295,-0.0888194011070453,-0.0640423912853861,0.0264302473428313,-0.140781676762625,0.0500490359726416,0.0417104451473042,0.00693785675802602,0.0714479184595177,0.103997829567946,0.040574835896436,-0.020038587236774,0.0903061143354896,-0.0963827955751584,1,0.30809411588834,0.113043899048907,0.090657339255733,0.0866606055616117,0.0214225000162007,0.0945762904554765,-0.00901894860729805,-0.0498666445294126,-0.00249730054013671,-0.0665319919027786,-0.0950650965577593,-0.00575081867773632,-0.0628044326899071,0.0249601385128052,0.0637445847725175,0.0636999526326036,0.0461659559965986,0.0535302639294874,0.0937676812191304,0.0122506968449682,-0.0120068233970408,0.112976996593854,0.078311223799926,0.0461700610845775,0.203388206264332,0.101736944145926,0.0962461174825518,0.0400662051147962,-0.0441506658339584,0.0153223323389641,-0.132295740501622
"28",0.233010371610578,0.26064863633181,0.0398122686256906,-0.0137437222411939,-3.79532323480795e-05,0.0327593777622091,-0.164228431149041,-0.00972964741031797,0.0696262371520832,0.16659731864665,0.128880649722054,0.133641555583585,0.126651801915409,0.112279139553197,-0.01279518128987,0.12400954809811,0.0685025137709638,0.179974372489143,0.268630878251524,-0.053758566723013,0.0551863643096938,0.0566550693868879,-0.012495901546792,0.163761362934027,-0.0314415473779027,0.0356885765056571,0.30809411588834,1,0.0104902197877828,0.187694495133638,0.374101148322524,0.205318741334884,0.157698939614713,0.1357730718122,-0.0804698961558188,0.053863539594691,0.0632794920213543,0.151997889665626,0.130942428638848,0.133810032076505,0.0416286202478133,0.030996056766128,0.0332466216466333,0.0806465139809698,-0.0213366184663933,0.221560172230685,0.0449906178577108,0.023963014740409,0.0543093679335146,0.119135354856656,-0.0513143598836628,0.098638992781157,-0.00033175690208957,0.160404121182555,-0.0122703185101039,0.135010889811295,-0.110520420505591,-0.0449729645898943
"29",-0.112282473796361,0.00631516488712455,0.0440259638203324,-0.132135853374174,0.0973280321182682,-0.00814678991123472,-0.0694543260445652,0.1769494963874,-0.0139692247498086,0.0958415414178746,-0.0684748090073017,0.0840787417438796,0.0848602707475347,0.0947982849897601,0.00188742789458142,-0.0482913357248629,0.0348119191847102,0.10021030521341,0.0176097153513948,0.101870281831174,0.141667686003451,0.041170488695676,-0.0217059155447336,-0.014184917955762,0.0454580271868108,-0.0247697124980861,0.113043899048907,0.0104902197877828,1,0.439802302564973,0.0569153151081781,0.0741099260810343,-0.0318656604345517,0.0270281630514618,-0.264997791372414,0.0602014827724238,-0.144849668258944,-0.00873403466366408,-0.0461116334311961,-0.123445171397677,0.0396183067579919,0.0870739197785416,0.0914073181130047,0.365022577653063,-0.110878140588282,-0.131745486401972,-0.246949577503538,-0.137317558439976,0.129907841478187,0.226126711763305,-0.107428148701767,-0.0106594571752814,0.0414096133746802,0.157062311765524,-0.0295537333075883,-0.0142721165173706,-0.140373109240719,-0.0372192182941646
"30",-0.0452434279406437,0.0482583676925659,0.109700514242471,-0.181649317175923,-0.102432635059784,0.192908423599981,0.0163396542536513,0.349146087387301,0.155263145814343,0.143150712842128,0.205179739791485,0.178588113820898,0.0573991884706278,0.124994228864539,-0.0785622308261052,0.126574871944531,0.213623555015316,0.235089667862369,0.0866366229910811,0.178099825113953,0.207448617715776,0.15490630165628,0.198834510754763,0.161564739887265,0.113303170407815,-0.0859798445759058,0.090657339255733,0.187694495133638,0.439802302564973,1,0.0765646446748258,0.231466726420819,0.0726717880396061,0.122392190143575,-0.185059560424487,0.0466916358788436,0.0652947871237463,-0.0996229761669264,0.0803062216890857,0.00727518143147598,0.0999410098647413,0.0847674119682827,-0.00474433286118395,0.164649331219627,0.037721574185433,0.0353000719915063,-0.083053971431506,-0.0581042939410199,0.100421668473124,0.23811789848148,-0.0947535181056407,0.117438915888592,0.0446780650026211,0.149071449010112,-0.0430973685946299,-0.0109452129409372,0.0573686807485128,0.108552300876432
"31",0.201635815334879,0.150301196293868,0.0621817063040168,-0.0630808800353968,-0.115831440185963,-0.24502410885108,0.0830542580168229,-0.0154913766401528,0.175253759569578,0.189099544980335,0.0810548006877092,0.17179546580572,0.182942428785913,0.128382023245604,0.0143143534073022,0.0919782492582066,0.114086061342523,0.12917648993915,0.545541712509931,-0.111782193827958,-0.0887890440025867,0.0598468069475497,0.00845414818869957,0.15172968177816,0.0539818654337576,0.0236962685238903,0.0866606055616117,0.374101148322524,0.0569153151081781,0.0765646446748257,1,0.33131232831549,0.195663324361268,0.103337280591492,-0.0431222375245973,0.0840626634453673,0.0839647043756466,-0.0945374968767598,0.0902991679609746,0.0996236017387685,-0.106232620423552,-0.0158482033952033,-0.020968307848283,0.0497672433877997,-0.0555128022406727,-0.0396653892231481,-0.0209678951024873,-0.0264631839898443,0.0667517906577987,0.0805913003725865,0.00118244210338238,0.143050069639442,0.0336944562179535,0.161264109828014,0.112790290269561,0.145603259995099,0.0168883325542602,-0.0484808919772194
"32",0.0980436501842727,0.207677329364142,0.13225555784339,-0.00379387896927848,-0.108202621592745,-0.102535862266568,0.0625211112222306,0.184118013361676,0.148347575055654,0.292812121487353,0.0628287939721948,0.153143220552216,0.133434600311363,0.230425745441146,-0.0243809716963046,0.211008718347315,0.0964373515592594,0.372406491334358,0.203782012893997,0.197247932975889,0.0996932435445767,0.0394969981257033,0.0665514226556753,-0.125517056908776,0.0318980508072761,0.0191463917032175,0.0214225000162007,0.205318741334884,0.0741099260810343,0.231466726420819,0.33131232831549,1,0.209413812691694,0.273534537773244,0.238195542538391,0.077801177959091,-0.0155510678488256,-0.115296752201293,0.0573541283254074,0.0932052718999551,-0.039399879022656,-0.0197348615199891,-0.194240590888442,0.00182116461416127,-0.0610034698474812,0.016274497368427,-0.0335488218328359,-0.0720778803189363,-0.0155053272645416,0.129802756072864,-0.0448546045567488,0.0308775413449786,0.183185278843105,0.147451238612784,0.0925587947941862,0.0551818695344776,0.0159803792828151,0.1858487125874
"33",0.477164373860062,0.562493482868886,-0.0229860775249465,-0.0906388824963423,-0.0411150346541285,-0.00468529158366319,0.223070182017184,0.116120863522745,0.500953382676858,0.549954480305848,0.346344731140619,0.321737017691384,0.489189814759979,0.317465974369344,-0.0485648174398529,0.342533565607247,0.155174916917925,0.421288608124118,0.0340909092849546,0.0118127288055779,-0.0154223556176515,0.112562999697375,-0.0956231254581773,0.0834083862284753,0.153518683135503,-0.103985239261946,0.0945762904554765,0.157698939614713,-0.0318656604345517,0.0726717880396061,0.195663324361268,0.209413812691694,1,0.575489710862808,0.231460954949629,0.0329201130256374,-0.0157055174961071,-0.0532846712077185,0.563205730838328,0.538980432235494,0.168014805708527,0.166520778578501,-0.215771833597543,-0.20294756841202,0.033671993706058,-0.0539989827090677,0.283284752908823,0.140067868692598,0.334654136612777,0.206543405260553,0.230013942313343,0.301327180222505,0.148423030497922,0.245889247007565,0.10837879844027,-0.0567702973566364,0.144342985285084,-0.0296446487509995
"34",0.404044988815742,0.429049108331432,-0.0533508998969541,-0.072386238881135,-0.0676668732368683,-0.0213141034353647,-0.0398795755572606,0.128703951799474,0.345447330524295,0.40129577125682,0.301608993646514,0.132967274110327,0.15978104754129,0.266905833708165,-0.0284409351705477,0.367328451987225,0.142781109525706,0.350428814143343,0.168994755162476,-0.148796087026216,-0.0743386541567042,0.122757767644182,-0.136463995875693,-0.00658054164558754,0.106853793234531,-0.0368241631416896,-0.00901894860729805,0.1357730718122,0.0270281630514618,0.122392190143575,0.103337280591492,0.273534537773244,0.575489710862808,1,0.170280155773262,-0.0860553004747546,0.0317679957766697,-0.0617771993022465,0.442715408663275,0.456058764361195,0.0835873595859917,0.0749589354247558,-0.300976713692923,-0.135296081942575,0.0311988072093879,0.0564199370627377,0.156997249562603,0.118088305980946,0.0470846158804691,0.185169985974525,0.124056660168908,0.165086599662576,0.26131734078265,0.103839602775598,0.160485204099071,0.0569448850886638,-0.101117018170709,-0.00380194818876951
"35",0.104412503010914,0.00590722875365098,0.0184302550828066,-0.012620256822967,0.113695391818317,-0.0213533920924319,0.441505786113591,0.164608668095537,0.168663405722969,-0.101874007719022,0.131476943557494,-0.0610430523008216,0.099587551184033,0.0303255237825092,0.0122937075458472,0.126517066575235,-0.0127473388732583,-0.013600472170284,-0.141285902122275,0.128195137571321,-0.0692255914289038,-0.0200813061302259,-0.132421565018168,-0.0985307725311921,0.154849964354685,0.0475687879740971,-0.0498666445294126,-0.0804698961558188,-0.264997791372414,-0.185059560424487,-0.0431222375245973,0.238195542538391,0.231460954949629,0.170280155773262,1,0.104412771854314,0.305866508208933,0.0888839100284366,0.238855237261296,0.17178653610571,0.261510153912044,0.220723191875672,0.0272311392566741,-0.0705154519104269,0.251132149822604,0.179695292773254,0.427407573277092,0.380779524585685,0.0886216104450145,-0.0342050519847082,0.111027664605203,0.0218344515333074,0.15671595743142,0.0175487219485448,0.220069792037892,-0.0378437852216381,0.276061253750261,0.114648226919667
