"","l_Insular.Cortex","r_Insular.Cortex","l_Amygdal.Area","r_Amygdal.Area","l_Bed.Nucleus.of.the.Stria.Terminalis","r_Bed.Nucleus.of.the.Stria.Terminalis","l_Hippocampus","r_Hippocampus","l_Orbitofrontal.cortex","r_Orbitofrontal.cortex","l_Entorhinal.Cortex","r_Entorhinal.Cortex","l_Frontal.Association.Cortex","r_Frontal.Association.Cortex","l_Globus.Pallidus","r_Globus.Pallidus","l_Glomerular.Layer.of.the.Accessory.Olfactory.Bulb","r_Glomerular.Layer.of.the.Accessory.Olfactory.Bulb","l_Glomerular.Layer.of.the.Olfactory.Bulb","r_Glomerular.Layer.of.the.Olfactory.Bulb","l_Granule.Cell.Level.of.the.Cerebellum","r_Granule.Cell.Level.of.the.Cerebellum","l_Hypothalamic.Region","r_Hypothalamic.Region","l_Entorhinal.Cortex","r_Entorhinal.Cortex","l_Vermix.Molecular.Layer.of.the.Cerebellum","r_Vermix.Molecular.Layer.of.the.Cerebellum","l_Lateral.Molecular.Layer.of.the.Cerebellum","r_Lateral.Molecular.Layer.of.the.Cerebellum","l_Anterior.Olfactory.Bulb","r_Anterior.Olfactory.Bulb","l_Posterior.Olfactory.Bulb","r_Posterior.Olfactory.Bulb","l_Subiculum","r_Subiculum","l_Perirhinal.Area","r_Perirhinal.Area","l_PreLimbic.System","r_PreLimbic.System","l_Primary.Cingular.Cortex","r_Primary.Cingular.Cortex","l_Primary.Motor.Cortex","r_Primary.Motor.Cortex","l_Retrosplenial.Cortex","r_Retrosplenial.Cortex","l_Secondary.Cingular.Cortex","r_Secondary.Cingular.Cortex","l_Secondary.Motor.Cortex","r_Secondary.Motor.Cortex","l_Striatum","r_Striatum","l_Ventral.Tegmental.Area","r_Ventral.Tegmental.Area","l_Substantia.Nigra","r_Substantia.Nigra","l_Thalamus","r_Thalamus"
"1",1,0.153969159984401,-0.0142734129933877,-0.138780580010247,-0.196206819239564,0.0727953490053523,0.0287721321099797,-0.118368628122047,0.0603537099599702,-0.163463362908601,-0.0970147204704804,0.0718265458217612,0.00618421543406918,0.252843594180131,-0.0370831068848885,-0.105831360145536,0.122446332528362,0.0587438283740411,-0.00164391741598304,-0.103369110115691,-0.0461289206581735,-0.0890802079883359,-0.0380454356239066,-0.103948860162086,-0.0631024869574799,0.193151733544652,-0.13784859621628,-0.0559329468750552,0.0443227153703288,-0.0156049939826109,0.033825497541649,0.0724520101549213,0.0134207029604377,-0.12366732077363,-0.101309171744954,-0.278139607378407,0.0432272674312093,-0.121852234824391,0.10378644413992,-0.0424230912511198,-0.0244070076254661,-0.0963513749801923,-0.0205902549776989,-0.185424139495435,-0.0615784432736652,-0.055038265838264,-0.159265851902247,-0.160900513728388,-0.113038357264428,0.155239529420652,0.32834389311558,0.0673922351288073,0.0021729515479725,-0.0624431487886889,0.0723446177931495,0.00047034702537602,-0.0639463562082913,0.135476823189775
"2",0.153969159984401,1,0.135204853736187,0.0734647372602295,-0.129227495943527,0.0967307693723222,0.114191076542587,0.170781339033444,0.0675146443986645,0.147341633684115,0.20218551146346,-0.020796315852374,0.135073741733088,-0.187960631778731,-0.0949260167276735,-0.0176665837974829,0.0961850237869296,0.104262578694692,0.0167453571502547,0.0303388275502217,-0.102390656988068,-0.0126289938139046,-0.114936005232353,-0.0837872488269919,-0.150718685233694,-0.0789928771059638,-0.0380482291725003,0.0298501550623192,0.0453176492332415,-0.0443256192303091,-0.148984267416617,0.0966962598745927,-0.0473600663471994,-0.0645726774921842,-0.0481873030110148,-0.0597097317184784,-0.0207447852184779,0.0336362723368193,0.0347455632845526,-0.0675470129420366,-0.238836161635992,-0.245818443470663,-0.147198644817356,0.0413726881579209,0.00194200782886043,-0.0714598641120734,-0.0863195162098686,0.0347269400525796,-0.0576501593745765,-0.266991103999976,-0.0882051962166423,-0.0695563267051916,-0.0229275681004079,0.0192149233318205,0.119372268501059,0.149796289558217,-0.294337085873545,-0.072672263053131
"3",-0.0142734129933877,0.135204853736187,1,0.0991551703838329,-0.0428083824232224,-0.0247345214643586,0.0346653920441423,-0.12052459548806,0.0431034722317949,0.139022283346045,0.0147244231795044,0.0418283318621691,0.0786591243082657,-0.0470735869740184,-0.0822470672685321,-0.0278954610256045,0.0689729911185326,-0.0552074446964661,-0.0155446551753074,-0.00119486609613348,0.0505224780144933,0.0533827582319342,0.315143365468027,-0.0630321095454123,0.269167141976145,0.0256798925297709,0.0564665650806133,-0.00966554092955447,0.144006719919792,-0.226399060835301,0.056751394323415,-0.0278905694054175,-0.132083970770294,0.0870049428910304,0.059883688264764,-0.124763547109625,0.00784944698027806,-0.137947171589247,-0.196557642767389,-0.0130203886139301,0.0177794903335556,-0.0702029395054079,-0.028550849845965,0.0920667429281895,0.0670367027397554,0.172963050801251,0.116324167075759,0.145231399576849,0.0389230388594708,0.0076815725084698,-0.0544407875108529,0.167322122573658,0.0075482541883532,0.00206661681650649,0.108527366387585,0.0364472784460246,0.0694799885681806,-0.16860656643445
"4",-0.138780580010247,0.0734647372602295,0.0991551703838329,1,-0.0330868333810471,-0.188982759867008,0.00745973194685485,0.0618073430419978,0.0536767154780635,0.0397013109186109,0.0462683670249854,0.154254804550839,0.0708162100461303,-0.1487591250438,-0.0672270507407279,0.0110329370731712,-0.0423503748566616,-0.0105511820037925,0.219541971746241,0.0291382384255545,-0.103091603488366,-0.0425321564943922,-0.111513925230273,-0.0519827334113197,-0.0280373219050042,0.0383860835547689,-0.0402331250977789,0.124213020498808,-0.0648094992708613,-0.0821288143315911,0.160339457111177,0.0819650284676483,0.00432820779704313,-0.0579897430449076,0.211850429375016,0.0966524869466265,0.130604965276229,0.053744346367664,-0.0679862406651645,-0.00492324700984534,0.0403895410803182,-0.0389360078775585,0.0207044314929156,0.0571687205083043,0.083513317533315,0.0615612878341537,0.0752489857641991,0.035676694829543,0.177559060836642,-0.149740315995339,-0.157388122574758,-0.114012041724414,0.0417409009679739,-0.065966406596356,0.0393307620608081,0.121547016611143,0.155280745642138,-0.0454071766260754
"5",-0.196206819239564,-0.129227495943527,-0.0428083824232224,-0.0330868333810471,1,0.0899702976218935,0.0330952229975288,-0.037837993483782,-0.0102825868497554,-0.106330796589609,-0.177586972764123,0.0162298902709236,-0.0405889830065767,0.0802180340836987,0.0782496307321992,0.056850487811552,-0.298819794604287,-0.0768480653620384,-0.0611403414929212,0.122148124684873,-0.0151554419493693,-0.0766885084037913,0.161360587565905,0.124275864566432,-0.0793513029296301,0.0221296741351142,0.123539255496708,-0.178081742786197,-0.101500455380036,-0.121890613905838,0.0327574030702078,-0.0833706142507618,0.00589024381669846,-0.0893614232779571,0.0871220122294191,-0.0471566104957442,0.30661423279335,0.0852035346531866,-0.137182365669882,-0.0438662252463794,0.144836584030763,0.0944582528143112,0.0320964854639755,-0.0984369744534561,-0.279832429704711,-0.0989484081581907,-0.0321955661574922,-0.115511633576681,-0.0185677262363435,0.0462223933206996,-0.00992360222344357,0.100774740903778,0.0352255862628923,0.035733772706049,-0.0497373401366321,-0.0362404481458141,0.204985661026346,0.163140856808403
"6",0.0727953490053523,0.0967307693723222,-0.0247345214643586,-0.188982759867008,0.0899702976218935,1,0.139365846537807,-0.0611618175681966,-0.100965290851935,0.17759731156795,0.0195760519633408,0.0259942843058555,-0.0392893873900424,0.0974587172982966,0.028596451560778,0.00152537588968745,-0.194009088451066,0.00774339889721479,0.0244879171947413,-0.127808864208928,-0.15097075204055,0.0749950300040155,0.127609412505377,0.077167828206012,-0.132757995149252,0.0756529616998499,0.0172574263582612,-0.0455920268448694,0.0576927598607469,0.140648624866923,0.00341437843032601,-0.0562823473767175,0.0756732940124783,-0.111721303378867,-0.0627322472803563,-0.118525236462705,-0.0130539580441552,0.0872032877973,0.13038557223354,0.0299073200245799,0.0520514423723416,0.0126623427461973,-0.0107342627624942,-0.115882327569148,-0.124097088468725,-0.135498062574648,-0.0443352238626602,0.0470712553538256,-0.145274907232288,-0.0277773581031496,0.0244693559304449,0.124025468167462,0.198285333205954,-0.0134831328293003,-0.0110966892838315,-0.065253705812484,-0.00667563666144072,0.10141954039058
"7",0.0287721321099797,0.114191076542587,0.0346653920441423,0.00745973194685485,0.0330952229975288,0.139365846537807,1,-0.0122135802519475,-0.0762669835191743,0.03888628174613,0.0716199342725894,-0.0959751260065506,-0.0160513292556863,-0.0323764663671168,-0.0492448470796823,0.266291322273475,-0.0488647748262642,0.062686904488237,0.121303668547148,0.0264384232133822,-0.107396261060681,-0.00142572471257567,0.0554577421578215,0.0504518919073898,-0.163206348843538,0.112136438956114,-0.0160874805864283,-0.0397856497628515,-0.0724239497505354,0.0887571969572789,0.0571587580613465,-0.151654404152093,-0.0994172779313487,0.0462206791986548,0.206987565318693,-0.0309945583883372,0.00927510204379334,0.270621640303621,-0.163674670915265,-0.0762918991821101,-0.165075296284321,-0.0545211509758481,-0.102380471475572,0.0236258169709439,-0.0372419413119371,0.0159892420826524,0.0795047986036624,0.0699944637688265,-0.163872618972702,0.126693289369187,-0.176368071824103,-0.0786887040149343,0.102095725134596,0.28591919506817,-0.0647374519246365,0.0857366196126618,-0.0463859993184005,0.067201788671676
"8",-0.118368628122047,0.170781339033444,-0.12052459548806,0.0618073430419978,-0.037837993483782,-0.0611618175681966,-0.0122135802519475,1,0.00188738808259585,-0.00855607423496541,-0.0769545375857195,-0.054966416635694,-0.0642230059596673,-0.00923985731754815,0.107132301302161,-0.00445788908463024,0.0117617356643315,0.177399111112689,0.0207909652243461,0.106605571544139,0.0515989456517877,0.0900619635566846,-0.0947280386289864,0.00260080485233482,-0.00112895365265925,-0.0741388067072831,-0.0221861490665236,0.0678004293195848,-0.0923960617080267,0.203248571055415,0.0405445533829395,-0.0750885874164612,0.0028000637823678,0.00030816797727756,0.179615398857154,0.198263570902985,-0.0471774655595348,-0.00379653753408362,-0.159994951271706,-0.0175297718938071,-0.307589471391157,-0.0571125816710553,-0.0517670749990542,0.0430076065196762,0.0648589197927932,-0.0854447909355182,-0.125954545178166,0.0509213503388077,-0.0291175762740194,-0.0115742223796875,-0.107063711918214,0.0225094145304345,-0.0688265532139469,-0.0457867913940235,0.0280131659054704,-0.113104931256091,-0.109310241956249,0.0817949808422815
"9",0.0603537099599702,0.0675146443986645,0.0431034722317949,0.0536767154780635,-0.0102825868497554,-0.100965290851935,-0.0762669835191743,0.00188738808259585,1,-0.0227357675107035,-0.0724192073895772,-0.0345107509255828,0.00089794073739214,-0.028345837895052,0.0394683663479665,-0.0320567826685335,-0.0114293985767219,-0.192412362883959,0.153003662692361,0.00215685251136052,0.0222566877955285,-0.181424437868667,-0.145728212843373,0.158371846821865,-0.0447417210843248,-0.186378944002019,-0.0147373659066758,0.016828131956479,0.0334624427004887,0.00138031597589226,-0.0474063895848846,-0.109875484494441,-0.110652228083854,-0.0320579684920791,-0.192238095300664,-0.149973520852583,-0.0753547893704123,0.00131133675026553,0.0841140212492614,0.160431717525514,-0.0885267238912609,-0.121965103140324,0.156540718353857,0.0602894102649004,0.0971948412426616,0.0429344161727671,0.102043610757002,0.0834468717636783,0.102908324326022,-0.134436462592267,-0.231410771305165,0.0975925737328606,-0.0194983737928515,-0.0817851957361649,0.157963273517037,0.0190369001772706,0.0120733930361087,0.0909840229654558
"10",-0.163463362908601,0.147341633684115,0.139022283346045,0.0397013109186109,-0.106330796589609,0.17759731156795,0.03888628174613,-0.00855607423496541,-0.0227357675107035,1,0.14223942640284,0.0959223543641589,0.142614254482805,0.0198985914494986,0.027100358600076,0.115682893629253,0.107121670161194,0.129845922858498,-0.0690336657893257,-0.204677884655477,-0.0845828229694622,0.134213769348807,-0.0340567787799737,0.0524841990255239,0.124840708513169,-0.0813643660944062,-0.00977621795420504,-0.0598828030925376,-0.0265140560327751,0.0699730094178233,-0.0206466715109539,0.175442454429482,0.0599308308016236,0.0407440917394757,0.089422196424679,0.115835536411027,-0.0377530182088405,0.0388510774111925,0.0690083785153763,0.04013399981218,-0.00278984737643043,0.0607761331773973,0.121131178646811,0.187196951451843,0.0371928248634856,0.0488515950940141,-0.0621203904140636,0.029410621138539,0.10376892378301,0.0910278603766564,-0.225446615283287,-0.00537643927389591,0.030564849398594,-0.0175607896782803,0.0359692492826906,0.0436357979954447,-0.143631154353791,-0.042429430285029
"11",-0.0970147204704804,0.20218551146346,0.0147244231795044,0.0462683670249854,-0.177586972764123,0.0195760519633408,0.0716199342725894,-0.0769545375857195,-0.0724192073895772,0.14223942640284,1,0.0225182408250116,-0.0301222151693014,-0.0574600882785928,-0.00145330905384641,0.0601081098268824,-0.0566961124289018,0.0656122509096752,-0.108630470943345,0.049520213829448,-0.237135432371175,0.129280532680912,-0.00306752329789617,-0.25358368771583,-0.00365845435042095,0.0165497564957493,-0.0980208664222642,-0.0969383750574433,0.0261765752936215,0.0114730288619247,-0.229287633988187,0.219397313969818,0.0349083195399543,0.156209217471195,-0.144812019131325,-0.0744483952057952,0.036341708724229,-0.107414767905321,-0.0178163700188317,0.125852947824563,0.0570998381311767,-0.0695838493353411,0.0749365960627463,0.0680789929299955,0.0912199753624456,-0.00111346390135804,0.00905392660520762,0.0885543693942393,0.0891695219269672,-0.0898551101787594,-0.107789596960908,0.00577282215004572,-0.0761521569653777,-0.105097964096874,-0.128627843236031,-0.119456921057541,-0.141849516755697,-0.134018655473209
"12",0.0718265458217612,-0.020796315852374,0.0418283318621691,0.154254804550839,0.0162298902709236,0.0259942843058555,-0.0959751260065506,-0.054966416635694,-0.0345107509255828,0.0959223543641589,0.0225182408250116,1,0.215248320274543,0.0558217020636582,-0.0710141815013366,-0.0807391473284059,-0.0679292798281927,0.0615484914901717,0.124157542104591,0.0490186532214295,-0.0478288538615476,-0.082431358097428,-0.0920392963549936,-0.161975120201297,0.1319675586534,0.0912698572359997,-0.13730741316853,0.0765250154564586,-0.104371854496692,-0.0167471309630192,0.169844497804673,0.131140306815416,0.152494700179654,-0.140675736404052,-0.0519236977307227,-0.114761816733136,0.0693465245196449,-0.0603162507146172,0.308967662192328,0.0558710060491169,0.113037534347914,0.0386035429602701,-0.0620526633686579,-0.00618207059043961,-0.00065789141063169,-0.0799167451909333,-0.0739209484949239,0.0282497940497869,0.113704995381383,-0.0497943595046427,-0.0550923045289556,0.101930514043521,-0.123580641251478,-0.146350022685986,0.0485365475550405,0.0126050970261841,-0.0608968738612245,-0.0299952775596207
"13",0.00618421543406918,0.135073741733088,0.0786591243082657,0.0708162100461303,-0.0405889830065767,-0.0392893873900424,-0.0160513292556863,-0.0642230059596673,0.00089794073739214,0.142614254482805,-0.0301222151693014,0.215248320274543,1,-0.173506005299899,-0.0522621518174251,0.134587088946625,0.0684852007124942,-0.0292370675928829,-0.117708935158406,-0.0892606537346655,-0.0388614681329069,0.110428135338922,-0.0615303732839233,0.0388302064994687,-0.00488273433729453,0.155542573445956,-0.207929224890023,0.129951636677749,-0.16076463176918,-0.205451920160585,-0.0719892549693813,0.132508967358445,0.22110496078509,-0.0040960100381919,0.110963358163384,-0.0708937226778246,0.0628808659620228,0.00019905827968137,0.150627999621299,0.170185776921349,0.0230563144904057,-0.0212860065386954,-0.0729002240183732,-0.0515674562585696,0.0129591833320498,0.0477310178228027,0.210556932792047,0.0317955506841597,0.313369712595006,-0.0162171828599006,-0.112569721963202,-0.0950394401582126,-0.0148423452194103,-0.108928252674647,0.186068079421911,0.155587038848271,-0.0184616793725117,-0.140075107835668
"14",0.252843594180131,-0.187960631778731,-0.0470735869740184,-0.1487591250438,0.0802180340836987,0.0974587172982966,-0.0323764663671168,-0.00923985731754815,-0.028345837895052,0.0198985914494986,-0.0574600882785928,0.0558217020636582,-0.173506005299899,1,-0.0281334932831343,-0.0944184302808478,-0.158627517927819,0.251160004668056,0.0762460659713663,0.110747355206563,-0.0490041262263362,-0.0785365507247282,0.17993846662052,0.0175074341771288,0.0457453709096143,0.16446044162718,-0.171432964473783,-0.220592096465359,-0.0580871266776705,0.0697308953362762,0.115063204685717,0.151897373249042,0.198976682837513,-0.078752774696651,0.00129716652696659,-0.0710721602626244,-0.0739482362808034,-0.115240470211106,0.109164281968536,-0.100187751603876,0.0183144214900235,0.0293890869389958,0.263721738861347,-0.229042330506254,-0.0908017614199872,-0.0342100901646385,-0.141786959625871,-0.0554396493502916,-0.0505158538252782,0.537356834856137,0.0665158196200916,0.00336325022969078,0.14735641150986,0.15144223686321,-0.00371828043910945,0.0754821526988041,0.210985664245805,0.176294545314009
"15",-0.0370831068848885,-0.0949260167276735,-0.0822470672685321,-0.0672270507407279,0.0782496307321992,0.028596451560778,-0.0492448470796823,0.107132301302161,0.0394683663479665,0.027100358600076,-0.00145330905384641,-0.0710141815013366,-0.0522621518174251,-0.0281334932831343,1,0.0340672863640294,-0.0701466770632462,0.194844638337516,0.0267002400724847,-0.134389282265939,0.0168021060735151,-0.0114771301491004,0.120638416955708,-0.064852883647724,-0.0284835603016485,-0.193238784208087,-0.014130309479068,0.108185603142124,-0.0699203252579931,0.136205793065505,0.0532620366476704,0.0361073798643251,0.129206038516575,0.0253583413716077,-0.119818019085135,0.0936749138760893,-0.122313495816865,-0.1102448445277,0.0229232850050348,-0.0454579627283529,-0.137688963146316,-0.00140440369437597,-0.0635328518683915,0.0319854061024222,0.052327235783354,0.00238165986164779,0.0489580276025396,0.133614569041565,-0.162088972269498,0.0463161517752023,0.0120275387877959,0.0976352334315512,-0.216933257536698,-0.162409269041998,0.133384392676019,-0.0657921313332946,0.110549065680671,0.124801652824028
"16",-0.105831360145536,-0.0176665837974829,-0.0278954610256045,0.0110329370731712,0.0568504878115521,0.00152537588968745,0.266291322273475,-0.00445788908463024,-0.0320567826685335,0.115682893629253,0.0601081098268824,-0.0807391473284059,0.134587088946625,-0.0944184302808477,0.0340672863640294,1,0.122316074082646,0.0633897624845849,0.0141552767345277,-0.0342801392251261,0.0721518865973677,0.069171512463306,-0.0424505966599885,0.174704732844059,0.14571312024875,0.0988906033334764,-0.187719271465101,-0.0205711329319092,-0.175008816989687,-0.0577455071648399,-0.030481394800958,-0.0177737510528901,-0.00380749097858929,0.430178442382083,0.142703992839944,-0.110623828664727,0.0501691293297222,0.092754183571625,-0.095305823520561,0.0220877404129683,-0.0907284298720049,-0.0902917319824348,-0.0818346998459651,-0.0473720895910779,0.14095552936358,0.0123972737065032,0.0411823186284294,-0.060837424217827,0.0859283659096434,0.0492668786944055,-0.258707560668247,0.0808979088684063,-0.0390395580469347,0.00466270790074499,-0.084391113851368,-0.0199406354639848,0.0921864455673187,-0.00026276431848215
"17",0.122446332528362,0.0961850237869296,0.0689729911185326,-0.0423503748566616,-0.298819794604287,-0.194009088451066,-0.0488647748262642,0.0117617356643315,-0.0114293985767219,0.107121670161194,-0.0566961124289018,-0.0679292798281927,0.0684852007124942,-0.158627517927819,-0.0701466770632462,0.122316074082646,1,0.0357672719384898,0.0003601036977175,-0.178059587888264,0.17210571296069,0.111134362249322,-0.10781630102151,-0.183245644932827,0.100799003816954,0.0967300768968246,-0.104510762378322,0.089341751620011,0.170772988506255,-0.0773440602673847,0.075504058932754,-0.0512346433278312,-0.0319415040288046,0.102827538158302,0.00568134207684946,-0.0792643837402438,0.0142346213802566,0.063743021576497,0.0358409918185117,-0.017527490135959,-0.002821280468728,-0.0681800849839602,0.00906359529181111,0.0849299073741545,0.194643460162067,0.15646099939744,0.0835552949268422,0.159744417745137,0.154930492716464,-0.198557228901765,0.00111945109708379,0.0788764015605112,-0.294457485398068,0.101854179428117,-0.0647971394723055,-0.0260480783394628,-0.0881741497401954,0.0164667916970859
"18",0.0587438283740411,0.104262578694692,-0.0552074446964661,-0.0105511820037925,-0.0768480653620384,0.00774339889721479,0.062686904488237,0.177399111112689,-0.192412362883959,0.129845922858498,0.0656122509096752,0.0615484914901717,-0.0292370675928829,0.251160004668056,0.194844638337516,0.0633897624845849,0.0357672719384898,1,0.083231792870446,0.00860418793005576,-0.111883577411501,0.00159912519151421,0.0330259561854338,-0.00945899318615046,0.213852764444074,0.0698950738840083,-0.0652141894938905,0.0900918231517869,-0.0507414700049473,0.0467617726886881,0.0293291794352895,0.030429964486722,0.00385614542203802,0.0598723834786175,0.164384473923027,0.0965490719221855,0.10553280567386,0.0151337009287781,0.192078928359884,0.013895486403391,-0.178107169725089,-0.088528754284108,-0.0156012587053508,-0.10447414178065,-0.0323950505746971,-0.0346904707492798,-0.269530554077849,-0.0627153884241155,-0.0369964563149035,0.29212682694838,-0.04751318956686,0.0458263677528567,-0.172929338321705,0.0284233840712964,-0.0521255889247234,-0.108714011555805,0.0781390352020092,-0.0158508726398456
"19",-0.00164391741598304,0.0167453571502547,-0.0155446551753074,0.219541971746241,-0.0611403414929212,0.0244879171947413,0.121303668547148,0.0207909652243461,0.153003662692361,-0.0690336657893257,-0.108630470943345,0.124157542104591,-0.117708935158406,0.0762460659713663,0.0267002400724847,0.0141552767345277,0.0003601036977175,0.083231792870446,1,0.155431000577794,0.0278924524629565,0.0388391160034816,-0.0745436987173779,-0.00614818095613259,-0.0140353973228681,-0.0304225246848028,0.0333278890428603,0.0533227154101841,-0.0031284095459337,0.110335807824874,0.338735676341522,-0.0462013484736855,0.0724134029198455,0.160112669696052,-0.112717413506428,-0.08141942404325,-0.13040949758443,0.0061217148580032,0.13569455991738,-0.0293731476018435,0.0455162959092545,0.0969694250540566,-0.148137913860426,-0.0390082321973629,-0.0268612128798917,0.150357052643151,0.0301779204265744,0.0247939554435747,0.110663544779338,0.147492290659244,-0.144444584560277,-0.0214139404139405,-0.264078774303103,-0.00833527599424236,0.0957678350488938,0.0465339031125054,0.0272413218197595,0.0837136817580754
"20",-0.103369110115691,0.0303388275502217,-0.00119486609613348,0.0291382384255545,0.122148124684873,-0.127808864208928,0.0264384232133822,0.106605571544139,0.00215685251136052,-0.204677884655477,0.049520213829448,0.0490186532214295,-0.0892606537346655,0.110747355206563,-0.134389282265939,-0.0342801392251261,-0.178059587888264,0.00860418793005576,0.155431000577794,1,0.0396642135823119,0.0943444489760951,0.105584327392927,0.0495609829735553,-0.00918230891129128,0.0202121586118483,0.167559909963923,0.0549464515382639,-0.19453994243106,0.0486346140516754,0.107897944525133,0.315553950390321,-0.0893384427583541,0.0320142953008041,-0.106292612151962,-0.101520745995433,0.13499240802885,0.120289283843828,-0.193142011286194,-0.16030960115451,-0.200246573552873,-0.140524067509722,-0.212285462733391,0.0134908271048173,-0.164776744041586,-0.00995784173367108,-0.036162635505744,0.0602842800664118,-0.212552844705345,-0.039484264760274,-0.0900963803017144,-0.049930733244615,-0.0032615096149376,0.0444786176245566,0.0970116925847394,-0.0284991701613373,0.0887315341073252,0.0628005712261587
"21",-0.0461289206581735,-0.102390656988068,0.0505224780144933,-0.103091603488366,-0.0151554419493693,-0.15097075204055,-0.107396261060681,0.0515989456517877,0.0222566877955285,-0.0845828229694622,-0.237135432371175,-0.0478288538615476,-0.0388614681329069,-0.0490041262263362,0.0168021060735151,0.0721518865973677,0.17210571296069,-0.111883577411501,0.0278924524629565,0.0396642135823119,1,-0.0773047114306839,-0.00209053548335844,-0.00662729822638839,-0.0833367679801445,-0.0680462653820291,0.144507175175886,0.0698087708955425,0.0318579452372946,-0.0628799688825209,0.0836765742554798,0.00611322515721973,0.188925062143387,0.259271888587866,-0.0585675440546767,0.0219113230016777,-0.2432252364415,-4.9620154836913e-05,0.164649534793392,0.012361728750712,0.126225171719317,-0.18322361633285,-0.0855391541524384,0.0270714600145104,0.110468067142133,0.0110779245431536,-0.104187600843091,-0.152173806350048,0.0634460369182408,0.0214591649515555,-0.07724603784949,0.0599872232057736,-0.0212019176365225,0.0679623284136685,0.00079117206791813,0.0649958911047318,0.0786828068397207,-0.035619025917961
"22",-0.0890802079883359,-0.0126289938139046,0.0533827582319342,-0.0425321564943922,-0.0766885084037913,0.0749950300040155,-0.00142572471257567,0.0900619635566846,-0.181424437868667,0.134213769348807,0.129280532680912,-0.082431358097428,0.110428135338922,-0.0785365507247282,-0.0114771301491004,0.069171512463306,0.111134362249322,0.00159912519151422,0.0388391160034816,0.0943444489760951,-0.0773047114306839,1,0.01091485944852,-0.0443816449658224,0.0146108439784875,0.18342570256038,-0.0950346071850349,0.0890767921130342,-0.114867565116479,-0.0423557420465152,-0.153617012693208,0.0594359553957294,0.0955855458394394,0.110490061280421,-0.0896732885469829,0.141226759172275,-0.0839172186920325,-0.180884242794196,-0.0679771777175478,0.141647030335707,-0.0222833927360679,0.00326506933095771,-0.0237544880300708,-0.196338211050684,0.0177921682931883,-0.0114923340279172,0.0613760432257066,-0.0521739019063496,0.187249445654962,-0.0697266786637092,0.150437327467785,-0.0007438619030466,0.0463978104409915,-0.129683558388962,0.0303809459090767,-0.0525521394789194,-0.156511396946626,-0.0844958469396995
"23",-0.0380454356239065,-0.114936005232353,0.315143365468028,-0.111513925230273,0.161360587565905,0.127609412505377,0.0554577421578215,-0.0947280386289864,-0.145728212843373,-0.0340567787799737,-0.00306752329789617,-0.0920392963549936,-0.0615303732839233,0.17993846662052,0.120638416955708,-0.0424505966599885,-0.10781630102151,0.0330259561854338,-0.0745436987173779,0.105584327392927,-0.00209053548335844,0.01091485944852,1,0.103380851034809,0.0891123732904153,-0.0111829896111125,0.11077610440324,-0.0426932044449141,0.0675392286935734,0.0813095223135146,-0.0103264689758003,0.0151309268696554,-0.174957764757629,-0.0860860861683382,0.170360875682918,-0.137315712681218,0.0402852711886166,-0.0395138957333874,-0.161085224039606,0.0810989905459711,-0.108496300190891,-0.0413753621821946,0.0503185460682877,-0.100113322528757,-0.0387236063288815,0.0716429037689718,0.0486515846070947,-0.0320681159877942,-0.0767525300677855,0.124476605048636,0.0716918566029123,0.298769185644935,0.101204253169554,0.0718181945946066,0.174709474032509,0.0352832631296304,0.150850724437962,0.0535169032418701
"24",-0.103948860162086,-0.0837872488269919,-0.0630321095454123,-0.0519827334113197,0.124275864566432,0.077167828206012,0.0504518919073898,0.00260080485233482,0.158371846821865,0.0524841990255239,-0.25358368771583,-0.161975120201297,0.0388302064994687,0.0175074341771288,-0.064852883647724,0.174704732844059,-0.183245644932827,-0.00945899318615047,-0.00614818095613259,0.0495609829735553,-0.00662729822638839,-0.0443816449658224,0.103380851034809,1,0.239763051047873,0.0442347367447529,0.114080578699338,-0.002564327881108,-0.044761012357255,0.0144582736761178,-0.0680643191298509,-0.0369605495980139,-0.155580370826192,-0.113338994450199,0.133989408176006,-0.121655783246673,-0.0705815217199322,0.121377529791571,-0.130520157331907,0.0597451069924297,-0.00723750083085354,0.110260331602088,-0.114928332706772,-0.0794118100786908,-0.107535925287732,-0.00841592269359969,-0.0150157424945548,-0.0895844466141996,-0.065788132981147,0.00876299735313987,-0.159960555092148,-0.0679447104799937,0.0427433685602899,0.00754749242264025,0.0622173544830482,-0.0149061226323816,0.172350304582986,0.038926305651252
"25",-0.0631024869574799,-0.150718685233694,0.269167141976145,-0.0280373219050042,-0.0793513029296301,-0.132757995149252,-0.163206348843538,-0.00112895365265925,-0.0447417210843248,0.124840708513169,-0.00365845435042095,0.1319675586534,-0.00488273433729453,0.0457453709096143,-0.0284835603016485,0.14571312024875,0.100799003816954,0.213852764444074,-0.0140353973228681,-0.00918230891129128,-0.0833367679801445,0.0146108439784875,0.0891123732904153,0.239763051047873,1,0.114996460451413,0.0630571666957938,-0.0551053175702534,0.0180679674473888,-0.123261226676608,-0.0858473639000893,0.0493507237867913,-0.114118116994303,0.103242621900564,0.114722579929784,-0.0924554626354073,0.0808002041478649,-0.0148914160713448,-0.0742241480931552,0.111868639389177,0.121287682556646,0.126627313511201,0.10598825873807,0.0583807401529985,0.056063261117781,-0.0398172663357341,-0.00813025475156968,0.0182735999579209,0.0343450180438564,0.192223954328055,-0.164615433654494,-0.0299138738272069,-0.165432194465755,-0.113124475079484,0.00567613257643491,-0.192343751511148,0.0709592547663432,0.0455264287616385
"26",0.193151733544652,-0.0789928771059638,0.0256798925297709,0.0383860835547689,0.0221296741351142,0.0756529616998499,0.112136438956114,-0.0741388067072831,-0.186378944002019,-0.0813643660944062,0.0165497564957493,0.0912698572359997,0.155542573445956,0.16446044162718,-0.193238784208087,0.0988906033334764,0.0967300768968246,0.0698950738840083,-0.0304225246848028,0.0202121586118483,-0.0680462653820291,0.18342570256038,-0.0111829896111125,0.0442347367447529,0.114996460451413,1,-0.236618511890651,-0.0632598788544886,-0.116657248000002,-0.0421152308765481,-0.0329322177835316,0.117744153796307,0.131744105211993,-0.0295896924539677,0.102292840630338,-0.11343865053301,0.100391483414321,0.0462383651014685,-0.0520881783059163,0.13281922978889,0.114308031751416,-0.169131664736608,-0.0516204016289891,0.0601862266887764,-0.0179787790832086,-0.117236215202731,-0.11403689250554,-0.232885055736669,0.0124934326466722,0.0746289247626848,0.177521475475917,0.0471380094879163,0.0916955500448145,0.0507837437918861,-0.230547525735284,0.0222465373748269,0.0438682463852704,0.125691481967311
"27",-0.13784859621628,-0.0380482291725003,0.0564665650806133,-0.0402331250977789,0.123539255496708,0.0172574263582612,-0.0160874805864283,-0.0221861490665236,-0.0147373659066758,-0.00977621795420504,-0.0980208664222642,-0.13730741316853,-0.207929224890023,-0.171432964473783,-0.014130309479068,-0.187719271465101,-0.104510762378322,-0.0652141894938905,0.0333278890428603,0.167559909963923,0.144507175175886,-0.0950346071850349,0.11077610440324,0.114080578699338,0.0630571666957938,-0.236618511890651,1,0.00093128907107192,-0.0255438579804862,0.189493099523276,-0.031914829222697,0.140388483070396,-0.147752406996712,-0.0514073674934101,-0.0795190149866836,-0.141257590346432,0.0205974050913896,-0.00647916595800461,-0.103498495495928,-0.00931968345167114,0.0661371485245713,0.0209346425247794,0.0438157197957936,0.167800855392711,-0.208919177229122,-0.0827515710916334,-0.13133416392624,-0.111198224165701,-0.197822100720075,-0.114857697384955,-0.0959259381217391,-0.033036010964377,0.0615041527598383,-0.0117745512704432,0.0979394661008771,-0.0450294618204986,-0.102313901444957,0.0188172099321186
"28",-0.0559329468750553,0.0298501550623192,-0.00966554092955447,0.124213020498808,-0.178081742786197,-0.0455920268448694,-0.0397856497628515,0.0678004293195848,0.016828131956479,-0.0598828030925376,-0.0969383750574433,0.0765250154564586,0.129951636677749,-0.220592096465359,0.108185603142124,-0.0205711329319092,0.089341751620011,0.0900918231517868,0.0533227154101841,0.0549464515382639,0.0698087708955424,0.0890767921130342,-0.0426932044449141,-0.002564327881108,-0.0551053175702534,-0.0632598788544886,0.00093128907107192,1,-0.0139793952869899,-0.0362973629379146,0.0410689324402933,0.0846451566958965,-0.00270930755332596,-0.0551147010911007,0.0101143300849801,0.134967744307326,-0.155935923504989,0.0908482698692786,0.0248468691784201,-0.075029092254719,-0.149364789296128,0.0243518556686052,-0.0523875151446555,-0.0315879003947933,0.0593264807664924,0.0419933094857483,0.154506656979984,0.16981671893107,0.161652209540526,-0.102592006977806,0.0715430679558179,-0.0692385549515459,-0.0263140040952955,-0.126822952181732,0.210050793912624,-0.203783336629482,-0.0467738557655427,0.0105477047167532
"29",0.0443227153703288,0.0453176492332415,0.144006719919792,-0.0648094992708614,-0.101500455380036,0.0576927598607469,-0.0724239497505354,-0.0923960617080267,0.0334624427004887,-0.0265140560327751,0.0261765752936215,-0.104371854496692,-0.16076463176918,-0.0580871266776705,-0.0699203252579931,-0.175008816989687,0.170772988506255,-0.0507414700049473,-0.0031284095459337,-0.19453994243106,0.0318579452372946,-0.114867565116479,0.0675392286935734,-0.044761012357255,0.0180679674473888,-0.116657248000002,-0.0255438579804862,-0.0139793952869899,1,-0.0883911574504194,-0.0390168940741488,-0.227998824205872,0.0129848797912783,-0.0499749286476789,-0.153962835141386,0.0332789014452681,0.0370118488249954,0.00671776860150401,-0.0627486408043731,0.0263133942403836,-0.0149464972856107,0.0470083618138495,0.0177876756067728,-0.0969329263911964,-0.101591418133355,0.106567618390613,-0.080542175891411,-0.00215710980894156,-0.119744541909606,-0.139514573314171,0.0817874312887035,-0.0366418939520976,0.0433953395439314,0.115749001582667,-0.0660549526185913,-0.0160308357772541,-0.0550088557760839,0.00071426167036416
"30",-0.0156049939826109,-0.0443256192303091,-0.226399060835301,-0.0821288143315911,-0.121890613905838,0.140648624866923,0.0887571969572789,0.203248571055415,0.00138031597589226,0.0699730094178233,0.0114730288619247,-0.0167471309630192,-0.205451920160585,0.0697308953362762,0.136205793065505,-0.0577455071648399,-0.0773440602673847,0.0467617726886881,0.110335807824874,0.0486346140516754,-0.0628799688825209,-0.0423557420465152,0.0813095223135146,0.0144582736761178,-0.123261226676608,-0.0421152308765481,0.189493099523276,-0.0362973629379146,-0.0883911574504194,1,-0.0427045686596348,0.0751884275994178,0.00266068869620776,0.00313911097446915,-0.160151619966179,-0.041574462017997,-0.14185670911431,0.0901476587416205,0.00254552519753412,0.020029799211644,-0.162640928730911,-0.105556023643495,-0.0597352784513437,0.116733213600125,-0.0584722410828543,-0.139414236480766,0.0216760258135959,0.0697224024700695,-0.239367156784587,-0.0167661636679497,-0.0958620388430617,0.0290429871819233,0.0185406363957735,0.222702865494964,-0.0192680091518212,-0.106810134616403,0.0659289800927889,0.0835000584205854
"31",0.033825497541649,-0.148984267416617,0.056751394323415,0.160339457111177,0.0327574030702078,0.00341437843032601,0.0571587580613465,0.0405445533829395,-0.0474063895848846,-0.0206466715109539,-0.229287633988187,0.169844497804673,-0.0719892549693813,0.115063204685717,0.0532620366476704,-0.030481394800958,0.075504058932754,0.0293291794352895,0.338735676341521,0.107897944525133,0.0836765742554798,-0.153617012693208,-0.0103264689758003,-0.0680643191298509,-0.0858473639000893,-0.0329322177835316,-0.031914829222697,0.0410689324402933,-0.0390168940741488,-0.0427045686596348,1,-0.0533419081342947,-0.0126815065924106,-0.0894285052386902,-0.0253116460927254,-0.0481966032804762,-0.0299875419118655,0.0247484429939609,-0.0238983399944732,-0.172136167109032,-0.0519483651089998,0.0101814683861387,-0.0537886827510424,0.103360877663802,0.225476909415177,0.254117318005194,-0.0295949932672933,0.108356299337075,-0.108023721648115,0.0423592465221899,-0.145714294427008,-0.00253236211299998,-0.078052163314604,0.0451638327776393,-0.0219180769217365,-0.0274453841457436,0.116354332624212,0.0948855739281263
"32",0.0724520101549213,0.0966962598745927,-0.0278905694054175,0.0819650284676483,-0.0833706142507618,-0.0562823473767175,-0.151654404152093,-0.0750885874164612,-0.109875484494441,0.175442454429482,0.219397313969818,0.131140306815416,0.132508967358445,0.151897373249042,0.0361073798643251,-0.0177737510528901,-0.0512346433278312,0.030429964486722,-0.0462013484736855,0.315553950390321,0.00611322515721973,0.0594359553957295,0.0151309268696554,-0.0369605495980139,0.0493507237867913,0.117744153796307,0.140388483070396,0.0846451566958965,-0.227998824205872,0.0751884275994178,-0.0533419081342947,1,0.147908447040337,-0.064812098441665,-0.101804870020193,-0.0581334082263407,-0.0212813098024779,0.0467529400794791,0.0254994460946328,-0.0450046699002048,-0.0878743110291164,-0.177911514468442,-0.0367422865672536,0.126868150060453,-0.14133724057514,-0.093679836311903,-0.0852780081364889,-0.144366612638623,0.0151186479519644,0.0120665919029554,-0.0619657726736764,-0.0693384228940285,0.0784312995719816,-0.106157754128481,0.13728297647772,-0.113875952875104,-0.015804306554185,0.100236526549054
"33",0.0134207029604377,-0.0473600663471994,-0.132083970770294,0.00432820779704313,0.00589024381669846,0.0756732940124783,-0.0994172779313487,0.0028000637823678,-0.110652228083854,0.0599308308016236,0.0349083195399543,0.152494700179654,0.22110496078509,0.198976682837513,0.129206038516575,-0.00380749097858929,-0.0319415040288046,0.00385614542203802,0.0724134029198455,-0.0893384427583541,0.188925062143387,0.0955855458394394,-0.174957764757629,-0.155580370826192,-0.114118116994303,0.131744105211993,-0.147752406996712,-0.00270930755332596,0.0129848797912783,0.00266068869620776,-0.0126815065924106,0.147908447040337,1,0.0250428241012617,-0.138474581999695,-0.0700903822171534,-0.172029942309555,-0.277801688205976,0.303585729301866,-0.0167386105910142,0.1812209369452,0.173745311312296,0.121380040114519,0.0978518759035903,-0.105088735097143,-0.130349239146126,0.00405539797186073,-0.0183697629892657,0.159085742245562,0.197831158623419,0.0870742329697114,-0.123259992752978,0.0298155727570962,-0.0283081890736304,0.00392407195182556,-0.104402060067688,0.00588775492762859,-0.0186752879472589
"34",-0.12366732077363,-0.0645726774921842,0.0870049428910304,-0.0579897430449076,-0.0893614232779571,-0.111721303378867,0.0462206791986548,0.00030816797727756,-0.0320579684920791,0.0407440917394757,0.156209217471195,-0.140675736404052,-0.0040960100381919,-0.078752774696651,0.0253583413716077,0.430178442382083,0.102827538158302,0.0598723834786175,0.160112669696052,0.0320142953008041,0.259271888587866,0.110490061280421,-0.0860860861683382,-0.113338994450199,0.103242621900564,-0.0295896924539677,-0.0514073674934101,-0.0551147010911007,-0.0499749286476789,0.00313911097446915,-0.0894285052386902,-0.064812098441665,0.0250428241012617,1,-0.0316751674550752,0.00352670269252169,0.0480840371711475,-0.0116750111525295,0.00419129586872266,-0.0387631763942814,0.0352420553848393,0.0449151782450397,-0.163675087421204,0.0428740604968142,0.177414713461194,0.213040243998186,-0.00928881598299109,0.0282251027900553,0.09347203947746,0.153935636127044,-0.125371303828702,0.0590613080784135,-0.211103828997056,0.0372922663889833,-0.0460570879121191,-0.0700132113034211,0.0603705612227833,-0.29666008330032
"35",-0.101309171744954,-0.0481873030110148,0.059883688264764,0.211850429375016,0.0871220122294191,-0.0627322472803563,0.206987565318693,0.179615398857154,-0.192238095300664,0.089422196424679,-0.144812019131325,-0.0519236977307227,0.110963358163384,0.00129716652696659,-0.119818019085135,0.142703992839944,0.00568134207684946,0.164384473923027,-0.112717413506428,-0.106292612151962,-0.0585675440546767,-0.0896732885469829,0.170360875682918,0.133989408176006,0.114722579929784,0.102292840630338,-0.0795190149866836,0.0101143300849801,-0.153962835141386,-0.160151619966179,-0.0253116460927254,-0.101804870020193,-0.138474581999695,-0.0316751674550752,1,0.204605447293598,0.300150259417422,0.219175060647105,-0.0863347984213494,0.0180535430787388,0.0597532786348089,0.0683005498069199,0.0548991881377057,-0.0286091443058101,0.098206967808813,0.00850222289571925,-0.0784039126428027,-0.167961045761278,0.160361287614425,0.197612188648999,-0.0476523399098948,0.00513809866205943,-0.0591164615682935,-0.0495453854314634,-0.0528318854665931,0.0361059997880916,0.100899280480539,-0.124972053247635
