"","l_Insular.Cortex","r_Insular.Cortex","l_Amygdal.Area","r_Amygdal.Area","l_Bed.Nucleus.of.the.Stria.Terminalis","r_Bed.Nucleus.of.the.Stria.Terminalis","l_Hippocampus","r_Hippocampus","l_Orbitofrontal.cortex","r_Orbitofrontal.cortex","l_Entorhinal.Cortex","r_Entorhinal.Cortex","l_Frontal.Association.Cortex","r_Frontal.Association.Cortex","l_Globus.Pallidus","r_Globus.Pallidus","l_Glomerular.Layer.of.the.Accessory.Olfactory.Bulb","r_Glomerular.Layer.of.the.Accessory.Olfactory.Bulb","l_Glomerular.Layer.of.the.Olfactory.Bulb","r_Glomerular.Layer.of.the.Olfactory.Bulb","l_Granule.Cell.Level.of.the.Cerebellum","r_Granule.Cell.Level.of.the.Cerebellum","l_Hypothalamic.Region","r_Hypothalamic.Region","l_Entorhinal.Cortex","r_Entorhinal.Cortex","l_Vermix.Molecular.Layer.of.the.Cerebellum","r_Vermix.Molecular.Layer.of.the.Cerebellum","l_Lateral.Molecular.Layer.of.the.Cerebellum","r_Lateral.Molecular.Layer.of.the.Cerebellum","l_Anterior.Olfactory.Bulb","r_Anterior.Olfactory.Bulb","l_Posterior.Olfactory.Bulb","r_Posterior.Olfactory.Bulb","l_Subiculum","r_Subiculum","l_Perirhinal.Area","r_Perirhinal.Area","l_PreLimbic.System","r_PreLimbic.System","l_Primary.Cingular.Cortex","r_Primary.Cingular.Cortex","l_Primary.Motor.Cortex","r_Primary.Motor.Cortex","l_Retrosplenial.Cortex","r_Retrosplenial.Cortex","l_Secondary.Cingular.Cortex","r_Secondary.Cingular.Cortex","l_Secondary.Motor.Cortex","r_Secondary.Motor.Cortex","l_Striatum","r_Striatum","l_Ventral.Tegmental.Area","r_Ventral.Tegmental.Area","l_Substantia.Nigra","r_Substantia.Nigra","l_Thalamus","r_Thalamus"
"1",1,0.19873377598001,0.0822209863385085,0.076869664199255,0.0874280965022634,-0.0954511795601879,0.0467024850342293,-0.0285291827614918,0.169729932234712,0.1490228048197,0.228462973295409,0.239839155946735,0.0413236671225025,0.054967016465457,-0.114088903932843,-0.0877342354702582,-0.0191310790731248,-0.237524049645306,0.065199638717601,-0.0240003913480895,-0.134588100567693,0.12284282277013,0.0669185859734816,0.163886244200083,-0.0337548037580248,-0.0510116184818437,-0.0254383654490513,0.094229788863287,-0.153584973321601,-0.114440241682307,0.0723155168743557,0.045265750558855,-0.0373497197057442,-0.0688897184468577,0.0273302232222339,0.0711430460546605,0.264786922138484,0.136902029336785,0.0311194227621496,0.0889057308160209,0.00411582533070163,-0.0500349735580223,-0.0770890784075871,-0.168141985765543,0.123539330965775,-0.208953733708497,-0.0312163919951565,0.00036145164013926,0.0375803298211438,-0.103462470958368,0.0559388221671097,0.0872341176765443,0.233881432545636,0.0213422029373521,0.0444473187865539,0.123229634505866,-0.0995428637438584,0.216448865356009
"2",0.19873377598001,1,-0.055492690415004,0.174167780602151,-0.063407919550786,0.0541882269798647,0.0552141269157512,-0.0227300052681482,-0.133745892848241,0.141503467283708,0.0440612323163546,0.221302431697885,0.140149143675528,-0.0820254283844288,0.0137807463181566,0.0725693008404297,0.0781383471397799,-0.141037082741376,-0.0475960177067351,0.082249589720026,-0.0200397324771404,0.0580416871169956,-0.0188624069726812,-0.021282208851201,0.150801512672873,-0.00055098166784419,0.104327636868337,-0.128822524388284,-0.117571135226556,0.104064791852731,0.145006519622749,0.186464182200935,0.0502727173080747,0.116153308743539,0.0913790940294632,0.0775637242396141,0.220349301946718,-0.0053693720896136,0.269450997475562,0.0301397077269258,0.126290382327502,0.0758623005929205,-0.167922301024289,-0.204978198683176,0.105394223560903,-0.0293464622262782,0.257683608396621,-0.0362914150716576,0.0155316257292241,-0.153780395419092,-0.0603173936286722,0.0419963870111272,-0.00770155424773399,-0.0693332602102946,-0.106412136427826,-0.134250953380199,0.00757144900162019,-0.0528413402346891
"3",0.0822209863385085,-0.055492690415004,1,0.010141856232814,-0.0267556806172874,0.212151162333595,-0.0543486630459488,-0.0657690566043599,0.0681804879552702,0.0754249483934109,0.0118740495508386,-0.119326167750805,0.0101492372709587,0.0482703961401533,-0.066622475591249,-0.0384408091548767,0.0360168504409642,-0.0404864747696411,0.121222642453346,-0.00713528740096171,0.152516884372196,0.0907062971906828,0.00448039461830662,-0.0226365896931383,0.117946774173074,0.0262333417752879,-0.107215403697853,-0.086250527612574,0.157612090922508,-0.0590798300381712,-0.0692932336178187,-0.0485177328984758,-0.0469337646761265,0.00087807353708151,0.0552025887941959,-0.0972688810721859,0.0145909743355399,0.0329737745156501,0.114685752180604,-0.055767628834083,0.0891357960344754,-0.0264589260085012,0.0800216425851189,-0.104576761006362,0.0732137257578754,-0.0126157958436551,0.0514155612010773,-0.109742058826039,-0.0714115156731835,0.00770018536654438,0.0648749566060923,-0.126886596755683,0.11479279197996,0.00150462502384787,0.18539794239149,0.0561291549925285,-0.0697012289447907,0.127883793521364
"4",0.076869664199255,0.174167780602151,0.010141856232814,1,-0.119932778191836,0.057375322352689,0.219787391496095,-0.0111240344846267,0.121372912323801,-0.0304710504602462,-0.12622610069251,0.24623391678913,0.169407792325158,-0.0871981154054282,0.103870395784453,0.03085075417885,-0.2297721311634,-0.0813617131296031,0.0196540880971974,-0.0373607040282271,0.033596177981712,0.124654968110624,0.0090667489381875,-0.13648351118271,0.0712245746145026,0.0239710179638204,0.0346490330275323,0.0228714936653343,0.0572308064026918,0.136992249554802,0.158372992377654,0.306053600450062,0.0974616383045113,0.11433291305856,-0.102604481856045,-0.247758823047408,0.0782613230769341,-0.189175462154437,0.147253174440762,0.0721257266464524,0.0562754470990326,0.0221862141194386,0.0213542732023845,-0.11982860624251,-0.0792584682506507,0.221911200625546,-0.0238609621668259,-0.101657558623902,0.0311487511353778,-0.131876705377804,0.119761281076732,0.0564313568054519,0.0876262766667011,0.0384787181166148,0.1116402561612,0.134063970018581,-0.0288562486678159,-0.0724705806793169
"5",0.0874280965022634,-0.063407919550786,-0.0267556806172874,-0.119932778191836,1,-0.101909401588516,-0.219124969444457,-0.228481981468336,-0.0127331794422576,-0.0643449602070346,0.0141402065146664,-0.028975149453327,0.138593340840557,0.127854550132763,0.113442363511704,0.125079321805084,0.03834514109577,0.0444659112156786,0.0655800517168431,-0.0435103369178182,0.186392854838824,-0.173579537152637,0.122861025254759,0.0358449546882583,-0.0755220367258641,-0.0881263516831415,0.0911894416808057,0.0375494215464666,-0.20673971781366,-0.0790307471139945,0.147184219945224,0.0257186443447856,-0.0319567369334333,0.124022740361016,-0.0109894803208555,0.0155230758681557,0.162521150777063,0.0859025920217301,-0.0126237675459938,0.0399978243531997,-0.150756192614757,-0.0585482097176866,-0.103485294209632,-0.0692724825156061,0.131860213095603,-0.0327430023362375,-0.0610866803042212,0.05952574976568,0.0980117451616419,0.0958300886950388,-0.0401187902956056,0.124750188774017,0.0820650955623282,0.102779774119175,0.146528625436026,-0.00647187819799002,0.0331032699455097,-0.0118580086761874
"6",-0.0954511795601879,0.0541882269798647,0.212151162333595,0.057375322352689,-0.101909401588516,1,0.0485200835400403,0.0546396362715377,0.0280945484872178,0.173298794289805,-0.0335595541704465,-0.135391167611173,0.0219929306792282,-0.11578375923902,0.063779283185371,0.0661533530994873,0.0825819651908464,-0.208554690146014,-0.0580139057892341,-0.0178077726245118,0.0414933666148171,0.213433177859973,-0.0060380253689692,0.0519676411260064,0.21937880595966,0.0107758120198107,0.0563415337237211,0.0516651286047141,-0.018757999588253,0.0314865943306938,-0.00340541897539224,-0.0517471097153731,-0.191713829552409,0.135781563188593,-0.135356027786172,-0.065880000527876,0.00570341489560295,-0.0309811902830888,0.116126504688713,-0.0212830820524088,-0.122037852725938,-0.094699816162644,0.146455390959652,-0.00735624027036038,0.00795391966005258,0.0290873311247533,0.0711504456219513,0.0434874943276964,0.0405362609486526,-0.31206578862138,0.0216339470764819,0.158462183469032,0.113160593784711,-0.141663410250845,0.120539881672899,0.0528301225702838,0.11909858250788,-0.0543752337124414
"7",0.0467024850342293,0.0552141269157512,-0.0543486630459488,0.219787391496095,-0.219124969444457,0.0485200835400403,1,0.252823709037646,0.0001865599235173,-0.10206547168491,-0.105260278302153,0.21839195934262,-0.00742760943263336,0.0328766354033274,-0.112351932804761,-0.0851403653453145,0.131647360227813,-0.0322769659537429,-0.0298413617336214,0.0553750697200247,0.0700489237953323,-0.0885469502481945,0.07896061560552,0.235525694236681,-0.0911941089084746,-0.0431467429975286,-0.161973911216302,-0.0299751194511176,0.0606907269409686,0.05858897584493,-0.0688501777399288,0.10228200867292,-0.0628199778734015,-0.00882899371898326,0.331378729425948,0.151199940118475,0.0151792605599315,-0.0856822822077978,-0.0390605781174178,0.134239267583542,0.0542946530811153,0.0179872330219713,0.0441227667456475,-0.0529781433482936,-0.0952861635640031,0.109834421164885,0.0130192742878676,0.0463156468001251,0.0472424231725221,-0.0166235297181275,-0.0399133433891935,-0.191790086285014,-0.019792577895649,-0.00261786788173985,0.027585582176499,0.115500696117031,0.106616776033457,0.21457907898517
"8",-0.0285291827614918,-0.0227300052681482,-0.0657690566043599,-0.0111240344846267,-0.228481981468336,0.0546396362715377,0.252823709037646,1,0.0146810697373462,0.124923044709434,0.139572978953179,0.0154251762974495,-0.0273706856420263,-0.258680339493871,-0.00054697374960411,-0.0292978808600852,0.0527594792714936,-0.00587394044169404,-0.01506371023071,0.00591909573834846,0.0176418846102773,-0.0554328425467219,0.0369239137185532,0.096149240897265,0.176810619423668,0.222237220570013,0.0298592226036849,0.0591550360064918,-0.0734338717084977,0.0965295247594777,0.0263370356048073,-0.121417161263126,-0.00019195717723173,0.0306645879661868,0.00826861261318441,0.235601749826131,-0.0533390382888212,0.00195017013067599,0.0155575205674379,0.20062442184952,-0.0214763380122156,0.108444116973615,-0.0340433888974076,-0.0477684364044665,-0.274429195647532,0.00927979470232252,-0.00724148404880308,0.0300866244581364,-0.0261496405115929,-0.0575759582096509,0.0144712134389905,-0.0847966214324957,0.110073265251713,-0.0315449702509724,0.0241214946165106,-0.038059745494182,-0.0585931503880325,0.0693574187140865
"9",0.169729932234712,-0.133745892848241,0.0681804879552702,0.121372912323801,-0.0127331794422576,0.0280945484872178,0.0001865599235173,0.0146810697373462,1,0.153254937938218,0.00749012182838519,0.133063479095669,0.104602194930618,-0.0470610365982856,-0.0327348339933147,-0.198011267787021,-0.0566669795646352,-0.0616420175481243,0.0598414108061168,0.116264064307689,-0.121807724035925,0.168842388475843,-0.0518830704947683,0.037062823688439,0.0567169019581117,-0.0530083961175189,0.0336861607565612,0.14764045036056,0.0703935772873726,0.132703136890019,0.171824584877309,0.107854981887976,0.0512565393946372,0.0290701498246966,-0.132254384447314,-0.0703943087129597,-0.0124211098312097,-0.107772149121638,-0.00415637190415213,0.144511592457834,-0.184029520234476,-0.171575230826835,0.150674442759279,-0.0651024588507937,-0.0491296576623171,0.0478180396309045,-0.0560946163574409,-0.0424638799509495,0.133978931756696,-0.164081181659564,-0.0412108065880802,-0.110538029745251,-0.0233391463984571,-0.114001276635896,0.0764605337684763,-0.108033667665744,0.0259033648557234,0.14078994784013
"10",0.1490228048197,0.141503467283708,0.0754249483934109,-0.0304710504602462,-0.0643449602070346,0.173298794289805,-0.10206547168491,0.124923044709434,0.153254937938218,1,-0.0994394688767124,-0.214367245180875,0.112371489041959,0.0820495806116951,-0.167089930813998,0.165494625706132,-0.169349470561917,0.010910593697486,-0.102625417378969,0.1880586672494,-0.0215798624621794,0.28274413965914,0.101033132001857,-0.0336788913625655,-0.00542307263777226,0.116786168859881,0.0879488008137148,0.0248862978515116,-0.14351493173035,-0.0587284495569065,0.0753629225207468,0.145291213106481,-0.135658031853289,0.112969106413655,-0.133757355136931,0.164675528195595,0.0841424348692879,0.116798980677531,0.0173396622029457,0.0574266314762534,-0.0685434894907462,-0.135673518896298,-0.179939762321047,0.0533209906095371,-0.0864099074233694,-0.200070615536487,0.130242150477998,0.0363320232215696,-0.0636648347339585,0.0569184796534611,-0.0989973340122705,-0.0876405503449027,-0.00092163760995625,-0.070657730737481,-0.138326720701342,-0.167852324126259,-0.134745470047037,-0.146942512134404
"11",0.228462973295409,0.0440612323163546,0.0118740495508386,-0.12622610069251,0.0141402065146664,-0.0335595541704465,-0.105260278302153,0.139572978953179,0.00749012182838519,-0.0994394688767124,1,0.187848814820983,-0.104856378440191,-0.0172010551872868,0.0682644544776646,0.00790554127303417,0.0375842191537393,-0.0449310558168982,-0.0986039258703807,-0.0377192427404682,-0.129430672671418,-0.050941717248095,-0.0697456382825857,0.0830027226521346,0.204038058547358,0.179886934090818,-0.0618982966809119,0.00398060520569135,0.0217065609399422,-0.0781135280707786,-0.0702374376299777,-0.00187177342428327,-0.0413959727937702,-0.0855995334414657,-0.0605618081830397,0.051901352239495,-0.137675415601085,-0.00335330871986227,0.0546028453213393,-0.0151566156918151,0.104466568917508,0.176238127562972,0.210382929927151,0.0643548854197029,-0.0455304965773237,-0.0823107219861263,-0.00368220229648784,-0.0728201605054418,-0.0553759165351446,0.0437600395579396,0.0992163936367037,0.0415696282107207,0.053977232109676,-0.165872568818069,0.122573744009966,-0.200625845363972,-0.0186648949157024,0.0197182535598129
"12",0.239839155946735,0.221302431697885,-0.119326167750805,0.24623391678913,-0.028975149453327,-0.135391167611173,0.21839195934262,0.0154251762974495,0.133063479095669,-0.214367245180875,0.187848814820983,1,-0.0284309118605033,-0.0726293234732709,0.0605358659546465,-0.0608246259170342,-0.0701232828049006,-0.172915216596861,-0.0303443987546887,-0.0239067627443306,-0.16230786213647,-0.0384280290340907,-0.051455098863896,0.148411413435472,0.113040725013071,-0.117532845113128,0.0279213906289089,-0.249782514390815,0.0193053986817296,0.106405389884127,0.011954125014254,0.104751908331952,0.162039547398309,0.179700637239667,-0.0614533905816468,-0.0285057054278706,0.0316086061627827,-0.0909616231667457,0.18928048641507,0.294893783640699,0.125555956982292,0.287930714898797,-0.0143432467448184,-0.189725765224123,-0.00374783568755693,0.192623075901622,0.0154474961534383,0.184740413189385,0.0467925815597116,-0.0385906627819348,0.0293832433195957,-0.0717818275783705,0.0396921411010981,0.13408017597174,0.00572562704827151,-0.040151351712529,0.170927040488927,0.186503120158627
"13",0.0413236671225025,0.140149143675528,0.0101492372709587,0.169407792325158,0.138593340840557,0.0219929306792282,-0.00742760943263336,-0.0273706856420263,0.104602194930618,0.112371489041959,-0.104856378440191,-0.0284309118605033,1,0.152572986955798,-0.0899880092802491,-0.0548947410922348,0.104969288864652,0.0705120707764878,0.00692761008718334,-0.0160947450279774,-0.0887721646432318,0.0766965921585664,0.017522650989581,0.13261342159222,0.0797516724383606,0.00460981752615403,-0.0207979550431724,-0.0479872000771816,-0.084633129975713,0.0342468799544971,0.0336635763096922,-0.0626958072720667,-0.109824628058745,-0.0698222952076578,-0.0894453375700499,-0.00841783972810633,0.0913225038883722,0.128855288848187,0.0254402493079211,-0.0374121544432217,0.0180270357137466,-0.204621975467101,-0.0738417014726736,-0.157481841174639,-0.00260700747557306,0.0244654712331918,0.0155935318396336,-0.153801646279392,0.597377386842106,0.0671797221578098,0.0366370274255374,-0.101892924131704,-0.024237057119725,0.105111489286507,-0.0864882313107547,-0.0457223821786745,0.0125362103703479,-0.106718117613648
"14",0.054967016465457,-0.0820254283844288,0.0482703961401533,-0.0871981154054282,0.127854550132763,-0.11578375923902,0.0328766354033274,-0.258680339493871,-0.0470610365982856,0.0820495806116951,-0.0172010551872868,-0.0726293234732709,0.152572986955798,1,-0.187395462432012,0.0650259162080772,0.124624240103053,0.401189884957634,0.0010313800586273,0.0287326398276235,0.08859337425702,0.0254951557326939,-0.0991926038868313,0.0261147254479949,-0.0713396599111457,0.0774011646647957,-0.0217900758009209,-0.0605735646045252,-0.0945171855824254,-0.151665884060979,-0.279381067223375,0.0529947067300037,-0.215229205330256,-0.0984348570686726,0.0335758292825393,0.0826655511630684,0.0583183612130247,0.0806596419851991,-0.111539044071782,-0.131350894816892,0.149752797615426,-0.114552172607941,0.0817854035071415,0.0170607240798539,0.256788703351697,-0.00098801757978897,0.102504818372362,-0.106274416120852,0.129762417839857,0.36841968042689,-0.0308069214286887,-0.0449576911558638,0.0663319534219212,0.0606966499075711,0.0973842979367399,-0.0952034781872014,-0.0250373081033076,-0.0286832480857238
"15",-0.114088903932843,0.0137807463181566,-0.066622475591249,0.103870395784453,0.113442363511704,0.063779283185371,-0.112351932804761,-0.00054697374960411,-0.0327348339933147,-0.167089930813998,0.0682644544776646,0.0605358659546465,-0.0899880092802491,-0.187395462432012,1,-0.0681545117735154,-0.0148193434388763,0.0954453101949614,0.184211802937712,-0.00391523419394204,-0.0542965869399306,-0.0694201001921148,-0.0418824232121312,-0.0655069294955624,0.0848969471104907,-0.137111217528543,0.00384531622399493,0.0359056295221197,-0.0332293220240612,0.151206594038186,0.115371817501338,-0.0566995149642727,0.30246291862952,0.0732492515546491,-0.0553982673211516,0.0409540333555129,-0.0288647028835126,-0.0133408482984016,0.10817215871987,0.181122319995607,0.08357153445133,0.0746176606369004,-0.0228427486684022,-0.0726979063054801,0.0421176800322711,0.0997076966687793,0.0251115265006663,-0.114059155639155,0.0234276333119954,0.00771099701834507,0.16529217400917,0.14594920901905,0.0782956392619676,0.194748416450018,0.00663195693611258,-0.102612119469572,-0.0133932097687624,-0.0368419747412726
"16",-0.0877342354702582,0.0725693008404297,-0.0384408091548767,0.03085075417885,0.125079321805084,0.0661533530994873,-0.0851403653453144,-0.0292978808600852,-0.198011267787021,0.165494625706132,0.00790554127303417,-0.0608246259170342,-0.0548947410922348,0.0650259162080772,-0.0681545117735154,1,-0.11664369978117,-0.133803806615489,-0.207036960380303,-0.0368726516987506,0.105078655621023,0.0254487863234276,0.286814070856329,-0.186330117657855,0.10418851291186,0.158586876253168,0.123765382433768,-0.030336265066392,-0.112881236865813,-0.0895330309641178,-0.135260266102778,0.0970843832457686,0.0269840265889971,0.100269116405863,0.118734970499003,-0.0691962769375218,0.140000230834939,0.160600465434783,0.187084928145758,0.020436235015273,0.063003617676513,0.103801985657588,-0.0743569341743893,0.152212338445842,-0.0599251437081908,-0.0273893697286568,0.0930517886640804,0.208194939688076,-0.165155809196528,0.0771875316739135,-0.0663366201934326,0.170210416776207,-0.071370308638959,0.0566208785263186,-0.133062857044922,-0.108108867473108,-0.0175291667379496,-0.129867323928187
"17",-0.0191310790731248,0.0781383471397799,0.0360168504409642,-0.2297721311634,0.03834514109577,0.0825819651908464,0.131647360227813,0.0527594792714936,-0.0566669795646352,-0.169349470561917,0.0375842191537393,-0.0701232828049006,0.104969288864652,0.124624240103053,-0.0148193434388763,-0.11664369978117,1,0.23570734913474,0.264379538586356,-0.0269259588223784,-0.030393418837681,0.00669000904519581,-0.132022534708459,-0.00641760438851759,-0.0735193206080188,-0.0961551860733687,-0.026907885953026,0.0288322231187558,0.0259173101911052,-0.0604501869182422,-0.101736777336725,-0.115206449073514,-0.0771299265244645,-0.025046367559632,0.21149747926723,0.0604693291627405,0.196397387791335,0.0542402669397063,0.0069445209846094,-0.11302500576917,0.0339393894354522,-0.117687548265822,0.0951489787927009,0.0668570404671711,0.307514940932268,-0.0344530327077774,-0.0327088828252277,-0.0912810236185123,0.270100234086322,0.144063858192827,-0.100006965013538,-0.135900787286731,-0.0313339245904083,0.0406915461199,-0.198314243218552,-0.0302934118549049,0.077451829821442,0.0627802379821994
"18",-0.237524049645306,-0.141037082741376,-0.0404864747696411,-0.0813617131296031,0.0444659112156786,-0.208554690146014,-0.0322769659537429,-0.00587394044169404,-0.0616420175481243,0.010910593697486,-0.0449310558168982,-0.172915216596861,0.0705120707764878,0.401189884957634,0.0954453101949614,-0.133803806615489,0.23570734913474,1,-0.016147298999177,-0.0115871860692245,0.169618747735623,-0.0788713032427341,-0.175657655214661,-0.0758399838494374,-0.0947922432704477,-0.0579938889732028,-0.137901571488943,-0.0209887415621989,-0.0211528159891483,-0.054384443772045,-0.245219845284792,0.0231087930638751,0.0388514520991971,-0.100696765010626,-0.00992571174177661,0.124366830860901,-0.156745902301714,0.177878099555534,-0.0324626690471969,-0.0979459011873796,0.221633229778413,0.0570968676122159,0.069270284768487,-0.0490581011903427,0.0543202040993178,0.116240826367603,0.172003636685092,-0.0476259365651099,0.160883508254356,0.487241057143436,-0.0303966022207574,-0.193860567229665,-0.0333090907287004,0.00328350884292088,-0.0351420342552785,-0.298491150075979,-0.0187761258547889,0.0112200683227586
"19",0.065199638717601,-0.0475960177067351,0.121222642453346,0.0196540880971974,0.0655800517168431,-0.058013905789234,-0.0298413617336214,-0.01506371023071,0.0598414108061168,-0.102625417378969,-0.0986039258703807,-0.0303443987546887,0.00692761008718334,0.0010313800586273,0.184211802937712,-0.207036960380303,0.264379538586356,-0.016147298999177,1,-0.118813265453721,-0.10103827948953,-0.041017337181344,-0.00829318623664671,0.0505456196730961,-0.136627572421317,-0.0664608407771563,0.0178096562173581,0.131217688170298,-0.031556741471214,0.114150807113913,0.318409102970273,0.14364016601128,0.09764064059101,-0.123701242674315,0.0949432306447484,-0.18238157341946,0.19611159182073,0.0669715843903453,-0.100498233224808,-0.0295073378512823,-0.18123536792706,-0.126867076104493,-0.0686035452631953,0.012523615148617,0.275629885170456,0.165415696496647,-0.272562365532725,-0.212965939000513,0.186051232927227,-0.029111225797202,-0.0561977905576862,0.056862014973979,-0.0671041597532055,0.202591072046083,-0.121337674682646,0.089357169550245,-0.0478235245526245,0.186480238156603
"20",-0.0240003913480895,0.082249589720026,-0.00713528740096171,-0.0373607040282271,-0.0435103369178182,-0.0178077726245118,0.0553750697200247,0.00591909573834846,0.116264064307689,0.1880586672494,-0.0377192427404682,-0.0239067627443306,-0.0160947450279774,0.0287326398276235,-0.00391523419394204,-0.0368726516987506,-0.0269259588223784,-0.0115871860692245,-0.118813265453721,1,-0.131768658876652,-0.0680153041431694,0.181678328867152,0.0258024044797747,-0.0183568572162507,0.083486675843716,0.0099913117640528,-0.335608482204721,0.0550426144121934,0.0791972435898045,-0.0291139237593275,0.1828075848633,0.0918090219180423,0.137139828133397,-0.0982157028930768,0.156905725105743,0.0147050403146316,0.0786147330231775,0.141328513527848,-0.00147364324940094,0.0237834010224686,0.0482602079429952,0.165205387935713,-0.0240474908159816,-0.126630399842656,-0.0991106874612809,0.314784747118107,-0.055297536020813,0.0163732565124935,-0.0155977020414282,0.0885707102108799,0.0476110294118365,0.145874431910771,0.0548041280616292,-0.0357018345789013,-0.0441320115500781,0.110383748274791,0.0284800976537695
"21",-0.134588100567693,-0.0200397324771404,0.152516884372196,0.033596177981712,0.186392854838824,0.0414933666148171,0.0700489237953323,0.0176418846102773,-0.121807724035925,-0.0215798624621794,-0.129430672671418,-0.16230786213647,-0.0887721646432319,0.08859337425702,-0.0542965869399306,0.105078655621023,-0.030393418837681,0.169618747735623,-0.10103827948953,-0.131768658876652,1,0.0236418714572156,-0.00254638809216711,-0.114322320303478,-0.146670466459759,-0.044840580500049,0.105857464134563,0.0694302509274017,-0.0598169127092217,-0.0774144869183811,-0.0207037054534036,-0.0469847156181237,-0.102615915619616,0.0731010121398814,-0.0368372186125324,0.0144641053382516,-0.0819900078300852,-0.0604373944992162,-0.0725544790288469,0.0271763181792103,-0.0936674677068449,-0.0157832774543844,-0.0964874281626648,0.132473259403804,-0.0446129185893089,-0.097790886361229,-0.144131339035765,-0.169102833881376,-0.113297522586564,0.0861823046096377,-0.165054481891893,-0.00942447167937326,-0.00294997962868438,0.00056680700553575,0.155530046162233,0.120469278105192,-0.136792333109364,-0.00696012679522134
"22",0.12284282277013,0.0580416871169956,0.0907062971906828,0.124654968110624,-0.173579537152637,0.213433177859973,-0.0885469502481945,-0.0554328425467219,0.168842388475843,0.28274413965914,-0.050941717248095,-0.0384280290340907,0.0766965921585663,0.0254951557326939,-0.0694201001921148,0.0254487863234276,0.00669000904519581,-0.0788713032427341,-0.041017337181344,-0.0680153041431694,0.0236418714572156,1,0.092122901055373,-0.201888676714953,0.0840243267283343,0.0466572974200237,0.0756218027666088,0.191428863343193,0.0307576756834468,0.00133743338374266,-0.0904854436075374,0.0134645501777454,0.0135931004774184,0.145819181863906,-0.080180322256861,-0.153327363127587,-0.0524522011490373,-0.0514933559120515,0.0539289976389295,-0.00527622568329173,-0.119604704486971,-0.214118446714739,-0.0286338248040119,0.0746125579354179,-0.0245008912306583,-0.049574044351666,0.00575063381632259,-0.158930256441928,0.043217436055666,-0.0802180887253096,0.0668064164622525,0.0670840148237453,0.0366172935827328,-0.089884729737188,-0.0419549375961064,-0.0819265362470324,-0.168492973909331,-0.0639334861410707
"23",0.0669185859734816,-0.0188624069726812,0.00448039461830662,0.0090667489381875,0.122861025254759,-0.0060380253689692,0.07896061560552,0.0369239137185532,-0.0518830704947683,0.101033132001857,-0.0697456382825857,-0.051455098863896,0.017522650989581,-0.0991926038868313,-0.0418824232121312,0.286814070856329,-0.132022534708459,-0.175657655214661,-0.00829318623664671,0.181678328867152,-0.00254638809216711,0.092122901055373,1,0.173536140347056,-0.0148163371247511,0.128007321705414,-0.0493595782227698,0.0925520954862507,0.0135581327236237,0.0984803589616232,-0.0715486090609187,0.176862099926078,0.0681768114348402,0.212445819783688,0.0925730072914365,-0.116267219464604,0.036078362143076,0.113755539753406,0.22448710191371,0.217574396069066,0.0178426723673015,-0.130122884540842,-0.0453857706731548,0.154001103431748,-0.278360765922136,-0.240315116309987,0.0658886304117502,0.122193126437812,-0.0756355086387296,-0.0470463762510937,0.160775469540283,0.0975213808293843,-0.0900473478628331,0.0536327310899201,-0.130557354449763,-0.00724807499825071,0.0364163564484354,0.0861091613444508
"24",0.163886244200083,-0.021282208851201,-0.0226365896931383,-0.13648351118271,0.0358449546882583,0.0519676411260064,0.235525694236681,0.096149240897265,0.037062823688439,-0.0336788913625655,0.0830027226521346,0.148411413435472,0.13261342159222,0.0261147254479949,-0.0655069294955624,-0.186330117657855,-0.00641760438851759,-0.0758399838494374,0.0505456196730961,0.0258024044797747,-0.114322320303478,-0.201888676714953,0.173536140347056,1,-0.0309204746750042,-0.0240556549821884,-0.0877657988478939,-0.117238148031454,-0.094068975752409,0.038930596137065,-0.0513170477164862,-0.104405173929429,-0.0731387863838863,-0.091287460395835,-0.0332447998606871,0.0344330061972132,-0.0153881740914608,-0.0122482544804337,0.112663118722866,0.186639665912596,0.0140337730477128,0.0428086968610265,0.0343532902412037,0.0246129680363073,0.018863140773171,-0.0828151569539065,-0.011875830131427,0.105396736351281,0.0853559199778251,-0.02878080344909,0.09015764054762,-0.101026948204669,0.117134553366279,0.112217146275061,0.0743975599152406,0.0354003086404456,-0.00743396706767978,0.192147517838648
"25",-0.0337548037580248,0.150801512672873,0.117946774173074,0.0712245746145026,-0.0755220367258641,0.21937880595966,-0.0911941089084746,0.176810619423668,0.0567169019581117,-0.00542307263777226,0.204038058547358,0.113040725013071,0.0797516724383607,-0.0713396599111457,0.0848969471104907,0.10418851291186,-0.0735193206080188,-0.0947922432704477,-0.136627572421317,-0.0183568572162507,-0.146670466459759,0.0840243267283343,-0.0148163371247511,-0.0309204746750042,1,0.102605485148604,0.0643682595844611,-0.0838230711749782,0.0399856146800842,0.229655942074935,0.0333060939939269,-0.0152982685003369,-0.0139779719781767,-0.0503990743805559,-0.0384376705151534,0.185364547768382,-0.155304964295891,0.118522826907444,0.125761796635893,0.0688458561751272,-0.0205728251906947,0.113850482348649,0.0232226460612275,-0.0822532278268996,0.0182006075468086,0.169582040862708,0.25836540302454,0.188138055360036,-0.0769460763150608,-0.21519992875724,0.0434709959218098,0.110786508293634,-0.0778433653130199,-0.0952562316944715,0.0609254957060447,-0.0801214213215296,-0.148814578113854,-0.178040027339887
"26",-0.0510116184818437,-0.00055098166784419,0.0262333417752879,0.0239710179638204,-0.0881263516831415,0.0107758120198107,-0.0431467429975286,0.222237220570013,-0.0530083961175189,0.116786168859881,0.179886934090818,-0.117532845113128,0.00460981752615403,0.0774011646647957,-0.137111217528543,0.158586876253168,-0.0961551860733687,-0.0579938889732028,-0.0664608407771563,0.083486675843716,-0.044840580500049,0.0466572974200237,0.128007321705414,-0.0240556549821884,0.102605485148604,1,0.0458974722946796,0.0217918827929908,0.120928200513867,-0.0291163894819466,0.00463187942492549,-0.00549554239106615,-0.145675784455324,0.143043217607153,0.104643989953698,0.0277486244543805,0.0394596817577945,0.0304064175443959,0.0830889545112739,0.00121714436504388,0.103207256202351,0.0913673909201527,-0.0129613822378495,0.101577214273143,-0.118598343946205,-0.0563035788183931,0.197508672439491,0.0757141046674788,-0.0890972056933206,0.0495562270931294,0.237036007138493,0.00625391389459123,-0.216662188029437,-0.225854229745829,-0.0119378533966074,-0.156074743480623,-0.0927338447185666,-0.0153489635136887
"27",-0.0254383654490513,0.104327636868337,-0.107215403697853,0.0346490330275323,0.0911894416808057,0.0563415337237211,-0.161973911216302,0.0298592226036849,0.0336861607565612,0.0879488008137148,-0.0618982966809119,0.0279213906289089,-0.0207979550431724,-0.0217900758009209,0.00384531622399493,0.123765382433768,-0.026907885953026,-0.137901571488943,0.0178096562173581,0.0099913117640528,0.105857464134563,0.0756218027666088,-0.0493595782227698,-0.0877657988478939,0.0643682595844611,0.0458974722946796,1,0.0281467606619362,0.0529622434896114,-0.110917669601846,0.00120457386917047,-0.152030662258669,-0.0300966902403444,0.101295142247093,-0.0788845044139068,0.156082415413224,0.208896152172761,-0.0893983748534795,-0.0263733126837429,0.0219671646199579,0.00623372466508679,0.112760325063327,-0.0730586557515058,0.135958183655961,0.203839027359364,0.0609600401721092,0.0258356355962081,0.0972465489683038,-0.0580924567581127,0.142707123238724,0.0883730074742334,0.268657439784516,-0.0443219363119102,0.0146744565719887,0.00622855007234337,0.104475011767745,-0.1585336956996,-0.259997106263496
"28",0.094229788863287,-0.128822524388284,-0.086250527612574,0.0228714936653343,0.0375494215464666,0.0516651286047141,-0.0299751194511176,0.0591550360064918,0.14764045036056,0.0248862978515116,0.00398060520569135,-0.249782514390815,-0.0479872000771816,-0.0605735646045252,0.0359056295221197,-0.030336265066392,0.0288322231187558,-0.0209887415621989,0.131217688170298,-0.335608482204721,0.0694302509274017,0.191428863343193,0.0925520954862507,-0.117238148031454,-0.0838230711749782,0.0217918827929908,0.0281467606619362,1,0.0082559855587793,-0.0839389073856848,0.0956001884576973,-0.013750928870443,-0.0910597448725084,-0.181947652897024,-0.0730935462720203,-0.197921690356357,0.0945771143265194,-0.030565519434271,-0.252977812580072,-0.16227939442861,-0.318805537290757,-0.381561941905312,-0.0255021230017627,0.236682706287614,-0.0857329031180945,-0.184298393266268,-0.263794079636761,-0.092641827048555,0.047328951101418,-0.0494484233582291,-0.101047119942935,-9.98258993402471e-05,-0.196804098088788,-0.122716628347835,-0.0297184017412107,0.113295370854251,-0.164309087488944,-0.0745617727518816
"29",-0.153584973321601,-0.117571135226556,0.157612090922508,0.0572308064026918,-0.20673971781366,-0.018757999588253,0.0606907269409687,-0.0734338717084977,0.0703935772873726,-0.14351493173035,0.0217065609399422,0.0193053986817296,-0.084633129975713,-0.0945171855824254,-0.0332293220240612,-0.112881236865813,0.0259173101911052,-0.0211528159891483,-0.031556741471214,0.0550426144121934,-0.0598169127092217,0.0307576756834468,0.0135581327236237,-0.094068975752409,0.0399856146800842,0.120928200513867,0.0529622434896114,0.0082559855587793,1,0.0205522265194245,-0.0475763741797958,0.0208646233654524,-0.206665031977773,0.171198990631703,0.0404868970619965,0.0362251726429365,-0.162030019528137,-0.0677999644195657,-0.0055844107624967,-0.0822625289565937,0.0111991543514734,0.0319734130328179,0.0896864462237256,-0.0206941873269894,0.0584995965322456,0.159624460200921,0.0693013423466836,-0.0250040081483286,0.0490943807972586,-0.0134569610874702,0.219849880100736,0.047571324263387,-0.218175068234355,-0.105606298222033,-0.0507811989392047,0.00854417670349242,-0.242839864022192,-0.0559632112817132
"30",-0.114440241682307,0.104064791852731,-0.0590798300381712,0.136992249554802,-0.0790307471139945,0.0314865943306938,0.05858897584493,0.0965295247594777,0.132703136890019,-0.0587284495569065,-0.0781135280707786,0.106405389884127,0.0342468799544971,-0.151665884060979,0.151206594038186,-0.0895330309641177,-0.0604501869182422,-0.054384443772045,0.114150807113913,0.0791972435898045,-0.0774144869183811,0.00133743338374266,0.0984803589616232,0.038930596137065,0.229655942074935,-0.0291163894819466,-0.110917669601846,-0.0839389073856848,0.0205522265194245,1,0.170257894635264,0.134648101697507,0.24042537084785,0.175733658841172,0.00095184643346023,0.0449688467757285,-0.0306639809290573,-0.028896030431017,0.296764672528556,0.305762446882064,-0.0625579692629646,0.0215456540220749,-0.185684944393571,-0.0531878675943777,-0.158810352461178,0.253441755365808,0.164749825089777,0.137942468631129,-0.0504863444814764,-0.197887795281508,0.13227238198008,0.147376048627913,-0.142366688551655,-0.0120336709663087,-0.148534554635998,-0.00909540773045116,0.145198426017458,-0.00769953405871556
"31",0.0723155168743557,0.145006519622749,-0.0692932336178187,0.158372992377654,0.147184219945224,-0.00340541897539224,-0.0688501777399288,0.0263370356048073,0.171824584877309,0.0753629225207468,-0.0702374376299777,0.011954125014254,0.0336635763096922,-0.279381067223375,0.115371817501338,-0.135260266102778,-0.101736777336725,-0.245219845284792,0.318409102970273,-0.0291139237593275,-0.0207037054534036,-0.0904854436075374,-0.0715486090609187,-0.0513170477164862,0.0333060939939269,0.00463187942492549,0.00120457386917047,0.0956001884576973,-0.0475763741797958,0.170257894635264,1,0.239138270328945,0.0251651763151898,-0.0106890739825039,-0.253778059092894,-0.00505182881546293,0.0573218075697582,-0.0255292868075668,-0.135169673329691,0.0165529983515214,-0.375995758781042,-0.179889665683655,-0.209682631081597,0.0296167040386611,-0.0558259986185541,0.0223255538494885,-0.274566257791808,-0.120273355551779,-0.0249079374292961,-0.272812249981435,-0.122727760350946,0.0283693888976955,-0.0671670022323343,-0.0921087110267676,-0.00652549709872694,0.186111244156248,0.040798229855046,0.0612732865131241
"32",0.045265750558855,0.186464182200935,-0.0485177328984758,0.306053600450062,0.0257186443447856,-0.0517471097153731,0.10228200867292,-0.121417161263126,0.107854981887976,0.145291213106481,-0.00187177342428327,0.104751908331952,-0.0626958072720667,0.0529947067300038,-0.0566995149642727,0.0970843832457686,-0.115206449073514,0.0231087930638751,0.14364016601128,0.1828075848633,-0.0469847156181237,0.0134645501777454,0.176862099926078,-0.104405173929429,-0.0152982685003369,-0.00549554239106615,-0.152030662258669,-0.013750928870443,0.0208646233654524,0.134648101697507,0.239138270328945,1,-0.0217283528584361,0.0393696346195495,0.0352822872807329,-0.0605539595066322,0.103147339024782,0.0907767781519548,0.124682939471672,-0.181811283205944,-0.159037469790042,-0.127022647531939,0.0848297869598905,0.0156982693186986,0.0112148426999167,0.122182452285171,0.0110578184846909,-0.168475073303866,-0.0988883324427859,-0.0255753785747097,-0.0427046927469031,-0.0930446894275353,-0.101848292856052,0.0420230811077499,-0.100128515957508,0.0448275850273891,-0.0248387478373814,0.161796377618431
"33",-0.0373497197057442,0.0502727173080747,-0.0469337646761265,0.0974616383045113,-0.0319567369334333,-0.191713829552409,-0.0628199778734014,-0.00019195717723173,0.0512565393946372,-0.135658031853289,-0.0413959727937702,0.162039547398309,-0.109824628058745,-0.215229205330256,0.30246291862952,0.0269840265889971,-0.0771299265244645,0.0388514520991971,0.09764064059101,0.0918090219180423,-0.102615915619616,0.0135931004774184,0.0681768114348402,-0.0731387863838863,-0.0139779719781767,-0.145675784455324,-0.0300966902403444,-0.0910597448725084,-0.206665031977773,0.24042537084785,0.0251651763151898,-0.0217283528584361,1,-0.117987448625783,-0.147156282624904,-0.125903872613223,-0.109936092987785,0.115953253376233,0.185436245864373,0.138881403695236,0.152597893375416,0.285363514622476,-0.0248894738808148,-0.0380572482041621,-0.0772887498865778,-0.00114639002662622,0.21680007591818,0.164252104233647,-0.0284851313771563,0.0233779618383409,0.115650136738548,0.123631085067751,0.0348040152761813,0.203006689169504,-0.0174632738025613,-0.0266960981322128,0.279307354563286,0.219937938970347
"34",-0.0688897184468577,0.116153308743539,0.00087807353708151,0.11433291305856,0.124022740361016,0.135781563188593,-0.00882899371898326,0.0306645879661868,0.0290701498246966,0.112969106413655,-0.0855995334414657,0.179700637239667,-0.0698222952076579,-0.0984348570686726,0.0732492515546491,0.100269116405863,-0.025046367559632,-0.100696765010626,-0.123701242674315,0.137139828133397,0.0731010121398813,0.145819181863906,0.212445819783688,-0.091287460395835,-0.0503990743805559,0.143043217607153,0.101295142247093,-0.181947652897024,0.171198990631703,0.175733658841172,-0.0106890739825039,0.0393696346195495,-0.117987448625783,1,0.00740264484364152,-0.0814129973116289,0.106301722699645,-0.196143145235363,0.273276848360634,0.304402884137611,0.0453506100737896,0.167201113541976,-0.0720690753572311,-0.0645338082229034,-0.105340020024764,0.184813937291399,0.184855274584304,0.147745868336804,-0.132594799285015,-0.00360223847383077,-0.00176114795597913,0.0525986985026752,-0.0125881328641812,-0.0397539292550073,0.0093106871342513,-0.0777065180516854,-0.0035252753285117,-0.17090209028128
"35",0.0273302232222339,0.0913790940294632,0.0552025887941959,-0.102604481856045,-0.0109894803208555,-0.135356027786172,0.331378729425948,0.00826861261318441,-0.132254384447314,-0.133757355136931,-0.0605618081830397,-0.0614533905816468,-0.0894453375700499,0.0335758292825393,-0.0553982673211516,0.118734970499003,0.21149747926723,-0.00992571174177661,0.0949432306447484,-0.0982157028930768,-0.0368372186125324,-0.080180322256861,0.0925730072914365,-0.0332447998606871,-0.0384376705151534,0.104643989953698,-0.0788845044139068,-0.0730935462720203,0.0404868970619965,0.00095184643346023,-0.253778059092894,0.0352822872807329,-0.147156282624904,0.00740264484364152,1,0.122949565105427,0.265102325829935,0.0870663536444589,-0.0203902546504797,-0.0155392445313708,0.112040916209885,-0.0199091401165508,-0.00263843253422398,-0.0394364835650936,0.253614508514163,0.11572636593832,0.0770817784146948,0.13361260613903,-0.102136297439772,0.0954802584707149,-0.0371471369195401,-0.134606195325112,-0.231122655749058,0.0693983579421288,-0.132817422977094,-0.0455697390844182,-0.0424316087266607,-0.0225193174952463
