"","l_Insular.Cortex","r_Insular.Cortex","l_Amygdal.Area","r_Amygdal.Area","l_Bed.Nucleus.of.the.Stria.Terminalis","r_Bed.Nucleus.of.the.Stria.Terminalis","l_Hippocampus","r_Hippocampus","l_Orbitofrontal.cortex","r_Orbitofrontal.cortex","l_Entorhinal.Cortex","r_Entorhinal.Cortex","l_Frontal.Association.Cortex","r_Frontal.Association.Cortex","l_Globus.Pallidus","r_Globus.Pallidus","l_Glomerular.Layer.of.the.Accessory.Olfactory.Bulb","r_Glomerular.Layer.of.the.Accessory.Olfactory.Bulb","l_Glomerular.Layer.of.the.Olfactory.Bulb","r_Glomerular.Layer.of.the.Olfactory.Bulb","l_Granule.Cell.Level.of.the.Cerebellum","r_Granule.Cell.Level.of.the.Cerebellum","l_Hypothalamic.Region","r_Hypothalamic.Region","l_Entorhinal.Cortex","r_Entorhinal.Cortex","l_Vermix.Molecular.Layer.of.the.Cerebellum","r_Vermix.Molecular.Layer.of.the.Cerebellum","l_Lateral.Molecular.Layer.of.the.Cerebellum","r_Lateral.Molecular.Layer.of.the.Cerebellum","l_Anterior.Olfactory.Bulb","r_Anterior.Olfactory.Bulb","l_Posterior.Olfactory.Bulb","r_Posterior.Olfactory.Bulb","l_Subiculum","r_Subiculum","l_Perirhinal.Area","r_Perirhinal.Area","l_PreLimbic.System","r_PreLimbic.System","l_Primary.Cingular.Cortex","r_Primary.Cingular.Cortex","l_Primary.Motor.Cortex","r_Primary.Motor.Cortex","l_Retrosplenial.Cortex","r_Retrosplenial.Cortex","l_Secondary.Cingular.Cortex","r_Secondary.Cingular.Cortex","l_Secondary.Motor.Cortex","r_Secondary.Motor.Cortex","l_Striatum","r_Striatum","l_Ventral.Tegmental.Area","r_Ventral.Tegmental.Area","l_Substantia.Nigra","r_Substantia.Nigra","l_Thalamus","r_Thalamus"
"1",1,0.306122992482381,0.157696671614328,0.0123229908104302,-0.0449473132427275,-0.199400460923597,0.00278168924727416,0.1886643013331,0.156189940022489,0.0418001090019206,0.0760112560867254,0.185339402657075,0.0407473495674743,0.134650170989817,-0.048082278384769,0.183177002828709,-0.0614479326431637,-0.12548435019265,-0.0236126428234379,0.0332512167141748,-0.00046585766427819,0.175724265696664,0.221694561815572,-0.0777701397044465,0.123832546357279,0.0433895257520683,0.158340395120538,-0.0187395203744632,0.113507968596834,0.149181610508499,0.0889607554083058,-0.0116009224286823,0.00361075550777646,0.125661059769396,0.0523670749941812,0.0463697252596192,-0.205839957426149,0.00307392250201926,-0.0974679233640574,0.0173869871553575,0.0433184644238312,-0.00541285379975612,-0.00973520683669633,0.129018857898258,0.0412790010346102,0.0772192151264241,-0.0468849441915814,0.050904069680736,0.110123509054053,-0.00833361484231707,-0.00281345411561696,0.299732098363689,0.0335548303486501,0.0640313384742527,0.286029418130673,0.0677652607668497,0.125385291805689,0.0728731993578526
"2",0.306122992482381,1,0.18805521950285,0.0713850650883602,-0.0578571709877163,-0.136948155165328,0.0395319655770463,0.0869886224813515,0.1925063280791,0.251499998966457,0.106317352984381,0.227401504773771,0.133661750921729,0.186981591236634,-0.279809819316816,0.0830339678299518,0.132278681090673,0.0490644316795057,0.183046810515634,0.0612809381417765,0.080392441130503,0.070305355340158,0.0581963909185774,-0.0565468868699521,0.123927929879298,-0.0442051628755582,0.130091982040901,0.0568035597894636,0.086589417197566,0.142911191575173,0.177665830935562,0.108257891559414,-0.095004539341641,0.018912264384179,0.175173950406706,0.18080587602342,0.0108139443605362,0.126959246037508,0.0690414696139823,-0.0183968162764758,-0.0203394883338794,0.0455691460030087,-0.154015570505429,0.264066870470181,-0.0365235262000078,0.0840464401771175,-0.0178243423423923,-0.0466247817503754,0.0358098990386764,0.0455661955791295,0.210251490452997,0.0368040213144119,0.219868655129159,0.00974269734906901,0.0205687738773804,0.134791523086381,-0.089674850882907,-0.0819628076504929
"3",0.157696671614328,0.18805521950285,1,0.144787434006155,0.181351937019228,0.248909781203136,-0.0760750254116697,-0.00633941692831307,0.12593487396492,-0.00966148776772175,0.344806144007398,0.252787309937959,0.0532559773473819,0.00666420932659888,-0.104918075502615,0.214075012014675,0.150720051373373,-0.148519308562867,0.0997258895516469,0.0145381728187399,-0.058764509670876,0.261241310062626,0.116568022735428,0.0530368110122456,0.133966169878211,0.117282689008645,-0.0382427145508126,0.169163499208316,0.239082514987438,0.0737933603263462,0.202153861446071,0.0478649614616315,0.00487153352113372,0.179919128093594,-0.123337722127929,0.248497480361763,-0.0800318723401333,0.460114614704202,0.2279581708271,-0.0519831215318605,0.225503371981683,0.0756491024775219,0.0452593745583215,0.0834373410980004,-0.125674616331353,-0.0507934557137572,0.0653996980987015,-0.0355421740119942,0.354927051420801,0.0721557779377394,0.0796628071079701,0.136793311508529,0.134513951640825,-0.108416429840117,0.121903950683969,0.0394395962130949,0.143475404290577,0.219175372377186
"4",0.0123229908104302,0.0713850650883602,0.144787434006155,1,0.197904284465998,-0.0511679252102205,0.0990758909703118,0.0318123466899143,0.0842801371617836,0.0110231169814633,0.106840397181306,0.0534056176957995,0.366178527137167,-0.00412779964799727,0.04810126958883,0.123524063718387,-0.0279875003000081,-0.0386569147638317,-0.140862682582131,0.063210289276775,0.16361973071515,-0.0619887676403841,0.0747443069422632,0.011198452564745,0.0760545549710551,0.135869712424734,-0.105609360139912,0.0689634113736097,-0.0729679556301508,-0.0623067953919466,0.292804230964247,-0.027887307855171,-0.130118421008449,0.153961494201337,0.0332235957708577,0.0530242122536389,0.0674848668977082,0.0597533047303953,0.00397532217790029,0.144880472749445,-0.0244293637086936,0.0228872516793058,-0.0272838063849336,-0.071464002287592,-0.0731955917256019,0.119023830092209,-0.199061280922028,0.091697075391221,0.0831038850861435,-0.096654625148774,-0.020598550867728,0.0272064107814729,0.116949555352745,-0.0171037320827583,-0.0599804063243591,0.0233384546957443,0.254924649312403,0.16382368624414
"5",-0.0449473132427275,-0.0578571709877163,0.181351937019228,0.197904284465998,1,0.180160199557896,0.0215654266997709,-0.00913286930027083,0.157842697369947,-0.0810739097796478,0.0205279134115823,0.167155433499334,0.0550328292539633,-0.111861692659561,-0.0254354840820958,0.209577228544635,0.16034108367901,-0.0875860929335382,-0.0204455549106624,0.0984854164830679,-0.00056100778806406,-0.04242419684652,0.0315435930252446,-0.133444109629619,0.00080323214022483,0.150786092402014,-0.176548336937258,0.00757804006749413,-0.00554389742172875,-0.00048756880757941,0.0393750657019493,0.00314896315230187,0.0709979480013188,0.013448462315794,0.190738719122658,0.0955200503789797,0.139987743536939,0.106040701753243,0.0805906180178962,-1.18223467713162e-05,-0.0420830024819962,-0.0543172580060193,-0.00860192108784209,0.0086334557056626,-0.0615718082640858,-0.175038583579705,0.0011756364379845,-0.108385668920435,0.0775875997237657,-0.00313998923462316,0.0442310901859558,0.114970378086552,0.042962470456908,-0.0670222037846284,0.0458125318615769,-0.122146882981405,0.37066230790032,0.104340185471098
"6",-0.199400460923597,-0.136948155165328,0.248909781203136,-0.0511679252102205,0.180160199557896,1,-0.0209279786206444,-0.0522726607929294,0.0446148978851493,0.00037389913887226,0.288357500044338,0.0768468143905615,-0.0123250089393987,-0.0485709964551336,0.0780933451481892,0.0154445698765228,0.0889418528707144,0.0232671444939979,0.125725219646666,-0.0853214549047337,-0.150137598726764,-0.0809146985761541,0.0322257917367443,0.089022081438665,-0.0698681948378477,0.0658841340949695,-0.0110937312445155,0.120780992752688,0.0614683733917413,-0.0500187306963799,0.0731204418353758,-0.110205520901437,0.0472190597605355,0.220126777836921,-0.0605548658492078,0.112949727531071,-0.0659285825577981,0.27831949230132,0.208584371184715,0.0666749768714517,0.139323212274574,0.0344477759605393,0.110136231316765,-0.0401970775430233,-0.137249098994236,-0.0526043634853201,0.15535459274166,-0.103620030732182,0.137774678512027,0.237303653625799,-0.00307429033214249,-0.0893483393942098,-0.00032868355782369,-0.0868404648508671,-0.0791962027189156,-0.16329407274882,0.0443769032690256,0.322299590390964
"7",0.00278168924727416,0.0395319655770463,-0.0760750254116697,0.0990758909703118,0.0215654266997709,-0.0209279786206444,1,0.226499525522921,0.00627132241152455,-0.0651131390889718,0.0843780121836721,-0.152383227636786,0.0783134436638758,-0.0462114084392981,0.0200413522107338,0.0183737724477638,-0.0896856547964464,0.0339340947198343,-0.0615631710575473,0.0459153922568688,-0.051991432711562,0.00920400363770047,-0.0113408180817837,-0.079916887470829,0.0514452076291449,-0.201540419809895,-0.135458187263147,-0.106654229821657,0.00184458264796607,-0.0141997039938257,0.0308160031385382,0.00875670165821855,0.027326145530938,0.0171193388024721,0.204425293422133,0.0881401961917075,0.114364796340717,-0.0554557059083845,-0.128617647831787,0.0936952754425852,0.17035396019843,0.0313359577771616,0.0771355083995981,0.0354861190909761,-0.00501133351674931,-0.0302760210057714,0.0701840346840746,0.00376076001614535,0.103354073173656,0.0978306573729059,0.120789217199602,-0.078223875955442,-0.147231257430713,-0.0416903011475118,-0.136320086779376,0.044118680805985,0.0484057475140929,0.0902596671892675
"8",0.1886643013331,0.0869886224813515,-0.00633941692831307,0.0318123466899143,-0.00913286930027083,-0.0522726607929294,0.226499525522921,1,0.125654933110638,-0.132409906390377,0.16901372710935,-0.0940606620511483,0.113962946007319,-0.0646010684255478,0.0662311689615821,0.109706683046057,-0.161920352976404,0.0717641634619108,0.165500686176772,0.132953192969276,-0.0205120317345231,0.100682842022374,0.16484423364754,-0.0574436513150361,0.105898328608822,-0.0139945868448648,0.0456731313024189,0.146227324622757,-0.161129318741209,0.0244437938245091,0.041149700392799,0.105865535346036,0.136797812015916,0.129089804635998,0.188335143832282,0.238699956489212,-0.0524316769783001,-0.0265334257076306,-0.0602677495739142,0.0455301209718859,0.123310234479274,0.119304670630384,0.040322905816185,0.235250988183024,0.0260866633960732,0.253612230623362,0.00882484579039296,0.0027021452517678,0.0768110658976448,0.116455809280813,-0.200623640522893,0.145635914872638,-0.0182850948558972,0.104910405446263,0.00759841444874905,-0.143661581890589,0.0179377167406259,0.195635836936592
"9",0.156189940022489,0.1925063280791,0.12593487396492,0.0842801371617836,0.157842697369947,0.0446148978851493,0.00627132241152455,0.125654933110638,1,0.156904520704487,0.0409587249808865,0.153280415245951,0.0596279746284811,0.215247182662575,0.0004729696554925,0.0600360343238468,-0.078090645592078,-0.0415306543959459,0.0416781239991779,-0.128012090659949,0.112769420301294,0.11816979185879,0.0692046633425268,-0.150345820648807,0.071205829691361,0.0548188669925928,0.113431766896421,0.0744891617335289,0.0600935265837996,0.0527006270255594,0.0766469766152171,0.0767330573511406,0.00420261771922741,-0.136566018806099,0.246090098169673,0.195238895594593,-0.0720173882417565,0.108102762445156,-0.0567776897247377,0.00876925326037497,0.0991054288752167,-0.0163560602973333,0.0466826859339519,0.0293477065906701,-0.0305942007082996,0.0851553137001092,0.0965634063762073,0.0729856623842454,0.0625174150503424,0.0519719656319747,0.0327365198075827,-0.0403701194759162,0.134610372903107,-0.0754979063067204,0.045073946877869,-0.00636347703961663,0.0180290329372933,-0.0231363788468724
"10",0.0418001090019206,0.251499998966458,-0.00966148776772175,0.0110231169814633,-0.0810739097796478,0.00037389913887226,-0.0651131390889718,-0.132409906390377,0.156904520704487,1,-0.0664697835054308,0.109169682848388,-0.0640677683017018,0.100492888429912,-0.0153128647190657,-0.187122619806844,0.0867622353642674,-0.171093287837645,0.144090774840672,0.068250673105832,0.0715831101581444,0.140618272280048,0.0550433156931414,0.0781219745025317,0.0716266685367257,-0.142153204801331,0.103319263563363,-0.0139414271020405,0.0631745714074573,-0.00939132843635421,0.0381316745009204,0.0481812755388764,-0.188808992789001,-0.150367245386008,-0.010200643874173,0.0544715547625854,-0.0257976910895581,0.0135040021249356,-0.0333772382458437,-0.0751413815673991,0.0558042992069751,-0.0352946223009787,-0.0305469244927739,0.0912038063107808,0.0324939563386798,0.00612233563157548,0.0147518326686788,0.147588094358679,-0.115078604975256,-0.142570558996251,0.147460046740492,-0.133950945079252,0.198588867901476,-0.1530856706043,-0.0187811810153285,-0.0206933327218081,-0.148750916135076,-0.100425905358515
"11",0.0760112560867254,0.106317352984381,0.344806144007398,0.106840397181306,0.0205279134115823,0.288357500044338,0.0843780121836721,0.16901372710935,0.0409587249808865,-0.0664697835054308,1,0.135799937274764,0.241527677233557,0.00482473082765857,-0.134522333468919,0.268278578500414,0.106361047156782,0.00121920757418766,0.270136488378367,0.0446757932579871,0.00980539001896913,-0.0367334543995809,0.0425359359492239,0.118387501713319,0.390669188319669,-0.0578184820428088,-0.220723276438198,0.143569841318628,0.193249319130467,-0.00953190032199258,0.220518339882923,0.128099826293303,0.131938239571404,0.175984420057583,0.0338820068279817,0.125830613607079,0.0641218969778333,0.301287260737734,0.149595056225702,0.0570907671200262,0.183702856871895,0.107713986703148,0.0714721273210427,0.0546909479259344,-0.128122308636217,0.11726144434986,0.147268129932189,0.0235438849112237,0.348465048411718,0.154159186913899,-0.0530499994343072,-0.109736930874409,0.00973354203576305,-0.0446898848496306,0.0850840189174939,0.0464392930508581,0.0759039842866082,0.105111661914369
"12",0.185339402657075,0.227401504773771,0.252787309937959,0.0534056176957995,0.167155433499334,0.0768468143905615,-0.152383227636786,-0.0940606620511483,0.153280415245951,0.109169682848388,0.135799937274764,1,0.175304060191474,0.194607552087026,-0.172727054687907,0.183063745914177,0.0623100211928171,-0.175089660881475,0.157825883225736,0.0254781557177031,-0.0568916481996508,0.0901099293641329,0.0812271558843872,-0.10709621609125,0.219927291305891,0.0644623893167784,0.0355537807583211,0.164181328656313,0.0524785769136327,0.079612423595517,0.127223541314231,-0.0696023250008918,-0.0643715815808676,0.0571384914759146,-0.167821850529716,0.0294487660767578,-0.0426978604192583,0.0836883509408553,0.11216821934879,-0.0152593505989227,0.0149156760163812,-0.0440667072282651,0.160292622903985,0.0149139020592738,-0.145675114796931,0.0115272768258036,-0.19015194377559,-0.103205818157582,0.201133366721744,0.0295438993643127,-0.0134657703429887,-0.0121280631955634,0.0681016628400385,0.0550410379934224,-0.0266326913750638,0.0185820594045372,-0.0248392104528804,0.0459855104814847
"13",0.0407473495674743,0.133661750921729,0.0532559773473819,0.366178527137167,0.0550328292539633,-0.0123250089393987,0.0783134436638758,0.113962946007319,0.0596279746284811,-0.0640677683017018,0.241527677233557,0.175304060191474,1,0.0236437712579904,0.00574002791499125,0.17277965154964,-0.0479363532515008,0.0900196293488124,-0.0239675972911319,-0.00944913018964647,-0.0129975227675918,-0.124737119312443,0.0558191760059255,-0.119126863226407,0.0732312383514906,-0.0147652173607424,-0.053670644677996,0.0963720863687468,0.0274431124355889,-0.157637631655984,0.145410411758825,0.0923431009299719,0.194978501319516,0.0107968615555458,-0.115674601720245,-0.0898986597649491,-0.110073860319897,0.0273857236480609,0.0456746796415606,0.146900668404199,0.0460156293333155,0.0237978917904254,0.151205258151419,0.0460269743521064,-0.191725245003109,0.037930490191527,-0.213193036809655,-0.119207659204477,0.202519825755718,0.145243312507424,-0.0568969101727028,-0.0661034458284543,-0.0571611064263768,0.0548722173538998,0.0627993110064825,0.120984489676895,0.0442483851460404,0.187960846662366
"14",0.134650170989817,0.186981591236634,0.00666420932659888,-0.00412779964799727,-0.111861692659561,-0.0485709964551336,-0.0462114084392981,-0.0646010684255478,0.215247182662575,0.100492888429912,0.00482473082765857,0.194607552087026,0.0236437712579904,1,-0.0444661284158848,-0.0804552756203792,0.109788153580629,0.223547097480375,0.123531345519632,-0.120216398136343,-0.0823240652835852,-0.00157108382990218,0.191377467677205,0.0949156204843379,-0.122748088345455,0.136146718691862,0.0809700321325935,-0.107571657136167,0.117876652781073,0.0677569725424522,0.0171809666808438,-0.134821095391254,-0.00016005120354978,-0.0642821733288947,0.009168467245444,0.0261843148579544,0.127328797732112,0.0361545539037062,0.179910122646382,0.025424285661584,0.0234982137399983,0.0808468865201142,0.0326346502327714,-0.164663743080002,-0.0309625556265481,0.140152466772157,0.0376624300310348,-0.0072530424624669,0.0754165139074764,0.408961252718392,0.0922917419184137,0.0886979542061689,-0.148709891196222,0.0396173570649297,0.00067204613582205,0.088493148017187,-0.171701180759074,-0.0850576296704212
"15",-0.048082278384769,-0.279809819316816,-0.104918075502615,0.04810126958883,-0.0254354840820958,0.0780933451481892,0.0200413522107338,0.0662311689615821,0.0004729696554925,-0.0153128647190657,-0.134522333468919,-0.172727054687907,0.00574002791499126,-0.0444661284158848,1,-0.149005685565429,-0.107809586221769,0.036349609046045,0.0310014745532789,0.094521088340179,-0.0225509612927009,0.0370851245541365,0.03020565797116,0.0626762190993736,0.061170613182349,0.0177375770315501,-0.00725039957793055,-0.101257227873379,-0.136993999511963,-0.0853508915026306,-0.040010788739666,0.132314476741327,0.0862559578400449,0.0558439429694995,-0.0272125004576128,0.17058418677066,0.0484092138266917,0.108892908904395,0.0872395338757445,-0.0614116366722122,0.13636002254457,-0.0214724391972162,0.119967780091305,-0.0611527555101519,0.0119829377697021,-0.167410630317406,0.126808774945235,0.234768629090464,0.0442172507882177,0.0803499452029764,-0.0363294689471282,0.0182795903144829,0.00275992508585825,0.0122128142681138,0.0651636725311346,0.0297958200130641,-0.0071430628605287,-0.049286220029709
"16",0.183177002828709,0.0830339678299518,0.214075012014675,0.123524063718387,0.209577228544635,0.0154445698765228,0.0183737724477638,0.109706683046057,0.0600360343238468,-0.187122619806844,0.268278578500414,0.183063745914177,0.17277965154964,-0.0804552756203792,-0.149005685565429,1,0.0501654139369888,-0.131933135241597,-0.0926059401684434,-0.0733111882928129,-0.185073033780097,0.115030801972975,-0.0302860590747355,-0.170690291004924,0.0851478975570843,0.0194272025422651,-0.0300630471414418,0.175004706234341,0.0648132336362464,-0.0643632538666873,-0.0325067539239712,0.0209444914406249,0.0100870330944685,-0.0114309156977019,0.0047383028625339,-0.021549118810582,0.0202773489310517,0.118789870656443,-0.017406614647641,-0.134920814003269,-0.0614194867406413,-0.0465965277958436,-0.0343766681983345,0.113879195571824,-0.0445886003418397,0.0175946449545159,-0.136061697848272,-0.30876201264981,0.0495186685251879,0.0502917166230073,0.110694769858252,0.148993053414497,-0.0299553681456303,-0.00142810400869861,-0.0367131106085946,0.0108942526479161,0.0969253840003683,0.0336600385822103
"17",-0.0614479326431637,0.132278681090673,0.150720051373373,-0.0279875003000081,0.16034108367901,0.0889418528707144,-0.0896856547964464,-0.161920352976404,-0.078090645592078,0.0867622353642674,0.106361047156782,0.0623100211928171,-0.0479363532515008,0.109788153580629,-0.107809586221769,0.0501654139369888,1,0.0140156492596242,0.130199762887971,0.199014992951927,-0.113813860746038,-0.0657878036073814,0.012525348076071,0.134193950396782,-0.0126810459922243,0.138359683777599,-0.133195760740628,-0.0150075717317619,0.281260800677757,0.0683351650370476,0.157968153055418,0.189682977406269,0.0698447482549231,0.213719161484899,-0.130362761035606,0.0440413733231246,0.0546024860435117,0.103707446560148,0.0118254844884635,-0.175441455436476,-0.0630902063868007,0.0388707959583025,-0.00798771240462655,-0.0349555016734418,0.0370046333175354,-0.00040578021161847,0.0725815847711537,-0.101272801040248,0.134783416107543,0.106198418535605,-0.0294736707548721,0.094864261470362,0.0751672998757445,-0.128746688210335,0.0453970522210343,-0.136054168259194,-0.0667832692375184,-0.142743676647939
"18",-0.12548435019265,0.0490644316795058,-0.148519308562867,-0.0386569147638317,-0.0875860929335382,0.0232671444939979,0.0339340947198343,0.0717641634619108,-0.0415306543959459,-0.171093287837645,0.00121920757418766,-0.175089660881475,0.0900196293488124,0.223547097480375,0.036349609046045,-0.131933135241597,0.0140156492596242,1,0.126451542369209,-0.0228144670683174,-0.0302347072328424,-0.16910060846103,0.0975846911410249,0.137891267425006,-0.162366279781913,0.0390129442231811,0.12609109699453,-0.00809889548250352,0.0672103171212165,-0.138728828948662,0.061795769718472,0.0864641773070917,0.072416960071796,-0.12366369367138,0.0603232484483054,0.104178204246602,-0.03366661130419,-0.164040345967386,0.140788990072943,-0.0690273237942576,-0.00216964261087348,-0.0118841598190701,0.268960071874629,-0.203455599040707,0.280248535276398,0.183346854637472,-0.0189531513891346,0.163250057192384,0.096066419671633,0.236433405687303,0.167083488819078,0.0939546828270365,-0.150871668588583,0.0263611312689075,-0.115344387234183,0.0836810563352902,-0.00670700608278448,-0.0774435775836626
"19",-0.0236126428234379,0.183046810515634,0.0997258895516469,-0.140862682582131,-0.0204455549106624,0.125725219646666,-0.0615631710575473,0.165500686176772,0.0416781239991779,0.144090774840672,0.270136488378367,0.157825883225736,-0.0239675972911319,0.123531345519632,0.0310014745532789,-0.0926059401684434,0.130199762887971,0.126451542369209,1,-0.0344620891601841,0.0534541115255091,-0.130879248777891,0.0311440427190986,0.245949483616623,0.136642748087414,-0.00614886960967626,-0.136335944181564,0.0705439075781446,0.11566911185168,0.0556966567362922,0.169195352386409,0.0905728020861085,0.0167235968179228,-0.0868054508254504,0.115851206866197,0.0491561717937925,-0.0940436891622371,0.0741603864958622,0.111199073892451,-0.270637690897423,9.06946089096157e-05,-0.0350184147318599,0.0759951254191258,0.0907593298372607,0.014512980274728,-0.128895360787673,0.0578170051566605,-0.0357961058550977,0.107713492805599,0.0330245583468572,0.0186640281607244,0.00314432072066649,0.108060770122728,-0.0395475811880304,0.03565871410901,-0.040419090384476,-0.196791557177778,-0.13674042094282
"20",0.0332512167141748,0.0612809381417765,0.0145381728187399,0.063210289276775,0.0984854164830679,-0.0853214549047337,0.0459153922568688,0.132953192969276,-0.128012090659949,0.068250673105832,0.0446757932579871,0.0254781557177031,-0.00944913018964648,-0.120216398136343,0.094521088340179,-0.0733111882928129,0.199014992951927,-0.0228144670683174,-0.0344620891601841,1,0.199001890463909,-0.0964344006142116,0.0622564656656565,0.134521439917962,0.10517509368139,-0.00315990898161439,-0.0853557768082787,0.00318346136364887,-0.0140846633374491,0.173517827768625,0.214260902292173,0.395299885537035,0.099001138659395,-0.0429725621675444,-0.0489084810055447,0.176115297118756,0.0955448167651664,-0.0826417325095449,0.0479975155506918,-0.0039627517253389,0.090850573873248,0.128182748183796,0.02207950185961,0.175376735663684,0.107882908187828,-0.0946290705382938,0.115498981137131,0.151390539873595,-0.0450172870115657,0.0559846106052543,-0.163593302605439,0.0952759093620564,0.263091940264352,-0.122083583956436,0.123031296139164,0.0989088683259532,0.0758631030841191,-0.0186925798262236
"21",-0.00046585766427819,0.080392441130503,-0.058764509670876,0.16361973071515,-0.00056100778806406,-0.150137598726764,-0.051991432711562,-0.0205120317345231,0.112769420301294,0.0715831101581444,0.00980539001896913,-0.0568916481996508,-0.0129975227675918,-0.0823240652835852,-0.0225509612927009,-0.185073033780097,-0.113813860746038,-0.0302347072328424,0.0534541115255091,0.199001890463909,1,-0.108528495451384,-0.111655791469737,0.0419656928065562,0.180282839272756,-0.0762592186733397,-0.0341666864253743,-0.0808666342124565,-0.117005585126606,0.0410512828580544,0.0963230845605326,0.0652845420727936,-0.0881731141711931,-0.1223755941809,0.235276202591838,-0.020668024533885,-0.0320653326319725,0.0131359599236113,0.0636053649641281,0.0767326117786711,0.0265443321995733,0.0779992454309662,-0.0649904456499885,-0.0655264581352416,0.0701601790682249,-0.0951479280125006,-0.0726811497859767,0.189115642090302,-0.0103463060353305,-0.267717033311028,0.148710895830871,-0.118234769535546,0.222531227907346,-0.0507198682313261,0.0569012870978844,0.151707937070391,0.0379420250526863,-0.0537140692131781
"22",0.175724265696664,0.070305355340158,0.261241310062626,-0.0619887676403841,-0.04242419684652,-0.0809146985761541,0.00920400363770047,0.100682842022374,0.11816979185879,0.140618272280048,-0.0367334543995809,0.0901099293641329,-0.124737119312443,-0.00157108382990218,0.0370851245541365,0.115030801972975,-0.0657878036073814,-0.16910060846103,-0.130879248777891,-0.0964344006142116,-0.108528495451384,1,0.125269354114428,-0.0610105743226062,0.114917224493203,-0.0258990326417928,-0.0404073686698834,0.0744742122502784,-0.0441543015080342,-0.0189131700343363,-0.0227506891137772,-0.0488092498755497,0.0874654637641402,-0.0275893029550943,-0.0174250355917236,0.115192707758572,0.0099156434119402,0.159945924130266,0.0385583072517277,-0.0863857190780901,0.272035674832935,0.0687744744328213,-0.0947949668378238,0.055741735884208,0.074771600584515,0.156287947206173,-0.0421059406671491,0.0239770652446279,0.07646957431529,-0.0124902568404091,-0.0579398646588954,0.0661425700341945,0.0463135728799503,-0.0913446911385957,-0.00316921250208761,-0.00893298877186636,0.10010030858834,-0.057876253763499
"23",0.221694561815572,0.0581963909185774,0.116568022735428,0.0747443069422632,0.0315435930252446,0.0322257917367443,-0.0113408180817837,0.16484423364754,0.0692046633425268,0.0550433156931414,0.0425359359492239,0.0812271558843872,0.0558191760059255,0.191377467677205,0.03020565797116,-0.0302860590747355,0.012525348076071,0.0975846911410249,0.0311440427190986,0.0622564656656565,-0.111655791469737,0.125269354114428,1,0.126697464536798,-0.127248472911743,0.0795559633851469,-0.133681102761788,0.0125641717478424,-0.0345450778535707,-0.0297355367625133,0.146666131060835,-0.0142846165899454,-0.0878070033675558,0.0280181662901598,0.112884205675471,0.225892126976059,-0.0810054820284347,-0.0333059675350656,-0.0345416508385113,-0.0291651026182815,0.216541263072316,0.0937287876086251,0.356757124163128,-0.0271781704815247,0.136372658056212,0.133824699645903,-0.0700525126975951,-0.00058324090288949,0.146039438609765,0.10059094040264,-0.152715461622625,0.119395531380815,0.0182999042747554,0.084114242933129,0.095475525808658,-0.0853229618328255,0.114628761887555,0.122595482746453
"24",-0.0777701397044465,-0.0565468868699521,0.0530368110122456,0.011198452564745,-0.133444109629619,0.089022081438665,-0.079916887470829,-0.0574436513150361,-0.150345820648807,0.0781219745025317,0.118387501713319,-0.10709621609125,-0.119126863226407,0.0949156204843379,0.0626762190993736,-0.170690291004924,0.134193950396782,0.137891267425006,0.245949483616623,0.134521439917962,0.0419656928065562,-0.0610105743226062,0.126697464536798,1,0.0529771885527155,0.0967410730237535,-0.066941716855489,-0.156727293788508,0.190033207902859,-0.173804943904869,0.0729731707625286,0.106612590224923,0.150058465457413,-0.0362102097060577,-0.0180809668874226,0.0290379089290586,0.127376493665733,0.0445562393669181,0.146656449231225,0.159321349655018,0.160350595541278,0.0879318657146905,0.0516092009563193,-0.0759137044492849,0.107595959914531,0.118291972233317,0.145110491373704,0.0934529325178058,0.0809116440002986,0.0721985776712323,0.0282916567595795,-0.0371968934744846,0.0845048414438954,-0.0107809567755966,0.00710634346400044,-0.0934920158996163,-0.00541739509876596,-0.127051561533585
"25",0.123832546357279,0.123927929879298,0.133966169878211,0.0760545549710551,0.00080323214022483,-0.0698681948378477,0.0514452076291449,0.105898328608822,0.071205829691361,0.0716266685367258,0.390669188319669,0.219927291305891,0.0732312383514906,-0.122748088345455,0.061170613182349,0.0851478975570843,-0.0126810459922243,-0.162366279781913,0.136642748087414,0.10517509368139,0.180282839272756,0.114917224493203,-0.127248472911743,0.0529771885527155,1,-0.0421107633560097,-0.0226327159918725,0.0454650062348317,0.0285141580809749,-0.0516888441147594,-0.0638796744594139,0.133988229184808,0.213522177507322,-0.0590755114388084,0.195153471423691,-0.028987818503151,0.207412975914817,0.106588237756196,0.162173223154692,-0.166293817166193,0.117578615428735,-0.0673436389580158,0.0226413792853879,0.0540862486882642,0.147283819450637,-0.0464976622309256,0.00948818362559933,0.0624834685615203,0.130478289920173,-0.0905841372037066,-0.0231921335409478,-0.0802323463409685,0.155709931236045,-0.0993278608374198,0.0567454966571843,0.0510266805996384,-0.047534817847133,-0.155088223289441
"26",0.0433895257520683,-0.0442051628755582,0.117282689008645,0.135869712424734,0.150786092402014,0.0658841340949695,-0.201540419809896,-0.0139945868448648,0.0548188669925928,-0.142153204801331,-0.0578184820428088,0.0644623893167785,-0.0147652173607424,0.136146718691862,0.0177375770315501,0.0194272025422651,0.138359683777599,0.0390129442231811,-0.00614886960967626,-0.00315990898161439,-0.0762592186733397,-0.0258990326417928,0.0795559633851469,0.0967410730237535,-0.0421107633560097,1,0.178122740961061,0.0778747080070597,-0.0402818019946645,0.00070937660196095,-0.0589927116587322,-0.0529835133951417,-0.0503163066731296,-0.00087300427878118,-0.0782662933942324,0.160126119609858,-0.0378303465898455,0.0452127767701676,0.100501885170163,-0.110115012191976,0.0304117233655289,0.0588824408409062,-0.0163400278556004,-0.0878953176619956,0.00656662461379705,0.0244688858896151,-0.00442814042318596,-0.00542541718964938,0.217049871282455,0.101138722235494,0.0157227058835595,0.252388974865368,-0.0842323206911103,-0.0473098548439601,0.044082022940057,-0.143272502444931,0.0262287686300956,0.207883879793963
"27",0.158340395120538,0.130091982040901,-0.0382427145508126,-0.105609360139912,-0.176548336937258,-0.0110937312445155,-0.135458187263147,0.0456731313024189,0.113431766896421,0.103319263563363,-0.220723276438198,0.0355537807583211,-0.053670644677996,0.0809700321325935,-0.00725039957793055,-0.0300630471414418,-0.133195760740628,0.12609109699453,-0.136335944181564,-0.0853557768082787,-0.0341666864253743,-0.0404073686698834,-0.133681102761788,-0.066941716855489,-0.0226327159918725,0.178122740961061,1,0.0126200089963306,0.0806332358847622,-0.0342606478421732,-0.0507919505461127,0.0156807271273122,-0.178074664328274,0.0299208935806422,-0.201408747988039,0.152180841312719,-0.149569673018885,-0.0323964698834987,0.00307748983537672,-0.0760341300268107,0.0574294933302867,0.109721743908541,-0.0769268779410748,-0.00491875391872329,0.0632680242575284,0.130817346436006,0.147019621746818,0.0849285157051624,-0.0107260499074519,0.0781891854922676,0.0573014828084357,0.0578096270215405,-0.00017087015444984,0.00666755350768057,-0.090120998806882,-0.0974246542728118,-0.216510705883011,0.119460552319268
"28",-0.0187395203744632,0.0568035597894636,0.169163499208316,0.0689634113736097,0.00757804006749413,0.120780992752688,-0.106654229821657,0.146227324622757,0.0744891617335289,-0.0139414271020405,0.143569841318628,0.164181328656313,0.0963720863687468,-0.107571657136167,-0.101257227873379,0.175004706234341,-0.0150075717317619,-0.00809889548250352,0.0705439075781446,0.00318346136364887,-0.0808666342124565,0.0744742122502784,0.0125641717478424,-0.156727293788508,0.0454650062348317,0.0778747080070597,0.0126200089963306,1,-0.0904389954888251,-0.0313630748539048,0.121374962555414,0.0595134626178345,-0.048266984268901,0.00676841621672268,-0.0901094623108253,0.258653009454623,-0.167289738566118,0.0548002663818173,0.0509560229726531,0.0786278590079385,0.185207026271515,0.0587802892779286,-0.0112072186150289,0.212479647788793,-0.058186295632701,-0.117324655169686,0.118963344178347,0.0913543684000078,-0.0296158653280399,-0.0244668717200281,-0.121516148017571,0.0226483669360537,-0.0273758786181481,0.0627614843599464,-0.168322690558021,0.0400021068715349,0.0866652932133359,0.0436752658516712
"29",0.113507968596834,0.086589417197566,0.239082514987438,-0.0729679556301508,-0.00554389742172875,0.0614683733917413,0.00184458264796607,-0.161129318741209,0.0600935265837996,0.0631745714074573,0.193249319130467,0.0524785769136327,0.0274431124355889,0.117876652781073,-0.136993999511963,0.0648132336362464,0.281260800677757,0.0672103171212166,0.11566911185168,-0.0140846633374491,-0.117005585126606,-0.0441543015080342,-0.0345450778535707,0.190033207902859,0.0285141580809749,-0.0402818019946645,0.0806332358847622,-0.0904389954888251,1,0.00807023573661809,0.147305965646712,0.00804737878817322,0.00707808278899593,0.0953841869879548,-0.0317507557024799,-0.0151159830574988,-0.110670908541952,0.0624819262867263,-0.0210074880958835,-0.163979482721221,0.0396255101627227,-0.0399875929939846,-0.0348455195025817,-0.291106339653608,0.112379394811558,0.0781833855618548,0.0858865587193595,-0.151033363156409,-0.027187218813222,0.0681784793260063,0.0612092234501142,-0.0443670757612645,0.112762805860734,-0.107919092890853,0.179648028379959,0.0903210918503401,-0.196935672310339,0.0138769442795658
"30",0.149181610508499,0.142911191575173,0.0737933603263462,-0.0623067953919466,-0.00048756880757941,-0.0500187306963799,-0.0141997039938257,0.0244437938245091,0.0527006270255594,-0.00939132843635421,-0.00953190032199258,0.079612423595517,-0.157637631655984,0.0677569725424522,-0.0853508915026306,-0.0643632538666873,0.0683351650370476,-0.138728828948662,0.0556966567362922,0.173517827768625,0.0410512828580544,-0.0189131700343363,-0.0297355367625133,-0.173804943904869,-0.0516888441147594,0.00070937660196095,-0.0342606478421732,-0.0313630748539048,0.00807023573661809,1,-0.0217654038385546,0.120915965743698,-0.105947857147051,0.192382472143517,0.0403994606207589,-0.130460317068131,-0.100335115114926,-0.108812799278559,0.122054269320889,0.0287233437095362,0.021995642679206,0.0730177570027254,-0.156045322904455,0.244182924887795,0.0588626079104061,-0.182370502983956,0.043679948754896,0.0739909357611473,0.0204408688997646,0.0223839199102731,-0.0807484432282464,0.215123423946778,0.0335457095572909,-0.168590427933995,-0.0448700552084664,-0.102085445378555,-0.126806672727513,0.105795820347461
"31",0.0889607554083058,0.177665830935562,0.20215386144607,0.292804230964247,0.0393750657019493,0.0731204418353758,0.0308160031385382,0.041149700392799,0.0766469766152171,0.0381316745009204,0.220518339882923,0.127223541314231,0.145410411758825,0.0171809666808438,-0.040010788739666,-0.0325067539239712,0.157968153055418,0.061795769718472,0.169195352386409,0.214260902292173,0.0963230845605326,-0.0227506891137772,0.146666131060835,0.0729731707625286,-0.063879674459414,-0.0589927116587322,-0.0507919505461127,0.121374962555414,0.147305965646712,-0.0217654038385546,1,0.216617189710559,-0.0299337563214248,0.201664653007669,-0.0569259830828354,0.110211992630406,-0.132226377590808,0.0311956976222692,-0.129514011096508,0.0459594241918177,0.0637588055495157,0.0855965010532329,0.147901120931478,0.102378694995841,-0.0744487833064138,0.0722074386625142,0.0392801760954637,0.00886646808960638,0.292163165455936,-0.0473850908619814,0.0292568131379375,0.107801405066444,0.282466226860547,0.017371451538327,0.0563790715135875,-0.0769969149389961,0.0297182412800108,0.0772505094533919
"32",-0.0116009224286823,0.108257891559414,0.0478649614616315,-0.027887307855171,0.00314896315230187,-0.110205520901437,0.00875670165821855,0.105865535346036,0.0767330573511406,0.0481812755388764,0.128099826293303,-0.0696023250008918,0.0923431009299719,-0.134821095391254,0.132314476741327,0.0209444914406249,0.189682977406269,0.0864641773070917,0.0905728020861085,0.395299885537035,0.0652845420727936,-0.0488092498755497,-0.0142846165899454,0.106612590224923,0.133988229184808,-0.0529835133951417,0.0156807271273122,0.0595134626178345,0.00804737878817322,0.120915965743698,0.216617189710559,1,0.0953468301927078,-0.0941980843116279,0.0276800510940598,0.113937706275276,0.0946194037250419,0.144514518283057,-0.00034068628740039,-0.0195832455539675,0.236826063519068,0.169088889514038,-0.10751000106157,0.323359452432242,-0.00013886619397616,-0.178410267424147,0.112264211941044,-0.00140808351174739,0.127007366831491,0.062677479949861,0.0391388695637798,0.0333132147815819,0.181619843232914,0.150657822953932,0.0565931576087461,-0.0737253616115541,0.010257392537837,-0.137565285420408
"33",0.00361075550777646,-0.095004539341641,0.00487153352113372,-0.130118421008449,0.0709979480013188,0.0472190597605355,0.027326145530938,0.136797812015916,0.00420261771922741,-0.188808992789001,0.131938239571404,-0.0643715815808676,0.194978501319516,-0.00016005120354978,0.0862559578400449,0.0100870330944685,0.0698447482549231,0.072416960071796,0.0167235968179228,0.099001138659395,-0.0881731141711931,0.0874654637641402,-0.0878070033675558,0.150058465457413,0.213522177507322,-0.0503163066731296,-0.178074664328274,-0.048266984268901,0.00707808278899593,-0.105947857147051,-0.0299337563214248,0.0953468301927078,1,-0.00645934850960086,0.0363562172134233,-0.0644886773293563,0.318506199236399,-0.00043022422165653,0.156951062060597,0.0333084733982471,0.0552757785310831,-0.113456064696137,-0.023219382472727,0.0900996681139508,0.130907962588387,-0.106107489764578,-0.0118467601477438,-0.114402808072871,0.0997494982253917,0.138422020213049,0.0353104049528229,-0.0898250464486761,-0.136463280986959,-0.0933942514251739,0.144146390139266,0.116331562661309,0.0777668121787118,-0.0314422715965209
"34",0.125661059769396,0.018912264384179,0.179919128093594,0.153961494201337,0.013448462315794,0.220126777836921,0.0171193388024721,0.129089804635998,-0.136566018806099,-0.150367245386008,0.175984420057583,0.0571384914759146,0.0107968615555458,-0.0642821733288947,0.0558439429694995,-0.0114309156977019,0.213719161484899,-0.12366369367138,-0.0868054508254504,-0.0429725621675444,-0.1223755941809,-0.0275893029550943,0.0280181662901598,-0.0362102097060577,-0.0590755114388084,-0.00087300427878118,0.0299208935806422,0.00676841621672268,0.0953841869879548,0.192382472143517,0.201664653007669,-0.0941980843116279,-0.00645934850960086,1,-0.16994047973342,0.0173487058529665,-0.112971395416645,0.0988590634054058,0.0665326467599286,0.120300916540589,-0.0807515728795038,0.0546371301159866,-0.0821709322767496,0.02726938484953,0.040247090241603,0.144679920641938,0.0936276971399495,-0.0340695605302055,0.134750064696659,0.0261563459140258,-0.241889846998347,0.0417015387527201,-0.0335514896732245,0.0130700295046206,0.00834876233196808,-0.105801519151008,0.0646628282460795,0.341119405106658
"35",0.0523670749941812,0.175173950406706,-0.123337722127929,0.0332235957708577,0.190738719122658,-0.0605548658492078,0.204425293422133,0.188335143832282,0.246090098169673,-0.010200643874173,0.0338820068279817,-0.167821850529716,-0.115674601720245,0.009168467245444,-0.0272125004576128,0.0047383028625339,-0.130362761035606,0.0603232484483054,0.115851206866197,-0.0489084810055447,0.235276202591838,-0.0174250355917236,0.112884205675471,-0.0180809668874226,0.195153471423691,-0.0782662933942324,-0.201408747988039,-0.0901094623108253,-0.0317507557024799,0.0403994606207589,-0.0569259830828354,0.0276800510940598,0.0363562172134233,-0.16994047973342,1,-0.120555573298393,0.240293578875272,-0.0941244811199302,0.0787216296275385,0.0367116732077607,-0.0538436911941603,-0.051797726732879,-0.0347236812700697,-0.058330164918879,0.192826088784581,-0.109117117668354,0.0508937477078505,0.00109615727999207,-0.0613863648261975,-0.0994269548593431,0.109003941561551,-0.0307515745987655,0.0954707026134464,0.192303948853285,-0.0155027714501967,0.0112181733648335,0.0294792002309906,-0.146873373525787
