"","l_Insular.Cortex","r_Insular.Cortex","l_Amygdal.Area","r_Amygdal.Area","l_Bed.Nucleus.of.the.Stria.Terminalis","r_Bed.Nucleus.of.the.Stria.Terminalis","l_Hippocampus","r_Hippocampus","l_Orbitofrontal.cortex","r_Orbitofrontal.cortex","l_Entorhinal.Cortex","r_Entorhinal.Cortex","l_Frontal.Association.Cortex","r_Frontal.Association.Cortex","l_Globus.Pallidus","r_Globus.Pallidus","l_Glomerular.Layer.of.the.Accessory.Olfactory.Bulb","r_Glomerular.Layer.of.the.Accessory.Olfactory.Bulb","l_Glomerular.Layer.of.the.Olfactory.Bulb","r_Glomerular.Layer.of.the.Olfactory.Bulb","l_Granule.Cell.Level.of.the.Cerebellum","r_Granule.Cell.Level.of.the.Cerebellum","l_Hypothalamic.Region","r_Hypothalamic.Region","l_Entorhinal.Cortex","r_Entorhinal.Cortex","l_Vermix.Molecular.Layer.of.the.Cerebellum","r_Vermix.Molecular.Layer.of.the.Cerebellum","l_Lateral.Molecular.Layer.of.the.Cerebellum","r_Lateral.Molecular.Layer.of.the.Cerebellum","l_Anterior.Olfactory.Bulb","r_Anterior.Olfactory.Bulb","l_Posterior.Olfactory.Bulb","r_Posterior.Olfactory.Bulb","l_Subiculum","r_Subiculum","l_Perirhinal.Area","r_Perirhinal.Area","l_PreLimbic.System","r_PreLimbic.System","l_Primary.Cingular.Cortex","r_Primary.Cingular.Cortex","l_Primary.Motor.Cortex","r_Primary.Motor.Cortex","l_Retrosplenial.Cortex","r_Retrosplenial.Cortex","l_Secondary.Cingular.Cortex","r_Secondary.Cingular.Cortex","l_Secondary.Motor.Cortex","r_Secondary.Motor.Cortex","l_Striatum","r_Striatum","l_Ventral.Tegmental.Area","r_Ventral.Tegmental.Area","l_Substantia.Nigra","r_Substantia.Nigra","l_Thalamus","r_Thalamus"
"1",1,0.683405594071382,0.30054921276666,-0.161203241248696,0.148475065732806,0.00843528300497976,0.14005189219983,0.196224476968,0.335982861419334,0.261183499070621,0.442071350946794,0.44328847782693,0.109668406971798,0.206058984196903,0.289601671520284,0.0965405998610757,0.423863227853456,0.425536920160466,-0.181376730689152,-0.164044573412467,0.0539370976862781,0.0147708807454149,0.00067985056422761,-0.020291145003142,-0.0568655886468705,-0.085636038248523,0.189246400717263,0.0919717189197063,0.117449383655531,0.0964560405867501,0.135430542200447,0.192719320834548,0.329611719410835,0.233647286696163,0.24514030310149,-0.00677089638863637,0.253887234039005,0.0818404469769249,0.316603488963824,0.212579240886123,0.146650771655046,0.172120699027344,-0.040761451245047,-0.189619768202282,0.0600224276222206,-0.0773911602487476,0.11083586000016,0.104572389292143,0.201693768414141,0.259257949525354,0.0912912901769608,-0.0240203979586927,-0.144901245406025,0.0150737608175009,0.0446313016141021,0.0975917514554565,-0.0377181617977693,-0.208945084242545
"2",0.683405594071382,1,0.167544779609059,-0.133611342524246,0.126627437033207,-0.0259671964545189,-0.0122922081296814,0.0655172672067604,0.271954406411689,0.329630244600013,0.201460266472998,0.452342890420204,0.102793976889093,0.209212930206704,0.271765258805902,0.131211278382553,0.207285024928663,0.434523167029605,-0.166605465575804,-0.0742374863171049,-0.024525124073859,0.0127102938376732,-0.113627937646478,0.0512139150380968,-0.107915639679175,-0.0463569075544878,0.0845937010198112,0.0916376795389859,0.125714852078657,-0.049438946587112,0.0632781924238605,0.117534513649303,0.281227755639473,0.147515525016364,0.211629643985561,0.0395696007801964,0.284793636110716,0.109987587275788,0.196166874216413,0.085382580141139,0.0545301512657756,0.152668535067582,-0.0648037970158104,-0.0415546023085588,-0.0553527596253306,-0.14805526245548,0.0758206134228515,-0.00949941633434163,0.0661180298918162,0.324473421052857,0.122706541989347,0.0493391478156919,-0.146321876070906,-0.0569072930971067,-0.027468078536953,0.112011658278433,-0.0963386001310805,-0.220251330309125
"3",0.30054921276666,0.167544779609059,1,-0.00974505245314597,0.22580484318792,0.0969229905325507,0.119246692440986,0.210348666314384,0.0724105803856717,0.0188591709785003,0.0744912321554658,0.0314400238556811,0.0976452262608287,0.157531766697613,0.072125662243535,0.016773359601468,-0.0634330061868746,0.0627808126651899,-0.0216822210157953,0.0120472368068457,-0.0236786225890384,0.0385337460925323,0.0772319858703642,0.105494004321879,0.147353820459314,-0.0794407115032075,0.0456092195476031,0.126097080561028,-0.00643123356773344,0.029054827679356,0.0902642638706936,0.142038182993969,-0.0636707823754959,0.0593660857954901,0.0637925474864791,0.0293274071769866,0.177097478160877,-0.0230006068395937,-0.0331167959292789,-0.0681645382121146,-0.0788384673263093,-0.0277386244387494,0.206380953867671,0.130312930124229,0.0774438711008347,0.0300650521561422,0.0230307854529423,0.0604921637061707,0.129287983293666,0.152924179366312,0.0749601850774124,-0.0378434607613857,0.126264482372119,0.090815013118983,0.0556564573028785,0.155896158358813,0.0609190558497437,-0.15158379174217
"4",-0.161203241248696,-0.133611342524246,-0.00974505245314597,1,-0.0905619089903252,0.102631249503069,0.0528701537668701,0.061844865343585,0.00611398396400255,-0.115991597112653,0.0156089552148869,0.163309101907349,-0.158994006605387,0.0380311543996638,-0.112300946552161,0.0248398651656953,-0.0017080240458739,0.048217255040065,0.127000026443808,0.112614001840668,-0.216914574388572,0.14321655220712,0.171001534013555,0.278022808993798,0.121668757419946,0.107848561996886,-0.146634166924714,0.00750178229450067,-0.130650788969432,0.0185477866205754,0.0332698677135763,0.112395632885655,0.00269900287596046,-0.0900189169375451,0.196907348117564,-0.0371949865491728,-0.103980660126867,0.0803878858614241,-0.126479517425419,0.156460110833286,-0.0832202866242044,-0.00828262834108046,-0.116333927244159,0.130519501050813,-0.0836338413535851,0.0499519169999562,0.00767470700478775,0.0628666937556991,-0.215772347436616,0.0111861198033425,-0.0336768545177239,-0.0902306843042042,0.11365086318627,0.154658054818231,-0.0648458779483804,0.0165889291902203,0.0910611568612903,-0.012547332773234
"5",0.148475065732806,0.126627437033206,0.22580484318792,-0.0905619089903252,1,0.117834290423909,-0.00041294854843756,-0.00176207948998879,-0.0799184198917792,-0.0542321316511153,0.151611121576664,0.097622777392518,0.140695317945826,-0.00852404818532813,0.00166445554781879,-0.112263438051028,0.0780866319518941,0.104873163276449,0.1355824640642,0.0614318809491309,0.042719033259416,-0.162187439761081,0.0243129293988717,0.15628960563892,-0.0530117074123035,-0.0252119020866654,0.0903543794151642,0.232501469737835,0.132328803420251,0.0249403191262167,0.242019123600046,0.0816635902148789,-0.0124807988003393,0.110752333208407,0.0274478246069328,-0.0539327188711447,0.00148175188113839,0.0388429068173521,-0.056661674829601,-0.116200415531146,0.066242569679734,-0.00015715144400564,0.118754512291438,0.17088941953432,-0.0351180713625946,-0.100661271148139,-0.0831951209149601,-0.0798258101917569,0.165199374548145,0.0831723329976907,0.106667642465378,-0.03971012331896,0.0913491089318258,0.0233379405814141,0.0791765870100112,-0.0250247310883388,0.181306940871948,-0.0145744917751642
"6",0.00843528300497976,-0.0259671964545189,0.0969229905325507,0.102631249503069,0.11783429042391,1,0.0111654708757122,0.111930762809515,-0.132277537390111,-0.234953339763959,-0.194560936906752,0.0974044972565879,0.174551035735454,0.0105338511669654,-0.0503166156474291,0.149208838198241,-0.00483884317822915,0.0759816290045539,0.0769043365741583,0.036351632260748,-0.0612309158158496,0.0687948828202163,-0.0122046250402791,0.274080490841832,-0.0924457872949047,0.0714339903812367,-0.0850428950423226,-0.00781471293347702,-0.00634904179843743,-0.075172409222095,-0.166095119582083,-0.0419091946107381,0.0754309508271047,0.0507973226370299,0.00364966044108686,-0.0300282817329289,-0.0104908090989756,-0.137602451682672,0.113819181219155,-0.00167647471964871,0.0237774399483365,0.0422003227262983,0.108140015704347,0.00646072592075215,-0.158797024270288,-0.0258641693044479,-0.0177833007163256,-0.0686288153480398,0.14051049176849,0.102571503008785,0.174152680029413,0.0903331217047088,-0.0924136644698081,-0.0504357546428538,0.0451433047229478,0.0223696683651236,-0.0288602210991759,0.117930082762861
"7",0.14005189219983,-0.0122922081296814,0.119246692440986,0.0528701537668701,-0.00041294854843756,0.0111654708757122,1,0.0758042657146807,-0.0595134121433934,0.00243066292203594,0.176130744188384,0.0764145550677667,0.0416883754638571,-0.065950098998267,0.0729230559248767,-0.117567217046586,0.177147229112297,0.119517583886036,-0.0103595941833564,0.156398430656862,0.0632915800932304,0.0254452771864149,0.240854187985183,-0.00372368727029988,0.344729343419209,-0.309725259805829,0.0418145761054357,-0.0367744047621184,-0.216727803511807,0.113846168436552,0.175438519724967,0.114910779321159,0.0221477286575593,-0.0348487359759546,0.351933016373593,0.210022633344084,0.220027044265922,0.231159587149652,0.00164406821518863,-0.104798067654894,0.17333055122394,0.104766480676332,0.0154163935155157,-0.338049668876904,0.376763701698776,0.350380820593891,0.194819854798788,0.116155584686853,0.0162592922417813,-0.121547068164422,-0.109636406439449,-0.100542898846654,0.256555991918738,0.188324577166753,-0.153836654820607,0.174157120262277,0.266874979278285,-0.016868511424653
"8",0.196224476968,0.0655172672067604,0.210348666314384,0.061844865343585,-0.00176207948998879,0.111930762809515,0.0758042657146807,1,-0.0202098926753056,0.0656986471450879,0.0932115651981678,0.124701568010274,0.0522871298717062,0.00838123582167208,-0.0449787450097466,0.0665640287718535,0.0510879852218306,0.0390141135786462,-0.224651707766002,-0.0320577785298037,-0.0429611133558351,0.0205085318617597,-0.0424174463983463,-0.0143378651947649,0.0791078787120934,0.155170774494336,0.101294822109691,0.0837538970753478,0.0630156070927832,0.0417393571456788,-0.205267883485906,-0.0714689950279407,-0.0301502264144184,0.0699282267373479,0.144161260255733,0.312678060401545,0.0461821337613941,-0.0122026686036013,0.105654282691444,0.118942399498704,0.171912824211303,0.240291579031874,-0.107059774468417,-0.161076004755624,0.0727733936834225,0.0335621261802704,0.0918017950906883,0.222056286464755,0.0263003930502358,0.0184213956079994,-0.114571913586606,-0.0734522746048131,0.0417543561636541,0.137216863248403,-0.116288815409903,0.0119683144162483,0.0652263616967984,-0.0865539499605105
"9",0.335982861419334,0.271954406411689,0.0724105803856717,0.00611398396400255,-0.0799184198917792,-0.132277537390111,-0.0595134121433934,-0.0202098926753056,1,0.295930549844998,0.0765920138435351,0.120906651872876,-0.0120327024392295,0.254885912496097,-0.0205157206915907,0.0195397300803236,0.222233522201266,0.114965302744242,-0.0262882058093705,-0.00532194415428633,0.0245232153126899,-0.0148285759147245,-0.111791243474712,-0.123743873935903,-0.00863721184430597,-0.0826408230728606,0.079493683894748,-0.0451624161571584,-0.0179664879114786,0.0416000474246463,-0.0131158024374468,0.0594070226439299,0.0808165635435922,0.0823903320319773,0.00572524634316369,-0.13487664486445,0.100096723103152,-0.0265382858053617,-0.0575188846548548,0.0818704160214877,0.0320327223432722,-0.0186159530755584,0.111276621124594,-0.225845089109559,0.0720938408546768,0.00302891718449503,-0.128520888212742,-0.0846186326372712,-0.0250805695413933,0.00889288040828985,-0.154308680186308,-0.059913224087371,-0.212142326053473,0.0343358388143084,-0.0131295302097116,0.0987158478353286,-0.097532415640044,-0.151877137217937
"10",0.261183499070621,0.329630244600013,0.0188591709785003,-0.115991597112653,-0.0542321316511153,-0.234953339763959,0.00243066292203594,0.0656986471450878,0.295930549844998,1,0.173213449988219,0.207362489122994,-0.258113063672277,0.192507878543244,-0.0181383728578271,0.236044562448006,0.133523175283743,0.0806248625462002,-0.102443412624524,-0.127423834739552,-0.0819120028445262,-0.0641969548271985,-0.0448147978182903,-0.132632995645826,-0.20113013050601,-0.0144399626614555,-0.00856292514667387,-0.0215234608142083,0.0844444074759524,-0.0136972351585827,0.0457102290337138,-0.0292255708792413,0.07633303009399,-0.0606385279591158,0.125542794344715,-0.0766086858857229,0.117151410732681,0.0350536043874642,0.0294665061024439,0.0669575405758486,0.242234357101986,0.137001099283835,-0.180675395955956,-0.261125935827584,0.0589307530880863,-0.0198005410609636,0.0108717171985981,-0.019713578100717,-0.179119756168223,0.0556183597321227,-0.119665177633829,-0.201909483559136,-0.0593767840107383,-0.0425633412600848,0.0289877748779636,0.206839443412338,-0.148454586973625,-0.246574132687006
"11",0.442071350946794,0.201460266472998,0.0744912321554658,0.0156089552148869,0.151611121576664,-0.194560936906752,0.176130744188384,0.0932115651981678,0.0765920138435351,0.173213449988219,1,0.377061350376872,0.0338745484466792,0.012248628143175,0.103193462005213,0.00568499922387502,0.336688149687455,0.251274816839261,-0.0828639115153832,-0.05642922815549,0.183242853814855,-0.0174996235516748,0.100717800442182,0.0441373724264648,0.182339173858955,-0.0956071927932838,0.202277574192846,0.0562675982924541,0.121236583022098,0.124075522999389,0.215273929270993,0.144925278368464,0.266072985599807,0.206426151327844,0.235385022637703,0.0222419256354091,0.0918786455069215,0.150593465236529,0.162645857610366,0.131042714637071,0.128664434741607,0.119972425991788,0.029375112790814,-0.0641628914026372,0.0985175374359258,0.0647642634798249,0.0391276502210417,0.0969959318841585,0.152441940059094,-3.21027860898394e-06,0.106215479511727,-0.0733270369083605,0.0367765544977652,0.277664605102083,0.0505674425681179,0.00329713830865461,0.122938933653131,-0.148828896482073
"12",0.443288477826929,0.452342890420204,0.0314400238556811,0.163309101907349,0.097622777392518,0.0974044972565878,0.0764145550677667,0.124701568010274,0.120906651872876,0.207362489122994,0.377061350376872,1,0.17222241383412,0.206507982326303,0.0847467881810947,0.0858312235679642,0.285876871958736,0.241084703110703,-0.122760933538682,-0.0708571869138358,-0.0469893868081663,0.163318984557397,-0.0438412840209289,0.0725841973333056,0.112261369878991,-0.0945272398578967,-0.0651755818194235,0.050629427053273,0.191390438104656,0.173586419039083,0.112615414659637,0.119145674537914,0.287165359141189,0.214403267286763,0.325513226592516,0.205503325840474,0.0898362509532258,0.217647611428759,0.161757794517187,0.169055751404778,0.00180657947188885,0.113950369306056,-0.00561900350944489,0.0304771723123927,0.0795153943944819,-0.0233954770914107,0.00501755566559686,0.0265490069674537,0.144164250869061,0.352190307043366,0.0165184228615619,-0.133280663934917,0.0154197893052675,0.11125489357136,0.0541543414174283,0.00929592940812864,0.0603183854675334,-0.275294995323908
"13",0.109668406971798,0.102793976889093,0.0976452262608287,-0.158994006605387,0.140695317945826,0.174551035735454,0.0416883754638571,0.0522871298717062,-0.0120327024392295,-0.258113063672277,0.0338745484466792,0.17222241383412,1,0.189654265620979,0.0463133099354289,-0.140238118741736,0.13578077515952,0.0285554628930281,-0.154771753558441,-0.139286965078763,-0.0495076977887241,0.115635978146076,-0.0272087868232514,0.0104510072538115,0.139559236575809,-0.149385138728974,0.155159310942949,0.239110883570402,0.160218846005418,0.09279762293036,-0.17304470898114,-0.0379541813773125,0.0704182859418995,0.35508282110648,0.0974971952219381,0.0415977652922782,0.157272286800478,0.157063256284567,0.103082102628039,-0.0922566876459447,-0.217814358255398,-0.182715159181117,0.153975372372691,0.108536136570524,0.0359343299544146,-0.143297906669927,0.00511668738333914,-0.00239994252997361,0.597898070321927,0.110822290431823,-0.127881313665194,-0.0203883784750117,-0.0576100812957312,-0.118364271610879,0.0230277362416021,-0.00828056828505698,0.0414656194815828,-0.028377117156709
"14",0.206058984196903,0.209212930206704,0.157531766697613,0.0380311543996638,-0.00852404818532813,0.0105338511669654,-0.065950098998267,0.00838123582167208,0.254885912496097,0.192507878543244,0.012248628143175,0.206507982326303,0.189654265620979,1,-0.0498657709855346,0.0552008102284934,0.38074759844596,0.318606784467354,0.0460884656179569,0.121228776493902,0.00636662801497752,0.0861850491955637,0.0696205268867569,-0.0151880791187811,-0.167985228785752,-0.107481283383327,0.00277020895953337,0.179585609873988,0.083159369797098,-0.0270560900174386,0.0591738348787553,0.188390303648001,0.0119821690338444,0.310698246783082,-0.0254677266787273,-0.0653567333245135,0.0635310917911171,0.0222827195257285,0.197702107658869,0.258451178622277,-0.0407273510630963,-0.0753533783944856,0.0568019190942211,-0.0104162687146384,-0.300579590148186,-0.208598798890937,-0.153583484575162,-0.145495249697293,0.14857758990048,0.661410556776946,-0.00976845708187707,0.0502670165561086,0.0299556915207775,0.0224072707481106,0.140550386136434,-0.0808924774707701,0.0445864634587597,-0.146716631488013
"15",0.289601671520284,0.271765258805902,0.072125662243535,-0.112300946552161,0.00166445554781879,-0.0503166156474291,0.0729230559248767,-0.0449787450097466,-0.0205157206915907,-0.0181383728578271,0.103193462005213,0.0847467881810947,0.0463133099354289,-0.0498657709855346,1,-0.0618286802587861,0.259758855134142,0.257150564868223,-0.130927788809308,0.00349541696405153,0.146937993432026,-0.177351583159353,0.0400415698390797,0.0376158016937394,0.0482020030608502,-0.0930757816352482,-0.0123005997314159,-0.118772863764734,0.0108429540890008,-0.00076159579526627,0.162426110775659,0.0975685584186776,0.154510034671996,-0.0832537933468269,0.179686272268521,-0.0542191736613162,0.233483297196679,0.226516444077618,0.178813479440796,0.0334995434053155,0.111787950552661,0.172991603239101,-0.191612068257633,0.0929223460427694,0.029255378508437,-0.0225133261420834,0.181113467152589,0.127882319701016,0.116096253234738,0.246673231739283,0.257896274346566,-0.012871464157237,-0.0831294200491978,-0.124392566497641,0.0256227127421701,0.180128500229502,-0.0639534681196664,-0.033248311143425
"16",0.0965405998610757,0.131211278382553,0.016773359601468,0.0248398651656953,-0.112263438051028,0.149208838198241,-0.117567217046586,0.0665640287718535,0.0195397300803236,0.236044562448006,0.00568499922387502,0.0858312235679642,-0.140238118741736,0.0552008102284934,-0.0618286802587861,1,-0.0405364142202667,-0.119198499570943,0.014720629020231,0.0683251935381931,-0.208789358242019,0.0273584863777993,-0.212203096629286,0.102765369943883,-0.0495816771040294,0.0565996560885803,-0.29289531740469,-0.110396946786876,0.0239703857448234,-0.0893723723836227,-0.0507620209899067,-0.0572635715775924,0.0168411187738346,-0.0839284477169687,-0.0274210562364498,0.00599232962699491,0.00429643195142325,-0.053367367369471,0.00402919743209192,0.0373699736362794,-0.0440527754300266,-0.216847072789047,0.114627697989652,0.0301101436707479,-0.19390464420597,-0.0160835237777922,-0.0987655488483479,-0.116198231876202,-0.0280805998428388,0.0117121921162386,0.0756988126869379,0.144756337733245,0.0112473979351133,0.258350593272704,0.0215096112678019,-0.0439676888501049,-0.121990655886999,0.0179217479568475
"17",0.423863227853456,0.207285024928663,-0.0634330061868746,-0.0017080240458739,0.0780866319518941,-0.00483884317822915,0.177147229112297,0.0510879852218306,0.222233522201266,0.133523175283743,0.336688149687455,0.285876871958736,0.13578077515952,0.38074759844596,0.259758855134142,-0.0405364142202667,1,0.530812324160045,0.07889834586313,0.210233421768754,-0.0278665057902913,0.0310200103173449,0.240956874325795,0.0888455952730007,-0.0604739377942602,-0.13599788142493,0.0558558234711374,0.130358638169232,0.0750314877436764,0.0132610494126933,0.296230307033335,0.369335005494603,0.367099034195053,0.295000531327128,0.184444308923705,-0.217441741448941,0.159158571914134,0.113444427880783,0.386574059107975,0.317220099159516,0.236463427746635,0.218888420119913,-0.0945000490689969,-0.228060917915944,-0.0529466045678019,-0.134367025393877,0.0410773311554646,0.0563560310710957,0.359250358418005,0.334769608238103,0.00479403741498951,-0.212000223264086,-0.0326355021789157,0.00138706560795567,0.0996177414680118,0.0296847985401177,-0.0797262523620324,-0.210397056183832
"18",0.425536920160466,0.434523167029605,0.0627808126651899,0.048217255040065,0.104873163276449,0.0759816290045539,0.119517583886036,0.0390141135786462,0.114965302744242,0.0806248625462002,0.251274816839261,0.241084703110703,0.0285554628930281,0.318606784467354,0.257150564868223,-0.119198499570943,0.530812324160045,1,0.0535009765654365,-0.0435706159337435,-0.00616486576291918,-0.152848483929318,0.107411105070411,0.0340719365376883,-0.122576121877985,-0.109384413190876,0.123668042087475,0.0936067113445945,-0.0272191759092207,-0.0835173498828818,0.20857993776498,0.274478494373136,0.245098240774446,0.135497453737721,0.162615395316808,-0.0251669273881875,0.0670652713220124,0.0875501821388685,0.250191803714374,0.198218319228593,0.139866770312587,0.19154615651804,0.0126228318523717,0.00705176499560741,-0.133382099596132,-0.0640521087352996,0.0657779558678332,-0.028329500422611,0.260705434484357,0.471743516779601,0.200839633068856,0.0277351634457857,-0.132873996957891,-0.120376036573422,0.0981856044039699,0.0792618149732053,-0.0874267292728657,-0.134939607102455
"19",-0.181376730689152,-0.166605465575804,-0.0216822210157953,0.127000026443808,0.1355824640642,0.0769043365741583,-0.0103595941833564,-0.224651707766002,-0.0262882058093705,-0.102443412624524,-0.0828639115153832,-0.122760933538682,-0.154771753558441,0.046088465617957,-0.130927788809307,0.014720629020231,0.07889834586313,0.0535009765654365,1,0.404454111614921,-0.0714935244684263,0.0935206677496687,0.173311910697852,0.351756569413908,0.00838048953778705,0.0905336959634485,-0.301164277310783,-0.0314219422333874,-0.235317709611962,-0.0065266490869451,0.47820150500092,0.359073698835076,-0.199568100867061,-0.0134227137414625,-0.0457157826453481,-0.165149944967513,-0.173789046980972,0.00496406003945754,-0.0876373427184183,0.101406644767388,-0.00448719298130274,0.0090886479407164,0.0732574180243087,0.127055050111344,-0.235743777298761,-0.252963671734198,-0.173552889786639,-0.273505592595687,0.0061333528591327,0.0490858816613419,0.163498515895148,0.023642861373147,0.228782402233882,0.0323099674164961,-0.0382064175404641,-0.150145096134949,-0.0105575426123837,0.0800498931697825
"20",-0.164044573412467,-0.0742374863171049,0.0120472368068457,0.112614001840668,0.0614318809491309,0.036351632260748,0.156398430656862,-0.0320577785298037,-0.00532194415428633,-0.127423834739552,-0.05642922815549,-0.0708571869138358,-0.139286965078763,0.121228776493902,0.00349541696405153,0.0683251935381931,0.210233421768754,-0.0435706159337435,0.404454111614921,1,0.00774652865234611,0.147626966302967,0.088052665596641,0.118525043507611,0.038995755915159,-0.00380323311064357,-0.184402833447656,-0.00809841821598174,-0.0131250322522533,-0.00633733458328023,0.315147259898679,0.431991907252165,-0.0686134076422489,0.0331671526881676,0.064371003421906,-0.137505552921235,0.114355013464075,0.0537110073484107,-0.0680321909778168,0.0194473654349572,-0.00591259760911782,-0.0531067768161978,0.170229958057848,0.013825178982043,-0.129419043376123,-0.0461069421522064,-0.124932653438047,-0.136341543322989,-0.124094689504213,0.0442551465967035,0.145487987177909,-0.0311303568211808,0.226533727859696,0.0796228354312825,-0.0678693573108317,0.111790553297572,0.105776952784256,-0.0313712128194863
"21",0.0539370976862781,-0.024525124073859,-0.0236786225890384,-0.216914574388572,0.042719033259416,-0.0612309158158496,0.0632915800932304,-0.0429611133558351,0.0245232153126899,-0.0819120028445262,0.183242853814855,-0.0469893868081663,-0.0495076977887241,0.00636662801497752,0.146937993432026,-0.208789358242019,-0.0278665057902913,-0.00616486576291918,-0.0714935244684263,0.00774652865234611,1,-0.0145138479268267,-0.0288386381066619,-0.168295548731976,0.0453496747346929,-0.044476148848718,0.0727812702793639,-0.142027582982817,0.070659493918651,0.134554257028014,-0.0635031298586387,-0.119312000837218,0.0713340246234121,0.102330922348806,-0.148177262436988,-0.0306531272498221,0.0651957646037602,-0.0188664283880713,0.173186340411659,0.0531356392129639,0.0966497391924851,0.129106405144141,-0.0679280437865742,-0.0457383610012701,-0.13446724001948,-0.0866259094898716,0.0145663722517472,0.051919582977446,0.0668747815240685,0.133060292266979,0.074514878640353,0.168147099199075,0.158840657569416,0.0490504291389667,-0.0534176166463591,-0.101853577003019,0.0536956313678312,0.0603418777029965
"22",0.0147708807454149,0.0127102938376732,0.0385337460925323,0.14321655220712,-0.162187439761081,0.0687948828202163,0.0254452771864149,0.0205085318617597,-0.0148285759147245,-0.0641969548271985,-0.0174996235516748,0.163318984557397,0.115635978146076,0.0861850491955637,-0.177351583159353,0.0273584863777993,0.0310200103173449,-0.152848483929318,0.0935206677496687,0.147626966302967,-0.0145138479268267,1,0.0239349182265687,0.255561187603663,0.0363177348808888,0.069017495546806,0.20687713951919,0.24283537999129,0.167229121617325,0.221193931560559,0.103125595951547,0.1103615968883,0.168606316624704,0.193734287176406,-0.0249717988521295,-0.0626812320152245,-0.0302418676583102,-0.0621810580154665,0.116196958829713,0.141701125715378,-0.0818144879031491,-0.0205109889926298,-0.192133216648727,-0.0896341884671218,-0.0428376397245805,-0.138442667322875,-0.0276671852245597,-0.156575621066632,-0.0495108284255097,-0.0536925487252317,0.0363181099461995,-0.116526737784092,0.0575364557987452,0.0847655261349005,-0.126236649429681,0.0581548979459905,0.0308329029037978,-0.00953013179037224
"23",0.00067985056422761,-0.113627937646478,0.0772319858703642,0.171001534013555,0.0243129293988717,-0.0122046250402791,0.240854187985183,-0.0424174463983463,-0.111791243474712,-0.0448147978182903,0.100717800442182,-0.0438412840209289,-0.0272087868232514,0.0696205268867569,0.0400415698390797,-0.212203096629286,0.240956874325795,0.107411105070411,0.173311910697852,0.088052665596641,-0.0288386381066619,0.0239349182265687,1,0.102761159493648,0.0486378439033043,-0.0751709454451856,0.0535199833487721,0.0945838394186273,-0.229126816144321,-0.0830447715319619,0.128018995220618,0.157776311832383,0.031364098883868,-0.02065949537807,0.0416467789140396,-0.169208111206857,0.0708280873250942,0.111866598457608,0.163702851351579,0.178571651766169,0.107905532695786,0.120928779470998,-0.0769165206103899,-0.0267382202512637,0.0494365952989267,-0.0405107519376036,0.130777438750836,0.103866893156629,0.156645160073588,-0.00079762930472422,0.0974305345043361,-0.21827934644037,0.214986669083856,0.0199785104285373,0.200876899745361,-0.0635973655581176,0.0350152168282727,0.00382623052677988
"24",-0.020291145003142,0.0512139150380968,0.105494004321879,0.278022808993798,0.15628960563892,0.274080490841832,-0.00372368727029988,-0.0143378651947649,-0.123743873935903,-0.132632995645826,0.0441373724264648,0.0725841973333056,0.0104510072538115,-0.0151880791187811,0.0376158016937394,0.102765369943883,0.0888455952730007,0.0340719365376883,0.351756569413908,0.118525043507611,-0.168295548731976,0.255561187603662,0.102761159493648,1,0.0511156510332741,0.0206415256933818,-0.108534427666505,0.090086338094432,0.102872600244962,-0.00552445370923178,0.213837219214721,0.235928842367363,-0.049457943932841,-0.135411360414671,0.08530248598152,-0.0373825852843475,-0.0387295317168495,-0.0436593448243036,-0.00416435301609316,0.1322054978698,-0.095262935369649,-0.0124582361589333,-0.013771398801067,0.0525502972240719,-0.165198304334671,-0.0679562639719851,-0.120100298673299,-0.256818642799209,0.0683538125175017,0.0242681809874244,0.268952625503263,-0.103195177777857,0.0123973410167393,0.124465303316556,-0.214187129441797,-0.0252950355590243,-0.0638891698123614,0.0433222891882951
"25",-0.0568655886468705,-0.107915639679175,0.147353820459314,0.121668757419946,-0.0530117074123035,-0.0924457872949047,0.344729343419209,0.0791078787120934,-0.00863721184430597,-0.20113013050601,0.182339173858955,0.112261369878991,0.139559236575809,-0.167985228785752,0.0482020030608502,-0.0495816771040294,-0.0604739377942602,-0.122576121877985,0.00838048953778705,0.038995755915159,0.0453496747346929,0.0363177348808888,0.0486378439033043,0.0511156510332741,1,-0.0605168028232618,-0.035292072710938,-0.0617204454477817,-0.020918476703739,0.0874076140755812,0.0462314166542858,0.0117225050868257,-0.0320751915598612,0.0335382574472629,0.0625098347907853,-0.0822683064368678,0.0324576083118927,0.177571569413971,-0.141978220599327,-0.0478009676629485,-0.261275036744377,-0.149886252601736,0.0827708090119607,-0.0318944724792999,0.106721013025383,0.0849986894693195,-0.156875607330312,-0.112181406726086,0.0405584002049037,-0.207041426121065,-0.252956186779312,-0.0347664144621386,0.135507439379009,0.235629849203023,-0.0778434527248228,-0.0423213617884386,0.129888146809466,-0.121691350039272
"26",-0.085636038248523,-0.0463569075544878,-0.0794407115032075,0.107848561996886,-0.0252119020866654,0.0714339903812366,-0.309725259805829,0.155170774494336,-0.0826408230728606,-0.0144399626614555,-0.0956071927932838,-0.0945272398578967,-0.149385138728974,-0.107481283383327,-0.0930757816352482,0.0565996560885803,-0.13599788142493,-0.109384413190876,0.0905336959634485,-0.00380323311064357,-0.044476148848718,0.069017495546806,-0.0751709454451856,0.0206415256933818,-0.0605168028232618,1,-0.134437163355652,-0.175419750187168,-0.0738030204868975,-0.00894390528375978,-0.183244142914935,-0.037118991024192,-0.0535154335901333,-0.0482588575637894,-0.140854353156107,-0.0934409003262331,-0.117102912245701,-0.246868745430417,0.102703658020772,0.16378035070671,0.178117761561216,0.211250581998772,-0.301278640912446,-0.0101060644742319,-0.115699380540318,-0.0814722985426973,-0.00952793890223363,-0.00675863508161914,-0.173046613538554,-0.038003232225158,0.134749105109162,0.0587717345565371,-0.224760364436068,-0.152309965253216,0.0750399236619751,-0.19478295635848,-0.143942268453154,-0.0112605907244331
"27",0.189246400717263,0.0845937010198112,0.0456092195476031,-0.146634166924714,0.0903543794151642,-0.0850428950423226,0.0418145761054357,0.101294822109691,0.079493683894748,-0.00856292514667387,0.202277574192845,-0.0651755818194235,0.155159310942949,0.00277020895953337,-0.0123005997314159,-0.29289531740469,0.0558558234711374,0.123668042087475,-0.301164277310783,-0.184402833447656,0.0727812702793639,0.20687713951919,0.0535199833487721,-0.108534427666505,-0.035292072710938,-0.134437163355652,1,0.33190133110404,0.20016246043912,0.0307219475432394,-0.0164656820568169,-0.103381220858342,0.198548156296419,0.167012469455888,-0.0718204505277583,0.0632444325599345,0.00615874246493859,0.0530698757453869,0.10028449551572,-0.0643683780978802,0.0512679471207276,0.148988880864071,-0.0981129130244538,-0.159600671429892,0.234215633236929,0.0681565466705359,0.0573418638313866,0.058731387952666,0.016723089796966,-0.131220995635429,-0.11888254650962,-0.123804336491242,-0.0605142915174959,-0.022975475841925,-0.0510110858434381,0.167377478426829,-0.0881279839629311,0.0543363336131506
"28",0.0919717189197063,0.0916376795389859,0.126097080561028,0.00750178229450067,0.232501469737835,-0.00781471293347702,-0.0367744047621184,0.0837538970753477,-0.0451624161571584,-0.0215234608142083,0.0562675982924541,0.050629427053273,0.239110883570402,0.179585609873988,-0.118772863764734,-0.110396946786876,0.130358638169232,0.0936067113445945,-0.0314219422333874,-0.00809841821598174,-0.142027582982817,0.24283537999129,0.0945838394186273,0.090086338094432,-0.0617204454477817,-0.175419750187168,0.33190133110404,1,0.249998920793396,0.0675707137892323,0.0910046200176897,-0.0481989785233174,0.14944047492233,0.226656489930816,-0.0200575472066112,-0.0795954208875883,-0.186860171675848,0.245314404860782,0.0809144994845932,0.058285802050771,-0.14870560694,-0.0829038140422875,0.038314876086576,0.030944975908656,-0.0380287554927543,-0.240833689061935,-0.124317419759863,-0.145701791656502,0.190207732556111,0.052910259452641,-0.141933669390696,-0.142192511046252,-0.0670322933453957,-0.0880821053574825,-0.0477415530318,-0.0582287699624137,0.0321404852356736,-0.0690934369174645
"29",0.117449383655531,0.125714852078657,-0.00643123356773344,-0.130650788969432,0.132328803420251,-0.00634904179843743,-0.216727803511807,0.0630156070927832,-0.0179664879114786,0.0844444074759524,0.121236583022098,0.191390438104656,0.160218846005418,0.083159369797098,0.0108429540890008,0.0239703857448234,0.0750314877436764,-0.0272191759092207,-0.235317709611962,-0.0131250322522533,0.070659493918651,0.167229121617325,-0.229126816144321,0.102872600244962,-0.020918476703739,-0.0738030204868975,0.20016246043912,0.249998920793396,1,0.235658441652879,0.00854381500267748,-0.121868975443238,0.202433958578174,0.148626859000565,-0.0739366937693824,-0.0641038609614302,-0.123825312340264,-0.107834094320806,0.0662807015431596,-0.111019063395071,-0.0760933464542783,-0.0624304622875933,0.10133717051513,-0.105743591667621,-0.0628799604074853,-0.23765266150574,-0.176057599642891,-0.144503369957459,0.222308760926131,0.088233564980246,0.0122144618811403,-0.11103445113685,-0.104492134692642,0.0305724107705652,0.0663624820502968,0.00217718163969662,-0.197511708924032,-0.197672954262838
"30",0.0964560405867501,-0.049438946587112,0.029054827679356,0.0185477866205754,0.0249403191262167,-0.075172409222095,0.113846168436552,0.0417393571456788,0.0416000474246463,-0.0136972351585827,0.124075522999389,0.173586419039083,0.09279762293036,-0.0270560900174386,-0.00076159579526627,-0.0893723723836227,0.0132610494126933,-0.0835173498828818,-0.0065266490869451,-0.00633733458328023,0.134554257028014,0.221193931560559,-0.0830447715319619,-0.00552445370923178,0.0874076140755812,-0.00894390528375978,0.0307219475432394,0.0675707137892323,0.235658441652879,1,0.0747677720789587,0.0191949608775114,0.195580437295947,0.170972307328196,0.0339644148417251,-0.139773378201412,-0.0285153321468588,-0.161419892027584,0.0741543468811164,-0.044231166108554,0.0052316276335768,-0.0634546285826622,-0.111183900083257,-0.17720999503786,0.0401385183292008,-0.144659666063878,-0.149343134753785,-0.0861314628887002,0.130378671928416,-0.0985606459494997,-0.0376358402214083,-0.0821329546046951,0.124582220105982,-0.0184013352220146,-0.112571724205219,0.0148630139007153,0.0131500387841303,-0.287081455584689
"31",0.135430542200447,0.0632781924238604,0.0902642638706936,0.0332698677135763,0.242019123600046,-0.166095119582083,0.175438519724967,-0.205267883485906,-0.0131158024374468,0.0457102290337138,0.215273929270993,0.112615414659637,-0.17304470898114,0.0591738348787553,0.162426110775659,-0.0507620209899067,0.296230307033335,0.20857993776498,0.47820150500092,0.315147259898679,-0.0635031298586387,0.103125595951547,0.128018995220618,0.213837219214721,0.0462314166542858,-0.183244142914935,-0.0164656820568169,0.0910046200176897,0.00854381500267748,0.0747677720789587,1,0.59237520343478,0.128099693455211,0.091471370007705,0.0587304294552497,-0.0785678225820263,-0.0487221594072616,0.0764648638156171,-0.0649653246820396,0.044678891878891,0.0715783264075202,0.0265516510225315,0.0971609600134904,0.0138488809466034,0.0566955025014674,0.0258782233623304,-0.142058842639765,-0.154529923317491,0.0575399237045844,0.112263402570344,0.116368501042243,-0.102985395686667,0.133738847827707,0.00910388915392041,0.132071489083863,0.128082378673656,0.132191620933826,-0.0710489693154203
"32",0.192719320834548,0.117534513649303,0.142038182993969,0.112395632885655,0.0816635902148789,-0.0419091946107381,0.114910779321159,-0.0714689950279407,0.0594070226439299,-0.0292255708792413,0.144925278368464,0.119145674537914,-0.0379541813773125,0.188390303648001,0.0975685584186776,-0.0572635715775924,0.369335005494603,0.274478494373136,0.359073698835076,0.431991907252165,-0.119312000837218,0.1103615968883,0.157776311832383,0.235928842367363,0.0117225050868257,-0.037118991024192,-0.103381220858342,-0.0481989785233174,-0.121868975443238,0.0191949608775114,0.59237520343478,1,0.100158720332444,0.14088507946621,0.129239254998158,-0.0776069643731314,0.0213182401364597,0.00506071539945543,-0.116293590741038,0.132574768816416,-0.0979084286560001,-0.134910950982651,0.209807398520703,0.062230100667324,-0.0711677460657394,-0.0222891122895819,-0.142999576849651,-0.171339140560326,0.0481835762287254,0.143198677104408,0.146439166368271,-0.128880695471198,0.108992430915174,-0.152155217677465,0.0462348496595915,0.149194515043248,0.157606292550805,-0.0257723333545655
"33",0.329611719410835,0.281227755639473,-0.0636707823754959,0.00269900287596046,-0.0124807988003393,0.0754309508271047,0.0221477286575593,-0.0301502264144184,0.0808165635435922,0.07633303009399,0.266072985599807,0.287165359141189,0.0704182859418995,0.0119821690338444,0.154510034671996,0.0168411187738346,0.367099034195053,0.245098240774446,-0.199568100867061,-0.0686134076422489,0.0713340246234121,0.168606316624704,0.031364098883868,-0.049457943932841,-0.0320751915598612,-0.0535154335901333,0.198548156296419,0.14944047492233,0.202433958578174,0.195580437295947,0.128099693455211,0.100158720332444,1,0.289539068764556,0.0419983766865591,-0.0923644052239372,-0.0193556803437915,0.00422742834211976,0.37493631884592,0.174992617725289,-0.0370226487394355,0.015361174551141,-0.0424576968792909,-0.0978611137544572,-0.00896296938903645,-0.0434364625276144,-0.00172583448013997,0.0526135673407082,0.1142639784405,0.11282990620211,0.0410083545840908,-0.146710237422817,-0.157835770899978,-0.0593934565786697,0.0367195800785742,0.0559696682971465,-0.00101117328636114,-0.16199871333609
"34",0.233647286696163,0.147515525016364,0.0593660857954901,-0.0900189169375451,0.110752333208407,0.0507973226370299,-0.0348487359759546,0.0699282267373479,0.0823903320319773,-0.0606385279591158,0.206426151327844,0.214403267286763,0.35508282110648,0.310698246783082,-0.0832537933468269,-0.0839284477169687,0.295000531327128,0.135497453737721,-0.0134227137414625,0.0331671526881676,0.102330922348806,0.193734287176406,-0.02065949537807,-0.135411360414671,0.0335382574472629,-0.0482588575637894,0.167012469455888,0.226656489930816,0.148626859000565,0.170972307328196,0.091471370007705,0.14088507946621,0.289539068764556,1,0.0597011805622736,-0.0950048356743931,-0.0929555191591936,0.0228722726538313,0.168024852327892,0.176328491069883,-0.106132158899651,-0.0603697793898299,0.0280491996074332,-0.0200205870608622,-0.0548155136360837,-0.321893953866003,-0.133042998236043,-0.0947116201804765,0.240282028043842,0.198731320076717,-0.110455867727336,0.0508697513207391,-0.0433637510763396,-0.114182177647848,0.141456973458719,0.0870471439123113,-0.0221667512274023,-0.0449744670320819
"35",0.24514030310149,0.211629643985561,0.063792547486479,0.196907348117564,0.0274478246069328,0.00364966044108686,0.351933016373593,0.144161260255733,0.00572524634316369,0.125542794344715,0.235385022637703,0.325513226592516,0.0974971952219381,-0.0254677266787273,0.179686272268521,-0.0274210562364498,0.184444308923705,0.162615395316808,-0.0457157826453481,0.064371003421906,-0.148177262436988,-0.0249717988521295,0.0416467789140396,0.08530248598152,0.0625098347907853,-0.140854353156107,-0.0718204505277583,-0.0200575472066112,-0.0739366937693824,0.0339644148417251,0.0587304294552497,0.129239254998158,0.0419983766865591,0.0597011805622736,1,0.165563694055057,0.336454668881841,0.223839917525977,0.0857433771576066,0.0898915648099693,0.182280671366582,0.219711133658167,-0.0787874337465773,-0.234398585698861,0.454296046664937,0.265256084405401,0.285822472050041,0.20697517817397,0.00247115529795814,-0.0357150234939739,-0.0807843658785306,-0.0113777319604581,0.0386976184581048,0.0574243350080784,-0.133277665491256,0.254693136047894,0.0897482686754083,0.040356929308663
