"","l_Insular.Cortex","r_Insular.Cortex","l_Amygdal.Area","r_Amygdal.Area","l_Bed.Nucleus.of.the.Stria.Terminalis","r_Bed.Nucleus.of.the.Stria.Terminalis","l_Hippocampus","r_Hippocampus","l_Orbitofrontal.cortex","r_Orbitofrontal.cortex","l_Entorhinal.Cortex","r_Entorhinal.Cortex","l_Frontal.Association.Cortex","r_Frontal.Association.Cortex","l_Globus.Pallidus","r_Globus.Pallidus","l_Glomerular.Layer.of.the.Accessory.Olfactory.Bulb","r_Glomerular.Layer.of.the.Accessory.Olfactory.Bulb","l_Glomerular.Layer.of.the.Olfactory.Bulb","r_Glomerular.Layer.of.the.Olfactory.Bulb","l_Granule.Cell.Level.of.the.Cerebellum","r_Granule.Cell.Level.of.the.Cerebellum","l_Hypothalamic.Region","r_Hypothalamic.Region","l_Entorhinal.Cortex","r_Entorhinal.Cortex","l_Vermix.Molecular.Layer.of.the.Cerebellum","r_Vermix.Molecular.Layer.of.the.Cerebellum","l_Lateral.Molecular.Layer.of.the.Cerebellum","r_Lateral.Molecular.Layer.of.the.Cerebellum","l_Anterior.Olfactory.Bulb","r_Anterior.Olfactory.Bulb","l_Posterior.Olfactory.Bulb","r_Posterior.Olfactory.Bulb","l_Subiculum","r_Subiculum","l_Perirhinal.Area","r_Perirhinal.Area","l_PreLimbic.System","r_PreLimbic.System","l_Primary.Cingular.Cortex","r_Primary.Cingular.Cortex","l_Primary.Motor.Cortex","r_Primary.Motor.Cortex","l_Retrosplenial.Cortex","r_Retrosplenial.Cortex","l_Secondary.Cingular.Cortex","r_Secondary.Cingular.Cortex","l_Secondary.Motor.Cortex","r_Secondary.Motor.Cortex","l_Striatum","r_Striatum","l_Ventral.Tegmental.Area","r_Ventral.Tegmental.Area","l_Substantia.Nigra","r_Substantia.Nigra","l_Thalamus","r_Thalamus"
"1",1,0.335182181324266,0.274584712665264,-0.0619199160158294,0.193761465088231,0.052238350795681,0.0140074067470513,0.0694406895591257,0.158681267104347,0.150321574822137,0.036331904937682,-0.0976706257923807,-0.131620171588231,-0.108806437169501,-0.0222046568254183,0.156383118660584,0.099823772604992,0.0191051274901183,-0.0411297015752474,-0.154743045392568,0.102223025752536,-0.0656952544622903,0.187642708822599,0.101486922206987,-0.0177427773694809,0.0116899659879184,-0.057575571452406,-0.0125191541527444,0.0726231916786098,0.0557349751072668,-0.102536098976271,-0.152375360016023,0.232978816068092,-0.0467681588957608,0.118686509288644,-0.13086132019775,-0.119320412945176,0.181501320013464,0.0955292585696729,-0.0943491238754571,-0.030898472369528,-0.158855445058743,0.0110886537104511,-0.0245333159146888,0.00418617650007245,0.036924113396834,-0.161065479668827,-0.145959486314817,-0.0255153488249714,-0.0143260527318034,0.0637618120026973,-0.00108670662705033,-0.0129164230903387,-0.0130070846022492,-0.06983477057889,-0.0177944550351156,0.0211749187520169,-0.159904141679396
"2",0.335182181324266,1,0.177880753740984,0.001864995682242,0.0398643629928225,-0.0090994762324275,-0.0440588777807743,0.0101112874981504,-0.02629093166377,0.234577613528193,0.172583750157548,0.035884209865534,-0.0221547791147187,-0.105826444380898,0.108655168233708,0.230890132165258,0.132240370864988,-0.0625556960352511,-0.0726672396249777,-0.0198201289794546,-0.0881566997078219,-0.00407901161227072,0.0462587702956754,0.104630227625045,0.0164406102599242,-0.0143802566335236,-0.0284430945282012,0.0688136607450709,0.02851159883119,0.0722064951706153,-0.0192063851295032,-0.155952547761865,0.136552412015239,-0.0604220374849193,-0.102931920419283,-0.0640472412688056,-0.118971555448789,0.0156305427720383,-0.0911335055541142,0.0265317575920859,-0.181036593883097,-0.136599699501197,-0.0807740917857479,-0.130780117982752,-0.110002623058889,-0.14262589593277,-0.079694124958316,0.0228684501562082,-0.197645864261563,0.0631610658436698,-0.179634020064532,0.0342166159569965,0.0586333349691261,0.165606907387512,0.0447432140473082,-0.176594857023241,-0.0968172199174289,-0.166720825520636
"3",0.274584712665264,0.177880753740984,1,0.0863433511853102,-0.054396069990914,4.47070708489698e-05,-0.224589311228517,0.0500528775357259,0.0568503135229458,-0.0621230830972525,-0.0575413886888174,-0.0856747756361224,0.0639599540346836,0.0879126102203147,-0.0407740772412405,0.295466026092946,0.05818593947961,0.0225757535307389,-0.0556261971594242,-0.160023197069252,0.129383359736306,0.122714070346715,-0.091487298067159,0.105954868651941,0.0242333902986672,0.0940699154701938,0.0544235908638548,0.121055922256843,0.106627754849804,-0.0161194296386374,-0.0524970247138082,0.0281465473827204,0.0750572022118489,-0.0303770309385071,-0.0262108659865473,-0.168421780697174,-0.0795211442830309,-0.111205616716877,-0.00636114604236113,-0.00339046074805828,-0.0457471651703217,0.046728307287911,-0.0791744071248737,0.0849153239363558,-0.044959460314224,0.00324525971202949,-0.0520159281053058,-0.0136082887828668,-0.15309331908391,0.182223236283774,-0.148013485945684,0.0496714332193114,0.0973722076309368,0.129961079690538,0.186103353005988,0.0041690808396866,-0.092505879253055,-0.15485585335622
"4",-0.0619199160158294,0.001864995682242,0.0863433511853102,1,-0.0727388086258005,-0.113253241631944,-0.210771915235248,-0.17069046653388,0.0518937437254604,-0.119971851083371,-0.102854745386944,0.312336084535484,-0.0918137840122302,0.0129558479468409,0.230346918446158,-0.0786743835093387,-0.138378102904963,-0.0627390731292525,-0.035615256021881,0.0782120692083613,0.159291384053608,0.0965446145094898,-0.0953755096799656,-0.106142627359401,0.0748094863482559,0.0683384139304572,0.104274694289337,-0.00250325205225934,0.0619961738751681,-0.181955629183011,0.0443523727297703,0.01837928903561,0.0119118698186702,0.178304257311397,0.0157136711232251,-0.00549937733331084,-0.023189069632775,-0.0164243470436722,0.119043399023841,-0.0439841141365754,0.0455786436206703,0.0575707303257526,0.0472791795065154,-0.0134779448233959,-0.0656367301085023,-0.213947081774441,0.0072350886695519,0.147073033886848,-0.0271357981527217,0.090740480642468,0.00455757204029093,0.0808060199427011,-0.13730762106164,-0.167220959001117,-0.141990887060538,-0.0585446777177988,-0.0244018791867645,0.079608852308619
"5",0.193761465088231,0.0398643629928225,-0.054396069990914,-0.0727388086258005,1,0.114859344993569,0.238870284706237,0.0996531791608671,-0.0615270583160717,-0.0672779878488699,0.0421616421574557,-0.00077220293764257,0.00501953680913005,-0.139681707573615,0.0196725452052238,0.0571696498447664,0.237545396618474,0.002633680533137,-0.00516939708046184,0.00392224705847039,0.286822957064979,-0.141234422802246,0.028979730847551,0.0867522465653494,-0.0165296560470082,-0.00699494607160865,-0.0382189587196845,-0.0191781826631995,-0.0235612844869921,-0.0840110750324136,-0.0395132576371002,0.13040356500116,0.158297335796274,-0.0997662268890267,0.115513385861344,0.0204465133078332,-0.159958889075759,0.00883326906018825,0.170073968327179,-0.0429965229095178,0.0199395299215656,-0.0448492713424494,-0.0847387656242155,0.145709950937982,-0.00145234618572241,-0.0378535698520324,0.132907177015556,0.181782330719766,0.113579563026659,-0.132621445117431,0.086930965404746,-0.0677635440506079,-0.036586275181392,-0.18060720316899,0.00885247299846111,-0.115097222771276,0.280021265124895,0.0903405132094533
"6",0.052238350795681,-0.0090994762324275,4.47070708489698e-05,-0.113253241631944,0.114859344993569,1,-0.0617942917754004,0.105012916060677,-0.197263220070726,0.0396294395386995,-0.0646717785273652,-0.219050276271179,0.0467271526007989,-0.07000284569665,0.0410222662662833,-0.110214362074377,0.0698591883167732,-0.0235335397446032,0.0900992520024108,-0.103956023037009,-0.0383355509690875,-0.0160509368879896,-0.0545672333499607,0.0105861091680399,-0.104885920530638,-0.00673511143240504,-0.0789294891660492,0.0810446873929177,-0.031899626471859,0.141819762598634,-0.0292169992004846,-0.0531223811357781,0.0588813579964437,-0.0787677293589798,0.0999004605002322,-0.114416526586394,-0.0400791289477276,-0.0864432442214373,-0.011452166848295,-0.073099184725484,0.0195979939106323,-0.0476717697792965,-0.143761406325846,0.0504352093622822,-0.0187584702970758,0.152435959602137,-0.0523422679438154,-0.112736435165308,0.17417798746283,-9.81386132634408e-05,0.15955283442837,-0.00190433918153807,0.0470985724701655,-0.120001814180479,0.107469415778957,-0.0893991015271289,0.122763215777239,0.240847656520386
"7",0.0140074067470513,-0.0440588777807743,-0.224589311228517,-0.210771915235248,0.238870284706237,-0.0617942917754004,1,0.266974836272001,-0.157701893039969,0.0167230234912217,0.144402695232176,0.0711647636088623,0.0955352186390617,0.00205293769076279,0.0557902048894525,0.140472749638179,0.13020345092292,0.0806968462181242,0.0210062413076275,0.0820515121239555,-0.00676359759502159,-0.130430702811461,0.188803636254659,0.125512792998615,-0.0716926999359237,-0.113042918404737,-0.18410137504158,-0.169522654985168,-0.0826030472386148,0.0669852479826037,0.0568196266192544,0.0798425160497991,0.092945419699201,-0.0169408280344317,0.433009058095923,0.246054922630203,-0.0267157493823628,0.11804941801849,0.173471984393789,-0.026717240811665,-0.0695311112061016,0.029006678615979,0.0094738471913687,-0.0920303342579273,-0.0599456537699992,-0.101523168494837,-0.0762205780874475,-0.0282742205436918,0.0623009832086703,-0.0446152760612399,-0.0571181705962103,-0.132886519148903,-0.100715153901826,0.141698928817382,0.0487350489072479,0.0249997589370981,0.193913431233165,0.200027792108471
"8",0.0694406895591257,0.0101112874981504,0.0500528775357259,-0.17069046653388,0.0996531791608671,0.105012916060677,0.266974836272001,1,0.0736847246907428,-0.00455382515601641,0.189842782777884,0.0415056481561525,0.059870094682201,0.0829388675596655,-0.0830986069029288,0.193910662243179,0.0744046668131192,0.244738844725419,0.104095200476435,-0.0558722115126081,0.00303401459817209,-0.0374958409359577,0.0843946513228977,0.212067272155682,0.00377462551765693,0.0372548725128613,-0.0864988126222285,-0.0293240995834109,0.154999533734194,0.0107869855894213,0.103417049739016,0.208016782048401,0.0222156349598251,0.0209262440730866,0.18090957478514,0.272136295932783,0.17618564451599,0.21289750216251,-0.0489572062679535,0.0258807774532143,0.0709902264509208,0.20835858090296,-0.149680114868666,-0.0432386310727693,-0.00467226299512356,0.0367256086219438,0.0807984612262675,0.0232978439004973,-0.114664819478616,0.129518518614802,-0.153505103318127,-0.301453085626551,-0.00765583414254911,0.186386391099044,0.0965884611552051,0.0507270898000147,0.210697524766533,0.200744692569002
"9",0.158681267104348,-0.02629093166377,0.0568503135229457,0.0518937437254604,-0.0615270583160717,-0.197263220070726,-0.157701893039969,0.0736847246907428,1,0.177909914944092,-0.0484681307710955,0.0920083453886392,-0.0791232456752897,-0.0245565582207234,-0.0830599876789685,0.0601511632521288,0.031953582528304,0.0885558976013456,-0.0684299603104352,0.0740050234480404,0.0111928741339515,-0.159614843528559,0.0197360387988802,-0.0976190000005629,0.0993463507532204,0.0871999358411437,0.067529899820032,0.0709586395407397,0.0892243387882524,-0.181295430245256,0.0670069995220143,-0.0275565420232536,-0.0166078655901575,0.125440049497284,-0.0607316003584127,0.0592138843298204,0.410944960495564,0.321612047662526,-0.0104456496062904,-0.0234142625176276,0.049678458559297,0.0832694621126289,0.0458417037198428,-0.0114984770141723,-0.0122129630404348,-0.135943228223278,-0.128871881771685,-0.152132799986724,-0.0162373434028672,0.0203606322060053,0.14066454653423,0.0853493594192241,0.0774743024884404,0.0186440035789478,-0.00743207538383049,0.192829753714016,-0.126984278868741,-0.0200519453460154
"10",0.150321574822137,0.234577613528193,-0.0621230830972525,-0.119971851083371,-0.0672779878488699,0.0396294395386995,0.0167230234912217,-0.00455382515601641,0.177909914944092,1,-0.0963217863950356,-0.121548258062862,0.0109943048054461,0.089286408217089,-0.204300173959116,0.0283691025524854,-0.0455503969447393,0.129773014299882,-0.0173101364473159,0.10419701703802,-0.0313761673730186,-0.149157707191909,0.0993977393573326,0.0874033085813956,0.164558385625296,-0.0923433403617636,-0.0066993619615922,-0.0169569406381797,0.00701083512621258,0.00020655660266879,-0.0372829390866445,0.00885304869553421,-0.0913531105390947,-0.0691222984070886,-0.0269544270916792,0.0885343331446695,-0.117438374754904,0.126889422316053,-0.160893752857726,-0.142750499831145,-0.187301968126588,-0.325483448343837,0.0526884333209046,0.00464294004780711,-0.164737046911286,-0.335888241911326,-0.201193555585404,-0.366728933087334,-0.0121034629543509,-0.0615926519134369,0.0706373738994142,0.13886644383062,0.0713060841888182,-0.0215400694307689,0.155979706821089,0.045909079996948,0.0854901460847578,0.0553432319201753
"11",0.036331904937682,0.172583750157548,-0.0575413886888174,-0.102854745386944,0.0421616421574556,-0.0646717785273652,0.144402695232176,0.189842782777884,-0.0484681307710955,-0.0963217863950356,1,0.0797772983925577,-0.00077826621279251,-0.14083616023046,0.199478920046166,0.206035389013311,-0.136628487078622,-0.0919858952480199,-0.0531074157780121,-0.021867329008707,-0.0925381567052081,0.177530485439657,0.0406208854676802,0.142398576473288,-0.0288249670069829,0.0169747532950004,-0.00651439609391125,-0.0895385579222519,-0.134134281237801,0.130351013613192,0.0623083159028009,-0.0333791003674894,-0.0374461176023344,-0.0867925894891314,-0.0546610795394654,-0.104066742066722,-0.0480233230073488,-0.136345587105313,-0.0804000960732584,-0.065258858547468,-0.0673965443828168,-0.0745133614123142,-0.0291308623636697,-0.0600747850249869,0.00926719855676549,-0.13428618212593,-0.0571472679504005,-0.0767660650674841,0.0211496003940743,-0.163052816246381,0.0263399774433615,0.153889426095895,-0.186556152029637,0.076732849812197,0.0121248972857249,0.0396252693343936,-0.162221668147746,-0.0978983418914076
"12",-0.0976706257923807,0.035884209865534,-0.0856747756361224,0.312336084535484,-0.00077220293764257,-0.219050276271179,0.0711647636088623,0.0415056481561525,0.0920083453886392,-0.121548258062862,0.0797772983925577,1,0.0152106153315798,0.0413937944474045,0.173034382844808,0.0147533750616682,0.0456151167859937,0.0684948371660246,-0.170829592973452,-0.0849378305633628,-0.0378589105197713,0.156917173324238,-0.0384240209826171,0.00991068108228289,0.258000914967439,0.0630458095743583,0.0305112260384647,-0.121547473290554,-0.0888229612086677,-0.0308626052442786,0.0653698408444299,-0.0531891907834556,0.152982599390944,0.260413401493264,-0.0264891197222213,0.00486166304202845,0.171826610398704,-0.0550623674385838,0.0893616212890274,0.124171585287205,-0.0941876181441907,0.0751773916161868,-0.0469154830609288,-0.0538756383579084,0.0030537496727479,-0.184604393005983,-0.0715462018417596,-0.0777351478940796,-0.10096518474564,0.0877851218023479,-0.239713217474968,-0.0822699205436754,-0.173803999225825,0.0226336167391493,-0.0991990898365378,-0.0105605437257044,-0.17525295875315,-0.205000818507522
"13",-0.131620171588231,-0.0221547791147187,0.0639599540346836,-0.0918137840122302,0.00501953680913005,0.0467271526007989,0.0955352186390617,0.059870094682201,-0.0791232456752897,0.0109943048054461,-0.0007782662127925,0.0152106153315798,1,-0.097828393789344,-0.165755627282051,0.215372322177362,0.116152362983606,0.034315663086811,-0.0941236116562529,-0.0442815365155324,-0.0439665469531746,0.165061214421246,0.00188197756222135,-0.048799531316308,-0.153536040082589,-0.0116912532339223,-0.172403325818504,-0.0839658371382534,0.177330894162936,0.0644720680270085,-0.0304203870601537,0.0312924125937162,-0.0790502614226351,-0.0476271694858668,0.0224288025115835,0.112359836339208,0.00523191210560729,0.0162350005641771,-0.178757024802929,0.0944883768454327,-0.128499196308391,-0.0118356337146921,-0.0325975816434135,0.151528390311843,0.00077251537700622,0.143987216634973,-0.0277987812013374,-0.126196604449965,0.104608244273185,-0.0833834795127372,-0.0938297357390842,-0.0374980421935415,-0.240658230985999,-0.0308462213653445,0.0569812828110753,-0.0252612129129581,-0.0876454953567535,-0.0937008503043404
"14",-0.108806437169501,-0.105826444380898,0.0879126102203147,0.0129558479468409,-0.139681707573615,-0.07000284569665,0.00205293769076279,0.0829388675596655,-0.0245565582207234,0.089286408217089,-0.14083616023046,0.0413937944474045,-0.097828393789344,1,-0.0727085455139677,0.014775189896837,-0.0190722391962676,0.121983884221081,-0.0111973322760625,0.0296601643317144,-0.0617260771169677,-0.0181865310058473,-0.0624821907544574,0.0524227552714086,0.0573236978726014,-0.186151097654612,0.0692502643488198,-0.0754974439026288,0.0518421578589022,0.0568855755726996,0.0493699969004561,0.015764902034006,-0.012692562860203,0.0617853830982039,-0.0316356692301085,0.0838397020113254,0.137450458317385,-0.0400680814951996,0.160503897860673,0.00500726911270983,0.089689925133202,0.131278795718165,-0.056529811892475,0.101743103249095,0.0158527835917473,-0.0404127874518779,0.0314724273042051,0.0934732387916609,0.111902918532813,0.465124326490572,-0.0177922385810568,-0.0459128059117022,0.166070909638611,-0.0287539440712907,0.0805248340334989,0.0209328610868871,0.0631830378259002,0.194001371845549
"15",-0.0222046568254183,0.108655168233708,-0.0407740772412405,0.230346918446158,0.0196725452052238,0.0410222662662833,0.0557902048894525,-0.0830986069029288,-0.0830599876789685,-0.204300173959116,0.199478920046166,0.173034382844808,-0.165755627282051,-0.0727085455139677,1,0.0659972803998791,-0.0515621447147824,0.0674067351768019,-0.00251908474868959,0.0548321006359319,-0.074643915782875,0.106970572465712,-0.0384003379286342,-0.0472766838810779,-0.0294949680925894,-0.0076368688439075,-0.0552308476941621,-0.0758102484151156,-0.0903237686516811,0.206718297859648,0.0302998207871537,-0.00186793945539364,0.0337764551038744,-0.0511406654270914,-0.0953572607620037,-0.158267669850619,-0.0601842254819787,-0.220235179875549,0.0192114836197531,-0.128529754066193,-0.156043669899769,-0.013053235917055,-0.14538848473369,-0.0704691123931996,-0.0484351690582314,0.0312627418082655,-0.0383110392503306,0.0463800900963652,-0.204221913149173,0.149536216597196,-0.0776523388437368,-0.00805267920669735,-0.00367094900361128,-0.0181052679471931,0.0278517653549066,0.0600136897563213,-0.029007421162676,0.117192595134005
"16",0.156383118660584,0.230890132165258,0.295466026092946,-0.0786743835093387,0.0571696498447664,-0.110214362074377,0.140472749638179,0.193910662243179,0.0601511632521288,0.0283691025524854,0.206035389013311,0.0147533750616682,0.215372322177362,0.014775189896837,0.065997280399879,1,0.0398870425628089,-0.0594858873554332,-0.1259976439306,0.0529523205166704,-0.0982662616782568,0.0406999085966576,0.186060003200775,0.0596472391027296,-0.158783348815266,-0.160432062009803,-0.117874660526426,0.0478977346822841,0.00693314397534489,-0.0743934665886242,-0.16666093415803,0.0221508635039493,0.0328560787874473,0.135928395050741,0.033336399194947,-0.0252321291313327,0.110196140848426,0.0847004290864008,-0.046780007738764,-0.105965510764175,-0.164331380185593,-0.0767730223406536,-0.165544855291616,-0.0047653478988322,0.026410223763286,-0.180144141812241,0.0534516429780537,-0.084897467780016,-0.160240941257162,0.0727914149749979,-0.0798707539058509,-0.0630669523934995,0.0315662280515409,0.111903855222517,0.10419871937223,-0.188322510528752,0.00219755465420214,-0.0229414419277036
"17",0.099823772604992,0.132240370864988,0.05818593947961,-0.138378102904963,0.237545396618474,0.0698591883167732,0.13020345092292,0.0744046668131192,0.031953582528304,-0.0455503969447393,-0.136628487078622,0.0456151167859937,0.116152362983606,-0.0190722391962676,-0.0515621447147824,0.0398870425628089,1,0.0130894766264417,0.121229127357225,-0.0456741532696371,0.040311961340327,-0.102533649497075,-0.00604321649056586,-0.0334197214395162,-0.0931884961763532,-0.0629125161010896,-0.0669278676225176,-0.0669241590898498,-0.0524608242300609,-0.164502177122057,0.024924597523605,-0.139695225286673,0.238891095162697,-0.104322484453657,0.177866323569783,0.0913200474442344,0.141795387349685,0.026943331344428,0.0701275202589429,-0.0142079509365479,-0.152214821305368,0.015737878232336,-0.109889887759167,-0.094946019583056,0.00544774552738745,0.0793722211692828,0.0479810671094272,-0.0066549335466116,-0.0658317154931472,0.0142903622060668,-0.0487200081656466,-0.10294424634905,0.0389488551596794,0.0971979198676461,-0.0405338835366134,-0.235143147360638,0.126907187970052,0.0977236204176846
"18",0.0191051274901183,-0.0625556960352511,0.0225757535307389,-0.0627390731292525,0.002633680533137,-0.0235335397446032,0.0806968462181242,0.244738844725419,0.0885558976013456,0.129773014299882,-0.0919858952480199,0.0684948371660246,0.034315663086811,0.121983884221081,0.0674067351768019,-0.0594858873554332,0.0130894766264417,1,0.281932822003889,0.244166705901357,0.0323686425718761,-0.05237514812513,0.11929548153485,0.0855285987088357,0.131495919598803,0.00647862103652241,-0.183469391753012,-0.169617241922783,0.0174854181239107,0.0753033878155241,0.273841484966904,0.474214737704422,0.0947017746677577,0.150971458562567,0.126325317440859,0.299109774969769,0.00450252421111267,0.0389050364507202,-0.093123502104877,-0.0103762746068752,0.189898920844637,0.122201242653715,-0.0128510577390028,0.0230136047770358,0.162429545096241,0.0099511718941078,0.00030183253807248,-0.0854909120904049,0.0689771238534962,0.239109786718249,-0.1122961756234,-0.0612197930494986,0.0339698794869696,0.0931213735320842,-0.170566292149784,0.215985080699984,0.0420448055736437,0.165962293241071
"19",-0.0411297015752474,-0.0726672396249777,-0.0556261971594242,-0.035615256021881,-0.00516939708046184,0.0900992520024108,0.0210062413076275,0.104095200476435,-0.0684299603104352,-0.0173101364473159,-0.0531074157780121,-0.170829592973452,-0.0941236116562529,-0.0111973322760625,-0.00251908474868959,-0.1259976439306,0.121229127357225,0.281932822003889,1,0.135195967777037,0.0696690130212015,0.00076596172295365,0.10580133392372,0.0145966222478562,0.10846094528669,-0.0266461772613295,-0.123817178786088,0.0424901929246532,-0.0990340822662448,-0.00724679712003529,0.577154718672217,0.337482255552584,-0.134277269578859,-0.162259492369478,0.200020615577465,0.345649506452622,0.0934724606807832,0.106471770313894,-0.152464624791994,-0.094266089901172,0.0845966715747455,0.0882595150074525,-0.00303164309246464,-0.123279873596659,0.244177128449627,0.193869181560016,0.0522917503064293,0.165506654143857,0.0866446080693404,-0.0143712704490493,0.080554773290467,-0.0679671873152002,0.112158166579858,-0.0684589114575992,-0.083108214569079,-0.0952562925146292,0.0357457856090394,0.280641508956655
"20",-0.154743045392568,-0.0198201289794546,-0.160023197069252,0.0782120692083613,0.00392224705847039,-0.103956023037009,0.0820515121239555,-0.0558722115126081,0.0740050234480404,0.10419701703802,-0.021867329008707,-0.0849378305633628,-0.0442815365155324,0.0296601643317144,0.0548321006359319,0.0529523205166704,-0.0456741532696371,0.244166705901357,0.135195967777037,1,-0.0207434117351947,-0.0186813116438856,0.151354211263584,0.00811959236538944,0.0334920009192639,-0.16456376135877,-0.0400385993538764,0.0400121337313365,-0.189108706185457,0.0254225839329541,0.225138751163,0.410980424592616,0.0410508469319179,0.223300914312521,0.12970491833709,0.191861935459411,0.0202531170129365,0.0836370865923311,-0.0317882080749919,-0.0466330440832048,0.100566239486151,-0.00467399684229388,0.143582344688629,0.0494954141141988,0.14460467038435,-0.14084899364292,-0.00036968129057457,-0.0801348582250881,0.203577182169558,0.0778726813881307,0.172012946416946,0.147121864842015,-0.06114689470928,-0.0809276083149945,-0.102262339696208,0.127062330678004,0.0018116303689398,0.203411617034911
"21",0.102223025752536,-0.0881566997078218,0.129383359736306,0.159291384053608,0.286822957064979,-0.0383355509690875,-0.00676359759502159,0.00303401459817209,0.0111928741339515,-0.0313761673730186,-0.0925381567052081,-0.0378589105197713,-0.0439665469531746,-0.0617260771169677,-0.074643915782875,-0.0982662616782568,0.040311961340327,0.0323686425718761,0.0696690130212015,-0.0207434117351947,1,-0.0230260648300949,-0.0689508444158521,-0.0102432517231186,0.0421984818119215,0.0802657946222914,-0.0641445104031714,0.0558486329923899,0.021953246838368,0.06336933744621,0.0758830801097628,0.110086744588386,0.0553741281677301,-0.0845266588537084,0.0818595982632546,0.0914710813551205,-0.0304456875273054,-0.0573682730178098,0.187024943492239,0.0590237773788848,0.232961086322739,0.190798832364242,-0.0124154241778714,0.00392804696560187,0.0431215751687476,-0.0497157831799082,0.180628884293247,0.230710504691038,0.154789076877241,0.0533122430324611,-0.0317871447813554,-0.0494670126509606,0.0663900162324741,-0.153552877249195,-0.0645450918087607,-0.0650892638696975,-0.115981657634761,-0.0496140173184593
"22",-0.0656952544622903,-0.00407901161227073,0.122714070346715,0.0965446145094898,-0.141234422802246,-0.0160509368879896,-0.130430702811461,-0.0374958409359577,-0.159614843528559,-0.149157707191909,0.177530485439657,0.156917173324238,0.165061214421246,-0.0181865310058473,0.106970572465712,0.0406999085966576,-0.102533649497075,-0.05237514812513,0.00076596172295365,-0.0186813116438856,-0.0230260648300949,1,-0.0835287050034963,-0.127265229293172,-0.018292860545246,0.0866509674055638,-0.149887131470106,0.115878542696606,-0.0365882526226927,0.173156099620168,0.0444371519092303,0.082787427383315,-0.174016236265129,0.0273986791498445,-0.0227638167608253,-0.00045220523996373,-0.0618897969935487,0.0318463075835337,-0.0731681410893063,0.0700716415718871,0.0546080875627218,0.0110983422602105,-0.0817506560432705,-0.00847593868187404,0.191143626677218,0.0919725104345256,0.0561234877638736,0.118708463446747,0.0588176626712403,0.050983500829711,-0.142750329085821,0.0716069886740851,-0.0217602293333635,0.041299599480634,0.180074858965531,0.0125499091507584,-0.240173524128505,-0.183486713585752
"23",0.187642708822599,0.0462587702956754,-0.091487298067159,-0.0953755096799656,0.028979730847551,-0.0545672333499607,0.188803636254659,0.0843946513228977,0.0197360387988802,0.0993977393573326,0.0406208854676802,-0.0384240209826171,0.00188197756222135,-0.0624821907544574,-0.0384003379286342,0.186060003200775,-0.00604321649056586,0.11929548153485,0.10580133392372,0.151354211263584,-0.0689508444158521,-0.0835287050034963,1,0.261947229219619,-0.0404787006882891,-0.0946389999982849,-0.0183248168691491,0.00025755562794539,0.0320314357175132,-0.0565940598725258,0.0587688085501702,0.100338356612565,-0.0013492404723171,-0.0695512268112891,0.169773250438216,0.0676637478196685,0.0556150037903574,0.234840471420203,0.0172841659153605,-0.0613413055800634,0.0468243798922219,-0.100813447363067,0.023197421819455,-0.0334583264759036,-0.0938681342634575,-0.0557517769922797,-0.0515602969293446,-0.0870691824383529,-0.0339544408571223,0.0643958665707537,0.0159208362554701,0.119528988687526,0.0448115683510472,-0.0671293425201688,-0.175710231217035,0.0736462635520217,0.0399084973965148,0.118730361642003
"24",0.101486922206987,0.104630227625045,0.105954868651941,-0.106142627359401,0.0867522465653494,0.0105861091680399,0.125512792998615,0.212067272155682,-0.0976190000005629,0.0874033085813956,0.142398576473288,0.00991068108228289,-0.048799531316308,0.0524227552714086,-0.0472766838810779,0.0596472391027296,-0.0334197214395162,0.0855285987088357,0.0145966222478562,0.00811959236538944,-0.0102432517231186,-0.127265229293172,0.261947229219619,1,0.14377022111566,-0.0756585608653744,0.0642361282899809,-0.0454878127256992,-0.0903903720580201,-0.00577681479289448,0.0545264051206341,0.0852637440196629,0.0538987893440825,-0.126696077229086,0.141074717792252,0.0907176778291564,0.0876546582062601,-0.0333900213217809,-0.0354481892258536,-0.0559736803474306,-0.117609530520003,-0.142398799855264,-0.0221614764317321,-0.0890039380996022,-0.0608392739455864,-0.209528331806395,0.0207661932699411,-0.0869485519360099,-0.135493479068558,-0.0740333150836782,-0.0911381558063845,-0.0824273640394637,0.177776330833737,0.0645636291108881,-0.0607603613451002,-0.0449513909986602,0.0454704006731931,-0.0120434390634808
"25",-0.0177427773694809,0.0164406102599242,0.0242333902986672,0.0748094863482559,-0.0165296560470082,-0.104885920530638,-0.0716926999359238,0.00377462551765693,0.0993463507532204,0.164558385625296,-0.0288249670069829,0.258000914967439,-0.153536040082589,0.0573236978726014,-0.0294949680925894,-0.158783348815266,-0.0931884961763532,0.131495919598803,0.10846094528669,0.0334920009192639,0.0421984818119215,-0.018292860545246,-0.0404787006882892,0.14377022111566,1,0.133252634352243,0.0609210295110866,0.0697566162260072,-0.182642517130882,0.172228745832002,-0.0693504595220839,0.171392168575208,-0.0645702500137424,0.0911738135190561,-0.0539855960508321,0.0847050773087436,0.0174328535061555,-0.00726040407798689,0.0764269422430108,0.207805404530455,0.162658369441758,-0.0112134579041253,-0.0819324826570578,-0.107005475096967,-0.121280699269552,-0.303422682058653,0.154356665146555,-0.01400147077123,-0.101845652853259,0.0321024565125086,-0.0367606185832065,0.212749422673937,-0.0882400027258443,0.138095658968174,-0.0396354086134711,0.0458774553198321,-0.0206350650479458,0.0180093029739329
"26",0.0116899659879184,-0.0143802566335236,0.0940699154701938,0.0683384139304572,-0.00699494607160865,-0.00673511143240504,-0.113042918404737,0.0372548725128613,0.0871999358411437,-0.0923433403617636,0.0169747532950004,0.0630458095743583,-0.0116912532339223,-0.186151097654612,-0.0076368688439075,-0.160432062009803,-0.0629125161010896,0.00647862103652241,-0.0266461772613295,-0.16456376135877,0.0802657946222914,0.0866509674055638,-0.0946389999982849,-0.0756585608653744,0.133252634352243,1,0.126703180097821,-0.0130769317750684,0.102286731376716,0.0983308499458486,-0.0512130542624869,9.524812481119e-05,-0.100755931329297,-0.168202107520915,-0.150515140549178,0.099309407694695,0.0833792775340188,-0.017258788636142,-0.0965712017907319,0.0611786134916815,0.0643977653933295,0.0625531089974654,-0.115545224633858,0.03757300496054,0.159967860452641,0.128934195041213,0.0879955152881435,0.0775699885544207,-0.0850507521392113,-0.0612602798064577,-0.0523229888804145,0.0764167791032458,0.00603879512124675,-0.0912117679212029,-0.016741630211162,0.0673792701022046,-0.0524332507535218,0.0649194725442159
"27",-0.057575571452406,-0.0284430945282012,0.0544235908638548,0.104274694289337,-0.0382189587196845,-0.0789294891660492,-0.18410137504158,-0.0864988126222285,0.067529899820032,-0.0066993619615922,-0.00651439609391125,0.0305112260384647,-0.172403325818504,0.0692502643488198,-0.0552308476941621,-0.117874660526426,-0.0669278676225176,-0.183469391753012,-0.123817178786088,-0.0400385993538764,-0.0641445104031714,-0.149887131470106,-0.0183248168691491,0.0642361282899809,0.0609210295110866,0.126703180097821,1,0.0988861348848639,-0.116981459952626,-0.123616693281698,-0.10999983069855,-0.0102566308973414,-0.148744366816014,-0.121532357190403,-0.0873426889089372,-0.054637003304848,0.00096952251934875,-0.0626839052092995,0.101521498017845,0.0793261873848581,-0.0399905592054679,-0.111251847156079,-0.0223462481956341,0.0518192401658919,-0.108037918336489,-0.170546692172864,-0.0341407245025512,-0.148434501160353,-0.0135971276281853,-0.124376122341042,-0.0779997102213833,0.0244250814295888,0.129379583341202,-0.121600670822743,0.0336847287908957,-0.0765327590395239,0.036653415443781,0.0115812493508705
"28",-0.0125191541527444,0.0688136607450709,0.121055922256843,-0.00250325205225934,-0.0191781826631995,0.0810446873929177,-0.169522654985168,-0.0293240995834109,0.0709586395407397,-0.0169569406381797,-0.0895385579222519,-0.121547473290554,-0.0839658371382534,-0.0754974439026288,-0.0758102484151156,0.0478977346822841,-0.0669241590898498,-0.169617241922783,0.0424901929246532,0.0400121337313365,0.0558486329923899,0.115878542696606,0.00025755562794539,-0.0454878127256992,0.0697566162260073,-0.0130769317750684,0.0988861348848639,1,-0.0318415295506403,0.0968669360382775,0.136428528181779,0.178817763267251,0.00484204806840253,-0.0333008946176893,-0.0871699299051413,0.00192826728264633,-0.106181909184109,0.0331668936589248,0.0705395026201529,0.0272760873469579,0.0913673504922518,0.0158761146814242,0.160422208116905,0.0339600276587532,0.0894492825720511,0.105126234818004,0.123340219636927,0.0704463750723048,-0.0430558013479753,-0.0390762279597854,0.0406666592973029,0.0391311856551526,0.179023375351134,0.0850170735735834,0.0845488220710249,-0.0745482326988905,0.155696010646701,-0.103660900423293
"29",0.0726231916786098,0.02851159883119,0.106627754849804,0.0619961738751681,-0.0235612844869921,-0.031899626471859,-0.0826030472386148,0.154999533734194,0.0892243387882524,0.00701083512621258,-0.134134281237801,-0.0888229612086677,0.177330894162936,0.0518421578589022,-0.0903237686516811,0.00693314397534489,-0.0524608242300609,0.0174854181239107,-0.0990340822662448,-0.189108706185457,0.021953246838368,-0.0365882526226927,0.0320314357175132,-0.0903903720580201,-0.182642517130882,0.102286731376716,-0.116981459952626,-0.0318415295506403,1,-0.137592247232017,-0.209967842708184,-0.0561340138417222,0.0608214341947354,0.00374101246902163,-0.100135625675652,0.00151823315115435,-0.00331621842504755,0.0266839487379791,-0.0488892939669902,-0.0458281714078031,0.0492766993512569,-0.0133027583296385,-0.00400981497909141,-0.0412943971995292,-0.12677641852802,0.0416896636516629,-0.0327933554731872,-0.0445005472102617,-0.00713554699911943,0.0349518079930097,0.0789364624770707,-0.103774449146722,-0.00658304579642948,-0.102507355108459,0.0738092058691667,0.0291367919898191,-0.135907692991376,-0.0107432250724278
"30",0.0557349751072668,0.0722064951706153,-0.0161194296386374,-0.181955629183011,-0.0840110750324136,0.141819762598634,0.0669852479826037,0.0107869855894213,-0.181295430245256,0.00020655660266879,0.130351013613192,-0.0308626052442786,0.0644720680270085,0.0568855755726996,0.206718297859648,-0.0743934665886242,-0.164502177122057,0.0753033878155241,-0.00724679712003529,0.0254225839329541,0.06336933744621,0.173156099620168,-0.0565940598725258,-0.00577681479289448,0.172228745832002,0.0983308499458486,-0.123616693281698,0.0968669360382775,-0.137592247232017,1,0.060319680300385,0.0276464160774933,-0.0635009627057333,-0.190274231276526,-0.0485001444518033,-0.051163908179357,-0.111954670614219,-0.162416070052982,-0.0477032551596569,-0.00304538725756684,0.0279434663904103,-0.022462341430738,-0.0422067546626926,0.110684459497372,0.233935794871855,0.0727641321040284,-0.0406261532584266,-0.0917844438119212,0.0634526903470388,0.0542273951556236,0.0924050431037013,0.179304282987326,-0.096641831009278,0.165093073967879,0.0420103221069136,0.0238607968977614,-0.166031242186717,-0.0643685563838726
"31",-0.102536098976271,-0.0192063851295032,-0.0524970247138082,0.0443523727297703,-0.0395132576371002,-0.0292169992004846,0.0568196266192544,0.103417049739016,0.0670069995220143,-0.0372829390866445,0.0623083159028009,0.0653698408444299,-0.0304203870601537,0.0493699969004561,0.0302998207871537,-0.16666093415803,0.024924597523605,0.273841484966904,0.577154718672217,0.225138751163001,0.0758830801097628,0.0444371519092303,0.0587688085501702,0.0545264051206341,-0.0693504595220839,-0.0512130542624869,-0.10999983069855,0.136428528181779,-0.209967842708184,0.060319680300385,1,0.404467676504825,-0.138055582889683,-0.0755703540556179,0.130530307676137,0.289854715660919,0.0535826804560911,0.0656835055492943,-0.312516938749182,-0.190328249869347,-0.0615213854184913,0.0638518341230322,0.0169102339898352,-0.0547569238678701,0.256245840548384,0.194618751817779,-0.095859840847637,0.0491546010673282,0.0520467790574539,-0.0667791989354004,-0.106079448156776,-0.046454924718255,0.00208101057900722,-0.0854731380667333,-0.0554739089471442,-0.0958732751557168,-0.0601536186574809,0.118947545967828
"32",-0.152375360016023,-0.155952547761865,0.0281465473827204,0.01837928903561,0.13040356500116,-0.0531223811357781,0.0798425160497991,0.208016782048401,-0.0275565420232536,0.00885304869553421,-0.0333791003674894,-0.0531891907834556,0.0312924125937162,0.015764902034006,-0.00186793945539364,0.0221508635039493,-0.139695225286673,0.474214737704422,0.337482255552584,0.410980424592616,0.110086744588386,0.082787427383315,0.100338356612565,0.0852637440196629,0.171392168575208,9.524812481119e-05,-0.0102566308973414,0.178817763267251,-0.0561340138417222,0.0276464160774933,0.404467676504826,1,-0.212231851344187,0.0200380763522838,0.151204338039334,0.368792785893789,-0.126922811184407,-0.0499568847475024,-0.271878831236879,-0.176211011434715,0.109911590758163,0.0647226603950857,0.0783133483071892,0.120610912736293,0.141614842464223,-0.0177397429930568,0.0646177127845149,0.0232755802618489,0.0414474551799211,-0.0406048759695463,0.0267514381392168,0.0930751817888562,-0.0235202045036591,-0.148121747278334,-0.112352238480408,-0.0348220606041579,0.10414967840838,0.207855539431917
"33",0.232978816068092,0.136552412015239,0.0750572022118489,0.0119118698186702,0.158297335796274,0.0588813579964437,0.092945419699201,0.0222156349598251,-0.0166078655901575,-0.0913531105390947,-0.0374461176023344,0.152982599390944,-0.0790502614226351,-0.012692562860203,0.0337764551038744,0.0328560787874473,0.238891095162697,0.0947017746677577,-0.134277269578859,0.0410508469319179,0.0553741281677301,-0.174016236265129,-0.0013492404723171,0.0538987893440825,-0.0645702500137424,-0.100755931329297,-0.148744366816014,0.00484204806840253,0.0608214341947354,-0.0635009627057333,-0.138055582889683,-0.212231851344187,1,0.30824116227735,0.0818662172808418,-0.15916153101283,-0.0494600950612291,0.118537060676326,0.336709609700237,0.20783808557233,0.16868475768623,0.0963254592588745,0.0126757723291808,-0.202105199889457,-0.233944733560097,-0.164961989601557,0.132345779208163,0.0323150678033068,0.127786871083468,0.210293157435671,0.0412790601108764,-0.0414587981967968,-0.116062779600797,0.0192088921104542,-0.054528439503905,0.0564197857336085,-0.0227801261727427,-0.152614070639656
"34",-0.0467681588957608,-0.0604220374849194,-0.0303770309385071,0.178304257311397,-0.0997662268890267,-0.0787677293589798,-0.0169408280344317,0.0209262440730866,0.125440049497284,-0.0691222984070886,-0.0867925894891314,0.260413401493264,-0.0476271694858668,0.0617853830982039,-0.0511406654270914,0.135928395050741,-0.104322484453657,0.150971458562567,-0.162259492369478,0.223300914312521,-0.0845266588537084,0.0273986791498445,-0.0695512268112891,-0.126696077229086,0.0911738135190561,-0.168202107520915,-0.121532357190403,-0.0333008946176893,0.00374101246902163,-0.190274231276526,-0.0755703540556179,0.0200380763522838,0.30824116227735,1,0.123430957989599,0.0149771234364753,0.250879169862097,0.154825590321579,0.269725703330037,0.252788479222859,0.25041127063216,0.293023486593219,0.145349226592559,-0.16704493958237,-0.0682116341199674,-0.140559874726935,0.09423902207454,-0.0032236855516129,0.139246983983245,0.222761551212638,-0.141192245508312,-0.0630724730744241,-0.0302570704667962,0.0535530137621556,-0.0576686760368498,0.0132634468069681,-0.162341347014964,-0.0649258717927998
"35",0.118686509288644,-0.102931920419283,-0.0262108659865473,0.0157136711232251,0.115513385861344,0.0999004605002322,0.433009058095923,0.18090957478514,-0.0607316003584127,-0.0269544270916792,-0.0546610795394654,-0.0264891197222213,0.0224288025115835,-0.0316356692301085,-0.0953572607620037,0.033336399194947,0.177866323569783,0.126325317440859,0.200020615577465,0.12970491833709,0.0818595982632546,-0.0227638167608253,0.169773250438216,0.141074717792252,-0.053985596050832,-0.150515140549178,-0.0873426889089372,-0.0871699299051413,-0.100135625675652,-0.0485001444518033,0.130530307676137,0.151204338039334,0.0818662172808418,0.123430957989599,1,0.477653979585759,0.170415211632998,0.174383833932418,0.172702331754179,0.0985088915728914,0.0869400604300085,0.11993454301042,-0.115641541506837,-0.276567749084484,0.0972679903345874,0.0526834639920058,-0.11512318725763,-0.0669525075819715,0.0457855420401185,-0.0218131146050205,-0.0635397112406123,-0.261623459463111,0.0129098267522673,0.00903533786425062,0.00758831619658083,0.00948591953829607,0.0939000496104434,0.10175514181151
