"","l_Insular.Cortex","r_Insular.Cortex","l_Amygdal.Area","r_Amygdal.Area","l_Bed.Nucleus.of.the.Stria.Terminalis","r_Bed.Nucleus.of.the.Stria.Terminalis","l_Hippocampus","r_Hippocampus","l_Orbitofrontal.cortex","r_Orbitofrontal.cortex","l_Entorhinal.Cortex","r_Entorhinal.Cortex","l_Frontal.Association.Cortex","r_Frontal.Association.Cortex","l_Globus.Pallidus","r_Globus.Pallidus","l_Glomerular.Layer.of.the.Accessory.Olfactory.Bulb","r_Glomerular.Layer.of.the.Accessory.Olfactory.Bulb","l_Glomerular.Layer.of.the.Olfactory.Bulb","r_Glomerular.Layer.of.the.Olfactory.Bulb","l_Granule.Cell.Level.of.the.Cerebellum","r_Granule.Cell.Level.of.the.Cerebellum","l_Hypothalamic.Region","r_Hypothalamic.Region","l_Entorhinal.Cortex","r_Entorhinal.Cortex","l_Vermix.Molecular.Layer.of.the.Cerebellum","r_Vermix.Molecular.Layer.of.the.Cerebellum","l_Lateral.Molecular.Layer.of.the.Cerebellum","r_Lateral.Molecular.Layer.of.the.Cerebellum","l_Anterior.Olfactory.Bulb","r_Anterior.Olfactory.Bulb","l_Posterior.Olfactory.Bulb","r_Posterior.Olfactory.Bulb","l_Subiculum","r_Subiculum","l_Perirhinal.Area","r_Perirhinal.Area","l_PreLimbic.System","r_PreLimbic.System","l_Primary.Cingular.Cortex","r_Primary.Cingular.Cortex","l_Primary.Motor.Cortex","r_Primary.Motor.Cortex","l_Retrosplenial.Cortex","r_Retrosplenial.Cortex","l_Secondary.Cingular.Cortex","r_Secondary.Cingular.Cortex","l_Secondary.Motor.Cortex","r_Secondary.Motor.Cortex","l_Striatum","r_Striatum","l_Ventral.Tegmental.Area","r_Ventral.Tegmental.Area","l_Substantia.Nigra","r_Substantia.Nigra","l_Thalamus","r_Thalamus"
"1",1,-0.0114489269041475,0.100544260619282,-0.0875191457981021,0.0699370324646533,-0.225913544048903,-0.0627702187631783,-0.0912974517779382,0.0112294249977352,-0.0100038948617186,-0.0455926488000321,-0.258230645725761,-0.0352763552709413,0.130376067157601,0.0893620292223155,0.012363346513496,0.0107666592566412,-0.0352957980264886,-0.0406079074839838,0.0388674590665757,0.165491886447007,0.303843895666046,-0.0389959606076693,0.0581278456986439,-0.0978377321390507,-0.0173228374079792,0.228578265827803,0.27127380486096,0.0559856065945575,0.0197959237719247,0.0436684540298523,0.00959582980830822,0.0235484139127836,0.114309584122232,-0.0303790533328445,-0.0816451894935445,-0.0642847122683476,-0.0852031972639001,0.142542558713257,0.123489830018761,0.165880284009996,0.0632260575239345,0.152557733711517,-0.0958797954380995,-0.114562824263505,0.0452620671565193,-0.012366045393051,0.0142644732755661,0.0475230374802688,0.0152968482105257,0.06892745826157,0.0207501478504204,0.102848974640305,-0.0503434728264426,0.0675549707554173,0.0567199447562987,0.153526875837204,0.103477684433949
"2",-0.0114489269041475,1,-0.188984543831902,-0.0296580094917593,-0.0853310174352473,-0.0820232469185091,0.00512561917205011,0.0895011010919244,0.137467392386745,0.157907430304039,0.0458615962184573,0.00912841775316198,0.057065209067894,-0.0426013882198751,0.153893814141773,0.0808029798177534,-0.0336621545507256,0.0965017032551954,-0.0453617524658009,0.238742699432175,-0.00829544265615496,-0.103903158125742,-0.0625947307693652,-0.0844290035489127,0.230325444262841,0.159262398424737,0.129748834276034,0.0633929096463366,-0.0449420265124882,0.0781076975943337,-0.179112121229424,0.0859363320130925,0.0645610311198158,0.0458048331723558,0.106702811108464,0.226796123686934,-0.0578344621898517,0.00820271845550372,-0.107384803603986,-0.128763768147265,-0.236759436907253,-0.0803018913200104,0.140127851668693,-0.0136708402376153,-0.00727791096916319,-0.207126550067335,0.104354899580718,0.0974877622499861,0.120911377415124,-0.0637181817579156,-0.119292900110563,0.270702507111475,0.131312220652991,-0.0288429253393368,0.217096171390952,0.0983757489546642,0.128355624511681,-0.0898605263673958
"3",0.100544260619282,-0.188984543831902,1,0.0490016406215802,0.00058450215949086,-0.0832703871332904,-0.107366449474696,0.100937765839956,-0.0631755451315097,0.0299399365121532,0.116242562586436,-0.0839624262460803,-0.021315470698722,-0.132839504972105,-0.0440303020975767,-0.164479327395625,0.034980544360904,-0.0256405297023384,0.0189880179799654,0.125279634291286,-0.236943398972538,0.052600432821291,0.0203951532625949,0.20270156790422,-0.0821583991510733,0.0895201884517003,0.070735835634672,0.00851390252839223,0.042215327650045,-0.0472091068701223,0.0707947105699371,-0.0879427704554619,-0.228464718000579,0.0152026611758983,-0.205585808515374,-0.111122871015478,-0.0719749885252472,0.140933670556087,0.175681837813736,0.0393879877771652,0.251972651703241,0.115982077535383,0.00905527250808131,-0.0361608020109611,-0.101960458210874,0.106667329307339,-0.00432190849399009,-0.00386344985141671,0.0924044892565215,0.0528596938605891,0.107813086135595,0.0279919684739014,-0.00863259558879172,0.0871795211212722,0.116959446574566,-0.0110818080575689,-0.0184174337646149,-0.0895015850745927
"4",-0.0875191457981021,-0.0296580094917593,0.0490016406215802,1,-0.105710429225565,0.012383049468312,0.202973632489495,-0.0150468015741591,0.06369583842546,-0.00632052769488985,0.00423427775585875,0.21270231176804,0.0242875212114016,-0.142726925466589,-0.19484556281899,-0.00589069000792482,-0.0661140182696935,-0.115483050127394,0.132065004056421,-0.0594294895273395,-0.00944089068440971,0.0220536721734388,0.0234392438511224,0.0119282183562458,-0.0185610274551401,-0.0145233726875272,-0.00999935337831228,-0.0727237467493604,-0.00119227451916124,-0.109449090380373,0.0995259187653885,-0.191848796490677,-0.153108439555074,-0.0651539959154315,-0.0387302787836817,0.105089865183614,0.228338709531776,-0.0560811668596246,0.0863373387225279,-0.0776841311953213,0.063314381439526,0.00669821781563144,-0.0307154249590871,-0.00726665036809914,-0.0243068490566707,-0.129570372669605,0.00958222753303375,-0.0580762712626399,0.13923657797956,0.0798865900126883,-0.0539292661806283,-0.0460740547442738,-0.046126375924368,-0.0372637128689216,-0.0514546423785417,-0.0676750480985579,-0.0711754651416962,-0.123405047455336
"5",0.0699370324646533,-0.0853310174352473,0.00058450215949086,-0.105710429225565,1,-0.136535559452344,-0.194964325261939,-0.0298865390348666,-0.154539374962766,0.079564828897042,0.0595610785829174,-0.0565607873189004,-0.133920437038951,-0.112536315574256,-0.0551813404844427,-0.0146153704503154,-0.0363190734644841,0.0288148507048845,0.113574323772584,-0.0438510568994181,-0.136134577629588,-0.048320758648491,0.160175318940432,-0.0105306122902019,-0.00672228780781197,-0.172081818887233,0.0929005752581895,0.093928994254215,-0.258467223042392,-0.128775927685738,-0.0569743386013277,0.0563156356785451,-0.19144669110747,0.191746595975285,-0.0261706852704315,-0.0633529427205257,0.031742199933072,0.00574831730866771,-0.161044664516354,-0.0145710950067244,0.0880637392936711,-0.00602714975387523,0.0476707028102418,-0.0545854513968963,0.131125076890587,-0.00531930163000575,0.168617679258412,0.179757209380662,0.0167347389791367,-0.105111139746491,0.120923802197878,0.07975141419451,-0.0709947047954627,-0.222361755330973,-0.0156260752096534,0.036917981834656,0.0837431892917028,-0.0193268509830531
"6",-0.225913544048903,-0.0820232469185091,-0.0832703871332904,0.012383049468312,-0.136535559452344,1,0.20836752709918,0.305035709830012,0.105133046724816,-0.0896823940816493,0.0532324956379542,0.0405106930693685,0.0518465376532012,-0.0175887480225819,0.0217020001065743,-0.217350195154124,0.0974489693399833,0.023076033473707,-0.0218778114976035,-0.165295928089501,-0.276492649867263,-0.290310194593598,0.0680214280017235,-0.0876007074532378,-0.223799323219425,0.0918346226381977,0.0227809473266275,-0.159272126113225,0.0815930576817126,-0.127118606974279,0.00948959533148805,0.0147958272501344,0.159055863538454,-0.124188691237021,0.0209443793093415,0.143025281168523,-0.127369822078159,-0.121737369435139,0.0440641258712788,0.0102156794347349,-0.132803878629723,-0.17175601556072,0.0339538128689999,0.0459664108185664,-0.0439820665200353,-0.035611735084944,-0.0751202922016328,-0.110679986423133,-0.0891097897547934,0.00143739347091192,-0.0550528910687407,0.0296000979998859,0.00686612121961802,0.0522954830674583,-0.00572082061857966,-0.0821537372246083,0.0463390151251747,0.0163661315195164
"7",-0.0627702187631783,0.00512561917205011,-0.107366449474696,0.202973632489495,-0.194964325261939,0.20836752709918,1,0.201073052117538,0.0990450957839156,-0.0706281991536313,-0.00148145478738232,0.0435919939468119,-0.0174345025452959,-0.0289246678737821,-0.0445111684844424,-0.176830008562398,0.276592836544759,0.178925512651573,-0.0526916551702618,-0.189402822522114,-0.00225930707844275,-0.106425606790907,0.0151701691358924,-0.135765117790532,0.00888142764421729,0.0877867239424558,0.0160718707196993,-0.186886729350312,-0.0707561994244987,-0.152514153470297,-0.0452322672863129,-0.0742770872541441,0.0578111665456851,-0.0778979257716258,0.0473887895231706,0.14865543769002,0.20530937002787,-0.0747654921514592,-0.12988958279438,-0.122058959876596,-0.197770158106063,-0.113035854549566,0.033425517084815,0.0952779206732146,-0.0202069359123721,-0.16565835653722,-0.0538003116871104,-0.0767468925203793,0.00973873767691151,0.124596477744718,-0.0284244996147948,0.0730280129008682,0.0167609008668521,0.00388397619553041,0.0276454312491966,0.131218518136441,0.0866798043996795,0.228777235817629
"8",-0.0912974517779382,0.0895011010919244,0.100937765839956,-0.0150468015741591,-0.0298865390348666,0.305035709830012,0.201073052117538,1,0.0657125090486162,-0.150346476676485,0.173823937511291,-0.075674832048692,0.0299958599672299,0.0705216197407668,-0.00054690705736741,-0.0848949220717378,0.113168414770937,0.0767880163935327,-0.0566585678684079,-0.101325093943878,-0.258365458748327,-0.268251008959218,-0.0112482221633442,-0.00616272275662482,0.137819349725544,0.240290719010617,0.0125478382719223,-0.00926666175870837,-0.0284389996671091,-0.0180302300798976,-0.0574986526394569,-0.0258717084550777,0.135152350315512,-0.0484094488979085,0.0429417130646352,0.254055376423962,-0.0360829659724371,-0.12724968354456,0.14834047353031,0.0904051301499092,-0.203620917970452,-0.0260305235559136,0.228882433549406,0.0367506315966351,-0.0503754652614567,-0.102188499347001,0.0911339435783854,0.200370148459055,0.154129398934218,0.0561319423521742,0.0407093293476795,-0.00751705071484606,0.066552194446887,0.199831354346716,0.0873892725388754,-0.0631983931823577,-0.0286779740575582,0.159854202591896
"9",0.0112294249977352,0.137467392386745,-0.0631755451315097,0.06369583842546,-0.154539374962766,0.105133046724816,0.0990450957839156,0.0657125090486162,1,-0.0639717411892132,0.0362158801809571,0.181476422390186,0.312505278857105,-0.220549496823697,0.100657099563042,-0.100343199394933,0.289731030885903,0.0634220129891884,-0.00953069877668964,0.0559222097087877,0.168381334222397,-0.0108700263404002,-0.0733874215325193,-0.161018790676203,0.0221465178452583,0.160591923635971,-0.0883331143189655,-0.00245892555805907,0.244500429532765,0.0455825101452443,-0.100676910867547,0.131755618154265,0.127493362701992,-0.151658189340766,-0.0667177341681527,-0.0516186475978471,-0.0571855125393132,-0.189530437580486,0.135704668665233,-0.0353545024692066,0.0033210127906429,-0.0143806103317421,0.382017768523349,0.0794184554282862,-0.217983181957931,0.0365948103849806,-0.0997723463418986,0.0478890250776767,0.12982031975657,-0.0483921063138655,0.0788719733090214,-0.151871944481358,-0.0099699103328106,0.193134363836685,-0.0210797411172363,-0.113026535388156,0.0186066395039008,-0.0466969356127535
"10",-0.0100038948617186,0.157907430304039,0.0299399365121532,-0.00632052769488985,0.079564828897042,-0.0896823940816493,-0.0706281991536313,-0.150346476676485,-0.0639717411892132,1,0.0650459818036907,0.0701122958430425,0.142169764131649,0.103807200620957,0.151841127856744,0.0493956690288578,0.0536822598838125,0.0353650515545882,0.198334793046061,0.112577256401284,-0.0269340835880188,0.163997995729189,0.00241359837291427,-0.12592527437714,-0.10390618780805,-0.0785072709649393,0.0498025164193401,0.116802329603061,0.0548664861213432,0.100415129211521,0.170248786690962,0.0683677946276556,0.13204573867886,0.0139913437466154,0.100365495059125,0.0138786566585727,0.0911865779940274,0.115904836879029,-0.0222321942821102,-0.176690951881966,-0.0815853389437869,-0.107339762505219,-0.0550238766210234,0.191988164517352,0.095043404041129,0.0153783756396464,0.00903368507497071,-0.0636144137508598,0.0623906407122853,0.166524096210962,-0.106514674090813,-0.0687083959680923,-0.0394552046332564,-0.0295053285528995,0.145008209044588,0.0978798193640112,-0.061248560006217,0.0255608056017807
"11",-0.0455926488000321,0.0458615962184573,0.116242562586436,0.00423427775585875,0.0595610785829174,0.0532324956379542,-0.00148145478738232,0.173823937511291,0.0362158801809571,0.0650459818036907,1,0.172074869503805,0.0764676588083325,-0.0149008601705363,0.0276803093029719,-0.243113639240539,-0.0164777126549915,0.0479933738012669,0.00760802794748908,0.0497343083823639,0.0516305628399258,-0.147217344196325,0.0471970719764799,0.0707021972440689,0.0314090358846663,0.150551582023445,0.124044899090123,0.13516141258665,0.0688460418567021,-0.0676259163611652,0.133534843859277,0.12458069769729,0.00279418704767642,-0.0238809525583497,-0.151851890261987,-0.0330986908067984,-0.0380175771102339,0.049942621128238,0.140083644734295,0.272734948505107,0.0884656874995051,-0.0187938006168201,-0.129363063926295,-0.0652433440790685,0.109052899552518,0.0842338921922727,0.0720240889953785,0.0114538987699297,0.0200184810879082,-0.151669994973962,0.0159346637282839,0.00128024187470763,0.0178683544093315,0.0930663622574369,0.0739262901122066,-0.0471731211846996,0.193745130597649,0.143605195314968
"12",-0.258230645725761,0.00912841775316198,-0.0839624262460803,0.21270231176804,-0.0565607873189004,0.0405106930693685,0.0435919939468119,-0.075674832048692,0.181476422390186,0.0701122958430425,0.172074869503805,1,0.143853242000326,-0.131935193526786,-0.00554117765239323,0.047118008141078,0.0103765633139875,-0.111746723411068,0.0344774065895127,0.174503126537097,0.133717604424309,-0.0612378433597831,-0.220061377743755,-0.084695960567343,-0.0150271066537455,0.0443261774183314,0.0572807284258687,0.0632201875544614,0.0260629262490104,-0.0606147645057236,-0.0510206701719935,-0.0802238818945516,-0.018756061070808,0.00048665471045142,-0.035279319498057,-0.052022335463553,0.165402761282652,0.00724672315137404,0.121331935558488,0.0002834112809581,0.0656577249763041,0.0497514440627829,-0.0119154185856152,0.0968488213925754,-0.176096691393376,0.0283396684833553,0.182881804273926,0.0343164838906826,0.0172628961921405,-0.0306722364979605,0.0125633413342969,0.0882146292961364,-0.0381469083645151,-0.0236851294103725,0.0799251222780009,-0.064129933839692,-0.155566078170216,-0.0870080448047676
"13",-0.0352763552709413,0.057065209067894,-0.021315470698722,0.0242875212114016,-0.133920437038951,0.0518465376532012,-0.0174345025452959,0.0299958599672299,0.312505278857105,0.142169764131649,0.0764676588083325,0.143853242000326,1,-0.0127179172435174,0.114332753518741,-0.0962337676862174,0.190681661654438,-0.117929606410971,-0.122561283823184,0.187032261269833,0.0424474402725352,-0.0531313738195633,0.274578558942021,0.116799214172969,-0.0445402561636912,0.124995738901358,0.0697966126851008,-0.183377628087737,0.067393999890028,0.056960365060869,0.0527895815579521,0.210144703242953,0.248506340196802,0.0294180168884588,0.148593084880322,0.191538034390848,-0.201434412435824,0.00503303775830583,0.0810830097520481,-0.0709255157854553,0.0365186126199249,-0.0171930773115476,0.208983392546577,0.0348925321371484,-0.21432125636487,0.02827652482162,-0.0817683840863571,-0.140072841448513,0.477415360777778,-0.095035982790311,0.02321677259304,-0.0163597839542744,0.00902094917129551,0.185855939269826,0.0260961342159319,0.136497626733794,-0.028756374043227,0.0316823577973943
"14",0.130376067157601,-0.0426013882198751,-0.132839504972105,-0.142726925466589,-0.112536315574256,-0.0175887480225819,-0.0289246678737821,0.0705216197407668,-0.220549496823697,0.103807200620957,-0.0149008601705363,-0.131935193526786,-0.0127179172435174,1,0.0338050080561336,0.0825919835340387,-0.184599331814052,0.0982634840458482,-0.116583642369565,0.0476003914934832,-0.0511091254531806,0.070466831744549,-0.146839446571154,0.0709572925473543,-0.177220074837803,-0.108902555840694,-0.0306780107667863,-0.0632774883635943,-0.141779702733907,0.111586411608805,0.00370979661824544,-0.0147833564220003,0.123231485715208,0.0637277835844792,0.0210907878042725,0.0832489488898875,-0.0394880975579186,0.0472055447766584,0.0313208791936673,0.235116032585713,-0.235795833298673,-0.121372723363306,-0.106750777391265,0.0816642836191165,0.00661786156679079,-0.0324556848106115,0.0261990414780115,-0.00528651560684452,-0.0121666288334912,0.440452595346865,-0.188846286493377,-0.0635028271300074,0.140613363345534,0.200656993406203,-0.0467975173683482,0.147951543595756,-0.0467761605422822,0.131873422626202
"15",0.0893620292223156,0.153893814141773,-0.0440303020975767,-0.19484556281899,-0.0551813404844427,0.0217020001065743,-0.0445111684844424,-0.00054690705736741,0.100657099563042,0.151841127856744,0.0276803093029719,-0.00554117765239323,0.114332753518741,0.0338050080561336,1,-0.0228335303560141,0.0208534257814072,-0.150638683457275,0.00438351612074682,0.179992257566131,0.133786847291983,-0.00438113317362022,-0.120320043068056,-0.178361148773263,0.10975958402935,-0.118109199338428,0.164549439690271,0.01389399583863,-0.0320516310559548,-0.039402522571129,-0.0682726832504511,-0.0368415789708034,0.342888652833394,0.0945879540890617,0.20343033322023,0.0195334707474285,-0.0897009886815884,-0.0200032740387225,0.106458828543685,0.0497870278853481,0.00859612354625591,-0.036406560301045,0.329994652946268,0.102992939204639,-0.0825902402085122,-0.120320452249283,0.120495500384398,-0.0588217825250652,0.238591920728751,0.00482554671138746,0.0496748762461977,0.00267462140444877,0.0388299427513847,-0.139947240566599,0.0315431722523909,0.00921276554341954,-0.0525594054428764,0.0249103982272355
"16",0.012363346513496,0.0808029798177534,-0.164479327395626,-0.00589069000792482,-0.0146153704503154,-0.217350195154124,-0.176830008562399,-0.0848949220717378,-0.100343199394933,0.0493956690288578,-0.243113639240538,0.047118008141078,-0.0962337676862174,0.0825919835340387,-0.0228335303560141,1,-0.125850082424416,-0.0352138552742064,-0.0769611401812634,-0.0068563046190073,0.0887707972400737,0.206279096852564,-0.0876355115918412,0.057751870286858,0.036155569778273,0.0212465531729704,-0.0475767907307303,0.0766300241668216,-0.189368790556328,-0.0707671228478757,-0.059124911577546,-0.101640174863881,0.0499821598114295,0.0839298025952838,0.0921729225467876,-0.0604803745046248,0.0337146040440219,0.119195351091101,-0.0284785003420756,-0.139537285208744,0.0462298632174086,-0.0172841766898488,-0.0947407023511456,-0.147687074172946,0.126136977146342,-0.256894557910805,0.149262370645408,0.0728494826185254,-0.0678430843218479,-0.0243760922244233,0.0348328615728232,0.0895900532279259,-0.0759998165712715,0.173797631984277,0.00606778024497586,0.0285349540078727,-0.0838393919756208,-0.0555620178753222
"17",0.0107666592566412,-0.0336621545507256,0.034980544360904,-0.0661140182696935,-0.0363190734644841,0.0974489693399833,0.276592836544759,0.113168414770937,0.289731030885903,0.0536822598838125,-0.0164777126549915,0.0103765633139875,0.190681661654438,-0.184599331814052,0.0208534257814072,-0.125850082424416,1,0.18987929418212,-0.0758148596947158,-0.0976944306547183,-0.0134172329843413,0.0454601467785844,0.0624323263119375,-0.0404499851515702,0.0545062733749731,0.224610693497816,0.0288265928495806,-0.172004395328043,0.0133935507310578,-0.0504662420781468,-0.0356736907548073,-0.0715992552023244,0.193612543128642,-0.0559941620671793,-0.058578111106925,-0.0844021843825094,0.0615385003235415,-0.10561304595069,0.0375274779407498,-0.0898375452124789,0.054711460077609,0.026033381249061,0.0347128281464031,0.143088579655739,-0.157781714056039,-0.0117727881583967,-0.0666464538983169,-0.0138613664151522,0.244985003352722,0.0393277277697193,-0.0329991584247203,0.00644970686213576,0.126628748471282,0.129145328280002,0.127361035671031,-0.0682919089098886,-0.114713456378993,-0.00654218311386809
"18",-0.0352957980264886,0.0965017032551953,-0.0256405297023384,-0.115483050127394,0.0288148507048845,0.023076033473707,0.178925512651573,0.0767880163935327,0.0634220129891884,0.0353650515545882,0.0479933738012669,-0.111746723411068,-0.117929606410971,0.0982634840458482,-0.150638683457275,-0.0352138552742064,0.18987929418212,1,-0.0473873603259559,-0.118198125639484,-0.00895829823633085,0.0523185881682207,-0.165106496889585,-0.00137208109555716,0.0411271231069917,-0.0768802798143317,0.0239025572665181,-0.107180027654699,0.0898530031207669,0.0575851240966207,-0.193885821646145,0.139674618678687,-0.00542501269481887,0.134448014018883,-0.251807482475171,-0.0749966847375632,-0.0641430018606487,0.0300493242893571,0.0641082587858244,0.104312078712311,-0.117972601124263,-0.138272991432476,0.0253413165057059,0.0572381145658706,0.0366222686125564,-0.148237535020348,-0.00718487244703128,-0.00905069540463581,-0.170474481634374,0.176299895642915,-0.129872776171833,0.0975760097628406,0.124154393467862,0.0711415097477521,-0.0168943709679745,0.143740391543133,-0.205022023923835,0.0714739184775385
"19",-0.0406079074839838,-0.0453617524658009,0.0189880179799654,0.132065004056421,0.113574323772584,-0.0218778114976035,-0.0526916551702618,-0.0566585678684079,-0.00953069877668964,0.198334793046061,0.00760802794748908,0.0344774065895127,-0.122561283823184,-0.116583642369565,0.00438351612074682,-0.0769611401812634,-0.0758148596947158,-0.0473873603259559,1,0.134629674408284,0.129910234058927,0.0567596877785031,0.0477918486954319,-0.13901397792714,-0.0938987570811216,-0.0195151440133343,0.166537839670666,0.0776347518383307,-0.107954433859134,-0.0523500818293523,0.399247302741955,0.137569793727277,-0.0747563129085342,0.0390859783157267,-0.00797453399441305,0.00534898310821828,0.255180818385084,0.265103244586472,-0.0497500357009753,0.0320309479846266,-0.00522652358722895,0.0430337591970322,-0.0196297369207936,-0.0812807287759105,0.195359099714177,0.0859663586647097,-0.250040457473969,-0.161101698340963,-0.0502386469538136,-0.0562629178301041,-0.0458483680739434,-0.193527958508946,-0.143756807525015,-0.0812278098102633,-0.104463484307987,-0.106374719851954,0.0725725799737104,-0.0243035726483579
"20",0.0388674590665757,0.238742699432175,0.125279634291286,-0.0594294895273395,-0.0438510568994181,-0.165295928089501,-0.189402822522114,-0.101325093943878,0.0559222097087877,0.112577256401284,0.0497343083823639,0.174503126537097,0.187032261269833,0.0476003914934832,0.179992257566131,-0.0068563046190073,-0.0976944306547183,-0.118198125639484,0.134629674408284,1,0.0530664462867866,-0.0658594747001575,0.105659332629042,0.0940322005412778,0.0389983402370342,0.00878844827067356,0.23926966588404,0.154857969346123,0.0596757503890376,0.133651501113532,-0.07750949083852,0.456542300061033,-0.127490296710644,0.0465607290667314,0.162516683006395,0.0105569020924579,-0.00713899688386261,0.0741029042405734,-0.014986306746282,0.0180598709801275,0.0700714262310997,0.0099593994186701,0.184045671883763,0.0781484609121938,-0.102952170757741,0.140980632412401,-0.0426682008662748,0.065072059096739,0.2012586092049,0.0379259861201936,-0.169212463613638,0.0300906507269091,0.102652720215688,0.0426774977247054,0.076482095272622,0.0702201344870413,-0.00969191152475021,-0.0621524401341316
"21",0.165491886447007,-0.00829544265615496,-0.236943398972538,-0.00944089068440971,-0.136134577629588,-0.276492649867263,-0.00225930707844275,-0.258365458748327,0.168381334222397,-0.0269340835880188,0.0516305628399258,0.133717604424309,0.0424474402725352,-0.0511091254531807,0.133786847291983,0.0887707972400737,-0.0134172329843413,-0.00895829823633085,0.129910234058927,0.0530664462867866,1,0.108938444326968,-0.166900876853542,-0.176821169870879,0.180299515707448,-0.0653960412267402,0.0276174301205411,0.0106361511502096,0.118065934253514,0.0662285278070443,0.00275276904362674,0.0164514121842645,0.0628360497943379,0.0750929906755194,0.0500234844677397,-0.188793344397941,-0.0008492460105886,0.0449119410906857,0.157711259313225,0.185923995111457,0.0619419061405556,0.0684141511159817,0.0393320117677962,-0.151833478692049,0.0910119423411484,0.0981755949391429,-0.106101490073425,-0.0838411978747644,-0.178649522621625,-0.17400612889698,-0.0250654613273822,-0.0078122979052875,-0.223929440838238,0.0100963313267969,-0.208421909493856,0.0490923851698739,0.018302202369592,-0.0946430653127595
"22",0.303843895666046,-0.103903158125742,0.052600432821291,0.0220536721734388,-0.048320758648491,-0.290310194593598,-0.106425606790907,-0.268251008959218,-0.0108700263404002,0.163997995729189,-0.147217344196325,-0.0612378433597831,-0.0531313738195633,0.070466831744549,-0.00438113317362022,0.206279096852564,0.0454601467785844,0.0523185881682207,0.0567596877785031,-0.0658594747001575,0.108938444326968,1,-0.0878694725051476,0.0420162695885976,-0.234055807544342,0.0545699844074582,-0.0221339388534867,0.208286137177716,0.0935175543817587,0.142259479174522,0.176925556497166,-0.0557295056189281,-0.131338762737321,0.0290010987835401,-0.0971365409069608,-0.144429332134287,0.230335514002811,0.112584962963304,0.0971996675089589,0.0127391288284938,0.130718571358387,0.325125206426931,-0.10869351383597,0.0457999224300548,-0.0575035446832588,-0.106234716297231,-0.108239377589194,0.112658866831163,-0.0325160310131072,0.163588198703514,0.0235338025457441,-0.27005014953417,-0.0708877445284549,-0.0956770332597496,-0.0288293148942718,0.0753777461559821,-0.165886730346492,-0.190335269007886
"23",-0.0389959606076693,-0.0625947307693652,0.0203951532625949,0.0234392438511224,0.160175318940432,0.0680214280017235,0.0151701691358924,-0.0112482221633442,-0.0733874215325193,0.00241359837291427,0.0471970719764799,-0.220061377743755,0.274578558942021,-0.146839446571154,-0.120320043068056,-0.0876355115918412,0.0624323263119375,-0.165106496889585,0.0477918486954319,0.105659332629042,-0.166900876853542,-0.0878694725051476,1,0.115704509699538,0.04722600532285,0.103792264252821,0.121837557040557,-0.0338506420902274,-0.185269073248413,-0.0543274244999826,0.0523973230951205,0.257992450009527,-0.203609147384317,-0.0278056036041281,0.213109257409042,0.0405656316819141,-0.217154100737505,-0.0342893866179264,-0.0791559400728588,-0.155336429694967,-0.0595989688762984,0.00241960125179368,-0.0461948209576666,-0.0259967586989773,0.0462866996206489,0.214451743457088,-0.10526707345339,0.035475510769021,0.111827526395245,-0.0804702432912956,-0.0170691130836629,-0.139490175483073,0.093715029653147,0.240586047463772,-0.0614538834768285,0.188456489376146,0.200546271235028,0.0212550515437213
"24",0.0581278456986439,-0.0844290035489127,0.20270156790422,0.0119282183562458,-0.0105306122902019,-0.0876007074532378,-0.135765117790532,-0.00616272275662482,-0.161018790676203,-0.12592527437714,0.0707021972440689,-0.084695960567343,0.116799214172969,0.0709572925473543,-0.178361148773263,0.057751870286858,-0.0404499851515702,-0.00137208109555716,-0.13901397792714,0.0940322005412778,-0.176821169870879,0.0420162695885976,0.115704509699538,1,0.0193780696571592,0.0571614135526308,-0.054528382696232,0.0468486135120741,0.146374186834156,-0.00295050502020447,-0.0712310074316182,0.0708723984835222,-0.11055108837495,0.0237639221486555,-0.0276984804856226,-0.0239897178190327,-0.106896019080559,0.0473996789274537,0.0639236270576992,0.130614476417898,0.285455953095312,0.255563954300599,-0.0829572929276356,-0.0881630632603758,-0.108102658950426,-0.107332913189343,-0.0391054738435268,0.00286134238879952,0.16055438332918,-0.0124864901475164,-0.127860693132763,0.0840597304225423,-0.0851218890203279,0.119804389486902,0.214534464297525,0.0450973307946326,0.0716008944035304,-0.120671978771958
"25",-0.0978377321390507,0.230325444262841,-0.0821583991510733,-0.0185610274551401,-0.00672228780781197,-0.223799323219425,0.00888142764421729,0.137819349725544,0.0221465178452583,-0.10390618780805,0.0314090358846663,-0.0150271066537455,-0.0445402561636912,-0.177220074837803,0.10975958402935,0.036155569778273,0.0545062733749731,0.0411271231069917,-0.0938987570811216,0.0389983402370342,0.180299515707448,-0.234055807544342,0.04722600532285,0.0193780696571592,1,-0.0322739823295577,-0.00514827547210609,0.0336719016397925,0.0148564961286887,0.0998299585454678,-0.232257810283014,0.0348209080308416,-0.0800992058633181,-0.217343692453637,0.116634324463208,0.0916902038043084,0.016981700580444,-0.140041366656719,-0.00869937114341004,0.0547452468163398,-0.0201300179201166,-0.0421007363495535,0.0444485855973029,-0.0713168934765931,-0.0609703187314427,-0.00396199244244516,0.179045864717858,0.0560666473071039,0.0954688277995854,-0.227611283822656,-0.13956389179221,0.184517459099626,0.0523212125520942,0.0926623825476453,0.0857457409264858,0.0248045185478307,0.130639007912608,-0.0923611255773734
"26",-0.0173228374079792,0.159262398424737,0.0895201884517003,-0.0145233726875272,-0.172081818887233,0.0918346226381977,0.0877867239424559,0.240290719010617,0.160591923635971,-0.0785072709649393,0.150551582023445,0.0443261774183314,0.124995738901358,-0.108902555840694,-0.118109199338428,0.0212465531729704,0.224610693497816,-0.0768802798143317,-0.0195151440133343,0.00878844827067356,-0.0653960412267402,0.0545699844074582,0.103792264252821,0.0571614135526309,-0.0322739823295577,1,-0.0789159580495704,-0.0302354801968518,0.0703131451346374,0.0339258509401415,0.0893275286284459,-0.100042866609709,-0.0098625143066903,0.0145422692711444,0.0137525482304277,0.0905045800792983,0.0168645942455493,-0.0181786415084723,0.0777043808266079,0.112121934197388,-0.105636398846395,-0.0167614089941883,0.0429358525546776,0.0518857140019392,-0.0878312128056152,-0.0281061119752293,-0.0709114843950748,0.112149917902111,0.126192667139393,-0.0259937129818531,0.167626936385102,-0.061201235270747,0.0858734221481616,0.391191566369813,0.0362778446468892,0.0836063750840515,0.00420441797482349,0.0031188519305511
"27",0.228578265827803,0.129748834276034,0.070735835634672,-0.00999935337831228,0.0929005752581895,0.0227809473266275,0.0160718707196993,0.0125478382719223,-0.0883331143189655,0.0498025164193401,0.124044899090123,0.0572807284258687,0.0697966126851008,-0.0306780107667863,0.164549439690271,-0.0475767907307303,0.0288265928495806,0.0239025572665181,0.166537839670666,0.23926966588404,0.0276174301205411,-0.0221339388534867,0.121837557040557,-0.054528382696232,-0.00514827547210609,-0.0789159580495704,1,0.245893085310834,0.0785787967949991,0.0586220050606043,0.0882306067737294,0.276712966057289,-0.06620000871917,0.210210341668449,0.145903936435754,-0.0470139747408857,0.0829364094905697,0.0652296720323438,0.0886195956307909,0.0859678813908649,0.175182156511528,0.102757501821835,0.0550831687874273,-0.0506577499600199,-0.0186697349069245,-0.157751229579186,-0.0826055956682129,-0.0686215804711482,0.0523193234280854,-0.0999414289126503,-0.016397891812975,0.018758437326176,0.134986379220199,-0.114606876553056,0.112813039450084,0.079758524028577,0.0274555561203399,0.227031652074949
"28",0.27127380486096,0.0633929096463366,0.00851390252839223,-0.0727237467493604,0.093928994254215,-0.159272126113225,-0.186886729350312,-0.00926666175870837,-0.00245892555805907,0.116802329603061,0.13516141258665,0.0632201875544614,-0.183377628087737,-0.0632774883635943,0.01389399583863,0.0766300241668216,-0.172004395328043,-0.107180027654699,0.0776347518383307,0.154857969346123,0.0106361511502096,0.208286137177716,-0.0338506420902274,0.0468486135120741,0.0336719016397925,-0.0302354801968518,0.245893085310834,1,0.172968042367558,0.28139517545843,0.0442183718222964,0.126412458581156,-0.0283074688022902,-0.0610663937726802,0.0149649734191989,-0.169613246245761,0.157692782592216,-0.024990898348509,0.0719841948165224,-0.0239244588724112,0.16761574456419,0.20013939904538,0.125849040814629,0.129963841408196,-0.133993735211051,0.0960291211079796,0.00179486191308,0.124409871345824,-0.102159253249438,0.0193910443615705,0.111410917189778,-0.0112020617192582,0.0738657139565384,-0.0701336965889812,0.0871970442833723,0.0686156557236479,0.0653388739651166,-0.0567910799840171
"29",0.0559856065945575,-0.0449420265124882,0.042215327650045,-0.00119227451916124,-0.258467223042392,0.0815930576817126,-0.0707561994244987,-0.0284389996671091,0.244500429532765,0.0548664861213432,0.0688460418567021,0.0260629262490104,0.067393999890028,-0.141779702733907,-0.0320516310559548,-0.189368790556328,0.0133935507310578,0.0898530031207669,-0.107954433859134,0.0596757503890376,0.118065934253514,0.0935175543817587,-0.185269073248413,0.146374186834156,0.0148564961286887,0.0703131451346374,0.078578796794999,0.172968042367558,1,0.366194941654536,-0.0521471665442083,0.0817277442110042,0.00412870080168749,-0.0104082641035305,-0.0357579241835079,-0.0995191473954272,-0.0510889609770748,-0.101166492355098,0.184936016779412,0.0744553786095038,0.124225572734235,0.195957512792859,0.248007946158791,0.132219999034017,-0.201533028514299,-0.0229216361759968,-0.0275909033944019,0.0751681306138585,-0.046466125820738,-0.0251251279717754,-0.0731137555278732,0.071646289609321,-0.129106408009141,-0.0957738749951516,0.0968637931866095,-0.154011970400659,-0.0678383769455725,-0.0485915629520106
"30",0.0197959237719247,0.0781076975943337,-0.0472091068701223,-0.109449090380373,-0.128775927685738,-0.127118606974279,-0.152514153470297,-0.0180302300798976,0.0455825101452443,0.100415129211521,-0.0676259163611652,-0.0606147645057236,0.056960365060869,0.111586411608805,-0.039402522571129,-0.0707671228478757,-0.0504662420781468,0.0575851240966207,-0.0523500818293523,0.133651501113532,0.0662285278070443,0.142259479174522,-0.0543274244999826,-0.00295050502020447,0.0998299585454678,0.0339258509401415,0.0586220050606043,0.28139517545843,0.366194941654536,1,-0.0339088333655435,0.158817925870521,0.152167565299985,0.00114817771728982,-0.0791886158571396,-0.105072631660442,0.136865401185669,0.0160364463127832,0.132260977746974,0.0296252481582732,0.0067637716811739,0.0727698751442235,-0.0330753575426089,0.230688513779871,-0.0224011143263565,0.0647753113538775,-0.029770559177834,-0.0313044168591095,-0.0799671025207976,0.00392509872640162,-0.0904501772021528,-0.0290032337944687,0.135114724701544,-0.0935213509376061,-0.020241790488402,-0.0328090215873867,-0.0162791569942629,0.047885679162839
"31",0.0436684540298523,-0.179112121229424,0.0707947105699371,0.0995259187653885,-0.0569743386013277,0.00948959533148805,-0.0452322672863129,-0.0574986526394569,-0.100676910867547,0.170248786690962,0.133534843859277,-0.0510206701719935,0.0527895815579521,0.00370979661824544,-0.0682726832504511,-0.059124911577546,-0.0356736907548073,-0.193885821646145,0.399247302741955,-0.07750949083852,0.00275276904362674,0.176925556497166,0.0523973230951205,-0.0712310074316182,-0.232257810283014,0.0893275286284459,0.0882306067737294,0.0442183718222964,-0.0521471665442083,-0.0339088333655435,1,-0.0758196218558727,-0.110809998035142,-0.0297402071172438,0.0576780708833265,0.100022408796934,0.175353244019529,0.196194539189347,0.0148183429832816,-0.0143580941429854,-0.00571411398922514,0.121881304503416,-0.120701177594592,-0.223675832279428,0.0562336021564336,0.0989110361535962,-0.132401943650889,3.11714387870558e-05,0.0585656236257979,0.0124498797104169,0.112526221348539,-0.276775998555752,-0.055081402915588,0.0347700135983991,-0.0340738721462497,0.0503546884560067,0.194559368211913,-0.0645454358742638
"32",0.00959582980830822,0.0859363320130926,-0.0879427704554619,-0.191848796490677,0.0563156356785451,0.0147958272501344,-0.0742770872541441,-0.0258717084550777,0.131755618154265,0.0683677946276556,0.12458069769729,-0.0802238818945516,0.210144703242953,-0.0147833564220003,-0.0368415789708034,-0.101640174863881,-0.0715992552023244,0.139674618678687,0.137569793727277,0.456542300061033,0.0164514121842645,-0.0557295056189281,0.257992450009527,0.0708723984835222,0.0348209080308416,-0.100042866609709,0.276712966057289,0.126412458581156,0.0817277442110042,0.158817925870521,-0.0758196218558727,1,-0.0190232564077249,0.0259320983552102,-0.00757695709575026,0.0423447876028708,-0.0635744681255322,-0.0143973444844105,0.00771748406646252,-0.0340347822625231,0.106697275430954,0.079404555811344,0.134689757486547,-0.00587925966255824,-0.00387805880969437,0.0698528394341228,-0.183290843584839,0.0146128589495421,-0.0245004959708514,-0.0575081088411161,-0.101963041829317,-0.164014431522023,0.0944160305458647,-0.133078967005455,-0.00139382913630206,-0.0185517990922546,0.0243376997195717,0.193733435925307
"33",0.0235484139127836,0.0645610311198158,-0.228464718000579,-0.153108439555074,-0.19144669110747,0.159055863538454,0.0578111665456851,0.135152350315512,0.127493362701992,0.13204573867886,0.00279418704767642,-0.018756061070808,0.248506340196802,0.123231485715208,0.342888652833394,0.0499821598114295,0.193612543128642,-0.00542501269481887,-0.0747563129085342,-0.127490296710644,0.0628360497943379,-0.131338762737321,-0.203609147384317,-0.11055108837495,-0.0800992058633181,-0.0098625143066903,-0.06620000871917,-0.0283074688022902,0.00412870080168749,0.152167565299985,-0.110809998035142,-0.0190232564077249,1,0.0737598369600235,0.166691279879669,0.0910455042717567,-0.0342758733500091,-0.079009307385842,0.0968001582725478,-0.0555228857863312,-0.178355497751314,-0.126396309838165,0.0842674822224094,0.249691319912307,-0.0751389781870653,-0.0275708133268934,0.123027660527074,-0.11259509283371,0.0388587809473354,0.0475092380769378,-0.157485798528608,0.0997583322217614,-0.0128538348139059,-0.0904399722773335,0.0251043659432287,0.0080809493041704,-0.0603620479088795,0.290549573216565
"34",0.114309584122232,0.0458048331723558,0.0152026611758983,-0.0651539959154315,0.191746595975285,-0.124188691237021,-0.0778979257716258,-0.0484094488979085,-0.151658189340766,0.0139913437466154,-0.0238809525583497,0.00048665471045142,0.0294180168884588,0.0637277835844792,0.0945879540890617,0.0839298025952838,-0.0559941620671793,0.134448014018883,0.0390859783157267,0.0465607290667314,0.0750929906755194,0.0290010987835401,-0.0278056036041281,0.0237639221486555,-0.217343692453637,0.0145422692711444,0.210210341668449,-0.0610663937726802,-0.0104082641035305,0.00114817771728982,-0.0297402071172438,0.0259320983552102,0.0737598369600235,1,0.022521396347088,-0.0872409498877934,-0.0436858486473434,-0.0183018973686934,0.169099306023172,0.0962995848312798,0.145698886729223,0.0605786676696356,0.138166675816065,0.00327195685677098,0.0431065173314027,-0.0664918644881295,0.165746244539919,-0.0180752127539552,-0.145635777436907,0.0394727026729306,0.180138868240418,0.0240149783152395,-0.133448773845944,-0.0971682946187305,-0.111249156862474,0.0558686260315184,0.0181910638863712,0.0357138058825503
"35",-0.0303790533328445,0.106702811108464,-0.205585808515374,-0.0387302787836817,-0.0261706852704315,0.0209443793093415,0.0473887895231706,0.0429417130646352,-0.0667177341681526,0.100365495059125,-0.151851890261987,-0.035279319498057,0.148593084880322,0.0210907878042725,0.20343033322023,0.0921729225467876,-0.058578111106925,-0.251807482475171,-0.00797453399441305,0.162516683006395,0.0500234844677397,-0.0971365409069608,0.213109257409042,-0.0276984804856226,0.116634324463208,0.0137525482304277,0.145903936435754,0.0149649734191989,-0.0357579241835079,-0.0791886158571396,0.0576780708833265,-0.00757695709575026,0.16669127987967,0.022521396347088,1,0.0903294326554716,0.17922585129543,-0.0560589263449564,-0.0317289390170171,0.0016022703696929,-0.167289484247327,-0.00532420430049187,0.0998722579671574,0.0921898658025363,-0.127125135504957,-0.0289682915725793,0.152421283620655,0.0212718591985443,0.0650303663562176,-0.0015426834731474,0.0235048034861204,-0.0655374981831611,-0.0207709950536337,-0.050613175538609,0.0390700976253721,0.0352118859676125,0.108018824958383,0.0888956899179659
