"","l_Insular.Cortex","r_Insular.Cortex","l_Amygdal.Area","r_Amygdal.Area","l_Bed.Nucleus.of.the.Stria.Terminalis","r_Bed.Nucleus.of.the.Stria.Terminalis","l_Hippocampus","r_Hippocampus","l_Orbitofrontal.cortex","r_Orbitofrontal.cortex","l_Entorhinal.Cortex","r_Entorhinal.Cortex","l_Frontal.Association.Cortex","r_Frontal.Association.Cortex","l_Globus.Pallidus","r_Globus.Pallidus","l_Glomerular.Layer.of.the.Accessory.Olfactory.Bulb","r_Glomerular.Layer.of.the.Accessory.Olfactory.Bulb","l_Glomerular.Layer.of.the.Olfactory.Bulb","r_Glomerular.Layer.of.the.Olfactory.Bulb","l_Granule.Cell.Level.of.the.Cerebellum","r_Granule.Cell.Level.of.the.Cerebellum","l_Hypothalamic.Region","r_Hypothalamic.Region","l_Entorhinal.Cortex","r_Entorhinal.Cortex","l_Vermix.Molecular.Layer.of.the.Cerebellum","r_Vermix.Molecular.Layer.of.the.Cerebellum","l_Lateral.Molecular.Layer.of.the.Cerebellum","r_Lateral.Molecular.Layer.of.the.Cerebellum","l_Anterior.Olfactory.Bulb","r_Anterior.Olfactory.Bulb","l_Posterior.Olfactory.Bulb","r_Posterior.Olfactory.Bulb","l_Subiculum","r_Subiculum","l_Perirhinal.Area","r_Perirhinal.Area","l_PreLimbic.System","r_PreLimbic.System","l_Primary.Cingular.Cortex","r_Primary.Cingular.Cortex","l_Primary.Motor.Cortex","r_Primary.Motor.Cortex","l_Retrosplenial.Cortex","r_Retrosplenial.Cortex","l_Secondary.Cingular.Cortex","r_Secondary.Cingular.Cortex","l_Secondary.Motor.Cortex","r_Secondary.Motor.Cortex","l_Striatum","r_Striatum","l_Ventral.Tegmental.Area","r_Ventral.Tegmental.Area","l_Substantia.Nigra","r_Substantia.Nigra","l_Thalamus","r_Thalamus"
"1",1,0.237990632103551,-0.01095050808579,0.0437113568510874,0.145702570132064,0.152413629254899,-0.0621254508971911,-0.0359820204749867,0.238368852344469,0.370830795677607,0.111829132971182,0.147924742837848,-0.132100703887148,0.102657035040135,0.0524594904416409,0.112721483238399,-0.191761641640442,0.111975900235322,0.164023570577363,0.00930627382314364,0.0571411896653339,0.0890747832054387,0.13310846391952,0.170410268425102,-0.00674707654300227,0.03026941709395,0.0191396897010952,-0.00853843212041668,0.00669618395873771,0.11926651024039,-0.0570837445053916,0.177710849805927,0.21651138257043,-0.12435055790447,-0.0303059662955367,0.110502691439253,-0.0502313582600793,0.0948713793632237,0.167859686230816,0.0672927298849513,0.0609105523543062,-0.0739863705588229,-0.0456539667579434,-0.145737099124881,-0.0175711393622229,-0.0235266255446391,0.166157367592445,0.14643292069871,-0.0859306998680033,0.0951933197659315,0.212654882963925,0.196201426130639,-0.188146761588794,-0.0451467600396877,-0.143260354453691,-0.0100973113137629,-0.188560575435293,0.0157006110547576
"2",0.237990632103551,1,-0.13938303230947,0.0365692006378363,-0.0910242691908158,0.0182658760613942,-0.0483652223582982,-0.0440017852800538,0.216557606707521,0.316610184509451,0.28226427757492,-0.00245830804152349,-0.0681614771115407,0.19397303741213,0.0005389992082207,0.0691810652526937,-0.102702140587317,0.1759815027917,0.318181913191244,0.13056748932218,0.0406533021144471,0.0641251604625917,0.0460909948054446,-0.151711624770429,-0.149017099482863,-0.0895830383091307,-0.263146415349045,0.0627130952733271,0.173775290135256,-0.121399543212322,0.13784298756389,0.253674215081769,0.0587457012984229,0.0657343460940681,0.093528401959126,0.111270140674162,-0.00730852686523801,0.186670594756137,0.276829110765083,0.0977606421105049,0.0654677153220082,-0.0670661862557009,-0.188688791124862,-0.129684925668666,0.0781536589612908,0.0135833396422669,0.0844246601998419,0.118531524849794,-0.0603540717023055,-0.0159096778876542,-0.0264037327625463,0.0510986281199311,-0.243634373333866,0.162116026556774,0.0163136118111568,0.0743589381751296,-0.0695157849366663,-0.10861187699172
"3",-0.01095050808579,-0.13938303230947,1,-0.0645185640245528,0.029193748041147,0.252088332368795,-0.0153807717771875,0.00438242634367982,0.181913347558194,-0.0920304116126192,-0.120810902354485,0.00957857581958771,0.103644399906021,0.194058731541803,0.0183913307689223,0.0648565290175057,-0.140448922117896,0.0406691049709722,0.00085110161844931,0.0981689152764595,0.0879365528787684,0.0547953964040392,-0.0215296863053457,-0.0532298632360396,-0.0513376588062164,0.175307518046615,0.103654077042859,-0.0148094161780837,-0.0487740313677681,0.0791733676909045,-0.0271007631930264,0.0906421954787791,0.0288608337253864,0.0811893189795167,0.156717402018232,0.0440882246831292,-0.151527307702207,0.103350307797473,-0.134569935161992,-0.174217653683827,-0.0608308215843932,-0.0341228445923051,-0.025901093724701,-0.0617871492816958,-0.0582849889307126,0.0504134121355043,-0.128135323381968,-0.090591872451676,0.0289227704903743,0.225636002739154,0.0222756674454105,-0.037681145940656,0.166422406428013,-0.0366231111833955,-0.120154502616237,0.0623439597518659,-0.0731178191999881,0.0622401514824722
"4",0.0437113568510874,0.0365692006378363,-0.0645185640245528,1,0.0200102960784728,0.0891921235365156,-0.00335624546194869,0.137405653017074,0.0356896285310426,-0.0106543252898333,0.202455513853096,0.13830145623241,0.121787750653306,0.0810737956841328,-0.0390741750482889,0.187910590841747,0.106468386542889,0.00127621518821412,-0.0315092947364647,0.0512432277235568,-0.0605630077740822,-0.0254590983472255,0.222453905682094,0.117884845579785,-0.05767841368701,0.22036921193469,-0.156573116720301,-0.163056802772695,-0.0219134277982805,-0.00025677382267974,0.0920862893092601,0.00104212311027784,-0.0118738987305589,-0.0424687451276015,0.0473447735541784,0.0222290647352475,0.0160935949855219,0.14890897849735,-0.0499246166595778,0.0793658435966103,-0.0571315642041994,0.107731600570258,-0.0667680746729528,-0.0481171147295253,-0.177822541733813,-0.00409210286713598,0.0338910772249483,0.0999333431757922,0.0202418556120845,-0.144144808182719,-0.0258706533682945,0.183233242267669,0.00011067667268201,0.0969365525198352,0.0636922768071392,0.138871815408496,0.0449837947075318,0.171915789864089
"5",0.145702570132064,-0.0910242691908158,0.029193748041147,0.0200102960784728,1,0.116532434279381,-0.0985578196782602,0.0053726338578167,-0.0543323074398249,0.116826009080354,0.00679414093445815,0.045923700199509,0.152781903182767,0.00067740298251996,0.00170584805066692,0.206720237043268,0.0765043195063511,-0.0231209018303198,-0.0796499872377217,-0.110226400030434,-0.225729618948502,-0.07874173539624,0.252082713298441,0.15640042662017,-0.081994420677219,0.190450113350078,0.00055154999550518,-0.193239469349696,-0.136641909900954,-0.00581502492291485,-0.136120111950937,0.00540882933003696,-0.0788755521468999,0.106401012982943,-0.0512004895146082,-0.00620902621180058,-0.10096832575419,0.0930432660662754,-0.0100638212821264,0.00706968468786314,0.0438060227912553,0.115166639194719,0.135434134085425,-0.202767635848756,-0.0723462528619971,-0.0151819028859327,-0.097965152189277,-0.0909175613205245,-0.0488834410372305,-0.0238174253907941,0.218587752775875,0.138566340231386,0.0685722376073258,-0.0380753844771545,0.0669040698508689,-0.0386337955529768,0.0979457091964387,0.176806406558431
"6",0.152413629254899,0.0182658760613942,0.252088332368795,0.0891921235365156,0.116532434279381,1,0.0644011292071312,-0.0441888135777206,0.184196086651814,0.0946618125885995,0.116838460936375,0.0565964101725076,0.168873153000965,-0.0203132726323845,-0.127481091352672,0.201435275768026,-0.17004185528536,-0.0968933446189704,-0.0116214840050401,0.159987741346885,-0.0937575978595537,-0.0478121816372257,0.00143748914975118,0.0350926602046825,-0.0398371400818021,0.0586960573796506,-0.0884797529021013,-0.244228357373139,-0.230409931860238,-0.00745056017551106,-0.136509452664839,0.147724026724423,0.0458516987194601,-0.0342763604669465,0.0676465189852967,-0.0997267734847972,0.0113237456654196,0.129386414274151,0.00848616284074399,0.00109669117529216,0.152315341179126,0.0994475333916024,-0.15827291820293,-0.121358048119045,-0.323907653674088,-0.381103991550811,0.00664224055052435,0.0483574038700728,0.0756627730168339,0.00593733439302375,0.325965233046911,0.392956230703745,-0.0601562812725076,-0.178982887875598,-0.0909104717548003,-0.0496853795899715,0.0373809251612477,0.175968233198512
"7",-0.062125450897191,-0.0483652223582982,-0.0153807717771875,-0.00335624546194869,-0.0985578196782602,0.0644011292071312,1,0.143188526134579,-0.016036675567946,-0.238959744776132,0.0696186991325883,0.0296814108368872,-0.042458637871926,0.00637461316750815,-0.072426661183308,0.0750759175625747,0.00221601818922383,0.0828125261645177,-0.0324218060976405,0.144904741597583,0.111896778934968,-0.0668850147078533,-0.0152216592831479,-0.0552705074048272,-0.114197800828308,-0.111109938086344,-0.0296581669779701,0.00743919122798368,-0.00269035578618119,-0.0525673499692121,0.12239696211247,0.165159773158983,0.171700886549845,0.168735835317326,0.158562045865852,-0.0246580268255384,0.203416732052321,-0.0219442863446318,0.0869278396296178,-0.0125552808029439,-0.0610104176590667,-0.0282824181879505,0.0361398296450467,-0.278062133796214,-0.0435441301917512,0.044657453916172,-0.179267281255511,-0.0192234834222534,-0.0365986561397595,-0.132227089440673,0.0469462800709961,-0.0270453838086136,-0.0256451222313305,-0.215234604257434,0.00783413246289442,-0.114595837075596,-0.0552025658189235,-0.16378045492071
"8",-0.0359820204749867,-0.0440017852800538,0.00438242634367982,0.137405653017074,0.0053726338578167,-0.0441888135777206,0.143188526134579,1,-0.108967296074388,-0.0681651295141014,0.0372845826642649,0.128917300888802,0.130695137689189,-0.114075505397962,-0.135237485601022,0.0173149603876596,0.133275268215505,-0.164195650807577,-0.202375580356897,-0.0462397701010941,-0.126996235541335,-0.138784866059096,0.0446215918138838,0.100923975694244,-0.232329563577137,0.0907922190857314,0.0536079724015667,-0.0154925655749431,0.0953373913665775,-0.0407717084752017,-0.176880499307872,-0.0714234309866319,0.126217523120464,-0.0457066400373848,0.2890878850015,0.340099022051002,-0.120127645050371,0.00331601047962777,0.0730856345793997,0.183681305006293,0.0104769214996836,0.0181692286752904,0.0542574837172373,-0.138052814536055,-0.0335212645598861,-0.137226999285041,0.0412722393255712,0.075602653270096,0.0891393265444249,-0.240059130068369,-0.00718635340196589,-0.0161811380988754,0.113245390647511,-0.0540572138591501,-0.0812072044443545,0.190720935557031,0.134162345433387,0.14661608889599
"9",0.238368852344469,0.216557606707521,0.181913347558194,0.0356896285310426,-0.0543323074398249,0.184196086651814,-0.016036675567946,-0.108967296074388,1,0.166456434985851,0.0912069935839085,-0.00402399996478895,0.326502026587324,0.235341389126388,0.0970979599764886,0.126440426100017,-0.237099179402503,0.021388220054902,0.303234069175715,0.248751627693379,-0.0516801485685426,0.0212607424762925,0.149032314788297,0.0432853559567779,-0.0903385471026478,0.0496816290034835,0.015451723806316,0.0114272671787878,-0.00857121302252017,0.0623991165920287,0.0725893568888749,0.279817099737709,0.215421282408086,0.0673500705128785,0.127044224374079,0.0969753648968572,-0.0299758300652343,0.0487916576197532,-0.00141179918896058,-0.0476909542611013,0.234374985029864,0.0898224380259085,0.091735439047761,-0.0693056841652277,-0.0243368420753867,0.147671597873483,0.182915783989555,0.0429469652414028,0.309327321857763,0.143112833307261,0.0278221343996648,0.219501049731627,-0.169702450012746,-0.160977056064568,-0.0379634185153803,-0.135349109449248,-0.0712193901582235,0.0283002284855635
"10",0.370830795677607,0.316610184509451,-0.0920304116126191,-0.0106543252898333,0.116826009080354,0.0946618125885995,-0.238959744776132,-0.0681651295141014,0.166456434985851,1,-0.0194242532380971,-0.0535831771866471,0.126849916829145,0.203019336264942,-0.0719972042268248,-0.0309124116234815,-0.189983782068733,0.225715432547482,0.183345389348859,0.171761346722364,-0.134545954138191,0.0994332874436155,0.0629531824538897,0.216068789129685,-0.10147152830201,0.0591155114846237,0.0154709097347796,-0.192314839680645,0.199502958327661,0.0586186097512377,0.156532640807955,0.334470310518772,0.0926338716393754,0.0217298580813688,-0.0485734781622068,0.285419376158589,0.1027193962237,0.12897003578053,0.09175305494474,0.136769052657777,0.193177249242273,-0.0639571593396035,-0.100817028323041,0.0205704189145839,0.142508375253374,0.170019423616243,0.236399660214751,0.0821817911169817,0.0591379444858395,0.101530216805557,0.0729342841423545,0.0958129119625303,-0.0179558690799985,0.217122502441135,0.0475221016118319,-0.0575215041023039,-0.119641836917581,-0.118590732421956
"11",0.111829132971182,0.28226427757492,-0.120810902354485,0.202455513853096,0.00679414093445815,0.116838460936375,0.0696186991325883,0.0372845826642649,0.0912069935839085,-0.0194242532380971,1,0.195195824092909,0.109299817842521,-0.00245519291691166,-0.0093576817946087,0.17918753928542,0.0209811507825632,-0.0506681923816549,0.119162398185596,0.00216714978593282,-0.0704307045841308,-0.0447561799670905,0.0219198878522739,-0.113917950807504,0.00308923929116956,-0.0346077839788234,-0.165607465664487,-0.0422857745150332,-0.129069863376794,-0.0387284541889839,-0.010692099065828,0.0578867724275905,0.133259091509725,-0.00613519308590854,0.0612536085073893,0.0437410772622184,-0.131182505290775,-0.0665559547976108,0.0535806410351326,0.13030167530661,0.174330200736513,0.196930362706834,-0.0351641377579697,-0.0587900051097313,-0.0318168317867736,-0.00968845582290364,-0.0168197257184809,0.134786273815876,0.0826724898852316,0.0108908285803138,0.126868575125258,0.233706637048684,-0.0577060824409516,-0.244052214117869,-0.0427770881761432,0.117101142815191,-0.0301950481648735,0.0579202812718465
"12",0.147924742837848,-0.00245830804152349,0.00957857581958771,0.13830145623241,0.045923700199509,0.0565964101725076,0.0296814108368872,0.128917300888802,-0.00402399996478895,-0.0535831771866471,0.195195824092909,1,0.0184515435686557,-0.00559273421733826,0.00194420581117933,0.0903963089506947,0.0565434749664088,-0.0168701062418792,0.00617384651860099,-0.052026406414045,0.166757106526373,-0.13958031260067,-0.0354609237271191,-0.101677279399281,-0.0707825503897995,0.0136160017922323,-0.10026625602152,-0.0375129168573719,-0.00829621721399201,0.0152784609406253,-0.0338813128444597,0.0291930604364698,0.196700960610351,0.0585706390380704,0.114936942440802,0.273981921649011,-0.0535478600487095,-0.0372102034544546,0.053242245290938,0.178887196414449,-0.00678181985295148,0.0895821147737307,0.102299564377743,-0.0955767936252047,-0.213209222597426,-0.00900968110807648,0.059072554958426,-0.00802884221645235,0.12030068881942,-0.0643767002780279,0.0772092033760152,0.0318644601917684,-0.0245393033457563,-0.0543364559390479,0.0169145423805844,0.173808853352351,0.187413430415094,-0.113913231273027
"13",-0.132100703887148,-0.0681614771115407,0.103644399906021,0.121787750653306,0.152781903182767,0.168873153000965,-0.042458637871926,0.130695137689189,0.326502026587324,0.126849916829145,0.109299817842521,0.0184515435686557,1,0.0589896481916321,0.130733853119501,0.195066495965239,0.270241180367742,0.0962407701276602,0.198166217268681,0.160664048574798,-0.0520716561635258,-0.0784612301855076,0.273833491068634,0.115858522521246,0.0586110975325466,0.0634145042787658,-0.124829871727494,-0.25749915643565,-0.0449132091160774,0.0198183762711477,0.207368080621821,0.192999449727295,-0.0545894321927198,0.106815400099014,0.136763024444723,0.165136357837909,-0.135529629374757,0.050239656264716,-0.128023014543077,-0.0935072464024656,0.144118060542889,0.163029281274481,0.102575855187577,0.0797772280593521,-0.102688741583002,0.14845686975719,-0.00915954018014223,-0.0671887337065543,0.614046055591992,0.0504203585399429,0.103832052576283,0.1990215540525,0.0462704365713049,-0.0998218818037161,-0.0442937347685327,0.0873215573507603,0.139179318663815,0.1055307994234
"14",0.102657035040135,0.19397303741213,0.194058731541803,0.0810737956841328,0.00067740298251996,-0.0203132726323845,0.00637461316750815,-0.114075505397962,0.235341389126388,0.203019336264942,-0.00245519291691166,-0.00559273421733826,0.0589896481916321,1,-0.00257885338538335,-0.00410246318735975,-0.224463157886988,0.257865848125072,0.107518258230387,0.248740647293282,0.0702000268463507,0.29999395517818,0.0224974467952062,-0.0231924891942371,-0.0294554087461582,-0.0598562300072685,0.109079066665736,0.0184473513189283,0.052758096137339,0.172851755501148,0.0770254675054758,0.323382675297708,0.103770490168575,0.0273281047343874,-0.0150248127332096,0.160301825976274,0.106879793021926,-0.0703072861364062,-0.0768593999398222,0.00742190912886553,-0.179962988038867,-0.185997158871192,0.120109926644032,0.0714719554821517,0.00073592213190564,0.17085555029759,0.066197508883389,-0.103629244105472,-0.0831450244795166,0.463534907485739,0.047210689347801,0.0141497779013134,-0.0560238600623101,0.141514163504008,0.0644580235950225,0.107377463326291,-0.273074753948434,-0.0640492626306876
"15",0.0524594904416409,0.0005389992082207,0.0183913307689223,-0.0390741750482889,0.00170584805066692,-0.127481091352672,-0.072426661183308,-0.135237485601022,0.0970979599764887,-0.0719972042268248,-0.0093576817946087,0.00194420581117933,0.130733853119501,-0.00257885338538335,1,-0.128346914214718,-0.0179690618944848,0.102921398644344,0.175221224314192,0.124638635440463,0.00203227679581774,0.00285467302961406,0.106569894874117,-0.0624881988137329,0.0666346063652544,0.0988647009840022,-0.127155081295303,-0.0745652013460496,0.0592209612913763,0.174592499678647,0.0962268601208091,0.113868817559581,0.0280775745002778,0.125129055461305,-0.00601138791567285,-0.118023228332621,-0.113606672157906,0.0357623693877479,0.051800538437774,-0.157786707973085,0.0782928640304523,0.00788249611444773,0.206363783968174,0.0636133435693999,0.122498899416992,0.172730785905609,0.127894525356401,-0.0299521027663788,0.110320719109941,0.0567006206716054,-0.0687736592131942,0.0420451706228294,-0.05857890303531,-0.026994563806418,0.108309224253075,0.0805379389595187,-0.0577407215970803,0.0376057288700698
"16",0.112721483238399,0.0691810652526937,0.0648565290175057,0.187910590841747,0.206720237043268,0.201435275768026,0.0750759175625747,0.0173149603876596,0.126440426100017,-0.0309124116234816,0.17918753928542,0.0903963089506947,0.195066495965239,-0.00410246318735975,-0.128346914214718,1,0.147789752293549,-0.122492399690274,-0.0510774803419069,-0.0307243436819397,-0.103859055812725,-0.0336063880255593,0.233401333650801,-0.0843709619389556,-0.117509270315653,-0.108519576488134,-0.109820114603481,-0.157574074884195,-0.0620251585332875,0.0266806020517969,-0.0820427158652827,-0.0724351897671334,-0.142015897616422,-0.115195409443276,0.138906877646487,-0.110451417607317,-0.0455243899879959,0.112305072941911,0.0932273368298832,-0.052194102613902,0.0604675100931058,0.129171748253705,0.0855262102111687,-0.113843410112305,-0.0964589564770058,-0.0291380511225039,-0.143466204455561,-0.0455699958807244,0.125273600832226,-0.037829747476128,0.130606601553909,0.382883767678928,-0.00093882282817223,-0.196041391864832,-0.0162288884958842,-0.0306078931657276,-0.217911428898907,0.0979363615557441
"17",-0.191761641640442,-0.102702140587317,-0.140448922117896,0.106468386542889,0.0765043195063511,-0.17004185528536,0.00221601818922383,0.133275268215505,-0.237099179402503,-0.189983782068733,0.0209811507825632,0.0565434749664088,0.270241180367742,-0.224463157886988,-0.0179690618944848,0.147789752293549,1,0.0648862495770038,-0.0182186168865285,-0.00976439762999307,-0.108282300397147,-0.105213827679163,0.112773435389654,0.0147146103877946,0.0180669047373605,-0.00246038922319508,0.0225462083078083,-0.210442276649741,-0.0507776400062461,-0.0707670839357355,0.161405484692839,-0.0908879137709574,-0.117712439736115,0.00292253876062455,0.320566034701033,0.057720865072712,-0.0665110221533102,0.116672007589781,-0.00198671642597415,0.0416722514601262,0.0101911809349419,0.232064661239474,-0.0367539855925549,0.247311270107821,0.0830492714135984,0.0234284166597637,-0.0901897368918231,0.0529941012750827,0.251075536012633,-0.0380702071364965,-0.117467162087188,-0.0967654440381525,0.0498998685507082,-0.184603442120597,0.0577540136128944,0.0343842906379985,0.17826817958715,0.259867788864958
"18",0.111975900235322,0.1759815027917,0.0406691049709722,0.00127621518821412,-0.0231209018303198,-0.0968933446189704,0.0828125261645177,-0.164195650807577,0.021388220054902,0.225715432547482,-0.0506681923816549,-0.0168701062418792,0.0962407701276602,0.257865848125072,0.102921398644344,-0.122492399690274,0.0648862495770038,1,0.181242592582693,0.324303932752878,0.0780860448166246,-0.0138013286041363,0.0004423106881244,0.00282918454952398,0.153204607355575,-0.198290458076355,-0.201306257700985,-0.0440036300583225,-0.0746007847052601,0.193061006840902,0.330740866309682,0.493031271252755,-0.0729119781349718,0.167953694484849,0.150337493794927,-0.0415864608798088,0.0591457271987505,0.0908279505348642,0.0498155188668603,-0.115223982630331,0.0105688467006068,-0.00054184903724086,-0.101292521587367,0.122380895709751,-0.0101288287977037,0.168943639321251,0.12123874436917,0.0525358239007512,0.00114436720013935,0.294730870274213,0.121134952243398,-0.0204107196438179,-0.119318758157457,0.0390898707766191,0.159999189923046,-0.0192012938857532,0.0605982977080424,0.0941858702810057
"19",0.164023570577363,0.318181913191244,0.00085110161844931,-0.0315092947364647,-0.0796499872377217,-0.0116214840050401,-0.0324218060976405,-0.202375580356897,0.303234069175715,0.183345389348859,0.119162398185596,0.00617384651860099,0.198166217268681,0.107518258230387,0.175221224314192,-0.0510774803419069,-0.0182186168865285,0.181242592582693,1,0.185643709017186,0.0561650543083271,0.0504406745836045,0.207702468220349,0.161852454211565,-0.0610939854046818,-0.095858390856713,-0.108862390260107,-0.117745812846148,0.0681801087579854,-0.119419976660707,0.590220724633124,0.420273697377945,-0.0341404623038157,0.217150585719359,-0.0906807165662326,0.0116229150751932,0.0262450380668632,0.210817904595932,0.0490405714879738,-0.0990955248351557,0.117241473383083,0.0591700089566784,-0.0496081316545451,0.054141130070039,0.143993780837354,0.0593399361912369,0.116471982591398,0.0524294623335926,0.133632684339025,0.165547453039248,0.104686155393042,0.129930458850911,-0.209743840167215,-0.12562009582679,0.0573716825654573,-0.0144543693337849,0.0260445533726377,-0.00090775641641846
"20",0.00930627382314364,0.13056748932218,0.0981689152764595,0.0512432277235568,-0.110226400030434,0.159987741346885,0.144904741597583,-0.0462397701010941,0.248751627693379,0.171761346722364,0.00216714978593282,-0.052026406414045,0.160664048574798,0.248740647293282,0.124638635440463,-0.0307243436819397,-0.00976439762999307,0.324303932752878,0.185643709017186,1,-0.00448448476140366,-0.0858218704258009,0.0412280153767162,0.0727703310910933,-0.108515825246644,-0.0892557847333749,-0.0559914361905469,-0.132279746620857,0.0130454322642122,0.0685015260626794,0.309486530726207,0.680868019115423,0.0662698587343266,-0.0470161430285075,0.0741656154440832,-0.0175487074450699,0.100832758700108,0.0544987382287873,0.169286221093958,-0.0949019037490602,-0.0342283810893303,-0.0364010570721412,-0.0972907414663603,0.0939767234368402,-0.164308653695299,0.146816962743323,-0.0617306788843976,-0.136846635921411,0.123802854651515,0.177087807120059,0.108313321056346,0.0421787562281045,-0.195053305030568,-0.137595467602426,0.129780711865933,-0.110546574077691,0.00662711027972992,0.0674409498769634
"21",0.0571411896653339,0.0406533021144471,0.0879365528787684,-0.0605630077740821,-0.225729618948502,-0.0937575978595537,0.111896778934968,-0.126996235541335,-0.0516801485685426,-0.134545954138191,-0.0704307045841308,0.166757106526373,-0.0520716561635258,0.0702000268463507,0.00203227679581774,-0.103859055812725,-0.108282300397147,0.0780860448166246,0.0561650543083271,-0.00448448476140366,1,0.188221441331334,-0.0886874375128074,-0.192183832054064,0.289517665247356,-0.121465237961457,-0.0622310473245929,0.0945068421091808,-0.0332478680400426,0.177196518776357,0.0368278932778507,-0.00048631055267504,0.0390569171899112,0.0184230315334412,-0.0285071181971285,0.188647645916936,-0.125847031086468,-0.079977250394963,-0.0825573891485566,0.100675187769188,-0.0465466045537749,0.064657116429858,0.00723127196704145,0.113900873386398,-0.00530840392156941,-0.0290861922862738,-0.0722983949715027,-0.0830651785322605,0.0484621915387535,0.115465393094994,0.0399896724929192,-0.0367919085496393,-0.0655396966158797,0.030081380913623,-0.0681169562600728,-0.223217331315409,-0.15889742957274,-0.217431259797774
"22",0.0890747832054387,0.0641251604625917,0.0547953964040392,-0.0254590983472255,-0.07874173539624,-0.0478121816372257,-0.0668850147078533,-0.138784866059096,0.0212607424762925,0.0994332874436155,-0.0447561799670905,-0.13958031260067,-0.0784612301855076,0.29999395517818,0.00285467302961406,-0.0336063880255593,-0.105213827679163,-0.0138013286041363,0.0504406745836045,-0.0858218704258009,0.188221441331334,1,-0.0476999373197209,-0.101101927140049,0.0860528643691966,0.0346765374005772,0.156451587248281,0.0841130874453494,0.0622896605112175,0.124956346559445,0.103204943505996,-0.00188936515766074,0.16953178330177,0.0687785935112672,-0.0766367288590916,0.0379281465681862,-0.0665705128062735,-0.0775006376848306,-0.0995314516371508,0.0450662061564841,0.0303135545875014,-0.108360623448294,-0.173394100888549,0.0236670263757558,0.0343041431250056,-0.0407671587382157,0.125413990623845,0.153023697907563,-0.142063638863253,0.0334674395012036,0.0382566133043358,0.00804342316788628,0.0488716698081469,0.0286113087912114,-0.0493428685021069,0.0809155283113187,-0.175661742785774,-0.0885723432139452
"23",0.13310846391952,0.0460909948054446,-0.0215296863053457,0.222453905682094,0.252082713298441,0.00143748914975118,-0.0152216592831479,0.0446215918138839,0.149032314788297,0.0629531824538897,0.0219198878522739,-0.0354609237271191,0.273833491068634,0.0224974467952062,0.106569894874117,0.233401333650801,0.112773435389654,0.0004423106881244,0.207702468220349,0.0412280153767162,-0.0886874375128074,-0.0476999373197209,1,0.40504030266017,-0.160679612906867,-0.00048021739483952,-0.178558244526668,-0.106932660498256,-0.0804581820546586,-0.103110976588482,0.180747697148013,0.104123162431397,-0.0373622352057442,0.0503981209314695,0.0413525475604559,0.0867035679284675,-0.038846948065287,0.186809896050096,0.104689563105888,0.153016379526295,0.114238879746871,0.160367894099987,0.0456725798481253,-0.116756562228065,0.101283228484021,0.00669375126779795,0.0838747946370185,0.13325696900598,0.0812857097484998,0.0558932792325793,0.139303849051014,0.1270167847145,-0.0254214572257319,-0.0726835738922767,-0.110031304564738,0.111222881959317,0.205807900046636,0.164596994230289
"24",0.170410268425102,-0.151711624770429,-0.0532298632360396,0.117884845579785,0.15640042662017,0.0350926602046825,-0.0552705074048272,0.100923975694244,0.0432853559567778,0.216068789129685,-0.113917950807504,-0.101677279399281,0.115858522521246,-0.0231924891942371,-0.0624881988137329,-0.0843709619389556,0.0147146103877946,0.00282918454952398,0.161852454211565,0.0727703310910933,-0.192183832054064,-0.101101927140049,0.40504030266017,1,-0.17161177680861,0.196681212542025,0.0927831086462245,-0.104916084262735,-0.0404808504030149,-0.0121237118272617,0.240777607926468,0.0997188516088964,-0.138015481815809,0.0106999365779324,-0.11432068272394,0.0420556115380418,0.0943548611256058,-0.0504147398673886,0.0353196290642706,0.106495117304102,0.116214788679713,0.0682639567393708,0.0153410083403849,0.0550815509649561,0.031629983231317,0.0667414875726718,0.122002898574988,0.112030599885715,0.0281502496022855,0.0454574436269533,0.159360575585979,-0.0513562889600394,0.0467019277725253,0.0846296511126751,-0.0814451930100227,0.052673109440205,0.18966927996483,0.225671741829079
"25",-0.00674707654300227,-0.149017099482863,-0.0513376588062164,-0.05767841368701,-0.081994420677219,-0.0398371400818021,-0.114197800828308,-0.232329563577137,-0.0903385471026478,-0.10147152830201,0.00308923929116956,-0.0707825503897995,0.0586110975325466,-0.0294554087461582,0.0666346063652545,-0.117509270315653,0.0180669047373605,0.153204607355575,-0.0610939854046818,-0.108515825246644,0.289517665247356,0.0860528643691966,-0.160679612906867,-0.17161177680861,1,-0.0626574060326962,-0.0532276317737723,0.0628943034656017,-0.107922736579707,0.100624913320874,-0.055914913002304,-0.0879368804340886,-0.130965476511864,-0.0349104817339762,-0.0848157860256922,-0.109385675025089,-0.0462989603187625,-0.143157481457137,-0.0468102758481596,-0.0699930264131364,-0.0224521874757508,0.0671847413251549,0.120448748888574,0.166761000214722,0.0392076561618092,0.0591395605730596,-0.0238642802654389,-0.0736402039867815,0.0721791490693345,0.132442521987069,0.17058086877635,0.0332398310471295,0.0482951451883407,0.0438450496883253,-0.0450628806175808,-0.0440612281310329,-0.15327272294467,-0.0934275378954569
"26",0.03026941709395,-0.0895830383091307,0.175307518046615,0.22036921193469,0.190450113350078,0.0586960573796506,-0.111109938086344,0.0907922190857314,0.0496816290034836,0.0591155114846237,-0.0346077839788234,0.0136160017922323,0.0634145042787658,-0.0598562300072686,0.0988647009840022,-0.108519576488134,-0.00246038922319508,-0.198290458076355,-0.095858390856713,-0.0892557847333749,-0.121465237961457,0.0346765374005772,-0.00048021739483952,0.196681212542025,-0.0626574060326962,1,-0.0767382626176977,0.0541536024810213,0.128387673310885,-0.0497641155760432,-0.0165299205065353,-0.0766012036469048,0.168728412231021,0.0505689672748198,-0.061026994547436,0.168130803123053,-0.0324266035710705,0.0559391434941329,-0.127559765322831,0.057646725074937,0.0834142662084699,-0.0212472815957696,0.068949429537248,-0.100270352137894,-0.0258009967815548,0.0445562452029347,-0.0729292412837356,0.0441158366298585,0.0845115827577835,-0.11345425569957,-0.0584563025095734,-0.135523694837751,-0.0471352023688706,0.0332564099618772,-0.0208799090755517,0.0890772663430865,-0.00553752149643715,0.0127645758114557
"27",0.0191396897010952,-0.263146415349045,0.103654077042859,-0.156573116720301,0.00055154999550518,-0.0884797529021013,-0.0296581669779701,0.0536079724015667,0.015451723806316,0.0154709097347796,-0.165607465664487,-0.10026625602152,-0.124829871727494,0.109079066665736,-0.127155081295303,-0.109820114603481,0.0225462083078083,-0.201306257700985,-0.108862390260107,-0.0559914361905469,-0.0622310473245929,0.156451587248281,-0.178558244526668,0.0927831086462245,-0.0532276317737723,-0.0767382626176976,1,0.0680822410657136,0.13535826641738,-0.0640871742989078,-0.102374721270969,-0.247190945747447,0.158480877656276,-0.0201803825745559,-0.0982307306545239,-0.133245471940284,-0.100726194723041,-0.125668505162905,0.0299954209994129,-0.0654577112168926,0.0425991407381186,-0.0310076748107211,0.200143686269205,0.0706674973268783,0.0878775252857047,0.0610828350811074,-0.0550584144420543,-0.0452793626668276,0.0521419304316528,0.202414569659421,0.0243438907119955,-0.116574791926983,0.097860356387772,-0.0369395523300503,0.0342190691493652,-0.0144544230952129,-0.0264753200826929,-0.160349440974908
"28",-0.00853843212041668,0.0627130952733271,-0.0148094161780837,-0.163056802772695,-0.193239469349696,-0.244228357373139,0.00743919122798368,-0.0154925655749431,0.0114272671787878,-0.192314839680645,-0.0422857745150331,-0.0375129168573719,-0.25749915643565,0.0184473513189283,-0.0745652013460496,-0.157574074884195,-0.210442276649741,-0.0440036300583225,-0.117745812846148,-0.132279746620857,0.0945068421091808,0.0841130874453494,-0.106932660498256,-0.104916084262735,0.0628943034656017,0.0541536024810213,0.0680822410657137,1,0.0811755412655611,0.022775051327384,-0.072935707561578,-0.128066899284054,0.248946704991915,0.0350231102037757,-0.0723965812769276,0.0263123299883617,0.0602635955292586,-0.122407764828681,0.0718477474052687,0.111397781982589,0.0480681193152455,-0.0977698459654984,0.125440753041961,-0.0798162495063405,0.175780030078367,0.157374402418957,-0.0526910799554673,0.045225292339873,-0.0334394038185785,-0.00215607413623073,-0.178498521712371,-0.39313695559615,-0.0204367790973193,0.0972170866588673,-0.0617122247646583,0.205397363524929,0.0535564975176318,-0.0752920595171841
"29",0.00669618395873771,0.173775290135256,-0.0487740313677681,-0.0219134277982805,-0.136641909900954,-0.230409931860238,-0.00269035578618119,0.0953373913665775,-0.00857121302252016,0.199502958327661,-0.129069863376794,-0.00829621721399201,-0.0449132091160774,0.052758096137339,0.0592209612913763,-0.0620251585332875,-0.0507776400062461,-0.0746007847052601,0.0681801087579854,0.0130454322642122,-0.0332478680400426,0.0622896605112175,-0.0804581820546586,-0.0404808504030149,-0.107922736579707,0.128387673310885,0.13535826641738,0.0811755412655611,1,-0.0461238874131171,0.0503430776341554,0.106537531517922,0.0541502463255544,0.111893781106641,-0.0174874021332721,-0.00175223901568299,0.0509995705168324,-0.0389474130469687,0.026274238265006,-0.0458690188437174,-0.124954987938453,-0.0395526984596998,0.169478524806554,-0.0115567943131795,0.12885870124148,0.196033777260473,0.0045323126852181,0.048129674815749,-0.00103274762147621,-0.103198097370831,-0.206640665843622,-0.17540743507912,-0.0629473691593877,0.119742004084991,-0.00363152321597002,0.117298316960803,-0.149433726483538,-0.239428296184129
"30",0.11926651024039,-0.121399543212322,0.0791733676909045,-0.00025677382267974,-0.00581502492291485,-0.00745056017551106,-0.0525673499692121,-0.0407717084752017,0.0623991165920287,0.0586186097512377,-0.0387284541889839,0.0152784609406253,0.0198183762711477,0.172851755501148,0.174592499678647,0.0266806020517969,-0.0707670839357354,0.193061006840902,-0.119419976660707,0.0685015260626794,0.177196518776357,0.124956346559445,-0.103110976588482,-0.0121237118272617,0.100624913320874,-0.0497641155760432,-0.0640871742989078,0.022775051327384,-0.0461238874131171,1,0.00248712485846977,0.0841956877042792,0.0725174827284846,0.0965854368524939,0.0159303821853493,0.118092291921805,-0.116817963681697,-0.139818218237789,-0.0598560081893374,-0.01281835247949,-0.127897049713435,-0.203427495000918,-0.0983827965731243,0.136308150983928,0.146033066913963,0.16686214993717,0.0538808022704436,-0.00700971679155475,0.00085216968910042,-0.017647401951934,-0.0131963615389723,-0.0189539983496401,-0.0155429290100924,0.0633714337703638,0.0532744608570721,-0.19867004734551,-0.233543683844143,0.148886586871821
"31",-0.0570837445053916,0.13784298756389,-0.0271007631930264,0.0920862893092601,-0.136120111950937,-0.136509452664839,0.12239696211247,-0.176880499307872,0.0725893568888749,0.156532640807955,-0.010692099065828,-0.0338813128444597,0.207368080621821,0.0770254675054758,0.0962268601208091,-0.0820427158652827,0.161405484692839,0.330740866309682,0.590220724633124,0.309486530726207,0.0368278932778507,0.103204943505996,0.180747697148013,0.240777607926468,-0.055914913002304,-0.0165299205065353,-0.102374721270969,-0.072935707561578,0.0503430776341554,0.00248712485846977,1,0.452172307517671,-0.062065455212709,0.199497940191629,-0.0176266624497662,-0.00993462412003614,0.0827620002938105,0.140974152994138,0.0256604502417586,-0.042167383706175,-0.0332655434869386,-0.00808016418975053,-0.138648098482737,0.131736696403545,0.0669139829736405,0.154505095257491,-0.0292975725092616,0.0548751578927004,0.0688002500269281,0.0551274403324552,0.0250858564250882,-0.115008416639713,-0.0574792500642997,0.0351095072760434,0.0894388581660696,0.103923498897278,0.0459475194487954,-0.114766282128506
"32",0.177710849805927,0.253674215081769,0.0906421954787791,0.00104212311027784,0.00540882933003696,0.147724026724423,0.165159773158983,-0.0714234309866319,0.279817099737709,0.334470310518772,0.0578867724275905,0.0291930604364698,0.192999449727295,0.323382675297708,0.113868817559581,-0.0724351897671334,-0.0908879137709574,0.493031271252755,0.420273697377945,0.680868019115423,-0.00048631055267504,-0.00188936515766074,0.104123162431397,0.0997188516088964,-0.0879368804340886,-0.0766012036469048,-0.247190945747447,-0.128066899284054,0.106537531517922,0.0841956877042792,0.452172307517671,1,0.0573053305693391,0.172343736334462,0.073299827830731,0.100353133807347,0.182466635882081,0.0301868726077067,0.0561535777178291,-0.121416628260237,-0.0198550183329851,0.03372464202792,-0.0633029468823787,0.0524589726930293,-0.0721105710947469,0.101384685238812,0.0536826452006427,-0.0311262273251565,0.0305164569926726,0.274093629521864,0.232582752941489,0.126073438274898,-0.215978116988872,-0.0907042053820857,0.039481554459649,-0.043214041646159,-0.0346869355890211,0.0333811432181295
"33",0.21651138257043,0.0587457012984228,0.0288608337253864,-0.0118738987305589,-0.0788755521468999,0.0458516987194601,0.171700886549845,0.126217523120464,0.215421282408086,0.0926338716393754,0.133259091509725,0.196700960610351,-0.0545894321927198,0.103770490168575,0.0280775745002778,-0.142015897616422,-0.117712439736115,-0.0729119781349718,-0.0341404623038157,0.0662698587343266,0.0390569171899112,0.16953178330177,-0.0373622352057442,-0.138015481815809,-0.130965476511864,0.168728412231021,0.158480877656276,0.248946704991915,0.0541502463255544,0.0725174827284846,-0.0620654552127091,0.0573053305693391,1,0.0637923439136662,-0.0779762315533124,0.26342395690664,-0.0784202674455578,0.0197433294642796,0.0726339148754026,0.140040632279956,0.0452896168944333,-0.0900236057505066,0.0481457236295455,-0.00239999696442463,-0.0187191603609947,0.0227067207572629,0.0131589320345766,0.0695274889566551,0.0524402135116124,-0.00638778438012085,-0.0573096466846105,-0.130105407941398,-0.222358665478412,-0.180177788780167,-0.168913583231775,0.0132167387243645,-0.0994810224213422,-0.039819937048931
"34",-0.12435055790447,0.0657343460940681,0.0811893189795167,-0.0424687451276015,0.106401012982943,-0.0342763604669465,0.168735835317326,-0.0457066400373848,0.0673500705128785,0.0217298580813688,-0.00613519308590854,0.0585706390380704,0.106815400099014,0.0273281047343874,0.125129055461305,-0.115195409443276,0.00292253876062455,0.167953694484849,0.217150585719359,-0.0470161430285075,0.0184230315334412,0.0687785935112672,0.0503981209314695,0.0106999365779324,-0.0349104817339762,0.0505689672748198,-0.0201803825745559,0.0350231102037757,0.111893781106641,0.0965854368524939,0.199497940191629,0.172343736334462,0.0637923439136662,1,0.0980743391983822,0.00209524770670107,-0.116403065724551,0.0581841128432219,0.190955759398458,0.24355010007802,0.163335013328848,0.0434077559654826,0.0489376324559353,-0.185781748701286,0.0242419962040245,0.0572683845643661,0.0154920682328136,0.043428231285593,0.0227280064255754,0.00386523380788928,0.14944830528584,0.0379822346216241,0.115757562764653,0.0484656443018455,0.114539643916627,-0.010201572037026,0.0175316170633559,-0.200147926970577
"35",-0.0303059662955367,0.093528401959126,0.156717402018232,0.0473447735541784,-0.0512004895146082,0.0676465189852967,0.158562045865852,0.2890878850015,0.127044224374079,-0.0485734781622068,0.0612536085073893,0.114936942440802,0.136763024444723,-0.0150248127332096,-0.00601138791567285,0.138906877646487,0.320566034701033,0.150337493794927,-0.0906807165662326,0.0741656154440832,-0.0285071181971285,-0.0766367288590916,0.0413525475604559,-0.11432068272394,-0.0848157860256922,-0.061026994547436,-0.0982307306545239,-0.0723965812769276,-0.0174874021332721,0.0159303821853493,-0.0176266624497662,0.073299827830731,-0.0779762315533124,0.0980743391983822,1,0.255303725209234,-0.066482060055017,0.104185319699007,0.0774244473667753,0.194646558496531,0.0164394008129523,0.0957963812078216,-0.0632070968859949,-0.164913207733546,0.0490758629106931,0.00777501223509529,0.0292223691225044,0.0441776265497493,0.0577821670919634,-0.0655810992159072,0.062621054578,0.0869750448151719,0.0519382462588461,-0.140561072897211,0.110898032714397,0.137004171007945,0.17367119045242,0.0503911456895418
