"","l_Insular.Cortex","r_Insular.Cortex","l_Amygdal.Area","r_Amygdal.Area","l_Bed.Nucleus.of.the.Stria.Terminalis","r_Bed.Nucleus.of.the.Stria.Terminalis","l_Hippocampus","r_Hippocampus","l_Orbitofrontal.cortex","r_Orbitofrontal.cortex","l_Entorhinal.Cortex","r_Entorhinal.Cortex","l_Frontal.Association.Cortex","r_Frontal.Association.Cortex","l_Globus.Pallidus","r_Globus.Pallidus","l_Glomerular.Layer.of.the.Accessory.Olfactory.Bulb","r_Glomerular.Layer.of.the.Accessory.Olfactory.Bulb","l_Glomerular.Layer.of.the.Olfactory.Bulb","r_Glomerular.Layer.of.the.Olfactory.Bulb","l_Granule.Cell.Level.of.the.Cerebellum","r_Granule.Cell.Level.of.the.Cerebellum","l_Hypothalamic.Region","r_Hypothalamic.Region","l_Entorhinal.Cortex","r_Entorhinal.Cortex","l_Vermix.Molecular.Layer.of.the.Cerebellum","r_Vermix.Molecular.Layer.of.the.Cerebellum","l_Lateral.Molecular.Layer.of.the.Cerebellum","r_Lateral.Molecular.Layer.of.the.Cerebellum","l_Anterior.Olfactory.Bulb","r_Anterior.Olfactory.Bulb","l_Posterior.Olfactory.Bulb","r_Posterior.Olfactory.Bulb","l_Subiculum","r_Subiculum","l_Perirhinal.Area","r_Perirhinal.Area","l_PreLimbic.System","r_PreLimbic.System","l_Primary.Cingular.Cortex","r_Primary.Cingular.Cortex","l_Primary.Motor.Cortex","r_Primary.Motor.Cortex","l_Retrosplenial.Cortex","r_Retrosplenial.Cortex","l_Secondary.Cingular.Cortex","r_Secondary.Cingular.Cortex","l_Secondary.Motor.Cortex","r_Secondary.Motor.Cortex","l_Striatum","r_Striatum","l_Ventral.Tegmental.Area","r_Ventral.Tegmental.Area","l_Substantia.Nigra","r_Substantia.Nigra","l_Thalamus","r_Thalamus"
"1",1,0.298406468418808,0.0173388878753929,-0.0358589252464337,0.0770729899860561,0.0102136182977787,-0.174297518066144,-0.0141579987089352,0.298782124560262,0.0970436220444038,0.15961675527941,0.0566708348810619,-0.0484865365349235,-0.168558993184236,-0.077820314142077,0.0534757412363146,0.0514809560545662,-0.0218987582008016,-0.0224639146664873,0.0351241157724418,-0.013237400756853,-0.111465462808219,0.126106609597921,-0.0387706957214759,0.0394792175548802,-0.0139239051710233,-0.0209920741117613,0.156151028302789,0.133776001859735,-0.00975809369166859,0.30360506079842,-0.0589059557937251,0.000877111298889,0.181838760643838,0.13542385296305,0.0360331981883954,-0.060086161412393,0.0422162420838204,0.0120850804590503,-0.109735419227185,0.0692388861583097,0.00831857758070636,0.0550156292743306,0.0135578475907876,0.220172617908611,0.0184488191563837,-0.00536225029073782,-0.0131312044478126,-0.0263334384688379,-0.206705555513628,0.0887734449320586,0.0369114069114734,0.0785568144006855,-0.0546428566835346,-0.0491518176696555,0.153173320110153,0.0095392450596476,0.0365498358779862
"2",0.298406468418808,1,-0.0712438548999483,0.00336968479658026,-0.1261288888911,-0.0240507279791129,-0.073575071322889,-0.0804604401651298,0.0810005596776657,0.184927829230399,0.113981089408111,0.199207201409165,-0.107530009896431,-0.0327626461854394,0.0157651343137088,-0.0414399414696897,-0.151965799612346,-0.08700914580843,0.0204237800562122,-0.102964425449795,-0.109478743420413,0.0724579140820948,0.0922274211352986,-0.0406943604092724,0.11862094427896,-0.025070358867779,0.0524200945430577,0.0862753647913621,-0.0877828131477574,-0.0253948258678851,0.0327705781341776,-0.00384236969486052,0.0393402216123171,-0.140143222281646,0.138483340859008,-0.0166680452687077,0.0160816770075733,0.142556105659992,0.00841373257320202,-0.0739706456556462,-0.125816828740185,-0.172589308386055,-0.0731502733866832,-0.0823465893988512,0.103486093130256,-0.032631607230111,0.0335901058335081,-0.0239284709931198,-0.25892261115257,-0.166324030024771,-0.0390519323932518,-0.0449649544832149,0.0473424321534374,-0.0505965655355808,0.057901839304792,-0.107229758255759,-0.238354837402918,0.0578770877468363
"3",0.0173388878753929,-0.0712438548999483,1,-0.128891261849585,-0.040528360154548,-0.0433649515285408,0.00831560165671013,0.0452063556886715,0.105202867425691,-0.0326712347340234,0.345870181652256,-0.0804013107718284,-0.00768552149883207,0.132068747310699,0.0734547570796878,-0.0553397461571448,0.0717931960273014,-0.164211953171024,0.00227992601668447,-0.0120857253233164,-0.172944544109338,0.0268084950361707,-0.0295325463602907,-0.0223303766218016,-0.0241768302379331,0.230179123117441,-0.0159398992673057,-0.0178522316361243,-0.0110760792184591,0.0064282394482636,0.108513371916417,-0.0788901462358664,-0.0151128246759997,-0.0585165511778443,0.0441947175779631,0.050363788253877,-0.0169732497444296,0.149968053011471,0.0329863303972356,0.0430739800469223,0.157113595178781,0.139401969125247,0.0752998782889706,-0.0643130314719658,0.0518752080684384,0.0584619348922333,0.189325694895728,0.0997039928981156,-0.0983108739752006,0.172855881219261,-0.128105065024787,-0.0183730467589333,-0.0461129773997332,-0.10405169120208,0.0651344306683455,0.0603365313646758,0.0398421493905469,0.0822867742437068
"4",-0.0358589252464337,0.00336968479658026,-0.128891261849585,1,-0.0764266698872555,-0.0775655015320785,-0.0397889021259431,0.0583625735793369,0.0449710458310432,-0.0897534790457937,-0.00863784151451894,-0.0802904775801951,0.19394632519032,-0.273223087376334,-0.0742566342622888,0.115230285337974,0.0890371341366034,-0.0626068208860073,-0.130656268447084,0.077776413398313,0.166405958254478,-0.0161953942536445,-0.0870451065452604,0.121558193964815,0.251666156952599,0.245044428164712,0.0820955543278083,-0.0425093620276319,0.0616064574529814,-0.0560218699048495,-0.0716791185958978,0.0233812750858193,0.0222999750430905,-0.0993053472627901,0.169141078471626,-0.0190540748259974,0.125861179849591,-0.0458455464675033,0.0334189484111979,0.0851792229992149,-0.0272671095337879,0.0544672211496224,-0.19745339132123,-0.0047758914554658,-0.0155412840902234,0.0403156032966435,0.0115247880983978,-0.0293550596584682,0.216933024489502,-0.0729919712162705,-0.0394639207188776,0.0248320840328318,0.0245088888624018,-0.0785385864827046,0.0237991630326892,-0.0708997446789795,-0.131089583863954,0.00461594200126884
"5",0.0770729899860561,-0.1261288888911,-0.040528360154548,-0.0764266698872555,1,0.149710119827481,-0.212423650610438,0.288775119116025,-0.0935099869654875,0.0572748681273139,-0.00756537083094469,0.271839171497847,-0.0448958391152613,0.0627852328418666,0.053061186276971,0.181397852832127,-0.0729777773261823,0.0223178945147651,0.190533259454838,0.0522181091316271,-0.216286145060581,-0.067532008395579,-0.0738380517705377,0.0955420647637771,-0.0692773643898182,0.0221318584511477,-0.038427155562165,-0.131938978894505,0.0194666553330247,0.0820254251512275,-0.022577456794517,0.056016331773388,-0.0229520320842059,0.199109204917695,-0.111081477877252,0.134868802782098,-0.0171016646593363,0.00463862191475827,0.125592805224998,0.184269109865181,-0.0512058901664166,0.0275966822694387,0.0721211101755492,-0.0776554618088262,-0.138991713585518,-0.15631217461123,0.050427943484365,0.191700314255695,-0.0157705670713543,0.0303009969730567,0.358367451780424,0.193705164162228,-0.0751742963156871,0.100865009185073,-0.0298882239360088,-0.159027515787045,0.050944481230352,0.155697600651779
"6",0.0102136182977787,-0.0240507279791129,-0.0433649515285408,-0.0775655015320785,0.149710119827481,1,-0.1079591756033,0.081524361841196,0.0317419911366124,0.0653914253199321,-0.0107959798232642,0.165889782379948,-0.095462963793434,0.0329255203389743,0.0483362047379825,0.0106615833934854,-0.0442876366783657,-0.0371356830698018,-0.00821398545071421,0.155665452566643,0.0285275424613245,-0.0950156023679946,0.0298563157325031,0.110699968322101,-0.0305579738587598,0.0108941847525592,0.00085837238328766,0.0532016081118686,-0.0401010508296932,-0.0128169119292887,0.0724770705200695,0.154823759016369,0.190370391784296,0.0294083217244397,-0.00090413041923683,0.133628152418094,-0.0339930381422422,-0.0166060174872019,0.115704700946176,-0.0173880347670999,-0.0137996151064066,-0.0182106261015634,0.00020783129423792,-0.088677987464349,-0.0432120767174499,0.0212088074038177,0.122087483886927,0.163152000693697,-0.0679324247842244,-0.052025956181659,0.188129692851133,0.203986235286698,0.00506328934241502,0.0948082408578496,0.111582959007656,-0.0341986621140913,0.0975679130108515,0.21044470118281
"7",-0.174297518066144,-0.073575071322889,0.00831560165671014,-0.0397889021259431,-0.212423650610438,-0.1079591756033,1,0.0644690812133002,-0.0396881848971619,-0.104702490153882,-0.064984781707216,0.00824307622084794,-0.0108521980669423,0.108682270993786,-0.0100263562714558,-0.0780902577765368,-0.0620954952669908,-0.130509735368281,-0.0742733789661154,-0.00063209839036687,0.151844022976977,0.272619573854943,0.00081870827848793,-0.145286376793829,0.1580143606218,-0.0634612583474074,0.0916019268155986,0.0975295468120987,-0.161731668271227,0.00542256763247487,-0.0192090233814339,-0.131923036042492,0.0362838684201533,-0.0864045127714126,0.23278197390414,0.127253355414103,0.167162620277249,0.0805410277900091,0.013500324166001,0.101090098335767,-0.0187479223690281,-0.0233103102845952,0.00132657110421112,0.152413542197136,-0.177452407771246,0.0500697505278953,-0.0640639509806681,-0.0492185309156984,0.0528922360632718,0.077765400887317,-0.0146586849270053,-0.00806539838797265,-0.0249390490728985,0.0823877655374575,-0.306987096998682,-0.062126073816689,-0.0162388965668173,-0.295771824246261
"8",-0.0141579987089352,-0.0804604401651298,0.0452063556886715,0.0583625735793369,0.288775119116025,0.081524361841196,0.0644690812133002,1,-0.0650730265096434,-0.0719475751092084,-0.0692202159903238,0.150617916197507,0.0176956189477178,0.0924542143611436,0.0367329240258642,-0.0710920507421582,0.171956870798447,-0.0810292857439233,0.0574340154321342,-0.123326026918228,0.0310995398730256,-0.0549878640711828,-0.0341481406316965,0.0799435619118621,0.0187639363585382,0.169773175918037,-0.0460936994552078,-0.0932418956973533,0.110646688907646,-0.0307824002174018,-0.0354851021930863,-0.0725752161518569,0.0324181958113002,-0.042256743064312,-0.0700215745945826,0.152608489671685,0.0687005531791559,0.0836993877791586,0.184696513016398,0.0582921079870255,0.0526212353244868,-0.0293880071535709,-0.0633176566393883,-0.122733653824115,0.0171784558330171,-0.0304984014175472,0.0190750398256867,0.06031640231766,0.108706870332269,0.0582581998660347,0.0253662276392304,0.0796462103211931,-0.00026253652016087,0.133445908878238,-0.0643035549211596,0.0172173605282592,0.0821253893608065,0.00042112358359636
"9",0.298782124560262,0.0810005596776657,0.105202867425691,0.0449710458310432,-0.0935099869654875,0.0317419911366124,-0.0396881848971619,-0.0650730265096434,1,0.119907238552718,0.0249828659502765,-0.23450896158868,0.248303496465541,-0.126871706647603,-0.0972404233382467,-0.0298206055939541,0.103757810416752,-0.0968789155498489,0.173409219840829,0.261160588073973,0.0434751005810434,-0.0726162806460462,-0.105787782815931,-0.107739365753917,-0.096154539682981,-0.0471545305409559,0.0676182781831842,0.191146867697413,0.156054930598043,-0.0204826357682201,0.460962541358023,0.191830657654159,0.0492393616394656,0.0370561046787918,0.278539188378824,0.271835635217096,-0.150413410933261,-0.090390642729795,-0.0535779701263811,-0.116765264962322,0.144219571219728,-0.0198243151085235,0.226842308416133,0.0788467453456093,0.281036748109176,-0.0860528470731808,-0.0627474015872013,-0.12557234435252,0.229280046624729,-0.133203860256009,-0.161508417689303,-0.0982592370239493,-0.0800614671888796,-0.0126018205858585,0.102111228280053,0.011256439471409,-0.17000463206361,-0.085939850180689
"10",0.0970436220444038,0.184927829230399,-0.0326712347340234,-0.0897534790457937,0.0572748681273139,0.0653914253199321,-0.104702490153882,-0.0719475751092084,0.119907238552718,1,0.0714288464594898,0.157506927737369,0.0717343008889841,-0.0388889827533256,0.0204738563660027,-0.0613754327108945,0.0175138107730255,0.0464256620527064,0.150748348850602,0.0341843830709588,-0.135863979111588,-0.0117831144382061,-0.0460008696325388,0.0966811413422411,-0.00906290578495061,-0.0295278490816133,0.0499590929390342,0.0867255297701068,0.0486098867450407,-0.0526625856524161,0.021394338182781,0.112535652184451,0.0635323700841886,0.110073320685568,-0.0751773148738619,0.125158312067296,-0.0397209085439892,0.0397438698342491,0.165680784843383,0.033111751331321,-0.0162677297705369,-0.141214713283485,0.0856863121660427,0.137972171695386,0.112733731259931,0.0721583102063226,-0.0171147115300813,0.0732129366110039,0.0364310061494949,0.111287228450037,0.1014251692098,-0.0668557484211697,-0.116071039417009,-0.0716638462769639,0.0802926380859655,0.00638353205059271,-0.170129162489839,0.136111483773021
"11",0.15961675527941,0.113981089408111,0.345870181652256,-0.00863784151451894,-0.00756537083094469,-0.0107959798232642,-0.064984781707216,-0.0692202159903238,0.0249828659502765,0.0714288464594898,1,0.281553648723904,0.151972605374215,0.135262136357871,-0.115867920923251,0.34363718070719,-0.0123066288941545,-0.178444473624756,-0.103852021667472,-0.101624001290331,-0.0835944178244199,-0.152329250567077,-0.154864467268863,-0.0245314795760204,0.163669792964464,0.117713272595331,0.00537156479870985,0.0987542145868921,0.0175874543430474,-0.121927290229739,-0.10215026273222,-0.165370614087765,0.100151003175255,0.232787249188557,0.134651856522303,-0.0631879679208437,0.240923423205388,0.209842490871873,0.107411805680497,0.116333860340597,0.12409903310229,0.167542091418568,-0.19357063996996,-0.0689387413730674,-0.0656757556021779,-0.153045591833065,0.200539611496623,0.0852924013853534,-0.104167055803084,0.240000695389548,0.0553534122951148,0.0414704733075039,0.0291629354771343,-0.0690248926826458,0.121082030149916,0.0872998321042626,0.17073442561633,0.139466273434271
"12",0.056670834881062,0.199207201409165,-0.0804013107718284,-0.0802904775801951,0.271839171497847,0.165889782379948,0.00824307622084794,0.150617916197507,-0.23450896158868,0.157506927737369,0.281553648723904,1,-0.0828355217675275,0.0628354915649194,-0.114415932581162,0.100950173430601,0.0464572318443892,0.0443345653546075,-0.122666176006248,-0.0213131848858503,-0.157567514217378,-0.0204830549725364,-0.0178035592436014,-0.0282804056770996,0.0755036517291554,0.0744336100615851,-0.0125647575774807,0.0496375419711231,-0.0407449262910905,-0.0763814702096929,-0.149816334092058,-0.0501226231359405,0.178489986204769,0.327277261752595,0.0627071791359656,0.265146877054019,0.233348291092786,0.165556208720448,0.231559255198081,0.344782355792339,0.0668735218880462,0.0421833512902308,-0.127911790775936,-0.083730907801505,-0.322791314006265,-0.30072581587904,0.0343449023440189,0.173156843895933,-0.148691920429509,0.0862524608411616,0.229321901870806,0.214234724921497,0.0648003062427319,0.0587075351502095,0.0818894497343921,-0.0201582630316775,0.185269075473387,0.144784704844785
"13",-0.0484865365349235,-0.107530009896431,-0.00768552149883207,0.19394632519032,-0.0448958391152613,-0.095462963793434,-0.0108521980669423,0.0176956189477178,0.248303496465541,0.0717343008889841,0.151972605374215,-0.0828355217675275,1,-0.187236743729427,-0.0586309933886845,0.0687023335237995,0.144960093852638,-0.146524760397609,0.142006855259742,0.012482572902263,0.0725149591153515,-0.0033549600498856,-0.0228679468005521,0.101515741482414,0.0441812217893753,0.0837099656477951,0.242227024813131,0.00913034093982463,0.242791477016618,0.0281458118530732,0.196333139762795,0.149707072049373,0.0470981828830363,0.0977464836760257,-0.0315260568217411,-0.0517403992003803,0.0141584544246414,-0.245563665146755,-0.0121137294494433,0.00833510958517131,0.176793897668768,0.0950880915976659,0.129445568941208,0.151677644332108,0.247124289959159,-0.145683678628955,0.0749068204625379,0.06007980740573,0.588913766291373,-0.0542310290377932,-0.0479278394481031,-0.0547566135105999,-0.0282714732758082,-0.0565587206567806,0.103449580635563,0.0801205706409937,-0.194876022882864,0.0212975076381991
"14",-0.168558993184236,-0.0327626461854394,0.132068747310699,-0.273223087376334,0.0627852328418666,0.0329255203389743,0.108682270993786,0.0924542143611436,-0.126871706647603,-0.0388889827533256,0.135262136357871,0.0628354915649194,-0.187236743729427,1,0.0869635492673999,-0.0547714367402069,0.12417280666432,0.107669655448013,0.0113475421013184,-0.036342073390501,-0.151862149331026,0.0145934770145796,-0.00031319810127927,0.0152860962526597,0.0378989310960875,-0.0474401677540464,-0.0162544997648674,0.0577050269632595,0.027805944137299,0.0155340326116095,-0.135048354579405,-0.0999203913557512,0.0652128836943502,0.0205823189880882,0.150971724392942,0.205662843828456,0.0263214451607814,0.138663467527633,0.0576460110270231,0.0210184989529886,-0.0343940053833989,0.0577873115667747,-0.0879567959588606,-0.18807458825168,-0.0589144610789048,-0.00277891686155685,-0.117635557397107,-0.201956004235541,-0.141172233776229,0.629770251184828,0.0609545563049642,0.130672517920954,0.129913915229185,0.0227021877210039,0.0559602054762258,-0.15904165882153,0.149228513199189,0.0748510639312806
"15",-0.077820314142077,0.0157651343137088,0.0734547570796878,-0.0742566342622888,0.053061186276971,0.0483362047379825,-0.0100263562714558,0.0367329240258642,-0.0972404233382467,0.0204738563660027,-0.115867920923251,-0.114415932581162,-0.0586309933886845,0.0869635492673999,1,-0.0577087675762355,0.00057391735471626,-0.0790940792295136,0.0273707681105684,0.0318266430071168,-0.0156328688586986,-0.0502741132363996,0.00124351455669928,0.034004699408259,-0.0543462664806059,0.209499910833022,0.0958528910332742,0.138455039358646,0.0764030115259593,0.0145414799223021,0.0200690007139423,0.114996321983023,-0.0194082594310735,-0.0763568375864845,-0.112102672091899,-0.100264242426527,0.0411197224319189,0.189511314986958,0.0180387081014272,-0.198120656809172,-0.0721872666997728,0.0292783625502522,0.0898776665877914,-0.0143138648527654,-0.0592448615567263,-0.0386520961169906,-0.0940449336005592,-0.174413062505914,-0.0952072964071331,-0.00736790983395315,-0.132425755896769,0.0676300993114295,0.0356479450932021,-0.0846542295316778,-0.100356064762528,-0.0107137522748817,-0.0596289844969293,-0.0640342483795874
"16",0.0534757412363146,-0.0414399414696897,-0.0553397461571448,0.115230285337974,0.181397852832127,0.0106615833934854,-0.0780902577765368,-0.0710920507421582,-0.0298206055939541,-0.0613754327108945,0.34363718070719,0.100950173430601,0.0687023335237995,-0.0547714367402069,-0.0577087675762355,1,-0.0800677671240787,-0.128038937488603,-0.13615237732664,-0.0711527493776218,-0.0159142837389324,-0.00930064987707208,-0.087542066505586,0.0131360866158595,-0.0162783891728274,0.097297363113163,-0.092826104637886,0.00117976559878351,0.101204477885196,-0.114151891599902,-0.0986778152644936,-0.0788664916448456,-0.0722214406327652,0.281686725533239,0.0310486746226391,-0.154410088651049,0.320987582919123,0.101448462556639,-0.00478523591461366,-0.019917553286279,0.0888223643019225,0.0880957947560061,-0.196190926841479,0.120769957686287,-0.0874954460084266,0.00396616709461858,0.114141367196374,-0.0307242696395952,0.0199746275505902,0.0479935812816686,0.182196093407628,0.0644498561160619,0.111190500148266,0.0950328022213843,0.0627668927943318,0.0173774433260392,0.108172613143908,0.120015629861398
"17",0.0514809560545662,-0.151965799612347,0.0717931960273014,0.0890371341366034,-0.0729777773261823,-0.0442876366783657,-0.0620954952669908,0.171956870798447,0.103757810416752,0.0175138107730255,-0.0123066288941545,0.0464572318443892,0.144960093852638,0.12417280666432,0.00057391735471626,-0.0800677671240787,1,0.041467777485205,-0.0116397730313912,-0.0197689552302655,-0.14469468078245,-0.169110476047103,0.0463307670364669,-0.132111385606468,0.103611883866134,0.0279186121819844,-0.0101395540129461,-0.0671920949904724,0.247961555338434,-0.00762580755535527,0.0205534936166826,0.113379016483016,0.205188982020533,0.111445821119728,0.213810995481997,0.107263190354454,0.0748816940050921,0.0498354713672656,0.0331620209195179,0.00655633340070112,0.0170927232553695,0.167057792596442,-0.0292804397621781,0.022455338378366,0.0701309060687332,-0.164725035143242,-0.125316620917794,-0.0561330480461724,0.169713562076219,0.122864305052709,-0.184221039476818,0.0503385147618045,-0.141112988828082,-0.11030563457329,0.032570234225274,-0.0379856623884995,-0.026290438102364,-0.0200166382926174
"18",-0.0218987582008016,-0.08700914580843,-0.164211953171024,-0.0626068208860073,0.0223178945147651,-0.0371356830698018,-0.130509735368281,-0.0810292857439233,-0.0968789155498489,0.0464256620527064,-0.178444473624756,0.0443345653546075,-0.146524760397609,0.107669655448013,-0.0790940792295136,-0.128038937488603,0.041467777485205,1,0.0707163931735806,-0.0685548685738969,-0.256306397768342,0.0355308635587475,0.0760580814248023,0.0311094454985483,-0.207621347401155,-0.0596564760359738,-0.105096754684349,0.141783466484485,-0.0905592673314817,-0.0146564896721141,-0.0557207565610045,0.0702162582075313,-0.090829731696213,0.193368900433622,-0.103985524231537,-0.0531657709661057,-0.0786873262416056,-0.106638610976862,-0.0316265988775065,0.00151403830902145,-0.0123280621066993,-0.0292951027464884,0.0447505590314202,-0.0373523475230469,0.0313276656170444,0.0783364517357961,-0.0883521399116715,0.0177120816726654,-0.0361318849436044,0.221252496173713,0.165594959801647,0.16321307383989,-0.0326139062249879,-0.125916133368083,-0.0188916252337434,0.0254127811878436,-0.00793548974552997,-0.0371334298022759
"19",-0.0224639146664873,0.0204237800562122,0.00227992601668447,-0.130656268447084,0.190533259454838,-0.00821398545071421,-0.0742733789661154,0.0574340154321342,0.173409219840829,0.150748348850602,-0.103852021667472,-0.122666176006248,0.142006855259742,0.0113475421013184,0.0273707681105684,-0.13615237732664,-0.0116397730313912,0.0707163931735806,1,0.135011763368948,-0.159392870686125,0.010025384337805,0.202401640960667,-0.114275177134275,-0.0195218949431052,0.0488666882678054,0.103232261380411,-0.0530757417114696,0.150565200562366,0.186412859754808,0.411781233020833,0.263339784286212,-0.218789486793949,-0.00105649941760552,-0.150393994571145,0.017891095959204,-0.179473345992127,-0.132448037930607,-0.204106016859512,-0.183101969541569,-0.0388141780291119,-0.0173132164512728,0.243650417406037,0.158990216569289,0.100577357285304,0.0335732173561706,-0.0713359490131655,0.0562428924815293,0.0391508339574187,-0.048299558829302,0.0796074705091597,0.154994018346156,0.157688022919014,-0.108797794632392,0.0846306986382155,0.130975953692835,-0.179340892517496,0.079443670622516
"20",0.0351241157724418,-0.102964425449795,-0.0120857253233164,0.077776413398313,0.0522181091316271,0.155665452566643,-0.00063209839036687,-0.123326026918228,0.261160588073973,0.0341843830709588,-0.101624001290331,-0.0213131848858503,0.0124825729022629,-0.036342073390501,0.0318266430071168,-0.0711527493776218,-0.0197689552302655,-0.0685548685738969,0.135011763368948,1,0.111001295285466,0.0195100626385838,-0.0393520628795976,-0.238292879510574,-0.117680759080071,0.0006908891460214,0.259966254393569,0.0907455392671108,-0.0307499496993662,0.0819638333693255,0.334663337851095,0.430509635264465,-0.11068658615793,-0.0426059621127253,-0.0828076010589398,0.173581642359449,-0.14925883833648,-0.123211532480763,-0.128848050580775,-0.114264233518315,-0.154633018764954,0.0212822681899695,-0.0687203745882893,0.149256312521496,0.00437905019492642,-0.0126829655232792,-0.343586052646281,-0.0691248041674198,-0.0013679436395151,-0.0580567109990685,-0.132283332639582,-0.037487333545704,-0.0759715245901612,-0.045465803752297,-0.105275613818054,-0.0375651803563735,0.0211120063807293,0.0319919109056932
"21",-0.013237400756853,-0.109478743420413,-0.172944544109338,0.166405958254478,-0.216286145060581,0.0285275424613245,0.151844022976977,0.0310995398730256,0.0434751005810434,-0.135863979111588,-0.0835944178244199,-0.157567514217378,0.0725149591153515,-0.151862149331026,-0.0156328688586986,-0.0159142837389324,-0.14469468078245,-0.256306397768342,-0.159392870686125,0.111001295285466,1,0.0660821430142292,0.0722192275340185,-0.0199560397888579,0.065981810842625,0.0418929278541842,0.140830905705829,-0.0953673219413107,-0.0404182577395678,-0.0551561689149513,0.0564001595139716,-0.0156144871909852,0.153006828630714,0.0295348355284014,-0.037692338648179,-0.0212098659082277,-0.00845028664583805,-0.0597261578407469,0.125132636769999,-0.0650473128014107,0.118192874631288,0.171650033924996,0.018239429784861,0.0511537287806298,0.159816095685764,0.18064863254758,-0.04856610021083,-0.105132584041278,0.216042247547411,-0.141584702702522,-0.0503633590507689,-0.114315589524117,0.0744336858351931,0.00601338240666284,-0.0448848453238611,0.133961287575655,0.0094156112128561,-0.305482995014779
"22",-0.111465462808219,0.0724579140820948,0.0268084950361707,-0.0161953942536445,-0.0675320083955789,-0.0950156023679946,0.272619573854943,-0.0549878640711828,-0.0726162806460462,-0.0117831144382061,-0.152329250567077,-0.0204830549725364,-0.0033549600498856,0.0145934770145796,-0.0502741132363995,-0.00930064987707208,-0.169110476047103,0.0355308635587475,0.010025384337805,0.0195100626385838,0.0660821430142292,1,-0.02001587705329,0.111224297794593,-0.116138991838164,-0.134188618818453,0.15165630190247,0.0511203964694171,-0.186645769842479,-0.270227269897084,0.0526577363974174,-0.113673015098047,0.0119754930262362,-0.0449807775778538,0.0856514279096362,0.0579279919479307,-0.0330172631505981,-0.0632573625628287,-0.0691783811851745,-0.0123555983757554,0.0875687949472384,-0.154134476710764,0.166634692431083,0.142021124174329,0.0827656400098208,0.114993467047486,-0.20651815829413,-0.171846552267553,0.13855466824916,0.0682474393307291,0.0692138831483345,-0.117995130460571,-0.0297421511519746,0.179643137306811,0.0678419916551975,0.0433306710732929,-0.160546536703478,-0.140810793920988
"23",0.126106609597921,0.0922274211352986,-0.0295325463602907,-0.0870451065452604,-0.0738380517705377,0.0298563157325031,0.00081870827848793,-0.0341481406316965,-0.105787782815931,-0.0460008696325388,-0.154864467268863,-0.0178035592436014,-0.0228679468005521,-0.00031319810127927,0.00124351455669928,-0.087542066505586,0.0463307670364669,0.0760580814248023,0.202401640960667,-0.0393520628795976,0.0722192275340185,-0.02001587705329,1,0.204284408915273,0.0419420199549478,0.0244138579948624,0.161190356080249,-0.16377171405612,0.00667214510396,0.151960463558778,0.0390891389076387,0.0138860179827165,-0.0239656463084897,-0.0094496055949337,-0.0432849125934164,-0.0162536469124856,-0.0921783759643082,-0.0411996244776748,-0.099911368985054,-0.174261287022794,0.0796369210637263,0.050114800541335,0.0539756464326496,0.133435096279159,0.235448636996986,0.0582802538938626,0.14503189238764,0.0034615335889659,0.0490526023809066,-0.0933242502676157,0.142961458227915,0.141411865070556,0.100376013127699,-0.214474364221176,-0.0675422267670361,0.0198704485289665,-0.0804276553337676,-0.0059548924085328
"24",-0.0387706957214759,-0.0406943604092724,-0.0223303766218016,0.121558193964815,0.0955420647637771,0.110699968322101,-0.145286376793829,0.0799435619118621,-0.107739365753917,0.0966811413422411,-0.0245314795760203,-0.0282804056770996,0.101515741482414,0.0152860962526597,0.034004699408259,0.0131360866158595,-0.132111385606468,0.0311094454985483,-0.114275177134275,-0.238292879510574,-0.0199560397888579,0.111224297794593,0.204284408915273,1,-0.130772468451245,-0.0119637250414045,-0.0392233069687229,-0.0112867824054399,0.0120187676277722,0.0313020257717087,-0.116633116012253,-0.107050519137438,0.160954448511015,0.0384871705637566,-0.0429783823054011,0.0515836508046806,-0.0440789090077029,-0.0309953305429073,0.0853233303703076,-0.0107947655425812,0.1307040453037,0.049266815960481,-0.0804453712972839,0.0745585167375183,0.0620746634834402,0.00494874048218519,0.223933912981448,-0.0677392268614758,0.130088831506775,0.113645985399096,0.216986405091307,-0.00155316985930847,0.0924514846570687,0.05296982522328,0.101166690979932,-0.164259330038685,-0.181931615738417,0.187289542244387
"25",0.0394792175548802,0.11862094427896,-0.0241768302379331,0.251666156952599,-0.0692773643898182,-0.0305579738587598,0.1580143606218,0.0187639363585382,-0.096154539682981,-0.00906290578495061,0.163669792964464,0.0755036517291554,0.0441812217893753,0.0378989310960875,-0.0543462664806059,-0.0162783891728274,0.103611883866134,-0.207621347401155,-0.0195218949431052,-0.117680759080071,0.065981810842625,-0.116138991838164,0.0419420199549478,-0.130772468451245,1,-0.00759641728866386,0.0891953328610082,-0.0204817219318628,0.166188972429226,-0.00604615893176724,-0.154602902749291,-0.302062773301757,0.129762387830565,-0.0238052941066447,0.194993350362171,0.0537125048929723,0.345375898921108,0.279638043267366,0.127449657032725,0.225042270212108,0.0563359276103242,0.09288599029921,-0.183487789305304,-0.139082527039277,-0.0347873102629087,0.00115432322608618,0.138072728203265,0.099495325242726,0.00322122515025497,0.0950198535870328,0.0725680080707858,0.211239074885314,0.0630061439933532,0.123580193643655,0.0529357597671647,-0.170665982007061,0.0431850333844061,0.0885131346105122
"26",-0.0139239051710233,-0.025070358867779,0.230179123117441,0.245044428164712,0.0221318584511477,0.0108941847525592,-0.0634612583474074,0.169773175918037,-0.0471545305409559,-0.0295278490816133,0.117713272595331,0.0744336100615851,0.0837099656477951,-0.0474401677540464,0.209499910833022,0.097297363113163,0.0279186121819844,-0.0596564760359738,0.0488666882678054,0.0006908891460214,0.0418929278541842,-0.134188618818453,0.0244138579948624,-0.0119637250414045,-0.00759641728866386,1,0.00449793203065693,-0.0920544559485598,0.138305004201798,-0.0058789012222669,0.0654371235661454,0.071928031325618,0.0628270916491317,0.0411957345261804,0.0923195677503222,0.0911946213877146,0.101107284275486,0.0985914546373791,0.13657304000372,0.0385746662528637,0.10541745640338,0.127154176535666,0.0473826544854778,0.0460398596703764,-0.0364794816867554,-0.118329327948863,0.119297174246439,0.0197197021136172,0.08893832687105,0.0985906521077293,-0.0492849972753214,0.0975694980777799,0.153320945923716,-0.056753334841945,0.19321332773975,0.0284786376701193,0.0651040579677189,-0.0472231303176125
"27",-0.0209920741117613,0.0524200945430577,-0.0159398992673057,0.0820955543278083,-0.038427155562165,0.00085837238328766,0.0916019268155986,-0.0460936994552078,0.0676182781831842,0.0499590929390342,0.00537156479870985,-0.0125647575774807,0.242227024813131,-0.0162544997648674,0.0958528910332742,-0.092826104637886,-0.0101395540129461,-0.105096754684349,0.103232261380411,0.259966254393569,0.140830905705829,0.15165630190247,0.161190356080249,-0.0392233069687229,0.0891953328610082,0.00449793203065693,1,-0.0190383832186613,0.00188696784791141,0.114570469415163,0.134656962819637,0.0634963900128321,-0.129697220766617,-0.0202494767769589,0.0337467525719172,0.0162978602467296,-0.0239610538596581,0.046121428233286,-0.0555619972910402,0.0136906287013614,0.0170096211803424,-0.145048132762144,0.0307448883870337,-0.072711420759203,0.010023914803706,-0.124527152531803,-0.164734208848141,-0.120242222190958,0.0532224317317421,-0.130105535453909,-0.054634975903443,0.00893303546014591,-0.00560129691896779,0.0119210999465087,0.0430051087918284,0.00238181076595395,-0.0128781883479447,-0.0558032623615962
"28",0.156151028302789,0.0862753647913621,-0.0178522316361242,-0.0425093620276319,-0.131938978894505,0.0532016081118686,0.0975295468120987,-0.0932418956973533,0.191146867697413,0.0867255297701068,0.0987542145868922,0.0496375419711231,0.00913034093982463,0.0577050269632595,0.138455039358646,0.00117976559878351,-0.0671920949904724,0.141783466484485,-0.0530757417114696,0.0907455392671108,-0.0953673219413107,0.0511203964694171,-0.16377171405612,-0.0112867824054399,-0.0204817219318628,-0.0920544559485598,-0.0190383832186613,1,0.155107085467746,-0.0510541342100676,0.0363813296564003,-0.0236566549182994,-0.22659390526077,-0.0170910427993031,-0.012650487815761,-0.123998602371244,-0.0381565912790365,-0.0303239304480758,-0.107470499371935,0.011319440906918,-0.0510843479507607,-0.12288870779824,0.0701782367308671,0.0337026040100522,-0.00397736150064132,0.0159792238432975,-0.0487494101372417,-0.0508331405954966,-0.00668684907558143,0.0939437847741971,-0.115901606142242,-0.0392805074538746,-0.0604610915043884,-0.115782338696326,0.104308956140882,-0.0307548052265313,-0.0931240456851167,0.0293442552476321
"29",0.133776001859735,-0.0877828131477574,-0.0110760792184591,0.0616064574529814,0.0194666553330247,-0.0401010508296932,-0.161731668271227,0.110646688907646,0.156054930598043,0.0486098867450407,0.0175874543430474,-0.0407449262910905,0.242791477016618,0.027805944137299,0.0764030115259593,0.101204477885196,0.247961555338434,-0.0905592673314817,0.150565200562366,-0.0307499496993662,-0.0404182577395678,-0.186645769842479,0.00667214510396,0.0120187676277722,0.166188972429226,0.138305004201798,0.00188696784791141,0.155107085467746,1,-0.00135660588354326,0.19769054359264,0.0731216113090327,0.120751878086442,0.13700125154727,0.0269048754119726,-0.0296967331573905,0.0847632690936937,-0.0139873401659805,0.0431307843963814,-0.00190342508795152,0.160839612885183,0.0649726776373472,-0.0886451437462639,-0.0501954830869259,0.108391005785753,-0.089492270953693,0.190664707288906,0.0419173810050879,0.178232536404514,0.131476339633992,-0.0898848680087642,-0.0472388578324878,0.0570777815152696,-0.149469669119901,0.1951371595799,-0.0152464337813203,-0.0623212960581659,0.00959426107868335
"30",-0.00975809369166859,-0.0253948258678851,0.0064282394482636,-0.0560218699048495,0.0820254251512275,-0.0128169119292887,0.00542256763247487,-0.0307824002174018,-0.0204826357682201,-0.0526625856524161,-0.121927290229739,-0.0763814702096929,0.0281458118530732,0.0155340326116095,0.0145414799223021,-0.114151891599902,-0.00762580755535527,-0.0146564896721141,0.186412859754808,0.0819638333693255,-0.0551561689149513,-0.270227269897084,0.151960463558778,0.0313020257717087,-0.00604615893176724,-0.0058789012222669,0.114570469415163,-0.0510541342100675,-0.00135660588354326,1,0.103752023019608,0.127144162180083,-0.176070496311402,-0.240841196210399,0.0581794774366442,0.00385021004079154,-0.0551279079622114,0.119395870156117,-0.202220293446999,-0.116980252361463,-0.0136501477115069,0.176149416222644,0.0216985516864697,0.138952382479682,-0.0343165447142152,-0.0783663974049719,0.181826070552721,0.274728369735086,-0.0225141305189771,-0.0217716132004216,-0.0679927328040882,-0.00938232993591422,-0.0315515807411972,0.0200870432327536,-0.214683353935281,-0.0655040844139309,-0.00079066452833146,0.0845077822058875
"31",0.30360506079842,0.0327705781341776,0.108513371916417,-0.0716791185958978,-0.022577456794517,0.0724770705200695,-0.0192090233814339,-0.0354851021930863,0.460962541358023,0.021394338182781,-0.10215026273222,-0.149816334092058,0.196333139762795,-0.135048354579405,0.0200690007139423,-0.0986778152644936,0.0205534936166826,-0.0557207565610045,0.411781233020833,0.334663337851095,0.0564001595139716,0.0526577363974174,0.0390891389076387,-0.116633116012253,-0.154602902749291,0.0654371235661454,0.134656962819637,0.0363813296564003,0.19769054359264,0.103752023019608,1,0.171395322495972,0.0324609091380466,-0.0423513699952555,-0.0172204271067829,0.122560089516274,-0.145379574445108,-0.0328649432962718,-0.12739555452009,-0.227844638755538,0.152705568082625,0.180911661210942,0.19456896816003,0.198884574674757,0.246554709344322,0.1083818836836,-0.145221287516807,-0.0206245768744987,0.171870288308704,-0.156718170475624,-0.0874946122776185,-0.0240561698879743,0.0774442777519243,-0.0967758814283577,0.120496297336106,0.112917555690847,-0.193306123554862,-0.0789364796386555
"32",-0.0589059557937251,-0.00384236969486052,-0.0788901462358664,0.0233812750858193,0.056016331773388,0.154823759016369,-0.131923036042492,-0.072575216151857,0.191830657654159,0.112535652184451,-0.165370614087765,-0.0501226231359405,0.149707072049373,-0.0999203913557512,0.114996321983023,-0.0788664916448456,0.113379016483016,0.0702162582075313,0.263339784286212,0.430509635264465,-0.0156144871909852,-0.113673015098047,0.0138860179827165,-0.107050519137438,-0.302062773301757,0.071928031325618,0.0634963900128321,-0.0236566549182994,0.0731216113090327,0.127144162180083,0.171395322495972,1,-0.0300400954054749,-0.00864748881799454,-0.154110269550998,0.0944928535653306,-0.174679699707172,-0.303565514479668,-0.10711167642795,-0.227263140000186,-0.16829001094121,0.085178012126341,0.175023067203778,0.161122009469503,-0.00830569704759734,-0.146542315525268,-0.15092588067962,0.0256197168634622,0.0940767143779319,-0.0525773752436362,-0.13550096994322,0.0215030811230461,-0.0134118208575309,-0.101603412771115,0.0711580981365045,0.23537482176081,-0.0965211737231012,0.0717250981091111
"33",0.000877111298889,0.0393402216123171,-0.0151128246759997,0.0222999750430905,-0.0229520320842059,0.190370391784296,0.0362838684201533,0.0324181958113002,0.0492393616394656,0.0635323700841886,0.100151003175255,0.178489986204769,0.0470981828830363,0.0652128836943502,-0.0194082594310735,-0.0722214406327652,0.205188982020533,-0.090829731696213,-0.218789486793949,-0.11068658615793,0.153006828630714,0.0119754930262362,-0.0239656463084897,0.160954448511015,0.129762387830565,0.0628270916491317,-0.129697220766617,-0.22659390526077,0.120751878086442,-0.176070496311402,0.0324609091380466,-0.0300400954054749,1,0.229172757738065,0.173085174967766,0.141329921842054,0.17078208669297,0.0631876684730519,0.322324433332075,-0.056949550963841,0.0508212153212172,0.0130514956293018,-0.0747264551507003,0.00210273238922214,-0.0621100020677778,-0.230614284002891,-0.0237062041399775,-0.0461005814537153,0.125958439034302,0.0706380016341131,0.0618827242693408,0.134189779029094,-0.0321693589515813,0.0222967492815206,0.0561634628145218,-0.0680350585273598,0.0797295812109455,0.0413369417003524
"34",0.181838760643838,-0.140143222281646,-0.0585165511778443,-0.0993053472627901,0.199109204917695,0.0294083217244397,-0.0864045127714126,-0.042256743064312,0.0370561046787918,0.110073320685568,0.232787249188557,0.327277261752595,0.0977464836760257,0.0205823189880882,-0.0763568375864845,0.281686725533239,0.111445821119728,0.193368900433622,-0.00105649941760552,-0.0426059621127253,0.0295348355284014,-0.0449807775778538,-0.0094496055949337,0.0384871705637566,-0.0238052941066447,0.0411957345261804,-0.0202494767769589,-0.0170910427993031,0.13700125154727,-0.240841196210399,-0.0423513699952555,-0.00864748881799454,0.229172757738065,1,-0.0392282218065901,0.123239240940687,-0.0150951693636633,0.0222219602583915,0.287968722614582,0.221033785201017,0.179161197366958,0.142716395762585,-0.0815556871525741,0.0256845429576173,-0.0406570910513534,-0.316282983066198,-0.0799959139657056,-0.00055088694645587,0.0688434931022292,0.116621644899571,0.288451761489739,0.21396650127055,0.208030449934781,0.0557252776671354,0.00399229903180843,0.0565908458211372,0.134421360221991,-0.0549612893045886
"35",0.13542385296305,0.138483340859008,0.0441947175779631,0.169141078471626,-0.111081477877252,-0.00090413041923683,0.23278197390414,-0.0700215745945826,0.278539188378824,-0.0751773148738619,0.134651856522303,0.0627071791359656,-0.0315260568217411,0.150971724392942,-0.112102672091899,0.0310486746226391,0.213810995481997,-0.103985524231537,-0.150393994571145,-0.0828076010589398,-0.037692338648179,0.0856514279096362,-0.0432849125934164,-0.0429783823054011,0.194993350362171,0.0923195677503222,0.0337467525719172,-0.012650487815761,0.0269048754119726,0.0581794774366442,-0.0172204271067829,-0.154110269550998,0.173085174967766,-0.0392282218065901,1,0.529918312516603,0.117173114665843,0.248327371373835,0.0223424172818459,0.0458870841516007,0.274690783564308,0.103261880842171,-0.0324100966819032,0.0632018796331429,0.110925388940005,-0.237086705670026,0.109499784300471,-0.155260032060071,0.115706099737368,0.123385153910544,0.04404129701025,0.0675926299579725,-0.159270294852432,0.0633349228610885,0.0389394012364056,-0.101746600115134,-0.00449137955672919,-0.122412213448446
