"","l_Insular.Cortex","r_Insular.Cortex","l_Amygdal.Area","r_Amygdal.Area","l_Bed.Nucleus.of.the.Stria.Terminalis","r_Bed.Nucleus.of.the.Stria.Terminalis","l_Hippocampus","r_Hippocampus","l_Orbitofrontal.cortex","r_Orbitofrontal.cortex","l_Entorhinal.Cortex","r_Entorhinal.Cortex","l_Frontal.Association.Cortex","r_Frontal.Association.Cortex","l_Globus.Pallidus","r_Globus.Pallidus","l_Glomerular.Layer.of.the.Accessory.Olfactory.Bulb","r_Glomerular.Layer.of.the.Accessory.Olfactory.Bulb","l_Glomerular.Layer.of.the.Olfactory.Bulb","r_Glomerular.Layer.of.the.Olfactory.Bulb","l_Granule.Cell.Level.of.the.Cerebellum","r_Granule.Cell.Level.of.the.Cerebellum","l_Hypothalamic.Region","r_Hypothalamic.Region","l_Entorhinal.Cortex","r_Entorhinal.Cortex","l_Vermix.Molecular.Layer.of.the.Cerebellum","r_Vermix.Molecular.Layer.of.the.Cerebellum","l_Lateral.Molecular.Layer.of.the.Cerebellum","r_Lateral.Molecular.Layer.of.the.Cerebellum","l_Anterior.Olfactory.Bulb","r_Anterior.Olfactory.Bulb","l_Posterior.Olfactory.Bulb","r_Posterior.Olfactory.Bulb","l_Subiculum","r_Subiculum","l_Perirhinal.Area","r_Perirhinal.Area","l_PreLimbic.System","r_PreLimbic.System","l_Primary.Cingular.Cortex","r_Primary.Cingular.Cortex","l_Primary.Motor.Cortex","r_Primary.Motor.Cortex","l_Retrosplenial.Cortex","r_Retrosplenial.Cortex","l_Secondary.Cingular.Cortex","r_Secondary.Cingular.Cortex","l_Secondary.Motor.Cortex","r_Secondary.Motor.Cortex","l_Striatum","r_Striatum","l_Ventral.Tegmental.Area","r_Ventral.Tegmental.Area","l_Substantia.Nigra","r_Substantia.Nigra","l_Thalamus","r_Thalamus"
"1",1,0.293549826111217,-0.059950446280137,0.149792962011007,-0.0743566385904516,-0.0208298026577748,-0.0213360413658559,0.113602009024697,0.346524108003775,0.0503668398012134,0.106805953185126,-0.0181091408497338,0.0836960176700915,-0.0342146009589196,-0.0941780795122416,0.0995539552758223,-0.139934879975698,-0.0234268392336784,-0.0852208476793136,-0.00936015700632029,-0.0537680113494407,0.0257832875544221,-0.0661403578884289,0.149054698079614,-0.0148103790972105,0.213657949959926,-0.0758144037222941,-0.00886612458327283,0.0768632191387689,0.00869863410693949,-0.0674557975283078,0.0554683513130298,-0.0593003030370259,0.122067188021024,-0.226878627624242,0.121161179408091,-0.0853566839665068,-0.13977067015933,0.0590226790256329,0.104387908627746,-0.0189523630301776,-0.0975791874698348,0.0100818663324456,0.0147511785609488,0.0238711676059786,0.00850049002116457,-0.17915326336748,-0.0799455743162449,-0.00784021124320759,0.00479856157285891,-0.128940304924116,0.181806228227514,0.0853397829418785,0.0819864272026416,-0.0331983789556709,0.0515918597562049,-0.131591099566356,-0.0226183157701848
"2",0.293549826111217,1,-0.107468583925777,0.0759786204577216,-0.0156507616701906,0.0411958058887327,0.0621538439191852,0.148020315391239,0.115600932991576,0.140100719083968,0.202094398540391,0.2157359208184,-0.00126610263387428,-0.0439051293014317,-0.0306265578964867,-0.0308862105787279,-0.106901322541373,-0.0367055982892851,0.0255110811974918,0.103884824608365,0.0712580331161581,0.0123680630292691,0.0452191366831641,0.108100474538805,-0.0261038105160436,0.136931102790312,-0.177871305601562,-0.0761565985704012,0.0952243255120735,0.0836242497568354,0.0351203973439023,0.129516507954016,-0.0832524159047428,0.133062099916428,-0.179106486861546,0.108702912257662,-0.108711532658542,-0.271754976385773,0.0628447375888916,0.0911071643319183,-0.0811099554786163,-0.0967899457097116,0.0514278949283824,0.0633925951799832,-0.113872167646086,-0.19968543214085,-0.0861074516721993,-0.134340611407112,0.00294050205297437,-0.0268517637940441,0.0342577527761164,0.275233326955347,0.0873598745536795,0.109877104776416,0.063719596835053,0.105379962541796,0.0461863402404464,-0.0543517758586375
"3",-0.059950446280137,-0.107468583925777,1,0.189690025475574,-0.0647496800325503,-0.0546759382620293,0.0457253246732835,0.151461521042539,-0.149363574172391,-0.161028148059381,0.157029917266923,0.0386056724755687,-0.130440615160261,-0.078456863605238,-0.057148655355504,-0.02931008632036,0.0523931448063198,0.172635456373194,-0.14291370474026,-0.0835083672552573,0.0709630435234013,0.0837702487604538,-0.0041092526990434,-0.114257579494028,0.153723613880099,-0.0365987153612909,0.0474977460517534,0.0535263322225642,-0.048946330218595,0.00311860227400331,-0.0467181348195901,-0.0726199441695132,0.114061895850422,0.0269421256907421,0.145266127449064,-0.0567202659864027,-0.144078216286524,0.0724122615946819,0.0142179107214066,0.0509491948501837,-0.010580137914951,0.237767146663815,0.0322224782350384,-0.0403190824136374,-0.0442457290542166,-0.109916342722676,0.0822231535801048,-0.0134451971288986,-0.082337072653647,0.0356959248010623,0.0983342410048956,0.0779287324193468,0.0396220105092052,-0.0807688887578487,0.024698377440129,-0.109215330134818,0.176228364038318,0.0383754079008518
"4",0.149792962011007,0.0759786204577216,0.189690025475574,1,0.101048819288539,0.0422048531659554,-0.0205842935902506,0.104696873193752,-0.0247445351392026,-0.189279588235295,-0.00622745725613283,-0.140418414960737,-0.124225832708307,0.0308645850074485,0.0688650796992957,0.0694953002237583,0.0351918341764454,-0.00646652043070058,-0.250330135779955,-0.101305855438028,0.0266251651178243,0.125230754056098,0.0494227860084823,-0.04537469624467,0.0930377569421339,0.148970646046257,-0.17173699502865,-0.103894885219778,0.0263893192669314,0.0379497247588337,-0.014426677008436,-0.0990704877239015,-0.168954736316271,-0.161042414844576,-0.0663448389067673,0.033644133459384,0.0436395178543694,0.0747671335525929,0.0467877418070483,0.0797566248083272,-0.0135462643979482,0.0661990313963554,0.218007747726517,0.098586409133009,-0.0810741001862659,0.0270969009298374,-0.0556210784881137,0.027975425583555,-0.088914935258657,-0.0161133810213172,-0.0741525917078918,0.0433459645680099,0.125728964880901,0.0811156559200503,0.0926660141747256,0.0311223889389612,-0.0692980592960017,0.131525433389631
"5",-0.0743566385904516,-0.0156507616701906,-0.0647496800325503,0.101048819288539,1,0.208633986805535,-0.0271973097720767,0.0629997493693634,-0.0178570736238542,0.0308299946946573,0.0919729875863595,-0.00317798035177397,0.0280690913231577,-0.0300351902035462,-0.0344750433532542,0.0855987338381359,-0.047550269326689,0.049114111352612,-0.11861500370215,-0.108032256761314,-0.124678687682573,0.0775983968005853,0.174726039439362,-0.0190587728685011,-0.046704510295656,0.10176253986099,-0.135703591261528,-0.126134834375472,-0.09519211432292,-0.0760301126492072,-0.0959154712469416,-0.02174412432482,-0.0460318899933986,0.105226486894973,-0.0111311138430415,-0.0672974266101926,0.0186532731595509,0.0146540201953487,-0.0488544992518767,0.190151844358085,0.168695596429135,0.00347214984912137,0.00571753090231883,-0.128136260281132,0.104170911694383,-0.0546869870161838,0.0440925953488952,0.0509159882424889,0.00080590572560027,-0.105308819123704,0.167250978063389,0.0196677713032594,0.0500860663697162,0.0833108534613904,-0.0102844502692481,0.109760460949189,0.0682485987202345,-0.102449225620292
"6",-0.0208298026577748,0.0411958058887327,-0.0546759382620293,0.0422048531659554,0.208633986805535,1,-0.137616108643884,0.120551807423476,0.0460592842860619,0.0965374265634007,0.225201823801711,0.133062007631519,0.0299476414171526,-0.123804169472736,-0.0354365618641651,0.0481537131504147,0.0335685010465888,0.00905830409490808,0.0150646931330435,0.0387701879054413,0.0334803444985224,-0.051332940193373,0.122567659157353,0.203964589315321,0.0209244408930873,-0.130414968826186,-0.216552616088563,-0.0321144720885104,0.0282765983194419,0.105471649631699,-0.0644222426669415,0.108461454609269,0.00483717236876929,-0.0530569239880307,-0.0938399924726307,0.182796086937632,0.0691306607237711,0.249076805203661,0.0129830909153314,0.247911535429471,0.209148253251556,0.155018531185283,-0.0579212502615633,-0.0273629430640469,-0.0354997797815557,-0.00257028123268021,-0.0992680779419195,0.0736570308414202,0.0867360893754415,-0.00062502952032402,-0.0392062491344412,0.231389265538705,0.189279516270595,0.0686727125125763,0.206273339383215,0.112110551903311,0.0108493654940119,0.113341054083338
"7",-0.0213360413658559,0.0621538439191852,0.0457253246732835,-0.0205842935902506,-0.0271973097720767,-0.137616108643884,1,0.273521864210607,-0.0256096780218291,0.0105183362841443,0.0690396703330507,-0.2294223240385,-0.0731803632338738,0.0316484306999685,0.150575564808963,0.117579146028525,0.21861531822118,0.10017665335756,-0.00442928541308917,0.0297651038082992,0.0263272626000527,-0.0656186390093705,0.0608724843232537,-0.00860431355526183,0.107902531792881,0.221547652046781,-0.153054272897395,-0.0392849156153102,-0.111263261887331,-0.205580201876292,0.193703136511805,0.102548251923175,0.185310220816325,0.140909335916052,0.51359842692568,0.110416033336828,0.131189970290932,0.0659456928463549,0.220403101470153,0.220407271122807,0.190883226601917,0.292976002050523,0.164421590121982,0.0303728332279643,-0.101902290810604,-0.0297356605967956,0.179133846106177,0.112844283406465,0.0361735371710595,0.152310284043558,0.162278092987304,0.0873313819026976,0.098318456600297,-0.0802613678115999,0.131524266928011,-0.0442872809896812,0.237653033438262,0.239233851120344
"8",0.113602009024697,0.148020315391239,0.151461521042539,0.104696873193752,0.0629997493693634,0.120551807423476,0.273521864210607,1,0.0281130392617657,-0.272218362262324,-0.0756072025564774,-0.109182988399308,-0.0458665469088634,-0.00378269317660691,-0.0718272504005276,-0.00494442204955687,0.32781940987476,0.126569356055909,-0.130295625862689,-0.0244263859359987,0.114829710672123,0.13129725812169,-0.00262004319162592,-0.156728314539266,0.268596899899524,0.113240883393371,-0.138901906094753,-0.155936107988771,-0.00604183401402453,0.0957946296487188,0.0462824118625336,-0.00551473674086948,0.0807804264852845,0.130360765315544,0.149415752249085,0.469653672781849,0.101691961303746,0.188425273918889,0.0974025468871106,0.0536755398745529,0.0842708659861981,0.242965349809673,-0.00065939865872435,0.179922461077138,-0.260448105248664,-0.101307051558671,0.0211587189218429,0.00668604092844555,0.140900399567597,0.211799513102972,0.102825611503506,0.0752386959042933,0.071997942962617,0.124121691053142,0.146281000618545,0.0649878320428072,-0.043641725569529,0.0784474191864956
"9",0.346524108003775,0.115600932991576,-0.149363574172391,-0.0247445351392026,-0.0178570736238542,0.0460592842860619,-0.0256096780218291,0.0281130392617657,1,0.290173267438656,-0.0181923892030925,0.135106937892502,0.130210873261835,-0.0354017784411653,0.193558313670836,0.102100855117977,-0.0420011454225445,-0.00140807820404917,0.255086337960601,0.157233564612321,-0.0691517605792324,-0.167319482723,0.140093017923364,0.145453675248888,-0.125200101004499,0.0852825202703765,0.0941979108439402,-0.0140497616438034,0.178346615719381,0.104890193240978,0.207335537432244,0.26203607764117,-0.158939316222032,-0.0742286029202318,-0.159870504867922,0.146459761165742,-0.0356951798353903,-0.0195660710518564,-0.228205908280023,-0.0959143426559356,-0.311820116070755,-0.312927347589424,0.203993282435448,0.173350414879309,-0.00575531494608527,0.0674658381589089,-0.329302961501985,-0.299185230432099,-0.153641408262335,-0.145548916992874,0.0250659271844765,0.122907945673768,0.0565606225236003,0.0882655970079888,-0.12631881456323,-0.0833902936630713,-0.0524759514897907,0.0643224308890925
"10",0.0503668398012134,0.140100719083968,-0.161028148059381,-0.189279588235295,0.0308299946946573,0.0965374265634007,0.0105183362841443,-0.272218362262324,0.290173267438656,1,0.0353755695321615,0.114047904274553,-0.0787674189775774,0.178173030014132,0.163175355451565,-0.105500880008191,-0.149105215602487,-0.00883171580135516,0.32616320582479,0.176195072539329,-0.101609362387771,-0.225020579632246,0.0547289732494173,0.156306301194204,-0.201199657412017,-0.100889010327893,0.0222835106649844,-0.0635409350962393,0.0565271712758715,-0.0929726720912978,0.209406720449682,0.354211066932097,-0.0386326348074017,0.0207942828862767,0.075543925469078,-0.0903193293531737,-0.00697489750420265,-0.21709729794441,-0.281872188643927,0.00392396098111385,-0.174228392292004,-0.175027254739534,0.0465247496911144,0.122923388455769,0.0264754325696609,0.0601974917637934,-0.107439860275445,-0.192675418882365,-0.205681782585829,-0.0884133053257349,-0.0596239976409376,0.0458003971161372,-0.0156014828642695,0.057424368987995,0.102028264665386,0.028105627886771,0.105405123461164,0.0745233227072275
"11",0.106805953185126,0.202094398540391,0.157029917266923,-0.00622745725613283,0.0919729875863595,0.225201823801711,0.0690396703330507,-0.0756072025564774,-0.0181923892030925,0.0353755695321615,1,0.108007681707094,0.241342230784757,0.0340576727274579,0.045513845366118,0.0711773001175261,-0.0680080793990971,0.0999746015691191,-0.112304462264634,-0.144257560520179,0.0997490461936325,-0.00550109788690322,-0.0822693572367447,-0.028007763020565,0.0304268776099367,0.0249505303291079,-0.0630443036734639,-0.0291115159931452,-0.147606096645432,0.23821952868228,-0.171856997423113,-0.0358520780373568,0.0946723314640688,0.207869608592927,-0.0171298988232517,-0.0754820038189545,0.0621332893901446,-0.0325930894346034,0.192706195126221,0.293252908235769,0.240041280360157,0.304801043782443,0.0100259995327524,0.149628575295535,0.0701824746737614,-0.0547183866784044,0.097088027252031,0.134627878853617,0.217662972686754,0.281177114244744,0.143269951263405,0.306850026482741,0.396659511270245,0.0587299687389662,0.108768393684663,0.0311173654291786,0.270971128371033,0.0640931770365459
"12",-0.0181091408497338,0.2157359208184,0.0386056724755687,-0.140418414960737,-0.00317798035177397,0.133062007631519,-0.2294223240385,-0.109182988399308,0.135106937892502,0.114047904274553,0.108007681707094,1,0.122450118588201,0.00629182172588867,0.0541479153385718,-0.0976030011128903,-0.0311663179027399,-0.0512386171192597,0.218796609848324,0.162798122601534,0.150800479916452,0.0144579209879017,-0.0305667650759025,-0.058496657712548,-0.0310340268355612,-0.222856891901608,0.0737968232285225,-0.00094465180566326,0.138230633894189,0.133023897479062,0.0401639802755455,0.182378023990579,-0.0952816985171103,0.0166660065272055,-0.166456347382778,0.00205002043383496,0.0119759452432535,-0.109188742949194,-0.150167140768883,0.0406124184927896,-0.207170410646258,-0.163118031584373,-0.102936347664591,0.0607599661855432,0.0720448739443146,-0.0593661702706106,-0.255215078932889,-0.193446235246408,-0.00749434208487017,-0.0331506908181634,0.108137061082035,0.158718689073201,0.0758438477255568,0.0287728956184667,-0.0427688164232801,-0.0532335922888803,0.0783899572827254,0.0467126019825157
"13",0.0836960176700915,-0.00126610263387428,-0.130440615160261,-0.124225832708307,0.0280690913231577,0.0299476414171526,-0.0731803632338738,-0.0458665469088634,0.130210873261835,-0.0787674189775774,0.241342230784757,0.122450118588201,1,0.126324107182309,0.0533777346190241,0.115788087656579,-0.0587214615091491,0.213761003049527,0.122797281655862,-0.141517045551628,-0.0431312921424184,-0.0367296059497631,-0.123875684077873,0.0506458912607394,0.0527275219112272,-0.0317645881940991,0.00658043263176615,-0.0169903755239335,-0.107239642984405,0.377782178049735,-0.0710544420658196,-0.184385041264603,0.078446710342358,0.132533435097907,-0.0585980401650084,-0.0920001476843083,0.0623085198930061,0.0140371295913987,-0.0609437794994186,0.222077953008711,0.0916910909027678,0.034460375381113,0.0719967619590866,0.166491460294838,0.172267829355595,-0.0658423375913203,-0.103381033834028,-0.0726463987445663,0.608221147591595,0.343646620678478,0.115877791167145,0.0899197337959318,0.142398167821853,0.187007951226782,-0.0106975874768831,0.0637833285402929,-0.0486880333041394,-0.243379214993573
"14",-0.0342146009589196,-0.0439051293014317,-0.078456863605238,0.0308645850074485,-0.0300351902035462,-0.123804169472736,0.0316484306999685,-0.00378269317660691,-0.0354017784411653,0.178173030014132,0.0340576727274579,0.00629182172588867,0.126324107182309,1,0.205742386210778,-0.0631094541275108,0.167194580474444,0.309683904366229,0.24039676521531,0.19491421585354,-0.0953217624115804,0.0273268706073895,-0.0800710710178677,0.00622991969127657,0.0938445962523755,0.143608775775997,-0.1037689948766,-0.0817462227927922,-0.0172322457176847,0.103960223479831,0.169891837190057,0.147688387458038,0.041771037778583,0.0378210013242534,0.0921185459373592,-0.178988243437506,0.232112192835723,0.0315563803456849,-0.0882948176338914,0.00092605966911595,0.0840779236062211,0.12040739035246,0.0706178065591751,0.293701029872683,-0.0352937081101439,0.00130103255586226,0.201195136915027,0.0287722782232624,0.0779982795625794,0.62990328821328,0.1732423223027,0.0230484367287943,0.0255112918176658,-0.0975614771482972,0.119664156688873,-0.0137546198330234,0.174167894497249,0.0679400268063163
"15",-0.0941780795122416,-0.0306265578964867,-0.057148655355504,0.0688650796992957,-0.0344750433532542,-0.0354365618641651,0.150575564808963,-0.0718272504005276,0.193558313670836,0.163175355451565,0.045513845366118,0.0541479153385718,0.0533777346190242,0.205742386210778,1,0.189516489557303,0.0856467674253866,0.114139124495961,0.0482543282480228,-0.0315519364611402,-0.173370273766962,-0.062681548965018,0.039783511607309,-0.113121402443207,0.149039543262136,0.117806632848299,-0.105383497541644,0.0245692403043805,0.0901756843523322,0.107885955030652,0.00699155984026624,0.0923185657524057,-0.120123206672755,-0.00883777905327714,0.191638658703766,0.0131383932895253,0.264607883459543,0.0613353841204462,-0.0622516057312697,-0.00283071775946874,-0.0909340088785523,-0.0140045029694402,0.270674620236291,0.187744303031374,-0.107661282738573,0.0316119125725304,-0.0558963215809654,-0.135493527964675,0.167233791578448,0.192722981804827,0.0930273562265392,0.175062420136126,0.15190169900658,-0.0259061914545094,-0.160992509567354,-0.133917062970625,0.0212207649807011,0.0226869221422283
"16",0.0995539552758223,-0.0308862105787279,-0.02931008632036,0.0694953002237583,0.0855987338381359,0.0481537131504147,0.117579146028525,-0.00494442204955686,0.102100855117977,-0.105500880008191,0.0711773001175261,-0.0976030011128903,0.115788087656579,-0.0631094541275108,0.189516489557303,1,0.121906370955066,0.0933085474900229,-0.0837655006301896,-0.0744541039023977,0.0562080168011661,-0.0335369063970396,0.0688838648778568,-0.133251651829746,0.228607221759093,-0.0468930402403742,0.0519784360043835,0.217489108733404,0.230296263856572,0.283344735531883,-0.172249855026651,-0.0441435085233735,0.0458992821000676,0.0926710894445464,-0.135139646539768,0.0814441751041252,0.145202433673264,0.10298643663688,0.0189777663974552,0.0903607768220117,0.0309287804996105,0.0591865503844247,0.0460855610247455,0.0903212560190714,-0.0425014849855206,-0.0445545668828031,0.0875085698792668,0.0616937871706074,0.058790624851531,0.0784783777044042,0.0174436106156115,0.28663967272874,0.0975837961518618,0.0807339756833574,-0.0459204947951086,-0.00031497553600467,-0.217416143936874,-0.0357517494699006
"17",-0.139934879975698,-0.106901322541374,0.0523931448063198,0.0351918341764454,-0.047550269326689,0.0335685010465888,0.21861531822118,0.32781940987476,-0.0420011454225445,-0.149105215602487,-0.068008079399097,-0.0311663179027399,-0.0587214615091491,0.167194580474444,0.0856467674253866,0.121906370955066,1,0.249438278596389,0.0829590294888943,-0.0112992499145749,0.107323596675386,0.120394503210048,0.111174335187777,-0.192771113034835,0.128846736118303,0.0397518931610424,-0.00835387253178459,-0.0944286603231658,-0.217383749008619,-0.024518965242583,0.158709791270715,0.0667369302127904,0.165654609584511,-0.0518389800731289,0.100356308161339,0.174973512980911,0.2143151045392,0.230968234836371,0.322471215070563,0.200714782251634,0.184735546854278,0.369242772329982,-0.0874083792898752,-0.0555710536626848,-0.100603900602049,-0.0239048297382446,0.245369445532096,0.138946903769217,0.258136285930943,0.289053638747195,0.0914178986701895,0.24841311017238,0.111990853631754,-0.00365314759724915,0.258720806004086,-0.0822218067817127,0.110477029691664,0.258192907954651
"18",-0.0234268392336784,-0.0367055982892851,0.172635456373194,-0.00646652043070058,0.049114111352612,0.00905830409490808,0.10017665335756,0.126569356055909,-0.00140807820404917,-0.00883171580135516,0.0999746015691191,-0.0512386171192597,0.213761003049527,0.309683904366229,0.114139124495961,0.0933085474900229,0.249438278596389,1,-0.0147277068341254,-0.068382852231622,-0.0650110641659217,0.0932800559560538,-0.0797077359413858,0.0539178830826918,0.167489986181305,0.179046326190908,-0.127266050592693,-0.0742271102886326,-0.0467055061819776,0.0690036363626501,0.00431103158149741,0.00253662960618948,0.21344997099284,0.0618808934606596,0.159933469770282,-0.0799718023972694,0.0321969506081157,0.0454894777973172,0.089739273676702,0.108583706010988,0.0118156978863643,0.187753173285713,0.124162133869639,0.130373811659134,0.00955147295352252,0.0409619283352597,0.118238292137198,0.0160932967673552,0.166363544293429,0.35050904483932,0.0663521209763216,0.134528468273286,0.0842511781312874,0.0904455777417413,-0.0122824257094846,-0.0567433411483247,-0.00798881941436813,0.0693830764099133
"19",-0.0852208476793136,0.0255110811974918,-0.14291370474026,-0.250330135779955,-0.11861500370215,0.0150646931330435,-0.00442928541308917,-0.130295625862689,0.255086337960601,0.32616320582479,-0.112304462264634,0.218796609848324,0.122797281655862,0.24039676521531,0.0482543282480228,-0.0837655006301896,0.0829590294888942,-0.0147277068341254,1,0.409391730731408,0.15334164463167,-0.078656986106946,0.0697642590241113,0.118475643259041,-0.245768878531682,-0.189933607917799,-0.00577550761035421,0.131209835464197,0.0360980018591978,0.0562192753442209,0.63108176909353,0.336391374059681,0.0386389796897926,-0.0724400117267846,0.0176995633500554,-0.0820623795473686,-0.0292584891950903,0.0198705429976393,-0.188140269018307,-0.158841356638749,-0.0742974289296738,-0.100396136532478,-0.015807898087077,0.0238324846066294,-0.0424356001387398,-0.0572454143907247,-0.0605769968619627,-0.179667410658636,-0.00689823496327081,0.0659328935289883,0.138031157144529,0.0188446843444243,-0.0580518069036727,-0.173074551287029,0.142501951913391,-0.046691143897838,0.194816456064541,0.0918953230837692
"20",-0.00936015700632028,0.103884824608365,-0.0835083672552573,-0.101305855438028,-0.108032256761314,0.0387701879054413,0.0297651038082992,-0.0244263859359987,0.157233564612321,0.176195072539329,-0.144257560520179,0.162798122601534,-0.141517045551628,0.19491421585354,-0.0315519364611402,-0.0744541039023977,-0.0112992499145749,-0.068382852231622,0.409391730731408,1,0.237283455638887,0.0548083688819387,-0.128698829022656,0.138025574491787,-0.105778606305725,0.0286198960955325,0.00840967785346808,0.111146046965086,0.214596472329983,-0.0221434855738199,0.456488444082348,0.571169338435253,-0.0610670182075043,0.115305714903965,-0.0765290226194204,-0.0241240878078109,-0.0716553473810461,0.100733443517708,-0.0905462658317418,-0.079333518780202,-0.180590050507307,-0.143415485736953,0.035648463275095,0.198946954635191,-0.0517544714776783,0.0086534137271519,0.05870574781742,-0.120537345101572,-0.260579469250227,0.0276939535404642,0.0021959621159685,-0.109377451679787,-0.127578446717058,-0.254302434467475,0.0655961408083498,0.00591009206893531,0.0599445697178037,0.201485750291178
"21",-0.0537680113494407,0.0712580331161581,0.0709630435234013,0.0266251651178243,-0.124678687682573,0.0334803444985224,0.0263272626000527,0.114829710672123,-0.0691517605792324,-0.101609362387771,0.0997490461936325,0.150800479916452,-0.0431312921424184,-0.0953217624115804,-0.173370273766962,0.0562080168011661,0.107323596675386,-0.0650110641659217,0.15334164463167,0.237283455638887,1,0.113653852287316,0.0517257273863597,-0.0693055142241653,-0.0767880436187776,-0.144355528106675,-0.0478622690692355,-0.167367809323349,0.187719981531865,0.0110605682375239,0.211342585977481,0.330348178814664,0.0165724139644038,0.0776706379082429,-0.00631565938292072,0.105645153818179,0.00478460412053848,0.0982614412700045,0.0398375035473304,-0.0614240621948599,-0.0176241774700331,0.0483654018552451,0.0359511122933221,0.193948146638268,-0.0338461878612041,0.0731209285077652,-0.00428665084549235,0.0913334609337734,0.0353372287722769,0.0420803249839038,-0.0155518806751676,-0.0300446827888515,0.023108957982895,-0.277533160069004,0.206088133130261,0.0184531548835643,0.0996002293954776,0.172265454400038
"22",0.0257832875544221,0.0123680630292691,0.0837702487604538,0.125230754056098,0.0775983968005853,-0.051332940193373,-0.0656186390093705,0.13129725812169,-0.167319482723,-0.225020579632246,-0.00550109788690322,0.0144579209879017,-0.0367296059497631,0.0273268706073895,-0.062681548965018,-0.0335369063970396,0.120394503210048,0.0932800559560538,-0.078656986106946,0.0548083688819387,0.113653852287316,1,-0.120207370337438,0.147006930520289,0.0890657929145489,0.0171315682116693,-0.0161893094980546,-0.0967292967090428,-0.0968581834420786,0.0388792925483014,-0.046759358231629,0.0755445874846251,0.246767975745087,0.065455857473567,-0.0194841525610004,-0.206232160089941,0.00377868287633673,0.17377229432615,0.293846214486569,0.127622088406403,0.11043343806972,0.0246949182049998,-0.0826414996648453,0.149382628433788,-0.0961262596683167,-0.132118377727254,0.205726746633091,0.231795727575698,0.0127139869674702,0.107604769833223,-0.0141153001097643,0.0551226900993202,-0.0874497284732147,-0.0994604960417501,0.0232735180775825,0.0889351967192143,-0.0209283735700369,0.0288558469206618
"23",-0.0661403578884289,0.0452191366831641,-0.0041092526990434,0.0494227860084823,0.174726039439362,0.122567659157353,0.0608724843232537,-0.00262004319162592,0.140093017923364,0.0547289732494173,-0.0822693572367447,-0.0305667650759025,-0.123875684077873,-0.0800710710178677,0.039783511607309,0.0688838648778567,0.111174335187777,-0.0797077359413858,0.0697642590241113,-0.128698829022656,0.0517257273863597,-0.120207370337438,1,-0.0862064256073744,0.00287819819824498,-0.0488174422311645,-0.0856735016603129,-0.0846897900165586,-0.0592882995491947,-0.0989423189713329,0.0520582917269945,0.116655111852079,0.00720754224146204,-0.281724147868491,0.0102632249518819,0.0718497987833775,-0.0155294060199873,0.0195768810119617,-0.142872182821568,0.127937896205377,-0.0439466442811678,-0.0813102475001975,0.021492567833842,-0.164826658129679,0.0576979454194225,0.123253425825359,-0.0114929867563701,0.0633400683445633,-0.136543966355693,-0.188087710207654,-0.0108312172608053,-0.0164457823349364,0.131146407132392,-1.31926296081368e-05,0.112184460705102,0.15057863401164,-0.0171195936419061,0.00285610637347644
"24",0.149054698079614,0.108100474538805,-0.114257579494028,-0.04537469624467,-0.0190587728685011,0.203964589315321,-0.00860431355526184,-0.156728314539266,0.145453675248888,0.156306301194204,-0.028007763020565,-0.058496657712548,0.0506458912607394,0.00622991969127657,-0.113121402443207,-0.133251651829745,-0.192771113034835,0.0539178830826918,0.118475643259041,0.138025574491787,-0.0693055142241653,0.147006930520289,-0.0862064256073744,1,-0.13555673945878,0.0846391802302914,0.0224139093374796,0.0855309294740439,-0.0249316410243928,-0.0911376670986137,0.0165657059993786,0.0585204949378256,-0.0146911769053584,0.0128518174771235,0.0507261753005555,-0.0821101248998708,-0.155596317233722,0.0939573043966458,0.135722757506343,0.09128434860615,0.0189572622682547,-0.1685322687561,-0.116352081248214,-0.0155163716767612,0.185595118597492,-0.0366987016460909,-0.046403713676843,0.0917207970375029,-0.0688764904105056,-0.142611178227554,-0.155023584764175,0.00776317369441597,-0.0535743254532525,-0.0714656799682395,0.00035591479645169,0.00700609502834395,0.104164262444044,0.0266355926908288
"25",-0.0148103790972105,-0.0261038105160436,0.153723613880099,0.0930377569421339,-0.046704510295656,0.0209244408930873,0.107902531792881,0.268596899899524,-0.125200101004499,-0.201199657412017,0.0304268776099367,-0.0310340268355612,0.0527275219112272,0.0938445962523755,0.149039543262136,0.228607221759093,0.128846736118303,0.167489986181305,-0.245768878531682,-0.105778606305725,-0.0767880436187776,0.0890657929145489,0.00287819819824498,-0.13555673945878,1,0.0738019500594761,-0.0400601860900283,0.0453413872690881,0.0356803243706873,0.245640103056973,-0.244371996950041,-0.105083784656382,-0.015860825567572,-0.0605055538052911,0.0911626611680936,-0.0003951746912161,0.161279471205903,0.0608008285650344,0.123919382114347,0.0117606538864087,-0.0287639506334516,0.0688831594599051,0.176526995258336,0.152644549157535,0.0764331898394597,-0.177574871415884,0.043715307428413,-0.158975198531644,0.0850626286202834,0.209965966709126,-0.0200142784980591,0.0585230541175416,0.263896117552788,0.103278406608252,-0.0534608593448909,0.0951280558314055,0.0365563223502727,0.0581123676088339
"26",0.213657949959926,0.136931102790312,-0.0365987153612909,0.148970646046257,0.10176253986099,-0.130414968826186,0.221547652046781,0.113240883393371,0.0852825202703765,-0.100889010327893,0.0249505303291079,-0.222856891901608,-0.0317645881940991,0.143608775775997,0.117806632848299,-0.0468930402403742,0.0397518931610424,0.179046326190908,-0.1899336079178,0.0286198960955325,-0.144355528106675,0.0171315682116693,-0.0488174422311645,0.0846391802302914,0.0738019500594761,1,-0.10500541784139,-0.196887821874681,-0.0688985005851236,-0.132166984037531,0.13318152579234,-0.04076210270836,-0.25041157531905,0.0772758447117809,0.0260756537297541,-0.0104938751429899,-0.0827627195316541,-0.0636176160889205,0.12790582393396,0.100884896629278,0.0868078809407792,0.109545617011046,0.129680171616307,0.0292225455659017,-0.105908343557552,0.0579044454245975,0.05598210705781,0.0700629389950018,-0.0993146211965991,0.108521061183693,0.139210843805879,0.0654778958239515,0.00145979389794505,-0.125798433644548,0.0402719676451233,0.0478720224990575,-0.0713175628945785,0.0694805952213
"27",-0.0758144037222941,-0.177871305601562,0.0474977460517534,-0.17173699502865,-0.135703591261528,-0.216552616088563,-0.153054272897395,-0.138901906094753,0.0941979108439403,0.0222835106649844,-0.0630443036734638,0.0737968232285225,0.00658043263176615,-0.1037689948766,-0.105383497541644,0.0519784360043835,-0.00835387253178459,-0.127266050592693,-0.00577550761035421,0.00840967785346808,-0.0478622690692355,-0.0161893094980546,-0.0856735016603129,0.0224139093374796,-0.0400601860900283,-0.10500541784139,1,0.0220478370708958,0.0850509718098274,-0.019864919341047,-0.0191479852705998,-0.168136867515762,-0.176208235098028,-0.0731523149498191,-0.113375258448212,0.059145639187149,0.0568384181918054,0.0273254512522606,-0.0918125135876227,-0.147992925725269,-0.129680870823579,-0.200477836640092,-0.187551861343776,0.0264197498648822,0.0335525736764978,-0.0721798284970213,0.0130834382681834,-0.0552674687870729,-0.0577510350257879,-0.0954673211170357,-0.0056460686814073,-0.186536038683196,0.00017134026254255,0.135319113252932,-0.109881876930023,0.065404733879537,-0.0521618105220754,-0.195609463172164
"28",-0.00886612458327284,-0.0761565985704012,0.0535263322225642,-0.103894885219778,-0.126134834375472,-0.0321144720885104,-0.0392849156153102,-0.155936107988771,-0.0140497616438034,-0.0635409350962393,-0.0291115159931452,-0.00094465180566326,-0.0169903755239335,-0.0817462227927922,0.0245692403043805,0.217489108733404,-0.0944286603231658,-0.0742271102886326,0.131209835464197,0.111146046965086,-0.167367809323349,-0.0967292967090428,-0.0846897900165586,0.0855309294740439,0.0453413872690881,-0.196887821874681,0.0220478370708958,1,0.145457871240761,0.144454440199122,-0.107506347477358,0.101658468680395,0.17560665067416,-0.063485458554117,-0.0833764461881843,0.038695532923158,-0.255090538589197,0.00199243786604099,-0.0344709196182531,-0.186690038911646,-0.145569094654673,-0.102427719698375,-0.166046730637007,-0.0449638645543793,-0.0854211464182427,-0.130871799639044,-0.0102906955150007,-0.071783510258152,-0.0772521197903435,-0.0747099041393333,-0.124265802597896,-0.017950550957288,-0.0285284769676765,-0.0086549757980978,-0.192414713523859,-0.131231960326429,-0.0359449884744931,-0.0785986440093294
"29",0.0768632191387689,0.0952243255120735,-0.048946330218595,0.0263893192669314,-0.09519211432292,0.0282765983194419,-0.111263261887331,-0.00604183401402453,0.178346615719381,0.0565271712758715,-0.147606096645432,0.138230633894189,-0.107239642984405,-0.0172322457176847,0.0901756843523322,0.230296263856572,-0.217383749008619,-0.0467055061819776,0.0360980018591978,0.214596472329983,0.187719981531865,-0.0968581834420786,-0.0592882995491947,-0.0249316410243928,0.0356803243706873,-0.0688985005851236,0.0850509718098274,0.145457871240761,1,0.0820897313029435,0.0787967472516464,0.105730840724802,-0.175578681208922,-0.171488714778457,-0.136929746784425,0.115737877920047,0.097888242782518,0.0424827946394632,-0.288090734611098,-0.295204045868631,-0.335554907893411,-0.284560303697622,0.219999520181865,0.26498089527354,-0.101594451800801,-0.0629329046736114,-0.216289209733661,-0.0523326253474464,-0.208336569931787,-0.0710574964044604,-0.101467985899736,-0.0712977266561787,0.0853624807486259,0.0402141457277339,-0.0373315015082429,-0.0660849567347787,-0.142046654187156,0.0443659990840663
"30",0.00869863410693948,0.0836242497568354,0.00311860227400331,0.0379497247588337,-0.0760301126492072,0.105471649631699,-0.205580201876292,0.0957946296487188,0.104890193240978,-0.0929726720912978,0.23821952868228,0.133023897479062,0.377782178049735,0.103960223479831,0.107885955030652,0.283344735531883,-0.024518965242583,0.0690036363626501,0.0562192753442209,-0.0221434855738199,0.0110605682375239,0.0388792925483014,-0.0989423189713329,-0.0911376670986137,0.245640103056973,-0.132166984037531,-0.019864919341047,0.144454440199122,0.0820897313029435,1,-0.145380757983379,-0.0697507956942933,-0.0655667458292684,-0.00047914017339839,-0.251459837598977,0.0316392285399608,0.124261964739468,0.0770799485223066,-0.0943594026128849,0.0391414859893943,-0.132566422882519,-0.0726678420895799,-0.0588222068710806,0.271433251253139,0.0185904304662385,-0.147796814777963,-0.153634769825968,-0.124930236355972,0.16048917284929,0.181658157696854,-0.148538828933786,0.232118902917681,0.116472973618675,0.0453301333499449,-0.0565372400977028,0.091873920414068,-0.171447463638335,-0.0770116207538329
"31",-0.0674557975283078,0.0351203973439023,-0.0467181348195901,-0.014426677008436,-0.0959154712469416,-0.0644222426669415,0.193703136511805,0.0462824118625336,0.207335537432244,0.209406720449682,-0.171856997423113,0.0401639802755455,-0.0710544420658196,0.169891837190057,0.00699155984026624,-0.172249855026651,0.158709791270715,0.00431103158149741,0.63108176909353,0.456488444082348,0.211342585977481,-0.046759358231629,0.0520582917269945,0.0165657059993786,-0.244371996950041,0.13318152579234,-0.0191479852705998,-0.107506347477358,0.0787967472516464,-0.145380757983379,1,0.342060514099024,0.0859846987607578,-0.0199357500003726,0.111967158556799,0.0177740804738748,0.00905387414019566,0.0485045201374714,-0.109167437778353,-0.0661246926393454,-0.00713289184731365,-0.0282877005266635,0.0866110353991752,0.0424661578228213,-0.153194211556468,-0.0188681335171702,-0.044548455104902,-0.145425914428291,-0.103083013262457,0.0738313147855599,0.193550691709806,-0.0524250798108821,-0.158770619882687,-0.182538411240754,0.232437925565178,-0.101642274030292,0.1108718468572,0.291177527253665
"32",0.0554683513130298,0.129516507954016,-0.0726199441695132,-0.0990704877239015,-0.02174412432482,0.108461454609269,0.102548251923175,-0.00551473674086948,0.26203607764117,0.354211066932097,-0.0358520780373568,0.182378023990579,-0.184385041264602,0.147688387458038,0.0923185657524057,-0.0441435085233735,0.0667369302127904,0.00253662960618948,0.336391374059681,0.571169338435253,0.330348178814664,0.0755445874846251,0.116655111852079,0.0585204949378256,-0.105083784656382,-0.04076210270836,-0.168136867515762,0.101658468680395,0.105730840724802,-0.0697507956942933,0.342060514099024,1,0.0225316641766591,0.116467052535335,-0.0596976326800081,-0.150225408350891,-0.0255346032648654,0.0428955937023187,-0.146006971680081,-0.0948317065203916,-0.211983541868512,-0.109884449227636,0.0914645054797702,0.208552613706442,-0.0644945012196844,0.0628652922505778,0.0979598525508496,-0.044849671713628,-0.281515487374571,-0.0117841974391814,0.0252571463753959,-0.0049370116416219,-0.20548142246979,-0.146632410438952,0.0270758195886732,0.0553921391145648,0.113173515575771,0.242625176538718
"33",-0.0593003030370259,-0.0832524159047428,0.114061895850422,-0.168954736316271,-0.0460318899933986,0.00483717236876929,0.185310220816325,0.0807804264852845,-0.158939316222032,-0.0386326348074017,0.0946723314640688,-0.0952816985171103,0.078446710342358,0.041771037778583,-0.120123206672755,0.0458992821000676,0.165654609584511,0.21344997099284,0.0386389796897926,-0.0610670182075043,0.0165724139644038,0.246767975745088,0.00720754224146204,-0.0146911769053584,-0.015860825567572,-0.25041157531905,-0.176208235098028,0.17560665067416,-0.175578681208922,-0.0655667458292684,0.0859846987607577,0.0225316641766591,1,-0.0166600159447929,0.281303725535269,-0.0172351536675188,-0.0540933690304774,0.174255946884515,0.199184571718414,0.176082568821313,0.269627333630677,0.274710523193496,-0.0235463986692788,0.00797756282776936,0.00109388341443324,-0.0311695727709253,0.257341207163349,0.238037360931236,0.238157542144802,0.151907933888109,0.106154069673477,0.00042189867352701,-0.0002669174634738,-0.0320985527623572,0.163474821238957,-0.0243908377576805,0.0514109885497296,0.0262648613080372
"34",0.122067188021024,0.133062099916428,0.0269421256907421,-0.161042414844576,0.105226486894973,-0.0530569239880307,0.140909335916052,0.130360765315544,-0.0742286029202318,0.0207942828862767,0.207869608592927,0.0166660065272055,0.132533435097907,0.0378210013242534,-0.00883777905327714,0.0926710894445464,-0.0518389800731289,0.0618808934606596,-0.0724400117267846,0.115305714903965,0.0776706379082429,0.065455857473567,-0.281724147868491,0.0128518174771235,-0.0605055538052911,0.0772758447117809,-0.0731523149498191,-0.063485458554117,-0.171488714778457,-0.00047914017339839,-0.0199357500003726,0.116467052535335,-0.0166600159447929,1,0.00346644327890329,0.017804381341865,0.077654812169495,-0.00152858409625574,0.298097441284049,0.328379694182714,0.280082042119659,0.271914547525198,-0.027174660296211,0.0583797526835799,0.0338698150577263,0.0159088768578815,0.202465822225448,0.0201127169338481,0.126882703064045,0.252492896372647,0.170605564055539,0.0279248482632087,-0.106489115452447,0.00474927526196462,0.064379559378769,0.038418999373173,0.102690851715847,0.00262117710667861
"35",-0.226878627624242,-0.179106486861546,0.145266127449064,-0.0663448389067673,-0.0111311138430415,-0.0938399924726307,0.51359842692568,0.149415752249085,-0.159870504867922,0.075543925469078,-0.0171298988232517,-0.166456347382778,-0.0585980401650084,0.0921185459373592,0.191638658703766,-0.135139646539768,0.100356308161339,0.159933469770282,0.0176995633500554,-0.0765290226194204,-0.00631565938292072,-0.0194841525610004,0.0102632249518819,0.0507261753005556,0.0911626611680936,0.0260756537297541,-0.113375258448212,-0.0833764461881843,-0.136929746784425,-0.251459837598977,0.111967158556799,-0.0596976326800081,0.281303725535269,0.00346644327890329,1,0.0742131021563644,0.308111265447757,0.242263252136042,0.155053894564054,0.110244673647992,0.174021382181369,0.147378156468584,0.00675649702456029,0.0194119047223874,-0.0663047160128799,0.00878374251581244,0.161601563616078,0.130103794503515,0.148866756656267,0.0457838854740408,-0.0124938016221813,-0.146094398016658,0.10774865994726,-0.0941428804404994,0.0301351423129151,-0.0788121764904519,0.235457933618998,0.0999004030291809
