"","l_Insular.Cortex","r_Insular.Cortex","l_Amygdal.Area","r_Amygdal.Area","l_Bed.Nucleus.of.the.Stria.Terminalis","r_Bed.Nucleus.of.the.Stria.Terminalis","l_Hippocampus","r_Hippocampus","l_Orbitofrontal.cortex","r_Orbitofrontal.cortex","l_Entorhinal.Cortex","r_Entorhinal.Cortex","l_Frontal.Association.Cortex","r_Frontal.Association.Cortex","l_Globus.Pallidus","r_Globus.Pallidus","l_Glomerular.Layer.of.the.Accessory.Olfactory.Bulb","r_Glomerular.Layer.of.the.Accessory.Olfactory.Bulb","l_Glomerular.Layer.of.the.Olfactory.Bulb","r_Glomerular.Layer.of.the.Olfactory.Bulb","l_Granule.Cell.Level.of.the.Cerebellum","r_Granule.Cell.Level.of.the.Cerebellum","l_Hypothalamic.Region","r_Hypothalamic.Region","l_Entorhinal.Cortex","r_Entorhinal.Cortex","l_Vermix.Molecular.Layer.of.the.Cerebellum","r_Vermix.Molecular.Layer.of.the.Cerebellum","l_Lateral.Molecular.Layer.of.the.Cerebellum","r_Lateral.Molecular.Layer.of.the.Cerebellum","l_Anterior.Olfactory.Bulb","r_Anterior.Olfactory.Bulb","l_Posterior.Olfactory.Bulb","r_Posterior.Olfactory.Bulb","l_Subiculum","r_Subiculum","l_Perirhinal.Area","r_Perirhinal.Area","l_PreLimbic.System","r_PreLimbic.System","l_Primary.Cingular.Cortex","r_Primary.Cingular.Cortex","l_Primary.Motor.Cortex","r_Primary.Motor.Cortex","l_Retrosplenial.Cortex","r_Retrosplenial.Cortex","l_Secondary.Cingular.Cortex","r_Secondary.Cingular.Cortex","l_Secondary.Motor.Cortex","r_Secondary.Motor.Cortex","l_Striatum","r_Striatum","l_Ventral.Tegmental.Area","r_Ventral.Tegmental.Area","l_Substantia.Nigra","r_Substantia.Nigra","l_Thalamus","r_Thalamus"
"1",1,0.46106248473913,0.0938757060772704,-0.0479904154346587,-0.106740824959148,0.079712493752107,0.11432410302075,-0.0286795812647256,0.195117587493742,0.146280834114499,0.168235974341805,0.112479825283339,-0.0243576431275078,0.17076015626109,0.0358387955682584,0.283737697951524,-0.00739182844396152,-0.175879723010971,0.0607409923465779,-0.272375254209247,0.036574577802153,0.0195598715953644,0.124260256738949,0.040635821037299,0.29798034330461,-0.0256289546105867,0.138868410760078,0.013709660211751,0.0160437558156204,0.11232650013253,0.147047949611059,0.037480530330447,0.163561486136959,0.122340106813937,0.00838827622773589,0.0929826503254544,-0.00555628212376528,-0.0760682633100739,0.111081234103492,0.100317273088827,-0.0453906433512439,0.0448907214918113,-0.0849616226500396,-0.325704124955021,-0.0173333996099569,-0.0537193868277766,-0.173972030034426,-0.176130564742174,-0.0671336229228062,0.0067545058704254,0.0710911734574542,0.166864136310335,0.0762421895161944,-0.0292394258619735,0.0583773016862205,0.0581619444471702,0.012480221246085,-0.129154607143464
"2",0.46106248473913,1,-0.0521086410815274,0.0406945652072459,-0.125808578419606,-0.159810049441845,-0.136855669334538,0.00715473414277007,0.219709564585252,0.326122571778315,0.0279952197313496,0.104492075323797,-0.0388801493573523,-0.176714133512777,0.0132950920847752,0.170806478964788,-0.142345376918161,-0.174221840653677,0.0260640857533529,-0.131508017601502,-0.00412373625190413,0.00893443413327732,-0.0160506896064265,0.230420979902441,0.151526881510125,-0.117745898958504,0.151497412524188,-0.0937107835617335,0.0665823410435084,0.0674551467075118,0.17373728493973,0.118954669844474,0.168644524690286,0.0811984199708795,-0.219457104352471,0.0333321499453623,-0.123814670279083,-0.0418995107125156,-0.0216224284622297,0.116877060441416,-0.15044847506486,-0.090880747629554,-0.212795163591376,-0.0281346467950497,-0.00654717635965525,0.0486638783573067,-0.0557141806509605,-0.146691725014447,-0.132661479788247,-0.157514352984035,0.139326250000505,0.176847541682464,-0.0405995869635753,-0.0328946255336752,-0.018433270313499,0.0328122532395721,-0.0620217311737694,-0.141757283600025
"3",0.0938757060772704,-0.0521086410815274,1,0.0155534900010131,-0.197796744496452,0.122374605492853,0.15917372691179,0.297994753707893,0.011133739516643,-0.0159937108594882,0.084554351061613,0.178377055680218,0.0221907189171876,0.142011166593166,-0.0553765606921196,-0.0341954194334025,-0.0406243031867027,-0.0781492920311548,0.137768096502031,0.111396074764595,0.0126616204186767,0.0707312900936155,0.132137360798449,0.110223710505227,0.211244703601835,-0.0624778782082858,-0.117211858969095,0.022456869680219,-0.159757746835686,-0.218623409401708,-0.0581269796922085,-0.0954142048156521,-0.0404159281999886,-0.0676394930363143,0.271877039332227,0.105512799246046,0.0116035944021737,0.0142951938782993,-0.167247527811917,-0.0908895815284157,-0.115437987028512,-0.175168898081471,0.00453056670353799,0.0848618245250348,0.0591306996339071,0.0605929340954315,-0.0362744461979534,0.0171998244449845,0.0563308443420899,0.0271553772715714,-0.0591025262719715,-0.0713955929341449,-0.0643508214487221,0.0434164269663657,-0.0554784497305574,-0.240047204753044,0.161135661888739,0.0308853919697615
"4",-0.0479904154346587,0.0406945652072459,0.0155534900010131,1,-0.0422035315380083,-0.0790244962769622,0.0230137965992363,0.0565180560303554,-0.24254497380641,0.0710189116521786,0.0649109993555917,0.166969721137793,-0.0278954296215387,-0.0237428714699698,-0.13084354454294,-0.0364859678661286,-0.00055811088307194,-0.1145804780658,-0.052389357642044,0.16474800688214,-0.0315806927935703,-0.0555859810467563,-0.0186631734518347,0.0033838834580993,0.078648573603169,0.108866435113148,0.107522784460124,0.0208066048758726,-0.00356284850707664,-0.0913114430120001,-0.223212587394021,-0.121769673790882,0.0529404218074322,0.0927108694299139,-0.136613570820421,-0.183794844629342,-0.153707948158339,0.0507147636927762,0.064620091923508,0.245912127939018,0.10827828370786,-0.0393775621307098,0.0205222315331876,-0.0257987336689397,-0.0021773354550171,-0.0741110031199167,0.0482740030266432,0.0113596270637386,0.0807714718690051,-0.141068461246661,-0.102518149522617,-0.0122751222126674,0.0245370560216482,0.0379706192418589,0.106126347803499,-0.038622908729068,0.104814829497095,-0.203567633745771
"5",-0.106740824959148,-0.125808578419606,-0.197796744496452,-0.0422035315380083,1,0.0240014937825543,-0.112643611915665,-0.0971148918414505,0.0194817527540087,-0.0270174978840669,-0.0576621330321689,0.110343488423464,-0.114067176240627,-0.1207396753238,-0.0157393024670918,0.0511545121668627,-0.0861098964426264,-0.104976493136905,-0.044174913952506,0.0328801996558121,-0.193970016284323,-0.017620669215558,0.13308318600103,-0.0535054489534159,-0.122973950764798,0.235154909644393,0.0177320393822495,0.159264026251344,0.0924002214103263,0.11087062220716,-0.115667380295323,-0.0285745412205301,-0.0238040256357769,0.183904604252569,0.0128679016568305,0.047202526617122,-0.0589034658215817,-0.0756584073524665,0.0511690109799079,-0.0619009538906009,-0.0344845219921114,0.0920337515260334,-0.015658171084913,-0.0695073562980729,-0.031958328042691,-0.0677682572997008,-0.0218535796445321,-0.0488892995893754,-0.162673648552693,0.097661975990187,0.0137875083119105,0.024472057529468,-0.0486592836571282,-0.131571941591602,0.111044463395628,0.117605917701736,-0.0656115675256591,-0.129596793963935
"6",0.079712493752107,-0.159810049441845,0.122374605492853,-0.0790244962769622,0.0240014937825543,1,0.23540034101835,0.170477998677407,0.0220857499990338,-0.24847133427484,0.0560538727104163,0.0925607055487121,-0.065493558136953,-0.0995324182423998,-0.0718920540638763,0.0396979682115678,0.0650344449238255,-0.108381993593726,0.045809174865819,-0.0011599463990175,-0.146560430093871,0.0673403506942252,0.0253698543398485,-0.0328138493136365,0.0164627668257278,0.133228698358987,-0.010593106071897,-0.116096808574776,0.00665026815489178,-0.131347498493498,-0.0299278647113153,-0.151547059988085,-0.0672760337913002,0.101959083665857,0.247542017255655,0.0530047157370532,0.207356445371311,-0.114217455341085,0.0411807936538593,0.00597011010392136,0.167606124111385,0.00673482423271134,-0.112881271280165,-0.0839398060214415,-0.0293999161607282,-0.186929643906528,0.0156021773977043,0.0322742132236945,-0.100638599786342,-0.00435790775581805,-0.0195922850057901,0.0100689513057558,-0.00497907898596075,0.0026704202311515,0.00744002273919762,-0.194236839260704,0.0917481062010138,0.203185919784531
"7",0.11432410302075,-0.136855669334538,0.15917372691179,0.0230137965992363,-0.112643611915665,0.23540034101835,1,0.227323461822205,-0.0430341416091111,-0.201046567019994,0.0873356904103947,-0.107616029155735,0.0161998635896311,-0.132935005616168,-0.0679836691040072,-0.152241949647117,0.159560129983583,0.0422416568577826,-0.0603001514077303,0.0884431060284354,0.0602841847693885,0.0750746037014501,0.0828992801392923,-0.0551355900574062,0.0229697114158751,0.104202657585125,0.106521162323207,0.188457001262246,-0.206763198290197,-0.0854759933354309,-0.111558863854154,-0.011106588993588,-0.0921391562467761,-0.0403953666890744,0.405373295167969,0.0527406871276014,0.0601718428353022,0.0550400754566188,-0.0715368369031613,0.00211921259767527,0.114622373840642,0.09241175991239,-0.141185975631702,-0.133146849337764,0.124807536949415,0.0610010810577825,-0.0491523693974314,0.131119820162191,0.0485218451913374,-0.157710727602513,-0.239695148270189,-0.0919351423850201,-0.025977375920071,-0.052692212291907,0.0840314078951263,0.0474200285529318,0.105442423579057,-0.0125377192462118
"8",-0.0286795812647256,0.00715473414277007,0.297994753707893,0.0565180560303554,-0.0971148918414505,0.170477998677407,0.227323461822205,1,-0.120029066724677,-0.023956757027368,0.224539953591293,0.204419964606629,-0.205881855551236,-0.0760014751819333,-0.122237265458479,-0.162198127060331,0.097092497014441,-0.0844323939921393,0.0292701935709604,0.13737415792367,0.151655671839258,0.0608654543512662,0.0681137207012613,0.138379943429033,0.177523562367295,0.0239972691686354,-0.0488767079076948,-0.0571911772770352,-0.0930189339969822,-0.365961829906464,0.0680471961981994,-0.0541288915287077,-0.0216365429456627,0.151013021787299,0.197284522174993,0.20817190303447,0.0520560361489345,-0.00952636477064142,-0.0883597595027253,0.173394258459165,-0.163788388690391,-0.27633433252062,-0.0879199338991709,-0.21646267146868,0.110293376655394,-0.128312072441053,-0.168589297417291,-0.026242634981092,-0.236647688779058,-0.287003006118934,-0.159366132455158,-0.140945114106243,-0.0011520652653192,0.109612503253195,-0.0069654060022449,0.00764384154644408,0.12040515776668,0.026968344051282
"9",0.195117587493742,0.219709564585252,0.011133739516643,-0.24254497380641,0.0194817527540087,0.0220857499990338,-0.0430341416091111,-0.120029066724677,1,0.330397006412336,-0.00375296921136284,-0.0894869584160765,0.302085584577712,0.0147323948966847,-0.025633742253567,0.0284233345768585,-0.300439836290443,0.00868074628762734,0.0638046730571076,-0.123548056099934,0.0485522530199212,0.0655151706003031,-0.140238420171762,-0.00869578096615313,-0.104701996890349,0.0696957233150132,0.0742283909529539,0.077796303442715,-0.0487289079125572,0.0664430748515648,0.0500172592523147,-0.0438949665136591,-0.146493643285673,0.059759721244128,0.0134073987240934,-0.0934073193362409,-0.0358409547760823,-0.0992119409275987,-0.214442566296666,-0.136173649758475,-0.253359934234304,0.0274415883417984,0.247587928097124,0.137256791281459,-0.027958539151145,-0.145438825672801,-0.179683546441588,-0.0732005576175216,0.0803723105092606,0.226932395172342,0.115231659494216,0.324603490187019,-0.142417962709527,-0.0741857215102013,0.0219951864566558,-0.215432500894097,-0.127399938614444,0.0999941246668458
"10",0.146280834114499,0.326122571778315,-0.0159937108594882,0.0710189116521786,-0.0270174978840669,-0.24847133427484,-0.201046567019994,-0.0239567570273679,0.330397006412336,1,-0.117547520181369,-0.113795466542925,0.12779093662924,0.0579919044409107,0.107046063454387,0.15011514115799,-0.442796143558369,-0.296748463092493,-0.0209016897367506,-0.0149929065121244,-0.0168320568188273,-0.0239520611126813,-0.0707449146066898,-0.0879817360055227,0.011016329163643,-0.182506722811199,0.0995790175774527,-0.13767250585007,0.0255964476483552,0.0473016076512526,-0.0679967747480069,-0.0278126934762945,-0.272907945854664,-0.00458171160885778,0.00588059902238692,0.130606765667571,-0.0621782772843094,-0.0619166663728622,-0.122315594353934,0.154028719529796,-0.445969510864494,-0.0671313276731748,0.113178311217686,0.119561936629111,0.035055426458699,0.0479487482807584,-0.118820408240198,-0.120452066847267,-0.131605748184798,-0.0895578335417182,0.102598871630736,0.170342177729195,0.171339484810775,-0.0552225848387832,0.00543005917678199,0.0321849158372761,0.0301049630500361,-0.18025240528377
"11",0.168235974341805,0.0279952197313496,0.084554351061613,0.0649109993555917,-0.0576621330321689,0.0560538727104163,0.0873356904103947,0.224539953591293,-0.00375296921136284,-0.117547520181369,1,0.349905941718184,-0.199021466869932,0.165802113513466,0.0068729356094553,0.0267708358904276,0.122715942503055,0.0710999450182333,0.128986612977771,0.0424945387101945,0.188051792266611,-0.0814332304360759,0.018144538853286,0.307942324422207,0.117672278352193,0.0688789993621588,-0.0127655977057208,0.10434763460771,0.109145935060953,0.0944245429555487,0.185375120994161,0.0541764450530103,0.195896569829313,0.184398852943684,0.00913369638963334,-0.0651922362950372,0.00377716543866848,0.139439084231289,0.167120163980115,0.233383567405803,0.0966356511796868,-0.00489198962055971,0.0247844506880157,-0.320611707295009,-0.0242209999818934,-0.126564830468943,-0.0225416646265041,0.0149758183753674,-0.074788141584985,-0.0494363137234448,0.14534902171084,0.0372938145939983,-0.118611704340016,0.156424011698719,-0.090335802542671,0.117161223166923,0.15100688750326,-0.182752155871376
"12",0.112479825283339,0.104492075323797,0.178377055680218,0.166969721137793,0.110343488423464,0.0925607055487121,-0.107616029155735,0.204419964606629,-0.0894869584160765,-0.113795466542925,0.349905941718184,1,-0.189073586912827,0.126059129981282,-0.0604467248054578,0.145569392863829,0.20951655231309,-0.203610769211181,0.166175776725999,0.1672415726371,-0.0791539893455202,-0.0784042794641496,0.185555338347233,0.271792844897384,0.091191460889493,0.0209740170090164,0.0773209679514856,-0.00110576757024452,-0.0545154671189667,-0.038902392652618,0.139803526844328,-0.157056221458529,0.200640464104488,0.128618654120005,-0.0402093651438288,-0.0338808882068118,0.0768636403190613,-0.0258325794919136,0.180968022262321,0.144159772815274,-0.0182163904616224,-0.121611410029634,-0.0863558880259285,-0.178605710545397,-0.10026881968149,-0.160254982525161,-0.00298610312466451,-0.0976250305769398,-0.127130926564282,-0.132238527281339,0.17466658290797,0.113272960164372,-0.0103407461639853,0.211759724006656,-0.0784993777446858,0.0478264679864287,0.142928828774577,-0.0367379929048965
"13",-0.0243576431275078,-0.0388801493573523,0.0221907189171876,-0.0278954296215387,-0.114067176240627,-0.065493558136953,0.0161998635896311,-0.205881855551236,0.302085584577712,0.12779093662924,-0.199021466869932,-0.189073586912828,1,0.196248896263775,0.0368736855045852,0.0106274976756341,-0.0918434406241532,-0.00268000324661072,-0.148543716835276,-0.0643389690411655,0.00642521185685435,0.104651556185154,0.0830876686710655,-0.0339776552632983,-0.0664139957966193,0.0558429594821667,0.123362535526589,0.0811502569423068,0.0254130593271083,0.136947019981275,-0.23496251018792,-0.04514360019857,-0.418820315314441,-0.275425700146358,0.0181211530275223,-0.135001547960579,-0.0880170547460366,0.0543544591893319,-0.106420855251146,-0.108024320624662,-0.0475432966243109,0.0970731882304524,0.24502038472112,0.116411428648417,-0.11240016636046,-0.147063088341455,0.159495673987423,0.163196592355275,0.599843265198613,0.300036109215851,-0.0588481209717959,0.266637189169288,-0.0958196673943131,0.00657427793863204,0.0645677047378051,-0.116696866293729,-0.175469021715936,0.0858022798537665
"14",0.17076015626109,-0.176714133512777,0.142011166593166,-0.0237428714699698,-0.1207396753238,-0.0995324182423998,-0.132935005616168,-0.0760014751819333,0.0147323948966847,0.0579919044409107,0.165802113513466,0.126059129981282,0.196248896263775,1,0.0842674136296436,0.0544130313853694,-0.0842259473373246,0.136591737472492,0.0368827904654473,0.0332961921725447,0.011919526623962,0.128120594127998,0.245907446171978,0.214609266680054,0.080866716993836,-0.0161984379949143,-0.0813213782693045,0.0817196446695076,0.0520993852492585,0.210684758425572,0.0220153709114404,-0.0830433141790708,-0.0147768353630677,-0.168670585631222,-0.0951704956433907,-0.0840955313953771,0.0904664537724569,-0.0196683550911953,0.0120191345927592,0.179368977231212,-0.0738807163397682,0.0328262728571481,0.114637185715254,-0.13111677156994,-0.223411537815263,-0.116131755344851,0.0118558864608584,-0.0272124796598213,0.161207398525514,0.610279191458993,0.0150695285994849,-0.00629884716924551,0.0565580098039402,-0.00996709364893191,-0.116227457945852,0.0806275062242562,-0.0043629642853513,-0.0159073948330243
"15",0.0358387955682584,0.0132950920847752,-0.0553765606921196,-0.13084354454294,-0.0157393024670918,-0.0718920540638763,-0.0679836691040072,-0.122237265458479,-0.025633742253567,0.107046063454387,0.0068729356094553,-0.0604467248054578,0.0368736855045852,0.0842674136296436,1,0.0964383497206668,-0.0998767448288558,-0.078799852604472,0.0411937269820587,0.0186830857832724,0.10286609128605,0.109233455752279,-0.00782370405329452,-0.0819751405413569,0.0262335695972273,-0.111388491225474,0.144640101785488,-0.167183487401958,0.202438206623823,0.157315936221196,5.1394445162556e-05,-0.0226251496207414,0.0621366184961917,-0.0980795052722166,-0.0546627550126403,0.0767616449742615,-0.0244547394754281,0.0143353016240033,-0.195499704005953,-0.009682479538221,-0.0141720312802589,-0.00765779358839147,-0.103510505064308,0.0715357987059952,-0.0562923648937719,-0.0492187259934198,0.0743758735488314,-0.104045684289457,0.0416535495760149,0.134534474497267,0.0457651363555693,0.0354958744397411,0.234973524645297,-0.0405895864524083,0.0255048834030751,0.0813791002175434,-0.141232604972933,-0.0883968322660702
"16",0.283737697951524,0.170806478964788,-0.0341954194334025,-0.0364859678661286,0.0511545121668627,0.0396979682115678,-0.152241949647117,-0.162198127060331,0.0284233345768585,0.15011514115799,0.0267708358904276,0.145569392863829,0.0106274976756341,0.0544130313853694,0.0964383497206668,1,0.0231004541029984,-0.0489218585235757,0.129371836262477,0.0165917061855356,-0.0572037384038091,0.103683030141967,-0.105155338887615,-0.136672080583112,-0.0167554694425134,-0.141676300484322,0.0565794292925896,0.130511992765132,0.117930056701971,0.105485194453792,0.0466459718606073,-0.165698395369014,0.0358663868382969,0.0504652350665131,-0.146975102019463,0.0163263121578437,-0.0406260138550509,-0.03646728410796,0.141468362799521,0.151383153344633,-0.0418544459640759,0.0285069479108359,-0.101922136746597,0.0146933426051629,-0.128208735411172,-0.156478889447691,-0.00918345043014801,-0.100507373380045,-0.159362166281418,0.094137430487271,0.0683982778930532,0.189480418026299,0.20108636052874,0.0374300042547396,-0.167624942034595,0.046250227619268,-0.00560527249322833,0.0818702568349835
"17",-0.00739182844396152,-0.142345376918161,-0.0406243031867027,-0.00055811088307194,-0.0861098964426264,0.0650344449238255,0.159560129983583,0.097092497014441,-0.300439836290443,-0.442796143558369,0.122715942503055,0.20951655231309,-0.0918434406241532,-0.0842259473373246,-0.0998767448288558,0.0231004541029984,1,0.145658018124725,0.11456254077662,0.0717000718157859,-0.0434770347608687,0.0448415982185568,0.028660466770386,0.125699591498781,0.160691311607376,0.069964050533142,-0.0704961701374506,0.00968382765647606,-0.00097371734884909,0.0157498825597445,0.184002559717533,0.0418097953720257,0.204633737878044,0.0264089920847405,0.0382510011116646,-0.0917609862370409,0.13166617389823,-0.064745586377098,0.19629457499533,0.0537705923506561,0.314680805412868,0.00981607496929066,-0.21078688049669,-0.122846350560791,-0.0482739883418965,0.108750259482592,0.0879445992358478,0.107369326321206,0.0978519612377241,-0.183435344355695,-0.0612924038225607,0.0473640604143335,-0.101009420393993,0.109141955015629,-0.155162337483188,0.115117905762418,-0.10834349689799,0.177480505487242
"18",-0.175879723010971,-0.174221840653677,-0.0781492920311548,-0.1145804780658,-0.104976493136905,-0.108381993593726,0.0422416568577826,-0.0844323939921393,0.00868074628762734,-0.296748463092493,0.0710999450182333,-0.203610769211181,-0.00268000324661072,0.136591737472492,-0.078799852604472,-0.0489218585235757,0.145658018124725,1,-0.0432762215254209,0.131064721138578,0.135760191722529,0.0906730749792191,0.0586874915375317,0.0442541490877371,-0.151702980002408,-0.036725012893119,-0.16811284903663,0.127594189611568,0.0256192930458894,-0.0275950943291167,0.0364693690284887,0.0569339951238904,0.0787778559149245,0.0440617009433099,-0.123900640704032,-0.0797087274195868,-0.104364064628843,-0.127343521291372,-0.0460318242593166,0.0813953343198134,0.197494801581383,0.232854419463511,-0.0377766632317854,-0.0720653376938675,-0.119982056263327,-0.0221531547957838,0.00595157730303673,0.0831312834126364,0.0891359347306617,0.274975801140848,0.076654550624434,0.0178528506616856,-0.10019237260876,0.0477212994025146,-0.233448462215454,0.128360954176596,0.0043483609906919,0.136532671421684
"19",0.0607409923465779,0.0260640857533529,0.137768096502031,-0.052389357642044,-0.044174913952506,0.045809174865819,-0.0603001514077303,0.0292701935709604,0.0638046730571076,-0.0209016897367506,0.128986612977771,0.166175776725999,-0.148543716835276,0.0368827904654473,0.0411937269820587,0.129371836262477,0.11456254077662,-0.0432762215254209,1,0.259063885581688,-0.0293757555965302,-0.0665273704834324,-0.166640794872536,0.174874161043082,-0.0709583904508347,0.0771788231167344,0.0539326013932021,0.163836067474725,0.0243430976805197,0.0184818753499263,0.331414599192257,0.0716171103411134,0.0499070845511868,0.0385126088855282,-0.0375199171909481,-0.311254681887164,0.0952234000688966,-0.0531849720752846,0.0998412459271626,0.149493756679763,0.164102622668005,0.176502020009965,-0.0849587215016179,0.0569872944165151,-0.160324108367421,-0.0723764785840917,0.210546078006436,0.0783462015052696,-0.105046842214623,0.0659372488689926,-0.0516639795262265,0.221534592671932,-0.05527762505374,0.0386750783080743,-0.0184952556836105,0.0540040558995877,0.204139250324275,-0.0850495603837317
"20",-0.272375254209247,-0.131508017601502,0.111396074764595,0.16474800688214,0.0328801996558121,-0.0011599463990175,0.0884431060284354,0.13737415792367,-0.123548056099934,-0.0149929065121244,0.0424945387101945,0.1672415726371,-0.0643389690411655,0.0332961921725447,0.0186830857832724,0.0165917061855356,0.0717000718157859,0.131064721138578,0.259063885581688,1,0.00983656680316138,0.0200436188549748,-0.0675691143103865,0.177576062836558,-0.187587104718426,-0.0171704330073794,-0.0622017291377026,0.0168085207042499,0.0690502178860792,-0.0444199609215777,0.0348547011002828,0.0480218647352113,0.0765135976823056,0.198278002892232,0.0259058263251551,-0.200204708805216,-0.049942708305592,-0.144338421536751,0.0128027888125202,0.210523647550627,0.189633144521133,0.133942096283565,-0.128641841836146,-0.122162689230363,-0.171970085208756,-0.155947278306914,0.0978486148691128,-0.0912579074951631,0.0191395787874559,0.00087004118702448,-0.128110139925107,0.059980730235755,0.0606916460364158,-0.0679743106266775,-0.10224506543508,0.021417889466928,0.235167402209258,0.106289461415473
"21",0.036574577802153,-0.00412373625190413,0.0126616204186767,-0.0315806927935703,-0.193970016284323,-0.146560430093871,0.0602841847693885,0.151655671839258,0.0485522530199212,-0.0168320568188273,0.188051792266611,-0.0791539893455202,0.00642521185685435,0.011919526623962,0.10286609128605,-0.0572037384038091,-0.0434770347608687,0.135760191722529,-0.0293757555965302,0.00983656680316138,1,0.122100382919418,-0.0218106047914498,-0.00388844155386305,-0.0943184762164593,-0.191749162744819,0.177400992328291,0.035542416912049,0.0117478582194742,-0.0833763760199995,0.159106891546879,0.043421773685667,0.0864219379602588,0.0740825426455265,-0.0874594825328091,0.133435684218164,-0.160005518172742,0.134908112497655,-0.0622148104665857,0.0946146376999925,0.017998088590867,0.0610502528173865,-0.0188795892506788,-0.175730917588998,-0.0577644213399312,-0.0438563905926137,-0.250641749078636,-0.0856726799540786,0.0433778150409216,-0.0226812340291558,-0.0342841530672506,0.0964528265532841,-0.0174358988952933,0.151066194842116,-0.0557980694264111,0.0603062186410437,-0.0266244479274429,-0.047352998798333
"22",0.0195598715953644,0.00893443413327732,0.0707312900936155,-0.0555859810467564,-0.017620669215558,0.0673403506942252,0.0750746037014501,0.0608654543512662,0.0655151706003031,-0.0239520611126813,-0.0814332304360759,-0.0784042794641496,0.104651556185154,0.128120594127998,0.109233455752279,0.103683030141967,0.0448415982185568,0.0906730749792191,-0.0665273704834324,0.0200436188549748,0.122100382919418,1,0.0148127460782266,-0.101573196733219,0.0224447823472079,-0.0808537456213521,-0.0805475036932956,0.176067268141155,0.0491299057598611,-0.0286147739362102,0.00767148770408914,0.0781725931381368,-0.217756689564718,0.108273923956582,0.0984783644992287,-0.0329513417363485,0.14443365622976,-0.063799000089706,-0.0670271059404104,-0.0420415453898772,0.00455779441977299,0.0821055042182729,0.00953250652019489,0.0399443042568126,-0.00419456240370151,0.0246995199874106,-0.00917961947441484,0.0339374370786574,0.030666453738675,0.113185113353187,-0.141527148578861,-0.00290481047824912,0.181321893485394,0.0667135825399923,0.127255272927046,-0.106897448353929,-0.169541898306849,-0.00217668585217549
"23",0.124260256738949,-0.0160506896064265,0.132137360798449,-0.0186631734518347,0.13308318600103,0.0253698543398485,0.0828992801392923,0.0681137207012613,-0.140238420171762,-0.0707449146066898,0.018144538853286,0.185555338347233,0.0830876686710655,0.245907446171978,-0.00782370405329452,-0.105155338887615,0.028660466770386,0.0586874915375317,-0.166640794872536,-0.0675691143103865,-0.0218106047914498,0.0148127460782266,1,0.179361163130334,0.210075326635657,-0.0205605220628167,-0.119921243649533,0.0565516921767445,0.0460906873730816,0.151213295662645,-0.208071884947865,-0.084065538032334,0.0155962759379612,-0.072703671500306,0.169510405501932,0.127521108362116,0.0838473645699287,-0.0188513850772843,0.105226243705354,0.0734913190567731,0.0624162151851742,0.083839794661243,-0.201581357495512,-0.199209125857537,-0.0207420739056286,0.0923864298592501,0.0768653086869755,0.149706179009869,0.019659177605232,0.00838731179094205,-0.0544630725426847,-0.140374339626925,-0.0738350828057059,-0.0393810282274388,-0.0784044508450634,0.0591599480842539,-0.0569661013588187,-0.0358302910929776
"24",0.040635821037299,0.230420979902441,0.110223710505227,0.00338388345809929,-0.0535054489534159,-0.0328138493136365,-0.0551355900574062,0.138379943429033,-0.00869578096615313,-0.0879817360055227,0.307942324422207,0.271792844897384,-0.0339776552632983,0.214609266680054,-0.0819751405413569,-0.136672080583112,0.125699591498781,0.0442541490877371,0.174874161043082,0.177576062836558,-0.00388844155386305,-0.101573196733219,0.179361163130334,1,0.157676392308721,0.113985555395515,0.0728855672278617,0.05651671272473,0.262605882758365,0.0526025154280434,0.0994384815024407,0.216246369963742,0.109202595743536,-0.0185885877470804,-0.147943759369615,-0.0824284836902206,0.036260135378198,-0.0423742117759736,0.0943352527005235,0.171358906092078,0.160830935816354,0.116720568245341,-0.169882603193558,-0.20892604664187,-0.145957270443908,-0.0430519042471995,0.194749262970917,-0.0428623791549617,-0.0246103039535686,0.122235722856027,-0.0919704212036621,-0.0174737886219455,-0.117200254187874,0.031583405183918,-0.189583074590519,-0.0374807868796813,0.0639463673039324,0.0111936805396706
"25",0.29798034330461,0.151526881510125,0.211244703601835,0.078648573603169,-0.122973950764798,0.0164627668257278,0.0229697114158751,0.177523562367295,-0.104701996890349,0.011016329163643,0.117672278352193,0.091191460889493,-0.0664139957966193,0.080866716993836,0.0262335695972273,-0.0167554694425134,0.160691311607376,-0.151702980002408,-0.0709583904508347,-0.187587104718426,-0.0943184762164593,0.0224447823472079,0.210075326635657,0.157676392308721,1,-0.227184917922889,-0.0422677929447811,-0.0943604831861922,-0.112171963046668,0.0480532461925161,0.0742659329439375,0.114327019847559,0.163111507905508,0.0327768910342146,0.0281861484075243,0.228154523623622,0.0602682522676025,-0.0204336805171141,0.149717198197914,-0.0367056106935658,-0.0612736133593011,-0.149565625998553,-0.120854002858356,-0.0658062280457137,-0.0102326409012321,0.0345491788008402,-0.123851011954902,-0.105047712598469,-0.052649616192646,-0.110853999956351,0.0372417181457349,-0.135452639923031,0.167219652485238,0.0952392803509202,-0.0155520824131697,0.0619600050900668,-0.162592820350516,-0.0356550022525391
"26",-0.0256289546105867,-0.117745898958504,-0.0624778782082858,0.108866435113148,0.235154909644393,0.133228698358987,0.104202657585125,0.0239972691686354,0.0696957233150132,-0.182506722811199,0.0688789993621588,0.0209740170090164,0.0558429594821667,-0.0161984379949143,-0.111388491225474,-0.141676300484322,0.069964050533142,-0.036725012893119,0.0771788231167344,-0.0171704330073794,-0.191749162744819,-0.0808537456213521,-0.0205605220628167,0.113985555395515,-0.227184917922889,1,-0.087483826010774,0.116513993026763,0.10201775376997,0.00407180218652196,0.00123506829005668,-0.0807578327946841,0.0213666432955227,0.108986191816142,-0.0413460475706755,-0.192860376148936,0.00989736249248877,-0.00758937975617454,0.0237942419270498,-0.0429524635694245,0.157660731695684,0.144202008925819,-0.0379542368426714,-0.00546333523766043,-0.0553505748900008,-0.0832769284442477,0.174767879743252,0.112411756304658,0.103870153741329,0.107503666374213,0.0896467050569858,0.144427591543535,-0.160860873256782,-0.0640159466535695,0.0623782901414613,-0.0801447997492821,-0.0531634242396868,0.00553581063091796
"27",0.138868410760078,0.151497412524188,-0.117211858969095,0.107522784460124,0.0177320393822495,-0.010593106071897,0.106521162323207,-0.0488767079076948,0.0742283909529539,0.0995790175774527,-0.0127655977057208,0.0773209679514856,0.123362535526589,-0.0813213782693045,0.144640101785488,0.0565794292925896,-0.0704961701374506,-0.16811284903663,0.0539326013932021,-0.0622017291377026,0.177400992328291,-0.0805475036932956,-0.119921243649533,0.0728855672278617,-0.0422677929447811,-0.087483826010774,1,0.0417102764617298,-0.0278834242498635,0.113670403438136,-0.0694201657239899,0.00034908687176151,-0.114923314486488,-0.121583818600372,0.162398275725909,0.123949447476123,-0.114816105000652,-0.0320717756121025,-0.17025830541981,0.162645064371292,-0.0269008624786373,0.100523040344123,-0.0159389749540802,0.0468453071649008,0.207577476295254,-0.0579335388863123,-0.151348685370631,-0.195131787275324,0.104645675083726,-0.0515778418888429,0.0318508622892297,0.18132849036136,-0.0938662244765619,-0.109893714330411,-0.103645220027617,-0.0604196662945111,0.118978659529038,-0.184306678776552
"28",0.013709660211751,-0.0937107835617335,0.022456869680219,0.0208066048758726,0.159264026251344,-0.116096808574776,0.188457001262246,-0.0571911772770352,0.077796303442715,-0.13767250585007,0.10434763460771,-0.00110576757024452,0.0811502569423068,0.0817196446695076,-0.167183487401958,0.130511992765132,0.00968382765647606,0.127594189611568,0.163836067474725,0.0168085207042499,0.035542416912049,0.176067268141155,0.0565516921767445,0.05651671272473,-0.0943604831861922,0.116513993026763,0.0417102764617298,1,-0.0353475928043481,0.158554213172233,-0.0508799394241033,0.00688955706127082,0.00756787887729444,0.0230693268505489,0.181549841727757,-0.194415509451218,0.0117267908395847,0.0494106403319281,0.142237254903796,0.0714069133576647,0.175590720928586,0.310486204201034,0.105634192788134,-0.068286014626564,-0.00966773810121442,0.0375141445660483,0.0640163860329545,0.123619562287165,0.137296763631587,-0.00292082159697533,-0.0678063767104408,-0.0695166181311208,-0.204422095699166,0.088632868629011,-0.0175271894099721,-0.0132468888745346,-0.0450913383919176,-0.00523605656078768
"29",0.0160437558156204,0.0665823410435084,-0.159757746835686,-0.00356284850707664,0.0924002214103263,0.00665026815489178,-0.206763198290197,-0.0930189339969822,-0.0487289079125572,0.0255964476483552,0.109145935060953,-0.0545154671189667,0.0254130593271083,0.0520993852492585,0.202438206623823,0.117930056701971,-0.00097371734884909,0.0256192930458894,0.0243430976805197,0.0690502178860792,0.0117478582194742,0.0491299057598611,0.0460906873730816,0.262605882758364,-0.112171963046668,0.10201775376997,-0.0278834242498635,-0.0353475928043481,1,0.173154465524219,-0.0594752396609817,0.0400994090811273,0.0652826045485425,0.150061285430489,-0.304806753032556,-0.0146417689434128,-0.200662669340664,0.0225184499995339,-0.0852221329310744,0.189778537338515,0.129521549673926,0.118213194691141,0.0343443808614242,-0.0600679932544081,-0.076742203285675,-0.10537871419124,0.137249112996084,-0.0721195922056177,0.0691955343010533,0.169993702323817,0.0898159754498936,0.162509139096833,0.118260285633643,-0.0523357799066633,0.0997083033576719,0.134295969467556,-0.127120298033418,0.0475547254581332
"30",0.11232650013253,0.0674551467075118,-0.218623409401708,-0.0913114430120001,0.11087062220716,-0.131347498493498,-0.0854759933354309,-0.365961829906464,0.0664430748515648,0.0473016076512526,0.0944245429555487,-0.038902392652618,0.136947019981275,0.210684758425572,0.157315936221196,0.105485194453792,0.0157498825597445,-0.0275950943291167,0.0184818753499263,-0.0444199609215777,-0.0833763760199995,-0.0286147739362102,0.151213295662645,0.0526025154280434,0.0480532461925161,0.00407180218652196,0.113670403438136,0.158554213172233,0.173154465524219,1,0.00993521567957214,0.145164135990806,0.0840091613263782,-0.128106006344754,-0.0163359962277278,-0.0137882675730171,-0.0220411549924957,0.0817385676729055,0.251016074642548,0.131905018781701,0.0995543180463789,0.0950542010988906,0.093518389949555,-0.00720633797063091,-0.096976685716711,-0.063362307413524,0.132429738572319,0.0223615945406829,0.233793731606229,0.196110900750225,-0.0515440718470582,0.00766184701966702,-0.0569016031891632,-0.156764423535558,-0.0883883911835387,0.212301697290253,-0.213909493336906,-0.106242803681229
"31",0.147047949611059,0.17373728493973,-0.0581269796922085,-0.223212587394021,-0.115667380295323,-0.0299278647113153,-0.111558863854154,0.0680471961981994,0.0500172592523147,-0.0679967747480069,0.185375120994161,0.139803526844328,-0.23496251018792,0.0220153709114404,5.1394445162556e-05,0.0466459718606073,0.184002559717533,0.0364693690284887,0.331414599192257,0.0348547011002828,0.159106891546879,0.00767148770408914,-0.208071884947865,0.0994384815024407,0.0742659329439375,0.00123506829005668,-0.0694201657239899,-0.0508799394241034,-0.0594752396609817,0.00993521567957214,1,0.283489856373249,0.237076909580983,0.159316784237555,-0.148612886000192,-0.118630042737926,0.120935172635718,-0.0971699619636447,0.139042889022477,0.11712564309358,-0.0239125799476314,-0.0806576563640405,-0.208354244405284,-0.143449747665346,-0.119631331254996,-0.0360175695216445,-0.00754527689020017,-0.057787697112072,-0.186072556560665,-0.0189570994529026,0.0934497185841573,0.203631401198406,0.0493940269052748,0.154067312560975,0.0255802313128828,0.134798028156367,-0.0412376630589507,0.0295137172032391
"32",0.037480530330447,0.118954669844474,-0.0954142048156521,-0.121769673790882,-0.0285745412205301,-0.151547059988085,-0.011106588993588,-0.0541288915287077,-0.0438949665136591,-0.0278126934762945,0.0541764450530103,-0.157056221458529,-0.04514360019857,-0.0830433141790708,-0.0226251496207414,-0.165698395369014,0.0418097953720257,0.0569339951238904,0.0716171103411134,0.0480218647352113,0.043421773685667,0.0781725931381368,-0.084065538032334,0.216246369963742,0.114327019847559,-0.0807578327946842,0.00034908687176151,0.00688955706127082,0.0400994090811273,0.145164135990806,0.283489856373249,1,0.091463171921942,-0.0163928906839274,0.0324887830397328,-0.0426728652356096,-0.107707442849181,-0.0468549233694212,0.0027385766288614,0.00878552052874648,0.103859963595449,-0.0132688763093071,-0.0654607901690314,-0.133113022089322,0.0748814482333568,0.156010302056327,0.193244554147491,-0.00354790796485118,-0.113171923848443,-0.0642493928168058,-0.239216530414959,-0.0373269970537968,0.0459811693681809,0.0781983874430442,-0.0332646426579143,0.0438896798158933,-0.0338122075136347,-0.191258151467212
"33",0.163561486136959,0.168644524690286,-0.0404159281999886,0.0529404218074322,-0.0238040256357769,-0.0672760337913002,-0.0921391562467761,-0.0216365429456627,-0.146493643285673,-0.272907945854664,0.195896569829313,0.200640464104488,-0.418820315314441,-0.0147768353630677,0.0621366184961917,0.0358663868382969,0.204633737878044,0.0787778559149245,0.0499070845511868,0.0765135976823056,0.0864219379602588,-0.217756689564718,0.0155962759379612,0.109202595743536,0.163111507905508,0.0213666432955227,-0.114923314486488,0.00756787887729444,0.0652826045485425,0.0840091613263782,0.237076909580983,0.091463171921942,1,0.234290170594226,-0.181553125467158,-0.145925583505016,0.00201890784996481,-0.113573163434482,0.282618782638811,0.133267414036948,0.266368963731833,-0.0127790703045717,-0.211825063103745,-0.132350953630545,-0.277616240111787,-0.00161555445770324,0.0898104480248645,0.00031320395799911,-0.158668256621066,-0.0851302463152575,0.159170242186366,0.0203967661280105,0.0672664932577362,0.0644386180130083,0.0066248773869232,0.0255495861899806,-0.0876653301950693,0.0726699499114573
"34",0.122340106813937,0.0811984199708795,-0.0676394930363143,0.0927108694299139,0.183904604252569,0.101959083665857,-0.0403953666890744,0.151013021787299,0.059759721244128,-0.00458171160885778,0.184398852943684,0.128618654120005,-0.275425700146358,-0.168670585631222,-0.0980795052722166,0.0504652350665131,0.0264089920847405,0.0440617009433099,0.0385126088855282,0.198278002892232,0.0740825426455265,0.108273923956582,-0.072703671500306,-0.0185885877470804,0.0327768910342146,0.108986191816142,-0.121583818600372,0.0230693268505489,0.15006128543049,-0.128106006344754,0.159316784237555,-0.0163928906839274,0.234290170594226,1,-0.0517759903971982,-0.0454485127181123,-0.00851011034947003,-0.0710764447114487,0.216732701789712,0.143017711591611,0.0186077743562636,0.0600081882415727,-0.18214137980625,-0.341395547546728,-0.0408940342765014,-0.162265636563701,-0.138640102114643,-0.122350289955569,-0.233975023185929,-0.197292667179842,-0.0201709274491157,0.0994419081505909,-0.0284356081098679,-0.105153831684532,-0.0146297527614584,0.145006314746805,0.0456993213984176,0.0555726384869433
"35",0.00838827622773589,-0.219457104352471,0.271877039332227,-0.136613570820421,0.0128679016568305,0.247542017255655,0.405373295167969,0.197284522174993,0.0134073987240934,0.00588059902238692,0.00913369638963334,-0.0402093651438288,0.0181211530275223,-0.0951704956433907,-0.0546627550126403,-0.146975102019463,0.0382510011116646,-0.123900640704032,-0.0375199171909481,0.0259058263251551,-0.0874594825328091,0.0984783644992287,0.169510405501932,-0.147943759369615,0.0281861484075243,-0.0413460475706755,0.162398275725909,0.181549841727757,-0.304806753032556,-0.0163359962277278,-0.148612886000192,0.0324887830397328,-0.181553125467158,-0.0517759903971982,1,0.126402080507764,0.222359384122209,-0.0573163498147617,-0.0213684189915013,-0.057013139305067,-0.0687241377171919,-0.055381063475519,-0.123121358339286,0.0067404174234854,0.283759255058116,0.0446348262940301,-0.0452616279016756,0.120365476001937,-0.0165361608957956,-0.230921123503397,-0.126879803511206,-0.154718212323059,-0.104754796236191,-0.129199403156136,-0.0799305212407008,-0.151158921622996,0.106744850125099,0.0146681550351386
