"","l_Insular.Cortex","r_Insular.Cortex","l_Amygdal.Area","r_Amygdal.Area","l_Bed.Nucleus.of.the.Stria.Terminalis","r_Bed.Nucleus.of.the.Stria.Terminalis","l_Hippocampus","r_Hippocampus","l_Orbitofrontal.cortex","r_Orbitofrontal.cortex","l_Entorhinal.Cortex","r_Entorhinal.Cortex","l_Frontal.Association.Cortex","r_Frontal.Association.Cortex","l_Globus.Pallidus","r_Globus.Pallidus","l_Glomerular.Layer.of.the.Accessory.Olfactory.Bulb","r_Glomerular.Layer.of.the.Accessory.Olfactory.Bulb","l_Glomerular.Layer.of.the.Olfactory.Bulb","r_Glomerular.Layer.of.the.Olfactory.Bulb","l_Granule.Cell.Level.of.the.Cerebellum","r_Granule.Cell.Level.of.the.Cerebellum","l_Hypothalamic.Region","r_Hypothalamic.Region","l_Entorhinal.Cortex","r_Entorhinal.Cortex","l_Vermix.Molecular.Layer.of.the.Cerebellum","r_Vermix.Molecular.Layer.of.the.Cerebellum","l_Lateral.Molecular.Layer.of.the.Cerebellum","r_Lateral.Molecular.Layer.of.the.Cerebellum","l_Anterior.Olfactory.Bulb","r_Anterior.Olfactory.Bulb","l_Posterior.Olfactory.Bulb","r_Posterior.Olfactory.Bulb","l_Subiculum","r_Subiculum","l_Perirhinal.Area","r_Perirhinal.Area","l_PreLimbic.System","r_PreLimbic.System","l_Primary.Cingular.Cortex","r_Primary.Cingular.Cortex","l_Primary.Motor.Cortex","r_Primary.Motor.Cortex","l_Retrosplenial.Cortex","r_Retrosplenial.Cortex","l_Secondary.Cingular.Cortex","r_Secondary.Cingular.Cortex","l_Secondary.Motor.Cortex","r_Secondary.Motor.Cortex","l_Striatum","r_Striatum","l_Ventral.Tegmental.Area","r_Ventral.Tegmental.Area","l_Substantia.Nigra","r_Substantia.Nigra","l_Thalamus","r_Thalamus"
"1",1,-0.205413101822194,-0.124652238906297,0.140856540707308,-0.04643090202014,0.00706618152550436,-0.178145198403201,-0.0610708472669396,0.0123988873811926,-0.0723565469626809,0.267371953117374,-0.159552762709806,-0.0309005891653108,0.00921195831388548,0.126620642174317,-0.0974101232815581,-0.0104345371849504,-0.00468767636821174,0.2110161577666,0.0183795104098315,-0.0285295827889445,0.0715783015508877,0.141781438784992,-0.132261886446218,-0.181923509321822,-0.0880682370243763,0.138831062895198,-0.113387209841493,0.0983939724887812,0.037193609052258,0.15458994620042,0.00988373428135226,0.0829582855817659,-0.247156820736967,-0.287312473150626,0.142044970689795,-0.212277101503331,0.0318849950694048,0.0986577710428409,-0.183858232308158,-0.0584171629326274,-0.119339394213764,-0.312907446921518,-0.186426614711008,0.207883313391502,-0.0522617394159404,0.0150280164832428,0.0154894451688243,-0.105447361077484,-0.0838999331941342,0.220733555931375,0.174024176079313,0.0152572150574342,0.136166343035477,-0.0110769439987881,0.119481982534432,0.0776524501311566,-0.115707574557781
"2",-0.205413101822194,1,0.175699042123295,-0.0905500555025729,0.119592604151455,0.213551011947594,0.143071980094281,0.161060484485004,0.411974508574464,0.0836824334871738,-0.123765288582037,0.249560502045193,0.144065363043989,0.00508656710744091,-0.0851131723136582,0.0617171453561266,0.0159689289116801,0.0382869601769487,-0.201712565341087,-0.0276608278075778,0.183472219213175,0.00555231344015976,-0.106303328423544,0.0412763818787728,0.115123487538991,-0.0550915305077642,-0.0434917154321425,-0.00579823836400153,0.00699803766521326,-0.0891929447071583,-0.138285462818156,-0.0437096786891936,-0.00108429526612945,0.309236061757221,0.22002317719347,0.0239629259265512,0.254358582508255,-0.0333540540718588,0.0414452487512163,0.224590329257635,0.0885357388801057,0.0509898439893789,0.290453142350411,-0.114169850153852,-0.186970469090276,-0.0778162598006642,0.0735234559822817,0.124784358100184,0.0649687917636493,0.0128553322693367,0.126211291230188,0.197974596399432,0.0556928439730646,0.0400004148349017,0.0779158225937936,-0.147600324534845,-0.0323457555693818,0.210405353618339
"3",-0.124652238906297,0.175699042123295,1,0.110627177370516,-0.00598607016626716,0.0196751219207267,0.15212472104951,0.189672809072552,0.224185118306576,0.0258025232748242,0.118590408173154,0.0536498853653157,0.109491480858641,0.108789136604522,0.122535212404567,0.0811649379801256,0.0806911196791458,-0.0403180439494265,0.0694379292142641,-0.159018783626011,-0.079194482107112,-0.255472932398213,0.0747343214635785,0.0368689938505018,0.252412709920703,-0.0535575807003062,-0.178712508189701,0.00275554049695871,0.0153105950401475,-0.0886978568221797,-0.013992626026751,0.0157145336818367,0.070744166013799,0.229832378623969,0.332858445121775,0.0367933872260562,-0.0311793772142103,-0.101193904876185,0.171763312799891,0.254467138444853,0.0237926818765165,0.0773783510904589,0.149726233699828,-0.190640304985724,-0.00312279827429115,-0.0160403441605589,0.0435087339544993,0.0865085394324058,0.107395601467945,0.102476659595852,0.0187614053340759,0.128820424252918,0.0427485979308369,-0.062449488506305,0.097713498203714,-0.127768832246059,0.0199928008966456,0.163789367276842
"4",0.140856540707308,-0.0905500555025729,0.110627177370516,1,-0.0962272925756662,0.0133763332533944,-0.285094579436715,-0.0868503743598387,-0.204873898420508,-0.104450571430725,-0.138560873183854,-0.0786807955512041,-0.0651928670887932,0.0268657166245212,-0.183043065898875,-0.256467122624088,-0.126149784609825,-0.00544013391186218,-0.0724414326517738,-0.127924298478783,-0.0145669246164599,0.271017058042653,-0.0237411049090687,-0.145446363264581,-0.106014145256665,0.101198254650706,0.0324075483221605,0.10844181730386,0.204922715837508,0.0187850281565285,-0.0899639042172869,-0.117637103911851,0.0617095397838535,0.0998204378834514,-0.146894179705497,-0.119270209576039,-0.046176162615781,0.0535137331264153,0.0541597093760665,0.0410828119801482,-0.181974936219345,-0.0895894834713478,-0.176522603136804,-0.0572797403896279,0.108171290247731,-0.00763923431172784,-0.0989495446636536,0.0331911919922434,-0.0678545126651753,0.037202633702637,-0.100453942196187,-0.0965681572648173,0.102208685323731,0.0722909008931388,0.210451853340825,-0.0372860042530182,-0.0993477233190537,0.0286276837994097
"5",-0.04643090202014,0.119592604151455,-0.00598607016626716,-0.0962272925756662,1,0.00481118983963148,-0.0714414694006588,0.225126658708495,-0.0125979948763394,0.0833832424885695,0.183122064947495,0.00674011129727247,0.0535052161162173,-0.0687264696854684,-0.00910983345728221,-0.0620466920463908,0.0112268915098433,0.0413954800280838,0.0380416298513052,0.144846497592629,-0.0248721822343624,-0.00240959819700043,0.0516344176571649,0.00143042892414338,0.119393716957979,0.177059608863328,0.0760834026589542,0.10167205510617,-0.0384465403110412,0.00454339701432759,-0.00498579473833956,0.103858772449808,0.368382274954042,-0.0272812764990334,-0.0828413462217093,-0.0119929323288176,0.0192763532397011,0.0225277070233621,0.143765586626351,0.231487359260559,0.158685647481532,-0.0443026542660825,-0.00764453817013151,0.0354649735349205,-0.17767134578762,-0.197153846665185,0.150484009135311,0.0514230824616,-0.00841808230185238,-0.0718867864128632,0.305655363336744,0.131214595686044,0.0638584455755369,0.00758100018624724,0.0373566417603243,-0.0681093437623557,0.0871457174523818,0.151418041521704
"6",0.00706618152550436,0.213551011947594,0.0196751219207267,0.0133763332533944,0.00481118983963148,1,0.150438053188077,0.162917736197765,0.0918267658627538,-0.0881364134147136,0.131212332899156,-0.060954328917685,0.0675433587763168,-0.135432715955681,-0.032450908164058,-0.0264650900503867,0.104435295949925,0.133933419839038,0.126445923956334,0.13996547824154,0.182250887722008,-0.147713173736255,-0.149520378588792,0.0961226911713878,-0.00791243165189129,-0.00364584193006451,-0.0417364632569111,-0.0173301598785575,0.121278306687642,-0.0295751046786592,0.0998309469482691,0.111633205770317,0.0324389174884027,-0.0894671808054602,0.0413736522522625,-0.102108758674206,0.047544257346387,-0.0352317642768336,0.00092789151848112,-0.0442436491403951,0.131431099417264,0.0482731844667425,0.0828172109958041,-0.0706698312387229,-0.00487608004074304,-0.0164067876300803,0.0416536340766737,0.0572990680146633,0.0550163136663695,-0.112584714626935,0.103206758179762,0.175153838198058,-0.0315619330966567,-0.00067514952042058,0.0312969564931206,0.0550185824943137,0.0901812993562258,0.297887610701172
"7",-0.178145198403201,0.143071980094281,0.15212472104951,-0.285094579436715,-0.0714414694006588,0.150438053188077,1,0.122737632807496,0.174053211437199,0.00137342245025552,-0.0999810998150091,0.150702916760363,0.178177449695175,-0.111719966891979,-0.0601368344625818,0.287474628539685,0.14065567402824,-0.0561338438655698,0.240392013362058,0.116665622336261,0.297641076693521,-0.1223943112635,-0.0333435780348171,0.185457080964808,0.0209609558848994,-0.24574173679736,-0.185389491088734,-0.131482032799502,-0.12325038391898,-0.213720897601394,0.289664185141354,0.110466317237611,-0.0496468319039096,0.197514077094504,0.56660227574158,-0.0172349328088572,0.39172563564169,-0.0388496237865305,0.0952166698083005,0.0861913832362466,0.224004707377338,0.0288694743562823,0.154156383315273,-0.107829388625585,-0.21885436633293,0.0682551599923487,0.193224426216624,0.102337344347267,0.151599389327099,-0.0922591183460949,0.0257301969283545,0.171754984148512,-0.0605537712458165,0.119731970507585,0.0913056522666595,-0.105823267463762,0.351736196695581,0.185936214884304
"8",-0.0610708472669396,0.161060484485004,0.189672809072552,-0.0868503743598387,0.225126658708495,0.162917736197765,0.122737632807496,1,0.128785819991511,0.0989547632474275,0.279025446338976,-0.204235329855607,0.0489615062246844,-0.0158607306243398,0.0136542015876235,-0.0873219157263422,-0.00651837309521495,0.0414508185218,0.164016314645649,0.13597249963567,-0.06620030815908,-0.103374274350699,-0.0298899451835749,0.0724295635621756,0.251105024026869,0.0834073119221456,0.0580453921934255,-0.0110610094793465,0.112799378166373,-0.105542639012112,0.145902016790889,0.124214338929243,-0.0546907835313994,0.104615596675085,0.18080744033542,0.24075263625069,0.0966168522346303,-0.150807173779789,0.0554894924151409,0.0220075025251053,0.121076660140724,-0.0134344355385346,0.0586498724339136,-0.0199883620037412,0.0300845104243751,-0.0504534316587462,0.0942172430158992,-0.0392086582425562,-0.0405061885434734,-0.0426477975242984,0.234748455152978,0.00507600080512353,-0.00720620543807203,0.00547820897872343,0.177607152175072,-0.0547085190840073,-0.0321804768319846,0.362790397495683
"9",0.0123988873811926,0.411974508574464,0.224185118306576,-0.204873898420508,-0.0125979948763394,0.0918267658627538,0.174053211437199,0.128785819991511,1,0.0505331790441667,-0.0206109535718975,0.231751360256118,0.243645403220522,0.138719221171864,0.0158672781620398,0.194802678561095,0.171879964322109,-0.0253926433316447,-0.0519256789336663,-0.0663594861031742,0.175190840403156,-0.0490377368501737,-0.143465855464475,0.121504243802226,0.0377674565430417,0.0193791086908283,0.0186633313184406,-0.00236788026410199,-0.00713743321607985,0.198401001920752,-0.0250745873387626,0.0141779592773794,-0.0339535255485667,0.0936724161693158,0.228269043983804,0.17323004965501,0.233251405872331,-0.0194638999814424,0.0508909688852486,0.0548437871492446,0.291232893085504,0.185914665515665,0.262621595844776,0.0104266132889353,0.188192709191248,0.262675824815494,0.188360861396925,0.0178589581926176,0.365871831713135,0.174626636461527,0.158729159904395,0.281003615828386,0.160912749840246,-0.0154468760211763,0.00442054509055883,-0.0052503532001212,0.00085570967438397,0.0609322246433194
"10",-0.0723565469626809,0.0836824334871738,0.0258025232748242,-0.104450571430725,0.0833832424885695,-0.0881364134147136,0.00137342245025552,0.0989547632474275,0.0505331790441667,1,-0.0439232030183844,-0.0449957519628564,0.190064017440379,0.358037933948269,0.061329857729416,0.0282083239659702,-0.0184632853404718,-0.0658130613632609,-0.0805620847450461,0.0577309587441222,-0.0637519084753056,-0.0521886848736079,-0.0441938159442532,0.00443166723310405,-0.0359765221716168,-0.205509101138944,-0.0582361511415249,0.0651945280784939,0.0025986784730823,0.0911631530509248,-0.0676669719729375,-0.0674046765936797,0.249564621268597,0.0140378603611776,-0.0724359220434851,-0.0747974484814514,-0.0543552988434245,0.00806965553622988,0.0719092431733792,0.0611891766113723,-0.0330730141537779,0.0429442815679593,-0.13396724243233,0.13678547328953,0.0995501139165148,-0.097103746407367,0.0833152022128534,0.155137791957807,0.0467945311457081,0.279784633599436,-0.0686549229593283,-0.0749603639135454,-0.0124304062556551,-0.195944085909156,-0.0228969053001605,-0.120918833727491,0.194479423908087,0.119867279044123
"11",0.267371953117374,-0.123765288582037,0.118590408173154,-0.138560873183854,0.183122064947495,0.131212332899156,-0.0999810998150091,0.279025446338976,-0.0206109535718975,-0.0439232030183844,1,-0.275137621745196,-0.147575935816019,-0.17357160745108,0.260904183977119,-0.189784117534501,0.0340285163171686,0.0633018553769291,0.119557284477001,0.0513424368856959,-0.19789970347749,-0.183632143772371,0.073698305887634,-0.0294067680965441,0.171409092141749,0.108413223008722,0.0674335927575316,0.115473544206344,-0.0277039282994511,-0.0767641016829708,0.0879030316703881,0.0974163527488669,0.24410006887132,-0.188847158598587,-0.152402282184701,0.173143177283815,-0.15305651465002,0.0806564713129518,0.0966881146597296,-0.00016498236348792,-0.015194581808595,-0.0372967791685158,-0.153694038620521,-0.0484526293734732,0.0551663425752144,-0.0249084096910907,0.0108116096920252,0.0317238656984682,-0.230913151979549,-0.095374485530603,0.319142486707255,0.0492251529358084,-0.00781908543610853,0.0193261618886362,0.00920388928797977,0.114814473963012,-0.0300027193285818,0.143458084019589
"12",-0.159552762709806,0.249560502045193,0.0536498853653157,-0.0786807955512041,0.00674011129727247,-0.060954328917685,0.150702916760363,-0.204235329855607,0.231751360256118,-0.0449957519628564,-0.275137621745196,1,0.0967405829762452,-0.00657312722337598,-0.111940778578919,0.0755515660681408,-0.111974852357693,-0.0514116403799894,-0.0961718266705267,-0.00693918338182418,0.188284199938026,0.0119088987756724,-0.105795708136117,0.098876652536974,-0.162308138103043,0.09412280187057,8.35819480837324e-06,0.00180582756821467,-0.0243938109763589,0.159322260908342,0.00693246866543906,0.0409651118736341,0.0641602559568739,0.309487144076091,0.184696491611199,-0.245972148616764,0.201876388057131,-0.0759792621953699,0.0515150580145517,0.235030914976089,-0.0267928397119656,0.139390371821745,0.140642240677972,0.0437918049134648,-0.0608691739503901,0.0143808531652441,0.22068885712515,0.130663058859646,0.169545427672063,0.135602486793597,-0.0314886834928218,0.113965081531352,0.0231477435600715,-0.063959486689273,-0.123140551230067,-0.156795098474633,0.0678439175885679,-0.293945878011588
"13",-0.0309005891653108,0.144065363043989,0.109491480858641,-0.0651928670887932,0.0535052161162173,0.0675433587763168,0.178177449695175,0.0489615062246844,0.243645403220522,0.190064017440379,-0.147575935816019,0.0967405829762452,1,0.344451269053028,-0.0687998190463672,0.176360230983537,0.400792351881782,-0.0012745104611669,0.248143342870479,0.0926725493956642,0.0999917990497445,0.00058344936694319,0.0538028692270429,0.168157563055439,-0.018785027526483,-0.167272336526469,-0.0349800860406735,0.0138510885918766,0.213689811021605,0.0625639159011298,0.207526125864926,0.136879056707997,0.00411019505991289,0.115430144178367,0.230251448257094,0.0189466162076854,0.190055996287583,0.019261969426602,0.2338538443779,0.309840031145733,0.309000078096404,0.24539995709321,0.0953952229982235,-0.044456833821576,0.0336001566659238,0.115614569825142,0.26923717611426,0.0759720232750146,0.650373410036966,0.254373332061864,0.0538503794442714,0.275872813370096,0.0954468548768214,0.055865369570819,0.0614132149857003,0.00284801919037945,0.171016455352308,0.171733176324761
"14",0.00921195831388548,0.00508656710744091,0.108789136604522,0.0268657166245212,-0.0687264696854684,-0.135432715955681,-0.111719966891979,-0.0158607306243398,0.138719221171864,0.358037933948269,-0.17357160745108,-0.00657312722337598,0.344451269053028,1,0.170701431295502,0.298136283405976,0.119837420101214,0.167989780680691,0.0636341956702789,-0.0325704844641248,0.15154185416389,0.0894239654704733,0.0837040419262319,-0.0885091462804761,-0.132879585719375,-0.115135370284671,-0.0377271768225251,0.124242211860196,0.186640063318583,0.168741388960692,-0.0112752858631823,-0.0676580555277251,0.136279962470235,0.0984034688632405,-0.148797045577338,-0.00600549107640838,0.0429374200078699,0.0164768609382019,0.0363869510134373,0.079523610541629,0.170465498791626,0.216145191492718,-0.0281381498299873,0.0677156061477893,0.143578043596889,-0.0211467351557031,0.100435430817208,-0.0117592789212193,0.253295131016863,0.74545100550437,0.0945491002866876,0.236011116762792,-0.00227672833046177,-0.249497853523004,-0.0968956694867966,-0.0133519968133619,-0.0604168009155267,-0.099010052204243
"15",0.126620642174317,-0.0851131723136582,0.122535212404567,-0.183043065898875,-0.00910983345728221,-0.032450908164058,-0.0601368344625818,0.0136542015876235,0.0158672781620398,0.061329857729416,0.260904183977119,-0.11194077857892,-0.0687998190463672,0.170701431295502,1,0.192340980001002,0.00680717267814309,-0.0578248150585341,-0.00295096321361485,-0.0338552384225968,-0.0412886981080013,-0.0269914660504204,0.0302732874146024,-0.207424026182296,-0.0463710052462525,-0.134543694638511,-0.061795223897281,-0.00935212883563667,-0.126815988258827,-0.120891032588619,-0.0671337511772629,-0.0715787381189642,0.170696208385365,-0.0586639973723228,-0.0520352872094919,0.0524364583130289,-0.0200284112447228,-0.00102935390144629,0.188175635618013,-0.0752721834849779,0.0850402210072556,0.115747881068349,-0.118069183250792,-0.248391448279107,0.0531555369177029,-0.0797234664820569,0.0582849414088088,0.0396616502866596,0.00502491678591512,0.168182475281491,0.313618230181946,0.171227725564113,-0.0284204918134085,0.0239608215416376,-0.0921414288063007,0.0228297680094478,0.0665646352564186,-0.0674668632119352
"16",-0.0974101232815581,0.0617171453561266,0.0811649379801256,-0.256467122624088,-0.0620466920463908,-0.0264650900503867,0.287474628539685,-0.0873219157263422,0.194802678561095,0.0282083239659702,-0.189784117534501,0.0755515660681408,0.176360230983537,0.298136283405976,0.192340980001002,1,0.0762784165405557,-0.135726767823955,0.114106343739453,-0.00662033971303258,0.137799040243543,-0.118303740476026,-0.0568685327181684,0.0163701616899234,-0.0668063271600653,-0.0766899751382568,0.0500615897125499,-0.0500201045564131,0.0377757058242265,0.108359890477641,0.0177135372263638,-0.0543552701997313,-0.0180073922837883,0.0252405970789271,0.116517221437701,-0.158617778203391,0.0529477145276608,-6.42114175557244e-05,-0.0895278419768307,-0.136806385010548,0.130192495079606,0.0722683678443193,0.0465296779102952,-0.0449006695226861,-0.055105257805677,-0.0741027929699777,0.0225008580044108,-0.00133530198125316,0.190683449230272,0.244755777060066,0.134378666598367,0.366993783141032,-0.0510019443171299,-0.159416480030158,-0.162815122125515,0.203499848812828,0.129816294788508,0.0729539955844162
"17",-0.0104345371849504,0.0159689289116801,0.0806911196791458,-0.126149784609825,0.0112268915098433,0.104435295949925,0.14065567402824,-0.00651837309521495,0.171879964322109,-0.0184632853404718,0.0340285163171686,-0.111974852357693,0.400792351881782,0.119837420101214,0.00680717267814309,0.0762784165405557,1,0.382079474291064,0.399937853080812,0.0905521143090046,0.170874415196299,-0.0265774838165146,0.0301727910380959,0.0935476856544015,0.168668063683946,0.0586727054198727,0.156502499979884,0.183007664601427,0.342795384961077,0.0371724651157979,0.277846706260869,0.250473361604583,0.225953129223212,-0.12580529600667,0.152844514420174,0.318392639200085,0.256534296925918,0.0753827033458116,0.330802754512861,0.236015336253572,0.492749079667941,0.342791106218719,0.00201285080955969,0.0705677438952033,0.13784463902272,0.339904495898004,0.0315877571988071,-0.0624847663106515,0.407517006416759,0.164679247885695,0.0451071278965316,0.193334558297442,0.0573538718122441,0.130905568319588,-0.208575871279406,0.0321281057629013,0.193009717217324,0.0678816015548901
"18",-0.00468767636821174,0.0382869601769487,-0.0403180439494265,-0.00544013391186218,0.0413954800280838,0.133933419839038,-0.0561338438655698,0.0414508185218,-0.0253926433316447,-0.0658130613632609,0.0633018553769291,-0.0514116403799894,-0.0012745104611669,0.167989780680691,-0.0578248150585341,-0.135726767823955,0.382079474291064,1,0.13642955618215,0.0402676159185256,-0.0195179166226171,0.00627115836488889,0.178351667229364,0.0668526942893213,0.0270692476683741,0.197341610907644,-0.0742040823183358,0.0174453228322454,0.15484662265439,-0.0314546315963717,0.144505493466853,0.179950279209909,0.189025018123364,-0.101745021031636,-0.0798147476042139,0.185881312789976,-0.0357850860027132,-0.0501630858581807,0.184676378314565,0.237082115975002,0.224424657068503,0.192434991637372,-0.022949437746313,0.0243290815518628,-0.0360468191800416,-0.0547583883071563,0.0136935053298802,0.0685839129225029,0.0825099645050774,0.21956212201554,-0.19287244323063,-0.131637929973418,-0.0647336730075617,0.160848173375014,0.0235624982491921,-0.108068274064416,0.111457125285323,-0.0667598431688001
"19",0.2110161577666,-0.201712565341087,0.0694379292142641,-0.0724414326517738,0.0380416298513052,0.126445923956334,0.240392013362058,0.164016314645649,-0.0519256789336663,-0.0805620847450461,0.119557284477001,-0.0961718266705267,0.248143342870479,0.0636341956702789,-0.00295096321361485,0.114106343739453,0.399937853080812,0.13642955618215,1,0.327501525406646,0.159295027554605,0.146059783294843,0.0266973924658522,-0.129727306549627,0.174581472708422,0.0850051286930164,0.182275938497482,0.18166283156296,0.202837842145432,0.126281448956068,0.772940756018793,0.568036081622616,0.153956800032057,-0.0562105861301317,0.221228976296523,0.282119615323323,0.215228899227019,-0.0578064680221768,0.11982568980189,-0.0529577423789617,0.247007117645608,0.0868732401018979,-0.181241715507953,-0.043937209219101,-0.00919074137244992,0.0671049835532432,-0.0374908302249608,-0.242292059784595,0.128084461568223,0.0786764948029074,0.144668786464659,0.129470582646119,-0.129099788258971,0.0506399030519566,0.0317740577120992,0.0865006169744266,0.105871999462583,0.084584748766508
"20",0.0183795104098315,-0.0276608278075778,-0.159018783626011,-0.127924298478783,0.144846497592629,0.13996547824154,0.116665622336261,0.13597249963567,-0.0663594861031742,0.0577309587441222,0.0513424368856959,-0.00693918338182418,0.0926725493956642,-0.0325704844641248,-0.0338552384225968,-0.00662033971303258,0.0905521143090046,0.0402676159185256,0.327501525406646,1,0.153179102662814,0.0558404270495245,-0.117045553006459,0.0681441035988739,0.108200261620933,0.0659927500402809,0.182140957747689,0.0803250455612213,0.137041736376044,0.00814870884777324,0.487172475368952,0.605842487410023,0.067095706572372,0.100166886925247,-0.0567350456459378,0.0783092905299766,-0.0850913787266473,0.0331816115706814,0.0478066668547544,-0.0461448410857751,0.0464994394401047,-0.113292481778802,-0.219427762563461,-0.00518352458500823,-0.0382970540540557,0.124478393729689,0.0413439814276743,-0.129757886041815,-0.110920383857042,-0.109980101304432,0.143844903328241,0.105008172744995,-0.135058162889284,0.0138723825127614,0.189429107361826,0.0544150609944676,-0.0408507232732822,0.00921002493394337
"21",-0.0285295827889445,0.183472219213175,-0.079194482107112,-0.0145669246164599,-0.0248721822343624,0.182250887722008,0.297641076693521,-0.06620030815908,0.175190840403156,-0.0637519084753056,-0.19789970347749,0.188284199938026,0.0999917990497445,0.15154185416389,-0.0412886981080013,0.137799040243543,0.170874415196299,-0.0195179166226171,0.159295027554605,0.153179102662814,1,0.269826395497351,-0.124180079782317,0.0340833878563478,-0.055216077913146,0.0838529786888546,0.105525303390821,0.114562947447546,0.279664491904975,0.0750640014373094,0.143937075245847,0.0690663329771122,-0.0295284236765232,0.0559947755473428,0.156923327857757,0.0297457786087242,0.428401640476637,0.218907588392077,-0.0924579669623285,-0.0382067387740842,0.254326406867366,0.126904016499818,0.109435938697863,-0.024612592610228,0.144218156523662,0.174847743372517,-0.0155872255781325,-0.0508292079703282,0.180841373574582,0.0957968997924056,0.14673322057829,0.265655285104329,-0.0197879639255872,0.0181393564956419,-0.0035848202347544,0.170615556529932,0.0612235263977055,-0.0401682638367559
"22",0.0715783015508877,0.00555231344015977,-0.255472932398213,0.271017058042653,-0.00240959819700043,-0.147713173736255,-0.1223943112635,-0.103374274350699,-0.0490377368501737,-0.0521886848736078,-0.183632143772371,0.0119088987756724,0.00058344936694319,0.0894239654704733,-0.0269914660504203,-0.118303740476026,-0.0265774838165146,0.00627115836488889,0.146059783294843,0.0558404270495245,0.269826395497351,1,-0.00287271025253019,-0.123811874813323,0.0127856547497169,0.245864530505843,0.217677794932333,0.0592899722677991,0.23286822142224,0.158657586588887,0.16106282841215,0.0448314696791404,0.091119980716411,0.00023954191637012,-0.151164085993631,-0.0380322822045909,0.357937515289603,0.00946269163394399,-0.0115358135368594,0.0416407263869886,0.116733674736461,0.100961668741397,-0.151159882760097,-0.0238961648655015,0.128248877121799,0.124577790109501,-0.0284107751994718,-0.145226795060348,0.11766519869351,0.106235351527673,0.0668509184654185,-0.0964306125030389,0.093968407784468,0.116293114803817,0.022446263438401,0.0748223842608479,-0.0410480835939464,-0.0657223644831417
"23",0.141781438784992,-0.106303328423544,0.0747343214635785,-0.0237411049090687,0.0516344176571649,-0.149520378588792,-0.0333435780348171,-0.0298899451835749,-0.143465855464475,-0.0441938159442532,0.073698305887634,-0.105795708136117,0.0538028692270429,0.0837040419262319,0.0302732874146024,-0.0568685327181684,0.0301727910380959,0.178351667229364,0.0266973924658522,-0.117045553006459,-0.124180079782317,-0.00287271025253019,1,0.0282043741864191,0.121374444357597,0.0757264362421998,0.0568178717517384,-0.0066331662390553,0.102323890652274,0.0584352527129785,0.0267150794281589,-0.0513274170248323,0.0218056030271005,0.0232472784726835,0.0489409157409107,0.0401739966147326,0.0298485328081071,-0.00105394174414693,0.171494032141184,0.109709982782292,0.0806416967068317,-0.0171040439601178,-0.0237583176142583,-0.0105530936460073,-0.100646828282544,-0.142669027166877,0.105382845886929,0.0836321205247274,0.0244423491461673,0.0769014407691137,-0.0595505560120718,-0.133502325520995,0.212754626750629,0.181660325179048,0.160716123953529,0.039253496738256,0.100103440643766,0.0824489402484037
"24",-0.132261886446218,0.0412763818787728,0.0368689938505018,-0.145446363264581,0.00143042892414338,0.0961226911713878,0.185457080964808,0.0724295635621756,0.121504243802226,0.00443166723310405,-0.0294067680965441,0.098876652536974,0.168157563055439,-0.0885091462804761,-0.207424026182296,0.0163701616899234,0.0935476856544015,0.0668526942893213,-0.129727306549627,0.0681441035988739,0.0340833878563478,-0.123811874813323,0.0282043741864191,1,0.182990387605401,-0.111413424167552,-0.344730789114362,-0.243405064655538,0.0919565838874616,-0.0649944978549741,-0.0356309959761767,-0.0421385330484882,-0.154342488012595,-0.0480798508306608,0.155857546061179,-0.0167078082984704,0.0557556671758042,-0.2454445056085,0.0778416634504459,0.121551332818369,-0.101746067534747,-0.0801936172274634,0.157784693559398,0.121038434953683,-0.133993420039895,-0.0336413913968688,0.113084581932993,0.209577167781077,0.0530380266721592,-0.153641260064972,-0.110505546207999,-0.0694957656147111,0.0624923993201184,0.0107003895317783,0.12921219667228,-0.0319144110045496,0.166094076192326,-0.0242975520173445
"25",-0.181923509321822,0.115123487538991,0.252412709920703,-0.106014145256665,0.119393716957979,-0.00791243165189129,0.0209609558848994,0.251105024026869,0.0377674565430417,-0.0359765221716168,0.171409092141749,-0.162308138103043,-0.018785027526483,-0.132879585719375,-0.0463710052462525,-0.0668063271600653,0.168668063683946,0.0270692476683741,0.174581472708422,0.108200261620933,-0.055216077913146,0.0127856547497169,0.121374444357597,0.182990387605401,1,0.148077078259117,-0.00995226376505744,0.00440240519661927,0.134521751878931,-0.193149411767815,0.117128271090808,0.14974844525772,0.0744612241471043,-0.0841038986344753,0.148638908448385,0.195086645011282,0.0457844565019808,0.0116721922389373,0.0989253241197974,0.0535235277669182,0.0299792369282798,-0.065506847326859,0.0666760240051625,0.131971081489342,0.0155071136168554,-0.0681584646511596,-0.169258888972646,-0.159014325475712,0.00970412293639289,-0.17035308469053,0.102378388583434,0.0475842964703463,0.0210774410119546,-0.0366819704115576,0.0818153323053759,-0.0188819096186517,-0.09869224286407,0.129780110848202
"26",-0.0880682370243763,-0.0550915305077642,-0.0535575807003062,0.101198254650706,0.177059608863328,-0.00364584193006451,-0.24574173679736,0.0834073119221456,0.0193791086908283,-0.205509101138944,0.108413223008722,0.09412280187057,-0.167272336526469,-0.115135370284671,-0.134543694638511,-0.0766899751382568,0.0586727054198727,0.197341610907644,0.0850051286930164,0.0659927500402809,0.0838529786888546,0.245864530505843,0.0757264362421998,-0.111413424167552,0.148077078259117,1,0.253488611014546,0.0521729099856795,0.279415593846744,0.349526392349135,0.0714287154135829,0.142750561866489,0.0937789092300547,-0.0187926400108377,-0.175644957270935,-0.0903012378029042,0.0682766301902372,-0.0173196499912462,-0.0219506311350422,0.0397197765501294,0.100904152450208,0.0705790188500485,-0.0256237276045039,0.109402178078469,0.0667068754067425,0.0544418006179392,-0.186304091740598,-0.270275431194101,0.0493128255707861,0.0470453628642762,0.0116659014566714,-0.114740502936719,0.0425376950524226,-0.050563782300459,0.0234319139862598,0.149541148041875,-0.126941933440025,-0.0443569879514826
"27",0.138831062895198,-0.0434917154321425,-0.178712508189701,0.0324075483221605,0.0760834026589542,-0.0417364632569111,-0.185389491088734,0.0580453921934255,0.0186633313184406,-0.0582361511415249,0.0674335927575316,8.35819480837324e-06,-0.0349800860406735,-0.0377271768225251,-0.061795223897281,0.0500615897125499,0.156502499979884,-0.0742040823183358,0.182275938497482,0.182140957747689,0.105525303390821,0.217677794932333,0.0568178717517384,-0.344730789114362,-0.00995226376505744,0.253488611014546,1,0.299217236324082,0.292712945277635,0.110069639129872,0.15172043176377,0.19215277533328,0.110234838166773,-0.0206256242792662,-0.235849368729084,0.103324793830559,0.0769751955348907,0.178936803910202,0.100697145406272,-0.0397220528163763,0.0611649336986086,0.0189151565722735,-0.283354226208592,-0.0766898932758382,0.217253209718701,0.275652100297916,-0.0204919003109694,-0.179651519267713,-0.044666298061517,-0.0166694567868986,0.176364781738451,0.0382167225288859,0.00844803804486854,-0.0767508843975756,0.0258466357447749,0.278766844550237,-0.173689582609746,-0.120125554257613
"28",-0.113387209841493,-0.00579823836400153,0.00275554049695871,0.10844181730386,0.10167205510617,-0.0173301598785575,-0.131482032799502,-0.0110610094793465,-0.00236788026410199,0.0651945280784939,0.115473544206344,0.00180582756821467,0.0138510885918765,0.124242211860196,-0.00935212883563667,-0.0500201045564131,0.183007664601427,0.0174453228322454,0.18166283156296,0.0803250455612213,0.114562947447546,0.0592899722677991,-0.0066331662390553,-0.243405064655538,0.00440240519661927,0.0521729099856795,0.299217236324082,1,0.224290372747428,0.238837717583962,0.0805230263133837,0.112311140669795,0.290879048180861,-0.0305474973679819,-0.10361455926868,0.129719272229941,0.171596384543988,0.289455957095396,0.271817012196158,0.204584355316721,0.341891552406336,0.38428709174673,-0.061883089421193,0.14593461965303,0.295368911670834,0.297516476887494,0.176844154786894,0.0963464117488598,0.1080683334107,0.30160789258704,0.162578204046901,0.157004190643986,-0.0545929311906555,-0.118854659671782,-0.144470459129519,0.0804184141674685,-0.111648822105632,-0.0766373956657429
"29",0.0983939724887812,0.00699803766521326,0.0153105950401475,0.204922715837508,-0.0384465403110412,0.121278306687642,-0.12325038391898,0.112799378166373,-0.00713743321607985,0.0025986784730823,-0.0277039282994511,-0.0243938109763589,0.213689811021605,0.186640063318583,-0.126815988258827,0.0377757058242265,0.342795384961077,0.15484662265439,0.202837842145432,0.137041736376044,0.279664491904975,0.23286822142224,0.102323890652274,0.0919565838874616,0.134521751878931,0.279415593846744,0.292712945277635,0.224290372747428,1,0.180652975498097,0.116416814003498,0.131966164728758,0.184368955584503,0.0462812421611388,-0.0593481299629445,0.0848018627689816,0.125691424757918,0.120488805962168,0.290280981225945,0.218230728554444,0.285501765442906,0.335985406656877,-0.14704696154515,0.00339911024782115,0.324963271227731,0.316694446295196,-0.135039030408345,-0.143013654547678,0.220221680560208,0.206482445301384,0.0995910893351704,-0.0311042713757758,0.059942930901086,0.0768165930471144,0.0313508157093001,0.107699590815211,0.0780123016953432,0.0322505792301846
"30",0.037193609052258,-0.0891929447071583,-0.0886978568221797,0.0187850281565285,0.00454339701432759,-0.0295751046786592,-0.213720897601394,-0.105542639012112,0.198401001920752,0.0911631530509247,-0.0767641016829708,0.159322260908342,0.0625639159011298,0.168741388960692,-0.120891032588619,0.108359890477641,0.0371724651157979,-0.0314546315963717,0.126281448956068,0.00814870884777324,0.0750640014373094,0.158657586588887,0.0584352527129785,-0.0649944978549741,-0.193149411767815,0.349526392349135,0.110069639129872,0.238837717583962,0.180652975498097,1,0.0971424368841963,0.11697657360176,0.0390922326217368,0.0507967453512172,-0.0759505410883134,-0.00281408632521318,0.0772417539791737,0.0775478983424546,-0.0901361738011194,0.0795671476854067,0.0998423099154476,0.187984102449322,-0.0862587468243161,0.26502098101221,0.149930047639374,0.179260843825916,-0.169366244770164,-0.205222123117485,0.203431297903974,0.358012944187623,-0.0228700738323796,0.0571216193673577,0.246411748647649,-0.112636582842365,-0.0983344757009083,0.0467314227704136,-0.136240327595847,-0.00382790425737061
"31",0.15458994620042,-0.138285462818156,-0.013992626026751,-0.0899639042172869,-0.00498579473833956,0.0998309469482691,0.289664185141354,0.145902016790889,-0.0250745873387626,-0.0676669719729375,0.0879030316703881,0.00693246866543906,0.207526125864926,-0.0112752858631823,-0.0671337511772629,0.0177135372263638,0.277846706260869,0.144505493466853,0.772940756018792,0.487172475368952,0.143937075245847,0.16106282841215,0.0267150794281589,-0.0356309959761767,0.117128271090808,0.0714287154135829,0.15172043176377,0.0805230263133837,0.116416814003498,0.0971424368841963,1,0.676810308051489,0.0562596328438766,0.0553768473165638,0.151226904313068,0.219847795370339,0.199451873366597,-0.0200765223160323,0.0991752417353328,-0.0056319128636713,0.165218430499576,-0.0176664888884128,-0.203934430303084,-0.101651061825442,0.0114094936437937,0.0776114797211375,0.0670648152717692,-0.143164297726376,0.0609427996866192,-0.0450816362863621,0.148408433137252,0.0557429093075869,-0.0905344018907641,0.0567971578098351,-0.00888601944872268,0.0640204131611077,0.0239840802912406,-0.112291107208005
"32",0.00988373428135226,-0.0437096786891936,0.0157145336818367,-0.117637103911851,0.103858772449808,0.111633205770317,0.110466317237611,0.124214338929243,0.0141779592773794,-0.0674046765936797,0.0974163527488669,0.0409651118736341,0.136879056707997,-0.0676580555277251,-0.0715787381189642,-0.0543552701997313,0.250473361604583,0.179950279209909,0.568036081622616,0.605842487410023,0.0690663329771122,0.0448314696791404,-0.0513274170248323,-0.0421385330484882,0.14974844525772,0.142750561866489,0.19215277533328,0.112311140669795,0.131966164728758,0.11697657360176,0.676810308051489,1,0.159427714676389,0.239957890552892,0.105612722976807,0.257428429421032,-0.00018654274354719,-0.0181529671276063,0.0897710977557721,0.0119190878093158,0.12231710074507,0.00468146561574406,-0.144387849329762,-0.0824235363062246,-0.10391757397716,0.0288309291587001,-0.0633400453005088,-0.231736666987397,0.0431622910745016,-0.0817521317484347,0.0379840083165368,-0.0492455062103626,-0.0181480512146954,0.207430405652008,0.113153294970415,0.00229506081782667,-0.132405287525763,-0.0911186799415306
"33",0.0829582855817659,-0.00108429526612945,0.070744166013799,0.0617095397838535,0.368382274954042,0.0324389174884027,-0.0496468319039096,-0.0546907835313994,-0.0339535255485667,0.249564621268597,0.24410006887132,0.0641602559568739,0.00411019505991289,0.136279962470235,0.170696208385365,-0.0180073922837883,0.225953129223212,0.189025018123364,0.153956800032057,0.067095706572372,-0.0295284236765232,0.091119980716411,0.0218056030271005,-0.154342488012595,0.0744612241471043,0.0937789092300547,0.110234838166773,0.290879048180861,0.184368955584503,0.0390922326217368,0.0562596328438766,0.159427714676389,1,0.0654555295190904,-0.0935637943056923,-0.0642747433395888,0.108466668823994,0.203115967618823,0.398533959620692,0.314120253329184,0.126412386575703,0.23215395496723,-0.362412940745751,-0.0438955666818696,0.0541920954940676,-0.0305580423179878,-0.0521619139530154,-0.0597934765591411,-0.0141348508733149,0.185353422976975,0.240035706724499,0.133179171882883,-0.0392305734685201,-0.0687273626316812,-0.127751209826494,-0.141388537455981,0.155803551395321,-0.02540608656974
"34",-0.247156820736967,0.309236061757221,0.229832378623969,0.0998204378834514,-0.0272812764990334,-0.0894671808054602,0.197514077094504,0.104615596675085,0.0936724161693158,0.0140378603611776,-0.188847158598587,0.309487144076091,0.115430144178367,0.0984034688632405,-0.0586639973723228,0.0252405970789271,-0.12580529600667,-0.101745021031636,-0.0562105861301317,0.100166886925247,0.0559947755473428,0.00023954191637012,0.0232472784726835,-0.0480798508306608,-0.0841038986344753,-0.0187926400108377,-0.0206256242792662,-0.0305474973679819,0.0462812421611388,0.0507967453512172,0.0553768473165638,0.239957890552892,0.0654555295190904,1,0.239350316204038,-0.0997489509543456,0.204728329665492,-0.187297358351489,0.130351913956523,0.362551214052025,-0.05797069597464,0.047301030077083,0.086826544482906,0.015637517418778,-0.254278213806579,-0.0704754572696867,-0.0492596229310068,-0.0204765057786875,0.0651807940942395,0.157635952125167,-0.0428312287851739,-0.0136288454873697,0.0488088766389963,0.00878285418068223,0.12224568070081,-0.193158620662575,-0.154771586546048,-0.0537804132661682
"35",-0.287312473150626,0.22002317719347,0.332858445121775,-0.146894179705497,-0.0828413462217093,0.0413736522522625,0.56660227574158,0.18080744033542,0.228269043983804,-0.0724359220434851,-0.152402282184701,0.184696491611199,0.230251448257094,-0.148797045577338,-0.0520352872094919,0.116517221437701,0.152844514420174,-0.0798147476042139,0.221228976296523,-0.0567350456459378,0.156923327857757,-0.151164085993631,0.0489409157409107,0.155857546061179,0.148638908448385,-0.175644957270935,-0.235849368729084,-0.10361455926868,-0.0593481299629445,-0.0759505410883134,0.151226904313068,0.105612722976807,-0.0935637943056923,0.239350316204038,1,0.234171282295656,0.373440587696137,-0.0276205323838555,0.0850416987823175,0.055115276247877,0.153934264005211,0.0211613702652977,0.194509606072801,-0.15045813555252,-0.119499969689967,0.165339010516305,0.120814174757543,-0.00975455764123275,0.152183778816945,-0.11588336930536,-0.0244339480715819,0.0493239392958567,0.00394961797034739,0.131411237582604,0.168359494638294,-0.0994953079172806,0.232706751174643,0.254666251687239
