"","l_Insular.Cortex","r_Insular.Cortex","l_Amygdal.Area","r_Amygdal.Area","l_Bed.Nucleus.of.the.Stria.Terminalis","r_Bed.Nucleus.of.the.Stria.Terminalis","l_Hippocampus","r_Hippocampus","l_Orbitofrontal.cortex","r_Orbitofrontal.cortex","l_Entorhinal.Cortex","r_Entorhinal.Cortex","l_Frontal.Association.Cortex","r_Frontal.Association.Cortex","l_Globus.Pallidus","r_Globus.Pallidus","l_Glomerular.Layer.of.the.Accessory.Olfactory.Bulb","r_Glomerular.Layer.of.the.Accessory.Olfactory.Bulb","l_Glomerular.Layer.of.the.Olfactory.Bulb","r_Glomerular.Layer.of.the.Olfactory.Bulb","l_Granule.Cell.Level.of.the.Cerebellum","r_Granule.Cell.Level.of.the.Cerebellum","l_Hypothalamic.Region","r_Hypothalamic.Region","l_Entorhinal.Cortex","r_Entorhinal.Cortex","l_Vermix.Molecular.Layer.of.the.Cerebellum","r_Vermix.Molecular.Layer.of.the.Cerebellum","l_Lateral.Molecular.Layer.of.the.Cerebellum","r_Lateral.Molecular.Layer.of.the.Cerebellum","l_Anterior.Olfactory.Bulb","r_Anterior.Olfactory.Bulb","l_Posterior.Olfactory.Bulb","r_Posterior.Olfactory.Bulb","l_Subiculum","r_Subiculum","l_Perirhinal.Area","r_Perirhinal.Area","l_PreLimbic.System","r_PreLimbic.System","l_Primary.Cingular.Cortex","r_Primary.Cingular.Cortex","l_Primary.Motor.Cortex","r_Primary.Motor.Cortex","l_Retrosplenial.Cortex","r_Retrosplenial.Cortex","l_Secondary.Cingular.Cortex","r_Secondary.Cingular.Cortex","l_Secondary.Motor.Cortex","r_Secondary.Motor.Cortex","l_Striatum","r_Striatum","l_Ventral.Tegmental.Area","r_Ventral.Tegmental.Area","l_Substantia.Nigra","r_Substantia.Nigra","l_Thalamus","r_Thalamus"
"1",1,0.434096669144634,0.12875131075766,-0.0501846766916017,-0.00589775955241276,0.0227368594274048,0.201591197077009,-0.113056438943728,0.431534514099981,0.292623235995505,0.372448056759109,0.165847546745326,0.104270476279419,0.00707214157697936,0.0224037059933316,0.226021161269014,-0.087377372082912,0.116610550386056,-0.0824558441133898,-0.162847151389938,0.0544101783020632,0.00656881802862791,-0.0393857468540559,0.0203482385694412,0.173170154765062,-0.104074318598167,0.0431556100923989,0.132675159021729,0.174799000494351,0.161846942576357,0.00375041470017126,0.0395985609700814,-0.101218110875398,-0.0563333024948772,0.143335003064434,0.0552194422400734,0.186039191678495,0.171996030706643,-0.087070131680883,0.0141735214715715,-0.0185623766624378,-0.135479132248497,0.294410611087112,0.0482111521995454,0.24200983070188,-0.0637763064862546,-0.0151560080043085,-0.194102031608076,0.0797806454663106,-0.031408599838098,0.418930933852175,0.0797322422060964,0.00249170990493001,0.0807902510534127,0.00684662083162428,-0.0278297633394093,0.0815335951193032,-0.121637244445572
"2",0.434096669144634,1,0.0857507339794852,0.134627025585841,0.0114543451404191,0.144638776588433,-0.0221610232156799,-0.0412774479669216,0.187189005399404,0.563456232219456,0.322629105060167,0.352041755154133,-0.015392987552893,0.146065334755538,-0.139014172626096,0.0785401113332429,0.0111114433581163,0.0979462927065593,0.0483220278884133,-0.0377381933303531,0.0771909321173648,0.215567310119765,-0.0410278886842412,0.101501703106788,-0.011374433001218,0.158219886589189,-0.00983568273475497,0.16965454776038,0.00227781053782839,0.277677488940372,0.00683678313341111,0.171198717048576,0.113184866445786,0.11562820108182,0.0843670020416624,0.160929990939395,0.0726307435928582,0.105844498361796,0.214856856395908,0.133574726919729,0.0389607385306677,-0.0574295263957608,0.146123328455444,0.205405560120593,-0.0832015402930699,-0.0997792811502455,0.0808064784093682,-0.150746531382276,0.0988507369822578,0.235582645636151,0.114190077030905,0.348413656340074,-0.0655734206732526,0.0406902976216348,-0.0319404955653175,-0.0515102896523948,-0.0486656470348937,-0.0735695084877246
"3",0.12875131075766,0.0857507339794852,1,0.137353912879777,-0.128249944305314,0.0564635674514997,-0.0402280172540532,0.13075260838263,0.198290353863994,0.059206735872819,0.1561080289472,0.0952016829289221,-0.00022934098527407,-0.0422426300418757,0.0914786230679111,0.123273692597794,0.0799950946305297,-0.0252434609059866,0.0126408608742967,0.149484219553508,0.0262282472834202,0.0459020674615035,0.0772858155271723,0.175761140840619,0.270392680449572,-0.050571025161851,0.281664846520871,-0.0943902459411294,-0.0844853176575798,0.0546791879180619,-0.0777509695221159,0.269545665942822,-0.103123752733387,-0.03729016202173,0.0497075340699505,0.0992048300100708,-0.0407737632459289,0.0881823112865495,-0.12823551908006,0.0326855428215735,0.0623802840218708,-0.0477660542622368,0.173110451115561,0.125747284836444,0.200589860957208,0.0724992701185849,0.142591813798342,-0.0561229903452191,-0.00539411111672078,-0.0450780860378245,-0.0228211409667328,-0.10433854550946,0.0243636306502588,-0.0139715053040335,-0.028610461780452,-0.0635104690934057,-0.0423390689816105,-0.130377987173826
"4",-0.0501846766916017,0.134627025585842,0.137353912879777,1,-0.0857519639543656,-0.0161679549243926,-0.125951527740638,0.108321826498697,-0.120612286696797,0.02975628337263,0.00791058503057046,0.249823689715811,-0.131450885944044,0.13660221213411,0.105115859617475,0.0512104378147288,0.0437236272603533,0.106109366536909,0.0454894287194336,0.130852291034847,0.0394959968434077,0.16572706384728,0.106786614433971,0.0277390029970982,0.179546504993213,0.256081148665189,-0.0214601391499967,-0.034214381650621,-0.0970679010392987,0.00619017346563244,0.060618150983536,0.203969364616183,0.207261656328466,0.17825601810641,-0.157791660245704,0.195596746569507,0.0770251531995045,0.110644376013738,0.286117383471731,0.213636308411033,0.0889235759526521,0.0284034684182048,-0.0284682941828598,-0.0762293292393567,-0.0864535398793987,0.0151019564663746,0.117342585644133,-0.0202776017862235,-0.122812448331347,0.209771985874283,0.017454858606514,0.268533419224836,-0.0415406612401039,-0.0643137294212594,0.0942816467888151,0.051190607184784,-0.301372160555293,-0.0198561270829548
"5",-0.00589775955241276,0.0114543451404191,-0.128249944305314,-0.0857519639543656,1,0.00997647025479345,0.303128065603556,0.0761929284199243,0.216524824782461,0.137582373472043,0.0413621552664276,0.205249966254704,0.0549716776355831,-0.0458277302194045,0.0301345016403573,-0.161653675962782,-0.0503284393284719,0.0447721071486388,0.109020920204443,-0.0261056569050483,0.202475468766745,-0.0800301225619375,0.076995801329426,-0.0129412402148277,0.0230184884418857,0.149369976736831,-0.150975436393854,0.092188327699847,-0.0282608915699841,-0.0572029902689661,0.0501679725162123,-0.0648878844651925,0.0467914249219587,0.292956270042285,0.0842215394017572,-0.0120780811753689,0.122933231454045,-0.0809664462609582,-0.0603741139781636,0.277005839822751,0.110487283242095,0.16935007331579,0.127641772549279,0.198092859026952,0.152827598052683,-0.251855730425793,-0.159787283558703,0.143203781730584,0.117791465077413,0.0860120214504416,0.167313802865551,0.118519151871484,-0.143349378605827,-0.0556858370913872,-0.108610792801635,-0.0625272959915029,0.372905579220584,-0.0481354348252069
"6",0.0227368594274048,0.144638776588433,0.0564635674514997,-0.0161679549243926,0.00997647025479345,1,-0.132819138343942,0.201879109491463,0.0669642349821085,0.100248829793896,-0.0101025751446922,0.124564340207209,-0.0267640608705666,-0.0776161184092689,-0.0191388749554673,0.0557429323611694,-0.00598350883941313,-0.0294659097766188,0.06099842654128,0.0959400912189989,-0.0453834056308064,0.14676034011763,-0.0154987627433312,0.165249487857661,-0.0381899559324589,0.133238411622659,0.112052329664726,0.0501174441657947,-0.0664809302094753,0.181817284519937,0.21478870847668,0.151365383388482,0.169268662111827,0.0644682160839626,0.0113830962012771,0.0743120934304901,-0.0989845490646849,-0.205147916060129,0.11541491819538,0.162465163191511,0.102639941690367,0.137610364979104,0.0789255656771672,0.0761433223243562,-0.124015413157846,-0.0551965660397104,0.190107537189462,0.112445516561508,0.044029929299409,0.0545552918766954,0.166538246121352,0.362156338566885,0.140637330621201,0.0153998336324019,0.0720955997327317,0.0678535545130087,-0.00787604462978125,0.0573943453651798
"7",0.201591197077009,-0.0221610232156799,-0.0402280172540533,-0.125951527740638,0.303128065603556,-0.132819138343942,1,-0.0905363446511758,0.122404270089899,-0.0179295767872014,0.162958085729602,0.111851459010196,0.0656259436316012,0.130380839951802,0.137676555755387,0.07370316817137,0.0686293227956904,0.198066977919955,0.193226533147662,-0.0933477562808004,-0.0238656695111548,-0.0794532397405088,0.210258035808393,0.0841007618495333,0.018121603623336,0.230792212462978,0.127340250469252,-0.142761957467634,0.017479633902972,-0.158002702795725,0.0004170351171881,0.0254933461228522,0.0857403655338681,0.148518084254705,0.566262105688607,-0.224424922597756,0.212406528332471,-0.146291324955111,-0.142108007902227,0.110055136942145,0.0635086643719419,0.133536025351236,0.270735297022266,-0.00820929748819246,0.436944239282233,-0.244468998000935,-0.11074455507627,-0.00454140903013106,0.225241021251034,0.130245047689245,0.309605129268403,-0.134719405362169,-0.02660885075385,0.187715502933989,-0.0820839841438014,-0.152715269709069,0.31985659487296,-0.15078936038204
"8",-0.113056438943728,-0.0412774479669216,0.13075260838263,0.108321826498697,0.0761929284199243,0.201879109491463,-0.0905363446511758,1,0.031301312633874,-0.0436007052157759,0.082582920699893,0.0374445343771284,0.164245258781407,0.257216547855944,0.0732430742422892,-0.0137425131221057,0.161879389645251,0.278511251070472,-0.0164608204482115,0.295768609879684,-0.0633191034964801,0.157094555032113,0.139406282799756,0.230373623576372,-0.00562529749032665,0.363182615268459,-0.138982699633215,0.0906221382651433,-0.0646340801244924,0.196952380133655,0.0456227432638675,0.128693549115041,0.312252895206132,0.163799016079529,-0.157015776788722,0.501696473662873,-0.114290607842907,0.205799037690673,0.043088182424084,0.131539476210039,0.0834789929485507,0.181525829032613,-0.0626119831211517,0.215384857744852,-0.146513963759193,0.136720484976383,0.0849205003005485,0.00135589242913649,-0.00175450136910871,0.349314077746592,-0.0326458821800964,0.123905352804376,0.0555688827712131,-0.181976848242698,0.226778465170545,0.007568474839977,-0.0464619234822203,-0.0099183510691104
"9",0.431534514099981,0.187189005399404,0.198290353863994,-0.120612286696797,0.216524824782461,0.0669642349821085,0.122404270089899,0.031301312633874,1,0.263104782184694,0.166199832666392,0.189636549673133,0.0531585443007192,-0.0255377877571138,0.175466846076116,0.0294004750417664,-0.112386576288812,0.0654093594248888,-0.127046670398008,-0.00749690785071485,0.0782527890410381,0.0934405456451609,-0.0448276157501036,0.331120856942494,0.0875684596879154,0.0317831826661764,0.136053448824841,0.222502173256495,0.13612905831811,0.20843321851826,0.0575948078719031,0.110892189746266,0.0575446996122497,0.103365760787724,0.184545625985016,-0.0173952885698559,0.185963933778551,0.0337475508016983,-0.00091201667248897,0.0624272846436656,0.00210970140651816,-0.0435040955850484,0.341586249453859,0.282222206293215,0.216306448757627,-0.138570772147249,0.0160263708162666,0.0309471897480547,0.103947576489365,0.0878886584513532,0.370516433049718,0.0271674871756907,0.00745337712830995,0.152238965558103,-0.0219593724175465,-0.0522058763192047,0.193232770640277,-0.133133079521791
"10",0.292623235995505,0.563456232219456,0.059206735872819,0.02975628337263,0.137582373472043,0.100248829793896,-0.0179295767872014,-0.0436007052157759,0.263104782184694,1,0.151039381363571,0.120982523061013,0.0960109182290442,0.108243246881415,-0.246088020874629,-0.115433631345347,-0.15319169374495,0.0368092822602047,-0.0917657411994193,-0.0290096786470574,0.132708898463335,0.0767741408345207,-0.020136968892071,0.143971870707396,0.0358244936108737,0.0187105056080757,0.0716106086147117,0.209518582563175,0.104173094356171,0.259750688497045,0.0964096403094019,0.126770144195833,0.0195013300673184,0.0200363644041731,0.195917807353169,0.13374310788299,0.0480934707986335,0.0257349686761928,0.124176587715485,0.144589202514894,-0.147305814055089,-0.0843713149504214,0.172257158665615,0.366986068136794,0.0548638247623256,-0.0531718810852373,-0.0388541214288003,-0.023215752054885,-0.0522879315577554,0.144374671261696,0.161449112485017,0.227404632887485,0.0304633019004236,0.249056928243699,-0.151659117156967,0.00709393706076361,-0.076767115593009,-0.1599737198426
"11",0.372448056759109,0.322629105060167,0.1561080289472,0.00791058503057046,0.0413621552664276,-0.0101025751446922,0.162958085729602,0.082582920699893,0.166199832666392,0.151039381363571,1,0.341501888044247,0.156084728259538,0.141079619566617,0.0648313255481748,0.140949016509535,0.118608933343387,0.149102256978423,0.0745698703344347,0.0102726201846887,-0.0336471317441266,0.139141831064143,0.179829708800438,-0.0284697212807339,0.0609234006149463,0.172068055372805,0.163987267669672,0.184616733336352,0.174672929622475,0.120276043674237,0.0831572680288007,0.201032561871185,0.107343625028022,0.0832871565021708,0.0967950637161212,0.116614048296948,-0.00207107217101193,0.150166158469924,-0.0855012260959408,0.194192216433089,0.0574472666766001,0.0215648226083285,0.2506199312561,0.122768233107775,0.165112201886234,-0.0236395170807198,0.043881430359929,-0.178758375085859,0.216604301700463,0.135840651498368,0.305433143102716,0.188449768321693,0.0799097526866912,0.0608130370703327,-0.0699876919359817,0.170571379700032,0.0521181549008464,-0.145036350366068
"12",0.165847546745326,0.352041755154133,0.0952016829289221,0.249823689715811,0.205249966254704,0.124564340207209,0.111851459010196,0.0374445343771284,0.189636549673133,0.120982523061013,0.341501888044247,1,0.163709861649407,0.0320220561673862,0.104723491236936,0.145313072519365,0.142984927709009,0.0873441811046282,0.275004560187973,0.017594855463665,0.0995231835657333,0.142734655554544,0.178744571831055,0.148603801342332,0.110618059347108,0.368698159609953,0.132384835539817,0.160876333978974,-0.048402313778044,-0.0123077504761026,0.126100807357042,0.37064875676143,0.261132562575191,0.33629259833629,0.026102398578235,0.0700990331707236,-0.028323112461862,-0.0157048098458608,0.270065261309104,0.388361105882465,0.227556631017147,0.0496286226982589,0.126987682470436,-0.0477840627466107,-0.105094790957882,-0.207932733854106,0.22014772589933,0.0155017582876755,0.254485242832765,0.210365910775231,0.354157273520825,0.316260351528899,-0.0551797916793621,0.133082043680288,-0.215509090200401,0.0773069242469907,0.0275339374475618,0.0711461894820718
"13",0.104270476279419,-0.015392987552893,-0.00022934098527407,-0.131450885944044,0.0549716776355831,-0.0267640608705666,0.0656259436316012,0.164245258781407,0.0531585443007192,0.0960109182290442,0.156084728259538,0.163709861649407,1,0.14757219201048,-0.0772156862849768,-0.00268598478323021,0.0941424104876858,0.133364134154737,0.142396699913871,0.162477641696411,0.208103764557241,0.00276429467736555,0.194522150845498,-0.0366078274784053,-0.0606705857012648,0.0759815368815347,0.0249885268789789,0.0640722950303585,0.0283135975371965,-0.0159558363941402,0.10846735290551,0.150695595568513,0.097923635007183,0.128355008787421,0.234333697837042,-0.0717218767081148,0.029436921310762,0.0338695875155362,-0.0008606705425484,0.0689448538714481,0.141697138549564,-0.0151963165318482,0.206981613500961,0.156758711879261,0.128167942704267,-0.0921166552075644,0.0139349003077303,-0.0707977978090519,0.513445295084683,0.0373775833718839,0.134179534966778,0.111577302757466,0.190498378482149,0.103136621211382,-0.0426358071201447,-0.0249150240995766,0.152197479755231,0.0768799650686939
"14",0.00707214157697936,0.146065334755538,-0.0422426300418757,0.13660221213411,-0.0458277302194045,-0.0776161184092689,0.130380839951802,0.257216547855944,-0.0255377877571138,0.108243246881415,0.141079619566617,0.0320220561673862,0.14757219201048,1,-0.160994091472295,0.0877176767614126,0.187109228311866,0.428849823900926,0.0612558648920037,0.0183372298961742,-0.0634406033594188,0.0908686835891183,0.0524883667395752,0.137288384815095,0.0655542484036491,0.141385528397288,-0.170942259077238,0.0774992359381971,0.300730847227289,0.0410188699548576,-0.0290559169941549,0.00264627293905899,0.0888477625932112,0.202357602865703,0.130476963511779,0.168352113742105,0.121684756005658,-0.0495845652072639,0.226476953357561,0.227767686172668,0.0740255516180081,0.196460517757528,0.174847398382728,0.164219738861885,0.0450119265557827,0.0205924967542325,0.0227284839525292,0.0356559155734036,0.185226457556995,0.635204974268742,-0.0430561971003939,-0.00308091370145434,0.0740402317026643,0.0983855677573938,0.115295680398112,-0.026229545568148,0.0313095330014387,-0.142465197382045
"15",0.0224037059933316,-0.139014172626096,0.0914786230679111,0.105115859617475,0.0301345016403573,-0.0191388749554673,0.137676555755387,0.0732430742422892,0.175466846076116,-0.246088020874629,0.0648313255481748,0.104723491236936,-0.0772156862849768,-0.160994091472295,1,0.061328398669273,-0.165715492666523,-0.0619132114163639,-0.0713855261179357,0.155505114436736,-0.0996354029442801,-0.0634804332029602,0.0199713112699667,0.025785789866327,0.0557646045668076,0.0916671267069102,0.0407434390034152,-0.0512420875157002,-0.161339899461587,-0.177888538152054,-0.0239159476164952,0.0529646384999532,0.0572276386335849,-0.0325330010534975,-0.0342915530559368,-0.100546870067769,-0.142663743107596,0.00252066307575982,-0.0143016141307655,-0.0385917226219388,0.0941400654956179,0.0835306813178961,0.00116763505475959,-0.055271998807152,-0.053631105932942,-0.162860309186904,0.0332575288443379,-0.0632147663314511,0.0578794881533802,0.00193497047426574,0.265178528594978,0.0721526867115834,-0.0935650216713673,-0.0697345701658606,0.0554857687117042,0.00117223583879349,-0.103439853946562,-0.121991244540426
"16",0.226021161269014,0.0785401113332429,0.123273692597794,0.0512104378147288,-0.161653675962782,0.0557429323611694,0.07370316817137,-0.0137425131221057,0.0294004750417664,-0.115433631345347,0.140949016509535,0.145313072519365,-0.00268598478323021,0.0877176767614126,0.061328398669273,1,0.162611355463493,0.210663609476141,0.0823055090460406,-0.0620850342619117,-0.185111586231866,-0.0540594057713826,-0.00089102159593121,-0.0347750327115861,0.17685393934396,0.0480478984404789,0.0326003218970965,0.00079399742264363,0.0303126180391215,-0.129181220987049,0.0589436496738635,-0.0334190822852024,0.0981156228974551,-0.0339273883102206,-0.0117204281515242,0.149686197074821,0.0179994426102713,0.15689493569491,0.0881047663467905,0.137664826274107,0.0528276599492873,0.147308036667518,-0.0780322525802647,-0.109655838086505,-0.130217905620527,0.0727325306873275,-0.00710396403284185,-0.064545875621992,0.0603920541878796,0.117784840001359,0.148868314124364,0.108574726791445,0.0870087115082731,0.0703557599648096,-0.0862650502072954,0.141624602008724,-0.0224933093449492,0.181546626088347
"17",-0.087377372082912,0.0111114433581163,0.0799950946305297,0.0437236272603533,-0.0503284393284719,-0.00598350883941313,0.0686293227956904,0.161879389645251,-0.112386576288812,-0.15319169374495,0.118608933343387,0.142984927709009,0.0941424104876858,0.187109228311866,-0.165715492666523,0.162611355463493,1,0.243253378976295,0.28370729367788,0.279269821886863,-0.165561077604105,0.0678309285001368,0.129274442046128,-0.0512044922070206,-0.0868226810989535,0.248120586213856,0.184520098515682,-0.030375125274541,0.0298995104541518,0.0735946816485602,0.187664301321024,0.303241009771207,0.216925664491123,0.0913023489726173,0.0309803729304458,0.113295438392472,0.0117882621978829,0.0400237845572585,0.0218086115286255,0.151614226048672,0.170352803575499,0.223369746781332,-0.0723811669745644,-0.0648286840972936,-0.0117003167215184,0.270758097537434,0.263616475885896,0.219288014444588,0.227674424841699,0.270925113894002,-0.0380058634215429,0.0489576850263831,0.00664428355358537,0.032913577919708,-0.0677185772563463,-0.041254893760853,0.0596448301428697,0.0130291384922839
"18",0.116610550386056,0.0979462927065593,-0.0252434609059866,0.106109366536909,0.0447721071486388,-0.0294659097766188,0.198066977919955,0.278511251070472,0.0654093594248888,0.0368092822602047,0.149102256978423,0.0873441811046281,0.133364134154737,0.428849823900926,-0.0619132114163639,0.210663609476141,0.243253378976295,1,0.0128489384058343,-0.0470962124871276,0.0137343330939993,-0.167125831457302,0.125559321208943,0.213789673657047,0.0431236816124815,0.342426793743429,0.0607720318073923,0.0482358921427183,0.118042870774303,0.0207460828365394,0.0376433488424935,0.0668260263344185,0.184554695202747,0.0614005957701538,0.0503584116751649,0.282309883997929,0.0867757435809461,-0.0112642707162898,0.22317360971713,0.278021194119866,0.0110586923483262,0.192767082368519,0.0804635568614757,0.0809121807714468,-0.0718737527450382,-0.00046381008010976,0.130975155544309,0.052118822231383,0.0350945869889188,0.538352741233406,0.102073213693545,0.0363251518145952,0.0885937255435236,0.0449819801960236,0.240307209371726,-0.0351772328129918,0.0922338228196903,0.0177834118298044
"19",-0.0824558441133898,0.0483220278884133,0.0126408608742967,0.0454894287194336,0.109020920204443,0.06099842654128,0.193226533147662,-0.0164608204482115,-0.127046670398008,-0.0917657411994193,0.0745698703344347,0.275004560187973,0.142396699913871,0.0612558648920037,-0.0713855261179357,0.0823055090460407,0.28370729367788,0.0128489384058343,1,0.164039854758718,-0.0581873946869933,0.18183836260535,0.0806032498360476,0.144271050344746,0.0577963734644454,0.121693070277575,0.0319341768638121,-0.0541609010168245,0.0112294950379954,-0.0571474238822068,0.457592926038214,0.326574456915755,0.123735267966959,0.22054772770009,0.235951022446177,-0.13848592497617,0.0424681293649019,-0.0477244418604369,0.139902587224775,0.161607981008189,0.225597394947023,0.177343868964118,0.11999775296229,-0.169900365687531,0.187963896059018,-0.00074738190667467,0.173324308097658,0.137717937814475,0.113923091568956,0.171360568514074,0.135863332190759,0.0264047128175637,0.0979370978598408,0.197011966877287,0.0592580150338977,-0.0658803201270689,0.168085269259317,0.0685002846948367
"20",-0.162847151389938,-0.0377381933303531,0.149484219553508,0.130852291034847,-0.0261056569050483,0.0959400912189989,-0.0933477562808004,0.295768609879684,-0.00749690785071485,-0.0290096786470574,0.0102726201846887,0.017594855463665,0.162477641696411,0.0183372298961742,0.155505114436736,-0.0620850342619117,0.279269821886863,-0.0470962124871276,0.164039854758718,1,-0.0995216580959488,0.263422055317815,0.0827379653875373,0.0983918538905792,-0.116543277528808,0.143696642495422,-0.0173005680390629,-0.048426011890056,0.0403937964396364,0.0981901922669151,0.116532575793036,0.560670403799017,0.102775389460178,0.145727092157614,0.0430272039872677,0.0889142197312718,-0.0478777274440399,0.174349929904053,0.018088128172239,-0.0661138066452522,0.0974296339101124,0.115132955405398,0.162065913552884,0.0813782050649736,-0.0370466614944991,0.116121890476687,0.160712807346238,0.153562989166681,0.193332207114333,0.196973667814433,-0.0108866793377191,0.0526634302683577,-0.058178046289097,-0.162902316235277,-0.0203509875759327,0.00875413785069609,-0.176315874884624,-0.109444411922175
"21",0.0544101783020632,0.0771909321173648,0.0262282472834202,0.0394959968434077,0.202475468766745,-0.0453834056308064,-0.0238656695111548,-0.0633191034964801,0.0782527890410381,0.132708898463335,-0.0336471317441266,0.0995231835657333,0.208103764557241,-0.0634406033594188,-0.0996354029442801,-0.185111586231866,-0.165561077604105,0.0137343330939993,-0.0581873946869933,-0.0995216580959488,1,0.176594148205554,-0.040664505469818,0.0429305590560952,-0.103080358573839,0.150354711254859,0.00806420331783471,0.125780049502514,-0.0932595328063066,0.0714268207425092,0.0804898735218899,-0.0110694573546305,0.00691478426385655,0.0507872406848193,-0.0592677827882047,-0.285877409295462,-0.121526261219044,-0.129606149244649,-0.0318715082932304,0.0951729852932496,0.048446737994711,-0.133404533520541,0.0130942643154307,0.170434238441464,-0.0638772379752008,-0.24883594779246,0.0593087373353743,0.0586733001442438,0.10615532832319,-0.151082809873454,-0.0868775450290111,0.0546868295038323,-0.158314236142961,-0.0785415335517452,-0.162714987513517,-0.186272438948816,0.0586324330272021,-0.0135283024386848
"22",0.00656881802862791,0.215567310119765,0.0459020674615035,0.16572706384728,-0.0800301225619375,0.14676034011763,-0.0794532397405088,0.157094555032113,0.0934405456451609,0.0767741408345207,0.139141831064143,0.142734655554544,0.00276429467736555,0.0908686835891183,-0.0634804332029602,-0.0540594057713826,0.0678309285001368,-0.167125831457302,0.181838362605351,0.263422055317815,0.176594148205554,1,-0.131750281250713,0.124088418717581,-0.149224136806299,0.242005805928441,0.0806178521464798,0.166394938252312,-0.0329649453730937,0.248141879565844,0.14804773468449,0.14047934015667,0.176382643876197,0.179217278030761,-0.124891051077666,-0.0876664489727315,0.0725725648078758,0.0972641984063265,-0.0777861609584053,-0.0527679230289986,0.0790196866160867,0.0852036993147046,0.103784082684965,0.315712116177032,-0.114801583076213,-0.109505733215831,0.118033975433069,0.218940796952706,0.155986486672012,0.136972527704259,-0.0708399513585929,0.0273064359338456,-0.0887549850775318,0.0540934693021606,0.117923391194572,-0.0284701887556671,-0.092043516211315,-0.152108965605563
"23",-0.0393857468540559,-0.0410278886842412,0.0772858155271723,0.106786614433971,0.076995801329426,-0.0154987627433312,0.210258035808393,0.139406282799756,-0.0448276157501036,-0.020136968892071,0.179829708800438,0.178744571831055,0.194522150845498,0.0524883667395752,0.0199713112699667,-0.00089102159593121,0.129274442046128,0.125559321208943,0.0806032498360476,0.0827379653875373,-0.040664505469818,-0.131750281250713,1,0.106057033378167,0.0923239864525635,0.227537720644119,-0.0890073849666418,-0.0884071473173231,-0.165789398413474,-0.208918514685236,0.203239153129195,0.142565789963033,0.0495125059327296,0.197162908031623,0.34391136756785,0.00309094817359708,0.07569467906233,0.0893035493609456,0.0963656088906776,0.210544207700034,0.201310152421486,0.105677933965021,0.0985115222812304,0.0744622402227924,0.175312358349104,0.0117365221605469,0.0684399761103347,-0.0486709897006433,0.212947154890742,0.167765841262718,0.0847700043429065,0.112854325185374,0.0813327806247493,-0.00507193262364694,-0.112349579907929,0.111672935565961,0.0429197655004505,-0.120503423049359
"24",0.0203482385694412,0.101501703106788,0.175761140840619,0.0277390029970982,-0.0129412402148277,0.165249487857661,0.0841007618495333,0.230373623576372,0.331120856942494,0.143971870707396,-0.0284697212807339,0.148603801342332,-0.0366078274784053,0.137288384815095,0.025785789866327,-0.0347750327115861,-0.0512044922070206,0.213789673657047,0.144271050344746,0.0983918538905792,0.0429305590560952,0.124088418717581,0.106057033378167,1,0.00542009410116797,0.184464019313432,0.026999029943976,-0.0684082886823819,-0.0605625429667358,0.157623132586427,0.0710061449255203,0.120028173126655,0.101784996251907,0.199942305985614,0.173290431926092,0.171648404870302,0.0253809287994309,-0.157043539015239,0.160034363368083,0.120658643062179,0.138229680507362,0.212403657503119,0.345283570958896,-0.0255802870271692,0.0862423222250817,-0.0866651997653494,0.211433771294583,0.00109477069977476,0.0443169922237551,0.367156364237795,0.184822348200734,-0.05930572196102,-0.0695973074894823,0.0862081101298761,0.205270442820569,0.0364193425732226,-0.0186243298844803,0.0019924167973925
"25",0.173170154765062,-0.011374433001218,0.270392680449571,0.179546504993213,0.0230184884418857,-0.0381899559324589,0.018121603623336,-0.00562529749032665,0.0875684596879154,0.0358244936108737,0.0609234006149463,0.110618059347108,-0.0606705857012648,0.0655542484036491,0.0557646045668076,0.17685393934396,-0.0868226810989536,0.0431236816124815,0.0577963734644454,-0.116543277528808,-0.103080358573839,-0.149224136806299,0.0923239864525635,0.00542009410116797,1,-0.203408833564065,0.20811414580656,0.0789126438746259,-0.00163067900323428,0.0596792257041123,-0.0143617507368724,0.0468093614208801,-0.0148220185127993,-0.00859035621195838,0.102321614222136,0.117805105060232,0.00468618679804045,0.112048508025125,0.0705434656521461,0.154201255548833,0.0937384835873882,-0.0185604157462226,0.115493816049911,-0.0669178673236267,0.275761286429681,-0.137456793393238,0.0573941729279405,-0.0563456385055075,0.00944438727208381,0.0528914768417285,0.11003387787227,-0.0514364646725591,-0.0513441519169376,-0.00272048545414787,-0.0855736311566412,-0.033823794085983,0.0938845374375003,-0.121242615140667
"26",-0.104074318598167,0.158219886589189,-0.050571025161851,0.256081148665189,0.149369976736831,0.133238411622659,0.230792212462978,0.363182615268459,0.0317831826661764,0.0187105056080757,0.172068055372805,0.368698159609953,0.0759815368815347,0.141385528397288,0.0916671267069102,0.0480478984404789,0.248120586213856,0.342426793743429,0.121693070277575,0.143696642495422,0.150354711254859,0.242005805928441,0.227537720644119,0.184464019313432,-0.203408833564065,1,-0.00812528087609125,0.0639844194422631,-0.130536727267535,0.106019987065647,0.0231844837253388,0.277643106045326,0.368316598511932,0.38633508192608,0.0368532780519637,0.179775519302154,-0.14299670047397,0.0483271236942502,0.120677646692653,0.194340783411197,0.137604309193171,0.236557145957618,0.0813544274096562,0.152972431839639,-0.264794897254716,-0.027784765071526,0.11197743482104,0.0742350500773768,0.188769340935877,0.30713724196196,0.123918663461134,0.17732494997053,-0.0296081303018368,-0.0771613613937708,0.0614378233943161,0.0880612005921677,-0.0792335013703596,0.0126735631913313
"27",0.0431556100923989,-0.00983568273475497,0.281664846520871,-0.0214601391499967,-0.150975436393854,0.112052329664726,0.127340250469252,-0.138982699633215,0.136053448824841,0.0716106086147117,0.163987267669672,0.132384835539817,0.0249885268789789,-0.170942259077238,0.0407434390034152,0.0326003218970965,0.184520098515682,0.0607720318073923,0.0319341768638121,-0.0173005680390629,0.00806420331783471,0.0806178521464798,-0.0890073849666418,0.026999029943976,0.20811414580656,-0.00812528087609125,1,0.1530778857325,0.00921338422267987,0.146790779937504,0.0257371624779966,0.133893035331419,-0.0216539895191548,-0.193723305697227,0.157659309024056,-0.00036159548631112,-0.0141913077647962,-0.0647821143945109,-0.17014100482042,-0.0764895818020483,-0.174191598128112,-0.104264119406338,0.141219264926308,-0.0104270168092919,0.246393277443988,0.0595887374666665,0.0648383223211867,0.0117679130265799,0.0609021576369908,-0.0806427884821456,0.136593818074873,-0.0980023050229152,-0.0307254558668453,0.159856161061268,-0.1916418128152,-0.0304096496949836,-0.124601900021136,-0.156600982903048
"28",0.132675159021729,0.16965454776038,-0.0943902459411293,-0.034214381650621,0.092188327699847,0.0501174441657947,-0.142761957467634,0.0906221382651433,0.222502173256495,0.209518582563175,0.184616733336352,0.160876333978974,0.0640722950303585,0.0774992359381971,-0.0512420875157002,0.00079399742264363,-0.030375125274541,0.0482358921427183,-0.0541609010168245,-0.048426011890056,0.125780049502514,0.166394938252312,-0.0884071473173231,-0.0684082886823819,0.0789126438746259,0.0639844194422631,0.1530778857325,1,0.184976580507192,0.369049815705661,0.103694179900274,0.0944386818232999,0.220265321103103,0.16464972410489,-0.135519961111508,0.122076529627254,0.0707195486401873,0.237523595079989,0.0763423435615555,-0.0389062520608063,0.00178174186223043,0.0171198896611621,-0.0177859826520007,0.166921339723372,-0.0540371687156528,0.0582169758532864,-0.0471796209334928,-0.0281337130172792,-0.036258258012232,0.169896034096209,0.00999103985894056,-0.0606516286813077,-0.194531921301905,0.0181098022501043,-0.109017340414983,-0.00829403048100762,0.0487851201331308,0.132237020016525
"29",0.174799000494351,0.00227781053782839,-0.0844853176575798,-0.0970679010392988,-0.0282608915699841,-0.0664809302094753,0.017479633902972,-0.0646340801244924,0.13612905831811,0.104173094356171,0.174672929622475,-0.048402313778044,0.0283135975371965,0.300730847227289,-0.161339899461587,0.0303126180391215,0.0298995104541518,0.118042870774303,0.0112294950379954,0.0403937964396364,-0.0932595328063066,-0.0329649453730937,-0.165789398413474,-0.0605625429667358,-0.00163067900323428,-0.130536727267535,0.00921338422267987,0.184976580507192,1,0.113861782071249,0.0636486746001566,0.125388812580556,0.0253404690477415,-0.0842439768629588,0.0928451399034016,-0.0137254696266632,0.165273889634632,0.0646975344520345,0.0356829209790185,0.0161605763831892,-0.0812837185062453,0.0370391411874282,0.159674284867215,0.124990826882479,0.0582849646995413,-0.0326537653186436,-0.120400850521544,-0.130743635942487,-0.0325747726219452,0.162327975303362,0.0267425578271378,0.00390029292720745,0.121457213354997,0.179521657511683,-0.00650094912893219,0.0232683740065159,-0.0219730807457417,-0.0417291169069265
"30",0.161846942576357,0.277677488940372,0.0546791879180619,0.00619017346563244,-0.0572029902689661,0.181817284519937,-0.158002702795725,0.196952380133655,0.20843321851826,0.259750688497045,0.120276043674237,-0.0123077504761026,-0.0159558363941402,0.0410188699548576,-0.177888538152054,-0.129181220987049,0.0735946816485602,0.0207460828365394,-0.0571474238822068,0.0981901922669151,0.0714268207425092,0.248141879565844,-0.208918514685236,0.157623132586427,0.0596792257041123,0.106019987065647,0.146790779937504,0.369049815705661,0.113861782071249,1,0.0909438709887907,0.220538534147315,0.225215628564131,0.108434686847901,-0.0689243318168858,0.261549780688043,0.0364057794367768,0.237890669961956,0.0967133761429138,-0.0521555193270008,-0.014030985683447,0.0208344152830302,0.0337758177763214,0.203461450089817,-0.0134344269069102,0.199829463857711,0.092901976808419,0.00505715642213824,-0.074628803372143,0.0718410146432034,0.0360160199798911,0.0148730616889266,-0.0328903076681587,-0.0125053030652843,0.011994837130581,0.0213490620740045,-0.0558049373494237,-0.0941607106462828
"31",0.00375041470017126,0.00683678313341111,-0.0777509695221159,0.060618150983536,0.0501679725162123,0.21478870847668,0.0004170351171881,0.0456227432638675,0.0575948078719031,0.0964096403094019,0.0831572680288007,0.126100807357042,0.10846735290551,-0.0290559169941549,-0.0239159476164952,0.0589436496738635,0.187664301321024,0.0376433488424935,0.457592926038214,0.116532575793036,0.0804898735218899,0.14804773468449,0.203239153129195,0.0710061449255203,-0.0143617507368724,0.0231844837253388,0.0257371624779966,0.103694179900274,0.0636486746001566,0.0909438709887907,1,0.186274165624382,0.21218043963061,0.105844505115104,0.212193916531047,-0.170158158238513,0.0719326765959188,-0.0706325678326185,0.0443602662540686,0.202075803234376,0.0557491784857014,0.0320991644997517,0.107251144695653,0.0722454512535953,0.136116705077824,-0.0148208182310798,0.126064274412789,0.0585166122972645,-0.00528190976664635,-0.0107386356949029,0.118379091609544,0.0886712823006107,0.131132772607357,0.0789282408228267,-0.0330224760559499,-0.0564378113359772,0.00349251379889974,-0.0612939123489364
"32",0.0395985609700814,0.171198717048576,0.269545665942822,0.203969364616183,-0.0648878844651926,0.151365383388482,0.0254933461228522,0.128693549115041,0.110892189746266,0.126770144195833,0.201032561871185,0.37064875676143,0.150695595568513,0.00264627293905899,0.0529646384999531,-0.0334190822852024,0.303241009771207,0.0668260263344185,0.326574456915755,0.560670403799017,-0.0110694573546305,0.14047934015667,0.142565789963033,0.120028173126655,0.0468093614208801,0.277643106045326,0.133893035331419,0.0944386818232999,0.125388812580556,0.220538534147315,0.186274165624382,1,0.221259012280046,0.209423181660814,0.104806380525248,0.0441780164667487,-0.0213731716637238,0.0873538041773895,0.135608687110469,0.0872929495249245,0.143790348682097,0.133708013050115,0.188641872826795,0.0714338673322727,-0.0240142296288884,0.11424759004011,0.137722860639567,0.0290374632876398,0.162766878067142,0.181845615357859,0.173070345634065,0.210103755337989,0.0044579359720514,-0.0283188460433993,-0.076277552826314,0.0132736325547794,-0.0904085784585162,-0.0950273581147393
"33",-0.101218110875398,0.113184866445786,-0.103123752733387,0.207261656328466,0.0467914249219587,0.169268662111827,0.0857403655338681,0.312252895206132,0.0575446996122497,0.0195013300673184,0.107343625028022,0.261132562575191,0.097923635007183,0.0888477625932112,0.0572276386335849,0.0981156228974551,0.216925664491123,0.184554695202747,0.123735267966959,0.102775389460178,0.00691478426385655,0.176382643876197,0.0495125059327296,0.101784996251907,-0.0148220185127993,0.368316598511932,-0.0216539895191548,0.220265321103103,0.0253404690477415,0.225215628564131,0.21218043963061,0.221259012280046,1,0.350849080126493,0.016132858462655,0.142704008048956,-0.174751610230384,0.0461901967101224,0.227226805368302,0.327984522864633,0.230504346365823,0.284586201598685,-0.00393417114325595,0.0962044385048182,-0.174535318296722,-0.206349197074044,0.158306379358858,0.124413198853981,0.0512263533979164,0.319640874943468,0.155398678190814,0.229094280103236,0.116405017643841,0.0943228268590751,-0.0147123498809974,0.0303560754301808,0.0583890982977953,-0.0211286995687166
"34",-0.0563333024948772,0.11562820108182,-0.03729016202173,0.17825601810641,0.292956270042285,0.0644682160839626,0.148518084254705,0.163799016079529,0.103365760787724,0.0200363644041731,0.0832871565021708,0.33629259833629,0.128355008787421,0.202357602865703,-0.0325330010534975,-0.0339273883102206,0.0913023489726173,0.0614005957701538,0.22054772770009,0.145727092157614,0.0507872406848193,0.179217278030761,0.197162908031623,0.199942305985614,-0.00859035621195838,0.38633508192608,-0.193723305697227,0.16464972410489,-0.0842439768629588,0.108434686847901,0.105844505115104,0.209423181660814,0.350849080126493,1,0.0510499340765893,-0.0523241454828656,-0.0850546092969445,-0.115516148561399,0.155341113410711,0.387929482269346,0.273107358244398,0.306618969945716,0.134863383862544,0.13435731364634,-0.0402547869011615,-0.116420424883982,0.0917985933647895,0.107417467877224,0.225729197039829,0.363769696296076,0.231498798007692,0.123734534358304,-0.0257689731624292,0.00490341740324122,-0.061478660746302,-0.0147012752480473,0.109137554438707,-0.0129475414445732
"35",0.143335003064434,0.0843670020416624,0.0497075340699505,-0.157791660245704,0.0842215394017573,0.0113830962012771,0.566262105688607,-0.157015776788722,0.184545625985016,0.195917807353169,0.0967950637161212,0.026102398578235,0.234333697837042,0.130476963511779,-0.0342915530559368,-0.0117204281515242,0.0309803729304458,0.0503584116751649,0.235951022446177,0.0430272039872677,-0.0592677827882047,-0.124891051077666,0.34391136756785,0.173290431926092,0.102321614222136,0.0368532780519637,0.157659309024056,-0.135519961111508,0.0928451399034016,-0.0689243318168858,0.212193916531047,0.104806380525248,0.0161328584626551,0.0510499340765893,1,-0.228264445447755,0.196760468155805,-0.127733565994779,-0.089627210539062,0.0361542959767781,-0.0148291206654351,-0.0245728770836387,0.338335501836075,-0.0162478814239706,0.525134668779038,-0.241206605674009,-0.108348705983733,-0.0207492501466709,0.199831391432269,0.0619707881870968,0.280908372988579,-0.137099748013304,0.160104987726478,0.318640282182048,-0.197783727888529,0.0128578332392844,0.157379460706887,-0.306853013588748
