"","l_Insular.Cortex","r_Insular.Cortex","l_Amygdal.Area","r_Amygdal.Area","l_Bed.Nucleus.of.the.Stria.Terminalis","r_Bed.Nucleus.of.the.Stria.Terminalis","l_Hippocampus","r_Hippocampus","l_Orbitofrontal.cortex","r_Orbitofrontal.cortex","l_Entorhinal.Cortex","r_Entorhinal.Cortex","l_Frontal.Association.Cortex","r_Frontal.Association.Cortex","l_Globus.Pallidus","r_Globus.Pallidus","l_Glomerular.Layer.of.the.Accessory.Olfactory.Bulb","r_Glomerular.Layer.of.the.Accessory.Olfactory.Bulb","l_Glomerular.Layer.of.the.Olfactory.Bulb","r_Glomerular.Layer.of.the.Olfactory.Bulb","l_Granule.Cell.Level.of.the.Cerebellum","r_Granule.Cell.Level.of.the.Cerebellum","l_Hypothalamic.Region","r_Hypothalamic.Region","l_Entorhinal.Cortex","r_Entorhinal.Cortex","l_Vermix.Molecular.Layer.of.the.Cerebellum","r_Vermix.Molecular.Layer.of.the.Cerebellum","l_Lateral.Molecular.Layer.of.the.Cerebellum","r_Lateral.Molecular.Layer.of.the.Cerebellum","l_Anterior.Olfactory.Bulb","r_Anterior.Olfactory.Bulb","l_Posterior.Olfactory.Bulb","r_Posterior.Olfactory.Bulb","l_Subiculum","r_Subiculum","l_Perirhinal.Area","r_Perirhinal.Area","l_PreLimbic.System","r_PreLimbic.System","l_Primary.Cingular.Cortex","r_Primary.Cingular.Cortex","l_Primary.Motor.Cortex","r_Primary.Motor.Cortex","l_Retrosplenial.Cortex","r_Retrosplenial.Cortex","l_Secondary.Cingular.Cortex","r_Secondary.Cingular.Cortex","l_Secondary.Motor.Cortex","r_Secondary.Motor.Cortex","l_Striatum","r_Striatum","l_Ventral.Tegmental.Area","r_Ventral.Tegmental.Area","l_Substantia.Nigra","r_Substantia.Nigra","l_Thalamus","r_Thalamus"
"1",1,0.402924672819259,-0.102083206482737,0.041444347414381,0.0920299811270346,-0.0326589376522145,-0.0489395373492382,-0.147482856489452,0.370096070536494,0.303447148824314,0.244240477025901,0.165701622411101,0.0808792485192666,0.053802243113625,0.123576472564398,0.0492500964249339,0.0938565755917446,-0.0928864684985516,0.1176233103963,0.0140854524178301,-0.0486523912866027,0.0976541675671932,0.17811722961844,0.153142654472234,0.0885416274076415,0.0120840938425549,0.0392286652526679,0.179327055894496,0.00049384664465068,0.405047443201254,0.210979943154143,0.0993325568060391,0.278813250033432,0.122372803301359,0.0594354832212503,-0.200588307656018,0.0551059980062681,-0.0371628081831616,0.152246002290164,0.275389586570497,0.0300405021236723,-0.038213735444957,-0.0151056661933297,-0.23272329947945,-0.312561623479432,-0.302140847128932,-0.0563829620946945,-0.0272656670665951,0.108515268030672,0.0174445915202666,0.258979379957628,0.231192741904522,0.0377296837315538,0.0686187298640046,0.0410657238844128,0.00452665297572141,0.0189423401787554,0.228521563472969
"2",0.402924672819259,1,0.0570539790599921,-0.041793203370038,0.102974871931586,-0.0992738272033438,-0.24259125731181,-0.0039396110473011,0.200796133483341,0.382237945784976,0.0363574733833937,0.140399835188617,0.0905739027579357,-0.0933986481871182,0.145716660567964,-0.0185133709849674,-0.0720090985925495,-0.0458830173322822,0.100651097552574,0.0586801581247565,-0.122775443095631,0.0818248848702874,0.206981144742634,-0.0380296988931369,0.0132692304101334,-0.0899036629468572,-0.0424912944872827,0.0952889068234367,-0.0722249250211772,0.156838026729334,0.0257784874819633,0.0856239492027184,0.104784424623976,0.070261282014509,0.123474730684784,-0.094716509733463,0.167079148424409,-0.111327622257556,0.184459354231287,0.337131296009483,-0.0390165940323309,0.0880595019095586,-0.19524204669734,-0.043109061905629,-0.294018378278354,-0.309028980993196,0.094079708927643,-0.00896062119130627,0.0332010106428142,-0.0615927951155694,0.138007856142528,0.228244447665168,-0.109681520507699,-0.115655183177497,0.196231786140767,-0.0519894265452603,0.14556232644041,0.0804085548703378
"3",-0.102083206482737,0.0570539790599921,1,0.0318721768282179,-0.0717590963340037,0.067827018179199,0.0291756926228282,0.047039555554999,-0.0920891653241971,0.00596356367155591,0.246210025251944,-0.00689734009218986,-0.0851314390207086,-0.162005123100321,-0.0598265598939812,-0.0829436528493485,-0.0981553186974318,-0.157954612237748,0.0778218261273469,-0.0585519127870803,-0.0734281068373834,0.100570240591662,0.328600802450791,0.192280097364408,0.0831283471866836,-0.0410149359640605,-0.080686777315177,-0.0802945597686766,-0.0512733835972625,-0.0967035497873053,0.176596054951705,-0.123032834418158,-0.0472783781653172,-0.118933526493484,0.131077743647686,-0.108346086665805,-0.0662671634507858,0.0189560060040831,0.00456259484807883,0.0475855320066544,-0.0757743350858517,-0.148332412811563,0.0344000939576752,0.161376250584192,-0.100117378464657,-0.029248998551274,0.18714947183113,0.016128911322761,-0.15528107264859,-0.119572626674916,0.103320037218993,-0.1082906935225,-0.0606479752435781,0.208241799557523,-0.0520328264959509,-0.100886248752149,0.0652870310753542,0.00211793743669173
"4",0.041444347414381,-0.041793203370038,0.0318721768282179,1,0.106839191829305,0.055309028659794,0.0679435000208086,0.00118544895676232,-0.126962279589876,-0.0619618672205719,0.109126909833474,0.187357924703968,0.0824389356076919,-0.114192149155299,-0.0675985195052554,0.0865256773760212,-0.0135903868562737,-0.0530804647495522,0.0797694379549422,-0.0563804259587796,-0.0179502776604163,-0.156125255352437,-0.00643825015359397,0.0914137118803399,0.0820644740438143,0.277262977832525,0.058379701383841,0.0694043957148594,0.290963510278507,0.0368576397585277,0.0890864096274593,0.0522331341991513,-0.0410903060759246,-0.0082861664504726,0.00987737856421436,0.0761226500448755,-0.1147932541752,0.0149396607249984,-0.0569759789015373,-0.0255626576744467,-0.0102156317632701,0.236732612666982,0.127485530942947,0.126023609441848,-0.151815695831221,-0.112925044371869,0.0426491156062409,-0.113606552911039,0.093610867433504,0.111529344020151,0.0460728694379518,0.0750119245822553,-0.00813507720420941,-0.0608092338778344,0.0460055048059292,0.0386281490731175,-0.0631408164928689,0.00128034997478811
"5",0.0920299811270346,0.102974871931586,-0.0717590963340037,0.106839191829305,1,-0.134921340037169,0.013670313870192,-0.148607901316792,0.088136525326801,0.0673752737618472,-0.0540655326831312,-0.0949925470974459,-0.00025948598948923,-0.00992317389518078,-0.0374657252557535,-0.169735557994957,-0.0267726851500249,0.0891365679238166,-0.059769770171183,-0.0462314356071177,0.083754213778738,0.0842529432213589,0.0412099339254298,-0.179128503742552,-0.0185834939851911,0.0735098210259409,0.0411017321289242,-0.080040746352832,-0.040146695567654,0.0610030768778225,-0.0163323570195317,-0.00675929030899288,-0.151028722684567,0.127355281118563,0.0873677630784604,-0.0383546546074312,0.0107042884614513,-0.117635586150567,-0.139847195221737,0.0835650237393456,0.066290659093688,-0.00388631112750319,-0.0158156570283079,0.042839946431117,-0.0550888432095192,-0.0990588433924121,-0.172949559829405,-0.0776255137158151,0.0503311403918713,0.0751866265055885,0.0875547634705923,0.0259344308806556,-0.0320924808656995,-0.189815033326613,0.029561049775428,0.0613462541291913,0.0790260613304217,0.0719054303299142
"6",-0.0326589376522145,-0.0992738272033438,0.067827018179199,0.055309028659794,-0.134921340037169,1,-0.0265085565651811,-0.123378082130786,-0.023857258518168,0.0575329960055443,0.0422032217795723,0.160334836454068,0.0975346358671851,-0.0907027494027742,0.0391567798517018,0.0944774150953989,0.107318989505227,-0.0858493286497519,0.0864028454788168,0.00374309379473132,0.0744489269583511,-0.0725025607675491,-0.17943073901639,0.0303500084705616,0.0641258451542021,-0.0500724142434335,0.24814679804689,0.103286013566885,0.0633429995509687,-0.0393517414447181,-0.0134850063273306,-0.0682225338459712,0.112745787291723,0.113657096150344,-0.211654554335655,0.00898450708790596,-0.103889397715631,-0.0264506155421225,0.126332048260286,-0.00563578837272071,-0.175395442882346,-0.0948431154834154,-0.116814269657837,-0.0450592465481751,0.105972346248843,0.0815016339026399,-0.0109184698649187,-0.0511742444530628,0.101835357359866,-0.121678649411173,-0.00594892421500695,0.074726349898098,0.103902620922101,0.027975981430908,-0.0837174998570143,-0.00941300786673475,0.0169896086060587,0.132659578876204
"7",-0.0489395373492382,-0.24259125731181,0.0291756926228282,0.0679435000208086,0.013670313870192,-0.0265085565651811,1,0.0536763312308922,-0.131487342182014,-0.18499391656669,0.0219138559519522,0.0476786808163598,0.0252622597934536,-0.137270443145875,0.0373297296312454,0.195232084500862,-6.48183594374605e-05,-0.0271475677497902,-0.0925653499370464,-0.111816771017535,0.0993147243565307,0.0377707830637,-0.0175864313225464,0.150752376496733,-0.0936689583176843,0.097729262130899,-0.115697992596058,-0.060227174467085,-0.0978558984852127,-0.00543368533374322,-0.035023433585037,-0.157685091892205,-0.0021935108317367,0.0297920015789178,0.331557122985984,-0.0508919763038611,0.0115206368657445,0.0785823505925323,-0.254201950303954,-0.038653674400752,0.0619923627454493,0.0459299673776336,-0.0135210959062892,-0.0571564857015261,0.15874435611792,0.156133790135465,-0.0508938792586332,-0.0730369717222399,-0.0209190854039118,-0.0913038181800974,0.167236619926553,0.00142335848347979,-0.0661862971684323,0.0929043493123942,-0.111623283831353,-0.0539187139317214,-0.094431257710772,0.0504885647270814
"8",-0.147482856489452,-0.0039396110473011,0.047039555554999,0.00118544895676232,-0.148607901316792,-0.123378082130786,0.0536763312308922,1,-0.272730970228051,-0.103448699145612,-0.0754031618077701,-0.108555977968999,0.0259638942073406,-0.0433776278423812,-0.116480179650237,0.0415904076445472,-0.0144337852311462,-0.0636765374874376,0.0827439437436046,-0.145961559315442,-0.0396185110973708,-0.136168784323733,0.0341973310677273,0.100958105530372,-0.0373876243318619,-0.0256447745990378,-0.123899579282206,0.00018931405215659,-0.083839069231896,-0.187928474677449,-0.00694735716365325,-0.0471185428755928,-0.118561239496585,-0.0558570370978318,-0.0534062693478387,0.325876255523752,0.0692512234079833,0.169410781857468,0.0144877632920279,-0.167147094833656,-0.0753997185189113,0.016324218344057,-0.038590593055152,0.134983246821901,-0.0197981627763587,-0.0512975484565963,-0.108715029145095,-0.124922956396157,-0.0981921988059795,0.205094258816233,-0.167271979322124,-0.0550261662153302,0.0194860328967406,0.00182883202134683,0.0060810150192537,0.106244533339522,-0.0396905810001525,-0.0369905961298182
"9",0.370096070536494,0.200796133483341,-0.0920891653241971,-0.126962279589876,0.088136525326801,-0.023857258518168,-0.131487342182014,-0.272730970228051,1,0.258525303326125,0.149900678474388,0.0228083558057862,0.0489522480856297,0.287757703253525,0.0945541717560433,0.0394012333145124,0.147304588120354,0.123992182383167,0.0935210892520443,0.161709668993074,0.0249176514389749,0.0959724759528871,-0.0858569751326414,0.110847163636983,0.180952806409383,-0.0268350436943669,0.169139388438121,0.25935722228791,-0.0793918555862619,0.106794169726892,0.13462987150918,0.10799949219517,0.342168354159818,0.131449599877825,0.0374940760429195,-0.268657545781992,0.160207315040268,0.119946998124966,0.240798344089485,0.273275993955329,-0.0304812291602861,-0.0346575092561182,0.0674323789199235,-0.134412063935239,-0.155839330970575,-0.139716996720455,0.0516206425692501,-0.00755300649271808,0.0508939600603758,0.0416465465147166,0.134180527886713,0.038107200433147,0.017228895067367,0.13667364377326,-0.0359934423260011,-0.0281177546159571,0.115762485239386,0.112868662815867
"10",0.303447148824314,0.382237945784976,0.00596356367155591,-0.0619618672205719,0.0673752737618472,0.0575329960055443,-0.18499391656669,-0.103448699145612,0.258525303326125,1,0.160764390700724,0.249542343041366,-0.0352887660462147,0.085036172853714,0.118610505536123,0.170619962759363,-0.104856429318985,-0.00766401865723068,0.217439557623632,0.107350487479664,-0.0199114411894661,0.0910860381662195,0.0456754107485292,-0.0442977553944132,0.293407569369691,-0.074976345988543,-0.119998872848916,0.125512562041794,-0.0238547795263369,0.278660303663249,0.043934186634579,0.172281207646811,0.11720630775408,0.218410062767296,0.0880889419129029,-0.171694458480294,0.125640065411001,-0.101353300664832,0.192799241281836,0.264045418340363,0.162711667460209,-0.0803694315248289,-0.205180079232943,-0.109519010603916,-0.159804696187798,-0.285413394120423,0.263895110800499,0.0357187330192967,-0.079597505077083,0.015146043269631,0.193618802422952,0.259949033925756,-0.101853434438929,0.0175905689877576,0.0994031232169392,-0.00751392545039273,-0.0468208312259236,0.100419822955661
"11",0.244240477025901,0.0363574733833937,0.246210025251944,0.109126909833474,-0.0540655326831312,0.0422032217795723,0.0219138559519522,-0.0754031618077701,0.149900678474388,0.160764390700724,1,0.210010254410586,-0.0981100234889072,0.0865409829766726,0.194729739414256,0.164862352208226,-0.0288883129054113,0.0176734233108951,0.103927471844133,0.208803266116517,-0.103789673734224,-0.137529059058247,0.169515058080406,0.446467810613119,0.222363677449149,0.162041345712786,0.135372496083735,-0.0791648701530924,-0.0666766490418587,0.204209276836941,0.21760384760134,0.0163832629327905,0.00978632637165985,0.00538037726866983,0.117950408668057,-0.17334731182062,0.229188303225763,-0.0383231287942239,0.0717624547406299,0.209953466934062,-0.0986405837843724,-0.0915371253810757,0.0934118597997599,-0.0795122091939359,-0.349287709363825,-0.290842213926333,0.0783516988502175,-0.0536622068306102,-0.129530454313068,0.00557307398459631,0.130399891628766,0.117559499918167,-0.00883315996718018,0.170871277835317,0.115951558525566,0.0294979150555503,0.0538869227308874,0.0696740338384688
"12",0.165701622411101,0.140399835188617,-0.00689734009218986,0.187357924703968,-0.0949925470974459,0.160334836454068,0.0476786808163598,-0.108555977968999,0.0228083558057862,0.249542343041366,0.210010254410586,1,0.171657391525662,-0.00232850004520752,0.037341563810527,0.0948666800906522,0.119270174073237,-0.177472045567264,0.111935174095577,-0.0487872991493618,-0.197608365020017,-0.0553650040035282,0.0154192928362553,0.134049786074337,0.117348608693948,0.030072430797133,0.0616112654769199,0.0511036155425583,0.0283585129435903,0.109074118297215,0.118660389275038,0.019340885858899,0.0248143966610877,0.211985001745014,0.0311839473714335,-0.0857474076532958,0.00302657054736766,0.0462370168399692,0.0232705188096382,0.0724057369052469,-0.202161141483264,0.0173172955552218,-0.0816168992109612,0.0579984942947924,-0.125089085598379,-0.222816367950242,0.180654655600534,-0.0924670525620461,0.0438620717079953,0.00472169949239592,0.0587589603641092,-0.0344512893736352,-0.159170222170066,0.134674992292127,0.203218945252489,-0.0699765299702346,-0.0451758551955606,0.366176954863976
"13",0.0808792485192666,0.0905739027579357,-0.0851314390207086,0.0824389356076919,-0.00025948598948923,0.0975346358671851,0.0252622597934536,0.0259638942073406,0.0489522480856297,-0.0352887660462146,-0.0981100234889072,0.171657391525662,1,0.102940471057589,-0.0407870348590776,-0.0255727502332935,0.228847021110215,0.0740728004746056,-0.0926556281965702,-0.110654807099711,0.142221034330533,-0.124569661659106,0.181219614349714,-0.0449465168232337,-0.149724419840433,0.126937278924743,0.0250713390742307,-0.0545482669957742,0.0996149271683154,-0.103718207898169,-0.0841183762335741,-0.167353839850619,0.0421817582845125,0.163258004252119,-0.162841051326471,-0.1448269302447,-0.168708270102503,0.0827252766025349,-0.00190871330265914,0.0681039726770644,-0.0740273963965985,0.0845119727982159,0.109209538454991,0.0530306106135105,-0.102618897010664,-0.0356010752475527,-0.0674330000879264,-0.114928011375837,0.580950991413961,0.150499476032193,-0.0182774626327536,0.159562018322444,0.00173596409147249,-0.13211620001829,0.0686431913624004,-0.0119189141680954,-0.0567732050850326,0.179069492881596
"14",0.053802243113625,-0.0933986481871182,-0.162005123100321,-0.114192149155299,-0.00992317389518078,-0.0907027494027742,-0.137270443145875,-0.0433776278423812,0.287757703253525,0.085036172853714,0.0865409829766726,-0.00232850004520752,0.102940471057589,1,0.0346619672923746,0.0949588881346712,0.0531049736779257,0.295211415871422,0.0630781420629291,0.26202663219598,0.127285886880257,-0.22065839532,-0.0109097903167395,-0.143892019645924,0.030405661168115,-0.0106463513234823,0.12939982810012,0.108962910946811,-0.148532376322202,-0.00879196555835693,0.0473749398310669,0.223504623880015,-0.0991493828589417,0.144668350099317,-0.12562265814808,0.0472435478404656,0.0170784750708859,0.108336515926018,0.138444252601922,0.191390281421857,-0.145135347511512,-0.137055398527526,-0.0532734721986669,0.00614239253525243,-0.0356959460591491,-0.11729222807259,0.102280380562411,0.0543539973501148,-0.0533318668784676,0.522409899483313,-0.0438027837527301,-0.0116484046407675,0.0904008300257869,-0.064053144482325,0.0175043104749171,-0.0704896313737702,0.10913843521108,0.145905190140644
"15",0.123576472564398,0.145716660567964,-0.0598265598939812,-0.0675985195052554,-0.0374657252557535,0.0391567798517018,0.0373297296312454,-0.116480179650237,0.0945541717560433,0.118610505536123,0.194729739414256,0.037341563810527,-0.0407870348590776,0.0346619672923746,1,0.0774360694791948,-0.182939596361085,-0.0805880044231949,0.0451621863581184,0.0294989004920805,0.114263459276445,-0.134973628964744,-0.00306313634799346,0.117677353760301,0.0436442490232408,0.190590285090314,0.0455773647098884,-0.00198172898166424,0.0929890126210412,0.276581111352787,0.130455485194758,0.0555946548328936,0.0861740665452298,-0.0820411483658537,0.270729100257286,0.0396290756780784,0.125248339732904,-0.0643774116679658,-0.00394891876257517,0.270604221322075,0.0935968250986616,-0.0525403287580411,0.149911015520572,-0.0736863376399933,-0.061814293807387,-0.14533588884627,0.153816258137183,0.0999980242812367,-0.209326841827584,-0.0981904346293086,0.284195921135449,0.181399151952514,0.00625522248917794,-0.159840460091848,0.0341298638178745,-0.0469471031688026,-0.0153703447427057,-0.0775260141760218
"16",0.0492500964249339,-0.0185133709849674,-0.0829436528493485,0.0865256773760212,-0.169735557994957,0.0944774150953989,0.195232084500862,0.0415904076445472,0.0394012333145124,0.170619962759363,0.164862352208226,0.0948666800906522,-0.0255727502332935,0.0949588881346712,0.0774360694791948,1,-0.0406118890854545,0.0328560669676199,-0.0347320931084839,0.0492490499226751,-0.122327799669366,-0.146387310734946,-0.060228816433089,0.137513270612075,0.0764051176829809,-0.0700270555894349,0.0821058081509594,0.109786078920951,-0.249116387274705,0.0874277855779468,0.082741136190595,0.0969174935231204,0.010626106005799,0.170616363813943,0.0878891982179486,0.074129398167587,0.0499867388065644,0.162537233341375,0.0155238742928417,0.117546811289478,0.0937627463165088,0.0686806236752673,-0.121027152643173,0.0243969319828661,-0.0447540499733425,-0.0522604574317917,0.0211747700823898,-0.00573178169964963,-0.177596253064966,0.187296395862931,0.0761041388302706,0.145649580546102,-0.0172780093632665,0.160707568320133,0.0976409293540392,0.114663027605991,0.0337575250305203,-0.00128415400278032
"17",0.0938565755917446,-0.0720090985925495,-0.0981553186974318,-0.0135903868562737,-0.0267726851500249,0.107318989505227,-6.48183594374605e-05,-0.0144337852311462,0.147304588120354,-0.104856429318985,-0.0288883129054113,0.119270174073237,0.228847021110215,0.0531049736779257,-0.182939596361085,-0.0406118890854545,1,0.0373932179657025,-0.0249563791176404,-0.0163887489464774,0.0978759015160264,0.116080655830933,-0.0234069265175298,0.140425018228866,-0.0748802476150592,-0.0604597839603264,0.0899569352631802,0.0807605511251504,0.0258332113372759,0.00835269522233315,0.0839876739587921,-0.092092083251363,0.168626786576099,0.168168898230906,-0.202359345331759,-0.214083118595354,-0.0437991618474742,0.120314568290779,0.252722400321079,0.10372777508772,-0.00451779400965906,-0.09803316613278,0.0754204587442877,0.0179131104396541,-0.172180031071183,-0.0256741976616769,-0.193102298491407,0.0484607466250974,0.225861847551175,0.00736403612222244,-0.204029925025633,-0.0239818505555012,0.13557563450115,0.0152339709068388,-0.0898068036588548,-0.0769672391856351,0.220899579947368,0.374184065859289
"18",-0.0928864684985516,-0.0458830173322822,-0.157954612237748,-0.0530804647495522,0.0891365679238166,-0.0858493286497519,-0.0271475677497902,-0.0636765374874376,0.123992182383167,-0.00766401865723068,0.0176734233108951,-0.177472045567264,0.0740728004746056,0.295211415871422,-0.0805880044231949,0.0328560669676199,0.0373932179657025,1,0.0628598464029469,-0.0157628029275897,0.0607934184982892,-0.217120568975142,0.113718406319537,0.0281638103735776,-0.0636890912501271,-0.0650027261355356,0.0603716064706838,-0.0298103274319528,0.0229608620625516,0.0232316351890874,-0.0378536900756008,0.214025993860007,-0.204347557295824,0.100088266772092,-0.0623877827654227,-0.00303594237689925,-0.18084753538684,-0.177242067201742,-0.105255478822359,0.0299006703292616,0.168026913471068,0.143773992256742,-0.0928405019541443,-0.280925014509153,0.219559294157294,0.144221334707726,-0.142466352784567,-0.0485092064636908,0.133019423501774,0.193318119883289,-0.280163361616165,-0.129209741246874,0.0661856814354563,-0.0176163702439142,-0.0244876583895001,-0.100315700110977,-0.00185422565532393,-0.0337602304768111
"19",0.1176233103963,0.100651097552574,0.0778218261273469,0.0797694379549422,-0.059769770171183,0.0864028454788168,-0.0925653499370464,0.0827439437436046,0.0935210892520443,0.217439557623632,0.103927471844133,0.111935174095577,-0.0926556281965702,0.0630781420629291,0.0451621863581184,-0.0347320931084839,-0.0249563791176404,0.0628598464029469,1,-0.146168609513133,0.259897230940677,-0.0247237761849453,0.074188322221551,0.0945164284471583,0.182972700301347,0.00609759809272097,0.0526864983356614,0.142949810690305,0.17066351961152,0.176105910705477,0.187634731761334,0.108581420027199,0.0546758591299751,-0.0882247271804783,-0.035678943787808,-0.0260578634658882,0.00317919842950148,-0.236757841088719,0.0393950454258895,0.0839922976418938,0.0214068621204488,-0.00681965701308991,-0.131124872857433,0.0967511883930092,-0.170937623455834,-0.152172929726499,0.0692186044039879,-0.121794104211136,-0.182902384426608,0.169056977190415,-0.0851488665817727,-0.0880050557927507,-0.0774239243270932,-0.0464135036244819,-0.143996380582705,-0.075965993502318,-0.0762685818938549,0.0882462015950746
"20",0.0140854524178301,0.0586801581247565,-0.0585519127870803,-0.0563804259587796,-0.0462314356071177,0.00374309379473132,-0.111816771017535,-0.145961559315442,0.161709668993074,0.107350487479664,0.208803266116517,-0.0487872991493618,-0.110654807099711,0.26202663219598,0.0294989004920805,0.0492490499226751,-0.0163887489464774,-0.0157628029275897,-0.146168609513133,1,-0.0776726298776552,-0.0699622836858612,-0.138491617234863,-0.0591739910019843,0.171003148044025,0.0353814805668288,0.0859822729515886,-0.174791036533044,-0.00421099893664511,0.108884323818943,0.0454824174405706,0.220132510347026,-0.00722425113203714,0.101906620261222,-0.0563348167458255,-0.0493230869390072,0.00313664632412449,0.0921739386659728,0.121921880188415,-0.00171063288895937,0.0786463654087891,-0.239197470871792,-0.0292500337074122,-0.0881274833277889,-0.220036052298188,-0.191390702548649,0.104424464985432,0.0711728538922097,0.0373758191532115,0.0518481653973355,0.162876220133346,0.065297730372697,0.111408849105968,0.0480206369788453,0.17258698723984,-0.0207739118789707,0.132117656202181,0.133561316092128
"21",-0.0486523912866027,-0.122775443095631,-0.0734281068373834,-0.0179502776604163,0.083754213778738,0.0744489269583511,0.0993147243565307,-0.0396185110973708,0.0249176514389749,-0.0199114411894661,-0.103789673734224,-0.197608365020017,0.142221034330533,0.127285886880257,0.114263459276445,-0.122327799669366,0.0978759015160264,0.0607934184982892,0.259897230940677,-0.0776726298776552,1,-0.0252230171391499,0.0508120891638016,-0.192148837390506,-0.0176842758090206,0.0641986215529621,0.131201969243892,-0.0334947270705937,0.27232351077281,-0.0140498731052503,0.0221712679221261,-0.127398799276718,0.0558058931932161,-0.00911552751516575,0.0110268165646502,-0.0158361259095259,-0.0344484232960809,-0.0558463689089974,-0.0321078014059082,0.0243660970998184,-0.0330280374856047,-0.127221056317184,0.0174877949357482,0.103125097319527,0.0398326988489887,-0.00576355978257516,-0.125406090409856,-0.00963087527343308,0.0644784855719902,0.0071204330331213,-0.00277441747857179,0.0651360334462153,-0.155529524315905,-0.0934338063536031,-0.235646472067133,-0.208076322788312,-0.035400259341907,-0.0108614897114774
"22",0.0976541675671932,0.0818248848702874,0.100570240591662,-0.156125255352437,0.0842529432213589,-0.0725025607675491,0.0377707830637,-0.136168784323733,0.0959724759528871,0.0910860381662196,-0.137529059058247,-0.0553650040035282,-0.124569661659106,-0.22065839532,-0.134973628964744,-0.146387310734946,0.116080655830933,-0.217120568975142,-0.0247237761849453,-0.0699622836858612,-0.0252230171391499,1,0.0812247509010404,-0.0718217596944127,-0.0901829879501942,-0.102570330363768,-0.0818943679920924,0.0362702590143939,-0.0742907178955291,-0.00092249219101443,0.0912206009505544,0.0226223426298653,0.101171071540638,-0.00960835589039407,0.145346898995235,-0.104811847886188,0.110262010725859,0.0109880927618092,0.0334853138896825,-0.00555138449797076,0.157054247052701,-0.00355749834139558,-0.148709070511686,-0.0248267541195172,-0.124505152780574,0.0226613278067204,-0.0298940371086538,0.126019153754785,-0.0755382209390725,-0.0995756037400153,0.111231966572893,0.0217610349262048,-0.00262017393168225,-0.104841401271034,-0.0964147498472145,0.0955872635382748,0.0512951890277938,-0.0532071962514764
"23",0.17811722961844,0.206981144742634,0.328600802450791,-0.00643825015359397,0.0412099339254298,-0.17943073901639,-0.0175864313225464,0.0341973310677273,-0.0858569751326414,0.0456754107485292,0.169515058080406,0.0154192928362553,0.181219614349714,-0.0109097903167395,-0.00306313634799346,-0.060228816433089,-0.0234069265175298,0.113718406319537,0.074188322221551,-0.138491617234863,0.0508120891638016,0.0812247509010404,1,0.162479387862756,0.0600506989602757,-0.0194932804874081,-0.173819151357423,-0.0795420899948404,0.0109485758020492,-0.0159726558318014,0.00537559566026804,-0.0225111825416355,-0.0577680604671164,-0.0646555256764655,0.0745421265428285,-0.195139724472932,0.030980829130197,-0.22665988687952,0.00472925772414281,0.103825137317631,0.154079563456761,0.00304286843939575,0.0938052042420949,-0.00770462347971013,-0.163628796597609,-0.250065483094515,0.058334025938263,0.0935937290487214,0.0221149378422781,0.00602862405235789,0.144790967663562,0.0708145651695728,-0.0847665358192489,-0.088976751401435,-0.0571608206265867,-0.152103958425969,0.133902278692154,0.0939950443728101
"24",0.153142654472234,-0.0380296988931369,0.192280097364408,0.0914137118803399,-0.179128503742552,0.0303500084705616,0.150752376496733,0.100958105530372,0.110847163636983,-0.0442977553944132,0.446467810613119,0.134049786074337,-0.0449465168232337,-0.143892019645924,0.117677353760301,0.137513270612075,0.140425018228866,0.0281638103735776,0.0945164284471583,-0.0591739910019843,-0.192148837390506,-0.0718217596944127,0.162479387862756,1,0.00146062205509143,0.0179152665051999,-0.00562705496278691,0.0978240985382147,0.162086614101834,0.222731556774462,0.188725655834865,-0.0794730711480043,0.290156315674577,-0.0703127449435496,0.0691887564172672,-0.0392345619831932,0.115324393206648,0.041176580434589,0.140769925121614,0.256037161111726,-0.0276289868118505,0.0427204479950223,0.170784212610685,0.0697544637487352,-0.212901586256685,-0.236525843943151,0.00653696227650556,-0.0930884144242008,-0.0392896032440311,-0.108553978220948,-0.117366155155802,0.0231418720854709,0.116574539785115,0.223646421506629,0.125525974796581,-0.0251182767908221,0.0720427640905021,0.0781901416953335
"25",0.0885416274076415,0.0132692304101334,0.0831283471866836,0.0820644740438143,-0.0185834939851911,0.0641258451542021,-0.0936689583176843,-0.0373876243318619,0.180952806409383,0.293407569369691,0.222363677449149,0.117348608693948,-0.149724419840433,0.030405661168115,0.0436442490232408,0.0764051176829809,-0.0748802476150592,-0.0636890912501271,0.182972700301347,0.171003148044025,-0.0176842758090206,-0.0901829879501942,0.0600506989602757,0.00146062205509143,1,-0.0318546626437555,0.0712313593628882,-0.0330461084886567,0.112478427217613,0.132582869709808,0.109026313892379,0.0669159700364408,0.174171127752237,0.183565470042256,-0.0137964740326054,-0.170134746733,0.0421031067507291,0.0193928337231217,0.324393203507915,0.094356853438549,0.105625578038795,-0.166456280452419,0.236756662120643,-0.0758834304879692,-0.205125428205251,-0.186744584656519,0.0780915736784293,0.15359208211782,-0.103056852177923,-0.0933160624000982,0.298571307937188,-0.0120901664399558,-0.107774614085179,0.182585404294015,0.198188477169358,-0.0839523352855928,0.176889795566461,0.102215732743139
"26",0.0120840938425549,-0.0899036629468572,-0.0410149359640605,0.277262977832525,0.0735098210259409,-0.0500724142434335,0.097729262130899,-0.0256447745990378,-0.0268350436943669,-0.074976345988543,0.162041345712786,0.030072430797133,0.126937278924743,-0.0106463513234823,0.190590285090314,-0.0700270555894349,-0.0604597839603264,-0.0650027261355356,0.00609759809272098,0.0353814805668288,0.0641986215529621,-0.102570330363768,-0.0194932804874081,0.0179152665051999,-0.0318546626437555,1,0.070865286996161,0.0864983355801396,0.292743972832299,0.091727100803799,0.0648130304263814,0.0661340093658104,0.081853847283905,0.144748460072913,0.0186664941934581,0.114871777610251,0.12654639482762,0.0930349095038896,0.00041721016417693,0.0980532006762273,0.0496808461181405,-0.169745899281111,0.251206826081261,0.102109553564071,-0.177197553499292,-0.171252178306638,0.128329919910364,0.065307208108741,0.167428725787072,-0.0501887284998146,0.143500148189286,0.0376536418550438,0.00097703384788915,-0.165297645985252,0.0459767399399116,-0.0158048389366441,0.0363150373343868,-0.0248149825469826
"27",0.0392286652526679,-0.0424912944872827,-0.0806867773151769,0.058379701383841,0.0411017321289242,0.24814679804689,-0.115697992596058,-0.123899579282206,0.169139388438121,-0.119998872848916,0.135372496083735,0.0616112654769199,0.0250713390742307,0.12939982810012,0.0455773647098884,0.0821058081509594,0.0899569352631801,0.0603716064706838,0.0526864983356614,0.0859822729515886,0.131201969243892,-0.0818943679920924,-0.173819151357423,-0.00562705496278691,0.0712313593628882,0.070865286996161,1,-0.0152145175838513,-0.00210140555769871,0.091245763519051,0.0264431856371253,0.137055937312505,0.0505832868618771,0.0466293266566378,-0.0840613002635424,0.0642153411216189,0.0609282178752519,0.00808538939705529,-0.0585705356701104,0.047400131733463,-0.0703440741219483,-0.0652596468411496,0.0021831351033233,0.00971364913868135,-0.0320875845833587,0.0475815226585471,0.0984306439307882,0.0415526541033539,0.00295538569451175,0.0744795073442459,-0.0329259250562987,0.0695428463355829,0.00090454412184427,-0.15099276537558,-0.0606518945912189,-0.140955070689515,-0.00051727083669144,0.0944432375731186
"28",0.179327055894496,0.0952889068234367,-0.0802945597686766,0.0694043957148594,-0.080040746352832,0.103286013566885,-0.060227174467085,0.00018931405215659,0.25935722228791,0.125512562041794,-0.0791648701530924,0.0511036155425582,-0.0545482669957742,0.108962910946811,-0.00198172898166424,0.109786078920951,0.0807605511251503,-0.0298103274319528,0.142949810690305,-0.174791036533044,-0.0334947270705937,0.0362702590143939,-0.0795420899948404,0.0978240985382147,-0.0330461084886567,0.0864983355801396,-0.0152145175838513,1,-0.0393221981284806,0.109547154821999,-0.0285659063481183,-0.0183617719099887,0.0513415447280198,-0.0399103156637826,-0.0762905231968854,-0.0541571341294107,0.194040619972505,0.0663661860377164,0.328730517950036,0.199753813490617,-0.0595843968515983,0.191228871579757,-0.00403312717500826,-0.0871745577899764,-0.101417685710913,-0.0893885494351644,0.116044184597673,0.0301989873590577,-0.0854289576022779,0.11624988808123,0.097139739443323,0.102891507699901,-0.11413597290501,0.0277460776815718,-0.087778169837973,0.00711620548781491,0.12037356859818,0.0113037270561805
"29",0.00049384664465068,-0.0722249250211772,-0.0512733835972625,0.290963510278507,-0.040146695567654,0.0633429995509687,-0.0978558984852127,-0.083839069231896,-0.0793918555862619,-0.0238547795263369,-0.0666766490418586,0.0283585129435903,0.0996149271683154,-0.148532376322202,0.0929890126210413,-0.249116387274705,0.0258332113372759,0.0229608620625516,0.17066351961152,-0.00421099893664511,0.27232351077281,-0.0742907178955292,0.0109485758020492,0.162086614101834,0.112478427217613,0.292743972832299,-0.00210140555769871,-0.0393221981284806,1,0.112068391808948,0.0612976933756626,-0.0585256141490431,0.182954257046911,0.0430914124488477,-0.0614916283308719,0.0383937385189718,-0.161891496360805,-0.0374733161572121,0.0186702474267186,-0.0504457948972794,0.00241866413672683,-0.0425585103783244,0.278973659490207,0.0876246112498247,-0.125859947721278,-0.141304141719523,-0.0289529745540986,-0.0358864174836881,0.21955940871028,-0.103924671948514,0.0290904767824444,-0.0252203611393502,0.0354985117339003,0.051300451032839,0.0735454183220171,-0.180175304225583,-0.0308185510270364,-0.0657946755475732
"30",0.405047443201254,0.156838026729334,-0.0967035497873052,0.0368576397585277,0.0610030768778225,-0.0393517414447181,-0.00543368533374322,-0.187928474677449,0.106794169726892,0.278660303663249,0.204209276836941,0.109074118297215,-0.103718207898169,-0.00879196555835693,0.276581111352787,0.0874277855779468,0.00835269522233315,0.0232316351890874,0.176105910705477,0.108884323818943,-0.0140498731052503,-0.00092249219101443,-0.0159726558318014,0.222731556774462,0.132582869709808,0.091727100803799,0.091245763519051,0.109547154821999,0.112068391808948,1,0.047458581817883,0.0538590130483291,-0.00429375787206745,0.0746338496561416,0.157589368473635,-0.050335205390606,0.0203244168389427,-0.0701729898329909,0.0777049235603451,0.277358019845012,0.136663081805002,-0.0874774943023424,-0.0462456990162629,-0.132514520648374,-0.228702285203007,-0.138153680897231,0.0283171736490964,0.0575325986069635,0.0411079120415492,0.110206529032424,0.226593740498682,0.0751249753517636,0.102663639066408,-0.0562986542507227,0.0280844250947788,-0.067714592952993,-0.0601669473403531,0.170660859106183
"31",0.210979943154143,0.0257784874819633,0.176596054951705,0.0890864096274593,-0.0163323570195317,-0.0134850063273306,-0.035023433585037,-0.00694735716365325,0.13462987150918,0.043934186634579,0.21760384760134,0.118660389275038,-0.0841183762335742,0.0473749398310669,0.130455485194758,0.082741136190595,0.0839876739587921,-0.0378536900756008,0.187634731761334,0.0454824174405706,0.0221712679221261,0.0912206009505544,0.00537559566026804,0.188725655834865,0.109026313892379,0.0648130304263814,0.0264431856371253,-0.0285659063481183,0.0612976933756626,0.047458581817883,1,0.120853310261705,0.134859336284564,0.118926621091282,0.00855908024185542,-0.117779885557353,0.116912925790962,0.105178486872755,0.0200004775654868,0.176886283083334,0.0540628379391606,-0.174175979402762,0.0210994525776201,-0.035858159692859,-0.241717270421764,-0.136198305831528,0.0586693756706194,-0.00024531647269338,-0.054231832851957,-0.0296164882922571,-0.0372236847949788,-0.139571337308716,0.0552054681912566,0.145744765146549,0.109707546811129,0.0295992653887361,0.23390748740509,0.100955521250813
"32",0.0993325568060391,0.0856239492027184,-0.123032834418158,0.0522331341991513,-0.00675929030899288,-0.0682225338459712,-0.157685091892205,-0.0471185428755928,0.10799949219517,0.172281207646811,0.0163832629327905,0.019340885858899,-0.167353839850619,0.223504623880015,0.0555946548328936,0.0969174935231204,-0.092092083251363,0.214025993860006,0.108581420027199,0.220132510347026,-0.127398799276718,0.0226223426298653,-0.0225111825416355,-0.0794730711480043,0.0669159700364408,0.0661340093658104,0.137055937312505,-0.0183617719099887,-0.0585256141490431,0.0538590130483291,0.120853310261706,1,0.00480145561130066,0.157244470599411,-0.0054734920525561,0.149108063939561,0.0727878475366916,-0.0260522402222952,0.109906546139181,0.0638273743025066,0.0472224084715233,-0.146706434510017,-0.198553766034288,-0.0487039843185452,0.180613240522382,0.11673621983766,-0.0796025686573587,0.00128996950151497,-0.108172079134266,0.0984325520243344,-0.0293029675514308,-0.0652966329550617,0.0557250548998882,-0.0987025082183023,0.129790345588297,0.029635975952485,0.0187808886267767,-0.00113574185022977
"33",0.278813250033432,0.104784424623976,-0.0472783781653172,-0.0410903060759246,-0.151028722684567,0.112745787291723,-0.0021935108317367,-0.118561239496585,0.342168354159818,0.11720630775408,0.00978632637165985,0.0248143966610877,0.0421817582845125,-0.0991493828589417,0.0861740665452298,0.010626106005799,0.168626786576099,-0.204347557295824,0.0546758591299751,-0.00722425113203714,0.0558058931932161,0.101171071540638,-0.0577680604671164,0.290156315674577,0.174171127752237,0.081853847283905,0.0505832868618771,0.0513415447280198,0.182954257046911,-0.00429375787206745,0.134859336284564,0.00480145561130067,1,0.117344988217033,-0.0535941688388293,-0.0972984099559512,0.0486690029708292,0.227254851315448,0.313358012627667,0.226360448705102,-0.158712486652834,-0.206091099498343,0.0931932373487684,0.0749733486677969,-0.206591048568768,-0.138570030229581,-0.0646362051218921,0.0579685963672638,-0.062927411982196,-0.368991225057383,0.07953842530011,0.127797723229987,-0.097409282416235,0.0958553756139089,0.0406567025847107,-0.0714640559267114,0.158032188124887,0.0359272216285306
"34",0.122372803301359,0.070261282014509,-0.118933526493484,-0.0082861664504726,0.127355281118563,0.113657096150344,0.0297920015789178,-0.0558570370978318,0.131449599877825,0.218410062767296,0.00538037726866983,0.211985001745014,0.163258004252119,0.144668350099317,-0.0820411483658537,0.170616363813943,0.168168898230906,0.100088266772092,-0.0882247271804782,0.101906620261222,-0.00911552751516575,-0.00960835589039407,-0.0646555256764655,-0.0703127449435496,0.183565470042256,0.144748460072913,0.0466293266566378,-0.0399103156637826,0.0430914124488477,0.0746338496561416,0.118926621091282,0.157244470599411,0.117344988217033,1,-0.17886922335016,0.0355170898646998,-0.167219115115205,0.0936101327032683,0.104000977871797,0.219395103045731,-0.0844916170472241,-0.113566158214913,-0.156871708415586,0.00971941109312393,-0.0920388243630372,0.0144754808272355,-0.130327384454085,-0.0355122427480464,0.0374617630637779,0.143638593254533,0.00484073507161707,-0.00900328080061526,-0.113150380674168,0.0407095401053601,0.0939149153483041,0.00085269411230286,0.167020722587039,0.233479789380661
"35",0.0594354832212503,0.123474730684784,0.131077743647686,0.00987737856421436,0.0873677630784604,-0.211654554335655,0.331557122985984,-0.0534062693478387,0.0374940760429195,0.0880889419129029,0.117950408668057,0.0311839473714335,-0.162841051326471,-0.12562265814808,0.270729100257286,0.0878891982179486,-0.202359345331759,-0.0623877827654227,-0.035678943787808,-0.0563348167458255,0.0110268165646502,0.145346898995235,0.0745421265428285,0.0691887564172672,-0.0137964740326054,0.0186664941934581,-0.0840613002635424,-0.0762905231968854,-0.0614916283308719,0.157589368473635,0.00855908024185542,-0.0054734920525561,-0.0535941688388293,-0.17886922335016,1,0.212385328505139,0.176376012719947,0.0318602587606277,-0.129502318913322,0.0597879594912254,0.252574427391142,0.0142870860370584,-0.0165841964654633,-0.172729719170106,0.211042663018937,0.0141047974624367,0.0818063501905037,0.0472713157947738,-0.138454581772558,-0.215581835879537,0.0231959288627274,0.0980898519055559,-0.214175213301897,0.0687064021511244,-0.0515441440005968,0.00813108328245038,0.0659247980557828,-0.0773464991010632
