"","l_Insular.Cortex","r_Insular.Cortex","l_Amygdal.Area","r_Amygdal.Area","l_Bed.Nucleus.of.the.Stria.Terminalis","r_Bed.Nucleus.of.the.Stria.Terminalis","l_Hippocampus","r_Hippocampus","l_Orbitofrontal.cortex","r_Orbitofrontal.cortex","l_Entorhinal.Cortex","r_Entorhinal.Cortex","l_Frontal.Association.Cortex","r_Frontal.Association.Cortex","l_Globus.Pallidus","r_Globus.Pallidus","l_Glomerular.Layer.of.the.Accessory.Olfactory.Bulb","r_Glomerular.Layer.of.the.Accessory.Olfactory.Bulb","l_Glomerular.Layer.of.the.Olfactory.Bulb","r_Glomerular.Layer.of.the.Olfactory.Bulb","l_Granule.Cell.Level.of.the.Cerebellum","r_Granule.Cell.Level.of.the.Cerebellum","l_Hypothalamic.Region","r_Hypothalamic.Region","l_Entorhinal.Cortex","r_Entorhinal.Cortex","l_Vermix.Molecular.Layer.of.the.Cerebellum","r_Vermix.Molecular.Layer.of.the.Cerebellum","l_Lateral.Molecular.Layer.of.the.Cerebellum","r_Lateral.Molecular.Layer.of.the.Cerebellum","l_Anterior.Olfactory.Bulb","r_Anterior.Olfactory.Bulb","l_Posterior.Olfactory.Bulb","r_Posterior.Olfactory.Bulb","l_Subiculum","r_Subiculum","l_Perirhinal.Area","r_Perirhinal.Area","l_PreLimbic.System","r_PreLimbic.System","l_Primary.Cingular.Cortex","r_Primary.Cingular.Cortex","l_Primary.Motor.Cortex","r_Primary.Motor.Cortex","l_Retrosplenial.Cortex","r_Retrosplenial.Cortex","l_Secondary.Cingular.Cortex","r_Secondary.Cingular.Cortex","l_Secondary.Motor.Cortex","r_Secondary.Motor.Cortex","l_Striatum","r_Striatum","l_Ventral.Tegmental.Area","r_Ventral.Tegmental.Area","l_Substantia.Nigra","r_Substantia.Nigra","l_Thalamus","r_Thalamus"
"1",1,0.114757638070267,-0.0043688195871079,-0.10295968623764,-0.0689619194289747,-0.0822539449926321,-0.299891038136306,-0.103256869769975,-0.0416733778813061,-0.0549696568314603,0.765497099469668,-0.0545472581335034,NA,NA,0.0235495538073334,0.0355266064217312,NA,NA,NA,NA,0.0856772727405849,-0.0450746863724353,-0.107767689682885,-0.0373863769197879,-0.129995566592656,-0.0142546275789091,0.00451741184288601,-0.0052129403781959,-0.0236532086298221,0.0162067647762653,NA,NA,0.19178577565796,-0.153442415687616,-0.290234325968511,-0.175063249213319,0.0375664368562743,0.0328726043577847,0.108817881376365,0.0198729445041981,-0.119426500516779,-0.0977338614999417,-0.064019880909288,-0.020645459210081,0.0333345883808036,-0.106362860954077,-0.112911411280976,-0.0961116471131329,-0.0485741835257364,-0.111702744806728,0.0548227136666322,0.0872919805185057,0.209488817563774,0.279179566892748,0.0945869005676926,-0.0468349035760113,-0.0817090570563211,-0.107048769470864
"2",0.114757638070267,1,-0.106688782421075,-0.181306818972996,-0.257305067459437,0.149783706590021,-0.0943307161858258,-0.0617485836966729,-0.166827333862957,-0.0382692599928276,0.00275971748149508,0.281764612178137,NA,NA,-0.187214651050484,0.265954184595574,NA,NA,NA,NA,0.149537538463044,0.0473935412519107,-0.143949852331628,-0.0104379516314423,0.0425962830896265,-0.112015791646561,-0.0221391927522678,-0.00869132689035242,0.179421150357068,0.158164491206009,NA,NA,0.0503279905918149,0.0638342320237485,0.14668802794497,-0.203341186147667,0.0442644487790954,0.00783187861760959,0.00093212070751204,-0.0672661911012926,0.00920745905099293,0.146670794782595,-0.135633131202323,0.232572231458898,0.0255720681498992,-0.0671756862441625,-0.082489336964482,-0.00681733402598141,-0.102363429035119,0.241754864206157,-0.0904780421567724,0.235805333178237,0.0773604815288491,0.0786183956351574,0.113836114055824,0.108290168498743,-0.0620572159670658,0.0689488267705896
"3",-0.0043688195871079,-0.106688782421075,1,-0.0233501840016685,0.167936725320718,0.0195401720479235,-0.0013207764909235,-0.255494838214938,0.0297669815793076,-0.0777889671047055,0.227392665833926,-0.196549757115614,NA,NA,-0.172676084746661,0.0456139906095037,NA,NA,NA,NA,0.0475974752647481,0.135548045823022,0.0149963065769441,-0.139269159338843,0.26129221330551,0.16851458673772,0.0519399701293573,0.115487723230071,-0.0172759600677874,0.0783541314279002,NA,NA,-0.0773080071383156,-0.0286794188388609,-0.0253380214766027,0.112929440325944,-0.313578984209823,-0.0246707310766315,0.00747390811762389,0.0579148916817138,-0.108461359018185,-0.123380150093589,0.00565893121558223,-0.0287423513556092,-0.0467985341907333,-0.156946023344377,-0.0479910220611727,-0.111140744519342,-0.0941616768555173,-0.1031836072976,0.0264764736513919,-0.0802758129916642,-0.184537446642652,0.0678103127032536,-0.119388254073258,0.0946233030752615,-0.0149685664269934,-0.168915139104717
"4",-0.10295968623764,-0.181306818972996,-0.0233501840016685,1,-0.0930198194742427,0.0611519843845375,-0.0120424976129205,0.409937422026641,0.0677679892421626,-0.0694465334825545,-0.114389760916942,-0.0138546627632901,NA,NA,0.203449575791489,0.0372485992400733,NA,NA,NA,NA,0.0921308432797249,-0.100126062728986,0.0248730141051829,-0.0780756095842844,0.0101312279821483,0.337938584167936,-0.0848786537758839,-0.181832680714183,0.0995786801753755,-0.115732141845699,NA,NA,0.062180672963347,0.0848671430677707,0.113710439668147,0.194663877392348,0.177203448039083,0.0990255928274905,-0.0298939320960609,0.0328565972062328,0.0376274779236856,-0.109896182601435,0.00688203408780104,0.0165514021489515,-0.0559801220234864,-0.0352497922260056,0.00991571942553471,0.0545750788743804,0.031203049112464,0.0454615884266939,0.245983006670798,-0.0574876576759893,0.133181213919091,-0.136585803581986,0.194126748870345,-0.0224249446733598,0.0774005055061241,0.0485656297827785
"5",-0.0689619194289747,-0.257305067459437,0.167936725320718,-0.0930198194742427,1,-0.0664081939741627,-0.200681067118671,-0.153681418358389,0.0719604156893247,0.214332002764134,-0.0897247140228138,-0.200067547065087,NA,NA,-0.0449352693136127,-0.144318997319165,NA,NA,NA,NA,0.184087921445265,-0.106949489100055,-0.0389194952572376,0.173771873197668,0.0278913216115345,-0.00950121778400707,0.116191329916821,-0.044441069104848,-0.0732139323004577,-0.0815770763260898,NA,NA,-0.121755823128196,-0.119490917261605,-0.0761683440775645,-0.0159185228850838,0.0913555338030239,-0.0271442087437815,0.0520011779013123,0.181685164982583,-0.0535627300991524,-0.0487883519913959,0.0651570927341391,-0.0492051445036025,0.165561356582979,0.144733731443304,-0.066281050955949,-0.0949208792326298,0.0203457079805398,-0.0748499801322838,0.0779268181028566,0.0219583284325397,0.0339344880832084,-0.0594174556357998,0.0687339060975056,0.106986222643135,0.114287721162813,-0.160054847649369
"6",-0.0822539449926321,0.149783706590021,0.0195401720479235,0.0611519843845375,-0.0664081939741627,1,-0.104773243225261,0.118178824553551,-0.181493761907016,-0.0476704192109055,-0.00317737111359084,0.0456549741660777,NA,NA,-0.0228990213197938,0.454760762700627,NA,NA,NA,NA,0.0474585158752367,0.126686071191857,-0.123105172735463,-0.0792880727107327,0.0709156752197422,-0.0114677982681162,0.0590654347844797,-0.00422448142647247,-0.0687437289321357,0.0191511547173934,NA,NA,-0.00926432344308462,0.07888683176738,0.139778768917074,0.0717871275098681,0.169963135491711,-0.02849433757571,0.0788735051420642,-0.00837988007188292,0.100303673912233,0.0569744030191064,0.0379843853163114,0.121930229470181,0.0898994087675523,0.0893701099479739,0.0515601711980956,0.0771573163740749,0.0703772190164717,0.104047921792722,-0.00705952108249182,0.107976206007312,0.120840070993535,0.0915375404300521,0.0265353875651771,-0.113173991407206,-0.0851621740946672,-0.0481849282916384
"7",-0.299891038136306,-0.0943307161858258,-0.0013207764909235,-0.0120424976129205,-0.200681067118671,-0.104773243225261,1,0.059304202690943,-0.0154856421436737,0.0600882262142994,-0.17581201190874,-0.00514248083716113,NA,NA,0.0221382713458435,0.00559156196017966,NA,NA,NA,NA,-0.0887187620356906,0.0689791510177196,0.286826554617821,-0.0211440392980311,0.336914381806157,0.0572239178766277,0.22433610337652,0.113120230886131,0.148393255498718,-0.0495566462963499,NA,NA,0.0384196847078883,0.111860160612927,0.270440411623077,0.244829634790955,-0.181435631273176,-0.111856910179796,0.0737099391258462,0.0466449922802674,-0.0199875136203721,-0.141088944855334,0.048118951543928,-0.0029922690640546,-0.0757151141053733,-0.0033497807721476,0.132228167345825,0.0369599907312589,0.00147925382530083,0.0360992861715496,-0.0515743470805763,-0.105246635633575,-0.116988637896597,-0.155546369494334,-0.146198171480358,-0.0523097333714774,0.375633888958986,0.11060906324756
"8",-0.103256869769975,-0.0617485836966729,-0.255494838214938,0.409937422026641,-0.153681418358389,0.118178824553551,0.059304202690943,1,0.108085646104659,-0.0961936551640806,-0.176304119356625,0.0758898721918581,NA,NA,0.338931990927149,0.0726705124693425,NA,NA,NA,NA,0.195351771546199,-0.137319148454752,0.0662331450323997,-0.0118145626931234,-0.0274566157592861,0.274033102775063,-0.0980168763531977,-0.204928037226186,0.038663740752295,-0.209808656857791,NA,NA,-0.0657888133805997,0.206795552183256,0.211268058867384,0.367400184735689,0.341239155319189,-0.100713447709622,-0.0999030047111224,0.0159698530727298,0.167900702478113,0.0027381608406317,0.0818410277319459,-0.0731486798843345,0.150978204575931,0.335608111977939,0.179751206544634,0.205809646691218,0.0579215289385611,0.0921953728293894,0.0804651792322464,0.00786058082076353,0.212315386377215,-0.0474790837944882,0.161501669786532,-0.0806385485523414,-0.0324510344716389,0.452477896146136
"9",-0.0416733778813061,-0.166827333862957,0.0297669815793076,0.0677679892421626,0.0719604156893247,-0.181493761907017,-0.0154856421436737,0.108085646104659,1,0.0411467256240844,-0.0626932734704645,-0.0297584881765659,NA,NA,0.129115376209555,-0.136604741186923,NA,NA,NA,NA,0.0756950527766004,-0.0125570443880486,0.224600892108372,0.291632624867761,-0.085029421703319,0.0501008990273245,0.142686097959164,-0.0655319781247003,-0.0640872036941252,-0.205183548312722,NA,NA,0.0887105360560435,0.119718235768442,-0.0539398227829611,0.0994547949885734,0.0133629011584325,0.0158164902685658,0.126736402703015,0.0548908733542754,-0.018631331844559,-0.0386094402761492,0.0493016201894867,-0.169375341745494,0.24835360401718,0.107305508811247,0.064587042979827,-0.0744706884066445,-0.0320801209101766,-0.0374423947857955,-0.0592707498534559,-0.064937868354392,-0.0409545493962686,0.043165998278946,-0.12922188375205,-0.0691204343575105,0.12276075592676,0.196577595557241
"10",-0.0549696568314603,-0.0382692599928276,-0.0777889671047055,-0.0694465334825545,0.214332002764134,-0.0476704192109055,0.0600882262142994,-0.0961936551640806,0.0411467256240844,1,-0.212473080293597,0.0443701564005622,NA,NA,-0.129592418730523,0.0714350263681124,NA,NA,NA,NA,-0.0788457327606524,-0.0136851461779261,-0.149923860067474,0.115023712005338,0.0829840129847196,-0.109546747694399,0.08678707925576,0.147692143752246,-0.0293712197199677,0.0450170968837885,NA,NA,-0.0377069917429493,-0.120755782530068,0.0434800826733555,0.0587452627529242,-0.0322259043648941,0.0877639690039054,0.0297713698436162,0.00594605299626935,0.0626598106384893,0.208509591619209,-0.0493483100251562,-0.138220322431725,0.067143539832804,0.0225431448040165,-0.106611368701198,-0.0246062543506582,0.137880243112446,0.0100175219988836,0.119092128269472,0.0557206398084865,0.130417093348618,0.0642324932733961,0.0954638946695077,0.026608915955687,0.0511454498417123,-0.139078765046793
"11",0.765497099469668,0.00275971748149508,0.227392665833926,-0.114389760916942,-0.0897247140228138,-0.00317737111359084,-0.17581201190874,-0.176304119356625,-0.0626932734704645,-0.212473080293597,1,-0.227196425953171,NA,NA,0.0174903429800818,0.00283676322414921,NA,NA,NA,NA,0.0678275919490042,0.0141456458252199,-0.0502053878782396,-0.171079001807494,-0.225636297692782,0.0745995896519727,0.110150252487464,-0.0038024531170449,0.0717042460712188,-0.00609051629422723,NA,NA,0.0914037474676512,-0.0800662042828205,-0.328586664839257,-0.14999677353636,-0.143271946794586,0.0629794853992365,0.109281290156622,0.0895413649832284,-0.141625329170953,-0.22130725259848,0.0381467104072532,-0.0431633311634461,0.00660302993522869,-0.196413064475966,-0.0800013914876944,-0.137185904636009,-0.0107690943940181,-0.186349404238128,-0.0113250689149819,-0.0715805234081899,0.0387879347520654,0.19457575636768,-0.00234709141690961,-0.141809674351393,-0.0381103597727465,-0.191931529504816
"12",-0.0545472581335034,0.281764612178137,-0.196549757115614,-0.0138546627632901,-0.200067547065087,0.0456549741660777,-0.00514248083716113,0.0758898721918581,-0.0297584881765659,0.0443701564005622,-0.227196425953172,1,NA,NA,-0.0356671569628804,0.44827763673838,NA,NA,NA,NA,0.126589147091967,0.0988849269786473,0.10534881066187,0.279778911578104,0.102494636755361,-0.0505516229847904,-0.110592455393271,-0.0243548729665422,0.0902934286632124,0.00513380307613051,NA,NA,0.128158583043389,0.0534822300831742,0.202218350514993,0.0681529372436013,-0.108471370128016,0.0174556822010195,0.0173561350115667,0.101911964765064,0.0316330698398413,0.209926874054962,0.0009514878034833,0.0417665707057264,0.00479087981998448,0.11935635578666,-0.0040375347328093,0.00217302419727867,-0.0724466818801659,0.166098616531166,3.92905145538895e-06,0.360619555837441,-0.038379058433601,0.119243779327978,0.0450962296370828,0.19210148633952,0.00503642595541798,0.272200645129994
"13",NA,NA,NA,NA,NA,NA,NA,NA,NA,NA,NA,NA,NA,NA,NA,NA,NA,NA,NA,NA,NA,NA,NA,NA,NA,NA,NA,NA,NA,NA,NA,NA,NA,NA,NA,NA,NA,NA,NA,NA,NA,NA,NA,NA,NA,NA,NA,NA,NA,NA,NA,NA,NA,NA,NA,NA,NA,NA
"14",NA,NA,NA,NA,NA,NA,NA,NA,NA,NA,NA,NA,NA,NA,NA,NA,NA,NA,NA,NA,NA,NA,NA,NA,NA,NA,NA,NA,NA,NA,NA,NA,NA,NA,NA,NA,NA,NA,NA,NA,NA,NA,NA,NA,NA,NA,NA,NA,NA,NA,NA,NA,NA,NA,NA,NA,NA,NA
"15",0.0235495538073334,-0.187214651050484,-0.172676084746661,0.203449575791489,-0.0449352693136127,-0.0228990213197938,0.0221382713458435,0.338931990927149,0.129115376209555,-0.129592418730523,0.0174903429800818,-0.0356671569628804,NA,NA,1,-0.0431352014759364,NA,NA,NA,NA,0.0938850147424659,-0.212426527859528,-0.0049459578538413,-0.0405902592525841,-0.175797793979694,0.149637928801246,-0.0236461534561142,-0.196840903552627,-0.0439741421599683,-0.247911905499276,NA,NA,0.138500200691473,0.0713727756940673,-0.0189347629745511,0.120800932042792,0.0982506026203516,0.0666391810475077,-0.0303923880603418,0.0176115549734071,0.0492253439289946,-0.0466025961719495,0.0331037488974354,-0.093485531265323,0.0574430042244148,0.132703719943329,0.0342413376757273,0.0941463285363477,0.0871773452945539,0.0631694602997183,0.406596397481698,0.154275094841423,0.202703941183937,0.217449141032966,0.180957986119896,-0.0936434069631674,-0.162274179901244,-0.0755731550084534
"16",0.0355266064217312,0.265954184595574,0.0456139906095037,0.0372485992400733,-0.144318997319165,0.454760762700627,0.00559156196017966,0.0726705124693425,-0.136604741186923,0.0714350263681124,0.00283676322414921,0.44827763673838,NA,NA,-0.0431352014759364,1,NA,NA,NA,NA,0.192415944336476,-0.0130227778809524,-0.119794795838318,-0.036446239259486,0.262459492185697,0.0580215312290078,-0.0210273675465308,-0.079338944392838,0.0772091948728047,0.0814706061867932,NA,NA,0.0844558583377444,-0.0355358552164935,0.240970730323208,0.0780910698254179,-0.0344149188814941,0.0959779972798331,0.26705420599092,0.0766489201788698,-0.0429893885820063,-9.47393229904644e-05,-0.0247660003538259,-0.0410868649941072,-0.0672826907340252,-0.0483098282515556,-0.103513621851092,-0.0309847620844275,0.0669769508524138,0.0873997508033086,0.0238407775179784,0.145313636757498,0.00781721540238521,0.12013551508665,0.148623826726465,0.0776184473780109,-0.115525351099975,-0.0963059042473722
"17",NA,NA,NA,NA,NA,NA,NA,NA,NA,NA,NA,NA,NA,NA,NA,NA,NA,NA,NA,NA,NA,NA,NA,NA,NA,NA,NA,NA,NA,NA,NA,NA,NA,NA,NA,NA,NA,NA,NA,NA,NA,NA,NA,NA,NA,NA,NA,NA,NA,NA,NA,NA,NA,NA,NA,NA,NA,NA
"18",NA,NA,NA,NA,NA,NA,NA,NA,NA,NA,NA,NA,NA,NA,NA,NA,NA,NA,NA,NA,NA,NA,NA,NA,NA,NA,NA,NA,NA,NA,NA,NA,NA,NA,NA,NA,NA,NA,NA,NA,NA,NA,NA,NA,NA,NA,NA,NA,NA,NA,NA,NA,NA,NA,NA,NA,NA,NA
"19",NA,NA,NA,NA,NA,NA,NA,NA,NA,NA,NA,NA,NA,NA,NA,NA,NA,NA,NA,NA,NA,NA,NA,NA,NA,NA,NA,NA,NA,NA,NA,NA,NA,NA,NA,NA,NA,NA,NA,NA,NA,NA,NA,NA,NA,NA,NA,NA,NA,NA,NA,NA,NA,NA,NA,NA,NA,NA
"20",NA,NA,NA,NA,NA,NA,NA,NA,NA,NA,NA,NA,NA,NA,NA,NA,NA,NA,NA,NA,NA,NA,NA,NA,NA,NA,NA,NA,NA,NA,NA,NA,NA,NA,NA,NA,NA,NA,NA,NA,NA,NA,NA,NA,NA,NA,NA,NA,NA,NA,NA,NA,NA,NA,NA,NA,NA,NA
"21",0.0856772727405849,0.149537538463044,0.0475974752647481,0.0921308432797249,0.184087921445265,0.0474585158752367,-0.0887187620356906,0.195351771546199,0.0756950527766004,-0.0788457327606524,0.0678275919490043,0.126589147091967,NA,NA,0.0938850147424659,0.192415944336476,NA,NA,NA,NA,1,-0.0364703906855154,-0.167911434691978,-0.0235922289245285,0.1741325782421,0.0749359695652043,-0.0355141391160333,-0.235574593817759,0.317086608663434,-0.0378699438570644,NA,NA,-0.10255287024941,0.0991435494865146,0.240624699706964,0.0693120009626714,0.0132898311119174,-0.12625118894794,0.0714909410689207,0.0925044286730727,0.0363568197443114,0.0312069109217606,0.0546468112480175,-0.00875563302483758,0.0829310611437731,0.0958635216202245,0.0477309473047475,0.0529833014463747,0.00947648871638417,0.0108756288110448,-0.0467747300458169,0.207678845464247,-0.18373492502185,-0.13038718685232,0.0568125698794523,0.165930337176335,0.0298611041642628,0.162737862025578
"22",-0.0450746863724353,0.0473935412519107,0.135548045823022,-0.100126062728986,-0.106949489100055,0.126686071191857,0.0689791510177196,-0.137319148454752,-0.0125570443880486,-0.0136851461779261,0.0141456458252199,0.0988849269786473,NA,NA,-0.212426527859528,-0.0130227778809524,NA,NA,NA,NA,-0.0364703906855154,1,-0.0837415748099366,0.118443036664928,0.0138822555370706,0.0259845557544981,0.103342913852058,0.406524538219789,-0.052823986528063,0.28807566015915,NA,NA,-0.18445768583162,0.0500841036611318,-0.0302339968968643,-0.0889578857993701,-0.217516906176095,0.0313678452925624,0.0995865944512758,0.0377945620056036,-0.0126853155796017,0.0978360602990177,-0.0466372862386689,0.0896851062086882,0.125128409434715,-0.167177097052163,-0.0357422584314408,-0.0427364332047599,-0.128940793650098,-0.0274582726911434,-0.0344476923664993,-0.0383551156459028,-0.275180614898395,-0.0128383369825959,-0.184076766132771,0.0492116753401392,0.00907265217574124,0.100320132991133
"23",-0.107767689682885,-0.143949852331628,0.0149963065769441,0.0248730141051829,-0.0389194952572376,-0.123105172735463,0.286826554617821,0.0662331450323997,0.224600892108372,-0.149923860067474,-0.0502053878782396,0.10534881066187,NA,NA,-0.0049459578538413,-0.119794795838318,NA,NA,NA,NA,-0.167911434691978,-0.0837415748099366,1,0.553162578702583,-0.0779089003519243,0.0483857831736176,-0.00258851476915533,-0.078071182374924,0.021808257277292,-0.374360363788691,NA,NA,0.18473703783719,0.0549967710187878,-0.0680366306910865,0.109172750773547,-0.0974018617032486,-0.0663552500612394,-0.0716944230275214,-0.0917712555044678,0.0933817521211125,0.00972434894515686,0.1025414977563,0.00068810576906159,-0.00868780728825721,0.0932103035603849,0.112200554415288,0.0512483078132388,0.0793451603984247,0.125725536063445,-0.14066687153603,0.00927035320055515,0.0231423749596178,0.0693228421567609,-0.103271969390632,-0.00716178109680823,0.372146404334359,0.129827221078939
"24",-0.0373863769197879,-0.0104379516314423,-0.139269159338843,-0.0780756095842844,0.173771873197668,-0.0792880727107327,-0.0211440392980311,-0.0118145626931234,0.291632624867761,0.115023712005338,-0.171079001807494,0.279778911578104,NA,NA,-0.0405902592525841,-0.036446239259486,NA,NA,NA,NA,-0.0235922289245285,0.118443036664928,0.553162578702583,1,-0.0991335434231769,0.0184013768693913,0.0537656696045349,0.0654633671281269,0.0106596744178668,-0.255068854487253,NA,NA,0.0667037090186608,-0.00223470580606212,0.01900429260801,-0.0530475188028673,-0.118391012985327,0.182032303053644,-0.0492382379458971,-0.00319079095451402,0.00112948778084265,0.128590962923505,-0.0211942130373819,0.127959206066036,-0.00456726453750671,-0.0464067315732394,-0.0463522788608139,-0.0498326652298976,0.00492383388993826,0.124496319870679,0.00508680319637585,0.064187952193592,-0.0553421314172163,0.0784395175983982,-0.0570291405329575,0.126822967432551,0.35657028503119,0.209234242449052
"25",-0.129995566592656,0.0425962830896265,0.26129221330551,0.0101312279821483,0.0278913216115345,0.0709156752197422,0.336914381806157,-0.0274566157592861,-0.085029421703319,0.0829840129847196,-0.225636297692782,0.102494636755361,NA,NA,-0.175797793979694,0.262459492185697,NA,NA,NA,NA,0.174132578242099,0.0138822555370706,-0.0779089003519243,-0.0991335434231769,1,-0.124438105997341,-0.00780421272030946,-0.00136737588358556,0.237292442546471,0.14496381432105,NA,NA,0.140573035339816,-0.0296130984548362,0.354537835733165,0.294663160050143,-0.217004367465146,-0.291189931461416,-0.105566589609497,-0.0210704867398288,-0.0310118816793136,-0.192321004876147,-0.0256739061018663,-0.0462804420508304,0.00044734460898697,-0.0261045833418792,-0.00041589669860658,0.0524700406472676,-0.0828594517141731,0.0244601455159674,-0.0426320621474085,0.0804082478536755,-0.159983099406778,-0.134296781203225,0.116459949673122,0.110268722817527,0.114766380172734,0.113651189792215
"26",-0.0142546275789091,-0.112015791646561,0.16851458673772,0.337938584167936,-0.00950121778400707,-0.0114677982681162,0.0572239178766277,0.274033102775063,0.0501008990273245,-0.109546747694399,0.0745995896519727,-0.0505516229847904,NA,NA,0.149637928801246,0.0580215312290078,NA,NA,NA,NA,0.0749359695652042,0.0259845557544981,0.0483857831736176,0.0184013768693913,-0.124438105997341,1,-0.058454098564868,-0.13764173121379,-0.0179782483555493,0.00151289780075017,NA,NA,0.106040274102022,0.131904396499002,0.0096367485731936,0.368413993750495,0.0665920544133708,0.318357617905844,0.123141676085795,0.223100948404799,0.179465287128279,0.0339059138398373,0.162318629722595,0.0998550898921045,-0.155463910423496,-0.114499762197645,0.19562391419257,0.208227753491515,0.144758828778046,0.212359490588747,0.241087270244527,0.00039539865457468,-0.0907956875081614,0.0365600615691112,-0.0460277288288737,-0.149588179830669,-0.0250131839032703,-0.035777036852675
"27",0.00451741184288601,-0.0221391927522678,0.0519399701293573,-0.0848786537758839,0.116191329916821,0.0590654347844797,0.22433610337652,-0.0980168763531977,0.142686097959164,0.08678707925576,0.110150252487464,-0.110592455393272,NA,NA,-0.0236461534561142,-0.0210273675465308,NA,NA,NA,NA,-0.0355141391160333,0.103342913852058,-0.00258851476915533,0.0537656696045349,-0.00780421272030946,-0.058454098564868,1,0.405964881831482,0.271772060312005,0.00214749283383509,NA,NA,-0.124078968281599,-0.0167166976354342,-0.129955921571344,-0.0740960239317132,0.0185374474300722,-0.0311706128755317,-0.0379189898479746,-0.0197884604110818,-0.148426905281727,-0.0055632200226659,-0.0850530834170214,-0.0202990315700496,0.0646329716729798,-0.0474097016476219,-0.070683927252001,-0.157119462889619,-0.15005214875851,0.144212829274455,-0.068664782807924,-0.0871262724672274,-0.191459078381366,0.0943566304231847,-0.180786644599019,-0.107597361723664,0.132184897582069,0.0782701381304531
"28",-0.0052129403781959,-0.00869132689035242,0.115487723230071,-0.181832680714183,-0.044441069104848,-0.00422448142647247,0.113120230886131,-0.204928037226186,-0.0655319781247003,0.147692143752246,-0.0038024531170449,-0.0243548729665422,NA,NA,-0.196840903552627,-0.079338944392838,NA,NA,NA,NA,-0.235574593817759,0.406524538219789,-0.078071182374924,0.0654633671281269,-0.00136737588358556,-0.13764173121379,0.405964881831482,1,-0.0436949093429765,0.38346058740102,NA,NA,-0.168028821737146,0.0109694953297983,-0.00639236048000564,-0.188901534600921,-0.130710842030601,0.0726610991990638,-0.0767024168004077,-0.201420814391119,-0.0920489290079479,0.0813755009683885,-0.0935813080399943,-0.0140841730322559,0.11917810187706,-0.0690908568917709,-0.024107611448312,-0.110654669364497,-0.11653221941112,-0.0193437478177839,-0.11120962463783,0.0162103072925609,-0.192991643995639,0.0074552611363754,-0.103793486594011,0.0372964545300086,-0.0681315990107707,0.0740302319668482
"29",-0.0236532086298221,0.179421150357068,-0.0172759600677874,0.0995786801753755,-0.0732139323004577,-0.0687437289321357,0.148393255498718,0.038663740752295,-0.0640872036941252,-0.0293712197199677,0.0717042460712188,0.0902934286632124,NA,NA,-0.0439741421599683,0.0772091948728047,NA,NA,NA,NA,0.317086608663434,-0.052823986528063,0.021808257277292,0.0106596744178668,0.237292442546471,-0.0179782483555493,0.271772060312005,-0.0436949093429765,1,-0.00146469630842958,NA,NA,-0.082014200441004,0.0725809559108229,0.124921908887459,-0.162051659780561,-0.0423509158689101,-0.127992000196828,-0.0755766370873038,0.0514811078058592,-0.00528590842144296,0.0311833592314699,0.0248529328856915,-0.0159177035874693,-0.15359111999127,-0.200863729614546,0.010029542030968,0.0538591316384796,-0.0352796278885883,0.00193885391290743,0.0274577200815608,0.233351491870323,-0.298359538379999,-0.210031199945713,-0.0912743217895857,-0.0505797799735066,0.155149019934207,0.106465451562116
"30",0.0162067647762653,0.158164491206009,0.0783541314279002,-0.115732141845699,-0.0815770763260898,0.0191511547173934,-0.0495566462963499,-0.209808656857791,-0.205183548312722,0.0450170968837885,-0.00609051629422723,0.00513380307613051,NA,NA,-0.247911905499276,0.0814706061867932,NA,NA,NA,NA,-0.0378699438570644,0.28807566015915,-0.37436036378869,-0.255068854487253,0.14496381432105,0.00151289780075017,0.00214749283383509,0.38346058740102,-0.00146469630842958,1,NA,NA,-0.008955581857977,0.0709123052130242,0.144740289335339,-0.061504846234137,0.0894726597641819,0.172352662549223,0.154452882007639,0.171948423751413,-0.00152173115099727,0.102164265813146,0.103634118890214,0.220235976465265,0.00355722701153378,-0.0766913685102608,-0.0131748609886028,-0.0377071153423879,0.0530736571904445,0.0510521028926329,-0.0633376378230868,0.00779746730590731,-0.161165253082994,-0.192560906401645,-0.017235172092153,-0.161873210670032,-0.174908655364373,-0.00599119398142647
"31",NA,NA,NA,NA,NA,NA,NA,NA,NA,NA,NA,NA,NA,NA,NA,NA,NA,NA,NA,NA,NA,NA,NA,NA,NA,NA,NA,NA,NA,NA,NA,NA,NA,NA,NA,NA,NA,NA,NA,NA,NA,NA,NA,NA,NA,NA,NA,NA,NA,NA,NA,NA,NA,NA,NA,NA,NA,NA
"32",NA,NA,NA,NA,NA,NA,NA,NA,NA,NA,NA,NA,NA,NA,NA,NA,NA,NA,NA,NA,NA,NA,NA,NA,NA,NA,NA,NA,NA,NA,NA,NA,NA,NA,NA,NA,NA,NA,NA,NA,NA,NA,NA,NA,NA,NA,NA,NA,NA,NA,NA,NA,NA,NA,NA,NA,NA,NA
"33",0.19178577565796,0.0503279905918149,-0.0773080071383156,0.062180672963347,-0.121755823128196,-0.00926432344308462,0.0384196847078883,-0.0657888133805997,0.0887105360560435,-0.0377069917429493,0.0914037474676512,0.128158583043389,NA,NA,0.138500200691473,0.0844558583377444,NA,NA,NA,NA,-0.10255287024941,-0.18445768583162,0.18473703783719,0.0667037090186608,0.140573035339816,0.106040274102022,-0.124078968281599,-0.168028821737146,-0.082014200441004,-0.008955581857977,NA,NA,1,-0.087956906357351,-0.00502470125718407,0.0187907271346173,0.00027421610408789,0.0988231970174609,0.0285867379963854,-0.0523677983392588,-0.0162165511209154,-0.164172139230422,-0.0230503120338561,-0.00782613287239929,-0.0911634586314718,-0.0950003752639285,-0.0439893008234404,-0.0634295838940078,0.100085299277184,0.163694856521442,0.0788974289607186,0.0144162667138939,0.166565226788977,0.231022424408645,0.0562192274491456,-0.00054761100698524,0.0558151798509741,-0.0334480768228076
"34",-0.153442415687616,0.0638342320237485,-0.0286794188388609,0.0848671430677707,-0.119490917261605,0.07888683176738,0.111860160612927,0.206795552183256,0.119718235768442,-0.120755782530068,-0.0800662042828205,0.0534822300831742,NA,NA,0.0713727756940673,-0.0355358552164935,NA,NA,NA,NA,0.0991435494865146,0.0500841036611318,0.0549967710187878,-0.00223470580606212,-0.0296130984548362,0.131904396499002,-0.0167166976354342,0.0109694953297983,0.0725809559108229,0.0709123052130242,NA,NA,-0.087956906357351,1,0.129625115920876,0.00076257975710902,0.0325604576252203,-0.0581990968686772,0.0203767417020635,0.392222418830576,0.538424810654555,0.178996456295672,0.708021524999814,0.0777304665028283,-0.13513831770419,0.0818112525113207,0.832723278705608,0.443853507779742,0.317770738700759,0.0345277469352294,0.144152906392972,0.186162020651186,0.0883985175646351,-0.0812812709866622,0.152178646798373,0.0199269811059063,-0.0844434174248333,0.209617703495407
"35",-0.290234325968511,0.14668802794497,-0.0253380214766027,0.113710439668147,-0.0761683440775645,0.139778768917074,0.270440411623077,0.211268058867384,-0.0539398227829611,0.0434800826733555,-0.328586664839257,0.202218350514993,NA,NA,-0.0189347629745511,0.240970730323208,NA,NA,NA,NA,0.240624699706964,-0.0302339968968643,-0.0680366306910865,0.01900429260801,0.354537835733165,0.0096367485731936,-0.129955921571344,-0.00639236048000564,0.124921908887459,0.144740289335339,NA,NA,-0.00502470125718407,0.129625115920876,1,0.210972669509674,0.0491973596000403,-0.0646706033221339,0.125111503298546,0.157603903397054,0.134045660854621,0.110471407221182,0.0505806620106109,0.0211386905862255,0.0952540752230054,0.126042758308157,0.0555562272013869,0.0945993189556704,0.138643834361183,0.131381203235003,0.0335430872069282,0.090160048363976,0.0511332270556351,-0.325211134382334,0.201465781744931,-0.0104175799525215,0.140288496321815,0.127641876976326
"36",-0.175063249213319,-0.203341186147667,0.112929440325944,0.194663877392348,-0.0159185228850838,0.0717871275098681,0.244829634790955,0.36740018473569,0.0994547949885734,0.0587452627529242,-0.14999677353636,0.0681529372436013,NA,NA,0.120800932042792,0.0780910698254179,NA,NA,NA,NA,0.0693120009626714,-0.0889578857993701,0.109172750773547,-0.0530475188028673,0.294663160050143,0.368413993750495,-0.0740960239317132,-0.188901534600921,-0.162051659780561,-0.061504846234137,NA,NA,0.0187907271346173,0.00076257975710902,0.210972669509674,1,0.00979701107097595,0.0515552252862218,-0.0440825352690162,0.127875394163515,0.0069399581754199,-0.14836015902948,0.124470961572463,0.0753544948737253,0.122949527073398,0.303329404458031,0.055534517334041,0.0434718318169799,-0.0628243356150997,0.1929724680266,0.137447854209364,-0.046555718537673,0.0148897846294656,-0.124010090276541,0.140022079396524,-0.261241021938005,0.0687659352114771,0.131872343744946
"37",0.0375664368562742,0.0442644487790954,-0.313578984209823,0.177203448039083,0.0913555338030239,0.169963135491711,-0.181435631273176,0.341239155319189,0.0133629011584325,-0.032225904364894,-0.143271946794586,-0.108471370128016,NA,NA,0.0982506026203516,-0.0344149188814941,NA,NA,NA,NA,0.0132898311119174,-0.217516906176095,-0.0974018617032486,-0.118391012985327,-0.217004367465146,0.0665920544133708,0.0185374474300722,-0.130710842030601,-0.0423509158689101,0.0894726597641819,NA,NA,0.00027421610408789,0.0325604576252203,0.0491973596000403,0.00979701107097595,1,-0.0160314874817922,0.0502822129588937,0.00568520378890762,0.0626884270442269,0.172334874515251,0.0133493993906034,0.105905848931291,0.236053884951697,0.053388960795417,0.00856441473349186,0.0280140144804389,0.0824907221089991,0.114393517845615,-0.0319922016561427,0.0761254751418068,0.435898210649419,-0.208618944844858,0.208018206398428,-0.238526958084764,-0.0169136504267109,0.225160214635728
"38",0.0328726043577847,0.00783187861760958,-0.0246707310766315,0.0990255928274905,-0.0271442087437815,-0.02849433757571,-0.111856910179796,-0.100713447709622,0.0158164902685658,0.0877639690039054,0.0629794853992365,0.0174556822010195,NA,NA,0.0666391810475077,0.0959779972798331,NA,NA,NA,NA,-0.12625118894794,0.0313678452925624,-0.0663552500612394,0.182032303053644,-0.291189931461416,0.318357617905844,-0.0311706128755317,0.0726610991990638,-0.127992000196828,0.172352662549223,NA,NA,0.0988231970174609,-0.0581990968686772,-0.0646706033221339,0.0515552252862218,-0.0160314874817922,1,0.096128361337144,0.0656622602580202,-0.0282256132185738,0.0166979079706081,-0.0880579957513751,0.205620273847339,-0.138646379158335,-0.0168914674443543,-0.115980805200772,-0.0504009510940961,0.0658407014553493,0.14727949966299,0.137032842461617,-0.0486495001919292,-0.0419175748091504,-0.0964299557627715,0.0535130018768777,-0.186208590448483,0.0232089250314437,-0.117269509380661
"39",0.108817881376365,0.00093212070751204,0.00747390811762389,-0.0298939320960609,0.0520011779013123,0.0788735051420642,0.0737099391258462,-0.0999030047111224,0.126736402703015,0.0297713698436162,0.109281290156622,0.0173561350115667,NA,NA,-0.0303923880603418,0.26705420599092,NA,NA,NA,NA,0.0714909410689207,0.0995865944512758,-0.0716944230275214,-0.0492382379458971,-0.105566589609497,0.123141676085795,-0.0379189898479746,-0.0767024168004077,-0.0755766370873038,0.154452882007639,NA,NA,0.0285867379963854,0.0203767417020635,0.125111503298546,-0.0440825352690162,0.0502822129588937,0.096128361337144,1,0.436986706007734,0.0226094355935933,0.0940952629530248,0.0361363233046931,-0.0391807826367092,0.0883700505582719,0.00028984350060314,0.0069608536690141,-0.0259882946342145,0.137569440535335,-0.119630038848077,0.0669513433249458,-0.138875747893491,0.0521718804779479,-0.0782506741140698,0.00415639183849731,-0.0958209498596271,0.0311112112907023,-0.0667116159586517
"40",0.0198729445041981,-0.0672661911012926,0.0579148916817138,0.0328565972062328,0.181685164982583,-0.00837988007188292,0.0466449922802674,0.0159698530727298,0.0548908733542754,0.00594605299626935,0.0895413649832284,0.101911964765064,NA,NA,0.0176115549734071,0.0766489201788698,NA,NA,NA,NA,0.0925044286730727,0.0377945620056036,-0.0917712555044678,-0.00319079095451402,-0.0210704867398288,0.223100948404799,-0.0197884604110818,-0.201420814391119,0.0514811078058592,0.171948423751413,NA,NA,-0.0523677983392588,0.392222418830576,0.157603903397054,0.127875394163515,0.00568520378890762,0.0656622602580202,0.436986706007734,1,0.290727147983828,0.0660446424162233,0.538132357894366,0.0827723955386935,-0.0901734785641708,0.0650356450194267,0.344662192670395,0.220246860367687,0.253585805006108,-0.0349239065612152,0.165991548415182,0.0139155406827285,0.00470410963564682,-0.107378472961016,0.0321290662229517,-0.125341125039405,0.051937268200507,0.0360615099006337
"41",-0.119426500516779,0.00920745905099293,-0.108461359018185,0.0376274779236856,-0.0535627300991525,0.100303673912233,-0.0199875136203721,0.167900702478114,-0.018631331844559,0.0626598106384893,-0.141625329170954,0.0316330698398413,NA,NA,0.0492253439289946,-0.0429893885820063,NA,NA,NA,NA,0.0363568197443114,-0.0126853155796017,0.0933817521211125,0.00112948778084265,-0.0310118816793136,0.179465287128279,-0.148426905281727,-0.0920489290079479,-0.00528590842144296,-0.00152173115099727,NA,NA,-0.0162165511209154,0.538424810654555,0.134045660854621,0.0069399581754199,0.0626884270442269,-0.0282256132185738,0.0226094355935933,0.290727147983828,1,0.49831168241875,0.577272793104207,0.0401390366341237,-0.185132177405213,0.172879223754059,0.713048934054649,0.901594667778493,0.676595241783614,0.0304560282254728,0.0824020818491025,0.251307793766191,0.0460385760048398,-0.083439527045809,0.0649633719432929,-0.0400999949261492,-0.0705523984081022,0.00417518070216985
"42",-0.0977338614999417,0.146670794782595,-0.123380150093589,-0.109896182601435,-0.0487883519913959,0.0569744030191064,-0.141088944855334,0.0027381608406317,-0.0386094402761492,0.208509591619209,-0.22130725259848,0.209926874054962,NA,NA,-0.0466025961719495,-9.47393229904644e-05,NA,NA,NA,NA,0.0312069109217606,0.0978360602990177,0.00972434894515686,0.128590962923505,-0.192321004876147,0.0339059138398373,-0.0055632200226659,0.0813755009683885,0.0311833592314699,0.102164265813146,NA,NA,-0.164172139230422,0.178996456295672,0.110471407221182,-0.14836015902948,0.172334874515251,0.0166979079706081,0.0940952629530248,0.0660446424162233,0.49831168241875,1,0.137420349623706,0.225943871428713,-0.0596344024094243,0.104405339873101,0.118724397014524,0.308656546639755,0.349907889320963,0.260411218693159,0.0163704658529257,0.440511817099947,-0.0140115500105048,-0.0241456800340072,-0.0129076347775567,0.0857115153410484,-0.0720915451480948,0.050216641903222
"43",-0.064019880909288,-0.135633131202323,0.00565893121558223,0.00688203408780104,0.0651570927341391,0.0379843853163114,0.048118951543928,0.081841027731946,0.0493016201894868,-0.0493483100251562,0.0381467104072532,0.0009514878034833,NA,NA,0.0331037488974354,-0.0247660003538259,NA,NA,NA,NA,0.0546468112480175,-0.0466372862386689,0.1025414977563,-0.0211942130373819,-0.0256739061018663,0.162318629722595,-0.0850530834170214,-0.0935813080399943,0.0248529328856915,0.103634118890214,NA,NA,-0.0230503120338561,0.708021524999814,0.0505806620106109,0.124470961572463,0.0133493993906034,-0.0880579957513751,0.0361363233046931,0.538132357894366,0.577272793104207,0.137420349623706,1,0.00561173770825464,-0.040793512762664,0.142553373085367,0.701408901481131,0.423314956435075,0.56372927712783,-0.080717406313895,0.0954341569804775,0.117252637406617,0.0290139233845293,-0.0399176084462165,0.0458773127386209,-0.0610109405473303,-0.129879158630697,0.017943119193949
"44",-0.020645459210081,0.232572231458898,-0.0287423513556092,0.0165514021489515,-0.0492051445036025,0.121930229470181,-0.0029922690640546,-0.0731486798843345,-0.169375341745494,-0.138220322431725,-0.0431633311634461,0.0417665707057264,NA,NA,-0.0934855312653229,-0.0410868649941072,NA,NA,NA,NA,-0.00875563302483758,0.0896851062086882,0.00068810576906159,0.127959206066036,-0.0462804420508304,0.0998550898921045,-0.0202990315700496,-0.0140841730322559,-0.0159177035874693,0.220235976465265,NA,NA,-0.00782613287239929,0.0777304665028283,0.0211386905862255,0.0753544948737253,0.105905848931291,0.205620273847339,-0.0391807826367092,0.0827723955386935,0.0401390366341237,0.225943871428713,0.00561173770825464,1,-0.181010986893497,0.0599011541462887,0.0170187629087976,-0.0359434833373665,-0.0274653596852921,0.521450662433543,0.0505875899991359,0.128360181018798,-0.00771532458543403,-0.139961735837271,0.0562525351009126,-0.171243796029341,0.00486724441693748,0.0738724647044262
"45",0.0333345883808036,0.0255720681498992,-0.0467985341907333,-0.0559801220234864,0.165561356582979,0.0898994087675523,-0.0757151141053733,0.150978204575931,0.24835360401718,0.067143539832804,0.00660302993522869,0.00479087981998448,NA,NA,0.0574430042244148,-0.0672826907340252,NA,NA,NA,NA,0.0829310611437731,0.125128409434715,-0.00868780728825721,-0.00456726453750671,0.00044734460898697,-0.155463910423496,0.0646329716729798,0.11917810187706,-0.15359111999127,0.00355722701153378,NA,NA,-0.0911634586314718,-0.13513831770419,0.0952540752230054,0.122949527073398,0.236053884951697,-0.138646379158335,0.0883700505582718,-0.0901734785641708,-0.185132177405213,-0.0596344024094243,-0.040793512762664,-0.181010986893497,1,0.28357847226458,-0.165451929859117,-0.235895991589256,-0.0836759086899846,-0.0341399130721002,-0.137076012911287,-0.0232421318374681,0.258669994574891,0.10508345661614,0.0267061026978241,-0.159081747826473,0.0590279306441088,0.228768733902023
"46",-0.106362860954077,-0.0671756862441625,-0.156946023344377,-0.0352497922260056,0.144733731443304,0.0893701099479739,-0.0033497807721476,0.335608111977939,0.107305508811247,0.0225431448040165,-0.196413064475966,0.11935635578666,NA,NA,0.132703719943329,-0.0483098282515556,NA,NA,NA,NA,0.0958635216202245,-0.167177097052163,0.0932103035603849,-0.0464067315732394,-0.0261045833418792,-0.114499762197645,-0.0474097016476219,-0.0690908568917709,-0.200863729614546,-0.0766913685102608,NA,NA,-0.0950003752639285,0.0818112525113207,0.126042758308157,0.303329404458031,0.053388960795417,-0.0168914674443543,0.00028984350060314,0.0650356450194267,0.172879223754059,0.104405339873101,0.142553373085367,0.0599011541462887,0.28357847226458,1,0.149719785460978,0.111504336762085,0.0902801706419219,0.152871613383712,-0.108271181284391,0.00678684736723978,0.171125657893509,-0.0189763331887369,0.0385679075310594,-0.0668838115621637,-0.0372165460572287,0.220407644984332
