"","l_Insular.Cortex","r_Insular.Cortex","l_Amygdal.Area","r_Amygdal.Area","l_Bed.Nucleus.of.the.Stria.Terminalis","r_Bed.Nucleus.of.the.Stria.Terminalis","l_Hippocampus","r_Hippocampus","l_Orbitofrontal.cortex","r_Orbitofrontal.cortex","l_Entorhinal.Cortex","r_Entorhinal.Cortex","l_Frontal.Association.Cortex","r_Frontal.Association.Cortex","l_Globus.Pallidus","r_Globus.Pallidus","l_Glomerular.Layer.of.the.Accessory.Olfactory.Bulb","r_Glomerular.Layer.of.the.Accessory.Olfactory.Bulb","l_Glomerular.Layer.of.the.Olfactory.Bulb","r_Glomerular.Layer.of.the.Olfactory.Bulb","l_Granule.Cell.Level.of.the.Cerebellum","r_Granule.Cell.Level.of.the.Cerebellum","l_Hypothalamic.Region","r_Hypothalamic.Region","l_Entorhinal.Cortex","r_Entorhinal.Cortex","l_Vermix.Molecular.Layer.of.the.Cerebellum","r_Vermix.Molecular.Layer.of.the.Cerebellum","l_Lateral.Molecular.Layer.of.the.Cerebellum","r_Lateral.Molecular.Layer.of.the.Cerebellum","l_Anterior.Olfactory.Bulb","r_Anterior.Olfactory.Bulb","l_Posterior.Olfactory.Bulb","r_Posterior.Olfactory.Bulb","l_Subiculum","r_Subiculum","l_Perirhinal.Area","r_Perirhinal.Area","l_PreLimbic.System","r_PreLimbic.System","l_Primary.Cingular.Cortex","r_Primary.Cingular.Cortex","l_Primary.Motor.Cortex","r_Primary.Motor.Cortex","l_Retrosplenial.Cortex","r_Retrosplenial.Cortex","l_Secondary.Cingular.Cortex","r_Secondary.Cingular.Cortex","l_Secondary.Motor.Cortex","r_Secondary.Motor.Cortex","l_Striatum","r_Striatum","l_Ventral.Tegmental.Area","r_Ventral.Tegmental.Area","l_Substantia.Nigra","r_Substantia.Nigra","l_Thalamus","r_Thalamus"
"1",1,0.0615846210601077,-0.273674031497822,0.314698048874331,0.122939228132375,-0.113272746698488,-0.215962749842503,0.0954478293727436,0.149022001450426,0.478049877212552,0.392193195916094,-0.319035003352826,-0.106559079579804,0.208813727248641,0.0672482515266983,-0.187616853033189,0.0786798441176841,0.104741664196528,0.167983585730988,0.203454110850633,-0.0408661475379748,0.153199543989428,0.206652433429278,3.41167387899731e-05,-0.447379685202815,0.163324949745563,-0.0778505819019393,0.0626792982259028,-0.156442553978879,0.00312025350683472,0.27712298355926,0.198426903860444,0.247868632208678,-0.040182656044175,-0.220482732461547,0.0050935492913219,0.213818772884808,0.325401884594534,0.269686383654771,0.0470699210642395,0.232081225320514,0.196048822950526,-0.239580032665566,0.0532945678473152,-0.179962853707529,-0.104901867210238,0.127613396504191,0.0673470552109907,0.147332266604215,0.20306267116316,0.191725997769406,-0.168506703687291,0.108961685397735,0.0746756860526182,-0.096522414071335,-0.0525234644278556,0.111957947985656,-0.00141211080310708
"2",0.0615846210601077,1,0.0138949288094042,0.267088563154413,-0.1301143676097,0.168442365900458,0.198415231516548,0.0326821743518625,-0.0401848818078823,0.290039559758442,-0.128071448432049,0.308754811715766,0.369612230244268,-0.0310728239753751,-0.0276877978066616,0.0814705196230758,0.122537039936661,-0.0124507538632849,-0.265076495336834,-0.145948823642443,-0.293491362359313,0.471996037448882,0.0387032883552622,0.0779303699536632,0.434076590703691,0.410769639940959,0.245693009387008,0.231368737431437,0.129326313318353,0.0346239240054789,-0.0226307491080902,-0.0704020965655694,0.283861042295207,0.153094850908626,0.00126164712430367,-0.265648205201329,-0.0436792861825588,-0.524959820217345,0.141908162432007,0.208099544916102,-0.0798545811613679,0.0651967411978426,0.0253136983217143,-0.134342896344365,-0.0387853312131292,-0.0963217780592076,-0.098026978149753,-0.00726112204340223,0.114662957487068,0.0267378983304287,-0.0615437514077517,0.346655605657011,0.0369856413939626,0.238016799946822,0.117156177504241,0.047710332081085,0.114413167342177,-0.158057949720077
"3",-0.273674031497822,0.0138949288094042,1,-0.452280274197693,-0.0497556019355315,0.219703518581118,-0.0361847627919769,-0.108326428541725,0.114557955755239,-0.454912992341701,-0.0244746847934665,0.247297331069804,0.121710757201202,-0.16390715854275,-0.35113266142495,0.218038472665352,-0.0634795649338328,-0.18775254529924,-0.215572532852534,-0.077702420843923,0.217276340986692,-0.174986763609108,-0.0361125510197013,0.145308544677865,0.322192616084986,-0.268749893556404,0.0643866071555597,0.0135304998858317,0.165360068218698,0.00715722181931054,-0.112922498660567,-0.223141455840499,-0.20206432435251,0.0292819357727646,0.172899698896131,-0.0611052555958162,-0.334795090469571,-0.147237359104315,-0.145979967602413,0.0510907580791308,-0.0232696731066412,0.087460953864655,0.169283320698816,-0.0486954676782366,-0.117886633261054,0.0555546290766514,-0.0869660949153632,-0.0681660369655933,0.0593306103227674,-0.194101471123857,-0.0487832947908349,0.0842411257232573,0.108496537885668,0.0731915305946718,-0.0770956141436636,0.0601556155332802,-0.236138124318248,0.041875053985366
"4",0.314698048874331,0.267088563154413,-0.452280274197693,1,0.114527435943547,-0.046834763455345,0.060934956967125,0.070319339016976,-0.34288074635615,0.563681673484142,0.0648747547272978,-0.0847215863778083,-0.0640513089123909,0.110555252340039,0.189763639285097,-0.0705163340637827,0.0463786595207904,0.192183340367533,0.228413451352876,0.172319455936855,-0.330368207479331,0.398673698427286,0.167557298194633,0.0754979485969322,0.0438906386729924,0.524524338073274,0.0649810672318298,0.0113325873334465,-0.112412529777592,0.0479030795853949,0.0802094046750388,0.178771841217689,0.454106877438396,0.0232621151449865,-0.0354243340060769,-0.0427131911961615,0.444206904021826,-0.118743716747792,0.243605749964825,0.174365586417272,0.131606212393272,0.137578420007227,-0.23402838206394,-0.0717533342833624,0.0301556270973202,0.0621706311209357,0.160353409180209,0.208172913236945,-0.086431774293213,0.127107136532563,0.0486427188399284,0.116212690553651,-0.0612459777868188,-0.0208979204698017,-0.0292510612117282,0.0946017252852668,0.210998379168232,-0.19574540310273
"5",0.122939228132375,-0.1301143676097,-0.0497556019355315,0.114527435943548,1,-0.0819738344113278,-0.0266324503210673,0.0854590489224634,-0.018597933508026,0.106818486840079,-0.10807325134861,-0.267659672392767,-0.0145003078932595,0.0546392960928763,0.109444785658773,-0.189115229042812,-0.0910837471002421,0.0138778389952508,0.0620050036343604,0.11899937459117,-0.0152976637863876,0.0713005806311039,0.147265087880644,-0.00499732432698265,-0.00433896667815471,-0.0208356415012931,-0.159715336896599,-0.171133798473041,-0.0426695516814946,-0.112196358745904,-0.0875613976242368,-0.0485599371271341,0.0437405431095311,-0.118378637556854,-0.075750729680715,0.0807865305405313,0.0102665519963099,0.154898184974503,0.035345414495605,0.087758405641928,0.0320277610206738,-0.0519418126284524,-0.0952202953992632,-0.0485554500935364,-0.0173720405317195,0.117238212220124,-0.0749275801740939,0.103566954489426,-0.0372268618068607,0.0636795633047473,-0.00886207148605129,-0.0578104443517777,0.0138027197051116,-0.0191323734389926,0.0380946838239852,0.0106172790618374,0.126765041120615,-0.175371520251099
"6",-0.113272746698488,0.168442365900458,0.219703518581118,-0.046834763455345,-0.0819738344113278,1,0.134386497644241,0.232108938202412,0.138303635425123,-0.0531498016832515,0.00207497176212479,0.1485241756671,0.0839622488887362,-0.173229329912593,0.00967612875835918,-0.0691101083280331,0.200392751070091,-0.22339564073798,-0.129603881649872,-0.0471232144654324,-0.0270387701639441,0.202559826233997,-0.0146918912947076,0.0101697729759254,0.189432999657376,0.0377483990393044,0.259049828401093,0.0178897223710914,0.0227965842641853,-0.0645840213590569,-0.0231342068470212,0.0628367554543414,0.0696513383930698,0.179683843438432,0.0548020083207239,-0.0163671850461784,-0.0363845016328683,-0.135414007282083,-0.060337328711107,0.0652189610653042,-0.189894228802137,0.0809285502486594,0.134576480230573,-0.0252630014282976,0.0339313440679733,0.00575024300520223,-0.0622523123079556,-0.0353107853532594,0.0191190471840624,-0.22972937062495,0.0806604998130071,0.0962809533481073,-0.262011057381042,-0.0422852020261516,-0.191665682234625,-0.089591708279046,0.0568651164640383,0.0485175703544996
"7",-0.215962749842503,0.198415231516548,-0.0361847627919769,0.060934956967125,-0.0266324503210673,0.134386497644241,1,0.425215153508547,0.131161014978572,-0.0243572680475371,-0.119572121974478,0.27981421730672,0.154562327682948,0.0208583126264376,0.0439863135104279,-0.116553412567004,0.220779457936978,0.116438458778684,0.0746491989197294,0.124954461792417,-0.10333364290212,0.0588821120499319,-0.0655919971620908,0.118434128836067,0.229278831281144,0.147270281849132,0.105024889218213,0.133757872040121,0.0341068013836014,0.00036760670612281,-0.0042565774510659,0.0388111822904512,-0.0709132009761031,0.0372962921008491,0.464919375031682,0.288283161841841,0.037548614878395,-0.335924678971587,0.0808791334745279,0.172167842757093,-0.240923479566049,-0.066719151727331,0.0530255548261997,-0.116728750775131,0.338177938459531,0.136857670065856,0.0124234785772846,0.114565670573863,-0.0737239241292121,0.0657295554675855,-0.120660816478354,0.232929116533116,0.131775224798149,0.270900631860315,0.0976979877710214,0.0720115179594931,0.232267576190781,0.104121992881186
"8",0.0954478293727436,0.0326821743518625,-0.108326428541725,0.070319339016976,0.0854590489224634,0.232108938202412,0.425215153508547,1,0.19681516185706,0.214475517714808,-0.0838350468882692,0.0783738815132909,0.0323415814604127,0.111710291844044,0.0589213768459051,-0.115619375413154,0.270458455002639,0.108750570396227,0.104216721449409,0.0939991524407424,-0.162727244372661,0.1118688506376,0.0333612870995515,0.0751904098477942,-0.118042161243505,0.00596505452387183,-0.0356929533611715,0.199475309928617,0.0169779407940571,-0.133049671789323,0.089401178078787,0.0970256566415672,-0.11348716566247,-0.0153644620268215,0.298943584685529,0.356686921463235,0.17490747215161,-0.027390102067024,-0.0930802130230008,0.0399300103175212,-0.247418148548116,-0.0554977682827166,0.019524526705925,-0.0852503513858406,0.142017734488511,-0.0235661336958104,-0.0685534455263025,-0.0573658018672486,-0.0212366789362616,0.0430507302834932,-0.0199218906465388,-0.0257515125123773,-0.0261357958627171,0.189210835678129,-0.0944752960593979,0.0520660608641734,0.241742371286539,0.239342414128776
"9",0.149022001450426,-0.0401848818078823,0.114557955755239,-0.34288074635615,-0.018597933508026,0.138303635425123,0.131161014978572,0.19681516185706,1,0.018429463706031,0.208411540329449,-0.0307904030039793,0.125811513656233,0.0278126925392928,0.150426055787264,0.0171237804348516,0.124508896893162,-0.0918539419872114,-0.0246307085701151,0.0225081013994422,0.257676764556195,-0.0448517115702619,-0.0137271252819129,0.0586411305878957,-0.235192193320246,-0.236774573644127,0.046481029838675,0.213598973383536,0.0979295145666666,0.0612627336506194,-0.0279051811717713,0.0915788966304534,-0.262670806811963,0.0643161519853278,0.0955876620406165,0.151238338893417,-0.116419338737217,0.219058803849224,-0.108252633561722,-0.171661976265573,-0.215848003895936,-0.102440083900285,0.273836956317758,0.208333804080529,0.0745830391928615,-0.0832021547156866,-0.0678924906265676,-0.0377942399962578,0.137657469832817,-0.0777549003307157,-0.0806032156523274,0.023639038690949,0.0986331589324785,0.0700786785908163,0.162294356881841,-0.080252942595563,-0.0375920409782283,0.14661052572303
"10",0.478049877212552,0.290039559758442,-0.454912992341701,0.563681673484142,0.106818486840079,-0.0531498016832515,-0.0243572680475371,0.214475517714808,0.018429463706031,1,0.20212970126686,-0.113023981955498,0.0811300497470072,0.178275813505151,0.175257600326056,-0.127265785294027,0.234157712709857,0.206658482562461,0.0376043013168436,0.114840274993994,-0.153824311291497,0.406755965739522,0.133687233028948,0.0340749966552693,-0.243424256666575,0.370205411491832,-0.101198813024058,0.206889034870509,-0.129204817844845,0.096239072709666,0.0317310492103725,0.0365058510063486,0.246161776098698,-0.119062723104558,-0.117695122032683,-0.0202224302945353,0.394447793141588,0.0597332767200061,0.0391769079764673,-0.00438258585719452,-0.0562515005797653,0.0272832431823589,-0.076940839160673,0.0740535694604351,0.0244368840635674,-0.162006776183536,-0.0214990132545892,0.0960542866376632,0.0299318656216645,0.181574155657387,-0.099915543689618,-0.0398809223726144,-0.192521282220929,-0.0722725060286113,0.0142727349782334,-0.0123127045967626,0.194660932367955,-0.034047391261347
"11",0.392193195916094,-0.128071448432049,-0.0244746847934665,0.0648747547272978,-0.10807325134861,0.00207497176212479,-0.119572121974478,-0.0838350468882692,0.208411540329449,0.20212970126686,1,-0.104418443087855,-0.186807625526823,0.0378907941639167,0.053152522350807,0.0257396152103895,0.0852265661187508,0.0486040007542716,0.104839007348482,0.318833573777911,0.259084162878682,-0.0982587338984176,0.168027662764922,0.118719014097055,-0.354278011581791,-0.0861549978135183,-0.0517578312666145,0.0398188549616291,-0.0373544722532267,0.181091349196541,0.32210390780735,0.224184504823678,0.0824697704021423,-0.030767617582914,-0.115606758765606,-0.038565021212148,0.195667666242399,0.343944935598146,0.206945006294939,0.0511957699070255,0.271331988740817,0.378854010070569,0.0259958561051126,0.147382736559889,0.0571467942963656,0.0164409514698869,0.220175835878059,0.217134038867625,0.140768652701179,0.14788599338442,0.138927235531224,-0.144333136343699,0.153262906993418,0.150611962818604,-0.100611655073007,-0.0889783444369835,0.0203423928251177,0.325656910489672
"12",-0.319035003352826,0.308754811715766,0.247297331069804,-0.0847215863778083,-0.267659672392767,0.1485241756671,0.27981421730672,0.0783738815132909,-0.0307904030039793,-0.113023981955498,-0.104418443087855,1,0.18523785065006,-0.0430367335045816,-0.12365468725132,0.156042837236747,0.126809315839097,0.0606108601822845,-0.0972862095004816,0.0916593066008008,0.0840608871755784,-0.0140608563721806,0.0377212291331451,0.219379005509692,0.395113857526563,-0.136932249374991,0.302033534753321,0.138657141458126,0.251832755492356,0.159157172413808,0.0527072777516456,0.130293129403812,0.0672619541625954,0.246319436182186,0.364803951975137,-0.00642485618477064,-0.139688536424649,-0.347351852759784,0.069306280956885,0.231557625743714,-0.0943632107212846,-0.0361229675974525,0.174815812279525,-0.0474949055072146,0.118431150255187,0.00738855397029496,0.0134427717966724,-0.0208943911362264,0.037591870859612,0.0208281576090472,-0.166332122123042,0.325258366634015,0.242363153941625,0.120985956295554,0.0985632380625657,0.153204564475533,-0.101439601648412,0.143836390892551
"13",-0.106559079579804,0.369612230244268,0.121710757201202,-0.0640513089123909,-0.0145003078932595,0.0839622488887362,0.154562327682948,0.0323415814604127,0.125811513656233,0.0811300497470072,-0.186807625526823,0.18523785065006,1,0.156952444573102,-0.0231865151589044,-0.10783330699599,0.360693944005582,-0.194556182083686,-0.247706089444399,-0.150846993349563,-0.19851312689069,0.182243494973261,0.0179189039478371,0.0175287810168188,0.181039167590423,0.122751552526139,0.0435605328388692,0.089575500390975,-0.00963565940453283,9.77048364433862e-05,-0.196362142705711,-0.153643972278226,-0.0121842681587817,0.149535525576093,0.0877541237247649,-0.214898969731606,-0.275435756646198,-0.352264813887495,0.0213881326648654,0.114391904047076,-0.181865687713192,-0.163330948462873,0.142238429283318,-0.00681619031579221,0.109225768879902,-0.0773969647848428,-0.0340441022523071,-0.0499633640939068,0.488635460708725,0.0598538076745323,-0.109152753785803,0.236059035241812,0.0586044399254421,0.189661460224837,0.341368304377081,0.0431879671261051,-0.0281951046104923,-0.155572974419199
"14",0.208813727248641,-0.0310728239753751,-0.16390715854275,0.110555252340039,0.0546392960928762,-0.173229329912593,0.0208583126264376,0.111710291844044,0.0278126925392928,0.178275813505151,0.0378907941639167,-0.0430367335045816,0.156952444573102,1,0.147666454389464,-0.0495665919638471,0.202205149050537,0.366184584250663,0.362532755834655,0.108330684430535,0.100797441862077,0.0673815439269787,0.0321104726248341,0.0733308089628474,-0.130141830829768,-0.00162259785316767,0.137986683009974,0.259545752901084,0.0878681852215596,0.0234672800147046,0.249410584407408,0.0759570724402972,0.242777876261165,0.297690073903228,-0.0146006864683877,0.0861802532268164,-0.150061178263852,0.143522304789624,0.273698807715654,0.211761007605435,0.0407323417832702,0.0970030250411144,-0.256740324207711,0.00221905193384975,-0.123403880065274,-0.159407510623546,-0.105521745759728,0.0591262318423075,0.0259165506030135,0.69529325162968,-0.00744587150745002,-0.102240910029338,0.0872355862232336,-0.0213260253416618,-0.0114993977735273,-0.0159507076157021,-0.101364950995452,0.0068681930007051
"15",0.0672482515266983,-0.0276877978066616,-0.35113266142495,0.189763639285097,0.109444785658773,0.00967612875835918,0.0439863135104279,0.0589213768459051,0.150426055787264,0.175257600326056,0.053152522350807,-0.12365468725132,-0.0231865151589044,0.147666454389464,1,-0.0747077373731603,0.0210798264096484,0.0506299412524083,0.16883837153544,0.202888521869103,0.126011212444226,0.150873778537833,-0.130365086574553,-0.0906667166060518,-0.236713232705295,-0.00220743649833408,0.122798229855684,0.0904444254981091,-0.111189536508979,0.128001253307719,0.0443250345654417,0.138122519996339,0.0951083970194008,0.0617814667573175,-0.00217290695627231,-0.0633522453800927,0.18382915126131,0.0847718439850136,0.0392726268105136,-0.0465345460077999,0.101685661427755,0.00803765167857935,-0.0335149501840576,0.0456705709462415,0.0916188943199783,-0.0110517556695861,0.161127811297616,0.00158794177775258,-0.0292236392684503,0.0272793420733732,0.147589711529562,-0.104223506651229,-0.156829714638055,-0.022287245470743,-0.057721822486177,-0.0607856717603986,0.0861171124902452,-0.149815344743937
"16",-0.187616853033189,0.0814705196230758,0.218038472665352,-0.0705163340637827,-0.189115229042812,-0.0691101083280331,-0.116553412567004,-0.115619375413154,0.0171237804348516,-0.127265785294027,0.0257396152103895,0.156042837236747,-0.10783330699599,-0.0495665919638471,-0.0747077373731603,1,-0.205051192308929,-0.0425559729971921,0.00526714830967395,-0.207975929564194,0.124038570011791,-0.0379176588220033,0.120706989190127,0.189631931915985,0.2414644724132,-0.017752237243797,0.106129965397075,-0.0296391912737533,-0.0357789732173416,-0.00616976769871005,0.130860420563793,0.00736306283380137,0.0877380478126109,0.20961093821365,0.0213917930099817,-0.094184778499272,-0.0651645372231105,-0.147737155734127,0.0285190228821375,0.113435136568934,-0.0197149112421094,0.111234069780539,0.119962878888971,0.0548456388919078,-0.016009900265519,-0.103402926521966,0.0246041470797593,-0.0850540440674073,-0.0162883283849889,-0.0413050314308406,0.119419290762024,0.256565512751449,0.0750399260639098,-0.0328351304024939,-0.11633915859119,-0.0909762479717864,-0.0155044403050701,-0.12557058017318
"17",0.0786798441176841,0.122537039936661,-0.0634795649338328,0.0463786595207904,-0.0910837471002421,0.200392751070091,0.220779457936978,0.270458455002639,0.124508896893162,0.234157712709857,0.0852265661187508,0.126809315839097,0.360693944005582,0.202205149050537,0.0210798264096484,-0.205051192308929,1,-0.0191047552165229,0.0186320488558581,0.0499706875748161,-0.0557167043811,0.152508420962972,-0.0144010570157358,-0.0873642163290668,-0.166474689166614,0.0584552394615558,-0.0179154177989133,0.201831303730293,-0.195747521118381,0.0189386354148517,0.133305605702701,0.14753766645563,0.0761959461841679,0.16088389391359,0.0502125099730328,0.116915392760177,0.142435780268204,-0.0217131026947774,0.177433915852867,0.16963695779291,-0.0833035056458797,-0.0380613662395879,-0.021191152942461,-0.171148249543806,0.151989627823435,0.0929362273048917,-0.0831953355652332,-0.067701069244211,0.215326708428515,0.0515441505610294,0.0564986548094754,-0.0703055084432577,-0.0473180385325622,0.0445409155710111,0.162933222500342,-0.0068785397016713,-0.0315482827599221,-0.0102672771034109
"18",0.104741664196528,-0.0124507538632849,-0.18775254529924,0.192183340367533,0.0138778389952508,-0.22339564073798,0.116438458778684,0.108750570396227,-0.0918539419872114,0.206658482562461,0.0486040007542716,0.0606108601822845,-0.194556182083686,0.366184584250663,0.0506299412524083,-0.0425559729971921,-0.0191047552165229,1,0.308074393130211,0.148229776832033,0.0302575211161069,0.101099594407879,0.0132175086263136,0.0698313623778719,0.00887036959819736,0.179100961488201,0.194301497428289,0.20493195337311,0.109163768681495,0.0748543806585186,0.219544281147405,0.0966193585643938,0.279060268462018,-0.00637133998027358,0.150572293164875,0.0470679580382869,0.0724033437225793,0.0703627120390233,0.229624452728885,0.244992010274177,0.0948435334579752,0.0969891257416096,-0.207781024231006,0.0924841816422649,0.0352973316582432,-0.0322527602849484,0.134176854851376,0.0387304468224156,-0.230863447563698,0.562471144148213,-0.0984323117258476,-0.0734423925164978,0.150240207250054,0.0990734597959183,-0.00870787591842134,0.163070227454056,0.0270736061373789,0.115400210860058
"19",0.167983585730988,-0.265076495336834,-0.215572532852534,0.228413451352876,0.0620050036343604,-0.129603881649872,0.0746491989197294,0.104216721449409,-0.0246307085701151,0.0376043013168436,0.104839007348482,-0.0972862095004816,-0.247706089444399,0.362532755834655,0.168838371535439,0.00526714830967395,0.0186320488558581,0.308074393130211,1,0.261368386906974,0.0125724837319172,0.0738232013320459,0.200140769297137,0.0941978666667804,-0.178691504255853,0.00477558471635922,0.040941331474843,0.00405583895538479,0.0232009467226926,0.180930178417507,0.473423227156021,0.416850084335045,0.218072560787035,0.133297664931606,0.167841299710437,0.241136233771834,0.12106577193161,0.276533926289564,0.291933658772703,0.189308841464091,0.21290707587537,0.180642256051526,-0.264545756722026,0.0280875479676648,0.0710950966015483,0.0234251993666219,0.133730327446817,0.00146119797339059,-0.12312748797504,0.312878332667789,0.150699765831655,-0.0541282294502337,0.113284878697694,0.0475428287449316,0.0671303780016485,0.0248986871469764,-0.052542303857093,-0.0444276138003525
"20",0.203454110850633,-0.145948823642443,-0.077702420843923,0.172319455936855,0.11899937459117,-0.0471232144654324,0.124954461792417,0.0939991524407424,0.0225081013994422,0.114840274993994,0.318833573777911,0.0916593066008008,-0.150846993349563,0.108330684430535,0.202888521869103,-0.207975929564194,0.0499706875748161,0.148229776832033,0.261368386906974,1,0.224081822546529,-0.0652202463734294,0.0943642528304289,0.0848551522676802,-0.153144593408648,-0.106147131041142,0.00473982748538264,0.017126096238419,0.11335267772218,0.116473949345646,0.473089435510021,0.539623560691671,0.151203803120876,0.0978483083115209,0.143578185289403,0.137568740138466,0.11693259158023,0.256188861578604,0.27892867791518,0.238491070910758,0.150259361677029,0.172792833109074,-0.0594106439889142,0.00360002072891193,0.120241391541671,0.160880859499153,0.0940544705687675,0.199705277135868,0.0423095333775004,0.151559968412335,0.130246701097663,-0.0594059642190592,0.0862237083364017,0.150255612366781,0.0127901153518109,0.029439460011841,0.0546948715961711,0.111368975861244
"21",-0.0408661475379748,-0.293491362359313,0.217276340986692,-0.330368207479331,-0.0152976637863876,-0.0270387701639441,-0.10333364290212,-0.162727244372661,0.257676764556195,-0.153824311291497,0.259084162878682,0.0840608871755784,-0.19851312689069,0.100797441862077,0.126011212444226,0.124038570011791,-0.0557167043811,0.0302575211161069,0.0125724837319172,0.224081822546529,1,-0.378727037999199,0.0329096856329146,0.130149293539789,-0.114066470259084,-0.452256478719967,0.134350717617577,-0.00558362734280826,0.131705451677306,0.00720691957716504,0.118704324924044,0.0660667997887373,-0.175713167762788,0.103475987689029,0.0757426269039362,0.00738489190906791,-0.234472596938062,0.232056816651868,0.0561585858267961,0.00847123444208528,0.0739427917769199,0.140416724337251,0.151136723310624,0.209555006285305,0.0498389783847066,-0.00107501212978228,0.0589849582963006,0.118972349294987,-0.0310148690544673,0.127544459321751,-0.0344269460353177,-0.169626598473997,0.118439088628007,-0.0484119000813621,-0.00668877629706199,0.0288852233098218,-0.250602181437412,0.232895177070426
"22",0.153199543989428,0.471996037448882,-0.174986763609108,0.398673698427286,0.0713005806311038,0.202559826233997,0.0588821120499319,0.1118688506376,-0.0448517115702619,0.406755965739522,-0.0982587338984176,-0.0140608563721806,0.182243494973261,0.0673815439269787,0.150873778537833,-0.0379176588220033,0.152508420962972,0.101099594407879,0.0738232013320459,-0.0652202463734294,-0.378727037999199,1,0.032747161659036,-0.00316046395666034,0.205613120911798,0.436913532878301,0.140765962240043,0.178896028139446,-0.0941312072461555,0.0639211804889774,-0.0233391785885917,-0.0809644060667134,0.346340971131955,0.030904604288447,-0.123065629799163,-0.193393350040179,0.156469545815585,-0.291823601462692,0.130549951108174,0.123792447786894,0.113271681241877,0.104040280174641,-0.101297833126338,-0.043243096340941,-0.0533376239164298,-0.0690184006067003,0.0676028410911817,0.137352970820012,0.0578458899493711,0.0992462016464657,0.117481721129031,0.229709162010998,-0.0697048651658344,0.0207647237775963,0.096781323604478,0.0738067876346221,0.22463934550611,-0.234808259496693
"23",0.206652433429278,0.0387032883552622,-0.0361125510197013,0.167557298194633,0.147265087880644,-0.0146918912947076,-0.0655919971620908,0.0333612870995515,-0.0137271252819129,0.133687233028948,0.168027662764922,0.0377212291331451,0.0179189039478371,0.0321104726248341,-0.130365086574553,0.120706989190127,-0.0144010570157358,0.0132175086263136,0.200140769297137,0.0943642528304289,0.0329096856329146,0.032747161659036,1,0.595331249231286,0.122385530706088,0.210333390168642,-0.0103301707782838,-0.0866839853823848,0.136457643531217,0.184697015648464,0.268549492674981,0.158279574323905,0.0927918926628718,-0.0474357759313697,0.20173104621862,0.190157394657023,0.146978150443492,0.154584096909444,0.0853217156671226,0.151168479932652,0.105403683009117,0.209329638667274,0.177206854350263,0.274577058997647,0.28751400559099,0.10106901404534,0.00959266760590499,0.0273421459878285,0.159705318665005,0.213521161955881,-0.0107876225824192,0.010526450619551,0.288016929068352,0.145460066472769,0.300184455940666,-0.0254526973221996,0.200943982659141,-0.0537701715020297
"24",3.41167387899731e-05,0.0779303699536632,0.145308544677865,0.0754979485969322,-0.00499732432698265,0.0101697729759254,0.118434128836067,0.0751904098477942,0.0586411305878957,0.0340749966552693,0.118719014097055,0.219379005509692,0.0175287810168188,0.0733308089628474,-0.0906667166060518,0.189631931915985,-0.0873642163290668,0.0698313623778719,0.0941978666667805,0.0848551522676802,0.130149293539789,-0.00316046395666034,0.595331249231286,1,0.164051894767003,0.0263233134156985,-0.0503699379021791,-0.0142159958380321,0.0405832428482705,-0.0169431374226895,0.22809643989161,0.0498823094272284,0.0821333420264909,-0.0249359620839305,0.404895818255527,0.124248933711364,0.0349722516642718,-0.0432699642657094,0.0280112015034419,0.164904336171018,0.0138542622432985,0.137417319113021,0.160212382314756,0.154789885623516,0.235793409335593,0.0895692176516279,0.139404717224023,0.0581385719009333,-0.00593826404047459,0.229323173693163,-0.00198010325341853,0.131032951114207,0.251164158052062,0.200458724525857,0.133354542023365,0.041516022306625,0.0792586877948143,-0.0419956709255336
"25",-0.447379685202815,0.434076590703691,0.322192616084986,0.0438906386729924,-0.00433896667815471,0.189432999657376,0.229278831281143,-0.118042161243505,-0.235192193320246,-0.243424256666575,-0.354278011581791,0.395113857526563,0.181039167590423,-0.130141830829768,-0.236713232705295,0.2414644724132,-0.166474689166614,0.00887036959819736,-0.178691504255853,-0.153144593408648,-0.114066470259084,0.205613120911798,0.122385530706088,0.164051894767003,1,0.339481746580176,0.378734458829357,-0.00513269694093106,0.25636585367285,-0.00337596852360513,-0.121920155138556,-0.201580312502275,0.178947461127857,0.0677723819560295,0.225407386120812,-0.113840791761193,-0.218367965448098,-0.583290801145807,-0.020727104379406,0.280384537531192,-0.0489023246968244,0.0695898416631102,0.0950680360392375,-0.147177247465842,0.138787272458682,0.194729248207472,-0.147122295531809,0.0551091341120491,-0.115033980794222,-0.00737403357198002,-0.203592167538393,0.346829533877278,0.0865378106644398,0.0795564772407917,0.200053244000213,0.22540414629204,0.0761843108107429,-0.151509863245432
"26",0.163324949745563,0.410769639940959,-0.268749893556404,0.524524338073274,-0.0208356415012931,0.0377483990393044,0.147270281849132,0.00596505452387183,-0.236774573644127,0.370205411491832,-0.0861549978135183,-0.136932249374991,0.122751552526139,-0.00162259785316767,-0.00220743649833408,-0.017752237243797,0.0584552394615558,0.179100961488201,0.00477558471635922,-0.106147131041142,-0.452256478719967,0.436913532878301,0.210333390168642,0.0263233134156985,0.339481746580176,1,0.169829289544774,0.0327137847005842,0.0488238585180334,0.119235617519489,-0.0728900365688571,-0.175696306658161,0.277878514586662,-0.10552800341797,-0.0582264404690794,-0.116420663284116,0.259436899538651,-0.364976364836525,0.027308320417756,0.127645556637456,-0.00483340374407136,0.055233229091427,-0.0226815742696906,-0.00880246445913233,0.119926197002133,0.177434360587353,0.0412883916828118,0.0395704167781084,-0.0207207502555039,0.162824706888548,0.0115705240270476,0.268814911300497,-0.0485822977558447,0.0861934536830858,0.22307752622938,0.0528988445208464,0.316881285025739,-0.32144957588159
"27",-0.0778505819019393,0.245693009387008,0.0643866071555597,0.0649810672318298,-0.159715336896599,0.259049828401093,0.105024889218213,-0.0356929533611715,0.046481029838675,-0.101198813024058,-0.0517578312666145,0.302033534753321,0.0435605328388692,0.137986683009974,0.122798229855684,0.106129965397075,-0.0179154177989133,0.194301497428289,0.040941331474843,0.00473982748538264,0.134350717617577,0.140765962240043,-0.0103301707782838,-0.0503699379021791,0.378734458829357,0.169829289544774,1,0.217153507152891,0.419517944740347,0.281577213602592,0.0706830741542312,0.0870822547061871,0.311768852606418,0.383350709788882,0.0576814765672376,-0.221897937977137,-0.15664627809664,-0.265459061268789,0.299907842034969,0.241778502157337,0.115920519583702,0.223345939490919,0.154548423297856,-0.023228819839962,0.0775156962551153,0.122221172624146,0.0784132329008045,0.106867054480769,-0.0853437204306833,0.234087727996058,-0.0344025296317016,0.246022937295346,0.0155831272990894,0.0256995191780118,0.0459054228454806,0.194656960587203,-0.155177518348203,0.0419761315112226
"28",0.0626792982259028,0.231368737431437,0.0135304998858317,0.0113325873334465,-0.171133798473041,0.0178897223710914,0.133757872040121,0.199475309928617,0.213598973383536,0.206889034870509,0.0398188549616291,0.138657141458126,0.0895755003909749,0.259545752901084,0.0904444254981091,-0.0296391912737533,0.201831303730293,0.20493195337311,0.00405583895538479,0.017126096238419,-0.00558362734280826,0.178896028139446,-0.0866839853823848,-0.0142159958380321,-0.00513269694093106,0.0327137847005842,0.217153507152891,1,0.155723138628803,0.141722994312115,0.058010220013721,0.0959904183545399,0.0350046352878648,0.138820752371899,0.017232686478363,-0.118276857517273,-0.131460220888607,-0.0317097119811844,0.0543260700937956,0.0976319550018458,-0.023672709721039,-0.0270462951541728,0.0906896015464426,0.0309166742449624,0.0924013687642198,-0.0713819465199433,-0.0730439827007757,-0.0582173869835397,0.159060013211931,0.159819079802497,-0.0519900858087119,-0.0802609858055781,0.0822336402082071,-0.0636759349481682,0.122356432225899,0.102005372781683,0.0119899432260709,0.232183396077593
"29",-0.156442553978879,0.129326313318353,0.165360068218698,-0.112412529777592,-0.0426695516814946,0.0227965842641853,0.0341068013836014,0.0169779407940572,0.0979295145666666,-0.129204817844845,-0.0373544722532267,0.251832755492356,-0.00963565940453283,0.0878681852215596,-0.111189536508979,-0.0357789732173416,-0.195747521118381,0.109163768681495,0.0232009467226926,0.11335267772218,0.131705451677306,-0.0941312072461554,0.136457643531217,0.0405832428482705,0.25636585367285,0.0488238585180334,0.419517944740347,0.155723138628803,1,0.453555101679015,0.0598522161867536,0.0060017472875384,-0.001195387302009,0.0429281694678962,0.159064416511742,-0.0054184492836554,-0.130727673732836,-0.0255206934033605,0.0489688839300473,-0.00284650673267998,0.0975501704660392,0.199076178392511,0.200098271954729,0.111495782374162,-0.039544467903748,0.0459461800426916,-0.0767130731447311,0.0913140911009967,-0.0441575391718267,0.231329184939006,-0.104613597981681,0.172367733442777,0.0409465606958166,0.10252486883499,0.06358631201299,0.0746107539539827,-0.23346293667009,0.0974811854813689
"30",0.00312025350683472,0.0346239240054789,0.00715722181931054,0.0479030795853949,-0.112196358745904,-0.0645840213590569,0.00036760670612281,-0.133049671789323,0.0612627336506194,0.096239072709666,0.181091349196541,0.159157172413808,9.77048364433862e-05,0.0234672800147046,0.128001253307719,-0.00616976769871005,0.0189386354148517,0.0748543806585186,0.180930178417507,0.116473949345646,0.00720691957716504,0.0639211804889774,0.184697015648463,-0.0169431374226895,-0.00337596852360513,0.119235617519489,0.281577213602592,0.141722994312115,0.453555101679015,1,0.107934248593969,0.0568376306393244,0.117623253735508,0.0785762663222573,0.0694130124843717,-0.130656093683554,0.130236031314469,0.0663775695548357,0.173904653074995,-0.0476497640229877,0.238984612859482,0.219005120049161,0.173243490350031,0.195352926478479,0.19953267683423,0.159353390045499,0.0819266034083338,0.0804356173113091,0.0872442128441467,0.109472139002948,0.082909566290059,0.191167473533765,-0.0779571089383518,0.0221649144578094,0.162946555980986,0.0395595212155306,-0.0972176700180984,-0.009096478430026
"31",0.27712298355926,-0.0226307491080902,-0.112922498660567,0.0802094046750388,-0.0875613976242368,-0.0231342068470212,-0.0042565774510659,0.089401178078787,-0.0279051811717713,0.0317310492103725,0.32210390780735,0.0527072777516456,-0.196362142705711,0.249410584407408,0.0443250345654417,0.130860420563793,0.133305605702701,0.219544281147405,0.473423227156021,0.473089435510021,0.118704324924044,-0.0233391785885917,0.268549492674981,0.22809643989161,-0.121920155138556,-0.0728900365688571,0.0706830741542312,0.0580102200137209,0.0598522161867536,0.107934248593969,1,0.555712363848478,0.343348629734857,0.182380466272095,0.02473480468693,0.0787385289362711,0.108790258639665,0.267435984975674,0.408551803418818,0.367623439457271,0.287699042648307,0.275511027469297,-0.126560617854608,0.00647044145579542,-0.022404804088258,0.110529799743815,0.0522698762195517,0.0517959595245481,0.0141946700718219,0.30420863321279,0.141531014995348,-0.0536046455594953,0.199107124519639,0.135960040505732,-0.0348237027480299,0.0107566680394818,-0.0973084840591295,0.0176341845659924
"32",0.198426903860444,-0.0704020965655694,-0.223141455840499,0.178771841217689,-0.0485599371271341,0.0628367554543414,0.0388111822904512,0.0970256566415672,0.0915788966304534,0.0365058510063486,0.224184504823678,0.130293129403812,-0.153643972278226,0.0759570724402972,0.138122519996339,0.00736306283380137,0.14753766645563,0.0966193585643938,0.416850084335045,0.539623560691671,0.0660667997887373,-0.0809644060667134,0.158279574323905,0.0498823094272284,-0.201580312502275,-0.175696306658161,0.0870822547061871,0.0959904183545398,0.0060017472875384,0.0568376306393244,0.555712363848478,1,0.1909413217254,0.337738198544219,0.0958605559433492,0.157181905720022,0.0918307263305126,0.367563707327108,0.235503166792808,0.159945081068892,-0.00557512969184986,0.051407946430917,-0.0863690521971831,-0.0301533859316767,0.106782027905765,0.114926566381647,0.116655606995421,0.0426957802908379,0.0356532064776477,-0.00492319665204609,0.111565355003761,-0.0645450863074973,0.105105565040652,-0.00682033708216813,0.054497738385305,-0.114406867376233,-0.0407764722825167,0.10048847957139
"33",0.247868632208678,0.283861042295207,-0.20206432435251,0.454106877438396,0.0437405431095311,0.0696513383930698,-0.0709132009761031,-0.11348716566247,-0.262670806811963,0.246161776098698,0.0824697704021423,0.0672619541625954,-0.0121842681587817,0.242777876261165,0.0951083970194008,0.0877380478126109,0.0761959461841679,0.279060268462018,0.218072560787035,0.151203803120876,-0.175713167762788,0.346340971131955,0.0927918926628719,0.0821333420264909,0.178947461127857,0.277878514586662,0.311768852606418,0.0350046352878648,-0.001195387302009,0.117623253735508,0.343348629734857,0.1909413217254,1,0.308137798178615,-0.0307632377044241,-0.105250699952267,0.305623654676448,-0.0262294198687698,0.588893904386591,0.546862272410003,0.282753688023783,0.210274323767589,-0.395333824297771,-0.310790453165546,-0.0016018313597031,0.0937284665751501,0.158095629044807,0.200470092380303,-0.177295235563084,0.20448251030134,0.243514886830013,0.279652392367214,-0.0262458053683756,-0.00881832553900327,-0.0837028001302768,0.0277910252293577,-0.0114275718018296,-0.150293588349037
"34",-0.040182656044175,0.153094850908626,0.0292819357727646,0.0232621151449865,-0.118378637556854,0.179683843438432,0.0372962921008491,-0.0153644620268215,0.0643161519853278,-0.119062723104558,-0.030767617582914,0.246319436182186,0.149535525576093,0.297690073903228,0.0617814667573175,0.20961093821365,0.16088389391359,-0.00637133998027358,0.133297664931606,0.0978483083115209,0.103475987689029,0.030904604288447,-0.0474357759313697,-0.0249359620839305,0.0677723819560295,-0.10552800341797,0.383350709788882,0.138820752371899,0.0429281694678962,0.0785762663222573,0.182380466272095,0.337738198544219,0.308137798178615,1,-0.0541376430245213,-0.0875045658704868,-0.0899768139211292,-0.030370587601555,0.392383329148082,0.377624139373764,0.0553672523141013,0.111076665753724,-0.0548644394591354,-0.0979960722800007,0.12802327911727,0.0690365110218065,-0.0083751283679828,-0.0411934731004726,0.127612148584253,0.135868381330375,0.200439555131127,0.2240602171734,-0.0298069880058208,-0.00557096495963107,-0.0813120607764784,-0.169982261878977,-0.117495076151069,-0.185521257332011
"35",-0.220482732461547,0.00126164712430367,0.172899698896131,-0.0354243340060769,-0.0757507296807151,0.0548020083207239,0.464919375031682,0.298943584685529,0.0955876620406165,-0.117695122032683,-0.115606758765606,0.364803951975137,0.0877541237247649,-0.0146006864683877,-0.00217290695627231,0.0213917930099817,0.0502125099730328,0.150572293164875,0.167841299710437,0.143578185289403,0.0757426269039362,-0.123065629799163,0.20173104621862,0.404895818255527,0.225407386120812,-0.0582264404690794,0.0576814765672376,0.017232686478363,0.159064416511742,0.0694130124843717,0.02473480468693,0.0958605559433492,-0.0307632377044241,-0.0541376430245213,1,0.372863712259885,0.0161673484725858,-0.103749040132613,-0.0282105635809154,0.0509488270357422,-0.136365603470707,-0.0843139468952709,0.187265754628448,0.159061608979692,0.320565286023105,0.124823104402812,0.132701132195694,-0.00646345120534534,-0.114179406864516,0.0712713239688717,-0.13615798183528,0.174174759451949,0.190718216808183,0.238319988705188,0.0906372243556187,0.128528010675928,-0.0402890352503894,0.168540218547285
