"","l_Insular.Cortex","r_Insular.Cortex","l_Amygdal.Area","r_Amygdal.Area","l_Bed.Nucleus.of.the.Stria.Terminalis","r_Bed.Nucleus.of.the.Stria.Terminalis","l_Hippocampus","r_Hippocampus","l_Orbitofrontal.cortex","r_Orbitofrontal.cortex","l_Entorhinal.Cortex","r_Entorhinal.Cortex","l_Frontal.Association.Cortex","r_Frontal.Association.Cortex","l_Globus.Pallidus","r_Globus.Pallidus","l_Glomerular.Layer.of.the.Accessory.Olfactory.Bulb","r_Glomerular.Layer.of.the.Accessory.Olfactory.Bulb","l_Glomerular.Layer.of.the.Olfactory.Bulb","r_Glomerular.Layer.of.the.Olfactory.Bulb","l_Granule.Cell.Level.of.the.Cerebellum","r_Granule.Cell.Level.of.the.Cerebellum","l_Hypothalamic.Region","r_Hypothalamic.Region","l_Entorhinal.Cortex","r_Entorhinal.Cortex","l_Vermix.Molecular.Layer.of.the.Cerebellum","r_Vermix.Molecular.Layer.of.the.Cerebellum","l_Lateral.Molecular.Layer.of.the.Cerebellum","r_Lateral.Molecular.Layer.of.the.Cerebellum","l_Anterior.Olfactory.Bulb","r_Anterior.Olfactory.Bulb","l_Posterior.Olfactory.Bulb","r_Posterior.Olfactory.Bulb","l_Subiculum","r_Subiculum","l_Perirhinal.Area","r_Perirhinal.Area","l_PreLimbic.System","r_PreLimbic.System","l_Primary.Cingular.Cortex","r_Primary.Cingular.Cortex","l_Primary.Motor.Cortex","r_Primary.Motor.Cortex","l_Retrosplenial.Cortex","r_Retrosplenial.Cortex","l_Secondary.Cingular.Cortex","r_Secondary.Cingular.Cortex","l_Secondary.Motor.Cortex","r_Secondary.Motor.Cortex","l_Striatum","r_Striatum","l_Ventral.Tegmental.Area","r_Ventral.Tegmental.Area","l_Substantia.Nigra","r_Substantia.Nigra","l_Thalamus","r_Thalamus"
"1",1,0.0911609400926597,0.136790012955085,0.181336628939455,0.0514431492972005,-0.0303772942256361,-0.0287328276299963,-0.0429782248113414,0.203325563253855,0.113180379765746,-0.00679219500388006,0.171501499132129,-0.1187564256035,0.0806452191358892,0.0252059381001913,-0.0364913205306074,-0.0672367642294562,0.0406382132724731,-0.041615432245383,-0.118028032948242,-0.0142561087777473,0.107804331375165,0.164739844109772,0.0498706542539599,-0.162610525222594,0.0352192104157918,0.121784049629767,-0.0387751192407186,-0.0052205057911266,-0.0854952850738282,-0.098590542567609,0.00170166341129627,0.0528436055168964,0.216086767413963,0.00753037769679166,-0.090141921440725,-0.0414457342521325,-0.106920155177824,0.0305618933192247,0.0664594604802475,-0.132183728673638,-0.119022159943733,0.00178436360559219,0.0154587128393394,-0.161639832893335,0.0882247221998984,-0.00569640391053973,-0.00739165949731049,-0.188071437087891,-0.0735538697717342,0.239398957488945,0.0560489740568479,-0.0150535506902102,0.113473979508697,-0.0725314825523086,0.0402667859270691,0.00213658303948815,-0.219752586018803
"2",0.0911609400926597,1,-0.00435349484921983,-0.0494545494786794,-0.135808077767659,0.112276512885653,0.0391047039913559,-0.0904052977404678,0.278752834284723,0.119813269360242,0.0820802236411621,0.250635329131355,0.106097217451149,-0.0366191634201818,0.0295623909043918,-0.121394715004207,0.112743888695988,0.185751468151805,0.0185631071583958,0.0648128474076865,-0.0948985673692151,-0.00095585719845577,-0.00445738784661675,-0.00584565499631411,0.0161679613653411,-0.0260746031394052,-0.0851687039149069,-0.114314288376493,0.0340731619557158,0.121276362994998,-0.029857455110445,0.146549688622543,0.073505137327483,0.176257614133908,0.156152586684522,0.0494277118057893,-0.019869696640755,0.012677645529195,0.0184666871266867,0.213093946680561,-0.0106503950367039,0.0274829194883602,-0.0511959367379427,-0.0430329923565662,-0.25026048851842,-0.05232793218227,0.236661834809244,0.0648214548428703,0.0946023666365096,0.0731510795622988,0.087758784459697,0.194828329601914,0.0811005084512126,0.0102355965872964,0.0159712125059049,-0.111596179155799,-0.00407958807505183,0.0372430654586505
"3",0.136790012955085,-0.00435349484921983,1,0.166264182706537,-0.272055598186253,0.175967566194241,-0.0267176036405901,0.193156881816701,0.0582575651190177,-0.215438345473585,0.259785151784811,-0.135012742420931,-0.107357581773708,0.0644623191538364,-0.00867775556841166,-0.247131121404043,-0.0357567339112045,0.0362611950115539,0.0059102551872721,-0.00472667275958213,-0.118939449728639,-0.0529319175072369,-0.028416034151062,-0.0420819255216765,0.140406926599866,0.0657323634350865,-0.0465254322008366,-0.091277756956975,-0.107058726519869,-0.0570335297664772,-0.0357600828860933,0.0178864220275602,0.101799006539608,0.0464267821558891,-0.017031006827023,-0.0896345283814685,-0.130710903441069,-0.0771505063102094,0.0427630594077032,0.0482049831855415,0.0994195841495747,-0.019798115824542,0.16183179970477,0.0332674972732941,-0.0147070029764672,-0.0712952333528137,0.115274080046943,0.124480706997962,0.00890943403465777,0.00826495968433265,0.00096989187486069,-0.00466298831920787,0.256282317880358,0.15963302130164,0.127215407411264,-0.0334282236555254,0.054049870019866,-0.11193136823364
"4",0.181336628939455,-0.0494545494786794,0.166264182706537,1,-0.129159358391514,0.0335540087987784,-0.0686614624119453,0.0915450895433087,-0.178972190672527,0.0921304184211892,0.0351677907817827,-0.0900117461114728,-0.0664019688591533,0.0668930974291255,-0.0577194887877382,-0.00092740253108286,-0.268351565866512,0.114658502262547,0.133032558019707,-0.053216906333637,-0.0178149348712138,0.144633863753265,0.122167900667058,-0.0229871350401134,-0.0376302573341036,0.0127595687305368,-0.169971368523327,-0.0683833811534303,-0.0177761375255989,-0.0450930605484393,0.122444697589572,0.234102504674809,0.0399910125821895,-0.046359130046594,0.00732629891664742,-0.0528010953158151,-0.0489902628736381,-0.0889096865581377,-0.0631682127942307,-0.0402973475040781,0.00205493661769271,-0.0638406981730922,-0.204811581202591,0.12108350530874,-0.0612576791442164,-0.0068301315361388,0.0105186688048434,0.118832059321647,-0.058985050308041,-0.00269332677201975,-0.0261287060414594,0.0246816527960909,0.0761636064393431,0.0943559895645808,-0.0804586771104021,0.0397163757990412,0.0285412732765973,-0.112288345094998
"5",0.0514431492972005,-0.135808077767659,-0.272055598186253,-0.129159358391514,1,0.0278762178176058,0.0740195017741149,-0.0978100551974861,0.0636849922496083,0.0062324636397557,0.0298995447386825,0.12350774100212,0.023532222164543,-0.0140086168067482,-0.0597913706471504,-0.0297320312093839,0.0265850124878179,-0.00546060694493011,0.102469582236704,0.093385468046553,0.00803525519109613,-0.102090275316672,-0.0192353058613604,-0.00820532945410248,0.00647525908964325,-0.0246179069500243,0.103441249287791,-0.0517510111200899,-0.0264018939659199,-0.0461555916357445,0.0598572487974049,0.0540211443790218,-0.302666210505187,-0.00449800918847562,0.134099250834415,0.18724487795426,0.167503659578246,0.30959326787736,-0.251082092347648,-0.180524887572556,0.102335120566772,-0.01231503987558,0.271766603188064,-0.0604151353482736,-0.0640264763137132,0.0895955166656461,-0.0309892781856649,-0.0778597000617938,0.0220683288438341,-0.00475496338912834,0.121640750067471,-0.166726279746914,-0.0419545879656128,0.124060791433334,-0.001418983515611,0.0653367850570733,0.0913393408662199,-0.184534795677952
"6",-0.0303772942256361,0.112276512885653,0.175967566194241,0.0335540087987784,0.0278762178176058,1,-0.0140241724384389,0.0736316538927103,0.0263501837958127,-0.103993901343549,0.205194409995248,0.128193832750872,-0.0620576412811522,-0.246378101089785,0.130364868041455,0.0545020071785962,-0.0954768333808834,0.0946968039798759,-0.0236118350598551,-0.0427670125258087,-0.169353892026759,0.0552619256275242,0.0361352101354045,-0.0750337357125675,0.0574820287768984,-0.0964810325980232,-0.172310537871856,0.152860513413901,-0.161969247404496,0.0630682698636444,0.0950329409897167,0.0138667378996157,0.127049446757681,-0.0482926545844727,0.0604618149330993,-0.0193189131258423,0.107741682205333,0.0168124349282152,-0.012086736895789,0.024343879911934,0.0866923826612507,-0.149977472327579,-0.0772444256297554,-0.177649017842106,-0.0405177615209779,-0.151612593825874,0.0652773876453388,-0.108179341707674,-0.055868272086511,-0.259506802424533,0.162920057347702,0.256875113174145,0.104188346508679,-0.00390841090331247,0.233817208065307,0.156050728498204,0.0447109476714214,-0.0191639219255984
"7",-0.0287328276299963,0.0391047039913559,-0.0267176036405901,-0.0686614624119453,0.0740195017741149,-0.0140241724384389,1,0.119216796547643,-0.0319958912843634,0.0408257682483122,-0.00858659372316851,-0.0268602500147521,0.119708055226132,0.041740991500496,0.254849334664371,-0.0278668893661623,0.198146756395989,0.184250665127045,0.150511595763851,0.0851742606051838,-0.183639365434712,-0.0480215818658718,-0.0659799360349071,-0.0348962341182552,0.0742065332629266,-0.121510679527941,0.129880363057638,0.157534038429965,-0.100910237143088,-0.0965271477256209,0.0892789940951023,0.0510493020031157,-0.00107752774738374,-0.0219274246067371,0.240191678555865,-0.0583266432193496,0.190978621312044,0.255989466906366,-0.144968526125669,0.00836246711390888,0.0106299747630913,0.118832657699826,-0.0821031844058039,-0.216831712246773,0.179402430755405,-0.0541110640212811,0.0756992752689168,-0.0610074602739164,0.0586871866323284,0.0854726200707771,-0.0717123687072579,-0.18384320867295,0.0446524513697739,0.223655836249224,-0.00988490776177861,-0.126862792536404,0.0526543404833491,0.0105104973848189
"8",-0.0429782248113414,-0.0904052977404678,0.193156881816701,0.0915450895433087,-0.0978100551974861,0.0736316538927103,0.119216796547643,1,-0.0409266117719474,-0.172204820726219,0.191475051750355,-0.102427193269329,0.0827993074208994,-0.157011765388655,0.0209590893296148,0.00520441527106001,-0.242236775918888,0.00922168584672351,-0.0648088464507817,0.00779000986831421,-0.0438665541383133,0.0871479260286371,0.118343530601487,0.0942998357735857,-0.026591567916953,-0.0891024416664371,-0.202005538927538,-0.0130861077962221,-0.0157706082432642,-0.0258919136928627,0.00372475187725681,-0.0935727806439145,-0.193953120291242,0.0669138675447887,0.223435207844223,0.186128423887849,0.145603946822067,0.137533379334594,-0.141124044235834,-0.0779710091668528,0.0692886665693966,-0.0313035565336071,-0.153692997559568,-0.125030787091422,0.0833453019247191,-0.0706140645313513,0.0194128731589739,0.0141141768766392,0.00927702589894456,-0.116885545941991,-0.117488608785528,-0.088773193699921,0.244181643298333,0.10868816220206,0.143277067080159,-0.113474577122144,-0.00948005492212781,0.099243527669492
"9",0.203325563253855,0.278752834284723,0.0582575651190177,-0.178972190672527,0.0636849922496083,0.0263501837958127,-0.0319958912843634,-0.0409266117719474,1,0.249577990568881,0.134010108943506,0.0572357409517675,0.199756957485242,0.0696181609092388,0.131525430209056,0.00825799961070147,0.317870340207887,0.186585377779264,-0.135710303376869,-0.0641884098435945,0.00189076230849063,-0.265442938817677,-0.0122265606169818,0.0195488468604044,-0.00365112383595254,0.143528170371305,0.254842155511371,-0.00444523576078433,0.00627629250053964,0.153230239262078,0.117234394494452,-0.0834812333163636,-0.0151768960913248,0.105379317191216,0.122477563737169,-0.034572949096268,0.108404830517109,0.0171116246005929,0.019538991135792,0.278735425883881,-0.0285907754282617,-0.0903841577904651,0.253988262147978,0.142478428753888,-0.116490598703591,0.00572278380487068,0.159111840460288,0.0939566302346469,0.128917720694319,0.0691943106324966,0.139244907687547,-0.124139241690432,0.0881079628758058,-0.00045930385768178,0.027490209203744,0.0647389169759315,0.00400240715812024,0.013211981616724
"10",0.113180379765746,0.119813269360242,-0.215438345473585,0.0921304184211892,0.0062324636397557,-0.103993901343549,0.0408257682483122,-0.172204820726219,0.249577990568881,1,-0.0554057436744949,0.0350585078617431,0.104919027649729,0.28860819359971,0.065497743192605,0.16956117549373,0.126466947709651,0.286074374512178,-0.0341281932546572,-0.0380900641204657,-0.00320191432212664,-0.0865197377209126,0.0536485623427853,0.0403017765645156,0.0258074513224192,0.0600926022495092,-0.0351563507325667,0.0225561041344503,-0.0164006500068141,0.0411232173600095,0.159607888692844,0.0523933624179417,0.147862653494621,0.0198310701395505,-0.00313578083367216,-0.0618120483925887,-0.133751689748518,-0.15258426695345,-0.0230863526093352,0.243692582842091,-0.0410664975760497,0.129993095252609,0.0872029933987642,0.0887677009250013,0.00941157412377055,0.0851979679465047,0.0457239836167863,0.176572127260846,0.0420794198114265,0.317167833074758,0.118506912446463,0.0761890619136898,-0.128555103788332,0.0171176212162453,-0.154016055406578,-0.0540039378299117,-0.0935452346955589,-0.132805468797491
"11",-0.00679219500388006,0.0820802236411621,0.259785151784811,0.0351677907817827,0.0298995447386825,0.205194409995248,-0.00858659372316851,0.191475051750355,0.134010108943506,-0.0554057436744949,1,0.163378775706237,0.0728275393775454,-0.0826348924242073,0.11434661761431,0.0487676214282299,0.0168543016391027,0.100739043544969,0.0874484998781151,0.162645414503537,-0.0468192299017592,0.00878348459266673,0.110775068728064,0.140870817829136,0.0240075513080567,-0.128684167416799,-0.0411593672826803,0.0606512327667259,0.0622869119006491,0.19125469135675,0.102230390461048,0.0612120039820897,-0.0480739399790559,0.114164414769342,0.286946912021204,-0.0226809734476897,0.14371142620619,0.133468513958183,-0.0272075676754875,0.0140969506786304,0.0982330977864387,-0.00260590003095484,-0.0772013608849174,-0.0185078411384519,-0.0655305777850274,-0.11964891534015,0.149284460857297,0.196148725830783,0.0790623665651733,-0.191463687985395,0.0462109854581357,0.0156305148811981,-0.00065058412322983,0.201558530457027,0.192217002229387,-0.0321955059297212,0.131812824746057,0.108299707993476
"12",0.171501499132129,0.250635329131355,-0.135012742420931,-0.0900117461114728,0.12350774100212,0.128193832750872,-0.0268602500147521,-0.102427193269329,0.0572357409517675,0.0350585078617431,0.163378775706237,1,0.118863832295948,-0.0709335692261568,0.0954944310813838,0.0290074437033547,0.0682182189243551,0.0391761552162492,0.090822737571988,0.23457595380979,0.132231004150915,0.177310269214558,0.00432407983392151,-0.0305274640941095,-0.108673637905869,0.0143031524509664,-0.0702186899397261,0.170122045096552,-0.0559526640468016,0.0654410280501151,0.0391124262515047,0.224470651701621,0.0139345099570975,0.05794509610336,0.158187763877995,0.136486401242496,0.0465250437478756,0.0485257026739546,0.0181258031913293,-0.0413632774372667,0.0566473820670012,0.0532392557903798,-0.112804891552894,-0.00623807885540199,-0.0767973763650712,-0.0103526215142964,0.169095394673486,0.0144620476959456,0.0919835071054822,-0.0323904592301378,0.0639810735012267,0.0839359330083046,-0.04871411911534,-0.0189865087691485,-0.0250436449008568,-0.23250522835773,-0.135681455074968,-0.00411841258530916
"13",-0.1187564256035,0.106097217451149,-0.107357581773708,-0.0664019688591533,0.023532222164543,-0.0620576412811522,0.119708055226132,0.0827993074208994,0.199756957485242,0.104919027649729,0.0728275393775454,0.118863832295948,1,0.140263033581825,0.0936500570312879,-0.0105159198803189,0.271329903489697,0.129973213768363,0.325987302920957,0.230030953719773,-0.00882219143056805,-0.074919108275848,-0.188988342631338,-0.0720908654535984,0.0652910008440694,-0.021930877147685,0.0676447107789763,0.181268915230056,0.00282239537284747,-0.0113407884235423,0.316137370173798,0.272159022715063,-0.161423514299136,-0.109254047171914,0.142106191028823,-0.106343702729619,0.103645242929154,0.097277178869914,-0.110526914109639,0.0792884438355175,0.019539348582483,0.0838498134656341,0.0703099129901838,-0.0114260402282284,-0.0661065797028031,0.0361793805428779,-0.0791075760803823,0.0766635275500308,0.401995355838343,0.0918371791831714,-0.172302689472096,-0.256671125060292,0.135431806985218,0.0302536710917804,-0.0761246460642513,-0.0974072859056334,0.127350729023306,-0.033571356269341
"14",0.0806452191358892,-0.0366191634201818,0.0644623191538364,0.0668930974291255,-0.0140086168067482,-0.246378101089785,0.041740991500496,-0.157011765388655,0.0696181609092388,0.28860819359971,-0.0826348924242073,-0.0709335692261568,0.140263033581825,1,0.0207978713933738,0.0427813546721106,0.0935890665748214,0.323956814229758,0.168229132687493,0.172150339307121,-0.0532415432211972,-0.178988566282862,0.0696743806517117,-0.0716549850854638,0.0473070629622193,0.260199863087795,0.0671108301903718,0.0364982523477428,-0.0815418897396937,-0.00337182994165248,0.185041687125512,0.220681809646032,-0.0479556857933713,0.0186540764284946,-0.116630074498756,-0.0496537814746856,-0.191662003027571,-0.0587595794548892,0.00846726578255773,0.0989893025346076,0.129916633075806,0.21334223382268,0.112994891265763,0.136488780431982,0.0712006276745982,0.156081023175726,0.0396340369671405,0.0565861258529283,0.107884315027941,0.544203855880193,-0.127968629323806,-0.163650539141314,0.0188435144144957,0.0459819398994492,0.0153378644785164,-0.092675265026307,-0.154107932484147,-0.134433946737757
"15",0.0252059381001913,0.0295623909043918,-0.00867775556841166,-0.0577194887877382,-0.0597913706471504,0.130364868041455,0.254849334664371,0.0209590893296148,0.131525430209056,0.065497743192605,0.11434661761431,0.0954944310813838,0.0936500570312879,0.0207978713933738,1,0.0880598773866067,0.0330179090424801,0.288261625149524,0.166901265463389,0.138834966637997,-0.0220861492911272,0.0166338575956908,0.0915203015963107,0.221189737567545,0.138125301219811,0.105082104117695,-0.0439138180518837,0.0156910802677027,-0.0618954924063759,0.221444464930573,0.191293207460324,0.140327342538999,0.0773754998120609,0.175625752943273,0.145682462695827,0.0183828912097558,0.208217875960778,0.0451532578738493,0.0216718722611049,-0.0488146279748091,-0.0957449204303509,-0.13930351495414,-0.0267784387760428,-0.163658107260045,-0.0484660855905353,-0.117168096842776,-0.132316757544444,-0.135776605813351,-0.0228822930369202,-0.00359576532791252,0.16245434722434,-0.0145004329652601,-0.0789248437214621,0.00026802177053226,0.204413364010603,-0.244942289721281,-0.09256658507255,-0.020753586399109
"16",-0.0364913205306074,-0.121394715004207,-0.247131121404043,-0.00092740253108286,-0.0297320312093839,0.0545020071785962,-0.0278668893661623,0.00520441527106001,0.00825799961070147,0.16956117549373,0.0487676214282299,0.0290074437033547,-0.0105159198803189,0.0427813546721106,0.0880598773866067,1,-0.0176887355478682,0.052994368024359,-0.0323711053642702,-0.1096196257364,0.0466911462372888,0.0316123208308708,0.0178053692079419,-0.00659475078736446,-0.111100029614531,0.0525259607566667,-0.151824143805224,-0.0715725724774148,-0.00071980487296386,0.0324356540178915,0.0840483059436416,-0.0504214973581158,0.0557869921190626,-0.0107410324626662,0.063845560364096,-0.0125645670838904,0.0238126035378509,0.0276726220413397,0.0590019720585306,-0.050575567192744,-0.135561228928196,-0.00305937894853042,-0.0465373763647428,0.0165784268793672,-0.00286188831827073,-0.0465640311909203,-0.0600849614956333,0.00392038624641285,-0.0121981210179737,0.0118473263246936,-0.039602701324475,0.300601768408449,-0.045783094358212,-0.0524885295783509,0.148802523125949,0.249854075586803,-0.0809212201980339,0.078070751194386
"17",-0.0672367642294562,0.112743888695988,-0.0357567339112045,-0.268351565866512,0.0265850124878179,-0.0954768333808834,0.198146756395989,-0.242236775918888,0.317870340207887,0.126466947709651,0.0168543016391027,0.0682182189243551,0.271329903489697,0.0935890665748214,0.0330179090424801,-0.0176887355478682,1,0.166385840058963,0.165050449640504,0.144520184648427,0.00608795291168556,-0.0527613270464881,-0.172711015491726,-0.3300170201019,0.104066903466209,-0.0196132302364946,0.263943620612278,0.135884003576321,0.083112358996416,-0.080680561258018,0.317389291299328,0.172007087824737,0.197562329758024,-0.154634800589934,0.0363287083850874,-0.196752410131423,0.0810454077778552,0.0546467799596625,0.0901366318983473,0.122537003187722,-0.15586997109465,0.173499692912994,0.0392315536500221,0.20941559291676,0.215359237329699,0.118679406943192,0.0317829444329833,-0.0101231143223114,0.244715315875738,0.258077541661832,-0.0447292753385574,-0.106897432769254,-0.0902007191439243,0.203958260451444,-0.0770551834744641,-0.0135427139870826,0.0332422226045982,0.0490030466662828
"18",0.0406382132724731,0.185751468151805,0.0362611950115539,0.114658502262547,-0.00546060694493011,0.0946968039798759,0.184250665127045,0.00922168584672351,0.186585377779264,0.286074374512178,0.100739043544969,0.0391761552162492,0.129973213768363,0.323956814229758,0.288261625149524,0.052994368024359,0.166385840058963,1,0.193770623854801,0.213749964861989,-0.0288886534580628,0.0209753572601588,0.134871162694985,-0.0312380577579176,0.169878842125559,0.12956634090231,-0.0972644605661662,0.0164962908238448,-0.182732170965437,0.233149570476913,0.218392309889986,0.405051551364963,-0.00544650272222822,0.0681914053909998,0.173741005756302,-0.0724062616613828,0.0548106436491417,0.0945283406553082,0.035567433391042,0.0620004015506168,-0.0413729627598432,-0.00473347981082121,-1.64356908164867e-05,0.0145525991669034,-0.0592625058939979,-0.08222738544732,0.0639019242189452,0.00213593895295599,-0.0302590041432643,0.352280667010196,0.0136590070625249,0.0110549764859175,0.142224344969938,0.129173982475036,0.0710516905430428,-0.16319960578733,0.190497054793787,-0.14755328160448
"19",-0.041615432245383,0.0185631071583958,0.0059102551872721,0.133032558019707,0.102469582236704,-0.0236118350598551,0.150511595763851,-0.0648088464507817,-0.135710303376869,-0.0341281932546572,0.0874484998781151,0.090822737571988,0.325987302920957,0.168229132687493,0.166901265463389,-0.0323711053642702,0.165050449640504,0.193770623854801,1,0.364784480781528,0.026324977942728,0.00231533691709018,0.00563701297109296,-0.0469796145351123,0.231129385825537,0.0212384625239351,-0.111509626337089,0.246372167211263,0.0161286078677778,-0.0573007847880727,0.596966836777052,0.627561985961456,0.00051816349162112,-0.0830375077643426,0.270967685590344,-0.00075118753602014,0.133077536941464,0.0857720829343841,-0.00388661267236156,0.0404555527547698,-0.0602780333820233,-0.141066180887705,-0.0914658116347221,-0.147411456203364,-0.0406995748103971,0.0670254575222812,-0.0405396776152841,-0.0490007884628831,0.0722410560318639,-0.119186425620421,-0.195803740703938,-0.00565352147298165,0.048498677612945,0.180232944056624,0.00860997835356534,-0.067771475356295,0.218355752621328,-0.131270705534702
"20",-0.118028032948242,0.0648128474076865,-0.00472667275958213,-0.053216906333637,0.093385468046553,-0.0427670125258087,0.0851742606051838,0.00779000986831421,-0.0641884098435945,-0.0380900641204658,0.162645414503537,0.23457595380979,0.230030953719773,0.172150339307121,0.138834966637997,-0.1096196257364,0.144520184648427,0.213749964861989,0.364784480781528,1,-0.151315184254919,0.0181657916241554,-0.0514802609457341,0.0623263400139623,0.0138839776063856,0.0943358107573816,-0.0937056468932401,0.154673056947429,-0.110227406779142,0.117756292005869,0.315224606298127,0.488627332314922,-0.137933789840344,0.0606435180005357,0.101434560640827,0.144464189322132,0.048229457911705,0.0809924739627065,-0.017979869625813,0.00833960010036339,-0.029670842232948,-0.00770541529317463,0.103062535958363,0.0255467262230213,0.0439117754040987,0.0678000413280964,-0.00454280218290288,-0.0674778741165536,-0.0685524036113722,0.0619867861238554,0.0173938336966922,-0.0750902464204162,0.249696422561838,0.139914432728454,0.0532030569767954,-0.03849365540578,-0.0692436212025496,-0.151478863117805
"21",-0.0142561087777473,-0.0948985673692151,-0.118939449728639,-0.0178149348712138,0.00803525519109613,-0.169353892026759,-0.183639365434712,-0.0438665541383133,0.00189076230849063,-0.00320191432212664,-0.0468192299017592,0.132231004150915,-0.00882219143056805,-0.0532415432211972,-0.0220861492911272,0.0466911462372888,0.00608795291168556,-0.0288886534580628,0.026324977942728,-0.151315184254919,1,0.110594640740262,-0.144969099383434,0.0833107167769259,-0.0528670689785867,0.0246820528678987,-0.00683518916563169,0.0481768844964364,0.261724119819679,-0.131583722474892,0.0805479571805741,0.0437671707133094,-0.107840670388976,-0.225102827847214,-0.120855600213866,0.178469249919472,-0.137098926561505,-0.0763318202218789,0.00927214242285876,-0.148170958615878,-0.0515163852225201,-0.0328418977149816,-0.0431342576288769,0.199064772691184,0.124068390533584,-0.00219134080697004,-0.271020442921168,0.0326564594700903,0.197501877760079,-0.138535546479858,-0.189861378471871,-0.251025885380297,-0.138699367524108,-0.198502081638245,-0.0307467297596655,-0.145655662394637,-0.00829647242413503,-0.0407233691727765
"22",0.107804331375165,-0.00095585719845577,-0.0529319175072369,0.144633863753265,-0.102090275316672,0.0552619256275242,-0.0480215818658718,0.0871479260286371,-0.265442938817677,-0.0865197377209126,0.00878348459266673,0.177310269214558,-0.074919108275848,-0.178988566282862,0.0166338575956908,0.0316123208308708,-0.0527613270464881,0.0209753572601588,0.00231533691709018,0.0181657916241554,0.110594640740262,1,-0.00503282014561468,0.200923194222737,-0.131772901188223,-0.0109274849884403,-0.166559877714479,-0.0120254964037587,0.0672012113938059,0.19678767218052,-0.0901738873210558,0.0984391227582636,0.150405052314494,-0.0456628158899803,-0.0526602989242611,-0.0920858831499685,-0.0650153493489702,-0.086078400176968,0.0434564889798535,-0.143637342796242,-0.121787108109065,0.0232504003308778,-0.164997465299691,-0.0114139496951145,0.00908834685236446,-0.0510706343039161,0.02382383629341,-0.0188043928700392,-0.0211106485249457,-0.0365839489383934,-0.0164412120805551,0.0536631711937793,0.0392513635355221,0.0864682229770469,-0.0588657503537168,-0.0689757300181551,0.0705384324731889,-0.157232634109583
"23",0.164739844109772,-0.00445738784661675,-0.028416034151062,0.122167900667058,-0.0192353058613604,0.0361352101354045,-0.0659799360349071,0.118343530601487,-0.0122265606169818,0.0536485623427853,0.110775068728064,0.00432407983392151,-0.188988342631338,0.0696743806517117,0.0915203015963107,0.0178053692079419,-0.172711015491726,0.134871162694985,0.00563701297109296,-0.0514802609457341,-0.144969099383434,-0.00503282014561468,1,0.322931597204531,0.00073026446200376,-0.0223149507859558,-0.131001419904073,-0.0403508524044419,-0.0193024031266152,0.153085721504014,-0.12884405410966,0.166595498796667,0.00170700165223956,-0.0438714537603272,0.0611127117818264,-0.00447720551934001,0.0803300107886363,-0.00090652858699841,-0.00089595791308069,-0.0843357379778102,-0.112269797280099,-0.133696915148884,-0.122211826889157,-0.0761647414303309,-0.0541161985050631,-0.153597239025587,-0.0798692063058376,0.0113388332087163,-0.202535571615515,0.00088159742409953,-0.00366761042625524,0.0543896596388315,0.274845081468325,0.0638514080935747,0.0507204465630566,-0.0943573241281093,-0.0279940252138534,-0.0673773621284411
"24",0.0498706542539599,-0.00584565499631411,-0.0420819255216765,-0.0229871350401134,-0.00820532945410248,-0.0750337357125675,-0.0348962341182552,0.0942998357735857,0.0195488468604044,0.0403017765645156,0.140870817829136,-0.0305274640941095,-0.0720908654535983,-0.0716549850854638,0.221189737567545,-0.00659475078736446,-0.3300170201019,-0.0312380577579176,-0.0469796145351123,0.0623263400139623,0.0833107167769258,0.200923194222737,0.322931597204531,1,-0.0339326614336707,-0.0142764487820568,-0.118223152573114,-0.116444497713517,0.0441973406673616,0.257042724622217,-0.0777437411713416,-0.0148067043003722,-0.00392939270677406,0.0990067769119696,0.0508245838054914,0.0284976719003482,0.0247976471553497,0.0184578204494163,-0.0469005305297611,-0.0283729020879117,-0.0562478918436939,-0.0590231105793758,0.0033551612005785,-0.0336460070237041,-0.161123425491617,-0.276863033641375,-0.15174083594133,0.0224268337374499,-0.0941270335537364,-0.150401173868493,-0.0305672816000873,-0.114531600957467,0.169486204347346,0.0497639480177098,0.156623025016328,-0.0995412361229884,0.00020076910516424,0.00855703321840291
"25",-0.162610525222594,0.0161679613653411,0.140406926599866,-0.0376302573341036,0.00647525908964325,0.0574820287768984,0.0742065332629266,-0.026591567916953,-0.00365112383595254,0.0258074513224192,0.0240075513080567,-0.108673637905869,0.0652910008440694,0.0473070629622193,0.138125301219811,-0.111100029614531,0.104066903466209,0.169878842125559,0.231129385825537,0.0138839776063856,-0.0528670689785867,-0.131772901188223,0.00073026446200376,-0.0339326614336707,1,0.0792476036254217,0.0425471256450745,0.0337081677157236,0.00477013509464631,0.0345787354110416,0.142418563975798,0.252924164053265,0.178733055072154,-0.05368362648422,0.112178198966527,-0.00311001092189334,-0.0287969585418772,-0.0233204473966035,-0.106165799181928,-0.124847411891479,-0.00179299508045858,-0.077633721030043,0.0399958139550746,-0.12470694525369,-0.0523855019811564,-0.0675190710048227,0.0246085613778685,0.0826361712097509,0.0668567231224868,-0.0538505079791281,-0.0479599200779806,0.0425620418472974,-0.00168437921450831,0.0926816885446061,0.151746617384356,0.0344073249545093,-0.027795393259487,-0.0248341926865109
"26",0.0352192104157918,-0.0260746031394052,0.0657323634350865,0.0127595687305368,-0.0246179069500243,-0.0964810325980232,-0.121510679527941,-0.0891024416664371,0.143528170371305,0.0600926022495092,-0.128684167416799,0.0143031524509664,-0.021930877147685,0.260199863087795,0.105082104117695,0.0525259607566667,-0.0196132302364946,0.12956634090231,0.0212384625239351,0.0943358107573816,0.0246820528678987,-0.0109274849884403,-0.0223149507859558,-0.0142764487820568,0.0792476036254217,1,0.032794576373994,0.0316988737566978,-0.240752170868817,-0.122018468227487,-0.116934121747131,0.139089745739839,-0.0789789931511251,-0.057952374311483,0.0765079946540802,0.117571374350384,0.00312530345571547,0.0957593094653756,0.118186864483912,0.0248802883523478,0.010626900440411,0.0662311251843934,-0.00806342964755466,0.166375416938132,0.18222623973718,0.293244538396573,-0.0308371461209409,-0.0443222145452472,-0.0419502392330686,0.252724509445162,-0.0483353965499452,0.0127597923097846,-0.0329678644767085,0.103011810713729,0.0663773498615203,0.0235144136505115,-0.0175859887960759,-0.0440716252833101
"27",0.121784049629767,-0.085168703914907,-0.0465254322008366,-0.169971368523327,0.103441249287791,-0.172310537871856,0.129880363057638,-0.202005538927538,0.254842155511371,-0.0351563507325667,-0.0411593672826803,-0.0702186899397261,0.0676447107789763,0.0671108301903718,-0.0439138180518837,-0.151824143805224,0.263943620612278,-0.0972644605661662,-0.111509626337089,-0.0937056468932401,-0.00683518916563169,-0.166559877714479,-0.131001419904073,-0.118223152573114,0.0425471256450745,0.032794576373994,1,0.114432061644966,-0.0964384272138807,-0.0896667094773349,-0.0956492765597568,-0.160343723198463,0.0626170418349857,-0.0659061001922036,-0.129277836661208,-0.115873786015644,-0.0699349985415842,0.170518943074211,0.0109926723615153,0.0621713951578355,0.124652920225692,0.129254479112779,0.111696545888099,0.146850527781156,0.147620741019818,0.100481888168791,0.00302744920851449,-0.0544892668919037,0.191103835952812,0.0241942783514025,0.0709263259090854,-0.0890605378974879,-0.241751811465088,-0.132974297720867,-0.0829127849059005,0.0781447263328658,-0.0383629984961675,0.0704080745507945
"28",-0.0387751192407186,-0.114314288376493,-0.091277756956975,-0.0683833811534303,-0.0517510111200899,0.152860513413901,0.157534038429965,-0.0130861077962221,-0.00444523576078433,0.0225561041344503,0.0606512327667259,0.170122045096552,0.181268915230056,0.0364982523477428,0.0156910802677027,-0.0715725724774148,0.135884003576321,0.0164962908238448,0.246372167211263,0.154673056947429,0.0481768844964364,-0.0120254964037587,-0.0403508524044419,-0.116444497713517,0.0337081677157236,0.0316988737566979,0.114432061644966,1,-0.104230143021005,-0.0428551806211859,0.193070584378981,0.0959844943349803,0.0873390527504031,-0.329141755141706,0.14249498123719,-0.0536461567126048,0.120155414076248,-0.0337126591333611,-0.0941254864327312,-0.0875100210961641,0.217469296868001,0.0612746891116862,-0.0617881178517864,-0.0698617181281478,0.17538338742565,0.0859077061677876,-0.00223454689529885,0.00280445464960104,0.23033641119957,-0.0301335455362481,-0.0379525000968121,-0.0277287594207131,-0.115262955078091,0.0369343079967579,0.0534085675695761,0.187109430770702,-0.0370914905672863,0.0172656272840109
"29",-0.0052205057911266,0.0340731619557158,-0.107058726519869,-0.0177761375255989,-0.0264018939659199,-0.161969247404496,-0.100910237143088,-0.0157706082432642,0.00627629250053964,-0.0164006500068141,0.0622869119006491,-0.0559526640468016,0.00282239537284747,-0.0815418897396937,-0.0618954924063759,-0.00071980487296386,0.083112358996416,-0.182732170965437,0.0161286078677778,-0.110227406779142,0.261724119819679,0.0672012113938059,-0.0193024031266152,0.0441973406673616,0.00477013509464631,-0.240752170868817,-0.0964384272138807,-0.104230143021005,1,0.0995373526724107,0.0166499313392945,-0.0838107958771516,-0.0494668612830315,-0.0917135455076434,-0.0708690223685314,0.117629250221045,0.127473152804701,-0.179590335145088,-0.0779489874420601,0.0510629468198612,0.00974727160155095,-0.0995278616990614,0.0542085969965919,0.0260054155416121,-0.0408636520959135,-0.121973456442696,-0.102270105580481,-0.0318270596225464,0.136469689527789,-0.195693120105041,-0.0109302423246762,-0.0560306382497603,-0.0918562112016536,-0.00021359201505857,-0.00699147671907744,-0.0323963759078026,0.0885096397065524,0.195559603720664
"30",-0.0854952850738282,0.121276362994998,-0.0570335297664772,-0.0450930605484393,-0.0461555916357445,0.0630682698636444,-0.0965271477256209,-0.0258919136928627,0.153230239262078,0.0411232173600095,0.19125469135675,0.0654410280501151,-0.0113407884235423,-0.00337182994165248,0.221444464930573,0.0324356540178915,-0.080680561258018,0.233149570476913,-0.0573007847880727,0.117756292005869,-0.131583722474892,0.19678767218052,0.153085721504014,0.257042724622217,0.0345787354110416,-0.122018468227487,-0.0896667094773349,-0.0428551806211859,0.0995373526724107,1,-0.0453601782527563,0.00346297085847197,0.115156375708707,0.0783876237287109,0.0477949836739186,-0.0895709996254997,-0.0973105739001686,-0.0392220184265393,-0.0444889330176478,0.0941392314666097,-0.117758867879424,-0.0990413233440971,0.162349132773642,0.0561488975463784,-0.1369320141387,0.00936338093442789,0.135920621446644,-0.0299279024235089,0.0164949556276741,0.13723586286254,0.0424520870043794,0.0475510352412268,0.00045877733589117,0.00232303109799604,0.0890106260305313,-0.0779311091121948,-0.0674490027553042,0.018733675830986
"31",-0.098590542567609,-0.029857455110445,-0.0357600828860933,0.122444697589572,0.0598572487974049,0.0950329409897167,0.0892789940951023,0.00372475187725681,0.117234394494452,0.159607888692844,0.102230390461048,0.0391124262515047,0.316137370173798,0.185041687125512,0.191293207460324,0.0840483059436416,0.317389291299328,0.218392309889986,0.596966836777053,0.315224606298127,0.0805479571805741,-0.0901738873210558,-0.12884405410966,-0.0777437411713416,0.142418563975798,-0.116934121747131,-0.0956492765597568,0.193070584378981,0.0166499313392945,-0.0453601782527563,1,0.535281075610747,0.0544449168483844,-0.00155070158349236,0.109207066551185,-0.0148625656443962,0.070224897100706,-0.0050964257285782,0.0313006376595924,0.16528549216977,-0.0867606094799531,-0.0973402464755017,-0.0404797454310539,-0.0259909663849892,0.0972297495706227,0.0149779198940308,0.0201708014492447,0.00115686943641882,0.0905923245761381,0.0657653381060679,-0.0770650626448899,0.00441552803512106,0.0251446135143713,0.0532504674809435,0.031621615695104,-0.016158407560891,0.0247637977522988,-0.0629427716157759
"32",0.00170166341129627,0.146549688622543,0.0178864220275602,0.234102504674809,0.0540211443790218,0.0138667378996157,0.0510493020031157,-0.0935727806439145,-0.0834812333163636,0.0523933624179417,0.0612120039820897,0.224470651701621,0.272159022715063,0.220681809646032,0.140327342538999,-0.0504214973581158,0.172007087824737,0.405051551364963,0.627561985961456,0.488627332314922,0.0437671707133094,0.0984391227582636,0.166595498796667,-0.0148067043003722,0.252924164053265,0.139089745739839,-0.160343723198463,0.0959844943349803,-0.0838107958771516,0.00346297085847197,0.535281075610747,1,0.0892305376895084,-0.169010403399286,0.126944955743569,0.066441942352093,-0.0704382035174411,0.0287510871590947,0.00811642068333786,-0.0604910705319578,-0.0494638983441243,-0.151158014166532,-0.0202436263700045,-0.0179487683031834,-0.0399816739011519,0.0572414807364654,-0.0302313524488031,-0.0435226304245395,0.0350166356065518,0.0258819990852428,-0.132360282902409,0.0562666967710241,0.160930886455094,0.0765803511126924,-0.0568233689597764,-0.221432717618075,0.0197090375150063,-0.21872796609265
"33",0.0528436055168964,0.073505137327483,0.101799006539608,0.0399910125821895,-0.302666210505187,0.127049446757681,-0.00107752774738374,-0.193953120291242,-0.0151768960913248,0.147862653494621,-0.0480739399790559,0.0139345099570975,-0.161423514299136,-0.0479556857933713,0.0773754998120609,0.0557869921190626,0.197562329758024,-0.00544650272222822,0.00051816349162112,-0.137933789840344,-0.107840670388976,0.150405052314494,0.00170700165223956,-0.00392939270677406,0.178733055072154,-0.0789789931511251,0.0626170418349857,0.0873390527504031,-0.0494668612830315,0.115156375708707,0.0544449168483844,0.0892305376895084,1,-0.0500035599647546,-0.0488339038891396,-0.296828034443415,-0.108333605803671,-0.280583178331785,0.166844254492408,0.0893819471395211,-0.087142735028454,-0.0321479072547991,-0.0340241938719976,0.0601618894511047,0.0449146463858064,0.0958307257308615,0.159745101685184,0.0563425282675894,-0.198682890473511,0.0280644703284873,0.0263714750903705,0.148510879509608,-0.137650667422345,-0.0722622363578903,0.0308936066177489,0.0806424150126629,-0.17483703011104,-0.072341221740584
"34",0.216086767413963,0.176257614133908,0.0464267821558891,-0.046359130046594,-0.00449800918847563,-0.0482926545844727,-0.0219274246067371,0.0669138675447887,0.105379317191216,0.0198310701395505,0.114164414769342,0.05794509610336,-0.109254047171914,0.0186540764284946,0.175625752943273,-0.0107410324626662,-0.154634800589934,0.0681914053909998,-0.0830375077643426,0.0606435180005357,-0.225102827847214,-0.0456628158899803,-0.0438714537603273,0.0990067769119696,-0.05368362648422,-0.057952374311483,-0.0659061001922036,-0.329141755141706,-0.0917135455076434,0.0783876237287109,-0.00155070158349236,-0.169010403399286,-0.0500035599647546,1,0.0946984479500939,-0.0827621812374931,0.0931125290235397,-0.0990316112696641,0.138330413513556,0.157583251576488,-0.0136949848116233,0.0392418429031789,-0.0316494480009158,-0.121028093793101,-0.199763347528249,0.0694065802590262,0.258575248738533,-0.0089541317624484,-0.110969624766956,0.0702279800504386,0.221566672392666,-0.00498404278637807,-0.0384524738836287,0.045997279445293,0.040701173097109,0.00205392461584958,-0.08253067001037,-0.0755863810369568
"35",0.00753037769679166,0.156152586684522,-0.017031006827023,0.00732629891664742,0.134099250834415,0.0604618149330993,0.240191678555865,0.223435207844223,0.122477563737169,-0.00313578083367216,0.286946912021204,0.158187763877995,0.142106191028823,-0.116630074498756,0.145682462695827,0.063845560364096,0.0363287083850874,0.173741005756302,0.270967685590344,0.101434560640827,-0.120855600213866,-0.0526602989242611,0.0611127117818264,0.0508245838054914,0.112178198966527,0.0765079946540802,-0.129277836661208,0.14249498123719,-0.0708690223685314,0.0477949836739186,0.109207066551185,0.126944955743569,-0.0488339038891396,0.0946984479500939,1,0.0687208954439306,0.505917962658251,0.264690338582824,-0.0779205186000286,0.127837190351236,0.0434578964052292,-0.0788096296007359,-0.171996028715197,-0.257271080103921,0.127049707307235,-0.0509174738641215,0.0967436298314939,0.124770592991532,0.101087400252925,-0.121508852962586,0.0977628023521741,-0.0449458137112252,0.0903724145752466,0.310937609479724,0.226364682588135,-0.0500731445477549,0.204841969932057,0.0154185509263096
