"","l_Insular.Cortex","r_Insular.Cortex","l_Amygdal.Area","r_Amygdal.Area","l_Bed.Nucleus.of.the.Stria.Terminalis","r_Bed.Nucleus.of.the.Stria.Terminalis","l_Hippocampus","r_Hippocampus","l_Orbitofrontal.cortex","r_Orbitofrontal.cortex","l_Entorhinal.Cortex","r_Entorhinal.Cortex","l_Frontal.Association.Cortex","r_Frontal.Association.Cortex","l_Globus.Pallidus","r_Globus.Pallidus","l_Glomerular.Layer.of.the.Accessory.Olfactory.Bulb","r_Glomerular.Layer.of.the.Accessory.Olfactory.Bulb","l_Glomerular.Layer.of.the.Olfactory.Bulb","r_Glomerular.Layer.of.the.Olfactory.Bulb","l_Granule.Cell.Level.of.the.Cerebellum","r_Granule.Cell.Level.of.the.Cerebellum","l_Hypothalamic.Region","r_Hypothalamic.Region","l_Entorhinal.Cortex","r_Entorhinal.Cortex","l_Vermix.Molecular.Layer.of.the.Cerebellum","r_Vermix.Molecular.Layer.of.the.Cerebellum","l_Lateral.Molecular.Layer.of.the.Cerebellum","r_Lateral.Molecular.Layer.of.the.Cerebellum","l_Anterior.Olfactory.Bulb","r_Anterior.Olfactory.Bulb","l_Posterior.Olfactory.Bulb","r_Posterior.Olfactory.Bulb","l_Subiculum","r_Subiculum","l_Perirhinal.Area","r_Perirhinal.Area","l_PreLimbic.System","r_PreLimbic.System","l_Primary.Cingular.Cortex","r_Primary.Cingular.Cortex","l_Primary.Motor.Cortex","r_Primary.Motor.Cortex","l_Retrosplenial.Cortex","r_Retrosplenial.Cortex","l_Secondary.Cingular.Cortex","r_Secondary.Cingular.Cortex","l_Secondary.Motor.Cortex","r_Secondary.Motor.Cortex","l_Striatum","r_Striatum","l_Ventral.Tegmental.Area","r_Ventral.Tegmental.Area","l_Substantia.Nigra","r_Substantia.Nigra","l_Thalamus","r_Thalamus"
"1",1,0.123706452968147,0.0518310854079079,-0.0129853933063495,0.175498291414862,0.118556898461621,-0.100240345976001,-0.0275964447990831,0.252597069744097,-0.17856320253448,0.0735327397602579,0.0355581778259998,-0.0230595607891472,-0.0631527829497588,0.12537927510008,0.0338485397598428,0.0600950500876061,-0.0640252535920174,0.0487477034258862,-0.126224781038085,-0.0430312070985968,0.0220155115210012,0.233939538622393,-0.099946837187737,-0.0387635590884135,-0.159978702281201,-0.0388628840801538,-0.018921005999206,-0.0877667849536721,-0.206643029405222,-0.087427009593059,0.0198341276313955,0.00372470076397416,-0.0363772543574915,-0.00948065958528417,0.227102782965645,-0.123537682286407,0.0348984688008425,-0.111755010947479,-0.177846919605043,-0.0722956217917758,0.0118924068104699,-0.184304508734665,0.0504530096329236,0.0777040822277587,0.155389506350137,-0.0966967638975448,-0.132395383813453,-0.195648863724123,-0.0244664343655725,-0.0999311207112682,0.0560513383842626,0.216324304666427,0.210996146554305,0.020228819817938,0.172505325472386,0.0594212830529445,0.00744927840582165
"2",0.123706452968147,1,-0.0624053554886379,0.237445016802066,-0.2999722720786,-0.16103168590235,0.168638975389621,0.0794169946794096,0.274667534409022,0.303542079400119,0.186981272075343,-0.00577062051947109,0.0768745356818371,0.142047086494499,0.0762532007779133,0.0185583668111803,-0.0767239792320328,0.0604220319434705,-0.0292839814097085,-0.114805354945063,0.00620393904906451,-0.049082681175553,0.0623663173852097,0.0152653233190868,0.117479377157676,0.00676308632226163,-0.0213408780640682,-0.198647528435306,0.0121458044693046,0.0637116842262989,0.061593051078432,-0.139514515336345,-0.183164349753148,-0.00971990137031561,0.11383899201245,0.151206263176175,0.00182566961911321,-0.176258738887478,-0.207434993239143,-0.0256119749287821,-0.282165496209815,-0.161493003774664,-0.256204872130838,0.00115507761697331,0.193031730863435,-0.00439770262722182,-0.0888070149967344,0.0349868183796494,-0.250451255147956,0.0240125408683544,-0.29323222249346,0.00184511803363645,0.00339451812381494,0.103083774002199,0.167759472586389,-0.0243718292969874,-0.117719618085531,0.056670895010066
"3",0.0518310854079079,-0.062405355488638,1,-0.0930739083518415,0.0900277776068664,0.141062497207386,-0.065416017080977,-0.156141696576074,0.0157550416052849,0.0333391522761498,0.25621232530412,0.212679492987192,-0.166200659742962,-0.0466309990268227,-0.050569877680538,-0.0213992993035642,0.20144365796505,-0.0137100523448027,-0.123723890691947,-0.0852662823037302,0.150589320284364,0.226175654669472,-0.111938131786995,-0.0831152171611514,-0.0121236818549741,0.178968561080651,-0.148546612904408,-0.00143346878853457,-0.0369832093791467,-0.00011363379467245,-0.0918047123134844,-0.143602441928943,-0.0237533692820439,0.0973510368992054,0.0383289515278799,-0.0142086396044143,0.092429058474409,0.0156735227793648,-0.112120191909117,0.148520904863045,-0.121604836365962,0.0754929101193084,-0.0120955828380484,-0.22392065273187,-0.215329729300004,-0.0252557883866215,0.157916056676749,0.139503324065953,-0.240750329003172,0.0307371518425211,0.183801188313653,0.0177892828094166,0.0923779870332467,0.145378785517232,0.0846296583679792,-0.0242153108661695,-0.157495729658389,-0.146592789322119
"4",-0.0129853933063495,0.237445016802066,-0.0930739083518415,1,-0.0581597352508484,-0.0520810180377456,0.26343807566125,-0.0564331853703279,-0.0676394204193896,0.0678862806742988,0.156087135649227,0.161448146819782,0.0175517820481416,-0.0707453395857931,-0.162126208981613,0.0306759877519318,0.0133905525796648,0.132148004727513,-0.0294629412978401,-0.0547031818494614,-0.0847161860658923,-0.0910997793220914,0.300667061853929,0.0687281272009845,0.204512098284034,-0.0320545989407579,0.130928509290334,-0.0917209909094861,-0.0253979972272443,0.14465883057618,-0.0747441452505578,-0.0527980614216537,-0.100033085897695,0.114534876633544,0.162109226904991,0.0964764627612136,-0.12183184914398,0.00565571563940355,-0.0594433898537647,-0.0490135765647291,-0.0841045517193842,-0.00549564688299241,-0.196143643354499,-0.142719084256649,0.0590347066628277,0.0485478358692528,0.0821864978714955,0.0883248302740016,-0.0823164379409817,-0.0448469933055279,-0.189374621184205,0.0585716661657247,0.125479494467821,0.160884930862318,-0.0682133906151047,0.045286393653048,0.0367395863486584,0.114523679041388
"5",0.175498291414862,-0.2999722720786,0.0900277776068664,-0.0581597352508484,1,0.0396635374029744,-0.0591406129958557,-0.0330800669090165,0.0416264529573851,-0.150613221743822,-0.112909263982413,0.18287094889347,0.0191332508485559,-0.168612919767688,-0.0155949910581929,0.0205024561670304,0.101318455961431,-0.202909976384983,0.0496625624938052,0.00413255803492911,-0.057044345994116,0.176934884373692,-0.0365770398207321,0.125640848092308,-0.204056301493419,-0.113909879042084,-0.14499471281729,0.015584922822357,-0.106785417075483,-0.0237127105331249,-0.176237913612629,0.120009260358201,0.0622376932219139,-0.0519204255059914,0.0210594166386662,-0.151544947805393,-0.0974676570802327,0.0117379201797163,-0.0780032246927675,0.00280666409653648,0.073384634958862,0.0329093896584177,0.216935928074199,0.0404419182425839,-0.0667191976874623,-0.0974849067577516,0.104634688279959,-0.070374295128516,0.150082129657128,-0.0678774749890514,0.173837426124844,0.0899010556630782,0.09671627883615,-0.021950933378035,-0.0999414049887344,-0.0715459874446736,0.304353912613884,0.0952021282150977
"6",0.118556898461621,-0.16103168590235,0.141062497207386,-0.0520810180377456,0.0396635374029744,1,-0.0345521643427662,0.0911075951995133,-0.0173857816327357,-0.0557317963357702,0.197111668010635,0.111945094132457,-0.079564284859244,-0.10717260480575,0.115517640975365,0.1148266115385,0.139857153611038,-0.0193810126434314,-0.0850809950874297,-0.103226854638481,0.0930560570206736,0.0485382163155374,-0.0570782723540086,-0.262181193049368,-0.021524403960199,0.200813431176406,-0.0577944075678008,0.0425016405598982,0.0128826700078293,-0.0819541791219959,-0.0918639983713933,-0.171655922934461,-0.03654766170066,-0.0504699859371092,-0.00258104384790089,0.0283598323969143,-0.00214050876644056,0.149055327924311,0.138097980880339,-0.0675050332687464,-0.0450822142689419,-0.152817564742628,-0.104088792739533,0.0203083925756266,-0.147205945680704,-0.0555051500200459,-0.0595839606320537,-0.133172269599706,0.00485085542874527,-0.135742154585365,0.157615798790198,0.0422205155905396,-0.00940699360521189,0.0516987206321887,-0.00310748252514506,0.05114701937935,0.122294206440756,-0.0372122769942509
"7",-0.100240345976001,0.168638975389621,-0.065416017080977,0.26343807566125,-0.0591406129958557,-0.0345521643427662,1,-0.0271116910453954,-0.145419267531778,0.0924026632711383,0.0306147845204558,0.056847066317514,-0.00119872395448738,-0.205435882156578,-0.0471354434426661,-0.0630517688696128,-0.117245900249561,-0.0104907668984002,-0.0927809317629577,-0.135042081152544,0.130189068038383,0.135888090784522,0.337676529944497,0.121664682387284,-0.0157580623295613,0.251680944961407,0.0196989241090203,-0.0717935673751217,-0.0121787381551855,0.164290958283504,-0.0253016715402535,-0.118563523932934,-0.243164285451288,0.028383252069948,0.283044720578237,-0.0345348414947586,0.0640669985168784,0.016505285051735,0.0969388775009393,0.00904222701215434,-0.0589353374638159,-0.0836562074872363,-0.155442200565488,-0.00594587354168397,-0.0659813731134263,-0.148840437445798,-0.0391893261911184,0.0668803098533461,-0.0661345168948926,-0.0139904991543192,-0.0255591066474902,0.185058496047692,-0.153180918581161,-0.148815393501773,-0.0596767366364381,-0.0619889308365503,0.150861688914314,0.110871321974988
"8",-0.0275964447990831,0.0794169946794096,-0.156141696576074,-0.0564331853703279,-0.0330800669090165,0.0911075951995133,-0.0271116910453954,1,0.0501340770867439,0.0501293463870118,-0.0730301459432551,-0.262663250356873,0.139808570876179,0.116989871965229,0.186759128090705,0.0826964831567594,0.11147705279599,-0.0154740722231118,0.161668910874754,-0.0970552964138085,-0.0538179385804078,-0.134696911030534,-0.132467242541252,-0.0380272459726849,0.0927311314111101,-0.12147712897192,0.00646138083973243,-0.00859935070567376,-0.026786238474617,-0.0257934307437779,-0.0330577813749437,-0.175892936713409,0.089760542586869,-0.133260233414908,-0.0707777233123162,0.158609871435439,-0.018276158339123,-0.131956228507666,0.164880656992457,-0.0208669400498007,0.00436257815230946,-0.196261918024373,0.0802858501698487,0.113336662187378,0.178230014295801,0.0402430403733383,0.00093574607520731,-0.0661383583447571,0.158654184961501,0.023950131389638,-0.0666573997928655,-0.0852269712597206,-0.0222333627310623,0.0312567724106686,-0.0269602970567057,0.0385290025457658,-0.0868498843623779,0.0495242176763387
"9",0.252597069744097,0.274667534409022,0.0157550416052849,-0.0676394204193896,0.0416264529573851,-0.0173857816327357,-0.145419267531778,0.0501340770867439,1,0.280171957865271,0.0460410811894149,0.167031097469237,0.113813743881827,0.0562072805044884,0.0990285678946859,-0.185510416278322,0.140528627616669,0.164056889405878,-0.00838449499570273,-0.012127961333405,-0.0849140422541519,0.16049892712309,0.0313612703967494,0.0473056569363529,0.145068286583901,-0.222121136086783,0.0762418740974131,0.0439072130393739,0.230493597773997,-0.0749363076368767,0.061959476057432,-0.0694844446124955,-0.17078339684164,0.167758069826968,-0.049057970447153,0.294817337899804,-0.0853158783706694,-0.0124208658966675,-0.225449063031437,-0.0352904939676141,-0.263960166165543,-0.108939593466703,0.0782786247745644,0.169554712139673,0.0399865376561891,0.0731155818973254,-0.0990854326359931,-0.0513059476930998,0.00630809139134408,0.0480246793027436,-0.0552514441528005,-0.0838317247461881,0.113157666169823,-0.027923999683863,0.0406683121858035,-0.0751938545620804,0.0304396040985322,-0.0151929613469135
"10",-0.17856320253448,0.303542079400119,0.0333391522761498,0.0678862806742988,-0.150613221743822,-0.0557317963357702,0.0924026632711383,0.0501293463870118,0.280171957865271,1,-0.0393063036618916,0.167124516810597,0.236046892904078,0.293214440541371,-0.023039574144813,0.0364043594235865,0.19385323453175,0.179260714329343,-0.0259229545820366,-0.0763668822093923,0.117704542418047,0.0552612338452525,-0.129837780062998,-0.0366364358766021,-0.126392407033938,-0.036234271465181,-0.0562186735706814,0.0836774399378653,0.135186906410609,0.159384132558162,-0.0855450865845898,-0.196366541898313,-0.0765626818057833,-0.0524411959137227,-0.193161786261145,0.00654750205865071,-0.0783803883210324,-0.0744362613552175,-0.099769312132223,-0.0637940862720788,-0.309505053950282,-0.140527564722956,-0.0252761189357938,0.125483465786668,0.0011677460454498,-0.140169425903981,-0.0960596732798826,0.00226334252512868,0.119912640184788,0.242035648571085,-0.0434054074949426,-0.13393848727877,0.0406683082623934,0.0403825872571763,0.0733323667153025,-0.0251347886274954,-0.0284717527770333,0.146080648842761
"11",0.0735327397602579,0.186981272075343,0.25621232530412,0.156087135649227,-0.112909263982413,0.197111668010635,0.0306147845204558,-0.0730301459432551,0.0460410811894149,-0.0393063036618916,1,0.386208378071686,-0.116387181395049,0.120837782612955,0.0730155054328626,0.291263559343946,0.15729866874013,0.0511258126063491,-0.267747531731666,0.0485404412723576,-0.016250890030039,0.107932151294358,0.311477432077405,-0.0567585885418705,0.12291583593294,0.0138402025286941,-0.0844851492988146,0.0567948499333966,0.0446791531711748,0.171522562691184,-0.0751119464569759,-0.127895649412259,-0.00020569894063115,0.337956130299199,-0.0462422357856716,0.0521812156051328,-0.15978358499384,-0.0825299744302942,0.01848100334973,0.138099138452939,-0.148909993289644,-0.0008675177620355,0.0106565616423873,-0.0399569854720053,-0.0609401712993665,-0.12700582348974,0.188100675287809,0.111645307265888,-0.0553499852395514,-0.0153350897842318,0.190476398117831,0.240110501292797,0.0397114279538709,0.0647240138470186,0.122334321152995,0.0116434238146441,0.0144534420213616,-0.204844128780771
"12",0.0355581778259998,-0.00577062051947109,0.212679492987192,0.161448146819782,0.18287094889347,0.111945094132457,0.056847066317514,-0.262663250356873,0.167031097469237,0.167124516810597,0.386208378071686,1,-0.109584804112271,-0.111925521641469,0.0146675506244442,0.1640560808727,0.12880716866681,0.102873288761324,-0.105751991640841,0.0538506660769376,-0.0174117886332595,0.0674375727689641,0.184429405915118,0.0839759673667556,0.125415049689233,0.167610782012045,-0.147181981613516,0.0167197253325363,0.0299907365649796,0.0546440178536617,-0.0893589761860333,-0.0318122583625881,-0.0703457853563191,0.302246708806705,-0.110728261544478,0.0189674360241309,-0.0250006309140682,0.0446243501351822,-0.120398831656549,0.0641385932209476,0.00266733901372915,0.0837381298815408,0.0866597883097495,-0.0126203132989391,-0.0481462198148509,-0.0722395108957132,0.112036017998103,0.113276368703295,0.0826910292882711,-0.0458316956314004,0.280822092195594,0.245369871275552,-0.0210762673462528,0.113281987351531,0.0384464586043977,-0.0814616064978815,0.190893974759494,-0.165889720441289
"13",-0.0230595607891472,0.0768745356818371,-0.166200659742962,0.0175517820481416,0.0191332508485559,-0.079564284859244,-0.00119872395448738,0.139808570876179,0.113813743881827,0.236046892904077,-0.116387181395049,-0.109584804112271,1,0.184577798080392,0.0151675323818322,0.0529775379993321,0.284568891834672,0.163327783234318,-0.0366881692791387,0.0207308771948257,0.110953023629331,0.0533066434944822,0.0695761007892688,0.0140618352720242,0.0197283972285352,-0.0845018422646934,0.103157705183534,0.0382535686008217,0.0794996049541095,0.225292078022009,0.00258999758521837,-0.0531385973538438,0.0114013380765676,-0.0490450201528104,-0.198998097102436,0.0833442086910538,-0.151422944106134,-0.0290475441548868,-0.161680763348465,-0.0749622100754178,0.148311678914647,0.079658519510829,0.140436163594838,-0.0155502626465195,0.267884518325872,-0.0588989430069935,-0.00992824240100643,-0.119509888109269,0.37276980202778,0.186258356983318,0.0368748028751892,-0.0822125061878429,0.0997548932606406,0.0255801579929192,0.0623683275598411,0.056686570798778,0.06046988637501,0.0929356329851087
"14",-0.0631527829497589,0.142047086494499,-0.0466309990268227,-0.0707453395857931,-0.168612919767688,-0.10717260480575,-0.205435882156578,0.116989871965229,0.0562072805044884,0.293214440541371,0.120837782612955,-0.111925521641469,0.184577798080392,1,0.146292116054911,0.0369737393512325,0.126569318016465,0.267232316881419,-0.109952168270775,-0.101440381242167,-0.0645707699331988,-0.0440426184800157,-0.108902797172437,-0.0321841184346329,0.0707378516208129,-0.113564618753378,0.107334880259317,-0.128417424991773,0.0221235303551863,0.141227411860891,-0.0624278493580147,0.0401263581803616,-0.107607788239338,-0.105168919264663,-0.203414196087328,0.063384144319451,0.0749066586698268,-0.138490138124532,0.0468905197221504,0.0913403408664189,-0.197272195589348,-0.0622661224397447,0.0497579195222753,0.0812738006365466,-0.0117219462435965,-0.128233740576628,0.0538147380293134,0.0033539952843288,0.0123353894437828,0.501559144736976,-0.113705548273147,-0.0688176915829815,0.122511610872977,0.0399889251620814,0.149318848565815,-0.101046909252975,-0.191093102595598,0.0497389820859987
"15",0.12537927510008,0.0762532007779133,-0.050569877680538,-0.162126208981613,-0.0155949910581929,0.115517640975365,-0.0471354434426661,0.186759128090705,0.0990285678946859,-0.023039574144813,0.0730155054328626,0.0146675506244442,0.0151675323818322,0.146292116054911,1,0.254863443548403,0.115155672269611,0.0397035960988798,0.0196816617480729,0.0217821883819114,0.142925913339491,-0.0160148780932271,-0.114483899624856,-0.231512597561632,-0.00625852994668487,-0.0407788044468232,-0.017636998409577,-0.0213375202874335,-0.0138953571208415,-0.00761017947930149,-0.0363880306699961,-0.143900154584993,0.120536623297919,-0.0367864721034704,-0.217593879441325,-0.0052295866360939,0.00332795033770851,-0.197374289495013,-0.0655097441724567,0.0385061803876541,-0.0364697529118624,-0.202682447826241,0.122238409166831,-0.092182616313549,-0.0191788504325787,-0.20658564190032,-0.0965476338857584,-0.138249251077896,0.134848662559632,-0.0357749884564405,0.195210373686126,0.251939405848646,0.213553603369392,-0.0941048727493994,0.00638077602551221,0.00191072510629446,-0.0464233703166516,-0.105854817308352
"16",0.0338485397598428,0.0185583668111803,-0.0213992993035642,0.0306759877519318,0.0205024561670304,0.1148266115385,-0.0630517688696128,0.0826964831567594,-0.185510416278322,0.0364043594235865,0.291263559343946,0.1640560808727,0.0529775379993321,0.0369737393512325,0.254863443548403,1,0.205869846193019,0.0220182066991549,-0.107609837538442,-0.141198851050453,0.201194952742635,0.0316111099972311,0.0679563234014305,-0.0839189453573712,-0.103038667916932,-0.019983819261868,-0.0174780608575653,0.0154023954991739,-0.00328728312972005,0.0726179360239875,-0.202311049714341,-0.168041544856205,-0.0369661454664457,0.063329639317362,-0.164405607064846,-0.152817746091366,-0.253712754977518,-0.150560090593963,0.0369379521825879,0.15700884217442,0.040659802463013,-0.121936592393984,0.0358848111496901,-0.0354737753119403,0.0215961319830374,-0.205375155819282,0.179432362008187,0.158924334876063,0.0686094693711767,-0.0946082409686497,0.228069425594663,0.309229123729301,-0.111296020890148,-0.0564611622402363,0.0567620309045034,0.0765587933422066,-0.0281321820761557,0.0542232567512567
"17",0.0600950500876061,-0.0767239792320328,0.20144365796505,0.0133905525796648,0.101318455961431,0.139857153611038,-0.117245900249561,0.11147705279599,0.140528627616669,0.19385323453175,0.15729866874013,0.12880716866681,0.284568891834672,0.126569318016465,0.115155672269611,0.205869846193019,1,0.220161721240756,-0.217986686154577,0.0444415119075981,0.131935478696372,0.167064067351388,0.0421696225355585,-0.0790242748548842,-0.129261141364181,0.0306587912892695,-0.0149037153359942,0.164630361212737,0.0342161477794155,0.0798758545644241,0.0318728437190127,-0.118409392141134,0.126521681400385,0.115980561892586,-0.117352248223722,0.0406198037789544,-0.0862436333705644,-0.169077873235269,-0.0677252093291129,-0.0473873096046181,-0.0533727032936573,0.0734206631344281,0.059009988530298,-0.0282545060118655,-0.0443702675920347,-0.03873940688999,0.103386641832153,0.00923220145493403,0.0684300520642519,0.115189946820831,0.132231296747558,0.120984469698123,0.104232228843351,0.214676362202348,-0.00249803091898263,0.16099114773905,-0.206677986504959,-0.16636522297806
"18",-0.0640252535920174,0.0604220319434705,-0.0137100523448027,0.132148004727513,-0.202909976384983,-0.0193810126434314,-0.0104907668984002,-0.0154740722231118,0.164056889405878,0.179260714329343,0.0511258126063491,0.102873288761324,0.163327783234318,0.267232316881419,0.0397035960988798,0.0220182066991549,0.220161721240756,1,-0.143949600571795,0.0107726205906881,0.0311031588832432,0.0223926359907255,0.208782753412745,0.0569291569101449,0.215073946262859,0.0866809084117679,0.251604826929208,0.13581473588029,0.0956341821108382,0.223203521309823,-0.209289763454206,0.0936090537681771,-0.180499229965124,0.229150625194338,-0.15831115702413,0.0512029175855576,-0.16713840003575,-0.122030524082154,0.00100158133576864,-0.00011346882234667,-4.43148577628642e-06,-0.0229819081943945,-0.0984499879598259,0.0191937929631776,0.0590757479792334,0.109677060872887,0.0706169927888382,-0.00604488283576223,0.0748548620585404,0.367804605066108,0.0977276633305162,0.0644203881033848,0.0567994253335883,0.164204745668724,0.1362271619767,-0.0980988807894069,-0.0146518441521769,-0.0434620118544906
"19",0.0487477034258862,-0.0292839814097085,-0.123723890691947,-0.0294629412978401,0.0496625624938052,-0.0850809950874297,-0.0927809317629577,0.161668910874754,-0.00838449499570273,-0.0259229545820366,-0.267747531731666,-0.105751991640841,-0.0366881692791387,-0.109952168270775,0.0196816617480729,-0.107609837538442,-0.217986686154577,-0.143949600571795,1,0.0947545531361563,-0.0244189321226728,-0.162693568729163,-0.290647462625173,-0.162601368921653,-0.0187888632061795,-0.132029776839255,-0.0343575101210947,-0.0672737325004032,-0.193007854980887,-0.103924313395676,0.201995826973058,-0.0127294827825752,0.15185168548168,-0.0392909941158216,-0.0331478255964241,0.107639840105925,-0.0482783346640485,-0.00708453728379091,0.072049143937338,-0.0046141219505201,-0.0851978957298412,-0.0782118901000807,0.132999411122953,0.0946683988617213,0.0141439681173115,0.033240124186589,-0.198518296809765,-0.130078228014896,0.173335442632058,-0.0509980276484712,-0.108129863930284,-0.135097252825906,-0.0972015573722494,-0.155423700491446,0.0470319519830305,0.122090155709081,0.112285621535762,0.0845989504453724
"20",-0.126224781038085,-0.114805354945063,-0.0852662823037302,-0.0547031818494614,0.00413255803492911,-0.103226854638481,-0.135042081152544,-0.0970552964138085,-0.012127961333405,-0.0763668822093923,0.0485404412723576,0.0538506660769376,0.0207308771948257,-0.101440381242167,0.0217821883819114,-0.141198851050453,0.0444415119075981,0.0107726205906881,0.0947545531361563,1,-0.0176092031701157,-0.0054475389817343,-0.0817245511251477,-0.0513417194556986,-0.0425368639060769,-0.00759809380696743,-0.0443691404816123,0.118415345737861,0.00208395891795893,0.115211693528622,0.0149413665259776,0.374897249244702,0.226677164399091,0.13359980978173,-0.187093326876639,-0.0478930869124227,-0.119320329377304,0.0554231124424972,0.0233399789396939,-0.0840681510710555,0.0219346140984775,0.225652524909657,0.0932307800668295,-0.0204082376911384,-0.0342921735562908,0.0262234890984989,0.0756174657800436,0.0651257481206609,0.103519881672617,0.00190511854363107,0.0755101964771689,0.0579506891076261,0.0183221280098761,-0.139960882033299,-0.209600558940055,-0.112365398281819,0.0240541473759203,-0.127603309511664
"21",-0.0430312070985968,0.00620393904906451,0.150589320284364,-0.0847161860658923,-0.057044345994116,0.0930560570206736,0.130189068038383,-0.0538179385804078,-0.0849140422541519,0.117704542418047,-0.016250890030039,-0.0174117886332595,0.110953023629331,-0.0645707699331988,0.142925913339491,0.201194952742635,0.131935478696372,0.0311031588832432,-0.0244189321226728,-0.0176092031701157,1,0.176563951279307,-0.0584505697894043,-0.330022325999451,-0.073908460548124,0.281248387323317,0.131315737177293,0.240698878734746,0.114617765529396,0.152551322644642,0.0128895495722961,-0.135848411030768,-0.154498760204337,0.154640429264789,-0.0752630411058606,-0.0303229291996854,0.0491263092492298,0.0627998154789438,-0.222256632749854,-0.0770540564430076,0.0469784631716805,0.0663507382803855,-0.0291700691042677,-0.0663625532459954,0.0683739235772594,-0.268142795575256,0.00300564921265259,0.0598909604434898,0.00346389760776197,0.0325436983655078,-0.0100108605903507,0.0690593583131189,-0.137568855073262,-0.155763465383579,-0.0534541829297107,0.0288700483404063,-0.22673377548323,-0.133623066226968
"22",0.0220155115210012,-0.049082681175553,0.226175654669472,-0.0910997793220914,0.176934884373692,0.0485382163155374,0.135888090784522,-0.134696911030534,0.16049892712309,0.0552612338452525,0.107932151294358,0.0674375727689641,0.0533066434944822,-0.0440426184800157,-0.0160148780932271,0.0316111099972311,0.167064067351387,0.0223926359907255,-0.162693568729163,-0.0054475389817343,0.176563951279307,1,-0.00987382332847967,-0.0257834363456229,-0.224678464991134,0.13998008754823,-0.0167647561122105,0.0583533760038469,0.231048304072437,0.192796609818565,-0.142447769242402,0.0165739777005518,-0.0543250144361523,0.107767611730959,0.0555723836775632,0.00323413607187195,0.0422951025122542,0.14684570381232,-0.196830035391115,0.0891797376760379,-0.109108426392101,-0.0490165005181113,0.012706248759979,-0.0465121485820042,-0.142700141869477,-0.0919156833933019,-0.12961401193116,-0.0655691771242824,0.0469178968916628,0.0784951222447444,0.133374622189672,-0.0396283365207573,-0.0570419742745063,-0.103870882668377,-0.0795329193742191,-0.0795738767085688,-0.151401994392423,-0.00719511808287232
"23",0.233939538622393,0.0623663173852097,-0.111938131786995,0.300667061853929,-0.0365770398207321,-0.0570782723540086,0.337676529944497,-0.132467242541252,0.0313612703967494,-0.129837780062998,0.311477432077405,0.184429405915118,0.0695761007892688,-0.108902797172437,-0.114483899624856,0.0679563234014305,0.0421696225355585,0.208782753412745,-0.290647462625173,-0.0817245511251477,-0.0584505697894043,-0.00987382332847967,1,0.356242526832696,0.130260865156742,-0.0126057774633195,0.0943997094340603,-0.0171471967570055,-0.0373899650000819,0.131684286855755,-0.102234140231897,-0.020085076234195,-0.28782480595795,0.217316098824051,0.108062116634978,0.07872654258192,-0.181508551886591,-0.0920956581218853,0.125803689462872,-0.0727955312424097,0.111707716420325,0.0321360235468911,-0.0547414491306343,0.0416486546967595,0.0893080629880307,0.0981826035058478,0.294304462319562,0.128543127807294,0.0246386766103961,-0.0143689249506925,-0.0822919464517441,0.0749048061077142,0.180207119546104,0.150087501499675,0.193186694381704,-0.00753143494119975,0.136795260516734,-0.0257551414716243
"24",-0.0999468371877369,0.0152653233190868,-0.0831152171611514,0.0687281272009845,0.125640848092308,-0.262181193049368,0.121664682387284,-0.0380272459726849,0.0473056569363529,-0.0366364358766021,-0.0567585885418705,0.0839759673667556,0.0140618352720242,-0.0321841184346329,-0.231512597561632,-0.0839189453573712,-0.0790242748548842,0.0569291569101449,-0.162601368921653,-0.0513417194556986,-0.330022325999451,-0.0257834363456229,0.356242526832696,1,-0.0107234458358715,-0.0464985221830063,0.12656677708598,-0.0300172299969855,-0.0309363777896622,0.0588841837845335,-0.174500525391716,0.0857359655224367,-0.0783037267915844,-0.0688993584859279,0.106630178675275,-0.144089215370918,-0.125688544272321,0.0797789524966063,0.111912586611822,0.0728731203228391,0.0103794598096983,0.0473946660880154,0.0833890303826751,0.0786679286360815,0.0505258979141983,0.196765998669061,0.323113182895083,0.225658144128491,-0.100808658066193,-0.0179333032361972,-0.0622750791804332,-0.0385386215313842,0.00952914971222772,0.0649007570088705,0.0276605485172811,-0.14708484344485,0.183448828592551,-0.00425177019772732
"25",-0.0387635590884135,0.117479377157676,-0.0121236818549741,0.204512098284034,-0.204056301493419,-0.021524403960199,-0.0157580623295613,0.0927311314111101,0.145068286583901,-0.126392407033938,0.12291583593294,0.125415049689234,0.0197283972285352,0.0707378516208128,-0.00625852994668487,-0.103038667916932,-0.129261141364181,0.215073946262859,-0.0187888632061795,-0.0425368639060769,-0.073908460548124,-0.224678464991134,0.130260865156742,-0.0107234458358715,1,-0.112703652760108,0.0839688233644897,0.0140254857371814,0.11368683342868,0.0797963353015169,0.0846839136016145,-0.0588098533572353,-0.111741064488244,0.210345773064487,0.156961972571499,0.0332409187913329,0.109910391577555,0.0130740974490432,-0.132606453060155,-0.0356460856214988,-0.0340257550445558,0.0660292869913859,-0.0986344688318242,-0.0339262668869442,0.229619253357434,0.0116892158514644,0.0474927212386959,0.0310595376831415,-0.0202834565529743,0.00167849102518526,-0.0569495655615637,-0.067903997442333,-0.00380325677727442,0.0917085555751859,0.0258723450032304,-0.0936563656327915,-0.0975950786685989,-0.178661504636503
"26",-0.159978702281201,0.00676308632226163,0.178968561080651,-0.0320545989407579,-0.113909879042084,0.200813431176406,0.251680944961407,-0.12147712897192,-0.222121136086783,-0.036234271465181,0.0138402025286941,0.167610782012045,-0.0845018422646934,-0.113564618753378,-0.0407788044468232,-0.019983819261868,0.0306587912892695,0.0866809084117678,-0.132029776839255,-0.00759809380696743,0.281248387323317,0.13998008754823,-0.0126057774633195,-0.0464985221830063,-0.112703652760108,1,-0.0979225426909424,-0.0960747974675384,-0.121616608202627,-0.0189387293012354,0.0117370303556819,-0.113983528761296,-0.0698555012499134,-0.028028546857127,0.055930957863888,-0.0519639807321779,0.119351664296997,0.149770988342342,-0.090090257919819,-0.093988753621723,0.0431909330682232,0.100967940571157,-0.120611045239045,-0.259384007624708,0.0323795931823823,-0.140420532730868,-0.0673595978583014,0.0751118590309834,-0.0759767351640674,0.0438538803075414,0.0705797414989992,0.10604466510805,-0.0844686098277838,-0.0626774759440681,-0.068584627788169,0.00093169485727301,0.0853907962572104,-0.2215055186798
"27",-0.0388628840801538,-0.0213408780640682,-0.148546612904408,0.130928509290334,-0.14499471281729,-0.0577944075678008,0.0196989241090203,0.00646138083973243,0.0762418740974131,-0.0562186735706814,-0.0844851492988146,-0.147181981613516,0.103157705183534,0.107334880259317,-0.017636998409577,-0.0174780608575653,-0.0149037153359942,0.251604826929208,-0.0343575101210947,-0.0443691404816123,0.131315737177293,-0.0167647561122105,0.0943997094340603,0.12656677708598,0.0839688233644897,-0.0979225426909424,1,0.262619128018842,0.140717313369314,0.262472508148923,-0.0485074991486582,0.14753944339573,-0.152392303546887,0.0670766633358524,0.107855914632748,0.221093746029259,0.0461075214735847,0.0941768016565027,-0.228188903953348,-0.0481246092165398,-0.00653241791223639,-0.0294535282145348,-0.0493428221808657,-0.0339435616493491,0.124331705886027,0.15611824195384,0.15697046310569,0.0241154825294254,0.0337479138272117,0.09735050679005,-0.0914244565469458,-0.0285316791056941,0.0299561429591888,0.0642807515056757,0.0670631260495567,0.185111483485,-0.20695892947351,-0.0920280140624061
"28",-0.018921005999206,-0.198647528435306,-0.00143346878853457,-0.0917209909094861,0.015584922822357,0.0425016405598982,-0.0717935673751217,-0.00859935070567376,0.0439072130393739,0.0836774399378653,0.0567948499333966,0.0167197253325363,0.0382535686008217,-0.128417424991773,-0.0213375202874335,0.0154023954991739,0.164630361212737,0.13581473588029,-0.0672737325004032,0.118415345737861,0.240698878734746,0.0583533760038469,-0.0171471967570055,-0.0300172299969855,0.0140254857371814,-0.0960747974675384,0.262619128018842,1,0.0945391597449897,0.281975285314858,-0.0746119696980429,-0.0413976632769257,0.0411035377072918,0.277865172181447,-0.0652221761011147,-0.186709984610158,-0.0833603008774522,-0.0647406544093173,-0.224053804737054,-0.0683359992702284,0.0696687278370405,0.0556957866183553,0.174220365583967,0.0756849360022295,0.101499585377856,0.0613496085061945,0.0584961705169894,-0.0720905739789419,0.137631318408576,-0.0284635403924147,0.12116288881867,0.119017597592721,0.0690320974508434,0.0968440314011974,0.0632353800745703,0.217862787579469,0.0348536730651375,-0.0993485963057137
"29",-0.0877667849536721,0.0121458044693046,-0.0369832093791467,-0.0253979972272443,-0.106785417075482,0.0128826700078293,-0.0121787381551855,-0.026786238474617,0.230493597773997,0.135186906410609,0.0446791531711748,0.0299907365649796,0.0794996049541095,0.0221235303551863,-0.0138953571208415,-0.00328728312972005,0.0342161477794155,0.0956341821108382,-0.193007854980887,0.00208395891795893,0.114617765529396,0.231048304072437,-0.0373899650000819,-0.0309363777896622,0.11368683342868,-0.121616608202627,0.140717313369314,0.0945391597449897,1,0.157433436791921,0.0655109994346043,0.0930249989887647,-0.135402011362615,0.0579726318353178,-0.00246962124497487,0.00142107660211585,0.0197084179488526,0.198636976963161,0.00884541852837921,0.0165279314021173,-0.0134779564543324,0.0810803893618934,0.13334663143605,0.0832279913865926,-0.0146284829406053,-0.00096016528355808,0.00293609609820247,-0.0169416437881889,-0.0282810222029409,0.12528904463422,0.0400719347941634,-0.126914977328856,-0.028872836080867,-0.0400665013136382,-0.0563488543806414,-0.193703645154823,-0.0758364810468453,-0.0435164212343311
"30",-0.206643029405222,0.0637116842262989,-0.00011363379467245,0.14465883057618,-0.0237127105331249,-0.0819541791219959,0.164290958283504,-0.0257934307437779,-0.0749363076368767,0.159384132558162,0.171522562691184,0.0546440178536617,0.225292078022009,0.141227411860891,-0.00761017947930149,0.0726179360239875,0.0798758545644241,0.223203521309823,-0.103924313395676,0.115211693528622,0.152551322644642,0.192796609818565,0.131684286855755,0.0588841837845335,0.0797963353015169,-0.0189387293012354,0.262472508148923,0.281975285314858,0.157433436791921,1,-0.138374354167009,0.0965310215742333,0.0633966453908632,0.0995493759199391,-0.0563946411127707,-0.151040893161448,0.0497622360868404,0.11311274713879,-0.0454615576203265,0.218019031210082,-0.0393612201565655,0.0259195998684498,0.079229083688818,0.0281933911310836,-0.156640220980543,-0.0556185269564093,0.14172680787079,-0.0321327119535129,0.167962300466013,0.14186798657341,0.00346577401153713,-0.0949509435979596,0.0206417017065545,0.0485500156687286,0.0104744628651263,-0.06854495950922,0.0645878009517967,-0.0363827506936036
"31",-0.087427009593059,0.061593051078432,-0.0918047123134844,-0.0747441452505578,-0.176237913612629,-0.0918639983713933,-0.0253016715402535,-0.0330577813749437,0.061959476057432,-0.0855450865845898,-0.0751119464569759,-0.0893589761860333,0.00258999758521837,-0.0624278493580147,-0.0363880306699961,-0.202311049714341,0.0318728437190127,-0.209289763454206,0.201995826973058,0.0149413665259776,0.0128895495722961,-0.142447769242402,-0.102234140231897,-0.174500525391716,0.0846839136016145,0.0117370303556819,-0.0485074991486582,-0.0746119696980429,0.0655109994346043,-0.138374354167009,1,0.142500405460392,0.149152656399086,0.113394817856469,0.0507698914204438,0.209685484313716,0.155837498575336,0.0781130288456979,-0.116192633272089,-0.11155368379112,0.0714529728279168,0.114932915888348,0.169029934967196,0.0648255296457018,0.0927396385438879,0.0860581064111135,-0.176492197604114,-0.0192206587938978,0.172231840584408,-0.00575198769916687,-0.166869756769116,-0.0300795185990144,-0.15590653575407,-0.343735911787871,-0.0244222554991089,-0.0949100416598165,-0.162045384651905,-0.257939166588476
"32",0.0198341276313955,-0.139514515336345,-0.143602441928943,-0.0527980614216537,0.120009260358201,-0.171655922934461,-0.118563523932934,-0.175892936713409,-0.0694844446124955,-0.196366541898313,-0.127895649412259,-0.0318122583625881,-0.0531385973538438,0.0401263581803616,-0.143900154584992,-0.168041544856205,-0.118409392141134,0.0936090537681771,-0.0127294827825752,0.374897249244702,-0.135848411030768,0.0165739777005518,-0.020085076234195,0.0857359655224367,-0.0588098533572353,-0.113983528761296,0.14753944339573,-0.0413976632769257,0.0930249989887647,0.0965310215742333,0.142500405460392,1,0.137665161996946,0.128744303443357,-0.0658080882323328,0.167919183264683,-0.0726837713663593,0.0896182767998645,-0.00695086146663121,-0.0121470479124667,0.301737762517708,0.23587540958189,0.153335609291422,0.225343811944716,-0.00060541008928645,0.11862190503117,0.0281059555510923,-0.0828271614181184,0.145392706724583,0.0143460040015024,0.0593157796235448,0.0891240840963597,0.0202365632505954,-0.171739799870034,-0.180353541335488,-0.136168751808724,0.0159803150581862,-0.0808917556760269
"33",0.00372470076397417,-0.183164349753148,-0.0237533692820439,-0.100033085897695,0.0622376932219139,-0.03654766170066,-0.243164285451288,0.089760542586869,-0.17078339684164,-0.0765626818057833,-0.00020569894063115,-0.0703457853563191,0.0114013380765676,-0.107607788239338,0.120536623297919,-0.0369661454664457,0.126521681400385,-0.180499229965124,0.15185168548168,0.226677164399091,-0.154498760204337,-0.0543250144361523,-0.28782480595795,-0.0783037267915844,-0.111741064488244,-0.0698555012499134,-0.152392303546887,0.0411035377072918,-0.135402011362615,0.0633966453908632,0.149152656399086,0.137665161996946,1,0.0540934693644325,-0.0492954354996107,-0.00686261170076016,0.0530495951525194,0.0938389382631813,0.0627450941853877,-0.002360957728113,0.0711504987047838,0.211153761934657,0.122696777628919,-0.156878713014565,0.0152701294401956,0.0448783092552917,-0.126325620315403,-0.205523254081429,0.189327042362028,-0.00731550077137458,0.140076884834809,0.0137570397148933,0.125533413129935,-0.0101955986973165,-0.161949323735049,0.149919189962203,-0.109212466617536,-0.19266363586814
"34",-0.0363772543574915,-0.00971990137031561,0.0973510368992054,0.114534876633544,-0.0519204255059914,-0.0504699859371092,0.028383252069948,-0.133260233414908,0.167758069826968,-0.0524411959137227,0.337956130299198,0.302246708806705,-0.0490450201528104,-0.105168919264663,-0.0367864721034704,0.063329639317362,0.115980561892586,0.229150625194338,-0.0392909941158216,0.13359980978173,0.154640429264789,0.107767611730959,0.217316098824051,-0.0688993584859279,0.210345773064487,-0.028028546857127,0.0670766633358524,0.277865172181447,0.0579726318353178,0.0995493759199391,0.113394817856469,0.128744303443357,0.0540934693644325,1,0.0573665833580867,0.0596070419806389,-0.107390345775568,-0.0482690965797908,-0.280361269258538,0.135127031052596,0.0246127057458178,-0.0196748510078287,0.125157797142148,-0.106938553358848,0.0782967073759125,0.0309781242344063,0.0837225523330298,0.0524762338612302,0.0611130529035845,-0.008462388577648,0.176478237863155,0.238603320869594,-0.132599184744127,0.00318618060195818,0.0467233039581617,-0.0649686434985808,-0.0306533783546431,-0.257323126490147
"35",-0.00948065958528417,0.11383899201245,0.0383289515278799,0.162109226904991,0.0210594166386662,-0.00258104384790089,0.283044720578237,-0.0707777233123162,-0.049057970447153,-0.193161786261145,-0.0462422357856716,-0.110728261544478,-0.198998097102436,-0.203414196087328,-0.217593879441325,-0.164405607064846,-0.117352248223722,-0.15831115702413,-0.0331478255964241,-0.187093326876639,-0.0752630411058606,0.0555723836775632,0.108062116634978,0.106630178675275,0.156961972571499,0.055930957863888,0.107855914632748,-0.0652221761011147,-0.00246962124497487,-0.0563946411127707,0.0507698914204438,-0.0658080882323328,-0.0492954354996107,0.0573665833580866,1,-0.00296661207849201,0.265010923611479,0.189077594853564,-0.0191205469501505,-0.0775620065541941,-0.15191946603917,-0.025431142382666,0.00644862956968515,-0.117688176485784,-0.00254851501263563,0.216794676374696,-0.0935146043369816,0.0187891286733525,-0.189700618698257,-0.0963789825027839,-0.217395778192844,-0.00157572574624746,-0.111864026869851,0.0623775926071436,-0.189319090452368,0.0883124244834567,-0.0375090057021176,-0.171288977327285
