"","l_Insular.Cortex","r_Insular.Cortex","l_Amygdal.Area","r_Amygdal.Area","l_Bed.Nucleus.of.the.Stria.Terminalis","r_Bed.Nucleus.of.the.Stria.Terminalis","l_Hippocampus","r_Hippocampus","l_Orbitofrontal.cortex","r_Orbitofrontal.cortex","l_Entorhinal.Cortex","r_Entorhinal.Cortex","l_Frontal.Association.Cortex","r_Frontal.Association.Cortex","l_Globus.Pallidus","r_Globus.Pallidus","l_Glomerular.Layer.of.the.Accessory.Olfactory.Bulb","r_Glomerular.Layer.of.the.Accessory.Olfactory.Bulb","l_Glomerular.Layer.of.the.Olfactory.Bulb","r_Glomerular.Layer.of.the.Olfactory.Bulb","l_Granule.Cell.Level.of.the.Cerebellum","r_Granule.Cell.Level.of.the.Cerebellum","l_Hypothalamic.Region","r_Hypothalamic.Region","l_Entorhinal.Cortex","r_Entorhinal.Cortex","l_Vermix.Molecular.Layer.of.the.Cerebellum","r_Vermix.Molecular.Layer.of.the.Cerebellum","l_Lateral.Molecular.Layer.of.the.Cerebellum","r_Lateral.Molecular.Layer.of.the.Cerebellum","l_Anterior.Olfactory.Bulb","r_Anterior.Olfactory.Bulb","l_Posterior.Olfactory.Bulb","r_Posterior.Olfactory.Bulb","l_Subiculum","r_Subiculum","l_Perirhinal.Area","r_Perirhinal.Area","l_PreLimbic.System","r_PreLimbic.System","l_Primary.Cingular.Cortex","r_Primary.Cingular.Cortex","l_Primary.Motor.Cortex","r_Primary.Motor.Cortex","l_Retrosplenial.Cortex","r_Retrosplenial.Cortex","l_Secondary.Cingular.Cortex","r_Secondary.Cingular.Cortex","l_Secondary.Motor.Cortex","r_Secondary.Motor.Cortex","l_Striatum","r_Striatum","l_Ventral.Tegmental.Area","r_Ventral.Tegmental.Area","l_Substantia.Nigra","r_Substantia.Nigra","l_Thalamus","r_Thalamus"
"1",1,0.184335964789484,0.157590169974491,-0.334659422913579,-0.158072327896591,-0.0285641721927362,-0.060981037556845,0.114806593477021,0.086076507903691,0.0694687113252393,0.174978517560912,-0.104032234979394,-0.227792355115849,0.0565278846702876,0.177892720131523,0.180478852275415,-0.119121503928489,0.100272770807745,0.18269359163178,-0.119260220668604,0.025442191273715,-0.0310748916640462,0.0346319245829162,-0.104121006378408,0.0682351242043404,0.123022511456716,-0.0124002036976744,-0.0216787933746021,-0.210723788276945,-0.0681054521103987,0.0488897363712129,0.222565226763486,0.19659290674976,-0.16939236446125,-0.0996126954226448,0.0643720464798249,0.258894811917095,0.0484676635404234,-0.0938813665552961,-0.0573070008067886,-0.261395872137024,-0.108422286591102,0.196214767432707,0.0623168897109889,-0.151084624218506,0.0345813410032681,-0.044258482334719,-0.00173488394958948,-0.105530990409552,-0.00972635940949259,0.0532638119062859,0.0407783377977968,0.132150962418788,0.0397286982386293,0.0491753112401011,0.120045248111541,-0.0736782350224915,-0.126919896739585
"2",0.184335964789484,1,0.0542254488505554,-0.0316888381218743,-0.158417487237535,0.0743510006695731,-0.0694771159986959,0.0283859115935955,0.243886790512012,0.440361752977041,0.0134316164543602,-0.0482077223675283,-0.0992032236191108,0.0874245264370158,0.109464891601068,-0.138010106207869,-0.140959907988526,-0.0420183105500824,0.0566624447937177,-0.0234822033253929,0.0379386605114079,0.200883770719178,0.110381251801457,0.0137147040945277,-0.0774691250997447,0.0430950745679188,0.0200745411111359,0.00581544253543625,-0.0749947563568837,0.13582054143077,-0.0774929578517657,-0.0522442472979507,-0.0296366356209001,-0.0743204528239667,0.02971307053977,-0.0285909027209409,0.178915779242402,-0.11648791979792,-0.0788974303407343,-0.238260073480611,-0.245622640934491,-0.0426747418958957,0.015227399166612,0.104663150423961,-0.0402720880945718,0.0487562848184712,-0.00159252713251419,0.108428817289827,-0.142970564555791,0.0990079849611717,0.0262835114897327,-0.0324385469843036,-0.00588132489191378,0.0514447802903293,-0.0390516215589423,0.122977050945898,0.0226572137464962,-0.142210279894429
"3",0.157590169974491,0.0542254488505554,1,-0.0405841417502943,-0.0644288979781361,-0.0110772755393548,-0.13062723669927,-0.0497444731741706,0.0647392652692235,0.0493869149323315,0.228639248019255,-0.0749747603094753,-0.267423119580449,-0.0160184633594829,-0.112905787994077,0.103976466290278,0.0820958707084001,0.110585745780643,0.0696347276904661,-0.125856391914991,0.113255745888332,0.167435066898971,0.0216017259124036,0.0845986773962429,0.076434695743129,-0.15525672176717,0.00593850692879682,-0.202863649613705,0.074196435670837,-0.044104414443441,-0.00618641478732289,0.175570651424289,-0.108501362336829,0.165948366551659,-0.0736920636355614,0.121195801515823,0.214131786683348,-0.0384091815177782,0.0697750046431303,0.0516849912231027,-0.134189736447849,-0.0374900536181979,0.0352983777658252,0.0867132290633096,0.0325005592636268,0.082275792669267,0.0572366993201988,-0.0255001511250969,-0.188003232132989,-0.0260435054367832,-0.0526925880448278,0.114955145949947,-0.0766081401169209,-0.127720966698892,-0.146462752667949,-0.0359561158451165,0.0250704839243493,0.00795524036288977
"4",-0.334659422913579,-0.0316888381218743,-0.0405841417502943,1,0.00550109836981615,0.0490134414740229,0.0413060552299176,0.0399568050683416,0.0022148382715139,0.0931845881982441,-0.26539988851541,0.110584887754376,0.0699836475247135,-0.0105730001254761,-0.072001311555342,0.05562830337912,0.127799169477036,0.0383852238152523,-0.0669503370983987,-0.106863026530122,0.14216708510941,0.04072406464765,-0.0731254163924012,0.164851385187982,-0.207108344499674,0.182146679126486,-0.0732251717863486,-0.06682024688325,0.0834382047727747,0.0165370655337252,-0.0555896886250144,-0.134061926344833,-0.0260161272377151,0.0864315987556257,0.204761224658529,0.0206121041439025,-0.0691134115411862,-0.0355483502450564,0.115099147545041,0.081617170524279,0.206789402770002,0.0220079265052614,-0.125211865877123,-0.0311397882384086,-0.0238582862662742,0.118476094654722,0.139372251929523,0.0290920457198226,0.118936256736261,0.00444508595854854,-0.096453485641385,0.19082313444684,0.141998551939556,0.148690884370204,-0.00414971916304991,-0.00324023966189532,0.0912526555941384,0.221508203005283
"5",-0.158072327896591,-0.158417487237535,-0.0644288979781361,0.00550109836981615,1,-0.0575484747317991,0.193480775242116,-0.218824457366452,-0.0378560958722605,-0.195398343888607,-0.0812666988488687,-0.137964321234848,0.071016529962578,-0.00325680876049291,-0.137739607513941,-0.00464070978679891,-0.0318266792125943,0.0759017247065081,-0.0987399299145277,-0.0374247748092722,0.15065515068331,-0.0697471395438547,0.048305905942323,0.0198402112294677,-0.0543786378921176,-0.134085425130912,0.0747022462433378,0.0746480297322361,0.0319254478831124,0.156602499044345,-0.0460222812838021,-0.0496369855363974,0.0457879598238067,-0.0654307734083166,-0.222212116878725,-0.136216254659639,-0.137959411734576,-0.0497802291507406,-0.101428100976248,-0.0726843792554125,0.0552853286585055,0.232108943705735,-0.078817395150545,0.0797129415576807,-0.0720289759102683,0.117611561841913,-0.125529588432151,-0.106009668694692,0.046296127773869,0.0463574949750269,0.0106608511562227,0.0828107291782907,-0.130258218049418,0.228670454899433,0.0178146611915731,-0.166454093427683,0.107840377543086,0.14546127281098
"6",-0.0285641721927362,0.0743510006695731,-0.0110772755393548,0.0490134414740229,-0.0575484747317991,1,-0.0378974121322864,0.11612563854181,0.154694132927509,0.0202829340687481,0.0101590917684571,0.103922106276924,0.19206305616407,0.0294111681256912,-0.00106900607978887,-0.0575646944993447,-0.248580177872469,-0.0881730303434513,-0.0977036712196914,0.141619191132491,0.0871722481557475,-0.180456697273098,-0.0985719652923924,0.00846621188207221,-0.0828014614252827,0.117670762666255,-0.0365737238016225,-0.0777818986433037,-0.266869857450247,0.0372619959083003,-0.00588114191295002,-0.133189243510575,0.119515207844814,-0.185594999757771,0.0357390834742348,0.017886105418863,0.0144828938643432,0.0335680430861432,0.112372604279001,-0.12406974416536,0.0216379144055413,-0.0680861559304193,0.127697963195572,-0.114550533069598,-0.064878242933563,-0.107478168697081,0.0287593566849239,-0.0652795751920393,0.078001913217592,-0.0390298459441694,-0.172766680702401,0.00530569024435897,-0.265887891375769,0.0172688239616988,-0.0696170731274915,0.345677216790691,0.0329175971377919,0.209207681441892
"7",-0.060981037556845,-0.0694771159986959,-0.13062723669927,0.0413060552299176,0.193480775242116,-0.0378974121322864,1,-0.151344976653524,0.00244535877413856,-0.222755421844324,0.0357413752668289,0.0372937751998836,0.105458335516644,-0.121183948087284,0.245751281720584,0.178386913859141,0.135823517926257,-0.138756118554751,-0.0905010572380568,-0.0463544292514857,0.0473330090225098,-0.0326585644463766,0.100756046452094,0.0976549299951176,-0.0510174908069028,0.0344540280475866,0.0978707641033307,0.0935003522356719,0.126853751798977,-0.0398891426679898,-0.11218758044696,-0.112400068198204,-0.0382655266546643,0.0462536846621652,0.207675487988051,0.0729049443545644,-0.0651458026009104,0.00707818542519619,0.0961580996304322,0.00501403421954686,0.161122128884527,0.2224277750366,0.0195199960310914,-0.0145626306870319,0.177853424334317,0.178102666134578,0.0850421303469634,-0.0480961659620402,0.0944946070853751,-0.109760654291082,-0.0386523737676892,-0.0112660678852409,0.0368193856436792,0.0553733645731901,0.190780758518981,0.102947831236321,0.0176551493740396,-0.0732575190323874
"8",0.114806593477021,0.0283859115935955,-0.0497444731741706,0.0399568050683416,-0.218824457366452,0.11612563854181,-0.151344976653524,1,0.0167797411250385,-0.00539340485212456,-0.0517319423548921,0.0559981073601477,-0.0105027609270796,-0.0404558190293545,-0.0278057336266688,0.0296379428568933,-0.255186457564344,0.0446178122335175,0.194746012132996,0.123703116752583,-0.023809113933796,-0.136813932557816,0.0532431076361396,-0.0610530655673024,-0.0347647415114011,0.210376291240541,0.0444857391366742,-0.205718227302206,-0.111085979852476,-0.0482663542166012,-0.0305810387138822,0.158901711697349,-0.105123817883596,-0.119327744841057,0.132055114288731,0.217520133309531,0.129394623475051,-0.0157566883593376,-0.134599309493605,-0.0306978657556407,-0.0992253860131322,-0.0906193643531019,0.0973744887813228,0.0673966664035066,-0.0293666470689405,-0.0106337218309917,0.154571945035349,-0.100170122004245,-0.0613942407653209,0.173438252963099,-0.13824909045632,-0.0123418458080219,0.115248579859836,-0.0317736281061821,-0.00309072678877499,0.0502790894147764,-0.103680052533829,0.0329319048632018
"9",0.086076507903691,0.243886790512012,0.0647392652692235,0.0022148382715139,-0.0378560958722605,0.154694132927509,0.00244535877413856,0.0167797411250385,1,0.085626047855733,0.07937811914216,-0.118417803331005,0.0165158984845352,0.127052664484691,0.209111389250361,0.0912951289546104,-0.166526741535966,-0.0307028752369055,0.0536897426820133,-0.143616008668221,0.114420316394837,-0.0880444975253249,-0.123811252328711,-0.121358809170534,-0.36652854652493,0.0208353153852242,0.0352128042780728,0.0734127390546593,-0.00107645145923277,-0.154755629562974,-0.0994754800309452,-0.0895163793083803,0.119257876412376,-0.0767426028385661,-0.0490251734318856,-0.048987441932967,0.0111385101980036,-0.101826618179817,0.00873967086674597,-0.208659222335992,-0.146040816045965,0.109042244344066,0.190722719019573,0.079144217820144,-0.0217927289284788,-0.0719644686406273,-0.0483554487554922,0.135498809875802,-0.0602738886463832,0.222154093111929,0.0288761508425743,0.021434777318218,-0.142149872584955,-0.0485293960048419,-0.0390292797775599,0.0297248073868035,0.0138006867150409,0.0837355711875005
"10",0.0694687113252394,0.440361752977041,0.0493869149323315,0.0931845881982441,-0.195398343888607,0.0202829340687481,-0.222755421844324,-0.00539340485212456,0.085626047855733,1,-0.264540265732126,0.0248578867263588,0.100518614446548,0.00364138337554762,0.0283921374342721,-0.00451633102733705,-0.00404418740961819,-0.0894414601706097,-0.0687294521624891,0.0216666399186773,0.033282228228727,0.204922485028454,0.0015492354857641,-0.0302349588191991,0.025863348669489,0.0996154826856112,-0.0764380438299715,0.0278969051640984,0.062372564791387,-0.0454112694231214,-0.168847609768778,-0.0708919721240035,-0.0543209050705909,-0.0439221041178926,0.0156652629600492,-0.117294529502982,-0.0670103075220512,0.16731192419975,-0.155970840834505,-0.135357286168082,-0.1351390416964,-0.219159862598986,-0.0453535700263328,0.184321254349115,-0.176840111181735,-0.0240803265358344,0.238182047674746,0.0845055068322943,0.0508125905223123,0.0973600651621258,-0.0997654131558453,-0.0883130538484309,0.149570034368026,0.0505568967243134,-0.102488760256706,0.00307186383976796,0.064141516351003,-0.0849761707331873
"11",0.174978517560912,0.0134316164543602,0.228639248019255,-0.26539988851541,-0.0812666988488687,0.0101590917684571,0.0357413752668289,-0.0517319423548921,0.07937811914216,-0.264540265732126,1,0.026841342383515,-0.236831540484235,0.115343637390099,0.167093286758094,0.114636935303872,-0.121060042674026,0.14212905059696,0.104207512696519,0.0525700364664923,-0.0558459060827167,-0.00518652739687538,-0.0224979137699579,-0.0265603913954875,-0.0359362320276858,-0.0108694848328414,0.243534608742037,0.0880179266726833,-0.064994158295625,-0.0937848660071417,0.186436941400439,0.139263565807114,0.100021417945315,0.0232398612269619,0.121061029992644,0.0464383270390061,0.201891038247988,-0.035507156479046,0.0109033093138848,0.0720351378274805,-0.0858010829472531,0.0635104483064928,0.123741072806988,-0.0383557357019561,0.0315849313221643,-0.00284212066176271,0.0021518407814908,-0.0329974132641867,-0.157227247787918,-0.0359450708593723,0.139154107948364,0.070243030868498,-0.118588251370655,-0.0468867141133184,0.123080926303164,-0.00481519255277547,0.123888783382621,0.0888397972322083
"12",-0.104032234979394,-0.0482077223675283,-0.0749747603094753,0.110584887754376,-0.137964321234848,0.103922106276924,0.0372937751998836,0.0559981073601478,-0.118417803331005,0.0248578867263588,0.026841342383515,1,-0.0475644831316018,-0.0816397520486567,0.145779564790529,0.00621576467404591,-0.107201819565947,-0.00547436028675613,-0.0488834507900232,0.16967035040072,0.115494176507109,-0.0624773728344437,0.146686728689035,0.172395557330395,-0.109888312162005,0.113436728890773,0.121267310636547,-0.184043043467863,0.138013637839744,0.0283577938288344,0.116840093553411,-0.00454734255032435,0.116050137064229,0.0194357930208669,0.0263251596484074,-0.0250224219889637,-0.197931762374761,0.0741635433390656,-0.104039524163463,0.0303952368151905,-0.044207551937123,0.0342578105748385,0.122917572446795,-0.0897954714674298,0.0158871019331159,0.0196993417765651,0.150416395911271,0.082954802781705,-0.0498443695499247,-0.102216215289808,-0.00347267176952881,0.155984445536061,-0.0338714369480884,-0.00923989575040113,0.0902723150384354,0.0969029170053077,-0.14214720945687,0.15986160450991
"13",-0.227792355115849,-0.0992032236191108,-0.267423119580449,0.0699836475247135,0.071016529962578,0.19206305616407,0.105458335516644,-0.0105027609270796,0.0165158984845352,0.100518614446548,-0.236831540484235,-0.0475644831316018,1,-0.0636021906842446,-0.0313492730523818,0.0430981722869273,0.246986036848898,-0.0618230923766074,-0.105168348784965,0.0470641115745507,-0.00365999928223547,0.00329300224213625,-0.0748436475396514,-0.0708053252745681,-0.00968964263342706,-0.0585573950402557,-0.0633505000395596,0.171982771652827,-0.16109358194564,0.0731295728220823,-0.0637225988472974,-0.198774686777413,0.0602073982012377,-0.12477068292118,0.182100291396329,0.0716306932459885,-0.210929782733142,0.0444163812674866,0.0849312284877106,-0.138274470843694,0.204948386602421,-0.0507498945984217,-0.00443269738226594,0.0527752165040871,0.0403907202196502,-0.0413807744575896,-0.0129254749538492,-0.145252433440777,0.636921712406718,0.0707623963787873,-0.0670849818123401,-0.0674863803565848,0.0157569552548371,0.0360119792006812,-0.0585702935005244,0.0708227235737174,0.0394561043012097,-0.0654250207322573
"14",0.0565278846702876,0.0874245264370158,-0.0160184633594829,-0.0105730001254761,-0.00325680876049291,0.0294111681256912,-0.121183948087284,-0.0404558190293545,0.127052664484691,0.00364138337554762,0.115343637390099,-0.0816397520486567,-0.0636021906842446,1,0.0168473696131085,0.046839557546362,0.0724082639807105,0.322305520757134,-0.00537735349992896,-0.153122003403424,-0.0176605389213447,0.189515014545302,-0.220393955050746,-0.0614930491480251,0.0344912034686011,-0.0483486619319265,-0.0942574301413934,0.0527113423392714,-0.151087852549418,0.0124251420336347,0.106027917859926,-0.016135425415858,-0.116866500449646,0.0639783203359437,0.120840750851793,-0.164903596787691,0.196033951238367,-0.0401780071959494,0.0548616744471951,-0.119874393893132,-0.151469365766546,-0.0657683407092236,0.153293109541665,-0.00240532588944896,-0.00694671007297333,0.0511092040715524,-0.128655564053898,-0.0998348121107361,0.069741408984927,0.526389245502179,-0.046868652361162,0.104845590485681,0.0453194697974119,-0.0259652165589486,-0.0125421318071684,-0.123554675860791,-0.0188257222624854,0.0377662308008304
"15",0.177892720131523,0.109464891601068,-0.112905787994077,-0.072001311555342,-0.137739607513941,-0.00106900607978887,0.245751281720584,-0.0278057336266688,0.209111389250361,0.0283921374342721,0.167093286758094,0.145779564790529,-0.0313492730523818,0.0168473696131085,1,0.188324934829742,-0.0833604657828784,-0.0989501842544287,0.153792612386087,0.0783255873336292,-0.333076386199678,-0.0235554473027025,0.158616726396161,-0.0107993374994404,-0.0425539727964066,0.0933082214578028,0.0792638910988179,0.147802579184481,-0.0331489878350153,-0.00697362971649107,-0.107220807389743,0.0356592270432649,0.258748800770316,0.110673504510238,0.0141700054101852,-0.00392630670309792,0.055460081518641,-0.0918834893845648,-0.083526227701341,-0.0395055433851669,-0.19949772298726,-0.00790564725191396,0.00221622490046513,0.0335573334767408,-0.0299620258051592,-0.0720933208849812,-0.0644092799367037,-0.1084651219899,-0.0771711938739062,-0.0629584321615513,0.0152077275980854,0.0998025364166459,0.0514356720278197,0.106722952892067,-0.0742367317581505,0.13460273752379,-0.145850710836009,0.0782027908717222
"16",0.180478852275415,-0.138010106207869,0.103976466290278,0.0556283033791201,-0.00464070978679891,-0.0575646944993447,0.178386913859141,0.0296379428568933,0.0912951289546104,-0.00451633102733705,0.114636935303872,0.00621576467404591,0.0430981722869273,0.046839557546362,0.188324934829742,1,0.0484469113136498,0.0688019611717234,0.149841883147197,0.0317332454508547,0.0273254714101447,-0.102663976709347,-0.0714001346405074,0.0623625215238449,-0.159906553871658,0.0621019109422914,-0.143232794925652,0.0657221483003771,-0.0199991868791096,-0.179390303074867,-0.0598800242895976,0.303539280222655,0.0839005462386971,0.0697663846453042,0.178506063699775,0.150507389602072,0.168439517003021,0.175978241348637,0.0520325401578555,0.168502696883457,-0.166705874896606,0.0317201447730796,0.156836271836196,-0.21162767428894,-0.031358170906565,-0.146954804396694,0.119241169563537,0.0680098687908332,0.0498412507425495,-0.135629974995518,0.0277593221281438,0.182612974386268,0.258766970001996,0.100480448501004,0.0321776226174474,-0.0965613464346884,0.0121137542007695,-0.127628118630118
"17",-0.119121503928489,-0.140959907988526,0.0820958707084001,0.127799169477036,-0.0318266792125943,-0.248580177872469,0.135823517926257,-0.255186457564344,-0.166526741535966,-0.00404418740961819,-0.121060042674026,-0.107201819565947,0.246986036848898,0.0724082639807105,-0.0833604657828784,0.0484469113136498,1,0.161971319669372,-0.180532182556894,-0.204196530462941,-0.086762210030277,0.0725482556483325,-0.0174807787234705,-0.0236182842488552,0.00799960085217411,0.035597064349213,0.0152240363483095,0.0632771169808625,0.160373894625934,0.0684717614338374,0.0955951813306616,-0.0282870958532341,0.088936678756442,0.0242013650236985,0.240595857181687,-0.0167222881711452,-0.0629690149039867,-0.0606498542889752,0.0839361599294348,0.0582363692135848,0.179023549824927,-0.0696841618758602,-0.0545487763227023,0.0594941549867102,0.172384364740734,0.146291694872727,-0.0466399939694368,-0.167964377540725,0.473045503469403,0.0647159465075736,0.0605765977492397,-0.0787532972580063,0.321257401209957,-0.0269897287966394,0.028240002370788,-0.13320657673616,-0.15275413098338,-0.0581517973926947
"18",0.100272770807745,-0.0420183105500824,0.110585745780643,0.0383852238152523,0.0759017247065081,-0.0881730303434513,-0.138756118554751,0.0446178122335175,-0.0307028752369055,-0.0894414601706097,0.14212905059696,-0.00547436028675613,-0.0618230923766074,0.322305520757133,-0.0989501842544287,0.0688019611717234,0.161971319669372,1,0.05358477383838,0.00716361477640244,-0.174447624026137,0.0974976672884169,-0.160529635981193,-0.242224602909087,-0.0346577208854522,0.0343845881735003,0.0775586632274244,0.0574245071405875,-0.22307342659041,0.0661639558986375,0.145527257068945,0.321152057846978,0.0066697673665097,0.0204247165309439,0.016818978823692,0.0587900668893196,0.078395977353097,-0.0102548710493585,-0.00871498345577835,0.103217644762423,-0.103726428446798,0.185195459243394,0.163244732160057,0.126065481972936,0.102509444743974,0.161972589066327,0.0394502422110132,-0.0301106999955309,0.0387393932948096,0.570452940056358,-0.0793839811868525,-0.088559629762746,0.0757750078577578,0.0344280514500349,-0.0853978548828597,-0.34518467147163,-0.134862263514151,0.0325460842052755
"19",0.18269359163178,0.0566624447937177,0.0696347276904661,-0.0669503370983987,-0.0987399299145277,-0.0977036712196914,-0.0905010572380568,0.194746012132996,0.0536897426820133,-0.0687294521624891,0.104207512696519,-0.0488834507900232,-0.105168348784965,-0.00537735349992896,0.153792612386087,0.149841883147197,-0.180532182556894,0.05358477383838,1,0.0751046305258209,-0.0103939238356479,-0.0365886316929117,-0.0138325048251794,0.0373260532526495,0.0575436568039931,0.016360683451768,0.164747834308858,-0.174769191895541,0.0529129551884598,-0.110271395023688,0.190942307761854,0.384288033853162,0.121487943565909,-0.0206092231297821,-0.0504207375707128,0.0805105399936779,0.116051366337228,0.114754314946465,0.0325184974085857,0.0970476873211397,-0.0678498613474559,-0.120953713598498,-0.0778829411855098,-0.027763332236799,-0.220794495897902,0.0491948699952487,-0.0716525143246256,0.04529116270998,-0.108083325684901,-0.0204508143115168,-0.0104131107443001,0.0303211008150473,-0.0305721260917723,0.0107414316226911,-0.0302724206468405,-0.0900890835333255,-0.0118781103676731,-0.0879188418992363
"20",-0.119260220668604,-0.0234822033253929,-0.125856391914991,-0.106863026530122,-0.0374247748092722,0.141619191132491,-0.0463544292514857,0.123703116752583,-0.143616008668221,0.0216666399186773,0.0525700364664922,0.16967035040072,0.0470641115745507,-0.153122003403424,0.0783255873336292,0.0317332454508547,-0.204196530462941,0.00716361477640244,0.0751046305258209,1,-0.0134631746728916,-0.155944758544528,0.145286993222282,0.0386658681663407,0.0745288836974534,0.090620054427438,-0.127775660892909,-0.137713596255938,-0.127261522846683,-0.0329040352777121,-0.134736083585915,0.243877851110857,-0.0847940147316154,-0.132178039628795,0.0446664661632913,0.0258491873626106,0.085385714809404,0.0818823236712655,-0.0159509855809308,0.013287511192209,0.0392900181828724,-0.00260682316117717,0.18099977644494,-0.015799066863947,0.101033832701771,-0.0926096916964449,0.0949395052972872,0.0607866891977213,0.0481817733355829,0.0377560673669484,-0.212212578930762,-0.116439431936085,0.0126544469330412,0.0321499939547036,0.00118449642155634,0.0516368687236479,-0.0340014835234484,-0.127176064596154
"21",0.025442191273715,0.0379386605114079,0.113255745888332,0.14216708510941,0.15065515068331,0.0871722481557475,0.0473330090225098,-0.023809113933796,0.114420316394837,0.033282228228727,-0.0558459060827167,0.115494176507109,-0.00365999928223547,-0.0176605389213447,-0.333076386199678,0.0273254714101447,-0.086762210030277,-0.174447624026137,-0.0103939238356479,-0.0134631746728916,1,-0.0191218516898409,-0.0808367467839241,-0.0722196219596041,0.0374040850018198,-0.00176617431655359,-0.0400211956483477,-0.0403583925776548,0.254804314573328,-0.10096251682285,0.048384072251575,-0.141225166080988,-0.0756607721086706,0.0445423445626593,-0.0171830487173331,-0.039404333129635,-0.0500943247937814,0.106907946157644,-0.00463289596219707,-0.121567091533777,0.0741963501964663,0.0762467936856094,0.0258854697225431,0.0656534929017213,0.0854154709660949,0.0458952540778008,0.202221685619122,0.161862436309976,-0.0100030266250493,0.0167571334730367,0.0917002986704656,0.136281931829499,-0.172255903472678,0.0898984428227522,0.0694156096782488,0.182010224392631,0.269527919734285,0.0958992382718444
"22",-0.0310748916640462,0.200883770719178,0.167435066898971,0.04072406464765,-0.0697471395438547,-0.180456697273098,-0.0326585644463766,-0.136813932557816,-0.0880444975253249,0.204922485028454,-0.00518652739687538,-0.0624773728344438,0.00329300224213625,0.189515014545302,-0.0235554473027025,-0.102663976709347,0.0725482556483325,0.0974976672884169,-0.0365886316929117,-0.155944758544528,-0.0191218516898409,1,0.0342047987041616,-0.0524783854006734,0.101680543208312,-0.196971319729132,0.0471042134696979,0.0459690176611567,-0.0657941368569104,0.0429885976000121,0.099322297310854,-0.0523305429521232,-0.191670868325464,0.188744010574179,0.0562199896281821,-0.156350920851738,0.167106863540108,-0.197399593738363,-0.0243059354901388,0.0146455176874678,-0.0635621844636943,-0.151988837296458,0.00604208233970445,0.0819661128222499,0.106285254890148,0.0522539799458482,0.103850512985552,-0.0774723095910878,-0.00185619459336613,0.240453866771352,-0.104488742860557,0.0132539963310232,0.0211137588590601,-0.123175058814581,-0.126279824002447,-0.281194342214373,0.0845108909056712,-0.0144167956674685
"23",0.0346319245829162,0.110381251801457,0.0216017259124036,-0.0731254163924012,0.048305905942323,-0.0985719652923924,0.100756046452094,0.0532431076361396,-0.123811252328711,0.0015492354857641,-0.0224979137699579,0.146686728689035,-0.0748436475396514,-0.220393955050746,0.158616726396161,-0.0714001346405074,-0.0174807787234705,-0.160529635981193,-0.0138325048251794,0.145286993222282,-0.0808367467839241,0.0342047987041616,1,0.292275618070604,0.0351090834893195,0.0428451580181675,0.17914851763744,0.00329521363418326,0.0790033593183621,0.230797288286351,0.0134577874534414,0.0208120511380242,0.113616976644035,-0.0648211591507296,0.0298453177254827,-0.125943872078816,0.124567966018293,-0.032340663788674,0.0772520072355391,0.00734800137146082,-0.0753288546063902,-0.0371093000667178,-0.177952312426887,-0.0312224193889738,-0.017937271286233,0.171331674734528,-0.149961464147351,-0.24886035459002,-0.0812186653782739,-0.182414304203549,0.181850512380779,0.0781990578777812,0.0815504772636768,-0.0407634373066534,0.0566060447741629,0.161041707106701,-0.0750250930664243,-0.0650617549245361
"24",-0.104121006378408,0.0137147040945277,0.0845986773962429,0.164851385187982,0.0198402112294677,0.00846621188207221,0.0976549299951176,-0.0610530655673024,-0.121358809170534,-0.0302349588191991,-0.0265603913954875,0.172395557330395,-0.0708053252745681,-0.0614930491480251,-0.0107993374994404,0.0623625215238449,-0.0236182842488552,-0.242224602909087,0.0373260532526495,0.0386658681663407,-0.0722196219596041,-0.0524783854006734,0.292275618070604,1,-0.0522536948978344,0.0133890752130535,0.180347411682085,0.0156664165731387,0.139164449040399,0.0122880212667394,0.157434853195985,-0.0277431368609485,0.0489886531410763,0.0361428264639577,0.22200960749325,0.0189884467773703,-0.00503200090625112,-0.071165092182772,0.0400665578889549,0.0739256964285288,-0.0714636228574727,-0.206511718946813,-0.225699111190357,-0.353365064300372,-0.159573550851729,0.146118477515392,-0.00941361505010581,0.0469543940420507,-0.0844298250946732,-0.341870035048675,0.04350541182963,0.143358153149949,-0.030846350983748,0.0952823587930549,0.117911388333071,0.0387922086745075,-0.0511100919731872,0.100745171735125
"25",0.0682351242043404,-0.0774691250997447,0.0764346957431289,-0.207108344499674,-0.0543786378921176,-0.0828014614252827,-0.0510174908069028,-0.0347647415114011,-0.36652854652493,0.025863348669489,-0.0359362320276858,-0.109888312162005,-0.00968964263342706,0.0344912034686011,-0.0425539727964066,-0.159906553871658,0.00799960085217411,-0.0346577208854522,0.0575436568039931,0.0745288836974534,0.0374040850018198,0.101680543208312,0.0351090834893195,-0.0522536948978344,1,0.00735431476764694,-0.130262549466053,-0.0293247187098119,-0.114679058307127,-0.0692166434745735,0.0220283534663798,0.0347101825491991,-0.106890292113293,0.190591567762376,-0.0212492107520478,0.155852336484151,0.0056330855685745,0.126731142491578,-0.0209194942882346,-0.0182145004236458,0.056328669159068,-0.204177372205567,-0.0977395524160196,0.126493525404847,0.0946310313910363,0.0869551778949843,0.0319790150942327,-0.027734213094946,0.0566825598640001,0.0302395116169572,-0.0331755435935491,-0.0275098032196369,0.0891198257307732,-0.0602383808393809,-0.117468703720839,0.099694864258894,0.196681795694164,-0.156400491280387
"26",0.123022511456716,0.0430950745679188,-0.15525672176717,0.182146679126486,-0.134085425130912,0.117670762666255,0.0344540280475866,0.210376291240541,0.0208353153852242,0.0996154826856112,-0.0108694848328414,0.113436728890773,-0.0585573950402558,-0.0483486619319265,0.0933082214578028,0.0621019109422914,0.035597064349213,0.0343845881735003,0.016360683451768,0.090620054427438,-0.00176617431655359,-0.196971319729132,0.0428451580181675,0.0133890752130535,0.00735431476764694,1,0.0725214609824829,-0.0875135341346565,0.0551570330867166,-0.150992060010747,-0.00875968744794105,0.053713327278989,0.152189956858655,0.214859652255875,0.253033303379714,0.0282350170008571,0.00479582200602114,0.13177865460028,0.0112471010073348,0.0519680556100058,0.115773001766325,-0.056153482886559,-0.024632903404947,-0.0144725952114832,-0.0189171159219136,0.0813072051023092,0.128300037559356,0.0410052289773947,-0.0698841900744058,0.120282340307879,-0.159122840961621,-0.0451494321526318,0.274741017136336,0.239935943346492,0.203472266866499,0.246622326426617,-0.0523843282025387,0.0321086679917905
"27",-0.0124002036976744,0.0200745411111359,0.00593850692879682,-0.0732251717863486,0.0747022462433378,-0.0365737238016225,0.0978707641033307,0.0444857391366742,0.0352128042780728,-0.0764380438299715,0.243534608742037,0.121267310636547,-0.0633505000395596,-0.0942574301413935,0.0792638910988179,-0.143232794925652,0.0152240363483095,0.0775586632274244,0.164747834308858,-0.127775660892909,-0.0400211956483477,0.0471042134696979,0.17914851763744,0.180347411682085,-0.130262549466053,0.0725214609824829,1,-0.110047533951538,0.127667292530376,0.00482975723833412,0.179617731412944,0.0255140452332875,0.315138342125967,0.227594426919699,0.043918970431386,-0.109508637082336,-0.0124271436962402,-0.239751685803621,0.0473720361343914,0.132022797850146,0.0485718771995005,-0.0160552301492099,-0.0521467795350654,0.0635334331328233,0.0540008103147734,0.211649691482492,-0.120900738115955,-0.23528821427151,-0.0758243562776028,-0.0267377678554836,0.166451565817892,-0.113438838647864,-0.0625837439950643,0.00330893675548963,0.202356413489809,-0.0820865366413509,-0.169007967113816,-0.0189630717456722
"28",-0.0216787933746021,0.00581544253543625,-0.202863649613705,-0.06682024688325,0.0746480297322361,-0.0777818986433037,0.0935003522356719,-0.205718227302206,0.0734127390546593,0.0278969051640984,0.0880179266726833,-0.184043043467863,0.171982771652827,0.0527113423392714,0.147802579184481,0.0657221483003771,0.0632771169808625,0.0574245071405875,-0.174769191895541,-0.137713596255938,-0.0403583925776548,0.0459690176611567,0.00329521363418326,0.0156664165731387,-0.0293247187098119,-0.0875135341346565,-0.110047533951538,1,-0.0151766633323666,0.0597371181935684,0.00277888953717883,-0.0991391914135019,0.10963990837429,-0.0539322857019835,0.0523840675100199,-0.0512030411846575,-0.137366734058924,0.0481446392076624,-0.0986063798703009,0.00927626945319705,-0.142049132528287,0.0858016703466829,-0.157617396394881,0.0561007381351917,-0.0106401973845897,-0.0708201381834361,0.0258649475736563,0.144145238272936,0.0850610795200842,0.173702531007388,0.182344680736829,0.00545053998761086,-0.133068174076386,0.0789300925074961,-0.0329301724867406,0.00548942242867707,0.103950995213452,-0.143084450731718
"29",-0.210723788276945,-0.0749947563568837,0.074196435670837,0.0834382047727747,0.0319254478831124,-0.266869857450247,0.126853751798977,-0.111085979852476,-0.00107645145923277,0.062372564791387,-0.064994158295625,0.138013637839744,-0.16109358194564,-0.151087852549418,-0.0331489878350153,-0.0199991868791096,0.160373894625934,-0.22307342659041,0.0529129551884598,-0.127261522846683,0.254804314573328,-0.0657941368569104,0.0790033593183621,0.139164449040399,-0.114679058307127,0.0551570330867166,0.127667292530376,-0.0151766633323666,1,-0.228651449132497,0.0334280716873412,-0.0765139682760097,-0.0740805459131871,0.0959631525947718,0.0125248952551337,0.0227389419568777,-0.151696266322001,0.0210047599005601,-0.0514174583647589,0.0466420739350702,-0.0715932606941,0.0707617743940069,-0.134795942109185,-0.019167439528683,-0.0230480919200774,-0.138181426964585,0.0388593802589082,-0.0819487733950865,-0.055314861038581,-0.126097684978429,0.224737333914216,0.0898230649829431,-0.0955560734314788,-0.0733637202798909,-0.0424230850385442,0.106609891088049,-0.0679732044560799,0.0531126606628897
"30",-0.0681054521103987,0.13582054143077,-0.044104414443441,0.0165370655337252,0.156602499044345,0.0372619959083003,-0.0398891426679898,-0.0482663542166012,-0.154755629562974,-0.0454112694231214,-0.0937848660071417,0.0283577938288344,0.0731295728220823,0.0124251420336347,-0.00697362971649107,-0.179390303074867,0.0684717614338374,0.0661639558986375,-0.110271395023688,-0.0329040352777121,-0.10096251682285,0.0429885976000121,0.230797288286351,0.0122880212667394,-0.0692166434745735,-0.150992060010747,0.00482975723833412,0.0597371181935684,-0.228651449132497,1,-0.11978334658632,-0.0549952333918162,0.0315775748470533,0.0185451203507014,-0.0614520108140248,-0.0608454327438159,-0.0149943043199924,-0.0586971505731534,0.0444411983611483,-0.0692155346849978,-0.0536983824752984,5.35919688804151e-05,-0.0259570901779919,-0.00833808233776967,0.0549993267530708,0.0502736957194631,-0.0773761263341679,0.0396552134859507,0.0957793058313484,-0.00052893428189845,0.115193066854353,0.0977940358439232,-0.0582515660389166,0.0209750303496509,0.0273230209359395,-0.021935455983111,-0.0477063454469144,-0.112803010139229
"31",0.0488897363712129,-0.0774929578517657,-0.00618641478732289,-0.0555896886250144,-0.0460222812838021,-0.00588114191295002,-0.11218758044696,-0.0305810387138822,-0.0994754800309452,-0.168847609768778,0.186436941400439,0.116840093553411,-0.0637225988472974,0.106027917859926,-0.107220807389743,-0.0598800242895976,0.0955951813306616,0.145527257068945,0.190942307761854,-0.134736083585915,0.048384072251575,0.099322297310854,0.0134577874534414,0.157434853195985,0.0220283534663798,-0.00875968744794105,0.179617731412944,0.00277888953717883,0.0334280716873412,-0.11978334658632,1,0.197322402644297,0.103141433370106,0.108747367378612,0.034540780204322,-0.054702587084009,-0.141089580816124,-0.0903461916382153,0.00994285093587251,0.0389246266925439,0.0584327899609411,0.0181771944001961,-0.066040747675713,-0.0895484333607704,0.0195817534677851,0.135388486591796,-0.158960730690019,-0.0818092569512821,0.0710908851970243,0.00115122691951825,0.115985990147173,0.0491968512930761,0.0495962808786868,-0.0469787156470864,0.00262192987028756,-0.100018785294231,0.0937647799128891,0.0433605021694276
"32",0.222565226763486,-0.0522442472979507,0.175570651424289,-0.134061926344833,-0.0496369855363974,-0.133189243510575,-0.112400068198204,0.158901711697349,-0.0895163793083803,-0.0708919721240035,0.139263565807114,-0.00454734255032435,-0.198774686777413,-0.016135425415858,0.0356592270432649,0.303539280222655,-0.0282870958532341,0.321152057846978,0.384288033853162,0.243877851110857,-0.141225166080988,-0.0523305429521232,0.0208120511380242,-0.0277431368609485,0.0347101825491991,0.053713327278989,0.0255140452332875,-0.0991391914135019,-0.0765139682760097,-0.0549952333918162,0.197322402644297,1,0.0285309040108253,0.0906684281868883,-0.0967690983727947,0.15527606193235,0.107106232408539,0.0523303029694576,0.0269993993157191,0.194695428612001,-0.221347277288372,0.0419042125702493,-0.040259463425318,-0.0160927703985127,-0.143567315179159,0.121668886864633,-0.0607961133162608,0.0164749545267581,-0.180893319370928,0.0590034179596973,-0.0105561974219741,-0.0468758903974971,0.171371003383223,-0.075946737376313,-0.160969078270004,-0.236626424080205,-0.0517847247234106,-0.221381340951809
"33",0.19659290674976,-0.0296366356209001,-0.108501362336829,-0.0260161272377151,0.0457879598238067,0.119515207844814,-0.0382655266546643,-0.105123817883596,0.119257876412376,-0.0543209050705909,0.100021417945315,0.116050137064229,0.0602073982012377,-0.116866500449646,0.258748800770316,0.0839005462386971,0.088936678756442,0.0066697673665097,0.121487943565909,-0.0847940147316154,-0.0756607721086706,-0.191670868325464,0.113616976644035,0.0489886531410763,-0.106890292113293,0.152189956858655,0.315138342125967,0.10963990837429,-0.0740805459131871,0.0315775748470533,0.103141433370106,0.0285309040108253,1,-0.122893997945875,-0.0946089781622745,0.126127937535193,-0.0643510055859116,-0.0107562026087527,0.22258125495272,-0.00819430008651547,-0.0208042476986867,-0.109693448676294,0.0183577250646649,0.140253765234804,-0.127111210489056,0.0540205608979161,-0.190632600002228,-0.0585580503956046,0.112567596554574,-0.0511810984067466,0.235801544002395,0.0659977218934764,-0.0241194332137233,0.122066112642109,0.0626324333954598,0.0702183563993619,-0.12813764253699,-0.0263765611273401
"34",-0.16939236446125,-0.0743204528239667,0.165948366551659,0.0864315987556257,-0.0654307734083166,-0.185594999757771,0.0462536846621652,-0.119327744841057,-0.0767426028385661,-0.0439221041178926,0.0232398612269619,0.0194357930208669,-0.12477068292118,0.0639783203359437,0.110673504510238,0.0697663846453042,0.0242013650236985,0.0204247165309439,-0.0206092231297821,-0.132178039628794,0.0445423445626593,0.188744010574179,-0.0648211591507296,0.0361428264639577,0.190591567762376,0.214859652255875,0.227594426919699,-0.0539322857019835,0.0959631525947718,0.0185451203507014,0.108747367378612,0.0906684281868883,-0.122893997945875,1,0.0931292195814204,0.00374536960857143,-0.0591639767532585,-0.0743681647962093,0.11824810985708,0.294841783016867,0.136400325997161,0.115077691884553,-0.129824294667185,-0.108016741300936,0.210068376792127,0.0560872532396029,0.0940852837239029,0.0888311109593424,-0.144156327253703,0.0562503639281395,0.0117773005036933,0.0505027929785937,0.0736091209404382,0.168326289587857,-0.0469812084445655,-0.0253788648541194,0.101415832967681,0.0303087875994873
"35",-0.0996126954226448,0.02971307053977,-0.0736920636355615,0.204761224658529,-0.222212116878725,0.0357390834742348,0.207675487988051,0.132055114288731,-0.0490251734318856,0.0156652629600492,0.121061029992644,0.0263251596484074,0.182100291396329,0.120840750851793,0.0141700054101852,0.178506063699775,0.240595857181687,0.016818978823692,-0.0504207375707128,0.0446664661632913,-0.0171830487173331,0.0562199896281821,0.0298453177254827,0.22200960749325,-0.0212492107520478,0.253033303379714,0.043918970431386,0.0523840675100199,0.0125248952551337,-0.0614520108140248,0.034540780204322,-0.0967690983727947,-0.0946089781622745,0.0931292195814204,1,0.0654674262178454,0.185114361450397,-0.013363884068777,0.0966361716305215,-0.0197703407803623,0.058744650615251,-0.122120139632262,0.0623603481889596,-0.204612752313476,0.161671002405076,0.0761262701225091,0.092814085899381,-0.00390712180669019,0.0824375910041463,0.0213161190150547,-0.0465525848951332,0.142921841764764,0.112067373265936,0.0875172342713251,0.101283499261319,0.129107695976503,-0.140006372853552,-0.0338522768424284
