"","l_Insular.Cortex","r_Insular.Cortex","l_Amygdal.Area","r_Amygdal.Area","l_Bed.Nucleus.of.the.Stria.Terminalis","r_Bed.Nucleus.of.the.Stria.Terminalis","l_Hippocampus","r_Hippocampus","l_Orbitofrontal.cortex","r_Orbitofrontal.cortex","l_Entorhinal.Cortex","r_Entorhinal.Cortex","l_Frontal.Association.Cortex","r_Frontal.Association.Cortex","l_Globus.Pallidus","r_Globus.Pallidus","l_Glomerular.Layer.of.the.Accessory.Olfactory.Bulb","r_Glomerular.Layer.of.the.Accessory.Olfactory.Bulb","l_Glomerular.Layer.of.the.Olfactory.Bulb","r_Glomerular.Layer.of.the.Olfactory.Bulb","l_Granule.Cell.Level.of.the.Cerebellum","r_Granule.Cell.Level.of.the.Cerebellum","l_Hypothalamic.Region","r_Hypothalamic.Region","l_Entorhinal.Cortex","r_Entorhinal.Cortex","l_Vermix.Molecular.Layer.of.the.Cerebellum","r_Vermix.Molecular.Layer.of.the.Cerebellum","l_Lateral.Molecular.Layer.of.the.Cerebellum","r_Lateral.Molecular.Layer.of.the.Cerebellum","l_Anterior.Olfactory.Bulb","r_Anterior.Olfactory.Bulb","l_Posterior.Olfactory.Bulb","r_Posterior.Olfactory.Bulb","l_Subiculum","r_Subiculum","l_Perirhinal.Area","r_Perirhinal.Area","l_PreLimbic.System","r_PreLimbic.System","l_Primary.Cingular.Cortex","r_Primary.Cingular.Cortex","l_Primary.Motor.Cortex","r_Primary.Motor.Cortex","l_Retrosplenial.Cortex","r_Retrosplenial.Cortex","l_Secondary.Cingular.Cortex","r_Secondary.Cingular.Cortex","l_Secondary.Motor.Cortex","r_Secondary.Motor.Cortex","l_Striatum","r_Striatum","l_Ventral.Tegmental.Area","r_Ventral.Tegmental.Area","l_Substantia.Nigra","r_Substantia.Nigra","l_Thalamus","r_Thalamus"
"1",1,0.0872071842664768,0.0520968202439355,-0.051752844297692,0.0370749435774819,0.189152905646571,0.192362220400928,0.159829224793517,0.191302392654879,0.152090920744374,0.101866369940242,-0.0811000965913326,0.185770922047952,-0.040320290319369,0.133119667383116,0.133900235070124,-0.0675558922141674,-0.175545370883168,-0.00445625805730517,0.0710021144844116,0.0525225614433743,0.125975811276475,0.179047952571171,0.160527407747918,-0.0551752988082876,0.0591707044129479,0.019693835203337,-0.0737731825521118,0.215813067929303,-0.0609598643501773,0.178369203604697,-0.144352202917161,0.169675233155154,0.104097757818013,-0.158310648578272,-0.00618769811276232,-0.186436676469633,0.0237396451525222,0.150448460865219,0.193710419263238,-0.169150625232725,-0.115598210692698,-0.174491546373436,-0.185490849346525,0.0698018297521362,-0.0937188072074008,0.0859225366722651,0.11643683639833,-0.136742657316541,-0.129324960505647,0.359350928138614,0.251484090174095,-0.164339371799527,-0.0403390159608146,0.00358978683870235,0.00319779227585633,0.135264327965629,0.0874616926375077
"2",0.0872071842664768,1,0.273223722620137,0.097436144704214,-0.058561394545035,-0.176172411507024,0.0680669761806337,-0.0588878076472672,0.200924380067233,0.309190059432835,0.0482089716314899,0.122343273752327,-0.0279132922732447,-0.105092121128056,0.301870082912322,0.158281864117122,-0.127500388434685,-0.170345991159969,-0.00990111836762742,0.113060571511106,-0.0553750214868554,0.152162041659289,-0.126923250986556,-0.020748101457905,0.0801686222801574,-0.138453234187851,0.055110000104635,-0.0179176167846552,0.0724146354938201,-0.0155946870771823,0.195405061442897,-0.024169180899141,0.213145566102184,0.00012559784069086,0.0387211716780334,-0.0122540965243021,0.0723997850177221,0.00586656034386559,-0.0202860289458555,-0.0201914460980488,-0.0854109089477144,0.0701176284225931,0.129260469282184,-0.0402954083539244,0.02278977975859,0.021700687122442,-0.127989275854871,-0.0508344601278371,-0.17165086455807,-0.0130547093542145,0.170955946835091,0.0730615665712448,-0.170413259590798,-0.13141604879364,0.0233327009851777,-0.0205012938816201,-0.0326927277756775,-0.13766393481868
"3",0.0520968202439355,0.273223722620137,1,-0.0843288190119786,-0.0990799707252739,-0.0474455549419458,0.0136311103282781,-0.168410524435998,-0.00670758969727178,0.182535642855082,0.236513833326161,-0.0176234324093419,0.0188714610059642,0.00553285190958871,0.157064059834469,0.0214966378565517,0.176307638817372,-0.0164354819829041,0.190440201114955,0.0567883295114083,-0.0258165770001663,-0.0848768904383876,-0.221517938921476,-0.0859011322670178,0.0320843969929974,-0.0914247936878468,-0.146744584007364,-0.012369970258556,0.158575221757935,0.0111624970833136,0.27758301770517,0.056513909128559,0.0944768919527102,0.0741997368217337,0.0038281610428141,-0.130372831459031,-0.119856272727613,-0.0445592188954888,0.0267212756032387,0.0742074771963055,-0.0926655127794787,0.118267506929982,0.010099212178173,0.060549706062849,0.169319692984167,0.0666064982448149,0.0514769382726923,0.0446861889915395,-0.166094261070937,-0.0452761805453258,-0.0456730861958586,-0.0361227539124164,-0.0787914738691173,-0.10398710434172,-0.0772384408665414,0.00483056279984634,-0.232635101135957,-0.0698148919087655
"4",-0.051752844297692,0.097436144704214,-0.0843288190119786,1,0.0463334382202822,-0.0648936608297296,0.10270902783029,0.202191167076245,-0.112222469377177,0.0791887554573185,0.092329421076868,0.356976494114846,-0.0713008956112576,-0.00352390819215397,0.115502133069796,-0.0184064223058173,0.0106693139690444,0.0705401323086182,-0.180478589810097,-0.0449784518806245,-0.0294189550724879,-0.188984866132788,0.0580528890813643,0.229475864527965,0.0253415975515158,0.224505804925381,-0.128631507476661,0.13381914098888,-0.189437551677132,-0.0513393183702191,-0.0521604559596398,-0.171950768449329,0.00243235030345829,0.0699553969383903,0.0146916517733251,0.00269926659360199,-0.0725544968442943,-0.0943912916207437,-0.200496526335261,0.0196988058870264,-0.0698487125870277,-0.0845607542707833,0.00931534378440237,-0.00894531530541266,0.1365461004483,-0.0318762018507523,-0.103992420631729,-0.116656516727974,0.0615872100934941,0.0834433608973405,0.0528901958191135,-0.0707168745905504,-0.176177118853665,-0.014511759789048,-0.239275604908719,-0.064992943602049,0.157723333711414,-0.0801867212326934
"5",0.0370749435774819,-0.058561394545035,-0.0990799707252739,0.0463334382202822,1,-0.00781611593373205,0.228741309055705,0.0560253091022038,-0.156211551283062,-0.0391489856069832,-0.0432323411318505,0.11905826859278,-0.0530265544189139,0.217818443474507,-0.0326005904094166,0.128988663897384,-0.214710171940704,-0.12550115163767,0.195853210783479,0.0500159791578975,0.227430222811037,0.0223156518497291,0.11863746033228,-0.0103059713179771,0.0351325855996118,-0.038854402687419,-0.0400916560281899,-0.146789548356921,0.0101082809701058,-0.0389213769498838,0.0263314165170931,-0.107633772575669,-0.139516136281717,0.0525907814497419,0.0328700759807113,-0.0758770926505325,-0.0234833496429879,0.0178797277616128,0.0371110183353614,0.0441791592094709,-0.144568384319872,-0.00392066896212419,-0.0782136343962951,-0.154217575096514,0.0127902757210089,0.0133405493463486,-0.0525181798284641,0.120294670815375,-0.0641680728374323,0.112373388331398,0.0498553953156021,-0.0162005318685616,0.00176932195864581,0.224084048288365,-0.0840326010359917,-0.0101495529740395,0.2063416721523,0.114425376612013
"6",0.189152905646571,-0.176172411507024,-0.0474455549419458,-0.0648936608297296,-0.00781611593373205,1,-0.0899514611827738,0.0911604789399606,-0.0663616207060735,-0.0415684232000489,-0.0406443908053805,0.027244196811882,0.157541710767606,-0.260199261157912,-0.104730835753856,0.0993111912299858,-0.0392145012366692,-0.079173570892891,0.00598616029370987,-0.274071136198662,0.0694304007568552,-0.00866488703297229,0.126204491551038,0.134760152613875,-0.0135626956233085,0.0841294508936256,-0.0729277969700358,0.180967341286803,-0.0100575456249715,-0.0272867703354677,0.0175492223502481,0.033234887108167,-0.129151039596449,-0.090629965053106,-0.123478697466286,-0.074845583771993,-0.141028778648747,-0.0134371716520361,0.117369657154911,0.0671323738780398,-0.268555679622619,-0.130608324298669,-0.0303805648462628,-0.174605937955991,-0.0761034775883578,0.0628867355449813,0.0681184816054614,0.00785515553195312,-0.0535423611182247,-0.170615119619919,-0.00364087638249929,0.092942031003871,-0.0350263595991505,-0.0110296561994795,-0.0864811473769536,0.0407372699964266,-0.0189090858872718,0.142606931061736
"7",0.192362220400928,0.0680669761806337,0.0136311103282781,0.10270902783029,0.228741309055705,-0.0899514611827738,1,0.189888682485442,0.0303993709611731,0.130265593510722,0.0687363242532656,0.115205664468449,0.0122810207098473,0.0197812273374363,0.0935375008750118,-0.012290293540119,-0.0789914595277708,-0.00274996573653495,0.191729969631024,0.24365367290854,-0.0702633086498813,-0.0145951668248181,0.197273281561379,0.197424237873523,0.0491841859187611,0.211337246822396,0.228890567207669,-0.151023061818527,0.0620781299831985,0.0101965060119557,0.0632253715026063,-0.09590747067805,0.0478577253477089,0.0972764481863386,0.0303170351991484,-0.133087300827373,0.0280961391002987,0.0107181263019974,0.198352013343148,0.112805914862794,-0.0525745203242943,0.147493883757844,-0.0405404528258444,-0.00425945887171974,0.190131747278929,0.0974617279387214,-0.00371487129007755,0.117201594622872,0.0955599338859553,0.0524064643614047,0.0931696991200848,-0.0837448882660973,0.105276750377117,0.147425725832079,0.00377379369452342,-0.042740829482639,0.243800108930095,0.16493478862416
"8",0.159829224793517,-0.0588878076472672,-0.168410524435998,0.202191167076245,0.0560253091022038,0.0911604789399606,0.189888682485442,1,-0.0688063915269043,0.016489412917074,-0.149256507116467,0.0151995986876394,-0.0508951792302847,-0.146899732298608,-0.103851633098954,0.117709100489837,0.119684912178931,0.111799138917249,-0.0416554919520169,0.0320281389478692,-0.0742308006077876,-0.133903589575411,0.23056440908928,0.13381260664698,0.192848287980664,-0.0173559816741489,-0.048787850381716,-0.112324165048159,0.0512551393954285,0.180961437007709,0.0972534351699306,-0.0727876180650681,0.157749554168954,0.048020717172478,0.0428897415160312,0.170035590786962,0.131875901886609,0.245266508996611,0.124331943117155,0.137519470687872,0.0104487521672122,0.108527662582754,-0.0332213170695195,0.014100163274383,0.062651968918055,0.090942942508442,0.12745287549109,0.155596382811894,0.0834774042838968,0.191962101986559,-0.0483202483098246,-0.00704508203363788,0.0269698786420052,0.21721333544169,-0.213107912110055,-0.0286628931809774,0.167178318652682,0.284263410721839
"9",0.191302392654879,0.200924380067233,-0.00670758969727178,-0.112222469377177,-0.156211551283062,-0.0663616207060735,0.0303993709611731,-0.0688063915269043,1,0.218882663108207,-0.160907109909731,0.0185437016417877,0.277305189922617,-0.0453569444599312,0.0739267652843818,0.0324660802319953,-0.00615493689104481,-0.0620420405338251,-0.162233240329975,0.0246649227559372,0.045730046514073,0.025902337108958,0.0143856113891976,0.149203533061585,-0.0948081420775634,-0.0928861983682971,0.174031343327818,-0.128697371710738,0.137555304299194,0.109096841438872,0.191528556399003,0.0134605077125733,0.0788617433953198,0.0759793533041256,0.0875608190438132,-0.0703524870521382,-0.110422806975841,-0.0110501420718536,0.13163772402726,0.034420119996554,0.0276517823029391,0.00374065648787647,0.10461837474762,0.0203039042333818,-0.190562304104195,-0.178025062429643,-0.0429443253344371,-0.00859251327712055,0.058722426674638,-0.00376447180584327,0.223409866278263,0.00688286605790354,-0.128534246066077,-0.0956673849590472,0.00628779808220034,0.123484344154957,-0.0045641504866184,-0.094653172024143
"10",0.152090920744374,0.309190059432835,0.182535642855082,0.0791887554573185,-0.0391489856069832,-0.0415684232000489,0.130265593510722,0.016489412917074,0.218882663108207,1,-0.0298527833387778,-0.0643493018768256,0.145544215383385,0.00147389585497215,0.101549867321521,-0.0366846006443177,0.0014035538714371,-0.16391797409909,0.112920661724099,0.219994713290298,-0.172718402932843,0.00277521308221861,0.0862168532905437,0.226568090153408,0.114140876788613,0.0773146399830058,0.0533688883522899,-0.120110934968331,-0.0483436952799923,0.0555666756103806,0.242154144898308,-0.184527872585159,0.154539392398313,-0.171734754025091,-0.0125455509258734,-0.187796262312807,-0.0633571757555897,-0.211007970907587,0.0174435174909984,-0.0976375669970588,-0.0489992312106979,0.0757867594334523,0.199425095657541,0.154471063860875,-0.0157173109408205,-0.0457360704029488,-0.129433458398787,0.120459020852699,0.0343367296942219,0.0090035152408274,0.131710715477455,-0.0113172774992915,-0.147524560549838,-0.145233458520044,-0.0956260030098345,0.139742382836712,0.13504536868998,-0.040812840197363
"11",0.101866369940242,0.0482089716314899,0.236513833326161,0.092329421076868,-0.0432323411318505,-0.0406443908053805,0.0687363242532656,-0.149256507116467,-0.160907109909731,-0.0298527833387778,1,0.274985242451045,-0.153788375022081,-0.150341698024692,0.176526481123532,-0.0223503625446839,-0.151874999518421,-0.176851955404969,0.168971967120116,-0.0668917444515456,0.0632588612981028,-0.126040201720783,-0.00788860398464106,0.00143740787219741,-0.0718380901370586,-0.00791914301932511,-0.0154060869574168,0.0385559548868524,0.0576866374052482,-0.122541754781548,0.0931284729890153,0.0366305310872733,-0.103158026149394,0.0922659064750418,-0.0569826580196978,0.0433368508773633,0.00243089504231624,-0.0300140854358383,-0.00624408592242758,-0.0896514411669079,-0.0842001642515142,-0.119370314774681,-0.020692934422609,-0.119517367347466,0.12467230753247,-0.0760238304640787,-0.0599469147828121,0.0207593429004269,-0.0854371433489723,-0.30432744573492,0.145067450501895,0.039205037494208,0.0721915787059957,-0.0590850901612654,-0.00214338104713581,0.0421150509469471,0.0567824603294416,-0.0318869589834992
"12",-0.0811000965913326,0.122343273752327,-0.0176234324093419,0.356976494114846,0.11905826859278,0.027244196811882,0.115205664468449,0.0151995986876394,0.0185437016417877,-0.0643493018768256,0.274985242451045,1,-0.0844699566913108,-0.120472479409314,0.125727765647052,-0.0786236668665533,-0.16626078433435,-0.0440500267475594,-0.052900012858304,-0.0295073337477843,0.0761573256359376,0.150678643157735,-0.088418565006837,-0.11242131905234,0.0898157885780277,0.0257583212844072,0.16536484309057,0.144375775841992,-0.110081741552073,-0.221346335106523,-0.183374862348734,-0.0549428251454501,-0.106700659315247,0.185035571142677,-0.072295247160186,0.0310118701970432,-0.0284434435009173,-0.1273903086201,0.0739007714331617,0.0256136764521622,-0.0991843424460773,-0.0189017026944342,0.18470355128317,-0.164148298196017,0.00913431988768307,0.0678106937615625,-0.161526871402492,-0.143352398505038,-0.0169866153187434,-0.0117204870948978,0.0503940798395407,0.067891270291951,-0.184380769885586,0.0473536078440489,-0.212972149475985,0.0825384761881886,-0.124346561830299,-0.0917224998054581
"13",0.185770922047952,-0.0279132922732447,0.0188714610059642,-0.0713008956112575,-0.0530265544189139,0.157541710767606,0.0122810207098473,-0.0508951792302847,0.277305189922617,0.145544215383385,-0.153788375022081,-0.0844699566913108,1,-0.00726224213420157,0.0474370053843844,0.089468339750538,0.281874392509901,-0.0833145771403497,0.0807683942392434,-0.0962564935544778,0.074725326500341,0.0848419324578311,0.161113948845169,0.153417062024883,-0.0425269830111861,-0.0192990931106405,-0.0202414807186809,-0.0443154360003156,-0.00600585378986931,0.0826203504305563,0.17117779982145,-0.0177933987878181,0.195271478485919,-0.161809516567289,-0.0712780448826969,-0.0712465232628095,-0.0164130482361551,-0.0432855152406305,0.0231924847784808,0.169698755519651,-0.0233776451338584,-0.00737829048976483,-0.0673579600527033,-0.0172069055138199,-0.0657803747307323,-0.0836819053732914,-0.0403805729873419,-0.0191368129467111,0.21442298768917,-0.0065941572042672,0.0779133103349954,0.0351490118385774,0.0114936283203934,0.0502351982977929,0.124063272480716,0.199128833533987,-0.0424467904767451,0.0208558479699359
"14",-0.040320290319369,-0.105092121128056,0.00553285190958871,-0.00352390819215397,0.217818443474506,-0.260199261157912,0.0197812273374363,-0.146899732298608,-0.0453569444599312,0.00147389585497215,-0.150341698024692,-0.120472479409314,-0.00726224213420157,1,-0.0197237516394803,0.00371518419776875,0.145124866431387,0.13754788126183,0.115521184402932,0.189811727320615,-0.0324569606192353,-0.0416178183178251,-0.0409412754578141,-0.0267343126672277,-0.0768923626859866,-0.0169579267022916,0.0187682639894891,-0.0754006591037287,-0.0912566326370548,0.0577778003014431,0.0652419367786159,-0.029711108730708,0.0957362203871013,0.0566817049917725,0.113992712229964,-0.0152588256729463,-0.0301370666348911,-0.0836138407325732,-0.0382027266293968,0.137720585911291,0.0212742625374376,0.173540893744496,-0.178152146551231,0.0848134305820678,0.00148576159333793,-0.146724153014107,-0.100926554669335,-0.186222116200259,-0.0339717888446066,0.500616540373164,0.0368809584003641,-0.152898218246912,-0.131797191912656,0.00238062677981965,-0.0388039394475736,-0.0515797856348075,-0.0933605992662744,0.00530703944928083
"15",0.133119667383116,0.301870082912322,0.157064059834469,0.115502133069796,-0.0326005904094166,-0.104730835753856,0.0935375008750118,-0.103851633098954,0.0739267652843818,0.101549867321521,0.176526481123532,0.125727765647052,0.0474370053843844,-0.0197237516394803,1,-0.0067543123076502,-0.095781400520146,-0.0432433143788162,0.0112190823854265,0.0468060181808999,0.00356157616182305,0.0493773935553799,0.00290314839835168,-0.00457249459441775,0.156290880234956,0.153505296884217,-7.49462266565222e-07,0.077243154706417,0.232972855386428,-0.139287621181949,0.115778953497047,-0.0343171349266277,0.0375782647090155,0.133534178732842,0.016879122645258,-0.0516962709367967,-0.127888290424344,0.0160733039301874,0.0821982430156168,-0.0211551159426536,-0.0110581491780443,0.051996359598259,-0.0249289173484538,-0.0207119507942369,0.144963629187111,0.0970943447780092,-0.132689686211513,-0.0443572564881152,-0.083782023942082,0.0466632805365488,0.271438597429082,0.102194672623812,0.00815637348854525,-0.0289846573050487,0.0473534201682439,0.0601903183372035,-0.00921997022312065,-0.0905302779724597
"16",0.133900235070124,0.158281864117122,0.0214966378565517,-0.0184064223058173,0.128988663897384,0.0993111912299858,-0.012290293540119,0.117709100489837,0.0324660802319953,-0.0366846006443177,-0.0223503625446839,-0.0786236668665533,0.089468339750538,0.00371518419776875,-0.0067543123076502,1,0.14945555442201,-0.0456289696772497,-0.0606031672597927,0.0592604809522141,0.125391752029904,0.0667025650601902,-0.0412223065598199,0.0566234494126033,-0.152894287637391,-0.0875560907901757,-0.223485323324183,-0.0871147932298513,0.133379708525703,-0.0848769297099228,0.109612693737145,0.135274372191821,0.103359400706431,0.0296407873221566,0.109308471235995,0.167581651186528,0.168603077951936,0.121069977971453,0.048908150345041,0.0157608657213934,0.143458028069378,0.0769678091169802,-0.161051142749862,-0.141235034134911,0.054359573899389,-0.0170634064920543,0.12773192984786,-0.0777270749213025,0.0502153777823544,-0.0900251716233693,-0.0185242600584998,0.185574339589539,-0.0406555858270733,-0.012775829423941,0.00719007231040881,-0.0357755840790827,-0.0418716800407391,0.108116037970646
"17",-0.0675558922141674,-0.127500388434685,0.176307638817372,0.0106693139690444,-0.214710171940704,-0.0392145012366692,-0.0789914595277708,0.119684912178931,-0.00615493689104481,0.0014035538714371,-0.151874999518421,-0.16626078433435,0.281874392509901,0.145124866431387,-0.095781400520146,0.14945555442201,1,0.331580260991382,0.157905752669461,-0.00094917368390289,-0.0966328719312223,0.0841461811429236,-0.0504333206341843,0.09968780643742,0.00271488686373719,0.0829577155562914,-0.113776585194973,-0.0813180339803068,-0.0650627834392907,0.0620647220564557,0.0909852145719834,0.187452338521793,0.133498738098648,-0.0639660890736052,0.0325194730101289,-0.00980208955522838,0.0703199940220771,0.0914241018774127,-0.14263075273982,0.105173017680991,0.180916746922652,0.097788604896548,0.0235947807225957,0.0783243117745193,0.0150306234719751,0.0616691355192275,0.238327065974395,0.0649783186940713,0.362473466161275,0.179188757339375,-0.140097640680177,-0.0712642873622519,0.0441239024605615,0.0169724915234356,-0.0722744540260483,0.161439062319138,-0.132150051130185,0.0518997118634695
"18",-0.175545370883168,-0.170345991159969,-0.0164354819829041,0.0705401323086182,-0.12550115163767,-0.079173570892891,-0.00274996573653495,0.111799138917249,-0.0620420405338251,-0.16391797409909,-0.176851955404969,-0.0440500267475594,-0.0833145771403496,0.13754788126183,-0.0432433143788162,-0.0456289696772497,0.331580260991382,1,-0.04470102958359,0.156438507526617,0.0585264236503806,0.083332032232245,-0.101010938332107,-0.145741739043801,-0.109377442695972,0.134457016808223,-0.145252388236291,0.0803033013774105,-0.0209468495024777,0.192824782288108,-0.0540682768729705,0.180687891034433,0.129407227046109,0.146410316462743,-0.0265390095649993,-0.0544995821760432,0.0665451116754803,0.0204266250363133,0.012084190899191,0.142785958310273,0.183496331303229,0.032409504885777,0.0828947490921054,0.118470888533827,-0.0764923277321754,0.0143632280334384,0.231158154204055,0.0794218129083591,0.195257509083858,0.426376867428031,-0.157314442421283,-0.117604142642588,-0.0264578316848311,-0.0279534929646797,-0.105149769775585,-0.082003585928468,-0.103600371706099,0.18649468714758
"19",-0.00445625805730517,-0.00990111836762742,0.190440201114955,-0.180478589810097,0.195853210783479,0.00598616029370987,0.191729969631024,-0.0416554919520169,-0.162233240329975,0.112920661724099,0.168971967120116,-0.052900012858304,0.0807683942392434,0.115521184402932,0.0112190823854265,-0.0606031672597927,0.157905752669461,-0.04470102958359,1,0.0604177906443737,-0.0894487747937292,-0.104306394742648,0.00054408092551363,0.0160884099763286,-0.155622554763016,-0.171245503824321,0.00326111810723258,-0.00498260717178453,-0.0251696789584233,0.21717909437241,0.379336096387591,-0.143607883923651,-0.026673831435026,-0.0687520926846762,0.0431659599145985,-0.0292839749221975,0.181702063320629,0.0678186113247064,0.0968020105278669,0.123868718187124,0.042838611751178,0.0495829695156654,0.113764726701017,-0.104684028914228,0.054469454737116,0.0587843855524529,0.170057044933466,0.204020552599964,0.0698924828642943,-0.125894762742118,0.0694651286022778,-0.0522437916499765,-0.0772876750123978,-0.183875720187059,-0.0690511312872232,0.0416228116266371,0.0711396924059689,0.0940531462269158
"20",0.0710021144844116,0.113060571511106,0.0567883295114083,-0.0449784518806245,0.0500159791578975,-0.274071136198662,0.24365367290854,0.0320281389478692,0.0246649227559372,0.219994713290298,-0.0668917444515456,-0.0295073337477843,-0.0962564935544778,0.189811727320615,0.0468060181808999,0.0592604809522141,-0.00094917368390289,0.156438507526617,0.0604177906443737,1,-0.216352137103302,0.0485779311388849,-0.071741115933326,-0.110625352558086,0.0703113887160679,-0.091938410981294,0.169904017790523,-0.153867969631937,0.0345801798443563,0.0956955925704916,0.132916465679647,0.145578399359498,0.113808732783601,0.301500877456668,-0.00054382971062342,-0.0114183810442578,0.115834350554532,0.0655755064337017,0.0853106972403425,0.0183611152760829,-0.0491317124321059,0.128594680118729,0.0771666003173841,0.21686014180468,-0.00151482972664798,-0.148881558691783,0.155977471815615,0.123247421984857,-0.00121446754743914,0.106405580986197,0.00607687878773826,-0.112428836341936,-0.162412347351618,0.129718419480317,-0.176928825322423,0.0730114312386185,0.23048322182172,0.144206975899298
"21",0.0525225614433742,-0.0553750214868554,-0.0258165770001663,-0.0294189550724879,0.227430222811037,0.0694304007568552,-0.0702633086498813,-0.0742308006077876,0.045730046514073,-0.172718402932843,0.0632588612981028,0.0761573256359376,0.074725326500341,-0.0324569606192353,0.00356157616182305,0.125391752029904,-0.0966328719312223,0.0585264236503806,-0.0894487747937292,-0.216352137103302,1,-0.0502191922658384,0.00534823957834213,0.0115959071978579,-0.105954790670727,0.0974700185814246,-0.0646855849740298,0.0717852203962735,-0.043545794126183,0.00519447076716434,-0.0411100349788174,0.00229325579366138,-0.124847760506473,-0.0613039699600125,0.106558722686534,-0.075894248611512,-0.084803495929048,-0.00557449498508151,0.0228474394645978,0.137037981144891,0.0577958271260243,-0.0418324612606364,-0.00802037074446579,-0.0442289167057783,-0.0286583042356305,0.07473068788863,-0.157623806646886,0.118489435380616,0.0214488531393213,0.0155365230927767,-0.0187288514056256,0.284024601776981,0.233346936197033,0.119073663772723,0.106377061624783,-0.0510187687074911,-0.110792107319794,0.0331571860759848
"22",0.125975811276475,0.152162041659289,-0.0848768904383876,-0.188984866132788,0.0223156518497291,-0.00866488703297229,-0.0145951668248181,-0.133903589575411,0.025902337108958,0.00277521308221861,-0.126040201720783,0.150678643157735,0.0848419324578311,-0.0416178183178251,0.0493773935553799,0.0667025650601902,0.0841461811429236,0.083332032232245,-0.104306394742648,0.0485779311388849,-0.0502191922658384,1,-0.0118651511160473,-0.195118534722299,0.062420975156929,0.0716061405547807,0.0705092297271877,0.00349501295607157,-0.105679256297791,-0.123911819359633,-0.0507008717225491,-0.110209471635333,0.0773940783311871,-0.166531806721428,-0.124539658856559,0.068469161425277,0.00706441846259903,-0.0312644258657676,-0.095043018952304,-0.0565566264508788,0.0500288882306633,-0.00712231422077482,0.0103525674381971,-0.0331019990904221,0.0446707779242335,0.212057967553743,0.0727997497575826,0.0425392989692457,0.0818136253161326,0.0750734577628251,0.0445526729718183,0.094992632249924,-0.0385207925999913,-0.00118660583650178,0.0498267357957475,0.0263296134588781,0.00111120580221113,-0.128229840420397
"23",0.179047952571171,-0.126923250986556,-0.221517938921476,0.0580528890813643,0.11863746033228,0.126204491551038,0.197273281561379,0.23056440908928,0.0143856113891976,0.0862168532905437,-0.00788860398464106,-0.088418565006837,0.161113948845169,-0.0409412754578141,0.00290314839835168,-0.0412223065598199,-0.0504333206341843,-0.101010938332107,0.00054408092551363,-0.071741115933326,0.00534823957834213,-0.0118651511160473,1,0.542718163480128,0.306701689401209,0.15655198162472,0.0638673377768212,0.0877202285727807,0.0545224381731887,0.026301950476882,0.0135189032121701,-0.148264169901915,0.0637970275173954,-0.193869249043162,-0.0598242905132345,-0.0616058155522513,-0.0349447534624605,-0.0383903051519892,-0.0570005403444948,0.0653730700711927,-0.0984109289869442,0.027371911923511,0.0343779789357221,-0.0479721899957435,0.00989593546041348,-0.0504559328472962,-0.0195453073819576,0.0555265649075532,0.222420345148602,0.0149094235108582,-0.0886315213472672,-0.111376524093608,0.10876346759296,0.129853651607929,0.0127100529527607,0.128084961146894,0.325968939931872,0.0829309916920047
"24",0.160527407747918,-0.020748101457905,-0.0859011322670178,0.229475864527965,-0.0103059713179771,0.134760152613875,0.197424237873523,0.13381260664698,0.149203533061585,0.226568090153408,0.00143740787219741,-0.11242131905234,0.153417062024883,-0.0267343126672277,-0.00457249459441775,0.0566234494126033,0.09968780643742,-0.145741739043801,0.0160884099763286,-0.110625352558086,0.0115959071978579,-0.195118534722299,0.542718163480128,1,0.0627161268162048,0.315311545034768,0.0930828094359275,-0.0326657405685086,0.0261863903679394,0.0277208127270885,0.103972280327751,-0.1037669712157,0.0113887921673587,-0.0677771480660587,-0.163212864411951,-0.124714948948633,-0.188249734321543,0.0104371917875101,-0.179057990210552,0.0738133662677896,-0.00884188354589974,0.0470536661408874,0.0523672585234792,-0.0314208808212378,-0.0406185068002652,-0.00978737695574681,-0.0964389080418413,0.116816938072396,0.323270519666079,-0.00064700243854802,-0.0842925185791436,-0.205481296984792,0.0653516642955858,0.0772618513430957,0.0190063213690236,0.100964310694634,0.263334904218633,-0.00744530612425843
"25",-0.0551752988082876,0.0801686222801574,0.0320843969929974,0.0253415975515158,0.0351325855996118,-0.0135626956233085,0.0491841859187611,0.192848287980664,-0.0948081420775634,0.114140876788613,-0.0718380901370586,0.0898157885780277,-0.0425269830111861,-0.0768923626859866,0.156290880234956,-0.152894287637391,0.00271488686373719,-0.109377442695972,-0.155622554763016,0.0703113887160679,-0.105954790670727,0.062420975156929,0.306701689401209,0.0627161268162048,1,0.136417420246976,-0.0144820016186158,0.0444551865764067,0.0159078407930463,-0.0246926333451981,-0.111113211134128,-0.0278441294720523,0.127983375558578,0.0499374649217701,0.0214407128427953,0.117861168123768,-0.144193228682467,-0.0988921105195949,0.0305928866813371,-0.0148221067672233,-0.0461738890677415,0.116890346269877,0.151387929464813,0.0855131134825773,0.0641611904469421,0.188725751828731,0.00880609706704432,0.0811215299839635,0.0120919692498905,0.0738288501508962,-0.0253260594141041,0.0519910107941419,0.0408548031893423,0.162263117926096,-0.0124449108480829,-0.0174016527365708,0.0675708270346232,-0.0157935310994286
"26",0.0591707044129479,-0.138453234187851,-0.0914247936878468,0.224505804925381,-0.038854402687419,0.0841294508936256,0.211337246822396,-0.0173559816741489,-0.0928861983682971,0.0773146399830058,-0.00791914301932511,0.0257583212844072,-0.0192990931106405,-0.0169579267022916,0.153505296884217,-0.0875560907901757,0.0829577155562914,0.134457016808223,-0.171245503824321,-0.091938410981294,0.0974700185814246,0.0716061405547807,0.15655198162472,0.315311545034768,0.136417420246976,1,0.134511888344224,-0.081138070026341,-0.219515813904697,-0.148349583695687,-0.285867316023992,-0.0269686766782287,0.00973943837559543,0.056068249470411,-0.0682652639190272,-0.1664269104528,-0.234574797219064,-0.244891364102067,-0.0240159945672411,0.074254991683499,-0.00889889770127656,-0.007161630303595,-0.0156457455363492,0.0628205118916154,-0.0126648546597319,0.206125281220364,-0.0245777024073023,0.107587124198986,0.199517143869863,0.181668784917044,0.068306734208423,-0.0141901055303948,0.187793394625143,0.262499788249167,0.181783040131785,0.0845454848178545,0.0818941165975184,0.0485088049305518
"27",0.019693835203337,0.055110000104635,-0.146744584007364,-0.128631507476661,-0.0400916560281899,-0.0729277969700358,0.228890567207669,-0.048787850381716,0.174031343327818,0.0533688883522899,-0.0154060869574168,0.16536484309057,-0.0202414807186809,0.0187682639894891,-7.49462266565222e-07,-0.223485323324183,-0.113776585194973,-0.145252388236291,0.00326111810723258,0.169904017790523,-0.0646855849740298,0.0705092297271878,0.0638673377768212,0.0930828094359275,-0.0144820016186158,0.134511888344224,1,0.0299402816408483,0.111259672226993,0.0792078761046799,-0.15664421377239,-0.0593008009187114,0.0316462350475672,-0.0426488119645536,-0.0715835711104874,-0.0895829285035633,0.016044290763816,0.0221335624165281,0.0994273317399361,-0.0614121100786125,-0.11651123021522,0.076639848325306,0.147929599431689,0.0525039101087521,-0.132132080995262,0.123038722517388,-0.0837124052021262,-0.0849402108419854,0.0248590703438716,0.0718270891100527,-0.0198814743451053,-0.110832650443023,0.168763608818956,0.100942652717602,0.147692085644939,0.181392421580566,0.134251217361776,0.00830773564030949
"28",-0.0737731825521118,-0.0179176167846552,-0.012369970258556,0.13381914098888,-0.146789548356921,0.180967341286803,-0.151023061818527,-0.112324165048159,-0.128697371710738,-0.120110934968331,0.0385559548868524,0.144375775841992,-0.0443154360003156,-0.0754006591037287,0.077243154706417,-0.0871147932298513,-0.0813180339803068,0.0803033013774105,-0.00498260717178453,-0.153867969631937,0.0717852203962735,0.00349501295607158,0.0877202285727807,-0.0326657405685086,0.0444551865764067,-0.081138070026341,0.0299402816408483,1,0.148149126058086,-0.0470039801290455,0.0625056605696733,-0.0249160719238142,0.0696860342608105,-0.0434141879330102,-0.0572387754792456,0.100463731798542,-0.0611983692117731,0.0295543733970979,-0.00925553453808589,0.0239862459870377,-0.0215232663450114,-0.061434651176793,0.0243088344826688,-0.0498469018772527,0.172963490448432,0.227017628645554,-0.0972216307022395,-0.163759817636048,0.0113126878523757,-0.00843495012741621,-0.15582994922587,-0.0851976074692893,-0.0885531278234809,-0.0980683494894184,-0.108178089038219,0.0543120009690064,0.0653259080040911,-0.0738281580035674
"29",0.215813067929304,0.0724146354938201,0.158575221757935,-0.189437551677132,0.0101082809701058,-0.0100575456249715,0.0620781299831985,0.0512551393954285,0.137555304299194,-0.0483436952799923,0.0576866374052482,-0.110081741552073,-0.00600585378986931,-0.0912566326370548,0.232972855386428,0.133379708525703,-0.0650627834392907,-0.0209468495024777,-0.0251696789584233,0.0345801798443563,-0.043545794126183,-0.105679256297791,0.0545224381731887,0.0261863903679394,0.0159078407930463,-0.219515813904697,0.111259672226993,0.148149126058086,1,0.162125824182817,0.181269553839177,-0.0183756791310054,0.242436624862035,0.0661572609767036,0.023977366955324,0.114690713374145,0.057191879755101,0.184678436726184,0.174187914887904,-0.0890980411917169,0.00602981814455727,0.0813678605555928,-0.0875275488564799,-0.184989030675732,0.00882844237239263,-0.0739388370302839,0.177353271823193,-0.0258077270916124,-0.123918671016776,-0.0556721491629934,-0.00039871164885211,-0.0774390495216703,0.0504201267115648,-0.221723885545081,-0.0358818546188121,-0.135640279274152,-0.0814204607957252,0.0794582594863053
"30",-0.0609598643501773,-0.0155946870771823,0.0111624970833136,-0.0513393183702191,-0.0389213769498838,-0.0272867703354677,0.0101965060119557,0.180961437007709,0.109096841438872,0.0555666756103806,-0.122541754781548,-0.221346335106523,0.0826203504305563,0.0577778003014431,-0.139287621181949,-0.0848769297099228,0.0620647220564557,0.192824782288108,0.21717909437241,0.0956955925704916,0.00519447076716434,-0.123911819359633,0.026301950476882,0.0277208127270886,-0.0246926333451981,-0.148349583695687,0.0792078761046799,-0.0470039801290455,0.162125824182817,1,0.182472678225015,0.0608749810711035,0.232264206615287,0.0623183508302558,0.171567804534204,0.0782423213163573,0.115311673755525,0.111209066995378,0.247466170025232,0.176160512357364,0.229437024472762,0.187021838451594,-0.143627204189987,0.254266095601163,-0.157398603779019,-0.0588684184505269,0.101184795963851,-0.0205206071787558,-0.0341777771393734,0.156683244582528,-0.098695730660429,-0.0631128151109718,-0.135786609394151,-0.0214772303810596,-0.0782328760484584,-0.250225446782817,-0.00581922871849512,0.0198754531972816
"31",0.178369203604697,0.195405061442897,0.27758301770517,-0.0521604559596398,0.0263314165170931,0.0175492223502481,0.0632253715026063,0.0972534351699306,0.191528556399003,0.242154144898308,0.0931284729890153,-0.183374862348734,0.17117779982145,0.0652419367786159,0.115778953497047,0.109612693737145,0.0909852145719834,-0.0540682768729705,0.379336096387591,0.132916465679647,-0.0411100349788174,-0.0507008717225491,0.0135189032121701,0.103972280327751,-0.111113211134128,-0.285867316023992,-0.15664421377239,0.0625056605696733,0.181269553839177,0.182472678225015,1,-0.0489357793268159,0.0822863773966792,0.0848672165376528,-0.136179408373639,-0.0337274730739663,0.112502319728463,0.216568220970904,0.151606497696164,0.085140935082777,0.0740242358325391,0.114070028776076,-0.0105162608761989,-0.118952807665843,0.0367223430722766,-0.0389851205930631,-0.0350399202893352,0.0169675807810747,0.0420075734825322,-0.0432646463198069,0.0539141716699448,-0.0842524328373401,-0.230246808882801,-0.17840373686794,-0.247811358403277,-0.00757800196108827,0.0268338226714806,0.0847741575309601
"32",-0.144352202917161,-0.024169180899141,0.056513909128559,-0.171950768449328,-0.107633772575669,0.033234887108167,-0.09590747067805,-0.0727876180650681,0.0134605077125733,-0.184527872585159,0.0366305310872733,-0.0549428251454501,-0.0177933987878181,-0.029711108730708,-0.0343171349266276,0.135274372191821,0.187452338521793,0.180687891034433,-0.143607883923651,0.145578399359498,0.00229325579366138,-0.110209471635333,-0.148264169901915,-0.1037669712157,-0.0278441294720523,-0.0269686766782287,-0.0593008009187114,-0.0249160719238142,-0.0183756791310054,0.0608749810711035,-0.0489357793268159,1,0.0354901429750348,0.167554819597584,0.115030116703672,0.0672143663366154,0.00542142869439114,-0.0425849637201252,0.129728865241761,0.110204886684502,0.21216226882365,0.179167525329368,-0.237705542175794,0.0761887597193541,0.0269413616954707,-0.00104851136996868,0.206843847379777,0.041317336227029,0.0493987842558116,-0.0127073149864905,0.0219924516496959,0.100578413933171,0.0390982575529833,0.190008404445555,0.131035926499752,0.0204277035847669,-0.0230425444377244,-0.0346364956299131
"33",0.169675233155154,0.213145566102184,0.0944768919527102,0.00243235030345829,-0.139516136281717,-0.129151039596449,0.0478577253477089,0.157749554168954,0.0788617433953198,0.154539392398313,-0.103158026149394,-0.106700659315247,0.195271478485919,0.0957362203871013,0.0375782647090155,0.103359400706431,0.133498738098648,0.129407227046109,-0.026673831435026,0.113808732783602,-0.124847760506473,0.0773940783311871,0.0637970275173954,0.0113887921673587,0.127983375558578,0.00973943837559543,0.0316462350475672,0.0696860342608105,0.242436624862035,0.232264206615287,0.0822863773966792,0.0354901429750348,1,-0.0259871325240802,0.031842704339516,0.0534949780497921,0.077186377237803,0.061287695213403,0.248091550809513,0.139172098219328,0.0460914638703751,0.272013424339297,-0.141369298123155,0.0792217403596494,-0.00268814572201151,-0.153374153224435,0.0889071239879277,-0.0740551128753025,-0.00466922253055756,0.194403017498886,0.254491171323517,0.0971145003835389,0.035972690543398,-0.00354370002489529,-0.00484166550967039,0.00577016804347319,-0.212706770296068,0.00684639636693092
"34",0.104097757818013,0.00012559784069086,0.0741997368217337,0.0699553969383903,0.0525907814497419,-0.090629965053106,0.0972764481863386,0.048020717172478,0.0759793533041256,-0.171734754025091,0.0922659064750418,0.185035571142677,-0.161809516567289,0.0566817049917725,0.133534178732842,0.0296407873221566,-0.0639660890736052,0.146410316462743,-0.0687520926846762,0.301500877456668,-0.0613039699600125,-0.166531806721428,-0.193869249043162,-0.0677771480660587,0.0499374649217701,0.056068249470411,-0.0426488119645536,-0.0434141879330102,0.0661572609767036,0.0623183508302558,0.0848672165376528,0.167554819597584,-0.0259871325240802,1,-0.0634837705836902,0.0471809209010447,0.0341943180614529,0.0876533611934132,0.166731517256348,0.239852558670257,-0.0813861652217857,0.0976748042172123,-0.0704411345465187,0.0108348050690295,-0.0192324005849132,0.0457413534948534,-0.0577914381534941,-0.165748974220761,-0.107400823699693,-0.0110032122782807,0.143911832865018,0.0677468738466896,-0.202509989906114,0.130916519346891,-0.0290796982835068,-0.103847014020542,0.0190559131266326,0.174366998701474
"35",-0.158310648578272,0.0387211716780334,0.0038281610428141,0.0146916517733251,0.0328700759807113,-0.123478697466286,0.0303170351991484,0.0428897415160312,0.0875608190438131,-0.0125455509258734,-0.0569826580196978,-0.072295247160186,-0.0712780448826969,0.113992712229964,0.016879122645258,0.109308471235995,0.0325194730101289,-0.0265390095649993,0.0431659599145985,-0.00054382971062342,0.106558722686534,-0.124539658856559,-0.0598242905132345,-0.163212864411951,0.0214407128427953,-0.0682652639190272,-0.0715835711104874,-0.0572387754792456,0.023977366955324,0.171567804534204,-0.136179408373639,0.115030116703672,0.031842704339516,-0.0634837705836902,1,0.22169019596229,0.200611924321318,-0.0758543608769433,0.0863465107345675,-0.00641458797033532,0.146094763088706,0.265919288743635,-0.140872210034807,0.241018511710904,0.134005463698753,0.0863849690463887,0.116088219299142,0.0653250707799867,-0.0939543271953017,0.0465183861567195,-0.00106461186725873,0.126582562586599,0.0428147051057285,-0.0210979261033792,-0.08152949195547,-0.182201512418047,0.00259255985267453,-0.0210572119678195
