"","l_Insular.Cortex","r_Insular.Cortex","l_Amygdal.Area","r_Amygdal.Area","l_Bed.Nucleus.of.the.Stria.Terminalis","r_Bed.Nucleus.of.the.Stria.Terminalis","l_Hippocampus","r_Hippocampus","l_Orbitofrontal.cortex","r_Orbitofrontal.cortex","l_Entorhinal.Cortex","r_Entorhinal.Cortex","l_Frontal.Association.Cortex","r_Frontal.Association.Cortex","l_Globus.Pallidus","r_Globus.Pallidus","l_Glomerular.Layer.of.the.Accessory.Olfactory.Bulb","r_Glomerular.Layer.of.the.Accessory.Olfactory.Bulb","l_Glomerular.Layer.of.the.Olfactory.Bulb","r_Glomerular.Layer.of.the.Olfactory.Bulb","l_Granule.Cell.Level.of.the.Cerebellum","r_Granule.Cell.Level.of.the.Cerebellum","l_Hypothalamic.Region","r_Hypothalamic.Region","l_Entorhinal.Cortex","r_Entorhinal.Cortex","l_Vermix.Molecular.Layer.of.the.Cerebellum","r_Vermix.Molecular.Layer.of.the.Cerebellum","l_Lateral.Molecular.Layer.of.the.Cerebellum","r_Lateral.Molecular.Layer.of.the.Cerebellum","l_Anterior.Olfactory.Bulb","r_Anterior.Olfactory.Bulb","l_Posterior.Olfactory.Bulb","r_Posterior.Olfactory.Bulb","l_Subiculum","r_Subiculum","l_Perirhinal.Area","r_Perirhinal.Area","l_PreLimbic.System","r_PreLimbic.System","l_Primary.Cingular.Cortex","r_Primary.Cingular.Cortex","l_Primary.Motor.Cortex","r_Primary.Motor.Cortex","l_Retrosplenial.Cortex","r_Retrosplenial.Cortex","l_Secondary.Cingular.Cortex","r_Secondary.Cingular.Cortex","l_Secondary.Motor.Cortex","r_Secondary.Motor.Cortex","l_Striatum","r_Striatum","l_Ventral.Tegmental.Area","r_Ventral.Tegmental.Area","l_Substantia.Nigra","r_Substantia.Nigra","l_Thalamus","r_Thalamus"
"1",1,-0.288975419562682,-0.0942696284493561,0.0361802778578171,0.0412455847262175,-0.0410979618005343,0.308804906559231,-0.0947846673751274,-0.0456742820479529,0.00159346195859846,0.133719638990423,-0.00478407282115494,-0.0875524218025973,-0.0423625942157007,0.131230046412288,-0.116162935406327,-0.0898835567137091,-0.0443048272345459,-0.128481866534217,0.0248390634642426,0.0890192667126421,0.00665827788277518,-0.0238436402821659,-0.0353421419644036,0.016052935188126,0.165093551101265,0.0998661482841632,-0.00607359637791529,0.119888768898133,-0.128996946393843,-0.187414709881495,-0.0931690588827115,0.237010194618758,-0.189131067133126,0.240264495419136,0.086180878515136,0.102193790611811,-0.240940645755057,-0.0492373438117564,-0.255292585164038,-0.315691383258225,-0.337200395679773,-0.328975553374418,-0.112506556815613,-0.101348121300865,0.0559521690487076,-0.236308689429338,-0.184865413676677,-0.374355487059517,-0.181193530177151,0.150851198201802,0.265542900282589,-0.155070930641748,-0.050856975644041,0.0132211116022389,0.0668123409146963,0.161074379813354,-0.0400398447597006
"2",-0.288975419562682,1,0.226072962687836,-0.00494181483567622,-0.126153225868042,-0.193912190464638,-0.232712318979344,0.556370131363641,0.3836859813003,0.196148260570607,0.229863381810243,0.225568649076094,-0.0322900361797238,-0.149474044413989,-0.140678889345371,-0.0848505809020642,-0.00634419020505581,-0.245482954757223,0.0763665829805494,-0.232981866179369,0.166447491108061,-0.0450146744123324,-0.123285241660178,-0.241687777031497,-0.147751945026964,-0.132228047518484,0.0172409878486671,0.166624939448897,-0.076193088887855,-0.0847009794734146,0.0221336822610863,0.0566821303700862,-0.258576252669679,0.196544988050226,-0.162277598145323,0.331164158057906,-0.115809675288729,0.125001155524195,0.128677505974694,0.429295195550653,0.268350225957642,0.202426068762652,0.296880591645572,0.0699194992578381,0.0100159888083556,-0.0284162093667148,0.254218548851634,0.215262322322118,0.251831103191163,-0.17088338897742,-0.0876082407566006,0.109188151003431,-0.0352979577812558,-0.0967864718523368,-0.209847169970187,-0.139332463610843,-0.404164188128759,0.0301164778560498
"3",-0.0942696284493562,0.226072962687836,1,-0.141869468118499,-0.0764118761675025,-0.0387575480461183,-0.214595144388889,0.089011885286952,0.177389981530645,0.0113709942543232,0.117823056282241,0.12769839567965,0.208170433223265,-0.00015194986176633,0.0209497913774141,-0.127614529997722,0.100621141512425,0.0468881236659006,-0.0287745966618705,-0.141816847161958,0.116415695785008,0.0136873767260063,0.0124682425974749,-0.0687858076957933,-0.0106875114852604,-0.0347672450093037,0.209844916275254,0.0691573390645769,0.0514444497053557,0.066814908660164,-0.045715855682747,0.0562722764086548,-0.0995031631854625,0.179679826220246,0.00062997987802646,0.129857511884296,0.0386679382487409,-0.0191778241969541,-0.00993106739838938,0.0533140099700415,0.0507296728793515,0.0393236976165786,0.17309144425235,-0.0239732312429273,0.0742307314433732,-0.0984520020891832,0.0678195474502823,0.00637441631238933,0.188749032346364,-0.0969083923444258,-0.0423073409010291,0.0919357090904191,-0.0541594652268496,0.0434798329994017,-0.098744001336704,-0.0933007764233809,-0.0737921393192429,-0.0955337630406546
"4",0.0361802778578171,-0.00494181483567622,-0.141869468118499,1,-0.0567780414062136,-0.0574473079101034,0.182974264831168,0.0951478042555016,0.0585239929410291,0.00991604927540609,-0.0787762121354104,0.134787586766988,-0.0773033217157914,0.0545052571816081,-0.210365421234585,0.0447247175178769,-0.102105467029848,-0.0216995306586452,0.0294485365801609,0.059754173036591,0.00056370139448669,-0.0744508127198034,-0.171636551874739,-0.146112963531572,-0.112709943486168,-0.0943220825472006,-0.21070135703985,-0.151846167296433,-0.0926724919355359,0.034474626657667,-0.122316273749266,-0.162493949029147,0.122295243367443,0.0542956970009494,-0.0137810123235794,0.0392031622153363,0.055535070219696,-0.0385492635692143,0.0464576240166609,0.0407657840405669,0.0440764161296498,0.0159149530456067,0.0604411167760349,0.0500310292870811,-0.0510416088098043,-0.0870421669379651,0.179108844767011,0.0983567358414092,-0.141041756459749,-0.0162459907404186,0.0927903692194314,0.0800015982034121,-0.0629916579397694,-0.165504284320524,-0.226681293561686,0.011468802737615,0.00047222907438656,-0.0378204363254406
"5",0.0412455847262175,-0.126153225868042,-0.0764118761675025,-0.0567780414062136,1,0.59689058321187,0.0656520360300449,-0.169057731166197,-0.00632924869447993,0.0530150840448037,0.0379909531254354,-0.168838763619515,0.134430742675334,0.234302266947054,0.347470352303445,0.467601221923374,0.23738626324329,0.312577485506381,0.323535792587272,-0.134930917812631,0.318979132271738,0.0622215910970365,0.60171989454018,0.425194081955574,0.024961054700392,-0.0152359572876002,0.0197893461310619,0.0291314643207532,0.0592591039629824,0.210433151367467,0.331848769412251,0.253488020633977,0.0809914854506649,0.137359595945624,0.00138853103777743,0.126842174813715,0.0332895027586266,0.0714761124807558,-0.0245979827036702,-0.0690615608834714,0.0406883924723485,0.100827119877496,0.234154993261001,0.198571731008307,0.0887754143959655,-0.00416083948285887,-0.348991322014756,-0.113584297769614,0.205834321235207,0.346527425998781,0.310363855613698,0.132994448482734,0.154411023311645,0.120602775577854,0.0705241822715717,-0.0204973789053241,0.584500641857968,0.344589765649239
"6",-0.0410979618005343,-0.193912190464638,-0.0387575480461183,-0.0574473079101034,0.59689058321187,1,-0.0403917359309454,-0.243465015804539,-0.0746489271408529,-0.0459079618756719,-0.0409393742317458,-0.180395408724897,0.272663517017307,0.0533526179944434,0.280377044500359,0.39303434474942,0.302823210501634,0.297482100857406,0.104488042547543,0.110747397098215,0.119272858063277,0.0144012164461439,0.478955835655761,0.397985598062457,0.110193246853469,0.0973572808864465,-0.0534073214424265,-0.0717119268750203,0.0828071242782075,0.0288878209274777,0.202868378874811,0.141630546924416,0.194569631184904,0.208127053605679,-0.131618666158282,-0.111798450372896,0.0365994885741351,0.00289305733533912,-0.0521789114073325,-0.0474882861106121,-0.0337877671213598,-0.008464524550129,0.194917469273089,0.0660777016385383,0.0659375592453337,-0.106211814313509,-0.338367204275115,-0.26273531564882,0.246689609499475,0.246596960077086,0.150801746762272,0.152085734025382,0.0791232367684093,0.131943455445176,0.151454344541171,-0.0564841050668581,0.500621521736819,0.251732222440993
"7",0.308804906559231,-0.232712318979344,-0.214595144388889,0.182974264831168,0.0656520360300449,-0.0403917359309454,1,-0.096645978928382,-0.121121013099723,0.110922292294435,-0.146421988087892,-0.12893569801074,0.0595345030398105,0.0723447267626962,0.128355158002642,0.00098303082148905,-0.100404968511581,0.0774196753456814,0.207973045660159,0.186021780577426,0.240413958389637,-0.043813840954125,0.130560644472062,-0.0103244225551856,-0.0805897050555261,0.1091086303361,0.0749695082119557,0.00149176470399876,0.0834586801899945,-0.0734745516045013,0.137299975305501,0.0114154874113377,-0.0316102179427238,-0.261452754890927,0.674139403504951,0.202047722828213,0.384497282434167,-0.283433957384996,-0.117493933692265,-0.353452084122034,-0.148410032664603,-0.0922975663957447,-0.345674924094549,-0.0362046603209225,0.153465005733236,0.363070530369884,-0.112451753682064,-0.116602381506043,-0.309808130547862,0.0606672970124918,0.342610008539915,-0.0317526086056844,0.119457160609651,-0.0655251611926024,0.225529307200199,-0.0066945489217031,0.437977579999313,0.0282329365128528
"8",-0.0947846673751274,0.556370131363641,0.089011885286952,0.0951478042555016,-0.169057731166197,-0.243465015804539,-0.096645978928382,1,0.32131765466665,-0.00182797041363844,0.149949257586717,0.178653364037307,0.00784937360801751,-0.00416521224767606,-0.147600018735248,-0.0457278949504077,-0.0514248204677884,-0.190820046611676,-0.138366045012456,-0.014416223368316,0.0664225173970121,0.246191674541361,-0.072521863862408,-0.0556438895885262,-0.24409565096279,0.0696473039905475,-0.106848447264348,-0.00830155773917533,0.0273295196925424,0.136917759456192,-0.264492524012286,-0.127445985164277,-0.104349357142161,0.164678701478973,-0.0993414793183924,0.36031789543861,-0.246608777212352,0.328708604132125,0.210741804557773,0.308932200707641,0.240478797190222,0.212050845208812,0.332888721944144,0.057973985888534,-0.254263761593394,-0.0488114045881101,0.297844224720347,0.274538890525828,0.190725369048816,-0.13865116592673,-0.0713646060706682,0.0213511994062456,-0.140780799116088,-0.0340029950315633,-0.17617880846106,-0.0312235926324791,-0.328710060639884,0.317272247912497
"9",-0.0456742820479529,0.3836859813003,0.177389981530645,0.0585239929410291,-0.00632924869447993,-0.0746489271408529,-0.121121013099723,0.32131765466665,1,0.135537204115997,0.197828396780971,0.0653073635281232,0.171197896020715,0.248603304889511,-0.14116841889398,-0.147334139007337,0.25097864263316,0.118035282674961,0.0386302850155981,-0.0802904902520407,0.0305054332668934,-0.0467064006061452,-0.0847984738395099,-0.0907576262868478,-0.217406649890331,-0.180762158103165,0.0352131182043358,-0.0371127397251087,-0.0215928743854184,0.130161029430776,-0.120129526716658,0.121043040887611,-0.0269100007387346,0.321362009098166,-0.146933918909613,0.0615846572009052,-0.115598114140841,0.153320742084082,0.379842660514573,0.388211628067756,0.214116532790323,0.210346611677024,0.341408064770516,0.229466962920486,-0.214682586530278,-0.415595573504704,0.261881895934554,0.178033490390856,0.16988445337456,0.00829535446379107,0.172636069549613,-0.0170437194668414,-0.172472792308903,0.0536129491190626,-0.21081382824997,-0.011516910390065,-0.236968595190729,0.154322663410047
"10",0.00159346195859846,0.196148260570607,0.0113709942543232,0.00991604927540609,0.0530150840448037,-0.0459079618756719,0.110922292294435,-0.00182797041363844,0.135537204115997,1,0.0793448010113354,0.0259199689189507,0.30994056560418,0.388641964460554,0.0440342868622286,0.0816060127260878,0.26239962654412,0.264565085373045,0.503887840575359,-0.128525427310201,0.272556949659105,0.0707326026793131,0.037151450730689,-0.0874991299734041,-0.120018995443399,-0.109915464553455,-0.066070363620337,-0.0292494891691535,-0.34564222940611,-0.179262187431028,0.530801644000306,0.268432727304552,-0.111521912328237,-0.0449354674041438,-0.0536980311565951,0.036199826592033,-0.157941987228605,-0.0474189237429953,0.0794376829373468,0.225767134799745,0.146669969928035,0.147922578739488,0.216317461079169,0.216721605087246,-0.0156423344481247,0.121885663224917,0.015409884216145,0.0948424872636809,0.315596968982732,0.37224068294363,-0.217104828297513,0.0445677579558175,0.0724406593061058,-0.199651149707307,0.0110568177141558,-0.167277773391171,0.125038028851616,0.287684712137266
"11",0.133719638990423,0.229863381810243,0.117823056282241,-0.0787762121354104,0.0379909531254354,-0.0409393742317458,-0.146421988087892,0.149949257586717,0.197828396780971,0.0793448010113354,1,0.177382680993379,-0.0330161441894265,-0.0585988229476307,-0.00663872963794097,0.0340510335216486,-0.0846414534750684,-0.181542164201608,0.0274788031943761,-0.095678237737955,-0.0059153606434575,0.102086883508493,0.038842850330423,-0.0292211704398273,-0.158849180034278,-0.0912482823108481,-0.068030922358545,0.0254212408069546,0.00881249873900585,-0.186971602869504,-0.0011100854500199,0.00365726393335392,-0.112746956870722,-0.169420916854709,-0.0584867333441371,0.0981089755843806,-0.169154192209786,0.164334245120548,0.175561543852761,0.103760804216987,0.237724928963101,0.159648393928437,0.109631745343355,0.1334093579583,-0.100997721368183,-0.0756435213815328,0.202461217826746,0.257781506864055,0.0753685557104069,0.03169661089361,-0.210127506526988,0.147676986253128,-0.206348063038505,0.0564411292343502,-0.0223117554401335,0.0456122566060891,-0.108324613753711,0.0834802098767222
"12",-0.00478407282115494,0.225568649076094,0.12769839567965,0.134787586766988,-0.168838763619515,-0.180395408724897,-0.12893569801074,0.178653364037307,0.0653073635281232,0.0259199689189507,0.177382680993379,1,0.086654926668977,-0.133474163744269,-0.104889865799866,-0.0845240664900282,0.00140807627427133,-0.0313078568284137,0.0328647926081302,0.0912311246236992,-0.0223628892137403,-0.151102892564426,-0.0841647817382826,-0.281322798125588,-0.0849778604000046,-0.129405528529862,-0.0551182034646036,0.0828632032827483,0.0659016909357638,-0.124451189106137,0.0298429366428316,0.146049559019222,0.0284226389882361,0.061914457825891,-0.229323381859015,0.0782064443983366,-0.128321637510743,-0.135299302721838,0.189026406277467,0.166846359728346,0.201106018782577,0.156810053721222,0.147020640319996,0.108492497881486,-0.0797303040607975,-0.0254443028565949,0.251090110815899,0.242443629411135,0.136348165360856,-0.190976207911842,-0.281522446931515,0.114531905535623,-0.216418396410278,-0.0926252338784608,-0.0781595615721963,-0.0590602984822132,-0.117842792534055,-0.101959853314313
"13",-0.0875524218025973,-0.0322900361797238,0.208170433223265,-0.0773033217157914,0.134430742675334,0.272663517017307,0.0595345030398105,0.00784937360801751,0.171197896020715,0.30994056560418,-0.0330161441894265,0.086654926668977,1,0.479319137003668,-0.0978689668483459,0.0373616723936957,0.718793481654044,0.687884356461898,0.419996554792315,0.208377612344664,0.12991115594567,0.00979096266528692,0.240351666719636,0.045019477851292,-0.175651285047489,-0.035506107419506,-0.12616047297502,-0.213615660941475,-0.24691062966799,-0.0684340717363589,0.38006069871347,0.525830942251117,-0.0716052818941243,0.296591108788965,-0.095174288139942,-0.00895481133070322,0.116196273506238,-0.00870182406772117,0.203310717865132,0.107764050244656,0.0835218222846857,0.0807302987951576,0.364688441489731,0.0463679660738616,-0.00497929622094575,0.0883209706107796,-0.044259316578715,-0.0558156516554739,0.615273891820226,0.237852352147358,0.0585024297090222,-0.181743586209279,-0.016469442774543,-0.00052643278496063,0.163429221519008,-0.296924626602667,0.281350670017923,0.277461925210924
"14",-0.0423625942157007,-0.149474044413989,-0.00015194986176633,0.0545052571816081,0.234302266947054,0.0533526179944434,0.0723447267626962,-0.00416521224767606,0.248603304889511,0.388641964460554,-0.0585988229476307,-0.133474163744269,0.479319137003668,1,0.00497564014271886,0.0233708480256356,0.448111452980726,0.672590876995067,0.338177772975427,0.037810657750681,0.20723852126256,0.108606400877222,0.244614865485579,0.195505404881592,-0.0138972269719589,-0.0872011019983232,-0.114942775101772,-0.118490709560875,-0.102448825698321,0.16464008667269,0.230337864889694,0.35220283873364,-0.0780592094251017,0.13119209684958,-0.00049958424898509,-0.0825126429423325,-0.0332077091751649,0.0828407197681537,0.157367109509527,0.117421477288196,0.187479986221811,0.261646847603982,0.317620176229787,0.290427034331561,-0.0329572933658778,-0.172280699038512,0.0194644564696352,0.116499059920239,0.379944471444545,0.569420317497902,0.0279432224989673,-0.109999819445527,-0.0492347564238607,0.0933044679574952,0.134459419011374,-0.110797806592409,0.227555099891711,0.205759906179031
"15",0.131230046412288,-0.140678889345371,0.0209497913774141,-0.210365421234585,0.347470352303445,0.280377044500359,0.128355158002642,-0.147600018735248,-0.14116841889398,0.0440342868622286,-0.00663872963794097,-0.104889865799866,-0.0978689668483459,0.00497564014271886,1,0.271548874109594,-0.0124407626238993,-0.00102178127809085,-0.00144272476859714,-0.201036552001277,0.311367516950537,0.104348920285117,0.355233730890881,0.339983443670065,0.128237208459744,0.0420695801540759,0.138128409349623,0.243470346830832,0.118590054980218,-0.157836816661554,0.116948087603861,0.0525773644797801,-0.0541351878074238,-0.115270202442374,0.257351492010827,-0.0173434643538788,-0.0236899976433906,-0.151502809765614,-0.340616899893097,-0.281157347078804,-0.283433390600112,-0.127493805861903,-0.193145949393871,-0.136572484549634,0.131483477982698,0.0843186726848749,-0.31132006890031,-0.22453282984068,-0.0881554044444693,0.139176702228689,0.0936379217700001,0.0207665332608409,0.120958921532386,0.00630533444809971,0.234386266592389,-0.09092601162077,0.310303819419873,0.265241134572429
"16",-0.116162935406327,-0.0848505809020642,-0.127614529997722,0.0447247175178769,0.467601221923374,0.39303434474942,0.00098303082148905,-0.0457278949504077,-0.147334139007337,0.0816060127260878,0.0340510335216486,-0.0845240664900282,0.0373616723936957,0.0233708480256356,0.271548874109594,1,0.111274812114599,0.130604461003147,0.171467813486854,0.0295290048927838,0.106239303818351,0.0307987543108509,0.321974423489336,0.26941113836428,-0.00736255802032663,-0.0157913524059911,-0.126205814942823,0.145391104593515,0.0154340017004666,-0.205257206250229,0.262072386029365,-0.0362691025827133,0.0348355434937277,-0.0474622539626347,-0.150934561172323,0.0836334529445475,-0.0590917955444575,-0.0249011771006853,-0.119656568867435,-0.0633895964023161,0.0881111099783532,0.0484640856700309,0.140315559670681,-0.00463362083739347,0.00103371287758329,0.0638981989447534,-0.216414575370176,-0.0861130832594225,0.208115828587365,0.163254193258672,-0.0893402048210626,0.122082180853475,0.0265487571759835,0.134310976744624,0.119277228279336,0.248115985108485,0.350930631983423,0.246042116494467
"17",-0.0898835567137091,-0.00634419020505582,0.100621141512425,-0.102105467029848,0.23738626324329,0.302823210501634,-0.100404968511581,-0.0514248204677884,0.25097864263316,0.26239962654412,-0.0846414534750684,0.00140807627427133,0.718793481654044,0.448111452980726,-0.0124407626238993,0.111274812114599,1,0.585722461010181,0.401727806105661,0.21068373039185,0.0937579759677043,0.00890929314637316,0.212870111611487,0.127649996738364,-0.0853271810876204,-0.125944472913958,-0.168917730573472,-0.19213855819237,-0.271136311029975,0.0150531969242452,0.359618145490195,0.426684070664071,0.171006553285106,0.444385604330262,-0.188007797425911,0.0326732951946521,0.0742857556144178,0.0922805618064061,0.321357371716397,0.34081400673086,0.0784233135717885,0.0820240363422374,0.320092802854605,0.0622579303615929,-0.0791528627383634,-0.0595925070644465,-0.178016073741007,-0.0806093635309791,0.578792855317411,0.303457316511211,0.0857892545566507,-0.0666582474615354,0.0252748144019615,0.100238867683359,0.0572908526634995,-0.200543571548646,0.241274682084822,0.248464085569207
"18",-0.0443048272345459,-0.245482954757223,0.0468881236659006,-0.0216995306586452,0.312577485506381,0.297482100857406,0.0774196753456814,-0.190820046611676,0.118035282674961,0.264565085373045,-0.181542164201608,-0.0313078568284137,0.687884356461898,0.672590876995067,-0.00102178127809085,0.130604461003147,0.585722461010181,1,0.4297006772935,0.189248744668719,0.21207031474751,0.056525927817208,0.350220238580279,0.172059957504283,-0.0542351072199997,-0.0107756005793602,0.00968852102233565,-0.0402224413531241,-0.0597281437949086,0.112724748326067,0.384952914720822,0.51719388596874,0.0113997507564043,0.32787945131811,-0.0869556308408127,-0.0760079082029646,0.0861966214080233,-0.0784128487785814,0.200848488952946,0.00243061284202927,0.0961905581411514,0.10539250296687,0.281834701047098,0.262656137543383,0.0566354652411895,-0.0688396090008078,-0.177868994408025,-0.121855175938188,0.442754176855907,0.413985579926798,0.0978266669919664,-0.071468557410291,0.12290467722112,0.161121289018613,0.203869363481429,-0.101592808772807,0.443286833089235,0.187402888832757
"19",-0.128481866534217,0.0763665829805494,-0.0287745966618705,0.0294485365801609,0.323535792587272,0.104488042547543,0.207973045660159,-0.138366045012456,0.0386302850155981,0.503887840575359,0.0274788031943761,0.0328647926081302,0.419996554792315,0.338177772975427,-0.00144272476859714,0.171467813486854,0.401727806105661,0.4297006772935,1,0.0445550722206252,0.391276969056684,0.0293146423870125,0.302269999242255,-0.0440825792249344,-0.119756969803012,-0.225489340252332,-0.174872928854079,0.0515322365513335,-0.206680667186528,0.0523677921267777,0.821909578418476,0.622845840413242,-0.0971988629286664,0.0322383005505299,0.0480481461115302,0.0997578231547983,0.0874492733460511,-0.103224929809489,0.0674436377407895,0.11757219688933,0.345423578720998,0.247119468638678,0.300676543063661,0.143624774854712,0.238327164623684,0.23162774282858,0.0518191486605326,0.125961349473032,0.344297781850524,0.227747650225125,0.145044914411309,-0.0909592968299126,0.17872342027701,0.0552494624215562,0.0645146916140183,-0.202019621703056,0.361903764095419,0.204163546919037
"20",0.0248390634642426,-0.232981866179369,-0.141816847161958,0.059754173036591,-0.134930917812631,0.110747397098215,0.186021780577426,-0.014416223368316,-0.0802904902520407,-0.128525427310201,-0.095678237737955,0.0912311246236992,0.208377612344664,0.037810657750681,-0.201036552001277,0.0295290048927838,0.21068373039185,0.189248744668719,0.0445550722206252,1,-0.118650815095028,-0.0775550830848286,-0.0479687913721809,-0.0661900173085035,-0.129203024515956,0.107772709757093,-0.145379765293023,-0.253401547619041,-0.0110517603424054,-0.146003586795156,0.00759829485323439,-0.050880746146651,0.18526249372652,-0.00337444042561863,0.0159941906091481,0.0264790184747557,0.189002015788408,-0.139942339796082,0.188275151047502,-0.0215419284034954,-0.0463024692705415,-0.015623886529088,-0.0296059167767289,-0.0953831479368461,-0.185866233897824,0.0892960573679489,-0.113766749851661,-0.248198713499716,0.0442686987371098,0.0800810050715738,0.0312028603855077,0.0408544146709999,-0.117916659086642,0.208043211955063,0.0851171959469059,0.0810142375498064,0.21233119515443,0.014786908721327
"21",0.0890192667126421,0.166447491108061,0.116415695785008,0.00056370139448669,0.318979132271738,0.119272858063277,0.240413958389637,0.0664225173970121,0.0305054332668934,0.272556949659105,-0.0059153606434575,-0.0223628892137403,0.12991115594567,0.20723852126256,0.311367516950537,0.106239303818351,0.0937579759677043,0.21207031474751,0.391276969056684,-0.118650815095028,1,0.341800060042999,0.342235945000505,0.233163636613637,0.038523604267896,0.0893404194722807,0.324707103714671,0.330641204038945,0.180698960521661,0.226140121681319,0.330890356739864,0.233207154697886,-0.200902964251534,-0.082900046337584,0.305586744101273,0.310320336485611,0.0497593434393263,-0.0364905585294872,-0.091349772257821,-0.0550835723779661,0.0575852825259072,-0.00405219607053689,0.0845167855604713,-0.012635599509752,0.376183351433624,0.202298667708524,-0.169249887660521,-0.0559520027593157,0.15185370257265,0.130810782357586,0.154975539428675,-0.0408198636340868,0.249062283847683,-0.0738639361555933,0.265569409054666,-0.145310663549004,0.277065712779597,0.200051821157363
"22",0.00665827788277518,-0.0450146744123324,0.0136873767260063,-0.0744508127198034,0.0622215910970365,0.0144012164461439,-0.043813840954125,0.246191674541361,-0.0467064006061452,0.0707326026793131,0.102086883508493,-0.151102892564426,0.00979096266528692,0.108606400877222,0.104348920285117,0.0307987543108509,0.00890929314637316,0.056525927817208,0.0293146423870125,-0.0775550830848286,0.341800060042999,1,0.235765989842458,0.343308876359245,-0.0760917301197161,0.206082426335016,0.070681443656629,0.111576946169813,0.0151873403051784,0.170698290106366,0.00241214074178272,-0.0309655911298655,-0.228497226178814,0.0271908335710035,0.110363711366605,0.160261951674971,-0.293716464993373,0.415287180453874,0.0751566725906931,0.0490762002598502,0.14463259531905,0.030526305140061,0.1624007905189,0.0774206717814608,0.0616904998712459,-0.0106610032342921,-0.117680104067403,-0.0366684045915531,0.153093114211771,0.0656116543635394,0.00350623484042257,-0.0953907345440762,0.134889791811073,0.00576349554383447,0.20319006657344,0.00383401278690421,0.0606918068137317,0.337407490950939
"23",-0.0238436402821659,-0.123285241660178,0.0124682425974749,-0.171636551874739,0.60171989454018,0.478955835655761,0.130560644472062,-0.0725218638624081,-0.0847984738395099,0.037151450730689,0.038842850330423,-0.0841647817382826,0.240351666719636,0.244614865485579,0.355233730890881,0.321974423489336,0.212870111611487,0.350220238580279,0.302269999242255,-0.0479687913721809,0.342235945000505,0.235765989842458,1,0.719265208034209,0.0149629556986857,0.0869755551646724,-0.0521667873909323,0.132048540243216,0.110660309500858,0.0605678851673896,0.39146342646767,0.109348933436049,0.0517556378622093,-0.015463042104319,0.247598034219985,0.0362083029461299,0.0994347444350232,0.0360289646368654,-0.130097120291541,-0.193482162363633,-0.0425247382623193,0.0825028454939823,0.178871042161738,0.0315349154361906,0.266847418440074,0.045719708652855,-0.315402850540077,-0.0506645838591274,0.267283009421255,0.376016803140262,0.196976392881104,0.00301134491188748,0.148691759491051,0.117246440546995,0.414974619692926,-0.0131980409086495,0.62631165775289,0.468703930024429
"24",-0.0353421419644036,-0.241687777031497,-0.0687858076957934,-0.146112963531572,0.425194081955574,0.397985598062457,-0.0103244225551856,-0.0556438895885262,-0.0907576262868478,-0.0874991299734041,-0.0292211704398273,-0.281322798125588,0.045019477851292,0.195505404881591,0.339983443670065,0.26941113836428,0.127649996738364,0.172059957504283,-0.0440825792249344,-0.0661900173085035,0.233163636613637,0.343308876359245,0.719265208034209,1,0.0960434421558129,0.124318791508099,-0.0391873032712915,-0.079146153496438,0.0331554842726121,0.134247333657551,0.059329255028314,-0.153720736694233,0.0983836835447975,0.039414725599752,0.16591860739006,-0.0261101770175189,-0.119646015489338,0.259174296193857,-0.15798389464138,-0.226727348582035,-0.17177727179336,-0.00234216190016672,0.0565192765130328,-0.164235138546274,0.235662086600053,-0.0903185875249252,-0.334812646432121,-0.199806303853245,0.103695719099303,0.283020822573169,0.191452679316838,-0.130397295690468,0.176919589285361,0.0949888192502515,0.27981418759186,0.0716510197397182,0.460229198920519,0.499218418584666
"25",0.016052935188126,-0.147751945026964,-0.0106875114852604,-0.112709943486168,0.024961054700392,0.110193246853469,-0.0805897050555261,-0.24409565096279,-0.217406649890331,-0.120018995443399,-0.158849180034278,-0.0849778604000046,-0.175651285047489,-0.0138972269719589,0.128237208459744,-0.00736255802032663,-0.0853271810876204,-0.0542351072199997,-0.119756969803012,-0.129203024515956,0.038523604267896,-0.0760917301197161,0.0149629556986857,0.0960434421558129,1,-0.0832487599106036,0.0517653655046248,0.0108512798555545,-0.024175102685397,-0.021916489045093,-0.0722493117654853,-0.091793383633715,0.287125415658809,-0.101637622384606,0.0810310413846334,-0.309789102929065,0.239837485731467,0.0533112454838495,-0.133452347537873,-0.14507229527677,-0.194542285319924,-0.124602010803589,-0.155488591201401,-0.0683255447993227,0.13965321388871,-0.0184436826849829,-0.162852755692145,-0.050933649764025,-0.191303995598665,0.0614131938506694,-0.0170694356869325,-0.0566986940142279,0.137387185335811,0.0861758441914546,-0.0542476662392953,0.020695286110445,0.0559115332048869,-0.192142253058697
"26",0.165093551101265,-0.132228047518484,-0.0347672450093037,-0.0943220825472007,-0.0152359572876002,0.0973572808864465,0.1091086303361,0.0696473039905475,-0.180762158103165,-0.109915464553455,-0.0912482823108481,-0.129405528529862,-0.035506107419506,-0.0872011019983232,0.0420695801540759,-0.0157913524059911,-0.125944472913958,-0.0107756005793602,-0.225489340252332,0.107772709757093,0.0893404194722807,0.206082426335016,0.0869755551646724,0.124318791508099,-0.0832487599106036,1,0.198744275953847,0.19540481384602,0.22606238783812,-0.00130089708992705,-0.143646443777683,-0.0677668632176647,-0.0459403081549406,-0.0700624265293031,0.190964305805689,0.143118842285507,-0.0700270731314457,0.0583086407821684,-0.171398967180604,-0.244458737898987,-0.292898171703417,-0.167929441118537,-0.182066182709211,-0.043580223869008,-0.0279662710117045,0.125109333402035,-0.0726259783940133,-0.0643516543950077,-0.129867454377807,-0.0126877407682416,0.00992817238481972,0.07918973758793,0.00648480362933206,0.0462439603502452,0.327957706275235,-0.0796023878666329,0.156712571836054,0.242164149671747
"27",0.0998661482841632,0.0172409878486671,0.209844916275254,-0.21070135703985,0.0197893461310619,-0.0534073214424265,0.0749695082119557,-0.106848447264348,0.0352131182043358,-0.066070363620337,-0.068030922358545,-0.0551182034646036,-0.12616047297502,-0.114942775101772,0.138128409349623,-0.126205814942823,-0.168917730573472,0.00968852102233565,-0.174872928854079,-0.145379765293023,0.324707103714671,0.070681443656629,-0.0521667873909323,-0.0391873032712915,0.0517653655046248,0.198744275953847,1,0.497775723498534,0.469066901926479,0.250844050903657,-0.0500311531555861,0.0526282568106149,-0.0895999964488647,0.0298701842551083,0.271750839633868,0.115055838200216,0.0575980654374194,-0.167462806123397,-0.197045563794759,-0.141841353821959,-0.0838273676368436,-0.0183927959757331,-0.194511589440448,0.251391752598814,0.201852445694993,0.0590999032189109,0.0146770130656579,-0.0448113658304377,-0.130147079039292,-0.0381127854987185,0.185664562177616,0.139607292419927,0.0793887534861332,-0.0803360416304102,0.106447421549643,0.00553247099805275,0.0656663984586631,-0.0987971705557092
"28",-0.00607359637791529,0.166624939448897,0.0691573390645769,-0.151846167296434,0.0291314643207532,-0.0717119268750203,0.00149176470399876,-0.00830155773917533,-0.0371127397251087,-0.0292494891691535,0.0254212408069545,0.0828632032827483,-0.213615660941475,-0.118490709560875,0.243470346830832,0.145391104593515,-0.19213855819237,-0.0402224413531241,0.0515322365513335,-0.253401547619041,0.330641204038945,0.111576946169813,0.132048540243216,-0.079146153496438,0.0108512798555545,0.19540481384602,0.497775723498534,1,0.444277026239692,0.134238359952771,0.115851302146975,0.0401116915697256,-0.155169323813822,-0.111400888197435,0.210376932754067,0.242537018939166,0.0922247686590361,-0.207297412911347,-0.0948495171516613,-0.0384675421011988,-0.0175281987142275,-0.00034879658116786,-0.0853557717890084,0.241980410051913,0.138701016093519,0.198901956928486,0.00353956935548789,0.0854376281751906,-0.082294690788865,-0.0337363133327471,-0.0981615192841898,0.0716564267217944,-0.0751293429859321,-0.0300718435379807,0.213051358422231,-0.00126077060089413,0.0295315425421858,-0.13797875265666
"29",0.119888768898133,-0.076193088887855,0.0514444497053557,-0.0926724919355359,0.0592591039629824,0.0828071242782075,0.0834586801899945,0.0273295196925424,-0.0215928743854184,-0.34564222940611,0.00881249873900585,0.0659016909357638,-0.24691062966799,-0.102448825698321,0.118590054980218,0.0154340017004666,-0.271136311029975,-0.0597281437949086,-0.206680667186528,-0.0110517603424054,0.180698960521661,0.0151873403051784,0.110660309500858,0.0331554842726121,-0.024175102685397,0.22606238783812,0.469066901926479,0.444277026239692,1,0.30453040126536,-0.148070892336429,-0.132879895745592,-0.0276260780626922,-0.071966084407868,0.217349199950968,0.182581731783174,0.132959030621717,-0.24356751686323,-0.138938984457786,-0.12216512347997,0.0705822291765967,0.159471003860455,-0.0909861484415703,0.231929675301386,0.170297547213828,-0.0471311004652926,0.118258680884374,0.0944371834770082,-0.138264121267447,-0.0345258821976034,0.151107458943454,0.139166000779347,-0.0201924509132363,0.0613483891788768,0.275554602089779,0.35666991021079,0.106781729765086,-0.214550404582394
"30",-0.128996946393843,-0.0847009794734146,0.066814908660164,0.034474626657667,0.210433151367467,0.0288878209274777,-0.0734745516045013,0.136917759456192,0.130161029430776,-0.179262187431028,-0.186971602869504,-0.124451189106137,-0.0684340717363589,0.16464008667269,-0.157836816661554,-0.205257206250229,0.0150531969242452,0.112724748326067,0.0523677921267777,-0.146003586795156,0.226140121681319,0.170698290106366,0.0605678851673896,0.134247333657551,-0.021916489045093,-0.00130089708992705,0.250844050903657,0.134238359952771,0.30453040126536,1,-0.0378625449026479,0.132280519112764,0.0005784950241598,0.116578153006142,-0.0341381887748832,0.106791371395248,0.105749601236231,0.218219255235421,0.13611282034067,0.150347336579482,0.214566916809671,0.284192426150387,0.289770361744981,0.182791795300247,0.109319122924555,-0.076538465498224,0.115463671988826,0.232744894032003,-0.00590772655018389,0.110427877724118,0.14147674074473,-0.174389255149712,0.107194820379075,0.0369299633420093,-0.0111874038193191,-0.0964494301474269,-0.00264585580543635,0.0359098240725954
"31",-0.187414709881495,0.0221336822610863,-0.045715855682747,-0.122316273749266,0.331848769412251,0.202868378874811,0.137299975305501,-0.264492524012286,-0.120129526716658,0.530801644000306,-0.0011100854500199,0.0298429366428316,0.38006069871347,0.230337864889694,0.116948087603861,0.262072386029365,0.359618145490195,0.384952914720822,0.821909578418476,0.00759829485323439,0.330890356739864,0.00241214074178272,0.39146342646767,0.059329255028314,-0.0722493117654853,-0.143646443777683,-0.0500311531555861,0.115851302146975,-0.148070892336429,-0.0378625449026479,1,0.579196149233765,-0.106420175303007,-0.0834190275224336,-0.0169365409413838,-0.0486238229220889,0.103283014698145,-0.170950491371155,-0.0434461899032213,0.0789566266694247,0.281789996272976,0.260969939496951,0.29770446611361,0.0923007356598405,0.256120310914605,0.188387133419208,0.0256362388933116,0.137188823729408,0.418122167277351,0.383185187714691,-0.00248561414843012,-0.0883815365214728,0.152898734793361,8.74407500654587e-05,0.192816307767025,-0.187050305459803,0.429460040295415,0.211379725498303
"32",-0.0931690588827115,0.0566821303700862,0.0562722764086548,-0.162493949029147,0.253488020633977,0.141630546924416,0.0114154874113377,-0.127445985164277,0.121043040887611,0.268432727304552,0.00365726393335392,0.146049559019222,0.525830942251117,0.35220283873364,0.0525773644797801,-0.0362691025827133,0.426684070664071,0.51719388596874,0.622845840413242,-0.050880746146651,0.233207154697886,-0.0309655911298655,0.109348933436049,-0.153720736694233,-0.091793383633715,-0.0677668632176647,0.0526282568106149,0.0401116915697256,-0.132879895745592,0.132280519112764,0.579196149233765,1,-0.140485610227608,0.19859974315884,-0.113584893840192,-0.0596118662057615,-0.0768519503484757,-0.121652746557329,0.0433300934588945,0.127240295828009,0.288041482542462,0.226073271146811,0.220198005323341,0.201863465864045,0.214709650281557,0.117383453709513,0.101232106010708,0.207162047437995,0.376569541322899,0.146992965845603,0.159611270459325,-0.0513446998762115,0.0258627995590062,0.0719489253961536,0.0709472976834813,-0.35885229495027,0.190823930599329,0.126311297442498
"33",0.237010194618758,-0.258576252669679,-0.0995031631854625,0.122295243367443,0.0809914854506649,0.194569631184904,-0.0316102179427238,-0.104349357142161,-0.0269100007387346,-0.111521912328237,-0.112746956870722,0.0284226389882361,-0.0716052818941243,-0.0780592094251017,-0.0541351878074238,0.0348355434937277,0.171006553285106,0.0113997507564043,-0.0971988629286664,0.18526249372652,-0.200902964251534,-0.228497226178814,0.0517556378622093,0.0983836835447975,0.287125415658809,-0.0459403081549406,-0.0895999964488647,-0.155169323813822,-0.0276260780626922,0.0005784950241598,-0.106420175303007,-0.140485610227608,1,0.37450314898362,-0.110516453074688,-0.105172377958725,0.197127210060465,-0.0340388175084286,0.197077054237882,0.122410081459858,-0.280121789512999,-0.198760125011375,-0.0924095132035094,-0.0120539866258189,-0.208438990655419,-0.163434447061146,-0.30137955096561,-0.222559869871868,-0.150733687019307,-0.0271241955430968,0.0911326694978019,0.164821137215656,-0.081003018387195,0.116097643277592,-0.20622069464899,0.156364078889026,0.145754832678551,-0.0212177547851542
"34",-0.189131067133126,0.196544988050226,0.179679826220246,0.0542956970009494,0.137359595945624,0.208127053605679,-0.261452754890927,0.164678701478973,0.321362009098166,-0.0449354674041438,-0.169420916854709,0.061914457825891,0.296591108788965,0.13119209684958,-0.115270202442374,-0.0474622539626347,0.444385604330262,0.32787945131811,0.0322383005505299,-0.00337444042561863,-0.082900046337584,0.0271908335710035,-0.015463042104319,0.039414725599752,-0.101637622384606,-0.0700624265293031,0.0298701842551083,-0.111400888197435,-0.071966084407868,0.116578153006142,-0.0834190275224336,0.19859974315884,0.37450314898362,1,-0.308597568538195,0.0932141349748093,-0.15458192762444,0.0811835119535705,0.334216588802357,0.349526045205603,-0.012328851079733,-0.0817789948143107,0.263412150593312,0.195479041842759,-0.0540288895168378,-0.306302423274198,-0.160301515729693,-0.217019018414568,0.32344430537119,-0.162416049360014,0.272440140801351,0.124446996329711,0.0487192258936841,0.0677749082917346,-0.339366531709122,-0.0265430326764664,0.0240737207870164,0.157010899112346
"35",0.240264495419136,-0.162277598145323,0.00062997987802646,-0.0137810123235794,0.00138853103777743,-0.131618666158282,0.674139403504951,-0.0993414793183924,-0.146933918909613,-0.0536980311565951,-0.0584867333441371,-0.229323381859015,-0.095174288139942,-0.00049958424898509,0.257351492010827,-0.150934561172323,-0.188007797425911,-0.0869556308408127,0.0480481461115302,0.0159941906091481,0.305586744101273,0.110363711366605,0.247598034219985,0.16591860739006,0.0810310413846334,0.190964305805689,0.271750839633868,0.210376932754067,0.217349199950968,-0.0341381887748832,-0.0169365409413838,-0.113584893840192,-0.110516453074688,-0.308597568538195,1,0.230638269611715,0.376767727612895,-0.220665727250738,-0.351863027278383,-0.37889842514407,-0.238479950279411,-0.187085286323207,-0.458391994951387,-0.111279073131461,0.369684826685238,0.309042263826817,-0.153381172344222,-0.130588529958554,-0.324605863196561,-0.0461785656110697,0.367371535917896,-0.0994669757939529,0.116758425167897,-0.0436598109434816,0.335743008015567,0.021231442490114,0.290743646519241,-0.066468151573213
