"","l_Insular.Cortex","r_Insular.Cortex","l_Amygdal.Area","r_Amygdal.Area","l_Bed.Nucleus.of.the.Stria.Terminalis","r_Bed.Nucleus.of.the.Stria.Terminalis","l_Hippocampus","r_Hippocampus","l_Orbitofrontal.cortex","r_Orbitofrontal.cortex","l_Entorhinal.Cortex","r_Entorhinal.Cortex","l_Frontal.Association.Cortex","r_Frontal.Association.Cortex","l_Globus.Pallidus","r_Globus.Pallidus","l_Glomerular.Layer.of.the.Accessory.Olfactory.Bulb","r_Glomerular.Layer.of.the.Accessory.Olfactory.Bulb","l_Glomerular.Layer.of.the.Olfactory.Bulb","r_Glomerular.Layer.of.the.Olfactory.Bulb","l_Granule.Cell.Level.of.the.Cerebellum","r_Granule.Cell.Level.of.the.Cerebellum","l_Hypothalamic.Region","r_Hypothalamic.Region","l_Entorhinal.Cortex","r_Entorhinal.Cortex","l_Vermix.Molecular.Layer.of.the.Cerebellum","r_Vermix.Molecular.Layer.of.the.Cerebellum","l_Lateral.Molecular.Layer.of.the.Cerebellum","r_Lateral.Molecular.Layer.of.the.Cerebellum","l_Anterior.Olfactory.Bulb","r_Anterior.Olfactory.Bulb","l_Posterior.Olfactory.Bulb","r_Posterior.Olfactory.Bulb","l_Subiculum","r_Subiculum","l_Perirhinal.Area","r_Perirhinal.Area","l_PreLimbic.System","r_PreLimbic.System","l_Primary.Cingular.Cortex","r_Primary.Cingular.Cortex","l_Primary.Motor.Cortex","r_Primary.Motor.Cortex","l_Retrosplenial.Cortex","r_Retrosplenial.Cortex","l_Secondary.Cingular.Cortex","r_Secondary.Cingular.Cortex","l_Secondary.Motor.Cortex","r_Secondary.Motor.Cortex","l_Striatum","r_Striatum","l_Ventral.Tegmental.Area","r_Ventral.Tegmental.Area","l_Substantia.Nigra","r_Substantia.Nigra","l_Thalamus","r_Thalamus"
"1",1,-0.0264848575301283,-0.0202545311137518,0.239706724411385,0.00476906828502418,-0.0972342961032155,0.357516497216717,-0.0814491784953715,0.276425478152668,0.1765347563802,0.22935926993844,-0.0504683050343695,-0.277922600376204,0.0309388443315319,0.270502241034415,-0.0753622034926669,-0.037623338143148,0.282582440619842,0.0845816695954601,0.00315225278282606,-0.0545299403129177,0.0698981922088602,0.0813976899743045,-0.0062232016536514,-0.0939140924752745,-0.124263347548874,0.0673411469303253,0.0356624172405638,-0.0692191234903478,-0.181523658185568,0.140248892441663,0.21078442171581,-0.0306054587367698,0.166620968849249,0.101044622345751,0.288711155022698,-0.293789501013857,0.110433704728639,-0.0999256462931521,-0.0365039311234941,0.0281861751039433,0.0434406706862814,0.0682130923508105,-0.107383508771559,-0.256328607300408,0.00183788935788787,-0.126313438744865,-0.109537771870876,-0.143737190956846,0.0233538691174288,0.106585999915753,0.0447529145024384,0.109334958685535,-0.0157782307375612,0.039288729794907,-0.140366868034277,-0.173697722934332,0.0106822744955515
"2",-0.0264848575301283,1,0.218944356113281,-0.0171392041337379,0.00525653671157995,0.0718016264140872,-0.242238572531416,-0.0964240349736169,0.167063953501768,0.108257496181507,0.23483244511281,-0.0330076077823658,-0.0181199409560097,-0.0470295955611204,-0.0278723606981793,-0.0424804457898315,0.0858569055684552,0.148732942967815,0.242586198608255,0.289901674735757,0.204167143314297,0.19688038790474,-0.0623597953414412,0.268034771984355,-0.185667132170631,0.0308921102571346,0.135428963302054,0.0458258499868854,0.00754082758532622,-0.0543588015516088,0.238684879985028,0.338908204002306,-0.0212952632237717,-0.404628968752779,0.0740580672142994,0.0772832890094789,0.00934918545604428,-0.175203350719034,-0.0655848597910803,0.202213899952023,0.0528985164773724,-0.234203837934381,0.0335844349107422,-0.109694152323295,0.0608862250699646,-0.301320046120862,0.161171005310964,-0.20268487223163,0.0455143946206226,0.157062065460775,-0.0292233636184536,0.211994561396024,0.229582776169034,0.00143879787882485,0.0179710943150016,-0.0995500956016452,0.19590786491306,-0.158569556359382
"3",-0.0202545311137518,0.218944356113281,1,0.145604370853971,0.0219165354891716,-0.072330795067474,-0.0334964019994569,0.352755225776446,-0.187947196537283,-0.166401355898568,0.278101019873039,-0.0125501597897309,-0.128337091272901,-0.104653601102597,0.125243943345663,0.214013665985638,-0.227323016287563,0.0623450641778039,0.317407169338169,0.0968332259503885,0.0662954977565202,0.0213480366214234,-0.130671935692202,-0.0542817948242136,-0.129042588582906,-0.200937477611216,0.0844214963900903,-0.00494348192812545,0.0101150285725597,-0.209486135787804,0.087307804926145,-0.00939194599246511,-0.0203371958936931,-0.281480246766497,-0.00110758537911347,-0.305940702425889,-0.187090567350375,-0.212114879429294,-0.0332151024132488,0.255303620254845,-0.0553543937490609,-0.255875544114653,-0.032117598688834,0.255731353132676,0.239818585165691,-0.0575885954717676,-0.0538603107236207,-0.0531672964314471,-0.091684536025692,-0.09151370401208,-0.13530614870841,-0.0429855914659411,-0.0734074970327065,-0.197264636850095,0.0415851421719942,-0.033955305496509,0.0711055419346319,-0.0157865927970765
"4",0.239706724411385,-0.0171392041337379,0.145604370853971,1,0.108260564775759,-0.0383081331932101,0.0205586866917264,-0.0485051524490756,-0.0283386539197883,-0.120846749020548,0.126076907487176,-0.0429112496558513,-0.215503304289299,0.29415438780721,0.057571395717892,-0.152491875269939,0.227706178505557,0.223197133021128,0.0365737223255006,-0.179516193447114,-0.0412647196586584,-0.230014781390133,-0.122183236227542,-0.072329302367435,0.0110045222577645,-0.0679595949320022,-0.048841312174037,0.229448339505939,0.0107450881258108,-0.196714238906839,-0.0163859606547453,0.0029453382763679,-0.0227736207471105,0.232940231937652,-0.106418686403416,0.134389832466758,-0.364032380448622,-0.0547818530542808,0.174226221278277,-0.0437405587528307,0.0563164142365706,0.0509998836648002,0.073608650925429,-0.00594852712210672,-0.124209866794421,-0.041681267435459,-0.0176654372987016,0.0137625038835482,0.0155055765558016,0.0878257286685456,-0.0516560705468317,0.170788919590674,0.0194845532655197,-0.0585741714507062,-0.162241961722346,0.0928932258874776,0.07005096977418,0.205571261217765
"5",0.00476906828502418,0.00525653671157995,0.0219165354891716,0.108260564775759,1,0.253149157867376,-0.0860620105805208,0.144500510630973,-0.0284402306316923,-0.0324094748330571,0.15699033109269,0.0880381606468519,-0.0817612975381011,-0.0447065938221047,-0.0827860051538967,-0.104529249518037,0.1329807567389,-0.149025033961059,0.24198003378498,0.340903378361029,-0.0262115612241683,-0.309991216244579,0.104702175109027,-0.126937051423974,-0.00245897720125533,-0.283101181788103,-0.11303312803835,0.0188858132273393,-0.160347460788606,0.107099686708241,0.0950138540438969,0.0876037751277585,0.255341206556246,-0.166155231416808,-0.069048467907137,0.303994047815665,0.0866784585567814,0.076243353944814,0.125705675849094,0.059923392591642,0.318185710850064,-0.200536398394317,-0.0508058640490219,0.00320439342867603,-0.24442370551906,-0.0559713711776572,-0.0844007982891254,-0.166982295207752,-0.138604564234703,0.0105367311565242,0.240887607352237,0.0725416234287612,-0.0353724880536264,0.0502668292543767,-0.00186936259134419,-0.138474592653726,0.111916134368736,0.0643210975343291
"6",-0.0972342961032155,0.0718016264140872,-0.072330795067474,-0.0383081331932101,0.253149157867376,1,-0.0595372362134493,-0.179354116998616,0.087764480077342,0.259287148382083,-0.240423407217201,0.0225942442780899,-0.0541022826786164,-0.0451755721315458,-0.0795762585904543,0.067754034496044,-0.156064223925522,-0.281889152263458,0.220653483444987,0.275267685068125,-0.178110585628451,-0.0457879707859331,-0.0777364922747321,-0.104549144603039,0.254988467167836,0.00571526872132775,0.0472642045955985,-0.0214830552336471,-0.179130854038277,0.216464197339526,0.178050887257989,0.162265823803979,-0.0225360975917656,-0.196036429809203,-0.0860540978755633,0.0298740918195948,0.0700698250810176,0.101408763376166,0.237846422334614,0.128700945937077,0.0487987894037148,-0.252163718616748,-0.171530785001646,0.198340764702767,-0.0752361865648232,-0.438015021336281,0.201379100692079,-0.0933444432473538,0.0347025040003828,-0.0991164719462756,-0.0237578963557338,-0.153537862632548,-0.245683499052525,0.0578589856857293,-0.188629235009909,0.00150203817312409,0.154110684046455,0.0319026642047756
"7",0.357516497216717,-0.242238572531416,-0.0334964019994569,0.0205586866917264,-0.0860620105805208,-0.0595372362134493,1,-0.0344481739171499,-0.00997872549166405,-4.05529857672114e-05,-0.0678550074599234,-0.223686295109776,-0.0388970683724358,-0.257313206529318,0.0775357517079951,-0.0612370887425726,0.0903045588716928,-0.0612981490432587,0.162857422304808,0.115606749526561,0.0548145131029482,0.012914506453387,-0.0298800092591684,-0.0929174311685178,0.167377431666493,-0.0744898607016799,0.112598185434446,-0.237912761536927,-0.132297704023331,-0.100309097213988,0.211197158774993,-0.0120419797633742,0.0500670148377242,0.257523691700701,0.087651667661354,-0.0428355894471164,-0.24719412436729,0.151103580965193,-0.205763562707251,-0.202046250370371,0.158933519836835,0.060822245230667,-0.0130149259247062,0.0566851775341702,-0.101121744846266,0.029155245727851,0.176378560485217,-0.104624907007017,0.0128528499858109,-0.0129417435529976,0.105676528656952,0.0290092860717472,0.144597044203983,0.00019122353495475,0.118686273795956,0.011277900390333,-0.249873613977735,0.242924028944342
"8",-0.0814491784953715,-0.0964240349736168,0.352755225776446,-0.0485051524490756,0.144500510630973,-0.179354116998616,-0.0344481739171499,1,-0.0683252105850748,-0.216550383044189,0.219609795777131,-0.0217193626909009,-0.0377303264826558,-0.173115944007598,-0.00577524283836143,-0.0388301652910256,-0.23226663724585,-0.006230097151482,0.00421698038225378,-0.0626519896621266,-0.00405091852474479,-0.137907986385076,-0.0962275893269086,-0.272964893067362,-0.0956660920021779,-0.0117301638993641,-0.0927572590029418,0.182351945530544,-0.0040018240362651,-0.0463446634935451,-0.12526134275115,-0.125479058541535,-0.179957925137471,-0.158192140271303,0.11855135695637,0.171524850236117,0.0147356944205278,-0.128593308828253,-0.0619169530380154,0.0549085351008364,0.0533224732862727,-0.0334967672021896,0.0173888885817135,0.223986471538349,0.0966637853292464,0.328837995034908,-0.171291673047321,0.154479183270134,-0.125003853462887,-0.136463403186812,-0.0425813429390324,0.0454248908779289,-0.253522801169156,0.114981789947446,-0.0952136279403861,-0.00259641798669668,0.184319961583532,0.0946091683866592
"9",0.276425478152668,0.167063953501768,-0.187947196537283,-0.0283386539197883,-0.0284402306316923,0.087764480077342,-0.00997872549166405,-0.0683252105850748,1,0.0111485012295625,0.0623370544415611,0.246408355601964,-0.159246060925497,0.041432425654057,0.150570389738083,0.0628249951996472,-0.240407603895948,0.165170566179931,-0.150964549248785,-0.0518226137784885,0.136821923643486,-0.113530339851337,0.308931330529357,0.17722676416321,-0.166139094985302,0.042947508138798,0.117911836909181,-0.0225468050740087,0.216802638281667,-0.174594411659837,0.131325364562407,-0.0381236504865767,0.00237023794302066,0.0185758027563314,-0.0216535846675076,0.405236820799918,-0.178474791665769,0.160253343748017,0.139553779584982,0.191596972049354,-0.0572652734609274,-0.0125726641144483,0.23257173097549,-0.209646638333447,-0.217389436234855,0.104911125603488,0.119247308006503,0.162633107837894,-0.137372694453945,-0.113398332722016,0.14914122577208,0.0937979672749455,-0.167496037175295,0.0844730931710327,-0.219136880605122,-0.0265849440995531,0.30527857472139,-0.171572451295008
"10",0.1765347563802,0.108257496181507,-0.166401355898568,-0.120846749020548,-0.0324094748330571,0.259287148382083,-4.05529857672114e-05,-0.216550383044189,0.0111485012295625,1,0.02254312590172,-0.1320906035566,0.0292425375182231,-0.0984768596622501,0.14426837052752,0.164971190990882,0.105191870687664,-0.102625456418154,0.0404036391795363,-0.0104989930083761,0.178560714530371,0.325272466898749,-0.111478718821564,0.138230699774151,0.194261534309775,-0.173175845979497,0.0552315879848394,0.222113492416588,-0.00372039066120753,0.214070728788118,-0.0638200683182119,0.300453594561207,0.130393157483666,-0.0697501757856315,0.167260767912727,-0.244954024185184,-0.00677485319525748,0.0353768606540377,-0.0212842073317732,0.0781485207922177,0.00797530517251762,0.0596920651072956,-0.0205595462538095,0.0449795523681822,0.274986918575774,-0.233494739272548,0.0355202124608878,-0.105626363639301,-0.0879929350646492,0.140751786312792,0.0427359568556645,-0.0125248204360456,0.105210787490751,0.0135254334407569,0.0876860106771807,-0.0828492570262043,-0.184930772973319,-0.340890925064896
"11",0.22935926993844,0.23483244511281,0.278101019873039,0.126076907487176,0.15699033109269,-0.240423407217201,-0.0678550074599234,0.219609795777131,0.0623370544415611,0.02254312590172,1,0.0493013967688322,-0.0488298535457063,0.128752178980448,0.103635732578522,-0.11586406403326,-0.0966564944106677,0.156903329051849,0.00779661085043065,0.0581748040555148,0.225094257874097,0.0819920905314837,-0.0939171150450644,0.044724396408516,-0.213839566694062,0.0154911855084099,-0.0149998737692129,-0.0287279798787212,-0.0571844606224767,-0.0455642204210536,-0.0620108765933637,0.00548387768677418,0.107174282628705,-0.0627709574025485,0.0658866376483756,0.172107230643977,-0.156897977267264,-0.148915223182619,-0.298798159046353,0.138297427984886,0.1263451703218,-0.287014282084543,0.198597098549292,0.0322169799782847,0.194181487579159,0.061789833094572,-0.224557855043245,-0.0640655919436598,-0.0890928537674387,0.118302867444142,0.192643575318257,0.198411484204768,0.177788785022056,0.00583177551935578,-0.00123547585372405,0.0313142805074284,0.0393722130715619,-0.0905178198419773
"12",-0.0504683050343695,-0.0330076077823658,-0.0125501597897309,-0.0429112496558513,0.0880381606468519,0.0225942442780899,-0.223686295109776,-0.0217193626909009,0.246408355601964,-0.1320906035566,0.0493013967688323,1,-0.0671849210120224,-0.0632393140585999,0.0130838684636376,-0.105381906113229,-0.129151879873882,-0.0486316818959824,-0.268258007524495,0.00650644982382246,-0.225404768788771,-0.104972328290866,0.32427422770569,0.174398644994307,-0.00382797487571525,-0.020691926804034,-0.0162633153190392,-5.02489100516682e-05,-0.0111514868330439,0.0904307689678444,0.00699232390859057,-0.0927201033614249,0.219575129747759,-0.0327627310155457,0.244042462362455,-0.00119764543559038,-0.00760700406001654,0.0740657832654904,0.00464389227132523,0.0228776911115225,0.204154362196456,0.0241896476890037,0.132950293005802,-0.0787969382940357,0.126379448492845,0.124869389943162,-0.121808329920023,-0.0341797692953983,-0.0574004579837148,-0.153302716805712,0.0341364421921376,0.106142774724072,-0.211083295537766,-0.21577678946187,-0.268524876360771,0.188879370733669,0.0492213424216403,-0.290802942405906
"13",-0.277922600376204,-0.0181199409560097,-0.128337091272901,-0.215503304289299,-0.0817612975381011,-0.0541022826786164,-0.0388970683724358,-0.0377303264826558,-0.159246060925497,0.0292425375182231,-0.0488298535457063,-0.0671849210120224,1,0.0345318916929055,0.0315729871484886,0.120544579942807,0.200386686721704,-0.149186458840714,-0.192967117717326,-0.104968995938244,0.099915868659304,-0.141586596283292,0.110807747391987,0.318916941750251,-0.0168355876466905,0.113704471297505,-0.0058138959971995,-0.264549310150573,0.170560338443606,0.0390811469319456,-0.172015410834861,0.0247432387606052,0.217931042842447,0.125929150748872,0.153313541585165,-0.201772394264644,-0.100408157742269,0.159607330905492,0.0802952605782317,0.070933095706114,-0.105267796165027,0.23573657474882,0.0949587563199192,0.185530777015072,0.132939994768711,-0.0217385439113969,0.0032235010968543,-0.144156155176612,0.380283929949938,0.131013585866517,-0.00199549992257933,0.0669246571730665,-0.152427920063685,0.0188063358015637,-0.106092711047045,-0.174076415595316,-0.134734064069725,-0.147898323367326
"14",0.0309388443315319,-0.0470295955611204,-0.104653601102597,0.29415438780721,-0.0447065938221047,-0.0451755721315458,-0.257313206529318,-0.173115944007598,0.041432425654057,-0.0984768596622501,0.128752178980448,-0.0632393140585999,0.0345318916929055,1,0.22149239049614,0.100948209036157,0.174385445686976,0.523120773926603,-0.197954403004832,0.0184237807093235,-0.209998187905412,-0.238184398755869,0.226216700722536,0.28840021017281,-0.210210257111616,0.161457464898327,-0.0320851959531694,0.0210766824103645,0.174240935518542,0.023346480343879,-0.0817228506233568,0.307187747682996,0.137540801288833,0.300988819951332,-0.134113577005491,0.0783015702374696,-0.116238885318648,-0.0156465160185175,0.297840537376241,-0.178451008117468,0.0620589526050852,0.108630848139394,0.0728724943595599,-0.107804142253126,-0.0467721015564942,0.161995595753186,-0.11644166789002,0.14678368659426,0.208655934391172,0.555056793057578,-0.0563763606145103,-0.12600657809368,0.174151112309187,-0.166841780585933,-0.129623507492307,-0.0826102273756008,-0.0381593964285579,0.00183984005224108
"15",0.270502241034415,-0.0278723606981793,0.125243943345663,0.057571395717892,-0.0827860051538967,-0.0795762585904543,0.0775357517079951,-0.00577524283836143,0.150570389738083,0.14426837052752,0.103635732578522,0.0130838684636376,0.0315729871484886,0.22149239049614,1,0.129545811269519,0.0763981180239845,0.262283785311849,-0.0374287449774734,-0.00601364499385732,0.235209700246156,0.126607835899263,0.367702041513496,0.183062218525295,-0.0479640541264131,-0.0631888251708806,0.0683664853874312,0.151045906029731,0.0816691777763374,-0.118349429596424,0.105513793362345,0.284203510294063,0.348520728254532,0.015723453066921,-0.0530649741744173,0.0725303235684046,-0.392091033823845,-0.077490105456841,0.043241174547417,0.032575200365957,-0.0328075247588723,0.34260098465009,0.0414699483747878,-0.0813468633389228,-0.0293481503308814,0.0769994076733243,0.0717433370517694,-0.260929860897035,0.186910516182789,0.183644277606039,-0.0975429174017323,-0.0345377126029448,0.0923513945358632,-0.0348619897217768,-0.0545595606523732,-0.0335033096359556,-0.0382872388537919,-0.224497800434743
"16",-0.0753622034926669,-0.0424804457898315,0.214013665985638,-0.152491875269939,-0.104529249518037,0.067754034496044,-0.0612370887425726,-0.0388301652910256,0.0628249951996472,0.164971190990882,-0.11586406403326,-0.105381906113229,0.120544579942807,0.100948209036157,0.129545811269519,1,-0.0177339179998885,-0.00798425808414736,0.017665589383731,0.0714586244220947,0.0428746556754874,0.0915934851433608,0.139231797520819,0.308734947839078,0.0668695775637208,-0.0707572291552829,-0.218169057996705,-0.0517377138739891,0.223124268259188,-0.159644022850056,0.0643031057638266,0.161464602110851,0.136984719814648,-0.119117477736677,-0.132391939822196,-0.306420826576913,-0.0119833267561303,0.207833631325756,0.282760893067835,0.396329684031015,-0.177113391639741,0.0855421724933403,0.160026119925939,0.343126514724598,0.244859753129474,-0.00803243935819553,0.0213073495252019,0.0249752348122114,-0.0293310241056832,0.0646059385870035,-0.084474857964722,-0.0881030875750263,0.063474074798523,-0.103227039339977,0.137899300912594,-0.223090231209499,0.0996689678888133,-0.165979451882128
"17",-0.037623338143148,0.0858569055684551,-0.227323016287563,0.227706178505557,0.1329807567389,-0.156064223925522,0.0903045588716928,-0.23226663724585,-0.240407603895948,0.105191870687664,-0.0966564944106677,-0.129151879873882,0.200386686721704,0.174385445686976,0.0763981180239845,-0.0177339179998885,1,0.107309650498341,0.113282810879629,0.132282338147288,-0.0396263277405758,-0.0472037957851958,0.110654850086869,0.0822072714670424,0.0708515056090609,-0.156572464109226,0.0150655120349688,0.199894498961561,-0.0587852124233052,0.208444160706329,0.108895248298693,0.102786941131906,0.21430205594128,-0.0880467766200995,-0.0562970836689341,-0.219121167644629,0.0541925591214114,0.31579368626646,0.0961772175915998,-0.108206298212227,0.0802786833376555,0.0942641395414578,-0.00334853133302765,-0.152546964236097,-0.0850311939867932,-0.219340186728308,0.232605800484088,-0.211723379874126,0.480752865012175,0.27558918521127,0.116743893219656,-0.0734860158209049,0.153272110839734,-0.0994149845955158,0.0644408782671318,-0.164759821748129,-0.0835049350590783,0.0843058745651753
"18",0.282582440619842,0.148732942967815,0.0623450641778039,0.223197133021128,-0.149025033961059,-0.281889152263458,-0.0612981490432587,-0.006230097151482,0.165170566179931,-0.102625456418154,0.156903329051849,-0.0486316818959824,-0.149186458840714,0.523120773926603,0.262283785311849,-0.00798425808414736,0.107309650498341,1,-0.131657229628464,0.0717773452649549,-0.109125772023372,-0.21113196429259,0.223273621211222,0.135739434338505,-0.335928166916614,-0.0627189930852272,-0.00149815305055621,0.0363084401104839,0.0771693290919121,0.0593283504807139,-0.044817437930009,0.192426579920183,-0.0618609476629722,-0.0262268756621309,-0.0614808292021828,0.193277339230802,-0.135305380736239,-0.0684208500997168,0.13780175839809,-0.190497306761934,-0.00039903741858086,0.136275966971044,0.0647855694778633,-0.306518188101358,-0.169103257929455,-0.083406218187583,-0.129301842173816,0.00685623009429557,-0.0200615700247207,0.226448831338194,0.129132524468313,0.0706602105288625,0.186760476894749,0.0330960790048099,0.11353734874124,-0.154066696224997,0.0611381524802787,0.0634333471679382
"19",0.0845816695954601,0.242586198608255,0.317407169338169,0.0365737223255006,0.24198003378498,0.220653483444987,0.162857422304808,0.00421698038225378,-0.150964549248785,0.0404036391795363,0.00779661085043066,-0.268258007524495,-0.192967117717326,-0.197954403004832,-0.0374287449774734,0.017665589383731,0.113282810879629,-0.131657229628464,1,0.424785474182736,0.0234202089391967,-0.0134801162546595,-0.0288630192173503,-0.148886427022379,-0.0487157659589781,-0.168216216206031,-0.10026172104375,0.00722654333817681,-0.0560012220152388,0.134581977891321,0.561753912998218,0.356772722175099,-0.0878245672236401,-0.328688535177194,-0.0517239820634591,-0.0443215539350902,0.00118035954624139,-0.0102517446755568,-0.070222638407235,0.0705331630177427,-0.0669410417252052,-0.189713417812091,-0.162092152661398,-0.0932834476686233,-0.0423205485424107,-0.233089392547662,0.225639341151541,-0.285381591669526,0.0819159609855314,-0.21311123149625,-0.139920635995697,-0.0437486675460333,0.0436373418433549,-0.0388138835478208,0.203159638770357,-0.177428318740947,-0.113425153095015,-0.0127389518565108
"20",0.00315225278282606,0.289901674735757,0.0968332259503885,-0.179516193447114,0.340903378361029,0.275267685068125,0.115606749526561,-0.0626519896621266,-0.0518226137784885,-0.0104989930083761,0.0581748040555148,0.00650644982382246,-0.104968995938244,0.0184237807093235,-0.00601364499385732,0.0714586244220947,0.132282338147288,0.0717773452649549,0.424785474182736,1,-0.328055550499271,0.0212763483497438,0.0961742237090703,0.00313676051484984,0.00885520868068202,-0.130771795231891,-0.125302908921237,-0.162606612291203,-0.360009996307684,0.291260311104687,0.282472441344415,0.33199319709954,-0.0321308403122977,-0.261729439106795,0.0319705413714081,-0.00331015878982247,-0.0829813348313193,0.00108357156792471,0.117671269472419,0.137967235732564,0.299942089664754,-0.198286869026875,0.0800131272585978,0.118552780939413,0.0734142550168444,-0.240080496549289,0.234553499860396,-0.109456082780305,0.1914260364165,0.062594890873246,0.259216341424936,-0.0948740468260992,0.0514107780702914,-0.101038900727811,0.198269676531409,-0.239260881799567,0.0427851289271054,-0.0268300706261766
"21",-0.0545299403129177,0.204167143314297,0.0662954977565202,-0.0412647196586584,-0.0262115612241683,-0.178110585628451,0.0548145131029482,-0.00405091852474479,0.136821923643486,0.178560714530371,0.225094257874097,-0.225404768788771,0.099915868659304,-0.209998187905412,0.235209700246156,0.0428746556754874,-0.0396263277405758,-0.109125772023372,0.0234202089391967,-0.328055550499271,1,0.1757795698293,-0.113705300885507,-0.0979097821037904,-0.0322565147563686,-0.207966928069753,0.160303269431189,0.142634241246531,0.282932313490212,-0.273247907578331,-0.0278106796188074,0.017835060705641,0.366591184103243,-0.0541591858025043,-0.0779589393505279,0.153376362832098,-0.00339841917663546,-0.294606212586881,-0.383168667444132,-0.0534213439964238,-0.205977146304751,-0.0516270490358477,0.143555076709806,-0.206336754015895,0.0215858613638338,0.0242086140627719,-0.199715967719189,-0.337125126049406,-0.0348016136982132,-0.0876059833034466,-0.0663663418831909,0.107500216845018,0.144823634505827,0.146122259566996,0.0926143321867944,-0.0217297493991724,-0.0362331489144128,-0.251777621097195
"22",0.0698981922088602,0.19688038790474,0.0213480366214234,-0.230014781390133,-0.309991216244579,-0.0457879707859331,0.012914506453387,-0.137907986385076,-0.113530339851337,0.325272466898749,0.0819920905314837,-0.104972328290866,-0.141586596283292,-0.238184398755869,0.126607835899263,0.0915934851433608,-0.0472037957851958,-0.21113196429259,-0.0134801162546595,0.0212763483497438,0.1757795698293,1,-0.268451729529052,-0.0497856075251528,0.124945589081483,-0.0972114825920643,0.0425634505840769,0.122472070428523,-0.204384727758184,-0.0153852520769638,-0.0401661993617294,0.0518270541381183,-0.0741614310425682,-0.0556583819470872,0.048426249382207,-0.290363796807198,-0.0807559127917249,-0.247711060335863,0.0409666527492235,0.278520919369879,0.17422894966079,0.0675997940868671,0.0241841344195779,0.0162956704077376,0.121856859416216,0.0134284770501657,0.188040534476551,0.0127779475154403,0.0591144497867114,0.0738510020518602,-0.12661745403209,-0.23663955101111,0.153634181696166,-0.11638080492944,0.0577989304326614,-0.0532016228102543,-0.139138266930034,-0.0147261490697163
"23",0.0813976899743045,-0.0623597953414412,-0.130671935692202,-0.122183236227542,0.104702175109027,-0.0777364922747321,-0.0298800092591684,-0.0962275893269086,0.308931330529357,-0.111478718821564,-0.0939171150450644,0.32427422770569,0.110807747391987,0.226216700722536,0.367702041513496,0.139231797520819,0.110654850086869,0.223273621211222,-0.0288630192173503,0.0961742237090703,-0.113705300885507,-0.268451729529052,1,0.345654200349904,-0.0746627046669889,-0.111288191354844,-0.271098496804622,-0.0150784094693514,0.324977876230339,-0.0815883267946124,0.313739108493045,0.203593759389301,0.138054953413003,0.14330236283604,-0.108530768343838,0.103442369545483,-0.030690074066988,0.336122452935036,0.151791570297724,0.0189131973592531,-0.126487584110473,0.140075575407845,0.0539642227320001,-0.258422947690819,-0.209277977801425,0.109343913581995,-0.0340504426454505,-0.0935974990931939,-0.0492547007449339,0.0206364757736581,-0.0175264024823876,0.0221354221580576,-0.0800332633072855,-0.0575979582183119,-0.121429206186281,-0.112772460206493,0.103443078811806,-0.325910280007553
"24",-0.0062232016536514,0.268034771984355,-0.0542817948242136,-0.072329302367435,-0.126937051423974,-0.104549144603039,-0.0929174311685178,-0.272964893067362,0.17722676416321,0.138230699774151,0.044724396408516,0.174398644994307,0.318916941750251,0.28840021017281,0.183062218525295,0.308734947839078,0.0822072714670425,0.135739434338505,-0.148886427022379,0.00313676051484984,-0.0979097821037904,-0.0497856075251528,0.345654200349904,1,-0.07278634009028,0.177411409641972,0.120770534900109,-0.209099866791196,0.0307179878846458,-0.104949813040381,0.108643597214174,0.307422258166305,0.289425460069806,0.126645974639468,0.204655880408251,-0.153061087007764,-0.217180325049691,0.192907606429817,0.118766385202571,0.0120819451767241,0.00638392181762736,0.18505005761896,0.111968255162576,-0.0385772504308367,0.286622095100859,0.0396807660441824,0.154462899647233,-0.0335569233376589,0.0240759068905458,0.394043482973781,-0.0994429625045498,0.04736136450373,0.163989275472268,-0.0493297076408989,-0.245897584694202,-0.0281067023545725,-0.0596256515463785,-0.239182264745317
"25",-0.0939140924752745,-0.185667132170631,-0.129042588582906,0.0110045222577645,-0.00245897720125533,0.254988467167836,0.167377431666493,-0.0956660920021779,-0.166139094985302,0.194261534309775,-0.213839566694062,-0.00382797487571525,-0.0168355876466905,-0.210210257111616,-0.0479640541264131,0.0668695775637208,0.0708515056090609,-0.335928166916614,-0.0487157659589781,0.00885520868068202,-0.0322565147563686,0.124945589081483,-0.0746627046669889,-0.07278634009028,1,0.0157520582226612,-0.00122439816524731,0.0331694277463934,0.0577937105108672,0.408882073363405,-0.13883968943125,-0.0683691586697935,0.00994530001709285,-0.054685457291828,-0.112299323584516,-0.211566046025191,0.165585464284186,-0.06838229110147,-0.0524092495039008,0.0320099617756747,0.129289528724748,0.0208874642180568,-0.0904617135214025,0.120527851387008,-0.049344394460648,-0.14931807323764,0.0452553031701056,-0.155967047005446,0.0675067579313844,0.00930190752464688,-0.0661208069448635,-0.176525248027051,-0.051468602102102,-0.183587959143158,-0.0584375925703177,0.287934243879361,0.0661607390006754,0.0625658956662602
"26",-0.124263347548874,0.0308921102571346,-0.200937477611216,-0.0679595949320022,-0.283101181788103,0.00571526872132775,-0.0744898607016799,-0.0117301638993641,0.042947508138798,-0.173175845979497,0.0154911855084099,-0.020691926804034,0.113704471297505,0.161457464898327,-0.0631888251708806,-0.0707572291552829,-0.156572464109226,-0.0627189930852272,-0.168216216206031,-0.130771795231891,-0.207966928069753,-0.0972114825920643,-0.111288191354844,0.177411409641972,0.0157520582226612,1,0.230276282086181,-0.00731258475910246,0.00266346934917208,-0.107379251247743,-0.156098544110142,-0.120654015523002,-0.0989906174064307,0.173980606234746,0.0676198415448901,0.0997526887635422,0.0565266412294624,0.0655114041296712,-0.0976522386561532,-0.0784207520254021,0.0483961846786742,0.0928774616952712,-0.0402910751296328,0.109775724896369,0.0225379112639701,0.189248013795633,0.275887316352108,0.0346247370062671,0.137664709977571,0.0901275214712711,-0.157712313995193,0.24383227617983,0.32306432546741,-0.00633005759016562,-0.153765976645124,0.438447937888002,0.170108220529434,0.192364665506679
"27",0.0673411469303253,0.135428963302054,0.0844214963900903,-0.048841312174037,-0.11303312803835,0.0472642045955985,0.112598185434446,-0.0927572590029418,0.117911836909181,0.0552315879848394,-0.0149998737692129,-0.0162633153190391,-0.0058138959971995,-0.0320851959531694,0.0683664853874312,-0.218169057996705,0.0150655120349688,-0.00149815305055621,-0.10026172104375,-0.125302908921237,0.160303269431189,0.0425634505840769,-0.271098496804622,0.120770534900109,-0.00122439816524731,0.230276282086181,1,0.176467826607311,0.0227700734452327,-0.0441595816197291,-0.0536036925521124,-0.0943678247888229,0.248203234421022,-0.00359104951570725,0.110395566888435,-0.0209861268086226,-0.102344448542917,-0.0361187468662623,-0.294625726824524,-0.303617299727906,0.136673896755028,-0.0770949322687035,-0.015149272441749,-0.0603373928204516,0.0154216313025194,-0.0895279158331729,0.0189012304033727,-0.0880081392818421,0.257121511267073,0.221606538221693,-0.16211533942599,-0.0491983263507306,0.138021458550748,-0.0105003534836151,-0.0646088563535392,0.130630024656446,-0.167993897940529,0.0920231523359515
"28",0.0356624172405638,0.0458258499868854,-0.00494348192812545,0.229448339505939,0.0188858132273393,-0.0214830552336471,-0.237912761536927,0.182351945530544,-0.0225468050740087,0.222113492416588,-0.0287279798787212,-5.02489100516682e-05,-0.264549310150573,0.0210766824103645,0.151045906029731,-0.0517377138739891,0.199894498961561,0.0363084401104839,0.00722654333817681,-0.162606612291203,0.142634241246531,0.122472070428523,-0.0150784094693514,-0.209099866791196,0.0331694277463934,-0.00731258475910246,0.176467826607311,1,0.162959113548336,-0.00554274303822626,-0.0338556019845679,0.138184150038529,0.0639208625886733,-0.057748281368697,0.144035854657199,0.118328058818686,0.203739286121962,-0.0971377651926889,0.0131028255868111,-0.010324980172035,0.0871503008221535,0.115354272175923,0.0349229011491907,-0.0601100862373713,0.0284132381917258,0.110863776165931,-0.0567484035679126,-0.0416175341766897,0.128083947330864,0.0751014956512305,-0.172274157604049,0.0720724429154186,0.0762395937206317,-0.187456727005093,-0.0768207746364036,-0.0383280001885266,0.0139976034188476,-0.134523108333042
"29",-0.0692191234903478,0.00754082758532622,0.0101150285725597,0.0107450881258108,-0.160347460788606,-0.179130854038277,-0.132297704023331,-0.0040018240362651,0.216802638281666,-0.00372039066120753,-0.0571844606224768,-0.0111514868330439,0.170560338443606,0.174240935518542,0.0816691777763374,0.223124268259188,-0.0587852124233052,0.0771693290919121,-0.0560012220152388,-0.360009996307684,0.282932313490212,-0.204384727758184,0.324977876230339,0.0307179878846458,0.0577937105108672,0.00266346934917208,0.0227700734452327,0.162959113548336,1,-0.242077668241182,0.0499461151611395,-0.0176524999479964,0.051302145397416,-0.0169808680297417,-0.232832037208899,-0.00058940006854175,0.247945400611091,0.158543271058798,-0.175184772972143,0.169560440207114,-0.374479518167039,-0.0177601947204992,0.00702934203294925,-0.0559678053325685,-0.0202742732861467,0.244323256176414,-0.27519053316307,0.0324711766952714,-0.0856876200096716,0.00234678940473163,-0.264436404578994,0.241275172323405,-0.0315116799132673,-0.0753106206568947,0.0427405797024987,-0.0526576118084638,-0.0747881667037356,-0.232970002288764
"30",-0.181523658185568,-0.0543588015516088,-0.209486135787804,-0.196714238906839,0.107099686708241,0.216464197339526,-0.100309097213988,-0.0463446634935451,-0.174594411659837,0.214070728788118,-0.0455642204210536,0.0904307689678444,0.0390811469319456,0.023346480343879,-0.118349429596424,-0.159644022850056,0.208444160706329,0.0593283504807139,0.134581977891321,0.291260311104687,-0.273247907578331,-0.0153852520769638,-0.0815883267946123,-0.104949813040381,0.408882073363405,-0.107379251247743,-0.0441595816197291,-0.00554274303822626,-0.242077668241182,1,-0.121984768020178,0.122846803298579,-0.0797574294896995,-0.322254114526993,0.0311472297729126,-0.132595498479611,0.255859344771731,-0.0716936943581323,0.078261313884103,-0.136045465947512,0.291523891886016,0.0978671409361759,-0.0584610652752049,-0.0860994342972173,-0.0284386500713185,-0.245900870099801,-0.00126392333603667,-0.0831415456177541,0.307886371505289,0.103204337607838,0.110146279034229,-0.109917771528155,-0.0555281604505381,-0.172530208003654,0.0969211798060433,0.0537172940039199,-0.0152439070509534,-0.0847981565502334
"31",0.140248892441663,0.238684879985028,0.087307804926145,-0.0163859606547453,0.0950138540438969,0.178050887257989,0.211197158774993,-0.12526134275115,0.131325364562407,-0.0638200683182119,-0.0620108765933637,0.00699232390859057,-0.172015410834861,-0.0817228506233568,0.105513793362345,0.0643031057638266,0.108895248298693,-0.044817437930009,0.561753912998218,0.282472441344415,-0.0278106796188074,-0.0401661993617294,0.313739108493045,0.108643597214174,-0.13883968943125,-0.156098544110142,-0.0536036925521124,-0.0338556019845679,0.0499461151611395,-0.121984768020178,1,0.385338029120409,0.0263846700740343,-0.0282183505414002,-0.0802455835316443,0.107517259506544,-0.0476441943628572,0.295628883063531,-0.116506453102372,-0.0284872506725937,0.0247750939401362,-0.124148132979044,0.034324795150334,-0.236436100504905,-0.00874538027394381,-0.222540809169394,0.212387783232113,-0.270705752146984,0.00732189299554498,-0.075507212977486,-0.197619694226316,0.0288594543721316,0.099075289007712,0.00861042232922948,-0.0465169583247835,-0.188522504893578,-0.104879377612211,-0.138455552783824
"32",0.21078442171581,0.338908204002306,-0.00939194599246511,0.0029453382763679,0.0876037751277585,0.162265823803979,-0.0120419797633742,-0.125479058541535,-0.0381236504865767,0.300453594561207,0.00548387768677418,-0.0927201033614248,0.0247432387606052,0.307187747682996,0.284203510294063,0.161464602110851,0.102786941131906,0.192426579920183,0.356772722175099,0.331993197099539,0.017835060705641,0.0518270541381183,0.203593759389301,0.307422258166305,-0.0683691586697935,-0.120654015523002,-0.0943678247888229,0.138184150038529,-0.0176524999479964,0.122846803298579,0.385338029120409,1,0.260636128664334,0.0115498586201264,0.125292392257679,0.0614094541524322,-0.101014724351319,-0.131342440565657,0.136653822681336,-0.162975259257058,0.282408981875133,0.134920236023501,0.0583692622823991,-0.0419751507423697,-0.0399111817785,-0.0755585858500517,-0.0303000950124348,-0.288286614779127,0.101026909477493,0.464852755766149,-0.0745241858707488,0.0922967489908926,0.215278115537456,-0.281209014710915,0.0268892403340234,-0.326122384510891,-0.248382380333743,-0.48111336662927
"33",-0.0306054587367698,-0.0212952632237717,-0.0203371958936931,-0.0227736207471105,0.255341206556246,-0.0225360975917656,0.0500670148377242,-0.179957925137471,0.00237023794302066,0.130393157483666,0.107174282628705,0.219575129747759,0.217931042842447,0.137540801288833,0.348520728254532,0.136984719814648,0.21430205594128,-0.0618609476629722,-0.0878245672236401,-0.0321308403122977,0.366591184103243,-0.0741614310425682,0.138054953413003,0.289425460069806,0.00994530001709285,-0.0989906174064307,0.248203234421022,0.0639208625886733,0.051302145397416,-0.0797574294896995,0.0263846700740343,0.260636128664334,1,0.0337954872046062,0.0118896733773791,-0.129313026983873,-0.0775640772714441,-0.0295493737037014,-0.124999107844786,-0.121705931965682,0.132113260553859,0.0739669856059757,0.307303420804361,0.0383678028601235,0.0348695625742012,0.104555188472978,-0.0607717248557393,-0.36904398743155,0.288131537803741,0.362632607299675,0.136527282668497,0.0823124585884112,0.237875756735109,-0.180941130903314,-0.102621841049194,-0.121745713947843,-0.267275646564259,-0.180538821611634
"34",0.166620968849249,-0.404628968752779,-0.281480246766497,0.232940231937652,-0.166155231416808,-0.196036429809203,0.257523691700701,-0.158192140271303,0.0185758027563314,-0.0697501757856315,-0.0627709574025485,-0.0327627310155457,0.125929150748872,0.300988819951332,0.015723453066921,-0.119117477736677,-0.0880467766200995,-0.0262268756621309,-0.328688535177194,-0.261729439106795,-0.0541591858025043,-0.0556583819470872,0.14330236283604,0.126645974639468,-0.054685457291828,0.173980606234746,-0.00359104951570725,-0.057748281368697,-0.0169808680297417,-0.322254114526993,-0.0282183505414002,0.0115498586201264,0.0337954872046062,1,0.0679242016449022,0.112360063445301,-0.284936528136115,-0.0229442440011939,0.0433571583298965,-0.342129345547715,0.0867889009521589,0.317694367222807,0.0576569591702561,-0.116029672745326,0.0015115413982593,0.278070546000132,-0.136029542898929,0.133040971264832,-0.0657446339229116,0.0763248162789418,-0.102375338714962,-0.133206407665443,0.0129842829480395,-0.0580178664479095,-0.332764651681646,0.121216822224342,-0.155455186056432,0.036754837735379
"35",0.101044622345751,0.0740580672142994,-0.00110758537911347,-0.106418686403416,-0.069048467907137,-0.0860540978755633,0.087651667661354,0.11855135695637,-0.0216535846675076,0.167260767912727,0.0658866376483756,0.244042462362455,0.153313541585165,-0.134113577005491,-0.0530649741744173,-0.132391939822196,-0.0562970836689341,-0.0614808292021828,-0.0517239820634591,0.0319705413714081,-0.0779589393505279,0.048426249382207,-0.108530768343838,0.204655880408251,-0.112299323584516,0.0676198415448901,0.110395566888435,0.144035854657199,-0.232832037208899,0.0311472297729126,-0.0802455835316443,0.125292392257679,0.0118896733773791,0.0679242016449022,1,-0.0910519426948574,0.052012039826866,-0.120645362600351,0.0475372078445038,-0.125083727455054,0.16825692046476,0.25291558375329,0.166274584039937,-0.0718551578628949,0.303886612528194,0.196368424382053,-0.072552057467093,0.0512317447813455,-0.0928766846592728,0.0674344317205809,-0.0989414717894576,-0.0940644700280797,0.0248747922598534,-0.0993544488807891,-0.0230997444401844,0.0624677385833655,-0.246956292764914,-0.0288913088198957
