"","l_Insular.Cortex","r_Insular.Cortex","l_Amygdal.Area","r_Amygdal.Area","l_Bed.Nucleus.of.the.Stria.Terminalis","r_Bed.Nucleus.of.the.Stria.Terminalis","l_Hippocampus","r_Hippocampus","l_Orbitofrontal.cortex","r_Orbitofrontal.cortex","l_Entorhinal.Cortex","r_Entorhinal.Cortex","l_Frontal.Association.Cortex","r_Frontal.Association.Cortex","l_Globus.Pallidus","r_Globus.Pallidus","l_Glomerular.Layer.of.the.Accessory.Olfactory.Bulb","r_Glomerular.Layer.of.the.Accessory.Olfactory.Bulb","l_Glomerular.Layer.of.the.Olfactory.Bulb","r_Glomerular.Layer.of.the.Olfactory.Bulb","l_Granule.Cell.Level.of.the.Cerebellum","r_Granule.Cell.Level.of.the.Cerebellum","l_Hypothalamic.Region","r_Hypothalamic.Region","l_Entorhinal.Cortex","r_Entorhinal.Cortex","l_Vermix.Molecular.Layer.of.the.Cerebellum","r_Vermix.Molecular.Layer.of.the.Cerebellum","l_Lateral.Molecular.Layer.of.the.Cerebellum","r_Lateral.Molecular.Layer.of.the.Cerebellum","l_Anterior.Olfactory.Bulb","r_Anterior.Olfactory.Bulb","l_Posterior.Olfactory.Bulb","r_Posterior.Olfactory.Bulb","l_Subiculum","r_Subiculum","l_Perirhinal.Area","r_Perirhinal.Area","l_PreLimbic.System","r_PreLimbic.System","l_Primary.Cingular.Cortex","r_Primary.Cingular.Cortex","l_Primary.Motor.Cortex","r_Primary.Motor.Cortex","l_Retrosplenial.Cortex","r_Retrosplenial.Cortex","l_Secondary.Cingular.Cortex","r_Secondary.Cingular.Cortex","l_Secondary.Motor.Cortex","r_Secondary.Motor.Cortex","l_Striatum","r_Striatum","l_Ventral.Tegmental.Area","r_Ventral.Tegmental.Area","l_Substantia.Nigra","r_Substantia.Nigra","l_Thalamus","r_Thalamus"
"1",1,-0.0250617563751352,0.0157800070671911,0.0532280993966615,0.00541309841566313,0.0638740908351399,-0.0600317798967774,0.0662308417215995,0.226809769822823,-0.0680133824926594,0.0271219132158279,-0.117543945121879,0.0974889969127765,-0.0123118214145528,-0.0517081590013911,0.0466130649151923,0.00036734444013493,0.0708550736435086,-0.0889179095478729,-0.160761750321781,0.0288335030089381,-0.11736650540106,-0.098076284721481,-0.041814930106579,0.238508173562668,-0.12270589777114,-0.164706906054855,0.0787168315904412,0.027818877752038,0.177185005387827,-0.256340129147596,0.0120266936829272,0.0398083766556942,0.0206144069230503,-0.00394711986715543,0.024344164196526,0.00132833082813401,0.193910301944979,-0.075423833666213,-0.0983791690946783,0.0841413042861147,0.181578092080601,0.0155308838685665,-0.151879557879832,-0.277366053547656,-0.0226053855702369,-0.0504163744375492,0.0169585267637258,0.0201157395999927,-0.0688973615438995,0.102874830592666,0.0430408405025907,0.082820373498389,0.207907382897911,0.0590003789207384,0.185249443108135,0.0484419409397861,-0.0220457360394639
"2",-0.0250617563751352,1,0.0475007160441531,0.278433408995871,0.0104149759718652,-0.173126873636533,0.0492764394488446,-0.0552111888469933,0.102765992786857,0.109933287032269,0.043011371260295,0.127151418127494,0.115481747335347,-0.121824294488722,-0.133667573958876,0.143834258458885,-0.0345469398315964,0.0268559032621846,-0.102092461900055,-0.0627506821325486,0.0209128834703865,-0.139927696007644,0.0464208438802998,-0.0514602520699612,-0.0234684656827945,0.0199870159584688,0.144829456318946,0.0267200897278915,-0.0163331425417436,0.157862356405193,-0.023769012841965,0.190485087633575,-0.0190316946783544,0.0364290256395385,-0.241216224125995,-0.109709990065568,0.0982553283033278,-0.0227071408727846,-0.106956066725852,-0.00990965842618126,-0.112819825727707,-0.0895053380010218,-0.050111037284676,-0.0157729509396098,-0.0474132381771025,0.197450717901114,-0.00779874063641857,0.00313687307371457,-0.0701531455408359,-0.152431694363311,-0.0288897638456232,-0.0365876565962462,0.126762015260953,-0.104341102920552,0.155265641178086,0.111226120692268,-0.17691892562746,-0.0865698319874664
"3",0.0157800070671912,0.0475007160441531,1,-0.0836468755621751,0.0214168193852826,0.00938776919739801,-0.0326011381602582,0.0739258698421192,0.0414432647046385,0.105030532691371,0.213866562693849,0.00668755917241453,-0.0334117359121301,-0.173431404878903,-0.104830172569703,-0.00497384712643719,-0.105692575608637,-0.0622998741420743,-0.00127361250987474,-0.127023334676244,-0.233754054944842,0.0559999864621274,0.00367171557578543,-0.0482643293312617,0.245874727252136,0.103323564429424,0.156238507671649,0.166353554220397,0.0292026348980536,-0.114818565125885,-0.0437047986448539,-0.0599430612326057,0.0423324651212189,0.00156997527919055,0.0056402492178611,-0.101193439632171,-0.111762958011522,0.0390011812856619,-0.0573150734045637,-0.0547806400370979,-0.116730263529126,-0.0224117757087703,-0.0281456438909562,0.0290964141683198,0.0579472490908694,-0.243913054367429,-0.106568247418324,-0.0453552685212458,0.00836318187408923,-0.0978838187296416,-0.144587835027713,-0.124748343484187,-0.0839637015046032,0.0618627608146239,-0.0026922489844655,-0.0364919927468115,-0.0873187944235218,-0.0214804552182144
"4",0.0532280993966615,0.278433408995871,-0.0836468755621751,1,0.215520720256792,-0.131743037664295,-0.16507657648957,0.0424124179874964,0.0789173737918772,-0.0802844140299325,-0.00785459281346547,0.0834852572588292,0.0739695964135659,0.0107837187341859,0.0326574472033823,0.0339373455614133,0.0926491819376274,-0.128066674303709,-0.055320751622641,0.0380190836551927,-0.00383456312619312,-0.216922365508831,-0.0967529102339584,-0.0264220181079467,-0.0167311483628942,0.0712651179850163,-0.0751321291136614,-0.00982883184722479,-0.0611447097542126,-0.0261604300003846,-0.0218177989917169,0.139672388540393,0.285828856531515,-0.00917539595482115,-0.0795580930662368,0.111004233445487,0.282864185218809,0.154962872189645,-0.131799554830351,-0.198044590364607,-0.121848535199586,-0.00157321166450025,-0.0439796715902853,-0.114928365113828,-0.0544038213516119,0.0390723790753811,0.0416973079090429,-0.0622916089794265,-0.131974777439361,-0.0243609643257586,-0.0236717396216537,0.0731897951797304,0.229719688271077,0.05089398470598,0.115783345784228,0.0502994439993438,0.0355982096869591,0.120061244062279
"5",0.00541309841566313,0.0104149759718652,0.0214168193852826,0.215520720256792,1,0.03350841602703,0.0429637282919449,0.062749342964842,0.126114928395299,-0.0373134302057232,-0.233740746845716,0.244925332622839,-0.2367333030126,-0.082891114673701,-0.0887222476817037,0.0300378038314952,-0.07493960848675,-0.0929153095557579,-0.102376543031947,0.100223958850127,0.0527529997975502,-0.243276300083028,0.0240792347424664,-0.266280579297338,0.047225441420634,-0.150653360357589,0.0605653695426525,0.159838453952287,-0.069410209307397,-0.20756227049163,-0.0484542006465391,-0.0970759403725166,0.0563825232249225,-0.0508885450340971,-0.0842696688178151,0.0432365438758113,-0.00168650240776827,0.0986089438980976,-0.207843205761726,-0.115122302219026,-0.015555768768422,0.0224184511921684,0.115230832064379,0.0245120863797198,-0.141479864229527,-0.101782020961417,-0.0933816119791548,-0.010903943581299,-0.164060850908123,0.0691297599058633,-0.0785470228407465,0.238293399477305,0.0673009077721725,0.0147020046211679,-0.0329245016268076,0.0362096919473358,-0.00512574685331705,0.0641362277147525
"6",0.0638740908351399,-0.173126873636533,0.00938776919739801,-0.131743037664295,0.03350841602703,1,-0.0324965810210473,0.0365389342192122,-0.241032417613425,-0.0365816877012557,0.0653575437683719,-0.0371762140653865,0.0202720470716711,-0.0731774560340595,0.0752487937565268,0.0362727681074919,0.00831481436705007,0.0956569066977441,0.238192757253336,0.0186039529020789,0.0170940602109445,0.0378596456758441,0.0831481211152286,0.213142916857242,0.118706794114318,0.0274928229393758,-0.0274579916262493,-0.125841264006444,-0.091114145981747,0.0853648858381455,-0.101327013458397,0.0293084898444672,-0.184864038748846,0.058714055473605,-0.0242113713034021,0.00704483455610816,-0.0587756017860382,0.195059016818184,0.0882972334591418,0.0329757551731708,0.166405894580855,-0.0548353189075741,0.0949157166531741,0.0512846926108789,-0.0515301789326538,-0.14943618787871,0.117477567389769,0.0430679699682755,0.151722157391802,0.00072335508033926,0.182346469409369,-0.0592483063380567,0.0456100606137102,0.112728846594179,-0.114590002322072,-0.086050933422908,-0.0281771548755965,0.197954311675505
"7",-0.0600317798967774,0.0492764394488446,-0.0326011381602582,-0.16507657648957,0.0429637282919449,-0.0324965810210473,1,0.123706879918107,0.0202400550188828,0.0735495707140883,-0.0304545712683421,0.222152891023077,-0.101115537808218,0.0106240393232953,-0.0252094245539111,0.0543694179651811,0.00764361529691045,-0.213700932884616,-0.0136153420177512,-0.0386490751816695,-0.115450617211772,0.0358473658266335,-0.0211341552725722,0.0441214967171092,-0.162895186627774,-0.110791777255437,-0.0211086393688044,-0.0766701064402154,-0.109919846064511,-0.0517275148355126,0.0957114603898026,-0.0579091946256114,-0.0600265140062916,-0.0934284911134718,0.197907795481461,0.0241810125053095,0.105647091145127,0.0134089572701395,0.100942210784763,-0.0752230379731242,-0.226836057702303,0.0511329451723056,0.0952549924339221,0.144215480886607,0.0388689089547507,-0.0605291308466391,0.140014333289427,-0.0436636472275827,-0.20941045784196,-0.0918928509218426,-0.126908886623416,0.0570471563057895,-0.231618105178543,-0.0358491057420032,-0.258978310458434,0.043052249070805,-0.0311930604526631,-0.172449693625972
"8",0.0662308417215995,-0.0552111888469933,0.0739258698421192,0.0424124179874964,0.062749342964842,0.0365389342192122,0.123706879918107,1,0.183667241470717,0.0361366435213166,0.154312644674903,0.178895867373371,-0.0335008862998386,-0.175693575028443,0.14308992347123,-0.12750352102773,0.0182718856153816,-0.0558990558630428,0.139521544316229,0.0488104963157889,-0.0565887798362505,0.0623244505253926,0.0859053437109024,0.00906504442710519,0.012403688460246,-0.124471831406271,-0.285440588090397,-0.0141232178426862,0.0887395467656458,-0.132205881922165,-0.0735693394364105,-0.00320109983371877,-0.0526367373854945,0.114641438046311,0.0921906202612897,0.196258035978475,0.0493077745177488,0.106388208716842,-0.152119128667835,0.0549085596134935,0.0411302994380904,-0.00248594121054331,-0.0832487573907244,0.0635819999942226,-0.0459724850051479,-0.0679228453137887,-0.130973466235962,-0.184199406644366,0.0785127119575824,-0.130630313303942,-0.158962827717694,0.0403976911471045,0.0933887438036629,0.00068092142199546,-0.0590375456267351,0.0543880966272447,-0.125017688750311,0.00565994333658348
"9",0.226809769822823,0.102765992786857,0.0414432647046385,0.0789173737918772,0.126114928395299,-0.241032417613425,0.0202400550188828,0.183667241470717,1,0.194150730920312,0.0101622872670987,0.110322878164609,-0.0561100584131027,0.0628471098286439,0.0149950291204296,0.0264698072434014,-0.016526486331034,0.0179185366963239,0.0825956658749104,-0.270447263431237,0.256009752744775,-0.129189075130788,0.0353989721523811,0.00731877969458333,0.0601253588961084,-0.0324371279677637,-0.0614157634388374,0.144921715477863,0.279967935429015,-0.103731474869897,-0.176046407662521,-0.10689135823575,0.0285034316828576,0.019880857503417,-0.10610043273584,0.0294748050015529,0.0226315310148981,-0.0151770247678021,-0.243083529346866,-0.211407571594867,-0.0360657332046653,-0.0289006629319325,0.160128350191454,-0.00095595348641453,-0.15541781033381,-0.0421463870394575,0.0290745979854189,-0.028804725647717,-0.028258090864672,0.187893314368389,-0.159071806751173,0.23564250684943,-0.160036393235336,-0.100443586959871,0.00765954607505322,0.09923370406311,-0.0516769367565795,0.0116791979933624
"10",-0.0680133824926594,0.109933287032269,0.105030532691371,-0.0802844140299325,-0.0373134302057232,-0.0365816877012557,0.0735495707140883,0.0361366435213166,0.194150730920312,1,-0.00135180666401055,-0.148813219222777,-0.0934816996638273,0.0970310871808267,-0.220679581857925,-0.170167093096865,-0.161255694313333,-0.00690892391211301,0.176667703322118,-0.238203217995648,-0.0596058577751263,-0.101537177296212,-0.100249627286046,-0.0672338737821584,0.249843275895383,0.198506868326988,-0.019520851744968,-0.186684918205389,0.0943920060453357,-0.135819429065968,0.0151751149364478,0.0297867311098091,-0.110890226672165,-0.115494956657863,-0.209569016013429,0.0491330041691507,-0.032836422158504,-0.167642678312375,-0.00103548522468836,-0.154774574659566,-0.125427183228118,0.0695414391568295,0.164513011715304,0.360539838587061,-0.0608897189264814,-0.142534966089296,0.0606196754047932,-0.0137698989502237,-0.0334382924578156,0.262485117831646,0.108099696786856,-0.0370336656307941,-0.16681580335752,-0.11235352250712,0.0222163740768786,-0.158585013844514,0.0415183524544572,0.0842384147389373
"11",0.0271219132158279,0.043011371260295,0.213866562693849,-0.00785459281346547,-0.233740746845716,0.0653575437683719,-0.0304545712683421,0.154312644674903,0.0101622872670987,-0.00135180666401055,1,0.0378641413883623,0.0293176367379665,-0.179656493956684,0.178089076406305,0.200133793139544,0.0655686600183431,0.166575692691096,0.207317460870986,-0.243280833978579,-0.0848141609219091,0.217299928793063,0.0378770610481443,0.140116513293726,-0.0141844222613994,0.0556798717234876,0.00699489372786489,-0.0282775635792588,0.0357529811789165,0.0380181654169793,0.0634778085646332,-0.0291705428541737,-0.021864263824365,-0.122350442535219,-0.0362743879850207,0.049000067354743,0.0579175632412298,-0.0232015322795827,-0.0287974965618017,0.00066598422714231,-0.0728459366410648,-0.071964058520401,0.0115194372273377,0.032234781211621,0.01588956413165,-0.0148924225445001,-0.126277910754814,-0.10637463417411,0.161207318687883,-0.0420531788750264,-0.131741648435531,-0.0359611131372755,0.0484428794215535,0.0401946847346134,0.0861577415029666,0.0386050651373887,0.0400256922615104,0.0215868838123913
"12",-0.117543945121879,0.127151418127494,0.00668755917241453,0.0834852572588292,0.244925332622839,-0.0371762140653865,0.222152891023077,0.178895867373371,0.110322878164609,-0.148813219222777,0.0378641413883623,1,-0.00203024988363685,-0.119660720535337,0.103615473683183,0.128059437145986,0.152112063833587,-0.131569839592125,0.122796789158284,0.0580235190964631,-0.0302948503018722,-0.084637394420985,0.0624239354757963,-0.0211542654597951,-0.0862693897686735,-0.11004071790871,-0.0514387859246947,-0.0352443855895269,-0.161974210303526,-0.206551074329035,0.137154812086519,-0.00224331754282075,-0.0243437206068232,0.134393626083914,0.0954439372800545,-0.0587314412582881,0.241151530286675,-0.0614361083010055,-0.132441325551444,-0.0183453886974746,-0.0341650970590112,0.14231733509286,0.267870173747049,-0.0304854044699804,-0.057139145437779,-0.0633489534798534,-0.109199912964092,-0.072089399911611,0.167902173564796,-0.0312208487411081,-0.226346194142668,0.280971410092156,-0.1476506174743,0.0608131219116069,-0.1086941143056,0.128783188202632,-0.0230938351095622,-0.00075439261926285
"13",0.0974889969127765,0.115481747335347,-0.0334117359121301,0.0739695964135659,-0.2367333030126,0.0202720470716711,-0.101115537808218,-0.0335008862998386,-0.0561100584131027,-0.0934816996638273,0.0293176367379665,-0.00203024988363685,1,-0.0484306862582898,0.133354091559541,-0.0512457990076386,0.265075180381849,0.185370968884542,0.109973026243768,0.173422374194631,-0.0907244717205629,-0.0177713064291164,-0.0348988413018871,-0.025698241961384,-0.0105991095076999,-0.0383318284353037,-0.0746149045468439,-0.123709473723386,0.0988027337117353,-0.0396744851874194,0.0366604591242009,0.279502109293383,0.0875558269555124,-0.108295856097942,0.0878183321695979,-0.0580670546295933,-0.0573146153291082,0.0972182392376053,0.0916602388789968,0.0498630588948506,0.110563639617341,0.0485205928324035,-0.0023422265399124,-0.167666556833659,0.00489255749092385,-0.0255807084850126,0.136084329417063,-0.00159919830387765,0.36494262181279,-0.00823557470327193,0.0505842936325728,-0.057763355971466,-0.00711626124270687,0.0542235234618347,0.111252972437836,-0.134182428557167,-0.150522329791546,-0.00146665236402234
"14",-0.0123118214145528,-0.121824294488722,-0.173431404878903,0.0107837187341859,-0.0828911146737011,-0.0731774560340595,0.0106240393232953,-0.175693575028443,0.0628471098286439,0.0970310871808267,-0.179656493956684,-0.119660720535337,-0.0484306862582898,1,0.00064749320597952,0.157378488834738,-0.0327580244675178,0.22240722114724,0.0452038934715127,-0.0346858781873642,0.0295211010772544,0.0466067629908489,-0.061384298657524,-0.0343559685900717,-0.0314933220397508,0.0642753054849067,0.0573686247492255,-0.106849002306808,0.136103980796995,-0.0571118829188877,-0.00265077301768712,-0.0745364328205067,-0.138443474074331,0.0643562425985621,0.0310125932793886,-0.00359847701397787,-0.078026865239246,-0.185367329091284,-0.0777526072175999,0.0312463630873751,-0.013658322506143,-0.0268864990836877,0.121057167420752,0.0321803955991423,-0.0860080581399807,0.120106085978069,0.123255810462525,0.0119304445338967,-0.0184149470015138,0.410921549778779,-0.0625487413068036,0.119690647568208,-0.0707250938982273,-0.0452914793217734,0.0139064242296312,-0.14205439590527,0.0859681425653056,0.147640189505182
"15",-0.0517081590013911,-0.133667573958876,-0.104830172569703,0.0326574472033823,-0.0887222476817037,0.0752487937565268,-0.0252094245539111,0.14308992347123,0.0149950291204296,-0.220679581857925,0.178089076406305,0.103615473683183,0.133354091559541,0.00064749320597952,1,0.154086702275797,0.0954867509849683,0.123398239313704,-0.00202922091567703,0.0496836040197432,0.133128789676164,0.219613267585783,0.0782667532401464,0.167237988259268,-0.0919994532139255,0.087086047302422,-0.138960355354382,-0.0394127619966174,0.117587070042733,0.147208315401183,-0.0281740596501653,0.0377403076383778,-0.216205847253354,0.0113534089487705,0.087487097809077,-0.0312978805966119,-0.130424105698802,0.102765175674562,-0.0292288712792307,0.114343931730898,0.0266189825187391,0.107820009516162,-0.171773558597902,-0.0817049485195292,-0.0633992218899259,0.0117215013182351,-0.1198672816312,-0.145225206611434,0.2071815998175,-0.0244625888835823,0.153841655646496,0.0215936037563527,-0.130204957073886,0.128584063511606,-0.1210222018492,0.0443413346976539,-0.0292835446140518,-0.00084532225650441
"16",0.0466130649151923,0.143834258458885,-0.00497384712643719,0.0339373455614133,0.0300378038314952,0.0362727681074919,0.0543694179651811,-0.12750352102773,0.0264698072434014,-0.170167093096865,0.200133793139544,0.128059437145986,-0.0512457990076387,0.157378488834739,0.154086702275797,1,-0.0450214627753939,0.117665815179364,-0.0695478242186034,0.0477020730223249,0.0501990088098067,-0.00274104849127167,0.0222763829698764,-0.00652490033476572,-0.0922381828975703,0.097903975543108,0.0116711457721959,-0.103350464437732,0.109991258886326,0.0274974113733743,-0.160403636103445,-0.0957823214102528,-0.0875560718337351,-0.0594371008236904,-0.0319480496988697,-0.0142348052864814,-0.0181473666824925,0.0338438221010156,-0.0504071504477358,-0.0923129494252093,-0.0322994642232708,-0.124590420510194,-0.129626465590669,-0.0798511019763577,-0.00577920730252256,0.0968075244881449,-0.0457622759871705,0.0863652584271773,-0.0433046953022262,-0.111927307258523,-0.0309100692684717,0.181749618343518,0.0072714226665772,0.135805495043637,-0.0628700019929617,0.186730624882049,0.026495949748634,-0.0655644008928477
"17",0.00036734444013493,-0.0345469398315964,-0.105692575608637,0.0926491819376274,-0.07493960848675,0.00831481436705007,0.00764361529691045,0.0182718856153816,-0.016526486331034,-0.161255694313333,0.0655686600183431,0.152112063833587,0.265075180381849,-0.0327580244675178,0.0954867509849683,-0.0450214627753939,1,-0.032678882573176,0.227200886583152,-0.0835882676600122,0.07612916351834,0.0419181239161179,-0.0823481470368537,-0.0237367931992116,-0.222823315244646,0.0934684255653153,-0.0177997309396677,0.013407975574144,-0.132227019287277,-0.0520956658738081,0.39810007407285,-0.041973609498399,0.297358366589669,0.127498765806834,-0.0138921550658465,0.248949229157589,-0.0422200202908226,0.0979065583125408,0.0176143649987767,-0.0107560327249738,-0.0529127417809481,-0.159469424908208,-0.00278019148627194,-0.245958715930771,0.0152169698821901,-0.0391954627530229,-0.00900273731403067,-0.0675208725183682,0.125741616700701,-0.0698171849907668,0.00882697660099355,-0.0201139977550171,-0.13774612433931,-0.195704824919824,-0.158557551139613,-0.0399718104705544,-0.041658357025299,0.0658697534531176
"18",0.0708550736435086,0.0268559032621846,-0.0622998741420743,-0.128066674303709,-0.0929153095557579,0.0956569066977441,-0.213700932884616,-0.0558990558630428,0.0179185366963239,-0.00690892391211301,0.166575692691096,-0.131569839592125,0.185370968884542,0.22240722114724,0.123398239313704,0.117665815179364,-0.032678882573176,1,0.0575157635653421,-0.00736666971260119,0.0670263781946845,0.0127752847176538,-0.054407564207153,0.0105107477342499,0.0114992775349792,-0.01121136999753,-0.0121343557278108,0.011628886081448,0.175279901076655,0.12396214956098,-0.261181091535173,0.156755242351136,-0.150521371213856,-0.0121305739784804,-0.0765851713172743,-0.143674708208892,-0.170893205422911,-0.127473131814556,-0.0376237090557232,0.201585157222229,0.0478989598624721,0.0458808684651695,0.0912636359824004,0.0510725171148538,-0.0133511647757283,-0.102446201333443,0.00076874085245487,-0.0219934353351774,0.0857142280654706,0.412256055287625,0.0248070950578104,0.110863197529096,0.0464558695971552,0.0532300818145042,0.206695948281797,0.0420349069719031,-0.0596272145097883,-0.0252014722005347
"19",-0.0889179095478729,-0.102092461900055,-0.00127361250987474,-0.055320751622641,-0.102376543031947,0.238192757253336,-0.0136153420177512,0.139521544316229,0.0825956658749104,0.176667703322118,0.207317460870986,0.122796789158284,0.109973026243768,0.0452038934715127,-0.00202922091567703,-0.0695478242186034,0.227200886583152,0.0575157635653421,1,-0.089276013798821,-0.165809979339137,0.153721782746692,0.0366481108373367,0.0744778421391245,0.00364134933107217,0.152477716553756,-0.145500875661542,-0.0717755536496331,0.108653876163968,-0.045322914556037,0.331498067538162,-0.0307078218821061,0.128238895206059,0.0262032679107468,0.156838295483397,-0.0138701517177663,0.133499831833548,-0.0537272295460675,0.0357603627590235,-0.0506222586491148,0.0654125632896581,-0.121587555777092,0.275275038190609,-0.0292164600091579,0.0538015481373958,-0.0431379908746975,-0.0388610511925912,-0.19553154531282,0.267432968097493,0.154253459674699,0.0309481563139205,-0.0140416079883151,-0.115921069821201,0.00666111333077192,-0.0640608298510101,-0.0231338801131238,-0.0232638362697435,0.18982404358919
"20",-0.160761750321781,-0.0627506821325486,-0.127023334676244,0.0380190836551927,0.100223958850127,0.0186039529020789,-0.0386490751816695,0.0488104963157889,-0.270447263431237,-0.238203217995648,-0.243280833978579,0.0580235190964631,0.173422374194631,-0.0346858781873642,0.0496836040197432,0.0477020730223249,-0.0835882676600122,-0.00736666971260119,-0.089276013798821,1,0.0113000192368462,0.0346093785660982,0.0680681597967328,-0.186344056171616,-0.0531228552814194,0.0972942245329702,-0.0248594899325332,-0.207058010310458,-0.165643049814543,-0.0151100759670046,0.00200717021774164,0.273797246926694,-0.191897323252649,-0.0934768992014205,0.0240174192933739,-0.0971267246448949,-0.161416595117928,0.149105153088054,0.0409601873089102,0.0762211606033176,0.230810312464857,0.137290715491482,-0.0785874766423951,-0.0638032633628716,0.0625443659895708,0.197177092992572,0.00791101966388256,-0.0756445414892485,0.161042220487049,-0.148285287204695,0.0949360994971305,-0.124591230943525,0.162516163552862,0.17126327849969,-0.0262390841449752,0.0215826762843581,-0.0728753479137162,-0.17252260305518
"21",0.0288335030089381,0.0209128834703865,-0.233754054944842,-0.00383456312619312,0.0527529997975502,0.0170940602109445,-0.115450617211772,-0.0565887798362505,0.256009752744775,-0.0596058577751263,-0.0848141609219091,-0.0302948503018722,-0.0907244717205629,0.0295211010772544,0.133128789676164,0.0501990088098067,0.07612916351834,0.0670263781946845,-0.165809979339137,0.0113000192368462,1,-0.094072342436406,0.128680723069511,0.216668118967079,0.0349267477349178,-0.111095516090488,-0.126541086590149,-0.084880415665565,-0.027700859779061,0.180413966250007,-0.0147126323851801,-0.114760544456369,-0.14433390159051,0.0853473891547767,-0.201172368499979,0.125150831756507,-0.0189882361925388,0.0759602890456594,-0.103078542210871,-0.0249842103529195,0.108055961794411,0.0999997973123427,-0.0517363073158187,-0.00814460906454037,-0.0959583770534741,0.315913019386804,0.00664338769666452,0.00293446830337449,-0.0318192262507959,0.0582988044230708,0.0892406196147749,0.181109917155914,-0.0541824184416689,-0.1430778989245,0.0689474181385744,0.0756954308679285,0.0159342231141606,0.109760828936436
"22",-0.117366505401059,-0.139927696007644,0.0559999864621274,-0.216922365508831,-0.243276300083028,0.0378596456758441,0.0358473658266335,0.0623244505253926,-0.129189075130788,-0.101537177296212,0.217299928793063,-0.084637394420985,-0.0177713064291164,0.0466067629908489,0.219613267585783,-0.00274104849127167,0.0419181239161179,0.0127752847176538,0.153721782746691,0.0346093785660982,-0.094072342436406,1,0.0834736670411688,0.0253013402375676,-0.0240329826596534,0.146191096450064,-0.050451719010296,0.133200106117293,0.016874133972624,0.245400435140268,0.103527243811567,-0.0928726706574196,-0.12298283399573,-0.0483448832389282,-0.0365753311464472,0.062148963214349,-0.111600189578381,-0.186044881886232,-0.00264133893357476,0.392599782458448,0.198311321158256,0.122786316626141,-0.156323225410386,-0.147064832207456,0.154485506325201,0.129378760390762,0.0887026909776547,0.157045465413839,0.237605150341449,0.0893256491817094,-0.0287998250346342,-0.149283799079312,0.0215213110185876,0.0447667168991542,-0.133837122180465,0.0324743991753872,-0.0117122645949093,-0.0427732317309818
"23",-0.098076284721481,0.0464208438802998,0.00367171557578543,-0.0967529102339584,0.0240792347424664,0.0831481211152286,-0.0211341552725722,0.0859053437109024,0.0353989721523811,-0.100249627286046,0.0378770610481443,0.0624239354757963,-0.0348988413018871,-0.061384298657524,0.0782667532401464,0.0222763829698764,-0.0823481470368537,-0.054407564207153,0.0366481108373367,0.0680681597967328,0.128680723069511,0.0834736670411688,1,0.156026832086945,-0.0764485625355957,-0.0483529957249092,0.0380227217784953,0.0213954979433712,0.0362389361820418,0.111632379022862,-0.127248511848153,-0.135503739716969,-0.167564344854596,-0.121348366066143,0.103503931283827,0.0244527469383416,-0.0945814027630924,0.122920397442958,0.0355484230140284,0.0993962196144526,0.23745150754605,-0.0795155565020079,0.0303502790382089,0.0257496208255454,0.00339677316272194,0.017064070792965,0.170488345828066,0.234703798144069,0.00869491649475627,-0.0513651255756394,0.226081823308341,0.196633051790535,0.00227957792734526,0.0811078865953316,-0.0874223576069189,0.0443830070442724,-0.0983393886328562,-0.0649635047295657
"24",-0.041814930106579,-0.0514602520699612,-0.0482643293312617,-0.0264220181079467,-0.266280579297338,0.213142916857242,0.0441214967171092,0.00906504442710519,0.00731877969458333,-0.0672338737821584,0.140116513293726,-0.0211542654597951,-0.025698241961384,-0.0343559685900717,0.167237988259268,-0.00652490033476572,-0.0237367931992116,0.0105107477342499,0.0744778421391245,-0.186344056171616,0.216668118967079,0.0253013402375676,0.156026832086945,1,-0.151199581549658,-0.00551563198229347,-0.0773873333051052,0.0736131280107695,-0.0256735254677665,0.198033356058156,-0.0691277249376053,-0.135473114874223,-0.0884316107647277,-0.0293061571241159,0.0764766142123044,0.244372973913771,0.15821506683582,0.305229659515622,0.0132470233136508,0.0816404115820706,0.0725925856535524,-0.150915983272615,-0.136091539892879,0.0605420944829311,0.0284711398106721,0.0752345979323355,0.0951057945566206,-0.00483873336182042,-0.10790978751415,0.0282001921692476,0.164560603026211,0.00024386040137903,0.0129768579777087,0.134180174691104,0.11672538216573,0.048878097833577,0.0418258117347121,0.0751044636833123
"25",0.238508173562668,-0.0234684656827945,0.245874727252136,-0.0167311483628942,0.047225441420634,0.118706794114317,-0.162895186627774,0.012403688460246,0.0601253588961084,0.249843275895383,-0.0141844222613994,-0.0862693897686735,-0.0105991095076999,-0.0314933220397508,-0.0919994532139255,-0.0922381828975703,-0.222823315244646,0.0114992775349792,0.00364134933107217,-0.0531228552814194,0.0349267477349178,-0.0240329826596534,-0.0764485625355958,-0.151199581549658,1,0.132229830661022,0.00087936505771716,-0.0172965603909206,0.0477175066813898,-0.0374660068137632,-0.144929630793064,0.110625678085804,0.00108479111413241,0.0273838619955136,-0.1450226074065,-0.200459781706846,-0.158835011712151,-0.143855331047297,0.0199736642807446,0.0289557375539731,0.0917951944228153,0.201344320486235,0.0125670442999097,0.0596007799943807,-0.19211181045028,-0.257516874165666,0.00574161143969924,0.0807606350378354,0.136454785120465,0.184038831802924,0.211084748208905,0.189935048326481,-0.134387129316402,0.0583079236309232,-0.0350168187702176,-0.0553466024722175,-0.0976689218099061,0.084080584878332
"26",-0.12270589777114,0.0199870159584688,0.103323564429424,0.0712651179850163,-0.150653360357589,0.0274928229393758,-0.110791777255437,-0.124471831406271,-0.0324371279677637,0.198506868326988,0.0556798717234876,-0.11004071790871,-0.0383318284353037,0.0642753054849067,0.087086047302422,0.097903975543108,0.0934684255653153,-0.01121136999753,0.152477716553756,0.0972942245329702,-0.111095516090488,0.146191096450064,-0.0483529957249092,-0.00551563198229347,0.132229830661021,1,0.0539164690635986,-0.014366405994791,0.00966073851304078,0.00156551878592927,0.0799359835172895,-0.120052326383206,-0.0212357056807917,-0.052281684606523,-0.10820058558458,-0.0634914751238164,-0.2276015588054,0.0977671965367202,0.150959187967592,0.0851755443947215,0.151447199012857,0.0216199024665343,-0.123428728015647,-0.0944768261656063,0.019141048303507,0.0590123535070796,0.0434686208656876,-0.0814338419562212,0.109712806006872,-0.0345317355036362,0.313818450250666,-0.0694273685724766,-0.0292545326244341,-0.0534646776746636,0.0266693165359883,-0.0499450173319634,0.0174383498256578,-0.01435333528703
"27",-0.164706906054855,0.144829456318946,0.156238507671649,-0.0751321291136614,0.0605653695426525,-0.0274579916262493,-0.0211086393688044,-0.285440588090397,-0.0614157634388374,-0.019520851744968,0.00699489372786489,-0.0514387859246947,-0.0746149045468439,0.0573686247492255,-0.138960355354382,0.0116711457721959,-0.0177997309396677,-0.0121343557278108,-0.145500875661542,-0.0248594899325332,-0.126541086590149,-0.050451719010296,0.0380227217784953,-0.0773873333051052,0.00087936505771716,0.0539164690635986,1,0.145127146349103,0.220746113282175,-0.00025485601591603,-0.152909058647293,0.0225742724376417,-0.00545989574705504,0.142197219700793,-0.0476422623129314,-0.185473890048954,-0.138682348326328,-0.103518534438769,-0.0343887914073955,-0.0398461231793771,-0.200406293235769,-0.0231397018333789,0.0397517494515349,-0.0103081609220394,-0.177803767492245,-0.0666228480125611,0.153911969227528,0.052174434857609,-0.214381647501801,0.0355991965314318,-0.012224458883519,-0.05871537515868,-0.143185129088438,-0.0578588508342182,-0.0715959036611851,-0.126333313696587,-0.0242702595210997,-0.0849327260188857
"28",0.0787168315904412,0.0267200897278915,0.166353554220397,-0.00982883184722479,0.159838453952287,-0.125841264006444,-0.0766701064402154,-0.0141232178426862,0.144921715477863,-0.186684918205389,-0.0282775635792588,-0.0352443855895269,-0.123709473723386,-0.106849002306808,-0.0394127619966174,-0.103350464437732,0.013407975574144,0.011628886081448,-0.0717755536496331,-0.207058010310458,-0.0848804156655651,0.133200106117293,0.0213954979433712,0.0736131280107695,-0.0172965603909206,-0.014366405994791,0.145127146349103,1,0.0406996163320133,0.104992269168273,-0.047191629306031,-0.303227930167963,0.210291769962487,0.0288236631105594,0.0179559695402882,0.0559083296845424,-0.0185335612610172,-0.0739463826679912,-0.145396034852632,0.106096169162973,-0.0766272670159029,-0.0797787894589578,-0.122311002971251,-0.041641001299523,-0.113227450093158,-0.0335466907351722,-0.0938887975130534,-0.0137346476738771,-0.248095684089983,0.0867437953167977,-0.116612152321527,0.0263371238270806,-0.0536048534035122,-0.104815414484977,0.0483371286150486,0.23408775660277,-0.0349842755695352,-0.0525220876762538
"29",0.027818877752038,-0.0163331425417436,0.0292026348980536,-0.0611447097542126,-0.069410209307397,-0.091114145981747,-0.109919846064511,0.0887395467656458,0.279967935429015,0.0943920060453357,0.0357529811789165,-0.161974210303526,0.0988027337117353,0.136103980796995,0.117587070042733,0.109991258886326,-0.132227019287277,0.175279901076655,0.108653876163968,-0.165643049814543,-0.027700859779061,0.016874133972624,0.0362389361820418,-0.0256735254677665,0.0477175066813898,0.00966073851304078,0.220746113282175,0.0406996163320133,1,0.0117503546128195,-0.278043202481102,-0.168828966453356,-0.0113924218191573,0.0430827245901843,0.0693367386946626,-0.15674566115007,-0.0476053186075245,-0.0934156794294336,-0.18811464641167,0.0204661404096523,-0.131031706437924,-0.109245639280178,0.0541623393733009,-0.0466104406906713,-0.179278826075689,-0.13770353527566,0.0836469087082341,0.0902861142212155,-0.0141465858514919,0.0949970492369929,-0.0723933205061139,-0.0514640744143804,-0.0904110505948814,-0.0676726386631138,0.0331852602989266,-0.00168165277781817,-0.215655624860079,-0.046948833657782
"30",0.177185005387827,0.157862356405193,-0.114818565125885,-0.0261604300003846,-0.20756227049163,0.0853648858381455,-0.0517275148355126,-0.132205881922165,-0.103731474869897,-0.135819429065968,0.0380181654169793,-0.206551074329035,-0.0396744851874194,-0.0571118829188877,0.147208315401183,0.0274974113733743,-0.0520956658738081,0.12396214956098,-0.045322914556037,-0.0151100759670046,0.180413966250007,0.245400435140268,0.111632379022862,0.198033356058156,-0.0374660068137632,0.00156551878592927,-0.00025485601591603,0.104992269168273,0.0117503546128195,1,-0.195122606796582,-0.0865030818002886,-0.143423227110648,0.115303682530538,-0.121605830560486,0.104248041046778,-0.0343931171042327,0.078225782611945,-0.00102565306556645,0.240669845055428,0.0329712645946686,0.0765861935850419,-0.180582481872828,-0.214485809217019,-0.0935109662825068,0.199244235835179,0.130300756581271,0.147133607641135,-0.0972672876496181,-0.135738956776489,0.233061776505368,-0.0371720934996356,0.120321014659407,0.152968823913123,-0.00611340782937221,0.0125322112180438,0.093635684798233,-0.210236561157428
"31",-0.256340129147596,-0.023769012841965,-0.0437047986448539,-0.0218177989917169,-0.0484542006465391,-0.101327013458397,0.0957114603898026,-0.0735693394364105,-0.176046407662521,0.0151751149364478,0.0634778085646332,0.137154812086519,0.0366604591242009,-0.00265077301768712,-0.0281740596501653,-0.160403636103445,0.39810007407285,-0.261181091535173,0.331498067538162,0.00200717021774164,-0.0147126323851801,0.103527243811567,-0.127248511848153,-0.0691277249376053,-0.144929630793064,0.0799359835172895,-0.152909058647293,-0.047191629306031,-0.278043202481102,-0.195122606796582,1,-0.0216058050138243,0.195055406154037,0.183757175749183,0.119614041379662,0.225303894961333,0.103108577432421,-0.0389470365746336,0.0115985868489958,0.0379356060388829,-0.0595075775730796,-0.0945191640033659,0.067034637864474,-0.130985182972152,0.169698354092003,0.108275190035917,-0.152286919876382,-0.126179540663265,0.151868727791798,-0.0825649667253987,-0.0511374193666049,-0.0687551109383956,-0.168504752451047,-0.160592909212168,-0.0734691729156396,-0.169158691634264,0.178886761056338,0.101414558092313
"32",0.0120266936829272,0.190485087633575,-0.0599430612326057,0.139672388540393,-0.0970759403725166,0.0293084898444672,-0.0579091946256114,-0.00320109983371877,-0.10689135823575,0.0297867311098091,-0.0291705428541737,-0.00224331754282075,0.279502109293383,-0.0745364328205067,0.0377403076383778,-0.0957823214102528,-0.041973609498399,0.156755242351136,-0.0307078218821061,0.273797246926694,-0.114760544456369,-0.0928726706574196,-0.135503739716969,-0.135473114874223,0.110625678085804,-0.120052326383206,0.0225742724376417,-0.303227930167963,-0.168828966453356,-0.0865030818002886,-0.0216058050138243,1,-0.0279825961510387,0.0903951061162169,-0.0812763394704455,-0.143524135745322,0.0259943506028055,0.0800615694683766,-0.0378953310362023,-0.104770530455397,-0.0464847260702483,0.153876943265763,0.113109574348476,-0.0858563917563347,0.0764562740390983,-0.146194718043578,-0.11364663217587,-0.0229337492051788,0.255610195584814,0.114604856161547,0.0808006253981804,-0.162229388417624,0.0748270987554361,0.0636932578496278,-0.0397979180830963,-0.179002448919008,0.0663284766457487,-0.128781440933623
"33",0.0398083766556942,-0.0190316946783544,0.0423324651212189,0.285828856531515,0.0563825232249225,-0.184864038748846,-0.0600265140062916,-0.0526367373854945,0.0285034316828576,-0.110890226672165,-0.021864263824365,-0.0243437206068232,0.0875558269555124,-0.138443474074331,-0.216205847253354,-0.0875560718337351,0.297358366589669,-0.150521371213856,0.128238895206059,-0.191897323252649,-0.14433390159051,-0.12298283399573,-0.167564344854596,-0.0884316107647277,0.00108479111413241,-0.0212357056807917,-0.00545989574705504,0.210291769962487,-0.0113924218191573,-0.143423227110648,0.195055406154037,-0.0279825961510387,1,-0.0562341369378553,0.0431827499455175,0.0153405306925003,0.225182650267299,0.0146620195359818,0.117557311636872,-0.195745827647414,-0.140029301030691,-0.119349357056329,-0.033644842412981,-0.0694425032069121,0.129304571676844,-0.0640335787931931,-0.0928764423926278,0.0208051122168629,-0.23364096374982,-0.0218537616676014,-0.0273102819934367,0.0361609307632603,-0.0297223535991743,-0.0414416179871367,-0.00435383053507235,0.0243342992961057,0.0715388254513806,0.031962043898655
"34",0.0206144069230503,0.0364290256395385,0.00156997527919055,-0.00917539595482115,-0.050888545034097,0.058714055473605,-0.0934284911134718,0.114641438046311,0.019880857503417,-0.115494956657863,-0.122350442535219,0.134393626083914,-0.108295856097942,0.0643562425985621,0.0113534089487705,-0.0594371008236904,0.127498765806834,-0.0121305739784804,0.0262032679107468,-0.0934768992014205,0.0853473891547767,-0.0483448832389282,-0.121348366066143,-0.0293061571241159,0.0273838619955136,-0.052281684606523,0.142197219700793,0.0288236631105594,0.0430827245901843,0.115303682530538,0.183757175749183,0.0903951061162169,-0.0562341369378553,1,-0.157746699984696,0.0407777132282558,-0.0511610516385154,0.0303996025903225,-0.274587793879276,0.128126681151093,-0.0856046037243477,0.0122052985199592,-0.00768148989741877,-0.39892801226295,-0.077937153217997,0.0163042631559324,-0.0654436559251651,-0.0219271896523075,-0.0039023322712215,-0.122626929805574,0.0613257921372051,0.00374458872161869,-0.0838119082915708,-0.19839557118604,-0.137093149093219,-0.119088895786783,0.0492950144369054,0.100862004256438
"35",-0.00394711986715543,-0.241216224125995,0.0056402492178611,-0.0795580930662368,-0.0842696688178151,-0.0242113713034021,0.197907795481461,0.0921906202612898,-0.10610043273584,-0.209569016013429,-0.0362743879850207,0.0954439372800545,0.0878183321695979,0.0310125932793886,0.087487097809077,-0.0319480496988697,-0.0138921550658465,-0.0765851713172743,0.156838295483397,0.0240174192933739,-0.201172368499979,-0.0365753311464472,0.103503931283827,0.0764766142123044,-0.1450226074065,-0.10820058558458,-0.0476422623129314,0.0179559695402882,0.0693367386946626,-0.121605830560486,0.119614041379662,-0.0812763394704455,0.0431827499455175,-0.157746699984696,1,-0.0289651635047449,0.120576375154569,0.0329347544212795,0.177742133904589,0.109431774535407,-0.0815219964099777,0.0249819894834098,0.0159520684546038,0.00366373810350752,0.00507102635901688,-0.156446591641565,-0.0593344610823286,-0.0913483486197774,-0.0113016975122533,0.0218903535195589,-0.121723476691543,0.00090120726964208,-0.112564342953927,0.00264496492555101,0.00949030846708106,-0.0260224521152294,0.015193750321787,-0.193524931934322
