"","l_Insular.Cortex","r_Insular.Cortex","l_Amygdal.Area","r_Amygdal.Area","l_Bed.Nucleus.of.the.Stria.Terminalis","r_Bed.Nucleus.of.the.Stria.Terminalis","l_Hippocampus","r_Hippocampus","l_Orbitofrontal.cortex","r_Orbitofrontal.cortex","l_Entorhinal.Cortex","r_Entorhinal.Cortex","l_Frontal.Association.Cortex","r_Frontal.Association.Cortex","l_Globus.Pallidus","r_Globus.Pallidus","l_Glomerular.Layer.of.the.Accessory.Olfactory.Bulb","r_Glomerular.Layer.of.the.Accessory.Olfactory.Bulb","l_Glomerular.Layer.of.the.Olfactory.Bulb","r_Glomerular.Layer.of.the.Olfactory.Bulb","l_Granule.Cell.Level.of.the.Cerebellum","r_Granule.Cell.Level.of.the.Cerebellum","l_Hypothalamic.Region","r_Hypothalamic.Region","l_Entorhinal.Cortex","r_Entorhinal.Cortex","l_Vermix.Molecular.Layer.of.the.Cerebellum","r_Vermix.Molecular.Layer.of.the.Cerebellum","l_Lateral.Molecular.Layer.of.the.Cerebellum","r_Lateral.Molecular.Layer.of.the.Cerebellum","l_Anterior.Olfactory.Bulb","r_Anterior.Olfactory.Bulb","l_Posterior.Olfactory.Bulb","r_Posterior.Olfactory.Bulb","l_Subiculum","r_Subiculum","l_Perirhinal.Area","r_Perirhinal.Area","l_PreLimbic.System","r_PreLimbic.System","l_Primary.Cingular.Cortex","r_Primary.Cingular.Cortex","l_Primary.Motor.Cortex","r_Primary.Motor.Cortex","l_Retrosplenial.Cortex","r_Retrosplenial.Cortex","l_Secondary.Cingular.Cortex","r_Secondary.Cingular.Cortex","l_Secondary.Motor.Cortex","r_Secondary.Motor.Cortex","l_Striatum","r_Striatum","l_Ventral.Tegmental.Area","r_Ventral.Tegmental.Area","l_Substantia.Nigra","r_Substantia.Nigra","l_Thalamus","r_Thalamus"
"1",1,0.381563942227681,0.133366085279952,0.0253905489990161,-0.090238368342534,-0.124677904875943,0.0362083521001052,0.0249235462113653,0.309771480495495,0.0218376214031679,0.0912634374505076,-0.099439824786497,-0.0981095259698382,-0.00483520926863181,0.133476684471927,0.133279739974109,0.210033767259772,0.134430708309957,-0.138983572435539,-0.0962262998559558,0.130324306892089,-0.0353149197707713,0.0925918755264992,-0.0470420488448642,-0.0799506098783118,-0.0217540220011245,-0.0519844431869575,0.143609837659973,0.133632690857503,0.079751998325891,-0.0365258908163532,0.17640998387513,0.0705282764856475,0.116808775756094,-0.0529698314706638,-0.0791408263245954,0.0265125773056701,-0.0633622638163623,0.0750161118564547,0.213414813407052,-0.196247162933873,-0.145195073012978,0.0783750944477563,0.0260365342896227,-0.0817101810380351,-0.0298996532551058,-0.134171806480703,0.030140478143774,-0.0919208806661036,-0.127962379855177,0.19519774684705,0.104285303778713,-0.0528683196370011,0.0561713840231155,-0.187564157526202,0.0635897254120243,0.0876326808295595,-0.0239308292213062
"2",0.381563942227681,1,0.0391450099385451,0.0452787600615281,-0.00469812224497394,0.0244787215706091,-0.0400130228474384,-0.0672198447363261,0.319781002203348,0.236802101368275,0.0689602745861111,-0.0703151989944147,-0.0576401122007506,-0.0944253163420165,0.299032255864181,0.110980739418336,0.283703042923408,0.145794518078867,-0.035246106434738,-0.174179615801011,-0.0435008806713616,-0.168583906963437,-0.108180377593689,0.0369892277971087,0.0153032010793524,-0.030111699730856,-0.00936440967041565,0.0294597324348162,0.00778729871510222,0.00973301352746492,-0.0411437044880195,0.0169140237731894,-0.08429400521334,-0.00311318142765036,-0.121280014162696,0.0209285610392385,-0.0197669845457241,0.0525594167152732,-0.151265439219104,0.0562447440949252,-0.185938689980171,-0.123023507929185,-0.0482809697746399,0.0266320780170476,-0.0178471565668964,-0.076176444399931,0.00636254028792865,0.100103423024923,-0.14599801945177,-0.0367942004974803,0.0601424448457252,-0.0450301433373547,-0.079003933046374,0.118396781077751,-0.236496566163956,0.147131072514937,-0.0747832873502181,0.115887205772476
"3",0.133366085279953,0.0391450099385451,1,0.290275922988998,-0.041103812579807,0.0436643061759876,0.0119109528332952,0.0308576812763831,0.0361415520623857,0.00678896934008194,0.183470170781877,0.182104160507493,0.00477926751527398,0.00040508846420626,0.098855099922655,0.0690739142573652,0.0824239624046986,-0.0405617736893055,-0.0327688354142287,0.0981353740876484,0.0359048963125337,0.0910864817578862,-0.0335604302396104,0.0278677946654945,0.0819903707705075,0.0646419065735212,-0.123488041881574,0.0965985341599294,-0.119775745650574,0.0498353706267805,0.0249533839733809,0.0519426618335133,0.239950057863006,0.05971744119882,-0.123609097730364,0.146452547128391,0.061542671557198,-0.0192497950815039,-0.0752143522345297,0.0366231573714613,-0.116464398455753,0.0732663087474527,0.0752657804283207,-0.0905453270311809,-0.100784429027711,0.0575960295533822,-0.180255477002919,-0.0521741262019167,-0.0590407790446355,-0.0467489865751155,0.106906405798048,0.0756192561081645,-0.0502509753729233,-0.104635885241132,-0.0271414396482724,0.0512483330329881,0.0163072866813854,0.0789330415161175
"4",0.0253905489990161,0.0452787600615281,0.290275922988998,1,0.0207886503219625,-0.0559995896261433,0.0661190484335935,-0.0524016749874928,0.0973350090451761,0.261518102369342,0.0096308154032852,0.184524167342244,0.100022997612082,0.122015559655224,0.0904631383442288,0.023339893107317,0.0138487656793738,-0.00269460342117742,-0.0995055568585972,-0.0413905710028514,0.290178320749807,0.158922683053144,0.168066639972155,0.263654437364196,0.124907576948842,0.158962930830477,0.00065429563824583,-0.139517038872537,0.132569398822428,0.0594013385420207,0.0164394428732213,-0.0835728557309075,0.0792958491569379,0.118589992787161,-0.161052068253596,0.149761906921806,-0.008360257912023,-0.00738017968673073,-0.254984118285713,-0.146129065818072,-0.0791535274363331,0.0575702660563613,0.105117105317703,0.122748562128445,-0.016598718415811,0.0480512824223791,-0.0399369205953079,-0.00192055948633735,-0.0539857594063034,0.0831098012422491,-0.117395460714388,-0.0797214247306344,0.136065561485387,-0.0222601412278076,-0.0953763923855206,0.0807121289332635,0.156309332984849,0.0175934123683892
"5",-0.090238368342534,-0.00469812224497394,-0.041103812579807,0.0207886503219625,1,-0.0325651712272109,0.0568201142480267,-0.0786842785364366,-0.0310746756867778,-0.130581529766029,0.0981158824866422,0.0475585091452104,-0.120428908281194,0.0787912876778232,0.14961889258722,-0.0149459798900147,0.126096859335481,-0.00363655734439695,-0.18449720228529,0.00048882883887649,-0.0407612151892153,0.0343066713397413,0.213071641060851,0.0917677993802254,0.0957167952552674,-0.0116024672562719,0.0196271312684412,0.0742567947276648,0.0566430852872394,-0.148465367451237,-0.0396409420184509,0.0355705038084297,0.124533155628059,0.0561071995354486,-0.0811384201689825,0.110727572584341,0.130594063655486,0.171776849287696,0.0685540443582374,0.11813681273937,-0.0850933064855886,-0.0704732680718586,-0.106383431879553,0.0483631573719253,-0.103590402471592,-0.0644480837816718,-0.125074928403425,-0.0520531848254439,0.122363831917662,0.0571637095434349,0.0231429036539676,0.0474562987416383,-0.0813270515299231,-0.0870756402632884,-0.076668767923404,0.0646211931296607,-0.0247325380834389,-0.0471906127179794
"6",-0.124677904875943,0.0244787215706091,0.0436643061759876,-0.0559995896261433,-0.0325651712272109,1,-0.09920420844255,-0.229259621852779,0.0171646253041621,0.0221986353022442,0.0758848364156104,0.0214280573622165,-0.0280531450960753,-0.0502829240896119,0.0678628524644126,-0.0804397809084913,0.145362942643305,-0.181846348991559,-0.0457515177050442,-0.0144873110171947,-0.108201748594782,0.168278288635679,-0.0631135235981366,-0.00179540540481031,-0.0776320329307769,-0.0669714453463474,0.129945765361246,0.0306795438485665,-0.220408851605153,0.119335490334153,0.179410940516607,-0.277694255140409,-0.119715403925364,-0.0258334694172216,-0.074933112082963,-0.00924931594449982,-0.169721438931669,-0.0492401382611881,0.0103812681240991,-0.00358080326042346,-0.0838405296096579,-0.101714549531082,0.00532343834711399,-0.076566678695348,0.0431459959545072,-0.0454966044217478,0.100541830031009,-0.0539250150198465,-0.0651228115846625,-0.154457651219183,0.0774818197967291,0.0300905679013456,0.0815800664695587,0.0340625024779418,0.0325581223071914,-0.0164768040427504,-0.155955887736671,0.0480567728357687
"7",0.0362083521001052,-0.0400130228474384,0.0119109528332952,0.0661190484335935,0.0568201142480267,-0.09920420844255,1,0.0832770867753007,0.136331438661998,0.0269619304945258,-0.203089051174777,-0.0547104473498225,-0.245304248002728,0.154799882753103,-0.0730382318162964,-0.154833236193855,-0.169131200198699,0.030918447466463,0.0215874120386986,0.0445359655295053,0.152809287124268,-0.180174804058722,0.183232056803583,-0.0253972198817331,0.0517026787480247,-0.0119023696872292,-0.0382284245507258,0.105614254880954,0.187291115898054,0.0300818874113446,-0.082708159145704,0.0970383417049316,-0.0484075966604983,-0.0678162524544578,0.168471679081563,0.0498802397007232,0.189180221684734,-0.0364902670106193,0.104961271533982,-0.182886755898634,0.0229876602803606,-0.033271245782613,0.0939231539764617,0.256463835499625,0.0977706795609236,-0.0400010902485014,0.102052437004991,0.125844245508023,-0.0605665436031076,0.0967032778755535,0.0272741308838534,-0.0776738082129723,-0.0228023260839731,-0.189481465940471,0.0264835458233862,-0.0694645050846292,0.151290843219627,0.111806808043522
"8",0.0249235462113653,-0.0672198447363261,0.0308576812763831,-0.0524016749874928,-0.0786842785364366,-0.229259621852779,0.0832770867753007,1,-0.0182043368194219,-0.0295615089599472,-0.0404174034512199,0.0156865424375103,-0.101254965987599,0.0205394189287442,-0.152777220606332,-0.0393226916543639,-0.103972323060235,-0.0262153346330271,-0.0625925517081901,-0.0413309288116147,-0.0275439082467486,-0.0949587677808637,0.110028915471468,0.0157771535911685,0.113259942103792,0.134970847917626,0.0135338906988157,0.0247448179347604,0.0256562953324998,-0.0657884202617757,-0.105968917185036,-0.00038646818557112,-0.174328799669522,0.0145760076777273,0.256861489697746,0.332084930862918,0.102769642051311,0.134809954810046,0.23873547304661,-0.0612260943105032,0.163273206376393,-0.0349628938986792,0.0918299060699574,-0.080726324722788,-0.183658574388952,-0.0514920622871145,0.107247466978426,0.121142449424712,-0.0551255991042609,0.0789700751737302,-0.102716187033106,-0.0477674088270265,0.0494181112028414,0.101717441018508,0.126473393337638,0.0429930223103264,0.0909691723756912,0.127088296329799
"9",0.309771480495495,0.319781002203348,0.0361415520623857,0.0973350090451761,-0.0310746756867778,0.0171646253041621,0.136331438661998,-0.0182043368194219,1,0.199339620144359,-0.0432221890904779,-0.0570181099677309,0.139871935856253,-0.0465580628194253,0.0927292355315728,0.0564875271330413,0.189112731959395,0.0360879889461408,0.0839820022058794,-0.160775945798055,0.17227187190567,-0.00487773894495816,0.0739925796728239,0.122921518290049,-0.101963881189506,0.146355220566186,-0.101441269526312,0.16268454783109,0.0470543822038295,0.0183151533165255,0.150845379196078,0.0116630931085333,-0.0869227485207186,0.0872857223972801,0.131668353225487,0.0142872068151463,0.0133125398134808,0.116113987137101,-0.0638353952655702,-0.00017109126103098,-0.110852709170405,-0.149135513229568,0.0617714042589075,0.0673792791960792,-0.00443895463105851,-0.120310523816599,-0.0262011534529096,-0.0326019701970451,-0.0901477587048041,-0.191538607481184,-0.0529419279021748,-0.0942444811841769,0.0635018454834541,0.0762439181135487,-0.209651610553181,-0.00664334833254489,-0.0218280886897558,0.0424944888604431
"10",0.0218376214031679,0.236802101368275,0.00678896934008194,0.261518102369342,-0.130581529766029,0.0221986353022442,0.0269619304945258,-0.0295615089599472,0.199339620144359,1,0.105127360825498,-0.0993312043876783,0.16930273329516,0.0859519745231893,0.0469276617784499,-0.0882286460191599,-0.0841156788207305,-0.0028515884855139,-0.162844633121563,-0.0543954097944258,-0.140269696393548,0.045292196592385,-0.0111785753414098,-0.00038625143664435,0.0161561499140894,-0.0682044623427741,0.019169975780197,-0.077000054640984,0.0822682330286438,0.116904099510913,0.111189914783909,-0.0141153475556072,-0.144726609282405,-0.00922761936276224,-0.0435225234086502,0.15989059484742,-0.19871865546041,-0.184957202028319,-0.424596586936473,-0.276104334679289,-0.308413530170148,-0.0892941280726559,-0.143929771521127,0.264948912052279,0.0329796791442413,0.175158003584441,0.0654387232014868,0.0505953515351887,-0.186208795031403,-0.119476899418001,0.0331338619733817,-0.0451704046010396,0.139553062820322,0.144624067254695,-0.0920531973400867,0.0106071433650456,-0.0131439703339304,0.185331101529296
"11",0.0912634374505076,0.0689602745861111,0.183470170781877,0.0096308154032852,0.0981158824866422,0.0758848364156104,-0.203089051174777,-0.0404174034512199,-0.0432221890904779,0.105127360825498,1,0.0931461085003497,0.130951474321332,0.0210795277387512,0.0046972248870615,-0.0550765551921931,0.180281252763994,0.0705626160138441,-0.0803711615407912,0.15134080986127,-0.0590661227382748,0.188487918977268,-0.156402976189301,-0.1301973025038,0.0930782382892652,-0.103728609290225,-0.091922914683719,-0.0366165861652611,-0.125645370319678,0.0863628929972536,-0.00129897913588053,0.175200924459481,0.144016141461746,0.17921900329189,-0.046509798727613,0.00335847599877083,-0.00930021994901619,-0.068658548965758,-0.0234485316552399,0.108729293516023,-0.202491713415268,-0.107237227374798,-0.0895714562976912,-0.117780098588777,-0.110191424793639,0.0688644956732449,-0.148928549323084,-0.056436738265393,-0.0624494614260673,-0.0850806251840636,0.0769831773601167,0.0652183477839743,-0.0727229255322906,0.0462063532587847,-0.0782282560072954,0.0191462369065911,-0.104053669740032,-0.0284315594905907
"12",-0.099439824786497,-0.0703151989944147,0.182104160507493,0.184524167342244,0.0475585091452104,0.0214280573622165,-0.0547104473498225,0.0156865424375103,-0.0570181099677309,-0.0993312043876783,0.0931461085003497,1,-0.0236583101957284,0.0640117271842331,0.198167724563493,0.110423426674019,0.117572949344069,-0.09777947273578,0.101631311100883,0.0547556775472478,0.087810982155055,0.106348109852443,0.0354894152183295,-0.0737101301304933,0.0508825620515927,-0.0782310490286151,-0.0753812306293619,0.0468651592758038,0.0149936539526933,0.173585002611422,0.0291554278980229,-0.143864037448196,0.0613626068597224,0.213029160751205,-0.259878081473156,-0.0653264611926707,0.0468263950845676,-0.215708202437007,0.167771609989916,-0.133894739836685,0.0038712123079662,0.0353957075808848,0.0728247330170416,-0.220825380429213,-0.221690381079922,-0.00640023066508076,-0.0618677184845505,-0.0767802838030575,0.10457834026844,-0.091545253381004,0.0758471841899421,0.133559931694732,0.0126069415042234,0.0660016904696546,0.107483848024159,0.0811829737508122,-0.0962084064377701,-0.0333727126567716
"13",-0.0981095259698382,-0.0576401122007506,0.00477926751527398,0.100022997612082,-0.120428908281194,-0.0280531450960753,-0.245304248002728,-0.101254965987599,0.139871935856253,0.16930273329516,0.130951474321332,-0.0236583101957284,1,0.011570285249511,0.00231160203885525,0.00355715736797089,0.243821678134017,-0.141855581958953,0.0886006450421753,0.106727235943986,-0.058047882088161,0.214708495131458,0.0305580603288387,0.00627798133838241,0.0170296823489163,0.0490147599193911,-0.0844806840135046,-0.095616914778644,-0.0891270139462296,-0.0464630200369199,0.1138791608128,0.0757778429727748,-0.211707829495524,-0.152773773949298,0.146481507031345,-0.114320923841231,0.0106082419177483,-0.0402624044206357,-0.211165790924514,0.0166289489661882,0.202183274819135,0.0946492454444298,-0.0633681776046341,-0.052854044713838,0.101866176998277,0.0925338661199023,0.0324649059689701,0.0037123057691588,0.413886892865541,-0.117984519837813,-0.0951369665485614,-0.0175553178380886,0.169423068380148,0.114397196729415,-0.0823286221924863,0.0617108085705214,0.044863464045043,-0.0739849560412438
"14",-0.00483520926863181,-0.0944253163420165,0.00040508846420626,0.122015559655224,0.0787912876778232,-0.0502829240896119,0.154799882753103,0.0205394189287442,-0.0465580628194253,0.0859519745231893,0.0210795277387512,0.0640117271842331,0.011570285249511,1,-0.0017548682107929,0.00530533333929007,-0.228551862001489,0.226370516322194,0.194250359863911,0.0712712357507766,0.0709976054249258,0.0672837083447312,0.157411790079251,0.0676014867783459,-0.00394029898935088,-0.015874627257641,-0.0935211274900933,0.0455494362395846,0.0255760626960131,0.00599577268006538,0.00364053394861069,-0.00734859062388979,0.00897909709522232,0.115325052309028,-0.00182608921208661,0.250041249580397,0.139197863348613,-0.0715956337291079,-0.104765587914865,-0.128925930606626,-0.0645868317406687,-0.109028629130832,-0.0620795715824653,0.19448191722958,0.0255398287201996,0.0392583457656536,0.221534951000004,0.144847703832429,-0.109892242976612,0.401362470199761,-0.00811998113745802,-0.047600924479924,0.171955440553067,0.0350243605658462,-0.0482883775617785,0.0664440558168512,-0.079929428763884,0.0666099506361357
"15",0.133476684471927,0.299032255864181,0.098855099922655,0.0904631383442288,0.14961889258722,0.0678628524644126,-0.0730382318162964,-0.152777220606332,0.0927292355315728,0.0469276617784499,0.0046972248870615,0.198167724563493,0.00231160203885525,-0.0017548682107929,1,0.219601615343985,0.170339394797237,0.104072810434995,-0.0255191712374075,-0.00225983425063243,-0.0137240996117833,-0.114167457443517,-0.0395815437247225,0.0620057462812753,0.137641079006228,-0.21930010419821,-0.0307818667084874,0.122893212451478,0.0176926831764253,0.173139548684075,0.0675064959555129,-0.0455542913944145,0.0441676259914294,0.0809659044465418,-0.237523831243319,-0.0237941544006456,0.0194250940329614,0.0305464482946603,-0.0114507848727672,0.0883966268226867,-0.0384073536692159,-0.123858710104587,-0.185378246078917,-0.12710699084311,-0.176765487845289,-0.00672494981555574,-0.0465075210403676,0.00371839976439068,0.0633056041291662,0.0170773124892943,0.118527565342538,0.0382847863487504,-0.0275711740325957,0.0425666037028803,-0.0620428224333382,0.0108325952263173,-0.168648234143683,-0.159656426025766
"16",0.133279739974109,0.110980739418336,0.0690739142573652,0.023339893107317,-0.0149459798900147,-0.0804397809084913,-0.154833236193855,-0.0393226916543638,0.0564875271330413,-0.0882286460191599,-0.0550765551921931,0.110423426674019,0.00355715736797089,0.00530533333929007,0.219601615343985,1,0.0799222698684696,0.0646309612361313,0.154414679725484,0.0443263851397568,0.0961332558230599,-0.081443038152394,0.0165744745606828,8.30026844556597e-05,-0.0642348779694277,0.0435348592523936,-0.105937227181297,-0.0453505194115983,-0.132864682234596,0.00330672658943028,-0.0313875921073132,-0.0718044918975343,0.0450757200451139,0.0923624690780277,-0.225471775739091,0.00733385505531435,0.192671533688629,0.0572667227391552,-0.134372657904745,0.198583208154435,0.122101444680627,0.00676661313314132,0.114400800246058,-0.0521945660567766,-0.130209802967218,0.0448912155065952,-0.157474164697961,-0.0967966753794824,0.170394209981435,-0.162532210908302,-0.0770331809145735,-0.0526707775886288,0.0413944808284936,0.0400772954805759,-0.234714907025405,0.127401371071015,0.0217896185899924,-0.111456971212573
"17",0.210033767259772,0.283703042923408,0.0824239624046986,0.0138487656793738,0.126096859335481,0.145362942643305,-0.169131200198699,-0.103972323060235,0.189112731959395,-0.0841156788207305,0.180281252763994,0.117572949344069,0.243821678134017,-0.228551862001489,0.170339394797237,0.0799222698684696,1,0.120812803024917,-0.0357072856193653,0.0253373225122269,0.106371235758107,-0.0242999897574041,0.0501671371208619,-0.251531690056882,0.0293868501947788,0.098785172165772,0.0615786385112159,0.0349083154553307,-0.0869198527541078,-0.264146682065591,0.108443923534965,0.0242517326604806,-0.0154762007467072,0.00729115014976139,0.00508599899735783,-0.200069480537933,0.0973887562220493,0.104810093078567,0.0825242569735407,0.287837048521171,-0.162772049830987,-0.0197666321765419,-0.10954768083879,-0.174720053482729,-0.262310768103945,-0.314266633260813,-0.14552937513392,-0.172618533677974,0.237422295867421,-0.127597436092357,0.235325400958875,0.342688198701739,0.160778416606265,0.0401297220187951,-0.0989691896601971,0.0501807580722386,-0.108132213233367,-0.126840061462833
"18",0.134430708309957,0.145794518078867,-0.0405617736893056,-0.00269460342117742,-0.00363655734439695,-0.181846348991559,0.030918447466463,-0.0262153346330271,0.0360879889461408,-0.0028515884855139,0.0705626160138441,-0.09777947273578,-0.141855581958953,0.226370516322194,0.104072810434995,0.0646309612361313,0.120812803024917,1,0.0541180751686624,-0.101369327891116,0.104388276285564,-0.135143386332147,0.102215252318941,0.064490067509516,0.0982410985759893,-0.135268193059419,-0.0586991982380609,0.065439055959585,0.0372633371943733,-0.0626835322819989,0.0432248336088018,0.137659713044008,0.137284852206193,0.120967243273378,0.058337598289438,0.101898647758689,0.00158141793752727,0.124126364366103,-0.115616470732448,0.130451121777196,-0.286991021538061,-0.208658830825724,-0.20876636918039,-0.0754784517647407,-0.120171044337878,-0.204458841102091,-0.114296192844503,-0.0609355994921304,-0.12609401666775,0.448061370955288,0.0741609054542751,-0.00729801895473011,-0.0395251446264565,0.0198643021540248,0.0103850738812128,0.0104001340076591,0.00034780804215309,-0.156344894331982
"19",-0.138983572435539,-0.035246106434738,-0.0327688354142287,-0.0995055568585972,-0.18449720228529,-0.0457515177050442,0.0215874120386986,-0.0625925517081901,0.0839820022058794,-0.162844633121563,-0.0803711615407912,0.101631311100883,0.0886006450421753,0.194250359863911,-0.0255191712374075,0.154414679725484,-0.0357072856193653,0.0541180751686624,1,0.15225543901429,0.133008799556097,0.0226240924778638,-0.0748851116551296,0.0874943780171354,0.0737907144948316,-0.0912382767801753,-0.127833478898685,0.118968403943271,-0.0232638739447022,-0.00814050992969693,0.270552165169296,0.0368933555718174,0.0542336474472672,-0.0731340011893602,0.0604311818158906,0.0785226347327138,0.0606092200422336,0.0333470101966335,-0.0713744325574544,-0.117875012631454,-0.00387705355049628,-0.00604857814837223,0.046876032678282,0.0787161911911798,-0.0239033317206382,0.0520428521276822,0.218092926888047,0.111125970660029,0.0827345917540486,0.0431179979813461,0.00720059260611592,0.00199800981173178,0.0644301078172211,0.0766219582824128,0.155341360719426,-0.00035441814964713,-0.0546259753096572,-0.0357479145026046
"20",-0.0962262998559558,-0.174179615801011,0.0981353740876484,-0.0413905710028514,0.00048882883887649,-0.0144873110171947,0.0445359655295053,-0.0413309288116147,-0.160775945798055,-0.0543954097944258,0.15134080986127,0.0547556775472478,0.106727235943986,0.0712712357507766,-0.00225983425063243,0.0443263851397568,0.0253373225122269,-0.101369327891116,0.15225543901429,1,0.175920650771987,0.238576105028062,0.0987576207544381,0.0592153314516768,-0.0345264166150629,-0.0870589235508698,0.0349733936208301,-0.00247285260149127,-0.00776384649999829,0.046341748820949,0.0833727642675229,0.121550589915244,-0.0988303852835393,-0.0322729414405577,-0.0841953767935467,-0.0842022442121811,0.0391593510831855,0.0791519510986744,0.0116189338838203,-0.0089045339968639,0.113941238467801,0.203685785174138,0.052601778317037,0.0663816529932441,-0.0206047639677886,0.0632858969456021,0.00875719948526071,0.0770729053003625,0.178764003151685,0.0268674216763049,-0.0613447153105377,0.00523126565450269,-0.0909387167897738,-0.0796446969379181,-0.120270631789432,0.180295245391474,0.0017597107810048,-0.0330510810725906
"21",0.130324306892089,-0.0435008806713616,0.0359048963125337,0.290178320749807,-0.0407612151892152,-0.108201748594782,0.152809287124268,-0.0275439082467486,0.17227187190567,-0.140269696393548,-0.0590661227382748,0.087810982155055,-0.0580478820881609,0.0709976054249258,-0.0137240996117833,0.0961332558230599,0.106371235758107,0.104388276285564,0.133008799556097,0.175920650771987,1,-0.0724113374324461,0.194328039904199,0.186908358286038,0.116422619738949,0.066490940608641,-0.0179077976779033,0.0307567839200827,0.195456807616421,-0.013928808622078,-0.0247229008613708,0.076944363965827,0.0418172704161658,0.198331610162872,0.106479404442689,0.0765187960902107,0.0107749675388005,0.115007487119075,0.00142527103886924,0.0596062186549125,0.0955847651533829,0.0406444585414237,0.127588583150184,-0.0665153169806419,-0.13791240874481,-0.0803791972311463,0.0262990951845868,0.0668302678587059,0.129951331386081,0.0868707759439515,-0.0824256368613845,-0.052663032116075,-0.0168766682084214,-0.106866158726509,-0.12850419502337,0.112976049535055,0.0099600717280424,-0.161736963930629
"22",-0.0353149197707713,-0.168583906963437,0.0910864817578862,0.158922683053144,0.0343066713397413,0.168278288635679,-0.180174804058722,-0.0949587677808637,-0.00487773894495816,0.045292196592385,0.188487918977268,0.106348109852443,0.214708495131458,0.0672837083447312,-0.114167457443517,-0.081443038152394,-0.0242999897574041,-0.135143386332147,0.0226240924778638,0.238576105028062,-0.0724113374324461,1,0.0753117537950453,0.234492736435477,-0.100871574639506,-0.0450990609361692,-0.0823287747740313,-0.0364744503586391,-0.00803947224211711,0.209332445507753,0.142748008402544,-0.00037599594802429,0.125672475451592,0.0177423739878113,-0.228188205935751,-0.120935994866939,-0.00640219407049877,-0.117722343950415,-0.0018756008942726,-0.0251026017272596,0.0559177173182479,0.170550198601862,0.152391820230374,-0.0893950034653774,-0.0277472778567598,0.124140000936035,-0.0743925677924956,-0.0837592190555528,0.125686744453981,-0.0552211989891861,0.0237437885359955,0.0242328885453943,0.0159958935037557,-0.0347725361276514,0.0614736461158626,0.136433955533678,0.0330489074743071,0.0213698058358641
"23",0.0925918755264992,-0.108180377593689,-0.0335604302396104,0.168066639972155,0.213071641060851,-0.0631135235981366,0.183232056803583,0.110028915471468,0.0739925796728239,-0.0111785753414098,-0.156402976189301,0.0354894152183295,0.0305580603288387,0.157411790079251,-0.0395815437247225,0.0165744745606828,0.0501671371208618,0.102215252318941,-0.0748851116551295,0.0987576207544381,0.194328039904199,0.0753117537950453,1,0.159635201205426,-0.0061992781086088,0.228000402136525,0.0852356933544627,0.0517522671843757,0.076102591127801,-0.194474098468591,0.0545660889656088,0.0177020279581164,-0.0527230591814789,0.10761206271957,0.116376219624122,0.163975908835867,-0.0432927396845721,0.184695110928832,0.00500850233700533,-0.153965784799253,-0.0808164919736093,-0.160329133182625,0.164900480690285,0.242214071710365,-0.137300392334103,-0.0256290386168285,-0.0569213847873492,-0.0467561071546751,0.0839236076214126,0.051085331527138,-0.0198971299299141,-0.0350292820536408,-0.0761786775205738,-0.00264584001899886,-0.0861696071358427,0.111308717668898,0.245584390582934,0.00119636134934359
"24",-0.0470420488448642,0.0369892277971087,0.0278677946654945,0.263654437364196,0.0917677993802254,-0.00179540540481031,-0.0253972198817331,0.0157771535911685,0.122921518290049,-0.00038625143664435,-0.1301973025038,-0.0737101301304933,0.00627798133838241,0.0676014867783459,0.0620057462812753,8.30026844556596e-05,-0.251531690056882,0.064490067509516,0.0874943780171354,0.0592153314516768,0.186908358286038,0.234492736435477,0.159635201205426,1,-0.0037094724953674,0.0159680414960876,-0.0262983906786254,0.054247633931505,0.0818455888453309,0.104363013099803,0.134317602047811,0.0657755428742811,-0.0871242724379819,0.107926004922957,-0.119588357926445,0.0866235084209475,-0.0422031030309961,0.0443710772099878,-0.0494912404375575,0.0686891236208099,0.0588282878219425,0.049006664586049,0.0943950005696302,-0.0345657367311574,-0.0860827920908361,-0.0513136066185939,0.0995536184662636,0.180082943790741,-0.019123936548856,0.207630583895138,-0.17723891987755,-0.34666325588539,-0.0642624627808493,0.0617587443414957,-0.101919678469534,0.032303690404736,0.0403663130961752,-0.0263448893253535
"25",-0.0799506098783118,0.0153032010793524,0.0819903707705075,0.124907576948842,0.0957167952552673,-0.0776320329307769,0.0517026787480247,0.113259942103792,-0.101963881189506,0.0161561499140894,0.0930782382892652,0.0508825620515927,0.0170296823489163,-0.00394029898935088,0.137641079006228,-0.0642348779694277,0.0293868501947788,0.0982410985759893,0.0737907144948316,-0.0345264166150629,0.116422619738949,-0.100871574639506,-0.0061992781086088,-0.0037094724953674,1,0.164932526336328,0.0474848849588244,0.124113780939932,-0.0486600341298365,0.0614957718006165,0.00132981009339584,0.0562305430845316,0.100955220964724,0.0229740690162989,0.204727233117928,0.371569540663865,0.157291892224895,0.282023899544232,0.102508357665765,-0.0596947760024194,0.0759115900654568,0.128774983235439,-0.206833591133866,-0.121077887807349,0.0910697297948243,-0.0157595644327539,0.202430807006169,0.285995443461525,-0.0153550836027788,0.0452589344383502,-0.0139249079872856,0.0214317581692411,0.0213839214657837,-0.0526336453227602,0.17596568741086,0.0261469255997631,0.189989427859476,0.127234046669764
"26",-0.0217540220011245,-0.030111699730856,0.0646419065735212,0.158962930830477,-0.0116024672562719,-0.0669714453463474,-0.0119023696872292,0.134970847917626,0.146355220566186,-0.0682044623427741,-0.103728609290225,-0.0782310490286151,0.0490147599193911,-0.015874627257641,-0.21930010419821,0.0435348592523936,0.098785172165772,-0.135268193059419,-0.0912382767801753,-0.0870589235508699,0.066490940608641,-0.0450990609361692,0.228000402136525,0.0159680414960876,0.164932526336328,1,0.204453587397539,0.0541317473248918,-0.0763838710889213,-0.178311434289359,-0.0470732640386553,-0.164721761362393,-0.0711009784850963,-0.0204082282100511,0.138439599586478,0.121639471798374,0.0813718006637367,0.25718762667034,0.112881689964698,0.117075744697197,0.164422833220673,0.207954669258678,0.119416167883062,0.0849125226260219,0.08286286179424,0.0473137171101726,0.0444319620713944,0.00592904207205353,0.0356066567674966,0.00973129916189498,-0.0406639318133898,0.0862363898323753,-0.02203184281091,0.0933221901157237,-0.119789858940274,-0.0547928710319043,0.18727295190168,0.160590340895564
"27",-0.0519844431869575,-0.00936440967041565,-0.123488041881574,0.00065429563824583,0.0196271312684412,0.129945765361246,-0.0382284245507258,0.0135338906988157,-0.101441269526312,0.019169975780197,-0.091922914683719,-0.0753812306293619,-0.0844806840135046,-0.0935211274900933,-0.0307818667084874,-0.105937227181297,0.0615786385112159,-0.0586991982380609,-0.127833478898685,0.0349733936208301,-0.0179077976779033,-0.0823287747740313,0.0852356933544626,-0.0262983906786254,0.0474848849588244,0.204453587397539,1,-0.199101741599498,0.0502357910581173,-0.0566608711003536,-0.0147270825088635,-0.0907228968306936,-0.123192422516256,-0.310956906844133,-0.0418648810145039,-0.106593155562672,-0.180225479507175,0.00430280779641057,-0.0806599518661303,0.0932880849131984,0.0553305754772574,0.118708368544544,0.0628390962248793,0.12858627103798,-0.191545207218635,-0.187778517653388,0.153494028683107,0.0273824847511382,0.0755485936648839,0.180571672791636,-0.112021620877169,0.0223837873049215,-0.102815454875281,0.0971483585090849,0.215901467321843,0.0472125984439001,-0.0107496538649936,0.00961582185513855
"28",0.143609837659973,0.0294597324348162,0.0965985341599294,-0.139517038872537,0.0742567947276648,0.0306795438485665,0.105614254880954,0.0247448179347604,0.16268454783109,-0.077000054640984,-0.0366165861652611,0.0468651592758038,-0.095616914778644,0.0455494362395846,0.122893212451478,-0.0453505194115983,0.0349083154553307,0.065439055959585,0.118968403943271,-0.00247285260149127,0.0307567839200827,-0.0364744503586391,0.0517522671843757,0.054247633931505,0.124113780939932,0.0541317473248918,-0.199101741599498,1,0.0189254814932462,0.163803821998066,0.167313646162481,0.0820597074329743,-0.0500413353088319,0.0624331982781822,0.0411381705590845,0.162438433153958,0.181307254502528,-0.0668803795815601,0.168747022375669,0.121459623752788,-0.0274558325386358,-0.0813053698601541,-0.0475618337103928,0.125457671496475,0.0840053107629277,0.128289437494489,-0.073787642602629,0.015913987785007,0.0949815642259499,0.00686971470347605,0.00566918915472118,0.0110608976490463,-0.129138837818396,-0.0791102452435488,-0.0494334070359597,-0.04145367062185,0.0912231657528874,0.0377298545125177
"29",0.133632690857503,0.00778729871510222,-0.119775745650574,0.132569398822428,0.0566430852872394,-0.220408851605153,0.187291115898054,0.0256562953324998,0.0470543822038295,0.0822682330286438,-0.125645370319678,0.0149936539526933,-0.0891270139462296,0.0255760626960131,0.0176926831764253,-0.132864682234596,-0.0869198527541078,0.0372633371943733,-0.0232638739447022,-0.00776384649999829,0.195456807616421,-0.00803947224211711,0.076102591127801,0.0818455888453309,-0.0486600341298365,-0.0763838710889213,0.0502357910581173,0.0189254814932462,1,-0.180928732972676,0.0234528196699354,0.0737529544571083,0.120468486324704,-0.0161176909214952,-0.0755602988114536,-0.131579270401076,-0.115257918869305,-0.107275559614756,-0.0231984805848026,-0.0274900773868435,0.0522090419120836,-0.106199266990411,0.304337975606032,0.126192479846358,-0.0860075650109699,-0.0287603381376783,0.191768612122991,0.0289896803839655,0.0658215124881872,0.0154227863261777,-0.00183991417640495,-0.0925877801957388,0.00557263007633336,0.0856161027524449,0.0121735808270472,0.0363852075182113,-0.0900306678138004,0.0865655062201673
"30",0.079751998325891,0.00973301352746492,0.0498353706267805,0.0594013385420207,-0.148465367451237,0.119335490334153,0.0300818874113446,-0.0657884202617757,0.0183151533165255,0.116904099510913,0.0863628929972536,0.173585002611422,-0.0464630200369199,0.00599577268006538,0.173139548684075,0.00330672658943028,-0.264146682065591,-0.0626835322819989,-0.00814050992969693,0.046341748820949,-0.013928808622078,0.209332445507753,-0.19447409846859,0.104363013099803,0.0614957718006165,-0.178311434289359,-0.0566608711003536,0.163803821998066,-0.180928732972676,1,-0.0815050187434981,-0.0637805250123498,-0.0543883207957745,0.0897608210025229,-0.177996021143293,-0.0036039114706944,0.0450437128161246,-0.14498923731198,0.0912379255700761,0.0310222464924954,0.26877341196997,0.116345963298056,-0.182979896667006,-0.12483739440293,0.0120173334767851,0.19941583728514,0.0720211650633733,0.2187559479904,0.0493235017756383,-0.145582779034589,-0.090337075261209,-0.128286491897102,-0.142071928397766,-0.0842706783310123,0.037369708175251,-0.154392351637468,0.0878934820868493,-0.0250098572923101
"31",-0.0365258908163532,-0.0411437044880195,0.0249533839733809,0.0164394428732213,-0.0396409420184509,0.179410940516607,-0.082708159145704,-0.105968917185036,0.150845379196078,0.111189914783909,-0.00129897913588053,0.0291554278980229,0.1138791608128,0.00364053394861069,0.0675064959555129,-0.0313875921073132,0.108443923534965,0.0432248336088018,0.270552165169296,0.0833727642675229,-0.0247229008613708,0.142748008402544,0.0545660889656088,0.134317602047811,0.00132981009339584,-0.0470732640386553,-0.0147270825088635,0.167313646162481,0.0234528196699354,-0.0815050187434981,1,0.185607795936922,0.184517314191796,0.163840720117183,-0.00151697075476308,0.120534406892927,0.0399567167495498,0.00475153062414864,-0.122567498812569,-0.133716252036989,-0.262918363901185,-0.150600981555699,0.0947013792860881,0.0624654530355074,0.112903908540405,-0.0219389373106874,-0.219428664950079,-0.300357303941604,0.0539596383275883,-0.0616392756909985,-0.0111858471477337,-0.0570885697355546,-0.00367655694365929,0.146861042537536,-0.0797744549718836,0.168516604849782,-0.0787616879031745,-0.0148993323090706
"32",0.17640998387513,0.0169140237731894,0.0519426618335133,-0.0835728557309075,0.0355705038084297,-0.277694255140409,0.0970383417049316,-0.00038646818557112,0.0116630931085333,-0.0141153475556072,0.175200924459481,-0.143864037448196,0.0757778429727748,-0.00734859062388979,-0.0455542913944145,-0.0718044918975343,0.0242517326604806,0.137659713044008,0.0368933555718174,0.121550589915244,0.076944363965827,-0.00037599594802429,0.0177020279581164,0.0657755428742811,0.0562305430845316,-0.164721761362393,-0.0907228968306936,0.0820597074329743,0.0737529544571083,-0.0637805250123498,0.185607795936922,1,0.033434378277054,0.134377083692766,0.0817629084373548,0.13529719926913,4.00631168103314e-05,0.0621133989080481,-0.0940793487651777,-0.00752707766480185,-0.112502308802416,-0.210457287875583,0.0181194012812087,0.10646009917195,0.040436783867176,0.0970877949995464,-0.215747237380068,-0.108644235788601,-0.0626667441278252,-0.0290537208331737,-0.00482127944588956,-0.115036660759142,-0.0823785760425537,0.0997081700232121,-0.0118929690439859,-0.0133107975617207,0.0160597426099604,-0.0308329246994171
"33",0.0705282764856475,-0.08429400521334,0.239950057863006,0.0792958491569379,0.124533155628059,-0.119715403925364,-0.0484075966604983,-0.174328799669522,-0.0869227485207186,-0.144726609282405,0.144016141461746,0.0613626068597224,-0.211707829495524,0.00897909709522232,0.0441676259914294,0.0450757200451139,-0.0154762007467072,0.137284852206193,0.0542336474472672,-0.0988303852835393,0.0418172704161658,0.125672475451592,-0.0527230591814789,-0.0871242724379819,0.100955220964724,-0.0711009784850963,-0.123192422516256,-0.0500413353088319,0.120468486324704,-0.0543883207957745,0.184517314191796,0.033434378277054,1,0.190736453046234,0.0385238941092561,-0.0107297721130848,-0.0501662321950403,-0.0829612312688475,0.126501103833691,0.206368726563527,-0.152998436131401,-0.0742545688010468,0.142431666159756,-0.109368332311984,0.0235567901506593,-0.0622728505219598,-0.142008138817649,-0.139595021463884,0.0364377503575694,0.0700969283290057,0.166006490090166,0.248330333215065,-0.143030224372797,-0.0716194580772418,-0.0915619131178231,0.0880127247362354,-0.0425717160921814,0.0693979828910839
"34",0.116808775756094,-0.00311318142765036,0.05971744119882,0.118589992787161,0.0561071995354486,-0.0258334694172216,-0.0678162524544578,0.0145760076777273,0.0872857223972801,-0.00922761936276224,0.17921900329189,0.213029160751205,-0.152773773949298,0.115325052309028,0.0809659044465418,0.0923624690780277,0.00729115014976139,0.120967243273378,-0.0731340011893602,-0.0322729414405577,0.198331610162872,0.0177423739878113,0.10761206271957,0.107926004922957,0.0229740690162989,-0.0204082282100511,-0.310956906844133,0.0624331982781822,-0.0161176909214952,0.089760821002523,0.163840720117183,0.134377083692766,0.190736453046234,1,0.0122963837922702,0.0826273693384813,0.0996364323718595,-0.0345097249418734,0.0464321010319793,-0.00090923275122161,-0.0409076980406345,-0.236735103033056,-0.0317051929137091,-0.230848382524693,0.00165835513801075,0.0690264523187921,-0.104667723912428,-0.205146073000666,0.0290678780112826,-0.073057757777961,0.00999121497066394,-0.057144586467457,0.0766964722203048,0.11727296686093,-0.0123299600012152,0.181475038343236,-0.0463905920874979,0.00203324573949152
"35",-0.0529698314706638,-0.121280014162696,-0.123609097730364,-0.161052068253596,-0.0811384201689825,-0.074933112082963,0.168471679081563,0.256861489697746,0.131668353225487,-0.0435225234086502,-0.046509798727613,-0.259878081473156,0.146481507031345,-0.00182608921208661,-0.237523831243319,-0.225471775739091,0.00508599899735783,0.058337598289438,0.0604311818158906,-0.0841953767935467,0.106479404442689,-0.228188205935751,0.116376219624122,-0.119588357926445,0.204727233117928,0.138439599586478,-0.0418648810145039,0.0411381705590845,-0.0755602988114536,-0.177996021143293,-0.00151697075476308,0.0817629084373548,0.0385238941092561,0.0122963837922702,1,0.251063337623844,0.0230190129185196,0.152340213676037,0.0424180235550829,0.106548183618329,0.031827023371943,-0.16002783835665,-0.0612523876814505,-0.00658748393706302,0.106014043840646,0.0021791421975712,0.126989315919472,0.106870773479452,-0.0235431096588423,-0.0275436582857448,-0.0597011260173746,0.0817257258555341,-0.027054944731961,0.0799115215638642,0.0178069847725818,-0.172537654320218,0.196723250848859,-0.022743586418514
