"","l_Insular.Cortex","r_Insular.Cortex","l_Amygdal.Area","r_Amygdal.Area","l_Bed.Nucleus.of.the.Stria.Terminalis","r_Bed.Nucleus.of.the.Stria.Terminalis","l_Hippocampus","r_Hippocampus","l_Orbitofrontal.cortex","r_Orbitofrontal.cortex","l_Entorhinal.Cortex","r_Entorhinal.Cortex","l_Frontal.Association.Cortex","r_Frontal.Association.Cortex","l_Globus.Pallidus","r_Globus.Pallidus","l_Glomerular.Layer.of.the.Accessory.Olfactory.Bulb","r_Glomerular.Layer.of.the.Accessory.Olfactory.Bulb","l_Glomerular.Layer.of.the.Olfactory.Bulb","r_Glomerular.Layer.of.the.Olfactory.Bulb","l_Granule.Cell.Level.of.the.Cerebellum","r_Granule.Cell.Level.of.the.Cerebellum","l_Hypothalamic.Region","r_Hypothalamic.Region","l_Entorhinal.Cortex","r_Entorhinal.Cortex","l_Vermix.Molecular.Layer.of.the.Cerebellum","r_Vermix.Molecular.Layer.of.the.Cerebellum","l_Lateral.Molecular.Layer.of.the.Cerebellum","r_Lateral.Molecular.Layer.of.the.Cerebellum","l_Anterior.Olfactory.Bulb","r_Anterior.Olfactory.Bulb","l_Posterior.Olfactory.Bulb","r_Posterior.Olfactory.Bulb","l_Subiculum","r_Subiculum","l_Perirhinal.Area","r_Perirhinal.Area","l_PreLimbic.System","r_PreLimbic.System","l_Primary.Cingular.Cortex","r_Primary.Cingular.Cortex","l_Primary.Motor.Cortex","r_Primary.Motor.Cortex","l_Retrosplenial.Cortex","r_Retrosplenial.Cortex","l_Secondary.Cingular.Cortex","r_Secondary.Cingular.Cortex","l_Secondary.Motor.Cortex","r_Secondary.Motor.Cortex","l_Striatum","r_Striatum","l_Ventral.Tegmental.Area","r_Ventral.Tegmental.Area","l_Substantia.Nigra","r_Substantia.Nigra","l_Thalamus","r_Thalamus"
"1",1,-0.283249592925326,-0.211412962547864,0.0794240999106112,0.114272000659737,-0.227915893873403,-0.29411176792242,-0.219481034435204,0.0773303279578418,0.378207984417721,0.317549828079571,-0.333226682729325,-0.0175258482099808,0.119969581510665,0.295125075376529,-0.00122019338607444,0.139078255142794,0.176517286584839,-0.00429436045217504,-0.084102432751309,-0.09867942157831,0.0761061839267684,0.181538917290987,-0.154480203377306,-0.050229007538541,0.084452077344403,-0.0958565343763748,-0.0925859171543,-0.120635337489929,-0.214001907905426,0.00572867596777409,-0.0223631245550897,0.0735422208953129,0.00716681708289926,-0.24585403885665,0.130533935350924,-0.204659487450002,0.100127093156898,0.387668634150147,0.0606478479254371,0.17197120511395,0.135443466581054,-0.150697050144888,-0.00151400107462138,-0.017780348476505,-0.287415471105834,0.176642847023524,0.374441825320045,-0.120850691070463,0.120365526865664,0.438462293947766,0.0539466628678696,0.0753729844393415,-0.026123838504573,-0.0653136746383991,-0.0812844880160128,-0.302146538546086,0.324271291186504
"2",-0.283249592925326,1,0.244998169061507,-0.149021678369727,-0.00473731684436222,0.091766283012068,0.309662222553321,0.23433409174274,0.203456927194196,-0.289326980600558,-0.315749482123551,0.328842615885131,-0.0599034959237826,-0.186002710284429,-0.0497094471613959,0.333534149186282,0.0215598927160335,-0.177408978054095,0.0548385052821141,0.181464992421775,0.0985990145463303,-0.17423739167537,-0.00902656405134951,0.0316842631721291,0.0901074344658053,-0.0690701958740542,0.125472975086707,-0.0245525657481015,0.0715344517667793,0.102179143928349,-0.0728352678899703,0.0601678217317388,-0.046066608153501,0.188294515630281,0.268919726691471,-0.234676081263007,0.253962551288567,-0.200635878373503,-0.242592405332346,0.111547991289364,0.0630469960949735,-0.135703996815839,0.0820303233459175,-0.0433542626710364,-0.204711429612979,0.0969572966388981,0.184496523979026,-0.0305491571167969,0.0960971275827526,-0.234771887694824,-0.0429198318420611,0.383704653309279,0.14214273429801,-0.036640040368746,0.0398972401160611,0.00328053555673023,0.217751635948152,-0.398477001125788
"3",-0.211412962547864,0.244998169061507,1,0.0396648537473227,-0.0351479862678532,0.0200990174437069,0.169231581033741,0.268407804144715,0.114644918444252,-0.125748322183277,0.191247658120309,0.279873367658145,-0.0978024837247507,0.10751857183343,-0.261074780391186,0.0997782418857161,0.0893027286078107,0.155061089133696,-0.0150247535268788,0.0700850464843685,0.182881040273982,-0.106039651552204,-0.135124365765013,0.0519478437799103,0.403058905552728,0.0676156564634177,0.138082960348581,-0.0501360656676647,0.0950455851413138,0.0204843589489586,0.0804337637109479,0.153240447715379,0.0429044295231339,0.20908549975472,0.143110672172355,-0.161050587440403,0.244468073862222,0.00828145049767811,-0.133637252321373,0.0443051328586653,0.0389199511528379,0.0450049862475048,-0.044724152383597,0.0929307434695826,-0.22042091287424,0.10852689135225,-0.0709981547282086,-0.0784394026065741,0.15865047168899,0.0992808554188405,-0.00490555934104111,0.21698876676972,0.0502712524182282,0.129399244943434,-0.0672110854696103,-0.0249355403134741,0.0952851913415893,-0.182516794117827
"4",0.0794240999106112,-0.149021678369727,0.0396648537473227,1,-0.074234592770157,-0.094949575923674,0.0235412196780464,0.0293625374674569,-0.128638349335332,-0.0233916232913005,-0.0441057939011094,0.119823839202368,-0.200541004877727,-0.0641229799665462,-0.0267358363016159,0.0386471879772323,0.0915554362282295,-0.0792946086887482,0.0133778602493867,-0.0339305877605135,0.0679931036840459,-0.109546579515809,-0.0216435618728557,-0.0473877774261728,-0.042209482420064,-0.121621268221141,-0.137058064538257,0.0724684803183391,-0.143320911795677,-0.211721583491793,0.106235012316437,0.0266716543403468,0.0442881340193888,-0.22096285174152,0.0350046590592524,-0.161827706233096,-0.0631607481996977,-0.166642572645759,0.151063394777763,0.0919215386904316,0.0343205279150074,0.0223829805621426,0.140650158240296,-0.0431832503311976,0.0926645126644907,0.0621327817776518,0.00657659505987572,-0.0146846249682263,0.0301232684432799,-0.019719670747949,0.018128625866409,0.00391351707118946,-0.0186811248437664,-0.144964025661891,-0.00203041697487036,0.114496504357236,-0.0788928077213525,-0.0855601526453017
"5",0.114272000659737,-0.00473731684436222,-0.0351479862678532,-0.074234592770157,1,-0.0671773071031526,0.0465698286922432,-0.0484254307652811,0.0674108556694735,0.130494452746793,0.187391790014251,-0.0333572081023701,0.180826282772891,-0.0152007767511568,-0.0227876617398428,-0.131209006319076,-0.0747929571891813,-0.0417871856143935,-0.0535612591825268,-0.048813102530432,-0.0207599443173153,-0.0368509376913781,0.0146999645243531,-0.0719157295268348,0.19146418441653,0.0464417142643113,0.088828606588112,-0.179785364004964,-0.0586308276274757,-0.0778586783629801,0.00888140472488196,0.0370344990462254,0.110624457252184,0.0317199317339589,-0.0418855364821428,0.115309845120475,-0.0781624964594694,0.225027342479005,-0.0778908672073363,-0.111324313618591,-0.153942029204697,-0.0794522452098858,-0.0148748949261066,-0.0759897356176278,0.153597706791455,-0.122553552469824,-0.111993462241144,0.0554820448023631,0.00656981583082961,0.00059232311912217,0.281103226905425,-0.157316244005391,-0.0355996140051048,0.0579295784093922,-0.132881946924051,-0.00033139456853686,-0.00846770891925902,0.0133114187870343
"6",-0.227915893873403,0.091766283012068,0.0200990174437069,-0.094949575923674,-0.0671773071031526,1,0.147434235659416,0.0593200433844365,0.151763419344593,-0.0589615476386277,-0.050849622747053,0.168389212539439,0.0197182061530565,0.0414590078274076,-0.213283794988502,0.0582114931585357,0.0157937335886206,0.0618723018467003,-0.178283226835271,0.0336693421248664,-0.0632039734955713,0.103921712720565,0.00999055062340056,0.242756299912713,0.110268515355818,0.00519275671134848,0.0224811610445096,0.0714584638351886,0.159354829571455,0.0120382740365326,-0.00721746407892752,-0.0191593860072155,-0.100695800679003,0.190652389472282,0.158536300688589,-0.177021810400951,0.117553349037454,-0.0879398249100922,-0.260936898564556,-0.19306919684291,-0.228980677804478,-0.0689258179181616,0.0610812658618913,-0.0118040912547257,0.00235199628371242,0.0236315877698775,-0.094968611964517,-0.173766598773064,-0.0129673619462574,-0.104873345772426,-0.206835798932013,-0.0902300078811796,0.0504991086368973,0.0740194045539713,-0.110496334260262,0.0128957247245085,-0.0320008765733699,-0.0605013671872004
"7",-0.29411176792242,0.309662222553321,0.169231581033741,0.0235412196780464,0.0465698286922432,0.147434235659416,1,0.0841347868292302,0.269893746059978,-0.205654604913638,-0.16563067043513,0.281941511402903,-0.107702736473403,0.0710963737086029,-0.0157053441742662,0.132897611093242,0.16883708675053,-0.0935500785874302,-0.0528651598482466,0.0500882992879167,-0.129458381027261,0.019005199397849,0.0653128650638572,0.0737442175044611,0.211967213158472,-0.0808203923729754,0.143093399904768,0.10025065300987,0.172157014996345,0.273457910688935,-0.161103027467705,-0.0030269804082429,-0.150103548703882,0.269744206011589,0.538563297547022,-0.115564520812562,0.213312566362045,0.0460234310803155,-0.117051835494318,0.0168310396311386,-0.0156392960096802,-0.0308994696923991,0.0561456172512294,0.191155997412257,0.0718873102383199,0.155318377036197,0.0727828070109368,-0.218957229057305,0.12821355605785,-0.00155672640529881,-0.124246836364037,0.081023884262572,-0.042086377177248,-0.143172103465097,0.214090238783631,-0.0334754441135581,0.213279849202649,-0.0474201102880544
"8",-0.219481034435204,0.23433409174274,0.268407804144715,0.0293625374674569,-0.0484254307652811,0.0593200433844365,0.0841347868292302,1,-0.110477571929698,-0.157094642570692,-0.271752336780439,0.12866845072127,0.0430267035298713,-0.0446830640586476,-0.0758027098440169,0.169215674766097,-0.0633490150274958,0.0471080012249643,0.190567814141947,0.133182797050383,0.271583129897239,-0.244680402492384,-0.120953868344604,0.0427426570654683,0.160021305060708,-0.118081944722446,0.108877564973316,0.113489883027724,-0.00329531785645234,0.153982488833032,-0.104714795682878,0.0815443851653788,0.035303304223484,-0.0418972672498093,0.24760090635619,-0.0670858240270688,0.240053979410803,-0.167690169295623,-0.155802345635897,0.293322323312291,0.0832666832580734,0.0760673754664907,0.151004133168287,0.0725369593625291,-0.192839202187943,0.252739380824241,-0.0893633157928037,-0.0408066054985817,0.214794936455587,0.0158405115821389,-0.267665807396868,0.0699112991815847,-0.091128382829719,0.0774181232994743,0.0692197446127925,-0.0838017247348758,0.303562133906139,-0.183785512234777
"9",0.0773303279578418,0.203456927194196,0.114644918444252,-0.128638349335332,0.0674108556694735,0.151763419344593,0.269893746059978,-0.110477571929698,1,0.145079489863047,0.147348533053583,0.187369901786714,0.148133420108384,0.135681931601148,0.036686578389869,0.0899695115204338,0.249833857656631,0.0898223046785641,-0.209504475396146,-0.0248174795318423,-0.0897716729471392,0.128096697260731,0.252162602323336,0.13222977725446,-0.0413753578131409,-0.117879569174105,0.103306246625436,0.038679632902546,0.219463587103954,0.0894172397090376,-0.0555237388805594,-0.159325854126187,-0.0480945341831835,0.334990796257584,0.117613149319786,0.0617979261561568,-0.119318886220966,0.0844463627359423,0.00952658569968552,-0.126587596686521,-0.0925885374000068,-0.136919622660088,0.134491774818562,0.0464645124473095,0.0513383648679811,-0.0673727751144208,0.0046618034351587,-0.103243650184878,0.078475403658847,-0.126163119935649,0.143179343799742,0.034419417794658,0.118948802229386,-0.255476911801309,0.269750919989564,-0.156713224804173,-0.0401279097726193,0.00287300762933505
"10",0.378207984417721,-0.289326980600558,-0.125748322183277,-0.0233916232913005,0.130494452746793,-0.0589615476386277,-0.205654604913638,-0.157094642570692,0.145079489863047,1,0.375778143331856,-0.501793995131239,0.0325607446306797,0.487131757635778,0.0628604174723805,-0.195125613328717,0.165147887909854,0.187755736995164,0.0263779219399483,0.0264115754035749,-0.0528821893525671,0.26814358429683,0.123397064960565,0.0137477569890077,-0.205511321986647,0.244424586601752,0.0738209064959617,-0.0580744199739548,-0.0787311887741128,-0.0376086056678646,0.144966627986323,-0.0902712887540739,-0.00495818057539788,-0.068335708695212,-0.254470068557902,0.379406496543233,-0.0553444642010569,0.251550270205763,0.187146186036981,-0.121538995736793,-0.106860541301714,-0.043457111898633,-0.168731888424129,0.049543119574725,0.206388741298451,-0.225600687676227,0.0599239399988173,0.237955794326319,-0.217625466091449,0.289961976221613,0.232598866126705,-0.285950631667755,0.0695966693480506,0.013009676711301,0.0103210786880994,-0.00057336661680972,-0.233648505771976,0.453880115968456
"11",0.317549828079571,-0.315749482123551,0.191247658120309,-0.0441057939011094,0.187391790014251,-0.050849622747053,-0.16563067043513,-0.271752336780439,0.147348533053583,0.375778143331856,1,-0.223432494487867,0.0926593529093524,0.254459661414453,-0.0368676557465943,-0.106270558130514,0.0386649381915723,0.341635729259948,-0.00860980663346377,-0.193006888587543,-0.093509985734802,0.305084331335701,0.123841977033753,0.0468666760320088,0.0879147275103221,0.131688829503195,-0.0898630527365255,-0.0583663588578332,0.0243317103342929,-0.19180947788608,0.22250790516513,-0.0447718242726867,0.184886345055515,-0.00391200458674536,-0.266507512260071,0.253291898701028,-0.1923366452648,0.159566658533949,0.104904700456172,-0.0661018660236219,0.0190348525722656,0.0214344003107023,-0.210730241308113,-0.113426069091761,0.0278137733137508,-0.253663611037419,0.0199676827434807,0.252463304107272,-0.0896364522688309,0.237232274060568,0.29969519630897,-0.0892950667228634,-0.0046583695324412,0.0446803940980225,-0.205911711161781,-0.0733718154665967,-0.136275671504177,0.190555938686725
"12",-0.333226682729325,0.328842615885131,0.279873367658145,0.119823839202368,-0.0333572081023701,0.168389212539439,0.281941511402903,0.12866845072127,0.187369901786714,-0.501793995131239,-0.223432494487867,1,-0.0239405176561439,-0.320627308343409,-0.144223427089518,0.185025921675663,-0.0878493584985331,-0.151369593947873,-0.142749467925436,0.107516650916358,0.182372670655502,-0.261636683285711,0.0238302860493847,0.0397200011241034,0.156562021925668,-0.259110981549156,0.00994315392054256,0.0777518568584097,0.1674368304412,0.0395401976910355,-0.0583293598289606,0.216470625043447,-0.132126735994163,0.145034718153099,0.210747118795247,-0.485176302537629,0.141467048660138,-0.105719201486597,-0.213765727601008,0.0520856064483036,0.109635089665617,0.0220296582439608,0.0758339759490224,-0.041347056764938,-0.254741663728366,0.150184253943668,-0.0615703846603408,-0.219868068281106,0.105194492001584,-0.175665985622795,-0.200851221403245,0.274455130069635,0.0555001833626406,-0.257447720536116,0.140699614350276,0.0398892806567617,0.116377475637102,-0.391952933930955
"13",-0.0175258482099808,-0.0599034959237826,-0.0978024837247507,-0.200541004877727,0.180826282772891,0.0197182061530565,-0.107702736473403,0.0430267035298713,0.148133420108384,0.0325607446306797,0.0926593529093524,-0.0239405176561439,1,-0.142459660053865,-0.0147923880481957,-0.061576111035596,0.122968403630811,-0.163194204860343,0.0791184449166126,-0.056245025153464,0.297738760508875,0.0454337186655559,0.0277537940257788,0.106400336199749,0.0532107861323093,0.0526839576572235,-0.128191514233566,-0.0933235043442246,0.071632441240149,-0.0315821300209272,0.150181126613065,-0.115647164699959,-0.0870666981881847,-0.0757759966626643,-0.160954916887495,0.0293746578089821,-0.00704532186485789,0.0354421725846891,-0.0784917858224778,-0.166866533788509,-0.360049750711087,-0.223821916556085,0.239084338474031,-0.054419076845647,-0.157530593988843,-0.176850639949503,-0.252561764090525,-0.0125509406679249,0.242505066425341,-0.0885159676918443,-0.147097109948917,-0.121945114990613,0.0177560731708332,-0.00512721753249996,-0.0406038069657725,-0.0761355886979165,0.130334009299361,-0.0491351144041695
"14",0.119969581510665,-0.186002710284429,0.10751857183343,-0.0641229799665462,-0.0152007767511568,0.0414590078274076,0.0710963737086029,-0.0446830640586476,0.135681931601148,0.487131757635778,0.254459661414453,-0.320627308343409,-0.142459660053865,1,-0.0740361273196093,-0.120550352364798,0.218113381764632,0.241164737623396,-0.0284870761164388,-0.235758298596663,-0.209911965503941,0.166435123709545,0.0519550251129058,0.025616286381972,-0.00243749659312313,0.188028226591616,0.139410835323504,0.0636325687335418,0.0354227596496367,-0.0167401301046932,0.065043024670691,-0.179947700766974,-0.0210304612220398,0.247314643464626,-0.0834443392415785,0.251347245473271,0.0300370311259931,0.106654507984434,0.00085321831644047,-0.0847141307323725,-0.114547856206462,0.0452616632970473,-0.131391685310803,0.108752686006322,0.0458143632535365,-0.130018981505304,-0.0416319899082806,-0.0343552838495811,-0.141937299600453,0.570547368794554,-0.0591119872936958,-0.192807503959785,-0.00765204350899778,0.00913656219995067,-0.0282629850556638,-0.242781906187131,-0.0974694253943622,0.266606378955265
"15",0.295125075376529,-0.0497094471613959,-0.261074780391186,-0.0267358363016159,-0.0227876617398428,-0.213283794988502,-0.0157053441742662,-0.0758027098440169,0.036686578389869,0.0628604174723805,-0.0368676557465943,-0.144223427089518,-0.0147923880481957,-0.0740361273196093,1,0.125364946560835,0.0302522045890047,0.00204821242015191,0.0352657419790631,-0.0281376223678161,-0.227551951561261,-0.0409020485648546,-0.0239331782193495,-0.198349549907668,-0.0852934788405472,0.0632392382106359,-0.16030906943474,-0.04605371393741,-0.0626245904227629,0.0378190779889175,0.0255877713294398,-0.155499608251289,-0.0231921874987396,-0.138439339882345,0.100835775677373,-0.0530720404755772,-0.0973199276403453,0.0978789505486073,0.148981224877942,0.114785390091639,0.221673801006022,0.138954874554609,-0.129644554124824,-0.147370538720846,-0.0543069593650094,-0.258606438987107,0.156139567568889,0.246926653120601,-0.032592574313063,-0.094309971669404,0.279663426321184,0.114141768949628,-0.0861528207368537,-0.161398096709579,0.00758104617508376,0.0535774580947301,-0.0748662876192547,0.148370789784594
"16",-0.00122019338607444,0.333534149186282,0.0997782418857161,0.0386471879772323,-0.131209006319076,0.0582114931585357,0.132897611093242,0.169215674766097,0.0899695115204338,-0.195125613328717,-0.106270558130514,0.185025921675663,-0.061576111035596,-0.120550352364798,0.125364946560835,1,0.0359182052777554,-0.100760673765459,-0.105430411931357,0.0379949376393262,-0.034587298051815,-0.207537301472268,-0.128685775388358,0.0605328673414927,-0.0570594157691997,-0.258905053307148,-0.00457034019377061,0.238658926706515,0.0522992590013505,0.074540582024022,-0.303020225298288,-0.131758693534936,-0.0957561715457573,0.159307995998072,0.145193035639345,-0.0701069384495184,-0.00754629465687551,0.152717661959846,0.0628779313122241,0.176158025105111,0.232934918801215,0.123400623826286,-0.047787681655286,-0.156372020918699,-0.151025742368572,0.0292713730816841,0.339234418595225,0.103874471646776,0.0779897015161898,-0.221122758959119,0.213695170782846,0.415729990689836,0.0896684670613365,-0.123073124464968,0.0334946137954955,0.00078076626188763,-0.0570673140001728,-0.15642090178019
"17",0.139078255142794,0.0215598927160335,0.0893027286078107,0.0915554362282295,-0.0747929571891813,0.0157937335886206,0.16883708675053,-0.0633490150274958,0.249833857656631,0.165147887909854,0.0386649381915723,-0.0878493584985331,0.122968403630811,0.218113381764632,0.0302522045890046,0.0359182052777554,1,-0.142615642745149,0.105927564234639,0.00106661507544277,-0.106684590316951,0.00768782013570406,-0.0416174457223917,0.245396368720919,0.102266341748844,0.074918176415728,0.0102744635842215,-0.126207194599139,-0.0113210609362882,-0.0255099295258582,0.0355578987194334,-0.0834793040560299,-0.0613606756673956,-0.00272172140796888,0.0381451871279621,0.109222537671556,0.0980571903766109,0.139441205715419,0.123634835465412,-0.131782199874435,-0.285500884621851,-0.0991333173356466,0.160683451172577,-0.0090789176509987,-0.0751467340319388,-0.0676005298909751,-0.151896828170304,-0.170222757648175,0.188080072274329,0.0543688042920416,0.0249969636528633,-0.0609398158658038,0.135263379880024,-0.044597701546794,0.143822966974509,-0.170282951093029,-0.132981594693944,0.12744447750527
"18",0.176517286584838,-0.177408978054095,0.155061089133696,-0.0792946086887482,-0.0417871856143935,0.0618723018467003,-0.0935500785874302,0.0471080012249643,0.0898223046785641,0.187755736995164,0.341635729259948,-0.151369593947873,-0.163194204860343,0.241164737623396,0.00204821242015191,-0.100760673765459,-0.142615642745149,1,-0.0749170997366791,0.0294783969605924,-0.0192635627258499,0.0990651591244681,-0.0889927660290585,0.0714463178078883,0.0161086879814281,0.0458447136279689,0.0473516825173455,0.00440601823818368,0.0551680601706496,-0.0285811824184143,0.0807878131652482,0.15927854207692,0.138598366315799,-0.0102131202629495,0.0513634230226295,0.173281554864728,-0.0904692934435687,0.199236094809409,0.0510850719196818,0.0873542491910843,0.118768256826344,0.132691573414647,-0.0334360400104385,0.0774008145793926,0.0700597076501451,0.00937538509600613,0.0170218457927762,0.0703726476149723,-0.173846341776789,0.30275830018565,0.0517303620205833,-0.115165229648533,0.0724759366897737,0.13923746841364,0.0249706018027713,-0.0227999918626308,-0.108968895296588,0.133936726781907
"19",-0.00429436045217504,0.0548385052821141,-0.0150247535268788,0.0133778602493867,-0.0535612591825268,-0.178283226835271,-0.0528651598482466,0.190567814141947,-0.209504475396146,0.0263779219399483,-0.00860980663346377,-0.142749467925436,0.0791184449166126,-0.0284870761164388,0.0352657419790631,-0.105430411931357,0.105927564234639,-0.0749170997366791,1,-0.013239745512803,0.110295562496701,-0.00939070263491126,-0.0160864292388584,0.00616736451158908,-0.041908293531349,0.0232163485656354,-0.126757479474542,-0.17853643081085,-0.177417846117301,-0.103126453879436,0.38002626319775,0.211405054039968,0.227200644530361,-0.187093028249228,0.160421715218958,0.149688624505688,0.0953090346434679,-0.00218715027211148,0.122827444998245,0.159489875167694,0.0733507081443965,0.116683406709023,0.0704948121291475,-0.0457381355426834,-0.0215453952108525,0.118833921865577,-0.0568072311828312,0.126643807933485,0.0943963684503942,0.193146084711245,-0.0949048489081141,-0.178845163251752,-0.0710819592890451,-0.00055767263493785,0.0328589909269623,-0.0127114285578379,0.0785367776451143,-0.0187753962829141
"20",-0.084102432751309,0.181464992421775,0.0700850464843685,-0.0339305877605135,-0.0488131025304321,0.0336693421248664,0.0500882992879167,0.133182797050383,-0.0248174795318423,0.0264115754035749,-0.193006888587543,0.107516650916358,-0.056245025153464,-0.235758298596663,-0.0281376223678161,0.0379949376393262,0.00106661507544277,0.0294783969605924,-0.013239745512803,1,0.132211774655039,-0.0883273220915784,-0.108196915682296,0.165005201598456,-0.0917809490555604,0.0553714083238956,0.327845688311126,0.144122773588889,0.0679330751998908,0.0340884075370545,-0.0584867898834393,0.485121478189152,-0.0574356061016772,0.00813889406270895,0.19391006250261,0.0865800641165014,0.111376050168958,0.159056909761167,0.0534416783434752,-0.00104050670635223,0.101252541344065,6.10316339518187e-06,0.115746049663065,0.14379927229296,0.268501374694839,0.301520473690734,0.0183141433352801,0.0754311843791888,0.209853709936509,-0.0424543710427854,-0.0633291974636494,0.0606578596608745,0.3585380714171,0.0499635399687195,0.124563952768076,0.153045097661686,-0.0901940100859738,0.0774433333497678
"21",-0.09867942157831,0.0985990145463303,0.182881040273982,0.0679931036840459,-0.0207599443173153,-0.0632039734955713,-0.129458381027261,0.271583129897239,-0.0897716729471392,-0.0528821893525671,-0.093509985734802,0.182372670655502,0.297738760508875,-0.209911965503941,-0.227551951561261,-0.034587298051815,-0.106684590316951,-0.0192635627258499,0.110295562496701,0.132211774655039,1,-0.211252452336784,-0.0724727977811676,0.0946981237334731,0.0904234926822529,-0.0309791412972293,0.0872940073791438,-0.142384662495226,0.103597611854159,-0.0567679610187333,0.110858875308916,0.19805078381623,-0.0510145706130955,-0.0842435466311408,-0.0510592011383223,-0.186214676556148,0.213306457832981,-0.143359435426801,-0.253801985074402,0.0289539396269174,-0.0800208717941102,-0.166818133991008,0.264806883331878,0.127786872541083,-0.0871722201090415,0.252077276973548,-0.16217270711421,-0.0355578531285039,0.297597320651704,-0.0858586705517548,-0.187685173126908,0.111684431990365,0.0240607432646323,0.146573216488853,-0.0239683244390658,0.0714866434931297,0.182934312104904,-0.2506485736842
"22",0.0761061839267684,-0.17423739167537,-0.106039651552204,-0.109546579515809,-0.036850937691378,0.103921712720565,0.019005199397849,-0.244680402492384,0.128096697260731,0.26814358429683,0.305084331335701,-0.261636683285711,0.0454337186655559,0.166435123709545,-0.0409020485648546,-0.207537301472268,0.00768782013570406,0.0990651591244681,-0.00939070263491126,-0.0883273220915784,-0.211252452336784,1,0.243443637774204,0.0339880875648938,0.0716549413281001,0.280260719478353,0.00274116003539689,0.0708061029135687,-0.0145920014641404,0.0484549369669979,-0.0435238193593445,-0.246109926551654,0.122177008415906,0.107949073781528,-0.199273772806918,0.303443031715317,-0.196104334900663,0.115688373449999,0.00785113402659214,-0.352760676086209,-0.0624034456691802,-0.0681380177898476,-0.0727201909763061,0.0501491134895332,0.218946600311918,-0.206130741489987,0.0497648265447455,0.00237285409000133,-0.143239589181985,0.188789597283438,-0.0381033508385801,-0.224360062459884,-0.0423704139123121,-0.00163846766239674,-0.106208521219054,-0.0149904069967525,-0.166885438649431,0.225120874931739
"23",0.181538917290987,-0.00902656405134951,-0.135124365765013,-0.0216435618728557,0.0146999645243531,0.00999055062340056,0.0653128650638572,-0.120953868344604,0.252162602323336,0.123397064960565,0.123841977033753,0.0238302860493847,0.0277537940257788,0.0519550251129058,-0.0239331782193495,-0.128685775388358,-0.0416174457223917,-0.0889927660290585,-0.0160864292388584,-0.108196915682296,-0.0724727977811676,0.243443637774204,1,0.0472927468740039,0.0802834989627594,-0.115573325148413,-0.197841930384041,0.125694615885374,0.0473233846234844,0.0248184672520008,-0.0956158239793874,-0.0379314614289149,-0.233452217016945,0.181081927293436,0.0200068208984883,-0.0351281092111672,-0.0991323868372664,-0.0771672051199914,-0.126811212606013,-0.03850041107518,-0.112727789515889,-0.249799607471171,0.153321454176032,0.0583260452577549,0.0127289821515777,-0.216423779308241,-0.0919507217734269,-0.0739041388916769,-0.0483438226548479,-0.142170870496235,-0.170211216876655,-0.120283649068691,-0.063559025294669,-0.151228554712751,-0.0996865475545524,-0.104230920708349,0.0170853395673357,0.0370559300978567
"24",-0.154480203377306,0.0316842631721291,0.0519478437799103,-0.0473877774261728,-0.0719157295268348,0.242756299912713,0.073744217504461,0.0427426570654683,0.13222977725446,0.0137477569890077,0.0468666760320088,0.0397200011241034,0.106400336199749,0.025616286381972,-0.198349549907668,0.0605328673414927,0.245396368720919,0.0714463178078883,0.00616736451158908,0.165005201598456,0.0946981237334731,0.0339880875648938,0.0472927468740039,1,0.186263107372144,0.0580658361939434,-0.115472936615706,0.146721111917223,0.0837202167618126,-0.197791856065414,-0.0113855725485763,0.106691341204829,0.021171184599071,-0.0766776167577938,-0.0113158916186079,-0.0175235200746456,0.075971264440431,-0.00744740631374664,-0.0211328710966138,-0.228890977472602,-0.128501040326581,0.0144118992224467,0.0893213515525822,0.143136036999925,-0.120456633035712,0.114131767551351,-0.11552284560985,-0.151020784083468,0.110394895857023,0.018491923011262,-0.190201613745329,-0.168676430849523,-0.0364235571433277,0.0532806003157026,0.0226822260335827,-0.087618412040839,-0.182514936396861,-0.0417572082225398
"25",-0.050229007538541,0.0901074344658053,0.403058905552728,-0.042209482420064,0.19146418441653,0.110268515355818,0.211967213158472,0.160021305060708,-0.0413753578131409,-0.205511321986647,0.0879147275103221,0.156562021925668,0.0532107861323093,-0.00243749659312313,-0.0852934788405471,-0.0570594157691997,0.102266341748844,0.0161086879814281,-0.041908293531349,-0.0917809490555604,0.0904234926822529,0.0716549413281001,0.0802834989627594,0.186263107372144,1,0.0815072129584597,0.0105488758752597,-0.0327354329712658,-0.0125655441875639,0.00916569206138143,-0.101926436370487,0.0555270987845817,0.097218372209483,0.215257168817606,0.15050569073089,-0.146037201234393,0.0802795984092553,-0.0739870865974227,-0.126534724625128,-0.16057539520798,-0.101362771335863,-0.0197768639150859,0.0653321397640897,0.054309303692072,-0.0997819133821057,-0.0258601037942513,-0.263305254305623,-0.218057681323273,0.0868842458104234,0.00851325514868373,-0.123607722860789,0.0367155306181397,-0.0843789666631025,0.224995895450254,-0.286025032031563,-0.0750042748008561,0.0314735231750539,-0.115530029361417
"26",0.0844520773444029,-0.0690701958740542,0.0676156564634177,-0.121621268221141,0.0464417142643113,0.00519275671134848,-0.0808203923729755,-0.118081944722446,-0.117879569174105,0.244424586601752,0.131688829503195,-0.259110981549156,0.0526839576572235,0.188028226591616,0.0632392382106359,-0.258905053307148,0.074918176415728,0.0458447136279689,0.0232163485656354,0.0553714083238956,-0.0309791412972293,0.280260719478353,-0.115573325148413,0.0580658361939434,0.0815072129584597,1,0.137063566046001,0.0150823420987109,-0.0498061287497243,0.0789971022552243,0.102364352056674,-0.0189179906370309,0.0716808331121236,0.0473838678182414,-0.146307430171829,0.138169348026455,0.107179168860394,0.0105884613569195,-0.0594191343021471,-0.208337032927096,-0.116677306337131,-0.0364859759358025,-0.164226568260693,0.120616140774454,0.00951821997139013,-0.00872738969132139,-0.100387313794423,-0.0942970127313932,0.00885020927844485,0.0953463281927535,0.103194475758144,-0.104392550370357,0.0820306767147325,0.148154076870905,-0.141090704721125,0.0199556255025105,-0.0617859325430666,0.241480874312468
"27",-0.0958565343763748,0.125472975086707,0.138082960348581,-0.137058064538257,0.088828606588112,0.0224811610445096,0.143093399904768,0.108877564973316,0.103306246625436,0.0738209064959617,-0.0898630527365255,0.00994315392054256,-0.128191514233566,0.139410835323504,-0.16030906943474,-0.00457034019377061,0.0102744635842215,0.0473516825173455,-0.126757479474542,0.327845688311126,0.0872940073791438,0.00274116003539689,-0.197841930384041,-0.115472936615706,0.0105488758752597,0.137063566046001,1,0.212073178430162,0.0888961808162455,0.195435705698164,-0.126545942535915,0.200858310195495,0.0974616518866652,0.321438741375988,0.088876188824435,0.127964358393497,0.255116923129871,0.0850477792971871,0.0612275476835622,0.0559909195517866,0.0588372552341391,-0.0228694407150861,-0.0994693516406748,0.22746805587022,0.279101378977948,0.298884253381133,-0.0321868874361564,-0.049891388483482,0.0687450550596189,0.048027197421797,-0.0507978327260726,0.0741931806820582,0.159523795790034,0.209246824446217,0.174393848525233,0.0905838690392679,0.102612026500126,0.0117671126092896
"28",-0.0925859171543,-0.0245525657481015,-0.0501360656676647,0.0724684803183391,-0.179785364004964,0.0714584638351886,0.10025065300987,0.113489883027724,0.038679632902546,-0.0580744199739548,-0.0583663588578332,0.0777518568584097,-0.0933235043442246,0.0636325687335418,-0.04605371393741,0.238658926706515,-0.126207194599139,0.00440601823818368,-0.17853643081085,0.144122773588889,-0.142384662495226,0.0708061029135687,0.125694615885374,0.146721111917223,-0.0327354329712658,0.0150823420987109,0.212073178430162,1,0.21690909334372,0.123431455447438,-0.270076687446017,-0.16292608307886,0.0628201058333129,0.182980587252505,0.101309899055834,0.127860410943889,0.0468315554292146,-0.0370539222641857,0.0228980329501835,-0.00596565414056826,0.201783640224951,0.112433053280356,-0.0681084880255367,-0.0882024749351554,0.204182063657416,0.0866201701021806,0.0328107911866989,-0.140361748194583,0.109916848894734,-0.0498624088204665,-0.196077508927255,0.102362144210681,0.205203240155098,0.0972269615184164,0.136664658586653,-0.0357703568238263,0.0783603799992659,0.0743866747339409
"29",-0.120635337489929,0.0715344517667793,0.0950455851413138,-0.143320911795677,-0.0586308276274757,0.159354829571455,0.172157014996345,-0.00329531785645234,0.219463587103954,-0.0787311887741128,0.0243317103342929,0.1674368304412,0.071632441240149,0.0354227596496367,-0.0626245904227629,0.0522992590013505,-0.0113210609362882,0.0551680601706496,-0.177417846117301,0.0679330751998908,0.103597611854159,-0.0145920014641404,0.0473233846234844,0.0837202167618126,-0.0125655441875639,-0.0498061287497243,0.0888961808162456,0.21690909334372,1,0.26556696661489,-0.113393740327826,-0.0432396418239641,-0.238880499043673,0.0664399432686784,0.043770604757974,-0.121234741687031,0.109395693261451,-0.0859584291264911,-0.220330940274358,-0.107102132208725,-0.0192661522297679,-0.0875568595779258,0.263145332525036,0.111220416358593,-0.0820171709181644,0.0846371160708123,0.0680641365793277,-0.0151269787003747,0.157545554660649,-0.115344501504587,-0.191427578106286,0.043863472236981,0.202538772581127,-0.0890210256694124,-0.0415649007735654,0.0391005518451882,0.158800820104766,-0.140633737308178
"30",-0.214001907905426,0.102179143928349,0.0204843589489586,-0.211721583491793,-0.0778586783629801,0.0120382740365326,0.273457910688935,0.153982488833032,0.0894172397090376,-0.0376086056678646,-0.19180947788608,0.0395401976910355,-0.0315821300209271,-0.0167401301046932,0.0378190779889175,0.074540582024022,-0.0255099295258582,-0.0285811824184143,-0.103126453879436,0.0340884075370545,-0.0567679610187333,0.0484549369669979,0.0248184672520008,-0.197791856065414,0.00916569206138143,0.0789971022552243,0.195435705698164,0.123431455447438,0.26556696661489,1,-0.0366184654636966,-0.0405119536431863,-0.130660792067491,0.0375921238146287,0.0765512373480229,0.0892165222579839,0.121282269305491,0.0421435177912286,-0.25503631881886,-0.0628541651234334,0.00894284394676459,0.0244819994612295,0.0992938150297324,0.216212646474076,-0.032729501299968,0.125462473742939,0.126543349376574,-0.0975903461977911,-0.0191459052454199,-0.113300792331051,-0.05265057371735,0.0429759208070407,0.088091178998605,-0.0884664105215282,0.00986032391692372,0.0379313208155794,0.203213953625579,0.00771767303841801
"31",0.00572867596777409,-0.0728352678899703,0.0804337637109479,0.106235012316437,0.00888140472488196,-0.00721746407892752,-0.161103027467705,-0.104714795682878,-0.0555237388805594,0.144966627986323,0.22250790516513,-0.0583293598289606,0.150181126613065,0.065043024670691,0.0255877713294398,-0.303020225298288,0.0355578987194334,0.0807878131652481,0.38002626319775,-0.0584867898834393,0.110858875308916,-0.0435238193593445,-0.0956158239793875,-0.0113855725485763,-0.101926436370487,0.102364352056674,-0.126545942535915,-0.270076687446017,-0.113393740327826,-0.0366184654636966,1,0.243451078089031,0.253597860712072,-0.381923078780128,0.0334667257581739,-0.057498719337596,0.227727151895067,-0.00077956309174533,-0.0908240542679216,-0.022572032345359,-0.0783471421571052,-0.0493686476404712,-0.0335583748714063,0.124063793425427,-0.116992823567984,-0.0790007904562768,-0.0533620853404264,0.0632293654574823,-0.083619332073383,0.111775228107287,-0.0292476464324656,-0.20726820808806,-0.0465746911976966,-0.0445347368715651,-0.012285398876842,0.160127947273034,-0.0103624053864862,0.00875144670099904
"32",-0.0223631245550897,0.0601678217317388,0.153240447715379,0.0266716543403469,0.0370344990462254,-0.0191593860072155,-0.0030269804082429,0.0815443851653788,-0.159325854126187,-0.0902712887540739,-0.0447718242726867,0.216470625043447,-0.115647164699959,-0.179947700766974,-0.155499608251289,-0.131758693534936,-0.0834793040560299,0.15927854207692,0.211405054039968,0.485121478189152,0.19805078381623,-0.246109926551654,-0.0379314614289149,0.106691341204829,0.0555270987845817,-0.018917990637031,0.200858310195495,-0.16292608307886,-0.0432396418239641,-0.0405119536431863,0.243451078089031,1,0.142778034011345,-0.04555541230939,0.108558818819592,-0.0309761432164757,0.113706857167238,0.0803856755308334,-0.0105956467023405,0.0719041084863137,0.147008071722791,0.143287930392796,0.0289756332907492,0.302811568946059,0.0518627215544368,0.357504869695706,-0.0738841004620424,0.00561743084050998,0.0293648338721746,0.144864830960063,-0.0767862016343383,-0.0225604687685503,0.0843750786765009,0.0128478664232653,0.109112876403288,0.174029565205534,0.0553999787871076,-0.117487823317172
"33",0.0735422208953129,-0.046066608153501,0.0429044295231339,0.0442881340193888,0.110624457252184,-0.100695800679003,-0.150103548703882,0.035303304223484,-0.0480945341831835,-0.00495818057539788,0.184886345055515,-0.132126735994163,-0.0870666981881847,-0.0210304612220398,-0.0231921874987396,-0.0957561715457573,-0.0613606756673956,0.138598366315799,0.227200644530361,-0.0574356061016772,-0.0510145706130955,0.122177008415906,-0.233452217016945,0.021171184599071,0.097218372209483,0.0716808331121236,0.0974616518866652,0.0628201058333129,-0.238880499043673,-0.130660792067491,0.253597860712072,0.142778034011345,1,0.0779192438106473,0.0681714411242405,0.306241002830306,-0.131744732095397,0.136757103659,0.287524005220879,0.0223442860118375,0.250081228393546,0.299642772741989,-0.251424491452856,-0.0213673487257843,0.171967633042086,0.110712254594658,0.0774806768752764,0.0989023045767819,-0.00707988109436291,0.156079143044954,0.149804136971147,-0.231728746609521,-0.144552352297368,0.253041636589851,0.171571410283667,0.144004577290343,-0.00579612499503659,0.0853573648485965
"34",0.00716681708289926,0.188294515630281,0.20908549975472,-0.22096285174152,0.0317199317339589,0.190652389472282,0.269744206011589,-0.0418972672498093,0.334990796257584,-0.068335708695212,-0.00391200458674536,0.145034718153099,-0.0757759966626643,0.247314643464626,-0.138439339882345,0.159307995998072,-0.00272172140796888,-0.0102131202629495,-0.187093028249228,0.00813889406270895,-0.0842435466311408,0.107949073781528,0.181081927293436,-0.0766776167577938,0.215257168817606,0.0473838678182414,0.321438741375988,0.182980587252505,0.0664399432686784,0.0375921238146287,-0.381923078780128,-0.04555541230939,0.0779192438106473,1,0.176713625899287,0.207063774931012,-0.0278282078598477,0.118039569758987,0.0542844162041589,0.0330716119552798,0.0962709968561821,0.223878429500864,-0.100683446054283,0.0380772338066667,0.0484593939996812,0.0839304429744125,-0.0118469579797712,-0.0628055603718756,0.113789152186823,0.0347744763821677,-0.0291117577764986,0.183764079174128,0.0433397679125248,0.141858156745965,0.0491402267616079,-0.150589317384828,0.118973408362179,-0.05002736231432
"35",-0.24585403885665,0.268919726691471,0.143110672172355,0.0350046590592524,-0.0418855364821428,0.158536300688589,0.538563297547022,0.24760090635619,0.117613149319786,-0.254470068557902,-0.266507512260071,0.210747118795247,-0.160954916887495,-0.0834443392415785,0.100835775677373,0.145193035639345,0.0381451871279621,0.0513634230226295,0.160421715218958,0.19391006250261,-0.0510592011383223,-0.199273772806918,0.0200068208984883,-0.0113158916186079,0.15050569073089,-0.146307430171829,0.088876188824435,0.101309899055834,0.043770604757974,0.0765512373480229,0.0334667257581739,0.108558818819592,0.0681714411242405,0.176713625899287,1,-0.0532912122414533,0.319392534743306,0.155506182789699,0.0354151839042699,0.14177358885375,0.020792501950916,-0.0282535251255707,0.0489337016319581,0.0929500566489756,0.246322813008132,0.175540875778214,-0.0386794072515156,-0.173401337324888,0.127180597420952,-0.131536370330058,-0.15673622342139,0.0229137743044346,0.00652961741071467,-0.0407427795456624,0.112908154805516,0.0621490837234048,0.0989294587929277,-0.0503296567295561
