"","l_Insular.Cortex","r_Insular.Cortex","l_Amygdal.Area","r_Amygdal.Area","l_Bed.Nucleus.of.the.Stria.Terminalis","r_Bed.Nucleus.of.the.Stria.Terminalis","l_Hippocampus","r_Hippocampus","l_Orbitofrontal.cortex","r_Orbitofrontal.cortex","l_Entorhinal.Cortex","r_Entorhinal.Cortex","l_Frontal.Association.Cortex","r_Frontal.Association.Cortex","l_Globus.Pallidus","r_Globus.Pallidus","l_Glomerular.Layer.of.the.Accessory.Olfactory.Bulb","r_Glomerular.Layer.of.the.Accessory.Olfactory.Bulb","l_Glomerular.Layer.of.the.Olfactory.Bulb","r_Glomerular.Layer.of.the.Olfactory.Bulb","l_Granule.Cell.Level.of.the.Cerebellum","r_Granule.Cell.Level.of.the.Cerebellum","l_Hypothalamic.Region","r_Hypothalamic.Region","l_Entorhinal.Cortex","r_Entorhinal.Cortex","l_Vermix.Molecular.Layer.of.the.Cerebellum","r_Vermix.Molecular.Layer.of.the.Cerebellum","l_Lateral.Molecular.Layer.of.the.Cerebellum","r_Lateral.Molecular.Layer.of.the.Cerebellum","l_Anterior.Olfactory.Bulb","r_Anterior.Olfactory.Bulb","l_Posterior.Olfactory.Bulb","r_Posterior.Olfactory.Bulb","l_Subiculum","r_Subiculum","l_Perirhinal.Area","r_Perirhinal.Area","l_PreLimbic.System","r_PreLimbic.System","l_Primary.Cingular.Cortex","r_Primary.Cingular.Cortex","l_Primary.Motor.Cortex","r_Primary.Motor.Cortex","l_Retrosplenial.Cortex","r_Retrosplenial.Cortex","l_Secondary.Cingular.Cortex","r_Secondary.Cingular.Cortex","l_Secondary.Motor.Cortex","r_Secondary.Motor.Cortex","l_Striatum","r_Striatum","l_Ventral.Tegmental.Area","r_Ventral.Tegmental.Area","l_Substantia.Nigra","r_Substantia.Nigra","l_Thalamus","r_Thalamus"
"1",1,0.324421413820489,0.0988274697937188,0.234016575477392,-0.0887417274517152,0.0418924133326957,-0.167355730540029,-0.0103914040402122,0.371418961783724,0.278518237965994,0.135194132628568,0.0874576933765897,-0.218693272358897,-0.102595093783016,-0.0236309787117016,-0.0497770913376676,-0.00785748463019038,-0.262735701579504,-0.171232878619731,0.00801009576868379,0.00071604163333378,0.178873158690827,0.0200279844559897,0.0492959808397761,0.0177778270734079,0.188667685274614,0.137812061403964,-0.173236635669445,0.233097078096749,0.0386766722358173,-0.0715101528399117,-0.093764360911289,-0.0743155362400719,0.0428873229758014,-0.247535967210813,-0.11518175691833,-0.245614111666879,-0.271393895675684,-0.124730626404056,-0.0204767674030419,-0.330657582342828,-0.208648085877251,-0.044306151542153,0.235890139484204,-0.255574752417603,-0.309636137611742,-0.103457634085164,-0.0827534870604867,-0.249939834842261,-0.0237787802742305,0.233806486708733,0.147700574584974,0.0698026249483073,0.0374628159087471,-0.0994563540334938,-0.118256728993448,0.114045925719786,-0.0348433685098962
"2",0.324421413820489,1,0.122592802327442,0.0323176617873389,-0.131480935968869,0.0421154869659308,-0.187902668663561,-0.0509229750054615,0.1949899880355,0.209428439839104,0.0554341782536267,0.0836492312725732,-0.114086917601026,0.077530102289884,0.0447464699494018,-0.0567276057410318,0.0164352409176315,-0.199303390089673,-0.280272904822696,-0.143811090110587,0.0214693651086464,0.188147782817035,0.114414509526858,0.110808203447464,-0.224212809251335,0.048256232075993,0.0305110510619952,-0.00664236914535511,0.093177093309447,-0.0244467297330957,-0.157805120217093,-0.0782508005787263,-0.117669533352347,0.254416498726067,-0.0154485220279695,-0.0421817242530015,0.0761510636795426,-0.328933078463908,-0.0844188428830214,0.0382068440876532,-0.231458244655308,-0.105022740819884,0.0448896486048741,-0.119656206376063,-0.122705139557141,-0.349615865306945,-0.0861420843725904,-0.0583885532559064,-0.0129751114271622,0.00348793450239802,0.0943824019599638,0.111134175522104,0.0176349368734725,0.0362482530446321,-0.125802611970841,-0.160766169768333,0.0688016857673248,-0.0491347103062063
"3",0.0988274697937188,0.122592802327442,1,0.170944389654568,-0.249507408289426,0.118386250295028,-0.0851746519915168,0.306963203798133,-0.0338941657301351,0.147873705430629,0.254218251784441,0.255586548907099,-0.0626866481848104,0.0446939597088354,-0.0243948137188024,0.0849638138485011,0.0878050654247216,-0.117334543854579,-0.0104865369877153,0.136392948158207,0.138748471163357,-0.0170883636433557,0.104867458916014,0.076435799497045,0.106517172515772,0.181848735538989,-0.22594842595622,-0.0243604637869669,0.00366002200696166,-0.0311537152301765,-0.108059471214817,0.0849844088277165,0.0190057909123701,0.0321916987842603,-0.062793908570259,0.1287257531964,-0.0400040377954604,0.178865102213718,-0.152829884307634,-0.0562747316590759,0.0295040519585544,-0.0602384899592392,0.0401863009461839,0.059016446000495,-0.02926764550607,0.0370221072302531,0.0810385361673375,0.058645814957122,-0.0245300857873111,-0.0777608265042677,0.122460745938163,-0.10584219463745,0.0404875880622078,-0.0892318572099692,-0.20802303691487,0.0399275132889394,-0.132307332801999,-0.0118883644392154
"4",0.234016575477392,0.0323176617873389,0.170944389654568,1,0.014063870267671,-0.0733958601582083,-0.0519119056288794,-0.0607136834485716,-0.03367735566561,-0.023056130355722,0.354112902922231,0.113327198526611,-0.00762383388303643,0.0405081712400377,-0.0198743006217392,0.101313052578039,-0.0244882900610478,-0.244648374768769,0.149997784868921,0.234870551837619,0.129378612804193,0.0180279401109919,-0.0822696797914712,-0.106156229952648,0.0983119453422255,0.323340515434248,0.00664347871552443,0.0197531063528447,-0.0249280751506965,0.00844508055273704,-0.0892854536365444,0.101211626021774,0.0921716748543999,0.128236011123643,-0.058164532733851,0.0210820286473717,-0.0208585327671695,-0.00204009467100408,0.0965929934654596,0.229519535577719,-0.18553931292003,0.0385713948122681,0.0930381429306623,-0.154164639815333,-0.0731914867289157,0.0069364700300431,-0.0878384683056363,0.0788423660885943,-0.0261103521310829,0.0281629926023698,0.0410009078271606,0.0142682913500219,-0.0861862682491664,0.0121093140694562,0.0379922575628466,-0.0739139414780057,-0.0623414717658362,0.0148974215557705
"5",-0.0887417274517152,-0.131480935968869,-0.249507408289426,0.014063870267671,1,-0.0248221727853697,-0.0277880032599681,0.0161743874267133,0.0200732940043406,-0.230912357222658,-0.0173448114785351,0.215434320910979,-0.14169130811979,-0.253770381090111,-0.014680176676766,-0.0388290690118723,0.00647604302658218,0.0314725181719518,0.015145230859811,0.0942731533496523,-0.0170175676624213,-0.0439753619813278,0.0942558042557888,0.198728131156626,0.0535435321406382,0.0745400288418889,-0.0109123425660561,-0.0204450403669482,0.0494282806933991,-0.256422458996163,-0.0593910134751234,0.0521428469099486,0.0361700700233106,0.00845238665553996,-0.0764108977777142,0.0670089262457355,0.00749690643705335,0.193207515932597,0.238320842181953,0.135135947949874,0.170203394791886,0.170517537280209,-0.0157803885678101,-0.0396213461435801,-0.16774286928276,-0.106583875239714,0.218794045392964,0.183714845709403,-0.0646324228450194,-0.0202395649393644,0.150100818045819,0.107065271862879,-0.155573996998521,-0.174552348016196,0.0607785150687963,-0.0798449767075956,0.196934851446313,-0.0534046217126626
"6",0.0418924133326957,0.0421154869659308,0.118386250295028,-0.0733958601582083,-0.0248221727853697,1,0.248070284247655,0.0303348763650435,-0.0052662105784695,0.0336167206521377,-0.0192310257468438,0.14473890108711,-0.0802254588215157,-0.284316430676214,0.0930277156298336,-0.0831090438719271,0.0645368863083603,-0.0387738154107006,-0.15260754022933,0.0102865078554271,-0.0849784458468249,-0.0507703761777569,0.106008414347499,0.14835877750581,-0.0445022717565057,0.226789890755039,-0.00227225053674353,-0.0285060824624962,0.0693269127748141,-0.0239831568785261,-0.109467498922877,-0.156840563629029,0.0686926295064315,-0.107021874958208,0.00537138479266004,0.0563787658719298,0.0998016670883043,0.0303650046587167,0.185025492465757,-0.0809246175693618,-0.00349785184831267,0.00681301007203854,0.132602337820737,0.097525900996794,-0.0170938696707612,-0.0509574723654889,-0.116691149252049,-0.118798607048139,0.10394077025402,-0.103807171604139,-0.137353467278182,-0.0541880332797624,0.154743961758098,-0.0310867955928531,0.00241152007258117,-0.133502158413275,-0.121535919843984,0.168647020431013
"7",-0.167355730540029,-0.187902668663561,-0.0851746519915168,-0.0519119056288794,-0.0277880032599681,0.248070284247655,1,0.116913738783192,-0.145286538806505,-0.047646880206899,-0.0414719605722894,0.066108030263714,-0.0266323493024429,-0.104900747397801,0.17605557014192,0.138668417987024,-0.0163669572173444,0.181180657139037,0.111017219014185,0.161154853668885,-0.154266589377008,-0.186448235037983,0.0341312745677425,0.060275993584611,0.135392781063535,0.16324644266625,0.074367024275635,-0.0177873183958669,0.0149253559975149,-0.0421415495196277,0.0384872170304902,-0.0799397191464176,-0.0104711196125249,-0.10201607002028,0.398898792902099,0.179461926657848,0.0770468720390243,0.175174970808529,0.00614065961679774,0.0447141044380108,0.175029970912512,0.103284181363039,0.0130221930057677,-0.0074393419163578,0.036425068059326,0.00322903633892569,0.0069610841978883,-0.0170709313166479,0.106098574701578,-0.0264341105200324,0.0455966822561705,0.163042371051969,0.0649930889147015,0.0084085843588649,0.170294752125458,0.0487567081941029,-0.0575928349274325,0.139190876018156
"8",-0.0103914040402122,-0.0509229750054615,0.306963203798133,-0.0607136834485716,0.0161743874267133,0.0303348763650435,0.116913738783192,1,-0.126518699602956,0.00017509413772654,-0.179224262043267,0.156176183719736,-0.0382865684062901,-0.0304676218845084,-0.083719650962458,-0.0100049874827325,0.0718130442461405,0.0253931381568886,0.186763780752672,0.195338150080848,-0.0539781190159795,-0.0347565251627548,-0.0510819588489244,0.0840342247254276,0.295767241316514,-0.0674001251013554,-0.0180837393274246,-0.156062993380183,0.062949747293732,-0.067639290879861,0.0485802302682098,0.0974876334184228,0.044655636135223,0.0544044118410989,-0.102825884941946,0.350052732983122,0.0618139029927275,0.0939336347489273,0.0617605342318139,0.12829262193651,0.184922276983446,0.175928800493057,-0.0420395475766061,0.0342634194698555,-0.0993841459031474,0.0734848696692585,0.14243328911662,0.0586061875908944,-0.027791212600314,-0.0852752196655624,0.0311359782206469,0.0101237341753317,0.116241144337063,0.0992157977613577,-0.0549191948756906,0.202337054529334,-0.0551745475982389,-0.00127650968712767
"9",0.371418961783724,0.1949899880355,-0.0338941657301351,-0.03367735566561,0.0200732940043406,-0.0052662105784695,-0.145286538806505,-0.126518699602956,1,0.509461417831741,-0.00452890267572449,-0.0448186622307584,0.0862026661017011,0.0546025430704029,-0.0658022159213442,0.0256480326295563,0.128322121884153,-0.0909419039719039,-0.203771928480578,-0.0376383310266311,-0.118216420907898,0.0312939652103708,-0.0361198317930145,-0.00374121248020227,-0.144097543868704,0.0788556387810096,-0.00918419479461702,0.0535115071236274,0.16541535809813,-0.0385751512521724,-0.141200682504526,-0.235389684225467,0.1312871316779,0.0149654126358516,-0.288582854047059,-0.183421033592313,-0.172250686280269,-0.169357226077209,-0.124158272219324,-0.149570804072676,-0.286843605024451,-0.213895813085828,0.173848181811377,0.178774911790835,-0.307298906351141,-0.328693275039468,-0.230276070110468,-0.150281910288913,-0.114244598889474,0.0913571029376378,0.0443510500138034,0.0543331494445602,-0.051585623058596,0.0472141534082241,-0.166240089983062,0.0415601059254464,0.00351018916246983,-0.0129693239655001
"10",0.278518237965994,0.209428439839104,0.147873705430629,-0.023056130355722,-0.230912357222658,0.0336167206521376,-0.047646880206899,0.00017509413772654,0.509461417831741,1,0.138859186346694,-0.187261488192653,0.12893966492022,0.123446529453097,-0.134330268354514,0.050333077991988,-0.00921938273179161,-0.080085526470856,-0.258973575568242,0.00142136902164703,-0.0323310618708803,0.00627781272618546,0.0102969945189006,0.0858731819394786,-0.124342757548597,-0.0507809961299436,-0.0715622491025565,-0.0776296730425889,0.117710462575087,-0.0226226924369917,-0.10022671402402,-0.132839945451539,-0.137858380180427,0.0124518902243613,-0.193553534033815,-0.121032841303025,-0.115253811942457,-0.0392797625556298,-0.312918497795993,-0.219586514704881,-0.391792141033134,-0.383220584996634,0.0607823883924609,0.387749838983799,-0.1063528353447,-0.258051604107777,-0.317446995559321,-0.342186345547517,-0.145419052270791,0.0874329575266985,-0.0356184206482758,-0.134056093011357,0.0470016640623848,-0.107897819802131,-0.160913359520471,0.008838648991273,-0.08466823675033,-0.128953120603022
"11",0.135194132628568,0.0554341782536267,0.254218251784441,0.354112902922231,-0.0173448114785351,-0.0192310257468438,-0.0414719605722894,-0.179224262043267,-0.00452890267572449,0.138859186346694,1,0.302799498428021,0.122731081871841,0.242497753731598,-0.059078109737654,-0.0323854809719516,-0.00408539591605318,-0.0055524435268869,-0.0563049973306359,0.0622408521824133,0.171107281684458,-0.0177245942420713,0.00154398666627024,0.0434371491636924,-0.0388673466875842,0.0871049055519168,-0.0415507466259092,-0.0119540767788206,0.0432688384391812,-0.00370275966360886,-0.0198097743094389,0.0393655000296248,-0.113146049731901,0.0701852566094118,0.00482453824624647,-0.135152579033473,-0.122425719031218,0.0286047851543872,-0.100897548539273,-0.0447103022291218,-0.172906424134722,-0.107530584385645,-0.0795197955395892,-0.123859343713936,-0.0773447875446849,0.0838450721207064,-0.0287081557401326,0.0504368741050568,-0.102290146278365,0.0824836938462239,0.186589446306938,-0.0609400631500112,-0.0433467774595084,-0.0277060735506391,-0.156388768061436,-0.0990192406389394,-0.0217374446936286,-0.0459719171367408
"12",0.0874576933765897,0.0836492312725732,0.255586548907099,0.113327198526611,0.215434320910979,0.14473890108711,0.066108030263714,0.156176183719736,-0.0448186622307584,-0.187261488192653,0.302799498428021,1,-0.13523832950268,-0.0794995263596963,0.0544883414760221,0.113796272304197,0.0441760757476676,0.0737461153881074,0.0222499993480949,-0.0403998115578711,0.0113033786355332,-0.0406833717443794,0.155026815986605,0.0205472554009838,0.153282659107404,0.196318844168001,-0.051374073798708,-0.0663063150646441,-0.0156776670132424,-0.23433924194966,0.0284553998049671,-0.113129424727103,0.0641077979467962,0.0552303620674535,0.171964568289356,-0.0483701347788158,0.0363917527217958,0.0911222831326755,-0.0111240847345959,0.161407531528417,0.0270875088652573,0.0111109809731595,-0.123195864553589,-0.149615940614448,0.0240737668846295,0.0212077010950081,0.15107186547549,0.111053361368067,-0.0107043298987383,0.00907192322523331,0.358633432285091,0.157994074654327,0.0130254106188637,0.0114817126490686,-0.00883791826167572,-0.0514547717959641,0.142797976890738,0.161500009756995
"13",-0.218693272358897,-0.114086917601026,-0.0626866481848104,-0.00762383388303643,-0.14169130811979,-0.0802254588215157,-0.0266323493024429,-0.0382865684062902,0.0862026661017011,0.12893966492022,0.122731081871841,-0.13523832950268,1,0.32866619323128,-0.0581434481054581,-0.077202179918463,0.0462018966742318,0.0548793848440576,0.0783742808261056,-0.0668882428768672,0.00944381417824166,0.00432105040548059,-0.183869884498164,-0.137310394766441,-0.00547103003291269,-0.107599295603361,-0.0520149937786272,0.0997669229744765,0.0822203318042568,-0.0228528563493522,0.16506108363208,-0.182072112379066,0.03864443818595,0.00802304600930627,0.0818157470894559,-0.0142502091476624,-0.0978224904105074,-0.171009680586645,-0.114148814062999,-0.0695964894808734,-0.112232552874477,-0.190098702853436,0.095598418578898,-0.239333221559708,0.0440915101343244,-0.0106691033408466,-0.301837216176712,-0.122304263435832,0.261807486408044,0.211821590578981,-0.0222608427878058,-0.250051876051738,0.199618745870071,0.214567770552884,0.0162370738128559,0.283987338127123,-0.10427690726857,-0.0971737348505136
"14",-0.102595093783016,0.077530102289884,0.0446939597088354,0.0405081712400377,-0.253770381090111,-0.284316430676214,-0.104900747397801,-0.0304676218845084,0.0546025430704029,0.123446529453097,0.242497753731598,-0.0794995263596963,0.32866619323128,1,-0.0118536301436307,-0.189680862019447,-0.0875374852694507,0.216695942202535,-0.0372500416600397,-0.0388396650129355,0.100269518504247,0.0182561708411622,-0.160109911641961,-0.0793236750746425,0.0590144013580593,-0.170624979907871,0.053843290259396,0.149419494716459,-0.0391198707918817,0.0444978914408403,0.00440349381306953,-0.0579128218401331,-0.0174755598756542,0.0500534582793532,0.119994843302301,-0.17316015934499,-0.176508468858142,-0.31097908582365,-0.0559398085218498,-0.126839455028099,-0.17208320764835,-0.0766561211796706,-0.0645123701733214,-0.171669684425608,0.0684800605647415,0.127512428666347,-0.265210568950633,-0.199215019516466,0.0676221011549875,0.379823353700878,-0.184530417136175,-0.0600201295276558,0.021008756937883,0.194426536646778,-0.245942474171113,0.0665878616006334,-0.0422064075151372,-0.0582639873137452
"15",-0.0236309787117016,0.0447464699494018,-0.0243948137188024,-0.0198743006217392,-0.014680176676766,0.0930277156298336,0.17605557014192,-0.083719650962458,-0.0658022159213442,-0.134330268354514,-0.059078109737654,0.0544883414760221,-0.0581434481054581,-0.0118536301436307,1,0.0150561442969855,0.200750558724718,0.0996482682524878,-0.0865841990417656,-0.0706932177768564,-0.0870583431935757,-0.0337241260887133,0.0001710667112836,0.0496671784641064,-0.0173596235893875,0.127936187943819,-0.00922633026849505,0.256872723810765,-0.0771999381723696,-0.0102895455508517,0.0367847751566664,-0.0754473930357252,0.19283156553118,0.0306088080167027,0.0866664799215974,0.072608469312218,0.0214850883369871,0.016843930652286,0.171730464147799,0.0885329806806168,0.0262063870392046,0.0645172971434235,0.133406598857841,-0.108368165220189,-0.0204751638584639,-0.146972390106166,-0.0405449151155431,0.00630838844525561,0.163172754063862,0.0155575559770339,0.126511646025526,0.110292669942618,-0.0285834155607963,-0.164840721027999,0.0773824590405088,0.0389247667892257,0.165209543100527,0.171731969810179
"16",-0.0497770913376676,-0.0567276057410318,0.0849638138485011,0.101313052578039,-0.0388290690118723,-0.0831090438719271,0.138668417987024,-0.0100049874827325,0.0256480326295563,0.050333077991988,-0.0323854809719516,0.113796272304197,-0.077202179918463,-0.189680862019447,0.0150561442969855,1,0.0516691502796344,-0.0439567971652896,0.0515976759346108,0.122479221358574,-0.185163427485397,-0.0592896362426919,-0.0886821411303003,0.0134885327447476,-0.0503257185758548,0.124236885741006,-0.0219340321476942,-0.18854605548317,-0.171270737758155,0.054758666180764,0.0286704405736506,-0.0173007113474892,-0.0741823297023563,-0.0701905810678562,-0.0134314371027142,-0.0383968643379966,0.124566291497493,0.17815876398833,-0.173889050443261,0.083572108992727,0.0222182403404059,0.0300877133520753,-0.11567022023312,0.00350167402477606,0.0462925062098048,0.0641696171766609,0.0475019885094304,0.117030733065953,-0.0499698842073448,-0.0682329028681062,0.12896139960655,0.189489008100128,-0.0616116153267709,0.0187587915012128,0.0330056637198203,-0.0311820975149071,-0.0430591293513882,0.124301629345912
"17",-0.00785748463019038,0.0164352409176315,0.0878050654247216,-0.0244882900610478,0.00647604302658218,0.0645368863083603,-0.0163669572173444,0.0718130442461405,0.128322121884153,-0.00921938273179161,-0.00408539591605318,0.0441760757476676,0.0462018966742318,-0.0875374852694507,0.200750558724718,0.0516691502796344,1,0.0173064482493268,-0.0274953840780473,0.00214095669064469,-0.262928449706722,-0.148484106409888,0.0835605017693566,0.198177728329228,0.0463592581531271,0.0363683725209177,0.12251251423043,0.18292826318477,0.162941637226409,0.0835940733480379,0.0364689694158918,0.0419770739974075,0.372599725437552,0.0859969726068673,-0.182010535800187,0.101115516980898,-0.0554691666165658,0.220843777375509,0.26754597275481,0.00992646903411633,-0.0366018532924453,-0.0817256841749047,0.0636562525759647,-0.164038017593361,-0.299382563245001,0.0722713403573799,0.134261430599638,-0.00840533827867893,0.283528771232932,-0.058254055298344,0.037948767163636,0.117984714405623,0.133936599223382,-0.075187958268661,0.171859327197973,-0.00530055154718739,0.132467476224276,0.110437906157639
"18",-0.262735701579504,-0.199303390089673,-0.117334543854579,-0.244648374768769,0.0314725181719518,-0.0387738154107006,0.181180657139037,0.0253931381568886,-0.0909419039719039,-0.080085526470856,-0.0055524435268869,0.0737461153881074,0.0548793848440576,0.216695942202535,0.0996482682524878,-0.0439567971652896,0.0173064482493268,1,-0.0629671868784638,-0.0304913425664011,-0.015811915309341,-0.181296161687967,-0.128239180445763,0.0925120544647813,0.0952695090232866,0.0576896081378779,0.0262395430466673,0.127432324502755,-0.101757199002916,-0.0328602014051406,0.118820142910701,0.0648524622162519,0.0490452349663453,0.0188738171456374,0.0135568119120235,0.0554512215740642,0.0160484174011174,0.158367138772982,0.0257673782344819,0.0726054215473986,0.11425921358397,0.0400571811138731,-0.157849720793446,0.0335450181272876,0.0937526853229399,0.0750305941178937,-0.0517226181462071,-0.0343559591021375,-0.0338875624167987,0.407179141664106,-0.0801535983947993,-0.036082172285556,0.149580325053907,0.0143350740410392,0.0888827962713101,-0.0240532621510254,0.0301096869923073,-0.0289926507788788
"19",-0.171232878619731,-0.280272904822696,-0.0104865369877153,0.149997784868921,0.015145230859811,-0.15260754022933,0.111017219014185,0.186763780752672,-0.203771928480578,-0.258973575568242,-0.0563049973306359,0.0222499993480949,0.0783742808261056,-0.0372500416600397,-0.0865841990417656,0.0515976759346108,-0.0274953840780473,-0.0629671868784638,1,0.0238532357351377,-0.0485978070328611,-0.125747352536679,-0.1144391856339,-0.296152642804783,0.152970724139128,0.133673711577096,0.0129951764585245,-0.107188534289297,-0.0790503319051665,-0.0268247504801644,0.295656537300613,0.132503881821011,0.134607800663427,-0.0417585045159485,0.0593447700788797,0.105052696083583,-0.0281538642328878,0.0797422385902541,0.105191281753953,0.0323472523587401,0.156117861018301,0.147431449804125,-0.0433662402076001,-0.181234920836961,0.0619528635039897,0.244110486033127,0.0566384696015386,0.0784893541903203,0.0352185450416605,-0.149834314616147,0.158116596290564,0.00899944863974893,-0.0995654791793821,-0.0862866203175929,0.00556143873750108,0.227713262287465,-0.126087311946888,-0.0391385079423682
"20",0.00801009576868379,-0.143811090110587,0.136392948158207,0.234870551837619,0.0942731533496523,0.0102865078554271,0.161154853668885,0.195338150080848,-0.0376383310266311,0.00142136902164703,0.0622408521824133,-0.0403998115578711,-0.0668882428768672,-0.0388396650129355,-0.0706932177768564,0.122479221358574,0.00214095669064469,-0.0304913425664011,0.0238532357351377,1,-0.00468005623972903,0.0581764848186978,-0.102161701986065,0.0188639922183355,0.32365288287211,0.0832331350344403,0.182686977904778,-0.0412932298834376,0.137304107119513,0.0608784151825071,-0.0354397416599471,0.417018605241984,0.0523982030489644,-0.0241258573217425,0.0194518001469463,0.029001861102611,-0.00685316682205008,0.138326008587074,0.00430707767635411,0.0615659563483936,-0.0849665512000841,-0.0606394954753732,-0.121222031247667,-0.0568058386500194,-0.0168162495709314,0.120392595824725,0.111856788685799,0.0977383425232455,-0.225078596625174,-0.167409612677846,0.091958161713954,0.118434465847775,-0.0800129307459551,-0.155820245213974,-0.0117646369305651,-0.0481683393255899,-0.163689227598439,0.170293811544407
"21",0.00071604163333378,0.0214693651086464,0.138748471163357,0.129378612804193,-0.0170175676624213,-0.0849784458468248,-0.154266589377008,-0.0539781190159795,-0.118216420907898,-0.0323310618708803,0.171107281684458,0.0113033786355332,0.00944381417824167,0.100269518504247,-0.0870583431935757,-0.185163427485397,-0.262928449706722,-0.015811915309341,-0.0485978070328611,-0.00468005623972903,1,0.118762439578819,-0.0328413966292197,-0.0409368102276211,-0.0798126351618126,-0.230594412919985,-0.0818357891630914,-0.037661840315814,-0.0963385533341828,-0.0332650150299348,-0.0165960300512385,0.100523110979291,-0.00488077828540151,0.196906764377456,-0.142380066080647,0.0139600461954665,-0.18363485371971,-0.0917057807574866,0.00059973434378136,0.16771145725017,0.0396512252320926,0.109823681574663,0.118182871189092,-0.0869288456091434,-0.025106430714166,0.0467293485391571,0.0831586569610459,0.276357795951364,0.0781047074547338,0.0581392268413531,-0.0325791797319651,-0.00525007278519113,-0.269336680629902,-0.2084871896394,-0.167663099935508,-0.0238426527394167,-0.161410858921746,-0.0621018245439158
"22",0.178873158690827,0.188147782817035,-0.0170883636433557,0.0180279401109919,-0.0439753619813279,-0.0507703761777569,-0.186448235037983,-0.0347565251627548,0.0312939652103708,0.00627781272618546,-0.0177245942420713,-0.0406833717443794,0.00432105040548059,0.0182561708411622,-0.0337241260887133,-0.0592896362426919,-0.148484106409888,-0.181296161687967,-0.125747352536679,0.0581764848186978,0.118762439578819,1,0.0832040739234837,-0.0716665082072437,-0.103626268409467,-0.204306027273777,-0.0705921907886675,-0.0396347905092038,0.0421657841961222,0.0722784572211802,0.15682506962992,0.109232322823412,-0.0616034431806277,0.00890466104206351,0.032039565720505,-0.135995499872502,-0.0973499370602258,-0.178360058960407,-0.00793795979368038,0.00225288023193837,-0.162661197042788,-0.0522141158624068,-0.0671176929408069,-0.00125478925703939,-0.101051700079198,-0.184489173484575,-0.00152928751117509,0.00336652647538346,-0.0367838048490954,-0.0711428913655406,-0.0240347806922741,0.0441862428515178,-0.0521190033002509,0.0205304824841954,0.0318342748247158,0.00928237183389043,-0.0418484045563544,0.001371324230873
"23",0.0200279844559897,0.114414509526858,0.104867458916014,-0.0822696797914712,0.0942558042557888,0.106008414347499,0.0341312745677425,-0.0510819588489244,-0.0361198317930145,0.0102969945189006,0.00154398666627024,0.155026815986605,-0.183869884498164,-0.160109911641961,0.0001710667112836,-0.0886821411303003,0.0835605017693566,-0.128239180445763,-0.1144391856339,-0.102161701986065,-0.0328413966292197,0.0832040739234837,1,0.21580225888271,-0.11151475485585,-0.0809689517316475,-0.239074233044092,-0.0682152146307135,-0.00759701436824496,0.055742332835518,0.0290683423883043,-0.0206046156775795,-0.0706390131006206,0.10080167234699,0.0981025094380991,0.00554529958194228,0.0872315555913482,-0.0387724364654736,0.111566370342577,0.0988688298866,0.056289774078696,0.100809464965986,-0.0940466593585789,0.0729674626005582,-0.0239845096304017,-0.08012770575667,0.0945382473721788,0.239010218815077,-0.0895099890513692,-0.0458954332745091,0.0313606092969673,0.00036110117273074,0.0534498563188118,-0.193440767761866,0.00347614562186546,-0.0684053381499507,0.167340479684219,-0.0223022205353833
"24",0.0492959808397761,0.110808203447464,0.076435799497045,-0.106156229952648,0.198728131156626,0.14835877750581,0.060275993584611,0.0840342247254276,-0.00374121248020227,0.0858731819394786,0.0434371491636924,0.0205472554009838,-0.137310394766441,-0.0793236750746425,0.0496671784641064,0.0134885327447476,0.198177728329228,0.0925120544647813,-0.296152642804783,0.0188639922183355,-0.0409368102276211,-0.0716665082072437,0.21580225888271,1,0.0598915454198816,0.00345304876577926,0.0117905571579799,0.0715681986315883,-0.0804047353557744,-0.0962616823423364,-0.333164572127089,0.0726543391970395,-0.0687105940401896,-0.134348849008384,-0.0345385526886255,0.185043295101673,0.00821922408511818,0.237592390699307,0.0302906930658685,-0.101381696723693,-0.0900964605089675,-0.0238185249754526,-0.0545751306095269,0.0493257893511413,0.064668467447551,-0.10919476002643,-0.120497163780334,-0.109035163487782,-0.0653107579858095,0.078882679108537,0.0214709007873686,-0.0940459729798538,-0.0094909754075727,-0.0601284338442964,-0.041311831390656,-0.106620565681275,0.142000196881906,-0.159996304239605
"25",0.0177778270734079,-0.224212809251335,0.106517172515772,0.0983119453422255,0.0535435321406382,-0.0445022717565057,0.135392781063535,0.295767241316514,-0.144097543868704,-0.124342757548597,-0.0388673466875842,0.153282659107404,-0.00547103003291269,0.0590144013580593,-0.0173596235893875,-0.0503257185758548,0.0463592581531271,0.0952695090232866,0.152970724139128,0.32365288287211,-0.0798126351618126,-0.103626268409467,-0.11151475485585,0.0598915454198816,1,0.280014638197578,0.127699718150375,-0.0310553436156609,0.120801527897953,0.0543347967559003,0.0346659065635747,0.028052252927023,0.0292779637920736,0.0308889896584162,0.0413234977674683,-0.015767460244224,0.0206105688893692,0.0952630922807017,0.0001132798187598,0.231936771663368,0.123845251857212,0.0645529115298814,-0.00612921087250991,0.0472615847573947,-0.0515930060458816,0.106309088635836,0.153282784949891,0.0513154699818547,-0.00929217029655785,0.0696090183706409,0.132683519235554,0.0364590324580911,0.0448065218839227,0.0151395805856859,-0.0375878864090275,0.00265181472951572,0.118354315222813,0.142020744088016
"26",0.188667685274614,0.048256232075993,0.181848735538989,0.323340515434248,0.0745400288418889,0.226789890755039,0.16324644266625,-0.0674001251013554,0.0788556387810096,-0.0507809961299436,0.0871049055519168,0.196318844168001,-0.107599295603361,-0.170624979907871,0.127936187943819,0.124236885741006,0.0363683725209177,0.0576896081378779,0.133673711577096,0.0832331350344403,-0.230594412919985,-0.204306027273777,-0.0809689517316475,0.00345304876577926,0.280014638197578,1,0.0286012719291374,-0.006098760574523,0.130983307538196,-0.0608064258152555,-0.1192841776044,-0.193469274345977,0.0287758112893307,-0.0376725711340004,-0.0176964349508975,-0.0234062042806338,-0.0277984838117905,0.143943134252713,0.10548210472936,0.275121149056651,-0.0342477850208104,0.054108523150747,-0.0316483467908547,0.00164897856073747,-0.0660735227298983,-0.116867575235169,-0.111316633949808,-0.0694285541394552,-0.06568776998494,0.0720946298862833,0.201583799056185,0.097330828147727,0.0578883188552892,-0.01247974064123,0.124729969448262,-0.00616541759739825,0.109119638444158,0.0847173179341655
"27",0.137812061403964,0.0305110510619952,-0.22594842595622,0.00664347871552443,-0.0109123425660561,-0.00227225053674353,0.074367024275635,-0.0180837393274246,-0.00918419479461702,-0.0715622491025565,-0.0415507466259092,-0.051374073798708,-0.0520149937786272,0.053843290259396,-0.00922633026849505,-0.0219340321476942,0.12251251423043,0.0262395430466673,0.0129951764585245,0.182686977904778,-0.0818357891630914,-0.0705921907886675,-0.239074233044092,0.0117905571579799,0.127699718150375,0.0286012719291374,1,0.0409447531449203,-0.0173276818771691,-0.0701639196248572,0.0453449479610203,0.069035227389212,-0.129230363864712,0.0266507991193106,0.00638887541681938,0.0159050219246796,0.0643770343136219,-0.149025847211512,0.0593072294366426,-0.059132369041665,-0.227454367792489,-0.171751403822831,-0.0958446477142784,-0.0771376353189766,0.0240581506752752,0.150096527946129,-0.0744400832868815,-0.207170816623531,0.0659513421345254,0.0139758857842747,0.0821396886524052,0.100773864870149,0.0326660384181058,-0.00172578927052309,-0.0145173187605256,-0.157579023425073,-0.0319318902096892,0.124264024356701
"28",-0.173236635669445,-0.00664236914535511,-0.024360463786967,0.0197531063528447,-0.0204450403669482,-0.0285060824624962,-0.0177873183958669,-0.156062993380183,0.0535115071236274,-0.0776296730425889,-0.0119540767788206,-0.0663063150646441,0.0997669229744765,0.149419494716459,0.256872723810765,-0.18854605548317,0.18292826318477,0.127432324502755,-0.107188534289297,-0.0412932298834376,-0.037661840315814,-0.0396347905092038,-0.0682152146307135,0.0715681986315883,-0.0310553436156609,-0.006098760574523,0.0409447531449203,1,-0.145864782132653,0.0118329381338442,-0.0433062864301169,-0.0614777700891656,0.243460688750868,-0.0397776822759936,-0.0232886077982444,0.0970506317342556,-0.0540833226904461,0.00494613533108569,0.0755123874399446,-0.0512785308691844,-0.0881168828787754,-0.0743040225993399,0.0638092634400055,-0.212714016603098,0.0624120412790787,-0.0573313443120821,-0.281527656479986,-0.11998145226218,0.101747885196333,0.0835700664200993,0.0749681067748671,-0.0762922913587527,-0.0281741978908852,-0.00051167365136637,-0.0608186872660184,0.00453127558625844,-0.12660071001671,0.00887819968772505
"29",0.233097078096749,0.093177093309447,0.00366002200696166,-0.0249280751506965,0.0494282806933991,0.0693269127748141,0.0149253559975149,0.062949747293732,0.16541535809813,0.117710462575087,0.0432688384391812,-0.0156776670132424,0.0822203318042567,-0.0391198707918817,-0.0771999381723696,-0.171270737758155,0.162941637226409,-0.101757199002916,-0.0790503319051665,0.137304107119513,-0.0963385533341828,0.0421657841961222,-0.00759701436824496,-0.0804047353557743,0.120801527897953,0.130983307538196,-0.0173276818771691,-0.145864782132653,1,0.0501523087795986,0.0272846596105837,0.0154862686329983,-0.0295261386021807,-0.0394672900950773,-0.091547502641666,-0.062133319496106,0.0091117250731998,0.0878752262656489,-0.012788007455307,-0.0658013024026165,-0.130219502002609,-0.226589954287876,-0.0207686872554101,0.0845771669866154,-0.18331636283511,-0.0133799877244558,0.0119354059541718,-0.0379544833769353,-0.144471605110846,-0.0841823194746787,0.00977657365796615,0.0745869249156303,-0.0730024171231143,0.0247287727458581,-0.0383625625621811,-0.0557534331518571,0.151401999160368,0.129120123031982
"30",0.0386766722358173,-0.0244467297330957,-0.0311537152301765,0.00844508055273704,-0.256422458996163,-0.0239831568785261,-0.0421415495196277,-0.067639290879861,-0.0385751512521724,-0.0226226924369918,-0.00370275966360886,-0.23433924194966,-0.0228528563493522,0.0444978914408403,-0.0102895455508517,0.054758666180764,0.083594073348038,-0.0328602014051405,-0.0268247504801645,0.0608784151825071,-0.0332650150299348,0.0722784572211802,0.055742332835518,-0.0962616823423364,0.0543347967559003,-0.0608064258152555,-0.0701639196248572,0.0118329381338442,0.0501523087795986,1,0.0875696994047903,0.0413566228384644,0.038873173496404,0.109362428670985,-0.085411335192827,-0.08947889119341,0.0559693299182205,0.037756431766437,-0.0322155214922692,-0.0285437121902082,-0.0713541300046391,-0.0315395762524365,0.0774718018410566,-0.0866858570524104,-0.0066615611635261,0.21156171091849,0.0817955119325814,-0.0375996840633479,-0.0274751482945805,-0.0135839371190463,-0.135114390241354,-0.00550911884928508,0.0630833768393909,0.143976180942604,0.0979993401778267,-0.209902670635677,-0.142213923409475,0.198922745731998
"31",-0.0715101528399117,-0.157805120217093,-0.108059471214817,-0.0892854536365444,-0.0593910134751234,-0.109467498922877,0.0384872170304902,0.0485802302682098,-0.141200682504526,-0.10022671402402,-0.0198097743094389,0.0284553998049671,0.16506108363208,0.00440349381306953,0.0367847751566664,0.0286704405736506,0.0364689694158918,0.118820142910701,0.295656537300613,-0.0354397416599471,-0.0165960300512385,0.15682506962992,0.0290683423883043,-0.333164572127089,0.0346659065635747,-0.1192841776044,0.0453449479610203,-0.0433062864301169,0.0272846596105837,0.0875696994047903,1,0.0138361321135657,-0.034474251014379,0.00537678051564143,0.104592724797162,-0.0390876406545923,-0.0788772055360266,-0.0992841638115241,-0.0176185380996484,0.159069740463282,-0.0395949150745445,-0.112625139827904,-0.115164279013321,-0.0728271282675962,-0.0735148977443814,0.0825959089448865,0.0895770671927532,0.11081318509455,-0.125614690167267,-0.0552329010362187,0.10648051372581,0.00509771988192673,0.0677032930683202,-0.0435466641469746,0.158652266244793,0.105409214086434,-0.0153563055477616,0.00204749802233387
"32",-0.093764360911289,-0.0782508005787263,0.0849844088277165,0.101211626021774,0.0521428469099486,-0.156840563629029,-0.0799397191464176,0.0974876334184228,-0.235389684225467,-0.132839945451539,0.0393655000296248,-0.113129424727103,-0.182072112379066,-0.0579128218401331,-0.0754473930357252,-0.0173007113474892,0.0419770739974075,0.0648524622162519,0.132503881821011,0.417018605241984,0.100523110979291,0.109232322823412,-0.0206046156775795,0.0726543391970395,0.028052252927023,-0.193469274345977,0.069035227389212,-0.0614777700891656,0.0154862686329983,0.0413566228384644,0.0138361321135657,1,0.0661448074335737,-0.150285707807351,-0.0885708019394707,0.127033181312465,-0.101023899709057,0.154514860167143,0.159897453742025,0.0720329889142887,0.0438889067872167,0.00068023272627832,-0.0576860918794683,-0.0155403220234372,0.0539124109122905,0.208818553716693,0.228976848758505,0.151601260958175,-0.124147887750857,-0.189834508154674,0.0536462696113813,0.0904415751319064,-0.243558294682653,-0.127377405557613,-0.0679259387770567,-0.0248681104741784,-0.151195317997723,-0.0538837255682483
"33",-0.0743155362400719,-0.117669533352347,0.0190057909123701,0.0921716748543999,0.0361700700233106,0.0686926295064315,-0.0104711196125249,0.044655636135223,0.1312871316779,-0.137858380180427,-0.113146049731901,0.0641077979467962,0.03864443818595,-0.0174755598756542,0.19283156553118,-0.0741823297023563,0.372599725437552,0.0490452349663453,0.134607800663427,0.0523982030489644,-0.00488077828540151,-0.0616034431806277,-0.0706390131006206,-0.0687105940401896,0.0292779637920736,0.0287758112893307,-0.129230363864712,0.243460688750868,-0.0295261386021807,0.038873173496404,-0.034474251014379,0.0661448074335737,1,0.0913241871561493,-0.112501654369205,-0.0532485926071561,-0.177420120296006,0.1657373394982,0.142136254713394,-0.109291564556909,0.103468527292475,0.143687430130877,0.12318222272037,-0.0641968996425557,-0.145067956395353,-0.0239349557664509,-0.00420115168912624,0.0378769451843797,0.220581034705407,-0.0647894730588585,0.0908758539237873,0.174728133827538,-0.0189159979551934,0.0493735527636174,0.0139246135245623,0.194782920653164,0.0918823690771911,0.163674917859952
"34",0.0428873229758014,0.254416498726067,0.0321916987842603,0.128236011123643,0.00845238665553996,-0.107021874958208,-0.10201607002028,0.0544044118410989,0.0149654126358516,0.0124518902243613,0.0701852566094118,0.0552303620674534,0.00802304600930627,0.0500534582793532,0.0306088080167027,-0.0701905810678562,0.0859969726068673,0.0188738171456374,-0.0417585045159485,-0.0241258573217425,0.196906764377456,0.00890466104206351,0.10080167234699,-0.134348849008384,0.0308889896584162,-0.0376725711340004,0.0266507991193106,-0.0397776822759936,-0.0394672900950773,0.109362428670985,0.00537678051564143,-0.150285707807351,0.0913241871561493,1,-0.09913989620385,0.0418627320919345,0.037975657156907,-0.171226062525691,0.030170579978729,0.145734014740141,0.107713249846174,0.105129501102024,-0.0453088698197127,-0.0867451027709739,-0.186098168794654,-0.0933574006972868,0.142859215011172,0.0819381835327429,0.070098241227857,0.0327427677987845,0.0039155470788214,0.00493837266964737,-0.0149336363842115,-0.123440061574533,-0.00069860521034136,-0.00266031182448645,0.185350019242527,0.0470945498806031
"35",-0.247535967210813,-0.0154485220279695,-0.062793908570259,-0.058164532733851,-0.0764108977777142,0.00537138479266004,0.398898792902099,-0.102825884941946,-0.288582854047059,-0.193553534033815,0.00482453824624647,0.171964568289356,0.0818157470894559,0.119994843302301,0.0866664799215974,-0.0134314371027142,-0.182010535800187,0.0135568119120235,0.0593447700788797,0.0194518001469463,-0.142380066080647,0.032039565720505,0.0981025094380991,-0.0345385526886255,0.0413234977674683,-0.0176964349508975,0.00638887541681938,-0.0232886077982444,-0.091547502641666,-0.085411335192827,0.104592724797162,-0.0885708019394707,-0.112501654369205,-0.09913989620385,1,0.109783445807754,0.233315465396944,0.141536964037339,-0.0723188172832236,-0.0405585064824347,0.199812395349755,0.0841446741272803,0.00829443894298933,-0.200114790361175,0.345296142902213,0.114317867279107,0.104772600153474,0.0575829582468048,0.0899098187211176,-0.0776859769988644,0.111115797864875,0.135248379614713,0.154828322928486,0.0885671018811885,0.0671080333320559,0.13042465630518,-0.0519709475270574,0.119582766180001
