"","l_Insular.Cortex","r_Insular.Cortex","l_Amygdal.Area","r_Amygdal.Area","l_Bed.Nucleus.of.the.Stria.Terminalis","r_Bed.Nucleus.of.the.Stria.Terminalis","l_Hippocampus","r_Hippocampus","l_Orbitofrontal.cortex","r_Orbitofrontal.cortex","l_Entorhinal.Cortex","r_Entorhinal.Cortex","l_Frontal.Association.Cortex","r_Frontal.Association.Cortex","l_Globus.Pallidus","r_Globus.Pallidus","l_Glomerular.Layer.of.the.Accessory.Olfactory.Bulb","r_Glomerular.Layer.of.the.Accessory.Olfactory.Bulb","l_Glomerular.Layer.of.the.Olfactory.Bulb","r_Glomerular.Layer.of.the.Olfactory.Bulb","l_Granule.Cell.Level.of.the.Cerebellum","r_Granule.Cell.Level.of.the.Cerebellum","l_Hypothalamic.Region","r_Hypothalamic.Region","l_Entorhinal.Cortex","r_Entorhinal.Cortex","l_Vermix.Molecular.Layer.of.the.Cerebellum","r_Vermix.Molecular.Layer.of.the.Cerebellum","l_Lateral.Molecular.Layer.of.the.Cerebellum","r_Lateral.Molecular.Layer.of.the.Cerebellum","l_Anterior.Olfactory.Bulb","r_Anterior.Olfactory.Bulb","l_Posterior.Olfactory.Bulb","r_Posterior.Olfactory.Bulb","l_Subiculum","r_Subiculum","l_Perirhinal.Area","r_Perirhinal.Area","l_PreLimbic.System","r_PreLimbic.System","l_Primary.Cingular.Cortex","r_Primary.Cingular.Cortex","l_Primary.Motor.Cortex","r_Primary.Motor.Cortex","l_Retrosplenial.Cortex","r_Retrosplenial.Cortex","l_Secondary.Cingular.Cortex","r_Secondary.Cingular.Cortex","l_Secondary.Motor.Cortex","r_Secondary.Motor.Cortex","l_Striatum","r_Striatum","l_Ventral.Tegmental.Area","r_Ventral.Tegmental.Area","l_Substantia.Nigra","r_Substantia.Nigra","l_Thalamus","r_Thalamus"
"1",1,0.147315752772033,0.198030321158454,-0.169696192824698,0.181034399641451,-0.236359010927153,-0.0517074469711374,0.107735427994748,0.128078665634069,0.0930006954190552,0.232718608610394,-0.0303098599170262,0.0894522651178636,0.136473160450238,0.158113622669054,0.120201772980661,-0.0836409125565892,0.212188868342242,-0.136586494548822,-0.0629390963763484,-0.154001447166872,0.171339737793933,0.0978130391137479,-0.0417339616109198,-0.0520883220893772,-0.102967397036505,0.232453467831816,0.0814042376035172,0.197181714692065,0.158761450192244,-0.10422683098794,0.0239012317132473,0.152627507442053,0.221156319906123,0.0166200841338625,-0.0327719157592843,0.27564895424517,0.187193074121822,0.172822823276083,0.25990302672403,0.137729151589197,-0.0561854405196789,0.175728307521145,0.0568787880513647,0.126703167792909,-0.00241630028159244,-0.0155148898286062,0.114066786484276,0.00255644225876426,0.13998178276236,0.210725714727202,0.133153214634715,-0.0847829999380389,0.152352425149999,-0.0244543286989997,0.112072081977704,0.104449773796444,-0.179592247763106
"2",0.147315752772033,1,-0.0419513183019962,0.0712614296246822,0.0286821643688054,-0.105042369069066,0.170478511071721,-0.00856402736699279,0.224683555734205,0.288425115622958,0.0877456188041236,0.178326925474601,-0.167082315937568,0.117752100889788,0.00171267905390991,0.0467680788395525,-0.044129170674716,0.030479711985334,0.0591606932259802,-0.0354756513721368,-0.0188568389811307,0.139407495356584,0.0295913048211473,-0.100869668227439,0.11936560830693,-0.0119960181823726,0.18364702970062,0.282677829662973,0.314523177802316,0.362042324203999,0.123310907455732,0.0136730160106148,0.0553996213450317,-0.00394283022217678,0.0996990503326334,0.057038955137004,0.0261523718527653,-0.0275588033196534,0.215418826296091,0.172750154156938,0.198864156489511,0.211512383788844,-0.00638941345906464,0.0391101482503219,-0.024562171011644,-0.00865802117446639,0.303874489801818,0.296957098285373,0.0783581872899378,0.0633949793279485,0.245640120889962,0.425954744300568,-0.0593740207795368,0.0723966054899783,0.290444213194317,0.00861436351982262,0.0959898769364214,0.00355322869508756
"3",0.198030321158454,-0.0419513183019962,1,-0.446878126044649,0.163972196117716,-0.0953281429884936,-0.46765617235715,0.223469149565288,-0.331959968041619,0.094911286596212,0.385405558062724,-0.493756358208358,-0.118102280475582,-0.0392952183590593,0.0696747156722585,0.215854620782339,-0.0577077238929904,0.0307449870669596,-0.150747577148832,-0.0878619257132588,-0.51411402094606,-0.0315673474185462,-0.220932764312634,-0.0970876030403778,-0.123756646107315,-0.399819873473822,-0.0365661208400159,-0.0908850350827769,0.0972220203440947,0.162776646795937,-0.235650325939754,-0.061874924088804,0.106130443478141,-0.170154650553697,-0.355742957625265,-0.0732654830084521,0.297556898818668,0.00367803675407359,0.00935096159089421,0.122716222125979,0.00099460194268929,-0.1106984775306,-0.230549516054635,0.083552629124426,0.139897276197527,-0.16232092479097,0.0513838201098177,0.0146109136463459,-0.100047416801663,-0.00262259627179737,0.400291721056557,-0.0574078716187544,-0.0740761347806091,-0.0463000531051909,-0.0748309865961071,0.0241890819215362,0.161447397344327,-0.269967261044942
"4",-0.169696192824698,0.0712614296246822,-0.446878126044649,1,-0.0968896906973962,0.101738231840865,0.467859527833276,-0.305864977461948,0.138088521282078,-0.106474969131612,-0.0942332467563882,0.296593929632679,0.0698392435036422,0.1769511834307,-0.00775064535744504,-0.351635980626794,0.0421696080298104,-0.0394570693566483,0.0140116801357238,-0.0836582081901592,0.50082832139346,0.103642310938379,0.115377840565212,0.0380333157997917,0.328972720986743,0.478898634397163,-0.0281734381554298,0.031703481220271,-0.117240785381651,-0.0957456591459546,0.0581864971303439,-0.0824760490394125,-0.194855253039572,-0.130164045326465,0.260674897349981,0.105027245399184,-0.331663631983571,0.00613303792301483,-0.0713556004967162,-0.129723699841388,-0.0992863419745289,0.0365295642436406,0.105837129483574,0.0143308354260759,0.0147777936315763,0.100047012206586,-0.0716305501385185,-0.0746630384779369,-0.0376347269441638,0.140315126707134,-0.360913070739581,0.0729662320095203,0.0646792715481155,0.0688372602000582,0.168044628181758,-0.078950681805747,-0.396577284844453,0.0854455198062564
"5",0.181034399641451,0.0286821643688054,0.163972196117716,-0.0968896906973962,1,0.0445429433200699,-0.076013610583925,-0.00521154791201107,0.0400800041506881,-0.0292976006865859,0.16134396570452,-0.2840348529199,-0.0392141020107357,-0.0206907964795784,-0.035548395838563,-0.117268384190204,0.122470198522255,0.11527320016041,-0.184666967630102,0.0387968802110725,-0.120529763042114,-0.220373456622902,0.221231359657404,0.13814332169845,-0.107828465838432,0.0190430036582933,-0.0526509961674897,0.00174796224600007,0.109481310605968,0.0886510955327374,-0.194318140873287,-0.372732772799444,-0.0157038909021412,0.0752005652293915,-0.104702800098925,-0.0749259221784652,0.141595281766907,0.0590626343455,0.193204739384101,0.0109906302058264,0.217927457595372,0.00132882545598165,0.248862211436898,0.0373797114960768,0.13748829519605,-0.111489169703532,0.104604768397363,0.0542844186442394,0.0966860737761568,-0.0354284227047293,-0.00455584032977636,-0.0395891828181716,-0.00427962409468495,0.0721111285511143,0.0405260521984518,-0.0135136158524343,0.0921251106957952,-0.0571554241602664
"6",-0.236359010927153,-0.105042369069066,-0.0953281429884936,0.101738231840865,0.0445429433200699,1,0.188131318008101,-0.0420393825161887,-0.305188453111433,-0.20880068571617,0.0351174533838395,-0.0588539315506585,-0.120181395120967,-0.233518680950077,-0.106860551271294,-0.0372942498424614,-0.124619900669893,-0.154843622905973,0.124627807317513,-0.078420281888773,0.0843675131078069,-0.205956933510767,0.030923775387141,0.11866793326165,-0.0861599179403279,0.127195842340819,-0.188783190059284,-0.188870437249706,-0.0537132340410138,-0.0418497588615015,0.0594742234011788,-0.159199095608237,-0.133523532779591,-0.0564989937370995,0.0479435681611886,0.17409240398404,-0.149788295153252,0.125851330734326,-0.044106350814249,-0.0670609789345308,-0.0993458991971986,-0.12371574235351,0.124480858246702,0.0181340698611006,-0.121675891361402,-0.120005817120968,-0.15087578121759,-0.184458843812859,-0.00045678396675739,0.0240198430470158,0.0245305296258679,0.0480972650642996,0.0172685601869683,0.00599024638923751,-0.153638102665255,-0.205543367377131,-0.0363045725888279,0.0478680882223764
"7",-0.0517074469711374,0.170478511071721,-0.46765617235715,0.467859527833276,-0.076013610583925,0.188131318008101,1,-0.0897595096021546,0.303086045849791,0.063992219097624,-0.140046112989678,0.490590362503656,0.0931940431143615,0.121122051226421,-0.0414689087806799,-0.0596635388147626,0.0748634765908237,-0.0762708654891377,0.27297137825753,0.00285264428347336,0.346684866254837,0.0430036026302092,0.0366733683192453,-0.0171051540685241,0.438530823614354,0.268916923249341,-0.00899142704335167,0.0685223727743295,-0.0328587888094699,0.0175321260984276,0.24564160007307,0.0910192823836207,-0.0619948868140262,-0.0565170022029423,0.587738499345931,-0.0537352292410145,-0.158267706260914,0.0450975456201841,0.0964350332537455,0.0356026191572183,-0.0344147734236247,0.114116745966494,0.209471399389815,-0.0108304737870976,-0.257484869802951,-0.0440660000935769,-0.0295237155202226,-0.0621191046673469,0.157885390182603,0.146530203496883,-0.131655464557794,0.164512686225264,0.00333125759250338,0.0626678837610716,0.125199599470059,-0.188372094324325,0.0149675363301438,0.143963125092779
"8",0.107735427994748,-0.00856402736699279,0.223469149565288,-0.305864977461948,-0.00521154791201107,-0.0420393825161887,-0.0897595096021546,1,-0.032328691340274,0.0553951219270069,0.235572197705616,-0.22202308281748,-0.0961953027955789,-0.0723271760551291,0.132173450924898,0.122669597181438,-0.00074491243678093,-0.046656158690337,0.126766392125822,-0.0368090110315107,-0.161143869187146,-0.13549802475032,-0.0173840434060067,-0.0329183953836708,-0.353552541941866,-0.139804587508196,-0.0106806228076898,0.0753173567185252,0.193219350105165,0.100044624384423,0.0865726496314793,0.0198144085899934,0.0580031264913899,-0.0558576600261492,-0.187922299154119,0.159772277820909,0.227923724309922,0.22425689790001,0.119923026602324,0.315626532005434,0.0422382770560153,0.158066595410014,0.270581518190743,0.0927904082381903,0.194496452839269,0.0764774962149534,0.0327344515852358,0.117876387028242,0.183500484452583,-0.0769205612518769,0.179789716539198,0.142063862362946,0.00938527769803063,-0.0288353816817713,0.0359060661000509,0.0933367562496588,0.0696027134658663,-0.0539830562679015
"9",0.128078665634069,0.224683555734205,-0.331959968041619,0.138088521282078,0.0400800041506881,-0.305188453111433,0.303086045849791,-0.032328691340274,1,0.349684824016045,-0.151115264646755,0.27926156849302,0.3069766672112,0.0963116829567214,0.0202548579831288,-0.159374709020557,0.0681958074437452,-0.110926172004075,0.150364549454622,-0.113869016995195,0.208080244498639,-0.00382223292515066,0.127960931669369,-0.15543200959735,0.198330490831268,-0.0790169361811258,0.234076622592161,0.119966969193872,0.16670022213612,0.213822979684619,0.145617060072441,0.0411622691309187,0.108253826007382,0.086977432244602,0.269783538379269,-0.143884931048979,0.0779685204091651,-0.0811513030242925,0.274441318809298,0.1193992034024,0.311475456925361,0.365115018232452,0.222868193532432,-0.0795135856972105,-0.055741916761494,0.0868244317996156,0.322758119745245,0.273944362372778,0.0246221518949246,-0.0564733283380086,-0.234638459770475,-0.103293984428413,0.0595069216974285,0.109119783260184,0.17279362532702,0.0382258374326966,-0.105635674255116,0.0300056028110421
"10",0.0930006954190552,0.288425115622958,0.094911286596212,-0.106474969131612,-0.0292976006865859,-0.20880068571617,0.063992219097624,0.0553951219270069,0.349684824016045,1,-0.112711246822749,0.079570968669791,0.14682225891519,0.0129237570486818,0.0267078824071543,0.0184961394899044,0.0518535944706341,-0.0828130168733536,-0.101677729904268,-0.150276682452553,-0.0487643481813249,-0.0108006620893171,-0.131098369498498,-0.136367744250893,0.175889888667757,-0.390617485070884,0.162838358416662,0.277551499381684,0.373419071988477,0.285886682871358,-0.0252626768069231,-0.0665663512139715,0.0155580174234675,-0.0872133895211996,0.232654072878211,-0.202148419164428,0.286724955612016,-0.14758970960555,0.241621562537076,0.201851698612136,0.351703155553191,0.242099400318725,0.0864323080178964,0.03245928626205,0.0655048694483232,0.0981106752003166,0.367782857464467,0.186872538231838,0.0980950652063495,-0.0601580479092241,0.162112981981208,-0.0756765806531804,-0.0394543764597315,-0.117069770981546,0.136972381788813,0.0342597867065785,0.151754494863262,-0.246569372321426
"11",0.232718608610394,0.0877456188041236,0.385405558062724,-0.0942332467563882,0.16134396570452,0.0351174533838395,-0.140046112989678,0.235572197705616,-0.151115264646755,-0.112711246822749,1,-0.377466985411076,-0.0987213158957812,0.0420612719632459,0.185981061143682,0.0343736948450851,0.108357590160705,-0.0463243787901837,-0.09620842763218,0.0733067204430847,-0.208477008944337,-0.109970608152127,0.113661737566466,0.166528540047657,-0.299433093954782,-0.0771505411687797,-0.0769161738524456,-0.146342003172005,0.107066124544031,0.126522011088493,-0.220357125743198,-0.184031560198181,0.249113222700982,-0.176842283931081,-0.304742986227289,0.175428581034528,0.00070280219101292,0.0441030222447708,0.173898830584836,0.252951595981333,-0.0519870324163836,-0.0491676998459612,-0.0683158136807106,0.087900187863544,0.218963909639256,-0.19510893218233,0.124971591314781,0.0701185329226791,-0.0318656824804654,-0.0017112319482096,0.208099623342914,0.151556247956498,0.142032266295799,0.203590200876532,0.0261281744431505,-0.009421092108102,-0.0315326801299584,-0.00037170563775438
"12",-0.0303098599170262,0.178326925474601,-0.493756358208358,0.296593929632679,-0.2840348529199,-0.0588539315506585,0.490590362503656,-0.22202308281748,0.27926156849302,0.079570968669791,-0.377466985411075,1,0.127869112696412,0.119138301650547,-0.110054997666453,0.0267320820340809,0.03805152790038,0.0309214709394672,0.34950614112059,0.106366054935321,0.230038631763623,0.237790427799246,-0.0634348205864187,-0.0953227191112915,0.553383532268549,0.133072149684917,0.207406344100452,0.330444514721581,-0.0381506167245489,0.0632625341903526,0.334963136622702,0.312503240967946,-0.0928649731493787,0.125039626154831,0.593182263299226,0.0142279101823243,-0.00511555935019181,-0.12725189305478,0.0934915140262412,-0.103471564397492,0.0491392875681284,0.231985012368676,0.141864974697866,-0.120585821383769,-0.153038387923645,0.0828276446806805,0.14385154668873,0.190235769786741,0.129146757963833,0.0773272423384833,-0.0644805390394634,0.0938946058543513,-0.045929183121817,-0.0412052440578351,0.199502452422394,-0.074009010080049,-0.0579723575622678,0.0136153389565754
"13",0.0894522651178636,-0.167082315937568,-0.118102280475582,0.0698392435036422,-0.0392141020107358,-0.120181395120967,0.0931940431143615,-0.0961953027955789,0.3069766672112,0.14682225891519,-0.0987213158957812,0.127869112696412,1,0.0749972802254313,0.011072504658438,-0.174424439567147,0.295346485570424,-0.148478407318397,-0.0465613764855431,0.0127886139762824,0.190838668245175,0.144656449817929,0.0462752803045108,0.0738695352428575,0.295169573008742,-0.136752484939014,0.413918720967756,-0.0424878127448142,-0.0294861060232585,0.0256562048628021,-0.0219486066780503,0.037955648059506,0.048403625812524,-0.161085179166834,0.195555003148926,-0.249447937129992,0.19595641736237,-0.130850038461138,0.16276438813904,-0.0468144516885965,0.112613086460411,0.108223121108255,-0.0555229467377252,-0.0659778234410058,0.0731674364597423,0.049350893887346,0.121495414758028,0.0162670965400935,0.364765001593991,-0.206864401453336,-0.0529581433018549,-0.174343503688241,0.0926414213888492,-0.0683594877717848,0.0012589670958088,0.107399169057546,-0.0837006049614128,-0.156733134367539
"14",0.136473160450238,0.117752100889788,-0.0392952183590593,0.1769511834307,-0.0206907964795784,-0.233518680950077,0.121122051226421,-0.0723271760551291,0.0963116829567214,0.0129237570486818,0.0420612719632459,0.119138301650547,0.0749972802254313,1,0.0660675629831607,0.124115794927998,-0.030879913789289,0.189483599319462,0.163192386614551,0.151476634058146,0.259531301073252,0.306688419164891,0.0929751848840608,-0.00735751131025976,0.233073543243717,-0.0568344940990797,0.142670174865924,0.124124567186381,0.0681515529550552,0.0514620490795219,0.196324410257006,0.0552143307069761,0.0889251463129263,0.0409666074169156,0.142160992594785,0.0151850239556983,0.0296043853339513,-0.104269175974008,0.081096224182637,0.0706498961963708,-0.0554268701036591,0.0976482004643695,0.0566687661225511,0.0673824097128306,-0.194765052956467,-0.115702486100197,0.0157349268484902,0.0333021092654261,-0.0615455623093396,0.503182259092398,-0.047138135825883,0.0568892118246159,-0.110260649096192,-0.0802716707570961,0.164964347217719,-0.115994838320815,0.00302868464823793,0.143877970964479
"15",0.158113622669054,0.00171267905390991,0.0696747156722585,-0.00775064535744504,-0.035548395838563,-0.106860551271294,-0.0414689087806799,0.132173450924898,0.0202548579831288,0.0267078824071543,0.185981061143682,-0.110054997666452,0.011072504658438,0.0660675629831607,1,0.00547049575514663,-0.0471443938161357,-0.00792352363887521,0.133531697955445,0.0940496429292451,0.10028918034015,-0.0242043146187623,0.0671140026102964,0.026582718134463,-0.0846061777803717,-0.0442310121351894,0.0381177208991061,0.0273625870593537,0.0831380986900881,0.064711207681469,-0.081870289128862,0.0440158589009851,0.0361277998013154,0.127552428966456,-0.0279185099570703,-0.0767774428022266,0.0450743581908543,-0.150692346986535,0.00956472984179699,0.253590013153877,-0.100618260472183,-0.0931689322797543,-0.00697782304121452,-0.0780712764106729,-0.00252410635455275,-0.0102571148290001,-0.11391548203763,0.133702472003527,0.00630468756313033,-0.0444050907675514,0.215653148402288,0.101345139110698,0.205112794385756,0.198576519485289,0.00805548468482049,-0.00383024691902055,0.0247744484082993,-0.058098499152985
"16",0.120201772980661,0.0467680788395525,0.215854620782339,-0.351635980626794,-0.117268384190204,-0.0372942498424614,-0.0596635388147626,0.122669597181438,-0.159374709020557,0.0184961394899044,0.0343736948450851,0.0267320820340809,-0.174424439567147,0.124115794927998,0.00547049575514663,1,-0.156904334878024,0.100577064287831,0.113644562523286,0.0313918510288418,-0.177867716755361,0.0601184249954909,-0.151540672066069,-0.122758647737916,-0.0616400257216362,-0.0992999553002576,0.130680596187065,0.0246334164145321,-0.0269585422713992,0.0652401762108442,0.00692695243444662,0.154213096294036,0.0975917026304834,-0.0196148462927741,0.047998848445662,0.0596907470900723,0.18988964507957,0.0178473478487412,0.0478537310421782,-0.0647228886567492,-0.107410327971518,-0.142913237630619,-0.0109082713261029,0.0698022589625179,-0.0867806036717592,-0.00728533884089436,-0.0337798543726766,-0.0509766756943887,-0.0607551829129436,0.0402026648864356,0.215825461751353,0.166411147441551,-0.140612111814595,0.00416895274740666,-0.0639157704205599,-0.0521084744676101,0.299895795053196,0.0510548225086273
"17",-0.0836409125565892,-0.044129170674716,-0.0577077238929904,0.0421696080298104,0.122470198522255,-0.124619900669893,0.0748634765908237,-0.00074491243678093,0.0681958074437452,0.0518535944706341,0.108357590160705,0.03805152790038,0.295346485570424,-0.030879913789289,-0.0471443938161357,-0.156904334878024,1,-0.0826903575693184,-0.0839092925693509,0.0516537160120068,0.131549938984482,0.200569548010469,-0.0297957357474411,0.12700941957788,0.050496636671047,0.0371016876947836,0.0671448276384292,0.0133444909113959,-0.056222716280826,0.107974720775304,0.0291512447441222,-0.0645584286046979,-0.0504396790748422,-0.135427573175117,0.0657142144763416,-0.211727917677084,0.0581491187857062,-0.192087767878025,0.119113323726296,0.0470398764947052,0.0221418075642357,0.0244170419838255,0.00835285338847282,-0.0733662951855317,0.0852978170353261,0.00361242895043079,0.0369213746585199,0.016220940103384,0.472391832360207,-0.229743038047866,0.121447083960412,0.0169703340034993,0.0633618393664531,0.00544439300815769,0.0579715556337159,0.114125043827748,-0.0535851393815903,-0.0145287224110079
"18",0.212188868342242,0.030479711985334,0.0307449870669596,-0.0394570693566483,0.11527320016041,-0.154843622905973,-0.0762708654891377,-0.046656158690337,-0.110926172004075,-0.0828130168733536,-0.0463243787901837,0.0309214709394672,-0.148478407318397,0.189483599319462,-0.00792352363887521,0.100577064287831,-0.0826903575693184,1,0.00162713579154671,0.151691376337107,0.171857253584453,0.130148049642632,0.0114264971970712,-0.146181749720423,0.00984107850598168,0.0517672688439451,-0.0147269884759265,-0.0843795276167699,-0.042968320116519,-0.0542843740342185,0.0325835676158854,0.106829383787048,0.252944364873628,0.162405070386822,-0.0915685419669856,0.0745578415682903,0.0983769463378464,0.0931478485015119,0.0834184720910855,0.154134365749839,0.00056710847462975,0.118185251832563,-0.0349103325864739,0.00599900268957576,-0.0413907882048518,-0.0237179697485844,0.043349123771142,0.104263391303003,-0.0763125032082815,0.341684626370811,0.0496260463907546,0.138709294506312,0.0698341378473797,0.13477442675066,0.0777924974676256,0.0151444509702547,0.112998637133366,-0.152423922379656
"19",-0.136586494548822,0.0591606932259802,-0.150747577148832,0.0140116801357238,-0.184666967630102,0.124627807317513,0.27297137825753,0.126766392125822,0.150364549454622,-0.101677729904268,-0.09620842763218,0.34950614112059,-0.0465613764855431,0.163192386614551,0.133531697955445,0.113644562523286,-0.0839092925693509,0.00162713579154671,1,0.202563727295041,0.13021597711465,0.0460023532179975,0.0816869910926926,-0.0808440564505337,0.16593410380547,-0.0569756228617308,-0.0744899166599349,0.0041130487686427,-0.0132141806345211,0.0322538149371528,0.532272337529061,0.395613715912705,-0.107426500858687,0.0291389626035929,0.318871000916397,0.0934293060569759,0.0400227420063499,-0.0413363970476256,-0.0367358423557932,-0.0325479365845614,-0.0306954768191078,0.103713554034208,0.0419963672520049,0.0317035352151413,-0.203391102275899,-0.00494380974761543,0.0827672270157074,0.0881465938895145,0.0242988338883333,0.127994549520884,0.0078659434536605,0.229446590904807,-0.086707021798678,-0.0743875034191093,-0.060833396181314,-0.161981296436668,0.0443758424003213,0.19038228630587
"20",-0.0629390963763484,-0.0354756513721368,-0.0878619257132588,-0.0836582081901592,0.0387968802110725,-0.078420281888773,0.00285264428347336,-0.0368090110315107,-0.113869016995195,-0.150276682452553,0.0733067204430847,0.106366054935321,0.0127886139762824,0.151476634058146,0.0940496429292451,0.0313918510288418,0.0516537160120068,0.151691376337107,0.202563727295041,1,0.0202412988098579,-0.00316192456190665,0.0158038708762162,-0.0741243374513699,0.0062883457606744,0.00626118554581619,0.0973366095819049,0.0164589212113643,-0.0442398506189362,-0.26529823306495,0.184827309178568,0.255860192479509,0.0675186069100298,0.12963528701663,0.00803201478466342,0.182424493036363,0.0196629831884477,-0.0528722324807163,0.0726231268339614,0.0196435250279282,0.0825605333213292,0.127745721963983,-0.0842621713211699,-0.070910086145436,-0.0227138468245547,-0.0480648860643845,-0.00057685351127724,0.0381145560117439,0.00617930183442366,0.173350549968823,0.0300090021057211,0.190775989503967,0.0938634106461397,-0.102187446261895,0.0539336769903906,0.1141570689366,0.244128854425592,0.213067893489047
"21",-0.154001447166872,-0.0188568389811307,-0.51411402094606,0.50082832139346,-0.120529763042114,0.0843675131078069,0.346684866254837,-0.161143869187146,0.208080244498639,-0.0487643481813249,-0.208477008944337,0.230038631763623,0.190838668245175,0.259531301073252,0.10028918034015,-0.177867716755361,0.131549938984482,0.171857253584453,0.13021597711465,0.0202412988098579,1,0.0935433946386878,0.231296717081109,0.0554915919235364,0.188737318292177,0.384974224796406,-0.079969165794356,-0.0402702613234846,-0.082835263951096,-0.0168138433814214,0.0553056505976408,0.012025142442497,0.0109880419469638,0.0111608635866439,0.281588944250809,-0.0256727184512769,-0.227786084090245,-0.0183700578682824,0.0976949656047493,-0.0493133702410677,-0.0465867139560781,0.0604732347342069,0.104912967611745,-0.101478485023227,-0.173868764607181,0.0631230569085538,-0.122175330735269,-0.11443772570372,0.166416576279805,0.117514498066129,-0.338191848828164,-0.0400862353286913,0.0539965887471386,0.0969839526160365,0.0850677335088674,-0.00736646285256658,-0.287957846818567,0.131162313064562
"22",0.171339737793933,0.139407495356584,-0.0315673474185462,0.103642310938379,-0.220373456622902,-0.205956933510767,0.0430036026302092,-0.13549802475032,-0.00382223292515066,-0.0108006620893171,-0.109970608152127,0.237790427799246,0.144656449817929,0.306688419164891,-0.0242043146187623,0.0601184249954909,0.200569548010469,0.130148049642632,0.0460023532179975,-0.00316192456190665,0.0935433946386878,1,-0.0526968346425449,-0.0820147820429972,0.242653355490409,0.0481062932695004,0.146475227943671,0.0771564849181584,-0.0878155576191698,0.187685706954744,0.27274858023514,0.283320610957042,0.0402574511179494,-0.0874325453527192,0.14792224649217,-0.166253338291391,0.0718377111194026,-0.267118040185724,0.126012730620846,-0.0142244133570196,-0.0540161301517625,0.0784244877866461,-0.041181237706896,0.0796855127651525,-0.0637588435570945,0.0398258558981135,-0.0486035839689817,0.0574647150564334,0.163462009060505,0.167170752399177,0.10610224824884,0.0735240622528041,0.0664972814825096,-0.00232358674350324,0.189727805367881,-0.0181826996278097,0.0128611941776094,0.100435324682691
"23",0.0978130391137479,0.0295913048211473,-0.220932764312634,0.115377840565212,0.221231359657404,0.030923775387141,0.0366733683192453,-0.0173840434060067,0.127960931669369,-0.131098369498498,0.113661737566466,-0.0634348205864187,0.0462752803045108,0.0929751848840608,0.0671140026102964,-0.151540672066069,-0.0297957357474411,0.0114264971970712,0.0816869910926926,0.0158038708762162,0.231296717081109,-0.0526968346425449,1,0.493593865814688,-0.350744909063921,0.0511578011997229,-0.0998517353214796,-0.0988298602792882,-0.0326052089673417,-0.00780189688397112,0.0616023999600483,-0.165920737979399,0.0259266658932323,0.210141551744144,-0.19831742770104,0.0920086909009332,-0.0814628183017041,0.0734825179000868,0.0643532427026004,0.0241492253241028,-0.0862412953858684,-0.0576538388752791,0.110819997065867,0.020303513024212,-0.0361539058523487,-0.179052476808265,-0.0705479952806172,-0.0633385605376051,-0.0818273955126872,-0.0631602079758907,-0.118410188988203,0.128875543035296,0.232393641558197,0.096056847704812,-0.149494511677742,-0.14831130507476,-0.1251477308658,0.226959714172574
"24",-0.0417339616109198,-0.100869668227439,-0.0970876030403778,0.0380333157997917,0.13814332169845,0.11866793326165,-0.0171051540685241,-0.0329183953836708,-0.15543200959735,-0.136367744250893,0.166528540047657,-0.0953227191112915,0.0738695352428575,-0.00735751131025976,0.026582718134463,-0.122758647737916,0.12700941957788,-0.146181749720423,-0.0808440564505337,-0.0741243374513699,0.0554915919235364,-0.0820147820429972,0.493593865814688,1,-0.347782371251074,-0.144785286488677,-0.116093530693976,0.00841452090658219,0.0679576039292791,0.138615087817646,0.0190004135726345,-0.0556147410031331,0.0291611602457226,-0.0928530544726753,-0.241632090319943,0.0808429996317151,-0.178061810556294,-0.0385121417275812,-0.0359564279731404,-0.0641886807268291,-0.128928607005715,-0.225765308490177,0.0378267077769828,0.139185625158103,0.0856468414123528,-0.0280516035648351,-0.085004641631387,-0.0148630059256605,0.0445192989564948,-0.237613749059521,0.065542007974857,0.0439664166420529,0.0365274463011114,0.0446151710712805,-0.23256079178591,-0.0386853998006599,0.0341739230684732,0.229198972938375
"25",-0.0520883220893772,0.11936560830693,-0.123756646107315,0.328972720986743,-0.107828465838432,-0.0861599179403279,0.438530823614354,-0.353552541941866,0.198330490831268,0.175889888667757,-0.299433093954782,0.553383532268549,0.295169573008742,0.233073543243717,-0.0846061777803717,-0.0616400257216362,0.050496636671047,0.00984107850598168,0.16593410380547,0.0062883457606744,0.188737318292177,0.242653355490409,-0.350744909063921,-0.347782371251074,1,0.136450866980785,0.150423511060197,0.24287313582467,-0.110608655414802,-0.11991357591559,0.111240941593019,0.182776477862545,-0.0752771318495061,-0.00013094627907358,0.64564630590411,-0.116651374915099,0.145864520125925,-0.115864106150709,0.103565001287439,-0.13471668318196,0.0690327030812205,0.187652364699282,-0.0350700674196446,-0.0635482187964179,-0.141954599923814,0.019221702353481,0.123205058993717,0.0396443194028903,0.14257729518421,0.107302464142225,-0.0629853177962218,-0.0328231963150345,-0.119122133709898,-0.0775445431300235,0.302174610047773,-0.0801008610427596,-0.133793325591601,-0.176499238074787
"26",-0.102967397036505,-0.0119960181823726,-0.399819873473822,0.478898634397163,0.0190430036582933,0.127195842340819,0.268916923249341,-0.139804587508196,-0.0790169361811258,-0.390617485070884,-0.0771505411687797,0.133072149684917,-0.136752484939014,-0.0568344940990797,-0.0442310121351894,-0.0992999553002576,0.0371016876947836,0.0517672688439451,-0.0569756228617308,0.00626118554581619,0.384974224796406,0.0481062932695004,0.0511578011997229,-0.144785286488677,0.136450866980785,1,-0.190525750555434,-0.0822144373359665,-0.253424502582963,-0.261803521059168,0.0173419321515827,-0.0553458280421505,-0.120200188580368,0.0652822175886378,0.232238687092488,0.0863663188398964,-0.266056258963626,0.0818870275290424,0.0148856323678974,-0.203635463902781,-0.132437101669012,-0.0164631046736697,0.152329955668699,-0.0817887291310999,-0.047204858399958,0.0378450764700202,-0.251128565019538,-0.261990424874138,0.0768701957982669,0.00868308696875775,-0.347883007223907,0.0943026878339633,0.0305522742010731,0.188664409627833,0.242801930947634,0.0203538876581443,-0.416571397239633,0.0336750513277185
"27",0.232453467831816,0.18364702970062,-0.0365661208400159,-0.0281734381554298,-0.0526509961674897,-0.188783190059284,-0.00899142704335166,-0.0106806228076898,0.234076622592161,0.162838358416662,-0.0769161738524456,0.207406344100452,0.413918720967756,0.142670174865924,0.0381177208991061,0.130680596187065,0.0671448276384292,-0.0147269884759265,-0.0744899166599349,0.0973366095819049,-0.079969165794356,0.146475227943671,-0.0998517353214796,-0.116093530693976,0.150423511060197,-0.190525750555434,1,0.274014276141143,0.12389740646112,0.265040629655754,-0.0504464047763122,0.0858349827139326,0.0373416223796605,-0.0394072810941664,0.125361642053713,-0.133838686385369,0.149819634266607,-0.216883551931672,0.0684130623655933,-0.00576546939949376,0.191944240514037,0.12055670318431,0.0905965903907283,0.119268704587349,0.099420886273808,0.171861172245853,0.165110756757897,0.260614997302475,0.22641474922057,0.050951966076973,0.0303785158587138,0.0828094936834646,0.0411660110955361,-0.0510126373097772,0.0401522718586987,0.116131604762645,0.234553170134397,-0.00486897844317277
"28",0.0814042376035172,0.282677829662973,-0.0908850350827769,0.031703481220271,0.00174796224600007,-0.188870437249706,0.0685223727743295,0.0753173567185252,0.119966969193872,0.277551499381684,-0.146342003172005,0.330444514721581,-0.0424878127448142,0.124124567186382,0.0273625870593537,0.0246334164145321,0.0133444909113959,-0.0843795276167699,0.0041130487686427,0.0164589212113643,-0.0402702613234846,0.0771564849181584,-0.0988298602792883,0.00841452090658219,0.24287313582467,-0.0822144373359665,0.274014276141143,1,0.278598549568806,0.243891683623171,0.0684897661777208,0.0590168009671595,-0.065608058510219,0.114221159330265,0.133765629440963,0.0295682593747645,0.0943636461994139,-0.0606010047493776,0.132788882049793,-0.0447398403593038,0.191014031493019,0.347594979619338,0.159606335451363,0.262835813139516,0.285306338927047,0.324830593953575,0.175072370489158,0.18107296003297,0.237838542249791,0.138807894844834,0.0454855768159311,0.0728560550191853,-0.0092169813659897,-0.158895977921336,0.134033998642934,-0.0426424887556468,0.256546973500086,0.0686735687233943
"29",0.197181714692065,0.314523177802316,0.0972220203440947,-0.117240785381651,0.109481310605968,-0.0537132340410138,-0.0328587888094699,0.193219350105165,0.16670022213612,0.373419071988477,0.107066124544031,-0.0381506167245489,-0.0294861060232585,0.0681515529550552,0.0831380986900881,-0.0269585422713992,-0.056222716280826,-0.042968320116519,-0.0132141806345211,-0.0442398506189362,-0.082835263951096,-0.0878155576191698,-0.0326052089673417,0.0679576039292791,-0.110608655414802,-0.253424502582963,0.12389740646112,0.278598549568806,1,0.438071777542636,-0.042311008575774,0.0224849911241765,0.137649329766032,-0.160232572562447,0.049543472917515,-0.0466813231781974,0.185110219556799,-0.0639853033759253,0.270157272995792,0.270694478480558,0.30456673405353,0.242914298396531,0.200528861217218,0.118821557573602,0.219249245730735,-0.0636398742793633,0.345217034787143,0.174562444040526,0.00804704817484827,0.0823642673231336,0.109761461452243,0.0214519371647604,-0.0549318615326776,0.0384064007954351,0.222846979387484,0.0178991766254352,0.116964163332275,-0.0195602765115975
"30",0.158761450192244,0.362042324203999,0.162776646795937,-0.0957456591459547,0.0886510955327374,-0.0418497588615015,0.0175321260984276,0.100044624384423,0.213822979684619,0.285886682871358,0.126522011088493,0.0632625341903526,0.0256562048628021,0.0514620490795219,0.064711207681469,0.0652401762108442,0.107974720775304,-0.0542843740342185,0.0322538149371528,-0.26529823306495,-0.0168138433814214,0.187685706954744,-0.00780189688397112,0.138615087817646,-0.11991357591559,-0.261803521059168,0.265040629655754,0.243891683623171,0.438071777542636,1,0.0821123685358597,-0.00652945802292421,0.055679211754826,-0.17454512895251,0.027514274194493,-0.269205889898816,0.162700419243692,-0.131586330304218,0.147904841185238,0.0875450486884812,0.184434409723734,0.0832655554536616,0.110842424953536,0.150312788580581,0.183107150914841,0.0233771796371166,0.249716946716467,0.182799684847533,0.109408156461448,-0.00286585010856943,0.258137154863035,0.00363365163075549,-0.0382513773519071,0.0096004239950047,0.0413952927945929,0.00498903646864837,0.179115734251174,0.037853117786037
"31",-0.10422683098794,0.123310907455732,-0.235650325939754,0.0581864971303439,-0.194318140873287,0.0594742234011788,0.24564160007307,0.0865726496314793,0.145617060072441,-0.0252626768069231,-0.220357125743198,0.334963136622702,-0.0219486066780503,0.196324410257006,-0.081870289128862,0.00692695243444662,0.0291512447441222,0.0325835676158854,0.532272337529061,0.184827309178568,0.0553056505976408,0.27274858023514,0.0616023999600483,0.0190004135726345,0.111240941593019,0.0173419321515827,-0.0504464047763122,0.0684897661777208,-0.042311008575774,0.0821123685358597,1,0.315568890626672,0.0273537609544819,0.113696454649411,0.264748083559818,0.0806657276829694,0.0916747729422437,0.038716872702624,0.103799385671933,-0.00248380139592116,0.228935197373445,0.214371279605858,0.193987864539239,0.162648485490894,-0.0317032238989498,0.0999904109830596,0.0721580469354563,0.0867309643076865,0.0560901650825889,0.12432075053642,0.0909929163333841,0.274329358921191,-0.0494511490740599,-0.219004447545128,0.171750348205726,-0.0880801518496667,0.118508760353079,0.204557593361401
"32",0.0239012317132473,0.0136730160106148,-0.061874924088804,-0.0824760490394125,-0.372732772799444,-0.159199095608237,0.0910192823836207,0.0198144085899934,0.0411622691309187,-0.0665663512139715,-0.184031560198181,0.312503240967946,0.037955648059506,0.0552143307069761,0.0440158589009851,0.154213096294036,-0.0645584286046979,0.106829383787048,0.395613715912705,0.255860192479509,0.012025142442497,0.283320610957042,-0.165920737979399,-0.0556147410031331,0.182776477862545,-0.0553458280421505,0.0858349827139326,0.0590168009671595,0.0224849911241765,-0.00652945802292421,0.315568890626672,1,0.0990308790401694,0.0424453980276461,0.127863063773625,0.0528623585165381,0.00899788530286298,-0.013411598064136,-0.0964124131268341,-0.0126068928741269,-0.0633436089244003,0.0627273430389136,-0.148915291858702,0.0637293966116662,-0.115328851973868,0.109790943809144,-0.0172023670378482,0.150425427134952,0.0688385337000089,0.0944221658438551,0.113260567599286,0.126575981875446,-0.153450895792476,0.0177754030959607,0.0628656882331492,0.096047028286071,0.101300006115419,0.0970784333530916
"33",0.152627507442053,0.0553996213450317,0.106130443478141,-0.194855253039572,-0.0157038909021412,-0.133523532779591,-0.0619948868140262,0.05800312649139,0.108253826007382,0.0155580174234675,0.249113222700982,-0.0928649731493787,0.048403625812524,0.0889251463129263,0.0361277998013154,0.0975917026304834,-0.0504396790748422,0.252944364873628,-0.107426500858687,0.0675186069100298,0.0109880419469638,0.0402574511179494,0.0259266658932323,0.0291611602457226,-0.0752771318495061,-0.120200188580368,0.0373416223796605,-0.065608058510219,0.137649329766032,0.055679211754826,0.0273537609544819,0.0990308790401694,1,0.157075181446016,-0.0553761601632837,0.0935315768127931,0.204146195307161,0.0294747467441303,0.348150458758643,0.291429008196204,0.0680170738641729,0.0966676936780661,-0.0907127094029666,-0.0313113088951368,-0.00830339529339073,-0.0992033812213645,0.106156232080865,0.0132659664932403,-0.139995592930085,-0.0118657357175636,-0.0324978736167962,-0.0593451914957758,0.152444593790623,0.145519276574747,0.313861390413831,0.0334014329776237,-0.00477655815983883,-0.0234778053159276
"34",0.221156319906123,-0.00394283022217678,-0.170154650553697,-0.130164045326465,0.0752005652293915,-0.0564989937370995,-0.0565170022029423,-0.0558576600261492,0.086977432244602,-0.0872133895211996,-0.176842283931081,0.125039626154831,-0.161085179166834,0.0409666074169156,0.127552428966456,-0.0196148462927741,-0.135427573175117,0.162405070386822,0.0291389626035929,0.12963528701663,0.0111608635866439,-0.0874325453527192,0.210141551744144,-0.0928530544726753,-0.00013094627907358,0.0652822175886378,-0.0394072810941664,0.114221159330265,-0.160232572562447,-0.17454512895251,0.113696454649411,0.0424453980276461,0.157075181446016,1,-0.0249188686199806,0.200003967325204,-0.014567466684823,0.186563769036859,0.00327977188484091,0.170287600365399,0.10417355563419,-0.0101739278728239,0.103532042093241,-0.0718939243664387,-0.126884293368537,0.00950644078097031,-0.0150868336187758,0.138373576878955,-0.0116664213660807,0.109282554925247,-0.0865567955525634,0.0493239147890251,0.187279234623417,0.0216525025223311,-0.00687144830677818,0.0154019752441249,-0.010400986337449,0.0794407581665752
"35",0.0166200841338625,0.0996990503326334,-0.355742957625265,0.260674897349981,-0.104702800098925,0.0479435681611886,0.587738499345931,-0.187922299154119,0.26978353837927,0.232654072878211,-0.304742986227289,0.593182263299226,0.195555003148926,0.142160992594785,-0.0279185099570703,0.047998848445662,0.0657142144763416,-0.0915685419669856,0.318871000916397,0.00803201478466342,0.281588944250809,0.14792224649217,-0.19831742770104,-0.241632090319943,0.64564630590411,0.232238687092488,0.125361642053713,0.133765629440963,0.049543472917515,0.027514274194493,0.264748083559818,0.127863063773625,-0.0553761601632837,-0.0249188686199806,1,-0.0783837378695649,0.189191282521622,-0.163830191185832,0.211856454773574,0.0115583046512526,0.128170120292635,0.109776686144288,0.174493772646199,-0.114018953244055,-0.161268223630859,-0.0183537755979944,0.137180814171867,-0.067617060064901,0.215404038981512,0.112064299596598,-0.0674666423558036,0.0099539873529834,-0.10748704375946,-0.048735912320035,0.194550125311551,-0.102405379493281,-0.0747546422050089,-0.174467663500466
