"","l_Insular.Cortex","r_Insular.Cortex","l_Amygdal.Area","r_Amygdal.Area","l_Bed.Nucleus.of.the.Stria.Terminalis","r_Bed.Nucleus.of.the.Stria.Terminalis","l_Hippocampus","r_Hippocampus","l_Orbitofrontal.cortex","r_Orbitofrontal.cortex","l_Entorhinal.Cortex","r_Entorhinal.Cortex","l_Frontal.Association.Cortex","r_Frontal.Association.Cortex","l_Globus.Pallidus","r_Globus.Pallidus","l_Glomerular.Layer.of.the.Accessory.Olfactory.Bulb","r_Glomerular.Layer.of.the.Accessory.Olfactory.Bulb","l_Glomerular.Layer.of.the.Olfactory.Bulb","r_Glomerular.Layer.of.the.Olfactory.Bulb","l_Granule.Cell.Level.of.the.Cerebellum","r_Granule.Cell.Level.of.the.Cerebellum","l_Hypothalamic.Region","r_Hypothalamic.Region","l_Entorhinal.Cortex","r_Entorhinal.Cortex","l_Vermix.Molecular.Layer.of.the.Cerebellum","r_Vermix.Molecular.Layer.of.the.Cerebellum","l_Lateral.Molecular.Layer.of.the.Cerebellum","r_Lateral.Molecular.Layer.of.the.Cerebellum","l_Anterior.Olfactory.Bulb","r_Anterior.Olfactory.Bulb","l_Posterior.Olfactory.Bulb","r_Posterior.Olfactory.Bulb","l_Subiculum","r_Subiculum","l_Perirhinal.Area","r_Perirhinal.Area","l_PreLimbic.System","r_PreLimbic.System","l_Primary.Cingular.Cortex","r_Primary.Cingular.Cortex","l_Primary.Motor.Cortex","r_Primary.Motor.Cortex","l_Retrosplenial.Cortex","r_Retrosplenial.Cortex","l_Secondary.Cingular.Cortex","r_Secondary.Cingular.Cortex","l_Secondary.Motor.Cortex","r_Secondary.Motor.Cortex","l_Striatum","r_Striatum","l_Ventral.Tegmental.Area","r_Ventral.Tegmental.Area","l_Substantia.Nigra","r_Substantia.Nigra","l_Thalamus","r_Thalamus"
"1",1,0.276821942590686,0.00467082535055258,0.231781335321259,-0.0659318125348897,0.0635113508413218,0.0581000858345927,0.0803251841810479,0.471887225102458,0.0907879920581771,0.13892204753437,0.0890491638988111,0.0237385106825375,-0.057215536533342,0.128301589376226,0.0195659923049588,-0.220240117220296,-0.14268982822666,-0.101505100241899,-0.0838622263833586,-0.00808903447416361,0.0518395731084801,-0.0748138989466512,-0.167475564033499,-0.0428482844869909,-0.0514194038235026,0.0715285515427519,0.0331416934165881,-0.00929238171136202,-0.110098901388065,0.110676963709825,0.0119405002880103,-0.0268592850406125,-0.154195192617304,0.0586923048151212,-0.12094745049538,0.00920460527098384,0.00059015129364917,-0.00779763591673955,0.0105474212922332,-0.148370962591333,-0.170020277039842,0.133482343723095,0.14170436800658,-0.106153491244878,0.00183046101102204,-0.16574691466071,-0.198124025979631,-0.0651723566949652,-0.085837042819375,0.124553771174174,-0.0100628052282079,0.117663363410642,0.147871585914057,0.0882693481123389,0.0290049525960729,0.164900713209777,0.0116903238707961
"2",0.276821942590686,1,0.0276276232682677,0.134506433890483,-0.145995277111682,0.305039400302145,-0.148753759883282,0.432153280666566,0.211935664580111,0.469029370538995,0.201003990700187,0.328552480466061,0.177564589664599,-0.0242681850424342,-0.103847378143342,0.260333220598576,-0.0705294647540341,-0.217625497972762,0.0310330827034677,-0.104131652543499,-0.0951700656295946,0.209759256932816,0.0694940230978999,0.123951885725625,0.123304334727966,0.0257334660208352,-0.00298312419510863,-0.0439650070473357,0.00685695637971428,0.0093771276526751,0.131249284802472,-0.0394094961493462,-0.0206343559549829,-0.0106596481505803,-0.231380186352174,0.209697083594081,0.0215572868509143,0.036641229709609,-0.0712980430220898,0.0316601831478416,0.0517638551160913,0.0299717312630486,0.111436033125024,0.321917354931822,-0.0314743747552065,0.359436725569823,0.0867502512276143,-0.0952014488885122,0.205993550414563,0.0883360099624679,-0.0770642663312822,0.213960245281268,0.00447813532226577,0.195832912196686,-0.0279173665275174,0.110843647119726,-0.130351065030149,0.358991624288404
"3",0.00467082535055258,0.0276276232682677,1,-0.0938178241870216,-0.0369516336144569,-0.091248510927904,0.0513155781583298,0.119209919137737,-0.0198547166166974,-0.0102581603254545,0.295580371021571,-0.0134645044173703,-0.113360237882474,0.0209913820645254,0.143636729153122,-0.046169812986425,-0.124709168357358,0.0350219700319434,-0.15928080694348,-0.118548528971677,0.200487849905268,0.0109198507191713,-0.120588995711878,-0.0720319159952778,0.165841460026961,0.123923336065434,-0.0174977246283957,-0.0120023407167341,-0.00287763572994541,-0.00916285901239642,-0.0583240773948154,0.0167169854870077,0.108322661586007,0.0163987146990696,-0.124913749403282,0.0340811517987929,-0.163635411479503,0.0555946756084335,0.174326861311082,-0.0113654382797704,-0.0874952339047019,-0.191382159196517,-0.0040254142159722,0.115151804983021,-0.0509862772396052,-0.0460418426963425,0.0175798258437218,-0.198853927137121,-0.0153477935961943,-0.0712110006346789,-0.0126395016359031,-0.00384324682993022,0.0896155012026978,0.237713721882092,0.229712540921072,0.130288457846554,-0.0913684537702042,0.145428415721706
"4",0.231781335321259,0.134506433890483,-0.0938178241870216,1,-0.0114204362721514,0.170314469155164,0.0925501771893086,-0.0468459702886017,0.19162731163259,0.055631898831481,0.131179873185259,0.106066532405986,-0.0643235536907246,0.185881064688839,0.089699255861648,-0.0465258192875524,0.116922835857314,0.0374460911744007,0.105393656603784,0.21550397232548,-0.0422995528238911,0.0207609367304805,0.184609277319331,0.162282772360206,0.0681925688178767,0.241209725325503,0.0064661399682144,0.00802201762423717,-0.00413468231852207,-0.0666059773795084,0.181025223222639,0.0554077908128987,0.0959728776300606,-0.0438600130314446,0.117332836328986,-0.0344690852768312,-0.0234245158599039,0.00615865094898409,4.91568622131304e-05,-0.0129304340420762,0.215956930103836,0.188391712229251,-0.0571488600737123,0.107246651402777,0.125072954528052,0.0487888979020941,0.130827549570928,0.19442094507697,0.0215251124348104,0.215833679408627,0.011309117475966,-0.026909406924637,0.0354392019419209,-0.271933770687249,-0.133724033942959,0.0397096055314645,0.155302943220613,0.0732465926529923
"5",-0.0659318125348897,-0.145995277111682,-0.0369516336144569,-0.0114204362721514,1,0.0514828149058139,0.206206406953766,-0.122033529284945,0.054622321850824,-0.0944013421292054,-0.233573255856061,-0.0345500212507816,-0.0985904833240056,-0.0299037646071106,0.00548228084352592,-0.142274624273684,0.0549690965095027,0.0166031614710449,0.122368652302073,0.218017732753557,0.0210470168905533,-0.221224200595824,0.10151948471566,0.245591821573225,0.0206372961539254,0.211808788254596,-0.173631770258865,-0.0768246409308634,-0.0563273591922092,-0.175175726724801,0.0326804481936401,0.0969679292953298,-0.0615321916202943,-0.144505482550817,0.182133152990375,-0.0973291828068672,-0.0136599492335104,-0.00871507809454307,0.0554249790121332,0.0763460597995751,0.0972494645016896,0.0375969848508425,0.121087421568775,0.0225721744668129,0.145539274312464,-0.225519680065155,-0.00191258356651466,0.0819191720738934,0.0238437042215136,-0.148310771691865,0.329561317897922,0.0549398565240623,-0.141088341271346,-0.0272594577023645,-0.133737098409823,-0.0208173467060707,0.467675745067543,-0.167439676381954
"6",0.0635113508413218,0.305039400302145,-0.091248510927904,0.170314469155164,0.0514828149058139,1,0.0529115182256827,0.234782063167716,0.0724178350991631,0.306123330969844,0.0192593561360031,0.098099314241916,0.181082151177117,0.0512092369034603,0.10481687165849,0.256044006750029,0.0194931671217515,-0.0111847694015935,0.021777082170092,0.204838556583485,-0.122569833288883,-0.0316225301591329,0.118524244655161,0.0602016908067846,0.169411676976499,0.0861226020195508,-0.148085655136393,-0.134917002495909,-0.179650042645,-0.137495224140719,-0.00232092422337076,-0.00335459350115467,-0.123762205038012,-0.119792295834161,-0.0226280702593407,0.0442445983923057,-0.029636228818277,0.159615558702142,-0.0319187654461161,0.0283173370620201,0.0925173409888728,0.198440529218819,0.0564106727004769,0.328947661389866,-0.00236791630329874,0.224702040156307,0.194585481233066,0.228006295435252,0.250291126926546,0.0636753175748608,-0.0218239685581028,0.189414751853003,-0.0603292683493047,-0.0494040774973305,0.0166033630660967,-0.00839345267770788,0.0675364334360157,0.136029265487541
"7",0.0581000858345927,-0.148753759883282,0.0513155781583298,0.0925501771893086,0.206206406953766,0.0529115182256827,1,-0.00492408720227372,0.125980128675235,-0.275416005647286,0.0258040114557938,-0.196823306512744,-0.176345370238639,0.0208474513348678,0.234711028558716,-0.217020677922225,0.13127352556225,0.151493809126255,-0.103641913812341,0.160693891625136,0.112394764226733,-0.162583909498551,0.0389465258539594,0.068138349748784,0.0990535860981044,0.0254629150072478,-0.100239649833613,-0.0235042607402208,-0.0122334457046876,-0.132996170477588,-0.0787551081824471,0.0250188334052351,0.25386139980127,-0.0267847895297809,0.344085351220163,-0.136417786396281,-0.0145661743382583,0.155465216386471,0.204036752634153,0.106614941248987,0.122130155088328,0.125829419431804,0.101172060091529,-0.131556142718924,0.237225477150972,-0.304496591458783,-0.155572150541827,-0.00216463475614692,0.0762344203023136,-0.0757604752616205,0.343165390338109,-0.0392899253672261,0.0495261670507528,0.0982861140292404,0.0601521385106434,0.100440587292395,0.376182965772049,-0.0152601458116357
"8",0.0803251841810479,0.432153280666566,0.119209919137737,-0.0468459702886016,-0.122033529284945,0.234782063167716,-0.00492408720227372,1,-0.0189457412885211,0.235541816202359,0.111387671933218,0.404267235543069,0.0287445153221043,-0.17465761757594,0.124952454508341,0.121143735120371,0.0292955572121056,-0.13718397347966,-0.103914663125586,-0.120686956285085,0.0547789059307734,0.220990339356839,0.0630175140365503,-0.0431361947535034,-0.0324742028045983,-0.0997626674936492,0.0460640744160583,-0.0169867211199381,-0.096333916792277,-0.103824009027022,0.0971359649434317,-0.0743079207893168,-0.0510233130427923,-0.0773652897451929,-0.200367145664199,0.297615069211925,-0.146890111689665,-0.00035038620392859,0.00218169224488581,-0.0358950350859873,0.0283291542255455,0.0344543937768858,0.178392950166233,0.347863414019947,-0.0793796473201689,0.305401889220209,0.0890355260107066,-0.0101938261596818,0.135456468974934,0.100608118694538,0.0173545471213273,0.0721818950401857,0.066435664309913,0.239061031256671,0.139930118551403,0.00068104769559207,-0.113672083295413,0.410321421426331
"9",0.471887225102458,0.211935664580111,-0.0198547166166974,0.19162731163259,0.054622321850824,0.0724178350991631,0.125980128675235,-0.0189457412885211,1,0.283451398869743,0.0363471303641914,-0.109836687284909,0.172823198295949,-0.0122349841497409,0.151826018053302,0.0355894573363655,-0.126550697566963,-0.143141920011194,-0.113390824524193,0.0741976903426445,0.0428091801967701,0.071503643134647,-0.19657279730671,0.0396116930927473,-0.0918665624623161,-0.0427217549642797,0.0938434574312963,0.00526311100204704,0.00064516210316796,0.110874710920723,0.0513292792145933,-0.0561619093080463,-0.0329304328258783,-0.086368763767241,-0.0480956317996559,-0.0186217040228873,-0.15015316898313,0.0131823430946306,-0.0779519997151525,-0.130811813005086,-0.179318158053494,-0.211387455587532,0.305772486496035,0.175829211515829,-0.0550079887869754,-0.161744220545743,-0.176335870455231,-0.0896837237509789,0.161463155833757,-0.155421702091415,0.132285978477245,0.0602698833080458,-0.0384755173366785,0.0876979568703766,0.0872449282963979,0.157188413455443,0.106030093436772,0.118788361324565
"10",0.0907879920581771,0.469029370538995,-0.0102581603254545,0.055631898831481,-0.0944013421292054,0.306123330969844,-0.275416005647286,0.235541816202359,0.283451398869743,1,-0.0145614961195815,0.198641039167341,0.357798789474743,0.11108069404324,0.0332364155740071,0.330877226867693,-0.130153080324822,-0.129889200683205,0.060398868732298,-0.00578683110561331,-0.0152052371445965,0.116004246885661,-0.0878828689821303,0.191664067834193,0.025377264404304,0.0488611761317287,0.0710147875043683,0.0704149938572906,0.12803300449678,0.208166880975218,0.163254578322413,-0.0108926137152003,-0.0791805495271665,-0.0829040976361719,-0.265692375858691,0.195883568558472,-0.213966113632703,0.0671415094611255,-0.200411847968659,-0.0251039668537475,0.00577160550359087,-0.0427603314466042,0.151375553849197,0.531575441992384,-0.140694764527426,0.287233087913812,-0.0162239285804355,-0.00391874993119408,0.253444197236326,0.11361315283452,-0.193445259973187,0.22091969200369,-0.177715743511367,0.0384030989355585,-0.0281013181336316,0.112247075333928,-0.265292856220572,0.411922985900887
"11",0.13892204753437,0.201003990700188,0.295580371021571,0.131179873185259,-0.233573255856061,0.0192593561360031,0.0258040114557938,0.111387671933218,0.0363471303641914,-0.0145614961195815,1,0.217046121759624,-0.173700586274952,0.0320365814066036,0.0519057615805674,0.0892778600588224,0.00601203894166066,-0.117154878743249,-0.0844214371611401,-0.118834823032827,0.262781743298498,0.111503614344363,-0.0631411682617318,-0.244612854788783,0.0120828934204664,0.00039238072786716,0.105602981309608,0.0569213801440046,0.0286632041644436,0.0350707499412341,0.151757284970803,-0.136075836128001,0.0650958660569564,-0.0754992189968013,-0.0786488725779514,0.137084053720576,-0.15144559275592,0.00269309991241628,0.124590158654295,-0.134565311686936,-0.0895774259798916,-0.272916179049588,-0.135357061579891,0.0437489871405773,0.0468793193904742,-0.0191361089262022,0.0134500123374611,-0.0919404847604533,-0.010038756444343,-0.0664663271065477,-0.305520765281181,-0.124312188461898,0.194264403239169,0.13161329760362,0.225102748030449,0.00398182865435657,0.00877312400738936,0.214766914233071
"12",0.0890491638988111,0.328552480466061,-0.0134645044173702,0.106066532405986,-0.0345500212507816,0.098099314241916,-0.196823306512744,0.404267235543069,-0.109836687284909,0.198641039167341,0.217046121759624,1,0.106811377663508,0.00127945613755861,-0.0220311189713218,0.135459791154212,-0.0453239508158661,-0.176196646427897,-0.0200749929864544,-0.0496667929217883,-0.0762226364965389,0.119968276188295,0.0934468168152837,0.0126714750280281,0.0068361019391994,-0.121514695347751,-0.136681081016591,-0.111343380611242,-0.0745374152801667,-0.212204206747446,0.128330342220803,-0.102025697240855,-0.15464813855281,-0.0381873433034807,-0.21988750034079,0.180563691078229,-0.0612711757475597,-0.0478183728844809,-0.00295240460512986,0.0779405840649668,0.140869567197182,-0.0648455911051579,0.0585157399946047,0.165605980768603,0.0632260798019663,0.303627660994051,0.0584209769670261,0.0753327249900131,0.172062329452882,0.0363603877857134,-0.134017072679668,0.0783774144568361,0.0379012676182445,0.150574811884134,0.183213741029163,0.0409669043955418,-0.0986905225728078,0.239204259671197
"13",0.0237385106825375,0.177564589664599,-0.113360237882474,-0.0643235536907246,-0.0985904833240056,0.181082151177117,-0.176345370238639,0.0287445153221043,0.172823198295949,0.357798789474743,-0.173700586274952,0.106811377663508,1,0.0323443935990159,0.11344734507359,0.0250716961244026,-0.0331576089247358,-0.0920374128014605,0.117462661561009,-0.0303497813755956,-0.0953448006852936,-0.0719728621150252,-0.114857303045237,0.161599031951332,-0.0933285082434618,-0.0387858702571238,0.0243109155137146,-0.0144729761300311,0.0323170770178557,0.118841782716455,0.125821677779893,0.116951871521267,-0.142651489198758,0.100951258105352,-0.164698624568108,0.130774608141535,0.0739693865429118,0.150198084500275,-0.0887406400833449,-0.0741741059523491,-0.0168933517686756,-0.0854504341780037,0.0924442077122155,0.213652000295443,0.0206639227784367,0.165063937099532,-0.0932553136743066,0.00205797369389578,0.503304406092859,-0.0257675205425411,-0.104497269566448,0.0483603383063188,-0.256325031497536,-0.092572940154259,-0.0628331998500281,0.0089589340524408,-0.170292171062863,0.112796905564075
"14",-0.057215536533342,-0.0242681850424342,0.0209913820645254,0.185881064688839,-0.0299037646071106,0.0512092369034603,0.0208474513348678,-0.17465761757594,-0.0122349841497409,0.11108069404324,0.0320365814066037,0.00127945613755861,0.0323443935990159,1,-0.00968977364620345,0.0948497820476364,0.101158075630561,0.324273786659777,-0.0285403566868075,0.0340501990141966,-0.0116957561127391,-0.0133188902263514,0.0664831628865187,0.137470816410379,0.223863897008031,0.218859809655667,-0.0420821780333323,0.0808228607682244,0.135974714580192,0.0867323802676618,0.0606103816180196,0.159039546357589,0.0756524927946614,0.0234173601700481,-0.00479496902012796,0.0160759393825463,-0.134478490291305,0.0457264497800688,0.0851160377443244,0.131103532154242,0.30615851947405,0.227896370801399,0.0301376391163903,-0.0643633430841803,0.158528700258816,0.161757224869285,0.0574558913279163,-0.0955996836735822,0.300360589502338,0.66596082916516,-0.0634812414949064,0.0310972385547916,-0.0240989078160408,-0.113069975371261,0.0590199078424386,0.102557689771118,-0.0271530354364865,-0.0264277062394109
"15",0.128301589376226,-0.103847378143342,0.143636729153122,0.089699255861648,0.00548228084352592,0.10481687165849,0.234711028558716,0.124952454508341,0.151826018053302,0.0332364155740071,0.0519057615805674,-0.0220311189713218,0.11344734507359,-0.00968977364620345,1,0.100736303461851,-0.0683674501710421,-0.073389250578904,-0.0815136140914304,-0.0519380015174646,0.101787367497417,-0.0835541216381871,0.157863340418539,0.023381199257495,-0.0633987406217129,-0.132157104327854,0.0331355938399066,0.039049241418625,0.0539147196903738,-0.0658794133234805,0.00755722213695334,0.0482353597669437,0.10233230429522,-0.113143648567122,-0.0708883195258905,0.082989865895598,-0.096564671291332,0.149522552377745,0.0556161048546081,-0.0116813256297695,0.0154135391133741,-0.0917527621534194,0.284854743699422,0.0555704280761083,0.0244491740200404,-0.15572740300115,-0.0966218387697117,-0.0525553257084129,0.068076213429694,-0.0811863023204059,0.25474863876912,0.0813239634856767,-0.0184332613557787,-0.124442331223828,0.145724928750641,0.172725701035309,0.113963858640674,-0.0672988366646576
"16",0.0195659923049588,0.260333220598576,-0.046169812986425,-0.0465258192875524,-0.142274624273684,0.256044006750029,-0.217020677922225,0.121143735120371,0.0355894573363655,0.330877226867693,0.0892778600588224,0.135459791154212,0.0250716961244026,0.0948497820476364,0.100736303461851,1,-0.104625397779379,-0.18938143968562,-0.0743598079658246,0.0854344843524072,-0.106971015115609,0.25314520894895,0.0643952868673451,-0.114183324813512,0.153221064198699,-0.117433680755811,0.0350027060402377,0.0741196710117988,-0.00596125813373636,0.052959442264755,-0.0889686900871618,0.0367292261020664,-0.0826720802747636,-0.0505404341432719,-0.28458549871834,0.0928229119883038,-0.0981830599609932,-0.0458360354065056,-0.103324612253166,-0.0240424262842633,-0.0166648736455385,-0.00795248494060502,-0.00699693576428994,0.0223925980660959,-0.0195951058242129,0.227585796403585,0.0594374798329239,0.124108569256523,0.0390894028470658,0.0594625477121779,-0.207591905549022,0.15208407079167,-0.0294936394096634,0.0840697968434074,0.00919160708112975,0.129478525240463,-0.0634707384089021,0.0866020163176993
"17",-0.220240117220296,-0.0705294647540341,-0.124709168357358,0.116922835857314,0.0549690965095027,0.0194931671217515,0.13127352556225,0.0292955572121056,-0.126550697566963,-0.130153080324822,0.00601203894166066,-0.0453239508158661,-0.0331576089247358,0.101158075630561,-0.0683674501710421,-0.104625397779379,1,0.241081241099668,0.00267289936769036,0.110223634699895,0.198508989181646,0.102758252214631,0.127338189757537,0.0723515075466925,-0.160956359254871,0.115143231728493,0.0745329439172037,0.15608413324654,0.0696089334450185,0.0937542450162911,0.0538472720143877,0.092257107856685,0.0218211435057961,0.0572173672280688,0.00260119722428569,0.0109804151324015,0.0642934932127289,0.0719980717175626,0.156954890737698,-0.0617219465590914,0.139845891200373,0.153507438893117,-0.130642377789502,-0.0257202065770809,0.097659778315596,-0.074197524704005,0.10489016352381,0.158569604716781,0.255508747504634,0.0883183814982794,0.085863657399501,-0.0694354082309244,-0.0488933979344527,-0.0360718127364211,-0.210964859206794,-0.0313377272921489,0.194290724420018,-0.00957623876780417
"18",-0.14268982822666,-0.217625497972761,0.0350219700319434,0.0374460911744007,0.0166031614710449,-0.0111847694015935,0.151493809126255,-0.13718397347966,-0.143141920011194,-0.129889200683205,-0.117154878743249,-0.176196646427897,-0.0920374128014605,0.324273786659777,-0.073389250578904,-0.18938143968562,0.241081241099668,1,0.0221699038166913,0.17222745788133,0.213180014848995,-0.21530997033093,0.0697682451095337,0.0579353588638258,-0.0548766790875427,0.249382616245644,-0.00878736234354896,0.00456912723123126,0.104922816497442,0.0498899917093009,0.049168336664211,0.239067971318788,0.246404336914075,0.0517491237514723,0.106952501971829,-0.0438289167706674,0.0548922872410693,-0.0441241157506487,0.197419918850933,0.155299904860964,0.121495283333929,0.19395184206533,-0.153623672298834,-0.172889939795624,0.16158078740447,-0.142868874369137,0.150515188144687,0.112945604976141,-0.00655507491563997,0.383735434315846,0.14002910046656,0.0227152354296158,-0.20362280199507,-0.188897060315789,-0.0329330389322195,-0.171848028905329,0.0513799049777915,-0.223672454738566
"19",-0.101505100241899,0.0310330827034677,-0.15928080694348,0.105393656603784,0.122368652302073,0.021777082170092,-0.103641913812341,-0.103914663125586,-0.113390824524193,0.060398868732298,-0.0844214371611401,-0.0200749929864544,0.11746266156101,-0.0285403566868075,-0.0815136140914304,-0.0743598079658246,0.00267289936769036,0.0221699038166914,1,0.323531334434197,0.0702260642287729,-0.0207031719799899,0.345959461134258,0.140581623395312,0.0810440944530018,0.0657730063937437,0.0566656790506499,0.0157982891859201,0.157037135621327,0.122273565308107,0.397359957468691,0.415799504026956,0.0105732076156752,0.243598160816862,-0.0244262805227668,-0.221013737749545,0.0206971073049706,-0.126646206741274,-0.0460170613394664,0.0680016869990107,0.0540470140738909,0.156270570601094,-0.0929931145099248,0.138282277006215,0.0856678765273759,-0.00567404387874409,-0.0186301955317121,-0.0153654114610363,-0.0168782123453474,0.0462785633868948,0.054791669890233,0.129058494053127,-0.163127437109508,-0.339155603755572,0.0339411663885168,-0.0516935551017498,0.020256094620084,-0.196208973346835
"20",-0.0838622263833586,-0.104131652543499,-0.118548528971677,0.21550397232548,0.218017732753557,0.204838556583485,0.160693891625136,-0.120686956285085,0.0741976903426445,-0.00578683110561331,-0.118834823032827,-0.0496667929217883,-0.0303497813755956,0.0340501990141966,-0.0519380015174646,0.0854344843524072,0.110223634699895,0.17222745788133,0.323531334434197,1,0.0977711579323434,-0.176120830330161,0.192019230050582,0.120221110114924,0.0685631194079083,0.106411187218998,-0.0395868409277624,0.0998582019256582,0.0545949193888841,0.0446323422018669,0.0814540991886418,0.428882898637567,-0.0538220055547878,-0.0221232202763547,0.0549053224523986,-0.243463696977494,-0.0138826470375849,-0.0854784034685963,-0.014025233064392,-0.0342893910045349,0.0451362108834383,0.109481782534791,-0.103363093819493,0.00522199101811521,0.128286399220091,-0.197988283419589,0.103631508874291,0.147231658786652,0.061801204392504,-0.0786571255503723,-0.0204489057871422,0.00179936010322815,-0.147947693711794,-0.165308667792295,-0.0699467334413533,-0.203872208648907,0.248062653854118,-0.173183635442741
"21",-0.00808903447416361,-0.0951700656295946,0.200487849905268,-0.0422995528238911,0.0210470168905533,-0.122569833288883,0.112394764226733,0.0547789059307734,0.0428091801967701,-0.0152052371445965,0.262781743298498,-0.0762226364965389,-0.0953448006852936,-0.0116957561127391,0.101787367497417,-0.106971015115609,0.198508989181646,0.213180014848995,0.0702260642287729,0.0977711579323434,1,0.229867319043238,-0.0453792665690614,-0.0667093129704549,-0.238842597679618,0.197324780800038,0.296689818688528,0.334012168053977,0.375841254436205,0.347538539928801,0.164239389478196,0.0643172819546219,0.137408051496998,0.0589349014246063,0.0562747542337481,0.226859119228119,-0.0771212673914421,0.101505698317228,0.0775759981354449,0.0114630399121532,0.0354333154721062,-0.144675874760028,-0.117879559911152,0.121254599103104,-0.019581116514221,-0.271232499086195,-0.0237659669090678,-0.137472566693308,0.0411276022681209,-0.0667096247001446,-0.063151710027143,-0.0131725607429806,0.184781539398383,-0.0244514977088436,0.0631937149259953,-0.00676860526782813,-0.0183995981539251,0.0321965067884828
"22",0.0518395731084801,0.209759256932816,0.0109198507191713,0.0207609367304805,-0.221224200595824,-0.0316225301591329,-0.162583909498551,0.220990339356839,0.071503643134647,0.116004246885661,0.111503614344363,0.119968276188295,-0.0719728621150252,-0.0133188902263514,-0.0835541216381871,0.25314520894895,0.102758252214631,-0.21530997033093,-0.0207031719799899,-0.176120830330161,0.229867319043238,1,-0.084784418521397,-0.0593517867569933,-0.201803702740859,-0.146674480262896,0.335316861658515,0.285978375033592,0.130963065882045,0.4419201801155,-0.00094597508267374,-0.140335748472446,-0.0456125376460557,0.19031808631796,-0.191620059613189,0.124966647480625,-0.185641436268596,-0.0965356606457097,0.126456806479128,-0.0066614323994384,0.0705181882961818,-0.0551321247535207,-0.0331458288591975,0.040994997773355,-0.229824449704374,0.01826228272811,-0.0606606173405075,-0.13316336257996,0.0413726605708238,-0.052218292053755,-0.158521875078459,0.0362602978666238,-0.0163951811010218,-0.0536347352427732,-0.0414860219450105,0.0679559252542084,-0.121421748646096,0.146639293181644
"23",-0.0748138989466512,0.0694940230978999,-0.120588995711878,0.184609277319331,0.10151948471566,0.118524244655161,0.0389465258539594,0.0630175140365503,-0.19657279730671,-0.0878828689821303,-0.0631411682617318,0.0934468168152837,-0.114857303045237,0.0664831628865187,0.157863340418539,0.0643952868673451,0.127338189757537,0.0697682451095337,0.345959461134258,0.192019230050582,-0.0453792665690614,-0.084784418521397,1,0.172802529072271,0.0689112184567122,0.0327157595942418,-0.0775075530328981,-0.0535672604202341,-0.0864267519996285,-0.0802760991366282,0.198532209999531,0.335832564797191,0.119043270806758,-0.028462779805829,-0.021784536476488,-0.0749620880345976,0.0690096296033111,-0.0313298650416033,0.0763371877126005,0.250394193715509,0.16030205046692,0.277048023383488,-0.0408139032657666,-0.147374786004697,0.171549862859437,0.12756494195819,0.148838335094105,0.176798522018523,-0.0767020732314993,0.222616024126961,0.141602358685601,0.0246383210558545,-0.00657215662643902,-0.210768526696868,0.00026750229395233,-0.0444953026114677,0.124752242604771,-0.068521151687251
"24",-0.167475564033499,0.123951885725625,-0.0720319159952778,0.162282772360206,0.245591821573225,0.0602016908067846,0.068138349748784,-0.0431361947535034,0.0396116930927473,0.191664067834193,-0.244612854788783,0.0126714750280282,0.161599031951332,0.137470816410379,0.023381199257495,-0.114183324813512,0.0723515075466925,0.0579353588638258,0.140581623395312,0.120221110114924,-0.0667093129704549,-0.0593517867569933,0.172802529072271,1,-0.009959986779477,0.180401534892398,-0.145414047660801,-0.090777316360556,-0.00920609257294213,0.0929275025373879,0.0459852611409061,0.126939267466909,0.0328114848494017,0.156182710974086,-0.0355846032449829,0.0922064090400962,-0.0180942084307183,0.236300563367878,0.0310429304585858,0.0997235773643522,0.295239858064214,0.315832415964693,0.144489494128607,0.293498908649035,0.17279392130271,0.09750282115109,0.0541513217131632,0.0398092452508376,0.276046420468932,0.183424578650333,0.183076150830701,0.256110029878192,-0.356148993934989,-0.283838769809139,-0.34428996546379,-0.0506477902585616,0.131975828815185,0.144208981988863
"25",-0.0428482844869909,0.123304334727966,0.165841460026961,0.0681925688178767,0.0206372961539254,0.169411676976499,0.0990535860981044,-0.0324742028045983,-0.0918665624623161,0.025377264404304,0.0120828934204664,0.0068361019391994,-0.0933285082434618,0.223863897008031,-0.0633987406217129,0.153221064198699,-0.160956359254871,-0.0548766790875427,0.0810440944530018,0.0685631194079083,-0.238842597679618,-0.201803702740859,0.0689112184567122,-0.009959986779477,1,0.145379768299581,-0.368489912068376,-0.286059262592531,-0.238588873394302,-0.160115247523097,0.0715064187693829,-0.0185247003147592,-0.026307262411398,-0.0136493943373975,-0.0104033403661261,-0.0271882782380634,-0.0434394454234822,-0.0937146789722774,0.0609085039823157,0.129214300942147,0.0996345392946367,0.29012349334878,0.0314525379394912,0.0506179827380729,0.152092710888799,0.206687797577381,0.118300070424409,-0.0462803909295808,0.101725237749494,0.267322029934177,0.00266640088236578,0.106282928962489,0.160048503890095,0.118414274244882,0.0466800723963666,0.203886160145949,-0.00399385794456615,0.0684178824522349
"26",-0.0514194038235026,0.0257334660208352,0.123923336065434,0.241209725325503,0.211808788254596,0.0861226020195508,0.0254629150072478,-0.0997626674936492,-0.0427217549642797,0.0488611761317287,0.00039238072786716,-0.121514695347751,-0.0387858702571238,0.218859809655667,-0.132157104327854,-0.117433680755811,0.115143231728493,0.249382616245644,0.0657730063937437,0.106411187218998,0.197324780800038,-0.146674480262896,0.0327157595942418,0.180401534892398,0.145379768299581,1,-0.104480533091949,-0.0225983562094976,-0.0572676103541249,0.0144552220219083,0.0819622465783381,0.110877556375443,0.00652373264051198,-0.121132742031996,0.136665618634828,0.117200747486955,0.0300496927519388,0.0220602054450305,0.19805746173748,0.0742231024460868,0.249179958065457,0.214199668077356,0.0270300201494221,0.0922855981257086,0.10201192964992,0.00050890886522101,0.322299506187087,0.15853431897575,0.0633636502370547,0.239404450197796,0.0450476723768556,0.0780286576355112,-0.149346889035097,-0.144471164156073,-0.142225899764067,-0.146110201101657,0.0110228439503013,0.0546700454119285
"27",0.0715285515427519,-0.00298312419510863,-0.0174977246283956,0.0064661399682144,-0.173631770258865,-0.148085655136393,-0.100239649833613,0.0460640744160583,0.0938434574312963,0.0710147875043683,0.105602981309608,-0.136681081016591,0.0243109155137146,-0.0420821780333323,0.0331355938399066,0.0350027060402377,0.0745329439172037,-0.00878736234354896,0.0566656790506499,-0.0395868409277624,0.296689818688528,0.335316861658515,-0.0775075530328981,-0.145414047660801,-0.368489912068376,-0.104480533091949,1,0.519199241648246,0.509431804410587,0.362986136116007,0.0991161774545704,0.0676548631851957,0.181818776253452,0.0888788449566735,-0.0899059214448743,0.0382103780601372,-0.102110812785361,0.00077587391282829,-0.0274353417870752,0.0455114324388607,0.0473269235438757,-0.114678097013976,-0.103347255947035,0.0830614282522582,-0.131922972109603,-0.12720547561448,0.0170104913799467,-0.043806276785355,-0.100862177875707,-0.112847286430016,-0.0780975021193518,-0.0725514106673099,-0.0304775492545226,-0.022576998438588,0.0899711595330395,0.00596094758030821,-0.0245095381210047,0.0458016403254317
"28",0.0331416934165881,-0.0439650070473357,-0.0120023407167341,0.00802201762423717,-0.0768246409308634,-0.134917002495909,-0.0235042607402208,-0.0169867211199381,0.00526311100204704,0.0704149938572906,0.0569213801440046,-0.111343380611242,-0.0144729761300311,0.0808228607682244,0.039049241418625,0.0741196710117988,0.15608413324654,0.00456912723123126,0.0157982891859201,0.0998582019256582,0.334012168053977,0.285978375033592,-0.0535672604202341,-0.090777316360556,-0.286059262592531,-0.0225983562094976,0.519199241648246,1,0.571252339788083,0.454905695637017,0.00885686759620678,0.162297690391595,0.0724621606681427,0.144359768589805,-0.0299185551243082,0.0160145565904221,-0.165277138953301,-0.100274629601141,-0.0578453503026478,0.0892361030327102,0.0106772536602007,-0.131486470537609,-0.107636175171431,-0.0253932969107894,-0.226018744719817,-0.290223874359036,-0.110592502061505,-0.0792251793497697,-0.074410893860501,-0.122630920237373,-0.14688000517405,0.0537991359835114,-0.0893038264267074,-0.0508335397506938,-0.0859812740842893,0.0473070201265907,0.00493067213838014,-0.0160568728470024
"29",-0.00929238171136202,0.00685695637971428,-0.00287763572994541,-0.00413468231852207,-0.0563273591922092,-0.179650042645,-0.0122334457046876,-0.096333916792277,0.00064516210316796,0.12803300449678,0.0286632041644436,-0.0745374152801667,0.0323170770178557,0.135974714580192,0.0539147196903738,-0.00596125813373636,0.0696089334450185,0.104922816497442,0.157037135621327,0.0545949193888841,0.375841254436205,0.130963065882045,-0.0864267519996285,-0.00920609257294213,-0.238588873394302,-0.0572676103541249,0.509431804410587,0.571252339788083,1,0.494919076101218,0.103647369956548,0.258063596344548,0.173354431259274,0.0938746494614197,-0.0195690521970982,-0.0195727880585062,0.0184322526358899,-0.0633643087790278,-0.113727874738489,0.1278200902716,0.0786246429598687,-0.0923109605549532,-0.0422424754853219,0.0425392906243945,-0.16179903713549,-0.236104082026385,-0.0173676232635821,-0.143449526640374,-0.0439905558708065,-0.025207450701767,-0.0246249752888906,0.00780818393072673,0.0643758136144486,-0.018829302204098,0.0879467000871367,0.0780997567119464,-0.109472531665011,0.0480661430095267
"30",-0.110098901388065,0.0093771276526751,-0.00916285901239642,-0.0666059773795084,-0.175175726724801,-0.137495224140719,-0.132996170477588,-0.103824009027022,0.110874710920723,0.208166880975218,0.0350707499412341,-0.212204206747446,0.118841782716455,0.0867323802676618,-0.0658794133234805,0.052959442264755,0.0937542450162911,0.049889991709301,0.122273565308107,0.0446323422018669,0.347538539928801,0.4419201801155,-0.0802760991366282,0.0929275025373879,-0.160115247523097,0.0144552220219083,0.362986136116007,0.454905695637017,0.494919076101218,1,0.145930480363771,0.200729575972913,0.0108520851387498,0.0433358801433035,-0.078201445435974,0.0759886076691972,-0.149558670524543,-0.153643295976889,-0.00899902692516366,-0.117036962810341,-0.0412143735780936,-0.0305343210746904,-0.164222128601824,0.0860097987266402,-0.268463373252231,-0.158160153083121,-0.0935216225928391,-0.138489157559263,0.0573582074086065,0.0582018592881138,-0.191169398989546,0.0982691804969287,-0.0720028669954955,-0.0750600413405984,-0.0598224859445094,-0.0413562426343325,-0.178384814404713,0.137209079807613
"31",0.110676963709825,0.131249284802472,-0.0583240773948154,0.181025223222639,0.0326804481936401,-0.00232092422337076,-0.0787551081824471,0.0971359649434317,0.0513292792145933,0.163254578322413,0.151757284970803,0.128330342220803,0.125821677779893,0.0606103816180196,0.00755722213695334,-0.0889686900871618,0.0538472720143877,0.049168336664211,0.397359957468691,0.0814540991886418,0.164239389478196,-0.00094597508267374,0.198532209999531,0.0459852611409061,0.0715064187693829,0.0819622465783381,0.0991161774545704,0.00885686759620678,0.103647369956548,0.145930480363771,1,0.23018874047243,0.174790274980939,-0.01068991669975,0.123762952808316,0.00884176174519664,0.113891930763389,-2.01475377311064e-05,0.138750997945929,-0.00710857638491864,-0.0705818634694762,-0.00601665893965928,-0.0318351480391385,0.262063219000098,0.00166576403617722,-0.082425905462212,0.0224682588082503,-0.00151044813712885,0.0836197958924352,0.117139659475098,0.0289926673812481,-0.0474656142554368,-0.060032938651153,-0.0353493866882473,0.0560933876576191,-0.0255216824720865,-0.0637006753368874,0.0490377559359563
"32",0.0119405002880103,-0.0394094961493462,0.0167169854870077,0.0554077908128987,0.0969679292953298,-0.00335459350115467,0.0250188334052351,-0.0743079207893168,-0.0561619093080463,-0.0108926137152003,-0.136075836128001,-0.102025697240855,0.116951871521267,0.159039546357589,0.0482353597669437,0.0367292261020664,0.092257107856685,0.239067971318788,0.415799504026956,0.428882898637567,0.0643172819546219,-0.140335748472446,0.335832564797191,0.126939267466909,-0.0185247003147592,0.110877556375443,0.0676548631851957,0.162297690391595,0.258063596344548,0.200729575972913,0.23018874047243,1,0.0520427836762359,0.148925663733796,-0.0791344274016367,-0.162312913613564,-0.0545001896398686,-0.103174010467218,0.123724566801507,0.249372873979743,0.0391131010832477,0.103061210023007,-0.0668040775807542,0.0824393473240448,-0.0340875605753158,-0.183345203993724,0.181421066952445,0.0818116581355769,0.029550108278683,0.0913448324497766,0.100780523378688,0.188397691292535,-0.29406566883179,-0.25067534397649,-0.066737844730108,-0.163331466501364,0.0893629051242474,-0.0370057664426115
"33",-0.0268592850406125,-0.0206343559549829,0.108322661586007,0.0959728776300606,-0.0615321916202943,-0.123762205038012,0.25386139980127,-0.0510233130427923,-0.0329304328258783,-0.0791805495271665,0.0650958660569564,-0.15464813855281,-0.142651489198758,0.0756524927946614,0.10233230429522,-0.0826720802747636,0.0218211435057961,0.246404336914075,0.0105732076156752,-0.0538220055547878,0.137408051496998,-0.0456125376460557,0.119043270806758,0.0328114848494017,-0.026307262411398,0.00652373264051198,0.181818776253452,0.0724621606681427,0.173354431259274,0.0108520851387498,0.174790274980939,0.0520427836762359,1,0.117447263496536,0.0723168208719738,-0.00285249520210402,-0.0739899022298014,-0.114949181608233,0.141743671195607,-0.0635177268406836,0.0491257919603423,0.0310182719471429,-0.15804755490532,-0.125544681434569,0.0736802972626179,-0.1161217272781,-0.143305053907879,-0.130542840874405,-0.115275953747861,0.0366389505938455,0.150020591449049,-0.0043593839096565,0.0713250681414631,-0.014052082928576,0.0899518457967405,0.0677320979373384,0.0345715831665765,-0.0751005145122637
"34",-0.154195192617304,-0.0106596481505803,0.0163987146990696,-0.0438600130314446,-0.144505482550817,-0.119792295834161,-0.0267847895297809,-0.0773652897451929,-0.086368763767241,-0.0829040976361719,-0.0754992189968013,-0.0381873433034807,0.100951258105352,0.0234173601700481,-0.113143648567122,-0.0505404341432719,0.0572173672280688,0.0517491237514723,0.243598160816862,-0.0221232202763547,0.0589349014246063,0.19031808631796,-0.028462779805829,0.156182710974086,-0.0136493943373975,-0.121132742031996,0.0888788449566735,0.144359768589805,0.0938746494614197,0.0433358801433035,-0.01068991669975,0.148925663733796,0.117447263496536,1,-0.137856273833516,0.0214709540716474,0.0553374204565481,-0.0567472359426479,0.110890054094862,0.259236722895638,0.0694364858123721,-0.0228260091438885,0.0136286631089557,0.0240141239294978,0.100842445916476,-0.0289288629486948,-0.0262783750490543,-0.055311392409012,0.247591028248211,0.0543348180989804,0.0349778987825653,0.157876912979606,-0.0627889910235283,-0.141879143489133,-0.0514355305985712,0.0207044990886433,-0.0891087341728395,-0.114939764159495
"35",0.0586923048151212,-0.231380186352174,-0.124913749403282,0.117332836328986,0.182133152990375,-0.0226280702593407,0.344085351220163,-0.200367145664199,-0.0480956317996559,-0.265692375858691,-0.0786488725779514,-0.21988750034079,-0.164698624568108,-0.00479496902012796,-0.0708883195258905,-0.28458549871834,0.00260119722428569,0.106952501971829,-0.0244262805227668,0.0549053224523986,0.0562747542337481,-0.191620059613189,-0.021784536476488,-0.0355846032449829,-0.0104033403661261,0.136665618634828,-0.0899059214448743,-0.0299185551243082,-0.0195690521970982,-0.078201445435974,0.123762952808316,-0.0791344274016367,0.0723168208719738,-0.137856273833516,1,-0.0427119772589359,0.332586444869631,0.195151105438363,-0.0409389752217672,-0.0938809975325837,0.0143658106938482,0.0696044012571332,-0.154545108417052,-0.234047172465251,0.143726695035272,-0.265384475315183,-0.0605838750136233,0.108133312215889,-0.10603510057611,-0.0545934313750355,0.268213153768701,-0.139212564770482,0.167318191369133,0.0110352461743409,-0.123664181363118,-0.104085968397814,0.164582816082005,-0.227709083876594
