"","l_Insular.Cortex","r_Insular.Cortex","l_Amygdal.Area","r_Amygdal.Area","l_Bed.Nucleus.of.the.Stria.Terminalis","r_Bed.Nucleus.of.the.Stria.Terminalis","l_Hippocampus","r_Hippocampus","l_Orbitofrontal.cortex","r_Orbitofrontal.cortex","l_Entorhinal.Cortex","r_Entorhinal.Cortex","l_Frontal.Association.Cortex","r_Frontal.Association.Cortex","l_Globus.Pallidus","r_Globus.Pallidus","l_Glomerular.Layer.of.the.Accessory.Olfactory.Bulb","r_Glomerular.Layer.of.the.Accessory.Olfactory.Bulb","l_Glomerular.Layer.of.the.Olfactory.Bulb","r_Glomerular.Layer.of.the.Olfactory.Bulb","l_Granule.Cell.Level.of.the.Cerebellum","r_Granule.Cell.Level.of.the.Cerebellum","l_Hypothalamic.Region","r_Hypothalamic.Region","l_Entorhinal.Cortex","r_Entorhinal.Cortex","l_Vermix.Molecular.Layer.of.the.Cerebellum","r_Vermix.Molecular.Layer.of.the.Cerebellum","l_Lateral.Molecular.Layer.of.the.Cerebellum","r_Lateral.Molecular.Layer.of.the.Cerebellum","l_Anterior.Olfactory.Bulb","r_Anterior.Olfactory.Bulb","l_Posterior.Olfactory.Bulb","r_Posterior.Olfactory.Bulb","l_Subiculum","r_Subiculum","l_Perirhinal.Area","r_Perirhinal.Area","l_PreLimbic.System","r_PreLimbic.System","l_Primary.Cingular.Cortex","r_Primary.Cingular.Cortex","l_Primary.Motor.Cortex","r_Primary.Motor.Cortex","l_Retrosplenial.Cortex","r_Retrosplenial.Cortex","l_Secondary.Cingular.Cortex","r_Secondary.Cingular.Cortex","l_Secondary.Motor.Cortex","r_Secondary.Motor.Cortex","l_Striatum","r_Striatum","l_Ventral.Tegmental.Area","r_Ventral.Tegmental.Area","l_Substantia.Nigra","r_Substantia.Nigra","l_Thalamus","r_Thalamus"
"1",1,0.370359945323055,0.0216619845216212,0.195804173175354,0.036992058293735,0.0560587347876634,0.185470529516526,-0.116736357318264,0.340589952039378,0.202175044906774,0.237754649187095,0.187264527512361,0.0419606919948248,-0.174441596820108,0.182308797956409,-0.202079890033838,0.0528305314193361,-0.0922468086939917,0.0359786081445476,-0.00903135763768229,0.0396196954854303,0.00442629254533237,0.0264201003932294,-0.144660986507079,0.0620229731393169,-0.106424566020034,-0.0834560363574465,0.049882629566584,0.00255805798669077,-0.076692034055027,0.213477916413057,0.129334300788072,0.300593168728843,0.281416611703855,-0.0413786592068726,0.00088269415273483,-0.0155951691568539,0.15980840634209,0.0646831251559237,-0.0529051850791818,-0.0826546508131421,-0.0314677423854434,0.0489871491998108,0.0534199135649379,0.0113572250714026,0.0457511968923381,-0.0907118863941269,-0.189653214880743,0.145130252441557,-0.0233476499687999,0.304627021316263,0.122687380847438,0.00947801145252784,-0.121829393522751,-0.0714403308034256,-0.0835482435672402,-0.094227466953993,-9.32831900306273e-05
"2",0.370359945323055,1,0.0276725326161251,0.298643015861338,-0.238182599314012,0.0464213073657862,0.203838824282862,-0.125405116979799,0.418335202988911,0.483522314098208,0.0738425354992095,0.098152314702027,-0.00161141733187375,-0.0541248576959781,0.250410684863036,-0.0549375028080238,0.174850496057197,0.119900789401476,-0.00097524179404269,0.00168616128320655,0.171218251319852,0.0166835079533072,-0.0641304890351399,-0.0136215492435596,0.185972891832495,-0.032118279879163,-0.169774332880915,0.135754997508971,0.0744959533558374,-0.071285411209744,0.210325666546578,0.178471927352101,0.00793125235923032,0.127809858769126,0.367900765280747,-0.0186535974553046,0.0513260854564125,0.0545920488320496,-0.0530737186431047,-0.0212417971246134,-0.264933339108528,-0.350492168191084,0.27176089045434,0.316662815520507,0.00491171415792383,-0.0183782877753671,-0.110191398614848,-0.238802408232238,-0.0258107021292485,-0.00140566488588882,0.0448601292628572,-0.0459360734862418,-0.136779880806236,-0.123122416375851,-0.0133500264598058,0.0739503165864188,-0.0482802173262086,0.00011743276252818
"3",0.0216619845216212,0.0276725326161251,1,0.0301646399338062,-0.180317718131521,0.0163932925808471,0.128167515784158,0.195544503553038,-0.0313693663123762,0.051548589314911,0.115399454113814,0.165747882060413,-0.0124068625292894,-0.173529592289425,0.247658910757199,0.0160252036559599,0.180891512035526,-0.109415826547335,0.246433620691701,0.0574334750160666,0.11482626189183,-0.0945313995605827,0.14538044902926,-0.0920925567772166,0.335653821124635,0.00453403815057587,-0.0763354005336799,-0.0867314107506389,-0.0211968680360966,0.0139202399264101,0.132611649708332,0.294022641296469,0.0172705800146229,0.0717067499575855,0.0455670114443715,-0.0196697947701784,-0.00507259497891456,0.0965530353231712,0.0379238035608936,-0.0135625456210018,-0.0835181129039759,-0.0398789770466193,0.0798523181087911,-0.0486997695517786,-0.156075967012581,0.0247537504542571,0.0443751083490224,-0.0348923562794966,0.0137001014500854,-0.0920335581672186,-0.0238280556682085,-0.0202681782604546,-0.0813550076859068,0.178563879489847,-0.108522639236344,-0.0324263734040568,-0.191567689433762,-0.0458273212969972
"4",0.195804173175354,0.298643015861338,0.0301646399338062,1,-0.0364384699755175,0.0622559437797251,0.121509125442944,-0.133052659402432,-0.0290654514427869,-0.0507155219190661,-0.0650015578687833,0.0540219905949107,-0.201371839801386,0.0657169522067307,-0.0949904953521483,0.00441150753158515,0.0620771016607788,-0.143121013194943,0.122234025310065,0.146676249726726,0.0775169006423049,0.218901315753128,-0.086294703366692,0.0346813514982323,0.0835175052428357,0.04944152062707,-0.0455253786327356,0.00656643533900135,-0.0130547473156604,-0.0425681542952745,0.267793282557317,0.134874378640582,-0.0480860082092506,0.245089030190634,0.138625783515918,-0.054064367241583,-0.132421412865007,0.159691325609123,-0.0773353512507199,-0.1772536331982,-0.0010089638111685,-0.152777006569888,0.0195930329289219,-0.110186564611294,-0.0366399901630104,-0.0760732283614533,0.116043392579612,0.0215000979695814,-0.113496786163754,-0.0134488471563552,-0.255832163960593,-0.223564565099047,-0.153319596873954,-0.0885489475798033,-0.00248796601991686,0.169548138864377,-0.0627811090189075,-0.0464646223174239
"5",0.036992058293735,-0.238182599314012,-0.180317718131521,-0.0364384699755175,1,0.149963467661639,-0.0262359580076915,-0.0247786633999531,-0.00184068630633235,-0.0708471742401046,0.0777308134892877,-0.102846926145031,0.00620736808403541,-0.042052197560339,-0.11250888890364,-0.0397313357905373,-0.210942738895821,0.00293159381709828,-0.0537879973117635,-0.123165300416339,-0.0965742109996004,0.103572749046536,-0.0361644317641221,0.0656739136725263,-0.046020882806871,-0.0912380208623046,0.154411875024091,-0.129785183837042,-0.108031993465472,-0.0143669008069772,0.109969469644215,-0.0456664934645373,-0.0182286746604482,0.0906555877782464,-0.273056345119533,0.0293233074880329,-0.09462724072086,0.0113869420562685,0.0309799818079226,0.0588511122295734,0.0173187044859064,-0.0641434311239069,-0.0832814926896075,-0.0905370204186576,-0.26849973183972,-0.114159256653931,0.078783705992792,0.102804263042785,-0.0143843910797242,-0.0400169106835648,0.0996486611423489,0.0271645273708765,0.300009791248396,0.0891043104382883,0.0773884771552053,0.00854241360238765,0.252038155264372,0.126499739970416
"6",0.0560587347876634,0.0464213073657862,0.0163932925808471,0.0622559437797251,0.149963467661639,1,-0.0470776462381569,0.0921311473551252,-0.0554967846900079,0.0227829864845766,0.0249478033796541,-0.00100293949818727,0.213672776860073,0.0846023174430274,0.109443828637537,-0.00828451598052941,0.0973825010187787,-0.00251176052142141,0.00908706066034061,-0.0905526254826197,0.0981177402911243,-0.0634817413473623,0.112714268769639,-0.0604619380505984,0.140190276272985,-0.0323203105006473,-0.0596100175565385,-0.141540706823825,-0.064502380476731,-0.0402531875247206,0.00657450833361567,-0.148971861526735,0.216445510275097,0.0879697797993889,0.111509059894635,-0.0523180500688353,0.032089050103275,0.12824679159477,0.0725549257961789,0.0223942918820432,0.0730514104449721,-0.166121864989324,0.0758081741648195,0.0401125823388411,-0.00021311720550599,-0.0797396545996465,0.0799661326951994,-0.0577464093546362,0.154789928091292,-0.0265998518969643,0.00120279608388125,0.137473782676899,0.177613686392471,0.00801021707469798,0.098424848837586,-0.310735576060799,0.0332414030219436,0.15814346647039
"7",0.185470529516526,0.203838824282862,0.128167515784158,0.121509125442944,-0.0262359580076915,-0.0470776462381569,1,0.1979086218901,0.209839070080411,0.182219852171294,0.283388458664705,-0.0677549061021967,-0.0273111718745356,-0.115873061422862,0.143080344782291,0.0456738678259485,0.0168349561738808,-0.0158861412804562,0.21179243898747,0.0633181601151953,-0.0802473151776947,-0.0559999192674079,-0.0555872486012036,0.0627563266782378,0.152345811953358,0.0189752655524332,-0.0336333768936001,0.198428108221253,0.111140707182882,0.0969408638325128,0.253860194430983,0.103729789665232,0.0524426124043708,0.098883187498562,0.256388812953063,0.166360207753404,0.124646642049798,0.07838806570361,-0.0359917336326901,-0.19542249379966,-0.105396808721781,-0.139773905242663,0.2587896116703,0.10853876406404,0.169727671059384,-0.0793213366788792,-0.0299107834714974,-0.0656945761945178,0.0918379506876506,-0.0872133555516037,-0.138680213130481,-0.0597952417735473,-0.0089481239458339,0.0195086724615033,-0.141478193465759,-0.0443675613698277,-0.0771069952975199,0.00189298081070141
"8",-0.116736357318264,-0.125405116979799,0.195544503553038,-0.133052659402432,-0.0247786633999531,0.0921311473551252,0.1979086218901,1,-0.238118578540863,-0.202183915446248,0.153724402847731,0.0135462070801641,0.088923917094104,0.0602479746263533,0.0578213969648033,0.0555479220245914,0.180582429709472,-0.133854556300183,0.0950998301578972,0.0147018596105356,-0.0361899628931505,0.0602642112779206,0.0357617896092829,0.231623897629967,0.22152827238607,-0.0161122773929255,0.00046223375220966,-0.00878849604597112,0.100188563463816,-0.0667123898345692,0.0803036279265924,-0.0279146605238315,0.14501924033618,0.00603438873723364,0.238568303525648,0.197322307797475,0.0871445787577892,0.0432321211212422,0.0326708166036271,0.0713270165634884,-0.0414172967916247,0.112221812173245,-0.00667559782210362,-0.0834458915763546,-0.0421271404794769,-0.163989406962937,-0.0244640541763822,-0.184293555807628,0.0240827267135154,0.0340305666061376,-0.296727780748044,-0.0956319475497097,0.103099155022394,-0.0402282912699023,-0.069109962005611,-0.0760635697549605,0.0269139303446504,-0.00565971761611754
"9",0.340589952039378,0.418335202988911,-0.0313693663123762,-0.0290654514427869,-0.00184068630633235,-0.0554967846900079,0.209839070080411,-0.238118578540863,1,0.480167522738616,0.250045484904802,-0.0328434582072193,-0.0235629731487441,-0.142998334153081,0.332446440994723,-0.146507885714108,-0.0610412745550818,0.11243754106509,-0.0797440138435068,0.0187670696301133,0.0571856253090104,0.0368361368377537,-0.166114113450429,-0.132831783271185,0.128949911778581,0.0553039086598351,0.0721889426660998,-0.0548413242685844,0.126376927680671,0.125794803095933,0.0812697524339979,0.202570289113158,0.0309569472696248,0.146374682025471,0.0370311030685729,0.0253668208624988,0.0272944582725068,0.142971490933952,0.00131033216227049,0.064803023141081,-0.184595927411484,-0.105101423113161,0.494448007170505,0.431436226011713,0.0441887921061039,0.116385599409168,-0.0587773224791883,-0.0590346726772986,0.162861765884168,0.129830924621723,0.180633241914396,0.110669429190185,-0.0422365112857097,0.133592284359315,-0.0236560963780978,-0.0246025517467847,-0.0734557348928008,-0.0715822108242994
"10",0.202175044906774,0.483522314098208,0.051548589314911,-0.0507155219190661,-0.0708471742401046,0.0227829864845766,0.182219852171294,-0.202183915446249,0.480167522738616,1,0.154683419618078,-0.0543121440724627,0.00309297596753677,-0.244711689954928,0.0462883328319046,-0.097123294398355,-0.100418277832373,0.00939806278892895,-0.0306929647063025,0.116601827224158,-0.0247234304458827,0.0327589505776269,0.0176977409366926,-0.182425094291414,-0.0707464505944977,-0.0763938625753523,-0.197290860641937,0.00976967334980111,0.140998746500332,0.0669137256454028,0.0403368340830438,0.129131301846085,-0.06791498884552,0.021364620173579,0.166331980491773,-0.0282025925146983,-0.0263042681470225,0.0985935782333607,0.0301001536090232,-0.120355696257281,-0.165934034479865,-0.0961884690430941,0.308778693616875,0.337130543182685,-0.0174588859278909,0.0412691889323128,0.00454133892497231,0.00107140307111078,0.110022646068462,0.0487638338267476,0.0351725165606425,-0.0314611408662089,-0.0146684023061753,0.0453246666250326,-0.122232636971701,0.0372123553961387,-0.0750765176122531,-0.00587466275814739
"11",0.237754649187095,0.0738425354992095,0.115399454113814,-0.0650015578687833,0.0777308134892877,0.0249478033796541,0.283388458664705,0.153724402847731,0.250045484904802,0.154683419618078,1,-0.0239777814169694,0.076685225306084,-0.329692473004218,0.0525852190154312,0.0361638350662211,-0.0921797799896393,-0.185327100670756,0.154560239972085,0.0727801326517716,-0.192225878571133,-0.177722851198559,-0.0624518051871112,-0.106245935325107,0.059600664735516,-0.144639534876554,0.107678621758496,0.076130034112601,-0.0799216629433031,0.0826215695843194,0.236976611324937,0.170915682616973,0.177997312973915,0.165334277062893,0.0536957864127339,0.122550021912737,0.0259244079583467,0.144968260144226,0.00351373011845974,-0.0607007873897131,-0.0781025748964882,-0.225855931655437,0.119537306902902,-0.0402568181835317,-0.050092409996853,-0.165420985917957,0.0346769164960277,-0.116531966063284,0.0283355547026514,-0.190664768747235,0.248750718345244,0.163287372670472,0.186464969579848,0.0332545549124128,0.0731563511324362,-0.134482183057182,-0.135930953438016,-0.026479764492221
"12",0.187264527512361,0.098152314702027,0.165747882060413,0.0540219905949107,-0.102846926145031,-0.00100293949818727,-0.0677549061021967,0.0135462070801641,-0.0328434582072193,-0.0543121440724627,-0.0239777814169694,1,0.0843569041302479,0.0445252321821386,0.1292150702736,0.0143069907954758,0.11140229578881,0.045324262102665,0.119608317591888,-0.0349299152420829,-0.117840243982898,-0.0499032743083615,0.0988586184586014,-0.137373117698617,0.0665347139217015,0.10260366186752,-0.0318642189255192,-0.101553817111454,0.00236736720437354,-0.0135677224913583,-0.00485256294196657,0.0921468554315594,0.156602460514383,0.242886875168848,-0.1504293169696,-0.124467014393112,0.00627590823119431,-0.179758274630174,0.0712263292227379,-0.0259781040485897,-0.0278231534859413,0.0478660602541645,-0.0862295799288139,0.0168854074747024,0.127865313469183,-0.0107031477014528,-0.0134853514286811,-0.00293630353884498,-0.0415597792744916,0.0552044200354621,-0.00554478265676734,-0.00378299063365281,-0.170992193400748,-0.0425053682511195,0.0536162495810604,0.058288304834411,-0.216653264985032,-0.0229770610973006
"13",0.0419606919948249,-0.00161141733187375,-0.0124068625292894,-0.201371839801386,0.00620736808403541,0.213672776860073,-0.0273111718745356,0.088923917094104,-0.0235629731487441,0.00309297596753677,0.076685225306084,0.0843569041302479,1,0.1381703876957,0.0611791677652407,-0.00772537188398033,-0.0531057219875787,-0.149476599152279,-0.0435394337042134,-0.0189747881627206,0.00740067724151297,0.139331655167354,0.220834395408695,-0.0894921876417962,0.11338068327263,-0.0700146722079241,-0.025323686305632,0.0452448202362457,-0.0841201251063329,-0.0344886062390364,-0.0978726965372292,0.0126091397752058,0.0751569546278816,-0.0891921553612125,-0.0308863646229802,0.0340172402430242,0.261255745209966,-0.150971778245088,0.0553527141761973,-0.0252774393423487,-0.0374574411020789,0.0453790705287609,-0.0773352441981894,-0.0993395317623638,-0.0766585183466332,0.0234329818061657,-0.0290434502574471,-0.165826914616687,0.497721760691709,0.133482873475386,-0.0326166928953475,0.162453631163681,0.0845797767774886,0.124323016951079,0.121349608910947,-0.211178559553206,-0.158629810805255,0.153303334645288
"14",-0.174441596820108,-0.0541248576959781,-0.173529592289425,0.0657169522067307,-0.042052197560339,0.0846023174430274,-0.115873061422862,0.0602479746263533,-0.142998334153081,-0.244711689954928,-0.329692473004218,0.0445252321821386,0.1381703876957,1,-0.159217520454102,-0.0791611493677609,0.0684274970611726,0.428205864538986,-0.106227029211614,-0.00534756040806232,-0.0423279992709357,0.218000636293273,0.0339366006141483,0.237165301430971,0.0404651050388495,-0.080333420632161,-0.0756775463130564,0.0102805727373021,-0.126475263611273,-0.174381396620513,-0.249099529369429,-0.171442016331053,-0.158663577610456,-0.00641484563566981,0.058310002439841,-0.0406820322150497,0.0418408874289163,-0.00182544987661098,0.0749213656367842,0.113714200421916,0.066167453164097,0.100130244153925,-0.282287884666395,-0.102811997236602,0.13060736028011,-0.0510966214637145,0.0478518434631173,-0.0731338649094695,0.0593956455189255,0.582795121254477,-0.200370469351081,0.0138318598679074,0.0776488239337977,-0.0189321925820552,0.158650652669854,0.108244688071507,-0.0895448154442557,0.113369488099468
"15",0.182308797956409,0.250410684863036,0.247658910757199,-0.0949904953521483,-0.11250888890364,0.109443828637537,0.143080344782291,0.0578213969648033,0.332446440994723,0.0462883328319046,0.0525852190154312,0.1292150702736,0.0611791677652407,-0.159217520454102,1,-0.0415184308523889,0.199194618493619,-0.0624930449488865,0.276913484292755,0.0597551555222141,0.145540964578576,-0.172302560884926,-0.0395078108228066,-0.180577961555168,0.329428390187835,0.0139808943412004,0.10586810344584,-0.0939504025352603,-0.0191377867864793,-0.0547194747211185,0.297665631664197,0.280403570299313,0.197041140786517,0.0261814815210178,0.107218123994161,0.0259947503019533,0.122141968484181,0.0393577569298223,-0.151778037216253,0.0301010767956674,-0.231885019101046,-0.251375646850126,0.252098142655888,0.235397739435937,0.191469767904646,0.0540550633051398,-0.120399259020545,-0.0612990250363561,0.0546094080929318,-0.0369020783112151,0.215027771506106,0.22088843492155,0.0227904534382712,0.00314074545964861,0.00282309965255812,-0.0503244575208708,-0.112481387421193,-0.00191634333827594
"16",-0.202079890033838,-0.0549375028080238,0.0160252036559599,0.00441150753158515,-0.0397313357905373,-0.00828451598052941,0.0456738678259485,0.0555479220245914,-0.146507885714108,-0.097123294398355,0.0361638350662211,0.0143069907954758,-0.00772537188398033,-0.0791611493677609,-0.0415184308523889,1,0.0512268287935214,-0.0835831136587403,0.0305713482617377,0.0958586490647684,0.091008763447079,-0.00040954545916285,-0.168559493421214,-0.0350056415233853,0.0111551733771509,-0.0487927313180756,0.10418582300775,0.106811306031709,-0.156961234557103,-0.0436931390218014,-0.00897306479263659,0.0852840283583379,0.0648430104372349,0.0714175170431056,-0.0365858274519683,0.00973061978266146,0.00254002117345847,-0.0252901852240913,-0.00927081217755405,0.142717859374014,-0.131187027300029,-0.074268586141376,-0.0183123099994998,-0.10896843767186,-0.0670311837373558,-0.296011262024722,-0.0605656739925375,-0.087437479610936,-0.0417333145085579,-0.0706740376835333,-0.165259576157044,-0.145609456276761,0.115356173303512,-0.149572091462444,-0.108023059060527,0.0151250348599215,-0.155517235724027,-0.0642158418939044
"17",0.0528305314193361,0.174850496057197,0.180891512035526,0.0620771016607788,-0.210942738895821,0.0973825010187787,0.0168349561738808,0.180582429709472,-0.0610412745550818,-0.100418277832373,-0.0921797799896393,0.11140229578881,-0.0531057219875787,0.0684274970611726,0.199194618493619,0.0512268287935214,1,0.109515847011067,0.139192313185019,0.0892723933639178,0.144170958596819,-0.0688515969271308,0.208924183281461,-0.0245666826792173,0.299741490494289,0.0672145187699685,-0.0632078322673547,-0.0453916875253553,0.078314797673711,-0.0540633017169015,0.0882197119225216,0.0898236367555599,0.0617620117257082,0.0675129297222296,0.181036709439745,-0.0442787511055863,0.0416002276114644,0.0456538310616721,-0.344155869277172,-0.136943849205054,-0.236807259798158,-0.138650942559057,0.105964656032908,0.155959906238649,0.185336033106841,-0.128355999579208,-0.29109126737675,-0.202375529770379,0.0247642073224646,0.0167374313278551,-0.0817525057632323,-0.1206570234285,-0.0726753376264786,-0.0269707644956931,0.114284771455328,-0.0542340616628614,0.0845822036301929,0.020059709833252
"18",-0.0922468086939917,0.119900789401476,-0.109415826547335,-0.143121013194943,0.00293159381709828,-0.00251176052142141,-0.0158861412804562,-0.133854556300183,0.11243754106509,0.00939806278892895,-0.185327100670756,0.045324262102665,-0.149476599152279,0.428205864538986,-0.0624930449488865,-0.0835831136587403,0.109515847011067,1,-0.162140484240373,-0.229423255510851,0.107405067915338,0.0376563051238431,-0.0356131657670614,0.142842282700345,0.042231409521069,0.0403676640593056,-0.0269703087405647,0.106705994412019,0.0355335571032325,0.00467952220297348,-0.221697668580514,-0.167751451908199,-0.207653446214842,-0.0878360619337926,0.0524362111497294,-0.0610315322812421,-0.0676198291471497,-0.0157362125305197,-0.128929027190881,0.0639559252400742,-0.0147796764637126,-0.00110048000913735,0.0813320489827662,0.195793134108615,0.162796586962136,-0.00965024543248912,0.0211014976491319,0.0703086326468853,-0.0288601502276666,0.312791905672764,0.0529683259723654,0.0370993173224194,0.0398354294129752,0.215262743294784,0.166647183882252,0.0799685098499928,-0.0110032332099256,-0.190222504793629
"19",0.0359786081445476,-0.00097524179404269,0.246433620691701,0.122234025310065,-0.0537879973117635,0.00908706066034061,0.21179243898747,0.0950998301578972,-0.0797440138435068,-0.0306929647063025,0.154560239972085,0.119608317591888,-0.0435394337042134,-0.106227029211614,0.276913484292755,0.0305713482617377,0.139192313185019,-0.162140484240373,1,0.290494603484312,0.0002679905623842,-0.252087189323996,0.171118308548548,0.105913605883331,0.329547941141854,0.0624345414933963,-0.0207364495880993,-0.0996090494425923,-0.0765523496164798,-0.0291270420175451,0.564500755403085,0.481249208828227,0.128692313296438,0.134037125896793,0.063192061416011,0.074362861627153,0.0920667174470837,0.0159611632838882,-0.277439629907921,-0.253146517900581,-0.15545352690243,-0.269913618710576,0.00887268253452621,-0.0454084300494073,0.0989217479642425,-0.0771694026928094,-0.0322845425831219,0.0103440901559491,-0.139636967495128,-0.223772244009801,-0.0614531195179705,-0.078689468450808,0.0228770017863158,-0.0439790304533398,0.0516695717361604,-0.0484060487917883,-0.167360413604244,0.0535212848837515
"20",-0.00903135763768229,0.00168616128320655,0.0574334750160666,0.146676249726726,-0.123165300416339,-0.0905526254826197,0.0633181601151953,0.0147018596105356,0.0187670696301133,0.116601827224158,0.0727801326517716,-0.0349299152420829,-0.0189747881627206,-0.00534756040806232,0.0597551555222141,0.0958586490647684,0.0892723933639178,-0.229423255510851,0.290494603484312,1,-0.13799781385317,0.0379804381399541,-0.0940108264630829,-0.000865462017071,-0.1579090486495,0.132436831850059,-0.0114730048343466,-0.0319468388982193,-0.0143049350251596,0.117283242504099,0.144522023380735,0.301406092766038,0.0530386503799407,-0.00297353085979227,0.0377115250339219,-0.0144533308656187,0.0462369153934031,0.2709769454173,-0.0597505825444062,-0.113028032979776,-0.0585024191532684,-0.0451301298344045,0.0654356654229579,-0.00979742521836518,0.192580856441717,-0.0491986330786117,-0.1124248461715,-0.180695417596053,0.00664058459230353,0.0136430164066938,-0.0986158963295712,-0.0110097427968689,-0.0748222202311102,-0.222942835313242,-0.0295279685038057,-0.0675573345469636,-0.116204003980359,0.116687340977561
"21",0.0396196954854303,0.171218251319852,0.11482626189183,0.0775169006423049,-0.0965742109996004,0.0981177402911243,-0.0802473151776947,-0.0361899628931505,0.0571856253090104,-0.0247234304458827,-0.192225878571133,-0.117840243982898,0.00740067724151297,-0.0423279992709357,0.145540964578576,0.091008763447079,0.144170958596819,0.107405067915338,0.0002679905623842,-0.13799781385317,1,0.0384745435355104,-0.0118709758352677,-0.108267388699677,0.059225978045179,0.169065560620296,0.191106863057901,-0.0981379797441716,0.0491222523252996,0.00418135621527214,0.0728069297544995,0.0223675648169505,0.0242435066531739,-0.132962606166229,-0.00787425398533941,-0.0973529661004237,0.0487864620552482,0.0121559357658177,0.0300212179048936,0.0843433407978048,-0.092978650177764,-0.0144274029352572,0.0237244865100843,0.0328519647221645,-0.172945378776321,0.0171360561902319,-0.0438007163536271,0.0215491686062262,-0.0906426158011392,-0.0569620455592024,-0.0227486199944659,-0.0421324107250436,-0.0831879282295011,0.0423527978648541,-0.132896355363935,-0.162379165641745,-0.0280050680189663,-0.236875071024015
"22",0.00442629254533237,0.0166835079533072,-0.0945313995605827,0.218901315753128,0.103572749046536,-0.0634817413473623,-0.0559999192674079,0.0602642112779206,0.0368361368377537,0.0327589505776269,-0.177722851198559,-0.0499032743083615,0.139331655167354,0.218000636293273,-0.172302560884926,-0.00040954545916285,-0.0688515969271308,0.0376563051238431,-0.252087189323996,0.0379804381399541,0.0384745435355104,1,-0.044284223102099,0.109311876621643,-0.0305686778922109,-0.168525190879533,0.0188355324381735,-0.110632833517521,0.144109926293298,0.0893965219697494,-0.015231282953069,-0.0822199799562821,-0.199840412382379,-0.115252080100618,0.118156081809662,0.151966378142929,-0.192094227165477,0.0387191377404726,0.025124569146318,0.00365720982602416,0.0373726725745457,0.0780108735446169,0.0532557574928224,0.0231745761699442,-0.254967647381515,0.0323297797938111,-0.106423455147897,0.0873269841540754,0.13614867512024,0.245846224119888,-0.242095180178077,-0.130339811965859,0.0670647100269664,0.134977658545302,0.0265006640577904,-0.0725530837513303,-0.0478409008435043,-0.0362830182845957
"23",0.0264201003932294,-0.0641304890351399,0.14538044902926,-0.086294703366692,-0.0361644317641221,0.112714268769639,-0.0555872486012036,0.0357617896092829,-0.166114113450429,0.0176977409366926,-0.0624518051871113,0.0988586184586014,0.220834395408695,0.0339366006141483,-0.0395078108228066,-0.168559493421214,0.208924183281461,-0.0356131657670614,0.171118308548548,-0.0940108264630829,-0.0118709758352677,-0.044284223102099,1,0.0218764842510467,-0.0205373876970297,-0.0658239787456963,-0.176362897392009,-0.0515749450897767,0.105941048978856,0.0685312869172914,-0.00875955512593269,-0.0253023049411131,0.0267388909061919,0.00404812969870514,-0.0507787719904412,0.0492451313051706,-0.108987965994824,-0.125977070135383,-0.0870374303723567,-0.153074833639819,0.1434513007772,0.028988937577781,-0.153103036498897,-0.115368662957837,-0.141021137486352,-0.0515837269679377,0.0136928270295577,0.119708672524866,-0.0292249042799371,-0.0855120310970545,-0.132509939510311,-0.0586695136118965,0.0378946647522188,0.149278745057072,0.087047583605675,-0.11781038982719,-0.0951108365961752,0.109241297910924
"24",-0.144660986507079,-0.0136215492435596,-0.0920925567772166,0.0346813514982323,0.0656739136725263,-0.0604619380505984,0.0627563266782378,0.231623897629967,-0.132831783271185,-0.182425094291414,-0.106245935325107,-0.137373117698617,-0.0894921876417962,0.237165301430971,-0.180577961555168,-0.0350056415233853,-0.0245666826792173,0.142842282700345,0.105913605883331,-0.000865462017071,-0.108267388699677,0.109311876621643,0.0218764842510467,1,0.0159620770649713,-0.0472319161698058,0.0302618150903386,-0.0352455165946771,-0.0864332253328253,-0.055823241927987,0.0819138987924972,-0.0250113029615595,-0.0359878897888856,0.0196632530835837,0.134913833076378,0.146026344779419,0.0481682121445569,-0.0516363074718984,-0.0911859596616663,0.0847827887173475,-0.0181412393937236,-0.107324101060945,-0.137644733534408,-0.178485919635812,-0.0170170300081451,-0.107854492088369,0.152413534655014,0.0486216908402316,-0.192556035048129,-0.0374226441303907,-0.166778264365745,-0.164692606339716,0.0692371614117237,0.0498026904848013,0.0991976727042711,-0.00449749463121727,0.109065700050112,0.109081621267726
"25",0.0620229731393169,0.185972891832495,0.335653821124635,0.0835175052428357,-0.046020882806871,0.140190276272985,0.152345811953358,0.22152827238607,0.128949911778581,-0.0707464505944977,0.059600664735516,0.0665347139217015,0.11338068327263,0.0404651050388495,0.329428390187835,0.0111551733771509,0.299741490494289,0.042231409521069,0.329547941141854,-0.1579090486495,0.059225978045179,-0.0305686778922109,-0.0205373876970297,0.0159620770649713,1,0.00237744242502944,-0.0259882288937902,-0.137491505471801,0.0372977284175862,-0.0308475825913265,0.296131144594704,0.265123305609944,0.0325701253848543,0.165220456936769,0.206450360026565,-0.0102767692801185,0.133307399288621,-0.0858578971289247,-0.228948101683201,0.0223780280943841,-0.375856109474194,-0.132336130422187,0.143497548111051,0.0138679398651088,-0.0293322733778114,0.020059988838787,-0.16976297008874,-0.176544990295295,0.0616816442388071,0.0508708939765078,-0.13836459704622,-0.155310423283203,0.103572801506973,0.0690275900314731,0.0924080222904859,0.00397938749308887,-0.10464295196718,-0.151557016616077
"26",-0.106424566020034,-0.032118279879163,0.00453403815057587,0.04944152062707,-0.0912380208623046,-0.0323203105006473,0.0189752655524331,-0.0161122773929255,0.0553039086598351,-0.0763938625753523,-0.144639534876554,0.10260366186752,-0.0700146722079241,-0.080333420632161,0.0139808943412004,-0.0487927313180756,0.0672145187699685,0.0403676640593056,0.0624345414933963,0.132436831850059,0.169065560620296,-0.168525190879533,-0.0658239787456963,-0.0472319161698058,0.00237744242502943,1,0.128406707627102,-0.0152846410677535,0.0738572301509368,0.263237821887265,0.0186579023009948,0.175183028239357,-0.0441360991608264,0.0717294180811156,-0.249595166730177,0.0401012116805346,-0.00274665548735175,-0.0006896163951782,0.113732603313605,-0.0357912837191685,-0.0171982225110412,0.026091816407967,0.12514254704672,0.10877819759898,0.0786452204899814,0.181874515590549,0.104294846461193,0.00363993833950642,-0.0620361274886154,-0.0543866466648503,-0.124121858606162,-0.162000269274131,-0.138879681933755,0.0870858719824037,0.0142068564701076,0.060287337514146,-0.00833937462974915,-0.0443775757064482
"27",-0.0834560363574465,-0.169774332880915,-0.0763354005336799,-0.0455253786327356,0.154411875024091,-0.0596100175565385,-0.0336333768936001,0.00046223375220966,0.0721889426660998,-0.197290860641937,0.107678621758496,-0.0318642189255192,-0.025323686305632,-0.0756775463130564,0.10586810344584,0.10418582300775,-0.0632078322673547,-0.0269703087405647,-0.0207364495880993,-0.0114730048343466,0.191106863057901,0.0188355324381735,-0.176362897392009,0.0302618150903386,-0.0259882288937902,0.128406707627102,1,0.0850134896300008,-0.0955035259658078,0.147457575613322,0.118517805387873,0.0723856706980394,0.0366003035304285,0.102168742379434,-0.164624871112046,-0.0171985260089118,0.120833374533413,0.00617079329730565,-0.0562063121157694,0.11397407330967,0.134142908654304,0.0627008451129146,0.0423047901938381,-0.0636126922294981,-0.0880396261987951,-0.0434387600647407,0.0986908605088842,0.117357813031347,-0.0325550997713135,-0.119859030976632,0.0248540947106391,-0.0461438504622679,0.152110409733912,0.0756948268361242,-0.00145821309002635,-0.0278349597640722,-0.058673549536255,-0.110808517679763
"28",0.049882629566584,0.135754997508971,-0.0867314107506389,0.00656643533900135,-0.129785183837042,-0.141540706823825,0.198428108221253,-0.00878849604597112,-0.0548413242685844,0.00976967334980111,0.076130034112601,-0.101553817111454,0.0452448202362457,0.0102805727373021,-0.0939504025352603,0.106811306031709,-0.0453916875253553,0.106705994412019,-0.0996090494425923,-0.0319468388982193,-0.0981379797441716,-0.110632833517521,-0.0515749450897767,-0.0352455165946771,-0.137491505471801,-0.0152846410677535,0.0850134896300008,1,-0.048858740239732,0.0641800133280336,0.0591803803284779,0.00392099460585453,0.0244640119098281,-0.0655431996425898,0.0972757164224166,0.0137595021253161,0.00644867457671337,0.00758000256432765,-0.0610868749631542,-0.104309621003025,0.200657258256044,0.159644897046711,0.103717103868194,-0.0755451158314004,0.0630320266643073,-0.0556846087193832,0.0629016240077781,0.0250548267223927,0.19668349672295,0.0746718087411382,0.00957919233458692,-0.0073062900607764,0.145389324905377,0.0486281193181382,-0.145978673556797,0.140947170068054,-0.0298289783103266,-0.0435611028632254
"29",0.00255805798669077,0.0744959533558374,-0.0211968680360966,-0.0130547473156604,-0.108031993465472,-0.064502380476731,0.111140707182882,0.100188563463816,0.126376927680671,0.140998746500332,-0.0799216629433031,0.00236736720437354,-0.0841201251063329,-0.126475263611273,-0.0191377867864793,-0.156961234557103,0.078314797673711,0.0355335571032325,-0.0765523496164798,-0.0143049350251596,0.0491222523252996,0.144109926293298,0.105941048978856,-0.0864332253328253,0.0372977284175862,0.0738572301509368,-0.0955035259658078,-0.048858740239732,1,0.417074815336917,-0.0109850928111648,0.00520930731925698,-0.0387219373734482,-0.112652141805589,0.0909298255573418,0.08305103381939,-0.0929810310988991,-0.0106305575162715,-0.0954040848805873,-0.0474035340406267,-0.0700022476718718,0.192273897734708,0.14197392293308,0.166365893586556,-0.0225420057688002,0.00866928387379127,-0.0750307106652388,0.124053370372149,-0.0498920988023704,0.0218301866501064,-0.239251749584149,-0.158140459821337,-0.157742210794191,0.121793897041557,0.0145438591563504,-0.0905344901913831,-0.0917765699280855,-0.204766518459412
"30",-0.076692034055027,-0.071285411209744,0.0139202399264101,-0.0425681542952745,-0.0143669008069772,-0.0402531875247206,0.0969408638325128,-0.0667123898345692,0.125794803095933,0.0669137256454028,0.0826215695843194,-0.0135677224913583,-0.0344886062390364,-0.174381396620513,-0.0547194747211185,-0.0436931390218014,-0.0540633017169015,0.00467952220297348,-0.0291270420175451,0.117283242504099,0.00418135621527214,0.0893965219697494,0.0685312869172914,-0.055823241927987,-0.0308475825913265,0.263237821887265,0.147457575613322,0.0641800133280336,0.417074815336917,1,4.61449689939825e-05,0.0995778683596936,-0.00649228307987409,0.0244401246878644,-0.151858964476374,0.00896360824729677,-0.0407742343687917,-0.0655540607958962,0.00020033643245828,0.0305343647830505,-0.00365439224600672,0.159466948498377,-0.0419812596194573,0.114459602667578,-0.0557585766875055,0.0282537015408631,0.0172978378790454,0.200720595145602,-0.123190703855612,-0.112345955062944,-0.0787112403815953,-0.0136873540887848,-0.0115609511660945,0.10601995719162,-0.046285258163702,-0.0780051810694941,-0.260421159427493,-0.133150360742671
"31",0.213477916413057,0.210325666546578,0.132611649708332,0.267793282557317,0.109969469644215,0.00657450833361567,0.253860194430983,0.0803036279265924,0.0812697524339979,0.0403368340830438,0.236976611324937,-0.00485256294196657,-0.0978726965372292,-0.249099529369429,0.297665631664197,-0.00897306479263659,0.0882197119225216,-0.221697668580514,0.564500755403085,0.144522023380735,0.0728069297544995,-0.015231282953069,-0.00875955512593269,0.0819138987924972,0.296131144594704,0.0186579023009948,0.118517805387873,0.0591803803284779,-0.0109850928111648,4.61449689939825e-05,1,0.348620565779148,0.0567552847435667,0.11286843702028,0.237552857052431,0.205144273769744,0.00514781053144894,0.0198071121906357,-0.336505762204131,-0.230925665782891,-0.154861202110234,-0.205896255200563,0.15768316422102,0.0574522858938273,-0.0632345652141777,0.104306220212384,-0.0380809647993537,0.0496329644324305,-0.108643707234678,-0.174157422067779,0.00268538756161697,-0.125090692912127,0.165839558496018,0.0414425246472301,-0.164622806111797,0.00833813767566836,-0.0842465475328792,-0.0671248336525292
"32",0.129334300788072,0.178471927352101,0.294022641296469,0.134874378640582,-0.0456664934645373,-0.148971861526735,0.103729789665232,-0.0279146605238315,0.202570289113158,0.129131301846085,0.170915682616973,0.0921468554315594,0.0126091397752058,-0.171442016331053,0.280403570299313,0.0852840283583379,0.0898236367555599,-0.167751451908199,0.481249208828227,0.301406092766038,0.0223675648169505,-0.0822199799562821,-0.0253023049411131,-0.0250113029615595,0.265123305609944,0.175183028239357,0.0723856706980394,0.00392099460585453,0.00520930731925698,0.0995778683596936,0.348620565779148,1,0.0837234235957406,0.130676763310695,-0.00902251472347623,0.158629981293692,0.0476475959020932,0.00698125988534977,-0.260810635165181,-0.204208263806811,-0.257740597798789,-0.33805068649849,0.207341676967734,0.057775761908203,-0.078456503261665,-0.00519191678466601,-0.131126110981737,-0.103354312036417,0.0473079034832874,-0.0962743055011016,-0.0800661154990872,-0.224555086786537,0.0930369402995962,0.0510004909943642,0.188087874704153,-0.0432238609122012,-0.214288075038997,0.0286938419460345
"33",0.300593168728843,0.00793125235923032,0.0172705800146229,-0.0480860082092506,-0.0182286746604482,0.216445510275097,0.0524426124043708,0.14501924033618,0.0309569472696248,-0.06791498884552,0.177997312973915,0.156602460514383,0.0751569546278816,-0.158663577610456,0.197041140786517,0.0648430104372349,0.0617620117257082,-0.207653446214842,0.128692313296438,0.0530386503799407,0.0242435066531739,-0.199840412382379,0.0267388909061919,-0.0359878897888856,0.0325701253848543,-0.0441360991608264,0.0366003035304285,0.0244640119098281,-0.0387219373734482,-0.0064922830798741,0.0567552847435667,0.0837234235957406,1,0.262295481818851,0.0230214795870346,-0.0809128958248248,0.0478064709497761,0.0334592084401659,0.224822947200973,0.222665380822812,-0.0749432703158218,-0.108940563743619,-0.0540787216234241,-0.142658037841664,-0.0135639665679918,-0.239123313975431,0.0290002325167703,-0.130682151748798,-0.0318313559349071,-0.184095827993069,0.198399315474695,0.356042259216949,0.177100739820577,-0.280901101642545,0.10662617608987,-0.141169549683108,-0.172282843261927,0.0303589738970088
"34",0.281416611703855,0.127809858769126,0.0717067499575855,0.245089030190634,0.0906555877782464,0.0879697797993889,0.098883187498562,0.00603438873723364,0.146374682025471,0.021364620173579,0.165334277062893,0.242886875168848,-0.0891921553612125,-0.00641484563566981,0.0261814815210178,0.0714175170431056,0.0675129297222296,-0.0878360619337926,0.134037125896793,-0.00297353085979227,-0.132962606166229,-0.115252080100618,0.00404812969870514,0.0196632530835837,0.165220456936769,0.0717294180811156,0.102168742379434,-0.0655431996425898,-0.112652141805589,0.0244401246878644,0.11286843702028,0.130676763310695,0.262295481818851,1,-0.107383697587173,-0.0335023054290835,-0.0784827958103033,0.0746569828105261,0.0495677877582937,0.0612930347711248,-0.190801459414938,-0.15584564980335,-0.0623868409524469,-0.0538117334518879,-0.0832171857992861,-0.115320112598201,0.129900827416623,-0.169475705503267,-0.0393236548994252,-0.0123745084257325,-0.0542414092202809,-0.0163232734841945,0.0713402488731215,-0.275099301289988,0.0320096358572342,0.0589021225278527,-0.0582300058477839,0.0434183107587973
"35",-0.0413786592068726,0.367900765280747,0.0455670114443715,0.138625783515918,-0.273056345119533,0.111509059894635,0.256388812953063,0.238568303525648,0.0370311030685729,0.166331980491773,0.0536957864127339,-0.1504293169696,-0.0308863646229802,0.058310002439841,0.107218123994161,-0.0365858274519683,0.181036709439745,0.0524362111497294,0.063192061416011,0.0377115250339219,-0.00787425398533941,0.118156081809662,-0.0507787719904412,0.134913833076378,0.206450360026565,-0.249595166730177,-0.164624871112046,0.0972757164224166,0.0909298255573418,-0.151858964476374,0.237552857052431,-0.00902251472347623,0.0230214795870346,-0.107383697587173,1,0.223079366681602,0.167452206771637,0.0991112586087888,-0.181133929174386,-0.0092291418331611,-0.0316731681897173,-0.0869428748069714,0.143177073066098,0.0708025068642214,0.116898678626217,0.0634136459116175,0.055534954846435,-0.0913343564267566,-0.0395009662022951,-0.0126363787116214,-0.0663481663764833,-0.0232099005890994,0.0213348069574733,-0.0754029557471749,-0.0247034590326748,0.0202517333011424,-0.0672219011602283,0.0583612246543622
