"","l_Insular.Cortex","r_Insular.Cortex","l_Amygdal.Area","r_Amygdal.Area","l_Bed.Nucleus.of.the.Stria.Terminalis","r_Bed.Nucleus.of.the.Stria.Terminalis","l_Hippocampus","r_Hippocampus","l_Orbitofrontal.cortex","r_Orbitofrontal.cortex","l_Entorhinal.Cortex","r_Entorhinal.Cortex","l_Frontal.Association.Cortex","r_Frontal.Association.Cortex","l_Globus.Pallidus","r_Globus.Pallidus","l_Glomerular.Layer.of.the.Accessory.Olfactory.Bulb","r_Glomerular.Layer.of.the.Accessory.Olfactory.Bulb","l_Glomerular.Layer.of.the.Olfactory.Bulb","r_Glomerular.Layer.of.the.Olfactory.Bulb","l_Granule.Cell.Level.of.the.Cerebellum","r_Granule.Cell.Level.of.the.Cerebellum","l_Hypothalamic.Region","r_Hypothalamic.Region","l_Entorhinal.Cortex","r_Entorhinal.Cortex","l_Vermix.Molecular.Layer.of.the.Cerebellum","r_Vermix.Molecular.Layer.of.the.Cerebellum","l_Lateral.Molecular.Layer.of.the.Cerebellum","r_Lateral.Molecular.Layer.of.the.Cerebellum","l_Anterior.Olfactory.Bulb","r_Anterior.Olfactory.Bulb","l_Posterior.Olfactory.Bulb","r_Posterior.Olfactory.Bulb","l_Subiculum","r_Subiculum","l_Perirhinal.Area","r_Perirhinal.Area","l_PreLimbic.System","r_PreLimbic.System","l_Primary.Cingular.Cortex","r_Primary.Cingular.Cortex","l_Primary.Motor.Cortex","r_Primary.Motor.Cortex","l_Retrosplenial.Cortex","r_Retrosplenial.Cortex","l_Secondary.Cingular.Cortex","r_Secondary.Cingular.Cortex","l_Secondary.Motor.Cortex","r_Secondary.Motor.Cortex","l_Striatum","r_Striatum","l_Ventral.Tegmental.Area","r_Ventral.Tegmental.Area","l_Substantia.Nigra","r_Substantia.Nigra","l_Thalamus","r_Thalamus"
"1",1,0.525348819051197,0.0204956187738229,0.0690042165693015,0.0266581736207032,0.264506638178942,0.169386504448149,0.232142011062809,0.376765437882207,0.255963623026443,0.129779525118063,0.259200988548325,0.181385063343279,-0.388257368975217,0.147707187787926,0.217792001879726,-0.142271597579063,-0.0301752252119347,0.213885251861754,0.139944883241853,-0.184042494222056,0.0740717350449968,0.284956955854941,0.0215665813697072,0.093918067817075,0.101391523674845,-0.110084121363743,-0.0168870841373289,-0.0357428274159293,-0.0976615064319216,0.181807151325654,0.188300648279362,0.216055272877599,0.114876759809227,0.00463034226528565,-0.0600079953466904,-0.0394062640078263,-0.129840589451898,0.0941225537990991,0.0322209374779536,-0.193900042099915,-0.0909729775837459,-0.00175607971995339,-0.00709849087576665,-0.224821258952507,-0.245357853195915,-0.204392657798771,-0.0443999207662934,-0.058965120635309,-0.248639594120589,0.370630751250307,0.338597322141626,-0.0470314566626732,-0.0695114657472494,0.19477354861855,0.0691391185620923,0.0133182310081582,-0.11792709896214
"2",0.525348819051197,1,-0.0502483535801658,0.0574654307918322,-0.0539855357486649,0.127624083719806,0.102261459177068,0.224589987221584,0.31355279210755,0.41631169691207,0.150816094795693,0.282340732798075,0.196445134331973,-0.413189809973243,0.062939513483105,0.435536254131214,-0.0163814229533258,-0.195015373073369,0.0963784396215574,0.106699585629137,-0.12850375623243,0.0349536211134383,0.186680737239579,0.0368078047259337,0.0753664582106065,0.0603537859672476,-0.0538924778453398,0.104080031929487,0.0244695381177968,-0.0524053786677926,0.0823139165248237,0.0217468471571161,0.258400034142016,0.145080088290113,-0.127589672995232,0.0194516183607103,-0.0331121284609552,0.0368864128529105,-0.157768128346585,-0.124082574564524,-0.314736784882826,-0.274200580426793,0.00165578132270064,-0.070836293378698,-0.228234134379625,-0.205231704525322,-0.22991678446103,-0.203930135656035,-0.132029407737564,-0.236105171219344,0.299714560106226,0.376335069402611,-0.0464512359606229,-0.242718298909815,0.0751791513077065,0.199549429273872,-0.0842335370119998,-0.123105899295201
"3",0.0204956187738229,-0.0502483535801658,1,-0.130325151873604,-0.0533594212281378,0.129478864502786,-0.135941195987551,0.107894943814817,0.110672533824863,-0.00156462159364522,0.213110410633948,0.0360895890860338,0.0275764748153156,-0.0632249766016976,0.0577828434200124,0.0484095309576237,0.0121828079281754,0.06106741617129,-0.0156699323294117,-0.0270704540904462,0.0711128445203308,0.117178613036931,0.0934743710448314,0.0377986128118835,0.225567812384573,0.131500052696094,-0.0694612957971788,0.0459135545798472,0.1130547789271,-0.0675242826977176,0.038734391969598,0.0502859202415891,0.00865609478868391,-0.00407542138374067,0.119766539602146,0.103140438070402,-0.0183175515231652,0.0166811125257808,0.0274837597664369,0.0451449958904281,0.0946807850723619,-0.0507256013906634,-0.152537946658857,-0.0746046057941991,0.0926465316602576,-0.0397606648791493,0.171996051445434,0.235973834510276,-0.0343502162231791,-0.0974868368428836,-0.146705899045067,0.0443169524249506,0.0155481673527041,0.0242444632228289,-0.0229902036916783,0.163560436490425,0.0586755206983776,-0.0860485070486042
"4",0.0690042165693015,0.0574654307918322,-0.130325151873604,1,-0.0506132511870266,-0.090990077341403,0.0190494188660329,0.0929103792179283,-0.0100829419710523,-0.0155251072321068,-0.22778339395564,0.0989593849069844,0.0552451810108751,-0.108613549035385,0.102089799564668,0.0855297376963749,0.0859582816722237,-0.149001225179426,-0.0803312830916335,0.0831934349892013,-0.161926968166987,-0.0326209656960089,0.00029032666113982,0.00091554686040854,-0.0443196521960061,-0.0339093666890178,-0.0114382057281612,0.114607757684776,0.0231113982971325,-0.0823527866291928,-0.100133211685717,0.0261974644495995,-0.150157496031043,-0.0147856316187599,0.10666578977296,-0.115033189958013,-0.0956910815649987,0.0208703352396302,-0.191788921202887,-0.0978494467065232,-0.107099139644483,0.0560079870789315,0.0676491345133342,0.110988065301832,-0.073302647073458,0.0330907047101125,-0.016141709289621,-0.133010536394454,-0.028061480411749,-0.100828061374766,0.144284468425113,0.0207044126867313,-0.0165025906649635,-0.0180308321038476,0.0235096231575547,-0.0543787021680557,-0.0888089858835761,-0.0129850797254342
"5",0.0266581736207032,-0.0539855357486649,-0.0533594212281378,-0.0506132511870266,1,0.018965802337869,0.115394395969821,-0.0219298079606776,-0.104018263058975,0.0121404781474362,0.20273919559294,0.00437936018813342,0.212411960571429,0.0972728276121807,0.0562077757149805,-0.183556638222012,0.194812056054229,0.0460570608496881,-0.162728965655065,0.0805214057046895,0.197114902661761,-0.00636265380963592,-0.0208583875526634,0.354324733166387,-0.0535229737882496,0.150532138403916,-0.185165571704696,-0.0732749699494197,-0.285086444697034,0.0824297737856384,-0.0154364733335737,0.05617685749294,-0.0139603658211037,0.141674783922763,0.156997812882095,0.0722817439381694,0.248318484271264,-0.0160917312344484,0.3219087823874,0.412394622169911,0.241274148774657,0.181022872358864,-0.00679816444052898,-0.0850580153820315,0.0410307384390738,0.0425458690089001,0.129698031043921,0.0801121168201719,0.132092215347088,0.160972628543455,-0.107844566878348,-0.201581471758584,0.0865572650982172,0.0295780634108108,-0.00020691721131542,-0.0669241656038073,0.204315689382193,0.0642035350323704
"6",0.264506638178942,0.127624083719806,0.129478864502786,-0.090990077341403,0.018965802337869,1,-0.0611144242858047,-0.0701013240179895,0.151212802610099,0.108152456784368,0.0864230052461574,0.158748488829458,0.0219939601976169,0.0379745880432097,-0.051742568221817,-0.0645229817384704,0.0818574594881045,0.210243508018424,0.164734907296139,-0.0172078712538996,-0.0115977461336307,0.0534946016596343,0.151004421516609,0.0404839922666817,-0.0833876299466237,0.0173356845078898,-0.108785360521755,-0.0355808042663871,0.0106553152631608,-0.0123013077026896,0.170950657866087,-0.0660861715617087,0.0500622770450981,-0.166693383251534,-0.0679832660115356,-0.105066554025537,0.0517302734966086,-0.0639345961462508,0.00823045244894118,-0.138479324151118,0.00727675319011939,-0.0364364850796321,-0.0565914520897153,0.116325710003184,-0.040589619182789,-0.231667188653608,0.00029569663592857,0.121322485808388,0.0407128933507202,0.0557037980344256,0.0273938845843933,0.0396652150442207,-0.0857811790902603,-0.0118857429778812,0.0830047305004628,0.175205112964307,0.08723619802892,-0.0976794854547117
"7",0.169386504448149,0.102261459177068,-0.135941195987551,0.0190494188660329,0.115394395969821,-0.0611144242858047,1,0.34315898766257,0.0373831625391495,0.0951847044621426,0.121698220931595,0.0762499986299307,0.032194642608733,-0.0842104841022842,0.0515551682894519,0.00114056061525661,-0.169638909573467,-0.196613225443892,0.0324265893659411,0.145021237679026,0.09829696076911,-0.111077593935888,-0.0977520601772121,0.0335275860248468,-0.0344455385164485,0.142918013698029,0.0256487304247359,-0.0940017895067956,-0.0246346076749579,-0.012260832214504,0.1194130660048,0.140811609389335,0.174907112006683,0.102886087819334,0.0936549223109327,0.205134268509275,0.0773708445658476,-0.0554381138759615,0.0794417535227746,-0.0514880450380828,-0.0608776118520072,-0.0650049326336571,0.0957293178491837,-0.0193294748801967,0.0902650279271174,-0.0326149148046556,-0.129296400468058,-0.252613699562754,-0.0614053643250896,-0.0682287233892348,0.122026154268639,-0.0434741790085119,-0.102387424277638,-0.0498250742119198,-0.00277443412083303,-0.0743962616338934,-0.135897900127996,-0.0247418712241285
"8",0.232142011062809,0.224589987221584,0.107894943814817,0.0929103792179283,-0.0219298079606776,-0.0701013240179895,0.343158987662569,1,0.166724715139621,0.26089875815949,0.0496699682359103,0.148164978139868,0.0196710052083805,-0.199846526373192,0.0492021477819477,0.173629437772921,0.0789553847363459,-0.164553502515226,0.00192091001939986,-0.050622960450111,0.00141838137944458,-0.142186527646422,0.0867713642120991,-0.0335300151437938,0.153161851203432,0.0953938437047535,0.0970000469385101,-0.0202909474339695,-0.0469133421505556,0.0726100544935054,0.187199712378898,0.179284315441096,0.162490314267661,0.179525964174335,-0.0182354986952418,0.167021384230137,-0.0110129936488568,-0.123180143431118,-0.11403058516747,-0.0431590484058491,-0.26902837574168,-0.165034254815738,-0.105900002986921,0.0863267538586949,-0.0232391123259861,-0.0456594380149712,-0.151036963423258,-0.194549452133969,-0.189239781915521,-0.216262604969986,-0.0493022244557422,0.0267734662943832,-0.0145544469387288,0.00521464043371418,-0.0326115750768228,0.0788254945753483,-0.11217603404441,0.0266345000602602
"9",0.376765437882207,0.31355279210755,0.110672533824863,-0.0100829419710523,-0.104018263058975,0.151212802610099,0.0373831625391495,0.166724715139621,1,0.447578224384016,-0.0470011442311265,-0.0865189755136052,0.0824839458120363,-0.237055382319777,0.237291416179067,0.329987431862827,-0.0233870745175159,-0.138853595418933,0.16362747665573,-0.00896317653292951,-0.117136514341838,0.147604622397153,0.212556007217423,-0.0884484207820233,-0.054953571499944,0.0797934521069098,-0.0323688310569999,0.190317619921248,0.0810447659619915,-0.00152625390947482,0.0840896076996865,-0.00764785445909253,0.13410102712644,0.00455390209540212,-0.146850837321794,-0.0533636319843519,-0.21209746356612,-0.133127361737041,0.0525455934512463,-0.178139372497014,-0.0499825614638336,-0.0864289588945773,0.00961955452588602,0.00299985456134669,-0.212142506519271,-0.304315689347247,-0.19132011028561,-0.20021948161435,-0.0369254415540518,-0.388714065625608,0.109254409288761,0.07932943439558,-0.0589488250132366,-0.0983109447748876,-0.00158820730938943,0.0561414803245763,-0.0202052819705838,0.0459210684901859
"10",0.255963623026443,0.41631169691207,-0.00156462159364522,-0.0155251072321068,0.0121404781474362,0.108152456784368,0.0951847044621426,0.26089875815949,0.447578224384016,1,-0.0816110526778436,0.00378973064652613,0.0184731166109286,-0.251441235225137,0.0596074576653721,0.229709776762126,0.0435190371640263,-0.103512309601072,0.175645636379817,0.0487164422435667,-0.041142720021688,-0.0148097258134827,0.161057805637365,-0.101936908814736,-0.0750501154861657,0.11845423661598,0.035363390290723,0.106115054690188,0.0333267863551346,-0.0662996628867334,0.22264284119222,0.0514803724657991,0.200249098798494,0.176491014661777,-0.138929975109944,-0.221306982463797,-0.146999276007887,-0.12791601454646,0.0179751747111425,-0.0834674019782417,-0.10487229999174,-0.116196066702909,-0.0908219778384775,-0.0168059166526808,-0.120575232196947,-0.125819707543584,-0.152147557722335,-0.102907695111932,-0.0462228223496899,-0.184214878127856,0.0119936233381561,0.21990813215207,-0.0871103568227135,-0.170430772033064,0.0275557717213568,0.29121807622511,0.0670601653295776,0.0963588166744335
"11",0.129779525118063,0.150816094795693,0.213110410633948,-0.22778339395564,0.20273919559294,0.0864230052461574,0.121698220931595,0.0496699682359103,-0.0470011442311265,-0.0816110526778436,1,0.220587942401862,0.00058356368562163,0.0841782021391901,0.121354854634973,0.0838690020265119,-0.02648478108497,0.138483570188399,0.181990428701699,-0.0503579932585674,-0.0202281738640452,0.0627244236087403,0.0864848891672949,0.107002242464521,0.0676650305340228,0.145408948422553,0.00768284578111474,-0.131046446805791,-0.124387817295317,-0.0669940126433347,0.0712620828949653,0.184162708051231,0.134887704911812,0.163473515919878,-0.0164608868932804,0.116110228564529,0.189841490987831,0.00906941232701595,0.131225346637675,0.15316799573428,-0.0103753607155088,0.0169027336930194,-0.00227022774375617,-0.00905631085092303,-0.0426663327294792,-0.137387367846638,0.076888137250813,0.105970591543679,-0.0360188140184482,0.0634075006602109,0.0618595511979345,-0.0685395750035047,0.0730852617434243,-0.0516375778389489,-0.0483018104904131,-0.0613618645891439,0.127443936309095,-0.0308900091723599
"12",0.259200988548325,0.282340732798075,0.0360895890860338,0.0989593849069844,0.00437936018813342,0.158748488829459,0.0762499986299308,0.148164978139868,-0.0865189755136052,0.00378973064652613,0.220587942401862,1,0.0450436588277053,-0.085648450592849,-0.170634025208394,0.0603763397657697,0.0273465894354534,0.0533366131428089,0.0200969752483086,-0.0343327957196662,0.0235720093073642,-0.0736838953467179,-0.0839368249610087,-0.0209221295757766,0.145864294088653,0.0280071352775459,0.187718116585356,-0.133862150325477,-0.149308673649382,-0.0516961093745425,0.0674735145018006,-0.052311547468815,0.125404795413271,0.159820261436585,-0.100117925513983,0.0445128641030763,0.040561304215897,0.109594443418124,-0.0924412959771893,0.0339224324069594,-0.184327887130131,-0.13454809603397,-0.0165282633166825,0.124907161512446,-0.106517775422666,-0.214892620257181,-0.214699434177117,-0.0394865837028973,-0.014173964560008,0.0127623452587148,0.212502890064656,0.211982031225111,0.015167300418564,-0.13680833697827,0.189043099793767,0.125235272363586,0.0902803358371055,-0.304530097975569
"13",0.181385063343279,0.196445134331973,0.0275764748153156,0.0552451810108751,0.212411960571429,0.0219939601976169,0.032194642608733,0.0196710052083805,0.0824839458120363,0.0184731166109286,0.00058356368562163,0.0450436588277053,1,-0.139345513825592,-0.0512669812184721,-0.0290108150896024,0.328528905111322,-0.159218578815906,-0.0455437392004312,0.0140981612340057,-0.016098260869638,0.112152815063401,-0.0371546169579755,0.0946825605975264,-0.0708152388638156,-0.0861077530760521,-0.133543595799988,-0.092343056714932,-0.130338596120752,0.0157614557353975,-0.00843718224097554,0.10009660259593,0.0234426220155763,0.169908226882898,0.107250009523936,-0.0656811174937053,-0.0631347736892802,-0.178278025627298,0.0574685373097587,0.166144385904232,0.0235977464874118,-0.015968764895252,0.0539127492452591,0.0353131650489587,0.0877762995852646,0.00405636144904174,-0.158946992823008,-0.130111125941055,0.225795369815535,-0.0182465325499922,0.0466052123125501,0.065846926129953,0.00673179381310109,-0.0584799652630367,0.319144533661785,0.167387668007409,-0.120444179118775,0.0659618811662717
"14",-0.388257368975217,-0.413189809973243,-0.0632249766016976,-0.108613549035385,0.0972728276121807,0.0379745880432097,-0.0842104841022842,-0.199846526373192,-0.237055382319777,-0.251441235225137,0.0841782021391901,-0.085648450592849,-0.139345513825592,1,-0.106422181730699,-0.23593779183158,0.117473283958121,0.467190489322145,-0.0730250888264439,-0.132480251002121,0.164034222505932,-0.0753374841159991,-0.149435617946371,-0.0498533367425737,-0.0953162355450797,-0.00401014596761042,0.0314777706569555,-0.0942015953878819,-0.127337711275383,0.0676573625887037,-0.0182991383146973,-0.131230815655586,-0.192718474928232,-0.142214221421873,0.0665304585389217,-0.117324709651692,-0.0113445301782632,0.0738370317154639,-0.00207471710466459,-0.0234307454453152,0.162178655159191,0.0864161330246299,-0.0937701402376686,0.119094554774094,0.0597696174164048,0.0430655176734804,0.279943105404073,0.142605242321326,0.0850304681263225,0.476389562970983,-0.228853075300946,-0.307613385110923,0.0699770462725529,0.175866334681973,0.026266475585352,-0.25482316723047,0.115107828610483,0.134229557912577
"15",0.147707187787926,0.062939513483105,0.0577828434200124,0.102089799564668,0.0562077757149805,-0.051742568221817,0.0515551682894519,0.0492021477819477,0.237291416179067,0.0596074576653721,0.121354854634973,-0.170634025208394,-0.0512669812184721,-0.106422181730699,1,0.175806644799966,-0.228850793528782,-0.121094533405042,0.0120994798845594,0.072778630204142,-0.0357878718540226,-0.112079429063411,0.0514337150202879,-0.109471608132026,-0.131851951081807,0.0800099463092033,-0.0940764124872587,0.0119964287508774,-0.0289718505968342,0.242682739411986,-0.0396432807459116,0.0388305593066098,-0.0925879705420021,-0.129617699982433,0.0444235095745802,-0.04471512228934,-0.108987230442403,-0.0437712230050178,0.0621350845892435,-0.182591972504379,-0.155913977150991,0.0123247770475703,-0.030538821020664,0.0121183755645974,-0.211731260954505,-0.133917008497593,-0.0685786386752449,-0.0179526990583752,-0.213898010372024,-0.270378345527635,0.188438490280377,-0.0673447781914809,0.0487520824112923,0.0649611112852312,0.0841351415064546,-0.131523844352505,-0.106028274407064,0.0385486872661449
"16",0.217792001879726,0.435536254131214,0.0484095309576237,0.0855297376963749,-0.183556638222012,-0.0645229817384704,0.0011405606152566,0.173629437772921,0.329987431862827,0.229709776762126,0.0838690020265119,0.0603763397657697,-0.0290108150896023,-0.23593779183158,0.175806644799966,1,-0.0274581352103249,-0.259126134082611,0.201483675298427,0.0620012430953446,-0.228183969223502,0.0654045131858428,-0.0208381741232158,-0.201214939899949,-0.0387581423069258,0.172596509385782,0.162212014298003,0.120258734958583,0.215305549611757,-0.0319134826055265,-0.0927743270415903,-0.0200357835206605,-0.00157683220725162,-0.0900821490828365,0.0835920038191569,0.154833818227505,-0.158256017641447,0.140291206571716,-0.181526242604693,-0.162256588367151,-0.132750695812783,-0.0286330197741703,0.0768976984263223,-0.0818753547939067,-0.117903307622005,0.0366465916505916,-0.212829199444888,-0.056991299279111,-0.0749724070018655,-0.263691905316498,0.295539572132855,0.191834478788058,0.0747397512929145,0.0803875159771865,0.136731933876498,0.151847198393022,-0.019879716096733,0.0790286103097949
"17",-0.142271597579063,-0.0163814229533258,0.0121828079281754,0.0859582816722237,0.194812056054229,0.0818574594881045,-0.169638909573467,0.0789553847363459,-0.0233870745175159,0.0435190371640263,-0.02648478108497,0.0273465894354534,0.328528905111322,0.117473283958121,-0.228850793528782,-0.0274581352103249,1,0.133382946898827,-0.2846452263331,-0.255162780324015,0.068317070826934,0.0132173915405683,-0.0137879003855136,0.0861704871044917,-0.147302289109785,-0.0257992234719567,0.0238555060669406,0.171900722043792,-0.144985335276272,0.115986428579227,-0.10942497423546,-0.132507244599706,-0.0329605387275709,0.0850151986157156,-0.00956448830146211,-0.090250589595118,0.160656657828194,0.0863105952257737,0.0598936947511602,0.160794104325385,0.116668950006807,0.140732831372475,0.145102567486117,0.0496521822843695,0.14385543199065,0.0905317513797838,0.179011533393303,0.240064682785219,0.354229316336679,0.291255413117691,-0.212118387318109,-0.249519648773088,-0.0843690629622638,-0.134927718025611,-0.00062429733524021,0.0997209106543303,0.0242278732182151,0.145406853648336
"18",-0.0301752252119347,-0.195015373073369,0.06106741617129,-0.149001225179426,0.0460570608496881,0.210243508018424,-0.196613225443892,-0.164553502515226,-0.138853595418933,-0.103512309601072,0.138483570188399,0.0533366131428089,-0.159218578815906,0.467190489322145,-0.121094533405042,-0.259126134082611,0.133382946898827,1,0.0418247590720314,-0.249426874893102,0.142691618386929,-0.0683347026418228,0.116782062461561,-0.0325206723755401,0.130106670846348,0.107191111018807,-0.00593532182722315,0.0342949759697652,-0.0911510213594022,-0.0159342427941887,-0.0931755372067253,-0.194758058286289,0.00084821725243523,-0.0211624538179819,-0.161938912768857,-0.192175900918473,0.0032697580830891,0.0446755727062038,0.0933184155399594,0.204758333033705,0.238490381628944,0.206041930919711,0.099511982787502,0.199237764585107,0.0408543890126001,-0.0607757816082881,0.344012608052225,0.332719083539857,0.241878310641064,0.482980650006947,-0.177834976667079,-0.131660663112968,-0.0284479060769793,0.0480532167487755,-0.0530394389901468,-0.19919664075456,0.143268393704515,-0.0472922825921686
"19",0.213885251861754,0.0963784396215574,-0.0156699323294117,-0.0803312830916335,-0.162728965655065,0.164734907296139,0.0324265893659411,0.00192091001939986,0.16362747665573,0.175645636379817,0.181990428701699,0.0200969752483086,-0.0455437392004312,-0.0730250888264439,0.0120994798845594,0.201483675298427,-0.2846452263331,0.0418247590720314,1,0.0151693696744624,-0.197446609066046,0.0530393679276029,0.115616644415164,-0.202812318488884,0.130581845327733,0.00324571119040639,0.0619562354339221,-0.0143982968041522,0.156212900687509,-0.161195872739679,0.397151721361532,0.202982525592743,0.11771034817205,0.10176450600735,0.0671666622280128,-0.0357115818250403,-0.188540857714953,0.00013202057250841,0.0101496610734206,-0.0485356723257677,-0.07957812486504,-0.0790932345440166,-0.0282213505732381,-0.00922200456002945,-0.084916587497371,-0.130524178648038,-0.169776339953716,-0.17059497130266,-0.0249016203573074,-0.0451333597103242,0.111552646729944,0.0787776936125224,0.0474433776545929,0.116904953300143,0.0178804307278507,0.147839068446567,0.116279959859545,0.0690527661373693
"20",0.139944883241853,0.106699585629137,-0.0270704540904462,0.0831934349892013,0.0805214057046895,-0.0172078712538996,0.145021237679026,-0.050622960450111,-0.00896317653292951,0.0487164422435667,-0.0503579932585674,-0.0343327957196662,0.0140981612340057,-0.132480251002121,0.072778630204142,0.0620012430953446,-0.255162780324015,-0.249426874893102,0.0151693696744624,1,-0.0632996005185873,0.151730819101234,0.0303130432094916,0.0966281267776564,-0.171761692993449,-0.042710172001696,-0.00364718943989404,-0.0135021725517379,0.147168338160074,-0.134003762629946,-0.0179116650386762,0.461596857701039,0.174944211770149,0.167471774132132,-0.0698933006764373,-0.0293271152585885,0.0868382579658134,-0.196518572691455,-0.0485332626671375,-0.154900339949793,-0.0628008120287773,-0.079957881816973,0.120454889513101,0.0252651399147218,0.0586841260141241,0.100425744287169,-0.110997004925391,-0.039401875415614,0.00556693732734334,-0.202673998024906,0.248151208071996,0.146849726243211,-0.135914735680694,-0.11038644202331,0.0465961763308312,0.128506954106395,-0.0519575512482428,-0.0696488279321053
"21",-0.184042494222056,-0.12850375623243,0.0711128445203308,-0.161926968166987,0.197114902661761,-0.0115977461336307,0.0982969607691101,0.00141838137944458,-0.117136514341838,-0.041142720021688,-0.0202281738640452,0.0235720093073642,-0.016098260869638,0.164034222505932,-0.0357878718540226,-0.228183969223502,0.068317070826934,0.142691618386929,-0.197446609066046,-0.0632996005185873,1,-0.0020073521314655,-0.169182136184503,0.117991794780028,0.0260249741175978,0.167187955283815,-0.119042868651932,-0.143248447068259,-0.138386299674987,0.135712361863806,-0.0788112822504293,-0.232107450347374,-0.00240094752934799,0.00486768756917412,-0.0545170639246971,0.0435881745983418,0.129423810052046,-0.090837510144879,0.161085084824025,0.216949716415198,0.200740612108569,0.10600178676985,-0.0792651959007683,0.149337857217382,0.0391729224942301,0.0723340610971759,0.0746974133736358,0.238562412454661,0.0795779085504751,0.119377430498788,-0.11638144306391,-0.0842686641097834,-0.0836042853699718,-0.111470128027379,-0.0344522469256819,-0.235691491438511,0.00732949450227549,-0.0603265314393417
"22",0.0740717350449968,0.0349536211134383,0.117178613036931,-0.0326209656960089,-0.00636265380963591,0.0534946016596343,-0.111077593935888,-0.142186527646422,0.147604622397153,-0.0148097258134827,0.0627244236087403,-0.0736838953467179,0.112152815063401,-0.0753374841159991,-0.112079429063411,0.0654045131858428,0.0132173915405683,-0.0683347026418228,0.0530393679276029,0.151730819101234,-0.0020073521314655,1,0.16123775563923,0.10420531914494,0.0976415882616168,-0.0883862300679599,0.0193859576936595,0.0548792767761358,0.194103919758272,-0.0805698083219844,-0.1116809264198,0.171861906940843,0.121356924347797,-0.00752683350909349,-0.0232722582687694,-0.0560741852812744,-0.0329413271717234,-0.0588854481333926,-0.0159239548680844,0.00496456664010052,-0.0351328356798826,-0.0589109599020908,0.0557967865613242,-0.103197834217776,0.0682883062180693,-0.0713878146025887,-0.0129423987466233,0.0547669349147397,-0.0851150985969558,-0.0898658930791707,0.0009201428473581,-0.0543780883931707,-0.0159690312558097,0.0560192125140505,-0.0508425195464104,0.125812711412216,0.0945498181639446,-0.043595532742175
"23",0.284956955854941,0.186680737239579,0.0934743710448314,0.00029032666113982,-0.0208583875526634,0.151004421516609,-0.0977520601772121,0.0867713642120991,0.212556007217423,0.161057805637365,0.0864848891672949,-0.0839368249610087,-0.0371546169579755,-0.149435617946371,0.0514337150202879,-0.0208381741232158,-0.0137879003855136,0.116782062461561,0.115616644415164,0.0303130432094916,-0.169182136184503,0.16123775563923,1,0.250452731260488,0.132122388297586,0.0174061056793388,-0.0346598606482431,0.0227625853968951,-0.0205716127545053,-0.130508290949139,0.111172152834409,0.147372411775761,0.23180858139206,0.152384411778072,-0.149661130717489,-0.0379589881582611,-0.0720090275993523,-0.111475318144645,0.0133398718762649,0.0734297646091143,-0.145873491906695,-0.0294757232378489,-0.10430497780703,-0.0313124973938248,-0.193171095304857,-0.126900213078265,-0.0467075149359873,0.0484056104169265,-0.0642197990344682,-0.155944630497401,-0.0492714342358399,0.00969167439615379,0.00808782035697287,-0.0437860308713661,-0.0198514110279166,-0.039696755857282,0.180028368335129,0.0521736776204891
"24",0.0215665813697072,0.0368078047259337,0.0377986128118835,0.00091554686040854,0.354324733166387,0.0404839922666817,0.0335275860248468,-0.0335300151437938,-0.0884484207820232,-0.101936908814736,0.107002242464521,-0.0209221295757766,0.0946825605975264,-0.0498533367425737,-0.109471608132026,-0.201214939899949,0.0861704871044917,-0.0325206723755402,-0.202812318488884,0.0966281267776564,0.117991794780028,0.10420531914494,0.250452731260488,1,-0.181357880541617,-0.00902119125568173,-0.0517559978670737,-0.00816539350131492,0.0212998377406205,0.0307182845508866,-0.069391081574568,-0.0341582871964104,0.0206023623364023,0.0629959229670119,0.00563825591327663,0.0241894187993629,0.16252421366447,-0.0846544881372601,0.0317704044360077,0.0829853952510018,0.161665827302423,0.063332348321326,0.0762880927714927,-0.0395716989920518,0.0287984642365936,0.134109486862054,0.204413331363554,0.106352712985936,0.0829196707579864,0.0502679108982435,0.00280042050016226,-0.0842136237707263,-0.12623713878304,-0.116164720978921,-0.0713733140561701,0.0148718041619581,-0.003999220289944,-0.0833988699586332
"25",0.0939180678170749,0.0753664582106065,0.225567812384573,-0.0443196521960061,-0.0535229737882496,-0.0833876299466237,-0.0344455385164485,0.153161851203432,-0.054953571499944,-0.0750501154861657,0.0676650305340228,0.145864294088653,-0.0708152388638156,-0.0953162355450796,-0.131851951081807,-0.0387581423069258,-0.147302289109785,0.130106670846348,0.130581845327733,-0.171761692993449,0.0260249741175978,0.0976415882616168,0.132122388297586,-0.181357880541617,1,-0.031095316305904,0.195611029003256,-0.105651136655924,-0.0875571397227118,-0.266398113214541,0.070129144578562,0.0099598367615729,0.160035709213705,0.0924833092263518,0.116103869227166,0.179533688532994,-0.102096502849343,0.246420914795477,0.169709456008449,0.200555479485877,-0.161197638263746,-0.089324258784284,-0.14087552006184,-0.0405935592273791,-0.0750884654943186,-0.0369074636729196,-0.0572718030905868,-0.0463294812204517,-0.00291683161700415,-0.0211668546249837,-0.00864564397728695,0.131398220461002,0.100519739305772,0.10369417388435,-0.122522033227239,0.0166217599753866,0.111896884392664,-0.182532021232347
"26",0.101391523674845,0.0603537859672476,0.131500052696094,-0.0339093666890178,0.150532138403916,0.0173356845078898,0.142918013698029,0.0953938437047535,0.0797934521069098,0.11845423661598,0.145408948422553,0.0280071352775459,-0.0861077530760521,-0.00401014596761042,0.0800099463092033,0.172596509385782,-0.0257992234719567,0.107191111018807,0.00324571119040639,-0.042710172001696,0.167187955283815,-0.0883862300679599,0.0174061056793388,-0.00902119125568173,-0.031095316305904,1,-0.290852985666052,-0.00934201937884222,0.0959073308751767,-0.0332027457306637,-0.059787826063893,-0.138664175296862,-0.11972897239765,-0.105943000937123,0.0291139567715569,0.0904659299126928,0.18450360985965,0.0511680001800373,-0.0824859726229077,0.142742149636609,0.112503811895435,0.0501724554821207,0.00853877393648377,0.0252173761036815,0.0126618872703964,-0.0115731183333374,0.0963857033980189,-0.0267080959447353,0.0100649989757861,-0.0023688861787166,0.129945194172897,0.0502106439917073,0.106961173404584,0.0295731706812856,0.0359624115599701,-0.133333554945823,0.0315358886497259,0.224848319599515
"27",-0.110084121363743,-0.0538924778453398,-0.0694612957971788,-0.0114382057281612,-0.185165571704696,-0.108785360521755,0.0256487304247359,0.0970000469385101,-0.0323688310569999,0.035363390290723,0.00768284578111474,0.187718116585356,-0.133543595799988,0.0314777706569555,-0.0940764124872587,0.162212014298003,0.0238555060669406,-0.00593532182722315,0.0619562354339221,-0.00364718943989404,-0.119042868651932,0.0193859576936595,-0.0346598606482431,-0.0517559978670737,0.195611029003256,-0.290852985666052,1,0.158494691393407,0.172226734916476,0.0147494208244245,0.0545672254507229,-0.00457058613520744,0.0820347553858176,0.171848563410088,0.0166454013545286,0.0882771889097431,0.0366747976025844,0.138306286491705,-0.0662360503508613,-0.104266446964682,-0.124891937426912,0.0463051429263112,0.192748856915932,0.0166866231809418,-0.0457022530040938,-0.0640300980512103,-0.0552853677328845,0.0759406028944286,0.0136110777815727,-0.027283398450381,-0.104752704730251,-0.0176079457293489,0.0408979967160829,-0.0142561572733356,-0.0187733408023906,-0.00475764322216385,-0.0887806801622046,-0.103968721545566
"28",-0.0168870841373289,0.104080031929487,0.0459135545798472,0.114607757684776,-0.0732749699494197,-0.0355808042663871,-0.0940017895067956,-0.0202909474339695,0.190317619921248,0.106115054690188,-0.131046446805791,-0.133862150325477,-0.092343056714932,-0.0942015953878819,0.0119964287508774,0.120258734958583,0.171900722043792,0.0342949759697652,-0.0143982968041522,-0.0135021725517379,-0.143248447068259,0.0548792767761358,0.0227625853968951,-0.00816539350131492,-0.105651136655924,-0.00934201937884222,0.158494691393407,1,0.22348727823681,-0.0147161255169327,0.0268949442674287,-0.117113847594702,-0.0682248947952657,-0.0347293276295838,0.0239462713407175,0.0433312612721128,0.12399557370018,0.111420708351445,-0.104626626689598,-0.154753522237978,0.0168919999192066,-0.0412392716279613,0.13049122684534,-0.00268612357304097,-0.011035538573527,0.0225240363912023,0.0706071952390202,0.0217380209572313,-0.0559091915564384,-0.0371565885973002,-0.170750752082015,-0.191602514481669,0.00535088613802051,-0.125457492263643,-0.223746136449814,-0.177715970282497,-0.0335259856651514,0.0715494698912902
"29",-0.0357428274159293,0.0244695381177968,0.1130547789271,0.0231113982971325,-0.285086444697034,0.0106553152631608,-0.0246346076749579,-0.0469133421505556,0.0810447659619915,0.0333267863551346,-0.124387817295317,-0.149308673649382,-0.130338596120752,-0.127337711275383,-0.0289718505968342,0.215305549611757,-0.144985335276272,-0.0911510213594022,0.156212900687509,0.147168338160074,-0.138386299674987,0.194103919758272,-0.0205716127545053,0.0212998377406205,-0.0875571397227118,0.0959073308751767,0.172226734916476,0.22348727823681,1,0.0332001846121448,-0.0790998783882801,-0.0024590382228016,-0.00943895812021079,-0.197627410288313,-0.125472992557858,-0.0562558510152334,-0.0697181105613442,-0.0543414022120448,-0.191257495695291,-0.202861045158864,0.0826844071469412,0.120266039218184,0.237480144394516,-0.10027757983064,0.119755842674905,-0.012262333626872,0.0890961953394554,0.048578317209684,0.0236535849315972,-0.0813919702199955,-0.0837367727463309,0.0857344320488735,-0.19846371067428,-0.171158480710817,-0.122959792512121,0.0356909540225034,-0.192419148240364,0.0921838826547582
"30",-0.0976615064319216,-0.0524053786677926,-0.0675242826977176,-0.0823527866291928,0.0824297737856384,-0.0123013077026896,-0.012260832214504,0.0726100544935054,-0.00152625390947482,-0.0662996628867334,-0.0669940126433347,-0.0516961093745425,0.0157614557353975,0.0676573625887037,0.242682739411986,-0.0319134826055265,0.115986428579227,-0.0159342427941887,-0.161195872739679,-0.134003762629946,0.135712361863806,-0.0805698083219843,-0.130508290949139,0.0307182845508866,-0.266398113214541,-0.0332027457306637,0.0147494208244245,-0.0147161255169327,0.0332001846121448,1,-0.122075628945162,-0.209441159682808,-0.176583441394369,-0.217582206241407,-0.0894900506334449,-0.0461238039215113,0.0702269785207877,-0.0309155366925698,-0.051897013476341,-0.0955753963695753,-0.0850193593050756,-0.0180097439966804,-0.0136207638315922,-0.0752444994577524,0.00105834024529455,0.0297504092578919,-0.088267969776697,-0.0189808804027536,-0.0860796731783784,0.0232096941521064,-0.0769422527506541,-0.119680314859592,-0.00051643549204437,-0.137374862123704,0.11468864603738,-0.0269269895168684,-0.268981749163978,-0.0332594510516799
"31",0.181807151325654,0.0823139165248237,0.038734391969598,-0.100133211685717,-0.0154364733335737,0.170950657866087,0.1194130660048,0.187199712378898,0.0840896076996865,0.22264284119222,0.0712620828949653,0.0674735145018006,-0.00843718224097554,-0.0182991383146973,-0.0396432807459116,-0.0927743270415903,-0.10942497423546,-0.0931755372067253,0.397151721361532,-0.0179116650386762,-0.0788112822504293,-0.1116809264198,0.111172152834409,-0.069391081574568,0.070129144578562,-0.059787826063893,0.0545672254507229,0.0268949442674287,-0.0790998783882801,-0.122075628945162,1,0.354887877365893,0.200636061274047,0.254531528956438,0.05928493134356,-0.02133054288082,-0.106470904339319,-0.309328542660845,0.0958659262115502,-0.141197317479475,-0.159695367871419,-0.186663399444923,-0.304609252353912,-0.0618022483802321,-0.121976460733622,-0.18726769578024,-0.295469284251857,-0.273414088989591,-0.135421821804076,-0.0457747288537311,-0.171731666354926,-0.0849681871136118,-0.0763159069026965,-0.151750826531839,-0.056465088735183,0.055678963309238,0.0136077091335023,0.0428071442759186
"32",0.188300648279362,0.0217468471571161,0.0502859202415891,0.0261974644495995,0.05617685749294,-0.0660861715617087,0.140811609389335,0.179284315441096,-0.00764785445909253,0.0514803724657991,0.184162708051231,-0.052311547468815,0.10009660259593,-0.131230815655586,0.0388305593066098,-0.0200357835206605,-0.132507244599706,-0.194758058286289,0.202982525592743,0.461596857701039,-0.232107450347374,0.171861906940843,0.147372411775761,-0.0341582871964104,0.0099598367615729,-0.138664175296862,-0.00457058613520744,-0.117113847594702,-0.0024590382228016,-0.209441159682808,0.354887877365893,1,0.287990302361713,0.406435248003797,-0.0213366835757368,0.00617691200420797,0.110689741351225,-0.236743258471402,0.16148816716614,-0.0536432239630574,-0.224601464991897,-0.215939063385493,-0.0774907834125503,-0.0833285426926287,0.0118270516189534,-0.00336492213689948,-0.278898511365932,-0.176095345142811,-0.113218706136772,-0.246156519828397,0.0635636444177474,-0.121091770450048,-0.173214770273452,-0.140534693347225,0.130070748714151,0.150862772081197,-0.0335569861076474,0.0509312899539165
"33",0.216055272877599,0.258400034142016,0.00865609478868391,-0.150157496031043,-0.0139603658211037,0.0500622770450981,0.174907112006683,0.162490314267661,0.13410102712644,0.200249098798494,0.134887704911812,0.125404795413271,0.0234426220155763,-0.192718474928232,-0.0925879705420021,-0.00157683220725162,-0.0329605387275709,0.00084821725243523,0.11771034817205,0.174944211770149,-0.00240094752934799,0.121356924347797,0.231808581392059,0.0206023623364023,0.160035709213705,-0.11972897239765,0.0820347553858176,-0.0682248947952657,-0.00943895812021079,-0.176583441394369,0.200636061274047,0.287990302361713,1,0.478694170089859,-0.214768032529807,-0.0496380246891884,0.0462683931275533,-0.0812304329552935,0.437308685462528,0.22523092000006,-0.0903516494861992,-0.0246541829835763,-0.11884035945258,-0.128103226117878,-0.102077050323005,-0.19931840968026,-0.0479514472229124,-0.00305803503289753,0.102874445676308,-0.117794934864148,0.0213121099032094,0.0445103618414229,-0.236772474873001,-0.271603651186405,0.0398652938690369,0.115556451307744,0.036381806952356,0.0132886998448356
"34",0.114876759809227,0.145080088290113,-0.00407542138374067,-0.0147856316187599,0.141674783922763,-0.166693383251534,0.102886087819334,0.179525964174335,0.00455390209540212,0.176491014661777,0.163473515919878,0.159820261436585,0.169908226882898,-0.142214221421873,-0.129617699982433,-0.0900821490828365,0.0850151986157156,-0.0211624538179819,0.10176450600735,0.167471774132132,0.00486768756917412,-0.00752683350909349,0.152384411778072,0.0629959229670119,0.0924833092263518,-0.105943000937123,0.171848563410088,-0.0347293276295838,-0.197627410288313,-0.217582206241407,0.254531528956438,0.406435248003797,0.478694170089859,1,-0.078780089807124,0.0411832828462241,0.0528017947277475,-0.186183826470669,0.319665066175635,0.335583197788351,-0.120686458313272,-0.0870803210761906,-0.0421546553610144,-0.17311017436676,-0.0159116372532046,-0.00418163831440773,-0.0991153802116,-0.0307539952877419,0.0819981628955581,-0.153607474295013,-0.0456896819385946,0.00534639943530678,0.00487480456339759,-0.191157868793343,0.134211393864887,0.0914276930617466,-0.0271696543427448,-0.0851248759053427
"35",0.00463034226528565,-0.127589672995232,0.119766539602146,0.10666578977296,0.156997812882095,-0.0679832660115356,0.0936549223109327,-0.0182354986952418,-0.146850837321794,-0.138929975109944,-0.0164608868932804,-0.100117925513983,0.107250009523936,0.0665304585389217,0.0444235095745802,0.0835920038191569,-0.00956448830146211,-0.161938912768857,0.0671666622280128,-0.0698933006764373,-0.0545170639246971,-0.0232722582687694,-0.149661130717489,0.00563825591327663,0.116103869227166,0.0291139567715569,0.0166454013545286,0.0239462713407175,-0.125472992557858,-0.0894900506334449,0.05928493134356,-0.0213366835757368,-0.214768032529807,-0.078780089807124,1,0.29802410795686,0.167753995107932,0.284222409389596,0.093732703259453,0.180316241992417,0.0618242750366937,0.119648712395535,-0.0665973433266846,-0.00991618512482056,0.164464116289578,0.34988182288543,-0.0115009321215711,0.111953008286179,0.0735842846426612,0.0849458389354515,-0.0369505107243702,-0.251252442420348,0.245687333371296,0.382407337274016,0.120306198281111,-0.0462080690608889,0.243068925602821,0.0381923865030978
