"","l_Insular.Cortex","r_Insular.Cortex","l_Amygdal.Area","r_Amygdal.Area","l_Bed.Nucleus.of.the.Stria.Terminalis","r_Bed.Nucleus.of.the.Stria.Terminalis","l_Hippocampus","r_Hippocampus","l_Orbitofrontal.cortex","r_Orbitofrontal.cortex","l_Entorhinal.Cortex","r_Entorhinal.Cortex","l_Frontal.Association.Cortex","r_Frontal.Association.Cortex","l_Globus.Pallidus","r_Globus.Pallidus","l_Glomerular.Layer.of.the.Accessory.Olfactory.Bulb","r_Glomerular.Layer.of.the.Accessory.Olfactory.Bulb","l_Glomerular.Layer.of.the.Olfactory.Bulb","r_Glomerular.Layer.of.the.Olfactory.Bulb","l_Granule.Cell.Level.of.the.Cerebellum","r_Granule.Cell.Level.of.the.Cerebellum","l_Hypothalamic.Region","r_Hypothalamic.Region","l_Entorhinal.Cortex","r_Entorhinal.Cortex","l_Vermix.Molecular.Layer.of.the.Cerebellum","r_Vermix.Molecular.Layer.of.the.Cerebellum","l_Lateral.Molecular.Layer.of.the.Cerebellum","r_Lateral.Molecular.Layer.of.the.Cerebellum","l_Anterior.Olfactory.Bulb","r_Anterior.Olfactory.Bulb","l_Posterior.Olfactory.Bulb","r_Posterior.Olfactory.Bulb","l_Subiculum","r_Subiculum","l_Perirhinal.Area","r_Perirhinal.Area","l_PreLimbic.System","r_PreLimbic.System","l_Primary.Cingular.Cortex","r_Primary.Cingular.Cortex","l_Primary.Motor.Cortex","r_Primary.Motor.Cortex","l_Retrosplenial.Cortex","r_Retrosplenial.Cortex","l_Secondary.Cingular.Cortex","r_Secondary.Cingular.Cortex","l_Secondary.Motor.Cortex","r_Secondary.Motor.Cortex","l_Striatum","r_Striatum","l_Ventral.Tegmental.Area","r_Ventral.Tegmental.Area","l_Substantia.Nigra","r_Substantia.Nigra","l_Thalamus","r_Thalamus"
"1",1,0.50506173012062,0.123168706148794,0.06570243407727,-0.083063913014221,-0.0397142065416096,0.0533545013361058,0.168785103259636,0.323353198348267,0.285551499271144,0.378854014881869,0.359933039067677,0.0468208828984068,0.0887978316277895,0.175868625810017,0.128660540823419,0.304905776076695,0.0890027575840352,0.0677400919586066,0.207777224436335,0.00302308650109072,-0.120026685385351,0.0668055400017487,0.0117580959919514,0.131327771427892,0.0823169656300864,0.0929535669172766,0.0704950643272844,0.0697806735064911,-0.00578924420248022,0.137951878057906,0.130830975501695,0.296320261750591,0.192285313561718,0.173744499422223,0.0445768731399258,0.103307962568113,0.119826838394918,0.0479770103836807,0.273243519931782,-0.201716445840117,-0.0663357848220745,-0.0500328375334976,0.0736001981147128,-0.129061881364394,-0.235868936595566,-0.11865672808985,-0.108569509347685,-0.00899762955700833,-0.00370332773060275,0.0680682913898453,0.144582732106566,0.0362245291227491,-0.0511749930972118,-0.139121124430927,-0.116151958138664,-0.0235793048657117,0.0399714244844067
"2",0.505061730120619,1,-0.0545579887122735,0.101885211501889,0.0241628682744954,0.221018366080937,-0.0604278465504366,0.0621686827581703,0.173588177381544,0.382403065273004,0.221702982325054,0.298100999462111,0.0539379355942898,0.00985824271385764,0.091674041047342,0.16119728657265,0.123751971137557,0.123571976318086,0.195653665660748,0.120003243592249,0.00296353669838061,-0.022912484313846,0.167856007629876,0.0691540187950091,0.0954506732850923,0.14570114023464,-0.0322015003300815,0.0252602001202425,0.168176042198485,-0.125685173257917,0.0373432820448884,0.159302808522441,0.0677751076538988,0.0817050403830815,0.0228171795977942,-0.0386648532151896,-0.0299004507743185,0.0132754144955224,0.0284725173855461,0.28300854010457,-0.212289991121836,-0.0443947141615233,0.08697384600272,-0.0981707788303832,-0.0952924923358349,-0.180292184006949,-0.0828793448092046,0.0325551332193158,-0.014770460784667,-0.0129183829976992,0.142461663182427,0.172285045469784,0.101782939146841,0.036196333698294,-0.165274521884493,-0.187903847770769,0.0199000467389019,-0.0838885429422677
"3",0.123168706148794,-0.0545579887122735,1,0.0614072039838243,-0.037174221053795,-0.0487574614493635,0.135409331551193,0.122961196294808,0.050551523510368,0.0417985489370076,0.221031200571515,0.212803438069226,0.178884355645652,0.0567077210063077,0.197656487292845,0.0718328753345517,0.161117415447784,0.0891667941466242,0.195122842377253,0.067526213889317,-0.124557252877851,0.0866847594326959,0.134623989479236,0.0109541931922543,0.362445149869569,0.00403945879049216,-0.0349826291466885,0.0805941353251681,-0.235460956870616,0.0305970942720387,0.0324356249316654,0.0497505036244926,-0.100334063119182,0.211017543610052,0.15368130401698,-0.0211775464404963,0.169959912123315,-0.0583594178846505,0.175599263787224,0.0734031579106559,-0.212626652756219,-0.110074897098422,-0.0588376073688892,0.173341937832046,0.00824568658237848,0.00841288673889854,0.115094496135978,-0.0729026635333297,0.080390926754458,0.0283440207092211,-0.102716855727548,-0.0422524206111401,-0.138622334156533,0.146496430794033,-0.0100722731430459,-0.0163075862488445,-0.0333653915395028,0.0377016594573062
"4",0.06570243407727,0.101885211501889,0.0614072039838243,1,0.0630462461207315,-0.0953481147350935,0.0986001394214534,0.181519137579978,0.0422268363703806,0.00409756680609477,0.110665365142932,0.355685143372607,0.0403365975051492,0.061689331872375,0.0316699671212699,-0.0774889192452019,0.036280380075846,0.104228570885248,0.173863628854881,0.0829751443515445,-0.101615330296893,0.0720349743864656,0.212954273114053,0.196884226785925,0.182367703897905,0.269656475635383,-0.131363126100753,0.00059921433126454,0.132692207760802,0.0755493529220475,0.067172121500644,0.154432933520156,0.235218902382645,-0.0365732924781703,-0.0201351688445991,-0.0267283331438272,-0.0353744438948253,0.137321638861748,-0.174310793000562,0.0083220620208592,-0.107813028367662,0.0504034282442763,0.121947449350351,0.0958850587432679,-0.0646763347885241,-0.0341698150443393,-0.026639365705099,0.114346919582708,0.188693071070464,0.0650767057669857,0.0393367160677811,0.098196652605064,0.0887671859152368,0.0548648971441979,0.0256171515761161,-0.184095723632498,0.0440634314252812,-0.067647355480508
"5",-0.083063913014221,0.0241628682744954,-0.037174221053795,0.0630462461207315,1,0.151823474218376,-0.0651020471559062,0.0821468599222131,-0.0784764265236602,-0.0359874796416813,0.0414881076334689,-0.0294633144067944,0.0353884747988328,-0.0632961415767206,0.0624630729149167,0.202970743632927,-0.0622619047826414,0.0292242550196012,0.135061463731808,0.0285544977714274,-0.0313337864657658,0.127909954966348,0.127473009405355,0.0871489789613669,0.0201969266066911,0.0494470388593634,0.0663273956933113,0.0681758971254874,0.115318163773155,0.0809792974349995,0.111393602164627,0.186421801250646,0.0706108233675962,0.0975127415541812,-0.149879845127642,-0.0388640567349764,-0.0354298856794188,-0.0146708706819201,0.107733754385912,0.10765592981356,0.151212556064118,0.152700872950003,0.163147363485299,-0.177836645648474,-0.0494322936756241,-0.0104169793839524,-0.0236179691664058,0.00530291116854549,0.121964248712867,0.131459020750601,0.189709004520066,0.0493929477513308,-0.0323096129864239,-0.0432078644953772,-0.0638329169596318,-0.096033635789244,0.273492929894901,-0.00380706457774381
"6",-0.0397142065416096,0.221018366080937,-0.0487574614493635,-0.0953481147350935,0.151823474218376,1,-0.052988519392595,0.0339828722573166,-0.101927053554647,0.101226934729523,0.0243340232957264,-0.0624942030888401,0.118609744924052,0.162992853712239,-0.12792760195863,0.150048636470862,-0.227511926137234,0.117340801033049,0.087467346057762,-0.0429458850326483,0.0117876793498422,-0.0124402516972317,0.11643942763558,0.192629059086241,0.00508115641113401,0.204792172256357,-0.0788446341075124,0.0648203404477054,-0.0144312711331742,0.114856896180882,-0.0347607134926034,0.0283113994696771,0.0533561450780753,0.026034964189358,-0.172465561258164,0.0119044706534998,-0.183527160143818,-0.21668516591538,0.0601943992214847,0.168041620081179,0.0934633568503092,-0.00736381011641718,0.0794880722479689,-0.0778464238564401,-0.00546540696301301,0.0453759483058651,0.10837766432582,0.0149706104308844,0.110054735301314,0.0489705411757391,0.254073805444755,0.336739106724756,0.0673211446261172,0.103485737120127,-0.01895666925252,-0.00155768845249076,0.14879902665397,0.195495624636314
"7",0.0533545013361058,-0.0604278465504366,0.135409331551193,0.0986001394214534,-0.0651020471559062,-0.052988519392595,1,0.173250503988148,0.117908614626093,0.0261227022002043,0.169873465127078,0.0989453356825949,0.0787919610944041,0.0206669300549494,0.0438188222986811,-0.0939531633757236,0.0776740442689499,0.0599229530636258,-0.0109077663616885,0.0258358773179856,-0.00250349633685129,0.0923902727059206,0.0558369338741804,-0.111866006521879,-0.00037428287049276,0.123496116817268,0.0709035647774712,0.267787855599992,-0.127973758848558,0.168070781382183,0.0347163992559268,0.175909604921757,0.134176619177044,0.185736336259621,0.248327678998794,0.0675144202675512,0.214616779382252,0.129255178088206,-0.0729636693693048,0.0770831586536602,-0.0644168216492455,0.021692500768955,0.0424229257986878,0.119348390585638,-0.251492659325751,0.0921561975731867,0.101880002247149,0.152206387329692,0.031512175441491,0.0478254083494396,0.0448925841131313,0.0361149456724483,0.139206411722425,0.0257196785509047,-0.0633097297009693,0.0998582425344714,0.0469657772765576,0.00530486340622566
"8",0.168785103259636,0.0621686827581703,0.122961196294808,0.181519137579978,0.0821468599222131,0.0339828722573166,0.173250503988148,1,0.0425036755234626,0.0833344231141267,0.219680328930142,0.148060892430588,0.168319318460615,0.0291027850518015,0.00874272089093179,0.136951542561735,0.251359065577327,-0.0304612252463284,0.155375185291485,0.165561803789045,-0.13065936247118,-0.103821367172785,0.324381736496719,0.264265094854775,0.0633229219613286,0.178909314048548,0.0172017186888914,0.225211488855045,0.109098218470848,0.0927640752104956,0.141935829853294,0.0482142123188703,0.180810592488195,0.0538700686705491,0.027714208968978,0.212226327398833,0.138336455534012,0.113155991119517,-0.0855943049142787,0.220876999578549,-0.160218804307915,0.0632409828857772,0.0486403761478068,0.019214677522645,-0.197712865871065,-0.0500965831489246,-0.057417424038807,0.10457444496088,0.205451860247939,0.0493096563150502,0.109604071177623,-0.00659407011089468,0.187480900757207,0.0124362323238695,-0.105208755268114,-0.00891846342607682,0.0829732311489528,0.159069696707294
"9",0.323353198348267,0.173588177381544,0.050551523510368,0.0422268363703806,-0.0784764265236602,-0.101927053554647,0.117908614626093,0.0425036755234626,1,0.434856070798096,0.128021442022045,0.0965252248893182,-0.0379452772958348,0.0808865256133634,0.0781809700432646,-0.0741997684224556,0.189940748806591,0.0901044837074088,0.0237507015403274,0.0990945392853278,-0.0223145075554993,-0.0404120154949337,-0.0304593945755792,0.0868479869000293,-0.00477845364859227,0.00937979843084536,0.117457677323214,-0.0609764900107953,-0.0816119358489273,0.0228373839378527,-0.0224803731575194,0.095423525749441,0.0962911610042805,0.154124925302456,0.230456884535719,-0.0574372395614462,0.0450400341394235,-0.0669935271545744,-0.0420596506944735,-0.0631173647841284,-0.0779565081600729,-0.21762572762356,0.291040577797779,0.155179504532357,-0.03272356859439,-0.069115755191373,-0.274366307250018,-0.281987248535398,0.175366184702191,0.00591162438591421,0.216312969308596,0.203026562821461,0.0327546387540246,-0.186615354607561,-0.111351590148128,0.135345467093258,-0.108483927480985,-0.0182339982293772
"10",0.285551499271143,0.382403065273004,0.0417985489370076,0.00409756680609477,-0.0359874796416813,0.101226934729523,0.0261227022002043,0.0833344231141268,0.434856070798096,1,0.200465549149558,0.211652936335866,-0.0661975860182393,0.132205514896062,0.060799047607691,-0.0269213163173555,0.145049173871766,0.201881757696091,-0.0632869313821643,0.245315339490604,0.011015402167704,-0.0840378816228467,-0.012291517246186,0.0504067573970994,0.038268673085301,0.287201555154836,0.0828281192844785,0.105033390749919,0.0421362131475293,-0.131738769347054,0.00957372846539146,0.136019569639056,0.0946083798786128,0.207280929595694,0.0324161354015843,-0.0597277794475978,0.0516089300917516,-0.096178879474012,-0.0261469396106917,0.168798870685805,-0.238309988582514,-0.179419041841451,-0.00519909821491235,0.306697834661599,-0.0910977943423069,-0.0916139918803797,-0.200783309612985,-0.102114020511445,0.0747563959063377,0.127868830941254,0.0840066700057743,0.117746293593666,-0.0475296146130091,-0.0180584093614022,-0.101610007336136,-0.0292718982684034,-0.166759093275008,-0.108116441763545
"11",0.378854014881869,0.221702982325054,0.221031200571515,0.110665365142932,0.0414881076334689,0.0243340232957264,0.169873465127078,0.219680328930142,0.128021442022045,0.200465549149558,1,0.385769277680794,0.176933604458852,0.153995156794996,0.169465553786832,0.128035313608282,0.0900763707638712,0.237789935268108,0.10564616901414,0.256224648087911,-0.193059709499114,0.028411161583782,0.135429415935044,0.124663079352382,-0.0160962884656651,0.202710239558743,0.0310074679755152,0.120919412924045,-0.0394574335713737,0.081268399166144,-0.0351320839503662,0.12618011001271,0.266360543276219,0.323545087127494,0.225742859596026,-0.0945371439646462,0.108669835043406,0.106542673735009,0.0422769886263684,0.273956290542975,-0.139930943118256,-0.0840073233973979,-0.0775968854757073,-0.0206128128161502,0.00958308842230705,-0.220282179748441,-0.0764945080106255,-0.045458567807997,-0.134501802511518,0.0698989459384009,0.0572164106542816,0.0311515146774339,-0.120992366882424,0.0388053571219879,-0.00969498340931657,-0.219833560174167,-0.0544033241979993,0.0759349108807888
"12",0.359933039067677,0.298100999462111,0.212803438069226,0.355685143372607,-0.0294633144067944,-0.0624942030888401,0.0989453356825949,0.148060892430588,0.0965252248893182,0.211652936335866,0.385769277680794,1,0.0389709505325351,0.133784545413376,0.154605716115183,0.176278379636876,0.280036868941679,0.261320917419518,0.173699310210094,0.167608027162636,0.080962183424272,0.0864547164901084,0.0777529977773868,0.153598037940676,0.173381716578286,0.175398480130955,0.0610758190786296,0.0707173234604445,0.26667048536747,0.0886167465581308,0.0127112122918811,0.286733793655436,0.183145926995196,0.199269966820898,0.063348974905993,0.0311805685230048,-0.00337753644969312,0.144196555017742,0.0882765043588528,0.235119746156912,-0.100123503975299,-0.046056299654756,0.123844551714977,0.194779719921373,-0.107233777945885,-0.0189903799196143,0.00349766822023817,0.103118789786053,0.0921190335775896,0.130213157925966,0.100138479591538,0.132662958681351,0.187480018231892,0.117005542433683,-0.00228963231222772,-0.0746457275736764,-0.142790954834337,0.00884524580051897
"13",0.0468208828984068,0.0539379355942898,0.178884355645652,0.0403365975051492,0.0353884747988328,0.118609744924052,0.0787919610944041,0.168319318460615,-0.0379452772958348,-0.0661975860182393,0.176933604458852,0.0389709505325351,1,0.275943473221418,0.171678078279632,0.0777053323557155,0.313662949434341,0.297021415922188,0.244532235090488,0.0180444624961557,-0.149997411679311,-0.0126053179689002,0.159644995214599,0.0438494321228243,0.0674426125134375,0.108053022533418,-0.0739626176643737,0.043547094494829,-0.168823009838655,0.121165067134075,0.188965808123407,0.0232814476193369,0.0589030263750956,0.229768012238882,0.0397511374595003,-0.15852013500129,0.0228592353882081,-0.189536686496608,0.163797098396681,0.0848524247875179,-0.0208817120200438,0.145643884704461,-0.230189624640812,-0.0414487076250249,-0.00586493639037552,0.148930376291318,0.0266972487873591,-0.00144357203577785,0.295441073485902,0.275696932690689,-0.0154236981742135,0.104511554149315,-0.16759237491473,0.161702774415338,-0.154452526579681,0.0382589719164877,0.0124980668673864,0.0896559596444932
"14",0.0887978316277895,0.00985824271385764,0.0567077210063077,0.061689331872375,-0.0632961415767206,0.162992853712239,0.0206669300549494,0.0291027850518015,0.0808865256133634,0.132205514896062,0.153995156794996,0.133784545413376,0.275943473221418,1,0.00229540284615213,0.127224718036084,0.111162755318086,0.583415422867721,0.157252774066134,0.0819240513136309,-0.0340601006966931,0.0377887786914631,-0.0648168720553784,0.0350034267244613,-0.127486644504188,0.289306153661089,-0.0837747058140746,-0.111826611001734,-0.0142972382576418,0.0173683357328783,0.114914219515914,0.131003489063062,0.257336391307661,0.18727630483397,-0.0518185233192208,-0.226499773739153,-0.223146860007151,-0.0712203979600057,0.0971613538671451,0.133963670721535,-0.0822996861240256,0.0206651670279454,-0.127912970529139,0.00566025859620181,-0.0121330054029004,-0.0010569434199741,-0.0655509713315712,-0.175768908867056,0.154658378569502,0.630780789442172,-0.0948283768830025,0.0187073594144084,-0.134053936205638,-0.0291827630900507,-0.0149391864396087,0.239168848305154,-0.00497231108628602,0.100533769287265
"15",0.175868625810017,0.091674041047342,0.197656487292845,0.0316699671212699,0.0624630729149167,-0.12792760195863,0.0438188222986811,0.00874272089093179,0.0781809700432646,0.060799047607691,0.169465553786832,0.154605716115183,0.171678078279632,0.00229540284615213,1,0.0920258318740945,0.180258382572674,0.0752215516108482,0.012142946515289,-0.160545890493431,-0.0542679523379225,0.0828470540841184,0.21448648635375,-0.0250676766943397,0.237820497584583,0.229310536553787,0.0766004416066175,-0.0321044230111738,0.046034584458426,0.10201537008851,0.164545565845674,-0.122612773165053,0.119494769893782,0.0626140822115811,0.155777529027717,0.168691624451238,0.14186909498878,0.167744873338991,0.225527881907019,0.143022364593345,0.0510253692140531,0.0830111963604384,-0.0664014902774602,-0.00347765426205835,0.0558608841587988,-0.00912686595250794,0.024522675292373,0.13029567012213,0.0901990964048068,0.0466217884024055,0.139949817867549,0.0335131153046473,0.179249066117775,0.12542351160863,-0.206021342524637,-0.0882786053262556,0.0322118139111111,0.142960110561671
"16",0.128660540823419,0.16119728657265,0.0718328753345517,-0.0774889192452019,0.202970743632927,0.150048636470862,-0.0939531633757236,0.136951542561736,-0.0741997684224556,-0.0269213163173555,0.128035313608282,0.176278379636876,0.0777053323557155,0.127224718036084,0.0920258318740944,1,0.0193932131935493,0.252690294796154,0.186923336918519,-0.0686112132519116,-0.131934007827513,-0.0759731382444219,0.0723472076205661,0.157586477774982,-0.0638742928457842,0.178316440696457,0.0574319116935213,-0.0107814911892614,0.138551085234328,-0.077071180471483,-0.00101229044736983,0.0765222499193536,0.0153134775058785,0.0725939987627222,-0.0839935731837928,0.16581291462439,-0.109183534668637,0.106369082404174,0.0394072419814448,0.0692421985873777,-0.0647550407381915,-0.0488061887656771,0.112723742703347,-0.115922160053036,-0.109545046634902,-0.113548781662066,-0.152814498060539,-0.0994210956435819,-0.0424308925365849,0.161395159390738,-0.0525998526234768,-0.117677638681388,-0.0242151551288701,-0.0388678804136749,-0.010338294239392,0.140883960867872,-0.0328691631846992,-0.0229305704903473
"17",0.304905776076695,0.123751971137557,0.161117415447784,0.036280380075846,-0.0622619047826414,-0.227511926137234,0.0776740442689499,0.251359065577327,0.189940748806591,0.145049173871766,0.0900763707638712,0.280036868941679,0.313662949434341,0.111162755318086,0.180258382572674,0.0193932131935492,1,0.108784052303168,-0.00820616677239328,-0.0513653102499082,0.0270115854194962,0.188176828100773,-0.0720795886935381,-0.188823568819418,0.109312307706929,-0.0952937259542687,0.161255417275339,0.0626832985649459,0.020557324819045,0.0270808648766739,0.14037100400463,-0.0880743529983776,0.0234296306719113,0.119731736988356,0.0499528524580398,-0.00330665722412885,0.136348994409764,0.00909941482732763,0.102721020059007,0.158713551337216,-0.167616601837464,0.0136028097714209,-0.106405541541824,0.0659616454697017,-0.0772958724354823,-0.0383485320096239,-0.147045187373331,0.0256679382198304,0.150023665577061,0.129959837185548,0.0901755463128491,-0.0166092092659207,0.03642802627624,0.0527571873240851,-0.0762869681748542,-0.0703203803732622,-0.340815397730383,0.127133600526676
"18",0.0890027575840352,0.123571976318086,0.0891667941466242,0.104228570885248,0.0292242550196012,0.117340801033049,0.0599229530636258,-0.0304612252463284,0.0901044837074088,0.201881757696091,0.237789935268108,0.261320917419518,0.297021415922188,0.583415422867721,0.0752215516108482,0.252690294796154,0.108784052303168,1,0.258499546242573,0.0699754224510199,1.60317131597439e-05,0.0578135239125546,0.0372028673330458,0.0375866928504228,-0.00080257011558561,0.301153603366358,-0.00081953216838901,-0.0658427598893386,-0.0144933026011873,0.05008185433753,0.16815594790175,0.229170933584249,0.232109473783221,0.29603793614324,0.111913512179045,-0.0463703542765486,-0.071573288636073,-0.0351732541059058,0.175732439460439,0.172355159153968,-0.113333754210662,0.0460698222244847,-0.0142626819721652,-0.0208149812770043,-0.105894558547013,0.00205238905575299,-0.20170515578462,-0.165029474566963,0.207423789237769,0.584189518428565,-0.0574674104525122,0.0745664868383882,-0.0508549161515452,0.143732371441131,-0.107712511738207,0.159140809371679,-0.12409355837939,-0.0179468346656215
"19",0.0677400919586066,0.195653665660748,0.195122842377253,0.173863628854881,0.135061463731808,0.087467346057762,-0.0109077663616885,0.155375185291485,0.0237507015403274,-0.0632869313821643,0.10564616901414,0.173699310210094,0.244532235090488,0.157252774066134,0.012142946515289,0.186923336918519,-0.00820616677239328,0.258499546242573,1,0.187394382218939,-0.201320598977163,-0.00195330415835221,0.284995506399512,0.245231002573644,-0.16839262083569,0.0396668442012518,0.0418231659656769,0.0215332118848136,0.069293963604467,0.280893557681499,0.37524676453718,0.225114565968181,0.0644791822568648,0.134875672992161,0.0196309031026123,-0.138982992861602,-0.00904263433713404,0.018853232189764,0.160971731349033,0.15726041507144,-0.0124707236941914,0.144095605843116,0.197544782114778,-0.034748110149681,0.00668950057499019,-0.106703156079911,-0.0476762873326851,-0.0183539956357262,0.229958260369198,0.32893161424331,-0.0129188464878933,0.0165087969877196,0.184767429333698,0.156169567562053,0.0249816828421662,-0.196899307254342,0.328126165368638,-0.019524737873383
"20",0.207777224436335,0.120003243592249,0.067526213889317,0.0829751443515445,0.0285544977714274,-0.0429458850326483,0.0258358773179856,0.165561803789045,0.0990945392853278,0.245315339490604,0.256224648087911,0.167608027162636,0.0180444624961557,0.0819240513136309,-0.160545890493431,-0.0686112132519116,-0.0513653102499082,0.0699754224510199,0.187394382218939,1,0.0185772992113796,0.0550513565761607,0.0995751094227114,0.253963261556406,-0.0425056612614026,0.0644014580487222,-0.0158395788361457,0.108152607235723,-0.115217490037506,0.0990556440350465,0.0174745335622329,0.306260893172826,0.226811001096998,0.127679162950644,0.078732954290688,0.00131822646769152,0.0226956728174939,-0.0250554349319969,0.0696639071379607,0.14890490347553,-0.129229634601176,-0.148671736705533,-0.00140163047801732,0.0750074659699966,-0.00173149462683033,-0.197102546036705,-0.0869601611631487,-0.0394141741149718,0.0940624303744433,0.0962041695735118,0.0377998577095353,0.0938289627924197,0.0598334279445253,0.0549049955193333,-0.0257826801929155,-0.0809934027013026,0.125754946663903,-0.11555403025354
"21",0.00302308650109072,0.00296353669838061,-0.124557252877851,-0.101615330296893,-0.0313337864657658,0.0117876793498422,-0.00250349633685129,-0.13065936247118,-0.0223145075554993,0.011015402167704,-0.193059709499114,0.080962183424272,-0.149997411679311,-0.0340601006966931,-0.0542679523379225,-0.131934007827513,0.0270115854194962,1.60317131597439e-05,-0.201320598977163,0.0185772992113796,1,0.0439382978430157,-0.126555291384815,0.0185725159651663,0.0707582627841849,0.0529934481002371,0.0358352068180005,0.288400460673706,0.00773545227298546,0.16117413593921,0.0431339171412148,0.181303121390595,-0.112004158338872,-0.187136874771168,-0.0164292767334179,0.0148537171425117,0.142543909383681,-0.0893947510752094,-0.0497229546445953,0.040235426638595,0.258516480522828,0.119582924630289,0.100032631383929,0.0374538050913579,0.0118103118699539,0.0581490342137077,0.0464557149968653,0.0263142325514822,0.0532706351348987,0.0778679769683166,-0.059427286884809,0.168439696208483,0.271439000577385,0.12291322910452,0.0176053547794193,0.152618558715586,-0.00271752116280834,0.00383102973004115
"22",-0.120026685385351,-0.0229124843138459,0.0866847594326959,0.0720349743864656,0.127909954966348,-0.0124402516972317,0.0923902727059206,-0.103821367172785,-0.0404120154949337,-0.0840378816228467,0.028411161583782,0.0864547164901084,-0.0126053179689002,0.0377887786914631,0.0828470540841184,-0.0759731382444219,0.188176828100773,0.0578135239125546,-0.00195330415835221,0.0550513565761607,0.0439382978430157,1,-0.0367175819394841,-0.0156795469457518,-0.178550139855928,-0.00768236476640285,-0.0134900027516219,0.121617056005329,-0.0507814596510678,0.256961391555685,-0.0127030982447809,0.00236325054787717,-0.116831805507886,-0.161165555667413,-0.089122312623058,-0.0633852959893341,-0.0289644464738389,0.0433427667969417,0.182654989452844,0.103480889311775,0.160339948586541,0.0392729094703404,0.127329726040411,-0.0141959580780065,0.0745259924253472,0.0118356407486005,0.132544728550476,0.0924038368919975,0.135519252035257,0.103882118698865,0.0753144439540876,0.105012620884082,0.186366222862231,-0.0813398614403909,-0.108191034400087,-0.138663106452362,-0.0893450978159861,-0.0682386464038892
"23",0.0668055400017487,0.167856007629876,0.134623989479236,0.212954273114053,0.127473009405355,0.11643942763558,0.0558369338741804,0.324381736496719,-0.0304593945755792,-0.012291517246186,0.135429415935044,0.0777529977773868,0.159644995214599,-0.0648168720553784,0.21448648635375,0.072347207620566,-0.0720795886935381,0.0372028673330458,0.284995506399512,0.0995751094227114,-0.126555291384815,-0.0367175819394841,1,0.319163127147381,0.107142113643117,0.123309844863345,-0.0296673484192877,0.0141909822241982,-0.0579895920602987,0.227903618422727,0.124988762070425,0.103173407403274,0.0561409287172856,0.0731738079229502,0.217954985013252,-0.0242742367614225,0.108321863870152,-0.12500985734246,0.0136479062759723,0.00665555799328913,-0.0443132410178448,0.152133301733888,0.182881191421557,0.050595466096057,-0.0576772784613354,0.0510278751593406,-0.100746052791801,-0.0220026885226838,0.200098722307192,0.0839123759097934,0.0332597915276142,0.0176888926172087,0.238632242380132,0.114211358220638,-0.0522523178784054,-0.038414031729369,0.385702218227856,0.224585044956962
"24",0.0117580959919514,0.0691540187950091,0.0109541931922543,0.196884226785925,0.0871489789613668,0.192629059086241,-0.111866006521879,0.264265094854775,0.0868479869000293,0.0504067573970994,0.124663079352382,0.153598037940676,0.0438494321228243,0.0350034267244613,-0.0250676766943397,0.157586477774982,-0.188823568819418,0.0375866928504228,0.245231002573644,0.253963261556406,0.0185725159651663,-0.0156795469457518,0.319163127147381,1,0.01953717813392,0.272977765024345,0.0560025694872426,0.275918592571671,0.052398212599212,0.186684050837843,0.153820182226287,0.122943972578128,0.128233897063612,0.104296189513821,-0.0601608895482268,0.0881167390709402,-0.128014706214442,0.00218065208810934,0.130386545827226,0.19575312522424,0.0705399101504666,0.0356487513123959,0.195943078001638,-0.14395241174368,-0.0751103536846694,0.0708827681493733,0.00126504842803588,0.149168947509946,0.263945472330849,-0.0180888792088212,0.149726681134631,0.0590442497388254,0.210499782749225,0.0327636683008834,0.118282316503119,0.202143810056103,0.342718344009146,0.111207289411989
"25",0.131327771427892,0.0954506732850923,0.362445149869569,0.182367703897905,0.0201969266066911,0.00508115641113401,-0.00037428287049276,0.0633229219613286,-0.00477845364859227,0.038268673085301,-0.0160962884656651,0.173381716578286,0.0674426125134375,-0.127486644504188,0.237820497584583,-0.0638742928457842,0.109312307706929,-0.00080257011558561,-0.16839262083569,-0.0425056612614026,0.0707582627841848,-0.178550139855928,0.107142113643117,0.01953717813392,1,0.117940381823681,0.0515940133115839,0.0924537887140292,0.0758115685897092,-0.144498668984734,0.0176748269178842,-0.0691279260014307,0.00068823663893298,0.0821787071919386,0.0964197513608035,0.20218932716396,0.168417290870665,0.190482704366897,-0.0199266522064631,0.0612053038514788,-0.193103321345562,-0.063849419230169,0.0849974937848605,0.020121092422092,-0.123680423851303,0.0645569005548236,0.121682512397772,0.0299210279714876,0.0516016688070468,-0.22331139812577,-0.0318155507174165,0.0643208039557311,-0.0820409052275404,0.132652840057418,-0.0120879867767448,0.0388869417476685,-0.0018244421165496,0.0374041558227553
"26",0.0823169656300864,0.14570114023464,0.00403945879049216,0.269656475635383,0.0494470388593634,0.204792172256357,0.123496116817268,0.178909314048548,0.00937979843084536,0.287201555154836,0.202710239558743,0.175398480130956,0.108053022533418,0.289306153661089,0.229310536553787,0.178316440696457,-0.0952937259542687,0.301153603366358,0.0396668442012518,0.0644014580487222,0.0529934481002371,-0.00768236476640285,0.123309844863345,0.272977765024345,0.117940381823681,1,-0.0609602240220334,0.211071229833118,0.189727939470482,0.0136277813563264,0.193293738008839,0.190526688657204,0.144040489713165,0.139924649182897,0.111650918983864,0.132557290206874,0.187608032095486,0.20763118431317,0.0149367427171865,0.290272507517305,-0.0306227479999581,0.0198567361314632,-0.0463448464298611,-0.0416265220871855,-0.0258366519776849,0.0591893349426844,-0.0410398252880494,0.0922514668372456,0.138666780178243,0.246014197601472,-0.120510694407004,0.157809662778995,0.0756433131074256,-0.0158855112473646,-0.0566952808682894,0.0665672283932959,0.0324883649115186,-0.029023730959157
"27",0.0929535669172766,-0.0322015003300815,-0.0349826291466885,-0.131363126100753,0.0663273956933113,-0.0788446341075124,0.0709035647774712,0.0172017186888914,0.117457677323214,0.0828281192844785,0.0310074679755152,0.0610758190786296,-0.0739626176643737,-0.0837747058140746,0.0766004416066175,0.0574319116935213,0.161255417275339,-0.00081953216838901,0.0418231659656769,-0.0158395788361457,0.0358352068180005,-0.0134900027516219,-0.0296673484192877,0.0560025694872426,0.0515940133115839,-0.0609602240220334,1,0.264697650639235,0.115919343729766,0.00598256018374645,0.12005235336976,0.0695999170440563,0.0449578745909918,-0.0475482605387999,0.112071760499959,0.183547445999094,-0.0627293284769101,0.222269233431676,0.0381922306425724,0.0890457253454021,-0.0475965303022227,0.183288815073298,0.0998978158010702,0.0542902064022802,-0.0571544378805154,-0.0160491572011816,-0.0318575325666848,0.0844575539713712,-0.027797384219442,-0.0651610850833261,-0.0477757230980793,0.0618300327401908,0.141221129903234,-0.07586578944456,-0.00668620197004317,0.11787327948609,-0.113506020814998,0.0609535708120746
"28",0.0704950643272843,0.0252602001202425,0.0805941353251681,0.00059921433126454,0.0681758971254874,0.0648203404477054,0.267787855599992,0.225211488855045,-0.0609764900107953,0.105033390749919,0.120919412924045,0.0707173234604445,0.043547094494829,-0.111826611001734,-0.0321044230111738,-0.0107814911892614,0.0626832985649459,-0.0658427598893386,0.0215332118848136,0.108152607235723,0.288400460673706,0.121617056005329,0.0141909822241982,0.275918592571671,0.0924537887140292,0.211071229833118,0.264697650639235,1,0.103243462843709,0.16288681098249,0.0907304406207421,0.107714462385806,-0.0832802538947301,0.0703569669493581,0.0185206727139352,0.175666433206741,0.130776591745815,0.0663461211180639,-0.0851987642017076,0.150977930157124,0.168285045749478,0.251002887079095,0.0280613009994646,0.0727685413104997,0.0171371113948104,0.156218964636447,0.143512659736543,0.271690391893099,0.0940167603966447,-0.0542462171855065,-0.110358076123831,0.131944840147813,0.280582723438476,0.0276430995015175,-0.0697921174390551,-0.0314043651870521,0.197960516369446,-0.0589024866565623
"29",0.0697806735064911,0.168176042198485,-0.235460956870616,0.132692207760802,0.115318163773155,-0.0144312711331742,-0.127973758848558,0.109098218470848,-0.0816119358489273,0.0421362131475293,-0.0394574335713737,0.26667048536747,-0.168823009838655,-0.0142972382576418,0.046034584458426,0.138551085234328,0.020557324819045,-0.0144933026011873,0.069293963604467,-0.115217490037506,0.00773545227298546,-0.0507814596510678,-0.0579895920602987,0.052398212599212,0.0758115685897092,0.189727939470482,0.115919343729766,0.103243462843709,1,0.0854568193040663,0.0907586616375713,0.00909688641717689,0.0329525796331726,0.0894300547670484,-0.221949507316624,0.244370722130334,0.0165983294130337,0.128734573139891,-0.0572017905502761,0.162166151299699,0.0526647425864423,0.0700295983888158,0.113614985259867,-0.0640654522029446,-0.198641144580002,-0.0708537601356129,0.111055253860543,0.23465849754907,0.173901922911958,-0.0282925433823944,-0.00620511459239138,0.0105441243880114,0.211368920098792,-0.0576032605682898,0.0506955693267446,-0.0540652431058341,0.0391639133186697,-0.0119069871774769
"30",-0.00578924420248022,-0.125685173257917,0.0305970942720387,0.0755493529220475,0.0809792974349995,0.114856896180882,0.168070781382183,0.0927640752104956,0.0228373839378527,-0.131738769347054,0.081268399166144,0.0886167465581308,0.121165067134075,0.0173683357328783,0.10201537008851,-0.077071180471483,0.0270808648766739,0.05008185433753,0.280893557681499,0.0990556440350465,0.16117413593921,0.256961391555685,0.227903618422727,0.186684050837843,-0.144498668984734,0.0136277813563264,0.00598256018374645,0.16288681098249,0.0854568193040663,1,0.282000281892452,0.0491116206656927,0.0570661978547331,0.0317009717179118,0.00106381794000694,-0.00836110489019989,0.156063648124508,-0.0370912869061193,0.0794657660109185,0.00320137222577198,0.268789452140713,0.20076974600673,0.189098946880583,0.0289218227334956,0.068389334662991,-0.140296719610884,0.08430746319935,0.0404448279629714,0.318964784159141,0.122363201226242,0.0849983906368622,0.119862567734208,0.319637717363233,0.245237149050807,0.0640175770988022,-0.104662014813092,0.230282763966842,0.186108121161234
"31",0.137951878057906,0.0373432820448884,0.0324356249316654,0.067172121500644,0.111393602164627,-0.0347607134926034,0.0347163992559268,0.141935829853294,-0.0224803731575194,0.00957372846539145,-0.0351320839503662,0.0127112122918811,0.188965808123407,0.114914219515914,0.164545565845674,-0.00101229044736983,0.14037100400463,0.16815594790175,0.37524676453718,0.0174745335622329,0.0431339171412148,-0.0127030982447809,0.124988762070425,0.153820182226287,0.0176748269178842,0.193293738008839,0.12005235336976,0.0907304406207421,0.0907586616375713,0.282000281892452,1,0.242151834612196,0.188261895528526,0.136700502162848,0.0254798993385982,-0.0465338422120453,0.152085711737558,0.13473990841801,0.241110399971329,0.266325034741665,0.0264694964113816,0.297803569366063,-0.0517515896919155,-0.00128488434930461,0.185694480707201,-0.0100849632052855,-0.0407355204740379,0.0531820256393496,0.299290087584309,0.197403497404526,-0.0513571666423305,0.0843172707589976,0.162826664932612,0.194109195341638,-0.0646563866508346,-0.0686673890461858,0.228543877384009,0.137670998602776
"32",0.130830975501695,0.159302808522441,0.0497505036244926,0.154432933520156,0.186421801250646,0.0283113994696771,0.175909604921757,0.0482142123188703,0.095423525749441,0.136019569639056,0.12618011001271,0.286733793655436,0.0232814476193369,0.131003489063062,-0.122612773165053,0.0765222499193536,-0.0880743529983776,0.229170933584249,0.225114565968181,0.306260893172826,0.181303121390595,0.00236325054787717,0.103173407403274,0.122943972578128,-0.0691279260014307,0.190526688657204,0.0695999170440563,0.107714462385806,0.00909688641717689,0.0491116206656927,0.242151834612196,1,0.0591578581903711,0.0206713102845023,-0.00335031097830085,-0.148550095115116,-0.0766281324608251,0.0341359435762258,-0.0310487869634788,0.0978896972535787,-0.0607644437467094,0.0834962205561264,0.0616965234703695,0.0666814800540541,-0.0443972274559789,0.0283827046595132,-0.097075728843687,-0.137252111639076,0.173174327162916,0.19881762342678,-0.0309091477850447,0.158181996035249,0.0525235715995329,0.0699344712885386,-0.150261991240779,0.0316251451242385,0.0928058606653302,0.0228348900997522
"33",0.296320261750591,0.0677751076538988,-0.100334063119182,0.235218902382645,0.0706108233675962,0.0533561450780753,0.134176619177044,0.180810592488195,0.0962911610042805,0.0946083798786128,0.266360543276219,0.183145926995196,0.0589030263750956,0.257336391307661,0.119494769893782,0.0153134775058785,0.0234296306719113,0.232109473783221,0.0644791822568648,0.226811001096998,-0.112004158338872,-0.116831805507886,0.0561409287172856,0.128233897063612,0.00068823663893298,0.144040489713165,0.0449578745909918,-0.0832802538947301,0.0329525796331726,0.0570661978547331,0.188261895528526,0.0591578581903711,1,0.277643909710012,0.197265332814286,0.143423843368621,0.100968569538618,0.189153868669904,0.198129648848923,0.367819294995767,-0.158793935476663,0.0396200904118149,-0.135578183225664,-0.0514114949589214,-0.268877498742612,-0.189625723984943,-0.0619030757614795,0.118431096481517,0.104978696720976,0.141504336835761,0.152900564210442,0.0458393191667383,0.105414886179785,0.0588786355983128,-0.0654042939348952,0.0499692392586871,0.110112827583065,0.0321457351503021
"34",0.192285313561718,0.0817050403830815,0.211017543610052,-0.0365732924781703,0.0975127415541812,0.026034964189358,0.185736336259621,0.0538700686705491,0.154124925302456,0.207280929595694,0.323545087127494,0.199269966820898,0.229768012238882,0.18727630483397,0.0626140822115811,0.0725939987627222,0.119731736988356,0.29603793614324,0.134875672992161,0.127679162950644,-0.187136874771168,-0.161165555667413,0.0731738079229502,0.104296189513821,0.0821787071919385,0.139924649182897,-0.0475482605387999,0.0703569669493581,0.0894300547670484,0.0317009717179118,0.136700502162848,0.0206713102845023,0.277643909710012,1,0.131581291513936,0.0734059670772105,0.0617160949351012,-0.01191484014957,0.259262396795606,0.307084504926893,-0.18617550749395,-0.326307191217343,-0.172312115592642,0.0574131529994145,-0.190259107310855,0.00376872611754548,-0.113699879066014,-0.111287052859434,0.140904166732246,0.00512370042654355,-0.0944193139607884,-0.0872407871573296,-0.119692841892745,0.214310308373442,-0.1019048935017,0.182168029171487,0.0831108883908745,0.0456937670572153
"35",0.173744499422223,0.0228171795977942,0.153681304016981,-0.0201351688445991,-0.149879845127642,-0.172465561258164,0.248327678998794,0.027714208968978,0.230456884535719,0.0324161354015843,0.225742859596026,0.063348974905993,0.0397511374595003,-0.0518185233192208,0.155777529027717,-0.0839935731837928,0.0499528524580398,0.111913512179045,0.0196309031026123,0.078732954290688,-0.0164292767334179,-0.089122312623058,0.217954985013252,-0.0601608895482268,0.0964197513608035,0.111650918983864,0.112071760499959,0.0185206727139352,-0.221949507316624,0.00106381794000694,0.0254798993385982,-0.00335031097830085,0.197265332814286,0.131581291513936,1,-0.136438132274674,0.344591466095184,0.086205546937358,0.0171784752399586,-0.0226157743479954,-0.0727066119356422,0.0228462640951451,-0.0549264217111562,0.0046825056685434,0.0267559679204137,0.0104057166031774,-0.0767223644724156,-0.153516492883033,0.0260115404037623,0.0686901381264076,0.0502619817406539,0.0758753019678574,-0.0783886187059669,-0.0162195620014958,0.0689674778242703,-0.0509580919886025,0.0823934688320283,-0.0807089968870561
