"","l_Insular.Cortex","r_Insular.Cortex","l_Amygdal.Area","r_Amygdal.Area","l_Bed.Nucleus.of.the.Stria.Terminalis","r_Bed.Nucleus.of.the.Stria.Terminalis","l_Hippocampus","r_Hippocampus","l_Orbitofrontal.cortex","r_Orbitofrontal.cortex","l_Entorhinal.Cortex","r_Entorhinal.Cortex","l_Frontal.Association.Cortex","r_Frontal.Association.Cortex","l_Globus.Pallidus","r_Globus.Pallidus","l_Glomerular.Layer.of.the.Accessory.Olfactory.Bulb","r_Glomerular.Layer.of.the.Accessory.Olfactory.Bulb","l_Glomerular.Layer.of.the.Olfactory.Bulb","r_Glomerular.Layer.of.the.Olfactory.Bulb","l_Granule.Cell.Level.of.the.Cerebellum","r_Granule.Cell.Level.of.the.Cerebellum","l_Hypothalamic.Region","r_Hypothalamic.Region","l_Entorhinal.Cortex","r_Entorhinal.Cortex","l_Vermix.Molecular.Layer.of.the.Cerebellum","r_Vermix.Molecular.Layer.of.the.Cerebellum","l_Lateral.Molecular.Layer.of.the.Cerebellum","r_Lateral.Molecular.Layer.of.the.Cerebellum","l_Anterior.Olfactory.Bulb","r_Anterior.Olfactory.Bulb","l_Posterior.Olfactory.Bulb","r_Posterior.Olfactory.Bulb","l_Subiculum","r_Subiculum","l_Perirhinal.Area","r_Perirhinal.Area","l_PreLimbic.System","r_PreLimbic.System","l_Primary.Cingular.Cortex","r_Primary.Cingular.Cortex","l_Primary.Motor.Cortex","r_Primary.Motor.Cortex","l_Retrosplenial.Cortex","r_Retrosplenial.Cortex","l_Secondary.Cingular.Cortex","r_Secondary.Cingular.Cortex","l_Secondary.Motor.Cortex","r_Secondary.Motor.Cortex","l_Striatum","r_Striatum","l_Ventral.Tegmental.Area","r_Ventral.Tegmental.Area","l_Substantia.Nigra","r_Substantia.Nigra","l_Thalamus","r_Thalamus"
"1",1,0.303622866736194,0.04993143058972,0.0126867448345697,0.0322050854866843,0.0913370981771529,0.0136118374948071,-0.247773827968167,0.374306626316144,0.368631859114657,0.361225361722795,0.0149894629898354,-0.175687011764607,0.069086905878494,0.0557942461272676,-0.135877605581261,0.0348696225393877,-0.0580282375184922,0.297583954608568,-0.00413643303033995,0.209384965912324,0.0672007634604848,-0.0381736136995686,-0.101230891166864,0.00730861059134897,-0.194360225025774,0.0569062448074679,0.101541364670335,0.0489334236863341,0.0766507160831931,0.251255190117576,0.272906425862301,0.469646137657631,0.235704836893735,0.0875678256314751,-0.143452212146868,0.0161060529752922,-0.0500293714378042,0.0874903079476228,0.332746534240045,-0.330174056730091,-0.230873920735719,0.0287873461523149,0.0152643842627833,-0.278368092123331,-0.362232419931128,-0.109419523953409,-0.0668700966220071,-0.168137485820707,-0.0134851337237761,0.0329230012968962,-0.0326254240867808,0.0866157291155513,0.152750262222296,0.00794033607555726,0.0249355840600625,-0.00305228482391372,-0.00149465543281864
"2",0.303622866736195,1,0.0742582382238629,0.0683251350927756,-0.0177607081832224,-0.226098095689332,0.182831648078619,-0.153306849126703,0.242973748392206,0.423570544469715,0.253967246230234,0.102228854205826,-0.0582774624940172,0.0656980819330702,0.0860954873866445,0.0165064839648983,-0.0174304758069398,-0.0868092331254934,0.0148334490462305,0.0844209001906794,0.0523508716810502,0.223975654091478,0.0718423106205934,0.0336099889850816,0.0111942652734416,-0.0979744704488428,0.0189469225363735,-0.102245683795609,0.00118684830963449,0.0586222644675203,0.101958848611948,0.19088233406763,0.0805008154403292,0.260610481540289,0.107248327153501,-0.0828255040237243,0.109096992905322,0.00081541805353647,0.260579990957453,0.268368409689017,-0.156224032553545,-0.197218320951353,-0.0247476187598005,0.102140476453031,-0.146583852074868,-0.0830835403942824,-0.00743045610104928,-0.0892412301175538,-0.0930379006832105,-0.0920512020626605,0.0469284763270433,0.0553173907589452,0.033682220992744,0.0958096578017984,-0.16520436334351,0.133406035328507,0.0182620670768618,0.0975686636701395
"3",0.04993143058972,0.0742582382238629,1,-0.0272049585963684,-0.00678896950109412,0.0112880193125516,0.114153120137245,-0.119180936792979,-0.0286929955655668,0.170822552499933,0.0647887889748466,-0.0657408193892783,0.00903249162332627,0.0821238545949237,-0.0539232895083255,-0.0123850217581203,-0.182021616414178,0.171871103721746,-0.0607044377153737,0.0550103613335397,0.139357261458707,0.157214916313927,-0.153246437107942,-0.0186848719537012,0.0374031798189925,-0.0252650045886858,0.0308052889490529,0.0316832088452828,-0.0255793655038392,-0.00988124534171302,0.110775119753478,0.119487623907404,0.164130110092217,-0.00974564568900562,0.0459749672047978,-0.0542630321380581,0.0765235548693425,0.0833326795162892,-0.106134506410848,0.0437936733735987,0.059490075109404,-0.0565911149226595,-0.128391428738806,0.0466921171142955,-0.0477561575554781,-0.0379386273180893,0.03212406450284,-0.180660605260935,-0.0514075340662815,0.0494574527315067,0.053831348218823,0.0150382396521791,-0.0810462673675487,-0.0336937184253061,0.0270842420663281,-0.105052856023656,-0.107689815633759,-0.106643950608828
"4",0.0126867448345697,0.0683251350927756,-0.0272049585963684,1,-0.0327428579828401,0.0348857762796294,0.111303632659825,-0.0279464884316185,-0.16446162950013,0.00258432519401609,-0.159188428279918,0.148605721980629,0.0927252533788901,0.18664927339001,0.063903500519385,-0.0694070517949139,0.063618742453489,0.0447076721724053,-0.184036043238633,0.197221130120715,0.0851397293220362,0.0223368037248627,-0.0831749096878402,-0.187264408913344,-0.0373329825085114,0.153782044786574,-0.0858149759729808,-0.0531764310485982,0.0365517806075536,-0.0663212634006003,0.00042323872929149,0.160487917390876,0.0948677207716975,-0.0293112781502102,0.304592387542921,-0.0117242686085631,0.198022297137021,0.123791919790969,0.189554723656993,0.0722853702923419,0.0798443074828973,-0.0592066056725623,-0.0889118635514571,-0.178154123170102,0.0436050628635457,-0.0298664100384547,0.00560965251995031,0.0109183881451188,0.0269183253495692,0.160664898671749,-0.104763871975159,0.0949993001510658,0.0893023859214005,0.00281578623012828,0.063688546578876,0.00114023691452388,0.13539411062909,-0.0616682009857361
"5",0.0322050854866843,-0.0177607081832224,-0.00678896950109412,-0.0327428579828401,1,0.0233624898333305,-0.239361826140259,0.132512166592275,-0.071447479814846,-0.0186340647692187,0.111834548460798,-0.0895574690531102,0.012426944845128,0.051432186184809,0.0958115629606965,0.0765959593875324,-0.0470691560927428,0.108057140550882,-0.0258952120439209,-0.0973531959904956,0.0716577193501389,0.10293174497118,0.168323821351623,0.188337683310573,-0.0592680300438841,-0.0953435841120803,-0.0389742107448822,0.176357254507143,0.121925142229248,0.0417016083634727,-0.0351200262249824,-0.0563197734955649,0.108947743754656,0.0350873357231336,-0.05219808524296,0.049422635464149,-0.0130077039441895,0.0139330002503448,0.0262043818292072,0.164840108606189,-0.0597238310627136,-0.125036088162259,-0.158263512453194,-0.168403590212539,-0.186006603097757,0.00368882696190892,-0.0404726769862312,0.0317304306710025,-0.0877340252678831,-0.101871014329493,0.0157731607038307,-0.0364849911603183,0.135450853113151,0.269864847134056,0.304869373404299,0.0811630655107934,0.216133065977645,0.230460441742244
"6",0.0913370981771529,-0.226098095689332,0.0112880193125516,0.0348857762796294,0.0233624898333305,1,-0.160886238174117,0.00094183837418985,0.0562401505112284,-0.00683487939646886,0.0538302055581456,0.0882158428395534,-0.121946194761487,-0.022767796365255,-0.0558214154685576,-0.0496727040771794,-0.168938264153417,-0.060240225757582,-0.134484313979965,-0.184545021982939,0.129511167464032,0.0558969670633687,0.125383084818453,0.104060134902666,-0.082905025154096,0.0812750800107,0.132853617049804,0.174463002223032,-0.0786787575443386,-0.0379686293048887,-0.126138670061677,-0.0348843709694426,0.120092796188794,-0.0368991363132474,-0.0858189231026849,0.106543142864024,-0.157125135393739,-0.0550116871849857,0.0251357423843641,0.119916485187007,-0.118163968074761,-0.00578314916235203,0.200395039316846,0.0393667553796084,-0.0771880090812189,-0.115329127790761,0.124535804366139,0.0629415155282973,-0.207403278091431,-0.0235571820322587,0.200899434635528,0.0508715242519889,0.0521250873251498,0.0619732811464461,0.00674423098042627,0.0360794340690715,0.0421574363492878,0.0995271665747235
"7",0.0136118374948071,0.182831648078619,0.114153120137245,0.111303632659825,-0.239361826140259,-0.160886238174117,1,0.0530372067219564,0.0782922327474212,0.00975427689409494,-0.0587201726663117,-0.0811978977503959,0.140420637771032,-0.0129900178288407,0.0676321185825123,-0.132535706587945,-0.0354300160954825,-0.0228032833841275,0.00258709598721353,0.0184758142983719,0.0290392623705174,0.0468507167166035,0.0529833699317486,0.0570779572312655,0.0794057111979958,-0.0225552434021513,0.102144214594417,-0.240316140212768,0.0653006303851656,0.148583377387642,-0.0790498394809899,0.0107580709605969,-0.0888648555640925,-0.0115708220438863,0.409715617490673,-0.052226996082008,0.129756177576937,0.123114495030699,0.158624306321904,-0.0121054700893143,0.267879811651812,0.030475023539112,0.0803836082077893,0.0705495385839963,0.430408976330288,0.131028463265718,0.0299462048379645,0.0470044046183036,0.160975708092685,-0.087133111453423,-0.103406802113441,-0.0722649483387952,-0.123024270064755,-0.264288750884555,-0.151926789813256,0.0508885523257956,0.115017807385749,-0.107333485814232
"8",-0.247773827968167,-0.153306849126703,-0.119180936792979,-0.0279464884316185,0.132512166592275,0.00094183837418985,0.0530372067219564,1,-0.0448054145592621,-0.238900885806912,-0.0539604383839587,-0.0785853889949321,0.0948228901005198,-0.0730384255217889,0.103659808092462,-0.0544456071635202,0.103397513653246,-0.00772897511846652,-0.0873300036917243,0.0829340730340726,-0.017374528351246,-0.107134080133089,0.0705323415482063,0.054696845768452,0.00781540565005243,0.139855988219957,-0.0834143374820017,0.0953768462238762,0.0291334516996026,-0.0454079119039597,-0.163168623943611,-0.053928964897111,-0.166100720823132,-0.214266881865835,0.132425444879272,0.305485966890711,0.242939097687753,0.148158271595749,-0.197560042874601,-0.234547101501166,0.227600895502066,0.0839724064480191,0.128326168878812,-0.0473155704455871,0.0480709814135228,0.237874344310254,0.231320275423116,0.0849290670608763,0.0989183271113707,0.0212147292406599,-0.209136584542884,-0.0667987978868133,0.0213227626649186,-0.128605462228948,-1.49889128847114e-05,0.0927218568036957,0.068275250484831,0.147547814219595
"9",0.374306626316144,0.242973748392206,-0.0286929955655668,-0.16446162950013,-0.071447479814846,0.0562401505112284,0.0782922327474212,-0.0448054145592621,1,0.542247485049116,0.223685534174219,-0.215164967671731,0.128291091718024,0.129903100814781,0.132137364377553,-0.107753043899926,0.00616161953566934,-0.144540383168891,0.269804907177896,-0.121099875165614,0.0221553348675281,-0.0453859469849729,0.197261661723831,0.172019548259003,0.184744279019808,-0.198589888352883,-0.00395939167843339,-0.0162541136597199,0.0419261621086329,-0.0756444656545041,0.169416783335798,0.0554331014928442,0.240651877311581,0.141420199224547,-0.0607309481331465,0.0238660659109882,-0.0273065933437377,-0.10804173431034,0.00395644739869268,0.0202598492094258,-0.352643608953896,-0.207332475999251,0.426658703916297,0.386252294961798,-0.0801444507948024,-0.194419247272096,-0.160330376336318,-0.142330117323084,0.161005660429888,0.0716702234625544,-0.0761912812005241,-0.207191506899706,0.0647472907982254,0.116512322998136,0.0322226241779493,0.175052471746566,0.0460714250514537,0.0423110529515251
"10",0.368631859114657,0.423570544469715,0.170822552499933,0.00258432519401609,-0.0186340647692187,-0.00683487939646886,0.00975427689409494,-0.238900885806912,0.542247485049116,1,0.126706379663556,-0.160039225309207,0.126825727705017,0.173072445527192,-0.0413594850809225,0.0948286905858705,-0.0394109383261824,-0.136591147634723,0.0822719884337108,-0.0987026242418534,0.0690286062441483,0.155710693641791,0.0641709607865805,0.126999733952773,-0.00993990225026158,-0.0520640016108437,0.01716526636826,0.108946902781881,0.080597114463136,0.111474657030445,0.200061534364205,-0.024405753259466,0.361260666176191,0.220859759310226,-0.0942215590749099,0.0284335311912306,0.118919544275969,0.0165020907027606,0.060500928069263,0.129734124219103,-0.44420556799661,-0.252459055948113,0.261732519371532,0.415755500732361,-0.135857608915998,-0.326493678491184,-0.170599863390867,-0.330003702704663,-0.020374333993806,0.0371691082020888,0.00584429977819539,-0.010110150345531,0.118280852149803,0.239135748178135,0.0583615677542093,-0.0304373109111465,0.151982223815711,0.0103156808260772
"11",0.361225361722795,0.253967246230234,0.0647887889748466,-0.159188428279918,0.111834548460798,0.0538302055581456,-0.0587201726663117,-0.0539604383839587,0.223685534174219,0.126706379663556,1,-0.0486944212873842,-0.242256889327375,-0.0783285452920402,0.0919128231966154,0.0812198952661784,-0.15058773628175,-0.262164469073181,0.171062865698303,-0.232502025130878,0.144846610613642,0.0028842121029906,0.0064566814613458,-0.0373873290283884,0.236368905519269,-0.0643503589706944,-0.108851852868074,0.123480516464129,-0.0410776112481703,0.0951414126821235,0.0261592420198673,-0.0925588090616568,0.201145759687531,0.0172455259525736,-0.087594321236256,-0.216977086166723,-0.00608404929994658,-0.0619970506606093,0.0809781093330608,0.0423153472144141,-0.0203799320818028,-0.148329998893399,0.0197395212414758,0.0136715365060456,-0.134888565040091,-0.235706172497739,0.05584485166321,-0.171623412223842,-0.123823641954603,-0.153007007085153,0.136010186258219,0.0354187625699789,0.0952813374948386,0.0376294494100842,0.0616006519133945,0.11632159935676,-0.0448232377885271,0.158086716838077
"12",0.0149894629898354,0.102228854205826,-0.0657408193892783,0.148605721980629,-0.0895574690531102,0.0882158428395534,-0.0811978977503959,-0.0785853889949321,-0.215164967671731,-0.160039225309207,-0.0486944212873842,1,-0.443096856181015,-0.0434820627570869,0.20020133578872,0.00319374713625538,-0.115626596787373,-0.0600387111820476,-0.0320247841213202,0.121308641795734,-0.146456127229883,0.0165990031688176,0.0639881876855225,0.0494208678510515,-0.0183450830355539,-0.0072005862546626,0.246808294078601,0.0103628064528891,-0.00903396563396208,0.308684446992438,0.0202802495753026,0.158044299001578,0.0849770090751788,0.175925357274133,-0.0215275536865489,-0.112593118001812,0.0582769891202344,-0.0271599102746801,0.196013844712171,0.0383586346318124,0.0627240173931597,0.108396277606501,-0.00581922148495838,-0.137573299421154,-0.00520243915284873,-0.0502795980561593,0.240044620262671,0.118712187725304,-0.331364766778468,-0.1473377675886,0.0770684107085181,0.100363848007389,-0.0195612699436617,-0.0440098555726595,-0.0849359339255309,-0.184946625773842,0.121702589982493,0.00802364263272164
"13",-0.175687011764607,-0.0582774624940172,0.00903249162332627,0.0927252533788901,0.012426944845128,-0.121946194761487,0.140420637771032,0.0948228901005198,0.128291091718024,0.126825727705017,-0.242256889327375,-0.443096856181015,1,0.301017453545921,0.0192698601281442,0.0117764353664393,0.116552554541289,0.124762962026007,-0.091067744173226,-0.0989055128729326,-0.204970594621048,-0.0276147342578483,-0.070485307770643,0.0186400928746545,-0.195210378799615,-0.0332575660751715,-0.161913452513312,-0.216922107813266,-0.0243689924839317,-0.0905450954287505,-0.0172259510259509,-0.127655598401334,-0.154655423510964,-0.0209255147390834,0.0907969723761433,0.118115115819859,0.148114132163746,0.0393020566427915,-0.120756750980521,-0.144274237898666,0.0426329699749245,-0.12732063024973,0.076532200718547,0.013719486976051,0.194400683009605,0.122457398671294,-0.264192974811107,-0.138430883513868,0.593386171587666,0.208077925568553,-0.287501384613579,-0.204310983503103,-0.0476780069726029,-0.0705636128846004,-0.0463182792298255,0.032188662056046,0.0482892568145095,-0.0338936178697429
"14",0.069086905878494,0.0656980819330702,0.0821238545949237,0.18664927339001,0.051432186184809,-0.022767796365255,-0.0129900178288407,-0.0730384255217889,0.129903100814781,0.173072445527192,-0.0783285452920402,-0.0434820627570869,0.301017453545921,1,0.0339941522977767,0.012914988916588,0.309634534005196,0.415572074656507,-0.00717268995219501,-0.14066839219439,0.041729736167746,-0.0124514555896677,0.050556711080094,0.0350362318890746,-0.151551114616726,0.0675380795357671,-0.0520751305907468,-0.0434056395332423,-0.0169783622539391,0.00254023984866428,0.00461134161019735,0.00942429174267249,0.0609247972820103,0.207606481129347,0.105937760164266,0.146010067506444,0.14574379329613,0.0274021396548685,-0.0332692258046562,0.0741662951206365,-0.134874674567932,-0.0241807311708606,-0.0509600242596921,0.0427580652691936,-0.0233755272782946,0.107113129092968,-0.135962063941282,-0.15001421432558,0.208334013056797,0.541530298382755,-0.122608617418939,-0.0664853391657949,0.22400427868121,-0.0174878744964321,0.180356328236044,-0.108531318268306,0.159894806500231,0.11476077446955
"15",0.0557942461272676,0.0860954873866444,-0.0539232895083255,0.063903500519385,0.0958115629606965,-0.0558214154685576,0.0676321185825123,0.103659808092462,0.132137364377553,-0.0413594850809225,0.0919128231966154,0.20020133578872,0.0192698601281442,0.0339941522977767,1,-0.155880963246273,0.0359305816431345,-0.0323104959969288,-0.0834035615043841,0.047823602310845,-0.0291050391329532,-0.0262493159031132,0.0918963792547396,0.0769879181323191,0.0553294117133121,-0.0129237211200756,-0.0648175877483112,0.0778040613816446,0.0123291570945817,-0.0241195643421597,0.0212247765151165,0.114634507836718,0.00109108623345779,-0.140677528226644,0.14645831465457,0.0769333181514928,0.17712743203052,-0.0253081087165534,0.101742770239532,-0.00439085031669814,0.113694073249669,0.154640493603256,0.116467934500335,0.0509321393707041,0.0692874553522678,-0.073251249248228,0.240770944565391,0.312931682103902,-0.00382062484492985,0.0318106387742176,-0.0169049240165985,-0.0691621805560284,-0.0128552221675075,-0.103344179226771,0.221586354120068,0.139562935175559,0.12010656642953,0.182996637029914
"16",-0.135877605581261,0.0165064839648983,-0.0123850217581203,-0.0694070517949139,0.0765959593875324,-0.0496727040771794,-0.132535706587945,-0.0544456071635202,-0.107753043899926,0.0948286905858705,0.0812198952661783,0.00319374713625538,0.0117764353664393,0.012914988916588,-0.155880963246273,1,-0.00859098607295452,-0.0132227340616639,-0.0767791689078242,0.0503822067534388,0.0901952344428957,0.0702212009128696,-0.0193926774507695,0.0550202856497506,-0.00431559990944662,0.047087559675877,-0.0915943642421269,0.184569313778636,0.157350862011915,0.0772405248598567,0.0782983216897564,0.103909701085218,0.0847581950026125,0.123482230506217,-0.311204399671319,0.0468372417921987,-0.110548957866546,0.0891219783329968,-0.0907426937178851,-0.0385048476768951,-0.080130661941084,-0.106273334661602,-0.0166942608837309,0.157036911244992,-0.20108376844573,-0.0276504385148036,0.0319465059895813,-0.0991661896029603,-0.19484411275202,0.0230397809758765,0.0319355394999248,0.288524992963575,0.243167854975573,0.0764579675982325,0.177235017237789,-0.0958922638725815,0.128526996902482,0.116834121597544
"17",0.0348696225393877,-0.0174304758069398,-0.182021616414178,0.063618742453489,-0.0470691560927428,-0.168938264153417,-0.0354300160954825,0.103397513653246,0.00616161953566934,-0.0394109383261823,-0.15058773628175,-0.115626596787373,0.116552554541289,0.309634534005196,0.0359305816431345,-0.00859098607295452,1,0.154419030586885,-0.109587850998789,-0.0357827061263127,0.108459562574263,-0.0326323798562549,-0.191947126320374,-0.154679414095263,-0.0125762021888587,-0.0600480845233508,-0.152987404248855,-0.0524076222521544,0.154074310689044,-0.170929765259914,0.0222103354416301,-0.0496725632702833,-0.0697973646302131,-0.0659136028560376,0.0981385664122111,0.243976421089118,0.116802849046194,-0.00042756138998187,0.0314400211173338,0.0348059346303694,0.0136657416103966,0.170968180358807,0.0104554057730145,0.09518200606108,-0.0787737807473715,0.149117853844652,-0.0385116232956235,0.129024140692209,0.303137882540617,0.232002554472608,-0.00558253513592525,0.00832653301436549,0.132359031878136,-0.138680861308968,0.181480777026293,0.0787594237429857,0.0590072721103522,0.101042758817719
"18",-0.0580282375184922,-0.0868092331254934,0.171871103721746,0.0447076721724053,0.108057140550882,-0.060240225757582,-0.0228032833841275,-0.00772897511846652,-0.144540383168891,-0.136591147634723,-0.262164469073181,-0.0600387111820476,0.124762962026007,0.415572074656507,-0.0323104959969288,-0.0132227340616639,0.154419030586885,1,-0.0196842535594446,-0.0431322508290132,0.00151440274376926,0.136353647169728,-0.0760890976919788,-0.099328530279875,-0.121319250714511,-0.0789328398590463,-0.126064669514065,-0.0473597552849479,-0.0227256092946008,-0.0357428091761436,-0.065543932974151,0.0755346702124607,-0.0827683061957242,0.125578961550623,0.0814010114832044,0.0713201536370772,0.0179287291113941,-0.0858344568185386,-0.0889218342729925,0.042373459179251,0.0370707738027925,0.0461477246616216,-0.083603597786179,-0.13973876020612,0.0930763859901591,0.180098299025824,-0.178724772846317,-0.0973822487171024,0.0827752377265884,0.256408717107393,-0.09530816251399,-0.106212929454173,0.0913089035141832,-0.00653483753248638,0.213714249512273,-0.0742507734691573,0.0704885976257603,0.151804590970004
"19",0.297583954608568,0.0148334490462305,-0.0607044377153737,-0.184036043238633,-0.0258952120439209,-0.134484313979965,0.00258709598721353,-0.0873300036917243,0.269804907177896,0.0822719884337108,0.171062865698303,-0.0320247841213202,-0.091067744173226,-0.00717268995219501,-0.0834035615043841,-0.0767791689078242,-0.109587850998789,-0.0196842535594446,1,-0.116180375212963,-0.0848327123290558,-0.0321642016340596,0.0141638933621286,-0.0693506349354171,0.294884146073251,-0.0757848256831392,0.0220520697013877,0.0130778557929286,0.0365940983901272,-0.0385787564661607,0.394721662340549,0.0595695521570345,0.135691160693005,0.113535117700284,-0.114373553435251,-0.274246107790122,-0.0501336044145679,-0.0209938376403323,-0.0598137329948028,0.0449520103734178,-0.313361185286915,-0.20558970447721,0.0200553640801958,-0.0729888661293363,-0.0415534039886961,-0.120842065541652,-0.273512740155295,-0.102875330928217,-0.069402401921117,-0.0603169751977209,-0.08562334012972,-0.172125496205713,-0.0541180708165833,0.119940678486821,0.121652925252664,-0.151334969254343,-0.160673160120968,-0.124304522678994
"20",-0.00413643303033995,0.0844209001906794,0.0550103613335397,0.197221130120715,-0.0973531959904956,-0.184545021982939,0.0184758142983719,0.0829340730340726,-0.121099875165614,-0.0987026242418534,-0.232502025130878,0.121308641795734,-0.0989055128729326,-0.14066839219439,0.047823602310845,0.0503822067534388,-0.0357827061263127,-0.0431322508290132,-0.116180375212963,1,-0.0526873419225955,-0.0300901903822161,-0.201756871789414,-0.201266644573015,-0.116883582097283,0.0525000606068439,0.0945298885138351,-0.0853879658203176,0.0894319169043221,-0.0320872819971201,0.025644651001004,0.42206328772817,0.0174137015138973,-0.0343798288624132,0.034037854573432,0.146378078226456,-0.0598770681165391,-0.0874461117502596,0.0800087827920615,-0.167451639079486,-0.0236850692635881,-0.0131961207415263,-0.162583859091823,-0.0187116338175412,-0.0856923235992654,-0.0895369543352543,0.100679742758792,0.00602840484298998,-0.178374927858869,-0.0932299914466784,-0.0176460986843406,0.0780620006423311,0.0165018958520842,0.0673013755428465,-0.232070489610102,0.0592430547033228,-0.118831262266583,-0.0542709700888425
"21",0.209384965912324,0.0523508716810502,0.139357261458707,0.0851397293220362,0.0716577193501389,0.129511167464032,0.0290392623705174,-0.017374528351246,0.0221553348675281,0.0690286062441483,0.144846610613642,-0.146456127229883,-0.204970594621048,0.041729736167746,-0.0291050391329532,0.0901952344428958,0.108459562574263,0.00151440274376926,-0.0848327123290558,-0.0526873419225955,1,0.264955979032926,0.115855364049845,0.0910279768771096,0.0277746031156224,-0.0406879657911706,0.204454175890743,0.13732603355143,0.237138232588237,0.0421575189310717,-0.159143630702873,0.21859496443576,0.212071677811053,0.170499221025891,0.0124877311699153,-0.0837725041924322,-0.00771020673657451,-0.05026570080698,0.0687211678241765,0.268569265887912,-0.0754204685704452,-0.0156048680002941,0.0486270555710538,0.0671336807192775,-0.00955399649876086,-0.025134500459429,0.0299591228736571,0.008630704444547,-0.0812222283879731,0.0887865499373388,0.184831670390241,0.188546621357723,0.129980602607282,0.0887641710929476,0.283661263018668,0.296687672807906,0.16767513293552,0.045368841661894
"22",0.0672007634604848,0.223975654091478,0.157214916313927,0.0223368037248627,0.10293174497118,0.0558969670633687,0.0468507167166035,-0.107134080133089,-0.0453859469849729,0.155710693641791,0.0028842121029906,0.0165990031688176,-0.0276147342578483,-0.0124514555896677,-0.0262493159031132,0.0702212009128696,-0.0326323798562549,0.136353647169728,-0.0321642016340596,-0.0300901903822161,0.264955979032926,1,0.116546043289177,0.1180453034899,-0.0485297095519336,-0.256192713797337,0.280032667835964,0.154088121152128,0.0212789556415814,0.175863530048989,-0.130725779645512,0.123677192308223,0.13444490725122,0.157017820175804,0.109151987881837,0.0881192799304835,-0.0412042348655169,0.0178341512937741,0.190789216289656,0.161255811247251,-0.184808943945624,-0.180466186640145,-0.136588219805824,-0.135645475985928,-0.0506107375634914,-0.0607778924969149,-0.10596578212171,-0.127385025883752,-0.25327407314819,-0.171610783753506,-0.00120902677191107,-0.0523009138565261,-0.115397717956025,0.0812901605443026,0.198112201129195,0.140199323684809,0.0153450108603122,0.123521547405728
"23",-0.0381736136995686,0.0718423106205934,-0.153246437107942,-0.0831749096878402,0.168323821351623,0.125383084818453,0.0529833699317486,0.0705323415482063,0.197261661723831,0.0641709607865805,0.0064566814613458,0.0639881876855225,-0.070485307770643,0.050556711080094,0.0918963792547396,-0.0193926774507695,-0.191947126320374,-0.0760890976919788,0.0141638933621286,-0.201756871789414,0.115855364049845,0.116546043289177,1,0.638852500371002,0.0159650034962335,0.0444554150124603,0.316703708493465,0.157709582934227,6.45412090590127e-05,0.0158953299146761,-0.00563301488405113,0.0528636432244554,0.030693630216259,0.0551621020115644,-0.0799810309667087,0.0978488631856535,-0.0290164453296215,0.0498622302286489,0.14738373835394,-0.0206877956139259,-0.142273561940581,-0.206559120483948,0.0910299465834222,0.00784980475084709,0.151216902197152,0.0658434158028732,-0.0628475986607074,-0.0228200884852145,-0.0935298193491436,-0.0853220326204942,-0.149074397212084,-0.121521586024232,0.328282245933373,0.246526075622593,0.296175740764767,0.0297853580927361,0.114298310354849,0.0212623277727261
"24",-0.101230891166864,0.0336099889850816,-0.0186848719537012,-0.187264408913344,0.188337683310573,0.104060134902666,0.0570779572312655,0.054696845768452,0.172019548259003,0.126999733952773,-0.0373873290283884,0.0494208678510515,0.0186400928746545,0.0350362318890746,0.0769879181323191,0.0550202856497506,-0.154679414095263,-0.099328530279875,-0.0693506349354171,-0.201266644573015,0.0910279768771096,0.1180453034899,0.638852500371002,1,-0.0211202447517377,0.110253300614657,0.208690389475917,0.21173805947114,-0.0302990316098564,0.0904395791747638,-0.0437741057275749,-0.103356091701538,0.00801135980076988,-0.0774511441381164,-0.125720034183303,0.112671582339852,0.00427323973624159,0.23038962160172,0.0344064253959854,-0.0665072346684236,-0.00535594249519182,-0.0574238966693519,0.192654038846612,0.00267017246233773,0.0993888118868653,0.113953258650749,0.104423424952798,0.00091539065678584,-0.00544895239781199,-0.0854847141492182,-0.067393831163991,-0.240935027136385,0.254410009012416,0.267417827147799,0.241233043241556,-0.0052971345115293,0.245942799442058,0.14070760849876
"25",0.00730861059134897,0.0111942652734416,0.0374031798189925,-0.0373329825085114,-0.0592680300438841,-0.082905025154096,0.0794057111979958,0.00781540565005243,0.184744279019808,-0.00993990225026158,0.236368905519269,-0.0183450830355539,-0.195210378799615,-0.151551114616726,0.0553294117133121,-0.00431559990944662,-0.0125762021888587,-0.121319250714511,0.294884146073251,-0.116883582097283,0.0277746031156224,-0.0485297095519336,0.0159650034962335,-0.0211202447517377,1,0.0453706158124759,-0.0181629669923597,0.00071030836733166,-0.0523222940085685,-0.0676514366348256,0.0140854070143342,-0.0361463202702117,-0.102346629954294,-0.00897842138970309,-0.122819860571617,-0.265472933651027,-0.0431539116067908,-0.00454419720345094,-0.0522435901291218,-0.0840323295055971,-0.0100553042889505,-0.0971289321273086,0.0435496066329037,0.0353206845696935,-0.0327605083511276,-0.14174587264023,0.0230194362198807,0.0263961541746336,-0.0705236247556365,-0.0683577349008472,-0.0251841650426628,-0.0794257307388329,0.144615807172171,-0.0410265886949876,0.121116325719565,0.0533329906996698,0.00174607323020917,0.030197757923619
"26",-0.194360225025774,-0.0979744704488428,-0.0252650045886858,0.153782044786574,-0.0953435841120803,0.0812750800107,-0.0225552434021513,0.139855988219957,-0.198589888352883,-0.0520640016108437,-0.0643503589706944,-0.0072005862546626,-0.0332575660751715,0.0675380795357671,-0.0129237211200756,0.047087559675877,-0.0600480845233508,-0.0789328398590463,-0.0757848256831392,0.0525000606068439,-0.0406879657911706,-0.256192713797337,0.0444554150124603,0.110253300614657,0.0453706158124759,1,-0.0217941403034773,0.0173689002285579,0.0345841345050118,-0.100262348941985,-0.0814454794825599,-0.173488267581714,-0.0921123163246652,-0.190671413310818,-0.0929323074213882,0.0283966216299165,-0.0695617680057217,-0.0233838798889366,-0.234251429896265,-0.2360909840274,0.029366030184335,0.197580286447407,-0.106810461443153,0.00156827853404491,0.0447509638306448,0.0744471788525639,0.116785918544669,-0.0165120060916921,-0.0913776886071805,0.0516268955410999,-0.0124056983616994,0.0986407570505095,0.185341992797652,0.00291290786161956,0.0603841505689721,-0.0895669179570267,0.0460678034235687,0.0494027338762079
"27",0.0569062448074679,0.0189469225363735,0.0308052889490529,-0.0858149759729808,-0.0389742107448823,0.132853617049804,0.102144214594417,-0.0834143374820017,-0.00395939167843339,0.01716526636826,-0.108851852868074,0.246808294078601,-0.161913452513312,-0.0520751305907468,-0.0648175877483112,-0.0915943642421269,-0.152987404248855,-0.126064669514065,0.0220520697013877,0.0945298885138351,0.204454175890743,0.280032667835964,0.316703708493465,0.208690389475917,-0.0181629669923597,-0.0217941403034773,1,0.136463782711508,0.132244221878124,0.205689754348538,-0.0453059530197098,0.11637596042346,0.0374565449365008,0.114633588140406,-0.00713998264232218,0.070101897500567,-0.118283246896259,-0.0354859564602189,0.0734666368544311,-0.0822246662094091,-0.0929978366000725,-0.0557370232263598,-0.0233441310199621,-0.0909060822697312,0.158433372622723,-0.0143811971266865,-0.0191854195578489,-0.0744824638820195,-0.281787964134192,-0.180897741303558,-0.00258771130810575,-0.0404717892346903,0.0594655620193806,0.180856608742128,-0.0421677563471658,0.138365825984479,0.0651052182534115,0.0598942447105382
"28",0.101541364670335,-0.102245683795609,0.0316832088452828,-0.0531764310485982,0.176357254507143,0.174463002223032,-0.240316140212768,0.0953768462238762,-0.0162541136597199,0.108946902781881,0.123480516464129,0.0103628064528891,-0.216922107813266,-0.0434056395332423,0.0778040613816446,0.184569313778636,-0.0524076222521544,-0.0473597552849479,0.0130778557929286,-0.0853879658203176,0.13732603355143,0.154088121152128,0.157709582934227,0.21173805947114,0.00071030836733166,0.0173689002285579,0.136463782711508,1,0.241509623932269,0.127715882832968,-0.0353292162160477,0.075979620709659,0.332148102113489,0.0529741725404103,-0.111377315410262,0.157038208730123,-0.0131795861343831,0.19087852882562,-0.00963321100852518,0.0214188214228408,-0.113804922081238,-0.0438852514468925,0.0633479897284331,0.074147501969948,-0.146228600819574,-0.0873678687073097,0.071129167802488,0.0901920020661292,-0.177751312622331,0.104949313518009,0.0734482515795438,0.143481770811258,0.274893063446894,0.173466045492913,0.173919882799117,-0.0523623646518862,0.161844794233731,0.120472124706133
"29",0.0489334236863341,0.00118684830963449,-0.0255793655038392,0.0365517806075536,0.121925142229248,-0.0786787575443387,0.0653006303851657,0.0291334516996026,0.0419261621086329,0.080597114463136,-0.0410776112481703,-0.00903396563396208,-0.0243689924839317,-0.0169783622539391,0.0123291570945817,0.157350862011915,0.154074310689044,-0.0227256092946008,0.0365940983901272,0.0894319169043221,0.237138232588237,0.0212789556415814,6.45412090590127e-05,-0.0302990316098564,-0.0523222940085685,0.0345841345050118,0.132244221878124,0.241509623932269,1,0.116011606124636,0.0507369962506186,0.0750748040421651,0.221782981004093,0.0217747780514522,-0.0468542319986314,-0.0655679789715929,-0.0268499621706799,-0.155790219599978,0.118963241520712,0.0171663649722837,-0.0777673657448876,0.089010762901896,0.0572774112771194,0.156666755848402,-0.0323027133526592,-0.0908961336517374,-0.103319218282884,-0.0145340855893874,0.015635594881772,0.153166728041048,0.10416184760613,0.224032137068257,-0.0498114623569234,-0.0425403855167194,0.101802337146893,-0.0064775161144923,0.0275710247257311,0.00492147972304867
"30",0.0766507160831931,0.0586222644675203,-0.00988124534171302,-0.0663212634006003,0.0417016083634727,-0.0379686293048887,0.148583377387642,-0.0454079119039597,-0.0756444656545041,0.111474657030445,0.0951414126821235,0.308684446992438,-0.0905450954287505,0.00254023984866428,-0.0241195643421597,0.0772405248598567,-0.170929765259914,-0.0357428091761436,-0.0385787564661607,-0.0320872819971201,0.0421575189310717,0.175863530048989,0.0158953299146761,0.0904395791747638,-0.0676514366348256,-0.100262348941985,0.205689754348538,0.127715882832968,0.116011606124636,1,-0.186686680502708,0.0712641749377888,0.117911668872737,0.192994891333081,-0.0422083468458544,-0.065746830986285,0.204114122521727,0.0722926029744081,0.179407443059646,0.105803695777815,0.048784100402175,0.106180553584174,0.130876812577445,0.0312268848375046,0.117080294529748,-0.0670326305013019,0.0523835620730776,-0.121353627497551,-0.0657602092329265,-0.0282101066740992,-0.0124483935198687,0.0055282671354521,-0.108415149838804,0.0331219002926243,-0.0985564164248703,-0.0843786488242814,0.201832280854488,-0.0463910657939171
"31",0.251255190117576,0.101958848611948,0.110775119753478,0.00042323872929149,-0.0351200262249824,-0.126138670061677,-0.0790498394809899,-0.163168623943611,0.169416783335798,0.200061534364205,0.0261592420198673,0.0202802495753026,-0.0172259510259509,0.00461134161019735,0.0212247765151165,0.0782983216897564,0.0222103354416301,-0.065543932974151,0.394721662340549,0.025644651001004,-0.159143630702873,-0.130725779645512,-0.00563301488405113,-0.0437741057275749,0.0140854070143342,-0.0814454794825599,-0.0453059530197097,-0.0353292162160477,0.0507369962506186,-0.186686680502708,1,0.00918868894653489,0.144968051276088,-0.101382394186254,-0.061091602322822,-0.0262877304359559,0.0657104355982229,0.0941475790968441,0.11978326336729,0.119030079476538,-0.235709899321294,-0.0846023197596277,0.0495484597823649,0.0802179540209302,-0.26466071543395,-0.362241944469436,-0.0188975910956516,-0.0360751127762873,-0.0135800236373005,0.0768185956779682,0.0761868757463132,-0.048136486855261,-0.123731724951639,0.0282469379963345,0.00087539334969194,-0.315055230530492,-0.149430760229555,-0.191255242120283
"32",0.272906425862301,0.19088233406763,0.119487623907404,0.160487917390876,-0.0563197734955649,-0.0348843709694426,0.0107580709605969,-0.053928964897111,0.0554331014928442,-0.024405753259466,-0.0925588090616568,0.158044299001578,-0.127655598401334,0.00942429174267249,0.114634507836718,0.103909701085218,-0.0496725632702833,0.0755346702124607,0.0595695521570345,0.42206328772817,0.21859496443576,0.123677192308223,0.0528636432244554,-0.103356091701538,-0.0361463202702117,-0.173488267581714,0.11637596042346,0.075979620709659,0.0750748040421651,0.0712641749377888,0.00918868894653489,1,0.201082476866182,0.269639332162684,-0.057398938821515,0.115534035573469,-0.0270759444240173,-0.101940643059137,0.141680455871101,0.124779385843411,-0.135168104534794,-0.18549574282587,-0.12871314704626,0.0434645831491582,-0.206684327268959,-0.0196868951961952,0.0257141525568457,0.0053192700634629,-0.234164720517909,0.00912643901758044,-0.0059927904914965,0.0205791903465629,0.059499418532377,0.190616646743016,0.0702253669284185,0.0710292157738862,-0.0520861957475474,-0.0942444091672214
"33",0.469646137657631,0.0805008154403292,0.164130110092217,0.0948677207716975,0.108947743754656,0.120092796188794,-0.0888648555640925,-0.166100720823132,0.240651877311581,0.361260666176191,0.201145759687531,0.0849770090751788,-0.154655423510964,0.0609247972820103,0.00109108623345779,0.0847581950026125,-0.0697973646302131,-0.0827683061957242,0.135691160693005,0.0174137015138973,0.212071677811053,0.13444490725122,0.030693630216259,0.00801135980076988,-0.102346629954294,-0.0921123163246652,0.0374565449365008,0.332148102113489,0.221782981004093,0.117911668872737,0.144968051276088,0.201082476866182,1,0.266810623493457,0.0204916885962222,-0.0686205669865761,-0.0517391643079827,-0.0605322405966787,0.0616975060176073,0.107940205724241,-0.358662806846966,-0.257460561347863,0.122624349728325,0.063531912410718,-0.206538684596309,-0.272575882238479,-0.0722896940577548,-0.0720722751581146,-0.179596905313322,0.0790122994940534,0.0865464586928889,0.197173371915934,0.175033337526372,0.0842753005877933,0.0732043939481861,-0.0598495433100898,0.0243156752870005,-0.00559096243155445
"34",0.235704836893735,0.260610481540289,-0.00974564568900562,-0.0293112781502102,0.0350873357231336,-0.0368991363132474,-0.0115708220438863,-0.214266881865835,0.141420199224547,0.220859759310226,0.0172455259525736,0.175925357274133,-0.0209255147390834,0.207606481129347,-0.140677528226644,0.123482230506217,-0.0659136028560376,0.125578961550623,0.113535117700284,-0.0343798288624132,0.170499221025891,0.157017820175804,0.0551621020115644,-0.0774511441381164,-0.00897842138970309,-0.190671413310818,0.114633588140406,0.0529741725404103,0.0217747780514522,0.192994891333081,-0.101382394186254,0.269639332162684,0.266810623493457,1,-0.0361111395660762,-0.0762818879641972,-0.135656956813131,-0.131556149926849,0.253324350645624,0.222301374064701,-0.206018936188393,-0.313510544002382,0.10135177242679,0.0767427461687785,-0.145399141538078,-0.00303119677069343,-0.170794296463718,-0.0929113925672408,-0.0100548101174634,-0.0695015676911409,-0.0728241980378786,0.205597241690928,0.149697717471873,0.0837109934475555,0.0658480130909929,0.0567267320286003,0.232378594480971,-0.0441394197280777
"35",0.0875678256314751,0.107248327153501,0.0459749672047978,0.304592387542921,-0.05219808524296,-0.0858189231026849,0.409715617490673,0.132425444879272,-0.0607309481331465,-0.0942215590749099,-0.087594321236256,-0.0215275536865489,0.0907969723761433,0.105937760164266,0.14645831465457,-0.311204399671319,0.0981385664122111,0.0814010114832044,-0.114373553435251,0.034037854573432,0.0124877311699153,0.109151987881837,-0.0799810309667087,-0.125720034183303,-0.122819860571617,-0.0929323074213882,-0.00713998264232218,-0.111377315410262,-0.0468542319986314,-0.0422083468458544,-0.061091602322822,-0.057398938821515,0.0204916885962222,-0.0361111395660762,1,0.164719223806218,0.405882232013539,0.275606030463664,0.133936703471537,0.089166382070426,0.314320543763525,0.142627290716678,0.0402223880282632,-0.161297017753804,0.358376742702632,0.151803896953072,0.0872347514449371,0.178300963638834,0.175671755267831,0.102406973071048,-0.10385948835996,0.0179557014545211,-0.123095069421415,-0.152237271801059,-0.110914121956934,-0.0596005166839155,-0.018219744732702,-0.141635539000313
