"","l_Insular.Cortex","r_Insular.Cortex","l_Amygdal.Area","r_Amygdal.Area","l_Bed.Nucleus.of.the.Stria.Terminalis","r_Bed.Nucleus.of.the.Stria.Terminalis","l_Hippocampus","r_Hippocampus","l_Orbitofrontal.cortex","r_Orbitofrontal.cortex","l_Entorhinal.Cortex","r_Entorhinal.Cortex","l_Frontal.Association.Cortex","r_Frontal.Association.Cortex","l_Globus.Pallidus","r_Globus.Pallidus","l_Glomerular.Layer.of.the.Accessory.Olfactory.Bulb","r_Glomerular.Layer.of.the.Accessory.Olfactory.Bulb","l_Glomerular.Layer.of.the.Olfactory.Bulb","r_Glomerular.Layer.of.the.Olfactory.Bulb","l_Granule.Cell.Level.of.the.Cerebellum","r_Granule.Cell.Level.of.the.Cerebellum","l_Hypothalamic.Region","r_Hypothalamic.Region","l_Entorhinal.Cortex","r_Entorhinal.Cortex","l_Vermix.Molecular.Layer.of.the.Cerebellum","r_Vermix.Molecular.Layer.of.the.Cerebellum","l_Lateral.Molecular.Layer.of.the.Cerebellum","r_Lateral.Molecular.Layer.of.the.Cerebellum","l_Anterior.Olfactory.Bulb","r_Anterior.Olfactory.Bulb","l_Posterior.Olfactory.Bulb","r_Posterior.Olfactory.Bulb","l_Subiculum","r_Subiculum","l_Perirhinal.Area","r_Perirhinal.Area","l_PreLimbic.System","r_PreLimbic.System","l_Primary.Cingular.Cortex","r_Primary.Cingular.Cortex","l_Primary.Motor.Cortex","r_Primary.Motor.Cortex","l_Retrosplenial.Cortex","r_Retrosplenial.Cortex","l_Secondary.Cingular.Cortex","r_Secondary.Cingular.Cortex","l_Secondary.Motor.Cortex","r_Secondary.Motor.Cortex","l_Striatum","r_Striatum","l_Ventral.Tegmental.Area","r_Ventral.Tegmental.Area","l_Substantia.Nigra","r_Substantia.Nigra","l_Thalamus","r_Thalamus"
"1",1,0.510427862995998,-0.00083564320524543,0.0421299007979105,0.0477391339933003,0.157799299809471,-0.00896143997672047,0.0688552845747105,0.271385253860935,0.354695419451374,-0.0211283374373079,0.1505059834179,0.334582554127268,0.0133786524600924,-0.037396143486419,0.27804993916097,0.0231403522030067,-0.325663961671494,0.100518122445278,0.17917665152557,0.0138334675129285,-0.08160609107825,0.0137186443635911,0.047357586463088,0.112519121049288,0.0392868963614564,0.216317873407644,0.127350441779799,0.0290350575829516,0.147400055205604,0.134958005635598,0.212681290395835,-0.0432782818677657,0.129163271486271,-0.0198413447338748,0.0347266958244156,-0.0522257606479555,0.122231087364214,-0.0699088076193705,-0.00273591388883178,-0.292356485069131,-0.176605958965466,-0.0601427293055253,0.0681642897645964,0.043310423691675,0.085869695505681,-0.169377286256289,-0.0928546320393673,0.0676696887550361,-0.170179921199796,0.290999320313883,0.199170318100531,-0.135194160320953,-0.0989893015016428,0.0445507101484367,0.132390037977714,-0.0564752662829226,-0.162804929474762
"2",0.510427862995998,1,0.0354364942785272,0.121533881774109,-0.121142612788302,0.289503909378721,0.121913489244221,0.295174999817298,0.462197362863821,0.383618634188256,0.159660005881856,0.278030013499786,0.135867606675199,-0.201535318502916,0.0335619065372537,0.240032637572242,0.00765380462168006,-0.389148341753415,0.0578208983113191,0.341987352275427,-0.0480583174206916,0.0216965022630733,-0.0684740904444068,-0.0158525154885965,0.0407109018943582,-0.0245986285106159,0.14043769581577,0.264965854254143,0.218396870516627,0.192511814690175,0.15838635375234,0.33554473622519,-0.0476480153961948,0.155015008491712,-0.0806438746269212,0.206926793669831,-0.0609013586118255,0.197915950916166,-0.124184421839305,-0.0794119360139815,-0.328601823104207,-0.228752934061636,0.161069202985575,0.169909134874092,-0.0116224504765675,0.114030128242271,-0.12772579226752,-0.0239373249941334,0.0077924256681524,-0.328186243812828,0.322965266497812,0.247069001682388,-0.11304021747377,-0.0799639046291879,0.0572101729966706,0.0159241979630261,0.0531230125348297,-0.02307636683615
"3",-0.00083564320524543,0.0354364942785272,1,0.194482367496902,-0.00567094203483681,0.134823820847016,0.17601068753213,0.162297309188,-0.121160666757605,-0.0187200780358098,0.104752325764155,0.156447800400895,0.0255253091768625,-0.13928772146186,-0.0597270958241483,0.194555662674579,-0.12458728509169,-0.134778649871518,0.1447248207885,0.0532947045293986,0.0891777797867055,0.0322472003102872,-0.0788180668406541,-0.134880728415288,0.0928956577910521,0.0412192538913867,0.161149568775946,0.162273211106878,0.0604321331458264,-0.021237896651251,0.185862611229273,0.0146238408626327,0.0183019905469613,0.157194982842924,-0.0516218844450852,0.259401468749805,0.116483055343937,0.0725254382219881,0.0262371678857702,0.025912697309501,-0.0660798277390073,-0.0190141227407407,-0.0920625457551226,-0.0329195013980362,0.013756458977681,0.0841134141020548,0.0108459313659945,0.166099857378438,-0.0388117186798651,-0.114649991728557,0.0280740162281767,0.0451370224573578,0.0212879401589159,0.205752291288335,-0.0439449856238235,-0.155341373624549,-0.0903148413231178,0.264143524488869
"4",0.0421299007979105,0.121533881774109,0.194482367496902,1,-0.091959271826493,0.097453338113481,0.157681767541183,0.0941172762894334,-0.0436592980702452,0.116094847943466,0.195874734166153,0.148485986731535,0.0395836751035379,-0.110780395601779,0.0174930979022771,-0.0764013102724896,-0.0567704495001106,-0.0339382936484223,0.141679188230625,0.0104082593628028,0.197708498232082,0.0436487837021095,-0.249784306129759,-0.0350848385154712,0.150437400649566,0.151247189555715,0.273459216223048,0.0667868261132878,0.0998783341233135,0.0384586427497868,0.0507049404689315,0.187849530974485,0.00639396902972608,-0.115024003751278,-0.0138010011844077,0.18779743125835,0.0411491295989183,-0.0121016226871302,-0.144388604808913,-0.0300023369290682,0.0647870172833926,0.158110311014831,0.0391155238260382,0.0315597918680991,0.0763720769283926,0.0428655356258319,0.107292889713207,0.146543660549592,-0.0190825335088003,0.00371622860037691,-0.0348635306369438,0.0436703721496727,-0.0179318809865233,0.0350802013839243,0.0576433510137635,0.0260744233264767,0.144890589403579,0.138069753103004
"5",0.0477391339933003,-0.121142612788302,-0.00567094203483681,-0.091959271826493,1,-0.0217431426545192,0.181952321484583,0.0323903534547312,0.00763980436125628,-0.0757350263385895,-0.130022663078322,-0.122879673219266,0.119538649125174,0.147515278493249,-0.00133272230896667,-0.124616918431829,0.140176648830424,-0.0167087092259176,0.0633330445475431,-0.00645890864624001,-0.14201389207373,-0.0245183757049695,0.21287765065021,0.0817737630481839,-0.168945972563599,-0.105673690529466,-0.0865303791468394,-0.19784031512944,-0.088203014002745,-0.200310483389558,0.0176232100395032,-0.0845649220684536,-0.0558113149490717,-0.0431716189009036,0.056555538304257,-0.00134956706871074,0.0855190832816527,0.0269132323610574,0.0409431843591536,0.0746232827683992,0.150428012103531,0.0104582517345684,-0.0268103003596876,-0.0781084837804843,0.103494687857851,0.134125991845001,0.0101373477182828,-0.0400261477840668,0.180876022194645,0.17962287295394,-0.073539152773973,-0.163285539998241,0.0991466486950101,0.0183496640940642,-0.0720863856198674,-0.167403741334254,0.0987601072670149,-0.116432820290192
"6",0.157799299809471,0.289503909378721,0.134823820847016,0.097453338113481,-0.0217431426545192,1,0.169212423502628,0.255614491754568,0.238357672934359,0.0730883455762426,0.0909563576031235,0.331954446216272,0.300032067186442,0.141225607553449,0.051599750466245,0.0747329122645457,0.0209495960700135,-0.121384002473981,0.216921824092412,0.20379790750467,-0.0295772950136332,-0.0644973173892522,-0.178197761604013,-0.280739879757577,0.0843449728092779,-0.012779007613715,0.216195011054363,0.135934141583515,0.242669333100473,0.115985051575393,0.1232897871129,0.114867842362723,-0.147918259390587,0.266238015757557,0.0848118412403404,0.158001967770498,0.035436102302079,0.0450439375786761,0.0657254065853224,-0.0512535121910228,-0.169856850537919,-0.115061491981756,0.190897398806954,0.15525811298078,-0.0582121497614408,0.120394365956319,-0.024069076263992,0.0361250095096413,0.263599584191035,0.184786108159496,0.317779738524579,0.309346114606631,-0.174095674193212,0.00237850231403123,-0.159454250587538,0.0874518019048622,0.166378379015776,0.209770900893937
"7",-0.00896143997672047,0.121913489244221,0.17601068753213,0.157681767541183,0.181952321484583,0.169212423502628,1,0.292802518988533,0.0339515527348725,-0.00718447293972381,0.00078901650170031,0.135233840543792,0.00213983478884604,0.190454223605149,-0.00194516201433004,-0.01766103126262,0.00887703384494366,0.134534942564473,0.0243582350594422,0.108862210908484,0.0491371430082457,-0.0476306711375638,-0.0235686234371709,-0.0777065509822076,0.083116773599907,0.102003114166393,0.0402854108484924,0.192596331431927,0.0477296088471613,-0.0851627940352403,0.157812585216916,0.00881540182701447,-0.0471364978275711,0.060604107838794,0.201692870015633,0.387494758962207,0.240591571941764,0.0944022254721484,-0.0419753432870103,0.0216336256496115,0.186474955030197,0.0572283008512654,0.0669074291470742,-0.0508665057907353,0.148115752994064,0.125772388584703,0.12304792371265,0.0400949684632034,0.126606627966895,0.186331889413696,0.0482705773791467,0.0700477366591735,0.0934459355124747,0.0406072554338738,-0.0754298499080802,0.0700431457785273,0.26895908561666,0.228661159792429
"8",0.0688552845747105,0.295174999817298,0.162297309188,0.0941172762894334,0.0323903534547312,0.255614491754568,0.292802518988533,1,0.0644654734435243,0.0710970986333757,0.11325424769039,0.345395732816701,0.0996997901673278,0.0406041477377408,0.216801765977607,-0.0558091389649033,0.0751020781395612,-0.0495290662056332,0.329043320343756,0.247453078429694,0.0014415774523473,-0.190509387231353,-0.0701254323692972,-0.254428321394653,0.0170583875159015,0.00896498338331428,0.224369291062175,0.314892160950333,0.23097114362353,0.144166089725933,0.0799341238400712,0.0942859853222244,-0.0236710946285556,0.152398365839339,0.0338886765309009,0.343868593060882,0.0592865834056951,0.130773533526372,-0.096204966774599,0.147576352552039,-0.222353727204726,-0.0478249293814951,0.0851017326780102,-0.0498304299183895,-0.161303475923674,0.107391894753832,-0.0828764795505754,0.0999963096360522,0.00928342465657064,0.0504686963734231,0.246181373381493,0.29799309775166,-0.0703329776814549,0.0507913864518883,0.0764246530820221,0.0261805261592041,0.14698240184516,0.117635987334855
"9",0.271385253860935,0.462197362863821,-0.121160666757605,-0.0436592980702452,0.00763980436125628,0.238357672934359,0.0339515527348725,0.0644654734435243,1,0.561824814914056,0.0273143372859146,-0.046895172878148,0.214058425871045,0.0102777495634658,0.0645146488793474,0.132495614545594,0.146082877188852,-0.104016475071701,0.0461403477184963,0.29536565533491,-0.166861919150519,-0.109342481302104,-0.136892506899707,-0.0216982487932846,-0.0655448722266202,0.0552157623268844,0.0712864639837949,0.132475545316674,0.0380383297027717,0.0632342904233239,0.230853517043629,0.32865794476695,-0.137024924911132,-0.00076036874633487,-0.201977876041102,-0.0806070517713235,-0.0156513500364621,0.156021960657279,-0.186706027953666,-0.158141551342116,-0.144211614439842,-0.164147049340543,0.483665031469875,0.304764628633305,-0.0352648973214308,-0.0117054312429601,-0.178968752425004,-0.19134208382627,0.32604675634069,0.122104754348143,0.0312864409767521,-0.0247763367906027,-0.111717591990808,-0.0833843207182726,-0.00137252250936257,0.0708507111292737,-0.0357606095422079,-0.165637742842629
"10",0.354695419451374,0.383618634188256,-0.0187200780358098,0.116094847943466,-0.0757350263385895,0.0730883455762426,-0.00718447293972381,0.0710970986333756,0.561824814914056,1,-0.0824801633260135,0.0758209673693404,0.256129070676003,0.0136409570071703,0.0270757571194702,0.146304423730182,0.00175584792745205,-0.156648301006384,0.0939660785539273,0.180504439176828,-0.173281687001967,-0.0557277973958869,-0.180375664856887,-0.0471932817178736,-0.0898469507618531,0.124885717092292,0.0962778560443805,0.266833830924554,-0.136784094043892,0.0947742810691975,0.234780155319088,0.292009100264353,-0.219643671974786,-0.164921933264968,-0.112559146222945,-0.0337583134662952,-0.0530194338715996,0.290026564437616,-0.283261873249257,-0.203194875793799,-0.244232536295763,-0.118000564966161,0.464863434659028,0.481243644180728,0.0512931805105939,0.125088039415435,-0.187249012695408,-0.237392192077447,0.168949361006654,0.0341013563106101,-0.0995160697931712,-0.202774643961636,-0.220108061874134,-0.0986335623755441,0.0434743228206985,0.0490109535863699,-0.0467089383005243,-0.148607414131261
"11",-0.0211283374373079,0.159660005881856,0.104752325764155,0.195874734166153,-0.130022663078322,0.0909563576031235,0.00078901650170031,0.11325424769039,0.0273143372859146,-0.0824801633260135,1,0.346189289510269,0.198583160688212,0.00860346565889226,-0.00813275898177266,-0.0267484940817834,0.0968269167306976,0.133773750739693,0.0520031384479231,0.0223314420286067,0.0506242700421394,0.0325785802934168,0.160968468311628,0.0772253563510531,0.178447992235615,-0.0704685728841763,0.0421506646210006,0.00825863776027705,0.054499077135592,0.126487556818523,0.113078435194245,0.124465226185676,0.260501861328867,0.266620944354117,-0.058604194954859,0.0479842708776214,-0.159955467348541,-0.0812233735205607,0.0367258187643649,0.0937927603123156,-0.0834842515040036,-0.121518670785569,-0.0546437926107891,-0.0877262782318114,0.0102815082407584,-0.20597123562177,-0.00084318129370698,-0.00737688174700099,0.076151054511871,-0.052853355994596,0.0960152044342958,0.116581746327964,-0.00697736948997348,-0.0846420639547445,0.0760936701499323,-0.0738675061093915,0.0631926643317883,0.0114089190668022
"12",0.1505059834179,0.278030013499786,0.156447800400895,0.148485986731535,-0.122879673219266,0.331954446216272,0.135233840543792,0.345395732816701,-0.046895172878148,0.0758209673693404,0.346189289510269,1,0.234915167044037,0.154236269493115,0.0555146407264531,0.166602422103184,0.283449956982605,0.0283237669649148,0.167009975850403,0.0250669207939436,-0.130319534005275,0.131583498159791,-0.040227857542805,-0.080492559503961,0.0376210956880457,-0.137927445739403,0.162327765683209,0.280520240829171,0.184332593865067,0.261358229734645,0.120608288706688,0.0340216356370897,0.245398138020692,0.344465490523975,0.127276996214827,0.0849784086706194,0.119380419177855,-0.0483754408286074,0.0981003591065044,0.238402202525002,-0.0749848704779743,-0.0067248308493638,0.0154593430367647,0.012317225987763,0.0263265629611029,0.0440173074590516,-0.108778830958385,-0.0206694933116065,0.108952719132022,0.0292027775873978,0.36748471378333,0.327875648707281,-0.258774145573543,0.00302222522243928,0.0424956020532956,0.0176714951022446,0.0677945928454151,0.0417897758570098
"13",0.334582554127268,0.135867606675199,0.0255253091768625,0.0395836751035379,0.119538649125174,0.300032067186442,0.00213983478884604,0.0996997901673278,0.214058425871045,0.256129070676003,0.198583160688212,0.234915167044037,1,0.332389908426557,0.00609328857344263,0.0805822026346267,0.229082163026498,-0.074060617528168,0.0418898965350242,0.149300716940975,-0.0654198544578493,-0.199189007949119,-0.0330824300188736,-0.276213124697534,0.193568849763441,-0.169556082148373,0.0900308829706677,0.060226810355315,-0.129534893321335,0.0558329084211113,0.162203688334906,-0.0183227908317997,0.0417672402144397,0.235309445284891,0.0488361095248608,-0.00313042380106751,0.107694894487412,0.0436673331896199,-0.00923008065859571,-0.154571216446507,-0.0563905363349667,-0.152133965222745,0.10963161044983,0.164542794371603,0.00360880884164752,0.0917268133020887,-0.162438849804708,-0.196158488028261,0.694680717026509,0.254616109678583,0.119558956307254,0.176459518018801,-0.0948073885927617,-0.0222577552012629,0.088961379849353,0.0899989710105597,-0.11773803394179,-0.157082434444473
"14",0.0133786524600924,-0.201535318502916,-0.13928772146186,-0.110780395601779,0.147515278493249,0.141225607553449,0.190454223605149,0.0406041477377408,0.0102777495634658,0.0136409570071703,0.00860346565889226,0.154236269493115,0.332389908426557,1,0.0232408780930434,0.0749843412318896,0.152830350708001,0.433633056310574,0.0726316021519117,0.0219538591574242,-0.128255486898607,0.0617780105786444,-0.146767281348076,-0.223070550206826,0.100302529562599,-0.0838442802131564,-0.0863562487797426,-0.131267827513601,-0.187277790701406,0.00705167064775,0.105909346922423,-0.115911145701228,0.129313136946822,0.184003197053181,0.264974102560086,0.0513495536488079,0.244275520029997,-0.107213314174731,0.132354201346353,0.122401133206085,0.192018386296764,0.129071315318202,0.0430917187302107,-0.00189212255487367,0.0785919456355665,-0.00652550626569777,-0.00578497609340089,-0.0825455126946854,0.365721159901612,0.717540602599401,0.101217665186737,-0.0429762958269866,-0.0377753310713525,-0.00671854814699111,-0.0382842398571545,0.104592229713588,0.0970059493273528,0.00144366467316903
"15",-0.037396143486419,0.0335619065372537,-0.0597270958241483,0.0174930979022771,-0.00133272230896667,0.051599750466245,-0.00194516201433004,0.216801765977607,0.0645146488793474,0.0270757571194702,-0.00813275898177266,0.0555146407264531,0.00609328857344263,0.0232408780930434,1,-0.090632797691743,0.0570732076323734,-0.0765487528100705,0.23505390718981,0.2548082709151,-0.289155696149363,0.0824534218041789,-0.0745362037071853,-0.0808993302381327,-0.0808335508597348,-0.0786859492879111,0.124405756773355,0.178099327867245,0.114547001161808,0.312810356885675,0.0229031651728215,0.272255875836468,0.0390387316938992,0.0951101237418662,-0.065185524631915,0.0705787714661007,0.057927129763876,0.0789052485911009,-0.046716940594759,-0.0669597231802817,-0.136940539874901,-0.113567024848196,0.123250973542879,0.0268874732172357,0.0160413762465056,0.0598103732207509,-0.176506643830721,-0.0803423653502436,-0.00270438750144569,-0.0139851284654139,0.0362643435740949,0.189474366283519,-0.0828769643938968,-0.0101538933648644,-0.057627614903357,0.0725308525872754,0.0636934117826346,0.0515787616025204
"16",0.27804993916097,0.240032637572242,0.194555662674579,-0.0764013102724896,-0.124616918431829,0.0747329122645457,-0.01766103126262,-0.0558091389649033,0.132495614545594,0.146304423730182,-0.0267484940817834,0.166602422103184,0.0805822026346267,0.0749843412318896,-0.090632797691743,1,0.00908340810065096,-0.04778454634229,-0.0580058495636515,0.145152292174997,-0.00876862908242502,0.0441085424274179,-0.0796517918442785,-0.0390178162000546,0.22719383319737,0.00938322635700718,0.143701943136146,0.0608557504002038,0.00090429286000932,0.0181341581609979,0.0779998501374995,0.156046683965392,-0.00281076861177574,0.164037929696955,-0.0869972773839464,0.0266599345701278,0.0290146383306407,0.0894600943238582,0.0203513554079103,0.0225637525141992,-0.178171320219636,-0.125692914712683,-0.094087180609303,0.0712478043379464,-0.0923354053712231,-0.0447754830746827,-0.0935734327931768,-0.128122271322064,-0.00492843961756745,-0.0197579772369587,0.131602287591405,0.0918356968563026,0.0988233435455878,0.0170178733852318,0.0503796536138606,-0.0453889335577531,-0.136155898649219,-0.108012728850743
"17",0.0231403522030067,0.00765380462168006,-0.12458728509169,-0.0567704495001106,0.140176648830424,0.0209495960700135,0.00887703384494366,0.0751020781395612,0.146082877188852,0.00175584792745205,0.0968269167306976,0.283449956982605,0.229082163026498,0.152830350708001,0.0570732076323734,0.00908340810065097,1,0.33958517821162,0.00194007011957537,0.00274804886091634,-0.204703146410387,0.00216333565564972,0.00080864378509337,0.100023630823849,-0.0349238231417313,-0.0545476968729474,0.031208747893345,0.0516697946808962,0.0764774145785852,0.00021849585233979,0.145697035531386,0.0613258257534593,0.292884993571125,0.145544228065092,-0.0105516549837399,-0.0256808504046859,0.0132325073389353,-0.0667284099939401,0.0953415951140875,0.264012238287671,0.0973142490710915,0.0406647479214625,0.0723966312467961,0.0939062797638342,0.128924625923253,-0.00166122939329919,-0.113020702368201,-0.226211590833085,0.425425249708454,0.189164583155554,0.0995761627434879,0.0549684789560654,-0.0553939210988422,0.0947103009039149,0.1226599839916,-0.101503807238626,-0.223519062162198,-0.121580825048031
"18",-0.325663961671494,-0.389148341753415,-0.134778649871518,-0.0339382936484223,-0.0167087092259176,-0.121384002473981,0.134534942564473,-0.0495290662056332,-0.104016475071701,-0.156648301006384,0.133773750739693,0.0283237669649148,-0.074060617528168,0.433633056310574,-0.0765487528100705,-0.04778454634229,0.33958517821162,1,0.0538504104641535,-0.0151439349339034,-0.0471594465160751,0.155976085692717,0.0154360193716229,0.029025744416275,0.0277953831939913,0.0670263925222444,-0.0413316807861681,-0.196063608799123,-0.0204243668386549,-0.00234387737548106,0.0203371662475757,0.0361283083371915,0.255215395018062,0.0674796724285922,0.256214843511355,0.0370486501273626,0.138011256964627,-0.158317257020951,0.0854648395034698,0.356249713670207,0.277609156944868,0.257606910866145,0.017947946892996,-0.00797166156357529,0.179574822206547,-0.142402908218833,0.120461726322016,0.0129720708546296,0.172695514159971,0.427702453635511,-0.0914019057201217,-0.166328937497148,0.106720687899811,0.202838472247556,-0.0296441149929057,0.0638335253758239,-0.079731470752929,0.111949209672596
"19",0.100518122445278,0.0578208983113191,0.1447248207885,0.141679188230625,0.0633330445475431,0.216921824092412,0.0243582350594422,0.329043320343756,0.0461403477184963,0.0939660785539273,0.0520031384479231,0.167009975850403,0.0418898965350242,0.0726316021519117,0.23505390718981,-0.0580058495636515,0.00194007011957537,0.0538504104641535,1,0.212626201440928,-0.123478254533486,-0.203150475355233,0.0398768264703374,-0.234068427832456,-0.12640309495415,0.0808422128733079,0.284455814565497,0.15029500993712,0.128410047745007,0.18212297563311,0.235731383641521,0.207999493252193,-0.051645193751468,0.0131763673623252,0.111581013340311,0.272274563094704,0.0671729362414312,0.0604950421355049,-0.0225115035564311,-0.0028116818129316,-0.24834102146393,-0.121072258355529,0.121813130711443,0.0856647662994531,-0.101225947041056,-0.0383607723515883,-0.112759362150432,0.0723606835303456,-0.0014471077327988,0.072179513020165,0.131164335061412,0.174320653034789,-0.0555768448657499,0.0405002795896226,-0.0935064503565784,-0.0870729365587634,0.14623411687728,0.125029563309431
"20",0.17917665152557,0.341987352275427,0.0532947045293986,0.0104082593628028,-0.00645890864624001,0.20379790750467,0.108862210908484,0.247453078429694,0.29536565533491,0.180504439176828,0.0223314420286067,0.0250669207939436,0.149300716940975,0.0219538591574242,0.2548082709151,0.145152292174997,0.00274804886091634,-0.0151439349339034,0.212626201440928,1,-0.0813420919652495,-0.0630721326119983,-0.0178055402845237,-0.166598387753391,-0.112932354741867,0.0594322089394997,0.229067922542884,0.031051099635606,0.253293787628697,0.244965465975505,0.0340607332381669,0.416944307259579,-0.0212602451845414,0.147842707828127,0.0607436024576627,0.085284450235111,0.100956131207522,0.106393946098752,0.0178886462282475,-0.0179970410156951,-0.250923560939486,-0.280668053029069,0.0559771200169301,0.0856460817051381,0.0419857120380427,-0.0878295377694762,-0.0700844853361729,0.0669833195115173,0.109850063520751,-0.00241110689063966,0.0426883671684756,0.0856113783765203,0.0442011900983957,0.129950666044176,0.11605737022343,0.108171713525863,-0.00164471198207675,0.112137266901318
"21",0.0138334675129285,-0.0480583174206916,0.0891777797867055,0.197708498232082,-0.14201389207373,-0.0295772950136332,0.0491371430082457,0.0014415774523473,-0.166861919150519,-0.173281687001967,0.0506242700421394,-0.130319534005275,-0.0654198544578493,-0.128255486898607,-0.289155696149363,-0.00876862908242502,-0.204703146410387,-0.0471594465160751,-0.123478254533486,-0.0813420919652495,1,-0.130520888980983,-0.0236615072991045,-0.0851400980545594,0.00886378504735837,0.173916285148788,0.213346580505383,0.133228554673323,0.0140090272241839,-0.118396824140196,-0.0266786696608854,-0.0589719003450381,-0.0536013995005416,0.00671057992802221,-0.0730769917628559,-0.0428784826066658,-0.293788709112471,-0.0690749137048332,-0.107006201636855,-0.0606888834624801,-0.0439302480166134,0.0434346689075908,-0.230262364548697,-0.0674660305011965,-0.305734583934277,-0.160833694312879,0.110387831862843,0.146530279882742,-0.182720909238581,-0.0746613346614968,-0.0348920812170997,0.0782460026309833,0.0797742721742247,0.0606733003782315,-0.0790706551158825,-0.0776462834089264,0.0363076115348821,0.0338135090622863
"22",-0.08160609107825,0.0216965022630733,0.0322472003102872,0.0436487837021095,-0.0245183757049695,-0.0644973173892522,-0.0476306711375638,-0.190509387231353,-0.109342481302104,-0.0557277973958869,0.0325785802934168,0.131583498159791,-0.199189007949119,0.0617780105786444,0.0824534218041789,0.0441085424274179,0.00216333565564972,0.155976085692717,-0.203150475355233,-0.0630721326119983,-0.130520888980983,1,-0.0474568288933576,0.180351906756275,0.0950261936252909,-0.0075083703183793,-0.0578251710339298,0.0722790699986707,0.0871149184348068,0.00220397452750183,0.114597449463392,0.0387690462161709,0.185908575656711,0.0550769017294971,0.191731198248412,-0.00853974945032168,0.136265847052362,0.0426927205059584,0.0450101053808781,0.158652621053183,-0.0219385451629012,0.0178274833262342,-0.021847352313687,-0.103608503920332,0.194139503136218,0.0301954097001936,-0.0965949232720263,-0.0863026492902783,-0.0641202794961768,-0.0570852711977725,0.0541119633202286,0.0753499352459564,-0.106660443082951,-0.00073190164252398,0.065000157771976,-0.101809835516411,-0.187906537241352,0.0378746167232984
"23",0.0137186443635911,-0.0684740904444068,-0.0788180668406541,-0.249784306129759,0.21287765065021,-0.178197761604013,-0.0235686234371709,-0.0701254323692972,-0.136892506899707,-0.180375664856887,0.160968468311628,-0.040227857542805,-0.0330824300188736,-0.146767281348076,-0.0745362037071853,-0.0796517918442785,0.00080864378509337,0.0154360193716229,0.0398768264703374,-0.0178055402845237,-0.0236615072991045,-0.0474568288933576,1,0.265931591048196,-0.216187948084722,-0.213515760611085,-0.0446137488054384,-0.140461067215898,-0.152849463472914,0.155819979632526,-0.174355184824972,-0.0950252835417287,-0.0475996288902265,-0.144598443146894,-0.00439723594642679,-0.0959387529499295,0.0393655069889999,-0.152713558952806,-0.0367953954771627,0.0653428167469372,0.0583354495562763,-0.13226959551137,0.00240585931857196,-0.0179711039048948,0.0475695118535197,-0.0336034198288263,0.0435435685828542,0.0471199920204576,0.0512493728083829,-0.165476850103985,-0.00990042771205026,-0.0636740523417841,-0.0747424815714151,-0.14154570848442,0.00512740191615138,0.00141887139611518,-0.0648657377210668,-0.120874176469945
"24",0.047357586463088,-0.0158525154885965,-0.134880728415288,-0.0350848385154712,0.0817737630481839,-0.280739879757577,-0.0777065509822076,-0.254428321394653,-0.0216982487932846,-0.0471932817178736,0.0772253563510531,-0.080492559503961,-0.276213124697534,-0.223070550206826,-0.0808993302381326,-0.0390178162000546,0.100023630823849,0.0290257444162749,-0.234068427832456,-0.166598387753391,-0.0851400980545594,0.180351906756275,0.265931591048196,1,-0.00239352284557684,0.0288234485647711,-0.243713706156143,-0.175557203313281,0.0279644161307125,-0.0643351405876932,-0.191410620892415,0.0108764431426809,0.112709968738068,-0.0433907277485584,-0.00790336060558986,-0.179478464246523,0.0254339308484282,0.00430133546884718,0.0593016225236562,0.236568665414058,0.157166373929676,0.152741137799573,-0.0654771756255643,-0.136927228770598,0.146609017235882,-0.0277594733911153,0.073887970478426,-0.0387843704283573,-0.0943285742267769,-0.212547280515493,-0.0587788710053371,-0.182271362643676,-0.0149073180184414,-0.0343623071726629,-0.0378524556960474,-0.0353918457085637,-0.0365063166243966,-0.20703778263985
"25",0.112519121049288,0.0407109018943582,0.0928956577910521,0.150437400649566,-0.168945972563599,0.0843449728092779,0.083116773599907,0.0170583875159015,-0.0655448722266202,-0.0898469507618531,0.178447992235615,0.0376210956880457,0.193568849763441,0.100302529562599,-0.0808335508597348,0.22719383319737,-0.0349238231417313,0.0277953831939913,-0.12640309495415,-0.112932354741867,0.00886378504735837,0.0950261936252909,-0.216187948084722,-0.00239352284557684,1,-0.00589218894461806,0.0038877513981264,-0.113085967559091,0.0216406418834148,0.0639635404238313,-0.0447617877687479,0.00769054451502587,0.227986976951537,0.221562844531905,0.148388618589511,0.100642431817937,0.0763310222808037,0.112238597049342,0.132935080141218,0.104193133281415,0.0864416375875143,0.0683818055023044,-0.0229562610396022,-0.0232177178947672,0.0307254851294201,-0.0670289896448249,0.0132101051225523,-0.0751462666276292,0.189007639809631,0.0396532569345772,0.095385546703494,0.273187403814279,0.0447107610692108,-0.0420820111663023,-0.00472572194348746,-0.0340262064863607,0.0796252221850096,-0.0811240370758956
"26",0.0392868963614564,-0.0245986285106159,0.0412192538913867,0.151247189555715,-0.105673690529466,-0.012779007613715,0.102003114166393,0.00896498338331428,0.0552157623268844,0.124885717092292,-0.0704685728841763,-0.137927445739403,-0.169556082148373,-0.0838442802131564,-0.0786859492879111,0.00938322635700718,-0.0545476968729474,0.0670263925222444,0.0808422128733079,0.0594322089394997,0.173916285148788,-0.0075083703183793,-0.213515760611085,0.0288234485647711,-0.00589218894461806,1,0.00875901373945981,0.0238659570490096,0.153977942931256,0.00932501576956263,0.112028404651325,0.02766549853993,-0.00164210741814376,-0.114307320439321,0.0576876398637023,-0.0263862397360013,-0.0101321082207561,0.0468815004314371,0.030665654604188,0.127332996631967,-0.125013141742659,0.0536061066150363,0.070073251391283,0.0762858006048468,0.00676633052864504,-0.0570416747651522,-0.0272409495503256,0.03663069826859,-0.144260745960998,-0.0221923796014217,-0.222800331536263,-0.189793352130714,-0.0391335605863442,0.102522414032967,-0.0186908234120419,-0.023982756655643,0.0982884350386603,0.11911744733041
"27",0.216317873407644,0.14043769581577,0.161149568775946,0.273459216223048,-0.0865303791468395,0.216195011054363,0.0402854108484924,0.224369291062175,0.0712864639837949,0.0962778560443805,0.0421506646210006,0.162327765683209,0.0900308829706677,-0.0863562487797426,0.124405756773355,0.143701943136146,0.031208747893345,-0.0413316807861681,0.284455814565498,0.229067922542884,0.213346580505383,-0.0578251710339298,-0.0446137488054384,-0.243713706156143,0.0038877513981264,0.00875901373945981,1,0.381375222396799,0.272272333301701,0.319787771719934,0.226908184660597,0.283600996690604,-0.19261274975674,0.0810945209977783,-0.0206225611386715,0.249468295984551,-0.00491341326768732,0.163411800683709,-0.347979793691,-0.116175407849388,-0.2981300105642,-0.236892296466431,-0.0123310585248412,0.0400307813435015,-0.0319408142059076,0.0581200252097984,-0.168218180457543,0.100926582311822,-0.066974138502177,-0.136704719098037,-0.0238011452802811,0.231197064149741,0.00463332584754251,0.0117109507481532,-0.0209002709034753,0.01068497157689,-0.0986600786619739,-0.0249413456479978
"28",0.127350441779799,0.264965854254143,0.162273211106878,0.0667868261132878,-0.19784031512944,0.135934141583515,0.192596331431927,0.314892160950333,0.132475545316674,0.266833830924554,0.00825863776027705,0.280520240829171,0.060226810355315,-0.131267827513601,0.178099327867245,0.0608557504002038,0.0516697946808962,-0.196063608799123,0.15029500993712,0.031051099635606,0.133228554673323,0.0722790699986707,-0.140461067215898,-0.175557203313281,-0.113085967559091,0.0238659570490096,0.381375222396799,1,0.199405043859655,0.122346174096872,0.219221407618701,0.217555240881305,-0.226587426364871,0.0202796775037648,-0.0780507252863508,0.194975285351642,-0.00829966168154543,0.231596745030604,-0.313937561000546,-0.172423474850908,-0.384733958076588,-0.326399994933704,0.0451097845335399,0.100305075878371,-0.0979290489811658,0.188759781106573,-0.378701696252122,-0.23337063239859,-0.120838042463093,-0.252917081578587,0.160763477002763,0.257146773617005,-0.131905638636579,-0.0251605345510982,0.090815465878793,0.0431418997413542,-0.0487245618446566,-0.0732473100923664
"29",0.0290350575829516,0.218396870516627,0.0604321331458264,0.0998783341233134,-0.088203014002745,0.242669333100473,0.0477296088471613,0.23097114362353,0.0380383297027717,-0.136784094043892,0.054499077135592,0.184332593865067,-0.129534893321335,-0.187277790701406,0.114547001161808,0.00090429286000932,0.0764774145785852,-0.0204243668386549,0.128410047745007,0.253293787628697,0.0140090272241839,0.0871149184348068,-0.152849463472914,0.0279644161307125,0.0216406418834148,0.153977942931256,0.272272333301701,0.199405043859655,1,0.22127803484859,0.141728611796807,0.151836685438905,0.0543066125489049,0.0396781065568887,0.268287969286189,0.217685525569462,0.104461152051664,0.220540194919953,-0.0697885163938449,0.166227951246733,-0.228665050920201,-0.10928237632713,-0.0649610799377752,-0.184892577917486,0.321079605559863,0.280358081023913,-0.0550523075525102,0.181343598823691,-0.0914049098385626,-0.194426348146124,0.122755793372816,0.314712448788434,0.0417319063037743,0.132146509955,0.12367885924315,0.34160915834358,0.119968652539175,0.0893071174023981
"30",0.147400055205604,0.192511814690175,-0.021237896651251,0.0384586427497868,-0.200310483389558,0.115985051575393,-0.0851627940352403,0.144166089725933,0.0632342904233239,0.0947742810691975,0.126487556818523,0.261358229734645,0.0558329084211113,0.00705167064775,0.312810356885675,0.0181341581609979,0.00021849585233979,-0.00234387737548106,0.18212297563311,0.244965465975505,-0.118396824140196,0.00220397452750183,0.155819979632526,-0.0643351405876932,0.0639635404238313,0.00932501576956263,0.319787771719934,0.122346174096872,0.22127803484859,1,0.0661108142196873,0.281974812876199,-0.104343529309865,0.124850382536478,0.00667282336152686,0.14058363990374,-0.0296667900822165,0.143884876344101,-0.193620426105921,0.148072996232932,-0.286359317842258,-0.224049541041129,0.141264011555548,0.186786029427423,0.00974290024436572,0.0131194950853295,-0.0405365918244013,0.12148198489841,-0.0643368503422239,-0.129156393608198,0.250171519955152,0.284267027131421,-0.192850108053866,-0.09409256818842,-0.215770222907131,0.0804108152564879,-0.0145416687578299,-0.0345772388781587
"31",0.134958005635598,0.15838635375234,0.185862611229273,0.0507049404689315,0.0176232100395032,0.1232897871129,0.157812585216916,0.0799341238400712,0.230853517043629,0.234780155319088,0.113078435194245,0.120608288706688,0.162203688334906,0.105909346922423,0.0229031651728215,0.0779998501374995,0.145697035531386,0.0203371662475757,0.235731383641521,0.0340607332381669,-0.0266786696608854,0.114597449463392,-0.174355184824972,-0.191410620892415,-0.0447617877687479,0.112028404651325,0.226908184660597,0.219221407618701,0.141728611796807,0.0661108142196873,1,0.161337037448395,-0.0688840121763698,0.142177803915609,-0.0740132548799264,0.305730121995757,0.0230797395563731,0.0425996620208081,-0.313948508229672,-0.127136801166856,-0.421445949247688,-0.30172046185354,0.173991140421463,0.114948872989528,0.131736946088647,0.131643982431304,-0.177597175951831,-0.0944322102094052,0.0864077306643456,0.0119474629419052,0.0161095522989509,0.0530624259998543,0.0551607415261032,0.0275372335384631,0.0414748295234462,-0.0206260488651588,-0.133359296682612,0.151759321108951
"32",0.212681290395835,0.33554473622519,0.0146238408626327,0.187849530974485,-0.0845649220684536,0.114867842362723,0.00881540182701447,0.0942859853222244,0.32865794476695,0.292009100264353,0.124465226185676,0.0340216356370897,-0.0183227908317997,-0.115911145701228,0.272255875836468,0.156046683965392,0.0613258257534593,0.0361283083371915,0.207999493252193,0.416944307259579,-0.0589719003450381,0.0387690462161709,-0.0950252835417287,0.0108764431426809,0.00769054451502587,0.02766549853993,0.283600996690604,0.217555240881305,0.151836685438905,0.281974812876199,0.161337037448395,1,-0.141131444268974,0.0609762206177996,-0.121969378432682,0.137908634772116,-0.0209102443828101,0.195312799323986,-0.216907000198571,-0.0734436210606121,-0.269646839120946,-0.191218534791908,0.0970969490359914,0.216875778548258,-0.0235632257200305,-0.0751215861303905,-0.236022829578936,-0.0889772625807758,-0.0468385993837655,-0.116919275644641,0.130129219259459,0.132512151959721,0.117015871410863,0.111122885588393,0.10012334226806,-0.120888498684348,-0.032097896497484,0.00896147552629678
"33",-0.0432782818677657,-0.0476480153961948,0.0183019905469613,0.00639396902972608,-0.0558113149490717,-0.147918259390587,-0.0471364978275711,-0.0236710946285556,-0.137024924911132,-0.219643671974786,0.260501861328867,0.245398138020692,0.0417672402144397,0.129313136946822,0.0390387316938992,-0.00281076861177574,0.292884993571125,0.255215395018062,-0.0516451937514681,-0.0212602451845414,-0.0536013995005416,0.185908575656711,-0.0475996288902265,0.112709968738068,0.227986976951537,-0.00164210741814376,-0.19261274975674,-0.226587426364871,0.0543066125489049,-0.104343529309865,-0.0688840121763698,-0.141131444268974,1,0.348177543703939,0.283010829596949,-0.153820664180715,0.0290622373769323,-0.169199554364814,0.393213720907518,0.385432005400989,0.178318464362624,0.21560947157589,-0.207325847404647,-0.25059935297197,0.118301715947775,-0.0585337440912567,0.028407541703572,-0.10870625139884,0.100848230529949,0.0627480883238222,0.202954201801557,0.142991817588045,-0.0446949325291006,-0.0187252492866698,0.0897597290694888,-0.0058549980744308,-0.0876505927872101,-0.129298783965778
"34",0.129163271486271,0.155015008491712,0.157194982842924,-0.115024003751278,-0.0431716189009036,0.266238015757557,0.060604107838794,0.152398365839339,-0.00076036874633487,-0.164921933264968,0.266620944354117,0.344465490523975,0.235309445284891,0.184003197053181,0.0951101237418662,0.164037929696955,0.145544228065092,0.0674796724285922,0.0131763673623252,0.147842707828127,0.00671057992802221,0.0550769017294971,-0.144598443146894,-0.0433907277485584,0.221562844531905,-0.114307320439321,0.0810945209977783,0.0202796775037648,0.0396781065568887,0.124850382536478,0.142177803915609,0.0609762206177996,0.348177543703939,1,0.139309960342617,0.0531890291480604,-0.0101845811260418,0.0390059689271839,0.225731271433529,0.230460114623017,-0.0978760048731736,-0.128147424712273,-0.208699726224353,-0.208884519557426,-0.107433363216156,-0.0632603540783908,-0.0161657521604065,0.0625620540545968,0.112009925007807,-0.0584674267697629,0.238572522592705,0.279152053488271,-0.113745140184135,0.109594109104761,-0.131799337564562,-0.227727735073175,0.052934080133468,0.103272285995251
"35",-0.0198413447338748,-0.0806438746269212,-0.0516218844450852,-0.0138010011844077,0.056555538304257,0.0848118412403404,0.201692870015633,0.0338886765309009,-0.201977876041102,-0.112559146222945,-0.058604194954859,0.127276996214827,0.0488361095248608,0.264974102560086,-0.065185524631915,-0.0869972773839464,-0.0105516549837399,0.256214843511355,0.111581013340311,0.0607436024576627,-0.0730769917628559,0.191731198248412,-0.00439723594642679,-0.00790336060558986,0.148388618589511,0.0576876398637023,-0.0206225611386715,-0.0780507252863508,0.268287969286189,0.00667282336152686,-0.0740132548799264,-0.121969378432682,0.283010829596949,0.139309960342617,1,0.295185842596875,0.396595208078601,0.226648531823666,0.284565969242557,0.256069425688622,0.216529854248749,0.225468806801671,-0.0348359857294144,-0.218912479708437,0.276085899154461,0.218815422162768,0.192985570635828,0.144172659523142,0.12814385079945,0.153015279968338,0.161982513506819,0.170889743090736,-0.0687172060472842,0.106638932536242,-0.0357807189742241,0.18583960508306,0.274568676447011,0.162307276074037
