"","l_Insular.Cortex","r_Insular.Cortex","l_Amygdal.Area","r_Amygdal.Area","l_Bed.Nucleus.of.the.Stria.Terminalis","r_Bed.Nucleus.of.the.Stria.Terminalis","l_Hippocampus","r_Hippocampus","l_Orbitofrontal.cortex","r_Orbitofrontal.cortex","l_Entorhinal.Cortex","r_Entorhinal.Cortex","l_Frontal.Association.Cortex","r_Frontal.Association.Cortex","l_Globus.Pallidus","r_Globus.Pallidus","l_Glomerular.Layer.of.the.Accessory.Olfactory.Bulb","r_Glomerular.Layer.of.the.Accessory.Olfactory.Bulb","l_Glomerular.Layer.of.the.Olfactory.Bulb","r_Glomerular.Layer.of.the.Olfactory.Bulb","l_Granule.Cell.Level.of.the.Cerebellum","r_Granule.Cell.Level.of.the.Cerebellum","l_Hypothalamic.Region","r_Hypothalamic.Region","l_Entorhinal.Cortex","r_Entorhinal.Cortex","l_Vermix.Molecular.Layer.of.the.Cerebellum","r_Vermix.Molecular.Layer.of.the.Cerebellum","l_Lateral.Molecular.Layer.of.the.Cerebellum","r_Lateral.Molecular.Layer.of.the.Cerebellum","l_Anterior.Olfactory.Bulb","r_Anterior.Olfactory.Bulb","l_Posterior.Olfactory.Bulb","r_Posterior.Olfactory.Bulb","l_Subiculum","r_Subiculum","l_Perirhinal.Area","r_Perirhinal.Area","l_PreLimbic.System","r_PreLimbic.System","l_Primary.Cingular.Cortex","r_Primary.Cingular.Cortex","l_Primary.Motor.Cortex","r_Primary.Motor.Cortex","l_Retrosplenial.Cortex","r_Retrosplenial.Cortex","l_Secondary.Cingular.Cortex","r_Secondary.Cingular.Cortex","l_Secondary.Motor.Cortex","r_Secondary.Motor.Cortex","l_Striatum","r_Striatum","l_Ventral.Tegmental.Area","r_Ventral.Tegmental.Area","l_Substantia.Nigra","r_Substantia.Nigra","l_Thalamus","r_Thalamus"
"1",1,0.116140127488434,-0.00820807102822258,-0.102086461997507,0.0411471414738329,0.120042942541485,0.0956471349196391,-0.0469729390219352,0.292393993916982,0.119181467650601,0.109112534771397,0.194543590158491,-0.136877910654022,0.213936534530312,0.186562879134211,-0.0356649593627529,0.124378031193287,-0.139761434300185,0.0266278810368233,-0.0800076155446968,0.0248577174058038,0.155023911783408,0.19792772721865,0.151610922223439,-0.030265595660872,-0.093424015393941,0.080157836128501,0.0101306786286035,0.310412633182144,0.0201058227287866,-0.0433465537550114,0.184021305598692,-0.0403995866751989,-0.0220010286093856,-0.0297468894471526,0.178707258513609,0.122485242365471,0.0835878404056133,0.148651055171924,0.143497856339996,0.0197717255513443,0.0293458989410839,0.122912370589304,0.129681385707241,-0.203909687165995,-0.0382947200623944,-0.109439143837743,-0.0609020191711633,0.0438884220720808,0.0328454184474677,0.0640661985477765,0.0851189718143689,-0.0220018741168557,0.0362551099911984,0.154201563426156,-0.0242169693263526,0.135492505332712,0.0775073229067344
"2",0.116140127488434,1,0.105550264268989,-0.156139614437631,0.0443189802595436,0.169509997849519,-0.0813274303926886,-0.159570908556087,0.202768224529216,0.301306929151879,0.1879126222495,0.210141695106586,-0.0244728918367044,0.0463432152901539,0.247298040742692,0.156221930493803,0.113818378282748,-0.0275184601174012,0.225701983280946,0.148291083100051,0.214631770091978,0.0142989052331326,-0.0665001480537618,-0.189886528127058,0.358029762596429,-0.0874024543168217,-0.0364964746758212,-0.16030640912785,0.155393091406898,0.10809601094744,-0.037552887065774,0.0939897668706094,0.0364647020449515,-0.0108470670629626,-0.0813637711653393,0.197388023969567,0.22217359915493,-0.0471957161592365,-0.157009999013774,0.0241430942865759,-0.156627074924688,-0.0785414793019831,0.14232417692711,0.121794245211596,-0.170535016483886,-0.206567110448717,-0.259587322554861,-0.229470148229162,-0.167614936587491,-0.0886622076058124,-0.0605176231992342,0.0553842463688358,-0.169232215829001,0.031155993862823,-0.0248863562142856,0.00791916031617319,-0.0361708005022587,-0.0800480704298054
"3",-0.00820807102822259,0.105550264268989,1,0.207330199880172,0.278417133901799,0.22545047965165,0.0416696362548121,-0.0017710815360241,-0.00895149208908379,0.0101920673041757,0.138331150839812,0.128485925481008,0.157710032522718,0.0345511132532608,0.0437834057299507,0.16523227846874,-0.0325332246087166,0.172529672316111,-0.0860267567757163,0.118320324742608,0.129784586062198,-0.00670817247068738,-0.142807994949634,-0.0880797885274096,0.151549142395468,0.0380029837430398,0.0103306905823162,-0.0541772254166409,-0.0657113782369684,0.135306011248532,-0.0837921100427562,0.0470641030921534,-0.0242773340946697,0.241977803387076,0.132362017236749,0.0371887134726104,0.105582002409145,-0.0717500945797935,-0.0904732143922798,-0.0825030356710105,0.0799929026112659,-0.0136181344632036,-0.10052356528461,-0.051634743765505,0.102294867444884,0.0628144540927882,0.0831462553899121,0.0461045578647878,0.0538683113918751,-0.040803163465424,-0.153686951632821,0.014623701434613,-0.0482097634064912,-0.124204476210323,0.186143886410152,-0.0330450392287131,0.206180603617603,0.0537583147931739
"4",-0.102086461997507,-0.156139614437631,0.207330199880172,1,0.109039654065502,0.100567982617467,0.282744634750671,-0.0327926105847618,-0.177510476795859,-0.280481149228599,0.0357090059433912,0.25310055475002,0.0840497097299087,-0.138428228698045,-0.0672405356198536,-0.0451349151873752,-0.108387469922746,-0.119001525244854,-0.106106215901993,0.0726723319619427,0.0444294580619037,-0.104053086762306,-0.0417925602382115,0.122159486227845,0.0816844303406148,0.169616010153982,0.242892202193289,0.0998279435471738,-0.0921852874470695,0.0204767785930996,0.085030337969977,0.0096906317331595,-0.0114116859047669,0.134391781602402,0.232682577357932,-0.0286365978427307,0.0927189214533487,0.208779659434729,0.193567643480745,0.0991614974598297,0.131239857606707,0.0956308159961145,-0.0741937163493305,-0.0595343229577767,0.155722035976452,-0.135418902040406,0.145228270541709,0.0964565513384192,0.116625892290257,-0.117246715277026,-0.144384007259173,-0.0993756529301055,0.13433737265372,0.0593398856876503,0.00239017852090118,0.0388252849755458,0.248224871865699,0.100747778850448
"5",0.0411471414738329,0.0443189802595436,0.278417133901799,0.109039654065502,1,0.0605432832876122,0.0526525168287694,-0.0708421196798202,0.154055383535181,-0.020347780010111,-0.0372097642583236,0.144715003391563,0.0521602340409514,0.168525056189406,0.206391792144451,0.0889475318534463,0.0270703735869627,0.0914679713618013,0.0511637795826044,-0.0245248240481993,-0.222282568722683,0.119159581964159,0.106149719342731,-0.106138785218244,0.0355673527479229,-0.0970478274625999,0.0564786059480508,-0.139303772708782,-0.167782899600249,0.0433477561907492,-0.197585110555798,-0.0427217549483274,0.104121885751912,0.206636590703927,0.0712554560617754,-0.0570849073280623,0.116193212603044,0.101008086743644,0.00349193140393923,0.0228720110775903,-0.100957085605079,-0.0859738589718899,-0.00353826089358631,-0.0503278221044768,-0.0418040470914624,-0.233141882851809,-0.14978573122124,-0.185690024569494,0.0681975913499048,0.0263043121834204,0.236409802363737,0.030034164118471,-0.0345704910008509,-0.07816786506733,0.010313207323998,-0.053828475296491,0.12458937190793,-0.0494344248003079
"6",0.120042942541485,0.169509997849519,0.22545047965165,0.100567982617467,0.0605432832876122,1,-0.0773661478237269,-0.00294579736831939,0.152471308718329,0.0524925591523427,0.215582135823688,0.208992027207253,-0.0928517624807451,0.0539287548637405,-0.00250887341168777,0.0789671032935675,0.129404437710981,0.0240241972899883,-0.0145299263570839,0.128827324336738,-0.00293396970036969,0.050571711504259,-0.0450403754451539,0.129253442485862,0.0940650931096084,-0.103524006849225,-0.0768088664296949,0.0125558929481658,-0.00572959521991014,0.0305001086730405,0.059959033981944,0.0273614245349986,0.0476034671834429,0.121530275531502,0.0487277316129488,0.140312280684672,0.0674179595593231,-0.11268581576642,0.0916465399039963,0.0579343530145138,-0.0351110479231799,0.188644348460111,-0.00475928895722725,0.0325607391106769,0.0644050304482766,-0.0234261003356865,0.038231430815076,0.0814466872135773,-0.0198928198315652,0.0363561541444071,-0.217622403150351,0.0689683920664601,0.0849476382624598,-0.117539531803986,0.0336025126243742,-0.0596580931500668,0.310450691246432,0.355703496808705
"7",0.0956471349196391,-0.0813274303926886,0.0416696362548121,0.282744634750671,0.0526525168287694,-0.0773661478237269,1,0.0720620404598127,0.140022067151451,0.0313864681261347,0.0312993344537614,0.231654832253538,0.176510672938789,-0.0134492864280817,0.0230065277998746,0.078068873612277,0.0649402386245339,-0.0658280581947862,0.00803418979971024,-0.00424641179065833,0.0191259755411679,0.0191961728487849,0.124307582539085,0.279652490504724,-0.0558488653601272,0.22303070024756,0.194308582773288,0.11154590808825,0.0110714574904442,0.120968540224501,0.0923843496037931,0.0835283084918329,-0.03292693332785,-0.0446832502480284,0.38377799957996,0.00683041823989818,0.218886066362567,0.251355700851907,0.166407203971769,0.0664148079084522,0.106532555868792,0.00547585729908818,0.0141764036491727,0.265740340512047,-0.0247665755955468,-0.2432796846859,-0.0777074004016138,0.0594438846667118,0.27603338327747,0.148415132420707,0.0162290546889951,0.0356196742126112,0.0261823198136073,0.106128928119836,0.0257788937565414,0.0172955077489695,0.127020436491638,0.0552111379894903
"8",-0.0469729390219352,-0.159570908556087,-0.0017710815360241,-0.0327926105847618,-0.0708421196798202,-0.00294579736831939,0.0720620404598127,1,0.0517639086446822,-0.00633010632218104,0.133776737786148,-0.0151254132276379,0.167204320236933,0.0262047268175212,0.137589451667564,-0.00643699066404818,0.0382985344044992,-0.0994947609940581,-0.109636014166627,-0.0274267003593891,-0.185659097553583,-0.0391427891091131,-0.0599265143991911,0.082248416453015,-0.0831232635996413,0.235010098343134,-0.0121509670980762,0.115092639628921,0.111559298642035,-0.160931968379556,0.00858952656545655,0.140850523953469,-0.122167564140295,-0.355649369536565,-0.0737487489388976,0.182071039800487,-0.0649096358001967,0.0762355743068455,0.133218044505253,-0.0297468561688983,0.135486108236743,5.37323939294865e-05,-0.0728836724099766,-0.100259135587014,0.102170717610665,0.252549941339861,0.0422176046618421,0.0793037608971466,0.194146407537795,0.0444097268657812,0.11124903608043,-0.103564446614468,0.164965319620809,0.0489049385627538,0.00610937270302296,-0.231825153058422,0.0648295749890367,0.0970669252182545
"9",0.292393993916982,0.202768224529216,-0.00895149208908379,-0.177510476795859,0.154055383535181,0.152471308718329,0.140022067151451,0.0517639086446822,1,0.395408712854585,0.0103061611151016,-0.0448054817208619,-0.167500407370093,0.147303395134982,0.151527586855409,0.0484550028161954,0.0789353720830676,-0.150201668257327,0.0721001751528405,0.00625778670454057,-0.0908230602392664,0.00122239993089511,0.104387769120404,0.188779242081798,0.10988475750169,-0.212126385864812,0.0814828278912591,-0.175700352909452,0.157646726118334,0.169793635675228,-0.061191106582666,0.0777402285828755,0.00997573843112335,0.0358113290844244,-0.13746211367395,-0.071212106432135,0.00113732936102491,0.0333678768854438,0.0393647564404495,-0.157988947632606,-0.330047553327471,-0.259562469116587,0.37544987264477,0.0189074795498349,-0.29994285657244,-0.288961056105332,-0.431566375393171,-0.174486383419283,0.100043448559664,-0.0993124634870167,0.111002137283053,0.230003722137027,-0.182603726601434,0.133287881810638,0.0800001179561869,0.0906492390958341,0.0220621527994522,0.0599348616467998
"10",0.119181467650601,0.301306929151879,0.0101920673041757,-0.280481149228599,-0.020347780010111,0.0524925591523427,0.0313864681261347,-0.00633010632218104,0.395408712854584,1,0.0432169669113578,-0.162717646140933,-0.0217008150582728,0.161699709302958,0.268124640938554,0.244541677873494,0.242413749086794,0.00867499806193958,-0.00726499123315666,-0.0645512819534905,0.0183585152887925,0.144710844409658,-0.0516022341958083,0.0448769916514743,0.0671173190161021,-0.302364692997187,0.0448181301487504,-0.0254607373910143,0.201851886332486,0.0856827709332102,-0.136302443377945,-0.0068713271167446,-0.0854825119261622,-0.0795291271621134,-0.101890840441825,-0.126678728325257,0.190461603122628,-0.101222048600472,-0.062248260373528,-0.00314833794857466,-0.224187132849184,-0.128825713807428,0.257014911587633,0.232930745451469,-0.310565050128653,-0.18293659779017,-0.204359613868911,-0.201387097635394,0.055882130320668,0.117658036913253,0.0961571976715008,0.320123082785292,-0.0133981132817368,0.128717004309417,0.0137072996558012,0.201896534055187,-0.0811290371934757,-0.0222893221718155
"11",0.109112534771397,0.1879126222495,0.138331150839812,0.0357090059433912,-0.0372097642583236,0.215582135823688,0.0312993344537614,0.133776737786148,0.0103061611151016,0.0432169669113578,1,0.189948900353195,0.12416000550094,0.0665137081992829,0.0509810424112606,0.112974308210355,0.257217976888498,-0.0824410529078072,-0.116798377169947,0.235736906180881,-0.0590373417451684,0.00383177734024263,-0.0812989996728816,0.00257141764378314,0.0188272929496043,-0.0647711928664596,0.0809835902636985,0.289869786686364,0.115035524644322,-0.019498946780257,0.0514880502116124,0.0959595354901465,0.0904240853558773,-0.0247930651514049,0.178146651788889,0.0977414455412142,0.0446082900338589,-0.111061774780402,-0.0277740281244055,0.0467221774833105,0.0465956395853254,-0.0339485824437753,0.170797105178709,0.0295930812750803,-0.0691727837836022,-0.00090755252838565,-0.085821637773077,-0.0545493381842636,0.00626379819469421,-0.0410676566396512,-0.0139124258503875,-0.0529930959168951,0.0858581022866985,-0.0472487089300671,-0.0493169304249136,0.0763028421657799,0.0541604785564459,0.116614812423247
"12",0.194543590158491,0.210141695106586,0.128485925481008,0.25310055475002,0.144715003391563,0.208992027207253,0.231654832253538,-0.0151254132276379,-0.0448054817208619,-0.162717646140933,0.189948900353195,1,-0.0789002147712611,-0.0528903847760733,0.0607623544632383,0.216931990754527,-0.0801746863697102,-0.0971977681099497,0.0555913635787455,-0.0136470300796622,0.101533075953854,-0.0213325855559361,0.0518393729282733,-0.0202106974962043,0.098716372579065,0.251294199162007,0.0342838445157716,0.0515181740474574,-0.00156959502659294,0.0165809519403037,0.258679243906839,-0.0260841888769826,0.113670195035522,0.0501086411412692,0.19811124264793,0.134248003405421,0.225335617924256,0.170306921535284,-0.00895524792593833,0.215787064993221,0.0346812387549245,0.177367819681048,-0.013013695293233,0.114794566644581,0.070077400559862,-0.0307668098399091,-0.0662128236148651,-0.127605099383788,-0.0304409328959128,-0.00710017849582382,-0.133742044722367,-0.10366156854704,0.0541917733946448,-0.067553557757515,0.0590236766933885,-0.0912896202541913,0.297811553667191,-0.00671766004136044
"13",-0.136877910654022,-0.0244728918367044,0.157710032522718,0.0840497097299087,0.0521602340409514,-0.0928517624807451,0.176510672938789,0.167204320236933,-0.167500407370093,-0.0217008150582728,0.12416000550094,-0.0789002147712611,1,-0.132863782413257,0.130287217379944,-0.0771031499739948,0.134604385519942,0.181085457261408,-0.0535137882032336,0.0547361605812821,0.110047431235136,-0.132205294973993,-0.104879168950306,0.0784178558829311,-0.103879159156152,0.0285520769208777,0.0845359938066566,0.0113744471673062,0.0129955702390127,-0.0131599139378802,-0.0366904514999824,0.0189405531323703,0.0620245900542726,0.00146587536153931,0.0285041232851298,0.00490528818742381,0.173105011704149,0.0951222340231997,0.147129277553164,0.0235892177214225,0.258793665116424,0.0687588762475089,-0.129671848481093,-0.0639128918989056,0.1226318250346,0.0860553421260332,0.0983189431231164,0.0263422278005975,0.306069956087086,0.0284194910831119,0.090411747815934,-0.0925034667487934,-0.0741305594062144,0.130983506137782,-0.009450219569323,-0.0299554391787112,0.0725130361868757,0.00365705488976707
"14",0.213936534530312,0.0463432152901539,0.0345511132532608,-0.138428228698045,0.168525056189406,0.0539287548637405,-0.0134492864280817,0.0262047268175212,0.147303395134982,0.161699709302958,0.0665137081992829,-0.0528903847760733,-0.132863782413257,1,-0.0258680730052614,0.0744608770024917,-0.020177394213301,0.0941721678719514,-0.0533553535321365,-0.0963611282149474,-0.0288886789274827,0.141861662638786,0.114269136287146,-0.0653605200570197,0.0296788970644091,-0.135009328625614,0.00447690463312888,-0.0974909315801799,-0.0203492904901114,0.0791025179122329,-0.191505058257517,-0.0505465512457326,-0.0275273930884982,-0.197353241449929,-0.00650130487697703,-0.164773455933681,0.00100858743510646,-0.0794671920254896,-0.0960341065142154,0.0628247871074937,-0.0951277822722662,-0.189637702735678,0.216200547623641,-0.0448694572916311,0.0228116369041877,-0.0786006223793141,-0.120906032122295,-0.0271625719674943,0.0705498768221524,0.254101259667524,-0.146359710107864,-0.099316810816767,-0.0504457716807727,0.0680691999366135,0.00524591414655605,0.0437809291383787,0.0497237179690745,0.0483959278669704
"15",0.186562879134211,0.247298040742692,0.0437834057299507,-0.0672405356198536,0.206391792144451,-0.00250887341168777,0.0230065277998746,0.137589451667564,0.151527586855409,0.268124640938554,0.0509810424112606,0.0607623544632383,0.130287217379944,-0.0258680730052614,1,0.058714891548317,0.0979709638567283,0.0314635885313876,-0.0638107447777046,-0.0787543777147875,-0.0786404058665733,0.0648231644192056,-0.131201518980381,0.0554977247100148,0.0382634577656143,-0.155914983610315,-0.0228661240733251,0.0260033885999099,0.154397175490692,0.153184922863418,-0.111436580685402,0.160552357527221,-0.0411102629821108,-0.110624474093171,-0.167359614301471,0.243141047419161,0.0726892291777974,0.142930043728144,0.132620168562721,0.0564677842483561,0.0756846300060101,0.0124175171215183,0.158829697354554,0.0192256999259663,-0.255535649293121,-0.225629307681069,-0.152671750363479,-0.189363144536501,0.159868599971857,-0.0534329297507683,0.21607250663429,0.0598680476156286,-0.110502403592181,-0.0148138696597034,0.0228319048458462,0.146517500440267,0.0900226007252773,-0.0349020329971546
"16",-0.0356649593627529,0.156221930493803,0.16523227846874,-0.0451349151873752,0.0889475318534463,0.0789671032935675,0.078068873612277,-0.00643699066404818,0.0484550028161954,0.244541677873494,0.112974308210355,0.216931990754527,-0.0771031499739948,0.0744608770024917,0.058714891548317,1,0.0137635866376136,-0.0698750189261058,-0.0802506601925561,0.15875338060109,-0.0135369879744038,0.0398783324929425,0.10520168493391,-0.223305374286393,-0.0167802627911231,0.0455281620701766,-0.0145884396903649,-0.00636848763265711,0.0557967053186957,0.08025332665465,0.0525821013685836,-0.0615081716289332,0.13909144805764,-0.00781649340279482,0.0265905103256824,-0.0679081084480982,0.294286263277164,0.0172192576045395,-0.12730347596733,0.0141979644200534,-0.188501238839412,-0.0238147836076639,0.148905210613818,0.0514071760336619,-0.0621315717935064,-0.0005350264055218,-0.130465875154856,-0.137545727601634,-0.0758536439124134,0.0902928313660165,-0.148939426358714,0.0925319452284855,0.133501402580544,0.117182009521099,-0.0943977959836161,0.0653850126482015,0.049680013929729,-0.148936080800381
"17",0.124378031193287,0.113818378282748,-0.0325332246087166,-0.108387469922746,0.0270703735869627,0.129404437710981,0.0649402386245339,0.0382985344044992,0.0789353720830676,0.242413749086794,0.257217976888498,-0.0801746863697102,0.134604385519942,-0.020177394213301,0.0979709638567283,0.0137635866376136,1,-0.0126007722699102,-0.114130463588519,0.109406441898311,0.149130416920038,0.205256350629359,-0.0551762006024625,-0.0161580443727496,-0.0144828484489799,-0.130735208091372,0.0260690902160655,0.060644913674176,0.20051566822486,-0.109059233026334,0.119317809625806,0.0996591784156405,-0.0778576606562836,0.0615231881484775,-0.123942571060634,0.0392227107337041,0.00152540765587726,-0.0774649862072167,-0.0995030419974226,0.0926049166104749,0.0348370751132909,0.0358183392784813,0.0347053171490757,0.102974893059787,-0.168478289155163,-0.0576365564788499,-0.0462714086318465,-0.0872187801779579,0.232223459591576,0.0509912330117988,0.0460884522404332,0.189217528044683,0.0190941805192301,0.0198205860085333,-0.0999895114275094,0.0251566837447614,0.0208676504502205,0.00680713594146905
"18",-0.139761434300185,-0.0275184601174012,0.172529672316111,-0.119001525244854,0.0914679713618013,0.0240241972899883,-0.0658280581947862,-0.0994947609940581,-0.150201668257327,0.00867499806193958,-0.0824410529078072,-0.0971977681099497,0.181085457261408,0.0941721678719514,0.0314635885313875,-0.0698750189261058,-0.0126007722699102,1,0.0770999863284677,-0.0596309825439697,0.184480583309181,0.0377735434838629,0.0129806710125428,-0.00279194815090131,-0.0372447993158688,-0.0341997792010834,-0.040933125146147,-0.0810465118071442,-0.0419060311853158,0.093340973770665,-0.0319907891651968,0.193422036328975,0.108980359773828,0.106813788843412,0.0461584432298979,-0.115964641226734,-0.0530207908941633,-0.235210148815825,-0.101033378213672,0.040134020907418,0.0449851867661023,0.136478273332095,-0.0828373853896356,-0.0587512211737934,-0.069195346493108,-0.00043394941980704,0.200337849228737,0.105185327467689,0.11116730713015,0.275088685497889,-0.030998588253903,0.128165985409577,-0.0544306463715641,-0.0914513949859166,0.0764610368278218,-0.0891054542865783,-0.02552689779414,-0.179481323498537
"19",0.0266278810368232,0.225701983280946,-0.0860267567757163,-0.106106215901993,0.0511637795826044,-0.0145299263570839,0.00803418979971024,-0.109636014166627,0.0721001751528405,-0.00726499123315666,-0.116798377169947,0.0555913635787455,-0.0535137882032336,-0.0533553535321365,-0.0638107447777046,-0.0802506601925561,-0.114130463588519,0.0770999863284677,1,0.0660178767555456,0.0908678102551985,-0.145347025596022,0.06191947127243,0.0494547215548065,0.027038399847882,-0.0580599211497645,-0.0564709779803857,-0.0921754570531653,0.221723364608925,0.00596561645155048,0.188210030208281,0.0473991138112831,0.0835765576641513,0.0908347064094225,-0.196540345086518,-0.00866440597387228,-0.0205909729781435,0.050535780349018,0.126819030965684,0.0189172649733016,0.00875493211196073,0.0892695236792404,0.138888406858273,-0.0290022180040196,0.0161029154313065,-0.0579051070763325,0.0743894358871673,-0.0264600789552391,0.0327357383753812,-0.0282613355509078,0.0576980581245381,-0.0427488405539413,-0.0963221021730039,0.0482090546500273,0.252103348271536,-0.0799754862925972,-0.0116408829096609,0.0467951480404165
"20",-0.0800076155446968,0.148291083100051,0.118320324742608,0.0726723319619427,-0.0245248240481993,0.128827324336738,-0.00424641179065833,-0.0274267003593891,0.00625778670454057,-0.0645512819534905,0.235736906180881,-0.0136470300796622,0.0547361605812821,-0.0963611282149474,-0.0787543777147875,0.15875338060109,0.109406441898311,-0.0596309825439697,0.0660178767555456,1,0.0716426583531002,-0.0398856858900271,-0.0914557704125006,0.0436260420586463,0.106038221564776,0.0398787730467421,-0.0103169044309145,0.176853417613837,0.0582140760121148,-0.0289857603341718,0.0394313397106012,0.146577094985402,0.095370672184772,0.135005520748868,0.109546491452927,0.0128687666346477,0.161393934553387,-0.127862234951315,0.0562381406433446,-0.09813266208118,0.0633901652964497,-0.1153012635221,0.0374386525617036,0.0675792860200522,-0.0258948995423606,0.0746303750798914,0.0201901951596626,0.0442023618856968,0.0689020633687985,-0.147432055520312,-0.0700814548202166,-0.052818114738062,0.173659749268948,0.129561394437487,-0.00839421246170795,0.00013198778016603,0.144603505698357,0.177725646768154
"21",0.0248577174058038,0.214631770091978,0.129784586062198,0.0444294580619037,-0.222282568722683,-0.00293396970036969,0.0191259755411679,-0.185659097553583,-0.0908230602392664,0.0183585152887925,-0.0590373417451684,0.101533075953854,0.110047431235136,-0.0288886789274827,-0.0786404058665733,-0.0135369879744038,0.149130416920038,0.184480583309181,0.0908678102551985,0.0716426583531002,1,-0.108331546940971,0.0315414370032437,-0.0147957258997263,0.060755613103274,-0.0263325974672863,0.0513382020295721,0.00253191052673744,0.111318281770233,0.017732254889579,0.160060694374129,0.0560898282472387,-0.00262290245901543,0.0349294044058017,0.0837084944348468,-0.16223729695746,0.0277412753031814,-0.0772396450057733,-0.0579421499850424,0.195670931254929,-0.0714254751899361,-0.0668951917463042,0.072439843073732,0.121604258222263,0.0234431012533086,0.0171445663628877,0.0650506472512044,-0.00301929838353622,-0.0442510901154091,0.0240881278219886,-0.154306300085169,0.178757032669028,-0.146570669444681,0.0598426476496463,0.0780412304120067,-0.0765317686205603,0.077746126860461,-0.0900781921517633
"22",0.155023911783408,0.0142989052331326,-0.00670817247068738,-0.104053086762306,0.119159581964159,0.050571711504259,0.0191961728487849,-0.0391427891091131,0.00122239993089511,0.144710844409659,0.00383177734024263,-0.0213325855559361,-0.132205294973993,0.141861662638786,0.0648231644192056,0.0398783324929425,0.205256350629359,0.0377735434838629,-0.145347025596022,-0.0398856858900271,-0.108331546940971,1,0.00764397359855296,-0.0411395789003164,0.00218206914852202,0.0468089004128739,0.127108103075526,0.124392981742906,0.101233875024966,-0.00666092782880076,-0.0687782957911108,-0.0637652365757392,-0.0135670409076632,-0.107679674391869,0.060234430525823,-0.0219521259621225,0.0427727601231324,0.0363491817859048,-0.0224219176357509,0.181345432511651,0.132118296671287,0.0918064844996345,0.0624357070900267,0.0722611693091604,-0.0335953960956105,0.00875553201292917,0.0390314265484384,0.0933341966681245,0.167611466545027,-0.0248675581823539,-0.0793666515780802,-0.0440023275671988,-0.0360428313394782,-0.0356416332984377,0.077871914809602,0.0582919919350825,0.041383281646533,0.0861590111632004
"23",0.19792772721865,-0.0665001480537618,-0.142807994949634,-0.0417925602382115,0.106149719342731,-0.0450403754451539,0.124307582539085,-0.0599265143991911,0.104387769120404,-0.0516022341958083,-0.0812989996728817,0.0518393729282733,-0.104879168950306,0.114269136287146,-0.131201518980381,0.10520168493391,-0.0551762006024625,0.0129806710125428,0.06191947127243,-0.0914557704125006,0.0315414370032437,0.00764397359855296,1,0.111726686004273,0.077122145985273,-0.027966642772828,0.0715567572741041,-0.00243896930429303,0.0390391561880026,-0.0361764833168046,0.272941390017117,0.0646057542502185,0.172436621207662,0.116749403304574,-0.0158186105040661,-0.257489094293644,-0.0398393089039258,0.0528639373639204,0.187669991639872,-0.0213950058944527,0.012526134063106,0.0591762792642261,0.0699359482183806,0.0678471436620367,0.0112247420630987,0.0644474058837405,0.0749263688073124,0.0803435061854504,-0.0145292326328945,0.150225083998674,0.128313342937276,0.0346896917772502,0.0983996567695086,0.0690916196044767,0.0544807432629517,0.022648525212626,-0.00694972651130357,0.00734899219487613
"24",0.151610922223439,-0.189886528127058,-0.0880797885274096,0.122159486227845,-0.106138785218244,0.129253442485862,0.279652490504724,0.082248416453015,0.188779242081798,0.0448769916514743,0.00257141764378314,-0.0202106974962043,0.0784178558829311,-0.0653605200570197,0.0554977247100148,-0.223305374286393,-0.0161580443727496,-0.00279194815090131,0.0494547215548065,0.0436260420586463,-0.0147957258997263,-0.0411395789003164,0.111726686004273,1,0.0829792883585905,-0.0803258444628886,0.168968485953354,0.185373504319826,0.0818031016873894,0.0511772074025933,0.172776697446654,0.127869690014611,0.0836021685041824,0.0865917071720062,-0.00317333671840118,-0.0822983623767619,-0.172977886769335,0.0396868624328523,0.255708885538361,0.0870236264354857,0.21228085762781,0.0386934064135848,-0.105779867076347,0.133811812770232,-0.0458921957062268,-0.0658633885033896,0.153796770766894,0.160084619945709,0.13613819277674,-0.00349763859920328,0.218374726921764,0.170753515810869,0.0905643416183812,0.034075041670467,-0.0412927613639055,0.00507208831149236,0.0825465643206471,0.30200134104745
"25",-0.030265595660872,0.358029762596429,0.151549142395468,0.0816844303406148,0.0355673527479229,0.0940650931096084,-0.0558488653601272,-0.0831232635996413,0.10988475750169,0.0671173190161021,0.0188272929496043,0.098716372579065,-0.103879159156152,0.0296788970644091,0.0382634577656143,-0.0167802627911231,-0.0144828484489799,-0.0372447993158688,0.027038399847882,0.106038221564776,0.060755613103274,0.00218206914852202,0.077122145985273,0.0829792883585906,1,-0.0975469746388405,0.0316775873963225,0.0562368870288476,-0.0564761064183457,0.037665683413861,-0.029613095624906,0.164864616266099,0.133111818359182,0.159463671446355,0.13588727694609,-0.0551967496106012,0.00484190728601526,0.0181017318285139,0.00907615245028906,-0.132899391220843,-0.100144538028371,-0.129313461216449,0.00768418597912298,0.0209832799669758,-0.0812807170756103,0.0290405839662757,-0.199036967516492,-0.0503461285051994,-0.205640475357546,-0.0949581345788316,-0.133266582468274,-0.0823023933091789,-0.0623091384738566,-0.116684837310907,-0.0831649630144768,0.0674948011080444,0.166847036176216,0.107302351680797
"26",-0.0934240153939411,-0.0874024543168217,0.0380029837430398,0.169616010153982,-0.0970478274625999,-0.103524006849225,0.22303070024756,0.235010098343134,-0.212126385864812,-0.302364692997187,-0.0647711928664596,0.251294199162007,0.0285520769208777,-0.135009328625614,-0.155914983610315,0.0455281620701766,-0.130735208091372,-0.0341997792010834,-0.0580599211497645,0.0398787730467421,-0.0263325974672863,0.0468089004128739,-0.027966642772828,-0.0803258444628886,-0.0975469746388405,1,0.0679752048772911,0.0170473690984934,-0.185737499009466,-0.00450363103710348,0.0931093691141651,-0.0339636884676987,-0.12660415482498,-0.099981644596964,0.315974154977026,0.0800213691090143,0.0427688915284087,0.0833450469095965,0.128768971226653,0.0949795186543768,0.166473281573334,0.183361179076166,-0.182748188294234,-0.0591797529493557,0.237527265373456,0.151290243633746,0.120538459093473,0.137537588941936,-0.00849773487125459,0.0755843401170346,-0.106468503029553,0.00077405037399108,-0.00362888707450489,-0.0421126450348093,-0.055815796358228,-0.216145237038161,0.12249353672121,-0.039434506754244
"27",0.080157836128501,-0.0364964746758212,0.0103306905823162,0.242892202193289,0.0564786059480508,-0.0768088664296949,0.194308582773288,-0.0121509670980762,0.0814828278912591,0.0448181301487504,0.0809835902636985,0.0342838445157716,0.0845359938066566,0.00447690463312888,-0.0228661240733251,-0.0145884396903649,0.0260690902160656,-0.040933125146147,-0.0564709779803857,-0.0103169044309145,0.0513382020295721,0.127108103075526,0.0715567572741041,0.168968485953354,0.0316775873963225,0.0679752048772911,1,0.30566982885583,0.197210301918455,0.078414988987749,0.0762276909269347,0.102377285379774,0.029161181960557,0.102339957643892,0.159299704613978,0.0782016806914534,-0.034470327645909,0.248254616023554,0.125767645422232,0.184816418378694,0.170883307557244,0.128757981824118,0.0560622725588585,0.0325361514151688,-0.191106689891311,-0.23911632327484,0.175195071778819,0.291472728077094,0.253781364899427,0.036649093389829,-0.0629315450979547,0.0691705897904913,0.0171965109075563,0.169531439019244,0.122490100391309,-0.0674145681008029,0.0463783945906064,0.0726793042503402
"28",0.0101306786286035,-0.16030640912785,-0.0541772254166409,0.0998279435471738,-0.139303772708782,0.0125558929481658,0.11154590808825,0.115092639628921,-0.175700352909452,-0.0254607373910143,0.289869786686364,0.0515181740474574,0.0113744471673062,-0.0974909315801799,0.0260033885999099,-0.00636848763265711,0.060644913674176,-0.0810465118071441,-0.0921754570531653,0.176853417613837,0.00253191052673744,0.124392981742906,-0.00243896930429303,0.185373504319826,0.0562368870288476,0.0170473690984934,0.30566982885583,1,0.317272001703509,-0.0264980866370162,0.0707288395774827,0.163760061484627,-0.082179801568251,0.0388181146564096,0.124141329449859,-0.022978428441941,0.0502123417222805,0.0558104622520971,0.0616647769674196,0.228645176235925,0.121825906749725,0.208620594571497,0.099275853228931,0.293359558295124,-0.116466096394587,-0.0383745712728837,0.0830337377463063,0.0943100176952244,0.0755418142806074,0.171615056151207,0.0600736406595014,-0.0915412559434191,0.158406211109767,0.077942626540543,0.0217387756576852,-0.0402889821314406,0.114410705940731,0.165851265187657
"29",0.310412633182144,0.155393091406898,-0.0657113782369684,-0.0921852874470695,-0.167782899600249,-0.00572959521991014,0.0110714574904442,0.111559298642035,0.157646726118334,0.201851886332486,0.115035524644322,-0.00156959502659294,0.0129955702390127,-0.0203492904901114,0.154397175490692,0.0557967053186957,0.200515668224861,-0.0419060311853158,0.221723364608925,0.0582140760121148,0.111318281770233,0.101233875024966,0.0390391561880026,0.0818031016873894,-0.0564761064183457,-0.185737499009466,0.197210301918455,0.317272001703509,1,-0.0180229679198896,0.249745628830249,0.127044056606163,0.0736649300329377,-0.0219386116880848,-0.244420190895395,0.125635859621155,0.0586696726690048,0.128189141220562,0.0626884716463383,0.151968428350924,0.199287265544008,0.193414480884342,0.216383638158884,0.175345176151694,-0.138078765751424,0.0914454642406116,0.0439259557938578,-0.00114201311487117,0.1925132810709,0.0419103428075627,0.089792896195091,-0.00440136673062689,0.0293530570301494,0.163870655250841,0.219303417035693,-0.0401179061228113,0.10232612500853,0.159161294847411
"30",0.0201058227287866,0.10809601094744,0.135306011248532,0.0204767785930996,0.0433477561907492,0.0305001086730405,0.120968540224501,-0.160931968379556,0.169793635675228,0.0856827709332102,-0.019498946780257,0.0165809519403037,-0.0131599139378802,0.0791025179122329,0.153184922863418,0.08025332665465,-0.109059233026334,0.093340973770665,0.00596561645155048,-0.0289857603341718,0.017732254889579,-0.00666092782880076,-0.0361764833168046,0.0511772074025933,0.037665683413861,-0.00450363103710348,0.078414988987749,-0.0264980866370162,-0.0180229679198896,1,-0.0326014790498085,0.0641864698595293,-0.0509627206595065,-0.021740326335667,-0.0378915901661863,-0.101431401597962,-0.00905797857886535,0.135139503538393,0.173390615428987,0.174990205427453,0.0319598720085991,0.118758969961827,0.191264958305128,0.0576114611813611,-0.162609582504184,-0.2918173877626,-0.13132229234899,0.00284371418559094,0.0144578509719016,-0.00652345679543818,0.00984518530712572,0.00146244657725466,-0.0930573546784467,-0.0498109425722785,0.114805212874521,0.31670970777303,0.00496717004471611,-0.0737065804412163
"31",-0.0433465537550114,-0.037552887065774,-0.0837921100427562,0.085030337969977,-0.197585110555798,0.059959033981944,0.0923843496037931,0.00858952656545655,-0.061191106582666,-0.136302443377945,0.0514880502116124,0.258679243906839,-0.0366904514999824,-0.191505058257517,-0.111436580685402,0.0525821013685835,0.119317809625806,-0.0319907891651968,0.188210030208281,0.0394313397106012,0.160060694374129,-0.0687782957911108,0.272941390017117,0.172776697446654,-0.029613095624906,0.0931093691141651,0.0762276909269347,0.0707288395774827,0.249745628830249,-0.0326014790498085,1,-0.00172688342652343,0.0124643999935016,-0.0564216993855423,-0.00730557777033665,0.00834413600633323,-0.0618224224503328,0.0956445757846064,-0.0287794421484432,-0.00129085127265097,0.0965397206651146,0.219053175143509,-0.129641184504555,-0.0527239931460268,0.0587277196042077,-0.0161989111411909,0.10241613050902,0.111784684631647,-0.0302800815248678,-0.12157820607968,-0.0479479614993048,0.15817293522379,-0.00839604428604754,-0.0290227265172058,-0.0568475435758125,-0.0582637357907166,0.0752955961200144,0.0855831878718571
"32",0.184021305598692,0.0939897668706094,0.0470641030921534,0.0096906317331595,-0.0427217549483274,0.0273614245349986,0.0835283084918329,0.140850523953469,0.0777402285828755,-0.00687132711674461,0.0959595354901465,-0.0260841888769826,0.0189405531323703,-0.0505465512457326,0.160552357527221,-0.0615081716289332,0.0996591784156405,0.193422036328975,0.0473991138112831,0.146577094985402,0.0560898282472387,-0.0637652365757392,0.0646057542502185,0.127869690014611,0.164864616266099,-0.0339636884676987,0.102377285379774,0.163760061484627,0.127044056606163,0.0641864698595293,-0.00172688342652343,1,-0.183719193095182,-0.0653624550559098,0.0229735311001375,0.260399540375489,0.0378093435036645,0.129848912455991,0.0396619023945486,-0.147806038227286,0.0980713835700497,0.032749297346454,0.079939739054537,0.0194851709488892,-0.155960829610877,-0.0219063404253849,-0.0804154049107602,0.0624794431394599,0.232875428786259,0.233724214987018,0.034047638139918,0.0522895909102531,0.064868998901695,-0.0137251731977443,0.10173720561397,0.00776658291905974,0.085369801632863,-0.0758630825063011
"33",-0.0403995866751989,0.0364647020449515,-0.0242773340946697,-0.0114116859047669,0.104121885751912,0.0476034671834429,-0.03292693332785,-0.122167564140295,0.00997573843112335,-0.0854825119261622,0.0904240853558773,0.113670195035522,0.0620245900542726,-0.0275273930884982,-0.0411102629821108,0.13909144805764,-0.0778576606562836,0.108980359773828,0.0835765576641513,0.095370672184772,-0.00262290245901543,-0.0135670409076632,0.172436621207662,0.0836021685041824,0.133111818359182,-0.12660415482498,0.029161181960557,-0.082179801568251,0.0736649300329377,-0.0509627206595065,0.0124643999935016,-0.183719193095182,1,0.230047200399616,0.0591774781653164,-0.0672197280869632,-0.0912207381484812,-0.0890042915496556,0.0334106121469136,-0.0794312927577548,0.158374197630964,-0.0593194244066145,-0.0346903892339651,-0.0188399163170966,0.07815293586845,0.24515231859976,0.131254872896614,0.128545118028762,-0.0812119459675005,-0.10294901433178,0.138944062454957,0.0349171392527139,0.0395248509678828,0.152681687672066,0.0333390798770853,0.110840091989494,0.0604494908985272,0.117081650760239
"34",-0.0220010286093856,-0.0108470670629626,0.241977803387076,0.134391781602402,0.206636590703927,0.121530275531502,-0.0446832502480284,-0.355649369536565,0.0358113290844244,-0.0795291271621134,-0.0247930651514049,0.0501086411412692,0.00146587536153931,-0.197353241449929,-0.110624474093171,-0.00781649340279482,0.0615231881484775,0.106813788843412,0.0908347064094225,0.135005520748868,0.0349294044058017,-0.107679674391869,0.116749403304574,0.0865917071720062,0.159463671446355,-0.099981644596964,0.102339957643892,0.0388181146564096,-0.0219386116880848,-0.021740326335667,-0.0564216993855423,-0.0653624550559098,0.230047200399616,1,0.0411576839728258,-0.136674557664506,0.147903187313006,-0.00229962178461266,0.0901482190715459,0.0135195295499839,0.0570617373304951,0.112905564657959,0.0316039385096592,0.00050378499929975,0.0356502922597436,-0.0977693563735032,0.268793532511647,0.0714985826956731,-0.0491167145873587,-0.052952220398977,-0.0515849733407029,0.0323940204210095,0.0627888234208478,0.0558000950355157,-0.0235515150024935,-0.014707128546674,0.102138197375,0.130947865751142
"35",-0.0297468894471526,-0.0813637711653393,0.132362017236749,0.232682577357932,0.0712554560617755,0.0487277316129488,0.38377799957996,-0.0737487489388976,-0.13746211367395,-0.101890840441825,0.178146651788889,0.19811124264793,0.0285041232851298,-0.00650130487697703,-0.167359614301471,0.0265905103256824,-0.123942571060634,0.0461584432298979,-0.196540345086518,0.109546491452927,0.0837084944348468,0.060234430525823,-0.0158186105040661,-0.00317333671840118,0.13588727694609,0.315974154977026,0.159299704613978,0.124141329449859,-0.244420190895395,-0.0378915901661863,-0.00730557777033665,0.0229735311001375,0.0591774781653164,0.0411576839728258,1,0.113479236342699,0.298828199528354,0.14538840877752,0.0144262085453011,0.00297169471831064,0.0950243186910126,0.0927483127701324,-0.0926943577438578,0.0806890711947413,0.12209349741152,0.0434122007584011,-0.0420431348101248,0.117914855436906,-0.0144803994357303,0.017724288798825,-0.245549460183565,-0.127950882379317,0.16575624841958,-0.00663504341444216,-0.0179872816034638,-0.0660079861661146,0.0595636667767269,-0.0406037253627428
