"","l_Insular.Cortex","r_Insular.Cortex","l_Amygdal.Area","r_Amygdal.Area","l_Bed.Nucleus.of.the.Stria.Terminalis","r_Bed.Nucleus.of.the.Stria.Terminalis","l_Hippocampus","r_Hippocampus","l_Orbitofrontal.cortex","r_Orbitofrontal.cortex","l_Entorhinal.Cortex","r_Entorhinal.Cortex","l_Frontal.Association.Cortex","r_Frontal.Association.Cortex","l_Globus.Pallidus","r_Globus.Pallidus","l_Glomerular.Layer.of.the.Accessory.Olfactory.Bulb","r_Glomerular.Layer.of.the.Accessory.Olfactory.Bulb","l_Glomerular.Layer.of.the.Olfactory.Bulb","r_Glomerular.Layer.of.the.Olfactory.Bulb","l_Granule.Cell.Level.of.the.Cerebellum","r_Granule.Cell.Level.of.the.Cerebellum","l_Hypothalamic.Region","r_Hypothalamic.Region","l_Entorhinal.Cortex","r_Entorhinal.Cortex","l_Vermix.Molecular.Layer.of.the.Cerebellum","r_Vermix.Molecular.Layer.of.the.Cerebellum","l_Lateral.Molecular.Layer.of.the.Cerebellum","r_Lateral.Molecular.Layer.of.the.Cerebellum","l_Anterior.Olfactory.Bulb","r_Anterior.Olfactory.Bulb","l_Posterior.Olfactory.Bulb","r_Posterior.Olfactory.Bulb","l_Subiculum","r_Subiculum","l_Perirhinal.Area","r_Perirhinal.Area","l_PreLimbic.System","r_PreLimbic.System","l_Primary.Cingular.Cortex","r_Primary.Cingular.Cortex","l_Primary.Motor.Cortex","r_Primary.Motor.Cortex","l_Retrosplenial.Cortex","r_Retrosplenial.Cortex","l_Secondary.Cingular.Cortex","r_Secondary.Cingular.Cortex","l_Secondary.Motor.Cortex","r_Secondary.Motor.Cortex","l_Striatum","r_Striatum","l_Ventral.Tegmental.Area","r_Ventral.Tegmental.Area","l_Substantia.Nigra","r_Substantia.Nigra","l_Thalamus","r_Thalamus"
"1",1,0.123766394142768,0.0884785287111502,0.281192597973664,0.0306690495872196,-0.0942295602310056,0.148226125252226,0.279854288313995,-0.141508493395732,0.112118943727696,0.151049621326728,0.0858091699924901,-0.0930495799062404,-0.0673935418535823,-0.180806595873954,0.010461105514961,0.107522311907722,-0.00599313978722184,0.127394428704302,0.262722420838981,-0.0211775541500086,0.150180161431418,0.113774257392469,0.0218054523625926,0.221592052456982,0.0516612999599582,0.0937704592369756,0.15993042373009,0.263716407784321,0.146052781377892,0.256004054196903,0.316430480191973,0.193759894038263,-0.0969529872021147,0.340067786146562,0.180100091235247,0.00352218638937301,0.0214210228816708,0.0151565193579148,-0.0775753563943614,0.0167490797760802,0.138863939664785,-0.0187381749427857,0.161807944730112,-0.142048271245182,0.0736764204669314,-0.095690025498138,-0.0846425357725871,0.00156424776180188,0.13580960785687,0.315436678869806,0.0934403090155817,0.266628311292055,-0.0245459472082754,0.0646864415239184,-0.0366046942703602,-0.0129445861214671,0.0587861533026518
"2",0.123766394142768,1,-0.132714752868995,0.245430775499303,0.0603839394329789,-0.176580313262326,0.205593604017053,0.0507211936203241,0.113919684686257,0.233602644005084,0.131113900737419,-0.0118044764657194,0.220185464535916,-0.13129291487823,-0.136739478164923,-0.0379698429656024,-0.0704529764281292,0.0923461669734172,-0.081176033467221,0.0404267906444805,-0.0268633173079228,0.0274520514609271,0.00929573242484778,-0.0161251939729954,-0.118505635185118,0.25532770453532,-0.0588105381007467,-0.136372588739054,-0.146901557587865,-0.0112268819983997,0.0947090958290192,0.161395304048059,0.0540102727463296,-0.0114960709194961,0.072017219472384,0.124966087737058,-0.104331906352446,-0.0665751010203349,-0.0219294937011457,0.214986732215744,0.0519747739903229,0.130786343160414,0.0814009867682377,0.140008929959228,-0.00151425583103135,-0.159227429660997,0.0307010742594223,0.16953608372722,0.108766383326723,-0.0405287447313449,0.024265680507215,0.209585099666258,0.142860447392461,-0.0560967815592122,0.223414780976252,0.0815428635179483,-0.215623952997823,-0.216114778033883
"3",0.0884785287111502,-0.132714752868995,1,0.015807562620165,-0.00416455256069181,-0.0380118379182374,-0.0458451912059377,-0.0430622386617499,-0.0150353695272408,0.0669457802279185,0.34300339782184,0.0868178754393018,-0.214642481790748,0.0621502297997324,0.188691123786623,-0.0186196246194376,0.117842129648937,0.0396064672968733,0.278328498057717,0.360627844580841,0.167155779777067,-0.088303106775743,-0.102858636907303,0.118332945089273,0.20614399536277,-0.0459432360980034,0.249715095670679,0.120011102454476,0.251823235017812,0.0271894598791344,0.168901358443397,0.238432213913988,-0.00189332397219704,-0.0383847531818563,0.258465026735796,0.175414594427181,-0.0691589739320645,0.00256592114716713,0.0858968874081666,-0.182037902115118,0.174536406880161,0.050275648369557,-0.136842801012319,0.15335230386575,-0.300454114112628,0.111390349133661,-0.0265738306100895,-0.0621944761183136,0.00928111331488714,-0.0105828058964684,0.230948907852442,-0.144865358928816,-0.0168996195386856,-0.180675394164485,-0.162473342390337,0.0515308883355202,0.200411452158294,0.230905189482013
"4",0.281192597973664,0.245430775499303,0.015807562620165,1,0.0418913083316082,-0.205474512566383,0.184378386945428,0.131344639930154,0.0412275563086521,0.234442632662488,-0.00513647370191324,-0.0114977013973658,0.0674051571678087,-0.0179037064518393,-0.00216483560095125,-0.0207582654168909,0.167152865628907,0.170324649936867,-0.0195646056762407,0.201968557278182,0.0342153144017128,0.07460965389419,0.191222920920762,0.0536996812411908,0.0397192076707634,0.220530046998167,-0.013237973735298,0.0787460510621627,0.150608399564943,-0.0281132171206975,0.180886867774035,0.214524304154685,0.193246203205539,0.0335177312354882,0.164972843589612,0.0715806412595601,-0.0249259232578114,-0.0610034204590843,0.0830393783777017,0.0343021707312869,0.221841539181558,0.238271399424378,0.143949917500363,0.238871827463554,-0.0825863447509886,-0.029763587517091,0.125504200482305,0.164810159810228,0.116047526887291,0.0517380350900959,0.070834250996977,0.0976063079441366,0.030806815200546,-0.0584253711112044,0.0892521974359725,0.0912996982000993,-0.0109779981360633,-0.0420131382053221
"5",0.0306690495872196,0.0603839394329789,-0.00416455256069181,0.0418913083316081,1,0.0915116863999438,-0.0481248116239685,0.0298522207105732,-0.0124919517022915,0.394406148870211,-0.153945968463856,-0.0175642928187646,-0.068141753838734,0.0294116417689397,0.0202912203918413,0.265962673546899,0.0213620040032804,0.0826708420067059,-0.0245844274245158,-0.0584652473447782,0.116304288343257,0.0982647086534292,0.216987998834523,0.140288693263919,0.0913370720734692,-0.0514439056157351,0.0304132392537851,0.252021833368582,0.19816030638032,-0.011639446716516,0.125547573259528,-0.126276934500861,-0.00496142380957493,-0.0777443845927893,-0.004698657997961,0.091026302661794,0.174901445630607,-0.0129075946251413,-0.16703110045776,0.0648119949848945,0.146061617413068,0.277477750108126,-0.017671831631206,0.192603465722042,-0.299243796727759,-0.0746028270464069,0.198727602022018,0.216038571100833,-0.164930988303263,0.0937959186329161,0.165467341988768,-0.0175732001208256,0.080901865785637,-0.0473520612493667,-0.015098407979383,0.00854037615440352,0.0159450564471442,0.1686159154677
"6",-0.0942295602310056,-0.176580313262326,-0.0380118379182374,-0.205474512566383,0.0915116863999438,1,-0.322370062520346,-0.0225573766851184,-0.0437963873145764,-0.14072418291137,-0.0716511425520581,0.0138960373126088,-0.0730319637800326,0.0384571642774107,-0.028905846643008,0.032648119026827,0.0374298241336843,-0.0548962151317887,-0.0230680575345432,-0.0248547884612574,-0.0158819250887673,-0.170644678029479,0.0587645622014412,0.0346476742792384,0.0107076407465733,0.00011765537216402,-0.127669028115123,-0.0680892034661778,-0.155566209373767,-0.168100665087377,0.0611524073649908,-0.138407605556801,-0.157860180747219,0.022123512714762,-0.107021473286507,-0.00961293935782024,0.0697899456424858,0.0207917615871369,-0.114626445774399,0.0377281094076902,0.0752982592738704,0.159241186290612,-0.0543901102040555,-0.0433813560979655,0.0405323925907151,0.0998614588780955,0.269341889842903,0.115296546368538,-0.100255674512509,0.108670716623494,0.0787124749401143,0.0529394916289506,0.0824349878392464,-0.0362266119338415,-0.0460308089020192,-0.0770518920452315,0.203837316735573,0.125700920094845
"7",0.148226125252226,0.205593604017053,-0.0458451912059377,0.184378386945428,-0.0481248116239685,-0.322370062520346,1,0.0211560101264545,-0.0556620578077702,0.152944130324983,0.204362531154342,-0.00092770650531873,0.069878206319004,-0.0845558790148922,-0.136302054819465,-0.0502943459120196,0.0224083855479797,0.168006614715934,0.0210980106534416,0.0732023974539187,-0.155912558439764,0.0540486697535646,0.0474056740462442,-0.0750320272276892,-0.0579215485380936,-0.140045843410065,0.052474114242667,-0.129448748877364,0.0715013617464134,0.140013833202998,-0.141772760590067,0.064554555935616,0.229896421626869,-0.0152953027457014,0.24114477037757,-0.0910562748549615,0.0172080779906823,-0.101537263505797,0.249077584264613,0.0345627666504121,-0.100658346731593,-0.142963201147157,-0.103140058865157,-0.0486665475440443,0.052419594644538,0.0722840650190378,-0.161857079600869,0.0183069890867295,0.0556134600683977,-0.0293895995693576,0.090298750128657,0.112244704793847,0.0291431753198572,0.115341570910191,0.0994338428226447,0.0655845100271837,-0.0638942939962762,0.00517591325228632
"8",0.279854288313995,0.0507211936203241,-0.0430622386617499,0.131344639930154,0.0298522207105732,-0.0225573766851184,0.0211560101264545,1,-0.0824002936077775,-0.125433388400088,0.0618801731172202,0.0282112501042153,-0.0525594280945004,0.133026115343844,0.216713894606073,-0.056273826118364,0.167811593236754,-0.0750151048500773,-0.0123664825909137,-0.18952624078479,-0.0638383163216054,0.0915353390274908,0.0416793037669251,0.0640808529409004,0.218335765070552,0.0639232355803111,0.0945154317476098,0.0203346769307626,0.164246360339828,-0.0365612546533945,0.0617062062070245,0.0570021064445497,0.049190647068685,0.0300863954385299,0.00579733928076181,0.247028802675654,-0.0139825307486915,0.109991833999469,0.143660648680145,-0.127014466444163,0.0857060471337656,0.251305466236305,0.0419789975758438,0.347521295914763,-0.00026640445799309,-0.23038536232638,0.134845384875209,0.154349580417725,0.0783810387163142,0.200936227051222,0.178451578143597,0.050418959083318,0.0150777389058919,0.156230431112677,-0.056725681434572,-0.088810746043492,0.0494311770303305,0.140122268616686
"9",-0.141508493395732,0.113919684686257,-0.0150353695272408,0.0412275563086521,-0.0124919517022915,-0.0437963873145764,-0.0556620578077702,-0.0824002936077775,1,0.115627584280311,0.0711849617774116,0.156904481828972,-0.0004489355568354,-0.008493140934324,-0.011754821167044,0.138747383275138,-0.0776867108792491,0.0549703208490807,0.0260066667005217,0.0402235616588959,0.0498607692677048,0.0126298157023212,0.0158873171080624,-0.00314632074015764,-0.00794750183289875,0.173200598569097,-0.106552888955778,-0.0973421249652629,-0.0024315998212464,0.0184377396968478,0.0775839539116338,0.0435390215739818,0.0872598079786095,-0.109593989618128,0.167328358731385,0.252549597401278,0.123748996105412,0.051044711277698,0.0839243743024089,0.274091678594945,-0.201643848269784,-0.171138688751417,-0.0285582604327118,-0.100889854195981,0.107516615076861,0.0148033210788251,-0.229874702217149,-0.0932301882843366,-0.00449922773517246,-0.0704462592735704,-0.0399960767164699,0.0467983337762548,0.0676497149404373,0.0572327403409683,0.0613465112343427,-0.120138206248603,0.115558159613291,0.251238212202574
"10",0.112118943727696,0.233602644005084,0.0669457802279185,0.234442632662488,0.394406148870211,-0.14072418291137,0.152944130324983,-0.125433388400088,0.115627584280311,1,-0.0385822136500038,-0.00925243539396042,0.0209049150906374,-0.0253602320131427,-0.00588862914390889,0.204904279262677,-0.0829031561010664,0.13931179090505,-0.068999340947717,-0.00778482557220602,0.115787179673436,0.124449877535764,0.198151069555453,-0.0115220046840789,0.0462189804148708,-0.00291645558114608,0.189667038733393,0.178099004455803,0.20986240105733,0.0657442573143262,0.127141225371711,0.0644411429394237,0.179343365989312,-0.0944235811412552,0.200459404760164,0.105325099576368,0.195001235078537,-0.129088050029607,-0.26505558910712,0.0793235403229847,0.0323526796540396,0.0410935598808914,0.139535969056395,0.162442433362268,-0.102199195682919,-0.0451772947486781,0.0677710149057128,0.0730937178976277,-0.148895527829968,-0.148490492933154,0.0288862128543858,-0.0697387456619229,0.188407929120631,-0.167186735164147,0.0848881853206421,-0.0614678424146264,0.0502602235504666,0.119515777434832
"11",0.151049621326728,0.131113900737419,0.34300339782184,-0.00513647370191324,-0.153945968463856,-0.0716511425520581,0.204362531154342,0.0618801731172202,0.0711849617774116,-0.0385822136500038,1,0.267349384640781,0.0979274731575345,0.0755026414413137,0.0698530156936007,-0.0626729632595501,0.11497614719186,0.0554536769016191,0.0801032757272662,0.21375099049957,0.0971993190760552,0.160253207182071,-0.134682958870196,-0.0281262406411492,-0.0020412585399875,0.081273110862638,0.333308858776065,0.16541910630432,0.176153143934338,0.273860631752283,0.0789136523715496,0.24483335875815,0.224865675642216,0.00950084125258197,0.141616947849009,0.232314150601492,-0.171671502220985,0.0157410769630698,0.0707891402978091,-0.0404374501702785,0.0108903204863962,-0.100252983301442,-0.16624290103021,-0.0638812403009991,-0.205263428368004,0.125408415979693,-0.221203175247264,-0.0403174529848007,0.170041235438243,0.10298971367071,-0.0577383305283543,0.0296129353470202,-0.045942793812438,0.0547699776501792,0.0805954436344982,0.101177344560385,0.208302134185941,0.121259098699098
"12",0.0858091699924901,-0.0118044764657194,0.0868178754393018,-0.0114977013973658,-0.0175642928187646,0.0138960373126088,-0.00092770650531873,0.0282112501042153,0.156904481828972,-0.00925243539396042,0.267349384640781,1,-0.0892472988955735,-0.104203325304113,0.0343532172739421,0.0488201531250884,0.0529926658051816,0.132074974414005,-0.0340088291866054,-0.0407951111555377,0.119691029589682,0.0194020893676943,-0.371338783807204,-0.269785989937251,-0.3383373824284,0.0269377318173661,0.0482044884488747,-0.155684972494131,-0.0856431881527983,-0.029640074273567,0.0245765790449533,0.00553356824294489,0.0778712776820946,0.0469300317924685,0.084084237187433,-0.0721888163851995,-0.00527652955416823,0.353205688682818,-0.0609811358188981,0.0717944029180009,-0.204265327444227,-0.159572734522032,0.011010834083269,-0.151867716494267,0.00303895962305979,-0.116794024370122,-0.216665015477093,-0.0835933558974874,0.117562425975573,-0.00113131370981326,-0.135462265775324,-0.00099226472424195,0.144557980757845,0.225689881265262,-0.164882485969009,-0.140196116932057,0.199626912130414,0.0410556499047535
"13",-0.0930495799062404,0.220185464535916,-0.214642481790748,0.0674051571678087,-0.068141753838734,-0.0730319637800326,0.069878206319004,-0.0525594280945004,-0.0004489355568354,0.0209049150906374,0.0979274731575345,-0.0892472988955735,1,0.180551247156321,0.131812528585221,-0.0070328247441203,0.021360684331099,0.119351819055075,-0.0345185318423514,0.0491427654236073,0.0671567652158703,-0.11365373110596,0.016172400493528,-0.0375464730143896,-0.104030840817571,0.0372426061095816,0.0640505658388467,0.0193861547356792,0.0788351311435725,-0.00316662196942189,0.0291275920160662,0.0733211760060752,0.13053713455442,0.101042557122937,-0.049998382830199,-0.0350475208669529,-0.0486101349894567,-0.0263225250733306,-0.0612581649883941,0.126567156398229,-0.0760842397434399,-0.108222439261028,0.0410291110768803,-0.0370094195245302,0.120590714672558,0.0687932061892796,-0.158118194578902,-0.0885006178753347,0.404284498346728,0.0638869126643051,0.0328568978884623,0.109837134817253,0.071074546942703,0.033333212507209,0.088445079288018,-0.0692953779598803,-0.0480937699593628,-0.283189216290056
"14",-0.0673935418535823,-0.13129291487823,0.0621502297997324,-0.0179037064518393,0.0294116417689397,0.0384571642774107,-0.0845558790148922,0.133026115343844,-0.008493140934324,-0.0253602320131427,0.0755026414413137,-0.104203325304113,0.180551247156321,1,0.107282229265931,0.0938851264514319,0.0329388406786272,0.12141379164727,0.124922914350089,0.167028585274906,0.164051877175757,0.188403183138219,0.265977972251998,0.183902414371062,0.205257671897537,-0.0497114801075989,0.178881017121496,0.196545998729899,0.227036390745778,0.145196150624512,0.0744720250456834,0.0927068257564886,0.0190603816660119,0.330523400246084,-0.00127142433781397,0.111335774773334,0.124531292777391,-0.127579079878437,0.23990438106216,0.121332014249294,0.299580419929511,0.279162929449779,0.0973070840779541,0.289563324660917,-0.105980393845417,0.230222151017937,0.0138010309015601,-0.0331215027120978,0.306463002679592,0.532245971387191,0.144452041431886,0.079811311801155,-0.167847372338929,-0.124407128876497,0.0108062923616807,-0.141468056234451,0.2385990955664,0.186400815918564
"15",-0.180806595873954,-0.136739478164923,0.188691123786623,-0.00216483560095125,0.0202912203918413,-0.028905846643008,-0.136302054819465,0.216713894606073,-0.011754821167044,-0.00588862914390889,0.0698530156936007,0.0343532172739421,0.131812528585221,0.107282229265931,1,0.0344679174215377,0.0254894642598953,-0.132227021550367,0.0366120217899221,-0.0272478660484947,-0.0625086889374058,-0.197973799724684,0.0489982481858296,0.0236118387384148,-0.046184585908689,0.0528208373433266,0.284434524893964,0.114960464969252,0.151310867453313,-0.0663673001230168,0.0121668126984386,0.032054652458643,0.0820158994737558,0.0405632093102005,-0.166970196511896,0.192379224162646,0.0859305257389764,0.218385824248939,0.143644064858004,-0.0949870966007371,-0.057528785638948,0.0343392859546167,-0.0551254918979661,0.194821229869935,-0.177357702238363,0.0498325199339007,-0.076208676210007,0.00773086855128267,0.081039566614725,-0.161623444702759,0.125944479991361,-0.214549474426859,-0.0566795311016534,0.0468913255843575,-0.230743726916594,0.102032723283565,0.0959942252080224,0.141468835443434
"16",0.010461105514961,-0.0379698429656024,-0.0186196246194376,-0.0207582654168909,0.265962673546899,0.032648119026827,-0.0502943459120196,-0.056273826118364,0.138747383275138,0.204904279262677,-0.0626729632595501,0.0488201531250884,-0.0070328247441203,0.0938851264514319,0.0344679174215377,1,0.0210234437710489,0.00055382340878474,-0.12108447851128,0.00613893712486085,0.212566293789139,-0.126315444479645,0.0314100960651139,0.0582426710789795,-0.0700740888331183,-0.0634748662136989,0.0777577552507995,0.14239833293103,0.186877975732391,0.0565608479069059,0.100710433877188,0.200425696398736,0.111856286964581,0.118704344093889,-0.0839186448743521,0.0184906118678502,0.172581537814564,0.0279641776577808,0.0529169636215436,0.126264513844737,0.0967745016121062,0.14071918777726,-0.140402245243532,-0.0769301096628888,-0.0673482197250214,0.0284660795998256,-0.0480241531523773,0.0408592288186206,-0.00187025348234883,0.0569363789882922,0.0884575326459764,0.0276546527199525,0.120116280857226,0.166950833059287,-0.151342056014576,-0.145453877336409,-0.0246070490064349,0.101276734223745
"17",0.107522311907722,-0.0704529764281292,0.117842129648937,0.167152865628907,0.0213620040032804,0.0374298241336843,0.0224083855479797,0.167811593236754,-0.0776867108792491,-0.0829031561010664,0.11497614719186,0.0529926658051816,0.021360684331099,0.0329388406786272,0.0254894642598953,0.0210234437710489,1,0.138749711846093,0.170072010911361,-0.00297871712542875,0.0636088815575402,-0.0608036104901256,-0.0549985630843373,0.00334573174723604,0.215321395310479,-0.00507488843129994,0.0507085098498026,0.0921774779576096,0.0668516300003145,0.120188725685102,0.16402304567134,0.0942181839910637,0.185879926179351,-0.00075983417433527,0.0766622930360295,0.0618462129892691,0.0965391802167182,0.0695825377898353,0.203273798737414,-0.0881922027643346,0.193027493524152,0.125787374342369,-0.0225045720177046,0.108154214990277,-0.179912950632312,-0.0300247459834716,0.107483726248959,0.148847646023834,0.260034827080663,0.153562142979094,0.0705937430864387,0.0965541811235806,0.121172512284949,-0.0200238580116319,0.0166834947701529,-0.0189957616718882,0.0210436315046069,-0.0442950137531361
"18",-0.00599313978722184,0.0923461669734172,0.0396064672968733,0.170324649936867,0.0826708420067059,-0.0548962151317887,0.168006614715934,-0.0750151048500773,0.0549703208490807,0.13931179090505,0.0554536769016191,0.132074974414005,0.119351819055075,0.12141379164727,-0.132227021550367,0.00055382340878474,0.138749711846093,1,0.0457335385834998,-0.102935809115079,0.0806263348948575,0.097964903154989,0.00138197581857197,0.111628104014675,0.0528131342865967,-0.0085560131202087,0.0968091204705915,-0.0543853672482673,0.0304652858018575,0.140275536554051,0.102311754664427,0.0266504761019976,-0.0064296429418897,0.0441589380221493,0.156666410224154,-0.0169095704268631,0.0889485523562781,-0.0858938181933935,-0.0255201462749056,0.00322010855985677,0.0618058988088635,-0.00107575500435337,0.0536170129807017,0.0496142657608786,-0.026373457305382,0.151681964946455,-0.0313214874884311,-0.0240826645675783,0.131378647826788,0.284334781994358,0.060714908608355,0.060761702844136,-0.0228317835272717,-0.0480063479894662,-0.117228894870437,0.0580466573634043,0.0953936585503728,-0.081442677608307
"19",0.127394428704302,-0.081176033467221,0.278328498057717,-0.0195646056762407,-0.0245844274245158,-0.0230680575345432,0.0210980106534416,-0.0123664825909137,0.0260066667005217,-0.068999340947717,0.0801032757272662,-0.0340088291866054,-0.0345185318423514,0.124922914350089,0.0366120217899221,-0.12108447851128,0.170072010911361,0.0457335385834998,1,0.120138584514709,-0.0583744399335518,0.00560410264498049,-0.0328155507127722,0.0249026736946867,0.344051030693743,-0.0993831110595296,0.0412292318136485,0.154145149449025,0.176098059280156,0.0997695862030814,0.627455700883818,0.204106515553863,0.0965372441207544,-0.104011991445617,0.325090671791639,0.1786190147719,0.150490145424547,0.0409343191506737,0.165323402656624,0.0917812153776168,0.148847483442605,0.123822017272173,-0.0443377054741731,0.120498652968519,-0.0184250788204784,0.0541469900464674,0.0161610249568826,0.0257299206421377,0.0707403586265411,0.265945283336919,0.188787014939069,0.0943944038461654,-0.0785249998134851,-0.114452610721987,-0.127800705844225,0.267143012269136,0.191828273387431,0.191463134286253
"20",0.262722420838981,0.0404267906444805,0.360627844580841,0.201968557278182,-0.0584652473447782,-0.0248547884612574,0.0732023974539187,-0.18952624078479,0.0402235616588959,-0.00778482557220602,0.21375099049957,-0.0407951111555377,0.0491427654236073,0.167028585274906,-0.0272478660484947,0.00613893712486085,-0.00297871712542875,-0.102935809115079,0.120138584514709,1,0.134364890234453,-0.00377922393522365,0.103373695522984,0.0175820808078622,0.106175524956963,0.00090380200612754,0.237613949674357,0.0958738771151701,0.236150763781913,0.025091867427286,0.194050890880937,0.604297573425618,0.125293624731215,0.146984007400898,0.0569243930776536,0.12039808024724,-0.100551055725078,-0.3106578746616,0.232487708948054,0.059551311802114,0.115440441477716,0.057110182566928,-0.0454207809884971,-0.00760517383942602,-0.251084066225773,0.311345288999533,-0.15830946219297,-0.143892063181399,0.0769645991530224,0.0702363436830126,0.270567231306702,0.0562616983635169,0.113834808322348,-0.192533292230747,0.026847274289697,-0.0363070062288774,0.0832871702600212,0.167262064776858
"21",-0.0211775541500086,-0.0268633173079228,0.167155779777067,0.0342153144017128,0.116304288343257,-0.0158819250887673,-0.155912558439764,-0.0638383163216054,0.0498607692677048,0.115787179673436,0.0971993190760551,0.119691029589682,0.0671567652158703,0.164051877175757,-0.0625086889374058,0.212566293789139,0.0636088815575402,0.0806263348948575,-0.0583744399335518,0.134364890234453,1,0.115906102265926,-0.176317695164835,0.0333444275488102,-0.189273263591619,-0.109588366941514,0.264872015171869,0.174040596989696,0.180138839459836,-0.00040064630034972,0.0583419039074954,0.134454918430388,0.257260866100458,0.174838613040929,-0.136515791655873,-0.133144845964835,0.0665418709752847,-0.0706318503244292,0.0450622267343161,-0.0907098774566345,0.0856389646846463,-0.0321620355150857,-0.0747139412151783,0.0822982826088334,-0.134224060874968,-0.064904852636955,0.0152365304731735,-0.0831597509469848,0.233799060105769,0.125000298176213,-0.0603312794223507,0.122066835897846,-0.0321264283428457,-0.0213800664883325,-0.201584761966675,-0.0258484962570753,0.229508294967168,0.0465354586322796
"22",0.150180161431418,0.0274520514609271,-0.088303106775743,0.0746096538941899,0.0982647086534292,-0.170644678029479,0.0540486697535646,0.0915353390274908,0.0126298157023212,0.124449877535764,0.160253207182071,0.0194020893676943,-0.11365373110596,0.188403183138219,-0.197973799724684,-0.126315444479645,-0.0608036104901256,0.097964903154989,0.00560410264498049,-0.00377922393522365,0.115906102265926,1,0.0700507355744663,0.0739963224591325,0.0812420699765955,0.137389906303154,0.0526636361758439,0.171556969315324,0.0701985675768556,0.11449447250764,0.144594358398315,0.0437028469723325,0.0120378304816823,-0.00147920556498514,0.110898602789648,0.0905972853780173,0.0590100869659717,-0.104254459748579,-0.0683784015100155,0.0071622615551663,0.0593161780963022,-0.0619408493451403,0.195504850189172,0.0254558378789865,-0.164055870136248,-0.0319460226892247,0.0114209165515015,0.0416305472626517,0.0884537040535702,0.199014463767375,0.0107268061743667,0.0470442915405851,-0.0889318920358266,-0.169301500519703,-0.0250001538469915,0.0366121713062769,0.00054673741403813,0.0861768007659096
"23",0.113774257392469,0.00929573242484778,-0.102858636907303,0.191222920920762,0.216987998834523,0.0587645622014412,0.0474056740462441,0.0416793037669251,0.0158873171080624,0.198151069555453,-0.134682958870196,-0.371338783807204,0.016172400493528,0.265977972251998,0.0489982481858296,0.0314100960651139,-0.0549985630843373,0.00138197581857197,-0.0328155507127722,0.103373695522984,-0.176317695164835,0.0700507355744663,1,0.400843715674668,0.30046849953911,-0.0370038057932621,-0.107605475933561,-0.035854300989818,0.0904470474921951,-0.0441798202938899,0.114484538252958,0.0276558672678771,0.0811875655424821,0.0273309366649454,0.0832453247275344,0.189977626639772,0.185452552679872,-0.236650050008438,0.00353730011330146,0.179799076274972,0.32082504090512,0.318369698745681,0.0434902615365989,0.258287680703257,-0.181574617357213,0.312250354787999,0.242070142529642,0.231585158297117,-0.0408754380489906,0.077174762319625,0.212421166444478,0.00259871616381263,-0.178504045293121,-0.252966765179711,-0.00207792200668922,0.012769356639567,0.011294505117635,0.0106818792688881
"24",0.0218054523625926,-0.0161251939729954,0.118332945089273,0.0536996812411908,0.140288693263919,0.0346476742792384,-0.0750320272276892,0.0640808529409004,-0.00314632074015764,-0.0115220046840789,-0.0281262406411492,-0.269785989937251,-0.0375464730143896,0.183902414371062,0.0236118387384148,0.0582426710789795,0.00334573174723604,0.111628104014675,0.0249026736946867,0.0175820808078622,0.0333444275488102,0.0739963224591325,0.400843715674668,1,0.238240892316377,-0.0751119262368229,-0.123830001565621,0.0124588267302642,0.0182412584539265,-0.120369705878865,0.131672007731003,0.0136898618640415,-0.0076637274129932,-0.0151953581073751,0.137851438818509,0.0761793406395412,0.0270168390349947,-0.109354767234249,0.0043781743554627,0.0888794426003542,0.372844871139509,0.290644010981502,-0.0880897962985982,0.140320249052685,-0.0505835910840264,0.276417351581164,0.236603303579994,0.308392519609156,0.0063027726496835,0.0938084318301523,0.257794119206714,-0.125816281202709,-0.379713977603988,-0.249985041567907,-0.179653332545163,0.079240454436365,0.165609729647924,0.00280589692545897
"25",0.221592052456982,-0.118505635185118,0.20614399536277,0.0397192076707634,0.0913370720734692,0.0107076407465733,-0.0579215485380936,0.218335765070552,-0.00794750183289875,0.0462189804148708,-0.0020412585399875,-0.3383373824284,-0.104030840817571,0.205257671897537,-0.046184585908689,-0.0700740888331183,0.215321395310479,0.0528131342865967,0.344051030693743,0.106175524956963,-0.189273263591619,0.0812420699765955,0.30046849953911,0.238240892316377,1,0.121659997219727,-0.0426203515522217,0.125506581119962,0.204740378653574,0.0383303843850461,0.270107889242888,0.174942336291026,-0.0220167197540172,0.0178096747746124,0.230035870942577,0.379540014584525,0.0641818014778807,-0.0801097421308468,0.0850398790076168,-0.0476386489153994,0.393919610217858,0.296780194280551,0.0627021252642736,0.280023317804236,-0.21685939027963,0.100720101895681,0.137055648689275,0.0503078586217318,-0.0588031248973449,0.259804140867125,0.241791022226857,-0.0383865104384926,-0.0292960176706115,-0.254993833496672,0.081957682839435,0.177235027808038,0.120791537795502,0.134380213918661
"26",0.0516612999599582,0.25532770453532,-0.0459432360980034,0.220530046998167,-0.0514439056157351,0.00011765537216402,-0.140045843410065,0.0639232355803111,0.173200598569097,-0.00291645558114608,0.081273110862638,0.0269377318173661,0.0372426061095816,-0.049711480107599,0.0528208373433266,-0.0634748662136989,-0.00507488843129994,-0.0085560131202087,-0.0993831110595296,0.00090380200612754,-0.109588366941514,0.137389906303154,-0.0370038057932621,-0.0751119262368229,0.121659997219727,1,-0.154180196150573,0.0907381651816623,-0.276315630021129,-0.152072609059785,0.0525685765606451,0.0966115381243764,-0.0472729170327149,-0.00860132818558317,0.0513191465225999,0.283521023402312,-0.0793630235531555,0.19197050830391,-0.00446752936279925,-0.0822547143237411,-0.0520783266642404,-0.0266109827999483,0.149455523306326,0.0878579517169966,0.0163963980624989,-0.0521038363504685,-0.0487442038279179,0.0490977239149377,-0.0381316381684023,-0.06915148096943,-0.0689971822863697,-0.0211340893355636,0.240566789530433,0.0429817232459769,0.0817205541754846,0.0777241353480135,0.0330259721717401,-0.163842925184504
"27",0.0937704592369756,-0.0588105381007467,0.249715095670679,-0.013237973735298,0.0304132392537851,-0.127669028115123,0.052474114242667,0.0945154317476099,-0.106552888955778,0.189667038733393,0.333308858776065,0.0482044884488747,0.0640505658388467,0.178881017121496,0.284434524893964,0.0777577552507995,0.0507085098498026,0.0968091204705915,0.0412292318136485,0.237613949674357,0.264872015171869,0.0526636361758439,-0.107605475933561,-0.123830001565621,-0.0426203515522217,-0.154180196150573,1,0.297226636880327,0.472803652429455,0.411366955143723,0.067836850325727,0.367570492764908,0.162578916456465,0.0786463180065254,-0.0338528569482769,0.102639591851516,0.0666056614868986,-0.140809551708305,0.0281258939080227,-0.124804347422876,-0.0124320664998592,-0.0233128406750911,0.0309286894769531,0.137861080452546,-0.296709861809689,-0.00566120270513624,-0.190258002927884,-0.0442854221462998,0.202781868075375,0.119539793864178,0.129335746132868,0.070350454459973,-0.0934591327995376,0.0227505228786176,0.0290942258319926,-0.0147113621982117,0.215397341342858,0.0731010425229378
"28",0.15993042373009,-0.136372588739054,0.120011102454476,0.0787460510621627,0.252021833368582,-0.0680892034661778,-0.129448748877364,0.0203346769307626,-0.0973421249652629,0.178099004455803,0.16541910630432,-0.155684972494131,0.0193861547356792,0.196545998729899,0.114960464969252,0.14239833293103,0.0921774779576096,-0.0543853672482673,0.154145149449025,0.0958738771151701,0.174040596989696,0.171556969315324,-0.035854300989818,0.0124588267302642,0.125506581119962,0.0907381651816623,0.297226636880327,1,0.340577389570238,0.188753005428464,0.212444472230747,0.135305012957432,0.231044244060995,-0.178253409804516,-0.0983507895929237,-0.0296323579667835,-0.0385806403419408,0.0161012323254025,-0.0653614737387267,-0.136015676238357,0.0117523328119085,0.0428614314013037,0.0339038378557473,0.127402060774072,-0.129446299887283,0.066477069786221,0.00815789304555674,0.00588913157733583,-0.0569813993081985,0.0997393848676357,0.1178477378403,-0.0138112956956445,0.17572521255006,0.0106907765291175,0.0170897598840263,0.172926496325709,0.112823943724859,0.076496618346323
"29",0.263716407784321,-0.146901557587865,0.251823235017812,0.150608399564943,0.19816030638032,-0.155566209373767,0.0715013617464134,0.164246360339828,-0.0024315998212464,0.20986240105733,0.176153143934338,-0.0856431881527983,0.0788351311435725,0.227036390745778,0.151310867453313,0.186877975732391,0.0668516300003145,0.0304652858018575,0.176098059280156,0.236150763781913,0.180138839459836,0.0701985675768556,0.0904470474921951,0.0182412584539265,0.204740378653574,-0.276315630021129,0.472803652429455,0.340577389570238,1,0.383940167495009,0.281979417555288,0.245578890737462,0.330054841650086,-0.0757420485605502,0.0108782537123118,0.116021539299838,-0.0831664315913228,-0.114280126675768,0.0855374862620005,0.120196103645731,0.0432097065687788,0.129569376427846,0.0492873780061805,0.230906923940714,-0.208451659080361,0.068194863086617,-0.13677709672511,-0.108209868958262,0.146881350618219,0.23016018415826,0.27879173353714,0.0404950361410927,-0.00609515637650978,-0.053100074405043,0.0993981837455039,-0.193540463622541,0.0353142750626724,0.248395539849272
"30",0.146052781377892,-0.0112268819983997,0.0271894598791344,-0.0281132171206975,-0.011639446716516,-0.168100665087377,0.140013833202998,-0.0365612546533945,0.0184377396968478,0.0657442573143262,0.273860631752283,-0.029640074273567,-0.00316662196942189,0.145196150624512,-0.0663673001230168,0.0565608479069059,0.120188725685102,0.140275536554051,0.0997695862030814,0.025091867427286,-0.00040064630034972,0.11449447250764,-0.0441798202938899,-0.120369705878865,0.0383303843850461,-0.152072609059785,0.411366955143723,0.188753005428464,0.383940167495009,1,0.00618824966988013,0.0789498900355016,0.273108023740323,0.125955528699907,-0.025690916240642,0.0465310113061137,0.0180732321052905,-0.173824183067598,0.00119346429962262,0.122520075753353,-0.00712952108139739,-0.158590435018407,-0.0218643147578883,-0.0328175115073704,-0.231751730022092,0.0569996997902605,-0.304343454303782,-0.170136696832277,0.17540714430513,0.113804615765852,0.00206683114122314,0.147506646759965,0.0344117461734795,0.0671346928883735,0.124391664992596,-0.0940066476686216,0.0485095988202683,0.105435663065875
"31",0.256004054196903,0.0947090958290192,0.168901358443397,0.180886867774035,0.125547573259528,0.0611524073649908,-0.141772760590067,0.0617062062070245,0.0775839539116338,0.127141225371711,0.0789136523715495,0.0245765790449533,0.0291275920160662,0.0744720250456833,0.0121668126984386,0.100710433877188,0.16402304567134,0.102311754664427,0.627455700883818,0.194050890880937,0.0583419039074954,0.144594358398315,0.114484538252958,0.131672007731003,0.270107889242888,0.0525685765606451,0.067836850325727,0.212444472230747,0.281979417555288,0.00618824966988013,1,0.361338756603789,0.0964040523570623,-0.097549518471456,0.198701847059314,0.288212374183286,0.141669166057001,-0.0462269220495562,-0.00901491916594514,0.0842701300724196,0.239862593426124,0.239330393205056,0.124590632852112,0.152153045328034,-0.224380266174447,-0.0108143496077317,0.0940708501242409,0.136819811166213,0.0679879475815782,0.306246115841907,0.27157840886889,0.0371957779932226,0.0344324738348278,-0.277266958138376,-0.208337507275546,0.127673608061827,0.134928441669326,0.121531160918951
"32",0.316430480191973,0.161395304048059,0.238432213913988,0.214524304154685,-0.126276934500861,-0.138407605556801,0.064554555935616,0.0570021064445497,0.0435390215739818,0.0644411429394237,0.24483335875815,0.00553356824294489,0.0733211760060752,0.0927068257564886,0.032054652458643,0.200425696398736,0.0942181839910637,0.0266504761019976,0.204106515553863,0.604297573425618,0.134454918430388,0.0437028469723325,0.0276558672678771,0.0136898618640415,0.174942336291026,0.0966115381243764,0.367570492764908,0.135305012957432,0.245578890737462,0.0789498900355016,0.361338756603789,1,0.0964261778488308,0.0258305180927786,0.143478410080951,0.122280270032021,-0.101508483899766,-0.257954801875581,0.159318043500459,0.0179835894796562,0.0527685410678581,0.118013291011092,0.0219308361665012,0.166883830211324,-0.151038593817892,0.0857373719636469,-0.0659289923531477,-0.0626665981143679,0.122552787766422,0.25110360319085,0.325852035275846,0.109345266530153,0.121753412202862,-0.0447838971097747,-0.0208189587137354,-0.0376302129932132,0.0928347773624767,0.0015520334212621
"33",0.193759894038263,0.0540102727463296,-0.00189332397219704,0.193246203205539,-0.00496142380957493,-0.157860180747219,0.229896421626869,0.049190647068685,0.0872598079786095,0.179343365989312,0.224865675642216,0.0778712776820946,0.13053713455442,0.0190603816660119,0.0820158994737558,0.111856286964581,0.185879926179351,-0.0064296429418897,0.0965372441207544,0.125293624731215,0.257260866100458,0.0120378304816823,0.0811875655424821,-0.0076637274129932,-0.0220167197540172,-0.0472729170327149,0.162578916456465,0.231044244060995,0.330054841650086,0.273108023740323,0.0964040523570623,0.0964261778488308,1,0.0184907881176883,0.0239693789200292,0.0781016113291385,0.0505326781801888,-0.039536502499464,0.170210985824064,0.217655752297604,-0.075179243650572,-0.0512964162773069,-0.14042284476209,-0.00410605414736917,-0.0806934666443871,0.110818697890309,-0.202173502048012,-0.10790374787647,0.0994129274347286,0.0238999966223437,0.0708809359570449,0.19917040400705,0.0836876452437504,0.14761665330171,0.054583617180263,-0.070695063662256,0.0900551721389285,0.00802002094086378
"34",-0.0969529872021147,-0.0114960709194961,-0.0383847531818563,0.0335177312354882,-0.0777443845927893,0.022123512714762,-0.0152953027457014,0.0300863954385299,-0.109593989618128,-0.0944235811412552,0.00950084125258197,0.0469300317924685,0.101042557122937,0.330523400246084,0.0405632093102005,0.118704344093889,-0.00075983417433527,0.0441589380221493,-0.104011991445617,0.146984007400898,0.174838613040929,-0.00147920556498514,0.0273309366649454,-0.0151953581073751,0.0178096747746124,-0.00860132818558317,0.0786463180065254,-0.178253409804516,-0.0757420485605502,0.125955528699907,-0.097549518471456,0.0258305180927786,0.0184907881176883,1,-0.14620871171529,0.143798271274944,0.0775911536819734,-0.0169488813994916,0.16600705670784,-0.00416152305517684,0.266468575416087,0.209919341896825,0.0418980894365234,0.0898469770108653,-0.177970074442155,0.0087324452988234,0.00999539108097508,0.00788795558847181,0.260285391933474,0.105003664800769,0.0732918631554558,0.224273079692887,-0.0291266786835542,-0.0390659717870426,-0.0362363555596979,-0.223935743694758,0.0291081764260047,-0.0191652339117097
"35",0.340067786146562,0.072017219472384,0.258465026735796,0.164972843589612,-0.004698657997961,-0.107021473286507,0.24114477037757,0.00579733928076181,0.167328358731385,0.200459404760164,0.141616947849009,0.084084237187433,-0.049998382830199,-0.00127142433781397,-0.166970196511896,-0.083918644874352,0.0766622930360295,0.156666410224154,0.325090671791639,0.0569243930776536,-0.136515791655873,0.110898602789648,0.0832453247275344,0.137851438818509,0.230035870942577,0.0513191465225999,-0.0338528569482769,-0.0983507895929237,0.0108782537123118,-0.025690916240642,0.198701847059314,0.143478410080951,0.0239693789200292,-0.14620871171529,1,0.259934752395843,0.308955537369339,0.0732261384714211,0.0439434298400382,-0.041854477136973,-0.0115129908318884,-0.0711627331698881,0.0321035155011057,-0.019730120121963,0.0135653934120463,-0.0603530570387049,-0.0841459514069227,0.0627477874384696,0.10539160733098,-0.00265084971082017,0.213256711489535,0.135202283070502,-0.0468947313589212,0.0665081640049229,0.00635240053590936,0.054348438622728,0.0751774591279488,-0.00506206095507019
