"","l_Insular.Cortex","r_Insular.Cortex","l_Amygdal.Area","r_Amygdal.Area","l_Bed.Nucleus.of.the.Stria.Terminalis","r_Bed.Nucleus.of.the.Stria.Terminalis","l_Hippocampus","r_Hippocampus","l_Orbitofrontal.cortex","r_Orbitofrontal.cortex","l_Entorhinal.Cortex","r_Entorhinal.Cortex","l_Frontal.Association.Cortex","r_Frontal.Association.Cortex","l_Globus.Pallidus","r_Globus.Pallidus","l_Glomerular.Layer.of.the.Accessory.Olfactory.Bulb","r_Glomerular.Layer.of.the.Accessory.Olfactory.Bulb","l_Glomerular.Layer.of.the.Olfactory.Bulb","r_Glomerular.Layer.of.the.Olfactory.Bulb","l_Granule.Cell.Level.of.the.Cerebellum","r_Granule.Cell.Level.of.the.Cerebellum","l_Hypothalamic.Region","r_Hypothalamic.Region","l_Entorhinal.Cortex","r_Entorhinal.Cortex","l_Vermix.Molecular.Layer.of.the.Cerebellum","r_Vermix.Molecular.Layer.of.the.Cerebellum","l_Lateral.Molecular.Layer.of.the.Cerebellum","r_Lateral.Molecular.Layer.of.the.Cerebellum","l_Anterior.Olfactory.Bulb","r_Anterior.Olfactory.Bulb","l_Posterior.Olfactory.Bulb","r_Posterior.Olfactory.Bulb","l_Subiculum","r_Subiculum","l_Perirhinal.Area","r_Perirhinal.Area","l_PreLimbic.System","r_PreLimbic.System","l_Primary.Cingular.Cortex","r_Primary.Cingular.Cortex","l_Primary.Motor.Cortex","r_Primary.Motor.Cortex","l_Retrosplenial.Cortex","r_Retrosplenial.Cortex","l_Secondary.Cingular.Cortex","r_Secondary.Cingular.Cortex","l_Secondary.Motor.Cortex","r_Secondary.Motor.Cortex","l_Striatum","r_Striatum","l_Ventral.Tegmental.Area","r_Ventral.Tegmental.Area","l_Substantia.Nigra","r_Substantia.Nigra","l_Thalamus","r_Thalamus"
"1",1,0.25115078520187,0.155730004592304,-0.034218382604794,-0.0373167605569348,0.0713790001064647,0.0481255009014288,-0.102177733244719,0.241216612825558,0.281688839902049,0.288282018738912,0.29452960035166,0.0233024035729754,0.111990644677447,-0.0986396235680002,0.0544726842369611,-0.136507456809602,-0.157231061020414,0.0486925368460475,-0.0579859704377513,0.0873765596811398,-0.0967948461071844,-0.119570276443369,0.0348726654054838,0.185027012309074,0.138503800710753,-0.0103095731963321,-0.00026731698026958,-0.137655277585728,-0.00303779421617451,0.0878589863589631,0.0345263053582265,0.0560483643599049,0.129684348478945,0.129054809260367,-0.0642781157964157,0.122138195635682,0.0107827535093153,0.0498485211270926,-0.0147303065363588,-0.0595096931815675,0.0855231590513353,0.0665627316052921,-0.0105032903803451,0.00485639474460184,-0.0769591617849879,-0.0379361655970249,-0.0858394292699724,0.0500171391915806,-0.00763274477555469,0.236293535306811,0.204400643641663,-0.00378927278115459,0.00130877413798645,0.0666881346033646,0.0892759879206931,-0.0158954494220033,-0.0902062460503196
"2",0.25115078520187,1,0.255732819602411,-0.0953394734179733,0.0493172952592977,0.285903055977075,0.0153851743337099,-0.036702132796553,0.103835622528864,0.439757998290391,0.388009300451835,0.360185946267604,0.0417600106323366,0.00778630247001912,-0.0185159959817486,0.224141860996477,0.0340269063033455,0.0425809746110004,0.0383824168060016,0.114472172597112,0.00618049398480651,-0.0711500571841616,-0.240564753371925,-0.234388710159526,0.0684442094293759,0.335670874815453,-0.0889572844011283,-0.00702153687487077,0.157314248342083,-0.029035684355621,0.190387627852027,0.231018637186314,0.185669099223702,0.18358394879348,0.061532657912166,0.133642251645835,0.082269210644934,0.371569703477612,0.256424198240268,0.0630869044777314,-0.00149797816521574,0.239828085496993,0.0432448160248652,0.248254013488607,0.062763505778848,0.121843866119864,0.102494060012613,0.123848937594742,0.106220087595633,0.0322307585475756,0.21510282069403,0.250810215799664,0.0676959443297268,0.0393756156837818,0.211372843583387,-0.0467142752013404,-0.135852289191374,0.209970542862588
"3",0.155730004592304,0.255732819602411,1,-0.0401874917024024,0.110518157792275,0.256062694414021,0.00858646588237998,-0.18773763979506,0.0641616701967258,0.14350800821675,0.212709485869422,0.250515691665092,0.284238110086797,0.144435610221845,-0.0378945670671968,0.203858234320785,0.0404131848088437,0.0172888150662418,0.0147618167337819,0.0640034575519274,-0.0951988135637392,0.0227602447133039,-0.0618634957213736,-0.00145330551036112,0.0100081084688984,0.219327191725504,-0.0460426626772141,-0.0275939254834816,-0.115373563978419,-0.10229237650699,0.153510184109663,0.109984827902588,0.171544591645024,0.0192860491457497,-0.0686703227367864,-0.0978519324113908,-0.159607054543884,-0.00630574191245138,0.293696077036992,0.0194151125767341,-0.106709815512632,0.0440046368345698,-0.0540084219539402,0.255447682114754,0.0800158214062566,-0.0794165995785268,0.148328930132235,0.0741667088398151,0.158376435133295,0.196729019890579,0.366302273746198,0.169449182830195,0.141429252408669,0.0918920011381372,0.257101443095792,-0.0431138681687039,-0.15158041650333,0.306604855756886
"4",-0.034218382604794,-0.0953394734179733,-0.0401874917024024,1,0.0799928886366291,-0.114214987268493,-0.0473388507280836,0.136469335079554,0.269109508416974,-0.118831976965312,0.0304047808694442,0.0849394522542938,0.0115922288068079,0.0430125117607344,0.00971803594206674,-0.0572482713649186,0.0497102681471921,-0.0194630544282858,-0.00499578295278105,-0.218111242993271,0.101840892645706,0.0047906478018303,0.0977593181954782,0.147428708568112,-0.020597989370264,0.0394416251521203,0.317495338978655,0.0740831502457047,0.0496436425712648,0.115470859887534,-0.0343199351085997,-0.0659653223875093,-0.147732100322874,0.094478454408698,-0.135897931668308,-0.0460810898610016,0.257233622250468,-0.180167220252899,-0.0637723965738127,0.0373151413064793,0.0760012842405596,-0.201702060678343,0.0911437930408495,-0.152991738029849,-0.0322938815719994,-0.0713843946518311,-0.103150253286829,-0.229117040219168,-0.04027596797889,-0.184416317968906,-0.0913249170810854,-0.130446545040406,0.0248128586434538,0.139499752551689,-0.0645772614792752,0.145353151027627,0.137994002924255,-0.317819368343873
"5",-0.0373167605569348,0.0493172952592977,0.110518157792275,0.0799928886366291,1,0.154698468538921,-0.0487924651299415,-0.0646788953839615,-0.0451504286332381,-0.159139900819671,0.157544282504898,0.0116791451192251,-0.0781866618750624,-0.0579718833338536,-0.0578191913286671,0.0603011981716184,0.0154633656299422,0.0649093722735562,0.0381281913452634,-0.185299761677493,-0.054576615882976,0.120663672933558,0.015565569619607,0.00921373583106121,-0.0900329759007035,0.0878150353000927,0.0674611479925215,-0.0699307153773255,0.038911493414527,0.0201311884374377,-0.0568375414639002,-0.0235574135956847,-0.0560573868527375,0.0318269293849348,-0.0928461435759787,-0.00820439968981867,-0.0751905143005361,-0.145566919094158,0.0782944797501545,0.00458883695068169,0.0502519123806962,-0.058125076538231,-0.113900092803155,0.0339021321596211,-0.0446240295921185,-0.0604420912605334,0.0469994725351783,-0.166512206462413,-0.0443894756478677,-0.00760537177766283,0.070421442059843,-0.0328458473721388,-0.0593674940782675,-0.0292133998790146,-0.0694772973126422,-0.0988126497051633,-1.81203191399559e-05,-0.148591950589964
"6",0.0713790001064647,0.285903055977075,0.256062694414021,-0.114214987268493,0.154698468538921,1,-0.00646967627525157,0.0796020272729371,0.0745938114482132,0.344562912888192,0.188522591820567,0.177170502773828,0.138812919275265,0.103341392779895,-0.122841047276577,-0.00544346549385797,0.0773104617995131,0.146257865805374,0.171091337338113,0.131286359450404,-0.176682453919711,-0.114425573305403,-0.122032027818893,-0.0592603672154066,-0.0240182220370938,0.266106456642826,-0.0137834647985767,0.0844230643788337,0.018892742242098,-0.220036413993128,0.00079259292253615,0.157656369489021,0.0793758141816348,0.274816196423164,0.00101001512093568,0.217834076800759,0.100690407634443,0.101926912271747,0.219539279801226,0.0830868534433238,0.135255265001197,0.206320905908663,0.0685142216144813,0.312451293282633,-0.00399262852745713,0.158884770074025,0.0250673343491735,0.0785022888511314,0.202833694481636,0.130706583150722,-0.0986900318663151,0.122119239724036,0.0981428740223009,-0.0623829398716426,-0.0877557479453692,-0.0243802568241198,-0.0934120972782117,0.231558136007152
"7",0.0481255009014288,0.0153851743337099,0.00858646588237997,-0.0473388507280836,-0.0487924651299415,-0.00646967627525157,1,-0.012362999643921,0.0376846809336521,-0.153053478461232,0.256883086041946,0.212360028014313,-0.117768152366041,0.00754421442385502,-0.0318327630137177,-0.113837242180469,-0.146204809998311,-0.0144747529074371,0.183742497169892,0.118313977226019,0.102644746546804,0.123570379468192,-0.304084183708497,-0.313894112128039,0.0829715131196709,0.0481128336356084,0.13690506515933,-0.0162528538973731,0.18069417804649,0.195652750004179,0.131826334661973,-0.10366240344652,0.185748546820828,0.105704015467058,0.442550942400856,-0.0170425907591447,0.0752337045663028,0.0574662770332248,0.0248616418771155,-0.019325650132651,0.121542661449364,-0.0573489884240194,0.126988616081305,-0.0473551356808617,0.339947606446427,0.146883737718074,0.0413623964975007,0.096249874715229,-0.114494762103273,-0.0239411110391346,0.120220680666006,-0.0756327006461565,0.215082138881047,0.259009734119935,0.2610788835716,0.102332986882282,0.134282284685973,-0.200371975407635
"8",-0.102177733244719,-0.036702132796553,-0.18773763979506,0.136469335079554,-0.0646788953839615,0.0796020272729371,-0.012362999643921,1,0.0494737046241343,0.119512332799973,-0.111925811085319,0.157994693805307,0.0386982301408757,0.0038858122104207,0.0705829000415626,0.0385248769760808,0.0878514256824387,-0.0123629553858015,0.0568479165393604,0.152644355117299,0.077729595702558,-0.0150754860222648,-0.0037141025528913,-0.0791503209997455,-0.0506218869777558,-0.0563736588883178,-0.0699134130446061,-0.0518031770350719,-0.222485268080498,-0.0762155932880831,0.0115370168224145,0.0924504183187254,0.0889951862412453,0.142185178898391,0.0787571245228267,0.513545019898535,0.166768286334378,0.0271359479904227,-0.0858160858906308,0.201055517075633,-0.0138073160255211,0.0116003406577159,-0.0187008978340899,-0.0232837388336895,-0.0558178989656206,0.399430159928725,0.0992373390116896,0.104271205602549,0.0832553449002484,-0.0671772729024953,-0.16951898099834,-0.0321059854380931,0.114827385910958,-0.122648891605438,-0.0921735292705393,0.141928797351571,0.154399120156519,0.154003120649592
"9",0.241216612825558,0.103835622528864,0.0641616701967258,0.269109508416974,-0.0451504286332381,0.0745938114482132,0.0376846809336521,0.0494737046241343,1,0.34735861910357,0.171847453565147,0.224704761598634,0.304692046260447,0.278106019113696,-0.0222871758672148,0.110357404909529,0.0464393562945929,0.00678089109806222,0.176968942090277,0.075383234914301,0.207766222691467,0.060866814068795,-0.00130255337382149,0.132906414499534,0.0694724908541637,0.211532889327268,0.175671708382344,0.0499972936278296,0.102594254475792,0.0571285285152171,0.149024210764059,0.117530353332473,-0.0707704720184775,0.0668073000071951,0.181178311587166,0.0672964274984407,0.41092359964976,0.178741423761351,0.149426535001283,0.0277847846898868,0.227615284609844,0.0519116877840118,0.362287982769506,-0.00679601915942596,0.314200768316644,0.157548198193516,0.0505764057996545,0.140669949424462,0.262731215953195,-0.0621620231713748,-0.109409288307386,-0.115464486881702,0.159002258056232,0.189109250315135,-0.110431972474442,-0.0337065981328175,0.0656212869167904,-0.155285825866915
"10",0.281688839902049,0.439757998290391,0.14350800821675,-0.118831976965312,-0.159139900819671,0.344562912888192,-0.153053478461232,0.119512332799973,0.34735861910357,1,0.0696389673313754,0.357574178454816,0.22354062610892,0.280755789166789,-0.139663225816566,0.189938308410246,-0.0574237926139989,0.0549600406851076,0.0398386758238415,0.187102090654293,0.0435413511215454,-0.0378095954270241,-0.102661937655217,-0.0572526532643412,0.18441273469302,0.190520718469047,-0.185553096501434,0.170633390932122,-0.0775353570009344,-0.0292913766499435,0.159924443026862,0.271163311450492,-0.00954218386121744,0.224208908935545,0.0969587749556777,0.331508477413974,0.221004747551678,0.288615029207982,0.123766328332404,0.241101576543959,-0.0844692312905726,0.170819718494638,0.178007659164186,0.34185748695524,0.101167970980521,0.208508954216226,-0.0371801840650817,0.0709221726059507,0.171627353466634,0.153823519878824,-0.012246618319652,0.156778863204326,0.167567298936059,0.0255521134267634,-0.00236106883037769,0.0583606488447017,-0.0740642946018387,0.229763429386407
"11",0.288282018738912,0.388009300451835,0.212709485869422,0.0304047808694442,0.157544282504898,0.188522591820567,0.256883086041946,-0.111925811085319,0.171847453565147,0.0696389673313754,1,0.358761501974832,-0.123613134456727,-0.0873922348981403,-0.0292085749819718,0.149432197937265,-0.0570248711209907,-0.119962839395459,0.166130790817536,0.0306731511764262,-0.138819899550832,-0.0954428016302887,-0.372890800938134,-0.281651788935868,0.130374941601262,0.343392692397024,-0.032132738171928,-0.0540271160909301,0.0539502881253008,-0.054455798276668,0.194629659182909,0.105433428930527,0.311525440474511,0.211097460701231,0.115027574308221,0.0076732287255495,0.0682901720610479,0.110664349619984,0.277266986638172,0.0917512487770065,0.0745905482430607,0.0932293231695805,0.0103648943752972,0.139235461804516,0.12143079150878,-0.00943215332877362,0.0499667155270424,-0.0623350092239862,-0.117228315059146,-0.0157772266882985,0.266683772681328,0.165246666656999,0.00465988642201639,0.0122807255507428,0.231960767290419,0.0307070025710093,-0.0798938367597165,-0.0417531248021199
"12",0.29452960035166,0.360185946267604,0.250515691665092,0.0849394522542938,0.0116791451192251,0.177170502773828,0.212360028014313,0.157994693805307,0.224704761598634,0.357574178454816,0.358761501974832,1,0.0970391620034945,0.0709095518491308,0.022942038930084,0.118286266721984,0.0545365919607831,-0.0776419326334293,0.183587465618059,0.196749604899938,0.128347983600136,-0.234480697786472,-0.339901902846517,-0.323104483828151,0.255349139383618,0.14384101874829,0.0341767873722358,0.0142616533805117,-0.0475404275655154,-0.123342132857627,0.202665295212089,0.227937268114567,0.245510233917794,0.194163557620461,0.0811401482343713,0.07602927331767,0.253102545088966,0.097682414833803,0.339490470788319,0.283345691112816,0.0854166872690442,0.0207536075958944,0.0280815301109779,0.0572079255875787,-0.0113062058744032,0.224210254305818,0.136659699544633,0.0439425272840379,0.0270751535224163,-0.0318473519968692,0.208441525171942,0.272166591405397,0.127805378740128,-0.0381817684097702,0.191340330528549,0.091274426074561,0.011668970883914,-0.0890654418088678
"13",0.0233024035729754,0.0417600106323366,0.284238110086797,0.0115922288068079,-0.0781866618750624,0.138812919275265,-0.117768152366041,0.0386982301408757,0.304692046260447,0.22354062610892,-0.123613134456727,0.0970391620034945,1,0.404363681612811,0.0569604052044367,0.0515860772925052,0.317156128125373,0.102907553009941,0.0464005215662477,0.245026578201511,-0.165887339303224,-0.0626403483922529,0.179317256182392,0.0386795899936075,-0.0952578992829114,0.0850499366464333,0.051487858167626,0.054538121876761,-0.141744553603044,-0.169730416564617,0.00161255365394892,0.0481934830931243,-0.0681737260088218,-0.045509734089571,0.0053170016960099,0.102896492396304,0.17343750530963,0.0591802337843174,0.147278773757481,0.124499244687179,0.161978991778647,0.208218924293679,0.278397750583455,0.321104804808632,0.121285567679079,0.276686192900898,0.28318056082788,0.215942016420938,0.634466182619883,0.374719073344456,-0.106089610016986,0.0478297784441558,0.324760716421669,0.203114136702515,-0.114403036854345,-0.05979974553596,0.0140049858355515,0.0751057533300932
"14",0.111990644677447,0.00778630247001912,0.144435610221845,0.0430125117607344,-0.0579718833338536,0.103341392779895,0.00754421442385502,0.0038858122104207,0.278106019113696,0.280755789166789,-0.0873922348981403,0.0709095518491308,0.404363681612811,1,-0.0595014015712901,0.0567099382452308,0.0232367256082483,0.419616246902913,-0.107890502869621,-0.0741243249503048,-0.0687676694663581,0.0874606381319643,0.0478389456333976,0.027448315242571,-0.0464466265841513,0.095625635720228,-0.0584585059653967,0.0445290903879747,-0.0809098910533115,0.00616280093851959,-0.0464751344540335,-0.147555227715368,-0.101463359720588,-0.0166854221665072,0.101086661906867,0.07730058721406,0.128071051098932,0.139075956979223,0.123342940357223,-0.00187969313572772,0.185667008302556,0.137012551281862,0.337972345959362,0.167027228669376,0.146646869762052,0.204181654727606,0.153460478575908,0.17515719849915,0.267061345729566,0.524800043718504,-0.0330206587689873,-0.142460384557758,0.247084869968558,0.265592878423202,0.064587809815017,0.0659870473192008,0.0119657601540727,0.0817409022196458
"15",-0.0986396235680002,-0.0185159959817486,-0.0378945670671968,0.00971803594206674,-0.0578191913286671,-0.122841047276577,-0.0318327630137177,0.0705829000415626,-0.0222871758672148,-0.139663225816566,-0.0292085749819718,0.022942038930084,0.0569604052044367,-0.0595014015712901,1,0.0950462194181826,0.0109391285397088,-0.21192158578669,-0.127458937982068,0.0779747333103097,-0.0849743978264806,-0.0531229620616354,0.17765482944725,0.0705586008321021,-0.105124842765242,0.0275421442497215,-0.0693182271841745,0.0313146851056312,0.00032268695143209,0.0940566871481459,-0.116154078217015,0.0243315318837417,-0.0505385872106899,-0.00309225947569284,-0.263426336566945,-0.179382366897859,0.0553803572312737,-0.0474677654759893,-0.120473208698457,-0.110531518328641,0.0548152960345466,-0.00677717353420922,-0.110256302546439,0.12570867204847,-0.0954239142511118,0.00219395051159666,0.104544705780302,0.0109789744325303,-0.0160553709989173,-0.100626511928821,0.160675917100455,0.23503123738626,-0.0181133042064767,-0.164029572511339,0.0273096019278615,-0.00155489566892918,0.0429577043553896,-0.074820818059619
"16",0.0544726842369611,0.224141860996477,0.203858234320785,-0.0572482713649186,0.0603011981716184,-0.00544346549385797,-0.113837242180469,0.0385248769760808,0.110357404909529,0.189938308410246,0.149432197937265,0.118286266721984,0.0515860772925052,0.0567099382452308,0.0950462194181826,1,0.00333415051494298,-0.179124401437694,-0.137203241264688,0.00275485263630562,0.174548684857958,0.0117152704411607,0.155181399439631,0.155492211133497,-0.0430114963262412,0.0349667268099104,-0.070973426459102,0.125718580066986,-0.0489054558753349,0.0896811612295563,0.0482417740754482,0.137153921231846,-0.0926589751814415,-0.0764651851070395,-0.0536608944799027,-0.0420475911253584,-0.00824285487168487,-0.0100195499167272,-0.133440363828038,0.0055082749446245,-0.103955957614067,-0.0480704797106757,0.0589842705945846,0.0550107246749544,0.00376655853625869,-0.00879255225355555,-0.0222038300387745,-0.0765064566124842,0.0216920309354509,0.0358771605537571,0.150896776551496,0.123855404902315,-0.193078215533996,-0.173566717784223,0.0131277818405382,-0.172619068871689,-0.122163229075477,0.0388363239882939
"17",-0.136507456809602,0.0340269063033455,0.0404131848088437,0.0497102681471921,0.0154633656299422,0.077310461799513,-0.146204809998311,0.0878514256824387,0.0464393562945929,-0.0574237926139989,-0.0570248711209907,0.0545365919607831,0.317156128125373,0.0232367256082483,0.0109391285397088,0.00333415051494298,1,0.104385108217386,0.125882023823379,0.141324783774155,-0.158630179441941,-0.122969047853195,-0.0137097371227466,-0.0253148798518343,-0.246371293680526,0.0298146781949182,0.0688058562321942,0.0863168376877681,-0.107073076534721,-0.141302272872364,0.0318562324966637,0.0974414128541598,0.0189701918978897,0.0877542055890974,0.02484700318337,0.128832504278367,0.161794800219262,0.0516579330501474,0.274178877967817,0.152030541885529,0.165309753693663,0.139219903864933,-0.106650718804997,0.00062331103407384,-0.0781694083212334,0.361005520229885,0.0993486946873587,0.0326563737135458,0.419345638877167,0.0174383726153267,-0.111283791538194,0.157158965183678,0.0876851517069372,-0.0152802941110534,-0.101140798758047,-0.15887106289174,0.0357654434229024,0.110311407648217
"18",-0.157231061020414,0.0425809746110004,0.0172888150662418,-0.0194630544282858,0.0649093722735562,0.146257865805374,-0.0144747529074371,-0.0123629553858015,0.00678089109806222,0.0549600406851076,-0.119962839395459,-0.0776419326334293,0.102907553009941,0.419616246902913,-0.21192158578669,-0.179124401437694,0.104385108217386,1,0.0724097445453871,0.0149793130682906,0.00596009931976058,0.066479328234114,0.00032600740833707,-0.119617891887671,-0.0343340438118539,-0.0849029970311481,-0.0247268877806392,0.00756538225399049,-0.0349192143513155,-0.0902799242249616,0.0214160392037738,0.0211859241113146,0.1588779318058,0.216682418190065,0.142637665842781,0.113791396091588,-0.0644019793607285,0.068911397354697,0.233901203836075,0.306112450579422,0.203965954013501,0.312984451853014,0.0544575036395722,-0.0996343154829763,0.0414612768040752,0.303048516608785,0.168510092294378,0.15222566029593,0.225388232825668,0.430370404283253,-0.0947158725006436,0.0149244815202645,0.303147929364411,0.189163578109958,0.134503274650976,-0.0666081564330347,0.19890731729071,0.183316566207103
"19",0.0486925368460475,0.0383824168060016,0.0147618167337819,-0.00499578295278105,0.0381281913452634,0.171091337338113,0.183742497169892,0.0568479165393604,0.176968942090277,0.0398386758238415,0.166130790817536,0.183587465618059,0.0464005215662477,-0.107890502869621,-0.127458937982068,-0.137203241264688,0.125882023823379,0.0724097445453871,1,0.151020580112504,0.0421600965616956,0.0187573201540479,-0.314651818137532,-0.287122828972246,0.155129029153212,0.00734843484633445,-0.0731189568209326,0.0116658196880285,0.0199396701183925,-0.132323385957276,0.563309625164577,0.300616895711211,0.395224109522431,0.348752067618535,0.142829021740029,0.0912226583524649,0.0598133752377338,-0.0325738724863517,0.405020997032838,0.322867509640916,0.219147943770317,0.141091414764408,-0.0684428574253203,-0.0860044253257237,0.150791730751046,0.184514425499013,0.176464551306087,0.103700867941252,0.229962652257789,-0.0535295578269887,-0.0119362909893409,0.091902011396945,0.258532182961182,0.100116119916585,-0.00027171661740398,0.00512152783380949,0.0346087652193839,0.0518105182702417
"20",-0.0579859704377513,0.114472172597112,0.0640034575519274,-0.218111242993271,-0.185299761677493,0.131286359450404,0.118313977226019,0.152644355117299,0.075383234914301,0.187102090654294,0.0306731511764262,0.196749604899938,0.245026578201511,-0.0741243249503048,0.0779747333103097,0.00275485263630562,0.141324783774155,0.0149793130682906,0.151020580112504,1,-0.192848547666778,-0.0410041743146898,-0.201876552226577,-0.265339269961996,0.00544359254200477,-0.0113162083496944,-0.15740814112104,0.047392383677309,-0.166906143185639,-0.135752921642452,0.20787648373982,0.48720170156761,0.220664116686476,0.081146789412932,0.155887706891557,0.206350787777419,-0.0847143101368758,-0.0849614484241747,0.170234969796523,0.237808756527994,-0.0535122195336584,0.0203417648416617,-0.0238004650662823,0.0896121567024341,0.147943222149754,0.197496181080572,0.0458987397920601,0.219084292388188,0.144356856227138,0.057668904096657,0.0208327950063108,0.0525653482062773,0.246372950081734,0.0668457758490713,-0.119277751907075,0.0753044259363249,0.0161968862860829,0.200644796679896
"21",0.0873765596811398,0.00618049398480651,-0.0951988135637393,0.101840892645706,-0.054576615882976,-0.176682453919711,0.102644746546804,0.077729595702558,0.207766222691467,0.0435413511215454,-0.138819899550832,0.128347983600136,-0.165887339303224,-0.0687676694663581,-0.0849743978264806,0.174548684857958,-0.158630179441941,0.00596009931976058,0.0421600965616956,-0.192848547666778,1,0.173788775608756,0.0997692393854724,0.0694705912593715,0.0376149409038829,0.0239752808320645,0.264996811191547,0.115389484113057,0.166517323364582,0.0701580909175677,-0.00148261884992139,0.0148140196116469,-0.0201939201887401,0.0262318337983156,0.0104987844018668,-0.0114383417962402,0.0371241718263936,0.0240438870047011,-0.0985197363191252,0.103008396424686,-0.0164531967045797,-0.0303046285849182,0.0987519352918627,-0.234329317222727,-0.140678432584974,-0.0210836247869474,-0.0761828817193804,-0.0439684315737331,-0.0989141676881973,-0.168214942862061,-0.00628977659984426,-0.0322584941710521,-0.1804066537106,-0.116476196959446,-0.00171077221623229,-0.0568804379471781,-0.00288049649586133,-0.229000342966906
"22",-0.0967948461071844,-0.0711500571841616,0.0227602447133039,0.0047906478018303,0.120663672933558,-0.114425573305403,0.123570379468192,-0.0150754860222648,0.060866814068795,-0.0378095954270241,-0.0954428016302887,-0.234480697786472,-0.0626403483922529,0.0874606381319643,-0.0531229620616354,0.0117152704411607,-0.122969047853195,0.066479328234114,0.0187573201540479,-0.0410041743146898,0.173788775608756,1,0.00441992387241113,0.0778100811837949,-0.0638841831757177,0.0359159656919806,0.078783152738393,0.0974946731939863,0.0121604696822239,0.162147826864442,0.0218778164353747,-0.137562716647541,-0.066056851866905,-0.027237733532333,0.065261216489343,-0.0814649146431413,-0.253332153905241,-0.0789173348830871,-0.145366754348787,-0.14326909656684,-0.184607365475659,-0.143118703228956,0.126718241896074,0.0722770665283535,0.0353734246847459,-0.0575938421922988,0.0913661631758922,0.160322284584168,-0.104658099278039,0.0275953767537516,-0.0340227207626271,-0.278876824818246,-0.104441064445217,0.0289501502308308,-0.0987506389406469,-0.0126418058325245,0.151142484452519,0.0510950677119111
"23",-0.119570276443369,-0.240564753371925,-0.0618634957213736,0.0977593181954782,0.015565569619607,-0.122032027818893,-0.304084183708497,-0.0037141025528913,-0.00130255337382149,-0.102661937655217,-0.372890800938134,-0.339901902846517,0.179317256182392,0.0478389456333976,0.17765482944725,0.155181399439631,-0.0137097371227466,0.00032600740833707,-0.314651818137531,-0.201876552226577,0.0997692393854724,0.00441992387241113,1,0.516166670515977,-0.262844722724279,-0.0715074990161483,0.0917422779145516,0.00606316528182364,0.0305480750408846,-0.0226350866787836,-0.324906111841756,-0.18956869787903,-0.401381236112167,-0.241403706314313,-0.162407370367819,-0.104943801196404,-0.00397065073170058,-0.165384895788031,-0.295573257045904,-0.231839000550942,-0.0685237104803241,-0.0238954469242715,0.265429351656687,0.0270739795673146,-0.124134714383744,-0.164882827404161,-0.0321256611112226,-0.00176657176313037,0.17111776546277,0.116685680263255,-0.123307578314125,0.0542131032364344,-0.151717717811057,-0.192272120219514,-0.138668208305391,-0.176272713742444,0.0855248935981477,0.06126955707285
"24",0.0348726654054838,-0.234388710159526,-0.00145330551036112,0.147428708568112,0.00921373583106121,-0.0592603672154066,-0.313894112128039,-0.0791503209997455,0.132906414499534,-0.0572526532643412,-0.281651788935868,-0.323104483828151,0.0386795899936075,0.027448315242571,0.0705586008321021,0.155492211133497,-0.0253148798518343,-0.119617891887671,-0.287122828972246,-0.265339269961996,0.0694705912593715,0.0778100811837949,0.516166670515977,1,-0.209655062159449,-0.0824857728167759,0.252938412241012,0.205280506645159,0.0151134678674997,0.00214175274496571,-0.250060142643965,-0.104415338138274,-0.337090581840034,-0.243099904253315,-0.17618133879164,-0.17335069113565,0.0537407056928516,-0.0464115106830802,-0.224039114057237,-0.242961375935193,-0.143255285244602,-0.11491042691705,0.114949266019156,0.0574610932861594,-0.0900073046406306,-0.271377651702685,-0.130309379943359,-0.0250192460873561,-0.00034901589393844,-0.164085085192885,-0.0905182195464613,0.020724107952768,-0.268463250870746,-0.102286698834973,-0.223115729867646,-0.198709780981119,0.0506829285893259,-0.035970590670949
"25",0.185027012309074,0.0684442094293759,0.0100081084688984,-0.020597989370264,-0.0900329759007035,-0.0240182220370938,0.0829715131196709,-0.0506218869777558,0.0694724908541637,0.18441273469302,0.130374941601262,0.255349139383618,-0.0952578992829114,-0.0464466265841513,-0.105124842765242,-0.0430114963262412,-0.246371293680526,-0.0343340438118539,0.155129029153212,0.00544359254200477,0.0376149409038829,-0.0638841831757177,-0.262844722724279,-0.209655062159449,1,0.13880843444713,-0.0578622124555512,-0.0585744205329869,0.0115815598549133,-0.14704030078628,0.211704556342761,0.0772475485195007,0.193143215492884,-0.0920723212217134,0.0637672295340191,0.00581538859297706,0.212986519262587,0.0505929315516086,0.0216149697537791,-0.0611273329798564,-0.0167201720749403,0.0312703507191682,-0.0726318931125977,0.0414877987590946,0.197821186241141,0.0806721995531595,0.043922540764037,-0.0277739980411432,-0.105399591903691,0.00610493324601109,0.0123332346634288,-0.134208070015713,0.140736560583279,0.246462949899303,0.0834552374325435,0.0976411545861771,-0.166829579209697,-0.0901048332112493
"26",0.138503800710753,0.335670874815453,0.219327191725504,0.0394416251521203,0.0878150353000927,0.266106456642826,0.0481128336356084,-0.0563736588883178,0.211532889327268,0.190520718469047,0.343392692397024,0.14384101874829,0.0850499366464333,0.095625635720228,0.0275421442497215,0.0349667268099104,0.0298146781949182,-0.0849029970311481,0.00734843484633445,-0.0113162083496944,0.0239752808320645,0.0359159656919806,-0.0715074990161483,-0.0824857728167759,0.13880843444713,1,0.160690597338147,0.0240499441834889,0.147306735739151,-0.110584249030177,0.0147827795657502,0.0264151364476639,0.0225975004519557,0.12130884446617,0.114390912229193,0.136848996492938,0.179617431293934,0.313295006536865,0.0854359808160203,-0.0788873189970086,-0.0686509083577021,0.0425196385223163,0.154149203344858,0.306782284259937,0.121553381504214,0.109423435018469,0.183853488205822,0.161483068212882,0.0586824604064944,0.0194214325758646,0.0135450360347712,-0.0081694537241255,-0.0543555530776015,0.0332538401683077,0.0703906522170485,-0.0583881165655736,-0.285781715123393,0.119813766695393
"27",-0.0103095731963321,-0.0889572844011283,-0.0460426626772141,0.317495338978655,0.0674611479925215,-0.0137834647985767,0.13690506515933,-0.0699134130446061,0.175671708382344,-0.185553096501434,-0.032132738171928,0.0341767873722358,0.051487858167626,-0.0584585059653967,-0.0693182271841745,-0.070973426459102,0.0688058562321942,-0.0247268877806392,-0.0731189568209326,-0.15740814112104,0.264996811191547,0.078783152738393,0.0917422779145516,0.252938412241012,-0.0578622124555512,0.160690597338147,1,0.2465997059736,0.369430986165018,0.114928192048803,-0.117791108608767,0.0189736668255474,-0.081153798978517,0.0518424063582238,-0.0146607786608904,-0.0936602550301682,0.171497446961701,0.0486475295002898,-0.0932779139305644,-0.080021835446935,0.0207735944709315,-0.0875450007405301,0.257948784473584,-0.0296885395816499,-0.13443087663113,-0.14056350525777,-0.036056849420785,-0.0301191149608857,0.0405200239438692,-0.119337067087805,-0.188189776819124,-0.126567353508059,-0.159518242467364,-0.0776000272982042,-0.0839083411398673,-0.215997549636337,-0.0266982530263321,-0.344538410863208
"28",-0.00026731698026958,-0.00702153687487077,-0.0275939254834816,0.0740831502457047,-0.0699307153773255,0.0844230643788337,-0.0162528538973731,-0.0518031770350719,0.0499972936278296,0.170633390932122,-0.0540271160909301,0.0142616533805117,0.054538121876761,0.0445290903879747,0.0313146851056312,0.125718580066986,0.0863168376877681,0.00756538225399049,0.0116658196880285,0.047392383677309,0.115389484113057,0.0974946731939863,0.00606316528182364,0.205280506645159,-0.0585744205329869,0.0240499441834889,0.2465997059736,1,0.313225324529051,0.199230806561524,0.0395642668895914,0.163820844181238,-0.0658475292997482,0.122375048418634,-0.0746074715193903,-0.0899861655991227,0.142188532716227,-0.0701863879397888,-0.0456532964645941,-0.0334075711248276,0.0748352251350815,-0.0323686235662885,0.18371000269112,0.0502466066918627,0.0579572180449465,-0.00746133489332873,0.162808584553844,-0.0369490880501082,0.208145916769341,-0.0362462999495314,-0.047295400245263,-0.0253971028793262,-0.0173746941045162,-0.090368836752942,-0.17722782523629,-0.0712030137036955,0.0444886103019316,-0.0997149387640017
"29",-0.137655277585728,0.157314248342083,-0.115373563978419,0.0496436425712648,0.038911493414527,0.018892742242098,0.180694178046489,-0.222485268080498,0.102594254475792,-0.0775353570009344,0.0539502881253008,-0.0475404275655154,-0.141744553603044,-0.0809098910533115,0.00032268695143209,-0.0489054558753349,-0.107073076534721,-0.0349192143513155,0.0199396701183925,-0.166906143185639,0.166517323364582,0.0121604696822239,0.0305480750408846,0.0151134678674997,0.0115815598549133,0.147306735739151,0.369430986165018,0.313225324529051,1,0.301096997022074,0.085887082601798,-0.0424748197912299,-0.191609376749614,0.0261334559611291,0.0471906213385915,-0.163120239621524,0.159748722950599,0.0566371533555446,-0.0254226441162333,-0.17794803032732,0.137887382314106,0.024653442714805,0.248606036849836,0.0242831564670619,0.055662322133215,-0.19473369046725,0.0735420588771329,0.100371752625648,0.014295472528842,-0.132450829507792,0.0131745229009661,-0.141548556050679,-0.128420131474974,-0.0305737505483336,-0.188239390940002,-0.239120270067882,-0.181851155043936,-0.250987743438562
"30",-0.00303779421617451,-0.029035684355621,-0.10229237650699,0.115470859887534,0.0201311884374377,-0.220036413993128,0.195652750004179,-0.0762155932880831,0.0571285285152171,-0.0292913766499435,-0.054455798276668,-0.123342132857627,-0.169730416564617,0.00616280093851959,0.0940566871481459,0.0896811612295563,-0.141302272872364,-0.0902799242249616,-0.132323385957276,-0.135752921642452,0.0701580909175677,0.162147826864442,-0.0226350866787836,0.00214175274496571,-0.14704030078628,-0.110584249030177,0.114928192048803,0.199230806561524,0.301096997022074,1,0.0645182618248685,-0.024251397975019,-0.248639123243888,-0.134825189512374,0.00905187460346436,-0.184445642330303,-0.0483022202563469,-0.0229966472580395,-0.224792439357358,-0.33249276385716,-0.0596603497485857,-0.238019640683734,0.0370306572455984,-0.0156335607034175,0.213878946395615,-0.0971856501874556,-0.112280424369903,-0.147666788141436,-0.127637338123152,-0.0448633820621732,-0.0702118837856958,-0.0993694846887861,-0.0442890158379168,0.0865748902167091,0.00873555999021773,-0.0600876962734901,-0.0238680666082083,-0.0649230713905742
"31",0.0878589863589631,0.190387627852027,0.153510184109663,-0.0343199351085997,-0.0568375414639002,0.00079259292253615,0.131826334661973,0.0115370168224145,0.149024210764059,0.159924443026862,0.194629659182909,0.202665295212089,0.00161255365394892,-0.0464751344540335,-0.116154078217015,0.0482417740754482,0.0318562324966637,0.0214160392037737,0.563309625164577,0.20787648373982,-0.00148261884992139,0.0218778164353747,-0.324906111841756,-0.250060142643965,0.211704556342761,0.0147827795657502,-0.117791108608767,0.0395642668895914,0.085887082601798,0.0645182618248685,1,0.367281087986061,0.337072978603313,0.287589893173133,0.182736688894094,-0.0120439799859859,0.0725399991683896,0.0130410152064996,0.280785968338259,0.155990509039996,-0.0106896993179343,0.0711620594297207,-0.0680228395462817,0.0633407229575098,0.26784756922697,0.109489210345019,0.107202593451534,0.0324496024398745,0.0983497854859761,-0.136275176534641,0.0482477537182968,0.0545008469350481,0.360292946607943,0.232771302189625,0.15583315487951,0.0918875614211665,-0.0681552303429104,0.11540854991466
"32",0.0345263053582265,0.231018637186314,0.109984827902588,-0.0659653223875093,-0.0235574135956847,0.157656369489021,-0.10366240344652,0.0924504183187254,0.117530353332473,0.271163311450492,0.105433428930527,0.227937268114567,0.0481934830931243,-0.147555227715368,0.0243315318837417,0.137153921231846,0.0974414128541598,0.0211859241113146,0.300616895711211,0.48720170156761,0.0148140196116469,-0.137562716647541,-0.18956869787903,-0.104415338138274,0.0772475485195007,0.0264151364476639,0.0189736668255474,0.163820844181238,-0.04247481979123,-0.024251397975019,0.367281087986061,1,0.306796423150023,0.286564871990339,-0.0560511151513497,0.106465435364786,-0.0382482799545249,0.104748204514144,0.311489253833411,0.298155804334522,-0.0678406270384642,0.103371939524301,-0.183850768445798,0.144967275800175,0.0887336681312943,0.12355811698052,0.04531331652332,0.00945636724230307,0.104658699048179,-0.04655966604003,0.117973750498999,0.237986730241297,0.160041873046633,-0.0230278937072175,0.00315813893166448,-0.054554855173112,-0.204731143788275,0.109636760136485
"33",0.0560483643599049,0.185669099223702,0.171544591645025,-0.147732100322874,-0.0560573868527375,0.0793758141816348,0.185748546820828,0.0889951862412453,-0.0707704720184775,-0.00954218386121744,0.311525440474511,0.245510233917795,-0.0681737260088218,-0.101463359720588,-0.0505385872106899,-0.0926589751814415,0.0189701918978897,0.1588779318058,0.395224109522431,0.220664116686476,-0.0201939201887401,-0.066056851866905,-0.401381236112167,-0.337090581840034,0.193143215492884,0.0225975004519557,-0.081153798978517,-0.0658475292997482,-0.191609376749614,-0.248639123243888,0.337072978603313,0.306796423150023,1,0.31789855231557,0.158532540018853,0.0644494706083296,-0.0784000069534102,0.118764820643996,0.335013500227762,0.390881926194764,0.173144252800595,0.259720833577617,-0.176690326747051,-0.0434898744351519,0.0948159883872673,0.208298658379938,0.106943210607635,0.0328695596552679,0.0122816495387452,0.0290332391203596,0.204085270896772,0.16952116320435,0.208402011767826,0.134618563809699,0.300072548742212,0.14265253535251,0.045407447330223,0.0649215473126951
"34",0.129684348478945,0.18358394879348,0.0192860491457497,0.094478454408698,0.0318269293849348,0.274816196423164,0.105704015467058,0.142185178898391,0.0668073000071951,0.224208908935545,0.211097460701231,0.194163557620461,-0.045509734089571,-0.0166854221665072,-0.00309225947569284,-0.0764651851070395,0.0877542055890974,0.216682418190065,0.348752067618535,0.081146789412932,0.0262318337983156,-0.027237733532333,-0.241403706314313,-0.243099904253315,-0.0920723212217134,0.12130884446617,0.0518424063582238,0.122375048418634,0.0261334559611291,-0.134825189512374,0.287589893173133,0.286564871990339,0.31789855231557,1,0.188320310122083,0.2035317249921,0.0779297454693685,0.139744903987292,0.383277328345563,0.487982528053106,0.180048009366705,0.253053543067853,-0.0214677006525068,-0.0948898763008879,-0.0410123724493269,0.182833835537098,0.162261951520155,0.0746568126094973,0.156417911916528,-0.0190907845358013,0.168159624446293,0.309505530006897,0.244757917126043,0.00371664163596138,0.0390646295898023,-0.0236055933268393,0.0679044354798537,0.00810301570348821
"35",0.129054809260367,0.061532657912166,-0.0686703227367864,-0.135897931668308,-0.0928461435759787,0.00101001512093568,0.442550942400856,0.0787571245228267,0.181178311587166,0.0969587749556777,0.115027574308221,0.0811401482343713,0.0053170016960099,0.101086661906867,-0.263426336566945,-0.0536608944799027,0.02484700318337,0.142637665842781,0.142829021740029,0.155887706891557,0.0104987844018668,0.065261216489343,-0.162407370367819,-0.17618133879164,0.0637672295340191,0.114390912229193,-0.0146607786608904,-0.0746074715193904,0.0471906213385915,0.00905187460346436,0.182736688894094,-0.0560511151513497,0.158532540018853,0.188320310122083,1,0.168851225108323,0.270543451990061,0.128034993561407,0.0650347843496318,0.116642635215489,0.106325087260844,0.12978609893114,0.202915942249623,-0.191610127724868,0.333420143086303,0.192353185272604,0.0753169329673242,0.263526462965982,0.0594547983504395,0.116932125034316,0.00421145956455875,-0.0841658252027176,0.385912815761679,0.362244260052408,0.0587421545842176,0.134516877268122,-0.046456721221229,-0.078489443767093
