"","l_Insular.Cortex","r_Insular.Cortex","l_Amygdal.Area","r_Amygdal.Area","l_Bed.Nucleus.of.the.Stria.Terminalis","r_Bed.Nucleus.of.the.Stria.Terminalis","l_Hippocampus","r_Hippocampus","l_Orbitofrontal.cortex","r_Orbitofrontal.cortex","l_Entorhinal.Cortex","r_Entorhinal.Cortex","l_Frontal.Association.Cortex","r_Frontal.Association.Cortex","l_Globus.Pallidus","r_Globus.Pallidus","l_Glomerular.Layer.of.the.Accessory.Olfactory.Bulb","r_Glomerular.Layer.of.the.Accessory.Olfactory.Bulb","l_Glomerular.Layer.of.the.Olfactory.Bulb","r_Glomerular.Layer.of.the.Olfactory.Bulb","l_Granule.Cell.Level.of.the.Cerebellum","r_Granule.Cell.Level.of.the.Cerebellum","l_Hypothalamic.Region","r_Hypothalamic.Region","l_Entorhinal.Cortex","r_Entorhinal.Cortex","l_Vermix.Molecular.Layer.of.the.Cerebellum","r_Vermix.Molecular.Layer.of.the.Cerebellum","l_Lateral.Molecular.Layer.of.the.Cerebellum","r_Lateral.Molecular.Layer.of.the.Cerebellum","l_Anterior.Olfactory.Bulb","r_Anterior.Olfactory.Bulb","l_Posterior.Olfactory.Bulb","r_Posterior.Olfactory.Bulb","l_Subiculum","r_Subiculum","l_Perirhinal.Area","r_Perirhinal.Area","l_PreLimbic.System","r_PreLimbic.System","l_Primary.Cingular.Cortex","r_Primary.Cingular.Cortex","l_Primary.Motor.Cortex","r_Primary.Motor.Cortex","l_Retrosplenial.Cortex","r_Retrosplenial.Cortex","l_Secondary.Cingular.Cortex","r_Secondary.Cingular.Cortex","l_Secondary.Motor.Cortex","r_Secondary.Motor.Cortex","l_Striatum","r_Striatum","l_Ventral.Tegmental.Area","r_Ventral.Tegmental.Area","l_Substantia.Nigra","r_Substantia.Nigra","l_Thalamus","r_Thalamus"
"1",1,0.0871482054013675,0.0453961458197072,-0.194539208122269,0.216246301196789,0.25737287483783,0.0351114439671669,0.100029991681788,0.388256443668182,0.29563477940135,0.0856234718107094,0.19014533904713,0.0302821417423309,0.0763983227833956,0.209931623434055,0.0122605899239299,-0.0590177867710071,0.0828521747684206,-0.22006767132404,-0.0465619098758768,-0.0697895639734774,0.0153528782646264,-0.195786159314002,0.0643926651904408,0.0589113984170318,0.101728612113452,-0.0775940328167837,-0.0463928388600267,0.00440990865975908,0.131623336101798,0.0711994659143181,-0.0726391331192532,0.22785267853459,0.322648341983527,-0.11732209127018,0.0032269079483949,0.0123913134754899,-0.16868234277101,-0.00826009845717632,0.144724603228167,0.0342496223649311,-0.0444027915292441,-0.106231291531179,-0.101609799927303,0.00869329854104657,0.00768605426965934,0.00577099515362547,-0.0396267652925361,-0.00819316132951873,0.115891030644106,0.186334195746131,0.0548078935719858,-0.0443658932781784,-0.119513771156931,0.0939335982256988,-0.0508768801208372,0.00235002573481951,0.188731598268807
"2",0.0871482054013675,1,-0.0138497964448411,-0.0338486669764163,-0.00326685023907664,0.0104074120143673,0.0394023538114509,0.0286036442825637,0.00710819796863141,0.220105462669372,0.0422518033358964,0.0913243456465566,-0.111136368717729,-0.0333550172634652,0.181473209491378,0.00110414132425866,-0.0993589957523611,-0.0877160401999774,0.00585657626251852,-0.0214500283843048,0.144138905430232,-0.0765089946176279,-0.278662564837737,0.166557164543966,-0.0989020303959245,-0.0421635388898998,0.112733361683948,0.242426244584893,0.0574719365600561,0.106600086937709,0.0133488762067375,-0.0743380287270556,0.0901304062747933,0.297270945278725,-0.155913915168175,0.0628011851087962,-0.142606999569664,-0.0124778837243047,-0.00909084413979074,0.0528084358183929,0.0248111790282693,0.118323427322323,-0.0707561138291889,0.185115631927658,-0.0106438345445311,0.143142251631468,0.0551152444903754,0.135246533606353,-0.130574240991112,-0.0497738587934669,0.298407498446479,0.240985328668507,0.0157456584243105,-0.0705518318190698,0.005563994516725,-0.0501827697467283,-0.166857358095737,-0.140060239933967
"3",0.0453961458197072,-0.0138497964448411,1,-0.020420463284674,-0.115752676411115,-0.206351100357599,0.00371720361479897,0.115372293698286,-0.0887765756284411,0.194852423656437,0.116806119234398,0.210884181222231,0.0359367427574556,0.0676110159882429,0.07307933333102,-0.0639218414717893,-0.174988787311999,-0.0505316553983676,-0.125496976864229,-0.153891123013091,0.095067508022063,0.0202103064596651,0.0764512419148847,0.0691237858528637,0.283028960421863,0.18652712408312,-0.0633346918092332,0.104416779995154,0.0237705136112299,0.184019943847345,0.0341178622523929,0.0039586371791949,0.157819195991536,0.13120189048239,0.0879704024138914,0.0545787892792002,-0.00306619939103008,-0.00595646394114439,0.00488423764186593,0.159094264112274,-0.105232193150856,-0.0171911030188299,-0.0836754504035872,-0.127670690467278,-0.179565674399508,-0.330991295485328,0.0229970485877576,-0.194616189504369,0.0583619624014275,-0.162631918166631,0.133748408145171,0.151589960865123,0.0419968681424086,-0.0665694003342684,0.0198708994463267,-0.137328691253879,-0.190550796449981,0.0176337596777305
"4",-0.194539208122269,-0.0338486669764163,-0.020420463284674,1,0.00051789046740075,0.036258024967306,0.144865430993332,0.0229296186014319,-0.126315623436464,0.00176936593300948,0.0331576829092568,0.153610151670908,-0.0556555813274381,-0.0803689565935328,0.16489100416782,0.0660432557684573,-0.014781133409208,0.129623499904271,-0.0479587046656363,0.0486127983870067,-0.0334322096924153,-0.0160997831192,0.136809908290685,-0.124569281642335,0.0435217832883124,0.150628448412522,0.00766000189896422,-0.132653531601334,-0.00751723188299485,-0.0535610317962324,-0.226276273597285,0.0975845972725345,-0.0995606624449457,-0.157106200772554,0.0145093963315246,-0.0150066493963561,0.0706068291845581,-0.00704381905699371,0.0973081894878161,0.0936188863551748,-0.157433039510196,-0.176597974766987,-0.220369013654359,0.0971569798163334,0.0274812744929934,-0.0838231301047225,0.0292515670021086,-0.0904220355955061,-0.123117159760009,-0.0825378156129692,0.168089262787758,0.153189055305465,-0.0164324989812719,0.189436135046642,-0.0314476688510279,0.00658326686675887,0.038479776172074,-0.122333290165757
"5",0.216246301196789,-0.00326685023907664,-0.115752676411115,0.00051789046740075,1,0.189554739416877,-0.114717548773156,-0.0410565851236655,0.076984037606078,0.133783015804264,-0.0420093392729882,0.148348587400523,0.210456511794892,0.0194237920806433,0.165537503040938,0.0414515612473974,0.121729158089812,0.0370239305334085,-0.0536451052126942,-0.0495835357714851,-0.0459536595962315,-0.0581064006176555,-0.00165333063650832,0.0013933134485692,-0.251746490425566,-0.0704656115249161,-0.0536903422098101,-0.121273943173399,-0.0151196699316954,-0.0807366194553239,-0.00268650969014524,-0.140219605273274,-0.00675105249880706,-0.116928701531168,-0.332015969809758,-0.274034471700676,-0.152372737062639,-0.218515518638538,0.0483691645039921,0.127487491394918,0.0430745791593987,-0.0538075541574293,-0.119898871064039,-0.0928322627388888,-0.0674777358592579,0.116592825380427,0.0236365728222644,0.145274363820127,0.0240202886113478,0.00172850862994395,0.220980044591905,0.238253457044751,0.0672427447967425,0.0162460406658537,-0.0473312326767647,0.0746895769068472,0.175330903004448,-0.0281902087744366
"6",0.25737287483783,0.0104074120143673,-0.206351100357599,0.036258024967306,0.189554739416877,1,0.00297527974797914,0.0712446036940664,0.0272823973727484,0.147786858128898,0.0976908611179003,0.00564362811950266,-0.0143903079650363,-0.143152380451252,-0.0193332366044875,0.0202680251125856,0.0974953518881234,0.035126183433061,-0.137784966158834,0.121840594928625,-0.0999334521870196,-0.0982324930301182,-0.265876915428491,-0.0622927283675513,0.149857684986279,0.138815483574479,-0.0256751061713705,-0.143611841470277,0.0398874923359097,0.0324100618528143,0.0478876841458301,-0.0389811440789075,0.085223000236285,0.0292757604292444,-0.276275535197764,-0.141432788733406,-0.0615026291688614,-0.0762923759417569,0.132200051616964,0.0961797234648576,0.141016099549557,0.0714638458209125,-0.061869217751621,-0.0718837186873924,0.0162079311784915,0.0173868311243735,-0.0203293857406935,0.0434722062773972,0.0836180742615876,0.0318209078209147,0.260957638083278,0.114567160294642,0.0136213555544693,-0.223806040102851,0.0249229268866018,0.0446602393348627,0.220401170402592,0.10297636526852
"7",0.0351114439671669,0.0394023538114509,0.00371720361479897,0.144865430993332,-0.114717548773156,0.00297527974797914,1,0.0247619894351822,-0.127349813901485,0.0303338158320028,0.103511937692795,-0.142365528417154,-0.0500824403991324,-0.186262019030506,0.0643939857747226,0.105172538163883,0.0559937640170877,-0.14016883261646,-0.116714216283,0.0186171394995983,-0.0720190380280081,0.0148940129860252,-0.109883675537407,0.242439305806946,0.0325561717199271,-0.0108398309272893,0.104956401799061,-0.0005136352054728,0.0855847631742605,-0.0254380604250499,-0.241225647753447,-0.0464035639875075,-0.200510748091777,-0.0479318329064746,0.27943956455866,0.286713976571057,0.19351867725285,0.129992067591346,0.10076629382684,0.113126406216842,0.0630689785672826,-0.0887937508032584,0.0439219632309415,0.058367522266071,0.212427332468405,0.0706917481823457,0.0558372690300433,-0.118983999189629,0.0742630916059059,-0.0954802805652122,0.0474034662644314,0.0319929503329085,-0.132200095620567,-0.0106014603302753,-0.107322965640335,-0.089507139485573,0.16449688242984,0.034636405009339
"8",0.100029991681788,0.0286036442825637,0.115372293698286,0.0229296186014319,-0.0410565851236655,0.0712446036940664,0.0247619894351822,1,-0.0403878327043716,0.0924646623776252,0.0243578651022285,0.0911971467199618,-0.0888085804270085,0.0121699566979087,-0.156135633016725,-0.123814048445611,-0.170465792690929,-0.0768654812874646,-0.0274869306444148,-0.0104250223176285,-0.178003546714271,-0.167944028259562,-0.129941673253481,0.0103784908523126,0.274939321366105,0.0736484768338224,0.0147927079381725,0.0309382831567106,-0.0287248984076424,-0.00881072977675914,0.0266556361599877,0.0527184527466198,-0.0510897173738118,0.155024305561105,0.0876429017766318,0.262022091173673,0.143913249622239,0.130702117955213,-0.00087407864324587,0.0208677859886896,0.0316892132291423,-0.10895434587501,-0.136796043096173,-0.236348053490415,-0.0138882783786451,-0.107176579053602,0.114411947803132,0.179080284964361,0.0381997584383069,-0.196428351274041,-0.061619752843032,0.099480718055841,0.0541578872241553,-0.0253227391634706,-0.00852574278124022,-0.169597301753179,-0.0677967072177428,-0.0706619275442192
"9",0.388256443668182,0.00710819796863141,-0.0887765756284411,-0.126315623436464,0.076984037606078,0.0272823973727484,-0.127349813901485,-0.0403878327043716,1,0.20204072570948,0.0282589649790392,-0.0154267464784384,0.083753114270046,0.123496634809327,-0.0739866319513019,0.153692709048114,-0.0646666335446313,0.171072015786111,-0.00597173860577433,0.0718268425218391,0.064222537071915,0.180318526989119,0.00059241052247307,0.0303164144065013,-0.0820128524997353,-0.0566971369462494,-0.0326772478308969,0.00645510156225428,0.0438536297185458,-0.0393534895650698,0.118373072196888,-0.0391916568681423,-0.0405956512089026,0.0308364188776278,-0.188214101995808,0.0698851479322141,0.0823987734737837,-0.0581568712858233,0.0916961569913313,-0.130555653122603,-0.0856911291404274,0.0274158977794037,-0.107362491063981,-0.0612855485362431,0.0799555597539143,0.00912197043527069,0.102035565349062,0.0416097817281183,0.0361125044174445,0.124873703104235,-0.0820335157740933,-0.0457483086120271,0.0342753383960144,0.0238672237869857,0.145295134340752,0.153636904986338,-0.0026194895363609,0.100348217272451
"10",0.29563477940135,0.220105462669372,0.194852423656437,0.00176936593300948,0.133783015804264,0.147786858128898,0.0303338158320028,0.0924646623776252,0.20204072570948,1,-0.0352176381609401,0.0216827310153316,0.0287145660378271,-0.0193073840080965,0.0324577014613357,0.0434497734238578,-0.137173710923444,0.0669443265441392,-0.0440105970397624,0.115519721385444,0.0326279642587054,0.00874979179305798,-0.0964413346018138,-0.038434356993425,0.0636058310853594,-0.0632953885311869,-0.0631757892137404,0.103195049293579,0.0703439184527909,0.18451667829789,0.0249521555793225,0.0002741349743948,0.0680549721411302,0.208278776395046,-0.266416364322859,-0.0422998376361296,-0.127621535903306,-0.0430761015870485,-0.128434923584826,0.111847460644191,-0.0278316791960924,0.0251777594805672,-0.0336136767727917,0.133302999617485,-0.0677377527969523,-0.0142115724217812,0.115143060186155,0.0368185708551959,0.00435847460958221,-0.0242900733573344,0.159913990994745,0.208398949702281,-0.0274007612863546,-0.0683628474679422,0.0896308175623743,0.145793270809033,-0.0524737813260035,-0.155021289914645
"11",0.0856234718107094,0.0422518033358964,0.116806119234398,0.0331576829092568,-0.0420093392729882,0.0976908611179003,0.103511937692795,0.0243578651022285,0.0282589649790391,-0.0352176381609401,1,0.24208871265635,-0.00183641439619446,0.165032088756689,-0.00281008132460758,0.160944938555105,0.162801397562527,0.113074261554537,-0.153166216129334,-0.0785775796100789,-0.102931168206656,0.00417771026886357,-0.0262517662854997,0.178197600881848,0.0489454387995462,0.0437535422709515,0.0770278156738606,0.0113957090026682,0.0143881748137088,0.0783037739261033,-0.118647051666424,-0.164116258300084,0.0279289680627409,0.173266545068734,0.0461191243621729,0.0976299424437133,0.0429317143081853,0.0657844182391848,-0.0686610095035725,-0.0171901341232799,-0.00819442378499159,-0.0550842454441593,-0.144902137775385,-0.0463341254534978,0.177634660213142,0.00244300840899001,0.0728416298464887,-0.116065123371979,-0.0715467744636471,0.122868810136908,0.115120331758887,-0.0828223328745822,-0.0162287491789453,-0.254440634638525,-0.0378241345802209,-0.0880767386807106,0.0127890575052005,-0.107551017672067
"12",0.190145339047129,0.0913243456465566,0.210884181222231,0.153610151670908,0.148348587400523,0.00564362811950266,-0.142365528417154,0.0911971467199618,-0.0154267464784384,0.0216827310153316,0.24208871265635,1,-0.0123081192580511,0.122176289679148,-0.105465703801478,-0.0129312421301593,-0.0256491055261811,0.0380421685224687,-0.168980242088422,-0.0569071832608126,0.0827843662071821,-0.0899849026873981,-0.0415701555515958,0.0652024120576481,0.176563430218948,0.207890198200368,-0.0163057741637741,-0.116280444608156,-0.0311230097983029,0.0752941161508294,0.028516793318786,-0.129783478323696,0.193244668232982,0.232644882278788,-0.051367701933417,0.0165218821046577,0.113948835284258,-0.0238460876072412,-0.00754959156841708,0.174379571347533,-0.114801242449085,-0.0762218721365724,-0.191864257245983,-0.0811080659219902,-0.0674389896851518,-0.218439499313246,-0.00534714654141661,0.108868133338894,-0.116821124545504,0.0165423856915927,0.114246442356412,0.0822779340767152,0.197787862970938,-0.118751091010766,0.0307002763952093,-0.246566609960638,-0.205472865583355,-0.0716538843947661
"13",0.0302821417423309,-0.111136368717729,0.0359367427574556,-0.0556555813274381,0.210456511794892,-0.0143903079650363,-0.0500824403991324,-0.0888085804270085,0.083753114270046,0.0287145660378271,-0.00183641439619446,-0.0123081192580511,1,-0.0640829468354983,0.0195394485524123,0.0955515481960388,0.248454332402385,0.0579599274533606,0.0989746476553742,-0.0642470425432606,-0.100933103577851,0.159190097158643,-0.0232671302201095,0.0210575746020965,0.00324155792394044,-0.0776134836047916,-0.183688110103206,-0.152324590612974,-0.0473883062582851,-0.168067548805283,-0.0478616254221409,-0.0785503625524582,0.0784561691119057,-0.0197983845120386,-0.0735870055679503,-0.0639015545298932,-0.149136859470143,-0.334182392135958,0.107936963290346,-0.100840386294046,0.0429527226976492,0.0705565875534458,-0.0240138846311626,0.0613340295976276,-0.0913238087414755,-0.0896193643153034,0.103583308035557,0.0444802121556705,0.409783079818963,0.0255668987471405,0.120749428674413,0.135431386380479,-0.0350299724273829,-0.0120611958959942,-0.112387378837638,0.0282449030840983,-0.108566225262947,-0.131540914165629
"14",0.0763983227833956,-0.0333550172634652,0.0676110159882429,-0.0803689565935328,0.0194237920806433,-0.143152380451252,-0.186262019030506,0.0121699566979087,0.123496634809327,-0.0193073840080965,0.165032088756689,0.122176289679148,-0.0640829468354983,1,0.0257495943376079,0.0669222584409911,-0.0092500863288054,0.309750300881921,0.026669938544818,0.0365279283600908,0.00181970394662278,-0.0861795940440633,0.086365607950439,0.035475814652796,-0.0979156541472442,-0.0587056035029341,-0.0358217160107266,-0.0136061037090904,0.0096992660300164,-0.0871082048933573,0.214596253992863,0.00495143187592046,0.0345043069282118,0.106878276449175,-0.00415685687311285,0.0987502675787601,-0.0933014391473142,-0.0169238742542276,-0.00349455456055443,0.0756850367568191,0.104290900830572,0.0745957149414449,-0.172108024734947,-0.0576108300843487,0.176967866850328,0.0996835805050891,0.123971636513226,-0.0190844457903244,-0.0444185497589067,0.527834866466037,0.00850040500171738,0.0634910251275595,0.00391810260285478,0.0343154921295879,0.0771996507169964,-0.0731787463201112,-0.0737023514698332,-0.142542076715785
"15",0.209931623434055,0.181473209491378,0.07307933333102,0.16489100416782,0.165537503040938,-0.0193332366044875,0.0643939857747226,-0.156135633016725,-0.0739866319513019,0.0324577014613357,-0.00281008132460758,-0.105465703801478,0.0195394485524123,0.0257495943376079,1,-0.0118416023700013,0.140874074441467,0.0165766454135864,-0.0599781209681461,-0.0668808008489426,0.0294212581081418,0.0618497039956686,-0.14686296673957,0.150276387144113,-0.0815706877994891,0.0629703209111748,-0.142424562451882,0.0637502837045839,0.0381371677034925,0.00134956013282111,-0.0310844819018991,0.0666878495794806,0.149552418886168,0.0573497989222138,-0.0960730692796305,-0.191445255556581,-0.0152127529574963,-0.200698777493166,0.132253949746164,0.259577890190821,-0.0102183440416028,-0.0553490809452049,-0.0637701048731147,0.0826652075401608,0.0742307736559751,0.122253423079499,0.0407066193425452,-0.169058728492621,-0.127497796691635,0.0286168778055109,0.370811573860028,0.0967558169670452,-0.0892478371239588,-0.0416230287669356,-0.024325244276739,-0.0271357549528325,0.0392112245223325,-0.0396640309125347
"16",0.0122605899239299,0.00110414132425866,-0.0639218414717893,0.0660432557684573,0.0414515612473974,0.0202680251125856,0.105172538163883,-0.123814048445611,0.153692709048114,0.0434497734238578,0.160944938555105,-0.0129312421301593,0.0955515481960388,0.0669222584409911,-0.0118416023700013,1,0.0469282448108543,0.144093481231348,0.0159204606483942,0.100697436867554,-0.121058912137557,-0.0581364741899592,0.0579325759964822,0.0307016268891854,-0.0283385218882182,-0.0889205083315058,0.116217809114341,-0.0418568306452202,-0.170424693020824,0.0307237769930626,0.0033916773984007,-0.0552805811114147,-0.0514943333092238,0.0741734702633991,-0.266086187486919,0.0377743896015351,0.0391306323024314,0.0854252321311231,-0.0455251714910469,-0.0236526851929578,0.0916654712035324,0.0598923159134944,-0.15558971688803,0.171023851120326,0.265357345847306,-0.0135650251929485,0.119975054981257,0.0302765478962904,0.0495521044267727,0.0265633152601682,0.0884678589141627,0.20047927583563,-0.0126516370743333,0.133016297426894,-0.0747164442709268,-0.17613262512482,0.0435125724009912,-0.242218374425515
"17",-0.0590177867710071,-0.0993589957523611,-0.174988787311999,-0.014781133409208,0.121729158089812,0.0974953518881234,0.0559937640170877,-0.170465792690929,-0.0646666335446313,-0.137173710923444,0.162801397562527,-0.0256491055261811,0.248454332402385,-0.0092500863288054,0.140874074441467,0.0469282448108543,1,-0.0585532362940906,-0.0571855768970714,0.102687550837199,-0.0501006981240697,0.0274022112006312,-0.0482365117391988,0.0237391637194527,-0.0578523717310963,-0.0727305869040267,-0.154220424842325,-0.0372672010764758,0.0336182317312098,-0.238222155020699,0.11781941714804,0.0454012089390091,0.145313065967587,-0.222716254738476,0.0251004482998222,-0.117279977479483,0.0178398091955003,-0.0672932490624369,0.0659995920967734,0.0456668375140201,0.179730983447644,0.0826739032103351,-0.0464199870598923,0.0912166312445368,0.156184471630533,0.0589686429093381,-0.0909677606108895,-0.0520254759866303,0.183991048956177,0.161906650450447,0.172646662158687,0.108896288854445,0.0524951897486204,-0.0550578918694069,0.203204285332846,0.0596372527860124,0.114218241549743,-0.0220219207625828
"18",0.0828521747684206,-0.0877160401999774,-0.0505316553983676,0.129623499904271,0.0370239305334085,0.035126183433061,-0.14016883261646,-0.0768654812874646,0.171072015786111,0.0669443265441392,0.113074261554537,0.0380421685224687,0.0579599274533606,0.309750300881921,0.0165766454135864,0.144093481231348,-0.0585532362940906,1,0.17744229912806,0.0784888393134182,-0.0842793846421574,-0.215866424141429,0.0198322983026149,-0.0379823652874197,0.0135019624564983,-0.0122803005850418,-0.0821607940704978,-0.0548678404188383,-0.132262531868595,-0.0633788657921243,0.0800267208276697,0.0981414067029412,0.0891788871391219,0.00339508898015724,-0.253407338481899,0.054984271174796,-0.200283324751034,-0.0509806978275713,0.00419322446828403,0.219452216869512,0.0622264658111112,0.179149411759643,-0.0232915769233484,0.0596334711569446,0.235825436548231,0.072076021378423,0.0618019302176907,-0.0199224907685991,0.0742986002615006,0.370891598563274,-0.0205668931914513,0.0939344704997502,-0.0747686517443467,0.0754181544551764,-0.0533477788438451,0.00978654308542454,0.0301352244900027,-0.142638430748833
"19",-0.22006767132404,0.00585657626251852,-0.125496976864229,-0.0479587046656363,-0.0536451052126942,-0.137784966158834,-0.116714216283,-0.0274869306444148,-0.00597173860577433,-0.0440105970397624,-0.153166216129334,-0.168980242088422,0.0989746476553741,0.026669938544818,-0.0599781209681461,0.0159204606483942,-0.0571855768970714,0.17744229912806,1,0.16114649194222,0.00685779675801295,0.0760973098097045,0.0257729367200063,-0.100101574135191,0.0766492709726698,-0.0727603933534937,-0.015195389210168,0.00067583057422997,0.0207861000449355,-0.0263838998363633,0.1890985509263,0.2741850929361,0.134807073343391,-0.106376842625352,-0.0665565987564401,0.0591553367702233,-0.0141009308914023,-0.0627680537224303,0.0141736453272043,-0.0171647269783055,-0.124742393159323,0.0410424852746843,0.102155646084448,0.00688282668221954,0.0496661514929577,0.128770916600195,0.0314641686658138,0.0273675300347078,-0.0857679457118517,0.0377946671580578,-0.151804015629838,-0.0391006110343003,-0.165333466719876,0.13091574223921,0.0352861692187464,0.0933549813207933,0.0253329174530465,-0.0784596474173184
"20",-0.0465619098758768,-0.0214500283843048,-0.153891123013091,0.0486127983870067,-0.0495835357714851,0.121840594928625,0.0186171394995983,-0.0104250223176285,0.0718268425218391,0.115519721385444,-0.0785775796100789,-0.0569071832608126,-0.0642470425432606,0.0365279283600908,-0.0668808008489425,0.100697436867554,0.102687550837199,0.0784888393134182,0.16114649194222,1,0.078436392967703,0.0195119448723299,-0.016843256567368,-0.254933854560117,0.0498414727773242,0.148143818425317,-0.0498169543341368,-0.0259923716800613,0.0708279159811525,-0.0580239383525941,0.165534903973448,0.318239947925808,0.0562373164496202,-0.127408022889125,-0.101384478442312,0.120577119071338,0.119058653680059,0.17738418359038,0.163990654222449,0.0657651419520742,0.0655709831882727,0.127840740213893,-0.0316182748303357,-0.0119975502831626,0.0723393280833924,0.0929510996611426,0.154687196809483,0.161808322778679,0.061706949570275,-0.0495945075928321,-0.097577193678226,-0.0907448533578079,0.0490127225735197,0.165008708074661,-0.112615900821543,0.154476364221879,0.121018296577905,-0.0928112082500136
"21",-0.0697895639734774,0.144138905430232,0.095067508022063,-0.0334322096924153,-0.0459536595962315,-0.0999334521870196,-0.0720190380280081,-0.178003546714271,0.064222537071915,0.0326279642587054,-0.102931168206656,0.0827843662071821,-0.100933103577851,0.00181970394662278,0.0294212581081418,-0.121058912137557,-0.0501006981240697,-0.0842793846421574,0.00685779675801295,0.078436392967703,1,0.0949351968994238,0.0145492367626886,0.162760279315923,0.0292051412127308,-0.00489105326511518,-0.119580393481794,0.126302745420753,0.057144433849848,0.107294039253085,0.0553525000061759,0.0808433514701449,-0.00046255524987125,-0.21388723185337,0.0148867504309218,0.0497541775852787,-0.0249814793860616,-0.0319035886540958,-0.131449867547921,-0.2762335917535,0.0889400581182463,-0.0627733811324574,-0.0493079008230683,0.00141407200204257,-0.150938764645272,0.0114835424000251,0.0749941863701167,0.0690390356606938,0.0336776750959536,-0.0437963546036236,0.0058501619379364,0.024384018878275,0.0484446081666166,-0.0188117619047831,0.00371817922700976,0.0758409128437398,0.00180912759268394,0.0925766502990849
"22",0.0153528782646264,-0.0765089946176279,0.0202103064596651,-0.0160997831192,-0.0581064006176555,-0.0982324930301182,0.0148940129860252,-0.167944028259562,0.180318526989119,0.00874979179305798,0.00417771026886357,-0.0899849026873981,0.159190097158643,-0.0861795940440633,0.0618497039956686,-0.0581364741899592,0.0274022112006312,-0.215866424141429,0.0760973098097045,0.0195119448723299,0.0949351968994238,1,-0.202559357639083,0.129246163238388,-0.0538729565936761,0.0089319495748802,0.00146813666490053,0.0172226748458538,-0.0833503789798956,0.1113823447317,-0.0342286623050898,0.0278146929906223,-0.0275801787798265,-0.0442963313524053,0.049031769966903,-0.075735041945557,0.0568339717429854,-0.0493536351928971,0.0818164138883009,-0.03727198281411,-0.0385195431054421,-0.0725652836061811,0.165808983996075,-0.0504138418991383,-0.0625335357087772,-0.167820063093436,0.163483128530576,0.0305984653513077,0.0291195602751216,-0.069937881825313,-0.0416125790585265,-0.0991671686832605,0.14997785773542,0.0920932700571248,-0.0700991788993911,0.122732081818237,-0.0657061796855698,0.0147613640332984
"23",-0.195786159314002,-0.278662564837737,0.0764512419148847,0.136809908290685,-0.00165333063650832,-0.265876915428491,-0.109883675537407,-0.129941673253481,0.00059241052247307,-0.0964413346018138,-0.0262517662854997,-0.0415701555515958,-0.0232671302201095,0.086365607950439,-0.14686296673957,0.0579325759964822,-0.0482365117391988,0.0198322983026149,0.0257729367200063,-0.016843256567368,0.0145492367626886,-0.202559357639083,1,-0.141949154971533,-0.0692499334093356,0.114931769565978,0.07439807583121,0.0479171143414473,-0.111182461592052,-0.0424003375250323,0.012121962563743,0.118607358837272,-0.161346205478845,-0.168446096518578,0.0788821258478893,0.0295580872591142,-0.0434604385119869,0.0799995336050004,0.119990393202877,-0.172931358746071,-0.0687037046744824,-0.113453755586849,-0.147707269207453,-0.0527652608944478,-0.121008067188456,-0.0665004557504079,-0.1971263539569,-0.269839430917288,-0.0640371419389614,0.0296219407024333,-0.146889228146465,0.00552473226061069,-0.112103004435401,0.0977687868484964,0.0623759705786285,0.0358944371894178,-0.028156482463486,0.00355008704780806
"24",0.0643926651904408,0.166557164543966,0.0691237858528637,-0.124569281642335,0.0013933134485692,-0.0622927283675513,0.242439305806946,0.0103784908523126,0.0303164144065013,-0.038434356993425,0.178197600881848,0.0652024120576481,0.0210575746020965,0.035475814652796,0.150276387144113,0.0307016268891854,0.0237391637194527,-0.0379823652874197,-0.100101574135191,-0.254933854560117,0.162760279315923,0.129246163238388,-0.141949154971533,1,-0.0842243144321464,-0.235770276603163,0.0261126298735086,0.201197541836742,0.0434327686589617,0.209775854843812,-0.149990911070472,-0.0878294898152692,-0.167055529292933,-0.00363357563287208,0.181001893121071,0.013870226121756,0.0505989821049411,0.0331283046878917,-0.0216070535324718,-0.0673457282447898,0.180218777922335,-0.0552513090961457,-0.0177210575144277,-0.028565930397591,0.0344230520954079,0.148910721345578,0.179868207830676,-0.0485942861208572,0.0921848497944268,-0.00616408671707614,0.123138859340976,-0.00068599938534278,-0.0774237374820289,-0.113738677359088,-0.0603346271322353,-0.157559681469822,0.0946340974714856,0.145271956147809
"25",0.0589113984170318,-0.0989020303959245,0.283028960421863,0.0435217832883124,-0.251746490425566,0.149857684986279,0.0325561717199271,0.274939321366105,-0.0820128524997353,0.0636058310853595,0.0489454387995462,0.176563430218948,0.00324155792394044,-0.0979156541472442,-0.0815706877994891,-0.0283385218882182,-0.0578523717310963,0.0135019624564983,0.0766492709726698,0.0498414727773242,0.0292051412127308,-0.0538729565936761,-0.0692499334093356,-0.0842243144321464,1,0.192172931085514,-0.144009484561255,0.0579234267057656,0.0472243378840465,-0.0257057622817872,0.175555478403614,-0.0298627982304021,0.136200634059367,0.0658042287045252,0.114334105048044,0.19701738971109,0.270026568815317,0.071855591680807,-0.091609636137912,0.00346349025823651,-0.134904049447658,-0.0511722398571369,0.102871273570263,-0.0708969055638798,0.00975505106417869,-0.173422594364866,-0.0196464882207515,-0.0389643125071883,0.00902940168357612,-0.138758267955871,-0.144605312303689,-0.0499598666313037,-0.0439301705726678,-0.00148802892396008,0.0463178616492603,-0.0741714166975576,-0.0359538671536259,-0.0624953949340488
"26",0.101728612113452,-0.0421635388898998,0.18652712408312,0.150628448412522,-0.0704656115249161,0.138815483574479,-0.0108398309272893,0.0736484768338224,-0.0566971369462494,-0.0632953885311869,0.0437535422709515,0.207890198200368,-0.0776134836047916,-0.0587056035029341,0.0629703209111748,-0.0889205083315058,-0.0727305869040267,-0.0122803005850418,-0.0727603933534937,0.148143818425317,-0.00489105326511518,0.0089319495748802,0.114931769565978,-0.235770276603163,0.192172931085514,1,-0.133146525665179,-0.143696167964264,0.016376664980176,0.0760308059359555,0.0820684464848666,0.258091254030807,-0.0162251801719058,0.118047556597133,-0.0380583667727861,0.16848174338641,0.226462614764849,0.253101164933995,0.197656330119989,0.0980021898612875,-0.159662326775066,0.024174633313353,-0.256432998384172,-0.167703101622936,-0.127834776696872,-0.152060965007418,-0.262822180431189,-0.089901669602768,-0.191445764943951,0.0753256851335116,0.10575858754657,0.054010029257201,0.0247278392742239,-0.152265660905536,-0.0163658679730183,-0.164338136766899,-0.105327713379487,0.096784060919151
"27",-0.0775940328167837,0.112733361683948,-0.0633346918092332,0.00766000189896422,-0.0536903422098101,-0.0256751061713705,0.104956401799061,0.0147927079381725,-0.0326772478308969,-0.0631757892137404,0.0770278156738606,-0.0163057741637741,-0.183688110103206,-0.0358217160107266,-0.142424562451882,0.116217809114341,-0.154220424842325,-0.0821607940704978,-0.015195389210168,-0.0498169543341368,-0.119580393481794,0.00146813666490053,0.07439807583121,0.0261126298735086,-0.144009484561255,-0.133146525665179,1,0.233612892963156,-0.0658123096877296,0.0476934559738975,0.0680225776594185,-0.0169542540958158,0.02127403199846,-0.0935431357494813,-0.00388672536770485,-0.0708731841236985,0.0333023324086611,0.250937077971435,0.0491014032316428,-0.0317916443633683,0.0503897636809061,-0.033148335367169,0.092246625624599,0.122912176949047,0.0965751979285348,0.0929087728826868,0.0960388509548988,0.135517845857912,0.0459418746272167,-0.108976898809482,-0.0580004172410353,0.0746897161376174,0.0115765444475907,0.0140281804519882,0.00861153017796768,-0.0466431582839875,-0.0446293502813074,-0.105973605811504
"28",-0.0463928388600268,0.242426244584893,0.104416779995154,-0.132653531601334,-0.121273943173399,-0.143611841470277,-0.0005136352054728,0.0309382831567106,0.00645510156225428,0.103195049293579,0.0113957090026682,-0.116280444608156,-0.152324590612974,-0.0136061037090904,0.0637502837045839,-0.0418568306452202,-0.0372672010764758,-0.0548678404188383,0.00067583057422997,-0.0259923716800613,0.126302745420753,0.0172226748458538,0.0479171143414473,0.201197541836742,0.0579234267057656,-0.143696167964264,0.233612892963156,1,-0.0298728750935145,0.0844356318532825,0.0821635625058287,0.0432977527562185,-0.0284084252985261,0.126733201963586,0.1501095347395,0.0565453562724706,-0.107357889633954,0.0389396662942013,-0.0713171106610494,-0.0196783418923699,-0.0200761986437148,0.0141587108278559,0.273185566631443,0.193243997556144,-0.0609388203915126,0.126578509959223,0.0748382205161173,0.118079147232948,0.146396122643195,-0.145920883810914,-0.0858708029832115,0.0258221398464471,-0.00540819485987507,-0.0239534047649584,0.101561401392171,0.133428514299442,-0.0585030516108005,-0.0583473722619618
"29",0.00440990865975908,0.0574719365600561,0.0237705136112299,-0.00751723188299485,-0.0151196699316954,0.0398874923359097,0.0855847631742605,-0.0287248984076424,0.0438536297185458,0.0703439184527909,0.0143881748137088,-0.0311230097983028,-0.0473883062582851,0.0096992660300164,0.0381371677034925,-0.170424693020824,0.0336182317312098,-0.132262531868595,0.0207861000449355,0.0708279159811525,0.057144433849848,-0.0833503789798956,-0.111182461592052,0.0434327686589617,0.0472243378840465,0.016376664980176,-0.0658123096877296,-0.0298728750935145,1,-0.0544608334650517,0.016048067132454,-0.0912479872249084,0.122614908120267,0.0247597995226516,0.124700834226284,0.0149032538427452,-0.0108038559632181,-0.198356670063927,0.06489454701361,-0.200098089064407,-0.170934535600514,-0.126164310245325,0.0882819635954044,0.0377077063040418,-0.0525757736756408,0.169355719542457,0.0172033838265797,-0.00409987544374508,-0.106462271254679,0.0105931907837158,-0.0266479541705867,-0.00477042380628746,-0.0643824156017853,-0.0893815012002976,-0.0916760610882927,0.268835706462842,-0.0614198354260751,0.222666661456598
"30",0.131623336101798,0.106600086937709,0.184019943847345,-0.0535610317962324,-0.0807366194553239,0.0324100618528143,-0.0254380604250499,-0.00881072977675914,-0.0393534895650698,0.18451667829789,0.0783037739261033,0.0752941161508294,-0.168067548805283,-0.0871082048933573,0.00134956013282111,0.0307237769930626,-0.238222155020699,-0.0633788657921243,-0.0263838998363633,-0.0580239383525941,0.107294039253085,0.1113823447317,-0.0424003375250323,0.209775854843812,-0.0257057622817872,0.0760308059359555,0.0476934559738975,0.0844356318532825,-0.0544608334650517,1,0.179764402162459,0.0939361314777485,0.0320463965397995,0.235201653007272,-0.0548464292969607,-0.0777104564572102,-0.173964010408785,-0.0225050392642176,-0.15919268588361,0.00382766862713719,-0.111986679123863,-0.0162576904279716,-0.0288631249025847,0.0950318436255835,-0.140851053152257,-0.0409551273715456,-0.10899840153911,0.014816648230169,-0.0303914733929438,-0.0820956488768338,0.126386786995773,-0.146344569676828,0.0979157431488686,0.00462689617325429,-0.0312241094381643,-0.240560670658834,-0.0244195528503915,0.0193641957941068
"31",0.0711994659143181,0.0133488762067375,0.0341178622523929,-0.226276273597285,-0.00268650969014524,0.0478876841458301,-0.241225647753447,0.0266556361599877,0.118373072196888,0.0249521555793225,-0.118647051666424,0.028516793318786,-0.0478616254221409,0.214596253992863,-0.0310844819018991,0.0033916773984007,0.11781941714804,0.0800267208276697,0.1890985509263,0.165534903973448,0.0553525000061759,-0.0342286623050898,0.012121962563743,-0.149990911070472,0.175555478403614,0.0820684464848666,0.0680225776594185,0.0821635625058287,0.016048067132454,0.179764402162459,1,0.0953299814293704,0.226606326175639,0.0463531084548161,-0.240411058795299,0.08260176952813,-0.0463786665533501,0.0447925941036257,-0.00496334185648556,0.0814011290605758,-0.00783908129695411,0.262615410089007,0.0819709418235625,-0.143225065877341,0.0497019327460704,0.0594039632360097,-0.161779538612273,0.154365326888725,0.0183219817116748,0.140308060389859,0.0793336398338324,0.110105113878883,0.156240924703977,0.0373146275387461,0.0142526776846414,-0.0050435675057323,-0.234049518207911,-0.0174288793171141
"32",-0.0726391331192532,-0.0743380287270556,0.0039586371791949,0.0975845972725345,-0.140219605273274,-0.0389811440789075,-0.0464035639875075,0.0527184527466198,-0.0391916568681423,0.0002741349743948,-0.164116258300084,-0.129783478323696,-0.0785503625524582,0.00495143187592046,0.0666878495794806,-0.0552805811114147,0.0454012089390091,0.0981414067029412,0.2741850929361,0.318239947925808,0.0808433514701449,0.0278146929906223,0.118607358837272,-0.0878294898152692,-0.0298627982304021,0.258091254030807,-0.0169542540958158,0.0432977527562185,-0.0912479872249084,0.0939361314777485,0.0953299814293704,1,0.0548529771254538,-0.200706680173854,0.00443407523496131,0.141328811897555,-0.00239536718417329,0.145599060188761,0.00654576898653452,-0.0784865432709231,-0.0469413688187953,-0.0575720100582619,-0.0929566879377315,0.0301667381149451,0.0213937342377153,0.105614063480508,-0.178837829384355,-0.124350574520498,0.0211988561757224,0.0557375732821204,-0.076168339319712,-0.093246198321814,-0.036574451747588,-0.0130780347293348,0.145943450545472,-0.0378177451854153,-0.0626353957048018,-0.0369985093030366
"33",0.22785267853459,0.0901304062747933,0.157819195991536,-0.0995606624449457,-0.00675105249880706,0.085223000236285,-0.200510748091777,-0.0510897173738118,-0.0405956512089026,0.0680549721411302,0.0279289680627409,0.193244668232982,0.0784561691119057,0.0345043069282118,0.149552418886168,-0.0514943333092238,0.145313065967588,0.0891788871391219,0.134807073343391,0.0562373164496202,-0.00046255524987126,-0.0275801787798265,-0.161346205478845,-0.167055529292933,0.136200634059367,-0.0162251801719058,0.02127403199846,-0.0284084252985261,0.122614908120267,0.0320463965397995,0.226606326175639,0.0548529771254538,1,0.0970335242581292,-0.0425641050730582,-0.213785785398044,-0.135279971404905,-0.20610439446882,0.120215135946621,0.18989201749265,-0.00788019972182938,-0.0347133653059446,0.0379236908681904,0.0105685425503292,0.0102579364599814,-0.20910661384344,-0.180992764888067,-0.103208593720501,0.0700647194213148,-0.0770161026777149,0.127260226023537,0.178289808793682,0.0352793454889057,-0.0709830715448906,0.124258075542868,0.0932138059094667,-0.0924297415730804,-0.142194249348759
"34",0.322648341983527,0.297270945278725,0.13120189048239,-0.157106200772554,-0.116928701531168,0.0292757604292444,-0.0479318329064746,0.155024305561105,0.0308364188776278,0.208278776395046,0.173266545068734,0.232644882278788,-0.0197983845120386,0.106878276449175,0.0573497989222138,0.0741734702633991,-0.222716254738476,0.00339508898015724,-0.106376842625352,-0.127408022889125,-0.21388723185337,-0.0442963313524053,-0.168446096518578,-0.00363357563287208,0.0658042287045252,0.118047556597133,-0.0935431357494813,0.126733201963586,0.0247597995226516,0.235201653007272,0.0463531084548161,-0.200706680173854,0.0970335242581292,1,0.054628231502091,0.148023477702886,-0.0280717557732773,-0.0185182196513938,-0.0251028128725148,0.130537511683385,0.0833855954782408,0.22275872077487,-0.0201080349727815,0.138592552646696,0.0706776158816564,-0.0985422941052497,0.175909921401715,0.122713007573497,-0.017783160806526,0.153040527333171,0.203612520120433,0.0635068663122787,0.124266545099312,-0.0347165970960676,-0.0556427982040427,-0.0763624242611312,-0.110048614811353,-0.120540456488174
"35",-0.11732209127018,-0.155913915168175,0.0879704024138914,0.0145093963315246,-0.332015969809758,-0.276275535197764,0.27943956455866,0.0876429017766318,-0.188214101995808,-0.266416364322859,0.0461191243621729,-0.051367701933417,-0.0735870055679503,-0.00415685687311285,-0.0960730692796305,-0.266086187486919,0.0251004482998222,-0.253407338481899,-0.0665565987564401,-0.101384478442312,0.0148867504309218,0.049031769966903,0.0788821258478893,0.181001893121071,0.114334105048044,-0.0380583667727861,-0.00388672536770485,0.1501095347395,0.124700834226284,-0.0548464292969607,-0.240411058795299,0.00443407523496131,-0.0425641050730582,0.054628231502091,1,0.176653007329236,0.233466989482377,-0.025514526362753,-0.0646154803892798,-0.0917445268362246,0.0603038855113397,-0.260906124695038,0.158074527478196,0.019074163475947,0.0785748153938232,0.00148150673174002,0.107079161875386,-0.0925319702491152,0.0709383389097031,-0.225036519159658,-0.226368787417264,-0.19789729260346,-0.214367842409809,0.0184421962180657,-0.0293335422273583,-0.0355651516660297,0.00804717827050135,0.154706091152044
