"","l_Insular.Cortex","r_Insular.Cortex","l_Amygdal.Area","r_Amygdal.Area","l_Bed.Nucleus.of.the.Stria.Terminalis","r_Bed.Nucleus.of.the.Stria.Terminalis","l_Hippocampus","r_Hippocampus","l_Orbitofrontal.cortex","r_Orbitofrontal.cortex","l_Entorhinal.Cortex","r_Entorhinal.Cortex","l_Frontal.Association.Cortex","r_Frontal.Association.Cortex","l_Globus.Pallidus","r_Globus.Pallidus","l_Glomerular.Layer.of.the.Accessory.Olfactory.Bulb","r_Glomerular.Layer.of.the.Accessory.Olfactory.Bulb","l_Glomerular.Layer.of.the.Olfactory.Bulb","r_Glomerular.Layer.of.the.Olfactory.Bulb","l_Granule.Cell.Level.of.the.Cerebellum","r_Granule.Cell.Level.of.the.Cerebellum","l_Hypothalamic.Region","r_Hypothalamic.Region","l_Entorhinal.Cortex","r_Entorhinal.Cortex","l_Vermix.Molecular.Layer.of.the.Cerebellum","r_Vermix.Molecular.Layer.of.the.Cerebellum","l_Lateral.Molecular.Layer.of.the.Cerebellum","r_Lateral.Molecular.Layer.of.the.Cerebellum","l_Anterior.Olfactory.Bulb","r_Anterior.Olfactory.Bulb","l_Posterior.Olfactory.Bulb","r_Posterior.Olfactory.Bulb","l_Subiculum","r_Subiculum","l_Perirhinal.Area","r_Perirhinal.Area","l_PreLimbic.System","r_PreLimbic.System","l_Primary.Cingular.Cortex","r_Primary.Cingular.Cortex","l_Primary.Motor.Cortex","r_Primary.Motor.Cortex","l_Retrosplenial.Cortex","r_Retrosplenial.Cortex","l_Secondary.Cingular.Cortex","r_Secondary.Cingular.Cortex","l_Secondary.Motor.Cortex","r_Secondary.Motor.Cortex","l_Striatum","r_Striatum","l_Ventral.Tegmental.Area","r_Ventral.Tegmental.Area","l_Substantia.Nigra","r_Substantia.Nigra","l_Thalamus","r_Thalamus"
"1",1,0.380532415326163,-0.137450377997792,0.03040820171901,0.0777858588939479,0.208808214299837,0.126430141340503,0.0219152178478736,0.225380883058215,0.158665176588405,0.140937214082974,0.225949535063695,-0.147992427821772,-0.162153070680182,0.017949888738414,0.0981599814920608,-0.204841600631526,-0.140846758922834,-0.123265325110246,0.0280689074243322,-0.0801297890126253,-0.0494704944155471,-0.0040376859731005,0.192757191627253,0.00302699476396096,0.0105760764261585,0.268614888650313,0.0573982084080083,0.171011216056795,0.0231995591755309,-0.162742829280049,0.059367286124666,0.0821384684735672,0.0211404380050791,-0.0883255658559843,-0.00390607046390918,0.149285397804274,-0.106292271625952,0.287613135871301,0.0303984518152787,-0.0787341009815238,-0.0463574131609599,0.226516100063116,0.0150786586580912,0.0274714389067663,0.0183535787396946,0.0886969637381547,-0.09857054522624,-0.120722830515153,-0.0791848965293932,0.0104577605779013,0.138006469854885,0.178789464295877,0.088299796246649,0.0305464017138586,0.0958156533940247,-0.225074142975005,-0.156234250006595
"2",0.380532415326163,1,-0.0203719918454287,-0.084007839807386,-0.177006105606334,0.172024394991958,0.0147049440032167,-0.0163865037035368,0.310853355769049,0.42602710339523,0.130696119927609,0.430447716815263,-0.127472037825469,-0.131271088983149,0.0725674882217193,-0.0659971984033038,-0.316322664964466,-0.258433119976003,-0.183586353340862,-0.193939032906487,0.0885117773886207,-0.0856827240772105,0.0240986707338176,-0.0230375020076166,-0.0312736487294833,-0.169632342483311,0.130743505293918,0.22728013131147,0.205892795522086,-0.012639780587031,-0.0752220426559731,0.0998218353043942,0.113966131167273,0.0830654302987549,-0.0143801327675122,0.0629628842660024,0.154732171573474,0.00416095056524072,0.177096600732838,0.0380151856194578,-0.154653538942014,-0.100240833437459,0.103532561291392,0.166619513504266,0.152276731307457,0.00170374658975082,-0.0417804434287031,-0.0324102333351783,-0.29105288720534,-0.198051881607799,0.123845603024703,0.07222152415745,0.116631329788779,0.022580831206857,-0.00860845368097364,0.170871107138675,0.0762967555278523,-0.180581604890867
"3",-0.137450377997792,-0.0203719918454287,1,0.10567882251714,-0.0822185014978014,-0.0306764996388696,0.0992425435817376,0.129496954745091,-0.027380181667102,-0.120705950205759,-0.0642839117206512,0.0923726023067963,0.00265575749568024,-0.0363901707276686,0.0753744351661428,0.00781543494972511,-0.0853189569143128,0.0530109505802211,0.161112939155362,-0.048129490043973,0.147117512815151,0.0486634756630859,0.0488161738493755,-0.0762635536183932,0.299127654025541,-0.0744182387922353,-0.0873376797601094,0.259855560005113,-0.154181666591872,-0.154961937829797,0.0816998619490995,-0.0277011323852917,-0.0348199255363619,0.0373951652196232,0.0124001852462776,-0.027288418034528,0.0013837717989942,0.0961975745286889,-0.139002363782382,0.173843027631595,-0.0385876724292038,0.094129838691225,0.0554575639213183,-0.010289669606275,0.177262411125715,0.020327264322045,-0.0471520745815116,-0.0376939413046678,0.0306001583779032,-0.100249952286396,0.0820678009912885,-0.187201948997492,0.0115911641378456,-0.0779792793012881,-0.0363767057015742,-0.128079956250718,-0.0275010540606843,0.034618923467858
"4",0.03040820171901,-0.084007839807386,0.10567882251714,1,-0.0713688483325796,-0.0691432063604617,-0.0569215797087918,0.192752987529505,-0.0191721808961758,-0.0740294703072597,0.0704531739671567,0.200562110276173,-0.144066992375168,-0.156225641857334,-0.0388155796732215,0.173756088310754,-0.039027024856768,-0.0966252944604746,0.181131774071372,0.0560965127418311,0.218670562765865,0.16943265585865,-0.0696366005961252,0.0888827691038479,0.224713931634619,0.17603394838818,-0.180212253805285,0.0449574066545503,0.0858379414153034,0.0767366329523154,0.036823972045266,0.212797790321701,0.0220291712194036,0.205704746344722,0.0404525444487789,0.0120792211357257,-0.0928960607060599,-0.097397100244195,0.0513164052610225,0.140569126934408,-0.111767636240436,0.0722982315606694,-0.0390493792501216,-0.13268530632094,0.00802781784694859,0.0233835498940886,0.0240799327514229,-0.196688799196048,-0.00113584586142912,-0.0623449107895099,-0.149348686903865,-0.060553301453657,-0.00110827580877908,0.0100854579124922,0.388140408338005,0.014133058523388,-0.026214309147295,-0.0562476552376173
"5",0.0777858588939479,-0.177006105606334,-0.0822185014978014,-0.0713688483325796,1,0.142788123920638,0.0425360656136776,-0.0299787638214715,-0.01093893732996,-0.201693203840539,-0.0867158153915558,-0.118431995459339,-0.0278655525655747,-0.0273754096530185,-0.0379943365879748,-0.0714755544896132,-0.053549515380911,0.0852191006456451,-0.0597209153896529,-0.0716138011892254,-0.13486197218719,0.0506848824946096,0.159020517333845,0.0391585888268881,-0.287437759022886,0.0169857844190808,-0.0387523379052942,-0.183305417404815,-0.0505890721843892,-0.0718785502783697,-0.107412472869145,-0.0913113592547115,0.0707012855409645,-0.155698177977626,-0.123118262034414,-0.144951678491862,-0.044066537048147,0.0976299702258743,-0.0332566963505479,0.032029748501664,0.130404128350866,0.235343695497758,0.048582698715767,0.124525029300138,-0.143938391602045,-0.187100870488537,0.134659783831442,-0.0818107780098148,0.125787419396934,0.241444921575583,0.0582358095354997,0.187138625864696,-0.118400650040833,-0.148319590966029,-0.144818255370167,-0.204537369896888,0.181117311187793,0.0134130066824761
"6",0.208808214299837,0.172024394991958,-0.0306764996388696,-0.0691432063604617,0.142788123920638,1,0.105981319371168,0.0459376445762034,0.0227189224976482,0.0356905640043277,0.0602619548636046,0.256896958563888,-0.0655167430810416,-0.295995521837942,0.21403564061498,-0.0447834138602548,-0.00642298029411167,-0.00385823495062762,-0.0527755642745751,0.0858923564557566,-0.293473113089311,0.0679094618114663,0.0456911475165613,-0.115919773936888,-0.0652660045995784,-0.0477390656633818,0.187725961698788,-0.0746377398841996,0.0953176285070125,-0.0265657508146081,0.0367129293313357,0.0563618942376136,0.266248974560788,-0.0728514421703753,-0.0433040721428965,0.180670492884257,-0.0217017856955517,0.0884068750017611,0.102923200569894,-0.0146586557773442,-0.127972417895912,-0.204978539990776,0.00319624854416702,-0.0118668023009454,0.121465952534122,0.143654539602941,-0.0165765108921385,-0.0645991750411797,0.0963772359553064,-0.162472573481439,0.0817421277420176,0.101055010889757,0.206004292556629,0.125115949815572,-0.0734572301573109,0.0252823550995327,-0.13457736941113,0.00506498582065149
"7",0.126430141340503,0.0147049440032167,0.0992425435817376,-0.0569215797087918,0.0425360656136776,0.105981319371168,1,0.0816129022514891,-0.0369396506182517,-0.235980081984869,0.183529169251676,-0.0664063739221301,0.086556535484851,0.00839941029791764,0.0686034452099704,0.111444725035304,-0.0640021783093051,0.17568910861559,0.177822608375307,0.0630517302815774,-0.228207881985771,0.087418151775775,-0.0248642964120411,0.092990620731829,0.0152795148563523,-0.12541664317889,-0.0735115783854322,0.240962596081559,0.020588293729285,-0.124704261490484,-0.00622606497939578,-0.015016938857151,-0.115954763003317,0.112708149797895,0.0992603572533161,-0.060837485963661,0.0526915289872821,-0.0473061753115653,0.090562990769521,-0.108783345814864,0.0610951001991273,-0.00840829423035642,-0.00228018342931698,0.0684942808530499,0.113649334542884,0.0361888546094033,0.0407539879076081,0.0433621714425931,0.0956272480140757,0.211440914033102,-0.00420744340472539,-0.118673675400983,0.165024002299108,0.0798009275493655,-0.00786682731325884,-0.149179235438874,0.110777987554727,0.0662229523965734
"8",0.0219152178478736,-0.0163865037035368,0.129496954745091,0.192752987529505,-0.0299787638214715,0.0459376445762035,0.0816129022514891,1,0.0586549219361881,-0.0741335389127296,0.00894695129907655,0.115105563401562,0.0154887202925143,-0.0492292460117188,-0.00997676507798718,0.0292218108187045,-0.00599675311306366,0.0213343169764189,0.11609559703602,0.11374222191606,0.0216923371961668,0.0306329069969087,-0.0162825954185236,0.05600026251984,0.173788028969537,0.0793893857971156,0.0166584253721351,0.0107816680419394,0.0336001110024225,0.0174216077549511,0.134187824375161,0.0542527390112946,0.0581444306435522,-0.0132499211363059,-0.0952848672883372,0.153260798445483,-0.140973849249748,-0.103603006938522,-0.0917687018424616,-0.01940087227846,-0.275063958322049,-0.328415963179833,0.122855092943347,0.160430929869765,-0.0709289914090416,-0.137966636760308,0.00739365847239939,-0.0808906552610729,-0.058072210788357,0.0205542505944145,0.00069169189322661,0.0583026617511192,-0.0198136261287954,-0.0199867589359937,-0.0225305293799168,-0.1865793068887,-0.0730041909593482,0.0214201391795132
"9",0.225380883058215,0.310853355769049,-0.027380181667102,-0.0191721808961758,-0.01093893732996,0.0227189224976482,-0.0369396506182516,0.0586549219361881,1,0.295298976918291,0.106652832988995,0.153742544597888,-0.0645015222514914,-0.0241677373242545,0.0887682318563822,-0.0697051498185695,-0.0667342222989673,-0.266053370292203,-0.0454506117505925,-0.141804638181501,0.11147712449761,0.0274512370256745,-0.05646982343595,-0.00536464740606883,0.0431263609943605,0.0286183919839876,0.0447347511981174,0.0609706880551039,0.0494762617007251,0.174333656784035,-0.0537688460522071,0.200977281626089,0.00764053296244333,-0.135886015045708,0.0997482139183611,0.12547235973798,0.165563474758379,0.167092485278507,-0.016187119049759,-0.0182825274169142,-0.21865502971125,-0.0377233107319018,0.108480780750258,0.132033768059959,0.00508678767835067,0.0944381383981402,-0.0542486612213274,-0.0484272117766436,-0.0280170271997205,-0.0721408659377514,0.0184183215886242,0.00076501674852845,0.150343467925429,0.181980914873147,-0.111109605587432,0.102625388555251,-0.0403286965853004,-0.0867598790355355
"10",0.158665176588405,0.42602710339523,-0.120705950205759,-0.0740294703072597,-0.201693203840539,0.0356905640043277,-0.235980081984869,-0.0741335389127296,0.295298976918291,1,-0.0195006766273158,0.159007505104285,-0.110479028723661,-0.041447476374909,-0.0160613632933075,0.0520164857567575,-0.229560676021936,-0.273317185236108,-0.238473552687244,-0.0804108508766858,0.323755638605743,-0.180822689406102,-0.0240296196038666,-0.177861217971199,-0.0391390322607542,0.0718909827300769,-0.0161673845415836,-0.00933603304513943,0.175889175797318,-0.0947113170479214,-0.0720881692269815,0.0119698991914507,0.0863227916880405,0.0528445614614133,-0.0266559413604346,0.0662279496623899,0.0071247995504056,0.0817058576477145,0.0136440193537306,-0.12055410881145,-0.225102839270861,-0.275560081828975,-0.003858732953783,0.121646143325476,0.101695280299845,0.083181706350543,-0.165502009704926,-0.136731108490692,-0.240507012207057,-0.249614730499898,-0.0608681954707026,0.00742806696910532,0.00045096423935313,-0.0501958524290157,0.104636205291934,0.188556532817733,0.0150541487574507,-0.0700712809587329
"11",0.140937214082974,0.130696119927609,-0.0642839117206512,0.0704531739671567,-0.0867158153915558,0.0602619548636046,0.183529169251676,0.00894695129907655,0.106652832988995,-0.0195006766273158,1,0.226884015903469,-0.114364228686322,-0.0825167710810824,-0.0631178319589245,0.109518924989827,-0.024564397581186,-0.110543975175197,0.146995583162483,0.094260316381576,-0.112814598678178,0.0454989158358161,-0.0413364353274761,0.13443513912575,0.073195174357387,0.0430301264155949,-0.28758547197019,-0.108288471044617,0.00979927362349378,0.0942986833781166,-0.103162839608361,0.242257766877682,0.0441929435739973,0.0803426241999435,0.242071814357957,0.0734601614594731,0.132700943135194,-0.0749816574347678,0.0954195312410909,0.0296801810379415,-0.0744388622993495,0.00922529626288055,0.156878425269376,0.0271136208404877,0.112859492992254,0.053286686109498,-0.0245917477790571,-0.179004361672365,0.0957843136449051,-0.169475315742819,0.049007287525412,-0.0539635814679984,0.0455912283014185,0.169528427746522,0.0843372049287147,0.10971339279264,-0.0219050181248171,-0.0184802258670941
"12",0.225949535063695,0.430447716815263,0.0923726023067963,0.200562110276173,-0.118431995459339,0.256896958563888,-0.0664063739221301,0.115105563401562,0.153742544597888,0.159007505104286,0.226884015903469,1,-0.0695639127903386,-0.181780368391504,0.188807578099653,0.0223546570961023,-0.15325271130424,-0.231874716976869,-0.0241793161785235,-0.0462985320622343,0.0918171448939195,-0.015168634763596,0.0449426236267851,0.00931708838088629,0.161301784013152,-0.0192333830547466,-0.0390776379517165,-0.0412430543029183,0.201373081658301,-0.0300820094221112,-0.0243070005544207,0.142572903702135,0.105842915230953,0.0574280499559294,-0.0552893436689943,0.203242705617277,0.0742962555764156,-0.124962080196886,0.23668181252864,0.244430842741165,-0.157751644613997,-0.193885639093061,-0.0895564780460113,0.02263049283494,0.225841189371598,0.151487144254418,0.0151080451596572,-0.23759107370146,-0.171379234068142,-0.29135901065831,0.00667650956373247,0.0471287710827951,0.0977066067327328,0.157755048866931,-0.0118643778129076,0.169314779355167,0.0176541232848574,-0.052744207213377
"13",-0.147992427821772,-0.127472037825469,0.00265575749568024,-0.144066992375168,-0.0278655525655747,-0.0655167430810417,0.086556535484851,0.0154887202925143,-0.0645015222514914,-0.110479028723661,-0.114364228686322,-0.0695639127903386,1,0.0382698446105741,0.118164865151691,0.0235550226549873,0.165004994037184,0.314867319838041,0.0443797207925393,0.0481208187344276,0.0187279670121203,-0.0292906110189564,0.105731305285017,-0.076280386114514,-0.0662030007688666,0.0548048071644881,0.0292167244073497,0.0816376617136896,-0.0292164962726149,-0.0871430798334943,0.124826407999025,0.0751796227287062,-0.0607953182266505,0.0832237806216272,0.0420847325367847,0.0175403068608255,0.0976532816495741,0.036551547744368,-0.0164265087707963,-0.0679216557653636,-0.00331668439471524,-0.0282932263950766,-0.0866334783347992,-0.105569779924053,0.162438852679713,-0.184415435673716,0.109991420379441,0.0881669053693751,0.284513516808053,0.0364445462563708,-0.0487877212711004,0.00259083650749311,0.0348093141250277,0.0882189880418251,-0.196484709156515,-0.102636162916965,0.226861958540698,-0.0423748725691185
"14",-0.162153070680182,-0.131271088983149,-0.0363901707276686,-0.156225641857334,-0.0273754096530185,-0.295995521837942,0.00839941029791764,-0.0492292460117188,-0.0241677373242545,-0.041447476374909,-0.0825167710810824,-0.181780368391504,0.0382698446105741,1,-0.155255299728223,-0.0871546290608829,-0.0690682036723367,0.266553046450876,0.00675139455080307,0.0892158764433466,0.131673026073649,-0.2759962127422,-0.0476185516083279,-0.0399373817595979,-0.0983798679428414,0.0301586420844901,-0.0574996568946298,0.0749697453864221,-0.128136729022591,-0.178286424351628,-0.150145415950812,0.0303147842866573,-0.0622373640293057,0.0566849492460734,0.125809169181613,0.0905184509860747,0.12149175060524,-0.0261052610475295,0.0883344458861905,-0.068136011810647,0.102763779328958,-0.046706306900786,-0.148491531650382,-0.147146260695495,-0.094700289854282,-0.00302355214148959,0.0799961127688371,0.0306357722692321,0.107714179558027,0.431369295826466,-0.117623608410274,-0.147196778392902,-0.128967582475023,-0.0485367408546429,-0.13579672936473,-0.0508973083472378,0.0657587293265524,-0.082818639628455
"15",0.017949888738414,0.0725674882217193,0.0753744351661428,-0.0388155796732215,-0.0379943365879748,0.21403564061498,0.0686034452099704,-0.00997676507798718,0.0887682318563822,-0.0160613632933075,-0.0631178319589245,0.188807578099653,0.118164865151691,-0.155255299728223,1,-0.0979427023788048,0.0177688395973862,0.123298256633524,-0.205695283292089,0.054061285386358,-0.0421608893990489,0.193907884919633,-0.0951152131227556,-0.155248547892847,0.10233233779201,0.0453467679560165,-0.0459654812260295,-0.0385458056427247,0.0741239419978117,-0.107404016967656,-0.179065206906651,0.0455497704152588,0.210468782259581,-0.121881301565182,-0.0217435190771883,0.0592495055297811,-0.0708534544587381,-0.0330870790951558,0.102228979161258,0.0472756184759389,0.0210220896212278,-0.0810874606143666,0.00637628838351016,-0.141833705788627,0.205643845355288,0.219846424063142,0.150221704040456,0.130101322610421,-0.0937657563402835,-0.096876697165024,0.151573582950328,0.156119046752062,-0.0832586844650291,-0.0449215651164521,-0.0419404813573042,-0.0903135918468167,-0.0469038800232042,-0.0186178576606718
"16",0.0981599814920608,-0.0659971984033038,0.00781543494972511,0.173756088310754,-0.0714755544896132,-0.0447834138602548,0.111444725035304,0.0292218108187045,-0.0697051498185695,0.0520164857567575,0.109518924989827,0.0223546570961023,0.0235550226549873,-0.0871546290608829,-0.0979427023788048,1,0.00036857152295366,0.0570646536737642,0.118034161790378,0.0476886495739309,0.0744586827996877,-0.116724640587682,-0.166807951880603,0.0276366999577006,-0.137912794704242,-0.00233361374093981,0.102731995073837,0.0196666428910034,0.241734771033181,-0.0501452067059878,0.124708809685798,-0.125759502976331,0.00187106083390881,0.00360614272537415,0.0152460066315113,-0.14430974249708,0.0507888178038986,-0.0531143229820949,0.00714880945693199,-0.105809927063349,0.120412383545974,-0.107614373572848,0.037417024583909,-0.00300408715093446,0.122456453333936,-0.10919713948505,-0.00828306343161123,-0.0658824278249208,0.102356749095139,-0.0319855087139612,0.0830425352182497,0.1964911030717,0.0563326568452541,0.0902252646765967,0.182024183061654,0.0157284807228222,0.160431286309784,0.144307809220797
"17",-0.204841600631526,-0.316322664964466,-0.0853189569143128,-0.039027024856768,-0.053549515380911,-0.00642298029411167,-0.0640021783093051,-0.00599675311306366,-0.0667342222989673,-0.229560676021936,-0.024564397581186,-0.15325271130424,0.165004994037184,-0.0690682036723367,0.0177688395973862,0.00036857152295366,1,0.14341241465615,-0.0491286170564371,-0.00706729024059562,0.0869855401804203,0.194637581392907,-0.00723754312281931,0.00314558440030952,-0.00830500284545817,-0.0914832191059052,0.014154013359681,-0.0533411386910259,-0.158698937836882,0.17499707722354,0.241268980201763,-0.150095721097521,-0.200700406226129,0.113780149493724,-0.0578984643575664,0.0389648064445574,0.106101418794424,-0.1588388774713,-0.0808496476186954,-0.0685992173021609,0.0827078528000001,-0.0190519429772817,-0.117996019300092,-0.108249905398432,0.0204218369514461,0.158471121701878,0.0287871279678058,-0.0244252498370587,0.366871297011508,-0.0676156117814845,-0.124352635832776,-0.120528364222552,-0.0729024535540273,0.00126191910520139,-0.143028303597182,0.104183447084383,-0.0507104656592354,0.165832935743547
"18",-0.140846758922834,-0.258433119976003,0.0530109505802211,-0.0966252944604745,0.0852191006456451,-0.00385823495062762,0.17568910861559,0.0213343169764189,-0.266053370292203,-0.273317185236108,-0.110543975175197,-0.231874716976869,0.314867319838041,0.266553046450876,0.123298256633524,0.0570646536737642,0.14341241465615,1,-0.0365676035950509,0.0391877875147827,-0.141188661752102,-0.118843461491883,0.0144988015257119,-0.0890091803304593,-0.164376440305962,-0.126012956881493,-0.112830020236396,0.22423006828,-0.163449044704806,-0.185457639016009,-0.0126609147335069,0.108016238886233,-0.229056191349741,-0.0369083427457744,0.0205925356622556,0.0136598295845706,0.0420697913618174,-0.138931167595305,0.0492948471011919,0.0636543471927258,0.16486781874559,0.0238871061970249,-0.14166531673772,-0.252485046836813,-0.053715969077693,-0.12192585150477,0.261886370125056,0.267511254779452,0.132413864438122,0.381535337518884,-0.047645536237378,-0.134830757670594,0.00670947475984166,-0.143010835687467,-0.146757721097936,-0.203326224507921,0.0601451657959763,0.0685807234941172
"19",-0.123265325110246,-0.183586353340862,0.161112939155362,0.181131774071372,-0.0597209153896529,-0.0527755642745751,0.177822608375307,0.11609559703602,-0.0454506117505925,-0.238473552687244,0.146995583162483,-0.0241793161785235,0.0443797207925393,0.00675139455080307,-0.205695283292089,0.118034161790378,-0.0491286170564371,-0.0365676035950509,1,-0.00846092882973649,-0.0417839096525188,-0.0327628228949333,0.0421417865437202,0.181575391273926,0.150957882082282,0.203931568420618,-0.193639726516762,-0.0123085204843526,-0.187378136724591,0.138191256337762,0.426746990512665,0.242098199786675,-0.0377344249710861,0.202036488271308,0.237512446633068,0.113862412978158,0.170293975578867,0.0597348752450514,0.0359331073271806,0.0422579874425536,-0.00325758386104865,0.00877516460231308,-0.053243797451073,-0.0834688108931308,0.015837426959065,-0.038331548954529,0.0747496319600992,-0.0888820294560916,0.0881995122420163,-0.126764444889481,0.0247432692109846,-0.064023947521822,0.171095801850353,0.108461687960477,0.0705530055107375,-0.203635518551293,0.139001154965038,-0.120687749261471
"20",0.0280689074243322,-0.193939032906487,-0.048129490043973,0.0560965127418311,-0.0716138011892254,0.0858923564557566,0.0630517302815774,0.11374222191606,-0.141804638181501,-0.0804108508766858,0.094260316381576,-0.0462985320622343,0.0481208187344276,0.0892158764433466,0.054061285386358,0.0476886495739309,-0.00706729024059562,0.0391877875147827,-0.00846092882973649,1,-0.00622819210783023,-0.0302083823145181,-0.0371046327545952,0.080953981835021,0.0353506697464911,0.152962158622818,-0.0229276996258851,-0.0954199697206154,-0.207170820755831,-0.0286308184284698,-0.0958355669287223,0.123251642569291,0.235011817201817,0.0141096950972178,-0.044260477865822,0.136859878915961,-0.176662156178623,-0.125172597886784,0.0857335141086372,-0.243876939858849,-0.0362697593051996,-0.293676975091507,0.00175956957698252,-0.163762466499624,0.0269812404189594,-0.143353605627538,-0.00346515771054727,0.0145705261075684,-0.0298495684787832,0.0766470728712059,-0.217740026644628,-0.0896162617063143,0.175352916775185,0.13550090780137,0.105541794722723,0.10672597147707,-0.0953022906064797,0.0453249708468967
"21",-0.0801297890126253,0.0885117773886207,0.147117512815151,0.218670562765865,-0.13486197218719,-0.293473113089311,-0.228207881985771,0.0216923371961668,0.11147712449761,0.323755638605743,-0.112814598678178,0.0918171448939195,0.0187279670121203,0.131673026073649,-0.0421608893990489,0.0744586827996877,0.0869855401804203,-0.141188661752102,-0.0417839096525188,-0.00622819210783023,1,0.0148992210393087,-0.12268764766679,-0.110428276612167,0.0663293008797129,0.111269224131529,0.0801653344335823,0.143621182832688,-0.0370419212007066,-0.120424581848254,-0.087890005546671,-0.0609406721254134,0.106791358804743,0.183436118710566,0.132083287497035,-0.013223441565992,-0.001866729998225,0.0556562287978262,-0.0472753880830091,-0.049801265114397,-0.103913479492717,-0.0576279286671218,0.0459220624707758,-0.0982596420546406,0.0293235673176793,-0.0362925065366468,0.0210110854757315,-0.0889930924238585,-0.0365900560252804,-0.088682707225717,-0.230306731406917,-0.0685909835655627,-0.150132988139397,-0.0863030128427339,0.08513407103339,0.19702392065278,-0.0358510710176652,0.104445452061898
"22",-0.0494704944155471,-0.0856827240772105,0.0486634756630859,0.16943265585865,0.0506848824946096,0.0679094618114663,0.087418151775775,0.0306329069969087,0.0274512370256745,-0.180822689406102,0.0454989158358161,-0.015168634763596,-0.0292906110189564,-0.2759962127422,0.193907884919633,-0.116724640587682,0.194637581392907,-0.118843461491883,-0.0327628228949333,-0.0302083823145181,0.0148992210393087,1,-0.115861550367368,0.115983339916661,0.163024457002112,-0.0173665864692422,-0.0177251096637227,-0.102433804237452,0.130765317791328,0.11773499148796,0.0861517947278451,-0.110218084618762,-0.0598547038820866,0.00453955394104084,-0.00531899326647428,-0.00930529829611242,-0.0658204700593118,0.126568566154788,-0.034501597805559,0.0049577136362028,0.039755832882682,0.225090494068171,0.073592107687928,-0.0180859819258062,-0.0880125350772438,0.0955169225134978,0.108745342729458,0.0656845738294056,0.141580829473108,-0.0199160480583065,-0.0183463246845993,-0.0202697188129785,-0.0716422972561727,0.065971289496023,0.163423780113696,-0.0913504468867538,-0.048197881593767,0.0561102248532446
"23",-0.0040376859731005,0.0240986707338176,0.0488161738493755,-0.0696366005961252,0.159020517333845,0.0456911475165613,-0.0248642964120411,-0.0162825954185236,-0.05646982343595,-0.0240296196038666,-0.0413364353274761,0.0449426236267851,0.105731305285017,-0.0476185516083279,-0.0951152131227556,-0.166807951880603,-0.00723754312281931,0.0144988015257119,0.0421417865437202,-0.0371046327545952,-0.12268764766679,-0.115861550367368,1,0.0619955263330817,-0.0354233279745351,0.114955472282801,0.0285900274353365,-0.0832637017958978,-0.00671149683231883,0.0988966922155275,0.0238532703952431,-0.0877816027134899,0.0668797207957685,0.122749018737128,-0.0688269718224032,0.0163977803950828,0.0382434958047442,0.00054268806114018,0.215261841193914,0.1574144551784,0.133173968567794,0.118586922854787,-0.0917987000644597,-0.0635435135074213,0.0369009900144678,-0.102376332638207,0.0440068639835383,0.0903970037910386,0.118651398341005,-0.0358212912184693,0.200017825416643,0.0840473087311834,0.126316727589531,-0.00360284561007346,-0.0528844662851303,-0.0119838491026647,-0.0955982797678919,-0.101523079769947
"24",0.192757191627253,-0.0230375020076166,-0.0762635536183932,0.0888827691038479,0.0391585888268881,-0.115919773936888,0.092990620731829,0.05600026251984,-0.00536464740606883,-0.177861217971199,0.13443513912575,0.00931708838088629,-0.0762803861145141,-0.0399373817595979,-0.155248547892847,0.0276366999577006,0.00314558440030952,-0.0890091803304593,0.181575391273926,0.080953981835021,-0.110428276612167,0.115983339916661,0.0619955263330817,1,0.237833656786122,0.106618656981677,-0.0322292455591412,0.00222958080860699,-0.183160350159322,0.126708167210548,-0.0500303521932333,0.054957699291709,-0.189921551569219,0.110885087637489,-0.144694281469431,-0.179168797153299,0.112822401400346,-0.158192336133718,0.0298813068593771,-0.138426964495786,0.0801023116223505,0.125915232187341,0.032668806957206,-0.0352936617075542,0.0623380202252605,-0.107608235321004,0.00101997182976423,-0.0373283413968963,0.0874789233188829,0.0440166065810757,-0.110549693015339,-0.00250793509179918,0.175500164342139,0.122191296943458,0.138346359060523,0.177494528433652,-0.0624341523462133,0.151675971390284
"25",0.00302699476396096,-0.0312736487294833,0.299127654025541,0.224713931634619,-0.287437759022886,-0.0652660045995784,0.0152795148563523,0.173788028969537,0.0431263609943605,-0.0391390322607542,0.073195174357387,0.161301784013152,-0.0662030007688666,-0.0983798679428414,0.10233233779201,-0.137912794704242,-0.00830500284545817,-0.164376440305962,0.150957882082282,0.0353506697464911,0.0663293008797129,0.163024457002112,-0.0354233279745351,0.237833656786122,1,0.160758815063418,-0.108882229521161,0.125159568762703,-0.17651395021608,0.0596286108637274,0.189631341500303,0.165919420135742,-0.0491135408825758,0.113061300675309,0.0512935309067826,-0.0473641586231541,-0.0213804510561751,-0.0339970456998857,0.0190376402342348,0.136785521049232,-0.111562218033234,-0.0540805690395023,-0.0248475164611914,-0.0621742017734125,0.0209893904130444,-0.00772073811998256,-0.218544878982449,-0.0741090874402855,-0.0365104505463606,-0.19843269240634,-0.149314448884402,-0.168523573149931,-0.0310153210614228,0.0990828439960231,0.194479371024506,0.110391180865233,-0.145358172989383,-0.0878136671006768
"26",0.0105760764261585,-0.169632342483311,-0.0744182387922353,0.17603394838818,0.0169857844190808,-0.0477390656633818,-0.12541664317889,0.0793893857971156,0.0286183919839876,0.0718909827300769,0.0430301264155949,-0.0192333830547466,0.0548048071644881,0.0301586420844901,0.0453467679560165,-0.00233361374093981,-0.0914832191059052,-0.126012956881493,0.203931568420618,0.152962158622818,0.111269224131529,-0.0173665864692422,0.114955472282801,0.106618656981677,0.160758815063418,1,-0.0524600024649544,-0.300031264230656,-0.0785968943716738,0.0603284063342084,0.0416826039358782,0.129054217137991,0.193097353956904,-0.140298101485741,0.0558926558434251,0.0673615931869957,-0.0729768649615653,0.0140881176943597,0.0437347801631221,-0.140412319242834,0.112121037942869,0.0822447931335065,-0.094730661170173,-0.0343444578846393,-0.0175793153699116,-0.0234842411659811,0.154830795158642,0.00838801745953252,-0.0541136182984951,-0.00633479979315602,-0.0941286072391192,0.0234724680195674,-0.0398083612845068,0.170315965076115,0.117740025428225,0.101843416105627,0.0805513577890669,0.0213093374712193
"27",0.268614888650313,0.130743505293918,-0.0873376797601095,-0.180212253805285,-0.0387523379052942,0.187725961698788,-0.0735115783854322,0.0166584253721351,0.0447347511981174,-0.0161673845415836,-0.28758547197019,-0.0390776379517165,0.0292167244073497,-0.0574996568946298,-0.0459654812260295,0.102731995073837,0.014154013359681,-0.112830020236396,-0.193639726516762,-0.0229276996258851,0.0801653344335823,-0.0177251096637227,0.0285900274353365,-0.0322292455591412,-0.108882229521161,-0.0524600024649544,1,0.165962712131241,0.147892475744874,0.0902857662407424,0.0125775026050155,-0.223067225232935,0.184153395339855,-0.0405085695125159,-0.114033035710124,0.0162406871794425,0.0078359159232907,0.0331724182086861,0.115289344739728,-0.013291656689231,-0.0622754074817527,-0.0880285199248084,0.193536383946956,0.079800388013413,-0.107092671346831,-0.0668726120273123,0.0351288970131973,0.086374979631391,-0.0310118147453452,-0.0164946802367759,-0.0431261248525909,0.0888706295626823,0.0497365287607362,0.194185489351583,-0.252124594592483,0.149985851209911,-0.246742743527987,0.118332154178343
"28",0.0573982084080083,0.22728013131147,0.259855560005113,0.0449574066545503,-0.183305417404815,-0.0746377398841995,0.240962596081559,0.0107816680419394,0.0609706880551039,-0.00933603304513944,-0.108288471044617,-0.0412430543029183,0.0816376617136896,0.0749697453864221,-0.0385458056427247,0.0196666428910034,-0.0533411386910259,0.22423006828,-0.0123085204843526,-0.0954199697206154,0.143621182832688,-0.102433804237452,-0.0832637017958978,0.00222958080860699,0.125159568762703,-0.300031264230656,0.165962712131241,1,-0.108801383829206,-0.0511766029371698,-0.00190611527539482,0.0102661935375897,-0.203025485695129,0.121486050391387,0.0808722111092892,-0.152249861051859,0.140202383235113,-0.00558665454316417,-0.00619562896099038,0.0862552156948522,-0.0855057318958041,-0.0563843359995427,0.017228822210204,-0.0040305667686432,-0.0639131558822261,-0.186230459874556,-0.049263704444968,0.131262858654006,-0.0779000626948596,0.0234948281098128,-0.107605109480491,-0.125542707331948,-0.157117512839693,0.0348718640459295,-0.0715495052521248,0.0686963692304909,0.030923712144003,0.0613651233420829
"29",0.171011216056795,0.205892795522086,-0.154181666591872,0.0858379414153034,-0.0505890721843892,0.0953176285070125,0.020588293729285,0.0336001110024225,0.0494762617007251,0.175889175797318,0.00979927362349378,0.201373081658301,-0.0292164962726149,-0.128136729022591,0.0741239419978117,0.241734771033181,-0.158698937836882,-0.163449044704806,-0.187378136724591,-0.207170820755831,-0.0370419212007066,0.130765317791328,-0.00671149683231883,-0.183160350159322,-0.17651395021608,-0.0785968943716738,0.147892475744874,-0.108801383829206,1,-0.0158244648435447,-0.0135632229137401,-0.0642806058069683,0.160863543291238,-0.175473943237734,0.132233322615466,0.110115684369995,0.0979983844316016,0.149861812786119,0.0248474545724953,-0.109378142394142,0.0253414891097915,0.0210772733272396,0.227039087747436,0.0240366960366174,0.0390974183242559,0.11025468443136,0.0270728756285113,-0.099374121416443,-0.00049475115876463,-0.185784595955494,0.0567890813903288,0.178271508543814,-0.0883796530368568,0.0650767965939596,0.150942293998415,-0.117626632130133,-0.0522923090519037,-0.0309798345756977
"30",0.0231995591755309,-0.012639780587031,-0.154961937829797,0.0767366329523154,-0.0718785502783697,-0.0265657508146081,-0.124704261490484,0.0174216077549511,0.174333656784035,-0.0947113170479214,0.0942986833781166,-0.0300820094221112,-0.0871430798334943,-0.178286424351628,-0.107404016967656,-0.0501452067059878,0.17499707722354,-0.185457639016009,0.138191256337762,-0.0286308184284698,-0.120424581848254,0.11773499148796,0.0988966922155275,0.126708167210548,0.0596286108637274,0.0603284063342084,0.0902857662407424,-0.0511766029371698,-0.0158244648435447,1,0.188409450889992,0.169620657885518,-0.129943575606527,-0.0440985617344899,0.0824877911957476,-0.0869176264786048,0.155928058894148,0.0415286108343414,-0.0599243577301541,-0.102042164842231,-0.174548988548361,0.0748745281685698,0.0271424101342789,0.102038920085841,-0.129518584561285,-0.0602832114130896,-0.141461291831472,0.134619016302418,-0.0298362379809047,-0.232024068598225,-0.0412734359587836,0.039281564616017,-0.00043925009434236,0.0573448985333648,-0.0192169685113322,0.163916656571649,-0.135382969800433,0.0888134814852028
"31",-0.162742829280049,-0.0752220426559731,0.0816998619490995,0.036823972045266,-0.107412472869145,0.0367129293313357,-0.00622606497939578,0.134187824375161,-0.0537688460522071,-0.0720881692269815,-0.103162839608361,-0.0243070005544207,0.124826407999025,-0.150145415950812,-0.179065206906651,0.124708809685798,0.241268980201763,-0.0126609147335069,0.426746990512665,-0.0958355669287223,-0.087890005546671,0.0861517947278452,0.0238532703952431,-0.0500303521932333,0.189631341500303,0.0416826039358782,0.0125775026050155,-0.00190611527539482,-0.0135632229137401,0.188409450889992,1,0.102789111504871,-0.0278460671369519,0.0996069984074767,0.21476772329817,0.0943930067898539,0.0758452931241795,0.105050603307683,0.0411714400665175,-0.157430406841642,-0.0127467245238324,-0.0216778247469368,-0.121977306016783,-0.00721453960249686,-0.162743485962538,-0.0342243714188113,-0.127513213905541,-0.0431549220816816,0.0873220979280619,-0.168633382147161,-0.00264257216692098,0.0112392315493408,0.0340392695079702,0.0584070140749604,0.0557618641034433,-0.0291413135735765,0.103333047584891,0.0146876510470508
"32",0.059367286124666,0.0998218353043942,-0.0277011323852917,0.212797790321701,-0.0913113592547115,0.0563618942376136,-0.015016938857151,0.0542527390112946,0.200977281626089,0.0119698991914507,0.242257766877682,0.142572903702135,0.0751796227287062,0.0303147842866573,0.0455497704152588,-0.125759502976331,-0.150095721097521,0.108016238886233,0.242098199786675,0.123251642569291,-0.0609406721254134,-0.110218084618762,-0.0877816027134899,0.054957699291709,0.165919420135742,0.129054217137991,-0.223067225232935,0.0102661935375897,-0.0642806058069683,0.169620657885518,0.102789111504871,1,-0.0283746057375209,0.110808988217587,0.275054455290233,0.0211504305766105,0.196569378096182,-0.0768767178430628,0.0351663716321111,0.0677457786427615,-0.0808578230172821,-0.0581755314291675,-0.101337814593625,-0.0828212228461078,-0.0289857235203878,-0.123805059603249,-0.00783352404711414,-0.0669942722470304,0.0301156942976149,-0.179379706118958,-0.209748613682679,-0.083012422839671,0.11802426816584,0.220806846037464,0.0795993785048949,0.047963875761308,-0.00536804124162135,-0.0946745243120928
"33",0.0821384684735672,0.113966131167273,-0.0348199255363619,0.0220291712194036,0.0707012855409645,0.266248974560788,-0.115954763003317,0.0581444306435522,0.00764053296244333,0.0863227916880405,0.0441929435739973,0.105842915230953,-0.0607953182266505,-0.0622373640293057,0.210468782259581,0.00187106083390881,-0.200700406226129,-0.229056191349741,-0.0377344249710861,0.235011817201817,0.106791358804743,-0.0598547038820866,0.0668797207957685,-0.189921551569219,-0.0491135408825758,0.193097353956904,0.184153395339855,-0.203025485695129,0.160863543291238,-0.129943575606527,-0.0278460671369519,-0.0283746057375209,1,-0.0638931727046173,0.0468540168139849,0.228527099041795,-0.0618386875136221,0.0534710486129413,0.266759652333515,-0.0559274932936346,0.004356266674446,-0.214565369481631,0.149822204467698,-0.0201825249731088,0.0209758088309012,0.0347625316030968,0.180042385338083,-0.0390092826647181,-0.0252606363761937,-0.097037558634783,0.0861744699164597,0.216741630321567,0.0887578889478518,-0.019194859501227,0.0190111334135749,0.00481909541902931,-0.00134822878418169,-0.173373841951975
"34",0.0211404380050791,0.0830654302987549,0.0373951652196232,0.205704746344722,-0.155698177977626,-0.0728514421703753,0.112708149797895,-0.0132499211363059,-0.135886015045708,0.0528445614614133,0.0803426241999435,0.0574280499559294,0.0832237806216272,0.0566849492460734,-0.121881301565182,0.00360614272537415,0.113780149493724,-0.0369083427457744,0.202036488271308,0.0141096950972178,0.183436118710566,0.00453955394104084,0.122749018737128,0.110885087637489,0.113061300675309,-0.140298101485741,-0.0405085695125159,0.121486050391387,-0.175473943237734,-0.0440985617344899,0.0996069984074767,0.110808988217587,-0.0638931727046173,1,-0.0561747383384072,0.0604793167878114,0.0986581120990427,-0.0944643629232114,0.217680908914099,0.234093352375884,-0.0564707763120476,-0.0978072111600658,-0.237469141095409,-0.00221057470623308,0.176483828112901,0.0054150888278263,0.0391261765988801,-0.133195328515661,0.106030270224575,-0.0862259271994437,-0.0537363157454203,0.0425764762623052,0.205673427549423,0.0828564721151413,0.0938959458675546,-0.024224172139182,-0.0388850190678903,0.0348961636417388
"35",-0.0883255658559843,-0.0143801327675122,0.0124001852462776,0.0404525444487789,-0.123118262034414,-0.0433040721428965,0.0992603572533161,-0.0952848672883372,0.0997482139183611,-0.0266559413604346,0.242071814357957,-0.0552893436689943,0.0420847325367847,0.125809169181613,-0.0217435190771883,0.0152460066315113,-0.0578984643575664,0.0205925356622556,0.237512446633068,-0.044260477865822,0.132083287497035,-0.00531899326647428,-0.0688269718224032,-0.144694281469431,0.0512935309067826,0.0558926558434251,-0.114033035710124,0.0808722111092891,0.132233322615466,0.0824877911957476,0.21476772329817,0.275054455290233,0.0468540168139849,-0.0561747383384072,1,-0.0286623393885508,0.33038010114152,0.281884726627411,-0.0579310993375837,-0.22401702649312,-0.0134118194175366,-0.0132586926083649,0.175055628198513,-0.148188300831291,0.10962032053984,0.0754429751742396,-0.0977353363768038,-0.0783798559617334,0.05525259974652,-0.0732467181896397,0.00543549985459218,-0.0599198567458361,-0.150169456784234,0.0522617019164595,0.0680283983587986,0.0954512307354445,0.00994532687990247,-0.0577962913800017
