"","l_Insular.Cortex","r_Insular.Cortex","l_Amygdal.Area","r_Amygdal.Area","l_Bed.Nucleus.of.the.Stria.Terminalis","r_Bed.Nucleus.of.the.Stria.Terminalis","l_Hippocampus","r_Hippocampus","l_Orbitofrontal.cortex","r_Orbitofrontal.cortex","l_Entorhinal.Cortex","r_Entorhinal.Cortex","l_Frontal.Association.Cortex","r_Frontal.Association.Cortex","l_Globus.Pallidus","r_Globus.Pallidus","l_Glomerular.Layer.of.the.Accessory.Olfactory.Bulb","r_Glomerular.Layer.of.the.Accessory.Olfactory.Bulb","l_Glomerular.Layer.of.the.Olfactory.Bulb","r_Glomerular.Layer.of.the.Olfactory.Bulb","l_Granule.Cell.Level.of.the.Cerebellum","r_Granule.Cell.Level.of.the.Cerebellum","l_Hypothalamic.Region","r_Hypothalamic.Region","l_Entorhinal.Cortex","r_Entorhinal.Cortex","l_Vermix.Molecular.Layer.of.the.Cerebellum","r_Vermix.Molecular.Layer.of.the.Cerebellum","l_Lateral.Molecular.Layer.of.the.Cerebellum","r_Lateral.Molecular.Layer.of.the.Cerebellum","l_Anterior.Olfactory.Bulb","r_Anterior.Olfactory.Bulb","l_Posterior.Olfactory.Bulb","r_Posterior.Olfactory.Bulb","l_Subiculum","r_Subiculum","l_Perirhinal.Area","r_Perirhinal.Area","l_PreLimbic.System","r_PreLimbic.System","l_Primary.Cingular.Cortex","r_Primary.Cingular.Cortex","l_Primary.Motor.Cortex","r_Primary.Motor.Cortex","l_Retrosplenial.Cortex","r_Retrosplenial.Cortex","l_Secondary.Cingular.Cortex","r_Secondary.Cingular.Cortex","l_Secondary.Motor.Cortex","r_Secondary.Motor.Cortex","l_Striatum","r_Striatum","l_Ventral.Tegmental.Area","r_Ventral.Tegmental.Area","l_Substantia.Nigra","r_Substantia.Nigra","l_Thalamus","r_Thalamus"
"1",1,0.127625038812596,-0.0405524499551408,0.042953896215318,-0.0435085710411152,0.0314374060552735,-0.00063978819034322,-0.0146562046156796,0.068421102486629,0.167886035824587,0.22222282492604,0.0465505533751546,0.0486556132948397,0.118145775741136,0.0815097005408821,-0.00564388454429148,-0.134930404195237,0.142634860983256,-0.0425879332293444,0.052218365285893,0.0344955973698936,0.0837975330616895,-0.283622041057212,0.0029379042192833,-0.00977230839811376,0.177172735265815,0.0373316059219192,-0.0489181314000312,-0.0155005815263262,-0.0784042573033549,0.0877317712531132,-0.182101624750823,-0.00136534626833241,-0.0499037990314528,0.201428710146283,0.0755195588517158,0.0491058005906653,0.0939577691041836,-0.0121979419562015,0.0587532430967049,-0.260068064657266,-0.11364839887325,-0.0329181075663792,-0.00094512029470558,-0.0177417637412095,-0.190407550184114,-0.174781354151737,-0.0720029326929467,-0.0857026205236758,0.0582005305701517,0.288163292988427,0.145220119208444,0.113517782696791,-0.0264519542747454,-0.27542775083464,0.221797656397137,-0.0114552680202545,-0.0351853863791105
"2",0.127625038812596,1,-0.0712864540641674,0.0519735518095436,0.0730198054152213,-0.153315169935791,-0.0531275500809792,-0.316898943414085,-0.0661252843681743,0.352204085168134,0.0454614021976129,0.0884329770987965,-0.0391246051286813,0.099581708283836,-0.0601242833078117,-0.0330521114511008,-0.211137665372914,-0.089590868529352,-0.238667489449344,-0.111412870685604,0.0173452362409272,0.00317900283245544,0.123672582388535,0.0637354611702137,0.0995309052404211,-0.0252734788686746,0.252534617063317,-0.0759500626911565,0.179246484731693,-0.0522909941524756,-0.0283665891243407,0.0194696571326337,-0.168290097730588,0.086810922123383,0.144765408708008,0.0224604746720246,0.137619575653289,0.164152297839752,-0.0059384743750892,0.0938699732426657,-0.217139769355015,-0.198077929111286,-0.0674601417714149,-0.0364014958910496,-0.103561343831717,-0.00856063489499857,-0.0349195582023507,-0.195355632014898,-0.212955793176052,0.0617999354750532,0.0431709714833645,-0.137576537973326,0.139857845134396,-0.248710808139922,-0.0697135349094707,0.0688944168678626,-0.16967368315083,-0.0718983017891448
"3",-0.0405524499551408,-0.0712864540641674,1,-0.166767612784333,0.0831654131721926,-0.127645222342977,0.180433018023675,0.0238561252884181,-0.031154305557266,-0.132180669080563,0.0707784634522754,0.196539699653339,-0.0696110476851415,-9.43725814571442e-05,0.100351965516362,0.258949854600696,0.176632891501993,-0.146965286187893,-0.138516320713479,-0.0310604087853455,-0.0676010457759695,0.0526194439998837,0.241482278428356,-0.0695059097244893,0.262741581893181,0.0980511864299954,-0.130860299899011,0.0627736888093049,-0.13154063384637,0.0234964268757772,-0.0640861101374232,0.116203898781187,0.230168127248478,0.17924583581856,0.120022917749903,0.0259297449455932,-0.0561535494465765,0.0149117906431755,0.173640301132757,0.19609071210764,0.0912712458753347,0.0567163143781089,0.0492663003289398,-0.0105400232649981,-0.232089128541636,-0.0270826343928968,0.194595141718944,0.299684619683741,0.037622633366461,-0.242589112036699,0.0968688276421384,-0.0398640699093159,0.221306759097284,0.0915591671933602,-0.0598157119298927,0.0540249364255752,0.0293899018943568,-0.0174719983493457
"4",0.042953896215318,0.0519735518095436,-0.166767612784333,1,0.0490910672549579,0.305394374331328,-0.0211747115164705,-0.0557710415657118,-0.010333063070828,0.125296882274603,0.0266180687330981,0.00981057590916115,0.035923324777735,0.088997745835252,0.0912740563297556,-0.12433575272081,-0.061521969329284,0.220321558975253,-0.119290418744259,-0.0916088640665347,-0.046663722783798,0.111673377832149,0.0340570352885513,0.185005553898844,0.0871285045385362,0.124154905208405,-0.0228930034258374,-0.0977940981460138,0.323314040034242,-0.00578258883429739,-0.0654643451365269,0.197710957343219,-0.0254759004787661,0.182134212382475,-0.255324581087896,-0.142583293727448,0.0374464936424176,-0.0578809275489972,-0.0174264604617487,0.0443532743711109,-0.127521680654275,-0.0127896423363285,0.00945923144542451,0.0170043470904754,0.0387879615507171,0.0677500928787246,-0.0118206456935129,0.0263517804879794,0.00053920432781696,0.0790243879856477,-0.00875144052493445,-0.0557310278512117,-0.135941216726003,-0.0948577169004732,0.0202405894489573,0.146080036491478,-0.0985907175752451,0.0099476112432184
"5",-0.0435085710411152,0.0730198054152213,0.0831654131721926,0.0490910672549579,1,0.126976177872826,0.0732724781789377,-0.077372347969164,-0.21113320304759,0.0107341603221369,0.192028248887194,0.0390567226955792,-0.151594530910354,-0.17773576826999,0.131919550703711,0.177869252913111,0.0846727218076452,-0.11772314044188,-0.0521440032250142,-0.0983172686527519,0.0314776481976661,0.0268745533724723,0.111207731562678,-0.00376090387730877,-0.0179653761785531,-0.0402748497856918,-0.0501261369195292,0.0714914912497589,0.0592596691924413,0.0637224721804785,-0.123312292191848,-0.057195893596656,-0.00931288102403704,0.164214374596608,0.0298379143797567,-0.039831840196414,0.172130495491823,0.0815151059752459,-0.115644608466799,0.112250787961229,-0.0581155512025056,0.0637655587312776,-0.117446932623156,-0.116725360799678,0.0341329449432329,-0.0643065042135846,-0.071331711194929,0.12970983329196,-0.174738266243468,-0.181941718835587,0.131744551386084,-0.0857363057876486,0.217959711487947,-0.132544194888649,-0.0200952096156926,-0.139029973870736,0.132933417253305,-0.14483365745001
"6",0.0314374060552735,-0.153315169935791,-0.127645222342977,0.305394374331328,0.126976177872826,1,-0.154484730739117,-0.10332527333833,-0.0620577433084791,0.051794158605565,0.0807200761316973,0.0764972994325969,0.0158129766073831,0.173281574712813,0.205070255110502,-0.110083589502221,0.110665613966782,0.225791026563209,-0.015091128870101,0.0446120496465054,0.144530353967391,0.00036927004304739,0.0142971990252869,0.235063092011778,0.00520599004986193,0.0537057390041617,0.0730619826499092,0.0524082671699002,0.0977362128553662,-0.0069301236076412,0.0438763089908513,0.153873544286826,-0.0232534013044701,0.153198874162251,-0.0536438961527589,-0.074807688707216,-0.012018840056304,-0.102457666547162,-0.181754036387908,0.115809512612739,-0.108335152911927,0.0523820318834503,0.0411913281570641,0.112815221009164,0.123769505025331,-0.0162692162316257,0.00370104193676924,-0.00685931664577119,0.0252408316044878,0.259904622411425,0.0415624086269005,0.140889657608593,-0.057103210017756,-0.0263380605496441,0.207286538261283,0.0716922611944394,-0.055484711187165,0.113470513422204
"7",-0.00063978819034322,-0.0531275500809792,0.180433018023675,-0.0211747115164705,0.0732724781789377,-0.154484730739117,1,0.316188253403491,-0.0677700606162792,-0.0427882889914946,0.0129061715739985,0.0931494990086115,-0.0677472981565976,-0.173954047098188,0.0223734184024233,0.29484123273786,0.103149625054469,-0.0158933215396666,0.104695108116064,0.0182667973987823,0.0708781187230134,-0.0285324673706043,0.0926656112342686,-0.0151797615210717,0.182407469001648,-0.00336179091780032,0.00381228507930919,-0.0286011051550233,0.142999968957417,-0.0485834887369128,0.045201979544738,0.0748977253498379,0.263365220498245,-0.043586725940845,0.154756149857464,0.114576048818437,0.0709650530938322,0.0338724854524533,-0.0186065737324612,-0.12161024857782,-0.0430348646999627,-0.0907196124645883,-0.0299542026690962,0.116018111752113,-0.237850272757649,-0.261190013848411,0.0601134192474209,0.0589586815555398,-0.032330515263541,-0.211491236165083,-0.012132460294666,-0.0727221327253645,0.223363809311972,0.16610230065658,0.00325771728582241,0.00432400569795393,0.0676205148337988,0.173804554037983
"8",-0.0146562046156796,-0.316898943414085,0.0238561252884181,-0.0557710415657118,-0.077372347969164,-0.10332527333833,0.316188253403491,1,0.049127474392114,-0.0828789962393798,0.163015971093724,-0.109467128331479,0.0753392555112156,-0.0906614958060407,-0.183123794618532,0.238158522566611,0.251479558175791,0.0433128621728686,0.215029855411809,0.220887331971675,0.146333205979036,0.090465830782422,-0.0393857032236221,-0.133272520712166,0.0819460242256847,0.0101831913003488,-0.0822782811734018,0.153023456871387,0.0787845699945795,-0.0308523753965187,0.163351702688754,0.046600413003288,0.248671172886286,-0.130476854648938,-0.157994861017057,0.120070330592802,0.0110903964180708,-0.160622350101267,-0.00789241571034328,-0.0868505175945224,0.0318581785407019,-0.0247846974587374,0.0133244705521277,0.146515138035041,-0.034522814221852,-0.163488982451118,-0.0424564465693758,-0.0155250370512893,0.230281996123448,-0.111036128616443,-0.0988675986367318,0.136776646043153,-0.0060455002018985,0.166237410597398,0.0198341350617343,-0.0393781098296748,-0.0649091218657018,0.234791137660363
"9",0.068421102486629,-0.0661252843681743,-0.031154305557266,-0.010333063070828,-0.21113320304759,-0.0620577433084791,-0.0677700606162792,0.049127474392114,1,0.241210677143243,0.0648699025657325,-0.0253371094482931,0.248548685583079,0.180210395300955,-0.0446983136201471,0.0731273675709906,0.178096586109063,0.152567050559738,0.12212449802723,0.0547097582009248,0.0192269780081962,-0.0541998164019355,-0.122051117661388,-0.0592491686858958,0.178812756309679,0.116623407858394,-0.0439565837331736,-0.0752005912314968,0.0868318034599585,-0.15383374298469,0.195622537770185,0.205604897090527,0.0867446338131985,0.0188255456163165,0.12822716908855,0.0348408012366623,-0.156472614800996,-0.0909335827123577,-0.0280477229580028,0.038501474515998,0.020439865491232,0.137888718904249,0.328980513602189,0.150397394035404,-0.156848272609989,-0.0802504536692839,-0.057168243852592,-0.0826089976804417,0.168614379649422,0.364848729903561,-0.103290618271845,-0.0867212895657405,-0.0071508722065498,0.0344043070572647,-0.0809060320766774,0.104007139924374,-0.101975127167834,-0.00707212306845227
"10",0.167886035824587,0.352204085168134,-0.132180669080563,0.125296882274603,0.0107341603221369,0.051794158605565,-0.0427882889914946,-0.0828789962393797,0.241210677143243,1,0.0303742163364174,0.0193537010357146,0.283579367538056,0.440673696544165,-0.0030960467320786,-0.038768296494355,0.00361667974363724,0.182994833413352,0.0273317588296185,0.00278044765541508,-0.113247504505021,-0.21588874870006,0.0382588742796355,0.0735549503564655,0.201423327505609,0.0145278723333818,0.125266752404554,0.0355147261761034,0.176754831171727,-0.0613269488093072,0.18378834748726,-0.0456989283636412,-0.0616188575722951,0.0770031895699387,-0.0400395781732043,-0.10261227884998,-0.126511266347213,0.0762046476813771,-0.0958638589250794,0.0459358874308336,-0.263555019191562,-0.270179111247744,0.238342572373322,0.30584387377465,0.0225772647360063,0.016136219886116,-0.206603496990463,-0.209326239684233,0.208569102999924,0.444498551657292,0.00632627577154351,-0.248766727635407,0.0108368022115,-0.132140924516822,0.00238455344114235,0.159887795681655,-0.106586149666685,-0.0266024332860876
"11",0.22222282492604,0.0454614021976129,0.0707784634522754,0.0266180687330981,0.192028248887194,0.0807200761316973,0.0129061715739985,0.163015971093724,0.0648699025657325,0.0303742163364174,1,0.0856540013011522,-0.0442448595259417,0.014494416755802,-0.0993625832446772,-0.106245083094991,0.0373618804266018,0.00812453827014135,0.0440910310459488,0.0153795442216872,0.136802427734406,0.265466121749724,0.0755243164763541,0.123763874156232,0.0722186977258974,-0.172056415350161,0.0548301135341301,0.111163162924935,-0.012010207750231,-0.0450944300001928,0.0806071695004168,-0.00212433789862121,-0.053990065283477,0.159773649629679,0.0232020290251126,-0.047637416435235,0.041474453961065,-0.0121535117246381,0.100561517550275,0.148402049347592,0.087114288987,0.128197461570971,0.0634070163131064,-0.0478252499821871,0.0283471737008323,0.121440474864078,0.0291736410638329,0.103945159131896,0.0614290806596267,0.0452177209997104,0.0480387783655468,0.0630528431302962,0.0401447317281887,0.127071562730487,0.0671220059879538,-0.0161594521029287,0.0127509510968829,-0.255125068007067
"12",0.0465505533751546,0.0884329770987964,0.196539699653339,0.00981057590916115,0.0390567226955792,0.0764972994325969,0.0931494990086115,-0.109467128331479,-0.0253371094482931,0.0193537010357146,0.0856540013011522,1,-0.00846246754355097,0.0832444529217093,-0.0162086640369796,0.0519031697792522,-0.0620908404304824,-0.00429827900880702,0.0340624988656028,0.0978038166455259,-0.114506621885655,0.0347759579497088,0.00448152390290885,0.0729562958132721,-0.0842244706078463,0.136693527963578,0.0161737034231103,-0.0897907756425483,-0.0326106849067049,0.0298908459700871,-0.0182071719057581,0.130811028613638,0.0654114847678523,0.112558790738082,-0.0483217914333572,-0.0568286912593766,0.0682124087190063,-0.0274687106048093,-0.0499233580777888,-0.0218002484853693,-0.0944542347950868,0.0950009180940768,-0.223147073431735,0.00388111873538361,-0.229241252105847,0.0942042449590746,0.134036429725929,0.0716493678867277,-0.169879855274386,0.0349567837177899,0.0170887301198147,0.0425438794008297,0.0955381134358294,-0.0413330328680782,0.0979606259369189,0.0223437023570811,0.0596998844001736,-0.112079841311367
"13",0.0486556132948397,-0.0391246051286813,-0.0696110476851415,0.035923324777735,-0.151594530910354,0.0158129766073831,-0.0677472981565976,0.0753392555112156,0.248548685583079,0.283579367538056,-0.0442448595259417,-0.00846246754355097,1,0.416940901928419,0.0777377919282887,-0.00652761061308075,0.151325375496096,0.180384495396355,0.106274097348287,0.110093679650145,0.0713462942772303,-0.25420538797851,-0.269732707715006,-0.00084088444420425,0.059765886953365,0.124998842671461,0.0449261095036518,0.102565288821342,0.0291283468119056,-0.181471013623725,0.0487416732200285,0.13832570115481,0.0743034057512524,0.0604694874562088,-0.0996339709715064,-0.00243793071145376,-0.0737764894780752,0.143755197262866,0.0791616473830344,-0.0281223134838175,0.048791417304667,-0.081717712700858,0.231130017710714,0.0898085016295263,0.0157431658117091,0.0381959238689331,-0.0776695951020115,-0.228135409367109,0.587791011933618,0.361435737258121,-0.224382682127939,-0.0828885485108009,0.096546774286784,0.0389883009665117,-0.150907150184474,-0.0819495532540158,-0.229071142718823,-0.149621697380709
"14",0.118145775741136,0.099581708283836,-9.43725814571442e-05,0.088997745835252,-0.17773576826999,0.173281574712813,-0.173954047098188,-0.0906614958060407,0.180210395300955,0.440673696544165,0.014494416755802,0.0832444529217093,0.416940901928419,1,-0.0682022267808637,0.010995921633781,-0.00347545785924221,0.289627859322257,0.0991398292215699,0.0677076179646235,0.0244981207540109,-0.144255210185533,-0.187422297811905,-0.023172959312,0.196421851666808,-0.0167909220610634,0.0298286907259646,0.0152790910217599,0.0360574199615335,0.0492105305906024,0.270637707365682,0.114553684858394,-0.0668038420291777,0.0431396649135628,-0.245542403484275,-0.0507677984863684,-0.030017882666752,0.144991230766608,-0.112924669685219,-0.0837111585163916,-0.134762596264035,-0.339522683612731,0.175437708143985,0.184428582507348,0.147599480186866,-0.00490051478643797,-0.109394607691702,-0.252893513431022,0.177156216628679,0.554755332267651,-0.034738439781489,0.0936876553434011,0.0139747156832685,-0.0365666705057684,-0.00043473680718017,0.0407183922019972,-0.0819125038898008,-0.120725878233667
"15",0.0815097005408821,-0.0601242833078117,0.100351965516362,0.0912740563297556,0.131919550703711,0.205070255110502,0.0223734184024233,-0.183123794618532,-0.0446983136201471,-0.0030960467320786,-0.0993625832446772,-0.0162086640369796,0.0777377919282887,-0.0682022267808637,1,0.0512717799513188,0.012473363788038,0.0757283920558667,-0.0727589306769668,0.116361064479487,-0.0186616345846245,0.124340575197779,0.199577743156263,-0.0161065341045897,0.0834484624052622,0.105975436882345,-0.0469596759904422,-0.211283648246035,-0.0180804342430049,-0.05668022690217,-0.145206731180755,0.243772405662267,-0.0500278822230519,0.191775698676401,0.245254776750479,0.0639302691952717,0.164134296088067,0.0118042207711288,-0.0529611839823823,0.0164638336536601,-0.0334633075673279,0.0856932721259848,0.0518280450092133,0.199950945536975,-0.108607338837452,-0.15349720586695,0.0899112075278467,0.188678288744524,0.0950728806067496,0.0619202759482965,0.157723168610635,-0.0391451490679653,-0.0299925692557354,-0.059379944348153,-0.0286271945404545,-0.134008708309858,-0.106752527766724,0.0936251647393157
"16",-0.00564388454429148,-0.0330521114511008,0.258949854600696,-0.12433575272081,0.177869252913111,-0.110083589502221,0.29484123273786,0.238158522566611,0.0731273675709907,-0.038768296494355,-0.106245083094991,0.0519031697792522,-0.00652761061308075,0.010995921633781,0.0512717799513188,1,0.159616090114956,-0.0280713465878301,-0.0932206733763307,0.123353493916814,0.0211037717344133,0.0732629524042444,0.0547694274860281,-0.0730308851913477,-0.0223102119744366,0.028652779355268,-0.132319352458254,-0.00246741337947117,0.0288277152355579,-0.14414299915317,-0.0822296500115045,0.136411845439887,0.183968235136874,0.0667213120492502,0.175780951812434,0.113670256482454,-0.0792195950338824,0.0242528016131189,-0.270012961159086,-0.108099105631085,-0.0473956490522695,-0.0921671284347369,-0.0202957723744669,0.129521949341558,-0.111160305934663,-0.137919684156914,0.0332207004498647,0.0519220305644641,0.0385989568194471,-0.156558466418094,0.0241664231543758,-0.0782459885006733,0.0486818061402296,-0.135310104859302,-0.028120908601309,0.0981699312972288,-0.00514284510062475,0.105706529581014
"17",-0.134930404195237,-0.211137665372914,0.176632891501993,-0.061521969329284,0.0846727218076452,0.110665613966782,0.103149625054469,0.251479558175791,0.178096586109063,0.00361667974363724,0.0373618804266018,-0.0620908404304824,0.151325375496096,-0.00347545785924221,0.012473363788038,0.159616090114956,1,0.24466666621163,0.00395246485159113,0.159028812268004,0.0881132641943203,0.142320823874031,0.0615657771591827,-0.0348678145867825,0.182360823939291,0.220106950230902,-0.081834868519864,0.198483046983328,-0.0171272676802294,0.0349665936323605,0.120519123646743,0.13150866376602,0.123864487978877,0.129084668095185,-0.00161377911735417,0.0901124079558403,0.0393506518015756,0.117825124429907,0.11144371315349,0.0695749676463915,0.149510399972413,-0.024980359526892,-0.123248816752879,0.127902748441706,0.0454814579707348,-0.108912183477946,-0.032941296690359,-0.0925697096037777,0.212008111163373,0.104341139865903,-0.146227813007605,-0.0080069123530406,0.284675005349456,0.138666018315764,0.15552333660899,-0.197368201738665,-0.0683527274688795,-0.00411278920042686
"18",0.142634860983256,-0.089590868529352,-0.146965286187893,0.220321558975253,-0.11772314044188,0.225791026563209,-0.0158933215396666,0.0433128621728686,0.152567050559738,0.182994833413353,0.00812453827014135,-0.00429827900880702,0.180384495396355,0.289627859322257,0.0757283920558667,-0.0280713465878301,0.24466666621163,1,0.0733710654601558,0.14662671950464,0.228828352936848,0.0258896447746412,-0.00710415227864652,0.0826174965330931,0.122256270823629,0.231281705435745,0.103185189403414,0.119936879561853,0.295333801377345,0.0978595413497019,0.187485235424209,0.116998044669504,0.12626897672578,0.0175119673500965,-0.0793803693500129,0.038603209713242,0.0175895449824383,-0.123296464439491,0.00233966370351712,-0.0418222122279035,-0.178674131818501,-0.173961971495423,-0.137522020418214,0.0486521746178272,0.060282750085892,0.00158528875497554,-0.304453739266339,-0.222862972620712,0.00662449112603539,0.452720861832918,-0.113174252580429,0.145176017191326,0.0838996698165134,0.0179524303033025,0.0653452766799272,0.0300447934706531,-0.118650816406977,-0.102589115206428
"19",-0.0425879332293444,-0.238667489449344,-0.138516320713479,-0.119290418744259,-0.0521440032250142,-0.015091128870101,0.104695108116064,0.215029855411809,0.12212449802723,0.0273317588296185,0.0440910310459488,0.0340624988656028,0.106274097348287,0.0991398292215699,-0.0727589306769669,-0.0932206733763307,0.00395246485159113,0.0733710654601558,1,0.0262811615284489,0.0272850712590813,-0.0572954305630645,-0.192380084935037,-0.297968264553626,0.0853402318206964,-0.0161760675607148,-0.040665722759445,-0.107218950247222,-0.183931502195315,-0.0635262132219085,0.511468747107938,0.0319647176364895,0.226309641352398,-0.0733934696756683,-0.0116354874300681,-0.0562398895667212,-8.55366103845109e-05,0.0870801789848057,0.0174726274247692,-0.118324601723721,0.0469356653328632,0.100213997931586,0.0780089851760723,0.225786275255504,-0.0236681681037625,-0.0964018694440983,0.145689732761269,0.00710530584673554,0.140094466088852,0.164364071080499,-0.333105198859932,-0.0647740813264199,-0.143338283108798,-0.0133978526373871,-0.0398532127346719,-0.0800150247281579,0.175193390496626,0.00950900636508888
"20",0.052218365285893,-0.111412870685604,-0.0310604087853455,-0.0916088640665347,-0.0983172686527519,0.0446120496465054,0.0182667973987823,0.220887331971675,0.0547097582009248,0.00278044765541508,0.0153795442216872,0.0978038166455259,0.110093679650145,0.0677076179646235,0.116361064479487,0.123353493916814,0.159028812268004,0.14662671950464,0.0262811615284489,1,0.0275347309933018,-0.160594476355183,0.153757581472145,0.104680436943355,-0.0316338896502301,0.023329973713189,-0.0695603648630384,-0.0699694985237798,-0.00302755703824299,-0.0520736622722342,-0.064732317161042,0.237239130612388,0.0068419248507373,-0.168405618291579,-0.0316844939805718,0.0561916879028505,-0.0944417477565049,-0.0945996733126075,-0.257993015216783,-0.175907421783465,0.030487709829507,-0.0846162679333794,0.103896303168895,0.135401542555039,0.175278535656961,0.049844158929622,-0.00814250134793649,-0.0635935057333913,0.101846765032773,0.161860975386794,-0.147823260235567,0.00848592136809789,0.0141745551419437,0.00490593974956992,0.10063640363324,-0.160559784171712,-0.167948834187332,0.207742698653828
"21",0.0344955973698936,0.0173452362409272,-0.0676010457759695,-0.046663722783798,0.0314776481976661,0.144530353967391,0.0708781187230134,0.146333205979036,0.0192269780081962,-0.113247504505021,0.136802427734406,-0.114506621885655,0.0713462942772303,0.0244981207540109,-0.0186616345846245,0.0211037717344133,0.0881132641943203,0.228828352936848,0.0272850712590814,0.0275347309933018,1,-0.0409125773534112,-0.0339243829182516,-0.0112399373349212,0.0902484040561035,0.136451715064743,0.188233697976578,0.00494804285942489,0.242065819084147,-0.013892587197277,0.0854807391781326,0.146382000416675,-0.0691601308208257,-0.0112355159516555,-0.0690279161987369,-0.0571150275069666,0.028385632471087,-0.124861056461719,0.0186846501053398,0.0975240534560271,0.0668392708423045,0.0207032462754756,-0.0123169847529518,-0.0305132923627866,0.0880851594763993,-0.0689687521506647,0.11218255389238,-0.0294748282037485,0.0753442079523465,0.0433970127048426,-0.0303136652053691,-0.0477977459520597,0.105143210163236,0.141399285313631,0.196333335696414,0.0407770449158642,0.00136295802488295,-0.0637207935313103
"22",0.0837975330616895,0.00317900283245544,0.0526194439998837,0.111673377832149,0.0268745533724723,0.00036927004304739,-0.0285324673706043,0.090465830782422,-0.0541998164019355,-0.21588874870006,0.265466121749724,0.0347759579497088,-0.25420538797851,-0.144255210185533,0.124340575197779,0.0732629524042444,0.142320823874031,0.0258896447746412,-0.0572954305630645,-0.160594476355183,-0.0409125773534112,1,0.0434331242895316,-0.0340242248431904,0.0913872997607957,0.00669424018785707,-0.130038520049212,-0.0664902381708325,0.0736884713324753,0.0243953024701416,0.0539439434134775,0.0887495576229971,0.0685236592835185,0.264626922004052,0.0150415854277392,-0.0725768167322456,0.0159053942634637,-0.140183603650384,0.137022759239359,0.0494407449737597,0.0723124324928245,0.04501909281725,-0.0915097336030426,0.091331298639143,0.0204886863271288,-0.0658407178306593,-0.112239592677345,0.0244498344262727,-0.0211191859443834,-0.00765678430588829,-0.017605620890131,0.105206120250108,-0.0667617527012216,0.0748125455992658,0.160354559978543,0.0669554187511834,-0.0271927873844247,-0.167376589973027
"23",-0.283622041057212,0.123672582388535,0.241482278428356,0.0340570352885513,0.111207731562678,0.0142971990252869,0.0926656112342686,-0.0393857032236221,-0.122051117661388,0.0382588742796355,0.0755243164763541,0.00448152390290885,-0.269732707715006,-0.187422297811905,0.199577743156263,0.0547694274860281,0.0615657771591827,-0.00710415227864652,-0.192380084935037,0.153757581472145,-0.0339243829182516,0.0434331242895316,1,0.0984633482031878,0.0670496732586557,0.058444828783436,-0.00541877116996857,-0.09360183316381,0.0601677415626199,0.119372398043959,-0.217024488650277,0.126965757305987,-0.0115645394922395,0.0986851888088553,-0.00860423211200818,0.0574740397657518,0.0401126707788094,-0.153876571958483,-0.0867802237818536,-0.0958519842304876,-0.0355579475585467,-0.0229489032233527,0.0165028998491211,0.16425563928783,-0.142605469623607,0.141142639407975,0.0183163369547052,0.057230075517281,-0.0986073300984161,-0.0419280654290985,0.0525780452644009,-0.0241630581194689,-0.0905952007221506,0.0743067749400537,0.242594789271093,-0.0312872460547709,-0.0240494257092338,0.237921296563923
"24",0.0029379042192833,0.0637354611702137,-0.0695059097244893,0.185005553898844,-0.00376090387730877,0.235063092011778,-0.0151797615210717,-0.133272520712166,-0.0592491686858958,0.0735549503564655,0.123763874156232,0.0729562958132721,-0.00084088444420425,-0.023172959312,-0.0161065341045897,-0.0730308851913477,-0.0348678145867825,0.0826174965330931,-0.297968264553626,0.104680436943355,-0.0112399373349212,-0.0340242248431904,0.0984633482031878,1,0.00103828183005937,0.0310595845207843,-0.00256809827935147,0.0885109103952102,0.100337150636847,-0.025542461611184,-0.382942397505413,0.0535008477328083,0.0326951331384957,0.124662367058257,0.113589111570284,-0.00672891153273666,-0.149075141353015,-0.0808531564706358,-0.00942387691723364,-0.0137547175602648,-0.0732207771355131,-0.00588639071767577,-0.0548512895023225,0.11714729299,-0.0619954757212868,0.139252473793972,-0.144214578616141,-0.180987538926394,0.0367357568949647,0.0847613015448282,0.131972362338872,-0.0350407154248019,-0.00838100076112924,-0.0159652967499788,0.146016789113336,-0.0561277133766205,-0.0501488697633515,0.0395185006850856
"25",-0.00977230839811376,0.0995309052404211,0.262741581893181,0.0871285045385362,-0.0179653761785531,0.00520599004986193,0.182407469001648,0.0819460242256847,0.178812756309679,0.201423327505609,0.0722186977258974,-0.0842244706078463,0.059765886953365,0.196421851666808,0.0834484624052622,-0.0223102119744366,0.182360823939291,0.122256270823629,0.0853402318206964,-0.0316338896502301,0.0902484040561035,0.0913872997607957,0.0670496732586557,0.00103828183005937,1,0.0291672240946414,-0.236842012847928,-0.0292035990783659,0.0827833722946207,-0.116975560548501,0.159203837987353,0.0549509851388586,0.223242518327571,0.112010885743402,0.0332777351126628,-0.141634889187532,0.030855221195643,0.110250829905555,-0.0623666519569559,0.0477694984742058,-0.0665937124092836,-0.13404251765966,0.268903299531595,0.222149766241567,-0.22910025568859,-0.18677028452228,-0.0708832192028219,0.0503563273317052,0.0610447127803513,0.170493243498015,0.0673262995152409,0.103565317756691,0.122195888768703,0.066980743729442,0.20361594714179,0.20128960157606,0.090838680732953,0.0212934255067745
"26",0.177172735265815,-0.0252734788686746,0.0980511864299954,0.124154905208405,-0.0402748497856918,0.0537057390041617,-0.00336179091780032,0.0101831913003488,0.116623407858394,0.0145278723333818,-0.172056415350161,0.136693527963578,0.124998842671461,-0.0167909220610634,0.105975436882345,0.028652779355268,0.220106950230902,0.231281705435745,-0.0161760675607148,0.023329973713189,0.136451715064743,0.00669424018785707,0.058444828783436,0.0310595845207843,0.0291672240946414,1,-0.132510943375577,0.0637503529878698,0.0990590869883153,0.141800613632782,0.0939763926154202,0.196760055069075,0.124455697389871,0.0773023410972465,-0.0155197481268128,0.0995113388710497,0.130421309123352,0.0387849442494049,0.137720228489276,-0.0265904446790948,-0.0716199217039661,-0.0264441035069513,-0.191438469840907,-0.00057402470197919,-0.0745240229090299,-0.0842776169171256,-0.0558091124519003,-0.160617144123339,-0.00476637724673802,0.0160254551561646,-0.0469850855305204,-0.110989757081882,0.0919223618789804,-0.0833419529545487,-0.0871369463639498,-0.0603620066001087,0.0809071833298182,-0.0384429945036962
"27",0.0373316059219192,0.252534617063317,-0.130860299899011,-0.0228930034258374,-0.0501261369195292,0.0730619826499092,0.00381228507930919,-0.0822782811734018,-0.0439565837331736,0.125266752404554,0.0548301135341301,0.0161737034231103,0.0449261095036518,0.0298286907259646,-0.0469596759904422,-0.132319352458254,-0.081834868519864,0.103185189403414,-0.040665722759445,-0.0695603648630384,0.188233697976578,-0.130038520049212,-0.00541877116996857,-0.00256809827935147,-0.236842012847928,-0.132510943375577,1,0.247602957081723,0.315186736885521,0.14890117637239,0.119617382226364,-0.0640871924513147,-0.300661189880851,0.0864963751946042,-0.0002897827462588,0.11711096437593,0.0668281861403158,-0.104979073296694,0.147609757728359,-0.0231798920811889,0.112490889239219,0.0155544168995363,0.0749809123915327,0.023027014284373,0.0888213241455243,0.0678363910044225,-0.0119507974735274,-0.136833814329668,0.144074054493241,0.153045998011591,-0.00282246173382545,0.0201911501553934,-0.117137746006056,-0.0957703087735409,-0.101506673212068,0.0596015400763244,-0.249026352080062,-0.0497927843306342
"28",-0.0489181314000312,-0.0759500626911565,0.062773688809305,-0.0977940981460138,0.0714914912497589,0.0524082671699002,-0.0286011051550233,0.153023456871387,-0.0752005912314968,0.0355147261761034,0.111163162924935,-0.0897907756425483,0.102565288821342,0.0152790910217599,-0.211283648246035,-0.00246741337947117,0.198483046983328,0.119936879561853,-0.107218950247222,-0.0699694985237798,0.00494804285942489,-0.0664902381708325,-0.09360183316381,0.0885109103952102,-0.0292035990783659,0.0637503529878698,0.247602957081723,1,0.0230598357332613,0.093069073643321,0.0253602631693779,-0.0803624083979904,-0.0394594340742323,0.195343130898675,-0.00724048055498534,0.128540470397862,0.112346819259905,0.0108719651457507,0.10684119356113,0.144606871988643,0.0664255961118376,0.00323703990844728,-0.117780439092074,-0.207071792588785,0.176706060214131,0.109201599038924,-0.0643768882636992,0.0196497682822632,0.0716487532297499,-0.0258834125867453,-0.0436921037310506,0.0112859307028775,0.143717311412625,-0.0108222786716581,-0.0480389716386699,0.0539291314907924,0.00105715644631058,-0.0115748294519313
"29",-0.0155005815263262,0.179246484731693,-0.13154063384637,0.323314040034242,0.0592596691924414,0.0977362128553662,0.142999968957417,0.0787845699945795,0.0868318034599585,0.176754831171727,-0.012010207750231,-0.0326106849067049,0.0291283468119056,0.0360574199615335,-0.0180804342430049,0.0288277152355579,-0.0171272676802294,0.295333801377345,-0.183931502195315,-0.00302755703824299,0.242065819084147,0.0736884713324753,0.0601677415626199,0.100337150636847,0.0827833722946207,0.0990590869883153,0.315186736885521,0.0230598357332613,1,0.11069165658971,-0.0400909890464502,0.0895874726363924,-0.0140730567118777,0.0788820617140896,-0.106604335006237,-0.0769714728252625,0.0511688543653036,-0.101003172959582,-0.0409529791644163,0.134475578108076,-0.161395111203002,-0.200720890637793,0.140108541740635,0.0468055427154994,-0.0174805239255032,-0.0714854550263142,-0.23163834456298,-0.177591606023043,0.017326597261521,0.17216089811303,0.00996635633758726,0.032438621620056,0.0654984265297575,0.00817549845653063,0.141259043714008,0.0422492747480364,-0.279047628824395,-0.0453284972935409
"30",-0.0784042573033549,-0.0522909941524756,0.0234964268757772,-0.00578258883429739,0.0637224721804785,-0.0069301236076412,-0.0485834887369128,-0.0308523753965187,-0.15383374298469,-0.0613269488093072,-0.0450944300001928,0.0298908459700871,-0.181471013623725,0.0492105305906024,-0.05668022690217,-0.14414299915317,0.0349665936323605,0.0978595413497019,-0.0635262132219086,-0.0520736622722342,-0.013892587197277,0.0243953024701416,0.119372398043959,-0.025542461611184,-0.116975560548501,0.141800613632782,0.14890117637239,0.093069073643321,0.11069165658971,1,-0.0391373647331953,-0.124764192509261,-0.0296148626730198,0.0538513268096135,-0.386269606504909,0.0128975948024753,0.108274226547106,0.0389054669839788,0.211300956210317,0.00426134865973024,0.00431987747192808,0.100893023074791,-0.157353696084826,-0.00731448979860163,0.129634754520256,-0.00597196924494288,-0.0328199831324349,0.0537826310054325,-0.092552503477079,-0.0486257858865633,0.104906673138809,0.205190869619805,0.0842691534200935,-0.179229072759009,0.174134371819226,-0.229626282596174,0.0882996207283259,-0.164352657689576
"31",0.0877317712531132,-0.0283665891243407,-0.0640861101374232,-0.0654643451365269,-0.123312292191848,0.0438763089908513,0.045201979544738,0.163351702688754,0.195622537770185,0.18378834748726,0.0806071695004168,-0.0182071719057581,0.0487416732200285,0.270637707365682,-0.145206731180755,-0.0822296500115045,0.120519123646743,0.187485235424209,0.511468747107938,-0.064732317161042,0.0854807391781326,0.0539439434134775,-0.217024488650277,-0.382942397505413,0.159203837987353,0.0939763926154202,0.119617382226364,0.0253602631693779,-0.0400909890464502,-0.0391373647331953,1,0.0516669337864926,0.0377024865507591,-0.0406073535347425,-0.0839860927901736,0.0480361166759948,-0.0711666401627598,-0.0043010188480342,0.205472540582332,0.0500592536342477,0.100240307216273,-0.00406103856325255,0.186482841693489,0.104424164395003,0.0652965611400508,-0.122192453999462,0.0715009696527447,-0.0802261045024842,0.103180992498836,0.134164645056123,-0.28306405056159,-0.116645654189568,-0.129757018358648,0.0500349641296222,-0.0399969073901667,0.0777545659943909,0.0171754766684556,-0.0762384626969811
"32",-0.182101624750823,0.0194696571326337,0.116203898781187,0.197710957343219,-0.057195893596656,0.153873544286826,0.0748977253498379,0.046600413003288,0.205604897090527,-0.0456989283636412,-0.00212433789862121,0.130811028613638,0.13832570115481,0.114553684858394,0.243772405662267,0.136411845439887,0.13150866376602,0.116998044669504,0.0319647176364895,0.237239130612387,0.146382000416675,0.0887495576229971,0.126965757305987,0.0535008477328083,0.0549509851388586,0.196760055069075,-0.0640871924513147,-0.0803624083979904,0.0895874726363924,-0.124764192509261,0.0516669337864926,1,0.168654817683877,0.235329008915551,-0.0325778362181992,-0.0183519003000409,0.100183452919935,-0.146405222201529,0.0597357387096846,0.058896096321924,0.0497239724348275,0.00242069829650187,0.0957435669483221,0.107896379550091,0.0262544121187501,0.06551994933354,0.220788053847352,0.0346355255761181,0.169618076735333,0.168368483908662,-0.223401091856257,-0.0912787060339473,-0.0294192810829317,-0.0479074385604042,0.0794513210237283,0.0497940869291806,-0.184777253782381,0.165205622771201
"33",-0.00136534626833241,-0.168290097730588,0.230168127248478,-0.0254759004787661,-0.00931288102403704,-0.0232534013044701,0.263365220498245,0.248671172886286,0.0867446338131985,-0.0616188575722951,-0.053990065283477,0.0654114847678523,0.0743034057512523,-0.0668038420291777,-0.0500278822230519,0.183968235136874,0.123864487978877,0.12626897672578,0.226309641352398,0.0068419248507373,-0.0691601308208256,0.0685236592835185,-0.0115645394922395,0.0326951331384957,0.223242518327571,0.124455697389871,-0.300661189880851,-0.0394594340742323,-0.0140730567118777,-0.0296148626730198,0.0377024865507591,0.168654817683877,1,0.0894082736389077,0.0387622680942048,0.0226413009916069,-0.065924975493759,0.188457322697195,0.0893146722434968,0.0656668155723869,0.0680877328847822,-0.0346203124975735,-0.0851828756746454,0.214184572611327,-0.313853543192379,-0.232808889729036,0.080710108608435,0.113897900770702,0.0165790859962712,-0.0295642511358358,-0.0742143280992986,0.021318457342408,0.0640823415363636,0.143268155683802,-0.0822058963393031,0.134776515229319,0.060462775506863,0.16037701738415
"34",-0.0499037990314528,0.086810922123383,0.17924583581856,0.182134212382475,0.164214374596608,0.153198874162251,-0.043586725940845,-0.130476854648939,0.0188255456163165,0.0770031895699387,0.159773649629679,0.112558790738082,0.0604694874562088,0.0431396649135628,0.191775698676401,0.0667213120492502,0.129084668095185,0.0175119673500965,-0.0733934696756683,-0.168405618291579,-0.0112355159516555,0.264626922004052,0.0986851888088553,0.124662367058257,0.112010885743402,0.0773023410972465,0.0864963751946042,0.195343130898675,0.0788820617140896,0.0538513268096135,-0.0406073535347425,0.235329008915551,0.0894082736389077,1,-0.145752805069879,-0.0587263812365427,-0.0616508738732471,0.00606452049050845,0.157632492367932,0.277335409286141,0.252669601981173,0.139400625449131,-0.0343182097970296,0.147693836223508,-0.0678123747400779,0.16731554727884,0.0985952939911757,0.106602967657776,0.15845308649654,0.0630666521684847,0.0839242667850836,0.0131587758678703,-0.0189236152503901,-0.0883873259445533,0.050506739377255,0.184549150735168,-0.0230483833613166,-0.0371117116996965
"35",0.201428710146283,0.144765408708008,0.120022917749903,-0.255324581087896,0.0298379143797567,-0.0536438961527589,0.154756149857464,-0.157994861017057,0.12822716908855,-0.0400395781732043,0.0232020290251127,-0.0483217914333572,-0.0996339709715064,-0.245542403484275,0.245254776750479,0.175780951812434,-0.00161377911735417,-0.0793803693500129,-0.0116354874300681,-0.0316844939805718,-0.0690279161987369,0.0150415854277392,-0.00860423211200818,0.113589111570284,0.0332777351126628,-0.0155197481268128,-0.0002897827462588,-0.00724048055498534,-0.106604335006237,-0.386269606504908,-0.0839860927901736,-0.0325778362181992,0.0387622680942048,-0.145752805069879,1,0.203964909328402,0.0635875040240935,-0.00544778555523517,-0.0303688755209697,-0.00233435286404682,-0.105948637098396,-0.0749725075224336,-0.0132395192773861,-0.015165526933141,-0.261498210486757,-0.158155387128088,0.0903497520539666,0.00644544203615638,-0.145736717487141,-0.00108644027984595,0.063590163692903,-0.21815331437464,0.0649685706500583,0.0487236882638393,-0.262637358551455,0.0110450028203117,-4.70527263594642e-05,0.0632983292811193
