"","l_Insular.Cortex","r_Insular.Cortex","l_Amygdal.Area","r_Amygdal.Area","l_Bed.Nucleus.of.the.Stria.Terminalis","r_Bed.Nucleus.of.the.Stria.Terminalis","l_Hippocampus","r_Hippocampus","l_Orbitofrontal.cortex","r_Orbitofrontal.cortex","l_Entorhinal.Cortex","r_Entorhinal.Cortex","l_Frontal.Association.Cortex","r_Frontal.Association.Cortex","l_Globus.Pallidus","r_Globus.Pallidus","l_Glomerular.Layer.of.the.Accessory.Olfactory.Bulb","r_Glomerular.Layer.of.the.Accessory.Olfactory.Bulb","l_Glomerular.Layer.of.the.Olfactory.Bulb","r_Glomerular.Layer.of.the.Olfactory.Bulb","l_Granule.Cell.Level.of.the.Cerebellum","r_Granule.Cell.Level.of.the.Cerebellum","l_Hypothalamic.Region","r_Hypothalamic.Region","l_Entorhinal.Cortex","r_Entorhinal.Cortex","l_Vermix.Molecular.Layer.of.the.Cerebellum","r_Vermix.Molecular.Layer.of.the.Cerebellum","l_Lateral.Molecular.Layer.of.the.Cerebellum","r_Lateral.Molecular.Layer.of.the.Cerebellum","l_Anterior.Olfactory.Bulb","r_Anterior.Olfactory.Bulb","l_Posterior.Olfactory.Bulb","r_Posterior.Olfactory.Bulb","l_Subiculum","r_Subiculum","l_Perirhinal.Area","r_Perirhinal.Area","l_PreLimbic.System","r_PreLimbic.System","l_Primary.Cingular.Cortex","r_Primary.Cingular.Cortex","l_Primary.Motor.Cortex","r_Primary.Motor.Cortex","l_Retrosplenial.Cortex","r_Retrosplenial.Cortex","l_Secondary.Cingular.Cortex","r_Secondary.Cingular.Cortex","l_Secondary.Motor.Cortex","r_Secondary.Motor.Cortex","l_Striatum","r_Striatum","l_Ventral.Tegmental.Area","r_Ventral.Tegmental.Area","l_Substantia.Nigra","r_Substantia.Nigra","l_Thalamus","r_Thalamus"
"1",1,0.236605402205863,0.00711862398454171,0.00752357523565395,0.215822299031967,-0.00740355882506079,0.150663289735308,0.19943955365138,0.399816961334554,0.0239506924186501,0.0302876602544684,0.0860853567687175,0.0755140512314089,0.123329172033128,0.232442388619016,0.11430432329816,0.261620282382424,0.287807284073366,-0.274666258994131,-0.00511242748630808,0.154585610294583,0.225942186721078,0.166672060900787,0.14428332088545,-0.0726779455408939,-0.175651522500702,0.0961195755500217,0.00467305684519984,0.0353257900609703,0.113909914070215,-0.00384598342641085,0.00606908287292425,0.047287228160846,0.0824569150843798,-0.0946785061282057,0.063229487533097,0.0275779516235478,0.254914324308008,0.00959754777428303,0.0874569756282199,-0.0174930172680436,-0.0904556821145598,0.0623312485145822,0.036519238732107,-0.112203421345604,-0.0561674262193751,-0.0230872546572517,-0.128636983940908,-0.0503326130535239,0.109076783631919,0.243974846985044,0.183997409752692,-0.0134609168444084,-0.0839800666080135,0.0974392192141082,-0.0159968232533973,0.00440665600253287,0.113691117422174
"2",0.236605402205863,1,0.0463664812698572,-0.0623342758532418,-0.0435373744502719,0.204434345888778,0.082488922489012,0.0296621077586802,0.101247511417413,0.0795723251321519,0.0577309991761515,0.154113972808927,0.110122316134834,-0.0395757404187829,-0.0434097045421843,0.173408618656818,0.206701987135101,0.0565016348444661,0.0643407299591846,0.0628923614204791,-0.00345341758881888,0.220350972693452,-0.235615996017028,0.0324981892322034,-0.0892003869644021,-0.196062544251049,0.0835022900991335,0.107208527573699,0.11551769931479,0.294114853189656,0.273913210587988,0.0699420712418709,0.0219413516461718,0.150850105758609,0.0167924676195326,-0.10147502488459,0.0102695114151349,0.135440996942207,-0.0582754227442525,-0.0586246929240882,-0.197278541037429,-0.233584618373887,-0.00546117239084538,0.0179696691181106,-0.240574349469044,-0.208199600860517,-0.194930041596901,-0.148555942051473,-0.113588819825581,-0.146142874919396,0.0457114569806015,0.230510247930014,0.0884311160714922,-0.0284569642191899,0.142089948706792,0.11450779023306,0.0391033948060593,-0.0154018948266249
"3",0.00711862398454171,0.0463664812698572,1,0.0927058722008681,-0.0804463937987072,-0.148555631823509,0.0647776721540069,-0.0159271189920379,-0.0610704638005063,0.186891013969477,0.123386768873607,-0.0448635190190778,-0.0499665755945025,0.0589760793882944,-0.180239550171618,0.0103559226372876,-0.00833369540335675,-0.0748250308663369,0.098150504118121,-0.083023790626381,-0.0549314414437769,0.0828261406198555,0.0598339311462221,-0.0729726061957663,0.194809641279169,0.0529228186303191,-0.0103891125021815,0.161785898527848,0.0152151966753349,0.176682643326171,0.118423135420187,0.0982327372240131,0.195949008399514,0.15283472788015,0.0380239283416791,-0.138340044905067,0.177963653216574,0.0750656584850664,0.108993857202916,0.130518702233418,0.0903329753431569,0.108332795991272,-0.0534403610059148,-0.0455153076828525,0.0500401554863477,-0.10483501907863,-0.172810885301716,-0.0192270389287533,-0.0196144118118812,0.137393491426767,0.129434931884602,-0.00180047997021575,-0.0698714217126587,0.0242718174106538,-0.0203657608212694,-0.0975840947299502,0.0393105670666967,-0.16196456491343
"4",0.00752357523565395,-0.0623342758532418,0.092705872200868,1,0.0502562755045634,-0.0907354430705675,-0.0194620474612007,0.0776612582032957,-0.0518070181609435,0.0639328109865818,0.28623048580002,0.125976368566655,0.257248108694749,0.00581332286327731,0.173118026099537,-0.00366948065507342,-0.0875882745505431,0.0347960477384671,0.00778574869810167,0.00716873333116125,0.0978325476331212,-0.0190821748419772,-0.091268562009748,-0.0763402192081755,0.0836231242065288,0.232598707292165,0.0682098201690607,0.0567364424078686,-0.172496833043813,0.00127461917616709,-0.152110008625467,-0.100144375821633,0.339153332909144,0.14471931841817,0.017865398730803,-0.0143868259608825,0.0635724412090937,0.0901088202613696,-0.005213296436478,0.00441507135924402,0.0606890429469058,0.0667726314802822,0.0492935259387975,-0.208834275680595,0.0114730149900074,-0.0338620107628777,0.0742281419560662,0.0979870731456076,0.0913404073723939,-0.0400300603796791,-0.111369320780255,-0.0555572551451176,-0.040038044291987,-0.011659716244701,-0.127695852199857,0.0117247911724338,-0.0607651036179473,-0.0496252413845995
"5",0.215822299031967,-0.0435373744502719,-0.0804463937987072,0.0502562755045634,1,0.0779836199857148,-0.0363399101883195,-0.0664244923417981,0.154997236114824,-0.106025539858819,-0.0618386963943365,0.110260453382719,0.117233818533828,0.0408010522669192,-0.00908702250445196,-0.00481550120229104,0.0883245616411521,0.108936031971212,0.013882757660623,-0.161195973568115,-0.10852758683911,0.0917992534098203,-0.0457096346461265,0.0085708285662389,0.196327385876989,0.132244633302043,-0.09702281113027,0.0659260983677787,-0.11130815754446,0.0343146022987497,-0.058669846656705,0.0484665228366671,-0.0803553378168826,0.135437771563724,-0.134876825406954,-0.0506639688449952,-0.0148989801213641,-0.0288783985761148,0.141235190424729,0.0637403906555172,0.0640471395360117,0.0587825366780754,0.0809682342402665,0.211419414107833,0.28234036743597,0.142894779813929,0.196774835824963,0.0405867725305775,-0.091061256132115,0.111622982130381,0.115291178227763,0.0862338596901116,0.0842884142290413,-0.0887485243228294,0.0716082735833539,-0.0817631715219826,0.282013704017422,0.0133414021268692
"6",-0.00740355882506079,0.204434345888778,-0.148555631823509,-0.0907354430705675,0.0779836199857148,1,0.0300227923372574,-0.0627062957833752,0.131910735324916,-0.12598656722787,-0.00810389560348568,0.00599464409178396,-0.101649300306794,-0.0887529353966094,0.0989721118471004,-0.0688093222079845,0.168171292335334,0.0507556710435123,-0.103246029182393,-0.0930296731171497,0.117416532626984,0.17674623784008,-0.133705466607458,0.0746478561554188,0.0996024095224191,0.0273143076329355,0.0377776109304,-0.0188000743477197,0.0807282279472914,-0.0265514187483221,0.023655689162847,-0.0505760918193694,-0.150754167536662,0.0660123744177171,-0.0547311840196962,-0.115485679333325,-0.107845967591027,0.0207134001711078,-0.0648673191854813,-0.194666606136354,-0.0758123631666334,-0.17285895220335,0.172085295741078,0.0498403115151933,0.0259113407799196,0.060472694380404,-0.0821891779617177,-0.124001107897124,-0.135984147684728,-0.243213115079925,-0.0063296635215015,0.061855744414481,0.0225944756569736,-0.148842767497674,0.0309586169569542,-0.0646180980701857,0.0228956482562162,0.125618824588266
"7",0.150663289735308,0.082488922489012,0.0647776721540069,-0.0194620474612007,-0.0363399101883195,0.0300227923372574,1,0.0340211148038947,0.148797164923382,0.112522794867655,-0.0425421745217012,0.218273262320053,0.040163467839802,0.0388300675837661,0.13119897700466,0.207831217063323,0.238318116357919,-0.106378379017198,-0.09418627208361,-0.165263592108788,-0.119735329138071,0.168721476872307,-0.125829992669692,-0.158626202352953,-0.0211719095549876,-0.035058070382973,-0.0294081708714461,-0.050063686519944,0.114916613971001,0.0526845113239642,-0.03938116344455,0.195769456540016,0.019549944152309,0.12302895691256,0.0721775581695152,-0.0937346375805819,0.0463789649313568,0.119629279909867,0.132241730527007,0.00021189983712284,-0.0805702872129386,0.0601081627236731,-0.0251405321611648,-0.101707650253585,-0.0164409486308443,0.0111034274590607,0.0243029971903874,-0.0994050098336799,0.0743908653606498,0.00177118589416864,0.0152091335704241,-0.00543565488624397,0.112177304882412,0.0650721160728195,0.0917492058260457,0.00415643449309944,-0.0459533563185282,-0.00325989715490032
"8",0.19943955365138,0.0296621077586802,-0.0159271189920379,0.0776612582032957,-0.0664244923417981,-0.0627062957833752,0.0340211148038947,1,0.0955817346133165,-0.017124846296861,0.179900759826169,0.178641554152611,0.0714807604009367,0.102119690334188,0.00451302645369414,0.0543856918923815,0.107015260209948,0.216598638617963,-0.078508120891511,0.055824031358328,0.0679324040348212,-0.04468544348086,0.150599333551465,0.172049483083819,0.0107774854447499,-0.0205271181028605,0.111940480763904,-0.088745897602172,0.245688822058263,-0.0728702771904403,0.11700219521147,0.0892782957966888,0.0526383829642991,0.0968813937187106,0.0698499571956403,0.181305116990304,0.0316059832261251,0.172306929894996,-0.12374759506284,0.0734863479034687,-0.093159561941213,0.0757215460182371,0.101290654106484,0.00232146045418312,0.00655869958179216,-0.11448909169759,0.0351787715256971,0.100825183414412,-0.0342677602459249,-0.116774071607832,0.0701492457798333,-0.109414495835658,-0.165733161446776,0.0380764340452802,-0.127407644318272,0.0788489434289244,0.0809249085680959,-0.0822278287976241
"9",0.399816961334554,0.101247511417413,-0.0610704638005063,-0.0518070181609435,0.154997236114824,0.131910735324916,0.148797164923382,0.0955817346133165,1,0.0854856491479832,-0.0535086447515378,0.00731081924168075,0.0852732526984659,0.0821293796435625,0.292224928738985,0.0547258061602164,0.206164437372497,0.0407641547269701,-0.059367438578707,-0.115733974207452,0.025833185778572,0.218973369467819,0.1633899714185,0.0421575016747697,-0.00985125165506772,-0.0249317693716145,-0.0620779202160441,-0.0422673450828473,0.206840452639323,-0.00157536045109803,-0.0454353059564282,-0.00449049035056305,0.0328868315924121,0.0778907930723657,-0.0158019610124571,0.042836952862297,0.0357719019694389,0.119699102976686,0.0986897153052115,-0.0574213689896589,0.0691213462236896,0.00349651048412503,0.290114678215148,0.0703989519385534,0.0614450896226416,-0.162568629010121,-0.126763311235876,-0.108597092229201,0.12106441544399,0.074305728951562,0.325822075377465,0.291028054134177,0.0383640131011472,0.0717416410470155,0.0233104727553614,-0.0400177378163463,0.0524447015953808,-0.0528852660930108
"10",0.0239506924186501,0.0795723251321519,0.186891013969477,0.0639328109865818,-0.106025539858819,-0.12598656722787,0.112522794867655,-0.017124846296861,0.0854856491479832,1,0.097342997795367,0.167858403540487,-0.00110585229218626,0.165529217854239,-0.0751089496766491,0.0979737611716303,0.171287971360531,-0.00220943922579121,0.00799330334372481,-0.146878529761501,0.11377131613492,0.154318560355204,0.0640959500454873,-0.0658960291531638,-0.153318991757102,0.0960535597190676,-0.189442879976618,-0.0208581341877178,0.0257645387300707,-0.00443938408646742,-0.221603085201123,-0.0701882072009165,0.168027147365219,0.115569500098964,0.0755236885560365,0.0266410970154117,0.0946279251819704,0.0137457618892372,-0.0799582755793772,0.097654725756273,-0.121883368198252,0.0343923634989761,-0.20098199557624,-0.189553138165385,-0.0723829719528645,-0.281421358645881,-0.0549151078688056,-0.0577227935559788,0.0730582167592816,0.0573932571564145,0.0765415675610417,0.0954087078235846,0.0556627944938306,0.0372615638541231,-0.0174005103869759,-0.167932341355187,-0.118856983198822,-0.0520246988454981
"11",0.0302876602544684,0.0577309991761515,0.123386768873607,0.28623048580002,-0.0618386963943365,-0.00810389560348568,-0.0425421745217012,0.179900759826169,-0.0535086447515378,0.097342997795367,1,0.216377902283379,0.203329962500038,-0.0501792717162029,0.00941172078120851,-0.013243649201703,-0.0131022569099258,0.00160628462667103,0.0248474932968802,0.0171537473620633,0.156615309173242,0.0887467000274972,0.118616340773558,0.0348350349033725,0.0498803929777273,0.115065514057687,0.148784808379408,-0.117944961220564,0.040751543421921,0.0531087445181894,0.0161901963094714,-0.114613346898907,0.0990354111826529,0.126869363393824,-0.0904083803056269,-0.0499180501076695,0.0248132166147838,-0.0448302272603062,0.183935539752993,-0.105006896698095,0.142113730075599,-0.147098724502279,-0.0295757690370415,-0.141695818261948,-0.196831964654448,-0.122680714082403,0.170193082997609,0.0261166019297971,0.0948628298748308,-0.111631816964585,0.0702119115683116,-0.146478538006217,-0.175509412611256,-0.222828107758572,0.0757870118147567,0.0969560236959173,0.0465060129653436,-0.0769297936800103
"12",0.0860853567687175,0.154113972808927,-0.0448635190190778,0.125976368566655,0.110260453382719,0.00599464409178396,0.218273262320053,0.178641554152611,0.00731081924168075,0.167858403540487,0.216377902283379,1,0.112296646335984,0.118004985775814,-0.0792909670442545,0.206784374990062,0.137306063686639,0.105631807809055,-0.141468137113048,0.118522468718511,0.0462919266731178,0.184818020110716,-0.0052919102205385,0.205649471347888,-0.0540988790306653,-0.112312253440483,0.0127745940772052,0.08446283279569,0.159952748738039,0.0379724019731259,0.0541025121707704,0.188864088303131,0.0696261397344966,0.396624425595415,0.0379611344484296,0.0208558851955804,-0.150507148421518,-0.0475875443536704,0.158905087609398,0.234331021813797,0.0746464974493843,-0.0138445398809585,-0.0511189192789283,-0.152943982401523,-0.11587684243426,-0.135050971966509,0.128541976319078,0.0259792485901011,0.0115139911160477,0.111561345484363,-0.0942058642299422,-0.0981820955402541,-0.0332085417492313,-0.047523706731508,0.173245777001175,0.0313950571959928,-0.179129154476438,-0.13004059386093
"13",0.0755140512314089,0.110122316134834,-0.0499665755945025,0.257248108694749,0.117233818533828,-0.101649300306794,0.040163467839802,0.0714807604009367,0.0852732526984659,-0.00110585229218626,0.203329962500038,0.112296646335984,1,-0.135958814926627,0.156975349625108,0.0234562549703591,0.168293086561719,-0.0491694264230071,-0.0162903362340517,-0.0682855649100736,0.101289579022717,0.226009262462087,-0.238861350571756,-0.0427923306029695,-0.0128764452474619,-0.111437978555331,0.0395757949620679,0.00927040394418394,-0.0201978137188696,0.110657648066102,0.0289740674553393,-0.0233803809394426,0.118690912850484,0.10227706271355,-0.036981615570385,-0.072189740268847,0.0911408354159615,0.122810445879048,0.0538238861013918,0.0387990466412007,0.211179352877529,-0.0888409485336566,0.127866950456691,-0.168185354557672,-0.038379253473379,0.0197355980039189,0.165019908518336,-0.106732432298167,0.348836599483672,-0.164825461704931,0.0634962712208449,0.0014206025829346,-0.0153565940458682,-0.00753587068868344,0.213041469411541,-0.0641041114092938,-0.0154694814326633,0.00123860239236858
"14",0.123329172033128,-0.0395757404187829,0.0589760793882944,0.00581332286327731,0.0408010522669192,-0.0887529353966094,0.0388300675837661,0.102119690334188,0.0821293796435625,0.165529217854239,-0.0501792717162029,0.118004985775814,-0.135958814926627,1,-0.0322238292463604,-0.137092988318372,0.174495031667672,0.417732878844311,-0.0617806172326412,0.0341191965437828,0.114219969533217,0.0470043618730603,0.217563488093477,-0.0133250437255099,0.0576345715307431,0.0970742618216458,0.200203093318401,-0.11945873128239,-0.00521735083523972,-0.196212606079173,-0.013651580331929,0.106489091701252,-0.031897962858024,0.187260720746305,0.0924745561030033,0.0613966947364777,0.108730970682687,-0.128490610713898,0.0488729043859719,0.0747777784351536,-0.172933114105355,0.0413462184758591,-0.212692602686374,-0.0807560843914021,-0.0641226659117226,-0.241916333656594,-0.281969698008445,-0.0578354389433399,-0.14263786678771,0.459858989915752,0.012388371188316,0.0818170542751004,0.0740940257394552,-0.00172249532960738,0.0741812669677015,0.0932978049230821,-0.177349601630585,-0.0616110518728488
"15",0.232442388619016,-0.0434097045421843,-0.180239550171618,0.173118026099537,-0.00908702250445196,0.0989721118471004,0.13119897700466,0.00451302645369414,0.292224928738985,-0.0751089496766491,0.00941172078120851,-0.0792909670442545,0.156975349625108,-0.0322238292463604,1,-0.0566986648947903,0.105136815407412,-0.0634361730925027,-0.046942746017301,-0.140287942023999,0.153181274125747,0.127150132132137,-0.0726658132524838,-0.0624732654666395,0.0790962114656687,-0.00228895276398737,0.0592028778950921,0.0869208356564371,0.0864435038129863,0.116175012645954,-0.0668653532627836,-0.0207028048213509,0.0404715941978387,-0.0334283351470343,-0.0595484212455976,-0.0130127101586379,0.145178267823525,0.0758938410571068,-0.00055213827936292,0.0997676879828725,0.169859738917854,0.111769079612094,0.124387297684703,0.00034778153803435,-0.00212378091715864,-0.124563195252403,-0.0464419809017829,-0.109505077955239,-5.17924196368027e-05,0.0837598240042898,-0.0966422656157967,0.0609892371650076,-0.22052049920629,-0.24214721204175,0.111826413234207,-0.116030798186895,-0.0723167841156322,0.0185955907677563
"16",0.11430432329816,0.173408618656818,0.0103559226372876,-0.00366948065507342,-0.00481550120229104,-0.0688093222079845,0.207831217063323,0.0543856918923815,0.0547258061602164,0.0979737611716303,-0.013243649201703,0.206784374990062,0.0234562549703591,-0.137092988318372,-0.0566986648947903,1,-0.105521756680616,-0.118665674397498,-0.0825902262143613,0.0832727450999498,0.0421728186473138,0.0440196401878068,-0.215770512519424,0.0600496406280807,0.0447384343509081,0.00292879738195048,-0.134313472915227,0.176008929819149,0.0788092354203702,0.0937263271626582,-0.0592858639405084,0.0590849892092751,-0.00416112543482243,0.131622435412015,0.0493243206208632,0.0728948008866407,-0.179747949852406,-0.0161105988409415,-0.0923299731860887,0.0451447759643551,-0.223755506116596,-0.236190173081778,-0.0202026254653532,-0.0458256851607154,-0.258829623502273,0.0264504613661942,-0.17587348829698,-0.0585301739815323,-0.0861770180550382,-0.0972764196546888,0.0658730786210025,0.114251803882634,-0.0790069660973365,0.0497186244244216,0.00534131587498767,-0.0982362504070366,0.0688221418029517,0.107322940296423
"17",0.261620282382424,0.206701987135101,-0.00833369540335675,-0.0875882745505431,0.0883245616411521,0.168171292335334,0.238318116357919,0.107015260209948,0.206164437372497,0.171287971360531,-0.0131022569099258,0.137306063686639,0.168293086561719,0.174495031667672,0.105136815407412,-0.105521756680616,1,0.22662596370571,-0.0238952641263936,0.10270960182844,0.123734221284252,0.266876044925364,-0.108739767018542,-0.236694740897164,-0.00063766018260292,-0.0944293441215964,0.266336000539021,-0.105337810914707,0.126213809780809,0.0375974575014431,0.160455884124416,0.138711771418112,0.018194221411079,0.0423718252788262,-0.0220299831237588,-0.115086512885871,0.0660573905715396,-0.0113762961644838,0.142637631041675,-0.0280283454982838,-0.115486181541505,0.00542214082403766,0.046943768393566,-0.142722697121811,0.00528038967866532,-0.0284756543014256,0.0335735611381078,-0.0620588500977163,0.265703107391768,0.193506409700151,0.0142846778067356,0.00562421834432962,0.0742032635400634,0.101983727629551,0.148794074167163,0.147327537809678,-0.184897671853622,-0.280018970323084
"18",0.287807284073366,0.0565016348444661,-0.0748250308663369,0.0347960477384671,0.108936031971212,0.0507556710435123,-0.106378379017198,0.216598638617963,0.0407641547269701,-0.00220943922579121,0.00160628462667103,0.105631807809055,-0.0491694264230071,0.417732878844311,-0.0634361730925027,-0.118665674397498,0.22662596370571,1,-0.117911650182897,0.13197379053984,0.165227187644006,0.0346748111752596,0.242840884182218,0.139149729895717,0.0933014287963331,-0.0284743672119122,0.0991181117399522,0.0493301546789983,-0.0584144340998246,-0.0961056869878514,0.0469419395272507,0.134178666637171,-0.163010428561258,0.0678906559454547,0.121751915713245,0.0702867698056503,0.233383729634515,-0.100271720676752,-0.0443452624388643,0.0378219323615546,-0.0534082746799869,-0.0264076854952862,0.09728088433285,0.0526937310383082,-0.166556911547071,-0.131072298844949,0.0249179173088478,-0.0515727307290811,-0.0137918934466067,0.295673795274448,0.0685643209588431,0.0301160839206462,0.00141119408362538,-0.0769599738084475,0.173964816302555,-0.0646721138384273,-0.0320175332047369,0.0599779418194094
"19",-0.274666258994131,0.0643407299591847,0.098150504118121,0.00778574869810167,0.013882757660623,-0.103246029182393,-0.0941862720836099,-0.078508120891511,-0.059367438578707,0.00799330334372481,0.0248474932968802,-0.141468137113048,-0.0162903362340517,-0.0617806172326412,-0.046942746017301,-0.0825902262143613,-0.0238952641263936,-0.117911650182897,1,-0.0908323867668985,0.143579028914398,-0.0739805025267642,0.014938115041357,-0.167717907708522,0.00174246576214052,-0.0398012078031268,-0.0805471166886292,0.0968655042323439,0.1183370100039,0.121346170614099,0.365057683067303,-0.0709077725758323,0.164098874822904,-0.119580902081728,-0.0291502441008262,0.0737560437713083,-0.164951745188444,-0.151028826661513,-0.0583484332723881,0.00936578308860882,0.108601082965995,-0.0142435226440386,-0.0589738485303924,0.0220306677681047,0.184668445704092,-0.0139280758102231,0.0492758173483015,0.19693432782827,0.094417776098951,-0.0110310765840414,0.034886095185819,-0.0865365303364949,-0.043172548956933,0.0136177879270881,-0.00306955520910648,0.0882595937242259,-0.0799044320572663,0.0155812733899761
"20",-0.00511242748630808,0.0628923614204791,-0.083023790626381,0.00716873333116125,-0.161195973568115,-0.0930296731171497,-0.165263592108788,0.055824031358328,-0.115733974207452,-0.146878529761501,0.0171537473620633,0.118522468718511,-0.0682855649100736,0.0341191965437828,-0.140287942023999,0.0832727450999498,0.10270960182844,0.13197379053984,-0.0908323867668985,1,-0.0449422503473617,-0.0896775521879825,0.0838911200822259,0.0127308767426308,0.0435659082940176,-0.110035179666078,0.216274542509247,0.0104288810121098,0.198070890982654,0.0053642052316607,0.246722376259425,0.277879846241827,-0.109562671016888,0.182641591411643,0.172658860957395,0.0470441903370155,0.0241345815127616,-0.107255025850715,0.104395021618322,0.0399341276501973,-0.160156179363759,-0.190444485175718,-0.0302226526079697,-0.0994023053958731,-0.296312960035921,-0.161102377296618,-0.192941173752921,-0.0261067579564982,0.0411880113932544,-0.00895454780979539,-0.0360443709255231,0.0323802849773566,-0.0891964647712882,0.0227552140438879,-0.119571273497779,-0.101449575331834,-0.00112234519786057,-0.237938828380324
"21",0.154585610294583,-0.00345341758881888,-0.0549314414437769,0.0978325476331212,-0.10852758683911,0.117416532626984,-0.119735329138071,0.0679324040348212,0.025833185778572,0.11377131613492,0.156615309173242,0.0462919266731178,0.101289579022717,0.114219969533217,0.153181274125747,0.0421728186473138,0.123734221284252,0.165227187644006,0.143579028914398,-0.0449422503473617,1,0.0802728001202193,0.115798958886588,0.00023548692485448,-0.0138043943893004,0.0623602279559999,0.0779165092815315,0.0642265590875381,0.148871366087307,-0.162546413487265,-0.0205987548209492,-0.102020958030431,-0.0391689957749202,0.141460309308934,-0.0716386281790822,0.0912024088623908,-0.0419525330206806,0.0113644747076607,-0.203311350999355,0.211089680548116,-0.00127711356417473,0.0271042398821714,0.00685569595198386,-0.152294543232984,-0.189297670751496,-0.0900074185685128,-0.038169767857465,0.0762553626617268,0.131976822064078,0.0768347402612776,0.0409871291350869,0.0772524139724127,0.0125002169851345,0.0441457546437359,0.186883274833504,0.012392082836745,0.0238041171037382,0.180864500255313
"22",0.225942186721078,0.220350972693452,0.0828261406198555,-0.0190821748419772,0.0917992534098204,0.17674623784008,0.168721476872307,-0.04468544348086,0.218973369467819,0.154318560355204,0.0887467000274971,0.184818020110716,0.226009262462087,0.0470043618730603,0.127150132132137,0.0440196401878068,0.266876044925364,0.0346748111752596,-0.0739805025267642,-0.0896775521879825,0.0802728001202193,1,-0.270303701156471,-0.254710815213328,-0.0153744918698507,0.160945186469593,0.0341369347217238,0.117822672773574,-0.189739259827436,-0.0129197765709374,-0.0666973135897976,0.00310161279271257,-0.022005706471605,0.182288744203028,-0.0111016167449604,-0.180513839529115,0.0226714319876815,-0.0341449647937382,0.128085353737888,0.0443040346324003,-0.0360749162733674,-0.0424546836353934,0.109928324959583,0.0254109494923177,0.0619559723592225,-0.0907497111390598,-0.0703985783720877,-0.190399830401963,0.110661551710008,-0.110578314416481,0.112637054579084,0.0194468717558207,-0.0211345296889419,-0.108932066560779,0.10073789034949,-0.0126889233593065,0.050577206314429,0.0159580624494275
"23",0.166672060900787,-0.235615996017028,0.0598339311462221,-0.091268562009748,-0.0457096346461265,-0.133705466607458,-0.125829992669692,0.150599333551465,0.1633899714185,0.0640959500454873,0.118616340773558,-0.0052919102205385,-0.238861350571756,0.217563488093477,-0.0726658132524838,-0.215770512519424,-0.108739767018542,0.242840884182218,0.014938115041357,0.0838911200822259,0.115798958886588,-0.270303701156471,1,0.316056741842034,-0.0969066033197027,-0.0530457807028601,0.0688748357574515,-0.0805945771023694,0.0827277809531011,-0.0706921555306009,-0.0362218179624377,0.0172142011073193,0.0181232593019741,0.0167008565957096,0.0577846443730099,0.136736809548557,0.113748669897221,-0.0139852786736969,0.0304008044291401,0.129775420438418,0.138731792026047,0.0995477309126174,-0.0293361384010619,-0.00892269634727376,-0.102048594231245,-0.219039392608261,-0.0350231094657515,-0.0204841172146248,0.0377342416124503,0.116941941207871,0.00787866249364136,0.0502060853057016,-0.00341517221111723,-0.0885748323561191,-0.0922328493538436,-0.134743784980502,0.00823404924442444,-0.0557208567106913
"24",0.14428332088545,0.0324981892322034,-0.0729726061957663,-0.0763402192081755,0.0085708285662389,0.0746478561554188,-0.158626202352953,0.172049483083819,0.0421575016747697,-0.0658960291531638,0.0348350349033725,0.205649471347888,-0.0427923306029695,-0.0133250437255099,-0.0624732654666395,0.0600496406280807,-0.236694740897164,0.139149729895717,-0.167717907708522,0.0127308767426308,0.00023548692485448,-0.254710815213328,0.316056741842034,1,-0.0772587732102963,-0.103519818927777,-0.120881739627541,-0.189843342049166,0.104639913279757,0.147791432571438,-0.0479611100699731,0.133449120678902,0.00171414163209509,0.109404700356309,0.0861750857190838,0.239873402838546,-0.10473813878052,0.0263266614098213,-0.0595401526192542,0.0335520293540304,0.00168983734995122,-0.0863456645025891,-0.0244673779240896,0.0638650292277742,-0.201790608857773,-0.0518991668575107,-0.158749343404187,-0.0490833952141412,-0.114559542160362,0.0495686278045724,-0.0423545713215957,-0.130190985577878,-0.0462344858982517,-0.0535241741928209,0.107394427763295,0.029728649126266,0.0226382838968009,0.0197616106717094
"25",-0.0726779455408939,-0.0892003869644021,0.194809641279169,0.0836231242065288,0.196327385876989,0.0996024095224191,-0.0211719095549876,0.0107774854447499,-0.00985125165506772,-0.153318991757102,0.0498803929777273,-0.0540988790306653,-0.0128764452474619,0.0576345715307431,0.0790962114656687,0.0447384343509081,-0.00063766018260292,0.0933014287963331,0.00174246576214052,0.0435659082940176,-0.0138043943893004,-0.0153744918698507,-0.0969066033197026,-0.0772587732102963,1,-0.0615020658767737,0.16770054889539,0.0373212101480804,-0.023184754547372,-0.0503445854092759,0.0444618570262125,0.0608168946861125,0.0627479769322117,0.0579788255015541,0.146565729266796,-0.0578296633416511,0.156647373167753,-0.0999929964125942,0.100474482255454,-0.0222004632940883,0.0334284847808938,0.199673687449032,0.0850262139974221,0.0316237487340779,0.0587817991382086,0.112567303235682,0.0451045145207889,-0.0442641135562555,-0.109817297438039,0.126281551172414,0.0292157558915783,0.0261464958518459,0.0326496433330159,0.0124287539340093,-0.00205032340776152,-0.191138171802105,0.200496738260541,-0.120060574066748
"26",-0.175651522500702,-0.196062544251049,0.0529228186303191,0.232598707292165,0.132244633302043,0.0273143076329355,-0.035058070382973,-0.0205271181028605,-0.0249317693716145,0.0960535597190676,0.115065514057687,-0.112312253440483,-0.111437978555331,0.0970742618216458,-0.00228895276398737,0.00292879738195048,-0.0944293441215964,-0.0284743672119122,-0.0398012078031268,-0.110035179666078,0.0623602279559999,0.160945186469593,-0.0530457807028601,-0.103519818927777,-0.0615020658767737,1,0.0109666481855771,-0.0300875891751064,-0.201256867222026,-0.104146291385993,-0.162108950080475,-0.0448693146783289,-0.0868126648086951,0.00034303060823138,-0.0646082092630256,-0.096164868141767,0.0981078456333971,0.071350395101927,0.0601606742283286,-0.00330096466671808,0.0306522645494934,0.0456072778140767,-0.11372365666178,0.027584497368341,0.079895525606071,0.0880053109558985,-0.0871487048713273,-0.109470422001681,0.12419307955095,-0.00922917429300634,0.0516269626851727,-0.0993378511407468,0.120824196957933,0.0624398525443666,-0.100932797897663,0.0723483394593361,0.222045836541538,-0.00989714936796123
"27",0.0961195755500217,0.0835022900991335,-0.0103891125021815,0.0682098201690607,-0.09702281113027,0.0377776109304,-0.0294081708714461,0.111940480763904,-0.0620779202160441,-0.189442879976618,0.148784808379408,0.0127745940772052,0.0395757949620679,0.200203093318401,0.059202877895092,-0.134313472915227,0.266336000539021,0.0991181117399522,-0.0805471166886292,0.216274542509247,0.0779165092815315,0.0341369347217238,0.0688748357574515,-0.120881739627541,0.16770054889539,0.0109666481855771,1,-0.0575216959723313,0.0212878433767958,-0.0867195837234147,0.120716709367919,0.0251608340964743,-0.0205161698543613,-0.102820463670277,0.00162755699173865,-0.219875502500063,0.268877719321809,0.227152836976582,0.201010745886654,0.0780775064664411,0.00669704496399459,0.0267578611499563,-0.0599590050252202,0.0150405943144394,0.0169716348324131,0.0446917803286097,-0.0165084527014687,-0.0556890818979092,-0.0346669307726364,0.0815446344658845,-0.174256778167366,-0.0678026712899071,0.154681051016606,0.104728015755035,0.00869315322785729,0.214347045223881,-0.172776748520253,-0.28370694242809
"28",0.00467305684519984,0.107208527573699,0.161785898527848,0.0567364424078686,0.0659260983677787,-0.0188000743477197,-0.050063686519944,-0.088745897602172,-0.0422673450828473,-0.0208581341877178,-0.117944961220564,0.08446283279569,0.00927040394418394,-0.11945873128239,0.0869208356564371,0.176008929819149,-0.105337810914707,0.0493301546789983,0.0968655042323439,0.0104288810121098,0.0642265590875381,0.117822672773574,-0.0805945771023694,-0.189843342049166,0.0373212101480804,-0.0300875891751065,-0.0575216959723313,1,-0.0256758131783485,0.0907460601260189,0.0924012550005878,0.0168786981145904,0.0212723365004626,0.0736649501870383,-0.115136016102495,-0.00889096427961715,0.0738909926905614,0.00029787091116651,-0.096616985758648,0.203102408811122,0.122098002097636,-0.0197567976221803,0.087689553823841,0.0980831069057187,0.0493358481400521,-0.0312987465224558,0.133056335591386,0.110326437040211,-0.151264292223901,-0.0764601159985033,-0.0378924640026803,0.0962399171543832,-0.0477523740467644,-0.134848276810426,0.0548063886056551,-0.180108378579277,0.100872281398962,0.0601870808458148
"29",0.0353257900609703,0.11551769931479,0.0152151966753349,-0.172496833043813,-0.11130815754446,0.0807282279472913,0.114916613971001,0.245688822058263,0.206840452639323,0.0257645387300707,0.0407515434219211,0.159952748738039,-0.0201978137188696,-0.00521735083523972,0.0864435038129863,0.0788092354203702,0.126213809780809,-0.0584144340998246,0.1183370100039,0.198070890982654,0.148871366087307,-0.189739259827436,0.0827277809531011,0.104639913279757,-0.023184754547372,-0.201256867222026,0.0212878433767958,-0.0256758131783485,1,0.20566304377949,0.257726715795613,0.0634973567034437,-0.00951219214801795,0.095789045085719,-0.025717860377343,0.0143982574343091,0.043449449315884,0.123169038863292,0.0656293172379401,0.190197069562639,-0.0178764408380509,-0.102499347520083,0.0417681752375863,-0.0232965561337004,-0.0694811444186661,-0.125412024025625,-0.0572996946186649,0.0070908382127295,0.0957676339954395,0.0271113221661936,0.110259369385944,0.1144817532634,-0.128883546289729,-0.0577966650415833,0.0840390769245117,-0.017272539968894,-0.0587053518371745,-0.0281960767805222
"30",0.113909914070215,0.294114853189656,0.176682643326171,0.00127461917616709,0.0343146022987498,-0.0265514187483221,0.0526845113239642,-0.0728702771904403,-0.00157536045109803,-0.00443938408646742,0.0531087445181893,0.0379724019731259,0.110657648066102,-0.196212606079173,0.116175012645954,0.0937263271626582,0.0375974575014431,-0.0961056869878514,0.121346170614098,0.0053642052316607,-0.162546413487265,-0.0129197765709374,-0.0706921555306009,0.147791432571438,-0.0503445854092759,-0.104146291385993,-0.0867195837234147,0.0907460601260189,0.20566304377949,1,0.358840928244568,-0.0347161058599504,0.20380287872579,-0.00564003654879792,-0.295121737953653,-0.136335689105365,-0.144683825224512,0.0863804178868682,0.00874387964471321,0.0871988059707817,0.0147667764432276,0.030463939007238,-0.10391579177817,0.106267513932076,-0.163086487243919,-0.0687463976154763,0.035770925792473,-0.0768000833990775,-0.064081823810577,-0.151629999209486,0.103903485988231,-0.0576617722807763,0.0840573857127945,-0.0927804573560826,0.0417326519198527,-0.0622926380785062,0.0315150065519487,-0.0518019676647687
"31",-0.00384598342641085,0.273913210587988,0.118423135420187,-0.152110008625467,-0.058669846656705,0.023655689162847,-0.03938116344455,0.11700219521147,-0.0454353059564282,-0.221603085201123,0.0161901963094714,0.0541025121707704,0.0289740674553393,-0.013651580331929,-0.0668653532627836,-0.0592858639405084,0.160455884124416,0.0469419395272507,0.365057683067303,0.246722376259425,-0.0205987548209492,-0.0666973135897976,-0.0362218179624377,-0.0479611100699731,0.0444618570262125,-0.162108950080475,0.120716709367919,0.0924012550005878,0.257726715795613,0.358840928244568,1,-0.0133277146325535,0.090956696986086,0.10438630367897,-0.0901511788051564,-0.0325483756048645,-0.0426099215298636,-0.0813043825103571,0.0684971755293203,0.0699783887716706,0.0718592944134163,-0.130669689913644,-0.123427074330456,0.0325369717410257,-0.00364820418314174,0.0151873374526994,0.073857065300767,0.0126124013384594,-0.0561298791869617,-0.0385011403150476,0.0726358815815912,-0.0837961258096188,0.0219630751689111,0.0442912173567819,-0.0771549062083934,-0.00685184876400894,-0.138860661976588,-0.0850655150261117
"32",0.00606908287292425,0.0699420712418709,0.0982327372240131,-0.100144375821633,0.0484665228366671,-0.0505760918193694,0.195769456540016,0.0892782957966888,-0.00449049035056305,-0.0701882072009165,-0.114613346898907,0.188864088303131,-0.0233803809394426,0.106489091701252,-0.0207028048213509,0.0590849892092751,0.138711771418112,0.134178666637171,-0.0709077725758323,0.277879846241826,-0.102020958030431,0.00310161279271257,0.0172142011073193,0.133449120678902,0.0608168946861125,-0.0448693146783289,0.0251608340964743,0.0168786981145904,0.0634973567034437,-0.0347161058599504,-0.0133277146325535,1,-0.0140635008712904,0.146570050372818,0.219210158453309,-0.0160370515283248,0.047524639377943,0.0149657088474459,0.0366526150379194,-0.00200158492946624,-0.102286805217918,-0.0421416619020795,0.092421641869835,-0.0777781040842962,-0.0998820998274358,-0.08578274707181,-0.142189032715219,-0.0378832561923826,0.0953188847954422,0.136915296149493,-0.103006955099691,0.0740842755525018,0.0165114831450528,-0.00471220102452437,-0.0729809483356303,0.192381021901155,-0.0445344077998505,-0.143301384659938
"33",0.047287228160846,0.0219413516461718,0.195949008399514,0.339153332909144,-0.0803553378168826,-0.150754167536662,0.019549944152309,0.0526383829642991,0.0328868315924121,0.168027147365219,0.0990354111826529,0.0696261397344966,0.118690912850484,-0.031897962858024,0.0404715941978387,-0.00416112543482243,0.018194221411079,-0.163010428561258,0.164098874822904,-0.109562671016887,-0.0391689957749202,-0.022005706471605,0.0181232593019741,0.00171414163209509,0.0627479769322117,-0.0868126648086951,-0.0205161698543613,0.0212723365004626,-0.00951219214801795,0.20380287872579,0.090956696986086,-0.0140635008712904,1,0.108675843159638,-0.0747988458708488,0.0513077031367426,-0.0348817076644515,0.198401658451362,-0.123321197826886,0.116124487335828,-0.0424539755505299,0.128494963496715,-0.124816012318749,-0.098805661004714,0.0706836664301825,-0.07338923905181,0.13352977700094,0.206611686111895,0.0581942669161306,0.019610570129181,-0.064620559328541,-0.022369432298274,0.16946167503131,0.115923889269925,-0.166808591959504,0.0553420617443997,0.046835789955393,-0.170135046826669
"34",0.0824569150843798,0.150850105758609,0.15283472788015,0.14471931841817,0.135437771563724,0.0660123744177171,0.12302895691256,0.0968813937187106,0.0778907930723657,0.115569500098964,0.126869363393824,0.396624425595415,0.10227706271355,0.187260720746305,-0.0334283351470343,0.131622435412015,0.0423718252788262,0.0678906559454547,-0.119580902081728,0.182641591411643,0.141460309308934,0.182288744203028,0.0167008565957096,0.109404700356309,0.0579788255015541,0.00034303060823138,-0.102820463670277,0.0736649501870383,0.095789045085719,-0.00564003654879792,0.10438630367897,0.146570050372818,0.108675843159638,1,0.145612200162047,-0.0140411483235538,0.00321112269370607,-0.0710842715339073,0.170341650596621,0.307763693035985,-0.0633666836039371,0.0267479554367464,-0.0393732044476053,-0.0191899960547637,-0.268082685426605,-0.210863395586441,-0.111702306500296,0.0143847673726463,0.129589865762679,0.00460776412804208,0.0929529666979263,-0.00404175987724893,-0.0830080492360111,-0.0964471456177898,0.0329079505501622,-0.136983986026185,0.0211018253970674,-0.0108360480292274
"35",-0.0946785061282057,0.0167924676195326,0.0380239283416791,0.017865398730803,-0.134876825406954,-0.0547311840196962,0.0721775581695151,0.0698499571956403,-0.0158019610124571,0.0755236885560365,-0.0904083803056269,0.0379611344484296,-0.036981615570385,0.0924745561030033,-0.0595484212455976,0.0493243206208632,-0.0220299831237588,0.121751915713245,-0.0291502441008262,0.172658860957395,-0.0716386281790822,-0.0111016167449604,0.0577846443730099,0.0861750857190839,0.146565729266796,-0.0646082092630256,0.00162755699173865,-0.115136016102495,-0.025717860377343,-0.295121737953653,-0.0901511788051564,0.219210158453309,-0.0747988458708488,0.145612200162047,1,0.124797565699105,0.37367085397709,0.0967689049454469,0.0789732984538676,-0.0239169235765016,0.044589347826128,-0.0904156935098461,0.0589488810306944,0.0122915374903867,-0.0419331187339176,-0.0407755322838777,-0.281643295096463,-0.0609957142632711,0.174371586578878,0.07157258217106,-0.0945605254568149,-0.0334907274351687,-0.052528378509898,0.201031285380669,-0.0295434595899353,-0.0165171019951452,-0.059594027270469,0.0868041700431896
