"","l_Insular.Cortex","r_Insular.Cortex","l_Amygdal.Area","r_Amygdal.Area","l_Bed.Nucleus.of.the.Stria.Terminalis","r_Bed.Nucleus.of.the.Stria.Terminalis","l_Hippocampus","r_Hippocampus","l_Orbitofrontal.cortex","r_Orbitofrontal.cortex","l_Entorhinal.Cortex","r_Entorhinal.Cortex","l_Frontal.Association.Cortex","r_Frontal.Association.Cortex","l_Globus.Pallidus","r_Globus.Pallidus","l_Glomerular.Layer.of.the.Accessory.Olfactory.Bulb","r_Glomerular.Layer.of.the.Accessory.Olfactory.Bulb","l_Glomerular.Layer.of.the.Olfactory.Bulb","r_Glomerular.Layer.of.the.Olfactory.Bulb","l_Granule.Cell.Level.of.the.Cerebellum","r_Granule.Cell.Level.of.the.Cerebellum","l_Hypothalamic.Region","r_Hypothalamic.Region","l_Entorhinal.Cortex","r_Entorhinal.Cortex","l_Vermix.Molecular.Layer.of.the.Cerebellum","r_Vermix.Molecular.Layer.of.the.Cerebellum","l_Lateral.Molecular.Layer.of.the.Cerebellum","r_Lateral.Molecular.Layer.of.the.Cerebellum","l_Anterior.Olfactory.Bulb","r_Anterior.Olfactory.Bulb","l_Posterior.Olfactory.Bulb","r_Posterior.Olfactory.Bulb","l_Subiculum","r_Subiculum","l_Perirhinal.Area","r_Perirhinal.Area","l_PreLimbic.System","r_PreLimbic.System","l_Primary.Cingular.Cortex","r_Primary.Cingular.Cortex","l_Primary.Motor.Cortex","r_Primary.Motor.Cortex","l_Retrosplenial.Cortex","r_Retrosplenial.Cortex","l_Secondary.Cingular.Cortex","r_Secondary.Cingular.Cortex","l_Secondary.Motor.Cortex","r_Secondary.Motor.Cortex","l_Striatum","r_Striatum","l_Ventral.Tegmental.Area","r_Ventral.Tegmental.Area","l_Substantia.Nigra","r_Substantia.Nigra","l_Thalamus","r_Thalamus"
"1",1,0.368597708320152,0.0774422408693925,0.131091907358769,0.106455662391819,0.085692961101282,0.150467141051233,0.132861105718346,0.356724220406101,0.204581743871949,0.218217680176132,0.228529001266645,0.343699808723454,0.0206373299004696,0.0742375420488457,-0.0182156152623978,0.202367919469768,0.0527630914275187,0.0579784200304211,0.0335930173981872,0.108559600312269,0.243357542464596,0.0516743941139113,-0.117708748703038,0.0514005508058342,0.0299794543469542,0.0533956744475212,-0.0356913756068811,0.110263508948971,-0.0367430473189097,0.0890061930010413,0.105720789790801,-0.00716534981223378,-0.0802616340353161,0.12694543670926,0.0741957033822124,0.0100607904390913,-0.042374272621512,-0.0558552367302025,-0.0167066749043971,-0.151429334926627,-0.160010631227159,-0.00174968043703479,-0.0746877279236788,0.168983961430329,0.239833448127276,-0.200966151133565,-0.235649750594882,0.133502752773668,-0.236817649813094,0.114454865997827,0.181577770500263,-0.0346940673737117,0.173201751850168,0.0241896101159923,0.0473899383993434,0.0358697432706436,0.0636542822285701
"2",0.368597708320152,1,0.165751499002059,0.0446400117030842,0.250276711405557,-0.00276172517613965,0.105930748245922,0.114586376524123,0.389142702359124,0.362245746556556,0.239528956989658,0.35359851083319,0.149981487054446,0.155377821480962,0.176319623979439,-0.00299465784381055,0.20719194916987,0.170805399558043,0.0877812209596781,0.107402983305334,0.20634515905549,0.117054863196439,-0.0213826513209235,0.0294620994217543,0.0875909700838338,0.0089760612291184,0.178481671145101,-0.0571536607536641,0.419798769859713,0.171814765539711,0.137903149440166,0.0609327783561575,0.125622865652148,0.0870238321777113,0.013567279403705,0.217405618675609,0.0857525537929295,0.172579280645506,0.0509954117526608,0.0417061886680938,-0.132357336304159,-0.211633832672194,0.208168671071873,0.0547119432423492,-0.0306585689141439,-0.0191904147853838,-0.175463086451758,-0.2032382616456,0.0418265213289984,0.0116114879138757,0.0715660929570582,0.0676379466413413,0.166944501127403,0.158504512714971,-0.0166795956843537,-0.0716621764214582,0.0971504889059725,0.0254015777824778
"3",0.0774422408693925,0.165751499002059,1,0.274013857000821,0.155544900314911,0.0246175950299176,0.00470375411324125,-0.00271301595058935,0.0347701872239009,0.0738628190838087,0.155116486888518,0.12608458581575,0.103426020731921,0.0905281801823264,0.229808955032012,0.0528856839999646,0.275437748744354,0.208902846589223,0.0412028538160128,-0.0355032035675353,-0.0261865429123854,-0.0408862293448988,-0.102917748493662,-0.148055642505733,0.168181898699486,-0.0415159314053202,0.147337384167815,-0.14211847001362,0.19088225890651,-0.00733571265514728,0.0053749963188293,0.0400016608646579,-0.0303678101444802,0.174932110891075,-0.0107483473034991,0.0270317512700106,0.0943515754554307,0.103938351684328,0.159300697302033,0.191347334126937,-0.111352602382845,-0.08637265089062,-0.169800751053067,0.139597683184577,-0.136876696531803,-0.127832436205711,-0.227210252349873,0.00663945349278919,0.235702975902087,-0.00435843140333461,-0.0257646696474016,0.043785444283308,0.130044990574034,-0.00110286675509386,0.00455259569509828,-0.0822073833676531,0.189287263834777,-0.0455048097963302
"4",0.131091907358769,0.0446400117030842,0.274013857000821,1,-0.0388060170836626,0.121563300585187,0.073271659729399,-0.0189695512338162,0.0776450130642657,0.10257858855354,0.121295212888021,0.059442225190646,0.035182535276462,-0.024031683705296,0.163011886281117,-0.0359201867287297,0.161332754911781,0.18479767985003,-0.0892261254220839,0.0607482755802764,0.166042813978413,-0.00122142693877866,0.127431343549429,0.102143955572722,-0.0798581711326451,0.0830947019440302,0.0317086594022717,-0.030565356712182,0.0103245827901454,0.0867547933677603,-0.0327731416935306,0.049012576404609,-0.117766582083465,0.00926110884248344,0.267559564287909,0.0221541598833987,0.151786527098217,0.0490455299663859,-0.127220270010383,0.0630607427851163,-0.222506563373774,-0.0359795981279646,0.00871762927502123,0.109330735640336,-0.18722041348289,-0.111784122136249,-0.202911096836042,-0.133196724074482,0.0284492380821073,-0.0312694994382205,0.128900567317489,0.186634298406979,0.0540518220664296,0.0261011306073127,0.177103157792987,0.129099219560309,0.0996557655849343,0.0052971804520095
"5",0.106455662391819,0.250276711405557,0.155544900314911,-0.0388060170836626,1,0.00990818133136089,-0.00741186230735687,-0.0211253628790341,0.113490694821785,0.145591888203075,-0.0877198690733826,0.108692608324688,-0.0509045746705132,-0.0154470845413327,0.105041939871619,-0.101776554150365,0.0772654870508973,0.00102219330402232,-0.090693539892241,-0.00981635516373331,-0.0871481831994586,0.0962244421020626,-0.217702458875052,-0.210256240705444,-0.0722308705627376,0.0123464607740959,0.289290255574431,0.0861494207624493,0.125696393428277,0.113850380575338,-0.0935400479470625,-0.0582127779524861,-0.0942253227055244,0.0981018687446671,-0.104269444232243,0.150385634583938,0.0180627065491459,0.0636714539588277,0.0177118909427099,0.0264959765055627,-0.101207981881021,-0.0736396526505507,0.16455934478097,0.0956709095796465,-0.099604378374758,-0.124860644659194,0.0395127537812924,0.0187228515265509,-0.00719734390268757,0.0147381310004664,0.228440474314643,-0.00345318669574967,0.0705759869427753,-0.0264436824855782,0.0573969870453754,-0.0828559115253905,0.040179939917516,0.10577930956452
"6",0.085692961101282,-0.00276172517613965,0.0246175950299176,0.121563300585187,0.00990818133136089,1,0.0251030794770292,-0.0618156823762119,0.105771737366111,-0.0730085627157557,-0.148540334010548,0.191527510373736,0.0724318161108921,0.0393671331084543,0.0105599953771922,0.00863025385609367,-0.0198068667476476,-0.0549874704346068,-0.0375807243449333,0.097252217262979,-0.0654080742428817,-0.0886401999658115,0.114218317109188,-0.011929332806994,0.0861781516460984,-0.139318342775247,-0.0469446625521792,0.0613387981922399,0.114239061243975,0.0425429980514426,0.138013039009206,0.0852107391916212,-0.0118619684343807,0.121898473628618,0.176730255294796,-0.207895814144749,0.174898547191482,-0.0835493828918385,0.0712620399435758,0.0113091569562853,-0.0566831666147999,0.0455941915841658,-0.101762209440535,-0.0587258510907782,-0.131354244282647,0.0281573705702891,-0.160021970468824,0.0592135749068234,0.018908105638401,0.0368309552530087,-0.145523574790942,0.134682078112933,0.247623545085559,0.245125396556416,0.0968472099166789,0.0681606497475665,0.190607472041961,0.389914744070571
"7",0.150467141051233,0.105930748245922,0.00470375411324125,0.073271659729399,-0.00741186230735687,0.0251030794770292,1,0.0455492296998129,0.316357284886234,0.303162276151594,0.137833700672917,0.104047014116237,0.0428809778313759,0.171708409404235,0.104043008087594,-0.0209999275310917,-0.0272896224351541,-0.0930202984135602,0.0206360317204151,0.156580006871384,0.255252696964022,0.0895273563482712,0.0574762623284164,0.16791131951029,-0.21357343967202,0.16606373892624,0.111880881740021,-0.0909387395275292,0.0883138029162046,0.0797631467343381,-0.115866905742666,-0.11175585720236,0.263125626308499,-0.104559746400163,0.436481716006063,0.0796459110926605,0.0786592221768729,0.0106184796585676,-0.115994712723725,-0.0973071968929123,-0.0877288928414079,-0.117192658278751,0.179348918198298,0.192098032353568,0.181564788664888,0.0992584430712836,-0.26165503866046,-0.220636658890531,0.09086812391687,0.0962018274882422,0.170635197728456,0.195907827645439,-0.00509940967834921,-0.231095848051459,-0.00125207696313278,-0.115429039306101,-0.0747903771338925,-0.117540929474833
"8",0.132861105718346,0.114586376524123,-0.00271301595058935,-0.0189695512338162,-0.0211253628790341,-0.0618156823762119,0.0455492296998129,1,0.152992300591352,0.351108172131423,0.0101310529879135,0.145428283902129,0.0667088640269884,0.14393101552217,0.0311972070089665,0.128795293837139,0.0278100790674502,0.0585714196966029,0.133584249691693,0.142477541411072,0.0725552602882794,-0.172838627402922,0.153944396308906,0.0935778463786683,0.11946311454217,0.156307883337399,0.104414589894907,0.0298997915364266,0.1604587492184,0.275435493773404,0.0654182462774609,0.044504654754281,0.0328843055798648,-0.0914051101149078,0.0385546724406495,0.290447219871016,0.0911862199872086,-0.0350302613445076,0.102377332184505,-0.0398975862722252,0.209447775969543,0.00326376746300676,-0.00673159476620322,0.0682120680421854,0.118646711216467,-0.0238792530841682,0.332436177110156,0.173403997494999,0.133216309197668,0.170092528408788,0.0332739876840529,0.0806090679702962,0.12081532216417,0.158045663234068,0.12060460431013,-0.0408817638311251,0.22153026146996,0.115459268785576
"9",0.356724220406101,0.389142702359124,0.0347701872239009,0.0776450130642657,0.113490694821785,0.105771737366111,0.316357284886234,0.152992300591352,1,0.543845735167363,0.232267862804272,0.241115477050002,0.21576019164691,-0.0497869472844333,0.0475146912688711,0.0548649331711739,-0.0816781180910312,-0.190519656180645,0.0569183003051897,0.122293089434288,0.134091035418708,0.327343636068807,0.0873066681888349,0.150276656180699,0.0232885002329339,-0.10206058669365,0.188123282023898,0.0234337876682414,0.101035571122452,0.173415667476296,0.0893936975170258,0.056394502881834,0.100093454795727,-0.240086160548076,0.296782327329824,0.25599067861753,0.148926372447919,0.0581506748573724,-0.30718207560905,-0.364519028426051,-0.409538619992295,-0.350610686357614,0.377938083937964,0.169951729251677,0.315684801702133,0.200910795853307,-0.137032874988838,-0.286040675845281,0.049177155111998,-0.0200525865815117,-0.123607405087647,-0.0210047140628213,0.0864437634688686,0.0460221929284714,-0.0102680487680202,-0.0414051178208194,0.0836745444525084,0.113758424327522
"10",0.204581743871949,0.362245746556556,0.0738628190838087,0.10257858855354,0.145591888203075,-0.0730085627157557,0.303162276151594,0.351108172131423,0.543845735167363,1,-0.0226285729887708,0.257712688360474,0.10944340748327,0.135363844908685,0.169775957253688,-0.0900663781098392,-0.0759084612707553,-0.140320452325651,0.157733511822646,0.0458035351081535,0.125802491344123,0.196560315331246,-0.0296129260842844,0.067840334806807,-0.0395475738673977,0.163099099770782,0.142837443081654,0.0731283060162481,0.149563371064988,0.185894838811466,0.0615654214118512,-0.0468098988763668,0.0402351311041459,-0.154190404384505,0.159965414768743,0.358577890179708,0.108595977144684,0.0560782682442843,-0.285368343247265,-0.306354913720664,-0.184951388441429,-0.325663628991957,0.362878070004535,0.335213614770831,0.203358428896566,0.0361650439082188,0.0537323360664094,-0.161638246479387,0.0543841777530143,0.101722838294137,0.0286388094032673,-0.0272909653433162,0.103317131381013,-0.0175464386750302,-0.036420205085505,-0.105657364413075,0.231659178783887,0.0103623626158831
"11",0.218217680176132,0.239528956989658,0.155116486888518,0.121295212888021,-0.0877198690733826,-0.148540334010548,0.137833700672917,0.0101310529879135,0.232267862804272,-0.0226285729887708,1,0.135359837315984,0.0605749229764607,0.0940918092198996,0.154371676786473,0.0454391590757321,0.0957444837302422,0.170781603200613,-0.00747983736246495,0.0549649971246452,0.165405697004968,0.0907035011910989,0.113525677873005,0.135516085728371,0.0658960088622849,0.00076330069860103,0.0992527763359505,-0.0952792448055344,0.265585585567904,0.0601161692151753,-0.0015468932817016,0.0341527320537817,0.206233682017411,0.0243986880793492,0.13875000728301,-0.0183036639498186,0.0994772649033228,0.106388811987355,0.0366189226108829,0.108187049419278,-0.067470329236054,0.00726231655514559,0.105353444663066,0.0421652087007556,0.0610245033475837,0.103709639740556,0.0715591576913225,-0.0356376154707309,0.107709350065919,0.0274974271610008,0.00308709409812106,0.138176123249616,-0.131206759377831,-0.0769882097732473,-0.0856226087708752,-0.0502880496085368,-0.0922237588342699,-0.125222826365137
"12",0.228529001266645,0.35359851083319,0.12608458581575,0.0594422251906461,0.108692608324688,0.191527510373736,0.104047014116237,0.145428283902129,0.241115477050002,0.257712688360474,0.135359837315984,1,0.381382102013077,0.114746737747515,0.167748707383508,0.135547938022192,0.0360669432202262,0.157284150402436,0.078851273658112,-0.0358823472123688,0.0806918815957274,0.0902485593480277,0.146104069276981,-0.0282387470091207,0.103179769214123,-0.0499744640105667,0.178908549300352,0.128640022727211,0.222049800679656,0.0659485065292214,0.202624702640556,0.0311727554600248,0.182424302029315,0.189039489766034,0.2016746281471,0.1103165118897,0.239881919699777,0.0814592157005297,0.0360510702177377,0.0136830711670028,-0.16481436179443,-0.170846313604543,0.0578453092405952,0.0513476700821954,0.0976860371888812,0.187458149463083,-0.0499632293833503,-0.0288033336107915,0.0729325798829902,0.0434340305914259,-0.0237328111618361,0.0617391267166655,0.111965338389519,0.117226772531695,-0.11481655472876,0.0324805377920813,0.0781937467812191,-0.00515547249230139
"13",0.343699808723454,0.149981487054446,0.103426020731921,0.035182535276462,-0.0509045746705132,0.0724318161108921,0.0428809778313759,0.0667088640269884,0.21576019164691,0.10944340748327,0.0605749229764607,0.381382102013077,1,-0.0246406295627328,0.0003792308417281,0.287959366974741,0.303785949742801,-0.0118220986395616,-0.0372606334826834,-0.147072459919911,0.14793338482998,0.179043126714857,0.021389031368373,-0.058031904027016,0.0988293588973372,0.133062968538995,-0.00293650402719537,0.0542206954520826,0.0573440074861959,0.0320193516760499,-0.00814765038432239,0.0594894276946374,0.00165123038052605,0.0344970596858992,0.108720505618841,0.0530547915433164,0.179160839909167,0.117027714303779,-0.0101877107838597,-0.0214860308192302,-0.148909010674508,-0.186961715000089,-0.0355429263098323,0.0508573695060862,-0.00388683158914874,0.0829756725947263,-0.116750217631631,-0.123435599749881,0.513872300545228,-0.00091296729227838,0.00399153548359336,0.098896067742606,0.137871746143898,0.147482375881566,-0.00152513406531114,0.051755982729878,0.133547888377844,0.0788137452637863
"14",0.0206373299004696,0.155377821480962,0.0905281801823263,-0.024031683705296,-0.0154470845413327,0.0393671331084543,0.171708409404235,0.14393101552217,-0.0497869472844333,0.135363844908685,0.0940918092198996,0.114746737747515,-0.0246406295627328,1,0.311564737087716,-0.0662568669233474,0.0700031339054057,0.382992958957754,0.0704697011658942,0.16901497604595,-0.0810397573811153,-0.00474418337563564,0.239482378827026,0.0830455750057103,0.0714692050422558,0.248876683541392,0.185401494468211,-0.110383579063185,0.224365026329459,-0.0422898535616186,0.0374145508894523,-0.090682950797528,0.0955794775836115,0.0106217891454241,-0.0983801708816762,0.00897693648314659,-0.113393370979598,-0.0605832589453092,0.0881267684873133,0.105176026516047,-0.0171078099207959,0.050332488324813,0.0803117682173606,0.154112771744524,0.0266242796345919,-0.122725454792079,0.0459231417466337,0.0774225703294492,0.0925981425213155,0.564953361285157,0.232671035203783,0.258883900586855,0.107337362507379,-0.0642066161601501,0.0789065147228065,-0.117175998533267,-0.0269323064404872,0.0628321006385954
"15",0.0742375420488457,0.176319623979439,0.229808955032012,0.163011886281117,0.105041939871619,0.0105599953771922,0.104043008087594,0.0311972070089665,0.0475146912688711,0.169775957253688,0.154371676786473,0.167748707383508,0.0003792308417281,0.311564737087716,1,-0.0678421348476513,0.222928328109451,0.118338484925504,0.116896843929136,0.0102664369956197,0.0132897526525414,-0.128423167009914,0.0679343423128392,-0.0296422163499565,0.00769743511462097,0.175545099770772,-0.0756513393201282,-0.0459341361367966,0.106255640786658,-0.112260754262002,0.0670437708579856,-0.205100323048551,0.0147247139710188,0.0248683148980621,0.109924892937415,-0.0618818025394805,-0.0806996695288049,-0.0404300033670928,0.117101795071885,0.106093616287085,-0.042078670779222,-0.0715405817456357,-0.00460781950462797,-0.162581992917335,0.0259116941902831,-0.0131530378231074,0.038396188278628,-0.0163943054296074,0.0869018597885082,0.0867383658056516,0.0402535009685931,-0.0888740992570753,-0.0551288293175951,-0.0909114768178462,0.00604850946274338,0.0458904963441903,0.0656494227753799,0.0001958243502344
"16",-0.0182156152623978,-0.00299465784381055,0.0528856839999646,-0.0359201867287297,-0.101776554150365,0.00863025385609367,-0.0209999275310917,0.128795293837139,0.0548649331711739,-0.0900663781098392,0.0454391590757321,0.135547938022192,0.287959366974741,-0.0662568669233474,-0.0678421348476513,1,0.149549533918788,-0.028510421251771,-0.0998968269538189,0.0967803611433069,0.0148459521540817,-0.0766010371965589,0.0902851035869974,0.111074963843244,-0.0981100636515664,-0.127373011458896,0.0961893398143028,0.168977562031495,0.11569823855473,0.0121188683521056,-0.137287584136933,0.212129171219411,-0.046442307137787,0.101657349544497,0.217601637311643,0.0718110030420842,-0.0297622612430031,0.0944767813601423,-0.0407918208966374,0.0677985815128272,0.00355011804726101,-0.247655514897922,-0.0352265252968983,0.057819177591543,-0.049890754983475,-0.0350443828503115,0.02350024315858,-0.0125809128354085,0.175755492342687,-0.00830455235797938,0.0162158408766893,0.187030448497484,0.0958644865327104,-0.103849332372429,-0.0935636616479577,-0.00667012612915386,0.0355829550388033,-0.151183430152404
"17",0.202367919469768,0.20719194916987,0.275437748744354,0.161332754911781,0.0772654870508973,-0.0198068667476476,-0.0272896224351541,0.0278100790674502,-0.0816781180910312,-0.0759084612707553,0.0957444837302422,0.0360669432202262,0.303785949742801,0.0700031339054057,0.222928328109451,0.149549533918788,1,0.342534079680946,-0.0650041726216064,0.0281946538771925,0.188301276497495,-0.0730815338354342,-0.0625362319793271,-0.0191402361000592,0.0870346698588079,0.268815986640084,0.110592665621156,-0.102835862897973,0.186550912726206,0.145069346397348,-0.137652659132562,0.0412304802564468,-0.00329162572620685,0.167480129183323,-0.00379366149843962,-0.155653026174533,-0.00459029935023219,0.105870711349735,0.218969179581258,0.192167804078934,0.0307972720313731,-0.0560014873340521,-0.130324674427695,-0.0890042262122636,-0.421325496876721,-0.461179419935579,-0.0317617698717028,0.0313860506037335,0.218117379518324,-0.0626578632191843,0.159337084158009,0.1422845775761,-0.0162532416743558,0.0587356311015347,-0.136558294397554,-0.0414860524490774,0.158713614252585,0.030296312696391
"18",0.0527630914275187,0.170805399558043,0.208902846589223,0.18479767985003,0.00102219330402232,-0.0549874704346068,-0.0930202984135602,0.0585714196966029,-0.190519656180645,-0.140320452325651,0.170781603200613,0.157284150402436,-0.0118220986395616,0.382992958957754,0.118338484925504,-0.028510421251771,0.342534079680946,1,0.028855230558489,0.0335669270964379,0.0025392149740073,-0.0410686677962333,0.162530517093944,0.0504277486717478,0.0191185778731665,0.0638974660947825,0.162817813390054,-0.17716338049198,0.260722091793788,0.120537826380344,0.00770385939236739,0.0334883891796633,-0.0282368552652494,0.186645758395039,-0.158358482951375,-0.113721296246111,-0.0139909988945868,0.214851433433879,0.239051221331915,0.161953495959934,-0.0512758518517517,-0.0930563224492757,-0.0584771592154636,-0.115833929233022,-0.317409425784012,-0.144790642460347,-0.00300730267138153,-0.0869742576505364,0.0188614447414273,0.199840860875122,0.241915050695348,0.201992586363428,-0.195807990720776,0.0366444788767712,0.0173299838277954,-0.0451128612843996,-0.0762426422685877,-0.0244250587017234
"19",0.0579784200304211,0.0877812209596781,0.0412028538160128,-0.0892261254220839,-0.090693539892241,-0.0375807243449333,0.0206360317204151,0.133584249691693,0.0569183003051897,0.157733511822646,-0.00747983736246495,0.078851273658112,-0.0372606334826834,0.0704697011658942,0.116896843929136,-0.0998968269538189,-0.0650041726216064,0.028855230558489,1,0.0795190968171632,0.0739732266734727,-0.0827685354511981,-0.134686479191717,-0.101935538797316,0.106924454709886,-0.014492198019967,0.0235100477850113,0.0111761282454074,-0.0155712946473761,-0.0854519560964443,0.342860051467326,0.00309005973940536,0.223710868103254,-0.0769482062188953,0.0569590740794408,-0.00086531706325269,0.0183649761265657,-0.0818881940026116,0.117370975215215,-0.172699995177719,0.0217246386960313,-0.0392771829627678,-0.12999326712504,-0.0353060532381339,0.0819791862205589,0.286219295565836,0.128636510731917,0.0949715418889468,-0.0979153128617064,-0.0337397592093018,0.0106849941963712,-0.146586849735563,-0.00934632358861945,-0.10697450640791,0.20933346108724,0.101115769726214,0.0989053890501101,-0.0257630833435259
"20",0.0335930173981872,0.107402983305335,-0.0355032035675353,0.0607482755802764,-0.00981635516373331,0.097252217262979,0.156580006871384,0.142477541411071,0.122293089434288,0.0458035351081535,0.0549649971246452,-0.0358823472123688,-0.147072459919911,0.16901497604595,0.0102664369956197,0.0967803611433069,0.0281946538771925,0.0335669270964379,0.0795190968171632,1,0.149646035489886,-0.10740918635941,0.175771620112482,0.157557581792229,-0.0920057344911049,0.0847203515916059,0.0936873235717544,-0.0338089632266382,0.0260447112760209,0.02837544251881,0.213218731400933,0.315309256690113,-0.0471879783993818,-0.11577840655568,0.155567389187677,0.0670000003810998,-0.0685228416991122,-0.196408349863826,-0.0336531778338318,-0.0579843411847664,-0.0429414045022423,-0.0601152240780207,0.075606423445413,0.221734324252393,-0.00772868728320299,0.0149983235781085,-0.0707953143406563,0.0511745537062909,-0.0582482695863095,0.0306745363903537,-0.0149856461774511,0.0706078545315147,0.170771794605384,-0.0417425973055299,-0.0155435047002327,-0.187570513134744,-0.0549762799462105,-0.0435412660619963
"21",0.108559600312269,0.20634515905549,-0.0261865429123854,0.166042813978413,-0.0871481831994586,-0.0654080742428817,0.255252696964022,0.0725552602882794,0.134091035418708,0.125802491344123,0.165405697004968,0.0806918815957275,0.14793338482998,-0.0810397573811153,0.0132897526525414,0.0148459521540817,0.188301276497495,0.0025392149740073,0.0739732266734727,0.149646035489886,1,-0.057797693284397,-0.0129901733466109,0.0791199880790378,-0.135334708419259,0.140902056156568,0.0942317878308607,-0.0740532234790809,-0.0388516994339929,0.105116471005326,0.0893704630624096,0.0209591323113499,0.328924406624083,-0.0503934017552541,0.189332095073265,-0.0877513055399387,0.019716006103232,0.00196545437529026,-0.0380368030936667,-0.0163234266477452,-0.130339233817629,-0.0740392323903488,-0.00905369199833061,0.119825711378938,-0.0724874353872192,-0.136711245942883,-0.0133937663157999,-0.0519344277283296,0.137641296801432,-0.0959172088929094,0.102467631741608,0.145301451757711,0.0873598677710908,0.0315215571865715,-0.197605028558891,-0.141866274968378,0.0947058323091266,-0.0452411578235655
"22",0.243357542464596,0.117054863196439,-0.0408862293448988,-0.00122142693877866,0.0962244421020626,-0.0886401999658115,0.0895273563482712,-0.172838627402922,0.327343636068807,0.196560315331246,0.0907035011910989,0.0902485593480277,0.179043126714857,-0.00474418337563564,-0.128423167009914,-0.0766010371965589,-0.0730815338354342,-0.0410686677962333,-0.0827685354511981,-0.10740918635941,-0.057797693284397,1,-0.0506368914852385,-0.0462759978558971,-0.107129900975728,0.0630004536389756,0.0950405603409864,-0.106414512611163,-0.0890537996126985,-0.0418914557155892,-0.166876226448906,0.0835277038228464,0.0298438372192283,-0.0511044704298849,0.0307042582144023,-0.0977419103549216,0.16260756167868,-0.100075960584094,-0.171440382131368,-0.077333749138679,-0.238043265017662,-0.202889654046836,0.186825743986184,0.058137325084132,0.0471328806915762,0.15810657995246,-0.126407443390806,-0.109465562481563,-0.0671161898965435,-0.0908217376295062,0.102342246077514,-0.054683819135894,-0.155503989693795,0.00121433787155098,0.0237446459528525,0.011495652985299,-0.161915066661487,-0.089499532953523
"23",0.0516743941139113,-0.0213826513209235,-0.102917748493662,0.127431343549429,-0.217702458875052,0.114218317109188,0.0574762623284164,0.153944396308906,0.0873066681888349,-0.0296129260842844,0.113525677873005,0.146104069276981,0.021389031368373,0.239482378827026,0.0679343423128392,0.0902851035869974,-0.0625362319793271,0.162530517093944,-0.134686479191717,0.175771620112482,-0.0129901733466109,-0.0506368914852385,1,0.233570908203366,0.0816864147419311,0.0111050497980086,0.0271301569613138,0.186076323475573,0.135972042691139,-0.010336126825827,0.128560963826086,0.20694121819419,0.0446947258989047,0.0154117893549253,0.30847647877727,-0.0152212320515368,0.0168402311726766,0.158008412138355,0.0263998560982254,0.0413274127219377,0.0463327893879927,-0.00483517313094953,-0.0859771939760177,0.102825337674733,0.0326699554962786,-0.0725309585517767,0.0658550742472764,0.0792758978371206,-0.0155093976057992,0.12260455499609,0.0171315191371434,0.201622963637792,0.0170450281673719,0.0501258314317643,0.0177835901549131,0.104473599846061,-0.0147608326687662,0.0801724188989568
"24",-0.117708748703038,0.0294620994217543,-0.148055642505733,0.102143955572722,-0.210256240705444,-0.011929332806994,0.16791131951029,0.0935778463786683,0.150276656180699,0.067840334806807,0.135516085728371,-0.0282387470091207,-0.058031904027016,0.0830455750057103,-0.0296422163499565,0.111074963843244,-0.0191402361000592,0.0504277486717478,-0.101935538797316,0.157557581792229,0.0791199880790378,-0.0462759978558971,0.233570908203366,1,-0.0071162444289034,0.134299418196408,-0.170016603014261,-0.212559466812509,-0.0863336899876793,-0.0390765593917857,0.0595246012775786,0.180989069620072,-0.0277260220871546,-0.0269877267512758,0.255258008992556,0.139582377859314,0.0565303667468503,0.152761258195564,-0.101681758486019,-0.066631895741938,-0.0668643925547764,-0.0372615580776166,0.114516827157041,0.155269474551245,0.00939081191972354,0.0735058442181058,0.0433147755875328,-0.0789836737265349,-0.080710727537516,0.10094943783868,-0.0579156672738021,0.053151328293941,-0.0738795467108811,-0.163185281342417,-0.065159237856861,-0.00928586049959307,-0.0533209161309319,-0.251376338866969
"25",0.0514005508058342,0.0875909700838338,0.168181898699486,-0.0798581711326451,-0.0722308705627376,0.0861781516460984,-0.21357343967202,0.11946311454217,0.0232885002329339,-0.0395475738673977,0.0658960088622849,0.103179769214123,0.0988293588973372,0.0714692050422558,0.00769743511462097,-0.0981100636515664,0.0870346698588079,0.0191185778731665,0.106924454709886,-0.0920057344911049,-0.135334708419258,-0.107129900975728,0.0816864147419311,-0.0071162444289034,1,0.00771214526526832,-0.0884933041239004,-0.017770541911017,0.12973080876736,0.158258731394033,0.220571296914404,0.0701402163100975,-0.00772538612653607,0.112879440864902,-0.0164248641298848,0.0855149362441646,0.223315394575634,0.220589191871175,0.197995270771049,0.141784301510342,0.0864376938527629,0.0516314989778459,-0.155531867754626,0.0390344834939716,0.0894498466055082,0.0136922602630804,0.118572395249418,0.0782660695968256,0.035947322349399,0.0710013437483898,-0.0858335061405549,-0.0533674502791402,0.232980531527772,0.219145576412187,0.0452366075041758,0.0938047092098518,0.0796932249597265,0.200142005160537
"26",0.0299794543469542,0.0089760612291184,-0.0415159314053202,0.0830947019440302,0.0123464607740959,-0.139318342775247,0.16606373892624,0.156307883337399,-0.10206058669365,0.163099099770782,0.00076330069860103,-0.0499744640105667,0.133062968538995,0.248876683541392,0.175545099770772,-0.127373011458896,0.268815986640084,0.0638974660947825,-0.014492198019967,0.0847203515916059,0.140902056156568,0.0630004536389756,0.0111050497980086,0.134299418196408,0.00771214526526832,1,0.0648183035502457,-0.143490730420792,-0.153239014020495,0.027788998639513,0.132801215520294,-0.150336020688917,-0.0379641418690585,-0.100552036539051,-0.0858532626806174,0.118342461260334,-0.0391517422329142,0.00983336549163997,-0.0434019816910094,0.0185852375990566,-0.0259628091128266,0.10536978081913,-0.0658284475326111,0.0495556340918961,-0.00661968053487503,-0.0741246691328377,0.165648972899289,0.147135542997372,0.0843082890924898,0.187509546858803,0.1460512235935,-0.0302670376527846,-0.0411185554565789,-0.145831037341952,0.0610600364867974,-0.0611719301093715,0.0118026923700403,-0.0761577183606963
"27",0.0533956744475212,0.178481671145102,0.147337384167815,0.0317086594022717,0.289290255574431,-0.0469446625521792,0.111880881740021,0.104414589894907,0.188123282023898,0.142837443081654,0.0992527763359505,0.178908549300352,-0.00293650402719537,0.185401494468211,-0.0756513393201282,0.0961893398143028,0.110592665621156,0.162817813390054,0.0235100477850113,0.0936873235717544,0.0942317878308607,0.0950405603409864,0.0271301569613138,-0.170016603014261,-0.0884933041239004,0.0648183035502457,1,0.0929931688804152,0.332681463998129,0.142760908978473,0.00099681287423969,-0.024646733606443,0.309467888092504,0.123946460846134,0.0114795270460607,-0.014015234236161,0.0225067549428803,-0.117058974009279,0.130925838413711,0.133637235096959,-0.0643348440581141,0.0441421352722958,0.255622441165952,0.24301737232958,-0.0275770716350022,-0.115449621004847,-0.00716991330343156,0.175827162531019,0.100402726615559,0.292459102250273,0.271308475532996,0.150881022635949,0.0985707965863533,-0.141350077977627,0.0545936851396122,-0.0637651931988577,0.1774310537063,0.0634749217416116
"28",-0.0356913756068811,-0.0571536607536641,-0.14211847001362,-0.030565356712182,0.0861494207624493,0.0613387981922399,-0.0909387395275292,0.0298997915364266,0.0234337876682414,0.0731283060162481,-0.0952792448055344,0.128640022727211,0.0542206954520826,-0.110383579063185,-0.0459341361367966,0.168977562031495,-0.102835862897973,-0.17716338049198,0.0111761282454074,-0.0338089632266382,-0.0740532234790809,-0.106414512611163,0.186076323475573,-0.212559466812509,-0.017770541911017,-0.143490730420792,0.0929931688804152,1,0.0431127097388899,0.134748240293607,-0.035639464330034,-0.0698016949995703,-0.0469691032570914,0.150476572639049,0.0852557038515623,-0.0116553041446816,-0.0746651266079136,-0.0914119964887921,-0.140641690562022,-0.0917744622388598,0.0378091201179613,0.100759294318024,0.160427824554114,0.019783253807151,-0.105176705607425,-0.0934285664056786,0.0715258388769501,0.126896025730923,0.100109289798478,0.0931746564594761,0.0322194114729999,0.110253085970574,-0.0108034424709698,-0.169401268381177,-0.0541104257998697,0.0297057510213541,0.0879143365353511,0.186504733905458
"29",0.110263508948971,0.419798769859713,0.19088225890651,0.0103245827901454,0.125696393428277,0.114239061243975,0.0883138029162046,0.1604587492184,0.101035571122452,0.149563371064988,0.265585585567904,0.222049800679655,0.0573440074861959,0.224365026329459,0.106255640786658,0.11569823855473,0.186550912726206,0.260722091793788,-0.0155712946473761,0.0260447112760209,-0.0388516994339929,-0.0890537996126985,0.135972042691139,-0.0863336899876793,0.12973080876736,-0.153239014020495,0.332681463998129,0.0431127097388899,1,0.244968769879274,-0.0851889968577524,0.109097257549281,0.174198510412389,0.104378532113306,-0.0300011648733038,0.0566370227699851,0.115219852905162,0.184855848962941,0.192889800060469,0.16924275359059,0.10450394505309,-0.0572211924694579,0.255416954297063,0.222986341157049,-0.228237210399808,-0.263374151042212,-0.0517259084107686,0.0271484574948357,0.234602760067602,0.256769605786126,0.105848197838629,0.0988552944338672,0.0871151401901784,0.0506569696666945,-0.0561803837880727,-0.018939529510104,0.161463646057403,0.12801925360916
"30",-0.0367430473189097,0.171814765539711,-0.00733571265514728,0.0867547933677602,0.113850380575338,0.0425429980514426,0.0797631467343381,0.275435493773404,0.173415667476296,0.185894838811466,0.0601161692151753,0.0659485065292214,0.0320193516760499,-0.0422898535616186,-0.112260754262002,0.0121188683521056,0.145069346397348,0.120537826380344,-0.0854519560964443,0.02837544251881,0.105116471005326,-0.0418914557155892,-0.010336126825827,-0.0390765593917857,0.158258731394033,0.027788998639513,0.142760908978473,0.134748240293607,0.244968769879274,1,-0.113521122155782,-0.0950382209560151,0.0404997526697395,0.220561135573117,0.00340631192341431,0.0515357721672325,0.150105999682477,0.0789272894741975,0.141551393839694,0.117281032670158,0.0618341349573093,-0.0480016198931131,0.226016996757423,0.0350622864510467,-0.0896328728582474,-0.188676617722187,0.123076056628819,-0.00706382588204178,0.0507918965842191,0.0381084827789941,0.106639861149957,0.219629706556668,-0.0230996246352215,-0.0232091291523495,0.0697578221302336,-0.103374338238522,0.0819280533206447,0.144281363000654
"31",0.0890061930010412,0.137903149440166,0.0053749963188293,-0.0327731416935306,-0.0935400479470625,0.138013039009206,-0.115866905742666,0.0654182462774609,0.0893936975170258,0.0615654214118512,-0.0015468932817016,0.202624702640556,-0.00814765038432239,0.0374145508894523,0.0670437708579856,-0.137287584136933,-0.137652659132562,0.00770385939236739,0.342860051467326,0.213218731400933,0.0893704630624096,-0.166876226448906,0.128560963826086,0.0595246012775786,0.220571296914404,0.132801215520294,0.00099681287423969,-0.035639464330034,-0.0851889968577524,-0.113521122155782,1,0.135005728836613,0.0550580649058863,-0.0543597850780201,0.053568095808476,0.0547040166942189,0.126766421853199,0.0306233567808443,0.0742439143692407,-0.117587515732802,-0.0257703096376006,0.0137479054939597,-0.148597486504231,0.0510303465836261,0.0731698805491406,0.233549808723888,0.11247494621941,0.0267680056223836,-0.0851216917768564,-0.0515472417274475,-0.212736749186635,-0.0948992443190982,-0.00584843036302924,0.0812411435325274,0.058847551903662,0.153290719540716,0.0959669828612275,0.0430586648295924
"32",0.105720789790801,0.0609327783561575,0.0400016608646579,0.049012576404609,-0.0582127779524861,0.0852107391916212,-0.11175585720236,0.044504654754281,0.056394502881834,-0.0468098988763668,0.0341527320537817,0.0311727554600248,0.0594894276946374,-0.090682950797528,-0.205100323048551,0.212129171219411,0.0412304802564468,0.0334883891796633,0.00309005973940536,0.315309256690113,0.0209591323113499,0.0835277038228464,0.20694121819419,0.180989069620072,0.0701402163100975,-0.150336020688917,-0.024646733606443,-0.0698016949995703,0.109097257549281,-0.0950382209560151,0.135005728836613,1,0.016056777121373,0.130983959507345,0.185409521173701,-0.106773992824746,0.203474807797876,0.075359208075239,0.135477799918287,0.0945356188292765,0.0818270435184774,-0.121623607364875,0.00261420702925319,0.143226790279311,-0.147017667477031,-0.0323425692471299,-0.0476323260503941,0.0462593560923469,0.0948436725350843,-0.0604865310985139,0.0089648042909684,0.0588224606583949,0.0908398565439318,-0.00755727579267954,0.0227454253579068,0.0280348282338877,0.0470579353049416,-0.120413349728309
"33",-0.00716534981223378,0.125622865652148,-0.0303678101444802,-0.117766582083465,-0.0942253227055244,-0.0118619684343807,0.263125626308499,0.0328843055798648,0.100093454795727,0.0402351311041459,0.206233682017411,0.182424302029315,0.00165123038052605,0.0955794775836115,0.0147247139710188,-0.046442307137787,-0.00329162572620685,-0.0282368552652494,0.223710868103254,-0.0471879783993818,0.328924406624083,0.0298438372192283,0.0446947258989047,-0.0277260220871546,-0.00772538612653607,-0.0379641418690585,0.309467888092504,-0.0469691032570914,0.174198510412389,0.0404997526697395,0.0550580649058863,0.016056777121373,1,0.0950334422696477,0.061772249200241,-0.216476895901866,0.0787474185791372,-0.155221029240139,0.196451635083301,0.106761067275104,-0.0456054977242119,0.0441409502510327,0.0715487905746396,0.0378603904570122,0.123304981108966,-0.0212848052327861,0.0739023503492251,0.160164944893193,-0.034931129846298,0.122195348109331,0.120463346748394,0.181032206707348,0.101611852139547,-0.105682127202893,-0.0830577443818902,0.0775443535616712,-0.0502082427907852,-0.0572989124491772
"34",-0.0802616340353161,0.0870238321777113,0.174932110891075,0.00926110884248344,0.0981018687446671,0.121898473628618,-0.104559746400163,-0.0914051101149078,-0.240086160548076,-0.154190404384505,0.0243986880793492,0.189039489766034,0.0344970596858992,0.0106217891454241,0.0248683148980621,0.101657349544497,0.167480129183323,0.186645758395039,-0.0769482062188953,-0.11577840655568,-0.0503934017552541,-0.0511044704298849,0.0154117893549253,-0.0269877267512758,0.112879440864902,-0.100552036539051,0.123946460846134,0.150476572639049,0.104378532113306,0.220561135573117,-0.0543597850780201,0.130983959507345,0.0950334422696477,1,0.0592737587152166,-0.178074306324073,0.0744438442683377,0.00926431422404462,0.352390661086687,0.402738433115598,0.0873363433061042,0.0411515427086384,-0.0728512136626554,-0.0198068687337659,-0.203797541747364,-0.13395409002316,0.0950786969758498,0.0991073257461415,0.00695109104124164,0.0344407656533085,0.164098080653171,0.228960794783911,0.00675214657407762,0.00795472809154312,0.0804707089468861,0.00669873774861307,0.0254502191252472,0.0130796688872809
"35",0.12694543670926,0.013567279403705,-0.0107483473034991,0.267559564287909,-0.104269444232243,0.176730255294796,0.436481716006063,0.0385546724406495,0.296782327329824,0.159965414768743,0.13875000728301,0.2016746281471,0.108720505618841,-0.0983801708816762,0.109924892937415,0.217601637311643,-0.00379366149843962,-0.158358482951375,0.0569590740794408,0.155567389187677,0.189332095073265,0.0307042582144023,0.30847647877727,0.255258008992556,-0.0164248641298848,-0.0858532626806174,0.0114795270460607,0.0852557038515623,-0.0300011648733038,0.00340631192341431,0.053568095808476,0.185409521173701,0.061772249200241,0.0592737587152166,1,0.0954442470564794,0.335826837442084,0.0674795277126168,-0.131631603431388,0.0124125305177647,-0.14633648313497,-0.0243894963487807,0.0705522643306241,0.10198562969923,0.104928132200843,0.130786684429962,-0.137366835521555,-0.0984753979882755,0.0833427981415624,-0.115560131156777,-0.111566938836872,0.156470648597242,0.00880996648592553,0.0653677745827386,0.113097326373033,-0.0230936076494599,0.0102656445140363,0.0253867632394639
