"","l_Insular.Cortex","r_Insular.Cortex","l_Amygdal.Area","r_Amygdal.Area","l_Bed.Nucleus.of.the.Stria.Terminalis","r_Bed.Nucleus.of.the.Stria.Terminalis","l_Hippocampus","r_Hippocampus","l_Orbitofrontal.cortex","r_Orbitofrontal.cortex","l_Entorhinal.Cortex","r_Entorhinal.Cortex","l_Frontal.Association.Cortex","r_Frontal.Association.Cortex","l_Globus.Pallidus","r_Globus.Pallidus","l_Glomerular.Layer.of.the.Accessory.Olfactory.Bulb","r_Glomerular.Layer.of.the.Accessory.Olfactory.Bulb","l_Glomerular.Layer.of.the.Olfactory.Bulb","r_Glomerular.Layer.of.the.Olfactory.Bulb","l_Granule.Cell.Level.of.the.Cerebellum","r_Granule.Cell.Level.of.the.Cerebellum","l_Hypothalamic.Region","r_Hypothalamic.Region","l_Entorhinal.Cortex","r_Entorhinal.Cortex","l_Vermix.Molecular.Layer.of.the.Cerebellum","r_Vermix.Molecular.Layer.of.the.Cerebellum","l_Lateral.Molecular.Layer.of.the.Cerebellum","r_Lateral.Molecular.Layer.of.the.Cerebellum","l_Anterior.Olfactory.Bulb","r_Anterior.Olfactory.Bulb","l_Posterior.Olfactory.Bulb","r_Posterior.Olfactory.Bulb","l_Subiculum","r_Subiculum","l_Perirhinal.Area","r_Perirhinal.Area","l_PreLimbic.System","r_PreLimbic.System","l_Primary.Cingular.Cortex","r_Primary.Cingular.Cortex","l_Primary.Motor.Cortex","r_Primary.Motor.Cortex","l_Retrosplenial.Cortex","r_Retrosplenial.Cortex","l_Secondary.Cingular.Cortex","r_Secondary.Cingular.Cortex","l_Secondary.Motor.Cortex","r_Secondary.Motor.Cortex","l_Striatum","r_Striatum","l_Ventral.Tegmental.Area","r_Ventral.Tegmental.Area","l_Substantia.Nigra","r_Substantia.Nigra","l_Thalamus","r_Thalamus"
"1",1,0.284789332986644,-0.0296000295727138,0.00492323905623789,0.119719918105748,-0.180551579281436,-0.124059203616567,-0.0296128976237957,0.337660579195889,0.10066496010569,-0.106002323639593,0.0803475291244707,-0.0541629193767935,-0.238869081776448,-0.0157021839732598,0.0342728996043935,-0.156839214356765,-0.09530225339783,0.149835115019278,0.00279818837618126,-0.0437511710679648,0.165350920300088,-0.192642256415184,-0.200242450161226,0.0617869221036476,0.204145009618754,0.0344854426044701,0.0907661153726265,-0.0502677807981649,-0.124934654926316,0.196161598885368,-0.111196295842178,0.204850541836613,-0.164316996614985,0.26829227786957,-0.0222397837213132,0.116717409693367,-0.0228376527231512,-0.120405954876499,-0.0516188862921417,0.184557032239528,0.121960534490317,0.120901550253214,-0.010885385699439,0.195295948462469,0.0640602624939239,-0.147098634794217,-0.0799486669159497,-0.133786259713605,-0.1608075172681,0.0211763967531509,0.145425091395173,0.0952370079257431,-0.226157749149483,-0.0519747984378392,0.250909859955596,-0.227254293596995,-0.145455916181858
"2",0.284789332986644,1,0.093598233467963,0.0706334379626666,-0.0233082891133205,0.0650691781764625,-0.0271221109053746,-0.0480179076052503,0.191164943526038,0.205692241067537,0.168547809025549,0.0143056707957883,-0.0210972903591143,-0.128252669279333,-0.00104679693356025,-0.0132998231426353,0.00856092525869773,-0.0447135148696378,0.181690850635743,-0.0579743149766444,-0.0835904406563136,0.179369006903792,-0.204355079058713,-0.273010605116444,0.136954048579268,0.0286562233900268,0.0507709299907868,0.0883839895621903,-0.152951306070751,-0.0824731170484586,0.250742003814793,-0.0250660015327911,0.126636402309457,-0.0975338295288642,0.252201111897122,0.0761617110642628,0.0514746084729583,0.062923508801161,-0.167826216541893,-0.23529157162244,0.0658548586682632,0.0858969696669746,0.153890594586281,0.143473303222528,0.169098587281542,0.272032596549777,0.122475397377591,-0.149585328538848,-0.0705206018114604,-0.12504841690482,-0.0676931832048611,0.0659974764125558,-0.0807799086030438,0.0716322923433809,-0.166140454575659,0.0751485411116361,-0.043196553953545,-0.0824477446501167
"3",-0.0296000295727138,0.093598233467963,1,-0.0703249041101086,0.108316771651669,-0.00384670927703784,-0.22903939569841,0.111567023975788,0.0425362533337586,-0.0685080411521385,0.278391895076378,-0.00198726796544414,0.137061143198322,-0.0522624396844747,0.0773050896486803,-0.0480546905419992,0.0598309015612908,-0.0766047953031038,-0.0594471175832449,0.0953908338694847,0.121399643661432,0.0325577150094996,0.0374047201227667,0.122133986149345,0.162142333042552,-0.0291226523856965,0.105483456396816,-0.19162920621259,0.0167292705521659,-0.0460166246553245,-0.0184364428177382,0.119073313489222,0.0298505379117319,-0.0218898687542528,-0.024926593069262,0.00180633964341608,0.0589573363291668,0.0654273927464342,-0.0104486846335219,0.0325483493413481,0.0398619509053376,-0.0836567243054356,0.0689725021266851,0.138367617389322,-0.00385372302695281,-0.00370292769089487,0.0736883294533087,0.221055294685221,0.00554876126624008,-0.142627226813013,0.034304987811075,0.0116122081638726,-0.0965660470510909,0.0288376726381925,0.0619626784503627,0.0661859024733745,0.227799093597333,-0.142377005830059
"4",0.00492323905623789,0.0706334379626666,-0.0703249041101086,1,-0.0797400790607172,-0.0178129189068554,0.0753036389097537,-0.242904511863132,-0.0580237757402747,-0.137525441454064,0.09017395371775,0.137974942589333,0.0233711645748102,0.148957078816332,-0.219529974702676,0.129645644921573,-0.148323836392562,0.0320722193300207,0.0990391745690715,0.001302433174154,0.26411716462336,-0.07852831449196,-0.0813719375147765,-0.0040216325843944,-0.010138400033911,0.0239289640286667,0.117649012995862,0.091538796757293,0.0107258903903456,0.222302488553559,0.121926475031119,-0.0569880137163646,0.104442229288622,0.0108753024370374,-0.16101807139043,-0.0789724011346668,-0.0309665679862816,-0.104629969178929,0.195313453776569,0.168590478143393,-0.0304043783243561,-0.0447589921634506,-0.183648408254521,-0.0265776541756718,-0.0461204024351327,-0.0770057850146327,0.0119632436819452,-0.11391367373439,-0.185174915159335,0.153653420994451,0.0233867880630352,-0.0688963184584408,0.0886319539864246,0.0611180540993087,-0.0728632237258239,-0.00372266390198595,0.148724152260768,-0.0521930441195963
"5",0.119719918105748,-0.0233082891133205,0.108316771651669,-0.0797400790607172,1,-0.0637882315276178,-0.0100498111354714,0.119945388460927,0.0314124111438864,-0.185837463216862,-0.155381982533423,-0.00592033503774615,0.0805634198234307,-0.163539481425482,0.0545812669111394,-0.0822798784829468,0.288143073143689,-0.100885514998372,-0.0369038042147234,0.206847273937784,-0.165853107088117,0.0457821450561849,0.261727733428996,-0.0331203442331776,0.15480107615656,0.0735450089499363,-0.0581919424633584,0.00647632673287447,-0.166655607923541,-0.0855434617802447,-0.0126384405657195,0.0735323864058189,0.109434285251679,-0.0328320284315175,0.116205352028821,0.126212819348191,0.176670703586725,0.152125473354588,0.00159492017206649,0.0328823396900279,0.0925578721339451,0.0408130341965181,0.0400788711194249,0.017912507907587,0.112010179075969,0.0492222223871637,-0.0880032581492645,0.0268695770235316,0.025423032309062,-0.0996741079908403,0.0188819591198284,0.0988974735007681,0.225012945909789,0.141403415887082,-0.0853387161754455,0.0419397381188353,0.210878226629043,0.0905557572861327
"6",-0.180551579281436,0.0650691781764625,-0.00384670927703784,-0.0178129189068554,-0.0637882315276178,1,0.235436680980258,0.0219089990685793,-0.0303189928625202,0.0512440089529288,0.00557830493554434,-0.00677297656320452,0.0670538767370746,-0.170908003720246,0.0808156321059986,-0.0244689683072281,-0.088349843486481,-0.171994170379257,-0.142111943981627,-0.352748553152703,-0.0120058141127529,-0.00665749482951478,0.035891440474873,0.0317169644607234,-0.140312528143637,-0.0565639265035104,0.0160535131389931,-0.0134966265564726,0.127741734913711,-0.0411739513984071,-0.0174694360407971,-0.0483858496668855,0.124792327143563,0.0240887165798072,-0.0195964240645273,0.0346311136794562,-0.0937042886161307,-0.0332492660541274,-0.0417019703658473,-0.0119530498848076,-0.18072001314876,-0.0957375632294874,0.0200576725864873,0.132872212109292,-0.0993570371752956,0.0423900393168152,-0.133693539081207,0.11530502243499,0.0884086082700596,-0.0926246794012797,-0.216531652323327,0.0305474357559776,-0.129956921094541,-0.227814769120844,-0.176188260527908,0.00123020057434432,-0.10965710389032,0.130886490237743
"7",-0.124059203616567,-0.0271221109053746,-0.22903939569841,0.0753036389097537,-0.0100498111354714,0.235436680980258,1,0.249439831874933,-0.0537755460046362,0.0480984138717477,0.04838108946812,0.118223029402252,0.044175559570487,-0.0524698392161281,-0.172729919839608,0.0640352334339455,-0.0467138152703142,-0.177883581763104,-0.146075359026928,-0.144883647981696,0.00174412987234332,-0.090757329530221,-0.0152794296755082,-0.0529575009006207,-0.135720535246756,-0.151443576124885,-0.121078476451389,0.0447229539088855,0.025502453543855,-0.0885472060647775,-0.159401535017579,0.0376282831390595,-0.0152945342533299,-0.0847785182374367,0.303520363023709,0.199325686524495,-0.0485829247786,0.0174129481368194,0.259033322753334,-0.0232015115144087,0.0161665950326904,-0.00085864666112887,-0.097434904182781,-0.102060803619103,0.135481001006142,0.166676547692653,0.112198993321485,-0.143891190509881,-0.0499833254861588,-0.0380299809768381,-0.174443123791599,-0.166675322062561,0.0167517983452929,0.0472804033354511,-0.117062661830733,-0.00205072501258238,-0.0614744503161489,0.327055590284924
"8",-0.0296128976237957,-0.0480179076052503,0.111567023975788,-0.242904511863132,0.119945388460927,0.0219089990685793,0.249439831874933,1,0.0296110820471358,0.111538923643975,0.118025608122752,0.0979636773245421,-0.0545310762022988,-0.167640880143404,0.0125641355787343,0.139318460905808,-0.026076583437315,-0.0806727663747912,-0.123173521781059,-0.0162023386484633,0.0203201203534447,-0.00146889152533077,-0.0835306677066184,-0.0482517173499548,0.202300517760922,-0.119040881788901,-0.0511028878140904,-0.184746474955075,0.0769013992847139,-0.131688513091986,-0.0596247040685191,0.10918368215745,-0.0519879796656856,0.0506823001579017,0.306535143241174,0.324093708608168,0.0477011705516288,0.119716508046566,0.00418283937868065,-0.114399072511137,0.12759778364213,-0.0776859865244544,-0.0745774934194503,-0.128750731157067,0.236765018942454,0.0632203180188239,0.190031051754354,0.0998832759634517,-0.201904199329549,-0.151806362848829,0.041634682116329,0.174678658185126,-0.0607263270594521,0.124132868244411,-0.00292782335073458,0.00337708459020482,-0.168629415106035,0.158157202391582
"9",0.337660579195889,0.191164943526038,0.0425362533337586,-0.0580237757402747,0.0314124111438864,-0.0303189928625202,-0.0537755460046362,0.0296110820471358,1,0.222011425093137,0.0721785924163247,-0.0198750961860465,-0.0744729047977664,-0.215712313992313,-0.111359442519032,0.23171954274042,-0.122508546777153,0.0268066873425438,-0.0502210017878495,-0.0862501543717942,0.0636263734585884,0.159587340355757,0.0661381418720465,-0.193155785512198,0.24840716300435,0.129259684731311,-0.112595430512561,0.0341721582806721,-0.133574883284091,-0.114897119856305,0.0245423623166169,-0.136901137037708,0.00352492696789806,-0.138242222342291,0.0501980577644982,0.156348704706166,-0.0843128714394736,0.0466523315753168,0.0401960460536045,-0.0691952131418368,0.17732440549953,0.0230588501366184,0.0353490556022972,0.026050396371125,0.124862911633597,0.110367252677944,0.145709857565141,-0.008114599008526,-0.161721390793669,-0.191796596747481,-0.0215924809858391,0.0254327235765253,0.0834569133477727,-0.0555293797872337,-0.023847792179417,0.369174260302175,-0.00183754673036374,-0.0934113425263046
"10",0.10066496010569,0.205692241067537,-0.0685080411521385,-0.137525441454064,-0.185837463216862,0.0512440089529288,0.0480984138717477,0.111538923643975,0.222011425093137,1,-0.00490966258651848,-0.186502223773318,-0.17065186048505,-0.113801825181473,-0.105088876542192,0.0240928302898025,-0.0166187465832546,0.134257110835,-0.241774839301489,-0.213208447601364,0.210859238007323,0.186285060564849,-0.145393058805336,-0.103526566019049,-0.126482202021189,-0.138715118719767,0.0503955048077131,0.0403236487272262,-0.0264644783982707,-0.158213309673959,-0.210882200501996,0.0584669926935368,0.0778133061209087,-0.0270130521587516,0.102550229387961,0.101626086497943,-0.0648079437296743,-0.0484062793181299,-0.20372028548694,-0.099660531063316,0.104683884515087,0.0103601684023221,0.0655094476317933,0.194696582677553,0.123061726424556,0.129580285522064,0.196470454940651,0.0363828856468985,-0.117611387843269,-0.0494193889672295,0.0340488677303822,0.0705068605999775,-0.150819444540758,-0.0627110177739915,-0.112525690596586,0.0834676487686132,-0.215505121723823,0.0056765961920406
"11",-0.106002323639593,0.168547809025549,0.278391895076378,0.09017395371775,-0.155381982533423,0.00557830493554434,0.04838108946812,0.118025608122752,0.0721785924163247,-0.00490966258651848,1,-0.0489131100817793,-0.0401451451061236,0.0254217607005947,0.0596386337966339,-0.0652992606757717,-0.0533709139990272,-0.104966950486863,0.016378527315616,0.0668364404749841,0.257248288142152,0.0899737354014737,0.00265031066736721,0.0406884376159095,0.0238186419389177,0.084505118632579,0.054081330040765,0.0502429318808704,-0.0349461505046842,0.0304979842563765,-0.0499511576660894,0.144024996618944,-0.00456571882813745,-0.145197393331939,0.0665695131957021,0.120894712560948,-0.0923000939336118,0.0574638212291615,0.0666555671261657,-0.0880352146707115,-0.124535507609168,0.00344439720027536,0.0981334336341325,0.145337131018221,-0.14183436009441,-0.051328849200937,0.0453192970322041,-0.0416138021974358,-0.0174315406074775,-0.000803318987533,-0.161368221555476,-0.149267507848544,0.0283554115043341,-0.0638428637765825,0.0242947933535191,0.00373481669307302,0.0816501494455142,-0.0888207244582743
"12",0.0803475291244707,0.0143056707957883,-0.00198726796544414,0.137974942589333,-0.00592033503774615,-0.00677297656320452,0.118223029402252,0.0979636773245421,-0.0198750961860465,-0.186502223773318,-0.0489131100817793,1,0.0419809772988376,0.175360324763277,0.159248977660015,0.142623705611213,-0.00912408559841944,0.0677623265667684,0.160723789874872,0.0980425974174719,0.0647558709447063,0.100754119544674,-0.147190945342279,0.119060747206346,0.0835110448242978,-0.156878376833608,0.126749046287933,-0.146311893530269,-0.092644959283257,0.187892347585999,0.174823045555429,0.154370548358415,0.0654212360817757,0.21745445384533,0.160525467926876,0.118103387641482,0.189524207516816,-0.00847574946482266,0.105977191583591,0.0659686866694888,-0.222781530274411,-0.0362956728003709,0.0652125450910566,-0.0124480876161395,-0.00474588231305636,0.00318738719079054,-0.120349140253628,-0.191999161496733,-0.152058305646993,0.0501448684599549,0.189639880057677,0.0306558952984985,-0.0581181375460752,0.0304159827896311,-0.106483584762667,-0.0790310985686128,-0.0327029766314382,0.0587628298094281
"13",-0.0541629193767935,-0.0210972903591143,0.137061143198322,0.0233711645748102,0.0805634198234308,0.0670538767370746,0.044175559570487,-0.0545310762022988,-0.0744729047977664,-0.17065186048505,-0.0401451451061236,0.0419809772988376,1,0.005450591183535,0.0967890935305932,0.0586820177006454,0.336379479474512,-0.0632151096065096,0.117835742508455,0.175249775536204,0.115458190017069,0.0591394904615655,0.145028899264379,0.131502793763675,0.0974289670725194,0.0157360669352277,0.152777634487443,0.0775928657323213,0.0468179409456674,0.0602999271728708,0.0553227954324672,0.0836577108899029,-0.0852798715699862,0.0216519118302117,-0.0544612724212502,-0.144902216306589,0.0700322489949775,0.0932051404023391,-0.0218842353578683,0.123859567688854,-0.0896956183113568,-0.127391533176741,-0.192322919256718,-0.0575514761963675,-0.0201253620645855,-0.118986990789276,-0.116857797751217,0.0544133304626332,0.381423087799377,-0.0629528970539226,0.0133824934534502,0.0716365577710583,-0.0190964456219576,0.0519632883400525,0.0851393304962509,-0.0100211068610579,0.303960548792155,0.0944287912077757
"14",-0.238869081776448,-0.128252669279333,-0.0522624396844747,0.148957078816332,-0.163539481425482,-0.170908003720246,-0.0524698392161281,-0.167640880143404,-0.215712313992313,-0.113801825181473,0.0254217607005947,0.175360324763277,0.005450591183535,1,-0.0799937849469242,0.0630317727219434,-0.00376867651547877,0.48448776803472,0.0744387186134474,0.193379329332743,0.145336745778262,-0.169408804862761,-0.0810577499401771,0.245936233847194,-0.142959368359018,0.0261051418102731,0.126271580782487,-0.00231438063297078,0.0607119039377589,0.103630020959502,-0.107512262277674,0.0802570535308356,-0.129867336513961,0.210538466522626,-0.177592528353138,-0.121569417015978,0.0675443949192605,-0.0886072709259246,0.104564340276055,0.340170963546331,-0.339197192020214,-0.122111209079794,0.102363170390439,0.0884482625953896,-0.292143479578819,-0.248146250575854,-0.0962874644909494,-0.0523485260861875,-0.0509307443483657,0.774587880448115,0.130703477004546,0.0866828161474409,-0.009337014851857,0.244273882848233,0.0126158897127344,-0.145794173073729,0.0191886376048298,-0.0269577564892066
"15",-0.0157021839732598,-0.00104679693356025,0.0773050896486803,-0.219529974702676,0.0545812669111394,0.0808156321059986,-0.172729919839608,0.0125641355787343,-0.111359442519032,-0.105088876542192,0.0596386337966339,0.159248977660015,0.0967890935305932,-0.0799937849469242,1,-0.00297019004846508,0.168760499071122,-0.0222861599589456,0.210371602762237,0.195470267345064,0.0054168273224089,0.182516152127059,0.133521551077367,0.252146078219809,-0.0093581302708648,0.163228913714253,0.00076365373664419,-0.132980309916824,-0.0970429416732724,0.0079939215765182,0.160747262390589,0.28401698152875,0.0427139831864591,0.014984860302991,-0.0149862763207285,-0.142509369433272,0.177704252589688,0.127055196995519,-0.101824510614097,-0.0168145369869428,-0.241539535579699,0.0272517817632058,-0.0382432097955967,0.0281035167313685,-0.0173524927458716,0.0399056710319107,-0.140707480511224,0.139876496252873,0.150231843671314,-0.10337790635107,0.0958030685939569,0.126324946126873,-0.144818928774791,-0.166036490633387,-0.100204259029037,-0.127514736472886,-0.0641737449556291,0.063218166326743
"16",0.0342728996043935,-0.0132998231426353,-0.0480546905419992,0.129645644921573,-0.0822798784829468,-0.0244689683072281,0.0640352334339455,0.139318460905808,0.23171954274042,0.0240928302898025,-0.0652992606757717,0.142623705611213,0.0586820177006454,0.0630317727219434,-0.00297019004846508,1,-0.120026361755416,0.0560232068235814,-0.0219220768790502,0.0373596270319774,0.0412185043057217,-0.102732904487182,0.105506309855418,0.0407005207158533,-0.0116662107414742,0.124023226118904,0.0357826459271313,-0.0209739315194231,-0.0303638698235711,0.0544784507960112,0.120333738207292,-0.0178896974376794,-0.0552219441484043,-0.195049922116345,0.0127054496033941,-0.0319386330022486,-0.0646413261958514,-0.105103255206776,0.158484089341166,-0.0893042534010384,-0.0562802393867097,0.107840547007943,-0.295565233166185,-0.0555159436565478,0.20194447262143,0.110374456075024,0.136785950174204,-0.0194533162999328,-0.250902682698313,0.0104347450597487,0.151144910767959,0.218427767510652,-0.0444976998017636,0.0675619721061135,0.0787835324063667,0.034647356858018,-0.196285672177866,-0.0308671965917622
"17",-0.156839214356765,0.00856092525869773,0.0598309015612908,-0.148323836392562,0.288143073143689,-0.088349843486481,-0.0467138152703142,-0.026076583437315,-0.122508546777153,-0.0166187465832546,-0.0533709139990272,-0.00912408559841944,0.336379479474512,-0.00376867651547877,0.168760499071122,-0.120026361755416,1,0.0622692570269545,0.0356729677167145,0.239326318568429,-0.0804226257280416,0.104276886624429,0.204718942240514,0.209032627363584,-0.0774965030506938,0.119044667056991,0.0617000281219905,-0.0505808650940679,0.0319080468602252,0.077796039909408,-0.00862863149765632,0.339272063423148,-0.147507375858057,-0.0488019421993856,-0.00970501582545502,-0.0336120630757292,0.160357329947456,0.0746961086510619,0.0510163889356873,0.185865842847277,0.0271906103121683,-0.0598326418395567,-0.106751296862553,-0.0580930238604218,-0.0684549460681463,-0.0559255623522727,-0.0692515110602548,0.125243920561715,0.313221539522125,-0.056608509148794,0.0400696117250477,0.0334955132378178,0.0115705417111236,0.166982258820219,-0.0261087603781478,-0.142218434227581,0.209589331391091,0.0210306851765748
"18",-0.09530225339783,-0.0447135148696378,-0.0766047953031037,0.0320722193300207,-0.100885514998372,-0.171994170379257,-0.177883581763104,-0.0806727663747912,0.0268066873425438,0.134257110835,-0.104966950486863,0.0677623265667684,-0.0632151096065096,0.48448776803472,-0.0222861599589456,0.0560232068235814,0.0622692570269545,1,0.0634194823917355,0.189880685433828,-0.0615025785577419,0.0271245483435998,0.0309868790504486,0.256223053272399,-0.071065169051404,0.0708506815912908,-0.0990109518856589,-0.0264074410370794,0.144203705491547,-0.00717323477054088,-0.00679093724230299,0.159670798463026,-0.139716323241442,0.144731470667427,-0.0510430543463891,0.0271107312509235,0.183262626563347,-0.0571109385699526,-0.0211005547493429,0.189462981792768,-0.28551332677057,-0.125045152034723,0.0205362309375079,0.0901671584095405,-0.0747461537645841,-0.0970761278991129,0.0433212013148883,0.0683173817548465,-0.203775302684966,0.399980685656251,0.0347407073892834,0.0234874992988897,-0.0734861461446905,0.130145523724054,-0.00529572390287895,0.140649302063515,0.0819011595559052,-0.104492666039327
"19",0.149835115019278,0.181690850635743,-0.0594471175832449,0.0990391745690715,-0.0369038042147234,-0.142111943981627,-0.146075359026928,-0.123173521781059,-0.0502210017878495,-0.241774839301489,0.016378527315616,0.160723789874872,0.117835742508455,0.0744387186134474,0.210371602762237,-0.0219220768790502,0.0356729677167145,0.0634194823917355,1,0.306934541285262,-0.00810692190379859,0.0887317146236113,-0.00274399071942127,0.121610695102931,0.228845016612038,0.27917841029233,0.25569712444403,0.0359407141451316,-0.012060147484455,0.154241285369906,0.535836024851335,0.101213629108316,0.145175484145515,0.222067834414893,-0.0122373811943219,-0.166294959211177,0.141702962547623,-0.0501454197894013,-0.182781360328818,-0.0674161643557623,-0.0546418403007743,-0.00066933141254773,0.0846048674087347,-0.15355844427689,-0.101824479447722,0.0334371776881701,-0.171379974660649,-0.0105986155866476,0.197707668297577,0.088676639631217,0.150936493388832,0.185239835804288,0.089735832408082,0.121342465381282,-0.0256447039463412,0.0181480103763818,0.00105559001416681,-0.0632281714922028
"20",0.00279818837618126,-0.0579743149766444,0.0953908338694847,0.001302433174154,0.206847273937784,-0.352748553152702,-0.144883647981696,-0.0162023386484633,-0.0862501543717942,-0.213208447601364,0.0668364404749841,0.0980425974174719,0.175249775536204,0.193379329332743,0.195470267345064,0.0373596270319773,0.239326318568429,0.189880685433828,0.306934541285262,1,-0.0107027472670866,-0.0847247907929286,0.262925735748723,0.152201196716093,0.165673947095906,0.192034903366857,0.0477779008404454,0.0532834775039697,0.0359962857041262,0.00924141375615432,-0.0223115822918629,0.236221517648436,0.0515877504289563,-0.00711531724895674,0.0363656644717393,-0.0546325534796083,0.346586125971451,0.0797021298197478,0.195417830030587,0.178644480579351,-0.137228172741336,-0.081573822762707,0.0334150021331454,-0.0180814203844838,-0.205635408298651,-0.157699726634983,-0.0977379558148507,0.0362407327044506,0.0790145714258745,0.128936252188045,0.24143093992387,0.200174951304115,0.013458535301216,0.131657232812468,-0.020698256556895,-0.0089958729844637,0.122326796013555,-0.161100037920089
"21",-0.0437511710679648,-0.0835904406563136,0.121399643661432,0.26411716462336,-0.165853107088117,-0.0120058141127529,0.00174412987234332,0.0203201203534447,0.0636263734585884,0.210859238007323,0.257248288142152,0.0647558709447063,0.115458190017069,0.145336745778262,0.0054168273224089,0.0412185043057217,-0.0804226257280415,-0.0615025785577419,-0.00810692190379859,-0.0107027472670866,1,-0.133672630074718,-0.129139677446705,0.0310975464302687,0.00874065460979512,-0.0718713037656913,0.368965149374827,-0.126028642111832,0.0424341692139213,0.133540705562662,-0.195737711340131,0.0575005195481451,0.0728297302863578,0.0238422777989899,-0.221604949722236,-0.0912946303281272,-0.116889283113466,0.0832578642890448,-0.0620495567487418,0.125706930063287,-0.0273169121592365,-0.0346034337792518,-0.0517523734284924,0.0709192888678215,-0.0741659579765289,-0.25037101876267,0.131215795667275,0.0504144325750283,-0.024841778177144,0.116889554464107,-0.0271643754069074,-0.122046427881369,-0.0743782312922937,-0.0126812709512258,-0.15316344294587,0.0986847771692481,0.01883906225514,-0.021413682758674
"22",0.165350920300088,0.179369006903792,0.0325577150094996,-0.07852831449196,0.0457821450561849,-0.00665749482951478,-0.090757329530221,-0.00146889152533077,0.159587340355757,0.186285060564849,0.0899737354014738,0.100754119544674,0.0591394904615655,-0.169408804862761,0.182516152127059,-0.102732904487182,0.104276886624429,0.0271245483435998,0.0887317146236113,-0.0847247907929286,-0.133672630074718,1,-0.00397332748077331,0.0299278046551556,0.106670883253959,-0.0815606788688366,-0.0327023463258626,-0.0207450740559849,-0.0456772798888828,0.0260620434993368,0.166149327811315,0.00572754616414117,0.147663895527331,-0.00515591638096248,0.0907628180285577,-0.16305863656575,-0.00273545468084927,-0.0226540414352671,-0.0634972111808562,-0.0951724865662192,-0.0604511643844727,0.172509527719424,-0.0254308919464005,0.0999469582389211,-0.0280998779611299,0.111843710794728,-0.151863555930082,0.11326787135536,-0.104774946104955,-0.176300943824619,0.0794070769825299,0.0953321156811848,-0.121461085203033,0.012616199611015,-0.103253281064225,0.11494050498868,-0.00673713669935517,0.224934076801626
"23",-0.192642256415184,-0.204355079058713,0.0374047201227667,-0.0813719375147765,0.261727733428996,0.035891440474873,-0.0152794296755082,-0.0835306677066184,0.0661381418720465,-0.145393058805336,0.00265031066736721,-0.147190945342279,0.145028899264379,-0.0810577499401771,0.133521551077367,0.105506309855418,0.204718942240514,0.0309868790504486,-0.00274399071942127,0.262925735748723,-0.129139677446705,-0.00397332748077331,1,0.369834034516329,0.0532781715432335,0.0833805377516661,-0.147084031351622,0.0325782478517914,-0.0878482656807654,0.0727833324958967,0.0252845004485309,-0.0407617598892532,0.11099896800005,0.0299728965209204,-0.126429919678214,-0.158111332887308,-0.0210627141730764,-0.0135283967923115,0.122134430496754,-0.0455505426257989,-0.0376128446423574,-0.0167137539386074,-0.160527078636536,-0.0522921290202085,-0.126131169520489,-0.197265587706195,-0.13221969274135,0.0121267642397596,0.0900909078699792,-0.106507162079648,0.117511790254407,0.17380463115594,0.119782362811846,-0.0140052302373387,0.102925077100923,0.0468249142531572,0.0698992869169399,0.0349804056955856
"24",-0.200242450161226,-0.273010605116444,0.122133986149345,-0.0040216325843944,-0.0331203442331776,0.0317169644607234,-0.0529575009006207,-0.0482517173499548,-0.193155785512198,-0.103526566019049,0.0406884376159095,0.119060747206346,0.131502793763675,0.245936233847194,0.252146078219809,0.0407005207158533,0.209032627363584,0.256223053272399,0.121610695102931,0.152201196716093,0.0310975464302687,0.0299278046551556,0.369834034516329,1,-0.0621741695833721,-0.0560149453876286,0.0499847619551637,-0.16562397474824,-0.00550574887860505,0.0267675954451722,0.138801546268961,0.180714814123146,-0.025118399609639,0.132440350019671,-0.0661519266076554,-0.137220652099418,0.261035448357793,-0.074642482841967,0.118528820560288,0.197075756359809,-0.296562710907595,-0.294015950974391,-0.164738615739936,-0.148948156245706,-0.182809408858168,-0.0728097056371793,-0.175522173203669,0.0473963381510818,0.140208646914241,0.119484439285484,0.119666161192969,0.0042639203278316,-0.0710962402921355,0.0314029965417248,0.00295267206759715,-0.0566966100183506,0.123673691812008,0.145115305845948
"25",0.0617869221036476,0.136954048579268,0.162142333042552,-0.010138400033911,0.15480107615656,-0.140312528143637,-0.135720535246756,0.202300517760922,0.24840716300435,-0.126482202021189,0.0238186419389177,0.0835110448242978,0.0974289670725194,-0.142959368359018,-0.0093581302708648,-0.0116662107414742,-0.0774965030506938,-0.071065169051404,0.228845016612038,0.165673947095906,0.00874065460979512,0.106670883253959,0.0532781715432335,-0.0621741695833721,1,0.0922662883983896,-0.0334579960203176,0.0915639328473017,-0.0713337859350507,0.0491372085278767,0.156016588676904,0.00073071630669444,0.0828799057907995,0.020904395606321,0.105922434755182,0.0621128035884226,-6.44143169465912e-05,0.293023237605856,0.0569817315602402,-0.141613830510357,0.0982560126839376,-0.146972940511358,0.0192674112131861,-0.0592221173421217,0.139845301407376,0.0988462804833734,0.17217625050933,0.0819444630460208,0.0705780929513916,-0.204472688479791,0.136355926362811,0.150152593222334,-0.0502501591227222,0.0854150115223261,-0.0848061476811543,0.129717289278568,0.122686757741107,-0.0492569865602361
"26",0.204145009618754,0.0286562233900268,-0.0291226523856965,0.0239289640286667,0.0735450089499363,-0.0565639265035104,-0.151443576124885,-0.119040881788901,0.129259684731311,-0.138715118719767,0.084505118632579,-0.156878376833608,0.0157360669352277,0.0261051418102731,0.163228913714253,0.124023226118904,0.119044667056991,0.0708506815912908,0.27917841029233,0.192034903366857,-0.0718713037656913,-0.0815606788688366,0.0833805377516661,-0.0560149453876286,0.0922662883983896,1,0.103484794569517,0.197743321392784,-0.0206978543006668,0.190083266844948,0.189543031093718,0.0715764311429781,0.0560817823762387,-0.159425399258273,-0.0388756214910451,-0.226751164370892,0.104946153334936,-0.0329134532887981,-0.0227975191117951,-0.0289044709014113,0.0434605233298264,-0.0356335936035428,0.140024009795563,0.0183239589693869,-0.153953917882525,-0.0301400326549614,-0.0276299719261431,0.0264217296519101,0.182706333638161,0.118984505075595,0.0887513908278969,0.20969732748294,0.0885454066835142,0.0459876039022185,-0.0715512935980977,-0.00425615455900266,0.0476379331702043,-0.134862037863851
"27",0.0344854426044701,0.0507709299907868,0.105483456396816,0.117649012995862,-0.0581919424633584,0.0160535131389931,-0.121078476451389,-0.0511028878140904,-0.112595430512561,0.0503955048077131,0.054081330040765,0.126749046287933,0.152777634487443,0.126271580782487,0.00076365373664419,0.0357826459271313,0.0617000281219905,-0.0990109518856589,0.25569712444403,0.0477779008404454,0.368965149374827,-0.0327023463258626,-0.147084031351622,0.0499847619551637,-0.0334579960203176,0.103484794569517,1,-0.16777012358718,0.174274559314012,-0.0289210375501774,0.0764391616939514,0.0668386890312811,-0.0667393039451,0.0346738488488912,-0.110044506069744,-0.241290758261559,0.0972632527804265,-0.0798534313305994,-0.183827021189293,0.0543869033214561,0.00102135727957581,0.0975780803023326,0.0813204022497619,-0.050026354827452,-0.0475295505926811,-0.0995315704348607,-0.024375427990466,0.016724995386909,0.101092967864521,0.109103113115494,0.00661771537461616,0.0377357458797133,0.0390193465226898,0.157832625949166,-0.00056569250471997,-0.111798604411008,0.0474128861564559,0.0166775203442846
"28",0.0907661153726265,0.0883839895621903,-0.19162920621259,0.091538796757293,0.00647632673287446,-0.0134966265564726,0.0447229539088854,-0.184746474955075,0.0341721582806721,0.0403236487272262,0.0502429318808704,-0.146311893530269,0.0775928657323213,-0.00231438063297078,-0.132980309916824,-0.0209739315194231,-0.0505808650940679,-0.0264074410370794,0.0359407141451316,0.0532834775039697,-0.126028642111832,-0.0207450740559849,0.0325782478517914,-0.16562397474824,0.0915639328473017,0.197743321392784,-0.16777012358718,1,-0.139946058166636,0.182902818033998,0.163299254610781,-0.0709082116200677,0.138006467392381,-0.0373294590829151,-0.050744001305932,-0.0247261552913088,-0.0975318903717266,0.161714899314814,0.0870793609552512,-0.0834862094891079,0.202806058974395,0.0553618666430883,0.120592914231048,0.286027510595657,-0.0815233986937616,0.0985795695122483,0.028044830822654,-0.00241469476142625,0.232089661527643,0.0300233055233369,0.142116248744428,-0.0467327623861209,0.128737421370747,0.0201288505051599,0.04936541822489,0.0893184465727668,0.0759792467489254,-0.187713761834166
"29",-0.0502677807981649,-0.152951306070751,0.0167292705521659,0.0107258903903456,-0.166655607923541,0.127741734913711,0.025502453543855,0.0769013992847139,-0.133574883284091,-0.0264644783982707,-0.0349461505046842,-0.092644959283257,0.0468179409456674,0.0607119039377589,-0.0970429416732724,-0.0303638698235711,0.0319080468602252,0.144203705491547,-0.012060147484455,0.0359962857041262,0.0424341692139213,-0.0456772798888828,-0.0878482656807654,-0.00550574887860505,-0.0713337859350507,-0.0206978543006668,0.174274559314012,-0.139946058166636,1,0.03539771465171,-0.117736934550136,0.062311554080466,-0.0296841908729407,0.00253103334187769,-0.085300496466464,-0.0385182897111674,-0.0899045317373429,-0.221836039932285,0.0751523158039002,0.0308246906082864,-0.105091292228069,0.00412646978513827,-0.00865361628013237,-0.104143423965748,0.111780953290726,-0.114101563192059,0.0267907625478134,0.283949752585936,0.0711856092855218,0.0336945015017299,-0.144091723052931,0.0103398123905661,-0.0124348794496436,-0.169702318941749,-0.102023575765722,-0.0146048090828817,0.132078642303824,-0.0376062872083348
"30",-0.124934654926316,-0.0824731170484586,-0.0460166246553245,0.222302488553559,-0.0855434617802447,-0.0411739513984071,-0.0885472060647775,-0.131688513091986,-0.114897119856305,-0.158213309673959,0.0304979842563765,0.187892347585999,0.0602999271728708,0.103630020959502,0.0079939215765182,0.0544784507960112,0.077796039909408,-0.00717323477054088,0.154241285369906,0.00924141375615432,0.133540705562662,0.0260620434993368,0.0727833324958967,0.0267675954451722,0.0491372085278767,0.190083266844948,-0.0289210375501774,0.182902818033998,0.03539771465171,1,0.222031197632643,0.18736273797401,0.127127148325027,0.215075716321772,-0.217209462198364,-0.160858745869661,-0.122527477617213,-0.0439164987481243,0.0975944843495201,0.0797817129240912,-0.0657089229385867,0.104790604460745,-0.00224121203380114,0.0962804476285767,-0.159232782127152,-0.151816135097154,-0.0838223763806225,-0.0665918716917522,0.0437855906633947,0.126442955100778,0.121502490009156,0.0417247226965642,0.183815096722922,0.126864505207087,0.123681875067511,-0.098183025204612,0.0980272387109413,-0.184469412689596
"31",0.196161598885368,0.250742003814793,-0.0184364428177382,0.121926475031119,-0.0126384405657195,-0.0174694360407971,-0.159401535017579,-0.0596247040685191,0.0245423623166169,-0.210882200501996,-0.0499511576660894,0.174823045555429,0.0553227954324672,-0.107512262277674,0.160747262390589,0.120333738207292,-0.00862863149765632,-0.00679093724230299,0.535836024851335,-0.0223115822918629,-0.195737711340131,0.166149327811315,0.0252845004485309,0.138801546268961,0.156016588676904,0.189543031093718,0.0764391616939514,0.163299254610781,-0.117736934550137,0.222031197632643,1,0.121420056780728,0.147400323765759,0.121231713793934,-0.00117489747572198,-0.137661348331028,0.0665492624389226,-0.0709248343293918,-0.0455295912076065,-0.184153158872763,0.068300309535084,-0.0463051560552855,-0.0299384613786205,-0.137207733763303,0.110622893361805,0.283385993878484,-0.0980112975176791,-0.206603705948512,0.0281238228078768,-0.0367968310907631,0.11598237632355,0.151856043985443,0.0301909406868801,0.0306662038786571,0.0570077423797691,0.0310249859426536,0.00319978726486728,0.0300215483396222
"32",-0.111196295842178,-0.0250660015327911,0.119073313489222,-0.0569880137163646,0.0735323864058189,-0.0483858496668855,0.0376282831390595,0.10918368215745,-0.136901137037708,0.0584669926935367,0.144024996618944,0.154370548358415,0.0836577108899029,0.0802570535308356,0.28401698152875,-0.0178896974376794,0.339272063423148,0.159670798463026,0.101213629108316,0.236221517648436,0.0575005195481451,0.00572754616414117,-0.0407617598892532,0.180714814123146,0.00073071630669444,0.0715764311429781,0.0668386890312811,-0.0709082116200677,0.062311554080466,0.18736273797401,0.121420056780728,1,-0.0665821634264408,0.0375755965141002,-0.0142713374249698,-0.103031577222136,0.101990188157285,0.015768537692949,0.0610548010278111,0.0313168606027387,-0.086789887947545,-0.0243103347544119,-0.0970909144378478,0.0594959469792813,-0.143988360889379,-0.0612737898867131,0.027252220428819,0.127112593185743,-0.0503543698959376,0.110056111295223,0.00037327917462119,0.0320474943071605,-0.112821729204313,-0.0141293075387404,-0.0467603345454,-0.220352524941025,0.190896799896677,0.0463293376561437
"33",0.204850541836613,0.126636402309457,0.0298505379117319,0.104442229288622,0.109434285251679,0.124792327143563,-0.0152945342533299,-0.0519879796656856,0.00352492696789807,0.0778133061209087,-0.00456571882813745,0.0654212360817757,-0.0852798715699862,-0.129867336513961,0.0427139831864591,-0.0552219441484043,-0.147507375858057,-0.139716323241442,0.145175484145515,0.0515877504289563,0.0728297302863578,0.147663895527331,0.11099896800005,-0.025118399609639,0.0828799057907995,0.0560817823762387,-0.0667393039451,0.138006467392381,-0.0296841908729407,0.127127148325027,0.147400323765759,-0.0665821634264408,1,-0.0351205711853541,-0.0512791531950339,-0.218525907303471,0.0535111713487458,-0.01362535839646,0.106784886928771,-0.0669892387320666,0.067776953153296,-0.109801111288993,0.164004039455042,0.178380527962385,-0.0866165754248209,0.0165673576515194,0.0286899641402628,-0.0618661641772088,0.0923471163263842,-0.193431133439018,0.186458506825427,0.138134036571573,0.0877990032616367,-0.0910519790366273,-0.166088181520636,-0.123165627811328,-0.0796500285754572,-0.101423248238547
"34",-0.164316996614985,-0.0975338295288642,-0.0218898687542528,0.0108753024370374,-0.0328320284315175,0.0240887165798072,-0.0847785182374367,0.0506823001579017,-0.138242222342291,-0.0270130521587516,-0.145197393331939,0.21745445384533,0.0216519118302117,0.210538466522626,0.014984860302991,-0.195049922116345,-0.0488019421993856,0.144731470667427,0.222067834414893,-0.00711531724895674,0.0238422777989899,-0.00515591638096248,0.0299728965209204,0.132440350019671,0.020904395606321,-0.159425399258273,0.0346738488488912,-0.0373294590829151,0.00253103334187769,0.215075716321772,0.121231713793934,0.0375755965141002,-0.0351205711853541,1,-0.170448454103016,0.0162003546402411,-0.112565012964203,0.10446329211267,-0.188469123665852,0.0982446134855919,-0.214671568185337,-0.0957506386625775,-0.0182333515806978,-0.112754434171665,-0.101236060281628,-0.0484244485272278,-0.188466146296404,-0.084236591870316,-0.102702913086498,0.13862192634228,0.156796770072419,0.126694086084256,0.150773673004009,0.134246892740254,0.174349913485368,-0.0532062458114956,-0.020902731207338,0.032546250827728
"35",0.26829227786957,0.252201111897122,-0.024926593069262,-0.16101807139043,0.116205352028821,-0.0195964240645273,0.303520363023709,0.306535143241174,0.0501980577644982,0.102550229387961,0.0665695131957021,0.160525467926876,-0.0544612724212502,-0.177592528353138,-0.0149862763207285,0.0127054496033941,-0.00970501582545502,-0.0510430543463891,-0.0122373811943219,0.0363656644717393,-0.221604949722236,0.0907628180285577,-0.126429919678214,-0.0661519266076554,0.105922434755182,-0.0388756214910451,-0.110044506069744,-0.050744001305932,-0.085300496466464,-0.217209462198364,-0.00117489747572198,-0.0142713374249698,-0.0512791531950339,-0.170448454103016,1,0.420327781613611,0.37180491908431,0.285108236582948,-0.0217180329828498,-0.169861618955851,-0.00515153658573034,-0.0776539210298844,-0.103853805773285,-0.109792823913911,0.428893095643361,0.296000948705386,0.0563881989578084,-0.0875524269683518,-0.086961458147824,-0.249422423187782,0.0607058169246324,-0.00091518677452233,-0.0706606252425684,0.0426552864178758,-0.00982434217309357,0.0538150271540812,-0.263859843667076,0.0384021936868311
