"","l_Insular.Cortex","r_Insular.Cortex","l_Amygdal.Area","r_Amygdal.Area","l_Bed.Nucleus.of.the.Stria.Terminalis","r_Bed.Nucleus.of.the.Stria.Terminalis","l_Hippocampus","r_Hippocampus","l_Orbitofrontal.cortex","r_Orbitofrontal.cortex","l_Entorhinal.Cortex","r_Entorhinal.Cortex","l_Frontal.Association.Cortex","r_Frontal.Association.Cortex","l_Globus.Pallidus","r_Globus.Pallidus","l_Glomerular.Layer.of.the.Accessory.Olfactory.Bulb","r_Glomerular.Layer.of.the.Accessory.Olfactory.Bulb","l_Glomerular.Layer.of.the.Olfactory.Bulb","r_Glomerular.Layer.of.the.Olfactory.Bulb","l_Granule.Cell.Level.of.the.Cerebellum","r_Granule.Cell.Level.of.the.Cerebellum","l_Hypothalamic.Region","r_Hypothalamic.Region","l_Entorhinal.Cortex","r_Entorhinal.Cortex","l_Vermix.Molecular.Layer.of.the.Cerebellum","r_Vermix.Molecular.Layer.of.the.Cerebellum","l_Lateral.Molecular.Layer.of.the.Cerebellum","r_Lateral.Molecular.Layer.of.the.Cerebellum","l_Anterior.Olfactory.Bulb","r_Anterior.Olfactory.Bulb","l_Posterior.Olfactory.Bulb","r_Posterior.Olfactory.Bulb","l_Subiculum","r_Subiculum","l_Perirhinal.Area","r_Perirhinal.Area","l_PreLimbic.System","r_PreLimbic.System","l_Primary.Cingular.Cortex","r_Primary.Cingular.Cortex","l_Primary.Motor.Cortex","r_Primary.Motor.Cortex","l_Retrosplenial.Cortex","r_Retrosplenial.Cortex","l_Secondary.Cingular.Cortex","r_Secondary.Cingular.Cortex","l_Secondary.Motor.Cortex","r_Secondary.Motor.Cortex","l_Striatum","r_Striatum","l_Ventral.Tegmental.Area","r_Ventral.Tegmental.Area","l_Substantia.Nigra","r_Substantia.Nigra","l_Thalamus","r_Thalamus"
"1",1,-0.0369292283809258,0.0948511099291891,0.0587975981051631,0.173163677686165,-0.0955360955294004,-0.105219836977319,-0.0733400082795895,0.336352568085909,-0.0496032968140155,0.144803173928871,0.0742627001436082,0.0252313756589499,0.0862924202030837,0.0872518804456417,0.0609310044930852,0.0285629683247761,-0.00946956201851163,-0.0499489415038537,0.0768843226264229,0.00301523106461477,0.0817531052558274,0.0688939518717879,0.0152617108963236,-0.289429372703593,-0.0352839468955247,0.00508990158858202,-0.0604117132025716,0.112501644450331,0.0741428974678251,-0.0520731873506134,0.183012293708144,-0.0659710775476176,0.00532592624006654,-0.175271039439898,-0.0242741872640331,-0.109132998012072,-0.137172527098036,-0.141319951333768,-0.112382896181507,-0.0459681230791185,0.00069649388104348,0.284167142163497,0.20706281699091,0.024210444575067,0.130945472718589,-0.0347348692150699,0.0852276005180781,0.00865458064526397,0.00483945022267605,0.0343893930090581,0.0553581209799813,-0.0900628130019524,-0.0877251127899906,-0.214670078829008,-0.0924814973407154,0.148813449923112,-0.0148038909970725
"2",-0.0369292283809258,1,0.1261005327803,0.0541312473397148,-0.283309520389607,-0.0934503656532198,0.173843613834541,-0.00935669954058509,0.0151051729141574,0.104885888740992,0.0700741789527257,-0.0346091920310325,-0.0188685735898276,0.0955155363250588,0.0167969279220935,-0.0289214814173349,0.0326168676816335,0.192538956019659,0.0924439619932456,0.0459767282837919,-0.00047163286019433,-0.0541831770406362,-0.045610047284508,-0.0431424418433247,-0.00529031996929512,-0.0506050885089358,-0.150171933424138,0.136516793999384,0.259789936301565,-0.0610939020647223,0.0803610722467784,-0.0404931152552136,-0.066243097093965,0.0852672563919559,0.118341298323828,0.0258542391847721,0.0458877135934131,-0.00167843657623033,0.108399387834461,0.0710496677493231,0.0819387699380438,-0.0244175218359553,-0.113350214887774,-0.135362881625965,-0.0425135549163336,-0.114617428833333,-0.0770126500075801,0.128843892482723,0.163042635236153,0.175446096690578,-0.0441666297095392,0.00546594323035373,0.00364437880740526,0.00177532401859866,0.216124597457077,-0.0701494792992353,0.0570674866357868,0.202021097247921
"3",0.0948511099291891,0.1261005327803,1,-0.0431513590011894,0.0597051450280269,0.0980065117955454,-0.0383595047501689,0.12941117369077,-0.0374324756592539,0.056140776616953,0.00124593334283269,0.134839126369269,0.158645383883983,0.131467792621204,-0.121207293695027,-0.128661405704826,0.0360179360783831,0.164977580415305,0.0840134335586189,0.168815273389595,-0.0876971208568387,0.0863382524682572,0.0533474943443117,0.113300195748743,0.046067724146197,0.0364033138672712,0.00527491133739045,-0.18007500916177,0.0956089002288322,0.145352254964829,0.0286664939584057,0.121702943940969,-0.0112663067725138,-0.13016202644468,0.188832011281907,0.0103869276729216,-0.101803604617807,0.0576022745761579,0.0447369152264801,0.0744601672422521,-0.185903544203079,0.0591434139093794,0.0890821946395261,0.102133853931953,-0.0643459275403881,0.00357290293966687,0.114632021142613,0.216962523249475,-0.00854558099229531,0.115789391535134,-0.0206804396023547,-0.103152581684014,0.0327649600517713,0.189094966683207,-0.169323566467765,-0.0275044239742357,-0.0972386305501274,0.0883941195366641
"4",0.0587975981051631,0.0541312473397148,-0.0431513590011894,1,-0.217447425957979,-0.0493062035477923,0.051865221991292,-0.0686925656880448,0.131561064061235,0.184508826365475,-0.151052397837762,0.0466217296472443,0.0598185168201304,-0.0689459828019054,-0.0132677688382563,0.186694340797311,0.0335220071941663,0.0365412994978122,0.0696546898765493,0.106555343371691,0.172898852929564,-0.0762346141922448,0.222378761600022,0.114621605761091,-0.103550643766685,0.302078697927948,0.00958835051453656,0.0197335626641087,0.124490558213958,0.0502594122232776,0.184825770048617,0.0942426342018102,-0.0191435169410294,0.222625505908527,0.0276805854815524,0.0967062032616571,0.125633452731659,0.0424542404790018,0.0225403805868728,0.0233109874133445,-0.0432841573397828,-0.125769057959414,-0.0313884011526384,-0.0929518714818044,-0.112995312001165,0.0811556686349984,0.0892182356412512,-0.180892323779113,0.0775171614623292,-0.0365752644896793,-0.141477918946832,0.0543783693145439,0.102477999544334,-0.0501205689801311,0.125422121508925,-0.0965528628161588,-0.0180712084806246,-0.127027283438205
"5",0.173163677686165,-0.283309520389607,0.0597051450280269,-0.217447425957979,1,0.12788295963283,-0.237129026386193,0.0164524433419895,0.0197604854259142,0.00199059069518777,-0.150013027490261,0.10798837684665,-0.0121798922355158,-0.0368011920413401,-0.061535098665548,0.00991354202646361,-0.0229128718037906,-0.0598122335427748,-0.136854889712233,-0.0817159773222726,-0.0523557860678725,0.102948850445562,0.0322381598577952,0.111356713693103,-0.0840472254951962,-0.0983495405918672,-0.00905845842569007,-0.155042764194197,-0.0559083152473287,0.0404455992385043,-0.157420538055264,0.0819429337282756,0.0313029915070313,-0.144804140013868,-0.140183910027706,-0.179696160739067,-0.193317138043469,-0.0973032568933313,0.0240778109748689,0.0861695811708817,0.0765718082953942,0.107930772604339,0.0739773703437505,0.188752211337427,-0.0214254737479922,0.1969484216021,-0.0063569267460811,0.00218923621797568,0.00624475617662092,0.00968590754174611,0.183116294500271,0.0196731075694361,-0.0599645507143637,-0.0407394078237238,-0.110320034502775,-0.00187160218744795,0.0316860922872018,0.00522943468834859
"6",-0.0955360955294004,-0.0934503656532198,0.0980065117955454,-0.0493062035477923,0.12788295963283,1,0.0937153092622294,0.294421672114882,0.0318441761686325,-0.0308602721492551,-0.21418196571875,-0.0299910891493146,-0.0164580316663876,-0.0202776090663416,0.0353566615288589,-0.0110940832122126,-0.112741785043825,0.138348490553981,-0.243822346225126,-0.0586194237818405,-0.128241525359362,0.0879745263620056,-0.119256677345997,-0.0789081492212918,0.143409718139954,-0.179543936856166,0.0727525383933352,-0.0565393871911239,-0.0445683588916005,-0.0350610805552775,-0.189999250825183,-0.070131301812162,-0.0833622557903183,-0.192307237831375,0.0769510045737609,-0.129507487320252,0.00566104354660781,-0.091339870097228,-0.157242028669071,-0.126658595731324,-0.0095779217816977,-0.0648445434201797,0.205570288662171,0.11306669025452,0.0464132543257473,0.0110770481963419,0.0326531485281831,-0.0240945582088915,0.100239577366019,0.0480417869144634,0.0393602595605132,-0.0722169294767539,0.0775574082958349,0.053976642318249,-0.00462173763632123,0.0925542445363842,0.0165486727680889,-0.0740402818532327
"7",-0.105219836977319,0.173843613834541,-0.0383595047501689,0.051865221991292,-0.237129026386193,0.0937153092622294,1,0.1216120914508,0.0534643538629418,0.0353246379409293,-0.183316804970773,-0.0854559021853866,0.0790275207885898,0.107625357242269,-0.0290443139579335,-0.0258850295617081,-0.00372977664094591,0.176100772146005,-0.0198229917807171,-0.204427964067838,0.206458496622173,-0.102947019055215,0.217019703277275,0.0518170090591998,0.172901057938535,-0.0492971143165527,-0.0818324932489455,0.0764140661110098,0.247346976271221,-0.0152265062677393,-0.0880217634655546,-0.0895877808488167,-0.166243697882917,0.0377196641343027,0.329610722334783,-0.0963795073613717,0.111537578340449,-0.169988568493576,-0.057829675597932,-0.025783838421957,-0.170954843890124,-0.127074698848988,0.0669846435778876,0.044261158761498,0.0226441091229924,0.04830602520125,-0.085900684536004,0.186216316687142,-0.0509201565495937,0.220066971557077,-0.0119663616829167,-0.0267095210374621,0.170853619812311,0.0866278481769532,0.00945106519812383,0.0254187287928869,0.125714975853296,-0.0180708059156496
"8",-0.0733400082795895,-0.00935669954058509,0.12941117369077,-0.0686925656880448,0.0164524433419895,0.294421672114882,0.1216120914508,1,0.0924680208855352,0.00484411346721906,-0.19419900223496,-0.027565552908928,-0.019974701405782,0.0516323433936233,-0.0152714626508814,-0.00484286051267634,0.100778447285875,0.00485696744906726,-0.0480952442512536,0.0968865800143684,-0.0453204669979197,-0.00054424454024196,-0.10457222683844,-0.0369232355982716,0.162928880421929,-0.156602559065503,0.190603171572658,-0.047394713225027,0.17322802542131,-0.083332458807355,0.0896646335510653,-0.0236925295700384,-0.137376244779034,-0.0878042013264119,0.17175952117618,0.0193477238711282,0.13519317976656,0.107662880078367,0.0111049911773644,-0.0134957385064989,-0.100803876647723,-0.00696237515842779,0.0800199047075175,-0.118005962658159,0.168800234679638,0.0790527281051977,-0.0295496521246413,-0.0348284483252962,-0.0689410841897908,0.121281596824868,-0.0825562911623193,-0.257858539627299,0.182104653413145,0.0527559086215507,-0.0642862153662662,0.0104866884252808,-0.0655959312570946,0.00848659844428371
"9",0.336352568085909,0.0151051729141574,-0.0374324756592539,0.131561064061235,0.0197604854259142,0.0318441761686325,0.0534643538629418,0.0924680208855352,1,0.0297517339793819,0.0548822484896421,0.0630685830550415,0.1470838221008,0.0897839580872349,0.0117112131188671,0.0148544874085868,0.0963452511623758,0.0513129474072749,-0.0794723619503328,0.194360803277508,-0.181824466205565,0.090250263576649,0.0767993153402844,-0.0560396936857359,-0.180977713857124,-0.0540461590815336,0.0673165675869544,-0.0356389040326287,0.0383030277865657,-0.173720441213422,0.0324474532901993,0.203977754699742,-0.160352776373363,0.287641317078908,-0.123363744150638,0.108714801815386,0.027041421010924,-0.0447523135817042,-0.106688116655631,0.135891660297946,0.0103944244590431,0.0953339653005925,0.169598979558206,0.207946090115992,0.0261908437166433,0.11796279906098,-0.0154229595024264,-0.114041218685019,0.0579229582615574,0.185998769694443,-0.0102594597004394,-0.0844258934287602,0.0852893766464066,-0.17820016587838,-0.0471766919145831,0.0439900195433317,0.0265008494675051,-0.109915666432172
"10",-0.0496032968140155,0.104885888740992,0.0561407766169531,0.184508826365475,0.00199059069518777,-0.0308602721492551,0.0353246379409293,0.00484411346721906,0.0297517339793819,1,-0.00227939497864128,-0.00048756147708033,-0.187218932462936,-0.0883332471641344,-0.0497676959393186,-0.0202327091845389,-0.060087006955301,0.10006505799057,-0.0638136902066281,-0.106596079831267,-0.0925135492907973,0.102466304320413,-0.113515713462091,0.0253846602066341,0.120772187183411,0.202522979187456,0.064626298287731,-0.131954793872228,0.0260246380280502,-0.225535088351582,-0.00632720868535209,0.0134698742983973,-0.082969398285157,0.235771919123984,-0.0538251509467109,0.179846721615056,-0.0720888103040174,0.054837892767693,0.268994497343821,0.158056821397604,0.00782769707933112,-0.125512774620967,-0.0401019369741611,-0.01881144717135,-0.116655453026954,-0.0971869834152931,-0.121337367799326,-0.0476724981809554,-0.116506533604058,0.110722246962649,0.0917986849712053,0.0975865078902313,0.0936296044497748,0.114092863578687,0.0533817555785835,0.00031037756677923,0.258125452863748,0.273857227576424
"11",0.144803173928871,0.0700741789527257,0.00124593334283269,-0.151052397837762,-0.150013027490261,-0.21418196571875,-0.183316804970773,-0.19419900223496,0.0548822484896421,-0.00227939497864128,1,0.289491870864509,0.0676121155304062,-0.0125974593199777,0.0947100423197629,0.180912343535869,-0.213017008243448,0.0910472110833173,0.019142953296554,0.108843483775541,-0.167753048009622,0.00546421013709018,-0.101987886300263,-0.162246493114486,0.0308404775508266,-0.11036249354774,-0.0709735494175184,0.0633869377430324,-0.0617687329095188,-0.191993499630321,-0.156465781913988,-0.0947826630087424,0.0807768104827458,0.144309556896164,-0.183008256476987,0.174196615648209,-0.121967861347937,0.0702416530275778,-0.0355733246575389,0.0756805300918265,0.0910290306907055,-0.0701605969186631,0.135680983358542,-0.0840491497610185,0.0144252757833025,-0.0808279171891675,-0.0437020074487231,-0.0202475633633934,0.0576300482430606,-0.101687001891077,0.00193150512178464,0.0160520872451551,-0.0290312319286102,-0.13835408674792,0.0761443104498207,0.0341282746165994,0.130862903049927,0.0414893057339845
"12",0.0742627001436082,-0.0346091920310325,0.134839126369269,0.0466217296472443,0.10798837684665,-0.0299910891493146,-0.0854559021853865,-0.027565552908928,0.0630685830550415,-0.00048756147708033,0.289491870864509,1,0.309710603774026,-0.115054807356863,0.149461578823719,-0.0464994659584429,-0.00459688051662839,0.0527740220208277,-0.0963890233491879,-0.00743099929025655,-0.0243843720345089,0.00042839917447125,0.104919850422837,-0.0695391603856862,0.056000827940975,0.181492805414187,0.0874049287382415,-0.0807334308519314,0.0192879536841286,-0.0339956089284694,-0.148764420937942,0.0374567163315997,-0.0307375194874892,-0.0187489533336276,-0.0753947722177869,0.0626704686591368,-0.0144381769088846,0.0415683195643293,0.121232519355795,0.0590724739670731,-0.164804045784443,-0.0720956894641523,0.0605477212943013,-0.0525276271322484,-0.0710698319573276,-0.189308185643547,-0.00769442735529074,0.0108235340479946,0.0682262606349271,-0.0969302437265188,0.103785844013681,0.120876663087293,-0.119798709254971,-0.0798363925154184,0.0038436204180387,0.0689611733415247,-0.176602343605162,-0.0805662404720166
"13",0.0252313756589499,-0.0188685735898276,0.158645383883983,0.0598185168201304,-0.0121798922355158,-0.0164580316663876,0.0790275207885898,-0.019974701405782,0.1470838221008,-0.187218932462936,0.0676121155304062,0.309710603774026,1,-0.0415090482004249,0.128465889384782,0.0447342956297796,0.207519199032759,-0.0764564395359554,0.193218494840813,0.0951773811248048,-0.0064654066661486,-0.150588781269709,0.0832098519970813,0.125521015375968,-0.159425546573121,-0.017408455669895,0.0536450537856618,-0.0191653946030863,0.0407795052774018,0.0255907761999603,0.0529409090172252,0.127088770292332,0.170653780702941,0.0158714480011742,0.00927652293856791,-0.0918893312565848,0.0348201387701769,0.233272525062716,-0.0697370586347422,0.0728414420716145,-0.0431845382827221,0.0129094980538106,0.126018483900934,-0.0430818806562226,-0.105674256452946,-0.0334231262946213,0.0104995646094217,0.0314292339583283,0.295548284949547,-0.0626463544863395,0.103509456832142,-0.0692455741837143,-0.0203209327754005,-0.0586257577524678,0.28813039334952,0.150160195504244,-0.0258555290200823,-0.181094579445382
"14",0.0862924202030837,0.0955155363250588,0.131467792621204,-0.0689459828019054,-0.0368011920413401,-0.0202776090663416,0.107625357242269,0.0516323433936233,0.0897839580872348,-0.0883332471641344,-0.0125974593199777,-0.115054807356864,-0.0415090482004249,1,0.0254456959445118,-0.206570517887579,-0.0584674778492056,0.513355074669852,0.136757739420252,0.150518052466902,0.115493907178571,-0.0617255485225815,0.0867272585909293,0.0625493616890382,-0.0506381709261614,-0.0798980194866153,-0.0583009421773118,-0.0788085995254756,0.215779279621275,0.116911211995951,0.0974140426692388,0.117373787330484,-0.0355817649722591,0.109790178296257,0.14057845611186,0.0683608864527586,0.136850482253053,0.0417932362309519,-0.0156833059921082,0.112786935245316,-0.0122614986012423,0.0652869730409132,0.0178570858842402,-0.142594171274056,0.108166571694465,0.0903002450818733,0.0771041130215215,0.036881553128527,0.0381591844768801,0.614187934625145,0.0430684357993453,0.0778532321818796,-0.03891034980206,0.0553011990457172,-0.026197875850037,-0.104979257529926,0.0155656924020591,0.134849190881283
"15",0.0872518804456417,0.0167969279220935,-0.121207293695027,-0.0132677688382563,-0.061535098665548,0.0353566615288589,-0.0290443139579335,-0.0152714626508814,0.0117112131188671,-0.0497676959393186,0.0947100423197629,0.149461578823719,0.128465889384782,0.0254456959445118,1,0.178589922393284,0.0227986248369417,-0.027759316241294,-0.0716337034492618,-0.154829987112787,0.00847314354066882,-0.203928005604636,-0.0570619644033706,-0.00996771689333862,-0.10933846100459,0.200853060833484,0.0167138790448896,0.00739491294478934,-0.101301966978785,-0.18779713090488,0.0218061571242746,-0.208609215904802,0.0351978964376814,-0.0329459296219113,-0.0719785963059626,-0.135445876131612,0.0456414350929551,0.0141765222689499,0.191000093538031,0.071018686548952,0.0991788800391335,0.0170073082261227,0.0442374802010925,-0.0241133819220058,-0.194143435504331,0.0339031880747954,-0.0432080987480218,-0.126616801444506,-0.0828877730208704,0.0152434866612509,0.230415067899773,0.281006968614163,0.0504981170264133,-0.0466608187799349,0.153113835427526,0.0378818027113362,-0.0292111957778843,-0.145253178287443
"16",0.0609310044930852,-0.0289214814173349,-0.128661405704826,0.186694340797311,0.00991354202646361,-0.0110940832122126,-0.0258850295617081,-0.00484286051267634,0.0148544874085868,-0.0202327091845389,0.180912343535869,-0.0464994659584429,0.0447342956297796,-0.206570517887579,0.178589922393284,1,0.00584392942377732,-0.0523017455372245,0.056779887611678,0.107760343463981,-0.133647942943185,-0.194929303526721,0.101537993224935,0.0307787552930333,-0.00615094791811698,0.125451773662353,-0.0554792990167379,0.0601678388482142,-0.349162241189994,-0.0478006073795692,0.0155468874135485,0.0429880422967199,-0.108028151441408,-0.139713699920732,-0.183278497308388,-0.102267157149678,-0.020909522333584,0.053172167695522,-0.161178480649249,-0.00694759930655794,0.104615124130357,-0.00056770323485621,0.0643622084004405,-0.0391255541030071,-0.175337222793675,0.0547726982508526,-0.0284824580950786,-0.083456860233362,-0.0191382043356408,-0.226607466984704,0.115464311491047,0.125768911276378,-0.0456769085166426,-0.179386064988531,0.076915304693971,0.00510669417463217,0.232717844517761,-0.134966579861782
"17",0.0285629683247761,0.0326168676816335,0.0360179360783831,0.0335220071941663,-0.0229128718037906,-0.112741785043825,-0.00372977664094591,0.100778447285875,0.0963452511623758,-0.060087006955301,-0.213017008243448,-0.00459688051662839,0.207519199032759,-0.0584674778492056,0.0227986248369417,0.00584392942377732,1,-0.142138709353385,-0.107121804728995,0.07600660287487,0.0693909963686146,0.0182176104244101,-0.0124564687727927,0.0436565691094753,0.0122749496387008,0.0895529116254705,0.0723986893824089,0.065065024183405,0.0396619036341166,0.0580666177855979,0.274369120892067,0.22951536969884,0.0389574849533475,-0.00245086859347337,0.0670078056649234,0.10727200055026,-0.113231722957438,0.0327061854927721,-0.00783127309772388,0.0848036360013026,-0.075424090225534,-0.0407642187565632,-0.196757913518352,-0.0213388826383236,-0.0129206135081976,0.0321170973518351,-0.0879515699984526,-0.129943276458769,0.101139331320575,-0.104351173222286,-0.0906460817023288,-0.151544225322831,-0.0776497159156988,-0.210435271941005,-0.0623549062252018,0.0340865816094008,-0.136321818562451,-0.0118554688398061
"18",-0.00946956201851163,0.192538956019659,0.164977580415305,0.0365412994978122,-0.0598122335427748,0.138348490553981,0.176100772146005,0.00485696744906726,0.0513129474072749,0.10006505799057,0.0910472110833173,0.0527740220208277,-0.0764564395359554,0.513355074669852,-0.027759316241294,-0.0523017455372245,-0.142138709353385,1,-0.0348626721141713,-0.0491912540509295,-0.0145743348172221,-0.0506467921107585,0.139895620697228,-0.0118027451332479,-0.00385345860924287,-0.0427318602751926,-0.214284513821965,-0.224261271657498,0.196276883823859,0.045105257989007,-0.0547837544560349,0.102686155690337,-0.171510150485057,0.103904176220729,-0.187005563933947,-0.00653077811609143,0.0287819469961743,-0.0620576179970216,-0.0208675221680239,0.157125262508732,-0.04782815306317,-0.087691408376131,-0.00085947768587587,-0.137012959860005,-0.0316617921388292,-0.147107844182913,0.0388600143901476,0.0538961487958974,0.0568889305629398,0.48223315710338,0.0587469811787261,0.246734621245819,0.194771817734944,0.0977542996724083,-0.0218609190289816,0.0560872357569765,0.159742161333074,0.113515826512595
"19",-0.0499489415038537,0.0924439619932456,0.0840134335586189,0.0696546898765493,-0.136854889712233,-0.243822346225126,-0.0198229917807171,-0.0480952442512536,-0.0794723619503328,-0.0638136902066281,0.019142953296554,-0.096389023349188,0.193218494840813,0.136757739420252,-0.0716337034492618,0.056779887611678,-0.107121804728995,-0.0348626721141713,1,0.332612193498604,0.0649345249698332,-0.0748055058660361,0.0351722333059993,0.175285709779234,-0.201911635678632,0.185356513986425,0.036089732184565,-0.0274946605120923,-0.0198342491637334,0.0840224618682944,0.478962751332602,0.181251260591386,0.115014578061391,0.103639058048996,0.0743009112986268,0.0458422907215415,0.131323554749849,0.137885977140897,-0.0168022476512419,-0.126733447663943,0.141734204848203,0.030607159541001,-0.114363076274302,-0.0261366565097371,-0.0185070676644997,-0.0428273849529798,0.0439351846139242,-0.00935242408740289,0.0808354177693067,0.0145363375868301,-0.135196233610298,-0.134841479106671,-0.0693325361464233,-0.0372739859023648,0.223282161758461,0.117004948906419,0.0106584904206347,-0.0138870779248335
"20",0.0768843226264229,0.0459767282837919,0.168815273389595,0.106555343371691,-0.0817159773222726,-0.0586194237818405,-0.204427964067838,0.0968865800143684,0.194360803277508,-0.106596079831267,0.108843483775541,-0.00743099929025655,0.0951773811248048,0.150518052466902,-0.154829987112787,0.107760343463981,0.0760066028748701,-0.0491912540509296,0.332612193498604,1,-0.0618612705101028,-0.0218847106604256,-0.132250839335073,-0.0495872330334267,-0.117908662833757,0.0489982985092877,0.11700858242355,0.0646563273103901,-0.190550134288486,-0.0245892354278459,0.265961437450433,0.436620768244995,0.052171912946335,-0.00326334137427642,-0.03993946296372,0.117060339447029,0.12765768290125,0.126949345810017,-0.0645423735341915,0.140128499847163,0.0544314317268813,0.130795525993053,-0.0569291660842694,0.0588180357918234,0.0790280458875823,0.00146689382775312,0.222483136798361,-0.0715498065448001,0.151740983802367,0.0726114811589427,0.0356245086990892,-0.100224611105536,-0.161017059770258,-0.222803791811804,-0.0977085447815593,0.0122874597761403,-0.0472164148547862,0.0578290955613559
"21",0.00301523106461477,-0.00047163286019433,-0.0876971208568387,0.172898852929564,-0.0523557860678725,-0.128241525359362,0.206458496622173,-0.0453204669979197,-0.181824466205565,-0.0925135492907973,-0.167753048009622,-0.0243843720345089,-0.0064654066661486,0.115493907178571,0.00847314354066882,-0.133647942943185,0.0693909963686146,-0.0145743348172221,0.0649345249698332,-0.0618612705101028,1,-0.00865697903792548,0.0302285065551744,0.0959376890914315,-0.0661321337034419,-0.0851077347364341,-0.00260716446652859,0.0862876512758814,0.113680918800929,0.212178422775197,-0.0480344109394882,0.0120366195988781,-0.0469611542076087,-0.096455015274585,0.162539159245085,0.0958441867428258,0.105910486045373,0.0142449126788844,0.176041321694023,-0.0279471101151004,0.154299070448686,-0.111643331254227,-0.019491579324802,0.0372388754912804,0.00995690286273958,0.0960950557115313,0.0820107747037163,-0.0605717023170575,0.115243928694894,0.164550371949583,-0.253490729092776,-0.020160973086979,0.0879741927589039,0.0364613091287011,0.0383547233436858,-0.0794706212168087,-0.0973079690580005,-0.0613673419067073
"22",0.0817531052558274,-0.0541831770406362,0.0863382524682571,-0.0762346141922448,0.102948850445562,0.0879745263620056,-0.102947019055215,-0.00054424454024196,0.090250263576649,0.102466304320413,0.00546421013709018,0.00042839917447125,-0.150588781269709,-0.0617255485225816,-0.203928005604636,-0.194929303526721,0.0182176104244101,-0.0506467921107585,-0.0748055058660361,-0.0218847106604256,-0.00865697903792549,1,-0.00264985738993824,-0.0698842965119722,-0.155028017001001,-0.0424501034930817,-0.00541707775348996,-0.0445852151478794,0.157705725709026,0.160518817358043,0.0904137174198675,0.270638816669636,0.0719931709150244,0.0106676784668603,-0.0733938715576749,0.0637816205624132,-0.217199060614979,0.123255839222285,-0.0486896879102401,-0.0992231812164166,0.0317185326734495,0.0740936740428117,-0.125822960042781,0.115569252731596,0.133182549585382,0.0259979215344675,-0.104072432953096,-0.00718083559990034,-0.207085599587165,0.0395775060939668,-0.0229892450475828,0.0170359642504483,-0.256209187114106,-0.124658791126149,-0.192844909207897,-0.0599928424393759,-0.00737093593762641,0.263844160629412
"23",0.0688939518717879,-0.045610047284508,0.0533474943443117,0.222378761600022,0.0322381598577952,-0.119256677345997,0.217019703277275,-0.10457222683844,0.0767993153402843,-0.113515713462091,-0.101987886300263,0.104919850422837,0.0832098519970813,0.0867272585909293,-0.0570619644033706,0.101537993224935,-0.0124564687727927,0.139895620697228,0.0351722333059993,-0.132250839335073,0.0302285065551744,-0.00264985738993824,1,0.340375166721436,-0.14048563962318,0.0939530273097246,-0.178371975092598,-0.129995204752211,-0.0814133114262232,0.169247894921128,-0.00787035307278506,0.0856580097289369,-0.0116936763076988,0.0115877493038137,-0.0461273574455474,-0.187679912135877,0.0239942811379792,-0.0482605253050584,-0.257510826864685,-0.0734635636919601,-0.209131489740849,0.177606737006556,-0.0121955269871195,0.0112514356015042,0.0282502509716904,-0.00489089990784265,-0.114363437758654,0.102831872530832,-0.102073766726563,0.0550296630305898,-0.0125767823993697,0.0546309688067158,-0.108835181426849,-0.188420669355238,-0.0904796996732269,-0.0580710872240791,0.0657413510951316,-0.0638074561270875
"24",0.0152617108963236,-0.0431424418433247,0.113300195748743,0.114621605761091,0.111356713693103,-0.0789081492212918,0.0518170090591998,-0.0369232355982716,-0.0560396936857359,0.0253846602066341,-0.162246493114486,-0.0695391603856862,0.125521015375968,0.0625493616890382,-0.00996771689333862,0.0307787552930333,0.0436565691094753,-0.0118027451332479,0.175285709779234,-0.0495872330334267,0.0959376890914315,-0.0698842965119722,0.340375166721436,1,0.0603073908307427,0.134303650860089,0.0395042794412093,-0.0377095373009227,-0.0973678195834718,0.141232295039514,0.10265636693415,0.040091766038344,0.159531731712891,0.0743589128598599,0.0107144750109576,-0.108087910716124,-0.0247147657979739,-0.0203744590357904,-0.0544871039814052,-0.0713976224430354,0.0389828863524002,0.163205303881007,-0.0534504057658172,0.060011592097646,-0.177170154411333,0.111831598955015,-0.127134661208518,0.00344051878038264,-0.0337322279288981,0.0294572346166604,0.182473210497368,-0.0173887360534638,-0.116219228311362,0.0101969591559542,0.0818872931186227,0.19831314457912,-0.0624046975406703,0.0641744930375219
"25",-0.289429372703593,-0.00529031996929512,0.046067724146197,-0.103550643766685,-0.0840472254951962,0.143409718139954,0.172901057938535,0.162928880421929,-0.180977713857124,0.120772187183411,0.0308404775508266,0.056000827940975,-0.159425546573121,-0.0506381709261614,-0.10933846100459,-0.00615094791811698,0.0122749496387008,-0.00385345860924287,-0.201911635678632,-0.117908662833757,-0.0661321337034419,-0.155028017001001,-0.14048563962318,0.0603073908307427,1,0.0583569132234755,0.0419401078491815,0.0178126103751543,0.00045447974363062,-0.224224956167904,-0.220440445360706,-0.0997845190139645,0.128265032918027,0.0520418572796892,0.236897813648801,-0.050035550738778,0.0750830565190841,-0.0350710927015599,-0.0263728573661106,-0.0621336880188902,0.0594140138807482,-0.023333072965722,-0.0334845791092393,-0.150515859956878,-0.0632117842839602,-0.109169579326975,0.079422016612417,0.192863644307241,-0.136528672475026,0.0396803317541817,-0.0542208027552435,-0.167309412651893,0.0884009909544912,0.22593083480644,-0.0894363971051318,-0.0347623405777201,-0.053443343165165,-0.139931476287413
"26",-0.0352839468955247,-0.0506050885089358,0.0364033138672712,0.302078697927948,-0.0983495405918672,-0.179543936856166,-0.0492971143165527,-0.156602559065503,-0.0540461590815336,0.202522979187456,-0.11036249354774,0.181492805414187,-0.017408455669895,-0.0798980194866153,0.200853060833484,0.125451773662353,0.0895529116254705,-0.0427318602751926,0.185356513986425,0.0489982985092877,-0.0851077347364341,-0.0424501034930817,0.0939530273097246,0.134303650860089,0.0583569132234755,1,0.0387779686168562,-0.0179780927419823,-0.0988527837897685,-0.0823056114657928,0.246494055725795,0.17461464613379,-0.0324813353098798,0.201445600968723,0.071802600735881,0.00419441053387796,0.0157106486208822,0.066205174640073,0.114553168945715,0.117320396620776,-0.0294609674997227,-0.0356763739485109,-0.302701388826595,-0.0927665466512548,-0.348519650337287,-0.176023848122911,0.0843533965031146,0.0260351043414722,-0.135624380117887,-0.0533127716188915,0.136970345479732,0.150433072358841,0.0253783783257995,-0.0151788591998335,0.0872298938651627,-0.0488551155724094,0.0690152223183973,0.082582642035371
"27",0.00508990158858202,-0.150171933424138,0.00527491133739045,0.00958835051453656,-0.00905845842569007,0.0727525383933352,-0.0818324932489456,0.190603171572658,0.0673165675869544,0.064626298287731,-0.0709735494175184,0.0874049287382415,0.0536450537856618,-0.0583009421773118,0.0167138790448896,-0.055479299016738,0.0723986893824089,-0.214284513821965,0.036089732184565,0.11700858242355,-0.00260716446652859,-0.00541707775348996,-0.178371975092598,0.0395042794412093,0.0419401078491815,0.0387779686168562,1,0.041937187299611,0.126885257572565,0.00166263199945601,0.170810630582418,-0.1761928754804,-0.0495132209519359,0.0213612554146461,0.0720482159763785,-0.0553654285124054,0.0130009434258531,-0.103704882725438,0.0524490874270229,-0.0389711441857396,0.0198670728882697,-0.153031272064782,0.137771220218318,0.0584440351732074,0.0638965064645448,-0.079453770062279,-0.147452989776817,-0.29823440865837,0.235641056353609,-0.103155982409356,0.118501371611244,-0.102925645459853,0.0355644780354951,0.00674545597324923,0.0626423403629302,0.0995565009018493,0.0206074361346745,0.0513184113964124
"28",-0.0604117132025716,0.136516793999384,-0.18007500916177,0.0197335626641087,-0.155042764194197,-0.0565393871911239,0.0764140661110098,-0.047394713225027,-0.0356389040326287,-0.131954793872228,0.0633869377430324,-0.0807334308519314,-0.0191653946030863,-0.0788085995254756,0.00739491294478934,0.0601678388482142,0.065065024183405,-0.224261271657498,-0.0274946605120923,0.0646563273103901,0.0862876512758814,-0.0445852151478794,-0.129995204752211,-0.0377095373009227,0.0178126103751543,-0.0179780927419823,0.041937187299611,1,-0.0754335609745914,0.0881440584598496,-0.0723675580789467,-0.0884386596134838,-0.118996015761776,-0.00678708086586334,0.144315985097553,0.258780643644577,0.0365671867379097,-0.0660961003032414,-0.100574906242263,-0.188047521267248,0.114294077048692,-0.190618912924803,0.175643695228789,-0.174390247791531,-0.0251758172217479,0.238311803862227,-0.0823144811137569,-0.112460509263778,0.100255396588126,-0.0660607644667148,-0.155974490228586,-0.0451566094993815,0.0517980526285976,-0.0876257104454593,0.170926021976815,-0.0590165685750964,-0.0546046428785073,-0.0971385199770146
"29",0.112501644450331,0.259789936301565,0.0956089002288322,0.124490558213958,-0.0559083152473287,-0.0445683588916005,0.247346976271221,0.17322802542131,0.0383030277865657,0.0260246380280502,-0.0617687329095188,0.0192879536841286,0.0407795052774018,0.215779279621275,-0.101301966978785,-0.349162241189994,0.0396619036341166,0.196276883823859,-0.0198342491637334,-0.190550134288486,0.113680918800929,0.157705725709026,-0.0814133114262232,-0.0973678195834718,0.00045447974363062,-0.0988527837897685,0.126885257572565,-0.0754335609745914,1,0.129083913971847,0.0969696226541016,-0.148717701583416,0.00769797065396095,0.122292426411765,0.152805681802805,0.0389676482036618,-0.0362065719272243,-0.0255766278160234,0.153811342625682,0.146822780746428,-0.082519613453165,-0.114789714504124,-0.0234898077515987,-0.212033048406849,0.208784488773109,0.0740252214966198,-0.126932155179435,0.0876812529179993,0.0581326659393217,0.127910599470694,-0.0752370374061323,-0.0596277287047632,0.161042448587152,0.25252644130425,0.0261483016738704,-0.110794695968587,0.0242068091337805,0.0753081633396515
"30",0.0741428974678251,-0.0610939020647223,0.145352254964829,0.0502594122232776,0.0404455992385043,-0.0350610805552775,-0.0152265062677393,-0.083332458807355,-0.173720441213422,-0.225535088351582,-0.191993499630321,-0.0339956089284694,0.0255907761999603,0.116911211995951,-0.18779713090488,-0.0478006073795692,0.0580666177855979,0.045105257989007,0.0840224618682944,-0.0245892354278459,0.212178422775197,0.160518817358043,0.169247894921128,0.141232295039514,-0.224224956167904,-0.0823056114657928,0.00166263199945601,0.0881440584598496,0.129083913971847,1,0.0310592766363049,0.0378019169176725,0.0400156636038738,-0.097846528085357,0.0886446804234791,0.145447947881094,0.126256966196324,0.0627961473418367,-0.234615905018979,-0.0550725296673713,-0.0205820758278342,0.149212870088521,-0.151949668345276,0.0320284586918594,0.106677773001451,0.218014110981193,0.0618021428827437,0.0822294565056558,0.119046154038502,-0.0194443016764512,-0.0947273319158899,-0.0438839817289377,-0.00187546624755174,-0.00835672359502719,-0.0780385931745592,0.0263720621025468,-0.0739728929575308,0.0416441682745084
"31",-0.0520731873506134,0.0803610722467784,0.0286664939584056,0.184825770048617,-0.157420538055264,-0.189999250825183,-0.0880217634655546,0.0896646335510653,0.0324474532901993,-0.00632720868535209,-0.156465781913988,-0.148764420937942,0.0529409090172252,0.0974140426692388,0.0218061571242746,0.0155468874135485,0.274369120892067,-0.0547837544560349,0.478962751332602,0.265961437450433,-0.0480344109394882,0.0904137174198675,-0.00787035307278506,0.10265636693415,-0.220440445360706,0.246494055725795,0.170810630582418,-0.0723675580789468,0.0969696226541016,0.031059276636305,1,0.19678982813253,-0.0904638701415648,0.0129283554506084,-0.0250232618486731,0.160710073632718,0.0142342521941107,0.137100860624093,-0.0350312690278934,-0.127849398843331,0.0142489282502095,-0.0966129225513129,-0.178454045178732,0.0705150326320964,-0.0315507729442127,0.0271019204491287,-0.0352941288445208,-0.2405694824598,-0.00526942593835336,0.0288678640209289,-0.058881138904407,-0.112154254548805,-0.0783741386985735,-0.0144466825679518,0.150032994051654,0.146422617564576,-0.146673590104338,0.045372137246219
"32",0.183012293708144,-0.0404931152552136,0.121702943940969,0.0942426342018102,0.0819429337282756,-0.070131301812162,-0.0895877808488167,-0.0236925295700384,0.203977754699742,0.0134698742983973,-0.0947826630087424,0.0374567163315997,0.127088770292332,0.117373787330484,-0.208609215904802,0.0429880422967199,0.22951536969884,0.102686155690337,0.181251260591386,0.436620768244994,0.0120366195988781,0.270638816669636,0.0856580097289369,0.040091766038344,-0.0997845190139645,0.17461464613379,-0.1761928754804,-0.0884386596134838,-0.148717701583416,0.0378019169176725,0.19678982813253,1,-0.036054953676212,0.0978206553280175,-0.068268887261004,0.0574149518844095,-0.0540333581010232,0.204764228750453,-0.152913173178378,0.00262076407425635,0.103774414999637,0.166670309821059,-0.126506252119326,0.0234010859717329,-0.00913402991502043,-0.211000100969101,0.217470174775359,0.0965509577635326,0.0723932109666751,0.126540356318588,-0.0129433610635827,0.0198618057731328,-0.0900443287966793,-0.223049950362147,-0.135724087923434,0.0316792033742513,-0.0865678264041475,0.149675227716766
"33",-0.0659710775476176,-0.066243097093965,-0.0112663067725138,-0.0191435169410294,0.0313029915070313,-0.0833622557903183,-0.166243697882917,-0.137376244779034,-0.160352776373363,-0.082969398285157,0.0807768104827458,-0.0307375194874892,0.170653780702941,-0.0355817649722591,0.0351978964376814,-0.108028151441408,0.0389574849533475,-0.171510150485057,0.115014578061391,0.052171912946335,-0.0469611542076087,0.0719931709150244,-0.0116936763076988,0.159531731712891,0.128265032918027,-0.0324813353098798,-0.0495132209519359,-0.118996015761776,0.00769797065396095,0.0400156636038738,-0.0904638701415648,-0.036054953676212,1,0.154972377217973,0.140365886754576,0.0548772424535166,-0.158672596971667,0.0488227547482487,0.164743564288074,-0.0410602735845908,0.044233965845638,0.106751448288221,-0.232962370838025,0.024963154209259,-0.054093999636219,-0.164435290776896,0.0868107414205213,0.190383602333731,-0.0443869603018017,-0.195920559333823,0.0717249475554859,0.107929140918553,-0.0370220455544394,0.0549385940305874,-0.226392079944543,0.00843250166745102,-0.143915567845166,-0.0866108690250336
"34",0.00532592624006654,0.0852672563919559,-0.13016202644468,0.222625505908527,-0.144804140013868,-0.192307237831375,0.0377196641343027,-0.0878042013264119,0.287641317078908,0.235771919123984,0.144309556896164,-0.0187489533336276,0.0158714480011742,0.109790178296257,-0.0329459296219113,-0.139713699920732,-0.00245086859347337,0.103904176220729,0.103639058048996,-0.00326334137427642,-0.096455015274585,0.0106676784668603,0.0115877493038137,0.0743589128598599,0.0520418572796892,0.201445600968723,0.0213612554146461,-0.00678708086586334,0.122292426411765,-0.097846528085357,0.0129283554506084,0.0978206553280175,0.154972377217973,1,0.0945360862043732,0.168133426977602,0.00621125630977032,0.166046346972477,-0.0373062093529652,0.173025216286657,0.00049937467948062,0.0362719986085647,-0.105389386200642,-0.040466751221649,-0.14735333228575,-0.183425184588473,-0.100308757705984,-0.0217259214097125,-0.0131348365306237,0.166079250144768,-0.0662052680306961,0.0408984186947773,0.297589044057413,0.0695168177542529,0.108351951368587,0.0342245628483521,0.0186631731632078,0.053998470938566
"35",-0.175271039439898,0.118341298323828,0.188832011281907,0.0276805854815524,-0.140183910027706,0.0769510045737609,0.329610722334783,0.17175952117618,-0.123363744150638,-0.0538251509467109,-0.183008256476987,-0.0753947722177869,0.00927652293856791,0.14057845611186,-0.0719785963059626,-0.183278497308388,0.0670078056649234,-0.187005563933947,0.0743009112986268,-0.03993946296372,0.162539159245085,-0.0733938715576749,-0.0461273574455474,0.0107144750109576,0.236897813648801,0.071802600735881,0.0720482159763785,0.144315985097553,0.152805681802805,0.0886446804234791,-0.0250232618486731,-0.068268887261004,0.140365886754576,0.0945360862043732,1,0.111872801120973,0.0637262601645634,0.0398875362144623,0.172500838199336,0.0494474701033597,-0.212733245439156,-0.0410598932438671,-0.115191811373417,-0.0268797144651132,0.034708227688862,-0.0341010449144142,-0.100844946606608,0.137963497904656,-0.0455359514372006,0.150508139868292,-0.0806095150574658,-0.14129634582425,0.171753874189957,0.296251521610626,-0.0855340907197238,-0.0754988489051361,-0.189709920509969,-0.208584432731271
