"","l_Insular.Cortex","r_Insular.Cortex","l_Amygdal.Area","r_Amygdal.Area","l_Bed.Nucleus.of.the.Stria.Terminalis","r_Bed.Nucleus.of.the.Stria.Terminalis","l_Hippocampus","r_Hippocampus","l_Orbitofrontal.cortex","r_Orbitofrontal.cortex","l_Entorhinal.Cortex","r_Entorhinal.Cortex","l_Frontal.Association.Cortex","r_Frontal.Association.Cortex","l_Globus.Pallidus","r_Globus.Pallidus","l_Glomerular.Layer.of.the.Accessory.Olfactory.Bulb","r_Glomerular.Layer.of.the.Accessory.Olfactory.Bulb","l_Glomerular.Layer.of.the.Olfactory.Bulb","r_Glomerular.Layer.of.the.Olfactory.Bulb","l_Granule.Cell.Level.of.the.Cerebellum","r_Granule.Cell.Level.of.the.Cerebellum","l_Hypothalamic.Region","r_Hypothalamic.Region","l_Entorhinal.Cortex","r_Entorhinal.Cortex","l_Vermix.Molecular.Layer.of.the.Cerebellum","r_Vermix.Molecular.Layer.of.the.Cerebellum","l_Lateral.Molecular.Layer.of.the.Cerebellum","r_Lateral.Molecular.Layer.of.the.Cerebellum","l_Anterior.Olfactory.Bulb","r_Anterior.Olfactory.Bulb","l_Posterior.Olfactory.Bulb","r_Posterior.Olfactory.Bulb","l_Subiculum","r_Subiculum","l_Perirhinal.Area","r_Perirhinal.Area","l_PreLimbic.System","r_PreLimbic.System","l_Primary.Cingular.Cortex","r_Primary.Cingular.Cortex","l_Primary.Motor.Cortex","r_Primary.Motor.Cortex","l_Retrosplenial.Cortex","r_Retrosplenial.Cortex","l_Secondary.Cingular.Cortex","r_Secondary.Cingular.Cortex","l_Secondary.Motor.Cortex","r_Secondary.Motor.Cortex","l_Striatum","r_Striatum","l_Ventral.Tegmental.Area","r_Ventral.Tegmental.Area","l_Substantia.Nigra","r_Substantia.Nigra","l_Thalamus","r_Thalamus"
"1",1,0.265458933432146,0.240177678633438,0.132246648086684,-0.0580657399250208,0.0328810970300564,0.0738868367806576,-0.0810385411252135,0.38688680933687,0.146889963797416,0.210506951275364,0.334756249847077,-0.0664800691952687,-0.0421536793159385,0.082736692950478,0.0521807918870774,0.1554899115477,0.189827023382865,0.0626928610174907,0.189785248977232,-0.0656038287389902,-0.0275514636269574,-0.0497393639752097,0.104509020378782,0.102692256979419,0.114887931128291,-0.00823967536076631,-0.295023858590659,0.0478681723180427,0.18335989222425,0.294688947188231,0.0841350277508121,0.184749004521839,0.0997873280709011,0.174124393664819,-0.0344063616294073,0.0828681313334476,-0.0352466605498615,0.0133436514826249,0.038177129061125,-0.0764231619303822,-0.0544658257837578,0.0142477939815805,-0.0244231619634322,-0.0418917232169536,-0.0349369659568957,-0.116262234158346,-0.0380841286387807,0.0156949020524546,0.0452737703876342,0.152181848070661,-0.0974484453210456,-0.0235956644798728,0.0970133132026922,0.0232955918294991,0.0580203472892836,-0.00245138305050398,-0.0851719499495667
"2",0.265458933432146,1,-0.0123858896408825,0.11787993081381,0.0229570917212138,-0.00319795429923596,0.0539901176880365,-0.0524459116382892,0.182106797007149,0.314519708160622,0.155121108631068,0.261893673602179,-0.0936191361355833,0.0720357878718724,0.171609409539601,0.132023237071197,0.0303781019753612,0.163987871119954,0.0447292002948327,0.0390223918223371,-0.00699978459207023,-0.0146592350697769,0.037998622485895,-0.0206400292655358,0.112620221446055,0.0610892183790326,0.118864246077377,0.0416305151309168,0.24982279606056,-0.0700240079550442,0.0698129423750125,-0.0204865434422449,0.015199785888612,0.0879479767159704,0.125550713971702,-0.140585270287287,0.0615398507601718,0.0518496130144118,0.0753718841798469,0.0700914587707024,0.0811235725220363,-0.00032567583632652,-0.0270165741880721,0.203325011416547,0.00597341637097254,-0.0838749003556774,-0.0381709516286655,-0.0444171496214047,0.0465160739198517,0.0563982568293513,0.096637273575606,0.146637919624736,-0.0178389297693451,0.189331650396752,-0.0125451506853521,-0.227480440449527,0.0657002636078774,0.00922127485752079
"3",0.240177678633438,-0.0123858896408825,1,0.0127762121337278,0.082258656180138,0.0428434486813879,0.0814728811161678,0.00472484141012258,0.165954109013779,0.0149650817027664,0.0819338439364114,0.155549177293076,-0.0987389371020837,0.0638071674790297,0.0174894926319673,0.0031101806323086,0.0591763984622602,0.0675205681078964,0.051032137693185,0.179724078846821,-0.121541181610661,-0.00445611396664138,-0.0781328013718579,-0.0202259656325954,-0.00790538356008137,0.0893404273315899,-0.127311794565452,-0.173598196217548,0.0307487616370689,0.0264465370377899,0.216826327403809,-0.0620515123363086,-0.142687818928449,0.0897910681581515,-0.0701795391568113,0.00824679450151258,-0.0305429257989187,0.132877374892025,-0.10074544286164,0.00293393608507215,-0.139360127883929,-0.0013811979894858,-0.00487947416354677,0.100485561006822,-0.0502480395087746,0.0282410434874184,-0.068115958386768,0.135719769623774,-0.0157001064998579,0.0717604191132907,0.0593287122117598,0.0460434943038126,-0.00768244700397193,0.00658905229842128,0.00757412812649525,0.132717696231992,0.117344570985701,-0.114364098702166
"4",0.132246648086684,0.11787993081381,0.0127762121337278,1,-0.154047100648271,-0.0867701851417396,-0.174472524890816,-0.12189747418233,0.105800261812597,-0.127899344391959,0.137752038804009,0.222942517142188,0.0607103356536418,0.0154725739110798,0.0356584169834031,0.105050935192148,-0.122719034811294,-0.0133381336532928,0.018169143096436,0.0173443557134118,-0.15600181878965,-0.0160338350802671,-0.14801698669642,0.0869688973510995,0.0763770109007103,-0.0123323056139444,-0.0621107393266863,-0.0504819549395272,0.0687765295212026,-0.0981055373394103,0.0485750272505218,-0.0404085376100948,0.0272046010943234,-0.0700885961699648,-0.0955762948894988,0.00389988691472685,-0.0922504448463363,-0.0761956495472351,-0.0816577127719921,0.0859809056854231,0.213279775551009,-0.0506060287047159,-0.130828453300528,0.00769210929249298,-0.0840199426690349,0.07111272232683,-0.0959420655299006,0.051682963274061,0.300519945371061,0.0338047885645127,0.0751875552434199,0.0271802409461786,-0.106464098041516,-0.0978597355690438,0.0115677227558402,0.07405318651926,-0.154484401572554,-0.140745124949244
"5",-0.0580657399250208,0.0229570917212138,0.082258656180138,-0.154047100648271,1,-0.0382504066964397,0.110568953913466,0.074879837274527,-0.148603011942162,0.11072920606256,0.0800789016955192,-0.0315455226421154,-0.2330857265827,-0.0745367757889179,-0.0817004324525854,-0.079762901902586,-0.00155056885325571,-0.0561780480415725,-0.04577387091718,0.0193057987002247,0.0514700272043849,0.0844961047171938,0.0435346484253734,-0.0840269939421782,0.0313783843937172,-0.147506792872037,-0.106505140532667,0.165030581359369,0.00595322212240451,0.0785938081031767,-0.0746296542776097,0.0211151379304186,0.0121438143771253,0.0745290557784882,0.0440943841392782,-0.117499438575567,-0.0841018736456518,-0.0133037105082489,0.16460000100791,-0.0228407885242515,0.00501776948596839,-0.0405370991980338,0.0337353632705891,-0.068149707711242,-0.0574743242289029,-0.143043915464741,0.092703191639522,0.0438312835993678,-0.269618169499669,0.0244564570941179,0.156234783586757,0.0303371336609581,0.169381554948637,0.0244315672866308,0.107659374201285,-0.321252446366604,0.23104899611516,-0.00546561918147856
"6",0.0328810970300564,-0.00319795429923595,0.0428434486813879,-0.0867701851417396,-0.0382504066964397,1,0.0805671183911372,0.129816420363371,-0.106022856445738,-0.0906928278111089,0.170447220452696,-0.0170083826599384,0.0971926928069959,0.366315090826332,-0.04555979051059,0.118533851341793,-0.0499606743060331,0.208121479567664,-0.036889490802549,-0.0986447309339978,-0.131240190001072,-0.0772824880688608,0.103738001994638,0.00351626214302396,-0.0484848145966879,0.105841610121302,-0.192891139694828,-0.114673269921907,-0.00636222399243332,0.034313389085823,-0.0152350966655645,0.0414300376503587,0.105093654572753,0.0454840271807223,-0.101039652019108,-0.0992252655721576,-0.224029322889988,-0.125585035376212,0.144495662995191,0.147039543590847,-0.140667796286456,0.0665899013021194,0.0455856240965491,0.0164745919816093,-0.0624481053081883,-0.0186197524385396,-0.023935979073008,-0.00457749093612193,0.0958856904332918,0.315476172892444,-0.0607622001180688,-0.0209563595944719,-0.101880487006635,0.0420943438136461,-0.0697666735831868,-0.0829582552431922,0.157723897906418,0.131197447765976
"7",0.0738868367806576,0.0539901176880365,0.0814728811161678,-0.174472524890816,0.110568953913466,0.0805671183911372,1,0.283897280002304,0.0652121888792845,-0.0121977339914069,-0.0610218894012505,-0.108543251055715,0.0223738263979077,0.131953597530984,0.00821846435593836,-0.0593018506330622,-0.121101811332609,0.317326619669598,0.167678056337843,-0.0135918568198716,-0.0792618083582546,-0.14686565963703,0.0298578055688326,0.0760413888695139,-0.0539582270969974,0.0548083660619321,-0.255421020021223,0.137522053265014,0.177216337234578,0.192399725886748,0.109207310405683,0.154994550801613,-0.0926004194517561,-0.0308276144298991,0.275408895957259,0.20486687225608,0.0934431699527882,0.0235807815083012,-0.00429848887392243,0.0573950065914978,-0.168959476097817,-0.13273797976011,-0.0140654239041347,0.013973812123405,-0.0994622741957331,-0.0885694914102952,-0.107779254959306,-0.0925234463583431,-0.178041004525437,0.163562269762343,-0.166604884339871,-0.0962979844880302,-0.105403134349145,0.0785447467600153,0.0376503460831921,0.0233255538673645,-0.0607506960453367,-0.00657161015510762
"8",-0.0810385411252135,-0.0524459116382892,0.00472484141012258,-0.12189747418233,0.074879837274527,0.129816420363371,0.283897280002304,1,-0.0865943404076499,-0.109979865338871,-0.00210339585668765,-0.0904707446726642,-0.0849847104172874,0.234591050289577,-0.0355597855262782,-0.0694567858264729,-0.138228744872786,0.163423444726274,0.191168438785768,-0.0422601685255323,0.0306255398087376,-0.0484480840238078,0.235267067923598,0.0994022967785053,-0.00076194954787082,-0.0630076940075033,-0.137078096515785,0.0118290243676057,0.0207804050010827,-0.0300570609743414,0.0750626348798502,0.0822646058321738,0.0220455927200542,-0.00315746081189992,0.0363368250124239,0.284308778447152,0.0486164163222079,0.154893693174357,-0.0511638292852246,-0.039195933850946,-0.112013647298995,-0.0457586564352475,0.0831447998524651,-0.145779020105057,-0.159518344109712,0.0374740131299319,-0.127244768773119,-0.085756306236645,-0.195572113170005,0.0165464365701527,0.0562250516134801,-0.0170919578430867,-0.0469431744299414,0.0783632223844723,-0.0988845969828485,-0.14944160612626,-0.0577034273132936,-0.0231485479724779
"9",0.38688680933687,0.182106797007149,0.165954109013779,0.105800261812597,-0.148603011942162,-0.106022856445738,0.0652121888792845,-0.0865943404076499,1,0.224551370708131,0.0988725322948475,0.0590454357480135,0.0963751548367966,-0.171482973716458,0.0728658081559493,0.11046792932589,0.180098316685392,0.116412197275999,0.147771787722671,0.30746725064834,-0.00040379019615238,0.0986243990699094,-0.196063952531508,-0.0655682122520656,-0.142827761471828,0.0851813777790233,0.008977340583384,-0.128249744376,-0.00236516011691212,0.233944225663401,0.209153378551175,0.0907412698329147,0.0686017021873497,-0.0393050923578981,0.0448161981437502,-0.0704680207259119,0.150215185463036,-0.0371125021590622,-0.066845590621564,0.0660348978338887,-0.0852152648399518,-0.0756208605670539,0.170409871030314,0.247080559882514,0.0254283068870601,-0.176030599672874,-0.123966427329793,-0.097936480362415,0.20008487641433,-0.0247867833739518,-0.0075044194707621,-0.167677732485599,0.0473177984865395,-0.0101966217432401,-0.0822284405582028,0.152171443186301,-0.00163601089844719,-0.132814218870688
"10",0.146889963797416,0.314519708160622,0.0149650817027664,-0.127899344391959,0.11072920606256,-0.0906928278111089,-0.0121977339914069,-0.109979865338871,0.224551370708131,1,0.0341604990041192,-0.078067880140126,0.048504468681888,0.00806954444682702,0.0900249145887697,0.08600355180446,0.300056709314698,0.099196791767971,0.140847808751769,0.0815391682604289,0.100912084275948,0.148947646068248,-0.0253393237167849,-0.132224985624457,-0.0559558442666117,-0.0854022926242829,0.234353645789642,0.109366384541078,0.156900129009271,0.164275621960062,0.248063650735381,-0.14578811422787,-0.0620082954504366,0.0321447851629571,0.243110413556126,-0.057275054775602,0.334874738691374,0.130727895570741,-0.0116060794299419,-0.126872344631256,-0.26948323989311,-0.202053380993257,0.147966081488431,0.264791674516879,0.292011626497113,0.0309923996562153,-0.199233701959432,-0.269073075614906,-0.0519120735513993,0.113271365276965,0.275190438501344,0.122502790941024,-0.0334789643432499,0.226514827001911,0.105538739732679,-0.0748129547960469,0.0936750664292963,-0.00532702842253947
"11",0.210506951275364,0.155121108631068,0.0819338439364114,0.137752038804009,0.0800789016955192,0.170447220452696,-0.0610218894012505,-0.00210339585668765,0.0988725322948475,0.0341604990041192,1,-0.0451058251375983,-0.0384329647170288,0.0884055652485821,0.255993842276778,0.0795666552068467,0.0369234871721768,0.0841521976934638,-0.0680868907358355,0.016723529248402,-0.148088549993631,-0.103930374462543,0.0372517967929234,-0.141094292798015,0.0184514574282229,0.0378849490393178,-0.0514542100352026,0.0806793694820789,-0.0443391153915964,0.0600927567769387,-0.0831893518564516,0.0172950864461166,0.264737281777087,0.263275819252792,-0.094649087432016,0.0951000171728061,-0.0310380502529596,-0.1132817139064,0.184010840488043,0.201611963295396,0.0638910992028384,-0.0161467736335565,0.0899204042472265,-0.0173242273786344,0.00467659962538032,-0.102722765006847,0.0660449260673569,-0.0869345415297717,0.113146888072253,0.162020894649657,0.00675228786213922,0.0238624981943425,-0.14423311259283,-0.135606196037939,0.0715068082135275,-0.196764975181663,0.0403212028123879,-0.0382814767176009
"12",0.334756249847077,0.261893673602179,0.155549177293076,0.222942517142188,-0.0315455226421154,-0.0170083826599384,-0.108543251055715,-0.0904707446726642,0.0590454357480135,-0.078067880140126,-0.0451058251375983,1,-0.0868527306976073,-0.0895159946976753,0.223307161601415,0.0124205189319961,0.0186881618182141,0.00591485277618119,-0.158717482120471,0.00223347187414443,0.259793752055964,-0.04581803225596,0.0355196871316921,-0.194825726717025,0.0155081877970918,-0.123344891923951,-0.0740451595995254,-0.28254677641053,0.119916553529158,0.016965769065176,0.196354729733998,0.0379813458436197,0.112328051339266,0.0581299064793594,0.0775932739641754,-0.0330450166193959,-0.167447138150804,0.0780133515820688,0.14914095658884,0.122462986241167,0.129351857078573,0.0686575699354045,0.0194699112273259,-0.145012651694048,-0.102910710612622,0.238630671205389,0.122691244622164,0.15738385555795,0.151144113406821,0.0385679431438419,0.0479197240744818,0.0108389632188465,0.137112378392383,0.161596299926716,-0.0439989217520243,0.0986905291474053,-0.0585470797865833,-0.15005788258829
"13",-0.0664800691952687,-0.0936191361355833,-0.0987389371020837,0.0607103356536418,-0.2330857265827,0.0971926928069959,0.0223738263979077,-0.0849847104172874,0.0963751548367966,0.048504468681888,-0.0384329647170288,-0.0868527306976073,1,0.114823927536577,0.025226984879308,0.0171579342828272,0.0855690877706091,0.0924529516132053,0.00851129355084563,0.0873241533765709,-0.0677567639692841,-0.00329622847973523,-0.00781588712637542,0.0927806516534067,0.148677915927882,0.0756928153307812,0.0289350814103579,-0.0762839809605491,0.0562783032750532,-0.131549239683422,0.0312015004377327,-0.025886901366132,-0.03417834847412,0.127806085101834,0.00079848146540688,-0.104661333694178,0.161427788032374,-0.0358126256622551,0.0735623541322516,0.111087630852448,-5.99002031949499e-05,-0.137909400458708,-0.0118118445561518,-0.0338445443663995,0.0882883425396426,0.06453678294783,0.172150069620383,0.0835770676789691,0.42854067862616,0.0128826399848993,0.0760822657688487,-0.0834692865118929,-0.195636819540402,-0.142350475659145,-0.123076538277106,0.273552903244384,-0.0399027779504802,0.0397799951209674
"14",-0.0421536793159385,0.0720357878718724,0.0638071674790297,0.0154725739110797,-0.0745367757889179,0.366315090826332,0.131953597530984,0.234591050289577,-0.171482973716458,0.00806954444682702,0.0884055652485821,-0.0895159946976753,0.114823927536577,1,0.231637242369417,0.123249807037819,-0.121746019327316,0.361174332349562,0.0794532008827203,-0.0747826525296612,-0.00159068423515305,-0.0844891952259358,0.0521723520645119,0.190027521911323,0.0495489919802416,0.106797361511093,0.0399359497880752,-0.0252614240070071,0.0923925878713627,-0.0783594599457839,0.0702109758906222,0.0806261912298697,-0.00635175709618604,0.170408739232888,-0.200355286854941,0.155114074078606,0.0480001351206813,0.158605987875245,0.118055368160218,0.208741295728748,-0.102541874390782,-0.0245498349975512,-0.036550842418191,-0.0254598749442549,-0.0915272974032617,0.0460733749657189,-0.120452447504219,-0.128655965057685,0.0263600348165436,0.520985559218491,0.0379962476748638,0.0148227052496509,-0.0914140814982333,0.0261609973958194,-0.102971444518198,0.0462505000157274,-0.0522062524196647,0.114711341633279
"15",0.082736692950478,0.171609409539601,0.0174894926319673,0.0356584169834031,-0.0817004324525854,-0.04555979051059,0.00821846435593836,-0.0355597855262782,0.0728658081559493,0.0900249145887697,0.255993842276778,0.223307161601415,0.025226984879308,0.231637242369417,1,-0.0594332145887091,-0.0367340424930862,0.112231870783038,0.0580813191732712,-0.0466256890066148,0.0628009444441102,-0.302814989096047,0.0102563411124528,-0.0296409732213219,-0.0363308370109586,0.087121769932356,0.0632750318552495,-0.109657728322569,0.0767365283392996,0.0293226386456085,0.150803576920321,0.169285736349269,0.145442525811616,0.143349544600537,0.0905634523366169,-0.0201197797127519,-0.139334400942286,0.202362133049265,0.0188749601709252,0.121631801493961,0.0665946206694606,-0.145794366538994,0.0291333155284237,-0.119980972075215,0.0335173636489958,0.117828587329923,0.117746982990119,-0.070443527828764,0.124499134475117,0.23798538130426,0.0999971971389534,-0.0455842437245964,0.0471469769191809,0.0219222132341995,0.13970243783913,-0.0584469127618652,0.0798763036399715,-0.0400905541968978
"16",0.0521807918870774,0.132023237071197,0.0031101806323086,0.105050935192148,-0.079762901902586,0.118533851341793,-0.0593018506330622,-0.0694567858264729,0.11046792932589,0.08600355180446,0.0795666552068467,0.0124205189319961,0.0171579342828272,0.123249807037819,-0.0594332145887091,1,-0.0198613588818709,0.116505858139453,-0.190520730982264,0.139974994107617,0.0834119234236358,0.110979290585408,-0.0675407301859955,0.00932736320943405,0.0214873811281139,0.0591134897726645,0.00180608705331059,0.103827398801549,0.0494555982142527,0.0103799603186608,-0.0451146178126923,-0.12181784225854,-0.0891679689700948,0.0708239783729584,-0.0838741756273741,-0.0132377425488058,0.118644173555151,0.106200161268819,-0.0293924288421068,0.125476952363873,-0.121339499379187,-0.0168845248248116,0.0386110159445292,0.05691725789728,0.233834488549936,0.142861133980573,-0.116324564239381,-0.0183999570552513,0.171471439957407,0.0909954035131785,-0.0538021955972075,-0.023150877757681,0.180185830801337,-0.00267402292990091,0.027486738161744,0.0881801242336496,0.0242216417696027,0.0591822731652137
"17",0.1554899115477,0.0303781019753612,0.0591763984622602,-0.122719034811294,-0.00155056885325571,-0.0499606743060331,-0.121101811332609,-0.138228744872786,0.180098316685392,0.300056709314698,0.0369234871721768,0.0186881618182141,0.0855690877706091,-0.121746019327316,-0.0367340424930862,-0.0198613588818709,1,0.0867695363708094,0.0719791289072258,-0.0168582227283977,0.073489334747629,0.358178638531137,-0.226941200611606,-0.137124010342672,0.221251022793306,-0.0771648702491171,0.111051674303202,-0.100533579439155,0.0400064195263046,0.0947997244096466,0.174717766994514,-0.0733372962811164,0.272380594746177,0.0666477113332985,0.111131429206247,-0.148070990679858,-0.0227956663222189,-0.106537090689536,0.221829958969214,-0.0190446242819459,-0.206151990367286,-0.0366677756966274,0.0494677938966775,-0.00924667350988154,0.03293670066239,-0.0221357463603433,-0.122110085478155,0.0323286476951907,0.0666464363303035,-0.132057646720409,0.00123059177402653,0.00717315613682175,0.142507938487429,-0.0661946002509163,0.14151349950927,-0.15482737575532,-0.067092293368953,0.0865866315526324
"18",0.189827023382865,0.163987871119954,0.0675205681078964,-0.0133381336532928,-0.0561780480415725,0.208121479567664,0.317326619669598,0.163423444726274,0.116412197275999,0.099196791767971,0.0841521976934638,0.00591485277618119,0.0924529516132053,0.361174332349562,0.112231870783038,0.116505858139453,0.0867695363708094,1,0.156507148866423,0.131338947781786,-0.123653582844599,0.0226408841762631,0.0757334838028569,-0.0688626297517542,0.139742583721337,0.0294720248190174,-0.00315195669249067,-0.0999652505201663,0.180481893187985,0.0460604639671808,0.22202305885137,0.225690343285241,0.0153204359991259,0.196487611573739,-0.0768637878064202,0.0145413031391376,0.0125289359456854,-0.00330177800064609,0.0589440295820666,0.061385351767706,-0.213096564301448,-0.229923406372187,0.185433484388751,0.0942296843506296,-0.0176714648022392,-0.00696767244159423,-0.173872326648234,-0.188918859444461,0.114498388820265,0.373983265815426,0.0316400326501913,-0.0961288071190884,-0.0783633319032089,0.0420419660425295,-0.0717121396270868,0.0443779016609748,-0.127121127260172,-0.0574143983346153
"19",0.0626928610174907,0.0447292002948327,0.051032137693185,0.018169143096436,-0.04577387091718,-0.036889490802549,0.167678056337843,0.191168438785768,0.147771787722671,0.140847808751769,-0.0680868907358355,-0.158717482120471,0.00851129355084563,0.0794532008827203,0.0580813191732712,-0.190520730982264,0.0719791289072258,0.156507148866423,1,0.234569307094074,-0.16074486717141,0.0937583615504831,-0.0602676700688383,-0.102419409861589,-0.0304272334989474,-0.0536382195926027,-0.0166904479881248,-0.00769597644535367,0.144344554923498,0.21096866873148,0.497877924914642,0.398144920400983,0.0550821743710131,-0.0526701252283807,0.102039752603975,0.0701914915762713,-0.041888350734668,-0.0225054576100659,-0.207759449704258,-0.231658407429959,-0.10974692518106,-0.236607501650057,-0.0538120150956914,0.278798630280803,-0.0942372889335404,-0.164933028184302,-0.252576937667135,-0.205762385653432,-0.137442751079226,0.0881359987972489,-0.0219907773506686,0.0240245133867912,0.0637396474743523,0.197082341539234,0.0805757971652434,-0.0803811419442459,-0.092000650304819,-0.0190999421835148
"20",0.189785248977232,0.0390223918223371,0.179724078846821,0.0173443557134118,0.0193057987002247,-0.0986447309339978,-0.0135918568198716,-0.0422601685255323,0.307467250648341,0.0815391682604289,0.016723529248402,0.00223347187414443,0.0873241533765709,-0.0747826525296612,-0.0466256890066148,0.139974994107617,-0.0168582227283977,0.131338947781786,0.234569307094074,1,-0.0564171974391615,-0.0242183344377555,-0.0618928601744702,-0.0475185705106379,-0.204202510266405,0.00865381111933531,0.0491844194912104,-0.0749401528011873,0.0570851956363897,0.138167996205006,0.138942259723237,0.251840224166596,-0.105278122811455,-0.00162208596664539,0.085939604416372,-0.0215275735930829,0.134364607392933,0.140105552290608,-0.0721256612482342,-0.0427694526024824,-0.0608503098932972,0.0375397635229627,0.14947891882576,0.186456629664298,-0.103061082671419,-0.111355873166344,-0.140606098865885,-0.189142348900005,0.114305566428133,0.071306150978182,0.0951892084433002,-0.0433361609775933,0.249065100232238,0.0755342296145921,-0.0111970631524694,0.129265399002889,0.0741373855939751,0.00036230062775584
"21",-0.0656038287389902,-0.00699978459207023,-0.121541181610661,-0.15600181878965,0.0514700272043849,-0.131240190001072,-0.0792618083582546,0.0306255398087376,-0.00040379019615238,0.100912084275948,-0.148088549993631,0.259793752055964,-0.0677567639692841,-0.00159068423515305,0.0628009444441102,0.0834119234236358,0.073489334747629,-0.123653582844599,-0.16074486717141,-0.0564171974391615,1,0.0963714468951438,-0.00110699588393777,-0.170336613437895,-0.101335259188351,-0.119063153258135,0.134814391132624,0.104061694037191,0.1227918128941,0.0142623935249415,-0.0637264827872368,-0.121566535509525,0.0668570226014741,-0.0428706575382982,0.0956129553187883,0.144372132468045,0.0404933370488318,0.259534486828334,0.114432997956697,0.166319793766126,0.0162330818978385,0.107386438598795,-0.0319350336250119,-0.07423620310941,0.160660463343551,0.311337643446262,0.270978304652577,0.311306049111812,-0.0122523415773846,-0.0790294533599183,-0.169360728470402,0.0178947317707361,0.144173827930151,0.103583349137371,0.00374916298550894,-0.0544353011416321,0.0150848946179002,0.207981219988424
"22",-0.0275514636269574,-0.0146592350697769,-0.00445611396664138,-0.0160338350802671,0.0844961047171938,-0.0772824880688608,-0.14686565963703,-0.0484480840238078,0.0986243990699094,0.148947646068248,-0.103930374462543,-0.04581803225596,-0.00329622847973523,-0.0844891952259359,-0.302814989096047,0.110979290585408,0.358178638531137,0.0226408841762631,0.0937583615504831,-0.0242183344377555,0.0963714468951438,1,-0.0841131644231953,-0.306752064656019,0.141400821775481,-0.0319868489779466,-0.0343298963651603,0.0476292574524769,0.0876900596469831,-0.0698210037468372,0.118323217888635,-0.104150599966021,0.102669343898016,0.0483851526620098,-0.18814887651157,-0.0743411627340907,0.224398229397147,-0.183450385220775,0.182105923459418,-0.0521610239408381,-0.0618708148182274,0.068684988261947,0.0184996826104743,-0.0337069033118669,0.0886634042237068,-0.013180835149482,-0.0203070988651824,-0.0370251206849267,0.17463618220394,-0.178933294046385,-0.019371773493728,-0.0515786234430935,0.0983776394229902,-0.105467666519012,0.0159098927798865,-0.159851854888056,-0.0167563381720063,0.0213101841806676
"23",-0.0497393639752097,0.037998622485895,-0.0781328013718579,-0.14801698669642,0.0435346484253734,0.103738001994638,0.0298578055688326,0.235267067923598,-0.196063952531508,-0.0253393237167849,0.0372517967929234,0.0355196871316921,-0.00781588712637542,0.0521723520645119,0.0102563411124528,-0.0675407301859955,-0.226941200611606,0.0757334838028569,-0.0602676700688383,-0.0618928601744702,-0.00110699588393778,-0.0841131644231953,1,0.0157065015977545,0.00384419203286303,-0.130274764478652,-0.163722293790492,0.206561376060362,-0.10961664368331,-0.193149988709631,-0.0827740529786173,-0.0949668006635155,-0.0474357404879456,-0.0189867555834004,-0.085794703918106,-0.058360588504727,-0.00963930781682347,0.0621779532339954,-0.0532027835308227,0.0609116670652279,0.0976590562532752,0.169706683470985,0.0740034968641715,0.0100122562460811,0.0081895817386934,-0.106996972568931,0.113921012465203,0.107465884340177,-0.0977001292699482,0.147356481944534,0.0337138688078044,0.0674858957186073,-0.0961030650758371,0.223981123507266,-0.0600884078910529,-0.0400708638286935,0.0133911656477408,0.0734994719085672
"24",0.104509020378782,-0.0206400292655358,-0.0202259656325954,0.0869688973510995,-0.0840269939421782,0.00351626214302396,0.0760413888695139,0.0994022967785053,-0.0655682122520656,-0.132224985624457,-0.141094292798015,-0.194825726717025,0.0927806516534067,0.190027521911323,-0.0296409732213219,0.00932736320943405,-0.137124010342672,-0.0688626297517542,-0.102419409861589,-0.0475185705106379,-0.170336613437895,-0.306752064656019,0.0157065015977545,1,0.0222953604418458,-0.0153071489871732,0.0495791416712137,-0.127683994780468,-0.0736015268513606,-0.178251918532948,-0.169267222037582,0.0088856914173142,-0.14816662379683,-0.0626925571558498,-0.00296687936982823,0.0324704963175082,-0.0390354950362985,0.103376792634241,-0.140789637401826,0.0526389256244498,0.0381773042498388,0.0238788896495833,-0.118019169217206,-0.120796963900566,-0.1295761963912,-0.0206662419539713,-0.0344782736862481,0.170871294679659,-0.138132149543222,-0.0871874977992873,0.127133422963056,-0.0439841460896933,-0.119961719616056,-0.0282440636003676,-0.00434381317842537,0.175870413494479,0.0403311490227306,0.025769062665189
"25",0.102692256979419,0.112620221446055,-0.00790538356008137,0.0763770109007103,0.0313783843937172,-0.0484848145966879,-0.0539582270969975,-0.00076194954787082,-0.142827761471828,-0.0559558442666117,0.0184514574282229,0.0155081877970918,0.148677915927882,0.0495489919802416,-0.0363308370109586,0.0214873811281139,0.221251022793306,0.139742583721337,-0.0304272334989474,-0.204202510266405,-0.101335259188351,0.141400821775481,0.00384419203286303,0.0222953604418458,1,-0.0174485118497399,-0.00255207538582025,-0.124292500732293,-0.117908818026742,-0.156617979287508,-0.0320522296430717,-0.0959017526369838,0.02510944353716,-0.0747537580489625,-0.0841645813871402,-0.0722579536160918,0.00922261120557913,-0.0849055632238216,-0.00106219785873384,0.125392898143987,-0.0361143152963788,-0.0352523811256308,-0.0863317301960697,-0.225183646134158,0.0573908617615811,0.0228623207454426,0.0354912224459846,0.0963722110671432,-0.10259071026187,-0.0138071450545348,0.0749426857655268,-0.288799164982368,-0.144094896644273,-0.121984389457961,-0.0259007962766424,-0.151276009788741,-0.178686767639851,0.0133169392137169
"26",0.114887931128291,0.0610892183790326,0.0893404273315899,-0.0123323056139444,-0.147506792872037,0.105841610121302,0.0548083660619321,-0.0630076940075033,0.0851813777790234,-0.0854022926242829,0.0378849490393178,-0.123344891923951,0.0756928153307812,0.106797361511093,0.087121769932356,0.0591134897726645,-0.0771648702491171,0.0294720248190174,-0.0536382195926027,0.00865381111933531,-0.119063153258135,-0.0319868489779466,-0.130274764478652,-0.0153071489871732,-0.0174485118497399,1,0.015759095137157,0.0167611202908767,-0.0129463409531833,0.142298856807378,-0.0204349002621949,0.160432754636348,-0.150482123291457,0.179259531507919,0.0732830020924873,0.00622783588355467,0.0714632716009674,0.115993763490379,-0.163933974450593,-0.116762474774302,-0.134747205227928,-0.246397514226844,-0.00219269918097998,0.0599613137002563,0.0707590487828184,-0.00325287517685352,-0.118924065185117,-0.202830861556323,0.129419312111853,-0.0614362175867493,-0.139308859089902,-0.0562037214134582,0.0813505350824366,-0.0310405742381309,-0.161575206133913,0.050506754393573,0.238468557024615,0.184872665638718
"27",-0.00823967536076631,0.118864246077377,-0.127311794565452,-0.0621107393266863,-0.106505140532667,-0.192891139694828,-0.255421020021223,-0.137078096515785,0.008977340583384,0.234353645789642,-0.0514542100352026,-0.0740451595995254,0.0289350814103579,0.0399359497880752,0.0632750318552495,0.00180608705331059,0.111051674303202,-0.00315195669249067,-0.0166904479881248,0.0491844194912104,0.134814391132624,-0.0343298963651603,-0.163722293790492,0.0495791416712137,-0.00255207538582025,0.015759095137157,1,0.0730570049902963,0.0631569658310251,-0.0847042558529957,-0.180379943275885,0.0448825982619795,-0.108669210822355,0.079391742382108,0.124360530298205,-0.119994722532266,0.14929071109106,0.141243676026288,0.0991739454993093,-0.0849450434741391,0.0630029534110894,-0.00441309138891682,-0.0320423959257106,0.0181811081417338,0.0239285642096042,-0.0575089869505211,-0.0440448760500431,-0.0773605414779436,-0.00890027201403943,0.0527476262095139,-0.010933181360051,0.107490873752813,0.00701339197534199,-0.0120169038449395,0.063943128820342,0.0322783570591297,-0.0284822556206222,-0.0485461765418596
"28",-0.295023858590659,0.0416305151309168,-0.173598196217548,-0.0504819549395272,0.165030581359369,-0.114673269921907,0.137522053265014,0.0118290243676057,-0.128249744376,0.109366384541078,0.0806793694820789,-0.28254677641053,-0.0762839809605491,-0.0252614240070071,-0.109657728322569,0.103827398801549,-0.100533579439155,-0.0999652505201663,-0.00769597644535367,-0.0749401528011873,0.104061694037191,0.0476292574524769,0.206561376060362,-0.127683994780468,-0.124292500732293,0.0167611202908767,0.0730570049902963,1,0.093753013483794,0.0517395960760908,-0.266754595709064,-0.0972770288133123,-0.139289126626034,0.0595619099371165,-0.0516310074780624,0.0882687011891595,0.0631406522860376,0.170568392681038,-0.0179455476681122,-0.0394299973076147,0.092850759717509,0.0217088749685681,-0.0132524051767076,-0.0136980007199989,0.106706837052825,-0.11856987286941,0.00869306108225197,0.0255691399723513,-0.0206726469680735,-0.0337544087033954,-0.199179347830045,0.186513633124259,0.00181713546107914,0.153316596269802,-0.024023086735607,-0.0915780668377212,0.103704273890132,-0.0344646025687314
"29",0.0478681723180427,0.24982279606056,0.0307487616370689,0.0687765295212026,0.00595322212240451,-0.00636222399243332,0.177216337234577,0.0207804050010827,-0.00236516011691212,0.156900129009271,-0.0443391153915964,0.119916553529158,0.0562783032750532,0.0923925878713627,0.0767365283392996,0.0494555982142527,0.0400064195263046,0.180481893187985,0.144344554923498,0.0570851956363897,0.1227918128941,0.0876900596469831,-0.10961664368331,-0.0736015268513606,-0.117908818026742,-0.0129463409531833,0.0631569658310251,0.093753013483794,1,0.0644634150728523,0.223875646562408,0.166471713037734,0.0513601639073599,0.0135241668831452,0.0169482443021661,-0.0328433218842562,-0.00958544279121715,0.115368145177386,0.0812360423083459,-0.13740161342634,-0.136780100058902,-0.0860279728971989,-0.13099234890906,-0.0746363845705627,0.0111168890370164,0.00478925542735384,-0.1081718963432,-0.254816776783451,0.107480129361627,0.19027127539955,-0.195718962201189,0.088039233061078,0.0291849468003291,0.256463981794261,0.162528306501083,-0.0997560352537674,0.0951912566646444,0.0333397110494359
"30",0.18335989222425,-0.0700240079550442,0.0264465370377899,-0.0981055373394103,0.0785938081031766,0.034313389085823,0.192399725886748,-0.0300570609743414,0.233944225663401,0.164275621960062,0.0600927567769387,0.016965769065176,-0.131549239683422,-0.0783594599457839,0.0293226386456085,0.0103799603186608,0.0947997244096466,0.0460604639671809,0.21096866873148,0.138167996205006,0.0142623935249415,-0.0698210037468372,-0.193149988709631,-0.178251918532948,-0.156617979287508,0.142298856807378,-0.0847042558529957,0.0517395960760908,0.0644634150728523,1,0.298128165996413,0.210266656843743,0.0136678165037404,0.0596353279997246,0.143846174883505,0.024991604226735,0.0797949428819601,0.0957036635414762,-0.121966831847221,-0.218015731235136,-0.131749532643811,-0.181589404788287,0.137260340183274,0.0751350947151924,0.122958935230361,-0.0671390468716399,-0.191206516720881,-0.227226893475902,-0.0359661627294635,0.0129758463091141,-0.161857258427432,-0.0466706484355131,0.01436460560687,0.0495852358010199,0.0648365847530127,-0.00336628738294372,0.0243020503568227,-0.0370896361379314
"31",0.294688947188231,0.0698129423750125,0.216826327403809,0.0485750272505218,-0.0746296542776097,-0.0152350966655645,0.109207310405683,0.0750626348798502,0.209153378551176,0.248063650735381,-0.0831893518564517,0.196354729733998,0.0312015004377327,0.0702109758906222,0.150803576920321,-0.0451146178126923,0.174717766994514,0.22202305885137,0.497877924914642,0.138942259723237,-0.0637264827872369,0.118323217888635,-0.0827740529786173,-0.169267222037582,-0.0320522296430717,-0.0204349002621949,-0.180379943275885,-0.266754595709064,0.223875646562408,0.298128165996413,1,0.155569804595469,-0.0154796143334888,0.0160999474137982,0.175713616138811,0.0681744362264068,-0.0882375997715297,0.0393791079206552,-0.0859290007738767,-0.264806326552182,-0.230731623657053,-0.23280724673408,0.191733148844328,0.208187977554468,0.0843110537874331,0.112916884485425,-0.290112325168917,-0.291952894613236,0.175430597691478,0.146181694877348,0.0461417417257893,0.0438049837737806,0.173537878899742,0.216397894588674,0.101946546123863,-0.00592977222636513,0.0566034548225143,-0.0210008355156557
"32",0.0841350277508121,-0.0204865434422449,-0.0620515123363086,-0.0404085376100948,0.0211151379304186,0.0414300376503587,0.154994550801613,0.0822646058321738,0.0907412698329147,-0.14578811422787,0.0172950864461166,0.0379813458436197,-0.025886901366132,0.0806261912298697,0.169285736349269,-0.12181784225854,-0.0733372962811164,0.225690343285241,0.398144920400983,0.251840224166596,-0.121566535509525,-0.104150599966021,-0.0949668006635155,0.0088856914173142,-0.0959017526369838,0.160432754636348,0.0448825982619795,-0.0972770288133123,0.166471713037734,0.210266656843743,0.155569804595469,1,0.138960416267941,0.102055185260096,0.0974312894651121,-0.0165209640481507,-0.198449672607396,-0.0506988796415721,-0.139030165519262,-0.244590149030956,-0.0674023671076167,-0.193969340865393,0.122257752578971,-0.0402931413407654,-0.114417313366456,-0.094141237663412,-0.155719549921039,-0.349518347328144,0.0520264432757459,0.0310480455870096,-0.120635662867547,0.0333951104283603,0.219157056741687,0.144165880465306,0.0245087391663215,0.0160695687875364,0.11371940442736,0.0283786795396118
"33",0.184749004521839,0.015199785888612,-0.142687818928449,0.0272046010943234,0.0121438143771253,0.105093654572753,-0.0926004194517561,0.0220455927200542,0.0686017021873497,-0.0620082954504367,0.264737281777087,0.112328051339266,-0.03417834847412,-0.00635175709618604,0.145442525811616,-0.0891679689700948,0.272380594746177,0.0153204359991259,0.0550821743710131,-0.105278122811455,0.0668570226014741,0.102669343898016,-0.0474357404879456,-0.14816662379683,0.02510944353716,-0.150482123291457,-0.108669210822355,-0.139289126626034,0.0513601639073599,0.0136678165037404,-0.0154796143334888,0.138960416267941,1,0.161311332601989,-0.0354121696761794,-0.00267618834021358,-0.0491328014378101,-0.231447108211519,0.405032513315981,0.18194507196993,0.138905663258653,0.0213210826425652,-0.00206279246004651,-0.252646194432612,-0.199755293418416,-0.212932448246176,0.213918653351862,0.0636029778012209,-0.00929010008042028,-0.0935258079485757,0.022108868586866,0.0117500301070644,-0.130421340418065,0.00395700097574052,0.17369037138481,-0.127685449806062,-0.186436993725665,-0.0877772246826964
"34",0.0997873280709011,0.0879479767159704,0.0897910681581515,-0.0700885961699648,0.0745290557784882,0.0454840271807223,-0.0308276144298991,-0.00315746081189992,-0.0393050923578981,0.0321447851629571,0.263275819252792,0.0581299064793594,0.127806085101834,0.170408739232888,0.143349544600537,0.0708239783729584,0.0666477113332985,0.196487611573739,-0.0526701252283807,-0.00162208596664539,-0.0428706575382982,0.0483851526620098,-0.0189867555834004,-0.0626925571558498,-0.0747537580489625,0.179259531507919,0.079391742382108,0.0595619099371165,0.0135241668831452,0.0596353279997246,0.0160999474137982,0.102055185260096,0.161311332601989,1,-0.0117413044927984,0.0881341293252476,0.0854840428407254,0.0834374443566405,0.0568022001777906,0.0344629123486364,-0.0316776068028764,-0.172295268884649,0.0329237762375585,-0.0197577241267592,0.155822713693004,0.0855879378253868,0.0596712523360168,-0.0129839596897628,0.111926821110178,0.0501692630671979,0.101608142867252,0.137762355121496,0.10678541450719,-0.0411386613897601,-0.215722728572987,-0.00534983190180162,0.144361647369686,-0.130541961766915
"35",0.174124393664819,0.125550713971702,-0.0701795391568113,-0.0955762948894988,0.0440943841392782,-0.101039652019108,0.275408895957259,0.0363368250124239,0.0448161981437502,0.243110413556125,-0.094649087432016,0.0775932739641754,0.00079848146540688,-0.200355286854941,0.0905634523366169,-0.0838741756273741,0.111131429206247,-0.0768637878064202,0.102039752603975,0.0859396044163719,0.0956129553187883,-0.18814887651157,-0.085794703918106,-0.00296687936982823,-0.0841645813871402,0.0732830020924872,0.124360530298205,-0.0516310074780624,0.0169482443021661,0.143846174883505,0.175713616138811,0.0974312894651121,-0.0354121696761794,-0.0117413044927984,1,0.110307735971295,0.177876561534641,0.304943260237993,0.0462998220446274,-0.0430064233285502,-0.0594020799598026,0.0463102084794079,0.0664558050819418,0.0184040870767665,-0.00195038550751424,-0.0043267419931651,-0.00045458331635399,0.0482959866247763,-0.100674350839559,-0.00398146276396668,0.0895056281075899,0.0267476917980403,0.0437252300155739,0.0847452335547582,0.137435489624911,-0.00369330452096758,0.0315903357007218,0.0270428394608596
