"","l_Insular.Cortex","r_Insular.Cortex","l_Amygdal.Area","r_Amygdal.Area","l_Bed.Nucleus.of.the.Stria.Terminalis","r_Bed.Nucleus.of.the.Stria.Terminalis","l_Hippocampus","r_Hippocampus","l_Orbitofrontal.cortex","r_Orbitofrontal.cortex","l_Entorhinal.Cortex","r_Entorhinal.Cortex","l_Frontal.Association.Cortex","r_Frontal.Association.Cortex","l_Globus.Pallidus","r_Globus.Pallidus","l_Glomerular.Layer.of.the.Accessory.Olfactory.Bulb","r_Glomerular.Layer.of.the.Accessory.Olfactory.Bulb","l_Glomerular.Layer.of.the.Olfactory.Bulb","r_Glomerular.Layer.of.the.Olfactory.Bulb","l_Granule.Cell.Level.of.the.Cerebellum","r_Granule.Cell.Level.of.the.Cerebellum","l_Hypothalamic.Region","r_Hypothalamic.Region","l_Entorhinal.Cortex","r_Entorhinal.Cortex","l_Vermix.Molecular.Layer.of.the.Cerebellum","r_Vermix.Molecular.Layer.of.the.Cerebellum","l_Lateral.Molecular.Layer.of.the.Cerebellum","r_Lateral.Molecular.Layer.of.the.Cerebellum","l_Anterior.Olfactory.Bulb","r_Anterior.Olfactory.Bulb","l_Posterior.Olfactory.Bulb","r_Posterior.Olfactory.Bulb","l_Subiculum","r_Subiculum","l_Perirhinal.Area","r_Perirhinal.Area","l_PreLimbic.System","r_PreLimbic.System","l_Primary.Cingular.Cortex","r_Primary.Cingular.Cortex","l_Primary.Motor.Cortex","r_Primary.Motor.Cortex","l_Retrosplenial.Cortex","r_Retrosplenial.Cortex","l_Secondary.Cingular.Cortex","r_Secondary.Cingular.Cortex","l_Secondary.Motor.Cortex","r_Secondary.Motor.Cortex","l_Striatum","r_Striatum","l_Ventral.Tegmental.Area","r_Ventral.Tegmental.Area","l_Substantia.Nigra","r_Substantia.Nigra","l_Thalamus","r_Thalamus"
"1",1,0.0696390334672046,0.00917787499643293,-0.281039418460672,0.21696544350052,-0.142169968930882,-0.0433825610580622,-0.0551057976877608,0.113195028057018,-0.0039321533555265,0.0711524339561232,0.00685752756959822,0.133328550985093,0.00891738049986064,0.0232188884507958,0.179448175685964,0.0160714654232442,0.00953655659418863,-0.0132483388182451,0.0687720653884302,0.0224822925694453,-0.0998277954144984,-0.0813409913450988,0.147737952820783,-0.179931169684254,0.145423785901557,-0.0525286011234448,-0.197895207948869,0.0955829159253251,-0.0286563705313763,-0.0945738376873428,0.028867400610042,0.226794554682271,0.125354761398774,0.0971503698372802,-0.00119457318781838,-0.136326367733893,-0.116988179443595,0.0887474863193814,0.0085448572654691,0.0808328100393859,-0.0801668194801777,-0.035684436615482,-0.0233700153967012,0.0872472262858563,0.13244381948208,0.16539680648776,0.041678436085457,-0.185946875228432,-0.0744740777746498,0.153541026221341,0.0239363155411793,0.11153225698908,0.119397964581971,-0.0711866719121832,-0.00875181088248827,0.0814436734296179,-0.0688804643287305
"2",0.0696390334672046,1,0.0254597031830062,-0.0463908433461233,0.210221076069449,-0.0341281515843691,-0.0330025005580916,0.0981466934359754,0.225979795325766,0.233433814420806,-0.19674361928482,-0.1475729064594,-0.0223589134856005,-0.00342998137408032,0.221567607558612,0.0859337921535219,0.051243801898456,0.0648798130093542,0.0528951860918717,0.0626727408630517,0.182799356533072,0.0115803807250542,-0.198458758197684,-0.00397861909583399,-0.188767260730847,0.0402647917887889,-0.0700624826985342,0.0438669972232068,-0.0186522931540947,-0.0238031912116444,0.073100383590837,0.0285859365321757,0.0556106357536758,0.0758996582463426,-0.0903176536904495,0.0949177881269388,-0.068640383261819,-0.0789922413297869,-0.0561922825703489,-0.0869712467853657,-0.170588227763149,0.136540383490528,-0.0293777223766862,0.236543181726738,-0.0364108581777456,-0.165939122614298,0.040933903379741,0.0571043683791915,-0.0845182023811697,0.0467526929322286,-0.0993784625804625,0.159878922770262,0.00860285190770494,0.0706682606911289,-0.111814873410193,0.0904767668883219,-0.0798862956845962,0.110740071266955
"3",0.00917787499643293,0.0254597031830062,1,-0.133156194293896,-0.0113130271355666,0.00043396691184353,-0.0228713818441009,-0.11429686535763,0.0102719134645392,0.149415568228589,0.0997475186306939,0.076348415247771,0.0932811029498363,0.0410300567911563,-0.0874295357975568,-0.0717287128436028,-0.0435779728476876,0.124732072678232,0.394333703296377,0.00943579418200731,-0.119893598378456,0.108520491451064,0.116078046150187,0.0375779240440991,0.0346235958375744,-0.00174255568646972,-0.0212743012612848,-0.0583712517854066,0.107774140775152,-0.063883959968823,0.27995049873355,0.311930400363402,-0.0922068907868323,-0.068285489293998,-0.0878700971126817,-0.0739367901377723,-0.0546803533191036,-0.200548202268925,-0.238366093601904,0.131567584372452,-0.0406729277629652,-0.0253788088542969,0.109262358027414,0.00858564292311593,-0.0322030619256611,0.222249906584795,-0.173427488118835,0.0497134999091107,0.118539295921838,0.0103239177127646,-0.0438815258351913,0.0152137091327722,0.0914003198434715,-0.0314587466823493,-0.059536786840374,-0.00720585502280615,0.0931352803511633,0.0960726114006811
"4",-0.281039418460672,-0.0463908433461233,-0.133156194293896,1,-0.0855161024060013,0.178894920977568,0.0155479784560041,-0.0262695771739112,-0.0239203252441715,-0.126065616863087,-0.172401166784845,0.0967897211576581,-0.0324135368746941,-0.145490081640898,-0.0184400272912675,0.0132447839827889,0.0838976660707201,0.141716343412731,-0.0287873351188082,0.0460557566518388,0.172068787307804,0.130196681145591,0.0860354784727637,-0.00260843710002065,0.0870009970039729,0.14555015464409,0.0201304046650094,0.0868247492830728,-0.00486942044844152,0.107608062838612,-0.0153339142045151,0.0312795869378542,-0.0656817119879714,0.0233976820020808,-0.12302608766221,-0.0606173301379944,0.0119701266203078,0.0351628437987034,0.131256535059213,-0.0365834555154713,-0.0851290446817785,0.242539741841464,-0.108382670171262,0.10372145425155,0.00051251980215421,-0.0332616568514314,0.0392061269255854,0.0918305906118124,0.155463036714441,0.0645023179775885,0.00022293560618304,-0.00522350395572801,0.146302650985367,0.201054922813682,0.136774269847987,0.0218582592502126,0.0503125456575692,0.0366783122710286
"5",0.21696544350052,0.210221076069449,-0.0113130271355666,-0.0855161024060013,1,-0.0140113223452769,-0.0615573050459812,0.100804093362334,-0.0472173627348259,0.0335340006944488,0.030180470373958,-0.0316902872540545,0.197551421622022,-0.15461563935582,0.152247007847009,0.227766921268178,-0.126583643101507,-0.147025742561801,-0.260368719107036,0.0783912093635991,0.0352443563699954,-0.0108371061934564,-0.058678771800964,0.084057079529219,0.0306357605631001,0.0307208867063242,0.0808433227384412,-0.0794167719012723,-0.0476743680460919,0.0329305894425728,-0.0582329128338117,-0.0472508482890076,0.0958092266112448,0.135994885047955,0.200079839283706,-0.0188877333519687,0.0141032708469585,-0.0699003162168167,-0.0871737047605344,-0.0683351339205154,0.0267587263511403,0.080602505901975,0.149603029691197,0.0190948428671546,-0.144084724335533,-0.101552230369901,0.154315114059812,0.046752464126457,-0.169557061390924,-0.0727970157241824,0.112098410514997,0.0558113529968804,0.170680122561423,0.0862616038312198,-0.10168349135487,-0.00084215532372679,0.0798674075687236,0.167687040830383
"6",-0.142169968930882,-0.0341281515843691,0.00043396691184353,0.178894920977568,-0.0140113223452769,1,-0.0933533021613779,0.00796820854875245,-0.0866084444754559,-0.0539440636789079,-0.0161356213047025,0.107868256467886,0.0394782952212138,0.0894014473704221,-0.113550695475391,0.17883275290666,0.0593568143868707,-0.0168204494583849,0.0983222716404244,-0.0365475335351833,0.165579158898293,0.0728430062704126,0.149860876872859,0.0577518797649765,-0.13525881989335,-0.120438364603193,-0.00905194918934576,0.0215345703819618,0.00726687910937319,0.0159919052666975,0.176632075392709,0.0985234421766182,0.134372897616758,0.0651814039911006,-0.13050086135424,-0.0536443706776149,-0.0942561111777152,0.0148322206311828,0.10428918318531,-0.0407911677918856,-0.00163387156305329,-0.074389506860889,0.00284258389779113,0.037681012205359,0.0693991185740687,0.075818580714573,0.021811046200436,0.0240352813124438,0.0130622193794358,-0.0691308889430696,0.0752633191264304,0.102672829794412,-0.033572545972502,0.0677885972902704,0.0752363957264104,0.0338610851351878,0.0575518858314973,0.224913565438896
"7",-0.0433825610580622,-0.0330025005580916,-0.0228713818441009,0.0155479784560041,-0.0615573050459812,-0.0933533021613779,1,0.052638385126901,0.0387871371551884,-0.0689052259567454,0.0457813782964676,-0.0544615026679291,-0.144280027133681,-0.240754834759286,-0.123757491733301,-0.0872425793527139,-0.188208520159335,0.119716794511251,0.075794034352023,-0.0539625763486949,-0.105203943603329,-0.147408298680349,-0.156315356116675,-0.143952671783794,0.0807439390019766,0.0473982846345743,0.09987884940937,0.00707433263143823,-0.0175450283080548,-0.049676043440888,-0.0725275123105362,0.0275585816916094,0.083372697045661,0.0674071427230024,0.274828422192216,0.324745208162271,0.225547457991398,0.0655268521158468,0.133965704789787,0.0971285990735534,0.109894653732701,-0.0324393013509924,0.0301310403384823,0.0746766903276801,0.112336122666982,0.212166065880858,0.0625031223849247,-0.0389772046639482,0.113280440833191,0.0389324796866122,-0.113320599774228,-0.228445880688911,0.0205303743004566,0.0959976150797127,0.178726839871738,0.0854927910092877,-0.0811150294324513,0.0872811498479587
"8",-0.0551057976877608,0.0981466934359754,-0.11429686535763,-0.0262695771739112,0.100804093362334,0.00796820854875245,0.052638385126901,1,0.121064163130273,0.0490958477044153,0.00573632167263794,-0.0582665521412882,-0.0132278299833824,-0.148532431396955,-0.0544224355959158,-0.0443102409074323,-0.0754761357614305,-0.00320115186873135,-0.00474864048557371,-0.122597378819482,-0.0678902889465035,-0.173855549225347,0.0294681917317863,0.0477690226242643,-0.00143730321990974,-0.00211980782177296,0.157930396452015,0.0633570536755139,0.0318164183273006,0.0232774779176721,-0.025109676432222,-0.0419384852918261,0.114266190166305,-0.00174358569043285,-0.117306742256269,0.295151540486043,-0.0639166568767212,0.0560905588188791,-0.0606152109205404,0.0187350504620615,-0.106703884461963,-0.121899050834481,0.0828611357336902,-0.0035252504082546,-0.0494054531763239,0.119702820876006,0.0739323602177575,-0.0244927912032121,-0.0947526549552051,-0.0245306909112831,-0.0952464797457126,0.0430228219380821,0.0862242525261453,0.0922226281891842,-0.0694452790582415,0.0969541661119193,0.0560384817733845,0.122781973450652
"9",0.113195028057018,0.225979795325766,0.0102719134645392,-0.0239203252441715,-0.0472173627348259,-0.0866084444754559,0.0387871371551884,0.121064163130273,1,0.263414458763071,-0.0718677758047158,-0.0742716935573963,-0.0611281866100219,0.0481007897940788,-0.00141993044166787,0.0246525806633097,-0.100353507185756,-0.0107930304411825,0.157866855741342,-0.200105079718341,0.0726488020024992,-0.232530289238511,-0.0459518509121348,-0.00550284329236143,-0.124307081553318,0.0567517372936141,0.101398099579059,-0.0758149834659761,0.0483737004533273,-0.153430657403271,0.0336228015402874,-0.0626572244933685,-0.133054307090833,-0.213005980663313,-0.0606479274252466,-0.118673184836605,-0.0811329281160234,-0.153803074206748,-0.0919299399557051,-0.0618687714023235,-0.242112330313208,-0.00418407799784042,0.191241575799682,0.115473159175807,-0.176283621231043,-0.137730527024112,0.00530643107941715,-0.00915442480132151,0.0229165438926097,-0.0787670992415919,-0.180403524816782,-0.046418913518709,0.031486981604101,0.0050782629165666,-0.079885486064045,0.213555550275508,0.119371432424017,-0.147917204377911
"10",-0.0039321533555265,0.233433814420806,0.149415568228589,-0.126065616863086,0.0335340006944488,-0.0539440636789079,-0.0689052259567454,0.0490958477044153,0.263414458763071,1,0.0265388799979336,-0.0203591362446693,0.123312514612605,0.0568935953191517,0.117197024004032,-0.128095222113769,-0.178388199127065,-0.118827714509807,0.0317552655083114,0.0721230605956103,-0.10809952055658,-0.150067083712089,-0.0476629264852522,-0.00379112454795493,-0.122176858902994,0.0317441940521185,-0.0835053866242618,-0.0094411422611221,-0.0799866846852705,-0.0813901714542676,-0.0217996545786078,-0.099092423971758,-0.250427270934649,-0.215395766024971,-0.129360343020815,0.0208568049273105,-0.0892083670326536,-0.0496954942671439,-0.325385933877203,0.0948468292907771,-0.224365423209566,0.00805395291911455,0.130559740742585,0.299969646444116,-0.107061615001892,-0.00575010342048188,-0.0707633954905591,-0.0673990629348722,-0.0655283605259676,0.0782098351036553,-0.0089535256904794,-0.0191920310890127,0.0655667536390234,-0.0371182193715058,0.00084270879742498,0.0523555253581939,-0.0961037904421231,-0.112022587077589
"11",0.0711524339561232,-0.19674361928482,0.0997475186306939,-0.172401166784845,0.030180470373958,-0.0161356213047025,0.0457813782964676,0.00573632167263794,-0.0718677758047158,0.0265388799979336,1,0.0604852970382911,0.0613085284967329,0.0097241666440956,-0.0817679228491342,0.0417941917816645,-0.316590711100759,-0.00375504733986826,0.107276491897284,-0.181030664176654,-0.126513905278928,-0.107847439713939,-0.0187768838967032,-0.0953912612740387,0.0269840808384199,-0.0100838025940583,-0.103504727159408,-0.194963644513961,-0.0297217968914165,-0.0894614946853877,-0.0094404009926298,-0.00894031330481198,0.110154908259475,-0.0233858845463869,0.135362946991601,-0.187151288290048,0.0622274693154517,-0.093084488805914,-0.137173514239654,0.0404737425245641,0.0879304104019314,0.022052101755113,0.0920968800895572,-0.131503891518695,0.168578598007201,-0.0661545707049771,-0.227271082427481,-0.0989518356589291,-0.0926876094694243,0.085806952254657,-0.0887647531040785,-0.103010071955993,-0.14050836549973,-0.15044493674731,0.0382562610847546,-0.14516982593649,-0.0160698280815405,-0.0441740134934227
"12",0.00685752756959822,-0.1475729064594,0.076348415247771,0.0967897211576581,-0.0316902872540545,0.107868256467886,-0.054461502667929,-0.0582665521412882,-0.0742716935573963,-0.0203591362446693,0.0604852970382911,1,0.210143167915622,0.0516240369465805,-0.0553781115567554,0.133956246866078,0.0882782811232185,0.211120701087839,-0.119348313804999,-0.0210676027440531,-0.0727831417843661,0.106207419693462,-0.0990113488876192,0.0314569290348807,0.0767691488447426,-0.0311372196142443,-0.117833801503121,0.00903080621462885,-0.0969513267708204,-0.212455330493126,0.0212400073494198,-0.0731205797434327,0.00262859213502508,-0.0260401249547187,-0.00612945342054329,-0.089315710989472,0.176433743599324,-0.0316936035347889,0.0724152239663152,-0.151664157305825,0.0164721694568346,0.119564704529179,-0.0870546331628515,0.0583162783231803,-0.0852608488710375,-0.113504722914696,0.037551351556544,0.117095804848141,0.0317773715975581,-0.0527885681992344,0.150860498115195,0.175842613041905,-0.0755560711714005,-0.0512315717397401,-0.0656610001740091,-0.0447499173300613,0.0957142774191302,0.0417447158395464
"13",0.133328550985093,-0.0223589134856005,0.0932811029498363,-0.0324135368746941,0.197551421622022,0.0394782952212138,-0.144280027133681,-0.0132278299833824,-0.0611281866100219,0.123312514612605,0.0613085284967329,0.210143167915622,1,0.077246408533567,0.00342606137570127,0.174514367862472,0.231759919499687,0.0438385966738931,-0.0836491789281965,-0.015355420253801,0.0709875205501252,0.128158808964929,0.128246339147534,0.0481065954576331,0.0842364642181672,0.0172935508010539,0.127244502751702,-0.13176834723972,-0.0243975311771325,-0.115307806709005,0.0722000141234663,0.133086805852217,0.0835249067799301,-0.0221546434651017,0.0102968500660596,-0.19271782700291,-0.106736866524046,-0.172708459292858,0.0318383709518678,0.100781414749682,-0.0778672832245042,0.0277398090298143,-0.0852141343746459,-0.058766200223807,-0.076162430870074,-0.138791791222251,-0.0703090099751999,-0.051960041312388,0.327221651965292,0.0867652729687575,-0.0188682113798254,0.0832139453809384,0.113679527717068,0.10839034098866,-0.0148527595015277,-0.105468272386119,0.0357389919947725,0.063917618318164
"14",0.00891738049986064,-0.00342998137408032,0.0410300567911563,-0.145490081640898,-0.15461563935582,0.0894014473704221,-0.240754834759286,-0.148532431396955,0.0481007897940788,0.0568935953191517,0.0097241666440956,0.0516240369465805,0.077246408533567,1,0.0727302671287167,0.0537931100222052,0.156783535364549,0.257649903445096,-0.0747553907898217,0.0762219775176567,0.17367044204625,0.182326697635027,-0.0573541121108397,0.0321452724997676,-0.166907030574667,-0.148828994387081,0.022700539551555,0.00135276434687338,-0.0461884028087012,-0.145395656801775,0.134251068771421,0.233124054479594,0.0240531447676878,-0.0180424585059483,0.0730509341872925,-0.149882281115582,-0.205208265904377,-0.00417574066418407,-0.0722454423970363,-0.116545823829832,-0.0934177653400267,-0.0959474873648006,-0.200972068493939,-0.0184891456623755,-0.0569791417523906,-0.0307763058452112,-0.106363637385823,-0.174648112233222,-0.0968517023856733,0.256843618873028,0.0194049330120654,0.00691188723701465,-0.0601177496973631,-0.155274221064736,-0.142168828393411,-0.141102021003262,0.0851528130373897,0.00416138743329326
"15",0.0232188884507958,0.221567607558612,-0.0874295357975568,-0.0184400272912675,0.152247007847009,-0.113550695475391,-0.123757491733301,-0.0544224355959158,-0.00141993044166787,0.117197024004032,-0.0817679228491342,-0.0553781115567554,0.00342606137570127,0.0727302671287167,1,-0.0833548698285451,-0.00447740521007084,0.0308193607119029,0.00363032332895414,0.228585838886917,0.0416688176482883,0.0878367063945061,0.0319895035915117,0.293245627297168,0.116861009672456,-0.228830027704781,-0.0367007990326726,-0.14102951154071,0.175724955907548,0.0533465339623074,0.0883829537930888,0.0446876269952816,-0.150605593381519,0.0946463134333715,-0.0855601797988382,-0.0186168182174863,-0.0874606121726768,0.01580703625885,-0.0491766026201993,-0.060775696343321,-0.0853462844156909,-0.0308748172307545,-0.069172107216346,-0.143610813548298,0.0210716510594983,-0.0771165620113373,0.025115574918843,-0.00178167329911195,-0.00771877167771749,-0.199938378733874,0.0747142704390777,-0.0667443249503796,-0.130818391646827,-0.0200974776469765,-0.109494502256159,0.0755695911281513,-0.16468594784125,-0.0450558794803482
"16",0.179448175685964,0.0859337921535219,-0.0717287128436028,0.0132447839827889,0.227766921268178,0.17883275290666,-0.0872425793527139,-0.0443102409074323,0.0246525806633097,-0.128095222113769,0.0417941917816645,0.133956246866078,0.174514367862472,0.0537931100222052,-0.0833548698285451,1,0.113060277379393,0.0865505336103471,-0.052966442437081,-0.0274840262341074,0.262589598200276,0.146020108937387,0.0177342796932162,0.120848308812492,-0.0850469584009581,0.0729981027085968,-0.110471612920082,-0.121031575257123,-0.0986929222275324,-0.0884661798375949,-0.0366712945085888,0.00215456112633023,0.22972974654102,-0.0313079821473829,0.00436148801175452,-0.171022321132712,0.0235434972243798,-0.190304844000418,0.0755345633608352,-0.0719949600606752,0.0987136941259226,0.0830731347392222,-0.16052482582685,-0.0493912303442208,0.0861560597372182,-0.165484232768743,0.059123465258261,0.044578769836889,-0.124013998882831,0.0852764829418456,-0.00677726486633056,0.215059044424272,0.100261372067441,0.0930711616471626,-0.0237175297924733,-0.110013834239834,-0.170849264713859,0.107907808032503
"17",0.0160714654232442,0.051243801898456,-0.0435779728476876,0.0838976660707201,-0.126583643101507,0.0593568143868707,-0.188208520159335,-0.0754761357614305,-0.100353507185756,-0.178388199127065,-0.316590711100759,0.0882782811232185,0.231759919499687,0.156783535364549,-0.00447740521007084,0.113060277379393,1,0.095366417913042,0.0208927220380133,0.00636332665834454,0.157569457870402,0.130538551424135,0.0992263054968173,-0.053847884235133,-0.147731425315145,0.0467001843021571,0.0903273141841217,0.00428221779200282,-0.034010315413645,-0.0845852437403627,0.150049493320144,0.0723446200690035,0.107771534735207,0.0122146099942746,0.0262648578656409,-0.0411054238001254,0.0202860720569644,-0.0581571110699416,0.139296608497018,-0.111857930267882,0.042215463564737,-0.0518609790413422,-0.326332449884269,0.0252385261110317,-0.0791394046818895,0.068656611948895,0.0512334864067305,0.0421422500972887,0.16269356086867,0.096887589458123,-0.0458943638516369,0.0222970407552455,0.0583698582017107,-0.0435162343914222,-0.0118568326453542,0.129788459836883,-0.0698158994969435,0.0890205247817126
"18",0.00953655659418863,0.0648798130093542,0.124732072678232,0.141716343412731,-0.147025742561801,-0.0168204494583849,0.119716794511251,-0.00320115186873135,-0.0107930304411825,-0.118827714509807,-0.00375504733986826,0.211120701087839,0.0438385966738931,0.257649903445096,0.0308193607119029,0.0865505336103471,0.095366417913042,1,0.116818771127975,0.153765431189562,0.172940511161441,0.0743226139776821,-0.366113543449792,-0.0189650435975835,0.0192885003744841,-0.165179279823111,0.072088932013938,-0.108047194469619,0.0305111032349709,-0.317915966576915,0.366664372678268,0.279448954624982,0.141527050602694,0.107675980482139,0.0302673799348656,0.0911394147857675,0.0555840441798505,-0.073183461488232,0.264955837696316,0.0455336696247182,0.0300878677161204,0.00649877270107005,-0.150204637978356,0.00652307393752559,0.0508167937505198,-0.0490018496400448,0.0498447711459689,0.0025463804570461,0.0127281847415094,0.29976133150902,0.0611361565912222,-0.0176437399419818,-0.054045725924999,0.0554103511183746,0.00286362304691809,0.0485205529094654,0.0936300001527828,0.231818599246691
"19",-0.0132483388182451,0.0528951860918718,0.394333703296377,-0.0287873351188082,-0.260368719107036,0.0983222716404244,0.075794034352023,-0.00474864048557371,0.157866855741342,0.0317552655083114,0.107276491897284,-0.119348313804999,-0.0836491789281965,-0.0747553907898217,0.00363032332895414,-0.052966442437081,0.0208927220380133,0.116818771127975,1,0.0402598685178431,-0.0359847245917652,-0.0270039162702692,0.0459354098403442,0.0495961004741665,-0.0210981244004285,-0.0977238280976088,0.088568752145426,-0.0362458688173051,0.0547091800690004,-0.0179860090756424,0.280346723820736,0.245853528506929,-0.130979299699512,-0.0744234644878085,-0.228239321772387,0.00628737695692487,-0.108649151469511,-0.101639171445714,-0.0201922124587987,0.100485324515621,-0.0863349749838984,-0.108587005997297,0.130627005570312,0.00856251790326761,0.10494712962215,0.334867773447774,-0.133796233823051,0.0518830787565819,0.0456892632167366,-0.0258260746919156,-0.11545461124043,0.0145828567108498,0.0486797448206701,0.096573693380949,0.0685350260891266,0.179798621129215,0.00556581750341541,-0.120922809051581
"20",0.0687720653884302,0.0626727408630517,0.00943579418200731,0.0460557566518388,0.0783912093635991,-0.0365475335351833,-0.0539625763486949,-0.122597378819482,-0.200105079718341,0.0721230605956103,-0.181030664176654,-0.0210676027440531,-0.015355420253801,0.0762219775176567,0.228585838886917,-0.0274840262341074,0.00636332665834454,0.153765431189562,0.0402598685178431,1,0.00014872654339402,0.173011516755241,0.0973006374965728,0.12055732850655,0.0590687349548847,-0.142646845589526,0.0469644367071309,0.0169079206639138,0.0992884498929616,0.0624596912110831,-0.053434157510749,0.379421140608179,-0.161639857443015,0.133939868083469,-0.0672542225995841,-0.0110289506313254,-0.00341158820876433,-0.0555071889512281,0.111119491297317,-0.0708740426124557,-0.0219183641616765,-0.119936399133849,-0.0912996597705458,0.0660510843690301,-0.0641021897381649,0.117704108668248,0.125552131742147,0.0999592469149031,-0.0701051928450159,-0.0135183947710323,-0.0401346031119538,0.116206566976031,0.0196210032636767,0.16753608252629,-0.0966821893003493,-0.161008680198033,-0.0331123283167782,0.0835277634232345
"21",0.0224822925694453,0.182799356533072,-0.119893598378456,0.172068787307804,0.0352443563699954,0.165579158898293,-0.105203943603329,-0.0678902889465035,0.0726488020024992,-0.10809952055658,-0.126513905278928,-0.0727831417843661,0.0709875205501252,0.17367044204625,0.0416688176482883,0.262589598200276,0.157569457870402,0.172940511161441,-0.0359847245917652,0.00014872654339402,1,0.149656316658757,-0.03853430938723,0.0448581208803578,-0.20222573005268,0.0876494730175823,0.0145119560288296,-0.0530954731330017,0.164838076833793,0.0239034977478636,0.216306701223776,0.148777360162118,0.222915222432622,-0.0171218904117081,-0.155957025602758,0.0175141155287483,-0.00276540202800689,-0.120844134958478,0.0843881448478375,0.0582179286822625,-0.16951735061796,-0.16967651652454,-0.0649404620505276,-0.0860656997513291,0.169327588899605,-0.0329435273852735,-0.0534461335821216,-0.102115983645989,-0.10094195865813,-0.0275400514015588,-0.0269045813983859,-0.0164097751918361,-0.0651220836761388,-0.0432487594501206,0.104481093070255,0.021242845318006,-0.114966310704392,-0.014093168903518
"22",-0.0998277954144984,0.0115803807250542,0.108520491451064,0.130196681145591,-0.0108371061934564,0.0728430062704126,-0.147408298680349,-0.173855549225347,-0.232530289238511,-0.150067083712089,-0.107847439713939,0.106207419693462,0.128158808964929,0.182326697635027,0.0878367063945061,0.146020108937387,0.130538551424135,0.0743226139776821,-0.0270039162702692,0.173011516755241,0.149656316658757,1,0.0739902808813392,0.20676917481295,0.0257264160742217,-0.154245749719164,-0.024759072140196,0.0384079973191644,-0.00681613272486255,0.105302266629584,0.0330672662796453,0.222897796892412,0.0502840499112742,0.10887807775992,-0.0237713630355199,-0.21934449840612,0.0081683945672767,0.0178762880378243,0.0381801934883933,-0.104165051455627,-0.111623038630076,0.0343649312578918,-0.235514842840389,-0.0413284628251382,-0.037133264765879,0.0130843900474091,-0.106155420088809,-0.114821794341106,0.00431321177177692,-0.046140523836113,0.165352619657349,0.153685108731455,0.0286001941278131,0.0728046643476936,0.00660660047832435,-0.146740828673862,-0.143776558118476,-0.0704157959533191
"23",-0.0813409913450988,-0.198458758197684,0.116078046150187,0.0860354784727637,-0.058678771800964,0.149860876872859,-0.156315356116675,0.0294681917317863,-0.0459518509121348,-0.0476629264852522,-0.0187768838967032,-0.0990113488876192,0.128246339147534,-0.0573541121108397,0.0319895035915117,0.0177342796932162,0.0992263054968173,-0.366113543449792,0.0459354098403442,0.0973006374965728,-0.03853430938723,0.0739902808813392,1,0.077594838163936,-0.00159522798943411,0.0342866660949165,0.0167542994988593,0.0631858518732728,-0.0236895063795454,0.119664861343532,-0.0706417233942552,0.0643101916373803,0.0385236498948125,-0.0525878164017165,-0.204379610907011,-0.0805227192919064,-0.181339658248218,0.026415684663655,-0.0900993851649433,-0.0631939756317032,-0.0652384840579939,-0.0942771683319854,-0.150082517680125,-0.0875420614098892,-0.0707907969616942,0.0513799984768193,0.120050100214136,0.0847909738924401,0.0782497257274143,-0.172440987548742,-0.0503270136666261,0.0705537879070993,-0.0769514947712732,0.179617585327442,-0.135382129789316,-0.0824108609664827,-0.10377783626896,0.0336225211689082
"24",0.147737952820783,-0.00397861909583399,0.0375779240440991,-0.00260843710002065,0.0840570795292191,0.0577518797649765,-0.143952671783794,0.0477690226242643,-0.00550284329236143,-0.00379112454795493,-0.0953912612740386,0.0314569290348807,0.0481065954576331,0.0321452724997676,0.293245627297168,0.120848308812492,-0.053847884235133,-0.0189650435975835,0.0495961004741666,0.12055732850655,0.0448581208803578,0.20676917481295,0.077594838163936,1,0.0769018515245859,-0.287500084765184,-0.0120378115356906,-0.00038655672410595,0.256331976073097,0.154432689042925,0.0520952089616809,0.137153371866551,0.1697151570845,-0.102192345837691,-0.147953876739241,-0.0337017235440029,-0.262930301385722,-0.131727320946764,0.0546391818273405,0.109049989911032,-0.248569482623336,-0.113687384671872,-0.128723158147214,-0.144735567708988,-0.0303549361374202,0.0810118689448452,-0.136330868137981,0.0212618579718989,-0.00597224497238053,-0.275952806450443,0.156757319679892,0.106900358593395,0.102537171357703,0.188444460586486,0.0107064442924499,0.0778497419164839,-0.109828745894709,-0.152435094733239
"25",-0.179931169684254,-0.188767260730847,0.0346235958375744,0.0870009970039729,0.0306357605631001,-0.13525881989335,0.0807439390019766,-0.00143730321990974,-0.124307081553318,-0.122176858902994,0.0269840808384199,0.0767691488447426,0.0842364642181672,-0.166907030574667,0.116861009672456,-0.0850469584009582,-0.147731425315145,0.0192885003744841,-0.0210981244004285,0.0590687349548847,-0.20222573005268,0.0257264160742217,-0.00159522798943411,0.0769018515245858,1,0.0434826839136042,0.00057262246471757,0.0609961687677849,0.147753852158582,0.0607419365556969,-0.107125672426556,-0.0469339185128912,-0.0884983357782475,0.067703337710756,0.160764930234878,-0.108717159267811,0.23798162722799,0.210150394072271,-0.0388886459844957,-0.0298217721025484,0.052907466384464,0.0228348473879567,0.0568650918631965,-0.0465317160440684,-0.0116865424331127,-0.0139578906650739,0.00172725607755569,0.017411135370753,0.0907803691675638,0.107927957039653,-0.209350959265651,-0.220820087852474,-0.0348174088184127,-0.127922650443356,0.124097048078713,-0.0846316377450823,-0.0602501945179054,-0.145161498075872
"26",0.145423785901557,0.0402647917887889,-0.00174255568646972,0.14555015464409,0.0307208867063242,-0.120438364603193,0.0473982846345743,-0.00211980782177296,0.0567517372936141,0.0317441940521185,-0.0100838025940583,-0.0311372196142443,0.0172935508010539,-0.148828994387081,-0.228830027704781,0.0729981027085968,0.0467001843021571,-0.165179279823111,-0.0977238280976088,-0.142646845589526,0.0876494730175823,-0.154245749719164,0.0342866660949165,-0.287500084765184,0.0434826839136042,1,-0.0168546673186235,0.00888851738748194,-0.102585620295106,-0.0348745834909064,-0.119317803551186,-0.207944572887985,-0.0974647241350789,-0.158973217650853,0.154488783193556,0.00799515734897773,0.152685297616574,0.0719044286089977,-0.128235021955288,0.0261560096504296,0.170646055575429,0.295452492072631,-0.00879869552479261,0.0813474561944992,0.198035728726749,0.0797302919536442,0.0903808468323517,0.00785082978091245,0.0951050673214864,0.240099855013537,-0.139949009361253,-0.0977256091501836,0.049749573358864,-0.0955872019581828,0.0746056486362859,0.0412764883869141,0.0446007241647732,-0.0844245299545925
"27",-0.0525286011234448,-0.0700624826985342,-0.0212743012612848,0.0201304046650094,0.0808433227384412,-0.00905194918934576,0.09987884940937,0.157930396452015,0.101398099579059,-0.0835053866242618,-0.103504727159408,-0.117833801503121,0.127244502751702,0.022700539551555,-0.0367007990326726,-0.110471612920082,0.0903273141841217,0.072088932013938,0.088568752145426,0.0469644367071309,0.0145119560288296,-0.024759072140196,0.0167542994988593,-0.0120378115356906,0.00057262246471757,-0.0168546673186235,1,-0.119076849116787,0.0505581818404459,-0.113331484340332,-0.0161422301853055,0.06698776713253,-0.121125943116154,-0.0262780278646157,-0.0253470067428638,0.0776162544940476,-0.0277949921975361,-0.00790403698649791,0.0359429370565631,-0.0466176067516595,-0.210684557533557,-0.06865234513501,0.0139024514855026,-0.0873495397282882,-0.0132885866229839,0.0489733670928534,0.0148216839963703,-0.211387193795164,0.258744572748002,0.128302395693219,-0.0209880144369809,-0.0925778720298229,0.204042458081613,0.172942256698204,0.110420124818617,0.160891627619886,0.0553329211212081,0.115808586197447
"28",-0.197895207948869,0.0438669972232068,-0.0583712517854066,0.0868247492830728,-0.0794167719012723,0.0215345703819618,0.00707433263143823,0.063357053675514,-0.0758149834659761,-0.0094411422611221,-0.194963644513961,0.00903080621462885,-0.13176834723972,0.00135276434687338,-0.14102951154071,-0.121031575257123,0.00428221779200282,-0.108047194469619,-0.0362458688173051,0.0169079206639138,-0.0530954731330017,0.0384079973191644,0.0631858518732728,-0.00038655672410595,0.0609961687677849,0.00888851738748194,-0.119076849116787,1,0.140026884641409,0.163420865712185,-0.0518036686422303,0.158375638588766,-0.160122619000787,-0.14024953777591,0.116036295717437,0.156217505645472,-0.0646581662562465,0.237550530679403,-0.116286060869215,-0.227427964462552,-0.0718872286508112,-0.099431484845832,-0.0659494780364072,0.165722465354118,-0.0856096242224907,0.0456752517877812,-0.0689522465452546,0.0464551221882535,-0.058720191637612,0.0778230680155448,-0.0336696242036513,-0.0115295667924169,-0.0485954795207309,0.0329347670142891,-0.00325559947996489,0.13049297935208,0.00544705387271879,0.0368352213077571
"29",0.095582915925325,-0.0186522931540947,0.107774140775152,-0.00486942044844152,-0.0476743680460919,0.00726687910937319,-0.0175450283080548,0.0318164183273005,0.0483737004533273,-0.0799866846852705,-0.0297217968914165,-0.0969513267708204,-0.0243975311771325,-0.0461884028087012,0.175724955907548,-0.0986929222275324,-0.034010315413645,0.0305111032349709,0.0547091800690004,0.0992884498929616,0.164838076833793,-0.00681613272486255,-0.0236895063795454,0.256331976073097,0.147753852158582,-0.102585620295106,0.0505581818404459,0.140026884641409,1,0.150149175723257,0.0756109857526975,0.167771195671135,0.0556112193969815,0.168906433246155,0.00511703490466545,-0.0167943233558938,-0.0645735368185842,-0.0391235155873609,-0.00062292321946127,0.0395741853479239,-0.119100604213968,-0.261772997311485,-0.0979717366013185,-0.202770744628188,-0.109934229958981,0.226833385943219,-0.151622935447259,-0.209534621803976,0.0425827747593839,-0.171518649064235,-0.180883447665088,-0.0792385692516517,0.145285877419875,0.0610047971993912,-0.0510618741555797,0.158453347803355,0.0515185210795847,0.0906243920964385
"30",-0.0286563705313763,-0.0238031912116444,-0.063883959968823,0.107608062838612,0.0329305894425728,0.0159919052666975,-0.049676043440888,0.0232774779176721,-0.153430657403271,-0.0813901714542676,-0.0894614946853877,-0.212455330493126,-0.115307806709005,-0.145395656801775,0.0533465339623074,-0.088466179837595,-0.0845852437403627,-0.317915966576915,-0.0179860090756424,0.0624596912110831,0.0239034977478636,0.105302266629584,0.119664861343532,0.154432689042925,0.0607419365556969,-0.0348745834909064,-0.113331484340332,0.163420865712185,0.150149175723257,1,-0.216311181684536,-0.0571654611527416,-0.0125075928716968,-0.0205427702290714,-0.127068006922937,0.028158429924103,-0.0203167198862924,0.118658071192505,-0.168452710488007,-0.152649260688872,-0.131528531550437,-0.168452530443094,-0.145451777455074,-0.0807274067416176,-0.0116297596386506,0.18424411190346,-0.217821002122981,-0.0423459290856884,-0.117274364344368,-0.204523198837987,-0.0135198958150184,-0.0215735390582194,0.207718254406335,0.109970333849683,0.146769103216585,0.103348236534631,0.0403909960917343,-0.157552909618223
"31",-0.0945738376873428,0.073100383590837,0.27995049873355,-0.0153339142045151,-0.0582329128338117,0.176632075392709,-0.0725275123105362,-0.025109676432222,0.0336228015402874,-0.0217996545786078,-0.0094404009926298,0.0212400073494198,0.0722000141234663,0.134251068771421,0.0883829537930887,-0.0366712945085888,0.150049493320144,0.366664372678268,0.280346723820736,-0.0534341575107489,0.216306701223776,0.0330672662796453,-0.0706417233942552,0.0520952089616809,-0.107125672426556,-0.119317803551186,-0.0161422301853055,-0.0518036686422303,0.0756109857526975,-0.216311181684536,1,0.316298124334154,0.096901565806185,0.140197989289243,-0.0861121599157878,0.0674407188964259,-0.130896700208549,-0.100058782486183,0.0331874471944741,0.193346453070486,0.00087057933063628,-0.0237596387586196,0.00699699012910967,-0.0786975236799561,-0.0671492330337513,-0.00140949735711989,0.00923152982679023,-0.0517570209323428,0.123457240086585,0.232752830363295,0.174572011870256,-0.0758836793388733,-0.0403713325266258,-0.00566207168076456,-0.242129723684496,0.115970272653853,0.0706243228709767,0.0344536027698346
"32",0.028867400610042,0.0285859365321757,0.311930400363402,0.0312795869378542,-0.0472508482890076,0.0985234421766182,0.0275585816916095,-0.0419384852918261,-0.0626572244933685,-0.099092423971758,-0.00894031330481198,-0.0731205797434327,0.133086805852217,0.233124054479594,0.0446876269952816,0.00215456112633023,0.0723446200690035,0.279448954624982,0.245853528506929,0.379421140608179,0.148777360162118,0.222897796892412,0.0643101916373803,0.137153371866551,-0.0469339185128912,-0.207944572887985,0.06698776713253,0.158375638588766,0.167771195671135,-0.0571654611527416,0.316298124334154,1,0.0678937761691917,0.0616019452861542,-0.0229373391403129,-0.037429938361171,-0.131091059659897,-0.242978322318584,0.139029658980255,0.0819742239515326,2.07025221536194e-05,-0.0811811464642977,-0.0325996256637959,-0.0918741831054981,-0.172340916416776,0.105690946669631,-0.149417764864935,-0.149756601107375,-0.0200767041846508,0.214814619890922,0.0114822842394993,-0.0418785191995154,-0.0797895043872608,0.180635089613053,-0.203064673405802,-0.0489102968036093,-0.0151431095410578,0.158331222049174
"33",0.226794554682271,0.0556106357536758,-0.0922068907868323,-0.0656817119879714,0.0958092266112448,0.134372897616758,0.083372697045661,0.114266190166305,-0.133054307090833,-0.250427270934649,0.110154908259475,0.00262859213502508,0.0835249067799301,0.0240531447676878,-0.150605593381519,0.22972974654102,0.107771534735207,0.141527050602694,-0.130979299699512,-0.161639857443015,0.222915222432622,0.0502840499112742,0.0385236498948125,0.1697151570845,-0.0884983357782475,-0.0974647241350789,-0.121125943116154,-0.160122619000787,0.0556112193969815,-0.0125075928716968,0.096901565806185,0.0678937761691917,1,0.254596530836105,-0.0217882872431398,0.141067512234353,-0.0107712147327906,-0.0503330380581349,0.265246022272168,0.0886953796655621,0.0986793710911967,-0.0914318948307886,-0.310191275578074,-0.19323564019776,0.0792756203279785,0.0707320978206728,0.0702698449909562,-0.0373505518111172,-0.0418241800609833,-0.0660868254696756,0.177492517489457,0.0842159000529008,-0.0202207293599571,0.171840232254937,-0.0307364966735811,-0.106250429723796,-0.065615536799036,0.00835341249400153
"34",0.125354761398774,0.0758996582463426,-0.068285489293998,0.0233976820020808,0.135994885047955,0.0651814039911006,0.0674071427230024,-0.00174358569043285,-0.213005980663313,-0.215395766024971,-0.0233858845463869,-0.0260401249547187,-0.0221546434651017,-0.0180424585059483,0.0946463134333715,-0.0313079821473829,0.0122146099942746,0.107675980482139,-0.0744234644878085,0.133939868083469,-0.0171218904117081,0.10887807775992,-0.0525878164017165,-0.102192345837691,0.067703337710756,-0.158973217650853,-0.0262780278646157,-0.14024953777591,0.168906433246155,-0.0205427702290714,0.140197989289243,0.0616019452861542,0.254596530836105,1,0.179565359529526,0.0773644599384627,0.0995025778504713,0.0611235554689706,0.313713881274567,0.0722062952076109,0.149921561475934,-0.101306605106822,-0.0735156923428214,-0.180472842505525,-0.148211723158091,0.179187570360135,0.0986839699256228,-0.224318211187853,-0.174502280296287,0.00526140233693606,0.1423383205452,0.102031109109919,-0.063316539490106,0.0507096829563858,-0.176702461322225,-0.215661520009986,0.0909029657398604,0.256839299571218
"35",0.0971503698372802,-0.0903176536904495,-0.0878700971126817,-0.12302608766221,0.200079839283706,-0.13050086135424,0.274828422192216,-0.117306742256269,-0.0606479274252466,-0.129360343020815,0.135362946991601,-0.00612945342054329,0.0102968500660596,0.0730509341872925,-0.0855601797988382,0.00436148801175452,0.0262648578656409,0.0302673799348656,-0.228239321772387,-0.0672542225995841,-0.155957025602758,-0.0237713630355199,-0.204379610907011,-0.147953876739241,0.160764930234878,0.154488783193556,-0.0253470067428638,0.116036295717437,0.00511703490466546,-0.127068006922937,-0.0861121599157878,-0.0229373391403129,-0.0217882872431398,0.179565359529526,1,-0.0629373796432168,0.157297867943773,0.0876425586874624,0.0322388687800342,0.013453914400884,0.234975924844253,-0.0648549001447967,-0.105955916039236,-0.0511401603354471,-0.0417720263380883,0.0308133897736927,0.131674012507341,-0.149661696494762,-0.125964441357273,0.0703834188271809,-0.0327547773871653,-0.262292592537857,0.0130542443953474,-0.0831097394298843,0.111948220123664,0.042419360772245,0.0837061191649121,0.246651672498837
