"","l_Insular.Cortex","r_Insular.Cortex","l_Amygdal.Area","r_Amygdal.Area","l_Bed.Nucleus.of.the.Stria.Terminalis","r_Bed.Nucleus.of.the.Stria.Terminalis","l_Hippocampus","r_Hippocampus","l_Orbitofrontal.cortex","r_Orbitofrontal.cortex","l_Entorhinal.Cortex","r_Entorhinal.Cortex","l_Frontal.Association.Cortex","r_Frontal.Association.Cortex","l_Globus.Pallidus","r_Globus.Pallidus","l_Glomerular.Layer.of.the.Accessory.Olfactory.Bulb","r_Glomerular.Layer.of.the.Accessory.Olfactory.Bulb","l_Glomerular.Layer.of.the.Olfactory.Bulb","r_Glomerular.Layer.of.the.Olfactory.Bulb","l_Granule.Cell.Level.of.the.Cerebellum","r_Granule.Cell.Level.of.the.Cerebellum","l_Hypothalamic.Region","r_Hypothalamic.Region","l_Entorhinal.Cortex","r_Entorhinal.Cortex","l_Vermix.Molecular.Layer.of.the.Cerebellum","r_Vermix.Molecular.Layer.of.the.Cerebellum","l_Lateral.Molecular.Layer.of.the.Cerebellum","r_Lateral.Molecular.Layer.of.the.Cerebellum","l_Anterior.Olfactory.Bulb","r_Anterior.Olfactory.Bulb","l_Posterior.Olfactory.Bulb","r_Posterior.Olfactory.Bulb","l_Subiculum","r_Subiculum","l_Perirhinal.Area","r_Perirhinal.Area","l_PreLimbic.System","r_PreLimbic.System","l_Primary.Cingular.Cortex","r_Primary.Cingular.Cortex","l_Primary.Motor.Cortex","r_Primary.Motor.Cortex","l_Retrosplenial.Cortex","r_Retrosplenial.Cortex","l_Secondary.Cingular.Cortex","r_Secondary.Cingular.Cortex","l_Secondary.Motor.Cortex","r_Secondary.Motor.Cortex","l_Striatum","r_Striatum","l_Ventral.Tegmental.Area","r_Ventral.Tegmental.Area","l_Substantia.Nigra","r_Substantia.Nigra","l_Thalamus","r_Thalamus"
"1",1,0.518756599093682,-0.00084030391755581,0.0540831060956233,0.190425668188553,0.158874330355185,-0.0358812644993154,0.0448151853573428,0.348127245503787,0.33902454810708,0.132201767883891,0.175222595516689,-0.0402479129727798,0.0916703626977261,0.159049745255995,0.167898555706684,-0.14628671385407,-0.0959192525489636,0.0754368628492447,-0.10126217403533,0.112003834153334,0.125720312692418,-0.0793508483296178,-0.212557324906654,-0.0714663718399316,0.0459332734821019,0.016892525013465,-0.115290111128848,-0.00158308553821642,0.11629110355549,0.115890376665243,-0.0228553666643174,0.282996230123702,0.14439935233277,0.0296945227086095,0.0684444593488301,0.126150748928642,0.233213046136599,0.126362633834809,0.0836370091320273,-0.124110163646044,-0.0535044721664399,-0.0066468652329103,-0.00147776710786404,-0.108670197653564,-0.0271139282023709,-0.025148846109998,0.0791200429113923,-0.0973900518536944,-0.0247236618989937,0.163236349169644,0.251720194306456,-0.00667280612156944,-0.0767213296570078,-0.125260217539296,0.110669348404852,0.0984714699478967,-0.0831891327825207
"2",0.518756599093682,1,-0.0821859780116294,-0.0805731061972686,-0.0245872464352948,0.0936566680993094,-0.00132121781230599,0.0410893827428372,0.349444881877835,0.390013587850595,0.041989225214595,-0.0774328132050709,0.0473212435428807,-0.0856485832011565,-0.0709201706709524,0.1499265706819,-0.184498704843756,-0.149276836944763,0.058771995006551,0.137110732113637,0.128971172467849,-0.12986340926174,-0.0233586358832756,-0.164552406228351,-0.136566409700764,-0.0783484293739459,-0.00542430123754998,0.00276825749648905,0.0390988620285294,0.142029129846137,-0.0800566492090945,0.136548994565761,0.0987176478441259,0.262098623892049,0.0448817172548374,0.0298310771889677,-0.0516452152682143,0.153676825685285,-0.138450181579627,-0.120539412996294,-0.0811961028142258,-0.0706911733999303,-0.106795680233875,-0.044545882118618,0.0185826060609499,0.137396848124547,0.02890213143999,-0.0642915895426269,-0.269623703319602,-0.102106404638039,0.0692718005136454,0.253320671738429,0.0510837528712111,-0.0644745310740963,-0.25978488685341,0.045463210722606,0.1079444268185,0.0780798961988075
"3",-0.00084030391755581,-0.0821859780116293,1,-0.0907249372254774,-0.0195914681491449,0.126983685986965,-0.0170867826497837,-0.035524398945835,-0.102310953904899,0.0614146600595261,0.210293860482439,0.0424346389469335,-0.0593861346683404,-0.0598163451129432,-0.00120020606434871,0.209872416290169,0.0122070234707506,0.0537603299757685,0.0454148267359628,-0.0129160932245476,-0.17099003657392,0.201867026526306,-0.0167899036062325,-0.0207025789475351,0.099237395565088,0.0315966249659416,0.0346359392537491,0.174482860133708,0.0729476766967286,0.0538074770224976,0.104550825409364,0.0656018274495545,0.0729454640028947,0.0882210572735077,-0.0171941766731341,0.0356364240187437,0.168750608161339,0.0585855010845567,0.0791857123547207,0.0528226106251707,0.043615735570661,-0.0970818113587755,-0.0679940517816327,0.0102504140555119,-0.180837274973265,0.0544835671197525,0.00432514828207335,-0.0885291174630887,0.0488276707365497,0.0114351102351962,-0.0871417580788555,0.0973578411878234,0.080254640667196,-0.114926638418781,0.0427552769325361,0.119146453228185,-0.0820371960973359,0.00259437108139116
"4",0.0540831060956232,-0.0805731061972686,-0.0907249372254774,1,-0.0405601990034701,0.0581579854151066,0.00763955562921752,0.0976318510787852,0.0106415190783931,-0.108379446810111,0.0193295187252395,0.406968563023363,0.00813499131325136,-0.111432586748463,0.109867231188041,-0.180533793084499,0.107636401312831,-0.00066776553689935,-0.0400415604374065,0.0222431381768476,-0.00925379746007381,-0.106250797890795,0.0914412212299842,0.112486392812959,-0.00608773436663824,-0.217456511070924,0.0135225284383655,-0.0512420841022976,-0.053752005293924,0.0744446881979164,-0.0473443162607379,0.0044644208616313,-0.0759403823192394,-0.158935190536928,0.0178190560473484,0.0871472495352278,0.134049571184261,0.0375000527628871,0.0574473736086549,-0.0299074545969859,-0.141034795022414,-0.0520003497620525,-0.0540834611407924,0.132106377326316,0.0030972965793885,0.031198494017337,-0.125880178659755,-0.011446377388371,0.033653103628752,-0.0148379311404762,0.0168193118067397,0.00667057655642974,0.0228133557216136,-0.0225582186569764,-0.124657142981162,-0.066243742710355,-0.00958850546531225,-0.0339363063657962
"5",0.190425668188553,-0.0245872464352948,-0.0195914681491449,-0.0405601990034701,1,0.212320504551367,0.0729528356997652,-0.0665085592381241,-0.00643941119549166,-0.0238631131523605,-0.109712943935054,-0.0499212943479956,-0.184705411528336,-0.0261419068676625,-0.0542071609556689,-0.148293212730591,-0.0922307777181578,-0.0689958566672203,0.010950155679591,-0.0383768200523356,-0.0617905672038471,0.0551626674838423,-0.119390287535528,-0.0682778144106134,-0.1133343979079,0.147903047344021,0.0688865828873388,-0.0935606912960278,-0.112175218364801,0.117658096573395,0.018585990457651,0.0481120434336788,0.057746992412334,0.117156889476794,0.168058819723071,-0.167788810588817,-0.120684228886446,-0.1305971224059,0.057050750750506,0.190299083836068,-0.15813552526788,0.0477024922209187,0.109316252013148,0.0895000086325159,-0.304126180538542,-0.135388718577408,0.0206730883316494,0.0718022340559131,0.0482358522973765,0.0730125277172062,0.0313637070804778,-0.0376920894463613,0.00482133714252787,0.152622988506707,0.0528198350143259,-0.0968052344263095,0.166813018457486,-0.00148616721682134
"6",0.158874330355185,0.0936566680993094,0.126983685986965,0.0581579854151066,0.212320504551367,1,0.098921586365939,0.102118070253249,0.0470734583708328,-0.0137322456131023,0.092433150403743,0.0633319004345912,0.0244912106066532,0.0120740494483308,0.0101294326513911,0.0332544957043641,0.277235728157939,-0.0602033971278294,0.0689253580402764,0.0697237828403668,-0.102646984341795,0.108598206131453,-0.0706589966618585,0.0551085961949781,0.0425422407687292,-0.0618457328605072,0.0169786364466571,-0.119942003614081,0.116778330749394,0.131162204538958,-0.053843389420643,0.10131058745091,-0.130012939919537,-0.0569140593582789,0.0730944579289226,0.120944838032247,0.0786955868786661,0.187180620437012,0.00267367263370656,-0.0416184726385892,0.113659129361703,-0.0573126359985909,-0.0665101553408398,0.0925776952200524,-0.151831624100981,-0.0141546208063773,-0.0033858596635443,-0.0746784825833297,0.122290684999634,0.0434708166014815,-0.0790548952898703,0.0016250849697477,0.099875182978938,0.0169251460304093,-0.136714189164813,0.0190339952296015,0.151696316208158,0.200188177864325
"7",-0.0358812644993154,-0.00132121781230599,-0.0170867826497837,0.00763955562921752,0.0729528356997652,0.098921586365939,1,0.038440317252727,0.0282458246176792,-0.120286524487285,-0.0810457977273244,0.0272638301950202,-0.108740368949264,0.076770332090234,0.0562830061002264,-0.201290476391843,0.170855372275517,-0.0130614847657419,-0.187323988296178,0.0639605044662556,0.0529029430936306,0.0266660833588009,0.174385008900988,-0.0216168485704421,0.0734782657315875,0.0228377414134915,0.025705314038256,-0.0217929016852248,-0.0359373350726268,0.0268947580914669,0.062228080942732,-0.00618146446309711,-0.0654208260527988,-0.0779326094562887,0.20336229950316,0.130375211181021,0.163797620206107,0.19240611456631,-0.0580455405063303,-0.015457777982518,0.0175964488843249,-0.0535069850873333,-0.00303396491353634,0.181189040323305,0.205639496156347,-0.0640645098746351,-0.234295205443435,-0.207769014887986,-0.0233548766825046,-0.0913000763844168,0.00727612266151367,-0.00693735000550846,-0.0569647535780441,0.223634651632213,0.0780027987892135,-0.0196265385213465,0.0223587653436286,-0.133451582119588
"8",0.0448151853573428,0.0410893827428372,-0.035524398945835,0.0976318510787852,-0.0665085592381241,0.102118070253249,0.038440317252727,1,-0.0986966436412626,0.0178778298066034,-0.00737839110797517,-0.123713838846651,0.0370870713990536,-0.0912462700109732,-0.0729594579616606,-0.133178647678363,0.17832547591107,0.0101744300409876,-0.205571346285301,0.0571237689553746,0.0413517866929568,-0.0349745227984967,0.104524020549409,0.0902850246766625,0.202976584560625,-0.242806328453798,0.00486930502702699,-0.157540025235852,-0.00853921939627764,-0.0211355663062721,0.0328329928406781,-0.00667153097044884,0.0705372036204583,-0.19750019080401,0.165266531049635,0.0832618304990522,0.0246718448946686,0.233076535561763,0.0615748381936587,-0.204351758718275,-0.164982356425568,0.0197286846339011,-0.157514264272416,0.171486003344237,0.158070630524342,0.0138129686907488,-0.0996795491301999,-0.118629639649342,-0.0406583724184052,-0.0290521615153841,-0.0084428267789115,-0.331398074132275,-0.0691096103766595,-0.0308309761788679,0.0173914745404338,-0.134420010149499,0.179747204578437,0.121522490875635
"9",0.348127245503787,0.349444881877835,-0.102310953904899,0.0106415190783931,-0.00643941119549166,0.0470734583708328,0.0282458246176792,-0.0986966436412626,1,0.430684887302516,0.0979347401136227,-0.0309079436408295,0.0522683008602972,-0.0729297709785964,0.066567666833192,-0.259118738652967,-0.113838726106018,-0.155065182568796,0.0604998736918007,0.0281727732901985,-0.0732144876148613,0.063694636714517,-0.193548382465274,-0.129631919078691,-0.178963431308027,0.0442749193974458,0.00138453675366539,0.106904722053053,0.11919413543326,0.134581217996784,0.0434245892982494,0.0890474133839998,-0.0297109148115972,0.119589510344257,-0.0234623936491897,0.17954799167495,0.045064653156268,0.056048958488299,-0.232727282667317,-0.104339281297161,-0.104180742926928,-0.233756327298987,0.0131206459450209,0.0819423291003728,0.229286705678287,0.17896500469522,-0.0265365844460884,-0.0175630458900679,-0.166275664415627,-0.135366984022001,-0.0339267135310462,0.119500985972057,0.195602284309993,0.0998219422488968,-0.112578407408231,-0.11744953790955,-0.0325197283163441,0.0441316411199872
"10",0.33902454810708,0.390013587850595,0.0614146600595261,-0.108379446810111,-0.0238631131523605,-0.0137322456131023,-0.120286524487285,0.0178778298066034,0.430684887302516,1,-0.117214638710455,-0.0433361657171291,-0.00561384808508921,-0.166038256563309,-0.0375171492835022,0.00027749464828896,-0.2617866598671,-0.146699479770263,-0.0631006547510135,0.0528399242952995,-0.119485349455315,-0.0113037837164342,-0.0130554900640516,-0.210565587813996,-0.00835620486278575,0.0474616892850198,-0.141842242295212,0.273351050278121,-0.0758672341456944,0.00848399751573139,-0.0939277763547913,0.0428166123430708,-0.0541662037236571,0.125134688853289,0.153281234073111,0.073489616939214,-0.0522908060485597,0.0611423686327879,-0.130364456524635,-0.128493822519331,-0.150657371997937,-0.204070840829622,-0.167261623481773,0.101107010259767,0.160572656071121,0.140932949279391,0.116310041029091,0.0752310143401927,-0.171171954023232,-0.131282653760731,-0.150958908198057,0.109126877600065,0.266763079937456,-0.196869850639977,0.11030844343304,0.0587632739915279,-0.072913755969442,0.0846591976360745
"11",0.132201767883891,0.041989225214595,0.210293860482439,0.0193295187252395,-0.109712943935054,0.092433150403743,-0.0810457977273244,-0.00737839110797517,0.0979347401136227,-0.117214638710455,1,0.219013053853136,0.117580844406269,-0.0690125071898157,0.0290887653025495,0.211630830954784,0.205743110040883,-0.125156715276794,0.00812719186537889,-0.0478751270008153,0.0990302004707905,0.120376373290671,-0.163080399082878,-0.0419778008764565,-0.0484271543493818,-0.0546571298272487,-0.0471819691688737,-0.153873144822653,0.205293125033366,0.175065899394558,0.129397556619174,0.09475695312474,0.125620660359521,0.0234227712631088,-0.240540390209226,0.112416622862358,0.0606830796780323,0.228308884816701,0.0588165024843281,0.246471237113406,-0.00571544880183585,-0.151482404645548,-0.104528739093985,0.0633728033292071,-0.0487410436496986,-0.0289615235759619,0.103289961084902,-0.10971756123761,0.0304866206960947,-0.26206361443233,0.123698405161308,0.22128690088717,-0.0383256640460757,-0.069571968094518,0.0006387089314469,-0.0132441269322024,-0.0149638851609074,0.198080410078122
"12",0.175222595516689,-0.0774328132050709,0.0424346389469335,0.406968563023363,-0.0499212943479956,0.0633319004345912,0.0272638301950202,-0.123713838846651,-0.0309079436408295,-0.0433361657171291,0.219013053853136,1,0.0322656970615728,-0.0510513962517705,0.0427231045425734,0.0716858514852547,0.163700476919713,-0.00029530434872152,-0.0511164901216535,0.0399230193870879,0.118192656894828,0.0947332149412057,0.0505940928381078,-0.0922771993339337,0.0596040376495189,-0.0960599865336561,0.00734450603511222,-0.0704835061432279,-0.0603764608224281,0.0936328717787202,0.0208196864242192,-0.111232144183781,0.00542186420605591,0.0374717314295165,-0.146776405257384,-0.0413359290598838,0.0643208496644944,-0.0661671104944996,0.148259409871441,0.157920734290578,0.0154331376596625,-0.112372857423003,-0.013176986871512,0.0190107118193689,0.0159930170433761,-0.0957676174538292,0.0954707621525724,0.112708946317625,0.193743136705902,-0.0772080192183708,0.103385432529702,0.191623614436979,-0.0824989894327983,-0.133154240317225,0.0832740305532411,0.0691238680629264,-0.0855072175859045,-0.0155406585449564
"13",-0.0402479129727798,0.0473212435428807,-0.0593861346683404,0.00813499131325136,-0.184705411528336,0.0244912106066532,-0.108740368949264,0.0370870713990536,0.0522683008602972,-0.00561384808508921,0.117580844406269,0.0322656970615728,1,0.18035519994545,-0.0832690952805603,0.122642758847198,0.212268613463343,0.0362629795856771,-0.0431535865702254,0.138836659571259,0.10760126810492,-0.120656453422111,0.125356815608024,-0.0534236941530414,0.12407993158537,-0.0543800342494011,-0.00917987864079548,-0.11895176803696,0.107626968712798,-0.0121966531829192,-0.00537947049787613,0.0488836359912116,0.235923018699464,-0.0799108106925407,-0.118618035706515,-0.0845178705136571,0.0277921869395831,-0.196674893713542,0.183460282400571,0.0525475875864716,0.20831659085022,0.277607161746604,0.0407008444645056,-0.0580820275448004,0.0482831127117783,-0.0175603643293123,-0.0328227120135364,0.0223970518676291,0.464568744364927,0.258310400522204,0.0414735887194812,0.00191983812185629,0.0166695652420887,-0.128144833003587,0.0170729228103122,0.120377402711898,-0.0189159442117669,-0.0366026706009307
"14",0.0916703626977261,-0.0856485832011565,-0.0598163451129432,-0.111432586748463,-0.0261419068676625,0.0120740494483308,0.076770332090234,-0.0912462700109732,-0.0729297709785964,-0.166038256563309,-0.0690125071898157,-0.0510513962517705,0.18035519994545,1,0.143554016055509,-0.0605253961963654,0.0994189657073346,0.284443857422287,-0.0856557537271304,-0.037902180854018,0.0840752980488314,-0.0284709073983484,0.0569737054456016,0.109186034910864,0.0373835596209564,0.232566077126394,0.128745592514185,-0.0831067166055256,0.188129393922931,-0.126453392125736,-0.0299183922863132,0.161418293193462,0.134380649293932,0.197429817830984,-0.151904819657342,-0.0463595796216899,-0.0629014136322051,-0.0616246077386558,0.205317621117865,0.106114224647688,0.0901253473631762,0.0490982382858809,0.0802620452436165,0.0054307014324491,-0.127003058218662,-0.188034025047331,0.0469720077286804,-0.0571176853039957,0.106013708512172,0.560916718737027,0.0265467889707903,-0.092120808424813,0.0120087155284716,0.0206722597541826,-0.0443689499376996,-0.0399405860967602,-0.141271953272126,-0.20514399189018
"15",0.159049745255995,-0.0709201706709524,-0.00120020606434871,0.109867231188041,-0.0542071609556689,0.0101294326513911,0.0562830061002264,-0.0729594579616606,0.066567666833192,-0.0375171492835022,0.0290887653025495,0.0427231045425734,-0.0832690952805603,0.143554016055509,1,-0.169801305352043,-0.00989693695835518,0.220176846906936,0.0041012067232877,0.125922672596212,0.0662078228713823,0.0719741049819602,-0.185794515292956,0.11298881634472,-0.00990261558959668,-0.00999148600389337,-0.115348939967376,0.0912528610185532,-0.135868834907957,-0.105969862450397,-0.0605632969060744,0.0018508250372641,0.0699681758313221,0.0763724166446025,0.177973532218808,0.15314263734768,0.167199014079228,0.0984639973909108,0.114276279720793,0.0795817161293121,-0.0245798434745961,0.0362712513405261,0.0355100754202629,-0.144543638106902,0.0583562467227187,0.0872595969795649,-0.134867125466922,-0.0353245275676439,-0.0783230228123216,0.131203440848716,0.155401581393573,0.0888572011930183,-0.160069995362776,0.126285906756717,-0.0762528001064675,-0.0143281095742684,-0.125773618497424,-0.117488852532066
"16",0.167898555706684,0.1499265706819,0.209872416290169,-0.180533793084499,-0.148293212730591,0.0332544957043641,-0.201290476391843,-0.133178647678363,-0.259118738652967,0.00027749464828896,0.211630830954784,0.0716858514852547,0.122642758847198,-0.0605253961963654,-0.169801305352043,1,0.0335250465657421,0.04953011757445,0.11259565945249,0.023327852366898,0.0729904228867704,0.00327095158774288,0.138961306927604,0.0319201181927099,0.254802943629341,0.172568795342707,-0.00691309233000729,-0.178712926811453,0.110293685668072,0.0813494483323149,0.0554980822893493,0.0215401758562464,0.176835286460713,0.0842805898034734,-0.224975529364391,-0.179202945495416,0.0622517471279302,0.0216791910178355,0.11140978176813,0.163205034906257,0.127949176858505,0.135396481517452,-0.0842531115026806,-0.076781127382681,-0.174268209118547,0.00927628346030563,-0.0221736803010293,0.0354194983972795,-0.0171872027029108,0.0115227820396675,0.231061234213853,0.31554875507364,0.0621922815143642,-0.073070324456429,0.0669441674166611,0.308385427981632,0.0895054133223852,0.116452481231049
"17",-0.14628671385407,-0.184498704843756,0.0122070234707506,0.107636401312831,-0.0922307777181578,0.277235728157939,0.170855372275517,0.17832547591107,-0.113838726106018,-0.2617866598671,0.205743110040883,0.163700476919713,0.212268613463343,0.0994189657073346,-0.00989693695835518,0.0335250465657421,1,0.140457740919802,-0.133036953838122,0.134836090778749,0.0384430591601125,0.103912467434328,0.00211913794729168,0.0156077056072495,0.312855624315801,-0.0160719180667936,-0.0609220482900236,-0.0814751030301758,0.261254386938303,0.0847248333305713,0.226556727267467,0.121622044785838,-0.0771612924616685,-0.0807830843753484,0.0345227251175921,0.125673416915622,0.144244818812071,0.168224428773657,0.167912447709981,0.00401893345465042,0.233034212883373,0.0692003082459005,-0.0965805968058959,0.199129344251579,0.146932215100585,0.0735415320505864,-0.0821589648791491,-0.0331997127101639,0.441832221341525,0.0893841843922512,0.109216902353013,-0.171521756918346,0.0339315615324636,-0.0179912582146625,0.168633961215821,-0.0748445746909484,0.0600858419425342,0.127112542874082
"18",-0.0959192525489636,-0.149276836944763,0.0537603299757685,-0.00066776553689935,-0.0689958566672203,-0.0602033971278294,-0.0130614847657419,0.0101744300409876,-0.155065182568796,-0.146699479770263,-0.125156715276794,-0.00029530434872152,0.0362629795856771,0.284443857422287,0.220176846906936,0.04953011757445,0.140457740919802,1,0.0435619918957306,0.212778975190646,-0.133971783827143,-0.12435760585668,0.113224223015214,-0.0199554127953299,0.235758926755267,0.117169271760926,0.114332632901181,0.103388772427737,0.0139961720289799,-0.13786796705338,-0.0796446000291187,0.254933370243096,0.00194062116927635,0.0686835495585893,0.0303201182420869,-0.148083367258778,0.141113767236619,-0.0638305575252151,0.0393391781262572,0.0404670853367563,0.0738499464244767,0.125815781997716,0.24163020034729,-0.0353924182139042,-0.0440749158506544,-0.027670469970602,-0.112347121938073,-0.083996696325435,0.16925601215573,0.416247434057536,0.150587498754438,-0.0485397226605556,-0.114276471720233,0.0405186296777497,0.148220915217276,-0.126639858893401,-0.180379799287183,-0.270735439534819
"19",0.0754368628492447,0.058771995006551,0.0454148267359628,-0.0400415604374065,0.010950155679591,0.0689253580402764,-0.187323988296178,-0.205571346285301,0.0604998736918007,-0.0631006547510135,0.00812719186537889,-0.0511164901216535,-0.0431535865702254,-0.0856557537271304,0.0041012067232877,0.11259565945249,-0.133036953838122,0.0435619918957306,1,0.122505698158334,-0.10277632012274,0.0669070523470083,-0.126051964503451,-0.0752194204824007,-0.196964934954468,-0.0701416714937251,0.0165970045826513,0.0741676877175801,0.106335213562708,-0.0155235089668185,0.252728640774879,0.0335997894891577,0.10932450021804,0.181172523901769,-0.194950586618297,0.00040094420911362,-0.0963326889542771,-0.0189867950553552,0.0166843225769952,0.164942262089712,0.294506241575276,0.162051593588805,0.249954070793506,-0.263019395803565,-0.16907950963471,0.00185962343119038,-0.108993924844722,-0.0266450985519494,0.163131994826007,0.0371058616689893,0.0457934488013903,0.189778761759218,-0.0111980316470491,0.208055785274375,-0.11718394513291,0.0881143949596752,-0.0640871604592756,0.126377818516846
"20",-0.10126217403533,0.137110732113637,-0.0129160932245476,0.0222431381768476,-0.0383768200523357,0.0697237828403668,0.0639605044662556,0.0571237689553746,0.0281727732901985,0.0528399242952995,-0.0478751270008152,0.0399230193870879,0.138836659571259,-0.037902180854018,0.125922672596212,0.023327852366898,0.134836090778749,0.212778975190646,0.122505698158334,1,-0.107864973245111,-0.0867274156832025,-0.0496110260739169,0.00197593283701497,0.188208767617541,-0.0819074422731431,-0.220461877953521,0.169307363815703,-0.132420397141672,0.123962240870943,0.0569601788096055,0.50034874133738,0.0979239659258037,-0.0626047322782688,-0.119559215935989,0.0295269972233618,0.0400746555131409,-0.0245453726826299,0.0167849890964493,0.047198124513611,0.171731801757301,0.068073398776416,0.039404942600974,-0.124244738683743,-0.110699828751223,-0.0286375642575033,0.0401315109751191,0.0718407545543984,0.0468925655418558,0.250854099978403,0.213905939665463,-0.0338810504225282,0.0378475965891473,-0.0746044650656972,0.118055154497416,-0.115635605272999,-0.0540632729781605,0.16862319095527
"21",0.112003834153334,0.128971172467849,-0.17099003657392,-0.00925379746007381,-0.0617905672038471,-0.102646984341795,0.0529029430936306,0.0413517866929568,-0.0732144876148613,-0.119485349455315,0.0990302004707905,0.118192656894828,0.10760126810492,0.0840752980488314,0.0662078228713823,0.0729904228867704,0.0384430591601125,-0.133971783827143,-0.10277632012274,-0.107864973245111,1,-0.0729989849331472,0.0771120446886621,-0.150310787712647,-0.00490740974887351,0.0388952195703817,-0.0619597385614965,-0.164188385137308,-0.026721145599358,0.035920980690831,0.040769306558511,-0.180913571016955,0.0996307442535188,0.188291264664752,-0.0509642005597047,-0.0657253693069276,0.0392253373287934,0.0476564142883857,0.197524266162593,0.162519603292798,0.0640947937079324,0.0746682859520755,-0.0259275918070052,-0.106882880123834,-0.0104878271390936,-0.0494182012803679,0.0962745689247714,0.0760307784852194,-0.0581750658486684,-0.0222311171857587,0.0293920713787717,0.102166333224905,-0.0212418336479046,-0.0252038693697528,0.00971859605466796,0.0781343883604951,0.0445718293056579,-0.0668314682192439
"22",0.125720312692418,-0.12986340926174,0.201867026526306,-0.106250797890795,0.0551626674838423,0.108598206131453,0.0266660833588009,-0.0349745227984967,0.063694636714517,-0.0113037837164342,0.120376373290671,0.0947332149412057,-0.120656453422111,-0.0284709073983484,0.0719741049819602,0.00327095158774288,0.103912467434328,-0.12435760585668,0.0669070523470083,-0.0867274156832025,-0.0729989849331472,1,-0.0537856839473657,0.00369969974750928,-0.053060519224976,-0.0372936801838422,-0.0898011791392123,0.0513048979166956,-0.0604168131720638,0.0459321524269681,0.112153948758229,-0.135161821080508,0.183949284850906,0.0583550974180403,-0.00385401097464669,0.150296694888448,0.106149477782961,0.19028763791675,0.209480080251122,0.0703653018864017,-0.0563020707294403,0.0736695507624845,0.0628286677997312,-0.0536215061647139,-0.0153746704437917,0.0637565602023987,-0.153743259717955,-0.0347990273139406,0.133794992101326,-0.186058778389418,0.0501563916729022,0.0954433743177569,0.127836411483858,0.018124340764643,-0.0616979019457604,0.0247080965890099,0.00840231668832576,0.0682349986820423
"23",-0.0793508483296178,-0.0233586358832756,-0.0167899036062325,0.0914412212299842,-0.119390287535528,-0.0706589966618586,0.174385008900988,0.104524020549409,-0.193548382465274,-0.0130554900640516,-0.163080399082878,0.0505940928381077,0.125356815608024,0.0569737054456016,-0.185794515292956,0.138961306927604,0.00211913794729168,0.113224223015214,-0.126051964503451,-0.0496110260739169,0.0771120446886621,-0.0537856839473657,1,0.179471915383039,0.0998341501899881,0.0912916004211978,0.0345915349344174,0.00508959740695582,0.00174463887109956,0.00590501752012424,0.0743024908850545,0.0214634135031232,0.00189297845059032,-0.0630441765563297,0.0264718945680119,0.0588231899583427,0.22200701552774,0.0470031179639932,0.17788898508828,0.0350370033796911,-0.00999352632760578,-0.0425020802960771,0.161054733592362,0.248291736110469,0.0290684328587546,-0.0203579519282029,-0.132685045203916,-0.086613971751373,0.203115672193917,0.0600091330423463,-0.0880678512609742,-0.071499727798818,-0.0569390398770384,0.180343667062357,-0.150171122668934,-0.0850148768518635,-0.0207076391523534,-0.113542180448059
"24",-0.212557324906654,-0.164552406228351,-0.0207025789475351,0.112486392812959,-0.0682778144106134,0.0551085961949781,-0.0216168485704421,0.0902850246766625,-0.129631919078691,-0.210565587813996,-0.0419778008764565,-0.0922771993339337,-0.0534236941530414,0.109186034910864,0.11298881634472,0.0319201181927099,0.0156077056072495,-0.0199554127953299,-0.0752194204824007,0.00197593283701497,-0.150310787712647,0.00369969974750928,0.179471915383039,1,-0.149828760008208,0.00357393150525851,-0.100793119692962,-0.100921842188708,0.0530299788607449,-0.203775399305254,-0.159507386796566,-0.0238223481575341,-0.137591300927288,-0.0815739429406647,-0.144916883376459,0.0497731724724587,0.0928223820415601,0.0455554700013822,-0.102371033842117,-0.111393297280281,-0.139960750207589,-0.0945380422986509,0.0991853057103236,0.133038277434465,-0.00326638804058392,0.110067492020874,-0.280312321211903,0.0235502542532633,0.0235248886138379,0.0201773270557997,-0.232970879147959,-0.250114352408629,-0.0903279467700329,0.15078154201275,-0.219259205845713,0.0338329798898569,0.198427082056443,0.20559517570917
"25",-0.0714663718399316,-0.136566409700764,0.099237395565088,-0.00608773436663824,-0.1133343979079,0.0425422407687292,0.0734782657315875,0.202976584560625,-0.178963431308027,-0.00835620486278575,-0.0484271543493818,0.0596040376495189,0.12407993158537,0.0373835596209564,-0.00990261558959668,0.254802943629341,0.312855624315801,0.235758926755267,-0.196964934954468,0.188208767617541,-0.00490740974887351,-0.053060519224976,0.0998341501899881,-0.149828760008208,1,0.0800838880439305,-0.232354928784011,-0.0768676456831082,-0.0184659859985339,0.110177571119709,0.182259123436155,0.0622697175448765,0.0810845127489782,-0.0492454614842291,0.212847895257445,-0.0921720558850064,0.0964600300302929,0.022473360954155,0.144886698961537,0.0858976189406037,0.155182944795942,-0.0587057509793377,-0.293019828688317,0.0426448787313205,0.0626458825850744,-0.102412252756515,-0.0679823096909151,-0.0548703170250202,-0.014983726159398,0.145734479793566,0.248329047587816,-0.113554142429564,0.105870103524173,-0.0610865593956392,0.197671733872192,0.0181745216016375,-0.0614777746435033,-0.0618326428401296
"26",0.0459332734821019,-0.0783484293739459,0.0315966249659416,-0.217456511070924,0.147903047344021,-0.0618457328605072,0.0228377414134915,-0.242806328453798,0.0442749193974458,0.0474616892850198,-0.0546571298272487,-0.0960599865336561,-0.0543800342494011,0.232566077126394,-0.00999148600389337,0.172568795342707,-0.0160719180667936,0.117169271760926,-0.0701416714937251,-0.0819074422731431,0.0388952195703817,-0.0372936801838422,0.0912916004211978,0.00357393150525851,0.0800838880439305,1,-0.0165202513113874,-0.1134196457511,-0.0257543099996343,-0.0700735574050912,-0.00030510811858782,0.135481322350371,-0.092950730599273,0.159575516726701,0.14792931436475,-0.0571577173896619,0.0262540167983879,-0.125851612185057,0.00978066395485403,0.184333462586301,-0.13733381641172,-0.0985378291118269,-0.0706903435319793,0.049868806368353,-0.11418063568652,-0.0168286252337223,0.0122136072548759,0.0876976506449254,-0.108144439441473,0.142460791844197,0.121898213613726,-0.0242379440982855,0.0609803768269789,0.102090470760767,0.226875452582147,-0.098870665540775,0.054234522660461,-0.0284574328109783
"27",0.016892525013465,-0.00542430123754998,0.0346359392537491,0.0135225284383655,0.0688865828873388,0.0169786364466571,0.025705314038256,0.00486930502702699,0.00138453675366539,-0.141842242295212,-0.0471819691688737,0.00734450603511222,-0.00917987864079548,0.128745592514185,-0.115348939967376,-0.00691309233000729,-0.0609220482900236,0.114332632901181,0.0165970045826513,-0.220461877953521,-0.0619597385614965,-0.0898011791392123,0.0345915349344174,-0.100793119692962,-0.232354928784011,-0.0165202513113874,1,0.100879868103645,0.310984314621754,0.0319674201441993,-0.147093809374036,0.0303892196152769,-0.0411811799299311,-0.0528665473075608,-0.204287763083377,-0.0465710409479616,0.00744676873964793,-0.00736550321776703,0.054141097745382,-0.111635919802972,0.0518670407790051,0.128850087384921,0.116806997321258,0.0805160326925826,-0.00776166285060754,-0.0390643344601392,0.0231040353030225,-0.23663437585259,0.0706331759113527,0.0986298509625977,0.00694393299311094,-0.0791834874944119,0.0613276110188061,0.0102469366681937,-0.00614214018938628,0.0970083617988608,0.00810942463017004,-0.187174220627071
"28",-0.115290111128848,0.00276825749648905,0.174482860133708,-0.0512420841022976,-0.0935606912960278,-0.119942003614081,-0.0217929016852248,-0.157540025235852,0.106904722053053,0.273351050278121,-0.153873144822653,-0.0704835061432279,-0.11895176803696,-0.0831067166055256,0.0912528610185532,-0.178712926811453,-0.0814751030301758,0.103388772427737,0.0741676877175801,0.169307363815703,-0.164188385137308,0.0513048979166956,0.00508959740695582,-0.100921842188708,-0.0768676456831082,-0.1134196457511,0.100879868103645,1,0.103367153662134,-0.053166114219562,-0.0621023053752032,0.0974872054308859,0.0183946558812883,-0.0298236890789175,0.00910938059676653,0.0801839117916791,0.0632162471592289,-0.119673040855983,-0.0125612841028982,-0.113680548595369,-0.00523626747033607,0.113682659157553,0.183264995232838,-0.0572373029597388,0.147001049469969,0.0525872571668011,0.105208991770753,-0.0182788808169747,-0.0474106850283345,0.0809894500315957,-0.261427451903771,-0.167763779772271,0.207858142332217,0.0815969465768649,0.0774572965766995,0.0602442132129457,-0.220893492466035,0.0337554172919627
"29",-0.00158308553821642,0.0390988620285294,0.0729476766967286,-0.053752005293924,-0.112175218364801,0.116778330749394,-0.0359373350726269,-0.00853921939627764,0.11919413543326,-0.0758672341456944,0.205293125033366,-0.0603764608224281,0.107626968712798,0.188129393922931,-0.135868834907957,0.110293685668072,0.261254386938303,0.0139961720289799,0.106335213562708,-0.132420397141672,-0.026721145599358,-0.0604168131720638,0.00174463887109956,0.0530299788607449,-0.0184659859985339,-0.0257543099996343,0.310984314621754,0.103367153662134,1,0.0793781284487849,-0.00455329838011479,0.0116330916870635,0.102806227062345,-0.0556869528394555,-0.18514760435253,0.0737259807751914,0.0591200719009578,0.211412237072353,0.0395201724224543,-0.116308246250222,0.202266493721404,-0.0600737686137942,-0.0340516507087971,0.201349048529475,0.0506649257687038,0.0217151603508885,0.0683241966748055,-0.13883580660807,0.130657403369489,0.0239410045389211,-0.0357070690946001,-0.0228437484971895,0.292784499258179,0.156292603639014,-0.091911409561843,0.0207420958171471,0.0290623083351698,0.0418659772262971
"30",0.11629110355549,0.142029129846137,0.0538074770224976,0.0744446881979164,0.117658096573395,0.131162204538958,0.0268947580914669,-0.0211355663062721,0.134581217996784,0.00848399751573139,0.175065899394558,0.0936328717787202,-0.0121966531829192,-0.126453392125736,-0.105969862450397,0.0813494483323149,0.0847248333305713,-0.13786796705338,-0.0155235089668185,0.123962240870943,0.035920980690831,0.0459321524269681,0.00590501752012424,-0.203775399305254,0.110177571119709,-0.0700735574050912,0.0319674201441993,-0.053166114219562,0.0793781284487849,1,0.122744143249048,0.251487510369174,0.0391989495722731,-0.0898890161096142,-0.0560664320806168,-0.060196318562011,0.0857027749903788,0.319308480004901,0.0484758146199295,-0.0484061670024919,0.0483379157841145,-0.150639806780271,-0.227418691646643,-0.0172017733041351,0.086220388429996,0.0688479546306303,0.202894892066434,0.00831543340809019,-0.0493844617402891,-0.194596242323658,0.0253520183335034,0.0117598373066185,0.172582687550554,-0.0282666186537394,-0.0432317691665412,0.0968519468625573,0.115914733677024,-0.00193384810124005
"31",0.115890376665243,-0.0800566492090945,0.104550825409364,-0.0473443162607379,0.018585990457651,-0.053843389420643,0.062228080942732,0.0328329928406781,0.0434245892982494,-0.0939277763547913,0.129397556619174,0.0208196864242192,-0.00537947049787613,-0.0299183922863132,-0.0605632969060744,0.0554980822893493,0.226556727267467,-0.0796446000291187,0.252728640774879,0.0569601788096055,0.040769306558511,0.112153948758229,0.0743024908850545,-0.159507386796566,0.182259123436155,-0.00030510811858782,-0.147093809374036,-0.0621023053752032,-0.00455329838011479,0.122744143249048,1,-0.0422432329711019,0.0610089831977939,0.0738688281183682,0.0337243877802516,0.260816412667937,0.120901370715521,0.210047101064379,0.177310732101444,0.0497387439198415,0.228669023445088,-0.145094211118579,-0.00988688072315939,0.00778404414378648,-0.00247691362936168,-0.0663469090351581,-0.0700698151344313,-0.146698579849865,0.1652898107161,0.0592068256753046,0.0742729425633243,0.0764885996704518,-0.02254877793278,0.161062408709868,-0.0155630227234407,0.117456254973758,-0.196314735984605,0.0190570214046277
"32",-0.0228553666643174,0.136548994565761,0.0656018274495545,0.0044644208616313,0.0481120434336788,0.10131058745091,-0.00618146446309711,-0.00667153097044884,0.0890474133839998,0.0428166123430708,0.09475695312474,-0.111232144183781,0.0488836359912116,0.161418293193462,0.0018508250372641,0.0215401758562464,0.121622044785838,0.254933370243096,0.0335997894891577,0.50034874133738,-0.180913571016955,-0.135161821080508,0.0214634135031232,-0.0238223481575341,0.0622697175448765,0.135481322350371,0.0303892196152769,0.0974872054308859,0.0116330916870635,0.251487510369174,-0.0422432329711019,1,-0.0961370126479191,0.0707201437200629,-0.116602583482871,-0.0191779517782939,0.0251444736094962,0.0731644541069702,-0.0630339130488278,-0.0535704327711214,0.00801276964854427,0.0217832972890998,-0.0243704259695296,-0.0701279463424468,-0.0664366892835983,0.0385599153969646,0.095228743931479,0.00213929007513774,-0.0183762419315826,0.22283170746105,-0.0532337686727792,-0.113046521300626,0.111336084446749,-0.103478816653379,0.0110865819588393,-0.122471540126372,0.125847477950137,0.0402590250680372
"33",0.282996230123702,0.0987176478441259,0.0729454640028947,-0.0759403823192394,0.057746992412334,-0.130012939919537,-0.0654208260527988,0.0705372036204583,-0.0297109148115972,-0.0541662037236571,0.125620660359521,0.00542186420605591,0.235923018699464,0.134380649293932,0.0699681758313221,0.176835286460713,-0.0771612924616685,0.00194062116927635,0.10932450021804,0.0979239659258037,0.0996307442535188,0.183949284850906,0.00189297845059032,-0.137591300927288,0.0810845127489782,-0.092950730599273,-0.0411811799299311,0.0183946558812883,0.102806227062345,0.0391989495722731,0.0610089831977939,-0.0961370126479191,1,0.0414293180957282,-0.0919696714533611,-0.121720097615305,0.0367444367168615,-0.0210869845740646,0.323947711359278,0.165397800458959,0.115680268088262,0.172580720537254,0.126079518568224,-0.145446467092281,-0.179081707807952,-0.129612095596617,-0.0503662824220913,0.117426160131355,0.135732526052613,0.0330867521188445,0.249648419754237,0.169415533058714,0.105949110022255,-0.114415836427195,-0.0278698464667324,0.0111597823379955,-0.115014039940766,-0.0145287873864693
"34",0.14439935233277,0.262098623892049,0.0882210572735077,-0.158935190536928,0.117156889476794,-0.0569140593582789,-0.0779326094562887,-0.19750019080401,0.119589510344257,0.125134688853289,0.0234227712631088,0.0374717314295165,-0.0799108106925407,0.197429817830984,0.0763724166446025,0.0842805898034734,-0.0807830843753485,0.0686835495585893,0.181172523901769,-0.0626047322782688,0.188291264664752,0.0583550974180403,-0.0630441765563297,-0.0815739429406647,-0.0492454614842291,0.159575516726701,-0.0528665473075608,-0.0298236890789175,-0.0556869528394555,-0.0898890161096142,0.0738688281183682,0.0707201437200629,0.0414293180957282,1,0.0267188198351933,0.0762737310284772,-0.122890404556437,-0.115035426958347,0.0614653794054311,0.162893686963585,0.0284706191545911,0.0453753058084873,0.0544591623508272,-0.113346885357613,-0.14051879139405,-0.0138362515742209,-0.089547720099129,0.00331657508518245,-0.0256858537761328,0.119952331523137,0.0312373664594792,0.241245448219773,-0.0352077694970467,-0.117030279399513,-0.147284078985272,-0.131930115098756,-0.0156252559729779,-0.0430166841903992
"35",0.0296945227086095,0.0448817172548374,-0.0171941766731341,0.0178190560473484,0.168058819723071,0.0730944579289226,0.20336229950316,0.165266531049635,-0.0234623936491897,0.153281234073111,-0.240540390209226,-0.146776405257384,-0.118618035706515,-0.151904819657342,0.177973532218808,-0.224975529364391,0.0345227251175921,0.0303201182420869,-0.194950586618297,-0.119559215935989,-0.0509642005597047,-0.00385401097464669,0.0264718945680119,-0.144916883376459,0.212847895257445,0.14792931436475,-0.204287763083377,0.00910938059676653,-0.18514760435253,-0.0560664320806168,0.0337243877802516,-0.116602583482871,-0.0919696714533611,0.0267188198351933,1,0.141121832525283,0.19926904863383,-0.0127602295478088,-0.0709143450206291,-0.13661726999899,-0.0858082653593544,-0.183578262544493,-0.229181568084269,0.118693677410149,0.0723956737497064,0.0917586911897824,-0.0687158512579581,-0.0750637600103698,-0.258930208106082,-0.0421069260255817,0.122715962690924,-0.0234665701157211,-0.109034765351613,0.0484279437772977,-0.00997134041546001,-0.0846341646664746,-0.0318621811062104,-0.212661442126432
