"","l_Insular.Cortex","r_Insular.Cortex","l_Amygdal.Area","r_Amygdal.Area","l_Bed.Nucleus.of.the.Stria.Terminalis","r_Bed.Nucleus.of.the.Stria.Terminalis","l_Hippocampus","r_Hippocampus","l_Orbitofrontal.cortex","r_Orbitofrontal.cortex","l_Entorhinal.Cortex","r_Entorhinal.Cortex","l_Frontal.Association.Cortex","r_Frontal.Association.Cortex","l_Globus.Pallidus","r_Globus.Pallidus","l_Glomerular.Layer.of.the.Accessory.Olfactory.Bulb","r_Glomerular.Layer.of.the.Accessory.Olfactory.Bulb","l_Glomerular.Layer.of.the.Olfactory.Bulb","r_Glomerular.Layer.of.the.Olfactory.Bulb","l_Granule.Cell.Level.of.the.Cerebellum","r_Granule.Cell.Level.of.the.Cerebellum","l_Hypothalamic.Region","r_Hypothalamic.Region","l_Entorhinal.Cortex","r_Entorhinal.Cortex","l_Vermix.Molecular.Layer.of.the.Cerebellum","r_Vermix.Molecular.Layer.of.the.Cerebellum","l_Lateral.Molecular.Layer.of.the.Cerebellum","r_Lateral.Molecular.Layer.of.the.Cerebellum","l_Anterior.Olfactory.Bulb","r_Anterior.Olfactory.Bulb","l_Posterior.Olfactory.Bulb","r_Posterior.Olfactory.Bulb","l_Subiculum","r_Subiculum","l_Perirhinal.Area","r_Perirhinal.Area","l_PreLimbic.System","r_PreLimbic.System","l_Primary.Cingular.Cortex","r_Primary.Cingular.Cortex","l_Primary.Motor.Cortex","r_Primary.Motor.Cortex","l_Retrosplenial.Cortex","r_Retrosplenial.Cortex","l_Secondary.Cingular.Cortex","r_Secondary.Cingular.Cortex","l_Secondary.Motor.Cortex","r_Secondary.Motor.Cortex","l_Striatum","r_Striatum","l_Ventral.Tegmental.Area","r_Ventral.Tegmental.Area","l_Substantia.Nigra","r_Substantia.Nigra","l_Thalamus","r_Thalamus"
"1",1,-0.0751436515488181,0.0534771439377067,-0.155564499941444,0.0584715302900394,0.0829592237275904,0.268868281899788,0.308282616108537,0.251695116054229,0.124072972328778,0.0800286127825129,0.0341689714883822,0.185398488922829,-0.113646576204917,0.0468485263097203,0.289986009840171,0.0214843278642377,-0.0699215087454076,0.123279074310836,0.0188224619985258,-0.0502356323613974,-0.0474166258751505,-0.0389771881413376,-0.0452978202117345,0.291208183956617,0.132375393649999,-0.14376316427117,0.057488911490022,-0.137743424337983,-0.129978411752433,0.0477406674210927,-0.100540885307171,-0.0728290758581304,-0.0155196950103297,0.0918810947052729,0.263748650625361,0.0587453416317729,0.115472730026058,0.063114011208648,0.0741102570397828,0.104528635799183,-0.164192301314093,0.0892714059070614,0.093397834614668,0.128382072761273,-0.050463227123719,0.0527106052598431,-0.0203180700994009,0.218600258955314,-0.00563217365998901,0.19755688151176,0.12641297458495,-0.127136313344269,-0.146804288866502,-0.226384601699371,0.0868830171460943,0.146613495497132,0.315188230432611
"2",-0.0751436515488181,1,0.0853831003186943,0.0811722072148057,0.222766832590844,0.154464023242633,0.0205243216886812,0.07056185193441,0.0163064293716953,0.113116942770772,0.0803457048712656,0.0593513697919268,0.0632872583861906,0.0390275405673388,-0.140913163181658,0.124774803990095,-0.0444836418975519,-0.0390952152467969,0.0201572139044443,0.0573281207967817,0.0348191465267708,0.156584522812525,0.0539918424984113,-0.0187058507761949,0.00830461794106468,0.0792544924400235,0.183067331393379,-0.0489121860448533,0.0732931888849979,0.0280824425484466,0.152398347945366,-0.0217753008098178,-0.0272662109739377,-0.0460345785363121,-0.0206693225024687,0.015596445605881,0.0877421129554408,0.0992045306286618,0.0597529480482804,0.189230177583199,0.190585591230441,-0.111186396686199,0.105703151858885,0.0227442583053744,0.118723280401955,0.0626054218678825,0.0452058578106762,0.15333156958513,0.101633038404081,-0.0258544158326856,-0.135001256823069,0.140152542640565,-0.12871205470264,-0.0165843891879984,0.0716084435104604,0.18046007217616,0.239580926573009,0.19160313256611
"3",0.0534771439377067,0.0853831003186943,1,-0.0130115604109459,0.0995977535261965,0.128048703694548,-0.145690499375846,-0.076956530180479,-0.0204460409133126,0.0792258507034611,0.287073963644013,0.0409537429329527,0.210160207080951,0.207017956386724,-0.0328092477453287,0.025459912182118,0.0629483804037154,-0.171014879330986,0.00440491127480643,-0.0690770779367898,-0.00653032544806457,0.0154598335568335,-0.0258487044372374,-0.049246263708063,0.290268219506608,-0.0328591887368135,-0.0909335522274714,-0.0254963046824835,-0.0205318523094992,0.0860208250466568,-0.0322846236293149,0.0149435625680999,-0.187807739494618,0.112010349811284,0.0934115756855809,-0.00553382748213215,-0.0535144626115932,0.138188100750705,0.0681469305545819,0.0518849255042977,-0.0778156190668243,0.129294027859408,-0.168502277508507,-0.025751199744751,-0.105443348212914,-0.0236951305712838,-0.111049519546242,0.155745484677631,0.0806530242599234,0.123462317455615,0.0567962436076008,0.141781247961034,-0.0872704979265808,-0.141916650844264,-0.0287579333274503,-0.143165596991613,0.00690692543475435,0.124308276633768
"4",-0.155564499941444,0.0811722072148057,-0.0130115604109459,1,0.111121301769256,-0.103205776224445,0.0897797861745351,-0.0910531648655929,0.0348382629747853,-0.0139237944585222,0.0493710670064674,0.038518485369595,0.0359235218444042,0.21610790040655,-0.100830809201199,-0.153696786701934,-0.148833120281409,-0.10264264546552,0.00051820577831263,0.100180040345089,0.112025625127813,0.25309144412677,0.216668862811183,0.176103280148702,0.153247256380393,-0.0203934247631687,0.139910779128715,0.146145822189332,-0.0453706797606139,0.0944967239144172,-0.0268305971760403,-0.00235800945149504,0.0853722672098056,0.216472376078127,0.0254677295376158,0.0654109169597,0.230983236325152,0.0816549690367246,0.0874872535458119,0.0360709828493603,0.00063615602474403,-0.0973803463393654,-0.0887191290479588,-0.102740191953813,0.0437536968478182,-0.191151459395124,-0.0845033513844346,-0.215221115322521,-0.144833415324829,0.0892597998545648,0.138355508982473,-0.109211795672582,-0.00673893153958366,-0.0064755631680432,-0.190966695104897,-0.0378949155344133,0.0221648133989526,-0.135157858976053
"5",0.0584715302900394,0.222766832590844,0.0995977535261965,0.111121301769256,1,0.0725503873504854,-0.0778570289965817,0.103500869923654,0.0196569516030046,-0.0687584010518416,-0.00274468563781725,-0.0117667589986254,0.0227968059751789,0.191837910295538,-0.109362097300949,0.00538156560809248,-0.0562278790476547,-0.100114055382582,0.0946504719169982,0.205164054441389,-0.0302856454439197,0.150043759448562,0.0548435045919521,0.19328268100264,-0.0774354797312898,-0.0595183850915332,0.0604646130837147,0.0150573062018415,-0.0387892559247853,-0.00751779644888981,0.0354275336917192,-0.0131759878410102,-0.020151543498358,0.0509208864625686,0.222488004519757,0.0310344568865553,-0.0635869736215026,-0.113449691459114,0.115888505496161,-0.079682381982493,0.0810767562024591,-0.255367022198248,0.0747708070280224,0.175467223323405,-0.0932534585429273,0.0306481277397147,-0.0318428833401415,-0.12658903159382,0.144504532976371,-0.00778244519013688,0.194393922760295,-0.0382889608563269,-0.00724939788775177,-0.0392480746326934,0.0313146071516087,-0.10824942909975,0.17151512783517,0.139796658452894
"6",0.0829592237275904,0.154464023242633,0.128048703694548,-0.103205776224445,0.0725503873504854,1,-0.0257332671556921,0.138913253568157,0.0869997425694038,0.126609149033031,0.120929817399265,0.0280711877491435,0.164164613461889,0.0433901111363609,0.0325370608147534,0.22924561731131,0.117911364647308,-0.00654498635974095,-0.0537388115808478,-0.0727003881945311,-0.148011409983729,0.0652662672867682,0.0601931345673138,0.111966196694645,0.108931026391353,-0.137206557648491,0.0479900454244813,0.0293989401105099,-0.0391098313024179,0.00463480131251329,-0.00418509572129654,-0.213667641708374,0.0903538745664169,0.162916104994911,0.0827499604867902,0.0571077347392778,-0.0340024133703763,0.123244996059799,0.0892257872264311,0.141825234507304,-0.0274778971450733,-0.0393295255849676,-0.0320248542836707,0.0916086809686515,-0.0386882297184672,0.128337008539323,-0.0931323195667997,-0.0378398035741988,-0.105031217829362,0.039420547360595,0.126311921448178,0.0907272107556334,-0.113828946549132,-0.114175383087245,-0.0322098300515933,-0.287352370701154,0.023045714841211,0.210873385761707
"7",0.268868281899788,0.0205243216886812,-0.145690499375846,0.0897797861745351,-0.0778570289965818,-0.0257332671556921,1,0.199532837075981,0.111396269225755,-0.102185302689851,0.0486349497938554,0.128833214600399,0.0278180845555255,0.0241533668207898,-0.115534608092147,0.0474312970904764,0.183731621981212,0.00870288406031189,-0.149107568889151,-0.0547359776053593,0.0826156515301283,0.00404941809920246,-0.00539021714708866,-0.088676017281115,0.249140807340099,0.0511812147309763,0.0217269224971775,0.0812097629639179,-0.0059266902258,-0.122926872796509,-0.0158005530670646,-0.0951294568018501,0.254409329811339,-0.120936285635956,0.139766379267399,0.0904672364118615,0.180547815990632,0.0947432827381316,0.107476459499359,0.187045561846612,-0.0949056052907103,-0.0989823692765833,-0.113139871908036,0.0370386836866975,0.201607756623036,-0.0694258510064814,-0.0937332965554056,0.0148801039039902,-0.158525432993298,-0.00549815790189294,0.0220574141029116,0.131009775886145,-0.0822837358613952,-0.0395638674914653,0.00636977252127373,0.18065669258027,0.0640685603949095,0.138145741457576
"8",0.308282616108537,0.07056185193441,-0.076956530180479,-0.0910531648655929,0.103500869923654,0.138913253568157,0.199532837075981,1,0.095496674440009,0.18984574327381,0.131084629181683,-0.0762641320362076,-0.150531758302116,-0.133700812091185,0.107513501555396,0.218928921691333,0.0516309990580338,-0.0396183999291207,0.131322532781368,-0.0565178625215337,0.00520784323455869,0.0610447464772675,-0.27954844764733,-0.0682973513442302,0.104466740240423,-0.0731888572089172,-0.165930617234136,-0.0247344510093693,0.0815235987984922,-0.100577849658823,0.200318271427363,-0.287365032498945,-0.0454925818683937,-0.126569550814079,-0.0279329961945608,0.370185155918908,-0.0608397502352652,0.127432926211665,-0.0921528944257755,0.0441679966896134,-0.0196217770816291,-0.0385100457014097,0.129703738519368,0.100023107195244,0.116003016599139,-0.212005857987975,0.0266193600161903,0.178470009597534,-0.00844989965580325,-0.0122669034497805,0.0843625069281791,0.033320307646609,-0.0674239196658783,-0.00692802342677778,-0.121079023044299,0.103260424782248,0.287349306691052,0.280413915916528
"9",0.251695116054229,0.0163064293716953,-0.0204460409133126,0.0348382629747853,0.0196569516030046,0.0869997425694038,0.111396269225755,0.095496674440009,1,0.0961308335711515,-0.0602989341756982,0.169291525697638,-0.0519372782788316,-0.0218655857197068,-0.089749181013191,0.321874199511929,-0.125263761420957,-0.0215185843340913,-0.00803309114325001,-0.045503710521191,-0.0294474420861952,-0.00163826410242775,0.0537218110511154,0.0776922866576477,0.149198597862237,-0.00767028825353204,0.0969844133345736,-0.0782652983222282,0.00375077488824181,0.00117688384904548,-0.045433721320668,-0.0594370495581386,0.213338558182155,-0.0394833576409284,0.0647263733984692,-0.146794297673669,0.0848398934486382,-0.121162129146608,0.0658867715159375,0.0462095775671037,-0.0424022291711188,-0.177589003405109,0.147421792810956,0.22021596159046,0.00353662884481712,0.0641283558779779,-0.213285654944988,-0.0523327456517038,0.0148232975429009,0.0471890703560828,0.0971524776837546,0.0631678537155137,-0.205223792472373,-0.251850035499094,-0.272933723103259,-0.186898174828804,-0.0878055690846972,0.0390129460250349
"10",0.124072972328778,0.113116942770772,0.0792258507034611,-0.0139237944585222,-0.0687584010518416,0.126609149033031,-0.102185302689851,0.18984574327381,0.0961308335711515,1,0.0245338818022294,-0.151634630114402,0.0915295148328728,0.204738534852753,-0.0312451682480485,0.181324143736088,-0.0603592522228446,0.223777464382168,0.020881842038759,0.0196895338993592,-0.0233279828232347,-0.079958417832991,-0.01158095613285,0.0298680969260538,-0.0727699557734272,0.0352232622939668,-0.0258494992283942,0.00624368187849329,-0.170907580792938,0.00990960928305178,0.0603687758754252,-0.00018022531799722,0.0101607315931962,0.0763207475172978,-0.246974688365483,0.0944221138429439,-0.0171071323100235,0.0764582413638167,-0.0940479120215299,0.146030581111417,0.0773875669834484,-0.00302959037318395,0.28586823684065,0.163799235165047,0.0419048885606869,0.0209435964112208,-0.00593928767291319,0.0905746119674886,0.165239907910722,0.239440109043635,0.156376812780384,0.00536553120785588,-0.114682692241948,-0.0348002430343235,-0.0195965824781378,-0.107685893187851,-0.0362272529077704,0.122962633924662
"11",0.0800286127825129,0.0803457048712656,0.287073963644013,0.0493710670064674,-0.00274468563781725,0.120929817399265,0.0486349497938554,0.131084629181683,-0.0602989341756982,0.0245338818022294,1,-0.117984550415554,-0.082871643956187,0.0152719282863829,-0.115449233893101,0.17036564065929,0.0485746116252718,-0.0863495653841167,-0.0910978212387101,-0.0448428045869793,-0.0790447835804255,-0.154830984086649,-0.099149028049626,-0.00815994367940376,0.285264239880737,-0.0808817942064145,-0.0138168711051204,-0.207613487310459,0.152632427572613,-0.085269488831179,0.075718743921132,-0.123683005147529,0.0755711716166062,-0.061891321692511,0.114914201839489,0.032744258088678,-0.0039283971900801,0.0182583876854691,0.020789654895097,0.0202930407415857,0.118747539228933,0.202054875012372,-0.0356269264205964,0.0524207374789934,0.0636076981227148,-0.0605411889396425,0.0478513100678033,0.162771976448904,-0.00966844240076924,0.132457013526954,0.0519517878622489,0.0124609122039497,0.137635225862553,0.0512668821506362,0.00552653801787953,0.00375807911288178,0.109975652090422,0.209019525135864
"12",0.0341689714883822,0.0593513697919268,0.0409537429329527,0.038518485369595,-0.0117667589986254,0.0280711877491435,0.128833214600399,-0.0762641320362076,0.169291525697638,-0.151634630114402,-0.117984550415554,1,-0.0269202065189848,-0.0694802786448865,-0.0218941586726888,0.0648902403712154,-0.0476161503973311,0.159718002029665,-0.143168415918185,0.0139728389622836,-0.0938162761293063,-0.0401315873732126,0.174018834729872,0.149916553007056,0.125731620996249,0.0546095391034147,0.0729590800449229,0.0551496963969291,0.0199030189584643,0.0733762513183026,-0.0477162037687294,0.0318820085230882,-0.0388730556413813,-0.0409645753331073,0.186068940630945,-0.0575269639046874,0.0492967958795376,0.148923065941574,0.0466765503933514,0.113775923929871,0.0622376807515385,-0.139884174434415,0.0243228188899471,0.00700828556702655,0.00438557969044672,0.218684145041875,-0.0652311090930988,0.0334660543415425,0.0194234138898955,0.127973947510451,-0.0491499086935697,0.0602288696054044,-0.198080337046172,-0.189938171880234,-0.240830137468044,-0.00906457917235075,0.0563448844612127,-0.126182245317866
"13",0.185398488922829,0.0632872583861906,0.210160207080951,0.0359235218444042,0.0227968059751789,0.164164613461889,0.0278180845555255,-0.150531758302116,-0.0519372782788316,0.0915295148328728,-0.082871643956187,-0.0269202065189848,1,0.0763297879260463,0.0678337782376893,-0.0890729126834419,0.198864341280271,0.0219556343068215,0.0460087267747746,-0.072898535400686,-0.0651235026733864,-0.110548724538513,-0.00381326861549295,-0.0627784464448018,0.118611942306507,-0.0540894098319556,0.0294696678030994,0.155207389433612,-0.235022751094414,0.00943337843664528,-0.0682456147034852,-0.0501987512883643,0.00424889834431808,0.112946283817983,0.049797499179207,0.0451625323667616,0.0880221777104002,0.145831815285805,0.010422903081771,0.00934121360938807,0.0282903739698847,-0.0879943754588046,-0.0423756899001027,-0.103725967601979,0.0267892560078381,-0.134213675323971,-0.0273216348285925,-0.082689618224339,0.444999159113878,0.0599161102076796,0.0220588292391864,-0.0358747906274757,-0.0266611879734504,-0.0642325767210597,-0.00633366455916173,-0.058963895258201,-0.0361555220413054,-0.0419614974863615
"14",-0.113646576204917,0.0390275405673388,0.207017956386724,0.21610790040655,0.191837910295538,0.0433901111363609,0.0241533668207898,-0.133700812091185,-0.0218655857197068,0.204738534852753,0.0152719282863829,-0.0694802786448865,0.0763297879260463,1,0.00674053163419144,0.0701012598070556,-0.0657777580055165,0.123471090380114,0.0605582006875326,-0.153010444276233,0.049782827224391,0.0404349659373263,0.0397520483692433,0.00922779673021021,0.0107864501583943,0.105463536645505,0.128826108085415,-0.033487187896317,0.0187929676771498,-0.0645610696961027,-0.0471169432196506,-0.0269069445422777,-0.0996016476829465,0.153246084742289,0.0421489580045487,-0.0767774350295003,0.0522912068919124,-0.104224302489789,-0.126684186134917,0.0926806400551348,-0.044581538928522,0.0938716086546231,-0.147378686615914,0.11428195017041,0.00534307222740146,0.144725893686308,-0.129170509760476,0.0511447091101583,-0.0188827862396641,0.526087310153279,0.210220346810347,0.00476833840125047,0.0232420565666836,0.0628332747396445,0.103854944900625,-0.0278291849477477,-0.0907124668953046,0.0428464437858529
"15",0.0468485263097203,-0.140913163181658,-0.0328092477453287,-0.100830809201199,-0.109362097300949,0.0325370608147534,-0.115534608092147,0.107513501555396,-0.089749181013191,-0.0312451682480485,-0.115449233893101,-0.0218941586726888,0.0678337782376893,0.00674053163419144,1,0.0454066072503065,-0.0244520951333285,-0.027853611268119,0.0674701178412637,-0.0279428422393881,0.0179666880055422,0.110148397402409,-0.0906690702744206,0.0519798668924793,0.00703737848422171,-0.0865303036014335,0.101398490885427,-0.0672414766348884,0.188108062312285,0.0545787694822755,0.00628857471055109,0.0413931568775414,-0.0111199013756416,0.0736490211467058,-0.118320650050067,0.0716475203901173,0.0770598771468218,0.0492323179833839,0.0136468266650045,0.0797723901165843,-0.00415199933590015,-0.00720288993468374,0.0117762471138675,-0.0170812593955999,0.0163779285788331,0.0358285960063054,-0.235423345071686,-0.0878759940048954,-0.0256302222427387,-0.0709912965468117,0.174744073319685,0.0407768029907504,-0.0709584354837758,0.00647414089725606,0.115491458300998,-0.0607020305839665,-0.143778356212893,0.0597897657574934
"16",0.289986009840171,0.124774803990095,0.025459912182118,-0.153696786701934,0.00538156560809248,0.22924561731131,0.0474312970904764,0.218928921691333,0.321874199511929,0.181324143736088,0.17036564065929,0.0648902403712154,-0.0890729126834419,0.0701012598070556,0.0454066072503065,1,-0.172413997325287,-0.0500719635280142,-0.10485382313284,-0.0139945893562939,-0.0182785134106784,-0.0224563118861978,-0.145802838784501,-0.0993179474785558,0.0760193964285392,0.0868236469227218,0.0330773895370178,-0.153299665328519,0.104497627094147,0.0302329963963648,0.0703589890891675,-0.00905842239399993,-0.144698118242732,-0.0318284154516467,-0.0114405502821537,-0.122750348857645,-0.0395691196871207,-0.0822928617427994,-0.0421079375235138,0.0610815207109873,0.0426748941573357,-0.0593431749708008,0.16989215914165,0.311044012571233,-0.0469244173001947,0.10781004126019,0.0212386045848123,0.0956087499803926,0.0364496019952524,0.170491699545137,0.150116164459232,0.23136912681317,-0.171814403299117,-0.0851805114581858,-0.081673992917817,0.0973599366045032,-0.00266912798501602,0.12817225796809
"17",0.0214843278642377,-0.0444836418975519,0.0629483804037154,-0.148833120281409,-0.0562278790476547,0.117911364647308,0.183731621981212,0.0516309990580338,-0.125263761420957,-0.0603592522228447,0.0485746116252718,-0.0476161503973311,0.198864341280271,-0.0657777580055165,-0.0244520951333285,-0.172413997325287,1,0.0758774085376227,0.0895212126646935,-0.0766250277869267,0.0891199506258315,-0.0965744172504466,-0.201751564119226,-0.191557806591055,0.317388517132166,-0.142213791918892,-0.00025931270599621,0.170617461788773,-0.235918123726916,-0.152855510912843,0.154616365659992,-0.129386354675892,0.0257947674543807,-0.178109550897335,0.101138565689406,0.0229849920185715,0.0317963859324619,0.116296508735704,-0.119373134376081,-0.129689808131711,-0.176397078331131,-0.0193570728142344,-0.0671534925045159,-0.0729442683795175,-0.155303690212075,-0.152971680550186,-0.125957621044556,-0.0635580498052649,0.0146590848893883,0.0258928445609117,-0.226272998767254,0.00065349848510756,0.0116145336548702,-0.00398626405379124,0.133078620794525,0.0648327824690815,0.108928556746846,0.113510245105019
"18",-0.0699215087454076,-0.0390952152467969,-0.171014879330986,-0.10264264546552,-0.100114055382582,-0.00654498635974095,0.00870288406031189,-0.0396183999291207,-0.0215185843340913,0.223777464382168,-0.0863495653841167,0.159718002029665,0.0219556343068215,0.123471090380114,-0.027853611268119,-0.0500719635280142,0.0758774085376227,1,-0.192314403928142,0.0561747490794521,-0.106978523495512,0.0107963147792901,0.273621909608354,0.149307214525134,-0.128280785757343,0.181531482746592,0.111692934762795,0.186328983731194,-0.0468792239843188,0.0524510653250324,-0.0234653020222889,0.16429082750844,0.18466709980079,0.112567285415373,0.176868694415732,0.123677593860367,0.0333565236819112,-0.11033816371252,0.0408028409158409,0.220478992497382,0.112891903802524,0.0388491680475489,0.193005625938803,0.0165587230963117,0.0784913889857824,0.24288698603592,0.0256716933717035,0.0488600724069946,-0.0285830190076178,0.422774598599688,0.0094628713898283,-0.0625623822845139,-0.030961441697155,-0.0082104783215025,0.0535826160864977,-0.00049529152551464,0.132431669012162,-0.0769871554937238
"19",0.123279074310836,0.0201572139044443,0.00440491127480643,0.00051820577831263,0.0946504719169982,-0.0537388115808478,-0.149107568889151,0.131322532781368,-0.00803309114325001,0.020881842038759,-0.0910978212387101,-0.143168415918185,0.0460087267747746,0.0605582006875326,0.0674701178412637,-0.10485382313284,0.0895212126646935,-0.192314403928142,1,0.0443883185895073,0.0149245514779199,-0.12660786679075,-0.142375812829827,-0.0662163863365464,0.137871682080824,-0.188736030310876,-0.0237622228790249,-0.129394058870071,-0.08273650568102,-0.159488796793137,0.515580015468672,0.131925161812985,0.00717310175905185,-0.0936289817553544,-0.188813569454609,0.0753799134777796,-0.0484326297302871,0.168203001460897,-0.207604561462352,-0.209411517415044,-0.0211808804155833,0.00873806731800704,0.0326881903172336,-0.168504565096448,-0.0910297902954154,-0.128720762740378,-0.143595573220368,-0.0424199137182185,0.0819426633447639,-0.0129191664755683,-0.00456897478587641,0.0439904157084707,-0.11310550701648,-0.157439059539024,0.0837259354434207,-0.0638720100953049,0.0218908653647647,0.205226860358595
"20",0.0188224619985258,0.0573281207967817,-0.0690770779367898,0.100180040345089,0.205164054441389,-0.0727003881945311,-0.0547359776053593,-0.0565178625215337,-0.045503710521191,0.0196895338993592,-0.0448428045869793,0.0139728389622836,-0.072898535400686,-0.153010444276233,-0.0279428422393881,-0.0139945893562939,-0.0766250277869267,0.0561747490794521,0.0443883185895073,1,-0.0475140091390164,0.0988110789762058,0.078593342675276,0.137209823692098,-0.0356614373934153,-0.150734429424336,-0.158870873179024,0.0891506454337052,-0.0231107462092589,0.00172698570258018,0.24024489707636,0.357298764354099,0.0410015893353277,0.0921334605882181,-0.0133949228911783,-0.123153522185261,0.0607937748576938,-0.128332519156503,0.0624264686892584,-0.0506348107983879,0.150740111566907,-0.039326168389666,0.125430006644509,0.00491601302148188,0.064950419813366,-0.0636774129270563,0.0689529785887326,-0.028638613119638,0.0521044292167066,-0.137249256679999,-0.0603250488639799,0.0420208081389228,0.0207977851986987,0.0280798664492084,0.0194580957174592,0.0208859645119335,0.186952528694849,0.00792643200241775
"21",-0.0502356323613974,0.0348191465267708,-0.00653032544806458,0.112025625127813,-0.0302856454439197,-0.148011409983729,0.0826156515301283,0.00520784323455869,-0.0294474420861952,-0.0233279828232347,-0.0790447835804255,-0.0938162761293063,-0.0651235026733864,0.049782827224391,0.0179666880055422,-0.0182785134106784,0.0891199506258315,-0.106978523495512,0.0149245514779199,-0.0475140091390164,1,-0.0129730236410781,-0.0029797026553909,0.00460272884759286,0.010873796932221,0.00917928366739491,0.0258342075374624,-0.0684376971235857,-0.0230457252385684,0.0901740927020932,-0.0495430186569755,0.0356397571731766,-0.165756282559403,-0.0460802161195824,-0.0911048806437406,-0.0218456212890364,-0.0424884349208034,0.0600735092203096,0.0501703834716393,0.00483929149126326,-0.0689122660687436,-0.0827433034289267,0.0960419485466858,0.166281238371539,-0.0158607287094976,-0.0496632751916621,-0.0906405655080504,-0.0143123131778265,-0.0281143999167806,-0.103069342465852,-0.111887055476813,0.0469218716194998,-0.120875348689485,-0.0704163386916904,-0.143423188496485,0.185757735091834,-0.174253748017748,-0.159778712285545
"22",-0.0474166258751505,0.156584522812525,0.0154598335568335,0.25309144412677,0.150043759448562,0.0652662672867682,0.00404941809920246,0.0610447464772675,-0.00163826410242775,-0.0799584178329909,-0.154830984086649,-0.0401315873732126,-0.110548724538513,0.0404349659373263,0.110148397402409,-0.0224563118861978,-0.0965744172504466,0.0107963147792901,-0.12660786679075,0.0988110789762058,-0.0129730236410781,1,0.189027897278933,0.140475841744981,-0.217911825018686,0.0456578739390814,0.091456570390709,0.13071894931549,0.0489927195396384,0.172595825511612,0.00775518392702667,0.0677549147915347,-0.00212373874088822,0.269380147539024,-0.00671097383172525,-0.0315793238441674,-0.0392512173401088,-0.0950398081076877,0.233022525197616,0.0581372026080408,-0.0430724947259586,-0.0541085080227393,-0.13759130750068,0.0878578201244275,-0.0516692301344035,-0.0621342871668943,0.0100292615615286,-0.0487008776495505,-0.277012620957505,-0.010308614450298,0.143317193394544,0.0993337114871723,-0.00645902343767051,-0.0540104459215892,-0.0650200484984435,-0.0327910449451302,-0.0475664762112709,-0.0397846170735896
"23",-0.0389771881413377,0.0539918424984113,-0.0258487044372374,0.216668862811183,0.0548435045919521,0.0601931345673138,-0.00539021714708866,-0.27954844764733,0.0537218110511154,-0.01158095613285,-0.099149028049626,0.174018834729872,-0.00381326861549295,0.0397520483692433,-0.0906690702744206,-0.145802838784501,-0.201751564119226,0.273621909608354,-0.142375812829827,0.078593342675276,-0.0029797026553909,0.189027897278933,1,0.612821094285657,-0.107243660550103,0.0209719396875306,0.335004776970352,0.35641899457552,0.0326089370735095,0.227008428434254,-0.060893147680597,0.236174395272977,0.326066064242858,0.221450268636861,0.253583238496062,0.211496309062124,0.146765569935855,0.0520994586491883,0.399001874092143,0.38397200348595,-0.00636057887783443,-0.282776574174134,-0.16971700245595,-0.131500337153962,0.023331537709901,0.0955476517277876,-0.00086215668776875,-0.166586567213905,-0.148276502251511,0.0026051074179187,-0.00301502091478295,-0.0434511225088033,-0.0990417623716011,-0.376574591201323,-0.142710944534402,-0.234390034389269,-0.11454600869306,-0.132916116326224
"24",-0.0452978202117345,-0.0187058507761949,-0.049246263708063,0.176103280148702,0.19328268100264,0.111966196694645,-0.088676017281115,-0.0682973513442302,0.0776922866576477,0.0298680969260538,-0.00815994367940376,0.149916553007056,-0.0627784464448018,0.00922779673021021,0.0519798668924793,-0.0993179474785558,-0.191557806591055,0.149307214525134,-0.0662163863365464,0.137209823692098,0.00460272884759286,0.140475841744981,0.612821094285657,1,-0.0957838749944805,-0.117897808796124,0.309274751570803,0.264019185933769,0.0600724791136841,0.207856332536285,-0.0834571086785112,0.132583020555334,0.415328315385662,0.205360807155235,0.153603369627055,0.17209351789644,0.024430026448521,0.0295010539590466,0.42297947316948,0.395655994993793,-0.0152160377439873,-0.227070080013735,-0.107738889052373,-0.102638073929002,0.0351322089513483,0.0614274070560239,-0.0328262103968988,-0.198666973297045,-0.181710859115658,0.0706722719150649,0.156071902657525,-0.048326871254078,-0.103567839155222,-0.311865212268964,-0.120293931262357,-0.365343016106498,-0.0751093821299185,-0.0407591509962434
"25",0.291208183956617,0.00830461794106468,0.290268219506608,0.153247256380393,-0.0774354797312898,0.108931026391353,0.249140807340099,0.104466740240423,0.149198597862237,-0.0727699557734272,0.285264239880737,0.125731620996249,0.118611942306507,0.0107864501583943,0.00703737848422171,0.0760193964285392,0.317388517132166,-0.128280785757343,0.137871682080824,-0.0356614373934153,0.010873796932221,-0.217911825018686,-0.107243660550103,-0.0957838749944805,1,0.0475323190473693,-0.0146551461206369,-0.0298849321976819,-0.0530722102206459,-0.117613885857891,-0.0315796141303074,-0.146525704691843,0.0544555990897897,-0.122652106124581,0.0175565368432472,0.0494841690934697,0.107612759410634,0.268299731265074,-0.0432351079987855,0.0750587502915993,0.0152439157671174,-0.00519297693622169,-0.0316497287842765,-0.0607777701883965,-0.0533369908378938,-0.0131851584017714,-0.183667967936837,-0.151687714204566,0.0400125530385178,0.127266685837818,-0.0390027889351009,0.171507348485525,-0.00821624095424863,-0.0374972524623829,-0.0653806475008697,0.0662457788307142,0.065698950312486,0.108267979872057
"26",0.132375393649999,0.0792544924400235,-0.0328591887368135,-0.0203934247631687,-0.0595183850915332,-0.137206557648491,0.0511812147309763,-0.0731888572089172,-0.00767028825353204,0.0352232622939668,-0.0808817942064145,0.0546095391034147,-0.0540894098319556,0.105463536645505,-0.0865303036014335,0.0868236469227218,-0.142213791918892,0.181531482746592,-0.188736030310876,-0.150734429424336,0.00917928366739491,0.0456578739390814,0.0209719396875306,-0.117897808796124,0.0475323190473693,1,-0.124851802309063,-0.0673700072500434,0.0077833402445082,0.00784035086152195,-0.183422786904889,-0.0481114129986209,-0.081948268510923,-0.00775475641929262,-0.0273242969024023,-0.0257295371070531,0.0509768280622114,-0.0136238369431208,0.0528149794477612,0.0774083553586878,0.322409982807207,0.101092678241791,0.00736934360102039,0.263259989438563,0.148653815731454,0.211175229136699,0.11759063232144,0.23194088823987,0.134073170063437,0.171526690023782,0.0432873680054868,0.0447923124955511,-0.0575344066228187,0.0739894189543129,0.00151029220224641,0.169757844698712,0.0658268842556235,-0.068217204294031
"27",-0.14376316427117,0.183067331393379,-0.0909335522274714,0.139910779128715,0.0604646130837147,0.0479900454244813,0.0217269224971774,-0.165930617234136,0.0969844133345736,-0.0258494992283942,-0.0138168711051204,0.0729590800449229,0.0294696678030994,0.128826108085415,0.101398490885427,0.0330773895370178,-0.00025931270599621,0.111692934762795,-0.0237622228790249,-0.158870873179024,0.0258342075374624,0.091456570390709,0.335004776970352,0.309274751570803,-0.0146551461206369,-0.124851802309063,1,0.0760227207216069,-0.0763075792706594,0.00732590320759104,-0.0836004176966393,-0.0489786247719919,0.179979584668649,0.0639252675985626,0.132611915852991,-0.0350681479307438,0.179329457645797,-0.058386024657231,0.160024344757818,0.213235973959623,-0.121643553443772,-0.123109386184321,-0.238949704208311,-0.0718009497899001,-0.0386637537227037,0.0968402135863229,-0.143371947299162,-0.1421016040517,-0.203965169185257,0.0510262342150056,0.0160933086028727,0.164771013272685,0.0391895467541892,-0.0503614616585514,-0.040336059490899,-0.0308892171832466,-0.074869966444981,-0.111530008015908
"28",0.057488911490022,-0.0489121860448533,-0.0254963046824835,0.146145822189332,0.0150573062018415,0.0293989401105099,0.0812097629639179,-0.0247344510093693,-0.0782652983222282,0.00624368187849329,-0.207613487310459,0.0551496963969291,0.155207389433612,-0.033487187896317,-0.0672414766348884,-0.153299665328519,0.170617461788773,0.186328983731194,-0.129394058870071,0.0891506454337052,-0.0684376971235857,0.13071894931549,0.35641899457552,0.264019185933769,-0.0298849321976819,-0.0673700072500434,0.0760227207216069,1,-0.111778711381725,0.309079969575239,-0.0831937150483383,-0.00154253866473801,0.139886188943546,0.109117953585456,0.140892902037806,0.210642651282476,0.139569940277273,0.0308102462617416,0.184208384511044,0.22782997330721,-0.122399100480345,-0.0851536104605524,0.0208062633266973,-0.165887729693226,0.0115988686023191,-0.127349109600072,-0.0287891989137804,-0.0943479449833559,-0.126161066242089,0.126065110866819,-0.0478125075845028,-0.0613888180204904,-0.0899277325824854,-0.302174462734609,-0.145323319914901,-0.147678082728126,-0.0409808976614266,-0.0239173690993119
"29",-0.137743424337983,0.0732931888849979,-0.0205318523094992,-0.0453706797606139,-0.0387892559247853,-0.0391098313024179,-0.0059266902258,0.0815235987984922,0.00375077488824181,-0.170907580792938,0.152632427572613,0.0199030189584643,-0.235022751094414,0.0187929676771498,0.188108062312285,0.104497627094147,-0.235918123726916,-0.0468792239843188,-0.08273650568102,-0.0231107462092589,-0.0230457252385684,0.0489927195396385,0.0326089370735095,0.0600724791136841,-0.0530722102206459,0.0077833402445082,-0.0763075792706594,-0.111778711381725,1,0.163584106894444,-0.0653393495469115,-0.0670752733293073,-0.0967715133736272,-0.0425124850462211,-0.0682000538531487,0.12330536281155,-0.00918271533214804,-0.0619894287485316,0.116991452627622,0.213680110013425,0.0598620674483366,-0.0468845787756729,0.193264028770474,0.00787680275520954,0.022906028669599,0.00100944272816438,-0.0794488567696102,0.183957021337974,-0.0747566791732995,-0.0737339326956829,0.0432456468952618,0.107032409051029,-0.0118282175505039,-0.20143815341852,0.100267513672898,-0.133583625339746,-0.0880757791004701,-0.059339059748471
"30",-0.129978411752433,0.0280824425484466,0.0860208250466568,0.0944967239144172,-0.00751779644888981,0.00463480131251329,-0.122926872796509,-0.100577849658823,0.00117688384904548,0.00990960928305178,-0.085269488831179,0.0733762513183026,0.00943337843664528,-0.0645610696961027,0.0545787694822755,0.0302329963963648,-0.152855510912843,0.0524510653250324,-0.159488796793137,0.00172698570258018,0.0901740927020932,0.172595825511612,0.227008428434254,0.207856332536285,-0.117613885857891,0.00784035086152195,0.00732590320759104,0.309079969575239,0.163584106894444,1,-0.175677953175846,0.18531955394747,0.0274927384716125,0.207595407251589,0.0549672390987296,-0.043386982962542,0.0850917225257772,0.107071518198792,0.143857371824701,0.382244913373567,0.0199568762840256,-0.0089417176216217,0.0373825943487958,-0.138018181257477,-0.0190309619735174,-0.038665714134319,0.00591001433211036,0.0356943691031303,-0.0693239510373845,-0.0206920115826575,0.149134945859585,0.158719737744616,-0.0918451734966704,-0.219815819787422,-0.160363601116042,-0.10120069127535,-0.159908156008195,-0.2431226164877
"31",0.0477406674210927,0.152398347945366,-0.0322846236293149,-0.0268305971760403,0.0354275336917192,-0.00418509572129654,-0.0158005530670646,0.200318271427363,-0.045433721320668,0.0603687758754252,0.075718743921132,-0.0477162037687294,-0.0682456147034852,-0.0471169432196506,0.00628857471055109,0.0703589890891675,0.154616365659992,-0.0234653020222889,0.515580015468672,0.24024489707636,-0.0495430186569755,0.00775518392702667,-0.060893147680597,-0.0834571086785112,-0.0315796141303074,-0.183422786904889,-0.0836004176966393,-0.0831937150483383,-0.0653393495469115,-0.175677953175846,1,0.198147072504282,-0.0115686467939149,-0.119707645144664,-0.178999263072228,0.124923365302475,-0.0233036700832108,0.0253853288503202,-0.192013621043922,-0.171245154806202,0.167186218378182,0.0508009004964486,0.0719600596684693,-0.016649249181768,-0.0206642065649427,-0.0845754812545051,-0.029946051165453,0.0692319907880625,0.0645939734176585,-0.00100873956609228,-0.0940430649475949,0.18057160299017,-0.201347304959448,-0.100161301972179,-0.00154199767819847,0.0918301123406011,0.127333879484871,0.13909812891128
"32",-0.100540885307171,-0.0217753008098178,0.0149435625680999,-0.00235800945149504,-0.0131759878410102,-0.213667641708374,-0.0951294568018501,-0.287365032498945,-0.0594370495581386,-0.00018022531799722,-0.123683005147529,0.0318820085230882,-0.0501987512883643,-0.0269069445422777,0.0413931568775414,-0.00905842239399993,-0.129386354675892,0.16429082750844,0.131925161812985,0.357298764354099,0.0356397571731766,0.0677549147915347,0.236174395272977,0.132583020555334,-0.146525704691843,-0.0481114129986209,-0.0489786247719919,-0.00154253866473801,-0.0670752733293073,0.18531955394747,0.198147072504282,1,0.133857562444054,0.0540469586578505,-0.0246292390844806,-0.140720514894623,-0.0749776911106487,-0.195732377502951,0.0102032933119378,0.0128822748162263,-0.0197417756396296,0.0648813130913104,-0.112644899666769,0.0453544574711962,-0.200091198253782,0.0364849431196731,-0.153326306612863,-0.0338714580934427,0.0293854158943615,0.0672877629627954,-0.0710242157714584,0.00516279080279338,-0.0177692522383766,-0.0551899337056589,0.0106954648540288,-0.0159440780388943,0.0914251697806778,-0.141080551027047
"33",-0.0728290758581304,-0.0272662109739377,-0.187807739494618,0.0853722672098056,-0.020151543498358,0.0903538745664169,0.254409329811339,-0.0454925818683937,0.213338558182155,0.0101607315931962,0.0755711716166062,-0.0388730556413813,0.00424889834431808,-0.0996016476829465,-0.0111199013756416,-0.144698118242732,0.0257947674543807,0.18466709980079,0.00717310175905184,0.0410015893353277,-0.165756282559403,-0.00212373874088822,0.326066064242858,0.415328315385662,0.0544555990897897,-0.081948268510923,0.179979584668649,0.139886188943546,-0.0967715133736272,0.0274927384716125,-0.0115686467939149,0.133857562444054,1,-0.016386518219727,0.159334220909647,0.183763099058058,0.234027617682993,0.122446421776968,0.3176276668265,0.291620566464359,-0.0110322598907247,-0.0126389806888252,-0.00880021174880383,-0.0700509095548602,0.243540088175096,0.105128424169068,-0.112139761712753,-0.180173292335238,-0.152370800709814,0.139294324288765,0.103772913973452,-0.0670699604545595,-0.00536901948636507,-0.140594638994339,0.0636416757204307,-0.186393787379782,-0.0403076546380054,0.163702361916841
"34",-0.0155196950103297,-0.0460345785363121,0.112010349811284,0.216472376078127,0.0509208864625686,0.162916104994911,-0.120936285635956,-0.126569550814079,-0.0394833576409284,0.0763207475172978,-0.061891321692511,-0.0409645753331073,0.112946283817983,0.153246084742289,0.0736490211467058,-0.0318284154516467,-0.178109550897335,0.112567285415373,-0.0936289817553544,0.0921334605882181,-0.0460802161195824,0.269380147539024,0.221450268636861,0.205360807155235,-0.122652106124581,-0.00775475641929262,0.0639252675985626,0.109117953585456,-0.0425124850462211,0.207595407251589,-0.119707645144664,0.0540469586578505,-0.016386518219727,1,0.181207263881558,-0.0237953938227003,0.104751984367229,0.00512980826805911,0.114039670258305,0.291733186702809,-0.0542332713352342,0.0786815970568388,-0.0983923063352059,-0.133865949423094,0.0181545023993958,-0.0643154034171941,-0.116108254329168,-0.0633372460318908,-0.0387232339092177,0.147124252047683,0.122552951234025,0.146736429372137,0.0109600900623475,-0.0546252649995251,0.01642586163736,-0.176671484174465,-0.1367055708873,-0.0733688967729829
"35",0.0918810947052729,-0.0206693225024687,0.0934115756855809,0.0254677295376158,0.222488004519757,0.0827499604867902,0.139766379267399,-0.0279329961945608,0.0647263733984692,-0.246974688365483,0.114914201839489,0.186068940630945,0.049797499179207,0.0421489580045487,-0.118320650050067,-0.0114405502821537,0.101138565689406,0.176868694415732,-0.188813569454609,-0.0133949228911783,-0.0911048806437406,-0.00671097383172525,0.253583238496062,0.153603369627055,0.0175565368432472,-0.0273242969024023,0.132611915852991,0.140892902037806,-0.0682000538531487,0.0549672390987296,-0.178999263072228,-0.0246292390844806,0.159334220909647,0.181207263881558,1,-0.0434854900118443,0.223668554372554,-0.0369084276984355,0.277775910699416,0.0131887901502112,0.0037389884508321,-0.188030491684954,-0.239302685326857,-0.0285921030775594,-0.161700121182272,-0.114921575419663,-0.148515347530593,-0.156819633108738,-0.140644166503875,0.0734967981604357,0.139066574104346,0.0603701838095697,0.0713100957103364,-0.113511258962891,-0.0175534674597367,0.0135840990831001,0.0169163171706108,-0.0282188056181134
