"","l_Insular.Cortex","r_Insular.Cortex","l_Amygdal.Area","r_Amygdal.Area","l_Bed.Nucleus.of.the.Stria.Terminalis","r_Bed.Nucleus.of.the.Stria.Terminalis","l_Hippocampus","r_Hippocampus","l_Orbitofrontal.cortex","r_Orbitofrontal.cortex","l_Entorhinal.Cortex","r_Entorhinal.Cortex","l_Frontal.Association.Cortex","r_Frontal.Association.Cortex","l_Globus.Pallidus","r_Globus.Pallidus","l_Glomerular.Layer.of.the.Accessory.Olfactory.Bulb","r_Glomerular.Layer.of.the.Accessory.Olfactory.Bulb","l_Glomerular.Layer.of.the.Olfactory.Bulb","r_Glomerular.Layer.of.the.Olfactory.Bulb","l_Granule.Cell.Level.of.the.Cerebellum","r_Granule.Cell.Level.of.the.Cerebellum","l_Hypothalamic.Region","r_Hypothalamic.Region","l_Entorhinal.Cortex","r_Entorhinal.Cortex","l_Vermix.Molecular.Layer.of.the.Cerebellum","r_Vermix.Molecular.Layer.of.the.Cerebellum","l_Lateral.Molecular.Layer.of.the.Cerebellum","r_Lateral.Molecular.Layer.of.the.Cerebellum","l_Anterior.Olfactory.Bulb","r_Anterior.Olfactory.Bulb","l_Posterior.Olfactory.Bulb","r_Posterior.Olfactory.Bulb","l_Subiculum","r_Subiculum","l_Perirhinal.Area","r_Perirhinal.Area","l_PreLimbic.System","r_PreLimbic.System","l_Primary.Cingular.Cortex","r_Primary.Cingular.Cortex","l_Primary.Motor.Cortex","r_Primary.Motor.Cortex","l_Retrosplenial.Cortex","r_Retrosplenial.Cortex","l_Secondary.Cingular.Cortex","r_Secondary.Cingular.Cortex","l_Secondary.Motor.Cortex","r_Secondary.Motor.Cortex","l_Striatum","r_Striatum","l_Ventral.Tegmental.Area","r_Ventral.Tegmental.Area","l_Substantia.Nigra","r_Substantia.Nigra","l_Thalamus","r_Thalamus"
"1",1,0.00140480166472352,0.155196764586611,0.102917851013939,0.0991243298680007,-0.219021372486035,0.0496667112841953,0.0253504197699973,0.244893459174188,0.0107966274762249,0.0285246081782328,-0.163344250742048,0.066005757410828,0.0463095017489753,0.163768754680169,-0.024843733230808,0.0467444563852365,-0.0604452174242894,-0.289348392570768,-0.0362385213499453,0.0683695799518032,0.0112682440389455,0.116270228948472,0.133872525509974,0.0314399724999658,-0.0286950984842684,0.0513096257879276,-0.0848506186447124,-0.0201837812961941,0.175813437303081,0.196146888235906,0.347383811437525,0.242721019816841,0.163768586319149,0.0691596214907889,0.0382602857287369,-0.0252677846943309,0.0373989970352492,0.161275318055652,0.186595165656732,0.0836431568773766,-0.0372045649842119,0.116234377957758,0.0259062117852695,0.0622901262443355,0.0604014846906214,0.00678966558958839,-0.0200664504123339,0.189395859859217,0.0961276670029197,0.153446635040114,-0.0342211038719389,-0.13276807348796,0.0365409173991955,-0.214605964992872,-0.0992010953972154,-0.0892917758474423,-0.0923361226248109
"2",0.00140480166472352,1,0.278088319070514,0.072849501599973,0.0373894642197979,0.154883771592472,0.0754828762228398,0.0691020710957471,0.326076614332915,0.454235809693313,-0.108372504747144,0.225134187732803,0.227084671250138,0.0751057574039192,-0.105791315935404,0.224428478959476,-0.128877541428762,-0.215654511632876,-0.139625948278572,0.0300296533961944,0.131183934217862,-0.0592630767889043,0.00249333434200291,0.0761509390063274,0.0404370783297807,-0.150067847020912,0.168522436203505,0.0578062843123874,0.210302977479628,0.113731776762223,0.220667647212349,-0.0420805388128128,0.0948480820095182,0.125025598425183,0.115227654321073,0.056907015979079,0.0449097355294905,0.123648816127864,0.0671640687868916,0.0821793269769457,0.0173007212262282,-0.00850916284519446,0.239771319783994,0.220948725065255,-0.0482252699742259,-0.0428881680060818,-0.0467917459516482,0.0224031438452973,0.153083396029651,0.065178963831204,0.133884615436547,0.203368996205553,0.0604363577921899,-0.0948809385372638,-0.0670648809878279,0.0806265636214197,0.113769406121269,-0.0787713750972639
"3",0.155196764586612,0.278088319070514,1,0.0998940929608728,0.0462838789712011,0.00236933680196741,0.0872974888814468,0.0821589018909834,0.138505853146675,0.177195179275999,-0.0250207609423404,0.139877053828744,0.0210835741183463,0.210411870212455,-0.0263336256584492,-0.173272847578941,0.220252882867407,0.0330618101929085,-0.155579255609869,0.191155262218427,-0.125365508107074,0.0301297921677748,0.0832856732665291,0.0241490199354844,0.206883778162222,-0.0680751981119048,0.0440955449517053,-0.0164038449798594,0.0545986700906839,0.0406758881131233,0.114551186315786,-0.0131009873614999,0.15876172212609,0.0922888117219841,0.248121384009546,0.117079820153732,0.18461032714259,0.063584094566694,0.248366074089811,0.0704679918226649,0.168764598033441,0.151015787100174,0.213510797182838,0.0731756716118885,0.272650170917732,0.117440794857112,-0.168956951315965,-0.011463963180868,0.15871826161313,0.193987559634786,-0.0128397273936664,-0.0306599551011278,0.0386337072438072,0.0353884569136179,0.130005755668121,0.0859999262049427,-0.0976881167001452,-0.0528651074556646
"4",0.102917851013939,0.072849501599973,0.0998940929608728,1,0.0411617073885826,-0.0108924920540745,0.108247402813123,-0.18918183101963,0.0795473682756635,-0.0510682230795819,0.106668084280944,0.103645073641289,0.161404531958607,0.0875859474476584,0.0182752692435526,0.0407182381855585,0.115598493838249,0.00720273024554712,-0.161923274639611,-0.0279319765783748,0.0306912543988358,-0.102807636656404,-0.095937267149244,0.0669377257772703,-0.0167418384314717,0.246473097258856,-0.204238879698564,-0.217201843252433,-0.113487814832196,-0.122282166915905,-0.00642291645925635,-0.0110170128873427,0.0472427699403342,0.0694800415743635,-0.00349545338709912,-0.143634219060446,-0.0355102037265333,-0.19327045093046,0.150463882557053,0.307635034878195,0.234357015937871,0.0926424121250272,-0.0358404392315573,0.00714879892043412,0.120528381608579,0.0141641838579026,0.202454896759871,0.185248004452435,0.202341342491921,0.0992940379359273,0.0596048520344645,0.0147084441196833,-0.0256215934684895,-0.225384174135941,-0.0879247398030889,-0.0767569989876674,0.00783462985364222,-0.0307790497555975
"5",0.0991243298680007,0.0373894642197979,0.0462838789712011,0.0411617073885826,1,-0.0481623915261414,-0.122558464150708,-0.116161643474231,0.0775609650926517,0.143913203369951,0.111775427736431,-0.0883530681137369,0.0863210337611977,0.141298725300727,0.0168648042022676,-0.00167213158917098,0.0148521930360901,0.0341541254048741,0.0461138919459507,0.121433859592723,-0.029720818688954,0.0229269278801391,-0.100347446013704,0.0349285336752466,0.0891857794010872,-0.105541031118918,0.0442404490841248,-0.0546398519350691,-0.0443858534641892,0.0952382043527692,0.0635169283203363,0.0208104181538588,-0.0285598968540777,-0.0289097122256371,-0.0222494936159988,-0.00578675275381286,-0.112407565869399,-0.0544110954161619,0.0319718681353763,0.0960608758224396,0.0901658022713502,-0.0272516366337539,0.150860696370106,-0.0661471713554036,0.163618763067745,0.0701244740079162,-0.0647371468590567,0.0978235934050147,0.0530680069332796,0.0923947620112233,0.0641825889012786,0.051625463486009,-0.002077160505389,0.00825983167776673,-0.0669288100875563,0.121129526783246,-0.00970838266625798,0.0125428115694992
"6",-0.219021372486035,0.154883771592472,0.00236933680196741,-0.0108924920540745,-0.0481623915261414,1,0.0293368028411679,-0.000627963704775,0.0487467000190329,0.0187625756868422,-0.0350362629222902,0.141917176328231,0.0802413519459524,0.0806611486652134,0.00169807406407905,0.0368488496058405,-0.115803846722323,-0.0157120877911786,0.0451036366260717,0.0501438480434211,0.0282602031071222,-0.00126813551632698,-0.0209674411634427,-0.11061859862646,0.0194622391242933,0.0987498317168099,0.00791471799544357,0.0228210925158181,-0.191575315627068,-0.1658137765599,-0.0334190081107966,-0.109975780726521,-0.00320421079239673,-0.0130230596491199,0.00392286519236432,0.0539106918125162,0.0949163085271614,0.0987112120039521,0.0862131438696036,-0.07959610543708,0.116858029054889,0.0499670676282332,0.0190731072924226,0.0415209468203725,-0.0144152872438555,-0.0459201856931696,-0.0174190065230892,-0.0556611631185115,0.115675835311874,0.0978922000442877,0.106111021505759,0.294252375381514,0.177716634789959,-0.0244612542703257,0.196382106417326,0.169273827606076,0.257786270661445,0.406441227223955
"7",0.0496667112841953,0.0754828762228398,0.0872974888814468,0.108247402813123,-0.122558464150708,0.0293368028411679,1,0.281449332822243,0.0802504036264289,0.121203498030317,0.0607151429131025,0.229363438321246,0.00701533708984167,0.163090540111455,-0.02706461970199,-0.0750582373047096,0.086230293107734,-0.00955615826217573,-0.342461406622996,-0.0951870899192723,0.045350434867989,-0.0876757095352257,0.0405782502736449,0.125860487387918,0.124056466137002,0.249776934024736,0.058930429539778,0.0437629680048067,0.286743229888127,0.159803890095021,0.131044863895519,-0.00957341368946884,0.0920082337568593,0.0458993454823544,0.480380093758111,0.233045450005866,0.215408703976164,0.0599254278200363,0.0797511731183718,-0.048086614766908,0.135220429049379,0.162255133005106,0.190832622597728,0.220400258583223,0.161066476075158,0.151201345032092,0.0538728746668074,-0.00694377612335333,0.239252634842935,0.171994608900293,-0.0184220023013313,0.0170245044094389,0.0916447661348532,0.134338109425032,-0.184057314167571,0.0818123410581651,0.303185799766343,-0.162874660929292
"8",0.0253504197699973,0.0691020710957471,0.0821589018909834,-0.18918183101963,-0.116161643474231,-0.000627963704775,0.281449332822243,1,0.108458199617592,0.136648889923301,-0.0298437765136016,0.143351156312952,-0.00495249393294701,0.115251360673551,-0.0615987617099567,-0.141427062093839,0.276765772648883,0.0176976973951482,-0.278333798109952,0.0436504298020268,0.0807399134084715,-0.122564647111442,0.248900102152696,-0.0232885946396492,0.0596324056844511,0.078582485747941,0.260674158343904,0.182983381774191,0.146135547051579,0.0958711157017989,0.236012265905519,0.196323983411628,0.288706952837717,0.186116266994935,0.316117333232015,0.296615902466156,0.216973994853928,0.147804631515639,0.119278263466199,0.00530984391992954,0.0715465460488078,0.239464874371641,0.262679523319198,0.132557578071157,0.244109323472664,0.315672419499679,0.123127886500825,0.0210237471859522,0.169952991390394,0.22312084403267,0.0574805118250054,0.0782149428505463,0.00449687832495404,0.143938458410485,-0.0966737691067183,0.0157456976917315,0.157009222673659,0.165210981084561
"9",0.244893459174188,0.326076614332915,0.138505853146675,0.0795473682756635,0.0775609650926518,0.0487467000190329,0.0802504036264289,0.108458199617592,1,0.378948273812827,-0.114580208723538,0.0593172736091761,0.121703335755789,0.0841497031491469,-0.0978095371193333,-0.0486997479768416,-0.079056255390247,-0.0947996637876473,-0.100060988508981,0.0917817494952838,0.228478032440158,-0.160285159956241,0.0798521044617198,0.133922855978707,-0.0257295561540599,-0.0310728798318389,0.0840026495404356,0.0991484072121914,0.0931021889391983,0.144290171434786,0.354660010407318,0.20228888970909,0.243107922210264,-0.0191181619889279,0.051133424232058,0.0821434592370951,0.145511256979744,0.111468600317121,0.131867269685343,0.033504289671089,0.0249446376041771,0.13586270288289,0.292734094469982,0.129114165359147,0.0679807160929374,-0.0273451924318718,0.0646594821040546,0.179335378698685,0.257055010808014,0.103905258848682,0.296502242790696,0.102635614250258,-0.206011493376687,-0.251836741765227,-0.117856708901968,0.0767746849898364,-0.0233033945660109,0.0306074220483694
"10",0.0107966274762249,0.454235809693313,0.177195179275999,-0.0510682230795819,0.143913203369951,0.0187625756868422,0.121203498030317,0.136648889923301,0.378948273812827,1,-0.0772712271748606,0.0634184261747498,0.0833269823029684,0.189733337979252,-0.046649070101085,-0.0299786003551396,-0.0250640245633362,-0.080776500700455,0.0764497050165916,0.0973178811381262,0.104058332545839,-0.13725993490402,-0.0209009339901564,0.151303451287009,-0.0812310537567545,-0.114395262063291,0.169957844745788,-0.00037793949738796,0.0666062160356098,0.090233192625765,0.307333983484627,-0.0876972852004068,0.0823871210751802,-0.0656789742876865,0.0234627215054113,0.177214222145944,0.0300998275233743,0.193280576254503,-0.143961598952951,-0.122907872179956,-0.232347486425958,-0.0720869275512605,0.304989564400688,0.313621492830306,0.167986936619402,-0.0203078201620463,-0.21767449328085,-0.0759660133985484,0.113846178106251,0.128397842998808,0.0401333335097989,0.0736599343664061,-0.13638611912607,-0.0530879945447105,-0.0855995374298601,0.261837092712675,-0.00988888965837893,-0.0378455030062755
"11",0.0285246081782328,-0.108372504747144,-0.0250207609423404,0.106668084280944,0.111775427736431,-0.0350362629222902,0.0607151429131025,-0.0298437765136016,-0.114580208723538,-0.0772712271748606,1,-0.0131035727825892,0.108822643455863,-0.249716724849579,-0.0792024129639085,0.0963342564600628,0.101841994930787,-0.0621593764114853,-0.00312146381773689,-0.11725375032822,-0.0620805653830751,-0.261484816000546,-0.176068939416352,-0.140475937663586,0.0161913932530353,0.0458604770252113,-0.0155510511047252,0.0126025188258592,0.0716489352369867,0.0541203615171094,0.0168692822552776,0.0343913665541292,0.0623251702965019,-0.0146441780546503,0.0727409221119822,0.168428091867397,0.0972443588013677,0.0188582281034827,0.123742599461272,0.199653835095518,0.0382749936982706,0.0331127301913866,-0.0166458784748615,-0.0789385698141569,0.14195887361638,-0.00190269988921022,0.0629782174334989,-0.00324803284422367,0.0981650370867045,-0.131781765827192,-0.0678011993998535,-0.0541313796858087,0.0399156888206751,-0.046468239137404,0.00904931238770548,-0.0327207438410497,0.0621294720146931,0.104563609623892
"12",-0.163344250742048,0.225134187732803,0.139877053828744,0.103645073641289,-0.0883530681137369,0.141917176328231,0.229363438321246,0.143351156312952,0.0593172736091761,0.0634184261747498,-0.0131035727825892,1,-0.00024585882599558,-0.10210610668869,-0.10591455757436,-0.0303271990200978,-0.0242320761717164,-0.170817559114199,-0.0668919668001822,-0.153645661553995,-0.043654725989282,-0.220009603061083,-0.0571930756748546,-0.355340019245349,0.0273325778420935,0.0984546783090012,0.0242096769185604,0.0685171874769283,-0.0236924326869647,-0.0684300940895631,0.0604349225306233,-0.128476665084792,0.0924781299593444,0.0760009015866325,0.225088038797879,0.0328019609216454,0.0196516308000724,0.100779814205738,0.00357679777775345,-0.0315660957572328,0.0281119434132545,0.0896456108743323,-0.0112532575983231,0.0425854402169635,0.0158210082338663,0.00215033353070025,0.0468670988432769,-0.00742832973484147,-0.0713972460246012,0.0447968469697107,-0.0129784602729597,-0.0200893059507562,0.15486817314323,-0.0901049940430972,-0.0996171108966503,0.207143003310684,0.165082040551227,0.00926402165280938
"13",0.066005757410828,0.227084671250138,0.0210835741183463,0.161404531958607,0.0863210337611977,0.0802413519459524,0.00701533708984167,-0.00495249393294701,0.121703335755789,0.0833269823029684,0.108822643455863,-0.00024585882599558,1,0.258610164483373,0.0603532835922793,0.159418531032121,0.0983811691151242,0.0382481952545364,-0.13600575595126,-0.0489020865100121,-0.0572376481759467,-0.0505684629704616,-0.110372438658998,0.070562141263691,-0.091339200347716,-0.0520019774486454,-0.169651008961185,-0.00714841854982739,-0.160240654432616,-0.0907108635330773,-0.0215896999293112,0.0135813228363752,-0.0158044296014662,0.0394496387006371,-0.0695175122744765,-0.207559001206005,-0.174949740543917,-0.114018251329839,0.079608217567031,0.221835821297142,0.231501243412555,0.0264946087317464,0.0961670702460136,-0.0331199382531748,-0.0633237386503492,-0.133429214025618,0.107374846102619,0.179820350306113,0.632116016972815,0.171907431015198,0.205949327912506,0.183571445488755,-0.160609718450022,-0.0372254399418457,-0.178750488174374,0.003958431645861,-0.0338523701243972,0.113248110603539
"14",0.0463095017489753,0.0751057574039192,0.210411870212455,0.0875859474476584,0.141298725300727,0.0806611486652134,0.163090540111455,0.115251360673551,0.0841497031491469,0.189733337979252,-0.249716724849579,-0.10210610668869,0.258610164483373,1,0.0347469690683406,-0.0425845699031111,0.229806326698324,0.362055151241424,-0.191326313387315,0.0292872199310319,0.0447453746593246,-0.00303307014074541,0.0249707108963718,0.28437487105761,-0.0181848280711416,0.0447137134648216,0.00439360931175734,0.0173310547167401,0.0424326773115192,-0.0252649780757305,0.164771031418239,0.0385613724825789,0.12467702996475,0.101269676744295,0.143451765488697,0.0210732202199358,0.0871869277036093,0.00766383994622414,0.218073841534585,0.0409804987436155,0.343508588533383,0.310463639597698,0.0896500468763572,0.19163253635635,0.108821230976815,0.230972556958651,0.107339923908612,0.182018785556887,0.351287428949011,0.744350033650827,0.186724670538869,0.104975604511125,-0.0940340687819378,0.0705005855596182,-0.11581060069151,0.110513142226217,0.0175601478759792,-0.0728629977501275
"15",0.163768754680169,-0.105791315935404,-0.0263336256584492,0.0182752692435526,0.0168648042022676,0.00169807406407905,-0.02706461970199,-0.0615987617099567,-0.0978095371193333,-0.046649070101085,-0.0792024129639085,-0.10591455757436,0.0603532835922793,0.0347469690683406,1,-0.14639742272303,0.0111961728178596,-0.00218632304416697,0.115939997952531,-0.0259206541762893,-0.160110537284202,0.132510012815512,0.0479516326846686,0.0900459808144623,-0.0920301918998318,0.0077036220539236,0.0194373997028535,0.11684764368183,-0.0186363196599561,-0.123597144353302,0.0355293581349873,-0.157620231388924,-0.0121953458089784,-0.138105540818859,0.0474193077113837,0.0925845502644753,-0.0109762936897027,0.0110224567777512,0.056517085880506,0.0896243811643463,0.027721282678686,0.011370987406968,-0.158996084584873,-0.209279470895304,0.156631660735107,0.0173724914405025,-0.0152222972984649,0.00521884405424124,0.0288988985938713,-0.0271388647594056,0.0958816634978402,0.0274766579588943,-0.0441855453341868,0.00568821971531399,0.0583938824265906,-0.20755464352908,0.0112997294305957,0.120203357977743
"16",-0.024843733230808,0.224428478959476,-0.173272847578941,0.0407182381855585,-0.00167213158917098,0.0368488496058405,-0.0750582373047096,-0.141427062093839,-0.0486997479768416,-0.0299786003551396,0.0963342564600628,-0.0303271990200978,0.159418531032121,-0.0425845699031111,-0.14639742272303,1,-0.165457582333038,-0.0740872834402769,0.0989770241111681,-0.213846519059734,-0.00794840567444414,-0.133096733940221,0.0211877270433395,-0.0735478112643674,-0.242191842058341,-0.0685062283205285,-0.114825258165885,-0.157152897789073,0.00561052248899983,0.0769842658719635,-0.0462057694670665,0.0115838338261893,-0.062481821895312,0.0221818000241563,-0.245392110617349,-0.147568436975857,-0.161180325278514,-0.102300232976314,-0.113701173199103,-0.0469628215657865,-0.0256519092640489,-0.111691645964851,-0.0380407796397244,-0.0114378393426037,-0.16841761272442,-0.157883838207153,0.141914556923298,0.114290507812733,-0.0570854079418801,-0.102182277941306,0.115192306235264,0.258284333793251,0.0784383129663813,-0.00894783951121661,-0.0490442425009098,-0.0633669623056414,-0.12808517930273,0.0414769706049778
"17",0.0467444563852365,-0.128877541428762,0.220252882867407,0.115598493838249,0.0148521930360901,-0.115803846722323,0.086230293107734,0.276765772648883,-0.0790562553902469,-0.0250640245633362,0.101841994930787,-0.0242320761717164,0.0983811691151242,0.229806326698324,0.0111961728178596,-0.165457582333038,1,0.41724256836873,-0.210534560994468,-0.0348760786827254,-0.0378544844128148,-0.0209756759534504,0.0344781787136744,-0.0296944259971893,0.190983605571282,0.192773519555099,-0.0427923381335646,0.0673882820212112,-0.0509968659422909,-0.0646174323480698,0.262970330019667,0.158465280983654,0.28997355979392,0.159638542211741,0.216383785861386,0.0493296027122597,0.202792442882725,0.00528474062900042,0.379501902952233,0.318778014422725,0.27960940883074,0.224106781021786,-0.0182872339068813,-0.037158196425216,0.303919724260021,0.219172245056331,0.046016920171667,-0.00826725644684075,0.373013587039665,0.326913000294653,0.122663133502965,-0.03344717754928,-0.109055172060626,0.00571631517387592,-0.00453575593183396,-0.0825336802222421,-0.0467661487241163,0.0338460252621671
"18",-0.0604452174242894,-0.215654511632876,0.0330618101929085,0.00720273024554712,0.0341541254048741,-0.0157120877911786,-0.00955615826217574,0.0176976973951482,-0.0947996637876473,-0.080776500700455,-0.0621593764114853,-0.170817559114199,0.0382481952545364,0.362055151241424,-0.00218632304416697,-0.0740872834402769,0.41724256836873,1,0.105450985573529,-0.0898630750517237,0.0377211618227589,0.0889396616177486,-0.0107317317199146,0.154656904636169,-0.00187671624586858,0.0975599217882085,-0.253250037972208,-0.117016214161072,0.155397708233247,-0.227500798595685,0.0969598791477764,0.146424780098117,0.0966915219069031,0.152008692971237,0.175724933684668,0.108292611778654,0.123287364603156,0.116753662592086,0.0261819994147115,0.0967371871296006,0.205287828877144,0.0836594658818466,-0.136497283084425,-0.0241681029450659,0.13094469615369,0.127791241420531,0.116244578364208,0.0639016973436103,0.0682671830491472,0.331906586533605,0.0323809936932205,-0.147170127179109,-0.0503076001242656,-0.0288851593597357,-0.0500580308967807,-0.0750222513867925,-0.0707005223343261,0.029137736197786
"19",-0.289348392570768,-0.139625948278572,-0.155579255609869,-0.161923274639611,0.0461138919459507,0.0451036366260717,-0.342461406622996,-0.278333798109952,-0.100060988508981,0.0764497050165916,-0.00312146381773689,-0.0668919668001822,-0.13600575595126,-0.191326313387315,0.115939997952531,0.0989770241111681,-0.210534560994468,0.105450985573529,1,0.00593395405187322,-0.111005359112008,-0.0815950214142913,-0.0168306480790562,0.0999751981991109,-0.169835394883552,-0.0707273725880943,-0.120772705851517,-0.02800690419756,-0.098873695399574,-0.106294662619962,-0.00072245798401694,-0.179432606802935,-0.180725612263804,-0.295340421710621,-0.425635250233593,-0.0252845888271509,-0.188613037427442,0.0805018487181819,-0.384248977360513,-0.149059140703422,-0.328593399252701,-0.3780897217127,-0.345419394744323,-0.274854883129435,-0.162531563151207,-0.212273395624196,-0.164903975065461,-0.184342146271375,-0.437937337936283,-0.358185547173754,-0.0506541675170898,0.0206996697503435,0.147242217551903,-0.120592124634616,0.118926668834338,0.148648566890811,0.0615077289352138,0.222995405626438
"20",-0.0362385213499453,0.0300296533961944,0.191155262218427,-0.0279319765783748,0.121433859592723,0.0501438480434211,-0.0951870899192723,0.0436504298020268,0.0917817494952838,0.0973178811381262,-0.11725375032822,-0.153645661553995,-0.0489020865100121,0.0292872199310319,-0.0259206541762893,-0.213846519059734,-0.0348760786827254,-0.0898630750517237,0.00593395405187322,1,0.0809456591057736,-0.0621638759167869,0.20180945703593,0.148690511681923,0.26626950231326,0.041558646195705,0.157297745278957,-0.00806298522874718,-0.0994335181184666,-0.0293741756661727,0.00831518846770736,0.240583117331947,0.155602128277361,0.110785853765378,0.00346227223735357,0.0622812152454024,0.0639476915536759,0.0326696572881778,0.00876860674569916,-0.0134900566017449,-0.0121312404900543,0.145139164359076,0.124291096212265,-0.0798204784945939,-0.054532381999441,-0.0151207990498621,-0.159604064950972,-0.113903789011341,0.068116338155858,-0.0460642711393994,-0.0692237315297435,0.0286463431351018,0.0217430865986479,0.0467343509041599,0.0893014922493698,0.168530555990184,0.128637203961135,-0.0822290519615685
"21",0.0683695799518032,0.131183934217862,-0.125365508107074,0.0306912543988358,-0.029720818688954,0.0282602031071222,0.045350434867989,0.0807399134084715,0.228478032440158,0.104058332545839,-0.0620805653830751,-0.043654725989282,-0.0572376481759467,0.0447453746593246,-0.160110537284202,-0.00794840567444414,-0.0378544844128148,0.0377211618227589,-0.111005359112008,0.0809456591057736,1,-0.0823723273920241,0.12769706741337,0.0677829607122317,0.193539013630921,-0.104213015846329,0.19932540093528,0.0957763657392839,0.155783302331579,-0.0454344285712539,0.0286052403446913,0.293635830862116,0.00152148560606806,-0.0606535123719945,-0.0424486871112147,0.0748586911236007,0.117471242936967,0.0124142558855398,-0.142012832552584,-0.0953034742476274,0.0051731190133342,0.123118965684365,0.0575625014857176,0.198786355433266,0.0240362268987648,0.0299397804149262,0.104228808228413,0.0201238528141881,0.038633353431155,0.0757974760552293,0.0337886631896028,-0.00954443217792313,-0.146651352296279,-0.217001482751328,-0.117392861600725,-0.0383283925858396,-0.00714392149127876,-0.221499590781519
"22",0.0112682440389455,-0.0592630767889043,0.0301297921677748,-0.102807636656404,0.0229269278801391,-0.00126813551632698,-0.0876757095352257,-0.122564647111442,-0.160285159956241,-0.13725993490402,-0.261484816000546,-0.220009603061083,-0.0505684629704616,-0.00303307014074541,0.132510012815512,-0.133096733940221,-0.0209756759534504,0.0889396616177485,-0.0815950214142913,-0.0621638759167869,-0.0823723273920241,1,-0.0576012773570964,0.117016137758501,0.171046972032948,-0.112654065781005,0.0741140229769468,-0.0185515723573105,-0.0355564669068445,0.0510525823056181,-0.10538339931059,-0.202004476673054,-0.223725247188119,-0.0882570261201923,0.0840309591545001,0.0701363553544555,-0.0435398840161266,0.0451078012700468,-0.182065723976859,-0.130277197029093,0.00364477848361959,-0.14598834088026,0.179311515211983,0.11607848492229,0.0159457025991793,-0.00136592519828015,-0.120209245126176,-0.0417266007501744,-0.00127669595949969,-0.0606763469243018,-0.206964703053516,0.111217080968279,0.0716555752746121,0.131972496039915,0.0133486361924685,0.0149640516378158,0.0436899576591554,-0.114725902034489
"23",0.116270228948472,0.00249333434200291,0.0832856732665291,-0.095937267149244,-0.100347446013704,-0.0209674411634427,0.0405782502736449,0.248900102152696,0.0798521044617198,-0.0209009339901564,-0.176068939416352,-0.0571930756748546,-0.110372438658998,0.0249707108963718,0.0479516326846686,0.0211877270433395,0.0344781787136744,-0.0107317317199146,-0.0168306480790562,0.20180945703593,0.12769706741337,-0.0576012773570964,1,0.221478588036778,-0.0243323782030496,-0.00178788951452528,0.117058206518305,0.00899133861450757,0.0786101267256771,0.0365505289775443,0.160361549428861,0.174393561953037,0.27727579518735,0.135867304395521,-0.0677556170362268,0.00751096601600508,0.0412291795432409,-0.0468294059207957,0.079539008131371,0.123588032499998,0.066713637072727,0.139590613833092,0.0929520498256472,0.126515237531893,-0.0662150610881842,0.0404867605466293,-0.0806025020840122,-0.00016889341178738,0.0549784362108744,0.0871292605619771,0.200042557183711,0.0931997794070621,-0.0434965841507049,-0.0964311351213398,-0.1246670511208,0.00020179267306815,0.0227279786971452,-0.0386365189698465
"24",0.133872525509974,0.0761509390063274,0.0241490199354844,0.0669377257772703,0.0349285336752466,-0.11061859862646,0.125860487387918,-0.0232885946396492,0.133922855978707,0.151303451287009,-0.140475937663586,-0.355340019245349,0.070562141263691,0.28437487105761,0.0900459808144623,-0.0735478112643674,-0.0296944259971893,0.154656904636169,0.0999751981991109,0.148690511681923,0.0677829607122317,0.117016137758501,0.221478588036778,1,-0.0832010907352021,-0.0545541835424513,-0.0378374964311878,-0.0778506714333547,0.0188061173820446,0.0269351282264355,-0.00120731034651777,0.0904973308780522,0.0976871370835222,0.0658698235207907,-0.00666676667562319,0.0363940527566788,0.00439288328739188,0.136834448803648,-0.0497843903641747,-0.114129358510077,-0.0908749320356237,-0.177941864106564,0.131500639435515,0.119026329121063,0.058025425413172,-0.00569931875684915,-0.210448303421087,-0.0112441133071471,0.0673948644685696,0.0767456601858362,0.0647577786240992,0.0703819291713767,0.0166492120684022,-0.0395750263373901,-0.166962567668788,-0.0113518151955692,0.148277518179546,-0.0932556401577607
"25",0.0314399724999658,0.0404370783297807,0.206883778162222,-0.0167418384314717,0.0891857794010872,0.0194622391242933,0.124056466137002,0.0596324056844511,-0.0257295561540599,-0.0812310537567545,0.0161913932530353,0.0273325778420935,-0.091339200347716,-0.0181848280711416,-0.0920301918998318,-0.242191842058341,0.190983605571282,-0.00187671624586858,-0.169835394883552,0.26626950231326,0.193539013630921,0.171046972032948,-0.0243323782030496,-0.0832010907352021,1,0.0196237082427354,0.210243220915287,0.18624843640821,-0.0121469270039275,0.00015478695320692,0.120833133440069,0.0749507397871385,0.0472912575209804,0.144951826652589,0.235755803706828,0.175965633579541,0.206773178614683,0.0369779724586944,-0.038326384337638,-0.0520402913698269,0.0295961755973484,0.104123236179006,-0.0211063391213608,0.112404655576549,0.109089102386451,0.157751009904753,-0.141175855921928,-0.00639455572675314,0.0920097713875864,0.0507185186332246,-0.116528563395049,0.0172053340365783,0.091543568103979,0.045075369546726,0.0978740953673772,0.164853065152954,0.0837950287054853,-0.273846745535488
"26",-0.0286950984842684,-0.150067847020912,-0.0680751981119048,0.246473097258856,-0.105541031118918,0.0987498317168099,0.249776934024736,0.078582485747941,-0.0310728798318389,-0.114395262063291,0.0458604770252113,0.0984546783090012,-0.0520019774486455,0.0447137134648216,0.0077036220539236,-0.0685062283205285,0.192773519555099,0.0975599217882085,-0.0707273725880943,0.041558646195705,-0.104213015846329,-0.112654065781006,-0.00178788951452528,-0.0545541835424513,0.0196237082427354,1,-0.0665551962559085,0.0713079771186906,-0.159812689847364,-0.125090661640329,0.0632795194387523,0.123662398349441,0.0051385142785606,0.184966599571249,0.0179943698157822,0.0463100021208474,-0.0186481614932396,-0.00115506656457116,0.144452007483822,0.110118603088176,0.1503096843905,0.183262057485393,-0.0847612598230995,-0.1294345154913,0.0721539944885136,0.065404072578421,0.116329731570419,0.0155456083447992,0.0195499677898778,-0.00101598679227302,0.112910304785859,0.156434514672709,0.0637190685635756,0.068441139033902,-0.0423782965148583,0.126825700177084,0.165039021922046,0.143488691653826
"27",0.0513096257879276,0.168522436203505,0.0440955449517053,-0.204238879698564,0.0442404490841248,0.00791471799544357,0.058930429539778,0.260674158343904,0.0840026495404356,0.169957844745788,-0.0155510511047252,0.0242096769185604,-0.169651008961185,0.00439360931175734,0.0194373997028535,-0.114825258165885,-0.0427923381335646,-0.253250037972208,-0.120772705851517,0.157297745278957,0.19932540093528,0.0741140229769468,0.117058206518305,-0.0378374964311878,0.210243220915287,-0.0665551962559085,1,0.256278513968434,0.189706073218731,0.282456089301705,0.151718770894146,0.0147801638936603,0.1205267464631,0.129563824977816,0.0704281365758223,0.37944523421879,0.0528076550234087,0.0350363067623918,0.0925028278143347,-0.0158423374201853,-0.0616203511578954,0.12035795622732,0.0919381217853751,-0.0375997481591255,0.0517217365427059,0.257844491982049,-0.0583289154294593,-0.0335268758857887,0.0155829909631795,0.0292784065514724,0.0275874426689512,-0.0088435747575663,0.00031272812811849,-0.0405991282132745,0.0759177317508476,0.0638597824014066,0.0129988071716592,-0.0932968377602603
"28",-0.0848506186447124,0.0578062843123874,-0.0164038449798594,-0.217201843252433,-0.0546398519350691,0.0228210925158181,0.0437629680048067,0.182983381774191,0.0991484072121914,-0.00037793949738796,0.0126025188258592,0.0685171874769283,-0.00714841854982739,0.0173310547167401,0.11684764368183,-0.157152897789073,0.0673882820212112,-0.117016214161072,-0.02800690419756,-0.00806298522874718,0.0957763657392839,-0.0185515723573105,0.00899133861450757,-0.0778506714333547,0.18624843640821,0.0713079771186906,0.256278513968434,1,0.12461859025429,0.138496805895606,0.0444355011888425,-0.10935221585576,-0.0116011211626192,0.0326869533991933,0.0023241452800186,0.0850410741578747,0.0302562311767841,0.0814035469379721,0.0106986789045418,-0.00576409743972993,0.0664183274364031,0.109487411777187,-0.0491933951682434,-0.0623194967941055,0.0115409065395417,-0.0110698962625077,-0.0531017800143149,0.101850767964018,0.00266118006866595,0.0612724494002474,0.0134267040407484,-0.0879389725617656,0.191363743496865,0.00594177064294007,0.0511299820453623,0.0236892957432607,0.108542124465255,-0.130288643268029
"29",-0.0201837812961941,0.210302977479628,0.0545986700906839,-0.113487814832196,-0.0443858534641892,-0.191575315627068,0.286743229888127,0.146135547051579,0.0931021889391983,0.0666062160356098,0.0716489352369867,-0.0236924326869647,-0.160240654432616,0.0424326773115192,-0.0186363196599561,0.00561052248899983,-0.0509968659422909,0.155397708233247,-0.098873695399574,-0.0994335181184667,0.155783302331579,-0.0355564669068445,0.0786101267256771,0.0188061173820446,-0.0121469270039275,-0.159812689847364,0.189706073218731,0.12461859025429,1,0.269809591459867,0.160558096673454,0.0703818179542499,0.187915864587924,-0.0134414542036994,0.184572947217274,0.140140481000304,0.106275812054423,0.17472246705937,-0.0176446566489118,-0.0555711652815642,-0.0971422935345984,0.0938711829458977,0.125034699810192,0.205881682615404,0.00763007985024548,0.131832974454676,-0.0259952776885531,0.119531567025236,-0.0610160442413979,0.132828422473194,-0.0417232956854242,-0.154707613572554,0.14916208138597,-0.00024899330472909,0.0149861372264368,-0.0062877787274232,0.0103148462966611,-0.165144083054157
"30",0.175813437303081,0.113731776762223,0.0406758881131233,-0.122282166915905,0.0952382043527692,-0.1658137765599,0.159803890095021,0.0958711157017989,0.144290171434786,0.090233192625765,0.0541203615171094,-0.0684300940895631,-0.0907108635330773,-0.0252649780757305,-0.123597144353302,0.0769842658719635,-0.0646174323480698,-0.227500798595684,-0.106294662619962,-0.0293741756661727,-0.0454344285712539,0.0510525823056181,0.0365505289775443,0.0269351282264355,0.00015478695320692,-0.125090661640329,0.282456089301705,0.138496805895606,0.269809591459867,1,0.0932822830230791,-0.0705214115614948,0.139770040924125,0.0344168282720115,-0.00381081725482718,-0.113044706119163,-0.00527391875100655,-0.0761971461532939,0.0421464938358913,-0.128754960796372,-0.0431077876288563,-0.137789831679379,0.305247492961532,0.146838286042338,0.00373872838558642,0.0357985399382887,-0.111213934321018,-6.8299515401455e-05,0.0858278566707538,0.0891262030020922,-0.0482616516748595,0.0580314813784869,-0.0041058182737255,0.0542306985109608,-0.1612158513501,0.0905642142388415,-0.0201200575685073,-0.0661842042938331
"31",0.196146888235906,0.220667647212349,0.114551186315786,-0.00642291645925635,0.0635169283203363,-0.0334190081107966,0.131044863895519,0.236012265905519,0.354660010407318,0.307333983484627,0.0168692822552776,0.0604349225306233,-0.0215896999293112,0.164771031418239,0.0355293581349873,-0.0462057694670665,0.262970330019667,0.0969598791477764,-0.00072245798401694,0.00831518846770736,0.0286052403446913,-0.10538339931059,0.160361549428861,-0.00120731034651777,0.120833133440069,0.0632795194387523,0.151718770894146,0.0444355011888425,0.160558096673454,0.0932822830230791,1,0.299510324883714,0.449329162360707,0.176135137762528,0.154498483640833,0.260492521841629,0.0134216838214899,0.256212736577884,0.230242365093334,0.182743878983637,0.207217476739235,0.20003383337422,0.0775772048742608,0.199915624133087,0.12195580910466,0.283048663952768,0.214590050953871,0.237130866628588,0.256488451367272,0.222725725538512,0.326158435375751,0.203285337328301,0.0335656133101806,-0.104803463066441,-0.0667122531244656,0.0476969823282705,0.122339259372966,0.0952459520373176
"32",0.347383811437525,-0.0420805388128128,-0.0131009873614999,-0.0110170128873427,0.0208104181538588,-0.109975780726521,-0.00957341368946884,0.196323983411628,0.20228888970909,-0.0876972852004068,0.0343913665541292,-0.128476665084792,0.0135813228363752,0.0385613724825789,-0.157620231388924,0.0115838338261893,0.158465280983654,0.146424780098117,-0.179432606802935,0.240583117331947,0.293635830862116,-0.202004476673054,0.174393561953037,0.0904973308780522,0.0749507397871385,0.123662398349441,0.0147801638936603,-0.10935221585576,0.0703818179542498,-0.0705214115614948,0.299510324883714,1,0.352063678284218,0.391056764966178,0.0161364244345821,0.10870202778404,0.0463790075887226,0.0278974334819049,0.136405405529082,0.167977783544212,0.142184551176419,0.202179826647704,0.0276688706795226,-0.0577914941533169,-0.0394647459443052,0.0971661303172126,0.274151947627057,0.098072333381507,0.119464862296612,0.0759444103798476,0.371946804208746,0.139679251763449,0.054073031842584,0.0266038676206527,-0.0571309062701895,-0.0640556128425949,-0.0583258443048522,0.106831115648829
"33",0.242721019816841,0.0948480820095182,0.15876172212609,0.0472427699403342,-0.0285598968540777,-0.00320421079239673,0.0920082337568593,0.288706952837717,0.243107922210264,0.0823871210751802,0.062325170296502,0.0924781299593444,-0.0158044296014662,0.12467702996475,-0.0121953458089784,-0.062481821895312,0.28997355979392,0.0966915219069031,-0.180725612263804,0.155602128277361,0.00152148560606806,-0.223725247188119,0.277275795187349,0.0976871370835221,0.0472912575209804,0.0051385142785606,0.1205267464631,-0.0116011211626192,0.187915864587924,0.139770040924125,0.449329162360707,0.352063678284218,1,0.334305073672591,0.226856065837031,0.163013043142056,0.210525035907891,0.112474431445016,0.438895326650544,0.246788926078539,0.144391533466008,0.285908937536559,0.0525528025475857,0.0743618153524709,0.0945120462290773,0.236087666334312,0.0794083836195317,0.175158289113689,0.188112291110703,0.27512663406599,0.252571754930488,0.0568243151201675,0.0173278920331121,0.0576656193130753,-0.0837693133148525,0.133991990115316,-0.0358299352842558,0.110663795007717
"34",0.163768586319149,0.125025598425183,0.0922888117219841,0.0694800415743635,-0.0289097122256371,-0.0130230596491199,0.0458993454823544,0.186116266994935,-0.0191181619889279,-0.0656789742876865,-0.0146441780546503,0.0760009015866325,0.0394496387006372,0.101269676744295,-0.138105540818859,0.0221818000241563,0.159638542211741,0.152008692971237,-0.295340421710621,0.110785853765378,-0.0606535123719945,-0.0882570261201923,0.135867304395521,0.0658698235207907,0.144951826652589,0.184966599571249,0.129563824977816,0.0326869533991933,-0.0134414542036994,0.0344168282720115,0.176135137762528,0.391056764966178,0.334305073672591,1,0.062962428066361,0.0905135076877902,0.0243339643498274,0.00724082899792881,0.232971803598767,0.161706849521529,0.127798689880799,0.171897443992748,0.086637863832265,0.0775994307414602,-0.0836236986727713,0.210647665622538,0.0769774956767529,-0.0118601133771859,0.0990554774679084,0.200039352258796,0.280994646904245,0.00681483430314049,0.103342242024502,0.0736092029750501,-0.121536014906993,-0.0561339741083111,-0.0917032023132209,-0.0448015419810113
"35",0.0691596214907889,0.115227654321073,0.248121384009546,-0.00349545338709912,-0.0222494936159988,0.00392286519236432,0.480380093758111,0.316117333232015,0.051133424232058,0.0234627215054113,0.0727409221119822,0.225088038797879,-0.0695175122744765,0.143451765488697,0.0474193077113837,-0.245392110617349,0.216383785861386,0.175724933684668,-0.425635250233593,0.00346227223735357,-0.0424486871112147,0.0840309591545001,-0.0677556170362268,-0.00666676667562319,0.235755803706828,0.0179943698157822,0.0704281365758223,0.0023241452800186,0.184572947217274,-0.00381081725482717,0.154498483640833,0.0161364244345821,0.226856065837031,0.062962428066361,1,0.422913750461289,0.476788724100352,0.177279824808402,0.228440591485791,0.0362845549742912,0.284416231700281,0.266550481944846,0.170705244130046,0.078677346593838,0.397311758711104,0.320005615802476,0.145734607375819,0.0470798244571842,0.068451846970792,0.211858518816626,-0.106134823757848,-0.043768314711393,-0.0285881146794341,0.0566468996056705,-0.0808674155436243,-0.0273439715039616,0.0492192445942099,-0.0867377300809881
