"","l_Insular.Cortex","r_Insular.Cortex","l_Amygdal.Area","r_Amygdal.Area","l_Bed.Nucleus.of.the.Stria.Terminalis","r_Bed.Nucleus.of.the.Stria.Terminalis","l_Hippocampus","r_Hippocampus","l_Orbitofrontal.cortex","r_Orbitofrontal.cortex","l_Entorhinal.Cortex","r_Entorhinal.Cortex","l_Frontal.Association.Cortex","r_Frontal.Association.Cortex","l_Globus.Pallidus","r_Globus.Pallidus","l_Glomerular.Layer.of.the.Accessory.Olfactory.Bulb","r_Glomerular.Layer.of.the.Accessory.Olfactory.Bulb","l_Glomerular.Layer.of.the.Olfactory.Bulb","r_Glomerular.Layer.of.the.Olfactory.Bulb","l_Granule.Cell.Level.of.the.Cerebellum","r_Granule.Cell.Level.of.the.Cerebellum","l_Hypothalamic.Region","r_Hypothalamic.Region","l_Entorhinal.Cortex","r_Entorhinal.Cortex","l_Vermix.Molecular.Layer.of.the.Cerebellum","r_Vermix.Molecular.Layer.of.the.Cerebellum","l_Lateral.Molecular.Layer.of.the.Cerebellum","r_Lateral.Molecular.Layer.of.the.Cerebellum","l_Anterior.Olfactory.Bulb","r_Anterior.Olfactory.Bulb","l_Posterior.Olfactory.Bulb","r_Posterior.Olfactory.Bulb","l_Subiculum","r_Subiculum","l_Perirhinal.Area","r_Perirhinal.Area","l_PreLimbic.System","r_PreLimbic.System","l_Primary.Cingular.Cortex","r_Primary.Cingular.Cortex","l_Primary.Motor.Cortex","r_Primary.Motor.Cortex","l_Retrosplenial.Cortex","r_Retrosplenial.Cortex","l_Secondary.Cingular.Cortex","r_Secondary.Cingular.Cortex","l_Secondary.Motor.Cortex","r_Secondary.Motor.Cortex","l_Striatum","r_Striatum","l_Ventral.Tegmental.Area","r_Ventral.Tegmental.Area","l_Substantia.Nigra","r_Substantia.Nigra","l_Thalamus","r_Thalamus"
"1",1,0.30578910271313,0.264609817581318,-0.153399588671168,0.0100900310040598,-0.0380967477606234,-0.125032056847394,-0.0732762886287423,0.152671594861723,0.100566292276937,0.164442965069459,0.0555961150762582,0.0903279424703252,0.0526104791535571,0.0169709355675355,-0.160342876310891,0.0678776786620178,-0.00936811770416666,-0.184721557897169,-0.085009456037685,-0.0680124200786376,-0.0954794612491096,-0.120249837746997,0.0807258843293025,0.1584594007773,0.00061038391906557,-0.102345482868662,0.0880667464856353,0.0040793631596745,0.0448139247541914,-0.0844731410815912,-0.117998238198121,0.1195618906789,0.20689074794899,0.220523597799989,0.0544937593187402,0.179837966652737,0.0639852373008974,0.037163380725339,-0.0540658714739568,-0.237706150235742,-0.110342107306013,-0.0530089839995313,-0.118102909743545,-0.0463892888582113,-0.13026801673538,-0.0386238166063801,-0.0418664347039155,-0.152521988112782,-0.128389304688397,0.129064966972025,0.0622865097471519,0.0993850935698938,0.063854147571856,-0.035248786882714,0.099100120357496,-0.103901371367899,-0.142638262003895
"2",0.30578910271313,1,0.134530801403894,0.262123517631965,0.0966099198682917,0.0511698015108776,-0.0811297720829441,0.0612848886347763,-0.0003856027991812,0.184471911099402,0.276532537967784,0.22019378125999,0.0152879606261297,0.0243945817782792,0.0902929984438856,-0.109524308157728,-0.00021575949842608,-0.0884354860363807,-0.135512862771994,0.0339648296017549,-0.118821585611845,-0.170721351798261,-0.288005210829404,0.055857983054674,0.142027158854664,0.187003256550817,0.0387527875184047,0.116259697073742,-0.213800488425598,0.0276288050416287,-0.0152637974517131,-0.0418173605063571,0.168056216413325,0.215846222145385,0.0617222965168887,0.11401026581616,0.135367802253534,0.0892950628097841,0.190938966712723,0.00363211939410658,-0.173635228982969,0.044219130451727,-0.00769180771106135,-0.152021115239734,-0.159973324832071,-0.306924008342984,0.024152343638081,-0.0336089019945415,-0.0839161716000743,-0.0431769264398246,0.0862238149030225,0.323485955952109,0.0890235865411148,0.0260135316466917,0.113594007573412,0.0230594907969137,0.0118115375097593,-0.0870533192673918
"3",0.264609817581318,0.134530801403894,1,0.103753448303281,0.0333989123728047,0.171740527413278,-0.113316911695675,0.0404258726367782,0.0941235469866403,0.162288032734823,0.190263677424869,0.0443928223357927,-0.0352677559663113,-0.123018211426203,0.0761824557296066,0.132486864475959,-0.0452327409190126,-0.146151980048547,-0.062326987463253,-0.00129323128086007,-0.039257557958136,-0.236475291273695,0.139275314938865,0.0146152338954022,0.241756286858709,0.00224263479750931,0.00681049080847523,-0.13594666664754,-0.0282506373660574,0.122257983544251,-0.200176899022788,-0.107552531013651,-0.0455902343474295,0.241282106640594,0.208156400360205,0.0582857564144442,0.0620698023538637,0.208948318428379,0.0960124721582845,0.108565286651042,-0.0245767824784926,0.0323632070699221,-0.0884257500922759,0.00974022620767849,-0.0131559698940505,-0.189874148038173,0.137464695550904,0.130984986898081,-0.15160085413074,-0.115435711137632,-0.12268154554883,0.034174690027825,0.0536295937336427,0.0833515971155527,-0.0799502753782993,-0.0222662114787618,-0.0278397185493778,-0.0341687332861393
"4",-0.153399588671168,0.262123517631965,0.103753448303281,1,-0.0651309104837081,0.174443213490188,-0.0151143173945301,0.0217016768948111,-0.0203286217208093,-0.103697860457542,-0.106139595547549,0.213347068177258,-0.150454396046861,-0.115099127999107,-0.0161725376775847,-0.105361655645039,0.0868895518101606,0.0058621140732729,0.158147674989798,-0.0138462070363965,0.0642477200627773,-0.0948437694213704,0.132651844360297,-0.050611558716202,-0.00307049064977299,0.153096459470997,0.0971727557398094,0.145685966940301,0.195322189773594,0.0149756139748115,0.120316907939764,0.0926501277020906,0.0346334961882884,0.163139378811531,0.054570461276004,-0.142185350068595,0.140567738458842,-0.0819371390924026,0.0511071486073114,-0.0364067989348376,0.0322960070487796,0.0918472012590162,-0.190446237478611,-0.0369082735100447,0.0508777645534462,-0.186934183278894,0.301721483297991,0.217392207518255,-0.0849503004832166,-0.0784911358159297,-0.270425774177276,0.0752462216423271,0.161239919572296,0.191022366685499,0.136939699542431,0.0674366826736436,0.114976789559033,0.0720572394142347
"5",0.0100900310040598,0.0966099198682917,0.0333989123728047,-0.0651309104837081,1,0.0218772176688465,-0.00123280173676977,0.142826443290762,-0.101331228645575,-0.11865828571408,0.0754375921463067,0.134667325180848,-0.0204006129651508,-0.0233558812977966,-0.0327815415553339,-0.022604896927616,0.131912315853958,-0.0161807725279737,-0.0365054259113964,0.115757094252677,0.0172987508139379,-0.0212518019256317,-0.0173194630465893,0.119363302964362,0.0718478294446135,0.0918477527991403,-0.0990131997187336,0.231032223557002,-0.120999455894613,-0.0353953319509789,-0.0331094693550376,-0.0434340758228123,-0.100112073396317,-0.0302593327555485,0.0381976138141384,0.014143401981837,0.0202484608504792,0.0331257275822607,-0.0130654023155124,-0.127103033048922,-0.170003994796001,0.127683542741569,-0.0697138384502384,0.0397686747210559,-0.0734115346387708,0.0544584306693812,-0.0797474220464853,0.0298191947794799,-0.0480322567965062,0.169405942032142,0.0419781938873654,0.162949708999804,-0.0318102016302572,0.23435867579416,-0.0475525770933814,0.051837420331914,0.175895551477499,-0.212882023793632
"6",-0.0380967477606234,0.0511698015108776,0.171740527413278,0.174443213490188,0.0218772176688465,1,-0.0415297284007596,-0.0986126217787938,-0.0164056970785148,-0.123508828276177,-0.134454929143538,0.143151079665959,-0.108091076802198,-0.155857333019479,-0.0520700547233464,0.224745081331076,0.12176423174576,0.0148118452425369,0.0964387672929079,0.0481069585020926,-0.11528179315662,0.0544980784595878,0.0574690958007033,-0.00728207252784938,-0.010539781264973,-0.0484142196718114,0.0168305659610644,-0.0315945664321327,0.168462597572393,-0.0827979335008832,0.00106263073382172,0.0303027901425578,0.106391115378613,0.0132368068292584,-0.106199698521516,-0.113783959987229,-0.0294978186310958,0.0807264182180442,0.208738272447943,-0.203962380500618,0.126314188244373,0.080555727190108,-0.0607891993721561,-0.250102719871111,-0.105401143722673,-0.0702606751195058,0.216918243370131,0.00965451715287712,-0.041423608896855,-0.105254648507764,-0.030790811929236,0.181803450336142,-0.00783717331182209,-0.00962156388979889,0.087122451599347,-0.0622384773657402,-0.116994036553784,0.0784687532854818
"7",-0.125032056847394,-0.0811297720829441,-0.113316911695675,-0.0151143173945301,-0.00123280173676977,-0.0415297284007596,1,-0.0429595777262508,0.0593554816509235,-0.0182288206389938,-0.053104968070066,-0.0901414369491363,0.00015110982534623,-0.00260548744891858,-0.108594447141657,-0.21481896670759,-0.199848740733408,-0.0148615101944675,0.121242864906818,0.0810646657463633,-8.53255155926409e-05,0.0207283420702787,-0.050538767665443,-0.220003633629305,0.124488822845191,-0.0251427847139324,-0.0782665228871829,0.0536562889847623,0.200012479346248,0.120376155429735,0.135682066109493,0.0367285431801568,0.0248615406648154,-0.0634441251836055,0.275884480479247,0.0988211134439248,0.371703240906434,0.0689929125185458,-0.188362549051615,-0.30812862803874,0.0622728130240637,-0.087512886060815,-0.0283936235529904,0.0503551537210492,0.111718874029882,0.0198079957891732,-0.114837664176228,-0.0882902249130077,-0.0451983730718825,-0.062364596166099,0.0427654254114713,-0.188019202611059,-0.0911625425692778,-0.0454238116953437,-0.0542564821646154,-0.0478953133989523,0.147706850731419,-0.0240811147021447
"8",-0.0732762886287423,0.0612848886347763,0.0404258726367783,0.0217016768948111,0.142826443290762,-0.0986126217787938,-0.0429595777262508,1,0.0652626657254743,0.0685671160181199,0.0953320197727576,0.0590240863251079,0.0117086359810842,0.156584788817235,-0.00236137700433785,0.0170689025355148,0.0262390900648438,-0.0776911606078967,-0.0870663668388718,0.0385649361286622,0.0642246493523305,-0.139959141265483,-0.14730592828511,-0.0730486585313049,0.0101234915984031,0.0508890005892375,-0.114369042425073,0.0850585350764481,-0.242482552702186,-0.0920026864073189,0.0351887521870458,-0.0771178319041419,-0.0175850932983174,0.102931106064405,-0.0521586212346052,0.368895848327901,0.051986249399929,0.0901410685662662,0.141358299958282,0.0499763342233049,-0.0485866966571855,0.115121848534063,0.0103133054503578,0.0576749013208447,0.071850920889739,0.00838416773745569,0.0176062077424223,0.114072085246436,-0.0434307388327574,0.283868217813013,-0.105115863396234,-0.0988614630460601,0.0458821829762556,0.136772440859683,0.0270195831579233,0.124102745113094,-0.081447209295466,0.019167291676251
"9",0.152671594861723,-0.0003856027991812,0.0941235469866403,-0.0203286217208093,-0.101331228645575,-0.0164056970785148,0.0593554816509235,0.0652626657254743,1,0.163149118956924,0.154584700402385,0.140185671673353,0.0103076719708203,-0.0369652539011059,-0.0851391029517745,-0.0617714539289661,0.0226607358963922,-0.00540806079274837,-0.180520587782425,-0.218536641467106,0.026494153110605,-0.0457956315901643,0.0702748995212632,-0.0588045805324847,0.163531664955972,0.122532417100294,0.0560584730352996,0.0385039638313864,0.03648795875806,0.158918755269993,0.0974363114561472,0.00536671676643591,-0.0200408500596324,0.0807425114754211,0.0306788008022513,-0.0407169983060323,0.112818899697396,0.127645850272349,-0.174906327994866,-0.00182212698008287,0.00446574983596283,-0.0231857570156595,0.282292089659327,0.0489960977950957,-0.178009775866064,-0.0632088776494961,-0.108943599887605,0.00380069129473151,0.077788623309703,-0.173977759103183,-0.0360198526562262,0.0804280563934033,0.212677698205265,0.0186969597451984,-0.0267952005776894,0.0405699655845018,-0.0415917298560167,-0.0777275745832002
"10",0.100566292276937,0.184471911099402,0.162288032734823,-0.103697860457542,-0.11865828571408,-0.123508828276177,-0.0182288206389938,0.0685671160181199,0.163149118956924,1,0.230355059294504,0.0535670942557956,0.144447606432292,0.0869122947810555,0.0304189063827181,-0.0261181264053493,-0.27950449889496,-0.125819425960564,-0.120957756617091,-0.0714166288959172,0.0743060303681767,-0.110148259176669,0.0535771895111501,-0.181329657799835,0.294268472521517,0.162311279734803,0.115953362582623,-0.21276011744177,0.0296842728677716,-0.0428673868238593,-0.197144360958489,-0.156933206337248,-0.0609330242275268,-0.0779228487351395,0.096011565452694,0.267940670932654,0.130855145880796,0.0822281541401023,-0.0344378157058868,0.01068786783769,-0.129008833767073,0.197993336424123,0.232007333723948,0.165298892757766,-0.0396025511127348,0.0666944660077325,-0.094439060461123,0.0164855596084513,-0.10172394348664,0.170714196114281,0.0111159410044624,0.00312975011991778,-0.0965325269225285,-0.135951296411277,-0.123852880662795,0.00402422394001329,0.038947749939319,0.156692542201905
"11",0.164442965069459,0.276532537967784,0.190263677424869,-0.106139595547549,0.0754375921463067,-0.134454929143538,-0.053104968070066,0.0953320197727576,0.154584700402385,0.230355059294504,1,0.167894430574145,0.0459346284718511,-0.0728674074093704,-0.0561369982108825,0.115893041776655,-0.102047414243901,-0.115810012365827,-0.154014682767165,-0.255111142928874,0.023150625080256,-0.0266227335441425,-0.141794924760245,0.0897334203101205,0.291797098980988,0.184705687447219,0.0230515719259321,0.188967586525196,0.00192609152642159,0.0810617749674234,0.018541331265938,-0.186459646135003,0.0559178823930671,0.162566267165978,0.0474007495936596,0.05658206122525,0.0765600993957901,0.135508182461401,0.0832975577557212,-0.0315395755081606,-0.133166842301603,-0.125883141180376,0.104148764361282,0.076980446467183,-0.0730633093706739,-0.0952892937612643,-0.0874716530003518,-0.0913757542403498,-0.0643363825631232,-0.121980303789398,0.199121725762631,0.14394297791031,-0.0232362453035794,-0.102355773478635,-0.139983973176362,-0.0153937121902639,0.0484559391769352,-0.0678956452678855
"12",0.0555961150762582,0.22019378125999,0.0443928223357927,0.213347068177258,0.134667325180848,0.143151079665959,-0.0901414369491363,0.0590240863251079,0.140185671673353,0.0535670942557956,0.167894430574145,1,-0.0842730725353521,-0.0958055499676963,0.00867201076756107,-0.0423894740544895,0.00190661062977334,0.156164171317807,-0.0209342587479468,-0.142488309436128,-0.0357599844623056,-0.132255992083216,-0.0181459126277041,-0.0404522938559276,0.0867774096036552,0.0943276818843205,0.329175224682373,0.101622471161352,0.0337756456288044,0.0408651924581999,0.0164806581149283,-0.15447949068099,0.142048575258007,0.141649438683695,-0.0766648685084998,0.0256158614931631,0.128031072746992,-0.0230027714936593,0.167052724014646,0.134879405024378,-0.0562608155065535,-0.128519247867162,-0.0113829674659407,-0.197912872342914,-0.305536016243858,-0.100826192604486,0.0922168780746197,0.002283602620193,-0.0891933876443387,-0.0484991022928226,0.0157048790035785,0.254399331980104,0.00412467777183073,0.241385348932524,-0.173297701725969,0.206562905748438,-0.133341007038343,0.124638457895388
"13",0.0903279424703252,0.0152879606261297,-0.0352677559663113,-0.150454396046861,-0.0204006129651508,-0.108091076802198,0.00015110982534623,0.0117086359810842,0.0103076719708203,0.144447606432292,0.0459346284718511,-0.0842730725353521,1,0.178553850479674,0.0562449916575292,0.0523263015768432,-0.150892767486433,-0.068596105554135,-0.174405474274878,-0.0941526670409193,0.0403848495315982,0.0551742663775816,-0.229691988961044,-0.0827542808427301,0.0221295521592361,-0.0383367431549399,-0.106606997571287,-0.0515571685446056,-0.100458894187624,-0.040967853186008,-0.1887252561573,-0.124953394227882,0.0214830276403778,0.0619908160496236,-0.0979993986338644,-0.0216949886219085,-0.0479919910351322,0.0785626849817988,0.0102405950988569,0.113940483508522,-0.0289947187394483,-0.0133216980279208,0.180191262970992,0.0520702848907966,-0.0542060952411839,-0.0106114143624309,-0.155596933428978,-0.0700503953902041,0.466351004265281,0.0956736752748976,0.0821372554914134,0.214734460139848,-0.00087962129236835,3.07455258937581e-06,0.0346697235842141,-0.019708041374855,-0.135988867223343,-0.242694925814567
"14",0.0526104791535571,0.0243945817782792,-0.123018211426203,-0.115099127999107,-0.0233558812977966,-0.155857333019479,-0.00260548744891858,0.156584788817235,-0.0369652539011059,0.0869122947810555,-0.0728674074093704,-0.0958055499676963,0.178553850479674,1,0.0377744762438013,0.0241618130710026,0.0589774488387464,0.265340933384873,-0.145708800582869,-0.0297826667017621,-0.171841723004414,0.227925968908921,-0.115858255892958,-0.0371404558215599,-0.100746006229226,0.0705871907497389,-0.040935080060965,-0.178712376766926,-0.0007509201051327,-0.0485130599014665,-0.101631346151669,-0.124951067975302,0.0861290915546455,0.0479051008457086,-0.0522479417267631,0.0634964139078597,0.0122996336175221,-0.062587684007931,0.0356678683969372,0.0272100869516076,-0.130381636026902,-0.111564052600893,0.0854540336856417,-0.169578908035371,-0.111820288310434,-0.119397881310766,-0.216827862741343,0.00291738006423349,0.142265560843122,0.515067834303913,0.0725677615632763,0.0768929416598536,-0.0733218861690392,0.185958497006973,0.0704235931825075,-0.0627067272297859,-0.112740777436684,-0.0286523428487801
"15",0.0169709355675355,0.0902929984438856,0.0761824557296066,-0.0161725376775847,-0.0327815415553339,-0.0520700547233464,-0.108594447141657,-0.00236137700433785,-0.0851391029517745,0.0304189063827181,-0.0561369982108825,0.00867201076756107,0.0562449916575292,0.0377744762438013,1,0.0432217282244251,0.0103931860036757,-0.00167087452154426,-0.193188430458443,-0.0174548073069066,-0.205316145405214,-0.0262729917180084,-0.0509722548413794,-0.00820366751960313,0.0135918902318454,0.0716196614085758,-0.19237770031258,-0.00401130582449165,-0.184288364088707,-0.201295068055691,-0.081551837648692,-0.0106274488733966,0.0366707644946479,0.193749340143,0.0829261211859022,0.0013144581174701,0.022736378729144,0.149538114703962,0.175501335291611,0.206566650517096,-0.0942738829283946,-0.0553095792130579,0.0104982424823864,-0.00221109776174401,-0.0788769032860495,-0.076768550653823,-0.0347799522875366,0.166135425872712,0.041120542883136,0.114216389734514,0.0552654171748527,0.065476205051311,0.0544279460842552,0.198876669779503,0.104431301449584,0.120928842136983,-0.0015718874054151,0.00828548055482415
"16",-0.160342876310891,-0.109524308157728,0.132486864475959,-0.105361655645039,-0.022604896927616,0.224745081331076,-0.21481896670759,0.0170689025355148,-0.0617714539289661,-0.0261181264053493,0.115893041776655,-0.0423894740544895,0.0523263015768432,0.0241618130710026,0.0432217282244251,1,-0.129738082266139,0.103991634638835,0.0360245252893786,-0.112305331137031,-0.0341883449565847,0.232682960036515,0.0442841655285972,-0.0445784435747498,-0.0464570587340487,0.0483316544896855,-0.0385672094666028,-0.0382704883427819,-0.0588143582635895,-0.163237787312776,-0.181327283292931,-0.126225741485569,-0.171410508232981,0.0149556457467573,-0.259455557414163,-0.100734440276677,-0.159211693224123,-0.0103048898914704,0.115886703302159,0.124115277481004,-0.0118845395025157,-0.0387690744949531,-0.0250203422488322,0.185107602729801,-0.0747374476643829,0.0352189059721535,0.00423680752631329,-0.0635684686654042,-0.0738413538382413,0.165480294473822,-0.0549755623517844,0.0204869645701056,0.00781732895258388,-0.00730758157946619,0.086723459867265,0.0181313405815872,-0.0810866252552033,-0.145837904104609
"17",0.0678776786620179,-0.00021575949842608,-0.0452327409190126,0.0868895518101606,0.131912315853958,0.12176423174576,-0.199848740733408,0.0262390900648438,0.0226607358963922,-0.27950449889496,-0.102047414243901,0.00190661062977334,-0.150892767486433,0.0589774488387464,0.0103931860036757,-0.129738082266139,1,0.238615931514409,-0.0987281488594826,0.0811163927081813,-0.149469018822816,0.0171157979574411,-0.0375627313422679,0.0813376016883539,-0.0725111929165717,-0.0489329938251533,-0.0373828117988494,0.010022104996951,-0.0501586733403048,0.00147826449160902,0.0630817981115689,0.0599248006731913,-0.0301981590497142,0.00785083350329942,-0.0742593425291997,-0.216842301054952,-0.178499958952794,-0.122035257392252,-0.00202746871376036,0.019199016592498,0.0704356268202431,-0.129818721400954,-0.173413286954218,-0.106100032312634,-0.150822810228326,-0.104389637440314,0.192161498722953,0.108091162938322,0.165670469524673,-0.0920395611196378,0.0184672843036185,0.0868097982782442,-0.00504736909806052,0.0437157028955874,-0.057143917158162,-0.169875993695275,0.0209654026770407,0.09062056849297
"18",-0.00936811770416666,-0.0884354860363807,-0.146151980048547,0.0058621140732729,-0.0161807725279737,0.0148118452425369,-0.0148615101944675,-0.0776911606078967,-0.00540806079274837,-0.125819425960564,-0.115810012365827,0.156164171317807,-0.068596105554135,0.265340933384873,-0.00167087452154426,0.103991634638835,0.238615931514409,1,0.131430599996037,-0.211696761297861,-0.0741551380326564,0.422306016322643,-0.147298869865141,-0.218570284347806,-0.0127331299690861,0.156802864991509,0.179985539020347,0.0638711992783711,0.0549172412459713,0.119242851548353,0.041615507657372,0.116124001866121,0.0853230978948432,-0.013677557377409,-0.175004198431801,-0.122134563566686,-0.0175040011779466,-0.031122360793824,0.0279835752034428,0.0661630829727556,-0.10023892498296,-0.174183471472519,-0.162577937583651,-0.304825131964385,-0.0942517628799022,-0.0422129919213529,-0.103129807638046,0.0428331580195854,-0.093392539504298,0.267572138398405,0.0316412833093131,0.0561383502643922,-0.0377168303941514,0.129700453370242,-0.0561426913261326,0.0653414871741986,-0.190706073545273,-0.0719418550703233
"19",-0.184721557897169,-0.135512862771994,-0.062326987463253,0.158147674989798,-0.0365054259113964,0.0964387672929079,0.121242864906818,-0.0870663668388718,-0.180520587782425,-0.120957756617091,-0.154014682767165,-0.0209342587479468,-0.174405474274878,-0.145708800582869,-0.193188430458443,0.0360245252893786,-0.0987281488594826,0.131430599996037,1,0.259918212983287,0.0767913411652237,-0.009437401482761,0.207581855226118,-0.190595593232573,-0.189193990312142,0.0354769332771626,-0.0724293112380263,0.0562117545394585,0.120447690082271,-0.0281486340670797,0.409803779145901,0.316265387127116,0.0663604735701867,-0.0125581940755645,-0.102256268040787,-0.0703694703788111,-0.015441329571126,-0.0357856377880361,0.198633153484021,-0.00587043978094557,0.279116526857193,0.12243993759746,-0.216476542871418,-0.0619668725245128,0.204643298446536,-0.00152778745487144,0.220020350284805,0.0613242626661908,-0.128092366993363,0.0814320882726889,0.0224521517793793,0.0450598539265743,0.00653573708721863,0.00824526319611519,-0.0703017063383424,0.0207993360194022,-0.0359186968298781,-0.123238489860187
"20",-0.085009456037685,0.0339648296017549,-0.00129323128086007,-0.0138462070363965,0.115757094252677,0.0481069585020926,0.0810646657463633,0.0385649361286622,-0.218536641467106,-0.0714166288959172,-0.255111142928874,-0.142488309436128,-0.0941526670409193,-0.0297826667017621,-0.0174548073069066,-0.112305331137031,0.0811163927081812,-0.211696761297861,0.259918212983287,1,-0.00477427668848459,-0.206375463901311,-0.0196309588685733,-0.0259101395547528,-0.179400120968806,-0.184541471392353,-0.0992792054789724,-0.111591805077465,-0.0811111659861922,-0.0190414224156823,0.164887226139069,0.389627934295338,-0.0227350433388648,0.0368611956544889,0.150788001230221,0.0884241969686615,-0.0329201984253041,-0.0921671222887702,0.0449787026188752,-0.149341750740474,0.0928125360446305,0.0574488365243693,0.00646807248277357,0.0572415669139168,0.287555241072873,0.100071365244237,0.00237169386563103,0.0469877815388516,0.1128615188959,0.0602334062445844,0.0771470861126161,0.0490629062981091,-0.0794437639858579,-0.0351944314881484,0.0058568548484679,-0.0741476888625648,-0.0553585941982283,0.0449049363682591
"21",-0.0680124200786376,-0.118821585611845,-0.039257557958136,0.0642477200627773,0.0172987508139379,-0.11528179315662,-8.53255155926409e-05,0.0642246493523305,0.026494153110605,0.0743060303681766,0.023150625080256,-0.0357599844623056,0.0403848495315982,-0.171841723004414,-0.205316145405214,-0.0341883449565847,-0.149469018822816,-0.0741551380326564,0.0767913411652237,-0.00477427668848459,1,0.0573922273551591,-0.0547367621414735,-0.0312838043941157,0.0188719001978107,-0.045793783048495,-0.0294519426484691,0.251220081009307,0.0501958289159797,-0.0962825525454488,-0.154085641164285,-0.107150380757687,0.0812842853756584,-0.0809343738710748,-0.156969644375773,0.114591559571417,-0.0844696056956903,-0.0756756183695954,0.0158113886936815,-0.0658069495763031,-0.042674926946703,0.0461834846727577,0.199474713549249,-0.035777485417079,0.00357680552906613,-0.0349389329693215,0.0208136528109407,-0.0237952153546023,-0.031967937944558,-0.175358848421409,-0.0758110415039036,-0.122626994585713,-0.172506033298386,-0.130667774469727,-0.0912397413111065,-0.106310564986119,-0.0443755466885364,-0.0315755163033534
"22",-0.0954794612491096,-0.170721351798261,-0.236475291273695,-0.0948437694213704,-0.0212518019256317,0.0544980784595878,0.0207283420702787,-0.139959141265483,-0.0457956315901643,-0.110148259176669,-0.0266227335441425,-0.132255992083216,0.0551742663775815,0.227925968908921,-0.0262729917180084,0.232682960036515,0.0171157979574411,0.422306016322643,-0.009437401482761,-0.206375463901311,0.0573922273551591,1,-0.0869559231047851,0.0336495451491568,-0.0837544209572073,0.0426078396427551,-0.0333309449179421,0.119221266070474,0.171657366093328,-0.0290543375290003,0.00223427600840925,0.0176540606215611,0.120713036094039,-0.121954502757293,-0.161137039259146,-0.0380194872186324,-0.083641277425483,0.024256593111287,0.0636664541532905,0.0618120009594275,0.0236576766265762,-0.160193109943121,-0.0789033297556044,-0.193347408413108,-0.259091448078014,-0.0173395616837662,-0.176956104028487,0.132727149335686,-0.0134177706398313,0.0977993338039353,-0.116614530311844,-0.0805651887584755,0.0270724346184424,-0.0747427021000968,-0.0226827142151032,0.11145724102345,0.077553783224239,-0.279067136786709
"23",-0.120249837746997,-0.288005210829405,0.139275314938865,0.132651844360297,-0.0173194630465893,0.0574690958007033,-0.050538767665443,-0.14730592828511,0.0702748995212631,0.0535771895111501,-0.141794924760245,-0.0181459126277041,-0.229691988961044,-0.115858255892958,-0.0509722548413794,0.0442841655285972,-0.0375627313422679,-0.147298869865141,0.207581855226118,-0.0196309588685733,-0.0547367621414735,-0.0869559231047851,1,-0.149348589743225,0.105564410579338,0.0455919070112196,-0.0492400346187624,-0.0669169099026554,0.311912814636725,0.0943861246344281,-0.0234523727828644,0.0299305766757477,-0.0794710897224711,-0.158238486805368,-0.00953497360725786,-0.06930994923899,0.0986974558012115,0.0144840575323369,0.0505440438083257,-0.0946536890624425,0.0150491677369951,0.0249070748651375,-0.109004322383649,0.103200117371536,0.093571772054492,0.176695885692621,0.142286084855217,0.0461732743808113,-0.160013612882572,-0.0691668629000281,-0.0259662045976107,-0.129916197621501,0.119472118659225,0.20443839501512,-0.0300920497257742,0.0757259395624439,0.0794949364322265,0.113098441255363
"24",0.0807258843293025,0.055857983054674,0.0146152338954022,-0.050611558716202,0.119363302964362,-0.00728207252784938,-0.220003633629305,-0.0730486585313049,-0.0588045805324847,-0.181329657799835,0.0897334203101205,-0.0404522938559276,-0.0827542808427301,-0.0371404558215599,-0.00820366751960313,-0.0445784435747498,0.0813376016883538,-0.218570284347806,-0.190595593232573,-0.0259101395547528,-0.0312838043941157,0.0336495451491568,-0.149348589743225,1,-0.26142276388655,-0.22412958671788,-0.188319796275529,0.0811136391474213,-0.0678289761986606,0.0746214656855595,-0.0175693251517248,-0.0554013994427435,-0.112363102483202,0.0423288838779143,-0.069925268837385,-0.0552123858296285,-0.138056721263025,-0.021700389128907,0.0546092299093962,0.0889784534920704,0.0244066824796066,-0.0678308519200491,-0.083929669614656,-0.0548439602637678,-0.112738851198175,-0.129360229824556,0.132787850194369,0.096123850164566,0.0226242207565752,-0.273929511350489,-0.021114603937026,0.0906926107548488,-0.0173784707051676,0.0177739209631995,-0.0604250844028148,-0.0593076368723064,0.054609663417812,-0.00887276184958155
"25",0.158459400777301,0.142027158854664,0.241756286858709,-0.00307049064977299,0.0718478294446135,-0.010539781264973,0.124488822845191,0.0101234915984031,0.163531664955972,0.294268472521517,0.291797098980988,0.0867774096036552,0.0221295521592361,-0.100746006229226,0.0135918902318454,-0.0464570587340488,-0.0725111929165717,-0.0127331299690861,-0.189193990312142,-0.179400120968806,0.0188719001978107,-0.0837544209572073,0.105564410579338,-0.26142276388655,1,0.131130605836628,0.0865944160825855,-0.0729399579393477,0.184997930546779,0.12115020100104,-0.303886204235272,-0.126411865455524,-0.018461837759851,0.0627068364062983,0.213911249723315,0.0174045699817921,0.169128653445965,0.05064769475476,0.0635477057694035,-0.0696599802314306,-0.334129613138475,-0.0363966902139618,0.088138168333883,0.158446251409016,0.101519348054694,-0.0608436804122257,-0.0476909726749135,-0.0299892864650933,-0.200836205165594,0.0207252444842287,0.130513793365514,-0.0228213356568632,0.0484561459610567,-0.0251104570945085,-0.0958894171331508,0.00503236859652627,-0.0335463410530972,0.138166398752357
"26",0.00061038391906557,0.187003256550817,0.00224263479750931,0.153096459470997,0.0918477527991403,-0.0484142196718114,-0.0251427847139324,0.0508890005892375,0.122532417100294,0.162311279734803,0.184705687447219,0.0943276818843205,-0.0383367431549399,0.0705871907497389,0.0716196614085758,0.0483316544896855,-0.0489329938251533,0.156802864991509,0.0354769332771626,-0.184541471392353,-0.045793783048495,0.0426078396427551,0.0455919070112196,-0.22412958671788,0.131130605836628,1,0.0775939549966027,0.162841858361482,0.188703512224253,0.0582837917120226,0.148136674965511,-0.0146482210195913,0.0776470521927626,0.121081176192471,0.0536201303348625,0.0736271499017364,0.112239989308478,0.0817430455530481,0.190090964561659,0.169943437122162,-0.0146065225004117,-0.042636817729506,0.0422476998935559,0.0766071270160594,-0.0629723987071952,-0.0470432019853324,-0.0273153472526793,-0.0317158012272317,-0.0707735292506958,0.207581142375113,-0.0353424189478025,0.0815182426893154,0.202058760873278,0.158803492377316,0.1144870465855,-0.0364673241165672,0.0638715767963539,0.0116203764135209
"27",-0.102345482868662,0.0387527875184047,0.00681049080847523,0.0971727557398094,-0.0990131997187336,0.0168305659610644,-0.0782665228871829,-0.114369042425073,0.0560584730352996,0.115953362582623,0.0230515719259321,0.329175224682373,-0.106606997571287,-0.040935080060965,-0.19237770031258,-0.0385672094666028,-0.0373828117988494,0.179985539020347,-0.0724293112380264,-0.0992792054789723,-0.0294519426484691,-0.0333309449179421,-0.0492400346187624,-0.188319796275529,0.0865944160825855,0.0775939549966027,1,-0.0882880357432787,0.0754976390332139,0.303622030634877,-0.120909615637934,-0.0665380960334875,0.0549555375128283,-0.0952964951008294,0.0746279809395817,-0.00520280648056146,0.0248189754134927,-0.0491511404812358,-0.0290637328697822,0.122171397526145,-0.0828567919666917,-0.148750823775998,0.0237286202404953,0.0387374867491356,-0.0883062076073212,-0.0176616954263354,-0.109646070832694,-0.174529507475052,-0.0382748493713099,-0.00349935853977455,-0.0385639846421101,0.140819114606014,-0.110506521433131,-0.00023289235261416,-0.0859017063365611,-0.0783140393466229,-0.0807059275470061,0.154975879831686
"28",0.0880667464856353,0.116259697073742,-0.13594666664754,0.145685966940301,0.231032223557002,-0.0315945664321327,0.0536562889847623,0.085058535076448,0.0385039638313864,-0.21276011744177,0.188967586525196,0.101622471161352,-0.0515571685446056,-0.178712376766926,-0.00401130582449165,-0.0382704883427819,0.010022104996951,0.0638711992783711,0.0562117545394585,-0.111591805077465,0.251220081009307,0.119221266070474,-0.0669169099026554,0.0811136391474213,-0.0729399579393477,0.162841858361482,-0.0882880357432787,1,0.16661895217693,0.0454676649490896,0.0163854544357636,-0.0141640583399201,0.128918830218235,-0.037793485936401,-0.143072418705507,0.0439495078096567,0.0113680630125721,-0.0369888662800716,-0.0259305760838744,-0.101362047756542,-0.0977780323705711,-0.148814099727116,-0.0851085341762055,0.0302290646911567,-0.122664893398818,-0.121687487687517,0.0149551575359522,0.0558829125562006,-0.0872203693001055,-0.21158712083822,0.0575392560091575,0.0347416692196511,0.0605339254147299,0.00638088882645237,0.0859397753745624,-0.0930903149744142,0.0799288953865594,-0.219788763347938
"29",0.0040793631596745,-0.213800488425598,-0.0282506373660574,0.195322189773594,-0.120999455894613,0.168462597572393,0.200012479346248,-0.242482552702186,0.03648795875806,0.0296842728677716,0.00192609152642159,0.0337756456288044,-0.100458894187624,-0.0007509201051327,-0.184288364088707,-0.0588143582635895,-0.0501586733403048,0.0549172412459713,0.120447690082271,-0.0811111659861922,0.0501958289159797,0.171657366093328,0.311912814636725,-0.0678289761986606,0.184997930546779,0.188703512224253,0.0754976390332139,0.16661895217693,1,0.143354772971793,-0.070257459039271,-0.040838756987459,0.0274905810465819,-0.091008576868362,0.0819659249513871,-0.0698024081261539,0.279008282905245,0.0472514150672963,-0.0876890898287011,-0.115397317774813,0.150427069483697,-0.0545110503661668,0.0657397208652956,0.00753857435622426,0.137142212883432,0.137424160231074,0.230383849393015,-0.0105430096294316,0.0194634269478085,-0.0152333517292358,0.0340369085799307,-0.106270251769275,0.00053651675739996,0.0472201557041171,-0.118682840169211,-0.134520310123812,0.0974268357096744,0.141281665811421
"30",0.0448139247541914,0.0276288050416287,0.122257983544251,0.0149756139748115,-0.0353953319509789,-0.0827979335008832,0.120376155429735,-0.0920026864073189,0.158918755269993,-0.0428673868238593,0.0810617749674234,0.0408651924582,-0.040967853186008,-0.0485130599014665,-0.201295068055691,-0.163237787312776,0.00147826449160902,0.119242851548353,-0.0281486340670797,-0.0190414224156823,-0.0962825525454488,-0.0290543375290003,0.0943861246344282,0.0746214656855595,0.12115020100104,0.0582837917120226,0.303622030634877,0.0454676649490896,0.143354772971793,1,-0.0988255126363875,0.0446102950735022,-0.00936617344582301,0.0964060580196041,0.0329473294015067,-0.195994142712786,0.0350524489891222,-0.11737960065289,-0.12640458349872,-0.0999591372982974,-0.085289746821433,-0.175165074755986,0.0564805890392185,0.0891972302032607,-0.0120500406145802,-0.0255308747046702,-0.0172066403313716,-0.226999870585964,0.00225717132795948,-0.0326021872640953,-0.0670254758002103,0.155565962352619,-0.10210171679536,0.0672471591882112,-0.204838523986853,0.0904288354274582,-0.140916573141921,-0.0408035940692509
"31",-0.0844731410815912,-0.0152637974517131,-0.200176899022788,0.120316907939764,-0.0331094693550376,0.00106263073382172,0.135682066109493,0.0351887521870458,0.0974363114561472,-0.197144360958489,0.018541331265938,0.0164806581149283,-0.1887252561573,-0.101631346151669,-0.081551837648692,-0.181327283292931,0.0630817981115689,0.041615507657372,0.409803779145901,0.164887226139069,-0.154085641164285,0.00223427600840925,-0.0234523727828644,-0.0175693251517248,-0.303886204235272,0.148136674965511,-0.120909615637934,0.0163854544357636,-0.070257459039271,-0.0988255126363875,1,0.251758869008448,0.118402623968388,0.0386272734294797,0.124682310064752,-0.0511791067278362,0.168511572404848,0.00381853871488315,0.115158146539061,-0.0454092513005254,0.0935016433172909,-0.0730868317604797,-0.161985728560718,-0.00023373324465489,0.129901187827157,-0.0282983836146072,0.0618277929927383,0.0291176175262275,0.0223280860980758,-0.0916677874852798,-0.0926467917965962,-0.0330822751552637,0.115729151393532,0.0461518612434757,0.0471126756919166,0.126957949899704,0.115294174795673,-0.135438275903817
"32",-0.117998238198121,-0.0418173605063571,-0.107552531013651,0.0926501277020905,-0.0434340758228123,0.0303027901425578,0.0367285431801568,-0.0771178319041419,0.00536671676643591,-0.156933206337248,-0.186459646135003,-0.15447949068099,-0.124953394227882,-0.124951067975302,-0.0106274488733966,-0.126225741485569,0.0599248006731913,0.116124001866121,0.316265387127116,0.389627934295338,-0.107150380757687,0.0176540606215611,0.0299305766757477,-0.0554013994427435,-0.126411865455524,-0.0146482210195913,-0.0665380960334875,-0.0141640583399201,-0.040838756987459,0.0446102950735022,0.251758869008448,1,-0.147442797312025,-0.138985253918287,0.0346566181182608,0.02147160032033,-0.0812406093288589,-0.00835653837303999,-0.104940091907931,-0.113868436623874,-0.00594062882845655,-0.0173787212854436,-0.119646904544008,-0.0180022540619149,0.231940044897871,0.233746901558747,0.0852443952344496,0.133360356540143,-0.0914064924104481,-0.134191449765787,0.0359276713113949,-0.0299552455453997,-0.038138610042234,0.0985814081811188,0.0327318967607466,0.21293612140243,0.0885799142317702,0.045003399509445
"33",0.1195618906789,0.168056216413325,-0.0455902343474295,0.0346334961882884,-0.100112073396317,0.106391115378613,0.0248615406648154,-0.0175850932983174,-0.0200408500596324,-0.0609330242275268,0.0559178823930671,0.142048575258007,0.0214830276403778,0.0861290915546455,0.0366707644946479,-0.171410508232981,-0.0301981590497142,0.0853230978948432,0.0663604735701867,-0.0227350433388648,0.0812842853756584,0.120713036094039,-0.0794710897224711,-0.112363102483202,-0.018461837759851,0.0776470521927626,0.0549555375128283,0.128918830218235,0.0274905810465819,-0.00936617344582301,0.118402623968388,-0.147442797312025,1,0.298464191853407,0.0723414273436687,0.0376110057568714,0.0569841731458995,0.249267628585951,0.337658341461977,-0.0384544204197447,0.0135700866771999,-0.180789675073204,-0.0272274732555237,-0.271384669310849,-0.0541455988393663,-0.0895619558641654,-0.0503369430171617,-0.00842991627450442,0.16368107493147,0.041686981441588,0.00772070127213685,0.258721684352387,-0.105531072177011,-0.0249032488127684,0.166161502959482,-0.049902505054125,-0.224875707015684,-0.0589720960550673
"34",0.20689074794899,0.215846222145385,0.241282106640594,0.163139378811531,-0.0302593327555485,0.0132368068292584,-0.0634441251836055,0.102931106064405,0.0807425114754211,-0.0779228487351395,0.162566267165978,0.141649438683695,0.0619908160496236,0.0479051008457086,0.193749340143,0.0149556457467573,0.00785083350329942,-0.013677557377409,-0.0125581940755645,0.0368611956544889,-0.0809343738710748,-0.121954502757293,-0.158238486805368,0.0423288838779143,0.0627068364062983,0.121081176192471,-0.0952964951008294,-0.037793485936401,-0.091008576868362,0.0964060580196041,0.0386272734294797,-0.138985253918287,0.298464191853407,1,0.0832669792254497,0.0269423981643323,0.0603891346794669,0.210453314047307,0.258536210762709,0.255765680973658,0.0804707222441773,-0.0728219363709683,0.10086547080198,-0.0240850925488938,0.0470400877177359,-0.0606580187767089,0.106757189598413,0.0178152770143008,0.183949145951122,0.127961785462159,-0.0812327211902634,0.215723415665178,0.034366174108077,0.111611815717998,0.0644706673495891,0.0225195436426554,-0.293392065730758,-0.0853651307921997
"35",0.220523597799989,0.0617222965168887,0.208156400360205,0.054570461276004,0.0381976138141384,-0.106199698521516,0.275884480479247,-0.0521586212346052,0.0306788008022513,0.0960115654526939,0.0474007495936596,-0.0766648685084997,-0.0979993986338644,-0.0522479417267631,0.0829261211859022,-0.259455557414163,-0.0742593425291997,-0.175004198431801,-0.102256268040787,0.150788001230221,-0.156969644375773,-0.161137039259146,-0.00953497360725786,-0.069925268837385,0.213911249723315,0.0536201303348625,0.0746279809395817,-0.143072418705507,0.0819659249513871,0.0329473294015067,0.124682310064752,0.0346566181182608,0.0723414273436687,0.0832669792254497,1,0.159521587497846,0.44706694280141,0.258647900638967,-0.144203288490068,-0.158028931199429,-0.168116228115396,-0.0414471837711966,-0.011390728650324,0.169485179317422,0.290707843359364,-0.0132854681453527,-0.0606999349738151,-0.0744639866235947,-0.153657811187305,-0.0455814424382227,-0.163824246561839,-0.120208116140008,0.0385774112012775,0.114295237084574,0.0211585900571098,0.045415836713205,0.181321215257126,0.162979839661531
