"","l_Insular.Cortex","r_Insular.Cortex","l_Amygdal.Area","r_Amygdal.Area","l_Bed.Nucleus.of.the.Stria.Terminalis","r_Bed.Nucleus.of.the.Stria.Terminalis","l_Hippocampus","r_Hippocampus","l_Orbitofrontal.cortex","r_Orbitofrontal.cortex","l_Entorhinal.Cortex","r_Entorhinal.Cortex","l_Frontal.Association.Cortex","r_Frontal.Association.Cortex","l_Globus.Pallidus","r_Globus.Pallidus","l_Glomerular.Layer.of.the.Accessory.Olfactory.Bulb","r_Glomerular.Layer.of.the.Accessory.Olfactory.Bulb","l_Glomerular.Layer.of.the.Olfactory.Bulb","r_Glomerular.Layer.of.the.Olfactory.Bulb","l_Granule.Cell.Level.of.the.Cerebellum","r_Granule.Cell.Level.of.the.Cerebellum","l_Hypothalamic.Region","r_Hypothalamic.Region","l_Entorhinal.Cortex","r_Entorhinal.Cortex","l_Vermix.Molecular.Layer.of.the.Cerebellum","r_Vermix.Molecular.Layer.of.the.Cerebellum","l_Lateral.Molecular.Layer.of.the.Cerebellum","r_Lateral.Molecular.Layer.of.the.Cerebellum","l_Anterior.Olfactory.Bulb","r_Anterior.Olfactory.Bulb","l_Posterior.Olfactory.Bulb","r_Posterior.Olfactory.Bulb","l_Subiculum","r_Subiculum","l_Perirhinal.Area","r_Perirhinal.Area","l_PreLimbic.System","r_PreLimbic.System","l_Primary.Cingular.Cortex","r_Primary.Cingular.Cortex","l_Primary.Motor.Cortex","r_Primary.Motor.Cortex","l_Retrosplenial.Cortex","r_Retrosplenial.Cortex","l_Secondary.Cingular.Cortex","r_Secondary.Cingular.Cortex","l_Secondary.Motor.Cortex","r_Secondary.Motor.Cortex","l_Striatum","r_Striatum","l_Ventral.Tegmental.Area","r_Ventral.Tegmental.Area","l_Substantia.Nigra","r_Substantia.Nigra","l_Thalamus","r_Thalamus"
"1",1,0.408061377310279,-0.10026767447193,0.112532597301865,-0.083445844898042,0.0941003375067021,0.111516316886909,0.0614184756990885,0.179042095788863,0.187640798986845,0.0311097161852087,0.186261579477647,-0.0594573104223029,-0.0350480217440763,0.188959950066818,0.117126167945529,-0.0531423814411762,-0.0920334638274314,-0.0999639727869793,-0.0229484641570774,-0.00873568722930763,0.0269874801568257,0.00966111089632565,-0.0157176738074925,0.0293638498808114,-0.0203192205468825,0.117784067871652,-0.0777996267362681,-0.162007740454649,-0.218790316659786,-0.060440424597627,-0.0849490523145837,0.184599931957102,0.121573533425694,0.0558047829410014,-0.0862877576646005,-0.031802535263867,0.0775749546923345,0.293979866504549,0.239498787228789,0.179405539759317,0.100631405095638,-0.0487925691005072,-0.0365201025843438,0.233873006814827,-0.0186863810027506,0.229246380734281,0.147378817925465,-0.110636920349631,-0.00594040459921161,0.140493835926276,0.0820537401205577,-0.0124675216858404,0.0858316080169003,0.123931257127034,-0.114095725440552,0.130800582730566,-0.0818978643672051
"2",0.408061377310279,1,0.0694963184602537,0.236044530762979,-0.0889469294916724,0.0858581127720529,0.1225329313589,0.224059822572373,0.070921162578855,0.168166821343529,0.139505042762551,0.197118240755356,0.0112998606869495,0.0576038027934044,-0.120979059194771,0.082041066510064,-0.079573050991351,-0.116792271782225,-0.124432231464775,-0.139981258830779,0.15622464074505,0.0389540176654315,0.0417885228337438,0.0182611272434138,-0.0134426702970624,-0.0576975172071453,-0.00825938481093187,0.0872533242153027,0.0798091874355264,0.0301098320661527,-0.0931563800783674,-0.0680880771173166,0.176007602145797,0.223080795959384,-0.0973176054792418,0.0127061635592589,0.185291095204699,0.0764670086082918,0.107962786593611,0.107530292670773,0.300720555351575,0.241659510048555,0.164616520007465,-0.0893541860322016,0.192817202353314,0.0157969813504964,0.139903960737152,0.0758830837254493,-0.130248808243319,0.0103860481723137,0.0901758851119249,0.17680699057818,-0.0487468887582811,0.174806729125148,0.203058746315376,-0.050362404752481,0.0156689308185672,0.0585703480488422
"3",-0.10026767447193,0.0694963184602537,1,0.00724482358716659,0.13256741043942,0.0450665929311852,0.168426530402255,0.144102687568872,-0.0724016833895725,0.0029593677350554,0.15101668777533,-0.00719822068126076,-0.103820720184682,0.0472072186117766,-0.0593718849825462,-0.0523564177105007,0.0499895000764156,-0.142451168668503,-0.0779609871471992,-0.0336174344296414,0.320524223024298,0.0336033816838904,-0.13764636674805,-0.0251602435975761,-0.00898227000046835,0.0280443918219974,0.313713670746897,0.0284190097266112,0.16547532593679,0.171864144726762,0.169634163783269,-0.0377446189215044,-0.0212039107539957,0.0447094787453603,-0.0641147463625586,0.127428818000927,0.0723480688870825,0.155426466950649,-0.0969737335781693,0.124774192921318,0.184887301740093,0.0942175075091115,-0.0135943200528022,-0.0227891486160742,-0.0301202271710934,-0.114025986876894,-0.0652132874525916,-0.0545832409983552,-0.0063768065427764,0.0128379480814498,-0.00597040609869268,-0.00460808356200362,0.0348961625367976,0.064935765950781,-0.0320534144574525,0.195475408117826,0.069027684971006,-0.0190287029572782
"4",0.112532597301865,0.236044530762979,0.00724482358716659,1,-0.0355933023076513,0.250323895328715,0.10059490642467,-0.0419187460118339,-0.0126195336589712,-0.142801888993856,-0.130966783011419,0.207249016491142,0.150370191420105,0.226593478654598,-0.156342510670336,0.085069384940781,0.176153497456562,0.159039259086637,-0.212558710473821,-0.113013301324581,-0.12267916507438,0.0238129750085347,-0.144485711742517,0.0498310176911622,0.215049369006151,0.256389879067147,0.0672406900071697,0.225973324685205,-0.00175447541799029,0.179299433303435,0.0168060915006537,-0.0508119147590537,-0.0833722105902222,0.114266364857828,0.122686429813954,-0.0148198190341684,0.0787146851018736,-0.0719402433977586,-0.0392701068201684,-0.0685002983547638,0.174399895090705,0.0674646140528469,0.0403656112794071,-0.139249157090649,0.14769938888452,-0.0209746456359832,0.0590744048180987,0.0243914776151209,-0.0434728134632786,0.189295114471709,0.023222912169928,0.026430704760542,-0.0116879071097177,-0.0065807446491506,-0.0446498860316146,-0.188874953715008,-0.0772104554849009,0.0342910340363054
"5",-0.0834458448980419,-0.0889469294916724,0.13256741043942,-0.0355933023076513,1,0.200759660302584,0.0540673290680294,0.144007280171724,-0.0948524995095324,-0.112820837964482,0.17914163394416,0.0319940433674415,0.156734188474337,0.130994446141289,0.0953974031127641,0.00891033879567079,0.172576409202352,0.0175113361624181,0.158584235052112,0.205472299084935,0.107536685471896,0.0675420270712695,0.0483265060923883,0.0955455980415806,-0.084430258427788,-0.0315025424997855,-0.0671163210548681,0.0503639939205718,-0.0901426449325207,-0.0452841058769029,0.164673979405893,0.237839384672923,0.0934071976272365,0.101991873678954,0.0902840890542587,0.0713363868556862,0.0390924393318087,0.147900774929728,-0.078785786906363,0.0148626379814884,0.102123251575298,0.0356541251826491,0.0626467072347257,0.21477040206758,-0.0927985938853546,-0.096965661804991,0.0446777592915448,0.016322060001862,0.186431640383501,0.220788310342382,0.268223156107024,0.197973219043698,-0.0760516749795813,0.0190138189756313,0.0521688848519702,-0.0523765379435594,0.17697903773976,0.120551591126035
"6",0.0941003375067021,0.0858581127720529,0.0450665929311852,0.250323895328715,0.200759660302584,1,0.1750761445896,0.131598555541542,-0.045717909158475,-0.104497576569194,0.166312997065698,0.145727385932574,0.197375388731298,0.0276882504551587,-0.0387392960833674,0.169786547480062,0.151581803212899,-0.0297789183170907,-0.109663885867995,-0.0149309883055427,-0.0412189620902697,-0.0199779972189129,-0.0578894621697239,0.0514803271582797,0.14855860787923,0.0768371504202757,0.0494066493162897,0.146607454959178,0.0347911866990787,0.0567176318667101,0.126289954219913,0.0845818037920927,0.137185338668883,0.241629028510666,-0.0646840114089921,0.0817231009905502,0.236667877865563,0.31300139901884,-0.0625427697359506,0.161735022105917,0.250803054551654,0.161970031567428,-0.0289056225345725,-0.122343126679231,0.00324859407668618,0.10029501072039,0.0610946419844034,0.00880359449850439,0.103902100344602,0.0856837374813992,0.264764301812727,0.123786900723386,0.133048463379018,0.0724913549409604,0.164369614724974,-0.207070040926055,0.113145580759051,0.112034872504743
"7",0.111516316886909,0.1225329313589,0.168426530402255,0.10059490642467,0.0540673290680294,0.1750761445896,1,0.294807446462763,-0.0765561689446459,-0.105291256941307,0.0207236491725882,0.125858903984978,-0.130146014294857,0.00704956195728453,-0.00059415427324057,-0.0331792812617893,0.139763349221697,0.113722513901105,0.188241965170763,0.0481919308488295,-0.116950058857709,0.12648248822836,0.00604980255421964,0.0338873594893729,0.0123644092139605,-0.0513098699168787,0.312022394714285,0.112616206982129,0.0047144533366812,0.0376902721059075,0.319021911003516,0.111320326355806,0.0172719659377123,0.199997084781952,0.0323882717730628,0.104031422891414,-0.111053722642175,0.0839404160636694,-0.0281459749249507,0.0556898744737616,0.019017866769554,0.0835566171517524,0.00652080138741084,-0.0406303038806578,0.0298575872254048,0.00097024567267644,-0.0103701596232001,0.0368512633993303,0.00600734346739032,0.0158508316081483,0.0070382680069895,-0.0379289306766974,-0.0635475817965704,-0.0126631885887178,-0.0293164635988035,0.150638299274693,0.0332739869861151,0.0298874408943499
"8",0.0614184756990885,0.224059822572373,0.144102687568872,-0.0419187460118339,0.144007280171724,0.131598555541542,0.294807446462763,1,-0.0703133145207809,-0.00944111375316638,0.0908956692019421,0.00921270284074924,-0.0354587986330032,-0.0509489271051409,0.0797733208809402,-0.099224265027235,0.00335337293742683,-0.03021712895623,0.154976792278003,0.0708802511899509,0.0745797299382594,0.0530128948256899,0.0452280497594387,-0.0241310043037959,-0.0350567567341185,0.0354085875279026,0.134141755258987,0.00310467463822098,-0.0158591517510494,0.0640024516153378,0.070393290855489,0.152044991667833,0.0491193068460794,-0.0209148509551513,0.0779079509352166,0.247727649110278,-0.0389225009319673,0.172213330869775,0.0619844791279962,0.0464580229435769,0.0488568558690471,0.00384395247072873,0.0272243287115888,0.0811829036981889,-0.0997544230936618,-0.164308877189481,-0.0256582098269751,0.033289246159185,0.0355875713312869,-0.028286089466137,0.00281249244856705,0.0506389820722613,0.0151823621078326,0.0669248266339506,0.0190250783521652,0.0949593120841824,0.0394790211710054,0.157012404416512
"9",0.179042095788863,0.070921162578855,-0.0724016833895725,-0.0126195336589712,-0.0948524995095324,-0.045717909158475,-0.0765561689446459,-0.0703133145207809,1,0.304232119231693,0.165905696594874,0.0175606567608925,0.133884788545972,-0.0921322549728308,0.0817804316636776,0.119508011511756,-0.0887385922258164,-0.183889584757362,-0.102263387606865,-0.117006912938712,0.0574227017997894,0.00607357357648028,0.0341976712574802,0.158501682848029,0.073153382729538,-0.0358787284301698,0.0314983786919962,-0.0678095489707024,-0.0328126898474397,-0.103206516782433,0.107488936511218,0.0531577348458014,0.170709136467001,0.0315883686152788,-0.0389570630854917,-0.17641743992202,0.0527394642020299,-0.0214022118935493,0.209660082044972,0.161112363456504,0.181935439182396,-0.0388557205856617,0.12803324101024,-0.15811687129757,0.0833395865377239,0.277176190829285,0.181981204248267,0.216262561618159,-0.0111678062290369,-0.175542135056848,-0.238861405246769,0.00850862675835228,0.0879374869360411,0.109085980756918,-0.0287226733797988,-0.0534842507958692,0.0862757464875966,-0.0804648045994541
"10",0.187640798986845,0.168166821343529,0.0029593677350554,-0.142801888993856,-0.112820837964482,-0.104497576569194,-0.105291256941307,-0.00944111375316638,0.304232119231693,1,0.169460753059009,0.0381489741033912,0.056584259972311,0.049233299745685,0.102037192244289,0.194993612831719,-0.126252904928816,-0.143769694835161,-0.168464586165297,-0.266154729382155,0.208344457368602,-0.0992172291208354,0.0540988397491472,0.150638490268667,0.0157189700635758,-0.0901120162622688,-0.115250771979672,-0.13234417206106,-0.118409157894982,-0.168108378735874,-0.0816354108242293,0.0135614164259076,0.0533386789785642,0.0554062283927223,-0.10240174475784,0.0367190705283964,0.0286540661255709,0.14703257957413,0.209572606139509,0.13100209154947,0.251862037950639,0.21948757486598,-0.055100487937047,0.0712172861199686,0.207532108105751,0.160543632537887,0.280592798473018,0.197063436178153,-0.159293446973336,-0.0252778041297831,-0.167807633407618,-0.0614787111906296,0.183066243121872,0.0734849016177319,0.0519477893858627,0.0467541690307677,0.265875781559358,-0.212330682208953
"11",0.0311097161852087,0.139505042762551,0.15101668777533,-0.130966783011419,0.17914163394416,0.166312997065698,0.0207236491725882,0.0908956692019421,0.165905696594874,0.169460753059009,1,-0.00908555169192692,-0.0023429647264757,-0.00919350178712214,0.242296827348632,0.229036673018895,0.136394294227275,-0.0357340329135196,0.0212274166543975,-0.0197720133070771,0.240934929088994,0.180004900425766,-0.0490694368652768,0.147955246428609,0.0518095002094368,-0.022133652491373,0.0681298608405183,0.130294964466834,-0.0444877960661164,0.111044335732932,0.0306914756297259,0.15255912524126,0.0780584910093287,0.245751208809595,-0.127223877037198,-0.135781310187442,0.233889118624291,0.157236934753003,0.129907808112724,0.053065997562924,0.247219487508498,0.125725282071078,0.200063769188456,0.159419424825888,0.0466819206390158,-0.00755630692463607,0.095225606260127,0.0422227705622467,0.240970947309235,0.046262511924488,-0.0741073048632287,0.101809639379782,-0.0404225131485441,0.0308648462844279,0.239733474084195,0.0052766052965866,0.0170853270047542,0.0145037309669924
"12",0.186261579477647,0.197118240755356,-0.00719822068126076,0.207249016491142,0.0319940433674415,0.145727385932574,0.125858903984978,0.00921270284074924,0.0175606567608925,0.0381489741033912,-0.00908555169192692,1,0.167754420170499,-0.0279110912313574,0.0140809350163469,0.244152050337529,-0.11078949427399,-0.116279435709829,-0.0413600181555592,-0.019860976019136,0.0156577538429099,0.0441656947148781,-0.0922331534538403,0.0569645137070965,0.0728338835948342,-0.0565749835829839,-0.0331931103908733,0.131738487760065,-0.125255153509545,-0.00200691925583269,0.0999020162528045,0.00575015488625696,0.136864367571859,0.0853214902529975,0.0365859027209104,-0.118985781238997,0.0652444461786513,-0.0469997355963835,-0.0394666097900113,0.0167042083643367,0.17206622697712,-0.0302756433430284,-0.0207799003933343,0.098596150590426,0.0481519969475346,0.0147463158575264,0.0131480284662853,-0.0695281768204695,0.0264024166271795,0.12708024839427,0.00511285152999788,0.299768927773666,0.141466749674355,-0.177720058317303,0.05409923922782,-0.179322122330468,0.0280973825156823,-0.197951692292913
"13",-0.0594573104223029,0.0112998606869495,-0.103820720184682,0.150370191420105,0.156734188474337,0.197375388731298,-0.130146014294857,-0.0354587986330032,0.133884788545972,0.056584259972311,-0.0023429647264757,0.167754420170499,1,0.0586378341964571,-0.155510436333979,0.0394989144645247,0.0365788973977485,0.0390408276187604,-0.151763838518169,0.155983843697107,0.0155259817026723,0.0133802692140423,0.0869389429008939,-0.0318149970052005,0.0604976902898228,0.0651458539243615,-0.0783640803535919,0.0660520535506071,0.156194291856296,-0.00716765167042396,0.0119093937143851,0.265959039870675,0.164183795352979,0.0662932485020246,-0.010648676385128,-0.126120855733239,-0.0305908447233244,-0.127943097427807,-0.109739047370455,-0.0844911388190923,0.0531278607763862,-0.0101004851396109,0.105328757585801,0.0681874796175614,-0.100251864232142,0.00500676124796244,-0.075035245140419,-0.170205985416068,0.549846704046247,0.188621424463167,0.122729225681429,0.207172968673682,0.128980876749091,-0.0688243527175816,-0.0515305099890049,-0.0209342825199711,0.0139679555433763,-0.0673771122538427
"14",-0.0350480217440763,0.0576038027934044,0.0472072186117766,0.226593478654598,0.130994446141289,0.0276882504551587,0.00704956195728453,-0.0509489271051409,-0.0921322549728308,0.049233299745685,-0.00919350178712214,-0.0279110912313574,0.0586378341964571,1,0.0560995144702712,0.0502160749364849,0.0614943508682989,0.0884205821488952,0.051394653357621,0.164334378410375,0.00825708446029358,0.00619048403252169,-0.00425098412686217,-0.0988387123163936,0.250716876985468,0.141037428969848,-0.0203907480000244,-0.0802774147599441,0.0441824288999434,0.0733429511816795,0.150772809466564,0.0100805775842901,-0.262660678704073,0.0723338003469752,0.112121548692526,0.105184365006649,0.169104044326257,0.0996311635189037,-0.0576239170690142,-0.0312435017023616,0.0420687911849182,0.0391675743093278,0.0659395650086098,0.146492748187398,0.224777406560067,-0.135834408266647,-0.0129720107195082,-0.0789925791445478,0.070195178190764,0.703916921409398,0.118935682532574,0.10901521966564,-0.0439203239771989,0.106617207099916,0.108835178773393,-0.0163849678882041,-0.110691508478709,0.0469235646998842
"15",0.188959950066818,-0.120979059194771,-0.0593718849825462,-0.156342510670336,0.0953974031127641,-0.0387392960833674,-0.00059415427324057,0.0797733208809402,0.0817804316636776,0.102037192244289,0.242296827348632,0.0140809350163469,-0.155510436333979,0.0560995144702712,1,0.14918102914274,-0.0308921585089465,-0.078979297613308,-0.0772563103532433,0.102180998385799,0.0395090922375776,0.139963192865579,-0.154293688717243,0.0497174803091903,0.0232454653190935,-0.00173674646878804,-0.0154386657157422,-0.140302495859857,-0.0766890110430007,-0.158662887636981,-0.0859543645777371,0.0339342057336942,-0.10238395400162,-0.0747387256125522,0.198207187403877,0.0140605844473485,-0.02525070140818,0.0771102860335432,0.135716764977619,0.0532923246061422,-0.0327783350526302,-0.0865620688584282,0.0714757259155532,0.0709339024823111,-0.0538953592270285,-0.0065091184292095,0.0827584196905947,0.119294391805291,0.019003743071469,-0.0165217610986465,0.0017403966691586,0.112818481983345,-0.1540715336452,0.0357555868685561,-0.0005942819406745,0.051264144723792,0.0354821862262414,-0.169977496378982
"16",0.117126167945529,0.082041066510064,-0.0523564177105007,0.085069384940781,0.00891033879567079,0.169786547480062,-0.0331792812617893,-0.099224265027235,0.119508011511756,0.194993612831719,0.229036673018895,0.244152050337529,0.0394989144645247,0.0502160749364849,0.14918102914274,1,-0.171274900901818,-0.028973765391345,-0.00418419366204324,0.0693528171872693,0.106886124152096,-0.0865653532587882,-0.0402374611595395,0.108764192796174,0.0133116864623059,-0.0474969384603875,-0.184116181611959,-0.0648168612707348,-0.134553640542059,-0.0847485360558914,-0.032405750379007,-0.0220872247202704,0.115459510757768,0.0839777025337924,-0.135631307353254,-0.0859681914134321,0.090747870763917,0.0785951310465216,0.145436873686604,0.194059691318775,0.134863069815413,0.0956486637167655,-0.0632787791182655,0.0577304895650473,-0.0514296696463043,-0.0185526228071295,0.00826022401985954,0.150427765371788,-0.0268673756162629,0.153356404547402,0.0886876593339354,0.10761080449424,0.0864618102470931,-0.0207889166836048,0.170398567508896,-0.100896823961608,0.0221203330728707,-0.148404813570282
"17",-0.0531423814411762,-0.079573050991351,0.0499895000764156,0.176153497456562,0.172576409202352,0.151581803212899,0.139763349221697,0.00335337293742683,-0.0887385922258163,-0.126252904928816,0.136394294227275,-0.11078949427399,0.0365788973977485,0.0614943508682989,-0.0308921585089465,-0.171274900901818,1,0.19720062487393,0.139243434280921,0.0658252395375065,0.069846736861331,0.0985117330348303,-0.0768953694905659,0.0454703915440564,0.0115580348175331,-0.10641491004697,0.0351735028964177,0.215886572829689,0.0161655193133242,0.0156540082194021,0.262511989351826,0.196598175199005,-0.197227386985665,-0.00101404824119671,0.286388642160926,0.136242166789694,0.0028675924772102,0.164440931788512,-0.0756609976174062,-0.0545012466782862,0.0532887254156193,-0.0138516462617286,0.0549113921698839,0.181382337388621,0.129862584006394,0.0677070295397995,0.0488275231477056,0.125785077864062,0.293031058629833,0.084701075913761,-0.0009764612833406,0.00581457269279315,0.020702856776636,0.02348298568515,-0.0942190949091462,0.00018247218783392,0.0411724137533766,0.113216153359978
"18",-0.0920334638274314,-0.116792271782225,-0.142451168668503,0.159039259086637,0.0175113361624181,-0.0297789183170907,0.113722513901105,-0.03021712895623,-0.183889584757362,-0.143769694835161,-0.0357340329135196,-0.116279435709829,0.0390408276187604,0.0884205821488952,-0.078979297613308,-0.028973765391345,0.19720062487393,1,0.135962019104276,0.182261730311159,0.0427027914137858,0.118152007218982,0.0401348400549584,0.0401809239035015,0.041858549743715,0.134388966875904,0.0449312460308872,0.138221239049661,-0.0552267422801421,0.0918421887475948,0.0987195508091753,-0.018864389849865,-0.0436141136948975,-0.0523063065411423,-0.00717861493695706,0.144108465954453,-0.103740005327224,-0.0226930834293241,-0.0737821812587195,0.0252569307707967,-0.165561219760959,0.14969211387993,0.0603334969315881,-0.01012955977021,-0.134467774669069,-0.13589796207516,0.053587472593147,-0.0206880990460456,0.100879456583403,0.187429016635071,0.151027066442493,-0.0442288277091402,-0.0921962375969455,-0.19795988511588,-0.0294186318347137,-0.117506245046522,-0.0421801237993275,0.0122816745977516
"19",-0.0999639727869793,-0.124432231464775,-0.0779609871471992,-0.212558710473821,0.158584235052112,-0.109663885867995,0.188241965170763,0.154976792278003,-0.102263387606865,-0.168464586165297,0.0212274166543975,-0.0413600181555592,-0.151763838518169,0.051394653357621,-0.0772563103532433,-0.00418419366204324,0.139243434280921,0.135962019104276,1,0.442035562537115,0.0284565689477064,0.127111066756083,-0.0614529235329339,-0.206810744624753,-0.126068928046068,-0.0634106977219068,0.0743352357854379,0.0852204376820959,0.101516041315106,0.0852877652528165,0.442827101061261,0.174068756740571,0.0775162051072574,-0.056569841974623,0.00672110825424625,-0.131280574176474,-0.00388049938722317,0.0590003275582438,0.0884257037905085,-0.177759367448834,-0.19286107020995,-0.0733251872869706,0.0642516207938962,0.186626040527818,-0.0448049892084358,-0.0544388839360191,-0.156086158436124,0.00639546675661519,-0.0231468152523215,0.096133458933521,0.0753370256417853,-0.0544507531363478,0.00769918279009001,-0.169620628132305,-0.00812967527863286,-0.0153163210985498,0.0154569311822582,0.0316374097402273
"20",-0.0229484641570774,-0.139981258830779,-0.0336174344296414,-0.113013301324581,0.205472299084935,-0.0149309883055427,0.0481919308488295,0.0708802511899509,-0.117006912938712,-0.266154729382155,-0.0197720133070771,-0.019860976019136,0.155983843697107,0.164334378410375,0.102180998385799,0.0693528171872693,0.0658252395375065,0.182261730311159,0.442035562537115,1,0.0469082910144166,0.239697439429953,-0.0706009982790212,-0.154669279222508,0.0453672328755143,-0.08170197400799,0.0867517198630675,0.186492531571821,0.0642668739849526,0.0345868197673382,0.259868490835691,0.334458199421031,0.0538561999955341,-0.0177762724485809,0.168550996336765,0.0115879347854827,-0.0514526986158834,-0.0108880409051736,-0.0358230360324968,-0.121417263248397,-0.192434846797727,-0.04654307876854,0.0770140468199346,0.274936663647633,-0.224965769004574,-0.107349153065333,-0.0623772352770152,0.0530459266247118,0.201804887708302,0.234192069641234,0.314173139100623,0.115086980730634,-0.150149239586886,-0.220973646663565,-0.0610470454423858,-0.0186367631568427,0.0173167696310905,-0.0889884919303276
"21",-0.00873568722930763,0.15622464074505,0.320524223024298,-0.12267916507438,0.107536685471896,-0.0412189620902697,-0.116950058857709,0.0745797299382594,0.0574227017997894,0.208344457368602,0.240934929088994,0.0156577538429099,0.0155259817026723,0.00825708446029358,0.0395090922375776,0.106886124152096,0.069846736861331,0.0427027914137858,0.0284565689477064,0.0469082910144166,1,0.177650773405683,-0.058482601441965,0.0697791729794562,-0.0681079307848733,-0.164668304348141,0.044701990514027,-0.0166085045812978,0.2309803145474,0.181598325633848,-0.00211113322937101,0.0415433588209398,0.0744850929472016,-0.0940247472251409,-0.138680072788498,-0.0755530883632385,0.101112971043715,-0.0455307498907796,-0.0547038881550041,0.105613643516819,0.150557699278219,0.142581946960844,0.121847888415625,-0.032222104942787,0.0385793307557252,-0.0672819295790143,-0.065474820108361,0.00339239975421027,0.0624958605565672,-0.0405423434326111,-0.0406343053289873,0.0919137785151376,0.090230869913807,0.00503233826914586,0.161537715895432,0.124971051630873,0.0578572955874626,-0.0692972035715188
"22",0.0269874801568257,0.0389540176654315,0.0336033816838904,0.0238129750085347,0.0675420270712695,-0.0199779972189129,0.12648248822836,0.0530128948256899,0.00607357357648028,-0.0992172291208354,0.180004900425766,0.0441656947148781,0.0133802692140423,0.00619048403252169,0.139963192865579,-0.0865653532587882,0.0985117330348303,0.118152007218982,0.127111066756083,0.239697439429953,0.177650773405683,1,-0.152748861927435,-0.319680836527413,0.215284711922296,-0.0077486160345015,0.265615657370457,0.257683624606267,-0.0613415329877582,0.0489348108357046,0.145815853688003,0.10708138902851,-0.0901513380126104,-0.0155632653772134,0.0584929179684268,-0.153947698243417,0.0578625366534642,-0.0358126122696924,-0.00113746302477333,-0.0722747840018424,0.0146226796860133,-0.105091288879358,0.0748637610750657,0.124485544185442,-0.225216396075024,-0.00675725952576676,-0.151465914284376,-0.0740902967078198,-0.00785398156275681,0.0796906034523905,0.047983778620526,0.064187700539643,-0.135411067426987,-0.105094147506274,-0.0876928898773326,0.0228751202016325,0.0871807971254026,0.052275749526252
"23",0.00966111089632565,0.0417885228337438,-0.13764636674805,-0.144485711742517,0.0483265060923883,-0.0578894621697239,0.00604980255421964,0.0452280497594387,0.0341976712574802,0.0540988397491472,-0.0490694368652768,-0.0922331534538403,0.0869389429008939,-0.00425098412686217,-0.154293688717243,-0.0402374611595395,-0.0768953694905659,0.0401348400549584,-0.0614529235329339,-0.0706009982790212,-0.058482601441965,-0.152748861927435,1,0.223562922164882,-0.117462752934491,0.11477304101008,-0.0386857367494182,-0.178022939983709,0.0698641143421699,0.0254515020065741,-0.137705741076547,0.157900482452527,-0.128262810060285,-0.0260801088263341,-0.0276025012829618,0.134470744252128,-0.0912090911423485,-0.126047673482065,-0.143773706831389,-0.190597356585601,-0.19445768977825,-0.229155898032553,0.0986686590919548,-0.103167762537641,0.0960981268171737,-0.076389584719129,0.066007923927975,-0.168636064227988,0.0127945992805116,-0.0140242861601039,0.0506859386466995,-0.0972680267763353,0.0563701916764955,0.11446572104504,0.144922265565837,-0.226447863947835,0.0457694060551685,0.00593339769321773
"24",-0.0157176738074925,0.0182611272434138,-0.0251602435975761,0.0498310176911622,0.0955455980415806,0.0514803271582797,0.0338873594893729,-0.0241310043037959,0.158501682848029,0.150638490268667,0.147955246428609,0.0569645137070965,-0.0318149970052005,-0.0988387123163936,0.0497174803091903,0.108764192796174,0.0454703915440564,0.0401809239035015,-0.206810744624753,-0.154669279222508,0.0697791729794562,-0.319680836527413,0.223562922164882,1,-0.0775687251054671,-0.0387815278626043,-0.0231172600298362,-0.00092305882644255,0.0486070282732727,0.02186775889831,-0.0575465184263661,-0.0351654610232618,0.0395549633067109,-0.0193217401898912,-0.0868306024320237,0.117967221571139,0.012614603192181,0.0107277799658032,0.0538593226945191,0.0235215173654255,0.0248431660432186,0.139087005366407,0.143318322965621,-0.0262057526618013,0.107524075283467,-0.0126588103806385,0.100972429748191,0.0629161991582887,0.062512454228396,-0.0770612125603201,-0.202908436354978,-0.115130086766754,-0.0236009835630147,0.1553986457701,0.180085943336429,0.0295727731757618,0.0447324497007969,-0.120333811834019
"25",0.0293638498808114,-0.0134426702970624,-0.00898227000046835,0.215049369006151,-0.084430258427788,0.14855860787923,0.0123644092139605,-0.0350567567341185,0.073153382729538,0.0157189700635758,0.0518095002094368,0.0728338835948342,0.0604976902898228,0.250716876985468,0.0232454653190935,0.0133116864623059,0.0115580348175331,0.041858549743715,-0.126068928046068,0.0453672328755143,-0.0681079307848733,0.215284711922296,-0.117462752934491,-0.0775687251054671,1,0.082756531543217,0.18245068121539,0.111152200281966,-0.140507401031046,-0.194539652233358,0.134243921811426,0.00173301343056267,-0.0771019977993974,0.110755626747266,0.0274194708583051,0.0917437270077073,0.398244129903656,0.107428723283128,-0.063827550529004,-0.0284919470557537,0.128485937641771,-0.103559346433629,-0.131682605954373,0.155657795154143,0.183582469975901,0.1137955032012,-0.00186626201931285,0.00249264028514108,-0.0228302561789672,0.249267147328725,-0.0203659564569345,0.103828004890711,-0.111537391316773,-0.111786487541798,-0.0365322743433067,-0.164691967026673,0.0615102505479085,-0.0665867348018701
"26",-0.0203192205468825,-0.0576975172071453,0.0280443918219974,0.256389879067147,-0.0315025424997855,0.0768371504202757,-0.0513098699168787,0.0354085875279026,-0.0358787284301698,-0.0901120162622688,-0.022133652491373,-0.0565749835829839,0.0651458539243615,0.141037428969848,-0.00173674646878804,-0.0474969384603875,-0.10641491004697,0.134388966875904,-0.0634106977219068,-0.08170197400799,-0.164668304348141,-0.0077486160345015,0.11477304101008,-0.0387815278626043,0.082756531543217,1,0.179754644751885,0.0908961780514931,0.0652772669806025,0.20240302589376,-0.0485763260933905,-0.0925854972692444,-0.0299590669460006,0.0192544398870166,-0.00794937543333744,0.0779344610061216,0.0221861838998919,-0.0165253967967039,-0.0317334092201186,0.0984149913103293,0.134632419865905,0.161798367676147,0.0931328750168835,-0.141280028534135,-0.0406152699727186,0.0441376469567912,0.0484078946264678,0.105457204413585,-0.0150077057681865,0.178732848662404,-0.0575516436622206,-0.0428357157762151,0.0454243520565756,0.0924035364053099,0.0751905578720092,-0.196393952132254,-0.0808769256795729,0.0581915434799095
"27",0.117784067871652,-0.00825938481093187,0.313713670746897,0.0672406900071697,-0.0671163210548681,0.0494066493162897,0.312022394714285,0.134141755258987,0.0314983786919962,-0.115250771979672,0.0681298608405183,-0.0331931103908733,-0.0783640803535918,-0.0203907480000244,-0.0154386657157422,-0.184116181611959,0.0351735028964177,0.0449312460308872,0.0743352357854378,0.0867517198630675,0.044701990514027,0.265615657370457,-0.0386857367494183,-0.0231172600298362,0.18245068121539,0.179754644751885,1,0.195781827861514,0.101938043768792,0.229844448132388,0.300315190857054,-0.103841571974105,0.142360880828969,0.00605514164488337,-0.0390112996207378,0.00542922408038723,0.0318950332675852,0.0897403104156361,0.1089830093264,0.110865727349401,-0.0241682757639743,0.0676742988949103,0.133141578400418,-0.0179665906084609,-0.0695762964282769,0.0149676350375333,-0.0871039628704272,0.0448380545037873,-0.0937802791415279,0.0104500773073953,-0.0932683017934498,-0.00948095373401855,-0.102435653803848,-0.042945763764636,-0.133731880937105,0.193227539470046,0.0417139830761697,0.0215785015729336
"28",-0.0777996267362681,0.0872533242153027,0.0284190097266112,0.225973324685205,0.0503639939205718,0.146607454959178,0.112616206982129,0.00310467463822098,-0.0678095489707024,-0.13234417206106,0.130294964466834,0.131738487760065,0.0660520535506071,-0.0802774147599441,-0.140302495859857,-0.0648168612707348,0.215886572829689,0.138221239049661,0.0852204376820959,0.186492531571821,-0.0166085045812978,0.257683624606267,-0.178022939983709,-0.00092305882644255,0.111152200281966,0.0908961780514931,0.195781827861514,1,0.0719398480091138,0.0461483357879516,0.177258851031822,0.0921311324327915,0.0345483540322773,0.150131905513568,-0.00542523089560346,-0.154973730728126,0.0926989937467576,0.0591820577140445,0.0956803214527579,0.0636344986508474,0.122466447129824,0.0493216233120387,0.153504259809418,0.221203017018448,-0.329561467982993,0.0623387114955831,0.0665747476317394,0.0795719130200332,0.010566133063891,-0.010365504900383,0.0787606777571297,0.0868288535804262,-0.081274686795394,-0.182099495211371,-0.0593556146248216,0.042771701130051,0.22476854050108,0.138298756773783
"29",-0.162007740454649,0.0798091874355264,0.16547532593679,-0.00175447541799029,-0.0901426449325207,0.0347911866990787,0.0047144533366812,-0.0158591517510493,-0.0328126898474397,-0.118409157894982,-0.0444877960661164,-0.125255153509545,0.156194291856296,0.0441824288999434,-0.0766890110430007,-0.134553640542059,0.0161655193133242,-0.0552267422801421,0.101516041315106,0.0642668739849526,0.2309803145474,-0.0613415329877582,0.0698641143421699,0.0486070282732727,-0.140507401031046,0.0652772669806025,0.101938043768792,0.0719398480091138,1,0.121659285037981,0.0374253859460849,0.138095767132953,0.0481888688942452,-0.0723167369409546,-0.0940393855704675,-0.087726756188923,0.0797807188936204,-0.136185962009687,-0.134339890755313,-0.0151291995854237,-0.18332984161113,-0.0587041200727554,0.100038551991758,-0.0550190126074555,-0.129955608288078,-0.1772890444937,-0.155611704382861,-0.0823346083604721,0.024323388592361,-0.207875550787506,-0.136068715981201,-0.138607016392081,-0.0184808257597038,0.138044248129751,0.0308227503303502,0.0868185076956149,0.0541995174256675,-0.11128009658026
"30",-0.218790316659786,0.0301098320661527,0.171864144726762,0.179299433303435,-0.0452841058769029,0.0567176318667101,0.0376902721059075,0.0640024516153378,-0.103206516782433,-0.168108378735874,0.111044335732932,-0.00200691925583269,-0.00716765167042396,0.0733429511816795,-0.158662887636981,-0.0847485360558914,0.0156540082194021,0.0918421887475948,0.0852877652528165,0.0345868197673382,0.181598325633848,0.0489348108357046,0.0254515020065741,0.02186775889831,-0.194539652233358,0.20240302589376,0.229844448132388,0.0461483357879516,0.121659285037981,1,0.19985956162074,-0.0943216238324579,-0.108190154650285,-0.100384180977862,-0.0532035026779501,0.0669283953096151,0.165366496313609,-0.0997964740162516,-0.0212763712827965,-0.164789543961278,-0.00715103127089507,0.0387708991806419,0.137115527809327,-0.0723744764840797,-0.143526050646264,0.0334184902323882,-0.230847813084575,-0.0535397939215976,0.111212793269284,0.113327910656207,0.0402046808929079,0.0637181866453104,0.0375506689289469,0.104105702478492,-0.0459712014470009,0.103488465816622,-0.156888983716959,-0.150646633333761
"31",-0.060440424597627,-0.0931563800783674,0.169634163783269,0.0168060915006537,0.164673979405893,0.126289954219913,0.319021911003516,0.070393290855489,0.107488936511218,-0.0816354108242293,0.0306914756297259,0.0999020162528045,0.0119093937143851,0.150772809466564,-0.0859543645777371,-0.032405750379007,0.262511989351826,0.0987195508091753,0.442827101061261,0.259868490835691,-0.00211113322937101,0.145815853688003,-0.137705741076547,-0.0575465184263661,0.134243921811426,-0.0485763260933905,0.300315190857054,0.177258851031822,0.0374253859460849,0.19985956162074,1,0.0713202320629057,-0.00411064701618322,0.0155530205128751,-0.0548049744721189,0.0453294275496415,0.0686653989316297,0.148807916214362,0.0147729625058512,0.0390541311970656,0.0287056938137224,-0.0729343766082236,0.0721141248022295,0.144600919368041,-0.00539645766622522,0.163303837004565,-0.131539067842463,0.0612521974831669,0.133374675821206,0.0817777853625241,0.0234357835876345,0.105927358037931,0.0205774332935123,-0.0186738424298886,-0.0164171118128112,0.173757382452064,0.0705962373955591,-0.0967642627979196
"32",-0.0849490523145837,-0.0680880771173166,-0.0377446189215044,-0.0508119147590537,0.237839384672923,0.0845818037920927,0.111320326355806,0.152044991667833,0.0531577348458014,0.0135614164259076,0.15255912524126,0.00575015488625696,0.265959039870675,0.0100805775842901,0.0339342057336942,-0.0220872247202704,0.196598175199005,-0.018864389849865,0.174068756740571,0.334458199421031,0.0415433588209398,0.10708138902851,0.157900482452527,-0.0351654610232618,0.00173301343056267,-0.0925854972692444,-0.103841571974105,0.0921311324327915,0.138095767132953,-0.0943216238324579,0.0713202320629057,1,0.0172920699161341,0.173219529430442,-0.127559222489147,-0.216013587419492,-0.0646441722591523,0.12897413416177,-0.186548656134906,-0.221922564323622,-0.0549543765903486,-0.137316053792964,0.0132108389364426,0.337045206989737,0.0139002502939066,0.0934016615065176,0.0655462064954806,-0.0803060717959732,0.289797121543796,0.0663440617566595,0.150382799990614,0.030035384562449,0.116531974878194,-0.0189796692526576,-0.153916100667576,-0.0504116024085992,0.127552728952266,0.124795061105733
"33",0.184599931957102,0.176007602145797,-0.0212039107539957,-0.0833722105902222,0.0934071976272365,0.137185338668883,0.0172719659377123,0.0491193068460794,0.170709136467001,0.0533386789785642,0.0780584910093287,0.136864367571859,0.164183795352979,-0.262660678704073,-0.10238395400162,0.115459510757768,-0.197227386985665,-0.0436141136948975,0.0775162051072574,0.0538561999955341,0.0744850929472016,-0.0901513380126104,-0.128262810060285,0.0395549633067109,-0.0771019977993974,-0.0299590669460006,0.142360880828969,0.0345483540322773,0.0481888688942452,-0.108190154650285,-0.00411064701618322,0.0172920699161341,1,0.147897009880792,-0.174483121255537,-0.156231147054484,-0.0537407883683395,0.0545282025499762,0.354486502182158,0.386740917863,0.162905786759082,0.224607055786307,0.147606143752185,-0.0644126532388413,-0.179065180341606,-0.130176732299694,0.0800186691759704,0.113501837619507,0.0936787828832799,-0.167392225408296,0.126374966960716,0.117047786397156,-0.0456598542875135,-0.121333165464505,0.062144893432649,0.0533012493690102,0.154951049856632,-0.0877394468295045
"34",0.121573533425694,0.223080795959384,0.0447094787453603,0.114266364857828,0.101991873678954,0.241629028510666,0.199997084781953,-0.0209148509551513,0.0315883686152788,0.0554062283927223,0.245751208809595,0.0853214902529975,0.0662932485020246,0.0723338003469752,-0.0747387256125522,0.0839777025337924,-0.00101404824119671,-0.0523063065411423,-0.056569841974623,-0.0177762724485809,-0.0940247472251409,-0.0155632653772134,-0.0260801088263341,-0.0193217401898912,0.110755626747266,0.0192544398870166,0.00605514164488337,0.150131905513568,-0.0723167369409546,-0.100384180977862,0.0155530205128751,0.173219529430442,0.147897009880792,1,-0.193555808549805,-0.146974359372293,0.122548362569723,0.137477786677857,0.153544823052938,0.146523805587563,0.245562531187533,0.216124998879527,0.153915981815639,0.0648200963348055,0.126499686761578,-0.0431073150420645,0.18699314806675,0.101467917602325,0.101793081408126,0.0895354057488105,0.162284839816339,0.166120800598796,0.0273009243474411,0.00466622067006905,0.0236505962233427,-0.122700690488165,-0.0229704148092845,0.099184482161452
"35",0.0558047829410014,-0.0973176054792418,-0.0641147463625586,0.122686429813954,0.0902840890542587,-0.0646840114089921,0.0323882717730628,0.0779079509352166,-0.0389570630854917,-0.10240174475784,-0.127223877037198,0.0365859027209104,-0.0106486763851279,0.112121548692526,0.198207187403877,-0.135631307353254,0.286388642160926,-0.00717861493695706,0.00672110825424625,0.168550996336765,-0.138680072788498,0.0584929179684268,-0.0276025012829618,-0.0868306024320237,0.0274194708583051,-0.00794937543333744,-0.0390112996207378,-0.00542523089560346,-0.0940393855704675,-0.0532035026779501,-0.0548049744721189,-0.127559222489147,-0.174483121255537,-0.193555808549805,1,0.233544814517406,0.100000611038591,-0.0439308695214638,0.0205528538607534,0.0143076316746865,0.045766809148332,-0.109368015786831,-0.235488242804789,-0.081378510125299,0.129336940245411,-0.0641286031031583,0.0924080744241907,0.130832692593796,-0.0407883651483747,0.135039412430156,-0.00061692539060771,0.0346721071012169,-0.14669156836447,-0.0666954469124825,-0.0417728705441863,-0.0142489256135156,-0.045337634597111,0.025578518994251
