"","l_Insular.Cortex","r_Insular.Cortex","l_Amygdal.Area","r_Amygdal.Area","l_Bed.Nucleus.of.the.Stria.Terminalis","r_Bed.Nucleus.of.the.Stria.Terminalis","l_Hippocampus","r_Hippocampus","l_Orbitofrontal.cortex","r_Orbitofrontal.cortex","l_Entorhinal.Cortex","r_Entorhinal.Cortex","l_Frontal.Association.Cortex","r_Frontal.Association.Cortex","l_Globus.Pallidus","r_Globus.Pallidus","l_Glomerular.Layer.of.the.Accessory.Olfactory.Bulb","r_Glomerular.Layer.of.the.Accessory.Olfactory.Bulb","l_Glomerular.Layer.of.the.Olfactory.Bulb","r_Glomerular.Layer.of.the.Olfactory.Bulb","l_Granule.Cell.Level.of.the.Cerebellum","r_Granule.Cell.Level.of.the.Cerebellum","l_Hypothalamic.Region","r_Hypothalamic.Region","l_Entorhinal.Cortex","r_Entorhinal.Cortex","l_Vermix.Molecular.Layer.of.the.Cerebellum","r_Vermix.Molecular.Layer.of.the.Cerebellum","l_Lateral.Molecular.Layer.of.the.Cerebellum","r_Lateral.Molecular.Layer.of.the.Cerebellum","l_Anterior.Olfactory.Bulb","r_Anterior.Olfactory.Bulb","l_Posterior.Olfactory.Bulb","r_Posterior.Olfactory.Bulb","l_Subiculum","r_Subiculum","l_Perirhinal.Area","r_Perirhinal.Area","l_PreLimbic.System","r_PreLimbic.System","l_Primary.Cingular.Cortex","r_Primary.Cingular.Cortex","l_Primary.Motor.Cortex","r_Primary.Motor.Cortex","l_Retrosplenial.Cortex","r_Retrosplenial.Cortex","l_Secondary.Cingular.Cortex","r_Secondary.Cingular.Cortex","l_Secondary.Motor.Cortex","r_Secondary.Motor.Cortex","l_Striatum","r_Striatum","l_Ventral.Tegmental.Area","r_Ventral.Tegmental.Area","l_Substantia.Nigra","r_Substantia.Nigra","l_Thalamus","r_Thalamus"
"1",1,0.44571688415115,0.0683267941351847,-0.0963761229276396,-0.0652489382888951,0.0118800843024818,-0.0503627692257395,-0.108365869386221,0.460364214696122,0.441665493187088,0.188935498293251,-0.0400834297139349,-0.112233368301854,-0.0507936183373633,-0.03572348934685,0.0421485065812003,-0.238153309206365,0.0235531458026978,-0.183195445868084,-0.175433083731182,-0.0383623825349337,0.150609546920695,0.181389213441646,0.0532285993069688,0.0519689069758371,0.0169939768999888,0.0199122981200668,-0.177036128629485,0.192268197718231,0.0334525934918082,-0.0733431941909496,0.025130364776506,0.0272677895708142,0.0354704025541308,0.0449054865582126,-0.100946804251651,0.0304084731680298,-0.188980241138345,0.117906757476231,-0.0567612812794214,0.0148318227101473,-0.147624570640472,-0.0164637165948186,0.0343030363731211,0.0572495247494258,-0.12032226656028,-0.0498419086820717,-0.101744795004068,0.0106135190799572,-0.0190457951596266,0.162857940047387,0.0908372537057098,0.0464956049223539,0.0515683568611676,-0.0709388916409547,0.0103976293338612,0.173800558442501,-0.105808105887037
"2",0.44571688415115,1,-0.0298109780493549,-0.0695150803863776,0.00468672391824311,-0.0907233245121418,0.0255524794409681,-0.0950929242672794,0.412448119312004,0.49138444652297,0.173644888950992,0.00365997085597285,-0.0866075169545367,-0.0783935162969484,0.135314125441201,0.18857022554486,-0.206999056523678,-0.017826390420373,-0.0734907554982532,-0.166784000585946,-0.0469369636126278,0.114481659357647,0.0287946198440146,0.013113875731836,-0.103919910930605,0.00849113972184987,0.167295562837225,-0.0748609529135094,0.125918843522763,0.040443204828694,0.103344063864634,0.170134452692256,0.251728048963286,0.0773756357388288,0.0330648240448872,0.105452385690237,-0.0300878162514409,-0.0282052470257939,0.100659208920862,0.0354398964539713,0.074691036080485,0.0474667244992363,-0.0526351623898127,0.0232223768539575,0.170307960030877,-0.0881138843684495,-0.00951611123353511,-0.1342350859586,-0.0715073248279683,0.0653616287511334,0.11442650265339,0.175658274688287,0.0545988857945449,0.123200248869386,0.119181782174762,0.106302680651053,0.0767562015541328,-0.0292685803320912
"3",0.0683267941351847,-0.0298109780493549,1,0.232706173206366,-0.13904911732566,0.0288864257416789,-0.130808130577501,-0.149708506778247,-0.0545221658338897,0.0725074950392075,0.152665163613634,0.0218848818481324,0.0243493667350893,-0.0573834920465266,0.0176540928050296,-0.0379768727671458,0.168682332428916,-0.0283263147390462,0.0201805651786881,0.148590775965343,0.164693514908572,-0.0622127655335389,0.138203702977227,-0.0817770643626466,0.032135579565861,0.0774146928838151,-0.109640938776306,-0.0252108023675826,-0.067985276369809,0.0833711317392052,0.203858901418045,0.209155126225949,0.0948952175018528,-0.163853083366889,-0.077598179332241,-0.112958056838911,-0.101720139413897,-0.119445484595007,-0.091174612881019,-0.0726307926829805,-0.140396142715306,-0.157220636796223,-0.0776412814398629,-0.05347525023537,-0.0448661544013778,-0.044398700080465,0.0191299203241534,-0.0546305854884845,-0.0218412382604531,-0.17555472281184,0.0107519563302686,0.118574564945033,0.220921543081743,0.0782761289148432,0.21852569936774,0.099903943072965,-0.0698014550894313,-0.212179221171235
"4",-0.0963761229276396,-0.0695150803863776,0.232706173206366,1,0.0896825197743656,-0.151821372897654,0.15623736542229,-0.00091725746284381,-0.171596094741558,0.0332997842984515,0.00729041263170063,0.150791654161192,0.0649750981840393,-0.138396561805344,0.115543488546221,-0.183887852659561,0.281480600095771,0.0554922419007539,0.0990431370871915,0.053895372931092,0.111605129103246,-0.0197370471474686,0.00459161458711844,-0.315885074129307,0.0115784996704028,-0.017060425756169,-0.116055561769979,-0.0519915215229919,-0.161269650311669,0.014469293373608,0.175090909444416,-0.111429901818711,0.141532460135683,-0.14966387521631,0.0636102820314903,-0.0300057852056579,-0.141394512632502,-0.0549353488234117,0.0690170837716892,-0.00263594469580978,-0.0755850160508236,-0.114284152733993,0.00057430858248606,0.0323852699697479,0.0245814015340759,-0.0210511632683456,-0.066657017261026,-0.0198641692347086,0.0466008244063669,-0.163004863862409,-0.0938717497560496,-0.055578134222624,-0.00460124147124132,0.0497698191835219,0.0377988971521236,0.0858035504803527,-0.0428421320903453,-0.105185933381296
"5",-0.0652489382888951,0.00468672391824311,-0.13904911732566,0.0896825197743656,1,-0.033245865597184,0.0187864812439125,-0.104772493156801,0.0318322297319202,0.0543703608754208,-0.0856933064764037,-0.223628283580041,-0.261744188318546,0.00707763403842917,0.0272710332774126,0.217502413578891,-0.114505730857244,0.0332742476942071,0.0669311674690607,0.00369524272644347,0.0176915415387808,-0.137006790762154,0.0757784911332423,-0.148243874907048,-0.139110355686869,-0.18601707622837,-0.0111154337559296,-0.1127053493091,-0.0556516818964662,-0.104364451876125,-0.0998117375109726,-0.0633284556333261,-0.0504016137244867,0.0589586979784577,-0.0483138628502037,0.0311507430523537,0.0226130252327594,-0.0212075591966949,0.100035964886854,0.1429673550456,0.0159230461067618,0.00911781893485875,0.00278848097022862,-0.0610449730585177,0.070363618944967,0.0610147038619757,0.00719769887900556,-0.0778867947488515,-0.146346399925048,0.0186616487257373,-0.184979389617002,0.0733486397077302,-0.0765925451044534,-0.199685126697907,-0.0196181505158272,-0.0624837250146539,0.081607093143495,0.0603143310090177
"6",0.0118800843024818,-0.0907233245121418,0.0288864257416789,-0.151821372897654,-0.033245865597184,1,-0.00096968404215203,-0.0301399887681823,-0.0826338199347516,-0.129620049556178,-0.173996952027425,0.00883988689789332,0.0455919009630308,-0.050503833931739,0.0844326388657126,-0.0889135057497754,0.0228024373285567,-0.114128446588516,-0.0805670265032502,0.114378168297917,0.0719635761839903,-0.130374718567862,0.197902492862378,0.0897468725554782,0.0187911399139551,0.110553608728796,-0.0529613759445554,-0.0352726521029582,0.0719077111601946,0.00923345515428523,-0.0646795470746642,0.136935349507798,0.0550337361470138,-0.149760707066089,-0.0436161970346342,-0.0217690071394832,-0.110352796885384,0.0498429089411667,0.179484558542496,-0.0340756329839684,0.0916713208631277,-0.118121175915506,-0.0189385361568599,0.055719811098757,-0.13375485198581,0.0635749303170505,0.103474615955272,0.140186178596411,0.0137881959023315,-0.028388282370459,0.117360832424156,0.00615553209927733,-0.0979129922165491,-0.0314947273546633,0.102615362864648,-0.227052864640665,0.0439613238484233,0.196193702939101
"7",-0.0503627692257395,0.0255524794409681,-0.130808130577501,0.15623736542229,0.0187864812439125,-0.00096968404215203,1,0.0966315329013884,-0.0541770632398009,-0.0467538532346404,-0.218451725231058,0.095387789564707,0.00278134093284431,0.0251262301506545,0.0807012561816338,-0.0875944781069797,0.11092832884694,0.0790495896086724,0.00812894358678773,-0.00442805617994491,0.159134390905109,0.0614172794618143,0.025521430036715,-0.0112136078610992,-0.00149689076372346,-0.148920872969307,-0.161316070901399,0.0460032191903023,-0.108270974688528,-0.0221257639726066,-0.108648303244386,-0.0222146243698748,0.0952064737148482,0.0275077844656449,0.240771807526263,0.236635370142532,0.135030149252468,0.322121914229686,0.017609472315941,-0.139449039798971,-0.0127940606629262,-0.127709354904362,0.212297840587925,0.146010922785974,0.192379630056531,0.0374685809215784,-0.0507725955747862,0.0506461778997862,0.0966436273280504,0.049890705003102,-0.0934806064400429,-0.0106665369616142,-0.141603588106555,-0.0817534156580387,0.0425687341447373,0.0868260080612158,0.242808126102386,0.0178702860941142
"8",-0.108365869386221,-0.0950929242672794,-0.149708506778247,-0.00091725746284381,-0.104772493156801,-0.0301399887681823,0.0966315329013884,1,0.030523807963542,0.0585218194240161,-0.00343116142247048,0.0563411238207564,0.184939915260001,0.153229625520287,0.119398275834242,0.192571162520132,-0.0559653780846261,0.0327581037314539,-0.0231058474381243,0.0535741440107949,0.0958420833722998,0.111014127825297,-0.150221852073013,-0.0840852566255162,0.075407691165272,-0.163066149955189,-0.0932993028264877,0.111730546819013,0.0102162868340059,-0.100171572698149,-0.125965715352892,0.14568341783724,0.0959503280334176,0.0241152046515481,0.110948869907429,0.243765879293253,0.0259891338737816,0.184489751540425,-0.171527220032201,0.129144525137608,0.113672432723181,0.123155714722442,0.00160474145693459,0.0972516525079941,-0.0729162487486233,-0.0455720296144315,0.147051941579546,0.263125524248459,0.171399127018556,0.124798236567225,0.114621022722536,0.012465316711342,-0.00310409795536086,-0.0360302931254936,0.00701062210293924,-0.0269180067992074,0.124516268824812,0.0585819214827694
"9",0.460364214696121,0.412448119312004,-0.0545221658338897,-0.171596094741558,0.0318322297319202,-0.0826338199347516,-0.0541770632398009,0.030523807963542,1,0.535561822737562,0.191934007741803,-0.047213764356391,-0.0604485689636369,-0.102900641693319,0.0341257080557446,0.187534655101555,-0.30174749062956,-0.109371454799969,-0.0758995909014413,-0.132495633021109,0.076550958576477,0.0498509930079977,0.0689938419078659,0.0910306101060453,-0.203130795715888,-0.173816590370409,0.158340051986044,-0.0694354511113717,0.135331418674202,-0.0074037062700311,-0.0883654393395709,0.0296798023064023,0.0168706133741384,-0.0185956282103133,-0.0552494700266079,0.058453765187341,0.0755680130811189,0.019894799760134,-0.0121424543122209,0.00284146644054284,0.165756600692523,-0.00025447932315122,0.0403107540691214,-0.0272516555032672,0.156724407959829,0.118255554292218,0.0861899954179154,-0.0773996310198599,0.0721904863279465,-0.0748611902437287,-0.0783276571859615,0.0293406032807639,0.0582861126689217,-0.0461348724618805,0.0321006183692846,-0.036589200676844,0.106590118550874,-0.0286429748270073
"10",0.441665493187088,0.491384446522971,0.0725074950392075,0.0332997842984515,0.0543703608754208,-0.129620049556178,-0.0467538532346404,0.0585218194240161,0.535561822737562,1,0.193155650029168,-0.0356255701059893,-0.104852652217215,0.0559433163838859,-0.0436082871258662,0.234431910042908,-0.23177837126475,-0.191275298341533,-0.0680468060667785,-0.175029826174056,0.0800139397061495,-0.0488568293242344,0.118006772889999,0.0316479620737653,0.026931025801985,0.0810219012752165,0.0253499167076001,-0.0385641622305149,0.127968613001868,0.0856838362955013,0.0334264602371869,-0.00509744834532702,0.0863820169415931,-0.0345381951744865,0.152811482628281,0.0736834887830378,0.0529421489549287,-0.00403845442518547,-0.067870186113626,0.176368634138034,0.0501115832929066,-0.0626445471039308,-0.116176570222261,-0.0201473704692962,0.232997454466234,0.100982843977237,0.0491552226606223,-0.0330500664196123,-0.191546893115044,-0.0326075412742264,-0.060723469483772,-0.061947691747377,0.0958995271392969,0.0908784671499712,0.0273471752848455,-0.0102883297001681,0.242190467885091,-0.142308359762827
"11",0.188935498293251,0.173644888950992,0.152665163613634,0.00729041263170063,-0.0856933064764037,-0.173996952027425,-0.218451725231058,-0.00343116142247048,0.191934007741803,0.193155650029168,1,0.233393330529328,-0.134972236827875,0.0480017259350158,0.0140244771328667,0.16960611060548,-0.0686601129160907,0.0029733701005821,-0.0219899051652094,0.00579160575312255,-0.307613783568879,0.0587601146453296,-0.0276186614593713,0.0750705543691601,-0.11359027653223,0.192607712529984,0.0529542654801336,0.0672800774455481,0.056113694996694,-0.0722338178408208,0.167831810451963,0.0525808536565581,0.118547234126425,0.278541582331399,-0.192883710082512,-0.172321313381185,-0.16943143483481,-0.106699230185598,0.0482557185423013,0.0535033918527058,0.136983270778038,0.229001599885983,-0.0906864685105662,0.115719334723696,-0.0831261744560207,-0.0352207787234383,0.0115611564142093,0.0241172260222355,-0.102433155507928,0.0397176634932246,0.138698216628842,0.144142563938986,0.0309279932031193,0.0552445033424298,0.0809932252392876,0.0737615286343561,-0.0611103233450369,-0.0479605134816997
"12",-0.0400834297139349,0.00365997085597285,0.0218848818481324,0.150791654161192,-0.223628283580041,0.00883988689789332,0.095387789564707,0.0563411238207564,-0.047213764356391,-0.0356255701059893,0.233393330529328,1,0.0424464064305147,0.00417871286204736,0.1186613531326,0.0938299140270456,-0.106925342710672,0.121138285746471,-0.0777392066661492,-0.0284203440827075,0.0115198159713885,0.107694381497785,-0.0517734816657128,0.0339715797179734,0.135725297681398,0.0016550196524797,-0.0223119544220939,0.0336614017075663,0.134540877235105,-0.0232759682613895,0.115082415128373,0.0258035154727588,0.0351836620048317,0.195251406018107,0.155694933982315,0.158404925621057,-0.0229884206227604,0.0473976451869473,0.101743422561752,0.203775994232777,0.129182138120584,0.251665882828794,0.0329797239853367,0.213811979090082,-0.0686967643340824,-0.137994061959414,0.0722358029922244,0.288894990958178,0.0441540989512404,0.122163385180312,0.0380000991066509,0.0663402578033871,-0.228604954519221,0.133566709022997,-0.0189391345277722,0.174364781867306,-0.0204214677588943,-0.0560118826881492
"13",-0.112233368301854,-0.0866075169545367,0.0243493667350893,0.0649750981840393,-0.261744188318546,0.0455919009630308,0.00278134093284431,0.184939915260001,-0.0604485689636369,-0.104852652217215,-0.134972236827875,0.0424464064305147,1,0.0178164724311316,0.118128118446405,0.0659294404284076,0.309988093720431,-0.00118339396443765,-0.0265816733237044,-0.0205439212276603,0.022585535447288,0.0842626920248665,0.0356513862581743,0.0258599897808498,0.102997830018984,-0.0014159050712208,-0.121370028471945,-0.00958580369646423,-0.0750878994276849,0.0681846644057189,-0.110825267770707,0.0264558528896525,-0.128820426480014,0.0493297426368955,0.0662030470636137,-0.0402382453474711,-0.0883413976762082,-0.0484818002132352,-0.177428668801896,0.0645326171234059,0.176766725357074,0.0490352814408523,0.167660663440177,0.127270554885226,-0.0840382194781753,-0.0485378858464919,0.0528990773080373,0.178722061143619,0.566857570040109,0.0739531653554747,0.2098328547032,0.108468854467524,-0.131295626894734,0.15198866606721,0.159788613616461,0.130505312098678,-0.044679683670195,-0.150782906374949
"14",-0.0507936183373633,-0.0783935162969484,-0.0573834920465266,-0.138396561805344,0.00707763403842917,-0.050503833931739,0.0251262301506545,0.153229625520287,-0.102900641693319,0.0559433163838859,0.0480017259350158,0.00417871286204736,0.0178164724311316,1,-0.00703933121411158,0.0928688775676267,0.0132818631239477,0.20737430909725,0.0359095242559098,-0.0962459719650709,0.102410975052546,0.0624815169252275,-0.0141576887829116,0.0829344535996049,0.169585145469846,0.209414134111437,0.0108209469442371,-0.0427112549876762,-0.027385535193071,-0.00946310839762082,-0.155556081064485,-0.00328705895181198,-0.103370541836154,0.0577337373750044,0.147114108731053,0.308966146061382,0.00636835078877782,-0.0416608469065302,-0.0636194880143698,0.0430266642089894,0.205953035942256,0.187889276983555,-0.0886326647452602,-0.0149419104638758,0.0203550351779998,-0.0273651943790823,0.0496584089644736,0.158990742159622,0.0871047765938162,0.666781724154319,-0.101787520596333,-0.141747854603825,-0.0850037539335317,-0.0352980173660134,-0.0941912887305917,0.0100806050881168,0.132112468922651,-0.02124530466266
"15",-0.03572348934685,0.135314125441201,0.0176540928050296,0.115543488546221,0.0272710332774126,0.0844326388657126,0.0807012561816338,0.119398275834242,0.0341257080557446,-0.0436082871258662,0.0140244771328667,0.1186613531326,0.118128118446405,-0.00703933121411158,1,0.0603580798355905,0.0821210615022521,0.0160809138615866,-0.104353910850668,-0.0270510535636647,0.0186906249709862,0.0808389194765619,-0.0661366470848162,-0.114430971838388,0.0190366545755393,0.0453302584775645,0.0889148712289549,-0.0231408739399015,0.0154351071591369,0.0213981703230669,-0.0240337552818524,0.0884267152502084,0.125239002589399,0.143261546484974,-0.0600196080703861,-0.0207484652680084,-0.0102939168179567,-0.0139340902150992,-0.00841745404180687,-0.0894810022465349,0.0420791945454559,0.119088431969857,-0.00686947701681861,-0.0762841542641259,-0.152300615934008,-0.19643378480933,0.161918231806404,0.211754686988421,0.101760254592679,0.0294169145397816,0.268222561844177,0.236902460687648,-0.0437792771066936,0.14774250858274,0.117509510732109,0.0175092463399495,0.00954587838697722,-0.106805184498526
"16",0.0421485065812003,0.18857022554486,-0.0379768727671458,-0.183887852659561,0.217502413578891,-0.0889135057497754,-0.0875944781069797,0.192571162520132,0.187534655101555,0.234431910042908,0.16960611060548,0.0938299140270456,0.0659294404284076,0.0928688775676267,0.0603580798355905,1,-0.171728435316672,0.178932162467389,0.0789200384571649,-0.122063087675064,-0.164400771254843,-0.0320803599638967,-0.0545185026171696,-0.0148692106411383,-0.0223246490556143,-0.0328957402145425,-0.144491446630987,0.0309517026162703,-0.116963145854708,-0.038242536996979,-0.15584299924905,0.201327928673129,-0.0750905771491991,0.172645185236066,-0.111475727197519,0.0746377111316901,0.115198666250023,0.00415382858690327,-0.0944842915967105,0.156018963236118,0.0277849247453827,0.19843898400998,-0.0822510173863258,-0.109367381456923,0.0785411953474932,0.0752876647248558,0.0692069372669369,0.0292144957275273,-0.044566830618262,-0.0042697741613994,0.0478603938580436,0.190851327008101,-0.149592729096288,0.0969529625011596,-0.0770772730074423,-0.0721400631390725,0.09342930459815,-0.119986277812929
"17",-0.238153309206365,-0.206999056523678,0.168682332428916,0.281480600095771,-0.114505730857244,0.0228024373285567,0.11092832884694,-0.0559653780846261,-0.30174749062956,-0.23177837126475,-0.0686601129160907,-0.106925342710672,0.309988093720431,0.0132818631239477,0.0821210615022521,-0.171728435316672,1,-0.0799691691977425,0.0332093936876835,0.133507416841458,-0.0357429535235294,-0.0722615766828681,-0.00049957230100434,-0.240501910315009,0.0450831771995088,0.148883344874567,0.019095285428332,-0.0221372047838545,-0.189865063258796,-0.0234231911907605,0.0254364621762679,-0.15100958595392,-0.00576492927464349,-0.0279000824704258,-0.0713353940706102,-0.108252376317117,-0.118740157466902,0.0424009339119443,-0.0614470504075546,-0.154678836091449,-0.132019348071966,-0.235082798989925,0.171184831971345,0.0650659926269866,-0.0135116456530546,0.0505920087203677,-0.220122795720831,-0.104394823128337,0.271756460281562,-0.143051007748934,0.0551799861289429,-0.0358350653461211,-0.0297151209770306,-0.0172554012533286,0.0773606673407257,0.163683401615739,-0.147240578391415,0.0375961598706277
"18",0.0235531458026978,-0.017826390420373,-0.0283263147390462,0.0554922419007539,0.0332742476942071,-0.114128446588516,0.0790495896086724,0.0327581037314539,-0.109371454799969,-0.191275298341533,0.0029733701005821,0.121138285746471,-0.00118339396443765,0.20737430909725,0.0160809138615866,0.178932162467389,-0.0799691691977425,1,-0.040048727693006,-0.0144743671077959,-0.101445061093245,0.19190706679928,-0.0276556376059662,-0.145964017595533,-0.121291444033517,0.0851628953411028,-0.0943131069825642,-0.0713292041382671,-0.146688912447801,-0.0764444980023624,-0.171468835885991,0.110293294089464,-0.0638424410400593,0.0952718590591041,-0.0523250229197669,0.0637261789084789,-0.108223236247438,-0.271820496795539,-0.0178929690661776,0.0573397197579134,0.0375182648296351,0.133117725728173,-0.0401554414062087,-0.178485108622469,-0.0381175333404551,-0.192808726454448,0.0652236862420131,0.149630267831773,0.0489268327406883,0.233095987192236,0.0212359987521834,-0.097034400099035,-0.134430494157227,-0.128284997146599,-0.0560828602355953,0.0680853386349543,0.0366010311823064,-0.0616078851179685
"19",-0.183195445868084,-0.0734907554982532,0.0201805651786881,0.0990431370871915,0.0669311674690607,-0.0805670265032503,0.00812894358678773,-0.0231058474381243,-0.0758995909014413,-0.0680468060667785,-0.0219899051652094,-0.0777392066661492,-0.0265816733237044,0.0359095242559098,-0.104353910850668,0.0789200384571649,0.0332093936876835,-0.040048727693006,1,-0.0172570252878808,-0.0119461310405981,0.0174643852590769,-0.127925384624751,0.00762479440764116,-0.124546647590639,-0.181926516117028,0.0608061192236617,0.0427050121801279,0.0179680280987501,-0.0238783287039283,0.16872255831934,-0.0205309840837369,-0.115623405116006,-0.164754873419621,-0.0398462344186018,0.107761667726373,0.0504461807387583,0.158071879274198,0.0020029270118472,0.0389048527290343,-0.108528822186398,-0.0375953722896303,-0.0184013090349674,0.0438661945525461,0.166524849309831,0.0922094815788176,0.0105196493071437,-0.0597412398541335,-0.208421708695555,0.0112473734008638,-0.226136616795951,0.0181798291709152,-0.143727518540211,-0.0970515031900416,-0.0987917854476428,-0.0786133834731639,-0.183201832090757,-0.0840772581521676
"20",-0.175433083731182,-0.166784000585946,0.148590775965343,0.053895372931092,0.00369524272644347,0.114378168297917,-0.00442805617994491,0.0535741440107949,-0.132495633021109,-0.175029826174056,0.00579160575312255,-0.0284203440827075,-0.0205439212276603,-0.0962459719650709,-0.0270510535636647,-0.122063087675064,0.133507416841458,-0.0144743671077959,-0.0172570252878808,1,-0.00446268559217916,0.00684284663903801,0.049207410396133,-0.050597959779401,0.0398307707223737,-0.051022727016889,-0.0425974909950739,0.127583175703633,0.0844238899757818,0.0819560342183618,0.0726799515322681,0.100805673378195,0.0976524685424839,-0.0666230166109574,-0.219706530660955,-0.126155750120921,-0.141697340438459,-0.0548537035977492,0.186309165347419,0.0333033257240465,0.0739234159899659,0.129739132929377,0.00475732208276844,0.00129592493843631,-0.0405341333496852,0.0302274064643393,0.0963918774313595,-0.0293357460092283,-0.0294842902461649,-0.0335013896091369,0.0449553987829575,0.0602848096110589,0.10651620005176,0.020576692312806,0.201904169070028,0.0304163457973889,0.0022377880418354,-0.0252637311499346
"21",-0.0383623825349337,-0.0469369636126278,0.164693514908572,0.111605129103247,0.0176915415387808,0.0719635761839903,0.159134390905109,0.0958420833722998,0.076550958576477,0.0800139397061495,-0.307613783568879,0.0115198159713885,0.022585535447288,0.102410975052546,0.0186906249709862,-0.164400771254844,-0.0357429535235294,-0.101445061093245,-0.0119461310405981,-0.00446268559217916,1,0.0426136800049392,0.0240370808683186,0.140432072495409,-0.096024714981096,-0.190184033214773,-0.120144579979875,-0.0230119178394746,0.231342724312278,0.0127542947606366,0.0606442843152872,-0.11758874558999,0.0445486647939166,-0.0334702237870578,0.259032726408902,0.0740290584044408,0.160633978927177,0.125833543079497,0.0119072695084001,-0.0394266853733406,-0.0124019893217467,-0.0999951631058854,0.00123003743556779,-0.0308515290959187,0.071468282066971,-0.0236409399366999,0.0610214787738068,0.0374253317289009,0.0727259658001126,0.0132438250275061,-0.160393554986799,0.0666208798527854,0.153956454546069,-0.00266396320825616,0.00053074465423145,-0.0609655871815536,-0.030610966627731,-0.0408882129901377
"22",0.150609546920695,0.114481659357647,-0.0622127655335389,-0.0197370471474686,-0.137006790762154,-0.130374718567862,0.0614172794618143,0.111014127825297,0.0498509930079977,-0.0488568293242344,0.0587601146453296,0.107694381497785,0.0842626920248665,0.0624815169252275,0.080838919476562,-0.0320803599638967,-0.0722615766828681,0.19190706679928,0.0174643852590769,0.00684284663903801,0.0426136800049392,1,-0.0307864277237537,-0.0346824319720062,0.122046520476087,-0.0099635788524463,-0.0507307052542549,0.0492796479171344,0.18113367149214,-0.00343743649843906,-0.00133208689983012,0.119614946276,0.0747315048191147,0.0878841274885198,0.0236748212465233,-0.0734977453691665,0.00316276589204758,-0.215665733582287,-0.0173786187474617,0.0800866131348518,-0.049843940016829,0.0507721028891814,0.0182583162657765,0.104363619452028,0.0626860034838925,-0.0848793710594924,0.130254802514369,0.118512600790137,0.137390787981629,0.079051605129918,0.210438410152285,-0.0928561830518036,0.0845323556242895,0.146096665190106,0.00380088547170539,0.0250128013779852,0.143592939316152,-0.078446985887011
"23",0.181389213441646,0.0287946198440146,0.138203702977227,0.00459161458711844,0.0757784911332423,0.197902492862378,0.025521430036715,-0.150221852073013,0.0689938419078659,0.118006772889999,-0.0276186614593713,-0.0517734816657128,0.0356513862581743,-0.0141576887829116,-0.0661366470848162,-0.0545185026171696,-0.00049957230100434,-0.0276556376059662,-0.127925384624751,0.049207410396133,0.0240370808683186,-0.0307864277237537,1,0.14086254825153,0.00912580007499189,0.0697897447005834,-0.173491709822014,0.0453807398028484,-0.0381772030839965,0.1745708346726,-0.0297670286705887,-0.0685382052982774,0.00496882060366616,-0.14910082403366,-0.144348941769838,-0.0100779681517448,-0.0277898163801285,-0.0565590320896491,0.0960400496848159,-0.090162131600705,-0.106138237201801,-0.128350936447923,0.108797841440137,0.0282888289022225,-0.0274675558985157,-0.00677128452584062,0.204567415951127,0.120041035317182,-0.0238391517688106,-0.0197571301386342,-0.0404396933394642,-0.073358561726567,0.0457716053521547,-0.0118113037972272,0.0808043957756154,-0.141806041659005,0.109571518667563,-0.0417214359647274
"24",0.0532285993069688,0.013113875731836,-0.0817770643626466,-0.315885074129307,-0.148243874907048,0.0897468725554782,-0.0112136078610992,-0.0840852566255162,0.0910306101060453,0.0316479620737653,0.0750705543691601,0.0339715797179734,0.0258599897808498,0.0829344535996049,-0.114430971838388,-0.0148692106411383,-0.240501910315009,-0.145964017595533,0.00762479440764116,-0.050597959779401,0.140432072495409,-0.0346824319720062,0.14086254825153,1,-0.127042689062304,0.118589758149079,-0.111580265154191,0.0470551573670208,0.0767601188897809,0.0393557153090313,-0.00055761899793778,-0.182693388177112,0.00106078184497774,0.13030966724094,-0.0589980077253847,-0.097318556611957,0.019403528384855,0.0569088383461318,-0.0168996354638839,-0.0233367946585454,0.0186388011668558,0.112029836973218,0.0229581278917994,-0.00204342273631479,-0.0443767644386775,-0.124129345712724,-0.0437879188878212,0.0154982608251508,-0.0677545351528642,0.0740662916389292,0.194413141444464,0.0725228378050487,-0.0392370662112314,-0.0964174436493196,-0.0686424946528557,0.00111271050970728,-0.0604502134370074,-0.0177280377510982
"25",0.0519689069758371,-0.103919910930605,0.032135579565861,0.0115784996704028,-0.139110355686869,0.0187911399139551,-0.00149689076372346,0.075407691165272,-0.203130795715888,0.026931025801985,-0.11359027653223,0.135725297681398,0.102997830018984,0.169585145469846,0.0190366545755393,-0.0223246490556143,0.0450831771995088,-0.121291444033517,-0.124546647590639,0.0398307707223737,-0.096024714981096,0.122046520476087,0.00912580007499189,-0.127042689062304,1,0.0666343516826228,-0.134456126534961,0.0519438591819152,0.0170728606891252,0.058677154585522,-0.0725895572496975,-0.120187063680115,-0.0340718213766391,0.0229611813682845,0.097342035284244,0.0178496132832878,0.19691399769325,0.0346649522672682,0.038388163768989,0.158687978531425,0.130060179515696,0.194716758538748,-0.0896627684954728,-0.00983849981835846,0.061582844255146,0.0316144673623174,0.167044778713985,0.152555876249021,0.0901439060651356,0.182810776655756,0.0843503011713668,-0.0118658182296538,-0.0803286978475058,0.156312580586447,0.00851199988428238,0.047704603827385,0.1169323327781,-0.0247932964884286
"26",0.0169939768999888,0.00849113972184987,0.0774146928838151,-0.017060425756169,-0.18601707622837,0.110553608728796,-0.148920872969307,-0.163066149955189,-0.173816590370409,0.0810219012752164,0.192607712529984,0.0016550196524797,-0.0014159050712208,0.209414134111437,0.0453302584775645,-0.0328957402145425,0.148883344874568,0.0851628953411028,-0.181926516117028,-0.051022727016889,-0.190184033214773,-0.00996357885244629,0.0697897447005834,0.118589758149079,0.0666343516826228,1,-0.0950505108986048,0.0665221738126106,-0.00891643210749628,-0.0018706044761758,0.0721628534873377,-0.0394049230778828,0.149617374455155,0.134256469901314,-0.0420022608180218,-0.0893814940688711,-0.143135638242612,-0.0829211666438265,-0.0910821049433479,-0.108813518988607,-0.0321176022031718,-0.00203429045740235,-0.0888706927612703,-0.00452110010372053,-0.0512505784507904,0.0352605031086773,-0.0450835152894631,0.00307009283855833,-0.0715537094057834,0.16127008934217,0.115731114992828,-0.082849658283261,0.0309912525987766,0.0847624845468826,-0.0109161259469575,0.0462426179351583,0.0127946983177938,0.0315944103345097
"27",0.0199122981200668,0.167295562837225,-0.109640938776306,-0.116055561769979,-0.0111154337559296,-0.0529613759445554,-0.161316070901399,-0.0932993028264877,0.158340051986044,0.0253499167076001,0.0529542654801336,-0.0223119544220939,-0.121370028471945,0.0108209469442371,0.0889148712289549,-0.144491446630987,0.0190952854283319,-0.0943131069825642,0.0608061192236617,-0.0425974909950739,-0.120144579979875,-0.0507307052542549,-0.173491709822014,-0.111580265154191,-0.134456126534961,-0.0950505108986048,1,0.00450426610792418,0.216015589484589,0.0181876516567088,0.03175203866324,0.12096526167364,0.0335364429333597,0.0328823725145641,-0.219041323417873,-0.14539891164033,-0.117878835376507,-0.0573954292475,-0.00430739035030623,0.0199539440139091,0.0953388391353132,-0.0444145880774375,0.181047114625123,-0.00321397207558819,0.00689996922687689,-0.063321981688748,-0.0958651162778873,-0.127763513712352,0.107062087239492,-0.00550299672230146,-0.00471301307611549,-0.134564664565629,-0.104617446072865,-0.024213425001024,-0.0425062872923505,0.0830121939434898,-0.0699160283069561,-0.0115227329428042
"28",-0.177036128629485,-0.0748609529135094,-0.0252108023675826,-0.0519915215229919,-0.1127053493091,-0.0352726521029582,0.0460032191903023,0.111730546819013,-0.0694354511113717,-0.0385641622305149,0.0672800774455481,0.0336614017075663,-0.00958580369646423,-0.0427112549876762,-0.0231408739399015,0.0309517026162703,-0.0221372047838545,-0.0713292041382671,0.0427050121801279,0.127583175703633,-0.0230119178394746,0.0492796479171344,0.0453807398028484,0.0470551573670208,0.0519438591819152,0.0665221738126106,0.00450426610792418,1,0.0807770639056748,0.0287580903387444,0.243853863840346,-0.130965893127687,0.183065430203198,0.114054697276523,-0.037319522865798,0.00095257976095526,-0.0118427232022107,0.0721212771075664,0.0137886327083376,0.0277325461648773,0.109148227704355,0.0223249119683981,-0.0453486037963562,0.0911978484430002,-0.103381594753403,-0.0725141746581674,0.174599138237494,-0.0322528080329041,-0.0766695668624102,-0.0262991675813612,-0.0500312573042503,0.0239344362287135,-0.10768933286796,0.132758035070881,0.0905520197074229,-0.0494614777100416,0.16157403327482,0.0290443721883572
"29",0.192268197718231,0.125918843522763,-0.067985276369809,-0.161269650311669,-0.0556516818964662,0.0719077111601946,-0.108270974688528,0.0102162868340059,0.135331418674202,0.127968613001868,0.056113694996694,0.134540877235105,-0.0750878994276849,-0.027385535193071,0.0154351071591369,-0.116963145854708,-0.189865063258796,-0.146688912447801,0.0179680280987501,0.0844238899757818,0.231342724312278,0.18113367149214,-0.0381772030839965,0.0767601188897809,0.0170728606891252,-0.00891643210749628,0.216015589484589,0.0807770639056748,1,0.128697401352833,0.0993733648947054,0.0159537098759065,0.054218954964103,0.164553623326582,0.168068244366027,-0.0997357851056812,0.155671666752257,0.0372538183243918,0.146171990576253,0.0866788321124585,0.0406314129506441,0.015531642696743,0.0956989899509771,0.155306425751813,-0.067308573034842,0.026088762633967,0.0717504794157823,0.0748193093031247,-0.0778607800844493,0.0301190589087204,0.134846742287569,0.0880392911759309,0.026322111073679,-0.0611032291153601,0.00123480574095212,-0.0991742579610742,-0.0765964550270285,0.0107968582066533
"30",0.0334525934918082,0.040443204828694,0.0833711317392052,0.014469293373608,-0.104364451876125,0.00923345515428523,-0.0221257639726066,-0.100171572698149,-0.0074037062700311,0.0856838362955013,-0.0722338178408208,-0.0232759682613895,0.0681846644057189,-0.00946310839762082,0.0213981703230669,-0.038242536996979,-0.0234231911907605,-0.0764444980023624,-0.0238783287039283,0.0819560342183618,0.0127542947606366,-0.00343743649843906,0.1745708346726,0.0393557153090313,0.058677154585522,-0.0018706044761758,0.0181876516567088,0.0287580903387444,0.128697401352833,1,0.219376781408596,0.0501121859046996,0.138384635766703,-0.00245675923258696,0.172595845033602,-0.190702615783253,0.0582718677455951,-0.0562781491405486,0.110292669835212,0.181992609903211,0.025507110852539,-0.18343366374755,0.140256247594329,-0.0121343502289778,-0.0423512315913767,-0.129557721392524,-0.0855333986597856,-0.104289806134524,0.00677553832846367,-0.0707046064410659,0.24777466322367,0.162060908226645,-0.0158931453165538,0.185654234101314,-0.135865427767913,0.12230077444324,0.0583159877372307,-0.119383323826231
"31",-0.0733431941909496,0.103344063864634,0.203858901418045,0.175090909444416,-0.0998117375109726,-0.0646795470746642,-0.108648303244386,-0.125965715352892,-0.0883654393395709,0.0334264602371869,0.167831810451963,0.115082415128373,-0.110825267770707,-0.155556081064485,-0.0240337552818524,-0.15584299924905,0.0254364621762679,-0.171468835885991,0.16872255831934,0.0726799515322681,0.0606442843152872,-0.00133208689983012,-0.0297670286705887,-0.00055761899793778,-0.0725895572496975,0.0721628534873377,0.03175203866324,0.243853863840346,0.0993733648947054,0.219376781408596,1,-0.0517898177267455,0.147600462233101,-0.0688436265868535,0.0526087063447525,-0.0765631666729263,-0.0416412281856479,0.0795691669911499,-0.0726024749047467,-0.111620265667894,-0.0418490387779567,-0.105468113129242,-0.0572231416520245,0.125247272989726,-0.106257105115074,-0.102187151571985,0.0284595491488792,-0.140027657449981,-0.22815601623462,-0.0787304315503744,-0.035807386063511,0.0425769807627253,0.059975237228264,0.129088535331693,-0.0434311392534077,0.0972939946788953,-0.107132600398815,0.0851392206214465
"32",0.025130364776506,0.170134452692256,0.209155126225949,-0.111429901818711,-0.0633284556333261,0.136935349507798,-0.0222146243698748,0.14568341783724,0.0296798023064023,-0.00509744834532702,0.0525808536565581,0.0258035154727588,0.0264558528896525,-0.00328705895181197,0.0884267152502084,0.201327928673129,-0.15100958595392,0.110293294089464,-0.0205309840837369,0.100805673378195,-0.11758874558999,0.119614946276,-0.0685382052982774,-0.182693388177112,-0.120187063680115,-0.0394049230778828,0.12096526167364,-0.130965893127687,0.0159537098759065,0.0501121859046996,-0.0517898177267455,1,-0.117775739383588,0.0692134998415819,0.0517924468681965,-0.0474560046299893,-0.0611027420694857,-0.0643118073650652,-0.0636982638332297,-0.0341638842539207,-0.0113603443757832,0.0605436125632303,0.0890253026664883,0.10056786795463,0.105704534992849,-0.0221628482592303,-0.0213038680715066,-0.0213739340462087,-0.0378906341409147,-0.0289146027932696,0.0643465571526153,0.00608675195404373,-0.0201976551680771,0.102296650749734,0.156805088076285,-0.0798172125417496,0.0558821278915542,-0.116052157216545
"33",0.0272677895708142,0.251728048963286,0.0948952175018528,0.141532460135682,-0.0504016137244867,0.0550337361470138,0.0952064737148482,0.0959503280334176,0.0168706133741384,0.0863820169415931,0.118547234126425,0.0351836620048317,-0.128820426480014,-0.103370541836154,0.125239002589399,-0.0750905771491991,-0.00576492927464349,-0.0638424410400593,-0.115623405116006,0.0976524685424839,0.0445486647939166,0.0747315048191147,0.00496882060366616,0.00106078184497774,-0.0340718213766391,0.149617374455155,0.0335364429333597,0.183065430203198,0.054218954964103,0.138384635766703,0.147600462233101,-0.117775739383588,1,0.0867291093776414,-0.127486093562499,-0.00238463073299323,-0.275308072856837,0.0532075332869197,0.151203251314824,0.00168926181721819,-0.0703679687691738,-0.114496311589207,0.0486033583627249,0.0818199375334767,-0.030866565976695,-0.0854340129518352,-0.0783753408592461,-0.058893645042643,0.0173772033015206,-0.0132471485272194,0.203754353461458,0.173948559890446,0.197604409537141,0.126324086012786,0.154692242366713,0.275493435770374,0.235403874079479,0.0531170576195686
"34",0.0354704025541308,0.0773756357388288,-0.163853083366889,-0.14966387521631,0.0589586979784577,-0.149760707066089,0.0275077844656449,0.0241152046515481,-0.0185956282103133,-0.0345381951744865,0.278541582331399,0.195251406018107,0.0493297426368955,0.0577337373750044,0.143261546484974,0.172645185236066,-0.0279000824704258,0.0952718590591041,-0.164754873419621,-0.0666230166109574,-0.0334702237870578,0.0878841274885198,-0.14910082403366,0.13030966724094,0.0229611813682845,0.134256469901314,0.0328823725145641,0.114054697276523,0.164553623326582,-0.00245675923258696,-0.0688436265868535,0.0692134998415819,0.0867291093776414,1,0.0593724189135294,0.00762976784568934,0.0282319112314828,0.105523980937691,0.156235230617612,0.233568326952437,0.1278953267259,0.180336283337719,0.00811953383845927,-0.0441793238053104,-0.180278970222948,-0.305192221593993,0.011196984997652,0.18228132626143,0.00755522670287335,0.130240450477495,0.215637349044891,0.128903330879514,-0.0470639133724726,0.121128796662267,-0.0230730109417134,0.21945331843991,0.0478916383083798,-0.00225835169473935
"35",0.0449054865582126,0.0330648240448872,-0.077598179332241,0.0636102820314903,-0.0483138628502037,-0.0436161970346342,0.240771807526263,0.110948869907429,-0.0552494700266079,0.152811482628281,-0.192883710082512,0.155694933982315,0.0662030470636137,0.147114108731053,-0.0600196080703861,-0.111475727197519,-0.0713353940706102,-0.0523250229197669,-0.0398462344186018,-0.219706530660955,0.259032726408902,0.0236748212465233,-0.144348941769838,-0.0589980077253847,0.097342035284244,-0.0420022608180218,-0.219041323417873,-0.037319522865798,0.168068244366027,0.172595845033602,0.0526087063447525,0.0517924468681965,-0.127486093562499,0.0593724189135294,1,0.347205439731254,0.479285446400461,0.147026458041401,-0.0480944763894734,-0.0419705207102784,0.195361321473525,-0.0655926758403946,-0.025310949852366,0.0561446158376196,0.24145100809694,0.122549560187174,0.0370690108690348,0.12691854007968,-0.0317863209666013,0.126447633140639,-0.143233811490117,-0.0275748895328326,0.00638838052716961,-0.0405119493131732,-0.0799878770730548,-0.149262157484458,-0.00504123241718612,0.00822764954023896
